# itime ezz other fcc hcp bcc ico
0.000000000000000000e+00 0.000000000000000000e+00 7.965407373691396923e-04 9.992034592626308775e-01 0.000000000000000000e+00 0.000000000000000000e+00 0.000000000000000000e+00
3.000000000000000000e+00 1.200014311140806811e-03 1.137915339098771066e-04 9.998862084660901095e-01 0.000000000000000000e+00 0.000000000000000000e+00 0.000000000000000000e+00
6.000000000000000000e+00 2.400028622281613622e-03 0.000000000000000000e+00 1.000000000000000000e+00 0.000000000000000000e+00 0.000000000000000000e+00 0.000000000000000000e+00
9.000000000000000000e+00 3.600042933422420433e-03 4.551661356395084266e-04 9.995448338643604380e-01 0.000000000000000000e+00 0.000000000000000000e+00 0.000000000000000000e+00
1.200000000000000000e+01 4.800057244563227243e-03 1.024123805188893906e-03 9.989758761948110966e-01 0.000000000000000000e+00 0.000000000000000000e+00 0.000000000000000000e+00
1.500000000000000000e+01 6.000071555704034054e-03 9.103322712790168532e-04 9.990896677287209870e-01 0.000000000000000000e+00 0.000000000000000000e+00 0.000000000000000000e+00
1.800000000000000000e+01 7.200085866844618820e-03 9.103322712790168532e-04 9.990896677287209870e-01 0.000000000000000000e+00 0.000000000000000000e+00 0.000000000000000000e+00
2.100000000000000000e+01 8.400100177985425631e-03 1.479289940828402332e-03 9.984069185252617551e-01 0.000000000000000000e+00 1.137915339098771066e-04 0.000000000000000000e+00
2.400000000000000000e+01 9.600114489126232442e-03 1.593081474738279385e-03 9.984069185252617551e-01 0.000000000000000000e+00 0.000000000000000000e+00 0.000000000000000000e+00
2.700000000000000000e+01 1.080012880026703925e-02 9.103322712790168532e-04 9.990896677287209870e-01 0.000000000000000000e+00 0.000000000000000000e+00 0.000000000000000000e+00
3.000000000000000000e+01 1.200014311140784606e-02 1.137915339098770958e-03 9.988620846609012061e-01 0.000000000000000000e+00 0.000000000000000000e+00 0.000000000000000000e+00
3.300000000000000000e+01 1.320015742254865287e-02 6.827492034592626399e-04 9.993172507965407680e-01 0.000000000000000000e+00 0.000000000000000000e+00 0.000000000000000000e+00
3.600000000000000000e+01 1.440017173368945969e-02 7.965407373691396923e-04 9.992034592626308775e-01 0.000000000000000000e+00 0.000000000000000000e+00 0.000000000000000000e+00
3.900000000000000000e+01 1.560018604483026650e-02 3.413746017296313199e-04 9.996586253982703285e-01 0.000000000000000000e+00 0.000000000000000000e+00 0.000000000000000000e+00
4.200000000000000000e+01 1.680020035597107331e-02 4.551661356395084266e-04 9.995448338643604380e-01 0.000000000000000000e+00 0.000000000000000000e+00 0.000000000000000000e+00
4.500000000000000000e+01 1.800021466711188012e-02 5.689576695493854790e-04 9.994310423304506585e-01 0.000000000000000000e+00 0.000000000000000000e+00 0.000000000000000000e+00
4.800000000000000000e+01 1.920022897825268693e-02 1.365498406918525280e-03 9.986345015930814251e-01 0.000000000000000000e+00 0.000000000000000000e+00 0.000000000000000000e+00
5.100000000000000000e+01 2.040024328939349374e-02 1.024123805188893906e-03 9.989758761948110966e-01 0.000000000000000000e+00 0.000000000000000000e+00 0.000000000000000000e+00
5.400000000000000000e+01 2.160025760053407851e-02 9.103322712790168532e-04 9.990896677287209870e-01 0.000000000000000000e+00 0.000000000000000000e+00 0.000000000000000000e+00
5.700000000000000000e+01 2.280027191167488532e-02 2.389622212107419402e-03 9.976103777878926326e-01 0.000000000000000000e+00 0.000000000000000000e+00 0.000000000000000000e+00
6.000000000000000000e+01 2.400028622281569213e-02 3.755120619025944465e-03 9.962448793809740577e-01 0.000000000000000000e+00 0.000000000000000000e+00 0.000000000000000000e+00
6.300000000000000000e+01 2.520030053395649894e-02 2.958579881656804664e-03 9.970414201183431802e-01 0.000000000000000000e+00 0.000000000000000000e+00 0.000000000000000000e+00
6.600000000000000000e+01 2.640031484509730575e-02 1.706873008648156654e-03 9.982931269913518646e-01 0.000000000000000000e+00 0.000000000000000000e+00 0.000000000000000000e+00
6.900000000000000000e+01 2.760032915623811256e-02 2.048247610377787811e-03 9.979517523896221931e-01 0.000000000000000000e+00 0.000000000000000000e+00 0.000000000000000000e+00
7.200000000000000000e+01 2.880034346737891937e-02 2.275830678197541916e-03 9.977241693218024121e-01 0.000000000000000000e+00 0.000000000000000000e+00 0.000000000000000000e+00
7.500000000000000000e+01 3.000035777851972618e-02 2.844788347746927612e-03 9.971552116522530707e-01 0.000000000000000000e+00 0.000000000000000000e+00 0.000000000000000000e+00
7.800000000000000000e+01 3.120037208966053299e-02 2.162039144287664864e-03 9.976103777878926326e-01 0.000000000000000000e+00 2.275830678197542133e-04 0.000000000000000000e+00
8.100000000000000000e+01 3.240038640080133980e-02 1.934456076467910759e-03 9.979517523896221931e-01 0.000000000000000000e+00 1.137915339098771066e-04 0.000000000000000000e+00
8.400000000000000000e+01 3.360040071194214661e-02 1.820664542558033706e-03 9.979517523896221931e-01 0.000000000000000000e+00 2.275830678197542133e-04 0.000000000000000000e+00
8.700000000000000000e+01 3.480041502308295343e-02 1.251706873008648227e-03 9.985207100591716456e-01 0.000000000000000000e+00 2.275830678197542133e-04 0.000000000000000000e+00
9.000000000000000000e+01 3.600042933422353819e-02 2.617205279927173507e-03 9.972690031861629611e-01 0.000000000000000000e+00 1.137915339098771066e-04 0.000000000000000000e+00
9.300000000000000000e+01 3.720044364536434500e-02 4.665452890304961318e-03 9.952207555757851543e-01 0.000000000000000000e+00 1.137915339098771066e-04 0.000000000000000000e+00
9.600000000000000000e+01 3.840045795650515181e-02 5.803368229403732710e-03 9.941966317705962508e-01 0.000000000000000000e+00 0.000000000000000000e+00 0.000000000000000000e+00
9.900000000000000000e+01 3.960047226764595862e-02 5.461993627674101119e-03 9.945380063723259223e-01 0.000000000000000000e+00 0.000000000000000000e+00 0.000000000000000000e+00
1.020000000000000000e+02 4.080048657878676543e-02 4.779244424214838804e-03 9.952207555757851543e-01 0.000000000000000000e+00 0.000000000000000000e+00 0.000000000000000000e+00
1.050000000000000000e+02 4.200050088992757225e-02 6.827492034592626616e-03 9.930587164314974569e-01 0.000000000000000000e+00 1.137915339098771066e-04 0.000000000000000000e+00
1.080000000000000000e+02 4.320051520106837906e-02 6.599908966772872511e-03 9.932862994993172379e-01 0.000000000000000000e+00 1.137915339098771066e-04 0.000000000000000000e+00
1.110000000000000000e+02 4.440052951220918587e-02 8.989531178880291046e-03 9.910104688211197610e-01 0.000000000000000000e+00 0.000000000000000000e+00 0.000000000000000000e+00
1.140000000000000000e+02 4.560054382334999268e-02 9.672280382339554228e-03 9.903277196176604180e-01 0.000000000000000000e+00 0.000000000000000000e+00 0.000000000000000000e+00
1.170000000000000000e+02 4.680055813449079949e-02 1.035502958579881741e-02 9.895311788802912956e-01 0.000000000000000000e+00 1.137915339098771066e-04 0.000000000000000000e+00
1.200000000000000000e+02 4.800057244563160630e-02 1.251706873008648184e-02 9.872553482020938187e-01 0.000000000000000000e+00 2.275830678197542133e-04 0.000000000000000000e+00
1.230000000000000000e+02 4.920058675677219107e-02 1.194811106053709528e-02 9.874829312699134887e-01 0.000000000000000000e+00 5.689576695493854790e-04 0.000000000000000000e+00
1.260000000000000000e+02 5.040060106791299788e-02 1.263086026399635846e-02 9.868001820664542567e-01 0.000000000000000000e+00 5.689576695493854790e-04 0.000000000000000000e+00
1.290000000000000000e+02 5.160061537905380469e-02 1.240327719617660522e-02 9.872553482020938187e-01 0.000000000000000000e+00 3.413746017296313199e-04 0.000000000000000000e+00
1.320000000000000000e+02 5.280062969019461150e-02 1.137915339098771045e-02 9.883932635411925016e-01 0.000000000000000000e+00 2.275830678197542133e-04 0.000000000000000000e+00
1.350000000000000000e+02 5.400064400133541831e-02 1.240327719617660522e-02 9.873691397360035982e-01 0.000000000000000000e+00 2.275830678197542133e-04 0.000000000000000000e+00
1.380000000000000000e+02 5.520065831247622512e-02 1.263086026399635846e-02 9.871415566681839282e-01 0.000000000000000000e+00 2.275830678197542133e-04 0.000000000000000000e+00
1.410000000000000000e+02 5.640067262361703193e-02 1.263086026399635846e-02 9.871415566681839282e-01 0.000000000000000000e+00 2.275830678197542133e-04 0.000000000000000000e+00
1.440000000000000000e+02 5.760068693475783874e-02 1.308602639963586667e-02 9.861174328629950248e-01 0.000000000000000000e+00 7.965407373691396923e-04 0.000000000000000000e+00
1.470000000000000000e+02 5.880070124589864555e-02 1.411015020482476144e-02 9.856622667273554628e-01 0.000000000000000000e+00 2.275830678197542133e-04 0.000000000000000000e+00
1.500000000000000000e+02 6.000071555703945236e-02 1.479289940828402289e-02 9.847519344560764498e-01 0.000000000000000000e+00 4.551661356395084266e-04 0.000000000000000000e+00
1.530000000000000000e+02 6.120072986818025917e-02 1.729631315430131891e-02 9.823623122439690825e-01 0.000000000000000000e+00 3.413746017296313199e-04 0.000000000000000000e+00
1.560000000000000000e+02 6.240074417932106599e-02 1.900318616294947513e-02 9.805416477014110566e-01 0.000000000000000000e+00 4.551661356395084266e-04 0.000000000000000000e+00
1.590000000000000000e+02 6.360075849046165075e-02 2.207555757851615771e-02 9.773554847519344557e-01 0.000000000000000000e+00 5.689576695493854790e-04 0.000000000000000000e+00
1.620000000000000000e+02 6.480077280160245756e-02 2.446517979062357712e-02 9.747382794720073074e-01 0.000000000000000000e+00 7.965407373691396923e-04 0.000000000000000000e+00
1.650000000000000000e+02 6.600078711274326437e-02 2.514792899408284030e-02 9.737141556668184039e-01 0.000000000000000000e+00 1.137915339098770958e-03 0.000000000000000000e+00
1.680000000000000000e+02 6.720080142388407118e-02 2.787892580791988956e-02 9.708693673190714746e-01 0.000000000000000000e+00 1.251706873008648227e-03 0.000000000000000000e+00
1.710000000000000000e+02 6.840081573502487799e-02 2.822030040964952288e-02 9.700728265817023521e-01 0.000000000000000000e+00 1.706873008648156654e-03 0.000000000000000000e+00
1.740000000000000000e+02 6.960083004616568481e-02 3.197542102867546865e-02 9.660901228948566288e-01 0.000000000000000000e+00 1.934456076467910759e-03 0.000000000000000000e+00
1.770000000000000000e+02 7.080084435730649162e-02 3.379608557123350149e-02 9.644970414201183839e-01 0.000000000000000000e+00 1.706873008648156654e-03 0.000000000000000000e+00
1.800000000000000000e+02 7.200085866844729843e-02 3.186162949476559203e-02 9.662039144287665193e-01 0.000000000000000000e+00 1.934456076467910759e-03 0.000000000000000000e+00
1.830000000000000000e+02 7.320087297958810524e-02 3.777878925807919702e-02 9.602867546654528796e-01 0.000000000000000000e+00 1.934456076467910759e-03 0.000000000000000000e+00
1.860000000000000000e+02 7.440088729072891205e-02 3.891670459717797015e-02 9.589212562585344157e-01 0.000000000000000000e+00 2.162039144287664864e-03 0.000000000000000000e+00
1.890000000000000000e+02 7.560090160186971886e-02 4.585798816568047165e-02 9.522075557578516536e-01 0.000000000000000000e+00 1.934456076467910759e-03 0.000000000000000000e+00
1.920000000000000000e+02 7.680091591301030363e-02 4.790623577605826466e-02 9.507282658170231882e-01 0.000000000000000000e+00 1.365498406918525280e-03 0.000000000000000000e+00
1.950000000000000000e+02 7.800093022415111044e-02 4.972690031861629750e-02 9.487938097405552718e-01 0.000000000000000000e+00 1.479289940828402332e-03 0.000000000000000000e+00
1.980000000000000000e+02 7.920094453529191725e-02 4.927173418297678409e-02 9.482248520710059303e-01 0.000000000000000000e+00 2.503413746017296455e-03 0.000000000000000000e+00
2.010000000000000000e+02 8.040095884643272406e-02 5.723714155666818210e-02 9.404870277651342647e-01 0.000000000000000000e+00 2.275830678197541916e-03 0.000000000000000000e+00
2.040000000000000000e+02 8.160097315757353087e-02 6.554392353208920996e-02 9.319526627218934767e-01 0.000000000000000000e+00 2.503413746017296455e-03 0.000000000000000000e+00
2.070000000000000000e+02 8.280098746871433768e-02 7.157487482931269851e-02 9.254665452890304955e-01 0.000000000000000000e+00 2.958579881656804664e-03 0.000000000000000000e+00
2.100000000000000000e+02 8.400100177985514449e-02 7.407828857532999800e-02 9.228493400091033472e-01 0.000000000000000000e+00 3.072371415566681717e-03 0.000000000000000000e+00
2.130000000000000000e+02 8.520101609099595130e-02 8.136094674556212936e-02 9.147701411015020101e-01 0.000000000000000000e+00 3.868912152935821518e-03 0.000000000000000000e+00
2.160000000000000000e+02 8.640103040213675811e-02 8.978152025489304078e-02 9.063495675921711126e-01 0.000000000000000000e+00 3.868912152935821518e-03 0.000000000000000000e+00
2.190000000000000000e+02 8.760104471327756492e-02 9.604005461993628257e-02 9.003186162949476934e-01 0.000000000000000000e+00 3.641329085116067413e-03 0.000000000000000000e+00
2.220000000000000000e+02 8.880105902441837173e-02 9.763313609467455523e-02 8.978152025489303245e-01 0.000000000000000000e+00 4.551661356395083832e-03 0.000000000000000000e+00
2.250000000000000000e+02 9.000107333555917855e-02 1.038916704597177970e-01 8.920118343195265753e-01 0.000000000000000000e+00 4.096495220755575623e-03 0.000000000000000000e+00
2.280000000000000000e+02 9.120108764669976331e-02 1.106053709604005453e-01 8.843878015475649113e-01 0.000000000000000000e+00 5.006827492034592909e-03 0.000000000000000000e+00
2.310000000000000000e+02 9.240110195784057012e-02 1.169776968593536637e-01 8.767637687756031362e-01 0.000000000000000000e+00 6.258534365043240920e-03 0.000000000000000000e+00
2.340000000000000000e+02 9.360111626898137693e-02 1.265361857077833274e-01 8.658397815202548697e-01 0.000000000000000000e+00 7.624032771961766417e-03 0.000000000000000000e+00
2.370000000000000000e+02 9.480113058012218374e-02 1.313154301319981732e-01 8.608329540282203540e-01 0.000000000000000000e+00 7.851615839781519654e-03 0.000000000000000000e+00
2.400000000000000000e+02 9.600114489126299055e-02 1.385980883022303045e-01 8.530951297223486884e-01 0.000000000000000000e+00 8.306781975421027864e-03 0.000000000000000000e+00
2.430000000000000000e+02 9.720115920240379737e-02 1.432635411925352875e-01 8.485434683659536237e-01 0.000000000000000000e+00 8.192990441511151245e-03 0.000000000000000000e+00
2.460000000000000000e+02 9.840117351354460418e-02 1.474738279472007363e-01 8.434228493400091065e-01 0.000000000000000000e+00 9.103322712790167665e-03 0.000000000000000000e+00
2.490000000000000000e+02 9.960118782468541099e-02 1.539599453800637174e-01 8.348884842967683184e-01 0.000000000000000000e+00 1.115157032316795548e-02 0.000000000000000000e+00
2.520000000000000000e+02 1.008012021358262178e-01 1.646563495675921751e-01 8.239644970414201630e-01 0.000000000000000000e+00 1.137915339098771045e-02 0.000000000000000000e+00
2.550000000000000000e+02 1.020012164469670246e-01 1.738734638142922229e-01 8.144060081929904715e-01 0.000000000000000000e+00 1.172052799271734204e-02 0.000000000000000000e+00
2.580000000000000000e+02 1.032012307581078314e-01 1.771734182976786587e-01 8.111060537096039802e-01 0.000000000000000000e+00 1.172052799271734204e-02 0.000000000000000000e+00
2.610000000000000000e+02 1.044012450692486382e-01 1.845698680018206528e-01 8.025716886663631922e-01 0.000000000000000000e+00 1.285844333181611343e-02 0.000000000000000000e+00
2.640000000000000000e+02 1.056012593803892230e-01 2.006144742831133254e-01 7.869822485207100815e-01 0.000000000000000000e+00 1.240327719617660522e-02 0.000000000000000000e+00
2.670000000000000000e+02 1.068012736915300298e-01 2.143832498862084657e-01 7.707100591715976279e-01 0.000000000000000000e+00 1.490669094219390124e-02 0.000000000000000000e+00
2.700000000000000000e+02 1.080012880026708366e-01 2.316795630405097950e-01 7.532999544833864913e-01 0.000000000000000000e+00 1.502048247610377786e-02 0.000000000000000000e+00
2.730000000000000000e+02 1.092013023138116434e-01 2.344105598543468338e-01 7.493172507965407680e-01 0.000000000000000000e+00 1.627218934911242587e-02 0.000000000000000000e+00
2.760000000000000000e+02 1.104013166249524502e-01 2.510241238051889034e-01 7.308830223031406170e-01 0.000000000000000000e+00 1.809285389167045871e-02 0.000000000000000000e+00
2.790000000000000000e+02 1.116013309360932571e-01 2.617205279927173334e-01 7.189349112426035582e-01 0.000000000000000000e+00 1.934456076467910846e-02 0.000000000000000000e+00
2.820000000000000000e+02 1.128013452472340639e-01 2.724169321802457633e-01 7.068730086481566088e-01 0.000000000000000000e+00 2.071005917159763482e-02 0.000000000000000000e+00
2.850000000000000000e+02 1.140013595583748707e-01 2.782203004096495125e-01 6.972007282658170269e-01 1.137915339098771066e-04 2.446517979062357712e-02 0.000000000000000000e+00
2.880000000000000000e+02 1.152013738695156775e-01 2.967683204369594985e-01 6.771734182976786309e-01 2.275830678197542133e-04 2.583067819754210348e-02 0.000000000000000000e+00
2.910000000000000000e+02 1.164013881806564843e-01 3.037096040054619861e-01 6.693218024578971859e-01 2.275830678197542133e-04 2.674101046882111990e-02 0.000000000000000000e+00
2.940000000000000000e+02 1.176014024917972911e-01 3.182749203459262488e-01 6.528220300409649512e-01 2.275830678197542133e-04 2.867546654528902936e-02 0.000000000000000000e+00
2.970000000000000000e+02 1.188014168029378759e-01 3.363677742375967283e-01 6.345015930814746907e-01 2.275830678197542133e-04 2.890304961310878606e-02 0.000000000000000000e+00
3.000000000000000000e+02 1.200014311140786827e-01 3.537778789258079204e-01 6.145880746472462963e-01 1.137915339098771066e-04 3.152025489303595523e-02 0.000000000000000000e+00
3.030000000000000000e+02 1.212014454252194895e-01 3.697086936731907025e-01 5.972917614929449392e-01 2.275830678197542133e-04 3.277196176604460498e-02 0.000000000000000000e+00
3.060000000000000000e+02 1.224014597363602963e-01 3.819981793354574329e-01 5.819299044151114986e-01 2.275830678197542133e-04 3.584433318161128756e-02 0.000000000000000000e+00
3.090000000000000000e+02 1.236014740475011031e-01 4.007737824305871444e-01 5.601957214383249672e-01 1.137915339098771066e-04 3.891670459717797015e-02 0.000000000000000000e+00
3.120000000000000000e+02 1.248014883586419099e-01 4.164770141101502010e-01 5.413063268092853653e-01 3.413746017296313199e-04 4.187528447883477611e-02 0.000000000000000000e+00
3.150000000000000000e+02 1.260015026697827167e-01 4.346836595357305155e-01 5.224169321802457633e-01 4.551661356395084266e-04 4.244424214838415921e-02 0.000000000000000000e+00
3.180000000000000000e+02 1.272015169809235235e-01 4.489076012744651623e-01 5.035275375512061613e-01 3.413746017296313199e-04 4.722348657259899801e-02 0.000000000000000000e+00
3.210000000000000000e+02 1.284015312920643304e-01 4.609695038689121671e-01 4.883932635411925571e-01 2.275830678197542133e-04 5.040964952207555722e-02 0.000000000000000000e+00
3.240000000000000000e+02 1.296015456032051372e-01 4.667728720983158608e-01 4.779244424214838527e-01 4.551661356395084266e-04 5.484751934456076616e-02 0.000000000000000000e+00
3.270000000000000000e+02 1.308015599143459440e-01 4.845243513882567243e-01 4.588074647246244697e-01 6.827492034592626399e-04 5.598543468365953235e-02 0.000000000000000000e+00
3.300000000000000000e+02 1.320015742254867508e-01 5.051206190259445172e-01 4.324078288575329831e-01 1.137915339098770958e-03 6.133363677742376119e-02 0.000000000000000000e+00
3.330000000000000000e+02 1.332015885366273356e-01 5.256030951297223641e-01 4.097633136094674389e-01 1.137915339098770958e-03 6.349567592171143082e-02 0.000000000000000000e+00
3.360000000000000000e+02 1.344016028477681424e-01 5.370960400546199720e-01 3.900773782430587144e-01 1.251706873008648227e-03 7.157487482931269851e-02 0.000000000000000000e+00
3.390000000000000000e+02 1.356016171589089492e-01 5.524578971324533017e-01 3.710741920801092220e-01 1.479289940828402332e-03 7.498862084660901095e-02 0.000000000000000000e+00
3.420000000000000000e+02 1.368016314700497560e-01 5.673645880746472914e-01 3.501365498406918686e-01 1.365498406918525280e-03 8.113336367774237612e-02 0.000000000000000000e+00
3.450000000000000000e+02 1.380016457811905628e-01 5.797678652708238012e-01 3.337505689576695245e-01 2.048247610377787811e-03 8.443331816112881194e-02 0.000000000000000000e+00
3.480000000000000000e+02 1.392016600923313696e-01 5.954710969503869133e-01 3.150887573964497035e-01 2.048247610377787811e-03 8.739189804278561791e-02 0.000000000000000000e+00
3.510000000000000000e+02 1.404016744034721764e-01 6.046882111970869333e-01 2.975648611743286209e-01 2.730996813837050560e-03 9.501593081474737912e-02 0.000000000000000000e+00
3.540000000000000000e+02 1.416016887146129832e-01 6.132225762403277214e-01 2.840236686390532617e-01 3.527537551206190360e-03 9.922621756941284177e-02 0.000000000000000000e+00
3.570000000000000000e+02 1.428017030257537900e-01 6.203914428766499345e-01 2.715065999089667503e-01 3.868912152935821518e-03 1.042330450614474269e-01 0.000000000000000000e+00
3.600000000000000000e+02 1.440017173368945969e-01 6.282430587164314906e-01 2.595584888484296915e-01 3.982703686845699004e-03 1.082157487482931224e-01 0.000000000000000000e+00
3.630000000000000000e+02 1.452017316480354037e-01 6.385980883022303045e-01 2.437414656349567721e-01 5.120619025944469528e-03 1.125398270368684617e-01 0.000000000000000000e+00
3.660000000000000000e+02 1.464017459591759884e-01 6.453117888029130667e-01 2.320209376422394110e-01 6.827492034592626616e-03 1.158397815202548975e-01 0.000000000000000000e+00
3.690000000000000000e+02 1.476017602703167952e-01 6.487255348202093375e-01 2.203004096495220776e-01 8.875739644970414427e-03 1.220983158852981393e-01 0.000000000000000000e+00
3.720000000000000000e+02 1.488017745814576021e-01 6.562357760582612221e-01 2.073281747837960876e-01 1.001365498406918582e-02 1.264223941738734647e-01 0.000000000000000000e+00
3.750000000000000000e+02 1.500017888925984089e-01 6.705735093309057593e-01 1.899180700955848955e-01 1.069640418752844727e-02 1.288120163859808875e-01 0.000000000000000000e+00
3.780000000000000000e+02 1.512018032037392157e-01 6.789940828402366568e-01 1.784251251706872876e-01 1.115157032316795548e-02 1.314292216659080637e-01 0.000000000000000000e+00
3.810000000000000000e+02 1.524018175148800225e-01 6.902594446973144837e-01 1.638598088302230249e-01 1.137915339098771045e-02 1.345015930814747462e-01 0.000000000000000000e+00
3.840000000000000000e+02 1.536018318260208293e-01 6.998179335457441752e-01 1.527082385070550885e-01 1.183431952662721866e-02 1.356395084205735124e-01 0.000000000000000000e+00
3.870000000000000000e+02 1.548018461371616361e-01 7.110832954028220021e-01 1.384842967683204418e-01 1.206190259444697363e-02 1.383705052344105513e-01 0.000000000000000000e+00
3.900000000000000000e+02 1.560018604483024429e-01 7.078971324533455123e-01 1.321119708693673234e-01 1.365498406918525323e-02 1.463359126081019701e-01 0.000000000000000000e+00
3.930000000000000000e+02 1.572018747594432497e-01 7.170004551661356418e-01 1.246017296313154249e-01 1.376877560309512985e-02 1.446290395994538069e-01 0.000000000000000000e+00
3.960000000000000000e+02 1.584018890705840565e-01 7.183659535730542167e-01 1.219845243513882627e-01 1.376877560309512985e-02 1.458807464724624359e-01 0.000000000000000000e+00
3.990000000000000000e+02 1.596019033817248634e-01 7.228038233955393910e-01 1.158397815202548975e-01 1.445152480655439303e-02 1.469048702776513393e-01 0.000000000000000000e+00
4.020000000000000000e+02 1.608019176928654481e-01 7.362312243969049153e-01 1.029813381884387841e-01 1.411015020482476144e-02 1.466772872098315861e-01 0.000000000000000000e+00
4.050000000000000000e+02 1.620019320040062549e-01 7.386208466090122826e-01 9.615384615384615918e-02 1.558944014565316269e-02 1.496358670914884059e-01 0.000000000000000000e+00
4.080000000000000000e+02 1.632019463151470617e-01 7.437414656349567998e-01 8.648156577150660496e-02 1.638598088302230249e-02 1.533909877105143482e-01 0.000000000000000000e+00
4.110000000000000000e+02 1.644019606262878685e-01 7.447655894401457033e-01 7.988165680473373331e-02 1.809285389167045871e-02 1.572598998634501533e-01 0.000000000000000000e+00
4.140000000000000000e+02 1.656019749374286754e-01 7.435138825671370189e-01 7.669549385525717411e-02 1.923076923076923184e-02 1.605598543468365891e-01 0.000000000000000000e+00
4.170000000000000000e+02 1.668019892485694822e-01 7.512517068730086844e-01 7.191624943104232837e-02 1.957214383249886169e-02 1.572598998634501533e-01 0.000000000000000000e+00
4.200000000000000000e+02 1.680020035597102890e-01 7.536413290851160518e-01 6.770596267637687959e-02 2.093764223941738806e-02 1.577150659990896597e-01 0.000000000000000000e+00
4.230000000000000000e+02 1.692020178708510958e-01 7.577378243058716656e-01 6.588529813381883982e-02 2.127901684114701791e-02 1.550978607191624836e-01 0.000000000000000000e+00
4.260000000000000000e+02 1.704020321819919026e-01 7.649066909421938787e-01 6.008192990441511144e-02 2.093764223941738806e-02 1.540737369139736079e-01 0.000000000000000000e+00
4.290000000000000000e+02 1.716020464931327094e-01 7.675238962221210270e-01 5.826126536185707860e-02 2.355484751934456070e-02 1.506599908966772816e-01 0.000000000000000000e+00
4.320000000000000000e+02 1.728020608042735162e-01 7.718479745106964218e-01 5.780609922621757213e-02 2.423759672280382388e-02 1.461083295402822169e-01 0.000000000000000000e+00
4.350000000000000000e+02 1.740020751154143230e-01 7.762858443331815961e-01 5.507510241238051940e-02 2.594446973145198010e-02 1.426945835229858905e-01 0.000000000000000000e+00
4.380000000000000000e+02 1.752020894265549078e-01 7.823167956304051263e-01 5.279927173418298009e-02 2.708238507055074976e-02 1.378015475648611821e-01 0.000000000000000000e+00
4.410000000000000000e+02 1.764021037376957146e-01 7.829995448338643582e-01 5.109239872553481693e-02 2.639963586709149004e-02 1.395084205735093175e-01 0.000000000000000000e+00
4.440000000000000000e+02 1.776021180488365214e-01 7.852753755120619461e-01 5.018206645425580398e-02 2.719617660446062984e-02 1.373463814292216756e-01 0.000000000000000000e+00
4.470000000000000000e+02 1.788021323599773282e-01 7.882339553937186549e-01 4.756486117432862787e-02 2.753755120619025970e-02 1.366636322257624159e-01 0.000000000000000000e+00
4.500000000000000000e+02 1.800021466711181350e-01 7.882339553937186549e-01 4.847519344560764776e-02 2.935821574874829254e-02 1.339326354119253493e-01 0.000000000000000000e+00
4.530000000000000000e+02 1.812021609822589419e-01 7.961993627674101015e-01 4.631315430131998506e-02 2.901684114701866268e-02 1.284706417842512438e-01 0.000000000000000000e+00
4.560000000000000000e+02 1.824021752933997487e-01 8.042785616750113276e-01 4.472007282658170546e-02 2.867546654528902936e-02 1.223258989531178925e-01 0.000000000000000000e+00
4.590000000000000000e+02 1.836021896045405555e-01 8.074647246244879284e-01 4.517523896222121194e-02 2.856167501137915274e-02 1.187983614019117035e-01 0.000000000000000000e+00
4.620000000000000000e+02 1.848022039156813623e-01 8.136094674556213491e-01 4.210286754665452935e-02 2.867546654528902936e-02 1.156121984524351443e-01 0.000000000000000000e+00
4.650000000000000000e+02 1.860022182268221691e-01 8.132680928538916776e-01 4.119253527537550946e-02 2.981338188438780248e-02 1.157259899863450209e-01 0.000000000000000000e+00
4.680000000000000000e+02 1.872022325379629759e-01 8.162266727355484974e-01 3.982703686845699004e-02 2.890304961310878606e-02 1.150432407828857473e-01 0.000000000000000000e+00
4.710000000000000000e+02 1.884022468491035607e-01 8.167956304050978389e-01 3.812016385980882688e-02 2.878925807919890598e-02 1.162949476558944040e-01 0.000000000000000000e+00
4.740000000000000000e+02 1.896022611602443675e-01 8.158852981338188259e-01 3.743741465634956717e-02 2.878925807919890598e-02 1.178880291306326766e-01 0.000000000000000000e+00
4.770000000000000000e+02 1.908022754713851743e-01 8.170232134729176199e-01 3.789258079198907364e-02 2.810650887573964626e-02 1.169776968593536637e-01 0.000000000000000000e+00
4.800000000000000000e+02 1.920022897825259811e-01 8.169094219390077294e-01 3.618570778334091742e-02 2.776513427401001294e-02 1.191397360036413333e-01 0.000000000000000000e+00
4.830000000000000000e+02 1.932023040936667879e-01 8.190714610832954268e-01 3.584433318161128756e-02 2.765134274010013632e-02 1.174328629949931702e-01 0.000000000000000000e+00
4.860000000000000000e+02 1.944023184048075947e-01 8.223714155666818071e-01 3.459262630860263782e-02 2.890304961310878606e-02 1.141329085116067343e-01 0.000000000000000000e+00
4.890000000000000000e+02 1.956023327159484015e-01 8.247610377787892855e-01 3.413746017296313134e-02 2.935821574874829254e-02 1.117432862994993115e-01 0.000000000000000000e+00
4.920000000000000000e+02 1.968023470270892084e-01 8.277196176604461053e-01 3.368229403732362487e-02 2.935821574874829254e-02 1.092398725534820259e-01 0.000000000000000000e+00
4.950000000000000000e+02 1.980023613382300152e-01 8.328402366863905115e-01 3.390987710514337811e-02 2.890304961310878606e-02 1.043468365953573035e-01 0.000000000000000000e+00
4.980000000000000000e+02 1.992023756493708220e-01 8.362539827036868934e-01 3.277196176604460498e-02 2.935821574874829254e-02 1.016158397815202508e-01 0.000000000000000000e+00
5.010000000000000000e+02 2.004023899605116288e-01 8.413746017296312996e-01 3.140646335912607862e-02 2.890304961310878606e-02 9.831588529813381494e-02 0.000000000000000000e+00
5.040000000000000000e+02 2.016024042716524356e-01 8.474055530268548297e-01 2.981338188438780248e-02 2.674101046882111990e-02 9.604005461993628257e-02 0.000000000000000000e+00
5.070000000000000000e+02 2.028024185827930204e-01 8.492262175694128556e-01 2.890304961310878606e-02 2.696859353664087314e-02 9.490213928083750250e-02 0.000000000000000000e+00
5.100000000000000000e+02 2.040024328939338272e-01 8.499089667728720876e-01 2.901684114701866268e-02 2.765134274010013632e-02 9.342284934000910646e-02 0.000000000000000000e+00
5.130000000000000000e+02 2.052024472050746340e-01 8.528675466545289074e-01 2.799271734182976618e-02 2.776513427401001294e-02 9.137460172963131344e-02 0.000000000000000000e+00
5.160000000000000000e+02 2.064024615162154408e-01 8.548020027309968238e-01 2.867546654528902936e-02 2.878925807919890598e-02 8.773327264451524776e-02 0.000000000000000000e+00
5.190000000000000000e+02 2.076024758273562476e-01 8.586709148839326566e-01 2.719617660446062984e-02 3.060992262175694228e-02 8.352298588984979899e-02 0.000000000000000000e+00
5.220000000000000000e+02 2.088024901384970544e-01 8.620846609012289274e-01 2.685480200273099652e-02 3.095129722348657214e-02 8.010923987255348655e-02 0.000000000000000000e+00
5.250000000000000000e+02 2.100025044496378612e-01 8.604915794264906825e-01 2.685480200273099652e-02 3.117888029130632538e-02 8.147473827947200598e-02 0.000000000000000000e+00
5.280000000000000000e+02 2.112025187607786680e-01 8.619708693673190369e-01 2.799271734182976618e-02 3.026854802002730896e-02 7.976786527082385669e-02 0.000000000000000000e+00
5.310000000000000000e+02 2.124025330719194748e-01 8.680018206645425671e-01 2.662721893491124328e-02 3.163404642694583185e-02 7.373691397360036814e-02 0.000000000000000000e+00
5.340000000000000000e+02 2.136025473830602817e-01 8.703914428766499345e-01 2.526172052799271692e-02 2.958579881656804578e-02 7.476103777878925771e-02 0.000000000000000000e+00
5.370000000000000000e+02 2.148025616942010885e-01 8.714155666818388379e-01 2.492034592626308706e-02 3.015475648611743234e-02 7.350933090578061491e-02 0.000000000000000000e+00
5.400000000000000000e+02 2.160025760053416732e-01 8.753982703686845612e-01 2.480655439235321044e-02 2.833409194355939950e-02 7.146108329540282189e-02 0.000000000000000000e+00
5.430000000000000000e+02 2.172025903164824800e-01 8.815430131998179819e-01 2.469276285844333035e-02 2.742375967228038308e-02 6.634046426945834629e-02 0.000000000000000000e+00
5.460000000000000000e+02 2.184026046276232869e-01 8.848429676832043622e-01 2.332726445152480746e-02 2.844788347746927612e-02 6.338188438780155420e-02 0.000000000000000000e+00
5.490000000000000000e+02 2.196026189387640937e-01 8.870050068274920596e-01 2.150659990896677115e-02 2.719617660446062984e-02 6.429221665908056715e-02 0.000000000000000000e+00
5.520000000000000000e+02 2.208026332499049005e-01 8.916704597177970149e-01 2.048247610377787811e-02 2.651342740100136666e-02 6.133363677742376119e-02 0.000000000000000000e+00
5.550000000000000000e+02 2.220026475610457073e-01 8.904187528447883304e-01 2.105143377332726468e-02 2.730996813837050646e-02 6.121984524351388457e-02 0.000000000000000000e+00
5.580000000000000000e+02 2.232026618721865141e-01 8.923532089212562468e-01 2.071005917159763482e-02 2.730996813837050646e-02 5.962676376877560497e-02 0.000000000000000000e+00
5.610000000000000000e+02 2.244026761833273209e-01 8.939462903959944917e-01 2.093764223941738806e-02 2.605826126536185672e-02 5.905780609922621494e-02 0.000000000000000000e+00
5.640000000000000000e+02 2.256026904944681277e-01 8.982703686845698865e-01 2.082385070550751144e-02 2.628584433318160996e-02 5.461993627674101293e-02 0.000000000000000000e+00
5.670000000000000000e+02 2.268027048056089345e-01 8.988393263541192280e-01 2.196176604460628110e-02 2.696859353664087314e-02 5.223031406463359005e-02 0.000000000000000000e+00
5.700000000000000000e+02 2.280027191167497413e-01 9.040737369139736357e-01 2.071005917159763482e-02 2.753755120619025970e-02 4.767865270823850449e-02 0.000000000000000000e+00
5.730000000000000000e+02 2.292027334278905482e-01 9.050978607191625391e-01 2.025489303595812488e-02 2.810650887573964626e-02 4.654073736913973830e-02 0.000000000000000000e+00
5.760000000000000000e+02 2.304027477390311329e-01 9.063495675921711126e-01 2.071005917159763482e-02 2.776513427401001294e-02 4.517523896222121194e-02 0.000000000000000000e+00
5.790000000000000000e+02 2.316027620501719397e-01 9.088529813381884814e-01 1.991351843422849502e-02 2.833409194355939950e-02 4.289940828402366568e-02 0.000000000000000000e+00
5.820000000000000000e+02 2.328027763613127465e-01 9.082840236686390289e-01 1.968593536640873831e-02 2.924442421483841592e-02 4.278561675011378906e-02 0.000000000000000000e+00
5.850000000000000000e+02 2.340027906724535534e-01 9.062357760582612221e-01 2.082385070550751144e-02 3.038233955393718558e-02 4.255803368229403583e-02 0.000000000000000000e+00
5.880000000000000000e+02 2.352028049835943602e-01 9.091943559399180419e-01 1.968593536640873831e-02 3.106508875739644876e-02 4.005461993627674328e-02 0.000000000000000000e+00
5.910000000000000000e+02 2.364028192947351670e-01 9.121529358215748617e-01 1.923076923076923184e-02 3.072371415566681890e-02 3.789258079198907364e-02 0.000000000000000000e+00
5.940000000000000000e+02 2.376028336058759738e-01 9.106736458807465073e-01 1.991351843422849502e-02 3.038233955393718558e-02 3.903049613108784677e-02 0.000000000000000000e+00
5.970000000000000000e+02 2.388028479170167806e-01 9.155666818388711325e-01 1.991351843422849502e-02 2.958579881656804578e-02 3.493400091033227461e-02 0.000000000000000000e+00
6.000000000000000000e+02 2.400028622281575874e-01 9.159080564406008040e-01 1.979972690031861493e-02 2.913063268092853930e-02 3.516158397815202785e-02 0.000000000000000000e+00
6.030000000000000000e+02 2.412028765392983942e-01 9.149977241693217911e-01 2.025489303595812488e-02 2.947200728265816916e-02 3.516158397815202785e-02 1.137915339098771066e-04
6.060000000000000000e+02 2.424028908504392010e-01 9.188666363222576239e-01 1.979972690031861493e-02 2.901684114701866268e-02 3.231679563040509851e-02 0.000000000000000000e+00
6.090000000000000000e+02 2.436029051615800078e-01 9.195493855257168558e-01 1.957214383249886169e-02 2.787892580791988956e-02 3.299954483386435822e-02 0.000000000000000000e+00
6.120000000000000000e+02 2.448029194727205926e-01 9.203459262630859783e-01 2.036868456986800149e-02 2.787892580791988956e-02 3.140646335912607862e-02 0.000000000000000000e+00
6.150000000000000000e+02 2.460029337838613994e-01 9.227355484751934567e-01 2.002730996813837164e-02 2.639963586709149004e-02 3.083750568957669552e-02 0.000000000000000000e+00
6.180000000000000000e+02 2.472029480950022062e-01 9.254665452890304955e-01 1.934456076467910846e-02 2.628584433318160996e-02 2.890304961310878606e-02 0.000000000000000000e+00
6.210000000000000000e+02 2.484029624061430130e-01 9.279699590350477534e-01 1.923076923076923184e-02 2.514792899408284030e-02 2.765134274010013632e-02 0.000000000000000000e+00
6.240000000000000000e+02 2.496029767172838199e-01 9.285389167045972059e-01 1.820664542558033533e-02 2.469276285844333035e-02 2.856167501137915274e-02 0.000000000000000000e+00
6.270000000000000000e+02 2.508029910284246267e-01 9.299044151115156698e-01 1.752389622212107562e-02 2.446517979062357712e-02 2.810650887573964626e-02 0.000000000000000000e+00
6.300000000000000000e+02 2.520030053395654335e-01 9.311561219845243542e-01 1.775147928994082885e-02 2.366863905325443732e-02 2.742375967228038308e-02 0.000000000000000000e+00
6.330000000000000000e+02 2.532030196507062403e-01 9.304733727810651223e-01 1.752389622212107562e-02 2.423759672280382388e-02 2.776513427401001294e-02 0.000000000000000000e+00
6.360000000000000000e+02 2.544030339618470471e-01 9.300182066454255603e-01 1.638598088302230249e-02 2.457897132453345374e-02 2.901684114701866268e-02 0.000000000000000000e+00
6.390000000000000000e+02 2.556030482729878539e-01 9.302457897132453413e-01 1.570323167956303931e-02 2.435138825671370050e-02 2.969959035047792587e-02 0.000000000000000000e+00
6.420000000000000000e+02 2.568030625841286607e-01 9.294492489758762188e-01 1.684114701866181243e-02 2.537551206190259354e-02 2.833409194355939950e-02 0.000000000000000000e+00
6.450000000000000000e+02 2.580030768952692455e-01 9.318388711879835862e-01 1.695493855257168905e-02 2.287209831588529751e-02 2.833409194355939950e-02 0.000000000000000000e+00
6.480000000000000000e+02 2.592030912064100523e-01 9.329767865270823801e-01 1.729631315430131891e-02 2.207555757851615771e-02 2.765134274010013632e-02 0.000000000000000000e+00
6.510000000000000000e+02 2.604031055175508591e-01 9.332043695949021611e-01 1.558944014565316269e-02 2.173418297678652786e-02 2.935821574874829254e-02 1.137915339098771066e-04
6.540000000000000000e+02 2.616031198286916659e-01 9.316112881201638052e-01 1.638598088302230249e-02 2.162039144287665124e-02 3.038233955393718558e-02 0.000000000000000000e+00
6.570000000000000000e+02 2.628031341398324727e-01 9.335457441966317216e-01 1.649977241693217911e-02 2.196176604460628110e-02 2.799271734182976618e-02 0.000000000000000000e+00
6.600000000000000000e+02 2.640031484509732795e-01 9.345698680018206250e-01 1.615839781520254925e-02 2.196176604460628110e-02 2.730996813837050646e-02 0.000000000000000000e+00
6.630000000000000000e+02 2.652031627621140863e-01 9.360491579426490905e-01 1.627218934911242587e-02 2.048247610377787811e-02 2.719617660446062984e-02 0.000000000000000000e+00
6.660000000000000000e+02 2.664031770732548932e-01 9.387801547564861293e-01 1.593081474738279601e-02 2.105143377332726468e-02 2.412380518889394726e-02 1.137915339098771066e-04
6.690000000000000000e+02 2.676031913843957000e-01 9.408284023668639362e-01 1.479289940828402289e-02 2.036868456986800149e-02 2.389622212107419055e-02 1.137915339098771066e-04
6.720000000000000000e+02 2.688032056955365068e-01 9.402594446973144837e-01 1.570323167956303931e-02 1.934456076467910846e-02 2.457897132453345374e-02 1.137915339098771066e-04
6.750000000000000000e+02 2.700032200066773136e-01 9.419663177059627301e-01 1.513427401001365448e-02 1.866181156121984527e-02 2.412380518889394726e-02 1.137915339098771066e-04
6.780000000000000000e+02 2.712032343178181204e-01 9.423076923076922906e-01 1.547564861174328607e-02 1.888939462903959851e-02 2.321347291761493084e-02 1.137915339098771066e-04
6.810000000000000000e+02 2.724032486289587052e-01 9.423076923076922906e-01 1.467910787437414627e-02 1.934456076467910846e-02 2.355484751934456070e-02 1.137915339098771066e-04
