# itime ezz other fcc hcp bcc ico
0.000000000000000000e+00 0.000000000000000000e+00 0.000000000000000000e+00 1.000000000000000000e+00 0.000000000000000000e+00 0.000000000000000000e+00 0.000000000000000000e+00
2.500000000000000000e+01 9.999809603258302815e-04 0.000000000000000000e+00 1.000000000000000000e+00 0.000000000000000000e+00 0.000000000000000000e+00 0.000000000000000000e+00
5.000000000000000000e+01 1.999961920651660563e-03 0.000000000000000000e+00 1.000000000000000000e+00 0.000000000000000000e+00 0.000000000000000000e+00 0.000000000000000000e+00
7.500000000000000000e+01 2.999942880977268800e-03 0.000000000000000000e+00 1.000000000000000000e+00 0.000000000000000000e+00 0.000000000000000000e+00 0.000000000000000000e+00
1.000000000000000000e+02 3.999923841303099081e-03 0.000000000000000000e+00 1.000000000000000000e+00 0.000000000000000000e+00 0.000000000000000000e+00 0.000000000000000000e+00
1.250000000000000000e+02 4.999904801628929363e-03 0.000000000000000000e+00 1.000000000000000000e+00 0.000000000000000000e+00 0.000000000000000000e+00 0.000000000000000000e+00
1.500000000000000000e+02 5.999885761954759644e-03 0.000000000000000000e+00 1.000000000000000000e+00 0.000000000000000000e+00 0.000000000000000000e+00 0.000000000000000000e+00
1.750000000000000000e+02 6.999866722280589926e-03 0.000000000000000000e+00 1.000000000000000000e+00 0.000000000000000000e+00 0.000000000000000000e+00 0.000000000000000000e+00
2.000000000000000000e+02 7.999847682606420207e-03 0.000000000000000000e+00 1.000000000000000000e+00 0.000000000000000000e+00 0.000000000000000000e+00 0.000000000000000000e+00
2.250000000000000000e+02 8.999828642932028444e-03 0.000000000000000000e+00 1.000000000000000000e+00 0.000000000000000000e+00 0.000000000000000000e+00 0.000000000000000000e+00
2.500000000000000000e+02 9.999809603257858726e-03 0.000000000000000000e+00 1.000000000000000000e+00 0.000000000000000000e+00 0.000000000000000000e+00 0.000000000000000000e+00
2.750000000000000000e+02 1.099979056358368901e-02 0.000000000000000000e+00 1.000000000000000000e+00 0.000000000000000000e+00 0.000000000000000000e+00 0.000000000000000000e+00
3.000000000000000000e+02 1.199977152390951929e-02 0.000000000000000000e+00 1.000000000000000000e+00 0.000000000000000000e+00 0.000000000000000000e+00 0.000000000000000000e+00
3.250000000000000000e+02 1.299975248423534957e-02 0.000000000000000000e+00 1.000000000000000000e+00 0.000000000000000000e+00 0.000000000000000000e+00 0.000000000000000000e+00
3.500000000000000000e+02 1.399973344456117985e-02 0.000000000000000000e+00 1.000000000000000000e+00 0.000000000000000000e+00 0.000000000000000000e+00 0.000000000000000000e+00
3.750000000000000000e+02 1.499971440488678809e-02 0.000000000000000000e+00 1.000000000000000000e+00 0.000000000000000000e+00 0.000000000000000000e+00 0.000000000000000000e+00
4.000000000000000000e+02 1.599969536521261837e-02 0.000000000000000000e+00 1.000000000000000000e+00 0.000000000000000000e+00 0.000000000000000000e+00 0.000000000000000000e+00
4.250000000000000000e+02 1.699967632553844865e-02 0.000000000000000000e+00 1.000000000000000000e+00 0.000000000000000000e+00 0.000000000000000000e+00 0.000000000000000000e+00
4.500000000000000000e+02 1.799965728586427893e-02 0.000000000000000000e+00 1.000000000000000000e+00 0.000000000000000000e+00 0.000000000000000000e+00 0.000000000000000000e+00
4.750000000000000000e+02 1.899963824619010921e-02 0.000000000000000000e+00 1.000000000000000000e+00 0.000000000000000000e+00 0.000000000000000000e+00 0.000000000000000000e+00
5.000000000000000000e+02 1.999961920651571745e-02 0.000000000000000000e+00 1.000000000000000000e+00 0.000000000000000000e+00 0.000000000000000000e+00 0.000000000000000000e+00
5.250000000000000000e+02 2.099960016684154773e-02 0.000000000000000000e+00 1.000000000000000000e+00 0.000000000000000000e+00 0.000000000000000000e+00 0.000000000000000000e+00
5.500000000000000000e+02 2.199958112716737801e-02 0.000000000000000000e+00 1.000000000000000000e+00 0.000000000000000000e+00 0.000000000000000000e+00 0.000000000000000000e+00
5.750000000000000000e+02 2.299956208749320830e-02 0.000000000000000000e+00 1.000000000000000000e+00 0.000000000000000000e+00 0.000000000000000000e+00 0.000000000000000000e+00
6.000000000000000000e+02 2.399954304781903858e-02 0.000000000000000000e+00 1.000000000000000000e+00 0.000000000000000000e+00 0.000000000000000000e+00 0.000000000000000000e+00
6.250000000000000000e+02 2.499952400814486886e-02 0.000000000000000000e+00 1.000000000000000000e+00 0.000000000000000000e+00 0.000000000000000000e+00 0.000000000000000000e+00
6.500000000000000000e+02 2.599950496847047710e-02 0.000000000000000000e+00 1.000000000000000000e+00 0.000000000000000000e+00 0.000000000000000000e+00 0.000000000000000000e+00
6.750000000000000000e+02 2.699948592879630738e-02 0.000000000000000000e+00 1.000000000000000000e+00 0.000000000000000000e+00 0.000000000000000000e+00 0.000000000000000000e+00
7.000000000000000000e+02 2.799946688912213766e-02 0.000000000000000000e+00 1.000000000000000000e+00 0.000000000000000000e+00 0.000000000000000000e+00 0.000000000000000000e+00
7.250000000000000000e+02 2.899944784944796794e-02 0.000000000000000000e+00 1.000000000000000000e+00 0.000000000000000000e+00 0.000000000000000000e+00 0.000000000000000000e+00
7.500000000000000000e+02 2.999942880977379822e-02 0.000000000000000000e+00 1.000000000000000000e+00 0.000000000000000000e+00 0.000000000000000000e+00 0.000000000000000000e+00
7.750000000000000000e+02 3.099940977009962850e-02 0.000000000000000000e+00 1.000000000000000000e+00 0.000000000000000000e+00 0.000000000000000000e+00 0.000000000000000000e+00
8.000000000000000000e+02 3.199939073042523674e-02 0.000000000000000000e+00 1.000000000000000000e+00 0.000000000000000000e+00 0.000000000000000000e+00 0.000000000000000000e+00
8.250000000000000000e+02 3.299937169075106702e-02 0.000000000000000000e+00 1.000000000000000000e+00 0.000000000000000000e+00 0.000000000000000000e+00 0.000000000000000000e+00
8.500000000000000000e+02 3.399935265107689730e-02 0.000000000000000000e+00 1.000000000000000000e+00 0.000000000000000000e+00 0.000000000000000000e+00 0.000000000000000000e+00
8.750000000000000000e+02 3.499933361140272758e-02 0.000000000000000000e+00 1.000000000000000000e+00 0.000000000000000000e+00 0.000000000000000000e+00 0.000000000000000000e+00
9.000000000000000000e+02 3.599931457172855787e-02 0.000000000000000000e+00 1.000000000000000000e+00 0.000000000000000000e+00 0.000000000000000000e+00 0.000000000000000000e+00
9.250000000000000000e+02 3.699929553205416610e-02 0.000000000000000000e+00 1.000000000000000000e+00 0.000000000000000000e+00 0.000000000000000000e+00 0.000000000000000000e+00
9.500000000000000000e+02 3.799927649237999638e-02 0.000000000000000000e+00 1.000000000000000000e+00 0.000000000000000000e+00 0.000000000000000000e+00 0.000000000000000000e+00
9.750000000000000000e+02 3.899925745270582667e-02 0.000000000000000000e+00 1.000000000000000000e+00 0.000000000000000000e+00 0.000000000000000000e+00 0.000000000000000000e+00
1.000000000000000000e+03 3.999923841303165695e-02 0.000000000000000000e+00 1.000000000000000000e+00 0.000000000000000000e+00 0.000000000000000000e+00 0.000000000000000000e+00
1.025000000000000000e+03 4.099921937335748723e-02 0.000000000000000000e+00 1.000000000000000000e+00 0.000000000000000000e+00 0.000000000000000000e+00 0.000000000000000000e+00
1.050000000000000000e+03 4.199920033368331751e-02 0.000000000000000000e+00 1.000000000000000000e+00 0.000000000000000000e+00 0.000000000000000000e+00 0.000000000000000000e+00
1.075000000000000000e+03 4.299918129400892575e-02 0.000000000000000000e+00 1.000000000000000000e+00 0.000000000000000000e+00 0.000000000000000000e+00 0.000000000000000000e+00
1.100000000000000000e+03 4.399916225433475603e-02 0.000000000000000000e+00 1.000000000000000000e+00 0.000000000000000000e+00 0.000000000000000000e+00 0.000000000000000000e+00
1.125000000000000000e+03 4.499914321466058631e-02 0.000000000000000000e+00 1.000000000000000000e+00 0.000000000000000000e+00 0.000000000000000000e+00 0.000000000000000000e+00
1.150000000000000000e+03 4.599912417498641659e-02 0.000000000000000000e+00 1.000000000000000000e+00 0.000000000000000000e+00 0.000000000000000000e+00 0.000000000000000000e+00
1.175000000000000000e+03 4.699910513531224687e-02 0.000000000000000000e+00 1.000000000000000000e+00 0.000000000000000000e+00 0.000000000000000000e+00 0.000000000000000000e+00
1.200000000000000000e+03 4.799908609563807715e-02 0.000000000000000000e+00 1.000000000000000000e+00 0.000000000000000000e+00 0.000000000000000000e+00 0.000000000000000000e+00
1.225000000000000000e+03 4.899906705596368539e-02 0.000000000000000000e+00 1.000000000000000000e+00 0.000000000000000000e+00 0.000000000000000000e+00 0.000000000000000000e+00
1.250000000000000000e+03 4.999904801628951567e-02 0.000000000000000000e+00 1.000000000000000000e+00 0.000000000000000000e+00 0.000000000000000000e+00 0.000000000000000000e+00
1.275000000000000000e+03 5.099902897661534595e-02 0.000000000000000000e+00 1.000000000000000000e+00 0.000000000000000000e+00 0.000000000000000000e+00 0.000000000000000000e+00
1.300000000000000000e+03 5.199900993694117624e-02 0.000000000000000000e+00 1.000000000000000000e+00 0.000000000000000000e+00 0.000000000000000000e+00 0.000000000000000000e+00
1.325000000000000000e+03 5.299899089726700652e-02 0.000000000000000000e+00 1.000000000000000000e+00 0.000000000000000000e+00 0.000000000000000000e+00 0.000000000000000000e+00
1.350000000000000000e+03 5.399897185759283680e-02 0.000000000000000000e+00 1.000000000000000000e+00 0.000000000000000000e+00 0.000000000000000000e+00 0.000000000000000000e+00
1.375000000000000000e+03 5.499895281791844504e-02 0.000000000000000000e+00 1.000000000000000000e+00 0.000000000000000000e+00 0.000000000000000000e+00 0.000000000000000000e+00
1.400000000000000000e+03 5.599893377824427532e-02 0.000000000000000000e+00 1.000000000000000000e+00 0.000000000000000000e+00 0.000000000000000000e+00 0.000000000000000000e+00
1.425000000000000000e+03 5.699891473857010560e-02 0.000000000000000000e+00 1.000000000000000000e+00 0.000000000000000000e+00 0.000000000000000000e+00 0.000000000000000000e+00
1.450000000000000000e+03 5.799889569889593588e-02 0.000000000000000000e+00 1.000000000000000000e+00 0.000000000000000000e+00 0.000000000000000000e+00 0.000000000000000000e+00
1.475000000000000000e+03 5.899887665922176616e-02 0.000000000000000000e+00 1.000000000000000000e+00 0.000000000000000000e+00 0.000000000000000000e+00 0.000000000000000000e+00
1.500000000000000000e+03 5.999885761954737440e-02 0.000000000000000000e+00 1.000000000000000000e+00 0.000000000000000000e+00 0.000000000000000000e+00 0.000000000000000000e+00
1.525000000000000000e+03 6.099883857987320468e-02 0.000000000000000000e+00 1.000000000000000000e+00 0.000000000000000000e+00 0.000000000000000000e+00 0.000000000000000000e+00
1.550000000000000000e+03 6.199881954019903496e-02 0.000000000000000000e+00 1.000000000000000000e+00 0.000000000000000000e+00 0.000000000000000000e+00 0.000000000000000000e+00
1.575000000000000000e+03 6.299880050052486524e-02 4.551661356395084266e-04 9.995448338643604380e-01 0.000000000000000000e+00 0.000000000000000000e+00 0.000000000000000000e+00
1.600000000000000000e+03 6.399878146085069552e-02 0.000000000000000000e+00 1.000000000000000000e+00 0.000000000000000000e+00 0.000000000000000000e+00 0.000000000000000000e+00
1.625000000000000000e+03 6.499876242117652581e-02 0.000000000000000000e+00 1.000000000000000000e+00 0.000000000000000000e+00 0.000000000000000000e+00 0.000000000000000000e+00
1.650000000000000000e+03 6.599874338150213404e-02 0.000000000000000000e+00 1.000000000000000000e+00 0.000000000000000000e+00 0.000000000000000000e+00 0.000000000000000000e+00
1.675000000000000000e+03 6.699872434182796432e-02 0.000000000000000000e+00 1.000000000000000000e+00 0.000000000000000000e+00 0.000000000000000000e+00 0.000000000000000000e+00
1.700000000000000000e+03 6.799870530215379461e-02 0.000000000000000000e+00 1.000000000000000000e+00 0.000000000000000000e+00 0.000000000000000000e+00 0.000000000000000000e+00
1.725000000000000000e+03 6.899868626247962489e-02 0.000000000000000000e+00 1.000000000000000000e+00 0.000000000000000000e+00 0.000000000000000000e+00 0.000000000000000000e+00
1.750000000000000000e+03 6.999866722280545517e-02 0.000000000000000000e+00 1.000000000000000000e+00 0.000000000000000000e+00 0.000000000000000000e+00 0.000000000000000000e+00
1.775000000000000000e+03 7.099864818313128545e-02 0.000000000000000000e+00 1.000000000000000000e+00 0.000000000000000000e+00 0.000000000000000000e+00 0.000000000000000000e+00
1.800000000000000000e+03 7.199862914345689369e-02 0.000000000000000000e+00 1.000000000000000000e+00 0.000000000000000000e+00 0.000000000000000000e+00 0.000000000000000000e+00
1.825000000000000000e+03 7.299861010378272397e-02 0.000000000000000000e+00 1.000000000000000000e+00 0.000000000000000000e+00 0.000000000000000000e+00 0.000000000000000000e+00
1.850000000000000000e+03 7.399859106410855425e-02 0.000000000000000000e+00 1.000000000000000000e+00 0.000000000000000000e+00 0.000000000000000000e+00 0.000000000000000000e+00
1.875000000000000000e+03 7.499857202443438453e-02 0.000000000000000000e+00 1.000000000000000000e+00 0.000000000000000000e+00 0.000000000000000000e+00 0.000000000000000000e+00
1.900000000000000000e+03 7.599855298476021481e-02 0.000000000000000000e+00 1.000000000000000000e+00 0.000000000000000000e+00 0.000000000000000000e+00 0.000000000000000000e+00
1.925000000000000000e+03 7.699853394508582305e-02 0.000000000000000000e+00 1.000000000000000000e+00 0.000000000000000000e+00 0.000000000000000000e+00 0.000000000000000000e+00
1.950000000000000000e+03 7.799851490541165333e-02 4.551661356395084266e-04 9.994310423304506585e-01 0.000000000000000000e+00 1.137915339098771066e-04 0.000000000000000000e+00
1.975000000000000000e+03 7.899849586573748361e-02 0.000000000000000000e+00 1.000000000000000000e+00 0.000000000000000000e+00 0.000000000000000000e+00 0.000000000000000000e+00
2.000000000000000000e+03 7.999847682606331389e-02 4.551661356395084266e-04 9.995448338643604380e-01 0.000000000000000000e+00 0.000000000000000000e+00 0.000000000000000000e+00
2.025000000000000000e+03 8.099845778638914418e-02 7.965407373691396923e-04 9.992034592626308775e-01 0.000000000000000000e+00 0.000000000000000000e+00 0.000000000000000000e+00
2.050000000000000000e+03 8.199843874671497446e-02 0.000000000000000000e+00 1.000000000000000000e+00 0.000000000000000000e+00 0.000000000000000000e+00 0.000000000000000000e+00
2.075000000000000000e+03 8.299841970704058269e-02 0.000000000000000000e+00 1.000000000000000000e+00 0.000000000000000000e+00 0.000000000000000000e+00 0.000000000000000000e+00
2.100000000000000000e+03 8.399840066736641297e-02 1.137915339098771066e-04 9.998862084660901095e-01 0.000000000000000000e+00 0.000000000000000000e+00 0.000000000000000000e+00
2.125000000000000000e+03 8.499838162769224326e-02 2.275830678197542133e-04 9.997724169321802190e-01 0.000000000000000000e+00 0.000000000000000000e+00 0.000000000000000000e+00
2.150000000000000000e+03 8.599836258801807354e-02 4.551661356395084266e-04 9.995448338643604380e-01 0.000000000000000000e+00 0.000000000000000000e+00 0.000000000000000000e+00
2.175000000000000000e+03 8.699834354834390382e-02 4.551661356395084266e-04 9.995448338643604380e-01 0.000000000000000000e+00 0.000000000000000000e+00 0.000000000000000000e+00
2.200000000000000000e+03 8.799832450866973410e-02 1.137915339098771066e-04 9.998862084660901095e-01 0.000000000000000000e+00 0.000000000000000000e+00 0.000000000000000000e+00
2.225000000000000000e+03 8.899830546899534234e-02 1.137915339098771066e-04 9.998862084660901095e-01 0.000000000000000000e+00 0.000000000000000000e+00 0.000000000000000000e+00
2.250000000000000000e+03 8.999828642932117262e-02 1.820664542558033706e-03 9.979517523896221931e-01 0.000000000000000000e+00 2.275830678197542133e-04 0.000000000000000000e+00
2.275000000000000000e+03 9.099826738964700290e-02 6.827492034592626399e-04 9.993172507965407680e-01 0.000000000000000000e+00 0.000000000000000000e+00 0.000000000000000000e+00
2.300000000000000000e+03 9.199824834997283318e-02 4.551661356395084266e-04 9.995448338643604380e-01 0.000000000000000000e+00 0.000000000000000000e+00 0.000000000000000000e+00
2.325000000000000000e+03 9.299822931029866346e-02 1.251706873008648227e-03 9.987482931269913156e-01 0.000000000000000000e+00 0.000000000000000000e+00 0.000000000000000000e+00
2.350000000000000000e+03 9.399821027062427170e-02 6.827492034592626399e-04 9.993172507965407680e-01 0.000000000000000000e+00 0.000000000000000000e+00 0.000000000000000000e+00
2.375000000000000000e+03 9.499819123095010198e-02 6.827492034592626399e-04 9.993172507965407680e-01 0.000000000000000000e+00 0.000000000000000000e+00 0.000000000000000000e+00
2.400000000000000000e+03 9.599817219127593226e-02 1.024123805188893906e-03 9.988620846609012061e-01 0.000000000000000000e+00 1.137915339098771066e-04 0.000000000000000000e+00
2.425000000000000000e+03 9.699815315160176254e-02 1.593081474738279385e-03 9.984069185252617551e-01 0.000000000000000000e+00 0.000000000000000000e+00 0.000000000000000000e+00
2.450000000000000000e+03 9.799813411192759283e-02 1.820664542558033706e-03 9.981793354574419741e-01 0.000000000000000000e+00 0.000000000000000000e+00 0.000000000000000000e+00
2.475000000000000000e+03 9.899811507225342311e-02 1.137915339098770958e-03 9.988620846609012061e-01 0.000000000000000000e+00 0.000000000000000000e+00 0.000000000000000000e+00
2.500000000000000000e+03 9.999809603257903134e-02 2.503413746017296455e-03 9.972690031861629611e-01 0.000000000000000000e+00 2.275830678197542133e-04 0.000000000000000000e+00
2.525000000000000000e+03 1.009980769929048616e-01 1.934456076467910759e-03 9.978379608557123026e-01 0.000000000000000000e+00 2.275830678197542133e-04 0.000000000000000000e+00
2.550000000000000000e+03 1.019980579532306919e-01 3.982703686845699004e-03 9.960172963131542767e-01 0.000000000000000000e+00 0.000000000000000000e+00 0.000000000000000000e+00
2.575000000000000000e+03 1.029980389135565222e-01 2.275830678197541916e-03 9.977241693218024121e-01 0.000000000000000000e+00 0.000000000000000000e+00 0.000000000000000000e+00
2.600000000000000000e+03 1.039980198738823525e-01 3.868912152935821518e-03 9.961310878470641672e-01 0.000000000000000000e+00 0.000000000000000000e+00 0.000000000000000000e+00
2.625000000000000000e+03 1.049980008342081828e-01 3.413746017296313308e-03 9.964724624487938387e-01 0.000000000000000000e+00 1.137915339098771066e-04 0.000000000000000000e+00
2.650000000000000000e+03 1.059979817945337910e-01 4.096495220755575623e-03 9.959035047792443862e-01 0.000000000000000000e+00 0.000000000000000000e+00 0.000000000000000000e+00
2.675000000000000000e+03 1.069979627548596213e-01 4.437869822485207214e-03 9.955621301775148257e-01 0.000000000000000000e+00 0.000000000000000000e+00 0.000000000000000000e+00
2.700000000000000000e+03 1.079979437151854516e-01 6.258534365043240920e-03 9.931725079654073474e-01 0.000000000000000000e+00 5.689576695493854790e-04 0.000000000000000000e+00
2.725000000000000000e+03 1.089979246755112818e-01 7.282658170232134826e-03 9.919208010923987739e-01 0.000000000000000000e+00 7.965407373691396923e-04 0.000000000000000000e+00
2.750000000000000000e+03 1.099979056358371121e-01 7.055075102412380721e-03 9.923759672280382249e-01 0.000000000000000000e+00 5.689576695493854790e-04 0.000000000000000000e+00
2.775000000000000000e+03 1.109978865961627204e-01 8.420573509330906217e-03 9.911242603550295405e-01 0.000000000000000000e+00 4.551661356395084266e-04 0.000000000000000000e+00
2.800000000000000000e+03 1.119978675564885506e-01 1.240327719617660522e-02 9.869139736003641472e-01 0.000000000000000000e+00 6.827492034592626399e-04 0.000000000000000000e+00
2.825000000000000000e+03 1.129978485168143809e-01 1.001365498406918582e-02 9.894173873463814051e-01 0.000000000000000000e+00 5.689576695493854790e-04 0.000000000000000000e+00
2.850000000000000000e+03 1.139978294771402112e-01 1.502048247610377786e-02 9.838416021847974369e-01 0.000000000000000000e+00 1.137915339098770958e-03 0.000000000000000000e+00
2.875000000000000000e+03 1.149978104374660415e-01 1.490669094219390124e-02 9.828174783796085334e-01 0.000000000000000000e+00 2.275830678197541916e-03 0.000000000000000000e+00
2.900000000000000000e+03 1.159977913977918718e-01 2.730996813837050646e-02 9.696176604460627901e-01 0.000000000000000000e+00 3.072371415566681717e-03 0.000000000000000000e+00
2.925000000000000000e+03 1.169977723581174800e-01 2.844788347746927612e-02 9.673418297678653133e-01 0.000000000000000000e+00 4.210286754665453109e-03 0.000000000000000000e+00
2.950000000000000000e+03 1.179977533184433103e-01 4.005461993627674328e-02 9.499317250796540657e-01 0.000000000000000000e+00 1.001365498406918582e-02 0.000000000000000000e+00
2.975000000000000000e+03 1.189977342787691406e-01 6.076467910787437116e-02 9.156804733727810230e-01 0.000000000000000000e+00 2.355484751934456070e-02 0.000000000000000000e+00
3.000000000000000000e+03 1.199977152390949708e-01 9.877105143377332142e-02 8.326126536185707305e-01 0.000000000000000000e+00 6.861629494765589254e-02 0.000000000000000000e+00
3.025000000000000000e+03 1.209976961994208011e-01 1.462221210741920796e-01 6.865043240782885414e-01 0.000000000000000000e+00 1.672735548475193512e-01 0.000000000000000000e+00
3.050000000000000000e+03 1.219976771597466314e-01 2.187073281747838049e-01 4.704142011834319681e-01 1.137915339098771066e-04 3.107646791078743642e-01 0.000000000000000000e+00
3.075000000000000000e+03 1.229976581200722396e-01 3.071233500227583124e-01 2.658170232134728916e-01 0.000000000000000000e+00 4.270596267637687959e-01 0.000000000000000000e+00
3.100000000000000000e+03 1.239976390803980699e-01 3.628812016385981054e-01 1.510013654984069253e-01 0.000000000000000000e+00 4.861174328629949692e-01 0.000000000000000000e+00
3.125000000000000000e+03 1.249976200407239002e-01 3.916704597177970149e-01 1.081019572143832458e-01 1.137915339098771066e-04 5.001137915339098905e-01 0.000000000000000000e+00
3.150000000000000000e+03 1.259976010010497305e-01 3.561675011379153433e-01 1.389394629039599482e-01 0.000000000000000000e+00 5.048930359581247362e-01 0.000000000000000000e+00
3.175000000000000000e+03 1.269975819613755608e-01 3.288575329995448437e-01 1.805871643149749572e-01 1.137915339098771066e-04 4.904415111515703085e-01 0.000000000000000000e+00
3.200000000000000000e+03 1.279975629217013910e-01 3.385298133818843702e-01 1.983386436049157930e-01 0.000000000000000000e+00 4.631315430131998090e-01 0.000000000000000000e+00
3.225000000000000000e+03 1.289975438820269993e-01 3.594674556213017791e-01 1.800182066454255880e-01 2.275830678197542133e-04 4.602867546654528796e-01 0.000000000000000000e+00
3.250000000000000000e+03 1.299975248423528296e-01 3.669776968593536637e-01 1.346153846153846090e-01 1.137915339098770958e-03 4.972690031861629611e-01 0.000000000000000000e+00
3.275000000000000000e+03 1.309975058026786598e-01 3.674328629949931702e-01 9.182976786527081992e-02 2.389622212107419402e-03 5.383477469276285454e-01 0.000000000000000000e+00
3.300000000000000000e+03 1.319974867630044901e-01 3.674328629949931702e-01 6.554392353208920996e-02 3.982703686845699004e-03 5.630405097860718966e-01 0.000000000000000000e+00
3.325000000000000000e+03 1.329974677233303204e-01 3.765361857077833552e-01 5.461993627674101293e-02 7.282658170232134826e-03 5.615612198452435422e-01 0.000000000000000000e+00
3.350000000000000000e+03 1.339974486836559286e-01 3.807464724624488039e-01 5.974055530268548159e-02 1.149294492489758707e-02 5.480200273099681274e-01 0.000000000000000000e+00
3.375000000000000000e+03 1.349974296439817589e-01 3.876877560309512916e-01 7.476103777878925771e-02 1.718252162039144229e-02 5.203686845698679564e-01 0.000000000000000000e+00
3.400000000000000000e+03 1.359974106043075892e-01 3.924670004551661373e-01 9.456076467910787264e-02 2.605826126536185672e-02 4.869139736003641472e-01 0.000000000000000000e+00
3.425000000000000000e+03 1.369973915646334195e-01 3.889394629039599205e-01 1.131087847064178448e-01 4.073736913973600299e-02 4.572143832498862248e-01 0.000000000000000000e+00
3.450000000000000000e+03 1.379973725249592498e-01 4.037323623122439642e-01 1.289258079198907503e-01 5.928538916704597511e-02 4.080564406008193035e-01 0.000000000000000000e+00
3.475000000000000000e+03 1.389973534852850801e-01 4.057806099226217711e-01 1.389394629039599482e-01 8.773327264451524776e-02 3.675466545289030607e-01 0.000000000000000000e+00
3.500000000000000000e+03 1.399973344456106883e-01 4.124943104233045332e-01 1.451979972690031762e-01 1.205052344105598527e-01 3.218024578971324656e-01 0.000000000000000000e+00
3.525000000000000000e+03 1.409973154059365186e-01 4.368456986800182129e-01 1.539599453800637174e-01 1.441738734638143005e-01 2.650204824761037692e-01 0.000000000000000000e+00
3.550000000000000000e+03 1.419972963662623489e-01 4.449248975876194945e-01 1.549840691852526209e-01 1.562357760582612776e-01 2.438552571688666348e-01 0.000000000000000000e+00
3.575000000000000000e+03 1.429972773265881791e-01 4.420801092398725651e-01 1.611288120163859861e-01 1.626081019572143960e-01 2.341829767865270806e-01 0.000000000000000000e+00
3.600000000000000000e+03 1.439972582869140094e-01 4.492489758761948337e-01 1.673873463814292140e-01 1.687528447883477334e-01 2.146108329540282189e-01 0.000000000000000000e+00
3.625000000000000000e+03 1.449972392472398397e-01 4.410559854346836617e-01 1.680700955848884737e-01 1.851388256713700498e-01 2.057350933090578149e-01 0.000000000000000000e+00
3.650000000000000000e+03 1.459972202075654479e-01 4.460628129267182329e-01 1.685252617205279801e-01 1.865043240782885692e-01 1.989076012744651900e-01 0.000000000000000000e+00
3.675000000000000000e+03 1.469972011678912782e-01 4.417387346381429492e-01 1.671597633136094607e-01 2.051661356395084179e-01 1.859353664087392000e-01 0.000000000000000000e+00
3.700000000000000000e+03 1.479971821282171085e-01 4.412835685025033872e-01 1.717114246700045532e-01 2.192762858443331742e-01 1.677287209831588577e-01 0.000000000000000000e+00
3.725000000000000000e+03 1.489971630885429388e-01 4.313837050523440797e-01 1.752389622212107423e-01 2.215521165225307343e-01 1.718252162039144160e-01 0.000000000000000000e+00
3.750000000000000000e+03 1.499971440488687691e-01 4.312699135184342447e-01 1.783113336367774249e-01 2.320209376422394110e-01 1.583978152025489194e-01 0.000000000000000000e+00
3.775000000000000000e+03 1.509971250091943773e-01 4.182976786527082269e-01 1.878698224852070886e-01 2.366863905325443662e-01 1.571461083295402905e-01 0.000000000000000000e+00
3.800000000000000000e+03 1.519971059695202076e-01 4.295630405097860538e-01 1.868456986800182129e-01 2.304278561675011383e-01 1.531634046426945950e-01 0.000000000000000000e+00
3.825000000000000000e+03 1.529970869298460379e-01 4.311561219845243542e-01 1.919663177059626746e-01 2.272416932180245652e-01 1.496358670914884059e-01 0.000000000000000000e+00
3.850000000000000000e+03 1.539970678901718681e-01 4.267182521620391245e-01 1.964041875284478766e-01 2.327036868456986707e-01 1.441738734638143005e-01 0.000000000000000000e+00
3.875000000000000000e+03 1.549970488504976984e-01 4.213700500682749372e-01 2.022075557578516258e-01 2.332726445152480677e-01 1.431497496586253970e-01 0.000000000000000000e+00
3.900000000000000000e+03 1.559970298108235287e-01 4.332043695949021611e-01 1.991351843422849432e-01 2.307692307692307820e-01 1.368912152935821691e-01 0.000000000000000000e+00
3.925000000000000000e+03 1.569970107711491369e-01 4.353664087391898030e-01 2.009558488848429691e-01 2.278106508875739622e-01 1.358670914883932657e-01 0.000000000000000000e+00
3.950000000000000000e+03 1.579969917314749672e-01 4.182976786527082269e-01 2.027765134274009950e-01 2.239417387346381294e-01 1.549840691852526209e-01 0.000000000000000000e+00
3.975000000000000000e+03 1.589969726918007975e-01 4.278561675011379184e-01 1.949248975876194945e-01 2.321347291761493015e-01 1.450842057350933134e-01 0.000000000000000000e+00
4.000000000000000000e+03 1.599969536521266278e-01 4.305871643149749572e-01 1.978834774692762866e-01 2.307692307692307820e-01 1.407601274465179741e-01 0.000000000000000000e+00
4.025000000000000000e+03 1.609969346124524581e-01 4.347974510696404060e-01 1.941283568502503443e-01 2.340691852526172179e-01 1.370050068274920319e-01 0.000000000000000000e+00
4.050000000000000000e+03 1.619969155727782884e-01 4.361629494765589254e-01 1.970869367319071364e-01 2.399863450159308020e-01 1.267637687756031084e-01 0.000000000000000000e+00
4.075000000000000000e+03 1.629968965331038966e-01 4.197769685935366368e-01 1.981110605370960398e-01 2.457897132453345512e-01 1.363222576240327721e-01 0.000000000000000000e+00
4.100000000000000000e+03 1.639968774934297269e-01 4.318388711879836417e-01 1.927628584433318248e-01 2.467000455166135642e-01 1.286982248520709970e-01 0.000000000000000000e+00
4.125000000000000000e+03 1.649968584537555572e-01 4.301319981793354508e-01 1.918525261720528119e-01 2.485207100591715901e-01 1.294947655894401473e-01 0.000000000000000000e+00
4.150000000000000000e+03 1.659968394140813874e-01 4.280837505689576439e-01 1.901456531634046487e-01 2.418070095584888557e-01 1.399635867091488517e-01 0.000000000000000000e+00
4.175000000000000000e+03 1.669968203744072177e-01 4.318388711879836417e-01 1.893491124260354985e-01 2.464724624487938109e-01 1.323395539371870766e-01 0.000000000000000000e+00
4.200000000000000000e+03 1.679968013347328259e-01 4.259217114246700020e-01 1.934456076467910846e-01 2.473827947200728239e-01 1.332498862084660896e-01 0.000000000000000000e+00
4.225000000000000000e+03 1.689967822950586562e-01 4.436731907146108100e-01 1.893491124260354985e-01 2.464724624487938109e-01 1.205052344105598527e-01 0.000000000000000000e+00
4.250000000000000000e+03 1.699967632553844865e-01 4.373008648156577194e-01 1.944697314519799602e-01 2.455621301775147980e-01 1.226672735548475224e-01 0.000000000000000000e+00
4.275000000000000000e+03 1.709967442157103168e-01 4.302457897132453413e-01 2.040282203004096517e-01 2.472690031861629611e-01 1.184569868001820597e-01 0.000000000000000000e+00
4.300000000000000000e+03 1.719967251760361471e-01 4.453800637232590010e-01 1.990213928083750528e-01 2.446517979062357850e-01 1.109467455621301751e-01 0.000000000000000000e+00
4.325000000000000000e+03 1.729967061363619774e-01 4.390077378243058548e-01 2.019799726900318726e-01 2.410104688211197055e-01 1.180018206645425533e-01 0.000000000000000000e+00
4.350000000000000000e+03 1.739966870966875856e-01 4.413973600364132777e-01 1.983386436049157930e-01 2.378243058716431602e-01 1.224396904870277691e-01 0.000000000000000000e+00
4.375000000000000000e+03 1.749966680570134159e-01 4.353664087391898030e-01 2.001593081474738189e-01 2.361174328629949970e-01 1.283568502503413811e-01 0.000000000000000000e+00
4.400000000000000000e+03 1.759966490173392462e-01 4.377560309512972259e-01 2.008420573509330787e-01 2.346381429221665871e-01 1.267637687756031084e-01 0.000000000000000000e+00
4.425000000000000000e+03 1.769966299776650764e-01 4.421939007737824556e-01 2.033454710969503920e-01 2.363450159308147502e-01 1.181156121984524299e-01 0.000000000000000000e+00
4.450000000000000000e+03 1.779966109379909067e-01 4.426490669094219621e-01 2.044833864360491582e-01 2.352071005917159841e-01 1.176604460628129234e-01 0.000000000000000000e+00
4.475000000000000000e+03 1.789965918983167370e-01 4.431042330450614686e-01 2.106281292671825234e-01 2.336140191169776836e-01 1.126536185707783383e-01 0.000000000000000000e+00
4.500000000000000000e+03 1.799965728586423452e-01 4.417387346381429492e-01 2.130177514792899462e-01 2.349795175238962308e-01 1.102639963586709154e-01 0.000000000000000000e+00
4.525000000000000000e+03 1.809965538189681755e-01 4.442421483841602070e-01 2.115384615384615363e-01 2.369139736003641195e-01 1.073054164770141095e-01 0.000000000000000000e+00
4.550000000000000000e+03 1.819965347792940058e-01 4.417387346381429492e-01 2.195038689121529274e-01 2.344105598543468338e-01 1.043468365953573035e-01 0.000000000000000000e+00
4.575000000000000000e+03 1.829965157396198361e-01 4.429904415111515781e-01 2.225762403277196100e-01 2.309968138370505353e-01 1.034365043240782905e-01 0.000000000000000000e+00
4.600000000000000000e+03 1.839964966999456664e-01 4.473145197997269173e-01 2.272416932180245652e-01 2.215521165225307343e-01 1.038916704597177970e-01 0.000000000000000000e+00
4.625000000000000000e+03 1.849964776602712746e-01 4.467455621301775204e-01 2.249658625398270329e-01 2.243969048702776636e-01 1.038916704597177970e-01 0.000000000000000000e+00
4.650000000000000000e+03 1.859964586205971049e-01 4.427628584433317971e-01 2.245106964041875264e-01 2.312243969048702885e-01 1.015020482476103741e-01 0.000000000000000000e+00
4.675000000000000000e+03 1.869964395809229352e-01 4.493627674101046687e-01 2.267865270823850588e-01 2.241693218024579104e-01 9.968138370505234824e-02 0.000000000000000000e+00
4.700000000000000000e+03 1.879964205412487654e-01 4.426490669094219621e-01 2.295175238962221254e-01 2.273554847519344557e-01 1.004779244424214846e-01 0.000000000000000000e+00
4.725000000000000000e+03 1.889964015015745957e-01 4.533454710969503920e-01 2.279244424214838527e-01 2.222348657259899940e-01 9.649522075557578904e-02 0.000000000000000000e+00
4.750000000000000000e+03 1.899963824619004260e-01 4.506144742831133532e-01 2.254210286754665393e-01 2.239417387346381294e-01 1.000227583067819781e-01 0.000000000000000000e+00
4.775000000000000000e+03 1.909963634222260342e-01 4.522075557578515981e-01 2.274692762858443462e-01 2.216659080564405970e-01 9.865725989986344480e-02 0.000000000000000000e+00
4.800000000000000000e+03 1.919963443825518645e-01 4.637005006827492060e-01 2.205279927173418308e-01 2.250796540737369233e-01 9.069185252617205373e-02 0.000000000000000000e+00
4.825000000000000000e+03 1.929963253428776948e-01 4.630177514792899185e-01 2.212107419208010906e-01 2.221210741920801035e-01 9.365043240782885969e-02 0.000000000000000000e+00
4.850000000000000000e+03 1.939963063032035251e-01 4.697314519799726806e-01 2.222348657259899940e-01 2.214383249886208438e-01 8.659535730541648157e-02 0.000000000000000000e+00
4.875000000000000000e+03 1.949962872635293554e-01 4.670004551661356418e-01 2.189349112426035582e-01 2.270141101502048120e-01 8.705052344105598805e-02 0.000000000000000000e+00
4.900000000000000000e+03 1.959962682238551857e-01 4.598315885298133732e-01 2.248520710059171701e-01 2.265589440145653055e-01 8.875739644970413733e-02 0.000000000000000000e+00
4.925000000000000000e+03 1.969962491841807939e-01 4.627901684114701930e-01 2.247382794720072796e-01 2.262175694128356895e-01 8.625398270368685172e-02 0.000000000000000000e+00
4.950000000000000000e+03 1.979962301445066242e-01 4.657487482931270129e-01 2.240555302685480199e-01 2.216659080564405970e-01 8.852981338188438409e-02 0.000000000000000000e+00
4.975000000000000000e+03 1.989962111048324545e-01 4.665452890304961353e-01 2.272416932180245652e-01 2.253072371415566766e-01 8.090578060992262288e-02 0.000000000000000000e+00
5.000000000000000000e+03 1.999961920651582847e-01 4.668866636322257513e-01 2.311106053709603980e-01 2.214383249886208438e-01 8.056440600819299303e-02 0.000000000000000000e+00
5.025000000000000000e+03 2.009961730254841150e-01 4.706417842512516936e-01 2.282658170232134687e-01 2.259899863450159363e-01 7.510241238051888757e-02 0.000000000000000000e+00
5.050000000000000000e+03 2.019961539858097233e-01 4.708693673190714746e-01 2.330450614474283144e-01 2.253072371415566766e-01 7.077833409194356218e-02 0.000000000000000000e+00
5.075000000000000000e+03 2.029961349461355535e-01 4.725762403277196100e-01 2.331588529813381772e-01 2.217796995903504875e-01 7.248520710059171146e-02 0.000000000000000000e+00
5.100000000000000000e+03 2.039961159064613838e-01 4.662039144287665193e-01 2.331588529813381772e-01 2.262175694128356895e-01 7.441966317705962786e-02 0.000000000000000000e+00
5.125000000000000000e+03 2.049960968667872141e-01 4.720072826581702130e-01 2.323623122439690547e-01 2.247382794720072796e-01 7.089212562585343880e-02 0.000000000000000000e+00
5.150000000000000000e+03 2.059960778271130444e-01 4.790623577605825911e-01 2.323623122439690547e-01 2.180245789713245452e-01 7.055075102412380894e-02 0.000000000000000000e+00
5.175000000000000000e+03 2.069960587874388747e-01 4.814519799726900140e-01 2.303140646335912478e-01 2.195038689121529274e-01 6.873008648156576916e-02 0.000000000000000000e+00
5.200000000000000000e+03 2.079960397477644829e-01 4.787209831588529751e-01 2.290623577605826189e-01 2.228038233955393632e-01 6.941283568502502888e-02 0.000000000000000000e+00
5.225000000000000000e+03 2.089960207080903132e-01 4.816795630405097950e-01 2.292899408284023721e-01 2.184797451069640517e-01 7.055075102412380894e-02 0.000000000000000000e+00
5.250000000000000000e+03 2.099960016684161435e-01 4.814519799726900140e-01 2.282658170232134687e-01 2.208693673190714746e-01 6.941283568502502888e-02 0.000000000000000000e+00
5.275000000000000000e+03 2.109959826287419737e-01 4.838416021847974369e-01 2.292899408284023721e-01 2.215521165225307343e-01 6.531634046426945672e-02 0.000000000000000000e+00
5.300000000000000000e+03 2.119959635890678040e-01 4.874829312699135442e-01 2.291761492944924816e-01 2.157487482931269851e-01 6.759217114246700298e-02 0.000000000000000000e+00
5.325000000000000000e+03 2.129959445493936343e-01 4.865725989986344757e-01 2.311106053709603980e-01 2.156349567592171224e-01 6.668183887118799003e-02 0.000000000000000000e+00
5.350000000000000000e+03 2.139959255097192425e-01 4.929449248975876219e-01 2.315657715065999045e-01 2.135867091488393155e-01 6.190259444697314428e-02 0.000000000000000000e+00
5.375000000000000000e+03 2.149959064700450728e-01 4.901001365498406925e-01 2.350933090578060936e-01 2.126763768775603025e-01 6.213017751479289752e-02 0.000000000000000000e+00
5.400000000000000000e+03 2.159958874303709031e-01 4.889622212107418986e-01 2.356622667273554905e-01 2.132453345471096995e-01 6.213017751479289752e-02 0.000000000000000000e+00
5.425000000000000000e+03 2.169958683906967334e-01 4.849795175238962308e-01 2.355484751934456000e-01 2.118798361401911801e-01 6.759217114246700298e-02 0.000000000000000000e+00
5.450000000000000000e+03 2.179958493510225637e-01 4.883932635411925571e-01 2.335002275830678209e-01 2.113108784706417831e-01 6.679563040509786664e-02 0.000000000000000000e+00
5.475000000000000000e+03 2.189958303113483939e-01 4.770141101502048397e-01 2.426035502958579781e-01 2.151797906235776159e-01 6.520254893035958010e-02 0.000000000000000000e+00
5.500000000000000000e+03 2.199958112716740022e-01 4.779244424214838527e-01 2.386208466090122826e-01 2.149522075557578626e-01 6.850250341374601593e-02 0.000000000000000000e+00
5.525000000000000000e+03 2.209957922319998325e-01 4.813381884387801790e-01 2.390760127446517891e-01 2.144970414201183562e-01 6.508875739644970349e-02 0.000000000000000000e+00
5.550000000000000000e+03 2.219957731923256627e-01 4.875967228038233792e-01 2.346381429221665871e-01 2.143832498862084657e-01 6.338188438780155420e-02 0.000000000000000000e+00
5.575000000000000000e+03 2.229957541526514930e-01 4.841829767865271084e-01 2.368001820664542567e-01 2.149522075557578626e-01 6.406463359126081392e-02 0.000000000000000000e+00
5.600000000000000000e+03 2.239957351129773233e-01 4.809968138370505075e-01 2.416932180245789652e-01 2.109695038689121394e-01 6.634046426945834629e-02 0.000000000000000000e+00
5.625000000000000000e+03 2.249957160733029315e-01 4.885070550751023921e-01 2.411242603550295960e-01 2.094902139280837572e-01 6.087847064178425471e-02 0.000000000000000000e+00
5.650000000000000000e+03 2.259956970336287618e-01 4.827036868456986984e-01 2.424897587619481154e-01 2.096040054619936199e-01 6.520254893035958010e-02 0.000000000000000000e+00
5.675000000000000000e+03 2.269956779939545921e-01 4.812243969048702885e-01 2.459035047792444140e-01 2.113108784706417831e-01 6.156121984524351443e-02 0.000000000000000000e+00
