# itime ezz other fcc hcp bcc ico
0.000000000000000000e+00 0.000000000000000000e+00 0.000000000000000000e+00 1.000000000000000000e+00 0.000000000000000000e+00 0.000000000000000000e+00 0.000000000000000000e+00
2.500000000000000000e+01 9.999780753562337310e-04 0.000000000000000000e+00 1.000000000000000000e+00 0.000000000000000000e+00 0.000000000000000000e+00 0.000000000000000000e+00
5.000000000000000000e+01 1.999956150712467462e-03 0.000000000000000000e+00 1.000000000000000000e+00 0.000000000000000000e+00 0.000000000000000000e+00 0.000000000000000000e+00
7.500000000000000000e+01 2.999934226068701193e-03 0.000000000000000000e+00 1.000000000000000000e+00 0.000000000000000000e+00 0.000000000000000000e+00 0.000000000000000000e+00
1.000000000000000000e+02 3.999912301424934924e-03 0.000000000000000000e+00 1.000000000000000000e+00 0.000000000000000000e+00 0.000000000000000000e+00 0.000000000000000000e+00
1.250000000000000000e+02 4.999890376781168655e-03 0.000000000000000000e+00 1.000000000000000000e+00 0.000000000000000000e+00 0.000000000000000000e+00 0.000000000000000000e+00
1.500000000000000000e+02 5.999868452137624431e-03 0.000000000000000000e+00 1.000000000000000000e+00 0.000000000000000000e+00 0.000000000000000000e+00 0.000000000000000000e+00
1.750000000000000000e+02 6.999846527493858162e-03 0.000000000000000000e+00 1.000000000000000000e+00 0.000000000000000000e+00 0.000000000000000000e+00 0.000000000000000000e+00
2.000000000000000000e+02 7.999824602850091892e-03 0.000000000000000000e+00 1.000000000000000000e+00 0.000000000000000000e+00 0.000000000000000000e+00 0.000000000000000000e+00
2.250000000000000000e+02 8.999802678206325623e-03 0.000000000000000000e+00 1.000000000000000000e+00 0.000000000000000000e+00 0.000000000000000000e+00 0.000000000000000000e+00
2.500000000000000000e+02 9.999780753562559354e-03 0.000000000000000000e+00 1.000000000000000000e+00 0.000000000000000000e+00 0.000000000000000000e+00 0.000000000000000000e+00
2.750000000000000000e+02 1.099975882891879309e-02 0.000000000000000000e+00 1.000000000000000000e+00 0.000000000000000000e+00 0.000000000000000000e+00 0.000000000000000000e+00
3.000000000000000000e+02 1.199973690427502682e-02 0.000000000000000000e+00 1.000000000000000000e+00 0.000000000000000000e+00 0.000000000000000000e+00 0.000000000000000000e+00
3.250000000000000000e+02 1.299971497963126055e-02 0.000000000000000000e+00 1.000000000000000000e+00 0.000000000000000000e+00 0.000000000000000000e+00 0.000000000000000000e+00
3.500000000000000000e+02 1.399969305498749428e-02 0.000000000000000000e+00 1.000000000000000000e+00 0.000000000000000000e+00 0.000000000000000000e+00 0.000000000000000000e+00
3.750000000000000000e+02 1.499967113034372801e-02 0.000000000000000000e+00 1.000000000000000000e+00 0.000000000000000000e+00 0.000000000000000000e+00 0.000000000000000000e+00
4.000000000000000000e+02 1.599964920569996174e-02 0.000000000000000000e+00 1.000000000000000000e+00 0.000000000000000000e+00 0.000000000000000000e+00 0.000000000000000000e+00
4.250000000000000000e+02 1.699962728105641752e-02 0.000000000000000000e+00 1.000000000000000000e+00 0.000000000000000000e+00 0.000000000000000000e+00 0.000000000000000000e+00
4.500000000000000000e+02 1.799960535641265125e-02 0.000000000000000000e+00 1.000000000000000000e+00 0.000000000000000000e+00 0.000000000000000000e+00 0.000000000000000000e+00
4.750000000000000000e+02 1.899958343176888498e-02 0.000000000000000000e+00 1.000000000000000000e+00 0.000000000000000000e+00 0.000000000000000000e+00 0.000000000000000000e+00
5.000000000000000000e+02 1.999956150712511871e-02 0.000000000000000000e+00 1.000000000000000000e+00 0.000000000000000000e+00 0.000000000000000000e+00 0.000000000000000000e+00
5.250000000000000000e+02 2.099953958248135244e-02 0.000000000000000000e+00 1.000000000000000000e+00 0.000000000000000000e+00 0.000000000000000000e+00 0.000000000000000000e+00
5.500000000000000000e+02 2.199951765783758617e-02 0.000000000000000000e+00 1.000000000000000000e+00 0.000000000000000000e+00 0.000000000000000000e+00 0.000000000000000000e+00
5.750000000000000000e+02 2.299949573319381990e-02 0.000000000000000000e+00 1.000000000000000000e+00 0.000000000000000000e+00 0.000000000000000000e+00 0.000000000000000000e+00
6.000000000000000000e+02 2.399947380855005363e-02 0.000000000000000000e+00 1.000000000000000000e+00 0.000000000000000000e+00 0.000000000000000000e+00 0.000000000000000000e+00
6.250000000000000000e+02 2.499945188390628736e-02 0.000000000000000000e+00 1.000000000000000000e+00 0.000000000000000000e+00 0.000000000000000000e+00 0.000000000000000000e+00
6.500000000000000000e+02 2.599942995926252109e-02 0.000000000000000000e+00 1.000000000000000000e+00 0.000000000000000000e+00 0.000000000000000000e+00 0.000000000000000000e+00
6.750000000000000000e+02 2.699940803461875483e-02 0.000000000000000000e+00 1.000000000000000000e+00 0.000000000000000000e+00 0.000000000000000000e+00 0.000000000000000000e+00
7.000000000000000000e+02 2.799938610997521060e-02 0.000000000000000000e+00 1.000000000000000000e+00 0.000000000000000000e+00 0.000000000000000000e+00 0.000000000000000000e+00
7.250000000000000000e+02 2.899936418533144433e-02 0.000000000000000000e+00 1.000000000000000000e+00 0.000000000000000000e+00 0.000000000000000000e+00 0.000000000000000000e+00
7.500000000000000000e+02 2.999934226068767806e-02 0.000000000000000000e+00 1.000000000000000000e+00 0.000000000000000000e+00 0.000000000000000000e+00 0.000000000000000000e+00
7.750000000000000000e+02 3.099932033604391179e-02 0.000000000000000000e+00 1.000000000000000000e+00 0.000000000000000000e+00 0.000000000000000000e+00 0.000000000000000000e+00
8.000000000000000000e+02 3.199929841140014553e-02 0.000000000000000000e+00 1.000000000000000000e+00 0.000000000000000000e+00 0.000000000000000000e+00 0.000000000000000000e+00
8.250000000000000000e+02 3.299927648675637926e-02 0.000000000000000000e+00 1.000000000000000000e+00 0.000000000000000000e+00 0.000000000000000000e+00 0.000000000000000000e+00
8.500000000000000000e+02 3.399925456211261299e-02 0.000000000000000000e+00 1.000000000000000000e+00 0.000000000000000000e+00 0.000000000000000000e+00 0.000000000000000000e+00
8.750000000000000000e+02 3.499923263746884672e-02 0.000000000000000000e+00 1.000000000000000000e+00 0.000000000000000000e+00 0.000000000000000000e+00 0.000000000000000000e+00
9.000000000000000000e+02 3.599921071282508045e-02 0.000000000000000000e+00 1.000000000000000000e+00 0.000000000000000000e+00 0.000000000000000000e+00 0.000000000000000000e+00
9.250000000000000000e+02 3.699918878818131418e-02 0.000000000000000000e+00 1.000000000000000000e+00 0.000000000000000000e+00 0.000000000000000000e+00 0.000000000000000000e+00
9.500000000000000000e+02 3.799916686353776996e-02 0.000000000000000000e+00 1.000000000000000000e+00 0.000000000000000000e+00 0.000000000000000000e+00 0.000000000000000000e+00
9.750000000000000000e+02 3.899914493889400369e-02 0.000000000000000000e+00 1.000000000000000000e+00 0.000000000000000000e+00 0.000000000000000000e+00 0.000000000000000000e+00
1.000000000000000000e+03 3.999912301425023742e-02 0.000000000000000000e+00 1.000000000000000000e+00 0.000000000000000000e+00 0.000000000000000000e+00 0.000000000000000000e+00
1.025000000000000000e+03 4.099910108960647115e-02 0.000000000000000000e+00 1.000000000000000000e+00 0.000000000000000000e+00 0.000000000000000000e+00 0.000000000000000000e+00
1.050000000000000000e+03 4.199907916496270488e-02 0.000000000000000000e+00 1.000000000000000000e+00 0.000000000000000000e+00 0.000000000000000000e+00 0.000000000000000000e+00
1.075000000000000000e+03 4.299905724031893861e-02 0.000000000000000000e+00 1.000000000000000000e+00 0.000000000000000000e+00 0.000000000000000000e+00 0.000000000000000000e+00
1.100000000000000000e+03 4.399903531567517234e-02 0.000000000000000000e+00 1.000000000000000000e+00 0.000000000000000000e+00 0.000000000000000000e+00 0.000000000000000000e+00
1.125000000000000000e+03 4.499901339103140607e-02 0.000000000000000000e+00 1.000000000000000000e+00 0.000000000000000000e+00 0.000000000000000000e+00 0.000000000000000000e+00
1.150000000000000000e+03 4.599899146638763980e-02 0.000000000000000000e+00 1.000000000000000000e+00 0.000000000000000000e+00 0.000000000000000000e+00 0.000000000000000000e+00
1.175000000000000000e+03 4.699896954174387353e-02 0.000000000000000000e+00 1.000000000000000000e+00 0.000000000000000000e+00 0.000000000000000000e+00 0.000000000000000000e+00
1.200000000000000000e+03 4.799894761710010727e-02 0.000000000000000000e+00 1.000000000000000000e+00 0.000000000000000000e+00 0.000000000000000000e+00 0.000000000000000000e+00
1.225000000000000000e+03 4.899892569245656304e-02 0.000000000000000000e+00 1.000000000000000000e+00 0.000000000000000000e+00 0.000000000000000000e+00 0.000000000000000000e+00
1.250000000000000000e+03 4.999890376781279677e-02 0.000000000000000000e+00 1.000000000000000000e+00 0.000000000000000000e+00 0.000000000000000000e+00 0.000000000000000000e+00
1.275000000000000000e+03 5.099888184316903050e-02 0.000000000000000000e+00 1.000000000000000000e+00 0.000000000000000000e+00 0.000000000000000000e+00 0.000000000000000000e+00
1.300000000000000000e+03 5.199885991852526423e-02 0.000000000000000000e+00 1.000000000000000000e+00 0.000000000000000000e+00 0.000000000000000000e+00 0.000000000000000000e+00
1.325000000000000000e+03 5.299883799388149797e-02 0.000000000000000000e+00 1.000000000000000000e+00 0.000000000000000000e+00 0.000000000000000000e+00 0.000000000000000000e+00
1.350000000000000000e+03 5.399881606923773170e-02 0.000000000000000000e+00 1.000000000000000000e+00 0.000000000000000000e+00 0.000000000000000000e+00 0.000000000000000000e+00
1.375000000000000000e+03 5.499879414459396543e-02 0.000000000000000000e+00 1.000000000000000000e+00 0.000000000000000000e+00 0.000000000000000000e+00 0.000000000000000000e+00
1.400000000000000000e+03 5.599877221995019916e-02 0.000000000000000000e+00 1.000000000000000000e+00 0.000000000000000000e+00 0.000000000000000000e+00 0.000000000000000000e+00
1.425000000000000000e+03 5.699875029530643289e-02 0.000000000000000000e+00 1.000000000000000000e+00 0.000000000000000000e+00 0.000000000000000000e+00 0.000000000000000000e+00
1.450000000000000000e+03 5.799872837066266662e-02 0.000000000000000000e+00 1.000000000000000000e+00 0.000000000000000000e+00 0.000000000000000000e+00 0.000000000000000000e+00
1.475000000000000000e+03 5.899870644601890035e-02 4.551661356395084266e-04 9.995448338643604380e-01 0.000000000000000000e+00 0.000000000000000000e+00 0.000000000000000000e+00
1.500000000000000000e+03 5.999868452137535613e-02 0.000000000000000000e+00 1.000000000000000000e+00 0.000000000000000000e+00 0.000000000000000000e+00 0.000000000000000000e+00
1.525000000000000000e+03 6.099866259673158986e-02 0.000000000000000000e+00 1.000000000000000000e+00 0.000000000000000000e+00 0.000000000000000000e+00 0.000000000000000000e+00
1.550000000000000000e+03 6.199864067208782359e-02 0.000000000000000000e+00 1.000000000000000000e+00 0.000000000000000000e+00 0.000000000000000000e+00 0.000000000000000000e+00
1.575000000000000000e+03 6.299861874744405732e-02 0.000000000000000000e+00 1.000000000000000000e+00 0.000000000000000000e+00 0.000000000000000000e+00 0.000000000000000000e+00
1.600000000000000000e+03 6.399859682280029105e-02 0.000000000000000000e+00 1.000000000000000000e+00 0.000000000000000000e+00 0.000000000000000000e+00 0.000000000000000000e+00
1.625000000000000000e+03 6.499857489815652478e-02 0.000000000000000000e+00 1.000000000000000000e+00 0.000000000000000000e+00 0.000000000000000000e+00 0.000000000000000000e+00
1.650000000000000000e+03 6.599855297351275851e-02 0.000000000000000000e+00 1.000000000000000000e+00 0.000000000000000000e+00 0.000000000000000000e+00 0.000000000000000000e+00
1.675000000000000000e+03 6.699853104886899224e-02 0.000000000000000000e+00 1.000000000000000000e+00 0.000000000000000000e+00 0.000000000000000000e+00 0.000000000000000000e+00
1.700000000000000000e+03 6.799850912422522597e-02 0.000000000000000000e+00 1.000000000000000000e+00 0.000000000000000000e+00 0.000000000000000000e+00 0.000000000000000000e+00
1.725000000000000000e+03 6.899848719958145971e-02 0.000000000000000000e+00 1.000000000000000000e+00 0.000000000000000000e+00 0.000000000000000000e+00 0.000000000000000000e+00
1.750000000000000000e+03 6.999846527493769344e-02 0.000000000000000000e+00 1.000000000000000000e+00 0.000000000000000000e+00 0.000000000000000000e+00 0.000000000000000000e+00
1.775000000000000000e+03 7.099844335029414921e-02 1.137915339098771066e-04 9.998862084660901095e-01 0.000000000000000000e+00 0.000000000000000000e+00 0.000000000000000000e+00
1.800000000000000000e+03 7.199842142565038294e-02 3.413746017296313199e-04 9.996586253982703285e-01 0.000000000000000000e+00 0.000000000000000000e+00 0.000000000000000000e+00
1.825000000000000000e+03 7.299839950100661667e-02 0.000000000000000000e+00 1.000000000000000000e+00 0.000000000000000000e+00 0.000000000000000000e+00 0.000000000000000000e+00
1.850000000000000000e+03 7.399837757636285041e-02 0.000000000000000000e+00 1.000000000000000000e+00 0.000000000000000000e+00 0.000000000000000000e+00 0.000000000000000000e+00
1.875000000000000000e+03 7.499835565171908414e-02 0.000000000000000000e+00 1.000000000000000000e+00 0.000000000000000000e+00 0.000000000000000000e+00 0.000000000000000000e+00
1.900000000000000000e+03 7.599833372707531787e-02 2.275830678197542133e-04 9.997724169321802190e-01 0.000000000000000000e+00 0.000000000000000000e+00 0.000000000000000000e+00
1.925000000000000000e+03 7.699831180243155160e-02 0.000000000000000000e+00 1.000000000000000000e+00 0.000000000000000000e+00 0.000000000000000000e+00 0.000000000000000000e+00
1.950000000000000000e+03 7.799828987778778533e-02 0.000000000000000000e+00 1.000000000000000000e+00 0.000000000000000000e+00 0.000000000000000000e+00 0.000000000000000000e+00
1.975000000000000000e+03 7.899826795314401906e-02 0.000000000000000000e+00 1.000000000000000000e+00 0.000000000000000000e+00 0.000000000000000000e+00 0.000000000000000000e+00
2.000000000000000000e+03 7.999824602850025279e-02 4.551661356395084266e-04 9.995448338643604380e-01 0.000000000000000000e+00 0.000000000000000000e+00 0.000000000000000000e+00
2.025000000000000000e+03 8.099822410385648652e-02 1.137915339098771066e-04 9.997724169321802190e-01 0.000000000000000000e+00 1.137915339098771066e-04 0.000000000000000000e+00
2.050000000000000000e+03 8.199820217921294230e-02 6.827492034592626399e-04 9.993172507965407680e-01 0.000000000000000000e+00 0.000000000000000000e+00 0.000000000000000000e+00
2.075000000000000000e+03 8.299818025456917603e-02 3.413746017296313199e-04 9.996586253982703285e-01 0.000000000000000000e+00 0.000000000000000000e+00 0.000000000000000000e+00
2.100000000000000000e+03 8.399815832992540976e-02 6.827492034592626399e-04 9.993172507965407680e-01 0.000000000000000000e+00 0.000000000000000000e+00 0.000000000000000000e+00
2.125000000000000000e+03 8.499813640528164349e-02 0.000000000000000000e+00 1.000000000000000000e+00 0.000000000000000000e+00 0.000000000000000000e+00 0.000000000000000000e+00
2.150000000000000000e+03 8.599811448063787722e-02 4.551661356395084266e-04 9.995448338643604380e-01 0.000000000000000000e+00 0.000000000000000000e+00 0.000000000000000000e+00
2.175000000000000000e+03 8.699809255599411095e-02 0.000000000000000000e+00 1.000000000000000000e+00 0.000000000000000000e+00 0.000000000000000000e+00 0.000000000000000000e+00
2.200000000000000000e+03 8.799807063135034468e-02 1.137915339098771066e-04 9.998862084660901095e-01 0.000000000000000000e+00 0.000000000000000000e+00 0.000000000000000000e+00
2.225000000000000000e+03 8.899804870670657841e-02 6.827492034592626399e-04 9.993172507965407680e-01 0.000000000000000000e+00 0.000000000000000000e+00 0.000000000000000000e+00
2.250000000000000000e+03 8.999802678206281215e-02 6.827492034592626399e-04 9.993172507965407680e-01 0.000000000000000000e+00 0.000000000000000000e+00 0.000000000000000000e+00
2.275000000000000000e+03 9.099800485741904588e-02 3.413746017296313199e-04 9.996586253982703285e-01 0.000000000000000000e+00 0.000000000000000000e+00 0.000000000000000000e+00
2.300000000000000000e+03 9.199798293277550165e-02 1.251706873008648227e-03 9.985207100591716456e-01 0.000000000000000000e+00 2.275830678197542133e-04 0.000000000000000000e+00
2.325000000000000000e+03 9.299796100813173538e-02 0.000000000000000000e+00 1.000000000000000000e+00 0.000000000000000000e+00 0.000000000000000000e+00 0.000000000000000000e+00
2.350000000000000000e+03 9.399793908348796911e-02 1.137915339098770958e-03 9.988620846609012061e-01 0.000000000000000000e+00 0.000000000000000000e+00 0.000000000000000000e+00
2.375000000000000000e+03 9.499791715884420285e-02 1.024123805188893906e-03 9.989758761948110966e-01 0.000000000000000000e+00 0.000000000000000000e+00 0.000000000000000000e+00
2.400000000000000000e+03 9.599789523420043658e-02 1.024123805188893906e-03 9.989758761948110966e-01 0.000000000000000000e+00 0.000000000000000000e+00 0.000000000000000000e+00
2.425000000000000000e+03 9.699787330955667031e-02 2.389622212107419402e-03 9.974965862539827421e-01 0.000000000000000000e+00 1.137915339098771066e-04 0.000000000000000000e+00
2.450000000000000000e+03 9.799785138491290404e-02 1.706873008648156654e-03 9.982931269913518646e-01 0.000000000000000000e+00 0.000000000000000000e+00 0.000000000000000000e+00
2.475000000000000000e+03 9.899782946026913777e-02 2.389622212107419402e-03 9.974965862539827421e-01 0.000000000000000000e+00 1.137915339098771066e-04 0.000000000000000000e+00
2.500000000000000000e+03 9.999780753562537150e-02 2.162039144287664864e-03 9.978379608557123026e-01 0.000000000000000000e+00 0.000000000000000000e+00 0.000000000000000000e+00
2.525000000000000000e+03 1.009977856109816052e-01 1.706873008648156654e-03 9.980655439235320836e-01 0.000000000000000000e+00 2.275830678197542133e-04 0.000000000000000000e+00
2.550000000000000000e+03 1.019977636863378390e-01 2.844788347746927612e-03 9.969276285844332897e-01 0.000000000000000000e+00 2.275830678197542133e-04 0.000000000000000000e+00
2.575000000000000000e+03 1.029977417616942947e-01 2.162039144287664864e-03 9.977241693218024121e-01 0.000000000000000000e+00 1.137915339098771066e-04 0.000000000000000000e+00
2.600000000000000000e+03 1.039977198370505285e-01 1.251706873008648227e-03 9.986345015930814251e-01 0.000000000000000000e+00 1.137915339098771066e-04 0.000000000000000000e+00
2.625000000000000000e+03 1.049976979124067622e-01 3.413746017296313308e-03 9.964724624487938387e-01 0.000000000000000000e+00 1.137915339098771066e-04 0.000000000000000000e+00
2.650000000000000000e+03 1.059976759877629959e-01 5.348202093764223633e-03 9.941966317705962508e-01 0.000000000000000000e+00 4.551661356395084266e-04 0.000000000000000000e+00
2.675000000000000000e+03 1.069976540631192297e-01 6.144742831133363434e-03 9.937414656349567998e-01 0.000000000000000000e+00 1.137915339098771066e-04 0.000000000000000000e+00
2.700000000000000000e+03 1.079976321384754634e-01 2.730996813837050560e-03 9.967000455166135087e-01 0.000000000000000000e+00 5.689576695493854790e-04 0.000000000000000000e+00
2.725000000000000000e+03 1.089976102138316971e-01 6.144742831133363434e-03 9.935138825671370189e-01 0.000000000000000000e+00 3.413746017296313199e-04 0.000000000000000000e+00
2.750000000000000000e+03 1.099975882891879309e-01 7.282658170232134826e-03 9.926035502958580059e-01 0.000000000000000000e+00 1.137915339098771066e-04 0.000000000000000000e+00
2.775000000000000000e+03 1.109975663645441646e-01 5.689576695493855224e-03 9.941966317705962508e-01 0.000000000000000000e+00 1.137915339098771066e-04 0.000000000000000000e+00
2.800000000000000000e+03 1.119975444399003983e-01 1.012744651797906244e-02 9.893035958124715146e-01 0.000000000000000000e+00 5.689576695493854790e-04 0.000000000000000000e+00
2.825000000000000000e+03 1.129975225152566320e-01 1.058261265361857065e-02 9.890760127446518446e-01 0.000000000000000000e+00 3.413746017296313199e-04 0.000000000000000000e+00
2.850000000000000000e+03 1.139975005906130878e-01 1.160673645880746542e-02 9.872553482020938187e-01 0.000000000000000000e+00 1.137915339098770958e-03 0.000000000000000000e+00
2.875000000000000000e+03 1.149974786659693216e-01 1.456531634046426965e-02 9.845243513882566688e-01 0.000000000000000000e+00 9.103322712790168532e-04 0.000000000000000000e+00
2.900000000000000000e+03 1.159974567413255553e-01 1.706873008648156567e-02 9.806554392353209471e-01 0.000000000000000000e+00 2.275830678197541916e-03 0.000000000000000000e+00
2.925000000000000000e+03 1.169974348166817890e-01 1.934456076467910846e-02 9.770141101502047842e-01 0.000000000000000000e+00 3.641329085116067413e-03 0.000000000000000000e+00
2.950000000000000000e+03 1.179974128920380227e-01 2.787892580791988956e-02 9.665452890304960798e-01 0.000000000000000000e+00 5.575785161583977738e-03 0.000000000000000000e+00
2.975000000000000000e+03 1.189973909673942565e-01 4.437869822485206867e-02 9.433318161128811941e-01 0.000000000000000000e+00 1.228948566226672687e-02 0.000000000000000000e+00
3.000000000000000000e+03 1.199973690427504902e-01 7.931269913518433634e-02 8.921256258534364658e-01 0.000000000000000000e+00 2.856167501137915274e-02 0.000000000000000000e+00
3.025000000000000000e+03 1.209973471181067239e-01 9.740555302685480199e-02 8.244196631770596140e-01 0.000000000000000000e+00 7.817478379608557015e-02 0.000000000000000000e+00
3.050000000000000000e+03 1.219973251934629577e-01 1.612426035502958488e-01 6.605598543468366168e-01 0.000000000000000000e+00 1.781975421028675344e-01 0.000000000000000000e+00
3.075000000000000000e+03 1.229973032688191914e-01 2.484069185252617273e-01 4.517523896222120916e-01 0.000000000000000000e+00 2.998406918525261533e-01 0.000000000000000000e+00
3.100000000000000000e+03 1.239972813441754251e-01 3.384160218479745352e-01 2.680928538916704795e-01 1.137915339098771066e-04 3.933773327264451503e-01 0.000000000000000000e+00
3.125000000000000000e+03 1.249972594195318809e-01 3.987255348202093930e-01 1.614701866181156020e-01 0.000000000000000000e+00 4.398042785616750328e-01 0.000000000000000000e+00
3.150000000000000000e+03 1.259972374948881146e-01 3.892808375056895920e-01 1.502048247610377751e-01 3.413746017296313199e-04 4.601729631315429891e-01 0.000000000000000000e+00
3.175000000000000000e+03 1.269972155702443484e-01 3.574192080109239722e-01 1.634046426945835184e-01 2.275830678197542133e-04 4.789485662266727561e-01 0.000000000000000000e+00
3.200000000000000000e+03 1.279971936456005821e-01 3.359126081019572219e-01 1.770596267637687682e-01 2.275830678197542133e-04 4.868001820664542567e-01 0.000000000000000000e+00
3.225000000000000000e+03 1.289971717209568158e-01 3.549157942649067143e-01 1.771734182976786587e-01 3.413746017296313199e-04 4.675694128356850388e-01 0.000000000000000000e+00
3.250000000000000000e+03 1.299971497963130496e-01 3.782430587164314906e-01 1.709148839326354030e-01 4.551661356395084266e-04 4.503868912152935722e-01 0.000000000000000000e+00
3.275000000000000000e+03 1.309971278716692833e-01 3.724396904870277414e-01 1.692080109239872676e-01 1.820664542558033706e-03 4.565316340464269373e-01 0.000000000000000000e+00
3.300000000000000000e+03 1.319971059470255170e-01 3.482020937642239522e-01 1.888939462903959920e-01 6.827492034592626616e-03 4.560764679107874309e-01 0.000000000000000000e+00
3.325000000000000000e+03 1.329970840223817508e-01 3.155439235320892100e-01 1.936731907146108378e-01 1.388256713700500647e-02 4.769003186162949492e-01 0.000000000000000000e+00
3.350000000000000000e+03 1.339970620977379845e-01 3.161128812016386069e-01 1.786527082385070686e-01 1.968593536640873831e-02 4.855484751934456278e-01 0.000000000000000000e+00
3.375000000000000000e+03 1.349970401730942182e-01 3.183887118798361393e-01 1.752389622212107423e-01 3.106508875739644876e-02 4.753072371415566488e-01 0.000000000000000000e+00
3.400000000000000000e+03 1.359970182484506740e-01 3.203231679563040557e-01 1.847974510696404060e-01 4.426490669094219205e-02 4.506144742831133532e-01 0.000000000000000000e+00
3.425000000000000000e+03 1.369969963238069077e-01 3.402366863905325611e-01 1.893491124260354985e-01 5.871643149749658508e-02 4.116977696859353553e-01 0.000000000000000000e+00
3.450000000000000000e+03 1.379969743991631415e-01 3.482020937642239522e-01 2.058488848429676776e-01 7.954028220300408958e-02 3.664087391898042667e-01 0.000000000000000000e+00
3.475000000000000000e+03 1.389969524745193752e-01 3.746017296313154388e-01 2.086936731907146070e-01 9.786071916249430847e-02 3.188438780154756458e-01 0.000000000000000000e+00
3.500000000000000000e+03 1.399969305498756089e-01 3.731224396904870289e-01 2.276968593536640995e-01 1.172052799271734169e-01 2.819754210286754548e-01 0.000000000000000000e+00
3.525000000000000000e+03 1.409969086252318426e-01 3.774465179790623681e-01 2.504551661356395065e-01 1.382567137005006885e-01 2.338416021847974646e-01 0.000000000000000000e+00
3.550000000000000000e+03 1.419968867005880764e-01 3.831360946745562268e-01 2.657032316795630567e-01 1.511151570323167881e-01 2.000455166135639562e-01 0.000000000000000000e+00
3.575000000000000000e+03 1.429968647759443101e-01 3.838188438780154588e-01 2.832271279016841392e-01 1.547564861174328676e-01 1.781975421028675344e-01 0.000000000000000000e+00
3.600000000000000000e+03 1.439968428513005438e-01 3.775603095129722586e-01 3.021165225307237412e-01 1.620391442876649990e-01 1.582840236686390567e-01 0.000000000000000000e+00
3.625000000000000000e+03 1.449968209266567776e-01 3.855257168866636497e-01 3.072371415566682029e-01 1.581702321347291662e-01 1.490669094219390090e-01 0.000000000000000000e+00
3.650000000000000000e+03 1.459967990020130113e-01 3.773327264451524776e-01 3.139508420573509095e-01 1.713700500682749095e-01 1.373463814292216756e-01 0.000000000000000000e+00
3.675000000000000000e+03 1.469967770773694671e-01 3.727810650887574129e-01 3.228265817023213691e-01 1.777423759672280279e-01 1.266499772416932179e-01 0.000000000000000000e+00
3.700000000000000000e+03 1.479967551527257008e-01 3.725534820209376319e-01 3.293126991351843502e-01 1.766044606281292617e-01 1.215293582157487423e-01 0.000000000000000000e+00
3.725000000000000000e+03 1.489967332280819345e-01 3.819981793354574329e-01 3.286299499317250628e-01 1.687528447883477334e-01 1.206190259444697294e-01 0.000000000000000000e+00
3.750000000000000000e+03 1.499967113034381683e-01 3.673190714610832797e-01 3.404642694583522866e-01 1.665908056440600915e-01 1.256258534365043145e-01 0.000000000000000000e+00
3.775000000000000000e+03 1.509966893787944020e-01 3.673190714610832797e-01 3.462676376877560358e-01 1.671597633136094607e-01 1.192535275375512099e-01 0.000000000000000000e+00
3.800000000000000000e+03 1.519966674541506357e-01 3.640191169776968438e-01 3.503641329085115941e-01 1.645425580336822846e-01 1.210741920801092358e-01 0.000000000000000000e+00
3.825000000000000000e+03 1.529966455295068695e-01 3.675466545289030607e-01 3.408056440600819026e-01 1.679563040509786109e-01 1.236913973600364119e-01 0.000000000000000000e+00
3.850000000000000000e+03 1.539966236048631032e-01 3.723258989531179064e-01 3.393263541192535482e-01 1.694355939918070209e-01 1.189121529358215801e-01 0.000000000000000000e+00
3.875000000000000000e+03 1.549966016802193369e-01 3.682294037323622926e-01 3.447883477469276259e-01 1.687528447883477334e-01 1.182294037323623065e-01 0.000000000000000000e+00
3.900000000000000000e+03 1.559965797555755707e-01 3.698224852071005930e-01 3.508192990441511006e-01 1.669321802457897075e-01 1.124260355029585851e-01 0.000000000000000000e+00
3.925000000000000000e+03 1.569965578309320264e-01 3.669776968593536637e-01 3.497951752389621971e-01 1.692080109239872676e-01 1.140191169776968577e-01 0.000000000000000000e+00
3.950000000000000000e+03 1.579965359062882602e-01 3.693673190714610866e-01 3.493400091033226906e-01 1.670459717796995980e-01 1.142467000455166110e-01 0.000000000000000000e+00
3.975000000000000000e+03 1.589965139816444939e-01 3.702776513427400995e-01 3.512744651797906070e-01 1.718252162039144160e-01 1.066226672735548497e-01 0.000000000000000000e+00
4.000000000000000000e+03 1.599964920570007276e-01 3.682294037323622926e-01 3.574192080109239722e-01 1.774010013654984119e-01 9.695038689121529552e-02 0.000000000000000000e+00
4.025000000000000000e+03 1.609964701323569614e-01 3.689121529358215801e-01 3.627674101046882149e-01 1.746700045516613453e-01 9.365043240782885969e-02 0.000000000000000000e+00
4.050000000000000000e+03 1.619964482077131951e-01 3.635639508420573374e-01 3.681156121984524576e-01 1.750113791533909890e-01 9.330905780609922984e-02 0.000000000000000000e+00
4.075000000000000000e+03 1.629964262830694288e-01 3.690259444697314706e-01 3.724396904870277414e-01 1.741010468821119761e-01 8.443331816112881194e-02 0.000000000000000000e+00
4.100000000000000000e+03 1.639964043584256626e-01 3.618570778334092020e-01 3.786982248520709970e-01 1.788802913063268218e-01 8.056440600819299303e-02 0.000000000000000000e+00
4.125000000000000000e+03 1.649963824337818963e-01 3.705052344105598805e-01 3.775603095129722586e-01 1.759217114246700020e-01 7.601274465179790052e-02 0.000000000000000000e+00
4.150000000000000000e+03 1.659963605091381300e-01 3.687983614019116896e-01 3.775603095129722586e-01 1.770596267637687682e-01 7.658170232134729749e-02 0.000000000000000000e+00
4.175000000000000000e+03 1.669963385844943637e-01 3.635639508420573374e-01 3.865498406918525531e-01 1.794492489758761911e-01 7.043695949021393232e-02 0.000000000000000000e+00
4.200000000000000000e+03 1.679963166598508195e-01 3.676604460628129512e-01 3.841602184797451303e-01 1.809285389167046010e-01 6.725079654073737312e-02 0.000000000000000000e+00
4.225000000000000000e+03 1.689962947352070533e-01 3.648156577150660218e-01 3.831360946745562268e-01 1.824078288575330109e-01 6.964041875284478211e-02 0.000000000000000000e+00
4.250000000000000000e+03 1.699962728105632870e-01 3.618570778334092020e-01 3.804050978607191880e-01 1.814974965862539702e-01 7.624032771961765376e-02 0.000000000000000000e+00
4.275000000000000000e+03 1.709962508859195207e-01 3.649294492489758568e-01 3.791533909877105035e-01 1.862767410104688159e-01 6.964041875284478211e-02 0.000000000000000000e+00
4.300000000000000000e+03 1.719962289612757544e-01 3.705052344105598805e-01 3.812016385980883104e-01 1.813837050523441075e-01 6.690942193900774326e-02 0.000000000000000000e+00
4.325000000000000000e+03 1.729962070366319882e-01 3.641329085116067343e-01 3.825671370050068298e-01 1.871870732817478289e-01 6.611288120163859305e-02 0.000000000000000000e+00
4.350000000000000000e+03 1.739961851119882219e-01 3.719845243513882349e-01 3.818843878015475424e-01 1.841147018661811463e-01 6.201638598088302090e-02 0.000000000000000000e+00
4.375000000000000000e+03 1.749961631873444556e-01 3.691397360036413056e-01 3.796085571233500100e-01 1.828629949931725174e-01 6.838871187983613931e-02 0.000000000000000000e+00
4.400000000000000000e+03 1.759961412627006894e-01 3.698224852071005930e-01 3.790395994538006130e-01 1.851388256713700498e-01 6.599908966772871644e-02 0.000000000000000000e+00
4.425000000000000000e+03 1.769961193380569231e-01 3.674328629949931702e-01 3.752844788347746707e-01 1.857077833409194467e-01 7.157487482931269851e-02 0.000000000000000000e+00
4.450000000000000000e+03 1.779960974134131568e-01 3.730086481565771384e-01 3.779016841147018746e-01 1.851388256713700498e-01 6.395084205735093730e-02 0.000000000000000000e+00
4.475000000000000000e+03 1.789960754887696126e-01 3.705052344105598805e-01 3.798361401911697910e-01 1.878698224852070886e-01 6.178880291306326766e-02 0.000000000000000000e+00
4.500000000000000000e+03 1.799960535641258463e-01 3.804050978607191880e-01 3.723258989531179064e-01 1.814974965862539702e-01 6.577150659990896320e-02 0.000000000000000000e+00
4.525000000000000000e+03 1.809960316394820801e-01 3.777878925807919841e-01 3.731224396904870289e-01 1.847974510696404060e-01 6.429221665908056715e-02 0.000000000000000000e+00
4.550000000000000000e+03 1.819960097148383138e-01 3.842740100136549652e-01 3.700500682749203185e-01 1.827492034592626269e-01 6.292671825216203385e-02 0.000000000000000000e+00
4.575000000000000000e+03 1.829959877901945475e-01 3.885980883022303045e-01 3.662949476558943762e-01 1.855939918070095562e-01 5.951297223486572835e-02 0.000000000000000000e+00
4.600000000000000000e+03 1.839959658655507813e-01 3.859808830223031562e-01 3.713017751479290030e-01 1.886663632225762388e-01 5.405097860719162289e-02 0.000000000000000000e+00
4.625000000000000000e+03 1.849959439409070150e-01 3.814292216659080359e-01 3.698224852071005930e-01 1.890077378243058825e-01 5.974055530268548159e-02 0.000000000000000000e+00
4.650000000000000000e+03 1.859959220162632487e-01 3.885980883022303045e-01 3.651570323167956378e-01 1.915111515703231682e-01 5.473372781065088954e-02 0.000000000000000000e+00
4.675000000000000000e+03 1.869959000916194825e-01 3.959945380063722986e-01 3.609467455621301890e-01 1.876422394173873354e-01 5.541647701411014926e-02 0.000000000000000000e+00
4.700000000000000000e+03 1.879958781669757162e-01 3.916704597177970149e-01 3.603777878925807920e-01 1.878698224852070886e-01 6.008192990441511144e-02 0.000000000000000000e+00
4.725000000000000000e+03 1.889958562423319499e-01 3.925807919890760278e-01 3.602639963586709015e-01 1.886663632225762388e-01 5.848884842967683184e-02 0.000000000000000000e+00
4.750000000000000000e+03 1.899958343176884057e-01 3.995220755575785154e-01 3.557123350022758368e-01 1.858215748748293095e-01 5.894401456531633832e-02 0.000000000000000000e+00
4.775000000000000000e+03 1.909958123930446394e-01 3.944014565316340537e-01 3.566226672735548497e-01 1.879836140191169791e-01 6.099226217569413133e-02 0.000000000000000000e+00
4.800000000000000000e+03 1.919957904684008732e-01 4.019116977696859383e-01 3.555985434683659463e-01 1.862767410104688159e-01 5.621301775147929253e-02 0.000000000000000000e+00
4.825000000000000000e+03 1.929957685437571069e-01 3.959945380063722986e-01 3.554847519344560558e-01 1.900318616294947582e-01 5.848884842967683184e-02 0.000000000000000000e+00
4.850000000000000000e+03 1.939957466191133406e-01 4.000910332271279124e-01 3.544606281292672079e-01 1.912835685025034149e-01 5.416477014110149951e-02 0.000000000000000000e+00
4.875000000000000000e+03 1.949957246944695743e-01 4.052116522530723741e-01 3.536640873918980299e-01 1.902594446973145115e-01 5.086481565771506369e-02 0.000000000000000000e+00
4.900000000000000000e+03 1.959957027698258081e-01 4.070323167956304000e-01 3.536640873918980299e-01 1.887801547564861293e-01 5.052344105598543383e-02 0.000000000000000000e+00
4.925000000000000000e+03 1.969956808451820418e-01 4.094219390077378229e-01 3.505917159763313751e-01 1.868456986800182129e-01 5.314064633591260994e-02 0.000000000000000000e+00
4.950000000000000000e+03 1.979956589205382755e-01 4.163632225762403105e-01 3.510468821119708815e-01 1.858215748748293095e-01 4.676832043695949154e-02 0.000000000000000000e+00
4.975000000000000000e+03 1.989956369958945093e-01 4.188666363222576239e-01 3.436504324078288319e-01 1.877560309512972259e-01 4.972690031861629750e-02 0.000000000000000000e+00
5.000000000000000000e+03 1.999956150712507430e-01 4.205735093309057593e-01 3.430814747382794905e-01 1.844560764679107900e-01 5.188893946290396020e-02 0.000000000000000000e+00
5.025000000000000000e+03 2.009955931466071988e-01 4.314974965862539702e-01 3.388711879836140417e-01 1.840009103322712836e-01 4.563040509786071841e-02 0.000000000000000000e+00
5.050000000000000000e+03 2.019955712219634325e-01 4.283113336367774249e-01 3.442193900773782289e-01 1.822940373236231204e-01 4.517523896222121194e-02 0.000000000000000000e+00
5.075000000000000000e+03 2.029955492973196662e-01 4.268320436959490149e-01 3.422849340009103125e-01 1.830905780609922706e-01 4.779244424214838111e-02 0.000000000000000000e+00
5.100000000000000000e+03 2.039955273726759000e-01 4.309285389167045732e-01 3.396677287209831642e-01 1.821802457897132577e-01 4.722348657259899801e-02 0.000000000000000000e+00
5.125000000000000000e+03 2.049955054480321337e-01 4.327492034592626546e-01 3.396677287209831642e-01 1.832043695949021334e-01 4.437869822485206867e-02 0.000000000000000000e+00
5.150000000000000000e+03 2.059954835233883674e-01 4.314974965862539702e-01 3.346609012289485929e-01 1.867319071461083224e-01 4.710969503868912139e-02 0.000000000000000000e+00
5.175000000000000000e+03 2.069954615987446012e-01 4.338871187983613931e-01 3.336367774237596895e-01 1.828629949931725174e-01 4.961310878470642088e-02 0.000000000000000000e+00
5.200000000000000000e+03 2.079954396741008349e-01 4.359353664087392000e-01 3.307919890760127601e-01 1.832043695949021334e-01 5.006827492034592736e-02 0.000000000000000000e+00
5.225000000000000000e+03 2.089954177494570686e-01 4.358215748748293095e-01 3.298816568047337472e-01 1.837733272644515303e-01 5.052344105598543383e-02 0.000000000000000000e+00
5.250000000000000000e+03 2.099953958248133024e-01 4.353664087391898030e-01 3.307919890760127601e-01 1.883249886208466228e-01 4.551661356395084179e-02 0.000000000000000000e+00
5.275000000000000000e+03 2.109953739001697581e-01 4.337733272644515026e-01 3.304506144742830887e-01 1.845698680018206528e-01 5.120619025944470049e-02 0.000000000000000000e+00
5.300000000000000000e+03 2.119953519755259919e-01 4.334319526627218866e-01 3.295402822030040757e-01 1.876422394173873354e-01 4.938552571688666071e-02 0.000000000000000000e+00
5.325000000000000000e+03 2.129953300508822256e-01 4.431042330450614686e-01 3.228265817023213691e-01 1.873008648156577194e-01 4.676832043695949154e-02 0.000000000000000000e+00
5.350000000000000000e+03 2.139953081262384593e-01 4.486800182066454368e-01 3.175921711424670169e-01 1.873008648156577194e-01 4.642694583522986168e-02 0.000000000000000000e+00
5.375000000000000000e+03 2.149952862015946931e-01 4.544833864360491305e-01 3.148611743286299225e-01 1.821802457897132577e-01 4.847519344560764776e-02 0.000000000000000000e+00
5.400000000000000000e+03 2.159952642769509268e-01 4.593764223941738667e-01 3.123577605826126646e-01 1.858215748748293095e-01 4.244424214838415921e-02 0.000000000000000000e+00
5.425000000000000000e+03 2.169952423523071605e-01 4.506144742831133532e-01 3.165680473372781134e-01 1.894629039599453890e-01 4.335457441966317910e-02 0.000000000000000000e+00
5.450000000000000000e+03 2.179952204276633942e-01 4.576695493855257313e-01 3.172507965407373454e-01 1.895766954938552518e-01 3.550295857988165771e-02 0.000000000000000000e+00
5.475000000000000000e+03 2.189951985030196280e-01 4.567592171142467183e-01 3.164542558033682229e-01 1.892353208921256358e-01 3.755120619025944378e-02 0.000000000000000000e+00
5.500000000000000000e+03 2.199951765783758617e-01 4.560764679107874309e-01 3.170232134729176199e-01 1.851388256713700498e-01 4.176149294492489950e-02 0.000000000000000000e+00
5.525000000000000000e+03 2.209951546537320954e-01 4.585798816568047442e-01 3.162266727355484974e-01 1.852526172052799402e-01 3.994082840236686666e-02 0.000000000000000000e+00
5.550000000000000000e+03 2.219951327290885512e-01 4.621074192080109055e-01 3.107646791078743642e-01 1.871870732817478289e-01 3.994082840236686666e-02 0.000000000000000000e+00
5.575000000000000000e+03 2.229951108044447849e-01 4.572143832498862248e-01 3.128129267182521711e-01 1.901456531634046487e-01 3.982703686845699004e-02 0.000000000000000000e+00
5.600000000000000000e+03 2.239950888798010187e-01 4.593764223941738667e-01 3.099681383705052418e-01 1.901456531634046487e-01 4.050978607191624975e-02 0.000000000000000000e+00
5.625000000000000000e+03 2.249950669551572524e-01 4.600591715976331542e-01 3.152025489303595940e-01 1.840009103322712836e-01 4.073736913973600299e-02 0.000000000000000000e+00
5.650000000000000000e+03 2.259950450305134861e-01 4.639280837505689314e-01 3.134956759217114031e-01 1.858215748748293095e-01 3.675466545289030745e-02 0.000000000000000000e+00
5.675000000000000000e+03 2.269950231058697199e-01 4.662039144287665193e-01 3.145197997269003065e-01 1.810423304506144637e-01 3.823395539371871044e-02 0.000000000000000000e+00
