# itime ezz other fcc hcp bcc ico
0.000000000000000000e+00 0.000000000000000000e+00 0.000000000000000000e+00 1.000000000000000000e+00 0.000000000000000000e+00 0.000000000000000000e+00 0.000000000000000000e+00
2.500000000000000000e+01 9.999719692008746108e-04 0.000000000000000000e+00 1.000000000000000000e+00 0.000000000000000000e+00 0.000000000000000000e+00 0.000000000000000000e+00
5.000000000000000000e+01 1.999943938401749222e-03 0.000000000000000000e+00 1.000000000000000000e+00 0.000000000000000000e+00 0.000000000000000000e+00 0.000000000000000000e+00
7.500000000000000000e+01 2.999915907602623832e-03 0.000000000000000000e+00 1.000000000000000000e+00 0.000000000000000000e+00 0.000000000000000000e+00 0.000000000000000000e+00
1.000000000000000000e+02 3.999887876803498443e-03 0.000000000000000000e+00 1.000000000000000000e+00 0.000000000000000000e+00 0.000000000000000000e+00 0.000000000000000000e+00
1.250000000000000000e+02 4.999859846004373054e-03 0.000000000000000000e+00 1.000000000000000000e+00 0.000000000000000000e+00 0.000000000000000000e+00 0.000000000000000000e+00
1.500000000000000000e+02 5.999831815205247665e-03 0.000000000000000000e+00 1.000000000000000000e+00 0.000000000000000000e+00 0.000000000000000000e+00 0.000000000000000000e+00
1.750000000000000000e+02 6.999803784406122276e-03 0.000000000000000000e+00 1.000000000000000000e+00 0.000000000000000000e+00 0.000000000000000000e+00 0.000000000000000000e+00
2.000000000000000000e+02 7.999775753606996886e-03 0.000000000000000000e+00 1.000000000000000000e+00 0.000000000000000000e+00 0.000000000000000000e+00 0.000000000000000000e+00
2.250000000000000000e+02 8.999747722807871497e-03 0.000000000000000000e+00 1.000000000000000000e+00 0.000000000000000000e+00 0.000000000000000000e+00 0.000000000000000000e+00
2.500000000000000000e+02 9.999719692008746108e-03 0.000000000000000000e+00 1.000000000000000000e+00 0.000000000000000000e+00 0.000000000000000000e+00 0.000000000000000000e+00
2.750000000000000000e+02 1.099969166120962072e-02 0.000000000000000000e+00 1.000000000000000000e+00 0.000000000000000000e+00 0.000000000000000000e+00 0.000000000000000000e+00
3.000000000000000000e+02 1.199966363041049533e-02 0.000000000000000000e+00 1.000000000000000000e+00 0.000000000000000000e+00 0.000000000000000000e+00 0.000000000000000000e+00
3.250000000000000000e+02 1.299963559961136994e-02 0.000000000000000000e+00 1.000000000000000000e+00 0.000000000000000000e+00 0.000000000000000000e+00 0.000000000000000000e+00
3.500000000000000000e+02 1.399960756881224455e-02 0.000000000000000000e+00 1.000000000000000000e+00 0.000000000000000000e+00 0.000000000000000000e+00 0.000000000000000000e+00
3.750000000000000000e+02 1.499957953801311916e-02 0.000000000000000000e+00 1.000000000000000000e+00 0.000000000000000000e+00 0.000000000000000000e+00 0.000000000000000000e+00
4.000000000000000000e+02 1.599955150721399377e-02 0.000000000000000000e+00 1.000000000000000000e+00 0.000000000000000000e+00 0.000000000000000000e+00 0.000000000000000000e+00
4.250000000000000000e+02 1.699952347641486838e-02 0.000000000000000000e+00 1.000000000000000000e+00 0.000000000000000000e+00 0.000000000000000000e+00 0.000000000000000000e+00
4.500000000000000000e+02 1.799949544561574299e-02 0.000000000000000000e+00 1.000000000000000000e+00 0.000000000000000000e+00 0.000000000000000000e+00 0.000000000000000000e+00
4.750000000000000000e+02 1.899946741481661761e-02 0.000000000000000000e+00 1.000000000000000000e+00 0.000000000000000000e+00 0.000000000000000000e+00 0.000000000000000000e+00
5.000000000000000000e+02 1.999943938401749222e-02 0.000000000000000000e+00 1.000000000000000000e+00 0.000000000000000000e+00 0.000000000000000000e+00 0.000000000000000000e+00
5.250000000000000000e+02 2.099941135321836683e-02 0.000000000000000000e+00 1.000000000000000000e+00 0.000000000000000000e+00 0.000000000000000000e+00 0.000000000000000000e+00
5.500000000000000000e+02 2.199938332241924144e-02 0.000000000000000000e+00 1.000000000000000000e+00 0.000000000000000000e+00 0.000000000000000000e+00 0.000000000000000000e+00
5.750000000000000000e+02 2.299935529162011605e-02 0.000000000000000000e+00 1.000000000000000000e+00 0.000000000000000000e+00 0.000000000000000000e+00 0.000000000000000000e+00
6.000000000000000000e+02 2.399932726082099066e-02 0.000000000000000000e+00 1.000000000000000000e+00 0.000000000000000000e+00 0.000000000000000000e+00 0.000000000000000000e+00
6.250000000000000000e+02 2.499929923002186527e-02 0.000000000000000000e+00 1.000000000000000000e+00 0.000000000000000000e+00 0.000000000000000000e+00 0.000000000000000000e+00
6.500000000000000000e+02 2.599927119922273988e-02 0.000000000000000000e+00 1.000000000000000000e+00 0.000000000000000000e+00 0.000000000000000000e+00 0.000000000000000000e+00
6.750000000000000000e+02 2.699924316842361449e-02 0.000000000000000000e+00 1.000000000000000000e+00 0.000000000000000000e+00 0.000000000000000000e+00 0.000000000000000000e+00
7.000000000000000000e+02 2.799921513762448910e-02 0.000000000000000000e+00 1.000000000000000000e+00 0.000000000000000000e+00 0.000000000000000000e+00 0.000000000000000000e+00
7.250000000000000000e+02 2.899918710682536371e-02 0.000000000000000000e+00 1.000000000000000000e+00 0.000000000000000000e+00 0.000000000000000000e+00 0.000000000000000000e+00
7.500000000000000000e+02 2.999915907602623832e-02 0.000000000000000000e+00 1.000000000000000000e+00 0.000000000000000000e+00 0.000000000000000000e+00 0.000000000000000000e+00
7.750000000000000000e+02 3.099913104522711293e-02 0.000000000000000000e+00 1.000000000000000000e+00 0.000000000000000000e+00 0.000000000000000000e+00 0.000000000000000000e+00
8.000000000000000000e+02 3.199910301442798755e-02 0.000000000000000000e+00 1.000000000000000000e+00 0.000000000000000000e+00 0.000000000000000000e+00 0.000000000000000000e+00
8.250000000000000000e+02 3.299907498362886216e-02 0.000000000000000000e+00 1.000000000000000000e+00 0.000000000000000000e+00 0.000000000000000000e+00 0.000000000000000000e+00
8.500000000000000000e+02 3.399904695282973677e-02 0.000000000000000000e+00 1.000000000000000000e+00 0.000000000000000000e+00 0.000000000000000000e+00 0.000000000000000000e+00
8.750000000000000000e+02 3.499901892203061138e-02 0.000000000000000000e+00 1.000000000000000000e+00 0.000000000000000000e+00 0.000000000000000000e+00 0.000000000000000000e+00
9.000000000000000000e+02 3.599899089123148599e-02 0.000000000000000000e+00 1.000000000000000000e+00 0.000000000000000000e+00 0.000000000000000000e+00 0.000000000000000000e+00
9.250000000000000000e+02 3.699896286043236060e-02 0.000000000000000000e+00 1.000000000000000000e+00 0.000000000000000000e+00 0.000000000000000000e+00 0.000000000000000000e+00
9.500000000000000000e+02 3.799893482963323521e-02 0.000000000000000000e+00 1.000000000000000000e+00 0.000000000000000000e+00 0.000000000000000000e+00 0.000000000000000000e+00
9.750000000000000000e+02 3.899890679883410982e-02 0.000000000000000000e+00 1.000000000000000000e+00 0.000000000000000000e+00 0.000000000000000000e+00 0.000000000000000000e+00
1.000000000000000000e+03 3.999887876803498443e-02 0.000000000000000000e+00 1.000000000000000000e+00 0.000000000000000000e+00 0.000000000000000000e+00 0.000000000000000000e+00
1.025000000000000000e+03 4.099885073723585904e-02 0.000000000000000000e+00 1.000000000000000000e+00 0.000000000000000000e+00 0.000000000000000000e+00 0.000000000000000000e+00
1.050000000000000000e+03 4.199882270643673365e-02 0.000000000000000000e+00 1.000000000000000000e+00 0.000000000000000000e+00 0.000000000000000000e+00 0.000000000000000000e+00
1.075000000000000000e+03 4.299879467563760826e-02 0.000000000000000000e+00 1.000000000000000000e+00 0.000000000000000000e+00 0.000000000000000000e+00 0.000000000000000000e+00
1.100000000000000000e+03 4.399876664483870492e-02 0.000000000000000000e+00 1.000000000000000000e+00 0.000000000000000000e+00 0.000000000000000000e+00 0.000000000000000000e+00
1.125000000000000000e+03 4.499873861403957953e-02 0.000000000000000000e+00 1.000000000000000000e+00 0.000000000000000000e+00 0.000000000000000000e+00 0.000000000000000000e+00
1.150000000000000000e+03 4.599871058324045414e-02 0.000000000000000000e+00 1.000000000000000000e+00 0.000000000000000000e+00 0.000000000000000000e+00 0.000000000000000000e+00
1.175000000000000000e+03 4.699868255244132875e-02 0.000000000000000000e+00 1.000000000000000000e+00 0.000000000000000000e+00 0.000000000000000000e+00 0.000000000000000000e+00
1.200000000000000000e+03 4.799865452164220336e-02 0.000000000000000000e+00 1.000000000000000000e+00 0.000000000000000000e+00 0.000000000000000000e+00 0.000000000000000000e+00
1.225000000000000000e+03 4.899862649084307797e-02 0.000000000000000000e+00 1.000000000000000000e+00 0.000000000000000000e+00 0.000000000000000000e+00 0.000000000000000000e+00
1.250000000000000000e+03 4.999859846004395258e-02 0.000000000000000000e+00 1.000000000000000000e+00 0.000000000000000000e+00 0.000000000000000000e+00 0.000000000000000000e+00
1.275000000000000000e+03 5.099857042924482720e-02 0.000000000000000000e+00 1.000000000000000000e+00 0.000000000000000000e+00 0.000000000000000000e+00 0.000000000000000000e+00
1.300000000000000000e+03 5.199854239844570181e-02 0.000000000000000000e+00 1.000000000000000000e+00 0.000000000000000000e+00 0.000000000000000000e+00 0.000000000000000000e+00
1.325000000000000000e+03 5.299851436764657642e-02 0.000000000000000000e+00 1.000000000000000000e+00 0.000000000000000000e+00 0.000000000000000000e+00 0.000000000000000000e+00
1.350000000000000000e+03 5.399848633684745103e-02 0.000000000000000000e+00 1.000000000000000000e+00 0.000000000000000000e+00 0.000000000000000000e+00 0.000000000000000000e+00
1.375000000000000000e+03 5.499845830604832564e-02 0.000000000000000000e+00 1.000000000000000000e+00 0.000000000000000000e+00 0.000000000000000000e+00 0.000000000000000000e+00
1.400000000000000000e+03 5.599843027524920025e-02 0.000000000000000000e+00 1.000000000000000000e+00 0.000000000000000000e+00 0.000000000000000000e+00 0.000000000000000000e+00
1.425000000000000000e+03 5.699840224445007486e-02 0.000000000000000000e+00 1.000000000000000000e+00 0.000000000000000000e+00 0.000000000000000000e+00 0.000000000000000000e+00
1.450000000000000000e+03 5.799837421365094947e-02 4.551661356395084266e-04 9.995448338643604380e-01 0.000000000000000000e+00 0.000000000000000000e+00 0.000000000000000000e+00
1.475000000000000000e+03 5.899834618285182408e-02 0.000000000000000000e+00 1.000000000000000000e+00 0.000000000000000000e+00 0.000000000000000000e+00 0.000000000000000000e+00
1.500000000000000000e+03 5.999831815205269869e-02 0.000000000000000000e+00 1.000000000000000000e+00 0.000000000000000000e+00 0.000000000000000000e+00 0.000000000000000000e+00
1.525000000000000000e+03 6.099829012125357330e-02 0.000000000000000000e+00 1.000000000000000000e+00 0.000000000000000000e+00 0.000000000000000000e+00 0.000000000000000000e+00
1.550000000000000000e+03 6.199826209045444791e-02 0.000000000000000000e+00 1.000000000000000000e+00 0.000000000000000000e+00 0.000000000000000000e+00 0.000000000000000000e+00
1.575000000000000000e+03 6.299823405965532253e-02 0.000000000000000000e+00 1.000000000000000000e+00 0.000000000000000000e+00 0.000000000000000000e+00 0.000000000000000000e+00
1.600000000000000000e+03 6.399820602885619714e-02 1.137915339098771066e-04 9.998862084660901095e-01 0.000000000000000000e+00 0.000000000000000000e+00 0.000000000000000000e+00
1.625000000000000000e+03 6.499817799805707175e-02 0.000000000000000000e+00 1.000000000000000000e+00 0.000000000000000000e+00 0.000000000000000000e+00 0.000000000000000000e+00
1.650000000000000000e+03 6.599814996725794636e-02 0.000000000000000000e+00 1.000000000000000000e+00 0.000000000000000000e+00 0.000000000000000000e+00 0.000000000000000000e+00
1.675000000000000000e+03 6.699812193645882097e-02 0.000000000000000000e+00 1.000000000000000000e+00 0.000000000000000000e+00 0.000000000000000000e+00 0.000000000000000000e+00
1.700000000000000000e+03 6.799809390565969558e-02 0.000000000000000000e+00 1.000000000000000000e+00 0.000000000000000000e+00 0.000000000000000000e+00 0.000000000000000000e+00
1.725000000000000000e+03 6.899806587486057019e-02 0.000000000000000000e+00 1.000000000000000000e+00 0.000000000000000000e+00 0.000000000000000000e+00 0.000000000000000000e+00
1.750000000000000000e+03 6.999803784406144480e-02 0.000000000000000000e+00 1.000000000000000000e+00 0.000000000000000000e+00 0.000000000000000000e+00 0.000000000000000000e+00
1.775000000000000000e+03 7.099800981326231941e-02 0.000000000000000000e+00 1.000000000000000000e+00 0.000000000000000000e+00 0.000000000000000000e+00 0.000000000000000000e+00
1.800000000000000000e+03 7.199798178246319402e-02 0.000000000000000000e+00 1.000000000000000000e+00 0.000000000000000000e+00 0.000000000000000000e+00 0.000000000000000000e+00
1.825000000000000000e+03 7.299795375166406863e-02 1.137915339098771066e-04 9.998862084660901095e-01 0.000000000000000000e+00 0.000000000000000000e+00 0.000000000000000000e+00
1.850000000000000000e+03 7.399792572086494324e-02 4.551661356395084266e-04 9.995448338643604380e-01 0.000000000000000000e+00 0.000000000000000000e+00 0.000000000000000000e+00
1.875000000000000000e+03 7.499789769006581786e-02 0.000000000000000000e+00 1.000000000000000000e+00 0.000000000000000000e+00 0.000000000000000000e+00 0.000000000000000000e+00
1.900000000000000000e+03 7.599786965926669247e-02 0.000000000000000000e+00 1.000000000000000000e+00 0.000000000000000000e+00 0.000000000000000000e+00 0.000000000000000000e+00
1.925000000000000000e+03 7.699784162846756708e-02 3.413746017296313199e-04 9.996586253982703285e-01 0.000000000000000000e+00 0.000000000000000000e+00 0.000000000000000000e+00
1.950000000000000000e+03 7.799781359766844169e-02 0.000000000000000000e+00 1.000000000000000000e+00 0.000000000000000000e+00 0.000000000000000000e+00 0.000000000000000000e+00
1.975000000000000000e+03 7.899778556686931630e-02 0.000000000000000000e+00 1.000000000000000000e+00 0.000000000000000000e+00 0.000000000000000000e+00 0.000000000000000000e+00
2.000000000000000000e+03 7.999775753607019091e-02 4.551661356395084266e-04 9.995448338643604380e-01 0.000000000000000000e+00 0.000000000000000000e+00 0.000000000000000000e+00
2.025000000000000000e+03 8.099772950527106552e-02 0.000000000000000000e+00 1.000000000000000000e+00 0.000000000000000000e+00 0.000000000000000000e+00 0.000000000000000000e+00
2.050000000000000000e+03 8.199770147447194013e-02 1.137915339098771066e-04 9.998862084660901095e-01 0.000000000000000000e+00 0.000000000000000000e+00 0.000000000000000000e+00
2.075000000000000000e+03 8.299767344367281474e-02 1.137915339098771066e-04 9.998862084660901095e-01 0.000000000000000000e+00 0.000000000000000000e+00 0.000000000000000000e+00
2.100000000000000000e+03 8.399764541287368935e-02 1.137915339098771066e-04 9.998862084660901095e-01 0.000000000000000000e+00 0.000000000000000000e+00 0.000000000000000000e+00
2.125000000000000000e+03 8.499761738207456396e-02 5.689576695493854790e-04 9.994310423304506585e-01 0.000000000000000000e+00 0.000000000000000000e+00 0.000000000000000000e+00
2.150000000000000000e+03 8.599758935127543857e-02 5.689576695493854790e-04 9.994310423304506585e-01 0.000000000000000000e+00 0.000000000000000000e+00 0.000000000000000000e+00
2.175000000000000000e+03 8.699756132047631318e-02 0.000000000000000000e+00 1.000000000000000000e+00 0.000000000000000000e+00 0.000000000000000000e+00 0.000000000000000000e+00
2.200000000000000000e+03 8.799753328967718780e-02 1.479289940828402332e-03 9.985207100591716456e-01 0.000000000000000000e+00 0.000000000000000000e+00 0.000000000000000000e+00
2.225000000000000000e+03 8.899750525887806241e-02 5.689576695493854790e-04 9.994310423304506585e-01 0.000000000000000000e+00 0.000000000000000000e+00 0.000000000000000000e+00
2.250000000000000000e+03 8.999747722807893702e-02 2.275830678197542133e-04 9.997724169321802190e-01 0.000000000000000000e+00 0.000000000000000000e+00 0.000000000000000000e+00
2.275000000000000000e+03 9.099744919727981163e-02 2.275830678197542133e-04 9.997724169321802190e-01 0.000000000000000000e+00 0.000000000000000000e+00 0.000000000000000000e+00
2.300000000000000000e+03 9.199742116648068624e-02 1.593081474738279385e-03 9.982931269913518646e-01 0.000000000000000000e+00 1.137915339098771066e-04 0.000000000000000000e+00
2.325000000000000000e+03 9.299739313568156085e-02 1.479289940828402332e-03 9.985207100591716456e-01 0.000000000000000000e+00 0.000000000000000000e+00 0.000000000000000000e+00
2.350000000000000000e+03 9.399736510488243546e-02 2.730996813837050560e-03 9.972690031861629611e-01 0.000000000000000000e+00 0.000000000000000000e+00 0.000000000000000000e+00
2.375000000000000000e+03 9.499733707408331007e-02 1.593081474738279385e-03 9.984069185252617551e-01 0.000000000000000000e+00 0.000000000000000000e+00 0.000000000000000000e+00
2.400000000000000000e+03 9.599730904328418468e-02 3.413746017296313199e-04 9.995448338643604380e-01 0.000000000000000000e+00 1.137915339098771066e-04 0.000000000000000000e+00
2.425000000000000000e+03 9.699728101248505929e-02 6.827492034592626399e-04 9.992034592626308775e-01 0.000000000000000000e+00 1.137915339098771066e-04 0.000000000000000000e+00
2.450000000000000000e+03 9.799725298168593390e-02 1.137915339098770958e-03 9.987482931269913156e-01 0.000000000000000000e+00 1.137915339098771066e-04 0.000000000000000000e+00
2.475000000000000000e+03 9.899722495088680851e-02 2.958579881656804664e-03 9.969276285844332897e-01 0.000000000000000000e+00 1.137915339098771066e-04 0.000000000000000000e+00
2.500000000000000000e+03 9.999719692008768313e-02 2.162039144287664864e-03 9.978379608557123026e-01 0.000000000000000000e+00 0.000000000000000000e+00 0.000000000000000000e+00
2.525000000000000000e+03 1.009971688892885577e-01 3.641329085116067413e-03 9.963586709148839482e-01 0.000000000000000000e+00 0.000000000000000000e+00 0.000000000000000000e+00
2.550000000000000000e+03 1.019971408584894323e-01 4.210286754665453109e-03 9.956759217114247162e-01 0.000000000000000000e+00 1.137915339098771066e-04 0.000000000000000000e+00
2.575000000000000000e+03 1.029971128276903070e-01 4.437869822485207214e-03 9.953345471096950448e-01 0.000000000000000000e+00 2.275830678197542133e-04 0.000000000000000000e+00
2.600000000000000000e+03 1.039970847968911816e-01 2.958579881656804664e-03 9.968138370505233992e-01 0.000000000000000000e+00 2.275830678197542133e-04 0.000000000000000000e+00
2.625000000000000000e+03 1.049970567660920562e-01 1.820664542558033706e-03 9.981793354574419741e-01 0.000000000000000000e+00 0.000000000000000000e+00 0.000000000000000000e+00
2.650000000000000000e+03 1.059970287352929308e-01 5.461993627674101119e-03 9.944242148384160318e-01 0.000000000000000000e+00 1.137915339098771066e-04 0.000000000000000000e+00
2.675000000000000000e+03 1.069970007044938054e-01 4.096495220755575623e-03 9.956759217114247162e-01 0.000000000000000000e+00 2.275830678197542133e-04 0.000000000000000000e+00
2.700000000000000000e+03 1.079969726736946800e-01 6.258534365043240920e-03 9.936276741010469093e-01 0.000000000000000000e+00 1.137915339098771066e-04 0.000000000000000000e+00
2.725000000000000000e+03 1.089969446428955546e-01 5.120619025944469528e-03 9.945380063723259223e-01 0.000000000000000000e+00 3.413746017296313199e-04 0.000000000000000000e+00
2.750000000000000000e+03 1.099969166120964292e-01 8.989531178880291046e-03 9.904415111515703085e-01 0.000000000000000000e+00 5.689576695493854790e-04 0.000000000000000000e+00
2.775000000000000000e+03 1.109968885812973038e-01 1.149294492489758707e-02 9.880518889394629412e-01 0.000000000000000000e+00 4.551661356395084266e-04 0.000000000000000000e+00
2.800000000000000000e+03 1.119968605504981785e-01 5.575785161583977738e-03 9.944242148384160318e-01 0.000000000000000000e+00 0.000000000000000000e+00 0.000000000000000000e+00
2.825000000000000000e+03 1.129968325196990531e-01 1.183431952662721866e-02 9.878243058716431602e-01 0.000000000000000000e+00 3.413746017296313199e-04 0.000000000000000000e+00
2.850000000000000000e+03 1.139968044888999277e-01 8.420573509330906217e-03 9.910104688211197610e-01 0.000000000000000000e+00 5.689576695493854790e-04 0.000000000000000000e+00
2.875000000000000000e+03 1.149967764581008023e-01 1.331360946745562164e-02 9.855484751934455723e-01 0.000000000000000000e+00 1.137915339098770958e-03 0.000000000000000000e+00
2.900000000000000000e+03 1.159967484273016769e-01 1.502048247610377786e-02 9.832726445152480954e-01 0.000000000000000000e+00 1.706873008648156654e-03 0.000000000000000000e+00
2.925000000000000000e+03 1.169967203965025515e-01 1.308602639963586667e-02 9.855484751934455723e-01 0.000000000000000000e+00 1.365498406918525280e-03 0.000000000000000000e+00
2.950000000000000000e+03 1.179966923657034261e-01 2.139280837505689453e-02 9.770141101502047842e-01 0.000000000000000000e+00 1.593081474738279385e-03 0.000000000000000000e+00
2.975000000000000000e+03 1.189966643349043007e-01 2.651342740100136666e-02 9.680245789713245452e-01 0.000000000000000000e+00 5.461993627674101119e-03 0.000000000000000000e+00
3.000000000000000000e+03 1.199966363041051753e-01 4.927173418297678409e-02 9.391215293582158008e-01 0.000000000000000000e+00 1.160673645880746542e-02 0.000000000000000000e+00
3.025000000000000000e+03 1.209966082733060500e-01 7.806099226217569353e-02 8.835912608101956778e-01 0.000000000000000000e+00 3.834774692762858705e-02 0.000000000000000000e+00
3.050000000000000000e+03 1.219965802425069246e-01 1.331360946745562268e-01 7.657032316795630011e-01 0.000000000000000000e+00 1.011606736458807443e-01 0.000000000000000000e+00
3.075000000000000000e+03 1.229965522117077992e-01 2.085798816568047442e-01 5.704369594902138907e-01 0.000000000000000000e+00 2.209831588529813373e-01 0.000000000000000000e+00
3.100000000000000000e+03 1.239965241809086738e-01 2.935821574874829532e-01 3.501365498406918686e-01 0.000000000000000000e+00 3.562812926718252338e-01 0.000000000000000000e+00
3.125000000000000000e+03 1.249964961501095484e-01 3.470641784251251583e-01 1.797906235776058348e-01 2.275830678197542133e-04 4.729176149294492260e-01 0.000000000000000000e+00
3.150000000000000000e+03 1.259964681193104230e-01 3.681156121984524576e-01 8.807464724624487762e-02 2.275830678197542133e-04 5.435821574874829532e-01 0.000000000000000000e+00
3.175000000000000000e+03 1.269964400885112976e-01 3.583295402822029851e-01 5.905780609922621494e-02 2.275830678197541916e-03 5.803368229403732537e-01 0.000000000000000000e+00
3.200000000000000000e+03 1.279964120577121722e-01 3.562812926718252338e-01 6.929904415111515226e-02 2.958579881656804664e-03 5.714610832954027941e-01 0.000000000000000000e+00
3.225000000000000000e+03 1.289963840269130468e-01 3.545744196631770428e-01 9.797451069640418508e-02 3.186162949476558769e-03 5.442649066909421851e-01 0.000000000000000000e+00
3.250000000000000000e+03 1.299963559961141435e-01 3.748293126991351643e-01 9.934000910332271839e-02 6.827492034592626616e-03 5.190031861629494925e-01 0.000000000000000000e+00
3.275000000000000000e+03 1.309963279653150181e-01 3.849567592171142527e-01 1.058261265361857134e-01 1.206190259444697363e-02 4.971552116522530707e-01 0.000000000000000000e+00
3.300000000000000000e+03 1.319962999345158927e-01 4.103322712790168358e-01 1.061675011379153433e-01 2.651342740100136666e-02 4.569868001820664438e-01 0.000000000000000000e+00
3.325000000000000000e+03 1.329962719037167673e-01 4.387801547564861293e-01 9.695038689121529552e-02 4.392353208921256219e-02 4.203459262630860338e-01 0.000000000000000000e+00
3.350000000000000000e+03 1.339962438729176419e-01 4.599453800637232637e-01 9.478834774692762588e-02 7.180245789713245175e-02 3.734638142922166448e-01 0.000000000000000000e+00
3.375000000000000000e+03 1.349962158421185165e-01 4.682521620391442707e-01 9.581247155211652933e-02 9.410559854346836617e-02 3.418297678652708060e-01 0.000000000000000000e+00
3.400000000000000000e+03 1.359961878113193912e-01 4.905553026854801990e-01 9.774692762858443185e-02 1.252844788347746985e-01 2.864132908511606845e-01 0.000000000000000000e+00
3.425000000000000000e+03 1.369961597805202658e-01 5.076240327719617751e-01 1.003641329085116080e-01 1.609012289485662328e-01 2.311106053709603980e-01 0.000000000000000000e+00
3.450000000000000000e+03 1.379961317497211404e-01 5.281065088757396220e-01 1.053709604005461931e-01 1.845698680018206528e-01 1.819526627218935044e-01 0.000000000000000000e+00
3.475000000000000000e+03 1.389961037189220150e-01 5.446062812926718566e-01 1.088984979517523960e-01 2.066454255803368278e-01 1.398497951752389612e-01 0.000000000000000000e+00
3.500000000000000000e+03 1.399960756881228896e-01 5.557578516158397930e-01 9.569868001820663883e-02 2.237141556668183762e-01 1.248293126991351781e-01 0.000000000000000000e+00
3.525000000000000000e+03 1.409960476573237642e-01 5.601957214383249672e-01 8.898497951752389057e-02 2.422621756941283622e-01 1.085571233500227523e-01 0.000000000000000000e+00
3.550000000000000000e+03 1.419960196265246388e-01 5.500682749203459343e-01 8.636777423759672834e-02 2.537551206190259423e-01 1.098088302230314089e-01 0.000000000000000000e+00
3.575000000000000000e+03 1.429959915957255134e-01 5.467683204369594430e-01 8.397815202548930547e-02 2.688893946290396020e-01 1.003641329085116080e-01 0.000000000000000000e+00
3.600000000000000000e+03 1.439959635649263880e-01 5.407373691397360238e-01 8.420573509330905870e-02 2.771961766044606090e-01 9.786071916249430847e-02 0.000000000000000000e+00
3.625000000000000000e+03 1.449959355341272627e-01 5.436959490213928436e-01 8.705052344105598805e-02 2.890304961310878329e-01 8.022303140646336317e-02 0.000000000000000000e+00
3.650000000000000000e+03 1.459959075033281373e-01 5.520027309968138507e-01 8.431952662721893532e-02 2.917614929449248717e-01 7.191624943104232837e-02 0.000000000000000000e+00
3.675000000000000000e+03 1.469958794725290119e-01 5.526854802002730827e-01 8.454710969503868856e-02 3.007510241238051663e-01 6.201638598088302090e-02 0.000000000000000000e+00
3.700000000000000000e+03 1.479958514417298865e-01 5.440373236231224041e-01 8.841602184797450747e-02 3.064406008192990249e-01 6.110605370960400795e-02 0.000000000000000000e+00
3.725000000000000000e+03 1.489958234109307611e-01 5.414201183431952558e-01 8.989531178880291740e-02 2.977924442421484019e-01 7.089212562585343880e-02 0.000000000000000000e+00
3.750000000000000000e+03 1.499957953801316357e-01 5.461993627674101015e-01 9.080564406008193035e-02 3.009786071916249472e-01 6.201638598088302090e-02 0.000000000000000000e+00
3.775000000000000000e+03 1.509957673493325103e-01 5.376649977241693135e-01 9.046426945835230049e-02 3.042785616750113831e-01 6.759217114246700298e-02 0.000000000000000000e+00
3.800000000000000000e+03 1.519957393185333849e-01 5.402822030040964618e-01 8.705052344105598805e-02 3.082612653618570508e-01 6.440600819299044377e-02 0.000000000000000000e+00
3.825000000000000000e+03 1.529957112877342595e-01 5.365270823850705195e-01 8.807464724624487762e-02 3.205507510241237812e-01 5.484751934456076616e-02 0.000000000000000000e+00
3.850000000000000000e+03 1.539956832569351342e-01 5.311788802913063323e-01 9.103322712790168358e-02 3.271506599908966528e-01 5.063723258989531045e-02 0.000000000000000000e+00
3.875000000000000000e+03 1.549956552261360088e-01 5.314064633591261133e-01 8.898497951752389057e-02 3.261265361857078049e-01 5.348202093764223980e-02 0.000000000000000000e+00
3.900000000000000000e+03 1.559956271953368834e-01 5.342512517068730427e-01 8.693673190714611143e-02 3.278334091943559403e-01 5.097860719162494031e-02 0.000000000000000000e+00
3.925000000000000000e+03 1.569955991645377580e-01 5.342512517068730427e-01 8.739189804278561791e-02 3.249886208466090110e-01 5.336822940373236318e-02 0.000000000000000000e+00
3.950000000000000000e+03 1.579955711337386326e-01 5.358443331816112876e-01 8.989531178880291740e-02 3.260127446517979144e-01 4.824761037778789452e-02 0.000000000000000000e+00
3.975000000000000000e+03 1.589955431029395072e-01 5.390304961310878884e-01 8.978152025489304078e-02 3.269230769230769273e-01 4.426490669094219205e-02 0.000000000000000000e+00
4.000000000000000000e+03 1.599955150721403818e-01 5.375512061902594230e-01 9.012289485662267063e-02 3.262403277196176399e-01 4.608557123350022489e-02 0.000000000000000000e+00
4.025000000000000000e+03 1.609954870413412564e-01 5.389167045971779979e-01 8.932635411925353430e-02 3.233955393718707105e-01 4.836140191169777114e-02 0.000000000000000000e+00
4.050000000000000000e+03 1.619954590105421310e-01 5.443786982248520756e-01 9.012289485662267063e-02 3.215748748293126846e-01 4.392353208921256219e-02 0.000000000000000000e+00
4.075000000000000000e+03 1.629954309797430057e-01 5.466545289030496635e-01 9.000910332271279402e-02 3.200955848884842747e-01 4.324078288575330248e-02 0.000000000000000000e+00
4.100000000000000000e+03 1.639954029489438803e-01 5.402822030040964618e-01 9.512972234865725574e-02 3.222576240327719721e-01 4.233045061447428259e-02 0.000000000000000000e+00
4.125000000000000000e+03 1.649953749181447549e-01 5.358443331816112876e-01 9.717796995903504875e-02 3.215748748293126846e-01 4.540282203004096517e-02 0.000000000000000000e+00
4.150000000000000000e+03 1.659953468873456295e-01 5.433545744196631722e-01 9.308147473827947660e-02 3.208921256258534527e-01 4.267182521620391245e-02 0.000000000000000000e+00
4.175000000000000000e+03 1.669953188565465041e-01 5.424442421483841592e-01 8.989531178880291740e-02 3.216886663632225751e-01 4.597177969959034827e-02 0.000000000000000000e+00
4.200000000000000000e+03 1.679952908257473787e-01 5.497269003186162628e-01 8.750568957669549452e-02 3.206645425580336717e-01 4.210286754665452935e-02 0.000000000000000000e+00
4.225000000000000000e+03 1.689952627949482533e-01 5.500682749203459343e-01 8.750568957669549452e-02 3.186162949476559203e-01 4.380974055530268557e-02 0.000000000000000000e+00
4.250000000000000000e+03 1.699952347641491279e-01 5.493855257168867023e-01 9.103322712790168358e-02 3.170232134729176199e-01 4.255803368229403583e-02 0.000000000000000000e+00
4.275000000000000000e+03 1.709952067333500025e-01 5.482476103777879084e-01 9.023668639053254725e-02 3.186162949476559203e-01 4.289940828402366568e-02 0.000000000000000000e+00
4.300000000000000000e+03 1.719951787025508771e-01 5.580336822940372699e-01 8.670914883932635819e-02 3.162266727355484974e-01 3.903049613108784677e-02 0.000000000000000000e+00
4.325000000000000000e+03 1.729951506717517518e-01 5.538233955393718766e-01 8.648156577150660496e-02 3.147473827947200875e-01 4.494765589440145870e-02 0.000000000000000000e+00
4.350000000000000000e+03 1.739951226409526264e-01 5.487027765134273594e-01 8.864360491579426071e-02 3.124715521165225551e-01 5.018206645425580398e-02 0.000000000000000000e+00
4.375000000000000000e+03 1.749950946101535010e-01 5.583750568957669413e-01 8.784706417842512438e-02 3.139508420573509095e-01 3.982703686845699004e-02 0.000000000000000000e+00
4.400000000000000000e+03 1.759950665793543756e-01 5.508648156577150568e-01 9.512972234865725574e-02 3.187300864815657553e-01 3.527537551206190447e-02 0.000000000000000000e+00
4.425000000000000000e+03 1.769950385485552502e-01 5.583750568957669413e-01 9.308147473827947660e-02 3.130405097860718966e-01 3.550295857988165771e-02 0.000000000000000000e+00
4.450000000000000000e+03 1.779950105177561248e-01 5.588302230314065033e-01 9.456076467910787264e-02 3.137232589895311841e-01 3.288575329995448160e-02 0.000000000000000000e+00
4.475000000000000000e+03 1.789949824869569994e-01 5.606508875739645292e-01 9.467455621301774926e-02 3.131543013199817871e-01 3.152025489303595523e-02 0.000000000000000000e+00
4.500000000000000000e+03 1.799949544561578740e-01 5.598543468365954068e-01 9.467455621301774926e-02 3.092853891670459543e-01 3.618570778334091742e-02 0.000000000000000000e+00
4.525000000000000000e+03 1.809949264253587486e-01 5.715748748293126846e-01 9.729176149294492537e-02 2.984751934456076339e-01 3.265817023213472836e-02 0.000000000000000000e+00
4.550000000000000000e+03 1.819948983945596233e-01 5.662266727355484974e-01 9.911242603550296515e-02 3.000682749203459343e-01 3.459262630860263782e-02 0.000000000000000000e+00
4.575000000000000000e+03 1.829948703637604979e-01 5.714610832954027941e-01 9.979517523896222486e-02 2.939235320892125691e-01 3.482020937642239106e-02 0.000000000000000000e+00
4.600000000000000000e+03 1.839948423329613725e-01 5.739644970414201630e-01 1.032089212562585373e-01 2.938097405553026786e-01 2.901684114701866268e-02 0.000000000000000000e+00
4.625000000000000000e+03 1.849948143021622471e-01 5.716886663632225751e-01 1.055985434683659602e-01 2.919890760127446527e-01 3.072371415566681890e-02 0.000000000000000000e+00
4.650000000000000000e+03 1.859947862713631217e-01 5.778334091943558848e-01 1.074192080109239861e-01 2.845926263086026586e-01 3.015475648611743234e-02 0.000000000000000000e+00
4.675000000000000000e+03 1.869947582405639963e-01 5.737369139736003820e-01 1.104915794264906687e-01 2.874374146563495880e-01 2.833409194355939950e-02 0.000000000000000000e+00
4.700000000000000000e+03 1.879947302097648709e-01 5.738507055075102725e-01 1.170914883932635403e-01 2.823167956304050707e-01 2.674101046882111990e-02 0.000000000000000000e+00
4.725000000000000000e+03 1.889947021789657455e-01 5.780609922621756658e-01 1.174328629949931702e-01 2.761720527992717611e-01 2.833409194355939950e-02 0.000000000000000000e+00
4.750000000000000000e+03 1.899946741481666201e-01 5.758989531178880794e-01 1.243741465634956717e-01 2.719617660446062568e-01 2.776513427401001294e-02 0.000000000000000000e+00
4.775000000000000000e+03 1.909946461173674948e-01 5.809057806099225951e-01 1.280154756486117373e-01 2.697997269003186149e-01 2.127901684114701791e-02 0.000000000000000000e+00
4.800000000000000000e+03 1.919946180865683694e-01 5.871643149749659063e-01 1.350705507510241155e-01 2.572826581702321591e-01 2.048247610377787811e-02 0.000000000000000000e+00
4.825000000000000000e+03 1.929945900557692440e-01 5.943331816112881194e-01 1.396222121074192080e-01 2.448793809740555383e-01 2.116522530723714129e-02 0.000000000000000000e+00
4.850000000000000000e+03 1.939945620249701186e-01 5.918297678652708615e-01 1.477014110150204895e-01 2.370277651342740100e-01 2.344105598543468408e-02 0.000000000000000000e+00
4.875000000000000000e+03 1.949945339941709932e-01 5.893263541192534927e-01 1.652253072371415443e-01 2.208693673190714746e-01 2.457897132453345374e-02 0.000000000000000000e+00
4.900000000000000000e+03 1.959945059633718678e-01 5.865953573054164538e-01 1.814974965862539702e-01 2.078971324533454845e-01 2.401001365498407064e-02 0.000000000000000000e+00
4.925000000000000000e+03 1.969944779325727424e-01 5.944469731451980099e-01 1.919663177059626746e-01 1.952662721893491105e-01 1.832043695949021542e-02 0.000000000000000000e+00
4.950000000000000000e+03 1.979944499017736170e-01 5.921711424670004220e-01 2.040282203004096517e-01 1.899180700955848955e-01 1.388256713700500647e-02 0.000000000000000000e+00
4.975000000000000000e+03 1.989944218709744916e-01 6.010468821119708815e-01 2.101729631315430169e-01 1.761492944924897552e-01 1.263086026399635846e-02 0.000000000000000000e+00
5.000000000000000000e+03 1.999943938401753663e-01 5.967228038233954868e-01 2.200728265817023244e-01 1.685252617205279801e-01 1.467910787437414627e-02 0.000000000000000000e+00
5.025000000000000000e+03 2.009943658093762409e-01 5.848884842967683184e-01 2.308830223031406448e-01 1.636322257624032717e-01 2.059626763768775473e-02 0.000000000000000000e+00
5.050000000000000000e+03 2.019943377785771155e-01 5.812471552116522666e-01 2.391898042785616796e-01 1.583978152025489194e-01 2.116522530723714129e-02 0.000000000000000000e+00
5.075000000000000000e+03 2.029943097477779901e-01 5.612198452435138707e-01 2.542102867546654488e-01 1.578288575329995502e-01 2.674101046882111990e-02 0.000000000000000000e+00
5.100000000000000000e+03 2.039942817169788647e-01 5.547337278106508895e-01 2.626308602639963463e-01 1.535047792444242110e-01 2.913063268092853930e-02 0.000000000000000000e+00
5.125000000000000000e+03 2.049942536861797393e-01 5.518889394629039602e-01 2.657032316795630567e-01 1.535047792444242110e-01 2.890304961310878606e-02 0.000000000000000000e+00
5.150000000000000000e+03 2.059942256553806139e-01 5.397132453345471204e-01 2.834547109695038647e-01 1.511151570323167881e-01 2.571688666363222686e-02 0.000000000000000000e+00
5.175000000000000000e+03 2.069941976245814885e-01 5.241238051888938987e-01 3.007510241238051663e-01 1.515703231679562946e-01 2.355484751934456070e-02 0.000000000000000000e+00
5.200000000000000000e+03 2.079941695937823631e-01 5.068274920345926526e-01 3.170232134729176199e-01 1.558944014565316338e-01 2.025489303595812488e-02 0.000000000000000000e+00
5.225000000000000000e+03 2.089941415629832377e-01 4.852071005917159563e-01 3.350022758306782089e-01 1.570323167956304000e-01 2.275830678197542090e-02 0.000000000000000000e+00
5.250000000000000000e+03 2.099941135321841124e-01 4.769003186162949492e-01 3.451297223486572419e-01 1.536185707783341015e-01 2.435138825671370050e-02 0.000000000000000000e+00
5.275000000000000000e+03 2.109940855013849870e-01 4.682521620391442707e-01 3.555985434683659463e-01 1.539599453800637174e-01 2.218934911242603433e-02 0.000000000000000000e+00
5.300000000000000000e+03 2.119940574705858616e-01 4.599453800637232637e-01 3.676604460628129512e-01 1.514565316340464318e-01 2.093764223941738806e-02 0.000000000000000000e+00
5.325000000000000000e+03 2.129940294397867362e-01 4.453800637232590010e-01 3.798361401911697910e-01 1.477014110150204895e-01 2.708238507055074976e-02 0.000000000000000000e+00
5.350000000000000000e+03 2.139940014089876108e-01 4.333181611288119961e-01 3.991807009558488994e-01 1.467910787437414766e-01 2.071005917159763482e-02 0.000000000000000000e+00
5.375000000000000000e+03 2.149939733781884854e-01 4.226217569412835662e-01 4.134046426945835462e-01 1.424670004551661373e-01 2.150659990896677115e-02 0.000000000000000000e+00
5.400000000000000000e+03 2.159939453473895821e-01 4.195493855257169113e-01 4.205735093309057593e-01 1.416704597177969871e-01 1.820664542558033533e-02 0.000000000000000000e+00
5.425000000000000000e+03 2.169939173165904567e-01 4.083978152025489194e-01 4.318388711879836417e-01 1.437187073281747940e-01 1.604460628129267263e-02 0.000000000000000000e+00
5.450000000000000000e+03 2.179938892857913313e-01 4.028220300409649512e-01 4.322940373236231482e-01 1.463359126081019701e-01 1.854802002730996865e-02 0.000000000000000000e+00
5.475000000000000000e+03 2.189938612549922059e-01 3.982703686845698865e-01 4.346836595357305155e-01 1.484979517523896120e-01 1.854802002730996865e-02 0.000000000000000000e+00
5.500000000000000000e+03 2.199938332241930805e-01 3.911015020482476179e-01 4.445835229858898230e-01 1.484979517523896120e-01 1.581702321347291593e-02 0.000000000000000000e+00
5.525000000000000000e+03 2.209938051933939551e-01 3.907601274465180019e-01 4.452662721893491105e-01 1.479289940828402428e-01 1.604460628129267263e-02 0.000000000000000000e+00
5.550000000000000000e+03 2.219937771625948297e-01 3.865498406918525531e-01 4.492489758761948337e-01 1.477014110150204895e-01 1.649977241693217911e-02 0.000000000000000000e+00
5.575000000000000000e+03 2.229937491317957043e-01 3.825671370050068298e-01 4.533454710969503920e-01 1.482703686845698587e-01 1.581702321347291593e-02 0.000000000000000000e+00
5.600000000000000000e+03 2.239937211009965790e-01 3.809740555302685294e-01 4.551661356395084179e-01 1.456531634046426826e-01 1.820664542558033533e-02 0.000000000000000000e+00
5.625000000000000000e+03 2.249936930701974536e-01 3.743741465634956578e-01 4.647246244879381094e-01 1.422394173873463841e-01 1.866181156121984527e-02 0.000000000000000000e+00
5.650000000000000000e+03 2.259936650393983282e-01 3.618570778334092020e-01 4.730314064633591165e-01 1.449704142011834229e-01 2.014110150204824826e-02 0.000000000000000000e+00
5.675000000000000000e+03 2.269936370085992028e-01 3.540054619936277014e-01 4.822485207100591920e-01 1.444014565316340537e-01 1.934456076467910846e-02 0.000000000000000000e+00
