# itime ezz other fcc hcp bcc ico
0.000000000000000000e+00 0.000000000000000000e+00 0.000000000000000000e+00 1.000000000000000000e+00 0.000000000000000000e+00 0.000000000000000000e+00 0.000000000000000000e+00
2.500000000000000000e+02 9.999965530450571904e-03 0.000000000000000000e+00 1.000000000000000000e+00 0.000000000000000000e+00 0.000000000000000000e+00 0.000000000000000000e+00
5.000000000000000000e+02 1.999993106090114381e-02 0.000000000000000000e+00 1.000000000000000000e+00 0.000000000000000000e+00 0.000000000000000000e+00 0.000000000000000000e+00
7.500000000000000000e+02 2.999989659135193776e-02 0.000000000000000000e+00 1.000000000000000000e+00 0.000000000000000000e+00 0.000000000000000000e+00 0.000000000000000000e+00
1.000000000000000000e+03 3.999986212180250966e-02 0.000000000000000000e+00 1.000000000000000000e+00 0.000000000000000000e+00 0.000000000000000000e+00 0.000000000000000000e+00
1.250000000000000000e+03 4.999982765225308157e-02 0.000000000000000000e+00 1.000000000000000000e+00 0.000000000000000000e+00 0.000000000000000000e+00 0.000000000000000000e+00
1.500000000000000000e+03 5.999979318270365347e-02 0.000000000000000000e+00 1.000000000000000000e+00 0.000000000000000000e+00 0.000000000000000000e+00 0.000000000000000000e+00
1.750000000000000000e+03 6.999975871315444742e-02 0.000000000000000000e+00 1.000000000000000000e+00 0.000000000000000000e+00 0.000000000000000000e+00 0.000000000000000000e+00
2.000000000000000000e+03 7.999972424360501932e-02 0.000000000000000000e+00 1.000000000000000000e+00 0.000000000000000000e+00 0.000000000000000000e+00 0.000000000000000000e+00
2.250000000000000000e+03 8.999968977405559123e-02 1.479289940828402332e-03 9.981793354574419741e-01 0.000000000000000000e+00 3.413746017296313199e-04 0.000000000000000000e+00
2.500000000000000000e+03 9.999965530450616313e-02 3.072371415566681717e-03 9.968138370505233992e-01 0.000000000000000000e+00 1.137915339098771066e-04 0.000000000000000000e+00
2.750000000000000000e+03 1.099996208349569571e-01 6.713700500682749130e-03 9.924897587619481154e-01 0.000000000000000000e+00 7.965407373691396923e-04 0.000000000000000000e+00
3.000000000000000000e+03 1.199995863654075290e-01 7.453345471096950448e-02 8.767637687756031362e-01 0.000000000000000000e+00 4.870277651342740100e-02 0.000000000000000000e+00
3.250000000000000000e+03 1.299995518958581009e-01 3.961083295402821891e-01 1.602184797451069731e-01 1.319981793354574502e-02 4.304733727810650668e-01 0.000000000000000000e+00
3.500000000000000000e+03 1.399995174263086728e-01 4.292216659080564378e-01 2.364588074647246130e-01 1.318843878015475701e-01 2.024351388256713791e-01 0.000000000000000000e+00
3.750000000000000000e+03 1.499994829567592447e-01 4.007737824305871444e-01 2.778789258079198965e-01 2.045971779699590487e-01 1.167501137915339104e-01 0.000000000000000000e+00
4.000000000000000000e+03 1.599994484872100386e-01 4.129494765589440397e-01 2.956304050978607045e-01 2.008420573509330787e-01 9.057806099226217711e-02 0.000000000000000000e+00
4.250000000000000000e+03 1.699994140176606106e-01 4.317250796540737512e-01 2.888029130632681074e-01 1.993627674101046965e-01 8.010923987255348655e-02 0.000000000000000000e+00
4.500000000000000000e+03 1.799993795481111825e-01 4.377560309512972259e-01 2.897132453345471204e-01 1.995903504779244497e-01 7.294037323623121793e-02 0.000000000000000000e+00
4.750000000000000000e+03 1.899993450785617544e-01 4.246700045516613731e-01 3.093991807009558448e-01 2.077833409194355940e-01 5.814747382794720199e-02 0.000000000000000000e+00
5.000000000000000000e+03 1.999993106090125483e-01 4.307009558488848477e-01 3.246472462448793950e-01 1.958352298588985074e-01 4.881656804733727761e-02 0.000000000000000000e+00
5.250000000000000000e+03 2.099992761394631202e-01 4.212562585343650468e-01 3.475193445607646647e-01 1.907146108329540179e-01 4.050978607191624975e-02 0.000000000000000000e+00
5.500000000000000000e+03 2.199992416699136921e-01 4.056668183887118806e-01 3.730086481565771384e-01 1.801319981793354508e-01 4.119253527537550946e-02 0.000000000000000000e+00
5.750000000000000000e+03 2.299992072003642640e-01 4.003186162949476379e-01 3.849567592171142527e-01 1.715976331360946627e-01 4.312699135184342586e-02 0.000000000000000000e+00
6.000000000000000000e+03 2.399991727308150580e-01 4.041875284478834707e-01 3.809740555302685294e-01 1.725079654073737034e-01 4.233045061447428259e-02 0.000000000000000000e+00
6.250000000000000000e+03 2.499991382612656299e-01 4.053254437869822646e-01 3.772189349112425871e-01 1.827492034592626269e-01 3.470641784251251444e-02 0.000000000000000000e+00
6.500000000000000000e+03 2.599991037917162018e-01 4.123805188893946427e-01 3.763086026399635742e-01 1.763768775603095085e-01 3.493400091033227461e-02 0.000000000000000000e+00
6.750000000000000000e+03 2.699990693221667737e-01 4.103322712790168358e-01 3.744879380974055483e-01 1.849112426035502965e-01 3.026854802002730896e-02 0.000000000000000000e+00
7.000000000000000000e+03 2.799990348526173456e-01 4.085116067364588099e-01 3.716431497496586189e-01 1.931042330450614408e-01 2.674101046882111990e-02 0.000000000000000000e+00
7.250000000000000000e+03 2.899990003830681395e-01 4.082840236686390289e-01 3.755120619025944517e-01 1.921939007737824279e-01 2.401001365498407064e-02 0.000000000000000000e+00
7.500000000000000000e+03 2.999989659135187114e-01 4.096495220755576039e-01 3.771051433773327521e-01 1.916249431042330587e-01 2.162039144287665124e-02 0.000000000000000000e+00
7.750000000000000000e+03 3.099989314439692834e-01 4.063495675921711681e-01 4.013427401001365413e-01 1.734182976786527164e-01 1.888939462903959851e-02 0.000000000000000000e+00
8.000000000000000000e+03 3.199988969744198553e-01 4.080564406008193035e-01 4.063495675921711681e-01 1.638598088302230249e-01 2.162039144287665124e-02 1.137915339098771066e-04
8.250000000000000000e+03 3.299988625048706492e-01 4.056668183887118806e-01 4.054392353208920996e-01 1.672735548475193512e-01 2.162039144287665124e-02 0.000000000000000000e+00
8.500000000000000000e+03 3.399988280353212211e-01 3.989531178880291185e-01 4.061219845243513871e-01 1.748975876194810986e-01 2.002730996813837164e-02 0.000000000000000000e+00
8.750000000000000000e+03 3.499987935657717930e-01 3.965634956759216956e-01 4.086253982703687004e-01 1.801319981793354508e-01 1.467910787437414627e-02 0.000000000000000000e+00
9.000000000000000000e+03 3.599987590962223649e-01 3.949704142011834507e-01 4.138598088302230527e-01 1.781975421028675344e-01 1.297223486572599005e-02 0.000000000000000000e+00
9.250000000000000000e+03 3.699987246266729368e-01 3.841602184797451303e-01 4.318388711879836417e-01 1.705735093309057870e-01 1.342740100136549826e-02 0.000000000000000000e+00
9.500000000000000000e+03 3.799986901571237308e-01 3.889394629039599205e-01 4.413973600364132777e-01 1.564633591260810308e-01 1.319981793354574502e-02 0.000000000000000000e+00
9.750000000000000000e+03 3.899986556875745247e-01 3.757396449704141772e-01 4.470869367319071364e-01 1.638598088302230249e-01 1.331360946745562164e-02 0.000000000000000000e+00
1.000000000000000000e+04 3.999986212180248746e-01 3.692535275375511961e-01 4.391215293582157453e-01 1.800182066454255880e-01 1.160673645880746542e-02 0.000000000000000000e+00
1.025000000000000000e+04 4.099985867484754465e-01 3.722121074192080159e-01 4.432180245789713036e-01 1.756941283568502488e-01 8.875739644970414427e-03 0.000000000000000000e+00
1.050000000000000000e+04 4.199985522789262404e-01 3.554847519344560558e-01 4.593764223941738667e-01 1.761492944924897552e-01 8.989531178880291046e-03 0.000000000000000000e+00
1.075000000000000000e+04 4.299985178093770344e-01 3.430814747382794905e-01 4.649522075557578349e-01 1.830905780609922706e-01 8.875739644970414427e-03 0.000000000000000000e+00
1.100000000000000000e+04 4.399984833398273842e-01 3.437642239417387224e-01 4.698452435138825711e-01 1.755803368229403860e-01 1.081019572143832562e-02 0.000000000000000000e+00
1.125000000000000000e+04 4.499984488702779561e-01 3.327264451524806765e-01 4.837278106508875464e-01 1.750113791533909890e-01 8.534365043240782836e-03 0.000000000000000000e+00
1.150000000000000000e+04 4.599984144007287501e-01 3.337505689576695245e-01 4.995448338643604935e-01 1.558944014565316338e-01 1.081019572143832562e-02 0.000000000000000000e+00
1.175000000000000000e+04 4.699983799311793220e-01 3.418297678652708060e-01 5.135411925352754148e-01 1.334774692762858428e-01 1.115157032316795548e-02 0.000000000000000000e+00
1.200000000000000000e+04 4.799983454616298939e-01 3.268092853891670369e-01 5.258306781975421451e-01 1.383705052344105513e-01 8.989531178880291046e-03 0.000000000000000000e+00
1.225000000000000000e+04 4.899983109920804658e-01 3.181611288120163583e-01 5.399408284023669014e-01 1.351843422849340060e-01 6.713700500682749130e-03 0.000000000000000000e+00
1.250000000000000000e+04 4.999982765225310377e-01 3.204369594902139462e-01 5.335685025034136997e-01 1.382567137005006885e-01 7.737824305871643035e-03 0.000000000000000000e+00
1.275000000000000000e+04 5.099982420529818317e-01 3.195266272189349332e-01 5.318616294947655643e-01 1.396222121074192080e-01 8.989531178880291046e-03 0.000000000000000000e+00
1.300000000000000000e+04 5.199982075834324036e-01 3.222576240327719721e-01 5.207100591715976279e-01 1.446290395994538069e-01 1.240327719617660522e-02 0.000000000000000000e+00
1.325000000000000000e+04 5.299981731138827534e-01 3.365953573054164538e-01 4.989758761948110966e-01 1.524806554392353075e-01 1.194811106053709528e-02 0.000000000000000000e+00
1.350000000000000000e+04 5.399981386443335474e-01 3.329540282203004020e-01 4.957897132453345512e-01 1.639736003641329154e-01 7.282658170232134826e-03 0.000000000000000000e+00
1.375000000000000000e+04 5.499981041747843413e-01 3.355712335002276059e-01 4.960172963131542767e-01 1.582840236686390567e-01 1.012744651797906244e-02 0.000000000000000000e+00
1.400000000000000000e+04 5.599980697052349132e-01 3.397815202548930547e-01 4.949931725079654288e-01 1.524806554392353075e-01 1.274465179790623508e-02 0.000000000000000000e+00
1.425000000000000000e+04 5.699980352356852631e-01 3.301092398725534727e-01 4.955621301775147702e-01 1.601046882111970826e-01 1.422394173873463806e-02 0.000000000000000000e+00
1.450000000000000000e+04 5.799980007661360570e-01 3.372781065088757413e-01 5.001137915339098905e-01 1.519116977696859383e-01 1.069640418752844727e-02 0.000000000000000000e+00
1.475000000000000000e+04 5.899979662965868510e-01 3.483158852981338427e-01 4.883932635411925571e-01 1.524806554392353075e-01 1.081019572143832562e-02 0.000000000000000000e+00
1.500000000000000000e+04 5.999979318270374229e-01 3.357988165680473314e-01 4.951069640418752638e-01 1.587391898042785632e-01 1.035502958579881741e-02 0.000000000000000000e+00
1.525000000000000000e+04 6.099978973574877728e-01 3.439918070095585034e-01 4.895311788802912956e-01 1.571461083295402905e-01 9.330905780609922637e-03 0.000000000000000000e+00
1.550000000000000000e+04 6.199978628879385667e-01 3.474055530268548297e-01 4.765589440145653333e-01 1.676149294492489672e-01 8.420573509330906217e-03 0.000000000000000000e+00
1.575000000000000000e+04 6.299978284183893606e-01 3.392125625853436577e-01 4.681383705052344357e-01 1.832043695949021334e-01 9.444697314519799256e-03 0.000000000000000000e+00
1.600000000000000000e+04 6.399977939488399326e-01 3.375056895766954668e-01 4.766727355484751683e-01 1.792216659080564378e-01 6.599908966772872511e-03 0.000000000000000000e+00
1.625000000000000000e+04 6.499977594792902824e-01 3.309057806099225951e-01 4.967000455166135642e-01 1.659080564406008318e-01 6.486117432862995025e-03 0.000000000000000000e+00
1.650000000000000000e+04 6.599977250097410764e-01 3.246472462448793950e-01 5.111515703231679364e-01 1.588529813381884259e-01 5.348202093764223633e-03 0.000000000000000000e+00
1.675000000000000000e+04 6.699976905401918703e-01 3.189576695493855363e-01 5.209376422394174089e-01 1.546426945835229771e-01 5.461993627674101119e-03 0.000000000000000000e+00
1.700000000000000000e+04 6.799976560706424422e-01 3.180473372781065233e-01 5.226445152480655443e-01 1.521392808375056915e-01 7.168866636322257339e-03 0.000000000000000000e+00
1.725000000000000000e+04 6.899976216010927921e-01 3.098543468365953513e-01 5.311788802913063323e-01 1.478152025489303523e-01 1.115157032316795548e-02 0.000000000000000000e+00
1.750000000000000000e+04 6.999975871315435860e-01 3.039371870732817671e-01 5.483614019116977989e-01 1.409877105143377274e-01 6.713700500682749130e-03 0.000000000000000000e+00
1.775000000000000000e+04 7.099975526619943800e-01 3.031406463359125891e-01 5.393718707328174489e-01 1.484979517523896120e-01 8.989531178880291046e-03 0.000000000000000000e+00
1.800000000000000000e+04 7.199975181924449519e-01 2.991579426490669213e-01 5.390304961310878884e-01 1.536185707783341015e-01 8.192990441511151245e-03 0.000000000000000000e+00
1.825000000000000000e+04 7.299974837228953017e-01 2.938097405553026786e-01 5.540509786071916576e-01 1.447428311333636697e-01 7.396449704142011444e-03 0.000000000000000000e+00
1.850000000000000000e+04 7.399974492533460957e-01 2.866408739189804100e-01 5.477924442421483464e-01 1.581702321347291662e-01 7.396449704142011444e-03 0.000000000000000000e+00
1.875000000000000000e+04 7.499974147837968896e-01 2.972234865725990050e-01 5.362994993172508496e-01 1.595357305416477134e-01 6.941283568502503235e-03 0.000000000000000000e+00
1.900000000000000000e+04 7.599973803142472395e-01 3.042785616750113831e-01 5.292444242148384159e-01 1.605598543468365891e-01 5.917159763313609329e-03 0.000000000000000000e+00
1.925000000000000000e+04 7.699973458446978114e-01 3.154301319981793195e-01 5.226445152480655443e-01 1.540737369139736079e-01 7.851615839781519654e-03 0.000000000000000000e+00
1.950000000000000000e+04 7.799973113751486054e-01 3.023441055985434667e-01 5.533682294037323146e-01 1.376877560309512916e-01 6.599908966772872511e-03 0.000000000000000000e+00
1.975000000000000000e+04 7.899972769055993993e-01 3.090578060992262288e-01 5.671370050068275104e-01 1.164087391898042806e-01 7.396449704142011444e-03 0.000000000000000000e+00
2.000000000000000000e+04 7.999972424360497492e-01 3.090578060992262288e-01 5.786299499317251183e-01 1.051433773327264398e-01 7.168866636322257339e-03 0.000000000000000000e+00
2.025000000000000000e+04 8.099972079665003211e-01 3.004096495220755503e-01 5.930814747382794350e-01 1.009330905780609910e-01 5.575785161583977738e-03 0.000000000000000000e+00
2.050000000000000000e+04 8.199971734969511150e-01 2.899408284023668458e-01 5.988848429676831842e-01 1.077605826126536159e-01 3.413746017296313308e-03 0.000000000000000000e+00
2.075000000000000000e+04 8.299971390274019090e-01 2.810650887573964418e-01 5.993400091033227461e-01 1.160673645880746507e-01 3.527537551206190360e-03 0.000000000000000000e+00
2.100000000000000000e+04 8.399971045578522588e-01 2.786754665452890189e-01 6.055985434683659463e-01 1.119708693673190647e-01 3.755120619025944465e-03 0.000000000000000000e+00
2.125000000000000000e+04 8.499970700883028307e-01 2.742375967228038447e-01 6.079881656804734247e-01 1.128812016385980915e-01 4.893035958124715423e-03 0.000000000000000000e+00
2.150000000000000000e+04 8.599970356187536247e-01 2.795857988165680319e-01 5.996813837050523066e-01 1.158397815202548975e-01 4.893035958124715423e-03 0.000000000000000000e+00
2.175000000000000000e+04 8.699970011492044186e-01 2.716203914428766408e-01 6.070778334091943007e-01 1.166363222576240338e-01 4.665452890304961318e-03 0.000000000000000000e+00
2.200000000000000000e+04 8.799969666796547685e-01 2.758306781975420896e-01 6.152708238507055283e-01 1.033227127901684139e-01 5.575785161583977738e-03 0.000000000000000000e+00
2.225000000000000000e+04 8.899969322101053404e-01 2.696859353664087244e-01 6.183431952662722386e-01 1.073054164770141095e-01 4.665452890304961318e-03 0.000000000000000000e+00
2.250000000000000000e+04 8.999968977405561343e-01 2.885753299954483264e-01 5.521165225307237412e-01 1.545289030496131144e-01 4.779244424214838804e-03 0.000000000000000000e+00
2.275000000000000000e+04 9.099968632710069283e-01 3.081474738279472159e-01 4.986345015930814806e-01 1.843422849340008995e-01 8.875739644970414427e-03 0.000000000000000000e+00
2.300000000000000000e+04 9.199968288014572781e-01 3.041647701411014926e-01 5.029585798816568198e-01 1.863905325443787064e-01 6.486117432862995025e-03 0.000000000000000000e+00
2.325000000000000000e+04 9.299967943319078501e-01 3.026854802002730827e-01 4.977241693218024676e-01 1.919663177059626746e-01 7.624032771961766417e-03 0.000000000000000000e+00
2.350000000000000000e+04 9.399967598623586440e-01 2.880063723258989294e-01 5.219617660446063123e-01 1.833181611288120239e-01 6.713700500682749130e-03 0.000000000000000000e+00
2.375000000000000000e+04 9.499967253928094379e-01 2.802685480200273194e-01 5.392580791989075584e-01 1.762630860263996457e-01 4.210286754665453109e-03 0.000000000000000000e+00
2.400000000000000000e+04 9.599966909232597878e-01 2.736686390532544477e-01 5.410787437414655843e-01 1.816112881201638607e-01 3.641329085116067413e-03 0.000000000000000000e+00
2.425000000000000000e+04 9.699966564537103597e-01 2.806099226217569353e-01 4.896449704142011861e-01 2.243969048702776636e-01 5.348202093764223633e-03 0.000000000000000000e+00
2.450000000000000000e+04 9.799966219841611537e-01 2.793582157487483064e-01 4.635867091488393155e-01 2.539827036868457233e-01 3.072371415566681717e-03 0.000000000000000000e+00
2.475000000000000000e+04 9.899965875146117256e-01 2.842512517068729871e-01 4.788347746927628656e-01 2.320209376422394110e-01 4.893035958124715423e-03 0.000000000000000000e+00
2.500000000000000000e+04 9.999965530450622975e-01 2.762858443331815961e-01 4.939690487027765253e-01 2.246244879380974169e-01 5.120619025944469528e-03 0.000000000000000000e+00
