# itime ezz other fcc hcp bcc ico
0.000000000000000000e+00 0.000000000000000000e+00 5.689576695493854790e-04 9.994310423304506585e-01 0.000000000000000000e+00 0.000000000000000000e+00 0.000000000000000000e+00
2.500000000000000000e+02 9.999965798157539609e-04 1.137915339098770958e-03 9.988620846609012061e-01 0.000000000000000000e+00 0.000000000000000000e+00 0.000000000000000000e+00
5.000000000000000000e+02 1.999993159631729966e-03 9.103322712790168532e-04 9.990896677287209870e-01 0.000000000000000000e+00 0.000000000000000000e+00 0.000000000000000000e+00
7.500000000000000000e+02 2.999989739447483927e-03 6.827492034592626399e-04 9.993172507965407680e-01 0.000000000000000000e+00 0.000000000000000000e+00 0.000000000000000000e+00
1.000000000000000000e+03 3.999986319263459933e-03 7.965407373691396923e-04 9.992034592626308775e-01 0.000000000000000000e+00 0.000000000000000000e+00 0.000000000000000000e+00
1.250000000000000000e+03 4.999982899079213894e-03 2.275830678197542133e-04 9.997724169321802190e-01 0.000000000000000000e+00 0.000000000000000000e+00 0.000000000000000000e+00
1.500000000000000000e+03 5.999979478895189899e-03 1.593081474738279385e-03 9.982931269913518646e-01 0.000000000000000000e+00 1.137915339098771066e-04 0.000000000000000000e+00
1.750000000000000000e+03 6.999976058710943860e-03 1.251706873008648227e-03 9.987482931269913156e-01 0.000000000000000000e+00 0.000000000000000000e+00 0.000000000000000000e+00
2.000000000000000000e+03 7.999972638526919866e-03 5.689576695493854790e-04 9.994310423304506585e-01 0.000000000000000000e+00 0.000000000000000000e+00 0.000000000000000000e+00
2.250000000000000000e+03 8.999969218342673827e-03 1.365498406918525280e-03 9.986345015930814251e-01 0.000000000000000000e+00 0.000000000000000000e+00 0.000000000000000000e+00
2.500000000000000000e+03 9.999965798158649832e-03 1.251706873008648227e-03 9.987482931269913156e-01 0.000000000000000000e+00 0.000000000000000000e+00 0.000000000000000000e+00
2.750000000000000000e+03 1.099996237797440379e-02 6.827492034592626399e-04 9.993172507965407680e-01 0.000000000000000000e+00 0.000000000000000000e+00 0.000000000000000000e+00
3.000000000000000000e+03 1.199995895779037980e-02 1.479289940828402332e-03 9.985207100591716456e-01 0.000000000000000000e+00 0.000000000000000000e+00 0.000000000000000000e+00
3.250000000000000000e+03 1.299995553760613376e-02 1.024123805188893906e-03 9.989758761948110966e-01 0.000000000000000000e+00 0.000000000000000000e+00 0.000000000000000000e+00
3.500000000000000000e+03 1.399995211742210977e-02 1.706873008648156654e-03 9.982931269913518646e-01 0.000000000000000000e+00 0.000000000000000000e+00 0.000000000000000000e+00
3.750000000000000000e+03 1.499994869723786373e-02 2.275830678197541916e-03 9.977241693218024121e-01 0.000000000000000000e+00 0.000000000000000000e+00 0.000000000000000000e+00
4.000000000000000000e+03 1.599994527705383973e-02 1.137915339098770958e-03 9.988620846609012061e-01 0.000000000000000000e+00 0.000000000000000000e+00 0.000000000000000000e+00
4.250000000000000000e+03 1.699994185686959369e-02 9.103322712790168532e-04 9.990896677287209870e-01 0.000000000000000000e+00 0.000000000000000000e+00 0.000000000000000000e+00
4.500000000000000000e+03 1.799993843668556970e-02 2.275830678197541916e-03 9.977241693218024121e-01 0.000000000000000000e+00 0.000000000000000000e+00 0.000000000000000000e+00
4.750000000000000000e+03 1.899993501650132366e-02 1.365498406918525280e-03 9.986345015930814251e-01 0.000000000000000000e+00 0.000000000000000000e+00 0.000000000000000000e+00
5.000000000000000000e+03 1.999993159631729966e-02 2.389622212107419402e-03 9.976103777878926326e-01 0.000000000000000000e+00 0.000000000000000000e+00 0.000000000000000000e+00
5.250000000000000000e+03 2.099992817613305363e-02 1.593081474738279385e-03 9.984069185252617551e-01 0.000000000000000000e+00 0.000000000000000000e+00 0.000000000000000000e+00
5.500000000000000000e+03 2.199992475594880759e-02 3.527537551206190360e-03 9.963586709148839482e-01 0.000000000000000000e+00 1.137915339098771066e-04 0.000000000000000000e+00
5.750000000000000000e+03 2.299992133576478359e-02 4.437869822485207214e-03 9.955621301775148257e-01 0.000000000000000000e+00 0.000000000000000000e+00 0.000000000000000000e+00
6.000000000000000000e+03 2.399991791558053755e-02 2.617205279927173507e-03 9.973827947200728516e-01 0.000000000000000000e+00 0.000000000000000000e+00 0.000000000000000000e+00
6.250000000000000000e+03 2.499991449539651356e-02 1.479289940828402332e-03 9.985207100591716456e-01 0.000000000000000000e+00 0.000000000000000000e+00 0.000000000000000000e+00
6.500000000000000000e+03 2.599991107521226752e-02 3.186162949476558769e-03 9.968138370505233992e-01 0.000000000000000000e+00 0.000000000000000000e+00 0.000000000000000000e+00
6.750000000000000000e+03 2.699990765502824352e-02 4.551661356395083832e-03 9.954483386436049352e-01 0.000000000000000000e+00 0.000000000000000000e+00 0.000000000000000000e+00
7.000000000000000000e+03 2.799990423484399749e-02 4.551661356395083832e-03 9.953345471096950448e-01 0.000000000000000000e+00 1.137915339098771066e-04 0.000000000000000000e+00
7.250000000000000000e+03 2.899990081465997349e-02 2.048247610377787811e-03 9.977241693218024121e-01 0.000000000000000000e+00 2.275830678197542133e-04 0.000000000000000000e+00
7.500000000000000000e+03 2.999989739447572745e-02 4.893035958124715423e-03 9.949931725079653733e-01 0.000000000000000000e+00 1.137915339098771066e-04 0.000000000000000000e+00
7.750000000000000000e+03 3.099989397429170346e-02 2.844788347746927612e-03 9.971552116522530707e-01 0.000000000000000000e+00 0.000000000000000000e+00 0.000000000000000000e+00
8.000000000000000000e+03 3.199989055410745742e-02 5.461993627674101119e-03 9.943104233045061413e-01 0.000000000000000000e+00 2.275830678197542133e-04 0.000000000000000000e+00
8.250000000000000000e+03 3.299988713392343342e-02 5.689576695493855224e-03 9.941966317705962508e-01 0.000000000000000000e+00 1.137915339098771066e-04 0.000000000000000000e+00
8.500000000000000000e+03 3.399988371373918739e-02 8.306781975421027864e-03 9.910104688211197610e-01 0.000000000000000000e+00 6.827492034592626399e-04 0.000000000000000000e+00
8.750000000000000000e+03 3.499988029355516339e-02 6.372325898953117539e-03 9.935138825671370189e-01 0.000000000000000000e+00 1.137915339098771066e-04 0.000000000000000000e+00
9.000000000000000000e+03 3.599987687337091735e-02 5.006827492034592909e-03 9.948793809740554828e-01 0.000000000000000000e+00 1.137915339098771066e-04 0.000000000000000000e+00
9.250000000000000000e+03 3.699987345318689336e-02 5.575785161583977738e-03 9.944242148384160318e-01 0.000000000000000000e+00 0.000000000000000000e+00 0.000000000000000000e+00
9.500000000000000000e+03 3.799987003300264732e-02 6.827492034592626616e-03 9.930587164314974569e-01 0.000000000000000000e+00 1.137915339098771066e-04 0.000000000000000000e+00
9.750000000000000000e+03 3.899986661281862332e-02 6.599908966772872511e-03 9.932862994993172379e-01 0.000000000000000000e+00 1.137915339098771066e-04 0.000000000000000000e+00
1.000000000000000000e+04 3.999986319263437728e-02 7.282658170232134826e-03 9.924897587619481154e-01 0.000000000000000000e+00 2.275830678197542133e-04 0.000000000000000000e+00
1.025000000000000000e+04 4.099985977245035329e-02 8.648156577150659455e-03 9.912380518889394310e-01 0.000000000000000000e+00 1.137915339098771066e-04 0.000000000000000000e+00
1.050000000000000000e+04 4.199985635226610725e-02 8.648156577150659455e-03 9.911242603550295405e-01 0.000000000000000000e+00 2.275830678197542133e-04 0.000000000000000000e+00
1.075000000000000000e+04 4.299985293208186121e-02 7.851615839781519654e-03 9.919208010923987739e-01 0.000000000000000000e+00 2.275830678197542133e-04 0.000000000000000000e+00
1.100000000000000000e+04 4.399984951189783722e-02 9.899863450159307465e-03 9.897587619481110766e-01 0.000000000000000000e+00 3.413746017296313199e-04 0.000000000000000000e+00
1.125000000000000000e+04 4.499984609171359118e-02 9.330905780609922637e-03 9.902139280837505275e-01 0.000000000000000000e+00 4.551661356395084266e-04 0.000000000000000000e+00
1.150000000000000000e+04 4.599984267152956718e-02 1.376877560309512985e-02 9.860036413290851343e-01 0.000000000000000000e+00 2.275830678197542133e-04 0.000000000000000000e+00
1.175000000000000000e+04 4.699983925134532114e-02 1.081019572143832562e-02 9.883932635411925016e-01 0.000000000000000000e+00 7.965407373691396923e-04 0.000000000000000000e+00
1.200000000000000000e+04 4.799983583116129715e-02 1.092398725534820224e-02 9.889622212107419541e-01 0.000000000000000000e+00 1.137915339098771066e-04 0.000000000000000000e+00
1.225000000000000000e+04 4.899983241097705111e-02 1.342740100136549826e-02 9.855484751934455723e-01 0.000000000000000000e+00 1.024123805188893906e-03 0.000000000000000000e+00
1.250000000000000000e+04 4.999982899079302712e-02 1.126536185707783383e-02 9.881656804733728316e-01 0.000000000000000000e+00 5.689576695493854790e-04 0.000000000000000000e+00
1.275000000000000000e+04 5.099982557060878108e-02 1.627218934911242587e-02 9.833864360491579859e-01 0.000000000000000000e+00 3.413746017296313199e-04 0.000000000000000000e+00
1.300000000000000000e+04 5.199982215042475708e-02 2.389622212107419055e-02 9.755348202093764298e-01 0.000000000000000000e+00 5.689576695493854790e-04 0.000000000000000000e+00
1.325000000000000000e+04 5.299981873024051104e-02 2.230314064633591095e-02 9.770141101502047842e-01 0.000000000000000000e+00 6.827492034592626399e-04 0.000000000000000000e+00
1.350000000000000000e+04 5.399981531005648705e-02 1.968593536640873831e-02 9.794037323623122626e-01 0.000000000000000000e+00 9.103322712790168532e-04 0.000000000000000000e+00
1.375000000000000000e+04 5.499981188987224101e-02 2.241693218024579104e-02 9.764451524806554428e-01 0.000000000000000000e+00 1.137915339098770958e-03 0.000000000000000000e+00
1.400000000000000000e+04 5.599980846968821702e-02 1.979972690031861493e-02 9.791761492944924816e-01 0.000000000000000000e+00 1.024123805188893906e-03 0.000000000000000000e+00
1.425000000000000000e+04 5.699980504950397098e-02 2.594446973145198010e-02 9.726900318616295005e-01 0.000000000000000000e+00 1.365498406918525280e-03 0.000000000000000000e+00
1.450000000000000000e+04 5.799980162931994698e-02 2.378243058716431393e-02 9.754210286754665393e-01 0.000000000000000000e+00 7.965407373691396923e-04 0.000000000000000000e+00
1.475000000000000000e+04 5.899979820913570094e-02 2.639963586709149004e-02 9.723486572598998290e-01 0.000000000000000000e+00 1.251706873008648227e-03 0.000000000000000000e+00
1.500000000000000000e+04 5.999979478895167695e-02 3.447883477469276120e-02 9.635867091488393710e-01 0.000000000000000000e+00 1.934456076467910759e-03 0.000000000000000000e+00
1.525000000000000000e+04 6.099979136876743091e-02 3.004096495220755572e-02 9.683659535730542167e-01 0.000000000000000000e+00 1.593081474738279385e-03 0.000000000000000000e+00
1.550000000000000000e+04 6.199978794858340692e-02 3.299954483386435822e-02 9.646108329540282744e-01 0.000000000000000000e+00 2.389622212107419402e-03 0.000000000000000000e+00
1.575000000000000000e+04 6.299978452839916088e-02 3.413746017296313134e-02 9.640418752844788219e-01 0.000000000000000000e+00 1.820664542558033706e-03 0.000000000000000000e+00
1.600000000000000000e+04 6.399978110821491484e-02 4.358215748748293233e-02 9.545971779699590209e-01 0.000000000000000000e+00 1.820664542558033706e-03 0.000000000000000000e+00
1.625000000000000000e+04 6.499977768803089084e-02 4.073736913973600299e-02 9.568730086481566088e-01 0.000000000000000000e+00 2.389622212107419402e-03 0.000000000000000000e+00
1.650000000000000000e+04 6.599977426784664480e-02 4.005461993627674328e-02 9.574419663177059503e-01 0.000000000000000000e+00 2.503413746017296455e-03 0.000000000000000000e+00
1.675000000000000000e+04 6.699977084766262081e-02 4.096495220755575623e-02 9.566454255803368278e-01 0.000000000000000000e+00 2.389622212107419402e-03 0.000000000000000000e+00
1.700000000000000000e+04 6.799976742747837477e-02 3.868912152935821691e-02 9.592626308602639762e-01 0.000000000000000000e+00 2.048247610377787811e-03 0.000000000000000000e+00
1.725000000000000000e+04 6.899976400729435078e-02 4.403732362312243881e-02 9.531178880291306665e-01 0.000000000000000000e+00 2.844788347746927612e-03 0.000000000000000000e+00
1.750000000000000000e+04 6.999976058711010474e-02 5.894401456531633832e-02 9.374146563495675544e-01 0.000000000000000000e+00 3.641329085116067413e-03 0.000000000000000000e+00
1.775000000000000000e+04 7.099975716692608074e-02 5.814747382794720199e-02 9.383249886208465673e-01 0.000000000000000000e+00 3.527537551206190360e-03 0.000000000000000000e+00
1.800000000000000000e+04 7.199975374674183470e-02 6.190259444697314428e-02 9.334319526627219421e-01 0.000000000000000000e+00 4.665452890304961318e-03 0.000000000000000000e+00
1.825000000000000000e+04 7.299975032655781071e-02 6.167501137915339104e-02 9.342284934000910646e-01 0.000000000000000000e+00 4.096495220755575623e-03 0.000000000000000000e+00
1.850000000000000000e+04 7.399974690637356467e-02 6.543013199817933334e-02 9.289940828402366568e-01 0.000000000000000000e+00 5.575785161583977738e-03 0.000000000000000000e+00
1.875000000000000000e+04 7.499974348618954068e-02 7.066454255803368556e-02 9.233045061447427981e-01 0.000000000000000000e+00 6.030951297223486815e-03 0.000000000000000000e+00
1.900000000000000000e+04 7.599974006600529464e-02 8.272644515248064878e-02 9.110150204824760678e-01 0.000000000000000000e+00 6.258534365043240920e-03 0.000000000000000000e+00
1.925000000000000000e+04 7.699973664582127064e-02 9.524351388256713236e-02 8.989531178880291185e-01 0.000000000000000000e+00 5.803368229403732710e-03 0.000000000000000000e+00
1.950000000000000000e+04 7.799973322563702460e-02 8.602639963586708460e-02 9.072598998634501255e-01 0.000000000000000000e+00 6.713700500682749130e-03 0.000000000000000000e+00
1.975000000000000000e+04 7.899972980545300061e-02 1.110605370960400518e-01 8.790395994538006130e-01 0.000000000000000000e+00 9.899863450159307465e-03 0.000000000000000000e+00
2.000000000000000000e+04 7.999972638526875457e-02 9.626763768775603580e-02 8.945152480655439442e-01 0.000000000000000000e+00 9.217114246700046018e-03 0.000000000000000000e+00
2.025000000000000000e+04 8.099972296508473057e-02 1.077605826126536159e-01 8.834774692762858983e-01 0.000000000000000000e+00 8.761948111060537808e-03 0.000000000000000000e+00
2.050000000000000000e+04 8.199971954490048454e-02 1.378015475648611821e-01 8.453573054164770229e-01 0.000000000000000000e+00 1.684114701866181243e-02 0.000000000000000000e+00
2.075000000000000000e+04 8.299971612471646054e-02 1.250568957669549452e-01 8.583295402822029851e-01 0.000000000000000000e+00 1.661356395084205573e-02 0.000000000000000000e+00
2.100000000000000000e+04 8.399971270453221450e-02 1.271051433773327244e-01 8.538916704597178109e-01 1.137915339098771066e-04 1.888939462903959851e-02 0.000000000000000000e+00
2.125000000000000000e+04 8.499970928434796846e-02 1.472462448793809831e-01 8.252162039144287364e-01 0.000000000000000000e+00 2.753755120619025970e-02 0.000000000000000000e+00
2.150000000000000000e+04 8.599970586416394447e-02 1.857077833409194467e-01 7.789030496131087444e-01 0.000000000000000000e+00 3.538916704597178109e-02 0.000000000000000000e+00
2.175000000000000000e+04 8.699970244397969843e-02 1.803595812471552040e-01 7.748065543923532417e-01 0.000000000000000000e+00 4.483386436049158208e-02 0.000000000000000000e+00
2.200000000000000000e+04 8.799969902379567444e-02 2.239417387346381294e-01 6.869594902139281034e-01 1.137915339098771066e-04 8.898497951752389057e-02 0.000000000000000000e+00
2.225000000000000000e+04 8.899969560361142840e-02 2.511379153390987939e-01 6.115157032316795860e-01 1.593081474738279385e-03 1.357532999544833752e-01 0.000000000000000000e+00
2.250000000000000000e+04 8.999969218342740440e-02 2.777651342740100060e-01 5.152480655439235502e-01 1.877560309512972189e-02 1.882111970869367323e-01 0.000000000000000000e+00
2.275000000000000000e+04 9.099968876324315836e-02 2.637687756030951403e-01 5.114929449248976079e-01 7.305416477014110843e-02 1.516841147018661851e-01 0.000000000000000000e+00
2.300000000000000000e+04 9.199968534305913437e-02 2.449931725079654010e-01 5.460855712335002110e-01 1.228948566226672756e-01 8.602639963586708460e-02 0.000000000000000000e+00
2.325000000000000000e+04 9.299968192287488833e-02 2.077833409194355940e-01 5.529130632680928636e-01 1.703459262630860338e-01 6.895766954938552240e-02 0.000000000000000000e+00
2.350000000000000000e+04 9.399967850269086433e-02 1.601046882111970826e-01 5.922849340009103125e-01 2.097177969959035104e-01 3.789258079198907364e-02 0.000000000000000000e+00
2.375000000000000000e+04 9.499967508250661830e-02 1.325671370050068298e-01 6.319981793354574329e-01 2.138142922166590687e-01 2.162039144287665124e-02 0.000000000000000000e+00
2.400000000000000000e+04 9.599967166232259430e-02 1.232362312243969055e-01 6.382567137005006330e-01 2.149522075557578626e-01 2.355484751934456070e-02 0.000000000000000000e+00
2.425000000000000000e+04 9.699966824213834826e-02 1.260810195721438209e-01 6.366636322257623881e-01 2.143832498862084657e-01 2.287209831588529751e-02 0.000000000000000000e+00
2.450000000000000000e+04 9.799966482195432427e-02 1.313154301319981732e-01 6.280154756486117096e-01 2.173418297678652578e-01 2.332726445152480746e-02 0.000000000000000000e+00
2.475000000000000000e+04 9.899966140177007823e-02 1.216431497496586189e-01 6.314292216659080914e-01 2.212107419208010906e-01 2.571688666363222686e-02 0.000000000000000000e+00
2.500000000000000000e+04 9.999965798158605423e-02 1.264223941738734647e-01 6.294947655894401750e-01 2.179107874374146547e-01 2.617205279927173334e-02 0.000000000000000000e+00
2.525000000000000000e+04 1.009996545614018082e-01 1.371187983614019223e-01 6.185707783340919086e-01 2.170004551661356418e-01 2.730996813837050646e-02 0.000000000000000000e+00
2.550000000000000000e+04 1.019996511412177842e-01 1.302913063268092975e-01 6.234638142922166448e-01 2.172280382339553950e-01 2.901684114701866268e-02 0.000000000000000000e+00
2.575000000000000000e+04 1.029996477210335382e-01 1.338188438780154865e-01 6.220983158852981809e-01 2.159763313609467383e-01 2.810650887573964626e-02 0.000000000000000000e+00
2.600000000000000000e+04 1.039996443008495142e-01 1.398497951752389612e-01 6.202776513427401550e-01 2.148384160218479721e-01 2.503413746017296368e-02 0.000000000000000000e+00
2.625000000000000000e+04 1.049996408806652681e-01 1.587391898042785632e-01 5.950159308147473514e-01 2.174556213017751483e-01 2.878925807919890598e-02 0.000000000000000000e+00
2.650000000000000000e+04 1.059996374604810221e-01 1.648839326354119283e-01 5.886436049157942607e-01 2.139280837505689592e-01 3.254437869822485174e-02 0.000000000000000000e+00
2.675000000000000000e+04 1.069996340402969981e-01 1.576012744651797970e-01 5.982020937642239522e-01 2.131315430131998090e-01 3.106508875739644876e-02 0.000000000000000000e+00
2.700000000000000000e+04 1.079996306201127521e-01 1.772872098315885214e-01 5.721438324988621371e-01 2.104005461993627701e-01 4.016841147018661989e-02 0.000000000000000000e+00
2.725000000000000000e+04 1.089996271999287281e-01 1.926490669094219343e-01 5.414201183431952558e-01 2.071005917159763343e-01 5.883022303140646170e-02 0.000000000000000000e+00
2.750000000000000000e+04 1.099996237797444820e-01 2.138142922166590687e-01 4.971552116522530707e-01 2.118798361401911801e-01 7.715065999089668058e-02 0.000000000000000000e+00
2.775000000000000000e+04 1.109996203595604580e-01 2.428311333636777314e-01 4.547109695038689114e-01 2.109695038689121394e-01 9.148839326354119006e-02 0.000000000000000000e+00
2.800000000000000000e+04 1.119996169393762120e-01 2.452207555757851543e-01 4.285389167045971504e-01 2.259899863450159363e-01 1.002503413746017313e-01 0.000000000000000000e+00
2.825000000000000000e+04 1.129996135191921880e-01 2.399863450159308020e-01 4.044151115157032517e-01 2.455621301775147980e-01 1.100364132908511622e-01 0.000000000000000000e+00
2.850000000000000000e+04 1.139996100990079420e-01 2.389622212107419263e-01 3.991807009558488994e-01 2.506827492034592875e-01 1.111743286299499284e-01 0.000000000000000000e+00
2.875000000000000000e+04 1.149996066788239180e-01 2.267865270823850588e-01 4.336595357305416676e-01 2.669549385525716856e-01 7.259899863450158808e-02 0.000000000000000000e+00
2.900000000000000000e+04 1.159996032586396719e-01 1.912835685025034149e-01 5.223031406463358728e-01 2.501137915339098905e-01 3.629949931725079404e-02 0.000000000000000000e+00
2.925000000000000000e+04 1.169995998384556479e-01 1.356395084205735124e-01 5.743058716431497235e-01 2.627446517979062368e-01 2.730996813837050646e-02 0.000000000000000000e+00
2.950000000000000000e+04 1.179995964182714019e-01 1.268775603095129711e-01 5.853436504324078804e-01 2.668411470186617951e-01 2.093764223941738806e-02 0.000000000000000000e+00
2.975000000000000000e+04 1.189995929980873779e-01 1.121984524351388318e-01 5.888711879836140417e-01 2.758306781975420896e-01 2.309968138370505075e-02 0.000000000000000000e+00
3.000000000000000000e+04 1.199995895779031319e-01 1.223258989531178925e-01 5.855712335002275504e-01 2.692307692307692180e-01 2.287209831588529751e-02 0.000000000000000000e+00
3.025000000000000000e+04 1.209995861577191079e-01 1.199362767410104696e-01 5.810195721438324856e-01 2.737824305871643382e-01 2.526172052799271692e-02 0.000000000000000000e+00
3.050000000000000000e+04 1.219995827375348618e-01 1.220983158852981393e-01 5.806781975421028141e-01 2.719617660446062568e-01 2.526172052799271692e-02 0.000000000000000000e+00
3.075000000000000000e+04 1.229995793173508378e-01 1.153846153846153910e-01 5.847746927628584279e-01 2.752617205279926926e-01 2.457897132453345374e-02 0.000000000000000000e+00
3.100000000000000000e+04 1.239995758971665918e-01 1.176604460628129234e-01 5.840919435593991960e-01 2.699135184342285054e-01 2.833409194355939950e-02 0.000000000000000000e+00
3.125000000000000000e+04 1.249995724769823457e-01 1.230086481565771522e-01 5.810195721438324856e-01 2.717341829767865313e-01 2.423759672280382388e-02 0.000000000000000000e+00
3.150000000000000000e+04 1.259995690567983218e-01 1.288120163859808875e-01 5.768092853891670924e-01 2.677514792899408080e-01 2.662721893491124328e-02 0.000000000000000000e+00
3.175000000000000000e+04 1.269995656366140757e-01 1.261948111060537114e-01 5.823850705507510606e-01 2.679790623577605890e-01 2.344105598543468408e-02 0.000000000000000000e+00
3.200000000000000000e+04 1.279995622164300517e-01 1.224396904870277691e-01 5.830678197542102925e-01 2.728720983158853253e-01 2.162039144287665124e-02 0.000000000000000000e+00
3.225000000000000000e+04 1.289995587962458057e-01 1.255120619025944517e-01 5.812471552116522666e-01 2.702548930359581214e-01 2.298588984979517413e-02 0.000000000000000000e+00
3.250000000000000000e+04 1.299995553760617817e-01 1.268775603095129711e-01 5.801092398725534727e-01 2.675238962221210826e-01 2.548930359581247015e-02 0.000000000000000000e+00
3.275000000000000000e+04 1.309995519558775356e-01 1.283568502503413811e-01 5.754437869822485174e-01 2.713928083750569153e-01 2.480655439235321044e-02 0.000000000000000000e+00
3.300000000000000000e+04 1.319995485356935117e-01 1.316568047337278169e-01 5.781747837960855563e-01 2.685480200273099860e-01 2.162039144287665124e-02 0.000000000000000000e+00
3.325000000000000000e+04 1.329995451155092656e-01 1.362084660901228816e-01 5.757851615839781889e-01 2.690031861629494925e-01 1.900318616294947513e-02 0.000000000000000000e+00
3.350000000000000000e+04 1.339995416953252416e-01 1.392808375056895642e-01 5.722576240327719166e-01 2.682066454255803145e-01 2.025489303595812488e-02 0.000000000000000000e+00
3.375000000000000000e+04 1.349995382751409956e-01 1.327947200728265831e-01 5.751024123805188459e-01 2.709376422394174089e-01 2.116522530723714129e-02 0.000000000000000000e+00
3.400000000000000000e+04 1.359995348549569716e-01 1.280154756486117373e-01 5.794264906690942407e-01 2.703686845698680119e-01 2.218934911242603433e-02 0.000000000000000000e+00
3.425000000000000000e+04 1.369995314347727255e-01 1.339326354119253493e-01 5.756713700500682984e-01 2.683204369594902050e-01 2.207555757851615771e-02 0.000000000000000000e+00
3.450000000000000000e+04 1.379995280145887016e-01 1.385980883022303045e-01 5.740782885753299425e-01 2.659308147473827821e-01 2.139280837505689453e-02 0.000000000000000000e+00
3.475000000000000000e+04 1.389995245944044555e-01 1.390532544378698110e-01 5.714610832954027941e-01 2.697997269003186149e-01 1.968593536640873831e-02 0.000000000000000000e+00
3.500000000000000000e+04 1.399995211742204315e-01 1.517979062357760478e-01 5.641784251251706905e-01 2.642239417387346467e-01 1.979972690031861493e-02 0.000000000000000000e+00
3.525000000000000000e+04 1.409995177540361855e-01 1.434911242603550408e-01 5.698680018206645492e-01 2.659308147473827821e-01 2.071005917159763482e-02 0.000000000000000000e+00
3.550000000000000000e+04 1.419995143338521615e-01 1.438324988620846567e-01 5.698680018206645492e-01 2.651342740100136597e-01 2.116522530723714129e-02 0.000000000000000000e+00
3.575000000000000000e+04 1.429995109136679154e-01 1.471324533454710926e-01 5.634956759217114586e-01 2.670687300864815761e-01 2.230314064633591095e-02 0.000000000000000000e+00
3.600000000000000000e+04 1.439995074934838915e-01 1.500910332271279124e-01 5.616750113791534327e-01 2.652480655439235502e-01 2.298588984979517413e-02 0.000000000000000000e+00
3.625000000000000000e+04 1.449995040732996454e-01 1.557806099226217433e-01 5.609922621756940897e-01 2.626308602639963463e-01 2.048247610377787811e-02 1.137915339098771066e-04
3.650000000000000000e+04 1.459995006531153994e-01 1.627218934911242587e-01 5.541647701411015481e-01 2.608101957214383204e-01 2.230314064633591095e-02 0.000000000000000000e+00
3.675000000000000000e+04 1.469994972329313754e-01 1.639736003641329154e-01 5.559854346836595740e-01 2.579654073736913911e-01 2.207555757851615771e-02 0.000000000000000000e+00
3.700000000000000000e+04 1.479994938127471293e-01 1.661356395084205850e-01 5.566681838871188059e-01 2.555757851615839682e-01 2.162039144287665124e-02 0.000000000000000000e+00
3.725000000000000000e+04 1.489994903925631053e-01 1.693218024578971304e-01 5.499544833864360438e-01 2.577378243058716656e-01 2.298588984979517413e-02 0.000000000000000000e+00
3.750000000000000000e+04 1.499994869723788593e-01 1.795630405097860816e-01 5.457441966317706505e-01 2.510241238051889034e-01 2.366863905325443732e-02 0.000000000000000000e+00
3.775000000000000000e+04 1.509994835521948353e-01 1.758079198907601393e-01 5.443786982248520756e-01 2.560309512972234747e-01 2.378243058716431393e-02 0.000000000000000000e+00
3.800000000000000000e+04 1.519994801320105893e-01 1.781975421028675344e-01 5.518889394629039602e-01 2.501137915339098905e-01 1.979972690031861493e-02 0.000000000000000000e+00
3.825000000000000000e+04 1.529994767118265653e-01 1.800182066454255880e-01 5.505234410559853853e-01 2.517068730086481354e-01 1.775147928994082885e-02 0.000000000000000000e+00
3.850000000000000000e+04 1.539994732916423192e-01 1.780837505689576716e-01 5.442649066909421851e-01 2.537551206190259423e-01 2.378243058716431393e-02 1.137915339098771066e-04
3.875000000000000000e+04 1.549994698714582952e-01 1.709148839326354030e-01 5.573509330905780379e-01 2.509103322712790130e-01 2.082385070550751144e-02 0.000000000000000000e+00
3.900000000000000000e+04 1.559994664512740492e-01 1.904870277651342647e-01 5.397132453345471204e-01 2.503413746017296160e-01 1.945835229858898507e-02 0.000000000000000000e+00
3.925000000000000000e+04 1.569994630310900252e-01 1.899180700955848955e-01 5.436959490213928436e-01 2.469276285844333174e-01 1.945835229858898507e-02 0.000000000000000000e+00
3.950000000000000000e+04 1.579994596109057792e-01 2.097177969959035104e-01 5.527992717341829731e-01 2.190487027765134209e-01 1.843422849340009204e-02 0.000000000000000000e+00
3.975000000000000000e+04 1.589994561907217552e-01 1.943559399180700975e-01 5.780609922621756658e-01 2.058488848429676776e-01 2.173418297678652786e-02 0.000000000000000000e+00
4.000000000000000000e+04 1.599994527705375091e-01 1.958352298588985074e-01 5.827264451524806210e-01 1.998179335457442030e-01 2.162039144287665124e-02 0.000000000000000000e+00
4.025000000000000000e+04 1.609994493503534851e-01 1.901456531634046487e-01 5.802230314064633632e-01 2.093764223941738667e-01 2.025489303595812488e-02 0.000000000000000000e+00
4.050000000000000000e+04 1.619994459301692391e-01 1.781975421028675344e-01 5.838643604915794150e-01 2.146108329540282189e-01 2.332726445152480746e-02 0.000000000000000000e+00
4.075000000000000000e+04 1.629994425099852151e-01 1.960628129267182607e-01 5.738507055075102725e-01 2.122212107419207960e-01 1.786527082385070547e-02 0.000000000000000000e+00
4.100000000000000000e+04 1.639994390898009691e-01 1.792216659080564378e-01 5.838643604915794150e-01 2.148384160218479721e-01 2.207555757851615771e-02 0.000000000000000000e+00
4.125000000000000000e+04 1.649994356696169451e-01 1.880974055530268418e-01 5.725989986345015881e-01 2.121074192080109333e-01 2.719617660446062984e-02 0.000000000000000000e+00
4.150000000000000000e+04 1.659994322494326990e-01 1.924214838416021811e-01 5.673645880746472914e-01 2.187073281747838049e-01 2.150659990896677115e-02 0.000000000000000000e+00
4.175000000000000000e+04 1.669994288292484530e-01 1.927628584433318248e-01 5.620163859808829931e-01 2.191624943104233114e-01 2.605826126536185672e-02 0.000000000000000000e+00
4.200000000000000000e+04 1.679994254090644290e-01 1.924214838416021811e-01 5.598543468365954068e-01 2.199590350477924339e-01 2.776513427401001294e-02 0.000000000000000000e+00
4.225000000000000000e+04 1.689994219888801830e-01 2.016385980883022289e-01 5.537096040054619861e-01 2.193900773782430647e-01 2.526172052799271692e-02 0.000000000000000000e+00
4.250000000000000000e+04 1.699994185686961590e-01 2.179107874374146547e-01 5.377787892580792040e-01 2.173418297678652578e-01 2.696859353664087314e-02 0.000000000000000000e+00
4.275000000000000000e+04 1.709994151485119129e-01 2.097177969959035104e-01 5.513199817933546187e-01 2.143832498862084657e-01 2.457897132453345374e-02 0.000000000000000000e+00
4.300000000000000000e+04 1.719994117283278889e-01 2.195038689121529274e-01 5.447200728265817471e-01 2.102867546654528796e-01 2.548930359581247015e-02 0.000000000000000000e+00
4.325000000000000000e+04 1.729994083081436429e-01 2.282658170232134687e-01 5.362994993172508496e-01 2.111970869367319203e-01 2.412380518889394726e-02 1.137915339098771066e-04
4.350000000000000000e+04 1.739994048879596189e-01 2.258761948111060458e-01 5.298133818843877574e-01 2.118798361401911801e-01 3.243058716431497512e-02 0.000000000000000000e+00
4.375000000000000000e+04 1.749994014677753729e-01 2.258761948111060458e-01 5.336822940373235902e-01 2.119936276741010428e-01 2.833409194355939950e-02 1.137915339098771066e-04
4.400000000000000000e+04 1.759993980475913489e-01 2.203004096495220776e-01 5.367546654528903005e-01 2.085798816568047442e-01 3.436504324078288458e-02 0.000000000000000000e+00
4.425000000000000000e+04 1.769993946274071028e-01 2.388484296768320359e-01 5.138825671370049752e-01 2.063040509786071841e-01 4.096495220755575623e-02 0.000000000000000000e+00
4.450000000000000000e+04 1.779993912072230788e-01 2.358898497951752438e-01 5.143377332726445372e-01 2.091488393263541135e-01 4.062357760582612637e-02 0.000000000000000000e+00
4.475000000000000000e+04 1.789993877870388328e-01 2.410104688211197055e-01 5.064861174328629811e-01 2.119936276741010428e-01 4.050978607191624975e-02 0.000000000000000000e+00
4.500000000000000000e+04 1.799993843668548088e-01 2.481793354574419741e-01 5.091033227127901295e-01 2.125625853436504398e-01 3.015475648611743234e-02 0.000000000000000000e+00
4.525000000000000000e+04 1.809993809466705628e-01 2.535275375512062168e-01 4.946517979062357573e-01 2.167728720983158885e-01 3.504779244424215123e-02 0.000000000000000000e+00
4.550000000000000000e+04 1.819993775264865388e-01 2.554619936276740777e-01 4.880518889394628856e-01 2.056213017751479244e-01 5.086481565771506369e-02 0.000000000000000000e+00
4.575000000000000000e+04 1.829993741063022927e-01 2.528447883477469293e-01 4.888484296768320636e-01 2.040282203004096517e-01 5.427856167501137613e-02 0.000000000000000000e+00
4.600000000000000000e+04 1.839993706861182687e-01 2.548930359581247362e-01 4.790623577605825911e-01 2.117660446062812896e-01 5.427856167501137613e-02 0.000000000000000000e+00
4.625000000000000000e+04 1.849993672659340227e-01 2.776513427401001155e-01 4.651797906235776159e-01 2.084660901228948537e-01 4.870277651342740100e-02 0.000000000000000000e+00
4.650000000000000000e+04 1.859993638457499987e-01 2.663859808830222886e-01 4.704142011834319681e-01 2.090350477924442507e-01 5.416477014110149951e-02 0.000000000000000000e+00
4.675000000000000000e+04 1.869993604255657527e-01 2.621756941283568398e-01 4.560764679107874309e-01 2.156349567592171224e-01 6.611288120163859305e-02 0.000000000000000000e+00
4.700000000000000000e+04 1.879993570053815066e-01 2.721893491124260378e-01 4.434456076467910846e-01 2.154073736913973691e-01 6.895766954938552240e-02 0.000000000000000000e+00
4.725000000000000000e+04 1.889993535851974826e-01 2.868684569868001910e-01 4.188666363222576239e-01 2.135867091488393155e-01 8.067819754210286964e-02 0.000000000000000000e+00
4.750000000000000000e+04 1.899993501650132366e-01 2.787892580791989094e-01 4.137460172963131622e-01 2.325898953117888079e-01 7.487482931269913433e-02 0.000000000000000000e+00
4.775000000000000000e+04 1.909993467448292126e-01 2.866408739189804100e-01 3.807464724624488039e-01 2.484069185252617273e-01 8.420573509330905870e-02 0.000000000000000000e+00
4.800000000000000000e+04 1.919993433246449666e-01 2.895994538006372299e-01 3.789258079198907780e-01 2.502275830678197810e-01 8.124715521165225274e-02 0.000000000000000000e+00
4.825000000000000000e+04 1.929993399044609426e-01 2.902822030040965173e-01 3.776741010468820936e-01 2.498862084660901095e-01 8.215748748293126569e-02 0.000000000000000000e+00
4.850000000000000000e+04 1.939993364842766965e-01 2.936959490213927881e-01 3.702776513427400995e-01 2.484069185252617273e-01 8.761948111060537114e-02 0.000000000000000000e+00
4.875000000000000000e+04 1.949993330640926725e-01 3.020027309968138507e-01 3.505917159763313751e-01 2.650204824761037692e-01 8.238507055075101893e-02 0.000000000000000000e+00
4.900000000000000000e+04 1.959993296439084265e-01 2.990441511151570309e-01 3.377332726445152478e-01 2.751479289940828576e-01 8.807464724624487762e-02 0.000000000000000000e+00
4.925000000000000000e+04 1.969993262237244025e-01 2.946062812926718011e-01 3.182749203459262488e-01 2.919890760127446527e-01 9.512972234865725574e-02 0.000000000000000000e+00
4.950000000000000000e+04 1.979993228035401565e-01 2.783340919435594030e-01 3.076923076923077094e-01 3.249886208466090110e-01 8.898497951752389057e-02 0.000000000000000000e+00
4.975000000000000000e+04 1.989993193833561325e-01 2.703686845698680119e-01 3.140646335912608000e-01 3.487710514337733492e-01 6.679563040509786664e-02 0.000000000000000000e+00
5.000000000000000000e+04 1.999993159631718864e-01 2.638825671370050308e-01 3.105370960400546387e-01 3.708466090122894965e-01 5.473372781065088954e-02 0.000000000000000000e+00
5.025000000000000000e+04 2.009993125429878624e-01 2.412380518889394587e-01 3.232817478379608755e-01 3.872325898953117851e-01 4.824761037778789452e-02 0.000000000000000000e+00
5.050000000000000000e+04 2.019993091228036164e-01 2.411242603550295960e-01 3.191852526172052618e-01 3.994082840236686249e-01 4.028220300409649651e-02 0.000000000000000000e+00
5.075000000000000000e+04 2.029993057026195924e-01 2.344105598543468338e-01 3.117888029130632677e-01 4.056668183887118806e-01 4.813381884387801790e-02 0.000000000000000000e+00
5.100000000000000000e+04 2.039993022824353464e-01 2.420345926263086089e-01 3.038233955393718766e-01 4.123805188893946427e-01 4.176149294492489950e-02 0.000000000000000000e+00
5.125000000000000000e+04 2.049992988622513224e-01 2.337278106508875741e-01 3.039371870732817671e-01 4.173873463814292140e-01 4.494765589440145870e-02 0.000000000000000000e+00
5.150000000000000000e+04 2.059992954420670763e-01 2.317933545744196577e-01 3.004096495220755503e-01 4.248975876194810986e-01 4.289940828402366568e-02 0.000000000000000000e+00
5.175000000000000000e+04 2.069992920218830523e-01 2.360036413290851065e-01 2.885753299954483264e-01 4.305871643149749572e-01 4.483386436049158208e-02 0.000000000000000000e+00
5.200000000000000000e+04 2.079992886016988063e-01 2.312243969048702885e-01 2.882339553937187104e-01 4.432180245789713036e-01 3.732362312243969055e-02 0.000000000000000000e+00
5.225000000000000000e+04 2.089992851815145603e-01 2.312243969048702885e-01 2.843650432407828776e-01 4.500455166135639562e-01 3.436504324078288458e-02 0.000000000000000000e+00
5.250000000000000000e+04 2.099992817613305363e-01 2.390760127446517891e-01 2.807237141556668258e-01 4.489076012744651623e-01 3.129267182521620200e-02 0.000000000000000000e+00
5.275000000000000000e+04 2.109992783411462902e-01 2.355484751934456000e-01 2.858443331816112876e-01 4.508420573509330787e-01 2.776513427401001294e-02 0.000000000000000000e+00
5.300000000000000000e+04 2.119992749209622662e-01 2.411242603550295960e-01 2.783340919435594030e-01 4.472007282658170269e-01 3.334091943559399501e-02 0.000000000000000000e+00
5.325000000000000000e+04 2.129992715007780202e-01 2.390760127446517891e-01 2.809512972234865513e-01 4.499317250796540657e-01 3.004096495220755572e-02 0.000000000000000000e+00
5.350000000000000000e+04 2.139992680805939962e-01 2.416932180245789652e-01 2.796995903504779224e-01 4.493627674101046687e-01 2.924442421483841592e-02 0.000000000000000000e+00
5.375000000000000000e+04 2.149992646604097501e-01 2.385070550751024199e-01 2.842512517068729871e-01 4.476558944014565333e-01 2.958579881656804578e-02 0.000000000000000000e+00
5.400000000000000000e+04 2.159992612402257262e-01 2.427173418297678686e-01 2.795857988165680319e-01 4.502730996813836817e-01 2.742375967228038308e-02 0.000000000000000000e+00
5.425000000000000000e+04 2.169992578200414801e-01 2.297451069640418786e-01 2.836822940373236457e-01 4.545971779699590209e-01 3.197542102867546865e-02 0.000000000000000000e+00
5.450000000000000000e+04 2.179992543998574561e-01 2.347519344560764776e-01 2.775375512061902805e-01 4.596040054619936477e-01 2.810650887573964626e-02 0.000000000000000000e+00
5.475000000000000000e+04 2.189992509796732101e-01 2.282658170232134687e-01 2.799271734182977034e-01 4.664314974965862448e-01 2.537551206190259354e-02 0.000000000000000000e+00
5.500000000000000000e+04 2.199992475594891861e-01 2.291761492944924816e-01 2.781065088757396220e-01 4.690487027765134487e-01 2.366863905325443732e-02 0.000000000000000000e+00
5.525000000000000000e+04 2.209992441393049400e-01 2.317933545744196577e-01 2.733272644515248317e-01 4.676832043695949293e-01 2.719617660446062984e-02 0.000000000000000000e+00
5.550000000000000000e+04 2.219992407191209161e-01 2.307692307692307820e-01 2.704824761037779024e-01 4.654073736913973414e-01 3.334091943559399501e-02 0.000000000000000000e+00
5.575000000000000000e+04 2.229992372989366700e-01 2.363450159308147502e-01 2.707100591715976279e-01 4.647246244879381094e-01 2.822030040964952288e-02 0.000000000000000000e+00
5.600000000000000000e+04 2.239992338787526460e-01 2.358898497951752438e-01 2.708238507055075184e-01 4.665452890304961353e-01 2.674101046882111990e-02 0.000000000000000000e+00
5.625000000000000000e+04 2.249992304585684000e-01 2.385070550751024199e-01 2.687756030951297115e-01 4.689349112426035582e-01 2.378243058716431393e-02 0.000000000000000000e+00
5.650000000000000000e+04 2.259992270383843760e-01 2.373691397360036537e-01 2.637687756030951403e-01 4.664314974965862448e-01 3.243058716431497512e-02 0.000000000000000000e+00
5.675000000000000000e+04 2.269992236182001299e-01 2.370277651342740100e-01 2.614929449248976079e-01 4.672280382339553673e-01 3.425125170687300796e-02 0.000000000000000000e+00
