# itime ezz other fcc hcp bcc ico
0.000000000000000000e+00 0.000000000000000000e+00 5.689576695493854790e-04 9.994310423304506585e-01 0.000000000000000000e+00 0.000000000000000000e+00 0.000000000000000000e+00
2.500000000000000000e+02 9.999972348735397532e-04 4.551661356395084266e-04 9.995448338643604380e-01 0.000000000000000000e+00 0.000000000000000000e+00 0.000000000000000000e+00
5.000000000000000000e+02 1.999994469747079506e-03 3.413746017296313308e-03 9.965862539827037292e-01 0.000000000000000000e+00 0.000000000000000000e+00 0.000000000000000000e+00
7.500000000000000000e+02 2.999991704620619259e-03 9.103322712790168532e-04 9.990896677287209870e-01 0.000000000000000000e+00 0.000000000000000000e+00 0.000000000000000000e+00
1.000000000000000000e+03 3.999988939494159013e-03 6.827492034592626399e-04 9.993172507965407680e-01 0.000000000000000000e+00 0.000000000000000000e+00 0.000000000000000000e+00
1.250000000000000000e+03 4.999986174367698766e-03 1.024123805188893906e-03 9.989758761948110966e-01 0.000000000000000000e+00 0.000000000000000000e+00 0.000000000000000000e+00
1.500000000000000000e+03 5.999983409241016474e-03 1.024123805188893906e-03 9.989758761948110966e-01 0.000000000000000000e+00 0.000000000000000000e+00 0.000000000000000000e+00
1.750000000000000000e+03 6.999980644114556227e-03 2.275830678197542133e-04 9.997724169321802190e-01 0.000000000000000000e+00 0.000000000000000000e+00 0.000000000000000000e+00
2.000000000000000000e+03 7.999977878988095981e-03 1.479289940828402332e-03 9.985207100591716456e-01 0.000000000000000000e+00 0.000000000000000000e+00 0.000000000000000000e+00
2.250000000000000000e+03 8.999975113861635734e-03 1.137915339098770958e-03 9.988620846609012061e-01 0.000000000000000000e+00 0.000000000000000000e+00 0.000000000000000000e+00
2.500000000000000000e+03 9.999972348735175487e-03 1.251706873008648227e-03 9.987482931269913156e-01 0.000000000000000000e+00 0.000000000000000000e+00 0.000000000000000000e+00
2.750000000000000000e+03 1.099996958360871524e-02 1.137915339098770958e-03 9.988620846609012061e-01 0.000000000000000000e+00 0.000000000000000000e+00 0.000000000000000000e+00
3.000000000000000000e+03 1.199996681848225499e-02 1.137915339098770958e-03 9.988620846609012061e-01 0.000000000000000000e+00 0.000000000000000000e+00 0.000000000000000000e+00
3.250000000000000000e+03 1.299996405335579475e-02 1.706873008648156654e-03 9.982931269913518646e-01 0.000000000000000000e+00 0.000000000000000000e+00 0.000000000000000000e+00
3.500000000000000000e+03 1.399996128822933450e-02 1.479289940828402332e-03 9.985207100591716456e-01 0.000000000000000000e+00 0.000000000000000000e+00 0.000000000000000000e+00
3.750000000000000000e+03 1.499995852310287425e-02 3.413746017296313199e-04 9.996586253982703285e-01 0.000000000000000000e+00 0.000000000000000000e+00 0.000000000000000000e+00
4.000000000000000000e+03 1.599995575797619196e-02 1.706873008648156654e-03 9.981793354574419741e-01 0.000000000000000000e+00 1.137915339098771066e-04 0.000000000000000000e+00
4.250000000000000000e+03 1.699995299284973171e-02 1.706873008648156654e-03 9.981793354574419741e-01 0.000000000000000000e+00 1.137915339098771066e-04 0.000000000000000000e+00
4.500000000000000000e+03 1.799995022772327147e-02 9.103322712790168532e-04 9.990896677287209870e-01 0.000000000000000000e+00 0.000000000000000000e+00 0.000000000000000000e+00
4.750000000000000000e+03 1.899994746259681122e-02 1.820664542558033706e-03 9.980655439235320836e-01 0.000000000000000000e+00 1.137915339098771066e-04 0.000000000000000000e+00
5.000000000000000000e+03 1.999994469747035097e-02 1.820664542558033706e-03 9.981793354574419741e-01 0.000000000000000000e+00 0.000000000000000000e+00 0.000000000000000000e+00
5.250000000000000000e+03 2.099994193234389073e-02 2.730996813837050560e-03 9.971552116522530707e-01 0.000000000000000000e+00 1.137915339098771066e-04 0.000000000000000000e+00
5.500000000000000000e+03 2.199993916721743048e-02 1.137915339098770958e-03 9.988620846609012061e-01 0.000000000000000000e+00 0.000000000000000000e+00 0.000000000000000000e+00
5.750000000000000000e+03 2.299993640209097023e-02 1.593081474738279385e-03 9.984069185252617551e-01 0.000000000000000000e+00 0.000000000000000000e+00 0.000000000000000000e+00
6.000000000000000000e+03 2.399993363696450999e-02 4.779244424214838804e-03 9.952207555757851543e-01 0.000000000000000000e+00 0.000000000000000000e+00 0.000000000000000000e+00
6.250000000000000000e+03 2.499993087183804974e-02 2.730996813837050560e-03 9.971552116522530707e-01 0.000000000000000000e+00 1.137915339098771066e-04 0.000000000000000000e+00
6.500000000000000000e+03 2.599992810671136745e-02 2.503413746017296455e-03 9.973827947200728516e-01 0.000000000000000000e+00 1.137915339098771066e-04 0.000000000000000000e+00
6.750000000000000000e+03 2.699992534158490720e-02 2.389622212107419402e-03 9.976103777878926326e-01 0.000000000000000000e+00 0.000000000000000000e+00 0.000000000000000000e+00
7.000000000000000000e+03 2.799992257645844695e-02 3.299954483386436255e-03 9.967000455166135087e-01 0.000000000000000000e+00 0.000000000000000000e+00 0.000000000000000000e+00
7.250000000000000000e+03 2.899991981133198671e-02 4.779244424214838804e-03 9.952207555757851543e-01 0.000000000000000000e+00 0.000000000000000000e+00 0.000000000000000000e+00
7.500000000000000000e+03 2.999991704620552646e-02 2.048247610377787811e-03 9.979517523896221931e-01 0.000000000000000000e+00 0.000000000000000000e+00 0.000000000000000000e+00
7.750000000000000000e+03 3.099991428107906621e-02 3.527537551206190360e-03 9.964724624487938387e-01 0.000000000000000000e+00 0.000000000000000000e+00 0.000000000000000000e+00
8.000000000000000000e+03 3.199991151595260597e-02 2.730996813837050560e-03 9.972690031861629611e-01 0.000000000000000000e+00 0.000000000000000000e+00 0.000000000000000000e+00
8.250000000000000000e+03 3.299990875082614572e-02 6.827492034592626616e-03 9.931725079654073474e-01 0.000000000000000000e+00 0.000000000000000000e+00 0.000000000000000000e+00
8.500000000000000000e+03 3.399990598569968547e-02 6.030951297223486815e-03 9.939690487027764698e-01 0.000000000000000000e+00 0.000000000000000000e+00 0.000000000000000000e+00
8.750000000000000000e+03 3.499990322057322523e-02 5.803368229403732710e-03 9.940828402366863603e-01 0.000000000000000000e+00 1.137915339098771066e-04 0.000000000000000000e+00
9.000000000000000000e+03 3.599990045544654294e-02 6.599908966772872511e-03 9.931725079654073474e-01 0.000000000000000000e+00 2.275830678197542133e-04 0.000000000000000000e+00
9.250000000000000000e+03 3.699989769032008269e-02 3.982703686845699004e-03 9.960172963131542767e-01 0.000000000000000000e+00 0.000000000000000000e+00 0.000000000000000000e+00
9.500000000000000000e+03 3.799989492519362244e-02 4.210286754665453109e-03 9.956759217114247162e-01 0.000000000000000000e+00 1.137915339098771066e-04 0.000000000000000000e+00
9.750000000000000000e+03 3.899989216006716219e-02 9.444697314519799256e-03 9.903277196176604180e-01 0.000000000000000000e+00 2.275830678197542133e-04 0.000000000000000000e+00
1.000000000000000000e+04 3.999988939494070195e-02 1.024123805188893906e-02 9.896449704142011861e-01 0.000000000000000000e+00 1.137915339098771066e-04 0.000000000000000000e+00
1.025000000000000000e+04 4.099988662981424170e-02 6.486117432862995025e-03 9.934000910332271284e-01 0.000000000000000000e+00 1.137915339098771066e-04 0.000000000000000000e+00
1.050000000000000000e+04 4.199988386468778145e-02 5.348202093764223633e-03 9.945380063723259223e-01 0.000000000000000000e+00 1.137915339098771066e-04 0.000000000000000000e+00
1.075000000000000000e+04 4.299988109956132121e-02 9.103322712790167665e-03 9.907828857532999800e-01 0.000000000000000000e+00 1.137915339098771066e-04 0.000000000000000000e+00
1.100000000000000000e+04 4.399987833443486096e-02 1.467910787437414627e-02 9.847519344560764498e-01 0.000000000000000000e+00 5.689576695493854790e-04 0.000000000000000000e+00
1.125000000000000000e+04 4.499987556930840071e-02 8.648156577150659455e-03 9.913518434228493215e-01 0.000000000000000000e+00 0.000000000000000000e+00 0.000000000000000000e+00
1.150000000000000000e+04 4.599987280418171842e-02 9.558488848429677609e-03 9.903277196176604180e-01 0.000000000000000000e+00 1.137915339098771066e-04 0.000000000000000000e+00
1.175000000000000000e+04 4.699987003905525818e-02 1.149294492489758707e-02 9.883932635411925016e-01 0.000000000000000000e+00 1.137915339098771066e-04 0.000000000000000000e+00
1.200000000000000000e+04 4.799986727392879793e-02 1.024123805188893906e-02 9.893035958124715146e-01 0.000000000000000000e+00 4.551661356395084266e-04 0.000000000000000000e+00
1.225000000000000000e+04 4.899986450880233768e-02 9.672280382339554228e-03 9.902139280837505275e-01 0.000000000000000000e+00 1.137915339098771066e-04 0.000000000000000000e+00
1.250000000000000000e+04 4.999986174367587743e-02 1.160673645880746542e-02 9.882794720072826111e-01 0.000000000000000000e+00 1.137915339098771066e-04 0.000000000000000000e+00
1.275000000000000000e+04 5.099985897854941719e-02 1.308602639963586667e-02 9.865725989986344757e-01 0.000000000000000000e+00 3.413746017296313199e-04 0.000000000000000000e+00
1.300000000000000000e+04 5.199985621342295694e-02 1.342740100136549826e-02 9.862312243969049153e-01 0.000000000000000000e+00 3.413746017296313199e-04 0.000000000000000000e+00
1.325000000000000000e+04 5.299985344829649669e-02 1.718252162039144229e-02 9.825898953117887524e-01 0.000000000000000000e+00 2.275830678197542133e-04 0.000000000000000000e+00
1.350000000000000000e+04 5.399985068317003645e-02 1.445152480655439303e-02 9.849795175238962308e-01 0.000000000000000000e+00 5.689576695493854790e-04 0.000000000000000000e+00
1.375000000000000000e+04 5.499984791804357620e-02 1.479289940828402289e-02 9.845243513882566688e-01 0.000000000000000000e+00 6.827492034592626399e-04 0.000000000000000000e+00
1.400000000000000000e+04 5.599984515291689391e-02 2.025489303595812488e-02 9.786071916249431402e-01 0.000000000000000000e+00 1.137915339098770958e-03 0.000000000000000000e+00
1.425000000000000000e+04 5.699984238779043366e-02 1.627218934911242587e-02 9.831588529813382049e-01 0.000000000000000000e+00 5.689576695493854790e-04 0.000000000000000000e+00
1.450000000000000000e+04 5.799983962266397342e-02 1.536185707783340945e-02 9.842967683204369989e-01 0.000000000000000000e+00 3.413746017296313199e-04 0.000000000000000000e+00
1.475000000000000000e+04 5.899983685753751317e-02 1.536185707783340945e-02 9.839553937187073274e-01 0.000000000000000000e+00 6.827492034592626399e-04 0.000000000000000000e+00
1.500000000000000000e+04 5.999983409241105292e-02 2.184797451069640448e-02 9.771279016841146747e-01 0.000000000000000000e+00 1.024123805188893906e-03 0.000000000000000000e+00
1.525000000000000000e+04 6.099983132728459267e-02 2.105143377332726468e-02 9.774692762858443462e-01 0.000000000000000000e+00 1.479289940828402332e-03 0.000000000000000000e+00
1.550000000000000000e+04 6.199982856215813243e-02 2.082385070550751144e-02 9.786071916249431402e-01 0.000000000000000000e+00 5.689576695493854790e-04 0.000000000000000000e+00
1.575000000000000000e+04 6.299982579703167218e-02 2.844788347746927612e-02 9.691624943104233392e-01 0.000000000000000000e+00 2.389622212107419402e-03 0.000000000000000000e+00
1.600000000000000000e+04 6.399982303190521193e-02 2.742375967228038308e-02 9.713245334547109255e-01 0.000000000000000000e+00 1.251706873008648227e-03 0.000000000000000000e+00
1.625000000000000000e+04 6.499982026677875169e-02 3.812016385980882688e-02 9.590350477924441952e-01 0.000000000000000000e+00 2.844788347746927612e-03 0.000000000000000000e+00
1.650000000000000000e+04 6.599981750165206940e-02 3.686845698680018407e-02 9.605143377332726606e-01 0.000000000000000000e+00 2.617205279927173507e-03 0.000000000000000000e+00
1.675000000000000000e+04 6.699981473652560915e-02 3.937187073281747662e-02 9.578971324533455123e-01 0.000000000000000000e+00 2.730996813837050560e-03 0.000000000000000000e+00
1.700000000000000000e+04 6.799981197139914890e-02 4.779244424214838111e-02 9.493627674101047242e-01 0.000000000000000000e+00 2.844788347746927612e-03 0.000000000000000000e+00
1.725000000000000000e+04 6.899980920627268866e-02 3.686845698680018407e-02 9.598315885298134287e-01 0.000000000000000000e+00 3.299954483386436255e-03 0.000000000000000000e+00
1.750000000000000000e+04 6.999980644114622841e-02 4.938552571688666071e-02 9.473145197997269173e-01 0.000000000000000000e+00 3.299954483386436255e-03 0.000000000000000000e+00
1.775000000000000000e+04 7.099980367601976816e-02 5.075102412380518707e-02 9.459490213928083424e-01 0.000000000000000000e+00 3.299954483386436255e-03 0.000000000000000000e+00
1.800000000000000000e+04 7.199980091089330791e-02 6.235776058261265076e-02 9.332043695949021611e-01 0.000000000000000000e+00 4.437869822485207214e-03 0.000000000000000000e+00
1.825000000000000000e+04 7.299979814576684767e-02 6.702321347291761988e-02 9.279699590350477534e-01 0.000000000000000000e+00 5.006827492034592909e-03 0.000000000000000000e+00
1.850000000000000000e+04 7.399979538064038742e-02 5.871643149749658508e-02 9.374146563495675544e-01 0.000000000000000000e+00 3.868912152935821518e-03 0.000000000000000000e+00
1.875000000000000000e+04 7.499979261551392717e-02 5.655439235320892238e-02 9.383249886208465673e-01 0.000000000000000000e+00 5.120619025944469528e-03 0.000000000000000000e+00
1.900000000000000000e+04 7.599978985038746693e-02 6.076467910787437116e-02 9.333181611288120516e-01 0.000000000000000000e+00 5.917159763313609329e-03 0.000000000000000000e+00
1.925000000000000000e+04 7.699978708526078464e-02 6.986800182066454923e-02 9.264906690942193990e-01 0.000000000000000000e+00 3.641329085116067413e-03 0.000000000000000000e+00
1.950000000000000000e+04 7.799978432013432439e-02 7.635411925352754425e-02 9.155666818388711325e-01 0.000000000000000000e+00 8.079198907601274626e-03 0.000000000000000000e+00
1.975000000000000000e+04 7.899978155500786414e-02 7.874374146563495325e-02 9.140873918980427781e-01 0.000000000000000000e+00 7.168866636322257339e-03 0.000000000000000000e+00
2.000000000000000000e+04 7.999977878988140390e-02 7.624032771961765376e-02 9.165908056440600360e-01 0.000000000000000000e+00 7.168866636322257339e-03 0.000000000000000000e+00
2.025000000000000000e+04 8.099977602475494365e-02 8.727810650887574129e-02 9.055530268548019901e-01 0.000000000000000000e+00 7.168866636322257339e-03 0.000000000000000000e+00
2.050000000000000000e+04 8.199977325962848340e-02 1.009330905780609910e-01 8.872325898953118406e-01 0.000000000000000000e+00 1.183431952662721866e-02 0.000000000000000000e+00
2.075000000000000000e+04 8.299977049450202315e-02 1.203914428766499761e-01 8.654984069185253093e-01 0.000000000000000000e+00 1.411015020482476144e-02 0.000000000000000000e+00
2.100000000000000000e+04 8.399976772937556291e-02 1.589667728720983164e-01 8.104233045061447482e-01 2.275830678197542133e-04 3.038233955393718558e-02 0.000000000000000000e+00
2.125000000000000000e+04 8.499976496424910266e-02 1.974283113336367801e-01 7.208693673190714746e-01 3.072371415566681717e-03 7.862994993172507663e-02 0.000000000000000000e+00
2.150000000000000000e+04 8.599976219912264241e-02 2.255348202093764298e-01 6.385980883022303045e-01 1.615839781520254925e-02 1.197086936731907164e-01 0.000000000000000000e+00
2.175000000000000000e+04 8.699975943399596012e-02 1.894629039599453890e-01 6.413290851160673434e-01 8.306781975421029252e-02 8.614019116977697510e-02 0.000000000000000000e+00
2.200000000000000000e+04 8.799975666886949988e-02 1.693218024578971304e-01 6.792216659080564378e-01 1.136777423759672279e-01 3.777878925807919702e-02 0.000000000000000000e+00
2.225000000000000000e+04 8.899975390374303963e-02 1.671597633136094607e-01 6.619253527537550807e-01 1.293809740555302568e-01 4.153390987710514626e-02 0.000000000000000000e+00
2.250000000000000000e+04 8.999975113861657938e-02 1.430359581247155343e-01 6.323395539371871044e-01 1.752389622212107423e-01 4.938552571688666071e-02 0.000000000000000000e+00
2.275000000000000000e+04 9.099974837349011914e-02 1.505461993627674189e-01 5.962676376877560358e-01 1.936731907146108378e-01 5.951297223486572835e-02 0.000000000000000000e+00
2.300000000000000000e+04 9.199974560836365889e-02 1.118570778334091881e-01 6.233500227583067543e-01 2.257624032771961831e-01 3.903049613108784677e-02 0.000000000000000000e+00
2.325000000000000000e+04 9.299974284323719864e-02 9.569868001820663883e-02 6.409877105143377829e-01 2.393035958124715423e-01 2.401001365498407064e-02 0.000000000000000000e+00
2.350000000000000000e+04 9.399974007811073839e-02 7.954028220300408958e-02 6.621529358215748617e-01 2.389622212107419263e-01 1.934456076467910846e-02 0.000000000000000000e+00
2.375000000000000000e+04 9.499973731298427815e-02 8.284023668639053928e-02 6.611288120163859583e-01 2.404415111515703363e-01 1.558944014565316269e-02 0.000000000000000000e+00
2.400000000000000000e+04 9.599973454785781790e-02 8.511606736458807165e-02 6.632908511606736557e-01 2.421483841602184717e-01 9.444697314519799256e-03 0.000000000000000000e+00
2.425000000000000000e+04 9.699973178273113561e-02 8.944014565316341092e-02 6.570323167956304555e-01 2.423759672280382249e-01 1.115157032316795548e-02 0.000000000000000000e+00
2.450000000000000000e+04 9.799972901760467536e-02 9.319526627218935322e-02 6.555530268548019901e-01 2.389622212107419263e-01 1.228948566226672687e-02 0.000000000000000000e+00
2.475000000000000000e+04 9.899972625247821512e-02 9.228493400091032639e-02 6.580564406008192480e-01 2.375967228038234069e-01 1.206190259444697363e-02 0.000000000000000000e+00
2.500000000000000000e+04 9.999972348735175487e-02 1.051433773327264398e-01 6.432635411925352598e-01 2.393035958124715423e-01 1.228948566226672687e-02 0.000000000000000000e+00
2.525000000000000000e+04 1.009997207222252946e-01 1.112881201638598050e-01 6.345015930814746907e-01 2.387346381429221731e-01 1.547564861174328607e-02 0.000000000000000000e+00
2.550000000000000000e+04 1.019997179570988344e-01 1.173190714610832935e-01 6.266499772416932457e-01 2.403277196176604458e-01 1.570323167956303931e-02 0.000000000000000000e+00
2.575000000000000000e+04 1.029997151919723741e-01 1.129949931725079681e-01 6.319981793354574329e-01 2.373691397360036537e-01 1.763768775603095224e-02 0.000000000000000000e+00
2.600000000000000000e+04 1.039997124268459139e-01 1.226672735548475224e-01 6.236913973600364258e-01 2.364588074647246130e-01 1.718252162039144229e-02 0.000000000000000000e+00
2.625000000000000000e+04 1.049997096617194536e-01 1.330223031406463363e-01 6.094674556213017791e-01 2.328174783796085612e-01 2.469276285844333035e-02 0.000000000000000000e+00
2.650000000000000000e+04 1.059997068965929934e-01 1.362084660901228816e-01 6.086709148839326566e-01 2.341829767865270806e-01 2.093764223941738806e-02 0.000000000000000000e+00
2.675000000000000000e+04 1.069997041314663111e-01 1.447428311333636697e-01 5.986572598998634032e-01 2.349795175238962308e-01 2.162039144287665124e-02 0.000000000000000000e+00
2.700000000000000000e+04 1.079997013663398508e-01 1.597633136094674666e-01 5.803368229403732537e-01 2.321347291761493015e-01 2.776513427401001294e-02 0.000000000000000000e+00
2.725000000000000000e+04 1.089996986012133906e-01 1.795630405097860816e-01 5.557578516158397930e-01 2.298588984979517413e-01 3.482020937642239106e-02 0.000000000000000000e+00
2.750000000000000000e+04 1.099996958360869304e-01 1.946973145197997135e-01 5.360719162494310686e-01 2.170004551661356418e-01 5.223031406463359005e-02 0.000000000000000000e+00
2.775000000000000000e+04 1.109996930709604701e-01 2.257624032771961831e-01 4.957897132453345512e-01 2.069868001820664438e-01 7.146108329540282189e-02 0.000000000000000000e+00
2.800000000000000000e+04 1.119996903058340099e-01 2.453345471096950448e-01 4.492489758761948337e-01 1.957214383249886169e-01 1.096950386891215323e-01 0.000000000000000000e+00
2.825000000000000000e+04 1.129996875407075496e-01 2.382794720072826666e-01 3.964497041420118606e-01 2.147246244879381094e-01 1.505461993627674189e-01 0.000000000000000000e+00
2.850000000000000000e+04 1.139996847755810894e-01 2.767410104688211026e-01 3.197542102867546587e-01 2.182521620391442985e-01 1.852526172052799402e-01 0.000000000000000000e+00
2.875000000000000000e+04 1.149996820104546291e-01 2.693445607646791085e-01 2.839098771051433712e-01 2.258761948111060458e-01 2.208693673190714746e-01 0.000000000000000000e+00
2.900000000000000000e+04 1.159996792453281689e-01 2.596722803823395265e-01 2.753755120619025831e-01 2.259899863450159363e-01 2.389622212107419263e-01 0.000000000000000000e+00
2.925000000000000000e+04 1.169996764802014866e-01 2.686618115612198210e-01 2.525034137460173134e-01 2.383932635411925294e-01 2.404415111515703363e-01 0.000000000000000000e+00
2.950000000000000000e+04 1.179996737150750263e-01 2.709376422394174089e-01 2.497724169321802468e-01 2.495448338643604935e-01 2.297451069640418786e-01 0.000000000000000000e+00
2.975000000000000000e+04 1.189996709499485661e-01 2.801547564861174289e-01 2.377105143377332697e-01 2.596722803823395265e-01 2.224624487938097472e-01 0.000000000000000000e+00
3.000000000000000000e+04 1.199996681848221058e-01 2.699135184342285054e-01 2.242831133363677731e-01 2.528447883477469293e-01 2.529585798816568198e-01 0.000000000000000000e+00
3.025000000000000000e+04 1.209996654196956456e-01 2.809512972234865513e-01 2.270141101502048120e-01 2.808375056895767163e-01 2.111970869367319203e-01 0.000000000000000000e+00
3.050000000000000000e+04 1.219996626545691853e-01 2.700273099681383959e-01 2.265589440145653055e-01 2.763996358670914866e-01 2.270141101502048120e-01 0.000000000000000000e+00
3.075000000000000000e+04 1.229996598894427251e-01 2.784478834774692935e-01 2.193900773782430647e-01 2.963131543013199920e-01 2.058488848429676776e-01 0.000000000000000000e+00
3.100000000000000000e+04 1.239996571243162649e-01 2.878925807919890945e-01 2.297451069640418786e-01 3.063268092853891900e-01 1.760355029585798925e-01 0.000000000000000000e+00
3.125000000000000000e+04 1.249996543591898046e-01 2.567137005006827621e-01 2.670687300864815761e-01 3.327264451524806765e-01 1.434911242603550408e-01 0.000000000000000000e+00
3.150000000000000000e+04 1.259996515940633444e-01 2.635411925352753593e-01 2.725307237141556538e-01 3.354574419663177154e-01 1.284706417842512438e-01 0.000000000000000000e+00
3.175000000000000000e+04 1.269996488289366621e-01 2.586481565771506785e-01 2.851615839781520001e-01 3.596950386891215046e-01 9.649522075557578904e-02 0.000000000000000000e+00
3.200000000000000000e+04 1.279996460638102018e-01 2.535275375512062168e-01 3.095129722348657353e-01 3.733500227583067543e-01 6.360946745562130744e-02 0.000000000000000000e+00
3.225000000000000000e+04 1.289996432986837416e-01 2.247382794720072796e-01 3.574192080109239722e-01 3.752844788347746707e-01 4.255803368229403583e-02 0.000000000000000000e+00
3.250000000000000000e+04 1.299996405335572813e-01 2.034592626308602548e-01 3.785844333181611066e-01 3.804050978607191880e-01 3.755120619025944378e-02 0.000000000000000000e+00
3.275000000000000000e+04 1.309996377684308211e-01 1.850250341374601593e-01 4.011151570323168158e-01 3.855257168866636497e-01 2.833409194355939950e-02 0.000000000000000000e+00
3.300000000000000000e+04 1.319996350033043608e-01 1.830905780609922706e-01 4.163632225762403105e-01 3.841602184797451303e-01 1.638598088302230249e-02 0.000000000000000000e+00
3.325000000000000000e+04 1.329996322381779006e-01 1.706873008648156498e-01 4.235320892125625791e-01 3.873463814292216756e-01 1.843422849340009204e-02 0.000000000000000000e+00
3.350000000000000000e+04 1.339996294730514403e-01 1.612426035502958488e-01 4.227355484751934567e-01 4.014565316340464318e-01 1.456531634046426965e-02 0.000000000000000000e+00
3.375000000000000000e+04 1.349996267079249801e-01 1.519116977696859383e-01 4.316112881201638607e-01 3.973600364132908735e-01 1.911697769685935522e-02 0.000000000000000000e+00
3.400000000000000000e+04 1.359996239427985198e-01 1.543013199817933612e-01 4.304733727810650668e-01 3.954255803368229572e-01 1.979972690031861493e-02 0.000000000000000000e+00
3.425000000000000000e+04 1.369996211776720596e-01 1.462221210741920796e-01 4.289940828402367123e-01 4.082840236686390289e-01 1.649977241693217911e-02 0.000000000000000000e+00
3.450000000000000000e+04 1.379996184125453773e-01 1.390532544378698110e-01 4.201183431952662528e-01 4.190942193900774049e-01 2.173418297678652786e-02 0.000000000000000000e+00
3.475000000000000000e+04 1.389996156474189171e-01 1.345015930814747462e-01 4.203459262630860338e-01 4.274010013654984119e-01 1.775147928994082885e-02 0.000000000000000000e+00
3.500000000000000000e+04 1.399996128822924568e-01 1.308602639963586667e-01 4.225079654073736757e-01 4.303595812471552318e-01 1.627218934911242587e-02 0.000000000000000000e+00
3.525000000000000000e+04 1.409996101171659966e-01 1.383705052344105513e-01 4.204597177969959243e-01 4.252389622212107145e-01 1.593081474738279601e-02 0.000000000000000000e+00
3.550000000000000000e+04 1.419996073520395363e-01 1.371187983614019223e-01 4.234182976786526886e-01 4.238734638142921951e-01 1.558944014565316269e-02 0.000000000000000000e+00
3.575000000000000000e+04 1.429996045869130761e-01 1.302913063268092975e-01 4.261492944924897830e-01 4.289940828402367123e-01 1.456531634046426965e-02 0.000000000000000000e+00
3.600000000000000000e+04 1.439996018217866158e-01 1.366636322257624159e-01 4.229631315430131822e-01 4.267182521620391245e-01 1.365498406918525323e-02 0.000000000000000000e+00
3.625000000000000000e+04 1.449995990566601556e-01 1.399635867091488517e-01 4.198907601274465273e-01 4.268320436959490149e-01 1.331360946745562164e-02 0.000000000000000000e+00
3.650000000000000000e+04 1.459995962915336953e-01 1.363222576240327721e-01 4.215976331360946627e-01 4.247837960855712081e-01 1.729631315430131891e-02 0.000000000000000000e+00
3.675000000000000000e+04 1.469995935264072351e-01 1.404187528447883582e-01 4.227355484751934567e-01 4.184114701866181174e-01 1.843422849340009204e-02 0.000000000000000000e+00
3.700000000000000000e+04 1.479995907612805528e-01 1.389394629039599482e-01 4.219390077378242787e-01 4.187528447883477334e-01 2.036868456986800149e-02 0.000000000000000000e+00
3.725000000000000000e+04 1.489995879961540926e-01 1.456531634046426826e-01 4.248975876194810986e-01 4.143149749658625591e-01 1.513427401001365448e-02 0.000000000000000000e+00
3.750000000000000000e+04 1.499995852310276323e-01 1.414428766499772339e-01 4.239872553482020856e-01 4.190942193900774049e-01 1.547564861174328607e-02 0.000000000000000000e+00
3.775000000000000000e+04 1.509995824659011721e-01 1.462221210741920796e-01 4.200045516613564178e-01 4.097633136094674389e-01 2.401001365498407064e-02 0.000000000000000000e+00
3.800000000000000000e+04 1.519995797007747118e-01 1.445152480655439164e-01 4.197769685935366368e-01 4.193218024578971304e-01 1.638598088302230249e-02 0.000000000000000000e+00
3.825000000000000000e+04 1.529995769356482516e-01 1.437187073281747940e-01 4.217114246700045532e-01 4.149977241693217911e-01 1.957214383249886169e-02 0.000000000000000000e+00
3.850000000000000000e+04 1.539995741705217913e-01 1.496358670914884059e-01 4.213700500682749372e-01 4.131770596267637652e-01 1.581702321347291593e-02 0.000000000000000000e+00
3.875000000000000000e+04 1.549995714053953311e-01 1.490669094219390090e-01 4.239872553482020856e-01 4.095357305416477134e-01 1.741010468821119553e-02 0.000000000000000000e+00
3.900000000000000000e+04 1.559995686402688708e-01 1.447428311333636697e-01 4.230769230769230727e-01 4.173873463814292140e-01 1.479289940828402289e-02 0.000000000000000000e+00
3.925000000000000000e+04 1.569995658751424106e-01 1.511151570323167881e-01 4.297906235776058348e-01 4.063495675921711681e-01 1.274465179790623508e-02 0.000000000000000000e+00
3.950000000000000000e+04 1.579995631100157283e-01 1.417842512517068776e-01 4.592626308602639762e-01 3.833636777423759523e-01 1.558944014565316269e-02 0.000000000000000000e+00
3.975000000000000000e+04 1.589995603448892680e-01 1.392808375056895642e-01 4.639280837505689314e-01 3.846153846153846367e-01 1.217569412835685025e-02 0.000000000000000000e+00
4.000000000000000000e+04 1.599995575797628078e-01 1.367774237596722786e-01 4.602867546654528796e-01 3.863222576240327721e-01 1.661356395084205573e-02 0.000000000000000000e+00
4.025000000000000000e+04 1.609995548146363475e-01 1.301775147928994070e-01 4.629039599453800835e-01 3.917842512517068498e-01 1.513427401001365448e-02 0.000000000000000000e+00
4.050000000000000000e+04 1.619995520495098873e-01 1.378015475648611821e-01 4.617660446062812896e-01 3.857532999544833752e-01 1.467910787437414627e-02 0.000000000000000000e+00
4.075000000000000000e+04 1.629995492843834271e-01 1.355257168866636219e-01 4.650659990896677254e-01 3.873463814292216756e-01 1.206190259444697363e-02 0.000000000000000000e+00
4.100000000000000000e+04 1.639995465192569668e-01 1.368912152935821691e-01 4.627901684114701930e-01 3.871187983614018946e-01 1.319981793354574502e-02 0.000000000000000000e+00
4.125000000000000000e+04 1.649995437541305066e-01 1.356395084205735124e-01 4.631315430131998090e-01 3.907601274465180019e-01 1.046882111970869403e-02 0.000000000000000000e+00
4.150000000000000000e+04 1.659995409890040463e-01 1.383705052344105513e-01 4.586936731907146347e-01 3.899635867091488239e-01 1.297223486572599005e-02 0.000000000000000000e+00
4.175000000000000000e+04 1.669995382238775861e-01 1.314292216659080637e-01 4.607419208010923861e-01 3.977014110150204895e-01 1.012744651797906244e-02 0.000000000000000000e+00
4.200000000000000000e+04 1.679995354587509038e-01 1.349567592171142527e-01 4.568730086481565533e-01 3.965634956759216956e-01 1.160673645880746542e-02 0.000000000000000000e+00
4.225000000000000000e+04 1.689995326936244435e-01 1.329085116067364458e-01 4.614246700045516736e-01 3.970186618115612021e-01 8.648156577150659455e-03 0.000000000000000000e+00
4.250000000000000000e+04 1.699995299284979833e-01 1.309740555302685572e-01 4.633591260810195900e-01 3.965634956759216956e-01 9.103322712790167665e-03 0.000000000000000000e+00
4.275000000000000000e+04 1.709995271633715230e-01 1.239189804278561652e-01 4.685935366408739422e-01 3.966772872098315861e-01 1.081019572143832562e-02 0.000000000000000000e+00
4.300000000000000000e+04 1.719995243982450628e-01 1.180018206645425533e-01 4.705279927173418031e-01 3.986117432862995025e-01 1.285844333181611343e-02 0.000000000000000000e+00
4.325000000000000000e+04 1.729995216331186025e-01 1.233500227583067821e-01 4.679107874374146547e-01 3.979289940828402150e-01 1.081019572143832562e-02 0.000000000000000000e+00
4.350000000000000000e+04 1.739995188679921423e-01 1.239189804278561652e-01 4.651797906235776159e-01 4.002048247610378029e-01 1.069640418752844727e-02 0.000000000000000000e+00
4.375000000000000000e+04 1.749995161028656820e-01 1.176604460628129234e-01 4.679107874374146547e-01 4.024806554392353353e-01 1.194811106053709528e-02 0.000000000000000000e+00
4.400000000000000000e+04 1.759995133377392218e-01 1.261948111060537114e-01 4.667728720983158608e-01 3.981565771506599960e-01 8.875739644970414427e-03 0.000000000000000000e+00
4.425000000000000000e+04 1.769995105726127615e-01 1.208466090122894826e-01 4.680245789713245452e-01 4.019116977696859383e-01 9.217114246700046018e-03 0.000000000000000000e+00
4.450000000000000000e+04 1.779995078074860793e-01 1.248293126991351781e-01 4.664314974965862448e-01 4.005461993627674189e-01 8.192990441511151245e-03 0.000000000000000000e+00
4.475000000000000000e+04 1.789995050423596190e-01 1.263086026399635742e-01 4.654073736913973414e-01 3.998634501593081314e-01 8.420573509330906217e-03 0.000000000000000000e+00
4.500000000000000000e+04 1.799995022772331588e-01 1.243741465634956717e-01 4.649522075557578349e-01 4.021392808375056638e-01 8.534365043240782836e-03 0.000000000000000000e+00
4.525000000000000000e+04 1.809994995121066985e-01 1.234638142922166587e-01 4.642694583522986029e-01 4.024806554392353353e-01 9.786071916249430847e-03 0.000000000000000000e+00
4.550000000000000000e+04 1.819994967469802383e-01 1.235776058261265353e-01 4.683659535730541612e-01 4.019116977696859383e-01 6.144742831133363434e-03 0.000000000000000000e+00
4.575000000000000000e+04 1.829994939818537780e-01 1.206190259444697294e-01 4.672280382339553673e-01 4.037323623122439642e-01 8.420573509330906217e-03 0.000000000000000000e+00
4.600000000000000000e+04 1.839994912167273178e-01 1.230086481565771522e-01 4.665452890304961353e-01 4.030496131087847322e-01 7.396449704142011444e-03 0.000000000000000000e+00
4.625000000000000000e+04 1.849994884516008575e-01 1.253982703686845612e-01 4.658625398270368478e-01 4.017979062357760478e-01 6.941283568502503235e-03 0.000000000000000000e+00
4.650000000000000000e+04 1.859994856864743973e-01 1.222121074192080159e-01 4.637005006827492060e-01 4.068047337278106745e-01 7.282658170232134826e-03 0.000000000000000000e+00
4.675000000000000000e+04 1.869994829213479370e-01 1.236913973600364119e-01 4.642694583522986029e-01 4.054392353208920996e-01 6.599908966772872511e-03 0.000000000000000000e+00
4.700000000000000000e+04 1.879994801562212547e-01 1.189121529358215801e-01 4.690487027765134487e-01 4.057806099226217711e-01 6.258534365043240920e-03 0.000000000000000000e+00
4.725000000000000000e+04 1.889994773910947945e-01 1.203914428766499761e-01 4.629039599453800835e-01 4.083978152025489194e-01 8.306781975421027864e-03 0.000000000000000000e+00
4.750000000000000000e+04 1.899994746259683343e-01 1.148156577150659940e-01 4.692762858443331742e-01 4.113563950842057393e-01 4.551661356395083832e-03 0.000000000000000000e+00
4.775000000000000000e+04 1.909994718608418740e-01 1.186845698680018268e-01 4.663177059626763543e-01 4.094219390077378229e-01 5.575785161583977738e-03 0.000000000000000000e+00
4.800000000000000000e+04 1.919994690957154138e-01 1.202776513427400995e-01 4.652935821574875064e-01 4.085116067364588099e-01 5.917159763313609329e-03 0.000000000000000000e+00
4.825000000000000000e+04 1.929994663305889535e-01 1.147018661811561174e-01 4.680245789713245452e-01 4.112426035502958488e-01 6.030951297223486815e-03 0.000000000000000000e+00
4.850000000000000000e+04 1.939994635654624933e-01 1.173190714610832935e-01 4.713245334547109811e-01 4.077150659990896875e-01 3.641329085116067413e-03 0.000000000000000000e+00
4.875000000000000000e+04 1.949994608003360330e-01 1.180018206645425533e-01 4.781520254893035782e-01 3.981565771506599960e-01 5.689576695493855224e-03 0.000000000000000000e+00
4.900000000000000000e+04 1.959994580352095728e-01 1.198224852071005930e-01 4.749658625398270329e-01 4.008875739644970349e-01 4.324078288575329727e-03 0.000000000000000000e+00
4.925000000000000000e+04 1.969994552700831125e-01 1.160673645880746507e-01 4.794037323623122626e-01 3.999772416932180219e-01 4.551661356395083832e-03 0.000000000000000000e+00
4.950000000000000000e+04 1.979994525049564302e-01 1.117432862994993115e-01 4.880518889394628856e-01 3.955393718707327921e-01 4.665452890304961318e-03 0.000000000000000000e+00
4.975000000000000000e+04 1.989994497398299700e-01 1.100364132908511622e-01 4.971552116522530707e-01 3.904187528447883304e-01 2.389622212107419402e-03 0.000000000000000000e+00
5.000000000000000000e+04 1.999994469747035097e-01 1.066226672735548497e-01 5.007965407373691225e-01 3.908739189804278369e-01 1.706873008648156654e-03 0.000000000000000000e+00
5.025000000000000000e+04 2.009994442095770495e-01 1.092398725534820259e-01 5.020482476103778069e-01 3.867774237596722786e-01 1.934456076467910759e-03 0.000000000000000000e+00
5.050000000000000000e+04 2.019994414444505892e-01 1.055985434683659602e-01 5.076240327719617751e-01 3.848429676832043622e-01 1.934456076467910759e-03 0.000000000000000000e+00
5.075000000000000000e+04 2.029994386793241290e-01 1.112881201638598050e-01 5.059171597633136397e-01 3.802913063268092975e-01 2.503413746017296455e-03 0.000000000000000000e+00
5.100000000000000000e+04 2.039994359141976688e-01 1.084433318161128756e-01 5.081929904415111166e-01 3.804050978607191880e-01 2.958579881656804664e-03 0.000000000000000000e+00
5.125000000000000000e+04 2.049994331490712085e-01 1.095812471552116557e-01 5.125170687300865113e-01 3.751706873008648357e-01 2.730996813837050560e-03 0.000000000000000000e+00
5.150000000000000000e+04 2.059994303839447483e-01 1.098088302230314089e-01 5.109239872553481554e-01 3.768775603095129711e-01 2.389622212107419402e-03 0.000000000000000000e+00
5.175000000000000000e+04 2.069994276188182880e-01 1.100364132908511622e-01 5.152480655439235502e-01 3.717569412835685094e-01 2.958579881656804664e-03 0.000000000000000000e+00
5.200000000000000000e+04 2.079994248536918278e-01 1.139053254437869811e-01 5.167273554847519046e-01 3.680018206645425671e-01 1.365498406918525280e-03 0.000000000000000000e+00
5.225000000000000000e+04 2.089994220885651455e-01 1.078743741465634925e-01 5.314064633591261133e-01 3.567364588074647402e-01 3.982703686845699004e-03 0.000000000000000000e+00
5.250000000000000000e+04 2.099994193234386852e-01 9.376422394173873631e-02 5.593991807009558448e-01 3.442193900773782289e-01 2.617205279927173507e-03 0.000000000000000000e+00
5.275000000000000000e+04 2.109994165583122250e-01 8.978152025489304078e-02 5.598543468365954068e-01 3.462676376877560358e-01 4.096495220755575623e-03 0.000000000000000000e+00
5.300000000000000000e+04 2.119994137931857647e-01 9.774692762858443185e-02 5.579198907601274904e-01 3.418297678652708060e-01 2.503413746017296455e-03 0.000000000000000000e+00
5.325000000000000000e+04 2.129994110280593045e-01 9.706417842512517213e-02 5.595129722348657353e-01 3.411470186618115741e-01 2.275830678197541916e-03 0.000000000000000000e+00
5.350000000000000000e+04 2.139994082629328442e-01 9.365043240782885969e-02 5.593991807009558448e-01 3.439918070095585034e-01 2.958579881656804664e-03 0.000000000000000000e+00
5.375000000000000000e+04 2.149994054978063840e-01 9.444697314519799602e-02 5.609922621756940897e-01 3.423987255348202030e-01 2.162039144287664864e-03 0.000000000000000000e+00
5.400000000000000000e+04 2.159994027326799237e-01 9.103322712790168358e-02 5.639508420573509095e-01 3.427401001365498190e-01 2.275830678197541916e-03 0.000000000000000000e+00
5.425000000000000000e+04 2.169993999675534635e-01 9.558488848429676221e-02 5.591715976331360638e-01 3.421711424670004775e-01 3.072371415566681717e-03 0.000000000000000000e+00
5.450000000000000000e+04 2.179993972024270033e-01 9.456076467910787264e-02 5.620163859808829931e-01 3.393263541192535482e-01 4.096495220755575623e-03 0.000000000000000000e+00
5.475000000000000000e+04 2.189993944373003210e-01 9.490213928083750250e-02 5.630405097860718966e-01 3.400091033227127801e-01 2.048247610377787811e-03 0.000000000000000000e+00
5.500000000000000000e+04 2.199993916721738607e-01 9.262630860263997012e-02 5.638370505234410190e-01 3.413746017296312996e-01 2.162039144287664864e-03 0.000000000000000000e+00
5.525000000000000000e+04 2.209993889070474005e-01 9.160218479745106668e-02 5.647473827947200320e-01 3.409194355939917931e-01 2.730996813837050560e-03 0.000000000000000000e+00
5.550000000000000000e+04 2.219993861419209402e-01 9.421939007737824279e-02 5.665680473372780579e-01 3.371643149749658508e-01 2.048247610377787811e-03 0.000000000000000000e+00
5.575000000000000000e+04 2.229993833767944800e-01 9.171597633136094330e-02 5.650887573964497035e-01 3.416021847974510806e-01 1.593081474738279385e-03 0.000000000000000000e+00
5.600000000000000000e+04 2.239993806116680197e-01 9.353664087391898307e-02 5.637232589895311285e-01 3.401228948566226706e-01 2.617205279927173507e-03 0.000000000000000000e+00
5.625000000000000000e+04 2.249993778465415595e-01 9.376422394173873631e-02 5.619025944469731026e-01 3.416021847974510806e-01 2.730996813837050560e-03 0.000000000000000000e+00
5.650000000000000000e+04 2.259993750814150992e-01 9.512972234865725574e-02 5.617888029130633232e-01 3.403504779244423961e-01 2.730996813837050560e-03 0.000000000000000000e+00
5.675000000000000000e+04 2.269993723162886390e-01 1.013882567137004975e-01 5.605370960400546387e-01 3.348884842967683184e-01 3.186162949476558769e-03 0.000000000000000000e+00
