# itime ezz other fcc hcp bcc ico
0.000000000000000000e+00 0.000000000000000000e+00 0.000000000000000000e+00 1.000000000000000000e+00 0.000000000000000000e+00 0.000000000000000000e+00 0.000000000000000000e+00
2.500000000000000000e+01 9.999814549099816929e-04 0.000000000000000000e+00 1.000000000000000000e+00 0.000000000000000000e+00 0.000000000000000000e+00 0.000000000000000000e+00
5.000000000000000000e+01 1.999962909819963386e-03 0.000000000000000000e+00 1.000000000000000000e+00 0.000000000000000000e+00 0.000000000000000000e+00 0.000000000000000000e+00
7.500000000000000000e+01 2.999944364729945079e-03 0.000000000000000000e+00 1.000000000000000000e+00 0.000000000000000000e+00 0.000000000000000000e+00 0.000000000000000000e+00
1.000000000000000000e+02 3.999925819639926772e-03 0.000000000000000000e+00 1.000000000000000000e+00 0.000000000000000000e+00 0.000000000000000000e+00 0.000000000000000000e+00
1.250000000000000000e+02 4.999907274549686420e-03 0.000000000000000000e+00 1.000000000000000000e+00 0.000000000000000000e+00 0.000000000000000000e+00 0.000000000000000000e+00
1.500000000000000000e+02 5.999888729459668113e-03 0.000000000000000000e+00 1.000000000000000000e+00 0.000000000000000000e+00 0.000000000000000000e+00 0.000000000000000000e+00
1.750000000000000000e+02 6.999870184369649806e-03 0.000000000000000000e+00 1.000000000000000000e+00 0.000000000000000000e+00 0.000000000000000000e+00 0.000000000000000000e+00
2.000000000000000000e+02 7.999851639279631499e-03 0.000000000000000000e+00 1.000000000000000000e+00 0.000000000000000000e+00 0.000000000000000000e+00 0.000000000000000000e+00
2.250000000000000000e+02 8.999833094189613192e-03 0.000000000000000000e+00 1.000000000000000000e+00 0.000000000000000000e+00 0.000000000000000000e+00 0.000000000000000000e+00
2.500000000000000000e+02 9.999814549099594885e-03 0.000000000000000000e+00 1.000000000000000000e+00 0.000000000000000000e+00 0.000000000000000000e+00 0.000000000000000000e+00
2.750000000000000000e+02 1.099979600400957658e-02 0.000000000000000000e+00 1.000000000000000000e+00 0.000000000000000000e+00 0.000000000000000000e+00 0.000000000000000000e+00
3.000000000000000000e+02 1.199977745891955827e-02 0.000000000000000000e+00 1.000000000000000000e+00 0.000000000000000000e+00 0.000000000000000000e+00 0.000000000000000000e+00
3.250000000000000000e+02 1.299975891382953996e-02 0.000000000000000000e+00 1.000000000000000000e+00 0.000000000000000000e+00 0.000000000000000000e+00 0.000000000000000000e+00
3.500000000000000000e+02 1.399974036873929961e-02 0.000000000000000000e+00 1.000000000000000000e+00 0.000000000000000000e+00 0.000000000000000000e+00 0.000000000000000000e+00
3.750000000000000000e+02 1.499972182364928130e-02 0.000000000000000000e+00 1.000000000000000000e+00 0.000000000000000000e+00 0.000000000000000000e+00 0.000000000000000000e+00
4.000000000000000000e+02 1.599970327855926300e-02 0.000000000000000000e+00 1.000000000000000000e+00 0.000000000000000000e+00 0.000000000000000000e+00 0.000000000000000000e+00
4.250000000000000000e+02 1.699968473346924469e-02 0.000000000000000000e+00 1.000000000000000000e+00 0.000000000000000000e+00 0.000000000000000000e+00 0.000000000000000000e+00
4.500000000000000000e+02 1.799966618837922638e-02 0.000000000000000000e+00 1.000000000000000000e+00 0.000000000000000000e+00 0.000000000000000000e+00 0.000000000000000000e+00
4.750000000000000000e+02 1.899964764328920808e-02 0.000000000000000000e+00 1.000000000000000000e+00 0.000000000000000000e+00 0.000000000000000000e+00 0.000000000000000000e+00
5.000000000000000000e+02 1.999962909819918977e-02 0.000000000000000000e+00 1.000000000000000000e+00 0.000000000000000000e+00 0.000000000000000000e+00 0.000000000000000000e+00
5.250000000000000000e+02 2.099961055310917146e-02 0.000000000000000000e+00 1.000000000000000000e+00 0.000000000000000000e+00 0.000000000000000000e+00 0.000000000000000000e+00
5.500000000000000000e+02 2.199959200801915316e-02 0.000000000000000000e+00 1.000000000000000000e+00 0.000000000000000000e+00 0.000000000000000000e+00 0.000000000000000000e+00
5.750000000000000000e+02 2.299957346292913485e-02 0.000000000000000000e+00 1.000000000000000000e+00 0.000000000000000000e+00 0.000000000000000000e+00 0.000000000000000000e+00
6.000000000000000000e+02 2.399955491783889450e-02 0.000000000000000000e+00 1.000000000000000000e+00 0.000000000000000000e+00 0.000000000000000000e+00 0.000000000000000000e+00
6.250000000000000000e+02 2.499953637274887619e-02 0.000000000000000000e+00 1.000000000000000000e+00 0.000000000000000000e+00 0.000000000000000000e+00 0.000000000000000000e+00
6.500000000000000000e+02 2.599951782765885788e-02 0.000000000000000000e+00 1.000000000000000000e+00 0.000000000000000000e+00 0.000000000000000000e+00 0.000000000000000000e+00
6.750000000000000000e+02 2.699949928256883958e-02 0.000000000000000000e+00 1.000000000000000000e+00 0.000000000000000000e+00 0.000000000000000000e+00 0.000000000000000000e+00
7.000000000000000000e+02 2.799948073747882127e-02 0.000000000000000000e+00 1.000000000000000000e+00 0.000000000000000000e+00 0.000000000000000000e+00 0.000000000000000000e+00
7.250000000000000000e+02 2.899946219238880296e-02 0.000000000000000000e+00 1.000000000000000000e+00 0.000000000000000000e+00 0.000000000000000000e+00 0.000000000000000000e+00
7.500000000000000000e+02 2.999944364729878465e-02 0.000000000000000000e+00 1.000000000000000000e+00 0.000000000000000000e+00 0.000000000000000000e+00 0.000000000000000000e+00
7.750000000000000000e+02 3.099942510220876635e-02 0.000000000000000000e+00 1.000000000000000000e+00 0.000000000000000000e+00 0.000000000000000000e+00 0.000000000000000000e+00
8.000000000000000000e+02 3.199940655711874804e-02 0.000000000000000000e+00 1.000000000000000000e+00 0.000000000000000000e+00 0.000000000000000000e+00 0.000000000000000000e+00
8.250000000000000000e+02 3.299938801202850769e-02 0.000000000000000000e+00 1.000000000000000000e+00 0.000000000000000000e+00 0.000000000000000000e+00 0.000000000000000000e+00
8.500000000000000000e+02 3.399936946693848938e-02 0.000000000000000000e+00 1.000000000000000000e+00 0.000000000000000000e+00 0.000000000000000000e+00 0.000000000000000000e+00
8.750000000000000000e+02 3.499935092184847107e-02 0.000000000000000000e+00 1.000000000000000000e+00 0.000000000000000000e+00 0.000000000000000000e+00 0.000000000000000000e+00
9.000000000000000000e+02 3.599933237675845277e-02 0.000000000000000000e+00 1.000000000000000000e+00 0.000000000000000000e+00 0.000000000000000000e+00 0.000000000000000000e+00
9.250000000000000000e+02 3.699931383166843446e-02 0.000000000000000000e+00 1.000000000000000000e+00 0.000000000000000000e+00 0.000000000000000000e+00 0.000000000000000000e+00
9.500000000000000000e+02 3.799929528657841615e-02 0.000000000000000000e+00 1.000000000000000000e+00 0.000000000000000000e+00 0.000000000000000000e+00 0.000000000000000000e+00
9.750000000000000000e+02 3.899927674148839785e-02 0.000000000000000000e+00 1.000000000000000000e+00 0.000000000000000000e+00 0.000000000000000000e+00 0.000000000000000000e+00
1.000000000000000000e+03 3.999925819639837954e-02 0.000000000000000000e+00 1.000000000000000000e+00 0.000000000000000000e+00 0.000000000000000000e+00 0.000000000000000000e+00
1.025000000000000000e+03 4.099923965130836123e-02 0.000000000000000000e+00 1.000000000000000000e+00 0.000000000000000000e+00 0.000000000000000000e+00 0.000000000000000000e+00
1.050000000000000000e+03 4.199922110621812088e-02 0.000000000000000000e+00 1.000000000000000000e+00 0.000000000000000000e+00 0.000000000000000000e+00 0.000000000000000000e+00
1.075000000000000000e+03 4.299920256112810257e-02 0.000000000000000000e+00 1.000000000000000000e+00 0.000000000000000000e+00 0.000000000000000000e+00 0.000000000000000000e+00
1.100000000000000000e+03 4.399918401603808427e-02 0.000000000000000000e+00 1.000000000000000000e+00 0.000000000000000000e+00 0.000000000000000000e+00 0.000000000000000000e+00
1.125000000000000000e+03 4.499916547094806596e-02 0.000000000000000000e+00 1.000000000000000000e+00 0.000000000000000000e+00 0.000000000000000000e+00 0.000000000000000000e+00
1.150000000000000000e+03 4.599914692585804765e-02 0.000000000000000000e+00 1.000000000000000000e+00 0.000000000000000000e+00 0.000000000000000000e+00 0.000000000000000000e+00
1.175000000000000000e+03 4.699912838076802934e-02 0.000000000000000000e+00 1.000000000000000000e+00 0.000000000000000000e+00 0.000000000000000000e+00 0.000000000000000000e+00
1.200000000000000000e+03 4.799910983567801104e-02 0.000000000000000000e+00 1.000000000000000000e+00 0.000000000000000000e+00 0.000000000000000000e+00 0.000000000000000000e+00
1.225000000000000000e+03 4.899909129058799273e-02 0.000000000000000000e+00 1.000000000000000000e+00 0.000000000000000000e+00 0.000000000000000000e+00 0.000000000000000000e+00
1.250000000000000000e+03 4.999907274549797442e-02 0.000000000000000000e+00 1.000000000000000000e+00 0.000000000000000000e+00 0.000000000000000000e+00 0.000000000000000000e+00
1.275000000000000000e+03 5.099905420040773407e-02 0.000000000000000000e+00 1.000000000000000000e+00 0.000000000000000000e+00 0.000000000000000000e+00 0.000000000000000000e+00
1.300000000000000000e+03 5.199903565531771577e-02 0.000000000000000000e+00 1.000000000000000000e+00 0.000000000000000000e+00 0.000000000000000000e+00 0.000000000000000000e+00
1.325000000000000000e+03 5.299901711022769746e-02 0.000000000000000000e+00 1.000000000000000000e+00 0.000000000000000000e+00 0.000000000000000000e+00 0.000000000000000000e+00
1.350000000000000000e+03 5.399899856513767915e-02 0.000000000000000000e+00 1.000000000000000000e+00 0.000000000000000000e+00 0.000000000000000000e+00 0.000000000000000000e+00
1.375000000000000000e+03 5.499898002004766084e-02 0.000000000000000000e+00 1.000000000000000000e+00 0.000000000000000000e+00 0.000000000000000000e+00 0.000000000000000000e+00
1.400000000000000000e+03 5.599896147495764254e-02 0.000000000000000000e+00 1.000000000000000000e+00 0.000000000000000000e+00 0.000000000000000000e+00 0.000000000000000000e+00
1.425000000000000000e+03 5.699894292986762423e-02 0.000000000000000000e+00 1.000000000000000000e+00 0.000000000000000000e+00 0.000000000000000000e+00 0.000000000000000000e+00
1.450000000000000000e+03 5.799892438477760592e-02 0.000000000000000000e+00 1.000000000000000000e+00 0.000000000000000000e+00 0.000000000000000000e+00 0.000000000000000000e+00
1.475000000000000000e+03 5.899890583968758762e-02 0.000000000000000000e+00 1.000000000000000000e+00 0.000000000000000000e+00 0.000000000000000000e+00 0.000000000000000000e+00
1.500000000000000000e+03 5.999888729459756931e-02 0.000000000000000000e+00 1.000000000000000000e+00 0.000000000000000000e+00 0.000000000000000000e+00 0.000000000000000000e+00
1.525000000000000000e+03 6.099886874950732896e-02 0.000000000000000000e+00 1.000000000000000000e+00 0.000000000000000000e+00 0.000000000000000000e+00 0.000000000000000000e+00
1.550000000000000000e+03 6.199885020441731065e-02 0.000000000000000000e+00 1.000000000000000000e+00 0.000000000000000000e+00 0.000000000000000000e+00 0.000000000000000000e+00
1.575000000000000000e+03 6.299883165932729234e-02 0.000000000000000000e+00 1.000000000000000000e+00 0.000000000000000000e+00 0.000000000000000000e+00 0.000000000000000000e+00
1.600000000000000000e+03 6.399881311423727404e-02 0.000000000000000000e+00 1.000000000000000000e+00 0.000000000000000000e+00 0.000000000000000000e+00 0.000000000000000000e+00
1.625000000000000000e+03 6.499879456914725573e-02 0.000000000000000000e+00 1.000000000000000000e+00 0.000000000000000000e+00 0.000000000000000000e+00 0.000000000000000000e+00
1.650000000000000000e+03 6.599877602405723742e-02 0.000000000000000000e+00 1.000000000000000000e+00 0.000000000000000000e+00 0.000000000000000000e+00 0.000000000000000000e+00
1.675000000000000000e+03 6.699875747896721911e-02 0.000000000000000000e+00 1.000000000000000000e+00 0.000000000000000000e+00 0.000000000000000000e+00 0.000000000000000000e+00
1.700000000000000000e+03 6.799873893387720081e-02 0.000000000000000000e+00 1.000000000000000000e+00 0.000000000000000000e+00 0.000000000000000000e+00 0.000000000000000000e+00
1.725000000000000000e+03 6.899872038878718250e-02 2.275830678197542133e-04 9.997724169321802190e-01 0.000000000000000000e+00 0.000000000000000000e+00 0.000000000000000000e+00
1.750000000000000000e+03 6.999870184369694215e-02 0.000000000000000000e+00 1.000000000000000000e+00 0.000000000000000000e+00 0.000000000000000000e+00 0.000000000000000000e+00
1.775000000000000000e+03 7.099868329860692384e-02 4.551661356395084266e-04 9.995448338643604380e-01 0.000000000000000000e+00 0.000000000000000000e+00 0.000000000000000000e+00
1.800000000000000000e+03 7.199866475351690553e-02 1.137915339098771066e-04 9.998862084660901095e-01 0.000000000000000000e+00 0.000000000000000000e+00 0.000000000000000000e+00
1.825000000000000000e+03 7.299864620842688723e-02 0.000000000000000000e+00 1.000000000000000000e+00 0.000000000000000000e+00 0.000000000000000000e+00 0.000000000000000000e+00
1.850000000000000000e+03 7.399862766333686892e-02 0.000000000000000000e+00 1.000000000000000000e+00 0.000000000000000000e+00 0.000000000000000000e+00 0.000000000000000000e+00
1.875000000000000000e+03 7.499860911824685061e-02 0.000000000000000000e+00 1.000000000000000000e+00 0.000000000000000000e+00 0.000000000000000000e+00 0.000000000000000000e+00
1.900000000000000000e+03 7.599859057315683231e-02 0.000000000000000000e+00 1.000000000000000000e+00 0.000000000000000000e+00 0.000000000000000000e+00 0.000000000000000000e+00
1.925000000000000000e+03 7.699857202806681400e-02 1.137915339098771066e-04 9.998862084660901095e-01 0.000000000000000000e+00 0.000000000000000000e+00 0.000000000000000000e+00
1.950000000000000000e+03 7.799855348297679569e-02 0.000000000000000000e+00 1.000000000000000000e+00 0.000000000000000000e+00 0.000000000000000000e+00 0.000000000000000000e+00
1.975000000000000000e+03 7.899853493788655534e-02 9.103322712790168532e-04 9.990896677287209870e-01 0.000000000000000000e+00 0.000000000000000000e+00 0.000000000000000000e+00
2.000000000000000000e+03 7.999851639279653703e-02 5.689576695493854790e-04 9.994310423304506585e-01 0.000000000000000000e+00 0.000000000000000000e+00 0.000000000000000000e+00
2.025000000000000000e+03 8.099849784770651873e-02 0.000000000000000000e+00 1.000000000000000000e+00 0.000000000000000000e+00 0.000000000000000000e+00 0.000000000000000000e+00
2.050000000000000000e+03 8.199847930261650042e-02 4.551661356395084266e-04 9.995448338643604380e-01 0.000000000000000000e+00 0.000000000000000000e+00 0.000000000000000000e+00
2.075000000000000000e+03 8.299846075752648211e-02 4.551661356395084266e-04 9.995448338643604380e-01 0.000000000000000000e+00 0.000000000000000000e+00 0.000000000000000000e+00
2.100000000000000000e+03 8.399844221243646381e-02 2.275830678197542133e-04 9.997724169321802190e-01 0.000000000000000000e+00 0.000000000000000000e+00 0.000000000000000000e+00
2.125000000000000000e+03 8.499842366734644550e-02 2.275830678197542133e-04 9.997724169321802190e-01 0.000000000000000000e+00 0.000000000000000000e+00 0.000000000000000000e+00
2.150000000000000000e+03 8.599840512225642719e-02 2.048247610377787811e-03 9.979517523896221931e-01 0.000000000000000000e+00 0.000000000000000000e+00 0.000000000000000000e+00
2.175000000000000000e+03 8.699838657716640888e-02 3.413746017296313199e-04 9.995448338643604380e-01 0.000000000000000000e+00 1.137915339098771066e-04 0.000000000000000000e+00
2.200000000000000000e+03 8.799836803207616853e-02 5.689576695493854790e-04 9.994310423304506585e-01 0.000000000000000000e+00 0.000000000000000000e+00 0.000000000000000000e+00
2.225000000000000000e+03 8.899834948698615023e-02 3.413746017296313199e-04 9.996586253982703285e-01 0.000000000000000000e+00 0.000000000000000000e+00 0.000000000000000000e+00
2.250000000000000000e+03 8.999833094189613192e-02 1.024123805188893906e-03 9.989758761948110966e-01 0.000000000000000000e+00 0.000000000000000000e+00 0.000000000000000000e+00
2.275000000000000000e+03 9.099831239680611361e-02 1.137915339098770958e-03 9.988620846609012061e-01 0.000000000000000000e+00 0.000000000000000000e+00 0.000000000000000000e+00
2.300000000000000000e+03 9.199829385171609530e-02 7.965407373691396923e-04 9.990896677287209870e-01 0.000000000000000000e+00 1.137915339098771066e-04 0.000000000000000000e+00
2.325000000000000000e+03 9.299827530662607700e-02 1.251706873008648227e-03 9.986345015930814251e-01 0.000000000000000000e+00 1.137915339098771066e-04 0.000000000000000000e+00
2.350000000000000000e+03 9.399825676153605869e-02 1.251706873008648227e-03 9.987482931269913156e-01 0.000000000000000000e+00 0.000000000000000000e+00 0.000000000000000000e+00
2.375000000000000000e+03 9.499823821644604038e-02 5.689576695493854790e-04 9.994310423304506585e-01 0.000000000000000000e+00 0.000000000000000000e+00 0.000000000000000000e+00
2.400000000000000000e+03 9.599821967135602208e-02 2.048247610377787811e-03 9.977241693218024121e-01 0.000000000000000000e+00 2.275830678197542133e-04 0.000000000000000000e+00
2.425000000000000000e+03 9.699820112626600377e-02 6.827492034592626399e-04 9.993172507965407680e-01 0.000000000000000000e+00 0.000000000000000000e+00 0.000000000000000000e+00
2.450000000000000000e+03 9.799818258117576342e-02 2.275830678197541916e-03 9.977241693218024121e-01 0.000000000000000000e+00 0.000000000000000000e+00 0.000000000000000000e+00
2.475000000000000000e+03 9.899816403608574511e-02 2.162039144287664864e-03 9.978379608557123026e-01 0.000000000000000000e+00 0.000000000000000000e+00 0.000000000000000000e+00
2.500000000000000000e+03 9.999814549099572680e-02 2.617205279927173507e-03 9.972690031861629611e-01 0.000000000000000000e+00 1.137915339098771066e-04 0.000000000000000000e+00
2.525000000000000000e+03 1.009981269459057085e-01 3.186162949476558769e-03 9.968138370505233992e-01 0.000000000000000000e+00 0.000000000000000000e+00 0.000000000000000000e+00
2.550000000000000000e+03 1.019981084008156902e-01 2.389622212107419402e-03 9.974965862539827421e-01 0.000000000000000000e+00 1.137915339098771066e-04 0.000000000000000000e+00
2.575000000000000000e+03 1.029980898557256719e-01 3.641329085116067413e-03 9.960172963131542767e-01 0.000000000000000000e+00 3.413746017296313199e-04 0.000000000000000000e+00
2.600000000000000000e+03 1.039980713106356536e-01 3.527537551206190360e-03 9.964724624487938387e-01 0.000000000000000000e+00 0.000000000000000000e+00 0.000000000000000000e+00
2.625000000000000000e+03 1.049980527655456353e-01 4.096495220755575623e-03 9.957897132453344957e-01 0.000000000000000000e+00 1.137915339098771066e-04 0.000000000000000000e+00
2.650000000000000000e+03 1.059980342204556170e-01 5.575785161583977738e-03 9.940828402366863603e-01 0.000000000000000000e+00 3.413746017296313199e-04 0.000000000000000000e+00
2.675000000000000000e+03 1.069980156753653766e-01 4.665452890304961318e-03 9.948793809740554828e-01 0.000000000000000000e+00 4.551661356395084266e-04 0.000000000000000000e+00
2.700000000000000000e+03 1.079979971302753583e-01 5.006827492034592909e-03 9.948793809740554828e-01 0.000000000000000000e+00 1.137915339098771066e-04 0.000000000000000000e+00
2.725000000000000000e+03 1.089979785851853400e-01 6.372325898953117539e-03 9.934000910332271284e-01 0.000000000000000000e+00 2.275830678197542133e-04 0.000000000000000000e+00
2.750000000000000000e+03 1.099979600400953217e-01 4.779244424214838804e-03 9.946517979062358128e-01 0.000000000000000000e+00 5.689576695493854790e-04 0.000000000000000000e+00
2.775000000000000000e+03 1.109979414950053034e-01 9.103322712790167665e-03 9.907828857532999800e-01 0.000000000000000000e+00 1.137915339098771066e-04 0.000000000000000000e+00
2.800000000000000000e+03 1.119979229499152851e-01 6.599908966772872511e-03 9.929449248975875664e-01 0.000000000000000000e+00 4.551661356395084266e-04 0.000000000000000000e+00
2.825000000000000000e+03 1.129979044048252668e-01 9.558488848429677609e-03 9.895311788802912956e-01 0.000000000000000000e+00 9.103322712790168532e-04 0.000000000000000000e+00
2.850000000000000000e+03 1.139978858597352485e-01 1.035502958579881741e-02 9.888484296768320636e-01 0.000000000000000000e+00 7.965407373691396923e-04 0.000000000000000000e+00
2.875000000000000000e+03 1.149978673146452302e-01 1.638598088302230249e-02 9.821347291761493015e-01 0.000000000000000000e+00 1.479289940828402332e-03 0.000000000000000000e+00
2.900000000000000000e+03 1.159978487695549898e-01 1.581702321347291593e-02 9.832726445152480954e-01 0.000000000000000000e+00 9.103322712790168532e-04 0.000000000000000000e+00
2.925000000000000000e+03 1.169978302244649715e-01 1.820664542558033533e-02 9.797451069640418231e-01 0.000000000000000000e+00 2.048247610377787811e-03 0.000000000000000000e+00
2.950000000000000000e+03 1.179978116793749532e-01 2.469276285844333035e-02 9.706417842512516936e-01 0.000000000000000000e+00 4.665452890304961318e-03 0.000000000000000000e+00
2.975000000000000000e+03 1.189977931342849349e-01 3.891670459717797015e-02 9.533454710969503365e-01 0.000000000000000000e+00 7.737824305871643035e-03 0.000000000000000000e+00
3.000000000000000000e+03 1.199977745891949166e-01 5.405097860719162289e-02 9.258079198907601670e-01 0.000000000000000000e+00 2.014110150204824826e-02 0.000000000000000000e+00
3.025000000000000000e+03 1.209977560441048983e-01 9.717796995903504875e-02 8.598088302230314506e-01 0.000000000000000000e+00 4.301319981793354230e-02 0.000000000000000000e+00
3.050000000000000000e+03 1.219977374990148800e-01 1.484979517523896120e-01 7.424897587619481154e-01 0.000000000000000000e+00 1.090122894856622726e-01 0.000000000000000000e+00
3.075000000000000000e+03 1.229977189539248617e-01 2.168866636322257513e-01 5.728265817023213691e-01 0.000000000000000000e+00 2.102867546654528796e-01 0.000000000000000000e+00
3.100000000000000000e+03 1.239977004088348433e-01 3.037096040054619861e-01 3.603777878925807920e-01 1.137915339098771066e-04 3.357988165680473314e-01 0.000000000000000000e+00
3.125000000000000000e+03 1.249976818637448250e-01 3.717569412835685094e-01 1.979972690031861493e-01 2.275830678197542133e-04 4.300182066454255603e-01 0.000000000000000000e+00
3.150000000000000000e+03 1.259976633186545847e-01 3.951979972690031762e-01 1.213017751479289891e-01 9.103322712790168532e-04 4.825898953117888079e-01 0.000000000000000000e+00
3.175000000000000000e+03 1.269976447735645664e-01 3.689121529358215801e-01 9.877105143377332142e-02 1.593081474738279385e-03 5.307237141556667703e-01 0.000000000000000000e+00
3.200000000000000000e+03 1.279976262284745481e-01 3.623122439690487084e-01 8.511606736458807165e-02 9.103322712790168532e-04 5.516613563950841792e-01 0.000000000000000000e+00
3.225000000000000000e+03 1.289976076833845298e-01 3.658397815202548697e-01 8.693673190714611143e-02 5.689576695493854790e-04 5.466545289030496635e-01 0.000000000000000000e+00
3.250000000000000000e+03 1.299975891382945115e-01 3.781292671825216001e-01 8.807464724624487762e-02 1.251706873008648227e-03 5.325443786982249073e-01 0.000000000000000000e+00
3.275000000000000000e+03 1.309975705932044932e-01 3.879153390987710726e-01 9.729176149294492537e-02 3.072371415566681717e-03 5.117205279927173889e-01 0.000000000000000000e+00
3.300000000000000000e+03 1.319975520481144748e-01 4.025944469731451703e-01 9.239872553482020301e-02 7.055075102412380721e-03 4.979517523896221931e-01 0.000000000000000000e+00
3.325000000000000000e+03 1.329975335030244565e-01 4.164770141101502010e-01 9.683659535730541890e-02 1.547564861174328607e-02 4.712107419208010906e-01 0.000000000000000000e+00
3.350000000000000000e+03 1.339975149579344382e-01 4.271734182976786309e-01 1.012744651797906209e-01 2.605826126536185672e-02 4.454938552571688914e-01 0.000000000000000000e+00
3.375000000000000000e+03 1.349974964128441979e-01 4.408284023668638807e-01 1.048020027309968100e-01 3.948566226672735324e-02 4.148839326354119006e-01 0.000000000000000000e+00
3.400000000000000000e+03 1.359974778677541796e-01 4.532316795630405015e-01 1.142467000455166110e-01 6.008192990441511144e-02 3.724396904870277414e-01 0.000000000000000000e+00
3.425000000000000000e+03 1.369974593226641613e-01 4.778106508875739622e-01 1.268775603095129711e-01 7.760582612653618706e-02 3.177059626763768518e-01 0.000000000000000000e+00
3.450000000000000000e+03 1.379974407775741430e-01 4.988620846609012061e-01 1.421256258534364936e-01 1.021847974510696339e-01 2.568274920345926526e-01 0.000000000000000000e+00
3.475000000000000000e+03 1.389974222324841246e-01 4.985207100591715901e-01 1.492944924897587622e-01 1.241465634956759184e-01 2.280382339553937154e-01 0.000000000000000000e+00
3.500000000000000000e+03 1.399974036873941063e-01 5.108101957214383759e-01 1.639736003641329154e-01 1.398497951752389612e-01 1.853664087391898030e-01 0.000000000000000000e+00
3.525000000000000000e+03 1.409973851423040880e-01 5.040964952207556138e-01 1.739872553482020856e-01 1.523668639053254448e-01 1.695493855257168836e-01 0.000000000000000000e+00
3.550000000000000000e+03 1.419973665972140697e-01 5.080791989076012261e-01 1.764906690942193990e-01 1.581702321347291662e-01 1.572598998634501533e-01 0.000000000000000000e+00
3.575000000000000000e+03 1.429973480521240514e-01 4.926035502958580059e-01 1.829767865270823801e-01 1.701183431952662806e-01 1.543013199817933612e-01 0.000000000000000000e+00
3.600000000000000000e+03 1.439973295070338111e-01 4.783796085571233592e-01 1.911697769685935244e-01 1.701183431952662806e-01 1.603322712790168358e-01 0.000000000000000000e+00
3.625000000000000000e+03 1.449973109619437928e-01 4.665452890304961353e-01 2.014110150204824756e-01 1.712562585343650468e-01 1.607874374146563423e-01 0.000000000000000000e+00
3.650000000000000000e+03 1.459972924168537745e-01 4.637005006827492060e-01 2.093764223941738667e-01 1.827492034592626269e-01 1.441738734638143005e-01 0.000000000000000000e+00
3.675000000000000000e+03 1.469972738717637561e-01 4.573281747837960598e-01 2.208693673190714746e-01 1.853664087391898030e-01 1.364360491579426626e-01 0.000000000000000000e+00
3.700000000000000000e+03 1.479972553266737378e-01 4.474283113336367523e-01 2.289485662266727284e-01 1.946973145197997135e-01 1.289258079198907503e-01 0.000000000000000000e+00
3.725000000000000000e+03 1.489972367815837195e-01 4.539144287664997890e-01 2.256486117432862926e-01 1.890077378243058825e-01 1.314292216659080637e-01 0.000000000000000000e+00
3.750000000000000000e+03 1.499972182364937012e-01 4.436731907146108100e-01 2.308830223031406448e-01 1.962903959945380139e-01 1.291533909877105035e-01 0.000000000000000000e+00
3.775000000000000000e+03 1.509971996914036829e-01 4.352526172052799125e-01 2.374829312699135164e-01 2.015248065543923661e-01 1.257396449704142050e-01 0.000000000000000000e+00
3.800000000000000000e+03 1.519971811463136646e-01 4.360491579426490905e-01 2.391898042785616796e-01 2.056213017751479244e-01 1.191397360036413333e-01 0.000000000000000000e+00
3.825000000000000000e+03 1.529971626012234243e-01 4.413973600364132777e-01 2.375967228038234069e-01 2.088074647246244975e-01 1.121984524351388318e-01 0.000000000000000000e+00
3.850000000000000000e+03 1.539971440561334060e-01 4.197769685935366368e-01 2.330450614474283144e-01 2.132453345471096995e-01 1.339326354119253493e-01 0.000000000000000000e+00
3.875000000000000000e+03 1.549971255110433876e-01 4.195493855257169113e-01 2.288347746927628656e-01 2.164314974965862448e-01 1.351843422849340060e-01 0.000000000000000000e+00
3.900000000000000000e+03 1.559971069659533693e-01 4.189804278561675144e-01 2.263313609467455523e-01 2.173418297678652578e-01 1.373463814292216756e-01 0.000000000000000000e+00
3.925000000000000000e+03 1.569970884208633510e-01 4.124943104233045332e-01 2.282658170232134687e-01 2.269003186162949492e-01 1.323395539371870766e-01 0.000000000000000000e+00
3.950000000000000000e+03 1.579970698757733327e-01 4.085116067364588099e-01 2.304278561675011383e-01 2.365725989986345035e-01 1.244879380974055483e-01 0.000000000000000000e+00
3.975000000000000000e+03 1.589970513306833144e-01 4.153390987710514071e-01 2.302002730996813851e-01 2.438552571688666348e-01 1.106053709604005453e-01 0.000000000000000000e+00
4.000000000000000000e+03 1.599970327855932961e-01 4.206873008648156498e-01 2.333864360491579304e-01 2.436276741010468816e-01 1.022985889849795244e-01 0.000000000000000000e+00
4.025000000000000000e+03 1.609970142405032778e-01 4.116977696859353553e-01 2.347519344560764776e-01 2.478379608557123304e-01 1.057123350022758368e-01 0.000000000000000000e+00
4.050000000000000000e+03 1.619969956954132595e-01 4.093081474738279324e-01 2.339553937187073274e-01 2.525034137460173134e-01 1.042330450614474269e-01 0.000000000000000000e+00
4.075000000000000000e+03 1.629969771503230191e-01 4.161356395084205850e-01 2.335002275830678209e-01 2.581929904415111721e-01 9.217114246700044977e-02 0.000000000000000000e+00
4.100000000000000000e+03 1.639969586052330008e-01 4.082840236686390289e-01 2.371415566681839004e-01 2.704824761037779024e-01 8.409194355939918208e-02 0.000000000000000000e+00
4.125000000000000000e+03 1.649969400601429825e-01 4.091943559399180974e-01 2.428311333636777314e-01 2.810650887573964418e-01 6.690942193900774326e-02 0.000000000000000000e+00
4.150000000000000000e+03 1.659969215150529642e-01 4.116977696859353553e-01 2.404415111515703363e-01 2.900546199362767363e-01 5.780609922621757213e-02 0.000000000000000000e+00
4.175000000000000000e+03 1.669969029699629459e-01 4.188666363222576239e-01 2.375967228038234069e-01 2.963131543013199920e-01 4.722348657259899801e-02 0.000000000000000000e+00
4.200000000000000000e+03 1.679968844248729276e-01 4.167045971779699820e-01 2.372553482020937632e-01 3.013199817933545632e-01 4.472007282658170546e-02 0.000000000000000000e+00
4.225000000000000000e+03 1.689968658797829093e-01 4.103322712790168358e-01 2.387346381429221731e-01 3.020027309968138507e-01 4.893035958124715423e-02 0.000000000000000000e+00
4.250000000000000000e+03 1.699968473346928910e-01 4.113563950842057393e-01 2.455621301775147980e-01 3.037096040054619861e-01 3.937187073281747662e-02 0.000000000000000000e+00
4.275000000000000000e+03 1.709968287896028727e-01 4.119253527537551363e-01 2.432862994993172379e-01 3.075785161583978189e-01 3.720983158852981393e-02 0.000000000000000000e+00
4.300000000000000000e+03 1.719968102445126323e-01 4.064633591260810030e-01 2.453345471096950448e-01 3.136094674556212936e-01 3.459262630860263782e-02 0.000000000000000000e+00
4.325000000000000000e+03 1.729967916994226140e-01 4.094219390077378229e-01 2.486345015930814806e-01 3.117888029130632677e-01 3.015475648611743234e-02 0.000000000000000000e+00
4.350000000000000000e+03 1.739967731543325957e-01 4.089667728720983164e-01 2.553482020937642427e-01 3.079198907601274349e-01 2.776513427401001294e-02 0.000000000000000000e+00
4.375000000000000000e+03 1.749967546092425774e-01 4.028220300409649512e-01 2.585343650432407880e-01 3.092853891670459543e-01 2.935821574874829254e-02 0.000000000000000000e+00
4.400000000000000000e+03 1.759967360641525591e-01 4.024806554392353353e-01 2.628584433318161273e-01 3.073509330905780379e-01 2.730996813837050646e-02 0.000000000000000000e+00
4.425000000000000000e+03 1.769967175190625408e-01 4.049840691852525931e-01 2.671825216203914666e-01 3.050751024123805055e-01 2.275830678197542090e-02 0.000000000000000000e+00
4.450000000000000000e+03 1.779966989739725225e-01 4.000910332271279124e-01 2.729858898497951603e-01 3.016613563950841792e-01 2.526172052799271692e-02 0.000000000000000000e+00
4.475000000000000000e+03 1.789966804288825042e-01 4.021392808375056638e-01 2.796995903504779224e-01 2.968821119708693890e-01 2.127901684114701791e-02 0.000000000000000000e+00
4.500000000000000000e+03 1.799966618837924859e-01 3.958807464724624636e-01 2.860719162494310686e-01 2.972234865725990050e-01 2.082385070550751144e-02 0.000000000000000000e+00
4.525000000000000000e+03 1.809966433387022455e-01 3.977014110150204895e-01 2.875512061902594230e-01 2.934683659535730627e-01 2.127901684114701791e-02 0.000000000000000000e+00
4.550000000000000000e+03 1.819966247936122272e-01 3.909877105143377274e-01 2.915339098771051463e-01 2.951752389622211981e-01 2.230314064633591095e-02 0.000000000000000000e+00
4.575000000000000000e+03 1.829966062485222089e-01 3.989531178880291185e-01 2.931269913518434467e-01 2.840236686390532617e-01 2.389622212107419055e-02 0.000000000000000000e+00
4.600000000000000000e+03 1.839965877034321906e-01 3.955393718707327921e-01 3.021165225307237412e-01 2.771961766044606090e-01 2.514792899408284030e-02 0.000000000000000000e+00
4.625000000000000000e+03 1.849965691583421723e-01 3.964497041420118606e-01 3.105370960400546387e-01 2.721893491124260378e-01 2.082385070550751144e-02 0.000000000000000000e+00
4.650000000000000000e+03 1.859965506132521540e-01 3.941738734638142727e-01 3.150887573964497035e-01 2.715065999089667503e-01 1.923076923076923184e-02 0.000000000000000000e+00
4.675000000000000000e+03 1.869965320681621357e-01 3.945152480655439442e-01 3.213472917614929592e-01 2.659308147473827821e-01 1.820664542558033533e-02 0.000000000000000000e+00
4.700000000000000000e+03 1.879965135230721174e-01 3.931497496586254248e-01 3.273782430587164338e-01 2.630860263996358528e-01 1.638598088302230249e-02 0.000000000000000000e+00
4.725000000000000000e+03 1.889964949779820991e-01 3.912152935821575084e-01 3.310195721438324856e-01 2.608101957214383204e-01 1.695493855257168905e-02 0.000000000000000000e+00
4.750000000000000000e+03 1.899964764328918587e-01 3.932635411925352598e-01 3.371643149749658508e-01 2.580791989076012816e-01 1.149294492489758707e-02 0.000000000000000000e+00
4.775000000000000000e+03 1.909964578878018404e-01 3.857532999544833752e-01 3.434228493400091065e-01 2.540964952207555583e-01 1.672735548475193582e-02 0.000000000000000000e+00
4.800000000000000000e+03 1.919964393427118221e-01 3.906463359126081114e-01 3.478607191624943362e-01 2.487482931269913433e-01 1.274465179790623508e-02 0.000000000000000000e+00
4.825000000000000000e+03 1.929964207976218038e-01 3.862084660901228816e-01 3.546882111970869333e-01 2.460172963131543045e-01 1.308602639963586667e-02 0.000000000000000000e+00
4.850000000000000000e+03 1.939964022525317855e-01 3.843878015475648557e-01 3.577605826126536437e-01 2.454483386436049075e-01 1.240327719617660522e-02 0.000000000000000000e+00
4.875000000000000000e+03 1.949963837074417672e-01 3.799499317250796815e-01 3.648156577150660218e-01 2.435138825671370189e-01 1.172052799271734204e-02 0.000000000000000000e+00
4.900000000000000000e+03 1.959963651623517489e-01 3.806326809285389134e-01 3.694811106053709771e-01 2.385070550751024199e-01 1.137915339098771045e-02 0.000000000000000000e+00
4.925000000000000000e+03 1.969963466172617306e-01 3.771051433773327521e-01 3.773327264451524776e-01 2.347519344560764776e-01 1.081019572143832562e-02 0.000000000000000000e+00
4.950000000000000000e+03 1.979963280721717123e-01 3.746017296313154388e-01 3.843878015475648557e-01 2.291761492944924816e-01 1.183431952662721866e-02 0.000000000000000000e+00
4.975000000000000000e+03 1.989963095270816940e-01 3.761948111060536837e-01 3.950842057350932857e-01 2.172280382339553950e-01 1.149294492489758707e-02 0.000000000000000000e+00
5.000000000000000000e+03 1.999962909819914536e-01 3.690259444697314706e-01 4.068047337278106745e-01 2.132453345471096995e-01 1.092398725534820224e-02 0.000000000000000000e+00
5.025000000000000000e+03 2.009962724369014353e-01 3.682294037323622926e-01 4.135184342284933812e-01 2.072143832498861971e-01 1.103777878925807886e-02 0.000000000000000000e+00
5.050000000000000000e+03 2.019962538918114170e-01 3.642467000455166248e-01 4.308147473827947382e-01 1.970869367319071364e-01 7.851615839781519654e-03 0.000000000000000000e+00
5.075000000000000000e+03 2.029962353467213987e-01 3.522985889849795105e-01 4.481110605370960398e-01 1.894629039599453890e-01 1.012744651797906244e-02 0.000000000000000000e+00
5.100000000000000000e+03 2.039962168016313804e-01 3.510468821119708815e-01 4.538006372325898985e-01 1.849112426035502965e-01 1.024123805188893906e-02 0.000000000000000000e+00
5.125000000000000000e+03 2.049961982565413621e-01 3.494538006372325811e-01 4.627901684114701930e-01 1.766044606281292617e-01 1.115157032316795548e-02 0.000000000000000000e+00
5.150000000000000000e+03 2.059961797114513438e-01 3.502503413746017036e-01 4.710969503868912001e-01 1.695493855257168836e-01 9.103322712790167665e-03 0.000000000000000000e+00
5.175000000000000000e+03 2.069961611663613255e-01 3.535502958579881394e-01 4.740555302685480199e-01 1.634046426945835184e-01 8.989531178880291046e-03 0.000000000000000000e+00
5.200000000000000000e+03 2.079961426212713071e-01 3.528675466545289074e-01 4.799726900318616041e-01 1.581702321347291662e-01 8.989531178880291046e-03 0.000000000000000000e+00
5.225000000000000000e+03 2.089961240761810668e-01 3.444469731451980099e-01 4.905553026854801990e-01 1.548702776513427304e-01 1.012744651797906244e-02 0.000000000000000000e+00
5.250000000000000000e+03 2.099961055310910485e-01 3.460400546199362548e-01 4.907828857532999800e-01 1.517979062357760478e-01 1.137915339098771045e-02 0.000000000000000000e+00
5.275000000000000000e+03 2.109960869860010302e-01 3.401228948566226706e-01 4.940828402366864158e-01 1.535047792444242110e-01 1.228948566226672687e-02 0.000000000000000000e+00
5.300000000000000000e+03 2.119960684409110119e-01 3.390987710514337672e-01 4.980655439235320836e-01 1.491807009558488717e-01 1.365498406918525323e-02 0.000000000000000000e+00
5.325000000000000000e+03 2.129960498958209936e-01 3.370505234410559603e-01 5.020482476103778069e-01 1.475876194811105990e-01 1.331360946745562164e-02 0.000000000000000000e+00
5.350000000000000000e+03 2.139960313507309753e-01 3.368229403732362348e-01 5.063723258989530907e-01 1.475876194811105990e-01 9.217114246700046018e-03 0.000000000000000000e+00
5.375000000000000000e+03 2.149960128056409570e-01 3.338643604915794150e-01 5.091033227127901295e-01 1.491807009558488717e-01 7.851615839781519654e-03 0.000000000000000000e+00
5.400000000000000000e+03 2.159959942605509386e-01 3.258989531178880239e-01 5.126308602639964018e-01 1.517979062357760478e-01 9.672280382339554228e-03 0.000000000000000000e+00
5.425000000000000000e+03 2.169959757154609203e-01 3.257851615839781334e-01 5.149066909421938787e-01 1.513427401001365413e-01 7.965407373691398007e-03 0.000000000000000000e+00
5.450000000000000000e+03 2.179959571703706800e-01 3.251024123805189014e-01 5.150204824761037692e-01 1.529358215748748417e-01 6.941283568502503235e-03 0.000000000000000000e+00
5.475000000000000000e+03 2.189959386252806617e-01 3.258989531178880239e-01 5.125170687300865113e-01 1.536185707783341015e-01 7.965407373691398007e-03 0.000000000000000000e+00
5.500000000000000000e+03 2.199959200801906434e-01 3.269230769230769273e-01 5.136549840691853053e-01 1.490669094219390090e-01 1.035502958579881741e-02 0.000000000000000000e+00
5.525000000000000000e+03 2.209959015351006251e-01 3.219162494310423561e-01 5.186618115612198210e-01 1.523668639053254448e-01 7.055075102412380721e-03 0.000000000000000000e+00
5.550000000000000000e+03 2.219958829900106068e-01 3.203231679563040557e-01 5.226445152480655443e-01 1.507737824305871721e-01 6.258534365043240920e-03 0.000000000000000000e+00
5.575000000000000000e+03 2.229958644449205885e-01 3.179335457441966328e-01 5.250341374601729116e-01 1.504324078288575284e-01 6.599908966772872511e-03 0.000000000000000000e+00
5.600000000000000000e+03 2.239958458998305701e-01 3.199817933545744397e-01 5.204824761037778469e-01 1.528220300409649512e-01 6.713700500682749130e-03 0.000000000000000000e+00
5.625000000000000000e+03 2.249958273547405518e-01 3.228265817023213691e-01 5.150204824761037692e-01 1.523668639053254448e-01 9.786071916249430847e-03 0.000000000000000000e+00
5.650000000000000000e+03 2.259958088096505335e-01 3.223714155666818626e-01 5.122894856622667303e-01 1.538461538461538547e-01 1.149294492489758707e-02 0.000000000000000000e+00
5.675000000000000000e+03 2.269957902645602932e-01 3.241920801092398885e-01 5.114929449248976079e-01 1.555530268548019901e-01 8.761948111060537808e-03 0.000000000000000000e+00
