# itime ezz other fcc hcp bcc ico
0.000000000000000000e+00 0.000000000000000000e+00 0.000000000000000000e+00 1.000000000000000000e+00 0.000000000000000000e+00 0.000000000000000000e+00 0.000000000000000000e+00
8.000000000000000000e+03 2.000058001740745439e-03 0.000000000000000000e+00 1.000000000000000000e+00 0.000000000000000000e+00 0.000000000000000000e+00 0.000000000000000000e+00
1.600000000000000000e+04 4.000116003481268834e-03 0.000000000000000000e+00 1.000000000000000000e+00 0.000000000000000000e+00 0.000000000000000000e+00 0.000000000000000000e+00
2.400000000000000000e+04 6.000174005222014273e-03 0.000000000000000000e+00 1.000000000000000000e+00 0.000000000000000000e+00 0.000000000000000000e+00 0.000000000000000000e+00
3.200000000000000000e+04 8.000232006962537668e-03 0.000000000000000000e+00 1.000000000000000000e+00 0.000000000000000000e+00 0.000000000000000000e+00 0.000000000000000000e+00
4.000000000000000000e+04 1.000029000870328311e-02 0.000000000000000000e+00 1.000000000000000000e+00 0.000000000000000000e+00 0.000000000000000000e+00 0.000000000000000000e+00
4.800000000000000000e+04 1.200034801044402855e-02 0.000000000000000000e+00 1.000000000000000000e+00 0.000000000000000000e+00 0.000000000000000000e+00 0.000000000000000000e+00
5.600000000000000000e+04 1.400040601218455194e-02 0.000000000000000000e+00 1.000000000000000000e+00 0.000000000000000000e+00 0.000000000000000000e+00 0.000000000000000000e+00
6.400000000000000000e+04 1.600046401392529738e-02 0.000000000000000000e+00 1.000000000000000000e+00 0.000000000000000000e+00 0.000000000000000000e+00 0.000000000000000000e+00
7.200000000000000000e+04 1.800052201566582077e-02 0.000000000000000000e+00 1.000000000000000000e+00 0.000000000000000000e+00 0.000000000000000000e+00 0.000000000000000000e+00
8.000000000000000000e+04 2.000058001740656621e-02 0.000000000000000000e+00 1.000000000000000000e+00 0.000000000000000000e+00 0.000000000000000000e+00 0.000000000000000000e+00
8.800000000000000000e+04 2.200063801914731165e-02 0.000000000000000000e+00 1.000000000000000000e+00 0.000000000000000000e+00 0.000000000000000000e+00 0.000000000000000000e+00
9.600000000000000000e+04 2.400069602088783505e-02 0.000000000000000000e+00 1.000000000000000000e+00 0.000000000000000000e+00 0.000000000000000000e+00 0.000000000000000000e+00
1.040000000000000000e+05 2.600075402262858049e-02 0.000000000000000000e+00 1.000000000000000000e+00 0.000000000000000000e+00 0.000000000000000000e+00 0.000000000000000000e+00
1.120000000000000000e+05 2.800081202436910388e-02 0.000000000000000000e+00 1.000000000000000000e+00 0.000000000000000000e+00 0.000000000000000000e+00 0.000000000000000000e+00
1.200000000000000000e+05 3.000087002610984932e-02 0.000000000000000000e+00 1.000000000000000000e+00 0.000000000000000000e+00 0.000000000000000000e+00 0.000000000000000000e+00
1.280000000000000000e+05 3.200092802785059476e-02 0.000000000000000000e+00 1.000000000000000000e+00 0.000000000000000000e+00 0.000000000000000000e+00 0.000000000000000000e+00
1.360000000000000000e+05 3.400098602959111815e-02 0.000000000000000000e+00 1.000000000000000000e+00 0.000000000000000000e+00 0.000000000000000000e+00 0.000000000000000000e+00
1.440000000000000000e+05 3.600104403133186359e-02 0.000000000000000000e+00 1.000000000000000000e+00 0.000000000000000000e+00 0.000000000000000000e+00 0.000000000000000000e+00
1.520000000000000000e+05 3.800110203307238699e-02 0.000000000000000000e+00 1.000000000000000000e+00 0.000000000000000000e+00 0.000000000000000000e+00 0.000000000000000000e+00
1.600000000000000000e+05 4.000116003481313243e-02 0.000000000000000000e+00 1.000000000000000000e+00 0.000000000000000000e+00 0.000000000000000000e+00 0.000000000000000000e+00
1.680000000000000000e+05 4.200121803655387787e-02 0.000000000000000000e+00 1.000000000000000000e+00 0.000000000000000000e+00 0.000000000000000000e+00 0.000000000000000000e+00
1.760000000000000000e+05 4.400127603829440126e-02 0.000000000000000000e+00 1.000000000000000000e+00 0.000000000000000000e+00 0.000000000000000000e+00 0.000000000000000000e+00
1.840000000000000000e+05 4.600133404003514670e-02 0.000000000000000000e+00 1.000000000000000000e+00 0.000000000000000000e+00 0.000000000000000000e+00 0.000000000000000000e+00
1.920000000000000000e+05 4.800139204177567009e-02 0.000000000000000000e+00 1.000000000000000000e+00 0.000000000000000000e+00 0.000000000000000000e+00 0.000000000000000000e+00
2.000000000000000000e+05 5.000145004351641553e-02 0.000000000000000000e+00 1.000000000000000000e+00 0.000000000000000000e+00 0.000000000000000000e+00 0.000000000000000000e+00
2.080000000000000000e+05 5.200150804525716097e-02 0.000000000000000000e+00 1.000000000000000000e+00 0.000000000000000000e+00 0.000000000000000000e+00 0.000000000000000000e+00
2.160000000000000000e+05 5.400156604699768437e-02 3.413746017296313199e-04 9.996586253982703285e-01 0.000000000000000000e+00 0.000000000000000000e+00 0.000000000000000000e+00
2.240000000000000000e+05 5.600162404873842981e-02 2.275830678197542133e-04 9.997724169321802190e-01 0.000000000000000000e+00 0.000000000000000000e+00 0.000000000000000000e+00
2.320000000000000000e+05 5.800168205047895320e-02 1.137915339098771066e-04 9.998862084660901095e-01 0.000000000000000000e+00 0.000000000000000000e+00 0.000000000000000000e+00
2.400000000000000000e+05 6.000174005221969864e-02 0.000000000000000000e+00 1.000000000000000000e+00 0.000000000000000000e+00 0.000000000000000000e+00 0.000000000000000000e+00
2.480000000000000000e+05 6.200179805396044408e-02 0.000000000000000000e+00 1.000000000000000000e+00 0.000000000000000000e+00 0.000000000000000000e+00 0.000000000000000000e+00
2.560000000000000000e+05 6.400185605570096747e-02 0.000000000000000000e+00 1.000000000000000000e+00 0.000000000000000000e+00 0.000000000000000000e+00 0.000000000000000000e+00
2.640000000000000000e+05 6.600191405744171291e-02 0.000000000000000000e+00 1.000000000000000000e+00 0.000000000000000000e+00 0.000000000000000000e+00 0.000000000000000000e+00
2.720000000000000000e+05 6.800197205918223631e-02 4.551661356395084266e-04 9.995448338643604380e-01 0.000000000000000000e+00 0.000000000000000000e+00 0.000000000000000000e+00
2.800000000000000000e+05 7.000203006092298175e-02 0.000000000000000000e+00 1.000000000000000000e+00 0.000000000000000000e+00 0.000000000000000000e+00 0.000000000000000000e+00
2.880000000000000000e+05 7.200208806266372719e-02 0.000000000000000000e+00 1.000000000000000000e+00 0.000000000000000000e+00 0.000000000000000000e+00 0.000000000000000000e+00
2.960000000000000000e+05 7.400214606440425058e-02 0.000000000000000000e+00 1.000000000000000000e+00 0.000000000000000000e+00 0.000000000000000000e+00 0.000000000000000000e+00
3.040000000000000000e+05 7.600220406614499602e-02 5.689576695493854790e-04 9.993172507965407680e-01 0.000000000000000000e+00 1.137915339098771066e-04 0.000000000000000000e+00
3.120000000000000000e+05 7.800226206788551941e-02 4.551661356395084266e-04 9.995448338643604380e-01 0.000000000000000000e+00 0.000000000000000000e+00 0.000000000000000000e+00
3.200000000000000000e+05 8.000232006962626485e-02 5.689576695493854790e-04 9.994310423304506585e-01 0.000000000000000000e+00 0.000000000000000000e+00 0.000000000000000000e+00
3.280000000000000000e+05 8.200237807136701029e-02 3.413746017296313199e-04 9.996586253982703285e-01 0.000000000000000000e+00 0.000000000000000000e+00 0.000000000000000000e+00
3.360000000000000000e+05 8.400243607310753369e-02 4.551661356395084266e-04 9.995448338643604380e-01 0.000000000000000000e+00 0.000000000000000000e+00 0.000000000000000000e+00
3.440000000000000000e+05 8.600249407484827913e-02 9.103322712790168532e-04 9.989758761948110966e-01 0.000000000000000000e+00 1.137915339098771066e-04 0.000000000000000000e+00
3.520000000000000000e+05 8.800255207658880252e-02 1.137915339098770958e-03 9.988620846609012061e-01 0.000000000000000000e+00 0.000000000000000000e+00 0.000000000000000000e+00
3.600000000000000000e+05 9.000261007832954796e-02 1.706873008648156654e-03 9.981793354574419741e-01 0.000000000000000000e+00 1.137915339098771066e-04 0.000000000000000000e+00
3.680000000000000000e+05 9.200266808007029340e-02 5.689576695493854790e-04 9.994310423304506585e-01 0.000000000000000000e+00 0.000000000000000000e+00 0.000000000000000000e+00
3.760000000000000000e+05 9.400272608181081679e-02 1.251706873008648227e-03 9.987482931269913156e-01 0.000000000000000000e+00 0.000000000000000000e+00 0.000000000000000000e+00
3.840000000000000000e+05 9.600278408355156223e-02 1.593081474738279385e-03 9.982931269913518646e-01 0.000000000000000000e+00 1.137915339098771066e-04 0.000000000000000000e+00
3.920000000000000000e+05 9.800284208529208563e-02 3.413746017296313308e-03 9.961310878470641672e-01 0.000000000000000000e+00 4.551661356395084266e-04 0.000000000000000000e+00
4.000000000000000000e+05 1.000029000870328311e-01 4.665452890304961318e-03 9.947655894401457033e-01 0.000000000000000000e+00 5.689576695493854790e-04 0.000000000000000000e+00
4.080000000000000000e+05 1.020029580887735765e-01 3.413746017296313308e-03 9.963586709148839482e-01 0.000000000000000000e+00 2.275830678197542133e-04 0.000000000000000000e+00
4.160000000000000000e+05 1.040030160905140999e-01 5.461993627674101119e-03 9.941966317705962508e-01 0.000000000000000000e+00 3.413746017296313199e-04 0.000000000000000000e+00
4.240000000000000000e+05 1.060030740922548453e-01 8.079198907601274626e-03 9.895311788802912956e-01 0.000000000000000000e+00 2.389622212107419402e-03 0.000000000000000000e+00
4.320000000000000000e+05 1.080031320939953687e-01 5.188893946290396020e-02 7.091488393263540857e-01 2.388484296768320359e-01 1.137915339098771066e-04 0.000000000000000000e+00
4.400000000000000000e+05 1.100031900957361142e-01 5.234410559854346667e-02 7.091488393263540857e-01 2.385070550751024199e-01 0.000000000000000000e+00 0.000000000000000000e+00
4.480000000000000000e+05 1.120032480974768596e-01 5.257168866636321991e-02 7.089212562585344157e-01 2.382794720072826666e-01 2.275830678197542133e-04 0.000000000000000000e+00
4.560000000000000000e+05 1.140033060992173830e-01 5.382339553937186966e-02 7.078971324533455123e-01 2.380518889394629134e-01 2.275830678197542133e-04 0.000000000000000000e+00
4.640000000000000000e+05 1.160033641009581284e-01 5.382339553937186966e-02 7.067592171142467183e-01 2.387346381429221731e-01 6.827492034592626399e-04 0.000000000000000000e+00
4.720000000000000000e+05 1.180034221026986518e-01 8.386436049157942885e-02 6.906008192990441552e-01 2.200728265817023244e-01 5.461993627674101119e-03 0.000000000000000000e+00
4.800000000000000000e+05 1.200034801044393973e-01 8.522985889849794827e-02 6.882111970869366768e-01 2.193900773782430647e-01 7.168866636322257339e-03 0.000000000000000000e+00
4.880000000000000000e+05 1.220035381061801427e-01 8.727810650887574129e-02 6.869594902139281034e-01 2.201866181156121871e-01 5.575785161583977738e-03 0.000000000000000000e+00
4.960000000000000000e+05 1.240035961079206661e-01 8.158852981338188259e-02 6.879836140191170069e-01 2.207555757851615841e-01 9.672280382339554228e-03 0.000000000000000000e+00
5.040000000000000000e+05 1.260036541096614116e-01 8.705052344105598805e-02 6.873008648156576639e-01 2.199590350477924339e-01 5.689576695493855224e-03 0.000000000000000000e+00
5.120000000000000000e+05 1.280037121114019349e-01 8.295402822030041590e-02 6.880974055530268974e-01 2.214383249886208438e-01 7.510241238051888930e-03 0.000000000000000000e+00
5.200000000000000000e+05 1.300037701131426804e-01 8.375056895766955223e-02 6.875284478834774449e-01 2.212107419208010906e-01 7.510241238051888930e-03 0.000000000000000000e+00
5.280000000000000000e+05 1.320038281148834258e-01 8.602639963586708460e-02 6.868456986800182129e-01 2.191624943104233114e-01 7.965407373691398007e-03 0.000000000000000000e+00
5.360000000000000000e+05 1.340038861166239492e-01 8.295402822030041590e-02 6.873008648156576639e-01 2.200728265817023244e-01 9.672280382339554228e-03 0.000000000000000000e+00
5.440000000000000000e+05 1.360039441183646947e-01 8.352298588984979899e-02 6.870732817478379939e-01 2.213245334547109811e-01 8.079198907601274626e-03 0.000000000000000000e+00
5.520000000000000000e+05 1.380040021201052181e-01 8.579881656804733137e-02 6.858215748748293095e-01 2.208693673190714746e-01 7.510241238051888930e-03 0.000000000000000000e+00
5.600000000000000000e+05 1.400040601218459635e-01 8.716431497496586467e-02 6.865043240782885414e-01 2.222348657259899940e-01 4.096495220755575623e-03 0.000000000000000000e+00
5.680000000000000000e+05 1.420041181235867089e-01 8.909877105143376719e-02 6.858215748748293095e-01 2.220072826581702408e-01 3.072371415566681717e-03 0.000000000000000000e+00
5.760000000000000000e+05 1.440041761253272323e-01 8.921256258534364381e-02 6.866181156121984319e-01 2.208693673190714746e-01 3.299954483386436255e-03 0.000000000000000000e+00
5.840000000000000000e+05 1.460042341270679778e-01 8.830223031406463086e-02 6.866181156121984319e-01 2.201866181156121871e-01 4.893035958124715423e-03 0.000000000000000000e+00
5.920000000000000000e+05 1.480042921288085012e-01 9.342284934000910646e-02 6.863905325443786509e-01 2.172280382339553950e-01 2.958579881656804664e-03 0.000000000000000000e+00
6.000000000000000000e+05 1.500043501305492466e-01 9.160218479745106668e-02 6.860491579426490905e-01 2.191624943104233114e-01 3.186162949476558769e-03 0.000000000000000000e+00
6.080000000000000000e+05 1.520044081322899920e-01 9.456076467910787264e-02 6.845698680018206250e-01 2.180245789713245452e-01 2.844788347746927612e-03 0.000000000000000000e+00
6.160000000000000000e+05 1.540044661340305154e-01 9.672280382339554228e-02 6.846836595357305155e-01 2.157487482931269851e-01 2.844788347746927612e-03 0.000000000000000000e+00
6.240000000000000000e+05 1.560045241357712609e-01 9.569868001820663883e-02 6.843422849340009551e-01 2.159763313609467383e-01 3.982703686845699004e-03 0.000000000000000000e+00
6.320000000000000000e+05 1.580045821375117843e-01 1.077605826126536159e-01 6.803595812471552318e-01 2.083522985889849910e-01 3.527537551206190360e-03 0.000000000000000000e+00
6.400000000000000000e+05 1.600046401392525297e-01 9.990896677287210148e-02 6.876422394173873354e-01 2.100591715976331264e-01 2.389622212107419402e-03 0.000000000000000000e+00
6.480000000000000000e+05 1.620046981409932751e-01 1.134501593081474746e-01 6.755803368229403860e-01 2.042558033682294050e-01 6.713700500682749130e-03 0.000000000000000000e+00
6.560000000000000000e+05 1.640047561427337985e-01 1.123122439690487084e-01 6.725079654073736757e-01 2.077833409194355940e-01 7.396449704142011444e-03 0.000000000000000000e+00
6.640000000000000000e+05 1.660048141444745440e-01 1.169776968593536637e-01 6.712562585343649912e-01 2.040282203004096517e-01 7.737824305871643035e-03 0.000000000000000000e+00
6.720000000000000000e+05 1.680048721462150674e-01 1.153846153846153910e-01 6.727355484751934567e-01 2.045971779699590487e-01 7.282658170232134826e-03 0.000000000000000000e+00
6.800000000000000000e+05 1.700049301479558128e-01 1.131087847064178448e-01 6.772872098315885214e-01 2.031178880291306388e-01 6.486117432862995025e-03 0.000000000000000000e+00
6.880000000000000000e+05 1.720049881496965583e-01 1.139053254437869811e-01 6.762630860263996180e-01 2.039144287664997612e-01 5.917159763313609329e-03 0.000000000000000000e+00
6.960000000000000000e+05 1.740050461514370816e-01 1.128812016385980915e-01 6.771734182976786309e-01 2.028903049613108855e-01 7.055075102412380721e-03 0.000000000000000000e+00
7.040000000000000000e+05 1.760051041531778271e-01 1.159535730541647741e-01 6.719390077378243342e-01 2.048247610377788019e-01 7.282658170232134826e-03 0.000000000000000000e+00
7.120000000000000000e+05 1.780051621549183505e-01 1.034365043240782905e-01 7.471552116522530707e-01 1.421256258534364936e-01 7.282658170232134826e-03 0.000000000000000000e+00
7.200000000000000000e+05 1.800052201566590959e-01 1.013882567137004975e-01 7.485207100591716456e-01 1.424670004551661373e-01 7.624032771961766417e-03 0.000000000000000000e+00
7.280000000000000000e+05 1.820052781583998414e-01 9.934000910332271839e-02 7.440828402366863603e-01 1.477014110150204895e-01 8.875739644970414427e-03 0.000000000000000000e+00
7.360000000000000000e+05 1.840053361601403648e-01 1.043468365953573035e-01 7.352071005917160118e-01 1.516841147018661851e-01 8.761948111060537808e-03 0.000000000000000000e+00
7.440000000000000000e+05 1.860053941618811102e-01 1.032089212562585373e-01 7.373691397360035982e-01 1.492944924897587622e-01 1.012744651797906244e-02 0.000000000000000000e+00
7.520000000000000000e+05 1.880054521636216336e-01 1.093536640873919025e-01 7.380518889394629412e-01 1.432635411925352875e-01 9.330905780609922637e-03 0.000000000000000000e+00
7.600000000000000000e+05 1.900055101653623790e-01 1.055985434683659602e-01 7.394173873463814051e-01 1.446290395994538069e-01 1.035502958579881741e-02 0.000000000000000000e+00
7.680000000000000000e+05 1.920055681671031245e-01 1.077605826126536159e-01 7.361174328629950248e-01 1.458807464724624359e-01 1.024123805188893906e-02 0.000000000000000000e+00
7.760000000000000000e+05 1.940056261688436479e-01 1.005917159763313612e-01 7.580791989076012261e-01 1.375739644970414288e-01 3.755120619025944465e-03 0.000000000000000000e+00
7.840000000000000000e+05 1.960056841705843933e-01 9.956759217114247162e-02 7.573964497041419941e-01 1.388256713700500578e-01 4.210286754665453109e-03 0.000000000000000000e+00
7.920000000000000000e+05 1.980057421723249167e-01 9.774692762858443185e-02 7.597860719162494725e-01 1.381429221665907980e-01 4.324078288575329727e-03 0.000000000000000000e+00
8.000000000000000000e+05 2.000058001740656621e-01 8.909877105143376719e-02 7.662721893491124536e-01 1.397360036413290985e-01 4.893035958124715423e-03 0.000000000000000000e+00
8.080000000000000000e+05 2.020058581758064076e-01 8.944014565316341092e-02 7.643377332726445372e-01 1.425807919890760000e-01 3.641329085116067413e-03 0.000000000000000000e+00
8.160000000000000000e+05 2.040059161775469310e-01 9.000910332271279402e-02 7.638825671370049752e-01 1.409877105143377274e-01 5.120619025944469528e-03 0.000000000000000000e+00
8.240000000000000000e+05 2.060059741792876764e-01 9.103322712790168358e-02 7.647928994082839882e-01 1.397360036413290985e-01 4.437869822485207214e-03 0.000000000000000000e+00
8.320000000000000000e+05 2.080060321810281998e-01 9.490213928083750250e-02 7.620619025944469493e-01 1.384842967683204418e-01 4.551661356395083832e-03 0.000000000000000000e+00
8.400000000000000000e+05 2.100060901827689452e-01 9.535730541647700897e-02 7.587619481110605690e-01 1.416704597177969871e-01 4.210286754665453109e-03 0.000000000000000000e+00
8.480000000000000000e+05 2.120061481845096907e-01 9.638142922166591242e-02 7.593309057806099105e-01 1.382567137005006885e-01 6.030951297223486815e-03 0.000000000000000000e+00
8.560000000000000000e+05 2.140062061862502141e-01 9.888484296768319803e-02 7.583067819754210070e-01 1.384842967683204418e-01 4.324078288575329727e-03 0.000000000000000000e+00
8.640000000000000000e+05 2.160062641879909595e-01 9.797451069640418508e-02 7.610377787892580459e-01 1.363222576240327721e-01 4.665452890304961318e-03 0.000000000000000000e+00
8.720000000000000000e+05 2.180063221897314829e-01 9.751934456076467861e-02 7.609239872553481554e-01 1.367774237596722786e-01 4.779244424214838804e-03 0.000000000000000000e+00
8.800000000000000000e+05 2.200063801914722283e-01 1.008192990441511144e-01 7.568274920345926526e-01 1.366636322257624159e-01 5.689576695493855224e-03 0.000000000000000000e+00
8.880000000000000000e+05 2.220064381932129738e-01 9.649522075557578904e-02 7.587619481110605690e-01 1.396222121074192080e-01 5.120619025944469528e-03 0.000000000000000000e+00
8.960000000000000000e+05 2.240064961949534972e-01 9.831588529813381494e-02 7.586481565771506785e-01 1.387118798361401950e-01 4.324078288575329727e-03 0.000000000000000000e+00
9.040000000000000000e+05 2.260065541966942426e-01 9.922621756941284177e-02 7.575102412380518846e-01 1.375739644970414288e-01 5.689576695493855224e-03 0.000000000000000000e+00
9.120000000000000000e+05 2.280066121984347660e-01 9.683659535730541890e-02 7.580791989076012261e-01 1.400773782430587144e-01 5.006827492034592909e-03 0.000000000000000000e+00
9.200000000000000000e+05 2.300066702001755115e-01 1.066226672735548497e-01 7.432862994993172379e-01 1.457669549385525731e-01 4.324078288575329727e-03 0.000000000000000000e+00
9.280000000000000000e+05 2.320067282019162569e-01 1.081019572143832458e-01 7.428311333636777869e-01 1.446290395994538069e-01 4.437869822485207214e-03 0.000000000000000000e+00
9.360000000000000000e+05 2.340067862036567803e-01 1.085571233500227523e-01 7.421483841602184439e-01 1.450842057350933134e-01 4.210286754665453109e-03 0.000000000000000000e+00
9.440000000000000000e+05 2.360068442053975257e-01 1.103777878925807920e-01 7.419208010923987739e-01 1.441738734638143005e-01 3.527537551206190360e-03 0.000000000000000000e+00
9.520000000000000000e+05 2.380069022071380491e-01 1.116294947655894348e-01 7.391898042785616241e-01 1.429221665908056438e-01 6.258534365043240920e-03 0.000000000000000000e+00
9.600000000000000000e+05 2.400069602088787946e-01 1.123122439690487084e-01 7.429449248975875664e-01 1.415566681838871244e-01 3.186162949476558769e-03 0.000000000000000000e+00
9.680000000000000000e+05 2.420070182106195400e-01 1.128812016385980915e-01 7.410104688211197610e-01 1.424670004551661373e-01 3.641329085116067413e-03 0.000000000000000000e+00
9.760000000000000000e+05 2.440070762123600634e-01 1.104915794264906687e-01 7.419208010923987739e-01 1.439462903959945472e-01 3.641329085116067413e-03 0.000000000000000000e+00
9.840000000000000000e+05 2.460071342141008088e-01 1.142467000455166110e-01 7.350933090578061213e-01 1.477014110150204895e-01 2.958579881656804664e-03 0.000000000000000000e+00
9.920000000000000000e+05 2.480071922158413322e-01 1.129949931725079681e-01 7.339553937187073274e-01 1.495220755575785154e-01 3.527537551206190360e-03 0.000000000000000000e+00
1.000000000000000000e+06 2.500072502175820777e-01 1.110605370960400518e-01 7.369139736003641472e-01 1.486117432862995025e-01 3.413746017296313308e-03 0.000000000000000000e+00
1.008000000000000000e+06 2.520073082193228231e-01 1.139053254437869811e-01 7.300864815657714946e-01 1.517979062357760478e-01 4.210286754665453109e-03 0.000000000000000000e+00
1.016000000000000000e+06 2.540073662210633465e-01 1.174328629949931702e-01 7.193900773782430091e-01 1.594219390077378229e-01 3.755120619025944465e-03 0.000000000000000000e+00
1.024000000000000000e+06 2.560074242228040919e-01 1.123122439690487084e-01 7.365725989986344757e-01 1.469048702776513393e-01 4.210286754665453109e-03 0.000000000000000000e+00
1.032000000000000000e+06 2.580074822245446153e-01 1.099226217569412856e-01 7.444242148384160318e-01 1.413290851160673711e-01 4.324078288575329727e-03 0.000000000000000000e+00
1.040000000000000000e+06 2.600075402262853608e-01 1.210741920801092358e-01 7.189349112426035582e-01 1.554392353208921274e-01 4.551661356395083832e-03 0.000000000000000000e+00
1.048000000000000000e+06 2.620075982280261062e-01 1.214155666818388657e-01 7.208693673190714746e-01 1.531634046426945950e-01 4.551661356395083832e-03 0.000000000000000000e+00
1.056000000000000000e+06 2.640076562297666296e-01 1.228948566226672756e-01 7.175694128356849832e-01 1.547564861174328676e-01 4.779244424214838804e-03 0.000000000000000000e+00
1.064000000000000000e+06 2.660077142315073750e-01 1.195949021392808398e-01 7.192762858443332297e-01 1.553254437869822369e-01 5.803368229403732710e-03 0.000000000000000000e+00
1.072000000000000000e+06 2.680077722332478984e-01 1.195949021392808398e-01 7.205279927173418031e-01 1.550978607191624836e-01 4.779244424214838804e-03 0.000000000000000000e+00
1.080000000000000000e+06 2.700078302349886439e-01 1.230086481565771522e-01 7.177969959035047642e-01 1.523668639053254448e-01 6.827492034592626616e-03 0.000000000000000000e+00
1.088000000000000000e+06 2.720078882367293893e-01 1.193673190714610866e-01 7.264451524806554428e-01 1.498634501593081592e-01 4.324078288575329727e-03 0.000000000000000000e+00
1.096000000000000000e+06 2.740079462384699127e-01 1.208466090122894826e-01 7.259899863450158808e-01 1.489531178880291185e-01 4.210286754665453109e-03 0.000000000000000000e+00
1.104000000000000000e+06 2.760080042402106582e-01 1.216431497496586189e-01 7.286071916249431402e-01 1.449704142011834229e-01 4.779244424214838804e-03 0.000000000000000000e+00
1.112000000000000000e+06 2.780080622419511815e-01 1.189121529358215801e-01 7.291761492944924816e-01 1.448566226672735602e-01 7.055075102412380721e-03 0.000000000000000000e+00
1.120000000000000000e+06 2.800081202436919270e-01 1.220983158852981393e-01 7.279244424214837972e-01 1.444014565316340537e-01 5.575785161583977738e-03 0.000000000000000000e+00
1.128000000000000000e+06 2.820081782454326724e-01 1.210741920801092358e-01 7.273554847519344557e-01 1.464497041420118328e-01 5.120619025944469528e-03 0.000000000000000000e+00
1.136000000000000000e+06 2.840082362471731958e-01 1.120846609012289552e-01 7.478379608557123026e-01 1.350705507510241155e-01 5.006827492034592909e-03 0.000000000000000000e+00
1.144000000000000000e+06 2.860082942489139413e-01 1.095812471552116557e-01 7.493172507965407680e-01 1.375739644970414288e-01 3.527537551206190360e-03 0.000000000000000000e+00
1.152000000000000000e+06 2.880083522506544647e-01 1.074192080109239861e-01 7.496586253982703285e-01 1.390532544378698110e-01 3.868912152935821518e-03 0.000000000000000000e+00
1.160000000000000000e+06 2.900084102523952101e-01 1.045744196631770567e-01 7.503413746017296715e-01 1.401911697769686049e-01 4.893035958124715423e-03 0.000000000000000000e+00
1.168000000000000000e+06 2.920084682541359555e-01 1.050295857988165632e-01 7.515930814747382449e-01 1.385980883022303045e-01 4.779244424214838804e-03 0.000000000000000000e+00
1.176000000000000000e+06 2.940085262558764789e-01 1.074192080109239861e-01 7.482931269913518646e-01 1.399635867091488517e-01 4.324078288575329727e-03 0.000000000000000000e+00
1.184000000000000000e+06 2.960085842576172244e-01 1.057123350022758368e-01 7.500000000000000000e-01 1.407601274465179741e-01 3.527537551206190360e-03 0.000000000000000000e+00
1.192000000000000000e+06 2.980086422593577478e-01 1.078743741465634925e-01 7.340691852526172179e-01 1.537323623122439642e-01 4.324078288575329727e-03 0.000000000000000000e+00
1.200000000000000000e+06 3.000087002610984932e-01 9.649522075557578904e-02 7.519344560764679164e-01 1.477014110150204895e-01 3.868912152935821518e-03 0.000000000000000000e+00
1.208000000000000000e+06 3.020087582628392386e-01 9.968138370505234824e-02 7.504551661356395620e-01 1.488393263541192557e-01 1.024123805188893906e-03 0.000000000000000000e+00
1.216000000000000000e+06 3.040088162645797620e-01 9.979517523896222486e-02 7.431725079654073474e-01 1.550978607191624836e-01 1.934456076467910759e-03 0.000000000000000000e+00
1.224000000000000000e+06 3.060088742663205075e-01 1.009330905780609910e-01 7.402139280837505275e-01 1.572598998634501533e-01 1.593081474738279385e-03 0.000000000000000000e+00
1.232000000000000000e+06 3.080089322680610309e-01 1.007055075102412378e-01 7.390760127446518446e-01 1.576012744651797970e-01 2.617205279927173507e-03 0.000000000000000000e+00
1.240000000000000000e+06 3.100089902698017763e-01 1.032089212562585373e-01 7.390760127446518446e-01 1.556668183887118806e-01 2.048247610377787811e-03 0.000000000000000000e+00
1.248000000000000000e+06 3.120090482715425217e-01 9.740555302685480199e-02 7.402139280837505275e-01 1.593081474738279601e-01 3.072371415566681717e-03 0.000000000000000000e+00
1.256000000000000000e+06 3.140091062732830451e-01 1.005917159763313612e-01 7.390760127446518446e-01 1.577150659990896597e-01 2.617205279927173507e-03 0.000000000000000000e+00
1.264000000000000000e+06 3.160091642750237906e-01 1.012744651797906209e-01 7.385070550751023921e-01 1.578288575329995502e-01 2.389622212107419402e-03 0.000000000000000000e+00
1.272000000000000000e+06 3.180092222767643140e-01 9.945380063723259501e-02 7.379380974055530507e-01 1.591943559399180697e-01 3.413746017296313308e-03 0.000000000000000000e+00
1.280000000000000000e+06 3.200092802785050594e-01 1.029813381884387841e-01 7.377105143377332697e-01 1.573736913973600438e-01 1.934456076467910759e-03 0.000000000000000000e+00
1.288000000000000000e+06 3.220093382802458049e-01 1.021847974510696339e-01 7.380518889394629412e-01 1.569185252617205373e-01 2.844788347746927612e-03 0.000000000000000000e+00
1.296000000000000000e+06 3.240093962819863282e-01 1.002503413746017313e-01 7.371415566681839282e-01 1.590805644060081792e-01 3.527537551206190360e-03 0.000000000000000000e+00
1.304000000000000000e+06 3.260094542837270737e-01 9.888484296768319803e-02 7.382794720072826111e-01 1.594219390077378229e-01 3.413746017296313308e-03 0.000000000000000000e+00
1.312000000000000000e+06 3.280095122854675971e-01 1.001365498406918547e-01 7.393035958124715146e-01 1.574874829312699065e-01 3.072371415566681717e-03 0.000000000000000000e+00
1.320000000000000000e+06 3.300095702872083425e-01 9.786071916249430847e-02 7.461310878470641672e-01 1.538461538461538547e-01 2.162039144287664864e-03 0.000000000000000000e+00
1.328000000000000000e+06 3.320096282889490880e-01 9.899863450159307465e-02 7.453345471096950448e-01 1.530496131087847045e-01 2.617205279927173507e-03 0.000000000000000000e+00
1.336000000000000000e+06 3.340096862906896114e-01 9.899863450159307465e-02 7.445380063723259223e-01 1.531634046426945950e-01 3.299954483386436255e-03 0.000000000000000000e+00
1.344000000000000000e+06 3.360097442924303568e-01 9.956759217114247162e-02 7.456759217114247162e-01 1.521392808375056915e-01 2.617205279927173507e-03 0.000000000000000000e+00
1.352000000000000000e+06 3.380098022941708802e-01 1.005917159763313612e-01 7.448793809740554828e-01 1.507737824305871721e-01 3.755120619025944465e-03 0.000000000000000000e+00
1.360000000000000000e+06 3.400098602959116256e-01 1.001365498406918547e-01 7.445380063723259223e-01 1.523668639053254448e-01 2.958579881656804664e-03 0.000000000000000000e+00
1.368000000000000000e+06 3.420099182976523711e-01 1.040054619936276736e-01 7.424897587619481154e-01 1.497496586253982687e-01 3.755120619025944465e-03 0.000000000000000000e+00
1.376000000000000000e+06 3.440099762993928945e-01 1.025261720527992776e-01 7.430587164314974569e-01 1.515703231679562946e-01 2.844788347746927612e-03 0.000000000000000000e+00
1.384000000000000000e+06 3.460100343011336399e-01 1.029813381884387841e-01 7.426035502958580059e-01 1.512289485662266786e-01 3.186162949476558769e-03 0.000000000000000000e+00
1.392000000000000000e+06 3.480100923028741633e-01 1.028675466545289074e-01 7.424897587619481154e-01 1.502048247610377751e-01 4.437869822485207214e-03 0.000000000000000000e+00
1.400000000000000000e+06 3.500101503046149087e-01 1.030951297223486607e-01 7.427173418297678964e-01 1.495220755575785154e-01 4.665452890304961318e-03 0.000000000000000000e+00
1.408000000000000000e+06 3.520102083063556542e-01 1.027537551206190308e-01 7.444242148384160318e-01 1.499772416932180219e-01 2.844788347746927612e-03 0.000000000000000000e+00
1.416000000000000000e+06 3.540102663080961776e-01 9.786071916249430847e-02 7.463586709148839482e-01 1.508875739644970349e-01 4.893035958124715423e-03 0.000000000000000000e+00
1.424000000000000000e+06 3.560103243098369230e-01 1.027537551206190308e-01 7.439690487027764698e-01 1.505461993627674189e-01 2.730996813837050560e-03 0.000000000000000000e+00
1.432000000000000000e+06 3.580103823115774464e-01 1.019572143832498806e-01 7.448793809740554828e-01 1.496358670914884059e-01 3.527537551206190360e-03 0.000000000000000000e+00
1.440000000000000000e+06 3.600104403133181918e-01 1.026399635867091542e-01 7.424897587619481154e-01 1.503186162949476656e-01 4.551661356395083832e-03 0.000000000000000000e+00
1.448000000000000000e+06 3.620104983150589373e-01 1.025261720527992776e-01 7.464724624487938387e-01 1.444014565316340537e-01 6.599908966772872511e-03 0.000000000000000000e+00
1.456000000000000000e+06 3.640105563167994607e-01 1.074192080109239861e-01 7.154073736913973969e-01 1.698907601274465273e-01 7.282658170232134826e-03 0.000000000000000000e+00
1.464000000000000000e+06 3.660106143185402061e-01 1.025261720527992776e-01 7.191624943104233392e-01 1.727355484751934567e-01 5.575785161583977738e-03 0.000000000000000000e+00
1.472000000000000000e+06 3.680106723202807295e-01 1.046882111970869333e-01 7.163177059626764098e-01 1.725079654073737034e-01 6.486117432862995025e-03 0.000000000000000000e+00
1.480000000000000000e+06 3.700107303220214749e-01 1.032089212562585373e-01 7.185935366408738867e-01 1.712562585343650468e-01 6.941283568502503235e-03 0.000000000000000000e+00
1.488000000000000000e+06 3.720107883237622204e-01 1.068502503413746030e-01 7.175694128356849832e-01 1.695493855257168836e-01 6.030951297223486815e-03 0.000000000000000000e+00
1.496000000000000000e+06 3.740108463255027438e-01 1.048020027309968100e-01 7.149522075557578349e-01 1.736458807464724696e-01 6.599908966772872511e-03 0.000000000000000000e+00
1.504000000000000000e+06 3.760109043272434892e-01 1.129949931725079681e-01 7.094902139280837572e-01 1.718252162039144160e-01 5.689576695493855224e-03 0.000000000000000000e+00
1.512000000000000000e+06 3.780109623289840126e-01 1.299499317250796537e-01 6.968593536640873554e-01 1.696631770596267741e-01 3.527537551206190360e-03 0.000000000000000000e+00
1.520000000000000000e+06 3.800110203307247581e-01 1.326809285389166926e-01 6.973145197997269173e-01 1.665908056440600915e-01 3.413746017296313308e-03 0.000000000000000000e+00
1.528000000000000000e+06 3.820110783324655035e-01 1.325671370050068298e-01 6.989076012744651623e-01 1.656804733727810786e-01 2.844788347746927612e-03 0.000000000000000000e+00
1.536000000000000000e+06 3.840111363342060269e-01 1.332498862084660896e-01 6.976558944014564778e-01 1.663632225762403383e-01 2.730996813837050560e-03 0.000000000000000000e+00
1.544000000000000000e+06 3.860111943359467723e-01 1.297223486572599005e-01 7.030040964952207760e-01 1.642011834319526686e-01 3.072371415566681717e-03 0.000000000000000000e+00
1.552000000000000000e+06 3.880112523376872957e-01 1.346153846153846090e-01 6.998179335457441752e-01 1.637460172963131622e-01 1.820664542558033706e-03 0.000000000000000000e+00
1.560000000000000000e+06 3.900113103394282632e-01 1.329085116067364458e-01 7.030040964952207760e-01 1.619253527537551085e-01 2.162039144287664864e-03 0.000000000000000000e+00
1.568000000000000000e+06 3.920113683411687866e-01 1.335912608101957333e-01 7.035730541647701175e-01 1.602184797451069731e-01 2.617205279927173507e-03 0.000000000000000000e+00
1.576000000000000000e+06 3.940114263429095320e-01 1.315430131998179264e-01 7.033454710969503365e-01 1.629494765589440120e-01 2.162039144287664864e-03 0.000000000000000000e+00
1.584000000000000000e+06 3.960114843446500554e-01 1.346153846153846090e-01 7.017523896222120916e-01 1.615839781520254925e-01 2.048247610377787811e-03 0.000000000000000000e+00
1.592000000000000000e+06 3.980115423463908009e-01 1.323395539371870766e-01 7.015248065543923106e-01 1.636322257624032717e-01 2.503413746017296455e-03 0.000000000000000000e+00
1.600000000000000000e+06 4.000116003481315463e-01 1.332498862084660896e-01 7.008420573509330787e-01 1.624943104233045055e-01 3.413746017296313308e-03 0.000000000000000000e+00
1.608000000000000000e+06 4.020116583498720697e-01 1.232362312243969055e-01 7.025489303595812141e-01 1.710286754665452935e-01 3.186162949476558769e-03 0.000000000000000000e+00
1.616000000000000000e+06 4.040117163516128151e-01 1.251706873008648080e-01 6.968593536640873554e-01 1.744424214838415921e-01 3.527537551206190360e-03 0.000000000000000000e+00
1.624000000000000000e+06 4.060117743533533385e-01 1.203914428766499761e-01 6.972007282658170269e-01 1.778561675011379184e-01 4.551661356395083832e-03 0.000000000000000000e+00
1.632000000000000000e+06 4.080118323550940840e-01 1.181156121984524299e-01 6.990213928083750528e-01 1.787664997724169313e-01 4.096495220755575623e-03 0.000000000000000000e+00
1.640000000000000000e+06 4.100118903568348294e-01 1.220983158852981393e-01 6.886663632225762388e-01 1.840009103322712836e-01 5.234410559854347014e-03 0.000000000000000000e+00
1.648000000000000000e+06 4.120119483585753528e-01 1.202776513427400995e-01 6.915111515703231682e-01 1.840009103322712836e-01 4.210286754665453109e-03 0.000000000000000000e+00
1.656000000000000000e+06 4.140120063603160983e-01 1.206190259444697294e-01 6.906008192990441552e-01 1.849112426035502965e-01 3.868912152935821518e-03 0.000000000000000000e+00
1.664000000000000000e+06 4.160120643620566216e-01 1.267637687756031084e-01 6.747837960855712636e-01 1.933318161128811941e-01 5.120619025944469528e-03 0.000000000000000000e+00
1.672000000000000000e+06 4.180121223637973671e-01 1.259672280382339582e-01 6.746700045516613731e-01 1.943559399180700975e-01 5.006827492034592909e-03 0.000000000000000000e+00
1.680000000000000000e+06 4.200121803655381125e-01 1.274465179790623681e-01 6.746700045516613731e-01 1.937869822485207005e-01 4.096495220755575623e-03 0.000000000000000000e+00
1.688000000000000000e+06 4.220122383672786359e-01 1.292671825216203940e-01 6.723941738734637852e-01 1.924214838416021811e-01 5.917159763313609329e-03 0.000000000000000000e+00
1.696000000000000000e+06 4.240122963690193814e-01 1.299499317250796537e-01 6.720527992717342247e-01 1.940145653163404538e-01 3.982703686845699004e-03 0.000000000000000000e+00
1.704000000000000000e+06 4.260123543707599048e-01 1.318843878015475701e-01 6.689804278561675144e-01 1.956076467910787542e-01 3.527537551206190360e-03 0.000000000000000000e+00
1.712000000000000000e+06 4.280124123725006502e-01 1.322257624032771861e-01 6.664770141101502565e-01 1.968593536640873831e-01 4.437869822485207214e-03 0.000000000000000000e+00
1.720000000000000000e+06 4.300124703742413956e-01 1.323395539371870766e-01 6.643149749658625591e-01 1.985662266727355463e-01 4.779244424214838804e-03 0.000000000000000000e+00
1.728000000000000000e+06 4.320125283759819190e-01 1.382567137005006885e-01 6.573736913973600160e-01 1.987938097405552995e-01 5.575785161583977738e-03 0.000000000000000000e+00
1.736000000000000000e+06 4.340125863777226645e-01 1.396222121074192080e-01 6.259672280382339027e-01 2.290623577605826189e-01 5.348202093764223633e-03 0.000000000000000000e+00
1.744000000000000000e+06 4.360126443794631879e-01 1.406463359126081114e-01 6.261948111060536837e-01 2.274692762858443462e-01 5.689576695493855224e-03 0.000000000000000000e+00
1.752000000000000000e+06 4.380127023812039333e-01 1.414428766499772339e-01 6.250568957669548897e-01 2.286071916249431124e-01 4.893035958124715423e-03 0.000000000000000000e+00
1.760000000000000000e+06 4.400127603829446787e-01 1.424670004551661373e-01 6.249431042330451103e-01 2.259899863450159363e-01 6.599908966772872511e-03 0.000000000000000000e+00
1.768000000000000000e+06 4.420128183846852021e-01 1.490669094219390090e-01 6.036640873918980299e-01 2.422621756941283622e-01 5.006827492034592909e-03 0.000000000000000000e+00
1.776000000000000000e+06 4.440128763864259476e-01 1.474738279472007363e-01 6.085571233500227661e-01 2.396449704142011861e-01 4.324078288575329727e-03 0.000000000000000000e+00
1.784000000000000000e+06 4.460129343881664710e-01 1.549840691852526209e-01 6.018434228493400040e-01 2.388484296768320359e-01 4.324078288575329727e-03 0.000000000000000000e+00
1.792000000000000000e+06 4.480129923899072164e-01 1.531634046426945950e-01 6.008192990441511006e-01 2.414656349567592120e-01 4.551661356395083832e-03 0.000000000000000000e+00
1.800000000000000000e+06 4.500130503916479618e-01 1.565771506599908935e-01 6.016158397815202230e-01 2.385070550751024199e-01 3.299954483386436255e-03 0.000000000000000000e+00
1.808000000000000000e+06 4.520131083933884852e-01 1.587391898042785632e-01 6.007055075102412101e-01 2.366863905325443662e-01 3.868912152935821518e-03 0.000000000000000000e+00
1.816000000000000000e+06 4.540131663951292307e-01 1.580564406008193035e-01 5.999089667728720876e-01 2.388484296768320359e-01 3.186162949476558769e-03 0.000000000000000000e+00
