# itime ezz other fcc hcp bcc ico
0.000000000000000000e+00 0.000000000000000000e+00 0.000000000000000000e+00 1.000000000000000000e+00 0.000000000000000000e+00 0.000000000000000000e+00 0.000000000000000000e+00
4.000000000000000000e+03 9.999757934620046029e-04 0.000000000000000000e+00 1.000000000000000000e+00 0.000000000000000000e+00 0.000000000000000000e+00 0.000000000000000000e+00
8.000000000000000000e+03 1.999951586924009206e-03 0.000000000000000000e+00 1.000000000000000000e+00 0.000000000000000000e+00 0.000000000000000000e+00 0.000000000000000000e+00
1.200000000000000000e+04 2.999927380386013809e-03 0.000000000000000000e+00 1.000000000000000000e+00 0.000000000000000000e+00 0.000000000000000000e+00 0.000000000000000000e+00
1.600000000000000000e+04 3.999903173848018412e-03 0.000000000000000000e+00 1.000000000000000000e+00 0.000000000000000000e+00 0.000000000000000000e+00 0.000000000000000000e+00
2.000000000000000000e+04 4.999878967310245059e-03 0.000000000000000000e+00 1.000000000000000000e+00 0.000000000000000000e+00 0.000000000000000000e+00 0.000000000000000000e+00
2.400000000000000000e+04 5.999854760772249662e-03 0.000000000000000000e+00 1.000000000000000000e+00 0.000000000000000000e+00 0.000000000000000000e+00 0.000000000000000000e+00
2.800000000000000000e+04 6.999830554234254265e-03 0.000000000000000000e+00 1.000000000000000000e+00 0.000000000000000000e+00 0.000000000000000000e+00 0.000000000000000000e+00
3.200000000000000000e+04 7.999806347696258868e-03 0.000000000000000000e+00 1.000000000000000000e+00 0.000000000000000000e+00 0.000000000000000000e+00 0.000000000000000000e+00
3.600000000000000000e+04 8.999782141158263471e-03 0.000000000000000000e+00 1.000000000000000000e+00 0.000000000000000000e+00 0.000000000000000000e+00 0.000000000000000000e+00
4.000000000000000000e+04 9.999757934620268074e-03 0.000000000000000000e+00 1.000000000000000000e+00 0.000000000000000000e+00 0.000000000000000000e+00 0.000000000000000000e+00
4.400000000000000000e+04 1.099973372808227268e-02 0.000000000000000000e+00 1.000000000000000000e+00 0.000000000000000000e+00 0.000000000000000000e+00 0.000000000000000000e+00
4.800000000000000000e+04 1.199970952154427728e-02 0.000000000000000000e+00 1.000000000000000000e+00 0.000000000000000000e+00 0.000000000000000000e+00 0.000000000000000000e+00
5.200000000000000000e+04 1.299968531500650393e-02 0.000000000000000000e+00 1.000000000000000000e+00 0.000000000000000000e+00 0.000000000000000000e+00 0.000000000000000000e+00
5.600000000000000000e+04 1.399966110846850853e-02 0.000000000000000000e+00 1.000000000000000000e+00 0.000000000000000000e+00 0.000000000000000000e+00 0.000000000000000000e+00
6.000000000000000000e+04 1.499963690193051313e-02 0.000000000000000000e+00 1.000000000000000000e+00 0.000000000000000000e+00 0.000000000000000000e+00 0.000000000000000000e+00
6.400000000000000000e+04 1.599961269539251774e-02 0.000000000000000000e+00 1.000000000000000000e+00 0.000000000000000000e+00 0.000000000000000000e+00 0.000000000000000000e+00
6.800000000000000000e+04 1.699958848885452234e-02 0.000000000000000000e+00 1.000000000000000000e+00 0.000000000000000000e+00 0.000000000000000000e+00 0.000000000000000000e+00
7.200000000000000000e+04 1.799956428231652694e-02 0.000000000000000000e+00 1.000000000000000000e+00 0.000000000000000000e+00 0.000000000000000000e+00 0.000000000000000000e+00
7.600000000000000000e+04 1.899954007577853154e-02 0.000000000000000000e+00 1.000000000000000000e+00 0.000000000000000000e+00 0.000000000000000000e+00 0.000000000000000000e+00
8.000000000000000000e+04 1.999951586924053615e-02 0.000000000000000000e+00 1.000000000000000000e+00 0.000000000000000000e+00 0.000000000000000000e+00 0.000000000000000000e+00
8.400000000000000000e+04 2.099949166270276280e-02 0.000000000000000000e+00 1.000000000000000000e+00 0.000000000000000000e+00 0.000000000000000000e+00 0.000000000000000000e+00
8.800000000000000000e+04 2.199946745616476740e-02 0.000000000000000000e+00 1.000000000000000000e+00 0.000000000000000000e+00 0.000000000000000000e+00 0.000000000000000000e+00
9.200000000000000000e+04 2.299944324962677200e-02 0.000000000000000000e+00 1.000000000000000000e+00 0.000000000000000000e+00 0.000000000000000000e+00 0.000000000000000000e+00
9.600000000000000000e+04 2.399941904308877660e-02 0.000000000000000000e+00 1.000000000000000000e+00 0.000000000000000000e+00 0.000000000000000000e+00 0.000000000000000000e+00
1.000000000000000000e+05 2.499939483655078121e-02 0.000000000000000000e+00 1.000000000000000000e+00 0.000000000000000000e+00 0.000000000000000000e+00 0.000000000000000000e+00
1.040000000000000000e+05 2.599937063001278581e-02 0.000000000000000000e+00 1.000000000000000000e+00 0.000000000000000000e+00 0.000000000000000000e+00 0.000000000000000000e+00
1.080000000000000000e+05 2.699934642347479041e-02 0.000000000000000000e+00 1.000000000000000000e+00 0.000000000000000000e+00 0.000000000000000000e+00 0.000000000000000000e+00
1.120000000000000000e+05 2.799932221693679502e-02 0.000000000000000000e+00 1.000000000000000000e+00 0.000000000000000000e+00 0.000000000000000000e+00 0.000000000000000000e+00
1.160000000000000000e+05 2.899929801039879962e-02 0.000000000000000000e+00 1.000000000000000000e+00 0.000000000000000000e+00 0.000000000000000000e+00 0.000000000000000000e+00
1.200000000000000000e+05 2.999927380386102627e-02 0.000000000000000000e+00 1.000000000000000000e+00 0.000000000000000000e+00 0.000000000000000000e+00 0.000000000000000000e+00
1.240000000000000000e+05 3.099924959732303087e-02 0.000000000000000000e+00 1.000000000000000000e+00 0.000000000000000000e+00 0.000000000000000000e+00 0.000000000000000000e+00
1.280000000000000000e+05 3.199922539078503547e-02 0.000000000000000000e+00 1.000000000000000000e+00 0.000000000000000000e+00 0.000000000000000000e+00 0.000000000000000000e+00
1.320000000000000000e+05 3.299920118424704008e-02 0.000000000000000000e+00 1.000000000000000000e+00 0.000000000000000000e+00 0.000000000000000000e+00 0.000000000000000000e+00
1.360000000000000000e+05 3.399917697770904468e-02 0.000000000000000000e+00 1.000000000000000000e+00 0.000000000000000000e+00 0.000000000000000000e+00 0.000000000000000000e+00
1.400000000000000000e+05 3.499915277117104928e-02 0.000000000000000000e+00 1.000000000000000000e+00 0.000000000000000000e+00 0.000000000000000000e+00 0.000000000000000000e+00
1.440000000000000000e+05 3.599912856463305388e-02 0.000000000000000000e+00 1.000000000000000000e+00 0.000000000000000000e+00 0.000000000000000000e+00 0.000000000000000000e+00
1.480000000000000000e+05 3.699910435809505849e-02 0.000000000000000000e+00 1.000000000000000000e+00 0.000000000000000000e+00 0.000000000000000000e+00 0.000000000000000000e+00
1.520000000000000000e+05 3.799908015155728513e-02 0.000000000000000000e+00 1.000000000000000000e+00 0.000000000000000000e+00 0.000000000000000000e+00 0.000000000000000000e+00
1.560000000000000000e+05 3.899905594501928974e-02 0.000000000000000000e+00 1.000000000000000000e+00 0.000000000000000000e+00 0.000000000000000000e+00 0.000000000000000000e+00
1.600000000000000000e+05 3.999903173848129434e-02 0.000000000000000000e+00 1.000000000000000000e+00 0.000000000000000000e+00 0.000000000000000000e+00 0.000000000000000000e+00
1.640000000000000000e+05 4.099900753194329894e-02 0.000000000000000000e+00 1.000000000000000000e+00 0.000000000000000000e+00 0.000000000000000000e+00 0.000000000000000000e+00
1.680000000000000000e+05 4.199898332540530355e-02 0.000000000000000000e+00 1.000000000000000000e+00 0.000000000000000000e+00 0.000000000000000000e+00 0.000000000000000000e+00
1.720000000000000000e+05 4.299895911886730815e-02 0.000000000000000000e+00 1.000000000000000000e+00 0.000000000000000000e+00 0.000000000000000000e+00 0.000000000000000000e+00
1.760000000000000000e+05 4.399893491232931275e-02 0.000000000000000000e+00 1.000000000000000000e+00 0.000000000000000000e+00 0.000000000000000000e+00 0.000000000000000000e+00
1.800000000000000000e+05 4.499891070579131735e-02 0.000000000000000000e+00 1.000000000000000000e+00 0.000000000000000000e+00 0.000000000000000000e+00 0.000000000000000000e+00
1.840000000000000000e+05 4.599888649925354400e-02 0.000000000000000000e+00 1.000000000000000000e+00 0.000000000000000000e+00 0.000000000000000000e+00 0.000000000000000000e+00
1.880000000000000000e+05 4.699886229271554861e-02 0.000000000000000000e+00 1.000000000000000000e+00 0.000000000000000000e+00 0.000000000000000000e+00 0.000000000000000000e+00
1.920000000000000000e+05 4.799883808617755321e-02 0.000000000000000000e+00 1.000000000000000000e+00 0.000000000000000000e+00 0.000000000000000000e+00 0.000000000000000000e+00
1.960000000000000000e+05 4.899881387963955781e-02 0.000000000000000000e+00 1.000000000000000000e+00 0.000000000000000000e+00 0.000000000000000000e+00 0.000000000000000000e+00
2.000000000000000000e+05 4.999878967310156241e-02 0.000000000000000000e+00 1.000000000000000000e+00 0.000000000000000000e+00 0.000000000000000000e+00 0.000000000000000000e+00
2.040000000000000000e+05 5.099876546656356702e-02 0.000000000000000000e+00 1.000000000000000000e+00 0.000000000000000000e+00 0.000000000000000000e+00 0.000000000000000000e+00
2.080000000000000000e+05 5.199874126002557162e-02 0.000000000000000000e+00 1.000000000000000000e+00 0.000000000000000000e+00 0.000000000000000000e+00 0.000000000000000000e+00
2.120000000000000000e+05 5.299871705348757622e-02 0.000000000000000000e+00 1.000000000000000000e+00 0.000000000000000000e+00 0.000000000000000000e+00 0.000000000000000000e+00
2.160000000000000000e+05 5.399869284694958083e-02 0.000000000000000000e+00 1.000000000000000000e+00 0.000000000000000000e+00 0.000000000000000000e+00 0.000000000000000000e+00
2.200000000000000000e+05 5.499866864041180747e-02 0.000000000000000000e+00 1.000000000000000000e+00 0.000000000000000000e+00 0.000000000000000000e+00 0.000000000000000000e+00
2.240000000000000000e+05 5.599864443387381208e-02 0.000000000000000000e+00 1.000000000000000000e+00 0.000000000000000000e+00 0.000000000000000000e+00 0.000000000000000000e+00
2.280000000000000000e+05 5.699862022733581668e-02 0.000000000000000000e+00 1.000000000000000000e+00 0.000000000000000000e+00 0.000000000000000000e+00 0.000000000000000000e+00
2.320000000000000000e+05 5.799859602079782128e-02 0.000000000000000000e+00 1.000000000000000000e+00 0.000000000000000000e+00 0.000000000000000000e+00 0.000000000000000000e+00
2.360000000000000000e+05 5.899857181425982589e-02 0.000000000000000000e+00 1.000000000000000000e+00 0.000000000000000000e+00 0.000000000000000000e+00 0.000000000000000000e+00
2.400000000000000000e+05 5.999854760772183049e-02 0.000000000000000000e+00 1.000000000000000000e+00 0.000000000000000000e+00 0.000000000000000000e+00 0.000000000000000000e+00
2.440000000000000000e+05 6.099852340118383509e-02 0.000000000000000000e+00 1.000000000000000000e+00 0.000000000000000000e+00 0.000000000000000000e+00 0.000000000000000000e+00
2.480000000000000000e+05 6.199849919464583969e-02 0.000000000000000000e+00 1.000000000000000000e+00 0.000000000000000000e+00 0.000000000000000000e+00 0.000000000000000000e+00
2.520000000000000000e+05 6.299847498810806634e-02 0.000000000000000000e+00 1.000000000000000000e+00 0.000000000000000000e+00 0.000000000000000000e+00 0.000000000000000000e+00
2.560000000000000000e+05 6.399845078157007094e-02 0.000000000000000000e+00 1.000000000000000000e+00 0.000000000000000000e+00 0.000000000000000000e+00 0.000000000000000000e+00
2.600000000000000000e+05 6.499842657503207555e-02 0.000000000000000000e+00 1.000000000000000000e+00 0.000000000000000000e+00 0.000000000000000000e+00 0.000000000000000000e+00
2.640000000000000000e+05 6.599840236849408015e-02 0.000000000000000000e+00 1.000000000000000000e+00 0.000000000000000000e+00 0.000000000000000000e+00 0.000000000000000000e+00
2.680000000000000000e+05 6.699837816195608475e-02 0.000000000000000000e+00 1.000000000000000000e+00 0.000000000000000000e+00 0.000000000000000000e+00 0.000000000000000000e+00
2.720000000000000000e+05 6.799835395541808936e-02 0.000000000000000000e+00 1.000000000000000000e+00 0.000000000000000000e+00 0.000000000000000000e+00 0.000000000000000000e+00
2.760000000000000000e+05 6.899832974888009396e-02 0.000000000000000000e+00 1.000000000000000000e+00 0.000000000000000000e+00 0.000000000000000000e+00 0.000000000000000000e+00
2.800000000000000000e+05 6.999830554234209856e-02 0.000000000000000000e+00 1.000000000000000000e+00 0.000000000000000000e+00 0.000000000000000000e+00 0.000000000000000000e+00
2.840000000000000000e+05 7.099828133580410316e-02 0.000000000000000000e+00 1.000000000000000000e+00 0.000000000000000000e+00 0.000000000000000000e+00 0.000000000000000000e+00
2.880000000000000000e+05 7.199825712926632981e-02 0.000000000000000000e+00 1.000000000000000000e+00 0.000000000000000000e+00 0.000000000000000000e+00 0.000000000000000000e+00
2.920000000000000000e+05 7.299823292272833442e-02 2.275830678197542133e-04 9.997724169321802190e-01 0.000000000000000000e+00 0.000000000000000000e+00 0.000000000000000000e+00
2.960000000000000000e+05 7.399820871619033902e-02 0.000000000000000000e+00 1.000000000000000000e+00 0.000000000000000000e+00 0.000000000000000000e+00 0.000000000000000000e+00
3.000000000000000000e+05 7.499818450965234362e-02 0.000000000000000000e+00 1.000000000000000000e+00 0.000000000000000000e+00 0.000000000000000000e+00 0.000000000000000000e+00
3.040000000000000000e+05 7.599816030311434822e-02 0.000000000000000000e+00 1.000000000000000000e+00 0.000000000000000000e+00 0.000000000000000000e+00 0.000000000000000000e+00
3.080000000000000000e+05 7.699813609657635283e-02 9.103322712790168532e-04 9.990896677287209870e-01 0.000000000000000000e+00 0.000000000000000000e+00 0.000000000000000000e+00
3.120000000000000000e+05 7.799811189003835743e-02 4.551661356395084266e-04 9.993172507965407680e-01 0.000000000000000000e+00 2.275830678197542133e-04 0.000000000000000000e+00
3.160000000000000000e+05 7.899808768350036203e-02 3.413746017296313199e-04 9.996586253982703285e-01 0.000000000000000000e+00 0.000000000000000000e+00 0.000000000000000000e+00
3.200000000000000000e+05 7.999806347696258868e-02 1.137915339098771066e-04 9.998862084660901095e-01 0.000000000000000000e+00 0.000000000000000000e+00 0.000000000000000000e+00
3.240000000000000000e+05 8.099803927042459328e-02 0.000000000000000000e+00 1.000000000000000000e+00 0.000000000000000000e+00 0.000000000000000000e+00 0.000000000000000000e+00
3.280000000000000000e+05 8.199801506388659789e-02 9.103322712790168532e-04 9.989758761948110966e-01 0.000000000000000000e+00 1.137915339098771066e-04 0.000000000000000000e+00
3.320000000000000000e+05 8.299799085734860249e-02 6.827492034592626399e-04 9.993172507965407680e-01 0.000000000000000000e+00 0.000000000000000000e+00 0.000000000000000000e+00
3.360000000000000000e+05 8.399796665081060709e-02 4.551661356395084266e-04 9.995448338643604380e-01 0.000000000000000000e+00 0.000000000000000000e+00 0.000000000000000000e+00
3.400000000000000000e+05 8.499794244427261170e-02 4.551661356395084266e-04 9.995448338643604380e-01 0.000000000000000000e+00 0.000000000000000000e+00 0.000000000000000000e+00
3.440000000000000000e+05 8.599791823773461630e-02 1.593081474738279385e-03 9.981793354574419741e-01 0.000000000000000000e+00 2.275830678197542133e-04 0.000000000000000000e+00
3.480000000000000000e+05 8.699789403119662090e-02 1.251706873008648227e-03 9.987482931269913156e-01 0.000000000000000000e+00 0.000000000000000000e+00 0.000000000000000000e+00
3.520000000000000000e+05 8.799786982465884755e-02 1.251706873008648227e-03 9.987482931269913156e-01 0.000000000000000000e+00 0.000000000000000000e+00 0.000000000000000000e+00
3.560000000000000000e+05 8.899784561812085215e-02 2.275830678197542133e-04 9.997724169321802190e-01 0.000000000000000000e+00 0.000000000000000000e+00 0.000000000000000000e+00
3.600000000000000000e+05 8.999782141158285675e-02 1.593081474738279385e-03 9.984069185252617551e-01 0.000000000000000000e+00 0.000000000000000000e+00 0.000000000000000000e+00
3.640000000000000000e+05 9.099779720504486136e-02 4.551661356395084266e-04 9.995448338643604380e-01 0.000000000000000000e+00 0.000000000000000000e+00 0.000000000000000000e+00
3.680000000000000000e+05 9.199777299850686596e-02 1.479289940828402332e-03 9.985207100591716456e-01 0.000000000000000000e+00 0.000000000000000000e+00 0.000000000000000000e+00
3.720000000000000000e+05 9.299774879196887056e-02 2.048247610377787811e-03 9.979517523896221931e-01 0.000000000000000000e+00 0.000000000000000000e+00 0.000000000000000000e+00
3.760000000000000000e+05 9.399772458543087517e-02 1.706873008648156654e-03 9.980655439235320836e-01 0.000000000000000000e+00 2.275830678197542133e-04 0.000000000000000000e+00
3.800000000000000000e+05 9.499770037889287977e-02 2.503413746017296455e-03 9.972690031861629611e-01 0.000000000000000000e+00 2.275830678197542133e-04 0.000000000000000000e+00
3.840000000000000000e+05 9.599767617235488437e-02 1.706873008648156654e-03 9.979517523896221931e-01 0.000000000000000000e+00 3.413746017296313199e-04 0.000000000000000000e+00
3.880000000000000000e+05 9.699765196581711102e-02 1.593081474738279385e-03 9.982931269913518646e-01 0.000000000000000000e+00 1.137915339098771066e-04 0.000000000000000000e+00
3.920000000000000000e+05 9.799762775927911562e-02 1.820664542558033706e-03 9.980655439235320836e-01 0.000000000000000000e+00 1.137915339098771066e-04 0.000000000000000000e+00
3.960000000000000000e+05 9.899760355274112023e-02 2.048247610377787811e-03 9.977241693218024121e-01 0.000000000000000000e+00 2.275830678197542133e-04 0.000000000000000000e+00
4.000000000000000000e+05 9.999757934620312483e-02 1.706873008648156654e-03 9.981793354574419741e-01 0.000000000000000000e+00 1.137915339098771066e-04 0.000000000000000000e+00
4.040000000000000000e+05 1.009975551396651294e-01 4.893035958124715423e-03 9.947655894401457033e-01 0.000000000000000000e+00 3.413746017296313199e-04 0.000000000000000000e+00
4.080000000000000000e+05 1.019975309331271340e-01 3.299954483386436255e-03 9.964724624487938387e-01 0.000000000000000000e+00 2.275830678197542133e-04 0.000000000000000000e+00
4.120000000000000000e+05 1.029975067265891386e-01 4.779244424214838804e-03 9.945380063723259223e-01 0.000000000000000000e+00 6.827492034592626399e-04 0.000000000000000000e+00
4.160000000000000000e+05 1.039974825200511432e-01 6.258534365043240920e-03 9.935138825671370189e-01 0.000000000000000000e+00 2.275830678197542133e-04 0.000000000000000000e+00
4.200000000000000000e+05 1.049974583135133699e-01 6.372325898953117539e-03 9.936276741010469093e-01 0.000000000000000000e+00 0.000000000000000000e+00 0.000000000000000000e+00
4.240000000000000000e+05 1.059974341069753745e-01 9.217114246700046018e-03 9.891898042785616241e-01 0.000000000000000000e+00 1.593081474738279385e-03 0.000000000000000000e+00
4.280000000000000000e+05 1.069974099004373791e-01 9.729176149294492537e-02 6.536185707783340737e-01 2.428311333636777314e-01 6.258534365043240920e-03 0.000000000000000000e+00
4.320000000000000000e+05 1.079973856938993837e-01 9.638142922166591242e-02 6.746700045516613731e-01 2.266727355484751960e-01 2.275830678197541916e-03 0.000000000000000000e+00
4.360000000000000000e+05 1.089973614873613883e-01 9.535730541647700897e-02 6.750113791533909335e-01 2.266727355484751960e-01 2.958579881656804664e-03 0.000000000000000000e+00
4.400000000000000000e+05 1.099973372808233929e-01 9.592626308602640595e-02 6.754665452890304955e-01 2.251934456076467861e-01 3.413746017296313308e-03 0.000000000000000000e+00
4.440000000000000000e+05 1.109973130742853975e-01 9.763313609467455523e-02 6.737596722803823601e-01 2.261037778789257990e-01 2.503413746017296455e-03 0.000000000000000000e+00
4.480000000000000000e+05 1.119972888677474021e-01 9.729176149294492537e-02 6.737596722803823601e-01 2.258761948111060458e-01 3.072371415566681717e-03 0.000000000000000000e+00
4.520000000000000000e+05 1.129972646612096288e-01 9.433318161128811941e-02 6.746700045516613731e-01 2.275830678197542090e-01 3.413746017296313308e-03 0.000000000000000000e+00
4.560000000000000000e+05 1.139972404546716334e-01 9.581247155211652933e-02 6.754665452890304955e-01 2.254210286754665393e-01 3.299954483386436255e-03 0.000000000000000000e+00
4.600000000000000000e+05 1.149972162481336380e-01 9.672280382339554228e-02 6.761492944924897275e-01 2.249658625398270329e-01 2.162039144287664864e-03 0.000000000000000000e+00
4.640000000000000000e+05 1.159971920415956426e-01 9.649522075557578904e-02 6.748975876194811541e-01 2.257624032771961831e-01 2.844788347746927612e-03 0.000000000000000000e+00
4.680000000000000000e+05 1.169971678350576472e-01 9.535730541647700897e-02 6.760355029585798370e-01 2.262175694128356895e-01 2.389622212107419402e-03 0.000000000000000000e+00
4.720000000000000000e+05 1.179971436285196518e-01 9.524351388256713236e-02 6.728493400091033472e-01 2.290623577605826189e-01 2.844788347746927612e-03 0.000000000000000000e+00
4.760000000000000000e+05 1.189971194219816564e-01 9.433318161128811941e-02 6.758079198907601670e-01 2.264451524806554428e-01 3.413746017296313308e-03 0.000000000000000000e+00
4.800000000000000000e+05 1.199970952154436610e-01 9.535730541647700897e-02 6.755803368229403860e-01 2.259899863450159363e-01 3.072371415566681717e-03 0.000000000000000000e+00
4.840000000000000000e+05 1.209970710089056656e-01 9.638142922166591242e-02 6.746700045516613731e-01 2.261037778789257990e-01 2.844788347746927612e-03 0.000000000000000000e+00
4.880000000000000000e+05 1.219970468023678922e-01 9.649522075557578904e-02 6.758079198907601670e-01 2.251934456076467861e-01 2.503413746017296455e-03 0.000000000000000000e+00
4.920000000000000000e+05 1.229970225958298968e-01 9.740555302685480199e-02 6.729631315430132377e-01 2.263313609467455523e-01 3.299954483386436255e-03 0.000000000000000000e+00
4.960000000000000000e+05 1.239969983892919014e-01 9.558488848429676221e-02 6.735320892125625791e-01 2.276968593536640995e-01 3.186162949476558769e-03 0.000000000000000000e+00
5.000000000000000000e+05 1.249969741827539060e-01 9.706417842512517213e-02 6.734182976786526886e-01 2.267865270823850588e-01 2.730996813837050560e-03 0.000000000000000000e+00
5.040000000000000000e+05 1.259969499762159106e-01 9.717796995903504875e-02 6.743286299499317016e-01 2.263313609467455523e-01 2.162039144287664864e-03 0.000000000000000000e+00
5.080000000000000000e+05 1.269969257696779152e-01 9.831588529813381494e-02 6.735320892125625791e-01 2.251934456076467861e-01 2.958579881656804664e-03 0.000000000000000000e+00
5.120000000000000000e+05 1.279969015631399198e-01 1.000227583067819781e-01 6.742148384160218111e-01 2.222348657259899940e-01 3.527537551206190360e-03 0.000000000000000000e+00
5.160000000000000000e+05 1.289968773566019244e-01 7.385070550751024476e-02 7.617205279927173889e-01 1.632908511606736557e-01 1.137915339098770958e-03 0.000000000000000000e+00
5.200000000000000000e+05 1.299968531500641511e-01 7.476103777878925771e-02 7.610377787892580459e-01 1.624943104233045055e-01 1.706873008648156654e-03 0.000000000000000000e+00
5.240000000000000000e+05 1.309968289435261557e-01 7.544378698224851743e-02 7.601274465179790329e-01 1.632908511606736557e-01 1.137915339098770958e-03 0.000000000000000000e+00
5.280000000000000000e+05 1.319968047369881603e-01 7.419208010923987462e-02 7.611515703231679364e-01 1.635184342284934089e-01 1.137915339098770958e-03 0.000000000000000000e+00
5.320000000000000000e+05 1.329967805304501649e-01 7.487482931269913433e-02 7.609239872553481554e-01 1.626081019572143960e-01 1.593081474738279385e-03 0.000000000000000000e+00
5.360000000000000000e+05 1.339967563239121695e-01 7.350933090578061491e-02 7.614929449248976079e-01 1.637460172963131622e-01 1.251706873008648227e-03 0.000000000000000000e+00
5.400000000000000000e+05 1.349967321173741741e-01 7.316795630405098505e-02 7.612653618570778269e-01 1.642011834319526686e-01 1.365498406918525280e-03 0.000000000000000000e+00
5.440000000000000000e+05 1.359967079108361787e-01 7.487482931269913433e-02 7.600136549840691425e-01 1.639736003641329154e-01 1.137915339098770958e-03 0.000000000000000000e+00
5.480000000000000000e+05 1.369966837042981833e-01 7.464724624487938109e-02 7.601274465179790329e-01 1.640873918980427781e-01 1.137915339098770958e-03 0.000000000000000000e+00
5.520000000000000000e+05 1.379966594977604100e-01 7.441966317705962786e-02 7.604688211197087044e-01 1.643149749658625314e-01 7.965407373691396923e-04 0.000000000000000000e+00
5.560000000000000000e+05 1.389966352912224146e-01 7.328174783796086167e-02 7.609239872553481554e-01 1.645425580336822846e-01 1.251706873008648227e-03 0.000000000000000000e+00
5.600000000000000000e+05 1.399966110846844192e-01 7.350933090578061491e-02 7.597860719162494725e-01 1.649977241693217911e-01 1.706873008648156654e-03 0.000000000000000000e+00
5.640000000000000000e+05 1.409965868781464238e-01 7.282658170232134132e-02 7.612653618570778269e-01 1.644287664997724219e-01 1.479289940828402332e-03 0.000000000000000000e+00
5.680000000000000000e+05 1.419965626716084284e-01 7.237141556668183484e-02 7.614929449248976079e-01 1.646563495675921751e-01 1.479289940828402332e-03 0.000000000000000000e+00
5.720000000000000000e+05 1.429965384650704330e-01 7.373691397360036814e-02 7.614929449248976079e-01 1.642011834319526686e-01 5.689576695493854790e-04 0.000000000000000000e+00
5.760000000000000000e+05 1.439965142585324376e-01 7.612653618570777714e-02 7.595584888484296915e-01 1.629494765589440120e-01 1.365498406918525280e-03 0.000000000000000000e+00
5.800000000000000000e+05 1.449964900519944422e-01 7.362312243969049153e-02 7.605826126536185949e-01 1.637460172963131622e-01 2.048247610377787811e-03 0.000000000000000000e+00
5.840000000000000000e+05 1.459964658454564468e-01 7.988165680473373331e-02 7.498862084660901095e-01 1.680700955848884737e-01 2.162039144287664864e-03 0.000000000000000000e+00
5.880000000000000000e+05 1.469964416389186734e-01 7.373691397360036814e-02 7.581929904415111166e-01 1.655666818388711881e-01 2.503413746017296455e-03 0.000000000000000000e+00
5.920000000000000000e+05 1.479964174323806780e-01 7.521620391442876419e-02 7.411242603550295405e-01 1.803595812471552040e-01 3.299954483386436255e-03 0.000000000000000000e+00
5.960000000000000000e+05 1.489963932258426826e-01 7.703686845698680397e-02 7.419208010923987739e-01 1.772872098315885214e-01 3.755120619025944465e-03 0.000000000000000000e+00
6.000000000000000000e+05 1.499963690193046872e-01 7.692307692307692735e-02 7.422621756941283344e-01 1.766044606281292617e-01 4.210286754665453109e-03 0.000000000000000000e+00
6.040000000000000000e+05 1.509963448127666918e-01 7.612653618570777714e-02 7.429449248975875664e-01 1.771734182976786587e-01 3.755120619025944465e-03 0.000000000000000000e+00
6.080000000000000000e+05 1.519963206062286964e-01 7.453345471096950448e-02 7.420345926263085534e-01 1.794492489758761911e-01 3.982703686845699004e-03 0.000000000000000000e+00
6.120000000000000000e+05 1.529962963996907011e-01 7.385070550751024476e-02 7.398725534820209671e-01 1.818388711879836139e-01 4.437869822485207214e-03 0.000000000000000000e+00
6.160000000000000000e+05 1.539962721931527057e-01 7.248520710059171146e-02 7.405553026854801990e-01 1.832043695949021334e-01 3.755120619025944465e-03 0.000000000000000000e+00
6.200000000000000000e+05 1.549962479866149323e-01 7.146108329540282189e-02 7.383932635411925016e-01 1.853664087391898030e-01 4.779244424214838804e-03 0.000000000000000000e+00
6.240000000000000000e+05 1.559962237800769369e-01 7.407828857532999800e-02 7.387346381429221731e-01 1.829767865270823801e-01 4.210286754665453109e-03 0.000000000000000000e+00
6.280000000000000000e+05 1.569961995735389415e-01 7.350933090578061491e-02 7.386208466090122826e-01 1.842284934000910368e-01 3.641329085116067413e-03 0.000000000000000000e+00
6.320000000000000000e+05 1.579961753670009461e-01 7.362312243969049153e-02 7.389622212107419541e-01 1.842284934000910368e-01 3.186162949476558769e-03 0.000000000000000000e+00
6.360000000000000000e+05 1.589961511604629507e-01 7.271279016841146470e-02 7.385070550751023921e-01 1.836595357305416398e-01 5.120619025944469528e-03 0.000000000000000000e+00
6.400000000000000000e+05 1.599961269539249553e-01 7.248520710059171146e-02 7.374829312699134887e-01 1.854802002730996935e-01 4.551661356395083832e-03 0.000000000000000000e+00
6.440000000000000000e+05 1.609961027473869599e-01 7.339553937187073829e-02 7.375967228038233792e-01 1.843422849340008995e-01 4.665452890304961318e-03 0.000000000000000000e+00
6.480000000000000000e+05 1.619960785408489645e-01 7.305416477014110843e-02 7.370277651342740377e-01 1.854802002730996935e-01 4.437869822485207214e-03 0.000000000000000000e+00
6.520000000000000000e+05 1.629960543343111912e-01 7.316795630405098505e-02 7.381656804733728316e-01 1.825216203914428736e-01 6.144742831133363434e-03 0.000000000000000000e+00
6.560000000000000000e+05 1.639960301277731958e-01 7.350933090578061491e-02 7.347519344560764498e-01 1.863905325443787064e-01 5.348202093764223633e-03 0.000000000000000000e+00
6.600000000000000000e+05 1.649960059212352004e-01 6.975421028675465873e-02 7.331588529813382049e-01 1.913973600364132777e-01 5.689576695493855224e-03 0.000000000000000000e+00
6.640000000000000000e+05 1.659959817146972050e-01 7.203004096495220498e-02 7.352071005917160118e-01 1.866181156121984597e-01 6.144742831133363434e-03 0.000000000000000000e+00
6.680000000000000000e+05 1.669959575081592096e-01 7.259899863450158808e-02 7.347519344560764498e-01 1.873008648156577194e-01 5.348202093764223633e-03 0.000000000000000000e+00
6.720000000000000000e+05 1.679959333016212142e-01 7.168866636322257513e-02 7.311106053709603980e-01 1.908284023668639084e-01 6.372325898953117539e-03 0.000000000000000000e+00
6.760000000000000000e+05 1.689959090950832188e-01 7.134729176149294527e-02 7.348657259899863403e-01 1.885525716886663761e-01 5.234410559854347014e-03 0.000000000000000000e+00
6.800000000000000000e+05 1.699958848885452234e-01 7.111970869367319203e-02 7.322485207100591920e-01 1.913973600364132777e-01 5.234410559854347014e-03 0.000000000000000000e+00
6.840000000000000000e+05 1.709958606820072280e-01 7.100591715976331542e-02 7.323623122439690825e-01 1.909421939007737712e-01 5.689576695493855224e-03 0.000000000000000000e+00
6.880000000000000000e+05 1.719958364754694546e-01 7.066454255803368556e-02 7.325898953117887524e-01 1.910559854346836617e-01 5.689576695493855224e-03 0.000000000000000000e+00
6.920000000000000000e+05 1.729958122689314592e-01 6.804733727810650945e-02 7.266727355484752238e-01 1.974283113336367801e-01 7.851615839781519654e-03 0.000000000000000000e+00
6.960000000000000000e+05 1.739957880623934638e-01 6.964041875284478211e-02 7.259899863450158808e-01 1.983386436049157930e-01 6.030951297223486815e-03 0.000000000000000000e+00
7.000000000000000000e+05 1.749957638558554684e-01 6.895766954938552240e-02 7.265589440145653333e-01 1.989076012744651900e-01 5.575785161583977738e-03 0.000000000000000000e+00
7.040000000000000000e+05 1.759957396493174731e-01 6.929904415111515226e-02 7.287209831588530307e-01 1.960628129267182607e-01 5.917159763313609329e-03 0.000000000000000000e+00
7.080000000000000000e+05 1.769957154427794777e-01 6.884387801547564578e-02 7.284934000910332497e-01 1.967455621301775204e-01 5.917159763313609329e-03 0.000000000000000000e+00
7.120000000000000000e+05 1.779956912362414823e-01 6.793354574419663283e-02 7.292899408284023721e-01 1.960628129267182607e-01 6.713700500682749130e-03 0.000000000000000000e+00
7.160000000000000000e+05 1.789956670297034869e-01 6.611288120163859305e-02 7.295175238962221531e-01 1.979972690031861493e-01 6.372325898953117539e-03 0.000000000000000000e+00
7.200000000000000000e+05 1.799956428231657135e-01 6.998179335457442585e-02 7.286071916249431402e-01 1.959490213928083702e-01 5.461993627674101119e-03 0.000000000000000000e+00
7.240000000000000000e+05 1.809956186166277181e-01 6.725079654073737312e-02 7.283796085571233592e-01 1.977696859353663961e-01 6.599908966772872511e-03 0.000000000000000000e+00
7.280000000000000000e+05 1.819955944100897227e-01 6.998179335457442585e-02 7.295175238962221531e-01 1.946973145197997135e-01 5.803368229403732710e-03 0.000000000000000000e+00
7.320000000000000000e+05 1.829955702035517273e-01 6.759217114246700298e-02 7.305416477014110566e-01 1.951524806554392477e-01 6.713700500682749130e-03 0.000000000000000000e+00
7.360000000000000000e+05 1.839955459970137319e-01 6.918525261720527564e-02 7.283796085571233592e-01 1.957214383249886169e-01 6.713700500682749130e-03 0.000000000000000000e+00
7.400000000000000000e+05 1.849955217904757365e-01 6.873008648156576916e-02 7.297451069640418231e-01 1.949248975876194945e-01 6.599908966772872511e-03 0.000000000000000000e+00
7.440000000000000000e+05 1.859954975839377411e-01 6.884387801547564578e-02 7.305416477014110566e-01 1.942421483841602070e-01 6.372325898953117539e-03 0.000000000000000000e+00
7.480000000000000000e+05 1.869954733773997457e-01 6.781975421028675621e-02 7.289485662266727006e-01 1.946973145197997135e-01 8.534365043240782836e-03 0.000000000000000000e+00
7.520000000000000000e+05 1.879954491708617503e-01 6.838871187983613931e-02 7.300864815657714946e-01 1.951524806554392477e-01 6.372325898953117539e-03 0.000000000000000000e+00
7.560000000000000000e+05 1.889954249643239770e-01 6.702321347291761988e-02 7.297451069640418231e-01 1.961766044606281234e-01 7.055075102412380721e-03 0.000000000000000000e+00
7.600000000000000000e+05 1.899954007577859816e-01 6.873008648156576916e-02 7.289485662266727006e-01 1.946973145197997135e-01 7.624032771961766417e-03 0.000000000000000000e+00
7.640000000000000000e+05 1.909953765512479862e-01 6.861629494765589254e-02 7.309968138370505075e-01 1.940145653163404538e-01 6.372325898953117539e-03 0.000000000000000000e+00
7.680000000000000000e+05 1.919953523447099908e-01 6.861629494765589254e-02 7.297451069640418231e-01 1.950386891215293572e-01 6.599908966772872511e-03 0.000000000000000000e+00
7.720000000000000000e+05 1.929953281381719954e-01 7.020937642239417908e-02 7.319071461083295205e-01 1.925352753755120716e-01 5.348202093764223633e-03 0.000000000000000000e+00
7.760000000000000000e+05 1.939953039316340000e-01 7.111970869367319203e-02 7.306554392353209471e-01 1.923076923076923184e-01 5.917159763313609329e-03 0.000000000000000000e+00
7.800000000000000000e+05 1.949952797250960046e-01 7.203004096495220498e-02 7.315657715065999600e-01 1.912835685025034149e-01 5.120619025944469528e-03 0.000000000000000000e+00
7.840000000000000000e+05 1.959952555185580092e-01 7.259899863450158808e-02 7.319071461083295205e-01 1.904870277651342647e-01 5.006827492034592909e-03 0.000000000000000000e+00
7.880000000000000000e+05 1.969952313120202358e-01 7.225762403277195822e-02 7.317933545744196300e-01 1.898042785616750050e-01 6.144742831133363434e-03 0.000000000000000000e+00
7.920000000000000000e+05 1.979952071054822405e-01 6.827492034592626269e-02 7.320209376422394110e-01 1.944697314519799602e-01 5.234410559854347014e-03 0.000000000000000000e+00
7.960000000000000000e+05 1.989951828989442451e-01 7.237141556668183484e-02 7.319071461083295205e-01 1.898042785616750050e-01 5.917159763313609329e-03 0.000000000000000000e+00
8.000000000000000000e+05 1.999951586924062497e-01 7.134729176149294527e-02 7.323623122439690825e-01 1.902594446973145115e-01 6.030951297223486815e-03 0.000000000000000000e+00
8.040000000000000000e+05 2.009951344858682543e-01 7.168866636322257513e-02 7.321347291761493015e-01 1.903732362312244020e-01 5.803368229403732710e-03 0.000000000000000000e+00
8.080000000000000000e+05 2.019951102793302589e-01 7.100591715976331542e-02 7.342967683204369989e-01 1.884387801547564856e-01 6.258534365043240920e-03 0.000000000000000000e+00
8.120000000000000000e+05 2.029950860727922635e-01 7.225762403277195822e-02 7.323623122439690825e-01 1.895766954938552518e-01 5.803368229403732710e-03 0.000000000000000000e+00
8.160000000000000000e+05 2.039950618662542681e-01 7.453345471096950448e-02 7.330450614474283144e-01 1.880974055530268418e-01 4.324078288575329727e-03 0.000000000000000000e+00
8.200000000000000000e+05 2.049950376597164947e-01 7.237141556668183484e-02 7.339553937187073274e-01 1.873008648156577194e-01 6.372325898953117539e-03 0.000000000000000000e+00
8.240000000000000000e+05 2.059950134531784993e-01 7.396449704142012138e-02 7.346381429221665593e-01 1.866181156121984597e-01 4.779244424214838804e-03 0.000000000000000000e+00
8.280000000000000000e+05 2.069949892466405039e-01 7.601274465179790052e-02 7.394173873463814051e-01 1.802457897132453413e-01 4.324078288575329727e-03 0.000000000000000000e+00
8.320000000000000000e+05 2.079949650401025085e-01 9.842967683204369156e-02 7.974510696404187859e-01 9.842967683204369156e-02 5.689576695493855224e-03 0.000000000000000000e+00
8.360000000000000000e+05 2.089949408335645131e-01 6.429221665908056715e-02 8.705052344105598250e-01 6.406463359126081392e-02 1.137915339098770958e-03 0.000000000000000000e+00
8.400000000000000000e+05 2.099949166270265177e-01 6.417842512517069054e-02 8.710741920801092775e-01 6.235776058261265076e-02 2.389622212107419402e-03 0.000000000000000000e+00
8.440000000000000000e+05 2.109948924204885223e-01 6.247155211652252738e-02 8.765361857077833552e-01 5.860263996358670846e-02 2.389622212107419402e-03 0.000000000000000000e+00
8.480000000000000000e+05 2.119948682139505269e-01 6.224396904870277414e-02 8.742603550295857673e-01 6.065088757396449454e-02 2.844788347746927612e-03 0.000000000000000000e+00
8.520000000000000000e+05 2.129948440074125315e-01 6.133363677742376119e-02 8.747155211652253293e-01 6.110605370960400795e-02 2.844788347746927612e-03 0.000000000000000000e+00
8.560000000000000000e+05 2.139948198008747582e-01 6.281292671825215723e-02 8.738051888939463163e-01 6.053709604005461792e-02 2.844788347746927612e-03 0.000000000000000000e+00
8.600000000000000000e+05 2.149947955943367628e-01 6.110605370960400795e-02 8.785844333181611621e-01 5.723714155666818210e-02 3.072371415566681717e-03 0.000000000000000000e+00
8.640000000000000000e+05 2.159947713877987674e-01 6.224396904870277414e-02 8.792671825216203940e-01 5.621301775147929253e-02 2.275830678197541916e-03 0.000000000000000000e+00
8.680000000000000000e+05 2.169947471812607720e-01 6.235776058261265076e-02 8.758534365043241232e-01 5.951297223486572835e-02 2.275830678197541916e-03 0.000000000000000000e+00
8.720000000000000000e+05 2.179947229747227766e-01 6.008192990441511144e-02 8.782430587164314906e-01 5.860263996358670846e-02 3.072371415566681717e-03 0.000000000000000000e+00
8.760000000000000000e+05 2.189946987681847812e-01 6.178880291306326766e-02 8.785844333181611621e-01 5.632680928538916915e-02 3.299954483386436255e-03 0.000000000000000000e+00
8.800000000000000000e+05 2.199946745616467858e-01 6.201638598088302090e-02 8.792671825216203940e-01 5.609922621756941591e-02 2.617205279927173507e-03 0.000000000000000000e+00
8.840000000000000000e+05 2.209946503551087904e-01 6.042330450614474130e-02 8.813154301319982009e-01 5.621301775147929253e-02 2.048247610377787811e-03 0.000000000000000000e+00
8.880000000000000000e+05 2.219946261485710171e-01 6.235776058261265076e-02 8.810878470641784199e-01 5.416477014110149951e-02 2.389622212107419402e-03 0.000000000000000000e+00
8.920000000000000000e+05 2.229946019420330217e-01 6.178880291306326766e-02 8.838188438780154588e-01 5.211652253072371344e-02 2.275830678197541916e-03 0.000000000000000000e+00
8.960000000000000000e+05 2.239945777354950263e-01 6.383705052344106068e-02 8.784706417842512716e-01 5.507510241238051940e-02 2.617205279927173507e-03 0.000000000000000000e+00
9.000000000000000000e+05 2.249945535289570309e-01 6.258534365043240399e-02 8.799499317250796260e-01 5.541647701411014926e-02 2.048247610377787811e-03 0.000000000000000000e+00
9.040000000000000000e+05 2.259945293224190355e-01 6.315430131998178709e-02 8.789258079198907225e-01 5.427856167501137613e-02 3.641329085116067413e-03 0.000000000000000000e+00
9.080000000000000000e+05 2.269945051158810401e-01 6.213017751479289752e-02 8.790395994538006130e-01 5.587164314974965573e-02 2.958579881656804664e-03 0.000000000000000000e+00
