# itime ezz other fcc hcp bcc ico
0.000000000000000000e+00 0.000000000000000000e+00 0.000000000000000000e+00 1.000000000000000000e+00 0.000000000000000000e+00 0.000000000000000000e+00 0.000000000000000000e+00
4.000000000000000000e+04 1.000004925658259936e-02 0.000000000000000000e+00 1.000000000000000000e+00 0.000000000000000000e+00 0.000000000000000000e+00 0.000000000000000000e+00
8.000000000000000000e+04 2.000009851316497667e-02 0.000000000000000000e+00 1.000000000000000000e+00 0.000000000000000000e+00 0.000000000000000000e+00 0.000000000000000000e+00
1.200000000000000000e+05 3.000014776974757602e-02 0.000000000000000000e+00 1.000000000000000000e+00 0.000000000000000000e+00 0.000000000000000000e+00 0.000000000000000000e+00
1.600000000000000000e+05 4.000019702633017538e-02 0.000000000000000000e+00 1.000000000000000000e+00 0.000000000000000000e+00 0.000000000000000000e+00 0.000000000000000000e+00
2.000000000000000000e+05 5.000024628291277473e-02 0.000000000000000000e+00 1.000000000000000000e+00 0.000000000000000000e+00 0.000000000000000000e+00 0.000000000000000000e+00
2.400000000000000000e+05 6.000029553949515204e-02 0.000000000000000000e+00 1.000000000000000000e+00 0.000000000000000000e+00 0.000000000000000000e+00 0.000000000000000000e+00
2.800000000000000000e+05 7.000034479607775140e-02 0.000000000000000000e+00 1.000000000000000000e+00 0.000000000000000000e+00 0.000000000000000000e+00 0.000000000000000000e+00
3.200000000000000000e+05 8.000039405266035075e-02 5.689576695493854790e-04 9.994310423304506585e-01 0.000000000000000000e+00 0.000000000000000000e+00 0.000000000000000000e+00
3.600000000000000000e+05 9.000044330924272806e-02 1.706873008648156654e-03 9.981793354574419741e-01 0.000000000000000000e+00 1.137915339098771066e-04 0.000000000000000000e+00
4.000000000000000000e+05 1.000004925658253274e-01 4.665452890304961318e-03 9.947655894401457033e-01 0.000000000000000000e+00 5.689576695493854790e-04 0.000000000000000000e+00
4.400000000000000000e+05 1.100005418224079268e-01 5.234410559854346667e-02 7.091488393263540857e-01 2.385070550751024199e-01 0.000000000000000000e+00 0.000000000000000000e+00
4.800000000000000000e+05 1.200005910789903041e-01 8.522985889849794827e-02 6.882111970869366768e-01 2.193900773782430647e-01 7.168866636322257339e-03 0.000000000000000000e+00
5.200000000000000000e+05 1.300006403355729034e-01 8.375056895766955223e-02 6.875284478834774449e-01 2.212107419208010906e-01 7.510241238051888930e-03 0.000000000000000000e+00
5.600000000000000000e+05 1.400006895921555028e-01 8.716431497496586467e-02 6.865043240782885414e-01 2.222348657259899940e-01 4.096495220755575623e-03 0.000000000000000000e+00
6.000000000000000000e+05 1.500007388487381021e-01 9.160218479745106668e-02 6.860491579426490905e-01 2.191624943104233114e-01 3.186162949476558769e-03 0.000000000000000000e+00
6.400000000000000000e+05 1.600007881053204795e-01 9.990896677287210148e-02 6.876422394173873354e-01 2.100591715976331264e-01 2.389622212107419402e-03 0.000000000000000000e+00
6.800000000000000000e+05 1.700008373619030788e-01 1.131087847064178448e-01 6.772872098315885214e-01 2.031178880291306388e-01 6.486117432862995025e-03 0.000000000000000000e+00
7.200000000000000000e+05 1.800008866184856782e-01 1.013882567137004975e-01 7.485207100591716456e-01 1.424670004551661373e-01 7.624032771961766417e-03 0.000000000000000000e+00
7.600000000000000000e+05 1.900009358750680555e-01 1.055985434683659602e-01 7.394173873463814051e-01 1.446290395994538069e-01 1.035502958579881741e-02 0.000000000000000000e+00
8.000000000000000000e+05 2.000009851316506548e-01 8.909877105143376719e-02 7.662721893491124536e-01 1.397360036413290985e-01 4.893035958124715423e-03 0.000000000000000000e+00
8.400000000000000000e+05 2.100010343882332542e-01 9.535730541647700897e-02 7.587619481110605690e-01 1.416704597177969871e-01 4.210286754665453109e-03 0.000000000000000000e+00
8.800000000000000000e+05 2.200010836448156315e-01 1.008192990441511144e-01 7.568274920345926526e-01 1.366636322257624159e-01 5.689576695493855224e-03 0.000000000000000000e+00
9.200000000000000000e+05 2.300011329013982309e-01 1.066226672735548497e-01 7.432862994993172379e-01 1.457669549385525731e-01 4.324078288575329727e-03 0.000000000000000000e+00
9.600000000000000000e+05 2.400011821579808302e-01 1.123122439690487084e-01 7.429449248975875664e-01 1.415566681838871244e-01 3.186162949476558769e-03 0.000000000000000000e+00
1.000000000000000000e+06 2.500012314145634296e-01 1.110605370960400518e-01 7.369139736003641472e-01 1.486117432862995025e-01 3.413746017296313308e-03 0.000000000000000000e+00
1.040000000000000000e+06 2.600012806711458069e-01 1.210741920801092358e-01 7.189349112426035582e-01 1.554392353208921274e-01 4.551661356395083832e-03 0.000000000000000000e+00
1.080000000000000000e+06 2.700013299277284062e-01 1.230086481565771522e-01 7.177969959035047642e-01 1.523668639053254448e-01 6.827492034592626616e-03 0.000000000000000000e+00
1.120000000000000000e+06 2.800013791843110056e-01 1.220983158852981393e-01 7.279244424214837972e-01 1.444014565316340537e-01 5.575785161583977738e-03 0.000000000000000000e+00
1.160000000000000000e+06 2.900014284408933829e-01 1.045744196631770567e-01 7.503413746017296715e-01 1.401911697769686049e-01 4.893035958124715423e-03 0.000000000000000000e+00
1.200000000000000000e+06 3.000014776974759823e-01 9.649522075557578904e-02 7.519344560764679164e-01 1.477014110150204895e-01 3.868912152935821518e-03 0.000000000000000000e+00
1.240000000000000000e+06 3.100015269540585816e-01 1.032089212562585373e-01 7.390760127446518446e-01 1.556668183887118806e-01 2.048247610377787811e-03 0.000000000000000000e+00
1.280000000000000000e+06 3.200015762106409589e-01 1.029813381884387841e-01 7.377105143377332697e-01 1.573736913973600438e-01 1.934456076467910759e-03 0.000000000000000000e+00
1.320000000000000000e+06 3.300016254672235583e-01 9.786071916249430847e-02 7.461310878470641672e-01 1.538461538461538547e-01 2.162039144287664864e-03 0.000000000000000000e+00
1.360000000000000000e+06 3.400016747238061576e-01 1.001365498406918547e-01 7.445380063723259223e-01 1.523668639053254448e-01 2.958579881656804664e-03 0.000000000000000000e+00
1.400000000000000000e+06 3.500017239803887570e-01 1.030951297223486607e-01 7.427173418297678964e-01 1.495220755575785154e-01 4.665452890304961318e-03 0.000000000000000000e+00
1.440000000000000000e+06 3.600017732369711343e-01 1.026399635867091542e-01 7.424897587619481154e-01 1.503186162949476656e-01 4.551661356395083832e-03 0.000000000000000000e+00
1.480000000000000000e+06 3.700018224935537337e-01 1.032089212562585373e-01 7.185935366408738867e-01 1.712562585343650468e-01 6.941283568502503235e-03 0.000000000000000000e+00
1.520000000000000000e+06 3.800018717501363330e-01 1.326809285389166926e-01 6.973145197997269173e-01 1.665908056440600915e-01 3.413746017296313308e-03 0.000000000000000000e+00
1.560000000000000000e+06 3.900019210067187103e-01 1.329085116067364458e-01 7.030040964952207760e-01 1.619253527537551085e-01 2.162039144287664864e-03 0.000000000000000000e+00
1.600000000000000000e+06 4.000019702633015317e-01 1.332498862084660896e-01 7.008420573509330787e-01 1.624943104233045055e-01 3.413746017296313308e-03 0.000000000000000000e+00
1.640000000000000000e+06 4.100020195198836870e-01 1.220983158852981393e-01 6.886663632225762388e-01 1.840009103322712836e-01 5.234410559854347014e-03 0.000000000000000000e+00
1.680000000000000000e+06 4.200020687764665084e-01 1.274465179790623681e-01 6.746700045516613731e-01 1.937869822485207005e-01 4.096495220755575623e-03 0.000000000000000000e+00
1.720000000000000000e+06 4.300021180330486636e-01 1.323395539371870766e-01 6.643149749658625591e-01 1.985662266727355463e-01 4.779244424214838804e-03 0.000000000000000000e+00
1.760000000000000000e+06 4.400021672896317071e-01 1.424670004551661373e-01 6.249431042330451103e-01 2.259899863450159363e-01 6.599908966772872511e-03 0.000000000000000000e+00
1.800000000000000000e+06 4.500022165462138624e-01 1.565771506599908935e-01 6.016158397815202230e-01 2.385070550751024199e-01 3.299954483386436255e-03 0.000000000000000000e+00
1.840000000000000000e+06 4.600022658027966838e-01 1.568047337278106468e-01 6.012744651797906625e-01 2.381656804733727761e-01 3.755120619025944465e-03 0.000000000000000000e+00
1.880000000000000000e+06 4.700023150593788390e-01 1.587391898042785632e-01 6.103777878925807920e-01 2.269003186162949492e-01 3.982703686845699004e-03 0.000000000000000000e+00
1.920000000000000000e+06 4.800023643159616604e-01 1.556668183887118806e-01 6.792216659080564378e-01 1.635184342284934089e-01 1.593081474738279385e-03 0.000000000000000000e+00
1.960000000000000000e+06 4.900024135725440377e-01 1.398497951752389612e-01 7.076695493855257313e-01 1.506599908966772816e-01 1.820664542558033706e-03 0.000000000000000000e+00
2.000000000000000000e+06 5.000024628291268591e-01 1.413290851160673711e-01 7.068730086481566088e-01 1.492944924897587622e-01 2.503413746017296455e-03 0.000000000000000000e+00
2.040000000000000000e+06 5.100025120857090144e-01 1.415566681838871244e-01 7.071005917159762788e-01 1.487255348202093652e-01 2.617205279927173507e-03 0.000000000000000000e+00
2.080000000000000000e+06 5.200025613422918358e-01 1.429221665908056438e-01 7.121074192080109055e-01 1.417842512517068776e-01 3.186162949476558769e-03 0.000000000000000000e+00
2.120000000000000000e+06 5.300026105988739911e-01 1.424670004551661373e-01 7.102867546654528796e-01 1.422394173873463841e-01 5.006827492034592909e-03 0.000000000000000000e+00
2.160000000000000000e+06 5.400026598554570345e-01 1.110605370960400518e-01 7.420345926263085534e-01 1.454255803368229294e-01 1.479289940828402332e-03 0.000000000000000000e+00
2.200000000000000000e+06 5.500027091120391898e-01 1.126536185707783383e-01 7.416932180245789930e-01 1.441738734638143005e-01 1.479289940828402332e-03 0.000000000000000000e+00
2.240000000000000000e+06 5.600027583686220112e-01 1.124260355029585851e-01 7.429449248975875664e-01 1.434911242603550408e-01 1.137915339098770958e-03 0.000000000000000000e+00
2.280000000000000000e+06 5.700028076252041664e-01 1.114019116977696816e-01 7.420345926263085534e-01 1.446290395994538069e-01 1.934456076467910759e-03 0.000000000000000000e+00
2.320000000000000000e+06 5.800028568817869878e-01 1.119708693673190647e-01 7.434000910332271284e-01 1.430359581247155343e-01 1.593081474738279385e-03 0.000000000000000000e+00
2.360000000000000000e+06 5.900029061383693652e-01 1.271051433773327244e-01 7.303140646335912756e-01 1.404187528447883582e-01 2.162039144287664864e-03 0.000000000000000000e+00
2.400000000000000000e+06 6.000029553949521866e-01 1.273327264451524776e-01 7.315657715065999600e-01 1.392808375056895642e-01 1.820664542558033706e-03 0.000000000000000000e+00
2.440000000000000000e+06 6.100030046515343418e-01 1.266499772416932179e-01 7.328174783796085334e-01 1.400773782430587144e-01 4.551661356395084266e-04 0.000000000000000000e+00
2.480000000000000000e+06 6.200030539081171632e-01 1.407601274465179741e-01 7.258761948111061013e-01 1.306326809285389134e-01 2.730996813837050560e-03 0.000000000000000000e+00
2.520000000000000000e+06 6.300031031646993185e-01 1.876422394173873354e-01 5.810195721438324856e-01 2.248520710059171701e-01 6.486117432862995025e-03 0.000000000000000000e+00
2.560000000000000000e+06 6.400031524212823619e-01 1.478152025489303523e-01 6.747837960855712636e-01 1.721665908056440597e-01 5.234410559854347014e-03 0.000000000000000000e+00
2.600000000000000000e+06 6.500032016778645172e-01 1.504324078288575284e-01 6.679563040509786109e-01 1.777423759672280279e-01 3.868912152935821518e-03 0.000000000000000000e+00
2.640000000000000000e+06 6.600032509344473386e-01 1.333636777423759801e-01 6.896904870277651423e-01 1.752389622212107423e-01 1.706873008648156654e-03 0.000000000000000000e+00
2.680000000000000000e+06 6.700033001910294939e-01 1.335912608101957333e-01 6.871870732817478844e-01 1.780837505689576716e-01 1.137915339098770958e-03 0.000000000000000000e+00
2.720000000000000000e+06 6.800033494476123153e-01 1.351843422849340060e-01 6.778561675011378629e-01 1.845698680018206528e-01 2.389622212107419402e-03 0.000000000000000000e+00
2.760000000000000000e+06 6.900033987041946926e-01 1.495220755575785154e-01 5.741920801092398330e-01 2.727583067819754348e-01 3.527537551206190360e-03 0.000000000000000000e+00
2.800000000000000000e+06 7.000034479607775140e-01 1.612426035502958488e-01 5.579198907601274904e-01 2.790168411470186349e-01 1.820664542558033706e-03 0.000000000000000000e+00
2.840000000000000000e+06 7.100034972173596692e-01 1.638598088302230249e-01 5.532544378698225351e-01 2.817478379608557293e-01 1.137915339098770958e-03 0.000000000000000000e+00
2.880000000000000000e+06 7.200035464739424906e-01 1.672735548475193512e-01 5.364132908511606290e-01 2.955166135639508695e-01 7.965407373691396923e-04 0.000000000000000000e+00
2.920000000000000000e+06 7.300035957305246459e-01 1.697769685935366368e-01 5.154756486117433312e-01 3.134956759217114031e-01 1.251706873008648227e-03 0.000000000000000000e+00
2.960000000000000000e+06 7.400036449871076893e-01 1.708010923987255403e-01 5.112653618570778269e-01 3.166818388711880039e-01 1.251706873008648227e-03 0.000000000000000000e+00
3.000000000000000000e+06 7.500036942436898446e-01 1.786527082385070686e-01 5.078516158397815561e-01 3.123577605826126646e-01 1.137915339098770958e-03 0.000000000000000000e+00
3.040000000000000000e+06 7.600037435002726660e-01 1.906008192990441552e-01 4.979517523896221931e-01 3.083750568957669413e-01 3.072371415566681717e-03 0.000000000000000000e+00
3.080000000000000000e+06 7.700037927568548213e-01 1.791078743741465751e-01 6.515703231679562668e-01 1.643149749658625314e-01 5.006827492034592909e-03 0.000000000000000000e+00
3.120000000000000000e+06 7.800038420134376427e-01 1.879836140191169791e-01 6.424670004551661373e-01 1.644287664997724219e-01 5.120619025944469528e-03 0.000000000000000000e+00
3.160000000000000000e+06 7.900038912700200200e-01 1.834319526627218866e-01 6.587391898042785909e-01 1.522530723714155543e-01 5.575785161583977738e-03 0.000000000000000000e+00
3.200000000000000000e+06 8.000039405266028414e-01 1.862767410104688159e-01 6.527082385070550608e-01 1.588529813381884259e-01 2.162039144287664864e-03 0.000000000000000000e+00
3.240000000000000000e+06 8.100039897831849967e-01 1.834319526627218866e-01 6.543013199817933057e-01 1.601046882111970826e-01 2.162039144287664864e-03 0.000000000000000000e+00
3.280000000000000000e+06 8.200040390397678181e-01 1.626081019572143960e-01 6.385980883022303045e-01 1.968593536640873831e-01 1.934456076467910759e-03 0.000000000000000000e+00
3.320000000000000000e+06 8.300040882963501954e-01 1.607874374146563423e-01 6.379153390987710726e-01 1.994765589440145592e-01 1.820664542558033706e-03 0.000000000000000000e+00
3.360000000000000000e+06 8.400041375529330168e-01 1.577150659990896597e-01 6.390532544378698665e-01 2.020937642239417353e-01 1.137915339098770958e-03 0.000000000000000000e+00
3.400000000000000000e+06 8.500041868095151720e-01 1.676149294492489672e-01 6.151570323167956378e-01 2.162039144287664916e-01 1.024123805188893906e-03 0.000000000000000000e+00
3.440000000000000000e+06 8.600042360660979934e-01 1.682976786527082269e-01 6.065088757396449592e-01 2.209831588529813373e-01 4.210286754665453109e-03 0.000000000000000000e+00
3.480000000000000000e+06 8.700042853226801487e-01 1.656804733727810786e-01 6.297223486572598450e-01 2.039144287664997612e-01 6.827492034592626399e-04 0.000000000000000000e+00
3.520000000000000000e+06 8.800043345792629701e-01 1.665908056440600915e-01 6.280154756486117096e-01 2.034592626308602548e-01 1.934456076467910759e-03 0.000000000000000000e+00
3.560000000000000000e+06 8.900043838358453474e-01 1.722803823395539502e-01 6.252844788347746707e-01 2.001593081474738189e-01 2.275830678197541916e-03 0.000000000000000000e+00
3.600000000000000000e+06 9.000044330924281688e-01 1.739872553482020856e-01 6.283568502503413811e-01 1.958352298588985074e-01 1.820664542558033706e-03 0.000000000000000000e+00
3.640000000000000000e+06 9.100044823490103241e-01 1.722803823395539502e-01 6.308602639963586389e-01 1.953800637232590010e-01 1.479289940828402332e-03 0.000000000000000000e+00
3.680000000000000000e+06 9.200045316055931455e-01 1.744424214838415921e-01 6.317705962676376519e-01 1.913973600364132777e-01 2.389622212107419402e-03 0.000000000000000000e+00
3.720000000000000000e+06 9.300045808621755228e-01 1.750113791533909890e-01 6.405325443786982209e-01 1.826354119253527641e-01 1.820664542558033706e-03 0.000000000000000000e+00
3.760000000000000000e+06 9.400046301187583442e-01 1.825216203914428736e-01 6.078743741465635342e-01 2.080109239872553473e-01 1.593081474738279385e-03 0.000000000000000000e+00
3.800000000000000000e+06 9.500046793753404994e-01 1.826354119253527641e-01 6.077605826126536437e-01 2.090350477924442507e-01 5.689576695493854790e-04 0.000000000000000000e+00
3.840000000000000000e+06 9.600047286319233208e-01 1.853664087391898030e-01 6.034365043240782489e-01 2.101729631315430169e-01 1.024123805188893906e-03 0.000000000000000000e+00
3.880000000000000000e+06 9.700047778885054761e-01 1.859353664087392000e-01 5.989986345015930747e-01 2.129039599453800558e-01 2.162039144287664864e-03 0.000000000000000000e+00
3.920000000000000000e+06 9.800048271450882975e-01 1.935593991807009473e-01 5.920573509330905315e-01 2.135867091488393155e-01 7.965407373691396923e-04 0.000000000000000000e+00
3.960000000000000000e+06 9.900048764016706748e-01 1.915111515703231682e-01 5.903504779244423961e-01 2.160901228948566288e-01 2.048247610377787811e-03 0.000000000000000000e+00
4.000000000000000000e+06 1.000004925658253274e+00 2.123350022758306865e-01 5.485889849795174689e-01 2.368001820664542567e-01 2.275830678197541916e-03 0.000000000000000000e+00
