# itime ezz other fcc hcp bcc ico
0.000000000000000000e+00 0.000000000000000000e+00 1.251706873008648227e-03 9.987482931269913156e-01 0.000000000000000000e+00 0.000000000000000000e+00 0.000000000000000000e+00
3.000000000000000000e+01 1.199998347163444556e-02 1.479289940828402332e-03 9.985207100591716456e-01 0.000000000000000000e+00 0.000000000000000000e+00 0.000000000000000000e+00
6.000000000000000000e+01 2.399996694326911317e-02 1.251706873008648227e-03 9.987482931269913156e-01 0.000000000000000000e+00 0.000000000000000000e+00 0.000000000000000000e+00
9.000000000000000000e+01 3.599995041490355874e-02 6.941283568502503235e-03 9.928311333636777869e-01 0.000000000000000000e+00 2.275830678197542133e-04 0.000000000000000000e+00
1.200000000000000000e+02 4.799993388653800430e-02 5.803368229403732710e-03 9.941966317705962508e-01 0.000000000000000000e+00 0.000000000000000000e+00 0.000000000000000000e+00
1.500000000000000000e+02 5.999991735817267191e-02 1.991351843422849502e-02 9.791761492944924816e-01 0.000000000000000000e+00 9.103322712790168532e-04 0.000000000000000000e+00
1.800000000000000000e+02 7.199990082980711747e-02 3.186162949476559203e-02 9.671142467000455323e-01 0.000000000000000000e+00 1.024123805188893906e-03 0.000000000000000000e+00
2.100000000000000000e+02 8.399988430144178508e-02 6.042330450614474130e-02 9.367319071461083224e-01 0.000000000000000000e+00 2.844788347746927612e-03 0.000000000000000000e+00
2.400000000000000000e+02 9.599986777307623065e-02 1.389394629039599482e-01 8.536640873918980299e-01 0.000000000000000000e+00 7.396449704142011444e-03 0.000000000000000000e+00
2.700000000000000000e+02 1.079998512447106762e-01 2.226900318616295005e-01 7.627446517979061813e-01 0.000000000000000000e+00 1.456531634046426965e-02 0.000000000000000000e+00
3.000000000000000000e+02 1.199998347163453438e-01 3.764223941738734647e-01 5.927401001365498745e-01 0.000000000000000000e+00 3.083750568957669552e-02 0.000000000000000000e+00
3.300000000000000000e+02 1.319998181879797894e-01 5.170687300864815761e-01 4.211424670004551563e-01 5.689576695493854790e-04 6.121984524351388457e-02 0.000000000000000000e+00
3.600000000000000000e+02 1.439998016596142349e-01 6.470186618115612021e-01 2.461310878470641672e-01 3.868912152935821518e-03 1.029813381884387841e-01 0.000000000000000000e+00
3.900000000000000000e+02 1.559997851312489026e-01 7.187073281747837772e-01 1.261948111060537114e-01 1.012744651797906244e-02 1.449704142011834229e-01 0.000000000000000000e+00
4.200000000000000000e+02 1.679997686028833481e-01 7.612653618570778269e-01 6.611288120163859305e-02 1.741010468821119553e-02 1.552116522530723741e-01 0.000000000000000000e+00
4.500000000000000000e+02 1.799997520745177937e-01 7.965407373691397730e-01 3.948566226672735324e-02 2.389622212107419055e-02 1.400773782430587144e-01 0.000000000000000000e+00
4.800000000000000000e+02 1.919997355461524613e-01 8.264679107874374209e-01 2.935821574874829254e-02 2.537551206190259354e-02 1.187983614019117035e-01 0.000000000000000000e+00
5.100000000000000000e+02 2.039997190177869069e-01 8.598088302230314506e-01 2.378243058716431393e-02 2.435138825671370050e-02 9.205735093309057315e-02 0.000000000000000000e+00
5.400000000000000000e+02 2.159997024894215745e-01 8.979289940828402150e-01 1.661356395084205573e-02 2.503413746017296368e-02 6.042330450614474130e-02 0.000000000000000000e+00
5.700000000000000000e+02 2.279996859610560200e-01 9.131770596267637652e-01 1.502048247610377786e-02 2.514792899408284030e-02 4.665452890304961492e-02 0.000000000000000000e+00
6.000000000000000000e+02 2.399996694326904656e-01 9.271734182976786309e-01 1.285844333181611343e-02 2.344105598543468408e-02 3.652708238507055422e-02 0.000000000000000000e+00
6.300000000000000000e+02 2.519996529043251332e-01 9.363905325443786509e-01 1.308602639963586667e-02 2.241693218024579104e-02 2.810650887573964626e-02 0.000000000000000000e+00
6.600000000000000000e+02 2.639996363759595788e-01 9.429904415111515226e-01 1.319981793354574502e-02 2.230314064633591095e-02 2.150659990896677115e-02 0.000000000000000000e+00
6.900000000000000000e+02 2.759996198475940243e-01 9.482248520710059303e-01 1.297223486572599005e-02 2.036868456986800149e-02 1.820664542558033533e-02 2.275830678197542133e-04
7.200000000000000000e+02 2.879996033192286919e-01 9.544833864360491305e-01 1.342740100136549826e-02 1.604460628129267263e-02 1.604460628129267263e-02 0.000000000000000000e+00
7.500000000000000000e+02 2.999995867908631375e-01 9.589212562585344157e-01 1.183431952662721866e-02 1.718252162039144229e-02 1.206190259444697363e-02 0.000000000000000000e+00
7.800000000000000000e+02 3.119995702624978051e-01 9.648384160218479444e-01 1.069640418752844727e-02 1.558944014565316269e-02 8.875739644970414427e-03 0.000000000000000000e+00
8.100000000000000000e+02 3.239995537341322507e-01 9.655211652253072874e-01 1.081019572143832562e-02 1.433773327264451468e-02 9.103322712790167665e-03 2.275830678197542133e-04
8.400000000000000000e+02 3.359995372057666962e-01 9.671142467000455323e-01 1.228948566226672687e-02 1.331360946745562164e-02 7.282658170232134826e-03 0.000000000000000000e+00
8.700000000000000000e+02 3.479995206774013639e-01 9.684797451069639962e-01 1.228948566226672687e-02 1.456531634046426965e-02 4.665452890304961318e-03 0.000000000000000000e+00
9.000000000000000000e+02 3.599995041490358094e-01 9.715521165225307065e-01 1.035502958579881741e-02 1.376877560309512985e-02 4.324078288575329727e-03 0.000000000000000000e+00
9.300000000000000000e+02 3.719994876206702550e-01 9.730314064633591720e-01 1.103777878925807886e-02 1.217569412835685025e-02 3.527537551206190360e-03 2.275830678197542133e-04
9.600000000000000000e+02 3.839994710923049226e-01 9.762175694128356618e-01 9.558488848429677609e-03 1.092398725534820224e-02 3.186162949476558769e-03 1.137915339098771066e-04
9.900000000000000000e+02 3.959994545639393682e-01 9.806554392353209471e-01 6.827492034592626616e-03 9.672280382339554228e-03 2.617205279927173507e-03 2.275830678197542133e-04
1.020000000000000000e+03 4.079994380355738137e-01 9.805416477014110566e-01 7.055075102412380721e-03 9.330905780609922637e-03 2.275830678197541916e-03 7.965407373691396923e-04
1.050000000000000000e+03 4.199994215072084813e-01 9.816795630405097395e-01 6.258534365043240920e-03 8.192990441511151245e-03 3.527537551206190360e-03 3.413746017296313199e-04
1.080000000000000000e+03 4.319994049788431489e-01 9.831588529813382049e-01 5.803368229403732710e-03 7.851615839781519654e-03 2.730996813837050560e-03 4.551661356395084266e-04
1.110000000000000000e+03 4.439993884504775945e-01 9.841829767865271084e-01 6.258534365043240920e-03 7.168866636322257339e-03 2.048247610377787811e-03 3.413746017296313199e-04
1.140000000000000000e+03 4.559993719221118180e-01 9.869139736003641472e-01 4.779244424214838804e-03 5.234410559854347014e-03 2.617205279927173507e-03 4.551661356395084266e-04
1.170000000000000000e+03 4.679993553937464856e-01 9.866863905325443662e-01 5.120619025944469528e-03 5.575785161583977738e-03 2.275830678197541916e-03 3.413746017296313199e-04
1.200000000000000000e+03 4.799993388653811532e-01 9.901001365498406370e-01 4.437869822485207214e-03 4.324078288575329727e-03 6.827492034592626399e-04 4.551661356395084266e-04
1.230000000000000000e+03 4.919993223370155988e-01 9.888484296768320636e-01 4.665452890304961318e-03 5.006827492034592909e-03 1.137915339098770958e-03 3.413746017296313199e-04
1.260000000000000000e+03 5.039993058086500444e-01 9.899863450159308575e-01 4.210286754665453109e-03 4.779244424214838804e-03 7.965407373691396923e-04 2.275830678197542133e-04
1.290000000000000000e+03 5.159992892802847120e-01 9.911242603550295405e-01 2.958579881656804664e-03 4.437869822485207214e-03 7.965407373691396923e-04 6.827492034592626399e-04
1.320000000000000000e+03 5.279992727519193796e-01 9.915794264906691025e-01 2.844788347746927612e-03 3.755120619025944465e-03 1.365498406918525280e-03 4.551661356395084266e-04
1.350000000000000000e+03 5.399992562235536031e-01 9.906690942193900895e-01 4.437869822485207214e-03 3.755120619025944465e-03 9.103322712790168532e-04 2.275830678197542133e-04
1.380000000000000000e+03 5.519992396951884928e-01 9.912380518889394310e-01 2.617205279927173507e-03 4.437869822485207214e-03 1.251706873008648227e-03 4.551661356395084266e-04
1.410000000000000000e+03 5.639992231668227163e-01 9.940828402366863603e-01 2.617205279927173507e-03 2.275830678197541916e-03 7.965407373691396923e-04 2.275830678197542133e-04
1.440000000000000000e+03 5.759992066384573839e-01 9.927173418297678964e-01 2.617205279927173507e-03 2.958579881656804664e-03 1.024123805188893906e-03 6.827492034592626399e-04
1.470000000000000000e+03 5.879991901100918295e-01 9.935138825671370189e-01 2.162039144287664864e-03 3.072371415566681717e-03 9.103322712790168532e-04 3.413746017296313199e-04
1.500000000000000000e+03 5.999991735817264971e-01 9.923759672280382249e-01 2.048247610377787811e-03 3.072371415566681717e-03 1.137915339098770958e-03 1.365498406918525280e-03
1.530000000000000000e+03 6.119991570533609426e-01 9.934000910332271284e-01 1.706873008648156654e-03 3.527537551206190360e-03 9.103322712790168532e-04 4.551661356395084266e-04
1.560000000000000000e+03 6.239991405249956102e-01 9.946517979062358128e-01 1.479289940828402332e-03 2.730996813837050560e-03 4.551661356395084266e-04 6.827492034592626399e-04
1.590000000000000000e+03 6.359991239966298338e-01 9.938552571688666903e-01 1.479289940828402332e-03 2.503413746017296455e-03 9.103322712790168532e-04 1.251706873008648227e-03
1.620000000000000000e+03 6.479991074682645014e-01 9.928311333636777869e-01 2.389622212107419402e-03 3.868912152935821518e-03 3.413746017296313199e-04 5.689576695493854790e-04
1.650000000000000000e+03 6.599990909398989469e-01 9.941966317705962508e-01 1.934456076467910759e-03 3.072371415566681717e-03 2.275830678197542133e-04 5.689576695493854790e-04
1.680000000000000000e+03 6.719990744115336145e-01 9.952207555757851543e-01 1.365498406918525280e-03 2.275830678197541916e-03 4.551661356395084266e-04 6.827492034592626399e-04
1.710000000000000000e+03 6.839990578831680601e-01 9.961310878470641672e-01 6.827492034592626399e-04 2.275830678197541916e-03 2.275830678197542133e-04 6.827492034592626399e-04
1.740000000000000000e+03 6.959990413548025057e-01 9.957897132453344957e-01 9.103322712790168532e-04 2.162039144287664864e-03 5.689576695493854790e-04 5.689576695493854790e-04
1.770000000000000000e+03 7.079990248264371733e-01 9.967000455166135087e-01 1.137915339098771066e-04 1.706873008648156654e-03 5.689576695493854790e-04 9.103322712790168532e-04
1.800000000000000000e+03 7.199990082980718409e-01 9.968138370505233992e-01 5.689576695493854790e-04 1.593081474738279385e-03 6.827492034592626399e-04 3.413746017296313199e-04
1.830000000000000000e+03 7.319989917697060644e-01 9.963586709148839482e-01 1.137915339098770958e-03 1.706873008648156654e-03 3.413746017296313199e-04 4.551661356395084266e-04
1.860000000000000000e+03 7.439989752413405100e-01 9.963586709148839482e-01 4.551661356395084266e-04 1.593081474738279385e-03 6.827492034592626399e-04 9.103322712790168532e-04
1.890000000000000000e+03 7.559989587129751776e-01 9.972690031861629611e-01 5.689576695493854790e-04 1.251706873008648227e-03 1.137915339098771066e-04 7.965407373691396923e-04
1.920000000000000000e+03 7.679989421846098452e-01 9.969276285844332897e-01 0.000000000000000000e+00 1.365498406918525280e-03 5.689576695493854790e-04 1.137915339098770958e-03
1.950000000000000000e+03 7.799989256562442907e-01 9.984069185252617551e-01 2.275830678197542133e-04 9.103322712790168532e-04 1.137915339098771066e-04 3.413746017296313199e-04
1.980000000000000000e+03 7.919989091278785143e-01 9.971552116522530707e-01 4.551661356395084266e-04 1.365498406918525280e-03 2.275830678197542133e-04 7.965407373691396923e-04
2.010000000000000000e+03 8.039988925995134039e-01 9.974965862539827421e-01 6.827492034592626399e-04 6.827492034592626399e-04 4.551661356395084266e-04 6.827492034592626399e-04
2.040000000000000000e+03 8.159988760711480715e-01 9.973827947200728516e-01 4.551661356395084266e-04 7.965407373691396923e-04 2.275830678197542133e-04 1.137915339098770958e-03
2.070000000000000000e+03 8.279988595427822951e-01 9.978379608557123026e-01 3.413746017296313199e-04 4.551661356395084266e-04 4.551661356395084266e-04 9.103322712790168532e-04
2.100000000000000000e+03 8.399988430144167406e-01 9.978379608557123026e-01 4.551661356395084266e-04 2.275830678197542133e-04 5.689576695493854790e-04 9.103322712790168532e-04
2.130000000000000000e+03 8.519988264860514082e-01 9.979517523896221931e-01 1.137915339098771066e-04 9.103322712790168532e-04 2.275830678197542133e-04 7.965407373691396923e-04
2.160000000000000000e+03 8.639988099576860758e-01 9.973827947200728516e-01 4.551661356395084266e-04 6.827492034592626399e-04 4.551661356395084266e-04 1.024123805188893906e-03
2.190000000000000000e+03 8.759987934293205214e-01 9.982931269913518646e-01 4.551661356395084266e-04 2.275830678197542133e-04 4.551661356395084266e-04 5.689576695493854790e-04
2.220000000000000000e+03 8.879987769009547449e-01 9.973827947200728516e-01 7.965407373691396923e-04 3.413746017296313199e-04 4.551661356395084266e-04 1.024123805188893906e-03
2.250000000000000000e+03 8.999987603725894125e-01 9.978379608557123026e-01 3.413746017296313199e-04 3.413746017296313199e-04 3.413746017296313199e-04 1.137915339098770958e-03
2.280000000000000000e+03 9.119987438442243022e-01 9.973827947200728516e-01 5.689576695493854790e-04 6.827492034592626399e-04 0.000000000000000000e+00 1.365498406918525280e-03
2.310000000000000000e+03 9.239987273158585257e-01 9.969276285844332897e-01 7.965407373691396923e-04 6.827492034592626399e-04 4.551661356395084266e-04 1.137915339098770958e-03
2.340000000000000000e+03 9.359987107874929713e-01 9.973827947200728516e-01 9.103322712790168532e-04 6.827492034592626399e-04 2.275830678197542133e-04 7.965407373691396923e-04
2.370000000000000000e+03 9.479986942591276389e-01 9.976103777878926326e-01 6.827492034592626399e-04 7.965407373691396923e-04 3.413746017296313199e-04 5.689576695493854790e-04
2.400000000000000000e+03 9.599986777307623065e-01 9.978379608557123026e-01 9.103322712790168532e-04 4.551661356395084266e-04 1.137915339098771066e-04 6.827492034592626399e-04
2.430000000000000000e+03 9.719986612023967520e-01 9.979517523896221931e-01 3.413746017296313199e-04 4.551661356395084266e-04 1.137915339098771066e-04 1.137915339098770958e-03
2.460000000000000000e+03 9.839986446740309756e-01 9.972690031861629611e-01 1.024123805188893906e-03 4.551661356395084266e-04 2.275830678197542133e-04 1.024123805188893906e-03
2.490000000000000000e+03 9.959986281456656432e-01 9.986345015930814251e-01 4.551661356395084266e-04 6.827492034592626399e-04 0.000000000000000000e+00 2.275830678197542133e-04
