# itime ezz other fcc hcp bcc ico
0.000000000000000000e+00 0.000000000000000000e+00 0.000000000000000000e+00 1.000000000000000000e+00 0.000000000000000000e+00 0.000000000000000000e+00 0.000000000000000000e+00
3.000000000000000000e+00 1.200032190366684404e-03 0.000000000000000000e+00 1.000000000000000000e+00 0.000000000000000000e+00 0.000000000000000000e+00 0.000000000000000000e+00
6.000000000000000000e+00 2.400064380733368807e-03 0.000000000000000000e+00 1.000000000000000000e+00 0.000000000000000000e+00 0.000000000000000000e+00 0.000000000000000000e+00
9.000000000000000000e+00 3.600096571100053211e-03 0.000000000000000000e+00 1.000000000000000000e+00 0.000000000000000000e+00 0.000000000000000000e+00 0.000000000000000000e+00
1.200000000000000000e+01 4.800128761466737615e-03 0.000000000000000000e+00 1.000000000000000000e+00 0.000000000000000000e+00 0.000000000000000000e+00 0.000000000000000000e+00
1.500000000000000000e+01 6.000160951833422018e-03 0.000000000000000000e+00 1.000000000000000000e+00 0.000000000000000000e+00 0.000000000000000000e+00 0.000000000000000000e+00
1.800000000000000000e+01 7.200193142200106422e-03 0.000000000000000000e+00 1.000000000000000000e+00 0.000000000000000000e+00 0.000000000000000000e+00 0.000000000000000000e+00
2.100000000000000000e+01 8.400225332566790826e-03 0.000000000000000000e+00 1.000000000000000000e+00 0.000000000000000000e+00 0.000000000000000000e+00 0.000000000000000000e+00
2.400000000000000000e+01 9.600257522933475229e-03 0.000000000000000000e+00 1.000000000000000000e+00 0.000000000000000000e+00 0.000000000000000000e+00 0.000000000000000000e+00
2.700000000000000000e+01 1.080028971330015963e-02 0.000000000000000000e+00 1.000000000000000000e+00 0.000000000000000000e+00 0.000000000000000000e+00 0.000000000000000000e+00
3.000000000000000000e+01 1.200032190366684404e-02 0.000000000000000000e+00 1.000000000000000000e+00 0.000000000000000000e+00 0.000000000000000000e+00 0.000000000000000000e+00
3.300000000000000000e+01 1.320035409403352844e-02 0.000000000000000000e+00 1.000000000000000000e+00 0.000000000000000000e+00 0.000000000000000000e+00 0.000000000000000000e+00
3.600000000000000000e+01 1.440038628439999080e-02 0.000000000000000000e+00 1.000000000000000000e+00 0.000000000000000000e+00 0.000000000000000000e+00 0.000000000000000000e+00
3.900000000000000000e+01 1.560041847476667520e-02 0.000000000000000000e+00 1.000000000000000000e+00 0.000000000000000000e+00 0.000000000000000000e+00 0.000000000000000000e+00
4.200000000000000000e+01 1.680045066513335961e-02 0.000000000000000000e+00 1.000000000000000000e+00 0.000000000000000000e+00 0.000000000000000000e+00 0.000000000000000000e+00
4.500000000000000000e+01 1.800048285550004401e-02 0.000000000000000000e+00 1.000000000000000000e+00 0.000000000000000000e+00 0.000000000000000000e+00 0.000000000000000000e+00
4.800000000000000000e+01 1.920051504586672841e-02 0.000000000000000000e+00 1.000000000000000000e+00 0.000000000000000000e+00 0.000000000000000000e+00 0.000000000000000000e+00
5.100000000000000000e+01 2.040054723623341282e-02 0.000000000000000000e+00 1.000000000000000000e+00 0.000000000000000000e+00 0.000000000000000000e+00 0.000000000000000000e+00
5.400000000000000000e+01 2.160057942660009722e-02 0.000000000000000000e+00 1.000000000000000000e+00 0.000000000000000000e+00 0.000000000000000000e+00 0.000000000000000000e+00
5.700000000000000000e+01 2.280061161696678163e-02 0.000000000000000000e+00 1.000000000000000000e+00 0.000000000000000000e+00 0.000000000000000000e+00 0.000000000000000000e+00
6.000000000000000000e+01 2.400064380733346603e-02 0.000000000000000000e+00 1.000000000000000000e+00 0.000000000000000000e+00 0.000000000000000000e+00 0.000000000000000000e+00
6.300000000000000000e+01 2.520067599770015043e-02 0.000000000000000000e+00 1.000000000000000000e+00 0.000000000000000000e+00 0.000000000000000000e+00 0.000000000000000000e+00
6.600000000000000000e+01 2.640070818806683484e-02 0.000000000000000000e+00 1.000000000000000000e+00 0.000000000000000000e+00 0.000000000000000000e+00 0.000000000000000000e+00
6.900000000000000000e+01 2.760074037843351924e-02 0.000000000000000000e+00 1.000000000000000000e+00 0.000000000000000000e+00 0.000000000000000000e+00 0.000000000000000000e+00
7.200000000000000000e+01 2.880077256880020364e-02 0.000000000000000000e+00 1.000000000000000000e+00 0.000000000000000000e+00 0.000000000000000000e+00 0.000000000000000000e+00
7.500000000000000000e+01 3.000080475916688805e-02 0.000000000000000000e+00 1.000000000000000000e+00 0.000000000000000000e+00 0.000000000000000000e+00 0.000000000000000000e+00
7.800000000000000000e+01 3.120083694953357245e-02 0.000000000000000000e+00 1.000000000000000000e+00 0.000000000000000000e+00 0.000000000000000000e+00 0.000000000000000000e+00
8.100000000000000000e+01 3.240086913990025685e-02 0.000000000000000000e+00 1.000000000000000000e+00 0.000000000000000000e+00 0.000000000000000000e+00 0.000000000000000000e+00
8.400000000000000000e+01 3.360090133026694126e-02 0.000000000000000000e+00 1.000000000000000000e+00 0.000000000000000000e+00 0.000000000000000000e+00 0.000000000000000000e+00
8.700000000000000000e+01 3.480093352063362566e-02 0.000000000000000000e+00 1.000000000000000000e+00 0.000000000000000000e+00 0.000000000000000000e+00 0.000000000000000000e+00
9.000000000000000000e+01 3.600096571100031007e-02 0.000000000000000000e+00 1.000000000000000000e+00 0.000000000000000000e+00 0.000000000000000000e+00 0.000000000000000000e+00
9.300000000000000000e+01 3.720099790136699447e-02 0.000000000000000000e+00 1.000000000000000000e+00 0.000000000000000000e+00 0.000000000000000000e+00 0.000000000000000000e+00
9.600000000000000000e+01 3.840103009173367887e-02 0.000000000000000000e+00 1.000000000000000000e+00 0.000000000000000000e+00 0.000000000000000000e+00 0.000000000000000000e+00
9.900000000000000000e+01 3.960106228210036328e-02 0.000000000000000000e+00 1.000000000000000000e+00 0.000000000000000000e+00 0.000000000000000000e+00 0.000000000000000000e+00
1.020000000000000000e+02 4.080109447246682564e-02 0.000000000000000000e+00 1.000000000000000000e+00 0.000000000000000000e+00 0.000000000000000000e+00 0.000000000000000000e+00
1.050000000000000000e+02 4.200112666283351004e-02 0.000000000000000000e+00 1.000000000000000000e+00 0.000000000000000000e+00 0.000000000000000000e+00 0.000000000000000000e+00
1.080000000000000000e+02 4.320115885320019444e-02 0.000000000000000000e+00 1.000000000000000000e+00 0.000000000000000000e+00 0.000000000000000000e+00 0.000000000000000000e+00
1.110000000000000000e+02 4.440119104356687885e-02 0.000000000000000000e+00 1.000000000000000000e+00 0.000000000000000000e+00 0.000000000000000000e+00 0.000000000000000000e+00
1.140000000000000000e+02 4.560122323393356325e-02 0.000000000000000000e+00 1.000000000000000000e+00 0.000000000000000000e+00 0.000000000000000000e+00 0.000000000000000000e+00
1.170000000000000000e+02 4.680125542430024765e-02 0.000000000000000000e+00 1.000000000000000000e+00 0.000000000000000000e+00 0.000000000000000000e+00 0.000000000000000000e+00
1.200000000000000000e+02 4.800128761466693206e-02 0.000000000000000000e+00 1.000000000000000000e+00 0.000000000000000000e+00 0.000000000000000000e+00 0.000000000000000000e+00
1.230000000000000000e+02 4.920131980503361646e-02 0.000000000000000000e+00 1.000000000000000000e+00 0.000000000000000000e+00 0.000000000000000000e+00 0.000000000000000000e+00
1.260000000000000000e+02 5.040135199540030086e-02 0.000000000000000000e+00 1.000000000000000000e+00 0.000000000000000000e+00 0.000000000000000000e+00 0.000000000000000000e+00
1.290000000000000000e+02 5.160138418576698527e-02 0.000000000000000000e+00 1.000000000000000000e+00 0.000000000000000000e+00 0.000000000000000000e+00 0.000000000000000000e+00
1.320000000000000000e+02 5.280141637613366967e-02 0.000000000000000000e+00 1.000000000000000000e+00 0.000000000000000000e+00 0.000000000000000000e+00 0.000000000000000000e+00
1.350000000000000000e+02 5.400144856650035408e-02 0.000000000000000000e+00 1.000000000000000000e+00 0.000000000000000000e+00 0.000000000000000000e+00 0.000000000000000000e+00
1.380000000000000000e+02 5.520148075686703848e-02 0.000000000000000000e+00 1.000000000000000000e+00 0.000000000000000000e+00 0.000000000000000000e+00 0.000000000000000000e+00
1.410000000000000000e+02 5.640151294723372288e-02 0.000000000000000000e+00 1.000000000000000000e+00 0.000000000000000000e+00 0.000000000000000000e+00 0.000000000000000000e+00
1.440000000000000000e+02 5.760154513760040729e-02 0.000000000000000000e+00 1.000000000000000000e+00 0.000000000000000000e+00 0.000000000000000000e+00 0.000000000000000000e+00
1.470000000000000000e+02 5.880157732796709169e-02 0.000000000000000000e+00 1.000000000000000000e+00 0.000000000000000000e+00 0.000000000000000000e+00 0.000000000000000000e+00
1.500000000000000000e+02 6.000160951833377609e-02 0.000000000000000000e+00 1.000000000000000000e+00 0.000000000000000000e+00 0.000000000000000000e+00 0.000000000000000000e+00
1.530000000000000000e+02 6.120164170870046050e-02 0.000000000000000000e+00 1.000000000000000000e+00 0.000000000000000000e+00 0.000000000000000000e+00 0.000000000000000000e+00
1.560000000000000000e+02 6.240167389906714490e-02 0.000000000000000000e+00 1.000000000000000000e+00 0.000000000000000000e+00 0.000000000000000000e+00 0.000000000000000000e+00
1.590000000000000000e+02 6.360170608943382931e-02 0.000000000000000000e+00 1.000000000000000000e+00 0.000000000000000000e+00 0.000000000000000000e+00 0.000000000000000000e+00
1.620000000000000000e+02 6.480173827980051371e-02 0.000000000000000000e+00 1.000000000000000000e+00 0.000000000000000000e+00 0.000000000000000000e+00 0.000000000000000000e+00
1.650000000000000000e+02 6.600177047016719811e-02 1.137915339098771066e-04 9.998862084660901095e-01 0.000000000000000000e+00 0.000000000000000000e+00 0.000000000000000000e+00
1.680000000000000000e+02 6.720180266053388252e-02 0.000000000000000000e+00 1.000000000000000000e+00 0.000000000000000000e+00 0.000000000000000000e+00 0.000000000000000000e+00
1.710000000000000000e+02 6.840183485090034488e-02 0.000000000000000000e+00 1.000000000000000000e+00 0.000000000000000000e+00 0.000000000000000000e+00 0.000000000000000000e+00
1.740000000000000000e+02 6.960186704126702928e-02 0.000000000000000000e+00 1.000000000000000000e+00 0.000000000000000000e+00 0.000000000000000000e+00 0.000000000000000000e+00
1.770000000000000000e+02 7.080189923163371368e-02 0.000000000000000000e+00 1.000000000000000000e+00 0.000000000000000000e+00 0.000000000000000000e+00 0.000000000000000000e+00
1.800000000000000000e+02 7.200193142200039809e-02 0.000000000000000000e+00 1.000000000000000000e+00 0.000000000000000000e+00 0.000000000000000000e+00 0.000000000000000000e+00
1.830000000000000000e+02 7.320196361236708249e-02 0.000000000000000000e+00 1.000000000000000000e+00 0.000000000000000000e+00 0.000000000000000000e+00 0.000000000000000000e+00
1.860000000000000000e+02 7.440199580273376689e-02 0.000000000000000000e+00 1.000000000000000000e+00 0.000000000000000000e+00 0.000000000000000000e+00 0.000000000000000000e+00
1.890000000000000000e+02 7.560202799310045130e-02 0.000000000000000000e+00 1.000000000000000000e+00 0.000000000000000000e+00 0.000000000000000000e+00 0.000000000000000000e+00
1.920000000000000000e+02 7.680206018346713570e-02 1.137915339098771066e-04 9.998862084660901095e-01 0.000000000000000000e+00 0.000000000000000000e+00 0.000000000000000000e+00
1.950000000000000000e+02 7.800209237383382010e-02 1.137915339098771066e-04 9.998862084660901095e-01 0.000000000000000000e+00 0.000000000000000000e+00 0.000000000000000000e+00
1.980000000000000000e+02 7.920212456420050451e-02 0.000000000000000000e+00 1.000000000000000000e+00 0.000000000000000000e+00 0.000000000000000000e+00 0.000000000000000000e+00
2.010000000000000000e+02 8.040215675456718891e-02 0.000000000000000000e+00 1.000000000000000000e+00 0.000000000000000000e+00 0.000000000000000000e+00 0.000000000000000000e+00
2.040000000000000000e+02 8.160218894493387332e-02 0.000000000000000000e+00 1.000000000000000000e+00 0.000000000000000000e+00 0.000000000000000000e+00 0.000000000000000000e+00
2.070000000000000000e+02 8.280222113530055772e-02 0.000000000000000000e+00 1.000000000000000000e+00 0.000000000000000000e+00 0.000000000000000000e+00 0.000000000000000000e+00
2.100000000000000000e+02 8.400225332566724212e-02 0.000000000000000000e+00 1.000000000000000000e+00 0.000000000000000000e+00 0.000000000000000000e+00 0.000000000000000000e+00
2.130000000000000000e+02 8.520228551603392653e-02 2.275830678197542133e-04 9.997724169321802190e-01 0.000000000000000000e+00 0.000000000000000000e+00 0.000000000000000000e+00
2.160000000000000000e+02 8.640231770640061093e-02 0.000000000000000000e+00 1.000000000000000000e+00 0.000000000000000000e+00 0.000000000000000000e+00 0.000000000000000000e+00
2.190000000000000000e+02 8.760234989676729533e-02 0.000000000000000000e+00 1.000000000000000000e+00 0.000000000000000000e+00 0.000000000000000000e+00 0.000000000000000000e+00
2.220000000000000000e+02 8.880238208713397974e-02 0.000000000000000000e+00 1.000000000000000000e+00 0.000000000000000000e+00 0.000000000000000000e+00 0.000000000000000000e+00
2.250000000000000000e+02 9.000241427750066414e-02 1.137915339098771066e-04 9.998862084660901095e-01 0.000000000000000000e+00 0.000000000000000000e+00 0.000000000000000000e+00
2.280000000000000000e+02 9.120244646786734855e-02 1.137915339098771066e-04 9.998862084660901095e-01 0.000000000000000000e+00 0.000000000000000000e+00 0.000000000000000000e+00
2.310000000000000000e+02 9.240247865823403295e-02 0.000000000000000000e+00 1.000000000000000000e+00 0.000000000000000000e+00 0.000000000000000000e+00 0.000000000000000000e+00
2.340000000000000000e+02 9.360251084860071735e-02 0.000000000000000000e+00 1.000000000000000000e+00 0.000000000000000000e+00 0.000000000000000000e+00 0.000000000000000000e+00
2.370000000000000000e+02 9.480254303896717971e-02 1.137915339098771066e-04 9.998862084660901095e-01 0.000000000000000000e+00 0.000000000000000000e+00 0.000000000000000000e+00
2.400000000000000000e+02 9.600257522933386412e-02 0.000000000000000000e+00 1.000000000000000000e+00 0.000000000000000000e+00 0.000000000000000000e+00 0.000000000000000000e+00
2.430000000000000000e+02 9.720260741970054852e-02 0.000000000000000000e+00 1.000000000000000000e+00 0.000000000000000000e+00 0.000000000000000000e+00 0.000000000000000000e+00
2.460000000000000000e+02 9.840263961006723292e-02 0.000000000000000000e+00 1.000000000000000000e+00 0.000000000000000000e+00 0.000000000000000000e+00 0.000000000000000000e+00
2.490000000000000000e+02 9.960267180043391733e-02 4.551661356395084266e-04 9.995448338643604380e-01 0.000000000000000000e+00 0.000000000000000000e+00 0.000000000000000000e+00
2.520000000000000000e+02 1.008027039908006017e-01 6.827492034592626399e-04 9.993172507965407680e-01 0.000000000000000000e+00 0.000000000000000000e+00 0.000000000000000000e+00
2.550000000000000000e+02 1.020027361811672861e-01 1.024123805188893906e-03 9.988620846609012061e-01 0.000000000000000000e+00 1.137915339098771066e-04 0.000000000000000000e+00
2.580000000000000000e+02 1.032027683715339705e-01 5.689576695493854790e-04 9.992034592626308775e-01 0.000000000000000000e+00 2.275830678197542133e-04 0.000000000000000000e+00
2.610000000000000000e+02 1.044028005619006549e-01 1.251706873008648227e-03 9.986345015930814251e-01 0.000000000000000000e+00 1.137915339098771066e-04 0.000000000000000000e+00
2.640000000000000000e+02 1.056028327522673393e-01 1.593081474738279385e-03 9.982931269913518646e-01 0.000000000000000000e+00 1.137915339098771066e-04 0.000000000000000000e+00
2.670000000000000000e+02 1.068028649426340237e-01 1.024123805188893906e-03 9.988620846609012061e-01 0.000000000000000000e+00 1.137915339098771066e-04 0.000000000000000000e+00
2.700000000000000000e+02 1.080028971330007082e-01 6.827492034592626399e-04 9.992034592626308775e-01 0.000000000000000000e+00 1.137915339098771066e-04 0.000000000000000000e+00
2.730000000000000000e+02 1.092029293233673926e-01 6.827492034592626399e-04 9.993172507965407680e-01 0.000000000000000000e+00 0.000000000000000000e+00 0.000000000000000000e+00
2.760000000000000000e+02 1.104029615137340770e-01 1.251706873008648227e-03 9.987482931269913156e-01 0.000000000000000000e+00 0.000000000000000000e+00 0.000000000000000000e+00
2.790000000000000000e+02 1.116029937041007614e-01 4.551661356395084266e-04 9.995448338643604380e-01 0.000000000000000000e+00 0.000000000000000000e+00 0.000000000000000000e+00
2.820000000000000000e+02 1.128030258944674458e-01 1.137915339098771066e-04 9.998862084660901095e-01 0.000000000000000000e+00 0.000000000000000000e+00 0.000000000000000000e+00
2.850000000000000000e+02 1.140030580848341302e-01 6.827492034592626399e-04 9.993172507965407680e-01 0.000000000000000000e+00 0.000000000000000000e+00 0.000000000000000000e+00
2.880000000000000000e+02 1.152030902752008146e-01 1.934456076467910759e-03 9.980655439235320836e-01 0.000000000000000000e+00 0.000000000000000000e+00 0.000000000000000000e+00
2.910000000000000000e+02 1.164031224655674990e-01 2.503413746017296455e-03 9.974965862539827421e-01 0.000000000000000000e+00 0.000000000000000000e+00 0.000000000000000000e+00
2.940000000000000000e+02 1.176031546559341834e-01 2.844788347746927612e-03 9.971552116522530707e-01 0.000000000000000000e+00 0.000000000000000000e+00 0.000000000000000000e+00
2.970000000000000000e+02 1.188031868463008678e-01 1.820664542558033706e-03 9.981793354574419741e-01 0.000000000000000000e+00 0.000000000000000000e+00 0.000000000000000000e+00
3.000000000000000000e+02 1.200032190366675522e-01 1.593081474738279385e-03 9.984069185252617551e-01 0.000000000000000000e+00 0.000000000000000000e+00 0.000000000000000000e+00
3.030000000000000000e+02 1.212032512270342366e-01 3.413746017296313308e-03 9.965862539827037292e-01 0.000000000000000000e+00 0.000000000000000000e+00 0.000000000000000000e+00
3.060000000000000000e+02 1.224032834174006990e-01 5.461993627674101119e-03 9.945380063723259223e-01 0.000000000000000000e+00 0.000000000000000000e+00 0.000000000000000000e+00
3.090000000000000000e+02 1.236033156077673834e-01 6.827492034592626616e-03 9.931725079654073474e-01 0.000000000000000000e+00 0.000000000000000000e+00 0.000000000000000000e+00
3.120000000000000000e+02 1.248033477981340678e-01 6.713700500682749130e-03 9.930587164314974569e-01 0.000000000000000000e+00 2.275830678197542133e-04 0.000000000000000000e+00
3.150000000000000000e+02 1.260033799885007522e-01 8.875739644970414427e-03 9.905553026854801990e-01 0.000000000000000000e+00 5.689576695493854790e-04 0.000000000000000000e+00
3.180000000000000000e+02 1.272034121788674366e-01 9.558488848429677609e-03 9.899863450159308575e-01 0.000000000000000000e+00 4.551661356395084266e-04 0.000000000000000000e+00
3.210000000000000000e+02 1.284034443692341210e-01 1.046882111970869403e-02 9.887346381429221731e-01 0.000000000000000000e+00 7.965407373691396923e-04 0.000000000000000000e+00
3.240000000000000000e+02 1.296034765596008054e-01 1.149294492489758707e-02 9.878243058716431602e-01 0.000000000000000000e+00 6.827492034592626399e-04 0.000000000000000000e+00
3.270000000000000000e+02 1.308035087499674898e-01 1.422394173873463806e-02 9.846381429221665593e-01 0.000000000000000000e+00 1.137915339098770958e-03 0.000000000000000000e+00
3.300000000000000000e+02 1.320035409403341742e-01 1.729631315430131891e-02 9.813381884387801790e-01 0.000000000000000000e+00 1.365498406918525280e-03 0.000000000000000000e+00
3.330000000000000000e+02 1.332035731307008586e-01 1.934456076467910846e-02 9.795175238962221531e-01 0.000000000000000000e+00 1.137915339098770958e-03 0.000000000000000000e+00
3.360000000000000000e+02 1.344036053210675430e-01 2.583067819754210348e-02 9.728038233955393910e-01 0.000000000000000000e+00 1.365498406918525280e-03 0.000000000000000000e+00
3.390000000000000000e+02 1.356036375114342274e-01 2.844788347746927612e-02 9.698452435138825711e-01 0.000000000000000000e+00 1.706873008648156654e-03 0.000000000000000000e+00
3.420000000000000000e+02 1.368036697018009118e-01 3.277196176604460498e-02 9.656349567592170668e-01 0.000000000000000000e+00 1.593081474738279385e-03 0.000000000000000000e+00
3.450000000000000000e+02 1.380037018921675962e-01 3.311333636777423484e-02 9.658625398270368478e-01 0.000000000000000000e+00 1.024123805188893906e-03 0.000000000000000000e+00
3.480000000000000000e+02 1.392037340825342806e-01 3.880291306326809353e-02 9.592626308602639762e-01 0.000000000000000000e+00 1.934456076467910759e-03 0.000000000000000000e+00
3.510000000000000000e+02 1.404037662729009650e-01 5.154756486117433034e-02 9.453800637232590010e-01 0.000000000000000000e+00 3.072371415566681717e-03 0.000000000000000000e+00
3.540000000000000000e+02 1.416037984632676494e-01 5.860263996358670846e-02 9.382111970869366768e-01 0.000000000000000000e+00 3.186162949476558769e-03 0.000000000000000000e+00
3.570000000000000000e+02 1.428038306536343338e-01 6.474738279472007363e-02 9.314974965862540257e-01 0.000000000000000000e+00 3.755120619025944465e-03 0.000000000000000000e+00
3.600000000000000000e+02 1.440038628440010182e-01 7.487482931269913433e-02 9.198907601274465273e-01 0.000000000000000000e+00 5.234410559854347014e-03 0.000000000000000000e+00
3.630000000000000000e+02 1.452038950343677026e-01 8.659535730541648157e-02 9.074874829312699065e-01 0.000000000000000000e+00 5.917159763313609329e-03 0.000000000000000000e+00
3.660000000000000000e+02 1.464039272247343870e-01 1.065088757396449731e-01 8.866636322257623881e-01 0.000000000000000000e+00 6.827492034592626616e-03 0.000000000000000000e+00
3.690000000000000000e+02 1.476039594151010714e-01 1.224396904870277691e-01 8.675466545289030051e-01 0.000000000000000000e+00 1.001365498406918582e-02 0.000000000000000000e+00
3.720000000000000000e+02 1.488039916054675338e-01 1.408739189804278646e-01 8.476331360946746107e-01 0.000000000000000000e+00 1.149294492489758707e-02 0.000000000000000000e+00
3.750000000000000000e+02 1.500040237958342182e-01 1.646563495675921751e-01 8.197542102867546587e-01 0.000000000000000000e+00 1.558944014565316269e-02 0.000000000000000000e+00
3.780000000000000000e+02 1.512040559862009026e-01 1.888939462903959920e-01 7.900546199362767918e-01 0.000000000000000000e+00 2.105143377332726468e-02 0.000000000000000000e+00
3.810000000000000000e+02 1.524040881765675870e-01 2.278106508875739622e-01 7.488620846609012061e-01 0.000000000000000000e+00 2.332726445152480746e-02 0.000000000000000000e+00
3.840000000000000000e+02 1.536041203669342714e-01 2.688893946290396020e-01 7.014110150204825311e-01 0.000000000000000000e+00 2.969959035047792587e-02 0.000000000000000000e+00
3.870000000000000000e+02 1.548041525573009558e-01 3.079198907601274349e-01 6.538461538461538547e-01 0.000000000000000000e+00 3.823395539371871044e-02 0.000000000000000000e+00
3.900000000000000000e+02 1.560041847476676402e-01 3.501365498406918686e-01 6.043468365953572619e-01 0.000000000000000000e+00 4.551661356395084179e-02 0.000000000000000000e+00
3.930000000000000000e+02 1.572042169380343246e-01 3.901911697769686049e-01 5.520027309968138507e-01 0.000000000000000000e+00 5.780609922621757213e-02 0.000000000000000000e+00
3.960000000000000000e+02 1.584042491284010090e-01 4.338871187983613931e-01 4.967000455166135642e-01 0.000000000000000000e+00 6.941283568502502888e-02 0.000000000000000000e+00
3.990000000000000000e+02 1.596042813187676934e-01 4.845243513882567243e-01 4.340009103322712836e-01 0.000000000000000000e+00 8.147473827947200598e-02 0.000000000000000000e+00
4.020000000000000000e+02 1.608043135091343778e-01 5.332271279016841392e-01 3.702776513427400995e-01 0.000000000000000000e+00 9.649522075557578904e-02 0.000000000000000000e+00
4.050000000000000000e+02 1.620043456995010622e-01 5.811333636777423761e-01 3.101957214383249672e-01 3.413746017296313199e-04 1.083295402822029990e-01 0.000000000000000000e+00
4.080000000000000000e+02 1.632043778898677466e-01 6.201638598088302645e-01 2.585343650432407880e-01 3.413746017296313199e-04 1.209604005461993592e-01 0.000000000000000000e+00
4.110000000000000000e+02 1.644044100802344310e-01 6.549840691852526486e-01 2.090350477924442507e-01 4.551661356395084266e-04 1.355257168866636219e-01 0.000000000000000000e+00
4.140000000000000000e+02 1.656044422706011154e-01 6.842284934000910646e-01 1.689804278561675144e-01 1.137915339098770958e-03 1.456531634046426826e-01 0.000000000000000000e+00
4.170000000000000000e+02 1.668044744609677998e-01 7.102867546654528796e-01 1.301775147928994070e-01 1.593081474738279385e-03 1.579426490669094130e-01 0.000000000000000000e+00
4.200000000000000000e+02 1.680045066513344842e-01 7.292899408284023721e-01 1.016158397815202508e-01 1.820664542558033706e-03 1.672735548475193512e-01 0.000000000000000000e+00
4.230000000000000000e+02 1.692045388417011686e-01 7.457897132453344957e-01 7.532999544833864081e-02 1.593081474738279385e-03 1.772872098315885214e-01 0.000000000000000000e+00
4.260000000000000000e+02 1.704045710320678531e-01 7.577378243058716656e-01 5.439235320892125969e-02 1.479289940828402332e-03 1.863905325443787064e-01 0.000000000000000000e+00
4.290000000000000000e+02 1.716046032224345375e-01 7.620619025944469493e-01 4.062357760582612637e-02 2.503413746017296455e-03 1.948111060537096040e-01 0.000000000000000000e+00
4.320000000000000000e+02 1.728046354128012219e-01 7.687756030951297115e-01 3.015475648611743234e-02 2.162039144287664864e-03 1.989076012744651900e-01 0.000000000000000000e+00
4.350000000000000000e+02 1.740046676031679063e-01 7.705962676376877374e-01 2.401001365498407064e-02 2.844788347746927612e-03 2.025489303595812418e-01 0.000000000000000000e+00
4.380000000000000000e+02 1.752046997935345907e-01 7.721893491124259823e-01 1.934456076467910846e-02 3.299954483386436255e-03 2.051661356395084179e-01 0.000000000000000000e+00
4.410000000000000000e+02 1.764047319839010530e-01 7.738962221210742287e-01 1.741010468821119553e-02 3.413746017296313308e-03 2.052799271734183084e-01 0.000000000000000000e+00
4.440000000000000000e+02 1.776047641742677374e-01 7.735548475193445572e-01 1.661356395084205573e-02 3.641329085116067413e-03 2.061902594446973214e-01 0.000000000000000000e+00
4.470000000000000000e+02 1.788047963646344218e-01 7.759444697314519246e-01 1.479289940828402289e-02 4.324078288575329727e-03 2.049385525716886647e-01 0.000000000000000000e+00
4.500000000000000000e+02 1.800048285550011062e-01 7.750341374601729116e-01 1.308602639963586667e-02 4.665452890304961318e-03 2.072143832498861971e-01 0.000000000000000000e+00
4.530000000000000000e+02 1.812048607453677906e-01 7.748065543923532417e-01 1.285844333181611343e-02 5.234410559854347014e-03 2.071005917159763343e-01 0.000000000000000000e+00
4.560000000000000000e+02 1.824048929357344750e-01 7.695721438324988339e-01 1.399635867091488309e-02 6.713700500682749130e-03 2.097177969959035104e-01 0.000000000000000000e+00
4.590000000000000000e+02 1.836049251261011594e-01 7.652480655439235502e-01 1.502048247610377786e-02 9.672280382339554228e-03 2.100591715976331264e-01 0.000000000000000000e+00
4.620000000000000000e+02 1.848049573164678439e-01 7.657032316795630011e-01 1.718252162039144229e-02 1.081019572143832562e-02 2.063040509786071841e-01 0.000000000000000000e+00
4.650000000000000000e+02 1.860049895068345283e-01 7.586481565771506785e-01 2.036868456986800149e-02 1.479289940828402289e-02 2.061902594446973214e-01 0.000000000000000000e+00
4.680000000000000000e+02 1.872050216972012127e-01 7.554619936276740777e-01 2.082385070550751144e-02 1.672735548475193582e-02 2.069868001820664438e-01 0.000000000000000000e+00
4.710000000000000000e+02 1.884050538875678971e-01 7.547792444242148457e-01 2.230314064633591095e-02 1.866181156121984527e-02 2.042558033682294050e-01 0.000000000000000000e+00
4.740000000000000000e+02 1.896050860779345815e-01 7.563723258989530907e-01 2.241693218024579104e-02 2.093764223941738806e-02 2.002730996813837094e-01 0.000000000000000000e+00
4.770000000000000000e+02 1.908051182683012659e-01 7.551206190259445172e-01 2.355484751934456070e-02 2.389622212107419055e-02 1.974283113336367801e-01 0.000000000000000000e+00
4.800000000000000000e+02 1.920051504586679503e-01 7.580791989076012261e-01 2.571688666363222686e-02 2.526172052799271692e-02 1.909421939007737712e-01 0.000000000000000000e+00
4.830000000000000000e+02 1.932051826490346347e-01 7.560309512972235302e-01 2.651342740100136666e-02 2.765134274010013632e-02 1.898042785616750050e-01 0.000000000000000000e+00
4.860000000000000000e+02 1.944052148394013191e-01 7.553482020937641872e-01 2.856167501137915274e-02 2.901684114701866268e-02 1.870732817478379661e-01 0.000000000000000000e+00
4.890000000000000000e+02 1.956052470297680035e-01 7.622894856622667303e-01 2.765134274010013632e-02 3.140646335912607862e-02 1.786527082385070686e-01 0.000000000000000000e+00
4.920000000000000000e+02 1.968052792201346879e-01 7.610377787892580459e-01 2.878925807919890598e-02 3.595812471552116418e-02 1.742148384160218388e-01 0.000000000000000000e+00
4.950000000000000000e+02 1.980053114105013723e-01 7.660446062812926726e-01 3.004096495220755572e-02 3.891670459717797015e-02 1.649977241693217911e-01 0.000000000000000000e+00
4.980000000000000000e+02 1.992053436008680567e-01 7.685480200273099305e-01 3.231679563040509851e-02 4.255803368229403583e-02 1.565771506599908935e-01 0.000000000000000000e+00
5.010000000000000000e+02 2.004053757912347411e-01 7.703686845698679564e-01 3.231679563040509851e-02 4.654073736913973830e-02 1.507737824305871721e-01 0.000000000000000000e+00
5.040000000000000000e+02 2.016054079816014255e-01 7.682066454255803700e-01 3.402366863905325473e-02 4.927173418297678409e-02 1.484979517523896120e-01 0.000000000000000000e+00
5.070000000000000000e+02 2.028054401719678879e-01 7.710514337733272994e-01 3.356850250341374825e-02 5.211652253072371344e-02 1.432635411925352875e-01 0.000000000000000000e+00
5.100000000000000000e+02 2.040054723623345723e-01 7.713928083750568598e-01 3.413746017296313134e-02 5.791989076012744875e-02 1.365498406918525254e-01 0.000000000000000000e+00
5.130000000000000000e+02 2.052055045527012567e-01 7.726445152480655443e-01 3.516158397815202785e-02 5.996813837050523482e-02 1.322257624032771861e-01 0.000000000000000000e+00
5.160000000000000000e+02 2.064055367430679411e-01 7.717341829767865313e-01 3.709604005461993731e-02 6.429221665908056715e-02 1.268775603095129711e-01 0.000000000000000000e+00
5.190000000000000000e+02 2.076055689334346255e-01 7.678652708238506985e-01 3.994082840236686666e-02 6.770596267637687959e-02 1.244879380974055483e-01 0.000000000000000000e+00
5.220000000000000000e+02 2.088056011238013099e-01 7.678652708238506985e-01 3.948566226672735324e-02 7.043695949021393232e-02 1.222121074192080159e-01 0.000000000000000000e+00
5.250000000000000000e+02 2.100056333141679943e-01 7.749203459262631322e-01 4.039599453800637313e-02 6.907146108329539902e-02 1.156121984524351443e-01 0.000000000000000000e+00
5.280000000000000000e+02 2.112056655045346787e-01 7.782203004096495125e-01 4.016841147018661989e-02 7.419208010923987462e-02 1.074192080109239861e-01 0.000000000000000000e+00
5.310000000000000000e+02 2.124056976949013631e-01 7.817478379608556738e-01 4.107874374146563284e-02 7.521620391442876419e-02 1.019572143832498806e-01 0.000000000000000000e+00
5.340000000000000000e+02 2.136057298852680475e-01 7.831133363677742487e-01 4.164770141101502288e-02 7.726445152480655720e-02 9.797451069640418508e-02 0.000000000000000000e+00
5.370000000000000000e+02 2.148057620756347319e-01 7.867546654528903005e-01 4.392353208921256219e-02 7.851615839781520001e-02 9.080564406008193035e-02 0.000000000000000000e+00
5.400000000000000000e+02 2.160057942660014163e-01 7.847064178425124936e-01 4.551661356395084179e-02 8.192990441511151245e-02 8.784706417842512438e-02 0.000000000000000000e+00
5.430000000000000000e+02 2.172058264563681007e-01 7.831133363677742487e-01 4.767865270823850449e-02 8.147473827947200598e-02 8.773327264451524776e-02 0.000000000000000000e+00
5.460000000000000000e+02 2.184058586467347851e-01 7.843650432407829332e-01 5.029585798816568060e-02 8.227127901684114231e-02 8.306781975421029252e-02 0.000000000000000000e+00
5.490000000000000000e+02 2.196058908371014695e-01 7.862994993172508496e-01 5.029585798816568060e-02 8.227127901684114231e-02 8.113336367774237612e-02 0.000000000000000000e+00
5.520000000000000000e+02 2.208059230274681539e-01 7.843650432407829332e-01 5.268548020027309653e-02 8.022303140646336317e-02 8.272644515248064878e-02 0.000000000000000000e+00
5.550000000000000000e+02 2.220059552178348383e-01 7.822030040964952358e-01 5.302685480200273332e-02 8.340919435593992237e-02 8.136094674556212936e-02 0.000000000000000000e+00
5.580000000000000000e+02 2.232059874082015227e-01 7.843650432407829332e-01 5.325443786982248656e-02 8.579881656804733137e-02 7.658170232134729749e-02 0.000000000000000000e+00
5.610000000000000000e+02 2.244060195985682071e-01 7.853891670459717256e-01 5.405097860719162289e-02 8.625398270368685172e-02 7.430587164314975124e-02 0.000000000000000000e+00
5.640000000000000000e+02 2.256060517889348915e-01 7.876649977241693135e-01 5.359581247155211642e-02 8.693673190714611143e-02 7.180245789713245175e-02 0.000000000000000000e+00
5.670000000000000000e+02 2.268060839793015759e-01 7.927856167501138307e-01 5.257168866636321991e-02 8.522985889849794827e-02 6.941283568502502888e-02 0.000000000000000000e+00
5.700000000000000000e+02 2.280061161696682603e-01 7.936959490213928436e-01 5.336822940373236318e-02 8.466090122894856518e-02 6.827492034592626269e-02 0.000000000000000000e+00
5.730000000000000000e+02 2.292061483600349447e-01 7.950614474283113076e-01 5.336822940373236318e-02 8.534365043240782489e-02 6.622667273554846967e-02 0.000000000000000000e+00
5.760000000000000000e+02 2.304061805504014071e-01 7.913063268092853653e-01 5.609922621756941591e-02 8.534365043240782489e-02 6.725079654073737312e-02 0.000000000000000000e+00
5.790000000000000000e+02 2.316062127407680915e-01 7.951752389622211981e-01 5.518889394629039602e-02 8.409194355939918208e-02 6.554392353208920996e-02 0.000000000000000000e+00
5.820000000000000000e+02 2.328062449311347759e-01 7.987027765134273594e-01 5.393718707328174627e-02 8.238507055075101893e-02 6.497496586253982687e-02 0.000000000000000000e+00
5.850000000000000000e+02 2.340062771215014603e-01 7.993855257168867023e-01 5.427856167501137613e-02 8.181611288120163583e-02 6.451979972690032039e-02 0.000000000000000000e+00
5.880000000000000000e+02 2.352063093118681447e-01 7.969959035047792240e-01 5.621301775147929253e-02 8.192990441511151245e-02 6.486117432862995025e-02 0.000000000000000000e+00
5.910000000000000000e+02 2.364063415022348291e-01 7.983614019116977989e-01 5.678197542102867562e-02 7.976786527082385669e-02 6.508875739644970349e-02 0.000000000000000000e+00
5.940000000000000000e+02 2.376063736926015135e-01 7.969959035047792240e-01 5.666818388711879900e-02 8.136094674556212936e-02 6.497496586253982687e-02 0.000000000000000000e+00
5.970000000000000000e+02 2.388064058829681979e-01 7.984751934456076894e-01 5.678197542102867562e-02 8.010923987255348655e-02 6.463359126081019701e-02 0.000000000000000000e+00
6.000000000000000000e+02 2.400064380733348823e-01 7.974510696404187859e-01 5.541647701411014926e-02 8.124715521165225274e-02 6.588529813381883982e-02 0.000000000000000000e+00
6.030000000000000000e+02 2.412064702637015667e-01 7.984751934456076894e-01 5.541647701411014926e-02 7.897132453345470648e-02 6.713700500682749650e-02 0.000000000000000000e+00
6.060000000000000000e+02 2.424065024540682511e-01 7.989303595812471404e-01 5.530268548020027264e-02 7.999544833864360993e-02 6.577150659990896320e-02 0.000000000000000000e+00
6.090000000000000000e+02 2.436065346444349355e-01 8.031406463359126446e-01 5.507510241238051940e-02 7.931269913518433634e-02 6.247155211652252738e-02 0.000000000000000000e+00
6.120000000000000000e+02 2.448065668348016199e-01 8.055302685480200120e-01 5.723714155666818210e-02 7.703686845698680397e-02 6.019572143832498806e-02 0.000000000000000000e+00
6.150000000000000000e+02 2.460065990251683044e-01 8.074647246244879284e-01 5.757851615839781195e-02 7.396449704142012138e-02 6.099226217569413133e-02 0.000000000000000000e+00
6.180000000000000000e+02 2.472066312155349888e-01 8.062130177514792440e-01 5.860263996358670846e-02 7.624032771961765376e-02 5.894401456531633832e-02 0.000000000000000000e+00
6.210000000000000000e+02 2.484066634059016732e-01 8.068957669549385869e-01 5.951297223486572835e-02 7.851615839781520001e-02 5.507510241238051940e-02 0.000000000000000000e+00
6.240000000000000000e+02 2.496066955962683576e-01 8.034820209376422051e-01 6.133363677742376119e-02 8.192990441511151245e-02 5.325443786982248656e-02 0.000000000000000000e+00
6.270000000000000000e+02 2.508067277866350420e-01 8.009786071916249472e-01 6.133363677742376119e-02 8.329540282203004575e-02 5.439235320892125969e-02 0.000000000000000000e+00
6.300000000000000000e+02 2.520067599770017264e-01 8.010923987255348377e-01 6.247155211652252738e-02 8.340919435593992237e-02 5.302685480200273332e-02 0.000000000000000000e+00
6.330000000000000000e+02 2.532067921673684108e-01 8.002958579881657153e-01 6.406463359126081392e-02 8.329540282203004575e-02 5.234410559854346667e-02 0.000000000000000000e+00
6.360000000000000000e+02 2.544068243577350952e-01 8.002958579881657153e-01 6.599908966772871644e-02 8.454710969503868856e-02 4.915794264906690747e-02 0.000000000000000000e+00
6.390000000000000000e+02 2.556068565481017796e-01 8.029130632680928636e-01 6.634046426945834629e-02 8.329540282203004575e-02 4.745106964041875125e-02 0.000000000000000000e+00
6.420000000000000000e+02 2.568068887384682419e-01 8.072371415566681474e-01 6.554392353208920996e-02 8.079198907601274626e-02 4.642694583522986168e-02 0.000000000000000000e+00
6.450000000000000000e+02 2.580069209288349263e-01 8.057578516158397930e-01 6.884387801547564578e-02 8.170232134729175921e-02 4.369594902139280895e-02 0.000000000000000000e+00
6.480000000000000000e+02 2.592069531192016107e-01 8.043923532089212181e-01 7.157487482931269851e-02 8.079198907601274626e-02 4.324078288575330248e-02 0.000000000000000000e+00
6.510000000000000000e+02 2.604069853095682952e-01 8.055302685480200120e-01 7.089212562585343880e-02 7.965407373691398007e-02 4.392353208921256219e-02 0.000000000000000000e+00
6.540000000000000000e+02 2.616070174999349796e-01 8.066681838871188059e-01 7.191624943104232837e-02 7.840236686390532339e-02 4.301319981793354230e-02 0.000000000000000000e+00
6.570000000000000000e+02 2.628070496903016640e-01 8.017751479289940697e-01 7.373691397360036814e-02 8.045061447428311641e-02 4.403732362312243881e-02 0.000000000000000000e+00
6.600000000000000000e+02 2.640070818806683484e-01 8.014337733272643982e-01 7.407828857532999800e-02 7.965407373691398007e-02 4.483386436049158208e-02 0.000000000000000000e+00
6.630000000000000000e+02 2.652071140710350328e-01 8.026854802002730827e-01 7.464724624487938109e-02 7.783340919435594030e-02 4.483386436049158208e-02 0.000000000000000000e+00
6.660000000000000000e+02 2.664071462614017172e-01 8.009786071916249472e-01 7.464724624487938109e-02 8.090578060992262288e-02 4.346836595357305572e-02 0.000000000000000000e+00
6.690000000000000000e+02 2.676071784517684016e-01 8.015475648611742887e-01 7.453345471096950448e-02 8.067819754210286964e-02 4.324078288575330248e-02 0.000000000000000000e+00
6.720000000000000000e+02 2.688072106421350860e-01 8.013199817933546187e-01 7.532999544833864081e-02 8.056440600819299303e-02 4.278561675011378906e-02 0.000000000000000000e+00
6.750000000000000000e+02 2.700072428325017704e-01 8.023441055985435222e-01 7.578516158397814728e-02 7.976786527082385669e-02 4.210286754665452935e-02 0.000000000000000000e+00
6.780000000000000000e+02 2.712072750228684548e-01 8.042785616750113276e-01 7.521620391442876419e-02 7.919890760127445972e-02 4.130632680928538608e-02 0.000000000000000000e+00
6.810000000000000000e+02 2.724073072132351392e-01 8.050751024123805610e-01 7.521620391442876419e-02 7.976786527082385669e-02 3.994082840236686666e-02 0.000000000000000000e+00
