# itime ezz other fcc hcp bcc ico
0.000000000000000000e+00 0.000000000000000000e+00 4.551661356395084266e-04 9.995448338643604380e-01 0.000000000000000000e+00 0.000000000000000000e+00 0.000000000000000000e+00
3.000000000000000000e+01 1.199997296412091963e-02 1.365498406918525280e-03 9.986345015930814251e-01 0.000000000000000000e+00 0.000000000000000000e+00 0.000000000000000000e+00
6.000000000000000000e+01 2.399994592824206130e-02 2.275830678197541916e-03 9.976103777878926326e-01 0.000000000000000000e+00 1.137915339098771066e-04 0.000000000000000000e+00
9.000000000000000000e+01 3.599991889236298093e-02 3.186162949476558769e-03 9.968138370505233992e-01 0.000000000000000000e+00 0.000000000000000000e+00 0.000000000000000000e+00
1.200000000000000000e+02 4.799989185648412260e-02 1.081019572143832562e-02 9.887346381429221731e-01 0.000000000000000000e+00 4.551661356395084266e-04 0.000000000000000000e+00
1.500000000000000000e+02 5.999986482060504223e-02 2.253072371415566766e-02 9.767865270823851143e-01 0.000000000000000000e+00 6.827492034592626399e-04 0.000000000000000000e+00
1.800000000000000000e+02 7.199983778472596185e-02 3.208921256258534527e-02 9.663177059626764098e-01 0.000000000000000000e+00 1.593081474738279385e-03 0.000000000000000000e+00
2.100000000000000000e+02 8.399981074884710353e-02 7.203004096495220498e-02 9.222803823395538947e-01 0.000000000000000000e+00 5.689576695493855224e-03 0.000000000000000000e+00
2.400000000000000000e+02 9.599978371296802315e-02 1.345015930814747462e-01 8.542330450614474824e-01 0.000000000000000000e+00 1.126536185707783383e-02 0.000000000000000000e+00
2.700000000000000000e+02 1.079997566770891648e-01 2.381656804733727761e-01 7.388484296768320636e-01 0.000000000000000000e+00 2.298588984979517413e-02 0.000000000000000000e+00
3.000000000000000000e+02 1.199997296412100845e-01 3.814292216659080359e-01 5.721438324988621371e-01 1.137915339098771066e-04 4.631315430131998506e-02 0.000000000000000000e+00
3.300000000000000000e+02 1.319997026053312261e-01 5.242375967228037892e-01 3.937187073281747662e-01 5.689576695493854790e-04 8.147473827947200598e-02 0.000000000000000000e+00
3.600000000000000000e+02 1.439996755694521458e-01 6.428083750568958088e-01 2.278106508875739622e-01 5.234410559854347014e-03 1.241465634956759184e-01 0.000000000000000000e+00
3.900000000000000000e+02 1.559996485335730654e-01 7.133591260810195900e-01 1.207328174783796060e-01 1.228948566226672687e-02 1.536185707783341015e-01 0.000000000000000000e+00
4.200000000000000000e+02 1.679996214976942071e-01 7.564861174328629811e-01 6.816112881201638607e-02 1.820664542558033533e-02 1.571461083295402905e-01 0.000000000000000000e+00
4.500000000000000000e+02 1.799995944618151267e-01 7.991579426490669213e-01 4.494765589440145870e-02 2.639963586709149004e-02 1.294947655894401473e-01 0.000000000000000000e+00
4.800000000000000000e+02 1.919995674259362684e-01 8.277196176604461053e-01 3.482020937642239106e-02 3.152025489303595523e-02 1.059399180700955900e-01 0.000000000000000000e+00
5.100000000000000000e+02 2.039995403900571880e-01 8.662949476558944317e-01 2.423759672280382388e-02 3.083750568957669552e-02 7.862994993172507663e-02 0.000000000000000000e+00
5.400000000000000000e+02 2.159995133541781076e-01 8.814292216659080914e-01 2.093764223941738806e-02 3.026854802002730896e-02 6.736458807464724974e-02 0.000000000000000000e+00
5.700000000000000000e+02 2.279994863182992493e-01 9.062357760582612221e-01 1.786527082385070547e-02 2.787892580791988956e-02 4.802002730996814128e-02 0.000000000000000000e+00
6.000000000000000000e+02 2.399994592824201689e-01 9.130632680928538747e-01 1.513427401001365448e-02 2.867546654528902936e-02 4.312699135184342586e-02 0.000000000000000000e+00
6.300000000000000000e+02 2.519994322465413106e-01 9.336595357305416121e-01 1.251706873008648184e-02 2.446517979062357712e-02 2.935821574874829254e-02 0.000000000000000000e+00
6.600000000000000000e+02 2.639994052106622302e-01 9.439007737824305355e-01 1.285844333181611343e-02 2.298588984979517413e-02 2.025489303595812488e-02 0.000000000000000000e+00
6.900000000000000000e+02 2.759993781747833719e-01 9.481110605370960398e-01 1.092398725534820224e-02 2.298588984979517413e-02 1.786527082385070547e-02 1.137915339098771066e-04
7.200000000000000000e+02 2.879993511389042915e-01 9.584660901228948537e-01 7.396449704142011444e-03 2.036868456986800149e-02 1.365498406918525323e-02 1.137915339098771066e-04
7.500000000000000000e+02 2.999993241030252111e-01 9.641556668183887124e-01 6.372325898953117539e-03 1.832043695949021542e-02 1.103777878925807886e-02 1.137915339098771066e-04
7.800000000000000000e+02 3.119992970671463528e-01 9.652935821574875064e-01 7.624032771961766417e-03 1.672735548475193582e-02 1.012744651797906244e-02 2.275830678197542133e-04
8.100000000000000000e+02 3.239992700312672724e-01 9.684797451069639962e-01 7.396449704142011444e-03 1.536185707783340945e-02 8.648156577150659455e-03 1.137915339098771066e-04
8.400000000000000000e+02 3.359992429953884141e-01 9.680245789713245452e-01 6.827492034592626616e-03 1.399635867091488309e-02 1.058261265361857065e-02 5.689576695493854790e-04
8.700000000000000000e+02 3.479992159595093337e-01 9.739417387346381849e-01 6.258534365043240920e-03 1.194811106053709528e-02 7.396449704142011444e-03 4.551661356395084266e-04
9.000000000000000000e+02 3.599991889236302534e-01 9.765589440145653333e-01 6.599908966772872511e-03 1.069640418752844727e-02 5.803368229403732710e-03 3.413746017296313199e-04
9.300000000000000000e+02 3.719991618877513950e-01 9.779244424214837972e-01 5.689576695493855224e-03 1.092398725534820224e-02 5.120619025944469528e-03 3.413746017296313199e-04
9.600000000000000000e+02 3.839991348518723147e-01 9.788347746927628101e-01 5.461993627674101119e-03 1.103777878925807886e-02 4.210286754665453109e-03 4.551661356395084266e-04
9.900000000000000000e+02 3.959991078159934563e-01 9.803140646335912756e-01 5.348202093764223633e-03 9.103322712790167665e-03 4.779244424214838804e-03 4.551661356395084266e-04
1.020000000000000000e+03 4.079990807801143760e-01 9.800864815657714946e-01 5.348202093764223633e-03 9.558488848429677609e-03 4.665452890304961318e-03 3.413746017296313199e-04
1.050000000000000000e+03 4.199990537442352956e-01 9.824761037778789730e-01 5.006827492034592909e-03 8.192990441511151245e-03 3.755120619025944465e-03 5.689576695493854790e-04
1.080000000000000000e+03 4.319990267083564373e-01 9.850933090578061213e-01 4.665452890304961318e-03 7.282658170232134826e-03 2.617205279927173507e-03 3.413746017296313199e-04
1.110000000000000000e+03 4.439989996724773569e-01 9.839553937187073274e-01 4.096495220755575623e-03 7.737824305871643035e-03 3.641329085116067413e-03 5.689576695493854790e-04
1.140000000000000000e+03 4.559989726365984986e-01 9.865725989986344757e-01 3.299954483386436255e-03 7.624032771961766417e-03 1.820664542558033706e-03 6.827492034592626399e-04
1.170000000000000000e+03 4.679989456007194182e-01 9.869139736003641472e-01 3.527537551206190360e-03 6.941283568502503235e-03 1.934456076467910759e-03 6.827492034592626399e-04
1.200000000000000000e+03 4.799989185648405599e-01 9.877105143377332697e-01 2.730996813837050560e-03 6.144742831133363434e-03 2.844788347746927612e-03 5.689576695493854790e-04
1.230000000000000000e+03 4.919988915289614795e-01 9.906690942193900895e-01 2.162039144287664864e-03 5.120619025944469528e-03 1.251706873008648227e-03 7.965407373691396923e-04
1.260000000000000000e+03 5.039988644930823991e-01 9.922621756941283344e-01 1.137915339098770958e-03 4.437869822485207214e-03 1.706873008648156654e-03 4.551661356395084266e-04
1.290000000000000000e+03 5.159988374572035408e-01 9.910104688211197610e-01 1.934456076467910759e-03 4.779244424214838804e-03 1.479289940828402332e-03 7.965407373691396923e-04
1.320000000000000000e+03 5.279988104213244604e-01 9.928311333636777869e-01 2.048247610377787811e-03 3.527537551206190360e-03 1.251706873008648227e-03 3.413746017296313199e-04
1.350000000000000000e+03 5.399987833854456021e-01 9.932862994993172379e-01 1.934456076467910759e-03 3.072371415566681717e-03 1.251706873008648227e-03 4.551661356395084266e-04
1.380000000000000000e+03 5.519987563495665217e-01 9.947655894401457033e-01 1.365498406918525280e-03 2.958579881656804664e-03 5.689576695493854790e-04 3.413746017296313199e-04
1.410000000000000000e+03 5.639987293136874413e-01 9.947655894401457033e-01 1.137915339098770958e-03 2.617205279927173507e-03 6.827492034592626399e-04 7.965407373691396923e-04
1.440000000000000000e+03 5.759987022778085830e-01 9.955621301775148257e-01 1.024123805188893906e-03 1.706873008648156654e-03 1.365498406918525280e-03 3.413746017296313199e-04
1.470000000000000000e+03 5.879986752419295026e-01 9.952207555757851543e-01 1.024123805188893906e-03 2.275830678197541916e-03 7.965407373691396923e-04 6.827492034592626399e-04
1.500000000000000000e+03 5.999986482060506443e-01 9.959035047792443862e-01 6.827492034592626399e-04 2.275830678197541916e-03 6.827492034592626399e-04 4.551661356395084266e-04
1.530000000000000000e+03 6.119986211701715639e-01 9.962448793809740577e-01 6.827492034592626399e-04 2.048247610377787811e-03 2.275830678197542133e-04 7.965407373691396923e-04
1.560000000000000000e+03 6.239985941342924836e-01 9.962448793809740577e-01 6.827492034592626399e-04 1.820664542558033706e-03 3.413746017296313199e-04 9.103322712790168532e-04
1.590000000000000000e+03 6.359985670984136252e-01 9.971552116522530707e-01 3.413746017296313199e-04 9.103322712790168532e-04 4.551661356395084266e-04 1.137915339098770958e-03
1.620000000000000000e+03 6.479985400625345449e-01 9.974965862539827421e-01 4.551661356395084266e-04 9.103322712790168532e-04 1.137915339098771066e-04 1.024123805188893906e-03
1.650000000000000000e+03 6.599985130266556865e-01 9.979517523896221931e-01 1.137915339098771066e-04 5.689576695493854790e-04 5.689576695493854790e-04 7.965407373691396923e-04
1.680000000000000000e+03 6.719984859907766062e-01 9.976103777878926326e-01 1.137915339098771066e-04 6.827492034592626399e-04 5.689576695493854790e-04 1.024123805188893906e-03
1.710000000000000000e+03 6.839984589548977478e-01 9.981793354574419741e-01 3.413746017296313199e-04 5.689576695493854790e-04 2.275830678197542133e-04 6.827492034592626399e-04
1.740000000000000000e+03 6.959984319190186675e-01 9.980655439235320836e-01 1.137915339098771066e-04 4.551661356395084266e-04 3.413746017296313199e-04 1.024123805188893906e-03
1.770000000000000000e+03 7.079984048831395871e-01 9.972690031861629611e-01 2.275830678197542133e-04 6.827492034592626399e-04 5.689576695493854790e-04 1.251706873008648227e-03
1.800000000000000000e+03 7.199983778472607288e-01 9.984069185252617551e-01 2.275830678197542133e-04 3.413746017296313199e-04 4.551661356395084266e-04 5.689576695493854790e-04
1.830000000000000000e+03 7.319983508113816484e-01 9.971552116522530707e-01 4.551661356395084266e-04 1.251706873008648227e-03 2.275830678197542133e-04 9.103322712790168532e-04
1.860000000000000000e+03 7.439983237755027901e-01 9.971552116522530707e-01 3.413746017296313199e-04 1.251706873008648227e-03 1.137915339098771066e-04 1.137915339098770958e-03
1.890000000000000000e+03 7.559982967396237097e-01 9.972690031861629611e-01 1.137915339098771066e-04 1.024123805188893906e-03 1.137915339098771066e-04 1.479289940828402332e-03
1.920000000000000000e+03 7.679982697037446293e-01 9.980655439235320836e-01 1.137915339098771066e-04 9.103322712790168532e-04 2.275830678197542133e-04 6.827492034592626399e-04
1.950000000000000000e+03 7.799982426678657710e-01 9.974965862539827421e-01 0.000000000000000000e+00 1.137915339098770958e-03 1.137915339098771066e-04 1.251706873008648227e-03
1.980000000000000000e+03 7.919982156319866906e-01 9.981793354574419741e-01 1.137915339098771066e-04 5.689576695493854790e-04 4.551661356395084266e-04 6.827492034592626399e-04
2.010000000000000000e+03 8.039981885961078323e-01 9.979517523896221931e-01 2.275830678197542133e-04 1.024123805188893906e-03 3.413746017296313199e-04 4.551661356395084266e-04
2.040000000000000000e+03 8.159981615602287519e-01 9.984069185252617551e-01 2.275830678197542133e-04 7.965407373691396923e-04 0.000000000000000000e+00 5.689576695493854790e-04
2.070000000000000000e+03 8.279981345243498936e-01 9.978379608557123026e-01 2.275830678197542133e-04 5.689576695493854790e-04 1.137915339098771066e-04 1.251706873008648227e-03
2.100000000000000000e+03 8.399981074884708132e-01 9.982931269913518646e-01 3.413746017296313199e-04 4.551661356395084266e-04 1.137915339098771066e-04 7.965407373691396923e-04
2.130000000000000000e+03 8.519980804525917328e-01 9.976103777878926326e-01 3.413746017296313199e-04 9.103322712790168532e-04 0.000000000000000000e+00 1.137915339098770958e-03
2.160000000000000000e+03 8.639980534167128745e-01 9.979517523896221931e-01 3.413746017296313199e-04 6.827492034592626399e-04 2.275830678197542133e-04 7.965407373691396923e-04
2.190000000000000000e+03 8.759980263808337941e-01 9.978379608557123026e-01 4.551661356395084266e-04 2.275830678197542133e-04 2.275830678197542133e-04 1.251706873008648227e-03
2.220000000000000000e+03 8.879979993449549358e-01 9.978379608557123026e-01 2.275830678197542133e-04 7.965407373691396923e-04 3.413746017296313199e-04 7.965407373691396923e-04
2.250000000000000000e+03 8.999979723090758554e-01 9.971552116522530707e-01 3.413746017296313199e-04 9.103322712790168532e-04 3.413746017296313199e-04 1.251706873008648227e-03
2.280000000000000000e+03 9.119979452731967751e-01 9.978379608557123026e-01 1.137915339098771066e-04 6.827492034592626399e-04 1.137915339098771066e-04 1.251706873008648227e-03
2.310000000000000000e+03 9.239979182373179167e-01 9.973827947200728516e-01 5.689576695493854790e-04 5.689576695493854790e-04 3.413746017296313199e-04 1.137915339098770958e-03
2.340000000000000000e+03 9.359978912014388364e-01 9.987482931269913156e-01 3.413746017296313199e-04 5.689576695493854790e-04 1.137915339098771066e-04 2.275830678197542133e-04
2.370000000000000000e+03 9.479978641655599780e-01 9.979517523896221931e-01 4.551661356395084266e-04 9.103322712790168532e-04 3.413746017296313199e-04 3.413746017296313199e-04
2.400000000000000000e+03 9.599978371296808977e-01 9.974965862539827421e-01 2.275830678197542133e-04 1.365498406918525280e-03 1.137915339098771066e-04 7.965407373691396923e-04
2.430000000000000000e+03 9.719978100938018173e-01 9.974965862539827421e-01 3.413746017296313199e-04 9.103322712790168532e-04 2.275830678197542133e-04 1.024123805188893906e-03
2.460000000000000000e+03 9.839977830579229590e-01 9.970414201183431802e-01 2.275830678197542133e-04 9.103322712790168532e-04 6.827492034592626399e-04 1.137915339098770958e-03
2.490000000000000000e+03 9.959977560220438786e-01 9.976103777878926326e-01 4.551661356395084266e-04 6.827492034592626399e-04 3.413746017296313199e-04 9.103322712790168532e-04
