# itime ezz other fcc hcp bcc ico
0.000000000000000000e+00 0.000000000000000000e+00 4.551661356395084266e-04 9.995448338643604380e-01 0.000000000000000000e+00 0.000000000000000000e+00 0.000000000000000000e+00
2.500000000000000000e+01 1.000019077343372587e-03 1.593081474738279385e-03 9.984069185252617551e-01 0.000000000000000000e+00 0.000000000000000000e+00 0.000000000000000000e+00
5.000000000000000000e+01 2.000038154686745173e-03 5.689576695493854790e-04 9.994310423304506585e-01 0.000000000000000000e+00 0.000000000000000000e+00 0.000000000000000000e+00
7.500000000000000000e+01 3.000057232030117760e-03 1.479289940828402332e-03 9.985207100591716456e-01 0.000000000000000000e+00 0.000000000000000000e+00 0.000000000000000000e+00
1.000000000000000000e+02 4.000076309373712391e-03 1.024123805188893906e-03 9.989758761948110966e-01 0.000000000000000000e+00 0.000000000000000000e+00 0.000000000000000000e+00
1.250000000000000000e+02 5.000095386717084978e-03 7.965407373691396923e-04 9.992034592626308775e-01 0.000000000000000000e+00 0.000000000000000000e+00 0.000000000000000000e+00
1.500000000000000000e+02 6.000114464060457564e-03 1.479289940828402332e-03 9.985207100591716456e-01 0.000000000000000000e+00 0.000000000000000000e+00 0.000000000000000000e+00
1.750000000000000000e+02 7.000133541403830151e-03 7.965407373691396923e-04 9.992034592626308775e-01 0.000000000000000000e+00 0.000000000000000000e+00 0.000000000000000000e+00
2.000000000000000000e+02 8.000152618747202737e-03 1.479289940828402332e-03 9.985207100591716456e-01 0.000000000000000000e+00 0.000000000000000000e+00 0.000000000000000000e+00
2.250000000000000000e+02 9.000171696090575324e-03 1.137915339098771066e-04 9.998862084660901095e-01 0.000000000000000000e+00 0.000000000000000000e+00 0.000000000000000000e+00
2.500000000000000000e+02 1.000019077343416996e-02 1.593081474738279385e-03 9.984069185252617551e-01 0.000000000000000000e+00 0.000000000000000000e+00 0.000000000000000000e+00
2.750000000000000000e+02 1.100020985077754254e-02 2.275830678197542133e-04 9.997724169321802190e-01 0.000000000000000000e+00 0.000000000000000000e+00 0.000000000000000000e+00
3.000000000000000000e+02 1.200022892812091513e-02 1.365498406918525280e-03 9.985207100591716456e-01 0.000000000000000000e+00 1.137915339098771066e-04 0.000000000000000000e+00
3.250000000000000000e+02 1.300024800546428771e-02 1.593081474738279385e-03 9.984069185252617551e-01 0.000000000000000000e+00 0.000000000000000000e+00 0.000000000000000000e+00
3.500000000000000000e+02 1.400026708280766030e-02 1.137915339098770958e-03 9.988620846609012061e-01 0.000000000000000000e+00 0.000000000000000000e+00 0.000000000000000000e+00
3.750000000000000000e+02 1.500028616015103289e-02 1.251706873008648227e-03 9.987482931269913156e-01 0.000000000000000000e+00 0.000000000000000000e+00 0.000000000000000000e+00
4.000000000000000000e+02 1.600030523749462752e-02 1.934456076467910759e-03 9.980655439235320836e-01 0.000000000000000000e+00 0.000000000000000000e+00 0.000000000000000000e+00
4.250000000000000000e+02 1.700032431483800011e-02 2.389622212107419402e-03 9.976103777878926326e-01 0.000000000000000000e+00 0.000000000000000000e+00 0.000000000000000000e+00
4.500000000000000000e+02 1.800034339218137269e-02 1.706873008648156654e-03 9.982931269913518646e-01 0.000000000000000000e+00 0.000000000000000000e+00 0.000000000000000000e+00
4.750000000000000000e+02 1.900036246952474528e-02 2.275830678197541916e-03 9.977241693218024121e-01 0.000000000000000000e+00 0.000000000000000000e+00 0.000000000000000000e+00
5.000000000000000000e+02 2.000038154686811787e-02 1.593081474738279385e-03 9.984069185252617551e-01 0.000000000000000000e+00 0.000000000000000000e+00 0.000000000000000000e+00
5.250000000000000000e+02 2.100040062421149045e-02 3.186162949476558769e-03 9.968138370505233992e-01 0.000000000000000000e+00 0.000000000000000000e+00 0.000000000000000000e+00
5.500000000000000000e+02 2.200041970155486304e-02 1.137915339098770958e-03 9.988620846609012061e-01 0.000000000000000000e+00 0.000000000000000000e+00 0.000000000000000000e+00
5.750000000000000000e+02 2.300043877889845767e-02 1.934456076467910759e-03 9.980655439235320836e-01 0.000000000000000000e+00 0.000000000000000000e+00 0.000000000000000000e+00
6.000000000000000000e+02 2.400045785624183026e-02 3.186162949476558769e-03 9.967000455166135087e-01 0.000000000000000000e+00 1.137915339098771066e-04 0.000000000000000000e+00
6.250000000000000000e+02 2.500047693358520284e-02 2.503413746017296455e-03 9.974965862539827421e-01 0.000000000000000000e+00 0.000000000000000000e+00 0.000000000000000000e+00
6.500000000000000000e+02 2.600049601092857543e-02 3.527537551206190360e-03 9.964724624487938387e-01 0.000000000000000000e+00 0.000000000000000000e+00 0.000000000000000000e+00
6.750000000000000000e+02 2.700051508827194802e-02 5.006827492034592909e-03 9.949931725079653733e-01 0.000000000000000000e+00 0.000000000000000000e+00 0.000000000000000000e+00
7.000000000000000000e+02 2.800053416561532060e-02 2.275830678197541916e-03 9.977241693218024121e-01 0.000000000000000000e+00 0.000000000000000000e+00 0.000000000000000000e+00
7.250000000000000000e+02 2.900055324295891523e-02 5.006827492034592909e-03 9.949931725079653733e-01 0.000000000000000000e+00 0.000000000000000000e+00 0.000000000000000000e+00
7.500000000000000000e+02 3.000057232030228782e-02 1.820664542558033706e-03 9.981793354574419741e-01 0.000000000000000000e+00 0.000000000000000000e+00 0.000000000000000000e+00
7.750000000000000000e+02 3.100059139764566041e-02 5.575785161583977738e-03 9.941966317705962508e-01 0.000000000000000000e+00 2.275830678197542133e-04 0.000000000000000000e+00
8.000000000000000000e+02 3.200061047498903299e-02 2.503413746017296455e-03 9.974965862539827421e-01 0.000000000000000000e+00 0.000000000000000000e+00 0.000000000000000000e+00
8.250000000000000000e+02 3.300062955233240558e-02 2.958579881656804664e-03 9.967000455166135087e-01 0.000000000000000000e+00 3.413746017296313199e-04 0.000000000000000000e+00
8.500000000000000000e+02 3.400064862967577817e-02 4.665452890304961318e-03 9.953345471096950448e-01 0.000000000000000000e+00 0.000000000000000000e+00 0.000000000000000000e+00
8.750000000000000000e+02 3.500066770701915075e-02 7.168866636322257339e-03 9.926035502958580059e-01 0.000000000000000000e+00 2.275830678197542133e-04 0.000000000000000000e+00
9.000000000000000000e+02 3.600068678436274539e-02 3.641329085116067413e-03 9.963586709148839482e-01 0.000000000000000000e+00 0.000000000000000000e+00 0.000000000000000000e+00
9.250000000000000000e+02 3.700070586170611797e-02 4.665452890304961318e-03 9.952207555757851543e-01 0.000000000000000000e+00 1.137915339098771066e-04 0.000000000000000000e+00
9.500000000000000000e+02 3.800072493904949056e-02 8.420573509330906217e-03 9.915794264906691025e-01 0.000000000000000000e+00 0.000000000000000000e+00 0.000000000000000000e+00
9.750000000000000000e+02 3.900074401639286314e-02 6.258534365043240920e-03 9.936276741010469093e-01 0.000000000000000000e+00 1.137915339098771066e-04 0.000000000000000000e+00
1.000000000000000000e+03 4.000076309373623573e-02 7.282658170232134826e-03 9.924897587619481154e-01 0.000000000000000000e+00 2.275830678197542133e-04 0.000000000000000000e+00
1.025000000000000000e+03 4.100078217107960832e-02 9.103322712790167665e-03 9.906690942193900895e-01 0.000000000000000000e+00 2.275830678197542133e-04 0.000000000000000000e+00
1.050000000000000000e+03 4.200080124842320295e-02 6.486117432862995025e-03 9.932862994993172379e-01 0.000000000000000000e+00 2.275830678197542133e-04 0.000000000000000000e+00
1.075000000000000000e+03 4.300082032576657554e-02 7.396449704142011444e-03 9.926035502958580059e-01 0.000000000000000000e+00 0.000000000000000000e+00 0.000000000000000000e+00
1.100000000000000000e+03 4.400083940310994812e-02 6.827492034592626616e-03 9.930587164314974569e-01 0.000000000000000000e+00 1.137915339098771066e-04 0.000000000000000000e+00
1.125000000000000000e+03 4.500085848045332071e-02 9.558488848429677609e-03 9.903277196176604180e-01 0.000000000000000000e+00 1.137915339098771066e-04 0.000000000000000000e+00
1.150000000000000000e+03 4.600087755779669330e-02 8.648156577150659455e-03 9.912380518889394310e-01 0.000000000000000000e+00 1.137915339098771066e-04 0.000000000000000000e+00
1.175000000000000000e+03 4.700089663514006588e-02 8.420573509330906217e-03 9.915794264906691025e-01 0.000000000000000000e+00 0.000000000000000000e+00 0.000000000000000000e+00
1.200000000000000000e+03 4.800091571248366051e-02 8.079198907601274626e-03 9.912380518889394310e-01 0.000000000000000000e+00 6.827492034592626399e-04 0.000000000000000000e+00
1.225000000000000000e+03 4.900093478982703310e-02 1.149294492489758707e-02 9.881656804733728316e-01 0.000000000000000000e+00 3.413746017296313199e-04 0.000000000000000000e+00
1.250000000000000000e+03 5.000095386717040569e-02 1.729631315430131891e-02 9.821347291761493015e-01 0.000000000000000000e+00 5.689576695493854790e-04 0.000000000000000000e+00
1.275000000000000000e+03 5.100097294451377827e-02 1.194811106053709528e-02 9.875967228038233792e-01 0.000000000000000000e+00 4.551661356395084266e-04 0.000000000000000000e+00
1.300000000000000000e+03 5.200099202185715086e-02 1.593081474738279601e-02 9.833864360491579859e-01 0.000000000000000000e+00 6.827492034592626399e-04 0.000000000000000000e+00
1.325000000000000000e+03 5.300101109920052345e-02 1.502048247610377786e-02 9.846381429221665593e-01 0.000000000000000000e+00 3.413746017296313199e-04 0.000000000000000000e+00
1.350000000000000000e+03 5.400103017654389603e-02 1.354119253527537488e-02 9.862312243969049153e-01 0.000000000000000000e+00 2.275830678197542133e-04 0.000000000000000000e+00
1.375000000000000000e+03 5.500104925388749066e-02 1.354119253527537488e-02 9.853208921256259023e-01 0.000000000000000000e+00 1.137915339098770958e-03 0.000000000000000000e+00
1.400000000000000000e+03 5.600106833123086325e-02 1.570323167956303931e-02 9.838416021847974369e-01 0.000000000000000000e+00 4.551661356395084266e-04 0.000000000000000000e+00
1.425000000000000000e+03 5.700108740857423584e-02 2.002730996813837164e-02 9.794037323623122626e-01 0.000000000000000000e+00 5.689576695493854790e-04 0.000000000000000000e+00
1.450000000000000000e+03 5.800110648591760842e-02 2.173418297678652786e-02 9.769003186162948937e-01 0.000000000000000000e+00 1.365498406918525280e-03 0.000000000000000000e+00
1.475000000000000000e+03 5.900112556326098101e-02 2.253072371415566766e-02 9.763313609467455523e-01 0.000000000000000000e+00 1.137915339098770958e-03 0.000000000000000000e+00
1.500000000000000000e+03 6.000114464060435360e-02 1.991351843422849502e-02 9.794037323623122626e-01 0.000000000000000000e+00 6.827492034592626399e-04 0.000000000000000000e+00
1.525000000000000000e+03 6.100116371794794823e-02 2.332726445152480746e-02 9.758761948111061013e-01 0.000000000000000000e+00 7.965407373691396923e-04 0.000000000000000000e+00
1.550000000000000000e+03 6.200118279529132082e-02 2.401001365498407064e-02 9.738279472007282944e-01 0.000000000000000000e+00 2.162039144287664864e-03 0.000000000000000000e+00
1.575000000000000000e+03 6.300120187263469340e-02 2.878925807919890598e-02 9.696176604460627901e-01 0.000000000000000000e+00 1.593081474738279385e-03 0.000000000000000000e+00
1.600000000000000000e+03 6.400122094997806599e-02 2.605826126536185672e-02 9.717796995903504875e-01 0.000000000000000000e+00 2.162039144287664864e-03 0.000000000000000000e+00
1.625000000000000000e+03 6.500124002732143857e-02 3.379608557123350149e-02 9.640418752844788219e-01 0.000000000000000000e+00 2.162039144287664864e-03 0.000000000000000000e+00
1.650000000000000000e+03 6.600125910466481116e-02 2.822030040964952288e-02 9.698452435138825711e-01 0.000000000000000000e+00 1.934456076467910759e-03 0.000000000000000000e+00
1.675000000000000000e+03 6.700127818200818375e-02 3.675466545289030745e-02 9.610832954028220021e-01 0.000000000000000000e+00 2.162039144287664864e-03 0.000000000000000000e+00
1.700000000000000000e+03 6.800129725935177838e-02 4.278561675011378906e-02 9.535730541647701175e-01 0.000000000000000000e+00 3.641329085116067413e-03 0.000000000000000000e+00
1.725000000000000000e+03 6.900131633669515097e-02 3.812016385980882688e-02 9.599453800637232082e-01 0.000000000000000000e+00 1.934456076467910759e-03 0.000000000000000000e+00
1.750000000000000000e+03 7.000133541403852355e-02 3.914428766499772339e-02 9.584660901228948537e-01 0.000000000000000000e+00 2.389622212107419402e-03 0.000000000000000000e+00
1.775000000000000000e+03 7.100135449138189614e-02 5.553026854802002588e-02 9.421939007737824001e-01 0.000000000000000000e+00 2.275830678197541916e-03 0.000000000000000000e+00
1.800000000000000000e+03 7.200137356872526873e-02 5.359581247155211642e-02 9.437869822485207560e-01 0.000000000000000000e+00 2.617205279927173507e-03 0.000000000000000000e+00
1.825000000000000000e+03 7.300139264606864131e-02 5.370960400546199304e-02 9.432180245789713036e-01 0.000000000000000000e+00 3.072371415566681717e-03 0.000000000000000000e+00
1.850000000000000000e+03 7.400141172341223594e-02 6.725079654073737312e-02 9.269458352298588499e-01 0.000000000000000000e+00 5.803368229403732710e-03 0.000000000000000000e+00
1.875000000000000000e+03 7.500143080075560853e-02 6.941283568502502888e-02 9.237596722803823601e-01 0.000000000000000000e+00 6.827492034592626616e-03 0.000000000000000000e+00
1.900000000000000000e+03 7.600144987809898112e-02 7.009558488848430247e-02 9.227355484751934567e-01 0.000000000000000000e+00 7.168866636322257339e-03 0.000000000000000000e+00
1.925000000000000000e+03 7.700146895544235370e-02 8.101957214383249950e-02 9.136322257624033272e-01 0.000000000000000000e+00 5.348202093764223633e-03 0.000000000000000000e+00
1.950000000000000000e+03 7.800148803278572629e-02 6.964041875284478211e-02 9.236458807464724696e-01 0.000000000000000000e+00 6.713700500682749130e-03 0.000000000000000000e+00
1.975000000000000000e+03 7.900150711012909888e-02 7.612653618570777714e-02 9.179563040509786109e-01 0.000000000000000000e+00 5.917159763313609329e-03 0.000000000000000000e+00
2.000000000000000000e+03 8.000152618747269351e-02 9.490213928083750250e-02 8.965634956759217511e-01 0.000000000000000000e+00 8.534365043240782836e-03 0.000000000000000000e+00
2.025000000000000000e+03 8.100154526481606609e-02 1.029813381884387841e-01 8.854119253527537037e-01 0.000000000000000000e+00 1.160673645880746542e-02 0.000000000000000000e+00
2.050000000000000000e+03 8.200156434215943868e-02 1.058261265361857134e-01 8.834774692762858983e-01 0.000000000000000000e+00 1.069640418752844727e-02 0.000000000000000000e+00
2.075000000000000000e+03 8.300158341950281127e-02 1.002503413746017313e-01 8.895084205735093175e-01 0.000000000000000000e+00 1.024123805188893906e-02 0.000000000000000000e+00
2.100000000000000000e+03 8.400160249684618385e-02 1.044606281292671801e-01 8.852981338188439242e-01 0.000000000000000000e+00 1.024123805188893906e-02 0.000000000000000000e+00
2.125000000000000000e+03 8.500162157418955644e-02 1.217569412835685094e-01 8.675466545289030051e-01 0.000000000000000000e+00 1.069640418752844727e-02 0.000000000000000000e+00
2.150000000000000000e+03 8.600164065153292903e-02 1.206190259444697294e-01 8.652708238507055283e-01 0.000000000000000000e+00 1.411015020482476144e-02 0.000000000000000000e+00
2.175000000000000000e+03 8.700165972887652366e-02 1.448566226672735602e-01 8.383022303140645892e-01 0.000000000000000000e+00 1.684114701866181243e-02 0.000000000000000000e+00
2.200000000000000000e+03 8.800167880621989625e-02 1.397360036413290985e-01 8.426263086026399840e-01 0.000000000000000000e+00 1.763768775603095224e-02 0.000000000000000000e+00
2.225000000000000000e+03 8.900169788356326883e-02 1.612426035502958488e-01 8.122439690487027741e-01 1.137915339098771066e-04 2.639963586709149004e-02 0.000000000000000000e+00
2.250000000000000000e+03 9.000171696090664142e-02 1.867319071461083224e-01 7.800409649522075384e-01 4.551661356395084266e-04 3.277196176604460498e-02 0.000000000000000000e+00
2.275000000000000000e+03 9.100173603825001400e-02 1.902594446973145115e-01 7.716203914428766408e-01 0.000000000000000000e+00 3.812016385980882688e-02 0.000000000000000000e+00
2.300000000000000000e+03 9.200175511559338659e-02 2.299726900318616318e-01 7.198452435138825711e-01 4.551661356395084266e-04 4.972690031861629750e-02 0.000000000000000000e+00
2.325000000000000000e+03 9.300177419293698122e-02 2.489758761948110966e-01 6.857077833409194190e-01 4.551661356395084266e-04 6.486117432862995025e-02 0.000000000000000000e+00
2.350000000000000000e+03 9.400179327028035381e-02 2.718479745106964218e-01 6.480427856167501055e-01 2.275830678197542133e-04 7.988165680473373331e-02 0.000000000000000000e+00
2.375000000000000000e+03 9.500181234762372640e-02 2.692307692307692180e-01 6.383705052344105235e-01 7.965407373691396923e-04 9.160218479745106668e-02 0.000000000000000000e+00
2.400000000000000000e+03 9.600183142496709898e-02 2.931269913518434467e-01 5.942193900773782289e-01 1.593081474738279385e-03 1.110605370960400518e-01 0.000000000000000000e+00
2.425000000000000000e+03 9.700185050231047157e-02 3.238507055075102170e-01 5.482476103777879084e-01 1.024123805188893906e-03 1.268775603095129711e-01 0.000000000000000000e+00
2.450000000000000000e+03 9.800186957965384416e-02 3.237369139736003820e-01 5.164997724169322346e-01 2.275830678197541916e-03 1.574874829312699065e-01 0.000000000000000000e+00
2.475000000000000000e+03 9.900188865699721674e-02 3.493400091033226906e-01 4.798588984979517691e-01 1.934456076467910759e-03 1.688666363222576239e-01 0.000000000000000000e+00
2.500000000000000000e+03 1.000019077343408114e-01 3.585571233500227661e-01 4.382111970869367323e-01 2.503413746017296455e-03 2.007282658170232159e-01 0.000000000000000000e+00
2.525000000000000000e+03 1.010019268116841840e-01 3.812016385980883104e-01 3.951979972690031762e-01 3.527537551206190360e-03 2.200728265817023244e-01 0.000000000000000000e+00
2.550000000000000000e+03 1.020019458890275565e-01 3.779016841147018746e-01 3.829085116067364458e-01 4.210286754665453109e-03 2.349795175238962308e-01 0.000000000000000000e+00
2.575000000000000000e+03 1.030019649663709291e-01 3.857532999544833752e-01 3.486572598998634587e-01 8.420573509330906217e-03 2.571688666363222686e-01 0.000000000000000000e+00
2.600000000000000000e+03 1.040019840437143017e-01 3.987255348202093930e-01 3.163404642694583324e-01 1.012744651797906244e-02 2.748065543923531862e-01 0.000000000000000000e+00
2.625000000000000000e+03 1.050020031210576743e-01 4.094219390077378229e-01 2.998406918525261533e-01 1.490669094219390124e-02 2.758306781975420896e-01 0.000000000000000000e+00
2.650000000000000000e+03 1.060020221984012689e-01 4.248975876194810986e-01 2.808375056895767163e-01 2.048247610377787811e-02 2.737824305871643382e-01 0.000000000000000000e+00
2.675000000000000000e+03 1.070020412757446415e-01 4.131770596267637652e-01 2.727583067819754348e-01 2.309968138370505075e-02 2.909649522075557493e-01 0.000000000000000000e+00
2.700000000000000000e+03 1.080020603530880141e-01 4.363905325443787064e-01 2.482931269913518368e-01 2.355484751934456070e-02 2.917614929449248717e-01 0.000000000000000000e+00
2.725000000000000000e+03 1.090020794304313867e-01 4.335457441966317771e-01 2.412380518889394587e-01 3.152025489303595523e-02 2.936959490213927881e-01 0.000000000000000000e+00
2.750000000000000000e+03 1.100020985077747593e-01 4.492489758761948337e-01 2.309968138370505353e-01 3.345471096950387163e-02 2.862994993172507940e-01 0.000000000000000000e+00
2.775000000000000000e+03 1.110021175851181319e-01 4.601729631315429891e-01 2.156349567592171224e-01 3.857532999544834029e-02 2.856167501137915066e-01 0.000000000000000000e+00
2.800000000000000000e+03 1.120021366624617265e-01 4.646108329540282189e-01 2.080109239872553473e-01 3.846153846153846367e-02 2.889167045971779424e-01 0.000000000000000000e+00
2.825000000000000000e+03 1.130021557398050991e-01 4.575557578516158408e-01 2.034592626308602548e-01 4.016841147018661989e-02 2.988165680473373054e-01 0.000000000000000000e+00
2.850000000000000000e+03 1.140021748171484717e-01 4.600591715976331542e-01 1.984524351388256835e-01 4.767865270823850449e-02 2.938097405553026786e-01 0.000000000000000000e+00
2.875000000000000000e+03 1.150021938944918443e-01 4.623350022758306865e-01 1.933318161128811941e-01 4.938552571688666071e-02 2.949476558944014726e-01 0.000000000000000000e+00
2.900000000000000000e+03 1.160022129718352168e-01 4.655211652253072319e-01 1.909421939007737712e-01 5.029585798816568060e-02 2.932407828857532817e-01 0.000000000000000000e+00
2.925000000000000000e+03 1.170022320491785894e-01 4.659763313609467383e-01 1.876422394173873354e-01 5.143377332726445372e-02 2.949476558944014726e-01 0.000000000000000000e+00
2.950000000000000000e+03 1.180022511265219620e-01 4.833864360491579304e-01 1.808147473827947105e-01 5.154756486117433034e-02 2.842512517068729871e-01 0.000000000000000000e+00
2.975000000000000000e+03 1.190022702038655567e-01 4.703004096495220776e-01 1.849112426035502965e-01 5.985434683659535821e-02 2.849340009103322746e-01 0.000000000000000000e+00
3.000000000000000000e+03 1.200022892812089292e-01 4.866863905325443662e-01 1.748975876194810986e-01 6.395084205735093730e-02 2.744651797906235702e-01 0.000000000000000000e+00
3.025000000000000000e+03 1.210023083585523018e-01 4.982931269913518646e-01 1.661356395084205850e-01 6.679563040509786664e-02 2.687756030951297115e-01 0.000000000000000000e+00
3.050000000000000000e+03 1.220023274358956744e-01 4.984069185252616996e-01 1.585116067364588099e-01 6.952662721893490549e-02 2.735548475193445572e-01 0.000000000000000000e+00
3.075000000000000000e+03 1.230023465132390470e-01 5.069412835685025431e-01 1.545289030496131144e-01 7.396449704142012138e-02 2.645653163404642627e-01 0.000000000000000000e+00
3.100000000000000000e+03 1.240023655905824196e-01 5.015930814747382449e-01 1.499772416932180219e-01 7.988165680473373331e-02 2.685480200273099860e-01 0.000000000000000000e+00
3.125000000000000000e+03 1.250023846679260142e-01 5.027309968138370389e-01 1.494082840236686527e-01 7.589895311788802390e-02 2.719617660446062568e-01 0.000000000000000000e+00
3.150000000000000000e+03 1.260024037452693868e-01 5.128584433318160718e-01 1.362084660901228816e-01 7.919890760127445972e-02 2.717341829767865313e-01 0.000000000000000000e+00
3.175000000000000000e+03 1.270024228226127594e-01 5.146791078743740977e-01 1.315430131998179264e-01 8.818843878015475424e-02 2.655894401456531662e-01 0.000000000000000000e+00
3.200000000000000000e+03 1.280024418999561320e-01 5.213928083750568598e-01 1.288120163859808875e-01 7.851615839781520001e-02 2.712790168411470249e-01 0.000000000000000000e+00
3.225000000000000000e+03 1.290024609772995046e-01 5.211652253072371899e-01 1.258534365043240677e-01 8.147473827947200598e-02 2.715065999089667503e-01 0.000000000000000000e+00
3.250000000000000000e+03 1.300024800546428771e-01 5.284478834774692935e-01 1.222121074192080159e-01 8.648156577150660496e-02 2.628584433318161273e-01 0.000000000000000000e+00
3.275000000000000000e+03 1.310024991319862497e-01 5.283340919435594030e-01 1.187983614019117035e-01 8.420573509330905870e-02 2.686618115612198210e-01 0.000000000000000000e+00
3.300000000000000000e+03 1.320025182093298444e-01 5.243513882567136797e-01 1.132225762403277214e-01 8.124715521165225274e-02 2.811788802913063323e-01 0.000000000000000000e+00
3.325000000000000000e+03 1.330025372866732170e-01 5.266272189349112676e-01 1.032089212562585373e-01 8.352298588984979899e-02 2.866408739189804100e-01 0.000000000000000000e+00
3.350000000000000000e+03 1.340025563640165895e-01 5.400546199362767918e-01 1.030951297223486607e-01 7.942649066909421296e-02 2.774237596722803900e-01 0.000000000000000000e+00
3.375000000000000000e+03 1.350025754413599621e-01 5.493855257168867023e-01 1.010468821119708677e-01 8.022303140646336317e-02 2.693445607646791085e-01 0.000000000000000000e+00
3.400000000000000000e+03 1.360025945187033347e-01 5.465407373691397730e-01 1.034365043240782905e-01 8.579881656804733137e-02 2.642239417387346467e-01 0.000000000000000000e+00
3.425000000000000000e+03 1.370026135960467073e-01 5.458579881656804300e-01 9.399180700955848955e-02 8.602639963586708460e-02 2.741238051888939542e-01 0.000000000000000000e+00
3.450000000000000000e+03 1.380026326733903019e-01 5.505234410559853853e-01 9.421939007737824279e-02 8.249886208466089554e-02 2.727583067819754348e-01 0.000000000000000000e+00
3.475000000000000000e+03 1.390026517507336745e-01 5.493855257168867023e-01 1.007055075102412378e-01 9.012289485662267063e-02 2.597860719162494170e-01 0.000000000000000000e+00
3.500000000000000000e+03 1.400026708280770471e-01 5.479062357760582369e-01 9.182976786527081992e-02 8.477469276285844180e-02 2.754893035958124736e-01 0.000000000000000000e+00
3.525000000000000000e+03 1.410026899054204197e-01 5.551888939462903405e-01 9.057806099226217711e-02 8.238507055075101893e-02 2.718479745106964218e-01 0.000000000000000000e+00
3.550000000000000000e+03 1.420027089827637923e-01 5.588302230314065033e-01 8.648156577150660496e-02 8.318161128812016913e-02 2.715065999089667503e-01 0.000000000000000000e+00
3.575000000000000000e+03 1.430027280601071649e-01 5.637232589895311285e-01 8.522985889849794827e-02 8.306781975421029252e-02 2.679790623577605890e-01 0.000000000000000000e+00
3.600000000000000000e+03 1.440027471374507595e-01 5.609922621756940897e-01 8.124715521165225274e-02 8.329540282203004575e-02 2.744651797906235702e-01 0.000000000000000000e+00
3.625000000000000000e+03 1.450027662147941321e-01 5.670232134729176199e-01 8.204369594902138907e-02 8.716431497496586467e-02 2.637687756030951403e-01 0.000000000000000000e+00
3.650000000000000000e+03 1.460027852921375047e-01 5.595129722348657353e-01 7.407828857532999800e-02 8.807464724624487762e-02 2.783340919435594030e-01 0.000000000000000000e+00
3.675000000000000000e+03 1.470028043694808773e-01 5.868229403732362348e-01 6.884387801547564578e-02 8.750568957669549452e-02 2.568274920345926526e-01 0.000000000000000000e+00
3.700000000000000000e+03 1.480028234468242498e-01 5.770368684569867623e-01 6.793354574419663283e-02 9.376422394173873631e-02 2.612653618570778269e-01 0.000000000000000000e+00
3.725000000000000000e+03 1.490028425241676224e-01 5.864815657715065633e-01 7.123350022758306865e-02 9.387801547564861293e-02 2.484069185252617273e-01 0.000000000000000000e+00
3.750000000000000000e+03 1.500028616015109950e-01 5.737369139736003820e-01 6.520254893035958010e-02 9.751934456076467861e-02 2.635411925352753593e-01 0.000000000000000000e+00
3.775000000000000000e+03 1.510028806788545896e-01 5.870505234410560158e-01 6.201638598088302090e-02 9.956759217114247162e-02 2.513654984069185194e-01 0.000000000000000000e+00
3.800000000000000000e+03 1.520028997561979622e-01 5.793126991351843502e-01 6.178880291306326766e-02 1.013882567137004975e-01 2.575102412380518846e-01 0.000000000000000000e+00
3.825000000000000000e+03 1.530029188335413348e-01 5.859126081019572219e-01 5.689576695493855224e-02 1.011606736458807443e-01 2.560309512972234747e-01 0.000000000000000000e+00
3.850000000000000000e+03 1.540029379108847074e-01 6.038916704597178109e-01 5.609922621756941591e-02 1.057123350022758368e-01 2.342967683204369711e-01 0.000000000000000000e+00
3.875000000000000000e+03 1.550029569882280800e-01 5.846609012289485374e-01 5.700955848884842886e-02 1.133363677742375980e-01 2.449931725079654010e-01 0.000000000000000000e+00
3.900000000000000000e+03 1.560029760655714526e-01 5.921711424670004220e-01 5.052344105598543383e-02 1.073054164770141095e-01 2.500000000000000000e-01 0.000000000000000000e+00
3.925000000000000000e+03 1.570029951429150472e-01 5.851160673645880994e-01 4.756486117432862787e-02 1.094674556213017791e-01 2.578516158397815006e-01 0.000000000000000000e+00
3.950000000000000000e+03 1.580030142202584198e-01 5.972917614929449392e-01 4.437869822485206867e-02 1.126536185707783383e-01 2.456759217114246607e-01 0.000000000000000000e+00
3.975000000000000000e+03 1.590030332976017924e-01 5.917159763313609711e-01 4.733727810650887463e-02 1.193673190714610866e-01 2.415794264906691025e-01 0.000000000000000000e+00
4.000000000000000000e+03 1.600030523749451650e-01 5.968365953573053773e-01 4.836140191169777114e-02 1.207328174783796060e-01 2.340691852526172179e-01 0.000000000000000000e+00
4.025000000000000000e+03 1.610030714522885376e-01 5.921711424670004220e-01 4.301319981793354230e-02 1.242603550295857950e-01 2.405553026854801990e-01 0.000000000000000000e+00
4.050000000000000000e+03 1.620030905296319101e-01 5.976331360946746107e-01 4.358215748748293233e-02 1.285844333181611343e-01 2.302002730996813851e-01 0.000000000000000000e+00
4.075000000000000000e+03 1.630031096069752827e-01 6.009330905780609910e-01 4.244424214838415921e-02 1.300637232589895442e-01 2.265589440145653055e-01 0.000000000000000000e+00
4.100000000000000000e+03 1.640031286843188774e-01 5.977469276285843902e-01 4.255803368229403583e-02 1.355257168866636219e-01 2.241693218024579104e-01 0.000000000000000000e+00
4.125000000000000000e+03 1.650031477616622499e-01 5.885298133818843702e-01 4.255803368229403583e-02 1.307464724624488039e-01 2.381656804733727761e-01 0.000000000000000000e+00
4.150000000000000000e+03 1.660031668390056225e-01 5.918297678652708615e-01 3.914428766499772339e-02 1.387118798361401950e-01 2.303140646335912478e-01 0.000000000000000000e+00
4.175000000000000000e+03 1.670031859163489951e-01 5.943331816112881194e-01 3.823395539371871044e-02 1.351843422849340060e-01 2.322485207100591642e-01 0.000000000000000000e+00
4.200000000000000000e+03 1.680032049936923677e-01 6.044606281292671524e-01 3.891670459717797015e-02 1.425807919890760000e-01 2.140418752844788219e-01 0.000000000000000000e+00
4.225000000000000000e+03 1.690032240710357403e-01 6.052571688666362748e-01 4.039599453800637313e-02 1.528220300409649512e-01 2.015248065543923661e-01 0.000000000000000000e+00
4.250000000000000000e+03 1.700032431483793349e-01 6.081019572143832042e-01 4.210286754665452935e-02 1.492944924897587622e-01 2.005006827492034627e-01 0.000000000000000000e+00
4.275000000000000000e+03 1.710032622257227075e-01 6.079881656804734247e-01 4.198907601274465273e-02 1.506599908966772816e-01 1.993627674101046965e-01 0.000000000000000000e+00
4.300000000000000000e+03 1.720032813030660801e-01 6.100364132908511205e-01 4.244424214838415921e-02 1.467910787437414766e-01 2.006144742831133254e-01 1.137915339098771066e-04
4.325000000000000000e+03 1.730033003804094527e-01 6.107191624943104635e-01 4.392353208921256219e-02 1.475876194811105990e-01 1.977696859353663961e-01 0.000000000000000000e+00
4.350000000000000000e+03 1.740033194577528253e-01 6.234638142922166448e-01 4.563040509786071841e-02 1.535047792444242110e-01 1.772872098315885214e-01 1.137915339098771066e-04
4.375000000000000000e+03 1.750033385350961979e-01 6.317705962676376519e-01 4.380974055530268557e-02 1.569185252617205373e-01 1.675011379153391045e-01 0.000000000000000000e+00
4.400000000000000000e+03 1.760033576124397925e-01 6.202776513427401550e-01 4.619936276741010150e-02 1.662494310423304478e-01 1.672735548475193512e-01 0.000000000000000000e+00
4.425000000000000000e+03 1.770033766897831651e-01 6.209604005461993870e-01 4.494765589440145870e-02 1.698907601274465273e-01 1.642011834319526686e-01 0.000000000000000000e+00
4.450000000000000000e+03 1.780033957671265377e-01 6.289258079198907225e-01 4.369594902139280895e-02 1.680700955848884737e-01 1.593081474738279601e-01 0.000000000000000000e+00
4.475000000000000000e+03 1.790034148444699102e-01 6.189121529358215801e-01 4.733727810650887463e-02 1.734182976786527164e-01 1.603322712790168358e-01 0.000000000000000000e+00
4.500000000000000000e+03 1.800034339218132828e-01 6.246017296313154388e-01 4.733727810650887463e-02 1.712562585343650468e-01 1.568047337278106468e-01 0.000000000000000000e+00
4.525000000000000000e+03 1.810034529991566554e-01 6.198224852071005930e-01 4.779244424214838111e-02 1.747837960855712358e-01 1.576012744651797970e-01 0.000000000000000000e+00
4.550000000000000000e+03 1.820034720765000280e-01 6.173190714610833352e-01 5.040964952207555722e-02 1.754665452890304955e-01 1.568047337278106468e-01 0.000000000000000000e+00
4.575000000000000000e+03 1.830034911538436226e-01 6.195949021392808120e-01 4.870277651342740100e-02 1.808147473827947105e-01 1.508875739644970349e-01 0.000000000000000000e+00
4.600000000000000000e+03 1.840035102311869952e-01 6.304050978607191880e-01 4.813381884387801790e-02 1.813837050523441075e-01 1.400773782430587144e-01 0.000000000000000000e+00
4.625000000000000000e+03 1.850035293085303678e-01 6.307464724624487484e-01 5.109239872553481693e-02 1.837733272644515303e-01 1.342740100136549930e-01 1.137915339098771066e-04
4.650000000000000000e+03 1.860035483858737404e-01 6.185707783340919086e-01 5.484751934456076616e-02 1.865043240782885692e-01 1.400773782430587144e-01 0.000000000000000000e+00
4.675000000000000000e+03 1.870035674632171130e-01 6.183431952662722386e-01 5.314064633591260994e-02 1.927628584433318248e-01 1.357532999544833752e-01 0.000000000000000000e+00
4.700000000000000000e+03 1.880035865405604856e-01 6.224396904870277414e-01 5.393718707328174627e-02 1.929904415111515781e-01 1.306326809285389134e-01 0.000000000000000000e+00
4.725000000000000000e+03 1.890036056179040802e-01 6.160673645880746507e-01 5.518889394629039602e-02 1.976558944014565333e-01 1.310878470641784199e-01 0.000000000000000000e+00
4.750000000000000000e+03 1.900036246952474528e-01 6.216431497496586189e-01 5.427856167501137613e-02 2.022075557578516258e-01 1.218707328174783860e-01 0.000000000000000000e+00
4.775000000000000000e+03 1.910036437725908254e-01 6.160673645880746507e-01 5.473372781065088954e-02 1.993627674101046965e-01 1.298361401911697632e-01 0.000000000000000000e+00
4.800000000000000000e+03 1.920036628499341980e-01 6.205052344105598250e-01 5.382339553937186966e-02 1.997041420118343125e-01 1.259672280382339582e-01 0.000000000000000000e+00
4.825000000000000000e+03 1.930036819272775706e-01 6.205052344105598250e-01 5.405097860719162289e-02 1.982248520710059303e-01 1.272189349112426149e-01 0.000000000000000000e+00
4.850000000000000000e+03 1.940037010046209431e-01 6.230086481565771939e-01 5.496131087847064278e-02 1.993627674101046965e-01 1.226672735548475224e-01 0.000000000000000000e+00
4.875000000000000000e+03 1.950037200819645378e-01 6.228948566226673034e-01 5.723714155666818210e-02 2.048247610377788019e-01 1.150432407828857473e-01 0.000000000000000000e+00
4.900000000000000000e+03 1.960037391593079104e-01 6.182294037323623481e-01 5.814747382794720199e-02 2.057350933090578149e-01 1.178880291306326766e-01 0.000000000000000000e+00
4.925000000000000000e+03 1.970037582366512829e-01 6.148156577150659663e-01 5.712335002275830548e-02 2.139280837505689592e-01 1.141329085116067343e-01 0.000000000000000000e+00
4.950000000000000000e+03 1.980037773139946555e-01 6.167501137915338827e-01 5.928538916704597511e-02 2.094902139280837572e-01 1.144742831133363642e-01 0.000000000000000000e+00
4.975000000000000000e+03 1.990037963913380281e-01 6.236913973600364258e-01 6.292671825216203385e-02 2.082385070550751005e-01 1.051433773327264398e-01 0.000000000000000000e+00
5.000000000000000000e+03 2.000038154686814007e-01 6.169776968593536637e-01 6.451979972690032039e-02 2.111970869367319203e-01 1.073054164770141095e-01 0.000000000000000000e+00
5.025000000000000000e+03 2.010038345460247733e-01 6.216431497496586189e-01 6.121984524351388457e-02 2.083522985889849910e-01 1.087847064178425194e-01 0.000000000000000000e+00
5.050000000000000000e+03 2.020038536233683679e-01 6.222121074192079604e-01 6.349567592171143082e-02 2.040282203004096517e-01 1.102639963586709154e-01 0.000000000000000000e+00
5.075000000000000000e+03 2.030038727007117405e-01 6.261948111060536837e-01 6.372325898953118406e-02 2.047109695038689114e-01 1.053709604005461931e-01 0.000000000000000000e+00
5.100000000000000000e+03 2.040038917780551131e-01 6.210741920801092775e-01 6.770596267637687959e-02 2.078971324533454845e-01 1.033227127901684139e-01 0.000000000000000000e+00
5.125000000000000000e+03 2.050039108553984857e-01 6.282430587164314906e-01 6.736458807464724974e-02 2.126763768775603025e-01 9.171597633136094330e-02 0.000000000000000000e+00
5.150000000000000000e+03 2.060039299327418583e-01 6.236913973600364258e-01 7.476103777878925771e-02 2.146108329540282189e-01 8.693673190714611143e-02 0.000000000000000000e+00
5.175000000000000000e+03 2.070039490100852309e-01 6.182294037323623481e-01 7.919890760127445972e-02 2.142694583522985752e-01 8.830223031406463086e-02 0.000000000000000000e+00
5.200000000000000000e+03 2.080039680874288255e-01 6.197086936731907025e-01 7.294037323623121793e-02 2.125625853436504398e-01 9.467455621301774926e-02 1.137915339098771066e-04
5.225000000000000000e+03 2.090039871647721981e-01 6.293809740555302845e-01 7.100591715976331542e-02 2.108557123350022766e-01 8.864360491579426071e-02 1.137915339098771066e-04
5.250000000000000000e+03 2.100040062421155707e-01 6.076467910787437532e-01 7.635411925352754425e-02 2.190487027765134209e-01 9.683659535730541890e-02 1.137915339098771066e-04
5.275000000000000000e+03 2.110040253194589432e-01 6.165225307237141017e-01 7.578516158397814728e-02 2.149522075557578626e-01 9.251251706873007963e-02 2.275830678197542133e-04
5.300000000000000000e+03 2.120040443968023158e-01 6.166363222576239922e-01 8.010923987255348655e-02 2.206417842512516936e-01 8.249886208466089554e-02 1.137915339098771066e-04
5.325000000000000000e+03 2.130040634741456884e-01 6.230086481565771939e-01 7.726445152480655720e-02 2.251934456076467861e-01 7.441966317705962786e-02 1.137915339098771066e-04
5.350000000000000000e+03 2.140040825514890610e-01 6.149294492489758568e-01 7.965407373691398007e-02 2.242831133363677731e-01 8.101957214383249950e-02 1.137915339098771066e-04
5.375000000000000000e+03 2.150041016288326556e-01 6.164087391898043222e-01 7.840236686390532339e-02 2.249658625398270329e-01 7.999544833864360993e-02 2.275830678197542133e-04
5.400000000000000000e+03 2.160041207061760282e-01 6.190259444697314706e-01 8.158852981338188259e-02 2.307692307692307820e-01 6.861629494765589254e-02 0.000000000000000000e+00
5.425000000000000000e+03 2.170041397835194008e-01 6.218707328174783999e-01 8.158852981338188259e-02 2.319071461083295482e-01 6.463359126081019701e-02 0.000000000000000000e+00
5.450000000000000000e+03 2.180041588608627734e-01 6.257396449704142327e-01 7.999544833864360993e-02 2.316795630405097950e-01 6.258534365043240399e-02 0.000000000000000000e+00
5.475000000000000000e+03 2.190041779382061460e-01 6.062812926718251783e-01 8.375056895766955223e-02 2.402139280837505553e-01 6.975421028675465873e-02 0.000000000000000000e+00
5.500000000000000000e+03 2.200041970155495186e-01 6.059399180700956178e-01 8.534365043240782489e-02 2.441966317705962786e-01 6.440600819299044377e-02 1.137915339098771066e-04
5.525000000000000000e+03 2.210042160928931132e-01 6.164087391898043222e-01 8.784706417842512438e-02 2.414656349567592120e-01 5.427856167501137613e-02 0.000000000000000000e+00
5.550000000000000000e+03 2.220042351702364858e-01 6.153846153846154188e-01 8.500227583067819503e-02 2.446517979062357850e-01 5.496131087847064278e-02 0.000000000000000000e+00
5.575000000000000000e+03 2.230042542475798584e-01 6.161811561219845412e-01 8.921256258534364381e-02 2.447655894401456478e-01 4.972690031861629750e-02 1.137915339098771066e-04
5.600000000000000000e+03 2.240042733249232310e-01 6.103777878925807920e-01 8.978152025489304078e-02 2.520482476103778069e-01 4.767865270823850449e-02 1.137915339098771066e-04
5.625000000000000000e+03 2.250042924022666035e-01 6.102639963586709015e-01 9.126081019572143682e-02 2.522758306781975324e-01 4.608557123350022489e-02 1.137915339098771066e-04
5.650000000000000000e+03 2.260043114796099761e-01 6.075329995448338627e-01 9.262630860263997012e-02 2.527309968138370389e-01 4.699590350477924477e-02 1.137915339098771066e-04
5.675000000000000000e+03 2.270043305569535708e-01 6.129949931725079404e-01 9.000910332271279402e-02 2.513654984069185194e-01 4.563040509786071841e-02 0.000000000000000000e+00
