# itime ezz other fcc hcp bcc ico
0.000000000000000000e+00 0.000000000000000000e+00 0.000000000000000000e+00 1.000000000000000000e+00 0.000000000000000000e+00 0.000000000000000000e+00 0.000000000000000000e+00
2.500000000000000000e+02 9.999988417818350683e-03 0.000000000000000000e+00 1.000000000000000000e+00 0.000000000000000000e+00 0.000000000000000000e+00 0.000000000000000000e+00
5.000000000000000000e+02 1.999997683563670137e-02 0.000000000000000000e+00 1.000000000000000000e+00 0.000000000000000000e+00 0.000000000000000000e+00 0.000000000000000000e+00
7.500000000000000000e+02 2.999996525345505205e-02 0.000000000000000000e+00 1.000000000000000000e+00 0.000000000000000000e+00 0.000000000000000000e+00 0.000000000000000000e+00
1.000000000000000000e+03 3.999995367127340273e-02 0.000000000000000000e+00 1.000000000000000000e+00 0.000000000000000000e+00 0.000000000000000000e+00 0.000000000000000000e+00
1.250000000000000000e+03 4.999994208909175342e-02 0.000000000000000000e+00 1.000000000000000000e+00 0.000000000000000000e+00 0.000000000000000000e+00 0.000000000000000000e+00
1.500000000000000000e+03 5.999993050691010410e-02 1.137915339098771066e-04 9.998862084660901095e-01 0.000000000000000000e+00 0.000000000000000000e+00 0.000000000000000000e+00
1.750000000000000000e+03 6.999991892472845478e-02 0.000000000000000000e+00 1.000000000000000000e+00 0.000000000000000000e+00 0.000000000000000000e+00 0.000000000000000000e+00
2.000000000000000000e+03 7.999990734254680547e-02 3.413746017296313199e-04 9.995448338643604380e-01 0.000000000000000000e+00 1.137915339098771066e-04 0.000000000000000000e+00
2.250000000000000000e+03 8.999989576036515615e-02 1.137915339098771066e-04 9.998862084660901095e-01 0.000000000000000000e+00 0.000000000000000000e+00 0.000000000000000000e+00
2.500000000000000000e+03 9.999988417818350683e-02 3.186162949476558769e-03 9.967000455166135087e-01 0.000000000000000000e+00 1.137915339098771066e-04 0.000000000000000000e+00
2.750000000000000000e+03 1.099998725960018575e-01 5.461993627674101119e-03 9.939690487027764698e-01 0.000000000000000000e+00 5.689576695493854790e-04 0.000000000000000000e+00
3.000000000000000000e+03 1.199998610138202082e-01 8.511606736458807165e-02 8.749431042330451103e-01 0.000000000000000000e+00 3.994082840236686666e-02 0.000000000000000000e+00
3.250000000000000000e+03 1.299998494316385589e-01 4.082840236686390289e-01 1.045744196631770567e-01 2.275830678197541916e-03 4.848657259899863403e-01 0.000000000000000000e+00
3.500000000000000000e+03 1.399998378494569096e-01 5.208238507055075184e-01 1.424670004551661373e-01 1.893491124260354985e-01 1.473600364132908458e-01 0.000000000000000000e+00
3.750000000000000000e+03 1.499998262672752602e-01 5.329995448338643582e-01 1.256258534365043145e-01 2.858443331816112876e-01 5.553026854802002588e-02 0.000000000000000000e+00
4.000000000000000000e+03 1.599998146850936109e-01 5.342512517068730427e-01 1.133363677742375980e-01 3.014337733272644537e-01 5.097860719162494031e-02 0.000000000000000000e+00
4.250000000000000000e+03 1.699998031029119616e-01 5.410787437414655843e-01 1.279016841147018746e-01 2.916477014110150368e-01 3.937187073281747662e-02 0.000000000000000000e+00
4.500000000000000000e+03 1.799997915207303123e-01 5.535958124715520956e-01 1.175466545289030468e-01 2.892580791989076139e-01 3.959945380063722986e-02 0.000000000000000000e+00
4.750000000000000000e+03 1.899997799385486630e-01 5.731679563040509295e-01 1.102639963586709154e-01 2.819754210286754548e-01 3.459262630860263782e-02 0.000000000000000000e+00
5.000000000000000000e+03 1.999997683563670137e-01 6.115157032316795860e-01 1.651115157032316816e-01 1.934456076467910846e-01 2.992717341829767910e-02 0.000000000000000000e+00
5.250000000000000000e+03 2.099997567741853643e-01 5.736231224396904915e-01 3.182749203459262488e-01 8.557123350022757813e-02 2.253072371415566766e-02 0.000000000000000000e+00
5.500000000000000000e+03 2.199997451920037150e-01 5.383477469276285454e-01 3.042785616750113831e-01 9.945380063723259501e-02 5.791989076012744875e-02 0.000000000000000000e+00
5.750000000000000000e+03 2.299997336098220657e-01 5.230996813837051063e-01 2.361174328629949970e-01 2.188211197086936677e-01 2.196176604460628110e-02 0.000000000000000000e+00
6.000000000000000000e+03 2.399997220276404164e-01 5.026172052799271484e-01 2.368001820664542567e-01 2.457897132453345512e-01 1.479289940828402289e-02 0.000000000000000000e+00
6.250000000000000000e+03 2.499997104454587671e-01 4.929449248975876219e-01 2.401001365498406925e-01 2.543240782885753393e-01 1.263086026399635846e-02 0.000000000000000000e+00
6.500000000000000000e+03 2.599996988632771178e-01 4.948793809740555383e-01 2.402139280837505553e-01 2.534137460172963263e-01 1.149294492489758707e-02 0.000000000000000000e+00
6.750000000000000000e+03 2.699996872810954684e-01 4.965862539827036737e-01 2.380518889394629134e-01 2.495448338643604935e-01 1.581702321347291593e-02 0.000000000000000000e+00
7.000000000000000000e+03 2.799996756989138191e-01 5.073964497041419941e-01 2.264451524806554428e-01 2.451069640418752915e-01 2.105143377332726468e-02 0.000000000000000000e+00
7.250000000000000000e+03 2.899996641167321698e-01 5.200273099681383959e-01 2.042558033682294050e-01 2.511379153390987939e-01 2.457897132453345374e-02 0.000000000000000000e+00
7.500000000000000000e+03 2.999996525345505205e-01 5.243513882567136797e-01 1.824078288575330109e-01 2.579654073736913911e-01 3.527537551206190447e-02 0.000000000000000000e+00
7.750000000000000000e+03 3.099996409523688712e-01 5.352753755120619461e-01 1.059399180700955900e-01 3.179335457441966328e-01 4.085116067364587961e-02 0.000000000000000000e+00
8.000000000000000000e+03 3.199996293701872219e-01 4.558488848429677054e-01 4.472007282658170546e-02 4.634729176149294250e-01 3.595812471552116418e-02 0.000000000000000000e+00
8.250000000000000000e+03 3.299996177880055725e-01 3.216886663632225751e-01 1.832043695949021542e-02 6.516841147018661573e-01 8.306781975421027864e-03 0.000000000000000000e+00
8.500000000000000000e+03 3.399996062058239232e-01 3.007510241238051663e-01 1.775147928994082885e-02 6.726217569412835662e-01 8.875739644970414427e-03 0.000000000000000000e+00
8.750000000000000000e+03 3.499995946236422739e-01 2.935821574874829532e-01 1.945835229858898507e-02 6.804733727810651223e-01 6.486117432862995025e-03 0.000000000000000000e+00
9.000000000000000000e+03 3.599995830414606246e-01 2.956304050978607045e-01 1.797906235776058209e-02 6.809285389167045732e-01 5.461993627674101119e-03 0.000000000000000000e+00
9.250000000000000000e+03 3.699995714592789753e-01 2.910787437414656398e-01 1.888939462903959851e-02 6.832043695949021611e-01 6.827492034592626616e-03 0.000000000000000000e+00
9.500000000000000000e+03 3.799995598770973260e-01 2.933545744196631722e-01 1.786527082385070547e-02 6.849112426035502965e-01 3.868912152935821518e-03 0.000000000000000000e+00
9.750000000000000000e+03 3.899995482949158987e-01 2.909649522075557493e-01 1.888939462903959851e-02 6.854802002730996380e-01 4.665452890304961318e-03 0.000000000000000000e+00
1.000000000000000000e+04 3.999995367127340273e-01 2.975648611743286209e-01 1.797906235776058209e-02 6.802457897132453413e-01 4.210286754665453109e-03 0.000000000000000000e+00
1.025000000000000000e+04 4.099995251305521560e-01 3.048475193445607800e-01 1.638598088302230249e-02 6.758079198907601670e-01 2.958579881656804664e-03 0.000000000000000000e+00
1.050000000000000000e+04 4.199995135483707287e-01 2.991579426490669213e-01 1.672735548475193582e-02 6.797906235776057793e-01 4.324078288575329727e-03 0.000000000000000000e+00
1.075000000000000000e+04 4.299995019661893014e-01 3.098543468365953513e-01 1.558944014565316269e-02 6.717114246700045532e-01 2.844788347746927612e-03 0.000000000000000000e+00
1.100000000000000000e+04 4.399994903840074301e-01 3.105370960400546387e-01 1.888939462903959851e-02 6.670459717796995980e-01 3.527537551206190360e-03 0.000000000000000000e+00
1.125000000000000000e+04 4.499994788018255587e-01 3.194128356850250428e-01 2.127901684114701791e-02 6.558944014565316616e-01 3.413746017296313308e-03 0.000000000000000000e+00
1.150000000000000000e+04 4.599994672196441314e-01 3.303368229403732537e-01 5.302685480200273332e-02 6.114019116977696955e-01 5.234410559854347014e-03 0.000000000000000000e+00
1.175000000000000000e+04 4.699994556374627042e-01 3.351160673645880994e-01 1.026399635867091542e-01 5.592853891670459543e-01 2.958579881656804664e-03 0.000000000000000000e+00
1.200000000000000000e+04 4.799994440552808328e-01 3.619708693673190925e-01 1.239189804278561652e-01 5.105826126536185949e-01 3.527537551206190360e-03 0.000000000000000000e+00
1.225000000000000000e+04 4.899994324730989614e-01 3.708466090122894965e-01 1.606736458807464796e-01 4.572143832498862248e-01 1.126536185707783383e-02 0.000000000000000000e+00
1.250000000000000000e+04 4.999994208909175342e-01 3.731224396904870289e-01 1.660218479745106945e-01 4.486800182066454368e-01 1.217569412835685025e-02 0.000000000000000000e+00
1.275000000000000000e+04 5.099994093087361069e-01 4.045289030496130867e-01 1.734182976786527164e-01 3.995220755575785154e-01 2.253072371415566766e-02 0.000000000000000000e+00
1.300000000000000000e+04 5.199993977265542355e-01 4.329767865270823801e-01 1.662494310423304478e-01 3.798361401911697910e-01 2.093764223941738806e-02 0.000000000000000000e+00
1.325000000000000000e+04 5.299993861443723642e-01 4.443559399180700975e-01 1.723941738734638129e-01 3.574192080109239722e-01 2.583067819754210348e-02 0.000000000000000000e+00
1.350000000000000000e+04 5.399993745621909369e-01 4.764451524806554428e-01 1.627218934911242587e-01 3.239644970414201075e-01 3.686845698680018407e-02 0.000000000000000000e+00
1.375000000000000000e+04 5.499993629800095096e-01 4.359353664087392000e-01 1.516841147018661851e-01 3.875739644970414011e-01 2.480655439235321044e-02 0.000000000000000000e+00
1.400000000000000000e+04 5.599993513978276383e-01 3.891670459717797015e-01 1.416704597177969871e-01 4.510696404187528596e-01 1.809285389167045871e-02 0.000000000000000000e+00
1.425000000000000000e+04 5.699993398156457669e-01 3.633363677742376119e-01 1.511151570323167881e-01 4.710969503868912001e-01 1.445152480655439303e-02 0.000000000000000000e+00
1.450000000000000000e+04 5.799993282334643396e-01 3.241920801092398885e-01 1.562357760582612776e-01 5.015930814747382449e-01 1.797906235776058209e-02 0.000000000000000000e+00
1.475000000000000000e+04 5.899993166512829124e-01 3.149749658625398130e-01 1.607874374146563423e-01 5.088757396449704595e-01 1.536185707783340945e-02 0.000000000000000000e+00
1.500000000000000000e+04 5.999993050691010410e-01 3.098543468365953513e-01 1.598771051433773294e-01 5.102412380518889234e-01 2.002730996813837164e-02 0.000000000000000000e+00
1.525000000000000000e+04 6.099992934869191696e-01 3.025716886663632477e-01 1.533909877105143482e-01 5.191169776968593830e-01 2.492034592626308706e-02 0.000000000000000000e+00
1.550000000000000000e+04 6.199992819047377424e-01 3.046199362767409990e-01 1.533909877105143482e-01 5.187756030951297115e-01 2.321347291761493084e-02 0.000000000000000000e+00
1.575000000000000000e+04 6.299992703225563151e-01 2.955166135639508695e-01 1.579426490669094130e-01 5.261720527992717056e-01 2.036868456986800149e-02 0.000000000000000000e+00
1.600000000000000000e+04 6.399992587403744437e-01 2.886891215293582169e-01 1.610150204824760956e-01 5.325443786982249073e-01 1.775147928994082885e-02 0.000000000000000000e+00
1.625000000000000000e+04 6.499992471581925724e-01 2.842512517068729871e-01 1.803595812471552040e-01 5.221893491124259823e-01 1.319981793354574502e-02 0.000000000000000000e+00
1.650000000000000000e+04 6.599992355760111451e-01 2.897132453345471204e-01 1.736458807464724696e-01 5.225307237141556538e-01 1.411015020482476144e-02 0.000000000000000000e+00
1.675000000000000000e+04 6.699992239938297178e-01 2.930131998179335562e-01 1.796768320436959443e-01 5.071688666363222131e-01 2.014110150204824826e-02 0.000000000000000000e+00
1.700000000000000000e+04 6.799992124116478465e-01 2.952890304961310886e-01 1.818388711879836139e-01 4.972690031861629611e-01 2.560309512972235024e-02 0.000000000000000000e+00
1.725000000000000000e+04 6.899992008294659751e-01 3.195266272189349332e-01 1.830905780609922706e-01 4.575557578516158408e-01 3.982703686845699004e-02 0.000000000000000000e+00
1.750000000000000000e+04 6.999991892472845478e-01 2.984751934456076339e-01 2.042558033682294050e-01 4.467455621301775204e-01 5.052344105598543383e-02 0.000000000000000000e+00
1.775000000000000000e+04 7.099991776651031206e-01 3.078060992262175444e-01 2.132453345471096995e-01 4.227355484751934567e-01 5.621301775147929253e-02 0.000000000000000000e+00
1.800000000000000000e+04 7.199991660829212492e-01 2.974510696404187304e-01 2.289485662266727284e-01 4.136322257624032717e-01 5.996813837050523482e-02 0.000000000000000000e+00
1.825000000000000000e+04 7.299991545007393778e-01 2.969959035047792240e-01 2.453345471096950448e-01 3.922394173873463563e-01 6.543013199817933334e-02 0.000000000000000000e+00
1.850000000000000000e+04 7.399991429185579506e-01 2.947200728265816916e-01 2.470414201183432079e-01 3.726672735548475224e-01 8.557123350022757813e-02 0.000000000000000000e+00
1.875000000000000000e+04 7.499991313363765233e-01 3.200955848884842747e-01 2.447655894401456478e-01 3.603777878925807920e-01 7.476103777878925771e-02 0.000000000000000000e+00
1.900000000000000000e+04 7.599991197541946519e-01 3.408056440600819026e-01 2.429449248975876219e-01 3.470641784251251583e-01 6.918525261720527564e-02 0.000000000000000000e+00
1.925000000000000000e+04 7.699991081720127806e-01 3.417159763313609711e-01 2.536413290851160518e-01 3.401228948566226706e-01 6.451979972690032039e-02 0.000000000000000000e+00
1.950000000000000000e+04 7.799990965898313533e-01 3.402366863905325611e-01 2.630860263996358528e-01 3.452435138825671324e-01 5.143377332726445372e-02 0.000000000000000000e+00
1.975000000000000000e+04 7.899990850076499260e-01 3.398953117888028896e-01 2.672963131543013016e-01 3.371643149749658508e-01 5.564406008192990249e-02 0.000000000000000000e+00
2.000000000000000000e+04 7.999990734254680547e-01 3.530951297223486329e-01 2.670687300864815761e-01 3.264679107874374209e-01 5.336822940373236318e-02 0.000000000000000000e+00
2.025000000000000000e+04 8.099990618432861833e-01 3.653846153846153633e-01 2.721893491124260378e-01 3.096267637687756258e-01 5.279927173418298009e-02 0.000000000000000000e+00
2.050000000000000000e+04 8.199990502611047560e-01 3.697086936731907025e-01 2.980200273099681274e-01 2.790168411470186349e-01 5.325443786982248656e-02 0.000000000000000000e+00
2.075000000000000000e+04 8.299990386789233288e-01 3.648156577150660218e-01 3.146335912608101970e-01 2.624032771961766208e-01 5.814747382794720199e-02 0.000000000000000000e+00
2.100000000000000000e+04 8.399990270967414574e-01 3.624260355029585989e-01 3.277196176604460498e-01 2.575102412380518846e-01 5.234410559854346667e-02 0.000000000000000000e+00
2.125000000000000000e+04 8.499990155145595860e-01 3.434228493400091065e-01 3.625398270368684339e-01 2.418070095584888557e-01 5.223031406463359005e-02 0.000000000000000000e+00
2.150000000000000000e+04 8.599990039323781588e-01 3.185025034137460298e-01 4.088529813381884259e-01 2.317933545744196577e-01 4.085116067364587961e-02 0.000000000000000000e+00
2.175000000000000000e+04 8.699989923501967315e-01 3.022303140646335762e-01 4.328629949931724896e-01 2.298588984979517413e-01 3.504779244424215123e-02 0.000000000000000000e+00
2.200000000000000000e+04 8.799989807680148601e-01 2.956304050978607045e-01 4.600591715976331542e-01 2.207555757851615841e-01 2.355484751934456070e-02 0.000000000000000000e+00
2.225000000000000000e+04 8.899989691858329888e-01 2.947200728265816916e-01 4.861174328629949692e-01 1.979972690031861493e-01 2.116522530723714129e-02 0.000000000000000000e+00
2.250000000000000000e+04 8.999989576036515615e-01 2.774237596722803900e-01 5.328857532999544677e-01 1.733045061447428259e-01 1.638598088302230249e-02 0.000000000000000000e+00
2.275000000000000000e+04 9.099989460214701342e-01 2.726445152480655443e-01 5.366408739189804100e-01 1.720527992717341692e-01 1.866181156121984527e-02 0.000000000000000000e+00
2.300000000000000000e+04 9.199989344392882629e-01 2.738962221210741732e-01 5.312926718252162228e-01 1.761492944924897552e-01 1.866181156121984527e-02 0.000000000000000000e+00
2.325000000000000000e+04 9.299989228571063915e-01 2.748065543923531862e-01 5.278789258079198410e-01 1.780837505689576716e-01 1.923076923076923184e-02 0.000000000000000000e+00
2.350000000000000000e+04 9.399989112749249642e-01 2.769685935366408835e-01 5.207100591715976279e-01 1.826354119253527641e-01 1.968593536640873831e-02 0.000000000000000000e+00
2.375000000000000000e+04 9.499988996927435370e-01 2.811788802913063323e-01 5.157032316795630011e-01 1.835457441966317771e-01 1.957214383249886169e-02 0.000000000000000000e+00
2.400000000000000000e+04 9.599988881105616656e-01 2.851615839781520001e-01 5.195721438324988339e-01 1.756941283568502488e-01 1.957214383249886169e-02 0.000000000000000000e+00
2.425000000000000000e+04 9.699988765283797942e-01 2.917614929449248717e-01 5.194583522985889434e-01 1.738734638142922229e-01 1.490669094219390124e-02 0.000000000000000000e+00
2.450000000000000000e+04 9.799988649461983670e-01 2.867546654528903005e-01 5.248065543923532417e-01 1.713700500682749095e-01 1.706873008648156567e-02 0.000000000000000000e+00
2.475000000000000000e+04 9.899988533640169397e-01 2.817478379608557293e-01 5.270823850705507185e-01 1.791078743741465751e-01 1.206190259444697363e-02 0.000000000000000000e+00
2.500000000000000000e+04 9.999988417818350683e-01 2.825443786982248517e-01 5.273099681383704995e-01 1.785389167045971781e-01 1.160673645880746542e-02 0.000000000000000000e+00
