# itime ezz other fcc hcp bcc ico
0.000000000000000000e+00 0.000000000000000000e+00 0.000000000000000000e+00 1.000000000000000000e+00 0.000000000000000000e+00 0.000000000000000000e+00 0.000000000000000000e+00
2.500000000000000000e+01 9.999737804611275038e-04 0.000000000000000000e+00 1.000000000000000000e+00 0.000000000000000000e+00 0.000000000000000000e+00 0.000000000000000000e+00
5.000000000000000000e+01 1.999947560922032963e-03 0.000000000000000000e+00 1.000000000000000000e+00 0.000000000000000000e+00 0.000000000000000000e+00 0.000000000000000000e+00
7.500000000000000000e+01 2.999921341383160467e-03 0.000000000000000000e+00 1.000000000000000000e+00 0.000000000000000000e+00 0.000000000000000000e+00 0.000000000000000000e+00
1.000000000000000000e+02 3.999895121844065926e-03 0.000000000000000000e+00 1.000000000000000000e+00 0.000000000000000000e+00 0.000000000000000000e+00 0.000000000000000000e+00
1.250000000000000000e+02 4.999868902305193430e-03 0.000000000000000000e+00 1.000000000000000000e+00 0.000000000000000000e+00 0.000000000000000000e+00 0.000000000000000000e+00
1.500000000000000000e+02 5.999842682766098889e-03 0.000000000000000000e+00 1.000000000000000000e+00 0.000000000000000000e+00 0.000000000000000000e+00 0.000000000000000000e+00
1.750000000000000000e+02 6.999816463227226393e-03 0.000000000000000000e+00 1.000000000000000000e+00 0.000000000000000000e+00 0.000000000000000000e+00 0.000000000000000000e+00
2.000000000000000000e+02 7.999790243688131852e-03 0.000000000000000000e+00 1.000000000000000000e+00 0.000000000000000000e+00 0.000000000000000000e+00 0.000000000000000000e+00
2.250000000000000000e+02 8.999764024149259356e-03 0.000000000000000000e+00 1.000000000000000000e+00 0.000000000000000000e+00 0.000000000000000000e+00 0.000000000000000000e+00
2.500000000000000000e+02 9.999737804610164815e-03 0.000000000000000000e+00 1.000000000000000000e+00 0.000000000000000000e+00 0.000000000000000000e+00 0.000000000000000000e+00
2.750000000000000000e+02 1.099971158507129232e-02 0.000000000000000000e+00 1.000000000000000000e+00 0.000000000000000000e+00 0.000000000000000000e+00 0.000000000000000000e+00
3.000000000000000000e+02 1.199968536553219778e-02 0.000000000000000000e+00 1.000000000000000000e+00 0.000000000000000000e+00 0.000000000000000000e+00 0.000000000000000000e+00
3.250000000000000000e+02 1.299965914599332528e-02 0.000000000000000000e+00 1.000000000000000000e+00 0.000000000000000000e+00 0.000000000000000000e+00 0.000000000000000000e+00
3.500000000000000000e+02 1.399963292645423074e-02 0.000000000000000000e+00 1.000000000000000000e+00 0.000000000000000000e+00 0.000000000000000000e+00 0.000000000000000000e+00
3.750000000000000000e+02 1.499960670691535825e-02 0.000000000000000000e+00 1.000000000000000000e+00 0.000000000000000000e+00 0.000000000000000000e+00 0.000000000000000000e+00
4.000000000000000000e+02 1.599958048737626370e-02 0.000000000000000000e+00 1.000000000000000000e+00 0.000000000000000000e+00 0.000000000000000000e+00 0.000000000000000000e+00
4.250000000000000000e+02 1.699955426783739121e-02 0.000000000000000000e+00 1.000000000000000000e+00 0.000000000000000000e+00 0.000000000000000000e+00 0.000000000000000000e+00
4.500000000000000000e+02 1.799952804829829667e-02 0.000000000000000000e+00 1.000000000000000000e+00 0.000000000000000000e+00 0.000000000000000000e+00 0.000000000000000000e+00
4.750000000000000000e+02 1.899950182875942417e-02 0.000000000000000000e+00 1.000000000000000000e+00 0.000000000000000000e+00 0.000000000000000000e+00 0.000000000000000000e+00
5.000000000000000000e+02 1.999947560922055168e-02 0.000000000000000000e+00 1.000000000000000000e+00 0.000000000000000000e+00 0.000000000000000000e+00 0.000000000000000000e+00
5.250000000000000000e+02 2.099944938968145713e-02 0.000000000000000000e+00 1.000000000000000000e+00 0.000000000000000000e+00 0.000000000000000000e+00 0.000000000000000000e+00
5.500000000000000000e+02 2.199942317014258464e-02 0.000000000000000000e+00 1.000000000000000000e+00 0.000000000000000000e+00 0.000000000000000000e+00 0.000000000000000000e+00
5.750000000000000000e+02 2.299939695060349010e-02 0.000000000000000000e+00 1.000000000000000000e+00 0.000000000000000000e+00 0.000000000000000000e+00 0.000000000000000000e+00
6.000000000000000000e+02 2.399937073106461760e-02 0.000000000000000000e+00 1.000000000000000000e+00 0.000000000000000000e+00 0.000000000000000000e+00 0.000000000000000000e+00
6.250000000000000000e+02 2.499934451152552306e-02 0.000000000000000000e+00 1.000000000000000000e+00 0.000000000000000000e+00 0.000000000000000000e+00 0.000000000000000000e+00
6.500000000000000000e+02 2.599931829198665056e-02 0.000000000000000000e+00 1.000000000000000000e+00 0.000000000000000000e+00 0.000000000000000000e+00 0.000000000000000000e+00
6.750000000000000000e+02 2.699929207244755602e-02 0.000000000000000000e+00 1.000000000000000000e+00 0.000000000000000000e+00 0.000000000000000000e+00 0.000000000000000000e+00
7.000000000000000000e+02 2.799926585290868353e-02 0.000000000000000000e+00 1.000000000000000000e+00 0.000000000000000000e+00 0.000000000000000000e+00 0.000000000000000000e+00
7.250000000000000000e+02 2.899923963336958899e-02 0.000000000000000000e+00 1.000000000000000000e+00 0.000000000000000000e+00 0.000000000000000000e+00 0.000000000000000000e+00
7.500000000000000000e+02 2.999921341383071649e-02 0.000000000000000000e+00 1.000000000000000000e+00 0.000000000000000000e+00 0.000000000000000000e+00 0.000000000000000000e+00
7.750000000000000000e+02 3.099918719429162195e-02 0.000000000000000000e+00 1.000000000000000000e+00 0.000000000000000000e+00 0.000000000000000000e+00 0.000000000000000000e+00
8.000000000000000000e+02 3.199916097475274945e-02 0.000000000000000000e+00 1.000000000000000000e+00 0.000000000000000000e+00 0.000000000000000000e+00 0.000000000000000000e+00
8.250000000000000000e+02 3.299913475521365491e-02 0.000000000000000000e+00 1.000000000000000000e+00 0.000000000000000000e+00 0.000000000000000000e+00 0.000000000000000000e+00
8.500000000000000000e+02 3.399910853567478242e-02 0.000000000000000000e+00 1.000000000000000000e+00 0.000000000000000000e+00 0.000000000000000000e+00 0.000000000000000000e+00
8.750000000000000000e+02 3.499908231613568788e-02 0.000000000000000000e+00 1.000000000000000000e+00 0.000000000000000000e+00 0.000000000000000000e+00 0.000000000000000000e+00
9.000000000000000000e+02 3.599905609659681538e-02 0.000000000000000000e+00 1.000000000000000000e+00 0.000000000000000000e+00 0.000000000000000000e+00 0.000000000000000000e+00
9.250000000000000000e+02 3.699902987705772084e-02 0.000000000000000000e+00 1.000000000000000000e+00 0.000000000000000000e+00 0.000000000000000000e+00 0.000000000000000000e+00
9.500000000000000000e+02 3.799900365751884834e-02 0.000000000000000000e+00 1.000000000000000000e+00 0.000000000000000000e+00 0.000000000000000000e+00 0.000000000000000000e+00
9.750000000000000000e+02 3.899897743797975380e-02 0.000000000000000000e+00 1.000000000000000000e+00 0.000000000000000000e+00 0.000000000000000000e+00 0.000000000000000000e+00
1.000000000000000000e+03 3.999895121844088131e-02 0.000000000000000000e+00 1.000000000000000000e+00 0.000000000000000000e+00 0.000000000000000000e+00 0.000000000000000000e+00
1.025000000000000000e+03 4.099892499890200881e-02 0.000000000000000000e+00 1.000000000000000000e+00 0.000000000000000000e+00 0.000000000000000000e+00 0.000000000000000000e+00
1.050000000000000000e+03 4.199889877936291427e-02 0.000000000000000000e+00 1.000000000000000000e+00 0.000000000000000000e+00 0.000000000000000000e+00 0.000000000000000000e+00
1.075000000000000000e+03 4.299887255982404177e-02 0.000000000000000000e+00 1.000000000000000000e+00 0.000000000000000000e+00 0.000000000000000000e+00 0.000000000000000000e+00
1.100000000000000000e+03 4.399884634028494723e-02 0.000000000000000000e+00 1.000000000000000000e+00 0.000000000000000000e+00 0.000000000000000000e+00 0.000000000000000000e+00
1.125000000000000000e+03 4.499882012074607474e-02 0.000000000000000000e+00 1.000000000000000000e+00 0.000000000000000000e+00 0.000000000000000000e+00 0.000000000000000000e+00
1.150000000000000000e+03 4.599879390120698019e-02 0.000000000000000000e+00 1.000000000000000000e+00 0.000000000000000000e+00 0.000000000000000000e+00 0.000000000000000000e+00
1.175000000000000000e+03 4.699876768166810770e-02 0.000000000000000000e+00 1.000000000000000000e+00 0.000000000000000000e+00 0.000000000000000000e+00 0.000000000000000000e+00
1.200000000000000000e+03 4.799874146212901316e-02 0.000000000000000000e+00 1.000000000000000000e+00 0.000000000000000000e+00 0.000000000000000000e+00 0.000000000000000000e+00
1.225000000000000000e+03 4.899871524259014066e-02 0.000000000000000000e+00 1.000000000000000000e+00 0.000000000000000000e+00 0.000000000000000000e+00 0.000000000000000000e+00
1.250000000000000000e+03 4.999868902305104612e-02 0.000000000000000000e+00 1.000000000000000000e+00 0.000000000000000000e+00 0.000000000000000000e+00 0.000000000000000000e+00
1.275000000000000000e+03 5.099866280351217362e-02 0.000000000000000000e+00 1.000000000000000000e+00 0.000000000000000000e+00 0.000000000000000000e+00 0.000000000000000000e+00
1.300000000000000000e+03 5.199863658397307908e-02 0.000000000000000000e+00 1.000000000000000000e+00 0.000000000000000000e+00 0.000000000000000000e+00 0.000000000000000000e+00
1.325000000000000000e+03 5.299861036443420659e-02 0.000000000000000000e+00 1.000000000000000000e+00 0.000000000000000000e+00 0.000000000000000000e+00 0.000000000000000000e+00
1.350000000000000000e+03 5.399858414489511205e-02 0.000000000000000000e+00 1.000000000000000000e+00 0.000000000000000000e+00 0.000000000000000000e+00 0.000000000000000000e+00
1.375000000000000000e+03 5.499855792535623955e-02 0.000000000000000000e+00 1.000000000000000000e+00 0.000000000000000000e+00 0.000000000000000000e+00 0.000000000000000000e+00
1.400000000000000000e+03 5.599853170581714501e-02 0.000000000000000000e+00 1.000000000000000000e+00 0.000000000000000000e+00 0.000000000000000000e+00 0.000000000000000000e+00
1.425000000000000000e+03 5.699850548627827251e-02 0.000000000000000000e+00 1.000000000000000000e+00 0.000000000000000000e+00 0.000000000000000000e+00 0.000000000000000000e+00
1.450000000000000000e+03 5.799847926673917797e-02 0.000000000000000000e+00 1.000000000000000000e+00 0.000000000000000000e+00 0.000000000000000000e+00 0.000000000000000000e+00
1.475000000000000000e+03 5.899845304720030548e-02 0.000000000000000000e+00 1.000000000000000000e+00 0.000000000000000000e+00 0.000000000000000000e+00 0.000000000000000000e+00
1.500000000000000000e+03 5.999842682766143298e-02 0.000000000000000000e+00 1.000000000000000000e+00 0.000000000000000000e+00 0.000000000000000000e+00 0.000000000000000000e+00
1.525000000000000000e+03 6.099840060812233844e-02 0.000000000000000000e+00 1.000000000000000000e+00 0.000000000000000000e+00 0.000000000000000000e+00 0.000000000000000000e+00
1.550000000000000000e+03 6.199837438858346594e-02 0.000000000000000000e+00 1.000000000000000000e+00 0.000000000000000000e+00 0.000000000000000000e+00 0.000000000000000000e+00
1.575000000000000000e+03 6.299834816904437140e-02 0.000000000000000000e+00 1.000000000000000000e+00 0.000000000000000000e+00 0.000000000000000000e+00 0.000000000000000000e+00
1.600000000000000000e+03 6.399832194950549891e-02 2.275830678197542133e-04 9.997724169321802190e-01 0.000000000000000000e+00 0.000000000000000000e+00 0.000000000000000000e+00
1.625000000000000000e+03 6.499829572996640437e-02 0.000000000000000000e+00 1.000000000000000000e+00 0.000000000000000000e+00 0.000000000000000000e+00 0.000000000000000000e+00
1.650000000000000000e+03 6.599826951042753187e-02 0.000000000000000000e+00 1.000000000000000000e+00 0.000000000000000000e+00 0.000000000000000000e+00 0.000000000000000000e+00
1.675000000000000000e+03 6.699824329088843733e-02 4.551661356395084266e-04 9.995448338643604380e-01 0.000000000000000000e+00 0.000000000000000000e+00 0.000000000000000000e+00
1.700000000000000000e+03 6.799821707134956483e-02 4.551661356395084266e-04 9.995448338643604380e-01 0.000000000000000000e+00 0.000000000000000000e+00 0.000000000000000000e+00
1.725000000000000000e+03 6.899819085181047029e-02 0.000000000000000000e+00 1.000000000000000000e+00 0.000000000000000000e+00 0.000000000000000000e+00 0.000000000000000000e+00
1.750000000000000000e+03 6.999816463227159780e-02 0.000000000000000000e+00 1.000000000000000000e+00 0.000000000000000000e+00 0.000000000000000000e+00 0.000000000000000000e+00
1.775000000000000000e+03 7.099813841273250326e-02 0.000000000000000000e+00 1.000000000000000000e+00 0.000000000000000000e+00 0.000000000000000000e+00 0.000000000000000000e+00
1.800000000000000000e+03 7.199811219319363076e-02 0.000000000000000000e+00 1.000000000000000000e+00 0.000000000000000000e+00 0.000000000000000000e+00 0.000000000000000000e+00
1.825000000000000000e+03 7.299808597365453622e-02 0.000000000000000000e+00 1.000000000000000000e+00 0.000000000000000000e+00 0.000000000000000000e+00 0.000000000000000000e+00
1.850000000000000000e+03 7.399805975411566372e-02 4.551661356395084266e-04 9.995448338643604380e-01 0.000000000000000000e+00 0.000000000000000000e+00 0.000000000000000000e+00
1.875000000000000000e+03 7.499803353457656918e-02 0.000000000000000000e+00 1.000000000000000000e+00 0.000000000000000000e+00 0.000000000000000000e+00 0.000000000000000000e+00
1.900000000000000000e+03 7.599800731503769669e-02 1.137915339098771066e-04 9.998862084660901095e-01 0.000000000000000000e+00 0.000000000000000000e+00 0.000000000000000000e+00
1.925000000000000000e+03 7.699798109549860214e-02 0.000000000000000000e+00 1.000000000000000000e+00 0.000000000000000000e+00 0.000000000000000000e+00 0.000000000000000000e+00
1.950000000000000000e+03 7.799795487595972965e-02 1.137915339098771066e-04 9.998862084660901095e-01 0.000000000000000000e+00 0.000000000000000000e+00 0.000000000000000000e+00
1.975000000000000000e+03 7.899792865642063511e-02 4.551661356395084266e-04 9.995448338643604380e-01 0.000000000000000000e+00 0.000000000000000000e+00 0.000000000000000000e+00
2.000000000000000000e+03 7.999790243688176261e-02 4.551661356395084266e-04 9.995448338643604380e-01 0.000000000000000000e+00 0.000000000000000000e+00 0.000000000000000000e+00
2.025000000000000000e+03 8.099787621734289011e-02 2.275830678197542133e-04 9.997724169321802190e-01 0.000000000000000000e+00 0.000000000000000000e+00 0.000000000000000000e+00
2.050000000000000000e+03 8.199784999780379557e-02 3.413746017296313199e-04 9.996586253982703285e-01 0.000000000000000000e+00 0.000000000000000000e+00 0.000000000000000000e+00
2.075000000000000000e+03 8.299782377826492308e-02 5.689576695493854790e-04 9.994310423304506585e-01 0.000000000000000000e+00 0.000000000000000000e+00 0.000000000000000000e+00
2.100000000000000000e+03 8.399779755872582854e-02 0.000000000000000000e+00 1.000000000000000000e+00 0.000000000000000000e+00 0.000000000000000000e+00 0.000000000000000000e+00
2.125000000000000000e+03 8.499777133918695604e-02 5.689576695493854790e-04 9.994310423304506585e-01 0.000000000000000000e+00 0.000000000000000000e+00 0.000000000000000000e+00
2.150000000000000000e+03 8.599774511964786150e-02 2.275830678197542133e-04 9.996586253982703285e-01 0.000000000000000000e+00 1.137915339098771066e-04 0.000000000000000000e+00
2.175000000000000000e+03 8.699771890010898900e-02 3.413746017296313199e-04 9.996586253982703285e-01 0.000000000000000000e+00 0.000000000000000000e+00 0.000000000000000000e+00
2.200000000000000000e+03 8.799769268056989446e-02 3.413746017296313199e-04 9.996586253982703285e-01 0.000000000000000000e+00 0.000000000000000000e+00 0.000000000000000000e+00
2.225000000000000000e+03 8.899766646103102197e-02 0.000000000000000000e+00 1.000000000000000000e+00 0.000000000000000000e+00 0.000000000000000000e+00 0.000000000000000000e+00
2.250000000000000000e+03 8.999764024149192743e-02 7.965407373691396923e-04 9.992034592626308775e-01 0.000000000000000000e+00 0.000000000000000000e+00 0.000000000000000000e+00
2.275000000000000000e+03 9.099761402195305493e-02 1.137915339098771066e-04 9.998862084660901095e-01 0.000000000000000000e+00 0.000000000000000000e+00 0.000000000000000000e+00
2.300000000000000000e+03 9.199758780241396039e-02 2.617205279927173507e-03 9.973827947200728516e-01 0.000000000000000000e+00 0.000000000000000000e+00 0.000000000000000000e+00
2.325000000000000000e+03 9.299756158287508789e-02 1.024123805188893906e-03 9.988620846609012061e-01 0.000000000000000000e+00 1.137915339098771066e-04 0.000000000000000000e+00
2.350000000000000000e+03 9.399753536333599335e-02 7.965407373691396923e-04 9.992034592626308775e-01 0.000000000000000000e+00 0.000000000000000000e+00 0.000000000000000000e+00
2.375000000000000000e+03 9.499750914379712086e-02 1.934456076467910759e-03 9.979517523896221931e-01 0.000000000000000000e+00 1.137915339098771066e-04 0.000000000000000000e+00
2.400000000000000000e+03 9.599748292425802632e-02 7.965407373691396923e-04 9.990896677287209870e-01 0.000000000000000000e+00 1.137915339098771066e-04 0.000000000000000000e+00
2.425000000000000000e+03 9.699745670471915382e-02 2.958579881656804664e-03 9.968138370505233992e-01 0.000000000000000000e+00 2.275830678197542133e-04 0.000000000000000000e+00
2.450000000000000000e+03 9.799743048518005928e-02 1.934456076467910759e-03 9.979517523896221931e-01 0.000000000000000000e+00 1.137915339098771066e-04 0.000000000000000000e+00
2.475000000000000000e+03 9.899740426564118678e-02 1.706873008648156654e-03 9.981793354574419741e-01 0.000000000000000000e+00 1.137915339098771066e-04 0.000000000000000000e+00
2.500000000000000000e+03 9.999737804610231429e-02 3.299954483386436255e-03 9.967000455166135087e-01 0.000000000000000000e+00 0.000000000000000000e+00 0.000000000000000000e+00
2.525000000000000000e+03 1.009973518265632197e-01 3.299954483386436255e-03 9.967000455166135087e-01 0.000000000000000000e+00 0.000000000000000000e+00 0.000000000000000000e+00
2.550000000000000000e+03 1.019973256070243472e-01 3.072371415566681717e-03 9.968138370505233992e-01 0.000000000000000000e+00 1.137915339098771066e-04 0.000000000000000000e+00
2.575000000000000000e+03 1.029972993874852527e-01 2.730996813837050560e-03 9.971552116522530707e-01 0.000000000000000000e+00 1.137915339098771066e-04 0.000000000000000000e+00
2.600000000000000000e+03 1.039972731679463802e-01 5.461993627674101119e-03 9.944242148384160318e-01 0.000000000000000000e+00 1.137915339098771066e-04 0.000000000000000000e+00
2.625000000000000000e+03 1.049972469484072857e-01 4.324078288575329727e-03 9.955621301775148257e-01 0.000000000000000000e+00 1.137915339098771066e-04 0.000000000000000000e+00
2.650000000000000000e+03 1.059972207288684132e-01 5.461993627674101119e-03 9.943104233045061413e-01 0.000000000000000000e+00 2.275830678197542133e-04 0.000000000000000000e+00
2.675000000000000000e+03 1.069971945093293186e-01 5.803368229403732710e-03 9.937414656349567998e-01 0.000000000000000000e+00 4.551661356395084266e-04 0.000000000000000000e+00
2.700000000000000000e+03 1.079971682897904461e-01 3.868912152935821518e-03 9.956759217114247162e-01 0.000000000000000000e+00 4.551661356395084266e-04 0.000000000000000000e+00
2.725000000000000000e+03 1.089971420702513516e-01 5.917159763313609329e-03 9.939690487027764698e-01 0.000000000000000000e+00 1.137915339098771066e-04 0.000000000000000000e+00
2.750000000000000000e+03 1.099971158507124791e-01 4.779244424214838804e-03 9.946517979062358128e-01 0.000000000000000000e+00 5.689576695493854790e-04 0.000000000000000000e+00
2.775000000000000000e+03 1.109970896311733846e-01 8.534365043240782836e-03 9.907828857532999800e-01 0.000000000000000000e+00 6.827492034592626399e-04 0.000000000000000000e+00
2.800000000000000000e+03 1.119970634116345121e-01 1.103777878925807886e-02 9.887346381429221731e-01 0.000000000000000000e+00 2.275830678197542133e-04 0.000000000000000000e+00
2.825000000000000000e+03 1.129970371920954175e-01 9.330905780609922637e-03 9.899863450159308575e-01 0.000000000000000000e+00 6.827492034592626399e-04 0.000000000000000000e+00
2.850000000000000000e+03 1.139970109725565450e-01 1.593081474738279601e-02 9.830450614474283144e-01 0.000000000000000000e+00 1.024123805188893906e-03 0.000000000000000000e+00
2.875000000000000000e+03 1.149969847530174505e-01 1.786527082385070547e-02 9.794037323623122626e-01 0.000000000000000000e+00 2.730996813837050560e-03 0.000000000000000000e+00
2.900000000000000000e+03 1.159969585334785780e-01 2.082385070550751144e-02 9.770141101502047842e-01 0.000000000000000000e+00 2.162039144287664864e-03 0.000000000000000000e+00
2.925000000000000000e+03 1.169969323139394834e-01 2.651342740100136666e-02 9.698452435138825711e-01 0.000000000000000000e+00 3.641329085116067413e-03 0.000000000000000000e+00
2.950000000000000000e+03 1.179969060944006110e-01 3.720983158852981393e-02 9.526627218934911046e-01 0.000000000000000000e+00 1.012744651797906244e-02 0.000000000000000000e+00
2.975000000000000000e+03 1.189968798748617385e-01 4.802002730996814128e-02 9.382111970869366768e-01 0.000000000000000000e+00 1.376877560309512985e-02 0.000000000000000000e+00
3.000000000000000000e+03 1.199968536553226439e-01 7.521620391442876419e-02 8.940600819299043822e-01 0.000000000000000000e+00 3.072371415566681890e-02 0.000000000000000000e+00
3.025000000000000000e+03 1.209968274357837714e-01 9.842967683204369156e-02 8.298816568047336917e-01 0.000000000000000000e+00 7.168866636322257513e-02 0.000000000000000000e+00
3.050000000000000000e+03 1.219968012162446769e-01 1.465634956759217233e-01 6.950386891215293295e-01 0.000000000000000000e+00 1.583978152025489194e-01 0.000000000000000000e+00
3.075000000000000000e+03 1.229967749967058044e-01 2.290623577605826189e-01 4.951069640418752638e-01 1.137915339098771066e-04 2.757168866636321991e-01 0.000000000000000000e+00
3.100000000000000000e+03 1.239967487771667098e-01 3.249886208466090110e-01 3.056440600819299025e-01 1.137915339098771066e-04 3.692535275375511961e-01 0.000000000000000000e+00
3.125000000000000000e+03 1.249967225576278373e-01 3.930359581247155343e-01 1.704597177969958965e-01 2.275830678197542133e-04 4.362767410104688159e-01 0.000000000000000000e+00
3.150000000000000000e+03 1.259966963380887428e-01 3.884842967683204140e-01 1.315430131998179264e-01 1.137915339098771066e-04 4.798588984979517691e-01 0.000000000000000000e+00
3.175000000000000000e+03 1.269966701185498703e-01 3.623122439690487084e-01 1.364360491579426626e-01 0.000000000000000000e+00 5.012517068730086844e-01 0.000000000000000000e+00
3.200000000000000000e+03 1.279966438990107758e-01 3.435366408739189970e-01 1.338188438780154865e-01 1.137915339098771066e-04 5.225307237141556538e-01 0.000000000000000000e+00
3.225000000000000000e+03 1.289966176794719033e-01 3.566226672735548497e-01 1.181156121984524299e-01 1.137915339098771066e-04 5.251479289940828021e-01 0.000000000000000000e+00
3.250000000000000000e+03 1.299965914599328087e-01 3.590122894856622726e-01 1.172052799271734169e-01 0.000000000000000000e+00 5.237824305871643382e-01 0.000000000000000000e+00
3.275000000000000000e+03 1.309965652403939362e-01 3.232817478379608755e-01 1.378015475648611821e-01 1.479289940828402332e-03 5.374374146563495325e-01 0.000000000000000000e+00
3.300000000000000000e+03 1.319965390208548417e-01 2.713928083750569153e-01 1.516841147018661851e-01 2.162039144287664864e-03 5.747610377787892855e-01 0.000000000000000000e+00
3.325000000000000000e+03 1.329965128013159692e-01 2.595584888484296915e-01 1.467910787437414766e-01 4.324078288575329727e-03 5.893263541192534927e-01 0.000000000000000000e+00
3.350000000000000000e+03 1.339964865817768747e-01 2.629722348657259623e-01 1.288120163859808875e-01 1.331360946745562164e-02 5.949021392808374609e-01 0.000000000000000000e+00
3.375000000000000000e+03 1.349964603622380022e-01 2.701411015020482309e-01 9.604005461993628257e-02 2.162039144287665124e-02 6.121984524351388179e-01 0.000000000000000000e+00
3.400000000000000000e+03 1.359964341426989076e-01 2.782203004096495125e-01 8.363677742375967561e-02 3.618570778334091742e-02 6.019572143832498945e-01 0.000000000000000000e+00
3.425000000000000000e+03 1.369964079231600351e-01 2.811788802913063323e-01 7.817478379608557015e-02 5.655439235320892238e-02 5.840919435593991960e-01 0.000000000000000000e+00
3.450000000000000000e+03 1.379963817036209406e-01 2.793582157487483064e-01 7.885753299954482987e-02 7.259899863450158808e-02 5.691852526172053173e-01 0.000000000000000000e+00
3.475000000000000000e+03 1.389963554840820681e-01 2.914201183431952558e-01 7.544378698224851743e-02 8.375056895766955223e-02 5.493855257168867023e-01 0.000000000000000000e+00
3.500000000000000000e+03 1.399963292645431956e-01 3.029130632680928636e-01 9.569868001820663883e-02 1.052571688666363164e-01 4.961310878470641672e-01 0.000000000000000000e+00
3.525000000000000000e+03 1.409963030450041011e-01 3.348884842967683184e-01 1.243741465634956717e-01 1.250568957669549452e-01 4.156804733727810786e-01 0.000000000000000000e+00
3.550000000000000000e+03 1.419962768254652286e-01 3.548020027309968238e-01 1.571461083295402905e-01 1.400773782430587144e-01 3.479745106964041712e-01 0.000000000000000000e+00
3.575000000000000000e+03 1.429962506059261340e-01 3.777878925807919841e-01 1.847974510696404060e-01 1.671597633136094607e-01 2.702548930359581214e-01 0.000000000000000000e+00
3.600000000000000000e+03 1.439962243863872615e-01 3.941738734638142727e-01 2.096040054619936199e-01 1.892353208921256358e-01 2.069868001820664438e-01 0.000000000000000000e+00
3.625000000000000000e+03 1.449961981668481670e-01 3.913290851160673434e-01 2.297451069640418786e-01 2.076695493855257035e-01 1.712562585343650468e-01 0.000000000000000000e+00
3.650000000000000000e+03 1.459961719473092945e-01 3.926945835229858628e-01 2.361174328629949970e-01 2.109695038689121394e-01 1.602184797451069731e-01 0.000000000000000000e+00
3.675000000000000000e+03 1.469961457277701999e-01 3.845015930814747462e-01 2.470414201183432079e-01 2.110832954028220299e-01 1.573736913973600438e-01 0.000000000000000000e+00
3.700000000000000000e+03 1.479961195082313274e-01 3.822257624032772139e-01 2.538689121529358328e-01 2.106281292671825234e-01 1.532771961766044577e-01 0.000000000000000000e+00
3.725000000000000000e+03 1.489960932886922329e-01 3.897360036413290985e-01 2.627446517979062368e-01 2.041420118343195145e-01 1.433773327264451503e-01 0.000000000000000000e+00
3.750000000000000000e+03 1.499960670691533604e-01 4.015703231679563223e-01 2.569412835685024876e-01 2.043695949021392677e-01 1.371187983614019223e-01 0.000000000000000000e+00
3.775000000000000000e+03 1.509960408496142659e-01 3.958807464724624636e-01 2.597860719162494170e-01 2.097177969959035104e-01 1.346153846153846090e-01 0.000000000000000000e+00
3.800000000000000000e+03 1.519960146300753934e-01 3.945152480655439442e-01 2.626308602639963463e-01 2.143832498862084657e-01 1.284706417842512438e-01 0.000000000000000000e+00
3.825000000000000000e+03 1.529959884105362988e-01 4.041875284478834707e-01 2.662721893491124536e-01 2.171142467000455045e-01 1.124260355029585851e-01 0.000000000000000000e+00
3.850000000000000000e+03 1.539959621909974263e-01 3.983841602184797215e-01 2.700273099681383959e-01 2.267865270823850588e-01 1.048020027309968100e-01 0.000000000000000000e+00
3.875000000000000000e+03 1.549959359714583318e-01 4.040737369139735802e-01 2.736686390532544477e-01 2.294037323623122349e-01 9.285389167045972336e-02 0.000000000000000000e+00
3.900000000000000000e+03 1.559959097519194593e-01 4.045289030496130867e-01 2.789030496131087999e-01 2.253072371415566766e-01 9.126081019572143682e-02 0.000000000000000000e+00
3.925000000000000000e+03 1.569958835323803648e-01 4.114701866181156298e-01 2.828857532999544677e-01 2.203004096495220776e-01 8.534365043240782489e-02 0.000000000000000000e+00
3.950000000000000000e+03 1.579958573128414923e-01 4.069185252617205095e-01 2.843650432407828776e-01 2.231451979972690070e-01 8.557123350022757813e-02 0.000000000000000000e+00
3.975000000000000000e+03 1.589958310933026198e-01 4.021392808375056638e-01 2.808375056895767163e-01 2.311106053709603980e-01 8.591260810195720798e-02 0.000000000000000000e+00
4.000000000000000000e+03 1.599958048737635252e-01 4.047564861174328676e-01 2.809512972234865513e-01 2.356622667273554905e-01 7.862994993172507663e-02 0.000000000000000000e+00
4.025000000000000000e+03 1.609957786542246527e-01 4.013427401001365413e-01 2.815202548930359483e-01 2.375967228038234069e-01 7.954028220300408958e-02 0.000000000000000000e+00
4.050000000000000000e+03 1.619957524346855582e-01 4.104460628129267263e-01 2.791306326809285254e-01 2.393035958124715423e-01 7.111970869367319203e-02 0.000000000000000000e+00
4.075000000000000000e+03 1.629957262151466857e-01 4.105598543468366168e-01 2.816340464269458388e-01 2.443104233045061413e-01 6.349567592171143082e-02 0.000000000000000000e+00
4.100000000000000000e+03 1.639956999956075911e-01 4.187528447883477334e-01 2.827719617660446327e-01 2.378243058716431602e-01 6.065088757396449454e-02 0.000000000000000000e+00
4.125000000000000000e+03 1.649956737760687187e-01 4.171597633136094885e-01 2.841374601729631522e-01 2.413518434228493492e-01 5.735093309057805872e-02 0.000000000000000000e+00
4.150000000000000000e+03 1.659956475565296241e-01 4.131770596267637652e-01 2.860719162494310686e-01 2.416932180245789652e-01 5.905780609922621494e-02 0.000000000000000000e+00
4.175000000000000000e+03 1.669956213369907516e-01 4.063495675921711681e-01 2.884615384615384359e-01 2.494310423304506030e-01 5.575785161583977911e-02 0.000000000000000000e+00
4.200000000000000000e+03 1.679955951174516571e-01 4.154528903049612976e-01 2.872098315885298070e-01 2.457897132453345512e-01 5.154756486117433034e-02 0.000000000000000000e+00
4.225000000000000000e+03 1.689955688979127846e-01 4.140873918980427781e-01 2.882339553937187104e-01 2.434000910332271284e-01 5.427856167501137613e-02 0.000000000000000000e+00
4.250000000000000000e+03 1.699955426783736900e-01 4.095357305416477134e-01 2.892580791989076139e-01 2.435138825671370189e-01 5.769230769230769551e-02 0.000000000000000000e+00
4.275000000000000000e+03 1.709955164588348175e-01 4.093081474738279324e-01 2.932407828857532817e-01 2.447655894401456478e-01 5.268548020027309653e-02 0.000000000000000000e+00
4.300000000000000000e+03 1.719954902392957230e-01 4.070323167956304000e-01 2.972234865725990050e-01 2.428311333636777314e-01 5.291306326809285671e-02 0.000000000000000000e+00
4.325000000000000000e+03 1.729954640197568505e-01 4.131770596267637652e-01 2.979062357760582369e-01 2.363450159308147502e-01 5.257168866636321991e-02 0.000000000000000000e+00
4.350000000000000000e+03 1.739954378002177560e-01 4.065771506599908935e-01 3.086026399635867223e-01 2.394173873463814328e-01 4.540282203004096517e-02 0.000000000000000000e+00
4.375000000000000000e+03 1.749954115806788835e-01 4.063495675921711681e-01 3.072371415566682029e-01 2.418070095584888557e-01 4.460628129267182190e-02 0.000000000000000000e+00
4.400000000000000000e+03 1.759953853611397889e-01 4.083978152025489194e-01 3.115612198452434867e-01 2.391898042785616796e-01 4.085116067364587961e-02 0.000000000000000000e+00
4.425000000000000000e+03 1.769953591416009164e-01 4.121529358215748617e-01 3.157715065999089910e-01 2.329312699135184239e-01 3.914428766499772339e-02 0.000000000000000000e+00
4.450000000000000000e+03 1.779953329220620439e-01 4.162494310423304755e-01 3.204369594902139462e-01 2.236003641329085134e-01 3.971324533454710648e-02 0.000000000000000000e+00
4.475000000000000000e+03 1.789953067025229494e-01 4.115839781520254648e-01 3.247610377787892855e-01 2.185935366408739144e-01 4.506144742831133532e-02 0.000000000000000000e+00
4.500000000000000000e+03 1.799952804829840769e-01 4.099908966772872199e-01 3.322712790168411701e-01 2.117660446062812896e-01 4.597177969959034827e-02 0.000000000000000000e+00
4.525000000000000000e+03 1.809952542634449824e-01 4.112426035502958488e-01 3.370505234410559603e-01 2.092626308602640040e-01 4.244424214838415921e-02 0.000000000000000000e+00
4.550000000000000000e+03 1.819952280439061099e-01 4.123805188893946427e-01 3.408056440600819026e-01 2.083522985889849910e-01 3.846153846153846367e-02 0.000000000000000000e+00
4.575000000000000000e+03 1.829952018243670153e-01 4.123805188893946427e-01 3.467228038233955423e-01 2.003868912152935722e-01 4.050978607191624975e-02 0.000000000000000000e+00
4.600000000000000000e+03 1.839951756048281428e-01 4.058944014565316616e-01 3.537778789258079204e-01 2.017523896222121194e-01 3.857532999544834029e-02 0.000000000000000000e+00
4.625000000000000000e+03 1.849951493852890483e-01 4.105598543468366168e-01 3.561675011379153433e-01 1.974283113336367801e-01 3.584433318161128756e-02 0.000000000000000000e+00
4.650000000000000000e+03 1.859951231657501758e-01 4.093081474738279324e-01 3.629949931725079404e-01 1.946973145197997135e-01 3.299954483386435822e-02 0.000000000000000000e+00
4.675000000000000000e+03 1.869950969462110812e-01 4.098771051433773294e-01 3.645880746472462408e-01 1.902594446973145115e-01 3.527537551206190447e-02 0.000000000000000000e+00
4.700000000000000000e+03 1.879950707266722087e-01 4.056668183887118806e-01 3.716431497496586189e-01 1.883249886208466228e-01 3.436504324078288458e-02 0.000000000000000000e+00
4.725000000000000000e+03 1.889950445071331142e-01 4.164770141101502010e-01 3.675466545289030607e-01 1.843422849340008995e-01 3.163404642694583185e-02 0.000000000000000000e+00
4.750000000000000000e+03 1.899950182875942417e-01 4.103322712790168358e-01 3.779016841147018746e-01 1.794492489758761911e-01 3.231679563040509851e-02 0.000000000000000000e+00
4.775000000000000000e+03 1.909949920680551472e-01 4.080564406008193035e-01 3.769913518434228616e-01 1.795630405097860816e-01 3.538916704597178109e-02 0.000000000000000000e+00
4.800000000000000000e+03 1.919949658485162747e-01 3.969048702776513671e-01 3.891670459717797015e-01 1.830905780609922706e-01 3.083750568957669552e-02 0.000000000000000000e+00
4.825000000000000000e+03 1.929949396289771801e-01 4.040737369139735802e-01 3.881429221665907980e-01 1.820664542558033672e-01 2.571688666363222686e-02 0.000000000000000000e+00
4.850000000000000000e+03 1.939949134094383076e-01 4.022530723714155543e-01 3.923532089212562468e-01 1.789940828402366846e-01 2.639963586709149004e-02 0.000000000000000000e+00
4.875000000000000000e+03 1.949948871898992131e-01 4.011151570323168158e-01 3.949704142011834507e-01 1.801319981793354508e-01 2.378243058716431393e-02 0.000000000000000000e+00
4.900000000000000000e+03 1.959948609703603406e-01 4.011151570323168158e-01 3.951979972690031762e-01 1.792216659080564378e-01 2.446517979062357712e-02 0.000000000000000000e+00
4.925000000000000000e+03 1.969948347508212461e-01 3.936049157942649313e-01 3.981565771506599960e-01 1.837733272644515303e-01 2.446517979062357712e-02 0.000000000000000000e+00
4.950000000000000000e+03 1.979948085312823736e-01 3.998634501593081314e-01 4.003186162949476379e-01 1.791078743741465751e-01 2.071005917159763482e-02 0.000000000000000000e+00
4.975000000000000000e+03 1.989947823117435011e-01 4.049840691852525931e-01 3.975876194811105990e-01 1.788802913063268218e-01 1.854802002730996865e-02 0.000000000000000000e+00
5.000000000000000000e+03 1.999947560922044065e-01 4.033909877105143482e-01 3.983841602184797215e-01 1.784251251706872876e-01 1.979972690031861493e-02 0.000000000000000000e+00
5.025000000000000000e+03 2.009947298726655340e-01 3.986117432862995025e-01 4.008875739644970349e-01 1.783113336367774249e-01 2.218934911242603433e-02 0.000000000000000000e+00
5.050000000000000000e+03 2.019947036531264395e-01 4.004324078288575284e-01 3.996358670914884059e-01 1.781975421028675344e-01 2.173418297678652786e-02 0.000000000000000000e+00
5.075000000000000000e+03 2.029946774335875670e-01 3.969048702776513671e-01 4.081702321347291940e-01 1.764906690942193990e-01 1.843422849340009204e-02 0.000000000000000000e+00
5.100000000000000000e+03 2.039946512140484725e-01 3.922394173873463563e-01 4.134046426945835462e-01 1.778561675011379184e-01 1.649977241693217911e-02 0.000000000000000000e+00
5.125000000000000000e+03 2.049946249945096000e-01 3.855257168866636497e-01 4.169321802457897075e-01 1.796768320436959443e-01 1.786527082385070547e-02 0.000000000000000000e+00
5.150000000000000000e+03 2.059945987749705054e-01 3.847291761492944717e-01 4.148839326354119006e-01 1.799044151115156975e-01 2.048247610377787811e-02 0.000000000000000000e+00
5.175000000000000000e+03 2.069945725554316329e-01 3.867774237596722786e-01 4.185252617205280079e-01 1.755803368229403860e-01 1.911697769685935522e-02 0.000000000000000000e+00
5.200000000000000000e+03 2.079945463358925384e-01 3.900773782430587144e-01 4.153390987710514071e-01 1.779699590350477811e-01 1.661356395084205573e-02 0.000000000000000000e+00
5.225000000000000000e+03 2.089945201163536659e-01 3.875739644970414011e-01 4.149977241693217911e-01 1.811561219845243542e-01 1.627218934911242587e-02 0.000000000000000000e+00
5.250000000000000000e+03 2.099944938968145713e-01 3.851843422849339782e-01 4.149977241693217911e-01 1.828629949931725174e-01 1.695493855257168905e-02 0.000000000000000000e+00
5.275000000000000000e+03 2.109944676772756988e-01 3.789258079198907780e-01 4.181838871187983364e-01 1.855939918070095562e-01 1.729631315430131891e-02 0.000000000000000000e+00
5.300000000000000000e+03 2.119944414577366043e-01 3.827947200728265553e-01 4.195493855257169113e-01 1.832043695949021334e-01 1.445152480655439303e-02 0.000000000000000000e+00
5.325000000000000000e+03 2.129944152381977318e-01 3.791533909877105035e-01 4.205735093309057593e-01 1.849112426035502965e-01 1.536185707783340945e-02 0.000000000000000000e+00
5.350000000000000000e+03 2.139943890186586373e-01 3.780154756486117651e-01 4.198907601274465273e-01 1.860491579426490627e-01 1.604460628129267263e-02 0.000000000000000000e+00
5.375000000000000000e+03 2.149943627991197648e-01 3.823395539371870488e-01 4.180700955848885014e-01 1.854802002730996935e-01 1.411015020482476144e-02 0.000000000000000000e+00
5.400000000000000000e+03 2.159943365795806702e-01 3.838188438780154588e-01 4.204597177969959243e-01 1.826354119253527641e-01 1.308602639963586667e-02 0.000000000000000000e+00
5.425000000000000000e+03 2.169943103600417977e-01 3.812016385980883104e-01 4.215976331360946627e-01 1.812699135184342170e-01 1.593081474738279601e-02 0.000000000000000000e+00
5.450000000000000000e+03 2.179942841405029252e-01 3.808602639963586944e-01 4.246700045516613731e-01 1.805871643149749572e-01 1.388256713700500647e-02 0.000000000000000000e+00
5.475000000000000000e+03 2.189942579209638307e-01 3.791533909877105035e-01 4.250113791533909890e-01 1.803595812471552040e-01 1.547564861174328607e-02 0.000000000000000000e+00
5.500000000000000000e+03 2.199942317014249582e-01 3.792671825216203940e-01 4.218252162039144437e-01 1.816112881201638607e-01 1.729631315430131891e-02 0.000000000000000000e+00
5.525000000000000000e+03 2.209942054818858637e-01 3.783568502503413811e-01 4.231907146108329631e-01 1.814974965862539702e-01 1.695493855257168905e-02 0.000000000000000000e+00
5.550000000000000000e+03 2.219941792623469912e-01 3.804050978607191880e-01 4.214838416021847722e-01 1.824078288575330109e-01 1.570323167956303931e-02 0.000000000000000000e+00
5.575000000000000000e+03 2.229941530428078966e-01 3.832498862084661173e-01 4.252389622212107145e-01 1.785389167045971781e-01 1.297223486572599005e-02 0.000000000000000000e+00
5.600000000000000000e+03 2.239941268232690241e-01 3.817705962676377074e-01 4.259217114246700020e-01 1.800182066454255880e-01 1.228948566226672687e-02 0.000000000000000000e+00
5.625000000000000000e+03 2.249941006037299296e-01 3.808602639963586944e-01 4.289940828402367123e-01 1.775147928994082747e-01 1.263086026399635846e-02 0.000000000000000000e+00
5.650000000000000000e+03 2.259940743841910571e-01 3.825671370050068298e-01 4.293354574419663283e-01 1.780837505689576716e-01 1.001365498406918582e-02 0.000000000000000000e+00
5.675000000000000000e+03 2.269940481646519626e-01 3.758534365043240677e-01 4.351388256713700775e-01 1.796768320436959443e-01 9.330905780609922637e-03 0.000000000000000000e+00
