# itime ezz other fcc hcp bcc ico
0.000000000000000000e+00 0.000000000000000000e+00 0.000000000000000000e+00 1.000000000000000000e+00 0.000000000000000000e+00 0.000000000000000000e+00 0.000000000000000000e+00
2.500000000000000000e+01 9.999780145708569989e-04 0.000000000000000000e+00 1.000000000000000000e+00 0.000000000000000000e+00 0.000000000000000000e+00 0.000000000000000000e+00
5.000000000000000000e+01 1.999956029141491953e-03 0.000000000000000000e+00 1.000000000000000000e+00 0.000000000000000000e+00 0.000000000000000000e+00 0.000000000000000000e+00
7.500000000000000000e+01 2.999934043712348952e-03 0.000000000000000000e+00 1.000000000000000000e+00 0.000000000000000000e+00 0.000000000000000000e+00 0.000000000000000000e+00
1.000000000000000000e+02 3.999912058283205951e-03 0.000000000000000000e+00 1.000000000000000000e+00 0.000000000000000000e+00 0.000000000000000000e+00 0.000000000000000000e+00
1.250000000000000000e+02 4.999890072853840906e-03 0.000000000000000000e+00 1.000000000000000000e+00 0.000000000000000000e+00 0.000000000000000000e+00 0.000000000000000000e+00
1.500000000000000000e+02 5.999868087424697904e-03 0.000000000000000000e+00 1.000000000000000000e+00 0.000000000000000000e+00 0.000000000000000000e+00 0.000000000000000000e+00
1.750000000000000000e+02 6.999846101995554903e-03 0.000000000000000000e+00 1.000000000000000000e+00 0.000000000000000000e+00 0.000000000000000000e+00 0.000000000000000000e+00
2.000000000000000000e+02 7.999824116566189858e-03 0.000000000000000000e+00 1.000000000000000000e+00 0.000000000000000000e+00 0.000000000000000000e+00 0.000000000000000000e+00
2.250000000000000000e+02 8.999802131137046857e-03 0.000000000000000000e+00 1.000000000000000000e+00 0.000000000000000000e+00 0.000000000000000000e+00 0.000000000000000000e+00
2.500000000000000000e+02 9.999780145707681811e-03 0.000000000000000000e+00 1.000000000000000000e+00 0.000000000000000000e+00 0.000000000000000000e+00 0.000000000000000000e+00
2.750000000000000000e+02 1.099975816027853881e-02 0.000000000000000000e+00 1.000000000000000000e+00 0.000000000000000000e+00 0.000000000000000000e+00 0.000000000000000000e+00
3.000000000000000000e+02 1.199973617484939581e-02 0.000000000000000000e+00 1.000000000000000000e+00 0.000000000000000000e+00 0.000000000000000000e+00 0.000000000000000000e+00
3.250000000000000000e+02 1.299971418942003076e-02 0.000000000000000000e+00 1.000000000000000000e+00 0.000000000000000000e+00 0.000000000000000000e+00 0.000000000000000000e+00
3.500000000000000000e+02 1.399969220399088776e-02 0.000000000000000000e+00 1.000000000000000000e+00 0.000000000000000000e+00 0.000000000000000000e+00 0.000000000000000000e+00
3.750000000000000000e+02 1.499967021856174476e-02 0.000000000000000000e+00 1.000000000000000000e+00 0.000000000000000000e+00 0.000000000000000000e+00 0.000000000000000000e+00
4.000000000000000000e+02 1.599964823313237972e-02 0.000000000000000000e+00 1.000000000000000000e+00 0.000000000000000000e+00 0.000000000000000000e+00 0.000000000000000000e+00
4.250000000000000000e+02 1.699962624770323671e-02 0.000000000000000000e+00 1.000000000000000000e+00 0.000000000000000000e+00 0.000000000000000000e+00 0.000000000000000000e+00
4.500000000000000000e+02 1.799960426227409371e-02 0.000000000000000000e+00 1.000000000000000000e+00 0.000000000000000000e+00 0.000000000000000000e+00 0.000000000000000000e+00
4.750000000000000000e+02 1.899958227684472867e-02 0.000000000000000000e+00 1.000000000000000000e+00 0.000000000000000000e+00 0.000000000000000000e+00 0.000000000000000000e+00
5.000000000000000000e+02 1.999956029141558567e-02 0.000000000000000000e+00 1.000000000000000000e+00 0.000000000000000000e+00 0.000000000000000000e+00 0.000000000000000000e+00
5.250000000000000000e+02 2.099953830598644267e-02 0.000000000000000000e+00 1.000000000000000000e+00 0.000000000000000000e+00 0.000000000000000000e+00 0.000000000000000000e+00
5.500000000000000000e+02 2.199951632055707762e-02 0.000000000000000000e+00 1.000000000000000000e+00 0.000000000000000000e+00 0.000000000000000000e+00 0.000000000000000000e+00
5.750000000000000000e+02 2.299949433512793462e-02 0.000000000000000000e+00 1.000000000000000000e+00 0.000000000000000000e+00 0.000000000000000000e+00 0.000000000000000000e+00
6.000000000000000000e+02 2.399947234969856957e-02 0.000000000000000000e+00 1.000000000000000000e+00 0.000000000000000000e+00 0.000000000000000000e+00 0.000000000000000000e+00
6.250000000000000000e+02 2.499945036426942657e-02 0.000000000000000000e+00 1.000000000000000000e+00 0.000000000000000000e+00 0.000000000000000000e+00 0.000000000000000000e+00
6.500000000000000000e+02 2.599942837884028357e-02 0.000000000000000000e+00 1.000000000000000000e+00 0.000000000000000000e+00 0.000000000000000000e+00 0.000000000000000000e+00
6.750000000000000000e+02 2.699940639341091853e-02 0.000000000000000000e+00 1.000000000000000000e+00 0.000000000000000000e+00 0.000000000000000000e+00 0.000000000000000000e+00
7.000000000000000000e+02 2.799938440798177552e-02 0.000000000000000000e+00 1.000000000000000000e+00 0.000000000000000000e+00 0.000000000000000000e+00 0.000000000000000000e+00
7.250000000000000000e+02 2.899936242255263252e-02 0.000000000000000000e+00 1.000000000000000000e+00 0.000000000000000000e+00 0.000000000000000000e+00 0.000000000000000000e+00
7.500000000000000000e+02 2.999934043712326748e-02 0.000000000000000000e+00 1.000000000000000000e+00 0.000000000000000000e+00 0.000000000000000000e+00 0.000000000000000000e+00
7.750000000000000000e+02 3.099931845169412448e-02 0.000000000000000000e+00 1.000000000000000000e+00 0.000000000000000000e+00 0.000000000000000000e+00 0.000000000000000000e+00
8.000000000000000000e+02 3.199929646626498148e-02 0.000000000000000000e+00 1.000000000000000000e+00 0.000000000000000000e+00 0.000000000000000000e+00 0.000000000000000000e+00
8.250000000000000000e+02 3.299927448083561643e-02 0.000000000000000000e+00 1.000000000000000000e+00 0.000000000000000000e+00 0.000000000000000000e+00 0.000000000000000000e+00
8.500000000000000000e+02 3.399925249540647343e-02 0.000000000000000000e+00 1.000000000000000000e+00 0.000000000000000000e+00 0.000000000000000000e+00 0.000000000000000000e+00
8.750000000000000000e+02 3.499923050997733043e-02 0.000000000000000000e+00 1.000000000000000000e+00 0.000000000000000000e+00 0.000000000000000000e+00 0.000000000000000000e+00
9.000000000000000000e+02 3.599920852454796538e-02 0.000000000000000000e+00 1.000000000000000000e+00 0.000000000000000000e+00 0.000000000000000000e+00 0.000000000000000000e+00
9.250000000000000000e+02 3.699918653911882238e-02 0.000000000000000000e+00 1.000000000000000000e+00 0.000000000000000000e+00 0.000000000000000000e+00 0.000000000000000000e+00
9.500000000000000000e+02 3.799916455368967938e-02 0.000000000000000000e+00 1.000000000000000000e+00 0.000000000000000000e+00 0.000000000000000000e+00 0.000000000000000000e+00
9.750000000000000000e+02 3.899914256826031433e-02 0.000000000000000000e+00 1.000000000000000000e+00 0.000000000000000000e+00 0.000000000000000000e+00 0.000000000000000000e+00
1.000000000000000000e+03 3.999912058283117133e-02 0.000000000000000000e+00 1.000000000000000000e+00 0.000000000000000000e+00 0.000000000000000000e+00 0.000000000000000000e+00
1.025000000000000000e+03 4.099909859740180629e-02 0.000000000000000000e+00 1.000000000000000000e+00 0.000000000000000000e+00 0.000000000000000000e+00 0.000000000000000000e+00
1.050000000000000000e+03 4.199907661197266329e-02 0.000000000000000000e+00 1.000000000000000000e+00 0.000000000000000000e+00 0.000000000000000000e+00 0.000000000000000000e+00
1.075000000000000000e+03 4.299905462654352029e-02 0.000000000000000000e+00 1.000000000000000000e+00 0.000000000000000000e+00 0.000000000000000000e+00 0.000000000000000000e+00
1.100000000000000000e+03 4.399903264111415524e-02 0.000000000000000000e+00 1.000000000000000000e+00 0.000000000000000000e+00 0.000000000000000000e+00 0.000000000000000000e+00
1.125000000000000000e+03 4.499901065568501224e-02 1.137915339098771066e-04 9.998862084660901095e-01 0.000000000000000000e+00 0.000000000000000000e+00 0.000000000000000000e+00
1.150000000000000000e+03 4.599898867025586924e-02 0.000000000000000000e+00 1.000000000000000000e+00 0.000000000000000000e+00 0.000000000000000000e+00 0.000000000000000000e+00
1.175000000000000000e+03 4.699896668482650419e-02 0.000000000000000000e+00 1.000000000000000000e+00 0.000000000000000000e+00 0.000000000000000000e+00 0.000000000000000000e+00
1.200000000000000000e+03 4.799894469939736119e-02 0.000000000000000000e+00 1.000000000000000000e+00 0.000000000000000000e+00 0.000000000000000000e+00 0.000000000000000000e+00
1.225000000000000000e+03 4.899892271396821819e-02 0.000000000000000000e+00 1.000000000000000000e+00 0.000000000000000000e+00 0.000000000000000000e+00 0.000000000000000000e+00
1.250000000000000000e+03 4.999890072853885314e-02 0.000000000000000000e+00 1.000000000000000000e+00 0.000000000000000000e+00 0.000000000000000000e+00 0.000000000000000000e+00
1.275000000000000000e+03 5.099887874310971014e-02 0.000000000000000000e+00 1.000000000000000000e+00 0.000000000000000000e+00 0.000000000000000000e+00 0.000000000000000000e+00
1.300000000000000000e+03 5.199885675768056714e-02 4.551661356395084266e-04 9.995448338643604380e-01 0.000000000000000000e+00 0.000000000000000000e+00 0.000000000000000000e+00
1.325000000000000000e+03 5.299883477225120210e-02 0.000000000000000000e+00 1.000000000000000000e+00 0.000000000000000000e+00 0.000000000000000000e+00 0.000000000000000000e+00
1.350000000000000000e+03 5.399881278682205910e-02 0.000000000000000000e+00 1.000000000000000000e+00 0.000000000000000000e+00 0.000000000000000000e+00 0.000000000000000000e+00
1.375000000000000000e+03 5.499879080139269405e-02 0.000000000000000000e+00 1.000000000000000000e+00 0.000000000000000000e+00 0.000000000000000000e+00 0.000000000000000000e+00
1.400000000000000000e+03 5.599876881596355105e-02 0.000000000000000000e+00 1.000000000000000000e+00 0.000000000000000000e+00 0.000000000000000000e+00 0.000000000000000000e+00
1.425000000000000000e+03 5.699874683053440805e-02 0.000000000000000000e+00 1.000000000000000000e+00 0.000000000000000000e+00 0.000000000000000000e+00 0.000000000000000000e+00
1.450000000000000000e+03 5.799872484510504300e-02 0.000000000000000000e+00 1.000000000000000000e+00 0.000000000000000000e+00 0.000000000000000000e+00 0.000000000000000000e+00
1.475000000000000000e+03 5.899870285967590000e-02 0.000000000000000000e+00 1.000000000000000000e+00 0.000000000000000000e+00 0.000000000000000000e+00 0.000000000000000000e+00
1.500000000000000000e+03 5.999868087424675700e-02 0.000000000000000000e+00 1.000000000000000000e+00 0.000000000000000000e+00 0.000000000000000000e+00 0.000000000000000000e+00
1.525000000000000000e+03 6.099865888881739195e-02 0.000000000000000000e+00 1.000000000000000000e+00 0.000000000000000000e+00 0.000000000000000000e+00 0.000000000000000000e+00
1.550000000000000000e+03 6.199863690338824895e-02 0.000000000000000000e+00 1.000000000000000000e+00 0.000000000000000000e+00 0.000000000000000000e+00 0.000000000000000000e+00
1.575000000000000000e+03 6.299861491795910595e-02 0.000000000000000000e+00 1.000000000000000000e+00 0.000000000000000000e+00 0.000000000000000000e+00 0.000000000000000000e+00
1.600000000000000000e+03 6.399859293252974091e-02 0.000000000000000000e+00 1.000000000000000000e+00 0.000000000000000000e+00 0.000000000000000000e+00 0.000000000000000000e+00
1.625000000000000000e+03 6.499857094710059791e-02 0.000000000000000000e+00 1.000000000000000000e+00 0.000000000000000000e+00 0.000000000000000000e+00 0.000000000000000000e+00
1.650000000000000000e+03 6.599854896167145490e-02 0.000000000000000000e+00 1.000000000000000000e+00 0.000000000000000000e+00 0.000000000000000000e+00 0.000000000000000000e+00
1.675000000000000000e+03 6.699852697624208986e-02 0.000000000000000000e+00 1.000000000000000000e+00 0.000000000000000000e+00 0.000000000000000000e+00 0.000000000000000000e+00
1.700000000000000000e+03 6.799850499081294686e-02 0.000000000000000000e+00 1.000000000000000000e+00 0.000000000000000000e+00 0.000000000000000000e+00 0.000000000000000000e+00
1.725000000000000000e+03 6.899848300538380386e-02 3.413746017296313199e-04 9.996586253982703285e-01 0.000000000000000000e+00 0.000000000000000000e+00 0.000000000000000000e+00
1.750000000000000000e+03 6.999846101995443881e-02 0.000000000000000000e+00 1.000000000000000000e+00 0.000000000000000000e+00 0.000000000000000000e+00 0.000000000000000000e+00
1.775000000000000000e+03 7.099843903452529581e-02 4.551661356395084266e-04 9.995448338643604380e-01 0.000000000000000000e+00 0.000000000000000000e+00 0.000000000000000000e+00
1.800000000000000000e+03 7.199841704909593076e-02 3.413746017296313199e-04 9.996586253982703285e-01 0.000000000000000000e+00 0.000000000000000000e+00 0.000000000000000000e+00
1.825000000000000000e+03 7.299839506366678776e-02 0.000000000000000000e+00 1.000000000000000000e+00 0.000000000000000000e+00 0.000000000000000000e+00 0.000000000000000000e+00
1.850000000000000000e+03 7.399837307823764476e-02 1.137915339098771066e-04 9.998862084660901095e-01 0.000000000000000000e+00 0.000000000000000000e+00 0.000000000000000000e+00
1.875000000000000000e+03 7.499835109280827972e-02 0.000000000000000000e+00 1.000000000000000000e+00 0.000000000000000000e+00 0.000000000000000000e+00 0.000000000000000000e+00
1.900000000000000000e+03 7.599832910737913672e-02 0.000000000000000000e+00 1.000000000000000000e+00 0.000000000000000000e+00 0.000000000000000000e+00 0.000000000000000000e+00
1.925000000000000000e+03 7.699830712194999371e-02 3.413746017296313199e-04 9.996586253982703285e-01 0.000000000000000000e+00 0.000000000000000000e+00 0.000000000000000000e+00
1.950000000000000000e+03 7.799828513652062867e-02 1.137915339098770958e-03 9.988620846609012061e-01 0.000000000000000000e+00 0.000000000000000000e+00 0.000000000000000000e+00
1.975000000000000000e+03 7.899826315109148567e-02 6.827492034592626399e-04 9.993172507965407680e-01 0.000000000000000000e+00 0.000000000000000000e+00 0.000000000000000000e+00
2.000000000000000000e+03 7.999824116566234267e-02 0.000000000000000000e+00 1.000000000000000000e+00 0.000000000000000000e+00 0.000000000000000000e+00 0.000000000000000000e+00
2.025000000000000000e+03 8.099821918023297762e-02 4.551661356395084266e-04 9.995448338643604380e-01 0.000000000000000000e+00 0.000000000000000000e+00 0.000000000000000000e+00
2.050000000000000000e+03 8.199819719480383462e-02 4.551661356395084266e-04 9.995448338643604380e-01 0.000000000000000000e+00 0.000000000000000000e+00 0.000000000000000000e+00
2.075000000000000000e+03 8.299817520937469162e-02 1.137915339098771066e-04 9.998862084660901095e-01 0.000000000000000000e+00 0.000000000000000000e+00 0.000000000000000000e+00
2.100000000000000000e+03 8.399815322394532657e-02 1.137915339098771066e-04 9.998862084660901095e-01 0.000000000000000000e+00 0.000000000000000000e+00 0.000000000000000000e+00
2.125000000000000000e+03 8.499813123851618357e-02 3.413746017296313199e-04 9.995448338643604380e-01 0.000000000000000000e+00 1.137915339098771066e-04 0.000000000000000000e+00
2.150000000000000000e+03 8.599810925308681853e-02 2.275830678197542133e-04 9.997724169321802190e-01 0.000000000000000000e+00 0.000000000000000000e+00 0.000000000000000000e+00
2.175000000000000000e+03 8.699808726765767553e-02 5.689576695493854790e-04 9.994310423304506585e-01 0.000000000000000000e+00 0.000000000000000000e+00 0.000000000000000000e+00
2.200000000000000000e+03 8.799806528222853252e-02 4.551661356395084266e-04 9.995448338643604380e-01 0.000000000000000000e+00 0.000000000000000000e+00 0.000000000000000000e+00
2.225000000000000000e+03 8.899804329679916748e-02 7.965407373691396923e-04 9.990896677287209870e-01 0.000000000000000000e+00 1.137915339098771066e-04 0.000000000000000000e+00
2.250000000000000000e+03 8.999802131137002448e-02 1.024123805188893906e-03 9.989758761948110966e-01 0.000000000000000000e+00 0.000000000000000000e+00 0.000000000000000000e+00
2.275000000000000000e+03 9.099799932594088148e-02 1.137915339098770958e-03 9.987482931269913156e-01 0.000000000000000000e+00 1.137915339098771066e-04 0.000000000000000000e+00
2.300000000000000000e+03 9.199797734051151643e-02 1.365498406918525280e-03 9.985207100591716456e-01 0.000000000000000000e+00 1.137915339098771066e-04 0.000000000000000000e+00
2.325000000000000000e+03 9.299795535508237343e-02 4.551661356395084266e-04 9.995448338643604380e-01 0.000000000000000000e+00 0.000000000000000000e+00 0.000000000000000000e+00
2.350000000000000000e+03 9.399793336965323043e-02 1.479289940828402332e-03 9.985207100591716456e-01 0.000000000000000000e+00 0.000000000000000000e+00 0.000000000000000000e+00
2.375000000000000000e+03 9.499791138422386538e-02 1.934456076467910759e-03 9.979517523896221931e-01 0.000000000000000000e+00 1.137915339098771066e-04 0.000000000000000000e+00
2.400000000000000000e+03 9.599788939879472238e-02 6.827492034592626399e-04 9.993172507965407680e-01 0.000000000000000000e+00 0.000000000000000000e+00 0.000000000000000000e+00
2.425000000000000000e+03 9.699786741336557938e-02 2.162039144287664864e-03 9.976103777878926326e-01 0.000000000000000000e+00 2.275830678197542133e-04 0.000000000000000000e+00
2.450000000000000000e+03 9.799784542793621434e-02 1.251706873008648227e-03 9.987482931269913156e-01 0.000000000000000000e+00 0.000000000000000000e+00 0.000000000000000000e+00
2.475000000000000000e+03 9.899782344250707133e-02 3.868912152935821518e-03 9.960172963131542767e-01 0.000000000000000000e+00 1.137915339098771066e-04 0.000000000000000000e+00
2.500000000000000000e+03 9.999780145707792833e-02 2.503413746017296455e-03 9.974965862539827421e-01 0.000000000000000000e+00 0.000000000000000000e+00 0.000000000000000000e+00
2.525000000000000000e+03 1.009977794716485633e-01 4.096495220755575623e-03 9.957897132453344957e-01 0.000000000000000000e+00 1.137915339098771066e-04 0.000000000000000000e+00
2.550000000000000000e+03 1.019977574862194203e-01 2.389622212107419402e-03 9.976103777878926326e-01 0.000000000000000000e+00 0.000000000000000000e+00 0.000000000000000000e+00
2.575000000000000000e+03 1.029977355007900552e-01 1.024123805188893906e-03 9.989758761948110966e-01 0.000000000000000000e+00 0.000000000000000000e+00 0.000000000000000000e+00
2.600000000000000000e+03 1.039977135153609122e-01 5.234410559854347014e-03 9.946517979062358128e-01 0.000000000000000000e+00 1.137915339098771066e-04 0.000000000000000000e+00
2.625000000000000000e+03 1.049976915299317692e-01 4.324078288575329727e-03 9.954483386436049352e-01 0.000000000000000000e+00 2.275830678197542133e-04 0.000000000000000000e+00
2.650000000000000000e+03 1.059976695445024042e-01 6.144742831133363434e-03 9.934000910332271284e-01 0.000000000000000000e+00 4.551661356395084266e-04 0.000000000000000000e+00
2.675000000000000000e+03 1.069976475590732612e-01 4.324078288575329727e-03 9.955621301775148257e-01 0.000000000000000000e+00 1.137915339098771066e-04 0.000000000000000000e+00
2.700000000000000000e+03 1.079976255736441182e-01 5.234410559854347014e-03 9.944242148384160318e-01 0.000000000000000000e+00 3.413746017296313199e-04 0.000000000000000000e+00
2.725000000000000000e+03 1.089976035882147531e-01 4.210286754665453109e-03 9.955621301775148257e-01 0.000000000000000000e+00 2.275830678197542133e-04 0.000000000000000000e+00
2.750000000000000000e+03 1.099975816027856101e-01 1.024123805188893906e-02 9.894173873463814051e-01 0.000000000000000000e+00 3.413746017296313199e-04 0.000000000000000000e+00
2.775000000000000000e+03 1.109975596173564671e-01 5.120619025944469528e-03 9.945380063723259223e-01 0.000000000000000000e+00 3.413746017296313199e-04 0.000000000000000000e+00
2.800000000000000000e+03 1.119975376319271021e-01 6.486117432862995025e-03 9.934000910332271284e-01 0.000000000000000000e+00 1.137915339098771066e-04 0.000000000000000000e+00
2.825000000000000000e+03 1.129975156464979591e-01 1.058261265361857065e-02 9.890760127446518446e-01 0.000000000000000000e+00 3.413746017296313199e-04 0.000000000000000000e+00
2.850000000000000000e+03 1.139974936610688161e-01 1.081019572143832562e-02 9.887346381429221731e-01 0.000000000000000000e+00 4.551661356395084266e-04 0.000000000000000000e+00
2.875000000000000000e+03 1.149974716756394510e-01 1.354119253527537488e-02 9.852071005917160118e-01 0.000000000000000000e+00 1.251706873008648227e-03 0.000000000000000000e+00
2.900000000000000000e+03 1.159974496902103080e-01 1.479289940828402289e-02 9.839553937187073274e-01 0.000000000000000000e+00 1.251706873008648227e-03 0.000000000000000000e+00
2.925000000000000000e+03 1.169974277047809430e-01 2.184797451069640448e-02 9.758761948111061013e-01 0.000000000000000000e+00 2.275830678197541916e-03 0.000000000000000000e+00
2.950000000000000000e+03 1.179974057193518000e-01 2.958579881656804578e-02 9.656349567592170668e-01 0.000000000000000000e+00 4.779244424214838804e-03 0.000000000000000000e+00
2.975000000000000000e+03 1.189973837339226570e-01 3.903049613108784677e-02 9.524351388256713236e-01 0.000000000000000000e+00 8.534365043240782836e-03 0.000000000000000000e+00
3.000000000000000000e+03 1.199973617484932920e-01 5.632680928538916915e-02 9.184114701866180619e-01 0.000000000000000000e+00 2.526172052799271692e-02 0.000000000000000000e+00
3.025000000000000000e+03 1.209973397630641490e-01 9.854346836595356818e-02 8.332954028220300735e-01 0.000000000000000000e+00 6.816112881201638607e-02 0.000000000000000000e+00
3.050000000000000000e+03 1.219973177776350060e-01 1.712562585343650468e-01 6.621529358215748617e-01 0.000000000000000000e+00 1.665908056440600915e-01 0.000000000000000000e+00
3.075000000000000000e+03 1.229972957922056409e-01 2.551206190259444617e-01 4.316112881201638607e-01 1.137915339098771066e-04 3.131543013199817871e-01 0.000000000000000000e+00
3.100000000000000000e+03 1.239972738067764979e-01 3.416021847974510806e-01 2.387346381429221731e-01 3.413746017296313199e-04 4.193218024578971304e-01 0.000000000000000000e+00
3.125000000000000000e+03 1.249972518213473549e-01 3.764223941738734647e-01 1.432635411925352875e-01 4.551661356395084266e-04 4.798588984979517691e-01 0.000000000000000000e+00
3.150000000000000000e+03 1.259972298359179899e-01 3.843878015475648557e-01 1.228948566226672756e-01 0.000000000000000000e+00 4.927173418297678409e-01 0.000000000000000000e+00
3.175000000000000000e+03 1.269972078504888469e-01 3.624260355029585989e-01 1.505461993627674189e-01 4.551661356395084266e-04 4.865725989986344757e-01 0.000000000000000000e+00
3.200000000000000000e+03 1.279971858650597039e-01 3.667501137915338827e-01 1.622667273554847522e-01 2.275830678197542133e-04 4.707555757851615841e-01 0.000000000000000000e+00
3.225000000000000000e+03 1.289971638796303388e-01 3.938324988620846567e-01 1.669321802457897075e-01 4.551661356395084266e-04 4.387801547564861293e-01 0.000000000000000000e+00
3.250000000000000000e+03 1.299971418942011958e-01 4.097633136094674389e-01 1.647701411015020379e-01 1.024123805188893906e-03 4.244424214838415921e-01 0.000000000000000000e+00
3.275000000000000000e+03 1.309971199087720528e-01 4.015703231679563223e-01 1.591943559399180697e-01 3.641329085116067413e-03 4.355939918070095840e-01 0.000000000000000000e+00
3.300000000000000000e+03 1.319970979233426878e-01 3.945152480655439442e-01 1.512289485662266786e-01 1.035502958579881741e-02 4.439007737824305910e-01 0.000000000000000000e+00
3.325000000000000000e+03 1.329970759379135448e-01 3.997496586253982964e-01 1.407601274465179741e-01 2.093764223941738806e-02 4.385525716886663483e-01 0.000000000000000000e+00
3.350000000000000000e+03 1.339970539524841797e-01 4.309285389167045732e-01 1.291533909877105035e-01 4.187528447883477611e-02 3.980427856167501055e-01 0.000000000000000000e+00
3.375000000000000000e+03 1.349970319670550367e-01 4.615384615384615641e-01 1.198224852071005930e-01 6.053709604005461792e-02 3.581019572143832597e-01 0.000000000000000000e+00
3.400000000000000000e+03 1.359970099816258937e-01 4.604005461993627701e-01 1.363222576240327721e-01 8.693673190714611143e-02 3.163404642694583324e-01 0.000000000000000000e+00
3.425000000000000000e+03 1.369969879961965287e-01 4.714383249886208715e-01 1.538461538461538547e-01 1.151570323167956239e-01 2.595584888484296915e-01 0.000000000000000000e+00
3.450000000000000000e+03 1.379969660107673857e-01 4.821347291761493015e-01 1.568047337278106468e-01 1.564633591260810308e-01 2.045971779699590487e-01 0.000000000000000000e+00
3.475000000000000000e+03 1.389969440253382427e-01 4.920345926263086089e-01 1.656804733727810786e-01 1.945835229858898507e-01 1.477014110150204895e-01 0.000000000000000000e+00
3.500000000000000000e+03 1.399969220399088776e-01 5.044378698224851743e-01 1.645425580336822846e-01 2.164314974965862448e-01 1.145880746472462408e-01 0.000000000000000000e+00
3.525000000000000000e+03 1.409969000544797346e-01 5.025034137460172579e-01 1.648839326354119283e-01 2.353208921256258468e-01 9.729176149294492537e-02 0.000000000000000000e+00
3.550000000000000000e+03 1.419968780690505916e-01 5.001137915339098905e-01 1.719390077378243065e-01 2.449931725079654010e-01 8.295402822030041590e-02 0.000000000000000000e+00
3.575000000000000000e+03 1.429968560836212266e-01 4.989758761948110966e-01 1.680700955848884737e-01 2.512517068730086289e-01 8.170232134729175921e-02 0.000000000000000000e+00
3.600000000000000000e+03 1.439968340981920836e-01 5.001137915339098905e-01 1.708010923987255403e-01 2.592171142467000200e-01 6.986800182066454923e-02 0.000000000000000000e+00
3.625000000000000000e+03 1.449968121127629406e-01 4.927173418297678409e-01 1.763768775603095085e-01 2.647928994082840437e-01 6.611288120163859305e-02 0.000000000000000000e+00
3.650000000000000000e+03 1.459967901273335755e-01 4.955621301775147702e-01 1.791078743741465751e-01 2.635411925352753593e-01 6.178880291306326766e-02 0.000000000000000000e+00
3.675000000000000000e+03 1.469967681419044325e-01 4.861174328629949692e-01 1.774010013654984119e-01 2.618343195266272239e-01 7.464724624487938109e-02 0.000000000000000000e+00
3.700000000000000000e+03 1.479967461564750675e-01 4.872553482020937632e-01 1.774010013654984119e-01 2.537551206190259423e-01 8.158852981338188259e-02 0.000000000000000000e+00
3.725000000000000000e+03 1.489967241710459245e-01 4.881656804733727761e-01 1.767182521620391522e-01 2.492034592626308498e-01 8.591260810195720798e-02 0.000000000000000000e+00
3.750000000000000000e+03 1.499967021856167815e-01 4.863450159308147502e-01 1.789940828402366846e-01 2.500000000000000000e-01 8.466090122894856518e-02 0.000000000000000000e+00
3.775000000000000000e+03 1.509966802001874164e-01 4.872553482020937632e-01 1.727355484751934567e-01 2.473827947200728239e-01 9.262630860263997012e-02 0.000000000000000000e+00
3.800000000000000000e+03 1.519966582147582734e-01 4.799726900318616041e-01 1.738734638142922229e-01 2.501137915339098905e-01 9.604005461993628257e-02 0.000000000000000000e+00
3.825000000000000000e+03 1.529966362293291304e-01 4.993172507965407125e-01 1.671597633136094607e-01 2.547792444242148457e-01 7.874374146563495325e-02 0.000000000000000000e+00
3.850000000000000000e+03 1.539966142438997654e-01 5.032999544833864913e-01 1.629494765589440120e-01 2.602412380518889234e-01 7.350933090578061491e-02 0.000000000000000000e+00
3.875000000000000000e+03 1.549965922584706224e-01 5.052344105598542967e-01 1.599908966772872199e-01 2.619481110605371144e-01 7.282658170232134132e-02 0.000000000000000000e+00
3.900000000000000000e+03 1.559965702730414794e-01 5.094446973145198010e-01 1.635184342284934089e-01 2.567137005006827621e-01 7.032316795630405570e-02 0.000000000000000000e+00
3.925000000000000000e+03 1.569965482876121143e-01 5.014792899408283544e-01 1.646563495675921751e-01 2.591033227127901850e-01 7.476103777878925771e-02 0.000000000000000000e+00
3.950000000000000000e+03 1.579965263021829713e-01 5.071688666363222131e-01 1.643149749658625314e-01 2.546654528903049552e-01 7.385070550751024476e-02 0.000000000000000000e+00
3.975000000000000000e+03 1.589965043167538283e-01 5.076240327719617751e-01 1.690942193900773771e-01 2.565999089667728716e-01 6.668183887118799003e-02 0.000000000000000000e+00
4.000000000000000000e+03 1.599964823313244633e-01 5.083067819754210070e-01 1.744424214838415921e-01 2.547792444242148457e-01 6.247155211652252738e-02 0.000000000000000000e+00
4.025000000000000000e+03 1.609964603458953203e-01 5.053482020937641872e-01 1.758079198907601393e-01 2.554619936276740777e-01 6.338188438780155420e-02 0.000000000000000000e+00
4.050000000000000000e+03 1.619964383604661773e-01 5.051206190259445172e-01 1.791078743741465751e-01 2.536413290851160518e-01 6.213017751479289752e-02 0.000000000000000000e+00
4.075000000000000000e+03 1.629964163750368122e-01 5.053482020937641872e-01 1.800182066454255880e-01 2.507965407373691225e-01 6.383705052344106068e-02 0.000000000000000000e+00
4.100000000000000000e+03 1.639963943896076692e-01 5.145653163404643182e-01 1.777423759672280279e-01 2.435138825671370189e-01 6.417842512517069054e-02 0.000000000000000000e+00
4.125000000000000000e+03 1.649963724041783042e-01 5.180928538916704795e-01 1.737596722803823324e-01 2.396449704142011861e-01 6.850250341374601593e-02 0.000000000000000000e+00
4.150000000000000000e+03 1.659963504187491612e-01 5.153618570778334407e-01 1.750113791533909890e-01 2.401001365498406925e-01 6.952662721893490549e-02 0.000000000000000000e+00
4.175000000000000000e+03 1.669963284333200182e-01 5.116067364588074984e-01 1.741010468821119761e-01 2.374829312699135164e-01 7.680928538916705073e-02 0.000000000000000000e+00
4.200000000000000000e+03 1.679963064478906531e-01 5.161583978152025631e-01 1.690942193900773771e-01 2.369139736003641195e-01 7.783340919435594030e-02 0.000000000000000000e+00
4.225000000000000000e+03 1.689962844624615101e-01 5.191169776968593830e-01 1.718252162039144160e-01 2.393035958124715423e-01 6.975421028675465873e-02 0.000000000000000000e+00
4.250000000000000000e+03 1.699962624770323671e-01 5.177514792899408080e-01 1.734182976786527164e-01 2.411242603550295960e-01 6.770596267637687959e-02 0.000000000000000000e+00
4.275000000000000000e+03 1.709962404916030021e-01 5.235548475193445572e-01 1.748975876194810986e-01 2.377105143377332697e-01 6.383705052344106068e-02 0.000000000000000000e+00
4.300000000000000000e+03 1.719962185061738591e-01 5.273099681383704995e-01 1.711424670004551563e-01 2.328174783796085612e-01 6.873008648156576916e-02 0.000000000000000000e+00
4.325000000000000000e+03 1.729961965207447161e-01 5.270823850705507185e-01 1.774010013654984119e-01 2.322485207100591642e-01 6.326809285389166371e-02 0.000000000000000000e+00
4.350000000000000000e+03 1.739961745353153511e-01 5.294720072826581969e-01 1.762630860263996457e-01 2.272416932180245652e-01 6.702321347291761988e-02 0.000000000000000000e+00
4.375000000000000000e+03 1.749961525498862080e-01 5.317478379608556738e-01 1.777423759672280279e-01 2.216659080564405970e-01 6.884387801547564578e-02 0.000000000000000000e+00
4.400000000000000000e+03 1.759961305644570650e-01 5.356167501137915066e-01 1.809285389167046010e-01 2.220072826581702408e-01 6.144742831133363781e-02 0.000000000000000000e+00
4.425000000000000000e+03 1.769961085790277000e-01 5.329995448338643582e-01 1.838871187983613931e-01 2.237141556668183762e-01 5.939918070095585173e-02 0.000000000000000000e+00
4.450000000000000000e+03 1.779960865935985570e-01 5.373236231224396420e-01 1.842284934000910368e-01 2.197314519799726806e-01 5.871643149749658508e-02 0.000000000000000000e+00
4.475000000000000000e+03 1.789960646081691920e-01 5.298133818843877574e-01 1.876422394173873354e-01 2.181383705052344080e-01 6.440600819299044377e-02 0.000000000000000000e+00
4.500000000000000000e+03 1.799960426227400490e-01 5.296995903504779779e-01 1.916249431042330587e-01 2.151797906235776159e-01 6.349567592171143082e-02 0.000000000000000000e+00
4.525000000000000000e+03 1.809960206373109060e-01 5.251479289940828021e-01 1.948111060537096040e-01 2.142694583522985752e-01 6.577150659990896320e-02 0.000000000000000000e+00
4.550000000000000000e+03 1.819959986518815409e-01 5.283340919435594030e-01 1.952662721893491105e-01 2.086936731907146070e-01 6.770596267637687959e-02 0.000000000000000000e+00
4.575000000000000000e+03 1.829959766664523979e-01 5.278789258079198410e-01 2.018661811561219821e-01 2.028903049613108855e-01 6.736458807464724974e-02 0.000000000000000000e+00
4.600000000000000000e+03 1.839959546810232549e-01 5.263996358670914866e-01 2.052799271734183084e-01 2.012972234865725851e-01 6.702321347291761988e-02 0.000000000000000000e+00
4.625000000000000000e+03 1.849959326955938899e-01 5.221893491124259823e-01 2.149522075557578626e-01 1.965179790623577671e-01 6.634046426945834629e-02 0.000000000000000000e+00
4.650000000000000000e+03 1.859959107101647469e-01 5.079654073736914466e-01 2.228038233955393632e-01 1.966317705962676299e-01 7.259899863450158808e-02 0.000000000000000000e+00
4.675000000000000000e+03 1.869958887247356039e-01 4.922621756941283344e-01 2.374829312699135164e-01 2.012972234865725851e-01 6.895766954938552240e-02 0.000000000000000000e+00
4.700000000000000000e+03 1.879958667393062388e-01 4.776968593536640717e-01 2.513654984069185194e-01 2.106281292671825234e-01 6.030951297223486468e-02 0.000000000000000000e+00
4.725000000000000000e+03 1.889958447538770958e-01 4.724624487938097195e-01 2.578516158397815006e-01 2.134729176149294527e-01 5.621301775147929253e-02 0.000000000000000000e+00
4.750000000000000000e+03 1.899958227684479528e-01 4.717796995903504875e-01 2.612653618570778269e-01 2.094902139280837572e-01 5.746472462448793533e-02 0.000000000000000000e+00
4.775000000000000000e+03 1.909958007830185878e-01 4.637005006827492060e-01 2.720755575785161473e-01 2.180245789713245452e-01 4.619936276741010150e-02 0.000000000000000000e+00
4.800000000000000000e+03 1.919957787975894448e-01 4.593764223941738667e-01 2.840236686390532617e-01 2.148384160218479721e-01 4.176149294492489950e-02 0.000000000000000000e+00
4.825000000000000000e+03 1.929957568121603018e-01 4.514110150204824756e-01 2.957441966317705950e-01 2.093764223941738667e-01 4.346836595357305572e-02 0.000000000000000000e+00
4.850000000000000000e+03 1.939957348267309367e-01 4.561902594446973214e-01 3.027992717341829731e-01 2.069868001820664438e-01 3.390987710514337811e-02 1.137915339098771066e-04
4.875000000000000000e+03 1.949957128413017937e-01 4.547109695038689114e-01 3.123577605826126646e-01 1.984524351388256835e-01 3.447883477469276120e-02 0.000000000000000000e+00
4.900000000000000000e+03 1.959956908558724287e-01 4.492489758761948337e-01 3.246472462448793950e-01 1.973145197997268896e-01 2.878925807919890598e-02 0.000000000000000000e+00
4.925000000000000000e+03 1.969956688704432857e-01 4.449248975876194945e-01 3.312471552116522666e-01 1.960628129267182607e-01 2.776513427401001294e-02 0.000000000000000000e+00
4.950000000000000000e+03 1.979956468850141427e-01 4.394629039599453613e-01 3.436504324078288319e-01 1.890077378243058825e-01 2.787892580791988956e-02 0.000000000000000000e+00
4.975000000000000000e+03 1.989956248995847776e-01 4.376422394173873354e-01 3.487710514337733492e-01 1.900318616294947582e-01 2.355484751934456070e-02 0.000000000000000000e+00
5.000000000000000000e+03 1.999956029141556346e-01 4.352526172052799125e-01 3.497951752389621971e-01 1.892353208921256358e-01 2.571688666363222686e-02 0.000000000000000000e+00
5.025000000000000000e+03 2.009955809287264916e-01 4.321802457897132577e-01 3.505917159763313751e-01 1.925352753755120716e-01 2.469276285844333035e-02 0.000000000000000000e+00
5.050000000000000000e+03 2.019955589432971266e-01 4.270596267637687959e-01 3.562812926718252338e-01 1.908284023668639084e-01 2.583067819754210348e-02 0.000000000000000000e+00
5.075000000000000000e+03 2.029955369578679836e-01 4.289940828402367123e-01 3.601502048247610110e-01 1.892353208921256358e-01 2.162039144287665124e-02 0.000000000000000000e+00
5.100000000000000000e+03 2.039955149724388406e-01 4.276285844333181374e-01 3.640191169776968438e-01 1.891215293582157453e-01 1.923076923076923184e-02 0.000000000000000000e+00
5.125000000000000000e+03 2.049954929870094755e-01 4.239872553482020856e-01 3.662949476558943762e-01 1.870732817478379661e-01 2.264451524806554428e-02 0.000000000000000000e+00
5.150000000000000000e+03 2.059954710015803325e-01 4.262630860263996180e-01 3.658397815202548697e-01 1.875284478834774726e-01 2.036868456986800149e-02 0.000000000000000000e+00
5.175000000000000000e+03 2.069954490161511895e-01 4.217114246700045532e-01 3.713017751479290030e-01 1.860491579426490627e-01 2.093764223941738806e-02 0.000000000000000000e+00
5.200000000000000000e+03 2.079954270307218245e-01 4.176149294492489950e-01 3.790395994538006130e-01 1.855939918070095562e-01 1.775147928994082885e-02 0.000000000000000000e+00
5.225000000000000000e+03 2.089954050452926815e-01 4.074874829312699065e-01 3.872325898953117851e-01 1.876422394173873354e-01 1.763768775603095224e-02 0.000000000000000000e+00
5.250000000000000000e+03 2.099953830598633164e-01 4.039599453800637452e-01 3.975876194811105990e-01 1.794492489758761911e-01 1.900318616294947513e-02 0.000000000000000000e+00
5.275000000000000000e+03 2.109953610744341734e-01 4.011151570323168158e-01 4.047564861174328676e-01 1.766044606281292617e-01 1.752389622212107562e-02 0.000000000000000000e+00
5.300000000000000000e+03 2.119953390890050304e-01 3.965634956759216956e-01 4.154528903049612976e-01 1.708010923987255403e-01 1.718252162039144229e-02 0.000000000000000000e+00
5.325000000000000000e+03 2.129953171035756654e-01 3.845015930814747462e-01 4.295630405097860538e-01 1.706873008648156498e-01 1.524806554392353283e-02 0.000000000000000000e+00
5.350000000000000000e+03 2.139952951181465224e-01 3.788120163859808875e-01 4.428766499772416876e-01 1.620391442876649990e-01 1.627218934911242587e-02 0.000000000000000000e+00
5.375000000000000000e+03 2.149952731327173794e-01 3.718707328174783999e-01 4.535730541647701175e-01 1.594219390077378229e-01 1.513427401001365448e-02 0.000000000000000000e+00
5.400000000000000000e+03 2.159952511472880143e-01 3.730086481565771384e-01 4.583522985889849632e-01 1.535047792444242110e-01 1.513427401001365448e-02 0.000000000000000000e+00
5.425000000000000000e+03 2.169952291618588713e-01 3.650432407828857473e-01 4.651797906235776159e-01 1.531634046426945950e-01 1.661356395084205573e-02 0.000000000000000000e+00
5.450000000000000000e+03 2.179952071764297283e-01 3.693673190714610866e-01 4.658625398270368478e-01 1.469048702776513393e-01 1.786527082385070547e-02 0.000000000000000000e+00
5.475000000000000000e+03 2.189951851910003633e-01 3.634501593081474469e-01 4.726900318616295005e-01 1.474738279472007363e-01 1.627218934911242587e-02 1.137915339098771066e-04
5.500000000000000000e+03 2.199951632055712203e-01 3.576467910787437532e-01 4.824761037778789174e-01 1.432635411925352875e-01 1.661356395084205573e-02 0.000000000000000000e+00
5.525000000000000000e+03 2.209951412201420773e-01 3.592398725534819981e-01 4.839553937187073274e-01 1.380291306326809353e-01 1.877560309512972189e-02 0.000000000000000000e+00
5.550000000000000000e+03 2.219951192347127122e-01 3.576467910787437532e-01 4.941966317705962508e-01 1.334774692762858428e-01 1.467910787437414627e-02 0.000000000000000000e+00
5.575000000000000000e+03 2.229950972492835692e-01 3.566226672735548497e-01 4.996586253982703840e-01 1.292671825216203940e-01 1.445152480655439303e-02 0.000000000000000000e+00
5.600000000000000000e+03 2.239950752638544262e-01 3.544606281292672079e-01 5.013654984069185749e-01 1.290395994538006408e-01 1.513427401001365448e-02 0.000000000000000000e+00
5.625000000000000000e+03 2.249950532784250612e-01 3.497951752389621971e-01 5.038689121529358328e-01 1.317705962676376796e-01 1.456531634046426965e-02 0.000000000000000000e+00
5.650000000000000000e+03 2.259950312929959182e-01 3.379608557123350288e-01 5.139963586709148657e-01 1.322257624032771861e-01 1.581702321347291593e-02 0.000000000000000000e+00
5.675000000000000000e+03 2.269950093075665531e-01 3.309057806099225951e-01 5.167273554847519046e-01 1.349567592171142527e-01 1.741010468821119553e-02 0.000000000000000000e+00
