# itime ezz other fcc hcp bcc ico
0.000000000000000000e+00 0.000000000000000000e+00 0.000000000000000000e+00 1.000000000000000000e+00 0.000000000000000000e+00 0.000000000000000000e+00 0.000000000000000000e+00
2.500000000000000000e+02 9.999987266592791357e-03 0.000000000000000000e+00 1.000000000000000000e+00 0.000000000000000000e+00 0.000000000000000000e+00 0.000000000000000000e+00
5.000000000000000000e+02 1.999997453318536067e-02 0.000000000000000000e+00 1.000000000000000000e+00 0.000000000000000000e+00 0.000000000000000000e+00 0.000000000000000000e+00
7.500000000000000000e+02 2.999996179977815203e-02 0.000000000000000000e+00 1.000000000000000000e+00 0.000000000000000000e+00 0.000000000000000000e+00 0.000000000000000000e+00
1.000000000000000000e+03 3.999994906637072134e-02 0.000000000000000000e+00 1.000000000000000000e+00 0.000000000000000000e+00 0.000000000000000000e+00 0.000000000000000000e+00
1.250000000000000000e+03 4.999993633296351270e-02 0.000000000000000000e+00 1.000000000000000000e+00 0.000000000000000000e+00 0.000000000000000000e+00 0.000000000000000000e+00
1.500000000000000000e+03 5.999992359955608201e-02 0.000000000000000000e+00 1.000000000000000000e+00 0.000000000000000000e+00 0.000000000000000000e+00 0.000000000000000000e+00
1.750000000000000000e+03 6.999991086614887337e-02 0.000000000000000000e+00 1.000000000000000000e+00 0.000000000000000000e+00 0.000000000000000000e+00 0.000000000000000000e+00
2.000000000000000000e+03 7.999989813274144268e-02 4.551661356395084266e-04 9.995448338643604380e-01 0.000000000000000000e+00 0.000000000000000000e+00 0.000000000000000000e+00
2.250000000000000000e+03 8.999988539933423404e-02 7.965407373691396923e-04 9.992034592626308775e-01 0.000000000000000000e+00 0.000000000000000000e+00 0.000000000000000000e+00
2.500000000000000000e+03 9.999987266592680335e-02 3.299954483386436255e-03 9.967000455166135087e-01 0.000000000000000000e+00 0.000000000000000000e+00 0.000000000000000000e+00
2.750000000000000000e+03 1.099998599325195947e-01 4.779244424214838804e-03 9.946517979062358128e-01 0.000000000000000000e+00 5.689576695493854790e-04 0.000000000000000000e+00
3.000000000000000000e+03 1.199998471991121640e-01 7.521620391442876419e-02 8.940600819299043822e-01 0.000000000000000000e+00 3.072371415566681890e-02 0.000000000000000000e+00
3.250000000000000000e+03 1.299998344657049554e-01 3.590122894856622726e-01 1.172052799271734169e-01 0.000000000000000000e+00 5.237824305871643382e-01 0.000000000000000000e+00
3.500000000000000000e+03 1.399998217322975247e-01 3.029130632680928636e-01 9.569868001820663883e-02 1.052571688666363164e-01 4.961310878470641672e-01 0.000000000000000000e+00
3.750000000000000000e+03 1.499998089988903160e-01 4.015703231679563223e-01 2.569412835685024876e-01 2.043695949021392677e-01 1.371187983614019223e-01 0.000000000000000000e+00
4.000000000000000000e+03 1.599997962654828854e-01 4.047564861174328676e-01 2.809512972234865513e-01 2.356622667273554905e-01 7.862994993172507663e-02 0.000000000000000000e+00
4.250000000000000000e+03 1.699997835320756767e-01 4.095357305416477134e-01 2.892580791989076139e-01 2.435138825671370189e-01 5.769230769230769551e-02 0.000000000000000000e+00
4.500000000000000000e+03 1.799997707986682460e-01 4.099908966772872199e-01 3.322712790168411701e-01 2.117660446062812896e-01 4.597177969959034827e-02 0.000000000000000000e+00
4.750000000000000000e+03 1.899997580652610374e-01 4.103322712790168358e-01 3.779016841147018746e-01 1.794492489758761911e-01 3.231679563040509851e-02 0.000000000000000000e+00
5.000000000000000000e+03 1.999997453318536067e-01 4.033909877105143482e-01 3.983841602184797215e-01 1.784251251706872876e-01 1.979972690031861493e-02 0.000000000000000000e+00
5.250000000000000000e+03 2.099997325984463981e-01 3.851843422849339782e-01 4.149977241693217911e-01 1.828629949931725174e-01 1.695493855257168905e-02 0.000000000000000000e+00
5.500000000000000000e+03 2.199997198650389674e-01 3.792671825216203940e-01 4.218252162039144437e-01 1.816112881201638607e-01 1.729631315430131891e-02 0.000000000000000000e+00
5.750000000000000000e+03 2.299997071316317587e-01 3.583295402822029851e-01 4.436731907146108100e-01 1.887801547564861293e-01 9.217114246700046018e-03 0.000000000000000000e+00
6.000000000000000000e+03 2.399996943982243280e-01 3.604915794264906825e-01 4.398042785616750328e-01 1.927628584433318248e-01 6.941283568502503235e-03 0.000000000000000000e+00
6.250000000000000000e+03 2.499996816648171194e-01 3.620846609012289274e-01 4.396904870277651423e-01 1.893491124260354985e-01 8.875739644970414427e-03 0.000000000000000000e+00
6.500000000000000000e+03 2.599996689314096887e-01 3.635639508420573374e-01 4.609695038689121671e-01 1.652253072371415443e-01 1.024123805188893906e-02 0.000000000000000000e+00
6.750000000000000000e+03 2.699996561980024801e-01 3.594674556213017791e-01 4.782658170232134687e-01 1.516841147018661851e-01 1.058261265361857065e-02 0.000000000000000000e+00
7.000000000000000000e+03 2.799996434645950494e-01 3.489986345015930747e-01 4.898725534820209115e-01 1.530496131087847045e-01 8.079198907601274626e-03 0.000000000000000000e+00
7.250000000000000000e+03 2.899996307311878407e-01 3.377332726445152478e-01 5.084205735093308975e-01 1.415566681838871244e-01 1.228948566226672687e-02 0.000000000000000000e+00
7.500000000000000000e+03 2.999996179977806321e-01 2.987027765134274149e-01 5.328857532999544677e-01 1.601046882111970826e-01 8.306781975421027864e-03 0.000000000000000000e+00
7.750000000000000000e+03 3.099996052643732014e-01 2.624032771961766208e-01 5.673645880746472914e-01 1.621529358215748617e-01 8.079198907601274626e-03 0.000000000000000000e+00
8.000000000000000000e+03 3.199995925309659928e-01 2.531861629494765453e-01 5.846609012289485374e-01 1.553254437869822369e-01 6.827492034592626616e-03 0.000000000000000000e+00
8.250000000000000000e+03 3.299995797975585621e-01 2.249658625398270329e-01 6.286982248520710526e-01 1.404187528447883582e-01 5.917159763313609329e-03 0.000000000000000000e+00
8.500000000000000000e+03 3.399995670641513534e-01 1.926490669094219343e-01 6.580564406008192480e-01 1.463359126081019701e-01 2.958579881656804664e-03 0.000000000000000000e+00
8.750000000000000000e+03 3.499995543307439227e-01 1.738734638142922229e-01 6.736458807464724696e-01 1.496358670914884059e-01 2.844788347746927612e-03 0.000000000000000000e+00
9.000000000000000000e+03 3.599995415973367141e-01 1.711424670004551563e-01 6.731907146108329076e-01 1.528220300409649512e-01 2.844788347746927612e-03 0.000000000000000000e+00
9.250000000000000000e+03 3.699995288639292834e-01 1.849112426035502965e-01 6.488393263541192280e-01 1.628356850250341492e-01 3.413746017296313308e-03 0.000000000000000000e+00
9.500000000000000000e+03 3.799995161305220748e-01 1.953800637232590010e-01 6.263086026399635742e-01 1.735320892125625791e-01 4.779244424214838804e-03 0.000000000000000000e+00
9.750000000000000000e+03 3.899995033971146441e-01 2.218934911242603503e-01 5.777196176604461053e-01 1.934456076467910846e-01 6.941283568502503235e-03 0.000000000000000000e+00
1.000000000000000000e+04 3.999994906637072134e-01 2.634274010013655243e-01 5.212790168411469693e-01 2.034592626308602548e-01 1.183431952662721866e-02 0.000000000000000000e+00
1.025000000000000000e+04 4.099994779303000048e-01 2.793582157487483064e-01 5.010241238051889034e-01 2.058488848429676776e-01 1.376877560309512985e-02 0.000000000000000000e+00
1.050000000000000000e+04 4.199994651968927961e-01 2.866408739189804100e-01 4.949931725079654288e-01 2.038006372325898985e-01 1.456531634046426965e-02 0.000000000000000000e+00
1.075000000000000000e+04 4.299994524634853654e-01 3.045061447428311086e-01 4.663177059626763543e-01 2.130177514792899462e-01 1.615839781520254925e-02 0.000000000000000000e+00
1.100000000000000000e+04 4.399994397300779347e-01 3.269230769230769273e-01 4.137460172963131622e-01 2.449931725079654010e-01 1.433773327264451468e-02 0.000000000000000000e+00
1.125000000000000000e+04 4.499994269966707261e-01 3.097405553026854608e-01 4.274010013654984119e-01 2.481793354574419741e-01 1.467910787437414627e-02 0.000000000000000000e+00
1.150000000000000000e+04 4.599994142632635175e-01 3.183887118798361393e-01 4.349112426035502965e-01 2.303140646335912478e-01 1.638598088302230249e-02 0.000000000000000000e+00
1.175000000000000000e+04 4.699994015298560868e-01 3.236231224396904915e-01 4.337733272644515026e-01 2.230314064633591165e-01 1.957214383249886169e-02 0.000000000000000000e+00
1.200000000000000000e+04 4.799993887964486561e-01 3.389849795175238767e-01 4.219390077378242787e-01 2.180245789713245452e-01 2.105143377332726468e-02 0.000000000000000000e+00
1.225000000000000000e+04 4.899993760630414474e-01 3.548020027309968238e-01 4.116977696859353553e-01 2.180245789713245452e-01 1.547564861174328607e-02 0.000000000000000000e+00
1.250000000000000000e+04 4.999993633296344608e-01 3.463814292216659263e-01 4.221665908056440597e-01 2.176832043695949015e-01 1.376877560309512985e-02 0.000000000000000000e+00
1.275000000000000000e+04 5.099993505962268081e-01 3.445607646791079004e-01 4.374146563495676099e-01 1.993627674101046965e-01 1.866181156121984527e-02 0.000000000000000000e+00
1.300000000000000000e+04 5.199993378628193774e-01 3.470641784251251583e-01 4.470869367319071364e-01 1.896904870277651423e-01 1.615839781520254925e-02 0.000000000000000000e+00
1.325000000000000000e+04 5.299993251294121688e-01 3.421711424670004775e-01 4.684797451069640517e-01 1.743286299499317293e-01 1.502048247610377786e-02 0.000000000000000000e+00
1.350000000000000000e+04 5.399993123960051822e-01 3.477469276285844457e-01 4.733727810650887324e-01 1.660218479745106945e-01 1.285844333181611343e-02 0.000000000000000000e+00
1.375000000000000000e+04 5.499992996625975294e-01 3.409194355939917931e-01 4.881656804733727761e-01 1.586253982703686727e-01 1.228948566226672687e-02 0.000000000000000000e+00
1.400000000000000000e+04 5.599992869291900988e-01 3.345471096950387024e-01 4.953345471096950448e-01 1.563495675921711403e-01 1.376877560309512985e-02 0.000000000000000000e+00
1.425000000000000000e+04 5.699992741957828901e-01 3.196404187528447682e-01 5.126308602639964018e-01 1.546426945835229771e-01 1.308602639963586667e-02 0.000000000000000000e+00
1.450000000000000000e+04 5.799992614623759035e-01 3.101957214383249672e-01 5.193445607646790529e-01 1.556668183887118806e-01 1.479289940828402289e-02 0.000000000000000000e+00
1.475000000000000000e+04 5.899992487289684728e-01 3.194128356850250428e-01 5.157032316795630011e-01 1.550978607191624836e-01 9.786071916249430847e-03 0.000000000000000000e+00
1.500000000000000000e+04 5.999992359955608201e-01 3.199817933545744397e-01 4.990896677287209870e-01 1.695493855257168836e-01 1.137915339098771045e-02 0.000000000000000000e+00
1.525000000000000000e+04 6.099992232621538335e-01 3.165680473372781134e-01 4.977241693218024676e-01 1.763768775603095085e-01 9.330905780609922637e-03 0.000000000000000000e+00
1.550000000000000000e+04 6.199992105287466249e-01 3.072371415566682029e-01 5.036413290851160518e-01 1.804733727810650945e-01 8.648156577150659455e-03 0.000000000000000000e+00
1.575000000000000000e+04 6.299991977953391942e-01 3.062130177514792995e-01 5.030723714155667103e-01 1.835457441966317771e-01 7.168866636322257339e-03 0.000000000000000000e+00
1.600000000000000000e+04 6.399991850619315414e-01 3.078060992262175444e-01 4.961310878470641672e-01 1.879836140191169791e-01 8.079198907601274626e-03 0.000000000000000000e+00
1.625000000000000000e+04 6.499991723285245548e-01 3.131543013199817871e-01 4.889622212107418986e-01 1.902594446973145115e-01 7.624032771961766417e-03 0.000000000000000000e+00
1.650000000000000000e+04 6.599991595951173462e-01 3.164542558033682229e-01 4.965862539827036737e-01 1.755803368229403860e-01 1.137915339098771045e-02 0.000000000000000000e+00
1.675000000000000000e+04 6.699991468617099155e-01 3.256713700500682984e-01 4.874829312699135442e-01 1.754665452890304955e-01 1.137915339098771045e-02 0.000000000000000000e+00
1.700000000000000000e+04 6.799991341283022628e-01 3.252162039144287919e-01 4.737141556668184039e-01 1.867319071461083224e-01 1.433773327264451468e-02 0.000000000000000000e+00
1.725000000000000000e+04 6.899991213948952762e-01 3.258989531178880239e-01 4.758761948111060458e-01 1.857077833409194467e-01 1.251706873008648184e-02 0.000000000000000000e+00
1.750000000000000000e+04 6.999991086614880675e-01 3.291989076012744597e-01 4.737141556668184039e-01 1.796768320436959443e-01 1.741010468821119553e-02 0.000000000000000000e+00
1.775000000000000000e+04 7.099990959280806369e-01 3.404642694583522866e-01 4.635867091488393155e-01 1.717114246700045532e-01 2.423759672280382388e-02 0.000000000000000000e+00
1.800000000000000000e+04 7.199990831946732062e-01 3.437642239417387224e-01 4.680245789713245452e-01 1.682976786527082269e-01 1.991351843422849502e-02 0.000000000000000000e+00
1.825000000000000000e+04 7.299990704612659975e-01 3.491124260355029651e-01 4.615384615384615641e-01 1.696631770596267741e-01 1.968593536640873831e-02 0.000000000000000000e+00
1.850000000000000000e+04 7.399990577278587889e-01 3.487710514337733492e-01 4.621074192080109055e-01 1.662494310423304478e-01 2.287209831588529751e-02 0.000000000000000000e+00
1.875000000000000000e+04 7.499990449944513582e-01 3.484296768320436777e-01 4.582385070550751283e-01 1.783113336367774249e-01 1.502048247610377786e-02 0.000000000000000000e+00
1.900000000000000000e+04 7.599990322610439275e-01 3.340919435593991960e-01 4.673418297678652578e-01 1.866181156121984597e-01 1.194811106053709528e-02 0.000000000000000000e+00
1.925000000000000000e+04 7.699990195276367189e-01 3.264679107874374209e-01 4.943104233045061413e-01 1.647701411015020379e-01 1.445152480655439303e-02 0.000000000000000000e+00
1.950000000000000000e+04 7.799990067942295102e-01 3.214610832954028496e-01 4.970414201183431802e-01 1.731907146108329631e-01 8.306781975421027864e-03 0.000000000000000000e+00
1.975000000000000000e+04 7.899989940608220795e-01 3.045061447428311086e-01 5.178652708238506985e-01 1.712562585343650468e-01 6.372325898953117539e-03 0.000000000000000000e+00
2.000000000000000000e+04 7.999989813274146488e-01 3.060992262175694090e-01 5.134274010013655243e-01 1.741010468821119761e-01 6.372325898953117539e-03 0.000000000000000000e+00
2.025000000000000000e+04 8.099989685940074402e-01 3.050751024123805055e-01 5.121756941283568398e-01 1.726217569412835662e-01 1.012744651797906244e-02 0.000000000000000000e+00
2.050000000000000000e+04 8.199989558606002316e-01 3.037096040054619861e-01 5.098998634501593630e-01 1.809285389167046010e-01 5.461993627674101119e-03 0.000000000000000000e+00
2.075000000000000000e+04 8.299989431271928009e-01 3.039371870732817671e-01 4.986345015930814806e-01 1.909421939007737712e-01 6.486117432862995025e-03 0.000000000000000000e+00
2.100000000000000000e+04 8.399989303937853702e-01 3.032544378698224796e-01 5.101274465179790329e-01 1.795630405097860816e-01 7.055075102412380721e-03 0.000000000000000000e+00
2.125000000000000000e+04 8.499989176603781615e-01 3.050751024123805055e-01 5.076240327719617751e-01 1.835457441966317771e-01 3.755120619025944465e-03 0.000000000000000000e+00
2.150000000000000000e+04 8.599989049269709529e-01 3.002958579881656598e-01 4.965862539827036737e-01 1.954938552571688637e-01 7.624032771961766417e-03 0.000000000000000000e+00
2.175000000000000000e+04 8.699988921935635222e-01 3.008648156577150568e-01 4.939690487027765253e-01 1.973145197997268896e-01 7.851615839781519654e-03 0.000000000000000000e+00
2.200000000000000000e+04 8.799988794601560915e-01 3.004096495220755503e-01 4.920345926263086089e-01 2.015248065543923661e-01 6.030951297223486815e-03 0.000000000000000000e+00
2.225000000000000000e+04 8.899988667267488829e-01 2.915339098771051463e-01 4.869139736003641472e-01 2.158625398270368756e-01 5.689576695493855224e-03 0.000000000000000000e+00
2.250000000000000000e+04 8.999988539933416742e-01 2.881201638598088199e-01 4.887346381429221731e-01 2.142694583522985752e-01 8.875739644970414427e-03 0.000000000000000000e+00
2.275000000000000000e+04 9.099988412599342436e-01 2.898270368684570109e-01 4.822485207100591920e-01 2.213245334547109811e-01 6.599908966772872511e-03 0.000000000000000000e+00
2.300000000000000000e+04 9.199988285265268129e-01 3.027992717341829731e-01 4.540282203004096240e-01 2.332726445152480677e-01 9.899863450159307465e-03 0.000000000000000000e+00
2.325000000000000000e+04 9.299988157931196042e-01 3.224852071005916976e-01 4.241010468821119761e-01 2.405553026854801990e-01 1.285844333181611343e-02 0.000000000000000000e+00
2.350000000000000000e+04 9.399988030597123956e-01 3.376194811106053573e-01 3.958807464724624636e-01 2.517068730086481354e-01 1.479289940828402289e-02 0.000000000000000000e+00
2.375000000000000000e+04 9.499987903263049649e-01 3.540054619936277014e-01 3.898497951752389890e-01 2.454483386436049075e-01 1.069640418752844727e-02 0.000000000000000000e+00
2.400000000000000000e+04 9.599987775928975342e-01 3.640191169776968438e-01 3.781292671825216001e-01 2.445380063723258945e-01 1.331360946745562164e-02 0.000000000000000000e+00
2.425000000000000000e+04 9.699987648594903256e-01 3.603777878925807920e-01 3.794947655894401195e-01 2.360036413290851065e-01 2.412380518889394726e-02 0.000000000000000000e+00
2.450000000000000000e+04 9.799987521260831169e-01 3.600364132908511761e-01 3.806326809285389134e-01 2.375967228038234069e-01 2.173418297678652786e-02 0.000000000000000000e+00
2.475000000000000000e+04 9.899987393926756862e-01 3.554847519344560558e-01 3.864360491579426626e-01 2.342967683204369711e-01 2.378243058716431393e-02 0.000000000000000000e+00
2.500000000000000000e+04 9.999987266592682555e-01 3.397815202548930547e-01 4.003186162949476379e-01 2.386208466090122826e-01 2.127901684114701791e-02 0.000000000000000000e+00
