# itime ezz other fcc hcp bcc ico
0.000000000000000000e+00 0.000000000000000000e+00 0.000000000000000000e+00 1.000000000000000000e+00 0.000000000000000000e+00 0.000000000000000000e+00 0.000000000000000000e+00
5.000000000000000000e+01 1.999980331980566461e-03 0.000000000000000000e+00 1.000000000000000000e+00 0.000000000000000000e+00 0.000000000000000000e+00 0.000000000000000000e+00
1.000000000000000000e+02 3.999960663961132923e-03 0.000000000000000000e+00 1.000000000000000000e+00 0.000000000000000000e+00 0.000000000000000000e+00 0.000000000000000000e+00
1.500000000000000000e+02 5.999940995941699384e-03 0.000000000000000000e+00 1.000000000000000000e+00 0.000000000000000000e+00 0.000000000000000000e+00 0.000000000000000000e+00
2.000000000000000000e+02 7.999921327922265846e-03 0.000000000000000000e+00 1.000000000000000000e+00 0.000000000000000000e+00 0.000000000000000000e+00 0.000000000000000000e+00
2.500000000000000000e+02 9.999901659903054352e-03 0.000000000000000000e+00 1.000000000000000000e+00 0.000000000000000000e+00 0.000000000000000000e+00 0.000000000000000000e+00
3.000000000000000000e+02 1.199988199188362081e-02 0.000000000000000000e+00 1.000000000000000000e+00 0.000000000000000000e+00 0.000000000000000000e+00 0.000000000000000000e+00
3.500000000000000000e+02 1.399986232386418727e-02 0.000000000000000000e+00 1.000000000000000000e+00 0.000000000000000000e+00 0.000000000000000000e+00 0.000000000000000000e+00
4.000000000000000000e+02 1.599984265584475374e-02 0.000000000000000000e+00 1.000000000000000000e+00 0.000000000000000000e+00 0.000000000000000000e+00 0.000000000000000000e+00
4.500000000000000000e+02 1.799982298782532020e-02 0.000000000000000000e+00 1.000000000000000000e+00 0.000000000000000000e+00 0.000000000000000000e+00 0.000000000000000000e+00
5.000000000000000000e+02 1.999980331980588666e-02 0.000000000000000000e+00 1.000000000000000000e+00 0.000000000000000000e+00 0.000000000000000000e+00 0.000000000000000000e+00
5.500000000000000000e+02 2.199978365178645312e-02 0.000000000000000000e+00 1.000000000000000000e+00 0.000000000000000000e+00 0.000000000000000000e+00 0.000000000000000000e+00
6.000000000000000000e+02 2.399976398376701958e-02 0.000000000000000000e+00 1.000000000000000000e+00 0.000000000000000000e+00 0.000000000000000000e+00 0.000000000000000000e+00
6.500000000000000000e+02 2.599974431574780809e-02 0.000000000000000000e+00 1.000000000000000000e+00 0.000000000000000000e+00 0.000000000000000000e+00 0.000000000000000000e+00
7.000000000000000000e+02 2.799972464772837455e-02 0.000000000000000000e+00 1.000000000000000000e+00 0.000000000000000000e+00 0.000000000000000000e+00 0.000000000000000000e+00
7.500000000000000000e+02 2.999970497970894101e-02 0.000000000000000000e+00 1.000000000000000000e+00 0.000000000000000000e+00 0.000000000000000000e+00 0.000000000000000000e+00
8.000000000000000000e+02 3.199968531168950747e-02 0.000000000000000000e+00 1.000000000000000000e+00 0.000000000000000000e+00 0.000000000000000000e+00 0.000000000000000000e+00
8.500000000000000000e+02 3.399966564367007393e-02 0.000000000000000000e+00 1.000000000000000000e+00 0.000000000000000000e+00 0.000000000000000000e+00 0.000000000000000000e+00
9.000000000000000000e+02 3.599964597565064039e-02 0.000000000000000000e+00 1.000000000000000000e+00 0.000000000000000000e+00 0.000000000000000000e+00 0.000000000000000000e+00
9.500000000000000000e+02 3.799962630763120686e-02 0.000000000000000000e+00 1.000000000000000000e+00 0.000000000000000000e+00 0.000000000000000000e+00 0.000000000000000000e+00
1.000000000000000000e+03 3.999960663961177332e-02 0.000000000000000000e+00 1.000000000000000000e+00 0.000000000000000000e+00 0.000000000000000000e+00 0.000000000000000000e+00
1.050000000000000000e+03 4.199958697159233978e-02 0.000000000000000000e+00 1.000000000000000000e+00 0.000000000000000000e+00 0.000000000000000000e+00 0.000000000000000000e+00
1.100000000000000000e+03 4.399956730357312829e-02 0.000000000000000000e+00 1.000000000000000000e+00 0.000000000000000000e+00 0.000000000000000000e+00 0.000000000000000000e+00
1.150000000000000000e+03 4.599954763555369475e-02 0.000000000000000000e+00 1.000000000000000000e+00 0.000000000000000000e+00 0.000000000000000000e+00 0.000000000000000000e+00
1.200000000000000000e+03 4.799952796753426121e-02 0.000000000000000000e+00 1.000000000000000000e+00 0.000000000000000000e+00 0.000000000000000000e+00 0.000000000000000000e+00
1.250000000000000000e+03 4.999950829951482767e-02 0.000000000000000000e+00 1.000000000000000000e+00 0.000000000000000000e+00 0.000000000000000000e+00 0.000000000000000000e+00
1.300000000000000000e+03 5.199948863149539413e-02 0.000000000000000000e+00 1.000000000000000000e+00 0.000000000000000000e+00 0.000000000000000000e+00 0.000000000000000000e+00
1.350000000000000000e+03 5.399946896347596059e-02 0.000000000000000000e+00 1.000000000000000000e+00 0.000000000000000000e+00 0.000000000000000000e+00 0.000000000000000000e+00
1.400000000000000000e+03 5.599944929545652705e-02 0.000000000000000000e+00 1.000000000000000000e+00 0.000000000000000000e+00 0.000000000000000000e+00 0.000000000000000000e+00
1.450000000000000000e+03 5.799942962743709352e-02 0.000000000000000000e+00 1.000000000000000000e+00 0.000000000000000000e+00 0.000000000000000000e+00 0.000000000000000000e+00
1.500000000000000000e+03 5.999940995941788202e-02 1.137915339098771066e-04 9.998862084660901095e-01 0.000000000000000000e+00 0.000000000000000000e+00 0.000000000000000000e+00
1.550000000000000000e+03 6.199939029139844848e-02 0.000000000000000000e+00 1.000000000000000000e+00 0.000000000000000000e+00 0.000000000000000000e+00 0.000000000000000000e+00
1.600000000000000000e+03 6.399937062337901494e-02 0.000000000000000000e+00 1.000000000000000000e+00 0.000000000000000000e+00 0.000000000000000000e+00 0.000000000000000000e+00
1.650000000000000000e+03 6.599935095535958141e-02 0.000000000000000000e+00 1.000000000000000000e+00 0.000000000000000000e+00 0.000000000000000000e+00 0.000000000000000000e+00
1.700000000000000000e+03 6.799933128734014787e-02 0.000000000000000000e+00 1.000000000000000000e+00 0.000000000000000000e+00 0.000000000000000000e+00 0.000000000000000000e+00
1.750000000000000000e+03 6.999931161932071433e-02 0.000000000000000000e+00 1.000000000000000000e+00 0.000000000000000000e+00 0.000000000000000000e+00 0.000000000000000000e+00
1.800000000000000000e+03 7.199929195130128079e-02 0.000000000000000000e+00 1.000000000000000000e+00 0.000000000000000000e+00 0.000000000000000000e+00 0.000000000000000000e+00
1.850000000000000000e+03 7.399927228328184725e-02 0.000000000000000000e+00 1.000000000000000000e+00 0.000000000000000000e+00 0.000000000000000000e+00 0.000000000000000000e+00
1.900000000000000000e+03 7.599925261526263576e-02 3.413746017296313199e-04 9.995448338643604380e-01 0.000000000000000000e+00 1.137915339098771066e-04 0.000000000000000000e+00
1.950000000000000000e+03 7.799923294724320222e-02 2.275830678197542133e-04 9.997724169321802190e-01 0.000000000000000000e+00 0.000000000000000000e+00 0.000000000000000000e+00
2.000000000000000000e+03 7.999921327922376868e-02 3.413746017296313199e-04 9.995448338643604380e-01 0.000000000000000000e+00 1.137915339098771066e-04 0.000000000000000000e+00
2.050000000000000000e+03 8.199919361120433514e-02 2.275830678197542133e-04 9.997724169321802190e-01 0.000000000000000000e+00 0.000000000000000000e+00 0.000000000000000000e+00
2.100000000000000000e+03 8.399917394318490160e-02 2.275830678197542133e-04 9.997724169321802190e-01 0.000000000000000000e+00 0.000000000000000000e+00 0.000000000000000000e+00
2.150000000000000000e+03 8.599915427516546806e-02 0.000000000000000000e+00 1.000000000000000000e+00 0.000000000000000000e+00 0.000000000000000000e+00 0.000000000000000000e+00
2.200000000000000000e+03 8.799913460714603453e-02 2.275830678197542133e-04 9.997724169321802190e-01 0.000000000000000000e+00 0.000000000000000000e+00 0.000000000000000000e+00
2.250000000000000000e+03 8.999911493912660099e-02 1.137915339098771066e-04 9.998862084660901095e-01 0.000000000000000000e+00 0.000000000000000000e+00 0.000000000000000000e+00
2.300000000000000000e+03 9.199909527110716745e-02 1.365498406918525280e-03 9.986345015930814251e-01 0.000000000000000000e+00 0.000000000000000000e+00 0.000000000000000000e+00
2.350000000000000000e+03 9.399907560308795595e-02 1.137915339098770958e-03 9.987482931269913156e-01 0.000000000000000000e+00 1.137915339098771066e-04 0.000000000000000000e+00
2.400000000000000000e+03 9.599905593506852242e-02 1.706873008648156654e-03 9.981793354574419741e-01 0.000000000000000000e+00 1.137915339098771066e-04 0.000000000000000000e+00
2.450000000000000000e+03 9.799903626704908888e-02 3.413746017296313199e-04 9.996586253982703285e-01 0.000000000000000000e+00 0.000000000000000000e+00 0.000000000000000000e+00
2.500000000000000000e+03 9.999901659902965534e-02 3.186162949476558769e-03 9.967000455166135087e-01 0.000000000000000000e+00 1.137915339098771066e-04 0.000000000000000000e+00
2.550000000000000000e+03 1.019989969310102218e-01 2.844788347746927612e-03 9.968138370505233992e-01 0.000000000000000000e+00 3.413746017296313199e-04 0.000000000000000000e+00
2.600000000000000000e+03 1.039989772629907883e-01 1.479289940828402332e-03 9.982931269913518646e-01 0.000000000000000000e+00 2.275830678197542133e-04 0.000000000000000000e+00
2.650000000000000000e+03 1.059989575949713547e-01 3.868912152935821518e-03 9.957897132453344957e-01 0.000000000000000000e+00 3.413746017296313199e-04 0.000000000000000000e+00
2.700000000000000000e+03 1.079989379269519212e-01 3.868912152935821518e-03 9.960172963131542767e-01 0.000000000000000000e+00 1.137915339098771066e-04 0.000000000000000000e+00
2.750000000000000000e+03 1.099989182589327097e-01 5.461993627674101119e-03 9.939690487027764698e-01 0.000000000000000000e+00 5.689576695493854790e-04 0.000000000000000000e+00
2.800000000000000000e+03 1.119988985909132762e-01 1.024123805188893906e-02 9.896449704142011861e-01 0.000000000000000000e+00 1.137915339098771066e-04 0.000000000000000000e+00
2.850000000000000000e+03 1.139988789228938426e-01 1.081019572143832562e-02 9.886208466090122826e-01 0.000000000000000000e+00 5.689576695493854790e-04 0.000000000000000000e+00
2.900000000000000000e+03 1.159988592548744091e-01 1.775147928994082885e-02 9.803140646335912756e-01 0.000000000000000000e+00 1.934456076467910759e-03 0.000000000000000000e+00
2.950000000000000000e+03 1.179988395868549755e-01 2.742375967228038308e-02 9.680245789713245452e-01 0.000000000000000000e+00 4.551661356395083832e-03 0.000000000000000000e+00
3.000000000000000000e+03 1.199988199188355420e-01 8.511606736458807165e-02 8.749431042330451103e-01 0.000000000000000000e+00 3.994082840236686666e-02 0.000000000000000000e+00
3.050000000000000000e+03 1.219988002508161085e-01 2.025489303595812418e-01 5.411925352753754748e-01 0.000000000000000000e+00 2.562585343650432557e-01 0.000000000000000000e+00
3.100000000000000000e+03 1.239987805827966749e-01 3.686845698680017991e-01 1.448566226672735602e-01 1.137915339098771066e-04 4.863450159308147502e-01 0.000000000000000000e+00
3.150000000000000000e+03 1.259987609147772414e-01 3.691397360036413056e-01 8.522985889849794827e-02 4.551661356395084266e-04 5.451752389622211981e-01 0.000000000000000000e+00
3.200000000000000000e+03 1.279987412467580299e-01 3.664087391898042667e-01 1.299499317250796537e-01 1.137915339098771066e-04 5.035275375512061613e-01 0.000000000000000000e+00
3.250000000000000000e+03 1.299987215787385963e-01 4.082840236686390289e-01 1.045744196631770567e-01 2.275830678197541916e-03 4.848657259899863403e-01 0.000000000000000000e+00
3.300000000000000000e+03 1.319987019107191628e-01 3.868912152935821691e-01 8.830223031406463086e-02 1.183431952662721866e-02 5.129722348657259623e-01 0.000000000000000000e+00
3.350000000000000000e+03 1.339986822426997293e-01 4.214838416021847722e-01 8.181611288120163583e-02 3.618570778334091742e-02 4.605143377332726606e-01 0.000000000000000000e+00
3.400000000000000000e+03 1.359986625746802957e-01 4.604005461993627701e-01 1.002503413746017313e-01 7.942649066909421296e-02 3.599226217569412856e-01 0.000000000000000000e+00
3.450000000000000000e+03 1.379986429066608622e-01 5.089895311788802390e-01 1.275603095129722309e-01 1.471324533454710926e-01 2.163177059626763821e-01 0.000000000000000000e+00
3.500000000000000000e+03 1.399986232386414287e-01 5.208238507055075184e-01 1.424670004551661373e-01 1.893491124260354985e-01 1.473600364132908458e-01 0.000000000000000000e+00
3.550000000000000000e+03 1.419986035706219951e-01 5.170687300864815761e-01 1.348429676832043622e-01 2.094902139280837572e-01 1.385980883022303045e-01 0.000000000000000000e+00
3.600000000000000000e+03 1.439985839026027836e-01 5.023896222121073674e-01 1.297223486572599005e-01 2.230314064633591165e-01 1.448566226672735602e-01 0.000000000000000000e+00
3.650000000000000000e+03 1.459985642345833501e-01 5.126308602639964018e-01 1.255120619025944517e-01 2.435138825671370189e-01 1.183431952662721831e-01 0.000000000000000000e+00
3.700000000000000000e+03 1.479985445665639165e-01 5.157032316795630011e-01 1.210741920801092358e-01 2.686618115612198210e-01 9.456076467910787264e-02 0.000000000000000000e+00
3.750000000000000000e+03 1.499985248985444830e-01 5.329995448338643582e-01 1.256258534365043145e-01 2.858443331816112876e-01 5.553026854802002588e-02 0.000000000000000000e+00
3.800000000000000000e+03 1.519985052305250495e-01 5.317478379608556738e-01 1.226672735548475224e-01 2.926718252162039402e-01 5.291306326809285671e-02 0.000000000000000000e+00
3.850000000000000000e+03 1.539984855625056159e-01 5.316340464269457833e-01 1.197086936731907164e-01 2.954028220300409791e-01 5.325443786982248656e-02 0.000000000000000000e+00
3.900000000000000000e+03 1.559984658944861824e-01 5.339098771051433712e-01 1.166363222576240338e-01 2.915339098771051463e-01 5.791989076012744875e-02 0.000000000000000000e+00
3.950000000000000000e+03 1.579984462264667489e-01 5.399408284023669014e-01 1.109467455621301751e-01 2.994993172507965373e-01 4.961310878470642088e-02 0.000000000000000000e+00
4.000000000000000000e+03 1.599984265584475374e-01 5.342512517068730427e-01 1.133363677742375980e-01 3.014337733272644537e-01 5.097860719162494031e-02 0.000000000000000000e+00
4.050000000000000000e+03 1.619984068904281038e-01 5.366408739189804100e-01 1.178880291306326766e-01 2.965407373691397175e-01 4.893035958124715423e-02 0.000000000000000000e+00
4.100000000000000000e+03 1.639983872224086703e-01 5.322030040964952358e-01 1.274465179790623681e-01 2.989303595812471404e-01 4.142011834319526964e-02 0.000000000000000000e+00
4.150000000000000000e+03 1.659983675543892367e-01 5.295857988165680874e-01 1.297223486572599005e-01 2.991579426490669213e-01 4.153390987710514626e-02 0.000000000000000000e+00
4.200000000000000000e+03 1.679983478863698032e-01 5.366408739189804100e-01 1.269913518434228616e-01 2.922166590805644337e-01 4.415111515703231543e-02 0.000000000000000000e+00
4.250000000000000000e+03 1.699983282183503697e-01 5.410787437414655843e-01 1.279016841147018746e-01 2.916477014110150368e-01 3.937187073281747662e-02 0.000000000000000000e+00
4.300000000000000000e+03 1.719983085503309361e-01 5.373236231224396420e-01 1.318843878015475701e-01 2.914201183431952558e-01 3.937187073281747662e-02 0.000000000000000000e+00
4.350000000000000000e+03 1.739982888823115026e-01 5.465407373691397730e-01 1.281292671825216278e-01 2.895994538006372299e-01 3.573054164770141095e-02 0.000000000000000000e+00
4.400000000000000000e+03 1.759982692142920691e-01 5.483614019116977989e-01 1.240327719617660418e-01 2.886891215293582169e-01 3.891670459717797015e-02 0.000000000000000000e+00
4.450000000000000000e+03 1.779982495462728576e-01 5.518889394629039602e-01 1.219845243513882627e-01 2.883477469276286009e-01 3.777878925807919702e-02 0.000000000000000000e+00
4.500000000000000000e+03 1.799982298782534240e-01 5.535958124715520956e-01 1.175466545289030468e-01 2.892580791989076139e-01 3.959945380063722986e-02 0.000000000000000000e+00
4.550000000000000000e+03 1.819982102102339905e-01 5.523441055985435222e-01 1.118570778334091881e-01 2.913063268092853653e-01 4.449248975876194528e-02 0.000000000000000000e+00
4.600000000000000000e+03 1.839981905422145569e-01 5.641784251251706905e-01 1.120846609012289552e-01 2.851615839781520001e-01 3.857532999544834029e-02 0.000000000000000000e+00
4.650000000000000000e+03 1.859981708741951234e-01 5.707783340919435622e-01 1.102639963586709154e-01 2.865270823850705750e-01 3.243058716431497512e-02 0.000000000000000000e+00
4.700000000000000000e+03 1.879981512061756899e-01 5.749886208466090665e-01 1.108329540282202985e-01 2.814064633591260578e-01 3.277196176604460498e-02 0.000000000000000000e+00
4.750000000000000000e+03 1.899981315381562563e-01 5.731679563040509295e-01 1.102639963586709154e-01 2.819754210286754548e-01 3.459262630860263782e-02 0.000000000000000000e+00
4.800000000000000000e+03 1.919981118701368228e-01 5.758989531178880794e-01 1.082157487482931224e-01 2.743513882567136797e-01 4.153390987710514626e-02 0.000000000000000000e+00
4.850000000000000000e+03 1.939980922021176113e-01 5.880746472462449193e-01 1.110605370960400518e-01 2.636549840691852498e-01 3.720983158852981393e-02 0.000000000000000000e+00
4.900000000000000000e+03 1.959980725340981778e-01 5.943331816112881194e-01 1.152708238507055144e-01 2.507965407373691225e-01 3.959945380063722986e-02 0.000000000000000000e+00
4.950000000000000000e+03 1.979980528660787442e-01 5.962676376877560358e-01 1.359808830223031284e-01 2.331588529813381772e-01 3.459262630860263782e-02 0.000000000000000000e+00
5.000000000000000000e+03 1.999980331980593107e-01 6.115157032316795860e-01 1.651115157032316816e-01 1.934456076467910846e-01 2.992717341829767910e-02 0.000000000000000000e+00
5.050000000000000000e+03 2.019980135300398771e-01 6.067364588074647402e-01 2.074419663177059503e-01 1.607874374146563423e-01 2.503413746017296368e-02 0.000000000000000000e+00
5.100000000000000000e+03 2.039979938620204436e-01 6.075329995448338627e-01 2.415794264906691025e-01 1.293809740555302568e-01 2.150659990896677115e-02 0.000000000000000000e+00
5.150000000000000000e+03 2.059979741940010101e-01 6.120846609012289274e-01 2.639963586709148657e-01 1.041192535275375503e-01 1.979972690031861493e-02 0.000000000000000000e+00
5.200000000000000000e+03 2.079979545259815765e-01 5.897815202548930547e-01 2.933545744196631722e-01 9.182976786527081992e-02 2.503413746017296368e-02 0.000000000000000000e+00
5.250000000000000000e+03 2.099979348579621430e-01 5.736231224396904915e-01 3.182749203459262488e-01 8.557123350022757813e-02 2.253072371415566766e-02 0.000000000000000000e+00
5.300000000000000000e+03 2.119979151899429315e-01 5.711197086936732337e-01 3.260127446517979144e-01 7.407828857532999800e-02 2.878925807919890598e-02 0.000000000000000000e+00
5.350000000000000000e+03 2.139978955219234980e-01 5.563268092853891345e-01 3.336367774237596895e-01 6.770596267637687959e-02 4.233045061447428259e-02 0.000000000000000000e+00
5.400000000000000000e+03 2.159978758539040644e-01 5.472234865725990050e-01 3.293126991351843502e-01 7.077833409194356218e-02 5.268548020027309653e-02 0.000000000000000000e+00
5.450000000000000000e+03 2.179978561858846309e-01 5.493855257168867023e-01 3.112198452435138707e-01 7.885753299954482987e-02 6.053709604005461792e-02 0.000000000000000000e+00
5.500000000000000000e+03 2.199978365178651973e-01 5.383477469276285454e-01 3.042785616750113831e-01 9.945380063723259501e-02 5.791989076012744875e-02 0.000000000000000000e+00
5.550000000000000000e+03 2.219978168498457638e-01 5.394856622667273394e-01 2.914201183431952558e-01 1.157259899863450209e-01 5.336822940373236318e-02 0.000000000000000000e+00
5.600000000000000000e+03 2.239977971818263303e-01 5.399408284023669014e-01 2.717341829767865313e-01 1.545289030496131144e-01 3.379608557123350149e-02 0.000000000000000000e+00
5.650000000000000000e+03 2.259977775138068967e-01 5.307237141556667703e-01 2.534137460172963263e-01 1.858215748748293095e-01 3.004096495220755572e-02 0.000000000000000000e+00
5.700000000000000000e+03 2.279977578457876852e-01 5.326581702321346867e-01 2.346381429221665871e-01 2.043695949021392677e-01 2.833409194355939950e-02 0.000000000000000000e+00
5.750000000000000000e+03 2.299977381777682517e-01 5.230996813837051063e-01 2.361174328629949970e-01 2.188211197086936677e-01 2.196176604460628110e-02 0.000000000000000000e+00
5.800000000000000000e+03 2.319977185097488181e-01 5.168411470186617951e-01 2.403277196176604458e-01 2.282658170232134687e-01 1.456531634046426965e-02 0.000000000000000000e+00
5.850000000000000000e+03 2.339976988417293846e-01 5.069412835685025431e-01 2.452207555757851543e-01 2.355484751934456000e-01 1.228948566226672687e-02 0.000000000000000000e+00
5.900000000000000000e+03 2.359976791737099511e-01 5.097860719162494725e-01 2.405553026854801990e-01 2.349795175238962308e-01 1.467910787437414627e-02 0.000000000000000000e+00
5.950000000000000000e+03 2.379976595056905175e-01 5.063723258989530907e-01 2.366863905325443662e-01 2.431725079654073751e-01 1.376877560309512985e-02 0.000000000000000000e+00
6.000000000000000000e+03 2.399976398376710840e-01 5.026172052799271484e-01 2.368001820664542567e-01 2.457897132453345512e-01 1.479289940828402289e-02 0.000000000000000000e+00
6.050000000000000000e+03 2.419976201696516505e-01 5.029585798816568198e-01 2.369139736003641195e-01 2.426035502958579781e-01 1.752389622212107562e-02 0.000000000000000000e+00
6.100000000000000000e+03 2.439976005016324390e-01 5.039827036868457233e-01 2.368001820664542567e-01 2.492034592626308498e-01 1.001365498406918582e-02 0.000000000000000000e+00
6.150000000000000000e+03 2.459975808336130054e-01 4.989758761948110966e-01 2.372553482020937632e-01 2.519344560764679164e-01 1.183431952662721866e-02 0.000000000000000000e+00
6.200000000000000000e+03 2.479975611655935719e-01 5.009103322712790130e-01 2.394173873463814328e-01 2.509103322712790130e-01 8.761948111060537808e-03 0.000000000000000000e+00
6.250000000000000000e+03 2.499975414975741383e-01 4.929449248975876219e-01 2.401001365498406925e-01 2.543240782885753393e-01 1.263086026399635846e-02 0.000000000000000000e+00
6.300000000000000000e+03 2.519975218295547048e-01 4.978379608557123581e-01 2.429449248975876219e-01 2.489758761948110966e-01 1.024123805188893906e-02 0.000000000000000000e+00
6.350000000000000000e+03 2.539975021615352713e-01 4.988620846609012061e-01 2.431725079654073751e-01 2.474965862539827144e-01 1.046882111970869403e-02 0.000000000000000000e+00
6.400000000000000000e+03 2.559974824935158377e-01 5.044378698224851743e-01 2.394173873463814328e-01 2.480655439235320836e-01 8.079198907601274626e-03 0.000000000000000000e+00
6.450000000000000000e+03 2.579974628254964042e-01 4.972690031861629611e-01 2.414656349567592120e-01 2.505689576695493970e-01 1.069640418752844727e-02 0.000000000000000000e+00
6.500000000000000000e+03 2.599974431574769707e-01 4.948793809740555383e-01 2.402139280837505553e-01 2.534137460172963263e-01 1.149294492489758707e-02 0.000000000000000000e+00
6.550000000000000000e+03 2.619974234894577592e-01 4.939690487027765253e-01 2.410104688211197055e-01 2.493172507965407403e-01 1.570323167956303931e-02 0.000000000000000000e+00
6.600000000000000000e+03 2.639974038214383256e-01 4.962448793809740577e-01 2.403277196176604458e-01 2.490896677287209870e-01 1.433773327264451468e-02 0.000000000000000000e+00
6.650000000000000000e+03 2.659973841534188921e-01 4.994310423304506030e-01 2.340691852526172179e-01 2.545516613563950648e-01 1.194811106053709528e-02 0.000000000000000000e+00
6.700000000000000000e+03 2.679973644853994585e-01 4.986345015930814806e-01 2.365725989986345035e-01 2.487482931269913433e-01 1.604460628129267263e-02 0.000000000000000000e+00
6.750000000000000000e+03 2.699973448173800250e-01 4.965862539827036737e-01 2.380518889394629134e-01 2.495448338643604935e-01 1.581702321347291593e-02 0.000000000000000000e+00
6.800000000000000000e+03 2.719973251493605915e-01 4.968138370505234547e-01 2.365725989986345035e-01 2.507965407373691225e-01 1.581702321347291593e-02 0.000000000000000000e+00
6.850000000000000000e+03 2.739973054813411579e-01 4.944242148384160318e-01 2.348657259899863403e-01 2.509103322712790130e-01 1.979972690031861493e-02 0.000000000000000000e+00
6.900000000000000000e+03 2.759972858133217244e-01 5.042102867546655043e-01 2.265589440145653055e-01 2.488620846609012338e-01 2.036868456986800149e-02 0.000000000000000000e+00
6.950000000000000000e+03 2.779972661453025129e-01 5.072826581702321036e-01 2.246244879380974169e-01 2.494310423304506030e-01 1.866181156121984527e-02 0.000000000000000000e+00
7.000000000000000000e+03 2.799972464772830794e-01 5.073964497041419941e-01 2.264451524806554428e-01 2.451069640418752915e-01 2.105143377332726468e-02 0.000000000000000000e+00
7.050000000000000000e+03 2.819972268092636458e-01 5.075102412380518846e-01 2.255348202093764298e-01 2.474965862539827144e-01 1.945835229858898507e-02 0.000000000000000000e+00
7.100000000000000000e+03 2.839972071412442123e-01 5.102412380518889234e-01 2.182521620391442985e-01 2.477241693218024676e-01 2.378243058716431393e-02 0.000000000000000000e+00
7.150000000000000000e+03 2.859971874732247787e-01 5.144515248065544277e-01 2.101729631315430169e-01 2.498862084660901095e-01 2.548930359581247015e-02 0.000000000000000000e+00
7.200000000000000000e+03 2.879971678052053452e-01 5.135411925352754148e-01 2.063040509786071841e-01 2.472690031861629611e-01 3.288575329995448160e-02 0.000000000000000000e+00
7.250000000000000000e+03 2.899971481371859117e-01 5.200273099681383959e-01 2.042558033682294050e-01 2.511379153390987939e-01 2.457897132453345374e-02 0.000000000000000000e+00
7.300000000000000000e+03 2.919971284691664781e-01 5.136549840691853053e-01 2.034592626308602548e-01 2.554619936276740777e-01 2.742375967228038308e-02 0.000000000000000000e+00
7.350000000000000000e+03 2.939971088011470446e-01 5.191169776968593830e-01 2.008420573509330787e-01 2.500000000000000000e-01 3.004096495220755572e-02 0.000000000000000000e+00
7.400000000000000000e+03 2.959970891331278331e-01 5.261720527992717056e-01 1.939007737824305910e-01 2.487482931269913433e-01 3.117888029130632538e-02 0.000000000000000000e+00
7.450000000000000000e+03 2.979970694651083996e-01 5.203686845698679564e-01 1.855939918070095562e-01 2.576240327719617751e-01 3.641329085116067066e-02 0.000000000000000000e+00
7.500000000000000000e+03 2.999970497970889660e-01 5.243513882567136797e-01 1.824078288575330109e-01 2.579654073736913911e-01 3.527537551206190447e-02 0.000000000000000000e+00
7.550000000000000000e+03 3.019970301290695325e-01 5.180928538916704795e-01 1.809285389167046010e-01 2.563723258989530907e-01 4.460628129267182190e-02 0.000000000000000000e+00
7.600000000000000000e+03 3.039970104610500989e-01 5.304961310878471004e-01 1.620391442876649990e-01 2.675238962221210826e-01 3.994082840236686666e-02 0.000000000000000000e+00
7.650000000000000000e+03 3.059969907930306654e-01 5.367546654528903005e-01 1.395084205735093175e-01 2.786754665452890189e-01 4.506144742831133532e-02 0.000000000000000000e+00
7.700000000000000000e+03 3.079969711250112319e-01 5.415339098771051463e-01 1.170914883932635403e-01 2.972234865725990050e-01 4.415111515703231543e-02 0.000000000000000000e+00
7.750000000000000000e+03 3.099969514569917983e-01 5.352753755120619461e-01 1.059399180700955900e-01 3.179335457441966328e-01 4.085116067364587961e-02 0.000000000000000000e+00
7.800000000000000000e+03 3.119969317889725868e-01 5.256030951297223641e-01 9.387801547564861293e-02 3.370505234410559603e-01 4.346836595357305572e-02 0.000000000000000000e+00
7.850000000000000000e+03 3.139969121209531533e-01 5.224169321802457633e-01 8.852981338188438409e-02 3.411470186618115741e-01 4.790623577605826466e-02 0.000000000000000000e+00
7.900000000000000000e+03 3.159968924529337198e-01 5.037551206190259423e-01 8.045061447428311641e-02 3.689121529358215801e-01 4.688211197086936816e-02 0.000000000000000000e+00
7.950000000000000000e+03 3.179968727849142862e-01 4.918070095584888279e-01 6.258534365043240399e-02 4.041875284478834707e-01 4.142011834319526964e-02 0.000000000000000000e+00
8.000000000000000000e+03 3.199968531168948527e-01 4.558488848429677054e-01 4.472007282658170546e-02 4.634729176149294250e-01 3.595812471552116418e-02 0.000000000000000000e+00
8.050000000000000000e+03 3.219968334488754191e-01 4.078288575329995225e-01 3.595812471552116418e-02 5.224169321802457633e-01 3.379608557123350149e-02 0.000000000000000000e+00
8.100000000000000000e+03 3.239968137808559856e-01 3.705052344105598805e-01 2.696859353664087314e-02 5.758989531178880794e-01 2.662721893491124328e-02 0.000000000000000000e+00
8.150000000000000000e+03 3.259967941128365521e-01 3.443331816112881194e-01 2.401001365498407064e-02 6.162949476558944317e-01 1.536185707783340945e-02 0.000000000000000000e+00
8.200000000000000000e+03 3.279967744448173406e-01 3.282885753299954468e-01 1.786527082385070547e-02 6.423532089212562468e-01 1.149294492489758707e-02 0.000000000000000000e+00
8.250000000000000000e+03 3.299967547767979070e-01 3.216886663632225751e-01 1.832043695949021542e-02 6.516841147018661573e-01 8.306781975421027864e-03 0.000000000000000000e+00
8.300000000000000000e+03 3.319967351087784735e-01 3.131543013199817871e-01 2.105143377332726468e-02 6.553254437869822091e-01 1.046882111970869403e-02 0.000000000000000000e+00
8.350000000000000000e+03 3.339967154407590400e-01 3.130405097860718966e-01 1.957214383249886169e-02 6.563495675921711126e-01 1.103777878925807886e-02 0.000000000000000000e+00
8.400000000000000000e+03 3.359966957727396064e-01 3.149749658625398130e-01 1.820664542558033533e-02 6.568047337278106745e-01 1.001365498406918582e-02 0.000000000000000000e+00
8.450000000000000000e+03 3.379966761047201729e-01 3.050751024123805055e-01 1.786527082385070547e-02 6.671597633136094885e-01 9.899863450159307465e-03 0.000000000000000000e+00
8.500000000000000000e+03 3.399966564367007393e-01 3.007510241238051663e-01 1.775147928994082885e-02 6.726217569412835662e-01 8.875739644970414427e-03 0.000000000000000000e+00
8.550000000000000000e+03 3.419966367686813058e-01 3.018889394629039602e-01 1.615839781520254925e-02 6.747837960855712636e-01 7.168866636322257339e-03 0.000000000000000000e+00
8.600000000000000000e+03 3.439966171006618723e-01 3.006372325898953313e-01 1.661356395084205573e-02 6.735320892125625791e-01 9.217114246700046018e-03 0.000000000000000000e+00
8.650000000000000000e+03 3.459965974326426608e-01 2.979062357760582369e-01 1.820664542558033533e-02 6.771734182976786309e-01 6.713700500682749130e-03 0.000000000000000000e+00
8.700000000000000000e+03 3.479965777646232272e-01 2.991579426490669213e-01 1.957214383249886169e-02 6.744424214838415921e-01 6.827492034592626616e-03 0.000000000000000000e+00
8.750000000000000000e+03 3.499965580966037937e-01 2.935821574874829532e-01 1.945835229858898507e-02 6.804733727810651223e-01 6.486117432862995025e-03 0.000000000000000000e+00
8.800000000000000000e+03 3.519965384285843601e-01 2.950614474283113076e-01 1.854802002730996865e-02 6.787664997724169869e-01 7.624032771961766417e-03 0.000000000000000000e+00
8.850000000000000000e+03 3.539965187605649266e-01 2.934683659535730627e-01 1.900318616294947513e-02 6.807009558488847922e-01 6.827492034592626616e-03 0.000000000000000000e+00
8.900000000000000000e+03 3.559964990925454931e-01 2.950614474283113076e-01 1.888939462903959851e-02 6.801319981793354508e-01 5.917159763313609329e-03 0.000000000000000000e+00
8.950000000000000000e+03 3.579964794245260595e-01 2.932407828857532817e-01 1.775147928994082885e-02 6.813837050523441352e-01 7.624032771961766417e-03 0.000000000000000000e+00
9.000000000000000000e+03 3.599964597565066260e-01 2.956304050978607045e-01 1.797906235776058209e-02 6.809285389167045732e-01 5.461993627674101119e-03 0.000000000000000000e+00
9.050000000000000000e+03 3.619964400884874145e-01 2.925580336822940497e-01 1.741010468821119553e-02 6.844560764679107345e-01 5.575785161583977738e-03 0.000000000000000000e+00
9.100000000000000000e+03 3.639964204204679810e-01 2.911925352753755303e-01 1.775147928994082885e-02 6.858215748748293095e-01 5.234410559854347014e-03 0.000000000000000000e+00
9.150000000000000000e+03 3.659964007524485474e-01 2.901684114701866268e-01 1.945835229858898507e-02 6.857077833409194190e-01 4.665452890304961318e-03 0.000000000000000000e+00
9.200000000000000000e+03 3.679963810844291139e-01 2.903959945380063523e-01 1.957214383249886169e-02 6.840009103322712836e-01 6.030951297223486815e-03 0.000000000000000000e+00
9.250000000000000000e+03 3.699963614164096803e-01 2.910787437414656398e-01 1.888939462903959851e-02 6.832043695949021611e-01 6.827492034592626616e-03 0.000000000000000000e+00
9.300000000000000000e+03 3.719963417483902468e-01 2.901684114701866268e-01 1.968593536640873831e-02 6.846836595357305155e-01 5.461993627674101119e-03 0.000000000000000000e+00
9.350000000000000000e+03 3.739963220803708133e-01 2.913063268092853653e-01 1.752389622212107562e-02 6.873008648156576639e-01 3.868912152935821518e-03 0.000000000000000000e+00
9.400000000000000000e+03 3.759963024123513797e-01 2.911925352753755303e-01 1.763768775603095224e-02 6.863905325443786509e-01 4.779244424214838804e-03 0.000000000000000000e+00
9.450000000000000000e+03 3.779962827443319462e-01 2.910787437414656398e-01 1.786527082385070547e-02 6.866181156121984319e-01 4.437869822485207214e-03 0.000000000000000000e+00
9.500000000000000000e+03 3.799962630763127347e-01 2.933545744196631722e-01 1.786527082385070547e-02 6.849112426035502965e-01 3.868912152935821518e-03 0.000000000000000000e+00
9.550000000000000000e+03 3.819962434082933012e-01 2.943786982248520756e-01 1.820664542558033533e-02 6.824078288575330387e-01 5.006827492034592909e-03 0.000000000000000000e+00
9.600000000000000000e+03 3.839962237402738676e-01 2.918752844788347622e-01 1.900318616294947513e-02 6.841147018661811741e-01 5.006827492034592909e-03 0.000000000000000000e+00
9.650000000000000000e+03 3.859962040722544341e-01 2.924442421483841592e-01 1.888939462903959851e-02 6.840009103322712836e-01 4.665452890304961318e-03 0.000000000000000000e+00
9.700000000000000000e+03 3.879961844042350005e-01 2.942649066909421851e-01 1.923076923076923184e-02 6.817250796540736957e-01 4.779244424214838804e-03 0.000000000000000000e+00
9.750000000000000000e+03 3.899961647362155670e-01 2.909649522075557493e-01 1.888939462903959851e-02 6.854802002730996380e-01 4.665452890304961318e-03 0.000000000000000000e+00
9.800000000000000000e+03 3.919961450681961335e-01 2.959717796995903760e-01 1.866181156121984527e-02 6.807009558488847922e-01 4.665452890304961318e-03 0.000000000000000000e+00
9.850000000000000000e+03 3.939961254001766999e-01 2.942649066909421851e-01 1.934456076467910846e-02 6.812699135184342447e-01 5.120619025944469528e-03 0.000000000000000000e+00
9.900000000000000000e+03 3.959961057321574884e-01 2.924442421483841592e-01 1.809285389167045871e-02 6.842284934000910646e-01 5.234410559854347014e-03 0.000000000000000000e+00
9.950000000000000000e+03 3.979960860641380549e-01 2.933545744196631722e-01 1.752389622212107562e-02 6.850250341374601870e-01 4.096495220755575623e-03 0.000000000000000000e+00
1.000000000000000000e+04 3.999960663961186214e-01 2.975648611743286209e-01 1.797906235776058209e-02 6.802457897132453413e-01 4.210286754665453109e-03 0.000000000000000000e+00
1.005000000000000000e+04 4.019960467280991878e-01 3.001820664542558248e-01 1.695493855257168905e-02 6.787664997724169869e-01 4.096495220755575623e-03 0.000000000000000000e+00
1.010000000000000000e+04 4.039960270600797543e-01 2.989303595812471404e-01 1.649977241693217911e-02 6.804733727810651223e-01 4.096495220755575623e-03 0.000000000000000000e+00
1.015000000000000000e+04 4.059960073920603207e-01 2.980200273099681274e-01 1.672735548475193582e-02 6.796768320436959998e-01 5.575785161583977738e-03 0.000000000000000000e+00
1.020000000000000000e+04 4.079959877240408872e-01 3.000682749203459343e-01 1.695493855257168905e-02 6.785389167045972059e-01 4.437869822485207214e-03 0.000000000000000000e+00
1.025000000000000000e+04 4.099959680560214537e-01 3.048475193445607800e-01 1.638598088302230249e-02 6.758079198907601670e-01 2.958579881656804664e-03 0.000000000000000000e+00
1.030000000000000000e+04 4.119959483880022422e-01 3.023441055985434667e-01 1.638598088302230249e-02 6.780837505689576439e-01 3.186162949476558769e-03 0.000000000000000000e+00
1.035000000000000000e+04 4.139959287199828086e-01 3.007510241238051663e-01 1.672735548475193582e-02 6.786527082385070964e-01 3.868912152935821518e-03 0.000000000000000000e+00
1.040000000000000000e+04 4.159959090519633751e-01 3.022303140646335762e-01 1.649977241693217911e-02 6.780837505689576439e-01 3.186162949476558769e-03 0.000000000000000000e+00
1.045000000000000000e+04 4.179958893839439416e-01 3.066681838871188059e-01 1.467910787437414627e-02 6.747837960855712636e-01 3.868912152935821518e-03 0.000000000000000000e+00
1.050000000000000000e+04 4.199958697159245080e-01 2.991579426490669213e-01 1.672735548475193582e-02 6.797906235776057793e-01 4.324078288575329727e-03 0.000000000000000000e+00
1.055000000000000000e+04 4.219958500479050745e-01 3.058716431497496835e-01 1.445152480655439303e-02 6.768320436959490705e-01 2.844788347746927612e-03 0.000000000000000000e+00
1.060000000000000000e+04 4.239958303798856409e-01 3.079198907601274349e-01 1.513427401001365448e-02 6.738734638142922506e-01 3.072371415566681717e-03 0.000000000000000000e+00
1.065000000000000000e+04 4.259958107118662074e-01 3.078060992262175444e-01 1.604460628129267263e-02 6.723941738734637852e-01 3.755120619025944465e-03 0.000000000000000000e+00
1.070000000000000000e+04 4.279957910438467739e-01 3.088302230314064478e-01 1.536185707783340945e-02 6.731907146108329076e-01 2.617205279927173507e-03 0.000000000000000000e+00
1.075000000000000000e+04 4.299957713758275624e-01 3.098543468365953513e-01 1.558944014565316269e-02 6.717114246700045532e-01 2.844788347746927612e-03 0.000000000000000000e+00
1.080000000000000000e+04 4.319957517078081288e-01 3.116750113791533772e-01 1.684114701866181243e-02 6.688666363222576239e-01 2.617205279927173507e-03 0.000000000000000000e+00
1.085000000000000000e+04 4.339957320397886953e-01 3.138370505234410746e-01 1.763768775603095224e-02 6.661356395084205850e-01 2.389622212107419402e-03 0.000000000000000000e+00
1.090000000000000000e+04 4.359957123717692618e-01 3.121301775147928836e-01 1.877560309512972189e-02 6.661356395084205850e-01 2.958579881656804664e-03 0.000000000000000000e+00
1.095000000000000000e+04 4.379956927037498282e-01 3.107646791078743642e-01 1.797906235776058209e-02 6.686390532544378429e-01 2.617205279927173507e-03 0.000000000000000000e+00
1.100000000000000000e+04 4.399956730357303947e-01 3.105370960400546387e-01 1.888939462903959851e-02 6.670459717796995980e-01 3.527537551206190360e-03 0.000000000000000000e+00
1.105000000000000000e+04 4.419956533677109611e-01 3.116750113791533772e-01 2.139280837505689453e-02 6.636322257624033272e-01 3.299954483386436255e-03 0.000000000000000000e+00
1.110000000000000000e+04 4.439956336996915276e-01 3.150887573964497035e-01 2.150659990896677115e-02 6.606736458807465073e-01 2.730996813837050560e-03 0.000000000000000000e+00
1.115000000000000000e+04 4.459956140316723161e-01 3.187300864815657553e-01 2.093764223941738806e-02 6.577150659990896875e-01 2.617205279927173507e-03 0.000000000000000000e+00
1.120000000000000000e+04 4.479955943636528826e-01 3.181611288120163583e-01 2.127901684114701791e-02 6.568047337278106745e-01 3.755120619025944465e-03 0.000000000000000000e+00
1.125000000000000000e+04 4.499955746956334490e-01 3.194128356850250428e-01 2.127901684114701791e-02 6.558944014565316616e-01 3.413746017296313308e-03 0.000000000000000000e+00
1.130000000000000000e+04 4.519955550276140155e-01 3.253299954483386269e-01 2.457897132453345374e-02 6.471324533454710926e-01 2.958579881656804664e-03 0.000000000000000000e+00
1.135000000000000000e+04 4.539955353595945819e-01 3.240782885753299980e-01 3.311333636777423484e-02 6.405325443786982209e-01 2.275830678197541916e-03 0.000000000000000000e+00
