# itime ezz other fcc hcp bcc ico
0.000000000000000000e+00 0.000000000000000000e+00 0.000000000000000000e+00 1.000000000000000000e+00 0.000000000000000000e+00 0.000000000000000000e+00 0.000000000000000000e+00
2.500000000000000000e+02 1.000005811461091021e-02 0.000000000000000000e+00 1.000000000000000000e+00 0.000000000000000000e+00 0.000000000000000000e+00 0.000000000000000000e+00
5.000000000000000000e+02 2.000011622922204246e-02 0.000000000000000000e+00 1.000000000000000000e+00 0.000000000000000000e+00 0.000000000000000000e+00 0.000000000000000000e+00
7.500000000000000000e+02 3.000017434383295267e-02 0.000000000000000000e+00 1.000000000000000000e+00 0.000000000000000000e+00 0.000000000000000000e+00 0.000000000000000000e+00
1.000000000000000000e+03 4.000023245844408493e-02 0.000000000000000000e+00 1.000000000000000000e+00 0.000000000000000000e+00 0.000000000000000000e+00 0.000000000000000000e+00
1.250000000000000000e+03 5.000029057305499514e-02 0.000000000000000000e+00 1.000000000000000000e+00 0.000000000000000000e+00 0.000000000000000000e+00 0.000000000000000000e+00
1.500000000000000000e+03 6.000034868766590535e-02 0.000000000000000000e+00 1.000000000000000000e+00 0.000000000000000000e+00 0.000000000000000000e+00 0.000000000000000000e+00
1.750000000000000000e+03 7.000040680227703760e-02 2.275830678197542133e-04 9.997724169321802190e-01 0.000000000000000000e+00 0.000000000000000000e+00 0.000000000000000000e+00
2.000000000000000000e+03 8.000046491688794781e-02 0.000000000000000000e+00 1.000000000000000000e+00 0.000000000000000000e+00 0.000000000000000000e+00 0.000000000000000000e+00
2.250000000000000000e+03 9.000052303149908006e-02 2.275830678197542133e-04 9.997724169321802190e-01 0.000000000000000000e+00 0.000000000000000000e+00 0.000000000000000000e+00
2.500000000000000000e+03 1.000005811461099903e-01 1.137915339098770958e-03 9.988620846609012061e-01 0.000000000000000000e+00 0.000000000000000000e+00 0.000000000000000000e+00
2.750000000000000000e+03 1.100006392607209005e-01 1.274465179790623508e-02 9.865725989986344757e-01 0.000000000000000000e+00 6.827492034592626399e-04 0.000000000000000000e+00
3.000000000000000000e+03 1.200006973753320327e-01 1.182294037323623065e-01 7.382794720072826111e-01 0.000000000000000000e+00 1.434911242603550408e-01 0.000000000000000000e+00
3.250000000000000000e+03 1.300007554899429429e-01 2.736686390532544477e-01 1.745562130177514826e-01 2.036868456986800149e-02 5.314064633591261133e-01 0.000000000000000000e+00
3.500000000000000000e+03 1.400008136045538532e-01 3.891670459717797015e-01 2.555757851615839682e-01 2.049385525716886647e-01 1.503186162949476656e-01 0.000000000000000000e+00
3.750000000000000000e+03 1.500008717191649854e-01 3.662949476558943762e-01 3.051888939462903960e-01 2.570550751024123781e-01 7.146108329540282189e-02 0.000000000000000000e+00
4.000000000000000000e+03 1.600009298337758956e-01 3.479745106964041712e-01 3.542330450614474269e-01 2.515930814747383004e-01 4.619936276741010150e-02 0.000000000000000000e+00
4.250000000000000000e+03 1.700009879483870279e-01 3.528675466545289074e-01 3.574192080109239722e-01 2.463586709148839204e-01 4.335457441966317910e-02 0.000000000000000000e+00
4.500000000000000000e+03 1.800010460629979381e-01 3.694811106053709771e-01 3.513882567137004975e-01 2.422621756941283622e-01 3.686845698680018407e-02 0.000000000000000000e+00
4.750000000000000000e+03 1.900011041776088483e-01 3.897360036413290985e-01 3.489986345015930747e-01 2.247382794720072796e-01 3.652708238507055422e-02 0.000000000000000000e+00
5.000000000000000000e+03 2.000011622922199805e-01 4.010013654984069253e-01 3.592398725534819981e-01 2.101729631315430169e-01 2.958579881656804578e-02 0.000000000000000000e+00
5.250000000000000000e+03 2.100012204068308908e-01 4.126081019572143682e-01 3.610605370960400795e-01 1.908284023668639084e-01 3.550295857988165771e-02 0.000000000000000000e+00
5.500000000000000000e+03 2.200012785214420230e-01 4.130632680928538747e-01 3.544606281292672079e-01 1.846836595357305433e-01 4.779244424214838111e-02 0.000000000000000000e+00
5.750000000000000000e+03 2.300013366360529332e-01 4.189804278561675144e-01 3.497951752389621971e-01 1.851388256713700498e-01 4.608557123350022489e-02 0.000000000000000000e+00
6.000000000000000000e+03 2.400013947506638434e-01 4.081702321347291940e-01 3.656121984524351443e-01 1.840009103322712836e-01 4.221665908056440597e-02 0.000000000000000000e+00
6.250000000000000000e+03 2.500014528652749757e-01 4.109012289485662328e-01 3.612881201638598050e-01 1.862767410104688159e-01 4.153390987710514626e-02 0.000000000000000000e+00
6.500000000000000000e+03 2.600015109798858859e-01 4.196631770596267463e-01 3.552571688666363303e-01 1.857077833409194467e-01 3.937187073281747662e-02 0.000000000000000000e+00
6.750000000000000000e+03 2.700015690944970181e-01 4.352526172052799125e-01 3.563950842057350687e-01 1.768320436959490149e-01 3.152025489303595523e-02 0.000000000000000000e+00
7.000000000000000000e+03 2.800016272091079284e-01 4.345698680018206805e-01 3.669776968593536637e-01 1.629494765589440120e-01 3.550295857988165771e-02 0.000000000000000000e+00
7.250000000000000000e+03 2.900016853237188386e-01 4.325216203914428736e-01 3.819981793354574329e-01 1.564633591260810308e-01 2.901684114701866268e-02 0.000000000000000000e+00
7.500000000000000000e+03 3.000017434383299708e-01 4.344560764679107900e-01 3.850705507510241432e-01 1.546426945835229771e-01 2.583067819754210348e-02 0.000000000000000000e+00
7.750000000000000000e+03 3.100018015529408810e-01 4.260355029585798925e-01 4.052116522530723741e-01 1.451979972690031762e-01 2.355484751934456070e-02 0.000000000000000000e+00
8.000000000000000000e+03 3.200018596675517912e-01 4.053254437869822646e-01 4.128356850250341492e-01 1.578288575329995502e-01 2.401001365498407064e-02 0.000000000000000000e+00
8.250000000000000000e+03 3.300019177821629235e-01 4.111288120163859583e-01 4.082840236686390289e-01 1.566909421939007840e-01 2.378243058716431393e-02 1.137915339098771066e-04
8.500000000000000000e+03 3.400019758967738337e-01 4.137460172963131622e-01 4.046426945835229771e-01 1.562357760582612776e-01 2.537551206190259354e-02 0.000000000000000000e+00
8.750000000000000000e+03 3.500020340113849660e-01 3.958807464724624636e-01 4.209148839326354308e-01 1.620391442876649990e-01 2.116522530723714129e-02 0.000000000000000000e+00
9.000000000000000000e+03 3.600020921259958762e-01 3.891670459717797015e-01 4.324078288575329831e-01 1.588529813381884259e-01 1.934456076467910846e-02 2.275830678197542133e-04
9.250000000000000000e+03 3.700021502406067864e-01 3.657259899863450348e-01 4.652935821574875064e-01 1.524806554392353075e-01 1.649977241693217911e-02 0.000000000000000000e+00
9.500000000000000000e+03 3.800022083552179186e-01 3.555985434683659463e-01 4.789485662266727561e-01 1.480427856167501055e-01 1.741010468821119553e-02 0.000000000000000000e+00
9.750000000000000000e+03 3.900022664698288288e-01 3.577605826126536437e-01 4.788347746927628656e-01 1.474738279472007363e-01 1.593081474738279601e-02 0.000000000000000000e+00
1.000000000000000000e+04 4.000023245844399611e-01 3.428538916704597095e-01 4.940828402366864158e-01 1.444014565316340537e-01 1.866181156121984527e-02 0.000000000000000000e+00
1.025000000000000000e+04 4.100023826990510933e-01 3.380746472462448637e-01 5.088757396449704595e-01 1.316568047337278169e-01 2.139280837505689453e-02 0.000000000000000000e+00
1.050000000000000000e+04 4.200024408136617815e-01 3.295402822030040757e-01 5.200273099681383959e-01 1.309740555302685572e-01 1.945835229858898507e-02 0.000000000000000000e+00
1.075000000000000000e+04 4.300024989282726917e-01 3.258989531178880239e-01 5.197997269003186149e-01 1.330223031406463363e-01 2.127901684114701791e-02 0.000000000000000000e+00
1.100000000000000000e+04 4.400025570428838240e-01 3.138370505234410746e-01 5.348202093764223841e-01 1.257396449704142050e-01 2.560309512972235024e-02 0.000000000000000000e+00
1.125000000000000000e+04 4.500026151574949562e-01 3.117888029130632677e-01 5.381201638598088755e-01 1.246017296313154249e-01 2.548930359581247015e-02 0.000000000000000000e+00
1.150000000000000000e+04 4.600026732721058664e-01 3.079198907601274349e-01 5.426718252162039402e-01 1.137915339098771045e-01 3.561675011379153433e-02 0.000000000000000000e+00
1.175000000000000000e+04 4.700027313867167766e-01 3.150887573964497035e-01 5.274237596722803900e-01 1.271051433773327244e-01 3.038233955393718558e-02 0.000000000000000000e+00
1.200000000000000000e+04 4.800027895013279089e-01 3.229403732362312041e-01 5.183204369594902605e-01 1.371187983614019223e-01 2.162039144287665124e-02 0.000000000000000000e+00
1.225000000000000000e+04 4.900028476159390411e-01 3.076923076923077094e-01 5.345926263086026031e-01 1.413290851160673711e-01 1.638598088302230249e-02 0.000000000000000000e+00
1.250000000000000000e+04 5.000029057305497293e-01 2.939235320892125691e-01 5.686162949476558648e-01 1.215293582157487423e-01 1.593081474738279601e-02 0.000000000000000000e+00
1.275000000000000000e+04 5.100029638451606395e-01 2.696859353664087244e-01 5.912608101957214091e-01 1.257396449704142050e-01 1.331360946745562164e-02 0.000000000000000000e+00
1.300000000000000000e+04 5.200030219597717718e-01 2.486345015930814806e-01 6.099226217569412301e-01 1.275603095129722309e-01 1.388256713700500647e-02 0.000000000000000000e+00
1.325000000000000000e+04 5.300030800743829040e-01 2.273554847519344557e-01 6.321119708693673234e-01 1.329085116067364458e-01 7.624032771961766417e-03 0.000000000000000000e+00
1.350000000000000000e+04 5.400031381889938142e-01 2.123350022758306865e-01 6.465634956759217511e-01 1.365498406918525254e-01 4.551661356395083832e-03 0.000000000000000000e+00
1.375000000000000000e+04 5.500031963036047244e-01 1.985662266727355463e-01 6.656804733727810230e-01 1.317705962676376796e-01 3.982703686845699004e-03 0.000000000000000000e+00
1.400000000000000000e+04 5.600032544182158567e-01 1.935593991807009473e-01 6.620391442876649712e-01 1.391670459717797015e-01 5.234410559854347014e-03 0.000000000000000000e+00
1.425000000000000000e+04 5.700033125328269890e-01 1.882111970869367323e-01 6.678425125170687204e-01 1.387118798361401950e-01 5.234410559854347014e-03 0.000000000000000000e+00
1.450000000000000000e+04 5.800033706474378992e-01 1.904870277651342647e-01 6.594219390077378229e-01 1.436049157942649035e-01 6.486117432862995025e-03 0.000000000000000000e+00
1.475000000000000000e+04 5.900034287620485873e-01 1.898042785616750050e-01 6.623805188893946427e-01 1.442876649977241632e-01 3.527537551206190360e-03 0.000000000000000000e+00
1.500000000000000000e+04 6.000034868766597196e-01 1.924214838416021811e-01 6.659080564406008040e-01 1.379153390987710448e-01 3.755120619025944465e-03 0.000000000000000000e+00
1.525000000000000000e+04 6.100035449912708518e-01 1.957214383249886169e-01 6.615839781520255203e-01 1.376877560309512916e-01 5.006827492034592909e-03 0.000000000000000000e+00
1.550000000000000000e+04 6.200036031058817620e-01 2.088074647246244975e-01 6.399635867091488795e-01 1.432635411925352875e-01 7.965407373691398007e-03 0.000000000000000000e+00
1.575000000000000000e+04 6.300036612204926723e-01 2.354346836595357373e-01 5.857988165680473314e-01 1.715976331360946627e-01 7.168866636322257339e-03 0.000000000000000000e+00
1.600000000000000000e+04 6.400037193351038045e-01 2.119936276741010428e-01 6.512289485662267063e-01 1.260810195721438209e-01 1.069640418752844727e-02 0.000000000000000000e+00
1.625000000000000000e+04 6.500037774497149368e-01 2.041420118343195145e-01 6.583978152025489194e-01 1.326809285389166926e-01 4.779244424214838804e-03 0.000000000000000000e+00
1.650000000000000000e+04 6.600038355643258470e-01 1.981110605370960398e-01 6.603322712790168358e-01 1.373463814292216756e-01 4.210286754665453109e-03 0.000000000000000000e+00
1.675000000000000000e+04 6.700038936789365351e-01 1.935593991807009473e-01 6.637460172963131066e-01 1.379153390987710448e-01 4.779244424214838804e-03 0.000000000000000000e+00
1.700000000000000000e+04 6.800039517935478894e-01 1.950386891215293572e-01 6.597633136094674944e-01 1.408739189804278646e-01 4.324078288575329727e-03 0.000000000000000000e+00
1.725000000000000000e+04 6.900040099081590217e-01 1.937869822485207005e-01 6.500910332271279124e-01 1.502048247610377751e-01 5.917159763313609329e-03 0.000000000000000000e+00
1.750000000000000000e+04 7.000040680227697099e-01 1.940145653163404538e-01 6.465634956759217511e-01 1.513427401001365413e-01 8.079198907601274626e-03 0.000000000000000000e+00
1.775000000000000000e+04 7.100041261373806201e-01 2.072143832498861971e-01 6.297223486572598450e-01 1.573736913973600438e-01 5.689576695493855224e-03 0.000000000000000000e+00
1.800000000000000000e+04 7.200041842519917523e-01 2.288347746927628656e-01 5.996813837050523066e-01 1.637460172963131622e-01 7.737824305871643035e-03 0.000000000000000000e+00
1.825000000000000000e+04 7.300042423666028846e-01 2.381656804733727761e-01 6.132225762403277214e-01 1.413290851160673711e-01 7.282658170232134826e-03 0.000000000000000000e+00
1.850000000000000000e+04 7.400043004812137948e-01 2.273554847519344557e-01 6.317705962676376519e-01 1.338188438780154865e-01 7.055075102412380721e-03 0.000000000000000000e+00
1.875000000000000000e+04 7.500043585958247050e-01 2.225762403277196100e-01 6.345015930814746907e-01 1.370050068274920319e-01 5.917159763313609329e-03 0.000000000000000000e+00
1.900000000000000000e+04 7.600044167104358372e-01 2.117660446062812896e-01 6.374601729631315106e-01 1.434911242603550408e-01 7.282658170232134826e-03 0.000000000000000000e+00
1.925000000000000000e+04 7.700044748250469695e-01 2.141556668183887124e-01 6.426945835229859183e-01 1.376877560309512916e-01 5.461993627674101119e-03 0.000000000000000000e+00
1.950000000000000000e+04 7.800045329396576577e-01 2.382794720072826666e-01 6.200500682749203740e-01 1.329085116067364458e-01 8.761948111060537808e-03 0.000000000000000000e+00
1.975000000000000000e+04 7.900045910542685679e-01 2.438552571688666348e-01 6.144742831133364058e-01 1.350705507510241155e-01 6.599908966772872511e-03 0.000000000000000000e+00
2.000000000000000000e+04 8.000046491688797001e-01 2.207555757851615841e-01 6.358670914883932657e-01 1.363222576240327721e-01 7.055075102412380721e-03 0.000000000000000000e+00
2.025000000000000000e+04 8.100047072834908324e-01 2.195038689121529274e-01 6.384842967683204140e-01 1.357532999544833752e-01 6.258534365043240920e-03 0.000000000000000000e+00
2.050000000000000000e+04 8.200047653981017426e-01 2.173418297678652578e-01 6.309740555302685294e-01 1.455393718707328199e-01 6.144742831133363434e-03 0.000000000000000000e+00
2.075000000000000000e+04 8.300048235127126528e-01 2.226900318616295005e-01 6.305188893946290785e-01 1.418980427856167403e-01 4.893035958124715423e-03 0.000000000000000000e+00
2.100000000000000000e+04 8.400048816273237851e-01 2.271279016841147025e-01 6.230086481565771939e-01 1.428083750568957533e-01 7.055075102412380721e-03 0.000000000000000000e+00
2.125000000000000000e+04 8.500049397419349173e-01 2.280382339553937154e-01 6.182294037323623481e-01 1.477014110150204895e-01 6.030951297223486815e-03 0.000000000000000000e+00
2.150000000000000000e+04 8.600049978565458275e-01 2.313381884387801513e-01 5.888711879836140417e-01 1.733045061447428259e-01 6.486117432862995025e-03 0.000000000000000000e+00
2.175000000000000000e+04 8.700050559711565157e-01 2.398725534820209393e-01 5.630405097860718966e-01 1.915111515703231682e-01 5.575785161583977738e-03 0.000000000000000000e+00
2.200000000000000000e+04 8.800051140857676479e-01 2.479517523896222209e-01 5.360719162494310686e-01 2.118798361401911801e-01 4.096495220755575623e-03 0.000000000000000000e+00
2.225000000000000000e+04 8.900051722003787802e-01 2.605826126536185949e-01 5.262858443331815961e-01 2.031178880291306388e-01 1.001365498406918582e-02 0.000000000000000000e+00
2.250000000000000000e+04 9.000052303149896904e-01 2.502275830678197810e-01 5.822712790168411701e-01 1.589667728720983164e-01 8.534365043240782836e-03 0.000000000000000000e+00
2.275000000000000000e+04 9.100052884296006006e-01 2.353208921256258468e-01 6.083295402822029851e-01 1.503186162949476656e-01 6.030951297223486815e-03 0.000000000000000000e+00
2.300000000000000000e+04 9.200053465442117329e-01 2.210969503868912278e-01 6.092398725534819981e-01 1.649977241693217911e-01 4.665452890304961318e-03 0.000000000000000000e+00
2.325000000000000000e+04 9.300054046588228651e-01 2.218934911242603503e-01 6.147018661811560758e-01 1.589667728720983164e-01 4.437869822485207214e-03 0.000000000000000000e+00
2.350000000000000000e+04 9.400054627734337753e-01 2.195038689121529274e-01 6.162949476558944317e-01 1.607874374146563423e-01 3.413746017296313308e-03 0.000000000000000000e+00
2.375000000000000000e+04 9.500055208880444635e-01 2.184797451069640517e-01 6.142467000455166248e-01 1.624943104233045055e-01 4.779244424214838804e-03 0.000000000000000000e+00
2.400000000000000000e+04 9.600055790026555957e-01 2.296313154301319881e-01 6.051433773327264953e-01 1.605598543468365891e-01 4.665452890304961318e-03 0.000000000000000000e+00
2.425000000000000000e+04 9.700056371172669500e-01 2.338416021847974646e-01 6.060537096040055083e-01 1.549840691852526209e-01 5.120619025944469528e-03 0.000000000000000000e+00
2.450000000000000000e+04 9.800056952318776382e-01 2.430587164314974846e-01 5.927401001365498745e-01 1.589667728720983164e-01 5.234410559854347014e-03 0.000000000000000000e+00
2.475000000000000000e+04 9.900057533464885484e-01 2.484069185252617273e-01 5.828402366863905115e-01 1.628356850250341492e-01 5.917159763313609329e-03 0.000000000000000000e+00
2.500000000000000000e+04 1.000005811461099459e+00 2.616067364588074429e-01 5.666818388711879484e-01 1.649977241693217911e-01 6.713700500682749130e-03 0.000000000000000000e+00
