# itime ezz other fcc hcp bcc ico
0.000000000000000000e+00 0.000000000000000000e+00 0.000000000000000000e+00 1.000000000000000000e+00 0.000000000000000000e+00 0.000000000000000000e+00 0.000000000000000000e+00
5.000000000000000000e+01 1.999969188298367229e-03 0.000000000000000000e+00 1.000000000000000000e+00 0.000000000000000000e+00 0.000000000000000000e+00 0.000000000000000000e+00
1.000000000000000000e+02 3.999938376596734457e-03 0.000000000000000000e+00 1.000000000000000000e+00 0.000000000000000000e+00 0.000000000000000000e+00 0.000000000000000000e+00
1.500000000000000000e+02 5.999907564895323731e-03 0.000000000000000000e+00 1.000000000000000000e+00 0.000000000000000000e+00 0.000000000000000000e+00 0.000000000000000000e+00
2.000000000000000000e+02 7.999876753193690959e-03 0.000000000000000000e+00 1.000000000000000000e+00 0.000000000000000000e+00 0.000000000000000000e+00 0.000000000000000000e+00
2.500000000000000000e+02 9.999845941492058188e-03 0.000000000000000000e+00 1.000000000000000000e+00 0.000000000000000000e+00 0.000000000000000000e+00 0.000000000000000000e+00
3.000000000000000000e+02 1.199981512979042542e-02 0.000000000000000000e+00 1.000000000000000000e+00 0.000000000000000000e+00 0.000000000000000000e+00 0.000000000000000000e+00
3.500000000000000000e+02 1.399978431808879265e-02 0.000000000000000000e+00 1.000000000000000000e+00 0.000000000000000000e+00 0.000000000000000000e+00 0.000000000000000000e+00
4.000000000000000000e+02 1.599975350638715987e-02 0.000000000000000000e+00 1.000000000000000000e+00 0.000000000000000000e+00 0.000000000000000000e+00 0.000000000000000000e+00
4.500000000000000000e+02 1.799972269468574915e-02 0.000000000000000000e+00 1.000000000000000000e+00 0.000000000000000000e+00 0.000000000000000000e+00 0.000000000000000000e+00
5.000000000000000000e+02 1.999969188298411638e-02 0.000000000000000000e+00 1.000000000000000000e+00 0.000000000000000000e+00 0.000000000000000000e+00 0.000000000000000000e+00
5.500000000000000000e+02 2.199966107128248360e-02 0.000000000000000000e+00 1.000000000000000000e+00 0.000000000000000000e+00 0.000000000000000000e+00 0.000000000000000000e+00
6.000000000000000000e+02 2.399963025958085083e-02 0.000000000000000000e+00 1.000000000000000000e+00 0.000000000000000000e+00 0.000000000000000000e+00 0.000000000000000000e+00
6.500000000000000000e+02 2.599959944787921806e-02 0.000000000000000000e+00 1.000000000000000000e+00 0.000000000000000000e+00 0.000000000000000000e+00 0.000000000000000000e+00
7.000000000000000000e+02 2.799956863617780733e-02 0.000000000000000000e+00 1.000000000000000000e+00 0.000000000000000000e+00 0.000000000000000000e+00 0.000000000000000000e+00
7.500000000000000000e+02 2.999953782447617456e-02 0.000000000000000000e+00 1.000000000000000000e+00 0.000000000000000000e+00 0.000000000000000000e+00 0.000000000000000000e+00
8.000000000000000000e+02 3.199950701277454179e-02 0.000000000000000000e+00 1.000000000000000000e+00 0.000000000000000000e+00 0.000000000000000000e+00 0.000000000000000000e+00
8.500000000000000000e+02 3.399947620107290902e-02 0.000000000000000000e+00 1.000000000000000000e+00 0.000000000000000000e+00 0.000000000000000000e+00 0.000000000000000000e+00
9.000000000000000000e+02 3.599944538937127625e-02 0.000000000000000000e+00 1.000000000000000000e+00 0.000000000000000000e+00 0.000000000000000000e+00 0.000000000000000000e+00
9.500000000000000000e+02 3.799941457766964348e-02 0.000000000000000000e+00 1.000000000000000000e+00 0.000000000000000000e+00 0.000000000000000000e+00 0.000000000000000000e+00
1.000000000000000000e+03 3.999938376596823275e-02 0.000000000000000000e+00 1.000000000000000000e+00 0.000000000000000000e+00 0.000000000000000000e+00 0.000000000000000000e+00
1.050000000000000000e+03 4.199935295426659998e-02 0.000000000000000000e+00 1.000000000000000000e+00 0.000000000000000000e+00 0.000000000000000000e+00 0.000000000000000000e+00
1.100000000000000000e+03 4.399932214256496721e-02 0.000000000000000000e+00 1.000000000000000000e+00 0.000000000000000000e+00 0.000000000000000000e+00 0.000000000000000000e+00
1.150000000000000000e+03 4.599929133086333444e-02 0.000000000000000000e+00 1.000000000000000000e+00 0.000000000000000000e+00 0.000000000000000000e+00 0.000000000000000000e+00
1.200000000000000000e+03 4.799926051916170167e-02 0.000000000000000000e+00 1.000000000000000000e+00 0.000000000000000000e+00 0.000000000000000000e+00 0.000000000000000000e+00
1.250000000000000000e+03 4.999922970746006889e-02 0.000000000000000000e+00 1.000000000000000000e+00 0.000000000000000000e+00 0.000000000000000000e+00 0.000000000000000000e+00
1.300000000000000000e+03 5.199919889575865817e-02 0.000000000000000000e+00 1.000000000000000000e+00 0.000000000000000000e+00 0.000000000000000000e+00 0.000000000000000000e+00
1.350000000000000000e+03 5.399916808405702540e-02 0.000000000000000000e+00 1.000000000000000000e+00 0.000000000000000000e+00 0.000000000000000000e+00 0.000000000000000000e+00
1.400000000000000000e+03 5.599913727235539262e-02 0.000000000000000000e+00 1.000000000000000000e+00 0.000000000000000000e+00 0.000000000000000000e+00 0.000000000000000000e+00
1.450000000000000000e+03 5.799910646065375985e-02 0.000000000000000000e+00 1.000000000000000000e+00 0.000000000000000000e+00 0.000000000000000000e+00 0.000000000000000000e+00
1.500000000000000000e+03 5.999907564895212708e-02 0.000000000000000000e+00 1.000000000000000000e+00 0.000000000000000000e+00 0.000000000000000000e+00 0.000000000000000000e+00
1.550000000000000000e+03 6.199904483725071636e-02 0.000000000000000000e+00 1.000000000000000000e+00 0.000000000000000000e+00 0.000000000000000000e+00 0.000000000000000000e+00
1.600000000000000000e+03 6.399901402554908358e-02 0.000000000000000000e+00 1.000000000000000000e+00 0.000000000000000000e+00 0.000000000000000000e+00 0.000000000000000000e+00
1.650000000000000000e+03 6.599898321384745081e-02 0.000000000000000000e+00 1.000000000000000000e+00 0.000000000000000000e+00 0.000000000000000000e+00 0.000000000000000000e+00
1.700000000000000000e+03 6.799895240214581804e-02 0.000000000000000000e+00 1.000000000000000000e+00 0.000000000000000000e+00 0.000000000000000000e+00 0.000000000000000000e+00
1.750000000000000000e+03 6.999892159044418527e-02 1.137915339098771066e-04 9.998862084660901095e-01 0.000000000000000000e+00 0.000000000000000000e+00 0.000000000000000000e+00
1.800000000000000000e+03 7.199889077874255250e-02 0.000000000000000000e+00 1.000000000000000000e+00 0.000000000000000000e+00 0.000000000000000000e+00 0.000000000000000000e+00
1.850000000000000000e+03 7.399885996704114177e-02 5.689576695493854790e-04 9.994310423304506585e-01 0.000000000000000000e+00 0.000000000000000000e+00 0.000000000000000000e+00
1.900000000000000000e+03 7.599882915533950900e-02 0.000000000000000000e+00 1.000000000000000000e+00 0.000000000000000000e+00 0.000000000000000000e+00 0.000000000000000000e+00
1.950000000000000000e+03 7.799879834363787623e-02 0.000000000000000000e+00 1.000000000000000000e+00 0.000000000000000000e+00 0.000000000000000000e+00 0.000000000000000000e+00
2.000000000000000000e+03 7.999876753193624346e-02 0.000000000000000000e+00 9.998862084660901095e-01 0.000000000000000000e+00 1.137915339098771066e-04 0.000000000000000000e+00
2.050000000000000000e+03 8.199873672023461069e-02 5.689576695493854790e-04 9.994310423304506585e-01 0.000000000000000000e+00 0.000000000000000000e+00 0.000000000000000000e+00
2.100000000000000000e+03 8.399870590853319996e-02 6.827492034592626399e-04 9.993172507965407680e-01 0.000000000000000000e+00 0.000000000000000000e+00 0.000000000000000000e+00
2.150000000000000000e+03 8.599867509683156719e-02 4.551661356395084266e-04 9.995448338643604380e-01 0.000000000000000000e+00 0.000000000000000000e+00 0.000000000000000000e+00
2.200000000000000000e+03 8.799864428512993442e-02 1.024123805188893906e-03 9.989758761948110966e-01 0.000000000000000000e+00 0.000000000000000000e+00 0.000000000000000000e+00
2.250000000000000000e+03 8.999861347342830165e-02 4.551661356395084266e-04 9.995448338643604380e-01 0.000000000000000000e+00 0.000000000000000000e+00 0.000000000000000000e+00
2.300000000000000000e+03 9.199858266172666887e-02 3.413746017296313199e-04 9.996586253982703285e-01 0.000000000000000000e+00 0.000000000000000000e+00 0.000000000000000000e+00
2.350000000000000000e+03 9.399855185002503610e-02 1.365498406918525280e-03 9.986345015930814251e-01 0.000000000000000000e+00 0.000000000000000000e+00 0.000000000000000000e+00
2.400000000000000000e+03 9.599852103832362538e-02 1.365498406918525280e-03 9.986345015930814251e-01 0.000000000000000000e+00 0.000000000000000000e+00 0.000000000000000000e+00
2.450000000000000000e+03 9.799849022662199260e-02 2.730996813837050560e-03 9.971552116522530707e-01 0.000000000000000000e+00 1.137915339098771066e-04 0.000000000000000000e+00
2.500000000000000000e+03 9.999845941492035983e-02 2.730996813837050560e-03 9.971552116522530707e-01 0.000000000000000000e+00 1.137915339098771066e-04 0.000000000000000000e+00
2.550000000000000000e+03 1.019984286032187271e-01 2.844788347746927612e-03 9.969276285844332897e-01 0.000000000000000000e+00 2.275830678197542133e-04 0.000000000000000000e+00
2.600000000000000000e+03 1.039983977915170943e-01 4.210286754665453109e-03 9.956759217114247162e-01 0.000000000000000000e+00 1.137915339098771066e-04 0.000000000000000000e+00
2.650000000000000000e+03 1.059983669798154615e-01 6.486117432862995025e-03 9.931725079654073474e-01 0.000000000000000000e+00 3.413746017296313199e-04 0.000000000000000000e+00
2.700000000000000000e+03 1.079983361681140508e-01 5.461993627674101119e-03 9.939690487027764698e-01 0.000000000000000000e+00 5.689576695493854790e-04 0.000000000000000000e+00
2.750000000000000000e+03 1.099983053564124180e-01 6.486117432862995025e-03 9.930587164314974569e-01 0.000000000000000000e+00 4.551661356395084266e-04 0.000000000000000000e+00
2.800000000000000000e+03 1.119982745447107852e-01 9.330905780609922637e-03 9.896449704142011861e-01 0.000000000000000000e+00 1.024123805188893906e-03 0.000000000000000000e+00
2.850000000000000000e+03 1.139982437330091525e-01 1.513427401001365448e-02 9.840691852526172179e-01 0.000000000000000000e+00 7.965407373691396923e-04 0.000000000000000000e+00
2.900000000000000000e+03 1.159982129213075197e-01 1.536185707783340945e-02 9.824761037778789730e-01 0.000000000000000000e+00 2.162039144287664864e-03 0.000000000000000000e+00
2.950000000000000000e+03 1.179981821096061090e-01 3.197542102867546865e-02 9.577833409194356218e-01 0.000000000000000000e+00 1.024123805188893906e-02 0.000000000000000000e+00
3.000000000000000000e+03 1.199981512979044762e-01 8.727810650887574129e-02 8.502503413746017591e-01 0.000000000000000000e+00 6.247155211652252738e-02 0.000000000000000000e+00
3.050000000000000000e+03 1.219981204862028434e-01 2.165452890304961353e-01 5.005689576695493415e-01 0.000000000000000000e+00 2.828857532999544677e-01 0.000000000000000000e+00
3.100000000000000000e+03 1.239980896745012107e-01 3.746017296313154388e-01 1.818388711879836139e-01 4.551661356395084266e-04 4.431042330450614686e-01 0.000000000000000000e+00
3.150000000000000000e+03 1.259980588627995779e-01 3.680018206645425671e-01 1.571461083295402905e-01 2.275830678197542133e-04 4.746244879380974169e-01 0.000000000000000000e+00
3.200000000000000000e+03 1.279980280510979451e-01 3.549157942649067143e-01 1.998179335457442030e-01 7.965407373691396923e-04 4.444697314519799880e-01 0.000000000000000000e+00
3.250000000000000000e+03 1.299979972393965344e-01 3.755120619025944517e-01 1.903732362312244020e-01 6.372325898953117539e-03 4.277423759672280279e-01 0.000000000000000000e+00
3.300000000000000000e+03 1.319979664276949016e-01 3.692535275375511961e-01 1.776285844333181652e-01 1.752389622212107562e-02 4.355939918070095840e-01 0.000000000000000000e+00
3.350000000000000000e+03 1.339979356159932689e-01 3.525261720527992915e-01 1.866181156121984597e-01 4.278561675011378906e-02 4.180700955848885014e-01 0.000000000000000000e+00
3.400000000000000000e+03 1.359979048042916361e-01 3.505917159763313751e-01 1.900318616294947582e-01 6.213017751479289752e-02 3.972462448793809831e-01 0.000000000000000000e+00
3.450000000000000000e+03 1.379978739925900033e-01 3.452435138825671324e-01 2.012972234865725851e-01 9.330905780609922984e-02 3.601502048247610110e-01 0.000000000000000000e+00
3.500000000000000000e+03 1.399978431808885926e-01 3.496813837050523621e-01 2.375967228038234069e-01 1.310878470641784199e-01 2.816340464269458388e-01 0.000000000000000000e+00
3.550000000000000000e+03 1.419978123691869598e-01 3.611743286299499145e-01 2.718479745106964218e-01 1.657942649066909413e-01 2.011834319526627224e-01 0.000000000000000000e+00
3.600000000000000000e+03 1.439977815574853270e-01 3.825671370050068298e-01 2.791306326809285254e-01 1.774010013654984119e-01 1.609012289485662328e-01 0.000000000000000000e+00
3.650000000000000000e+03 1.459977507457836943e-01 3.799499317250796815e-01 2.957441966317705950e-01 1.822940373236231204e-01 1.420118343195266308e-01 0.000000000000000000e+00
3.700000000000000000e+03 1.479977199340820615e-01 3.768775603095129711e-01 3.101957214383249672e-01 1.994765589440145592e-01 1.134501593081474746e-01 0.000000000000000000e+00
3.750000000000000000e+03 1.499976891223804287e-01 3.786982248520709970e-01 3.265817023213473114e-01 2.152935821574874786e-01 7.942649066909421296e-02 0.000000000000000000e+00
3.800000000000000000e+03 1.519976583106790180e-01 3.867774237596722786e-01 3.240782885753299980e-01 2.144970414201183562e-01 7.464724624487938109e-02 0.000000000000000000e+00
3.850000000000000000e+03 1.539976274989773852e-01 3.855257168866636497e-01 3.326126536185707860e-01 2.183659535730541612e-01 6.349567592171143082e-02 0.000000000000000000e+00
3.900000000000000000e+03 1.559975966872757525e-01 3.797223486572599005e-01 3.437642239417387224e-01 2.175694128356850388e-01 5.894401456531633832e-02 0.000000000000000000e+00
3.950000000000000000e+03 1.579975658755741197e-01 3.756258534365043422e-01 3.495675921711424716e-01 2.137005006827492060e-01 6.110605370960400795e-02 0.000000000000000000e+00
4.000000000000000000e+03 1.599975350638724869e-01 3.724396904870277414e-01 3.603777878925807920e-01 2.123350022758306865e-01 5.484751934456076616e-02 0.000000000000000000e+00
4.050000000000000000e+03 1.619975042521708541e-01 3.600364132908511761e-01 3.728948566226672479e-01 2.135867091488393155e-01 5.348202093764223980e-02 0.000000000000000000e+00
4.100000000000000000e+03 1.639974734404694434e-01 3.520710059171597850e-01 3.840464269458352398e-01 2.206417842512516936e-01 4.324078288575330248e-02 0.000000000000000000e+00
4.150000000000000000e+03 1.659974426287678106e-01 3.578743741465634787e-01 3.939462903959945472e-01 2.107419208010923861e-01 3.743741465634956717e-02 0.000000000000000000e+00
4.200000000000000000e+03 1.679974118170661779e-01 3.406918525261720676e-01 4.032771961766044577e-01 2.205279927173418308e-01 3.550295857988165771e-02 0.000000000000000000e+00
4.250000000000000000e+03 1.699973810053645451e-01 3.454710969503869133e-01 4.000910332271279124e-01 2.259899863450159363e-01 2.844788347746927612e-02 0.000000000000000000e+00
4.300000000000000000e+03 1.719973501936629123e-01 3.439918070095585034e-01 3.992944924897587344e-01 2.263313609467455523e-01 3.038233955393718558e-02 0.000000000000000000e+00
4.350000000000000000e+03 1.739973193819615016e-01 3.396677287209831642e-01 3.959945380063722986e-01 2.348657259899863403e-01 2.947200728265816916e-02 0.000000000000000000e+00
4.400000000000000000e+03 1.759972885702598688e-01 3.356850250341374409e-01 3.961083295402821891e-01 2.374829312699135164e-01 3.072371415566681890e-02 0.000000000000000000e+00
4.450000000000000000e+03 1.779972577585582361e-01 3.320436959490213891e-01 3.981565771506599960e-01 2.430587164314974846e-01 2.674101046882111990e-02 0.000000000000000000e+00
4.500000000000000000e+03 1.799972269468566033e-01 3.258989531178880239e-01 4.025944469731451703e-01 2.438552571688666348e-01 2.765134274010013632e-02 0.000000000000000000e+00
4.550000000000000000e+03 1.819971961351549705e-01 3.337505689576695245e-01 3.984979517523896120e-01 2.414656349567592120e-01 2.628584433318160996e-02 0.000000000000000000e+00
4.600000000000000000e+03 1.839971653234533377e-01 3.306781975421028696e-01 4.044151115157032517e-01 2.394173873463814328e-01 2.548930359581247015e-02 0.000000000000000000e+00
4.650000000000000000e+03 1.859971345117519270e-01 3.353436504324078249e-01 4.043013199817933612e-01 2.287209831588529751e-01 3.163404642694583185e-02 0.000000000000000000e+00
4.700000000000000000e+03 1.879971037000502943e-01 3.249886208466090110e-01 4.106736458807464518e-01 2.333864360491579304e-01 3.095129722348657214e-02 0.000000000000000000e+00
4.750000000000000000e+03 1.899970728883486615e-01 3.245334547109695045e-01 4.126081019572143682e-01 2.295175238962221254e-01 3.334091943559399501e-02 0.000000000000000000e+00
4.800000000000000000e+03 1.919970420766470287e-01 3.131543013199817871e-01 4.210286754665452658e-01 2.312243969048702885e-01 3.459262630860263782e-02 0.000000000000000000e+00
4.850000000000000000e+03 1.939970112649453959e-01 3.117888029130632677e-01 4.316112881201638607e-01 2.287209831588529751e-01 2.787892580791988956e-02 0.000000000000000000e+00
4.900000000000000000e+03 1.959969804532439852e-01 3.096267637687756258e-01 4.380974055530268418e-01 2.273554847519344557e-01 2.492034592626308706e-02 0.000000000000000000e+00
4.950000000000000000e+03 1.979969496415423524e-01 2.981338188438780179e-01 4.551661356395084179e-01 2.248520710059171701e-01 2.184797451069640448e-02 0.000000000000000000e+00
5.000000000000000000e+03 1.999969188298407197e-01 2.891442876649977234e-01 4.683659535730541612e-01 2.238279472007282667e-01 1.866181156121984527e-02 0.000000000000000000e+00
5.050000000000000000e+03 2.019968880181390869e-01 2.810650887573964418e-01 4.828174783796085334e-01 2.191624943104233114e-01 1.695493855257168905e-02 0.000000000000000000e+00
5.100000000000000000e+03 2.039968572064374541e-01 2.709376422394174089e-01 4.946517979062357573e-01 2.166590805644059980e-01 1.775147928994082885e-02 0.000000000000000000e+00
5.150000000000000000e+03 2.059968263947358214e-01 2.614929449248976079e-01 5.037551206190259423e-01 2.199590350477924339e-01 1.479289940828402289e-02 0.000000000000000000e+00
5.200000000000000000e+03 2.079967955830344106e-01 2.571688666363222686e-01 5.095584888484296915e-01 2.171142467000455045e-01 1.615839781520254925e-02 0.000000000000000000e+00
5.250000000000000000e+03 2.099967647713327779e-01 2.486345015930814806e-01 5.157032316795630011e-01 2.229176149294492537e-01 1.274465179790623508e-02 0.000000000000000000e+00
5.300000000000000000e+03 2.119967339596311451e-01 2.421483841602184717e-01 5.187756030951297115e-01 2.275830678197542090e-01 1.149294492489758707e-02 0.000000000000000000e+00
5.350000000000000000e+03 2.139967031479295123e-01 2.406690942193900895e-01 5.150204824761037692e-01 2.294037323623122349e-01 1.490669094219390124e-02 0.000000000000000000e+00
5.400000000000000000e+03 2.159966723362278795e-01 2.385070550751024199e-01 5.184342284934000400e-01 2.288347746927628656e-01 1.422394173873463806e-02 0.000000000000000000e+00
5.450000000000000000e+03 2.179966415245264688e-01 2.366863905325443662e-01 5.146791078743740977e-01 2.363450159308147502e-01 1.228948566226672687e-02 0.000000000000000000e+00
5.500000000000000000e+03 2.199966107128248360e-01 2.365725989986345035e-01 5.114929449248976079e-01 2.374829312699135164e-01 1.445152480655439303e-02 0.000000000000000000e+00
5.550000000000000000e+03 2.219965799011232033e-01 2.365725989986345035e-01 5.094446973145198010e-01 2.414656349567592120e-01 1.251706873008648184e-02 0.000000000000000000e+00
5.600000000000000000e+03 2.239965490894215705e-01 2.394173873463814328e-01 5.005689576695493415e-01 2.480655439235320836e-01 1.194811106053709528e-02 0.000000000000000000e+00
5.650000000000000000e+03 2.259965182777199377e-01 2.342967683204369711e-01 4.961310878470641672e-01 2.567137005006827621e-01 1.285844333181611343e-02 0.000000000000000000e+00
5.700000000000000000e+03 2.279964874660183050e-01 2.325898953117888079e-01 4.869139736003641472e-01 2.690031861629494925e-01 1.149294492489758707e-02 0.000000000000000000e+00
5.750000000000000000e+03 2.299964566543168942e-01 2.344105598543468338e-01 4.845243513882567243e-01 2.667273554847519601e-01 1.433773327264451468e-02 0.000000000000000000e+00
5.800000000000000000e+03 2.319964258426152615e-01 2.381656804733727761e-01 4.817933545744196855e-01 2.667273554847519601e-01 1.331360946745562164e-02 0.000000000000000000e+00
5.850000000000000000e+03 2.339963950309136287e-01 2.419208010923987184e-01 4.827036868456986984e-01 2.619481110605371144e-01 1.342740100136549826e-02 0.000000000000000000e+00
5.900000000000000000e+03 2.359963642192119959e-01 2.424897587619481154e-01 4.822485207100591920e-01 2.638825671370050308e-01 1.137915339098771045e-02 0.000000000000000000e+00
5.950000000000000000e+03 2.379963334075103631e-01 2.337278106508875741e-01 4.872553482020937632e-01 2.688893946290396020e-01 1.012744651797906244e-02 0.000000000000000000e+00
6.000000000000000000e+03 2.399963025958087304e-01 2.330450614474283144e-01 4.903277196176604735e-01 2.666135639508420696e-01 1.001365498406918582e-02 0.000000000000000000e+00
6.050000000000000000e+03 2.419962717841073196e-01 2.340691852526172179e-01 4.894173873463814051e-01 2.657032316795630567e-01 1.081019572143832562e-02 0.000000000000000000e+00
6.100000000000000000e+03 2.439962409724056869e-01 2.294037323623122349e-01 4.883932635411925571e-01 2.713928083750569153e-01 1.081019572143832562e-02 0.000000000000000000e+00
6.150000000000000000e+03 2.459962101607040541e-01 2.356622667273554905e-01 4.827036868456986984e-01 2.709376422394174089e-01 1.069640418752844727e-02 0.000000000000000000e+00
6.200000000000000000e+03 2.479961793490024213e-01 2.363450159308147502e-01 4.795175238962220976e-01 2.726445152480655443e-01 1.149294492489758707e-02 0.000000000000000000e+00
6.250000000000000000e+03 2.499961485373007886e-01 2.401001365498406925e-01 4.743969048702776359e-01 2.759444697314519801e-01 9.558488848429677609e-03 0.000000000000000000e+00
6.300000000000000000e+03 2.519961177255993778e-01 2.395311788802912956e-01 4.664314974965862448e-01 2.859581247155211781e-01 8.079198907601274626e-03 0.000000000000000000e+00
6.350000000000000000e+03 2.539960869138977451e-01 2.432862994993172379e-01 4.619936276741010706e-01 2.844788347746927681e-01 1.024123805188893906e-02 0.000000000000000000e+00
6.400000000000000000e+03 2.559960561021961123e-01 2.411242603550295960e-01 4.625625853436504120e-01 2.868684569868001910e-01 9.444697314519799256e-03 0.000000000000000000e+00
6.450000000000000000e+03 2.579960252904944795e-01 2.437414656349567721e-01 4.572143832498862248e-01 2.898270368684570109e-01 9.217114246700046018e-03 0.000000000000000000e+00
6.500000000000000000e+03 2.599959944787928467e-01 2.449931725079654010e-01 4.560764679107874309e-01 2.893718707328175044e-01 9.558488848429677609e-03 0.000000000000000000e+00
6.550000000000000000e+03 2.619959636670912140e-01 2.459035047792444140e-01 4.536868456986800080e-01 2.911925352753755303e-01 9.217114246700046018e-03 0.000000000000000000e+00
6.600000000000000000e+03 2.639959328553898033e-01 2.441966317705962786e-01 4.557350933090578149e-01 2.913063268092853653e-01 8.761948111060537808e-03 0.000000000000000000e+00
6.650000000000000000e+03 2.659959020436881705e-01 2.441966317705962786e-01 4.591488393263541412e-01 2.872098315885298070e-01 9.444697314519799256e-03 0.000000000000000000e+00
6.700000000000000000e+03 2.679958712319865377e-01 2.424897587619481154e-01 4.621074192080109055e-01 2.877787892580792040e-01 7.624032771961766417e-03 0.000000000000000000e+00
6.750000000000000000e+03 2.699958404202849049e-01 2.416932180245789652e-01 4.594902139280837572e-01 2.906235776058261333e-01 8.192990441511151245e-03 0.000000000000000000e+00
6.800000000000000000e+03 2.719958096085832722e-01 2.421483841602184717e-01 4.566454255803368278e-01 2.903959945380063523e-01 1.081019572143832562e-02 0.000000000000000000e+00
6.850000000000000000e+03 2.739957787968818614e-01 2.488620846609012338e-01 4.531178880291306110e-01 2.903959945380063523e-01 7.624032771961766417e-03 0.000000000000000000e+00
6.900000000000000000e+03 2.759957479851802287e-01 2.476103777878925771e-01 4.600591715976331542e-01 2.835685025034137552e-01 8.761948111060537808e-03 0.000000000000000000e+00
6.950000000000000000e+03 2.779957171734785959e-01 2.461310878470641672e-01 4.635867091488393155e-01 2.832271279016841392e-01 7.055075102412380721e-03 0.000000000000000000e+00
7.000000000000000000e+03 2.799956863617769631e-01 2.476103777878925771e-01 4.606281292671824956e-01 2.816340464269458388e-01 1.012744651797906244e-02 0.000000000000000000e+00
7.050000000000000000e+03 2.819956555500753304e-01 2.510241238051889034e-01 4.592626308602639762e-01 2.801547564861174289e-01 9.558488848429677609e-03 0.000000000000000000e+00
7.100000000000000000e+03 2.839956247383736976e-01 2.526172052799271484e-01 4.564178425125170468e-01 2.802685480200273194e-01 1.069640418752844727e-02 0.000000000000000000e+00
7.150000000000000000e+03 2.859955939266722869e-01 2.542102867546654488e-01 4.578971324533454568e-01 2.760582612653618706e-01 1.183431952662721866e-02 0.000000000000000000e+00
7.200000000000000000e+03 2.879955631149706541e-01 2.560309512972234747e-01 4.548247610377788019e-01 2.785616750113791285e-01 1.058261265361857065e-02 0.000000000000000000e+00
7.250000000000000000e+03 2.899955323032690213e-01 2.579654073736913911e-01 4.509558488848429691e-01 2.801547564861174289e-01 1.092398725534820224e-02 0.000000000000000000e+00
7.300000000000000000e+03 2.919955014915673885e-01 2.646791078743741532e-01 4.441283568502503165e-01 2.806099226217569353e-01 1.058261265361857065e-02 0.000000000000000000e+00
7.350000000000000000e+03 2.939954706798657558e-01 2.655894401456531662e-01 4.398042785616750328e-01 2.833409194355939742e-01 1.126536185707783383e-02 0.000000000000000000e+00
7.400000000000000000e+03 2.959954398681641230e-01 2.695721438324988894e-01 4.335457441966317771e-01 2.849340009103322746e-01 1.194811106053709528e-02 0.000000000000000000e+00
7.450000000000000000e+03 2.979954090564627123e-01 2.732134729176149412e-01 4.253527537551206050e-01 2.847064178425124936e-01 1.672735548475193582e-02 0.000000000000000000e+00
7.500000000000000000e+03 2.999953782447610795e-01 2.771961766044606090e-01 4.228493400091033472e-01 2.827719617660446327e-01 1.718252162039144229e-02 0.000000000000000000e+00
7.550000000000000000e+03 3.019953474330594467e-01 2.763996358670914866e-01 4.206873008648156498e-01 2.827719617660446327e-01 2.014110150204824826e-02 0.000000000000000000e+00
7.600000000000000000e+03 3.039953166213578140e-01 2.859581247155211781e-01 4.167045971779699820e-01 2.789030496131087999e-01 1.843422849340009204e-02 0.000000000000000000e+00
7.650000000000000000e+03 3.059952858096561812e-01 2.869822485207100815e-01 4.172735548475193235e-01 2.803823395539372099e-01 1.536185707783340945e-02 0.000000000000000000e+00
7.700000000000000000e+03 3.079952549979547705e-01 2.873236231224396975e-01 4.153390987710514071e-01 2.825443786982248517e-01 1.479289940828402289e-02 0.000000000000000000e+00
7.750000000000000000e+03 3.099952241862531377e-01 2.949476558944014726e-01 4.126081019572143682e-01 2.827719617660446327e-01 9.672280382339554228e-03 0.000000000000000000e+00
7.800000000000000000e+03 3.119951933745515049e-01 2.831133363677742487e-01 4.160218479745106945e-01 2.898270368684570109e-01 1.103777878925807886e-02 0.000000000000000000e+00
7.850000000000000000e+03 3.139951625628498721e-01 2.847064178425124936e-01 4.131770596267637652e-01 2.939235320892125691e-01 8.192990441511151245e-03 0.000000000000000000e+00
7.900000000000000000e+03 3.159951317511482394e-01 2.868684569868001910e-01 4.121529358215748617e-01 2.886891215293582169e-01 1.228948566226672687e-02 0.000000000000000000e+00
7.950000000000000000e+03 3.179951009394466066e-01 2.886891215293582169e-01 4.135184342284933812e-01 2.822030040964952358e-01 1.558944014565316269e-02 0.000000000000000000e+00
8.000000000000000000e+03 3.199950701277451959e-01 2.901684114701866268e-01 4.145425580336822846e-01 2.819754210286754548e-01 1.331360946745562164e-02 0.000000000000000000e+00
8.050000000000000000e+03 3.219950393160435631e-01 2.964269458352298825e-01 4.173873463814292140e-01 2.738962221210741732e-01 1.228948566226672687e-02 0.000000000000000000e+00
8.100000000000000000e+03 3.239950085043419303e-01 3.001820664542558248e-01 4.120391442876649712e-01 2.725307237141556538e-01 1.524806554392353283e-02 0.000000000000000000e+00
8.150000000000000000e+03 3.259949776926402976e-01 2.954028220300409791e-01 4.122667273554847522e-01 2.763996358670914866e-01 1.593081474738279601e-02 0.000000000000000000e+00
8.200000000000000000e+03 3.279949468809386648e-01 3.006372325898953313e-01 4.094219390077378229e-01 2.738962221210741732e-01 1.604460628129267263e-02 0.000000000000000000e+00
8.250000000000000000e+03 3.299949160692372541e-01 3.033682294037323701e-01 4.090805644060082069e-01 2.709376422394174089e-01 1.661356395084205573e-02 0.000000000000000000e+00
8.300000000000000000e+03 3.319948852575356213e-01 3.070095584888484219e-01 4.082840236686390289e-01 2.641101502048247562e-01 2.059626763768775473e-02 0.000000000000000000e+00
8.350000000000000000e+03 3.339948544458339885e-01 3.114474283113336517e-01 4.160218479745106945e-01 2.572826581702321591e-01 1.524806554392353283e-02 0.000000000000000000e+00
8.400000000000000000e+03 3.359948236341323557e-01 3.137232589895311841e-01 4.149977241693217911e-01 2.555757851615839682e-01 1.570323167956303931e-02 0.000000000000000000e+00
8.450000000000000000e+03 3.379947928224307230e-01 3.148611743286299225e-01 4.187528447883477334e-01 2.506827492034592875e-01 1.570323167956303931e-02 0.000000000000000000e+00
8.500000000000000000e+03 3.399947620107290902e-01 3.204369594902139462e-01 4.210286754665452658e-01 2.449931725079654010e-01 1.354119253527537488e-02 0.000000000000000000e+00
8.550000000000000000e+03 3.419947311990276795e-01 3.162266727355484974e-01 4.214838416021847722e-01 2.472690031861629611e-01 1.502048247610377786e-02 0.000000000000000000e+00
8.600000000000000000e+03 3.439947003873260467e-01 3.192990441511151523e-01 4.213700500682749372e-01 2.430587164314974846e-01 1.627218934911242587e-02 0.000000000000000000e+00
8.650000000000000000e+03 3.459946695756244139e-01 3.115612198452434867e-01 4.293354574419663283e-01 2.431725079654073751e-01 1.593081474738279601e-02 0.000000000000000000e+00
8.700000000000000000e+03 3.479946387639227812e-01 3.165680473372781134e-01 4.214838416021847722e-01 2.480655439235320836e-01 1.388256713700500647e-02 0.000000000000000000e+00
8.750000000000000000e+03 3.499946079522211484e-01 3.082612653618570508e-01 4.215976331360946627e-01 2.525034137460173134e-01 1.763768775603095224e-02 0.000000000000000000e+00
8.800000000000000000e+03 3.519945771405195156e-01 3.059854346836595185e-01 4.237596722803823601e-01 2.550068274920345712e-01 1.524806554392353283e-02 0.000000000000000000e+00
8.850000000000000000e+03 3.539945463288181049e-01 3.123577605826126646e-01 4.222803823395539502e-01 2.439690487027765253e-01 2.139280837505689453e-02 0.000000000000000000e+00
8.900000000000000000e+03 3.559945155171164721e-01 3.122439690487027741e-01 4.246700045516613731e-01 2.476103777878925771e-01 1.547564861174328607e-02 0.000000000000000000e+00
8.950000000000000000e+03 3.579944847054148394e-01 3.037096040054619861e-01 4.386663632225762388e-01 2.380518889394629134e-01 1.957214383249886169e-02 0.000000000000000000e+00
9.000000000000000000e+03 3.599944538937132066e-01 3.065543923532089154e-01 4.387801547564861293e-01 2.342967683204369711e-01 2.036868456986800149e-02 0.000000000000000000e+00
9.050000000000000000e+03 3.619944230820115738e-01 3.105370960400546387e-01 4.458352298588985074e-01 2.276968593536640995e-01 1.593081474738279601e-02 0.000000000000000000e+00
9.100000000000000000e+03 3.639943922703101631e-01 3.030268548020027541e-01 4.519799726900318726e-01 2.278106508875739622e-01 1.718252162039144229e-02 0.000000000000000000e+00
9.150000000000000000e+03 3.659943614586085303e-01 3.006372325898953313e-01 4.638142922166590965e-01 2.214383249886208438e-01 1.411015020482476144e-02 0.000000000000000000e+00
9.200000000000000000e+03 3.679943306469068975e-01 2.975648611743286209e-01 4.700728265817022966e-01 2.142694583522985752e-01 1.809285389167045871e-02 0.000000000000000000e+00
9.250000000000000000e+03 3.699942998352052648e-01 2.886891215293582169e-01 4.800864815657714946e-01 2.146108329540282189e-01 1.661356395084205573e-02 0.000000000000000000e+00
9.300000000000000000e+03 3.719942690235036320e-01 2.927856167501137752e-01 4.855484751934456278e-01 2.044833864360491582e-01 1.718252162039144229e-02 0.000000000000000000e+00
9.350000000000000000e+03 3.739942382118019992e-01 2.952890304961310886e-01 4.875967228038233792e-01 1.968593536640873831e-01 2.025489303595812488e-02 0.000000000000000000e+00
9.400000000000000000e+03 3.759942074001005885e-01 2.903959945380063523e-01 4.972690031861629611e-01 1.886663632225762388e-01 2.366863905325443732e-02 0.000000000000000000e+00
9.450000000000000000e+03 3.779941765883989557e-01 2.898270368684570109e-01 4.979517523896221931e-01 1.943559399180700975e-01 1.786527082385070547e-02 0.000000000000000000e+00
9.500000000000000000e+03 3.799941457766973230e-01 2.847064178425124936e-01 5.025034137460172579e-01 1.957214383249886169e-01 1.706873008648156567e-02 0.000000000000000000e+00
9.550000000000000000e+03 3.819941149649956902e-01 2.848202093764223841e-01 5.017068730086481354e-01 1.981110605370960398e-01 1.536185707783340945e-02 0.000000000000000000e+00
9.600000000000000000e+03 3.839940841532940574e-01 2.829995448338643582e-01 5.039827036868457233e-01 1.968593536640873831e-01 1.615839781520254925e-02 0.000000000000000000e+00
9.650000000000000000e+03 3.859940533415926467e-01 2.741238051888939542e-01 5.062585343650432002e-01 2.016385980883022289e-01 1.797906235776058209e-02 0.000000000000000000e+00
9.700000000000000000e+03 3.879940225298910139e-01 2.704824761037779024e-01 5.060309512972235302e-01 2.056213017751479244e-01 1.786527082385070547e-02 0.000000000000000000e+00
9.750000000000000000e+03 3.899939917181893811e-01 2.727583067819754348e-01 5.034137460172962708e-01 2.028903049613108855e-01 2.093764223941738806e-02 0.000000000000000000e+00
9.800000000000000000e+03 3.919939609064877484e-01 2.721893491124260378e-01 5.042102867546655043e-01 2.047109695038689114e-01 1.888939462903959851e-02 0.000000000000000000e+00
9.850000000000000000e+03 3.939939300947861156e-01 2.674101046882111921e-01 5.122894856622667303e-01 2.010696404187528319e-01 1.923076923076923184e-02 0.000000000000000000e+00
9.900000000000000000e+03 3.959938992830844828e-01 2.702548930359581214e-01 5.152480655439235502e-01 1.952662721893491105e-01 1.923076923076923184e-02 0.000000000000000000e+00
9.950000000000000000e+03 3.979938684713830721e-01 2.644515248065543722e-01 5.227583067819754348e-01 1.954938552571688637e-01 1.729631315430131891e-02 0.000000000000000000e+00
1.000000000000000000e+04 3.999938376596814393e-01 2.598998634501593075e-01 5.357305416477013971e-01 1.921939007737824279e-01 1.217569412835685025e-02 0.000000000000000000e+00
1.005000000000000000e+04 4.019938068479798066e-01 2.630860263996358528e-01 5.332271279016841392e-01 1.886663632225762388e-01 1.502048247610377786e-02 0.000000000000000000e+00
1.010000000000000000e+04 4.039937760362781738e-01 2.639963586709148657e-01 5.307237141556667703e-01 1.901456531634046487e-01 1.513427401001365448e-02 0.000000000000000000e+00
1.015000000000000000e+04 4.059937452245765410e-01 2.595584888484296915e-01 5.349340009103322746e-01 1.903732362312244020e-01 1.513427401001365448e-02 0.000000000000000000e+00
1.020000000000000000e+04 4.079937144128749082e-01 2.604688211197087044e-01 5.316340464269457833e-01 1.939007737824305910e-01 1.399635867091488309e-02 0.000000000000000000e+00
1.025000000000000000e+04 4.099936836011734975e-01 2.642239417387346467e-01 5.290168411470186349e-01 1.927628584433318248e-01 1.399635867091488309e-02 0.000000000000000000e+00
1.030000000000000000e+04 4.119936527894718648e-01 2.655894401456531662e-01 5.303823395539372099e-01 1.910559854346836617e-01 1.297223486572599005e-02 0.000000000000000000e+00
1.035000000000000000e+04 4.139936219777702320e-01 2.596722803823395265e-01 5.308375056895766608e-01 1.952662721893491105e-01 1.422394173873463806e-02 0.000000000000000000e+00
1.040000000000000000e+04 4.159935911660685992e-01 2.600136549840691980e-01 5.270823850705507185e-01 1.982248520710059303e-01 1.467910787437414627e-02 0.000000000000000000e+00
1.045000000000000000e+04 4.179935603543669664e-01 2.635411925352753593e-01 5.229858898497952158e-01 1.990213928083750528e-01 1.445152480655439303e-02 0.000000000000000000e+00
1.050000000000000000e+04 4.199935295426655557e-01 2.670687300864815761e-01 5.179790623577605890e-01 2.008420573509330787e-01 1.411015020482476144e-02 0.000000000000000000e+00
1.055000000000000000e+04 4.219934987309639229e-01 2.716203914428766408e-01 5.126308602639964018e-01 1.997041420118343125e-01 1.604460628129267263e-02 0.000000000000000000e+00
1.060000000000000000e+04 4.239934679192622902e-01 2.735548475193445572e-01 5.109239872553481554e-01 2.005006827492034627e-01 1.502048247610377786e-02 0.000000000000000000e+00
1.065000000000000000e+04 4.259934371075606574e-01 2.741238051888939542e-01 5.060309512972235302e-01 2.048247610377788019e-01 1.502048247610377786e-02 0.000000000000000000e+00
1.070000000000000000e+04 4.279934062958590246e-01 2.817478379608557293e-01 4.977241693218024676e-01 2.069868001820664438e-01 1.354119253527537488e-02 0.000000000000000000e+00
1.075000000000000000e+04 4.299933754841573919e-01 2.775375512061902805e-01 4.984069185252616996e-01 2.104005461993627701e-01 1.365498406918525323e-02 0.000000000000000000e+00
1.080000000000000000e+04 4.319933446724559811e-01 2.779927173418297870e-01 4.951069640418752638e-01 2.137005006827492060e-01 1.319981793354574502e-02 0.000000000000000000e+00
1.085000000000000000e+04 4.339933138607543484e-01 2.746927628584433512e-01 4.986345015930814806e-01 2.144970414201183562e-01 1.217569412835685025e-02 0.000000000000000000e+00
1.090000000000000000e+04 4.359932830490527156e-01 2.811788802913063323e-01 4.926035502958580059e-01 2.129039599453800558e-01 1.331360946745562164e-02 0.000000000000000000e+00
1.095000000000000000e+04 4.379932522373510828e-01 2.806099226217569353e-01 5.018206645425580259e-01 2.030040964952207483e-01 1.456531634046426965e-02 0.000000000000000000e+00
1.100000000000000000e+04 4.399932214256494500e-01 2.803823395539372099e-01 5.018206645425580259e-01 2.034592626308602548e-01 1.433773327264451468e-02 0.000000000000000000e+00
1.105000000000000000e+04 4.419931906139480393e-01 2.763996358670914866e-01 5.027309968138370389e-01 2.078971324533454845e-01 1.297223486572599005e-02 0.000000000000000000e+00
1.110000000000000000e+04 4.439931598022464065e-01 2.727583067819754348e-01 5.079654073736914466e-01 2.057350933090578149e-01 1.354119253527537488e-02 0.000000000000000000e+00
1.115000000000000000e+04 4.459931289905447738e-01 2.667273554847519601e-01 5.134274010013655243e-01 2.074419663177059503e-01 1.240327719617660522e-02 0.000000000000000000e+00
1.120000000000000000e+04 4.479930981788431410e-01 2.735548475193445572e-01 5.095584888484296915e-01 2.044833864360491582e-01 1.240327719617660522e-02 0.000000000000000000e+00
1.125000000000000000e+04 4.499930673671415082e-01 2.688893946290396020e-01 5.121756941283568398e-01 2.076695493855257035e-01 1.126536185707783383e-02 0.000000000000000000e+00
1.130000000000000000e+04 4.519930365554398755e-01 2.635411925352753593e-01 5.127446517979061813e-01 2.116522530723714268e-01 1.206190259444697363e-02 0.000000000000000000e+00
1.135000000000000000e+04 4.539930057437384647e-01 2.702548930359581214e-01 5.128584433318160718e-01 2.048247610377788019e-01 1.206190259444697363e-02 0.000000000000000000e+00
