# itime ezz other fcc hcp bcc ico
0.000000000000000000e+00 0.000000000000000000e+00 0.000000000000000000e+00 1.000000000000000000e+00 0.000000000000000000e+00 0.000000000000000000e+00 0.000000000000000000e+00
2.500000000000000000e+02 9.999926191595065461e-03 0.000000000000000000e+00 1.000000000000000000e+00 0.000000000000000000e+00 0.000000000000000000e+00 0.000000000000000000e+00
5.000000000000000000e+02 1.999985238318990888e-02 0.000000000000000000e+00 1.000000000000000000e+00 0.000000000000000000e+00 0.000000000000000000e+00 0.000000000000000000e+00
7.500000000000000000e+02 2.999977857478497434e-02 0.000000000000000000e+00 1.000000000000000000e+00 0.000000000000000000e+00 0.000000000000000000e+00 0.000000000000000000e+00
1.000000000000000000e+03 3.999970476638003980e-02 0.000000000000000000e+00 1.000000000000000000e+00 0.000000000000000000e+00 0.000000000000000000e+00 0.000000000000000000e+00
1.250000000000000000e+03 4.999963095797488322e-02 0.000000000000000000e+00 1.000000000000000000e+00 0.000000000000000000e+00 0.000000000000000000e+00 0.000000000000000000e+00
1.500000000000000000e+03 5.999955714956994868e-02 0.000000000000000000e+00 1.000000000000000000e+00 0.000000000000000000e+00 0.000000000000000000e+00 0.000000000000000000e+00
1.750000000000000000e+03 6.999948334116501414e-02 1.137915339098771066e-04 9.998862084660901095e-01 0.000000000000000000e+00 0.000000000000000000e+00 0.000000000000000000e+00
2.000000000000000000e+03 7.999940953275985756e-02 0.000000000000000000e+00 9.998862084660901095e-01 0.000000000000000000e+00 1.137915339098771066e-04 0.000000000000000000e+00
2.250000000000000000e+03 8.999933572435492302e-02 4.551661356395084266e-04 9.995448338643604380e-01 0.000000000000000000e+00 0.000000000000000000e+00 0.000000000000000000e+00
2.500000000000000000e+03 9.999926191594998848e-02 2.730996813837050560e-03 9.971552116522530707e-01 0.000000000000000000e+00 1.137915339098771066e-04 0.000000000000000000e+00
2.750000000000000000e+03 1.099991881075448319e-01 6.486117432862995025e-03 9.930587164314974569e-01 0.000000000000000000e+00 4.551661356395084266e-04 0.000000000000000000e+00
3.000000000000000000e+03 1.199991142991398974e-01 8.727810650887574129e-02 8.502503413746017591e-01 0.000000000000000000e+00 6.247155211652252738e-02 0.000000000000000000e+00
3.250000000000000000e+03 1.299990404907349628e-01 3.755120619025944517e-01 1.903732362312244020e-01 6.372325898953117539e-03 4.277423759672280279e-01 0.000000000000000000e+00
3.500000000000000000e+03 1.399989666823300283e-01 3.496813837050523621e-01 2.375967228038234069e-01 1.310878470641784199e-01 2.816340464269458388e-01 0.000000000000000000e+00
3.750000000000000000e+03 1.499988928739248717e-01 3.786982248520709970e-01 3.265817023213473114e-01 2.152935821574874786e-01 7.942649066909421296e-02 0.000000000000000000e+00
4.000000000000000000e+03 1.599988190655199372e-01 3.724396904870277414e-01 3.603777878925807920e-01 2.123350022758306865e-01 5.484751934456076616e-02 0.000000000000000000e+00
4.250000000000000000e+03 1.699987452571150026e-01 3.454710969503869133e-01 4.000910332271279124e-01 2.259899863450159363e-01 2.844788347746927612e-02 0.000000000000000000e+00
4.500000000000000000e+03 1.799986714487098460e-01 3.258989531178880239e-01 4.025944469731451703e-01 2.438552571688666348e-01 2.765134274010013632e-02 0.000000000000000000e+00
4.750000000000000000e+03 1.899985976403049115e-01 3.245334547109695045e-01 4.126081019572143682e-01 2.295175238962221254e-01 3.334091943559399501e-02 0.000000000000000000e+00
5.000000000000000000e+03 1.999985238318999770e-01 2.891442876649977234e-01 4.683659535730541612e-01 2.238279472007282667e-01 1.866181156121984527e-02 0.000000000000000000e+00
5.250000000000000000e+03 2.099984500234948204e-01 2.486345015930814806e-01 5.157032316795630011e-01 2.229176149294492537e-01 1.274465179790623508e-02 0.000000000000000000e+00
5.500000000000000000e+03 2.199983762150898858e-01 2.365725989986345035e-01 5.114929449248976079e-01 2.374829312699135164e-01 1.445152480655439303e-02 0.000000000000000000e+00
5.750000000000000000e+03 2.299983024066849513e-01 2.344105598543468338e-01 4.845243513882567243e-01 2.667273554847519601e-01 1.433773327264451468e-02 0.000000000000000000e+00
6.000000000000000000e+03 2.399982285982797947e-01 2.330450614474283144e-01 4.903277196176604735e-01 2.666135639508420696e-01 1.001365498406918582e-02 0.000000000000000000e+00
6.250000000000000000e+03 2.499981547898748602e-01 2.401001365498406925e-01 4.743969048702776359e-01 2.759444697314519801e-01 9.558488848429677609e-03 0.000000000000000000e+00
6.500000000000000000e+03 2.599980809814699256e-01 2.449931725079654010e-01 4.560764679107874309e-01 2.893718707328175044e-01 9.558488848429677609e-03 0.000000000000000000e+00
6.750000000000000000e+03 2.699980071730647690e-01 2.416932180245789652e-01 4.594902139280837572e-01 2.906235776058261333e-01 8.192990441511151245e-03 0.000000000000000000e+00
7.000000000000000000e+03 2.799979333646598345e-01 2.476103777878925771e-01 4.606281292671824956e-01 2.816340464269458388e-01 1.012744651797906244e-02 0.000000000000000000e+00
7.250000000000000000e+03 2.899978595562549000e-01 2.579654073736913911e-01 4.509558488848429691e-01 2.801547564861174289e-01 1.092398725534820224e-02 0.000000000000000000e+00
7.500000000000000000e+03 2.999977857478497434e-01 2.771961766044606090e-01 4.228493400091033472e-01 2.827719617660446327e-01 1.718252162039144229e-02 0.000000000000000000e+00
7.750000000000000000e+03 3.099977119394448088e-01 2.949476558944014726e-01 4.126081019572143682e-01 2.827719617660446327e-01 9.672280382339554228e-03 0.000000000000000000e+00
8.000000000000000000e+03 3.199976381310398743e-01 2.901684114701866268e-01 4.145425580336822846e-01 2.819754210286754548e-01 1.331360946745562164e-02 0.000000000000000000e+00
8.250000000000000000e+03 3.299975643226347177e-01 3.033682294037323701e-01 4.090805644060082069e-01 2.709376422394174089e-01 1.661356395084205573e-02 0.000000000000000000e+00
8.500000000000000000e+03 3.399974905142297832e-01 3.204369594902139462e-01 4.210286754665452658e-01 2.449931725079654010e-01 1.354119253527537488e-02 0.000000000000000000e+00
8.750000000000000000e+03 3.499974167058248486e-01 3.082612653618570508e-01 4.215976331360946627e-01 2.525034137460173134e-01 1.763768775603095224e-02 0.000000000000000000e+00
9.000000000000000000e+03 3.599973428974199141e-01 3.065543923532089154e-01 4.387801547564861293e-01 2.342967683204369711e-01 2.036868456986800149e-02 0.000000000000000000e+00
9.250000000000000000e+03 3.699972690890147575e-01 2.886891215293582169e-01 4.800864815657714946e-01 2.146108329540282189e-01 1.661356395084205573e-02 0.000000000000000000e+00
9.500000000000000000e+03 3.799971952806098230e-01 2.847064178425124936e-01 5.025034137460172579e-01 1.957214383249886169e-01 1.706873008648156567e-02 0.000000000000000000e+00
9.750000000000000000e+03 3.899971214722048884e-01 2.727583067819754348e-01 5.034137460172962708e-01 2.028903049613108855e-01 2.093764223941738806e-02 0.000000000000000000e+00
1.000000000000000000e+04 3.999970476637997319e-01 2.598998634501593075e-01 5.357305416477013971e-01 1.921939007737824279e-01 1.217569412835685025e-02 0.000000000000000000e+00
1.025000000000000000e+04 4.099969738553947973e-01 2.642239417387346467e-01 5.290168411470186349e-01 1.927628584433318248e-01 1.399635867091488309e-02 0.000000000000000000e+00
1.050000000000000000e+04 4.199969000469898628e-01 2.670687300864815761e-01 5.179790623577605890e-01 2.008420573509330787e-01 1.411015020482476144e-02 0.000000000000000000e+00
1.075000000000000000e+04 4.299968262385847062e-01 2.775375512061902805e-01 4.984069185252616996e-01 2.104005461993627701e-01 1.365498406918525323e-02 0.000000000000000000e+00
1.100000000000000000e+04 4.399967524301797717e-01 2.803823395539372099e-01 5.018206645425580259e-01 2.034592626308602548e-01 1.433773327264451468e-02 0.000000000000000000e+00
1.125000000000000000e+04 4.499966786217748371e-01 2.688893946290396020e-01 5.121756941283568398e-01 2.076695493855257035e-01 1.126536185707783383e-02 0.000000000000000000e+00
1.150000000000000000e+04 4.599966048133696805e-01 2.695721438324988894e-01 5.103550295857988139e-01 2.102867546654528796e-01 9.786071916249430847e-03 0.000000000000000000e+00
1.175000000000000000e+04 4.699965310049647460e-01 2.657032316795630567e-01 5.205962676376877374e-01 2.026627218934911323e-01 1.103777878925807886e-02 0.000000000000000000e+00
1.200000000000000000e+04 4.799964571965598115e-01 2.624032771961766208e-01 5.218479745106964218e-01 2.073281747837960876e-01 8.420573509330906217e-03 0.000000000000000000e+00
1.225000000000000000e+04 4.899963833881546549e-01 2.465862539827036737e-01 5.315202548930360038e-01 2.135867091488393155e-01 8.306781975421027864e-03 0.000000000000000000e+00
1.250000000000000000e+04 4.999963095797497203e-01 2.500000000000000000e-01 5.417614929449249273e-01 1.994765589440145592e-01 8.761948111060537808e-03 0.000000000000000000e+00
1.275000000000000000e+04 5.099962357713447858e-01 2.573964497041419941e-01 5.334547109695039202e-01 2.005006827492034627e-01 8.648156577150659455e-03 0.000000000000000000e+00
1.300000000000000000e+04 5.199961619629396292e-01 2.644515248065543722e-01 5.192307692307692735e-01 2.043695949021392677e-01 1.194811106053709528e-02 0.000000000000000000e+00
1.325000000000000000e+04 5.299960881545346947e-01 2.655894401456531662e-01 5.101274465179790329e-01 2.139280837505689592e-01 1.035502958579881741e-02 0.000000000000000000e+00
1.350000000000000000e+04 5.399960143461297601e-01 2.735548475193445572e-01 5.138825671370049752e-01 2.020937642239417353e-01 1.046882111970869403e-02 0.000000000000000000e+00
1.375000000000000000e+04 5.499959405377246036e-01 2.738962221210741732e-01 5.492717341829768118e-01 1.644287664997724219e-01 1.240327719617660522e-02 0.000000000000000000e+00
1.400000000000000000e+04 5.599958667293196690e-01 2.503413746017296160e-01 6.048020027309968238e-01 1.341602184797451025e-01 1.069640418752844727e-02 0.000000000000000000e+00
1.425000000000000000e+04 5.699957929209147345e-01 2.257624032771961831e-01 6.396222121074192080e-01 1.260810195721438209e-01 8.534365043240782836e-03 0.000000000000000000e+00
1.450000000000000000e+04 5.799957191125097999e-01 2.170004551661356418e-01 6.655666818388711325e-01 1.129949931725079681e-01 4.437869822485207214e-03 0.000000000000000000e+00
1.475000000000000000e+04 5.899956453041046434e-01 2.053937187073281712e-01 6.960628129267182329e-01 9.296768320436959998e-02 5.575785161583977738e-03 0.000000000000000000e+00
1.500000000000000000e+04 5.999955714956997088e-01 1.972007282658170269e-01 7.323623122439690825e-01 6.645425580336822291e-02 3.982703686845699004e-03 0.000000000000000000e+00
1.525000000000000000e+04 6.099954976872947743e-01 1.728493400091033194e-01 7.870960400546199720e-01 3.698224852071006069e-02 3.072371415566681717e-03 0.000000000000000000e+00
1.550000000000000000e+04 6.199954238788896177e-01 1.680700955848884737e-01 8.060992262175694645e-01 2.298588984979517413e-02 2.844788347746927612e-03 0.000000000000000000e+00
1.575000000000000000e+04 6.299953500704846832e-01 1.662494310423304478e-01 8.054164770141101215e-01 2.469276285844333035e-02 3.641329085116067413e-03 0.000000000000000000e+00
1.600000000000000000e+04 6.399952762620797486e-01 1.664770141101502010e-01 8.008648156577150568e-01 2.856167501137915274e-02 4.096495220755575623e-03 0.000000000000000000e+00
1.625000000000000000e+04 6.499952024536745920e-01 1.751251706873008518e-01 7.718479745106964218e-01 4.881656804733727761e-02 4.210286754665453109e-03 0.000000000000000000e+00
1.650000000000000000e+04 6.599951286452696575e-01 1.861629494765589532e-01 7.071005917159762788e-01 9.706417842512517213e-02 9.672280382339554228e-03 0.000000000000000000e+00
1.675000000000000000e+04 6.699950548368647230e-01 1.944697314519799602e-01 7.045971779699590209e-01 9.615384615384615918e-02 4.779244424214838804e-03 0.000000000000000000e+00
1.700000000000000000e+04 6.799949810284595664e-01 1.883249886208466228e-01 7.094902139280837572e-01 9.842967683204369156e-02 3.755120619025944465e-03 0.000000000000000000e+00
1.725000000000000000e+04 6.899949072200546318e-01 1.891215293582157453e-01 7.060764679107874864e-01 1.007055075102412378e-01 4.096495220755575623e-03 0.000000000000000000e+00
1.750000000000000000e+04 6.999948334116496973e-01 1.820664542558033672e-01 7.216659080564405970e-01 9.353664087391898307e-02 2.730996813837050560e-03 0.000000000000000000e+00
1.775000000000000000e+04 7.099947596032445407e-01 1.819526627218935044e-01 7.210969503868912556e-01 9.274010013654984674e-02 4.210286754665453109e-03 0.000000000000000000e+00
1.800000000000000000e+04 7.199946857948396062e-01 1.866181156121984597e-01 7.427173418297678964e-01 6.736458807464724974e-02 3.299954483386436255e-03 0.000000000000000000e+00
1.825000000000000000e+04 7.299946119864346716e-01 1.843422849340008995e-01 7.518206645425580259e-01 6.030951297223486468e-02 3.527537551206190360e-03 0.000000000000000000e+00
1.850000000000000000e+04 7.399945381780295151e-01 1.891215293582157453e-01 7.290623577605825911e-01 7.669549385525717411e-02 5.120619025944469528e-03 0.000000000000000000e+00
1.875000000000000000e+04 7.499944643696245805e-01 1.913973600364132777e-01 6.696631770596267463e-01 1.316568047337278169e-01 7.282658170232134826e-03 0.000000000000000000e+00
1.900000000000000000e+04 7.599943905612196460e-01 1.824078288575330109e-01 6.655666818388711325e-01 1.449704142011834229e-01 7.055075102412380721e-03 0.000000000000000000e+00
1.925000000000000000e+04 7.699943167528144894e-01 1.822940373236231204e-01 6.717114246700045532e-01 1.420118343195266308e-01 3.982703686845699004e-03 0.000000000000000000e+00
1.950000000000000000e+04 7.799942429444095549e-01 1.788802913063268218e-01 6.746700045516613731e-01 1.408739189804278646e-01 5.575785161583977738e-03 0.000000000000000000e+00
1.975000000000000000e+04 7.899941691360046203e-01 1.764906690942193990e-01 6.735320892125625791e-01 1.447428311333636697e-01 5.234410559854347014e-03 0.000000000000000000e+00
2.000000000000000000e+04 7.999940953275996858e-01 1.822940373236231204e-01 6.607874374146563978e-01 1.511151570323167881e-01 5.803368229403732710e-03 0.000000000000000000e+00
2.025000000000000000e+04 8.099940215191945292e-01 1.902594446973145115e-01 6.372325898953118406e-01 1.656804733727810786e-01 6.827492034592626616e-03 0.000000000000000000e+00
2.050000000000000000e+04 8.199939477107895947e-01 1.814974965862539702e-01 6.560081929904415521e-01 1.576012744651797970e-01 4.893035958124715423e-03 0.000000000000000000e+00
2.075000000000000000e+04 8.299938739023846601e-01 1.932180245789713313e-01 7.102867546654528796e-01 8.989531178880291740e-02 6.599908966772872511e-03 0.000000000000000000e+00
2.100000000000000000e+04 8.399938000939795035e-01 1.890077378243058825e-01 7.389622212107419541e-01 6.725079654073737312e-02 4.779244424214838804e-03 0.000000000000000000e+00
2.125000000000000000e+04 8.499937262855745690e-01 1.968593536640873831e-01 7.081247155211651823e-01 9.137460172963131344e-02 3.641329085116067413e-03 0.000000000000000000e+00
2.150000000000000000e+04 8.599936524771696345e-01 1.918525261720528119e-01 6.915111515703231682e-01 1.126536185707783383e-01 3.982703686845699004e-03 0.000000000000000000e+00
2.175000000000000000e+04 8.699935786687644779e-01 1.893491124260354985e-01 7.008420573509330787e-01 1.041192535275375503e-01 5.689576695493855224e-03 0.000000000000000000e+00
2.200000000000000000e+04 8.799935048603595433e-01 1.931042330450614408e-01 6.968593536640873554e-01 1.034365043240782905e-01 6.599908966772872511e-03 0.000000000000000000e+00
2.225000000000000000e+04 8.899934310519546088e-01 1.894629039599453890e-01 7.322485207100591920e-01 7.271279016841146470e-02 5.575785161583977738e-03 0.000000000000000000e+00
2.250000000000000000e+04 8.999933572435494522e-01 1.927628584433318248e-01 7.401001365498406370e-01 6.247155211652252738e-02 4.665452890304961318e-03 0.000000000000000000e+00
2.275000000000000000e+04 9.099932834351445177e-01 1.933318161128811941e-01 7.387346381429221731e-01 6.326809285389166371e-02 4.665452890304961318e-03 0.000000000000000000e+00
2.300000000000000000e+04 9.199932096267395831e-01 1.906008192990441552e-01 7.332726445152480954e-01 7.146108329540282189e-02 4.665452890304961318e-03 0.000000000000000000e+00
2.325000000000000000e+04 9.299931358183344265e-01 1.894629039599453890e-01 7.356622667273554628e-01 7.146108329540282189e-02 3.413746017296313308e-03 0.000000000000000000e+00
2.350000000000000000e+04 9.399930620099294920e-01 1.946973145197997135e-01 7.294037323623122626e-01 7.271279016841146470e-02 3.186162949476558769e-03 0.000000000000000000e+00
2.375000000000000000e+04 9.499929882015245575e-01 2.035730541647701453e-01 7.177969959035047642e-01 7.339553937187073829e-02 5.234410559854347014e-03 0.000000000000000000e+00
2.400000000000000000e+04 9.599929143931194009e-01 2.068730086481565811e-01 7.075557578516158408e-01 7.988165680473373331e-02 5.689576695493855224e-03 0.000000000000000000e+00
2.425000000000000000e+04 9.699928405847144663e-01 2.203004096495220776e-01 6.742148384160218111e-01 9.717796995903504875e-02 8.306781975421027864e-03 0.000000000000000000e+00
2.450000000000000000e+04 9.799927667763095318e-01 2.457897132453345512e-01 5.776058261265362148e-01 1.669321802457897075e-01 9.672280382339554228e-03 0.000000000000000000e+00
2.475000000000000000e+04 9.899926929679043752e-01 2.371415566681839004e-01 5.716886663632225751e-01 1.845698680018206528e-01 6.599908966772872511e-03 0.000000000000000000e+00
2.500000000000000000e+04 9.999926191594994407e-01 2.302002730996813851e-01 6.145880746472462963e-01 1.512289485662266786e-01 3.982703686845699004e-03 0.000000000000000000e+00
