# itime ezz other fcc hcp bcc ico
0.000000000000000000e+00 0.000000000000000000e+00 1.137915339098771066e-04 9.998862084660901095e-01 0.000000000000000000e+00 0.000000000000000000e+00 0.000000000000000000e+00
2.500000000000000000e+01 9.999992431597437559e-04 1.593081474738279385e-03 9.984069185252617551e-01 0.000000000000000000e+00 0.000000000000000000e+00 0.000000000000000000e+00
5.000000000000000000e+01 1.999998486319487512e-03 6.827492034592626399e-04 9.993172507965407680e-01 0.000000000000000000e+00 0.000000000000000000e+00 0.000000000000000000e+00
7.500000000000000000e+01 2.999997729479231268e-03 1.137915339098770958e-03 9.988620846609012061e-01 0.000000000000000000e+00 0.000000000000000000e+00 0.000000000000000000e+00
1.000000000000000000e+02 3.999996972638752979e-03 4.551661356395084266e-04 9.995448338643604380e-01 0.000000000000000000e+00 0.000000000000000000e+00 0.000000000000000000e+00
1.250000000000000000e+02 4.999996215798496735e-03 2.275830678197541916e-03 9.977241693218024121e-01 0.000000000000000000e+00 0.000000000000000000e+00 0.000000000000000000e+00
1.500000000000000000e+02 5.999995458958240491e-03 9.103322712790168532e-04 9.990896677287209870e-01 0.000000000000000000e+00 0.000000000000000000e+00 0.000000000000000000e+00
1.750000000000000000e+02 6.999994702117984247e-03 0.000000000000000000e+00 1.000000000000000000e+00 0.000000000000000000e+00 0.000000000000000000e+00 0.000000000000000000e+00
2.000000000000000000e+02 7.999993945277728002e-03 5.689576695493854790e-04 9.994310423304506585e-01 0.000000000000000000e+00 0.000000000000000000e+00 0.000000000000000000e+00
2.250000000000000000e+02 8.999993188437471758e-03 2.275830678197542133e-04 9.997724169321802190e-01 0.000000000000000000e+00 0.000000000000000000e+00 0.000000000000000000e+00
2.500000000000000000e+02 9.999992431597215514e-03 2.048247610377787811e-03 9.979517523896221931e-01 0.000000000000000000e+00 0.000000000000000000e+00 0.000000000000000000e+00
2.750000000000000000e+02 1.099999167475695927e-02 1.024123805188893906e-03 9.989758761948110966e-01 0.000000000000000000e+00 0.000000000000000000e+00 0.000000000000000000e+00
3.000000000000000000e+02 1.199999091791648098e-02 1.365498406918525280e-03 9.985207100591716456e-01 0.000000000000000000e+00 1.137915339098771066e-04 0.000000000000000000e+00
3.250000000000000000e+02 1.299999016107622474e-02 2.730996813837050560e-03 9.972690031861629611e-01 0.000000000000000000e+00 0.000000000000000000e+00 0.000000000000000000e+00
3.500000000000000000e+02 1.399998940423596849e-02 1.934456076467910759e-03 9.980655439235320836e-01 0.000000000000000000e+00 0.000000000000000000e+00 0.000000000000000000e+00
3.750000000000000000e+02 1.499998864739571225e-02 2.275830678197541916e-03 9.976103777878926326e-01 0.000000000000000000e+00 1.137915339098771066e-04 0.000000000000000000e+00
4.000000000000000000e+02 1.599998789055545600e-02 2.503413746017296455e-03 9.974965862539827421e-01 0.000000000000000000e+00 0.000000000000000000e+00 0.000000000000000000e+00
4.250000000000000000e+02 1.699998713371519976e-02 9.103322712790168532e-04 9.989758761948110966e-01 0.000000000000000000e+00 1.137915339098771066e-04 0.000000000000000000e+00
4.500000000000000000e+02 1.799998637687494352e-02 1.365498406918525280e-03 9.986345015930814251e-01 0.000000000000000000e+00 0.000000000000000000e+00 0.000000000000000000e+00
4.750000000000000000e+02 1.899998562003468727e-02 2.162039144287664864e-03 9.977241693218024121e-01 0.000000000000000000e+00 1.137915339098771066e-04 0.000000000000000000e+00
5.000000000000000000e+02 1.999998486319420898e-02 2.503413746017296455e-03 9.974965862539827421e-01 0.000000000000000000e+00 0.000000000000000000e+00 0.000000000000000000e+00
5.250000000000000000e+02 2.099998410635395274e-02 1.820664542558033706e-03 9.981793354574419741e-01 0.000000000000000000e+00 0.000000000000000000e+00 0.000000000000000000e+00
5.500000000000000000e+02 2.199998334951369650e-02 2.617205279927173507e-03 9.973827947200728516e-01 0.000000000000000000e+00 0.000000000000000000e+00 0.000000000000000000e+00
5.750000000000000000e+02 2.299998259267344025e-02 4.096495220755575623e-03 9.959035047792443862e-01 0.000000000000000000e+00 0.000000000000000000e+00 0.000000000000000000e+00
6.000000000000000000e+02 2.399998183583318401e-02 1.934456076467910759e-03 9.980655439235320836e-01 0.000000000000000000e+00 0.000000000000000000e+00 0.000000000000000000e+00
6.250000000000000000e+02 2.499998107899292776e-02 5.917159763313609329e-03 9.938552571688666903e-01 0.000000000000000000e+00 2.275830678197542133e-04 0.000000000000000000e+00
6.500000000000000000e+02 2.599998032215267152e-02 4.551661356395083832e-03 9.954483386436049352e-01 0.000000000000000000e+00 0.000000000000000000e+00 0.000000000000000000e+00
6.750000000000000000e+02 2.699997956531241528e-02 3.641329085116067413e-03 9.963586709148839482e-01 0.000000000000000000e+00 0.000000000000000000e+00 0.000000000000000000e+00
7.000000000000000000e+02 2.799997880847193699e-02 2.617205279927173507e-03 9.973827947200728516e-01 0.000000000000000000e+00 0.000000000000000000e+00 0.000000000000000000e+00
7.250000000000000000e+02 2.899997805163168074e-02 3.527537551206190360e-03 9.963586709148839482e-01 0.000000000000000000e+00 1.137915339098771066e-04 0.000000000000000000e+00
7.500000000000000000e+02 2.999997729479142450e-02 5.689576695493855224e-03 9.941966317705962508e-01 0.000000000000000000e+00 1.137915339098771066e-04 0.000000000000000000e+00
7.750000000000000000e+02 3.099997653795116825e-02 6.372325898953117539e-03 9.936276741010469093e-01 0.000000000000000000e+00 0.000000000000000000e+00 0.000000000000000000e+00
8.000000000000000000e+02 3.199997578111091201e-02 5.120619025944469528e-03 9.946517979062358128e-01 0.000000000000000000e+00 2.275830678197542133e-04 0.000000000000000000e+00
8.250000000000000000e+02 3.299997502427065577e-02 2.389622212107419402e-03 9.974965862539827421e-01 0.000000000000000000e+00 1.137915339098771066e-04 0.000000000000000000e+00
8.500000000000000000e+02 3.399997426743039952e-02 5.234410559854347014e-03 9.946517979062358128e-01 0.000000000000000000e+00 1.137915339098771066e-04 0.000000000000000000e+00
8.750000000000000000e+02 3.499997351059014328e-02 5.575785161583977738e-03 9.940828402366863603e-01 0.000000000000000000e+00 3.413746017296313199e-04 0.000000000000000000e+00
9.000000000000000000e+02 3.599997275374966499e-02 2.844788347746927612e-03 9.971552116522530707e-01 0.000000000000000000e+00 0.000000000000000000e+00 0.000000000000000000e+00
9.250000000000000000e+02 3.699997199690940874e-02 7.624032771961766417e-03 9.918070095584888834e-01 0.000000000000000000e+00 5.689576695493854790e-04 0.000000000000000000e+00
9.500000000000000000e+02 3.799997124006915250e-02 5.120619025944469528e-03 9.946517979062358128e-01 0.000000000000000000e+00 2.275830678197542133e-04 0.000000000000000000e+00
9.750000000000000000e+02 3.899997048322889626e-02 1.092398725534820224e-02 9.883932635411925016e-01 0.000000000000000000e+00 6.827492034592626399e-04 0.000000000000000000e+00
1.000000000000000000e+03 3.999996972638864001e-02 7.965407373691398007e-03 9.912380518889394310e-01 0.000000000000000000e+00 7.965407373691396923e-04 0.000000000000000000e+00
1.025000000000000000e+03 4.099996896954838377e-02 8.989531178880291046e-03 9.898725534820209671e-01 0.000000000000000000e+00 1.137915339098770958e-03 0.000000000000000000e+00
1.050000000000000000e+03 4.199996821270812752e-02 1.422394173873463806e-02 9.856622667273554628e-01 0.000000000000000000e+00 1.137915339098771066e-04 0.000000000000000000e+00
1.075000000000000000e+03 4.299996745586764924e-02 1.012744651797906244e-02 9.895311788802912956e-01 0.000000000000000000e+00 3.413746017296313199e-04 0.000000000000000000e+00
1.100000000000000000e+03 4.399996669902739299e-02 1.331360946745562164e-02 9.861174328629950248e-01 0.000000000000000000e+00 5.689576695493854790e-04 0.000000000000000000e+00
1.125000000000000000e+03 4.499996594218713675e-02 1.103777878925807886e-02 9.880518889394629412e-01 0.000000000000000000e+00 9.103322712790168532e-04 0.000000000000000000e+00
1.150000000000000000e+03 4.599996518534688050e-02 1.376877560309512985e-02 9.856622667273554628e-01 0.000000000000000000e+00 5.689576695493854790e-04 0.000000000000000000e+00
1.175000000000000000e+03 4.699996442850662426e-02 1.263086026399635846e-02 9.868001820664542567e-01 0.000000000000000000e+00 5.689576695493854790e-04 0.000000000000000000e+00
1.200000000000000000e+03 4.799996367166636801e-02 1.206190259444697363e-02 9.878243058716431602e-01 0.000000000000000000e+00 1.137915339098771066e-04 0.000000000000000000e+00
1.225000000000000000e+03 4.899996291482611177e-02 1.103777878925807886e-02 9.886208466090122826e-01 0.000000000000000000e+00 3.413746017296313199e-04 0.000000000000000000e+00
1.250000000000000000e+03 4.999996215798585553e-02 1.035502958579881741e-02 9.895311788802912956e-01 0.000000000000000000e+00 1.137915339098771066e-04 0.000000000000000000e+00
1.275000000000000000e+03 5.099996140114537724e-02 1.888939462903959851e-02 9.799726900318616041e-01 0.000000000000000000e+00 1.137915339098770958e-03 0.000000000000000000e+00
1.300000000000000000e+03 5.199996064430512099e-02 2.309968138370505075e-02 9.757624032771962108e-01 0.000000000000000000e+00 1.137915339098770958e-03 0.000000000000000000e+00
1.325000000000000000e+03 5.299995988746486475e-02 2.150659990896677115e-02 9.773554847519344557e-01 0.000000000000000000e+00 1.137915339098770958e-03 0.000000000000000000e+00
1.350000000000000000e+03 5.399995913062460851e-02 1.399635867091488309e-02 9.847519344560764498e-01 0.000000000000000000e+00 1.251706873008648227e-03 0.000000000000000000e+00
1.375000000000000000e+03 5.499995837378435226e-02 1.741010468821119553e-02 9.815657715065999600e-01 0.000000000000000000e+00 1.024123805188893906e-03 0.000000000000000000e+00
1.400000000000000000e+03 5.599995761694409602e-02 2.264451524806554428e-02 9.767865270823851143e-01 0.000000000000000000e+00 5.689576695493854790e-04 0.000000000000000000e+00
1.425000000000000000e+03 5.699995686010383977e-02 1.934456076467910846e-02 9.797451069640418231e-01 0.000000000000000000e+00 9.103322712790168532e-04 0.000000000000000000e+00
1.450000000000000000e+03 5.799995610326358353e-02 1.706873008648156567e-02 9.820209376422394110e-01 0.000000000000000000e+00 9.103322712790168532e-04 0.000000000000000000e+00
1.475000000000000000e+03 5.899995534642310524e-02 2.344105598543468408e-02 9.747382794720073074e-01 0.000000000000000000e+00 1.820664542558033706e-03 0.000000000000000000e+00
1.500000000000000000e+03 5.999995458958284900e-02 2.901684114701866268e-02 9.693900773782430091e-01 0.000000000000000000e+00 1.593081474738279385e-03 0.000000000000000000e+00
1.525000000000000000e+03 6.099995383274259275e-02 3.880291306326809353e-02 9.581247155211651823e-01 0.000000000000000000e+00 3.072371415566681717e-03 0.000000000000000000e+00
1.550000000000000000e+03 6.199995307590233651e-02 3.538916704597178109e-02 9.627901684114701375e-01 0.000000000000000000e+00 1.820664542558033706e-03 0.000000000000000000e+00
1.575000000000000000e+03 6.299995231906208026e-02 3.595812471552116418e-02 9.623350022758306865e-01 0.000000000000000000e+00 1.706873008648156654e-03 0.000000000000000000e+00
1.600000000000000000e+03 6.399995156222182402e-02 3.470641784251251444e-02 9.623350022758306865e-01 0.000000000000000000e+00 2.958579881656804664e-03 0.000000000000000000e+00
1.625000000000000000e+03 6.499995080538156778e-02 4.176149294492489950e-02 9.550523441055985829e-01 0.000000000000000000e+00 3.186162949476558769e-03 0.000000000000000000e+00
1.650000000000000000e+03 6.599995004854131153e-02 4.107874374146563284e-02 9.568730086481566088e-01 0.000000000000000000e+00 2.048247610377787811e-03 0.000000000000000000e+00
1.675000000000000000e+03 6.699994929170083324e-02 3.823395539371871044e-02 9.585798816568047442e-01 0.000000000000000000e+00 3.186162949476558769e-03 0.000000000000000000e+00
1.700000000000000000e+03 6.799994853486057700e-02 3.857532999544834029e-02 9.591488393263540857e-01 0.000000000000000000e+00 2.275830678197541916e-03 0.000000000000000000e+00
1.725000000000000000e+03 6.899994777802032075e-02 5.052344105598543383e-02 9.464041875284479044e-01 0.000000000000000000e+00 3.072371415566681717e-03 0.000000000000000000e+00
1.750000000000000000e+03 6.999994702118006451e-02 5.644060081929904577e-02 9.400318616294948137e-01 0.000000000000000000e+00 3.527537551206190360e-03 0.000000000000000000e+00
1.775000000000000000e+03 7.099994626433980827e-02 6.861629494765589254e-02 9.278561675011378629e-01 0.000000000000000000e+00 3.527537551206190360e-03 0.000000000000000000e+00
1.800000000000000000e+03 7.199994550749955202e-02 6.599908966772871644e-02 9.272872098315885214e-01 0.000000000000000000e+00 6.713700500682749130e-03 0.000000000000000000e+00
1.825000000000000000e+03 7.299994475065929578e-02 6.292671825216203385e-02 9.322940373236231482e-01 0.000000000000000000e+00 4.779244424214838804e-03 0.000000000000000000e+00
1.850000000000000000e+03 7.399994399381881749e-02 6.668183887118799003e-02 9.279699590350477534e-01 0.000000000000000000e+00 5.348202093764223633e-03 0.000000000000000000e+00
1.875000000000000000e+03 7.499994323697856125e-02 6.258534365043240399e-02 9.332043695949021611e-01 0.000000000000000000e+00 4.210286754665453109e-03 0.000000000000000000e+00
1.900000000000000000e+03 7.599994248013830500e-02 6.781975421028675621e-02 9.256941283568502765e-01 0.000000000000000000e+00 6.486117432862995025e-03 0.000000000000000000e+00
1.925000000000000000e+03 7.699994172329804876e-02 7.703686845698680397e-02 9.163632225762403660e-01 0.000000000000000000e+00 6.599908966772872511e-03 0.000000000000000000e+00
1.950000000000000000e+03 7.799994096645779251e-02 9.091943559399180697e-02 9.014565316340463763e-01 0.000000000000000000e+00 7.624032771961766417e-03 0.000000000000000000e+00
1.975000000000000000e+03 7.899994020961753627e-02 1.011606736458807443e-01 8.891670459717796460e-01 0.000000000000000000e+00 9.672280382339554228e-03 0.000000000000000000e+00
2.000000000000000000e+03 7.999993945277728002e-02 1.001365498406918547e-01 8.881429221665908535e-01 0.000000000000000000e+00 1.172052799271734204e-02 0.000000000000000000e+00
2.025000000000000000e+03 8.099993869593702378e-02 1.173190714610832935e-01 8.702776513427401550e-01 1.137915339098771066e-04 1.228948566226672687e-02 0.000000000000000000e+00
2.050000000000000000e+03 8.199993793909654549e-02 1.045744196631770567e-01 8.822257624032772139e-01 0.000000000000000000e+00 1.319981793354574502e-02 0.000000000000000000e+00
2.075000000000000000e+03 8.299993718225628925e-02 1.177742375967228000e-01 8.675466545289030051e-01 0.000000000000000000e+00 1.467910787437414627e-02 0.000000000000000000e+00
2.100000000000000000e+03 8.399993642541603300e-02 1.339326354119253493e-01 8.504779244424214291e-01 0.000000000000000000e+00 1.558944014565316269e-02 0.000000000000000000e+00
2.125000000000000000e+03 8.499993566857577676e-02 1.403049613108784677e-01 8.416021847974510806e-01 0.000000000000000000e+00 1.809285389167045871e-02 0.000000000000000000e+00
2.150000000000000000e+03 8.599993491173552052e-02 1.470186618115612298e-01 8.314747382794720476e-01 1.137915339098771066e-04 2.139280837505689453e-02 0.000000000000000000e+00
2.175000000000000000e+03 8.699993415489526427e-02 1.675011379153391045e-01 8.090578060992261733e-01 5.689576695493854790e-04 2.287209831588529751e-02 0.000000000000000000e+00
2.200000000000000000e+03 8.799993339805500803e-02 1.838871187983613931e-01 7.916477014110150368e-01 4.551661356395084266e-04 2.401001365498407064e-02 0.000000000000000000e+00
2.225000000000000000e+03 8.899993264121475178e-02 1.804733727810650945e-01 7.860719162494310686e-01 1.251706873008648227e-03 3.220300409649522189e-02 0.000000000000000000e+00
2.250000000000000000e+03 8.999993188437427349e-02 1.942421483841602070e-01 7.662721893491124536e-01 1.706873008648156654e-03 3.777878925807919702e-02 0.000000000000000000e+00
2.275000000000000000e+03 9.099993112753401725e-02 2.172280382339553950e-01 7.403277196176604180e-01 1.251706873008648227e-03 4.119253527537550946e-02 0.000000000000000000e+00
2.300000000000000000e+03 9.199993037069376101e-02 2.325898953117888079e-01 7.179107874374146547e-01 9.103322712790168532e-04 4.858898497951752438e-02 0.000000000000000000e+00
2.325000000000000000e+03 9.299992961385350476e-02 2.494310423304506030e-01 6.876422394173873354e-01 2.162039144287664864e-03 6.076467910787437116e-02 0.000000000000000000e+00
2.350000000000000000e+03 9.399992885701324852e-02 2.651342740100136597e-01 6.675011379153390489e-01 2.503413746017296455e-03 6.486117432862995025e-02 0.000000000000000000e+00
2.375000000000000000e+03 9.499992810017299227e-02 2.860719162494310686e-01 6.358670914883932657e-01 1.934456076467910759e-03 7.612653618570777714e-02 0.000000000000000000e+00
2.400000000000000000e+03 9.599992734333273603e-02 3.005234410559854408e-01 6.210741920801092775e-01 1.024123805188893906e-03 7.737824305871643382e-02 0.000000000000000000e+00
2.425000000000000000e+03 9.699992658649247979e-02 2.975648611743286209e-01 6.096950386891215601e-01 1.593081474738279385e-03 9.114701866181156020e-02 0.000000000000000000e+00
2.450000000000000000e+03 9.799992582965200150e-02 3.068957669549385314e-01 5.920573509330905315e-01 2.389622212107419402e-03 9.865725989986344480e-02 0.000000000000000000e+00
2.475000000000000000e+03 9.899992507281174525e-02 3.223714155666818626e-01 5.649749658625398130e-01 2.162039144287664864e-03 1.104915794264906687e-01 0.000000000000000000e+00
2.500000000000000000e+03 9.999992431597148901e-02 3.210059171597632877e-01 5.505234410559853853e-01 2.503413746017296455e-03 1.259672280382339582e-01 0.000000000000000000e+00
2.525000000000000000e+03 1.009999235591312328e-01 3.535502958579881394e-01 5.071688666363222131e-01 2.048247610377787811e-03 1.372325898953117851e-01 0.000000000000000000e+00
2.550000000000000000e+03 1.019999228022909765e-01 3.596950386891215046e-01 4.891898042785616796e-01 3.755120619025944465e-03 1.473600364132908458e-01 0.000000000000000000e+00
2.575000000000000000e+03 1.029999220454507203e-01 3.620846609012289274e-01 4.624487938097405770e-01 7.851615839781519654e-03 1.676149294492489672e-01 0.000000000000000000e+00
2.600000000000000000e+03 1.039999212886104640e-01 3.827947200728265553e-01 4.245562130177514826e-01 7.851615839781519654e-03 1.847974510696404060e-01 0.000000000000000000e+00
2.625000000000000000e+03 1.049999205317702078e-01 3.774465179790623681e-01 4.060081929904414966e-01 1.183431952662721866e-02 2.047109695038689114e-01 0.000000000000000000e+00
2.650000000000000000e+03 1.059999197749297295e-01 3.946290395994537792e-01 3.678880291306326766e-01 1.319981793354574502e-02 2.242831133363677731e-01 0.000000000000000000e+00
2.675000000000000000e+03 1.069999190180894733e-01 4.093081474738279324e-01 3.395539371870732737e-01 1.513427401001365448e-02 2.360036413290851065e-01 0.000000000000000000e+00
2.700000000000000000e+03 1.079999182612492170e-01 4.186390532544378429e-01 3.103095129722348577e-01 1.854802002730996865e-02 2.525034137460173134e-01 0.000000000000000000e+00
2.725000000000000000e+03 1.089999175044089608e-01 4.066909421939007840e-01 2.878925807919890945e-01 2.401001365498407064e-02 2.814064633591260578e-01 0.000000000000000000e+00
2.750000000000000000e+03 1.099999167475687045e-01 4.003186162949476379e-01 2.678652708238506985e-01 2.753755120619025970e-02 3.042785616750113831e-01 0.000000000000000000e+00
2.775000000000000000e+03 1.109999159907284483e-01 4.019116977696859383e-01 2.471552116522530707e-01 2.560309512972235024e-02 3.253299954483386269e-01 0.000000000000000000e+00
2.800000000000000000e+03 1.119999152338881920e-01 4.039599453800637452e-01 2.304278561675011383e-01 2.924442421483841592e-02 3.363677742375967283e-01 0.000000000000000000e+00
2.825000000000000000e+03 1.129999144770477137e-01 4.169321802457897075e-01 2.170004551661356418e-01 3.482020937642239106e-02 3.312471552116522666e-01 0.000000000000000000e+00
2.850000000000000000e+03 1.139999137202074575e-01 4.248975876194810986e-01 2.043695949021392677e-01 3.868912152935821691e-02 3.320436959490213891e-01 0.000000000000000000e+00
2.875000000000000000e+03 1.149999129633672013e-01 4.227355484751934567e-01 2.011834319526627224e-01 3.994082840236686666e-02 3.361401911697769473e-01 0.000000000000000000e+00
2.900000000000000000e+03 1.159999122065269450e-01 4.208010923987255403e-01 1.854802002730996935e-01 4.142011834319526964e-02 3.522985889849795105e-01 0.000000000000000000e+00
2.925000000000000000e+03 1.169999114496866888e-01 4.256941283568502765e-01 1.762630860263996457e-01 4.756486117432862787e-02 3.504779244424214846e-01 0.000000000000000000e+00
2.950000000000000000e+03 1.179999106928464325e-01 4.369594902139281034e-01 1.654528903049612976e-01 5.291306326809285671e-02 3.446745562130177354e-01 0.000000000000000000e+00
2.975000000000000000e+03 1.189999099360061763e-01 4.324078288575329831e-01 1.537323623122439642e-01 5.791989076012744875e-02 3.559399180700955623e-01 0.000000000000000000e+00
3.000000000000000000e+03 1.199999091791659200e-01 4.288802913063268218e-01 1.494082840236686527e-01 6.486117432862995025e-02 3.568502503413745752e-01 0.000000000000000000e+00
3.025000000000000000e+03 1.209999084223254417e-01 4.302457897132453413e-01 1.405325443786982209e-01 7.453345471096950448e-02 3.546882111970869333e-01 0.000000000000000000e+00
3.050000000000000000e+03 1.219999076654851855e-01 4.292216659080564378e-01 1.388256713700500578e-01 8.591260810195720798e-02 3.460400546199362548e-01 0.000000000000000000e+00
3.075000000000000000e+03 1.229999069086449293e-01 4.229631315430131822e-01 1.395084205735093175e-01 9.194355939918069653e-02 3.455848884842967483e-01 0.000000000000000000e+00
3.100000000000000000e+03 1.239999061518046730e-01 4.256941283568502765e-01 1.339326354119253493e-01 9.217114246700044977e-02 3.482020937642239522e-01 0.000000000000000000e+00
3.125000000000000000e+03 1.249999053949644168e-01 4.208010923987255403e-01 1.283568502503413811e-01 9.456076467910787264e-02 3.562812926718252338e-01 0.000000000000000000e+00
3.150000000000000000e+03 1.259999046381241605e-01 4.210286754665452658e-01 1.234638142922166587e-01 9.763313609467455523e-02 3.578743741465634787e-01 0.000000000000000000e+00
3.175000000000000000e+03 1.269999038812839043e-01 4.138598088302230527e-01 1.156121984524351443e-01 9.353664087391898307e-02 3.769913518434228616e-01 0.000000000000000000e+00
3.200000000000000000e+03 1.279999031244436480e-01 4.362767410104688159e-01 1.092398725534820259e-01 8.955393718707328754e-02 3.649294492489758568e-01 0.000000000000000000e+00
3.225000000000000000e+03 1.289999023676031698e-01 4.421939007737824556e-01 1.073054164770141095e-01 9.569868001820663883e-02 3.548020027309968238e-01 0.000000000000000000e+00
3.250000000000000000e+03 1.299999016107629135e-01 4.317250796540737512e-01 1.012744651797906209e-01 9.433318161128811941e-02 3.726672735548475224e-01 0.000000000000000000e+00
3.275000000000000000e+03 1.309999008539226573e-01 4.286527082385070408e-01 9.330905780609922984e-02 9.456076467910787264e-02 3.834774692762858428e-01 0.000000000000000000e+00
3.300000000000000000e+03 1.319999000970824010e-01 4.596040054619936477e-01 8.625398270368685172e-02 9.706417842512517213e-02 3.570778334091943562e-01 0.000000000000000000e+00
3.325000000000000000e+03 1.329998993402421448e-01 4.283113336367774249e-01 9.194355939918069653e-02 1.099226217569412856e-01 3.698224852071005930e-01 0.000000000000000000e+00
3.350000000000000000e+03 1.339998985834018885e-01 4.368456986800182129e-01 9.285389167045972336e-02 1.068502503413746030e-01 3.634501593081474469e-01 0.000000000000000000e+00
3.375000000000000000e+03 1.349998978265616323e-01 4.440145653163404815e-01 9.069185252617205373e-02 1.102639963586709154e-01 3.550295857988165493e-01 0.000000000000000000e+00
3.400000000000000000e+03 1.359998970697213760e-01 4.499317250796540657e-01 8.090578060992262288e-02 1.133363677742375980e-01 3.558261265361857273e-01 0.000000000000000000e+00
3.425000000000000000e+03 1.369998963128808978e-01 4.485662266727355463e-01 7.567137005006827066e-02 1.102639963586709154e-01 3.654984069185252538e-01 0.000000000000000000e+00
3.450000000000000000e+03 1.379998955560406415e-01 4.502730996813836817e-01 7.680928538916705073e-02 1.211879836140191125e-01 3.517296313154301135e-01 0.000000000000000000e+00
3.475000000000000000e+03 1.389998947992003853e-01 4.462903959945380139e-01 7.111970869367319203e-02 1.209604005461993592e-01 3.616294947655894210e-01 0.000000000000000000e+00
3.500000000000000000e+03 1.399998940423601290e-01 4.524351388256713791e-01 6.622667273554846967e-02 1.264223941738734647e-01 3.549157942649067143e-01 0.000000000000000000e+00
3.525000000000000000e+03 1.409998932855198728e-01 4.552799271734183084e-01 6.463359126081019701e-02 1.264223941738734647e-01 3.536640873918980299e-01 0.000000000000000000e+00
3.550000000000000000e+03 1.419998925286796165e-01 4.510696404187528596e-01 6.543013199817933334e-02 1.214155666818388657e-01 3.620846609012289274e-01 0.000000000000000000e+00
3.575000000000000000e+03 1.429998917718393603e-01 4.646108329540282189e-01 5.894401456531633832e-02 1.279016841147018746e-01 3.485434683659535682e-01 0.000000000000000000e+00
3.600000000000000000e+03 1.439998910149991040e-01 4.687073281747837772e-01 5.860263996358670846e-02 1.267637687756031084e-01 3.459262630860264198e-01 0.000000000000000000e+00
3.625000000000000000e+03 1.449998902581586258e-01 4.518661811561219821e-01 5.621301775147929253e-02 1.322257624032771861e-01 3.596950386891215046e-01 0.000000000000000000e+00
3.650000000000000000e+03 1.459998895013183695e-01 4.724624487938097195e-01 5.086481565771506369e-02 1.354119253527537592e-01 3.412608101957214646e-01 0.000000000000000000e+00
3.675000000000000000e+03 1.469998887444781133e-01 4.649522075557578349e-01 5.040964952207555722e-02 1.340464269458352398e-01 3.505917159763313751e-01 0.000000000000000000e+00
3.700000000000000000e+03 1.479998879876378570e-01 4.713245334547109811e-01 4.961310878470642088e-02 1.389394629039599482e-01 3.401228948566226706e-01 0.000000000000000000e+00
3.725000000000000000e+03 1.489998872307976008e-01 4.898725534820209115e-01 4.563040509786071841e-02 1.333636777423759801e-01 3.311333636777423761e-01 0.000000000000000000e+00
3.750000000000000000e+03 1.499998864739573445e-01 4.996586253982703840e-01 4.927173418297678409e-02 1.395084205735093175e-01 3.115612198452434867e-01 0.000000000000000000e+00
3.775000000000000000e+03 1.509998857171170883e-01 5.056895766954938587e-01 5.018206645425580398e-02 1.381429221665907980e-01 3.059854346836595185e-01 0.000000000000000000e+00
3.800000000000000000e+03 1.519998849602766100e-01 4.732589895311788974e-01 5.052344105598543383e-02 1.500910332271279124e-01 3.261265361857078049e-01 0.000000000000000000e+00
3.825000000000000000e+03 1.529998842034363538e-01 4.865725989986344757e-01 4.301319981793354230e-02 1.488393263541192557e-01 3.215748748293126846e-01 0.000000000000000000e+00
3.850000000000000000e+03 1.539998834465960975e-01 4.981793354574419741e-01 4.415111515703231543e-02 1.506599908966772816e-01 3.070095584888484219e-01 0.000000000000000000e+00
3.875000000000000000e+03 1.549998826897558413e-01 5.053482020937641872e-01 4.380974055530268557e-02 1.594219390077378229e-01 2.914201183431952558e-01 0.000000000000000000e+00
3.900000000000000000e+03 1.559998819329155850e-01 5.151342740100136597e-01 4.073736913973600299e-02 1.591943559399180697e-01 2.849340009103322746e-01 0.000000000000000000e+00
3.925000000000000000e+03 1.569998811760753288e-01 5.130860263996358528e-01 4.415111515703231543e-02 1.738734638142922229e-01 2.688893946290396020e-01 0.000000000000000000e+00
3.950000000000000000e+03 1.579998804192350725e-01 5.085343650432407880e-01 4.335457441966317910e-02 1.799044151115156975e-01 2.682066454255803145e-01 0.000000000000000000e+00
3.975000000000000000e+03 1.589998796623948163e-01 5.281065088757396220e-01 4.392353208921256219e-02 1.805871643149749572e-01 2.473827947200728239e-01 0.000000000000000000e+00
4.000000000000000000e+03 1.599998789055543380e-01 5.158170232134728916e-01 4.289940828402366568e-02 1.965179790623577671e-01 2.447655894401456478e-01 0.000000000000000000e+00
4.025000000000000000e+03 1.609998781487140818e-01 4.914656349567592120e-01 4.574419663177059503e-02 2.032316795630405015e-01 2.595584888484296915e-01 0.000000000000000000e+00
4.050000000000000000e+03 1.619998773918738255e-01 5.225307237141556538e-01 4.528903049613108855e-02 2.006144742831133254e-01 2.315657715065999045e-01 0.000000000000000000e+00
4.075000000000000000e+03 1.629998766350335693e-01 5.179790623577605890e-01 4.142011834319526964e-02 1.993627674101046965e-01 2.412380518889394587e-01 0.000000000000000000e+00
4.100000000000000000e+03 1.639998758781933130e-01 5.303823395539372099e-01 4.585798816568047165e-02 2.015248065543923661e-01 2.222348657259899940e-01 0.000000000000000000e+00
4.125000000000000000e+03 1.649998751213530568e-01 5.261720527992717056e-01 4.437869822485206867e-02 2.017523896222121194e-01 2.276968593536640995e-01 0.000000000000000000e+00
4.150000000000000000e+03 1.659998743645128005e-01 5.225307237141556538e-01 4.972690031861629750e-02 2.111970869367319203e-01 2.165452890304961353e-01 0.000000000000000000e+00
4.175000000000000000e+03 1.669998736076725443e-01 5.241238051888938987e-01 4.358215748748293233e-02 2.187073281747838049e-01 2.135867091488393155e-01 0.000000000000000000e+00
4.200000000000000000e+03 1.679998728508320660e-01 5.392580791989075584e-01 4.642694583522986168e-02 2.172280382339553950e-01 1.970869367319071364e-01 0.000000000000000000e+00
4.225000000000000000e+03 1.689998720939918098e-01 5.291306326809285254e-01 4.915794264906690747e-02 2.281520254893036059e-01 1.935593991807009473e-01 0.000000000000000000e+00
4.250000000000000000e+03 1.699998713371515535e-01 5.319754210286754548e-01 5.427856167501137613e-02 2.283796085571233592e-01 1.853664087391898030e-01 0.000000000000000000e+00
4.275000000000000000e+03 1.709998705803112973e-01 5.357305416477013971e-01 5.234410559854346667e-02 2.300864815657714946e-01 1.818388711879836139e-01 0.000000000000000000e+00
4.300000000000000000e+03 1.719998698234710410e-01 5.339098771051433712e-01 5.131998179335457710e-02 2.327036868456986707e-01 1.820664542558033672e-01 0.000000000000000000e+00
4.325000000000000000e+03 1.729998690666307848e-01 5.570095584888484774e-01 5.154756486117433034e-02 2.303140646335912478e-01 1.611288120163859861e-01 0.000000000000000000e+00
4.350000000000000000e+03 1.739998683097905285e-01 5.402822030040964618e-01 5.427856167501137613e-02 2.370277651342740100e-01 1.684114701866181174e-01 0.000000000000000000e+00
4.375000000000000000e+03 1.749998675529502723e-01 5.384615384615384359e-01 5.245789713245334329e-02 2.345243513882567243e-01 1.745562130177514826e-01 0.000000000000000000e+00
4.400000000000000000e+03 1.759998667961097940e-01 5.444924897587619661e-01 5.427856167501137613e-02 2.327036868456986707e-01 1.685252617205279801e-01 0.000000000000000000e+00
4.425000000000000000e+03 1.769998660392695378e-01 5.513199817933546187e-01 5.279927173418298009e-02 2.349795175238962308e-01 1.609012289485662328e-01 0.000000000000000000e+00
4.450000000000000000e+03 1.779998652824292815e-01 5.522303140646336317e-01 5.325443786982248656e-02 2.412380518889394587e-01 1.532771961766044577e-01 0.000000000000000000e+00
4.475000000000000000e+03 1.789998645255890253e-01 5.656577150659990449e-01 5.325443786982248656e-02 2.405553026854801990e-01 1.405325443786982209e-01 0.000000000000000000e+00
4.500000000000000000e+03 1.799998637687487690e-01 5.600819299044150767e-01 5.382339553937186966e-02 2.379380974055530229e-01 1.481565771506599960e-01 0.000000000000000000e+00
4.525000000000000000e+03 1.809998630119085128e-01 5.576923076923077094e-01 5.302685480200273332e-02 2.319071461083295482e-01 1.573736913973600438e-01 0.000000000000000000e+00
4.550000000000000000e+03 1.819998622550682565e-01 5.609922621756940897e-01 5.484751934456076616e-02 2.390760127446517891e-01 1.450842057350933134e-01 0.000000000000000000e+00
4.575000000000000000e+03 1.829998614982277783e-01 5.674783796085570708e-01 5.314064633591260994e-02 2.436276741010468816e-01 1.357532999544833752e-01 0.000000000000000000e+00
4.600000000000000000e+03 1.839998607413875220e-01 5.551888939462903405e-01 5.700955848884842886e-02 2.436276741010468816e-01 1.441738734638143005e-01 0.000000000000000000e+00
4.625000000000000000e+03 1.849998599845472658e-01 5.634956759217114586e-01 5.860263996358670846e-02 2.476103777878925771e-01 1.302913063268092975e-01 0.000000000000000000e+00
4.650000000000000000e+03 1.859998592277070095e-01 5.670232134729176199e-01 5.974055530268548159e-02 2.517068730086481354e-01 1.215293582157487423e-01 0.000000000000000000e+00
4.675000000000000000e+03 1.869998584708667533e-01 5.641784251251706905e-01 5.883022303140646170e-02 2.511379153390987939e-01 1.258534365043240677e-01 0.000000000000000000e+00
4.700000000000000000e+03 1.879998577140264970e-01 5.713472917614929036e-01 5.883022303140646170e-02 2.520482476103778069e-01 1.177742375967228000e-01 0.000000000000000000e+00
4.725000000000000000e+03 1.889998569571862408e-01 5.746472462448793950e-01 5.928538916704597511e-02 2.526172052799271484e-01 1.134501593081474746e-01 0.000000000000000000e+00
4.750000000000000000e+03 1.899998562003459845e-01 5.733955393718707105e-01 6.099226217569413133e-02 2.550068274920345712e-01 1.106053709604005453e-01 0.000000000000000000e+00
4.775000000000000000e+03 1.909998554435055063e-01 5.688438780154756458e-01 6.213017751479289752e-02 2.548930359581247362e-01 1.141329085116067343e-01 0.000000000000000000e+00
4.800000000000000000e+03 1.919998546866652500e-01 5.632680928538916776e-01 6.577150659990896320e-02 2.594446973145198010e-01 1.115157032316795582e-01 0.000000000000000000e+00
4.825000000000000000e+03 1.929998539298249938e-01 5.636094674556213491e-01 6.747837960855712636e-02 2.676376877560309731e-01 1.012744651797906209e-01 0.000000000000000000e+00
4.850000000000000000e+03 1.939998531729847375e-01 5.666818388711879484e-01 6.816112881201638607e-02 2.647928994082840437e-01 1.003641329085116080e-01 0.000000000000000000e+00
4.875000000000000000e+03 1.949998524161444813e-01 5.611060537096039802e-01 7.134729176149294527e-02 2.705962676376877374e-01 9.695038689121529552e-02 0.000000000000000000e+00
4.900000000000000000e+03 1.959998516593042250e-01 5.642922166590805810e-01 7.032316795630405570e-02 2.678652708238506985e-01 9.751934456076467861e-02 0.000000000000000000e+00
4.925000000000000000e+03 1.969998509024639688e-01 5.572371415566681474e-01 7.635411925352754425e-02 2.734410559854346667e-01 9.296768320436959998e-02 0.000000000000000000e+00
4.950000000000000000e+03 1.979998501456237125e-01 5.692990441511152078e-01 7.362312243969049153e-02 2.638825671370050308e-01 9.319526627218935322e-02 0.000000000000000000e+00
4.975000000000000000e+03 1.989998493887832343e-01 5.624715521165225551e-01 8.238507055075101893e-02 2.685480200273099860e-01 8.659535730541648157e-02 0.000000000000000000e+00
5.000000000000000000e+03 1.999998486319429780e-01 5.715748748293126846e-01 8.045061447428311641e-02 2.672963131543013016e-01 8.067819754210286964e-02 0.000000000000000000e+00
5.025000000000000000e+03 2.009998478751027218e-01 5.509786071916249472e-01 8.557123350022757813e-02 2.779927173418297870e-01 8.545744196631770151e-02 0.000000000000000000e+00
5.050000000000000000e+03 2.019998471182624655e-01 5.523441055985435222e-01 8.534365043240782489e-02 2.791306326809285254e-01 8.318161128812016913e-02 0.000000000000000000e+00
5.075000000000000000e+03 2.029998463614222093e-01 5.645197997269003620e-01 8.545744196631770151e-02 2.783340919435594030e-01 7.168866636322257513e-02 0.000000000000000000e+00
5.100000000000000000e+03 2.039998456045819530e-01 5.551888939462903405e-01 8.682294037323623481e-02 2.803823395539372099e-01 7.760582612653618706e-02 0.000000000000000000e+00
5.125000000000000000e+03 2.049998448477416968e-01 5.664542558033682784e-01 8.602639963586708460e-02 2.816340464269458388e-01 6.588529813381883982e-02 0.000000000000000000e+00
5.150000000000000000e+03 2.059998440909014406e-01 5.592853891670459543e-01 8.636777423759672834e-02 2.869822485207100815e-01 6.736458807464724974e-02 0.000000000000000000e+00
5.175000000000000000e+03 2.069998433340609623e-01 5.476786527082384559e-01 9.023668639053254725e-02 2.935821574874829532e-01 6.850250341374601593e-02 0.000000000000000000e+00
5.200000000000000000e+03 2.079998425772207060e-01 5.490441511151570309e-01 9.194355939918069653e-02 2.923304506144742687e-01 6.668183887118799003e-02 0.000000000000000000e+00
5.225000000000000000e+03 2.089998418203804498e-01 5.455166135639508695e-01 9.376422394173873631e-02 2.990441511151570309e-01 6.167501137915339104e-02 0.000000000000000000e+00
5.250000000000000000e+03 2.099998410635401935e-01 5.513199817933546187e-01 9.217114246700044977e-02 3.005234410559854408e-01 5.598543468365953235e-02 0.000000000000000000e+00
5.275000000000000000e+03 2.109998403066999373e-01 5.407373691397360238e-01 9.649522075557578904e-02 3.059854346836595185e-01 5.678197542102867562e-02 0.000000000000000000e+00
5.300000000000000000e+03 2.119998395498596810e-01 5.436959490213928436e-01 1.013882567137004975e-01 3.010923987255348377e-01 5.382339553937186966e-02 0.000000000000000000e+00
5.325000000000000000e+03 2.129998387930194248e-01 5.356167501137915066e-01 9.899863450159307465e-02 3.087164314974966128e-01 5.666818388711879900e-02 0.000000000000000000e+00
5.350000000000000000e+03 2.139998380361791686e-01 5.436959490213928436e-01 9.888484296768319803e-02 3.058716431497496835e-01 5.154756486117433034e-02 0.000000000000000000e+00
5.375000000000000000e+03 2.149998372793386903e-01 5.415339098771051463e-01 9.558488848429676221e-02 3.073509330905780379e-01 5.553026854802002588e-02 0.000000000000000000e+00
5.400000000000000000e+03 2.159998365224984340e-01 5.438097405553027341e-01 9.376422394173873631e-02 3.091715976331361193e-01 5.325443786982248656e-02 0.000000000000000000e+00
5.425000000000000000e+03 2.169998357656581778e-01 5.351615839781520556e-01 9.797451069640418508e-02 3.090578060992262288e-01 5.780609922621757213e-02 0.000000000000000000e+00
5.450000000000000000e+03 2.179998350088179215e-01 5.364132908511606290e-01 9.524351388256713236e-02 3.145197997269003065e-01 5.382339553937186966e-02 0.000000000000000000e+00
5.475000000000000000e+03 2.189998342519776653e-01 5.399408284023669014e-01 1.002503413746017313e-01 3.104233045061447482e-01 4.938552571688666071e-02 0.000000000000000000e+00
5.500000000000000000e+03 2.199998334951374090e-01 5.389167045971779979e-01 1.035502958579881672e-01 3.111060537096039802e-01 4.642694583522986168e-02 0.000000000000000000e+00
5.525000000000000000e+03 2.209998327382971528e-01 5.345926263086026031e-01 1.004779244424214846e-01 3.144060081929904160e-01 5.052344105598543383e-02 0.000000000000000000e+00
5.550000000000000000e+03 2.219998319814566745e-01 5.345926263086026031e-01 1.053709604005461931e-01 3.114474283113336517e-01 4.858898497951752438e-02 0.000000000000000000e+00
5.575000000000000000e+03 2.229998312246164183e-01 5.408511606736459143e-01 1.057123350022758368e-01 3.101957214383249672e-01 4.324078288575330248e-02 0.000000000000000000e+00
5.600000000000000000e+03 2.239998304677761620e-01 5.433545744196631722e-01 1.042330450614474269e-01 3.076923076923077094e-01 4.472007282658170546e-02 0.000000000000000000e+00
5.625000000000000000e+03 2.249998297109359058e-01 5.407373691397360238e-01 1.049157942649066866e-01 3.113336367774237612e-01 4.301319981793354230e-02 0.000000000000000000e+00
5.650000000000000000e+03 2.259998289540956495e-01 5.394856622667273394e-01 1.070778334091943562e-01 3.131543013199817871e-01 4.028220300409649651e-02 0.000000000000000000e+00
5.675000000000000000e+03 2.269998281972553933e-01 5.349340009103322746e-01 1.109467455621301751e-01 3.140646335912608000e-01 4.005461993627674328e-02 0.000000000000000000e+00
