# itime ezz other fcc hcp bcc ico
0.000000000000000000e+00 0.000000000000000000e+00 1.024123805188893906e-03 9.989758761948110966e-01 0.000000000000000000e+00 0.000000000000000000e+00 0.000000000000000000e+00
3.000000000000000000e+01 1.200000897208908235e-02 6.827492034592626399e-04 9.993172507965407680e-01 0.000000000000000000e+00 0.000000000000000000e+00 0.000000000000000000e+00
6.000000000000000000e+01 2.400001794417816470e-02 2.275830678197541916e-03 9.976103777878926326e-01 0.000000000000000000e+00 1.137915339098771066e-04 0.000000000000000000e+00
9.000000000000000000e+01 3.600002691626702500e-02 3.982703686845699004e-03 9.960172963131542767e-01 0.000000000000000000e+00 0.000000000000000000e+00 0.000000000000000000e+00
1.200000000000000000e+02 4.800003588835610735e-02 9.330905780609922637e-03 9.904415111515703085e-01 0.000000000000000000e+00 2.275830678197542133e-04 0.000000000000000000e+00
1.500000000000000000e+02 6.000004486044518970e-02 1.547564861174328607e-02 9.837278106508875464e-01 0.000000000000000000e+00 7.965407373691396923e-04 0.000000000000000000e+00
1.800000000000000000e+02 7.200005383253427205e-02 3.720983158852981393e-02 9.614246700045516736e-01 0.000000000000000000e+00 1.365498406918525280e-03 0.000000000000000000e+00
2.100000000000000000e+02 8.400006280462313235e-02 6.656804733727811341e-02 9.299044151115156698e-01 0.000000000000000000e+00 3.527537551206190360e-03 0.000000000000000000e+00
2.400000000000000000e+02 9.600007177671221470e-02 1.349567592171142527e-01 8.577605826126536437e-01 0.000000000000000000e+00 7.282658170232134826e-03 0.000000000000000000e+00
2.700000000000000000e+02 1.080000807488012970e-01 2.197314519799726806e-01 7.644515248065544277e-01 0.000000000000000000e+00 1.581702321347291593e-02 0.000000000000000000e+00
3.000000000000000000e+02 1.200000897208903794e-01 3.485434683659535682e-01 6.125398270368684894e-01 2.275830678197542133e-04 3.868912152935821691e-02 0.000000000000000000e+00
3.300000000000000000e+02 1.320000986929792397e-01 5.161583978152025631e-01 4.185252617205280079e-01 1.706873008648156654e-03 6.360946745562130744e-02 0.000000000000000000e+00
3.600000000000000000e+02 1.440001076650683220e-01 6.233500227583067543e-01 2.531861629494765453e-01 5.917159763313609329e-03 1.175466545289030468e-01 0.000000000000000000e+00
3.900000000000000000e+02 1.560001166371574044e-01 7.008420573509330787e-01 1.260810195721438209e-01 1.274465179790623508e-02 1.603322712790168358e-01 0.000000000000000000e+00
4.200000000000000000e+02 1.680001256092464867e-01 7.438552571688666903e-01 6.315430131998178709e-02 2.184797451069640448e-02 1.711424670004551563e-01 0.000000000000000000e+00
4.500000000000000000e+02 1.800001345813355691e-01 7.972234865725990050e-01 3.652708238507055422e-02 2.548930359581247015e-02 1.407601274465179741e-01 0.000000000000000000e+00
4.800000000000000000e+02 1.920001435534244294e-01 8.221438324988621371e-01 2.662721893491124328e-02 2.810650887573964626e-02 1.231224396904870289e-01 0.000000000000000000e+00
5.100000000000000000e+02 2.040001525255135117e-01 8.591260810195721076e-01 2.025489303595812488e-02 3.049613108784706567e-02 9.012289485662267063e-02 0.000000000000000000e+00
5.400000000000000000e+02 2.160001614976025941e-01 8.793809740555302845e-01 1.797906235776058209e-02 3.015475648611743234e-02 7.248520710059171146e-02 0.000000000000000000e+00
5.700000000000000000e+02 2.280001704696916764e-01 9.073736913973600160e-01 1.627218934911242587e-02 3.038233955393718558e-02 4.585798816568047165e-02 1.137915339098771066e-04
6.000000000000000000e+02 2.400001794417805367e-01 9.228493400091033472e-01 1.547564861174328607e-02 2.662721893491124328e-02 3.504779244424215123e-02 0.000000000000000000e+00
6.300000000000000000e+02 2.520001884138696191e-01 9.317250796540736957e-01 1.308602639963586667e-02 2.344105598543468408e-02 3.174783796085571541e-02 0.000000000000000000e+00
6.600000000000000000e+02 2.640001973859587014e-01 9.462903959945380139e-01 1.228948566226672687e-02 2.071005917159763482e-02 2.071005917159763482e-02 0.000000000000000000e+00
6.900000000000000000e+02 2.760002063580477838e-01 9.519799726900318726e-01 9.786071916249430847e-03 2.002730996813837164e-02 1.809285389167045871e-02 1.137915339098771066e-04
7.200000000000000000e+02 2.880002153301366441e-01 9.576695493855257313e-01 1.172052799271734204e-02 1.900318616294947513e-02 1.160673645880746542e-02 0.000000000000000000e+00
7.500000000000000000e+02 3.000002243022257264e-01 9.624487938097405770e-01 1.069640418752844727e-02 1.752389622212107562e-02 9.330905780609922637e-03 0.000000000000000000e+00
7.800000000000000000e+02 3.120002332743148088e-01 9.662039144287665193e-01 8.761948111060537808e-03 1.536185707783340945e-02 9.444697314519799256e-03 2.275830678197542133e-04
8.100000000000000000e+02 3.240002422464038911e-01 9.668866636322257513e-01 9.103322712790167665e-03 1.433773327264451468e-02 9.444697314519799256e-03 2.275830678197542133e-04
8.400000000000000000e+02 3.360002512184929735e-01 9.685935366408738867e-01 7.851615839781519654e-03 1.513427401001365448e-02 8.420573509330906217e-03 0.000000000000000000e+00
8.700000000000000000e+02 3.480002601905818338e-01 9.728038233955393910e-01 7.510241238051888930e-03 1.297223486572599005e-02 6.713700500682749130e-03 0.000000000000000000e+00
9.000000000000000000e+02 3.600002691626709161e-01 9.745106964041875264e-01 7.737824305871643035e-03 1.308602639963586667e-02 4.551661356395083832e-03 1.137915339098771066e-04
9.300000000000000000e+02 3.720002781347597764e-01 9.766727355484752238e-01 6.372325898953117539e-03 1.046882111970869403e-02 6.486117432862995025e-03 0.000000000000000000e+00
9.600000000000000000e+02 3.840002871068488588e-01 9.807692307692307265e-01 5.803368229403732710e-03 8.192990441511151245e-03 5.120619025944469528e-03 1.137915339098771066e-04
9.900000000000000000e+02 3.960002960789379411e-01 9.821347291761493015e-01 5.006827492034592909e-03 8.761948111060537808e-03 4.096495220755575623e-03 0.000000000000000000e+00
1.020000000000000000e+03 4.080003050510270235e-01 9.841829767865271084e-01 5.917159763313609329e-03 7.396449704142011444e-03 2.389622212107419402e-03 1.137915339098771066e-04
1.050000000000000000e+03 4.200003140231158838e-01 9.823623122439690825e-01 5.689576695493855224e-03 7.851615839781519654e-03 3.982703686845699004e-03 1.137915339098771066e-04
1.080000000000000000e+03 4.320003229952049661e-01 9.870277651342740377e-01 5.234410559854347014e-03 6.486117432862995025e-03 1.024123805188893906e-03 2.275830678197542133e-04
1.110000000000000000e+03 4.440003319672940485e-01 9.870277651342740377e-01 4.665452890304961318e-03 5.917159763313609329e-03 2.275830678197541916e-03 1.137915339098771066e-04
1.140000000000000000e+03 4.560003409393831308e-01 9.897587619481110766e-01 3.413746017296313308e-03 4.551661356395083832e-03 1.820664542558033706e-03 4.551661356395084266e-04
1.170000000000000000e+03 4.680003499114719911e-01 9.866863905325443662e-01 5.006827492034592909e-03 6.372325898953117539e-03 1.706873008648156654e-03 2.275830678197542133e-04
1.200000000000000000e+03 4.800003588835610735e-01 9.894173873463814051e-01 3.527537551206190360e-03 5.348202093764223633e-03 1.024123805188893906e-03 6.827492034592626399e-04
1.230000000000000000e+03 4.920003678556501558e-01 9.922621756941283344e-01 2.275830678197541916e-03 3.527537551206190360e-03 1.479289940828402332e-03 4.551661356395084266e-04
1.260000000000000000e+03 5.040003768277392382e-01 9.912380518889394310e-01 1.365498406918525280e-03 5.575785161583977738e-03 1.137915339098770958e-03 6.827492034592626399e-04
1.290000000000000000e+03 5.160003857998280985e-01 9.921483841602184439e-01 1.593081474738279385e-03 4.096495220755575623e-03 1.137915339098770958e-03 1.024123805188893906e-03
1.320000000000000000e+03 5.280003947719171808e-01 9.914656349567592120e-01 2.048247610377787811e-03 4.665452890304961318e-03 1.024123805188893906e-03 7.965407373691396923e-04
1.350000000000000000e+03 5.400004037440062632e-01 9.937414656349567998e-01 1.024123805188893906e-03 3.868912152935821518e-03 9.103322712790168532e-04 4.551661356395084266e-04
1.380000000000000000e+03 5.520004127160953455e-01 9.939690487027764698e-01 1.706873008648156654e-03 3.868912152935821518e-03 3.413746017296313199e-04 1.137915339098771066e-04
1.410000000000000000e+03 5.640004216881844279e-01 9.953345471096950448e-01 1.024123805188893906e-03 2.389622212107419402e-03 1.024123805188893906e-03 2.275830678197542133e-04
1.440000000000000000e+03 5.760004306602732882e-01 9.940828402366863603e-01 1.251706873008648227e-03 2.617205279927173507e-03 1.137915339098770958e-03 9.103322712790168532e-04
1.470000000000000000e+03 5.880004396323623705e-01 9.951069640418752638e-01 1.024123805188893906e-03 2.275830678197541916e-03 6.827492034592626399e-04 9.103322712790168532e-04
1.500000000000000000e+03 6.000004486044514529e-01 9.944242148384160318e-01 9.103322712790168532e-04 3.186162949476558769e-03 1.024123805188893906e-03 4.551661356395084266e-04
1.530000000000000000e+03 6.120004575765405352e-01 9.962448793809740577e-01 4.551661356395084266e-04 2.048247610377787811e-03 3.413746017296313199e-04 9.103322712790168532e-04
1.560000000000000000e+03 6.240004665486293955e-01 9.953345471096950448e-01 1.024123805188893906e-03 1.820664542558033706e-03 4.551661356395084266e-04 1.365498406918525280e-03
1.590000000000000000e+03 6.360004755207184779e-01 9.961310878470641672e-01 7.965407373691396923e-04 2.275830678197541916e-03 3.413746017296313199e-04 4.551661356395084266e-04
1.620000000000000000e+03 6.480004844928075602e-01 9.954483386436049352e-01 6.827492034592626399e-04 2.503413746017296455e-03 7.965407373691396923e-04 5.689576695493854790e-04
1.650000000000000000e+03 6.600004934648966426e-01 9.959035047792443862e-01 1.024123805188893906e-03 1.820664542558033706e-03 4.551661356395084266e-04 7.965407373691396923e-04
1.680000000000000000e+03 6.720005024369855029e-01 9.960172963131542767e-01 6.827492034592626399e-04 1.593081474738279385e-03 5.689576695493854790e-04 1.137915339098770958e-03
1.710000000000000000e+03 6.840005114090745852e-01 9.968138370505233992e-01 6.827492034592626399e-04 1.137915339098770958e-03 4.551661356395084266e-04 9.103322712790168532e-04
1.740000000000000000e+03 6.960005203811636676e-01 9.976103777878926326e-01 5.689576695493854790e-04 1.137915339098770958e-03 1.137915339098771066e-04 5.689576695493854790e-04
1.770000000000000000e+03 7.080005293532527499e-01 9.965862539827037292e-01 5.689576695493854790e-04 1.593081474738279385e-03 2.275830678197542133e-04 1.024123805188893906e-03
1.800000000000000000e+03 7.200005383253418323e-01 9.968138370505233992e-01 7.965407373691396923e-04 1.251706873008648227e-03 1.137915339098771066e-04 1.024123805188893906e-03
1.830000000000000000e+03 7.320005472974306926e-01 9.962448793809740577e-01 7.965407373691396923e-04 1.137915339098770958e-03 4.551661356395084266e-04 1.365498406918525280e-03
1.860000000000000000e+03 7.440005562695197749e-01 9.967000455166135087e-01 5.689576695493854790e-04 1.479289940828402332e-03 6.827492034592626399e-04 5.689576695493854790e-04
1.890000000000000000e+03 7.560005652416088573e-01 9.965862539827037292e-01 5.689576695493854790e-04 1.137915339098770958e-03 5.689576695493854790e-04 1.137915339098770958e-03
1.920000000000000000e+03 7.680005742136979396e-01 9.974965862539827421e-01 3.413746017296313199e-04 1.024123805188893906e-03 2.275830678197542133e-04 9.103322712790168532e-04
1.950000000000000000e+03 7.800005831857867999e-01 9.965862539827037292e-01 5.689576695493854790e-04 1.365498406918525280e-03 3.413746017296313199e-04 1.137915339098770958e-03
1.980000000000000000e+03 7.920005921578758823e-01 9.969276285844332897e-01 9.103322712790168532e-04 1.137915339098770958e-03 2.275830678197542133e-04 7.965407373691396923e-04
2.010000000000000000e+03 8.040006011299649646e-01 9.971552116522530707e-01 4.551661356395084266e-04 1.251706873008648227e-03 1.137915339098771066e-04 1.024123805188893906e-03
2.040000000000000000e+03 8.160006101020540470e-01 9.980655439235320836e-01 4.551661356395084266e-04 1.024123805188893906e-03 0.000000000000000000e+00 4.551661356395084266e-04
2.070000000000000000e+03 8.280006190741429073e-01 9.977241693218024121e-01 2.275830678197542133e-04 1.251706873008648227e-03 1.137915339098771066e-04 6.827492034592626399e-04
2.100000000000000000e+03 8.400006280462319896e-01 9.973827947200728516e-01 7.965407373691396923e-04 4.551661356395084266e-04 3.413746017296313199e-04 1.024123805188893906e-03
2.130000000000000000e+03 8.520006370183210720e-01 9.978379608557123026e-01 9.103322712790168532e-04 1.024123805188893906e-03 0.000000000000000000e+00 2.275830678197542133e-04
2.160000000000000000e+03 8.640006459904101543e-01 9.978379608557123026e-01 4.551661356395084266e-04 9.103322712790168532e-04 1.137915339098771066e-04 6.827492034592626399e-04
2.190000000000000000e+03 8.760006549624992367e-01 9.977241693218024121e-01 3.413746017296313199e-04 9.103322712790168532e-04 2.275830678197542133e-04 7.965407373691396923e-04
2.220000000000000000e+03 8.880006639345880970e-01 9.971552116522530707e-01 3.413746017296313199e-04 1.137915339098770958e-03 1.137915339098771066e-04 1.251706873008648227e-03
2.250000000000000000e+03 9.000006729066771793e-01 9.964724624487938387e-01 4.551661356395084266e-04 1.365498406918525280e-03 1.137915339098771066e-04 1.593081474738279385e-03
2.280000000000000000e+03 9.120006818787662617e-01 9.961310878470641672e-01 4.551661356395084266e-04 1.479289940828402332e-03 3.413746017296313199e-04 1.593081474738279385e-03
2.310000000000000000e+03 9.240006908508553440e-01 9.964724624487938387e-01 6.827492034592626399e-04 1.024123805188893906e-03 1.137915339098771066e-04 1.706873008648156654e-03
2.340000000000000000e+03 9.360006998229442043e-01 9.971552116522530707e-01 5.689576695493854790e-04 9.103322712790168532e-04 3.413746017296313199e-04 1.024123805188893906e-03
2.370000000000000000e+03 9.480007087950332867e-01 9.956759217114247162e-01 5.689576695493854790e-04 1.706873008648156654e-03 4.551661356395084266e-04 1.593081474738279385e-03
2.400000000000000000e+03 9.600007177671223690e-01 9.963586709148839482e-01 3.413746017296313199e-04 1.706873008648156654e-03 2.275830678197542133e-04 1.365498406918525280e-03
2.430000000000000000e+03 9.720007267392114514e-01 9.965862539827037292e-01 5.689576695493854790e-04 9.103322712790168532e-04 1.137915339098771066e-04 1.820664542558033706e-03
2.460000000000000000e+03 9.840007357113005337e-01 9.961310878470641672e-01 4.551661356395084266e-04 1.365498406918525280e-03 5.689576695493854790e-04 1.479289940828402332e-03
2.490000000000000000e+03 9.960007446833893940e-01 9.968138370505233992e-01 5.689576695493854790e-04 4.551661356395084266e-04 5.689576695493854790e-04 1.593081474738279385e-03
