# itime ezz other fcc hcp bcc ico
0.000000000000000000e+00 0.000000000000000000e+00 0.000000000000000000e+00 1.000000000000000000e+00 0.000000000000000000e+00 0.000000000000000000e+00 0.000000000000000000e+00
3.000000000000000000e+00 1.200024180227909909e-03 0.000000000000000000e+00 1.000000000000000000e+00 0.000000000000000000e+00 0.000000000000000000e+00 0.000000000000000000e+00
6.000000000000000000e+00 2.400048360455819818e-03 0.000000000000000000e+00 1.000000000000000000e+00 0.000000000000000000e+00 0.000000000000000000e+00 0.000000000000000000e+00
9.000000000000000000e+00 3.600072540683507683e-03 0.000000000000000000e+00 1.000000000000000000e+00 0.000000000000000000e+00 0.000000000000000000e+00 0.000000000000000000e+00
1.200000000000000000e+01 4.800096720911417592e-03 0.000000000000000000e+00 1.000000000000000000e+00 0.000000000000000000e+00 0.000000000000000000e+00 0.000000000000000000e+00
1.500000000000000000e+01 6.000120901139327501e-03 0.000000000000000000e+00 1.000000000000000000e+00 0.000000000000000000e+00 0.000000000000000000e+00 0.000000000000000000e+00
1.800000000000000000e+01 7.200145081367237410e-03 0.000000000000000000e+00 1.000000000000000000e+00 0.000000000000000000e+00 0.000000000000000000e+00 0.000000000000000000e+00
2.100000000000000000e+01 8.400169261594925274e-03 0.000000000000000000e+00 1.000000000000000000e+00 0.000000000000000000e+00 0.000000000000000000e+00 0.000000000000000000e+00
2.400000000000000000e+01 9.600193441822835183e-03 0.000000000000000000e+00 1.000000000000000000e+00 0.000000000000000000e+00 0.000000000000000000e+00 0.000000000000000000e+00
2.700000000000000000e+01 1.080021762205074509e-02 0.000000000000000000e+00 1.000000000000000000e+00 0.000000000000000000e+00 0.000000000000000000e+00 0.000000000000000000e+00
3.000000000000000000e+01 1.200024180227865500e-02 0.000000000000000000e+00 1.000000000000000000e+00 0.000000000000000000e+00 0.000000000000000000e+00 0.000000000000000000e+00
3.300000000000000000e+01 1.320026598250656491e-02 0.000000000000000000e+00 1.000000000000000000e+00 0.000000000000000000e+00 0.000000000000000000e+00 0.000000000000000000e+00
3.600000000000000000e+01 1.440029016273425277e-02 0.000000000000000000e+00 1.000000000000000000e+00 0.000000000000000000e+00 0.000000000000000000e+00 0.000000000000000000e+00
3.900000000000000000e+01 1.560031434296216268e-02 0.000000000000000000e+00 1.000000000000000000e+00 0.000000000000000000e+00 0.000000000000000000e+00 0.000000000000000000e+00
4.200000000000000000e+01 1.680033852319007259e-02 0.000000000000000000e+00 1.000000000000000000e+00 0.000000000000000000e+00 0.000000000000000000e+00 0.000000000000000000e+00
4.500000000000000000e+01 1.800036270341798250e-02 0.000000000000000000e+00 1.000000000000000000e+00 0.000000000000000000e+00 0.000000000000000000e+00 0.000000000000000000e+00
4.800000000000000000e+01 1.920038688364567037e-02 0.000000000000000000e+00 1.000000000000000000e+00 0.000000000000000000e+00 0.000000000000000000e+00 0.000000000000000000e+00
5.100000000000000000e+01 2.040041106387358028e-02 0.000000000000000000e+00 1.000000000000000000e+00 0.000000000000000000e+00 0.000000000000000000e+00 0.000000000000000000e+00
5.400000000000000000e+01 2.160043524410149018e-02 0.000000000000000000e+00 1.000000000000000000e+00 0.000000000000000000e+00 0.000000000000000000e+00 0.000000000000000000e+00
5.700000000000000000e+01 2.280045942432940009e-02 0.000000000000000000e+00 1.000000000000000000e+00 0.000000000000000000e+00 0.000000000000000000e+00 0.000000000000000000e+00
6.000000000000000000e+01 2.400048360455731000e-02 0.000000000000000000e+00 1.000000000000000000e+00 0.000000000000000000e+00 0.000000000000000000e+00 0.000000000000000000e+00
6.300000000000000000e+01 2.520050778478499787e-02 0.000000000000000000e+00 1.000000000000000000e+00 0.000000000000000000e+00 0.000000000000000000e+00 0.000000000000000000e+00
6.600000000000000000e+01 2.640053196501290778e-02 0.000000000000000000e+00 1.000000000000000000e+00 0.000000000000000000e+00 0.000000000000000000e+00 0.000000000000000000e+00
6.900000000000000000e+01 2.760055614524081768e-02 0.000000000000000000e+00 1.000000000000000000e+00 0.000000000000000000e+00 0.000000000000000000e+00 0.000000000000000000e+00
7.200000000000000000e+01 2.880058032546872759e-02 0.000000000000000000e+00 1.000000000000000000e+00 0.000000000000000000e+00 0.000000000000000000e+00 0.000000000000000000e+00
7.500000000000000000e+01 3.000060450569641546e-02 0.000000000000000000e+00 1.000000000000000000e+00 0.000000000000000000e+00 0.000000000000000000e+00 0.000000000000000000e+00
7.800000000000000000e+01 3.120062868592432537e-02 0.000000000000000000e+00 1.000000000000000000e+00 0.000000000000000000e+00 0.000000000000000000e+00 0.000000000000000000e+00
8.100000000000000000e+01 3.240065286615223528e-02 0.000000000000000000e+00 1.000000000000000000e+00 0.000000000000000000e+00 0.000000000000000000e+00 0.000000000000000000e+00
8.400000000000000000e+01 3.360067704638014519e-02 0.000000000000000000e+00 1.000000000000000000e+00 0.000000000000000000e+00 0.000000000000000000e+00 0.000000000000000000e+00
8.700000000000000000e+01 3.480070122660805509e-02 0.000000000000000000e+00 1.000000000000000000e+00 0.000000000000000000e+00 0.000000000000000000e+00 0.000000000000000000e+00
9.000000000000000000e+01 3.600072540683574296e-02 0.000000000000000000e+00 1.000000000000000000e+00 0.000000000000000000e+00 0.000000000000000000e+00 0.000000000000000000e+00
9.300000000000000000e+01 3.720074958706365287e-02 0.000000000000000000e+00 1.000000000000000000e+00 0.000000000000000000e+00 0.000000000000000000e+00 0.000000000000000000e+00
9.600000000000000000e+01 3.840077376729156278e-02 0.000000000000000000e+00 1.000000000000000000e+00 0.000000000000000000e+00 0.000000000000000000e+00 0.000000000000000000e+00
9.900000000000000000e+01 3.960079794751947269e-02 0.000000000000000000e+00 1.000000000000000000e+00 0.000000000000000000e+00 0.000000000000000000e+00 0.000000000000000000e+00
1.020000000000000000e+02 4.080082212774716055e-02 0.000000000000000000e+00 1.000000000000000000e+00 0.000000000000000000e+00 0.000000000000000000e+00 0.000000000000000000e+00
1.050000000000000000e+02 4.200084630797507046e-02 0.000000000000000000e+00 1.000000000000000000e+00 0.000000000000000000e+00 0.000000000000000000e+00 0.000000000000000000e+00
1.080000000000000000e+02 4.320087048820298037e-02 0.000000000000000000e+00 1.000000000000000000e+00 0.000000000000000000e+00 0.000000000000000000e+00 0.000000000000000000e+00
1.110000000000000000e+02 4.440089466843089028e-02 0.000000000000000000e+00 1.000000000000000000e+00 0.000000000000000000e+00 0.000000000000000000e+00 0.000000000000000000e+00
1.140000000000000000e+02 4.560091884865880019e-02 0.000000000000000000e+00 1.000000000000000000e+00 0.000000000000000000e+00 0.000000000000000000e+00 0.000000000000000000e+00
1.170000000000000000e+02 4.680094302888648805e-02 0.000000000000000000e+00 1.000000000000000000e+00 0.000000000000000000e+00 0.000000000000000000e+00 0.000000000000000000e+00
1.200000000000000000e+02 4.800096720911439796e-02 0.000000000000000000e+00 1.000000000000000000e+00 0.000000000000000000e+00 0.000000000000000000e+00 0.000000000000000000e+00
1.230000000000000000e+02 4.920099138934230787e-02 0.000000000000000000e+00 1.000000000000000000e+00 0.000000000000000000e+00 0.000000000000000000e+00 0.000000000000000000e+00
1.260000000000000000e+02 5.040101556957021778e-02 0.000000000000000000e+00 1.000000000000000000e+00 0.000000000000000000e+00 0.000000000000000000e+00 0.000000000000000000e+00
1.290000000000000000e+02 5.160103974979790564e-02 0.000000000000000000e+00 1.000000000000000000e+00 0.000000000000000000e+00 0.000000000000000000e+00 0.000000000000000000e+00
1.320000000000000000e+02 5.280106393002581555e-02 0.000000000000000000e+00 1.000000000000000000e+00 0.000000000000000000e+00 0.000000000000000000e+00 0.000000000000000000e+00
1.350000000000000000e+02 5.400108811025372546e-02 0.000000000000000000e+00 1.000000000000000000e+00 0.000000000000000000e+00 0.000000000000000000e+00 0.000000000000000000e+00
1.380000000000000000e+02 5.520111229048163537e-02 4.551661356395084266e-04 9.995448338643604380e-01 0.000000000000000000e+00 0.000000000000000000e+00 0.000000000000000000e+00
1.410000000000000000e+02 5.640113647070954528e-02 4.551661356395084266e-04 9.995448338643604380e-01 0.000000000000000000e+00 0.000000000000000000e+00 0.000000000000000000e+00
1.440000000000000000e+02 5.760116065093723314e-02 0.000000000000000000e+00 1.000000000000000000e+00 0.000000000000000000e+00 0.000000000000000000e+00 0.000000000000000000e+00
1.470000000000000000e+02 5.880118483116514305e-02 0.000000000000000000e+00 1.000000000000000000e+00 0.000000000000000000e+00 0.000000000000000000e+00 0.000000000000000000e+00
1.500000000000000000e+02 6.000120901139305296e-02 0.000000000000000000e+00 1.000000000000000000e+00 0.000000000000000000e+00 0.000000000000000000e+00 0.000000000000000000e+00
1.530000000000000000e+02 6.120123319162096287e-02 0.000000000000000000e+00 1.000000000000000000e+00 0.000000000000000000e+00 0.000000000000000000e+00 0.000000000000000000e+00
1.560000000000000000e+02 6.240125737184865073e-02 0.000000000000000000e+00 1.000000000000000000e+00 0.000000000000000000e+00 0.000000000000000000e+00 0.000000000000000000e+00
1.590000000000000000e+02 6.360128155207656064e-02 0.000000000000000000e+00 1.000000000000000000e+00 0.000000000000000000e+00 0.000000000000000000e+00 0.000000000000000000e+00
1.620000000000000000e+02 6.480130573230447055e-02 0.000000000000000000e+00 1.000000000000000000e+00 0.000000000000000000e+00 0.000000000000000000e+00 0.000000000000000000e+00
1.650000000000000000e+02 6.600132991253238046e-02 0.000000000000000000e+00 1.000000000000000000e+00 0.000000000000000000e+00 0.000000000000000000e+00 0.000000000000000000e+00
1.680000000000000000e+02 6.720135409276029037e-02 0.000000000000000000e+00 1.000000000000000000e+00 0.000000000000000000e+00 0.000000000000000000e+00 0.000000000000000000e+00
1.710000000000000000e+02 6.840137827298797824e-02 0.000000000000000000e+00 1.000000000000000000e+00 0.000000000000000000e+00 0.000000000000000000e+00 0.000000000000000000e+00
1.740000000000000000e+02 6.960140245321588814e-02 0.000000000000000000e+00 1.000000000000000000e+00 0.000000000000000000e+00 0.000000000000000000e+00 0.000000000000000000e+00
1.770000000000000000e+02 7.080142663344379805e-02 0.000000000000000000e+00 1.000000000000000000e+00 0.000000000000000000e+00 0.000000000000000000e+00 0.000000000000000000e+00
1.800000000000000000e+02 7.200145081367170796e-02 0.000000000000000000e+00 1.000000000000000000e+00 0.000000000000000000e+00 0.000000000000000000e+00 0.000000000000000000e+00
1.830000000000000000e+02 7.320147499389939583e-02 0.000000000000000000e+00 1.000000000000000000e+00 0.000000000000000000e+00 0.000000000000000000e+00 0.000000000000000000e+00
1.860000000000000000e+02 7.440149917412730574e-02 0.000000000000000000e+00 1.000000000000000000e+00 0.000000000000000000e+00 0.000000000000000000e+00 0.000000000000000000e+00
1.890000000000000000e+02 7.560152335435521564e-02 0.000000000000000000e+00 1.000000000000000000e+00 0.000000000000000000e+00 0.000000000000000000e+00 0.000000000000000000e+00
1.920000000000000000e+02 7.680154753458312555e-02 0.000000000000000000e+00 1.000000000000000000e+00 0.000000000000000000e+00 0.000000000000000000e+00 0.000000000000000000e+00
1.950000000000000000e+02 7.800157171481103546e-02 0.000000000000000000e+00 1.000000000000000000e+00 0.000000000000000000e+00 0.000000000000000000e+00 0.000000000000000000e+00
1.980000000000000000e+02 7.920159589503872333e-02 0.000000000000000000e+00 1.000000000000000000e+00 0.000000000000000000e+00 0.000000000000000000e+00 0.000000000000000000e+00
2.010000000000000000e+02 8.040162007526663324e-02 0.000000000000000000e+00 1.000000000000000000e+00 0.000000000000000000e+00 0.000000000000000000e+00 0.000000000000000000e+00
2.040000000000000000e+02 8.160164425549454315e-02 0.000000000000000000e+00 1.000000000000000000e+00 0.000000000000000000e+00 0.000000000000000000e+00 0.000000000000000000e+00
2.070000000000000000e+02 8.280166843572245305e-02 0.000000000000000000e+00 1.000000000000000000e+00 0.000000000000000000e+00 0.000000000000000000e+00 0.000000000000000000e+00
2.100000000000000000e+02 8.400169261595014092e-02 0.000000000000000000e+00 1.000000000000000000e+00 0.000000000000000000e+00 0.000000000000000000e+00 0.000000000000000000e+00
2.130000000000000000e+02 8.520171679617805083e-02 0.000000000000000000e+00 1.000000000000000000e+00 0.000000000000000000e+00 0.000000000000000000e+00 0.000000000000000000e+00
2.160000000000000000e+02 8.640174097640596074e-02 0.000000000000000000e+00 1.000000000000000000e+00 0.000000000000000000e+00 0.000000000000000000e+00 0.000000000000000000e+00
2.190000000000000000e+02 8.760176515663387065e-02 0.000000000000000000e+00 1.000000000000000000e+00 0.000000000000000000e+00 0.000000000000000000e+00 0.000000000000000000e+00
2.220000000000000000e+02 8.880178933686178055e-02 1.137915339098771066e-04 9.998862084660901095e-01 0.000000000000000000e+00 0.000000000000000000e+00 0.000000000000000000e+00
2.250000000000000000e+02 9.000181351708946842e-02 0.000000000000000000e+00 1.000000000000000000e+00 0.000000000000000000e+00 0.000000000000000000e+00 0.000000000000000000e+00
2.280000000000000000e+02 9.120183769731737833e-02 0.000000000000000000e+00 1.000000000000000000e+00 0.000000000000000000e+00 0.000000000000000000e+00 0.000000000000000000e+00
2.310000000000000000e+02 9.240186187754528824e-02 0.000000000000000000e+00 1.000000000000000000e+00 0.000000000000000000e+00 0.000000000000000000e+00 0.000000000000000000e+00
2.340000000000000000e+02 9.360188605777319815e-02 1.137915339098771066e-04 9.998862084660901095e-01 0.000000000000000000e+00 0.000000000000000000e+00 0.000000000000000000e+00
2.370000000000000000e+02 9.480191023800088601e-02 2.275830678197542133e-04 9.997724169321802190e-01 0.000000000000000000e+00 0.000000000000000000e+00 0.000000000000000000e+00
2.400000000000000000e+02 9.600193441822879592e-02 0.000000000000000000e+00 1.000000000000000000e+00 0.000000000000000000e+00 0.000000000000000000e+00 0.000000000000000000e+00
2.430000000000000000e+02 9.720195859845670583e-02 4.551661356395084266e-04 9.995448338643604380e-01 0.000000000000000000e+00 0.000000000000000000e+00 0.000000000000000000e+00
2.460000000000000000e+02 9.840198277868461574e-02 1.024123805188893906e-03 9.989758761948110966e-01 0.000000000000000000e+00 0.000000000000000000e+00 0.000000000000000000e+00
2.490000000000000000e+02 9.960200695891252565e-02 9.103322712790168532e-04 9.990896677287209870e-01 0.000000000000000000e+00 0.000000000000000000e+00 0.000000000000000000e+00
2.520000000000000000e+02 1.008020311391402135e-01 1.024123805188893906e-03 9.989758761948110966e-01 0.000000000000000000e+00 0.000000000000000000e+00 0.000000000000000000e+00
2.550000000000000000e+02 1.020020553193681234e-01 1.365498406918525280e-03 9.986345015930814251e-01 0.000000000000000000e+00 0.000000000000000000e+00 0.000000000000000000e+00
2.580000000000000000e+02 1.032020794995960333e-01 2.162039144287664864e-03 9.978379608557123026e-01 0.000000000000000000e+00 0.000000000000000000e+00 0.000000000000000000e+00
2.610000000000000000e+02 1.044021036798239432e-01 2.048247610377787811e-03 9.979517523896221931e-01 0.000000000000000000e+00 0.000000000000000000e+00 0.000000000000000000e+00
2.640000000000000000e+02 1.056021278600516311e-01 1.024123805188893906e-03 9.989758761948110966e-01 0.000000000000000000e+00 0.000000000000000000e+00 0.000000000000000000e+00
2.670000000000000000e+02 1.068021520402795410e-01 9.103322712790168532e-04 9.990896677287209870e-01 0.000000000000000000e+00 0.000000000000000000e+00 0.000000000000000000e+00
2.700000000000000000e+02 1.080021762205074509e-01 4.551661356395084266e-04 9.995448338643604380e-01 0.000000000000000000e+00 0.000000000000000000e+00 0.000000000000000000e+00
2.730000000000000000e+02 1.092022004007353608e-01 2.275830678197542133e-04 9.997724169321802190e-01 0.000000000000000000e+00 0.000000000000000000e+00 0.000000000000000000e+00
2.760000000000000000e+02 1.104022245809632707e-01 5.689576695493854790e-04 9.994310423304506585e-01 0.000000000000000000e+00 0.000000000000000000e+00 0.000000000000000000e+00
2.790000000000000000e+02 1.116022487611909586e-01 9.103322712790168532e-04 9.990896677287209870e-01 0.000000000000000000e+00 0.000000000000000000e+00 0.000000000000000000e+00
2.820000000000000000e+02 1.128022729414188685e-01 1.479289940828402332e-03 9.982931269913518646e-01 0.000000000000000000e+00 2.275830678197542133e-04 0.000000000000000000e+00
2.850000000000000000e+02 1.140022971216467784e-01 2.162039144287664864e-03 9.978379608557123026e-01 0.000000000000000000e+00 0.000000000000000000e+00 0.000000000000000000e+00
2.880000000000000000e+02 1.152023213018746883e-01 2.503413746017296455e-03 9.972690031861629611e-01 0.000000000000000000e+00 2.275830678197542133e-04 0.000000000000000000e+00
2.910000000000000000e+02 1.164023454821023762e-01 2.844788347746927612e-03 9.971552116522530707e-01 0.000000000000000000e+00 0.000000000000000000e+00 0.000000000000000000e+00
2.940000000000000000e+02 1.176023696623302861e-01 3.413746017296313308e-03 9.965862539827037292e-01 0.000000000000000000e+00 0.000000000000000000e+00 0.000000000000000000e+00
2.970000000000000000e+02 1.188023938425581960e-01 3.299954483386436255e-03 9.967000455166135087e-01 0.000000000000000000e+00 0.000000000000000000e+00 0.000000000000000000e+00
3.000000000000000000e+02 1.200024180227861059e-01 3.982703686845699004e-03 9.960172963131542767e-01 0.000000000000000000e+00 0.000000000000000000e+00 0.000000000000000000e+00
3.030000000000000000e+02 1.212024422030140158e-01 2.162039144287664864e-03 9.978379608557123026e-01 0.000000000000000000e+00 0.000000000000000000e+00 0.000000000000000000e+00
3.060000000000000000e+02 1.224024663832417037e-01 4.324078288575329727e-03 9.955621301775148257e-01 0.000000000000000000e+00 1.137915339098771066e-04 0.000000000000000000e+00
3.090000000000000000e+02 1.236024905634696136e-01 8.534365043240782836e-03 9.912380518889394310e-01 0.000000000000000000e+00 2.275830678197542133e-04 0.000000000000000000e+00
3.120000000000000000e+02 1.248025147436975235e-01 1.058261265361857065e-02 9.891898042785616241e-01 0.000000000000000000e+00 2.275830678197542133e-04 0.000000000000000000e+00
3.150000000000000000e+02 1.260025389239254334e-01 1.137915339098771045e-02 9.881656804733728316e-01 0.000000000000000000e+00 4.551661356395084266e-04 0.000000000000000000e+00
3.180000000000000000e+02 1.272025631041531213e-01 1.194811106053709528e-02 9.875967228038233792e-01 0.000000000000000000e+00 4.551661356395084266e-04 0.000000000000000000e+00
3.210000000000000000e+02 1.284025872843810312e-01 1.297223486572599005e-02 9.865725989986344757e-01 0.000000000000000000e+00 4.551661356395084266e-04 0.000000000000000000e+00
3.240000000000000000e+02 1.296026114646089411e-01 1.604460628129267263e-02 9.837278106508875464e-01 0.000000000000000000e+00 2.275830678197542133e-04 0.000000000000000000e+00
3.270000000000000000e+02 1.308026356448368510e-01 1.934456076467910846e-02 9.804278561675011661e-01 0.000000000000000000e+00 2.275830678197542133e-04 0.000000000000000000e+00
3.300000000000000000e+02 1.320026598250647609e-01 2.105143377332726468e-02 9.783796085571233592e-01 0.000000000000000000e+00 5.689576695493854790e-04 0.000000000000000000e+00
3.330000000000000000e+02 1.332026840052924488e-01 2.275830678197542090e-02 9.764451524806554428e-01 0.000000000000000000e+00 7.965407373691396923e-04 0.000000000000000000e+00
3.360000000000000000e+02 1.344027081855203587e-01 2.446517979062357712e-02 9.746244879380974169e-01 0.000000000000000000e+00 9.103322712790168532e-04 0.000000000000000000e+00
3.390000000000000000e+02 1.356027323657482686e-01 3.106508875739644876e-02 9.675694128356849832e-01 0.000000000000000000e+00 1.365498406918525280e-03 0.000000000000000000e+00
3.420000000000000000e+02 1.368027565459761785e-01 3.356850250341374825e-02 9.656349567592170668e-01 0.000000000000000000e+00 7.965407373691396923e-04 0.000000000000000000e+00
3.450000000000000000e+02 1.380027807262038664e-01 3.880291306326809353e-02 9.602867546654528796e-01 0.000000000000000000e+00 9.103322712790168532e-04 0.000000000000000000e+00
3.480000000000000000e+02 1.392028049064317763e-01 3.789258079198907364e-02 9.608557123350022211e-01 0.000000000000000000e+00 1.251706873008648227e-03 0.000000000000000000e+00
3.510000000000000000e+02 1.404028290866596862e-01 4.654073736913973830e-02 9.518661811561219821e-01 0.000000000000000000e+00 1.593081474738279385e-03 0.000000000000000000e+00
3.540000000000000000e+02 1.416028532668875961e-01 5.518889394629039602e-02 9.420801092398725096e-01 0.000000000000000000e+00 2.730996813837050560e-03 0.000000000000000000e+00
3.570000000000000000e+02 1.428028774471155060e-01 6.338188438780155420e-02 9.334319526627219421e-01 0.000000000000000000e+00 3.186162949476558769e-03 0.000000000000000000e+00
3.600000000000000000e+02 1.440029016273431939e-01 7.783340919435594030e-02 9.176149294492489394e-01 0.000000000000000000e+00 4.551661356395083832e-03 0.000000000000000000e+00
3.630000000000000000e+02 1.452029258075711038e-01 9.262630860263997012e-02 9.020254893035958288e-01 0.000000000000000000e+00 5.348202093764223633e-03 0.000000000000000000e+00
3.660000000000000000e+02 1.464029499877990137e-01 1.127674101046882149e-01 8.801775147928994070e-01 0.000000000000000000e+00 7.055075102412380721e-03 0.000000000000000000e+00
3.690000000000000000e+02 1.476029741680269236e-01 1.345015930814747462e-01 8.571916249431041912e-01 0.000000000000000000e+00 8.306781975421027864e-03 0.000000000000000000e+00
3.720000000000000000e+02 1.488029983482546115e-01 1.614701866181156020e-01 8.263541192535275304e-01 0.000000000000000000e+00 1.217569412835685025e-02 0.000000000000000000e+00
3.750000000000000000e+02 1.500030225284825214e-01 1.874146563495675821e-01 7.967683204369594430e-01 0.000000000000000000e+00 1.581702321347291593e-02 0.000000000000000000e+00
3.780000000000000000e+02 1.512030467087104313e-01 2.154073736913973691e-01 7.629722348657259623e-01 0.000000000000000000e+00 2.162039144287665124e-02 0.000000000000000000e+00
3.810000000000000000e+02 1.524030708889383412e-01 2.505689576695493970e-01 7.225762403277196100e-01 0.000000000000000000e+00 2.685480200273099652e-02 0.000000000000000000e+00
3.840000000000000000e+02 1.536030950691662511e-01 2.913063268092853653e-01 6.747837960855712636e-01 0.000000000000000000e+00 3.390987710514337811e-02 0.000000000000000000e+00
3.870000000000000000e+02 1.548031192493939390e-01 3.353436504324078249e-01 6.205052344105598250e-01 0.000000000000000000e+00 4.415111515703231543e-02 0.000000000000000000e+00
3.900000000000000000e+02 1.560031434296218489e-01 3.725534820209376319e-01 5.716886663632225751e-01 0.000000000000000000e+00 5.575785161583977911e-02 0.000000000000000000e+00
3.930000000000000000e+02 1.572031676098497588e-01 4.170459717796995980e-01 5.138825671370049752e-01 0.000000000000000000e+00 6.907146108329539902e-02 0.000000000000000000e+00
3.960000000000000000e+02 1.584031917900776687e-01 4.806554392353208915e-01 4.380974055530268418e-01 0.000000000000000000e+00 8.124715521165225274e-02 0.000000000000000000e+00
3.990000000000000000e+02 1.596032159703053566e-01 5.256030951297223641e-01 3.797223486572599005e-01 0.000000000000000000e+00 9.467455621301774926e-02 0.000000000000000000e+00
4.020000000000000000e+02 1.608032401505332665e-01 5.738507055075102725e-01 3.157715065999089910e-01 1.137915339098771066e-04 1.102639963586709154e-01 0.000000000000000000e+00
4.050000000000000000e+02 1.620032643307611764e-01 6.055985434683659463e-01 2.653618570778333852e-01 0.000000000000000000e+00 1.290395994538006408e-01 0.000000000000000000e+00
4.080000000000000000e+02 1.632032885109890863e-01 6.368912152935821691e-01 2.154073736913973691e-01 2.275830678197542133e-04 1.474738279472007363e-01 0.000000000000000000e+00
4.110000000000000000e+02 1.644033126912169962e-01 6.717114246700045532e-01 1.709148839326354030e-01 3.413746017296313199e-04 1.570323167956304000e-01 0.000000000000000000e+00
4.140000000000000000e+02 1.656033368714446841e-01 6.973145197997269173e-01 1.360946745562130189e-01 7.965407373691396923e-04 1.657942649066909413e-01 0.000000000000000000e+00
4.170000000000000000e+02 1.668033610516725940e-01 7.195038689121528996e-01 1.022985889849795244e-01 1.024123805188893906e-03 1.771734182976786587e-01 0.000000000000000000e+00
4.200000000000000000e+02 1.680033852319005039e-01 7.308830223031406170e-01 7.897132453345470648e-02 9.103322712790168532e-04 1.892353208921256358e-01 0.000000000000000000e+00
4.230000000000000000e+02 1.692034094121284138e-01 7.398725534820209671e-01 6.247155211652252738e-02 1.479289940828402332e-03 1.961766044606281234e-01 0.000000000000000000e+00
4.260000000000000000e+02 1.704034335923561017e-01 7.452207555757851543e-01 4.972690031861629750e-02 1.706873008648156654e-03 2.033454710969503920e-01 0.000000000000000000e+00
4.290000000000000000e+02 1.716034577725840116e-01 7.526172052799271484e-01 3.903049613108784677e-02 2.503413746017296455e-03 2.058488848429676776e-01 0.000000000000000000e+00
4.320000000000000000e+02 1.728034819528119215e-01 7.542102867546655043e-01 3.163404642694583185e-02 3.299954483386436255e-03 2.108557123350022766e-01 0.000000000000000000e+00
4.350000000000000000e+02 1.740035061330398314e-01 7.576240327719617751e-01 2.708238507055074976e-02 3.299954483386436255e-03 2.119936276741010428e-01 0.000000000000000000e+00
4.380000000000000000e+02 1.752035303132677413e-01 7.612653618570778269e-01 2.309968138370505075e-02 3.755120619025944465e-03 2.118798361401911801e-01 0.000000000000000000e+00
4.410000000000000000e+02 1.764035544934954292e-01 7.641101502048247562e-01 2.184797451069640448e-02 4.324078288575329727e-03 2.097177969959035104e-01 0.000000000000000000e+00
4.440000000000000000e+02 1.776035786737233391e-01 7.605826126536185949e-01 2.093764223941738806e-02 4.893035958124715423e-03 2.135867091488393155e-01 0.000000000000000000e+00
4.470000000000000000e+02 1.788036028539512490e-01 7.569412835685025431e-01 1.968593536640873831e-02 5.917159763313609329e-03 2.174556213017751483e-01 0.000000000000000000e+00
4.500000000000000000e+02 1.800036270341791589e-01 7.596722803823395820e-01 1.934456076467910846e-02 6.827492034592626616e-03 2.141556668183887124e-01 0.000000000000000000e+00
4.530000000000000000e+02 1.812036512144068467e-01 7.666135639508420141e-01 1.911697769685935522e-02 8.761948111060537808e-03 2.055075102412380617e-01 0.000000000000000000e+00
4.560000000000000000e+02 1.824036753946347567e-01 7.645653163404643182e-01 1.968593536640873831e-02 8.534365043240782836e-03 2.072143832498861971e-01 0.000000000000000000e+00
4.590000000000000000e+02 1.836036995748626666e-01 7.611515703231679364e-01 1.968593536640873831e-02 1.149294492489758707e-02 2.076695493855257035e-01 0.000000000000000000e+00
4.620000000000000000e+02 1.848037237550905765e-01 7.554619936276740777e-01 2.048247610377787811e-02 1.263086026399635846e-02 2.114246700045516736e-01 0.000000000000000000e+00
4.650000000000000000e+02 1.860037479353184864e-01 7.531861629494766008e-01 2.105143377332726468e-02 1.502048247610377786e-02 2.107419208010923861e-01 0.000000000000000000e+00
4.680000000000000000e+02 1.872037721155461742e-01 7.505689576695493415e-01 2.241693218024579104e-02 1.684114701866181243e-02 2.101729631315430169e-01 0.000000000000000000e+00
4.710000000000000000e+02 1.884037962957740842e-01 7.485207100591716456e-01 2.412380518889394726e-02 1.843422849340009204e-02 2.089212562585343602e-01 0.000000000000000000e+00
4.740000000000000000e+02 1.896038204760019941e-01 7.498862084660901095e-01 2.412380518889394726e-02 2.253072371415566766e-02 2.034592626308602548e-01 0.000000000000000000e+00
4.770000000000000000e+02 1.908038446562299040e-01 7.544378698224851743e-01 2.355484751934456070e-02 2.514792899408284030e-02 1.968593536640873831e-01 0.000000000000000000e+00
4.800000000000000000e+02 1.920038688364575918e-01 7.575102412380518846e-01 2.503413746017296368e-02 2.878925807919890598e-02 1.886663632225762388e-01 0.000000000000000000e+00
4.830000000000000000e+02 1.932038930166855017e-01 7.624032771961766208e-01 2.480655439235321044e-02 2.992717341829767910e-02 1.828629949931725174e-01 0.000000000000000000e+00
4.860000000000000000e+02 1.944039171969134117e-01 7.677514792899408080e-01 2.401001365498407064e-02 3.038233955393718558e-02 1.778561675011379184e-01 0.000000000000000000e+00
4.890000000000000000e+02 1.956039413771413216e-01 7.716203914428766408e-01 2.446517979062357712e-02 3.322712790168411146e-02 1.706873008648156498e-01 0.000000000000000000e+00
4.920000000000000000e+02 1.968039655573692315e-01 7.729858898497952158e-01 2.548930359581247015e-02 3.732362312243969055e-02 1.642011834319526686e-01 0.000000000000000000e+00
4.950000000000000000e+02 1.980039897375969193e-01 7.816340464269457833e-01 2.514792899408284030e-02 4.062357760582612637e-02 1.525944469731451980e-01 0.000000000000000000e+00
4.980000000000000000e+02 1.992040139178248292e-01 7.833409194355940297e-01 2.674101046882111990e-02 4.642694583522986168e-02 1.434911242603550408e-01 0.000000000000000000e+00
5.010000000000000000e+02 2.004040380980527392e-01 7.824305871643150168e-01 2.765134274010013632e-02 5.018206645425580398e-02 1.397360036413290985e-01 0.000000000000000000e+00
5.040000000000000000e+02 2.016040622782806491e-01 7.815202548930360038e-01 2.833409194355939950e-02 5.609922621756941591e-02 1.340464269458352398e-01 0.000000000000000000e+00
5.070000000000000000e+02 2.028040864585083369e-01 7.840236686390532617e-01 2.776513427401001294e-02 5.894401456531633832e-02 1.292671825216203940e-01 0.000000000000000000e+00
5.100000000000000000e+02 2.040041106387362468e-01 7.889167045971779979e-01 2.787892580791988956e-02 6.087847064178425471e-02 1.223258989531178925e-01 0.000000000000000000e+00
5.130000000000000000e+02 2.052041348189641568e-01 7.938097405553027341e-01 2.696859353664087314e-02 6.292671825216203385e-02 1.162949476558944040e-01 0.000000000000000000e+00
5.160000000000000000e+02 2.064041589991920667e-01 7.931269913518433912e-01 2.708238507055074976e-02 6.713700500682749650e-02 1.126536185707783383e-01 0.000000000000000000e+00
5.190000000000000000e+02 2.076041831794199766e-01 7.927856167501138307e-01 2.901684114701866268e-02 6.850250341374601593e-02 1.096950386891215323e-01 0.000000000000000000e+00
5.220000000000000000e+02 2.088042073596476644e-01 7.956304050978607600e-01 3.015475648611743234e-02 7.203004096495220498e-02 1.021847974510696339e-01 0.000000000000000000e+00
5.250000000000000000e+02 2.100042315398755743e-01 8.010923987255348377e-01 3.140646335912607862e-02 7.066454255803368556e-02 9.683659535730541890e-02 0.000000000000000000e+00
5.280000000000000000e+02 2.112042557201034843e-01 8.018889394629039602e-01 3.413746017296313134e-02 7.271279016841146470e-02 9.126081019572143682e-02 0.000000000000000000e+00
5.310000000000000000e+02 2.124042799003313942e-01 8.043923532089212181e-01 3.402366863905325473e-02 7.282658170232134132e-02 8.875739644970413733e-02 0.000000000000000000e+00
5.340000000000000000e+02 2.136043040805590820e-01 8.148611743286299225e-01 3.197542102867546865e-02 6.895766954938552240e-02 8.420573509330905870e-02 0.000000000000000000e+00
5.370000000000000000e+02 2.148043282607869919e-01 8.181611288120164138e-01 3.174783796085571541e-02 6.918525261720527564e-02 8.090578060992262288e-02 0.000000000000000000e+00
5.400000000000000000e+02 2.160043524410149018e-01 8.204369594902138907e-01 3.345471096950387163e-02 6.873008648156576916e-02 7.737824305871643382e-02 0.000000000000000000e+00
5.430000000000000000e+02 2.172043766212428118e-01 8.263541192535275304e-01 3.379608557123350149e-02 6.781975421028675621e-02 7.203004096495220498e-02 0.000000000000000000e+00
5.460000000000000000e+02 2.184044008014707217e-01 8.269230769230768718e-01 3.482020937642239106e-02 6.486117432862995025e-02 7.339553937187073829e-02 0.000000000000000000e+00
5.490000000000000000e+02 2.196044249816984095e-01 8.289713245334546787e-01 3.482020937642239106e-02 6.451979972690032039e-02 7.168866636322257513e-02 0.000000000000000000e+00
5.520000000000000000e+02 2.208044491619263194e-01 8.324988620846609511e-01 3.447883477469276120e-02 6.451979972690032039e-02 6.850250341374601593e-02 0.000000000000000000e+00
5.550000000000000000e+02 2.220044733421542293e-01 8.307919890760127046e-01 3.527537551206190447e-02 6.440600819299044377e-02 6.952662721893490549e-02 0.000000000000000000e+00
5.580000000000000000e+02 2.232044975223821393e-01 8.313609467455621571e-01 3.550295857988165771e-02 6.497496586253982687e-02 6.816112881201638607e-02 0.000000000000000000e+00
5.610000000000000000e+02 2.244045217026098271e-01 8.307919890760127046e-01 3.720983158852981393e-02 6.349567592171143082e-02 6.850250341374601593e-02 0.000000000000000000e+00
5.640000000000000000e+02 2.256045458828377370e-01 8.301092398725534727e-01 3.789258079198907364e-02 6.543013199817933334e-02 6.656804733727811341e-02 0.000000000000000000e+00
5.670000000000000000e+02 2.268045700630656469e-01 8.346609012289485374e-01 3.868912152935821691e-02 6.338188438780155420e-02 6.326809285389166371e-02 0.000000000000000000e+00
5.700000000000000000e+02 2.280045942432935568e-01 8.394401456531633832e-01 3.846153846153846367e-02 6.030951297223486468e-02 6.178880291306326766e-02 0.000000000000000000e+00
5.730000000000000000e+02 2.292046184235214668e-01 8.404642694583522866e-01 3.994082840236686666e-02 5.962676376877560497e-02 5.996813837050523482e-02 0.000000000000000000e+00
5.760000000000000000e+02 2.304046426037491546e-01 8.394401456531633832e-01 4.267182521620391245e-02 5.848884842967683184e-02 5.939918070095585173e-02 0.000000000000000000e+00
5.790000000000000000e+02 2.316046667839770645e-01 8.388711879836140417e-01 4.415111515703231543e-02 5.757851615839781195e-02 5.939918070095585173e-02 0.000000000000000000e+00
5.820000000000000000e+02 2.328046909642049744e-01 8.416021847974510806e-01 4.540282203004096517e-02 5.484751934456076616e-02 5.814747382794720199e-02 0.000000000000000000e+00
5.850000000000000000e+02 2.340047151444328843e-01 8.406918525261720676e-01 4.563040509786071841e-02 5.553026854802002588e-02 5.814747382794720199e-02 0.000000000000000000e+00
5.880000000000000000e+02 2.352047393246605722e-01 8.408056440600819581e-01 4.767865270823850449e-02 5.678197542102867562e-02 5.473372781065088954e-02 0.000000000000000000e+00
5.910000000000000000e+02 2.364047635048884821e-01 8.436504324078288874e-01 4.756486117432862787e-02 5.598543468365953235e-02 5.279927173418298009e-02 0.000000000000000000e+00
5.940000000000000000e+02 2.376047876851163920e-01 8.445607646791079004e-01 4.858898497951752438e-02 5.587164314974965573e-02 5.097860719162494031e-02 0.000000000000000000e+00
5.970000000000000000e+02 2.388048118653443019e-01 8.480883022303140617e-01 5.131998179335457710e-02 5.302685480200273332e-02 4.756486117432862787e-02 0.000000000000000000e+00
6.000000000000000000e+02 2.400048360455722118e-01 8.493400091033227461e-01 5.325443786982248656e-02 5.325443786982248656e-02 4.415111515703231543e-02 0.000000000000000000e+00
6.030000000000000000e+02 2.412048602257998997e-01 8.504779244424214291e-01 5.166135639508420696e-02 5.382339553937186966e-02 4.403732362312243881e-02 0.000000000000000000e+00
6.060000000000000000e+02 2.424048844060278096e-01 8.561675011379152878e-01 5.143377332726445372e-02 5.211652253072371344e-02 4.028220300409649651e-02 0.000000000000000000e+00
6.090000000000000000e+02 2.436049085862557195e-01 8.511606736458807720e-01 5.393718707328174627e-02 5.314064633591260994e-02 4.176149294492489950e-02 0.000000000000000000e+00
6.120000000000000000e+02 2.448049327664836294e-01 8.500227583067819781e-01 5.382339553937186966e-02 5.382339553937186966e-02 4.233045061447428259e-02 0.000000000000000000e+00
6.150000000000000000e+02 2.460049569467113173e-01 8.497951752389621971e-01 5.621301775147929253e-02 5.336822940373236318e-02 4.062357760582612637e-02 0.000000000000000000e+00
6.180000000000000000e+02 2.472049811269392272e-01 8.428538916704597650e-01 5.905780609922621494e-02 5.564406008192990249e-02 4.244424214838415921e-02 0.000000000000000000e+00
6.210000000000000000e+02 2.484050053071671371e-01 8.463814292216659263e-01 5.757851615839781195e-02 5.439235320892125969e-02 4.164770141101502288e-02 0.000000000000000000e+00
6.240000000000000000e+02 2.496050294873950470e-01 8.524123805188893455e-01 5.689576695493855224e-02 5.279927173418298009e-02 3.789258079198907364e-02 0.000000000000000000e+00
6.270000000000000000e+02 2.508050536676229569e-01 8.480883022303140617e-01 5.894401456531633832e-02 5.336822940373236318e-02 3.959945380063722986e-02 0.000000000000000000e+00
6.300000000000000000e+02 2.520050778478506448e-01 8.459262630860263643e-01 6.133363677742376119e-02 5.507510241238051940e-02 3.766499772416932040e-02 0.000000000000000000e+00
6.330000000000000000e+02 2.532051020280785547e-01 8.466090122894857073e-01 6.247155211652252738e-02 5.405097860719162289e-02 3.686845698680018407e-02 0.000000000000000000e+00
6.360000000000000000e+02 2.544051262083064646e-01 8.468365953573053773e-01 6.349567592171143082e-02 5.268548020027309653e-02 3.698224852071006069e-02 0.000000000000000000e+00
6.390000000000000000e+02 2.556051503885343745e-01 8.486572598998634032e-01 6.247155211652252738e-02 5.188893946290396020e-02 3.698224852071006069e-02 0.000000000000000000e+00
6.420000000000000000e+02 2.568051745687620624e-01 8.515020482476103325e-01 6.224396904870277414e-02 5.223031406463359005e-02 3.402366863905325473e-02 0.000000000000000000e+00
6.450000000000000000e+02 2.580051987489899723e-01 8.497951752389621971e-01 6.292671825216203385e-02 5.143377332726445372e-02 3.584433318161128756e-02 0.000000000000000000e+00
6.480000000000000000e+02 2.592052229292178822e-01 8.474055530268548297e-01 6.258534365043240399e-02 5.234410559854346667e-02 3.766499772416932040e-02 0.000000000000000000e+00
6.510000000000000000e+02 2.604052471094457921e-01 8.471779699590350488e-01 6.292671825216203385e-02 5.257168866636321991e-02 3.732362312243969055e-02 0.000000000000000000e+00
6.540000000000000000e+02 2.616052712896737020e-01 8.444469731451980099e-01 6.395084205735093730e-02 5.416477014110149951e-02 3.743741465634956717e-02 0.000000000000000000e+00
6.570000000000000000e+02 2.628052954699013899e-01 8.487710514337732937e-01 6.304050978607191047e-02 5.223031406463359005e-02 3.595812471552116418e-02 0.000000000000000000e+00
6.600000000000000000e+02 2.640053196501292998e-01 8.501365498406918686e-01 6.213017751479289752e-02 5.154756486117433034e-02 3.607191624943104080e-02 1.137915339098771066e-04
6.630000000000000000e+02 2.652053438303572097e-01 8.517296313154301135e-01 5.951297223486572835e-02 5.291306326809285671e-02 3.573054164770141095e-02 1.137915339098771066e-04
6.660000000000000000e+02 2.664053680105851196e-01 8.520710059171597850e-01 6.042330450614474130e-02 5.302685480200273332e-02 3.436504324078288458e-02 1.137915339098771066e-04
6.690000000000000000e+02 2.676053921908128075e-01 8.559399180700956178e-01 5.996813837050523482e-02 5.223031406463359005e-02 3.174783796085571541e-02 1.137915339098771066e-04
6.720000000000000000e+02 2.688054163710407174e-01 8.541192535275375919e-01 5.985434683659535821e-02 5.393718707328174627e-02 3.208921256258534527e-02 0.000000000000000000e+00
6.750000000000000000e+02 2.700054405512686273e-01 8.541192535275375919e-01 5.928538916704597511e-02 5.359581247155211642e-02 3.299954483386435822e-02 0.000000000000000000e+00
6.780000000000000000e+02 2.712054647314965372e-01 8.561675011379152878e-01 5.871643149749658508e-02 5.257168866636321991e-02 3.254437869822485174e-02 0.000000000000000000e+00
6.810000000000000000e+02 2.724054889117244471e-01 8.541192535275375919e-01 6.087847064178425471e-02 5.188893946290396020e-02 3.311333636777423484e-02 0.000000000000000000e+00
