# itime ezz other fcc hcp bcc ico
0.000000000000000000e+00 0.000000000000000000e+00 0.000000000000000000e+00 1.000000000000000000e+00 0.000000000000000000e+00 0.000000000000000000e+00 0.000000000000000000e+00
4.000000000000000000e+03 9.999923761230267161e-04 0.000000000000000000e+00 1.000000000000000000e+00 0.000000000000000000e+00 0.000000000000000000e+00 0.000000000000000000e+00
8.000000000000000000e+03 1.999984752246053432e-03 0.000000000000000000e+00 1.000000000000000000e+00 0.000000000000000000e+00 0.000000000000000000e+00 0.000000000000000000e+00
1.200000000000000000e+04 2.999977128368858104e-03 0.000000000000000000e+00 1.000000000000000000e+00 0.000000000000000000e+00 0.000000000000000000e+00 0.000000000000000000e+00
1.600000000000000000e+04 3.999969504491884820e-03 0.000000000000000000e+00 1.000000000000000000e+00 0.000000000000000000e+00 0.000000000000000000e+00 0.000000000000000000e+00
2.000000000000000000e+04 4.999961880614911536e-03 0.000000000000000000e+00 1.000000000000000000e+00 0.000000000000000000e+00 0.000000000000000000e+00 0.000000000000000000e+00
2.400000000000000000e+04 5.999954256737938252e-03 0.000000000000000000e+00 1.000000000000000000e+00 0.000000000000000000e+00 0.000000000000000000e+00 0.000000000000000000e+00
2.800000000000000000e+04 6.999946632860742923e-03 0.000000000000000000e+00 1.000000000000000000e+00 0.000000000000000000e+00 0.000000000000000000e+00 0.000000000000000000e+00
3.200000000000000000e+04 7.999939008983769639e-03 0.000000000000000000e+00 1.000000000000000000e+00 0.000000000000000000e+00 0.000000000000000000e+00 0.000000000000000000e+00
3.600000000000000000e+04 8.999931385106796355e-03 0.000000000000000000e+00 1.000000000000000000e+00 0.000000000000000000e+00 0.000000000000000000e+00 0.000000000000000000e+00
4.000000000000000000e+04 9.999923761229823072e-03 0.000000000000000000e+00 1.000000000000000000e+00 0.000000000000000000e+00 0.000000000000000000e+00 0.000000000000000000e+00
4.400000000000000000e+04 1.099991613735284979e-02 0.000000000000000000e+00 1.000000000000000000e+00 0.000000000000000000e+00 0.000000000000000000e+00 0.000000000000000000e+00
4.800000000000000000e+04 1.199990851347565446e-02 0.000000000000000000e+00 1.000000000000000000e+00 0.000000000000000000e+00 0.000000000000000000e+00 0.000000000000000000e+00
5.200000000000000000e+04 1.299990088959868118e-02 0.000000000000000000e+00 1.000000000000000000e+00 0.000000000000000000e+00 0.000000000000000000e+00 0.000000000000000000e+00
5.600000000000000000e+04 1.399989326572170789e-02 0.000000000000000000e+00 1.000000000000000000e+00 0.000000000000000000e+00 0.000000000000000000e+00 0.000000000000000000e+00
6.000000000000000000e+04 1.499988564184473461e-02 0.000000000000000000e+00 1.000000000000000000e+00 0.000000000000000000e+00 0.000000000000000000e+00 0.000000000000000000e+00
6.400000000000000000e+04 1.599987801796753928e-02 0.000000000000000000e+00 1.000000000000000000e+00 0.000000000000000000e+00 0.000000000000000000e+00 0.000000000000000000e+00
6.800000000000000000e+04 1.699987039409056599e-02 0.000000000000000000e+00 1.000000000000000000e+00 0.000000000000000000e+00 0.000000000000000000e+00 0.000000000000000000e+00
7.200000000000000000e+04 1.799986277021359271e-02 0.000000000000000000e+00 1.000000000000000000e+00 0.000000000000000000e+00 0.000000000000000000e+00 0.000000000000000000e+00
7.600000000000000000e+04 1.899985514633661943e-02 0.000000000000000000e+00 1.000000000000000000e+00 0.000000000000000000e+00 0.000000000000000000e+00 0.000000000000000000e+00
8.000000000000000000e+04 1.999984752245964614e-02 0.000000000000000000e+00 1.000000000000000000e+00 0.000000000000000000e+00 0.000000000000000000e+00 0.000000000000000000e+00
8.400000000000000000e+04 2.099983989858245081e-02 0.000000000000000000e+00 1.000000000000000000e+00 0.000000000000000000e+00 0.000000000000000000e+00 0.000000000000000000e+00
8.800000000000000000e+04 2.199983227470547753e-02 0.000000000000000000e+00 1.000000000000000000e+00 0.000000000000000000e+00 0.000000000000000000e+00 0.000000000000000000e+00
9.200000000000000000e+04 2.299982465082850425e-02 0.000000000000000000e+00 1.000000000000000000e+00 0.000000000000000000e+00 0.000000000000000000e+00 0.000000000000000000e+00
9.600000000000000000e+04 2.399981702695153096e-02 0.000000000000000000e+00 1.000000000000000000e+00 0.000000000000000000e+00 0.000000000000000000e+00 0.000000000000000000e+00
1.000000000000000000e+05 2.499980940307433563e-02 0.000000000000000000e+00 1.000000000000000000e+00 0.000000000000000000e+00 0.000000000000000000e+00 0.000000000000000000e+00
1.040000000000000000e+05 2.599980177919736235e-02 0.000000000000000000e+00 1.000000000000000000e+00 0.000000000000000000e+00 0.000000000000000000e+00 0.000000000000000000e+00
1.080000000000000000e+05 2.699979415532038907e-02 0.000000000000000000e+00 1.000000000000000000e+00 0.000000000000000000e+00 0.000000000000000000e+00 0.000000000000000000e+00
1.120000000000000000e+05 2.799978653144341578e-02 0.000000000000000000e+00 1.000000000000000000e+00 0.000000000000000000e+00 0.000000000000000000e+00 0.000000000000000000e+00
1.160000000000000000e+05 2.899977890756622045e-02 0.000000000000000000e+00 1.000000000000000000e+00 0.000000000000000000e+00 0.000000000000000000e+00 0.000000000000000000e+00
1.200000000000000000e+05 2.999977128368924717e-02 0.000000000000000000e+00 1.000000000000000000e+00 0.000000000000000000e+00 0.000000000000000000e+00 0.000000000000000000e+00
1.240000000000000000e+05 3.099976365981227389e-02 0.000000000000000000e+00 1.000000000000000000e+00 0.000000000000000000e+00 0.000000000000000000e+00 0.000000000000000000e+00
1.280000000000000000e+05 3.199975603593530060e-02 0.000000000000000000e+00 1.000000000000000000e+00 0.000000000000000000e+00 0.000000000000000000e+00 0.000000000000000000e+00
1.320000000000000000e+05 3.299974841205832732e-02 0.000000000000000000e+00 1.000000000000000000e+00 0.000000000000000000e+00 0.000000000000000000e+00 0.000000000000000000e+00
1.360000000000000000e+05 3.399974078818113199e-02 0.000000000000000000e+00 1.000000000000000000e+00 0.000000000000000000e+00 0.000000000000000000e+00 0.000000000000000000e+00
1.400000000000000000e+05 3.499973316430415871e-02 0.000000000000000000e+00 1.000000000000000000e+00 0.000000000000000000e+00 0.000000000000000000e+00 0.000000000000000000e+00
1.440000000000000000e+05 3.599972554042718542e-02 0.000000000000000000e+00 1.000000000000000000e+00 0.000000000000000000e+00 0.000000000000000000e+00 0.000000000000000000e+00
1.480000000000000000e+05 3.699971791655021214e-02 0.000000000000000000e+00 1.000000000000000000e+00 0.000000000000000000e+00 0.000000000000000000e+00 0.000000000000000000e+00
1.520000000000000000e+05 3.799971029267301681e-02 0.000000000000000000e+00 1.000000000000000000e+00 0.000000000000000000e+00 0.000000000000000000e+00 0.000000000000000000e+00
1.560000000000000000e+05 3.899970266879604353e-02 0.000000000000000000e+00 1.000000000000000000e+00 0.000000000000000000e+00 0.000000000000000000e+00 0.000000000000000000e+00
1.600000000000000000e+05 3.999969504491907024e-02 0.000000000000000000e+00 1.000000000000000000e+00 0.000000000000000000e+00 0.000000000000000000e+00 0.000000000000000000e+00
1.640000000000000000e+05 4.099968742104209696e-02 0.000000000000000000e+00 1.000000000000000000e+00 0.000000000000000000e+00 0.000000000000000000e+00 0.000000000000000000e+00
1.680000000000000000e+05 4.199967979716512367e-02 0.000000000000000000e+00 1.000000000000000000e+00 0.000000000000000000e+00 0.000000000000000000e+00 0.000000000000000000e+00
1.720000000000000000e+05 4.299967217328792835e-02 0.000000000000000000e+00 1.000000000000000000e+00 0.000000000000000000e+00 0.000000000000000000e+00 0.000000000000000000e+00
1.760000000000000000e+05 4.399966454941095506e-02 0.000000000000000000e+00 1.000000000000000000e+00 0.000000000000000000e+00 0.000000000000000000e+00 0.000000000000000000e+00
1.800000000000000000e+05 4.499965692553398178e-02 0.000000000000000000e+00 1.000000000000000000e+00 0.000000000000000000e+00 0.000000000000000000e+00 0.000000000000000000e+00
1.840000000000000000e+05 4.599964930165700849e-02 0.000000000000000000e+00 1.000000000000000000e+00 0.000000000000000000e+00 0.000000000000000000e+00 0.000000000000000000e+00
1.880000000000000000e+05 4.699964167777981316e-02 0.000000000000000000e+00 1.000000000000000000e+00 0.000000000000000000e+00 0.000000000000000000e+00 0.000000000000000000e+00
1.920000000000000000e+05 4.799963405390283988e-02 0.000000000000000000e+00 1.000000000000000000e+00 0.000000000000000000e+00 0.000000000000000000e+00 0.000000000000000000e+00
1.960000000000000000e+05 4.899962643002586660e-02 0.000000000000000000e+00 1.000000000000000000e+00 0.000000000000000000e+00 0.000000000000000000e+00 0.000000000000000000e+00
2.000000000000000000e+05 4.999961880614889331e-02 0.000000000000000000e+00 1.000000000000000000e+00 0.000000000000000000e+00 0.000000000000000000e+00 0.000000000000000000e+00
2.040000000000000000e+05 5.099961118227192003e-02 0.000000000000000000e+00 1.000000000000000000e+00 0.000000000000000000e+00 0.000000000000000000e+00 0.000000000000000000e+00
2.080000000000000000e+05 5.199960355839472470e-02 0.000000000000000000e+00 1.000000000000000000e+00 0.000000000000000000e+00 0.000000000000000000e+00 0.000000000000000000e+00
2.120000000000000000e+05 5.299959593451775142e-02 0.000000000000000000e+00 1.000000000000000000e+00 0.000000000000000000e+00 0.000000000000000000e+00 0.000000000000000000e+00
2.160000000000000000e+05 5.399958831064077813e-02 0.000000000000000000e+00 1.000000000000000000e+00 0.000000000000000000e+00 0.000000000000000000e+00 0.000000000000000000e+00
2.200000000000000000e+05 5.499958068676380485e-02 0.000000000000000000e+00 1.000000000000000000e+00 0.000000000000000000e+00 0.000000000000000000e+00 0.000000000000000000e+00
2.240000000000000000e+05 5.599957306288660952e-02 0.000000000000000000e+00 1.000000000000000000e+00 0.000000000000000000e+00 0.000000000000000000e+00 0.000000000000000000e+00
2.280000000000000000e+05 5.699956543900963624e-02 0.000000000000000000e+00 1.000000000000000000e+00 0.000000000000000000e+00 0.000000000000000000e+00 0.000000000000000000e+00
2.320000000000000000e+05 5.799955781513266295e-02 0.000000000000000000e+00 1.000000000000000000e+00 0.000000000000000000e+00 0.000000000000000000e+00 0.000000000000000000e+00
2.360000000000000000e+05 5.899955019125568967e-02 0.000000000000000000e+00 1.000000000000000000e+00 0.000000000000000000e+00 0.000000000000000000e+00 0.000000000000000000e+00
2.400000000000000000e+05 5.999954256737871638e-02 0.000000000000000000e+00 1.000000000000000000e+00 0.000000000000000000e+00 0.000000000000000000e+00 0.000000000000000000e+00
2.440000000000000000e+05 6.099953494350152106e-02 0.000000000000000000e+00 1.000000000000000000e+00 0.000000000000000000e+00 0.000000000000000000e+00 0.000000000000000000e+00
2.480000000000000000e+05 6.199952731962454777e-02 0.000000000000000000e+00 1.000000000000000000e+00 0.000000000000000000e+00 0.000000000000000000e+00 0.000000000000000000e+00
2.520000000000000000e+05 6.299951969574757449e-02 0.000000000000000000e+00 1.000000000000000000e+00 0.000000000000000000e+00 0.000000000000000000e+00 0.000000000000000000e+00
2.560000000000000000e+05 6.399951207187060120e-02 0.000000000000000000e+00 1.000000000000000000e+00 0.000000000000000000e+00 0.000000000000000000e+00 0.000000000000000000e+00
2.600000000000000000e+05 6.499950444799340588e-02 0.000000000000000000e+00 1.000000000000000000e+00 0.000000000000000000e+00 0.000000000000000000e+00 0.000000000000000000e+00
2.640000000000000000e+05 6.599949682411643259e-02 4.551661356395084266e-04 9.995448338643604380e-01 0.000000000000000000e+00 0.000000000000000000e+00 0.000000000000000000e+00
2.680000000000000000e+05 6.699948920023945931e-02 0.000000000000000000e+00 1.000000000000000000e+00 0.000000000000000000e+00 0.000000000000000000e+00 0.000000000000000000e+00
2.720000000000000000e+05 6.799948157636248602e-02 2.275830678197542133e-04 9.997724169321802190e-01 0.000000000000000000e+00 0.000000000000000000e+00 0.000000000000000000e+00
2.760000000000000000e+05 6.899947395248551274e-02 0.000000000000000000e+00 1.000000000000000000e+00 0.000000000000000000e+00 0.000000000000000000e+00 0.000000000000000000e+00
2.800000000000000000e+05 6.999946632860831741e-02 0.000000000000000000e+00 1.000000000000000000e+00 0.000000000000000000e+00 0.000000000000000000e+00 0.000000000000000000e+00
2.840000000000000000e+05 7.099945870473134413e-02 0.000000000000000000e+00 1.000000000000000000e+00 0.000000000000000000e+00 0.000000000000000000e+00 0.000000000000000000e+00
2.880000000000000000e+05 7.199945108085437084e-02 0.000000000000000000e+00 1.000000000000000000e+00 0.000000000000000000e+00 0.000000000000000000e+00 0.000000000000000000e+00
2.920000000000000000e+05 7.299944345697739756e-02 2.275830678197542133e-04 9.996586253982703285e-01 0.000000000000000000e+00 1.137915339098771066e-04 0.000000000000000000e+00
2.960000000000000000e+05 7.399943583310020223e-02 0.000000000000000000e+00 1.000000000000000000e+00 0.000000000000000000e+00 0.000000000000000000e+00 0.000000000000000000e+00
3.000000000000000000e+05 7.499942820922322895e-02 6.827492034592626399e-04 9.993172507965407680e-01 0.000000000000000000e+00 0.000000000000000000e+00 0.000000000000000000e+00
3.040000000000000000e+05 7.599942058534625566e-02 3.413746017296313199e-04 9.996586253982703285e-01 0.000000000000000000e+00 0.000000000000000000e+00 0.000000000000000000e+00
3.080000000000000000e+05 7.699941296146928238e-02 0.000000000000000000e+00 1.000000000000000000e+00 0.000000000000000000e+00 0.000000000000000000e+00 0.000000000000000000e+00
3.120000000000000000e+05 7.799940533759230910e-02 4.551661356395084266e-04 9.995448338643604380e-01 0.000000000000000000e+00 0.000000000000000000e+00 0.000000000000000000e+00
3.160000000000000000e+05 7.899939771371511377e-02 7.965407373691396923e-04 9.992034592626308775e-01 0.000000000000000000e+00 0.000000000000000000e+00 0.000000000000000000e+00
3.200000000000000000e+05 7.999939008983814048e-02 0.000000000000000000e+00 1.000000000000000000e+00 0.000000000000000000e+00 0.000000000000000000e+00 0.000000000000000000e+00
3.240000000000000000e+05 8.099938246596116720e-02 3.413746017296313199e-04 9.996586253982703285e-01 0.000000000000000000e+00 0.000000000000000000e+00 0.000000000000000000e+00
3.280000000000000000e+05 8.199937484208419392e-02 9.103322712790168532e-04 9.990896677287209870e-01 0.000000000000000000e+00 0.000000000000000000e+00 0.000000000000000000e+00
3.320000000000000000e+05 8.299936721820699859e-02 7.965407373691396923e-04 9.992034592626308775e-01 0.000000000000000000e+00 0.000000000000000000e+00 0.000000000000000000e+00
3.360000000000000000e+05 8.399935959433002530e-02 5.689576695493854790e-04 9.993172507965407680e-01 0.000000000000000000e+00 1.137915339098771066e-04 0.000000000000000000e+00
3.400000000000000000e+05 8.499935197045305202e-02 0.000000000000000000e+00 1.000000000000000000e+00 0.000000000000000000e+00 0.000000000000000000e+00 0.000000000000000000e+00
3.440000000000000000e+05 8.599934434657607873e-02 0.000000000000000000e+00 1.000000000000000000e+00 0.000000000000000000e+00 0.000000000000000000e+00 0.000000000000000000e+00
3.480000000000000000e+05 8.699933672269888341e-02 1.706873008648156654e-03 9.982931269913518646e-01 0.000000000000000000e+00 0.000000000000000000e+00 0.000000000000000000e+00
3.520000000000000000e+05 8.799932909882191012e-02 1.820664542558033706e-03 9.980655439235320836e-01 0.000000000000000000e+00 1.137915339098771066e-04 0.000000000000000000e+00
3.560000000000000000e+05 8.899932147494493684e-02 6.827492034592626399e-04 9.993172507965407680e-01 0.000000000000000000e+00 0.000000000000000000e+00 0.000000000000000000e+00
3.600000000000000000e+05 8.999931385106796355e-02 1.137915339098771066e-04 9.998862084660901095e-01 0.000000000000000000e+00 0.000000000000000000e+00 0.000000000000000000e+00
3.640000000000000000e+05 9.099930622719099027e-02 1.137915339098770958e-03 9.988620846609012061e-01 0.000000000000000000e+00 0.000000000000000000e+00 0.000000000000000000e+00
3.680000000000000000e+05 9.199929860331379494e-02 3.413746017296313199e-04 9.996586253982703285e-01 0.000000000000000000e+00 0.000000000000000000e+00 0.000000000000000000e+00
3.720000000000000000e+05 9.299929097943682166e-02 7.965407373691396923e-04 9.992034592626308775e-01 0.000000000000000000e+00 0.000000000000000000e+00 0.000000000000000000e+00
3.760000000000000000e+05 9.399928335555984837e-02 2.048247610377787811e-03 9.977241693218024121e-01 0.000000000000000000e+00 2.275830678197542133e-04 0.000000000000000000e+00
3.800000000000000000e+05 9.499927573168287509e-02 1.251706873008648227e-03 9.984069185252617551e-01 0.000000000000000000e+00 3.413746017296313199e-04 0.000000000000000000e+00
3.840000000000000000e+05 9.599926810780567976e-02 1.593081474738279385e-03 9.984069185252617551e-01 0.000000000000000000e+00 0.000000000000000000e+00 0.000000000000000000e+00
3.880000000000000000e+05 9.699926048392870648e-02 3.641329085116067413e-03 9.961310878470641672e-01 0.000000000000000000e+00 2.275830678197542133e-04 0.000000000000000000e+00
3.920000000000000000e+05 9.799925286005173319e-02 1.593081474738279385e-03 9.984069185252617551e-01 0.000000000000000000e+00 0.000000000000000000e+00 0.000000000000000000e+00
3.960000000000000000e+05 9.899924523617475991e-02 5.803368229403732710e-03 9.939690487027764698e-01 0.000000000000000000e+00 2.275830678197542133e-04 0.000000000000000000e+00
4.000000000000000000e+05 9.999923761229778663e-02 2.048247610377787811e-03 9.979517523896221931e-01 0.000000000000000000e+00 0.000000000000000000e+00 0.000000000000000000e+00
4.040000000000000000e+05 1.009992299884205913e-01 6.144742831133363434e-03 9.936276741010469093e-01 0.000000000000000000e+00 2.275830678197542133e-04 0.000000000000000000e+00
4.080000000000000000e+05 1.019992223645436180e-01 3.755120619025944465e-03 9.962448793809740577e-01 0.000000000000000000e+00 0.000000000000000000e+00 0.000000000000000000e+00
4.120000000000000000e+05 1.029992147406666447e-01 4.893035958124715423e-03 9.949931725079653733e-01 0.000000000000000000e+00 1.137915339098771066e-04 0.000000000000000000e+00
4.160000000000000000e+05 1.039992071167896714e-01 7.624032771961766417e-03 9.914656349567592120e-01 0.000000000000000000e+00 9.103322712790168532e-04 0.000000000000000000e+00
4.200000000000000000e+05 1.049991994929124761e-01 6.486117432862995025e-03 9.931725079654073474e-01 0.000000000000000000e+00 3.413746017296313199e-04 0.000000000000000000e+00
4.240000000000000000e+05 1.059991918690355028e-01 2.142694583522985752e-01 4.581247155211652378e-01 1.363222576240327721e-01 1.912835685025034149e-01 0.000000000000000000e+00
4.280000000000000000e+05 1.069991842451585295e-01 9.558488848429677609e-03 8.394401456531633832e-01 1.510013654984069253e-01 0.000000000000000000e+00 0.000000000000000000e+00
4.320000000000000000e+05 1.079991766212815563e-01 9.672280382339554228e-03 8.393263541192534927e-01 1.510013654984069253e-01 0.000000000000000000e+00 0.000000000000000000e+00
4.360000000000000000e+05 1.089991689974045830e-01 9.786071916249430847e-03 8.392125625853436022e-01 1.510013654984069253e-01 0.000000000000000000e+00 0.000000000000000000e+00
4.400000000000000000e+05 1.099991613735273877e-01 9.786071916249430847e-03 8.393263541192534927e-01 1.508875739644970349e-01 0.000000000000000000e+00 0.000000000000000000e+00
4.440000000000000000e+05 1.109991537496504144e-01 1.092398725534820224e-02 8.384160218479744797e-01 1.506599908966772816e-01 0.000000000000000000e+00 0.000000000000000000e+00
4.480000000000000000e+05 1.119991461257734411e-01 1.035502958579881741e-02 8.387573964497041512e-01 1.507737824305871721e-01 1.137915339098771066e-04 0.000000000000000000e+00
4.520000000000000000e+05 1.129991385018964678e-01 9.786071916249430847e-03 8.393263541192534927e-01 1.508875739644970349e-01 0.000000000000000000e+00 0.000000000000000000e+00
4.560000000000000000e+05 1.139991308780192725e-01 1.024123805188893906e-02 8.390987710514338227e-01 1.506599908966772816e-01 0.000000000000000000e+00 0.000000000000000000e+00
4.600000000000000000e+05 1.149991232541422992e-01 1.024123805188893906e-02 8.389849795175239322e-01 1.506599908966772816e-01 1.137915339098771066e-04 0.000000000000000000e+00
4.640000000000000000e+05 1.159991156302653259e-01 9.899863450159307465e-03 8.390987710514338227e-01 1.510013654984069253e-01 0.000000000000000000e+00 0.000000000000000000e+00
4.680000000000000000e+05 1.169991080063883526e-01 1.012744651797906244e-02 8.390987710514338227e-01 1.507737824305871721e-01 0.000000000000000000e+00 0.000000000000000000e+00
4.720000000000000000e+05 1.179991003825113793e-01 1.012744651797906244e-02 8.389849795175239322e-01 1.508875739644970349e-01 0.000000000000000000e+00 0.000000000000000000e+00
4.760000000000000000e+05 1.189990927586341840e-01 9.786071916249430847e-03 8.393263541192534927e-01 1.508875739644970349e-01 0.000000000000000000e+00 0.000000000000000000e+00
4.800000000000000000e+05 1.199990851347572107e-01 9.786071916249430847e-03 8.392125625853436022e-01 1.510013654984069253e-01 0.000000000000000000e+00 0.000000000000000000e+00
4.840000000000000000e+05 1.209990775108802374e-01 1.092398725534820224e-02 8.386436049157942607e-01 1.504324078288575284e-01 0.000000000000000000e+00 0.000000000000000000e+00
4.880000000000000000e+05 1.219990698870032642e-01 9.786071916249430847e-03 8.392125625853436022e-01 1.510013654984069253e-01 0.000000000000000000e+00 0.000000000000000000e+00
4.920000000000000000e+05 1.229990622631260688e-01 9.786071916249430847e-03 8.393263541192534927e-01 1.508875739644970349e-01 0.000000000000000000e+00 0.000000000000000000e+00
4.960000000000000000e+05 1.239990546392490955e-01 1.001365498406918582e-02 8.392125625853436022e-01 1.507737824305871721e-01 0.000000000000000000e+00 0.000000000000000000e+00
5.000000000000000000e+05 1.249990470153721223e-01 1.046882111970869403e-02 8.387573964497041512e-01 1.507737824305871721e-01 0.000000000000000000e+00 0.000000000000000000e+00
5.040000000000000000e+05 1.259990393914951490e-01 1.012744651797906244e-02 8.389849795175239322e-01 1.508875739644970349e-01 0.000000000000000000e+00 0.000000000000000000e+00
5.080000000000000000e+05 1.269990317676181757e-01 6.713700500682749130e-03 8.416021847974510806e-01 1.516841147018661851e-01 0.000000000000000000e+00 0.000000000000000000e+00
5.120000000000000000e+05 1.279990241437409804e-01 7.055075102412380721e-03 8.413746017296312996e-01 1.515703231679562946e-01 0.000000000000000000e+00 0.000000000000000000e+00
5.160000000000000000e+05 1.289990165198640071e-01 7.055075102412380721e-03 8.411470186618115186e-01 1.517979062357760478e-01 0.000000000000000000e+00 0.000000000000000000e+00
5.200000000000000000e+05 1.299990088959870338e-01 8.192990441511151245e-03 8.404642694583522866e-01 1.513427401001365413e-01 0.000000000000000000e+00 0.000000000000000000e+00
5.240000000000000000e+05 1.309990012721100605e-01 7.168866636322257339e-03 8.411470186618115186e-01 1.515703231679562946e-01 1.137915339098771066e-04 0.000000000000000000e+00
5.280000000000000000e+05 1.319989936482328652e-01 7.510241238051888930e-03 8.408056440600819581e-01 1.516841147018661851e-01 0.000000000000000000e+00 0.000000000000000000e+00
5.320000000000000000e+05 1.329989860243558919e-01 7.396449704142011444e-03 8.411470186618115186e-01 1.514565316340464318e-01 0.000000000000000000e+00 0.000000000000000000e+00
5.360000000000000000e+05 1.339989784004789186e-01 7.624032771961766417e-03 8.410332271279017391e-01 1.513427401001365413e-01 0.000000000000000000e+00 0.000000000000000000e+00
5.400000000000000000e+05 1.349989707766019453e-01 6.941283568502503235e-03 8.412608101957214091e-01 1.517979062357760478e-01 0.000000000000000000e+00 0.000000000000000000e+00
5.440000000000000000e+05 1.359989631527249720e-01 7.282658170232134826e-03 8.409194355939918486e-01 1.517979062357760478e-01 0.000000000000000000e+00 0.000000000000000000e+00
5.480000000000000000e+05 1.369989555288477767e-01 7.396449704142011444e-03 8.409194355939918486e-01 1.515703231679562946e-01 1.137915339098771066e-04 0.000000000000000000e+00
5.520000000000000000e+05 1.379989479049708034e-01 8.192990441511151245e-03 8.401228948566226151e-01 1.515703231679562946e-01 1.137915339098771066e-04 0.000000000000000000e+00
5.560000000000000000e+05 1.389989402810938302e-01 8.192990441511151245e-03 8.402366863905325056e-01 1.515703231679562946e-01 0.000000000000000000e+00 0.000000000000000000e+00
5.600000000000000000e+05 1.399989326572168569e-01 7.737824305871643035e-03 8.406918525261720676e-01 1.515703231679562946e-01 0.000000000000000000e+00 0.000000000000000000e+00
5.640000000000000000e+05 1.409989250333396615e-01 8.079198907601274626e-03 8.405780609922621771e-01 1.513427401001365413e-01 0.000000000000000000e+00 0.000000000000000000e+00
5.680000000000000000e+05 1.419989174094626883e-01 6.941283568502503235e-03 8.413746017296312996e-01 1.516841147018661851e-01 0.000000000000000000e+00 0.000000000000000000e+00
5.720000000000000000e+05 1.429989097855857150e-01 7.965407373691398007e-03 8.405780609922621771e-01 1.514565316340464318e-01 0.000000000000000000e+00 0.000000000000000000e+00
5.760000000000000000e+05 1.439989021617087417e-01 7.737824305871643035e-03 8.408056440600819581e-01 1.513427401001365413e-01 1.137915339098771066e-04 0.000000000000000000e+00
5.800000000000000000e+05 1.449988945378315464e-01 7.965407373691398007e-03 8.404642694583522866e-01 1.515703231679562946e-01 0.000000000000000000e+00 0.000000000000000000e+00
5.840000000000000000e+05 1.459988869139545731e-01 8.079198907601274626e-03 8.403504779244423961e-01 1.514565316340464318e-01 1.137915339098771066e-04 0.000000000000000000e+00
5.880000000000000000e+05 1.469988792900775998e-01 8.192990441511151245e-03 8.403504779244423961e-01 1.513427401001365413e-01 1.137915339098771066e-04 0.000000000000000000e+00
5.920000000000000000e+05 1.479988716662006265e-01 9.672280382339554228e-03 8.392125625853436022e-01 1.511151570323167881e-01 0.000000000000000000e+00 0.000000000000000000e+00
5.960000000000000000e+05 1.489988640423236532e-01 8.079198907601274626e-03 8.404642694583522866e-01 1.512289485662266786e-01 2.275830678197542133e-04 0.000000000000000000e+00
6.000000000000000000e+05 1.499988564184464579e-01 8.761948111060537808e-03 8.400091033227128356e-01 1.511151570323167881e-01 1.137915339098771066e-04 0.000000000000000000e+00
6.040000000000000000e+05 1.509988487945694846e-01 6.827492034592626616e-03 8.417159763313609711e-01 1.514565316340464318e-01 0.000000000000000000e+00 0.000000000000000000e+00
6.080000000000000000e+05 1.519988411706925113e-01 8.420573509330906217e-03 8.404642694583522866e-01 1.511151570323167881e-01 0.000000000000000000e+00 0.000000000000000000e+00
6.120000000000000000e+05 1.529988335468155380e-01 8.989531178880291046e-03 8.398953117888029452e-01 1.511151570323167881e-01 0.000000000000000000e+00 0.000000000000000000e+00
6.160000000000000000e+05 1.539988259229383427e-01 9.444697314519799256e-03 8.396677287209831642e-01 1.508875739644970349e-01 0.000000000000000000e+00 0.000000000000000000e+00
6.200000000000000000e+05 1.549988182990613694e-01 9.330905780609922637e-03 8.396677287209831642e-01 1.510013654984069253e-01 0.000000000000000000e+00 0.000000000000000000e+00
6.240000000000000000e+05 1.559988106751843961e-01 9.444697314519799256e-03 8.398953117888029452e-01 1.506599908966772816e-01 0.000000000000000000e+00 0.000000000000000000e+00
6.280000000000000000e+05 1.569988030513074229e-01 9.103322712790167665e-03 8.395539371870732737e-01 1.513427401001365413e-01 0.000000000000000000e+00 0.000000000000000000e+00
6.320000000000000000e+05 1.579987954274304496e-01 9.672280382339554228e-03 8.395539371870732737e-01 1.507737824305871721e-01 0.000000000000000000e+00 0.000000000000000000e+00
6.360000000000000000e+05 1.589987878035532542e-01 1.058261265361857065e-02 8.386436049157942607e-01 1.507737824305871721e-01 0.000000000000000000e+00 0.000000000000000000e+00
6.400000000000000000e+05 1.599987801796762810e-01 9.786071916249430847e-03 8.394401456531633832e-01 1.507737824305871721e-01 0.000000000000000000e+00 0.000000000000000000e+00
6.440000000000000000e+05 1.609987725557993077e-01 9.217114246700046018e-03 8.398953117888029452e-01 1.507737824305871721e-01 1.137915339098771066e-04 0.000000000000000000e+00
6.480000000000000000e+05 1.619987649319223344e-01 9.103322712790167665e-03 8.398953117888029452e-01 1.510013654984069253e-01 0.000000000000000000e+00 0.000000000000000000e+00
6.520000000000000000e+05 1.629987573080451391e-01 9.444697314519799256e-03 8.396677287209831642e-01 1.508875739644970349e-01 0.000000000000000000e+00 0.000000000000000000e+00
6.560000000000000000e+05 1.639987496841681658e-01 1.012744651797906244e-02 8.393263541192534927e-01 1.504324078288575284e-01 1.137915339098771066e-04 0.000000000000000000e+00
6.600000000000000000e+05 1.649987420602911925e-01 1.058261265361857065e-02 8.389849795175239322e-01 1.504324078288575284e-01 0.000000000000000000e+00 0.000000000000000000e+00
6.640000000000000000e+05 1.659987344364142192e-01 1.183431952662721866e-02 8.384160218479744797e-01 1.497496586253982687e-01 0.000000000000000000e+00 0.000000000000000000e+00
6.680000000000000000e+05 1.669987268125372459e-01 1.035502958579881741e-02 8.388711879836140417e-01 1.507737824305871721e-01 0.000000000000000000e+00 0.000000000000000000e+00
6.720000000000000000e+05 1.679987191886600506e-01 5.439235320892125969e-02 7.155211652253072874e-01 2.234865725989986229e-01 6.599908966772872511e-03 0.000000000000000000e+00
6.760000000000000000e+05 1.689987115647830773e-01 5.245789713245334329e-02 7.155211652253072874e-01 2.242831133363677731e-01 7.737824305871643035e-03 0.000000000000000000e+00
6.800000000000000000e+05 1.699987039409061040e-01 5.188893946290396020e-02 7.176832043695948737e-01 2.226900318616295005e-01 7.737824305871643035e-03 0.000000000000000000e+00
6.840000000000000000e+05 1.709986963170291308e-01 5.177514792899408358e-02 7.162039144287665193e-01 2.253072371415566766e-01 6.713700500682749130e-03 0.000000000000000000e+00
6.880000000000000000e+05 1.719986886931519354e-01 5.029585798816568060e-02 7.199590350477924616e-01 2.210969503868912278e-01 8.648156577150659455e-03 0.000000000000000000e+00
6.920000000000000000e+05 1.729986810692749621e-01 5.302685480200273332e-02 7.159763313609467383e-01 2.250796540737369233e-01 5.917159763313609329e-03 0.000000000000000000e+00
6.960000000000000000e+05 1.739986734453979889e-01 5.075102412380518707e-02 7.225762403277196100e-01 2.209831588529813373e-01 5.689576695493855224e-03 0.000000000000000000e+00
7.000000000000000000e+05 1.749986658215210156e-01 5.143377332726445372e-02 7.195038689121528996e-01 2.223486572598998567e-01 6.713700500682749130e-03 0.000000000000000000e+00
7.040000000000000000e+05 1.759986581976440423e-01 5.223031406463359005e-02 7.220072826581702685e-01 2.207555757851615841e-01 5.006827492034592909e-03 0.000000000000000000e+00
7.080000000000000000e+05 1.769986505737668470e-01 5.291306326809285671e-02 7.253072371415566488e-01 2.168866636322257513e-01 4.893035958124715423e-03 0.000000000000000000e+00
7.120000000000000000e+05 1.779986429498898737e-01 5.029585798816568060e-02 7.265589440145653333e-01 2.168866636322257513e-01 6.258534365043240920e-03 0.000000000000000000e+00
7.160000000000000000e+05 1.789986353260129004e-01 4.949931725079653733e-02 7.299726900318616041e-01 2.150659990896677254e-01 5.461993627674101119e-03 0.000000000000000000e+00
7.200000000000000000e+05 1.799986277021359271e-01 4.870277651342740100e-02 7.309968138370505075e-01 2.151797906235776159e-01 5.120619025944469528e-03 0.000000000000000000e+00
7.240000000000000000e+05 1.809986200782587318e-01 5.291306326809285671e-02 7.283796085571233592e-01 2.140418752844788219e-01 4.665452890304961318e-03 0.000000000000000000e+00
7.280000000000000000e+05 1.819986124543817585e-01 4.790623577605826466e-02 7.331588529813382049e-01 2.124487938097405493e-01 6.486117432862995025e-03 0.000000000000000000e+00
7.320000000000000000e+05 1.829986048305047852e-01 4.722348657259899801e-02 7.332726445152480954e-01 2.134729176149294527e-01 6.030951297223486815e-03 0.000000000000000000e+00
7.360000000000000000e+05 1.839985972066278119e-01 4.949931725079653733e-02 7.354346836595356818e-01 2.107419208010923861e-01 4.324078288575329727e-03 0.000000000000000000e+00
7.400000000000000000e+05 1.849985895827508386e-01 5.120619025944470049e-02 7.321347291761493015e-01 2.116522530723714268e-01 5.006827492034592909e-03 0.000000000000000000e+00
7.440000000000000000e+05 1.859985819588736433e-01 4.881656804733727761e-02 7.369139736003641472e-01 2.085798816568047442e-01 5.689576695493855224e-03 0.000000000000000000e+00
7.480000000000000000e+05 1.869985743349966700e-01 4.949931725079653733e-02 7.372553482020938187e-01 2.092626308602640040e-01 3.982703686845699004e-03 0.000000000000000000e+00
7.520000000000000000e+05 1.879985667111196967e-01 4.802002730996814128e-02 7.395311788802912956e-01 2.081247155211652378e-01 4.324078288575329727e-03 0.000000000000000000e+00
7.560000000000000000e+05 1.889985590872427235e-01 4.779244424214838111e-02 7.354346836595356818e-01 2.105143377332726329e-01 6.258534365043240920e-03 0.000000000000000000e+00
7.600000000000000000e+05 1.899985514633655281e-01 5.040964952207555722e-02 7.374829312699134887e-01 2.081247155211652378e-01 3.982703686845699004e-03 0.000000000000000000e+00
7.640000000000000000e+05 1.909985438394885549e-01 4.836140191169777114e-02 7.370277651342740377e-01 2.100591715976331264e-01 4.551661356395083832e-03 0.000000000000000000e+00
7.680000000000000000e+05 1.919985362156115816e-01 5.075102412380518707e-02 7.335002275830677654e-01 2.117660446062812896e-01 3.982703686845699004e-03 0.000000000000000000e+00
7.720000000000000000e+05 1.929985285917346083e-01 4.847519344560764776e-02 7.369139736003641472e-01 2.094902139280837572e-01 5.120619025944469528e-03 0.000000000000000000e+00
7.760000000000000000e+05 1.939985209678574130e-01 5.143377332726445372e-02 7.355484751934455723e-01 2.101729631315430169e-01 2.844788347746927612e-03 0.000000000000000000e+00
7.800000000000000000e+05 1.949985133439804397e-01 4.972690031861629750e-02 7.386208466090122826e-01 2.086936731907146070e-01 2.958579881656804664e-03 0.000000000000000000e+00
7.840000000000000000e+05 1.959985057201034664e-01 5.086481565771506369e-02 7.382794720072826111e-01 2.072143832498861971e-01 3.641329085116067413e-03 0.000000000000000000e+00
7.880000000000000000e+05 1.969984980962264931e-01 4.961310878470642088e-02 7.372553482020938187e-01 2.096040054619936199e-01 3.527537551206190360e-03 0.000000000000000000e+00
7.920000000000000000e+05 1.979984904723495198e-01 4.995448338643605074e-02 7.378243058716431602e-01 2.092626308602640040e-01 2.958579881656804664e-03 0.000000000000000000e+00
7.960000000000000000e+05 1.989984828484723245e-01 5.154756486117433034e-02 7.440828402366863603e-01 2.018661811561219821e-01 2.503413746017296455e-03 0.000000000000000000e+00
8.000000000000000000e+05 1.999984752245953512e-01 4.176149294492489950e-02 7.781065088757396220e-01 1.778561675011379184e-01 2.275830678197541916e-03 0.000000000000000000e+00
8.040000000000000000e+05 2.009984676007183779e-01 4.005461993627674328e-02 7.812926718252162228e-01 1.760355029585798925e-01 2.617205279927173507e-03 0.000000000000000000e+00
8.080000000000000000e+05 2.019984599768414046e-01 4.267182521620391245e-02 7.827719617660445772e-01 1.725079654073737034e-01 2.048247610377787811e-03 0.000000000000000000e+00
8.120000000000000000e+05 2.029984523529642093e-01 4.278561675011378906e-02 7.798133818843877574e-01 1.753527537551206328e-01 2.048247610377787811e-03 0.000000000000000000e+00
8.160000000000000000e+05 2.039984447290872360e-01 4.085116067364587961e-02 7.824305871643150168e-01 1.755803368229403860e-01 1.137915339098770958e-03 0.000000000000000000e+00
8.200000000000000000e+05 2.049984371052102627e-01 4.198907601274465273e-02 7.827719617660445772e-01 1.738734638142922229e-01 1.365498406918525280e-03 0.000000000000000000e+00
8.240000000000000000e+05 2.059984294813332895e-01 4.255803368229403583e-02 7.817478379608556738e-01 1.737596722803823324e-01 1.934456076467910759e-03 0.000000000000000000e+00
8.280000000000000000e+05 2.069984218574563162e-01 4.198907601274465273e-02 7.831133363677742487e-01 1.730769230769230727e-01 1.820664542558033706e-03 0.000000000000000000e+00
8.320000000000000000e+05 2.079984142335791208e-01 4.301319981793354230e-02 7.828857532999544677e-01 1.722803823395539502e-01 1.820664542558033706e-03 0.000000000000000000e+00
8.360000000000000000e+05 2.089984066097021476e-01 4.335457441966317910e-02 7.799271734182976479e-01 1.737596722803823324e-01 2.958579881656804664e-03 0.000000000000000000e+00
8.400000000000000000e+05 2.099983989858251743e-01 4.198907601274465273e-02 7.820892125625853453e-01 1.739872553482020856e-01 1.934456076467910759e-03 0.000000000000000000e+00
8.440000000000000000e+05 2.109983913619482010e-01 4.244424214838415921e-02 7.812926718252162228e-01 1.746700045516613453e-01 1.593081474738279385e-03 0.000000000000000000e+00
8.480000000000000000e+05 2.119983837380710057e-01 4.312699135184342586e-02 7.834547109695039202e-01 1.719390077378243065e-01 1.479289940828402332e-03 0.000000000000000000e+00
8.520000000000000000e+05 2.129983761141940324e-01 4.198907601274465273e-02 7.804961310878471004e-01 1.755803368229403860e-01 1.934456076467910759e-03 0.000000000000000000e+00
8.560000000000000000e+05 2.139983684903170591e-01 4.198907601274465273e-02 7.808375056895766608e-01 1.745562130177514826e-01 2.617205279927173507e-03 0.000000000000000000e+00
8.600000000000000000e+05 2.149983608664400858e-01 4.278561675011378906e-02 7.799271734182976479e-01 1.751251706873008518e-01 2.162039144287664864e-03 0.000000000000000000e+00
8.640000000000000000e+05 2.159983532425631125e-01 4.210286754665452935e-02 7.801547564861174289e-01 1.760355029585798925e-01 1.706873008648156654e-03 0.000000000000000000e+00
8.680000000000000000e+05 2.169983456186859172e-01 4.358215748748293233e-02 7.807237141556667703e-01 1.743286299499317293e-01 1.365498406918525280e-03 0.000000000000000000e+00
8.720000000000000000e+05 2.179983379948089439e-01 4.255803368229403583e-02 7.817478379608556738e-01 1.735320892125625791e-01 2.162039144287664864e-03 0.000000000000000000e+00
8.760000000000000000e+05 2.189983303709319706e-01 4.301319981793354230e-02 7.777651342740100615e-01 1.770596267637687682e-01 2.162039144287664864e-03 0.000000000000000000e+00
8.800000000000000000e+05 2.199983227470549974e-01 4.324078288575330248e-02 7.803823395539372099e-01 1.741010468821119761e-01 2.275830678197541916e-03 0.000000000000000000e+00
8.840000000000000000e+05 2.209983151231778020e-01 4.403732362312243881e-02 7.793582157487483064e-01 1.751251706873008518e-01 1.479289940828402332e-03 0.000000000000000000e+00
8.880000000000000000e+05 2.219983074993008287e-01 4.198907601274465273e-02 7.812926718252162228e-01 1.745562130177514826e-01 2.162039144287664864e-03 0.000000000000000000e+00
8.920000000000000000e+05 2.229982998754238555e-01 4.050978607191624975e-02 7.822030040964952358e-01 1.748975876194810986e-01 2.389622212107419402e-03 0.000000000000000000e+00
8.960000000000000000e+05 2.239982922515468822e-01 4.244424214838415921e-02 7.807237141556667703e-01 1.745562130177514826e-01 2.275830678197541916e-03 0.000000000000000000e+00
9.000000000000000000e+05 2.249982846276699089e-01 4.198907601274465273e-02 7.808375056895766608e-01 1.745562130177514826e-01 2.617205279927173507e-03 0.000000000000000000e+00
9.040000000000000000e+05 2.259982770037927136e-01 4.369594902139280895e-02 7.768548020027310486e-01 1.761492944924897552e-01 3.299954483386436255e-03 0.000000000000000000e+00
9.080000000000000000e+05 2.269982693799157403e-01 4.233045061447428259e-02 7.820892125625853453e-01 1.738734638142922229e-01 1.706873008648156654e-03 0.000000000000000000e+00
