# itime ezz other fcc hcp bcc ico
0.000000000000000000e+00 0.000000000000000000e+00 0.000000000000000000e+00 1.000000000000000000e+00 0.000000000000000000e+00 0.000000000000000000e+00 0.000000000000000000e+00
8.000000000000000000e+03 1.999984752246053432e-03 0.000000000000000000e+00 1.000000000000000000e+00 0.000000000000000000e+00 0.000000000000000000e+00 0.000000000000000000e+00
1.600000000000000000e+04 3.999969504492106864e-03 0.000000000000000000e+00 1.000000000000000000e+00 0.000000000000000000e+00 0.000000000000000000e+00 0.000000000000000000e+00
2.400000000000000000e+04 5.999954256738382341e-03 0.000000000000000000e+00 1.000000000000000000e+00 0.000000000000000000e+00 0.000000000000000000e+00 0.000000000000000000e+00
3.200000000000000000e+04 7.999939008984435773e-03 0.000000000000000000e+00 1.000000000000000000e+00 0.000000000000000000e+00 0.000000000000000000e+00 0.000000000000000000e+00
4.000000000000000000e+04 9.999923761230489205e-03 0.000000000000000000e+00 1.000000000000000000e+00 0.000000000000000000e+00 0.000000000000000000e+00 0.000000000000000000e+00
4.800000000000000000e+04 1.199990851347654264e-02 0.000000000000000000e+00 1.000000000000000000e+00 0.000000000000000000e+00 0.000000000000000000e+00 0.000000000000000000e+00
5.600000000000000000e+04 1.399989326572281811e-02 0.000000000000000000e+00 1.000000000000000000e+00 0.000000000000000000e+00 0.000000000000000000e+00 0.000000000000000000e+00
6.400000000000000000e+04 1.599987801796887155e-02 0.000000000000000000e+00 1.000000000000000000e+00 0.000000000000000000e+00 0.000000000000000000e+00 0.000000000000000000e+00
7.200000000000000000e+04 1.799986277021492498e-02 0.000000000000000000e+00 1.000000000000000000e+00 0.000000000000000000e+00 0.000000000000000000e+00 0.000000000000000000e+00
8.000000000000000000e+04 1.999984752246097841e-02 0.000000000000000000e+00 1.000000000000000000e+00 0.000000000000000000e+00 0.000000000000000000e+00 0.000000000000000000e+00
8.800000000000000000e+04 2.199983227470725389e-02 0.000000000000000000e+00 1.000000000000000000e+00 0.000000000000000000e+00 0.000000000000000000e+00 0.000000000000000000e+00
9.600000000000000000e+04 2.399981702695330732e-02 0.000000000000000000e+00 1.000000000000000000e+00 0.000000000000000000e+00 0.000000000000000000e+00 0.000000000000000000e+00
1.040000000000000000e+05 2.599980177919936075e-02 0.000000000000000000e+00 1.000000000000000000e+00 0.000000000000000000e+00 0.000000000000000000e+00 0.000000000000000000e+00
1.120000000000000000e+05 2.799978653144541418e-02 0.000000000000000000e+00 1.000000000000000000e+00 0.000000000000000000e+00 0.000000000000000000e+00 0.000000000000000000e+00
1.200000000000000000e+05 2.999977128369168966e-02 0.000000000000000000e+00 1.000000000000000000e+00 0.000000000000000000e+00 0.000000000000000000e+00 0.000000000000000000e+00
1.280000000000000000e+05 3.199975603593774309e-02 0.000000000000000000e+00 1.000000000000000000e+00 0.000000000000000000e+00 0.000000000000000000e+00 0.000000000000000000e+00
1.360000000000000000e+05 3.399974078818379652e-02 0.000000000000000000e+00 1.000000000000000000e+00 0.000000000000000000e+00 0.000000000000000000e+00 0.000000000000000000e+00
1.440000000000000000e+05 3.599972554042984996e-02 0.000000000000000000e+00 1.000000000000000000e+00 0.000000000000000000e+00 0.000000000000000000e+00 0.000000000000000000e+00
1.520000000000000000e+05 3.799971029267612543e-02 0.000000000000000000e+00 1.000000000000000000e+00 0.000000000000000000e+00 0.000000000000000000e+00 0.000000000000000000e+00
1.600000000000000000e+05 3.999969504492217887e-02 0.000000000000000000e+00 1.000000000000000000e+00 0.000000000000000000e+00 0.000000000000000000e+00 0.000000000000000000e+00
1.680000000000000000e+05 4.199967979716823230e-02 0.000000000000000000e+00 1.000000000000000000e+00 0.000000000000000000e+00 0.000000000000000000e+00 0.000000000000000000e+00
1.760000000000000000e+05 4.399966454941428573e-02 0.000000000000000000e+00 1.000000000000000000e+00 0.000000000000000000e+00 0.000000000000000000e+00 0.000000000000000000e+00
1.840000000000000000e+05 4.599964930166056121e-02 0.000000000000000000e+00 1.000000000000000000e+00 0.000000000000000000e+00 0.000000000000000000e+00 0.000000000000000000e+00
1.920000000000000000e+05 4.799963405390661464e-02 0.000000000000000000e+00 1.000000000000000000e+00 0.000000000000000000e+00 0.000000000000000000e+00 0.000000000000000000e+00
2.000000000000000000e+05 4.999961880615266807e-02 0.000000000000000000e+00 1.000000000000000000e+00 0.000000000000000000e+00 0.000000000000000000e+00 0.000000000000000000e+00
2.080000000000000000e+05 5.199960355839872150e-02 0.000000000000000000e+00 1.000000000000000000e+00 0.000000000000000000e+00 0.000000000000000000e+00 0.000000000000000000e+00
2.160000000000000000e+05 5.399958831064499698e-02 0.000000000000000000e+00 1.000000000000000000e+00 0.000000000000000000e+00 0.000000000000000000e+00 0.000000000000000000e+00
2.240000000000000000e+05 5.599957306289105041e-02 0.000000000000000000e+00 1.000000000000000000e+00 0.000000000000000000e+00 0.000000000000000000e+00 0.000000000000000000e+00
2.320000000000000000e+05 5.799955781513710384e-02 0.000000000000000000e+00 1.000000000000000000e+00 0.000000000000000000e+00 0.000000000000000000e+00 0.000000000000000000e+00
2.400000000000000000e+05 5.999954256738315728e-02 0.000000000000000000e+00 1.000000000000000000e+00 0.000000000000000000e+00 0.000000000000000000e+00 0.000000000000000000e+00
2.480000000000000000e+05 6.199952731962943275e-02 0.000000000000000000e+00 1.000000000000000000e+00 0.000000000000000000e+00 0.000000000000000000e+00 0.000000000000000000e+00
2.560000000000000000e+05 6.399951207187548619e-02 0.000000000000000000e+00 1.000000000000000000e+00 0.000000000000000000e+00 0.000000000000000000e+00 0.000000000000000000e+00
2.640000000000000000e+05 6.599949682412153962e-02 4.551661356395084266e-04 9.995448338643604380e-01 0.000000000000000000e+00 0.000000000000000000e+00 0.000000000000000000e+00
2.720000000000000000e+05 6.799948157636759305e-02 2.275830678197542133e-04 9.997724169321802190e-01 0.000000000000000000e+00 0.000000000000000000e+00 0.000000000000000000e+00
2.800000000000000000e+05 6.999946632861386853e-02 0.000000000000000000e+00 1.000000000000000000e+00 0.000000000000000000e+00 0.000000000000000000e+00 0.000000000000000000e+00
2.880000000000000000e+05 7.199945108085992196e-02 0.000000000000000000e+00 1.000000000000000000e+00 0.000000000000000000e+00 0.000000000000000000e+00 0.000000000000000000e+00
2.960000000000000000e+05 7.399943583310597539e-02 0.000000000000000000e+00 1.000000000000000000e+00 0.000000000000000000e+00 0.000000000000000000e+00 0.000000000000000000e+00
3.040000000000000000e+05 7.599942058535202882e-02 3.413746017296313199e-04 9.996586253982703285e-01 0.000000000000000000e+00 0.000000000000000000e+00 0.000000000000000000e+00
3.120000000000000000e+05 7.799940533759830430e-02 4.551661356395084266e-04 9.995448338643604380e-01 0.000000000000000000e+00 0.000000000000000000e+00 0.000000000000000000e+00
3.200000000000000000e+05 7.999939008984435773e-02 0.000000000000000000e+00 1.000000000000000000e+00 0.000000000000000000e+00 0.000000000000000000e+00 0.000000000000000000e+00
3.280000000000000000e+05 8.199937484209041116e-02 9.103322712790168532e-04 9.990896677287209870e-01 0.000000000000000000e+00 0.000000000000000000e+00 0.000000000000000000e+00
3.360000000000000000e+05 8.399935959433646460e-02 5.689576695493854790e-04 9.993172507965407680e-01 0.000000000000000000e+00 1.137915339098771066e-04 0.000000000000000000e+00
3.440000000000000000e+05 8.599934434658274007e-02 0.000000000000000000e+00 1.000000000000000000e+00 0.000000000000000000e+00 0.000000000000000000e+00 0.000000000000000000e+00
3.520000000000000000e+05 8.799932909882879351e-02 1.820664542558033706e-03 9.980655439235320836e-01 0.000000000000000000e+00 1.137915339098771066e-04 0.000000000000000000e+00
3.600000000000000000e+05 8.999931385107484694e-02 1.137915339098771066e-04 9.998862084660901095e-01 0.000000000000000000e+00 0.000000000000000000e+00 0.000000000000000000e+00
3.680000000000000000e+05 9.199929860332090037e-02 3.413746017296313199e-04 9.996586253982703285e-01 0.000000000000000000e+00 0.000000000000000000e+00 0.000000000000000000e+00
3.760000000000000000e+05 9.399928335556717585e-02 2.048247610377787811e-03 9.977241693218024121e-01 0.000000000000000000e+00 2.275830678197542133e-04 0.000000000000000000e+00
3.840000000000000000e+05 9.599926810781322928e-02 1.593081474738279385e-03 9.984069185252617551e-01 0.000000000000000000e+00 0.000000000000000000e+00 0.000000000000000000e+00
3.920000000000000000e+05 9.799925286005928271e-02 1.593081474738279385e-03 9.984069185252617551e-01 0.000000000000000000e+00 0.000000000000000000e+00 0.000000000000000000e+00
4.000000000000000000e+05 9.999923761230533614e-02 2.048247610377787811e-03 9.979517523896221931e-01 0.000000000000000000e+00 0.000000000000000000e+00 0.000000000000000000e+00
4.080000000000000000e+05 1.019992223645516116e-01 3.755120619025944465e-03 9.962448793809740577e-01 0.000000000000000000e+00 0.000000000000000000e+00 0.000000000000000000e+00
4.160000000000000000e+05 1.039992071167976651e-01 7.624032771961766417e-03 9.914656349567592120e-01 0.000000000000000000e+00 9.103322712790168532e-04 0.000000000000000000e+00
4.240000000000000000e+05 1.059991918690437185e-01 2.142694583522985752e-01 4.581247155211652378e-01 1.363222576240327721e-01 1.912835685025034149e-01 0.000000000000000000e+00
4.320000000000000000e+05 1.079991766212897719e-01 9.672280382339554228e-03 8.393263541192534927e-01 1.510013654984069253e-01 0.000000000000000000e+00 0.000000000000000000e+00
4.400000000000000000e+05 1.099991613735360474e-01 9.786071916249430847e-03 8.393263541192534927e-01 1.508875739644970349e-01 0.000000000000000000e+00 0.000000000000000000e+00
4.480000000000000000e+05 1.119991461257821008e-01 1.035502958579881741e-02 8.387573964497041512e-01 1.507737824305871721e-01 1.137915339098771066e-04 0.000000000000000000e+00
4.560000000000000000e+05 1.139991308780281543e-01 1.024123805188893906e-02 8.390987710514338227e-01 1.506599908966772816e-01 0.000000000000000000e+00 0.000000000000000000e+00
4.640000000000000000e+05 1.159991156302742077e-01 9.899863450159307465e-03 8.390987710514338227e-01 1.510013654984069253e-01 0.000000000000000000e+00 0.000000000000000000e+00
4.720000000000000000e+05 1.179991003825202611e-01 1.012744651797906244e-02 8.389849795175239322e-01 1.508875739644970349e-01 0.000000000000000000e+00 0.000000000000000000e+00
4.800000000000000000e+05 1.199990851347665366e-01 9.786071916249430847e-03 8.392125625853436022e-01 1.510013654984069253e-01 0.000000000000000000e+00 0.000000000000000000e+00
4.880000000000000000e+05 1.219990698870125900e-01 9.786071916249430847e-03 8.392125625853436022e-01 1.510013654984069253e-01 0.000000000000000000e+00 0.000000000000000000e+00
4.960000000000000000e+05 1.239990546392586435e-01 1.001365498406918582e-02 8.392125625853436022e-01 1.507737824305871721e-01 0.000000000000000000e+00 0.000000000000000000e+00
5.040000000000000000e+05 1.259990393915046969e-01 1.012744651797906244e-02 8.389849795175239322e-01 1.508875739644970349e-01 0.000000000000000000e+00 0.000000000000000000e+00
5.120000000000000000e+05 1.279990241437509724e-01 7.055075102412380721e-03 8.413746017296312996e-01 1.515703231679562946e-01 0.000000000000000000e+00 0.000000000000000000e+00
5.200000000000000000e+05 1.299990088959970258e-01 8.192990441511151245e-03 8.404642694583522866e-01 1.513427401001365413e-01 0.000000000000000000e+00 0.000000000000000000e+00
5.280000000000000000e+05 1.319989936482430792e-01 7.510241238051888930e-03 8.408056440600819581e-01 1.516841147018661851e-01 0.000000000000000000e+00 0.000000000000000000e+00
5.360000000000000000e+05 1.339989784004891327e-01 7.624032771961766417e-03 8.410332271279017391e-01 1.513427401001365413e-01 0.000000000000000000e+00 0.000000000000000000e+00
5.440000000000000000e+05 1.359989631527354081e-01 7.282658170232134826e-03 8.409194355939918486e-01 1.517979062357760478e-01 0.000000000000000000e+00 0.000000000000000000e+00
5.520000000000000000e+05 1.379989479049814616e-01 8.192990441511151245e-03 8.401228948566226151e-01 1.515703231679562946e-01 1.137915339098771066e-04 0.000000000000000000e+00
5.600000000000000000e+05 1.399989326572275150e-01 7.737824305871643035e-03 8.406918525261720676e-01 1.515703231679562946e-01 0.000000000000000000e+00 0.000000000000000000e+00
5.680000000000000000e+05 1.419989174094735684e-01 6.941283568502503235e-03 8.413746017296312996e-01 1.516841147018661851e-01 0.000000000000000000e+00 0.000000000000000000e+00
5.760000000000000000e+05 1.439989021617198439e-01 7.737824305871643035e-03 8.408056440600819581e-01 1.513427401001365413e-01 1.137915339098771066e-04 0.000000000000000000e+00
5.840000000000000000e+05 1.459988869139658973e-01 8.079198907601274626e-03 8.403504779244423961e-01 1.514565316340464318e-01 1.137915339098771066e-04 0.000000000000000000e+00
5.920000000000000000e+05 1.479988716662119508e-01 9.672280382339554228e-03 8.392125625853436022e-01 1.511151570323167881e-01 0.000000000000000000e+00 0.000000000000000000e+00
6.000000000000000000e+05 1.499988564184580042e-01 8.761948111060537808e-03 8.400091033227128356e-01 1.511151570323167881e-01 1.137915339098771066e-04 0.000000000000000000e+00
6.080000000000000000e+05 1.519988411707042797e-01 8.420573509330906217e-03 8.404642694583522866e-01 1.511151570323167881e-01 0.000000000000000000e+00 0.000000000000000000e+00
6.160000000000000000e+05 1.539988259229503331e-01 9.444697314519799256e-03 8.396677287209831642e-01 1.508875739644970349e-01 0.000000000000000000e+00 0.000000000000000000e+00
6.240000000000000000e+05 1.559988106751963866e-01 9.444697314519799256e-03 8.398953117888029452e-01 1.506599908966772816e-01 0.000000000000000000e+00 0.000000000000000000e+00
6.320000000000000000e+05 1.579987954274424400e-01 9.672280382339554228e-03 8.395539371870732737e-01 1.507737824305871721e-01 0.000000000000000000e+00 0.000000000000000000e+00
6.400000000000000000e+05 1.599987801796887155e-01 9.786071916249430847e-03 8.394401456531633832e-01 1.507737824305871721e-01 0.000000000000000000e+00 0.000000000000000000e+00
6.480000000000000000e+05 1.619987649319347689e-01 9.103322712790167665e-03 8.398953117888029452e-01 1.510013654984069253e-01 0.000000000000000000e+00 0.000000000000000000e+00
6.560000000000000000e+05 1.639987496841808223e-01 1.012744651797906244e-02 8.393263541192534927e-01 1.504324078288575284e-01 1.137915339098771066e-04 0.000000000000000000e+00
6.640000000000000000e+05 1.659987344364268758e-01 1.183431952662721866e-02 8.384160218479744797e-01 1.497496586253982687e-01 0.000000000000000000e+00 0.000000000000000000e+00
6.720000000000000000e+05 1.679987191886731512e-01 5.439235320892125969e-02 7.155211652253072874e-01 2.234865725989986229e-01 6.599908966772872511e-03 0.000000000000000000e+00
6.800000000000000000e+05 1.699987039409192047e-01 5.188893946290396020e-02 7.176832043695948737e-01 2.226900318616295005e-01 7.737824305871643035e-03 0.000000000000000000e+00
6.880000000000000000e+05 1.719986886931652581e-01 5.029585798816568060e-02 7.199590350477924616e-01 2.210969503868912278e-01 8.648156577150659455e-03 0.000000000000000000e+00
6.960000000000000000e+05 1.739986734454113115e-01 5.075102412380518707e-02 7.225762403277196100e-01 2.209831588529813373e-01 5.689576695493855224e-03 0.000000000000000000e+00
7.040000000000000000e+05 1.759986581976575870e-01 5.223031406463359005e-02 7.220072826581702685e-01 2.207555757851615841e-01 5.006827492034592909e-03 0.000000000000000000e+00
7.120000000000000000e+05 1.779986429499036404e-01 5.029585798816568060e-02 7.265589440145653333e-01 2.168866636322257513e-01 6.258534365043240920e-03 0.000000000000000000e+00
7.200000000000000000e+05 1.799986277021496939e-01 4.870277651342740100e-02 7.309968138370505075e-01 2.151797906235776159e-01 5.120619025944469528e-03 0.000000000000000000e+00
7.280000000000000000e+05 1.819986124543957473e-01 4.790623577605826466e-02 7.331588529813382049e-01 2.124487938097405493e-01 6.486117432862995025e-03 0.000000000000000000e+00
7.360000000000000000e+05 1.839985972066420228e-01 4.949931725079653733e-02 7.354346836595356818e-01 2.107419208010923861e-01 4.324078288575329727e-03 0.000000000000000000e+00
7.440000000000000000e+05 1.859985819588880762e-01 4.881656804733727761e-02 7.369139736003641472e-01 2.085798816568047442e-01 5.689576695493855224e-03 0.000000000000000000e+00
7.520000000000000000e+05 1.879985667111341296e-01 4.802002730996814128e-02 7.395311788802912956e-01 2.081247155211652378e-01 4.324078288575329727e-03 0.000000000000000000e+00
7.600000000000000000e+05 1.899985514633801831e-01 5.040964952207555722e-02 7.374829312699134887e-01 2.081247155211652378e-01 3.982703686845699004e-03 0.000000000000000000e+00
7.680000000000000000e+05 1.919985362156264586e-01 5.075102412380518707e-02 7.335002275830677654e-01 2.117660446062812896e-01 3.982703686845699004e-03 0.000000000000000000e+00
7.760000000000000000e+05 1.939985209678725120e-01 5.143377332726445372e-02 7.355484751934455723e-01 2.101729631315430169e-01 2.844788347746927612e-03 0.000000000000000000e+00
7.840000000000000000e+05 1.959985057201185654e-01 5.086481565771506369e-02 7.382794720072826111e-01 2.072143832498861971e-01 3.641329085116067413e-03 0.000000000000000000e+00
7.920000000000000000e+05 1.979984904723646189e-01 4.995448338643605074e-02 7.378243058716431602e-01 2.092626308602640040e-01 2.958579881656804664e-03 0.000000000000000000e+00
8.000000000000000000e+05 1.999984752246108943e-01 4.176149294492489950e-02 7.781065088757396220e-01 1.778561675011379184e-01 2.275830678197541916e-03 0.000000000000000000e+00
8.080000000000000000e+05 2.019984599768569478e-01 4.267182521620391245e-02 7.827719617660445772e-01 1.725079654073737034e-01 2.048247610377787811e-03 0.000000000000000000e+00
8.160000000000000000e+05 2.039984447291030012e-01 4.085116067364587961e-02 7.824305871643150168e-01 1.755803368229403860e-01 1.137915339098770958e-03 0.000000000000000000e+00
8.240000000000000000e+05 2.059984294813490546e-01 4.255803368229403583e-02 7.817478379608556738e-01 1.737596722803823324e-01 1.934456076467910759e-03 0.000000000000000000e+00
8.320000000000000000e+05 2.079984142335953301e-01 4.301319981793354230e-02 7.828857532999544677e-01 1.722803823395539502e-01 1.820664542558033706e-03 0.000000000000000000e+00
8.400000000000000000e+05 2.099983989858413835e-01 4.198907601274465273e-02 7.820892125625853453e-01 1.739872553482020856e-01 1.934456076467910759e-03 0.000000000000000000e+00
8.480000000000000000e+05 2.119983837380874370e-01 4.312699135184342586e-02 7.834547109695039202e-01 1.719390077378243065e-01 1.479289940828402332e-03 0.000000000000000000e+00
8.560000000000000000e+05 2.139983684903334904e-01 4.198907601274465273e-02 7.808375056895766608e-01 1.745562130177514826e-01 2.617205279927173507e-03 0.000000000000000000e+00
8.640000000000000000e+05 2.159983532425797659e-01 4.210286754665452935e-02 7.801547564861174289e-01 1.760355029585798925e-01 1.706873008648156654e-03 0.000000000000000000e+00
8.720000000000000000e+05 2.179983379948258193e-01 4.255803368229403583e-02 7.817478379608556738e-01 1.735320892125625791e-01 2.162039144287664864e-03 0.000000000000000000e+00
8.800000000000000000e+05 2.199983227470718727e-01 4.324078288575330248e-02 7.803823395539372099e-01 1.741010468821119761e-01 2.275830678197541916e-03 0.000000000000000000e+00
8.880000000000000000e+05 2.219983074993179262e-01 4.198907601274465273e-02 7.812926718252162228e-01 1.745562130177514826e-01 2.162039144287664864e-03 0.000000000000000000e+00
8.960000000000000000e+05 2.239982922515642016e-01 4.244424214838415921e-02 7.807237141556667703e-01 1.745562130177514826e-01 2.275830678197541916e-03 0.000000000000000000e+00
9.040000000000000000e+05 2.259982770038102551e-01 4.369594902139280895e-02 7.768548020027310486e-01 1.761492944924897552e-01 3.299954483386436255e-03 0.000000000000000000e+00
9.120000000000000000e+05 2.279982617560563085e-01 4.142011834319526964e-02 7.790168411470186349e-01 1.764906690942193990e-01 3.072371415566681717e-03 0.000000000000000000e+00
9.200000000000000000e+05 2.299982465083023619e-01 4.506144742831133532e-02 7.759444697314519246e-01 1.770596267637687682e-01 1.934456076467910759e-03 0.000000000000000000e+00
9.280000000000000000e+05 2.319982312605484154e-01 4.460628129267182190e-02 7.754893035958124736e-01 1.763768775603095085e-01 3.527537551206190360e-03 0.000000000000000000e+00
9.360000000000000000e+05 2.339982160127946909e-01 5.871643149749658508e-02 7.424897587619481154e-01 1.962903959945380139e-01 2.503413746017296455e-03 0.000000000000000000e+00
9.440000000000000000e+05 2.359982007650407443e-01 6.224396904870277414e-02 7.412380518889394310e-01 1.952662721893491105e-01 1.251706873008648227e-03 0.000000000000000000e+00
9.520000000000000000e+05 2.379981855172867977e-01 6.213017751479289752e-02 7.416932180245789930e-01 1.946973145197997135e-01 1.479289940828402332e-03 0.000000000000000000e+00
9.600000000000000000e+05 2.399981702695328512e-01 6.110605370960400795e-02 7.423759672280382249e-01 1.939007737824305910e-01 2.617205279927173507e-03 0.000000000000000000e+00
9.680000000000000000e+05 2.419981550217791266e-01 6.258534365043240399e-02 7.395311788802912956e-01 1.956076467910787542e-01 2.275830678197541916e-03 0.000000000000000000e+00
9.760000000000000000e+05 2.439981397740251801e-01 6.235776058261265076e-02 7.391898042785616241e-01 1.969731451979972736e-01 1.479289940828402332e-03 0.000000000000000000e+00
9.840000000000000000e+05 2.459981245262712335e-01 6.269913518434228061e-02 7.354346836595356818e-01 1.997041420118343125e-01 2.162039144287664864e-03 0.000000000000000000e+00
9.920000000000000000e+05 2.479981092785172869e-01 6.349567592171143082e-02 7.363450159308146947e-01 1.984524351388256835e-01 1.706873008648156654e-03 0.000000000000000000e+00
1.000000000000000000e+06 2.499980940307635624e-01 6.486117432862995025e-02 7.333864360491579859e-01 1.997041420118343125e-01 2.048247610377787811e-03 0.000000000000000000e+00
1.008000000000000000e+06 2.519980787830096158e-01 6.577150659990896320e-02 7.297451069640418231e-01 2.019799726900318726e-01 2.503413746017296455e-03 0.000000000000000000e+00
1.016000000000000000e+06 2.539980635352556693e-01 6.611288120163859305e-02 7.290623577605825911e-01 2.027765134274009950e-01 2.048247610377787811e-03 0.000000000000000000e+00
1.024000000000000000e+06 2.559980482875017227e-01 6.417842512517069054e-02 7.308830223031406170e-01 2.026627218934911323e-01 2.275830678197541916e-03 0.000000000000000000e+00
1.032000000000000000e+06 2.579980330397479982e-01 6.577150659990896320e-02 7.240555302685480754e-01 2.067592171142466906e-01 3.413746017296313308e-03 0.000000000000000000e+00
1.040000000000000000e+06 2.599980177919940516e-01 6.770596267637687959e-02 7.239417387346381849e-01 2.061902594446973214e-01 2.162039144287664864e-03 0.000000000000000000e+00
1.048000000000000000e+06 2.619980025442401050e-01 6.736458807464724974e-02 7.218934911242603780e-01 2.091488393263541135e-01 1.593081474738279385e-03 0.000000000000000000e+00
1.056000000000000000e+06 2.639979872964861585e-01 6.804733727810650945e-02 7.229176149294492815e-01 2.065316340464269373e-01 2.503413746017296455e-03 0.000000000000000000e+00
1.064000000000000000e+06 2.659979720487324339e-01 6.929904415111515226e-02 7.143832498862084934e-01 2.138142922166590687e-01 2.503413746017296455e-03 0.000000000000000000e+00
1.072000000000000000e+06 2.679979568009784874e-01 7.669549385525717411e-02 6.997041420118342847e-01 2.189349112426035582e-01 4.665452890304961318e-03 0.000000000000000000e+00
1.080000000000000000e+06 2.699979415532245408e-01 8.522985889849794827e-02 7.035730541647701175e-01 2.091488393263541135e-01 2.048247610377787811e-03 0.000000000000000000e+00
1.088000000000000000e+06 2.719979263054705942e-01 8.773327264451524776e-02 7.030040964952207760e-01 2.074419663177059503e-01 1.820664542558033706e-03 0.000000000000000000e+00
1.096000000000000000e+06 2.739979110577168697e-01 8.807464724624487762e-02 7.007282658170231882e-01 2.088074647246244975e-01 2.389622212107419402e-03 0.000000000000000000e+00
1.104000000000000000e+06 2.759978958099629232e-01 8.568502503413745475e-02 6.944697314519799880e-01 2.191624943104233114e-01 6.827492034592626399e-04 0.000000000000000000e+00
1.112000000000000000e+06 2.779978805622089766e-01 8.386436049157942885e-02 6.950386891215293295e-01 2.193900773782430647e-01 1.706873008648156654e-03 0.000000000000000000e+00
1.120000000000000000e+06 2.799978653144550300e-01 8.386436049157942885e-02 6.949248975876194390e-01 2.196176604460628179e-01 1.593081474738279385e-03 0.000000000000000000e+00
1.128000000000000000e+06 2.819978500667013055e-01 8.511606736458807165e-02 6.965179790623577949e-01 2.172280382339553950e-01 1.137915339098770958e-03 0.000000000000000000e+00
1.136000000000000000e+06 2.839978348189473589e-01 8.511606736458807165e-02 6.942421483841602070e-01 2.180245789713245452e-01 2.617205279927173507e-03 0.000000000000000000e+00
1.144000000000000000e+06 2.859978195711934124e-01 8.284023668639053928e-02 6.964041875284479044e-01 2.189349112426035582e-01 1.820664542558033706e-03 0.000000000000000000e+00
1.152000000000000000e+06 2.879978043234394658e-01 8.477469276285844180e-02 6.949248975876194390e-01 2.185935366408739144e-01 1.706873008648156654e-03 0.000000000000000000e+00
1.160000000000000000e+06 2.899977890756857413e-01 8.591260810195720798e-02 6.929904415111515226e-01 2.189349112426035582e-01 2.162039144287664864e-03 0.000000000000000000e+00
1.168000000000000000e+06 2.919977738279317947e-01 8.898497951752389057e-02 6.917387346381429492e-01 2.170004551661356418e-01 2.275830678197541916e-03 0.000000000000000000e+00
1.176000000000000000e+06 2.939977585801778481e-01 8.682294037323623481e-02 6.901456531634045932e-01 2.208693673190714746e-01 2.162039144287664864e-03 0.000000000000000000e+00
1.184000000000000000e+06 2.959977433324239016e-01 8.750568957669549452e-02 6.913973600364132777e-01 2.191624943104233114e-01 1.934456076467910759e-03 0.000000000000000000e+00
1.192000000000000000e+06 2.979977280846701770e-01 8.670914883932635819e-02 6.899180700955849233e-01 2.212107419208010906e-01 2.162039144287664864e-03 0.000000000000000000e+00
1.200000000000000000e+06 2.999977128369162305e-01 8.784706417842512438e-02 6.916249431042330587e-01 2.184797451069640517e-01 2.048247610377787811e-03 0.000000000000000000e+00
1.208000000000000000e+06 3.019976975891622839e-01 8.841602184797450747e-02 6.916249431042330587e-01 2.187073281747838049e-01 1.251706873008648227e-03 0.000000000000000000e+00
1.216000000000000000e+06 3.039976823414083373e-01 8.648156577150660496e-02 6.926490669094219621e-01 2.185935366408739144e-01 2.275830678197541916e-03 0.000000000000000000e+00
1.224000000000000000e+06 3.059976670936546128e-01 8.898497951752389057e-02 6.918525261720528396e-01 2.181383705052344080e-01 1.024123805188893906e-03 0.000000000000000000e+00
1.232000000000000000e+06 3.079976518459006662e-01 8.944014565316341092e-02 6.909421939007738267e-01 2.183659535730541612e-01 1.251706873008648227e-03 0.000000000000000000e+00
1.240000000000000000e+06 3.099976365981467197e-01 9.330905780609922984e-02 7.010696404187528596e-01 2.043695949021392677e-01 1.251706873008648227e-03 0.000000000000000000e+00
1.248000000000000000e+06 3.119976213503927731e-01 9.012289485662267063e-02 7.073281747837960598e-01 1.994765589440145592e-01 3.072371415566681717e-03 0.000000000000000000e+00
1.256000000000000000e+06 3.139976061026390486e-01 9.228493400091032639e-02 7.090350477924441952e-01 1.966317705962676299e-01 2.048247610377787811e-03 0.000000000000000000e+00
1.264000000000000000e+06 3.159975908548851020e-01 8.750568957669549452e-02 7.147246244879380539e-01 1.949248975876194945e-01 2.844788347746927612e-03 0.000000000000000000e+00
1.272000000000000000e+06 3.179975756071311555e-01 8.989531178880291740e-02 7.172280382339554228e-01 1.891215293582157453e-01 3.755120619025944465e-03 0.000000000000000000e+00
1.280000000000000000e+06 3.199975603593772089e-01 8.989531178880291740e-02 7.173418297678653133e-01 1.900318616294947582e-01 2.730996813837050560e-03 0.000000000000000000e+00
1.288000000000000000e+06 3.219975451116234844e-01 9.057806099226217711e-02 7.184797451069639962e-01 1.896904870277651423e-01 1.251706873008648227e-03 0.000000000000000000e+00
1.296000000000000000e+06 3.239975298638695378e-01 8.909877105143376719e-02 7.195038689121528996e-01 1.885525716886663761e-01 2.844788347746927612e-03 0.000000000000000000e+00
1.304000000000000000e+06 3.259975146161155912e-01 8.921256258534364381e-02 7.208693673190714746e-01 1.873008648156577194e-01 2.617205279927173507e-03 0.000000000000000000e+00
1.312000000000000000e+06 3.279974993683616447e-01 8.955393718707328754e-02 7.218934911242603780e-01 1.865043240782885692e-01 2.048247610377787811e-03 0.000000000000000000e+00
1.320000000000000000e+06 3.299974841206079201e-01 9.103322712790168358e-02 7.181383705052344357e-01 1.871870732817478289e-01 3.641329085116067413e-03 0.000000000000000000e+00
1.328000000000000000e+06 3.319974688728539736e-01 9.171597633136094330e-02 7.183659535730542167e-01 1.874146563495675821e-01 2.503413746017296455e-03 0.000000000000000000e+00
1.336000000000000000e+06 3.339974536251000270e-01 9.467455621301774926e-02 7.307692307692307265e-01 1.713700500682749095e-01 3.186162949476558769e-03 0.000000000000000000e+00
1.344000000000000000e+06 3.359974383773460804e-01 1.066226672735548497e-01 6.918525261720528396e-01 1.977696859353663961e-01 3.755120619025944465e-03 0.000000000000000000e+00
1.352000000000000000e+06 3.379974231295921339e-01 1.060537096040054666e-01 6.919663177059627301e-01 1.972007282658170269e-01 4.779244424214838804e-03 0.000000000000000000e+00
1.360000000000000000e+06 3.399974078818384093e-01 1.068502503413746030e-01 6.900318616294948137e-01 1.992489758761948060e-01 3.868912152935821518e-03 0.000000000000000000e+00
1.368000000000000000e+06 3.419973926340844628e-01 1.065088757396449731e-01 6.888939462903960198e-01 1.993627674101046965e-01 5.234410559854347014e-03 0.000000000000000000e+00
1.376000000000000000e+06 3.439973773863305162e-01 1.079881656804733692e-01 6.841147018661811741e-01 2.012972234865725851e-01 6.599908966772872511e-03 0.000000000000000000e+00
1.384000000000000000e+06 3.459973621385765696e-01 1.102639963586709154e-01 6.843422849340009551e-01 2.003868912152935722e-01 5.006827492034592909e-03 0.000000000000000000e+00
1.392000000000000000e+06 3.479973468908228451e-01 1.140191169776968577e-01 6.802457897132453413e-01 1.987938097405552995e-01 6.941283568502503235e-03 0.000000000000000000e+00
1.400000000000000000e+06 3.499973316430688985e-01 1.355257168866636219e-01 7.366863905325443662e-01 1.231224396904870289e-01 4.665452890304961318e-03 0.000000000000000000e+00
1.408000000000000000e+06 3.519973163953149520e-01 1.318843878015475701e-01 7.393035958124715146e-01 1.247155211652253015e-01 4.096495220755575623e-03 0.000000000000000000e+00
1.416000000000000000e+06 3.539973011475610054e-01 1.292671825216203940e-01 7.436276741010469093e-01 1.220983158852981393e-01 5.006827492034592909e-03 0.000000000000000000e+00
1.424000000000000000e+06 3.559972858998072809e-01 1.332498862084660896e-01 7.407828857532999800e-01 1.220983158852981393e-01 3.868912152935821518e-03 0.000000000000000000e+00
1.432000000000000000e+06 3.579972706520533343e-01 1.332498862084660896e-01 7.416932180245789930e-01 1.217569412835685094e-01 3.299954483386436255e-03 0.000000000000000000e+00
1.440000000000000000e+06 3.599972554042993877e-01 1.342740100136549930e-01 7.422621756941283344e-01 1.182294037323623065e-01 5.234410559854347014e-03 0.000000000000000000e+00
1.448000000000000000e+06 3.619972401565454412e-01 1.334774692762858428e-01 7.386208466090122826e-01 1.220983158852981393e-01 5.803368229403732710e-03 0.000000000000000000e+00
1.456000000000000000e+06 3.639972249087917167e-01 1.085571233500227523e-01 7.934683659535730627e-01 9.182976786527081992e-02 6.144742831133363434e-03 0.000000000000000000e+00
1.464000000000000000e+06 3.659972096610377701e-01 1.118570778334091881e-01 7.916477014110150368e-01 9.080564406008193035e-02 5.689576695493855224e-03 0.000000000000000000e+00
1.472000000000000000e+06 3.679971944132838235e-01 1.119708693673190647e-01 7.918752844788348177e-01 9.080564406008193035e-02 5.348202093764223633e-03 0.000000000000000000e+00
1.480000000000000000e+06 3.699971791655298770e-01 1.152708238507055144e-01 7.940373236231224041e-01 8.579881656804733137e-02 4.893035958124715423e-03 0.000000000000000000e+00
1.488000000000000000e+06 3.719971639177761524e-01 1.132225762403277214e-01 7.941511151570322946e-01 8.761948111060537114e-02 5.006827492034592909e-03 0.000000000000000000e+00
1.496000000000000000e+06 3.739971486700222059e-01 1.173190714610832935e-01 7.931269913518433912e-01 8.386436049157942885e-02 5.689576695493855224e-03 0.000000000000000000e+00
1.504000000000000000e+06 3.759971334222682593e-01 1.182294037323623065e-01 7.964269458352298825e-01 7.999544833864360993e-02 5.348202093764223633e-03 0.000000000000000000e+00
1.512000000000000000e+06 3.779971181745143127e-01 1.195949021392808398e-01 7.954028220300409791e-01 7.999544833864360993e-02 5.006827492034592909e-03 0.000000000000000000e+00
1.520000000000000000e+06 3.799971029267605882e-01 1.180018206645425533e-01 7.988165680473372499e-01 7.851615839781520001e-02 4.665452890304961318e-03 0.000000000000000000e+00
1.528000000000000000e+06 3.819970876790066416e-01 1.182294037323623065e-01 8.024578971324533017e-01 7.487482931269913433e-02 4.437869822485207214e-03 0.000000000000000000e+00
1.536000000000000000e+06 3.839970724312526951e-01 1.243741465634956717e-01 7.917614929449249273e-01 7.988165680473373331e-02 3.982703686845699004e-03 0.000000000000000000e+00
1.544000000000000000e+06 3.859970571834987485e-01 9.865725989986344480e-02 8.344333181611288675e-01 6.326809285389166371e-02 3.641329085116067413e-03 0.000000000000000000e+00
1.552000000000000000e+06 3.879970419357450240e-01 9.820209376422393832e-02 8.357988165680473314e-01 6.304050978607191047e-02 2.958579881656804664e-03 0.000000000000000000e+00
1.560000000000000000e+06 3.899970266879912995e-01 9.729176149294492537e-02 8.317023213472917176e-01 6.565771506599908658e-02 5.348202093764223633e-03 0.000000000000000000e+00
1.568000000000000000e+06 3.919970114402371308e-01 9.774692762858443185e-02 8.323850705507510606e-01 6.656804733727811341e-02 3.299954483386436255e-03 0.000000000000000000e+00
1.576000000000000000e+06 3.939969961924831843e-01 9.808830223031406170e-02 8.351160673645880994e-01 6.395084205735093730e-02 2.844788347746927612e-03 0.000000000000000000e+00
1.584000000000000000e+06 3.959969809447294598e-01 9.456076467910787264e-02 8.318161128812016081e-01 6.827492034592626269e-02 5.348202093764223633e-03 0.000000000000000000e+00
1.592000000000000000e+06 3.979969656969757352e-01 8.944014565316341092e-02 8.692535275375512516e-01 3.607191624943104080e-02 5.234410559854347014e-03 0.000000000000000000e+00
1.600000000000000000e+06 3.999969504492215666e-01 8.841602184797450747e-02 8.662949476558944317e-01 3.959945380063722986e-02 5.689576695493855224e-03 0.000000000000000000e+00
1.608000000000000000e+06 4.019969352014676200e-01 8.773327264451524776e-02 8.741465634956758768e-01 3.356850250341374825e-02 4.551661356395083832e-03 0.000000000000000000e+00
1.616000000000000000e+06 4.039969199537138955e-01 8.921256258534364381e-02 8.683431952662722386e-01 3.789258079198907364e-02 4.551661356395083832e-03 0.000000000000000000e+00
1.624000000000000000e+06 4.059969047059601710e-01 9.228493400091032639e-02 8.677742375967227861e-01 3.675466545289030745e-02 3.186162949476558769e-03 0.000000000000000000e+00
1.632000000000000000e+06 4.079968894582060024e-01 9.296768320436959998e-02 8.718707328174783999e-01 3.129267182521620200e-02 3.868912152935821518e-03 0.000000000000000000e+00
1.640000000000000000e+06 4.099968742104520558e-01 9.421939007737824279e-02 8.657259899863449792e-01 3.595812471552116418e-02 4.096495220755575623e-03 0.000000000000000000e+00
1.648000000000000000e+06 4.119968589626983313e-01 9.262630860263997012e-02 8.650432407828857473e-01 3.766499772416932040e-02 4.665452890304961318e-03 0.000000000000000000e+00
1.656000000000000000e+06 4.139968437149446068e-01 1.131087847064178448e-01 7.118798361401911245e-01 1.734182976786527164e-01 1.593081474738279385e-03 0.000000000000000000e+00
1.664000000000000000e+06 4.159968284671904382e-01 1.129949931725079681e-01 7.101729631315429891e-01 1.752389622212107423e-01 1.593081474738279385e-03 0.000000000000000000e+00
1.672000000000000000e+06 4.179968132194364916e-01 1.136777423759672279e-01 7.113108784706417831e-01 1.733045061447428259e-01 1.706873008648156654e-03 0.000000000000000000e+00
1.680000000000000000e+06 4.199967979716827671e-01 1.133363677742375980e-01 7.104005461993627701e-01 1.743286299499317293e-01 1.934456076467910759e-03 0.000000000000000000e+00
1.688000000000000000e+06 4.219967827239290425e-01 1.114019116977696816e-01 7.075557578516158408e-01 1.793354574419663283e-01 1.706873008648156654e-03 0.000000000000000000e+00
1.696000000000000000e+06 4.239967674761748739e-01 1.115157032316795582e-01 7.082385070550750727e-01 1.781975421028675344e-01 2.048247610377787811e-03 0.000000000000000000e+00
1.704000000000000000e+06 4.259967522284209274e-01 1.118570778334091881e-01 7.048247610377788019e-01 1.813837050523441075e-01 1.934456076467910759e-03 0.000000000000000000e+00
1.712000000000000000e+06 4.279967369806672028e-01 1.129949931725079681e-01 7.049385525716886924e-01 1.803595812471552040e-01 1.706873008648156654e-03 0.000000000000000000e+00
1.720000000000000000e+06 4.299967217329132563e-01 1.149294492489758707e-01 7.072143832498861693e-01 1.766044606281292617e-01 1.251706873008648227e-03 0.000000000000000000e+00
1.728000000000000000e+06 4.319967064851593097e-01 1.125398270368684617e-01 7.047109695038689114e-01 1.804733727810650945e-01 2.275830678197541916e-03 0.000000000000000000e+00
1.736000000000000000e+06 4.339966912374053631e-01 1.126536185707783383e-01 7.055075102412380339e-01 1.789940828402366846e-01 2.844788347746927612e-03 0.000000000000000000e+00
1.744000000000000000e+06 4.359966759896516386e-01 1.133363677742375980e-01 7.044833864360491305e-01 1.801319981793354508e-01 2.048247610377787811e-03 0.000000000000000000e+00
1.752000000000000000e+06 4.379966607418976920e-01 1.135639508420573512e-01 7.027765134274009950e-01 1.819526627218935044e-01 1.706873008648156654e-03 0.000000000000000000e+00
1.760000000000000000e+06 4.399966454941437455e-01 1.101502048247610388e-01 7.043695949021392400e-01 1.838871187983613931e-01 1.593081474738279385e-03 0.000000000000000000e+00
1.768000000000000000e+06 4.419966302463897989e-01 1.092398725534820259e-01 7.043695949021392400e-01 1.837733272644515303e-01 2.617205279927173507e-03 0.000000000000000000e+00
1.776000000000000000e+06 4.439966149986360744e-01 1.111743286299499284e-01 7.010696404187528596e-01 1.863905325443787064e-01 1.365498406918525280e-03 0.000000000000000000e+00
1.784000000000000000e+06 4.459965997508821278e-01 1.112881201638598050e-01 6.990213928083750528e-01 1.879836140191169791e-01 1.706873008648156654e-03 0.000000000000000000e+00
1.792000000000000000e+06 4.479965845031281813e-01 1.078743741465634925e-01 6.986800182066453813e-01 1.907146108329540179e-01 2.730996813837050560e-03 0.000000000000000000e+00
1.800000000000000000e+06 4.499965692553742347e-01 1.109467455621301751e-01 6.961766044606281234e-01 1.910559854346836617e-01 1.820664542558033706e-03 0.000000000000000000e+00
1.808000000000000000e+06 4.519965540076202881e-01 1.094674556213017791e-01 6.957214383249886724e-01 1.917387346381429214e-01 3.072371415566681717e-03 0.000000000000000000e+00
1.816000000000000000e+06 4.539965387598665636e-01 1.093536640873919025e-01 6.862767410104688715e-01 2.007282658170232159e-01 3.641329085116067413e-03 0.000000000000000000e+00
