# itime ezz other fcc hcp bcc ico
0.000000000000000000e+00 0.000000000000000000e+00 0.000000000000000000e+00 1.000000000000000000e+00 0.000000000000000000e+00 0.000000000000000000e+00 0.000000000000000000e+00
4.000000000000000000e+03 9.999752359277636060e-04 0.000000000000000000e+00 1.000000000000000000e+00 0.000000000000000000e+00 0.000000000000000000e+00 0.000000000000000000e+00
8.000000000000000000e+03 1.999950471855305167e-03 0.000000000000000000e+00 1.000000000000000000e+00 0.000000000000000000e+00 0.000000000000000000e+00 0.000000000000000000e+00
1.200000000000000000e+04 2.999925707783068773e-03 0.000000000000000000e+00 1.000000000000000000e+00 0.000000000000000000e+00 0.000000000000000000e+00 0.000000000000000000e+00
1.600000000000000000e+04 3.999900943710610335e-03 0.000000000000000000e+00 1.000000000000000000e+00 0.000000000000000000e+00 0.000000000000000000e+00 0.000000000000000000e+00
2.000000000000000000e+04 4.999876179638373941e-03 0.000000000000000000e+00 1.000000000000000000e+00 0.000000000000000000e+00 0.000000000000000000e+00 0.000000000000000000e+00
2.400000000000000000e+04 5.999851415565915502e-03 0.000000000000000000e+00 1.000000000000000000e+00 0.000000000000000000e+00 0.000000000000000000e+00 0.000000000000000000e+00
2.800000000000000000e+04 6.999826651493679108e-03 0.000000000000000000e+00 1.000000000000000000e+00 0.000000000000000000e+00 0.000000000000000000e+00 0.000000000000000000e+00
3.200000000000000000e+04 7.999801887421442714e-03 0.000000000000000000e+00 1.000000000000000000e+00 0.000000000000000000e+00 0.000000000000000000e+00 0.000000000000000000e+00
3.600000000000000000e+04 8.999777123348984276e-03 0.000000000000000000e+00 1.000000000000000000e+00 0.000000000000000000e+00 0.000000000000000000e+00 0.000000000000000000e+00
4.000000000000000000e+04 9.999752359276747882e-03 0.000000000000000000e+00 1.000000000000000000e+00 0.000000000000000000e+00 0.000000000000000000e+00 0.000000000000000000e+00
4.400000000000000000e+04 1.099972759520428944e-02 0.000000000000000000e+00 1.000000000000000000e+00 0.000000000000000000e+00 0.000000000000000000e+00 0.000000000000000000e+00
4.800000000000000000e+04 1.199970283113205305e-02 0.000000000000000000e+00 1.000000000000000000e+00 0.000000000000000000e+00 0.000000000000000000e+00 0.000000000000000000e+00
5.200000000000000000e+04 1.299967806705981666e-02 0.000000000000000000e+00 1.000000000000000000e+00 0.000000000000000000e+00 0.000000000000000000e+00 0.000000000000000000e+00
5.600000000000000000e+04 1.399965330298735822e-02 0.000000000000000000e+00 1.000000000000000000e+00 0.000000000000000000e+00 0.000000000000000000e+00 0.000000000000000000e+00
6.000000000000000000e+04 1.499962853891512182e-02 0.000000000000000000e+00 1.000000000000000000e+00 0.000000000000000000e+00 0.000000000000000000e+00 0.000000000000000000e+00
6.400000000000000000e+04 1.599960377484266338e-02 0.000000000000000000e+00 1.000000000000000000e+00 0.000000000000000000e+00 0.000000000000000000e+00 0.000000000000000000e+00
6.800000000000000000e+04 1.699957901077042699e-02 0.000000000000000000e+00 1.000000000000000000e+00 0.000000000000000000e+00 0.000000000000000000e+00 0.000000000000000000e+00
7.200000000000000000e+04 1.799955424669796855e-02 0.000000000000000000e+00 1.000000000000000000e+00 0.000000000000000000e+00 0.000000000000000000e+00 0.000000000000000000e+00
7.600000000000000000e+04 1.899952948262573216e-02 0.000000000000000000e+00 1.000000000000000000e+00 0.000000000000000000e+00 0.000000000000000000e+00 0.000000000000000000e+00
8.000000000000000000e+04 1.999950471855349576e-02 0.000000000000000000e+00 1.000000000000000000e+00 0.000000000000000000e+00 0.000000000000000000e+00 0.000000000000000000e+00
8.400000000000000000e+04 2.099947995448103732e-02 0.000000000000000000e+00 1.000000000000000000e+00 0.000000000000000000e+00 0.000000000000000000e+00 0.000000000000000000e+00
8.800000000000000000e+04 2.199945519040880093e-02 0.000000000000000000e+00 1.000000000000000000e+00 0.000000000000000000e+00 0.000000000000000000e+00 0.000000000000000000e+00
9.200000000000000000e+04 2.299943042633634249e-02 0.000000000000000000e+00 1.000000000000000000e+00 0.000000000000000000e+00 0.000000000000000000e+00 0.000000000000000000e+00
9.600000000000000000e+04 2.399940566226410610e-02 0.000000000000000000e+00 1.000000000000000000e+00 0.000000000000000000e+00 0.000000000000000000e+00 0.000000000000000000e+00
1.000000000000000000e+05 2.499938089819164766e-02 0.000000000000000000e+00 1.000000000000000000e+00 0.000000000000000000e+00 0.000000000000000000e+00 0.000000000000000000e+00
1.040000000000000000e+05 2.599935613411941127e-02 0.000000000000000000e+00 1.000000000000000000e+00 0.000000000000000000e+00 0.000000000000000000e+00 0.000000000000000000e+00
1.080000000000000000e+05 2.699933137004717487e-02 0.000000000000000000e+00 1.000000000000000000e+00 0.000000000000000000e+00 0.000000000000000000e+00 0.000000000000000000e+00
1.120000000000000000e+05 2.799930660597471643e-02 0.000000000000000000e+00 1.000000000000000000e+00 0.000000000000000000e+00 0.000000000000000000e+00 0.000000000000000000e+00
1.160000000000000000e+05 2.899928184190248004e-02 0.000000000000000000e+00 1.000000000000000000e+00 0.000000000000000000e+00 0.000000000000000000e+00 0.000000000000000000e+00
1.200000000000000000e+05 2.999925707783002160e-02 0.000000000000000000e+00 1.000000000000000000e+00 0.000000000000000000e+00 0.000000000000000000e+00 0.000000000000000000e+00
1.240000000000000000e+05 3.099923231375778521e-02 0.000000000000000000e+00 1.000000000000000000e+00 0.000000000000000000e+00 0.000000000000000000e+00 0.000000000000000000e+00
1.280000000000000000e+05 3.199920754968532677e-02 0.000000000000000000e+00 1.000000000000000000e+00 0.000000000000000000e+00 0.000000000000000000e+00 0.000000000000000000e+00
1.320000000000000000e+05 3.299918278561309037e-02 0.000000000000000000e+00 1.000000000000000000e+00 0.000000000000000000e+00 0.000000000000000000e+00 0.000000000000000000e+00
1.360000000000000000e+05 3.399915802154085398e-02 0.000000000000000000e+00 1.000000000000000000e+00 0.000000000000000000e+00 0.000000000000000000e+00 0.000000000000000000e+00
1.400000000000000000e+05 3.499913325746839554e-02 0.000000000000000000e+00 1.000000000000000000e+00 0.000000000000000000e+00 0.000000000000000000e+00 0.000000000000000000e+00
1.440000000000000000e+05 3.599910849339615915e-02 0.000000000000000000e+00 1.000000000000000000e+00 0.000000000000000000e+00 0.000000000000000000e+00 0.000000000000000000e+00
1.480000000000000000e+05 3.699908372932370071e-02 0.000000000000000000e+00 1.000000000000000000e+00 0.000000000000000000e+00 0.000000000000000000e+00 0.000000000000000000e+00
1.520000000000000000e+05 3.799905896525146431e-02 0.000000000000000000e+00 1.000000000000000000e+00 0.000000000000000000e+00 0.000000000000000000e+00 0.000000000000000000e+00
1.560000000000000000e+05 3.899903420117922792e-02 0.000000000000000000e+00 1.000000000000000000e+00 0.000000000000000000e+00 0.000000000000000000e+00 0.000000000000000000e+00
1.600000000000000000e+05 3.999900943710676948e-02 0.000000000000000000e+00 1.000000000000000000e+00 0.000000000000000000e+00 0.000000000000000000e+00 0.000000000000000000e+00
1.640000000000000000e+05 4.099898467303453309e-02 0.000000000000000000e+00 1.000000000000000000e+00 0.000000000000000000e+00 0.000000000000000000e+00 0.000000000000000000e+00
1.680000000000000000e+05 4.199895990896207465e-02 0.000000000000000000e+00 1.000000000000000000e+00 0.000000000000000000e+00 0.000000000000000000e+00 0.000000000000000000e+00
1.720000000000000000e+05 4.299893514488983826e-02 0.000000000000000000e+00 1.000000000000000000e+00 0.000000000000000000e+00 0.000000000000000000e+00 0.000000000000000000e+00
1.760000000000000000e+05 4.399891038081737982e-02 0.000000000000000000e+00 1.000000000000000000e+00 0.000000000000000000e+00 0.000000000000000000e+00 0.000000000000000000e+00
1.800000000000000000e+05 4.499888561674514342e-02 0.000000000000000000e+00 1.000000000000000000e+00 0.000000000000000000e+00 0.000000000000000000e+00 0.000000000000000000e+00
1.840000000000000000e+05 4.599886085267290703e-02 0.000000000000000000e+00 1.000000000000000000e+00 0.000000000000000000e+00 0.000000000000000000e+00 0.000000000000000000e+00
1.880000000000000000e+05 4.699883608860044859e-02 0.000000000000000000e+00 1.000000000000000000e+00 0.000000000000000000e+00 0.000000000000000000e+00 0.000000000000000000e+00
1.920000000000000000e+05 4.799881132452821220e-02 0.000000000000000000e+00 1.000000000000000000e+00 0.000000000000000000e+00 0.000000000000000000e+00 0.000000000000000000e+00
1.960000000000000000e+05 4.899878656045575376e-02 0.000000000000000000e+00 1.000000000000000000e+00 0.000000000000000000e+00 0.000000000000000000e+00 0.000000000000000000e+00
2.000000000000000000e+05 4.999876179638351736e-02 0.000000000000000000e+00 1.000000000000000000e+00 0.000000000000000000e+00 0.000000000000000000e+00 0.000000000000000000e+00
2.040000000000000000e+05 5.099873703231105893e-02 0.000000000000000000e+00 1.000000000000000000e+00 0.000000000000000000e+00 0.000000000000000000e+00 0.000000000000000000e+00
2.080000000000000000e+05 5.199871226823882253e-02 0.000000000000000000e+00 1.000000000000000000e+00 0.000000000000000000e+00 0.000000000000000000e+00 0.000000000000000000e+00
2.120000000000000000e+05 5.299868750416658614e-02 0.000000000000000000e+00 1.000000000000000000e+00 0.000000000000000000e+00 0.000000000000000000e+00 0.000000000000000000e+00
2.160000000000000000e+05 5.399866274009412770e-02 0.000000000000000000e+00 1.000000000000000000e+00 0.000000000000000000e+00 0.000000000000000000e+00 0.000000000000000000e+00
2.200000000000000000e+05 5.499863797602189130e-02 0.000000000000000000e+00 1.000000000000000000e+00 0.000000000000000000e+00 0.000000000000000000e+00 0.000000000000000000e+00
2.240000000000000000e+05 5.599861321194943287e-02 0.000000000000000000e+00 1.000000000000000000e+00 0.000000000000000000e+00 0.000000000000000000e+00 0.000000000000000000e+00
2.280000000000000000e+05 5.699858844787719647e-02 0.000000000000000000e+00 1.000000000000000000e+00 0.000000000000000000e+00 0.000000000000000000e+00 0.000000000000000000e+00
2.320000000000000000e+05 5.799856368380496008e-02 0.000000000000000000e+00 1.000000000000000000e+00 0.000000000000000000e+00 0.000000000000000000e+00 0.000000000000000000e+00
2.360000000000000000e+05 5.899853891973250164e-02 0.000000000000000000e+00 1.000000000000000000e+00 0.000000000000000000e+00 0.000000000000000000e+00 0.000000000000000000e+00
2.400000000000000000e+05 5.999851415566026525e-02 0.000000000000000000e+00 1.000000000000000000e+00 0.000000000000000000e+00 0.000000000000000000e+00 0.000000000000000000e+00
2.440000000000000000e+05 6.099848939158780681e-02 0.000000000000000000e+00 1.000000000000000000e+00 0.000000000000000000e+00 0.000000000000000000e+00 0.000000000000000000e+00
2.480000000000000000e+05 6.199846462751557041e-02 0.000000000000000000e+00 1.000000000000000000e+00 0.000000000000000000e+00 0.000000000000000000e+00 0.000000000000000000e+00
2.520000000000000000e+05 6.299843986344311197e-02 0.000000000000000000e+00 1.000000000000000000e+00 0.000000000000000000e+00 0.000000000000000000e+00 0.000000000000000000e+00
2.560000000000000000e+05 6.399841509937087558e-02 0.000000000000000000e+00 1.000000000000000000e+00 0.000000000000000000e+00 0.000000000000000000e+00 0.000000000000000000e+00
2.600000000000000000e+05 6.499839033529863919e-02 0.000000000000000000e+00 1.000000000000000000e+00 0.000000000000000000e+00 0.000000000000000000e+00 0.000000000000000000e+00
2.640000000000000000e+05 6.599836557122618075e-02 0.000000000000000000e+00 1.000000000000000000e+00 0.000000000000000000e+00 0.000000000000000000e+00 0.000000000000000000e+00
2.680000000000000000e+05 6.699834080715394435e-02 0.000000000000000000e+00 1.000000000000000000e+00 0.000000000000000000e+00 0.000000000000000000e+00 0.000000000000000000e+00
2.720000000000000000e+05 6.799831604308148592e-02 0.000000000000000000e+00 1.000000000000000000e+00 0.000000000000000000e+00 0.000000000000000000e+00 0.000000000000000000e+00
2.760000000000000000e+05 6.899829127900924952e-02 1.137915339098771066e-04 9.998862084660901095e-01 0.000000000000000000e+00 0.000000000000000000e+00 0.000000000000000000e+00
2.800000000000000000e+05 6.999826651493679108e-02 2.275830678197542133e-04 9.996586253982703285e-01 0.000000000000000000e+00 1.137915339098771066e-04 0.000000000000000000e+00
2.840000000000000000e+05 7.099824175086455469e-02 0.000000000000000000e+00 1.000000000000000000e+00 0.000000000000000000e+00 0.000000000000000000e+00 0.000000000000000000e+00
2.880000000000000000e+05 7.199821698679231829e-02 3.413746017296313199e-04 9.996586253982703285e-01 0.000000000000000000e+00 0.000000000000000000e+00 0.000000000000000000e+00
2.920000000000000000e+05 7.299819222271985986e-02 0.000000000000000000e+00 1.000000000000000000e+00 0.000000000000000000e+00 0.000000000000000000e+00 0.000000000000000000e+00
2.960000000000000000e+05 7.399816745864762346e-02 0.000000000000000000e+00 1.000000000000000000e+00 0.000000000000000000e+00 0.000000000000000000e+00 0.000000000000000000e+00
3.000000000000000000e+05 7.499814269457516502e-02 0.000000000000000000e+00 1.000000000000000000e+00 0.000000000000000000e+00 0.000000000000000000e+00 0.000000000000000000e+00
3.040000000000000000e+05 7.599811793050292863e-02 1.137915339098771066e-04 9.998862084660901095e-01 0.000000000000000000e+00 0.000000000000000000e+00 0.000000000000000000e+00
3.080000000000000000e+05 7.699809316643069224e-02 0.000000000000000000e+00 1.000000000000000000e+00 0.000000000000000000e+00 0.000000000000000000e+00 0.000000000000000000e+00
3.120000000000000000e+05 7.799806840235823380e-02 2.275830678197542133e-04 9.997724169321802190e-01 0.000000000000000000e+00 0.000000000000000000e+00 0.000000000000000000e+00
3.160000000000000000e+05 7.899804363828599740e-02 0.000000000000000000e+00 1.000000000000000000e+00 0.000000000000000000e+00 0.000000000000000000e+00 0.000000000000000000e+00
3.200000000000000000e+05 7.999801887421353896e-02 4.551661356395084266e-04 9.995448338643604380e-01 0.000000000000000000e+00 0.000000000000000000e+00 0.000000000000000000e+00
3.240000000000000000e+05 8.099799411014130257e-02 3.413746017296313199e-04 9.996586253982703285e-01 0.000000000000000000e+00 0.000000000000000000e+00 0.000000000000000000e+00
3.280000000000000000e+05 8.199796934606884413e-02 4.551661356395084266e-04 9.994310423304506585e-01 0.000000000000000000e+00 1.137915339098771066e-04 0.000000000000000000e+00
3.320000000000000000e+05 8.299794458199660774e-02 9.103322712790168532e-04 9.990896677287209870e-01 0.000000000000000000e+00 0.000000000000000000e+00 0.000000000000000000e+00
3.360000000000000000e+05 8.399791981792437134e-02 5.689576695493854790e-04 9.994310423304506585e-01 0.000000000000000000e+00 0.000000000000000000e+00 0.000000000000000000e+00
3.400000000000000000e+05 8.499789505385191291e-02 7.965407373691396923e-04 9.989758761948110966e-01 0.000000000000000000e+00 2.275830678197542133e-04 0.000000000000000000e+00
3.440000000000000000e+05 8.599787028977967651e-02 1.024123805188893906e-03 9.986345015930814251e-01 0.000000000000000000e+00 3.413746017296313199e-04 0.000000000000000000e+00
3.480000000000000000e+05 8.699784552570721807e-02 1.934456076467910759e-03 9.978379608557123026e-01 0.000000000000000000e+00 2.275830678197542133e-04 0.000000000000000000e+00
3.520000000000000000e+05 8.799782076163498168e-02 4.551661356395084266e-04 9.995448338643604380e-01 0.000000000000000000e+00 0.000000000000000000e+00 0.000000000000000000e+00
3.560000000000000000e+05 8.899779599756252324e-02 7.965407373691396923e-04 9.992034592626308775e-01 0.000000000000000000e+00 0.000000000000000000e+00 0.000000000000000000e+00
3.600000000000000000e+05 8.999777123349028685e-02 1.820664542558033706e-03 9.981793354574419741e-01 0.000000000000000000e+00 0.000000000000000000e+00 0.000000000000000000e+00
3.640000000000000000e+05 9.099774646941805045e-02 1.024123805188893906e-03 9.989758761948110966e-01 0.000000000000000000e+00 0.000000000000000000e+00 0.000000000000000000e+00
3.680000000000000000e+05 9.199772170534559201e-02 1.593081474738279385e-03 9.981793354574419741e-01 0.000000000000000000e+00 2.275830678197542133e-04 0.000000000000000000e+00
3.720000000000000000e+05 9.299769694127335562e-02 4.551661356395084266e-04 9.995448338643604380e-01 0.000000000000000000e+00 0.000000000000000000e+00 0.000000000000000000e+00
3.760000000000000000e+05 9.399767217720089718e-02 7.965407373691396923e-04 9.992034592626308775e-01 0.000000000000000000e+00 0.000000000000000000e+00 0.000000000000000000e+00
3.800000000000000000e+05 9.499764741312866079e-02 2.730996813837050560e-03 9.971552116522530707e-01 0.000000000000000000e+00 1.137915339098771066e-04 0.000000000000000000e+00
3.840000000000000000e+05 9.599762264905620235e-02 2.275830678197541916e-03 9.977241693218024121e-01 0.000000000000000000e+00 0.000000000000000000e+00 0.000000000000000000e+00
3.880000000000000000e+05 9.699759788498396595e-02 3.186162949476558769e-03 9.965862539827037292e-01 0.000000000000000000e+00 2.275830678197542133e-04 0.000000000000000000e+00
3.920000000000000000e+05 9.799757312091172956e-02 3.299954483386436255e-03 9.965862539827037292e-01 0.000000000000000000e+00 1.137915339098771066e-04 0.000000000000000000e+00
3.960000000000000000e+05 9.899754835683927112e-02 2.730996813837050560e-03 9.968138370505233992e-01 0.000000000000000000e+00 4.551661356395084266e-04 0.000000000000000000e+00
4.000000000000000000e+05 9.999752359276703473e-02 3.299954483386436255e-03 9.964724624487938387e-01 0.000000000000000000e+00 2.275830678197542133e-04 0.000000000000000000e+00
4.040000000000000000e+05 1.009974988286945763e-01 3.072371415566681717e-03 9.968138370505233992e-01 0.000000000000000000e+00 1.137915339098771066e-04 0.000000000000000000e+00
4.080000000000000000e+05 1.019974740646223399e-01 3.755120619025944465e-03 9.961310878470641672e-01 0.000000000000000000e+00 1.137915339098771066e-04 0.000000000000000000e+00
4.120000000000000000e+05 1.029974493005501035e-01 2.162039144287664864e-03 9.977241693218024121e-01 0.000000000000000000e+00 1.137915339098771066e-04 0.000000000000000000e+00
4.160000000000000000e+05 1.039974245364776451e-01 5.006827492034592909e-03 9.948793809740554828e-01 0.000000000000000000e+00 1.137915339098771066e-04 0.000000000000000000e+00
4.200000000000000000e+05 1.049973997724054087e-01 5.120619025944469528e-03 9.946517979062358128e-01 0.000000000000000000e+00 2.275830678197542133e-04 0.000000000000000000e+00
4.240000000000000000e+05 1.059973750083329502e-01 8.648156577150659455e-03 9.899863450159308575e-01 0.000000000000000000e+00 1.365498406918525280e-03 0.000000000000000000e+00
4.280000000000000000e+05 1.069973502442607138e-01 6.838871187983613931e-02 7.027765134274009950e-01 2.253072371415566766e-01 3.527537551206190360e-03 0.000000000000000000e+00
4.320000000000000000e+05 1.079973254801882554e-01 5.996813837050523482e-02 7.059626763768775959e-01 2.312243969048702885e-01 2.844788347746927612e-03 0.000000000000000000e+00
4.360000000000000000e+05 1.089973007161160190e-01 5.917159763313609155e-02 7.059626763768775959e-01 2.321347291761493015e-01 2.730996813837050560e-03 0.000000000000000000e+00
4.400000000000000000e+05 1.099972759520437826e-01 5.860263996358670846e-02 7.059626763768775959e-01 2.317933545744196577e-01 3.641329085116067413e-03 0.000000000000000000e+00
4.440000000000000000e+05 1.109972511879713242e-01 5.871643149749658508e-02 7.066454255803368278e-01 2.320209376422394110e-01 2.617205279927173507e-03 0.000000000000000000e+00
4.480000000000000000e+05 1.119972264238990878e-01 5.996813837050523482e-02 7.065316340464269373e-01 2.311106053709603980e-01 2.389622212107419402e-03 0.000000000000000000e+00
4.520000000000000000e+05 1.129972016598266293e-01 5.928538916704597511e-02 7.067592171142467183e-01 2.308830223031406448e-01 3.072371415566681717e-03 0.000000000000000000e+00
4.560000000000000000e+05 1.139971768957543929e-01 6.076467910787437116e-02 7.057350933090578149e-01 2.319071461083295482e-01 1.593081474738279385e-03 0.000000000000000000e+00
4.600000000000000000e+05 1.149971521316819345e-01 5.803368229403732537e-02 7.076695493855257313e-01 2.321347291761493015e-01 2.162039144287664864e-03 0.000000000000000000e+00
4.640000000000000000e+05 1.159971273676096981e-01 6.099226217569413133e-02 7.057350933090578149e-01 2.311106053709603980e-01 2.162039144287664864e-03 0.000000000000000000e+00
4.680000000000000000e+05 1.169971026035374617e-01 6.099226217569413133e-02 7.058488848429677054e-01 2.309968138370505353e-01 2.162039144287664864e-03 0.000000000000000000e+00
4.720000000000000000e+05 1.179970778394650033e-01 6.326809285389166371e-02 7.041420118343195700e-01 2.296313154301319881e-01 2.958579881656804664e-03 0.000000000000000000e+00
4.760000000000000000e+05 1.189970530753927669e-01 6.190259444697314428e-02 7.042558033682293495e-01 2.320209376422394110e-01 1.820664542558033706e-03 0.000000000000000000e+00
4.800000000000000000e+05 1.199970283113203084e-01 6.178880291306326766e-02 7.050523441055985829e-01 2.300864815657714946e-01 3.072371415566681717e-03 0.000000000000000000e+00
4.840000000000000000e+05 1.209970035472480721e-01 6.269913518434228061e-02 7.056213017751479244e-01 2.298588984979517413e-01 1.820664542558033706e-03 0.000000000000000000e+00
4.880000000000000000e+05 1.219969787831758357e-01 6.110605370960400795e-02 7.051661356395084734e-01 2.309968138370505353e-01 2.730996813837050560e-03 0.000000000000000000e+00
4.920000000000000000e+05 1.229969540191033772e-01 6.178880291306326766e-02 7.058488848429677054e-01 2.304278561675011383e-01 1.934456076467910759e-03 0.000000000000000000e+00
4.960000000000000000e+05 1.239969292550311408e-01 6.326809285389166371e-02 7.047109695038689114e-01 2.291761492944924816e-01 2.844788347746927612e-03 0.000000000000000000e+00
5.000000000000000000e+05 1.249969044909586824e-01 6.895766954938552240e-02 7.011834319526627501e-01 2.282658170232134687e-01 1.593081474738279385e-03 0.000000000000000000e+00
5.040000000000000000e+05 1.259968797268864460e-01 7.510241238051888757e-02 6.961766044606281234e-01 2.250796540737369233e-01 3.641329085116067413e-03 0.000000000000000000e+00
5.080000000000000000e+05 1.269968549628139876e-01 7.771961766044606368e-02 6.934456076467910846e-01 2.241693218024579104e-01 4.665452890304961318e-03 0.000000000000000000e+00
5.120000000000000000e+05 1.279968301987417512e-01 7.783340919435594030e-02 6.924214838416021811e-01 2.263313609467455523e-01 3.413746017296313308e-03 0.000000000000000000e+00
5.160000000000000000e+05 1.289968054346695148e-01 7.885753299954482987e-02 6.965179790623577949e-01 2.173418297678652578e-01 7.282658170232134826e-03 0.000000000000000000e+00
5.200000000000000000e+05 1.299967806705970563e-01 7.783340919435594030e-02 6.984524351388257113e-01 2.180245789713245452e-01 5.689576695493855224e-03 0.000000000000000000e+00
5.240000000000000000e+05 1.309967559065248199e-01 7.897132453345470648e-02 6.981110605370960398e-01 2.181383705052344080e-01 4.779244424214838804e-03 0.000000000000000000e+00
5.280000000000000000e+05 1.319967311424523615e-01 7.976786527082385669e-02 6.975421028675466983e-01 2.174556213017751483e-01 5.234410559854347014e-03 0.000000000000000000e+00
5.320000000000000000e+05 1.329967063783801251e-01 8.147473827947200598e-02 6.960628129267182329e-01 2.166590805644059980e-01 5.803368229403732710e-03 0.000000000000000000e+00
5.360000000000000000e+05 1.339966816143076667e-01 8.466090122894856518e-02 6.935593991807009751e-01 2.155211652253072319e-01 6.258534365043240920e-03 0.000000000000000000e+00
5.400000000000000000e+05 1.349966568502354303e-01 8.500227583067819503e-02 6.943559399180700975e-01 2.163177059626763821e-01 4.324078288575329727e-03 0.000000000000000000e+00
5.440000000000000000e+05 1.359966320861631939e-01 8.557123350022757813e-02 6.940145653163404260e-01 2.165452890304961353e-01 3.868912152935821518e-03 0.000000000000000000e+00
5.480000000000000000e+05 1.369966073220907354e-01 8.375056895766955223e-02 6.958352298588984519e-01 2.168866636322257513e-01 3.527537551206190360e-03 0.000000000000000000e+00
5.520000000000000000e+05 1.379965825580184990e-01 8.545744196631770151e-02 6.943559399180700975e-01 2.180245789713245452e-01 2.162039144287664864e-03 0.000000000000000000e+00
5.560000000000000000e+05 1.389965577939460406e-01 8.500227583067819503e-02 6.961766044606281234e-01 2.167728720983158885e-01 2.048247610377787811e-03 0.000000000000000000e+00
5.600000000000000000e+05 1.399965330298738042e-01 8.636777423759672834e-02 6.951524806554392200e-01 2.159763313609467383e-01 2.503413746017296455e-03 0.000000000000000000e+00
5.640000000000000000e+05 1.409965082658015678e-01 8.318161128812016913e-02 6.966317705962676854e-01 2.171142467000455045e-01 3.072371415566681717e-03 0.000000000000000000e+00
5.680000000000000000e+05 1.419964835017291094e-01 8.693673190714611143e-02 6.945835229858898785e-01 2.156349567592171224e-01 2.844788347746927612e-03 0.000000000000000000e+00
5.720000000000000000e+05 1.429964587376568730e-01 8.397815202548930547e-02 6.965179790623577949e-01 2.160901228948566288e-01 3.413746017296313308e-03 0.000000000000000000e+00
5.760000000000000000e+05 1.439964339735844145e-01 8.511606736458807165e-02 6.965179790623577949e-01 2.159763313609467383e-01 2.389622212107419402e-03 0.000000000000000000e+00
5.800000000000000000e+05 1.449964092095121782e-01 8.750568957669549452e-02 6.946973145197997690e-01 2.151797906235776159e-01 2.617205279927173507e-03 0.000000000000000000e+00
5.840000000000000000e+05 1.459963844454397197e-01 8.716431497496586467e-02 6.954938552571688914e-01 2.157487482931269851e-01 1.593081474738279385e-03 0.000000000000000000e+00
5.880000000000000000e+05 1.469963596813674833e-01 8.716431497496586467e-02 6.946973145197997690e-01 2.148384160218479721e-01 3.299954483386436255e-03 0.000000000000000000e+00
5.920000000000000000e+05 1.479963349172952469e-01 8.488848429676831842e-02 6.958352298588984519e-01 2.170004551661356418e-01 2.275830678197541916e-03 0.000000000000000000e+00
5.960000000000000000e+05 1.489963101532227885e-01 8.579881656804733137e-02 6.970869367319071364e-01 2.150659990896677254e-01 2.048247610377787811e-03 0.000000000000000000e+00
6.000000000000000000e+05 1.499962853891505521e-01 8.614019116977697510e-02 6.952662721893491105e-01 2.155211652253072319e-01 3.072371415566681717e-03 0.000000000000000000e+00
6.040000000000000000e+05 1.509962606250780937e-01 8.909877105143376719e-02 6.935593991807009751e-01 2.158625398270368756e-01 1.479289940828402332e-03 0.000000000000000000e+00
6.080000000000000000e+05 1.519962358610058573e-01 8.830223031406463086e-02 6.944697314519799880e-01 2.141556668183887124e-01 3.072371415566681717e-03 0.000000000000000000e+00
6.120000000000000000e+05 1.529962110969333988e-01 9.046426945835230049e-02 6.941283568502503165e-01 2.135867091488393155e-01 1.820664542558033706e-03 0.000000000000000000e+00
6.160000000000000000e+05 1.539961863328611624e-01 7.487482931269913433e-02 7.824305871643150168e-01 1.387118798361401950e-01 3.982703686845699004e-03 0.000000000000000000e+00
6.200000000000000000e+05 1.549961615687889260e-01 7.612653618570777714e-02 7.815202548930360038e-01 1.384842967683204418e-01 3.868912152935821518e-03 0.000000000000000000e+00
6.240000000000000000e+05 1.559961368047164676e-01 7.464724624487938109e-02 7.825443786982249073e-01 1.382567137005006885e-01 4.551661356395083832e-03 0.000000000000000000e+00
6.280000000000000000e+05 1.569961120406442312e-01 7.601274465179790052e-02 7.816340464269457833e-01 1.372325898953117851e-01 5.120619025944469528e-03 0.000000000000000000e+00
6.320000000000000000e+05 1.579960872765717728e-01 7.464724624487938109e-02 7.822030040964952358e-01 1.383705052344105513e-01 4.779244424214838804e-03 0.000000000000000000e+00
6.360000000000000000e+05 1.589960625124995364e-01 7.487482931269913433e-02 7.818616294947655643e-01 1.373463814292216756e-01 5.917159763313609329e-03 0.000000000000000000e+00
6.400000000000000000e+05 1.599960377484270779e-01 7.453345471096950448e-02 7.795857988165680874e-01 1.396222121074192080e-01 6.258534365043240920e-03 0.000000000000000000e+00
6.440000000000000000e+05 1.609960129843548415e-01 7.783340919435594030e-02 7.778789258079198410e-01 1.397360036413290985e-01 4.551661356395083832e-03 0.000000000000000000e+00
6.480000000000000000e+05 1.619959882202826051e-01 7.817478379608557015e-02 7.774237596722803900e-01 1.395084205735093175e-01 4.893035958124715423e-03 0.000000000000000000e+00
6.520000000000000000e+05 1.629959634562101467e-01 8.306781975421029252e-02 7.378243058716431602e-01 1.722803823395539502e-01 6.827492034592626616e-03 0.000000000000000000e+00
6.560000000000000000e+05 1.639959386921379103e-01 8.397815202548930547e-02 7.372553482020938187e-01 1.735320892125625791e-01 5.234410559854347014e-03 0.000000000000000000e+00
6.600000000000000000e+05 1.649959139280654519e-01 8.511606736458807165e-02 7.374829312699134887e-01 1.738734638142922229e-01 3.527537551206190360e-03 0.000000000000000000e+00
6.640000000000000000e+05 1.659958891639932155e-01 8.659535730541648157e-02 7.363450159308146947e-01 1.737596722803823324e-01 3.299954483386436255e-03 0.000000000000000000e+00
6.680000000000000000e+05 1.669958643999209791e-01 8.375056895766955223e-02 7.378243058716431602e-01 1.748975876194810986e-01 3.527537551206190360e-03 0.000000000000000000e+00
6.720000000000000000e+05 1.679958396358485206e-01 8.409194355939918208e-02 7.356622667273554628e-01 1.746700045516613453e-01 5.575785161583977738e-03 0.000000000000000000e+00
6.760000000000000000e+05 1.689958148717762842e-01 8.659535730541648157e-02 7.345243513882566688e-01 1.727355484751934567e-01 6.144742831133363434e-03 0.000000000000000000e+00
6.800000000000000000e+05 1.699957901077038258e-01 8.318161128812016913e-02 7.383932635411925016e-01 1.751251706873008518e-01 3.299954483386436255e-03 0.000000000000000000e+00
6.840000000000000000e+05 1.709957653436315894e-01 8.579881656804733137e-02 7.330450614474283144e-01 1.775147928994082747e-01 3.641329085116067413e-03 0.000000000000000000e+00
6.880000000000000000e+05 1.719957405795591310e-01 8.648156577150660496e-02 7.246244879380974169e-01 1.851388256713700498e-01 3.755120619025944465e-03 0.000000000000000000e+00
6.920000000000000000e+05 1.729957158154868946e-01 8.921256258534364381e-02 7.238279472007282944e-01 1.837733272644515303e-01 3.186162949476558769e-03 0.000000000000000000e+00
6.960000000000000000e+05 1.739956910514146582e-01 8.636777423759672834e-02 7.246244879380974169e-01 1.843422849340008995e-01 4.665452890304961318e-03 0.000000000000000000e+00
7.000000000000000000e+05 1.749956662873421998e-01 8.818843878015475424e-02 7.231451979972689514e-01 1.836595357305416398e-01 5.006827492034592909e-03 0.000000000000000000e+00
7.040000000000000000e+05 1.759956415232699634e-01 8.625398270368685172e-02 7.223486572598998290e-01 1.859353664087392000e-01 5.461993627674101119e-03 0.000000000000000000e+00
7.080000000000000000e+05 1.769956167591975049e-01 8.386436049157942885e-02 7.150659990896677254e-01 1.948111060537096040e-01 6.258534365043240920e-03 0.000000000000000000e+00
7.120000000000000000e+05 1.779955919951252685e-01 8.466090122894856518e-02 7.162039144287665193e-01 1.949248975876194945e-01 4.210286754665453109e-03 0.000000000000000000e+00
7.160000000000000000e+05 1.789955672310528101e-01 8.693673190714611143e-02 7.146108329540282744e-01 1.940145653163404538e-01 4.437869822485207214e-03 0.000000000000000000e+00
7.200000000000000000e+05 1.799955424669805737e-01 8.921256258534364381e-02 7.158625398270368478e-01 1.909421939007737712e-01 3.982703686845699004e-03 0.000000000000000000e+00
7.240000000000000000e+05 1.809955177029083373e-01 8.625398270368685172e-02 7.151797906235776159e-01 1.926490669094219343e-01 5.917159763313609329e-03 0.000000000000000000e+00
7.280000000000000000e+05 1.819954929388358789e-01 8.773327264451524776e-02 7.143832498862084934e-01 1.937869822485207005e-01 4.096495220755575623e-03 0.000000000000000000e+00
7.320000000000000000e+05 1.829954681747636425e-01 8.625398270368685172e-02 7.165452890304960798e-01 1.927628584433318248e-01 4.437869822485207214e-03 0.000000000000000000e+00
7.360000000000000000e+05 1.839954434106911840e-01 8.727810650887574129e-02 7.151797906235776159e-01 1.933318161128811941e-01 4.210286754665453109e-03 0.000000000000000000e+00
7.400000000000000000e+05 1.849954186466189476e-01 8.659535730541648157e-02 7.163177059626764098e-01 1.934456076467910846e-01 3.641329085116067413e-03 0.000000000000000000e+00
7.440000000000000000e+05 1.859953938825467112e-01 8.648156577150660496e-02 7.150659990896677254e-01 1.941283568502503443e-01 4.324078288575329727e-03 0.000000000000000000e+00
7.480000000000000000e+05 1.869953691184742528e-01 8.602639963586708460e-02 7.150659990896677254e-01 1.951524806554392477e-01 3.755120619025944465e-03 0.000000000000000000e+00
7.520000000000000000e+05 1.879953443544020164e-01 8.909877105143376719e-02 7.129039599453800280e-01 1.934456076467910846e-01 4.551661356395083832e-03 0.000000000000000000e+00
7.560000000000000000e+05 1.889953195903295580e-01 9.023668639053254725e-02 7.116522530723714546e-01 1.937869822485207005e-01 4.324078288575329727e-03 0.000000000000000000e+00
7.600000000000000000e+05 1.899952948262573216e-01 9.763313609467455523e-02 6.805871643149750128e-01 2.175694128356850388e-01 4.210286754665453109e-03 0.000000000000000000e+00
7.640000000000000000e+05 1.909952700621848631e-01 9.433318161128811941e-02 6.874146563495675544e-01 2.135867091488393155e-01 4.665452890304961318e-03 0.000000000000000000e+00
7.680000000000000000e+05 1.919952452981126267e-01 9.535730541647700897e-02 6.822940373236231482e-01 2.165452890304961353e-01 5.803368229403732710e-03 0.000000000000000000e+00
7.720000000000000000e+05 1.929952205340403903e-01 9.524351388256713236e-02 6.845698680018206250e-01 2.166590805644059980e-01 3.527537551206190360e-03 0.000000000000000000e+00
7.760000000000000000e+05 1.939951957699679319e-01 9.854346836595356818e-02 6.820664542558033672e-01 2.156349567592171224e-01 3.755120619025944465e-03 0.000000000000000000e+00
7.800000000000000000e+05 1.949951710058956955e-01 9.945380063723259501e-02 6.801319981793354508e-01 2.157487482931269851e-01 4.665452890304961318e-03 0.000000000000000000e+00
7.840000000000000000e+05 1.959951462418232371e-01 9.740555302685480199e-02 6.812699135184342447e-01 2.166590805644059980e-01 4.665452890304961318e-03 0.000000000000000000e+00
7.880000000000000000e+05 1.969951214777510007e-01 1.129949931725079681e-01 5.938780154756485574e-01 2.861857077833409035e-01 6.941283568502503235e-03 0.000000000000000000e+00
7.920000000000000000e+05 1.979950967136785422e-01 1.145880746472462408e-01 5.961538461538461453e-01 2.858443331816112876e-01 3.413746017296313308e-03 0.000000000000000000e+00
7.960000000000000000e+05 1.989950719496063059e-01 1.127674101046882149e-01 5.960400546199362548e-01 2.845926263086026586e-01 6.599908966772872511e-03 0.000000000000000000e+00
8.000000000000000000e+05 1.999950471855340695e-01 1.162949476558944040e-01 5.911470186618115186e-01 2.876649977241693135e-01 4.893035958124715423e-03 0.000000000000000000e+00
8.040000000000000000e+05 2.009950224214616110e-01 1.176604460628129234e-01 5.908056440600819581e-01 2.875512061902594230e-01 3.982703686845699004e-03 0.000000000000000000e+00
8.080000000000000000e+05 2.019949976573893746e-01 1.166363222576240338e-01 5.923987255348202030e-01 2.870960400546199165e-01 3.868912152935821518e-03 0.000000000000000000e+00
8.120000000000000000e+05 2.029949728933169162e-01 1.184569868001820597e-01 5.888711879836140417e-01 2.881201638598088199e-01 4.551661356395083832e-03 0.000000000000000000e+00
8.160000000000000000e+05 2.039949481292446798e-01 1.160673645880746507e-01 5.885298133818843702e-01 2.891442876649977234e-01 6.258534365043240920e-03 0.000000000000000000e+00
8.200000000000000000e+05 2.049949233651724434e-01 1.035502958579881672e-01 6.814974965862540257e-01 2.096040054619936199e-01 5.348202093764223633e-03 0.000000000000000000e+00
8.240000000000000000e+05 2.059948986010999850e-01 1.020710059171597572e-01 6.800182066454255603e-01 2.115384615384615363e-01 6.372325898953117539e-03 0.000000000000000000e+00
8.280000000000000000e+05 2.069948738370277486e-01 1.020710059171597572e-01 6.731907146108329076e-01 2.196176604460628179e-01 5.120619025944469528e-03 0.000000000000000000e+00
8.320000000000000000e+05 2.079948490729552901e-01 9.285389167045972336e-02 6.726217569412835662e-01 2.279244424214838527e-01 6.599908966772872511e-03 0.000000000000000000e+00
8.360000000000000000e+05 2.089948243088830537e-01 9.581247155211652933e-02 6.725079654073736757e-01 2.273554847519344557e-01 4.324078288575329727e-03 0.000000000000000000e+00
8.400000000000000000e+05 2.099947995448105953e-01 9.592626308602640595e-02 6.708010923987255403e-01 2.267865270823850588e-01 6.486117432862995025e-03 0.000000000000000000e+00
8.440000000000000000e+05 2.109947747807383589e-01 9.444697314519799602e-02 6.717114246700045532e-01 2.275830678197542090e-01 6.258534365043240920e-03 0.000000000000000000e+00
8.480000000000000000e+05 2.119947500166661225e-01 9.262630860263997012e-02 6.731907146108329076e-01 2.273554847519344557e-01 6.827492034592626616e-03 0.000000000000000000e+00
8.520000000000000000e+05 2.129947252525936641e-01 9.456076467910787264e-02 6.742148384160218111e-01 2.246244879380974169e-01 6.599908966772872511e-03 0.000000000000000000e+00
8.560000000000000000e+05 2.139947004885214277e-01 9.126081019572143682e-02 6.742148384160218111e-01 2.263313609467455523e-01 8.192990441511151245e-03 0.000000000000000000e+00
8.600000000000000000e+05 2.149946757244489692e-01 9.330905780609922984e-02 6.713700500682748817e-01 2.274692762858443462e-01 7.851615839781519654e-03 0.000000000000000000e+00
8.640000000000000000e+05 2.159946509603767328e-01 9.274010013654984674e-02 6.705735093309057593e-01 2.288347746927628656e-01 7.851615839781519654e-03 0.000000000000000000e+00
8.680000000000000000e+05 2.169946261963042744e-01 9.490213928083750250e-02 6.743286299499317016e-01 2.240555302685480199e-01 6.713700500682749130e-03 0.000000000000000000e+00
8.720000000000000000e+05 2.179946014322320380e-01 9.695038689121529552e-02 6.698907601274465273e-01 2.263313609467455523e-01 6.827492034592626616e-03 0.000000000000000000e+00
8.760000000000000000e+05 2.189945766681598016e-01 9.387801547564861293e-02 6.748975876194811541e-01 2.259899863450159363e-01 5.234410559854347014e-03 0.000000000000000000e+00
8.800000000000000000e+05 2.199945519040873432e-01 9.262630860263997012e-02 6.758079198907601670e-01 2.246244879380974169e-01 6.941283568502503235e-03 0.000000000000000000e+00
8.840000000000000000e+05 2.209945271400151068e-01 9.399180700955848955e-02 6.747837960855712636e-01 2.240555302685480199e-01 7.168866636322257339e-03 0.000000000000000000e+00
8.880000000000000000e+05 2.219945023759426483e-01 9.433318161128811941e-02 6.736458807464724696e-01 2.250796540737369233e-01 6.941283568502503235e-03 0.000000000000000000e+00
8.920000000000000000e+05 2.229944776118704119e-01 9.365043240782885969e-02 6.746700045516613731e-01 2.257624032771961831e-01 5.917159763313609329e-03 0.000000000000000000e+00
8.960000000000000000e+05 2.239944528477979535e-01 9.478834774692762588e-02 6.734182976786526886e-01 2.254210286754665393e-01 6.372325898953117539e-03 0.000000000000000000e+00
9.000000000000000000e+05 2.249944280837257171e-01 9.342284934000910646e-02 6.720527992717342247e-01 2.269003186162949492e-01 7.624032771961766417e-03 0.000000000000000000e+00
9.040000000000000000e+05 2.259944033196534807e-01 9.467455621301774926e-02 6.711424670004552118e-01 2.280382339553937154e-01 6.144742831133363434e-03 0.000000000000000000e+00
9.080000000000000000e+05 2.269943785555810223e-01 9.524351388256713236e-02 6.742148384160218111e-01 2.239417387346381294e-01 6.599908966772872511e-03 0.000000000000000000e+00
