# itime ezz other fcc hcp bcc ico
0.000000000000000000e+00 0.000000000000000000e+00 0.000000000000000000e+00 1.000000000000000000e+00 0.000000000000000000e+00 0.000000000000000000e+00 0.000000000000000000e+00
4.000000000000000000e+04 9.999987093054052423e-03 0.000000000000000000e+00 1.000000000000000000e+00 0.000000000000000000e+00 0.000000000000000000e+00 0.000000000000000000e+00
8.000000000000000000e+04 1.999997418610832689e-02 0.000000000000000000e+00 1.000000000000000000e+00 0.000000000000000000e+00 0.000000000000000000e+00 0.000000000000000000e+00
1.200000000000000000e+05 2.999996127916237931e-02 0.000000000000000000e+00 1.000000000000000000e+00 0.000000000000000000e+00 0.000000000000000000e+00 0.000000000000000000e+00
1.600000000000000000e+05 3.999994837221665378e-02 0.000000000000000000e+00 1.000000000000000000e+00 0.000000000000000000e+00 0.000000000000000000e+00 0.000000000000000000e+00
2.000000000000000000e+05 4.999993546527070620e-02 0.000000000000000000e+00 1.000000000000000000e+00 0.000000000000000000e+00 0.000000000000000000e+00 0.000000000000000000e+00
2.400000000000000000e+05 5.999992255832475863e-02 0.000000000000000000e+00 1.000000000000000000e+00 0.000000000000000000e+00 0.000000000000000000e+00 0.000000000000000000e+00
2.800000000000000000e+05 6.999990965137903309e-02 0.000000000000000000e+00 1.000000000000000000e+00 0.000000000000000000e+00 0.000000000000000000e+00 0.000000000000000000e+00
3.200000000000000000e+05 7.999989674443308552e-02 3.413746017296313199e-04 9.996586253982703285e-01 0.000000000000000000e+00 0.000000000000000000e+00 0.000000000000000000e+00
3.600000000000000000e+05 8.999988383748713794e-02 1.251706873008648227e-03 9.986345015930814251e-01 0.000000000000000000e+00 1.137915339098771066e-04 0.000000000000000000e+00
4.000000000000000000e+05 9.999987093054141241e-02 4.324078288575329727e-03 9.953345471096950448e-01 0.000000000000000000e+00 3.413746017296313199e-04 0.000000000000000000e+00
4.400000000000000000e+05 1.099998580235954648e-01 5.553026854802002588e-02 8.082612653618570508e-01 1.329085116067364458e-01 3.299954483386436255e-03 0.000000000000000000e+00
4.800000000000000000e+05 1.199998451166497393e-01 3.083750568957669552e-02 8.219162494310423561e-01 1.470186618115612298e-01 2.275830678197542133e-04 0.000000000000000000e+00
5.200000000000000000e+05 1.299998322097037917e-01 3.311333636777423484e-02 8.205507510241237812e-01 1.463359126081019701e-01 0.000000000000000000e+00 0.000000000000000000e+00
5.600000000000000000e+05 1.399998193027578441e-01 2.901684114701866268e-02 8.225989986345015881e-01 1.483841602184797492e-01 0.000000000000000000e+00 0.000000000000000000e+00
6.000000000000000000e+05 1.499998063958121186e-01 1.991351843422849502e-02 8.298816568047336917e-01 1.500910332271279124e-01 1.137915339098771066e-04 0.000000000000000000e+00
6.400000000000000000e+05 1.599997934888661710e-01 2.139280837505689453e-02 8.276058261265362148e-01 1.506599908966772816e-01 3.413746017296313199e-04 0.000000000000000000e+00
6.800000000000000000e+05 1.699997805819202235e-01 2.514792899408284030e-02 8.253299954483386269e-01 1.491807009558488717e-01 3.413746017296313199e-04 0.000000000000000000e+00
7.200000000000000000e+05 1.799997676749744979e-01 1.661356395084205573e-02 8.319299044151114986e-01 1.511151570323167881e-01 3.413746017296313199e-04 0.000000000000000000e+00
7.600000000000000000e+05 1.899997547680285503e-01 1.649977241693217911e-02 8.326126536185707305e-01 1.505461993627674189e-01 3.413746017296313199e-04 0.000000000000000000e+00
8.000000000000000000e+05 1.999997418610828248e-01 1.638598088302230249e-02 8.326126536185707305e-01 1.506599908966772816e-01 3.413746017296313199e-04 0.000000000000000000e+00
8.400000000000000000e+05 2.099997289541368772e-01 1.854802002730996865e-02 8.304506144742831442e-01 1.506599908966772816e-01 3.413746017296313199e-04 0.000000000000000000e+00
8.800000000000000000e+05 2.199997160471909297e-01 2.480655439235321044e-02 8.235093309057806010e-01 1.506599908966772816e-01 1.024123805188893906e-03 0.000000000000000000e+00
9.200000000000000000e+05 2.299997031402452041e-01 6.247155211652252738e-02 7.485207100591716456e-01 1.861629494765589532e-01 2.844788347746927612e-03 0.000000000000000000e+00
9.600000000000000000e+05 2.399996902332992565e-01 6.941283568502502888e-02 7.382794720072826111e-01 1.899180700955848955e-01 2.389622212107419402e-03 0.000000000000000000e+00
