# itime ezz other fcc hcp bcc ico
0.000000000000000000e+00 0.000000000000000000e+00 1.137915339098771066e-04 9.998862084660901095e-01 0.000000000000000000e+00 0.000000000000000000e+00 0.000000000000000000e+00
3.000000000000000000e+01 1.200001220427382442e-02 1.024123805188893906e-03 9.989758761948110966e-01 0.000000000000000000e+00 0.000000000000000000e+00 0.000000000000000000e+00
6.000000000000000000e+01 2.400002440854764885e-02 9.103322712790168532e-04 9.990896677287209870e-01 0.000000000000000000e+00 0.000000000000000000e+00 0.000000000000000000e+00
9.000000000000000000e+01 3.600003661282169531e-02 4.096495220755575623e-03 9.957897132453344957e-01 0.000000000000000000e+00 1.137915339098771066e-04 0.000000000000000000e+00
1.200000000000000000e+02 4.800004881709551974e-02 7.055075102412380721e-03 9.927173418297678964e-01 0.000000000000000000e+00 2.275830678197542133e-04 0.000000000000000000e+00
1.500000000000000000e+02 6.000006102136934416e-02 1.627218934911242587e-02 9.830450614474283144e-01 0.000000000000000000e+00 6.827492034592626399e-04 0.000000000000000000e+00
1.800000000000000000e+02 7.200007322564316858e-02 3.288575329995448160e-02 9.656349567592170668e-01 0.000000000000000000e+00 1.479289940828402332e-03 0.000000000000000000e+00
2.100000000000000000e+02 8.400008542991721505e-02 7.077833409194356218e-02 9.264906690942193990e-01 0.000000000000000000e+00 2.730996813837050560e-03 0.000000000000000000e+00
2.400000000000000000e+02 9.600009763419103948e-02 1.241465634956759184e-01 8.695949021392808120e-01 0.000000000000000000e+00 6.258534365043240920e-03 0.000000000000000000e+00
2.700000000000000000e+02 1.080001098384648639e-01 2.280382339553937154e-01 7.580791989076012261e-01 0.000000000000000000e+00 1.388256713700500647e-02 0.000000000000000000e+00
3.000000000000000000e+02 1.200001220427386883e-01 3.731224396904870289e-01 5.914883932635411901e-01 4.551661356395084266e-04 3.493400091033227461e-02 0.000000000000000000e+00
3.300000000000000000e+02 1.320001342470127348e-01 5.394856622667273394e-01 3.972462448793809831e-01 7.965407373691396923e-04 6.247155211652252738e-02 0.000000000000000000e+00
3.600000000000000000e+02 1.440001464512865592e-01 6.714838416021847722e-01 2.204142011834319403e-01 3.641329085116067413e-03 1.044606281292671801e-01 0.000000000000000000e+00
3.900000000000000000e+02 1.560001586555603836e-01 7.474965862539827421e-01 1.075329995448338627e-01 9.558488848429677609e-03 1.354119253527537592e-01 0.000000000000000000e+00
4.200000000000000000e+02 1.680001708598342081e-01 7.856167501137915066e-01 6.269913518434228061e-02 1.558944014565316269e-02 1.360946745562130189e-01 0.000000000000000000e+00
4.500000000000000000e+02 1.800001830641082545e-01 8.207783340919435622e-01 3.868912152935821691e-02 2.173418297678652786e-02 1.187983614019117035e-01 0.000000000000000000e+00
4.800000000000000000e+02 1.920001952683820790e-01 8.533227127901683584e-01 2.969959035047792587e-02 2.423759672280382388e-02 9.274010013654984674e-02 0.000000000000000000e+00
5.100000000000000000e+02 2.040002074726559034e-01 8.752844788347746707e-01 2.241693218024579104e-02 2.799271734182976618e-02 7.430587164314975124e-02 0.000000000000000000e+00
5.400000000000000000e+02 2.160002196769297278e-01 8.990669094219390090e-01 1.888939462903959851e-02 2.651342740100136666e-02 5.553026854802002588e-02 0.000000000000000000e+00
5.700000000000000000e+02 2.280002318812037743e-01 9.163632225762403660e-01 1.934456076467910846e-02 2.730996813837050646e-02 3.698224852071006069e-02 0.000000000000000000e+00
6.000000000000000000e+02 2.400002440854775987e-01 9.237596722803823601e-01 2.059626763768775473e-02 2.822030040964952288e-02 2.730996813837050646e-02 1.137915339098771066e-04
6.300000000000000000e+02 2.520002562897514231e-01 9.317250796540736957e-01 1.934456076467910846e-02 2.401001365498407064e-02 2.492034592626308706e-02 0.000000000000000000e+00
6.600000000000000000e+02 2.640002684940252475e-01 9.376422394173873354e-01 1.820664542558033533e-02 2.344105598543468408e-02 2.059626763768775473e-02 1.137915339098771066e-04
6.900000000000000000e+02 2.760002806982990720e-01 9.428766499772417431e-01 1.638598088302230249e-02 2.253072371415566766e-02 1.820664542558033533e-02 0.000000000000000000e+00
7.200000000000000000e+02 2.880002929025731184e-01 9.510696404187528596e-01 1.524806554392353283e-02 2.036868456986800149e-02 1.319981793354574502e-02 1.137915339098771066e-04
7.500000000000000000e+02 3.000003051068469428e-01 9.543695949021392400e-01 1.422394173873463806e-02 1.820664542558033533e-02 1.297223486572599005e-02 2.275830678197542133e-04
7.800000000000000000e+02 3.120003173111207673e-01 9.586936731907146347e-01 1.331360946745562164e-02 1.923076923076923184e-02 8.761948111060537808e-03 0.000000000000000000e+00
8.100000000000000000e+02 3.240003295153945917e-01 9.630177514792899185e-01 1.342740100136549826e-02 1.342740100136549826e-02 1.001365498406918582e-02 1.137915339098771066e-04
8.400000000000000000e+02 3.360003417196686382e-01 9.679107874374146547e-01 1.149294492489758707e-02 1.365498406918525323e-02 6.941283568502503235e-03 0.000000000000000000e+00
8.700000000000000000e+02 3.480003539239424626e-01 9.671142467000455323e-01 1.183431952662721866e-02 1.547564861174328607e-02 5.348202093764223633e-03 2.275830678197542133e-04
9.000000000000000000e+02 3.600003661282162870e-01 9.673418297678653133e-01 1.137915339098771045e-02 1.422394173873463806e-02 7.055075102412380721e-03 0.000000000000000000e+00
9.300000000000000000e+02 3.720003783324903335e-01 9.703004096495220221e-01 1.206190259444697363e-02 1.376877560309512985e-02 3.641329085116067413e-03 2.275830678197542133e-04
9.600000000000000000e+02 3.840003905367641579e-01 9.721210741920801590e-01 9.558488848429677609e-03 1.183431952662721866e-02 6.372325898953117539e-03 1.137915339098771066e-04
9.900000000000000000e+02 3.960004027410382044e-01 9.709831588529813651e-01 1.024123805188893906e-02 1.331360946745562164e-02 5.120619025944469528e-03 3.413746017296313199e-04
1.020000000000000000e+03 4.080004149453120288e-01 9.761037778789257713e-01 8.306781975421027864e-03 1.024123805188893906e-02 4.779244424214838804e-03 5.689576695493854790e-04
1.050000000000000000e+03 4.200004271495858532e-01 9.806554392353209471e-01 6.372325898953117539e-03 8.534365043240782836e-03 4.210286754665453109e-03 2.275830678197542133e-04
1.080000000000000000e+03 4.320004393538596776e-01 9.799726900318616041e-01 7.055075102412380721e-03 9.330905780609922637e-03 3.413746017296313308e-03 2.275830678197542133e-04
1.110000000000000000e+03 4.440004515581335021e-01 9.847519344560764498e-01 4.665452890304961318e-03 7.168866636322257339e-03 3.072371415566681717e-03 3.413746017296313199e-04
1.140000000000000000e+03 4.560004637624075485e-01 9.835002275830677654e-01 5.575785161583977738e-03 7.282658170232134826e-03 3.413746017296313308e-03 2.275830678197542133e-04
1.170000000000000000e+03 4.680004759666813730e-01 9.856622667273554628e-01 5.234410559854347014e-03 5.917159763313609329e-03 2.958579881656804664e-03 2.275830678197542133e-04
1.200000000000000000e+03 4.800004881709551974e-01 9.863450159308146947e-01 4.324078288575329727e-03 6.372325898953117539e-03 2.730996813837050560e-03 2.275830678197542133e-04
1.230000000000000000e+03 4.920005003752290218e-01 9.894173873463814051e-01 3.186162949476558769e-03 5.006827492034592909e-03 2.162039144287664864e-03 2.275830678197542133e-04
1.260000000000000000e+03 5.040005125795030683e-01 9.882794720072826111e-01 3.641329085116067413e-03 5.689576695493855224e-03 1.934456076467910759e-03 4.551661356395084266e-04
1.290000000000000000e+03 5.160005247837768927e-01 9.905553026854801990e-01 2.844788347746927612e-03 5.348202093764223633e-03 4.551661356395084266e-04 7.965407373691396923e-04
1.320000000000000000e+03 5.280005369880507171e-01 9.926035502958580059e-01 2.048247610377787811e-03 4.210286754665453109e-03 7.965407373691396923e-04 3.413746017296313199e-04
1.350000000000000000e+03 5.400005491923245415e-01 9.924897587619481154e-01 2.503413746017296455e-03 3.868912152935821518e-03 6.827492034592626399e-04 4.551661356395084266e-04
1.380000000000000000e+03 5.520005613965985880e-01 9.930587164314974569e-01 2.503413746017296455e-03 3.186162949476558769e-03 5.689576695493854790e-04 6.827492034592626399e-04
1.410000000000000000e+03 5.640005736008724124e-01 9.932862994993172379e-01 1.934456076467910759e-03 2.958579881656804664e-03 1.024123805188893906e-03 7.965407373691396923e-04
1.440000000000000000e+03 5.760005858051462369e-01 9.931725079654073474e-01 2.048247610377787811e-03 3.072371415566681717e-03 1.024123805188893906e-03 6.827492034592626399e-04
1.470000000000000000e+03 5.880005980094200613e-01 9.949931725079653733e-01 1.934456076467910759e-03 1.934456076467910759e-03 9.103322712790168532e-04 2.275830678197542133e-04
1.500000000000000000e+03 6.000006102136941077e-01 9.949931725079653733e-01 1.365498406918525280e-03 2.275830678197541916e-03 4.551661356395084266e-04 9.103322712790168532e-04
1.530000000000000000e+03 6.120006224179679322e-01 9.955621301775148257e-01 1.137915339098770958e-03 2.162039144287664864e-03 4.551661356395084266e-04 6.827492034592626399e-04
1.560000000000000000e+03 6.240006346222417566e-01 9.963586709148839482e-01 9.103322712790168532e-04 1.820664542558033706e-03 3.413746017296313199e-04 5.689576695493854790e-04
1.590000000000000000e+03 6.360006468265155810e-01 9.954483386436049352e-01 7.965407373691396923e-04 2.048247610377787811e-03 7.965407373691396923e-04 9.103322712790168532e-04
1.620000000000000000e+03 6.480006590307896275e-01 9.959035047792443862e-01 1.024123805188893906e-03 1.479289940828402332e-03 9.103322712790168532e-04 6.827492034592626399e-04
1.650000000000000000e+03 6.600006712350634519e-01 9.964724624487938387e-01 7.965407373691396923e-04 1.593081474738279385e-03 2.275830678197542133e-04 9.103322712790168532e-04
1.680000000000000000e+03 6.720006834393372763e-01 9.973827947200728516e-01 7.965407373691396923e-04 1.365498406918525280e-03 2.275830678197542133e-04 2.275830678197542133e-04
1.710000000000000000e+03 6.840006956436111007e-01 9.962448793809740577e-01 9.103322712790168532e-04 1.251706873008648227e-03 3.413746017296313199e-04 1.251706873008648227e-03
1.740000000000000000e+03 6.960007078478849252e-01 9.959035047792443862e-01 5.689576695493854790e-04 1.934456076467910759e-03 4.551661356395084266e-04 1.137915339098770958e-03
1.770000000000000000e+03 7.080007200521589716e-01 9.968138370505233992e-01 4.551661356395084266e-04 1.706873008648156654e-03 3.413746017296313199e-04 6.827492034592626399e-04
1.800000000000000000e+03 7.200007322564327961e-01 9.979517523896221931e-01 2.275830678197542133e-04 1.137915339098770958e-03 4.551661356395084266e-04 2.275830678197542133e-04
1.830000000000000000e+03 7.320007444607066205e-01 9.967000455166135087e-01 4.551661356395084266e-04 1.479289940828402332e-03 5.689576695493854790e-04 7.965407373691396923e-04
1.860000000000000000e+03 7.440007566649804449e-01 9.971552116522530707e-01 4.551661356395084266e-04 9.103322712790168532e-04 6.827492034592626399e-04 7.965407373691396923e-04
1.890000000000000000e+03 7.560007688692544914e-01 9.969276285844332897e-01 5.689576695493854790e-04 1.365498406918525280e-03 3.413746017296313199e-04 7.965407373691396923e-04
1.920000000000000000e+03 7.680007810735283158e-01 9.971552116522530707e-01 7.965407373691396923e-04 1.137915339098770958e-03 2.275830678197542133e-04 6.827492034592626399e-04
1.950000000000000000e+03 7.800007932778021402e-01 9.971552116522530707e-01 7.965407373691396923e-04 7.965407373691396923e-04 2.275830678197542133e-04 1.024123805188893906e-03
1.980000000000000000e+03 7.920008054820759646e-01 9.974965862539827421e-01 4.551661356395084266e-04 7.965407373691396923e-04 1.137915339098771066e-04 1.137915339098770958e-03
2.010000000000000000e+03 8.040008176863500111e-01 9.973827947200728516e-01 5.689576695493854790e-04 1.137915339098770958e-03 3.413746017296313199e-04 5.689576695493854790e-04
2.040000000000000000e+03 8.160008298906238355e-01 9.974965862539827421e-01 3.413746017296313199e-04 1.365498406918525280e-03 2.275830678197542133e-04 5.689576695493854790e-04
2.070000000000000000e+03 8.280008420948976600e-01 9.967000455166135087e-01 4.551661356395084266e-04 1.137915339098770958e-03 1.137915339098771066e-04 1.593081474738279385e-03
2.100000000000000000e+03 8.400008542991714844e-01 9.982931269913518646e-01 3.413746017296313199e-04 2.275830678197542133e-04 0.000000000000000000e+00 1.137915339098770958e-03
2.130000000000000000e+03 8.520008665034455309e-01 9.964724624487938387e-01 5.689576695493854790e-04 1.479289940828402332e-03 0.000000000000000000e+00 1.479289940828402332e-03
2.160000000000000000e+03 8.640008787077193553e-01 9.967000455166135087e-01 4.551661356395084266e-04 1.479289940828402332e-03 3.413746017296313199e-04 1.024123805188893906e-03
2.190000000000000000e+03 8.760008909119931797e-01 9.974965862539827421e-01 3.413746017296313199e-04 9.103322712790168532e-04 2.275830678197542133e-04 1.024123805188893906e-03
2.220000000000000000e+03 8.880009031162670041e-01 9.980655439235320836e-01 1.137915339098771066e-04 9.103322712790168532e-04 1.137915339098771066e-04 7.965407373691396923e-04
2.250000000000000000e+03 9.000009153205410506e-01 9.980655439235320836e-01 2.275830678197542133e-04 7.965407373691396923e-04 2.275830678197542133e-04 6.827492034592626399e-04
2.280000000000000000e+03 9.120009275248148750e-01 9.978379608557123026e-01 3.413746017296313199e-04 7.965407373691396923e-04 3.413746017296313199e-04 6.827492034592626399e-04
2.310000000000000000e+03 9.240009397290886994e-01 9.976103777878926326e-01 2.275830678197542133e-04 1.024123805188893906e-03 3.413746017296313199e-04 7.965407373691396923e-04
2.340000000000000000e+03 9.360009519333625239e-01 9.977241693218024121e-01 0.000000000000000000e+00 6.827492034592626399e-04 5.689576695493854790e-04 1.024123805188893906e-03
2.370000000000000000e+03 9.480009641376365703e-01 9.973827947200728516e-01 1.137915339098771066e-04 9.103322712790168532e-04 2.275830678197542133e-04 1.365498406918525280e-03
2.400000000000000000e+03 9.600009763419103948e-01 9.978379608557123026e-01 1.137915339098771066e-04 1.251706873008648227e-03 2.275830678197542133e-04 5.689576695493854790e-04
2.430000000000000000e+03 9.720009885461842192e-01 9.984069185252617551e-01 1.137915339098771066e-04 6.827492034592626399e-04 0.000000000000000000e+00 7.965407373691396923e-04
2.460000000000000000e+03 9.840010007504580436e-01 9.973827947200728516e-01 2.275830678197542133e-04 1.024123805188893906e-03 2.275830678197542133e-04 1.137915339098770958e-03
2.490000000000000000e+03 9.960010129547318680e-01 9.971552116522530707e-01 4.551661356395084266e-04 6.827492034592626399e-04 1.137915339098771066e-04 1.593081474738279385e-03
