# itime ezz other fcc hcp bcc ico
0.000000000000000000e+00 0.000000000000000000e+00 1.137915339098771066e-04 9.998862084660901095e-01 0.000000000000000000e+00 0.000000000000000000e+00 0.000000000000000000e+00
3.000000000000000000e+01 1.200002875776662314e-02 2.275830678197542133e-04 9.997724169321802190e-01 0.000000000000000000e+00 0.000000000000000000e+00 0.000000000000000000e+00
6.000000000000000000e+01 2.400005751553324629e-02 3.186162949476558769e-03 9.968138370505233992e-01 0.000000000000000000e+00 0.000000000000000000e+00 0.000000000000000000e+00
9.000000000000000000e+01 3.600008627329986943e-02 5.120619025944469528e-03 9.947655894401457033e-01 0.000000000000000000e+00 1.137915339098771066e-04 0.000000000000000000e+00
1.200000000000000000e+02 4.800011503106649258e-02 8.648156577150659455e-03 9.911242603550295405e-01 0.000000000000000000e+00 2.275830678197542133e-04 0.000000000000000000e+00
1.500000000000000000e+02 6.000014378883333777e-02 1.786527082385070547e-02 9.817933545744196300e-01 0.000000000000000000e+00 3.413746017296313199e-04 0.000000000000000000e+00
1.800000000000000000e+02 7.200017254659996091e-02 4.130632680928538608e-02 9.565316340464269373e-01 0.000000000000000000e+00 2.162039144287664864e-03 0.000000000000000000e+00
2.100000000000000000e+02 8.400020130436658405e-02 7.749203459262631044e-02 9.178425125170687204e-01 0.000000000000000000e+00 4.665452890304961318e-03 0.000000000000000000e+00
2.400000000000000000e+02 9.600023006213320720e-02 1.400773782430587144e-01 8.517296313154301135e-01 0.000000000000000000e+00 8.192990441511151245e-03 0.000000000000000000e+00
2.700000000000000000e+02 1.080002588198998303e-01 2.350933090578060936e-01 7.463586709148839482e-01 1.137915339098771066e-04 1.843422849340009204e-02 0.000000000000000000e+00
3.000000000000000000e+02 1.200002875776664535e-01 3.930359581247155343e-01 5.685025034137459743e-01 4.551661356395084266e-04 3.800637232589895026e-02 0.000000000000000000e+00
3.300000000000000000e+02 1.320003163354330766e-01 5.487027765134273594e-01 3.829085116067364458e-01 5.689576695493854790e-04 6.781975421028675621e-02 0.000000000000000000e+00
3.600000000000000000e+02 1.440003450931996998e-01 6.655666818388711325e-01 2.228038233955393632e-01 3.982703686845699004e-03 1.076467910787437393e-01 0.000000000000000000e+00
3.900000000000000000e+02 1.560003738509663229e-01 7.256486117432863203e-01 1.267637687756031084e-01 1.433773327264451468e-02 1.332498862084660896e-01 0.000000000000000000e+00
4.200000000000000000e+02 1.680004026087329461e-01 7.630860263996358528e-01 7.680928538916705073e-02 2.127901684114701791e-02 1.388256713700500578e-01 0.000000000000000000e+00
4.500000000000000000e+02 1.800004313664997913e-01 8.018889394629039602e-01 5.006827492034592736e-02 2.287209831588529751e-02 1.250568957669549452e-01 1.137915339098771066e-04
4.800000000000000000e+02 1.920004601242664144e-01 8.355712335002275504e-01 3.459262630860263782e-02 2.583067819754210348e-02 1.040054619936276736e-01 0.000000000000000000e+00
5.100000000000000000e+02 2.040004888820330375e-01 8.700500682749203740e-01 2.605826126536185672e-02 2.423759672280382388e-02 7.965407373691398007e-02 0.000000000000000000e+00
5.400000000000000000e+02 2.160005176397996607e-01 8.984979517523896675e-01 2.082385070550751144e-02 2.230314064633591095e-02 5.837505689576695522e-02 0.000000000000000000e+00
5.700000000000000000e+02 2.280005463975662838e-01 9.112426035502958488e-01 1.957214383249886169e-02 2.469276285844333035e-02 4.426490669094219205e-02 2.275830678197542133e-04
6.000000000000000000e+02 2.400005751553329070e-01 9.256941283568502765e-01 1.945835229858898507e-02 2.287209831588529751e-02 3.186162949476559203e-02 1.137915339098771066e-04
6.300000000000000000e+02 2.520006039130995301e-01 9.288802913063267663e-01 1.775147928994082885e-02 2.344105598543468408e-02 2.992717341829767910e-02 0.000000000000000000e+00
6.600000000000000000e+02 2.640006326708661533e-01 9.394629039599453613e-01 1.661356395084205573e-02 2.218934911242603433e-02 2.173418297678652786e-02 0.000000000000000000e+00
6.900000000000000000e+02 2.760006614286327764e-01 9.481110605370960398e-01 1.524806554392353283e-02 2.048247610377787811e-02 1.615839781520254925e-02 0.000000000000000000e+00
7.200000000000000000e+02 2.880006901863996216e-01 9.520937642239417631e-01 1.240327719617660522e-02 1.832043695949021542e-02 1.706873008648156567e-02 1.137915339098771066e-04
7.500000000000000000e+02 3.000007189441662447e-01 9.631315430131998090e-01 1.081019572143832562e-02 1.558944014565316269e-02 1.046882111970869403e-02 0.000000000000000000e+00
7.800000000000000000e+02 3.120007477019328679e-01 9.671142467000455323e-01 9.103322712790167665e-03 1.422394173873463806e-02 9.444697314519799256e-03 1.137915339098771066e-04
8.100000000000000000e+02 3.240007764596994910e-01 9.644970414201183839e-01 1.081019572143832562e-02 1.558944014565316269e-02 9.103322712790167665e-03 0.000000000000000000e+00
8.400000000000000000e+02 3.360008052174661142e-01 9.693900773782430091e-01 1.046882111970869403e-02 1.160673645880746542e-02 8.420573509330906217e-03 1.137915339098771066e-04
8.700000000000000000e+02 3.480008339752327373e-01 9.698452435138825711e-01 8.306781975421027864e-03 1.319981793354574502e-02 8.648156577150659455e-03 0.000000000000000000e+00
9.000000000000000000e+02 3.600008627329993605e-01 9.762175694128356618e-01 6.827492034592626616e-03 1.092398725534820224e-02 5.803368229403732710e-03 2.275830678197542133e-04
9.300000000000000000e+02 3.720008914907662056e-01 9.787209831588530307e-01 6.599908966772872511e-03 8.989531178880291046e-03 5.689576695493855224e-03 0.000000000000000000e+00
9.600000000000000000e+02 3.840009202485326067e-01 9.797451069640418231e-01 5.120619025944469528e-03 9.672280382339554228e-03 5.234410559854347014e-03 2.275830678197542133e-04
9.900000000000000000e+02 3.960009490062992299e-01 9.791761492944924816e-01 6.713700500682749130e-03 9.103322712790167665e-03 4.893035958124715423e-03 1.137915339098771066e-04
1.020000000000000000e+03 4.080009777640660751e-01 9.791761492944924816e-01 7.282658170232134826e-03 8.306781975421027864e-03 4.779244424214838804e-03 4.551661356395084266e-04
1.050000000000000000e+03 4.200010065218326982e-01 9.802002730996813851e-01 7.282658170232134826e-03 8.761948111060537808e-03 3.641329085116067413e-03 1.137915339098771066e-04
1.080000000000000000e+03 4.320010352795993214e-01 9.821347291761493015e-01 6.941283568502503235e-03 7.510241238051888930e-03 2.958579881656804664e-03 4.551661356395084266e-04
1.110000000000000000e+03 4.440010640373657225e-01 9.860036413290851343e-01 3.413746017296313308e-03 7.396449704142011444e-03 2.844788347746927612e-03 3.413746017296313199e-04
1.140000000000000000e+03 4.560010927951325677e-01 9.853208921256259023e-01 3.755120619025944465e-03 7.851615839781519654e-03 3.072371415566681717e-03 0.000000000000000000e+00
1.170000000000000000e+03 4.680011215528994128e-01 9.897587619481110766e-01 2.275830678197541916e-03 4.779244424214838804e-03 2.844788347746927612e-03 3.413746017296313199e-04
1.200000000000000000e+03 4.800011503106658139e-01 9.896449704142011861e-01 2.730996813837050560e-03 4.779244424214838804e-03 2.162039144287664864e-03 6.827492034592626399e-04
1.230000000000000000e+03 4.920011790684324371e-01 9.898725534820209671e-01 2.730996813837050560e-03 4.893035958124715423e-03 2.389622212107419402e-03 1.137915339098771066e-04
1.260000000000000000e+03 5.040012078261990602e-01 9.905553026854801990e-01 2.275830678197541916e-03 5.689576695493855224e-03 9.103322712790168532e-04 5.689576695493854790e-04
1.290000000000000000e+03 5.160012365839659054e-01 9.910104688211197610e-01 2.503413746017296455e-03 4.210286754665453109e-03 1.593081474738279385e-03 6.827492034592626399e-04
1.320000000000000000e+03 5.280012653417325286e-01 9.929449248975875664e-01 1.365498406918525280e-03 3.641329085116067413e-03 1.479289940828402332e-03 5.689576695493854790e-04
1.350000000000000000e+03 5.400012940994989297e-01 9.937414656349567998e-01 1.706873008648156654e-03 3.299954483386436255e-03 1.251706873008648227e-03 0.000000000000000000e+00
1.380000000000000000e+03 5.520013228572657749e-01 9.943104233045061413e-01 1.479289940828402332e-03 2.844788347746927612e-03 7.965407373691396923e-04 5.689576695493854790e-04
1.410000000000000000e+03 5.640013516150326200e-01 9.926035502958580059e-01 1.251706873008648227e-03 2.730996813837050560e-03 2.162039144287664864e-03 1.251706873008648227e-03
1.440000000000000000e+03 5.760013803727990211e-01 9.939690487027764698e-01 1.479289940828402332e-03 2.275830678197541916e-03 1.479289940828402332e-03 7.965407373691396923e-04
1.470000000000000000e+03 5.880014091305656443e-01 9.954483386436049352e-01 1.137915339098770958e-03 2.503413746017296455e-03 3.413746017296313199e-04 5.689576695493854790e-04
1.500000000000000000e+03 6.000014378883322674e-01 9.954483386436049352e-01 1.137915339098770958e-03 2.275830678197541916e-03 9.103322712790168532e-04 2.275830678197542133e-04
1.530000000000000000e+03 6.120014666460991126e-01 9.956759217114247162e-01 1.137915339098770958e-03 1.820664542558033706e-03 7.965407373691396923e-04 5.689576695493854790e-04
1.560000000000000000e+03 6.240014954038657358e-01 9.957897132453344957e-01 9.103322712790168532e-04 2.389622212107419402e-03 4.551661356395084266e-04 4.551661356395084266e-04
1.590000000000000000e+03 6.360015241616321369e-01 9.971552116522530707e-01 3.413746017296313199e-04 1.593081474738279385e-03 3.413746017296313199e-04 5.689576695493854790e-04
1.620000000000000000e+03 6.480015529193989821e-01 9.955621301775148257e-01 9.103322712790168532e-04 2.162039144287664864e-03 1.137915339098770958e-03 2.275830678197542133e-04
1.650000000000000000e+03 6.600015816771658272e-01 9.967000455166135087e-01 1.024123805188893906e-03 1.593081474738279385e-03 6.827492034592626399e-04 0.000000000000000000e+00
1.680000000000000000e+03 6.720016104349322283e-01 9.974965862539827421e-01 9.103322712790168532e-04 5.689576695493854790e-04 4.551661356395084266e-04 5.689576695493854790e-04
1.710000000000000000e+03 6.840016391926986294e-01 9.960172963131542767e-01 6.827492034592626399e-04 2.048247610377787811e-03 4.551661356395084266e-04 7.965407373691396923e-04
1.740000000000000000e+03 6.960016679504654746e-01 9.960172963131542767e-01 9.103322712790168532e-04 2.048247610377787811e-03 5.689576695493854790e-04 4.551661356395084266e-04
1.770000000000000000e+03 7.080016967082323198e-01 9.970414201183431802e-01 5.689576695493854790e-04 1.706873008648156654e-03 2.275830678197542133e-04 4.551661356395084266e-04
1.800000000000000000e+03 7.200017254659987209e-01 9.972690031861629611e-01 3.413746017296313199e-04 1.251706873008648227e-03 3.413746017296313199e-04 7.965407373691396923e-04
1.830000000000000000e+03 7.320017542237653441e-01 9.970414201183431802e-01 6.827492034592626399e-04 1.820664542558033706e-03 1.137915339098771066e-04 3.413746017296313199e-04
1.860000000000000000e+03 7.440017829815321893e-01 9.967000455166135087e-01 3.413746017296313199e-04 1.365498406918525280e-03 2.275830678197542133e-04 1.365498406918525280e-03
1.890000000000000000e+03 7.560018117392988124e-01 9.971552116522530707e-01 4.551661356395084266e-04 1.479289940828402332e-03 4.551661356395084266e-04 4.551661356395084266e-04
1.920000000000000000e+03 7.680018404970654355e-01 9.965862539827037292e-01 5.689576695493854790e-04 1.706873008648156654e-03 3.413746017296313199e-04 7.965407373691396923e-04
1.950000000000000000e+03 7.800018692548318366e-01 9.974965862539827421e-01 4.551661356395084266e-04 1.365498406918525280e-03 1.137915339098771066e-04 5.689576695493854790e-04
1.980000000000000000e+03 7.920018980125986818e-01 9.977241693218024121e-01 2.275830678197542133e-04 1.365498406918525280e-03 1.137915339098771066e-04 5.689576695493854790e-04
2.010000000000000000e+03 8.040019267703655270e-01 9.963586709148839482e-01 6.827492034592626399e-04 1.593081474738279385e-03 4.551661356395084266e-04 9.103322712790168532e-04
2.040000000000000000e+03 8.160019555281319281e-01 9.970414201183431802e-01 2.275830678197542133e-04 1.706873008648156654e-03 1.137915339098771066e-04 9.103322712790168532e-04
2.070000000000000000e+03 8.280019842858985513e-01 9.968138370505233992e-01 3.413746017296313199e-04 1.479289940828402332e-03 2.275830678197542133e-04 1.137915339098770958e-03
2.100000000000000000e+03 8.400020130436651744e-01 9.977241693218024121e-01 3.413746017296313199e-04 1.479289940828402332e-03 2.275830678197542133e-04 2.275830678197542133e-04
2.130000000000000000e+03 8.520020418014320196e-01 9.969276285844332897e-01 4.551661356395084266e-04 1.593081474738279385e-03 3.413746017296313199e-04 6.827492034592626399e-04
2.160000000000000000e+03 8.640020705591986427e-01 9.973827947200728516e-01 3.413746017296313199e-04 1.593081474738279385e-03 0.000000000000000000e+00 6.827492034592626399e-04
2.190000000000000000e+03 8.760020993169650438e-01 9.980655439235320836e-01 1.137915339098771066e-04 7.965407373691396923e-04 2.275830678197542133e-04 7.965407373691396923e-04
2.220000000000000000e+03 8.880021280747318890e-01 9.980655439235320836e-01 0.000000000000000000e+00 1.024123805188893906e-03 2.275830678197542133e-04 6.827492034592626399e-04
2.250000000000000000e+03 9.000021568324987342e-01 9.978379608557123026e-01 2.275830678197542133e-04 1.137915339098770958e-03 2.275830678197542133e-04 5.689576695493854790e-04
2.280000000000000000e+03 9.120021855902651353e-01 9.980655439235320836e-01 0.000000000000000000e+00 9.103322712790168532e-04 2.275830678197542133e-04 7.965407373691396923e-04
2.310000000000000000e+03 9.240022143480317585e-01 9.987482931269913156e-01 0.000000000000000000e+00 3.413746017296313199e-04 0.000000000000000000e+00 9.103322712790168532e-04
2.340000000000000000e+03 9.360022431057983816e-01 9.974965862539827421e-01 2.275830678197542133e-04 7.965407373691396923e-04 2.275830678197542133e-04 1.251706873008648227e-03
2.370000000000000000e+03 9.480022718635652268e-01 9.973827947200728516e-01 1.137915339098771066e-04 1.137915339098770958e-03 2.275830678197542133e-04 1.137915339098770958e-03
2.400000000000000000e+03 9.600023006213318499e-01 9.979517523896221931e-01 0.000000000000000000e+00 1.024123805188893906e-03 1.137915339098771066e-04 9.103322712790168532e-04
2.430000000000000000e+03 9.720023293790982510e-01 9.989758761948110966e-01 1.137915339098771066e-04 2.275830678197542133e-04 1.137915339098771066e-04 5.689576695493854790e-04
2.460000000000000000e+03 9.840023581368650962e-01 9.989758761948110966e-01 0.000000000000000000e+00 3.413746017296313199e-04 3.413746017296313199e-04 3.413746017296313199e-04
2.490000000000000000e+03 9.960023868946319414e-01 9.976103777878926326e-01 2.275830678197542133e-04 2.275830678197542133e-04 0.000000000000000000e+00 1.934456076467910759e-03
