# itime ezz other fcc hcp bcc ico
0.000000000000000000e+00 0.000000000000000000e+00 1.024123805188893906e-03 9.989758761948110966e-01 0.000000000000000000e+00 0.000000000000000000e+00 0.000000000000000000e+00
3.000000000000000000e+00 1.200014696363549405e-03 7.965407373691396923e-04 9.992034592626308775e-01 0.000000000000000000e+00 0.000000000000000000e+00 0.000000000000000000e+00
6.000000000000000000e+00 2.400029392727098809e-03 6.827492034592626399e-04 9.993172507965407680e-01 0.000000000000000000e+00 0.000000000000000000e+00 0.000000000000000000e+00
9.000000000000000000e+00 3.600044089090648214e-03 6.827492034592626399e-04 9.993172507965407680e-01 0.000000000000000000e+00 0.000000000000000000e+00 0.000000000000000000e+00
1.200000000000000000e+01 4.800058785454197618e-03 5.689576695493854790e-04 9.994310423304506585e-01 0.000000000000000000e+00 0.000000000000000000e+00 0.000000000000000000e+00
1.500000000000000000e+01 6.000073481817747023e-03 7.965407373691396923e-04 9.992034592626308775e-01 0.000000000000000000e+00 0.000000000000000000e+00 0.000000000000000000e+00
1.800000000000000000e+01 7.200088178181296428e-03 1.024123805188893906e-03 9.989758761948110966e-01 0.000000000000000000e+00 0.000000000000000000e+00 0.000000000000000000e+00
2.100000000000000000e+01 8.400102874544845832e-03 1.706873008648156654e-03 9.982931269913518646e-01 0.000000000000000000e+00 0.000000000000000000e+00 0.000000000000000000e+00
2.400000000000000000e+01 9.600117570908395237e-03 1.251706873008648227e-03 9.987482931269913156e-01 0.000000000000000000e+00 0.000000000000000000e+00 0.000000000000000000e+00
2.700000000000000000e+01 1.080013226727194464e-02 1.251706873008648227e-03 9.987482931269913156e-01 0.000000000000000000e+00 0.000000000000000000e+00 0.000000000000000000e+00
3.000000000000000000e+01 1.200014696363549405e-02 1.593081474738279385e-03 9.984069185252617551e-01 0.000000000000000000e+00 0.000000000000000000e+00 0.000000000000000000e+00
3.300000000000000000e+01 1.320016165999904345e-02 1.024123805188893906e-03 9.989758761948110966e-01 0.000000000000000000e+00 0.000000000000000000e+00 0.000000000000000000e+00
3.600000000000000000e+01 1.440017635636259286e-02 7.965407373691396923e-04 9.992034592626308775e-01 0.000000000000000000e+00 0.000000000000000000e+00 0.000000000000000000e+00
3.900000000000000000e+01 1.560019105272614226e-02 3.413746017296313199e-04 9.996586253982703285e-01 0.000000000000000000e+00 0.000000000000000000e+00 0.000000000000000000e+00
4.200000000000000000e+01 1.680020574908946962e-02 2.162039144287664864e-03 9.978379608557123026e-01 0.000000000000000000e+00 0.000000000000000000e+00 0.000000000000000000e+00
4.500000000000000000e+01 1.800022044545301902e-02 2.162039144287664864e-03 9.978379608557123026e-01 0.000000000000000000e+00 0.000000000000000000e+00 0.000000000000000000e+00
4.800000000000000000e+01 1.920023514181656843e-02 1.593081474738279385e-03 9.984069185252617551e-01 0.000000000000000000e+00 0.000000000000000000e+00 0.000000000000000000e+00
5.100000000000000000e+01 2.040024983818011783e-02 1.820664542558033706e-03 9.981793354574419741e-01 0.000000000000000000e+00 0.000000000000000000e+00 0.000000000000000000e+00
5.400000000000000000e+01 2.160026453454366724e-02 1.365498406918525280e-03 9.986345015930814251e-01 0.000000000000000000e+00 0.000000000000000000e+00 0.000000000000000000e+00
5.700000000000000000e+01 2.280027923090721664e-02 1.706873008648156654e-03 9.981793354574419741e-01 0.000000000000000000e+00 1.137915339098771066e-04 0.000000000000000000e+00
6.000000000000000000e+01 2.400029392727076605e-02 2.958579881656804664e-03 9.970414201183431802e-01 0.000000000000000000e+00 0.000000000000000000e+00 0.000000000000000000e+00
6.300000000000000000e+01 2.520030862363431545e-02 4.210286754665453109e-03 9.957897132453344957e-01 0.000000000000000000e+00 0.000000000000000000e+00 0.000000000000000000e+00
6.600000000000000000e+01 2.640032331999786486e-02 3.641329085116067413e-03 9.962448793809740577e-01 0.000000000000000000e+00 1.137915339098771066e-04 0.000000000000000000e+00
6.900000000000000000e+01 2.760033801636141426e-02 2.617205279927173507e-03 9.972690031861629611e-01 0.000000000000000000e+00 1.137915339098771066e-04 0.000000000000000000e+00
7.200000000000000000e+01 2.880035271272496367e-02 2.730996813837050560e-03 9.971552116522530707e-01 0.000000000000000000e+00 1.137915339098771066e-04 0.000000000000000000e+00
7.500000000000000000e+01 3.000036740908851307e-02 2.844788347746927612e-03 9.968138370505233992e-01 0.000000000000000000e+00 3.413746017296313199e-04 0.000000000000000000e+00
7.800000000000000000e+01 3.120038210545206248e-02 3.527537551206190360e-03 9.964724624487938387e-01 0.000000000000000000e+00 0.000000000000000000e+00 0.000000000000000000e+00
8.100000000000000000e+01 3.240039680181561188e-02 3.641329085116067413e-03 9.963586709148839482e-01 0.000000000000000000e+00 0.000000000000000000e+00 0.000000000000000000e+00
8.400000000000000000e+01 3.360041149817916128e-02 4.437869822485207214e-03 9.955621301775148257e-01 0.000000000000000000e+00 0.000000000000000000e+00 0.000000000000000000e+00
8.700000000000000000e+01 3.480042619454271069e-02 5.575785161583977738e-03 9.943104233045061413e-01 0.000000000000000000e+00 1.137915339098771066e-04 0.000000000000000000e+00
9.000000000000000000e+01 3.600044089090626009e-02 5.461993627674101119e-03 9.944242148384160318e-01 0.000000000000000000e+00 1.137915339098771066e-04 0.000000000000000000e+00
9.300000000000000000e+01 3.720045558726980950e-02 5.689576695493855224e-03 9.940828402366863603e-01 0.000000000000000000e+00 2.275830678197542133e-04 0.000000000000000000e+00
9.600000000000000000e+01 3.840047028363335890e-02 6.713700500682749130e-03 9.932862994993172379e-01 0.000000000000000000e+00 0.000000000000000000e+00 0.000000000000000000e+00
9.900000000000000000e+01 3.960048497999690831e-02 6.713700500682749130e-03 9.932862994993172379e-01 0.000000000000000000e+00 0.000000000000000000e+00 0.000000000000000000e+00
1.020000000000000000e+02 4.080049967636045771e-02 5.803368229403732710e-03 9.940828402366863603e-01 0.000000000000000000e+00 1.137915339098771066e-04 0.000000000000000000e+00
1.050000000000000000e+02 4.200051437272400712e-02 8.192990441511151245e-03 9.916932180245789930e-01 0.000000000000000000e+00 1.137915339098771066e-04 0.000000000000000000e+00
1.080000000000000000e+02 4.320052906908755652e-02 9.103322712790167665e-03 9.906690942193900895e-01 0.000000000000000000e+00 2.275830678197542133e-04 0.000000000000000000e+00
1.110000000000000000e+02 4.440054376545110593e-02 8.079198907601274626e-03 9.919208010923987739e-01 0.000000000000000000e+00 0.000000000000000000e+00 0.000000000000000000e+00
1.140000000000000000e+02 4.560055846181465533e-02 8.534365043240782836e-03 9.911242603550295405e-01 0.000000000000000000e+00 3.413746017296313199e-04 0.000000000000000000e+00
1.170000000000000000e+02 4.680057315817820474e-02 9.672280382339554228e-03 9.901001365498406370e-01 0.000000000000000000e+00 2.275830678197542133e-04 0.000000000000000000e+00
1.200000000000000000e+02 4.800058785454153210e-02 1.228948566226672687e-02 9.873691397360035982e-01 0.000000000000000000e+00 3.413746017296313199e-04 0.000000000000000000e+00
1.230000000000000000e+02 4.920060255090508150e-02 1.502048247610377786e-02 9.846381429221665593e-01 0.000000000000000000e+00 3.413746017296313199e-04 0.000000000000000000e+00
1.260000000000000000e+02 5.040061724726863090e-02 1.365498406918525323e-02 9.855484751934455723e-01 0.000000000000000000e+00 7.965407373691396923e-04 0.000000000000000000e+00
1.290000000000000000e+02 5.160063194363218031e-02 1.376877560309512985e-02 9.856622667273554628e-01 0.000000000000000000e+00 5.689576695493854790e-04 0.000000000000000000e+00
1.320000000000000000e+02 5.280064663999572971e-02 1.251706873008648184e-02 9.873691397360035982e-01 0.000000000000000000e+00 1.137915339098771066e-04 0.000000000000000000e+00
1.350000000000000000e+02 5.400066133635927912e-02 1.251706873008648184e-02 9.872553482020938187e-01 0.000000000000000000e+00 2.275830678197542133e-04 0.000000000000000000e+00
1.380000000000000000e+02 5.520067603272282852e-02 1.058261265361857065e-02 9.894173873463814051e-01 0.000000000000000000e+00 0.000000000000000000e+00 0.000000000000000000e+00
1.410000000000000000e+02 5.640069072908637793e-02 1.228948566226672687e-02 9.874829312699134887e-01 0.000000000000000000e+00 2.275830678197542133e-04 0.000000000000000000e+00
1.440000000000000000e+02 5.760070542544992733e-02 1.308602639963586667e-02 9.863450159308146947e-01 0.000000000000000000e+00 5.689576695493854790e-04 0.000000000000000000e+00
1.470000000000000000e+02 5.880072012181347674e-02 1.445152480655439303e-02 9.846381429221665593e-01 0.000000000000000000e+00 9.103322712790168532e-04 0.000000000000000000e+00
1.500000000000000000e+02 6.000073481817702614e-02 1.854802002730996865e-02 9.804278561675011661e-01 0.000000000000000000e+00 1.024123805188893906e-03 0.000000000000000000e+00
1.530000000000000000e+02 6.120074951454057555e-02 2.275830678197542090e-02 9.764451524806554428e-01 0.000000000000000000e+00 7.965407373691396923e-04 0.000000000000000000e+00
1.560000000000000000e+02 6.240076421090412495e-02 2.492034592626308706e-02 9.742831133363677454e-01 0.000000000000000000e+00 7.965407373691396923e-04 0.000000000000000000e+00
1.590000000000000000e+02 6.360077890726767436e-02 2.651342740100136666e-02 9.726900318616295005e-01 0.000000000000000000e+00 7.965407373691396923e-04 0.000000000000000000e+00
1.620000000000000000e+02 6.480079360363122376e-02 2.753755120619025970e-02 9.715521165225307065e-01 0.000000000000000000e+00 9.103322712790168532e-04 0.000000000000000000e+00
1.650000000000000000e+02 6.600080829999477317e-02 2.901684114701866268e-02 9.697314519799726806e-01 0.000000000000000000e+00 1.251706873008648227e-03 0.000000000000000000e+00
1.680000000000000000e+02 6.720082299635832257e-02 2.810650887573964626e-02 9.707555757851615841e-01 0.000000000000000000e+00 1.137915339098770958e-03 0.000000000000000000e+00
1.710000000000000000e+02 6.840083769272187197e-02 2.947200728265816916e-02 9.697314519799726806e-01 0.000000000000000000e+00 7.965407373691396923e-04 0.000000000000000000e+00
1.740000000000000000e+02 6.960085238908542138e-02 3.106508875739644876e-02 9.679107874374146547e-01 0.000000000000000000e+00 1.024123805188893906e-03 0.000000000000000000e+00
1.770000000000000000e+02 7.080086708544897078e-02 3.311333636777423484e-02 9.659763313609467383e-01 0.000000000000000000e+00 9.103322712790168532e-04 0.000000000000000000e+00
1.800000000000000000e+02 7.200088178181252019e-02 3.937187073281747662e-02 9.594902139280837572e-01 0.000000000000000000e+00 1.137915339098770958e-03 0.000000000000000000e+00
1.830000000000000000e+02 7.320089647817606959e-02 4.210286754665452935e-02 9.565316340464269373e-01 0.000000000000000000e+00 1.365498406918525280e-03 0.000000000000000000e+00
1.860000000000000000e+02 7.440091117453961900e-02 4.483386436049158208e-02 9.541420118343195700e-01 0.000000000000000000e+00 1.024123805188893906e-03 0.000000000000000000e+00
1.890000000000000000e+02 7.560092587090316840e-02 4.733727810650887463e-02 9.505006827492034072e-01 0.000000000000000000e+00 2.162039144287664864e-03 0.000000000000000000e+00
1.920000000000000000e+02 7.680094056726671781e-02 5.211652253072371344e-02 9.465179790623577949e-01 0.000000000000000000e+00 1.365498406918525280e-03 0.000000000000000000e+00
1.950000000000000000e+02 7.800095526363026721e-02 5.598543468365953235e-02 9.415111515703231682e-01 0.000000000000000000e+00 2.503413746017296455e-03 0.000000000000000000e+00
1.980000000000000000e+02 7.920096995999359457e-02 5.780609922621757213e-02 9.400318616294948137e-01 0.000000000000000000e+00 2.162039144287664864e-03 0.000000000000000000e+00
2.010000000000000000e+02 8.040098465635714398e-02 6.042330450614474130e-02 9.368456986800182129e-01 0.000000000000000000e+00 2.730996813837050560e-03 0.000000000000000000e+00
2.040000000000000000e+02 8.160099935272069338e-02 6.793354574419663283e-02 9.289940828402366568e-01 0.000000000000000000e+00 3.072371415566681717e-03 0.000000000000000000e+00
2.070000000000000000e+02 8.280101404908424279e-02 7.487482931269913433e-02 9.214838416021847722e-01 0.000000000000000000e+00 3.641329085116067413e-03 0.000000000000000000e+00
2.100000000000000000e+02 8.400102874544779219e-02 8.306781975421029252e-02 9.126081019572144237e-01 0.000000000000000000e+00 4.324078288575329727e-03 0.000000000000000000e+00
2.130000000000000000e+02 8.520104344181134159e-02 8.955393718707328754e-02 9.060081929904415521e-01 0.000000000000000000e+00 4.437869822485207214e-03 0.000000000000000000e+00
2.160000000000000000e+02 8.640105813817489100e-02 9.308147473827947660e-02 9.024806554392352798e-01 0.000000000000000000e+00 4.437869822485207214e-03 0.000000000000000000e+00
2.190000000000000000e+02 8.760107283453844040e-02 9.865725989986344480e-02 8.972462448793809831e-01 0.000000000000000000e+00 4.096495220755575623e-03 0.000000000000000000e+00
2.220000000000000000e+02 8.880108753090198981e-02 1.073054164770141095e-01 8.872325898953118406e-01 0.000000000000000000e+00 5.461993627674101119e-03 0.000000000000000000e+00
2.250000000000000000e+02 9.000110222726553921e-02 1.157259899863450209e-01 8.776741010468821491e-01 0.000000000000000000e+00 6.599908966772872511e-03 0.000000000000000000e+00
2.280000000000000000e+02 9.120111692362908862e-02 1.184569868001820597e-01 8.724396904870277414e-01 0.000000000000000000e+00 9.103322712790167665e-03 0.000000000000000000e+00
2.310000000000000000e+02 9.240113161999263802e-02 1.319981793354574329e-01 8.600364132908511205e-01 0.000000000000000000e+00 7.965407373691398007e-03 0.000000000000000000e+00
2.340000000000000000e+02 9.360114631635618743e-02 1.382567137005006885e-01 8.541192535275375919e-01 0.000000000000000000e+00 7.624032771961766417e-03 0.000000000000000000e+00
2.370000000000000000e+02 9.480116101271973683e-02 1.459945380063723264e-01 8.458124715521164738e-01 0.000000000000000000e+00 8.192990441511151245e-03 0.000000000000000000e+00
2.400000000000000000e+02 9.600117570908328624e-02 1.502048247610377751e-01 8.398953117888029452e-01 1.137915339098771066e-04 9.786071916249430847e-03 0.000000000000000000e+00
2.430000000000000000e+02 9.720119040544683564e-02 1.562357760582612776e-01 8.330678197542102925e-01 1.137915339098771066e-04 1.058261265361857065e-02 0.000000000000000000e+00
2.460000000000000000e+02 9.840120510181038505e-02 1.652253072371415443e-01 8.228265817023213691e-01 1.137915339098771066e-04 1.183431952662721866e-02 0.000000000000000000e+00
2.490000000000000000e+02 9.960121979817393445e-02 1.745562130177514826e-01 8.136094674556213491e-01 1.137915339098771066e-04 1.172052799271734204e-02 0.000000000000000000e+00
2.520000000000000000e+02 1.008012344945374839e-01 1.821802457897132577e-01 8.072371415566681474e-01 1.137915339098771066e-04 1.046882111970869403e-02 0.000000000000000000e+00
2.550000000000000000e+02 1.020012491909010333e-01 1.939007737824305910e-01 7.942649066909421851e-01 1.137915339098771066e-04 1.172052799271734204e-02 0.000000000000000000e+00
2.580000000000000000e+02 1.032012638872645827e-01 2.022075557578516258e-01 7.835685025034136997e-01 0.000000000000000000e+00 1.422394173873463806e-02 0.000000000000000000e+00
2.610000000000000000e+02 1.044012785836281321e-01 2.099453800637232637e-01 7.741238051888938987e-01 0.000000000000000000e+00 1.593081474738279601e-02 0.000000000000000000e+00
2.640000000000000000e+02 1.056012932799916815e-01 2.215521165225307343e-01 7.618343195266271684e-01 0.000000000000000000e+00 1.661356395084205573e-02 0.000000000000000000e+00
2.670000000000000000e+02 1.068013079763552309e-01 2.269003186162949492e-01 7.560309512972235302e-01 0.000000000000000000e+00 1.706873008648156567e-02 0.000000000000000000e+00
2.700000000000000000e+02 1.080013226727187803e-01 2.335002275830678209e-01 7.467000455166135087e-01 0.000000000000000000e+00 1.979972690031861493e-02 0.000000000000000000e+00
2.730000000000000000e+02 1.092013373690823297e-01 2.476103777878925771e-01 7.316795630405097395e-01 1.137915339098771066e-04 2.059626763768775473e-02 0.000000000000000000e+00
2.760000000000000000e+02 1.104013520654456570e-01 2.605826126536185949e-01 7.183659535730542167e-01 2.275830678197542133e-04 2.082385070550751144e-02 0.000000000000000000e+00
2.790000000000000000e+02 1.116013667618092065e-01 2.751479289940828576e-01 7.020937642239417631e-01 2.275830678197542133e-04 2.253072371415566766e-02 0.000000000000000000e+00
2.820000000000000000e+02 1.128013814581727559e-01 2.870960400546199165e-01 6.895766954938552518e-01 1.137915339098771066e-04 2.321347291761493084e-02 0.000000000000000000e+00
2.850000000000000000e+02 1.140013961545363053e-01 2.974510696404187304e-01 6.750113791533909335e-01 1.137915339098771066e-04 2.742375967228038308e-02 0.000000000000000000e+00
2.880000000000000000e+02 1.152014108508998547e-01 3.155439235320892100e-01 6.558944014565316616e-01 0.000000000000000000e+00 2.856167501137915274e-02 0.000000000000000000e+00
2.910000000000000000e+02 1.164014255472634041e-01 3.330678197542102925e-01 6.380291306326809631e-01 0.000000000000000000e+00 2.890304961310878606e-02 0.000000000000000000e+00
2.940000000000000000e+02 1.176014402436269535e-01 3.489986345015930747e-01 6.211879836140191680e-01 3.413746017296313199e-04 2.947200728265816916e-02 0.000000000000000000e+00
2.970000000000000000e+02 1.188014549399905029e-01 3.676604460628129512e-01 5.993400091033227461e-01 4.551661356395084266e-04 3.254437869822485174e-02 0.000000000000000000e+00
3.000000000000000000e+02 1.200014696363540523e-01 3.851843422849339782e-01 5.793126991351843502e-01 4.551661356395084266e-04 3.504779244424215123e-02 0.000000000000000000e+00
3.030000000000000000e+02 1.212014843327176017e-01 4.027082385070550608e-01 5.599681383705051863e-01 4.551661356395084266e-04 3.686845698680018407e-02 0.000000000000000000e+00
3.060000000000000000e+02 1.224014990290811511e-01 4.173873463814292140e-01 5.418752844788348177e-01 3.413746017296313199e-04 4.039599453800637313e-02 0.000000000000000000e+00
3.090000000000000000e+02 1.236015137254447005e-01 4.271734182976786309e-01 5.287892580791988539e-01 4.551661356395084266e-04 4.358215748748293233e-02 0.000000000000000000e+00
3.120000000000000000e+02 1.248015284218082499e-01 4.436731907146108100e-01 5.125170687300865113e-01 4.551661356395084266e-04 4.335457441966317910e-02 0.000000000000000000e+00
3.150000000000000000e+02 1.260015431181717993e-01 4.629039599453800835e-01 4.915794264906691025e-01 5.689576695493854790e-04 4.494765589440145870e-02 0.000000000000000000e+00
3.180000000000000000e+02 1.272015578145353487e-01 4.817933545744196855e-01 4.684797451069640517e-01 3.413746017296313199e-04 4.938552571688666071e-02 0.000000000000000000e+00
3.210000000000000000e+02 1.284015725108988981e-01 4.882794720072826666e-01 4.568730086481565533e-01 7.965407373691396923e-04 5.405097860719162289e-02 0.000000000000000000e+00
3.240000000000000000e+02 1.296015872072624475e-01 4.997724169321802190e-01 4.419663177059626746e-01 1.024123805188893906e-03 5.723714155666818210e-02 0.000000000000000000e+00
3.270000000000000000e+02 1.308016019036259969e-01 5.177514792899408080e-01 4.209148839326354308e-01 1.137915339098770958e-03 6.019572143832498806e-02 0.000000000000000000e+00
3.300000000000000000e+02 1.320016165999895463e-01 5.296995903504779779e-01 4.047564861174328676e-01 1.706873008648156654e-03 6.383705052344106068e-02 0.000000000000000000e+00
3.330000000000000000e+02 1.332016312963530957e-01 5.444924897587619661e-01 3.834774692762858428e-01 1.593081474738279385e-03 7.043695949021393232e-02 0.000000000000000000e+00
3.360000000000000000e+02 1.344016459927166451e-01 5.654301319981793750e-01 3.615157032316795860e-01 2.048247610377787811e-03 7.100591715976331542e-02 0.000000000000000000e+00
3.390000000000000000e+02 1.356016606890801945e-01 5.746472462448793950e-01 3.467228038233955423e-01 2.617205279927173507e-03 7.601274465179790052e-02 0.000000000000000000e+00
3.420000000000000000e+02 1.368016753854437439e-01 5.838643604915794150e-01 3.306781975421028696e-01 3.299954483386436255e-03 8.215748748293126569e-02 0.000000000000000000e+00
3.450000000000000000e+02 1.380016900818072934e-01 5.953573054164770229e-01 3.157715065999089910e-01 3.299954483386436255e-03 8.557123350022757813e-02 0.000000000000000000e+00
3.480000000000000000e+02 1.392017047781708428e-01 6.066226672735548497e-01 2.973372781065088954e-01 3.527537551206190360e-03 9.251251706873007963e-02 0.000000000000000000e+00
3.510000000000000000e+02 1.404017194745343922e-01 6.206190259444697155e-01 2.801547564861174289e-01 3.982703686845699004e-03 9.524351388256713236e-02 0.000000000000000000e+00
3.540000000000000000e+02 1.416017341708977195e-01 6.325671370050067743e-01 2.643377332726445372e-01 4.893035958124715423e-03 9.820209376422393832e-02 0.000000000000000000e+00
3.570000000000000000e+02 1.428017488672612689e-01 6.413290851160673434e-01 2.525034137460173134e-01 4.665452890304961318e-03 1.015020482476103741e-01 0.000000000000000000e+00
3.600000000000000000e+02 1.440017635636248183e-01 6.484979517523896675e-01 2.422621756941283622e-01 5.120619025944469528e-03 1.041192535275375503e-01 0.000000000000000000e+00
3.630000000000000000e+02 1.452017782599883677e-01 6.626081019572144237e-01 2.253072371415566766e-01 5.917159763313609329e-03 1.061675011379153433e-01 0.000000000000000000e+00
3.660000000000000000e+02 1.464017929563519171e-01 6.755803368229403860e-01 2.104005461993627701e-01 6.486117432862995025e-03 1.075329995448338627e-01 0.000000000000000000e+00
3.690000000000000000e+02 1.476018076527154665e-01 6.857077833409194190e-01 1.948111060537096040e-01 6.599908966772872511e-03 1.128812016385980915e-01 0.000000000000000000e+00
3.720000000000000000e+02 1.488018223490790160e-01 6.923076923076922906e-01 1.861629494765589532e-01 7.851615839781519654e-03 1.136777423759672279e-01 0.000000000000000000e+00
3.750000000000000000e+02 1.500018370454425654e-01 7.020937642239417631e-01 1.730769230769230727e-01 8.761948111060537808e-03 1.160673645880746507e-01 0.000000000000000000e+00
3.780000000000000000e+02 1.512018517418061148e-01 7.084660901228948537e-01 1.653390987710514348e-01 9.672280382339554228e-03 1.165225307237141572e-01 0.000000000000000000e+00
3.810000000000000000e+02 1.524018664381696642e-01 7.123350022758306865e-01 1.564633591260810308e-01 1.103777878925807886e-02 1.201638598088302229e-01 0.000000000000000000e+00
3.840000000000000000e+02 1.536018811345332136e-01 7.184797451069639962e-01 1.496358670914884059e-01 1.115157032316795548e-02 1.207328174783796060e-01 0.000000000000000000e+00
3.870000000000000000e+02 1.548018958308967630e-01 7.254210286754665393e-01 1.408739189804278646e-01 1.081019572143832562e-02 1.228948566226672756e-01 0.000000000000000000e+00
3.900000000000000000e+02 1.560019105272603124e-01 7.270141101502047842e-01 1.370050068274920319e-01 1.172052799271734204e-02 1.242603550295857950e-01 0.000000000000000000e+00
3.930000000000000000e+02 1.572019252236238618e-01 7.298588984979517136e-01 1.304050978607191602e-01 1.297223486572599005e-02 1.267637687756031084e-01 0.000000000000000000e+00
3.960000000000000000e+02 1.584019399199874112e-01 7.339553937187073274e-01 1.231224396904870289e-01 1.342740100136549826e-02 1.294947655894401473e-01 0.000000000000000000e+00
3.990000000000000000e+02 1.596019546163509606e-01 7.388484296768320636e-01 1.151570323167956239e-01 1.524806554392353283e-02 1.307464724624488039e-01 0.000000000000000000e+00
4.020000000000000000e+02 1.608019693127145100e-01 7.426035502958580059e-01 1.095812471552116557e-01 1.672735548475193582e-02 1.310878470641784199e-01 0.000000000000000000e+00
4.050000000000000000e+02 1.620019840090780594e-01 7.484069185252617551e-01 1.043468365953573035e-01 1.627218934911242587e-02 1.309740555302685572e-01 0.000000000000000000e+00
4.080000000000000000e+02 1.632019987054416088e-01 7.520482476103778069e-01 1.004779244424214846e-01 1.593081474738279601e-02 1.315430131998179264e-01 0.000000000000000000e+00
4.110000000000000000e+02 1.644020134018051582e-01 7.545516613563950648e-01 9.831588529813381494e-02 1.570323167956303931e-02 1.314292216659080637e-01 0.000000000000000000e+00
4.140000000000000000e+02 1.656020280981687076e-01 7.625170687300865113e-01 9.376422394173873631e-02 1.752389622212107562e-02 1.261948111060537114e-01 0.000000000000000000e+00
4.170000000000000000e+02 1.668020427945322570e-01 7.692307692307692735e-01 8.830223031406463086e-02 1.684114701866181243e-02 1.256258534365043145e-01 0.000000000000000000e+00
4.200000000000000000e+02 1.680020574908958064e-01 7.695721438324988339e-01 8.841602184797450747e-02 1.809285389167045871e-02 1.239189804278561652e-01 0.000000000000000000e+00
4.230000000000000000e+02 1.692020721872593558e-01 7.660446062812926726e-01 8.887118798361401395e-02 1.968593536640873831e-02 1.253982703686845612e-01 0.000000000000000000e+00
4.260000000000000000e+02 1.704020868836229052e-01 7.696859353664087244e-01 8.659535730541648157e-02 2.025489303595812488e-02 1.234638142922166587e-01 0.000000000000000000e+00
4.290000000000000000e+02 1.716021015799864546e-01 7.728720983158853253e-01 7.976786527082385669e-02 2.059626763768775473e-02 1.267637687756031084e-01 0.000000000000000000e+00
4.320000000000000000e+02 1.728021162763497820e-01 7.801547564861174289e-01 7.328174783796086167e-02 2.173418297678652786e-02 1.248293126991351781e-01 0.000000000000000000e+00
4.350000000000000000e+02 1.740021309727133314e-01 7.836822940373235902e-01 6.975421028675465873e-02 2.241693218024579104e-02 1.241465634956759184e-01 0.000000000000000000e+00
4.380000000000000000e+02 1.752021456690768808e-01 7.916477014110150368e-01 6.474738279472007363e-02 2.309968138370505075e-02 1.205052344105598527e-01 0.000000000000000000e+00
4.410000000000000000e+02 1.764021603654404302e-01 7.930131998179335007e-01 6.190259444697314428e-02 2.253072371415566766e-02 1.225534820209376458e-01 0.000000000000000000e+00
4.440000000000000000e+02 1.776021750618039796e-01 8.029130632680928636e-01 5.939918070095585173e-02 2.287209831588529751e-02 1.148156577150659940e-01 0.000000000000000000e+00
4.470000000000000000e+02 1.788021897581675290e-01 8.041647701411015481e-01 5.803368229403732537e-02 2.423759672280382388e-02 1.135639508420573512e-01 0.000000000000000000e+00
4.500000000000000000e+02 1.800022044545310784e-01 8.059854346836595740e-01 5.666818388711879900e-02 2.321347291761493084e-02 1.141329085116067343e-01 0.000000000000000000e+00
4.530000000000000000e+02 1.812022191508946278e-01 8.141784251251706905e-01 5.359581247155211642e-02 2.287209831588529751e-02 1.093536640873919025e-01 0.000000000000000000e+00
4.560000000000000000e+02 1.824022338472581772e-01 8.152025489303595940e-01 5.143377332726445372e-02 2.469276285844333035e-02 1.086709148839326289e-01 0.000000000000000000e+00
4.590000000000000000e+02 1.836022485436217266e-01 8.156577150659990449e-01 5.086481565771506369e-02 2.503413746017296368e-02 1.084433318161128756e-01 0.000000000000000000e+00
4.620000000000000000e+02 1.848022632399852760e-01 8.203231679563040002e-01 4.858898497951752438e-02 2.389622212107419055e-02 1.071916249431042328e-01 0.000000000000000000e+00
4.650000000000000000e+02 1.860022779363488254e-01 8.237369139736003820e-01 4.597177969959034827e-02 2.469276285844333035e-02 1.055985434683659602e-01 0.000000000000000000e+00
4.680000000000000000e+02 1.872022926327123749e-01 8.273782430587164338e-01 4.506144742831133532e-02 2.560309512972235024e-02 1.019572143832498806e-01 0.000000000000000000e+00
4.710000000000000000e+02 1.884023073290759243e-01 8.303368229403732537e-01 4.335457441966317910e-02 2.605826126536185672e-02 1.002503413746017313e-01 0.000000000000000000e+00
4.740000000000000000e+02 1.896023220254394737e-01 8.322712790168411701e-01 4.050978607191624975e-02 2.594446973145198010e-02 1.012744651797906209e-01 0.000000000000000000e+00
4.770000000000000000e+02 1.908023367218030231e-01 8.367091488393263443e-01 3.948566226672735324e-02 2.537551206190259354e-02 9.842967683204369156e-02 0.000000000000000000e+00
4.800000000000000000e+02 1.920023514181665725e-01 8.375056895766954668e-01 3.823395539371871044e-02 2.537551206190259354e-02 9.888484296768319803e-02 0.000000000000000000e+00
4.830000000000000000e+02 1.932023661145301219e-01 8.388711879836140417e-01 3.732362312243969055e-02 2.617205279927173334e-02 9.763313609467455523e-02 0.000000000000000000e+00
4.860000000000000000e+02 1.944023808108936713e-01 8.393263541192534927e-01 3.675466545289030745e-02 2.742375967228038308e-02 9.649522075557578904e-02 0.000000000000000000e+00
4.890000000000000000e+02 1.956023955072572207e-01 8.401228948566226151e-01 3.914428766499772339e-02 2.787892580791988956e-02 9.285389167045972336e-02 0.000000000000000000e+00
4.920000000000000000e+02 1.968024102036207701e-01 8.405780609922621771e-01 3.834774692762858705e-02 2.753755120619025970e-02 9.353664087391898307e-02 0.000000000000000000e+00
4.950000000000000000e+02 1.980024248999843195e-01 8.416021847974510806e-01 3.720983158852981393e-02 2.662721893491124328e-02 9.456076467910787264e-02 0.000000000000000000e+00
4.980000000000000000e+02 1.992024395963478689e-01 8.443331816112881194e-01 3.504779244424215123e-02 2.730996813837050646e-02 9.330905780609922984e-02 0.000000000000000000e+00
5.010000000000000000e+02 2.004024542927114183e-01 8.501365498406918686e-01 3.447883477469276120e-02 2.708238507055074976e-02 8.830223031406463086e-02 0.000000000000000000e+00
5.040000000000000000e+02 2.016024689890749677e-01 8.541192535275375919e-01 3.322712790168411146e-02 2.822030040964952288e-02 8.443331816112881194e-02 0.000000000000000000e+00
5.070000000000000000e+02 2.028024836854385171e-01 8.553709604005461653e-01 3.186162949476559203e-02 2.639963586709149004e-02 8.636777423759672834e-02 0.000000000000000000e+00
5.100000000000000000e+02 2.040024983818018445e-01 8.582157487482930946e-01 3.265817023213472836e-02 2.639963586709149004e-02 8.272644515248064878e-02 0.000000000000000000e+00
5.130000000000000000e+02 2.052025130781653939e-01 8.584433318161128756e-01 3.197542102867546865e-02 2.583067819754210348e-02 8.375056895766955223e-02 0.000000000000000000e+00
5.160000000000000000e+02 2.064025277745289433e-01 8.607191624943104635e-01 2.913063268092853930e-02 2.719617660446062984e-02 8.295402822030041590e-02 0.000000000000000000e+00
5.190000000000000000e+02 2.076025424708924927e-01 8.637915339098770628e-01 2.742375967228038308e-02 2.719617660446062984e-02 8.158852981338188259e-02 0.000000000000000000e+00
5.220000000000000000e+02 2.088025571672560421e-01 8.687983614019116896e-01 2.560309512972235024e-02 2.628584433318160996e-02 7.931269913518433634e-02 0.000000000000000000e+00
5.250000000000000000e+02 2.100025718636195915e-01 8.772189349112425871e-01 2.423759672280382388e-02 2.423759672280382388e-02 7.430587164314975124e-02 0.000000000000000000e+00
5.280000000000000000e+02 2.112025865599831409e-01 8.790395994538006130e-01 2.355484751934456070e-02 2.423759672280382388e-02 7.316795630405098505e-02 0.000000000000000000e+00
5.310000000000000000e+02 2.124026012563466903e-01 8.774465179790623681e-01 2.446517979062357712e-02 2.469276285844333035e-02 7.339553937187073829e-02 0.000000000000000000e+00
5.340000000000000000e+02 2.136026159527102397e-01 8.777878925807920396e-01 2.412380518889394726e-02 2.628584433318160996e-02 7.180245789713245175e-02 0.000000000000000000e+00
5.370000000000000000e+02 2.148026306490737891e-01 8.791533909877105035e-01 2.344105598543468408e-02 2.787892580791988956e-02 6.952662721893490549e-02 0.000000000000000000e+00
5.400000000000000000e+02 2.160026453454373385e-01 8.847291761492944717e-01 2.309968138370505075e-02 2.571688666363222686e-02 6.645425580336822291e-02 0.000000000000000000e+00
5.430000000000000000e+02 2.172026600418008879e-01 8.866636322257623881e-01 2.435138825671370050e-02 2.548930359581247015e-02 6.349567592171143082e-02 0.000000000000000000e+00
5.460000000000000000e+02 2.184026747381644373e-01 8.879153390987710726e-01 2.412380518889394726e-02 2.617205279927173334e-02 6.178880291306326766e-02 0.000000000000000000e+00
5.490000000000000000e+02 2.196026894345279867e-01 8.906463359126081114e-01 2.287209831588529751e-02 2.560309512972235024e-02 6.087847064178425471e-02 0.000000000000000000e+00
5.520000000000000000e+02 2.208027041308915361e-01 8.900773782430587699e-01 2.139280837505689453e-02 2.583067819754210348e-02 6.269913518434228061e-02 0.000000000000000000e+00
5.550000000000000000e+02 2.220027188272550855e-01 8.942876649977241632e-01 2.048247610377787811e-02 2.594446973145198010e-02 5.928538916704597511e-02 0.000000000000000000e+00
5.580000000000000000e+02 2.232027335236186349e-01 8.957669549385525176e-01 1.968593536640873831e-02 2.469276285844333035e-02 5.985434683659535821e-02 0.000000000000000000e+00
5.610000000000000000e+02 2.244027482199821844e-01 8.964497041420118606e-01 1.968593536640873831e-02 2.526172052799271692e-02 5.860263996358670846e-02 0.000000000000000000e+00
5.640000000000000000e+02 2.256027629163457338e-01 8.967910787437414211e-01 1.957214383249886169e-02 2.480655439235321044e-02 5.883022303140646170e-02 0.000000000000000000e+00
5.670000000000000000e+02 2.268027776127092832e-01 9.012289485662267063e-01 1.832043695949021542e-02 2.469276285844333035e-02 5.575785161583977911e-02 0.000000000000000000e+00
5.700000000000000000e+02 2.280027923090728326e-01 9.023668639053253893e-01 1.968593536640873831e-02 2.446517979062357712e-02 5.348202093764223980e-02 0.000000000000000000e+00
5.730000000000000000e+02 2.292028070054363820e-01 9.046426945835229771e-01 1.854802002730996865e-02 2.423759672280382388e-02 5.257168866636321991e-02 0.000000000000000000e+00
5.760000000000000000e+02 2.304028217017999314e-01 9.027082385070550608e-01 1.923076923076923184e-02 2.628584433318160996e-02 5.177514792899408358e-02 0.000000000000000000e+00
5.790000000000000000e+02 2.316028363981634808e-01 9.050978607191625391e-01 1.957214383249886169e-02 2.492034592626308706e-02 5.040964952207555722e-02 0.000000000000000000e+00
5.820000000000000000e+02 2.328028510945270302e-01 9.038461538461538547e-01 1.991351843422849502e-02 2.708238507055074976e-02 4.915794264906690747e-02 0.000000000000000000e+00
5.850000000000000000e+02 2.340028657908905796e-01 9.070323167956304555e-01 1.911697769685935522e-02 2.662721893491124328e-02 4.722348657259899801e-02 0.000000000000000000e+00
5.880000000000000000e+02 2.352028804872539069e-01 9.102184797451069453e-01 1.763768775603095224e-02 2.742375967228038308e-02 4.472007282658170546e-02 0.000000000000000000e+00
5.910000000000000000e+02 2.364028951836174564e-01 9.131770596267637652e-01 1.752389622212107562e-02 2.696859353664087314e-02 4.233045061447428259e-02 0.000000000000000000e+00
5.940000000000000000e+02 2.376029098799810058e-01 9.128356850250340937e-01 1.820664542558033533e-02 2.742375967228038308e-02 4.153390987710514626e-02 0.000000000000000000e+00
5.970000000000000000e+02 2.388029245763445552e-01 9.181838871187983919e-01 1.638598088302230249e-02 2.674101046882111990e-02 3.868912152935821691e-02 0.000000000000000000e+00
6.000000000000000000e+02 2.400029392727081046e-01 9.185252617205279524e-01 1.604460628129267263e-02 2.730996813837050646e-02 3.812016385980882688e-02 0.000000000000000000e+00
6.030000000000000000e+02 2.412029539690716540e-01 9.219390077378243342e-01 1.558944014565316269e-02 2.583067819754210348e-02 3.664087391898043083e-02 0.000000000000000000e+00
6.060000000000000000e+02 2.424029686654352034e-01 9.267182521620391800e-01 1.513427401001365448e-02 2.469276285844333035e-02 3.345471096950387163e-02 0.000000000000000000e+00
6.090000000000000000e+02 2.436029833617987528e-01 9.256941283568502765e-01 1.524806554392353283e-02 2.401001365498407064e-02 3.504779244424215123e-02 0.000000000000000000e+00
6.120000000000000000e+02 2.448029980581623022e-01 9.259217114246700575e-01 1.638598088302230249e-02 2.457897132453345374e-02 3.311333636777423484e-02 0.000000000000000000e+00
6.150000000000000000e+02 2.460030127545258516e-01 9.261492944924897275e-01 1.649977241693217911e-02 2.571688666363222686e-02 3.163404642694583185e-02 0.000000000000000000e+00
6.180000000000000000e+02 2.472030274508894010e-01 9.254665452890304955e-01 1.752389622212107562e-02 2.799271734182976618e-02 2.890304961310878606e-02 1.137915339098771066e-04
6.210000000000000000e+02 2.484030421472529504e-01 9.248975876194811541e-01 1.752389622212107562e-02 2.696859353664087314e-02 3.060992262175694228e-02 0.000000000000000000e+00
6.240000000000000000e+02 2.496030568436164998e-01 9.266044606281292895e-01 1.763768775603095224e-02 2.787892580791988956e-02 2.787892580791988956e-02 0.000000000000000000e+00
6.270000000000000000e+02 2.508030715399800492e-01 9.263768775603095085e-01 1.877560309512972189e-02 2.730996813837050646e-02 2.753755120619025970e-02 0.000000000000000000e+00
6.300000000000000000e+02 2.520030862363435986e-01 9.279699590350477534e-01 1.809285389167045871e-02 2.526172052799271692e-02 2.867546654528902936e-02 0.000000000000000000e+00
6.330000000000000000e+02 2.532031009327071480e-01 9.272872098315885214e-01 1.888939462903959851e-02 2.571688666363222686e-02 2.810650887573964626e-02 0.000000000000000000e+00
6.360000000000000000e+02 2.544031156290706974e-01 9.300182066454255603e-01 1.832043695949021542e-02 2.548930359581247015e-02 2.617205279927173334e-02 0.000000000000000000e+00
6.390000000000000000e+02 2.556031303254342468e-01 9.289940828402366568e-01 1.979972690031861493e-02 2.742375967228038308e-02 2.378243058716431393e-02 0.000000000000000000e+00
6.420000000000000000e+02 2.568031450217977962e-01 9.283113336367774249e-01 1.945835229858898507e-02 2.696859353664087314e-02 2.503413746017296368e-02 2.275830678197542133e-04
6.450000000000000000e+02 2.580031597181613456e-01 9.276285844333181929e-01 1.877560309512972189e-02 2.719617660446062984e-02 2.628584433318160996e-02 1.137915339098771066e-04
6.480000000000000000e+02 2.592031744145248950e-01 9.269458352298588499e-01 1.797906235776058209e-02 2.708238507055074976e-02 2.787892580791988956e-02 1.137915339098771066e-04
6.510000000000000000e+02 2.604031891108884444e-01 9.304733727810651223e-01 1.695493855257168905e-02 2.583067819754210348e-02 2.674101046882111990e-02 0.000000000000000000e+00
6.540000000000000000e+02 2.616032038072519939e-01 9.327492034592625991e-01 1.741010468821119553e-02 2.332726445152480746e-02 2.651342740100136666e-02 0.000000000000000000e+00
6.570000000000000000e+02 2.628032185036155433e-01 9.338871187983613931e-01 1.695493855257168905e-02 2.366863905325443732e-02 2.548930359581247015e-02 0.000000000000000000e+00
6.600000000000000000e+02 2.640032331999790927e-01 9.325216203914429292e-01 1.809285389167045871e-02 2.435138825671370050e-02 2.503413746017296368e-02 0.000000000000000000e+00
6.630000000000000000e+02 2.652032478963426421e-01 9.345698680018206250e-01 1.729631315430131891e-02 2.412380518889394726e-02 2.401001365498407064e-02 0.000000000000000000e+00
6.660000000000000000e+02 2.664032625927059694e-01 9.357077833409194190e-01 1.581702321347291593e-02 2.401001365498407064e-02 2.446517979062357712e-02 0.000000000000000000e+00
6.690000000000000000e+02 2.676032772890695188e-01 9.359353664087392000e-01 1.615839781520254925e-02 2.332726445152480746e-02 2.457897132453345374e-02 0.000000000000000000e+00
6.720000000000000000e+02 2.688032919854330682e-01 9.340009103322712836e-01 1.581702321347291593e-02 2.492034592626308706e-02 2.526172052799271692e-02 0.000000000000000000e+00
6.750000000000000000e+02 2.700033066817966176e-01 9.343422849340009551e-01 1.615839781520254925e-02 2.446517979062357712e-02 2.492034592626308706e-02 1.137915339098771066e-04
6.780000000000000000e+02 2.712033213781601670e-01 9.327492034592625991e-01 1.706873008648156567e-02 2.571688666363222686e-02 2.435138825671370050e-02 1.137915339098771066e-04
6.810000000000000000e+02 2.724033360745237164e-01 9.326354119253527086e-01 1.706873008648156567e-02 2.435138825671370050e-02 2.583067819754210348e-02 1.137915339098771066e-04
