# itime ezz other fcc hcp bcc ico
0.000000000000000000e+00 0.000000000000000000e+00 9.103322712790168532e-04 9.990896677287209870e-01 0.000000000000000000e+00 0.000000000000000000e+00 0.000000000000000000e+00
2.500000000000000000e+02 9.999982325372469560e-03 1.251706873008648227e-03 9.987482931269913156e-01 0.000000000000000000e+00 0.000000000000000000e+00 0.000000000000000000e+00
5.000000000000000000e+02 1.999996465074471708e-02 5.689576695493854790e-04 9.993172507965407680e-01 0.000000000000000000e+00 1.137915339098771066e-04 0.000000000000000000e+00
7.500000000000000000e+02 2.999994697611718664e-02 4.551661356395083832e-03 9.954483386436049352e-01 0.000000000000000000e+00 0.000000000000000000e+00 0.000000000000000000e+00
1.000000000000000000e+03 3.999992930148965620e-02 5.917159763313609329e-03 9.938552571688666903e-01 0.000000000000000000e+00 2.275830678197542133e-04 0.000000000000000000e+00
1.250000000000000000e+03 4.999991162686190371e-02 1.103777878925807886e-02 9.889622212107419541e-01 0.000000000000000000e+00 0.000000000000000000e+00 0.000000000000000000e+00
1.500000000000000000e+03 5.999989395223437327e-02 2.742375967228038308e-02 9.716659080564405970e-01 0.000000000000000000e+00 9.103322712790168532e-04 0.000000000000000000e+00
1.750000000000000000e+03 6.999987627760684283e-02 4.221665908056440597e-02 9.557350933090578149e-01 0.000000000000000000e+00 2.048247610377787811e-03 0.000000000000000000e+00
2.000000000000000000e+03 7.999985860297909035e-02 7.737824305871643382e-02 9.164770141101502565e-01 0.000000000000000000e+00 6.144742831133363434e-03 0.000000000000000000e+00
2.250000000000000000e+03 8.999984092835155991e-02 1.396222121074192080e-01 8.513882567137005530e-01 0.000000000000000000e+00 8.989531178880291046e-03 0.000000000000000000e+00
2.500000000000000000e+03 9.999982325372402947e-02 3.330678197542102925e-01 5.431269913518433912e-01 3.755120619025944465e-03 1.200500682749203463e-01 0.000000000000000000e+00
2.750000000000000000e+03 1.099998055790962770e-01 4.411697769685935522e-01 2.657032316795630567e-01 2.605826126536185672e-02 2.670687300864815761e-01 0.000000000000000000e+00
3.000000000000000000e+03 1.199997879044687465e-01 4.805416477014110010e-01 1.738734638142922229e-01 6.656804733727811341e-02 2.790168411470186349e-01 0.000000000000000000e+00
3.250000000000000000e+03 1.299997702298412161e-01 5.317478379608556738e-01 1.217569412835685094e-01 8.909877105143376719e-02 2.573964497041419941e-01 0.000000000000000000e+00
3.500000000000000000e+03 1.399997525552134636e-01 5.597405553026855163e-01 1.001365498406918547e-01 9.934000910332271839e-02 2.407828857532999522e-01 0.000000000000000000e+00
3.750000000000000000e+03 1.499997348805859332e-01 5.842057350933090865e-01 8.727810650887574129e-02 1.059399180700955900e-01 2.225762403277196100e-01 0.000000000000000000e+00
4.000000000000000000e+03 1.599997172059584027e-01 6.200500682749203740e-01 6.406463359126081392e-02 1.168639053254437871e-01 1.990213928083750528e-01 0.000000000000000000e+00
4.250000000000000000e+03 1.699996995313306503e-01 6.541875284478835262e-01 5.746472462448793533e-02 1.147018661811561174e-01 1.736458807464724696e-01 0.000000000000000000e+00
4.500000000000000000e+03 1.799996818567031198e-01 6.822940373236231482e-01 5.803368229403732537e-02 1.103777878925807920e-01 1.492944924897587622e-01 0.000000000000000000e+00
4.750000000000000000e+03 1.899996641820755894e-01 6.791078743741465473e-01 6.497496586253982687e-02 1.240327719617660418e-01 1.318843878015475701e-01 0.000000000000000000e+00
5.000000000000000000e+03 1.999996465074480589e-01 6.942421483841602070e-01 6.986800182066454923e-02 1.349567592171142527e-01 1.009330905780609910e-01 0.000000000000000000e+00
5.250000000000000000e+03 2.099996288328203065e-01 7.098315885298134287e-01 6.770596267637687959e-02 1.296085571233500100e-01 9.285389167045972336e-02 0.000000000000000000e+00
5.500000000000000000e+03 2.199996111581927760e-01 7.048247610377788019e-01 6.793354574419663283e-02 1.515703231679562946e-01 7.567137005006827066e-02 0.000000000000000000e+00
5.750000000000000000e+03 2.299995934835652456e-01 7.134729176149294805e-01 6.895766954938552240e-02 1.582840236686390567e-01 5.928538916704597511e-02 0.000000000000000000e+00
6.000000000000000000e+03 2.399995758089374931e-01 7.243969048702776359e-01 6.816112881201638607e-02 1.603322712790168358e-01 4.710969503868912139e-02 0.000000000000000000e+00
6.250000000000000000e+03 2.499995581343099627e-01 7.279244424214837972e-01 6.736458807464724974e-02 1.619253527537551085e-01 4.278561675011378906e-02 0.000000000000000000e+00
6.500000000000000000e+03 2.599995404596824322e-01 7.311106053709603980e-01 7.009558488848430247e-02 1.589667728720983164e-01 3.982703686845699004e-02 0.000000000000000000e+00
6.750000000000000000e+03 2.699995227850546797e-01 7.352071005917160118e-01 7.305416477014110843e-02 1.610150204824760956e-01 3.060992262175694228e-02 1.137915339098771066e-04
7.000000000000000000e+03 2.799995051104271493e-01 7.460172963131542767e-01 6.964041875284478211e-02 1.520254893035958010e-01 3.208921256258534527e-02 2.275830678197542133e-04
7.250000000000000000e+03 2.899994874357996189e-01 7.505689576695493415e-01 7.259899863450158808e-02 1.438324988620846567e-01 3.277196176604460498e-02 2.275830678197542133e-04
7.500000000000000000e+03 2.999994697611718664e-01 7.628584433318160718e-01 6.873008648156576916e-02 1.428083750568957533e-01 2.537551206190259354e-02 2.275830678197542133e-04
7.750000000000000000e+03 3.099994520865443359e-01 7.680928538916704795e-01 7.100591715976331542e-02 1.368912152935821691e-01 2.378243058716431393e-02 2.275830678197542133e-04
8.000000000000000000e+03 3.199994344119168055e-01 7.748065543923532417e-01 7.123350022758306865e-02 1.310878470641784199e-01 2.253072371415566766e-02 3.413746017296313199e-04
8.250000000000000000e+03 3.299994167372890530e-01 7.859581247155211781e-01 6.793354574419663283e-02 1.226672735548475224e-01 2.309968138370505075e-02 3.413746017296313199e-04
8.500000000000000000e+03 3.399993990626615226e-01 8.005234410559853853e-01 6.440600819299044377e-02 1.118570778334091881e-01 2.287209831588529751e-02 3.413746017296313199e-04
8.750000000000000000e+03 3.499993813880339921e-01 8.251024123805188459e-01 5.689576695493855224e-02 1.005917159763313612e-01 1.706873008648156567e-02 3.413746017296313199e-04
9.000000000000000000e+03 3.599993637134062396e-01 8.224852071005916976e-01 5.996813837050523482e-02 1.029813381884387841e-01 1.433773327264451468e-02 2.275830678197542133e-04
9.250000000000000000e+03 3.699993460387784872e-01 8.313609467455621571e-01 5.257168866636321991e-02 1.026399635867091542e-01 1.263086026399635846e-02 7.965407373691396923e-04
9.500000000000000000e+03 3.799993283641511788e-01 8.342057350933090865e-01 5.109239872553481693e-02 9.945380063723259501e-02 1.490669094219390124e-02 3.413746017296313199e-04
9.750000000000000000e+03 3.899993106895236483e-01 8.411470186618115186e-01 4.904415111515703085e-02 9.899863450159307465e-02 1.024123805188893906e-02 5.689576695493854790e-04
1.000000000000000000e+04 3.999992930148958958e-01 8.418297678652708615e-01 4.665452890304961492e-02 9.786071916249430847e-02 1.274465179790623508e-02 9.103322712790168532e-04
1.025000000000000000e+04 4.099992753402681434e-01 8.445607646791079004e-01 4.346836595357305572e-02 1.003641329085116080e-01 1.081019572143832562e-02 7.965407373691396923e-04
1.050000000000000000e+04 4.199992576656406129e-01 8.561675011379152878e-01 3.994082840236686666e-02 9.365043240782885969e-02 9.558488848429677609e-03 6.827492034592626399e-04
1.075000000000000000e+04 4.299992399910133045e-01 8.620846609012289274e-01 3.914428766499772339e-02 8.670914883932635819e-02 1.149294492489758707e-02 5.689576695493854790e-04
1.100000000000000000e+04 4.399992223163855520e-01 8.690259444697314706e-01 3.686845698680018407e-02 7.954028220300408958e-02 1.376877560309512985e-02 7.965407373691396923e-04
1.125000000000000000e+04 4.499992046417577995e-01 8.744879380974055483e-01 3.493400091033227461e-02 7.897132453345470648e-02 1.012744651797906244e-02 1.479289940828402332e-03
1.150000000000000000e+04 4.599991869671302691e-01 8.870050068274920596e-01 3.595812471552116418e-02 6.725079654073737312e-02 8.761948111060537808e-03 1.024123805188893906e-03
1.175000000000000000e+04 4.699991692925027387e-01 8.857532999544833752e-01 3.368229403732362487e-02 6.850250341374601593e-02 1.103777878925807886e-02 1.024123805188893906e-03
1.200000000000000000e+04 4.799991516178749862e-01 8.932635411925352598e-01 3.072371415566681890e-02 6.645425580336822291e-02 8.761948111060537808e-03 7.965407373691396923e-04
1.225000000000000000e+04 4.899991339432472337e-01 8.956531634046427381e-01 3.152025489303595523e-02 6.121984524351388457e-02 1.081019572143832562e-02 7.965407373691396923e-04
1.250000000000000000e+04 4.999991162686199253e-01 9.080564406008192480e-01 2.753755120619025970e-02 5.166135639508420696e-02 1.206190259444697363e-02 6.827492034592626399e-04
1.275000000000000000e+04 5.099990985939923949e-01 9.161356395084205850e-01 2.719617660446062984e-02 4.585798816568047165e-02 1.012744651797906244e-02 6.827492034592626399e-04
1.300000000000000000e+04 5.199990809193646424e-01 9.231907146108329076e-01 2.446517979062357712e-02 4.221665908056440597e-02 9.103322712790167665e-03 1.024123805188893906e-03
1.325000000000000000e+04 5.299990632447368899e-01 9.309285389167045732e-01 2.139280837505689453e-02 3.834774692762858705e-02 8.761948111060537808e-03 5.689576695493854790e-04
1.350000000000000000e+04 5.399990455701095815e-01 9.322940373236231482e-01 1.957214383249886169e-02 3.698224852071006069e-02 9.899863450159307465e-03 1.251706873008648227e-03
1.375000000000000000e+04 5.499990278954820511e-01 9.367319071461083224e-01 1.820664542558033533e-02 3.231679563040509851e-02 1.103777878925807886e-02 1.706873008648156654e-03
1.400000000000000000e+04 5.599990102208542986e-01 9.378698224852071164e-01 1.786527082385070547e-02 3.390987710514337811e-02 8.875739644970414427e-03 1.479289940828402332e-03
1.425000000000000000e+04 5.699989925462265461e-01 9.477696859353663683e-01 1.695493855257168905e-02 2.560309512972235024e-02 8.534365043240782836e-03 1.137915339098770958e-03
1.450000000000000000e+04 5.799989748715990157e-01 9.477696859353663683e-01 1.524806554392353283e-02 2.844788347746927612e-02 7.624032771961766417e-03 9.103322712790168532e-04
1.475000000000000000e+04 5.899989571969717073e-01 9.482248520710059303e-01 1.524806554392353283e-02 2.651342740100136666e-02 8.079198907601274626e-03 1.934456076467910759e-03
1.500000000000000000e+04 5.999989395223439548e-01 9.509558488848429691e-01 1.524806554392353283e-02 2.526172052799271692e-02 7.282658170232134826e-03 1.251706873008648227e-03
1.525000000000000000e+04 6.099989218477162023e-01 9.558488848429677054e-01 1.376877560309512985e-02 2.150659990896677115e-02 7.737824305871643035e-03 1.137915339098770958e-03
1.550000000000000000e+04 6.199989041730886719e-01 9.577833409194356218e-01 1.285844333181611343e-02 1.968593536640873831e-02 7.965407373691398007e-03 1.706873008648156654e-03
1.575000000000000000e+04 6.299988864984611414e-01 9.629039599453800280e-01 1.172052799271734204e-02 1.706873008648156567e-02 6.486117432862995025e-03 1.820664542558033706e-03
1.600000000000000000e+04 6.399988688238333889e-01 9.642694583522986029e-01 1.160673645880746542e-02 1.604460628129267263e-02 6.258534365043240920e-03 1.820664542558033706e-03
1.625000000000000000e+04 6.499988511492056364e-01 9.660901228948566288e-01 1.217569412835685025e-02 1.547564861174328607e-02 5.120619025944469528e-03 1.137915339098770958e-03
1.650000000000000000e+04 6.599988334745783281e-01 9.672280382339554228e-01 1.160673645880746542e-02 1.422394173873463806e-02 5.348202093764223633e-03 1.593081474738279385e-03
1.675000000000000000e+04 6.699988157999507976e-01 9.708693673190714746e-01 1.206190259444697363e-02 1.183431952662721866e-02 3.868912152935821518e-03 1.365498406918525280e-03
1.700000000000000000e+04 6.799987981253230451e-01 9.750796540737368678e-01 9.672280382339554228e-03 1.137915339098771045e-02 2.730996813837050560e-03 1.137915339098770958e-03
1.725000000000000000e+04 6.899987804506952926e-01 9.748520710059171979e-01 9.217114246700046018e-03 1.103777878925807886e-02 3.186162949476558769e-03 1.706873008648156654e-03
1.750000000000000000e+04 6.999987627760677622e-01 9.784934000910332497e-01 8.079198907601274626e-03 9.899863450159307465e-03 1.820664542558033706e-03 1.706873008648156654e-03
1.775000000000000000e+04 7.099987451014404538e-01 9.805416477014110566e-01 9.103322712790167665e-03 7.851615839781519654e-03 1.365498406918525280e-03 1.137915339098770958e-03
1.800000000000000000e+04 7.199987274268127013e-01 9.806554392353209471e-01 7.737824305871643035e-03 8.534365043240782836e-03 1.593081474738279385e-03 1.479289940828402332e-03
1.825000000000000000e+04 7.299987097521849488e-01 9.811106053709603980e-01 9.103322712790167665e-03 6.258534365043240920e-03 1.934456076467910759e-03 1.593081474738279385e-03
1.850000000000000000e+04 7.399986920775574184e-01 9.847519344560764498e-01 7.396449704142011444e-03 5.006827492034592909e-03 1.024123805188893906e-03 1.820664542558033706e-03
1.875000000000000000e+04 7.499986744029298880e-01 9.860036413290851343e-01 6.486117432862995025e-03 4.324078288575329727e-03 1.820664542558033706e-03 1.365498406918525280e-03
1.900000000000000000e+04 7.599986567283021355e-01 9.872553482020938187e-01 6.258534365043240920e-03 4.096495220755575623e-03 1.024123805188893906e-03 1.365498406918525280e-03
1.925000000000000000e+04 7.699986390536743830e-01 9.856622667273554628e-01 6.144742831133363434e-03 4.893035958124715423e-03 1.479289940828402332e-03 1.820664542558033706e-03
1.950000000000000000e+04 7.799986213790470746e-01 9.878243058716431602e-01 5.461993627674101119e-03 3.982703686845699004e-03 1.024123805188893906e-03 1.706873008648156654e-03
1.975000000000000000e+04 7.899986037044195442e-01 9.882794720072826111e-01 5.575785161583977738e-03 3.299954483386436255e-03 1.251706873008648227e-03 1.593081474738279385e-03
2.000000000000000000e+04 7.999985860297917917e-01 9.874829312699134887e-01 5.803368229403732710e-03 4.665452890304961318e-03 6.827492034592626399e-04 1.365498406918525280e-03
2.025000000000000000e+04 8.099985683551640392e-01 9.885070550751023921e-01 4.665452890304961318e-03 3.982703686845699004e-03 7.965407373691396923e-04 2.048247610377787811e-03
2.050000000000000000e+04 8.199985506805365088e-01 9.877105143377332697e-01 4.551661356395083832e-03 4.665452890304961318e-03 4.551661356395084266e-04 2.617205279927173507e-03
2.075000000000000000e+04 8.299985330059092004e-01 9.906690942193900895e-01 2.730996813837050560e-03 3.641329085116067413e-03 9.103322712790168532e-04 2.048247610377787811e-03
2.100000000000000000e+04 8.399985153312814479e-01 9.912380518889394310e-01 2.617205279927173507e-03 3.755120619025944465e-03 1.024123805188893906e-03 1.365498406918525280e-03
2.125000000000000000e+04 8.499984976566536954e-01 9.899863450159308575e-01 2.048247610377787811e-03 4.210286754665453109e-03 5.689576695493854790e-04 3.186162949476558769e-03
2.150000000000000000e+04 8.599984799820261649e-01 9.915794264906691025e-01 1.479289940828402332e-03 4.551661356395083832e-03 4.551661356395084266e-04 1.934456076467910759e-03
2.175000000000000000e+04 8.699984623073986345e-01 9.913518434228493215e-01 2.162039144287664864e-03 4.210286754665453109e-03 2.275830678197542133e-04 2.048247610377787811e-03
2.200000000000000000e+04 8.799984446327708820e-01 9.924897587619481154e-01 1.479289940828402332e-03 3.299954483386436255e-03 2.275830678197542133e-04 2.503413746017296455e-03
2.225000000000000000e+04 8.899984269581431295e-01 9.910104688211197610e-01 1.820664542558033706e-03 4.096495220755575623e-03 4.551661356395084266e-04 2.617205279927173507e-03
2.250000000000000000e+04 8.999984092835158211e-01 9.937414656349567998e-01 1.137915339098770958e-03 2.503413746017296455e-03 4.551661356395084266e-04 2.162039144287664864e-03
2.275000000000000000e+04 9.099983916088882907e-01 9.935138825671370189e-01 1.024123805188893906e-03 2.389622212107419402e-03 5.689576695493854790e-04 2.503413746017296455e-03
2.300000000000000000e+04 9.199983739342605382e-01 9.939690487027764698e-01 9.103322712790168532e-04 2.503413746017296455e-03 5.689576695493854790e-04 2.048247610377787811e-03
2.325000000000000000e+04 9.299983562596327857e-01 9.936276741010469093e-01 1.024123805188893906e-03 2.503413746017296455e-03 7.965407373691396923e-04 2.048247610377787811e-03
2.350000000000000000e+04 9.399983385850054773e-01 9.930587164314974569e-01 1.593081474738279385e-03 3.186162949476558769e-03 3.413746017296313199e-04 1.820664542558033706e-03
2.375000000000000000e+04 9.499983209103779469e-01 9.939690487027764698e-01 1.251706873008648227e-03 2.389622212107419402e-03 2.275830678197542133e-04 2.162039144287664864e-03
2.400000000000000000e+04 9.599983032357501944e-01 9.952207555757851543e-01 1.137915339098770958e-03 1.251706873008648227e-03 2.275830678197542133e-04 2.162039144287664864e-03
2.425000000000000000e+04 9.699982855611224419e-01 9.946517979062358128e-01 1.024123805188893906e-03 1.251706873008648227e-03 3.413746017296313199e-04 2.730996813837050560e-03
2.450000000000000000e+04 9.799982678864949115e-01 9.944242148384160318e-01 1.593081474738279385e-03 1.365498406918525280e-03 4.551661356395084266e-04 2.162039144287664864e-03
2.475000000000000000e+04 9.899982502118676031e-01 9.952207555757851543e-01 1.365498406918525280e-03 1.137915339098770958e-03 7.965407373691396923e-04 1.479289940828402332e-03
2.500000000000000000e+04 9.999982325372398506e-01 9.943104233045061413e-01 1.365498406918525280e-03 1.706873008648156654e-03 3.413746017296313199e-04 2.275830678197541916e-03
