# itime ezz other fcc hcp bcc ico
0.000000000000000000e+00 0.000000000000000000e+00 0.000000000000000000e+00 1.000000000000000000e+00 0.000000000000000000e+00 0.000000000000000000e+00 0.000000000000000000e+00
3.000000000000000000e+00 1.200016607978193761e-03 4.551661356395084266e-04 9.995448338643604380e-01 0.000000000000000000e+00 0.000000000000000000e+00 0.000000000000000000e+00
6.000000000000000000e+00 2.400033215956165478e-03 6.827492034592626399e-04 9.993172507965407680e-01 0.000000000000000000e+00 0.000000000000000000e+00 0.000000000000000000e+00
9.000000000000000000e+00 3.600049823934359239e-03 1.137915339098770958e-03 9.988620846609012061e-01 0.000000000000000000e+00 0.000000000000000000e+00 0.000000000000000000e+00
1.200000000000000000e+01 4.800066431912330955e-03 9.103322712790168532e-04 9.990896677287209870e-01 0.000000000000000000e+00 0.000000000000000000e+00 0.000000000000000000e+00
1.500000000000000000e+01 6.000083039890524716e-03 7.965407373691396923e-04 9.992034592626308775e-01 0.000000000000000000e+00 0.000000000000000000e+00 0.000000000000000000e+00
1.800000000000000000e+01 7.200099647868718478e-03 3.413746017296313199e-04 9.996586253982703285e-01 0.000000000000000000e+00 0.000000000000000000e+00 0.000000000000000000e+00
2.100000000000000000e+01 8.400116255846690194e-03 1.137915339098771066e-04 9.998862084660901095e-01 0.000000000000000000e+00 0.000000000000000000e+00 0.000000000000000000e+00
2.400000000000000000e+01 9.600132863824883955e-03 2.275830678197542133e-04 9.997724169321802190e-01 0.000000000000000000e+00 0.000000000000000000e+00 0.000000000000000000e+00
2.700000000000000000e+01 1.080014947180285567e-02 9.103322712790168532e-04 9.990896677287209870e-01 0.000000000000000000e+00 0.000000000000000000e+00 0.000000000000000000e+00
3.000000000000000000e+01 1.200016607978104943e-02 1.365498406918525280e-03 9.986345015930814251e-01 0.000000000000000000e+00 0.000000000000000000e+00 0.000000000000000000e+00
3.300000000000000000e+01 1.320018268775924319e-02 1.137915339098770958e-03 9.988620846609012061e-01 0.000000000000000000e+00 0.000000000000000000e+00 0.000000000000000000e+00
3.600000000000000000e+01 1.440019929573721491e-02 1.137915339098770958e-03 9.988620846609012061e-01 0.000000000000000000e+00 0.000000000000000000e+00 0.000000000000000000e+00
3.900000000000000000e+01 1.560021590371540867e-02 9.103322712790168532e-04 9.990896677287209870e-01 0.000000000000000000e+00 0.000000000000000000e+00 0.000000000000000000e+00
4.200000000000000000e+01 1.680023251169338039e-02 5.689576695493854790e-04 9.994310423304506585e-01 0.000000000000000000e+00 0.000000000000000000e+00 0.000000000000000000e+00
4.500000000000000000e+01 1.800024911967157415e-02 1.024123805188893906e-03 9.989758761948110966e-01 0.000000000000000000e+00 0.000000000000000000e+00 0.000000000000000000e+00
4.800000000000000000e+01 1.920026572764976791e-02 1.593081474738279385e-03 9.984069185252617551e-01 0.000000000000000000e+00 0.000000000000000000e+00 0.000000000000000000e+00
5.100000000000000000e+01 2.040028233562773963e-02 2.617205279927173507e-03 9.973827947200728516e-01 0.000000000000000000e+00 0.000000000000000000e+00 0.000000000000000000e+00
5.400000000000000000e+01 2.160029894360593339e-02 3.072371415566681717e-03 9.969276285844332897e-01 0.000000000000000000e+00 0.000000000000000000e+00 0.000000000000000000e+00
5.700000000000000000e+01 2.280031555158390510e-02 3.299954483386436255e-03 9.965862539827037292e-01 0.000000000000000000e+00 1.137915339098771066e-04 0.000000000000000000e+00
6.000000000000000000e+01 2.400033215956209887e-02 2.730996813837050560e-03 9.972690031861629611e-01 0.000000000000000000e+00 0.000000000000000000e+00 0.000000000000000000e+00
6.300000000000000000e+01 2.520034876754007058e-02 2.162039144287664864e-03 9.978379608557123026e-01 0.000000000000000000e+00 0.000000000000000000e+00 0.000000000000000000e+00
6.600000000000000000e+01 2.640036537551826434e-02 3.527537551206190360e-03 9.963586709148839482e-01 0.000000000000000000e+00 1.137915339098771066e-04 0.000000000000000000e+00
6.900000000000000000e+01 2.760038198349645810e-02 4.551661356395083832e-03 9.954483386436049352e-01 0.000000000000000000e+00 0.000000000000000000e+00 0.000000000000000000e+00
7.200000000000000000e+01 2.880039859147442982e-02 4.437869822485207214e-03 9.955621301775148257e-01 0.000000000000000000e+00 0.000000000000000000e+00 0.000000000000000000e+00
7.500000000000000000e+01 3.000041519945262358e-02 4.893035958124715423e-03 9.951069640418752638e-01 0.000000000000000000e+00 0.000000000000000000e+00 0.000000000000000000e+00
7.800000000000000000e+01 3.120043180743059530e-02 4.551661356395083832e-03 9.952207555757851543e-01 0.000000000000000000e+00 2.275830678197542133e-04 0.000000000000000000e+00
8.100000000000000000e+01 3.240044841540878906e-02 5.006827492034592909e-03 9.946517979062358128e-01 0.000000000000000000e+00 3.413746017296313199e-04 0.000000000000000000e+00
8.400000000000000000e+01 3.360046502338698282e-02 5.803368229403732710e-03 9.940828402366863603e-01 0.000000000000000000e+00 1.137915339098771066e-04 0.000000000000000000e+00
8.700000000000000000e+01 3.480048163136495454e-02 4.893035958124715423e-03 9.949931725079653733e-01 0.000000000000000000e+00 1.137915339098771066e-04 0.000000000000000000e+00
9.000000000000000000e+01 3.600049823934314830e-02 3.527537551206190360e-03 9.962448793809740577e-01 0.000000000000000000e+00 2.275830678197542133e-04 0.000000000000000000e+00
9.300000000000000000e+01 3.720051484732112002e-02 3.982703686845699004e-03 9.959035047792443862e-01 0.000000000000000000e+00 1.137915339098771066e-04 0.000000000000000000e+00
9.600000000000000000e+01 3.840053145529931378e-02 4.210286754665453109e-03 9.956759217114247162e-01 0.000000000000000000e+00 1.137915339098771066e-04 0.000000000000000000e+00
9.900000000000000000e+01 3.960054806327750754e-02 3.755120619025944465e-03 9.960172963131542767e-01 0.000000000000000000e+00 2.275830678197542133e-04 0.000000000000000000e+00
1.020000000000000000e+02 4.080056467125547925e-02 3.755120619025944465e-03 9.961310878470641672e-01 0.000000000000000000e+00 1.137915339098771066e-04 0.000000000000000000e+00
1.050000000000000000e+02 4.200058127923367302e-02 4.096495220755575623e-03 9.956759217114247162e-01 0.000000000000000000e+00 2.275830678197542133e-04 0.000000000000000000e+00
1.080000000000000000e+02 4.320059788721164473e-02 4.779244424214838804e-03 9.952207555757851543e-01 0.000000000000000000e+00 0.000000000000000000e+00 0.000000000000000000e+00
1.110000000000000000e+02 4.440061449518983849e-02 4.665452890304961318e-03 9.953345471096950448e-01 0.000000000000000000e+00 0.000000000000000000e+00 0.000000000000000000e+00
1.140000000000000000e+02 4.560063110316803225e-02 7.168866636322257339e-03 9.928311333636777869e-01 0.000000000000000000e+00 0.000000000000000000e+00 0.000000000000000000e+00
1.170000000000000000e+02 4.680064771114600397e-02 8.079198907601274626e-03 9.918070095584888834e-01 0.000000000000000000e+00 1.137915339098771066e-04 0.000000000000000000e+00
1.200000000000000000e+02 4.800066431912419773e-02 7.737824305871643035e-03 9.921483841602184439e-01 0.000000000000000000e+00 1.137915339098771066e-04 0.000000000000000000e+00
1.230000000000000000e+02 4.920068092710216945e-02 6.941283568502503235e-03 9.929449248975875664e-01 0.000000000000000000e+00 1.137915339098771066e-04 0.000000000000000000e+00
1.260000000000000000e+02 5.040069753508036321e-02 8.989531178880291046e-03 9.906690942193900895e-01 0.000000000000000000e+00 3.413746017296313199e-04 0.000000000000000000e+00
1.290000000000000000e+02 5.160071414305855697e-02 8.989531178880291046e-03 9.910104688211197610e-01 0.000000000000000000e+00 0.000000000000000000e+00 0.000000000000000000e+00
1.320000000000000000e+02 5.280073075103652869e-02 1.001365498406918582e-02 9.897587619481110766e-01 0.000000000000000000e+00 2.275830678197542133e-04 0.000000000000000000e+00
1.350000000000000000e+02 5.400074735901472245e-02 1.319981793354574502e-02 9.864588074647245852e-01 0.000000000000000000e+00 3.413746017296313199e-04 0.000000000000000000e+00
1.380000000000000000e+02 5.520076396699269417e-02 1.308602639963586667e-02 9.865725989986344757e-01 0.000000000000000000e+00 3.413746017296313199e-04 0.000000000000000000e+00
1.410000000000000000e+02 5.640078057497088793e-02 1.206190259444697363e-02 9.877105143377332697e-01 0.000000000000000000e+00 2.275830678197542133e-04 0.000000000000000000e+00
1.440000000000000000e+02 5.760079718294908169e-02 1.502048247610377786e-02 9.840691852526172179e-01 0.000000000000000000e+00 9.103322712790168532e-04 0.000000000000000000e+00
1.470000000000000000e+02 5.880081379092705340e-02 1.615839781520254925e-02 9.823623122439690825e-01 0.000000000000000000e+00 1.479289940828402332e-03 0.000000000000000000e+00
1.500000000000000000e+02 6.000083039890524716e-02 1.797906235776058209e-02 9.806554392353209471e-01 0.000000000000000000e+00 1.365498406918525280e-03 0.000000000000000000e+00
1.530000000000000000e+02 6.120084700688321888e-02 2.162039144287665124e-02 9.776968593536641272e-01 0.000000000000000000e+00 6.827492034592626399e-04 0.000000000000000000e+00
1.560000000000000000e+02 6.240086361486141264e-02 2.207555757851615771e-02 9.775830678197542367e-01 0.000000000000000000e+00 3.413746017296313199e-04 0.000000000000000000e+00
1.590000000000000000e+02 6.360088022283960640e-02 2.150659990896677115e-02 9.781520254893035782e-01 0.000000000000000000e+00 3.413746017296313199e-04 0.000000000000000000e+00
1.620000000000000000e+02 6.480089683081757812e-02 2.435138825671370050e-02 9.745106964041875264e-01 0.000000000000000000e+00 1.137915339098770958e-03 0.000000000000000000e+00
1.650000000000000000e+02 6.600091343879577188e-02 2.958579881656804578e-02 9.691624943104233392e-01 0.000000000000000000e+00 1.251706873008648227e-03 0.000000000000000000e+00
1.680000000000000000e+02 6.720093004677374360e-02 3.117888029130632538e-02 9.679107874374146547e-01 0.000000000000000000e+00 9.103322712790168532e-04 0.000000000000000000e+00
1.710000000000000000e+02 6.840094665475193736e-02 3.163404642694583185e-02 9.675694128356849832e-01 0.000000000000000000e+00 7.965407373691396923e-04 0.000000000000000000e+00
1.740000000000000000e+02 6.960096326273013112e-02 3.447883477469276120e-02 9.646108329540282744e-01 0.000000000000000000e+00 9.103322712790168532e-04 0.000000000000000000e+00
1.770000000000000000e+02 7.080097987070810284e-02 3.573054164770141095e-02 9.632453345471096995e-01 0.000000000000000000e+00 1.024123805188893906e-03 0.000000000000000000e+00
1.800000000000000000e+02 7.200099647868629660e-02 3.880291306326809353e-02 9.598315885298134287e-01 0.000000000000000000e+00 1.365498406918525280e-03 0.000000000000000000e+00
1.830000000000000000e+02 7.320101308666426831e-02 4.176149294492489950e-02 9.564178425125170468e-01 0.000000000000000000e+00 1.820664542558033706e-03 0.000000000000000000e+00
1.860000000000000000e+02 7.440102969464246208e-02 4.472007282658170546e-02 9.528903049613108855e-01 0.000000000000000000e+00 2.389622212107419402e-03 0.000000000000000000e+00
1.890000000000000000e+02 7.560104630262043379e-02 4.915794264906690747e-02 9.489076012744651623e-01 0.000000000000000000e+00 1.934456076467910759e-03 0.000000000000000000e+00
1.920000000000000000e+02 7.680106291059862755e-02 5.416477014110149951e-02 9.441283568502503165e-01 0.000000000000000000e+00 1.706873008648156654e-03 0.000000000000000000e+00
1.950000000000000000e+02 7.800107951857682131e-02 5.609922621756941591e-02 9.423076923076922906e-01 0.000000000000000000e+00 1.593081474738279385e-03 0.000000000000000000e+00
1.980000000000000000e+02 7.920109612655479303e-02 5.564406008192990249e-02 9.423076923076922906e-01 0.000000000000000000e+00 2.048247610377787811e-03 0.000000000000000000e+00
2.010000000000000000e+02 8.040111273453298679e-02 6.224396904870277414e-02 9.358215748748293095e-01 0.000000000000000000e+00 1.934456076467910759e-03 0.000000000000000000e+00
2.040000000000000000e+02 8.160112934251095851e-02 6.292671825216203385e-02 9.343422849340009551e-01 0.000000000000000000e+00 2.730996813837050560e-03 0.000000000000000000e+00
2.070000000000000000e+02 8.280114595048915227e-02 6.861629494765589254e-02 9.281975421028675344e-01 0.000000000000000000e+00 3.186162949476558769e-03 0.000000000000000000e+00
2.100000000000000000e+02 8.400116255846734603e-02 7.464724624487938109e-02 9.217114246700045532e-01 0.000000000000000000e+00 3.641329085116067413e-03 0.000000000000000000e+00
2.130000000000000000e+02 8.520117916644531775e-02 8.056440600819299303e-02 9.156804733727810230e-01 0.000000000000000000e+00 3.755120619025944465e-03 0.000000000000000000e+00
2.160000000000000000e+02 8.640119577442351151e-02 8.488848429676831842e-02 9.109012289485661773e-01 0.000000000000000000e+00 4.210286754665453109e-03 0.000000000000000000e+00
2.190000000000000000e+02 8.760121238240148323e-02 9.035047792444242387e-02 9.049840691852526486e-01 0.000000000000000000e+00 4.665452890304961318e-03 0.000000000000000000e+00
2.220000000000000000e+02 8.880122899037967699e-02 9.262630860263997012e-02 9.027082385070550608e-01 0.000000000000000000e+00 4.665452890304961318e-03 0.000000000000000000e+00
2.250000000000000000e+02 9.000124559835787075e-02 9.490213928083750250e-02 9.004324078288575839e-01 0.000000000000000000e+00 4.665452890304961318e-03 0.000000000000000000e+00
2.280000000000000000e+02 9.120126220633584246e-02 1.020710059171597572e-01 8.934911242603550408e-01 0.000000000000000000e+00 4.437869822485207214e-03 0.000000000000000000e+00
2.310000000000000000e+02 9.240127881431403623e-02 1.043468365953573035e-01 8.909877105143377829e-01 0.000000000000000000e+00 4.665452890304961318e-03 0.000000000000000000e+00
2.340000000000000000e+02 9.360129542229200794e-02 1.111743286299499284e-01 8.850705507510241432e-01 0.000000000000000000e+00 3.755120619025944465e-03 0.000000000000000000e+00
2.370000000000000000e+02 9.480131203027020170e-02 1.162949476558944040e-01 8.771051433773326966e-01 0.000000000000000000e+00 6.599908966772872511e-03 0.000000000000000000e+00
2.400000000000000000e+02 9.600132863824839546e-02 1.242603550295857950e-01 8.695949021392808120e-01 0.000000000000000000e+00 6.144742831133363434e-03 0.000000000000000000e+00
2.430000000000000000e+02 9.720134524622636718e-02 1.308602639963586667e-01 8.625398270368684894e-01 0.000000000000000000e+00 6.599908966772872511e-03 0.000000000000000000e+00
2.460000000000000000e+02 9.840136185420456094e-02 1.347291761492944995e-01 8.576467910787437532e-01 0.000000000000000000e+00 7.624032771961766417e-03 0.000000000000000000e+00
2.490000000000000000e+02 9.960137846218253266e-02 1.434911242603550408e-01 8.492262175694128556e-01 0.000000000000000000e+00 7.282658170232134826e-03 0.000000000000000000e+00
2.520000000000000000e+02 1.008013950701607264e-01 1.565771506599908935e-01 8.351160673645880994e-01 0.000000000000000000e+00 8.306781975421027864e-03 0.000000000000000000e+00
2.550000000000000000e+02 1.020014116781389202e-01 1.607874374146563423e-01 8.303368229403732537e-01 0.000000000000000000e+00 8.875739644970414427e-03 0.000000000000000000e+00
2.580000000000000000e+02 1.032014282861168919e-01 1.657942649066909413e-01 8.239644970414201630e-01 0.000000000000000000e+00 1.024123805188893906e-02 0.000000000000000000e+00
2.610000000000000000e+02 1.044014448940950857e-01 1.769458352298589054e-01 8.132680928538916776e-01 0.000000000000000000e+00 9.786071916249430847e-03 0.000000000000000000e+00
2.640000000000000000e+02 1.056014615020730574e-01 1.951524806554392477e-01 7.943786982248520756e-01 0.000000000000000000e+00 1.046882111970869403e-02 0.000000000000000000e+00
2.670000000000000000e+02 1.068014781100512511e-01 2.075557578516158408e-01 7.820892125625853453e-01 0.000000000000000000e+00 1.035502958579881741e-02 0.000000000000000000e+00
2.700000000000000000e+02 1.080014947180294449e-01 2.239417387346381294e-01 7.635411925352754148e-01 0.000000000000000000e+00 1.251706873008648184e-02 0.000000000000000000e+00
2.730000000000000000e+02 1.092015113260074166e-01 2.366863905325443662e-01 7.500000000000000000e-01 0.000000000000000000e+00 1.331360946745562164e-02 0.000000000000000000e+00
2.760000000000000000e+02 1.104015279339856104e-01 2.484069185252617273e-01 7.375967228038233792e-01 0.000000000000000000e+00 1.399635867091488309e-02 0.000000000000000000e+00
2.790000000000000000e+02 1.116015445419635821e-01 2.630860263996358528e-01 7.200728265817023521e-01 0.000000000000000000e+00 1.684114701866181243e-02 0.000000000000000000e+00
2.820000000000000000e+02 1.128015611499417759e-01 2.794720072826581969e-01 7.030040964952207760e-01 0.000000000000000000e+00 1.752389622212107562e-02 0.000000000000000000e+00
2.850000000000000000e+02 1.140015777579199696e-01 2.889167045971779424e-01 6.932180245789713036e-01 0.000000000000000000e+00 1.786527082385070547e-02 0.000000000000000000e+00
2.880000000000000000e+02 1.152015943658979413e-01 3.012061902594446727e-01 6.801319981793354508e-01 0.000000000000000000e+00 1.866181156121984527e-02 0.000000000000000000e+00
2.910000000000000000e+02 1.164016109738761351e-01 3.179335457441966328e-01 6.609012289485661773e-01 1.137915339098771066e-04 2.105143377332726468e-02 0.000000000000000000e+00
2.940000000000000000e+02 1.176016275818541068e-01 3.281747837960855563e-01 6.483841602184797770e-01 1.137915339098771066e-04 2.332726445152480746e-02 0.000000000000000000e+00
2.970000000000000000e+02 1.188016441898323006e-01 3.453573054164770229e-01 6.298361401911697355e-01 0.000000000000000000e+00 2.480655439235321044e-02 0.000000000000000000e+00
3.000000000000000000e+02 1.200016607978102723e-01 3.626536185707783244e-01 6.103777878925807920e-01 2.275830678197542133e-04 2.674101046882111990e-02 0.000000000000000000e+00
3.030000000000000000e+02 1.212016774057884660e-01 3.758534365043240677e-01 5.953573054164770229e-01 2.275830678197542133e-04 2.856167501137915274e-02 0.000000000000000000e+00
3.060000000000000000e+02 1.224016940137666598e-01 3.946290395994537792e-01 5.747610377787892855e-01 2.275830678197542133e-04 3.038233955393718558e-02 0.000000000000000000e+00
3.090000000000000000e+02 1.236017106217446315e-01 4.101046882111971104e-01 5.574647246244879284e-01 4.551661356395084266e-04 3.197542102867546865e-02 0.000000000000000000e+00
3.120000000000000000e+02 1.248017272297228253e-01 4.241010468821119761e-01 5.419890760127445972e-01 3.413746017296313199e-04 3.356850250341374825e-02 0.000000000000000000e+00
3.150000000000000000e+02 1.260017438377007970e-01 4.425352753755120716e-01 5.202548930359581769e-01 2.275830678197542133e-04 3.698224852071006069e-02 0.000000000000000000e+00
3.180000000000000000e+02 1.272017604456789908e-01 4.614246700045516736e-01 4.990896677287209870e-01 2.275830678197542133e-04 3.925807919890760000e-02 0.000000000000000000e+00
3.210000000000000000e+02 1.284017770536571845e-01 4.763313609467455523e-01 4.807692307692307820e-01 1.137915339098771066e-04 4.278561675011378906e-02 0.000000000000000000e+00
3.240000000000000000e+02 1.296017936616351562e-01 4.961310878470641672e-01 4.572143832498862248e-01 0.000000000000000000e+00 4.665452890304961492e-02 0.000000000000000000e+00
3.270000000000000000e+02 1.308018102696133500e-01 5.052344105598542967e-01 4.461766044606281234e-01 4.551661356395084266e-04 4.813381884387801790e-02 0.000000000000000000e+00
3.300000000000000000e+02 1.320018268775913217e-01 5.167273554847519046e-01 4.309285389167045732e-01 5.689576695493854790e-04 5.177514792899408358e-02 0.000000000000000000e+00
3.330000000000000000e+02 1.332018434855695155e-01 5.361857077833409591e-01 4.083978152025489194e-01 7.965407373691396923e-04 5.461993627674101293e-02 0.000000000000000000e+00
3.360000000000000000e+02 1.344018600935477092e-01 5.469959035047792240e-01 3.924670004551661373e-01 9.103322712790168532e-04 5.962676376877560497e-02 0.000000000000000000e+00
3.390000000000000000e+02 1.356018767015256810e-01 5.568957669549385869e-01 3.783568502503413811e-01 1.024123805188893906e-03 6.372325898953118406e-02 0.000000000000000000e+00
3.420000000000000000e+02 1.368018933095038747e-01 5.722576240327719166e-01 3.586709148839326566e-01 6.827492034592626399e-04 6.838871187983613931e-02 0.000000000000000000e+00
3.450000000000000000e+02 1.380019099174818464e-01 5.903504779244423961e-01 3.370505234410559603e-01 5.689576695493854790e-04 7.203004096495220498e-02 0.000000000000000000e+00
3.480000000000000000e+02 1.392019265254600402e-01 6.034365043240782489e-01 3.218024578971324656e-01 7.965407373691396923e-04 7.396449704142012138e-02 0.000000000000000000e+00
3.510000000000000000e+02 1.404019431334382340e-01 6.191397360036413611e-01 3.049613108784706150e-01 1.365498406918525280e-03 7.453345471096950448e-02 0.000000000000000000e+00
3.540000000000000000e+02 1.416019597414162057e-01 6.250568957669548897e-01 2.910787437414656398e-01 2.048247610377787811e-03 8.181611288120163583e-02 0.000000000000000000e+00
3.570000000000000000e+02 1.428019763493943994e-01 6.316568047337277614e-01 2.800409649522075384e-01 2.389622212107419402e-03 8.591260810195720798e-02 0.000000000000000000e+00
3.600000000000000000e+02 1.440019929573723712e-01 6.466772872098316416e-01 2.630860263996358528e-01 2.730996813837050560e-03 8.750568957669549452e-02 0.000000000000000000e+00
3.630000000000000000e+02 1.452020095653505649e-01 6.555530268548019901e-01 2.517068730086481354e-01 2.617205279927173507e-03 9.012289485662267063e-02 0.000000000000000000e+00
3.660000000000000000e+02 1.464020261733287587e-01 6.647701411015020101e-01 2.374829312699135164e-01 2.844788347746927612e-03 9.490213928083750250e-02 0.000000000000000000e+00
3.690000000000000000e+02 1.476020427813067304e-01 6.722803823395538947e-01 2.243969048702776636e-01 3.982703686845699004e-03 9.934000910332271839e-02 0.000000000000000000e+00
3.720000000000000000e+02 1.488020593892849242e-01 6.774010013654984119e-01 2.150659990896677254e-01 5.348202093764223633e-03 1.021847974510696339e-01 0.000000000000000000e+00
3.750000000000000000e+02 1.500020759972628959e-01 6.857077833409194190e-01 2.014110150204824756e-01 5.575785161583977738e-03 1.073054164770141095e-01 0.000000000000000000e+00
3.780000000000000000e+02 1.512020926052410896e-01 6.964041875284479044e-01 1.875284478834774726e-01 5.689576695493855224e-03 1.103777878925807920e-01 0.000000000000000000e+00
3.810000000000000000e+02 1.524021092132192834e-01 7.085798816568047442e-01 1.750113791533909890e-01 6.030951297223486815e-03 1.103777878925807920e-01 0.000000000000000000e+00
3.840000000000000000e+02 1.536021258211972551e-01 7.179107874374146547e-01 1.630632680928539024e-01 7.624032771961766417e-03 1.114019116977696816e-01 0.000000000000000000e+00
3.870000000000000000e+02 1.548021424291754489e-01 7.213245334547109255e-01 1.540737369139736079e-01 8.192990441511151245e-03 1.164087391898042806e-01 0.000000000000000000e+00
3.900000000000000000e+02 1.560021590371534206e-01 7.250796540737368678e-01 1.444014565316340537e-01 8.761948111060537808e-03 1.217569412835685094e-01 0.000000000000000000e+00
3.930000000000000000e+02 1.572021756451316143e-01 7.298588984979517136e-01 1.368912152935821691e-01 1.046882111970869403e-02 1.227810650887573990e-01 0.000000000000000000e+00
3.960000000000000000e+02 1.584021922531098081e-01 7.328174783796085334e-01 1.325671370050068298e-01 1.103777878925807886e-02 1.235776058261265353e-01 0.000000000000000000e+00
3.990000000000000000e+02 1.596022088610877798e-01 7.344105598543468894e-01 1.238051888939462886e-01 1.251706873008648184e-02 1.292671825216203940e-01 0.000000000000000000e+00
4.020000000000000000e+02 1.608022254690659736e-01 7.356622667273554628e-01 1.162949476558944040e-01 1.331360946745562164e-02 1.347291761492944995e-01 0.000000000000000000e+00
4.050000000000000000e+02 1.620022420770439453e-01 7.375967228038233792e-01 1.093536640873919025e-01 1.399635867091488309e-02 1.390532544378698110e-01 0.000000000000000000e+00
4.080000000000000000e+02 1.632022586850221391e-01 7.403277196176604180e-01 1.028675466545289074e-01 1.376877560309512985e-02 1.430359581247155343e-01 0.000000000000000000e+00
4.110000000000000000e+02 1.644022752930003328e-01 7.449931725079653733e-01 9.774692762858443185e-02 1.570323167956303931e-02 1.415566681838871244e-01 0.000000000000000000e+00
4.140000000000000000e+02 1.656022919009783045e-01 7.530723714155667103e-01 8.921256258534364381e-02 1.536185707783340945e-02 1.423532089212562468e-01 0.000000000000000000e+00
4.170000000000000000e+02 1.668023085089564983e-01 7.552344105598542967e-01 8.227127901684114231e-02 1.741010468821119553e-02 1.450842057350933134e-01 0.000000000000000000e+00
4.200000000000000000e+02 1.680023251169344700e-01 7.570550751024124336e-01 7.897132453345470648e-02 1.752389622212107562e-02 1.464497041420118328e-01 0.000000000000000000e+00
4.230000000000000000e+02 1.692023417249126638e-01 7.578516158397815561e-01 7.669549385525717411e-02 1.854802002730996865e-02 1.469048702776513393e-01 0.000000000000000000e+00
4.260000000000000000e+02 1.704023583328906355e-01 7.604688211197087044e-01 7.498862084660901095e-02 2.002730996813837164e-02 1.445152480655439164e-01 0.000000000000000000e+00
4.290000000000000000e+02 1.716023749408688293e-01 7.658170232134728916e-01 6.873008648156576916e-02 2.116522530723714129e-02 1.442876649977241632e-01 0.000000000000000000e+00
4.320000000000000000e+02 1.728023915488470230e-01 7.742375967228037892e-01 6.247155211652252738e-02 2.173418297678652786e-02 1.415566681838871244e-01 0.000000000000000000e+00
4.350000000000000000e+02 1.740024081568249947e-01 7.786754665452890745e-01 5.746472462448793533e-02 2.207555757851615771e-02 1.417842512517068776e-01 0.000000000000000000e+00
4.380000000000000000e+02 1.752024247648031885e-01 7.791306326809285254e-01 5.621301775147929253e-02 2.253072371415566766e-02 1.421256258534364936e-01 0.000000000000000000e+00
4.410000000000000000e+02 1.764024413727811602e-01 7.832271279016841392e-01 5.302685480200273332e-02 2.287209831588529751e-02 1.408739189804278646e-01 0.000000000000000000e+00
4.440000000000000000e+02 1.776024579807593540e-01 7.885753299954483264e-01 5.063723258989531045e-02 2.344105598543468408e-02 1.373463814292216756e-01 0.000000000000000000e+00
4.470000000000000000e+02 1.788024745887375477e-01 7.966545289030496635e-01 4.813381884387801790e-02 2.344105598543468408e-02 1.317705962676376796e-01 0.000000000000000000e+00
4.500000000000000000e+02 1.800024911967155195e-01 8.008648156577150568e-01 4.676832043695949154e-02 2.241693218024579104e-02 1.299499317250796537e-01 0.000000000000000000e+00
4.530000000000000000e+02 1.812025078046937132e-01 8.009786071916249472e-01 4.301319981793354230e-02 2.253072371415566766e-02 1.334774692762858428e-01 0.000000000000000000e+00
4.560000000000000000e+02 1.824025244126716849e-01 8.026854802002730827e-01 4.267182521620391245e-02 2.230314064633591095e-02 1.323395539371870766e-01 0.000000000000000000e+00
4.590000000000000000e+02 1.836025410206498787e-01 8.079198907601274904e-01 3.959945380063722986e-02 2.184797451069640448e-02 1.306326809285389134e-01 0.000000000000000000e+00
4.620000000000000000e+02 1.848025576286280725e-01 8.098543468365954068e-01 3.948566226672735324e-02 2.002730996813837164e-02 1.306326809285389134e-01 0.000000000000000000e+00
4.650000000000000000e+02 1.860025742366060442e-01 8.144060081929904715e-01 3.800637232589895026e-02 2.127901684114701791e-02 1.263086026399635742e-01 0.000000000000000000e+00
4.680000000000000000e+02 1.872025908445842379e-01 8.173645880746472914e-01 3.652708238507055422e-02 2.196176604460628110e-02 1.241465634956759184e-01 0.000000000000000000e+00
4.710000000000000000e+02 1.884026074525622096e-01 8.215748748293126846e-01 3.709604005461993731e-02 2.218934911242603433e-02 1.191397360036413333e-01 0.000000000000000000e+00
4.740000000000000000e+02 1.896026240605404034e-01 8.227127901684114786e-01 3.846153846153846367e-02 2.241693218024579104e-02 1.164087391898042806e-01 0.000000000000000000e+00
4.770000000000000000e+02 1.908026406685185972e-01 8.264679107874374209e-01 3.641329085116067066e-02 2.355484751934456070e-02 1.135639508420573512e-01 0.000000000000000000e+00
4.800000000000000000e+02 1.920026572764965689e-01 8.297678652708238012e-01 3.629949931725079404e-02 2.457897132453345374e-02 1.093536640873919025e-01 0.000000000000000000e+00
4.830000000000000000e+02 1.932026738844747626e-01 8.338643604915794150e-01 3.379608557123350149e-02 2.560309512972235024e-02 1.067364588074647264e-01 0.000000000000000000e+00
4.860000000000000000e+02 1.944026904924527344e-01 8.367091488393263443e-01 3.288575329995448160e-02 2.776513427401001294e-02 1.026399635867091542e-01 0.000000000000000000e+00
4.890000000000000000e+02 1.956027071004309281e-01 8.411470186618115186e-01 3.026854802002730896e-02 2.662721893491124328e-02 1.019572143832498806e-01 0.000000000000000000e+00
4.920000000000000000e+02 1.968027237084091219e-01 8.438780154756485574e-01 2.924442421483841592e-02 2.674101046882111990e-02 1.001365498406918547e-01 0.000000000000000000e+00
4.950000000000000000e+02 1.980027403163870936e-01 8.508192990441511006e-01 2.742375967228038308e-02 2.617205279927173334e-02 9.558488848429676221e-02 0.000000000000000000e+00
4.980000000000000000e+02 1.992027569243652874e-01 8.576467910787437532e-01 2.583067819754210348e-02 2.571688666363222686e-02 9.080564406008193035e-02 0.000000000000000000e+00
5.010000000000000000e+02 2.004027735323432591e-01 8.576467910787437532e-01 2.594446973145198010e-02 2.628584433318160996e-02 9.012289485662267063e-02 0.000000000000000000e+00
5.040000000000000000e+02 2.016027901403214528e-01 8.617432862994993670e-01 2.526172052799271692e-02 2.480655439235321044e-02 8.818843878015475424e-02 0.000000000000000000e+00
5.070000000000000000e+02 2.028028067482996466e-01 8.618570778334091465e-01 2.526172052799271692e-02 2.537551206190259354e-02 8.750568957669549452e-02 0.000000000000000000e+00
5.100000000000000000e+02 2.040028233562776183e-01 8.653846153846154188e-01 2.435138825671370050e-02 2.571688666363222686e-02 8.454710969503868856e-02 0.000000000000000000e+00
5.130000000000000000e+02 2.052028399642558121e-01 8.656121984524350887e-01 2.503413746017296368e-02 2.639963586709149004e-02 8.295402822030041590e-02 0.000000000000000000e+00
5.160000000000000000e+02 2.064028565722337838e-01 8.677742375967227861e-01 2.526172052799271692e-02 2.651342740100136666e-02 8.045061447428311641e-02 0.000000000000000000e+00
5.190000000000000000e+02 2.076028731802119776e-01 8.692535275375512516e-01 2.469276285844333035e-02 2.674101046882111990e-02 7.931269913518433634e-02 0.000000000000000000e+00
5.220000000000000000e+02 2.088028897881901713e-01 8.725534820209376319e-01 2.344105598543468408e-02 2.651342740100136666e-02 7.749203459262631044e-02 0.000000000000000000e+00
5.250000000000000000e+02 2.100029063961681430e-01 8.708466090122894965e-01 2.401001365498407064e-02 2.537551206190259354e-02 7.976786527082385669e-02 0.000000000000000000e+00
5.280000000000000000e+02 2.112029230041463368e-01 8.744879380974055483e-01 2.366863905325443732e-02 2.594446973145198010e-02 7.589895311788802390e-02 0.000000000000000000e+00
5.310000000000000000e+02 2.124029396121243085e-01 8.757396449704142327e-01 2.378243058716431393e-02 2.594446973145198010e-02 7.453345471096950448e-02 0.000000000000000000e+00
5.340000000000000000e+02 2.136029562201025023e-01 8.776741010468821491e-01 2.366863905325443732e-02 2.571688666363222686e-02 7.294037323623121793e-02 0.000000000000000000e+00
5.370000000000000000e+02 2.148029728280806960e-01 8.777878925807920396e-01 2.492034592626308706e-02 2.639963586709149004e-02 7.089212562585343880e-02 0.000000000000000000e+00
5.400000000000000000e+02 2.160029894360586677e-01 8.804050978607191880e-01 2.401001365498407064e-02 2.753755120619025970e-02 6.804733727810650945e-02 0.000000000000000000e+00
5.430000000000000000e+02 2.172030060440368615e-01 8.838188438780154588e-01 2.309968138370505075e-02 2.696859353664087314e-02 6.611288120163859305e-02 0.000000000000000000e+00
5.460000000000000000e+02 2.184030226520148332e-01 8.860946745562130467e-01 2.218934911242603433e-02 2.674101046882111990e-02 6.497496586253982687e-02 0.000000000000000000e+00
5.490000000000000000e+02 2.196030392599930270e-01 8.905325443786982209e-01 2.116522530723714129e-02 2.833409194355939950e-02 5.996813837050523482e-02 0.000000000000000000e+00
5.520000000000000000e+02 2.208030558679709987e-01 8.911015020482475624e-01 2.184797451069640448e-02 2.719617660446062984e-02 5.985434683659535821e-02 0.000000000000000000e+00
5.550000000000000000e+02 2.220030724759491925e-01 8.909877105143377829e-01 2.241693218024579104e-02 2.856167501137915274e-02 5.803368229403732537e-02 0.000000000000000000e+00
5.580000000000000000e+02 2.232030890839273862e-01 8.933773327264451503e-01 2.230314064633591095e-02 2.844788347746927612e-02 5.587164314974965573e-02 0.000000000000000000e+00
5.610000000000000000e+02 2.244031056919053579e-01 8.971324533454710926e-01 2.105143377332726468e-02 2.799271734182976618e-02 5.382339553937186966e-02 0.000000000000000000e+00
5.640000000000000000e+02 2.256031222998835517e-01 8.972462448793809831e-01 2.093764223941738806e-02 2.878925807919890598e-02 5.302685480200273332e-02 0.000000000000000000e+00
5.670000000000000000e+02 2.268031389078615234e-01 9.027082385070550608e-01 2.082385070550751144e-02 2.765134274010013632e-02 4.881656804733727761e-02 0.000000000000000000e+00
5.700000000000000000e+02 2.280031555158397172e-01 9.065771506599908935e-01 1.786527082385070547e-02 2.662721893491124328e-02 4.893035958124715423e-02 0.000000000000000000e+00
5.730000000000000000e+02 2.292031721238179109e-01 9.057806099226217711e-01 1.820664542558033533e-02 2.696859353664087314e-02 4.904415111515703085e-02 0.000000000000000000e+00
5.760000000000000000e+02 2.304031887317958827e-01 9.086253982703687004e-01 1.763768775603095224e-02 2.514792899408284030e-02 4.858898497951752438e-02 0.000000000000000000e+00
5.790000000000000000e+02 2.316032053397740764e-01 9.095357305416477134e-01 1.763768775603095224e-02 2.560309512972235024e-02 4.722348657259899801e-02 0.000000000000000000e+00
5.820000000000000000e+02 2.328032219477520481e-01 9.126081019572144237e-01 1.775147928994082885e-02 2.605826126536185672e-02 4.358215748748293233e-02 0.000000000000000000e+00
5.850000000000000000e+02 2.340032385557302419e-01 9.159080564406008040e-01 1.820664542558033533e-02 2.526172052799271692e-02 4.039599453800637313e-02 2.275830678197542133e-04
5.880000000000000000e+02 2.352032551637084357e-01 9.195493855257168558e-01 1.684114701866181243e-02 2.526172052799271692e-02 3.823395539371871044e-02 1.137915339098771066e-04
5.910000000000000000e+02 2.364032717716864074e-01 9.238734638142922506e-01 1.604460628129267263e-02 2.378243058716431393e-02 3.618570778334091742e-02 1.137915339098771066e-04
5.940000000000000000e+02 2.376032883796646011e-01 9.217114246700045532e-01 1.570323167956303931e-02 2.366863905325443732e-02 3.880291306326809353e-02 1.137915339098771066e-04
5.970000000000000000e+02 2.388033049876425729e-01 9.228493400091033472e-01 1.536185707783340945e-02 2.480655439235321044e-02 3.686845698680018407e-02 1.137915339098771066e-04
6.000000000000000000e+02 2.400033215956207666e-01 9.226217569412835662e-01 1.536185707783340945e-02 2.583067819754210348e-02 3.618570778334091742e-02 0.000000000000000000e+00
6.030000000000000000e+02 2.412033382035989604e-01 9.295630405097861093e-01 1.479289940828402289e-02 2.366863905325443732e-02 3.197542102867546865e-02 0.000000000000000000e+00
6.060000000000000000e+02 2.424033548115769321e-01 9.293354574419663283e-01 1.411015020482476144e-02 2.423759672280382388e-02 3.231679563040509851e-02 0.000000000000000000e+00
6.090000000000000000e+02 2.436033714195551259e-01 9.296768320436959998e-01 1.536185707783340945e-02 2.378243058716431393e-02 3.117888029130632538e-02 0.000000000000000000e+00
6.120000000000000000e+02 2.448033880275330976e-01 9.286527082385070964e-01 1.570323167956303931e-02 2.378243058716431393e-02 3.186162949476559203e-02 0.000000000000000000e+00
6.150000000000000000e+02 2.460034046355112913e-01 9.269458352298588499e-01 1.547564861174328607e-02 2.560309512972235024e-02 3.197542102867546865e-02 0.000000000000000000e+00
6.180000000000000000e+02 2.472034212434894851e-01 9.301319981793354508e-01 1.513427401001365448e-02 2.503413746017296368e-02 2.969959035047792587e-02 0.000000000000000000e+00
6.210000000000000000e+02 2.484034378514674568e-01 9.335457441966317216e-01 1.490669094219390124e-02 2.355484751934456070e-02 2.799271734182976618e-02 0.000000000000000000e+00
6.240000000000000000e+02 2.496034544594456506e-01 9.345698680018206250e-01 1.490669094219390124e-02 2.332726445152480746e-02 2.719617660446062984e-02 0.000000000000000000e+00
6.270000000000000000e+02 2.508034710674236223e-01 9.345698680018206250e-01 1.502048247610377786e-02 2.469276285844333035e-02 2.571688666363222686e-02 0.000000000000000000e+00
6.300000000000000000e+02 2.520034876754018160e-01 9.357077833409194190e-01 1.524806554392353283e-02 2.378243058716431393e-02 2.526172052799271692e-02 0.000000000000000000e+00
6.330000000000000000e+02 2.532035042833800098e-01 9.359353664087392000e-01 1.570323167956303931e-02 2.309968138370505075e-02 2.526172052799271692e-02 0.000000000000000000e+00
6.360000000000000000e+02 2.544035208913579815e-01 9.349112426035502965e-01 1.479289940828402289e-02 2.560309512972235024e-02 2.469276285844333035e-02 0.000000000000000000e+00
6.390000000000000000e+02 2.556035374993361753e-01 9.368456986800182129e-01 1.422394173873463806e-02 2.503413746017296368e-02 2.389622212107419055e-02 0.000000000000000000e+00
6.420000000000000000e+02 2.568035541073141470e-01 9.395766954938552518e-01 1.365498406918525323e-02 2.366863905325443732e-02 2.309968138370505075e-02 0.000000000000000000e+00
6.450000000000000000e+02 2.580035707152923408e-01 9.407146108329540457e-01 1.399635867091488309e-02 2.264451524806554428e-02 2.264451524806554428e-02 0.000000000000000000e+00
6.480000000000000000e+02 2.592035873232705345e-01 9.396904870277651423e-01 1.388256713700500647e-02 2.309968138370505075e-02 2.332726445152480746e-02 0.000000000000000000e+00
6.510000000000000000e+02 2.604036039312485062e-01 9.415111515703231682e-01 1.433773327264451468e-02 2.230314064633591095e-02 2.184797451069640448e-02 0.000000000000000000e+00
6.540000000000000000e+02 2.616036205392267000e-01 9.417387346381429492e-01 1.490669094219390124e-02 2.207555757851615771e-02 2.127901684114701791e-02 0.000000000000000000e+00
6.570000000000000000e+02 2.628036371472046717e-01 9.416249431042330587e-01 1.399635867091488309e-02 2.162039144287665124e-02 2.275830678197542090e-02 0.000000000000000000e+00
6.600000000000000000e+02 2.640036537551828655e-01 9.442421483841602070e-01 1.342740100136549826e-02 2.116522530723714129e-02 2.116522530723714129e-02 0.000000000000000000e+00
6.630000000000000000e+02 2.652036703631608372e-01 9.489076012744651623e-01 1.285844333181611343e-02 1.945835229858898507e-02 1.877560309512972189e-02 0.000000000000000000e+00
6.660000000000000000e+02 2.664036869711390310e-01 9.503868912152936277e-01 1.319981793354574502e-02 1.911697769685935522e-02 1.729631315430131891e-02 0.000000000000000000e+00
6.690000000000000000e+02 2.676037035791172247e-01 9.476558944014564778e-01 1.422394173873463806e-02 1.923076923076923184e-02 1.888939462903959851e-02 0.000000000000000000e+00
6.720000000000000000e+02 2.688037201870951964e-01 9.470869367319071364e-01 1.433773327264451468e-02 1.979972690031861493e-02 1.877560309512972189e-02 0.000000000000000000e+00
6.750000000000000000e+02 2.700037367950733902e-01 9.475421028675466983e-01 1.388256713700500647e-02 1.900318616294947513e-02 1.957214383249886169e-02 0.000000000000000000e+00
6.780000000000000000e+02 2.712037534030513619e-01 9.476558944014564778e-01 1.297223486572599005e-02 1.809285389167045871e-02 2.127901684114701791e-02 0.000000000000000000e+00
6.810000000000000000e+02 2.724037700110295557e-01 9.468593536640873554e-01 1.285844333181611343e-02 1.809285389167045871e-02 2.218934911242603433e-02 0.000000000000000000e+00
