# itime ezz other fcc hcp bcc ico
0.000000000000000000e+00 0.000000000000000000e+00 1.251706873008648227e-03 9.987482931269913156e-01 0.000000000000000000e+00 0.000000000000000000e+00 0.000000000000000000e+00
2.500000000000000000e+01 9.999406684788603172e-04 6.827492034592626399e-04 9.993172507965407680e-01 0.000000000000000000e+00 0.000000000000000000e+00 0.000000000000000000e+00
5.000000000000000000e+01 1.999881336957720634e-03 2.162039144287664864e-03 9.978379608557123026e-01 0.000000000000000000e+00 0.000000000000000000e+00 0.000000000000000000e+00
7.500000000000000000e+01 2.999822005436580952e-03 2.275830678197541916e-03 9.977241693218024121e-01 0.000000000000000000e+00 0.000000000000000000e+00 0.000000000000000000e+00
1.000000000000000000e+02 3.999762673915663314e-03 1.706873008648156654e-03 9.982931269913518646e-01 0.000000000000000000e+00 0.000000000000000000e+00 0.000000000000000000e+00
1.250000000000000000e+02 4.999703342394523631e-03 1.479289940828402332e-03 9.985207100591716456e-01 0.000000000000000000e+00 0.000000000000000000e+00 0.000000000000000000e+00
1.500000000000000000e+02 5.999644010873383948e-03 1.137915339098770958e-03 9.988620846609012061e-01 0.000000000000000000e+00 0.000000000000000000e+00 0.000000000000000000e+00
1.750000000000000000e+02 6.999584679352244265e-03 1.024123805188893906e-03 9.989758761948110966e-01 0.000000000000000000e+00 0.000000000000000000e+00 0.000000000000000000e+00
2.000000000000000000e+02 7.999525347831104582e-03 7.965407373691396923e-04 9.992034592626308775e-01 0.000000000000000000e+00 0.000000000000000000e+00 0.000000000000000000e+00
2.250000000000000000e+02 8.999466016309964900e-03 6.827492034592626399e-04 9.993172507965407680e-01 0.000000000000000000e+00 0.000000000000000000e+00 0.000000000000000000e+00
2.500000000000000000e+02 9.999406684789047262e-03 2.503413746017296455e-03 9.974965862539827421e-01 0.000000000000000000e+00 0.000000000000000000e+00 0.000000000000000000e+00
2.750000000000000000e+02 1.099934735326790758e-02 2.844788347746927612e-03 9.970414201183431802e-01 0.000000000000000000e+00 1.137915339098771066e-04 0.000000000000000000e+00
3.000000000000000000e+02 1.199928802174676790e-02 1.479289940828402332e-03 9.985207100591716456e-01 0.000000000000000000e+00 0.000000000000000000e+00 0.000000000000000000e+00
3.250000000000000000e+02 1.299922869022562821e-02 1.024123805188893906e-03 9.989758761948110966e-01 0.000000000000000000e+00 0.000000000000000000e+00 0.000000000000000000e+00
3.500000000000000000e+02 1.399916935870448853e-02 1.820664542558033706e-03 9.981793354574419741e-01 0.000000000000000000e+00 0.000000000000000000e+00 0.000000000000000000e+00
3.750000000000000000e+02 1.499911002718334885e-02 1.820664542558033706e-03 9.981793354574419741e-01 0.000000000000000000e+00 0.000000000000000000e+00 0.000000000000000000e+00
4.000000000000000000e+02 1.599905069566243121e-02 3.413746017296313199e-04 9.996586253982703285e-01 0.000000000000000000e+00 0.000000000000000000e+00 0.000000000000000000e+00
4.250000000000000000e+02 1.699899136414129153e-02 2.275830678197542133e-04 9.997724169321802190e-01 0.000000000000000000e+00 0.000000000000000000e+00 0.000000000000000000e+00
4.500000000000000000e+02 1.799893203262015184e-02 1.137915339098770958e-03 9.988620846609012061e-01 0.000000000000000000e+00 0.000000000000000000e+00 0.000000000000000000e+00
4.750000000000000000e+02 1.899887270109901216e-02 2.389622212107419402e-03 9.976103777878926326e-01 0.000000000000000000e+00 0.000000000000000000e+00 0.000000000000000000e+00
5.000000000000000000e+02 1.999881336957787248e-02 2.617205279927173507e-03 9.973827947200728516e-01 0.000000000000000000e+00 0.000000000000000000e+00 0.000000000000000000e+00
5.250000000000000000e+02 2.099875403805673280e-02 2.162039144287664864e-03 9.978379608557123026e-01 0.000000000000000000e+00 0.000000000000000000e+00 0.000000000000000000e+00
5.500000000000000000e+02 2.199869470653559311e-02 3.527537551206190360e-03 9.964724624487938387e-01 0.000000000000000000e+00 0.000000000000000000e+00 0.000000000000000000e+00
5.750000000000000000e+02 2.299863537501467547e-02 3.527537551206190360e-03 9.964724624487938387e-01 0.000000000000000000e+00 0.000000000000000000e+00 0.000000000000000000e+00
6.000000000000000000e+02 2.399857604349353579e-02 2.617205279927173507e-03 9.973827947200728516e-01 0.000000000000000000e+00 0.000000000000000000e+00 0.000000000000000000e+00
6.250000000000000000e+02 2.499851671197239611e-02 2.958579881656804664e-03 9.970414201183431802e-01 0.000000000000000000e+00 0.000000000000000000e+00 0.000000000000000000e+00
6.500000000000000000e+02 2.599845738045125643e-02 3.299954483386436255e-03 9.967000455166135087e-01 0.000000000000000000e+00 0.000000000000000000e+00 0.000000000000000000e+00
6.750000000000000000e+02 2.699839804893011674e-02 2.958579881656804664e-03 9.970414201183431802e-01 0.000000000000000000e+00 0.000000000000000000e+00 0.000000000000000000e+00
7.000000000000000000e+02 2.799833871740897706e-02 3.641329085116067413e-03 9.963586709148839482e-01 0.000000000000000000e+00 0.000000000000000000e+00 0.000000000000000000e+00
7.250000000000000000e+02 2.899827938588805942e-02 4.096495220755575623e-03 9.957897132453344957e-01 0.000000000000000000e+00 1.137915339098771066e-04 0.000000000000000000e+00
7.500000000000000000e+02 2.999822005436691974e-02 4.096495220755575623e-03 9.957897132453344957e-01 0.000000000000000000e+00 1.137915339098771066e-04 0.000000000000000000e+00
7.750000000000000000e+02 3.099816072284578006e-02 4.210286754665453109e-03 9.955621301775148257e-01 0.000000000000000000e+00 2.275830678197542133e-04 0.000000000000000000e+00
8.000000000000000000e+02 3.199810139132464037e-02 5.689576695493855224e-03 9.940828402366863603e-01 0.000000000000000000e+00 2.275830678197542133e-04 0.000000000000000000e+00
8.250000000000000000e+02 3.299804205980350069e-02 6.144742831133363434e-03 9.937414656349567998e-01 0.000000000000000000e+00 1.137915339098771066e-04 0.000000000000000000e+00
8.500000000000000000e+02 3.399798272828236101e-02 7.737824305871643035e-03 9.920345926263085534e-01 0.000000000000000000e+00 2.275830678197542133e-04 0.000000000000000000e+00
8.750000000000000000e+02 3.499792339676122133e-02 3.755120619025944465e-03 9.960172963131542767e-01 0.000000000000000000e+00 2.275830678197542133e-04 0.000000000000000000e+00
9.000000000000000000e+02 3.599786406524030369e-02 5.461993627674101119e-03 9.945380063723259223e-01 0.000000000000000000e+00 0.000000000000000000e+00 0.000000000000000000e+00
9.250000000000000000e+02 3.699780473371916401e-02 7.851615839781519654e-03 9.915794264906691025e-01 0.000000000000000000e+00 5.689576695493854790e-04 0.000000000000000000e+00
9.500000000000000000e+02 3.799774540219802432e-02 6.030951297223486815e-03 9.938552571688666903e-01 0.000000000000000000e+00 1.137915339098771066e-04 0.000000000000000000e+00
9.750000000000000000e+02 3.899768607067688464e-02 9.103322712790167665e-03 9.907828857532999800e-01 0.000000000000000000e+00 1.137915339098771066e-04 0.000000000000000000e+00
1.000000000000000000e+03 3.999762673915574496e-02 6.486117432862995025e-03 9.929449248975875664e-01 0.000000000000000000e+00 5.689576695493854790e-04 0.000000000000000000e+00
1.025000000000000000e+03 4.099756740763460527e-02 9.103322712790167665e-03 9.906690942193900895e-01 0.000000000000000000e+00 2.275830678197542133e-04 0.000000000000000000e+00
1.050000000000000000e+03 4.199750807611368764e-02 9.330905780609922637e-03 9.903277196176604180e-01 0.000000000000000000e+00 3.413746017296313199e-04 0.000000000000000000e+00
1.075000000000000000e+03 4.299744874459254795e-02 7.737824305871643035e-03 9.919208010923987739e-01 0.000000000000000000e+00 3.413746017296313199e-04 0.000000000000000000e+00
1.100000000000000000e+03 4.399738941307140827e-02 1.183431952662721866e-02 9.878243058716431602e-01 0.000000000000000000e+00 3.413746017296313199e-04 0.000000000000000000e+00
1.125000000000000000e+03 4.499733008155026859e-02 8.761948111060537808e-03 9.911242603550295405e-01 0.000000000000000000e+00 1.137915339098771066e-04 0.000000000000000000e+00
1.150000000000000000e+03 4.599727075002912891e-02 7.396449704142011444e-03 9.921483841602184439e-01 0.000000000000000000e+00 4.551661356395084266e-04 0.000000000000000000e+00
1.175000000000000000e+03 4.699721141850798922e-02 1.331360946745562164e-02 9.863450159308146947e-01 0.000000000000000000e+00 3.413746017296313199e-04 0.000000000000000000e+00
1.200000000000000000e+03 4.799715208698707158e-02 1.456531634046426965e-02 9.845243513882566688e-01 0.000000000000000000e+00 9.103322712790168532e-04 0.000000000000000000e+00
1.225000000000000000e+03 4.899709275546593190e-02 1.285844333181611343e-02 9.866863905325443662e-01 0.000000000000000000e+00 4.551661356395084266e-04 0.000000000000000000e+00
1.250000000000000000e+03 4.999703342394479222e-02 1.627218934911242587e-02 9.832726445152480954e-01 0.000000000000000000e+00 4.551661356395084266e-04 0.000000000000000000e+00
1.275000000000000000e+03 5.099697409242365254e-02 1.638598088302230249e-02 9.835002275830677654e-01 0.000000000000000000e+00 1.137915339098771066e-04 0.000000000000000000e+00
1.300000000000000000e+03 5.199691476090251285e-02 2.207555757851615771e-02 9.773554847519344557e-01 0.000000000000000000e+00 5.689576695493854790e-04 0.000000000000000000e+00
1.325000000000000000e+03 5.299685542938137317e-02 1.672735548475193582e-02 9.824761037778789730e-01 0.000000000000000000e+00 7.965407373691396923e-04 0.000000000000000000e+00
1.350000000000000000e+03 5.399679609786023349e-02 1.843422849340009204e-02 9.808830223031406170e-01 0.000000000000000000e+00 6.827492034592626399e-04 0.000000000000000000e+00
1.375000000000000000e+03 5.499673676633931585e-02 2.298588984979517413e-02 9.757624032771962108e-01 0.000000000000000000e+00 1.251706873008648227e-03 0.000000000000000000e+00
1.400000000000000000e+03 5.599667743481817617e-02 2.503413746017296368e-02 9.742831133363677454e-01 0.000000000000000000e+00 6.827492034592626399e-04 0.000000000000000000e+00
1.425000000000000000e+03 5.699661810329703648e-02 2.071005917159763482e-02 9.783796085571233592e-01 0.000000000000000000e+00 9.103322712790168532e-04 0.000000000000000000e+00
1.450000000000000000e+03 5.799655877177589680e-02 1.979972690031861493e-02 9.784934000910332497e-01 0.000000000000000000e+00 1.706873008648156654e-03 0.000000000000000000e+00
1.475000000000000000e+03 5.899649944025475712e-02 2.696859353664087314e-02 9.715521165225307065e-01 0.000000000000000000e+00 1.479289940828402332e-03 0.000000000000000000e+00
1.500000000000000000e+03 5.999644010873361744e-02 2.776513427401001294e-02 9.709831588529813651e-01 0.000000000000000000e+00 1.251706873008648227e-03 0.000000000000000000e+00
1.525000000000000000e+03 6.099638077721269980e-02 2.048247610377787811e-02 9.779244424214837972e-01 0.000000000000000000e+00 1.593081474738279385e-03 0.000000000000000000e+00
1.550000000000000000e+03 6.199632144569156011e-02 2.309968138370505075e-02 9.749658625398270884e-01 0.000000000000000000e+00 1.934456076467910759e-03 0.000000000000000000e+00
1.575000000000000000e+03 6.299626211417042043e-02 3.447883477469276120e-02 9.626763768775603580e-01 0.000000000000000000e+00 2.844788347746927612e-03 0.000000000000000000e+00
1.600000000000000000e+03 6.399620278264928075e-02 3.493400091033227461e-02 9.616522530723714546e-01 0.000000000000000000e+00 3.413746017296313308e-03 0.000000000000000000e+00
1.625000000000000000e+03 6.499614345112814107e-02 3.698224852071006069e-02 9.609695038689121116e-01 0.000000000000000000e+00 2.048247610377787811e-03 0.000000000000000000e+00
1.650000000000000000e+03 6.599608411960700138e-02 3.641329085116067066e-02 9.604005461993627701e-01 0.000000000000000000e+00 3.186162949476558769e-03 0.000000000000000000e+00
1.675000000000000000e+03 6.699602478808608375e-02 4.187528447883477611e-02 9.547109695038689114e-01 0.000000000000000000e+00 3.413746017296313308e-03 0.000000000000000000e+00
1.700000000000000000e+03 6.799596545656494406e-02 4.654073736913973830e-02 9.498179335457441752e-01 0.000000000000000000e+00 3.641329085116067413e-03 0.000000000000000000e+00
1.725000000000000000e+03 6.899590612504380438e-02 5.689576695493855224e-02 9.394629039599453613e-01 0.000000000000000000e+00 3.641329085116067413e-03 0.000000000000000000e+00
1.750000000000000000e+03 6.999584679352266470e-02 4.710969503868912139e-02 9.483386436049158208e-01 0.000000000000000000e+00 4.551661356395083832e-03 0.000000000000000000e+00
1.775000000000000000e+03 7.099578746200152501e-02 5.188893946290396020e-02 9.440145653163404260e-01 0.000000000000000000e+00 4.096495220755575623e-03 0.000000000000000000e+00
1.800000000000000000e+03 7.199572813048038533e-02 6.474738279472007363e-02 9.308147473827946827e-01 0.000000000000000000e+00 4.437869822485207214e-03 0.000000000000000000e+00
1.825000000000000000e+03 7.299566879895924565e-02 6.941283568502502888e-02 9.251251706873008240e-01 0.000000000000000000e+00 5.461993627674101119e-03 0.000000000000000000e+00
1.850000000000000000e+03 7.399560946743832801e-02 6.918525261720527564e-02 9.244424214838415921e-01 0.000000000000000000e+00 6.372325898953117539e-03 0.000000000000000000e+00
1.875000000000000000e+03 7.499555013591718833e-02 8.204369594902138907e-02 9.116977696859354108e-01 0.000000000000000000e+00 6.258534365043240920e-03 0.000000000000000000e+00
1.900000000000000000e+03 7.599549080439604865e-02 6.338188438780155420e-02 9.318388711879835862e-01 0.000000000000000000e+00 4.779244424214838804e-03 0.000000000000000000e+00
1.925000000000000000e+03 7.699543147287490896e-02 7.680928538916705073e-02 9.173873463814292695e-01 0.000000000000000000e+00 5.803368229403732710e-03 0.000000000000000000e+00
1.950000000000000000e+03 7.799537214135376928e-02 8.443331816112881194e-02 9.083978152025489194e-01 0.000000000000000000e+00 7.168866636322257339e-03 0.000000000000000000e+00
1.975000000000000000e+03 7.899531280983262960e-02 8.716431497496586467e-02 9.068047337278106745e-01 0.000000000000000000e+00 6.030951297223486815e-03 0.000000000000000000e+00
2.000000000000000000e+03 7.999525347831171196e-02 1.015020482476103741e-01 8.887118798361401950e-01 0.000000000000000000e+00 9.786071916249430847e-03 0.000000000000000000e+00
2.025000000000000000e+03 8.099519414679057228e-02 1.119708693673190647e-01 8.783568502503413811e-01 0.000000000000000000e+00 9.672280382339554228e-03 0.000000000000000000e+00
2.050000000000000000e+03 8.199513481526943259e-02 1.156121984524351443e-01 8.725534820209376319e-01 0.000000000000000000e+00 1.183431952662721866e-02 0.000000000000000000e+00
2.075000000000000000e+03 8.299507548374829291e-02 1.184569868001820597e-01 8.683431952662722386e-01 0.000000000000000000e+00 1.319981793354574502e-02 0.000000000000000000e+00
2.100000000000000000e+03 8.399501615222715323e-02 1.345015930814747462e-01 8.508192990441511006e-01 0.000000000000000000e+00 1.467910787437414627e-02 0.000000000000000000e+00
2.125000000000000000e+03 8.499495682070601354e-02 1.467910787437414766e-01 8.339781520254893055e-01 0.000000000000000000e+00 1.923076923076923184e-02 0.000000000000000000e+00
2.150000000000000000e+03 8.599489748918487386e-02 1.673873463814292140e-01 8.111060537096039802e-01 0.000000000000000000e+00 2.150659990896677115e-02 0.000000000000000000e+00
2.175000000000000000e+03 8.699483815766395622e-02 1.780837505689576716e-01 7.964269458352298825e-01 0.000000000000000000e+00 2.548930359581247015e-02 0.000000000000000000e+00
2.200000000000000000e+03 8.799477882614281654e-02 1.997041420118343125e-01 7.650204824761037692e-01 1.137915339098771066e-04 3.516158397815202785e-02 0.000000000000000000e+00
2.225000000000000000e+03 8.899471949462167686e-02 2.052799271734183084e-01 7.532999544833864913e-01 1.137915339098771066e-04 4.130632680928538608e-02 0.000000000000000000e+00
2.250000000000000000e+03 8.999466016310053718e-02 2.157487482931269851e-01 7.340691852526172179e-01 1.137915339098771066e-04 5.006827492034592736e-02 0.000000000000000000e+00
2.275000000000000000e+03 9.099460083157939749e-02 2.346381429221665871e-01 7.096040054619936477e-01 2.275830678197542133e-04 5.553026854802002588e-02 0.000000000000000000e+00
2.300000000000000000e+03 9.199454150005825781e-02 2.498862084660901095e-01 6.928766499772417431e-01 7.965407373691396923e-04 5.644060081929904577e-02 0.000000000000000000e+00
2.325000000000000000e+03 9.299448216853734017e-02 2.767410104688211026e-01 6.508875739644970349e-01 4.551661356395084266e-04 7.191624943104232837e-02 0.000000000000000000e+00
2.350000000000000000e+03 9.399442283701620049e-02 2.907373691397360238e-01 6.305188893946290785e-01 4.551661356395084266e-04 7.828857532999544677e-02 0.000000000000000000e+00
2.375000000000000000e+03 9.499436350549506081e-02 3.071233500227583124e-01 5.994538006372326366e-01 4.551661356395084266e-04 9.296768320436959998e-02 0.000000000000000000e+00
2.400000000000000000e+03 9.599430417397392112e-02 3.116750113791533772e-01 5.830678197542102925e-01 1.137915339098770958e-03 1.041192535275375503e-01 0.000000000000000000e+00
2.425000000000000000e+03 9.699424484245278144e-02 3.287437414656349532e-01 5.540509786071916576e-01 1.593081474738279385e-03 1.156121984524351443e-01 0.000000000000000000e+00
2.450000000000000000e+03 9.799418551093164176e-02 3.450159308147474069e-01 5.213928083750568598e-01 2.730996813837050560e-03 1.308602639963586667e-01 0.000000000000000000e+00
2.475000000000000000e+03 9.899412617941072412e-02 3.715293582157487284e-01 4.805416477014110010e-01 2.275830678197541916e-03 1.456531634046426826e-01 0.000000000000000000e+00
2.500000000000000000e+03 9.999406684788958444e-02 3.726672735548475224e-01 4.649522075557578349e-01 3.982703686845699004e-03 1.583978152025489194e-01 0.000000000000000000e+00
2.525000000000000000e+03 1.009940075163684448e-01 3.838188438780154588e-01 4.377560309512972259e-01 5.120619025944469528e-03 1.733045061447428259e-01 0.000000000000000000e+00
2.550000000000000000e+03 1.019939481848473051e-01 3.855257168866636497e-01 4.277423759672280279e-01 6.941283568502503235e-03 1.797906235776058348e-01 0.000000000000000000e+00
2.575000000000000000e+03 1.029938888533261654e-01 3.996358670914884059e-01 3.917842512517068498e-01 8.306781975421027864e-03 2.002730996813837094e-01 0.000000000000000000e+00
2.600000000000000000e+03 1.039938295218050257e-01 4.189804278561675144e-01 3.593536640873918886e-01 1.342740100136549826e-02 2.082385070550751005e-01 0.000000000000000000e+00
2.625000000000000000e+03 1.049937701902838860e-01 4.114701866181156298e-01 3.537778789258079204e-01 2.127901684114701791e-02 2.134729176149294527e-01 0.000000000000000000e+00
2.650000000000000000e+03 1.059937108587629684e-01 4.127218934911242587e-01 3.442193900773782289e-01 2.173418297678652786e-02 2.213245334547109811e-01 0.000000000000000000e+00
2.675000000000000000e+03 1.069936515272418287e-01 4.107874374146563423e-01 3.323850705507510050e-01 2.184797451069640448e-02 2.349795175238962308e-01 0.000000000000000000e+00
2.700000000000000000e+03 1.079935921957206890e-01 4.157942649066909691e-01 3.139508420573509095e-01 2.992717341829767910e-02 2.403277196176604458e-01 0.000000000000000000e+00
2.725000000000000000e+03 1.089935328641995493e-01 4.146563495675921751e-01 3.109922621756941452e-01 3.299954483386435822e-02 2.413518434228493492e-01 0.000000000000000000e+00
2.750000000000000000e+03 1.099934735326784097e-01 4.262630860263996180e-01 2.873236231224396975e-01 3.777878925807919702e-02 2.486345015930814806e-01 0.000000000000000000e+00
2.775000000000000000e+03 1.109934142011572700e-01 4.238734638142921951e-01 2.795857988165680319e-01 3.686845698680018407e-02 2.596722803823395265e-01 0.000000000000000000e+00
2.800000000000000000e+03 1.119933548696363523e-01 4.301319981793354508e-01 2.655894401456531662e-01 3.891670459717797015e-02 2.653618570778333852e-01 0.000000000000000000e+00
2.825000000000000000e+03 1.129932955381152127e-01 4.253527537551206050e-01 2.569412835685024876e-01 4.710969503868912139e-02 2.705962676376877374e-01 0.000000000000000000e+00
2.850000000000000000e+03 1.139932362065940730e-01 4.375284478834774449e-01 2.420345926263086089e-01 5.302685480200273332e-02 2.674101046882111921e-01 0.000000000000000000e+00
2.875000000000000000e+03 1.149931768750729333e-01 4.396904870277651423e-01 2.322485207100591642e-01 5.268548020027309653e-02 2.753755120619025831e-01 0.000000000000000000e+00
2.900000000000000000e+03 1.159931175435517936e-01 4.275147928994083024e-01 2.299726900318616318e-01 5.416477014110149951e-02 2.883477469276286009e-01 0.000000000000000000e+00
2.925000000000000000e+03 1.169930582120306539e-01 4.530040964952207760e-01 2.052799271734183084e-01 5.405097860719162289e-02 2.876649977241693135e-01 0.000000000000000000e+00
2.950000000000000000e+03 1.179929988805097363e-01 4.382111970869367323e-01 2.011834319526627224e-01 5.496131087847064278e-02 3.056440600819299025e-01 0.000000000000000000e+00
2.975000000000000000e+03 1.189929395489885966e-01 4.457214383249886169e-01 1.871870732817478289e-01 6.190259444697314428e-02 3.051888939462903960e-01 0.000000000000000000e+00
3.000000000000000000e+03 1.199928802174674569e-01 4.514110150204824756e-01 1.805871643149749572e-01 6.645425580336822291e-02 3.015475648611743442e-01 0.000000000000000000e+00
3.025000000000000000e+03 1.209928208859463172e-01 4.482248520710059303e-01 1.851388256713700498e-01 6.577150659990896320e-02 3.008648156577150568e-01 0.000000000000000000e+00
3.050000000000000000e+03 1.219927615544251776e-01 4.478834774692762588e-01 1.799044151115156975e-01 7.396449704142012138e-02 2.982476103777879084e-01 0.000000000000000000e+00
3.075000000000000000e+03 1.229927022229040379e-01 4.402594446973145392e-01 1.753527537551206328e-01 7.692307692307692735e-02 3.074647246244879284e-01 0.000000000000000000e+00
3.100000000000000000e+03 1.239926428913828982e-01 4.505006827492034627e-01 1.632908511606736557e-01 8.318161128812016913e-02 3.030268548020027541e-01 0.000000000000000000e+00
3.125000000000000000e+03 1.249925835598619805e-01 4.497041420118343402e-01 1.619253527537551085e-01 8.454710969503868856e-02 3.038233955393718766e-01 0.000000000000000000e+00
3.150000000000000000e+03 1.259925242283408409e-01 4.387801547564861293e-01 1.607874374146563423e-01 8.682294037323623481e-02 3.136094674556212936e-01 0.000000000000000000e+00
3.175000000000000000e+03 1.269924648968197012e-01 4.408284023668638807e-01 1.530496131087847045e-01 8.693673190714611143e-02 3.191852526172052618e-01 0.000000000000000000e+00
3.200000000000000000e+03 1.279924055652985615e-01 4.424214838416021811e-01 1.474738279472007363e-01 9.023668639053254725e-02 3.198680018206645492e-01 0.000000000000000000e+00
3.225000000000000000e+03 1.289923462337774218e-01 4.328629949931724896e-01 1.472462448793809831e-01 8.841602184797450747e-02 3.314747382794719921e-01 0.000000000000000000e+00
3.250000000000000000e+03 1.299922869022562821e-01 4.482248520710059303e-01 1.315430131998179264e-01 8.796085571233500100e-02 3.322712790168411701e-01 0.000000000000000000e+00
3.275000000000000000e+03 1.309922275707353645e-01 4.470869367319071364e-01 1.334774692762858428e-01 9.410559854346836617e-02 3.253299954483386269e-01 0.000000000000000000e+00
3.300000000000000000e+03 1.319921682392142248e-01 4.490213928083750528e-01 1.306326809285389134e-01 9.763313609467455523e-02 3.227127901684114786e-01 0.000000000000000000e+00
3.325000000000000000e+03 1.329921089076930851e-01 4.497041420118343402e-01 1.274465179790623681e-01 1.008192990441511144e-01 3.220300409649521911e-01 0.000000000000000000e+00
3.350000000000000000e+03 1.339920495761719454e-01 4.685935366408739422e-01 1.200500682749203463e-01 1.033227127901684139e-01 3.080336822940373254e-01 0.000000000000000000e+00
3.375000000000000000e+03 1.349919902446508058e-01 4.676832043695949293e-01 1.189121529358215801e-01 1.038916704597177970e-01 3.095129722348657353e-01 0.000000000000000000e+00
3.400000000000000000e+03 1.359919309131296661e-01 4.634729176149294250e-01 1.116294947655894348e-01 1.054847519344560697e-01 3.194128356850250428e-01 0.000000000000000000e+00
3.425000000000000000e+03 1.369918715816085264e-01 4.822485207100591920e-01 1.071916249431042328e-01 1.108329540282202985e-01 2.997269003186163183e-01 0.000000000000000000e+00
3.450000000000000000e+03 1.379918122500876088e-01 4.882794720072826666e-01 1.022985889849795244e-01 1.158397815202548975e-01 2.935821574874829532e-01 0.000000000000000000e+00
3.475000000000000000e+03 1.389917529185664691e-01 4.871415566681838727e-01 9.763313609467455523e-02 1.184569868001820597e-01 2.967683204369594985e-01 0.000000000000000000e+00
3.500000000000000000e+03 1.399916935870453294e-01 4.910104688211197055e-01 9.285389167045972336e-02 1.239189804278561652e-01 2.922166590805644337e-01 0.000000000000000000e+00
3.525000000000000000e+03 1.409916342555241897e-01 4.967000455166135642e-01 9.194355939918069653e-02 1.251706873008648080e-01 2.861857077833409035e-01 0.000000000000000000e+00
3.550000000000000000e+03 1.419915749240030500e-01 4.921483841602184994e-01 9.501593081474737912e-02 1.233500227583067821e-01 2.894856622667273394e-01 0.000000000000000000e+00
3.575000000000000000e+03 1.429915155924819103e-01 5.018206645425580259e-01 9.012289485662267063e-02 1.255120619025944517e-01 2.825443786982248517e-01 0.000000000000000000e+00
3.600000000000000000e+03 1.439914562609609927e-01 5.177514792899408080e-01 8.466090122894856518e-02 1.280154756486117373e-01 2.695721438324988894e-01 0.000000000000000000e+00
3.625000000000000000e+03 1.449913969294398530e-01 5.060309512972235302e-01 8.579881656804733137e-02 1.357532999544833752e-01 2.724169321802457633e-01 0.000000000000000000e+00
3.650000000000000000e+03 1.459913375979187133e-01 5.102412380518889234e-01 8.431952662721893532e-02 1.347291761492944995e-01 2.707100591715976279e-01 0.000000000000000000e+00
3.675000000000000000e+03 1.469912782663975737e-01 5.358443331816112876e-01 8.249886208466089554e-02 1.400773782430587144e-01 2.415794264906691025e-01 0.000000000000000000e+00
3.700000000000000000e+03 1.479912189348764340e-01 5.242375967228037892e-01 8.375056895766955223e-02 1.449704142011834229e-01 2.470414201183432079e-01 0.000000000000000000e+00
3.725000000000000000e+03 1.489911596033552943e-01 5.171825216203914666e-01 8.340919435593992237e-02 1.563495675921711403e-01 2.430587164314974846e-01 0.000000000000000000e+00
3.750000000000000000e+03 1.499911002718343767e-01 5.253755120619025831e-01 8.329540282203004575e-02 1.611288120163859861e-01 2.302002730996813851e-01 0.000000000000000000e+00
3.775000000000000000e+03 1.509910409403132370e-01 5.329995448338643582e-01 7.862994993172507663e-02 1.598771051433773294e-01 2.284934000910332219e-01 0.000000000000000000e+00
3.800000000000000000e+03 1.519909816087920973e-01 5.287892580791988539e-01 8.158852981338188259e-02 1.588529813381884259e-01 2.307692307692307820e-01 0.000000000000000000e+00
3.825000000000000000e+03 1.529909222772709576e-01 5.382339553937186549e-01 8.318161128812016913e-02 1.645425580336822846e-01 2.140418752844788219e-01 0.000000000000000000e+00
3.850000000000000000e+03 1.539908629457498179e-01 5.341374601729631522e-01 8.147473827947200598e-02 1.701183431952662806e-01 2.142694583522985752e-01 0.000000000000000000e+00
3.875000000000000000e+03 1.549908036142286782e-01 5.505234410559853853e-01 8.284023668639053928e-02 1.697769685935366368e-01 1.968593536640873831e-01 0.000000000000000000e+00
3.900000000000000000e+03 1.559907442827075386e-01 5.488165680473372499e-01 8.124715521165225274e-02 1.776285844333181652e-01 1.923076923076923184e-01 0.000000000000000000e+00
3.925000000000000000e+03 1.569906849511866209e-01 5.342512517068730427e-01 8.500227583067819503e-02 1.805871643149749572e-01 2.001593081474738189e-01 0.000000000000000000e+00
3.950000000000000000e+03 1.579906256196654812e-01 5.432407828857532817e-01 8.181611288120163583e-02 1.819526627218935044e-01 1.929904415111515781e-01 0.000000000000000000e+00
3.975000000000000000e+03 1.589905662881443416e-01 5.433545744196631722e-01 7.851615839781520001e-02 1.796768320436959443e-01 1.984524351388256835e-01 0.000000000000000000e+00
4.000000000000000000e+03 1.599905069566232019e-01 5.513199817933546187e-01 8.249886208466089554e-02 1.783113336367774249e-01 1.878698224852070886e-01 0.000000000000000000e+00
4.025000000000000000e+03 1.609904476251020622e-01 5.492717341829768118e-01 8.602639963586708460e-02 1.844560764679107900e-01 1.802457897132453413e-01 0.000000000000000000e+00
4.050000000000000000e+03 1.619903882935809225e-01 5.534820209376422051e-01 8.602639963586708460e-02 1.867319071461083224e-01 1.737596722803823324e-01 0.000000000000000000e+00
4.075000000000000000e+03 1.629903289620600049e-01 5.663404642694583879e-01 8.181611288120163583e-02 1.846836595357305433e-01 1.671597633136094607e-01 0.000000000000000000e+00
4.100000000000000000e+03 1.639902696305388652e-01 5.642922166590805810e-01 8.614019116977697510e-02 1.902594446973145115e-01 1.593081474738279601e-01 0.000000000000000000e+00
4.125000000000000000e+03 1.649902102990177255e-01 5.715748748293126846e-01 8.363677742375967561e-02 1.882111970869367323e-01 1.565771506599908935e-01 0.000000000000000000e+00
4.150000000000000000e+03 1.659901509674965858e-01 5.711197086936732337e-01 8.466090122894856518e-02 1.939007737824305910e-01 1.503186162949476656e-01 0.000000000000000000e+00
4.175000000000000000e+03 1.669900916359754461e-01 5.700955848884843302e-01 8.830223031406463086e-02 1.991351843422849432e-01 1.424670004551661373e-01 0.000000000000000000e+00
4.200000000000000000e+03 1.679900323044543065e-01 5.681611288120164138e-01 8.739189804278561791e-02 2.038006372325898985e-01 1.406463359126081114e-01 0.000000000000000000e+00
4.225000000000000000e+03 1.689899729729333888e-01 5.687300864815657553e-01 8.989531178880291740e-02 2.105143377332726329e-01 1.308602639963586667e-01 0.000000000000000000e+00
4.250000000000000000e+03 1.699899136414122491e-01 5.736231224396904915e-01 8.978152025489304078e-02 2.073281747837960876e-01 1.292671825216203940e-01 0.000000000000000000e+00
4.275000000000000000e+03 1.709898543098911095e-01 5.669094219390077294e-01 9.274010013654984674e-02 2.139280837505689592e-01 1.264223941738734647e-01 0.000000000000000000e+00
4.300000000000000000e+03 1.719897949783699698e-01 5.810195721438324856e-01 9.456076467910787264e-02 2.090350477924442507e-01 1.153846153846153910e-01 0.000000000000000000e+00
4.325000000000000000e+03 1.729897356468488301e-01 5.830678197542102925e-01 9.421939007737824279e-02 2.131315430131998090e-01 1.095812471552116557e-01 0.000000000000000000e+00
4.350000000000000000e+03 1.739896763153276904e-01 5.791989076012744597e-01 8.966772872098316416e-02 2.137005006827492060e-01 1.174328629949931702e-01 0.000000000000000000e+00
4.375000000000000000e+03 1.749896169838065507e-01 5.819299044151114986e-01 9.308147473827947660e-02 2.096040054619936199e-01 1.153846153846153910e-01 0.000000000000000000e+00
4.400000000000000000e+03 1.759895576522856331e-01 5.896677287209831642e-01 9.160218479745106668e-02 2.130177514792899462e-01 1.057123350022758368e-01 0.000000000000000000e+00
4.425000000000000000e+03 1.769894983207644934e-01 5.880746472462449193e-01 9.353664087391898307e-02 2.152935821574874786e-01 1.030951297223486607e-01 0.000000000000000000e+00
4.450000000000000000e+03 1.779894389892433537e-01 5.974055530268548297e-01 8.818843878015475424e-02 2.099453800637232637e-01 1.044606281292671801e-01 0.000000000000000000e+00
4.475000000000000000e+03 1.789893796577222140e-01 5.901228948566226151e-01 9.330905780609922984e-02 2.092626308602640040e-01 1.073054164770141095e-01 0.000000000000000000e+00
4.500000000000000000e+03 1.799893203262010744e-01 5.900091033227128356e-01 9.387801547564861293e-02 2.181383705052344080e-01 9.797451069640418508e-02 0.000000000000000000e+00
4.525000000000000000e+03 1.809892609946799347e-01 6.028675466545289074e-01 9.308147473827947660e-02 2.165452890304961353e-01 8.750568957669549452e-02 0.000000000000000000e+00
4.550000000000000000e+03 1.819892016631590170e-01 5.969503868912152678e-01 9.387801547564861293e-02 2.193900773782430647e-01 8.978152025489304078e-02 0.000000000000000000e+00
4.575000000000000000e+03 1.829891423316378773e-01 5.964952207555758168e-01 9.695038689121529552e-02 2.231451979972690070e-01 8.340919435593992237e-02 0.000000000000000000e+00
4.600000000000000000e+03 1.839890830001167377e-01 5.930814747382794350e-01 1.005917159763313612e-01 2.222348657259899940e-01 8.409194355939918208e-02 0.000000000000000000e+00
4.625000000000000000e+03 1.849890236685955980e-01 6.019572143832498945e-01 9.842967683204369156e-02 2.140418752844788219e-01 8.557123350022757813e-02 0.000000000000000000e+00
4.650000000000000000e+03 1.859889643370744583e-01 6.022985889849795660e-01 1.050295857988165632e-01 2.159763313609467383e-01 7.669549385525717411e-02 0.000000000000000000e+00
4.675000000000000000e+03 1.869889050055533186e-01 6.021847974510696755e-01 9.934000910332271839e-02 2.201866181156121871e-01 7.828857532999544677e-02 0.000000000000000000e+00
4.700000000000000000e+03 1.879888456740324010e-01 6.022985889849795660e-01 9.968138370505234824e-02 2.195038689121529274e-01 7.851615839781520001e-02 0.000000000000000000e+00
4.725000000000000000e+03 1.889887863425112613e-01 5.848884842967683184e-01 1.074192080109239861e-01 2.313381884387801513e-01 7.624032771961765376e-02 1.137915339098771066e-04
4.750000000000000000e+03 1.899887270109901216e-01 5.956986800182066943e-01 1.042330450614474269e-01 2.291761492944924816e-01 7.089212562585343880e-02 0.000000000000000000e+00
4.775000000000000000e+03 1.909886676794689819e-01 5.976331360946746107e-01 1.063950842057350965e-01 2.281520254893036059e-01 6.781975421028675621e-02 0.000000000000000000e+00
4.800000000000000000e+03 1.919886083479478422e-01 6.034365043240782489e-01 1.033227127901684139e-01 2.245106964041875264e-01 6.873008648156576916e-02 0.000000000000000000e+00
4.825000000000000000e+03 1.929885490164267026e-01 6.049157942649067143e-01 1.035502958579881672e-01 2.251934456076467861e-01 6.634046426945834629e-02 0.000000000000000000e+00
4.850000000000000000e+03 1.939884896849055629e-01 6.133363677742376119e-01 1.038916704597177970e-01 2.212107419208010906e-01 6.156121984524351443e-02 0.000000000000000000e+00
4.875000000000000000e+03 1.949884303533846452e-01 6.041192535275375919e-01 1.073054164770141095e-01 2.204142011834319403e-01 6.816112881201638607e-02 0.000000000000000000e+00
4.900000000000000000e+03 1.959883710218635056e-01 6.065088757396449592e-01 1.034365043240782905e-01 2.226900318616295005e-01 6.736458807464724974e-02 0.000000000000000000e+00
4.925000000000000000e+03 1.969883116903423659e-01 6.063950842057350687e-01 1.030951297223486607e-01 2.231451979972690070e-01 6.736458807464724974e-02 0.000000000000000000e+00
4.950000000000000000e+03 1.979882523588212262e-01 6.102639963586709015e-01 1.036640873918980438e-01 2.218934911242603503e-01 6.417842512517069054e-02 0.000000000000000000e+00
4.975000000000000000e+03 1.989881930273000865e-01 6.004779244424214291e-01 1.078743741465634925e-01 2.234865725989986229e-01 6.816112881201638607e-02 0.000000000000000000e+00
5.000000000000000000e+03 1.999881336957789468e-01 5.984296768320437332e-01 1.062812926718252199e-01 2.296313154301319881e-01 6.565771506599908658e-02 0.000000000000000000e+00
5.025000000000000000e+03 2.009880743642580292e-01 6.053709604005461653e-01 1.059399180700955900e-01 2.269003186162949492e-01 6.178880291306326766e-02 0.000000000000000000e+00
5.050000000000000000e+03 2.019880150327368895e-01 6.076467910787437532e-01 1.005917159763313612e-01 2.273554847519344557e-01 6.440600819299044377e-02 0.000000000000000000e+00
5.075000000000000000e+03 2.029879557012157498e-01 6.119708693673190369e-01 1.007055075102412378e-01 2.197314519799726806e-01 6.759217114246700298e-02 0.000000000000000000e+00
5.100000000000000000e+03 2.039878963696946101e-01 6.114019116977696955e-01 1.053709604005461931e-01 2.176832043695949015e-01 6.554392353208920996e-02 0.000000000000000000e+00
5.125000000000000000e+03 2.049878370381734705e-01 6.232362312243968638e-01 1.051433773327264398e-01 2.117660446062812896e-01 5.985434683659535821e-02 0.000000000000000000e+00
5.150000000000000000e+03 2.059877777066523308e-01 6.159535730541647602e-01 1.053709604005461931e-01 2.164314974965862448e-01 6.224396904870277414e-02 0.000000000000000000e+00
5.175000000000000000e+03 2.069877183751311911e-01 6.203914428766499345e-01 1.040054619936276736e-01 2.195038689121529274e-01 5.609922621756941591e-02 0.000000000000000000e+00
5.200000000000000000e+03 2.079876590436102735e-01 6.172052799271734447e-01 1.057123350022758368e-01 2.222348657259899940e-01 5.484751934456076616e-02 0.000000000000000000e+00
5.225000000000000000e+03 2.089875997120891338e-01 6.156121984524350887e-01 1.050295857988165632e-01 2.247382794720072796e-01 5.461993627674101293e-02 0.000000000000000000e+00
5.250000000000000000e+03 2.099875403805679941e-01 6.199362767410104835e-01 1.009330905780609910e-01 2.181383705052344080e-01 6.099226217569413133e-02 0.000000000000000000e+00
5.275000000000000000e+03 2.109874810490468544e-01 6.186845698680017991e-01 1.077605826126536159e-01 2.191624943104233114e-01 5.439235320892125969e-02 0.000000000000000000e+00
5.300000000000000000e+03 2.119874217175257147e-01 6.242603550295857673e-01 1.043468365953573035e-01 2.215521165225307343e-01 4.984069185252617412e-02 0.000000000000000000e+00
5.325000000000000000e+03 2.129873623860045750e-01 6.236913973600364258e-01 1.086709148839326289e-01 2.183659535730541612e-01 4.927173418297678409e-02 0.000000000000000000e+00
5.350000000000000000e+03 2.139873030544836574e-01 6.261948111060536837e-01 1.028675466545289074e-01 2.165452890304961353e-01 5.439235320892125969e-02 0.000000000000000000e+00
5.375000000000000000e+03 2.149872437229625177e-01 6.375739644970414011e-01 1.013882567137004975e-01 2.091488393263541135e-01 5.188893946290396020e-02 0.000000000000000000e+00
5.400000000000000000e+03 2.159871843914413780e-01 6.351843422849340337e-01 1.026399635867091542e-01 2.086936731907146070e-01 5.348202093764223980e-02 0.000000000000000000e+00
5.425000000000000000e+03 2.169871250599202384e-01 6.304050978607191880e-01 1.040054619936276736e-01 2.073281747837960876e-01 5.826126536185707860e-02 0.000000000000000000e+00
5.450000000000000000e+03 2.179870657283990987e-01 6.397360036413290985e-01 1.017296313154301274e-01 2.065316340464269373e-01 5.200273099681383682e-02 0.000000000000000000e+00
5.475000000000000000e+03 2.189870063968779590e-01 6.426945835229859183e-01 1.033227127901684139e-01 2.015248065543923661e-01 5.245789713245334329e-02 0.000000000000000000e+00
5.500000000000000000e+03 2.199869470653570414e-01 6.454255803368229572e-01 9.956759217114247162e-02 2.050523441055985552e-01 4.995448338643605074e-02 0.000000000000000000e+00
5.525000000000000000e+03 2.209868877338359017e-01 6.519116977696859383e-01 9.979517523896222486e-02 2.034592626308602548e-01 4.483386436049158208e-02 0.000000000000000000e+00
5.550000000000000000e+03 2.219868284023147620e-01 6.413290851160673434e-01 1.020710059171597572e-01 2.039144287664997612e-01 5.257168866636321991e-02 1.137915339098771066e-04
5.575000000000000000e+03 2.229867690707936223e-01 6.413290851160673434e-01 1.040054619936276736e-01 2.047109695038689114e-01 4.995448338643605074e-02 0.000000000000000000e+00
5.600000000000000000e+03 2.239867097392724826e-01 6.440600819299043822e-01 1.059399180700955900e-01 2.018661811561219821e-01 4.813381884387801790e-02 0.000000000000000000e+00
5.625000000000000000e+03 2.249866504077513429e-01 6.491807009558488994e-01 1.009330905780609910e-01 2.016385980883022289e-01 4.813381884387801790e-02 1.137915339098771066e-04
5.650000000000000000e+03 2.259865910762302033e-01 6.472462448793809831e-01 1.044606281292671801e-01 1.987938097405552995e-01 4.949931725079653733e-02 0.000000000000000000e+00
5.675000000000000000e+03 2.269865317447092856e-01 6.438324988620847122e-01 1.073054164770141095e-01 1.994765589440145592e-01 4.938552571688666071e-02 0.000000000000000000e+00
