# itime ezz other fcc hcp bcc ico
0.000000000000000000e+00 0.000000000000000000e+00 7.965407373691396923e-04 9.992034592626308775e-01 0.000000000000000000e+00 0.000000000000000000e+00 0.000000000000000000e+00
3.000000000000000000e+00 1.199955887925652220e-03 1.137915339098770958e-03 9.988620846609012061e-01 0.000000000000000000e+00 0.000000000000000000e+00 0.000000000000000000e+00
6.000000000000000000e+00 2.399911775851304441e-03 1.593081474738279385e-03 9.984069185252617551e-01 0.000000000000000000e+00 0.000000000000000000e+00 0.000000000000000000e+00
9.000000000000000000e+00 3.599867663776956661e-03 1.365498406918525280e-03 9.986345015930814251e-01 0.000000000000000000e+00 0.000000000000000000e+00 0.000000000000000000e+00
1.200000000000000000e+01 4.799823551702830926e-03 1.251706873008648227e-03 9.987482931269913156e-01 0.000000000000000000e+00 0.000000000000000000e+00 0.000000000000000000e+00
1.500000000000000000e+01 5.999779439628483146e-03 1.365498406918525280e-03 9.986345015930814251e-01 0.000000000000000000e+00 0.000000000000000000e+00 0.000000000000000000e+00
1.800000000000000000e+01 7.199735327554135367e-03 1.365498406918525280e-03 9.986345015930814251e-01 0.000000000000000000e+00 0.000000000000000000e+00 0.000000000000000000e+00
2.100000000000000000e+01 8.399691215479787587e-03 1.365498406918525280e-03 9.986345015930814251e-01 0.000000000000000000e+00 0.000000000000000000e+00 0.000000000000000000e+00
2.400000000000000000e+01 9.599647103405439807e-03 6.827492034592626399e-04 9.993172507965407680e-01 0.000000000000000000e+00 0.000000000000000000e+00 0.000000000000000000e+00
2.700000000000000000e+01 1.079960299133109203e-02 1.137915339098771066e-04 9.998862084660901095e-01 0.000000000000000000e+00 0.000000000000000000e+00 0.000000000000000000e+00
3.000000000000000000e+01 1.199955887925674425e-02 3.413746017296313199e-04 9.996586253982703285e-01 0.000000000000000000e+00 0.000000000000000000e+00 0.000000000000000000e+00
3.300000000000000000e+01 1.319951476718261851e-02 4.551661356395084266e-04 9.995448338643604380e-01 0.000000000000000000e+00 0.000000000000000000e+00 0.000000000000000000e+00
3.600000000000000000e+01 1.439947065510827073e-02 6.827492034592626399e-04 9.993172507965407680e-01 0.000000000000000000e+00 0.000000000000000000e+00 0.000000000000000000e+00
3.900000000000000000e+01 1.559942654303392295e-02 1.024123805188893906e-03 9.988620846609012061e-01 0.000000000000000000e+00 1.137915339098771066e-04 0.000000000000000000e+00
4.200000000000000000e+01 1.679938243095957517e-02 2.275830678197541916e-03 9.976103777878926326e-01 0.000000000000000000e+00 1.137915339098771066e-04 0.000000000000000000e+00
4.500000000000000000e+01 1.799933831888522739e-02 1.706873008648156654e-03 9.981793354574419741e-01 0.000000000000000000e+00 1.137915339098771066e-04 0.000000000000000000e+00
4.800000000000000000e+01 1.919929420681087961e-02 1.593081474738279385e-03 9.982931269913518646e-01 0.000000000000000000e+00 1.137915339098771066e-04 0.000000000000000000e+00
5.100000000000000000e+01 2.039925009473653184e-02 1.593081474738279385e-03 9.982931269913518646e-01 0.000000000000000000e+00 1.137915339098771066e-04 0.000000000000000000e+00
5.400000000000000000e+01 2.159920598266240610e-02 1.820664542558033706e-03 9.981793354574419741e-01 0.000000000000000000e+00 0.000000000000000000e+00 0.000000000000000000e+00
5.700000000000000000e+01 2.279916187058805832e-02 2.048247610377787811e-03 9.979517523896221931e-01 0.000000000000000000e+00 0.000000000000000000e+00 0.000000000000000000e+00
6.000000000000000000e+01 2.399911775851371054e-02 2.048247610377787811e-03 9.979517523896221931e-01 0.000000000000000000e+00 0.000000000000000000e+00 0.000000000000000000e+00
6.300000000000000000e+01 2.519907364643936276e-02 1.706873008648156654e-03 9.982931269913518646e-01 0.000000000000000000e+00 0.000000000000000000e+00 0.000000000000000000e+00
6.600000000000000000e+01 2.639902953436501498e-02 2.730996813837050560e-03 9.972690031861629611e-01 0.000000000000000000e+00 0.000000000000000000e+00 0.000000000000000000e+00
6.900000000000000000e+01 2.759898542229066720e-02 3.413746017296313308e-03 9.964724624487938387e-01 0.000000000000000000e+00 1.137915339098771066e-04 0.000000000000000000e+00
7.200000000000000000e+01 2.879894131021631942e-02 1.934456076467910759e-03 9.979517523896221931e-01 0.000000000000000000e+00 1.137915339098771066e-04 0.000000000000000000e+00
7.500000000000000000e+01 2.999889719814219369e-02 2.844788347746927612e-03 9.971552116522530707e-01 0.000000000000000000e+00 0.000000000000000000e+00 0.000000000000000000e+00
7.800000000000000000e+01 3.119885308606784591e-02 3.755120619025944465e-03 9.960172963131542767e-01 0.000000000000000000e+00 2.275830678197542133e-04 0.000000000000000000e+00
8.100000000000000000e+01 3.239880897399349813e-02 2.389622212107419402e-03 9.976103777878926326e-01 0.000000000000000000e+00 0.000000000000000000e+00 0.000000000000000000e+00
8.400000000000000000e+01 3.359876486191915035e-02 2.958579881656804664e-03 9.970414201183431802e-01 0.000000000000000000e+00 0.000000000000000000e+00 0.000000000000000000e+00
8.700000000000000000e+01 3.479872074984480257e-02 2.389622212107419402e-03 9.974965862539827421e-01 0.000000000000000000e+00 1.137915339098771066e-04 0.000000000000000000e+00
9.000000000000000000e+01 3.599867663777045479e-02 2.503413746017296455e-03 9.973827947200728516e-01 0.000000000000000000e+00 1.137915339098771066e-04 0.000000000000000000e+00
9.300000000000000000e+01 3.719863252569610701e-02 4.324078288575329727e-03 9.956759217114247162e-01 0.000000000000000000e+00 0.000000000000000000e+00 0.000000000000000000e+00
9.600000000000000000e+01 3.839858841362175923e-02 5.120619025944469528e-03 9.948793809740554828e-01 0.000000000000000000e+00 0.000000000000000000e+00 0.000000000000000000e+00
9.900000000000000000e+01 3.959854430154763349e-02 5.461993627674101119e-03 9.943104233045061413e-01 0.000000000000000000e+00 2.275830678197542133e-04 0.000000000000000000e+00
1.020000000000000000e+02 4.079850018947328572e-02 5.234410559854347014e-03 9.945380063723259223e-01 0.000000000000000000e+00 2.275830678197542133e-04 0.000000000000000000e+00
1.050000000000000000e+02 4.199845607739893794e-02 6.030951297223486815e-03 9.938552571688666903e-01 0.000000000000000000e+00 1.137915339098771066e-04 0.000000000000000000e+00
1.080000000000000000e+02 4.319841196532459016e-02 7.055075102412380721e-03 9.928311333636777869e-01 0.000000000000000000e+00 1.137915339098771066e-04 0.000000000000000000e+00
1.110000000000000000e+02 4.439836785325024238e-02 7.510241238051888930e-03 9.923759672280382249e-01 0.000000000000000000e+00 1.137915339098771066e-04 0.000000000000000000e+00
1.140000000000000000e+02 4.559832374117589460e-02 1.024123805188893906e-02 9.895311788802912956e-01 0.000000000000000000e+00 2.275830678197542133e-04 0.000000000000000000e+00
1.170000000000000000e+02 4.679827962910154682e-02 1.126536185707783383e-02 9.882794720072826111e-01 0.000000000000000000e+00 4.551661356395084266e-04 0.000000000000000000e+00
1.200000000000000000e+02 4.799823551702742108e-02 1.319981793354574502e-02 9.863450159308146947e-01 0.000000000000000000e+00 4.551661356395084266e-04 0.000000000000000000e+00
1.230000000000000000e+02 4.919819140495307330e-02 1.263086026399635846e-02 9.868001820664542567e-01 0.000000000000000000e+00 5.689576695493854790e-04 0.000000000000000000e+00
1.260000000000000000e+02 5.039814729287872552e-02 1.228948566226672687e-02 9.870277651342740377e-01 0.000000000000000000e+00 6.827492034592626399e-04 0.000000000000000000e+00
1.290000000000000000e+02 5.159810318080437774e-02 1.217569412835685025e-02 9.873691397360035982e-01 0.000000000000000000e+00 4.551661356395084266e-04 0.000000000000000000e+00
1.320000000000000000e+02 5.279805906873002996e-02 1.365498406918525323e-02 9.858898497951752438e-01 0.000000000000000000e+00 4.551661356395084266e-04 0.000000000000000000e+00
1.350000000000000000e+02 5.399801495665568218e-02 1.638598088302230249e-02 9.829312699135184239e-01 0.000000000000000000e+00 6.827492034592626399e-04 0.000000000000000000e+00
1.380000000000000000e+02 5.519797084458133440e-02 1.832043695949021542e-02 9.806554392353209471e-01 0.000000000000000000e+00 1.024123805188893906e-03 0.000000000000000000e+00
1.410000000000000000e+02 5.639792673250720867e-02 1.786527082385070547e-02 9.812243969048702885e-01 0.000000000000000000e+00 9.103322712790168532e-04 0.000000000000000000e+00
1.440000000000000000e+02 5.759788262043286089e-02 1.718252162039144229e-02 9.820209376422394110e-01 0.000000000000000000e+00 7.965407373691396923e-04 0.000000000000000000e+00
1.470000000000000000e+02 5.879783850835851311e-02 1.741010468821119553e-02 9.816795630405097395e-01 0.000000000000000000e+00 9.103322712790168532e-04 0.000000000000000000e+00
1.500000000000000000e+02 5.999779439628416533e-02 1.900318616294947513e-02 9.805416477014110566e-01 0.000000000000000000e+00 4.551661356395084266e-04 0.000000000000000000e+00
1.530000000000000000e+02 6.119775028420981755e-02 2.025489303595812488e-02 9.794037323623122626e-01 0.000000000000000000e+00 3.413746017296313199e-04 0.000000000000000000e+00
1.560000000000000000e+02 6.239770617213546977e-02 1.979972690031861493e-02 9.791761492944924816e-01 0.000000000000000000e+00 1.024123805188893906e-03 0.000000000000000000e+00
1.590000000000000000e+02 6.359766206006112199e-02 1.854802002730996865e-02 9.807692307692307265e-01 0.000000000000000000e+00 6.827492034592626399e-04 0.000000000000000000e+00
1.620000000000000000e+02 6.479761794798699626e-02 1.900318616294947513e-02 9.805416477014110566e-01 0.000000000000000000e+00 4.551661356395084266e-04 0.000000000000000000e+00
1.650000000000000000e+02 6.599757383591264848e-02 1.832043695949021542e-02 9.809968138370505075e-01 0.000000000000000000e+00 6.827492034592626399e-04 0.000000000000000000e+00
1.680000000000000000e+02 6.719752972383830070e-02 1.900318616294947513e-02 9.798588984979517136e-01 0.000000000000000000e+00 1.137915339098770958e-03 0.000000000000000000e+00
1.710000000000000000e+02 6.839748561176395292e-02 2.127901684114701791e-02 9.771279016841146747e-01 0.000000000000000000e+00 1.593081474738279385e-03 0.000000000000000000e+00
1.740000000000000000e+02 6.959744149968960514e-02 2.401001365498407064e-02 9.749658625398270884e-01 0.000000000000000000e+00 1.024123805188893906e-03 0.000000000000000000e+00
1.770000000000000000e+02 7.079739738761525736e-02 2.730996813837050646e-02 9.712107419208011461e-01 0.000000000000000000e+00 1.479289940828402332e-03 0.000000000000000000e+00
1.800000000000000000e+02 7.199735327554090958e-02 3.129267182521620200e-02 9.680245789713245452e-01 0.000000000000000000e+00 6.827492034592626399e-04 0.000000000000000000e+00
1.830000000000000000e+02 7.319730916346678384e-02 3.390987710514337811e-02 9.651797906235776159e-01 0.000000000000000000e+00 9.103322712790168532e-04 0.000000000000000000e+00
1.860000000000000000e+02 7.439726505139243606e-02 3.607191624943104080e-02 9.623350022758306865e-01 0.000000000000000000e+00 1.593081474738279385e-03 0.000000000000000000e+00
1.890000000000000000e+02 7.559722093931808828e-02 3.743741465634956717e-02 9.605143377332726606e-01 0.000000000000000000e+00 2.048247610377787811e-03 0.000000000000000000e+00
1.920000000000000000e+02 7.679717682724374050e-02 4.142011834319526964e-02 9.559626763768775959e-01 0.000000000000000000e+00 2.617205279927173507e-03 0.000000000000000000e+00
1.950000000000000000e+02 7.799713271516939272e-02 4.563040509786071841e-02 9.510696404187528596e-01 0.000000000000000000e+00 3.299954483386436255e-03 0.000000000000000000e+00
1.980000000000000000e+02 7.919708860309504495e-02 4.961310878470642088e-02 9.475421028675466983e-01 0.000000000000000000e+00 2.844788347746927612e-03 0.000000000000000000e+00
2.010000000000000000e+02 8.039704449102069717e-02 5.461993627674101293e-02 9.423076923076922906e-01 0.000000000000000000e+00 3.072371415566681717e-03 0.000000000000000000e+00
2.040000000000000000e+02 8.159700037894657143e-02 5.962676376877560497e-02 9.374146563495675544e-01 0.000000000000000000e+00 2.958579881656804664e-03 0.000000000000000000e+00
2.070000000000000000e+02 8.279695626687222365e-02 6.497496586253982687e-02 9.320664542558033672e-01 0.000000000000000000e+00 2.958579881656804664e-03 0.000000000000000000e+00
2.100000000000000000e+02 8.399691215479787587e-02 6.611288120163859305e-02 9.311561219845243542e-01 0.000000000000000000e+00 2.730996813837050560e-03 0.000000000000000000e+00
2.130000000000000000e+02 8.519686804272352809e-02 6.964041875284478211e-02 9.262630860263996180e-01 0.000000000000000000e+00 4.096495220755575623e-03 0.000000000000000000e+00
2.160000000000000000e+02 8.639682393064918031e-02 7.874374146563495325e-02 9.164770141101502565e-01 0.000000000000000000e+00 4.779244424214838804e-03 0.000000000000000000e+00
2.190000000000000000e+02 8.759677981857483253e-02 8.488848429676831842e-02 9.107874374146563978e-01 0.000000000000000000e+00 4.324078288575329727e-03 0.000000000000000000e+00
2.220000000000000000e+02 8.879673570650048475e-02 8.978152025489304078e-02 9.046426945835229771e-01 0.000000000000000000e+00 5.575785161583977738e-03 0.000000000000000000e+00
2.250000000000000000e+02 8.999669159442635902e-02 9.478834774692762588e-02 9.000910332271279124e-01 0.000000000000000000e+00 5.120619025944469528e-03 0.000000000000000000e+00
2.280000000000000000e+02 9.119664748235201124e-02 1.013882567137004975e-01 8.924670004551661373e-01 0.000000000000000000e+00 6.144742831133363434e-03 0.000000000000000000e+00
2.310000000000000000e+02 9.239660337027766346e-02 1.061675011379153433e-01 8.876877560309512916e-01 0.000000000000000000e+00 6.144742831133363434e-03 0.000000000000000000e+00
2.340000000000000000e+02 9.359655925820331568e-02 1.147018661811561174e-01 8.798361401911697355e-01 0.000000000000000000e+00 5.461993627674101119e-03 0.000000000000000000e+00
2.370000000000000000e+02 9.479651514612896790e-02 1.207328174783796060e-01 8.732362312243968638e-01 0.000000000000000000e+00 6.030951297223486815e-03 0.000000000000000000e+00
2.400000000000000000e+02 9.599647103405462012e-02 1.265361857077833274e-01 8.659535730541647602e-01 0.000000000000000000e+00 7.510241238051888930e-03 0.000000000000000000e+00
2.430000000000000000e+02 9.719642692198027234e-02 1.372325898953117851e-01 8.537778789258079204e-01 0.000000000000000000e+00 8.989531178880291046e-03 0.000000000000000000e+00
2.460000000000000000e+02 9.839638280990614660e-02 1.474738279472007363e-01 8.429676832043695445e-01 0.000000000000000000e+00 9.558488848429677609e-03 0.000000000000000000e+00
2.490000000000000000e+02 9.959633869783179883e-02 1.570323167956304000e-01 8.311333636777423761e-01 0.000000000000000000e+00 1.183431952662721866e-02 0.000000000000000000e+00
2.520000000000000000e+02 1.007962945857574510e-01 1.661356395084205850e-01 8.210059171597633432e-01 0.000000000000000000e+00 1.285844333181611343e-02 0.000000000000000000e+00
2.550000000000000000e+02 1.019962504736831033e-01 1.752389622212107423e-01 8.098543468365954068e-01 0.000000000000000000e+00 1.490669094219390124e-02 0.000000000000000000e+00
2.580000000000000000e+02 1.031962063616087555e-01 1.860491579426490627e-01 7.989303595812471404e-01 0.000000000000000000e+00 1.502048247610377786e-02 0.000000000000000000e+00
2.610000000000000000e+02 1.043961622495344077e-01 1.939007737824305910e-01 7.919890760127445972e-01 0.000000000000000000e+00 1.411015020482476144e-02 0.000000000000000000e+00
2.640000000000000000e+02 1.055961181374600599e-01 2.007282658170232159e-01 7.849340009103322746e-01 0.000000000000000000e+00 1.433773327264451468e-02 0.000000000000000000e+00
2.670000000000000000e+02 1.067960740253857121e-01 2.167728720983158885e-01 7.671825216203914666e-01 0.000000000000000000e+00 1.604460628129267263e-02 0.000000000000000000e+00
2.700000000000000000e+02 1.079960299133115864e-01 2.312243969048702885e-01 7.513654984069185749e-01 0.000000000000000000e+00 1.741010468821119553e-02 0.000000000000000000e+00
2.730000000000000000e+02 1.091959858012372386e-01 2.447655894401456478e-01 7.380518889394629412e-01 0.000000000000000000e+00 1.718252162039144229e-02 0.000000000000000000e+00
2.760000000000000000e+02 1.103959416891628909e-01 2.560309512972234747e-01 7.233727810650887324e-01 1.137915339098771066e-04 2.048247610377787811e-02 0.000000000000000000e+00
2.790000000000000000e+02 1.115958975770885431e-01 2.691169776968593275e-01 7.102867546654528796e-01 1.137915339098771066e-04 2.048247610377787811e-02 0.000000000000000000e+00
2.820000000000000000e+02 1.127958534650141953e-01 2.744651797906235702e-01 7.031178880291306665e-01 3.413746017296313199e-04 2.207555757851615771e-02 0.000000000000000000e+00
2.850000000000000000e+02 1.139958093529398475e-01 2.906235776058261333e-01 6.869594902139281034e-01 5.689576695493854790e-04 2.184797451069640448e-02 0.000000000000000000e+00
2.880000000000000000e+02 1.151957652408654997e-01 3.089440145653163383e-01 6.652253072371415721e-01 6.827492034592626399e-04 2.514792899408284030e-02 0.000000000000000000e+00
2.910000000000000000e+02 1.163957211287913740e-01 3.268092853891670369e-01 6.456531634046427381e-01 7.965407373691396923e-04 2.674101046882111990e-02 0.000000000000000000e+00
2.940000000000000000e+02 1.175956770167170262e-01 3.408056440600819026e-01 6.300637232589895165e-01 4.551661356395084266e-04 2.867546654528902936e-02 0.000000000000000000e+00
2.970000000000000000e+02 1.187956329046426784e-01 3.537778789258079204e-01 6.140191169776968438e-01 9.103322712790168532e-04 3.129267182521620200e-02 0.000000000000000000e+00
3.000000000000000000e+02 1.199955887925683307e-01 3.650432407828857473e-01 6.018434228493400040e-01 5.689576695493854790e-04 3.254437869822485174e-02 0.000000000000000000e+00
3.030000000000000000e+02 1.211955446804939829e-01 3.741465634956759323e-01 5.901228948566226151e-01 5.689576695493854790e-04 3.516158397815202785e-02 0.000000000000000000e+00
3.060000000000000000e+02 1.223955005684196351e-01 3.900773782430587144e-01 5.729403732362312596e-01 6.827492034592626399e-04 3.629949931725079404e-02 0.000000000000000000e+00
3.090000000000000000e+02 1.235954564563452873e-01 4.053254437869822646e-01 5.556440600819299025e-01 5.689576695493854790e-04 3.846153846153846367e-02 0.000000000000000000e+00
3.120000000000000000e+02 1.247954123442711616e-01 4.154528903049612976e-01 5.434683659535730627e-01 4.551661356395084266e-04 4.062357760582612637e-02 0.000000000000000000e+00
3.150000000000000000e+02 1.259953682321968138e-01 4.310423304506144637e-01 5.246927628584433512e-01 5.689576695493854790e-04 4.369594902139280895e-02 0.000000000000000000e+00
3.180000000000000000e+02 1.271953241201224660e-01 4.501593081474738467e-01 5.026172052799271484e-01 1.024123805188893906e-03 4.619936276741010150e-02 0.000000000000000000e+00
3.210000000000000000e+02 1.283952800080481182e-01 4.703004096495220776e-01 4.783796085571233592e-01 1.251706873008648227e-03 5.006827492034592736e-02 0.000000000000000000e+00
3.240000000000000000e+02 1.295952358959737705e-01 4.899863450159308020e-01 4.574419663177059503e-01 1.137915339098770958e-03 5.143377332726445372e-02 0.000000000000000000e+00
3.270000000000000000e+02 1.307951917838994227e-01 4.980655439235320836e-01 4.440145653163404815e-01 1.706873008648156654e-03 5.621301775147929253e-02 0.000000000000000000e+00
3.300000000000000000e+02 1.319951476718250749e-01 5.154756486117433312e-01 4.254665452890304955e-01 1.251706873008648227e-03 5.780609922621757213e-02 0.000000000000000000e+00
3.330000000000000000e+02 1.331951035597509492e-01 5.262858443331815961e-01 4.102184797451069453e-01 2.162039144287664864e-03 6.133363677742376119e-02 0.000000000000000000e+00
3.360000000000000000e+02 1.343950594476766014e-01 5.424442421483841592e-01 3.907601274465180019e-01 2.503413746017296455e-03 6.429221665908056715e-02 0.000000000000000000e+00
3.390000000000000000e+02 1.355950153356022536e-01 5.527992717341829731e-01 3.734638142922166448e-01 3.072371415566681717e-03 7.066454255803368556e-02 0.000000000000000000e+00
3.420000000000000000e+02 1.367949712235279058e-01 5.628129267182521156e-01 3.578743741465634787e-01 2.958579881656804664e-03 7.635411925352754425e-02 0.000000000000000000e+00
3.450000000000000000e+02 1.379949271114535581e-01 5.790851160673645692e-01 3.371643149749658508e-01 3.299954483386436255e-03 8.045061447428311641e-02 0.000000000000000000e+00
3.480000000000000000e+02 1.391948829993792103e-01 5.901228948566226151e-01 3.224852071005916976e-01 3.299954483386436255e-03 8.409194355939918208e-02 0.000000000000000000e+00
3.510000000000000000e+02 1.403948388873048625e-01 6.050295857988166048e-01 3.030268548020027541e-01 2.958579881656804664e-03 8.898497951752389057e-02 0.000000000000000000e+00
3.540000000000000000e+02 1.415947947752307368e-01 6.129949931725079404e-01 2.894856622667273394e-01 3.186162949476558769e-03 9.433318161128811941e-02 0.000000000000000000e+00
3.570000000000000000e+02 1.427947506631563890e-01 6.187983614019116896e-01 2.775375512061902805e-01 3.982703686845699004e-03 9.968138370505234824e-02 0.000000000000000000e+00
3.600000000000000000e+02 1.439947065510820412e-01 6.228948566226673034e-01 2.637687756030951403e-01 4.210286754665453109e-03 1.091260810195721492e-01 0.000000000000000000e+00
3.630000000000000000e+02 1.451946624390076934e-01 6.347291761492944717e-01 2.481793354574419741e-01 4.893035958124715423e-03 1.121984524351388318e-01 0.000000000000000000e+00
3.660000000000000000e+02 1.463946183269333456e-01 6.487255348202093375e-01 2.319071461083295482e-01 5.348202093764223633e-03 1.140191169776968577e-01 0.000000000000000000e+00
3.690000000000000000e+02 1.475945742148589979e-01 6.540737369139736357e-01 2.164314974965862448e-01 6.486117432862995025e-03 1.230086481565771522e-01 0.000000000000000000e+00
3.720000000000000000e+02 1.487945301027846501e-01 6.636322257624033272e-01 2.038006372325898985e-01 7.055075102412380721e-03 1.255120619025944517e-01 0.000000000000000000e+00
3.750000000000000000e+02 1.499944859907105243e-01 6.667045971779699265e-01 1.953800637232590010e-01 7.396449704142011444e-03 1.305188893946290507e-01 0.000000000000000000e+00
3.780000000000000000e+02 1.511944418786361766e-01 6.746700045516613731e-01 1.840009103322712836e-01 8.079198907601274626e-03 1.332498862084660896e-01 0.000000000000000000e+00
3.810000000000000000e+02 1.523943977665618288e-01 6.804733727810651223e-01 1.767182521620391522e-01 8.420573509330906217e-03 1.343878015475648557e-01 0.000000000000000000e+00
3.840000000000000000e+02 1.535943536544874810e-01 6.878698224852071164e-01 1.655666818388711881e-01 9.103322712790167665e-03 1.374601729631315383e-01 0.000000000000000000e+00
3.870000000000000000e+02 1.547943095424131332e-01 6.994765589440146147e-01 1.511151570323167881e-01 1.092398725534820224e-02 1.384842967683204418e-01 0.000000000000000000e+00
3.900000000000000000e+02 1.559942654303387854e-01 7.089212562585344157e-01 1.374601729631315383e-01 1.206190259444697363e-02 1.415566681838871244e-01 0.000000000000000000e+00
3.930000000000000000e+02 1.571942213182644377e-01 7.124487938097405770e-01 1.315430131998179264e-01 1.228948566226672687e-02 1.437187073281747940e-01 0.000000000000000000e+00
3.960000000000000000e+02 1.583941772061903119e-01 7.198452435138825711e-01 1.243741465634956717e-01 1.319981793354574502e-02 1.425807919890760000e-01 0.000000000000000000e+00
3.990000000000000000e+02 1.595941330941159642e-01 7.212107419208011461e-01 1.192535275375512099e-01 1.240327719617660522e-02 1.471324533454710926e-01 0.000000000000000000e+00
4.020000000000000000e+02 1.607940889820416164e-01 7.240555302685480754e-01 1.148156577150659940e-01 1.376877560309512985e-02 1.473600364132908458e-01 0.000000000000000000e+00
4.050000000000000000e+02 1.619940448699672686e-01 7.358898497951752438e-01 1.036640873918980438e-01 1.490669094219390124e-02 1.455393718707328199e-01 0.000000000000000000e+00
4.080000000000000000e+02 1.631940007578929208e-01 7.390760127446518446e-01 9.945380063723259501e-02 1.411015020482476144e-02 1.473600364132908458e-01 0.000000000000000000e+00
4.110000000000000000e+02 1.643939566458185730e-01 7.489758761948110966e-01 8.955393718707328754e-02 1.376877560309512985e-02 1.477014110150204895e-01 0.000000000000000000e+00
4.140000000000000000e+02 1.655939125337442253e-01 7.567137005006827621e-01 8.124715521165225274e-02 1.411015020482476144e-02 1.479289940828402428e-01 0.000000000000000000e+00
4.170000000000000000e+02 1.667938684216698775e-01 7.585343650432407880e-01 7.999544833864360993e-02 1.456531634046426965e-02 1.469048702776513393e-01 0.000000000000000000e+00
4.200000000000000000e+02 1.679938243095957517e-01 7.581929904415111166e-01 7.999544833864360993e-02 1.593081474738279601e-02 1.458807464724624359e-01 0.000000000000000000e+00
4.230000000000000000e+02 1.691937801975214040e-01 7.544378698224851743e-01 7.532999544833864081e-02 1.900318616294947513e-02 1.512289485662266786e-01 0.000000000000000000e+00
4.260000000000000000e+02 1.703937360854470562e-01 7.547792444242148457e-01 7.521620391442876419e-02 1.934456076467910846e-02 1.506599908966772816e-01 0.000000000000000000e+00
4.290000000000000000e+02 1.715936919733727084e-01 7.641101502048247562e-01 7.203004096495220498e-02 2.025489303595812488e-02 1.436049157942649035e-01 0.000000000000000000e+00
4.320000000000000000e+02 1.727936478612983606e-01 7.684342284934000400e-01 6.895766954938552240e-02 2.184797451069640448e-02 1.407601274465179741e-01 0.000000000000000000e+00
4.350000000000000000e+02 1.739936037492240128e-01 7.783340919435594030e-01 6.383705052344106068e-02 2.230314064633591095e-02 1.355257168866636219e-01 0.000000000000000000e+00
4.380000000000000000e+02 1.751935596371496651e-01 7.759444697314519246e-01 6.235776058261265076e-02 2.241693218024579104e-02 1.392808375056895642e-01 0.000000000000000000e+00
4.410000000000000000e+02 1.763935155250755393e-01 7.843650432407829332e-01 5.609922621756941591e-02 2.344105598543468408e-02 1.360946745562130189e-01 0.000000000000000000e+00
4.440000000000000000e+02 1.775934714130011916e-01 7.895994538006372299e-01 5.245789713245334329e-02 2.344105598543468408e-02 1.345015930814747462e-01 0.000000000000000000e+00
4.470000000000000000e+02 1.787934273009268438e-01 7.897132453345471204e-01 5.166135639508420696e-02 2.537551206190259354e-02 1.332498862084660896e-01 0.000000000000000000e+00
4.500000000000000000e+02 1.799933831888524960e-01 7.983614019116977989e-01 4.938552571688666071e-02 2.446517979062357712e-02 1.277878925807919841e-01 0.000000000000000000e+00
4.530000000000000000e+02 1.811933390767781482e-01 8.005234410559853853e-01 4.767865270823850449e-02 2.457897132453345374e-02 1.272189349112426149e-01 0.000000000000000000e+00
4.560000000000000000e+02 1.823932949647038004e-01 8.068957669549385869e-01 4.472007282658170546e-02 2.560309512972235024e-02 1.227810650887573990e-01 0.000000000000000000e+00
4.590000000000000000e+02 1.835932508526294527e-01 8.091715976331360638e-01 4.346836595357305572e-02 2.639963586709149004e-02 1.209604005461993592e-01 0.000000000000000000e+00
4.620000000000000000e+02 1.847932067405553269e-01 8.158852981338188259e-01 4.255803368229403583e-02 2.617205279927173334e-02 1.153846153846153910e-01 0.000000000000000000e+00
4.650000000000000000e+02 1.859931626284809791e-01 8.183887118798361948e-01 4.301319981793354230e-02 2.719617660446062984e-02 1.114019116977696816e-01 0.000000000000000000e+00
4.680000000000000000e+02 1.871931185164066314e-01 8.205507510241237812e-01 4.107874374146563284e-02 2.878925807919890598e-02 1.095812471552116557e-01 0.000000000000000000e+00
4.710000000000000000e+02 1.883930744043322836e-01 8.162266727355484974e-01 4.096495220755575623e-02 3.117888029130632538e-02 1.116294947655894348e-01 0.000000000000000000e+00
4.740000000000000000e+02 1.895930302922579358e-01 8.191852526172053173e-01 4.039599453800637313e-02 3.208921256258534527e-02 1.083295402822029990e-01 0.000000000000000000e+00
4.770000000000000000e+02 1.907929861801835880e-01 8.255575785161584079e-01 3.937187073281747662e-02 3.220300409649522189e-02 1.028675466545289074e-01 0.000000000000000000e+00
4.800000000000000000e+02 1.919929420681092402e-01 8.320436959490213891e-01 3.743741465634956717e-02 3.288575329995448160e-02 9.763313609467455523e-02 0.000000000000000000e+00
4.830000000000000000e+02 1.931928979560351145e-01 8.329540282203004020e-01 3.482020937642239106e-02 3.447883477469276120e-02 9.774692762858443185e-02 0.000000000000000000e+00
4.860000000000000000e+02 1.943928538439607667e-01 8.350022758306782089e-01 3.470641784251251444e-02 3.698224852071006069e-02 9.330905780609922984e-02 0.000000000000000000e+00
4.890000000000000000e+02 1.955928097318864189e-01 8.367091488393263443e-01 3.299954483386435822e-02 3.743741465634956717e-02 9.285389167045972336e-02 0.000000000000000000e+00
4.920000000000000000e+02 1.967927656198120712e-01 8.389849795175239322e-01 3.129267182521620200e-02 3.720983158852981393e-02 9.251251706873007963e-02 0.000000000000000000e+00
4.950000000000000000e+02 1.979927215077377234e-01 8.406918525261720676e-01 3.140646335912607862e-02 3.891670459717797015e-02 8.898497951752389057e-02 0.000000000000000000e+00
4.980000000000000000e+02 1.991926773956633756e-01 8.453573054164770229e-01 3.163404642694583185e-02 3.903049613108784677e-02 8.397815202548930547e-02 0.000000000000000000e+00
5.010000000000000000e+02 2.003926332835890278e-01 8.491124260355029651e-01 3.060992262175694228e-02 3.846153846153846367e-02 8.181611288120163583e-02 0.000000000000000000e+00
5.040000000000000000e+02 2.015925891715149021e-01 8.519572143832498945e-01 3.004096495220755572e-02 3.857532999544834029e-02 7.942649066909421296e-02 0.000000000000000000e+00
5.070000000000000000e+02 2.027925450594405543e-01 8.552571688666362748e-01 2.924442421483841592e-02 3.789258079198907364e-02 7.760582612653618706e-02 0.000000000000000000e+00
5.100000000000000000e+02 2.039925009473662065e-01 8.579881656804734247e-01 2.856167501137915274e-02 3.800637232589895026e-02 7.544378698224851743e-02 0.000000000000000000e+00
5.130000000000000000e+02 2.051924568352918588e-01 8.640191169776968438e-01 2.799271734182976618e-02 3.743741465634956717e-02 7.055075102412380894e-02 0.000000000000000000e+00
5.160000000000000000e+02 2.063924127232175110e-01 8.689121529358215801e-01 2.833409194355939950e-02 3.607191624943104080e-02 6.668183887118799003e-02 0.000000000000000000e+00
5.190000000000000000e+02 2.075923686111431632e-01 8.719845243513882904e-01 2.878925807919890598e-02 3.425125170687300796e-02 6.497496586253982687e-02 0.000000000000000000e+00
5.220000000000000000e+02 2.087923244990688154e-01 8.727810650887574129e-01 2.901684114701866268e-02 3.447883477469276120e-02 6.372325898953118406e-02 0.000000000000000000e+00
5.250000000000000000e+02 2.099922803869946897e-01 8.748293126991352198e-01 2.708238507055074976e-02 3.527537551206190447e-02 6.281292671825215723e-02 0.000000000000000000e+00
5.280000000000000000e+02 2.111922362749203419e-01 8.733500227583067543e-01 2.730996813837050646e-02 3.550295857988165771e-02 6.383705052344106068e-02 0.000000000000000000e+00
5.310000000000000000e+02 2.123921921628459941e-01 8.752844788347746707e-01 2.662721893491124328e-02 3.641329085116067066e-02 6.167501137915339104e-02 0.000000000000000000e+00
5.340000000000000000e+02 2.135921480507716463e-01 8.759672280382339027e-01 2.639963586709149004e-02 3.686845698680018407e-02 6.076467910787437116e-02 0.000000000000000000e+00
5.370000000000000000e+02 2.147921039386972986e-01 8.757396449704142327e-01 2.856167501137915274e-02 3.709604005461993731e-02 5.860263996358670846e-02 0.000000000000000000e+00
5.400000000000000000e+02 2.159920598266229508e-01 8.789258079198907225e-01 2.856167501137915274e-02 3.607191624943104080e-02 5.644060081929904577e-02 0.000000000000000000e+00
5.430000000000000000e+02 2.171920157145486030e-01 8.827947200728265553e-01 2.901684114701866268e-02 3.550295857988165771e-02 5.268548020027309653e-02 0.000000000000000000e+00
5.460000000000000000e+02 2.183919716024744773e-01 8.855257168866635942e-01 2.913063268092853930e-02 3.504779244424215123e-02 5.029585798816568060e-02 0.000000000000000000e+00
5.490000000000000000e+02 2.195919274904001295e-01 8.860946745562130467e-01 2.799271734182976618e-02 3.641329085116067066e-02 4.949931725079653733e-02 0.000000000000000000e+00
5.520000000000000000e+02 2.207918833783257817e-01 8.906463359126081114e-01 2.719617660446062984e-02 3.470641784251251444e-02 4.745106964041875125e-02 0.000000000000000000e+00
5.550000000000000000e+02 2.219918392662514339e-01 8.933773327264451503e-01 2.514792899408284030e-02 3.447883477469276120e-02 4.699590350477924477e-02 0.000000000000000000e+00
5.580000000000000000e+02 2.231917951541770861e-01 8.933773327264451503e-01 2.503413746017296368e-02 3.413746017296313134e-02 4.745106964041875125e-02 0.000000000000000000e+00
5.610000000000000000e+02 2.243917510421027384e-01 8.932635411925352598e-01 2.605826126536185672e-02 3.425125170687300796e-02 4.642694583522986168e-02 0.000000000000000000e+00
5.640000000000000000e+02 2.255917069300283906e-01 8.969048702776513116e-01 2.526172052799271692e-02 3.425125170687300796e-02 4.358215748748293233e-02 0.000000000000000000e+00
5.670000000000000000e+02 2.267916628179542649e-01 8.991807009558488994e-01 2.469276285844333035e-02 3.277196176604460498e-02 4.335457441966317910e-02 0.000000000000000000e+00
5.700000000000000000e+02 2.279916187058799171e-01 9.020254893035958288e-01 2.389622212107419055e-02 3.254437869822485174e-02 4.153390987710514626e-02 0.000000000000000000e+00
5.730000000000000000e+02 2.291915745938055693e-01 9.072598998634501255e-01 2.309968138370505075e-02 3.026854802002730896e-02 3.937187073281747662e-02 0.000000000000000000e+00
5.760000000000000000e+02 2.303915304817312215e-01 9.058944014565316616e-01 2.389622212107419055e-02 2.844788347746927612e-02 4.176149294492489950e-02 0.000000000000000000e+00
5.790000000000000000e+02 2.315914863696568737e-01 9.065771506599908935e-01 2.298588984979517413e-02 2.981338188438780248e-02 4.062357760582612637e-02 0.000000000000000000e+00
5.820000000000000000e+02 2.327914422575825260e-01 9.136322257624033272e-01 2.059626763768775473e-02 2.867546654528902936e-02 3.709604005461993731e-02 0.000000000000000000e+00
5.850000000000000000e+02 2.339913981455081782e-01 9.152253072371415721e-01 2.071005917159763482e-02 2.878925807919890598e-02 3.527537551206190447e-02 0.000000000000000000e+00
5.880000000000000000e+02 2.351913540334338304e-01 9.180700955848885014e-01 2.093764223941738806e-02 2.867546654528902936e-02 3.231679563040509851e-02 0.000000000000000000e+00
5.910000000000000000e+02 2.363913099213597047e-01 9.185252617205279524e-01 1.957214383249886169e-02 2.969959035047792587e-02 3.220300409649522189e-02 0.000000000000000000e+00
5.940000000000000000e+02 2.375912658092853569e-01 9.159080564406008040e-01 2.059626763768775473e-02 3.152025489303595523e-02 3.197542102867546865e-02 0.000000000000000000e+00
5.970000000000000000e+02 2.387912216972110091e-01 9.160218479745106945e-01 2.162039144287665124e-02 3.208921256258534527e-02 3.026854802002730896e-02 0.000000000000000000e+00
6.000000000000000000e+02 2.399911775851366613e-01 9.163632225762403660e-01 2.218934911242603433e-02 3.129267182521620200e-02 3.015475648611743234e-02 0.000000000000000000e+00
6.030000000000000000e+02 2.411911334730623135e-01 9.176149294492489394e-01 2.105143377332726468e-02 3.015475648611743234e-02 3.117888029130632538e-02 0.000000000000000000e+00
6.060000000000000000e+02 2.423910893609879658e-01 9.173873463814292695e-01 2.173418297678652786e-02 2.901684114701866268e-02 3.186162949476559203e-02 0.000000000000000000e+00
6.090000000000000000e+02 2.435910452489136180e-01 9.151115157032316816e-01 2.253072371415566766e-02 3.072371415566681890e-02 3.163404642694583185e-02 0.000000000000000000e+00
6.120000000000000000e+02 2.447910011368394922e-01 9.161356395084205850e-01 2.218934911242603433e-02 3.004096495220755572e-02 3.163404642694583185e-02 0.000000000000000000e+00
6.150000000000000000e+02 2.459909570247651445e-01 9.185252617205279524e-01 2.127901684114701791e-02 2.992717341829767910e-02 3.026854802002730896e-02 0.000000000000000000e+00
6.180000000000000000e+02 2.471909129126907967e-01 9.184114701866180619e-01 2.116522530723714129e-02 3.140646335912607862e-02 2.901684114701866268e-02 0.000000000000000000e+00
6.210000000000000000e+02 2.483908688006164489e-01 9.181838871187983919e-01 2.150659990896677115e-02 3.220300409649522189e-02 2.810650887573964626e-02 0.000000000000000000e+00
6.240000000000000000e+02 2.495908246885421011e-01 9.167045971779699265e-01 2.207555757851615771e-02 3.368229403732362487e-02 2.753755120619025970e-02 0.000000000000000000e+00
6.270000000000000000e+02 2.507907805764677533e-01 9.182976786527082824e-01 2.366863905325443732e-02 3.243058716431497512e-02 2.560309512972235024e-02 0.000000000000000000e+00
6.300000000000000000e+02 2.519907364643934056e-01 9.212562585343649912e-01 2.207555757851615771e-02 3.117888029130632538e-02 2.548930359581247015e-02 0.000000000000000000e+00
6.330000000000000000e+02 2.531906923523192798e-01 9.244424214838415921e-01 2.116522530723714129e-02 3.015475648611743234e-02 2.423759672280382388e-02 0.000000000000000000e+00
6.360000000000000000e+02 2.543906482402449321e-01 9.254665452890304955e-01 2.093764223941738806e-02 2.981338188438780248e-02 2.378243058716431393e-02 0.000000000000000000e+00
6.390000000000000000e+02 2.555906041281705843e-01 9.279699590350477534e-01 2.071005917159763482e-02 2.867546654528902936e-02 2.264451524806554428e-02 0.000000000000000000e+00
6.420000000000000000e+02 2.567905600160962365e-01 9.260355029585798370e-01 2.275830678197542090e-02 2.878925807919890598e-02 2.241693218024579104e-02 0.000000000000000000e+00
6.450000000000000000e+02 2.579905159040218887e-01 9.269458352298588499e-01 2.207555757851615771e-02 2.969959035047792587e-02 2.127901684114701791e-02 0.000000000000000000e+00
6.480000000000000000e+02 2.591904717919475409e-01 9.307009558488847922e-01 2.162039144287665124e-02 2.810650887573964626e-02 1.957214383249886169e-02 0.000000000000000000e+00
6.510000000000000000e+02 2.603904276798731932e-01 9.303595812471552318e-01 2.093764223941738806e-02 2.765134274010013632e-02 2.105143377332726468e-02 0.000000000000000000e+00
6.540000000000000000e+02 2.615903835677990674e-01 9.307009558488847922e-01 2.139280837505689453e-02 2.662721893491124328e-02 2.127901684114701791e-02 0.000000000000000000e+00
6.570000000000000000e+02 2.627903394557247196e-01 9.320664542558033672e-01 2.150659990896677115e-02 2.730996813837050646e-02 1.911697769685935522e-02 0.000000000000000000e+00
6.600000000000000000e+02 2.639902953436503719e-01 9.352526172052799680e-01 2.082385070550751144e-02 2.583067819754210348e-02 1.809285389167045871e-02 0.000000000000000000e+00
6.630000000000000000e+02 2.651902512315760241e-01 9.340009103322712836e-01 2.025489303595812488e-02 2.662721893491124328e-02 1.900318616294947513e-02 1.137915339098771066e-04
6.660000000000000000e+02 2.663902071195016763e-01 9.326354119253527086e-01 2.059626763768775473e-02 2.696859353664087314e-02 1.968593536640873831e-02 1.137915339098771066e-04
6.690000000000000000e+02 2.675901630074273285e-01 9.342284934000910646e-01 2.048247610377787811e-02 2.526172052799271692e-02 2.002730996813837164e-02 0.000000000000000000e+00
6.720000000000000000e+02 2.687901188953529807e-01 9.369594902139281034e-01 1.809285389167045871e-02 2.457897132453345374e-02 2.025489303595812488e-02 1.137915339098771066e-04
6.750000000000000000e+02 2.699900747832788550e-01 9.388939462903960198e-01 1.786527082385070547e-02 2.355484751934456070e-02 1.968593536640873831e-02 0.000000000000000000e+00
6.780000000000000000e+02 2.711900306712045072e-01 9.410559854346836062e-01 1.695493855257168905e-02 2.241693218024579104e-02 1.957214383249886169e-02 0.000000000000000000e+00
6.810000000000000000e+02 2.723899865591301594e-01 9.420801092398725096e-01 1.570323167956303931e-02 2.230314064633591095e-02 1.991351843422849502e-02 0.000000000000000000e+00
