# itime ezz other fcc hcp bcc ico
0.000000000000000000e+00 0.000000000000000000e+00 4.551661356395084266e-04 9.995448338643604380e-01 0.000000000000000000e+00 0.000000000000000000e+00 0.000000000000000000e+00
2.500000000000000000e+02 9.999583618085505776e-04 1.137915339098771066e-04 9.998862084660901095e-01 0.000000000000000000e+00 0.000000000000000000e+00 0.000000000000000000e+00
5.000000000000000000e+02 1.999916723617101155e-03 6.827492034592626399e-04 9.993172507965407680e-01 0.000000000000000000e+00 0.000000000000000000e+00 0.000000000000000000e+00
7.500000000000000000e+02 2.999875085425651733e-03 5.689576695493854790e-04 9.994310423304506585e-01 0.000000000000000000e+00 0.000000000000000000e+00 0.000000000000000000e+00
1.000000000000000000e+03 3.999833447234202310e-03 5.689576695493854790e-04 9.994310423304506585e-01 0.000000000000000000e+00 0.000000000000000000e+00 0.000000000000000000e+00
1.250000000000000000e+03 4.999791809042752888e-03 4.551661356395084266e-04 9.995448338643604380e-01 0.000000000000000000e+00 0.000000000000000000e+00 0.000000000000000000e+00
1.500000000000000000e+03 5.999750170851303466e-03 2.275830678197542133e-04 9.997724169321802190e-01 0.000000000000000000e+00 0.000000000000000000e+00 0.000000000000000000e+00
1.750000000000000000e+03 6.999708532659854043e-03 1.706873008648156654e-03 9.982931269913518646e-01 0.000000000000000000e+00 0.000000000000000000e+00 0.000000000000000000e+00
2.000000000000000000e+03 7.999666894468404621e-03 1.024123805188893906e-03 9.989758761948110966e-01 0.000000000000000000e+00 0.000000000000000000e+00 0.000000000000000000e+00
2.250000000000000000e+03 8.999625256276955199e-03 4.551661356395084266e-04 9.995448338643604380e-01 0.000000000000000000e+00 0.000000000000000000e+00 0.000000000000000000e+00
2.500000000000000000e+03 9.999583618085505776e-03 3.413746017296313199e-04 9.996586253982703285e-01 0.000000000000000000e+00 0.000000000000000000e+00 0.000000000000000000e+00
2.750000000000000000e+03 1.099954197989405635e-02 3.413746017296313199e-04 9.996586253982703285e-01 0.000000000000000000e+00 0.000000000000000000e+00 0.000000000000000000e+00
3.000000000000000000e+03 1.199950034170260693e-02 4.551661356395084266e-04 9.995448338643604380e-01 0.000000000000000000e+00 0.000000000000000000e+00 0.000000000000000000e+00
3.250000000000000000e+03 1.299945870351115751e-02 7.965407373691396923e-04 9.992034592626308775e-01 0.000000000000000000e+00 0.000000000000000000e+00 0.000000000000000000e+00
3.500000000000000000e+03 1.399941706531970809e-02 3.413746017296313199e-04 9.995448338643604380e-01 0.000000000000000000e+00 1.137915339098771066e-04 0.000000000000000000e+00
3.750000000000000000e+03 1.499937542712825866e-02 9.103322712790168532e-04 9.990896677287209870e-01 0.000000000000000000e+00 0.000000000000000000e+00 0.000000000000000000e+00
4.000000000000000000e+03 1.599933378893680924e-02 1.251706873008648227e-03 9.987482931269913156e-01 0.000000000000000000e+00 0.000000000000000000e+00 0.000000000000000000e+00
4.250000000000000000e+03 1.699929215074535982e-02 6.827492034592626399e-04 9.993172507965407680e-01 0.000000000000000000e+00 0.000000000000000000e+00 0.000000000000000000e+00
4.500000000000000000e+03 1.799925051255391040e-02 2.275830678197541916e-03 9.977241693218024121e-01 0.000000000000000000e+00 0.000000000000000000e+00 0.000000000000000000e+00
4.750000000000000000e+03 1.899920887436246097e-02 3.186162949476558769e-03 9.968138370505233992e-01 0.000000000000000000e+00 0.000000000000000000e+00 0.000000000000000000e+00
5.000000000000000000e+03 1.999916723617101155e-02 1.479289940828402332e-03 9.980655439235320836e-01 0.000000000000000000e+00 4.551661356395084266e-04 0.000000000000000000e+00
5.250000000000000000e+03 2.099912559797956213e-02 2.730996813837050560e-03 9.972690031861629611e-01 0.000000000000000000e+00 0.000000000000000000e+00 0.000000000000000000e+00
5.500000000000000000e+03 2.199908395978811271e-02 1.479289940828402332e-03 9.985207100591716456e-01 0.000000000000000000e+00 0.000000000000000000e+00 0.000000000000000000e+00
5.750000000000000000e+03 2.299904232159666329e-02 3.072371415566681717e-03 9.969276285844332897e-01 0.000000000000000000e+00 0.000000000000000000e+00 0.000000000000000000e+00
6.000000000000000000e+03 2.399900068340521386e-02 3.527537551206190360e-03 9.963586709148839482e-01 0.000000000000000000e+00 1.137915339098771066e-04 0.000000000000000000e+00
6.250000000000000000e+03 2.499895904521376444e-02 4.551661356395083832e-03 9.954483386436049352e-01 0.000000000000000000e+00 0.000000000000000000e+00 0.000000000000000000e+00
6.500000000000000000e+03 2.599891740702231502e-02 3.413746017296313308e-03 9.964724624487938387e-01 0.000000000000000000e+00 1.137915339098771066e-04 0.000000000000000000e+00
6.750000000000000000e+03 2.699887576883086560e-02 3.868912152935821518e-03 9.961310878470641672e-01 0.000000000000000000e+00 0.000000000000000000e+00 0.000000000000000000e+00
7.000000000000000000e+03 2.799883413063941617e-02 2.048247610377787811e-03 9.977241693218024121e-01 0.000000000000000000e+00 2.275830678197542133e-04 0.000000000000000000e+00
7.250000000000000000e+03 2.899879249244796675e-02 3.641329085116067413e-03 9.963586709148839482e-01 0.000000000000000000e+00 0.000000000000000000e+00 0.000000000000000000e+00
7.500000000000000000e+03 2.999875085425651733e-02 4.210286754665453109e-03 9.957897132453344957e-01 0.000000000000000000e+00 0.000000000000000000e+00 0.000000000000000000e+00
7.750000000000000000e+03 3.099870921606506791e-02 2.617205279927173507e-03 9.973827947200728516e-01 0.000000000000000000e+00 0.000000000000000000e+00 0.000000000000000000e+00
8.000000000000000000e+03 3.199866757787361848e-02 4.210286754665453109e-03 9.955621301775148257e-01 0.000000000000000000e+00 2.275830678197542133e-04 0.000000000000000000e+00
8.250000000000000000e+03 3.299862593968216906e-02 5.006827492034592909e-03 9.949931725079653733e-01 0.000000000000000000e+00 0.000000000000000000e+00 0.000000000000000000e+00
8.500000000000000000e+03 3.399858430149071964e-02 6.941283568502503235e-03 9.930587164314974569e-01 0.000000000000000000e+00 0.000000000000000000e+00 0.000000000000000000e+00
8.750000000000000000e+03 3.499854266329927022e-02 7.510241238051888930e-03 9.924897587619481154e-01 0.000000000000000000e+00 0.000000000000000000e+00 0.000000000000000000e+00
9.000000000000000000e+03 3.599850102510782079e-02 7.510241238051888930e-03 9.923759672280382249e-01 0.000000000000000000e+00 1.137915339098771066e-04 0.000000000000000000e+00
9.250000000000000000e+03 3.699845938691637137e-02 6.486117432862995025e-03 9.935138825671370189e-01 0.000000000000000000e+00 0.000000000000000000e+00 0.000000000000000000e+00
9.500000000000000000e+03 3.799841774872492195e-02 7.510241238051888930e-03 9.920345926263085534e-01 0.000000000000000000e+00 4.551661356395084266e-04 0.000000000000000000e+00
9.750000000000000000e+03 3.899837611053347253e-02 5.689576695493855224e-03 9.939690487027764698e-01 0.000000000000000000e+00 3.413746017296313199e-04 0.000000000000000000e+00
1.000000000000000000e+04 3.999833447234202310e-02 7.851615839781519654e-03 9.919208010923987739e-01 0.000000000000000000e+00 2.275830678197542133e-04 0.000000000000000000e+00
1.025000000000000000e+04 4.099829283415057368e-02 5.803368229403732710e-03 9.940828402366863603e-01 0.000000000000000000e+00 1.137915339098771066e-04 0.000000000000000000e+00
1.050000000000000000e+04 4.199825119595912426e-02 7.168866636322257339e-03 9.924897587619481154e-01 0.000000000000000000e+00 3.413746017296313199e-04 0.000000000000000000e+00
1.075000000000000000e+04 4.299820955776767484e-02 1.228948566226672687e-02 9.870277651342740377e-01 0.000000000000000000e+00 6.827492034592626399e-04 0.000000000000000000e+00
1.100000000000000000e+04 4.399816791957622542e-02 8.192990441511151245e-03 9.913518434228493215e-01 0.000000000000000000e+00 4.551661356395084266e-04 0.000000000000000000e+00
1.125000000000000000e+04 4.499812628138477599e-02 1.376877560309512985e-02 9.854346836595356818e-01 0.000000000000000000e+00 7.965407373691396923e-04 0.000000000000000000e+00
1.150000000000000000e+04 4.599808464319332657e-02 8.989531178880291046e-03 9.902139280837505275e-01 0.000000000000000000e+00 7.965407373691396923e-04 0.000000000000000000e+00
1.175000000000000000e+04 4.699804300500187715e-02 1.194811106053709528e-02 9.879380974055530507e-01 0.000000000000000000e+00 1.137915339098771066e-04 0.000000000000000000e+00
1.200000000000000000e+04 4.799800136681042773e-02 1.661356395084205573e-02 9.830450614474283144e-01 0.000000000000000000e+00 3.413746017296313199e-04 0.000000000000000000e+00
1.225000000000000000e+04 4.899795972861897830e-02 1.604460628129267263e-02 9.829312699135184239e-01 0.000000000000000000e+00 1.024123805188893906e-03 0.000000000000000000e+00
1.250000000000000000e+04 4.999791809042752888e-02 1.217569412835685025e-02 9.870277651342740377e-01 0.000000000000000000e+00 7.965407373691396923e-04 0.000000000000000000e+00
1.275000000000000000e+04 5.099787645223607946e-02 1.729631315430131891e-02 9.815657715065999600e-01 0.000000000000000000e+00 1.137915339098770958e-03 0.000000000000000000e+00
1.300000000000000000e+04 5.199783481404463004e-02 1.934456076467910846e-02 9.800864815657714946e-01 0.000000000000000000e+00 5.689576695493854790e-04 0.000000000000000000e+00
1.325000000000000000e+04 5.299779317585318061e-02 1.729631315430131891e-02 9.816795630405097395e-01 0.000000000000000000e+00 1.024123805188893906e-03 0.000000000000000000e+00
1.350000000000000000e+04 5.399775153766173119e-02 1.684114701866181243e-02 9.825898953117887524e-01 0.000000000000000000e+00 5.689576695493854790e-04 0.000000000000000000e+00
1.375000000000000000e+04 5.499770989947028177e-02 1.968593536640873831e-02 9.796313154301320436e-01 0.000000000000000000e+00 6.827492034592626399e-04 0.000000000000000000e+00
1.400000000000000000e+04 5.599766826127883235e-02 2.298588984979517413e-02 9.761037778789257713e-01 0.000000000000000000e+00 9.103322712790168532e-04 0.000000000000000000e+00
1.425000000000000000e+04 5.699762662308738292e-02 2.025489303595812488e-02 9.789485662266727006e-01 0.000000000000000000e+00 7.965407373691396923e-04 0.000000000000000000e+00
1.450000000000000000e+04 5.799758498489593350e-02 2.583067819754210348e-02 9.733727810650887324e-01 0.000000000000000000e+00 7.965407373691396923e-04 0.000000000000000000e+00
1.475000000000000000e+04 5.899754334670448408e-02 2.184797451069640448e-02 9.773554847519344557e-01 0.000000000000000000e+00 7.965407373691396923e-04 0.000000000000000000e+00
1.500000000000000000e+04 5.999750170851303466e-02 2.059626763768775473e-02 9.786071916249431402e-01 0.000000000000000000e+00 7.965407373691396923e-04 0.000000000000000000e+00
1.525000000000000000e+04 6.099746007032158523e-02 2.787892580791988956e-02 9.708693673190714746e-01 0.000000000000000000e+00 1.251706873008648227e-03 0.000000000000000000e+00
1.550000000000000000e+04 6.199741843213013581e-02 3.197542102867546865e-02 9.666590805644059703e-01 0.000000000000000000e+00 1.365498406918525280e-03 0.000000000000000000e+00
1.575000000000000000e+04 6.299737679393868639e-02 3.675466545289030745e-02 9.616522530723714546e-01 0.000000000000000000e+00 1.593081474738279385e-03 0.000000000000000000e+00
1.600000000000000000e+04 6.399733515574723697e-02 3.311333636777423484e-02 9.652935821574875064e-01 0.000000000000000000e+00 1.593081474738279385e-03 0.000000000000000000e+00
1.625000000000000000e+04 6.499729351755578755e-02 3.277196176604460498e-02 9.654073736913973969e-01 0.000000000000000000e+00 1.820664542558033706e-03 0.000000000000000000e+00
1.650000000000000000e+04 6.599725187936433812e-02 3.698224852071006069e-02 9.607419208010924416e-01 0.000000000000000000e+00 2.275830678197541916e-03 0.000000000000000000e+00
1.675000000000000000e+04 6.699721024117288870e-02 4.483386436049158208e-02 9.515248065543923106e-01 0.000000000000000000e+00 3.641329085116067413e-03 0.000000000000000000e+00
1.700000000000000000e+04 6.799716860298143928e-02 4.631315430131998506e-02 9.507282658170231882e-01 0.000000000000000000e+00 2.958579881656804664e-03 0.000000000000000000e+00
1.725000000000000000e+04 6.899712696478998986e-02 4.210286754665452935e-02 9.557350933090578149e-01 0.000000000000000000e+00 2.162039144287664864e-03 0.000000000000000000e+00
1.750000000000000000e+04 6.999708532659854043e-02 4.403732362312243881e-02 9.538006372325898985e-01 0.000000000000000000e+00 2.162039144287664864e-03 0.000000000000000000e+00
1.775000000000000000e+04 7.099704368840709101e-02 5.382339553937186966e-02 9.432180245789713036e-01 0.000000000000000000e+00 2.958579881656804664e-03 0.000000000000000000e+00
1.800000000000000000e+04 7.199700205021564159e-02 5.029585798816568060e-02 9.465179790623577949e-01 0.000000000000000000e+00 3.186162949476558769e-03 0.000000000000000000e+00
1.825000000000000000e+04 7.299696041202419217e-02 5.746472462448793533e-02 9.388939462903960198e-01 0.000000000000000000e+00 3.641329085116067413e-03 0.000000000000000000e+00
1.850000000000000000e+04 7.399691877383274274e-02 6.395084205735093730e-02 9.312699135184342447e-01 0.000000000000000000e+00 4.779244424214838804e-03 0.000000000000000000e+00
1.875000000000000000e+04 7.499687713564129332e-02 7.692307692307692735e-02 9.175011379153390489e-01 0.000000000000000000e+00 5.575785161583977738e-03 0.000000000000000000e+00
1.900000000000000000e+04 7.599683549744984390e-02 7.908511606736458310e-02 9.136322257624033272e-01 0.000000000000000000e+00 7.282658170232134826e-03 0.000000000000000000e+00
1.925000000000000000e+04 7.699679385925839448e-02 7.862994993172507663e-02 9.134046426945835462e-01 0.000000000000000000e+00 7.965407373691398007e-03 0.000000000000000000e+00
1.950000000000000000e+04 7.799675222106694505e-02 8.477469276285844180e-02 9.080564406008192480e-01 0.000000000000000000e+00 7.168866636322257339e-03 0.000000000000000000e+00
1.975000000000000000e+04 7.899671058287571768e-02 9.706417842512517213e-02 8.930359581247154788e-01 0.000000000000000000e+00 9.899863450159307465e-03 0.000000000000000000e+00
2.000000000000000000e+04 7.999666894468426825e-02 1.192535275375512099e-01 8.690259444697314706e-01 0.000000000000000000e+00 1.172052799271734204e-02 0.000000000000000000e+00
2.025000000000000000e+04 8.099662730649281883e-02 1.111743286299499284e-01 8.793809740555302845e-01 0.000000000000000000e+00 9.444697314519799256e-03 0.000000000000000000e+00
2.050000000000000000e+04 8.199658566830136941e-02 1.555530268548019901e-01 8.270368684569867623e-01 1.137915339098771066e-04 1.729631315430131891e-02 0.000000000000000000e+00
2.075000000000000000e+04 8.299654403010991999e-02 1.357532999544833752e-01 8.470641784251251583e-01 0.000000000000000000e+00 1.718252162039144229e-02 0.000000000000000000e+00
2.100000000000000000e+04 8.399650239191847056e-02 1.753527537551206328e-01 7.944924897587619661e-01 1.137915339098771066e-04 3.004096495220755572e-02 0.000000000000000000e+00
2.125000000000000000e+04 8.499646075372702114e-02 1.751251706873008518e-01 7.860719162494310686e-01 2.275830678197542133e-04 3.857532999544834029e-02 0.000000000000000000e+00
2.150000000000000000e+04 8.599641911553557172e-02 1.825216203914428736e-01 7.724169321802457633e-01 7.965407373691396923e-04 4.426490669094219205e-02 0.000000000000000000e+00
2.175000000000000000e+04 8.699637747734412230e-02 1.847974510696404060e-01 7.633136094674556338e-01 1.137915339098771066e-04 5.177514792899408358e-02 0.000000000000000000e+00
2.200000000000000000e+04 8.799633583915267288e-02 2.016385980883022289e-01 7.200728265817023521e-01 6.827492034592626399e-04 7.760582612653618706e-02 0.000000000000000000e+00
2.225000000000000000e+04 8.899629420096122345e-02 2.198452435138825711e-01 6.909421939007738267e-01 4.551661356395084266e-04 8.875739644970413733e-02 0.000000000000000000e+00
2.250000000000000000e+04 8.999625256276977403e-02 2.749203459262630767e-01 5.875056895766954668e-01 2.844788347746927612e-03 1.347291761492944995e-01 0.000000000000000000e+00
2.275000000000000000e+04 9.099621092457832461e-02 2.579654073736913911e-01 5.611060537096039802e-01 1.251706873008648184e-02 1.684114701866181174e-01 0.000000000000000000e+00
2.300000000000000000e+04 9.199616928638687519e-02 3.009786071916249472e-01 4.327492034592626546e-01 4.654073736913973830e-02 2.197314519799726806e-01 0.000000000000000000e+00
2.325000000000000000e+04 9.299612764819542576e-02 3.121301775147928836e-01 3.896222121074192080e-01 8.113336367774237612e-02 2.171142467000455045e-01 0.000000000000000000e+00
2.350000000000000000e+04 9.399608601000397634e-02 3.012061902594446727e-01 3.898497951752389890e-01 1.145880746472462408e-01 1.943559399180700975e-01 0.000000000000000000e+00
2.375000000000000000e+04 9.499604437181252692e-02 2.922166590805644337e-01 3.840464269458352398e-01 1.422394173873463841e-01 1.814974965862539702e-01 0.000000000000000000e+00
2.400000000000000000e+04 9.599600273362107750e-02 2.720755575785161473e-01 3.683431952662721831e-01 1.777423759672280279e-01 1.818388711879836139e-01 0.000000000000000000e+00
2.425000000000000000e+04 9.699596109542962807e-02 2.686618115612198210e-01 3.513882567137004975e-01 2.022075557578516258e-01 1.777423759672280279e-01 0.000000000000000000e+00
2.450000000000000000e+04 9.799591945723817865e-02 2.639963586709148657e-01 3.619708693673190925e-01 2.164314974965862448e-01 1.576012744651797970e-01 0.000000000000000000e+00
2.475000000000000000e+04 9.899587781904672923e-02 2.357760582612653533e-01 3.700500682749203185e-01 2.415794264906691025e-01 1.525944469731451980e-01 0.000000000000000000e+00
2.500000000000000000e+04 9.999583618085527981e-02 2.485207100591715901e-01 3.640191169776968438e-01 2.488620846609012338e-01 1.385980883022303045e-01 0.000000000000000000e+00
2.525000000000000000e+04 1.009957945426638304e-01 2.456759217114246607e-01 3.758534365043240677e-01 2.628584433318161273e-01 1.156121984524351443e-01 0.000000000000000000e+00
2.550000000000000000e+04 1.019957529044723810e-01 2.331588529813381772e-01 3.773327264451524776e-01 2.529585798816568198e-01 1.365498406918525254e-01 0.000000000000000000e+00
2.575000000000000000e+04 1.029957112662809315e-01 2.316795630405097950e-01 3.739189804278561513e-01 2.651342740100136597e-01 1.292671825216203940e-01 0.000000000000000000e+00
2.600000000000000000e+04 1.039956696280894821e-01 2.389622212107419263e-01 3.667501137915338827e-01 2.621756941283568398e-01 1.321119708693673234e-01 0.000000000000000000e+00
2.625000000000000000e+04 1.049956279898980327e-01 2.341829767865270806e-01 3.664087391898042667e-01 2.670687300864815761e-01 1.323395539371870766e-01 0.000000000000000000e+00
2.650000000000000000e+04 1.059955863517065833e-01 2.347519344560764776e-01 3.596950386891215046e-01 2.649066909421938787e-01 1.406463359126081114e-01 0.000000000000000000e+00
2.675000000000000000e+04 1.069955447135151339e-01 2.420345926263086089e-01 3.513882567137004975e-01 2.555757851615839682e-01 1.510013654984069253e-01 0.000000000000000000e+00
2.700000000000000000e+04 1.079955030753236844e-01 2.469276285844333174e-01 3.478607191624943362e-01 2.593309057806099105e-01 1.458807464724624359e-01 0.000000000000000000e+00
2.725000000000000000e+04 1.089954614371322350e-01 2.575102412380518846e-01 3.502503413746017036e-01 2.586481565771506785e-01 1.335912608101957333e-01 0.000000000000000000e+00
2.750000000000000000e+04 1.099954197989407856e-01 2.668411470186617951e-01 3.393263541192535482e-01 2.639963586709148657e-01 1.298361401911697632e-01 0.000000000000000000e+00
2.775000000000000000e+04 1.109953781607493362e-01 2.562585343650432557e-01 3.438780154756486129e-01 2.628584433318161273e-01 1.370050068274920319e-01 0.000000000000000000e+00
2.800000000000000000e+04 1.119953365225578867e-01 2.506827492034592875e-01 3.433090578060992160e-01 2.647928994082840437e-01 1.412152935821574806e-01 0.000000000000000000e+00
2.825000000000000000e+04 1.129952948843664373e-01 2.595584888484296915e-01 3.444469731451980099e-01 2.630860263996358528e-01 1.329085116067364458e-01 0.000000000000000000e+00
2.850000000000000000e+04 1.139952532461749879e-01 2.581929904415111721e-01 3.433090578060992160e-01 2.613791533909877174e-01 1.371187983614019223e-01 0.000000000000000000e+00
2.875000000000000000e+04 1.149952116079835385e-01 2.692307692307692180e-01 3.337505689576695245e-01 2.736686390532544477e-01 1.233500227583067821e-01 0.000000000000000000e+00
2.900000000000000000e+04 1.159951699697920890e-01 2.753755120619025831e-01 3.277196176604460498e-01 2.717341829767865313e-01 1.251706873008648080e-01 0.000000000000000000e+00
2.925000000000000000e+04 1.169951283316006396e-01 2.726445152480655443e-01 3.263541192535275304e-01 2.699135184342285054e-01 1.310878470641784199e-01 0.000000000000000000e+00
2.950000000000000000e+04 1.179950866934091902e-01 2.643377332726445372e-01 3.284023668639053373e-01 2.814064633591260578e-01 1.258534365043240677e-01 0.000000000000000000e+00
2.975000000000000000e+04 1.189950450552177408e-01 2.750341374601729671e-01 3.172507965407373454e-01 2.745789713245334607e-01 1.331360946745562268e-01 0.000000000000000000e+00
3.000000000000000000e+04 1.199950034170262914e-01 2.847064178425124936e-01 3.081474738279472159e-01 2.728720983158853253e-01 1.342740100136549930e-01 0.000000000000000000e+00
3.025000000000000000e+04 1.209949617788348419e-01 2.785616750113791285e-01 3.030268548020027541e-01 2.779927173418297870e-01 1.404187528447883582e-01 0.000000000000000000e+00
3.050000000000000000e+04 1.219949201406433925e-01 2.771961766044606090e-01 3.090578060992262288e-01 2.808375056895767163e-01 1.329085116067364458e-01 0.000000000000000000e+00
3.075000000000000000e+04 1.229948785024519431e-01 2.826581702321347422e-01 3.074647246244879284e-01 2.869822485207100815e-01 1.228948566226672756e-01 0.000000000000000000e+00
3.100000000000000000e+04 1.239948368642604937e-01 2.958579881656804855e-01 3.022303140646335762e-01 2.985889849795175244e-01 1.033227127901684139e-01 0.000000000000000000e+00
3.125000000000000000e+04 1.249947952260690442e-01 2.870960400546199165e-01 2.969959035047792240e-01 3.350022758306782089e-01 8.090578060992262288e-02 0.000000000000000000e+00
3.150000000000000000e+04 1.259947535878775948e-01 2.515930814747383004e-01 3.212335002275830687e-01 3.703914428766499900e-01 5.678197542102867562e-02 0.000000000000000000e+00
3.175000000000000000e+04 1.269947119496861454e-01 2.297451069640418786e-01 3.600364132908511761e-01 3.760810195721438487e-01 3.413746017296313134e-02 0.000000000000000000e+00
3.200000000000000000e+04 1.279946703114946960e-01 1.843422849340008995e-01 3.930359581247155343e-01 4.025944469731451703e-01 2.002730996813837164e-02 0.000000000000000000e+00
3.225000000000000000e+04 1.289946286733032466e-01 1.708010923987255403e-01 3.921256258534365213e-01 4.213700500682749372e-01 1.570323167956303931e-02 0.000000000000000000e+00
3.250000000000000000e+04 1.299945870351117971e-01 1.712562585343650468e-01 3.871187983614018946e-01 4.241010468821119761e-01 1.752389622212107562e-02 0.000000000000000000e+00
3.275000000000000000e+04 1.309945453969203477e-01 1.587391898042785632e-01 3.817705962676377074e-01 4.436731907146108100e-01 1.581702321347291593e-02 0.000000000000000000e+00
3.300000000000000000e+04 1.319945037587288983e-01 1.447428311333636697e-01 3.981565771506599960e-01 4.503868912152935722e-01 6.713700500682749130e-03 0.000000000000000000e+00
3.325000000000000000e+04 1.329944621205374489e-01 1.275603095129722309e-01 4.203459262630860338e-01 4.451524806554392200e-01 6.941283568502503235e-03 0.000000000000000000e+00
3.350000000000000000e+04 1.339944204823459994e-01 1.169776968593536637e-01 4.197769685935366368e-01 4.588074647246244697e-01 4.437869822485207214e-03 0.000000000000000000e+00
3.375000000000000000e+04 1.349943788441545500e-01 1.162949476558944040e-01 4.206873008648156498e-01 4.582385070550751283e-01 4.779244424214838804e-03 0.000000000000000000e+00
3.400000000000000000e+04 1.359943372059631006e-01 1.143604915794264876e-01 4.206873008648156498e-01 4.594902139280837572e-01 5.461993627674101119e-03 0.000000000000000000e+00
3.425000000000000000e+04 1.369942955677716512e-01 1.008192990441511144e-01 4.385525716886663483e-01 4.586936731907146347e-01 1.934456076467910759e-03 0.000000000000000000e+00
3.450000000000000000e+04 1.379942539295802018e-01 9.376422394173873631e-02 4.552799271734183084e-01 4.487938097405553273e-01 2.162039144287664864e-03 0.000000000000000000e+00
3.475000000000000000e+04 1.389942122913887523e-01 8.739189804278561791e-02 4.586936731907146347e-01 4.516385980883022566e-01 2.275830678197541916e-03 0.000000000000000000e+00
3.500000000000000000e+04 1.399941706531973029e-01 8.579881656804733137e-02 4.665452890304961353e-01 4.465179790623577394e-01 1.137915339098770958e-03 0.000000000000000000e+00
3.525000000000000000e+04 1.409941290150058535e-01 7.510241238051888757e-02 4.666590805644060258e-01 4.558488848429677054e-01 2.389622212107419402e-03 0.000000000000000000e+00
3.550000000000000000e+04 1.419940873768144041e-01 7.965407373691398007e-02 4.693900773782430647e-01 4.502730996813836817e-01 6.827492034592626399e-04 0.000000000000000000e+00
3.575000000000000000e+04 1.429940457386229546e-01 7.362312243969049153e-02 4.827036868456986984e-01 4.429904415111515781e-01 6.827492034592626399e-04 0.000000000000000000e+00
3.600000000000000000e+04 1.439940041004315052e-01 6.884387801547564578e-02 4.924897587619481154e-01 4.382111970869367323e-01 4.551661356395084266e-04 0.000000000000000000e+00
3.625000000000000000e+04 1.449939624622400558e-01 6.338188438780155420e-02 4.965862539827036737e-01 4.396904870277651423e-01 3.413746017296313199e-04 0.000000000000000000e+00
3.650000000000000000e+04 1.459939208240486064e-01 6.417842512517069054e-02 4.963586709148839482e-01 4.392353208921256358e-01 2.275830678197542133e-04 0.000000000000000000e+00
3.675000000000000000e+04 1.469938791858571570e-01 6.531634046426945672e-02 4.959035047792444417e-01 4.383249886208466228e-01 4.551661356395084266e-04 0.000000000000000000e+00
3.700000000000000000e+04 1.479938375476657075e-01 6.087847064178425471e-02 4.981793354574419741e-01 4.404870277651342647e-01 4.551661356395084266e-04 0.000000000000000000e+00
3.725000000000000000e+04 1.489937959094742581e-01 5.917159763313609155e-02 5.017068730086481354e-01 4.388939462903960198e-01 2.275830678197542133e-04 0.000000000000000000e+00
3.750000000000000000e+04 1.499937542712828087e-01 5.860263996358670846e-02 5.037551206190259423e-01 4.368456986800182129e-01 7.965407373691396923e-04 0.000000000000000000e+00
3.775000000000000000e+04 1.509937126330913593e-01 5.712335002275830548e-02 5.032999544833864913e-01 4.383249886208466228e-01 1.251706873008648227e-03 0.000000000000000000e+00
3.800000000000000000e+04 1.519936709948999098e-01 5.700955848884842886e-02 5.037551206190259423e-01 4.377560309512972259e-01 1.479289940828402332e-03 0.000000000000000000e+00
3.825000000000000000e+04 1.529936293567084604e-01 5.530268548020027264e-02 5.055757851615839682e-01 4.385525716886663483e-01 5.689576695493854790e-04 0.000000000000000000e+00
3.850000000000000000e+04 1.539935877185170110e-01 5.962676376877560497e-02 5.022758306781975879e-01 4.373008648156577194e-01 7.965407373691396923e-04 0.000000000000000000e+00
3.875000000000000000e+04 1.549935460803255616e-01 5.939918070095585173e-02 5.015930814747382449e-01 4.383249886208466228e-01 6.827492034592626399e-04 0.000000000000000000e+00
3.900000000000000000e+04 1.559935044421341122e-01 6.110605370960400795e-02 5.005689576695493415e-01 4.377560309512972259e-01 5.689576695493854790e-04 0.000000000000000000e+00
3.925000000000000000e+04 1.569934628039426627e-01 5.883022303140646170e-02 5.015930814747382449e-01 4.390077378243058548e-01 5.689576695493854790e-04 0.000000000000000000e+00
3.950000000000000000e+04 1.579934211657512133e-01 5.826126536185707860e-02 5.023896222121073674e-01 4.383249886208466228e-01 1.024123805188893906e-03 0.000000000000000000e+00
3.975000000000000000e+04 1.589933795275597639e-01 6.497496586253982687e-02 4.977241693218024676e-01 4.358215748748293095e-01 1.479289940828402332e-03 0.000000000000000000e+00
4.000000000000000000e+04 1.599933378893683145e-01 5.723714155666818210e-02 5.018206645425580259e-01 4.400318616294947582e-01 9.103322712790168532e-04 0.000000000000000000e+00
4.025000000000000000e+04 1.609932962511768650e-01 6.213017751479289752e-02 4.984069185252616996e-01 4.384387801547565133e-01 1.024123805188893906e-03 0.000000000000000000e+00
4.050000000000000000e+04 1.619932546129854156e-01 6.235776058261265076e-02 4.977241693218024676e-01 4.382111970869367323e-01 1.706873008648156654e-03 0.000000000000000000e+00
4.075000000000000000e+04 1.629932129747939662e-01 6.235776058261265076e-02 5.002275830678197810e-01 4.359353664087392000e-01 1.479289940828402332e-03 0.000000000000000000e+00
4.100000000000000000e+04 1.639931713366025168e-01 6.008192990441511144e-02 4.997724169321802190e-01 4.391215293582157453e-01 1.024123805188893906e-03 0.000000000000000000e+00
4.125000000000000000e+04 1.649931296984110674e-01 6.383705052344106068e-02 4.974965862539826866e-01 4.366181156121984319e-01 2.048247610377787811e-03 0.000000000000000000e+00
4.150000000000000000e+04 1.659930880602196179e-01 6.531634046426945672e-02 4.967000455166135642e-01 4.365043240782885969e-01 1.479289940828402332e-03 0.000000000000000000e+00
4.175000000000000000e+04 1.669930464220281685e-01 6.850250341374601593e-02 4.948793809740555383e-01 4.352526172052799125e-01 1.365498406918525280e-03 0.000000000000000000e+00
4.200000000000000000e+04 1.679930047838367191e-01 6.770596267637687959e-02 4.941966317705962508e-01 4.370732817478379384e-01 1.024123805188893906e-03 0.000000000000000000e+00
4.225000000000000000e+04 1.689929631456452697e-01 6.702321347291761988e-02 4.940828402366864158e-01 4.367319071461083224e-01 2.162039144287664864e-03 0.000000000000000000e+00
4.250000000000000000e+04 1.699929215074538202e-01 6.975421028675465873e-02 4.929449248975876219e-01 4.355939918070095840e-01 1.706873008648156654e-03 0.000000000000000000e+00
4.275000000000000000e+04 1.709928798692623708e-01 7.271279016841146470e-02 4.918070095584888279e-01 4.336595357305416676e-01 1.820664542558033706e-03 0.000000000000000000e+00
4.300000000000000000e+04 1.719928382310709214e-01 6.941283568502502888e-02 4.936276741010469093e-01 4.352526172052799125e-01 1.706873008648156654e-03 0.000000000000000000e+00
4.325000000000000000e+04 1.729927965928794720e-01 7.259899863450158808e-02 4.910104688211197055e-01 4.340009103322712836e-01 2.389622212107419402e-03 0.000000000000000000e+00
4.350000000000000000e+04 1.739927549546880226e-01 7.646791078743742087e-02 4.896449704142011861e-01 4.324078288575329831e-01 1.479289940828402332e-03 0.000000000000000000e+00
4.375000000000000000e+04 1.749927133164965731e-01 7.259899863450158808e-02 4.903277196176604735e-01 4.346836595357305155e-01 2.389622212107419402e-03 0.000000000000000000e+00
4.400000000000000000e+04 1.759926716783051237e-01 7.237141556668183484e-02 4.894173873463814051e-01 4.357077833409194190e-01 2.503413746017296455e-03 0.000000000000000000e+00
4.425000000000000000e+04 1.769926300401136743e-01 7.601274465179790052e-02 4.847519344560764498e-01 4.366181156121984319e-01 2.617205279927173507e-03 0.000000000000000000e+00
4.450000000000000000e+04 1.779925884019222249e-01 7.589895311788802390e-02 4.873691397360036537e-01 4.352526172052799125e-01 1.479289940828402332e-03 0.000000000000000000e+00
4.475000000000000000e+04 1.789925467637307754e-01 8.022303140646336317e-02 4.790623577605825911e-01 4.371870732817478289e-01 3.527537551206190360e-03 0.000000000000000000e+00
4.500000000000000000e+04 1.799925051255393260e-01 7.783340919435594030e-02 4.824761037778789174e-01 4.365043240782885969e-01 3.186162949476558769e-03 0.000000000000000000e+00
4.525000000000000000e+04 1.809924634873478766e-01 7.692307692307692735e-02 4.840691852526172179e-01 4.362767410104688159e-01 2.730996813837050560e-03 0.000000000000000000e+00
4.550000000000000000e+04 1.819924218491564272e-01 7.828857532999544677e-02 4.836140191169777114e-01 4.343422849340008995e-01 3.755120619025944465e-03 0.000000000000000000e+00
4.575000000000000000e+04 1.829923802109649777e-01 7.908511606736458310e-02 4.822485207100591920e-01 4.346836595357305155e-01 3.982703686845699004e-03 0.000000000000000000e+00
4.600000000000000000e+04 1.839923385727735283e-01 7.862994993172507663e-02 4.844105598543468338e-01 4.336595357305416676e-01 3.299954483386436255e-03 0.000000000000000000e+00
4.625000000000000000e+04 1.849922969345820789e-01 8.545744196631770151e-02 4.780382339553937432e-01 4.335457441966317771e-01 2.958579881656804664e-03 0.000000000000000000e+00
4.650000000000000000e+04 1.859922552963906295e-01 7.976786527082385669e-02 4.811106053709603980e-01 4.347974510696404060e-01 4.324078288575329727e-03 0.000000000000000000e+00
4.675000000000000000e+04 1.869922136581991801e-01 8.124715521165225274e-02 4.813381884387801790e-01 4.343422849340008995e-01 3.072371415566681717e-03 0.000000000000000000e+00
4.700000000000000000e+04 1.879921720200077306e-01 8.591260810195720798e-02 4.778106508875739622e-01 4.326354119253527641e-01 3.641329085116067413e-03 0.000000000000000000e+00
4.725000000000000000e+04 1.889921303818162812e-01 8.716431497496586467e-02 4.731451979972690070e-01 4.343422849340008995e-01 5.348202093764223633e-03 0.000000000000000000e+00
4.750000000000000000e+04 1.899920887436248318e-01 9.399180700955848955e-02 4.687073281747837772e-01 4.328629949931724896e-01 4.437869822485207214e-03 0.000000000000000000e+00
4.775000000000000000e+04 1.909920471054333824e-01 8.727810650887574129e-02 4.740555302685480199e-01 4.352526172052799125e-01 3.413746017296313308e-03 0.000000000000000000e+00
4.800000000000000000e+04 1.919920054672419329e-01 9.194355939918069653e-02 4.722348657259899940e-01 4.321802457897132577e-01 3.641329085116067413e-03 0.000000000000000000e+00
4.825000000000000000e+04 1.929919638290504835e-01 9.114701866181156020e-02 4.716659080564405970e-01 4.332043695949021611e-01 3.982703686845699004e-03 0.000000000000000000e+00
4.850000000000000000e+04 1.939919221908590341e-01 9.524351388256713236e-02 4.696176604460627901e-01 4.319526627218934767e-01 3.186162949476558769e-03 0.000000000000000000e+00
4.875000000000000000e+04 1.949918805526675847e-01 1.009330905780609910e-01 4.654073736913973414e-01 4.294492489758762188e-01 4.210286754665453109e-03 0.000000000000000000e+00
4.900000000000000000e+04 1.959918389144761353e-01 9.706417842512517213e-02 4.643832498862084934e-01 4.341147018661811741e-01 4.437869822485207214e-03 0.000000000000000000e+00
4.925000000000000000e+04 1.969917972762846858e-01 1.046882111970869333e-01 4.619936276741010706e-01 4.297906235776058348e-01 3.527537551206190360e-03 0.000000000000000000e+00
4.950000000000000000e+04 1.979917556380932364e-01 1.088984979517523960e-01 4.541420118343195145e-01 4.302457897132453413e-01 6.713700500682749130e-03 0.000000000000000000e+00
4.975000000000000000e+04 1.989917139999017870e-01 1.091260810195721492e-01 4.569868001820664438e-01 4.294492489758762188e-01 4.437869822485207214e-03 0.000000000000000000e+00
5.000000000000000000e+04 1.999916723617103376e-01 1.044606281292671801e-01 4.644970414201183284e-01 4.268320436959490149e-01 4.210286754665453109e-03 0.000000000000000000e+00
5.025000000000000000e+04 2.009916307235188881e-01 1.008192990441511144e-01 4.622212107419207960e-01 4.310423304506144637e-01 5.917159763313609329e-03 0.000000000000000000e+00
5.050000000000000000e+04 2.019915890853274387e-01 1.073054164770141095e-01 4.572143832498862248e-01 4.296768320436959443e-01 5.803368229403732710e-03 0.000000000000000000e+00
5.075000000000000000e+04 2.029915474471359893e-01 1.144742831133363642e-01 4.492489758761948337e-01 4.289940828402367123e-01 7.282658170232134826e-03 0.000000000000000000e+00
5.100000000000000000e+04 2.039915058089445399e-01 1.294947655894401473e-01 4.507282658170231882e-01 4.135184342284933812e-01 6.258534365043240920e-03 0.000000000000000000e+00
5.125000000000000000e+04 2.049914641707530905e-01 1.448566226672735602e-01 4.977241693218024676e-01 3.501365498406918686e-01 7.282658170232134826e-03 0.000000000000000000e+00
5.150000000000000000e+04 2.059914225325616410e-01 8.693673190714611143e-02 6.137915339098770628e-01 2.935821574874829532e-01 5.689576695493855224e-03 0.000000000000000000e+00
5.175000000000000000e+04 2.069913808943701916e-01 9.000910332271279402e-02 6.118570778334091465e-01 2.923304506144742687e-01 5.803368229403732710e-03 0.000000000000000000e+00
5.200000000000000000e+04 2.079913392561787422e-01 8.113336367774237612e-02 6.172052799271734447e-01 2.952890304961310886e-01 6.372325898953117539e-03 0.000000000000000000e+00
5.225000000000000000e+04 2.089912976179872928e-01 7.908511606736458310e-02 6.209604005461993870e-01 2.934683659535730627e-01 6.486117432862995025e-03 0.000000000000000000e+00
5.250000000000000000e+04 2.099912559797958433e-01 8.284023668639053928e-02 6.176604460628128956e-01 2.934683659535730627e-01 6.030951297223486815e-03 0.000000000000000000e+00
5.275000000000000000e+04 2.109912143416043939e-01 8.443331816112881194e-02 6.141329085116067343e-01 2.943786982248520756e-01 7.055075102412380721e-03 0.000000000000000000e+00
5.300000000000000000e+04 2.119911727034129445e-01 8.693673190714611143e-02 6.161811561219845412e-01 2.917614929449248717e-01 5.120619025944469528e-03 0.000000000000000000e+00
5.325000000000000000e+04 2.129911310652214951e-01 8.545744196631770151e-02 6.126536185707783799e-01 2.935821574874829532e-01 8.306781975421027864e-03 0.000000000000000000e+00
5.350000000000000000e+04 2.139910894270300457e-01 8.466090122894856518e-02 6.153846153846154188e-01 2.928994082840236657e-01 7.055075102412380721e-03 0.000000000000000000e+00
5.375000000000000000e+04 2.149910477888385962e-01 8.318161128812016913e-02 6.147018661811560758e-01 2.948338643604915821e-01 7.282658170232134826e-03 0.000000000000000000e+00
5.400000000000000000e+04 2.159910061506471468e-01 9.012289485662267063e-02 6.108329540282203540e-01 2.922166590805644337e-01 6.713700500682749130e-03 1.137915339098771066e-04
5.425000000000000000e+04 2.169909645124556974e-01 8.818843878015475424e-02 6.087847064178425471e-01 2.934683659535730627e-01 9.558488848429677609e-03 0.000000000000000000e+00
5.450000000000000000e+04 2.179909228742642480e-01 9.399180700955848955e-02 6.052571688666362748e-01 2.918752844788347622e-01 8.875739644970414427e-03 0.000000000000000000e+00
5.475000000000000000e+04 2.189908812360727985e-01 9.251251706873007963e-02 6.076467910787437532e-01 2.900546199362767363e-01 9.786071916249430847e-03 0.000000000000000000e+00
5.500000000000000000e+04 2.199908395978813491e-01 1.024123805188894010e-01 5.977469276285843902e-01 2.909649522075557493e-01 8.875739644970414427e-03 0.000000000000000000e+00
5.525000000000000000e+04 2.209907979596898997e-01 1.053709604005461931e-01 5.971779699590350488e-01 2.892580791989076139e-01 8.192990441511151245e-03 0.000000000000000000e+00
5.550000000000000000e+04 2.219907563214984503e-01 1.042330450614474269e-01 5.918297678652708615e-01 2.916477014110150368e-01 1.228948566226672687e-02 0.000000000000000000e+00
5.575000000000000000e+04 2.229907146833070009e-01 1.036640873918980438e-01 5.985434683659536237e-01 2.880063723258989294e-01 9.786071916249430847e-03 0.000000000000000000e+00
5.600000000000000000e+04 2.239906730451155514e-01 1.087847064178425194e-01 5.871643149749659063e-01 2.921028675466545432e-01 1.194811106053709528e-02 0.000000000000000000e+00
5.625000000000000000e+04 2.249906314069241020e-01 1.148156577150659940e-01 5.850022758306782089e-01 2.875512061902594230e-01 1.263086026399635846e-02 0.000000000000000000e+00
5.650000000000000000e+04 2.259905897687326526e-01 1.111743286299499284e-01 5.865953573054164538e-01 2.893718707328175044e-01 1.285844333181611343e-02 0.000000000000000000e+00
5.675000000000000000e+04 2.269905481305412032e-01 1.162949476558944040e-01 5.782885753299954468e-01 2.908511606736458588e-01 1.456531634046426965e-02 0.000000000000000000e+00
