# itime ezz other fcc hcp bcc ico
0.000000000000000000e+00 0.000000000000000000e+00 0.000000000000000000e+00 1.000000000000000000e+00 0.000000000000000000e+00 0.000000000000000000e+00 0.000000000000000000e+00
3.000000000000000000e+00 1.200028237898109751e-03 0.000000000000000000e+00 1.000000000000000000e+00 0.000000000000000000e+00 0.000000000000000000e+00 0.000000000000000000e+00
6.000000000000000000e+00 2.400056475796219502e-03 0.000000000000000000e+00 1.000000000000000000e+00 0.000000000000000000e+00 0.000000000000000000e+00 0.000000000000000000e+00
9.000000000000000000e+00 3.600084713694329253e-03 0.000000000000000000e+00 1.000000000000000000e+00 0.000000000000000000e+00 0.000000000000000000e+00 0.000000000000000000e+00
1.200000000000000000e+01 4.800112951592661048e-03 0.000000000000000000e+00 1.000000000000000000e+00 0.000000000000000000e+00 0.000000000000000000e+00 0.000000000000000000e+00
1.500000000000000000e+01 6.000141189490770799e-03 0.000000000000000000e+00 1.000000000000000000e+00 0.000000000000000000e+00 0.000000000000000000e+00 0.000000000000000000e+00
1.800000000000000000e+01 7.200169427388880550e-03 0.000000000000000000e+00 1.000000000000000000e+00 0.000000000000000000e+00 0.000000000000000000e+00 0.000000000000000000e+00
2.100000000000000000e+01 8.400197665286990301e-03 0.000000000000000000e+00 1.000000000000000000e+00 0.000000000000000000e+00 0.000000000000000000e+00 0.000000000000000000e+00
2.400000000000000000e+01 9.600225903185100051e-03 0.000000000000000000e+00 1.000000000000000000e+00 0.000000000000000000e+00 0.000000000000000000e+00 0.000000000000000000e+00
2.700000000000000000e+01 1.080025414108320980e-02 0.000000000000000000e+00 1.000000000000000000e+00 0.000000000000000000e+00 0.000000000000000000e+00 0.000000000000000000e+00
3.000000000000000000e+01 1.200028237898131955e-02 0.000000000000000000e+00 1.000000000000000000e+00 0.000000000000000000e+00 0.000000000000000000e+00 0.000000000000000000e+00
3.300000000000000000e+01 1.320031061687965135e-02 0.000000000000000000e+00 1.000000000000000000e+00 0.000000000000000000e+00 0.000000000000000000e+00 0.000000000000000000e+00
3.600000000000000000e+01 1.440033885477776110e-02 0.000000000000000000e+00 1.000000000000000000e+00 0.000000000000000000e+00 0.000000000000000000e+00 0.000000000000000000e+00
3.900000000000000000e+01 1.560036709267587085e-02 0.000000000000000000e+00 1.000000000000000000e+00 0.000000000000000000e+00 0.000000000000000000e+00 0.000000000000000000e+00
4.200000000000000000e+01 1.680039533057398060e-02 0.000000000000000000e+00 1.000000000000000000e+00 0.000000000000000000e+00 0.000000000000000000e+00 0.000000000000000000e+00
4.500000000000000000e+01 1.800042356847209035e-02 0.000000000000000000e+00 1.000000000000000000e+00 0.000000000000000000e+00 0.000000000000000000e+00 0.000000000000000000e+00
4.800000000000000000e+01 1.920045180637020010e-02 0.000000000000000000e+00 1.000000000000000000e+00 0.000000000000000000e+00 0.000000000000000000e+00 0.000000000000000000e+00
5.100000000000000000e+01 2.040048004426853190e-02 0.000000000000000000e+00 1.000000000000000000e+00 0.000000000000000000e+00 0.000000000000000000e+00 0.000000000000000000e+00
5.400000000000000000e+01 2.160050828216664165e-02 0.000000000000000000e+00 1.000000000000000000e+00 0.000000000000000000e+00 0.000000000000000000e+00 0.000000000000000000e+00
5.700000000000000000e+01 2.280053652006475140e-02 0.000000000000000000e+00 1.000000000000000000e+00 0.000000000000000000e+00 0.000000000000000000e+00 0.000000000000000000e+00
6.000000000000000000e+01 2.400056475796286115e-02 0.000000000000000000e+00 1.000000000000000000e+00 0.000000000000000000e+00 0.000000000000000000e+00 0.000000000000000000e+00
6.300000000000000000e+01 2.520059299586097090e-02 0.000000000000000000e+00 1.000000000000000000e+00 0.000000000000000000e+00 0.000000000000000000e+00 0.000000000000000000e+00
6.600000000000000000e+01 2.640062123375908065e-02 0.000000000000000000e+00 1.000000000000000000e+00 0.000000000000000000e+00 0.000000000000000000e+00 0.000000000000000000e+00
6.900000000000000000e+01 2.760064947165719040e-02 0.000000000000000000e+00 1.000000000000000000e+00 0.000000000000000000e+00 0.000000000000000000e+00 0.000000000000000000e+00
7.200000000000000000e+01 2.880067770955552220e-02 0.000000000000000000e+00 1.000000000000000000e+00 0.000000000000000000e+00 0.000000000000000000e+00 0.000000000000000000e+00
7.500000000000000000e+01 3.000070594745363195e-02 0.000000000000000000e+00 1.000000000000000000e+00 0.000000000000000000e+00 0.000000000000000000e+00 0.000000000000000000e+00
7.800000000000000000e+01 3.120073418535174170e-02 0.000000000000000000e+00 1.000000000000000000e+00 0.000000000000000000e+00 0.000000000000000000e+00 0.000000000000000000e+00
8.100000000000000000e+01 3.240076242324985145e-02 0.000000000000000000e+00 1.000000000000000000e+00 0.000000000000000000e+00 0.000000000000000000e+00 0.000000000000000000e+00
8.400000000000000000e+01 3.360079066114796120e-02 0.000000000000000000e+00 1.000000000000000000e+00 0.000000000000000000e+00 0.000000000000000000e+00 0.000000000000000000e+00
8.700000000000000000e+01 3.480081889904607095e-02 0.000000000000000000e+00 1.000000000000000000e+00 0.000000000000000000e+00 0.000000000000000000e+00 0.000000000000000000e+00
9.000000000000000000e+01 3.600084713694418070e-02 0.000000000000000000e+00 1.000000000000000000e+00 0.000000000000000000e+00 0.000000000000000000e+00 0.000000000000000000e+00
9.300000000000000000e+01 3.720087537484251250e-02 0.000000000000000000e+00 1.000000000000000000e+00 0.000000000000000000e+00 0.000000000000000000e+00 0.000000000000000000e+00
9.600000000000000000e+01 3.840090361274062225e-02 0.000000000000000000e+00 1.000000000000000000e+00 0.000000000000000000e+00 0.000000000000000000e+00 0.000000000000000000e+00
9.900000000000000000e+01 3.960093185063873200e-02 0.000000000000000000e+00 1.000000000000000000e+00 0.000000000000000000e+00 0.000000000000000000e+00 0.000000000000000000e+00
1.020000000000000000e+02 4.080096008853684175e-02 0.000000000000000000e+00 1.000000000000000000e+00 0.000000000000000000e+00 0.000000000000000000e+00 0.000000000000000000e+00
1.050000000000000000e+02 4.200098832643495150e-02 0.000000000000000000e+00 1.000000000000000000e+00 0.000000000000000000e+00 0.000000000000000000e+00 0.000000000000000000e+00
1.080000000000000000e+02 4.320101656433306125e-02 0.000000000000000000e+00 1.000000000000000000e+00 0.000000000000000000e+00 0.000000000000000000e+00 0.000000000000000000e+00
1.110000000000000000e+02 4.440104480223117100e-02 0.000000000000000000e+00 1.000000000000000000e+00 0.000000000000000000e+00 0.000000000000000000e+00 0.000000000000000000e+00
1.140000000000000000e+02 4.560107304012950280e-02 0.000000000000000000e+00 1.000000000000000000e+00 0.000000000000000000e+00 0.000000000000000000e+00 0.000000000000000000e+00
1.170000000000000000e+02 4.680110127802761255e-02 0.000000000000000000e+00 1.000000000000000000e+00 0.000000000000000000e+00 0.000000000000000000e+00 0.000000000000000000e+00
1.200000000000000000e+02 4.800112951592572230e-02 0.000000000000000000e+00 1.000000000000000000e+00 0.000000000000000000e+00 0.000000000000000000e+00 0.000000000000000000e+00
1.230000000000000000e+02 4.920115775382383205e-02 0.000000000000000000e+00 1.000000000000000000e+00 0.000000000000000000e+00 0.000000000000000000e+00 0.000000000000000000e+00
1.260000000000000000e+02 5.040118599172194180e-02 0.000000000000000000e+00 1.000000000000000000e+00 0.000000000000000000e+00 0.000000000000000000e+00 0.000000000000000000e+00
1.290000000000000000e+02 5.160121422962005155e-02 0.000000000000000000e+00 1.000000000000000000e+00 0.000000000000000000e+00 0.000000000000000000e+00 0.000000000000000000e+00
1.320000000000000000e+02 5.280124246751838335e-02 0.000000000000000000e+00 1.000000000000000000e+00 0.000000000000000000e+00 0.000000000000000000e+00 0.000000000000000000e+00
1.350000000000000000e+02 5.400127070541649310e-02 0.000000000000000000e+00 1.000000000000000000e+00 0.000000000000000000e+00 0.000000000000000000e+00 0.000000000000000000e+00
1.380000000000000000e+02 5.520129894331460285e-02 0.000000000000000000e+00 1.000000000000000000e+00 0.000000000000000000e+00 0.000000000000000000e+00 0.000000000000000000e+00
1.410000000000000000e+02 5.640132718121271260e-02 0.000000000000000000e+00 1.000000000000000000e+00 0.000000000000000000e+00 0.000000000000000000e+00 0.000000000000000000e+00
1.440000000000000000e+02 5.760135541911082235e-02 0.000000000000000000e+00 1.000000000000000000e+00 0.000000000000000000e+00 0.000000000000000000e+00 0.000000000000000000e+00
1.470000000000000000e+02 5.880138365700893210e-02 0.000000000000000000e+00 1.000000000000000000e+00 0.000000000000000000e+00 0.000000000000000000e+00 0.000000000000000000e+00
1.500000000000000000e+02 6.000141189490704186e-02 0.000000000000000000e+00 1.000000000000000000e+00 0.000000000000000000e+00 0.000000000000000000e+00 0.000000000000000000e+00
1.530000000000000000e+02 6.120144013280537365e-02 0.000000000000000000e+00 1.000000000000000000e+00 0.000000000000000000e+00 0.000000000000000000e+00 0.000000000000000000e+00
1.560000000000000000e+02 6.240146837070348340e-02 0.000000000000000000e+00 1.000000000000000000e+00 0.000000000000000000e+00 0.000000000000000000e+00 0.000000000000000000e+00
1.590000000000000000e+02 6.360149660860159315e-02 0.000000000000000000e+00 1.000000000000000000e+00 0.000000000000000000e+00 0.000000000000000000e+00 0.000000000000000000e+00
1.620000000000000000e+02 6.480152484649970290e-02 0.000000000000000000e+00 1.000000000000000000e+00 0.000000000000000000e+00 0.000000000000000000e+00 0.000000000000000000e+00
1.650000000000000000e+02 6.600155308439781265e-02 0.000000000000000000e+00 1.000000000000000000e+00 0.000000000000000000e+00 0.000000000000000000e+00 0.000000000000000000e+00
1.680000000000000000e+02 6.720158132229592240e-02 0.000000000000000000e+00 1.000000000000000000e+00 0.000000000000000000e+00 0.000000000000000000e+00 0.000000000000000000e+00
1.710000000000000000e+02 6.840160956019403216e-02 0.000000000000000000e+00 1.000000000000000000e+00 0.000000000000000000e+00 0.000000000000000000e+00 0.000000000000000000e+00
1.740000000000000000e+02 6.960163779809236395e-02 0.000000000000000000e+00 1.000000000000000000e+00 0.000000000000000000e+00 0.000000000000000000e+00 0.000000000000000000e+00
1.770000000000000000e+02 7.080166603599047370e-02 0.000000000000000000e+00 1.000000000000000000e+00 0.000000000000000000e+00 0.000000000000000000e+00 0.000000000000000000e+00
1.800000000000000000e+02 7.200169427388858345e-02 0.000000000000000000e+00 1.000000000000000000e+00 0.000000000000000000e+00 0.000000000000000000e+00 0.000000000000000000e+00
1.830000000000000000e+02 7.320172251178669320e-02 0.000000000000000000e+00 1.000000000000000000e+00 0.000000000000000000e+00 0.000000000000000000e+00 0.000000000000000000e+00
1.860000000000000000e+02 7.440175074968480295e-02 0.000000000000000000e+00 1.000000000000000000e+00 0.000000000000000000e+00 0.000000000000000000e+00 0.000000000000000000e+00
1.890000000000000000e+02 7.560177898758291271e-02 0.000000000000000000e+00 1.000000000000000000e+00 0.000000000000000000e+00 0.000000000000000000e+00 0.000000000000000000e+00
1.920000000000000000e+02 7.680180722548102246e-02 0.000000000000000000e+00 1.000000000000000000e+00 0.000000000000000000e+00 0.000000000000000000e+00 0.000000000000000000e+00
1.950000000000000000e+02 7.800183546337935425e-02 1.137915339098771066e-04 9.998862084660901095e-01 0.000000000000000000e+00 0.000000000000000000e+00 0.000000000000000000e+00
1.980000000000000000e+02 7.920186370127746400e-02 4.551661356395084266e-04 9.995448338643604380e-01 0.000000000000000000e+00 0.000000000000000000e+00 0.000000000000000000e+00
2.010000000000000000e+02 8.040189193917557375e-02 0.000000000000000000e+00 1.000000000000000000e+00 0.000000000000000000e+00 0.000000000000000000e+00 0.000000000000000000e+00
2.040000000000000000e+02 8.160192017707368350e-02 0.000000000000000000e+00 1.000000000000000000e+00 0.000000000000000000e+00 0.000000000000000000e+00 0.000000000000000000e+00
2.070000000000000000e+02 8.280194841497179326e-02 0.000000000000000000e+00 1.000000000000000000e+00 0.000000000000000000e+00 0.000000000000000000e+00 0.000000000000000000e+00
2.100000000000000000e+02 8.400197665286990301e-02 0.000000000000000000e+00 1.000000000000000000e+00 0.000000000000000000e+00 0.000000000000000000e+00 0.000000000000000000e+00
2.130000000000000000e+02 8.520200489076823480e-02 0.000000000000000000e+00 1.000000000000000000e+00 0.000000000000000000e+00 0.000000000000000000e+00 0.000000000000000000e+00
2.160000000000000000e+02 8.640203312866634455e-02 0.000000000000000000e+00 1.000000000000000000e+00 0.000000000000000000e+00 0.000000000000000000e+00 0.000000000000000000e+00
2.190000000000000000e+02 8.760206136656445430e-02 2.275830678197542133e-04 9.997724169321802190e-01 0.000000000000000000e+00 0.000000000000000000e+00 0.000000000000000000e+00
2.220000000000000000e+02 8.880208960446256405e-02 0.000000000000000000e+00 1.000000000000000000e+00 0.000000000000000000e+00 0.000000000000000000e+00 0.000000000000000000e+00
2.250000000000000000e+02 9.000211784236067381e-02 0.000000000000000000e+00 1.000000000000000000e+00 0.000000000000000000e+00 0.000000000000000000e+00 0.000000000000000000e+00
2.280000000000000000e+02 9.120214608025878356e-02 4.551661356395084266e-04 9.995448338643604380e-01 0.000000000000000000e+00 0.000000000000000000e+00 0.000000000000000000e+00
2.310000000000000000e+02 9.240217431815689331e-02 4.551661356395084266e-04 9.995448338643604380e-01 0.000000000000000000e+00 0.000000000000000000e+00 0.000000000000000000e+00
2.340000000000000000e+02 9.360220255605522510e-02 6.827492034592626399e-04 9.993172507965407680e-01 0.000000000000000000e+00 0.000000000000000000e+00 0.000000000000000000e+00
2.370000000000000000e+02 9.480223079395333485e-02 9.103322712790168532e-04 9.990896677287209870e-01 0.000000000000000000e+00 0.000000000000000000e+00 0.000000000000000000e+00
2.400000000000000000e+02 9.600225903185144460e-02 1.024123805188893906e-03 9.988620846609012061e-01 0.000000000000000000e+00 1.137915339098771066e-04 0.000000000000000000e+00
2.430000000000000000e+02 9.720228726974955435e-02 5.689576695493854790e-04 9.994310423304506585e-01 0.000000000000000000e+00 0.000000000000000000e+00 0.000000000000000000e+00
2.460000000000000000e+02 9.840231550764766411e-02 7.965407373691396923e-04 9.992034592626308775e-01 0.000000000000000000e+00 0.000000000000000000e+00 0.000000000000000000e+00
2.490000000000000000e+02 9.960234374554577386e-02 1.251706873008648227e-03 9.987482931269913156e-01 0.000000000000000000e+00 0.000000000000000000e+00 0.000000000000000000e+00
2.520000000000000000e+02 1.008023719834438836e-01 1.479289940828402332e-03 9.985207100591716456e-01 0.000000000000000000e+00 0.000000000000000000e+00 0.000000000000000000e+00
2.550000000000000000e+02 1.020024002213422154e-01 1.365498406918525280e-03 9.986345015930814251e-01 0.000000000000000000e+00 0.000000000000000000e+00 0.000000000000000000e+00
2.580000000000000000e+02 1.032024284592403252e-01 5.689576695493854790e-04 9.994310423304506585e-01 0.000000000000000000e+00 0.000000000000000000e+00 0.000000000000000000e+00
2.610000000000000000e+02 1.044024566971384349e-01 7.965407373691396923e-04 9.992034592626308775e-01 0.000000000000000000e+00 0.000000000000000000e+00 0.000000000000000000e+00
2.640000000000000000e+02 1.056024849350365447e-01 7.965407373691396923e-04 9.990896677287209870e-01 0.000000000000000000e+00 1.137915339098771066e-04 0.000000000000000000e+00
2.670000000000000000e+02 1.068025131729346544e-01 6.827492034592626399e-04 9.993172507965407680e-01 0.000000000000000000e+00 0.000000000000000000e+00 0.000000000000000000e+00
2.700000000000000000e+02 1.080025414108327642e-01 1.593081474738279385e-03 9.984069185252617551e-01 0.000000000000000000e+00 0.000000000000000000e+00 0.000000000000000000e+00
2.730000000000000000e+02 1.092025696487308739e-01 1.934456076467910759e-03 9.980655439235320836e-01 0.000000000000000000e+00 0.000000000000000000e+00 0.000000000000000000e+00
2.760000000000000000e+02 1.104025978866292057e-01 2.162039144287664864e-03 9.977241693218024121e-01 0.000000000000000000e+00 1.137915339098771066e-04 0.000000000000000000e+00
2.790000000000000000e+02 1.116026261245273155e-01 1.934456076467910759e-03 9.979517523896221931e-01 0.000000000000000000e+00 1.137915339098771066e-04 0.000000000000000000e+00
2.820000000000000000e+02 1.128026543624254252e-01 1.137915339098770958e-03 9.988620846609012061e-01 0.000000000000000000e+00 0.000000000000000000e+00 0.000000000000000000e+00
2.850000000000000000e+02 1.140026826003235350e-01 2.275830678197541916e-03 9.976103777878926326e-01 0.000000000000000000e+00 1.137915339098771066e-04 0.000000000000000000e+00
2.880000000000000000e+02 1.152027108382216447e-01 3.299954483386436255e-03 9.965862539827037292e-01 0.000000000000000000e+00 1.137915339098771066e-04 0.000000000000000000e+00
2.910000000000000000e+02 1.164027390761197545e-01 2.048247610377787811e-03 9.979517523896221931e-01 0.000000000000000000e+00 0.000000000000000000e+00 0.000000000000000000e+00
2.940000000000000000e+02 1.176027673140180863e-01 3.186162949476558769e-03 9.967000455166135087e-01 0.000000000000000000e+00 1.137915339098771066e-04 0.000000000000000000e+00
2.970000000000000000e+02 1.188027955519161960e-01 4.437869822485207214e-03 9.955621301775148257e-01 0.000000000000000000e+00 0.000000000000000000e+00 0.000000000000000000e+00
3.000000000000000000e+02 1.200028237898143058e-01 5.803368229403732710e-03 9.940828402366863603e-01 0.000000000000000000e+00 1.137915339098771066e-04 0.000000000000000000e+00
3.030000000000000000e+02 1.212028520277124155e-01 5.689576695493855224e-03 9.941966317705962508e-01 0.000000000000000000e+00 1.137915339098771066e-04 0.000000000000000000e+00
3.060000000000000000e+02 1.224028802656105253e-01 4.893035958124715423e-03 9.949931725079653733e-01 0.000000000000000000e+00 1.137915339098771066e-04 0.000000000000000000e+00
3.090000000000000000e+02 1.236029085035086350e-01 5.234410559854347014e-03 9.946517979062358128e-01 0.000000000000000000e+00 1.137915339098771066e-04 0.000000000000000000e+00
3.120000000000000000e+02 1.248029367414067448e-01 5.689576695493855224e-03 9.940828402366863603e-01 0.000000000000000000e+00 2.275830678197542133e-04 0.000000000000000000e+00
3.150000000000000000e+02 1.260029649793050766e-01 7.624032771961766417e-03 9.920345926263085534e-01 0.000000000000000000e+00 3.413746017296313199e-04 0.000000000000000000e+00
3.180000000000000000e+02 1.272029932172031863e-01 1.092398725534820224e-02 9.888484296768320636e-01 0.000000000000000000e+00 2.275830678197542133e-04 0.000000000000000000e+00
3.210000000000000000e+02 1.284030214551012961e-01 1.092398725534820224e-02 9.889622212107419541e-01 0.000000000000000000e+00 1.137915339098771066e-04 0.000000000000000000e+00
3.240000000000000000e+02 1.296030496929994058e-01 1.297223486572599005e-02 9.869139736003641472e-01 0.000000000000000000e+00 1.137915339098771066e-04 0.000000000000000000e+00
3.270000000000000000e+02 1.308030779308975156e-01 1.513427401001365448e-02 9.845243513882566688e-01 0.000000000000000000e+00 3.413746017296313199e-04 0.000000000000000000e+00
3.300000000000000000e+02 1.320031061687956253e-01 1.547564861174328607e-02 9.842967683204369989e-01 0.000000000000000000e+00 2.275830678197542133e-04 0.000000000000000000e+00
3.330000000000000000e+02 1.332031344066937351e-01 1.627218934911242587e-02 9.832726445152480954e-01 0.000000000000000000e+00 4.551661356395084266e-04 0.000000000000000000e+00
3.360000000000000000e+02 1.344031626445920669e-01 2.127901684114701791e-02 9.775830678197542367e-01 0.000000000000000000e+00 1.137915339098770958e-03 0.000000000000000000e+00
3.390000000000000000e+02 1.356031908824901766e-01 2.617205279927173334e-02 9.729176149294492815e-01 0.000000000000000000e+00 9.103322712790168532e-04 0.000000000000000000e+00
3.420000000000000000e+02 1.368032191203882864e-01 3.129267182521620200e-02 9.674556213017750927e-01 0.000000000000000000e+00 1.251706873008648227e-03 0.000000000000000000e+00
3.450000000000000000e+02 1.380032473582863961e-01 3.618570778334091742e-02 9.625625853436504675e-01 0.000000000000000000e+00 1.251706873008648227e-03 0.000000000000000000e+00
3.480000000000000000e+02 1.392032755961845059e-01 4.028220300409649651e-02 9.582385070550750727e-01 0.000000000000000000e+00 1.479289940828402332e-03 0.000000000000000000e+00
3.510000000000000000e+02 1.404033038340826156e-01 4.654073736913973830e-02 9.518661811561219821e-01 0.000000000000000000e+00 1.593081474738279385e-03 0.000000000000000000e+00
3.540000000000000000e+02 1.416033320719807254e-01 5.348202093764223980e-02 9.450386891215293295e-01 0.000000000000000000e+00 1.479289940828402332e-03 0.000000000000000000e+00
3.570000000000000000e+02 1.428033603098790572e-01 6.121984524351388457e-02 9.365043240782885414e-01 0.000000000000000000e+00 2.275830678197541916e-03 0.000000000000000000e+00
3.600000000000000000e+02 1.440033885477771669e-01 6.781975421028675621e-02 9.296768320436959998e-01 0.000000000000000000e+00 2.503413746017296455e-03 0.000000000000000000e+00
3.630000000000000000e+02 1.452034167856752767e-01 7.510241238051888757e-02 9.221665908056441152e-01 0.000000000000000000e+00 2.730996813837050560e-03 0.000000000000000000e+00
3.660000000000000000e+02 1.464034450235733864e-01 8.978152025489304078e-02 9.057806099226217711e-01 0.000000000000000000e+00 4.437869822485207214e-03 0.000000000000000000e+00
3.690000000000000000e+02 1.476034732614714962e-01 1.100364132908511622e-01 8.837050523441055683e-01 0.000000000000000000e+00 6.258534365043240920e-03 0.000000000000000000e+00
3.720000000000000000e+02 1.488035014993696059e-01 1.285844333181611343e-01 8.626536185707783799e-01 0.000000000000000000e+00 8.761948111060537808e-03 0.000000000000000000e+00
3.750000000000000000e+02 1.500035297372679377e-01 1.512289485662266786e-01 8.377332726445152478e-01 0.000000000000000000e+00 1.103777878925807886e-02 0.000000000000000000e+00
3.780000000000000000e+02 1.512035579751660475e-01 1.776285844333181652e-01 8.088302230314065033e-01 0.000000000000000000e+00 1.354119253527537488e-02 0.000000000000000000e+00
3.810000000000000000e+02 1.524035862130641572e-01 2.140418752844788219e-01 7.703686845698679564e-01 0.000000000000000000e+00 1.558944014565316269e-02 0.000000000000000000e+00
3.840000000000000000e+02 1.536036144509622670e-01 2.522758306781975324e-01 7.255348202093764298e-01 0.000000000000000000e+00 2.218934911242603433e-02 0.000000000000000000e+00
3.870000000000000000e+02 1.548036426888603767e-01 2.984751934456076339e-01 6.741010468821119206e-01 0.000000000000000000e+00 2.742375967228038308e-02 0.000000000000000000e+00
3.900000000000000000e+02 1.560036709267584865e-01 3.472917614929449392e-01 6.199362767410104835e-01 0.000000000000000000e+00 3.277196176604460498e-02 0.000000000000000000e+00
3.930000000000000000e+02 1.572036991646565962e-01 3.921256258534365213e-01 5.656577150659990449e-01 0.000000000000000000e+00 4.221665908056440597e-02 0.000000000000000000e+00
3.960000000000000000e+02 1.584037274025549280e-01 4.451524806554392200e-01 5.040964952207556138e-01 1.137915339098771066e-04 5.063723258989531045e-02 0.000000000000000000e+00
3.990000000000000000e+02 1.596037556404530378e-01 4.903277196176604735e-01 4.460628129267182329e-01 0.000000000000000000e+00 6.360946745562130744e-02 0.000000000000000000e+00
4.020000000000000000e+02 1.608037838783511475e-01 5.405097860719162428e-01 3.855257168866636497e-01 0.000000000000000000e+00 7.396449704142012138e-02 0.000000000000000000e+00
4.050000000000000000e+02 1.620038121162492573e-01 5.938780154756485574e-01 3.189576695493855363e-01 1.137915339098771066e-04 8.705052344105598805e-02 0.000000000000000000e+00
4.080000000000000000e+02 1.632038403541473670e-01 6.354119253527537037e-01 2.610377787892581014e-01 2.275830678197542133e-04 1.033227127901684139e-01 0.000000000000000000e+00
4.110000000000000000e+02 1.644038685920454768e-01 6.602184797451069453e-01 2.204142011834319403e-01 1.251706873008648227e-03 1.181156121984524299e-01 0.000000000000000000e+00
4.140000000000000000e+02 1.656038968299435865e-01 6.950386891215293295e-01 1.737596722803823324e-01 1.479289940828402332e-03 1.297223486572599005e-01 0.000000000000000000e+00
4.170000000000000000e+02 1.668039250678419183e-01 7.210969503868912556e-01 1.375739644970414288e-01 1.706873008648156654e-03 1.396222121074192080e-01 0.000000000000000000e+00
4.200000000000000000e+02 1.680039533057400281e-01 7.373691397360035982e-01 1.078743741465634925e-01 2.617205279927173507e-03 1.521392808375056915e-01 0.000000000000000000e+00
4.230000000000000000e+02 1.692039815436381378e-01 7.521620391442876974e-01 8.306781975421029252e-02 2.958579881656804664e-03 1.618115612198452458e-01 0.000000000000000000e+00
4.260000000000000000e+02 1.704040097815362476e-01 7.629722348657259623e-01 6.543013199817933334e-02 3.868912152935821518e-03 1.677287209831588577e-01 0.000000000000000000e+00
4.290000000000000000e+02 1.716040380194343573e-01 7.767410104688211581e-01 4.563040509786071841e-02 4.551661356395083832e-03 1.730769230769230727e-01 0.000000000000000000e+00
4.320000000000000000e+02 1.728040662573324671e-01 7.824305871643150168e-01 3.573054164770141095e-02 5.917159763313609329e-03 1.759217114246700020e-01 0.000000000000000000e+00
4.350000000000000000e+02 1.740040944952307989e-01 7.864132908511606290e-01 2.833409194355939950e-02 6.599908966772872511e-03 1.786527082385070686e-01 0.000000000000000000e+00
4.380000000000000000e+02 1.752041227331289086e-01 7.856167501137915066e-01 2.412380518889394726e-02 7.965407373691398007e-03 1.822940373236231204e-01 0.000000000000000000e+00
4.410000000000000000e+02 1.764041509710270184e-01 7.841374601729631522e-01 2.207555757851615771e-02 8.192990441511151245e-03 1.855939918070095562e-01 0.000000000000000000e+00
4.440000000000000000e+02 1.776041792089251281e-01 7.841374601729631522e-01 1.945835229858898507e-02 8.875739644970414427e-03 1.875284478834774726e-01 0.000000000000000000e+00
4.470000000000000000e+02 1.788042074468232379e-01 7.793582157487483064e-01 1.900318616294947513e-02 1.046882111970869403e-02 1.911697769685935244e-01 0.000000000000000000e+00
4.500000000000000000e+02 1.800042356847213476e-01 7.792444242148384159e-01 1.809285389167045871e-02 1.069640418752844727e-02 1.919663177059626746e-01 0.000000000000000000e+00
4.530000000000000000e+02 1.812042639226194574e-01 7.759444697314519246e-01 1.718252162039144229e-02 1.137915339098771045e-02 1.954938552571688637e-01 0.000000000000000000e+00
4.560000000000000000e+02 1.824042921605177892e-01 7.726445152480655443e-01 1.843422849340009204e-02 1.240327719617660522e-02 1.965179790623577671e-01 0.000000000000000000e+00
4.590000000000000000e+02 1.836043203984158989e-01 7.678652708238506985e-01 1.832043695949021542e-02 1.376877560309512985e-02 2.000455166135639562e-01 0.000000000000000000e+00
4.620000000000000000e+02 1.848043486363140087e-01 7.658170232134728916e-01 1.786527082385070547e-02 1.558944014565316269e-02 2.007282658170232159e-01 0.000000000000000000e+00
4.650000000000000000e+02 1.860043768742121184e-01 7.655894401456531106e-01 1.843422849340009204e-02 1.502048247610377786e-02 2.009558488848429691e-01 0.000000000000000000e+00
4.680000000000000000e+02 1.872044051121102282e-01 7.595584888484296915e-01 1.979972690031861493e-02 1.547564861174328607e-02 2.051661356395084179e-01 0.000000000000000000e+00
4.710000000000000000e+02 1.884044333500083379e-01 7.573964497041419941e-01 2.116522530723714129e-02 1.695493855257168905e-02 2.044833864360491582e-01 0.000000000000000000e+00
4.740000000000000000e+02 1.896044615879064477e-01 7.550068274920346267e-01 2.457897132453345374e-02 1.934456076467910846e-02 2.010696404187528319e-01 0.000000000000000000e+00
4.770000000000000000e+02 1.908044898258047795e-01 7.523896222121073674e-01 2.776513427401001294e-02 2.093764223941738806e-02 1.989076012744651900e-01 0.000000000000000000e+00
4.800000000000000000e+02 1.920045180637028892e-01 7.537551206190259423e-01 2.844788347746927612e-02 2.332726445152480746e-02 1.944697314519799602e-01 0.000000000000000000e+00
4.830000000000000000e+02 1.932045463016009990e-01 7.528447883477469293e-01 2.924442421483841592e-02 2.275830678197542090e-02 1.951524806554392477e-01 0.000000000000000000e+00
4.860000000000000000e+02 1.944045745394991087e-01 7.553482020937641872e-01 3.106508875739644876e-02 2.480655439235321044e-02 1.887801547564861293e-01 0.000000000000000000e+00
4.890000000000000000e+02 1.956046027773972185e-01 7.569412835685025431e-01 3.322712790168411146e-02 2.753755120619025970e-02 1.822940373236231204e-01 0.000000000000000000e+00
4.920000000000000000e+02 1.968046310152953282e-01 7.562585343650432002e-01 3.618570778334091742e-02 2.913063268092853930e-02 1.784251251706872876e-01 0.000000000000000000e+00
4.950000000000000000e+02 1.980046592531934380e-01 7.611515703231679364e-01 3.493400091033227461e-02 3.083750568957669552e-02 1.730769230769230727e-01 0.000000000000000000e+00
4.980000000000000000e+02 1.992046874910917698e-01 7.622894856622667303e-01 3.538916704597178109e-02 3.436504324078288458e-02 1.679563040509786109e-01 0.000000000000000000e+00
5.010000000000000000e+02 2.004047157289898795e-01 7.713928083750568598e-01 3.755120619025944378e-02 3.356850250341374825e-02 1.574874829312699065e-01 0.000000000000000000e+00
5.040000000000000000e+02 2.016047439668879893e-01 7.726445152480655443e-01 3.857532999544834029e-02 3.561675011379153433e-02 1.531634046426945950e-01 0.000000000000000000e+00
5.070000000000000000e+02 2.028047722047860990e-01 7.783340919435594030e-01 3.891670459717797015e-02 3.595812471552116418e-02 1.467910787437414766e-01 0.000000000000000000e+00
5.100000000000000000e+02 2.040048004426842088e-01 7.874374146563495325e-01 3.857532999544834029e-02 3.925807919890760000e-02 1.347291761492944995e-01 0.000000000000000000e+00
5.130000000000000000e+02 2.052048286805823185e-01 7.899408284023669014e-01 4.096495220755575623e-02 4.233045061447428259e-02 1.267637687756031084e-01 0.000000000000000000e+00
5.160000000000000000e+02 2.064048569184806503e-01 7.899408284023669014e-01 4.324078288575330248e-02 4.767865270823850449e-02 1.191397360036413333e-01 0.000000000000000000e+00
5.190000000000000000e+02 2.076048851563787601e-01 7.967683204369594430e-01 4.335457441966317910e-02 4.779244424214838111e-02 1.120846609012289552e-01 0.000000000000000000e+00
5.220000000000000000e+02 2.088049133942768698e-01 7.956304050978607600e-01 4.358215748748293233e-02 5.109239872553481693e-02 1.096950386891215323e-01 0.000000000000000000e+00
5.250000000000000000e+02 2.100049416321749796e-01 7.992717341829768118e-01 4.528903049613108855e-02 5.143377332726445372e-02 1.040054619936276736e-01 0.000000000000000000e+00
5.280000000000000000e+02 2.112049698700730893e-01 7.997269003186162628e-01 4.710969503868912139e-02 5.109239872553481693e-02 1.020710059171597572e-01 0.000000000000000000e+00
5.310000000000000000e+02 2.124049981079711991e-01 8.013199817933546187e-01 4.904415111515703085e-02 5.200273099681383682e-02 9.763313609467455523e-02 0.000000000000000000e+00
5.340000000000000000e+02 2.136050263458693088e-01 8.047337278106508895e-01 4.870277651342740100e-02 5.405097860719162289e-02 9.251251706873007963e-02 0.000000000000000000e+00
5.370000000000000000e+02 2.148050545837676406e-01 8.018889394629039602e-01 5.086481565771506369e-02 5.575785161583977911e-02 9.148839326354119006e-02 0.000000000000000000e+00
5.400000000000000000e+02 2.160050828216657504e-01 7.988165680473372499e-01 5.325443786982248656e-02 5.837505689576695522e-02 8.955393718707328754e-02 0.000000000000000000e+00
5.430000000000000000e+02 2.172051110595638601e-01 8.014337733272643982e-01 5.234410559854346667e-02 5.803368229403732537e-02 8.818843878015475424e-02 0.000000000000000000e+00
5.460000000000000000e+02 2.184051392974619699e-01 8.082612653618570508e-01 5.211652253072371344e-02 5.928538916704597511e-02 8.033682294037323979e-02 0.000000000000000000e+00
5.490000000000000000e+02 2.196051675353600796e-01 8.120163859808829931e-01 5.040964952207555722e-02 5.985434683659535821e-02 7.771961766044606368e-02 0.000000000000000000e+00
5.520000000000000000e+02 2.208051957732581894e-01 8.114474283113336517e-01 5.086481565771506369e-02 5.791989076012744875e-02 7.976786527082385669e-02 0.000000000000000000e+00
5.550000000000000000e+02 2.220052240111562991e-01 8.105370960400546387e-01 5.291306326809285671e-02 5.848884842967683184e-02 7.806099226217569353e-02 0.000000000000000000e+00
5.580000000000000000e+02 2.232052522490546309e-01 8.076923076923077094e-01 5.518889394629039602e-02 6.099226217569413133e-02 7.612653618570777714e-02 0.000000000000000000e+00
5.610000000000000000e+02 2.244052804869527407e-01 8.092853891670459543e-01 5.450614474283113631e-02 6.235776058261265076e-02 7.385070550751024476e-02 0.000000000000000000e+00
5.640000000000000000e+02 2.256053087248508504e-01 8.098543468365954068e-01 5.518889394629039602e-02 6.349567592171143082e-02 7.146108329540282189e-02 0.000000000000000000e+00
5.670000000000000000e+02 2.268053369627489602e-01 8.089440145653163938e-01 5.723714155666818210e-02 6.281292671825215723e-02 7.100591715976331542e-02 0.000000000000000000e+00
5.700000000000000000e+02 2.280053652006470699e-01 8.114474283113336517e-01 5.666818388711879900e-02 6.133363677742376119e-02 7.055075102412380894e-02 0.000000000000000000e+00
5.730000000000000000e+02 2.292053934385451797e-01 8.144060081929904715e-01 5.632680928538916915e-02 6.258534365043240399e-02 6.668183887118799003e-02 0.000000000000000000e+00
5.760000000000000000e+02 2.304054216764432894e-01 8.153163404642694845e-01 5.496131087847064278e-02 6.213017751479289752e-02 6.759217114246700298e-02 0.000000000000000000e+00
5.790000000000000000e+02 2.316054499143416212e-01 8.169094219390077294e-01 5.484751934456076616e-02 6.167501137915339104e-02 6.656804733727811341e-02 0.000000000000000000e+00
5.820000000000000000e+02 2.328054781522397310e-01 8.150887573964497035e-01 5.644060081929904577e-02 6.281292671825215723e-02 6.565771506599908658e-02 0.000000000000000000e+00
5.850000000000000000e+02 2.340055063901378407e-01 8.138370505234410190e-01 5.769230769230769551e-02 6.463359126081019701e-02 6.383705052344106068e-02 0.000000000000000000e+00
5.880000000000000000e+02 2.352055346280359505e-01 8.128129267182521156e-01 5.780609922621757213e-02 6.463359126081019701e-02 6.474738279472007363e-02 0.000000000000000000e+00
5.910000000000000000e+02 2.364055628659340602e-01 8.177059626763768518e-01 5.689576695493855224e-02 6.486117432862995025e-02 6.053709604005461792e-02 0.000000000000000000e+00
5.940000000000000000e+02 2.376055911038321700e-01 8.210059171597633432e-01 5.564406008192990249e-02 6.315430131998178709e-02 6.019572143832498806e-02 0.000000000000000000e+00
5.970000000000000000e+02 2.388056193417305018e-01 8.251024123805188459e-01 5.530268548020027264e-02 6.304050978607191047e-02 5.655439235320892238e-02 0.000000000000000000e+00
6.000000000000000000e+02 2.400056475796286115e-01 8.265817023213473114e-01 5.609922621756941591e-02 6.338188438780155420e-02 5.393718707328174627e-02 0.000000000000000000e+00
6.030000000000000000e+02 2.412056758175267213e-01 8.277196176604461053e-01 5.621301775147929253e-02 6.474738279472007363e-02 5.131998179335457710e-02 0.000000000000000000e+00
6.060000000000000000e+02 2.424057040554248310e-01 8.295402822030041312e-01 5.553026854802002588e-02 6.395084205735093730e-02 5.097860719162494031e-02 0.000000000000000000e+00
6.090000000000000000e+02 2.436057322933229408e-01 8.318161128812016081e-01 5.575785161583977911e-02 6.281292671825215723e-02 4.961310878470642088e-02 0.000000000000000000e+00
6.120000000000000000e+02 2.448057605312210505e-01 8.302230314064633632e-01 5.575785161583977911e-02 6.304050978607191047e-02 5.097860719162494031e-02 0.000000000000000000e+00
6.150000000000000000e+02 2.460057887691191603e-01 8.293126991351843502e-01 5.621301775147929253e-02 6.292671825216203385e-02 5.154756486117433034e-02 0.000000000000000000e+00
6.180000000000000000e+02 2.472058170070174921e-01 8.291989076012744597e-01 5.644060081929904577e-02 6.349567592171143082e-02 5.086481565771506369e-02 0.000000000000000000e+00
6.210000000000000000e+02 2.484058452449156018e-01 8.274920345926263243e-01 5.939918070095585173e-02 6.429221665908056715e-02 4.881656804733727761e-02 0.000000000000000000e+00
6.240000000000000000e+02 2.496058734828137116e-01 8.278334091943558848e-01 5.985434683659535821e-02 6.395084205735093730e-02 4.836140191169777114e-02 0.000000000000000000e+00
6.270000000000000000e+02 2.508059017207118213e-01 8.289713245334546787e-01 6.076467910787437116e-02 6.429221665908056715e-02 4.597177969959034827e-02 0.000000000000000000e+00
6.300000000000000000e+02 2.520059299586099311e-01 8.290851160673645692e-01 6.133363677742376119e-02 6.360946745562130744e-02 4.597177969959034827e-02 0.000000000000000000e+00
6.330000000000000000e+02 2.532059581965080408e-01 8.289713245334546787e-01 6.030951297223486468e-02 6.281292671825215723e-02 4.790623577605826466e-02 0.000000000000000000e+00
6.360000000000000000e+02 2.544059864344061506e-01 8.274920345926263243e-01 6.190259444697314428e-02 6.360946745562130744e-02 4.699590350477924477e-02 0.000000000000000000e+00
6.390000000000000000e+02 2.556060146723044824e-01 8.262403277196176399e-01 6.201638598088302090e-02 6.372325898953118406e-02 4.802002730996814128e-02 0.000000000000000000e+00
6.420000000000000000e+02 2.568060429102025921e-01 8.264679107874374209e-01 6.008192990441511144e-02 6.451979972690032039e-02 4.893035958124715423e-02 0.000000000000000000e+00
6.450000000000000000e+02 2.580060711481007019e-01 8.257851615839781889e-01 6.042330450614474130e-02 6.565771506599908658e-02 4.813381884387801790e-02 0.000000000000000000e+00
6.480000000000000000e+02 2.592060993859988116e-01 8.297678652708238012e-01 6.087847064178425471e-02 6.372325898953118406e-02 4.563040509786071841e-02 0.000000000000000000e+00
6.510000000000000000e+02 2.604061276238969214e-01 8.342057350933090865e-01 5.905780609922621494e-02 6.099226217569413133e-02 4.574419663177059503e-02 0.000000000000000000e+00
6.540000000000000000e+02 2.616061558617950311e-01 8.328402366863905115e-01 6.065088757396449454e-02 6.076467910787437116e-02 4.574419663177059503e-02 0.000000000000000000e+00
6.570000000000000000e+02 2.628061840996931409e-01 8.343195266272189770e-01 6.030951297223486468e-02 6.156121984524351443e-02 4.380974055530268557e-02 0.000000000000000000e+00
6.600000000000000000e+02 2.640062123375914727e-01 8.377332726445152478e-01 5.974055530268548159e-02 5.905780609922621494e-02 4.346836595357305572e-02 0.000000000000000000e+00
6.630000000000000000e+02 2.652062405754895824e-01 8.402366863905325056e-01 5.974055530268548159e-02 5.837505689576695522e-02 4.164770141101502288e-02 0.000000000000000000e+00
6.660000000000000000e+02 2.664062688133876922e-01 8.443331816112881194e-01 5.837505689576695522e-02 5.814747382794720199e-02 3.914428766499772339e-02 0.000000000000000000e+00
6.690000000000000000e+02 2.676062970512858019e-01 8.416021847974510806e-01 5.769230769230769551e-02 6.133363677742376119e-02 3.937187073281747662e-02 0.000000000000000000e+00
6.720000000000000000e+02 2.688063252891839117e-01 8.392125625853436022e-01 5.826126536185707860e-02 6.349567592171143082e-02 3.903049613108784677e-02 0.000000000000000000e+00
6.750000000000000000e+02 2.700063535270820214e-01 8.377332726445152478e-01 6.042330450614474130e-02 6.406463359126081392e-02 3.777878925807919702e-02 0.000000000000000000e+00
6.780000000000000000e+02 2.712063817649803532e-01 8.371643149749659063e-01 6.224396904870277414e-02 6.258534365043240399e-02 3.800637232589895026e-02 0.000000000000000000e+00
6.810000000000000000e+02 2.724064100028784630e-01 8.345471096950386469e-01 6.315430131998178709e-02 6.417842512517069054e-02 3.812016385980882688e-02 0.000000000000000000e+00
