# itime ezz other fcc hcp bcc ico
0.000000000000000000e+00 0.000000000000000000e+00 0.000000000000000000e+00 1.000000000000000000e+00 0.000000000000000000e+00 0.000000000000000000e+00 0.000000000000000000e+00
2.500000000000000000e+02 1.000004398602083455e-02 0.000000000000000000e+00 1.000000000000000000e+00 0.000000000000000000e+00 0.000000000000000000e+00 0.000000000000000000e+00
5.000000000000000000e+02 2.000008797204144706e-02 0.000000000000000000e+00 1.000000000000000000e+00 0.000000000000000000e+00 0.000000000000000000e+00 0.000000000000000000e+00
7.500000000000000000e+02 3.000013195806228161e-02 0.000000000000000000e+00 1.000000000000000000e+00 0.000000000000000000e+00 0.000000000000000000e+00 0.000000000000000000e+00
1.000000000000000000e+03 4.000017594408311616e-02 0.000000000000000000e+00 1.000000000000000000e+00 0.000000000000000000e+00 0.000000000000000000e+00 0.000000000000000000e+00
1.250000000000000000e+03 5.000021993010395072e-02 0.000000000000000000e+00 1.000000000000000000e+00 0.000000000000000000e+00 0.000000000000000000e+00 0.000000000000000000e+00
1.500000000000000000e+03 6.000026391612456322e-02 0.000000000000000000e+00 1.000000000000000000e+00 0.000000000000000000e+00 0.000000000000000000e+00 0.000000000000000000e+00
1.750000000000000000e+03 7.000030790214539778e-02 0.000000000000000000e+00 1.000000000000000000e+00 0.000000000000000000e+00 0.000000000000000000e+00 0.000000000000000000e+00
2.000000000000000000e+03 8.000035188816623233e-02 0.000000000000000000e+00 1.000000000000000000e+00 0.000000000000000000e+00 0.000000000000000000e+00 0.000000000000000000e+00
2.250000000000000000e+03 9.000039587418684484e-02 1.137915339098770958e-03 9.985207100591716456e-01 0.000000000000000000e+00 3.413746017296313199e-04 0.000000000000000000e+00
2.500000000000000000e+03 1.000004398602076794e-01 6.827492034592626399e-04 9.993172507965407680e-01 0.000000000000000000e+00 0.000000000000000000e+00 0.000000000000000000e+00
2.750000000000000000e+03 1.100004838462285139e-01 3.641329085116067413e-03 9.962448793809740577e-01 0.000000000000000000e+00 1.137915339098771066e-04 0.000000000000000000e+00
3.000000000000000000e+03 1.200005278322493485e-01 6.315430131998178709e-02 9.030496131087847322e-01 0.000000000000000000e+00 3.379608557123350149e-02 0.000000000000000000e+00
3.250000000000000000e+03 1.300005718182699610e-01 3.624260355029585989e-01 1.750113791533909890e-01 1.035502958579881741e-02 4.522075557578515981e-01 0.000000000000000000e+00
3.500000000000000000e+03 1.400006158042907956e-01 3.586709148839326566e-01 3.600364132908511761e-01 1.698907601274465273e-01 1.114019116977696816e-01 0.000000000000000000e+00
3.750000000000000000e+03 1.500006597903116301e-01 3.303368229403732537e-01 3.801775147928994070e-01 1.777423759672280279e-01 1.117432862994993115e-01 0.000000000000000000e+00
4.000000000000000000e+03 1.600007037763322426e-01 3.410332271279016836e-01 4.135184342284933812e-01 1.846836595357305433e-01 6.076467910787437116e-02 0.000000000000000000e+00
4.250000000000000000e+03 1.700007477623530772e-01 3.353436504324078249e-01 4.279699590350478089e-01 1.858215748748293095e-01 5.086481565771506369e-02 0.000000000000000000e+00
4.500000000000000000e+03 1.800007917483739117e-01 3.271506599908966528e-01 4.467455621301775204e-01 1.802457897132453413e-01 4.585798816568047165e-02 0.000000000000000000e+00
4.750000000000000000e+03 1.900008357343947463e-01 3.370505234410559603e-01 4.399180700955848677e-01 1.866181156121984597e-01 3.641329085116067066e-02 0.000000000000000000e+00
5.000000000000000000e+03 2.000008797204153588e-01 3.494538006372325811e-01 4.276285844333181374e-01 1.924214838416021811e-01 3.049613108784706567e-02 0.000000000000000000e+00
5.250000000000000000e+03 2.100009237064361933e-01 3.412608101957214646e-01 4.469731451979972459e-01 1.909421939007737712e-01 2.082385070550751144e-02 0.000000000000000000e+00
5.500000000000000000e+03 2.200009676924570279e-01 3.228265817023213691e-01 4.640418752844788219e-01 1.907146108329540179e-01 2.241693218024579104e-02 0.000000000000000000e+00
5.750000000000000000e+03 2.300010116784776404e-01 3.221438324988620816e-01 4.675694128356850388e-01 1.877560309512972259e-01 2.253072371415566766e-02 0.000000000000000000e+00
6.000000000000000000e+03 2.400010556644984749e-01 3.194128356850250428e-01 4.808830223031406725e-01 1.761492944924897552e-01 2.355484751934456070e-02 0.000000000000000000e+00
6.250000000000000000e+03 2.500010996505193095e-01 3.332954028220300180e-01 4.590350477924442507e-01 1.852526172052799402e-01 2.241693218024579104e-02 0.000000000000000000e+00
6.500000000000000000e+03 2.600011436365399220e-01 3.254437869822485174e-01 4.643832498862084934e-01 1.933318161128811941e-01 1.684114701866181243e-02 0.000000000000000000e+00
6.750000000000000000e+03 2.700011876225607566e-01 3.162266727355484974e-01 4.646108329540282189e-01 1.953800637232590010e-01 2.378243058716431393e-02 0.000000000000000000e+00
7.000000000000000000e+03 2.800012316085815911e-01 2.957441966317705950e-01 4.921483841602184994e-01 1.945835229858898507e-01 1.752389622212107562e-02 0.000000000000000000e+00
7.250000000000000000e+03 2.900012755946024257e-01 2.940373236231224596e-01 4.877105143377332697e-01 2.000455166135639562e-01 1.820664542558033533e-02 0.000000000000000000e+00
7.500000000000000000e+03 3.000013195806230382e-01 2.931269913518434467e-01 4.766727355484751683e-01 2.117660446062812896e-01 1.843422849340009204e-02 0.000000000000000000e+00
7.750000000000000000e+03 3.100013635666438727e-01 3.083750568957669413e-01 4.589212562585343602e-01 2.139280837505689592e-01 1.877560309512972189e-02 0.000000000000000000e+00
8.000000000000000000e+03 3.200014075526647073e-01 3.032544378698224796e-01 4.682521620391442707e-01 2.088074647246244975e-01 1.968593536640873831e-02 0.000000000000000000e+00
8.250000000000000000e+03 3.300014515386853198e-01 2.973372781065088954e-01 4.816795630405097950e-01 2.044833864360491582e-01 1.649977241693217911e-02 0.000000000000000000e+00
8.500000000000000000e+03 3.400014955247061543e-01 2.980200273099681274e-01 4.802002730996813851e-01 2.014110150204824756e-01 2.036868456986800149e-02 0.000000000000000000e+00
8.750000000000000000e+03 3.500015395107269889e-01 3.113336367774237612e-01 4.862312243969048597e-01 1.854802002730996935e-01 1.695493855257168905e-02 0.000000000000000000e+00
9.000000000000000000e+03 3.600015834967478234e-01 3.131543013199817871e-01 4.827036868456986984e-01 1.842284934000910368e-01 1.991351843422849502e-02 0.000000000000000000e+00
9.250000000000000000e+03 3.700016274827684359e-01 2.977924442421484019e-01 5.097860719162494725e-01 1.743286299499317293e-01 1.809285389167045871e-02 0.000000000000000000e+00
9.500000000000000000e+03 3.800016714687892705e-01 2.811788802913063323e-01 5.188893946290396020e-01 1.859353664087392000e-01 1.399635867091488309e-02 0.000000000000000000e+00
9.750000000000000000e+03 3.900017154548101050e-01 2.922166590805644337e-01 5.065999089667728716e-01 1.857077833409194467e-01 1.547564861174328607e-02 0.000000000000000000e+00
1.000000000000000000e+04 4.000017594408307176e-01 2.914201183431952558e-01 4.981793354574419741e-01 1.966317705962676299e-01 1.376877560309512985e-02 0.000000000000000000e+00
1.025000000000000000e+04 4.100018034268515521e-01 2.923304506144742687e-01 4.976103777878925771e-01 1.960628129267182607e-01 1.399635867091488309e-02 0.000000000000000000e+00
1.050000000000000000e+04 4.200018474128726087e-01 2.927856167501137752e-01 5.081929904415111166e-01 1.868456986800182129e-01 1.217569412835685025e-02 0.000000000000000000e+00
1.075000000000000000e+04 4.300018913988932212e-01 2.748065543923531862e-01 5.265134274010013771e-01 1.883249886208466228e-01 1.035502958579881741e-02 0.000000000000000000e+00
1.100000000000000000e+04 4.400019353849138337e-01 2.558033682294037492e-01 5.327719617660445772e-01 2.031178880291306388e-01 8.306781975421027864e-03 0.000000000000000000e+00
1.125000000000000000e+04 4.500019793709346683e-01 2.502275830678197810e-01 5.422166590805643782e-01 2.014110150204824756e-01 6.144742831133363434e-03 0.000000000000000000e+00
1.150000000000000000e+04 4.600020233569555028e-01 2.459035047792444140e-01 5.674783796085570708e-01 1.811561219845243542e-01 5.461993627674101119e-03 0.000000000000000000e+00
1.175000000000000000e+04 4.700020673429761153e-01 2.405553026854801990e-01 5.934228493400091065e-01 1.606736458807464796e-01 5.348202093764223633e-03 0.000000000000000000e+00
1.200000000000000000e+04 4.800021113289967278e-01 2.315657715065999045e-01 5.994538006372326366e-01 1.632908511606736557e-01 5.689576695493855224e-03 0.000000000000000000e+00
1.225000000000000000e+04 4.900021553150177844e-01 2.280382339553937154e-01 6.135639508420573929e-01 1.511151570323167881e-01 7.282658170232134826e-03 0.000000000000000000e+00
1.250000000000000000e+04 5.000021993010386190e-01 2.270141101502048120e-01 6.310878470641784199e-01 1.350705507510241155e-01 6.827492034592626616e-03 0.000000000000000000e+00
1.275000000000000000e+04 5.100022432870592315e-01 2.228038233955393632e-01 6.438324988620847122e-01 1.276741010468821214e-01 5.689576695493855224e-03 0.000000000000000000e+00
1.300000000000000000e+04 5.200022872730798440e-01 2.188211197086936677e-01 6.733045061447427981e-01 1.018434228493400040e-01 6.030951297223486815e-03 0.000000000000000000e+00
1.325000000000000000e+04 5.300023312591009006e-01 2.148384160218479721e-01 6.645425580336823401e-01 1.149294492489758707e-01 5.689576695493855224e-03 0.000000000000000000e+00
1.350000000000000000e+04 5.400023752451217351e-01 2.143832498862084657e-01 6.682976786527082824e-01 1.125398270368684617e-01 4.779244424214838804e-03 0.000000000000000000e+00
1.375000000000000000e+04 5.500024192311423477e-01 2.248520710059171701e-01 6.743286299499317016e-01 9.228493400091032639e-02 8.534365043240782836e-03 0.000000000000000000e+00
1.400000000000000000e+04 5.600024632171629602e-01 2.182521620391442985e-01 6.993627674101047242e-01 7.612653618570777714e-02 6.258534365043240920e-03 0.000000000000000000e+00
1.425000000000000000e+04 5.700025072031840168e-01 2.150659990896677254e-01 6.808147473827946827e-01 9.899863450159307465e-02 5.120619025944469528e-03 0.000000000000000000e+00
1.450000000000000000e+04 5.800025511892048513e-01 2.192762858443331742e-01 6.735320892125625791e-01 1.020710059171597572e-01 5.120619025944469528e-03 0.000000000000000000e+00
1.475000000000000000e+04 5.900025951752254638e-01 2.163177059626763821e-01 6.797906235776057793e-01 9.330905780609922984e-02 1.058261265361857065e-02 0.000000000000000000e+00
1.500000000000000000e+04 6.000026391612460763e-01 2.057350933090578149e-01 7.074419663177059503e-01 7.749203459262631044e-02 9.330905780609922637e-03 0.000000000000000000e+00
1.525000000000000000e+04 6.100026831472669109e-01 2.047109695038689114e-01 7.068730086481566088e-01 8.204369594902138907e-02 6.372325898953117539e-03 0.000000000000000000e+00
1.550000000000000000e+04 6.200027271332879675e-01 1.981110605370960398e-01 7.122212107419207960e-01 8.056440600819299303e-02 9.103322712790167665e-03 0.000000000000000000e+00
1.575000000000000000e+04 6.300027711193085800e-01 1.933318161128811941e-01 7.292899408284023721e-01 7.362312243969049153e-02 3.755120619025944465e-03 0.000000000000000000e+00
1.600000000000000000e+04 6.400028151053291925e-01 1.714838416021848000e-01 7.613791533909877174e-01 6.201638598088302090e-02 5.120619025944469528e-03 0.000000000000000000e+00
1.625000000000000000e+04 6.500028590913500270e-01 1.713700500682749095e-01 7.634274010013655243e-01 5.985434683659535821e-02 5.348202093764223633e-03 0.000000000000000000e+00
1.650000000000000000e+04 6.600029030773710836e-01 1.786527082385070686e-01 7.423759672280382249e-01 7.168866636322257513e-02 7.282658170232134826e-03 0.000000000000000000e+00
1.675000000000000000e+04 6.700029470633916961e-01 1.915111515703231682e-01 6.978834774692762588e-01 1.012744651797906209e-01 9.330905780609922637e-03 0.000000000000000000e+00
1.700000000000000000e+04 6.800029910494123087e-01 2.009558488848429691e-01 6.825216203914429292e-01 1.060537096040054666e-01 1.046882111970869403e-02 0.000000000000000000e+00
1.725000000000000000e+04 6.900030350354331432e-01 1.960628129267182607e-01 7.336140191169776559e-01 6.360946745562130744e-02 6.713700500682749130e-03 0.000000000000000000e+00
1.750000000000000000e+04 7.000030790214539778e-01 1.809285389167046010e-01 7.502275830678197810e-01 6.531634046426945672e-02 3.527537551206190360e-03 0.000000000000000000e+00
1.775000000000000000e+04 7.100031230074745903e-01 1.753527537551206328e-01 7.581929904415111166e-01 6.326809285389166371e-02 3.186162949476558769e-03 0.000000000000000000e+00
1.800000000000000000e+04 7.200031669934952028e-01 1.768320436959490149e-01 7.693445607646790529e-01 4.995448338643605074e-02 3.868912152935821518e-03 0.000000000000000000e+00
1.825000000000000000e+04 7.300032109795162594e-01 1.727355484751934567e-01 7.759444697314519246e-01 4.938552571688666071e-02 1.934456076467910759e-03 0.000000000000000000e+00
1.850000000000000000e+04 7.400032549655370939e-01 1.638598088302230249e-01 7.916477014110150368e-01 4.187528447883477611e-02 2.617205279927173507e-03 0.000000000000000000e+00
1.875000000000000000e+04 7.500032989515577064e-01 1.693218024578971304e-01 7.824305871643150168e-01 4.540282203004096517e-02 2.844788347746927612e-03 0.000000000000000000e+00
1.900000000000000000e+04 7.600033429375783189e-01 1.678425125170687204e-01 7.742375967228037892e-01 5.245789713245334329e-02 5.461993627674101119e-03 0.000000000000000000e+00
1.925000000000000000e+04 7.700033869235993755e-01 1.718252162039144160e-01 7.699135184342285054e-01 5.393718707328174627e-02 4.324078288575329727e-03 0.000000000000000000e+00
1.950000000000000000e+04 7.800034309096202101e-01 1.767182521620391522e-01 7.504551661356395620e-01 6.668183887118799003e-02 6.144742831133363434e-03 0.000000000000000000e+00
1.975000000000000000e+04 7.900034748956408226e-01 1.904870277651342647e-01 6.989076012744651623e-01 1.036640873918980438e-01 6.941283568502503235e-03 0.000000000000000000e+00
2.000000000000000000e+04 8.000035188816614351e-01 1.952662721893491105e-01 6.054847519344560558e-01 1.867319071461083224e-01 1.251706873008648184e-02 0.000000000000000000e+00
2.025000000000000000e+04 8.100035628676824917e-01 1.974283113336367801e-01 5.853436504324078804e-01 2.081247155211652378e-01 9.103322712790167665e-03 0.000000000000000000e+00
2.050000000000000000e+04 8.200036068537033263e-01 2.057350933090578149e-01 5.358443331816112876e-01 2.493172507965407403e-01 9.103322712790167665e-03 0.000000000000000000e+00
2.075000000000000000e+04 8.300036508397239388e-01 2.109695038689121394e-01 5.064861174328629811e-01 2.724169321802457633e-01 1.012744651797906244e-02 0.000000000000000000e+00
2.100000000000000000e+04 8.400036948257445513e-01 2.048247610377788019e-01 4.987482931269913711e-01 2.824305871643149612e-01 1.399635867091488309e-02 0.000000000000000000e+00
2.125000000000000000e+04 8.500037388117653858e-01 2.065316340464269373e-01 4.944242148384160318e-01 2.853891670459717811e-01 1.365498406918525323e-02 0.000000000000000000e+00
2.150000000000000000e+04 8.600037827977864424e-01 2.119936276741010428e-01 4.778106508875739622e-01 2.960855712335002110e-01 1.411015020482476144e-02 0.000000000000000000e+00
2.175000000000000000e+04 8.700038267838070549e-01 2.163177059626763821e-01 4.469731451979972459e-01 3.191852526172052618e-01 1.752389622212107562e-02 0.000000000000000000e+00
2.200000000000000000e+04 8.800038707698276674e-01 2.250796540737369233e-01 4.161356395084205850e-01 3.394401456531633832e-01 1.934456076467910846e-02 0.000000000000000000e+00
2.225000000000000000e+04 8.900039147558485020e-01 2.313381884387801513e-01 4.078288575329995225e-01 3.474055530268548297e-01 1.342740100136549826e-02 0.000000000000000000e+00
2.250000000000000000e+04 9.000039587418695586e-01 2.362312243969048597e-01 4.181838871187983364e-01 3.327264451524806765e-01 1.285844333181611343e-02 0.000000000000000000e+00
2.275000000000000000e+04 9.100040027278901711e-01 2.487482931269913433e-01 4.218252162039144437e-01 3.163404642694583324e-01 1.308602639963586667e-02 0.000000000000000000e+00
2.300000000000000000e+04 9.200040467139107836e-01 2.687756030951297115e-01 4.005461993627674189e-01 3.140646335912608000e-01 1.661356395084205573e-02 0.000000000000000000e+00
2.325000000000000000e+04 9.300040906999316181e-01 2.848202093764223841e-01 4.219390077378242787e-01 2.775375512061902805e-01 1.570323167956303931e-02 0.000000000000000000e+00
2.350000000000000000e+04 9.400041346859526747e-01 2.823167956304050707e-01 4.583522985889849632e-01 2.453345471096950448e-01 1.399635867091488309e-02 0.000000000000000000e+00
2.375000000000000000e+04 9.500041786719732873e-01 2.807237141556668258e-01 4.668866636322257513e-01 2.438552571688666348e-01 8.534365043240782836e-03 0.000000000000000000e+00
2.400000000000000000e+04 9.600042226579938998e-01 2.735548475193445572e-01 4.778106508875739622e-01 2.395311788802912956e-01 9.103322712790167665e-03 0.000000000000000000e+00
2.425000000000000000e+04 9.700042666440147343e-01 2.748065543923531862e-01 4.718934911242603780e-01 2.452207555757851543e-01 8.079198907601274626e-03 0.000000000000000000e+00
2.450000000000000000e+04 9.800043106300355689e-01 2.767410104688211026e-01 4.729176149294492260e-01 2.441966317705962786e-01 6.144742831133363434e-03 0.000000000000000000e+00
2.475000000000000000e+04 9.900043546160561814e-01 2.804961310878470448e-01 4.662039144287665193e-01 2.468138370505234547e-01 6.486117432862995025e-03 0.000000000000000000e+00
2.500000000000000000e+04 1.000004398602076794e+00 2.815202548930359483e-01 4.608557123350022766e-01 2.500000000000000000e-01 7.624032771961766417e-03 0.000000000000000000e+00
