# itime ezz other fcc hcp bcc ico
0.000000000000000000e+00 0.000000000000000000e+00 0.000000000000000000e+00 1.000000000000000000e+00 0.000000000000000000e+00 0.000000000000000000e+00 0.000000000000000000e+00
2.500000000000000000e+01 9.999879146891377246e-04 0.000000000000000000e+00 1.000000000000000000e+00 0.000000000000000000e+00 0.000000000000000000e+00 0.000000000000000000e+00
5.000000000000000000e+01 1.999975829378053405e-03 0.000000000000000000e+00 1.000000000000000000e+00 0.000000000000000000e+00 0.000000000000000000e+00 0.000000000000000000e+00
7.500000000000000000e+01 2.999963744067191129e-03 0.000000000000000000e+00 1.000000000000000000e+00 0.000000000000000000e+00 0.000000000000000000e+00 0.000000000000000000e+00
1.000000000000000000e+02 3.999951658756106809e-03 0.000000000000000000e+00 1.000000000000000000e+00 0.000000000000000000e+00 0.000000000000000000e+00 0.000000000000000000e+00
1.250000000000000000e+02 4.999939573445244534e-03 0.000000000000000000e+00 1.000000000000000000e+00 0.000000000000000000e+00 0.000000000000000000e+00 0.000000000000000000e+00
1.500000000000000000e+02 5.999927488134160214e-03 0.000000000000000000e+00 1.000000000000000000e+00 0.000000000000000000e+00 0.000000000000000000e+00 0.000000000000000000e+00
1.750000000000000000e+02 6.999915402823297939e-03 0.000000000000000000e+00 1.000000000000000000e+00 0.000000000000000000e+00 0.000000000000000000e+00 0.000000000000000000e+00
2.000000000000000000e+02 7.999903317512435663e-03 0.000000000000000000e+00 1.000000000000000000e+00 0.000000000000000000e+00 0.000000000000000000e+00 0.000000000000000000e+00
2.250000000000000000e+02 8.999891232201351343e-03 0.000000000000000000e+00 1.000000000000000000e+00 0.000000000000000000e+00 0.000000000000000000e+00 0.000000000000000000e+00
2.500000000000000000e+02 9.999879146890489068e-03 0.000000000000000000e+00 1.000000000000000000e+00 0.000000000000000000e+00 0.000000000000000000e+00 0.000000000000000000e+00
2.750000000000000000e+02 1.099986706157940475e-02 0.000000000000000000e+00 1.000000000000000000e+00 0.000000000000000000e+00 0.000000000000000000e+00 0.000000000000000000e+00
3.000000000000000000e+02 1.199985497626854247e-02 0.000000000000000000e+00 1.000000000000000000e+00 0.000000000000000000e+00 0.000000000000000000e+00 0.000000000000000000e+00
3.250000000000000000e+02 1.299984289095745815e-02 0.000000000000000000e+00 1.000000000000000000e+00 0.000000000000000000e+00 0.000000000000000000e+00 0.000000000000000000e+00
3.500000000000000000e+02 1.399983080564659588e-02 0.000000000000000000e+00 1.000000000000000000e+00 0.000000000000000000e+00 0.000000000000000000e+00 0.000000000000000000e+00
3.750000000000000000e+02 1.499981872033551156e-02 0.000000000000000000e+00 1.000000000000000000e+00 0.000000000000000000e+00 0.000000000000000000e+00 0.000000000000000000e+00
4.000000000000000000e+02 1.599980663502464928e-02 0.000000000000000000e+00 1.000000000000000000e+00 0.000000000000000000e+00 0.000000000000000000e+00 0.000000000000000000e+00
4.250000000000000000e+02 1.699979454971378701e-02 0.000000000000000000e+00 1.000000000000000000e+00 0.000000000000000000e+00 0.000000000000000000e+00 0.000000000000000000e+00
4.500000000000000000e+02 1.799978246440270269e-02 0.000000000000000000e+00 1.000000000000000000e+00 0.000000000000000000e+00 0.000000000000000000e+00 0.000000000000000000e+00
4.750000000000000000e+02 1.899977037909184041e-02 0.000000000000000000e+00 1.000000000000000000e+00 0.000000000000000000e+00 0.000000000000000000e+00 0.000000000000000000e+00
5.000000000000000000e+02 1.999975829378075609e-02 0.000000000000000000e+00 1.000000000000000000e+00 0.000000000000000000e+00 0.000000000000000000e+00 0.000000000000000000e+00
5.250000000000000000e+02 2.099974620846989382e-02 0.000000000000000000e+00 1.000000000000000000e+00 0.000000000000000000e+00 0.000000000000000000e+00 0.000000000000000000e+00
5.500000000000000000e+02 2.199973412315880950e-02 0.000000000000000000e+00 1.000000000000000000e+00 0.000000000000000000e+00 0.000000000000000000e+00 0.000000000000000000e+00
5.750000000000000000e+02 2.299972203784794722e-02 0.000000000000000000e+00 1.000000000000000000e+00 0.000000000000000000e+00 0.000000000000000000e+00 0.000000000000000000e+00
6.000000000000000000e+02 2.399970995253708494e-02 0.000000000000000000e+00 1.000000000000000000e+00 0.000000000000000000e+00 0.000000000000000000e+00 0.000000000000000000e+00
6.250000000000000000e+02 2.499969786722600062e-02 0.000000000000000000e+00 1.000000000000000000e+00 0.000000000000000000e+00 0.000000000000000000e+00 0.000000000000000000e+00
6.500000000000000000e+02 2.599968578191513835e-02 0.000000000000000000e+00 1.000000000000000000e+00 0.000000000000000000e+00 0.000000000000000000e+00 0.000000000000000000e+00
6.750000000000000000e+02 2.699967369660405403e-02 0.000000000000000000e+00 1.000000000000000000e+00 0.000000000000000000e+00 0.000000000000000000e+00 0.000000000000000000e+00
7.000000000000000000e+02 2.799966161129319175e-02 0.000000000000000000e+00 1.000000000000000000e+00 0.000000000000000000e+00 0.000000000000000000e+00 0.000000000000000000e+00
7.250000000000000000e+02 2.899964952598210743e-02 0.000000000000000000e+00 1.000000000000000000e+00 0.000000000000000000e+00 0.000000000000000000e+00 0.000000000000000000e+00
7.500000000000000000e+02 2.999963744067124516e-02 0.000000000000000000e+00 1.000000000000000000e+00 0.000000000000000000e+00 0.000000000000000000e+00 0.000000000000000000e+00
7.750000000000000000e+02 3.099962535536016084e-02 0.000000000000000000e+00 1.000000000000000000e+00 0.000000000000000000e+00 0.000000000000000000e+00 0.000000000000000000e+00
8.000000000000000000e+02 3.199961327004929856e-02 0.000000000000000000e+00 1.000000000000000000e+00 0.000000000000000000e+00 0.000000000000000000e+00 0.000000000000000000e+00
8.250000000000000000e+02 3.299960118473843629e-02 0.000000000000000000e+00 1.000000000000000000e+00 0.000000000000000000e+00 0.000000000000000000e+00 0.000000000000000000e+00
8.500000000000000000e+02 3.399958909942735197e-02 0.000000000000000000e+00 1.000000000000000000e+00 0.000000000000000000e+00 0.000000000000000000e+00 0.000000000000000000e+00
8.750000000000000000e+02 3.499957701411648969e-02 0.000000000000000000e+00 1.000000000000000000e+00 0.000000000000000000e+00 0.000000000000000000e+00 0.000000000000000000e+00
9.000000000000000000e+02 3.599956492880540537e-02 0.000000000000000000e+00 1.000000000000000000e+00 0.000000000000000000e+00 0.000000000000000000e+00 0.000000000000000000e+00
9.250000000000000000e+02 3.699955284349454310e-02 0.000000000000000000e+00 1.000000000000000000e+00 0.000000000000000000e+00 0.000000000000000000e+00 0.000000000000000000e+00
9.500000000000000000e+02 3.799954075818345878e-02 0.000000000000000000e+00 1.000000000000000000e+00 0.000000000000000000e+00 0.000000000000000000e+00 0.000000000000000000e+00
9.750000000000000000e+02 3.899952867287259650e-02 0.000000000000000000e+00 1.000000000000000000e+00 0.000000000000000000e+00 0.000000000000000000e+00 0.000000000000000000e+00
1.000000000000000000e+03 3.999951658756173423e-02 0.000000000000000000e+00 1.000000000000000000e+00 0.000000000000000000e+00 0.000000000000000000e+00 0.000000000000000000e+00
1.025000000000000000e+03 4.099950450225064991e-02 0.000000000000000000e+00 1.000000000000000000e+00 0.000000000000000000e+00 0.000000000000000000e+00 0.000000000000000000e+00
1.050000000000000000e+03 4.199949241693978763e-02 0.000000000000000000e+00 1.000000000000000000e+00 0.000000000000000000e+00 0.000000000000000000e+00 0.000000000000000000e+00
1.075000000000000000e+03 4.299948033162870331e-02 0.000000000000000000e+00 1.000000000000000000e+00 0.000000000000000000e+00 0.000000000000000000e+00 0.000000000000000000e+00
1.100000000000000000e+03 4.399946824631784104e-02 0.000000000000000000e+00 1.000000000000000000e+00 0.000000000000000000e+00 0.000000000000000000e+00 0.000000000000000000e+00
1.125000000000000000e+03 4.499945616100675672e-02 0.000000000000000000e+00 1.000000000000000000e+00 0.000000000000000000e+00 0.000000000000000000e+00 0.000000000000000000e+00
1.150000000000000000e+03 4.599944407569589444e-02 0.000000000000000000e+00 1.000000000000000000e+00 0.000000000000000000e+00 0.000000000000000000e+00 0.000000000000000000e+00
1.175000000000000000e+03 4.699943199038481012e-02 0.000000000000000000e+00 1.000000000000000000e+00 0.000000000000000000e+00 0.000000000000000000e+00 0.000000000000000000e+00
1.200000000000000000e+03 4.799941990507394785e-02 0.000000000000000000e+00 1.000000000000000000e+00 0.000000000000000000e+00 0.000000000000000000e+00 0.000000000000000000e+00
1.225000000000000000e+03 4.899940781976308557e-02 0.000000000000000000e+00 1.000000000000000000e+00 0.000000000000000000e+00 0.000000000000000000e+00 0.000000000000000000e+00
1.250000000000000000e+03 4.999939573445200125e-02 0.000000000000000000e+00 1.000000000000000000e+00 0.000000000000000000e+00 0.000000000000000000e+00 0.000000000000000000e+00
1.275000000000000000e+03 5.099938364914113897e-02 0.000000000000000000e+00 1.000000000000000000e+00 0.000000000000000000e+00 0.000000000000000000e+00 0.000000000000000000e+00
1.300000000000000000e+03 5.199937156383005465e-02 0.000000000000000000e+00 1.000000000000000000e+00 0.000000000000000000e+00 0.000000000000000000e+00 0.000000000000000000e+00
1.325000000000000000e+03 5.299935947851919238e-02 0.000000000000000000e+00 1.000000000000000000e+00 0.000000000000000000e+00 0.000000000000000000e+00 0.000000000000000000e+00
1.350000000000000000e+03 5.399934739320810806e-02 0.000000000000000000e+00 1.000000000000000000e+00 0.000000000000000000e+00 0.000000000000000000e+00 0.000000000000000000e+00
1.375000000000000000e+03 5.499933530789724578e-02 0.000000000000000000e+00 1.000000000000000000e+00 0.000000000000000000e+00 0.000000000000000000e+00 0.000000000000000000e+00
1.400000000000000000e+03 5.599932322258638351e-02 0.000000000000000000e+00 1.000000000000000000e+00 0.000000000000000000e+00 0.000000000000000000e+00 0.000000000000000000e+00
1.425000000000000000e+03 5.699931113727529919e-02 0.000000000000000000e+00 1.000000000000000000e+00 0.000000000000000000e+00 0.000000000000000000e+00 0.000000000000000000e+00
1.450000000000000000e+03 5.799929905196443691e-02 0.000000000000000000e+00 1.000000000000000000e+00 0.000000000000000000e+00 0.000000000000000000e+00 0.000000000000000000e+00
1.475000000000000000e+03 5.899928696665335259e-02 0.000000000000000000e+00 1.000000000000000000e+00 0.000000000000000000e+00 0.000000000000000000e+00 0.000000000000000000e+00
1.500000000000000000e+03 5.999927488134249032e-02 0.000000000000000000e+00 1.000000000000000000e+00 0.000000000000000000e+00 0.000000000000000000e+00 0.000000000000000000e+00
1.525000000000000000e+03 6.099926279603140600e-02 0.000000000000000000e+00 1.000000000000000000e+00 0.000000000000000000e+00 0.000000000000000000e+00 0.000000000000000000e+00
1.550000000000000000e+03 6.199925071072054372e-02 0.000000000000000000e+00 1.000000000000000000e+00 0.000000000000000000e+00 0.000000000000000000e+00 0.000000000000000000e+00
1.575000000000000000e+03 6.299923862540945940e-02 0.000000000000000000e+00 1.000000000000000000e+00 0.000000000000000000e+00 0.000000000000000000e+00 0.000000000000000000e+00
1.600000000000000000e+03 6.399922654009859713e-02 0.000000000000000000e+00 1.000000000000000000e+00 0.000000000000000000e+00 0.000000000000000000e+00 0.000000000000000000e+00
1.625000000000000000e+03 6.499921445478773485e-02 0.000000000000000000e+00 1.000000000000000000e+00 0.000000000000000000e+00 0.000000000000000000e+00 0.000000000000000000e+00
1.650000000000000000e+03 6.599920236947665053e-02 2.275830678197542133e-04 9.997724169321802190e-01 0.000000000000000000e+00 0.000000000000000000e+00 0.000000000000000000e+00
1.675000000000000000e+03 6.699919028416578826e-02 0.000000000000000000e+00 1.000000000000000000e+00 0.000000000000000000e+00 0.000000000000000000e+00 0.000000000000000000e+00
1.700000000000000000e+03 6.799917819885470394e-02 0.000000000000000000e+00 1.000000000000000000e+00 0.000000000000000000e+00 0.000000000000000000e+00 0.000000000000000000e+00
1.725000000000000000e+03 6.899916611354384166e-02 0.000000000000000000e+00 1.000000000000000000e+00 0.000000000000000000e+00 0.000000000000000000e+00 0.000000000000000000e+00
1.750000000000000000e+03 6.999915402823275734e-02 0.000000000000000000e+00 1.000000000000000000e+00 0.000000000000000000e+00 0.000000000000000000e+00 0.000000000000000000e+00
1.775000000000000000e+03 7.099914194292189507e-02 0.000000000000000000e+00 1.000000000000000000e+00 0.000000000000000000e+00 0.000000000000000000e+00 0.000000000000000000e+00
1.800000000000000000e+03 7.199912985761103279e-02 0.000000000000000000e+00 1.000000000000000000e+00 0.000000000000000000e+00 0.000000000000000000e+00 0.000000000000000000e+00
1.825000000000000000e+03 7.299911777229994847e-02 5.689576695493854790e-04 9.994310423304506585e-01 0.000000000000000000e+00 0.000000000000000000e+00 0.000000000000000000e+00
1.850000000000000000e+03 7.399910568698908619e-02 4.551661356395084266e-04 9.995448338643604380e-01 0.000000000000000000e+00 0.000000000000000000e+00 0.000000000000000000e+00
1.875000000000000000e+03 7.499909360167800187e-02 0.000000000000000000e+00 1.000000000000000000e+00 0.000000000000000000e+00 0.000000000000000000e+00 0.000000000000000000e+00
1.900000000000000000e+03 7.599908151636713960e-02 0.000000000000000000e+00 1.000000000000000000e+00 0.000000000000000000e+00 0.000000000000000000e+00 0.000000000000000000e+00
1.925000000000000000e+03 7.699906943105605528e-02 1.137915339098771066e-04 9.998862084660901095e-01 0.000000000000000000e+00 0.000000000000000000e+00 0.000000000000000000e+00
1.950000000000000000e+03 7.799905734574519300e-02 1.137915339098771066e-04 9.998862084660901095e-01 0.000000000000000000e+00 0.000000000000000000e+00 0.000000000000000000e+00
1.975000000000000000e+03 7.899904526043410868e-02 0.000000000000000000e+00 1.000000000000000000e+00 0.000000000000000000e+00 0.000000000000000000e+00 0.000000000000000000e+00
2.000000000000000000e+03 7.999903317512324641e-02 0.000000000000000000e+00 1.000000000000000000e+00 0.000000000000000000e+00 0.000000000000000000e+00 0.000000000000000000e+00
2.025000000000000000e+03 8.099902108981238413e-02 0.000000000000000000e+00 1.000000000000000000e+00 0.000000000000000000e+00 0.000000000000000000e+00 0.000000000000000000e+00
2.050000000000000000e+03 8.199900900450129981e-02 5.689576695493854790e-04 9.994310423304506585e-01 0.000000000000000000e+00 0.000000000000000000e+00 0.000000000000000000e+00
2.075000000000000000e+03 8.299899691919043754e-02 1.137915339098771066e-04 9.998862084660901095e-01 0.000000000000000000e+00 0.000000000000000000e+00 0.000000000000000000e+00
2.100000000000000000e+03 8.399898483387935322e-02 1.137915339098771066e-04 9.997724169321802190e-01 0.000000000000000000e+00 1.137915339098771066e-04 0.000000000000000000e+00
2.125000000000000000e+03 8.499897274856849094e-02 1.137915339098770958e-03 9.988620846609012061e-01 0.000000000000000000e+00 0.000000000000000000e+00 0.000000000000000000e+00
2.150000000000000000e+03 8.599896066325740662e-02 4.551661356395084266e-04 9.994310423304506585e-01 0.000000000000000000e+00 1.137915339098771066e-04 0.000000000000000000e+00
2.175000000000000000e+03 8.699894857794654435e-02 1.137915339098770958e-03 9.987482931269913156e-01 0.000000000000000000e+00 1.137915339098771066e-04 0.000000000000000000e+00
2.200000000000000000e+03 8.799893649263568207e-02 3.413746017296313199e-04 9.995448338643604380e-01 0.000000000000000000e+00 1.137915339098771066e-04 0.000000000000000000e+00
2.225000000000000000e+03 8.899892440732459775e-02 1.137915339098771066e-04 9.998862084660901095e-01 0.000000000000000000e+00 0.000000000000000000e+00 0.000000000000000000e+00
2.250000000000000000e+03 8.999891232201373548e-02 1.137915339098770958e-03 9.985207100591716456e-01 0.000000000000000000e+00 3.413746017296313199e-04 0.000000000000000000e+00
2.275000000000000000e+03 9.099890023670265116e-02 6.827492034592626399e-04 9.993172507965407680e-01 0.000000000000000000e+00 0.000000000000000000e+00 0.000000000000000000e+00
2.300000000000000000e+03 9.199888815139178888e-02 1.934456076467910759e-03 9.980655439235320836e-01 0.000000000000000000e+00 0.000000000000000000e+00 0.000000000000000000e+00
2.325000000000000000e+03 9.299887606608070456e-02 9.103322712790168532e-04 9.990896677287209870e-01 0.000000000000000000e+00 0.000000000000000000e+00 0.000000000000000000e+00
2.350000000000000000e+03 9.399886398076984229e-02 2.389622212107419402e-03 9.976103777878926326e-01 0.000000000000000000e+00 0.000000000000000000e+00 0.000000000000000000e+00
2.375000000000000000e+03 9.499885189545875797e-02 1.365498406918525280e-03 9.984069185252617551e-01 0.000000000000000000e+00 2.275830678197542133e-04 0.000000000000000000e+00
2.400000000000000000e+03 9.599883981014789569e-02 1.934456076467910759e-03 9.980655439235320836e-01 0.000000000000000000e+00 0.000000000000000000e+00 0.000000000000000000e+00
2.425000000000000000e+03 9.699882772483703341e-02 5.689576695493854790e-04 9.994310423304506585e-01 0.000000000000000000e+00 0.000000000000000000e+00 0.000000000000000000e+00
2.450000000000000000e+03 9.799881563952594909e-02 2.503413746017296455e-03 9.973827947200728516e-01 0.000000000000000000e+00 1.137915339098771066e-04 0.000000000000000000e+00
2.475000000000000000e+03 9.899880355421508682e-02 2.048247610377787811e-03 9.978379608557123026e-01 0.000000000000000000e+00 1.137915339098771066e-04 0.000000000000000000e+00
2.500000000000000000e+03 9.999879146890400250e-02 6.827492034592626399e-04 9.993172507965407680e-01 0.000000000000000000e+00 0.000000000000000000e+00 0.000000000000000000e+00
2.525000000000000000e+03 1.009987793835931402e-01 3.186162949476558769e-03 9.968138370505233992e-01 0.000000000000000000e+00 0.000000000000000000e+00 0.000000000000000000e+00
2.550000000000000000e+03 1.019987672982820559e-01 3.755120619025944465e-03 9.959035047792443862e-01 0.000000000000000000e+00 3.413746017296313199e-04 0.000000000000000000e+00
2.575000000000000000e+03 1.029987552129711936e-01 2.958579881656804664e-03 9.969276285844332897e-01 0.000000000000000000e+00 1.137915339098771066e-04 0.000000000000000000e+00
2.600000000000000000e+03 1.039987431276603314e-01 4.665452890304961318e-03 9.948793809740554828e-01 0.000000000000000000e+00 4.551661356395084266e-04 0.000000000000000000e+00
2.625000000000000000e+03 1.049987310423492470e-01 1.934456076467910759e-03 9.979517523896221931e-01 0.000000000000000000e+00 1.137915339098771066e-04 0.000000000000000000e+00
2.650000000000000000e+03 1.059987189570383848e-01 5.575785161583977738e-03 9.943104233045061413e-01 0.000000000000000000e+00 1.137915339098771066e-04 0.000000000000000000e+00
2.675000000000000000e+03 1.069987068717273004e-01 4.210286754665453109e-03 9.957897132453344957e-01 0.000000000000000000e+00 0.000000000000000000e+00 0.000000000000000000e+00
2.700000000000000000e+03 1.079986947864164382e-01 5.234410559854347014e-03 9.945380063723259223e-01 0.000000000000000000e+00 2.275830678197542133e-04 0.000000000000000000e+00
2.725000000000000000e+03 1.089986827011053538e-01 3.982703686845699004e-03 9.960172963131542767e-01 0.000000000000000000e+00 0.000000000000000000e+00 0.000000000000000000e+00
2.750000000000000000e+03 1.099986706157944916e-01 3.641329085116067413e-03 9.962448793809740577e-01 0.000000000000000000e+00 1.137915339098771066e-04 0.000000000000000000e+00
2.775000000000000000e+03 1.109986585304834072e-01 5.461993627674101119e-03 9.940828402366863603e-01 0.000000000000000000e+00 4.551661356395084266e-04 0.000000000000000000e+00
2.800000000000000000e+03 1.119986464451725450e-01 9.672280382339554228e-03 9.898725534820209671e-01 0.000000000000000000e+00 4.551661356395084266e-04 0.000000000000000000e+00
2.825000000000000000e+03 1.129986343598616827e-01 1.103777878925807886e-02 9.885070550751023921e-01 0.000000000000000000e+00 4.551661356395084266e-04 0.000000000000000000e+00
2.850000000000000000e+03 1.139986222745505984e-01 2.048247610377787811e-02 9.782658170232134687e-01 0.000000000000000000e+00 1.251706873008648227e-03 0.000000000000000000e+00
2.875000000000000000e+03 1.149986101892397361e-01 1.422394173873463806e-02 9.847519344560764498e-01 0.000000000000000000e+00 1.024123805188893906e-03 0.000000000000000000e+00
2.900000000000000000e+03 1.159985981039286518e-01 1.877560309512972189e-02 9.789485662266727006e-01 0.000000000000000000e+00 2.275830678197541916e-03 0.000000000000000000e+00
2.925000000000000000e+03 1.169985860186177895e-01 2.332726445152480746e-02 9.741693218024578549e-01 0.000000000000000000e+00 2.503413746017296455e-03 0.000000000000000000e+00
2.950000000000000000e+03 1.179985739333067052e-01 3.777878925807919702e-02 9.560764679107874864e-01 0.000000000000000000e+00 6.144742831133363434e-03 0.000000000000000000e+00
2.975000000000000000e+03 1.189985618479958429e-01 4.836140191169777114e-02 9.363905325443786509e-01 0.000000000000000000e+00 1.524806554392353283e-02 0.000000000000000000e+00
3.000000000000000000e+03 1.199985497626849806e-01 6.315430131998178709e-02 9.030496131087847322e-01 0.000000000000000000e+00 3.379608557123350149e-02 0.000000000000000000e+00
3.025000000000000000e+03 1.209985376773738963e-01 1.213017751479289891e-01 7.977924442421483464e-01 0.000000000000000000e+00 8.090578060992262288e-02 0.000000000000000000e+00
3.050000000000000000e+03 1.219985255920630340e-01 1.923076923076923184e-01 6.323395539371871044e-01 0.000000000000000000e+00 1.753527537551206328e-01 0.000000000000000000e+00
3.075000000000000000e+03 1.229985135067519497e-01 2.869822485207100815e-01 3.988393263541192280e-01 3.413746017296313199e-04 3.138370505234410746e-01 0.000000000000000000e+00
3.100000000000000000e+03 1.239985014214410874e-01 3.746017296313154388e-01 2.215521165225307343e-01 1.365498406918525280e-03 4.024806554392353353e-01 0.000000000000000000e+00
3.125000000000000000e+03 1.249984893361300031e-01 4.062357760582612776e-01 1.462221210741920796e-01 2.162039144287664864e-03 4.453800637232590010e-01 0.000000000000000000e+00
3.150000000000000000e+03 1.259984772508191408e-01 3.791533909877105035e-01 1.471324533454710926e-01 1.820664542558033706e-03 4.718934911242603780e-01 0.000000000000000000e+00
3.175000000000000000e+03 1.269984651655080565e-01 3.542330450614474269e-01 1.585116067364588099e-01 1.365498406918525280e-03 4.858898497951752438e-01 0.000000000000000000e+00
3.200000000000000000e+03 1.279984530801971943e-01 3.442193900773782289e-01 1.548702776513427304e-01 1.593081474738279385e-03 4.993172507965407125e-01 0.000000000000000000e+00
3.225000000000000000e+03 1.289984409948863320e-01 3.538916704597178109e-01 1.577150659990896597e-01 2.389622212107419402e-03 4.860036413290851343e-01 0.000000000000000000e+00
3.250000000000000000e+03 1.299984289095752477e-01 3.624260355029585989e-01 1.750113791533909890e-01 1.035502958579881741e-02 4.522075557578515981e-01 0.000000000000000000e+00
3.275000000000000000e+03 1.309984168242643854e-01 3.469503868912152678e-01 2.126763768775603025e-01 2.856167501137915274e-02 4.118115612198452458e-01 0.000000000000000000e+00
3.300000000000000000e+03 1.319984047389533011e-01 3.584433318161128756e-01 2.270141101502048120e-01 4.767865270823850449e-02 3.668639053254437732e-01 0.000000000000000000e+00
3.325000000000000000e+03 1.329983926536424388e-01 3.636777423759672279e-01 2.445380063723258945e-01 7.498862084660901095e-02 3.167956304050978389e-01 0.000000000000000000e+00
3.350000000000000000e+03 1.339983805683313545e-01 3.585571233500227661e-01 2.770823850705507740e-01 1.140191169776968577e-01 2.503413746017296160e-01 0.000000000000000000e+00
3.375000000000000000e+03 1.349983684830204922e-01 3.402366863905325611e-01 3.024578971324533572e-01 1.413290851160673711e-01 2.159763313609467383e-01 0.000000000000000000e+00
3.400000000000000000e+03 1.359983563977096299e-01 3.475193445607646647e-01 3.103095129722348577e-01 1.558944014565316338e-01 1.862767410104688159e-01 0.000000000000000000e+00
3.425000000000000000e+03 1.369983443123985456e-01 3.379608557123350288e-01 3.277196176604460498e-01 1.671597633136094607e-01 1.671597633136094607e-01 0.000000000000000000e+00
3.450000000000000000e+03 1.379983322270876833e-01 3.557123350022758368e-01 3.365953573054164538e-01 1.735320892125625791e-01 1.341602184797451025e-01 0.000000000000000000e+00
3.475000000000000000e+03 1.389983201417765990e-01 3.513882567137004975e-01 3.524123805188894010e-01 1.730769230769230727e-01 1.231224396904870289e-01 0.000000000000000000e+00
3.500000000000000000e+03 1.399983080564657367e-01 3.586709148839326566e-01 3.600364132908511761e-01 1.698907601274465273e-01 1.114019116977696816e-01 0.000000000000000000e+00
3.525000000000000000e+03 1.409982959711546524e-01 3.524123805188894010e-01 3.727810650887574129e-01 1.760355029585798925e-01 9.877105143377332142e-02 0.000000000000000000e+00
3.550000000000000000e+03 1.419982838858437901e-01 3.590122894856622726e-01 3.703914428766499900e-01 1.741010468821119761e-01 9.649522075557578904e-02 0.000000000000000000e+00
3.575000000000000000e+03 1.429982718005327058e-01 3.482020937642239522e-01 3.746017296313154388e-01 1.758079198907601393e-01 1.013882567137004975e-01 0.000000000000000000e+00
3.600000000000000000e+03 1.439982597152218435e-01 3.459262630860264198e-01 3.779016841147018746e-01 1.756941283568502488e-01 1.004779244424214846e-01 0.000000000000000000e+00
3.625000000000000000e+03 1.449982476299109813e-01 3.503641329085115941e-01 3.738051888939463163e-01 1.725079654073737034e-01 1.033227127901684139e-01 0.000000000000000000e+00
3.650000000000000000e+03 1.459982355445998969e-01 3.346609012289485929e-01 3.769913518434228616e-01 1.776285844333181652e-01 1.107191624943104219e-01 0.000000000000000000e+00
3.675000000000000000e+03 1.469982234592890347e-01 3.317023213472917731e-01 3.827947200728265553e-01 1.720527992717341692e-01 1.134501593081474746e-01 0.000000000000000000e+00
3.700000000000000000e+03 1.479982113739779503e-01 3.327264451524806765e-01 3.771051433773327521e-01 1.717114246700045532e-01 1.184569868001820597e-01 0.000000000000000000e+00
3.725000000000000000e+03 1.489981992886670881e-01 3.287437414656349532e-01 3.806326809285389134e-01 1.767182521620391522e-01 1.139053254437869811e-01 0.000000000000000000e+00
3.750000000000000000e+03 1.499981872033560037e-01 3.303368229403732537e-01 3.801775147928994070e-01 1.777423759672280279e-01 1.117432862994993115e-01 0.000000000000000000e+00
3.775000000000000000e+03 1.509981751180451415e-01 3.443331816112881194e-01 3.767637687756030807e-01 1.758079198907601393e-01 1.030951297223486607e-01 0.000000000000000000e+00
3.800000000000000000e+03 1.519981630327342792e-01 3.428538916704597095e-01 3.857532999544833752e-01 1.817250796540737234e-01 8.966772872098316416e-02 0.000000000000000000e+00
3.825000000000000000e+03 1.529981509474231949e-01 3.377332726445152478e-01 3.912152935821575084e-01 1.834319526627218866e-01 8.761948111060537114e-02 0.000000000000000000e+00
3.850000000000000000e+03 1.539981388621123326e-01 3.402366863905325611e-01 3.901911697769686049e-01 1.879836140191169791e-01 8.158852981338188259e-02 0.000000000000000000e+00
3.875000000000000000e+03 1.549981267768012483e-01 3.472917614929449392e-01 3.923532089212562468e-01 1.906008192990441552e-01 6.975421028675465873e-02 0.000000000000000000e+00
3.900000000000000000e+03 1.559981146914903860e-01 3.327264451524806765e-01 4.036185707783340737e-01 1.937869822485207005e-01 6.986800182066454923e-02 0.000000000000000000e+00
3.925000000000000000e+03 1.569981026061793017e-01 3.362539827036868378e-01 4.076012744651797970e-01 1.921939007737824279e-01 6.395084205735093730e-02 0.000000000000000000e+00
3.950000000000000000e+03 1.579980905208684394e-01 3.355712335002276059e-01 4.114701866181156298e-01 1.916249431042330587e-01 6.133363677742376119e-02 0.000000000000000000e+00
3.975000000000000000e+03 1.589980784355573551e-01 3.370505234410559603e-01 4.131770596267637652e-01 1.919663177059626746e-01 5.780609922621757213e-02 0.000000000000000000e+00
4.000000000000000000e+03 1.599980663502464928e-01 3.410332271279016836e-01 4.135184342284933812e-01 1.846836595357305433e-01 6.076467910787437116e-02 0.000000000000000000e+00
4.025000000000000000e+03 1.609980542649356305e-01 3.453573054164770229e-01 4.109012289485662328e-01 1.875284478834774726e-01 5.621301775147929253e-02 0.000000000000000000e+00
4.050000000000000000e+03 1.619980421796245462e-01 3.536640873918980299e-01 4.061219845243513871e-01 1.829767865270823801e-01 5.723714155666818210e-02 0.000000000000000000e+00
4.075000000000000000e+03 1.629980300943136839e-01 3.581019572143832597e-01 4.054392353208920996e-01 1.865043240782885692e-01 4.995448338643605074e-02 0.000000000000000000e+00
4.100000000000000000e+03 1.639980180090025996e-01 3.459262630860264198e-01 4.120391442876649712e-01 1.844560764679107900e-01 5.757851615839781195e-02 0.000000000000000000e+00
4.125000000000000000e+03 1.649980059236917374e-01 3.437642239417387224e-01 4.177287209831588299e-01 1.869594902139280757e-01 5.154756486117433034e-02 0.000000000000000000e+00
4.150000000000000000e+03 1.659979938383806530e-01 3.363677742375967283e-01 4.218252162039144437e-01 1.927628584433318248e-01 4.904415111515703085e-02 0.000000000000000000e+00
4.175000000000000000e+03 1.669979817530697908e-01 3.375056895766954668e-01 4.229631315430131822e-01 1.908284023668639084e-01 4.870277651342740100e-02 0.000000000000000000e+00
4.200000000000000000e+03 1.679979696677589285e-01 3.362539827036868378e-01 4.248975876194810986e-01 1.877560309512972259e-01 5.109239872553481693e-02 0.000000000000000000e+00
4.225000000000000000e+03 1.689979575824478442e-01 3.305644060081929791e-01 4.285389167045971504e-01 1.895766954938552518e-01 5.131998179335457710e-02 0.000000000000000000e+00
4.250000000000000000e+03 1.699979454971369819e-01 3.353436504324078249e-01 4.279699590350478089e-01 1.858215748748293095e-01 5.086481565771506369e-02 0.000000000000000000e+00
4.275000000000000000e+03 1.709979334118258976e-01 3.285161583978152278e-01 4.377560309512972259e-01 1.805871643149749572e-01 5.314064633591260994e-02 0.000000000000000000e+00
4.300000000000000000e+03 1.719979213265150353e-01 3.186162949476559203e-01 4.477696859353664238e-01 1.802457897132453413e-01 5.336822940373236318e-02 0.000000000000000000e+00
4.325000000000000000e+03 1.729979092412039510e-01 3.220300409649521911e-01 4.526627218934911046e-01 1.779699590350477811e-01 4.733727810650887463e-02 0.000000000000000000e+00
4.350000000000000000e+03 1.739978971558930887e-01 3.213472917614929592e-01 4.569868001820664438e-01 1.762630860263996457e-01 4.540282203004096517e-02 0.000000000000000000e+00
4.375000000000000000e+03 1.749978850705820044e-01 3.236231224396904915e-01 4.560764679107874309e-01 1.750113791533909890e-01 4.528903049613108855e-02 0.000000000000000000e+00
4.400000000000000000e+03 1.759978729852711421e-01 3.268092853891670369e-01 4.539144287664997890e-01 1.763768775603095085e-01 4.289940828402366568e-02 0.000000000000000000e+00
4.425000000000000000e+03 1.769978608999602798e-01 3.174783796085571264e-01 4.552799271734183084e-01 1.784251251706872876e-01 4.881656804733727761e-02 0.000000000000000000e+00
4.450000000000000000e+03 1.779978488146491955e-01 3.231679563040509851e-01 4.525489303595812696e-01 1.783113336367774249e-01 4.597177969959034827e-02 0.000000000000000000e+00
4.475000000000000000e+03 1.789978367293383332e-01 3.255575785161584079e-01 4.490213928083750528e-01 1.787664997724169313e-01 4.665452890304961492e-02 0.000000000000000000e+00
4.500000000000000000e+03 1.799978246440272489e-01 3.271506599908966528e-01 4.467455621301775204e-01 1.802457897132453413e-01 4.585798816568047165e-02 0.000000000000000000e+00
4.525000000000000000e+03 1.809978125587163866e-01 3.272644515248065433e-01 4.477696859353664238e-01 1.820664542558033672e-01 4.289940828402366568e-02 0.000000000000000000e+00
4.550000000000000000e+03 1.819978004734053023e-01 3.311333636777423761e-01 4.437869822485207005e-01 1.844560764679107900e-01 4.062357760582612637e-02 0.000000000000000000e+00
4.575000000000000000e+03 1.829977883880944400e-01 3.346609012289485929e-01 4.441283568502503165e-01 1.842284934000910368e-01 3.698224852071006069e-02 0.000000000000000000e+00
4.600000000000000000e+03 1.839977763027835778e-01 3.364815657715066188e-01 4.451524806554392200e-01 1.781975421028675344e-01 4.016841147018661989e-02 0.000000000000000000e+00
4.625000000000000000e+03 1.849977642174724934e-01 3.307919890760127601e-01 4.429904415111515781e-01 1.842284934000910368e-01 4.198907601274465273e-02 0.000000000000000000e+00
4.650000000000000000e+03 1.859977521321616312e-01 3.387573964497041512e-01 4.418525261720527841e-01 1.837733272644515303e-01 3.561675011379153433e-02 0.000000000000000000e+00
4.675000000000000000e+03 1.869977400468505468e-01 3.387573964497041512e-01 4.394629039599453613e-01 1.840009103322712836e-01 3.777878925807919702e-02 0.000000000000000000e+00
4.700000000000000000e+03 1.879977279615396846e-01 3.377332726445152478e-01 4.394629039599453613e-01 1.840009103322712836e-01 3.880291306326809353e-02 0.000000000000000000e+00
4.725000000000000000e+03 1.889977158762286003e-01 3.390987710514337672e-01 4.409421939007737712e-01 1.825216203914428736e-01 3.743741465634956717e-02 0.000000000000000000e+00
4.750000000000000000e+03 1.899977037909177380e-01 3.370505234410559603e-01 4.399180700955848677e-01 1.866181156121984597e-01 3.641329085116067066e-02 0.000000000000000000e+00
4.775000000000000000e+03 1.909976917056066537e-01 3.470641784251251583e-01 4.386663632225762388e-01 1.827492034592626269e-01 3.152025489303595523e-02 0.000000000000000000e+00
4.800000000000000000e+03 1.919976796202957914e-01 3.459262630860264198e-01 4.410559854346836617e-01 1.845698680018206528e-01 2.844788347746927612e-02 0.000000000000000000e+00
4.825000000000000000e+03 1.929976675349849291e-01 3.463814292216659263e-01 4.399180700955848677e-01 1.820664542558033672e-01 3.163404642694583185e-02 0.000000000000000000e+00
4.850000000000000000e+03 1.939976554496738448e-01 3.453573054164770229e-01 4.406008192990441552e-01 1.813837050523441075e-01 3.265817023213472836e-02 0.000000000000000000e+00
4.875000000000000000e+03 1.949976433643629825e-01 3.488848429676831842e-01 4.359353664087392000e-01 1.854802002730996935e-01 2.969959035047792587e-02 0.000000000000000000e+00
4.900000000000000000e+03 1.959976312790518982e-01 3.469503868912152678e-01 4.358215748748293095e-01 1.904870277651342647e-01 2.674101046882111990e-02 0.000000000000000000e+00
4.925000000000000000e+03 1.969976191937410359e-01 3.463814292216659263e-01 4.349112426035502965e-01 1.920801092398725651e-01 2.662721893491124328e-02 0.000000000000000000e+00
4.950000000000000000e+03 1.979976071084299516e-01 3.503641329085115941e-01 4.280837505689576439e-01 1.926490669094219343e-01 2.890304961310878606e-02 0.000000000000000000e+00
4.975000000000000000e+03 1.989975950231190893e-01 3.466090122894856518e-01 4.301319981793354508e-01 1.939007737824305910e-01 2.935821574874829254e-02 0.000000000000000000e+00
5.000000000000000000e+03 1.999975829378082270e-01 3.494538006372325811e-01 4.276285844333181374e-01 1.924214838416021811e-01 3.049613108784706567e-02 0.000000000000000000e+00
5.025000000000000000e+03 2.009975708524971427e-01 3.433090578060992160e-01 4.359353664087392000e-01 1.908284023668639084e-01 2.992717341829767910e-02 0.000000000000000000e+00
5.050000000000000000e+03 2.019975587671862804e-01 3.420573509330905870e-01 4.344560764679107900e-01 1.972007282658170269e-01 2.628584433318160996e-02 0.000000000000000000e+00
5.075000000000000000e+03 2.029975466818751961e-01 3.310195721438324856e-01 4.420801092398725651e-01 2.039144287664997612e-01 2.298588984979517413e-02 0.000000000000000000e+00
5.100000000000000000e+03 2.039975345965643339e-01 3.356850250341374409e-01 4.435593991807009751e-01 2.014110150204824756e-01 1.934456076467910846e-02 0.000000000000000000e+00
5.125000000000000000e+03 2.049975225112532495e-01 3.386436049157942607e-01 4.436731907146108100e-01 1.987938097405552995e-01 1.888939462903959851e-02 0.000000000000000000e+00
5.150000000000000000e+03 2.059975104259423873e-01 3.348884842967683184e-01 4.439007737824305910e-01 1.962903959945380139e-01 2.492034592626308706e-02 0.000000000000000000e+00
5.175000000000000000e+03 2.069974983406313029e-01 3.389849795175238767e-01 4.452662721893491105e-01 1.937869822485207005e-01 2.196176604460628110e-02 0.000000000000000000e+00
5.200000000000000000e+03 2.079974862553204407e-01 3.350022758306782089e-01 4.492489758761948337e-01 1.939007737824305910e-01 2.184797451069640448e-02 0.000000000000000000e+00
5.225000000000000000e+03 2.089974741700095784e-01 3.419435593991806965e-01 4.432180245789713036e-01 1.915111515703231682e-01 2.332726445152480746e-02 0.000000000000000000e+00
5.250000000000000000e+03 2.099974620846984941e-01 3.412608101957214646e-01 4.469731451979972459e-01 1.909421939007737712e-01 2.082385070550751144e-02 0.000000000000000000e+00
5.275000000000000000e+03 2.109974499993876318e-01 3.356850250341374409e-01 4.491351843422849432e-01 1.948111060537096040e-01 2.036868456986800149e-02 0.000000000000000000e+00
5.300000000000000000e+03 2.119974379140765475e-01 3.346609012289485929e-01 4.502730996813836817e-01 1.946973145197997135e-01 2.036868456986800149e-02 0.000000000000000000e+00
5.325000000000000000e+03 2.129974258287656852e-01 3.310195721438324856e-01 4.550523441055985274e-01 1.927628584433318248e-01 2.116522530723714129e-02 0.000000000000000000e+00
5.350000000000000000e+03 2.139974137434546009e-01 3.313609467455621571e-01 4.550523441055985274e-01 1.942421483841602070e-01 1.934456076467910846e-02 0.000000000000000000e+00
5.375000000000000000e+03 2.149974016581437386e-01 3.334091943559399085e-01 4.538006372325898985e-01 1.919663177059626746e-01 2.082385070550751144e-02 0.000000000000000000e+00
5.400000000000000000e+03 2.159973895728328763e-01 3.310195721438324856e-01 4.575557578516158408e-01 1.886663632225762388e-01 2.275830678197542090e-02 0.000000000000000000e+00
5.425000000000000000e+03 2.169973774875217920e-01 3.296540737369139662e-01 4.569868001820664438e-01 1.933318161128811941e-01 2.002730996813837164e-02 0.000000000000000000e+00
5.450000000000000000e+03 2.179973654022109297e-01 3.255575785161584079e-01 4.597177969959034827e-01 1.934456076467910846e-01 2.127901684114701791e-02 0.000000000000000000e+00
5.475000000000000000e+03 2.189973533168998454e-01 3.241920801092398885e-01 4.607419208010923861e-01 1.916249431042330587e-01 2.344105598543468408e-02 0.000000000000000000e+00
5.500000000000000000e+03 2.199973412315889831e-01 3.228265817023213691e-01 4.640418752844788219e-01 1.907146108329540179e-01 2.241693218024579104e-02 0.000000000000000000e+00
5.525000000000000000e+03 2.209973291462778988e-01 3.251024123805189014e-01 4.627901684114701930e-01 1.919663177059626746e-01 2.014110150204824826e-02 0.000000000000000000e+00
5.550000000000000000e+03 2.219973170609670365e-01 3.204369594902139462e-01 4.662039144287665193e-01 1.908284023668639084e-01 2.253072371415566766e-02 0.000000000000000000e+00
5.575000000000000000e+03 2.229973049756559522e-01 3.273782430587164338e-01 4.664314974965862448e-01 1.877560309512972259e-01 1.843422849340009204e-02 0.000000000000000000e+00
5.600000000000000000e+03 2.239972928903450899e-01 3.187300864815657553e-01 4.707555757851615841e-01 1.886663632225762388e-01 2.184797451069640448e-02 0.000000000000000000e+00
5.625000000000000000e+03 2.249972808050342277e-01 3.239644970414201075e-01 4.673418297678652578e-01 1.898042785616750050e-01 1.888939462903959851e-02 0.000000000000000000e+00
5.650000000000000000e+03 2.259972687197231433e-01 3.220300409649521911e-01 4.693900773782430647e-01 1.880974055530268418e-01 2.048247610377787811e-02 0.000000000000000000e+00
5.675000000000000000e+03 2.269972566344122811e-01 3.134956759217114031e-01 4.778106508875739622e-01 1.883249886208466228e-01 2.036868456986800149e-02 0.000000000000000000e+00
