# itime ezz other fcc hcp bcc ico
0.000000000000000000e+00 0.000000000000000000e+00 0.000000000000000000e+00 1.000000000000000000e+00 0.000000000000000000e+00 0.000000000000000000e+00 0.000000000000000000e+00
2.500000000000000000e+01 9.999767587509644784e-04 0.000000000000000000e+00 1.000000000000000000e+00 0.000000000000000000e+00 0.000000000000000000e+00 0.000000000000000000e+00
5.000000000000000000e+01 1.999953517501928957e-03 0.000000000000000000e+00 1.000000000000000000e+00 0.000000000000000000e+00 0.000000000000000000e+00 0.000000000000000000e+00
7.500000000000000000e+01 2.999930276252893435e-03 0.000000000000000000e+00 1.000000000000000000e+00 0.000000000000000000e+00 0.000000000000000000e+00 0.000000000000000000e+00
1.000000000000000000e+02 3.999907035003857914e-03 0.000000000000000000e+00 1.000000000000000000e+00 0.000000000000000000e+00 0.000000000000000000e+00 0.000000000000000000e+00
1.250000000000000000e+02 4.999883793754822392e-03 0.000000000000000000e+00 1.000000000000000000e+00 0.000000000000000000e+00 0.000000000000000000e+00 0.000000000000000000e+00
1.500000000000000000e+02 5.999860552505786870e-03 0.000000000000000000e+00 1.000000000000000000e+00 0.000000000000000000e+00 0.000000000000000000e+00 0.000000000000000000e+00
1.750000000000000000e+02 6.999837311256751349e-03 0.000000000000000000e+00 1.000000000000000000e+00 0.000000000000000000e+00 0.000000000000000000e+00 0.000000000000000000e+00
2.000000000000000000e+02 7.999814070007493783e-03 0.000000000000000000e+00 1.000000000000000000e+00 0.000000000000000000e+00 0.000000000000000000e+00 0.000000000000000000e+00
2.250000000000000000e+02 8.999790828758458261e-03 0.000000000000000000e+00 1.000000000000000000e+00 0.000000000000000000e+00 0.000000000000000000e+00 0.000000000000000000e+00
2.500000000000000000e+02 9.999767587509422739e-03 0.000000000000000000e+00 1.000000000000000000e+00 0.000000000000000000e+00 0.000000000000000000e+00 0.000000000000000000e+00
2.750000000000000000e+02 1.099974434626038722e-02 0.000000000000000000e+00 1.000000000000000000e+00 0.000000000000000000e+00 0.000000000000000000e+00 0.000000000000000000e+00
3.000000000000000000e+02 1.199972110501135170e-02 0.000000000000000000e+00 1.000000000000000000e+00 0.000000000000000000e+00 0.000000000000000000e+00 0.000000000000000000e+00
3.250000000000000000e+02 1.299969786376231617e-02 0.000000000000000000e+00 1.000000000000000000e+00 0.000000000000000000e+00 0.000000000000000000e+00 0.000000000000000000e+00
3.500000000000000000e+02 1.399967462251328065e-02 0.000000000000000000e+00 1.000000000000000000e+00 0.000000000000000000e+00 0.000000000000000000e+00 0.000000000000000000e+00
3.750000000000000000e+02 1.499965138126424513e-02 0.000000000000000000e+00 1.000000000000000000e+00 0.000000000000000000e+00 0.000000000000000000e+00 0.000000000000000000e+00
4.000000000000000000e+02 1.599962814001520961e-02 0.000000000000000000e+00 1.000000000000000000e+00 0.000000000000000000e+00 0.000000000000000000e+00 0.000000000000000000e+00
4.250000000000000000e+02 1.699960489876617409e-02 0.000000000000000000e+00 1.000000000000000000e+00 0.000000000000000000e+00 0.000000000000000000e+00 0.000000000000000000e+00
4.500000000000000000e+02 1.799958165751713857e-02 0.000000000000000000e+00 1.000000000000000000e+00 0.000000000000000000e+00 0.000000000000000000e+00 0.000000000000000000e+00
4.750000000000000000e+02 1.899955841626810304e-02 0.000000000000000000e+00 1.000000000000000000e+00 0.000000000000000000e+00 0.000000000000000000e+00 0.000000000000000000e+00
5.000000000000000000e+02 1.999953517501906752e-02 0.000000000000000000e+00 1.000000000000000000e+00 0.000000000000000000e+00 0.000000000000000000e+00 0.000000000000000000e+00
5.250000000000000000e+02 2.099951193377003200e-02 0.000000000000000000e+00 1.000000000000000000e+00 0.000000000000000000e+00 0.000000000000000000e+00 0.000000000000000000e+00
5.500000000000000000e+02 2.199948869252099648e-02 0.000000000000000000e+00 1.000000000000000000e+00 0.000000000000000000e+00 0.000000000000000000e+00 0.000000000000000000e+00
5.750000000000000000e+02 2.299946545127196096e-02 0.000000000000000000e+00 1.000000000000000000e+00 0.000000000000000000e+00 0.000000000000000000e+00 0.000000000000000000e+00
6.000000000000000000e+02 2.399944221002270339e-02 0.000000000000000000e+00 1.000000000000000000e+00 0.000000000000000000e+00 0.000000000000000000e+00 0.000000000000000000e+00
6.250000000000000000e+02 2.499941896877366787e-02 0.000000000000000000e+00 1.000000000000000000e+00 0.000000000000000000e+00 0.000000000000000000e+00 0.000000000000000000e+00
6.500000000000000000e+02 2.599939572752463235e-02 0.000000000000000000e+00 1.000000000000000000e+00 0.000000000000000000e+00 0.000000000000000000e+00 0.000000000000000000e+00
6.750000000000000000e+02 2.699937248627559683e-02 0.000000000000000000e+00 1.000000000000000000e+00 0.000000000000000000e+00 0.000000000000000000e+00 0.000000000000000000e+00
7.000000000000000000e+02 2.799934924502656131e-02 0.000000000000000000e+00 1.000000000000000000e+00 0.000000000000000000e+00 0.000000000000000000e+00 0.000000000000000000e+00
7.250000000000000000e+02 2.899932600377752578e-02 0.000000000000000000e+00 1.000000000000000000e+00 0.000000000000000000e+00 0.000000000000000000e+00 0.000000000000000000e+00
7.500000000000000000e+02 2.999930276252849026e-02 0.000000000000000000e+00 1.000000000000000000e+00 0.000000000000000000e+00 0.000000000000000000e+00 0.000000000000000000e+00
7.750000000000000000e+02 3.099927952127945474e-02 0.000000000000000000e+00 1.000000000000000000e+00 0.000000000000000000e+00 0.000000000000000000e+00 0.000000000000000000e+00
8.000000000000000000e+02 3.199925628003041922e-02 0.000000000000000000e+00 1.000000000000000000e+00 0.000000000000000000e+00 0.000000000000000000e+00 0.000000000000000000e+00
8.250000000000000000e+02 3.299923303878138370e-02 0.000000000000000000e+00 1.000000000000000000e+00 0.000000000000000000e+00 0.000000000000000000e+00 0.000000000000000000e+00
8.500000000000000000e+02 3.399920979753234818e-02 0.000000000000000000e+00 1.000000000000000000e+00 0.000000000000000000e+00 0.000000000000000000e+00 0.000000000000000000e+00
8.750000000000000000e+02 3.499918655628331265e-02 0.000000000000000000e+00 1.000000000000000000e+00 0.000000000000000000e+00 0.000000000000000000e+00 0.000000000000000000e+00
9.000000000000000000e+02 3.599916331503427713e-02 0.000000000000000000e+00 1.000000000000000000e+00 0.000000000000000000e+00 0.000000000000000000e+00 0.000000000000000000e+00
9.250000000000000000e+02 3.699914007378524161e-02 0.000000000000000000e+00 1.000000000000000000e+00 0.000000000000000000e+00 0.000000000000000000e+00 0.000000000000000000e+00
9.500000000000000000e+02 3.799911683253620609e-02 0.000000000000000000e+00 1.000000000000000000e+00 0.000000000000000000e+00 0.000000000000000000e+00 0.000000000000000000e+00
9.750000000000000000e+02 3.899909359128717057e-02 0.000000000000000000e+00 1.000000000000000000e+00 0.000000000000000000e+00 0.000000000000000000e+00 0.000000000000000000e+00
1.000000000000000000e+03 3.999907035003791300e-02 0.000000000000000000e+00 1.000000000000000000e+00 0.000000000000000000e+00 0.000000000000000000e+00 0.000000000000000000e+00
1.025000000000000000e+03 4.099904710878887748e-02 0.000000000000000000e+00 1.000000000000000000e+00 0.000000000000000000e+00 0.000000000000000000e+00 0.000000000000000000e+00
1.050000000000000000e+03 4.199902386753984196e-02 0.000000000000000000e+00 1.000000000000000000e+00 0.000000000000000000e+00 0.000000000000000000e+00 0.000000000000000000e+00
1.075000000000000000e+03 4.299900062629080644e-02 0.000000000000000000e+00 1.000000000000000000e+00 0.000000000000000000e+00 0.000000000000000000e+00 0.000000000000000000e+00
1.100000000000000000e+03 4.399897738504177092e-02 0.000000000000000000e+00 1.000000000000000000e+00 0.000000000000000000e+00 0.000000000000000000e+00 0.000000000000000000e+00
1.125000000000000000e+03 4.499895414379273539e-02 0.000000000000000000e+00 1.000000000000000000e+00 0.000000000000000000e+00 0.000000000000000000e+00 0.000000000000000000e+00
1.150000000000000000e+03 4.599893090254369987e-02 0.000000000000000000e+00 1.000000000000000000e+00 0.000000000000000000e+00 0.000000000000000000e+00 0.000000000000000000e+00
1.175000000000000000e+03 4.699890766129466435e-02 0.000000000000000000e+00 1.000000000000000000e+00 0.000000000000000000e+00 0.000000000000000000e+00 0.000000000000000000e+00
1.200000000000000000e+03 4.799888442004562883e-02 0.000000000000000000e+00 1.000000000000000000e+00 0.000000000000000000e+00 0.000000000000000000e+00 0.000000000000000000e+00
1.225000000000000000e+03 4.899886117879659331e-02 0.000000000000000000e+00 1.000000000000000000e+00 0.000000000000000000e+00 0.000000000000000000e+00 0.000000000000000000e+00
1.250000000000000000e+03 4.999883793754755779e-02 0.000000000000000000e+00 1.000000000000000000e+00 0.000000000000000000e+00 0.000000000000000000e+00 0.000000000000000000e+00
1.275000000000000000e+03 5.099881469629852226e-02 0.000000000000000000e+00 1.000000000000000000e+00 0.000000000000000000e+00 0.000000000000000000e+00 0.000000000000000000e+00
1.300000000000000000e+03 5.199879145504948674e-02 0.000000000000000000e+00 1.000000000000000000e+00 0.000000000000000000e+00 0.000000000000000000e+00 0.000000000000000000e+00
1.325000000000000000e+03 5.299876821380045122e-02 0.000000000000000000e+00 1.000000000000000000e+00 0.000000000000000000e+00 0.000000000000000000e+00 0.000000000000000000e+00
1.350000000000000000e+03 5.399874497255141570e-02 0.000000000000000000e+00 1.000000000000000000e+00 0.000000000000000000e+00 0.000000000000000000e+00 0.000000000000000000e+00
1.375000000000000000e+03 5.499872173130238018e-02 0.000000000000000000e+00 1.000000000000000000e+00 0.000000000000000000e+00 0.000000000000000000e+00 0.000000000000000000e+00
1.400000000000000000e+03 5.599869849005312261e-02 0.000000000000000000e+00 1.000000000000000000e+00 0.000000000000000000e+00 0.000000000000000000e+00 0.000000000000000000e+00
1.425000000000000000e+03 5.699867524880408709e-02 0.000000000000000000e+00 1.000000000000000000e+00 0.000000000000000000e+00 0.000000000000000000e+00 0.000000000000000000e+00
1.450000000000000000e+03 5.799865200755505157e-02 0.000000000000000000e+00 1.000000000000000000e+00 0.000000000000000000e+00 0.000000000000000000e+00 0.000000000000000000e+00
1.475000000000000000e+03 5.899862876630601605e-02 0.000000000000000000e+00 1.000000000000000000e+00 0.000000000000000000e+00 0.000000000000000000e+00 0.000000000000000000e+00
1.500000000000000000e+03 5.999860552505698053e-02 0.000000000000000000e+00 1.000000000000000000e+00 0.000000000000000000e+00 0.000000000000000000e+00 0.000000000000000000e+00
1.525000000000000000e+03 6.099858228380794500e-02 2.275830678197542133e-04 9.997724169321802190e-01 0.000000000000000000e+00 0.000000000000000000e+00 0.000000000000000000e+00
1.550000000000000000e+03 6.199855904255890948e-02 0.000000000000000000e+00 1.000000000000000000e+00 0.000000000000000000e+00 0.000000000000000000e+00 0.000000000000000000e+00
1.575000000000000000e+03 6.299853580130987396e-02 0.000000000000000000e+00 1.000000000000000000e+00 0.000000000000000000e+00 0.000000000000000000e+00 0.000000000000000000e+00
1.600000000000000000e+03 6.399851256006083844e-02 0.000000000000000000e+00 1.000000000000000000e+00 0.000000000000000000e+00 0.000000000000000000e+00 0.000000000000000000e+00
1.625000000000000000e+03 6.499848931881180292e-02 0.000000000000000000e+00 1.000000000000000000e+00 0.000000000000000000e+00 0.000000000000000000e+00 0.000000000000000000e+00
1.650000000000000000e+03 6.599846607756276740e-02 0.000000000000000000e+00 1.000000000000000000e+00 0.000000000000000000e+00 0.000000000000000000e+00 0.000000000000000000e+00
1.675000000000000000e+03 6.699844283631373187e-02 0.000000000000000000e+00 1.000000000000000000e+00 0.000000000000000000e+00 0.000000000000000000e+00 0.000000000000000000e+00
1.700000000000000000e+03 6.799841959506469635e-02 0.000000000000000000e+00 1.000000000000000000e+00 0.000000000000000000e+00 0.000000000000000000e+00 0.000000000000000000e+00
1.725000000000000000e+03 6.899839635381566083e-02 0.000000000000000000e+00 1.000000000000000000e+00 0.000000000000000000e+00 0.000000000000000000e+00 0.000000000000000000e+00
1.750000000000000000e+03 6.999837311256662531e-02 0.000000000000000000e+00 1.000000000000000000e+00 0.000000000000000000e+00 0.000000000000000000e+00 0.000000000000000000e+00
1.775000000000000000e+03 7.099834987131758979e-02 4.551661356395084266e-04 9.995448338643604380e-01 0.000000000000000000e+00 0.000000000000000000e+00 0.000000000000000000e+00
1.800000000000000000e+03 7.199832663006833222e-02 2.275830678197542133e-04 9.995448338643604380e-01 0.000000000000000000e+00 2.275830678197542133e-04 0.000000000000000000e+00
1.825000000000000000e+03 7.299830338881929670e-02 0.000000000000000000e+00 1.000000000000000000e+00 0.000000000000000000e+00 0.000000000000000000e+00 0.000000000000000000e+00
1.850000000000000000e+03 7.399828014757026118e-02 0.000000000000000000e+00 1.000000000000000000e+00 0.000000000000000000e+00 0.000000000000000000e+00 0.000000000000000000e+00
1.875000000000000000e+03 7.499825690632122566e-02 0.000000000000000000e+00 1.000000000000000000e+00 0.000000000000000000e+00 0.000000000000000000e+00 0.000000000000000000e+00
1.900000000000000000e+03 7.599823366507219013e-02 0.000000000000000000e+00 1.000000000000000000e+00 0.000000000000000000e+00 0.000000000000000000e+00 0.000000000000000000e+00
1.925000000000000000e+03 7.699821042382315461e-02 0.000000000000000000e+00 1.000000000000000000e+00 0.000000000000000000e+00 0.000000000000000000e+00 0.000000000000000000e+00
1.950000000000000000e+03 7.799818718257411909e-02 4.551661356395084266e-04 9.995448338643604380e-01 0.000000000000000000e+00 0.000000000000000000e+00 0.000000000000000000e+00
1.975000000000000000e+03 7.899816394132508357e-02 4.551661356395084266e-04 9.995448338643604380e-01 0.000000000000000000e+00 0.000000000000000000e+00 0.000000000000000000e+00
2.000000000000000000e+03 7.999814070007604805e-02 0.000000000000000000e+00 1.000000000000000000e+00 0.000000000000000000e+00 0.000000000000000000e+00 0.000000000000000000e+00
2.025000000000000000e+03 8.099811745882701253e-02 2.275830678197542133e-04 9.997724169321802190e-01 0.000000000000000000e+00 0.000000000000000000e+00 0.000000000000000000e+00
2.050000000000000000e+03 8.199809421757797701e-02 1.137915339098771066e-04 9.998862084660901095e-01 0.000000000000000000e+00 0.000000000000000000e+00 0.000000000000000000e+00
2.075000000000000000e+03 8.299807097632894148e-02 0.000000000000000000e+00 1.000000000000000000e+00 0.000000000000000000e+00 0.000000000000000000e+00 0.000000000000000000e+00
2.100000000000000000e+03 8.399804773507990596e-02 3.413746017296313199e-04 9.995448338643604380e-01 0.000000000000000000e+00 1.137915339098771066e-04 0.000000000000000000e+00
2.125000000000000000e+03 8.499802449383087044e-02 4.551661356395084266e-04 9.995448338643604380e-01 0.000000000000000000e+00 0.000000000000000000e+00 0.000000000000000000e+00
2.150000000000000000e+03 8.599800125258183492e-02 1.024123805188893906e-03 9.989758761948110966e-01 0.000000000000000000e+00 0.000000000000000000e+00 0.000000000000000000e+00
2.175000000000000000e+03 8.699797801133257735e-02 4.551661356395084266e-04 9.995448338643604380e-01 0.000000000000000000e+00 0.000000000000000000e+00 0.000000000000000000e+00
2.200000000000000000e+03 8.799795477008354183e-02 0.000000000000000000e+00 1.000000000000000000e+00 0.000000000000000000e+00 0.000000000000000000e+00 0.000000000000000000e+00
2.225000000000000000e+03 8.899793152883450631e-02 2.275830678197542133e-04 9.997724169321802190e-01 0.000000000000000000e+00 0.000000000000000000e+00 0.000000000000000000e+00
2.250000000000000000e+03 8.999790828758547079e-02 5.689576695493854790e-04 9.993172507965407680e-01 0.000000000000000000e+00 1.137915339098771066e-04 0.000000000000000000e+00
2.275000000000000000e+03 9.099788504633643527e-02 9.103322712790168532e-04 9.990896677287209870e-01 0.000000000000000000e+00 0.000000000000000000e+00 0.000000000000000000e+00
2.300000000000000000e+03 9.199786180508739974e-02 1.479289940828402332e-03 9.985207100591716456e-01 0.000000000000000000e+00 0.000000000000000000e+00 0.000000000000000000e+00
2.325000000000000000e+03 9.299783856383836422e-02 6.827492034592626399e-04 9.993172507965407680e-01 0.000000000000000000e+00 0.000000000000000000e+00 0.000000000000000000e+00
2.350000000000000000e+03 9.399781532258932870e-02 1.024123805188893906e-03 9.989758761948110966e-01 0.000000000000000000e+00 0.000000000000000000e+00 0.000000000000000000e+00
2.375000000000000000e+03 9.499779208134029318e-02 2.844788347746927612e-03 9.971552116522530707e-01 0.000000000000000000e+00 0.000000000000000000e+00 0.000000000000000000e+00
2.400000000000000000e+03 9.599776884009125766e-02 6.827492034592626399e-04 9.993172507965407680e-01 0.000000000000000000e+00 0.000000000000000000e+00 0.000000000000000000e+00
2.425000000000000000e+03 9.699774559884222214e-02 1.251706873008648227e-03 9.986345015930814251e-01 0.000000000000000000e+00 1.137915339098771066e-04 0.000000000000000000e+00
2.450000000000000000e+03 9.799772235759318662e-02 3.413746017296313308e-03 9.965862539827037292e-01 0.000000000000000000e+00 0.000000000000000000e+00 0.000000000000000000e+00
2.475000000000000000e+03 9.899769911634415109e-02 2.162039144287664864e-03 9.977241693218024121e-01 0.000000000000000000e+00 1.137915339098771066e-04 0.000000000000000000e+00
2.500000000000000000e+03 9.999767587509511557e-02 1.820664542558033706e-03 9.980655439235320836e-01 0.000000000000000000e+00 1.137915339098771066e-04 0.000000000000000000e+00
2.525000000000000000e+03 1.009976526338460801e-01 1.934456076467910759e-03 9.979517523896221931e-01 0.000000000000000000e+00 1.137915339098771066e-04 0.000000000000000000e+00
2.550000000000000000e+03 1.019976293925970445e-01 4.096495220755575623e-03 9.953345471096950448e-01 0.000000000000000000e+00 5.689576695493854790e-04 0.000000000000000000e+00
2.575000000000000000e+03 1.029976061513477870e-01 3.413746017296313308e-03 9.963586709148839482e-01 0.000000000000000000e+00 2.275830678197542133e-04 0.000000000000000000e+00
2.600000000000000000e+03 1.039975829100987514e-01 5.348202093764223633e-03 9.945380063723259223e-01 0.000000000000000000e+00 1.137915339098771066e-04 0.000000000000000000e+00
2.625000000000000000e+03 1.049975596688497159e-01 3.868912152935821518e-03 9.961310878470641672e-01 0.000000000000000000e+00 0.000000000000000000e+00 0.000000000000000000e+00
2.650000000000000000e+03 1.059975364276006804e-01 4.096495220755575623e-03 9.955621301775148257e-01 0.000000000000000000e+00 3.413746017296313199e-04 0.000000000000000000e+00
2.675000000000000000e+03 1.069975131863516449e-01 2.958579881656804664e-03 9.965862539827037292e-01 0.000000000000000000e+00 4.551661356395084266e-04 0.000000000000000000e+00
2.700000000000000000e+03 1.079974899451026094e-01 3.527537551206190360e-03 9.963586709148839482e-01 0.000000000000000000e+00 1.137915339098771066e-04 0.000000000000000000e+00
2.725000000000000000e+03 1.089974667038535738e-01 7.282658170232134826e-03 9.913518434228493215e-01 0.000000000000000000e+00 1.365498406918525280e-03 0.000000000000000000e+00
2.750000000000000000e+03 1.099974434626045383e-01 8.420573509330906217e-03 9.908966772872098705e-01 0.000000000000000000e+00 6.827492034592626399e-04 0.000000000000000000e+00
2.775000000000000000e+03 1.109974202213555028e-01 9.899863450159307465e-03 9.895311788802912956e-01 0.000000000000000000e+00 5.689576695493854790e-04 0.000000000000000000e+00
2.800000000000000000e+03 1.119973969801064673e-01 7.624032771961766417e-03 9.918070095584888834e-01 0.000000000000000000e+00 5.689576695493854790e-04 0.000000000000000000e+00
2.825000000000000000e+03 1.129973737388574317e-01 1.035502958579881741e-02 9.893035958124715146e-01 0.000000000000000000e+00 3.413746017296313199e-04 0.000000000000000000e+00
2.850000000000000000e+03 1.139973504976083962e-01 9.558488848429677609e-03 9.897587619481110766e-01 0.000000000000000000e+00 6.827492034592626399e-04 0.000000000000000000e+00
2.875000000000000000e+03 1.149973272563593607e-01 1.319981793354574502e-02 9.861174328629950248e-01 0.000000000000000000e+00 6.827492034592626399e-04 0.000000000000000000e+00
2.900000000000000000e+03 1.159973040151103252e-01 1.968593536640873831e-02 9.790623577605825911e-01 0.000000000000000000e+00 1.251706873008648227e-03 0.000000000000000000e+00
2.925000000000000000e+03 1.169972807738612897e-01 2.230314064633591095e-02 9.749658625398270884e-01 0.000000000000000000e+00 2.730996813837050560e-03 0.000000000000000000e+00
2.950000000000000000e+03 1.179972575326122541e-01 2.765134274010013632e-02 9.673418297678653133e-01 0.000000000000000000e+00 5.006827492034592909e-03 0.000000000000000000e+00
2.975000000000000000e+03 1.189972342913629966e-01 3.903049613108784677e-02 9.501593081474738467e-01 0.000000000000000000e+00 1.081019572143832562e-02 0.000000000000000000e+00
3.000000000000000000e+03 1.199972110501139611e-01 6.884387801547564578e-02 9.008875739644970349e-01 0.000000000000000000e+00 3.026854802002730896e-02 0.000000000000000000e+00
3.025000000000000000e+03 1.209971878088649255e-01 1.114019116977696816e-01 8.038233955393718766e-01 0.000000000000000000e+00 8.477469276285844180e-02 0.000000000000000000e+00
3.050000000000000000e+03 1.219971645676158900e-01 1.868456986800182129e-01 6.126536185707783799e-01 0.000000000000000000e+00 2.005006827492034627e-01 0.000000000000000000e+00
3.075000000000000000e+03 1.229971413263668545e-01 2.936959490213927881e-01 3.798361401911697910e-01 0.000000000000000000e+00 3.264679107874374209e-01 0.000000000000000000e+00
3.100000000000000000e+03 1.239971180851178190e-01 3.826809285389167203e-01 2.030040964952207483e-01 2.275830678197542133e-04 4.140873918980427781e-01 0.000000000000000000e+00
3.125000000000000000e+03 1.249970948438687834e-01 4.066909421939007840e-01 1.293809740555302568e-01 4.551661356395084266e-04 4.634729176149294250e-01 0.000000000000000000e+00
3.150000000000000000e+03 1.259970716026197479e-01 3.785844333181611066e-01 1.294947655894401473e-01 4.551661356395084266e-04 4.914656349567592120e-01 0.000000000000000000e+00
3.175000000000000000e+03 1.269970483613707124e-01 3.538916704597178109e-01 1.420118343195266308e-01 0.000000000000000000e+00 5.040964952207556138e-01 0.000000000000000000e+00
3.200000000000000000e+03 1.279970251201216769e-01 3.577605826126536437e-01 1.450842057350933134e-01 0.000000000000000000e+00 4.971552116522530707e-01 0.000000000000000000e+00
3.225000000000000000e+03 1.289970018788726414e-01 3.843878015475648557e-01 1.548702776513427304e-01 3.413746017296313199e-04 4.604005461993627701e-01 0.000000000000000000e+00
3.250000000000000000e+03 1.299969786376236058e-01 3.945152480655439442e-01 1.522530723714155543e-01 3.413746017296313199e-04 4.528903049613108855e-01 0.000000000000000000e+00
3.275000000000000000e+03 1.309969553963745703e-01 3.812016385980883104e-01 1.596495220755575761e-01 3.413746017296313199e-04 4.588074647246244697e-01 0.000000000000000000e+00
3.300000000000000000e+03 1.319969321551255348e-01 3.636777423759672279e-01 1.470186618115612298e-01 2.275830678197541916e-03 4.870277651342740377e-01 0.000000000000000000e+00
3.325000000000000000e+03 1.329969089138764993e-01 3.583295402822029851e-01 1.187983614019117035e-01 6.372325898953117539e-03 5.164997724169322346e-01 0.000000000000000000e+00
3.350000000000000000e+03 1.339968856726274637e-01 3.765361857077833552e-01 9.569868001820663883e-02 1.308602639963586667e-02 5.146791078743740977e-01 0.000000000000000000e+00
3.375000000000000000e+03 1.349968624313782062e-01 3.807464724624488039e-01 9.774692762858443185e-02 2.071005917159763482e-02 5.007965407373691225e-01 0.000000000000000000e+00
3.400000000000000000e+03 1.359968391901291707e-01 3.821119708693673234e-01 1.164087391898042806e-01 2.366863905325443732e-02 4.778106508875739622e-01 0.000000000000000000e+00
3.425000000000000000e+03 1.369968159488801351e-01 3.895084205735093175e-01 1.405325443786982209e-01 3.755120619025944378e-02 4.324078288575329831e-01 0.000000000000000000e+00
3.450000000000000000e+03 1.379967927076310996e-01 3.753982703686845612e-01 1.715976331360946627e-01 6.019572143832498806e-02 3.928083750568957533e-01 0.000000000000000000e+00
3.475000000000000000e+03 1.389967694663820641e-01 3.934911242603550408e-01 1.873008648156577194e-01 8.375056895766955223e-02 3.354574419663177154e-01 0.000000000000000000e+00
3.500000000000000000e+03 1.399967462251330286e-01 4.027082385070550608e-01 2.057350933090578149e-01 9.376422394173873631e-02 2.977924442421484019e-01 0.000000000000000000e+00
3.525000000000000000e+03 1.409967229838839931e-01 3.964497041420118606e-01 2.221210741920801035e-01 1.147018661811561174e-01 2.667273554847519601e-01 0.000000000000000000e+00
3.550000000000000000e+03 1.419966997426349575e-01 4.019116977696859383e-01 2.335002275830678209e-01 1.347291761492944995e-01 2.298588984979517413e-01 0.000000000000000000e+00
3.575000000000000000e+03 1.429966765013859220e-01 4.074874829312699065e-01 2.488620846609012338e-01 1.387118798361401950e-01 2.049385525716886647e-01 0.000000000000000000e+00
3.600000000000000000e+03 1.439966532601368865e-01 3.963359126081019701e-01 2.558033682294037492e-01 1.440600819299044100e-01 2.038006372325898985e-01 0.000000000000000000e+00
3.625000000000000000e+03 1.449966300188878510e-01 3.890532544378698110e-01 2.696859353664087244e-01 1.491807009558488717e-01 1.920801092398725651e-01 0.000000000000000000e+00
3.650000000000000000e+03 1.459966067776388154e-01 3.804050978607191880e-01 2.816340464269458388e-01 1.467910787437414766e-01 1.911697769685935244e-01 0.000000000000000000e+00
3.675000000000000000e+03 1.469965835363897799e-01 3.863222576240327721e-01 2.853891670459717811e-01 1.492944924897587622e-01 1.789940828402366846e-01 0.000000000000000000e+00
3.700000000000000000e+03 1.479965602951407444e-01 3.907601274465180019e-01 2.938097405553026786e-01 1.533909877105143482e-01 1.620391442876649990e-01 0.000000000000000000e+00
3.725000000000000000e+03 1.489965370538917089e-01 3.827947200728265553e-01 3.014337733272644537e-01 1.546426945835229771e-01 1.611288120163859861e-01 0.000000000000000000e+00
3.750000000000000000e+03 1.499965138126426734e-01 3.832498862084661173e-01 3.114474283113336517e-01 1.555530268548019901e-01 1.497496586253982687e-01 0.000000000000000000e+00
3.775000000000000000e+03 1.509964905713934158e-01 3.950842057350932857e-01 3.196404187528447682e-01 1.522530723714155543e-01 1.330223031406463363e-01 0.000000000000000000e+00
3.800000000000000000e+03 1.519964673301443803e-01 3.891670459717797015e-01 3.294264906690942407e-01 1.591943559399180697e-01 1.222121074192080159e-01 0.000000000000000000e+00
3.825000000000000000e+03 1.529964440888953447e-01 3.834774692762858428e-01 3.311333636777423761e-01 1.736458807464724696e-01 1.117432862994993115e-01 0.000000000000000000e+00
3.850000000000000000e+03 1.539964208476463092e-01 3.933773327264451503e-01 3.299954483386435822e-01 1.781975421028675344e-01 9.842967683204369156e-02 0.000000000000000000e+00
3.875000000000000000e+03 1.549963976063972737e-01 3.806326809285389134e-01 3.336367774237596895e-01 1.907146108329540179e-01 9.501593081474737912e-02 0.000000000000000000e+00
3.900000000000000000e+03 1.559963743651482382e-01 3.934911242603550408e-01 3.335229858898497990e-01 1.929904415111515781e-01 7.999544833864360993e-02 0.000000000000000000e+00
3.925000000000000000e+03 1.569963511238992027e-01 3.951979972690031762e-01 3.311333636777423761e-01 1.945835229858898507e-01 7.908511606736458310e-02 0.000000000000000000e+00
3.950000000000000000e+03 1.579963278826501671e-01 3.900773782430587144e-01 3.322712790168411701e-01 1.959490213928083702e-01 8.170232134729175921e-02 0.000000000000000000e+00
3.975000000000000000e+03 1.589963046414011316e-01 3.895084205735093175e-01 3.385298133818843702e-01 1.960628129267182607e-01 7.589895311788802390e-02 0.000000000000000000e+00
4.000000000000000000e+03 1.599962814001520961e-01 3.850705507510241432e-01 3.478607191624943362e-01 2.043695949021392677e-01 6.269913518434228061e-02 0.000000000000000000e+00
4.025000000000000000e+03 1.609962581589030606e-01 3.796085571233500100e-01 3.532089212562585234e-01 2.077833409194355940e-01 5.939918070095585173e-02 0.000000000000000000e+00
4.050000000000000000e+03 1.619962349176540251e-01 3.759672280382339582e-01 3.575329995448338627e-01 2.082385070550751005e-01 5.826126536185707860e-02 0.000000000000000000e+00
4.075000000000000000e+03 1.629962116764049895e-01 3.743741465634956578e-01 3.648156577150660218e-01 2.109695038689121394e-01 4.984069185252617412e-02 0.000000000000000000e+00
4.100000000000000000e+03 1.639961884351559540e-01 3.791533909877105035e-01 3.652708238507055283e-01 2.115384615384615363e-01 4.403732362312243881e-02 0.000000000000000000e+00
4.125000000000000000e+03 1.649961651939069185e-01 3.747155211652253293e-01 3.652708238507055283e-01 2.170004551661356418e-01 4.301319981793354230e-02 0.000000000000000000e+00
4.150000000000000000e+03 1.659961419526576609e-01 3.859808830223031562e-01 3.640191169776968438e-01 2.117660446062812896e-01 3.823395539371871044e-02 0.000000000000000000e+00
4.175000000000000000e+03 1.669961187114086254e-01 3.792671825216203940e-01 3.648156577150660218e-01 2.172280382339553950e-01 3.868912152935821691e-02 0.000000000000000000e+00
4.200000000000000000e+03 1.679960954701595899e-01 3.834774692762858428e-01 3.627674101046882149e-01 2.166590805644059980e-01 3.709604005461993731e-02 0.000000000000000000e+00
4.225000000000000000e+03 1.689960722289105544e-01 3.805188893946290229e-01 3.651570323167956378e-01 2.152935821574874786e-01 3.903049613108784677e-02 0.000000000000000000e+00
4.250000000000000000e+03 1.699960489876615188e-01 3.859808830223031562e-01 3.645880746472462408e-01 2.117660446062812896e-01 3.766499772416932040e-02 0.000000000000000000e+00
4.275000000000000000e+03 1.709960257464124833e-01 3.899635867091488239e-01 3.653846153846153633e-01 2.086936731907146070e-01 3.595812471552116418e-02 0.000000000000000000e+00
4.300000000000000000e+03 1.719960025051634478e-01 3.909877105143377274e-01 3.722121074192080159e-01 2.017523896222121194e-01 3.504779244424215123e-02 0.000000000000000000e+00
4.325000000000000000e+03 1.729959792639144123e-01 3.883705052344105790e-01 3.728948566226672479e-01 1.982248520710059303e-01 4.050978607191624975e-02 0.000000000000000000e+00
4.350000000000000000e+03 1.739959560226653768e-01 3.918980427856167403e-01 3.740327719617660418e-01 1.950386891215293572e-01 3.903049613108784677e-02 0.000000000000000000e+00
4.375000000000000000e+03 1.749959327814163412e-01 3.847291761492944717e-01 3.773327264451524776e-01 1.959490213928083702e-01 4.198907601274465273e-02 0.000000000000000000e+00
4.400000000000000000e+03 1.759959095401673057e-01 3.840464269458352398e-01 3.831360946745562268e-01 1.937869822485207005e-01 3.903049613108784677e-02 0.000000000000000000e+00
4.425000000000000000e+03 1.769958862989182702e-01 3.873463814292216756e-01 3.837050523441056238e-01 1.882111970869367323e-01 4.073736913973600299e-02 0.000000000000000000e+00
4.450000000000000000e+03 1.779958630576692347e-01 3.829085116067364458e-01 3.857532999544833752e-01 1.931042330450614408e-01 3.823395539371871044e-02 0.000000000000000000e+00
4.475000000000000000e+03 1.789958398164201991e-01 3.833636777423759523e-01 3.864360491579426626e-01 1.948111060537096040e-01 3.538916704597178109e-02 0.000000000000000000e+00
4.500000000000000000e+03 1.799958165751711636e-01 3.805188893946290229e-01 3.862084660901228816e-01 1.935593991807009473e-01 3.971324533454710648e-02 0.000000000000000000e+00
4.525000000000000000e+03 1.809957933339221281e-01 3.872325898953117851e-01 3.871187983614018946e-01 1.887801547564861293e-01 3.686845698680018407e-02 0.000000000000000000e+00
4.550000000000000000e+03 1.819957700926728705e-01 3.883705052344105790e-01 3.870050068274920596e-01 1.895766954938552518e-01 3.504779244424215123e-02 0.000000000000000000e+00
4.575000000000000000e+03 1.829957468514238350e-01 3.859808830223031562e-01 3.875739644970414011e-01 1.903732362312244020e-01 3.607191624943104080e-02 0.000000000000000000e+00
4.600000000000000000e+03 1.839957236101747995e-01 3.815430131998179264e-01 3.916704597177970149e-01 1.926490669094219343e-01 3.413746017296313134e-02 0.000000000000000000e+00
4.625000000000000000e+03 1.849957003689257640e-01 3.843878015475648557e-01 3.926945835229858628e-01 1.906008192990441552e-01 3.231679563040509851e-02 0.000000000000000000e+00
4.650000000000000000e+03 1.859956771276767284e-01 3.826809285389167203e-01 3.906463359126081114e-01 1.936731907146108378e-01 3.299954483386435822e-02 0.000000000000000000e+00
4.675000000000000000e+03 1.869956538864276929e-01 3.807464724624488039e-01 3.929221665908056438e-01 1.982248520710059303e-01 2.810650887573964626e-02 0.000000000000000000e+00
4.700000000000000000e+03 1.879956306451786574e-01 3.831360946745562268e-01 3.971324533454710926e-01 1.939007737824305910e-01 2.583067819754210348e-02 0.000000000000000000e+00
4.725000000000000000e+03 1.889956074039296219e-01 3.769913518434228616e-01 3.948566226672735602e-01 1.948111060537096040e-01 3.334091943559399501e-02 0.000000000000000000e+00
4.750000000000000000e+03 1.899955841626805864e-01 3.788120163859808875e-01 3.949704142011834507e-01 1.950386891215293572e-01 3.117888029130632538e-02 0.000000000000000000e+00
4.775000000000000000e+03 1.909955609214315508e-01 3.796085571233500100e-01 3.950842057350932857e-01 1.948111060537096040e-01 3.049613108784706567e-02 0.000000000000000000e+00
4.800000000000000000e+03 1.919955376801825153e-01 3.817705962676377074e-01 3.931497496586254248e-01 1.945835229858898507e-01 3.049613108784706567e-02 0.000000000000000000e+00
4.825000000000000000e+03 1.929955144389334798e-01 3.851843422849339782e-01 3.928083750568957533e-01 1.952662721893491105e-01 2.674101046882111990e-02 0.000000000000000000e+00
4.850000000000000000e+03 1.939954911976844443e-01 3.852981338188438687e-01 3.949704142011834507e-01 1.943559399180700975e-01 2.537551206190259354e-02 0.000000000000000000e+00
4.875000000000000000e+03 1.949954679564354088e-01 3.766499772416932457e-01 3.988393263541192280e-01 1.965179790623577671e-01 2.799271734182976618e-02 0.000000000000000000e+00
4.900000000000000000e+03 1.959954447151863732e-01 3.807464724624488039e-01 3.939462903959945472e-01 1.991351843422849432e-01 2.617205279927173334e-02 0.000000000000000000e+00
4.925000000000000000e+03 1.969954214739373377e-01 3.835912608101957333e-01 3.916704597177970149e-01 1.987938097405552995e-01 2.594446973145198010e-02 0.000000000000000000e+00
4.950000000000000000e+03 1.979953982326880801e-01 3.830223031406463363e-01 3.921256258534365213e-01 1.968593536640873831e-01 2.799271734182976618e-02 0.000000000000000000e+00
4.975000000000000000e+03 1.989953749914390446e-01 3.859808830223031562e-01 3.939462903959945472e-01 1.934456076467910846e-01 2.662721893491124328e-02 0.000000000000000000e+00
5.000000000000000000e+03 1.999953517501900091e-01 3.842740100136549652e-01 3.958807464724624636e-01 1.935593991807009473e-01 2.628584433318160996e-02 0.000000000000000000e+00
5.025000000000000000e+03 2.009953285089409736e-01 3.887118798361401950e-01 3.936049157942649313e-01 1.890077378243058825e-01 2.867546654528902936e-02 0.000000000000000000e+00
5.050000000000000000e+03 2.019953052676919381e-01 3.962221210741920796e-01 3.870050068274920596e-01 1.909421939007737712e-01 2.583067819754210348e-02 0.000000000000000000e+00
5.075000000000000000e+03 2.029952820264429025e-01 3.916704597177970149e-01 3.867774237596722786e-01 1.918525261720528119e-01 2.969959035047792587e-02 0.000000000000000000e+00
5.100000000000000000e+03 2.039952587851938670e-01 3.901911697769686049e-01 3.875739644970414011e-01 1.929904415111515781e-01 2.924442421483841592e-02 0.000000000000000000e+00
5.125000000000000000e+03 2.049952355439448315e-01 3.922394173873463563e-01 3.855257168866636497e-01 1.911697769685935244e-01 3.106508875739644876e-02 0.000000000000000000e+00
5.150000000000000000e+03 2.059952123026957960e-01 3.936049157942649313e-01 3.895084205735093175e-01 1.882111970869367323e-01 2.867546654528902936e-02 0.000000000000000000e+00
5.175000000000000000e+03 2.069951890614467604e-01 3.900773782430587144e-01 3.896222121074192080e-01 1.921939007737824279e-01 2.810650887573964626e-02 0.000000000000000000e+00
5.200000000000000000e+03 2.079951658201977249e-01 3.906463359126081114e-01 3.903049613108784954e-01 1.924214838416021811e-01 2.662721893491124328e-02 0.000000000000000000e+00
5.225000000000000000e+03 2.089951425789486894e-01 3.911015020482476179e-01 3.883705052344105790e-01 1.926490669094219343e-01 2.787892580791988956e-02 0.000000000000000000e+00
5.250000000000000000e+03 2.099951193376996539e-01 3.885980883022303045e-01 3.887118798361401950e-01 1.951524806554392477e-01 2.753755120619025970e-02 0.000000000000000000e+00
5.275000000000000000e+03 2.109950960964506184e-01 3.865498406918525531e-01 3.918980427856167403e-01 1.974283113336367801e-01 2.412380518889394726e-02 0.000000000000000000e+00
5.300000000000000000e+03 2.119950728552015828e-01 3.932635411925352598e-01 3.912152935821575084e-01 1.892353208921256358e-01 2.628584433318160996e-02 0.000000000000000000e+00
5.325000000000000000e+03 2.129950496139525473e-01 3.947428311333636697e-01 3.892808375056895920e-01 1.882111970869367323e-01 2.776513427401001294e-02 0.000000000000000000e+00
5.350000000000000000e+03 2.139950263727032898e-01 3.982703686845698865e-01 3.876877560309512916e-01 1.845698680018206528e-01 2.947200728265816916e-02 0.000000000000000000e+00
5.375000000000000000e+03 2.149950031314542542e-01 3.991807009558488994e-01 3.860946745562129911e-01 1.854802002730996935e-01 2.924442421483841592e-02 0.000000000000000000e+00
5.400000000000000000e+03 2.159949798902052187e-01 3.955393718707327921e-01 3.842740100136549652e-01 1.903732362312244020e-01 2.981338188438780248e-02 0.000000000000000000e+00
5.425000000000000000e+03 2.169949566489561832e-01 4.035047792444242387e-01 3.843878015475648557e-01 1.854802002730996935e-01 2.662721893491124328e-02 0.000000000000000000e+00
5.450000000000000000e+03 2.179949334077071477e-01 4.014565316340464318e-01 3.769913518434228616e-01 1.918525261720528119e-01 2.969959035047792587e-02 0.000000000000000000e+00
5.475000000000000000e+03 2.189949101664581121e-01 4.037323623122439642e-01 3.788120163859808875e-01 1.908284023668639084e-01 2.662721893491124328e-02 0.000000000000000000e+00
5.500000000000000000e+03 2.199948869252090766e-01 4.081702321347291940e-01 3.784706417842512716e-01 1.876422394173873354e-01 2.571688666363222686e-02 0.000000000000000000e+00
5.525000000000000000e+03 2.209948636839600411e-01 4.110150204824761233e-01 3.760810195721438487e-01 1.871870732817478289e-01 2.560309512972235024e-02 1.137915339098771066e-04
5.550000000000000000e+03 2.219948404427110056e-01 4.091943559399180974e-01 3.786982248520709970e-01 1.849112426035502965e-01 2.719617660446062984e-02 0.000000000000000000e+00
5.575000000000000000e+03 2.229948172014619701e-01 4.076012744651797970e-01 3.791533909877105035e-01 1.817250796540737234e-01 3.152025489303595523e-02 0.000000000000000000e+00
5.600000000000000000e+03 2.239947939602129345e-01 4.093081474738279324e-01 3.813154301319982009e-01 1.824078288575330109e-01 2.685480200273099652e-02 1.137915339098771066e-04
5.625000000000000000e+03 2.249947707189638990e-01 4.169321802457897075e-01 3.804050978607191880e-01 1.785389167045971781e-01 2.401001365498407064e-02 1.137915339098771066e-04
5.650000000000000000e+03 2.259947474777148635e-01 4.102184797451069453e-01 3.812016385980883104e-01 1.794492489758761911e-01 2.901684114701866268e-02 1.137915339098771066e-04
5.675000000000000000e+03 2.269947242364658280e-01 4.093081474738279324e-01 3.802913063268092975e-01 1.845698680018206528e-01 2.560309512972235024e-02 2.275830678197542133e-04
