# itime ezz other fcc hcp bcc ico
0.000000000000000000e+00 0.000000000000000000e+00 9.103322712790168532e-04 9.990896677287209870e-01 0.000000000000000000e+00 0.000000000000000000e+00 0.000000000000000000e+00
2.500000000000000000e+01 9.999221195970964260e-04 3.413746017296313199e-04 9.996586253982703285e-01 0.000000000000000000e+00 0.000000000000000000e+00 0.000000000000000000e+00
5.000000000000000000e+01 1.999844239194192852e-03 1.024123805188893906e-03 9.989758761948110966e-01 0.000000000000000000e+00 0.000000000000000000e+00 0.000000000000000000e+00
7.500000000000000000e+01 2.999766358791289278e-03 1.137915339098770958e-03 9.988620846609012061e-01 0.000000000000000000e+00 0.000000000000000000e+00 0.000000000000000000e+00
1.000000000000000000e+02 3.999688478388385704e-03 2.275830678197542133e-04 9.997724169321802190e-01 0.000000000000000000e+00 0.000000000000000000e+00 0.000000000000000000e+00
1.250000000000000000e+02 4.999610597985482130e-03 6.827492034592626399e-04 9.992034592626308775e-01 0.000000000000000000e+00 1.137915339098771066e-04 0.000000000000000000e+00
1.500000000000000000e+02 5.999532717582578556e-03 7.965407373691396923e-04 9.992034592626308775e-01 0.000000000000000000e+00 0.000000000000000000e+00 0.000000000000000000e+00
1.750000000000000000e+02 6.999454837179674982e-03 5.689576695493854790e-04 9.994310423304506585e-01 0.000000000000000000e+00 0.000000000000000000e+00 0.000000000000000000e+00
2.000000000000000000e+02 7.999376956776771408e-03 1.137915339098770958e-03 9.988620846609012061e-01 0.000000000000000000e+00 0.000000000000000000e+00 0.000000000000000000e+00
2.250000000000000000e+02 8.999299076373867834e-03 1.251706873008648227e-03 9.987482931269913156e-01 0.000000000000000000e+00 0.000000000000000000e+00 0.000000000000000000e+00
2.500000000000000000e+02 9.999221195970964260e-03 9.103322712790168532e-04 9.990896677287209870e-01 0.000000000000000000e+00 0.000000000000000000e+00 0.000000000000000000e+00
2.750000000000000000e+02 1.099914331556806069e-02 6.827492034592626399e-04 9.993172507965407680e-01 0.000000000000000000e+00 0.000000000000000000e+00 0.000000000000000000e+00
3.000000000000000000e+02 1.199906543516515711e-02 1.024123805188893906e-03 9.989758761948110966e-01 0.000000000000000000e+00 0.000000000000000000e+00 0.000000000000000000e+00
3.250000000000000000e+02 1.299898755476225354e-02 2.617205279927173507e-03 9.973827947200728516e-01 0.000000000000000000e+00 0.000000000000000000e+00 0.000000000000000000e+00
3.500000000000000000e+02 1.399890967435934996e-02 1.934456076467910759e-03 9.980655439235320836e-01 0.000000000000000000e+00 0.000000000000000000e+00 0.000000000000000000e+00
3.750000000000000000e+02 1.499883179395644639e-02 2.162039144287664864e-03 9.978379608557123026e-01 0.000000000000000000e+00 0.000000000000000000e+00 0.000000000000000000e+00
4.000000000000000000e+02 1.599875391355354282e-02 1.706873008648156654e-03 9.982931269913518646e-01 0.000000000000000000e+00 0.000000000000000000e+00 0.000000000000000000e+00
4.250000000000000000e+02 1.699867603315063924e-02 2.389622212107419402e-03 9.976103777878926326e-01 0.000000000000000000e+00 0.000000000000000000e+00 0.000000000000000000e+00
4.500000000000000000e+02 1.799859815274773567e-02 1.365498406918525280e-03 9.986345015930814251e-01 0.000000000000000000e+00 0.000000000000000000e+00 0.000000000000000000e+00
4.750000000000000000e+02 1.899852027234483209e-02 2.275830678197541916e-03 9.977241693218024121e-01 0.000000000000000000e+00 0.000000000000000000e+00 0.000000000000000000e+00
5.000000000000000000e+02 1.999844239194192852e-02 1.593081474738279385e-03 9.984069185252617551e-01 0.000000000000000000e+00 0.000000000000000000e+00 0.000000000000000000e+00
5.250000000000000000e+02 2.099836451153902495e-02 2.048247610377787811e-03 9.979517523896221931e-01 0.000000000000000000e+00 0.000000000000000000e+00 0.000000000000000000e+00
5.500000000000000000e+02 2.199828663113612137e-02 2.503413746017296455e-03 9.974965862539827421e-01 0.000000000000000000e+00 0.000000000000000000e+00 0.000000000000000000e+00
5.750000000000000000e+02 2.299820875073321780e-02 2.958579881656804664e-03 9.970414201183431802e-01 0.000000000000000000e+00 0.000000000000000000e+00 0.000000000000000000e+00
6.000000000000000000e+02 2.399813087033031422e-02 2.162039144287664864e-03 9.978379608557123026e-01 0.000000000000000000e+00 0.000000000000000000e+00 0.000000000000000000e+00
6.250000000000000000e+02 2.499805298992741065e-02 2.617205279927173507e-03 9.973827947200728516e-01 0.000000000000000000e+00 0.000000000000000000e+00 0.000000000000000000e+00
6.500000000000000000e+02 2.599797510952450708e-02 4.324078288575329727e-03 9.956759217114247162e-01 0.000000000000000000e+00 0.000000000000000000e+00 0.000000000000000000e+00
6.750000000000000000e+02 2.699789722912160350e-02 9.103322712790168532e-04 9.989758761948110966e-01 0.000000000000000000e+00 1.137915339098771066e-04 0.000000000000000000e+00
7.000000000000000000e+02 2.799781934871869993e-02 2.617205279927173507e-03 9.972690031861629611e-01 0.000000000000000000e+00 1.137915339098771066e-04 0.000000000000000000e+00
7.250000000000000000e+02 2.899774146831579635e-02 3.641329085116067413e-03 9.963586709148839482e-01 0.000000000000000000e+00 0.000000000000000000e+00 0.000000000000000000e+00
7.500000000000000000e+02 2.999766358791289278e-02 3.641329085116067413e-03 9.961310878470641672e-01 0.000000000000000000e+00 2.275830678197542133e-04 0.000000000000000000e+00
7.750000000000000000e+02 3.099758570750998921e-02 5.234410559854347014e-03 9.946517979062358128e-01 0.000000000000000000e+00 1.137915339098771066e-04 0.000000000000000000e+00
8.000000000000000000e+02 3.199750782710708563e-02 4.096495220755575623e-03 9.956759217114247162e-01 0.000000000000000000e+00 2.275830678197542133e-04 0.000000000000000000e+00
8.250000000000000000e+02 3.299742994670418206e-02 4.096495220755575623e-03 9.957897132453344957e-01 0.000000000000000000e+00 1.137915339098771066e-04 0.000000000000000000e+00
8.500000000000000000e+02 3.399735206630127848e-02 5.803368229403732710e-03 9.940828402366863603e-01 0.000000000000000000e+00 1.137915339098771066e-04 0.000000000000000000e+00
8.750000000000000000e+02 3.499727418589837491e-02 4.665452890304961318e-03 9.951069640418752638e-01 0.000000000000000000e+00 2.275830678197542133e-04 0.000000000000000000e+00
9.000000000000000000e+02 3.599719630549547134e-02 5.234410559854347014e-03 9.947655894401457033e-01 0.000000000000000000e+00 0.000000000000000000e+00 0.000000000000000000e+00
9.250000000000000000e+02 3.699711842509278981e-02 5.803368229403732710e-03 9.939690487027764698e-01 0.000000000000000000e+00 2.275830678197542133e-04 0.000000000000000000e+00
9.500000000000000000e+02 3.799704054468988623e-02 4.437869822485207214e-03 9.953345471096950448e-01 0.000000000000000000e+00 2.275830678197542133e-04 0.000000000000000000e+00
9.750000000000000000e+02 3.899696266428698266e-02 3.641329085116067413e-03 9.961310878470641672e-01 0.000000000000000000e+00 2.275830678197542133e-04 0.000000000000000000e+00
1.000000000000000000e+03 3.999688478388407908e-02 6.258534365043240920e-03 9.937414656349567998e-01 0.000000000000000000e+00 0.000000000000000000e+00 0.000000000000000000e+00
1.025000000000000000e+03 4.099680690348117551e-02 5.461993627674101119e-03 9.943104233045061413e-01 0.000000000000000000e+00 2.275830678197542133e-04 0.000000000000000000e+00
1.050000000000000000e+03 4.199672902307827194e-02 8.192990441511151245e-03 9.914656349567592120e-01 0.000000000000000000e+00 3.413746017296313199e-04 0.000000000000000000e+00
1.075000000000000000e+03 4.299665114267536836e-02 6.486117432862995025e-03 9.934000910332271284e-01 0.000000000000000000e+00 1.137915339098771066e-04 0.000000000000000000e+00
1.100000000000000000e+03 4.399657326227246479e-02 9.899863450159307465e-03 9.898725534820209671e-01 0.000000000000000000e+00 2.275830678197542133e-04 0.000000000000000000e+00
1.125000000000000000e+03 4.499649538186956121e-02 1.217569412835685025e-02 9.872553482020938187e-01 0.000000000000000000e+00 5.689576695493854790e-04 0.000000000000000000e+00
1.150000000000000000e+03 4.599641750146665764e-02 7.168866636322257339e-03 9.926035502958580059e-01 0.000000000000000000e+00 2.275830678197542133e-04 0.000000000000000000e+00
1.175000000000000000e+03 4.699633962106375407e-02 1.183431952662721866e-02 9.877105143377332697e-01 0.000000000000000000e+00 4.551661356395084266e-04 0.000000000000000000e+00
1.200000000000000000e+03 4.799626174066085049e-02 1.126536185707783383e-02 9.881656804733728316e-01 0.000000000000000000e+00 5.689576695493854790e-04 0.000000000000000000e+00
1.225000000000000000e+03 4.899618386025794692e-02 1.228948566226672687e-02 9.874829312699134887e-01 0.000000000000000000e+00 2.275830678197542133e-04 0.000000000000000000e+00
1.250000000000000000e+03 4.999610597985504334e-02 1.285844333181611343e-02 9.864588074647245852e-01 0.000000000000000000e+00 6.827492034592626399e-04 0.000000000000000000e+00
1.275000000000000000e+03 5.099602809945213977e-02 1.479289940828402289e-02 9.842967683204369989e-01 0.000000000000000000e+00 9.103322712790168532e-04 0.000000000000000000e+00
1.300000000000000000e+03 5.199595021904923620e-02 1.183431952662721866e-02 9.877105143377332697e-01 0.000000000000000000e+00 4.551661356395084266e-04 0.000000000000000000e+00
1.325000000000000000e+03 5.299587233864633262e-02 1.547564861174328607e-02 9.839553937187073274e-01 0.000000000000000000e+00 5.689576695493854790e-04 0.000000000000000000e+00
1.350000000000000000e+03 5.399579445824342905e-02 1.729631315430131891e-02 9.822485207100591920e-01 0.000000000000000000e+00 4.551661356395084266e-04 0.000000000000000000e+00
1.375000000000000000e+03 5.499571657784052547e-02 2.002730996813837164e-02 9.792899408284023721e-01 0.000000000000000000e+00 6.827492034592626399e-04 0.000000000000000000e+00
1.400000000000000000e+03 5.599563869743762190e-02 1.854802002730996865e-02 9.802002730996813851e-01 0.000000000000000000e+00 1.251706873008648227e-03 0.000000000000000000e+00
1.425000000000000000e+03 5.699556081703471833e-02 1.934456076467910846e-02 9.800864815657714946e-01 0.000000000000000000e+00 5.689576695493854790e-04 0.000000000000000000e+00
1.450000000000000000e+03 5.799548293663181475e-02 2.309968138370505075e-02 9.758761948111061013e-01 0.000000000000000000e+00 1.024123805188893906e-03 0.000000000000000000e+00
1.475000000000000000e+03 5.899540505622891118e-02 2.856167501137915274e-02 9.704142011834319126e-01 0.000000000000000000e+00 1.024123805188893906e-03 0.000000000000000000e+00
1.500000000000000000e+03 5.999532717582600760e-02 2.833409194355939950e-02 9.700728265817023521e-01 0.000000000000000000e+00 1.593081474738279385e-03 0.000000000000000000e+00
1.525000000000000000e+03 6.099524929542310403e-02 2.719617660446062984e-02 9.717796995903504875e-01 0.000000000000000000e+00 1.024123805188893906e-03 0.000000000000000000e+00
1.550000000000000000e+03 6.199517141502020046e-02 2.594446973145198010e-02 9.732589895311788419e-01 0.000000000000000000e+00 7.965407373691396923e-04 0.000000000000000000e+00
1.575000000000000000e+03 6.299509353461729688e-02 2.366863905325443732e-02 9.757624032771962108e-01 0.000000000000000000e+00 5.689576695493854790e-04 0.000000000000000000e+00
1.600000000000000000e+03 6.399501565421439331e-02 2.844788347746927612e-02 9.700728265817023521e-01 0.000000000000000000e+00 1.479289940828402332e-03 0.000000000000000000e+00
1.625000000000000000e+03 6.499493777381148973e-02 3.527537551206190447e-02 9.634729176149294805e-01 0.000000000000000000e+00 1.251706873008648227e-03 0.000000000000000000e+00
1.650000000000000000e+03 6.599485989340858616e-02 3.903049613108784677e-02 9.591488393263540857e-01 0.000000000000000000e+00 1.820664542558033706e-03 0.000000000000000000e+00
1.675000000000000000e+03 6.699478201300568259e-02 3.641329085116067066e-02 9.622212107419207960e-01 0.000000000000000000e+00 1.365498406918525280e-03 0.000000000000000000e+00
1.700000000000000000e+03 6.799470413260277901e-02 3.880291306326809353e-02 9.597177969959035382e-01 0.000000000000000000e+00 1.479289940828402332e-03 0.000000000000000000e+00
1.725000000000000000e+03 6.899462625219987544e-02 5.257168866636321991e-02 9.443559399180700975e-01 0.000000000000000000e+00 3.072371415566681717e-03 0.000000000000000000e+00
1.750000000000000000e+03 6.999454837179697186e-02 4.358215748748293233e-02 9.539144287664997890e-01 0.000000000000000000e+00 2.503413746017296455e-03 0.000000000000000000e+00
1.775000000000000000e+03 7.099447049139406829e-02 4.233045061447428259e-02 9.551661356395084734e-01 0.000000000000000000e+00 2.503413746017296455e-03 0.000000000000000000e+00
1.800000000000000000e+03 7.199439261099116472e-02 5.928538916704597511e-02 9.368456986800182129e-01 0.000000000000000000e+00 3.868912152935821518e-03 0.000000000000000000e+00
1.825000000000000000e+03 7.299431473058826114e-02 5.109239872553481693e-02 9.458352298588984519e-01 0.000000000000000000e+00 3.072371415566681717e-03 0.000000000000000000e+00
1.850000000000000000e+03 7.399423685018535757e-02 4.881656804733727761e-02 9.484524351388257113e-01 0.000000000000000000e+00 2.730996813837050560e-03 0.000000000000000000e+00
1.875000000000000000e+03 7.499415896978245399e-02 6.474738279472007363e-02 9.312699135184342447e-01 0.000000000000000000e+00 3.982703686845699004e-03 0.000000000000000000e+00
1.900000000000000000e+03 7.599408108937955042e-02 6.395084205735093730e-02 9.322940373236231482e-01 0.000000000000000000e+00 3.755120619025944465e-03 0.000000000000000000e+00
1.925000000000000000e+03 7.699400320897664685e-02 6.895766954938552240e-02 9.278561675011378629e-01 0.000000000000000000e+00 3.186162949476558769e-03 0.000000000000000000e+00
1.950000000000000000e+03 7.799392532857374327e-02 7.680928538916705073e-02 9.180700955848885014e-01 0.000000000000000000e+00 5.120619025944469528e-03 0.000000000000000000e+00
1.975000000000000000e+03 7.899384744817083970e-02 9.285389167045972336e-02 8.996358670914883504e-01 0.000000000000000000e+00 7.510241238051888930e-03 0.000000000000000000e+00
2.000000000000000000e+03 7.999376956776793612e-02 9.558488848429676221e-02 8.959945380063722986e-01 0.000000000000000000e+00 8.420573509330906217e-03 0.000000000000000000e+00
2.025000000000000000e+03 8.099369168736503255e-02 1.027537551206190308e-01 8.872325898953118406e-01 0.000000000000000000e+00 1.001365498406918582e-02 0.000000000000000000e+00
2.050000000000000000e+03 8.199361380696212898e-02 1.038916704597177970e-01 8.875739644970414011e-01 0.000000000000000000e+00 8.534365043240782836e-03 0.000000000000000000e+00
2.075000000000000000e+03 8.299353592655922540e-02 1.170914883932635403e-01 8.726672735548475224e-01 0.000000000000000000e+00 1.024123805188893906e-02 0.000000000000000000e+00
2.100000000000000000e+03 8.399345804615632183e-02 1.256258534365043145e-01 8.608329540282203540e-01 0.000000000000000000e+00 1.354119253527537488e-02 0.000000000000000000e+00
2.125000000000000000e+03 8.499338016575341825e-02 1.326809285389166926e-01 8.535502958579881394e-01 0.000000000000000000e+00 1.376877560309512985e-02 0.000000000000000000e+00
2.150000000000000000e+03 8.599330228535051468e-02 1.366636322257624159e-01 8.455848884842968038e-01 0.000000000000000000e+00 1.775147928994082885e-02 0.000000000000000000e+00
2.175000000000000000e+03 8.699322440494761111e-02 1.581702321347291662e-01 8.243058716431497235e-01 0.000000000000000000e+00 1.752389622212107562e-02 0.000000000000000000e+00
2.200000000000000000e+03 8.799314652454470753e-02 1.646563495675921751e-01 8.105370960400546387e-01 0.000000000000000000e+00 2.480655439235321044e-02 0.000000000000000000e+00
2.225000000000000000e+03 8.899306864414180396e-02 1.750113791533909890e-01 7.941511151570322946e-01 0.000000000000000000e+00 3.083750568957669552e-02 0.000000000000000000e+00
2.250000000000000000e+03 8.999299076373890038e-02 1.885525716886663761e-01 7.781065088757396220e-01 0.000000000000000000e+00 3.334091943559399501e-02 0.000000000000000000e+00
2.275000000000000000e+03 9.099291288333599681e-02 2.090350477924442507e-01 7.493172507965407680e-01 2.275830678197542133e-04 4.142011834319526964e-02 0.000000000000000000e+00
2.300000000000000000e+03 9.199283500293309324e-02 2.309968138370505353e-01 7.222348657259899385e-01 7.965407373691396923e-04 4.597177969959034827e-02 0.000000000000000000e+00
2.325000000000000000e+03 9.299275712253018966e-02 2.365725989986345035e-01 7.092626308602639762e-01 1.024123805188893906e-03 5.314064633591260994e-02 0.000000000000000000e+00
2.350000000000000000e+03 9.399267924212728609e-02 2.649066909421938787e-01 6.651115157032316816e-01 2.275830678197542133e-04 6.975421028675465873e-02 0.000000000000000000e+00
2.375000000000000000e+03 9.499260136172438251e-02 2.725307237141556538e-01 6.471324533454710926e-01 1.365498406918525280e-03 7.897132453345470648e-02 0.000000000000000000e+00
2.400000000000000000e+03 9.599252348132147894e-02 2.890304961310878329e-01 6.190259444697314706e-01 1.479289940828402332e-03 9.046426945835230049e-02 0.000000000000000000e+00
2.425000000000000000e+03 9.699244560091857537e-02 3.033682294037323701e-01 5.955848884842968038e-01 3.186162949476558769e-03 9.786071916249430847e-02 0.000000000000000000e+00
2.450000000000000000e+03 9.799236772051567179e-02 2.971096950386891145e-01 5.831816112881201830e-01 3.299954483386436255e-03 1.164087391898042806e-01 0.000000000000000000e+00
2.475000000000000000e+03 9.899228984011276822e-02 3.198680018206645492e-01 5.360719162494310686e-01 3.868912152935821518e-03 1.401911697769686049e-01 0.000000000000000000e+00
2.500000000000000000e+03 9.999221195970986464e-02 3.411470186618115741e-01 4.988620846609012061e-01 6.258534365043240920e-03 1.537323623122439642e-01 0.000000000000000000e+00
2.525000000000000000e+03 1.009921340793069611e-01 3.527537551206190169e-01 4.634729176149294250e-01 8.534365043240782836e-03 1.752389622212107423e-01 0.000000000000000000e+00
2.550000000000000000e+03 1.019920561989040575e-01 3.618570778334092020e-01 4.360491579426490905e-01 1.160673645880746542e-02 1.904870277651342647e-01 0.000000000000000000e+00
2.575000000000000000e+03 1.029919783185011539e-01 3.858670914883932657e-01 3.983841602184797215e-01 1.081019572143832562e-02 2.049385525716886647e-01 0.000000000000000000e+00
2.600000000000000000e+03 1.039919004380982503e-01 3.788120163859808875e-01 3.852981338188438687e-01 1.445152480655439303e-02 2.214383249886208438e-01 0.000000000000000000e+00
2.625000000000000000e+03 1.049918225576953468e-01 3.775603095129722586e-01 3.731224396904870289e-01 1.752389622212107562e-02 2.317933545744196577e-01 0.000000000000000000e+00
2.650000000000000000e+03 1.059917446772924432e-01 3.863222576240327721e-01 3.540054619936277014e-01 1.797906235776058209e-02 2.416932180245789652e-01 0.000000000000000000e+00
2.675000000000000000e+03 1.069916667968895396e-01 3.926945835229858628e-01 3.260127446517979144e-01 1.638598088302230249e-02 2.649066909421938787e-01 0.000000000000000000e+00
2.700000000000000000e+03 1.079915889164866361e-01 3.767637687756030807e-01 3.073509330905780379e-01 1.854802002730996865e-02 2.973372781065088954e-01 0.000000000000000000e+00
2.725000000000000000e+03 1.089915110360839545e-01 3.841602184797451303e-01 2.802685480200273194e-01 1.843422849340009204e-02 3.171370050068275104e-01 0.000000000000000000e+00
2.750000000000000000e+03 1.099914331556810509e-01 4.017979062357760478e-01 2.543240782885753393e-01 2.742375967228038308e-02 3.164542558033682229e-01 0.000000000000000000e+00
2.775000000000000000e+03 1.109913552752781474e-01 3.879153390987710726e-01 2.352071005917159841e-01 3.584433318161128756e-02 3.410332271279016836e-01 0.000000000000000000e+00
2.800000000000000000e+03 1.119912773948752438e-01 3.823395539371870488e-01 2.171142467000455045e-01 3.060992262175694228e-02 3.699362767410104835e-01 0.000000000000000000e+00
2.825000000000000000e+03 1.129911995144723402e-01 3.682294037323622926e-01 1.985662266727355463e-01 3.299954483386435822e-02 4.002048247610378029e-01 0.000000000000000000e+00
2.850000000000000000e+03 1.139911216340694367e-01 3.781292671825216001e-01 1.725079654073737034e-01 3.573054164770141095e-02 4.136322257624032717e-01 0.000000000000000000e+00
2.875000000000000000e+03 1.149910437536665331e-01 3.846153846153846367e-01 1.609012289485662328e-01 2.981338188438780248e-02 4.246700045516613731e-01 0.000000000000000000e+00
2.900000000000000000e+03 1.159909658732636295e-01 3.824533454710969393e-01 1.474738279472007363e-01 3.447883477469276120e-02 4.355939918070095840e-01 0.000000000000000000e+00
2.925000000000000000e+03 1.169908879928607259e-01 4.023668639053254448e-01 1.385980883022303045e-01 4.039599453800637313e-02 4.186390532544378429e-01 0.000000000000000000e+00
2.950000000000000000e+03 1.179908101124578224e-01 3.937187073281747662e-01 1.264223941738734647e-01 4.085116067364587961e-02 4.390077378243058548e-01 0.000000000000000000e+00
2.975000000000000000e+03 1.189907322320549188e-01 4.011151570323168158e-01 1.090122894856622726e-01 4.665452890304961492e-02 4.432180245789713036e-01 0.000000000000000000e+00
3.000000000000000000e+03 1.199906543516520152e-01 4.037323623122439642e-01 1.068502503413746030e-01 4.961310878470642088e-02 4.398042785616750328e-01 0.000000000000000000e+00
3.025000000000000000e+03 1.209905764712491116e-01 4.095357305416477134e-01 9.979517523896222486e-02 5.553026854802002588e-02 4.351388256713700775e-01 0.000000000000000000e+00
3.050000000000000000e+03 1.219904985908462081e-01 4.229631315430131822e-01 8.932635411925353430e-02 5.609922621756941591e-02 4.316112881201638607e-01 0.000000000000000000e+00
3.075000000000000000e+03 1.229904207104433045e-01 4.056668183887118806e-01 9.057806099226217711e-02 6.884387801547564578e-02 4.349112426035502965e-01 0.000000000000000000e+00
3.100000000000000000e+03 1.239903428300404009e-01 4.171597633136094885e-01 8.545744196631770151e-02 7.328174783796086167e-02 4.241010468821119761e-01 0.000000000000000000e+00
3.125000000000000000e+03 1.249902649496374973e-01 4.074874829312699065e-01 8.181611288120163583e-02 7.783340919435594030e-02 4.328629949931724896e-01 0.000000000000000000e+00
3.150000000000000000e+03 1.259901870692345938e-01 4.202321347291761433e-01 7.237141556668183484e-02 8.045061447428311641e-02 4.269458352298589054e-01 0.000000000000000000e+00
3.175000000000000000e+03 1.269901091888316902e-01 4.258079198907601115e-01 6.588529813381883982e-02 8.192990441511151245e-02 4.263768775603095085e-01 0.000000000000000000e+00
3.200000000000000000e+03 1.279900313084287866e-01 4.263768775603095085e-01 6.349567592171143082e-02 8.534365043240782489e-02 4.247837960855712081e-01 0.000000000000000000e+00
3.225000000000000000e+03 1.289899534280258830e-01 4.145425580336822846e-01 5.996813837050523482e-02 8.932635411925353430e-02 4.361629494765589254e-01 0.000000000000000000e+00
3.250000000000000000e+03 1.299898755476229795e-01 4.173873463814292140e-01 5.826126536185707860e-02 9.251251706873007963e-02 4.318388711879836417e-01 0.000000000000000000e+00
3.275000000000000000e+03 1.309897976672200759e-01 4.203459262630860338e-01 5.974055530268548159e-02 9.626763768775603580e-02 4.236458807464724696e-01 0.000000000000000000e+00
3.300000000000000000e+03 1.319897197868171723e-01 4.361629494765589254e-01 6.042330450614474130e-02 1.055985434683659602e-01 3.978152025489303800e-01 0.000000000000000000e+00
3.325000000000000000e+03 1.329896419064142687e-01 4.362767410104688159e-01 6.065088757396449454e-02 1.075329995448338627e-01 3.955393718707327921e-01 0.000000000000000000e+00
3.350000000000000000e+03 1.339895640260113652e-01 4.482248520710059303e-01 6.156121984524351443e-02 1.034365043240782905e-01 3.867774237596722786e-01 0.000000000000000000e+00
3.375000000000000000e+03 1.349894861456084616e-01 4.534592626308602825e-01 6.156121984524351443e-02 1.016158397815202508e-01 3.833636777423759523e-01 0.000000000000000000e+00
3.400000000000000000e+03 1.359894082652055580e-01 4.432180245789713036e-01 5.894401456531633832e-02 1.088984979517523960e-01 3.889394629039599205e-01 0.000000000000000000e+00
3.425000000000000000e+03 1.369893303848026545e-01 4.494765589440145592e-01 5.689576695493855224e-02 1.086709148839326289e-01 3.849567592171142527e-01 0.000000000000000000e+00
3.450000000000000000e+03 1.379892525043997509e-01 4.607419208010923861e-01 5.427856167501137613e-02 1.061675011379153433e-01 3.788120163859808875e-01 0.000000000000000000e+00
3.475000000000000000e+03 1.389891746239968473e-01 4.690487027765134487e-01 5.245789713245334329e-02 1.100364132908511622e-01 3.684569868001820736e-01 0.000000000000000000e+00
3.500000000000000000e+03 1.399890967435939437e-01 4.674556213017751483e-01 5.268548020027309653e-02 1.095812471552116557e-01 3.702776513427400995e-01 0.000000000000000000e+00
3.525000000000000000e+03 1.409890188631910402e-01 4.699590350477924616e-01 4.870277651342740100e-02 1.120846609012289552e-01 3.692535275375511961e-01 0.000000000000000000e+00
3.550000000000000000e+03 1.419889409827881366e-01 4.651797906235776159e-01 4.517523896222121194e-02 1.108329540282202985e-01 3.788120163859808875e-01 0.000000000000000000e+00
3.575000000000000000e+03 1.429888631023852330e-01 4.666590805644060258e-01 4.597177969959034827e-02 1.172052799271734169e-01 3.701638598088302090e-01 0.000000000000000000e+00
3.600000000000000000e+03 1.439887852219823294e-01 4.717796995903504875e-01 4.380974055530268557e-02 1.183431952662721831e-01 3.660673645880746507e-01 0.000000000000000000e+00
3.625000000000000000e+03 1.449887073415794259e-01 4.749658625398270329e-01 4.631315430131998506e-02 1.258534365043240677e-01 3.528675466545289074e-01 0.000000000000000000e+00
3.650000000000000000e+03 1.459886294611765223e-01 4.838416021847974369e-01 4.676832043695949154e-02 1.227810650887573990e-01 3.466090122894856518e-01 0.000000000000000000e+00
3.675000000000000000e+03 1.469885515807736187e-01 4.875967228038233792e-01 4.642694583522986168e-02 1.282430587164314906e-01 3.377332726445152478e-01 0.000000000000000000e+00
3.700000000000000000e+03 1.479884737003707151e-01 4.951069640418752638e-01 4.574419663177059503e-02 1.264223941738734647e-01 3.327264451524806765e-01 0.000000000000000000e+00
3.725000000000000000e+03 1.489883958199678116e-01 4.982931269913518646e-01 4.779244424214838111e-02 1.279016841147018746e-01 3.260127446517979144e-01 0.000000000000000000e+00
3.750000000000000000e+03 1.499883179395649080e-01 5.095584888484296915e-01 4.676832043695949154e-02 1.261948111060537114e-01 3.174783796085571264e-01 0.000000000000000000e+00
3.775000000000000000e+03 1.509882400591620044e-01 5.025034137460172579e-01 4.585798816568047165e-02 1.325671370050068298e-01 3.190714610832954268e-01 0.000000000000000000e+00
3.800000000000000000e+03 1.519881621787591008e-01 4.914656349567592120e-01 4.380974055530268557e-02 1.433773327264451503e-01 3.213472917614929592e-01 0.000000000000000000e+00
3.825000000000000000e+03 1.529880842983561973e-01 5.043240782885752838e-01 4.107874374146563284e-02 1.341602184797451025e-01 3.204369594902139462e-01 0.000000000000000000e+00
3.850000000000000000e+03 1.539880064179532937e-01 5.089895311788802390e-01 4.085116067364587961e-02 1.389394629039599482e-01 3.112198452435138707e-01 0.000000000000000000e+00
3.875000000000000000e+03 1.549879285375503901e-01 5.098998634501593630e-01 4.153390987710514626e-02 1.397360036413290985e-01 3.088302230314064478e-01 0.000000000000000000e+00
3.900000000000000000e+03 1.559878506571474865e-01 5.102412380518889234e-01 4.449248975876194528e-02 1.457669549385525731e-01 2.994993172507965373e-01 0.000000000000000000e+00
3.925000000000000000e+03 1.569877727767445830e-01 5.184342284934000400e-01 4.255803368229403583e-02 1.474738279472007363e-01 2.915339098771051463e-01 0.000000000000000000e+00
3.950000000000000000e+03 1.579876948963416794e-01 5.260582612653618151e-01 4.244424214838415921e-02 1.474738279472007363e-01 2.840236686390532617e-01 0.000000000000000000e+00
3.975000000000000000e+03 1.589876170159387758e-01 5.267410104688211581e-01 4.221665908056440597e-02 1.495220755575785154e-01 2.815202548930359483e-01 0.000000000000000000e+00
4.000000000000000000e+03 1.599875391355358722e-01 5.343650432407829332e-01 4.426490669094219205e-02 1.531634046426945950e-01 2.682066454255803145e-01 0.000000000000000000e+00
4.025000000000000000e+03 1.609874612551329687e-01 5.436959490213928436e-01 4.506144742831133532e-02 1.510013654984069253e-01 2.602412380518889234e-01 0.000000000000000000e+00
4.050000000000000000e+03 1.619873833747300651e-01 5.518889394629039602e-01 4.733727810650887463e-02 1.510013654984069253e-01 2.497724169321802468e-01 0.000000000000000000e+00
4.075000000000000000e+03 1.629873054943271615e-01 5.636094674556213491e-01 4.267182521620391245e-02 1.580564406008193035e-01 2.356622667273554905e-01 0.000000000000000000e+00
4.100000000000000000e+03 1.639872276139242580e-01 5.591715976331360638e-01 4.483386436049158208e-02 1.578288575329995502e-01 2.381656804733727761e-01 0.000000000000000000e+00
4.125000000000000000e+03 1.649871497335213544e-01 5.563268092853891345e-01 4.540282203004096517e-02 1.582840236686390567e-01 2.399863450159308020e-01 0.000000000000000000e+00
4.150000000000000000e+03 1.659870718531184508e-01 5.662266727355484974e-01 4.585798816568047165e-02 1.620391442876649990e-01 2.258761948111060458e-01 0.000000000000000000e+00
4.175000000000000000e+03 1.669869939727155472e-01 5.737369139736003820e-01 4.472007282658170546e-02 1.677287209831588577e-01 2.138142922166590687e-01 0.000000000000000000e+00
4.200000000000000000e+03 1.679869160923126437e-01 5.737369139736003820e-01 4.790623577605826466e-02 1.689804278561675144e-01 2.093764223941738667e-01 0.000000000000000000e+00
4.225000000000000000e+03 1.689868382119097401e-01 5.778334091943558848e-01 5.075102412380518707e-02 1.714838416021848000e-01 1.999317250796540657e-01 0.000000000000000000e+00
4.250000000000000000e+03 1.699867603315068365e-01 5.799954483386435822e-01 4.984069185252617412e-02 1.743286299499317293e-01 1.958352298588985074e-01 0.000000000000000000e+00
4.275000000000000000e+03 1.709866824511039329e-01 5.889849795175239322e-01 4.790623577605826466e-02 1.786527082385070686e-01 1.844560764679107900e-01 0.000000000000000000e+00
4.300000000000000000e+03 1.719866045707010294e-01 5.917159763313609711e-01 5.040964952207555722e-02 1.731907146108329631e-01 1.846836595357305433e-01 0.000000000000000000e+00
4.325000000000000000e+03 1.729865266902981258e-01 5.971779699590350488e-01 5.086481565771506369e-02 1.734182976786527164e-01 1.785389167045971781e-01 0.000000000000000000e+00
4.350000000000000000e+03 1.739864488098952222e-01 6.069640418752845212e-01 5.223031406463359005e-02 1.789940828402366846e-01 1.618115612198452458e-01 0.000000000000000000e+00
4.375000000000000000e+03 1.749863709294923186e-01 6.035502958579881394e-01 5.382339553937186966e-02 1.752389622212107423e-01 1.673873463814292140e-01 0.000000000000000000e+00
4.400000000000000000e+03 1.759862930490894151e-01 6.043468365953572619e-01 5.257168866636321991e-02 1.759217114246700020e-01 1.671597633136094607e-01 0.000000000000000000e+00
4.425000000000000000e+03 1.769862151686865115e-01 5.995675921711424161e-01 5.496131087847064278e-02 1.840009103322712836e-01 1.614701866181156020e-01 0.000000000000000000e+00
4.450000000000000000e+03 1.779861372882836079e-01 6.093536640873918886e-01 5.393718707328174627e-02 1.781975421028675344e-01 1.585116067364588099e-01 0.000000000000000000e+00
4.475000000000000000e+03 1.789860594078807043e-01 6.206190259444697155e-01 4.915794264906690747e-02 1.835457441966317771e-01 1.466772872098315861e-01 0.000000000000000000e+00
4.500000000000000000e+03 1.799859815274778008e-01 6.133363677742376119e-01 5.234410559854346667e-02 1.801319981793354508e-01 1.541875284478834707e-01 0.000000000000000000e+00
4.525000000000000000e+03 1.809859036470748972e-01 6.143604915794265153e-01 5.325443786982248656e-02 1.835457441966317771e-01 1.488393263541192557e-01 0.000000000000000000e+00
4.550000000000000000e+03 1.819858257666722157e-01 6.226672735548475224e-01 5.905780609922621494e-02 1.826354119253527641e-01 1.356395084205735124e-01 0.000000000000000000e+00
4.575000000000000000e+03 1.829857478862693121e-01 6.228948566226673034e-01 5.905780609922621494e-02 1.861629494765589532e-01 1.318843878015475701e-01 0.000000000000000000e+00
4.600000000000000000e+03 1.839856700058664085e-01 6.251706873008647802e-01 5.826126536185707860e-02 1.855939918070095562e-01 1.309740555302685572e-01 0.000000000000000000e+00
4.625000000000000000e+03 1.849855921254635049e-01 6.261948111060536837e-01 6.144742831133363781e-02 1.961766044606281234e-01 1.161811561219845274e-01 0.000000000000000000e+00
4.650000000000000000e+03 1.859855142450606014e-01 6.314292216659080914e-01 6.178880291306326766e-02 1.884387801547564856e-01 1.183431952662721831e-01 0.000000000000000000e+00
4.675000000000000000e+03 1.869854363646576978e-01 6.236913973600364258e-01 6.190259444697314428e-02 1.919663177059626746e-01 1.224396904870277691e-01 0.000000000000000000e+00
4.700000000000000000e+03 1.879853584842547942e-01 6.300637232589895165e-01 6.713700500682749650e-02 1.883249886208466228e-01 1.144742831133363642e-01 0.000000000000000000e+00
4.725000000000000000e+03 1.889852806038518906e-01 6.365498406918524976e-01 6.599908966772871644e-02 1.910559854346836617e-01 1.063950842057350965e-01 0.000000000000000000e+00
4.750000000000000000e+03 1.899852027234489871e-01 6.431497496586253693e-01 6.497496586253982687e-02 1.862767410104688159e-01 1.055985434683659602e-01 0.000000000000000000e+00
4.775000000000000000e+03 1.909851248430460835e-01 6.242603550295857673e-01 7.123350022758306865e-02 1.997041420118343125e-01 1.048020027309968100e-01 0.000000000000000000e+00
4.800000000000000000e+03 1.919850469626431799e-01 6.314292216659080914e-01 6.952662721893490549e-02 1.967455621301775204e-01 1.022985889849795244e-01 0.000000000000000000e+00
4.825000000000000000e+03 1.929849690822402764e-01 6.299499317250796260e-01 7.066454255803368556e-02 1.999317250796540657e-01 9.945380063723259501e-02 0.000000000000000000e+00
4.850000000000000000e+03 1.939848912018373728e-01 6.253982703686845612e-01 7.419208010923987462e-02 2.028903049613108855e-01 9.751934456076467861e-02 0.000000000000000000e+00
4.875000000000000000e+03 1.949848133214344692e-01 6.352981338188439242e-01 7.089212562585343880e-02 2.032316795630405015e-01 9.057806099226217711e-02 0.000000000000000000e+00
4.900000000000000000e+03 1.959847354410315656e-01 6.431497496586253693e-01 7.510241238051888757e-02 2.030040964952207483e-01 7.874374146563495325e-02 0.000000000000000000e+00
4.925000000000000000e+03 1.969846575606286621e-01 6.376877560309512916e-01 7.851615839781520001e-02 1.969731451979972736e-01 8.682294037323623481e-02 0.000000000000000000e+00
4.950000000000000000e+03 1.979845796802257585e-01 6.368912152935821691e-01 7.601274465179790052e-02 2.034592626308602548e-01 8.363677742375967561e-02 0.000000000000000000e+00
4.975000000000000000e+03 1.989845017998228549e-01 6.322257624032772139e-01 7.885753299954482987e-02 2.114246700045516736e-01 7.749203459262631044e-02 0.000000000000000000e+00
5.000000000000000000e+03 1.999844239194199513e-01 6.436049157942649313e-01 7.737824305871643382e-02 2.041420118343195145e-01 7.487482931269913433e-02 0.000000000000000000e+00
5.025000000000000000e+03 2.009843460390170478e-01 6.444014565316340537e-01 7.794720072826581692e-02 2.058488848429676776e-01 7.180245789713245175e-02 0.000000000000000000e+00
5.050000000000000000e+03 2.019842681586141442e-01 6.374601729631315106e-01 7.806099226217569353e-02 2.121074192080109333e-01 7.237141556668183484e-02 0.000000000000000000e+00
5.075000000000000000e+03 2.029841902782112406e-01 6.467910787437414211e-01 7.601274465179790052e-02 2.117660446062812896e-01 6.531634046426945672e-02 1.137915339098771066e-04
5.100000000000000000e+03 2.039841123978083370e-01 6.532771961766045132e-01 7.510241238051888757e-02 2.049385525716886647e-01 6.668183887118799003e-02 0.000000000000000000e+00
5.125000000000000000e+03 2.049840345174054335e-01 6.415566681838871244e-01 7.703686845698680397e-02 2.127901684114701930e-01 6.861629494765589254e-02 0.000000000000000000e+00
5.150000000000000000e+03 2.059839566370025299e-01 6.439462903959944917e-01 8.045061447428311641e-02 2.165452890304961353e-01 5.905780609922621494e-02 0.000000000000000000e+00
5.175000000000000000e+03 2.069838787565996263e-01 6.395084205735093175e-01 8.204369594902138907e-02 2.147246244879381094e-01 6.372325898953118406e-02 0.000000000000000000e+00
5.200000000000000000e+03 2.079838008761967227e-01 6.421256258534364658e-01 7.760582612653618706e-02 2.197314519799726806e-01 6.053709604005461792e-02 0.000000000000000000e+00
5.225000000000000000e+03 2.089837229957938192e-01 6.414428766499772339e-01 8.067819754210286964e-02 2.179107874374146547e-01 5.996813837050523482e-02 0.000000000000000000e+00
5.250000000000000000e+03 2.099836451153909156e-01 6.348429676832043622e-01 8.261265361857077216e-02 2.270141101502048120e-01 5.553026854802002588e-02 0.000000000000000000e+00
5.275000000000000000e+03 2.109835672349880120e-01 6.384842967683204140e-01 7.919890760127445972e-02 2.261037778789257990e-01 5.621301775147929253e-02 0.000000000000000000e+00
5.300000000000000000e+03 2.119834893545851084e-01 6.423532089212562468e-01 7.749203459262631044e-02 2.274692762858443462e-01 5.268548020027309653e-02 0.000000000000000000e+00
5.325000000000000000e+03 2.129834114741822049e-01 6.442876649977241632e-01 7.942649066909421296e-02 2.238279472007282667e-01 5.234410559854346667e-02 1.137915339098771066e-04
5.350000000000000000e+03 2.139833335937793013e-01 6.405325443786982209e-01 8.101957214383249950e-02 2.273554847519344557e-01 5.109239872553481693e-02 0.000000000000000000e+00
5.375000000000000000e+03 2.149832557133763977e-01 6.415566681838871244e-01 8.227127901684114231e-02 2.240555302685480199e-01 5.211652253072371344e-02 0.000000000000000000e+00
5.400000000000000000e+03 2.159831778329734941e-01 6.463359126081019701e-01 8.545744196631770151e-02 2.184797451069640517e-01 4.972690031861629750e-02 0.000000000000000000e+00
5.425000000000000000e+03 2.169830999525705906e-01 6.406463359126081114e-01 8.830223031406463086e-02 2.177969959035047920e-01 5.325443786982248656e-02 0.000000000000000000e+00
5.450000000000000000e+03 2.179830220721676870e-01 6.458807464724624081e-01 9.012289485662267063e-02 2.154073736913973691e-01 4.847519344560764776e-02 1.137915339098771066e-04
5.475000000000000000e+03 2.189829441917647834e-01 6.458807464724624081e-01 9.035047792444242387e-02 2.180245789713245452e-01 4.574419663177059503e-02 0.000000000000000000e+00
5.500000000000000000e+03 2.199828663113618799e-01 6.364360491579426071e-01 9.205735093309057315e-02 2.204142011834319403e-01 5.109239872553481693e-02 0.000000000000000000e+00
5.525000000000000000e+03 2.209827884309589763e-01 6.470186618115612021e-01 9.342284934000910646e-02 2.130177514792899462e-01 4.654073736913973830e-02 0.000000000000000000e+00
5.550000000000000000e+03 2.219827105505560727e-01 6.404187528447883304e-01 9.638142922166591242e-02 2.179107874374146547e-01 4.517523896222121194e-02 1.137915339098771066e-04
5.575000000000000000e+03 2.229826326701531691e-01 6.480427856167501055e-01 9.399180700955848955e-02 2.149522075557578626e-01 4.289940828402366568e-02 1.137915339098771066e-04
5.600000000000000000e+03 2.239825547897502656e-01 6.415566681838871244e-01 9.786071916249430847e-02 2.198452435138825711e-01 4.062357760582612637e-02 1.137915339098771066e-04
5.625000000000000000e+03 2.249824769093473620e-01 6.374601729631315106e-01 9.888484296768319803e-02 2.215521165225307343e-01 4.210286754665452935e-02 0.000000000000000000e+00
5.650000000000000000e+03 2.259823990289444584e-01 6.416704597177970149e-01 1.018434228493400040e-01 2.183659535730541612e-01 3.812016385980882688e-02 0.000000000000000000e+00
5.675000000000000000e+03 2.269823211485415548e-01 6.351843422849340337e-01 1.049157942649066866e-01 2.195038689121529274e-01 4.039599453800637313e-02 0.000000000000000000e+00
