# itime ezz other fcc hcp bcc ico
0.000000000000000000e+00 0.000000000000000000e+00 1.365498406918525280e-03 9.986345015930814251e-01 0.000000000000000000e+00 0.000000000000000000e+00 0.000000000000000000e+00
2.500000000000000000e+02 9.999880912174852199e-04 3.413746017296313199e-04 9.996586253982703285e-01 0.000000000000000000e+00 0.000000000000000000e+00 0.000000000000000000e+00
5.000000000000000000e+02 1.999976182435192484e-03 1.137915339098770958e-03 9.988620846609012061e-01 0.000000000000000000e+00 0.000000000000000000e+00 0.000000000000000000e+00
7.500000000000000000e+02 2.999964273652677704e-03 1.593081474738279385e-03 9.984069185252617551e-01 0.000000000000000000e+00 0.000000000000000000e+00 0.000000000000000000e+00
1.000000000000000000e+03 3.999952364870384969e-03 1.137915339098770958e-03 9.988620846609012061e-01 0.000000000000000000e+00 0.000000000000000000e+00 0.000000000000000000e+00
1.250000000000000000e+03 4.999940456087870189e-03 6.827492034592626399e-04 9.993172507965407680e-01 0.000000000000000000e+00 0.000000000000000000e+00 0.000000000000000000e+00
1.500000000000000000e+03 5.999928547305577453e-03 1.024123805188893906e-03 9.989758761948110966e-01 0.000000000000000000e+00 0.000000000000000000e+00 0.000000000000000000e+00
1.750000000000000000e+03 6.999916638523062673e-03 1.137915339098771066e-04 9.998862084660901095e-01 0.000000000000000000e+00 0.000000000000000000e+00 0.000000000000000000e+00
2.000000000000000000e+03 7.999904729740769938e-03 6.827492034592626399e-04 9.993172507965407680e-01 0.000000000000000000e+00 0.000000000000000000e+00 0.000000000000000000e+00
2.250000000000000000e+03 8.999892820958255157e-03 2.275830678197541916e-03 9.977241693218024121e-01 0.000000000000000000e+00 0.000000000000000000e+00 0.000000000000000000e+00
2.500000000000000000e+03 9.999880912175962422e-03 4.096495220755575623e-03 9.957897132453344957e-01 0.000000000000000000e+00 1.137915339098771066e-04 0.000000000000000000e+00
2.750000000000000000e+03 1.099986900339344764e-02 1.024123805188893906e-03 9.989758761948110966e-01 0.000000000000000000e+00 0.000000000000000000e+00 0.000000000000000000e+00
3.000000000000000000e+03 1.199985709461093286e-02 1.479289940828402332e-03 9.985207100591716456e-01 0.000000000000000000e+00 0.000000000000000000e+00 0.000000000000000000e+00
3.250000000000000000e+03 1.299984518582864013e-02 1.706873008648156654e-03 9.982931269913518646e-01 0.000000000000000000e+00 0.000000000000000000e+00 0.000000000000000000e+00
3.500000000000000000e+03 1.399983327704612535e-02 2.162039144287664864e-03 9.978379608557123026e-01 0.000000000000000000e+00 0.000000000000000000e+00 0.000000000000000000e+00
3.750000000000000000e+03 1.499982136826383261e-02 2.958579881656804664e-03 9.970414201183431802e-01 0.000000000000000000e+00 0.000000000000000000e+00 0.000000000000000000e+00
4.000000000000000000e+03 1.599980945948131783e-02 2.389622212107419402e-03 9.976103777878926326e-01 0.000000000000000000e+00 0.000000000000000000e+00 0.000000000000000000e+00
4.250000000000000000e+03 1.699979755069902509e-02 2.048247610377787811e-03 9.978379608557123026e-01 0.000000000000000000e+00 1.137915339098771066e-04 0.000000000000000000e+00
4.500000000000000000e+03 1.799978564191651031e-02 1.251706873008648227e-03 9.986345015930814251e-01 0.000000000000000000e+00 1.137915339098771066e-04 0.000000000000000000e+00
4.750000000000000000e+03 1.899977373313421758e-02 1.479289940828402332e-03 9.985207100591716456e-01 0.000000000000000000e+00 0.000000000000000000e+00 0.000000000000000000e+00
5.000000000000000000e+03 1.999976182435170280e-02 2.048247610377787811e-03 9.979517523896221931e-01 0.000000000000000000e+00 0.000000000000000000e+00 0.000000000000000000e+00
5.250000000000000000e+03 2.099974991556941006e-02 1.251706873008648227e-03 9.987482931269913156e-01 0.000000000000000000e+00 0.000000000000000000e+00 0.000000000000000000e+00
5.500000000000000000e+03 2.199973800678689528e-02 3.072371415566681717e-03 9.967000455166135087e-01 0.000000000000000000e+00 2.275830678197542133e-04 0.000000000000000000e+00
5.750000000000000000e+03 2.299972609800460255e-02 1.593081474738279385e-03 9.984069185252617551e-01 0.000000000000000000e+00 0.000000000000000000e+00 0.000000000000000000e+00
6.000000000000000000e+03 2.399971418922208777e-02 2.844788347746927612e-03 9.971552116522530707e-01 0.000000000000000000e+00 0.000000000000000000e+00 0.000000000000000000e+00
6.250000000000000000e+03 2.499970228043957299e-02 2.730996813837050560e-03 9.972690031861629611e-01 0.000000000000000000e+00 0.000000000000000000e+00 0.000000000000000000e+00
6.500000000000000000e+03 2.599969037165728025e-02 2.162039144287664864e-03 9.978379608557123026e-01 0.000000000000000000e+00 0.000000000000000000e+00 0.000000000000000000e+00
6.750000000000000000e+03 2.699967846287476547e-02 2.958579881656804664e-03 9.969276285844332897e-01 0.000000000000000000e+00 1.137915339098771066e-04 0.000000000000000000e+00
7.000000000000000000e+03 2.799966655409247274e-02 3.072371415566681717e-03 9.969276285844332897e-01 0.000000000000000000e+00 0.000000000000000000e+00 0.000000000000000000e+00
7.250000000000000000e+03 2.899965464530995796e-02 5.006827492034592909e-03 9.949931725079653733e-01 0.000000000000000000e+00 0.000000000000000000e+00 0.000000000000000000e+00
7.500000000000000000e+03 2.999964273652766522e-02 4.096495220755575623e-03 9.957897132453344957e-01 0.000000000000000000e+00 1.137915339098771066e-04 0.000000000000000000e+00
7.750000000000000000e+03 3.099963082774515044e-02 5.917159763313609329e-03 9.938552571688666903e-01 0.000000000000000000e+00 2.275830678197542133e-04 0.000000000000000000e+00
8.000000000000000000e+03 3.199961891896285771e-02 2.844788347746927612e-03 9.970414201183431802e-01 0.000000000000000000e+00 1.137915339098771066e-04 0.000000000000000000e+00
8.250000000000000000e+03 3.299960701018034293e-02 4.324078288575329727e-03 9.955621301775148257e-01 0.000000000000000000e+00 1.137915339098771066e-04 0.000000000000000000e+00
8.500000000000000000e+03 3.399959510139805019e-02 5.120619025944469528e-03 9.948793809740554828e-01 0.000000000000000000e+00 0.000000000000000000e+00 0.000000000000000000e+00
8.750000000000000000e+03 3.499958319261553541e-02 7.168866636322257339e-03 9.927173418297678964e-01 0.000000000000000000e+00 1.137915339098771066e-04 0.000000000000000000e+00
9.000000000000000000e+03 3.599957128383302063e-02 5.575785161583977738e-03 9.944242148384160318e-01 0.000000000000000000e+00 0.000000000000000000e+00 0.000000000000000000e+00
9.250000000000000000e+03 3.699955937505072789e-02 1.046882111970869403e-02 9.893035958124715146e-01 0.000000000000000000e+00 2.275830678197542133e-04 0.000000000000000000e+00
9.500000000000000000e+03 3.799954746626821311e-02 5.575785161583977738e-03 9.940828402366863603e-01 0.000000000000000000e+00 3.413746017296313199e-04 0.000000000000000000e+00
9.750000000000000000e+03 3.899953555748592038e-02 7.396449704142011444e-03 9.924897587619481154e-01 0.000000000000000000e+00 1.137915339098771066e-04 0.000000000000000000e+00
1.000000000000000000e+04 3.999952364870340560e-02 8.420573509330906217e-03 9.914656349567592120e-01 0.000000000000000000e+00 1.137915339098771066e-04 0.000000000000000000e+00
1.025000000000000000e+04 4.099951173992111286e-02 1.126536185707783383e-02 9.883932635411925016e-01 0.000000000000000000e+00 3.413746017296313199e-04 0.000000000000000000e+00
1.050000000000000000e+04 4.199949983113859808e-02 6.144742831133363434e-03 9.935138825671370189e-01 0.000000000000000000e+00 3.413746017296313199e-04 0.000000000000000000e+00
1.075000000000000000e+04 4.299948792235630535e-02 8.420573509330906217e-03 9.913518434228493215e-01 0.000000000000000000e+00 2.275830678197542133e-04 0.000000000000000000e+00
1.100000000000000000e+04 4.399947601357379057e-02 6.941283568502503235e-03 9.927173418297678964e-01 0.000000000000000000e+00 3.413746017296313199e-04 0.000000000000000000e+00
1.125000000000000000e+04 4.499946410479149783e-02 7.737824305871643035e-03 9.920345926263085534e-01 0.000000000000000000e+00 2.275830678197542133e-04 0.000000000000000000e+00
1.150000000000000000e+04 4.599945219600898305e-02 7.055075102412380721e-03 9.927173418297678964e-01 0.000000000000000000e+00 2.275830678197542133e-04 0.000000000000000000e+00
1.175000000000000000e+04 4.699944028722669032e-02 1.092398725534820224e-02 9.881656804733728316e-01 0.000000000000000000e+00 9.103322712790168532e-04 0.000000000000000000e+00
1.200000000000000000e+04 4.799942837844417554e-02 1.206190259444697363e-02 9.877105143377332697e-01 0.000000000000000000e+00 2.275830678197542133e-04 0.000000000000000000e+00
1.225000000000000000e+04 4.899941646966166076e-02 1.513427401001365448e-02 9.846381429221665593e-01 0.000000000000000000e+00 2.275830678197542133e-04 0.000000000000000000e+00
1.250000000000000000e+04 4.999940456087936802e-02 1.217569412835685025e-02 9.870277651342740377e-01 0.000000000000000000e+00 7.965407373691396923e-04 0.000000000000000000e+00
1.275000000000000000e+04 5.099939265209685324e-02 1.274465179790623508e-02 9.869139736003641472e-01 0.000000000000000000e+00 3.413746017296313199e-04 0.000000000000000000e+00
1.300000000000000000e+04 5.199938074331456050e-02 1.672735548475193582e-02 9.823623122439690825e-01 0.000000000000000000e+00 9.103322712790168532e-04 0.000000000000000000e+00
1.325000000000000000e+04 5.299936883453204572e-02 2.275830678197542090e-02 9.767865270823851143e-01 0.000000000000000000e+00 4.551661356395084266e-04 0.000000000000000000e+00
1.350000000000000000e+04 5.399935692574975299e-02 2.355484751934456070e-02 9.755348202093764298e-01 0.000000000000000000e+00 9.103322712790168532e-04 0.000000000000000000e+00
1.375000000000000000e+04 5.499934501696723821e-02 2.036868456986800149e-02 9.783796085571233592e-01 0.000000000000000000e+00 1.251706873008648227e-03 0.000000000000000000e+00
1.400000000000000000e+04 5.599933310818494547e-02 2.093764223941738806e-02 9.787209831588530307e-01 0.000000000000000000e+00 3.413746017296313199e-04 0.000000000000000000e+00
1.425000000000000000e+04 5.699932119940243069e-02 2.298588984979517413e-02 9.753072371415566488e-01 0.000000000000000000e+00 1.706873008648156654e-03 0.000000000000000000e+00
1.450000000000000000e+04 5.799930929062013796e-02 2.002730996813837164e-02 9.791761492944924816e-01 0.000000000000000000e+00 7.965407373691396923e-04 0.000000000000000000e+00
1.475000000000000000e+04 5.899929738183762318e-02 2.833409194355939950e-02 9.701866181156122426e-01 0.000000000000000000e+00 1.479289940828402332e-03 0.000000000000000000e+00
1.500000000000000000e+04 5.999928547305510840e-02 2.332726445152480746e-02 9.762175694128356618e-01 0.000000000000000000e+00 4.551661356395084266e-04 0.000000000000000000e+00
1.525000000000000000e+04 6.099927356427281566e-02 3.049613108784706567e-02 9.677969959035047642e-01 0.000000000000000000e+00 1.706873008648156654e-03 0.000000000000000000e+00
1.550000000000000000e+04 6.199926165549030088e-02 3.254437869822485174e-02 9.649522075557578349e-01 0.000000000000000000e+00 2.503413746017296455e-03 0.000000000000000000e+00
1.575000000000000000e+04 6.299924974670800815e-02 4.460628129267182190e-02 9.536868456986800080e-01 0.000000000000000000e+00 1.706873008648156654e-03 0.000000000000000000e+00
1.600000000000000000e+04 6.399923783792549337e-02 3.652708238507055422e-02 9.608557123350022211e-01 0.000000000000000000e+00 2.617205279927173507e-03 0.000000000000000000e+00
1.625000000000000000e+04 6.499922592914320063e-02 3.834774692762858705e-02 9.592626308602639762e-01 0.000000000000000000e+00 2.389622212107419402e-03 0.000000000000000000e+00
1.650000000000000000e+04 6.599921402036068585e-02 3.095129722348657214e-02 9.667728720983158608e-01 0.000000000000000000e+00 2.275830678197541916e-03 0.000000000000000000e+00
1.675000000000000000e+04 6.699920211157839312e-02 4.631315430131998506e-02 9.515248065543923106e-01 0.000000000000000000e+00 2.162039144287664864e-03 0.000000000000000000e+00
1.700000000000000000e+04 6.799919020279587833e-02 4.221665908056440597e-02 9.549385525716886924e-01 0.000000000000000000e+00 2.844788347746927612e-03 0.000000000000000000e+00
1.725000000000000000e+04 6.899917829401358560e-02 4.312699135184342586e-02 9.534592626308602270e-01 0.000000000000000000e+00 3.413746017296313308e-03 0.000000000000000000e+00
1.750000000000000000e+04 6.999916638523107082e-02 5.427856167501137613e-02 9.415111515703231682e-01 0.000000000000000000e+00 4.210286754665453109e-03 0.000000000000000000e+00
1.775000000000000000e+04 7.099915447644877808e-02 5.302685480200273332e-02 9.434456076467910846e-01 0.000000000000000000e+00 3.527537551206190360e-03 0.000000000000000000e+00
1.800000000000000000e+04 7.199914256766626330e-02 5.814747382794720199e-02 9.388939462903960198e-01 0.000000000000000000e+00 2.958579881656804664e-03 0.000000000000000000e+00
1.825000000000000000e+04 7.299913065888374852e-02 6.406463359126081392e-02 9.288802913063267663e-01 0.000000000000000000e+00 7.055075102412380721e-03 0.000000000000000000e+00
1.850000000000000000e+04 7.399911875010145579e-02 6.213017751479289752e-02 9.346836595357305155e-01 0.000000000000000000e+00 3.186162949476558769e-03 0.000000000000000000e+00
1.875000000000000000e+04 7.499910684131894101e-02 7.237141556668183484e-02 9.227355484751934567e-01 0.000000000000000000e+00 4.893035958124715423e-03 0.000000000000000000e+00
1.900000000000000000e+04 7.599909493253664827e-02 6.804733727810650945e-02 9.261492944924897275e-01 0.000000000000000000e+00 5.803368229403732710e-03 0.000000000000000000e+00
1.925000000000000000e+04 7.699908302375413349e-02 7.032316795630405570e-02 9.210286754665453213e-01 0.000000000000000000e+00 8.648156577150659455e-03 0.000000000000000000e+00
1.950000000000000000e+04 7.799907111497184076e-02 9.786071916249430847e-02 8.912152935821574529e-01 0.000000000000000000e+00 1.092398725534820224e-02 0.000000000000000000e+00
1.975000000000000000e+04 7.899905920618932598e-02 9.865725989986344480e-02 8.878015475648611821e-01 0.000000000000000000e+00 1.354119253527537488e-02 0.000000000000000000e+00
2.000000000000000000e+04 7.999904729740703324e-02 1.061675011379153433e-01 8.816568047337277614e-01 0.000000000000000000e+00 1.217569412835685025e-02 0.000000000000000000e+00
2.025000000000000000e+04 8.099903538862451846e-02 9.672280382339554228e-02 8.884842967683204140e-01 0.000000000000000000e+00 1.479289940828402289e-02 0.000000000000000000e+00
2.050000000000000000e+04 8.199902347984222573e-02 1.326809285389166926e-01 8.455848884842968038e-01 0.000000000000000000e+00 2.173418297678652786e-02 0.000000000000000000e+00
2.075000000000000000e+04 8.299901157105971095e-02 1.517979062357760478e-01 7.956304050978607600e-01 2.275830678197542133e-04 5.234410559854346667e-02 0.000000000000000000e+00
2.100000000000000000e+04 8.399899966227719617e-02 1.781975421028675344e-01 7.534137460172962708e-01 5.689576695493854790e-04 6.781975421028675621e-02 0.000000000000000000e+00
2.125000000000000000e+04 8.499898775349490343e-02 1.962903959945380139e-01 7.113108784706417831e-01 2.275830678197541916e-03 9.012289485662267063e-02 0.000000000000000000e+00
2.150000000000000000e+04 8.599897584471238865e-02 2.155211652253072319e-01 6.589667728720982609e-01 1.991351843422849502e-02 1.055985434683659602e-01 0.000000000000000000e+00
2.175000000000000000e+04 8.699896393593009591e-02 2.064178425125170746e-01 6.416704597177970149e-01 6.463359126081019701e-02 8.727810650887574129e-02 0.000000000000000000e+00
2.200000000000000000e+04 8.799895202714758113e-02 1.698907601274465273e-01 6.673873463814292695e-01 1.190259444697314567e-01 4.369594902139280895e-02 0.000000000000000000e+00
2.225000000000000000e+04 8.899894011836528840e-02 1.263086026399635742e-01 6.697769685935366368e-01 1.655666818388711881e-01 3.834774692762858705e-02 0.000000000000000000e+00
2.250000000000000000e+04 8.999892820958277362e-02 1.136777423759672279e-01 6.391670459717796460e-01 2.089212562585343602e-01 3.823395539371871044e-02 0.000000000000000000e+00
2.275000000000000000e+04 9.099891630080048088e-02 9.706417842512517213e-02 6.459945380063722986e-01 2.289485662266727284e-01 2.799271734182976618e-02 0.000000000000000000e+00
2.300000000000000000e+04 9.199890439201796610e-02 8.579881656804733137e-02 6.550978607191625391e-01 2.328174783796085612e-01 2.628584433318160996e-02 0.000000000000000000e+00
2.325000000000000000e+04 9.299889248323567337e-02 8.352298588984979899e-02 6.644287664997724496e-01 2.402139280837505553e-01 1.183431952662721866e-02 0.000000000000000000e+00
2.350000000000000000e+04 9.399888057445315859e-02 9.000910332271279402e-02 6.543013199817933057e-01 2.406690942193900895e-01 1.502048247610377786e-02 0.000000000000000000e+00
2.375000000000000000e+04 9.499886866567086585e-02 8.909877105143376719e-02 6.566909421939007840e-01 2.371415566681839004e-01 1.706873008648156567e-02 0.000000000000000000e+00
2.400000000000000000e+04 9.599885675688835107e-02 9.069185252617205373e-02 6.568047337278106745e-01 2.378243058716431602e-01 1.467910787437414627e-02 0.000000000000000000e+00
2.425000000000000000e+04 9.699884484810583629e-02 9.091943559399180697e-02 6.532771961766045132e-01 2.401001365498406925e-01 1.570323167956303931e-02 0.000000000000000000e+00
2.450000000000000000e+04 9.799883293932354356e-02 9.842967683204369156e-02 6.461083295402821891e-01 2.336140191169776836e-01 2.184797451069640448e-02 0.000000000000000000e+00
2.475000000000000000e+04 9.899882103054102878e-02 1.100364132908511622e-01 6.390532544378698665e-01 2.331588529813381772e-01 1.775147928994082885e-02 0.000000000000000000e+00
2.500000000000000000e+04 9.999880912175873604e-02 1.109467455621301751e-01 6.354119253527537037e-01 2.317933545744196577e-01 2.184797451069640448e-02 0.000000000000000000e+00
2.525000000000000000e+04 1.009987972129762213e-01 9.786071916249430847e-02 6.458807464724624081e-01 2.352071005917159841e-01 2.105143377332726468e-02 0.000000000000000000e+00
2.550000000000000000e+04 1.019987853041939285e-01 1.219845243513882627e-01 6.210741920801092775e-01 2.295175238962221254e-01 2.742375967228038308e-02 0.000000000000000000e+00
2.575000000000000000e+04 1.029987733954114137e-01 1.226672735548475224e-01 6.215293582157487284e-01 2.288347746927628656e-01 2.696859353664087314e-02 0.000000000000000000e+00
2.600000000000000000e+04 1.039987614866291210e-01 1.417842512517068776e-01 6.095812471552116696e-01 2.270141101502048120e-01 2.162039144287665124e-02 0.000000000000000000e+00
2.625000000000000000e+04 1.049987495778466062e-01 1.396222121074192080e-01 6.078743741465635342e-01 2.290623577605826189e-01 2.344105598543468408e-02 0.000000000000000000e+00
2.650000000000000000e+04 1.059987376690643135e-01 1.442876649977241632e-01 5.993400091033227461e-01 2.284934000910332219e-01 2.787892580791988956e-02 0.000000000000000000e+00
2.675000000000000000e+04 1.069987257602817987e-01 1.614701866181156020e-01 5.778334091943558848e-01 2.240555302685480199e-01 3.664087391898043083e-02 0.000000000000000000e+00
2.700000000000000000e+04 1.079987138514992839e-01 1.655666818388711881e-01 5.690714610832954268e-01 2.203004096495220776e-01 4.506144742831133532e-02 0.000000000000000000e+00
2.725000000000000000e+04 1.089987019427169912e-01 1.771734182976786587e-01 5.576923076923077094e-01 2.213245334547109811e-01 4.380974055530268557e-02 0.000000000000000000e+00
2.750000000000000000e+04 1.099986900339344764e-01 2.083522985889849910e-01 5.086481565771506785e-01 2.142694583522985752e-01 6.873008648156576916e-02 0.000000000000000000e+00
2.775000000000000000e+04 1.109986781251521837e-01 2.113108784706417831e-01 4.930587164314975124e-01 2.084660901228948537e-01 8.716431497496586467e-02 0.000000000000000000e+00
2.800000000000000000e+04 1.119986662163696689e-01 2.407828857532999522e-01 4.491351843422849432e-01 2.050523441055985552e-01 1.050295857988165632e-01 0.000000000000000000e+00
2.825000000000000000e+04 1.129986543075873762e-01 2.740100136549840637e-01 4.027082385070550608e-01 1.940145653163404538e-01 1.292671825216203940e-01 0.000000000000000000e+00
2.850000000000000000e+04 1.139986423988048614e-01 2.756030951297223641e-01 3.433090578060992160e-01 2.009558488848429691e-01 1.801319981793354508e-01 0.000000000000000000e+00
2.875000000000000000e+04 1.149986304900225687e-01 2.883477469276286009e-01 2.741238051888939542e-01 2.016385980883022289e-01 2.358898497951752438e-01 0.000000000000000000e+00
2.900000000000000000e+04 1.159986185812400539e-01 2.877787892580792040e-01 2.391898042785616796e-01 2.183659535730541612e-01 2.546654528903049552e-01 0.000000000000000000e+00
2.925000000000000000e+04 1.169986066724577611e-01 2.661583978152025631e-01 2.604688211197087044e-01 2.395311788802912956e-01 2.338416021847974646e-01 0.000000000000000000e+00
2.950000000000000000e+04 1.179985947636752464e-01 2.771961766044606090e-01 2.716203914428766408e-01 2.521620391442876419e-01 1.990213928083750528e-01 0.000000000000000000e+00
2.975000000000000000e+04 1.189985828548929536e-01 2.844788347746927681e-01 2.572826581702321591e-01 2.596722803823395265e-01 1.985662266727355463e-01 0.000000000000000000e+00
3.000000000000000000e+04 1.199985709461104388e-01 2.748065543923531862e-01 2.922166590805644337e-01 2.787892580791989094e-01 1.541875284478834707e-01 0.000000000000000000e+00
3.025000000000000000e+04 1.209985590373279241e-01 2.876649977241693135e-01 2.829995448338643582e-01 2.845926263086026586e-01 1.447428311333636697e-01 0.000000000000000000e+00
3.050000000000000000e+04 1.219985471285456313e-01 2.845926263086026586e-01 2.783340919435594030e-01 2.917614929449248717e-01 1.453117888029130667e-01 0.000000000000000000e+00
3.075000000000000000e+04 1.229985352197631165e-01 2.847064178425124936e-01 2.858443331816112876e-01 2.965407373691397175e-01 1.329085116067364458e-01 0.000000000000000000e+00
3.100000000000000000e+04 1.239985233109808238e-01 2.814064633591260578e-01 2.858443331816112876e-01 2.942649066909421851e-01 1.384842967683204418e-01 0.000000000000000000e+00
3.125000000000000000e+04 1.249985114021983090e-01 2.801547564861174289e-01 2.872098315885298070e-01 2.954028220300409791e-01 1.372325898953117851e-01 0.000000000000000000e+00
3.150000000000000000e+04 1.259984994934160163e-01 2.851615839781520001e-01 2.869822485207100815e-01 2.980200273099681274e-01 1.298361401911697632e-01 0.000000000000000000e+00
3.175000000000000000e+04 1.269984875846335015e-01 2.868684569868001910e-01 2.718479745106964218e-01 3.051888939462903960e-01 1.360946745562130189e-01 0.000000000000000000e+00
3.200000000000000000e+04 1.279984756758512088e-01 2.809512972234865513e-01 2.578516158397815006e-01 3.116750113791533772e-01 1.495220755575785154e-01 0.000000000000000000e+00
3.225000000000000000e+04 1.289984637670686940e-01 2.893718707328175044e-01 2.423759672280382249e-01 3.105370960400546387e-01 1.577150659990896597e-01 0.000000000000000000e+00
3.250000000000000000e+04 1.299984518582864013e-01 2.903959945380063523e-01 2.476103777878925771e-01 3.199817933545744397e-01 1.420118343195266308e-01 0.000000000000000000e+00
3.275000000000000000e+04 1.309984399495038865e-01 2.870960400546199165e-01 2.388484296768320359e-01 3.328402366863905115e-01 1.412152935821574806e-01 0.000000000000000000e+00
3.300000000000000000e+04 1.319984280407213717e-01 2.842512517068729871e-01 2.373691397360036537e-01 3.355712335002276059e-01 1.428083750568957533e-01 0.000000000000000000e+00
3.325000000000000000e+04 1.329984161319390790e-01 2.809512972234865513e-01 2.315657715065999045e-01 3.390987710514337672e-01 1.483841602184797492e-01 0.000000000000000000e+00
3.350000000000000000e+04 1.339984042231565642e-01 2.936959490213927881e-01 2.313381884387801513e-01 3.397815202548930547e-01 1.351843422849340060e-01 0.000000000000000000e+00
3.375000000000000000e+04 1.349983923143742715e-01 2.814064633591260578e-01 2.314519799726900418e-01 3.452435138825671324e-01 1.418980427856167403e-01 0.000000000000000000e+00
3.400000000000000000e+04 1.359983804055917567e-01 2.956304050978607045e-01 2.188211197086936677e-01 3.595812471552116696e-01 1.259672280382339582e-01 0.000000000000000000e+00
3.425000000000000000e+04 1.369983684968094639e-01 2.810650887573964418e-01 2.247382794720072796e-01 3.649294492489758568e-01 1.292671825216203940e-01 0.000000000000000000e+00
3.450000000000000000e+04 1.379983565880269492e-01 2.911925352753755303e-01 2.019799726900318726e-01 3.697086936731907025e-01 1.371187983614019223e-01 0.000000000000000000e+00
3.475000000000000000e+04 1.389983446792446564e-01 2.900546199362767363e-01 2.032316795630405015e-01 3.718707328174783999e-01 1.348429676832043622e-01 0.000000000000000000e+00
3.500000000000000000e+04 1.399983327704621416e-01 2.853891670459717811e-01 1.987938097405552995e-01 3.832498862084661173e-01 1.325671370050068298e-01 0.000000000000000000e+00
3.525000000000000000e+04 1.409983208616798489e-01 2.824305871643149612e-01 2.044833864360491582e-01 3.874601729631315661e-01 1.256258534365043145e-01 0.000000000000000000e+00
3.550000000000000000e+04 1.419983089528973341e-01 2.758306781975420896e-01 2.017523896222121194e-01 3.951979972690031762e-01 1.272189349112426149e-01 0.000000000000000000e+00
3.575000000000000000e+04 1.429982970441150414e-01 2.700273099681383959e-01 1.921939007737824279e-01 4.143149749658625591e-01 1.234638142922166587e-01 0.000000000000000000e+00
3.600000000000000000e+04 1.439982851353325266e-01 2.641101502048247562e-01 1.997041420118343125e-01 4.320664542558033672e-01 1.041192535275375503e-01 0.000000000000000000e+00
3.625000000000000000e+04 1.449982732265500118e-01 2.500000000000000000e-01 1.909421939007737712e-01 4.670004551661356418e-01 9.205735093309057315e-02 0.000000000000000000e+00
3.650000000000000000e+04 1.459982613177677191e-01 2.339553937187073274e-01 1.895766954938552518e-01 4.839553937187073274e-01 9.251251706873007963e-02 0.000000000000000000e+00
3.675000000000000000e+04 1.469982494089852043e-01 2.223486572598998567e-01 1.907146108329540179e-01 5.010241238051889034e-01 8.591260810195720798e-02 0.000000000000000000e+00
3.700000000000000000e+04 1.479982375002029116e-01 2.129039599453800558e-01 2.015248065543923661e-01 5.138825671370049752e-01 7.168866636322257513e-02 0.000000000000000000e+00
3.725000000000000000e+04 1.489982255914203968e-01 2.174556213017751483e-01 2.009558488848429691e-01 5.202548930359581769e-01 6.133363677742376119e-02 0.000000000000000000e+00
3.750000000000000000e+04 1.499982136826381041e-01 2.134729176149294527e-01 2.033454710969503920e-01 5.391442876649977789e-01 4.403732362312243881e-02 0.000000000000000000e+00
3.775000000000000000e+04 1.509982017738555893e-01 1.887801547564861293e-01 2.188211197086936677e-01 5.637232589895311285e-01 2.867546654528902936e-02 0.000000000000000000e+00
3.800000000000000000e+04 1.519981898650732965e-01 1.868456986800182129e-01 2.193900773782430647e-01 5.674783796085570708e-01 2.628584433318160996e-02 0.000000000000000000e+00
3.825000000000000000e+04 1.529981779562907818e-01 1.894629039599453890e-01 2.175694128356850388e-01 5.640646335912608000e-01 2.890304961310878606e-02 0.000000000000000000e+00
3.850000000000000000e+04 1.539981660475084890e-01 1.871870732817478289e-01 2.187073281747838049e-01 5.662266727355484974e-01 2.787892580791988956e-02 0.000000000000000000e+00
3.875000000000000000e+04 1.549981541387259742e-01 1.871870732817478289e-01 2.197314519799726806e-01 5.656577150659990449e-01 2.742375967228038308e-02 0.000000000000000000e+00
3.900000000000000000e+04 1.559981422299434595e-01 1.989076012744651900e-01 2.160901228948566288e-01 5.599681383705051863e-01 2.503413746017296368e-02 0.000000000000000000e+00
3.925000000000000000e+04 1.569981303211611667e-01 1.890077378243058825e-01 2.192762858443331742e-01 5.663404642694583879e-01 2.537551206190259354e-02 0.000000000000000000e+00
3.950000000000000000e+04 1.579981184123786520e-01 1.929904415111515781e-01 2.175694128356850388e-01 5.625853436504324456e-01 2.685480200273099652e-02 0.000000000000000000e+00
3.975000000000000000e+04 1.589981065035963592e-01 1.948111060537096040e-01 2.170004551661356418e-01 5.614474283113336517e-01 2.674101046882111990e-02 0.000000000000000000e+00
4.000000000000000000e+04 1.599980945948138444e-01 1.956076467910787542e-01 2.149522075557578626e-01 5.609922621756940897e-01 2.844788347746927612e-02 0.000000000000000000e+00
4.025000000000000000e+04 1.609980826860315517e-01 1.918525261720528119e-01 2.176832043695949015e-01 5.625853436504324456e-01 2.787892580791988956e-02 0.000000000000000000e+00
4.050000000000000000e+04 1.619980707772490369e-01 2.009558488848429691e-01 2.163177059626763821e-01 5.570095584888484774e-01 2.571688666363222686e-02 0.000000000000000000e+00
4.075000000000000000e+04 1.629980588684667442e-01 1.951524806554392477e-01 2.164314974965862448e-01 5.609922621756940897e-01 2.742375967228038308e-02 0.000000000000000000e+00
4.100000000000000000e+04 1.639980469596842294e-01 1.957214383249886169e-01 2.164314974965862448e-01 5.587164314974966128e-01 2.913063268092853930e-02 0.000000000000000000e+00
4.125000000000000000e+04 1.649980350509019367e-01 1.983386436049157930e-01 2.150659990896677254e-01 5.588302230314065033e-01 2.776513427401001294e-02 0.000000000000000000e+00
4.150000000000000000e+04 1.659980231421194219e-01 1.966317705962676299e-01 2.187073281747838049e-01 5.613336367774237612e-01 2.332726445152480746e-02 0.000000000000000000e+00
4.175000000000000000e+04 1.669980112333371292e-01 2.032316795630405015e-01 2.135867091488393155e-01 5.616750113791534327e-01 2.150659990896677115e-02 0.000000000000000000e+00
4.200000000000000000e+04 1.679979993245546144e-01 2.031178880291306388e-01 2.140418752844788219e-01 5.575785161583978189e-01 2.526172052799271692e-02 0.000000000000000000e+00
4.225000000000000000e+04 1.689979874157720996e-01 2.006144742831133254e-01 2.185935366408739144e-01 5.625853436504324456e-01 1.820664542558033533e-02 0.000000000000000000e+00
4.250000000000000000e+04 1.699979755069898069e-01 1.997041420118343125e-01 2.187073281747838049e-01 5.605370960400546387e-01 2.105143377332726468e-02 0.000000000000000000e+00
4.275000000000000000e+04 1.709979635982072921e-01 2.052799271734183084e-01 2.173418297678652578e-01 5.599681383705051863e-01 1.741010468821119553e-02 0.000000000000000000e+00
4.300000000000000000e+04 1.719979516894249993e-01 2.083522985889849910e-01 2.150659990896677254e-01 5.549613108784706705e-01 2.162039144287665124e-02 0.000000000000000000e+00
4.325000000000000000e+04 1.729979397806424846e-01 2.047109695038689114e-01 2.163177059626763821e-01 5.598543468365954068e-01 1.911697769685935522e-02 0.000000000000000000e+00
4.350000000000000000e+04 1.739979278718601918e-01 2.044833864360491582e-01 2.164314974965862448e-01 5.566681838871188059e-01 2.241693218024579104e-02 0.000000000000000000e+00
4.375000000000000000e+04 1.749979159630776770e-01 2.082385070550751005e-01 2.126763768775603025e-01 5.565543923532089154e-01 2.253072371415566766e-02 0.000000000000000000e+00
4.400000000000000000e+04 1.759979040542953843e-01 2.104005461993627701e-01 2.173418297678652578e-01 5.530268548020027541e-01 1.923076923076923184e-02 0.000000000000000000e+00
4.425000000000000000e+04 1.769978921455128695e-01 2.119936276741010428e-01 2.131315430131998090e-01 5.521165225307237412e-01 2.275830678197542090e-02 0.000000000000000000e+00
4.450000000000000000e+04 1.779978802367305768e-01 2.090350477924442507e-01 2.166590805644059980e-01 5.539371870732817671e-01 2.036868456986800149e-02 0.000000000000000000e+00
4.475000000000000000e+04 1.789978683279480620e-01 2.160901228948566288e-01 2.126763768775603025e-01 5.479062357760582369e-01 2.332726445152480746e-02 0.000000000000000000e+00
4.500000000000000000e+04 1.799978564191655472e-01 2.148384160218479721e-01 2.132453345471096995e-01 5.493855257168867023e-01 2.253072371415566766e-02 0.000000000000000000e+00
4.525000000000000000e+04 1.809978445103832545e-01 2.156349567592171224e-01 2.139280837505689592e-01 5.457441966317706505e-01 2.469276285844333035e-02 0.000000000000000000e+00
4.550000000000000000e+04 1.819978326016007397e-01 2.243969048702776636e-01 2.113108784706417831e-01 5.428994082840237212e-01 2.139280837505689453e-02 0.000000000000000000e+00
4.575000000000000000e+04 1.829978206928184470e-01 2.189349112426035582e-01 2.135867091488393155e-01 5.427856167501138307e-01 2.469276285844333035e-02 0.000000000000000000e+00
4.600000000000000000e+04 1.839978087840359322e-01 2.154073736913973691e-01 2.131315430131998090e-01 5.491579426490669213e-01 2.230314064633591095e-02 0.000000000000000000e+00
4.625000000000000000e+04 1.849977968752536395e-01 2.272416932180245652e-01 2.093764223941738667e-01 5.424442421483841592e-01 2.093764223941738806e-02 0.000000000000000000e+00
4.650000000000000000e+04 1.859977849664711247e-01 2.309968138370505353e-01 2.122212107419207960e-01 5.351615839781520556e-01 2.162039144287665124e-02 0.000000000000000000e+00
4.675000000000000000e+04 1.869977730576888320e-01 2.304278561675011383e-01 2.089212562585343602e-01 5.386891215293582169e-01 2.196176604460628110e-02 0.000000000000000000e+00
4.700000000000000000e+04 1.879977611489063172e-01 2.298588984979517413e-01 2.085798816568047442e-01 5.355029585798816161e-01 2.605826126536185672e-02 0.000000000000000000e+00
4.725000000000000000e+04 1.889977492401240244e-01 2.330450614474283144e-01 2.086936731907146070e-01 5.347064178425124936e-01 2.355484751934456070e-02 0.000000000000000000e+00
4.750000000000000000e+04 1.899977373313415097e-01 2.391898042785616796e-01 2.068730086481565811e-01 5.316340464269457833e-01 2.230314064633591095e-02 0.000000000000000000e+00
4.775000000000000000e+04 1.909977254225592169e-01 2.377105143377332697e-01 2.107419208010923861e-01 5.293582157487483064e-01 2.218934911242603433e-02 0.000000000000000000e+00
4.800000000000000000e+04 1.919977135137767021e-01 2.428311333636777314e-01 2.043695949021392677e-01 5.275375512061902805e-01 2.526172052799271692e-02 0.000000000000000000e+00
4.825000000000000000e+04 1.929977016049941874e-01 2.404415111515703363e-01 2.104005461993627701e-01 5.285616750113791840e-01 2.059626763768775473e-02 0.000000000000000000e+00
4.850000000000000000e+04 1.939976896962118946e-01 2.468138370505234547e-01 2.081247155211652378e-01 5.203686845698679564e-01 2.469276285844333035e-02 0.000000000000000000e+00
4.875000000000000000e+04 1.949976777874293798e-01 2.456759217114246607e-01 2.114246700045516736e-01 5.227583067819754348e-01 2.014110150204824826e-02 0.000000000000000000e+00
4.900000000000000000e+04 1.959976658786470871e-01 2.506827492034592875e-01 2.081247155211652378e-01 5.188893946290396020e-01 2.230314064633591095e-02 0.000000000000000000e+00
4.925000000000000000e+04 1.969976539698645723e-01 2.565999089667728716e-01 2.038006372325898985e-01 5.199135184342285054e-01 1.968593536640873831e-02 0.000000000000000000e+00
4.950000000000000000e+04 1.979976420610822796e-01 2.601274465179790885e-01 2.033454710969503920e-01 5.143377332726445372e-01 2.218934911242603433e-02 0.000000000000000000e+00
4.975000000000000000e+04 1.989976301522997648e-01 2.484069185252617273e-01 2.084660901228948537e-01 5.216203914428766408e-01 2.150659990896677115e-02 0.000000000000000000e+00
5.000000000000000000e+04 1.999976182435174721e-01 2.316795630405097950e-01 2.387346381429221731e-01 5.073964497041419941e-01 2.218934911242603433e-02 0.000000000000000000e+00
5.025000000000000000e+04 2.009976063347349573e-01 2.266727355484751960e-01 2.420345926263086089e-01 5.130860263996358528e-01 1.820664542558033533e-02 0.000000000000000000e+00
5.050000000000000000e+04 2.019975944259526646e-01 2.220072826581702408e-01 2.459035047792444140e-01 5.161583978152025631e-01 1.593081474738279601e-02 0.000000000000000000e+00
5.075000000000000000e+04 2.029975825171701498e-01 2.251934456076467861e-01 2.436276741010468816e-01 5.150204824761037692e-01 1.615839781520254925e-02 0.000000000000000000e+00
5.100000000000000000e+04 2.039975706083876350e-01 2.242831133363677731e-01 2.449931725079654010e-01 5.153618570778334407e-01 1.536185707783340945e-02 0.000000000000000000e+00
5.125000000000000000e+04 2.049975586996053423e-01 2.280382339553937154e-01 2.436276741010468816e-01 5.141101502048247562e-01 1.422394173873463806e-02 0.000000000000000000e+00
5.150000000000000000e+04 2.059975467908228275e-01 2.276968593536640995e-01 2.418070095584888557e-01 5.143377332726445372e-01 1.615839781520254925e-02 0.000000000000000000e+00
5.175000000000000000e+04 2.069975348820405348e-01 2.264451524806554428e-01 2.430587164314974846e-01 5.143377332726445372e-01 1.615839781520254925e-02 0.000000000000000000e+00
5.200000000000000000e+04 2.079975229732580200e-01 2.276968593536640995e-01 2.391898042785616796e-01 5.163859808830223441e-01 1.672735548475193582e-02 0.000000000000000000e+00
5.225000000000000000e+04 2.089975110644757272e-01 2.220072826581702408e-01 2.431725079654073751e-01 5.175238962221210270e-01 1.729631315430131891e-02 0.000000000000000000e+00
5.250000000000000000e+04 2.099974991556932125e-01 2.283796085571233592e-01 2.430587164314974846e-01 5.119481110605370588e-01 1.661356395084205573e-02 0.000000000000000000e+00
5.275000000000000000e+04 2.109974872469109197e-01 2.317933545744196577e-01 2.381656804733727761e-01 5.122894856622667303e-01 1.775147928994082885e-02 0.000000000000000000e+00
5.300000000000000000e+04 2.119974753381284049e-01 2.385070550751024199e-01 2.292899408284023721e-01 5.146791078743740977e-01 1.752389622212107562e-02 0.000000000000000000e+00
5.325000000000000000e+04 2.129974634293461122e-01 2.386208466090122826e-01 2.303140646335912478e-01 5.141101502048247562e-01 1.695493855257168905e-02 0.000000000000000000e+00
5.350000000000000000e+04 2.139974515205635974e-01 2.323623122439690547e-01 2.243969048702776636e-01 5.250341374601729116e-01 1.820664542558033533e-02 0.000000000000000000e+00
5.375000000000000000e+04 2.149974396117813047e-01 2.443104233045061413e-01 2.237141556668183762e-01 5.182066454255803700e-01 1.376877560309512985e-02 0.000000000000000000e+00
5.400000000000000000e+04 2.159974277029987899e-01 2.383932635411925294e-01 2.230314064633591165e-01 5.235548475193445572e-01 1.502048247610377786e-02 0.000000000000000000e+00
5.425000000000000000e+04 2.169974157942162751e-01 2.350933090578060936e-01 2.267865270823850588e-01 5.200273099681383959e-01 1.809285389167045871e-02 0.000000000000000000e+00
5.450000000000000000e+04 2.179974038854339824e-01 2.408966772872098427e-01 2.247382794720072796e-01 5.188893946290396020e-01 1.547564861174328607e-02 0.000000000000000000e+00
5.475000000000000000e+04 2.189973919766514676e-01 2.404415111515703363e-01 2.267865270823850588e-01 5.176376877560309175e-01 1.513427401001365448e-02 0.000000000000000000e+00
5.500000000000000000e+04 2.199973800678691749e-01 2.487482931269913433e-01 2.207555757851615841e-01 5.136549840691853053e-01 1.684114701866181243e-02 0.000000000000000000e+00
5.525000000000000000e+04 2.209973681590866601e-01 2.464724624487938109e-01 2.184797451069640517e-01 5.186618115612198210e-01 1.638598088302230249e-02 0.000000000000000000e+00
5.550000000000000000e+04 2.219973562503043674e-01 2.502275830678197810e-01 2.195038689121529274e-01 5.122894856622667303e-01 1.797906235776058209e-02 0.000000000000000000e+00
5.575000000000000000e+04 2.229973443415218526e-01 2.468138370505234547e-01 2.237141556668183762e-01 5.130860263996358528e-01 1.638598088302230249e-02 0.000000000000000000e+00
5.600000000000000000e+04 2.239973324327395598e-01 2.436276741010468816e-01 2.185935366408739144e-01 5.195721438324988339e-01 1.820664542558033533e-02 0.000000000000000000e+00
5.625000000000000000e+04 2.249973205239570451e-01 2.495448338643604935e-01 2.066454255803368278e-01 5.257168866636322546e-01 1.809285389167045871e-02 0.000000000000000000e+00
5.650000000000000000e+04 2.259973086151747523e-01 2.456759217114246607e-01 2.049385525716886647e-01 5.341374601729631522e-01 1.524806554392353283e-02 0.000000000000000000e+00
5.675000000000000000e+04 2.269972967063922376e-01 2.344105598543468338e-01 2.025489303595812418e-01 5.467683204369594430e-01 1.627218934911242587e-02 0.000000000000000000e+00
