# itime ezz other fcc hcp bcc ico
0.000000000000000000e+00 0.000000000000000000e+00 3.413746017296313199e-04 9.995448338643604380e-01 0.000000000000000000e+00 1.137915339098771066e-04 0.000000000000000000e+00
2.500000000000000000e+02 9.999588307680884469e-04 2.958579881656804664e-03 9.970414201183431802e-01 0.000000000000000000e+00 0.000000000000000000e+00 0.000000000000000000e+00
5.000000000000000000e+02 1.999917661536176894e-03 4.551661356395084266e-04 9.994310423304506585e-01 0.000000000000000000e+00 1.137915339098771066e-04 0.000000000000000000e+00
7.500000000000000000e+02 2.999876492304265341e-03 2.275830678197542133e-04 9.997724169321802190e-01 0.000000000000000000e+00 0.000000000000000000e+00 0.000000000000000000e+00
1.000000000000000000e+03 3.999835323072353788e-03 4.551661356395084266e-04 9.995448338643604380e-01 0.000000000000000000e+00 0.000000000000000000e+00 0.000000000000000000e+00
1.250000000000000000e+03 4.999794153840220190e-03 7.965407373691396923e-04 9.992034592626308775e-01 0.000000000000000000e+00 0.000000000000000000e+00 0.000000000000000000e+00
1.500000000000000000e+03 5.999752984608308637e-03 1.479289940828402332e-03 9.985207100591716456e-01 0.000000000000000000e+00 0.000000000000000000e+00 0.000000000000000000e+00
1.750000000000000000e+03 6.999711815376397084e-03 1.934456076467910759e-03 9.979517523896221931e-01 0.000000000000000000e+00 1.137915339098771066e-04 0.000000000000000000e+00
2.000000000000000000e+03 7.999670646144485531e-03 4.551661356395084266e-04 9.995448338643604380e-01 0.000000000000000000e+00 0.000000000000000000e+00 0.000000000000000000e+00
2.250000000000000000e+03 8.999629476912573978e-03 2.275830678197541916e-03 9.977241693218024121e-01 0.000000000000000000e+00 0.000000000000000000e+00 0.000000000000000000e+00
2.500000000000000000e+03 9.999588307680662425e-03 7.965407373691396923e-04 9.992034592626308775e-01 0.000000000000000000e+00 0.000000000000000000e+00 0.000000000000000000e+00
2.750000000000000000e+03 1.099954713844875087e-02 2.844788347746927612e-03 9.971552116522530707e-01 0.000000000000000000e+00 0.000000000000000000e+00 0.000000000000000000e+00
3.000000000000000000e+03 1.199950596921683932e-02 6.827492034592626399e-04 9.993172507965407680e-01 0.000000000000000000e+00 0.000000000000000000e+00 0.000000000000000000e+00
3.250000000000000000e+03 1.299946479998470572e-02 1.251706873008648227e-03 9.987482931269913156e-01 0.000000000000000000e+00 0.000000000000000000e+00 0.000000000000000000e+00
3.500000000000000000e+03 1.399942363075279417e-02 1.593081474738279385e-03 9.984069185252617551e-01 0.000000000000000000e+00 0.000000000000000000e+00 0.000000000000000000e+00
3.750000000000000000e+03 1.499938246152088261e-02 2.048247610377787811e-03 9.979517523896221931e-01 0.000000000000000000e+00 0.000000000000000000e+00 0.000000000000000000e+00
4.000000000000000000e+03 1.599934129228897106e-02 1.706873008648156654e-03 9.982931269913518646e-01 0.000000000000000000e+00 0.000000000000000000e+00 0.000000000000000000e+00
4.250000000000000000e+03 1.699930012305705951e-02 1.706873008648156654e-03 9.982931269913518646e-01 0.000000000000000000e+00 0.000000000000000000e+00 0.000000000000000000e+00
4.500000000000000000e+03 1.799925895382514796e-02 3.299954483386436255e-03 9.967000455166135087e-01 0.000000000000000000e+00 0.000000000000000000e+00 0.000000000000000000e+00
4.750000000000000000e+03 1.899921778459323640e-02 1.251706873008648227e-03 9.987482931269913156e-01 0.000000000000000000e+00 0.000000000000000000e+00 0.000000000000000000e+00
5.000000000000000000e+03 1.999917661536132485e-02 1.706873008648156654e-03 9.982931269913518646e-01 0.000000000000000000e+00 0.000000000000000000e+00 0.000000000000000000e+00
5.250000000000000000e+03 2.099913544612941330e-02 1.593081474738279385e-03 9.984069185252617551e-01 0.000000000000000000e+00 0.000000000000000000e+00 0.000000000000000000e+00
5.500000000000000000e+03 2.199909427689727970e-02 2.503413746017296455e-03 9.972690031861629611e-01 0.000000000000000000e+00 2.275830678197542133e-04 0.000000000000000000e+00
5.750000000000000000e+03 2.299905310766536815e-02 2.162039144287664864e-03 9.978379608557123026e-01 0.000000000000000000e+00 0.000000000000000000e+00 0.000000000000000000e+00
6.000000000000000000e+03 2.399901193843345659e-02 1.251706873008648227e-03 9.987482931269913156e-01 0.000000000000000000e+00 0.000000000000000000e+00 0.000000000000000000e+00
6.250000000000000000e+03 2.499897076920154504e-02 3.413746017296313308e-03 9.965862539827037292e-01 0.000000000000000000e+00 0.000000000000000000e+00 0.000000000000000000e+00
6.500000000000000000e+03 2.599892959996963349e-02 2.617205279927173507e-03 9.973827947200728516e-01 0.000000000000000000e+00 0.000000000000000000e+00 0.000000000000000000e+00
6.750000000000000000e+03 2.699888843073772193e-02 1.593081474738279385e-03 9.984069185252617551e-01 0.000000000000000000e+00 0.000000000000000000e+00 0.000000000000000000e+00
7.000000000000000000e+03 2.799884726150581038e-02 3.641329085116067413e-03 9.963586709148839482e-01 0.000000000000000000e+00 0.000000000000000000e+00 0.000000000000000000e+00
7.250000000000000000e+03 2.899880609227389883e-02 5.006827492034592909e-03 9.948793809740554828e-01 0.000000000000000000e+00 1.137915339098771066e-04 0.000000000000000000e+00
7.500000000000000000e+03 2.999876492304198727e-02 5.803368229403732710e-03 9.939690487027764698e-01 0.000000000000000000e+00 2.275830678197542133e-04 0.000000000000000000e+00
7.750000000000000000e+03 3.099872375380985368e-02 3.299954483386436255e-03 9.965862539827037292e-01 0.000000000000000000e+00 1.137915339098771066e-04 0.000000000000000000e+00
8.000000000000000000e+03 3.199868258457794212e-02 5.575785161583977738e-03 9.943104233045061413e-01 0.000000000000000000e+00 1.137915339098771066e-04 0.000000000000000000e+00
8.250000000000000000e+03 3.299864141534603057e-02 3.755120619025944465e-03 9.962448793809740577e-01 0.000000000000000000e+00 0.000000000000000000e+00 0.000000000000000000e+00
8.500000000000000000e+03 3.399860024611411902e-02 3.299954483386436255e-03 9.965862539827037292e-01 0.000000000000000000e+00 1.137915339098771066e-04 0.000000000000000000e+00
8.750000000000000000e+03 3.499855907688220746e-02 2.617205279927173507e-03 9.971552116522530707e-01 0.000000000000000000e+00 2.275830678197542133e-04 0.000000000000000000e+00
9.000000000000000000e+03 3.599851790765029591e-02 6.372325898953117539e-03 9.935138825671370189e-01 0.000000000000000000e+00 1.137915339098771066e-04 0.000000000000000000e+00
9.250000000000000000e+03 3.699847673841838436e-02 5.917159763313609329e-03 9.939690487027764698e-01 0.000000000000000000e+00 1.137915339098771066e-04 0.000000000000000000e+00
9.500000000000000000e+03 3.799843556918647280e-02 6.486117432862995025e-03 9.935138825671370189e-01 0.000000000000000000e+00 0.000000000000000000e+00 0.000000000000000000e+00
9.750000000000000000e+03 3.899839439995433921e-02 6.486117432862995025e-03 9.931725079654073474e-01 0.000000000000000000e+00 3.413746017296313199e-04 0.000000000000000000e+00
1.000000000000000000e+04 3.999835323072242765e-02 7.965407373691398007e-03 9.919208010923987739e-01 0.000000000000000000e+00 1.137915339098771066e-04 0.000000000000000000e+00
1.025000000000000000e+04 4.099831206149051610e-02 1.035502958579881741e-02 9.894173873463814051e-01 0.000000000000000000e+00 2.275830678197542133e-04 0.000000000000000000e+00
1.050000000000000000e+04 4.199827089225860455e-02 1.137915339098771045e-02 9.881656804733728316e-01 0.000000000000000000e+00 4.551661356395084266e-04 0.000000000000000000e+00
1.075000000000000000e+04 4.299822972302669299e-02 9.558488848429677609e-03 9.903277196176604180e-01 0.000000000000000000e+00 1.137915339098771066e-04 0.000000000000000000e+00
1.100000000000000000e+04 4.399818855379478144e-02 8.306781975421027864e-03 9.908966772872098705e-01 0.000000000000000000e+00 7.965407373691396923e-04 0.000000000000000000e+00
1.125000000000000000e+04 4.499814738456286989e-02 1.172052799271734204e-02 9.875967228038233792e-01 0.000000000000000000e+00 6.827492034592626399e-04 0.000000000000000000e+00
1.150000000000000000e+04 4.599810621533095834e-02 8.875739644970414427e-03 9.911242603550295405e-01 0.000000000000000000e+00 0.000000000000000000e+00 0.000000000000000000e+00
1.175000000000000000e+04 4.699806504609904678e-02 9.786071916249430847e-03 9.897587619481110766e-01 0.000000000000000000e+00 4.551661356395084266e-04 0.000000000000000000e+00
1.200000000000000000e+04 4.799802387686691318e-02 1.786527082385070547e-02 9.817933545744196300e-01 0.000000000000000000e+00 3.413746017296313199e-04 0.000000000000000000e+00
1.225000000000000000e+04 4.899798270763500163e-02 1.149294492489758707e-02 9.878243058716431602e-01 0.000000000000000000e+00 6.827492034592626399e-04 0.000000000000000000e+00
1.250000000000000000e+04 4.999794153840309008e-02 1.331360946745562164e-02 9.863450159308146947e-01 0.000000000000000000e+00 3.413746017296313199e-04 0.000000000000000000e+00
1.275000000000000000e+04 5.099790036917117853e-02 1.945835229858898507e-02 9.795175238962221531e-01 0.000000000000000000e+00 1.024123805188893906e-03 0.000000000000000000e+00
1.300000000000000000e+04 5.199785919993926697e-02 1.991351843422849502e-02 9.795175238962221531e-01 0.000000000000000000e+00 5.689576695493854790e-04 0.000000000000000000e+00
1.325000000000000000e+04 5.299781803070735542e-02 1.763768775603095224e-02 9.814519799726900695e-01 0.000000000000000000e+00 9.103322712790168532e-04 0.000000000000000000e+00
1.350000000000000000e+04 5.399777686147544387e-02 2.082385070550751144e-02 9.779244424214837972e-01 0.000000000000000000e+00 1.251706873008648227e-03 0.000000000000000000e+00
1.375000000000000000e+04 5.499773569224353231e-02 2.071005917159763482e-02 9.781520254893035782e-01 0.000000000000000000e+00 1.137915339098770958e-03 0.000000000000000000e+00
1.400000000000000000e+04 5.599769452301139872e-02 2.162039144287665124e-02 9.776968593536641272e-01 0.000000000000000000e+00 6.827492034592626399e-04 0.000000000000000000e+00
1.425000000000000000e+04 5.699765335377948716e-02 2.321347291761493084e-02 9.762175694128356618e-01 0.000000000000000000e+00 5.689576695493854790e-04 0.000000000000000000e+00
1.450000000000000000e+04 5.799761218454757561e-02 2.446517979062357712e-02 9.743969048702776359e-01 0.000000000000000000e+00 1.137915339098770958e-03 0.000000000000000000e+00
1.475000000000000000e+04 5.899757101531566406e-02 2.719617660446062984e-02 9.712107419208011461e-01 0.000000000000000000e+00 1.593081474738279385e-03 0.000000000000000000e+00
1.500000000000000000e+04 5.999752984608375250e-02 2.492034592626308706e-02 9.738279472007282944e-01 0.000000000000000000e+00 1.251706873008648227e-03 0.000000000000000000e+00
1.525000000000000000e+04 6.099748867685184095e-02 3.288575329995448160e-02 9.649522075557578349e-01 0.000000000000000000e+00 2.162039144287664864e-03 0.000000000000000000e+00
1.550000000000000000e+04 6.199744750761992940e-02 3.299954483386435822e-02 9.658625398270368478e-01 0.000000000000000000e+00 1.137915339098770958e-03 0.000000000000000000e+00
1.575000000000000000e+04 6.299740633838801784e-02 2.730996813837050646e-02 9.712107419208011461e-01 0.000000000000000000e+00 1.479289940828402332e-03 0.000000000000000000e+00
1.600000000000000000e+04 6.399736516915610629e-02 4.176149294492489950e-02 9.557350933090578149e-01 0.000000000000000000e+00 2.503413746017296455e-03 0.000000000000000000e+00
1.625000000000000000e+04 6.499732399992397269e-02 3.812016385980882688e-02 9.598315885298134287e-01 0.000000000000000000e+00 2.048247610377787811e-03 0.000000000000000000e+00
1.650000000000000000e+04 6.599728283069206114e-02 4.130632680928538608e-02 9.555075102412380339e-01 0.000000000000000000e+00 3.186162949476558769e-03 0.000000000000000000e+00
1.675000000000000000e+04 6.699724166146014959e-02 4.358215748748293233e-02 9.536868456986800080e-01 0.000000000000000000e+00 2.730996813837050560e-03 0.000000000000000000e+00
1.700000000000000000e+04 6.799720049222823803e-02 3.800637232589895026e-02 9.602867546654528796e-01 0.000000000000000000e+00 1.706873008648156654e-03 0.000000000000000000e+00
1.725000000000000000e+04 6.899715932299632648e-02 4.119253527537550946e-02 9.568730086481566088e-01 0.000000000000000000e+00 1.934456076467910759e-03 0.000000000000000000e+00
1.750000000000000000e+04 6.999711815376441493e-02 4.278561675011378906e-02 9.530040964952207760e-01 0.000000000000000000e+00 4.210286754665453109e-03 0.000000000000000000e+00
1.775000000000000000e+04 7.099707698453250337e-02 4.699590350477924477e-02 9.502730996813837372e-01 0.000000000000000000e+00 2.730996813837050560e-03 0.000000000000000000e+00
1.800000000000000000e+04 7.199703581530059182e-02 6.281292671825215723e-02 9.310423304506144637e-01 0.000000000000000000e+00 6.144742831133363434e-03 0.000000000000000000e+00
1.825000000000000000e+04 7.299699464606845822e-02 5.723714155666818210e-02 9.382111970869366768e-01 0.000000000000000000e+00 4.551661356395083832e-03 0.000000000000000000e+00
1.850000000000000000e+04 7.399695347683654667e-02 7.305416477014110843e-02 9.208010923987255403e-01 0.000000000000000000e+00 6.144742831133363434e-03 0.000000000000000000e+00
1.875000000000000000e+04 7.499691230760463512e-02 7.851615839781520001e-02 9.151115157032316816e-01 0.000000000000000000e+00 6.372325898953117539e-03 0.000000000000000000e+00
1.900000000000000000e+04 7.599687113837272356e-02 9.922621756941284177e-02 8.897360036413290985e-01 0.000000000000000000e+00 1.103777878925807886e-02 0.000000000000000000e+00
1.925000000000000000e+04 7.699682996914081201e-02 8.579881656804733137e-02 9.077150659990896875e-01 0.000000000000000000e+00 6.486117432862995025e-03 0.000000000000000000e+00
1.950000000000000000e+04 7.799678879990890046e-02 8.249886208466089554e-02 9.057806099226217711e-01 0.000000000000000000e+00 1.172052799271734204e-02 0.000000000000000000e+00
1.975000000000000000e+04 7.899674763067698890e-02 1.178880291306326766e-01 8.660673645880746507e-01 0.000000000000000000e+00 1.604460628129267263e-02 0.000000000000000000e+00
2.000000000000000000e+04 7.999670646144507735e-02 1.192535275375512099e-01 8.611743286299499145e-01 0.000000000000000000e+00 1.957214383249886169e-02 0.000000000000000000e+00
2.025000000000000000e+04 8.099666529221316580e-02 1.243741465634956717e-01 8.559399180700956178e-01 0.000000000000000000e+00 1.968593536640873831e-02 0.000000000000000000e+00
2.050000000000000000e+04 8.199662412298103220e-02 1.619253527537551085e-01 8.075785161583978189e-01 2.275830678197542133e-04 3.026854802002730896e-02 0.000000000000000000e+00
2.075000000000000000e+04 8.299658295374912065e-02 1.726217569412835662e-01 7.754893035958124736e-01 3.413746017296313199e-04 5.154756486117433034e-02 0.000000000000000000e+00
2.100000000000000000e+04 8.399654178451720909e-02 2.040282203004096517e-01 6.929904415111515226e-01 6.827492034592626399e-04 1.022985889849795244e-01 0.000000000000000000e+00
2.125000000000000000e+04 8.499650061528529754e-02 2.348657259899863403e-01 6.099226217569412301e-01 3.072371415566681717e-03 1.521392808375056915e-01 0.000000000000000000e+00
2.150000000000000000e+04 8.599645944605338599e-02 2.504551661356395065e-01 5.405097860719162428e-01 1.877560309512972189e-02 1.902594446973145115e-01 0.000000000000000000e+00
2.175000000000000000e+04 8.699641827682147444e-02 2.738962221210741732e-01 4.978379608557123581e-01 4.312699135184342586e-02 1.851388256713700498e-01 0.000000000000000000e+00
2.200000000000000000e+04 8.799637710758956288e-02 2.460172963131543045e-01 5.055757851615839682e-01 1.075329995448338627e-01 1.408739189804278646e-01 0.000000000000000000e+00
2.225000000000000000e+04 8.899633593835765133e-02 2.078971324533454845e-01 5.340236686390532617e-01 1.569185252617205373e-01 1.011606736458807443e-01 0.000000000000000000e+00
2.250000000000000000e+04 8.999629476912573978e-02 1.686390532544378706e-01 5.409649522075558048e-01 2.261037778789257990e-01 6.429221665908056715e-02 0.000000000000000000e+00
2.275000000000000000e+04 9.099625359989360618e-02 1.424670004551661373e-01 5.535958124715520956e-01 2.643377332726445372e-01 3.959945380063722986e-02 0.000000000000000000e+00
2.300000000000000000e+04 9.199621243066169463e-02 1.294947655894401473e-01 5.523441055985435222e-01 2.966545289030496080e-01 2.150659990896677115e-02 0.000000000000000000e+00
2.325000000000000000e+04 9.299617126142978307e-02 1.226672735548475224e-01 5.319754210286754548e-01 3.199817933545744397e-01 2.537551206190259354e-02 0.000000000000000000e+00
2.350000000000000000e+04 9.399613009219787152e-02 1.062812926718252199e-01 5.229858898497952158e-01 3.488848429676831842e-01 2.184797451069640448e-02 0.000000000000000000e+00
2.375000000000000000e+04 9.499608892296595997e-02 9.934000910332271839e-02 5.283340919435594030e-01 3.486572598998634587e-01 2.366863905325443732e-02 0.000000000000000000e+00
2.400000000000000000e+04 9.599604775373404841e-02 1.128812016385980915e-01 5.200273099681383959e-01 3.469503868912152678e-01 2.014110150204824826e-02 0.000000000000000000e+00
2.425000000000000000e+04 9.699600658450213686e-02 1.103777878925807920e-01 5.245789713245334607e-01 3.433090578060992160e-01 2.173418297678652786e-02 0.000000000000000000e+00
2.450000000000000000e+04 9.799596541527022531e-02 1.018434228493400040e-01 5.301547564861174289e-01 3.447883477469276259e-01 2.321347291761493084e-02 0.000000000000000000e+00
2.475000000000000000e+04 9.899592424603809171e-02 1.160673645880746507e-01 5.203686845698679564e-01 3.486572598998634587e-01 1.490669094219390124e-02 0.000000000000000000e+00
2.500000000000000000e+04 9.999588307680618016e-02 1.191397360036413333e-01 5.161583978152025631e-01 3.453573054164770229e-01 1.934456076467910846e-02 0.000000000000000000e+00
2.525000000000000000e+04 1.009958419075742686e-01 1.083295402822029990e-01 5.260582612653618151e-01 3.492262175694128556e-01 1.638598088302230249e-02 0.000000000000000000e+00
2.550000000000000000e+04 1.019958007383423571e-01 1.296085571233500100e-01 5.089895311788802390e-01 3.422849340009103125e-01 1.911697769685935522e-02 0.000000000000000000e+00
2.575000000000000000e+04 1.029957595691104455e-01 1.207328174783796060e-01 5.116067364588074984e-01 3.477469276285844457e-01 1.991351843422849502e-02 0.000000000000000000e+00
2.600000000000000000e+04 1.039957183998785339e-01 1.209604005461993592e-01 5.146791078743740977e-01 3.452435138825671324e-01 1.911697769685935522e-02 0.000000000000000000e+00
2.625000000000000000e+04 1.049956772306466224e-01 1.286982248520709970e-01 5.086481565771506785e-01 3.453573054164770229e-01 1.729631315430131891e-02 0.000000000000000000e+00
2.650000000000000000e+04 1.059956360614147108e-01 1.290395994538006408e-01 5.100136549840691425e-01 3.437642239417387224e-01 1.718252162039144229e-02 0.000000000000000000e+00
2.675000000000000000e+04 1.069955948921827993e-01 1.355257168866636219e-01 5.043240782885752838e-01 3.406918525261720676e-01 1.945835229858898507e-02 0.000000000000000000e+00
2.700000000000000000e+04 1.079955537229506657e-01 1.446290395994538069e-01 4.930587164314975124e-01 3.434228493400091065e-01 1.888939462903959851e-02 0.000000000000000000e+00
2.725000000000000000e+04 1.089955125537187541e-01 1.310878470641784199e-01 5.019344560764679164e-01 3.395539371870732737e-01 2.742375967228038308e-02 0.000000000000000000e+00
2.750000000000000000e+04 1.099954713844868426e-01 1.412152935821574806e-01 4.931725079654073474e-01 3.377332726445152478e-01 2.787892580791988956e-02 0.000000000000000000e+00
2.775000000000000000e+04 1.109954302152549310e-01 1.522530723714155543e-01 4.850933090578061213e-01 3.400091033227127801e-01 2.264451524806554428e-02 0.000000000000000000e+00
2.800000000000000000e+04 1.119953890460230195e-01 1.587391898042785632e-01 4.766727355484751683e-01 3.343195266272189214e-01 3.026854802002730896e-02 0.000000000000000000e+00
2.825000000000000000e+04 1.129953478767911079e-01 1.753527537551206328e-01 4.663177059626763543e-01 3.293126991351843502e-01 2.901684114701866268e-02 0.000000000000000000e+00
2.850000000000000000e+04 1.139953067075591964e-01 1.853664087391898030e-01 4.376422394173873354e-01 3.264679107874374209e-01 5.052344105598543383e-02 0.000000000000000000e+00
2.875000000000000000e+04 1.149952655383272848e-01 2.007282658170232159e-01 4.099908966772872199e-01 3.141784251251706905e-01 7.510241238051888757e-02 0.000000000000000000e+00
2.900000000000000000e+04 1.159952243690951512e-01 2.111970869367319203e-01 3.914428766499772339e-01 3.053026854802002865e-01 9.205735093309057315e-02 0.000000000000000000e+00
2.925000000000000000e+04 1.169951831998632397e-01 2.139280837505689592e-01 3.800637232589895165e-01 2.910787437414656398e-01 1.149294492489758707e-01 0.000000000000000000e+00
2.950000000000000000e+04 1.179951420306313281e-01 2.379380974055530229e-01 3.549157942649067143e-01 2.754893035958124736e-01 1.316568047337278169e-01 0.000000000000000000e+00
2.975000000000000000e+04 1.189951008613994166e-01 2.453345471096950448e-01 3.314747382794719921e-01 2.678652708238506985e-01 1.553254437869822369e-01 0.000000000000000000e+00
3.000000000000000000e+04 1.199950596921675050e-01 2.736686390532544477e-01 3.057578516158397930e-01 2.664997724169321791e-01 1.540737369139736079e-01 0.000000000000000000e+00
3.025000000000000000e+04 1.209950185229355935e-01 2.768548020027309930e-01 2.996131087847064278e-01 2.657032316795630567e-01 1.578288575329995502e-01 0.000000000000000000e+00
3.050000000000000000e+04 1.219949773537036819e-01 2.667273554847519601e-01 2.832271279016841392e-01 2.832271279016841392e-01 1.668183887118798447e-01 0.000000000000000000e+00
3.075000000000000000e+04 1.229949361844717703e-01 2.736686390532544477e-01 2.629722348657259623e-01 2.928994082840236657e-01 1.704597177969958965e-01 0.000000000000000000e+00
3.100000000000000000e+04 1.239948950152398588e-01 2.576240327719617751e-01 2.464724624487938109e-01 3.400091033227127801e-01 1.558944014565316338e-01 0.000000000000000000e+00
3.125000000000000000e+04 1.249948538460077252e-01 2.678652708238506985e-01 2.421483841602184717e-01 3.504779244424214846e-01 1.395084205735093175e-01 0.000000000000000000e+00
3.150000000000000000e+04 1.259948126767758136e-01 2.661583978152025631e-01 2.397587619481110488e-01 3.486572598998634587e-01 1.454255803368229294e-01 0.000000000000000000e+00
3.175000000000000000e+04 1.269947715075439021e-01 2.621756941283568398e-01 2.344105598543468338e-01 3.668639053254437732e-01 1.365498406918525254e-01 0.000000000000000000e+00
3.200000000000000000e+04 1.279947303383119905e-01 2.543240782885753393e-01 2.356622667273554905e-01 3.654984069185252538e-01 1.445152480655439164e-01 0.000000000000000000e+00
3.225000000000000000e+04 1.289946891690800790e-01 2.789030496131087999e-01 2.275830678197542090e-01 3.520710059171597850e-01 1.414428766499772339e-01 0.000000000000000000e+00
3.250000000000000000e+04 1.299946479998481674e-01 2.702548930359581214e-01 2.273554847519344557e-01 3.667501137915338827e-01 1.356395084205735124e-01 0.000000000000000000e+00
3.275000000000000000e+04 1.309946068306162559e-01 2.806099226217569353e-01 2.184797451069640517e-01 3.568502503413745752e-01 1.440600819299044100e-01 0.000000000000000000e+00
3.300000000000000000e+04 1.319945656613843443e-01 2.806099226217569353e-01 2.068730086481565811e-01 3.625398270368684339e-01 1.499772416932180219e-01 0.000000000000000000e+00
3.325000000000000000e+04 1.329945244921524328e-01 2.910787437414656398e-01 2.117660446062812896e-01 3.519572143832498945e-01 1.451979972690031762e-01 0.000000000000000000e+00
3.350000000000000000e+04 1.339944833229202992e-01 2.834547109695038647e-01 2.015248065543923661e-01 3.582157487482931502e-01 1.568047337278106468e-01 0.000000000000000000e+00
3.375000000000000000e+04 1.349944421536883876e-01 2.844788347746927681e-01 1.998179335457442030e-01 3.516158397815202785e-01 1.640873918980427781e-01 0.000000000000000000e+00
3.400000000000000000e+04 1.359944009844564761e-01 3.062130177514792995e-01 1.733045061447428259e-01 3.351160673645880994e-01 1.853664087391898030e-01 0.000000000000000000e+00
3.425000000000000000e+04 1.369943598152245645e-01 3.009786071916249472e-01 1.678425125170687204e-01 3.377332726445152478e-01 1.934456076467910846e-01 0.000000000000000000e+00
3.450000000000000000e+04 1.379943186459926530e-01 3.093991807009558448e-01 1.569185252617205373e-01 3.318161128812016636e-01 2.018661811561219821e-01 0.000000000000000000e+00
3.475000000000000000e+04 1.389942774767607414e-01 3.107646791078743642e-01 1.257396449704142050e-01 3.278334091943559403e-01 2.356622667273554905e-01 0.000000000000000000e+00
3.500000000000000000e+04 1.399942363075288299e-01 3.078060992262175444e-01 1.249431042330450548e-01 3.238507055075102170e-01 2.434000910332271284e-01 0.000000000000000000e+00
3.525000000000000000e+04 1.409941951382969183e-01 3.150887573964497035e-01 1.119708693673190647e-01 3.279472007282658308e-01 2.449931725079654010e-01 0.000000000000000000e+00
3.550000000000000000e+04 1.419941539690647847e-01 3.088302230314064478e-01 1.033227127901684139e-01 3.459262630860264198e-01 2.419208010923987184e-01 0.000000000000000000e+00
3.575000000000000000e+04 1.429941127998328732e-01 3.125853436504323901e-01 9.012289485662267063e-02 3.460400546199362548e-01 2.512517068730086289e-01 0.000000000000000000e+00
3.600000000000000000e+04 1.439940716306009616e-01 2.941511151570322946e-01 8.705052344105598805e-02 3.451297223486572419e-01 2.736686390532544477e-01 0.000000000000000000e+00
3.625000000000000000e+04 1.449940304613690500e-01 3.038233955393718766e-01 6.873008648156576916e-02 3.660673645880746507e-01 2.613791533909877174e-01 0.000000000000000000e+00
3.650000000000000000e+04 1.459939892921371385e-01 2.781065088757396220e-01 6.986800182066454923e-02 4.221665908056440597e-01 2.298588984979517413e-01 0.000000000000000000e+00
3.675000000000000000e+04 1.469939481229052269e-01 2.754893035958124736e-01 7.487482931269913433e-02 4.571005917159763343e-01 1.925352753755120716e-01 0.000000000000000000e+00
3.700000000000000000e+04 1.479939069536733154e-01 2.622894856622667303e-01 7.339553937187073829e-02 4.695038689121529552e-01 1.948111060537096040e-01 0.000000000000000000e+00
3.725000000000000000e+04 1.489938657844414038e-01 2.676376877560309731e-01 7.157487482931269851e-02 4.842967683204369433e-01 1.764906690942193990e-01 0.000000000000000000e+00
3.750000000000000000e+04 1.499938246152094923e-01 2.671825216203914666e-01 7.464724624487938109e-02 4.887346381429221731e-01 1.694355939918070209e-01 0.000000000000000000e+00
3.775000000000000000e+04 1.509937834459773587e-01 2.705962676376877374e-01 7.123350022758306865e-02 4.982931269913518646e-01 1.598771051433773294e-01 0.000000000000000000e+00
3.800000000000000000e+04 1.519937422767454471e-01 2.782203004096495125e-01 6.873008648156576916e-02 5.050068274920346267e-01 1.480427856167501055e-01 0.000000000000000000e+00
3.825000000000000000e+04 1.529937011075135356e-01 2.677514792899408080e-01 7.373691397360036814e-02 5.276513427401001710e-01 1.308602639963586667e-01 0.000000000000000000e+00
3.850000000000000000e+04 1.539936599382816240e-01 2.552344105598543522e-01 7.521620391442876419e-02 5.407373691397360238e-01 1.288120163859808875e-01 0.000000000000000000e+00
3.875000000000000000e+04 1.549936187690497125e-01 2.571688666363222686e-01 7.760582612653618706e-02 5.410787437414655843e-01 1.241465634956759184e-01 0.000000000000000000e+00
3.900000000000000000e+04 1.559935775998178009e-01 2.555757851615839682e-01 7.624032771961765376e-02 5.464269458352298825e-01 1.217569412835685094e-01 0.000000000000000000e+00
3.925000000000000000e+04 1.569935364305858894e-01 2.527309968138370389e-01 7.874374146563495325e-02 5.541647701411015481e-01 1.143604915794264876e-01 0.000000000000000000e+00
3.950000000000000000e+04 1.579934952613539778e-01 2.523896222121074229e-01 8.522985889849794827e-02 5.562130177514792440e-01 1.061675011379153433e-01 0.000000000000000000e+00
3.975000000000000000e+04 1.589934540921218442e-01 2.539827036868457233e-01 8.648156577150660496e-02 5.567819754210286964e-01 1.027537551206190308e-01 0.000000000000000000e+00
4.000000000000000000e+04 1.599934129228899327e-01 2.467000455166135642e-01 8.420573509330905870e-02 5.659990896677287164e-01 1.030951297223486607e-01 0.000000000000000000e+00
4.025000000000000000e+04 1.609933717536580211e-01 2.591033227127901850e-01 8.739189804278561791e-02 5.657715065999089354e-01 8.773327264451524776e-02 0.000000000000000000e+00
4.050000000000000000e+04 1.619933305844261096e-01 2.531861629494765453e-01 8.750568957669549452e-02 5.664542558033682784e-01 9.285389167045972336e-02 0.000000000000000000e+00
4.075000000000000000e+04 1.629932894151941980e-01 2.488620846609012338e-01 8.739189804278561791e-02 5.706645425580336717e-01 9.308147473827947660e-02 0.000000000000000000e+00
4.100000000000000000e+04 1.639932482459622864e-01 2.432862994993172379e-01 8.750568957669549452e-02 5.746472462448793950e-01 9.456076467910787264e-02 0.000000000000000000e+00
4.125000000000000000e+04 1.649932070767303749e-01 2.498862084660901095e-01 8.545744196631770151e-02 5.778334091943558848e-01 8.682294037323623481e-02 0.000000000000000000e+00
4.150000000000000000e+04 1.659931659074984633e-01 2.479517523896222209e-01 8.636777423759672834e-02 5.830678197542102925e-01 8.261265361857077216e-02 0.000000000000000000e+00
4.175000000000000000e+04 1.669931247382665518e-01 2.564861174328629811e-01 8.602639963586708460e-02 5.811333636777423761e-01 7.635411925352754425e-02 0.000000000000000000e+00
4.200000000000000000e+04 1.679930835690344182e-01 2.504551661356395065e-01 8.909877105143376719e-02 5.879608557123350288e-01 7.248520710059171146e-02 0.000000000000000000e+00
4.225000000000000000e+04 1.689930423998025066e-01 2.437414656349567721e-01 8.921256258534364381e-02 5.896677287209831642e-01 7.737824305871643382e-02 0.000000000000000000e+00
4.250000000000000000e+04 1.699930012305705951e-01 2.497724169321802468e-01 8.852981338188438409e-02 5.947883477469276814e-01 6.690942193900774326e-02 0.000000000000000000e+00
4.275000000000000000e+04 1.709929600613386835e-01 2.521620391442876419e-01 8.511606736458807165e-02 5.923987255348202030e-01 7.032316795630405570e-02 0.000000000000000000e+00
4.300000000000000000e+04 1.719929188921067720e-01 2.438552571688666348e-01 8.067819754210286964e-02 6.067364588074647402e-01 6.873008648156576916e-02 0.000000000000000000e+00
4.325000000000000000e+04 1.729928777228748604e-01 2.467000455166135642e-01 8.147473827947200598e-02 6.057123350022758368e-01 6.611288120163859305e-02 0.000000000000000000e+00
4.350000000000000000e+04 1.739928365536429489e-01 2.388484296768320359e-01 8.545744196631770151e-02 6.071916249431041912e-01 6.850250341374601593e-02 0.000000000000000000e+00
4.375000000000000000e+04 1.749927953844110373e-01 2.469276285844333174e-01 7.919890760127445972e-02 5.979745106964041712e-01 7.589895311788802390e-02 0.000000000000000000e+00
4.400000000000000000e+04 1.759927542151791258e-01 2.490896677287209870e-01 8.318161128812016913e-02 6.084433318161128756e-01 5.928538916704597511e-02 0.000000000000000000e+00
4.425000000000000000e+04 1.769927130459469922e-01 2.548930359581247362e-01 8.045061447428311641e-02 6.065088757396449592e-01 5.814747382794720199e-02 0.000000000000000000e+00
4.450000000000000000e+04 1.779926718767150806e-01 2.420345926263086089e-01 7.908511606736458310e-02 6.124260355029585989e-01 6.645425580336822291e-02 0.000000000000000000e+00
4.475000000000000000e+04 1.789926307074831691e-01 2.422621756941283622e-01 7.498862084660901095e-02 6.222121074192079604e-01 6.053709604005461792e-02 0.000000000000000000e+00
4.500000000000000000e+04 1.799925895382512575e-01 2.349795175238962308e-01 7.646791078743742087e-02 6.339326354119253493e-01 5.461993627674101293e-02 0.000000000000000000e+00
4.525000000000000000e+04 1.809925483690193460e-01 2.422621756941283622e-01 7.669549385525717411e-02 6.389394629039599760e-01 4.210286754665452935e-02 0.000000000000000000e+00
4.550000000000000000e+04 1.819925071997874344e-01 2.401001365498406925e-01 7.498862084660901095e-02 6.360946745562130467e-01 4.881656804733727761e-02 0.000000000000000000e+00
4.575000000000000000e+04 1.829924660305555228e-01 2.411242603550295960e-01 7.749203459262631044e-02 6.359808830223031562e-01 4.540282203004096517e-02 0.000000000000000000e+00
4.600000000000000000e+04 1.839924248613236113e-01 2.324761037778789174e-01 7.658170232134729749e-02 6.429221665908056993e-01 4.802002730996814128e-02 0.000000000000000000e+00
4.625000000000000000e+04 1.849923836920914777e-01 2.404415111515703363e-01 7.749203459262631044e-02 6.367774237596722786e-01 4.528903049613108855e-02 0.000000000000000000e+00
4.650000000000000000e+04 1.859923425228595661e-01 2.373691397360036537e-01 7.532999544833864081e-02 6.390532544378698665e-01 4.824761037778789452e-02 0.000000000000000000e+00
4.675000000000000000e+04 1.869923013536276546e-01 2.413518434228493492e-01 7.715065999089668058e-02 6.347291761492944717e-01 4.676832043695949154e-02 0.000000000000000000e+00
4.700000000000000000e+04 1.879922601843957430e-01 2.388484296768320359e-01 7.498862084660901095e-02 6.380291306326809631e-01 4.813381884387801790e-02 0.000000000000000000e+00
4.725000000000000000e+04 1.889922190151638315e-01 2.395311788802912956e-01 7.817478379608557015e-02 6.406463359126081114e-01 4.164770141101502288e-02 0.000000000000000000e+00
4.750000000000000000e+04 1.899921778459319199e-01 2.456759217114246607e-01 7.578516158397814728e-02 6.390532544378698665e-01 3.948566226672735324e-02 0.000000000000000000e+00
4.775000000000000000e+04 1.909921366767000084e-01 2.397587619481110488e-01 7.544378698224851743e-02 6.365498406918524976e-01 4.824761037778789452e-02 0.000000000000000000e+00
4.800000000000000000e+04 1.919920955074680968e-01 2.416932180245789652e-01 7.578516158397814728e-02 6.423532089212562468e-01 4.016841147018661989e-02 0.000000000000000000e+00
4.825000000000000000e+04 1.929920543382361853e-01 2.432862994993172379e-01 7.532999544833864081e-02 6.385980883022303045e-01 4.278561675011378906e-02 0.000000000000000000e+00
4.850000000000000000e+04 1.939920131690040517e-01 2.500000000000000000e-01 7.476103777878925771e-02 6.405325443786982209e-01 3.470641784251251444e-02 0.000000000000000000e+00
4.875000000000000000e+04 1.949919719997721401e-01 2.482931269913518368e-01 7.362312243969049153e-02 6.411015020482475624e-01 3.698224852071006069e-02 0.000000000000000000e+00
4.900000000000000000e+04 1.959919308305402286e-01 2.488620846609012338e-01 7.601274465179790052e-02 6.379153390987710726e-01 3.720983158852981393e-02 0.000000000000000000e+00
4.925000000000000000e+04 1.969918896613083170e-01 2.497724169321802468e-01 7.601274465179790052e-02 6.334774692762858983e-01 4.073736913973600299e-02 0.000000000000000000e+00
4.950000000000000000e+04 1.979918484920764055e-01 2.492034592626308498e-01 7.464724624487938109e-02 6.312016385980883104e-01 4.494765589440145870e-02 0.000000000000000000e+00
4.975000000000000000e+04 1.989918073228444939e-01 2.592171142467000200e-01 7.362312243969049153e-02 6.268775603095130267e-01 4.028220300409649651e-02 0.000000000000000000e+00
5.000000000000000000e+04 1.999917661536125824e-01 2.456759217114246607e-01 6.964041875284478211e-02 6.412152935821574529e-01 4.346836595357305572e-02 0.000000000000000000e+00
5.025000000000000000e+04 2.009917249843806708e-01 2.468138370505234547e-01 7.066454255803368556e-02 6.426945835229859183e-01 3.982703686845699004e-02 0.000000000000000000e+00
5.050000000000000000e+04 2.019916838151485372e-01 2.438552571688666348e-01 7.066454255803368556e-02 6.362084660901229372e-01 4.927173418297678409e-02 0.000000000000000000e+00
5.075000000000000000e+04 2.029916426459166257e-01 2.325898953117888079e-01 6.804733727810650945e-02 6.422394173873463563e-01 5.712335002275830548e-02 0.000000000000000000e+00
5.100000000000000000e+04 2.039916014766847141e-01 2.362312243969048597e-01 7.020937642239417908e-02 6.428083750568958088e-01 5.075102412380518707e-02 0.000000000000000000e+00
5.125000000000000000e+04 2.049915603074528025e-01 2.226900318616295005e-01 6.850250341374601593e-02 6.549840691852526486e-01 5.382339553937186966e-02 0.000000000000000000e+00
5.150000000000000000e+04 2.059915191382208910e-01 2.165452890304961353e-01 7.157487482931269851e-02 6.512289485662267063e-01 6.065088757396449454e-02 0.000000000000000000e+00
5.175000000000000000e+04 2.069914779689889794e-01 1.974283113336367801e-01 7.203004096495220498e-02 6.750113791533909335e-01 5.553026854802002588e-02 0.000000000000000000e+00
5.200000000000000000e+04 2.079914367997570679e-01 1.483841602184797492e-01 6.725079654073737312e-02 7.476103777878926326e-01 3.675466545289030745e-02 0.000000000000000000e+00
5.225000000000000000e+04 2.089913956305251563e-01 1.430359581247155343e-01 6.417842512517069054e-02 7.602412380518889234e-01 3.254437869822485174e-02 0.000000000000000000e+00
5.250000000000000000e+04 2.099913544612932448e-01 1.415566681838871244e-01 6.372325898953118406e-02 7.664997724169322346e-01 2.822030040964952288e-02 0.000000000000000000e+00
5.275000000000000000e+04 2.109913132920611112e-01 1.404187528447883582e-01 6.281292671825215723e-02 7.694583522985889434e-01 2.730996813837050646e-02 0.000000000000000000e+00
5.300000000000000000e+04 2.119912721228291996e-01 1.407601274465179741e-01 6.065088757396449454e-02 7.707100591715976279e-01 2.787892580791988956e-02 0.000000000000000000e+00
5.325000000000000000e+04 2.129912309535972881e-01 1.420118343195266308e-01 6.042330450614474130e-02 7.713928083750568598e-01 2.617205279927173334e-02 0.000000000000000000e+00
5.350000000000000000e+04 2.139911897843653765e-01 1.405325443786982209e-01 6.076467910787437116e-02 7.757168866636322546e-01 2.298588984979517413e-02 0.000000000000000000e+00
5.375000000000000000e+04 2.149911486151334650e-01 1.413290851160673711e-01 6.087847064178425471e-02 7.737824305871643382e-01 2.401001365498407064e-02 0.000000000000000000e+00
5.400000000000000000e+04 2.159911074459015534e-01 1.363222576240327721e-01 6.144742831133363781e-02 7.783340919435594030e-01 2.389622212107419055e-02 0.000000000000000000e+00
5.425000000000000000e+04 2.169910662766696419e-01 1.370050068274920319e-01 5.974055530268548159e-02 7.761720527992717056e-01 2.708238507055074976e-02 0.000000000000000000e+00
5.450000000000000000e+04 2.179910251074377303e-01 1.412152935821574806e-01 5.826126536185707860e-02 7.776513427401001710e-01 2.287209831588529751e-02 0.000000000000000000e+00
5.475000000000000000e+04 2.189909839382055967e-01 1.406463359126081114e-01 6.065088757396449454e-02 7.774237596722803900e-01 2.127901684114701791e-02 0.000000000000000000e+00
5.500000000000000000e+04 2.199909427689736852e-01 1.441738734638143005e-01 6.304050978607191047e-02 7.741238051888938987e-01 1.866181156121984527e-02 0.000000000000000000e+00
5.525000000000000000e+04 2.209909015997417736e-01 1.372325898953117851e-01 6.474738279472007363e-02 7.795857988165680874e-01 1.843422849340009204e-02 0.000000000000000000e+00
5.550000000000000000e+04 2.219908604305098621e-01 1.385980883022303045e-01 6.793354574419663283e-02 7.759444697314519246e-01 1.752389622212107562e-02 0.000000000000000000e+00
5.575000000000000000e+04 2.229908192612779505e-01 1.392808375056895642e-01 6.770596267637687959e-02 7.754893035958124736e-01 1.752389622212107562e-02 0.000000000000000000e+00
5.600000000000000000e+04 2.239907780920460389e-01 1.422394173873463841e-01 6.759217114246700298e-02 7.732134729176148857e-01 1.695493855257168905e-02 0.000000000000000000e+00
5.625000000000000000e+04 2.249907369228141274e-01 1.399635867091488517e-01 6.793354574419663283e-02 7.735548475193445572e-01 1.854802002730996865e-02 0.000000000000000000e+00
5.650000000000000000e+04 2.259906957535822158e-01 1.413290851160673711e-01 6.747837960855712636e-02 7.760582612653618151e-01 1.513427401001365448e-02 0.000000000000000000e+00
5.675000000000000000e+04 2.269906545843503043e-01 1.428083750568957533e-01 6.759217114246700298e-02 7.746927628584433512e-01 1.490669094219390124e-02 0.000000000000000000e+00
