# itime ezz other fcc hcp bcc ico
0.000000000000000000e+00 0.000000000000000000e+00 9.103322712790168532e-04 9.990896677287209870e-01 0.000000000000000000e+00 0.000000000000000000e+00 0.000000000000000000e+00
2.500000000000000000e+01 1.000046009344446318e-03 5.689576695493854790e-04 9.993172507965407680e-01 0.000000000000000000e+00 1.137915339098771066e-04 0.000000000000000000e+00
5.000000000000000000e+01 2.000092018688670592e-03 4.551661356395084266e-04 9.995448338643604380e-01 0.000000000000000000e+00 0.000000000000000000e+00 0.000000000000000000e+00
7.500000000000000000e+01 3.000138028033116910e-03 1.706873008648156654e-03 9.981793354574419741e-01 0.000000000000000000e+00 1.137915339098771066e-04 0.000000000000000000e+00
1.000000000000000000e+02 4.000184037377341184e-03 7.965407373691396923e-04 9.992034592626308775e-01 0.000000000000000000e+00 0.000000000000000000e+00 0.000000000000000000e+00
1.250000000000000000e+02 5.000230046721787502e-03 1.479289940828402332e-03 9.985207100591716456e-01 0.000000000000000000e+00 0.000000000000000000e+00 0.000000000000000000e+00
1.500000000000000000e+02 6.000276056066011776e-03 1.365498406918525280e-03 9.986345015930814251e-01 0.000000000000000000e+00 0.000000000000000000e+00 0.000000000000000000e+00
1.750000000000000000e+02 7.000322065410458094e-03 6.827492034592626399e-04 9.993172507965407680e-01 0.000000000000000000e+00 0.000000000000000000e+00 0.000000000000000000e+00
2.000000000000000000e+02 8.000368074754682368e-03 1.024123805188893906e-03 9.989758761948110966e-01 0.000000000000000000e+00 0.000000000000000000e+00 0.000000000000000000e+00
2.250000000000000000e+02 9.000414084099128686e-03 1.365498406918525280e-03 9.986345015930814251e-01 0.000000000000000000e+00 0.000000000000000000e+00 0.000000000000000000e+00
2.500000000000000000e+02 1.000046009344357500e-02 5.689576695493854790e-04 9.994310423304506585e-01 0.000000000000000000e+00 0.000000000000000000e+00 0.000000000000000000e+00
2.750000000000000000e+02 1.100050610278779928e-02 4.551661356395084266e-04 9.995448338643604380e-01 0.000000000000000000e+00 0.000000000000000000e+00 0.000000000000000000e+00
3.000000000000000000e+02 1.200055211213224560e-02 1.479289940828402332e-03 9.985207100591716456e-01 0.000000000000000000e+00 0.000000000000000000e+00 0.000000000000000000e+00
3.250000000000000000e+02 1.300059812147646987e-02 1.365498406918525280e-03 9.986345015930814251e-01 0.000000000000000000e+00 0.000000000000000000e+00 0.000000000000000000e+00
3.500000000000000000e+02 1.400064413082091619e-02 2.844788347746927612e-03 9.971552116522530707e-01 0.000000000000000000e+00 0.000000000000000000e+00 0.000000000000000000e+00
3.750000000000000000e+02 1.500069014016514046e-02 1.479289940828402332e-03 9.985207100591716456e-01 0.000000000000000000e+00 0.000000000000000000e+00 0.000000000000000000e+00
4.000000000000000000e+02 1.600073614950958678e-02 1.593081474738279385e-03 9.984069185252617551e-01 0.000000000000000000e+00 0.000000000000000000e+00 0.000000000000000000e+00
4.250000000000000000e+02 1.700078215885403310e-02 1.706873008648156654e-03 9.982931269913518646e-01 0.000000000000000000e+00 0.000000000000000000e+00 0.000000000000000000e+00
4.500000000000000000e+02 1.800082816819825737e-02 1.251706873008648227e-03 9.987482931269913156e-01 0.000000000000000000e+00 0.000000000000000000e+00 0.000000000000000000e+00
4.750000000000000000e+02 1.900087417754270369e-02 1.137915339098771066e-04 9.998862084660901095e-01 0.000000000000000000e+00 0.000000000000000000e+00 0.000000000000000000e+00
5.000000000000000000e+02 2.000092018688692797e-02 1.706873008648156654e-03 9.982931269913518646e-01 0.000000000000000000e+00 0.000000000000000000e+00 0.000000000000000000e+00
5.250000000000000000e+02 2.100096619623137428e-02 1.820664542558033706e-03 9.981793354574419741e-01 0.000000000000000000e+00 0.000000000000000000e+00 0.000000000000000000e+00
5.500000000000000000e+02 2.200101220557559856e-02 1.593081474738279385e-03 9.982931269913518646e-01 0.000000000000000000e+00 1.137915339098771066e-04 0.000000000000000000e+00
5.750000000000000000e+02 2.300105821492004488e-02 2.048247610377787811e-03 9.979517523896221931e-01 0.000000000000000000e+00 0.000000000000000000e+00 0.000000000000000000e+00
6.000000000000000000e+02 2.400110422426426915e-02 1.820664542558033706e-03 9.981793354574419741e-01 0.000000000000000000e+00 0.000000000000000000e+00 0.000000000000000000e+00
6.250000000000000000e+02 2.500115023360871547e-02 2.730996813837050560e-03 9.972690031861629611e-01 0.000000000000000000e+00 0.000000000000000000e+00 0.000000000000000000e+00
6.500000000000000000e+02 2.600119624295316179e-02 1.934456076467910759e-03 9.980655439235320836e-01 0.000000000000000000e+00 0.000000000000000000e+00 0.000000000000000000e+00
6.750000000000000000e+02 2.700124225229738606e-02 4.779244424214838804e-03 9.951069640418752638e-01 0.000000000000000000e+00 1.137915339098771066e-04 0.000000000000000000e+00
7.000000000000000000e+02 2.800128826164183238e-02 3.413746017296313308e-03 9.965862539827037292e-01 0.000000000000000000e+00 0.000000000000000000e+00 0.000000000000000000e+00
7.250000000000000000e+02 2.900133427098605665e-02 2.617205279927173507e-03 9.973827947200728516e-01 0.000000000000000000e+00 0.000000000000000000e+00 0.000000000000000000e+00
7.500000000000000000e+02 3.000138028033050297e-02 2.048247610377787811e-03 9.978379608557123026e-01 0.000000000000000000e+00 1.137915339098771066e-04 0.000000000000000000e+00
7.750000000000000000e+02 3.100142628967472724e-02 1.479289940828402332e-03 9.985207100591716456e-01 0.000000000000000000e+00 0.000000000000000000e+00 0.000000000000000000e+00
8.000000000000000000e+02 3.200147229901917356e-02 2.958579881656804664e-03 9.970414201183431802e-01 0.000000000000000000e+00 0.000000000000000000e+00 0.000000000000000000e+00
8.250000000000000000e+02 3.300151830836361988e-02 4.779244424214838804e-03 9.951069640418752638e-01 0.000000000000000000e+00 1.137915339098771066e-04 0.000000000000000000e+00
8.500000000000000000e+02 3.400156431770784415e-02 6.827492034592626616e-03 9.928311333636777869e-01 0.000000000000000000e+00 3.413746017296313199e-04 0.000000000000000000e+00
8.750000000000000000e+02 3.500161032705229047e-02 5.689576695493855224e-03 9.943104233045061413e-01 0.000000000000000000e+00 0.000000000000000000e+00 0.000000000000000000e+00
9.000000000000000000e+02 3.600165633639651475e-02 4.665452890304961318e-03 9.953345471096950448e-01 0.000000000000000000e+00 0.000000000000000000e+00 0.000000000000000000e+00
9.250000000000000000e+02 3.700170234574096106e-02 4.665452890304961318e-03 9.953345471096950448e-01 0.000000000000000000e+00 0.000000000000000000e+00 0.000000000000000000e+00
9.500000000000000000e+02 3.800174835508518534e-02 8.079198907601274626e-03 9.916932180245789930e-01 0.000000000000000000e+00 2.275830678197542133e-04 0.000000000000000000e+00
9.750000000000000000e+02 3.900179436442963166e-02 9.103322712790167665e-03 9.904415111515703085e-01 0.000000000000000000e+00 4.551661356395084266e-04 0.000000000000000000e+00
1.000000000000000000e+03 4.000184037377385593e-02 6.486117432862995025e-03 9.934000910332271284e-01 0.000000000000000000e+00 1.137915339098771066e-04 0.000000000000000000e+00
1.025000000000000000e+03 4.100188638311830225e-02 6.599908966772872511e-03 9.931725079654073474e-01 0.000000000000000000e+00 2.275830678197542133e-04 0.000000000000000000e+00
1.050000000000000000e+03 4.200193239246274857e-02 7.055075102412380721e-03 9.929449248975875664e-01 0.000000000000000000e+00 0.000000000000000000e+00 0.000000000000000000e+00
1.075000000000000000e+03 4.300197840180697284e-02 7.396449704142011444e-03 9.924897587619481154e-01 0.000000000000000000e+00 1.137915339098771066e-04 0.000000000000000000e+00
1.100000000000000000e+03 4.400202441115141916e-02 8.989531178880291046e-03 9.908966772872098705e-01 0.000000000000000000e+00 1.137915339098771066e-04 0.000000000000000000e+00
1.125000000000000000e+03 4.500207042049564343e-02 8.648156577150659455e-03 9.912380518889394310e-01 0.000000000000000000e+00 1.137915339098771066e-04 0.000000000000000000e+00
1.150000000000000000e+03 4.600211642984008975e-02 9.330905780609922637e-03 9.904415111515703085e-01 0.000000000000000000e+00 2.275830678197542133e-04 0.000000000000000000e+00
1.175000000000000000e+03 4.700216243918431402e-02 8.761948111060537808e-03 9.911242603550295405e-01 0.000000000000000000e+00 1.137915339098771066e-04 0.000000000000000000e+00
1.200000000000000000e+03 4.800220844852876034e-02 8.761948111060537808e-03 9.912380518889394310e-01 0.000000000000000000e+00 0.000000000000000000e+00 0.000000000000000000e+00
1.225000000000000000e+03 4.900225445787298462e-02 9.899863450159307465e-03 9.901001365498406370e-01 0.000000000000000000e+00 0.000000000000000000e+00 0.000000000000000000e+00
1.250000000000000000e+03 5.000230046721743093e-02 1.046882111970869403e-02 9.890760127446518446e-01 0.000000000000000000e+00 4.551661356395084266e-04 0.000000000000000000e+00
1.275000000000000000e+03 5.100234647656187725e-02 1.172052799271734204e-02 9.879380974055530507e-01 0.000000000000000000e+00 3.413746017296313199e-04 0.000000000000000000e+00
1.300000000000000000e+03 5.200239248590610153e-02 7.851615839781519654e-03 9.918070095584888834e-01 0.000000000000000000e+00 3.413746017296313199e-04 0.000000000000000000e+00
1.325000000000000000e+03 5.300243849525054785e-02 1.137915339098771045e-02 9.882794720072826111e-01 0.000000000000000000e+00 3.413746017296313199e-04 0.000000000000000000e+00
1.350000000000000000e+03 5.400248450459477212e-02 1.581702321347291593e-02 9.839553937187073274e-01 0.000000000000000000e+00 2.275830678197542133e-04 0.000000000000000000e+00
1.375000000000000000e+03 5.500253051393921844e-02 1.615839781520254925e-02 9.831588529813382049e-01 0.000000000000000000e+00 6.827492034592626399e-04 0.000000000000000000e+00
1.400000000000000000e+03 5.600257652328344271e-02 1.809285389167045871e-02 9.812243969048702885e-01 0.000000000000000000e+00 6.827492034592626399e-04 0.000000000000000000e+00
1.425000000000000000e+03 5.700262253262788903e-02 1.991351843422849502e-02 9.790623577605825911e-01 0.000000000000000000e+00 1.024123805188893906e-03 0.000000000000000000e+00
1.450000000000000000e+03 5.800266854197233535e-02 1.911697769685935522e-02 9.803140646335912756e-01 0.000000000000000000e+00 5.689576695493854790e-04 0.000000000000000000e+00
1.475000000000000000e+03 5.900271455131655962e-02 1.809285389167045871e-02 9.811106053709603980e-01 0.000000000000000000e+00 7.965407373691396923e-04 0.000000000000000000e+00
1.500000000000000000e+03 6.000276056066100594e-02 1.866181156121984527e-02 9.808830223031406170e-01 0.000000000000000000e+00 4.551661356395084266e-04 0.000000000000000000e+00
1.525000000000000000e+03 6.100280657000523021e-02 2.719617660446062984e-02 9.717796995903504875e-01 0.000000000000000000e+00 1.024123805188893906e-03 0.000000000000000000e+00
1.550000000000000000e+03 6.200285257934967653e-02 2.878925807919890598e-02 9.698452435138825711e-01 0.000000000000000000e+00 1.365498406918525280e-03 0.000000000000000000e+00
1.575000000000000000e+03 6.300289858869390081e-02 2.344105598543468408e-02 9.758761948111061013e-01 0.000000000000000000e+00 6.827492034592626399e-04 0.000000000000000000e+00
1.600000000000000000e+03 6.400294459803834712e-02 2.412380518889394726e-02 9.741693218024578549e-01 0.000000000000000000e+00 1.706873008648156654e-03 0.000000000000000000e+00
1.625000000000000000e+03 6.500299060738257140e-02 2.958579881656804578e-02 9.698452435138825711e-01 0.000000000000000000e+00 5.689576695493854790e-04 0.000000000000000000e+00
1.650000000000000000e+03 6.600303661672701772e-02 3.368229403732362487e-02 9.652935821574875064e-01 0.000000000000000000e+00 1.024123805188893906e-03 0.000000000000000000e+00
1.675000000000000000e+03 6.700308262607146403e-02 3.789258079198907364e-02 9.605143377332726606e-01 0.000000000000000000e+00 1.593081474738279385e-03 0.000000000000000000e+00
1.700000000000000000e+03 6.800312863541568831e-02 3.652708238507055422e-02 9.608557123350022211e-01 0.000000000000000000e+00 2.617205279927173507e-03 0.000000000000000000e+00
1.725000000000000000e+03 6.900317464476013463e-02 4.449248975876194528e-02 9.538006372325898985e-01 0.000000000000000000e+00 1.706873008648156654e-03 0.000000000000000000e+00
1.750000000000000000e+03 7.000322065410435890e-02 5.154756486117433034e-02 9.444697314519799880e-01 0.000000000000000000e+00 3.982703686845699004e-03 0.000000000000000000e+00
1.775000000000000000e+03 7.100326666344880522e-02 5.439235320892125969e-02 9.420801092398725096e-01 0.000000000000000000e+00 3.527537551206190360e-03 0.000000000000000000e+00
1.800000000000000000e+03 7.200331267279302949e-02 4.881656804733727761e-02 9.491351843422849432e-01 0.000000000000000000e+00 2.048247610377787811e-03 0.000000000000000000e+00
1.825000000000000000e+03 7.300335868213747581e-02 4.540282203004096517e-02 9.519799726900318726e-01 0.000000000000000000e+00 2.617205279927173507e-03 0.000000000000000000e+00
1.850000000000000000e+03 7.400340469148170008e-02 6.076467910787437116e-02 9.365043240782885414e-01 0.000000000000000000e+00 2.730996813837050560e-03 0.000000000000000000e+00
1.875000000000000000e+03 7.500345070082614640e-02 5.803368229403732537e-02 9.393491124260354708e-01 0.000000000000000000e+00 2.617205279927173507e-03 0.000000000000000000e+00
1.900000000000000000e+03 7.600349671017059272e-02 6.087847064178425471e-02 9.358215748748293095e-01 0.000000000000000000e+00 3.299954483386436255e-03 0.000000000000000000e+00
1.925000000000000000e+03 7.700354271951481699e-02 6.281292671825215723e-02 9.332043695949021611e-01 0.000000000000000000e+00 3.982703686845699004e-03 0.000000000000000000e+00
1.950000000000000000e+03 7.800358872885926331e-02 6.975421028675465873e-02 9.253527537551206050e-01 0.000000000000000000e+00 4.893035958124715423e-03 0.000000000000000000e+00
1.975000000000000000e+03 7.900363473820348759e-02 7.407828857532999800e-02 9.211424670004552118e-01 0.000000000000000000e+00 4.779244424214838804e-03 0.000000000000000000e+00
2.000000000000000000e+03 8.000368074754793390e-02 8.875739644970413733e-02 9.076012744651797970e-01 0.000000000000000000e+00 3.641329085116067413e-03 0.000000000000000000e+00
2.025000000000000000e+03 8.100372675689215818e-02 9.035047792444242387e-02 9.030496131087847322e-01 0.000000000000000000e+00 6.599908966772872511e-03 0.000000000000000000e+00
2.050000000000000000e+03 8.200377276623660450e-02 9.057806099226217711e-02 8.995220755575785709e-01 0.000000000000000000e+00 9.899863450159307465e-03 0.000000000000000000e+00
2.075000000000000000e+03 8.300381877558105082e-02 1.095812471552116557e-01 8.798361401911697355e-01 0.000000000000000000e+00 1.058261265361857065e-02 0.000000000000000000e+00
2.100000000000000000e+03 8.400386478492527509e-02 1.210741920801092358e-01 8.668639053254437732e-01 0.000000000000000000e+00 1.206190259444697363e-02 0.000000000000000000e+00
2.125000000000000000e+03 8.500391079426972141e-02 1.235776058261265353e-01 8.620846609012289274e-01 0.000000000000000000e+00 1.433773327264451468e-02 0.000000000000000000e+00
2.150000000000000000e+03 8.600395680361394568e-02 1.418980427856167403e-01 8.408056440600819581e-01 0.000000000000000000e+00 1.729631315430131891e-02 0.000000000000000000e+00
2.175000000000000000e+03 8.700400281295839200e-02 1.477014110150204895e-01 8.332954028220300735e-01 0.000000000000000000e+00 1.900318616294947513e-02 0.000000000000000000e+00
2.200000000000000000e+03 8.800404882230261627e-02 1.562357760582612776e-01 8.172507965407374009e-01 0.000000000000000000e+00 2.651342740100136666e-02 0.000000000000000000e+00
2.225000000000000000e+03 8.900409483164706259e-02 1.745562130177514826e-01 7.919890760127445972e-01 0.000000000000000000e+00 3.345471096950387163e-02 0.000000000000000000e+00
2.250000000000000000e+03 9.000414084099128686e-02 1.921939007737824279e-01 7.707100591715976279e-01 0.000000000000000000e+00 3.709604005461993731e-02 0.000000000000000000e+00
2.275000000000000000e+03 9.100418685033573318e-02 2.048247610377788019e-01 7.456759217114247162e-01 6.827492034592626399e-04 4.881656804733727761e-02 0.000000000000000000e+00
2.300000000000000000e+03 9.200423285968017950e-02 2.139280837505689592e-01 7.267865270823851143e-01 3.413746017296313199e-04 5.894401456531633832e-02 0.000000000000000000e+00
2.325000000000000000e+03 9.300427886902440378e-02 2.493172507965407403e-01 6.784251251706873154e-01 4.551661356395084266e-04 7.180245789713245175e-02 0.000000000000000000e+00
2.350000000000000000e+03 9.400432487836885009e-02 2.622894856622667303e-01 6.511151570323168158e-01 9.103322712790168532e-04 8.568502503413745475e-02 0.000000000000000000e+00
2.375000000000000000e+03 9.500437088771307437e-02 2.669549385525716856e-01 6.214155666818388379e-01 2.503413746017296455e-03 1.091260810195721492e-01 0.000000000000000000e+00
2.400000000000000000e+03 9.600441689705752069e-02 3.078060992262175444e-01 5.556440600819299025e-01 4.665452890304961318e-03 1.318843878015475701e-01 0.000000000000000000e+00
2.425000000000000000e+03 9.700446290640174496e-02 3.107646791078743642e-01 5.284478834774692935e-01 5.575785161583977738e-03 1.552116522530723741e-01 0.000000000000000000e+00
2.450000000000000000e+03 9.800450891574619128e-02 3.313609467455621571e-01 4.895311788802912956e-01 6.486117432862995025e-03 1.726217569412835662e-01 0.000000000000000000e+00
2.475000000000000000e+03 9.900455492509063760e-02 3.544606281292672079e-01 4.560764679107874309e-01 9.558488848429677609e-03 1.799044151115156975e-01 0.000000000000000000e+00
2.500000000000000000e+03 1.000046009344348619e-01 3.518434228493400040e-01 4.370732817478379384e-01 1.251706873008648184e-02 1.985662266727355463e-01 0.000000000000000000e+00
2.525000000000000000e+03 1.010046469437793082e-01 3.711879836140191125e-01 4.020254893035958288e-01 1.331360946745562164e-02 2.134729176149294527e-01 0.000000000000000000e+00
2.550000000000000000e+03 1.020046929531235325e-01 3.870050068274920596e-01 3.653846153846153633e-01 1.627218934911242587e-02 2.313381884387801513e-01 0.000000000000000000e+00
2.575000000000000000e+03 1.030047389624679788e-01 3.887118798361401950e-01 3.480883022303140617e-01 1.615839781520254925e-02 2.470414201183432079e-01 0.000000000000000000e+00
2.600000000000000000e+03 1.040047849718122031e-01 3.908739189804278369e-01 3.289713245334547342e-01 2.173418297678652786e-02 2.584205735093308975e-01 0.000000000000000000e+00
2.625000000000000000e+03 1.050048309811566494e-01 4.162494310423304755e-01 2.992717341829768118e-01 2.253072371415566766e-02 2.619481110605371144e-01 0.000000000000000000e+00
2.650000000000000000e+03 1.060048769905008736e-01 4.131770596267637652e-01 2.880063723258989294e-01 2.526172052799271692e-02 2.735548475193445572e-01 0.000000000000000000e+00
2.675000000000000000e+03 1.070049229998453200e-01 4.208010923987255403e-01 2.819754210286754548e-01 3.038233955393718558e-02 2.668411470186617951e-01 0.000000000000000000e+00
2.700000000000000000e+03 1.080049690091897663e-01 4.321802457897132577e-01 2.710514337733272439e-01 3.390987710514337811e-02 2.628584433318161273e-01 0.000000000000000000e+00
2.725000000000000000e+03 1.090050150185339906e-01 4.358215748748293095e-01 2.683204369594902050e-01 3.629949931725079404e-02 2.595584888484296915e-01 0.000000000000000000e+00
2.750000000000000000e+03 1.100050610278784369e-01 4.321802457897132577e-01 2.682066454255803145e-01 3.948566226672735324e-02 2.601274465179790885e-01 0.000000000000000000e+00
2.775000000000000000e+03 1.110051070372226611e-01 4.454938552571688914e-01 2.555757851615839682e-01 4.380974055530268557e-02 2.551206190259444617e-01 0.000000000000000000e+00
2.800000000000000000e+03 1.120051530465671075e-01 4.424214838416021811e-01 2.562585343650432557e-01 4.563040509786071841e-02 2.556895766954938587e-01 0.000000000000000000e+00
2.825000000000000000e+03 1.130051990559113317e-01 4.491351843422849432e-01 2.418070095584888557e-01 4.847519344560764776e-02 2.605826126536185949e-01 0.000000000000000000e+00
2.850000000000000000e+03 1.140052450652557781e-01 4.410559854346836617e-01 2.414656349567592120e-01 5.598543468365953235e-02 2.614929449248976079e-01 0.000000000000000000e+00
2.875000000000000000e+03 1.150052910746000023e-01 4.684797451069640517e-01 2.215521165225307343e-01 5.723714155666818210e-02 2.527309968138370389e-01 0.000000000000000000e+00
2.900000000000000000e+03 1.160053370839444487e-01 4.668866636322257513e-01 2.226900318616295005e-01 5.461993627674101293e-02 2.558033682294037492e-01 0.000000000000000000e+00
2.925000000000000000e+03 1.170053830932888950e-01 4.632453345471096995e-01 2.148384160218479721e-01 5.757851615839781195e-02 2.643377332726445372e-01 0.000000000000000000e+00
2.950000000000000000e+03 1.180054291026331192e-01 4.692762858443331742e-01 2.159763313609467383e-01 6.554392353208920996e-02 2.492034592626308498e-01 0.000000000000000000e+00
2.975000000000000000e+03 1.190054751119775656e-01 4.607419208010923861e-01 2.160901228948566288e-01 6.668183887118799003e-02 2.564861174328629811e-01 0.000000000000000000e+00
3.000000000000000000e+03 1.200055211213217898e-01 4.791761492944924816e-01 2.068730086481565811e-01 6.850250341374601593e-02 2.454483386436049075e-01 0.000000000000000000e+00
3.025000000000000000e+03 1.210055671306662362e-01 4.807692307692307820e-01 2.067592171142466906e-01 6.736458807464724974e-02 2.451069640418752915e-01 0.000000000000000000e+00
3.050000000000000000e+03 1.220056131400104604e-01 4.836140191169777114e-01 1.935593991807009473e-01 7.066454255803368556e-02 2.521620391442876419e-01 0.000000000000000000e+00
3.075000000000000000e+03 1.230056591493549067e-01 4.778106508875739622e-01 1.987938097405552995e-01 7.737824305871643382e-02 2.460172963131543045e-01 0.000000000000000000e+00
3.100000000000000000e+03 1.240057051586993531e-01 4.855484751934456278e-01 1.939007737824305910e-01 7.464724624487938109e-02 2.459035047792444140e-01 0.000000000000000000e+00
3.125000000000000000e+03 1.250057511680435773e-01 4.850933090578061213e-01 1.927628584433318248e-01 8.170232134729175921e-02 2.404415111515703363e-01 0.000000000000000000e+00
3.150000000000000000e+03 1.260057971773880237e-01 4.908966772872098150e-01 1.935593991807009473e-01 8.488848429676831842e-02 2.306554392353208915e-01 0.000000000000000000e+00
3.175000000000000000e+03 1.270058431867322479e-01 4.856622667273554628e-01 1.937869822485207005e-01 9.228493400091032639e-02 2.282658170232134687e-01 0.000000000000000000e+00
3.200000000000000000e+03 1.280058891960766942e-01 4.847519344560764498e-01 1.923076923076923184e-01 1.005917159763313612e-01 2.223486572598998567e-01 0.000000000000000000e+00
3.225000000000000000e+03 1.290059352054209185e-01 4.875967228038233792e-01 1.860491579426490627e-01 9.433318161128811941e-02 2.320209376422394110e-01 0.000000000000000000e+00
3.250000000000000000e+03 1.300059812147653648e-01 4.920345926263086089e-01 1.867319071461083224e-01 9.786071916249430847e-02 2.233727810650887602e-01 0.000000000000000000e+00
3.275000000000000000e+03 1.310060272241095891e-01 4.887346381429221731e-01 1.833181611288120239e-01 9.535730541647700897e-02 2.325898953117888079e-01 0.000000000000000000e+00
3.300000000000000000e+03 1.320060732334540354e-01 4.940828402366864158e-01 1.870732817478379661e-01 9.330905780609922984e-02 2.255348202093764298e-01 0.000000000000000000e+00
3.325000000000000000e+03 1.330061192427984817e-01 5.043240782885752838e-01 1.754665452890304955e-01 9.569868001820663883e-02 2.245106964041875264e-01 0.000000000000000000e+00
3.350000000000000000e+03 1.340061652521427060e-01 5.046654528903049552e-01 1.726217569412835662e-01 9.114701866181156020e-02 2.315657715065999045e-01 0.000000000000000000e+00
3.375000000000000000e+03 1.350062112614871523e-01 5.056895766954938587e-01 1.655666818388711881e-01 9.774692762858443185e-02 2.309968138370505353e-01 0.000000000000000000e+00
3.400000000000000000e+03 1.360062572708313766e-01 5.135411925352754148e-01 1.665908056440600915e-01 9.558488848429676221e-02 2.242831133363677731e-01 0.000000000000000000e+00
3.425000000000000000e+03 1.370063032801758229e-01 5.118343195266271684e-01 1.612426035502958488e-01 9.649522075557578904e-02 2.304278561675011383e-01 0.000000000000000000e+00
3.450000000000000000e+03 1.380063492895200472e-01 5.344788347746927126e-01 1.457669549385525731e-01 9.615384615384615918e-02 2.236003641329085134e-01 0.000000000000000000e+00
3.475000000000000000e+03 1.390063952988644935e-01 5.178652708238506985e-01 1.593081474738279601e-01 1.033227127901684139e-01 2.195038689121529274e-01 0.000000000000000000e+00
3.500000000000000000e+03 1.400064413082087178e-01 5.302685480200273194e-01 1.560081929904415243e-01 1.001365498406918547e-01 2.135867091488393155e-01 0.000000000000000000e+00
3.525000000000000000e+03 1.410064873175531641e-01 5.258306781975421451e-01 1.535047792444242110e-01 1.078743741465634925e-01 2.127901684114701930e-01 0.000000000000000000e+00
3.550000000000000000e+03 1.420065333268976104e-01 5.386891215293582169e-01 1.450842057350933134e-01 1.057123350022758368e-01 2.105143377332726329e-01 0.000000000000000000e+00
3.575000000000000000e+03 1.430065793362418347e-01 5.477924442421483464e-01 1.352981338188438687e-01 1.066226672735548497e-01 2.102867546654528796e-01 0.000000000000000000e+00
3.600000000000000000e+03 1.440066253455862810e-01 5.383477469276285454e-01 1.415566681838871244e-01 1.128812016385980915e-01 2.072143832498861971e-01 0.000000000000000000e+00
3.625000000000000000e+03 1.450066713549305053e-01 5.365270823850705195e-01 1.406463359126081114e-01 1.081019572143832458e-01 2.147246244879381094e-01 0.000000000000000000e+00
3.650000000000000000e+03 1.460067173642749516e-01 5.492717341829768118e-01 1.275603095129722309e-01 1.086709148839326289e-01 2.144970414201183562e-01 0.000000000000000000e+00
3.675000000000000000e+03 1.470067633736191759e-01 5.662266727355484974e-01 1.268775603095129711e-01 1.034365043240782905e-01 2.034592626308602548e-01 0.000000000000000000e+00
3.700000000000000000e+03 1.480068093829636222e-01 5.608784706417841992e-01 1.233500227583067821e-01 1.070778334091943562e-01 2.086936731907146070e-01 0.000000000000000000e+00
3.725000000000000000e+03 1.490068553923080685e-01 5.695266272189348777e-01 1.197086936731907164e-01 1.083295402822029990e-01 2.024351388256713791e-01 0.000000000000000000e+00
3.750000000000000000e+03 1.500069014016522928e-01 5.591715976331360638e-01 1.178880291306326766e-01 1.042330450614474269e-01 2.187073281747838049e-01 0.000000000000000000e+00
3.775000000000000000e+03 1.510069474109967391e-01 5.848884842967683184e-01 1.117432862994993115e-01 1.030951297223486607e-01 2.002730996813837094e-01 0.000000000000000000e+00
3.800000000000000000e+03 1.520069934203409634e-01 5.846609012289485374e-01 1.115157032316795582e-01 1.030951297223486607e-01 2.007282658170232159e-01 0.000000000000000000e+00
3.825000000000000000e+03 1.530070394296854097e-01 5.872781065088756858e-01 1.100364132908511622e-01 1.053709604005461931e-01 1.973145197997268896e-01 0.000000000000000000e+00
3.850000000000000000e+03 1.540070854390296340e-01 5.902366863905325056e-01 1.038916704597177970e-01 1.027537551206190308e-01 2.031178880291306388e-01 0.000000000000000000e+00
3.875000000000000000e+03 1.550071314483740803e-01 5.938780154756485574e-01 1.046882111970869333e-01 1.071916249431042328e-01 1.942421483841602070e-01 0.000000000000000000e+00
3.900000000000000000e+03 1.560071774577183046e-01 5.867091488393263443e-01 1.036640873918980438e-01 1.079881656804733692e-01 2.016385980883022289e-01 0.000000000000000000e+00
3.925000000000000000e+03 1.570072234670627509e-01 5.934228493400091065e-01 1.008192990441511144e-01 1.065088757396449731e-01 1.992489758761948060e-01 0.000000000000000000e+00
3.950000000000000000e+03 1.580072694764071972e-01 6.107191624943104635e-01 9.831588529813381494e-02 1.040054619936276736e-01 1.869594902139280757e-01 0.000000000000000000e+00
3.975000000000000000e+03 1.590073154857514215e-01 6.094674556213017791e-01 9.239872553482020301e-02 1.038916704597177970e-01 1.942421483841602070e-01 0.000000000000000000e+00
4.000000000000000000e+03 1.600073614950958678e-01 6.217569412835685094e-01 9.478834774692762588e-02 1.040054619936276736e-01 1.794492489758761911e-01 0.000000000000000000e+00
4.025000000000000000e+03 1.610074075044400921e-01 6.247155211652253293e-01 9.046426945835230049e-02 1.030951297223486607e-01 1.817250796540737234e-01 0.000000000000000000e+00
4.050000000000000000e+03 1.620074535137845384e-01 6.301775147928994070e-01 8.477469276285844180e-02 1.034365043240782905e-01 1.816112881201638607e-01 0.000000000000000000e+00
4.075000000000000000e+03 1.630074995231287627e-01 6.159535730541647602e-01 8.614019116977697510e-02 1.088984979517523960e-01 1.890077378243058825e-01 0.000000000000000000e+00
4.100000000000000000e+03 1.640075455324732090e-01 6.291533909877105035e-01 8.033682294037323979e-02 1.034365043240782905e-01 1.870732817478379661e-01 0.000000000000000000e+00
4.125000000000000000e+03 1.650075915418176553e-01 6.258534365043241232e-01 8.284023668639053928e-02 1.103777878925807920e-01 1.809285389167046010e-01 0.000000000000000000e+00
4.150000000000000000e+03 1.660076375511618796e-01 6.421256258534364658e-01 7.828857532999544677e-02 1.085571233500227523e-01 1.710286754665452935e-01 0.000000000000000000e+00
4.175000000000000000e+03 1.670076835605063259e-01 6.396222121074192080e-01 7.783340919435594030e-02 1.110605370960400518e-01 1.714838416021848000e-01 0.000000000000000000e+00
4.200000000000000000e+03 1.680077295698505502e-01 6.438324988620847122e-01 8.022303140646336317e-02 1.123122439690487084e-01 1.636322257624032717e-01 0.000000000000000000e+00
4.225000000000000000e+03 1.690077755791949965e-01 6.543013199817933057e-01 7.851615839781520001e-02 1.131087847064178448e-01 1.540737369139736079e-01 0.000000000000000000e+00
4.250000000000000000e+03 1.700078215885392208e-01 6.553254437869822091e-01 7.715065999089668058e-02 1.147018661811561174e-01 1.528220300409649512e-01 0.000000000000000000e+00
4.275000000000000000e+03 1.710078675978836671e-01 6.496358670914883504e-01 7.885753299954482987e-02 1.200500682749203463e-01 1.514565316340464318e-01 0.000000000000000000e+00
4.300000000000000000e+03 1.720079136072278914e-01 6.610150204824760678e-01 7.487482931269913433e-02 1.246017296313154249e-01 1.395084205735093175e-01 0.000000000000000000e+00
4.325000000000000000e+03 1.730079596165723377e-01 6.597633136094674944e-01 7.498862084660901095e-02 1.233500227583067821e-01 1.418980427856167403e-01 0.000000000000000000e+00
4.350000000000000000e+03 1.740080056259167840e-01 6.646563495675921196e-01 7.100591715976331542e-02 1.255120619025944517e-01 1.388256713700500578e-01 0.000000000000000000e+00
4.375000000000000000e+03 1.750080516352610083e-01 6.628356850250340937e-01 7.259899863450158808e-02 1.279016841147018746e-01 1.366636322257624159e-01 0.000000000000000000e+00
4.400000000000000000e+03 1.760080976446054546e-01 6.517979062357760478e-01 7.771961766044606368e-02 1.325671370050068298e-01 1.379153390987710448e-01 0.000000000000000000e+00
4.425000000000000000e+03 1.770081436539496789e-01 6.655666818388711325e-01 7.339553937187073829e-02 1.244879380974055483e-01 1.365498406918525254e-01 0.000000000000000000e+00
4.450000000000000000e+03 1.780081896632941252e-01 6.705735093309057593e-01 7.282658170232134132e-02 1.235776058261265353e-01 1.330223031406463363e-01 0.000000000000000000e+00
4.475000000000000000e+03 1.790082356726383495e-01 6.828629949931724896e-01 6.986800182066454923e-02 1.291533909877105035e-01 1.181156121984524299e-01 0.000000000000000000e+00
4.500000000000000000e+03 1.800082816819827958e-01 6.810423304506144637e-01 6.497496586253982687e-02 1.260810195721438209e-01 1.279016841147018746e-01 0.000000000000000000e+00
4.525000000000000000e+03 1.810083276913270200e-01 6.819526627218934767e-01 7.009558488848430247e-02 1.285844333181611343e-01 1.193673190714610866e-01 0.000000000000000000e+00
4.550000000000000000e+03 1.820083737006714664e-01 6.874146563495675544e-01 6.907146108329539902e-02 1.354119253527537592e-01 1.081019572143832458e-01 0.000000000000000000e+00
4.575000000000000000e+03 1.830084197100159127e-01 6.870732817478379939e-01 7.146108329540282189e-02 1.331360946745562268e-01 1.083295402822029990e-01 0.000000000000000000e+00
4.600000000000000000e+03 1.840084657193601370e-01 6.956076467910787819e-01 6.520254893035958010e-02 1.297223486572599005e-01 1.094674556213017791e-01 0.000000000000000000e+00
4.625000000000000000e+03 1.850085117287045833e-01 6.948111060537096595e-01 6.827492034592626269e-02 1.316568047337278169e-01 1.052571688666363164e-01 0.000000000000000000e+00
4.650000000000000000e+03 1.860085577380488076e-01 6.899180700955849233e-01 6.554392353208920996e-02 1.299499317250796537e-01 1.145880746472462408e-01 0.000000000000000000e+00
4.675000000000000000e+03 1.870086037473932539e-01 6.877560309512972259e-01 6.656804733727811341e-02 1.323395539371870766e-01 1.133363677742375980e-01 0.000000000000000000e+00
4.700000000000000000e+03 1.880086497567374781e-01 6.903732362312243742e-01 6.281292671825215723e-02 1.297223486572599005e-01 1.170914883932635403e-01 0.000000000000000000e+00
4.725000000000000000e+03 1.890086957660819245e-01 6.876422394173873354e-01 6.497496586253982687e-02 1.334774692762858428e-01 1.139053254437869811e-01 0.000000000000000000e+00
4.750000000000000000e+03 1.900087417754263708e-01 6.886663632225762388e-01 6.497496586253982687e-02 1.329085116067364458e-01 1.134501593081474746e-01 0.000000000000000000e+00
4.775000000000000000e+03 1.910087877847705951e-01 6.902594446973144837e-01 6.304050978607191047e-02 1.339326354119253493e-01 1.127674101046882149e-01 0.000000000000000000e+00
4.800000000000000000e+03 1.920088337941150414e-01 7.015248065543923106e-01 6.247155211652252738e-02 1.292671825216203940e-01 1.067364588074647264e-01 0.000000000000000000e+00
4.825000000000000000e+03 1.930088798034592656e-01 6.952662721893491105e-01 6.565771506599908658e-02 1.310878470641784199e-01 1.079881656804733692e-01 0.000000000000000000e+00
4.850000000000000000e+03 1.940089258128037120e-01 6.910559854346836062e-01 6.349567592171143082e-02 1.323395539371870766e-01 1.131087847064178448e-01 0.000000000000000000e+00
4.875000000000000000e+03 1.950089718221479362e-01 6.949248975876194390e-01 6.554392353208920996e-02 1.313154301319981732e-01 1.081019572143832458e-01 1.137915339098771066e-04
4.900000000000000000e+03 1.960090178314923826e-01 6.951524806554392200e-01 6.759217114246700298e-02 1.298361401911697632e-01 1.073054164770141095e-01 1.137915339098771066e-04
4.925000000000000000e+03 1.970090638408366068e-01 7.068730086481566088e-01 6.178880291306326766e-02 1.325671370050068298e-01 9.865725989986344480e-02 1.137915339098771066e-04
4.950000000000000000e+03 1.980091098501810531e-01 6.972007282658170269e-01 6.167501137915339104e-02 1.391670459717797015e-01 1.019572143832498806e-01 0.000000000000000000e+00
4.975000000000000000e+03 1.990091558595254995e-01 6.950386891215293295e-01 6.543013199817933334e-02 1.354119253527537592e-01 1.041192535275375503e-01 0.000000000000000000e+00
5.000000000000000000e+03 2.000092018688697237e-01 6.941283568502503165e-01 6.451979972690032039e-02 1.398497951752389612e-01 1.013882567137004975e-01 1.137915339098771066e-04
5.025000000000000000e+03 2.010092478782141701e-01 6.953800637232590010e-01 6.577150659990896320e-02 1.397360036413290985e-01 9.899863450159307465e-02 1.137915339098771066e-04
5.050000000000000000e+03 2.020092938875583943e-01 7.008420573509330787e-01 6.588529813381883982e-02 1.389394629039599482e-01 9.421939007737824279e-02 1.137915339098771066e-04
5.075000000000000000e+03 2.030093398969028406e-01 6.837733272644515026e-01 7.032316795630405570e-02 1.450842057350933134e-01 1.008192990441511144e-01 0.000000000000000000e+00
5.100000000000000000e+03 2.040093859062470649e-01 6.916249431042330587e-01 6.838871187983613931e-02 1.436049157942649035e-01 9.638142922166591242e-02 0.000000000000000000e+00
5.125000000000000000e+03 2.050094319155915112e-01 6.991351843422849432e-01 6.349567592171143082e-02 1.404187528447883582e-01 9.695038689121529552e-02 0.000000000000000000e+00
5.150000000000000000e+03 2.060094779249357355e-01 7.045971779699590209e-01 6.656804733727811341e-02 1.422394173873463841e-01 8.659535730541648157e-02 0.000000000000000000e+00
5.175000000000000000e+03 2.070095239342801818e-01 7.105143377332726606e-01 6.497496586253982687e-02 1.382567137005006885e-01 8.625398270368685172e-02 0.000000000000000000e+00
5.200000000000000000e+03 2.080095699436246282e-01 7.018661811561219821e-01 6.998179335457442585e-02 1.418980427856167403e-01 8.625398270368685172e-02 0.000000000000000000e+00
5.225000000000000000e+03 2.090096159529688524e-01 7.034592626308602270e-01 6.850250341374601593e-02 1.396222121074192080e-01 8.841602184797450747e-02 0.000000000000000000e+00
5.250000000000000000e+03 2.100096619623132987e-01 7.026627218934911046e-01 6.634046426945834629e-02 1.360946745562130189e-01 9.490213928083750250e-02 0.000000000000000000e+00
5.275000000000000000e+03 2.110097079716575230e-01 7.012972234865726406e-01 6.850250341374601593e-02 1.416704597177969871e-01 8.852981338188438409e-02 0.000000000000000000e+00
5.300000000000000000e+03 2.120097539810019693e-01 6.967455621301774649e-01 6.634046426945834629e-02 1.411015020482476179e-01 9.581247155211652933e-02 0.000000000000000000e+00
5.325000000000000000e+03 2.130097999903461936e-01 6.992489758761948337e-01 6.725079654073737312e-02 1.440600819299044100e-01 8.944014565316341092e-02 0.000000000000000000e+00
5.350000000000000000e+03 2.140098459996906399e-01 7.097177969959035382e-01 6.395084205735093730e-02 1.373463814292216756e-01 8.898497951752389057e-02 0.000000000000000000e+00
5.375000000000000000e+03 2.150098920090350862e-01 7.100591715976330986e-01 6.599908966772871644e-02 1.392808375056895642e-01 8.466090122894856518e-02 0.000000000000000000e+00
5.400000000000000000e+03 2.160099380183793105e-01 7.126763768775603580e-01 6.543013199817933334e-02 1.368912152935821691e-01 8.500227583067819503e-02 0.000000000000000000e+00
5.425000000000000000e+03 2.170099840277237568e-01 7.138142922166590409e-01 6.941283568502502888e-02 1.374601729631315383e-01 7.931269913518433634e-02 0.000000000000000000e+00
5.450000000000000000e+03 2.180100300370679811e-01 7.172280382339554228e-01 6.668183887118799003e-02 1.360946745562130189e-01 7.999544833864360993e-02 0.000000000000000000e+00
5.475000000000000000e+03 2.190100760464124274e-01 7.122212107419207960e-01 7.020937642239417908e-02 1.374601729631315383e-01 8.010923987255348655e-02 0.000000000000000000e+00
5.500000000000000000e+03 2.200101220557566517e-01 7.078971324533455123e-01 7.214383249886208160e-02 1.338188438780154865e-01 8.614019116977697510e-02 0.000000000000000000e+00
5.525000000000000000e+03 2.210101680651010980e-01 7.137005006827491504e-01 7.134729176149294527e-02 1.331360946745562268e-01 8.170232134729175921e-02 1.137915339098771066e-04
5.550000000000000000e+03 2.220102140744453223e-01 7.104005461993627701e-01 7.328174783796086167e-02 1.340464269458352398e-01 8.227127901684114231e-02 0.000000000000000000e+00
5.575000000000000000e+03 2.230102600837897686e-01 7.082385070550750727e-01 7.328174783796086167e-02 1.330223031406463363e-01 8.545744196631770151e-02 0.000000000000000000e+00
5.600000000000000000e+03 2.240103060931342149e-01 7.099453800637232082e-01 7.100591715976331542e-02 1.282430587164314906e-01 9.080564406008193035e-02 0.000000000000000000e+00
5.625000000000000000e+03 2.250103521024784392e-01 7.205279927173418031e-01 7.316795630405098505e-02 1.268775603095129711e-01 7.931269913518433634e-02 1.137915339098771066e-04
5.650000000000000000e+03 2.260103981118228855e-01 7.162039144287665193e-01 7.339553937187073829e-02 1.319981793354574329e-01 7.840236686390532339e-02 0.000000000000000000e+00
5.675000000000000000e+03 2.270104441211671098e-01 7.084660901228948537e-01 7.328174783796086167e-02 1.341602184797451025e-01 8.409194355939918208e-02 0.000000000000000000e+00
