# itime ezz other fcc hcp bcc ico
0.000000000000000000e+00 0.000000000000000000e+00 0.000000000000000000e+00 1.000000000000000000e+00 0.000000000000000000e+00 0.000000000000000000e+00 0.000000000000000000e+00
2.500000000000000000e+02 1.000002958861401225e-02 0.000000000000000000e+00 1.000000000000000000e+00 0.000000000000000000e+00 0.000000000000000000e+00 0.000000000000000000e+00
5.000000000000000000e+02 2.000005917722802451e-02 0.000000000000000000e+00 1.000000000000000000e+00 0.000000000000000000e+00 0.000000000000000000e+00 0.000000000000000000e+00
7.500000000000000000e+02 3.000008876584203676e-02 0.000000000000000000e+00 1.000000000000000000e+00 0.000000000000000000e+00 0.000000000000000000e+00 0.000000000000000000e+00
1.000000000000000000e+03 4.000011835445627106e-02 0.000000000000000000e+00 1.000000000000000000e+00 0.000000000000000000e+00 0.000000000000000000e+00 0.000000000000000000e+00
1.250000000000000000e+03 5.000014794307028332e-02 0.000000000000000000e+00 1.000000000000000000e+00 0.000000000000000000e+00 0.000000000000000000e+00 0.000000000000000000e+00
1.500000000000000000e+03 6.000017753168429557e-02 0.000000000000000000e+00 1.000000000000000000e+00 0.000000000000000000e+00 0.000000000000000000e+00 0.000000000000000000e+00
1.750000000000000000e+03 7.000020712029830783e-02 0.000000000000000000e+00 1.000000000000000000e+00 0.000000000000000000e+00 0.000000000000000000e+00 0.000000000000000000e+00
2.000000000000000000e+03 8.000023670891232008e-02 2.275830678197542133e-04 9.997724169321802190e-01 0.000000000000000000e+00 0.000000000000000000e+00 0.000000000000000000e+00
2.250000000000000000e+03 9.000026629752633234e-02 2.048247610377787811e-03 9.979517523896221931e-01 0.000000000000000000e+00 0.000000000000000000e+00 0.000000000000000000e+00
2.500000000000000000e+03 1.000002958861405666e-01 2.162039144287664864e-03 9.978379608557123026e-01 0.000000000000000000e+00 0.000000000000000000e+00 0.000000000000000000e+00
2.750000000000000000e+03 1.100003254747545789e-01 6.258534365043240920e-03 9.935138825671370189e-01 0.000000000000000000e+00 2.275830678197542133e-04 0.000000000000000000e+00
3.000000000000000000e+03 1.200003550633685911e-01 6.713700500682749650e-02 9.143149749658625591e-01 0.000000000000000000e+00 1.854802002730996865e-02 0.000000000000000000e+00
3.250000000000000000e+03 1.300003846519826034e-01 3.727810650887574129e-01 1.312016385980883104e-01 9.103322712790167665e-03 4.869139736003641472e-01 0.000000000000000000e+00
3.500000000000000000e+03 1.400004142405966157e-01 3.755120619025944517e-01 2.815202548930359483e-01 1.721665908056440597e-01 1.708010923987255403e-01 0.000000000000000000e+00
3.750000000000000000e+03 1.500004438292106279e-01 3.916704597177970149e-01 3.599226217569412856e-01 1.842284934000910368e-01 6.417842512517069054e-02 0.000000000000000000e+00
4.000000000000000000e+03 1.600004734178248622e-01 3.573054164770141372e-01 4.337733272644515026e-01 1.603322712790168358e-01 4.858898497951752438e-02 0.000000000000000000e+00
4.250000000000000000e+03 1.700005030064388745e-01 3.353436504324078249e-01 4.812243969048702885e-01 1.590805644060081792e-01 2.435138825671370050e-02 0.000000000000000000e+00
4.500000000000000000e+03 1.800005325950528867e-01 3.097405553026854608e-01 5.143377332726445372e-01 1.543013199817933612e-01 2.162039144287665124e-02 0.000000000000000000e+00
4.750000000000000000e+03 1.900005621836668990e-01 2.818616294947655643e-01 5.426718252162039402e-01 1.585116067364588099e-01 1.695493855257168905e-02 0.000000000000000000e+00
5.000000000000000000e+03 2.000005917722809112e-01 2.697997269003186149e-01 5.700955848884843302e-01 1.441738734638143005e-01 1.593081474738279601e-02 0.000000000000000000e+00
5.250000000000000000e+03 2.100006213608949235e-01 2.435138825671370189e-01 5.985434683659536237e-01 1.447428311333636697e-01 1.319981793354574502e-02 0.000000000000000000e+00
5.500000000000000000e+03 2.200006509495091578e-01 1.999317250796540657e-01 6.466772872098316416e-01 1.478152025489303523e-01 5.575785161583977738e-03 0.000000000000000000e+00
5.750000000000000000e+03 2.300006805381231700e-01 1.596495220755575761e-01 6.795630405097861093e-01 1.565771506599908935e-01 4.210286754665453109e-03 0.000000000000000000e+00
6.000000000000000000e+03 2.400007101267371823e-01 1.508875739644970349e-01 6.840009103322712836e-01 1.607874374146563423e-01 4.324078288575329727e-03 0.000000000000000000e+00
6.250000000000000000e+03 2.500007397153511945e-01 1.490669094219390090e-01 6.771734182976786309e-01 1.697769685935366368e-01 3.982703686845699004e-03 0.000000000000000000e+00
6.500000000000000000e+03 2.600007693039652068e-01 1.450842057350933134e-01 6.830905780609922706e-01 1.682976786527082269e-01 3.527537551206190360e-03 0.000000000000000000e+00
6.750000000000000000e+03 2.700007988925792191e-01 1.352981338188438687e-01 6.972007282658170269e-01 1.642011834319526686e-01 3.299954483386436255e-03 0.000000000000000000e+00
7.000000000000000000e+03 2.800008284811934534e-01 1.445152480655439164e-01 6.884387801547564578e-01 1.630632680928539024e-01 3.982703686845699004e-03 0.000000000000000000e+00
7.250000000000000000e+03 2.900008580698074656e-01 1.346153846153846090e-01 6.909421939007738267e-01 1.698907601274465273e-01 4.551661356395083832e-03 0.000000000000000000e+00
7.500000000000000000e+03 3.000008876584214779e-01 1.312016385980883104e-01 6.928766499772417431e-01 1.751251706873008518e-01 7.965407373691396923e-04 0.000000000000000000e+00
7.750000000000000000e+03 3.100009172470354901e-01 1.330223031406463363e-01 6.921939007737824001e-01 1.736458807464724696e-01 1.137915339098770958e-03 0.000000000000000000e+00
8.000000000000000000e+03 3.200009468356495024e-01 1.305188893946290507e-01 6.937869822485207560e-01 1.746700045516613453e-01 1.024123805188893906e-03 0.000000000000000000e+00
8.250000000000000000e+03 3.300009764242635146e-01 1.403049613108784677e-01 6.847974510696404060e-01 1.730769230769230727e-01 1.820664542558033706e-03 0.000000000000000000e+00
8.500000000000000000e+03 3.400010060128777489e-01 1.702321347291761433e-01 6.417842512517069054e-01 1.763768775603095085e-01 1.160673645880746542e-02 0.000000000000000000e+00
8.750000000000000000e+03 3.500010356014917612e-01 1.820664542558033672e-01 6.027537551206190169e-01 2.118798361401911801e-01 3.299954483386436255e-03 0.000000000000000000e+00
9.000000000000000000e+03 3.600010651901057734e-01 1.748975876194810986e-01 6.123122439690487084e-01 2.107419208010923861e-01 2.048247610377787811e-03 0.000000000000000000e+00
9.250000000000000000e+03 3.700010947787197857e-01 1.729631315430132099e-01 6.104915794264906825e-01 2.138142922166590687e-01 2.730996813837050560e-03 0.000000000000000000e+00
9.500000000000000000e+03 3.800011243673337979e-01 1.916249431042330587e-01 5.974055530268548297e-01 2.071005917159763343e-01 3.868912152935821518e-03 0.000000000000000000e+00
9.750000000000000000e+03 3.900011539559478102e-01 2.150659990896677254e-01 5.597405553026855163e-01 2.182521620391442985e-01 6.941283568502503235e-03 0.000000000000000000e+00
1.000000000000000000e+04 4.000011835445620445e-01 2.199590350477924339e-01 5.654301319981793750e-01 2.106281292671825234e-01 3.982703686845699004e-03 0.000000000000000000e+00
1.025000000000000000e+04 4.100012131331760568e-01 2.216659080564405970e-01 5.545061447428311086e-01 2.171142467000455045e-01 6.713700500682749130e-03 0.000000000000000000e+00
1.050000000000000000e+04 4.200012427217900690e-01 2.412380518889394587e-01 5.113791533909877174e-01 2.396449704142011861e-01 7.737824305871643035e-03 0.000000000000000000e+00
1.075000000000000000e+04 4.300012723104038592e-01 2.532999544833864358e-01 4.860036413290851343e-01 2.530723714155666548e-01 7.624032771961766417e-03 0.000000000000000000e+00
1.100000000000000000e+04 4.400013018990180935e-01 2.643377332726445372e-01 4.977241693218024676e-01 2.305416477014110288e-01 7.396449704142011444e-03 0.000000000000000000e+00
1.125000000000000000e+04 4.500013314876323278e-01 2.649066909421938787e-01 5.172963131543013571e-01 2.096040054619936199e-01 8.192990441511151245e-03 0.000000000000000000e+00
1.150000000000000000e+04 4.600013610762463401e-01 2.691169776968593275e-01 5.102412380518889234e-01 2.130177514792899462e-01 7.624032771961766417e-03 0.000000000000000000e+00
1.175000000000000000e+04 4.700013906648601303e-01 2.494310423304506030e-01 5.451752389622211981e-01 1.964041875284478766e-01 8.989531178880291046e-03 0.000000000000000000e+00
1.200000000000000000e+04 4.800014202534743646e-01 2.480655439235320836e-01 5.538233955393718766e-01 1.904870277651342647e-01 7.624032771961766417e-03 0.000000000000000000e+00
1.225000000000000000e+04 4.900014498420885989e-01 2.538689121529358328e-01 5.455166135639508695e-01 1.933318161128811941e-01 7.282658170232134826e-03 0.000000000000000000e+00
1.250000000000000000e+04 5.000014794307023891e-01 2.605826126536185949e-01 5.493855257168867023e-01 1.825216203914428736e-01 7.510241238051888930e-03 0.000000000000000000e+00
1.275000000000000000e+04 5.100015090193164013e-01 2.511379153390987939e-01 5.599681383705051863e-01 1.819526627218935044e-01 6.941283568502503235e-03 0.000000000000000000e+00
1.300000000000000000e+04 5.200015386079306356e-01 2.592171142467000200e-01 5.402822030040964618e-01 1.890077378243058825e-01 1.149294492489758707e-02 0.000000000000000000e+00
1.325000000000000000e+04 5.300015681965446479e-01 2.490896677287209870e-01 5.595129722348657353e-01 1.794492489758761911e-01 1.194811106053709528e-02 0.000000000000000000e+00
1.350000000000000000e+04 5.400015977851586602e-01 2.412380518889394587e-01 5.640646335912608000e-01 1.830905780609922706e-01 1.160673645880746542e-02 0.000000000000000000e+00
1.375000000000000000e+04 5.500016273737724504e-01 2.364588074647246130e-01 5.763541192535275304e-01 1.752389622212107423e-01 1.194811106053709528e-02 0.000000000000000000e+00
1.400000000000000000e+04 5.600016569623866847e-01 2.207555757851615841e-01 6.034365043240782489e-01 1.673873463814292140e-01 8.420573509330906217e-03 0.000000000000000000e+00
1.425000000000000000e+04 5.700016865510009190e-01 2.096040054619936199e-01 6.131087847064178309e-01 1.713700500682749095e-01 5.917159763313609329e-03 0.000000000000000000e+00
1.450000000000000000e+04 5.800017161396149312e-01 2.053937187073281712e-01 6.248293126991352198e-01 1.651115157032316816e-01 4.665452890304961318e-03 0.000000000000000000e+00
1.475000000000000000e+04 5.900017457282287214e-01 2.078971324533454845e-01 6.178880291306326766e-01 1.678425125170687204e-01 6.372325898953117539e-03 0.000000000000000000e+00
1.500000000000000000e+04 6.000017753168429557e-01 1.993627674101046965e-01 6.343878015475649113e-01 1.599908966772872199e-01 6.258534365043240920e-03 0.000000000000000000e+00
1.525000000000000000e+04 6.100018049054571900e-01 2.015248065543923661e-01 6.434911242603550408e-01 1.488393263541192557e-01 6.144742831133363434e-03 0.000000000000000000e+00
1.550000000000000000e+04 6.200018344940709802e-01 2.026627218934911323e-01 6.562357760582612221e-01 1.366636322257624159e-01 4.437869822485207214e-03 0.000000000000000000e+00
1.575000000000000000e+04 6.300018640826849925e-01 2.056213017751479244e-01 6.489531178880291185e-01 1.397360036413290985e-01 5.689576695493855224e-03 0.000000000000000000e+00
1.600000000000000000e+04 6.400018936712992268e-01 2.068730086481565811e-01 6.365498406918524976e-01 1.516841147018661851e-01 4.893035958124715423e-03 0.000000000000000000e+00
1.625000000000000000e+04 6.500019232599132391e-01 2.122212107419207960e-01 6.142467000455166248e-01 1.681838871187983642e-01 5.348202093764223633e-03 0.000000000000000000e+00
1.650000000000000000e+04 6.600019528485272513e-01 2.123350022758306865e-01 6.265361857077833552e-01 1.549840691852526209e-01 6.144742831133363434e-03 0.000000000000000000e+00
1.675000000000000000e+04 6.700019824371410415e-01 2.071005917159763343e-01 6.482703686845698865e-01 1.358670914883932657e-01 8.761948111060537808e-03 0.000000000000000000e+00
1.700000000000000000e+04 6.800020120257552758e-01 2.039144287664997612e-01 6.565771506599908935e-01 1.337050523441055960e-01 5.803368229403732710e-03 0.000000000000000000e+00
1.725000000000000000e+04 6.900020416143695101e-01 2.005006827492034627e-01 6.358670914883932657e-01 1.576012744651797970e-01 6.030951297223486815e-03 0.000000000000000000e+00
1.750000000000000000e+04 7.000020712029835224e-01 1.985662266727355463e-01 6.547564861174328676e-01 1.428083750568957533e-01 3.868912152935821518e-03 0.000000000000000000e+00
1.775000000000000000e+04 7.100021007915973126e-01 1.943559399180700975e-01 6.681838871187983919e-01 1.308602639963586667e-01 6.599908966772872511e-03 0.000000000000000000e+00
1.800000000000000000e+04 7.200021303802115469e-01 1.992489758761948060e-01 6.594219390077378229e-01 1.358670914883932657e-01 5.461993627674101119e-03 0.000000000000000000e+00
1.825000000000000000e+04 7.300021599688257812e-01 2.049385525716886647e-01 6.497496586253982409e-01 1.375739644970414288e-01 7.737824305871643035e-03 0.000000000000000000e+00
1.850000000000000000e+04 7.400021895574395714e-01 2.122212107419207960e-01 6.370050068274920596e-01 1.432635411925352875e-01 7.510241238051888930e-03 0.000000000000000000e+00
1.875000000000000000e+04 7.500022191460535836e-01 2.280382339553937154e-01 6.129949931725079404e-01 1.488393263541192557e-01 1.012744651797906244e-02 0.000000000000000000e+00
1.900000000000000000e+04 7.600022487346678179e-01 2.240555302685480199e-01 6.019572143832498945e-01 1.669321802457897075e-01 7.055075102412380721e-03 0.000000000000000000e+00
1.925000000000000000e+04 7.700022783232818302e-01 2.242831133363677731e-01 6.060537096040055083e-01 1.615839781520254925e-01 8.079198907601274626e-03 0.000000000000000000e+00
1.950000000000000000e+04 7.800023079118958425e-01 2.249658625398270329e-01 6.052571688666362748e-01 1.636322257624032717e-01 6.144742831133363434e-03 0.000000000000000000e+00
1.975000000000000000e+04 7.900023375005096327e-01 2.291761492944924816e-01 6.100364132908511205e-01 1.538461538461538547e-01 6.941283568502503235e-03 0.000000000000000000e+00
2.000000000000000000e+04 8.000023670891238670e-01 2.223486572598998567e-01 6.248293126991352198e-01 1.463359126081019701e-01 6.486117432862995025e-03 0.000000000000000000e+00
2.025000000000000000e+04 8.100023966777381013e-01 2.082385070550751005e-01 6.424670004551661373e-01 1.447428311333636697e-01 4.551661356395083832e-03 0.000000000000000000e+00
2.050000000000000000e+04 8.200024262663521135e-01 2.071005917159763343e-01 6.398497951752389890e-01 1.459945380063723264e-01 7.055075102412380721e-03 0.000000000000000000e+00
2.075000000000000000e+04 8.300024558549659037e-01 2.074419663177059503e-01 6.398497951752389890e-01 1.463359126081019701e-01 6.372325898953117539e-03 0.000000000000000000e+00
2.100000000000000000e+04 8.400024854435801380e-01 2.044833864360491582e-01 6.461083295402821891e-01 1.426945835229858905e-01 6.713700500682749130e-03 0.000000000000000000e+00
2.125000000000000000e+04 8.500025150321943723e-01 2.094902139280837572e-01 6.340464269458352398e-01 1.507737824305871721e-01 5.689576695493855224e-03 0.000000000000000000e+00
2.150000000000000000e+04 8.600025446208081625e-01 2.138142922166590687e-01 6.217569412835685094e-01 1.566909421939007840e-01 7.737824305871643035e-03 0.000000000000000000e+00
2.175000000000000000e+04 8.700025742094221748e-01 2.208693673190714746e-01 6.070778334091943007e-01 1.638598088302230249e-01 8.192990441511151245e-03 0.000000000000000000e+00
2.200000000000000000e+04 8.800026037980361870e-01 2.402139280837505553e-01 5.669094219390077294e-01 1.841147018661811463e-01 8.761948111060537808e-03 0.000000000000000000e+00
2.225000000000000000e+04 8.900026333866504213e-01 2.371415566681839004e-01 5.421028675466544877e-01 2.129039599453800558e-01 7.851615839781519654e-03 0.000000000000000000e+00
2.250000000000000000e+04 9.000026629752644336e-01 2.451069640418752915e-01 5.454028220300409791e-01 2.040282203004096517e-01 5.461993627674101119e-03 0.000000000000000000e+00
2.275000000000000000e+04 9.100026925638782238e-01 2.527309968138370389e-01 5.796540737369140217e-01 1.635184342284934089e-01 4.096495220755575623e-03 0.000000000000000000e+00
2.300000000000000000e+04 9.200027221524924581e-01 2.498862084660901095e-01 6.069640418752845212e-01 1.379153390987710448e-01 5.234410559854347014e-03 0.000000000000000000e+00
2.325000000000000000e+04 9.300027517411066924e-01 2.432862994993172379e-01 6.267637687756031362e-01 1.217569412835685094e-01 8.192990441511151245e-03 0.000000000000000000e+00
2.350000000000000000e+04 9.400027813297204826e-01 2.420345926263086089e-01 6.440600819299043822e-01 1.096950386891215323e-01 4.210286754665453109e-03 0.000000000000000000e+00
2.375000000000000000e+04 9.500028109183344949e-01 2.382794720072826666e-01 6.440600819299043822e-01 1.101502048247610388e-01 7.510241238051888930e-03 0.000000000000000000e+00
2.400000000000000000e+04 9.600028405069487292e-01 2.339553937187073274e-01 6.677287209831588299e-01 9.126081019572143682e-02 7.055075102412380721e-03 0.000000000000000000e+00
2.425000000000000000e+04 9.700028700955629635e-01 2.370277651342740100e-01 6.811561219845243542e-01 7.373691397360036814e-02 8.079198907601274626e-03 0.000000000000000000e+00
2.450000000000000000e+04 9.800028996841767537e-01 2.250796540737369233e-01 6.920801092398725096e-01 7.578516158397814728e-02 7.055075102412380721e-03 0.000000000000000000e+00
2.475000000000000000e+04 9.900029292727907659e-01 2.150659990896677254e-01 7.098315885298134287e-01 6.850250341374601593e-02 6.599908966772872511e-03 0.000000000000000000e+00
2.500000000000000000e+04 1.000002958861404778e+00 2.242831133363677731e-01 6.852526172052799680e-01 8.431952662721893532e-02 6.144742831133363434e-03 0.000000000000000000e+00
