# itime ezz other fcc hcp bcc ico
0.000000000000000000e+00 0.000000000000000000e+00 0.000000000000000000e+00 1.000000000000000000e+00 0.000000000000000000e+00 0.000000000000000000e+00 0.000000000000000000e+00
2.500000000000000000e+01 9.999832791993679137e-04 0.000000000000000000e+00 1.000000000000000000e+00 0.000000000000000000e+00 0.000000000000000000e+00 0.000000000000000000e+00
5.000000000000000000e+01 1.999966558398513783e-03 0.000000000000000000e+00 1.000000000000000000e+00 0.000000000000000000e+00 0.000000000000000000e+00 0.000000000000000000e+00
7.500000000000000000e+01 2.999949837597881697e-03 0.000000000000000000e+00 1.000000000000000000e+00 0.000000000000000000e+00 0.000000000000000000e+00 0.000000000000000000e+00
1.000000000000000000e+02 3.999933116797249610e-03 0.000000000000000000e+00 1.000000000000000000e+00 0.000000000000000000e+00 0.000000000000000000e+00 0.000000000000000000e+00
1.250000000000000000e+02 4.999916395996617524e-03 0.000000000000000000e+00 1.000000000000000000e+00 0.000000000000000000e+00 0.000000000000000000e+00 0.000000000000000000e+00
1.500000000000000000e+02 5.999899675195763393e-03 0.000000000000000000e+00 1.000000000000000000e+00 0.000000000000000000e+00 0.000000000000000000e+00 0.000000000000000000e+00
1.750000000000000000e+02 6.999882954395131307e-03 0.000000000000000000e+00 1.000000000000000000e+00 0.000000000000000000e+00 0.000000000000000000e+00 0.000000000000000000e+00
2.000000000000000000e+02 7.999866233594499221e-03 0.000000000000000000e+00 1.000000000000000000e+00 0.000000000000000000e+00 0.000000000000000000e+00 0.000000000000000000e+00
2.250000000000000000e+02 8.999849512793867135e-03 0.000000000000000000e+00 1.000000000000000000e+00 0.000000000000000000e+00 0.000000000000000000e+00 0.000000000000000000e+00
2.500000000000000000e+02 9.999832791993013004e-03 0.000000000000000000e+00 1.000000000000000000e+00 0.000000000000000000e+00 0.000000000000000000e+00 0.000000000000000000e+00
2.750000000000000000e+02 1.099981607119238092e-02 0.000000000000000000e+00 1.000000000000000000e+00 0.000000000000000000e+00 0.000000000000000000e+00 0.000000000000000000e+00
3.000000000000000000e+02 1.199979935039174883e-02 0.000000000000000000e+00 1.000000000000000000e+00 0.000000000000000000e+00 0.000000000000000000e+00 0.000000000000000000e+00
3.250000000000000000e+02 1.299978262959111674e-02 0.000000000000000000e+00 1.000000000000000000e+00 0.000000000000000000e+00 0.000000000000000000e+00 0.000000000000000000e+00
3.500000000000000000e+02 1.399976590879026261e-02 3.413746017296313199e-04 9.996586253982703285e-01 0.000000000000000000e+00 0.000000000000000000e+00 0.000000000000000000e+00
3.750000000000000000e+02 1.499974918798963053e-02 0.000000000000000000e+00 1.000000000000000000e+00 0.000000000000000000e+00 0.000000000000000000e+00 0.000000000000000000e+00
4.000000000000000000e+02 1.599973246718899844e-02 0.000000000000000000e+00 1.000000000000000000e+00 0.000000000000000000e+00 0.000000000000000000e+00 0.000000000000000000e+00
4.250000000000000000e+02 1.699971574638836636e-02 0.000000000000000000e+00 1.000000000000000000e+00 0.000000000000000000e+00 0.000000000000000000e+00 0.000000000000000000e+00
4.500000000000000000e+02 1.799969902558751222e-02 0.000000000000000000e+00 1.000000000000000000e+00 0.000000000000000000e+00 0.000000000000000000e+00 0.000000000000000000e+00
4.750000000000000000e+02 1.899968230478688014e-02 0.000000000000000000e+00 1.000000000000000000e+00 0.000000000000000000e+00 0.000000000000000000e+00 0.000000000000000000e+00
5.000000000000000000e+02 1.999966558398624805e-02 0.000000000000000000e+00 1.000000000000000000e+00 0.000000000000000000e+00 0.000000000000000000e+00 0.000000000000000000e+00
5.250000000000000000e+02 2.099964886318561597e-02 0.000000000000000000e+00 1.000000000000000000e+00 0.000000000000000000e+00 0.000000000000000000e+00 0.000000000000000000e+00
5.500000000000000000e+02 2.199963214238476183e-02 0.000000000000000000e+00 1.000000000000000000e+00 0.000000000000000000e+00 0.000000000000000000e+00 0.000000000000000000e+00
5.750000000000000000e+02 2.299961542158412975e-02 0.000000000000000000e+00 1.000000000000000000e+00 0.000000000000000000e+00 0.000000000000000000e+00 0.000000000000000000e+00
6.000000000000000000e+02 2.399959870078349766e-02 0.000000000000000000e+00 1.000000000000000000e+00 0.000000000000000000e+00 0.000000000000000000e+00 0.000000000000000000e+00
6.250000000000000000e+02 2.499958197998286558e-02 0.000000000000000000e+00 1.000000000000000000e+00 0.000000000000000000e+00 0.000000000000000000e+00 0.000000000000000000e+00
6.500000000000000000e+02 2.599956525918201145e-02 0.000000000000000000e+00 1.000000000000000000e+00 0.000000000000000000e+00 0.000000000000000000e+00 0.000000000000000000e+00
6.750000000000000000e+02 2.699954853838137936e-02 0.000000000000000000e+00 1.000000000000000000e+00 0.000000000000000000e+00 0.000000000000000000e+00 0.000000000000000000e+00
7.000000000000000000e+02 2.799953181758074727e-02 0.000000000000000000e+00 1.000000000000000000e+00 0.000000000000000000e+00 0.000000000000000000e+00 0.000000000000000000e+00
7.250000000000000000e+02 2.899951509678011519e-02 0.000000000000000000e+00 1.000000000000000000e+00 0.000000000000000000e+00 0.000000000000000000e+00 0.000000000000000000e+00
7.500000000000000000e+02 2.999949837597926106e-02 0.000000000000000000e+00 1.000000000000000000e+00 0.000000000000000000e+00 0.000000000000000000e+00 0.000000000000000000e+00
7.750000000000000000e+02 3.099948165517862897e-02 0.000000000000000000e+00 1.000000000000000000e+00 0.000000000000000000e+00 0.000000000000000000e+00 0.000000000000000000e+00
8.000000000000000000e+02 3.199946493437799688e-02 0.000000000000000000e+00 1.000000000000000000e+00 0.000000000000000000e+00 0.000000000000000000e+00 0.000000000000000000e+00
8.250000000000000000e+02 3.299944821357736480e-02 0.000000000000000000e+00 1.000000000000000000e+00 0.000000000000000000e+00 0.000000000000000000e+00 0.000000000000000000e+00
8.500000000000000000e+02 3.399943149277651067e-02 0.000000000000000000e+00 1.000000000000000000e+00 0.000000000000000000e+00 0.000000000000000000e+00 0.000000000000000000e+00
8.750000000000000000e+02 3.499941477197587858e-02 0.000000000000000000e+00 1.000000000000000000e+00 0.000000000000000000e+00 0.000000000000000000e+00 0.000000000000000000e+00
9.000000000000000000e+02 3.599939805117524649e-02 0.000000000000000000e+00 1.000000000000000000e+00 0.000000000000000000e+00 0.000000000000000000e+00 0.000000000000000000e+00
9.250000000000000000e+02 3.699938133037461441e-02 0.000000000000000000e+00 1.000000000000000000e+00 0.000000000000000000e+00 0.000000000000000000e+00 0.000000000000000000e+00
9.500000000000000000e+02 3.799936460957376028e-02 0.000000000000000000e+00 1.000000000000000000e+00 0.000000000000000000e+00 0.000000000000000000e+00 0.000000000000000000e+00
9.750000000000000000e+02 3.899934788877312819e-02 0.000000000000000000e+00 1.000000000000000000e+00 0.000000000000000000e+00 0.000000000000000000e+00 0.000000000000000000e+00
1.000000000000000000e+03 3.999933116797249610e-02 0.000000000000000000e+00 1.000000000000000000e+00 0.000000000000000000e+00 0.000000000000000000e+00 0.000000000000000000e+00
1.025000000000000000e+03 4.099931444717186402e-02 0.000000000000000000e+00 1.000000000000000000e+00 0.000000000000000000e+00 0.000000000000000000e+00 0.000000000000000000e+00
1.050000000000000000e+03 4.199929772637100989e-02 0.000000000000000000e+00 1.000000000000000000e+00 0.000000000000000000e+00 0.000000000000000000e+00 0.000000000000000000e+00
1.075000000000000000e+03 4.299928100557037780e-02 0.000000000000000000e+00 1.000000000000000000e+00 0.000000000000000000e+00 0.000000000000000000e+00 0.000000000000000000e+00
1.100000000000000000e+03 4.399926428476974571e-02 0.000000000000000000e+00 1.000000000000000000e+00 0.000000000000000000e+00 0.000000000000000000e+00 0.000000000000000000e+00
1.125000000000000000e+03 4.499924756396911363e-02 0.000000000000000000e+00 1.000000000000000000e+00 0.000000000000000000e+00 0.000000000000000000e+00 0.000000000000000000e+00
1.150000000000000000e+03 4.599923084316825950e-02 0.000000000000000000e+00 1.000000000000000000e+00 0.000000000000000000e+00 0.000000000000000000e+00 0.000000000000000000e+00
1.175000000000000000e+03 4.699921412236762741e-02 0.000000000000000000e+00 1.000000000000000000e+00 0.000000000000000000e+00 0.000000000000000000e+00 0.000000000000000000e+00
1.200000000000000000e+03 4.799919740156699532e-02 0.000000000000000000e+00 1.000000000000000000e+00 0.000000000000000000e+00 0.000000000000000000e+00 0.000000000000000000e+00
1.225000000000000000e+03 4.899918068076636324e-02 0.000000000000000000e+00 1.000000000000000000e+00 0.000000000000000000e+00 0.000000000000000000e+00 0.000000000000000000e+00
1.250000000000000000e+03 4.999916395996550911e-02 0.000000000000000000e+00 1.000000000000000000e+00 0.000000000000000000e+00 0.000000000000000000e+00 0.000000000000000000e+00
1.275000000000000000e+03 5.099914723916487702e-02 0.000000000000000000e+00 1.000000000000000000e+00 0.000000000000000000e+00 0.000000000000000000e+00 0.000000000000000000e+00
1.300000000000000000e+03 5.199913051836424494e-02 0.000000000000000000e+00 1.000000000000000000e+00 0.000000000000000000e+00 0.000000000000000000e+00 0.000000000000000000e+00
1.325000000000000000e+03 5.299911379756361285e-02 0.000000000000000000e+00 1.000000000000000000e+00 0.000000000000000000e+00 0.000000000000000000e+00 0.000000000000000000e+00
1.350000000000000000e+03 5.399909707676275872e-02 0.000000000000000000e+00 1.000000000000000000e+00 0.000000000000000000e+00 0.000000000000000000e+00 0.000000000000000000e+00
1.375000000000000000e+03 5.499908035596212663e-02 0.000000000000000000e+00 1.000000000000000000e+00 0.000000000000000000e+00 0.000000000000000000e+00 0.000000000000000000e+00
1.400000000000000000e+03 5.599906363516149455e-02 0.000000000000000000e+00 1.000000000000000000e+00 0.000000000000000000e+00 0.000000000000000000e+00 0.000000000000000000e+00
1.425000000000000000e+03 5.699904691436086246e-02 0.000000000000000000e+00 1.000000000000000000e+00 0.000000000000000000e+00 0.000000000000000000e+00 0.000000000000000000e+00
1.450000000000000000e+03 5.799903019356000833e-02 0.000000000000000000e+00 1.000000000000000000e+00 0.000000000000000000e+00 0.000000000000000000e+00 0.000000000000000000e+00
1.475000000000000000e+03 5.899901347275937624e-02 0.000000000000000000e+00 1.000000000000000000e+00 0.000000000000000000e+00 0.000000000000000000e+00 0.000000000000000000e+00
1.500000000000000000e+03 5.999899675195874416e-02 0.000000000000000000e+00 1.000000000000000000e+00 0.000000000000000000e+00 0.000000000000000000e+00 0.000000000000000000e+00
1.525000000000000000e+03 6.099898003115811207e-02 0.000000000000000000e+00 1.000000000000000000e+00 0.000000000000000000e+00 0.000000000000000000e+00 0.000000000000000000e+00
1.550000000000000000e+03 6.199896331035725794e-02 0.000000000000000000e+00 1.000000000000000000e+00 0.000000000000000000e+00 0.000000000000000000e+00 0.000000000000000000e+00
1.575000000000000000e+03 6.299894658955662585e-02 0.000000000000000000e+00 1.000000000000000000e+00 0.000000000000000000e+00 0.000000000000000000e+00 0.000000000000000000e+00
1.600000000000000000e+03 6.399892986875599377e-02 0.000000000000000000e+00 1.000000000000000000e+00 0.000000000000000000e+00 0.000000000000000000e+00 0.000000000000000000e+00
1.625000000000000000e+03 6.499891314795536168e-02 0.000000000000000000e+00 1.000000000000000000e+00 0.000000000000000000e+00 0.000000000000000000e+00 0.000000000000000000e+00
1.650000000000000000e+03 6.599889642715450755e-02 0.000000000000000000e+00 1.000000000000000000e+00 0.000000000000000000e+00 0.000000000000000000e+00 0.000000000000000000e+00
1.675000000000000000e+03 6.699887970635387546e-02 0.000000000000000000e+00 1.000000000000000000e+00 0.000000000000000000e+00 0.000000000000000000e+00 0.000000000000000000e+00
1.700000000000000000e+03 6.799886298555324338e-02 0.000000000000000000e+00 1.000000000000000000e+00 0.000000000000000000e+00 0.000000000000000000e+00 0.000000000000000000e+00
1.725000000000000000e+03 6.899884626475261129e-02 2.275830678197542133e-04 9.997724169321802190e-01 0.000000000000000000e+00 0.000000000000000000e+00 0.000000000000000000e+00
1.750000000000000000e+03 6.999882954395175716e-02 0.000000000000000000e+00 1.000000000000000000e+00 0.000000000000000000e+00 0.000000000000000000e+00 0.000000000000000000e+00
1.775000000000000000e+03 7.099881282315112507e-02 4.551661356395084266e-04 9.995448338643604380e-01 0.000000000000000000e+00 0.000000000000000000e+00 0.000000000000000000e+00
1.800000000000000000e+03 7.199879610235049299e-02 0.000000000000000000e+00 1.000000000000000000e+00 0.000000000000000000e+00 0.000000000000000000e+00 0.000000000000000000e+00
1.825000000000000000e+03 7.299877938154986090e-02 0.000000000000000000e+00 1.000000000000000000e+00 0.000000000000000000e+00 0.000000000000000000e+00 0.000000000000000000e+00
1.850000000000000000e+03 7.399876266074900677e-02 3.413746017296313199e-04 9.996586253982703285e-01 0.000000000000000000e+00 0.000000000000000000e+00 0.000000000000000000e+00
1.875000000000000000e+03 7.499874593994837468e-02 0.000000000000000000e+00 1.000000000000000000e+00 0.000000000000000000e+00 0.000000000000000000e+00 0.000000000000000000e+00
1.900000000000000000e+03 7.599872921914774260e-02 0.000000000000000000e+00 1.000000000000000000e+00 0.000000000000000000e+00 0.000000000000000000e+00 0.000000000000000000e+00
1.925000000000000000e+03 7.699871249834711051e-02 0.000000000000000000e+00 1.000000000000000000e+00 0.000000000000000000e+00 0.000000000000000000e+00 0.000000000000000000e+00
1.950000000000000000e+03 7.799869577754625638e-02 4.551661356395084266e-04 9.994310423304506585e-01 0.000000000000000000e+00 1.137915339098771066e-04 0.000000000000000000e+00
1.975000000000000000e+03 7.899867905674562429e-02 2.275830678197542133e-04 9.997724169321802190e-01 0.000000000000000000e+00 0.000000000000000000e+00 0.000000000000000000e+00
2.000000000000000000e+03 7.999866233594499221e-02 0.000000000000000000e+00 1.000000000000000000e+00 0.000000000000000000e+00 0.000000000000000000e+00 0.000000000000000000e+00
2.025000000000000000e+03 8.099864561514436012e-02 0.000000000000000000e+00 1.000000000000000000e+00 0.000000000000000000e+00 0.000000000000000000e+00 0.000000000000000000e+00
2.050000000000000000e+03 8.199862889434350599e-02 6.827492034592626399e-04 9.993172507965407680e-01 0.000000000000000000e+00 0.000000000000000000e+00 0.000000000000000000e+00
2.075000000000000000e+03 8.299861217354287390e-02 1.706873008648156654e-03 9.982931269913518646e-01 0.000000000000000000e+00 0.000000000000000000e+00 0.000000000000000000e+00
2.100000000000000000e+03 8.399859545274224182e-02 5.689576695493854790e-04 9.994310423304506585e-01 0.000000000000000000e+00 0.000000000000000000e+00 0.000000000000000000e+00
2.125000000000000000e+03 8.499857873194160973e-02 1.251706873008648227e-03 9.987482931269913156e-01 0.000000000000000000e+00 0.000000000000000000e+00 0.000000000000000000e+00
2.150000000000000000e+03 8.599856201114075560e-02 0.000000000000000000e+00 1.000000000000000000e+00 0.000000000000000000e+00 0.000000000000000000e+00 0.000000000000000000e+00
2.175000000000000000e+03 8.699854529034012351e-02 1.137915339098771066e-04 9.998862084660901095e-01 0.000000000000000000e+00 0.000000000000000000e+00 0.000000000000000000e+00
2.200000000000000000e+03 8.799852856953949143e-02 6.827492034592626399e-04 9.993172507965407680e-01 0.000000000000000000e+00 0.000000000000000000e+00 0.000000000000000000e+00
2.225000000000000000e+03 8.899851184873885934e-02 7.965407373691396923e-04 9.992034592626308775e-01 0.000000000000000000e+00 0.000000000000000000e+00 0.000000000000000000e+00
2.250000000000000000e+03 8.999849512793800521e-02 4.551661356395084266e-04 9.995448338643604380e-01 0.000000000000000000e+00 0.000000000000000000e+00 0.000000000000000000e+00
2.275000000000000000e+03 9.099847840713737313e-02 2.275830678197542133e-04 9.997724169321802190e-01 0.000000000000000000e+00 0.000000000000000000e+00 0.000000000000000000e+00
2.300000000000000000e+03 9.199846168633674104e-02 6.827492034592626399e-04 9.992034592626308775e-01 0.000000000000000000e+00 1.137915339098771066e-04 0.000000000000000000e+00
2.325000000000000000e+03 9.299844496553610895e-02 3.413746017296313199e-04 9.996586253982703285e-01 0.000000000000000000e+00 0.000000000000000000e+00 0.000000000000000000e+00
2.350000000000000000e+03 9.399842824473525482e-02 1.365498406918525280e-03 9.986345015930814251e-01 0.000000000000000000e+00 0.000000000000000000e+00 0.000000000000000000e+00
2.375000000000000000e+03 9.499841152393462274e-02 1.934456076467910759e-03 9.979517523896221931e-01 0.000000000000000000e+00 1.137915339098771066e-04 0.000000000000000000e+00
2.400000000000000000e+03 9.599839480313399065e-02 1.137915339098770958e-03 9.987482931269913156e-01 0.000000000000000000e+00 1.137915339098771066e-04 0.000000000000000000e+00
2.425000000000000000e+03 9.699837808233335856e-02 1.024123805188893906e-03 9.989758761948110966e-01 0.000000000000000000e+00 0.000000000000000000e+00 0.000000000000000000e+00
2.450000000000000000e+03 9.799836136153250443e-02 2.275830678197541916e-03 9.977241693218024121e-01 0.000000000000000000e+00 0.000000000000000000e+00 0.000000000000000000e+00
2.475000000000000000e+03 9.899834464073187235e-02 1.024123805188893906e-03 9.989758761948110966e-01 0.000000000000000000e+00 0.000000000000000000e+00 0.000000000000000000e+00
2.500000000000000000e+03 9.999832791993124026e-02 2.389622212107419402e-03 9.972690031861629611e-01 0.000000000000000000e+00 3.413746017296313199e-04 0.000000000000000000e+00
2.525000000000000000e+03 1.009983111991306082e-01 2.503413746017296455e-03 9.973827947200728516e-01 0.000000000000000000e+00 1.137915339098771066e-04 0.000000000000000000e+00
2.550000000000000000e+03 1.019982944783297540e-01 3.299954483386436255e-03 9.967000455166135087e-01 0.000000000000000000e+00 0.000000000000000000e+00 0.000000000000000000e+00
2.575000000000000000e+03 1.029982777575291220e-01 2.617205279927173507e-03 9.972690031861629611e-01 0.000000000000000000e+00 1.137915339098771066e-04 0.000000000000000000e+00
2.600000000000000000e+03 1.039982610367284899e-01 2.617205279927173507e-03 9.971552116522530707e-01 0.000000000000000000e+00 2.275830678197542133e-04 0.000000000000000000e+00
2.625000000000000000e+03 1.049982443159278578e-01 2.162039144287664864e-03 9.978379608557123026e-01 0.000000000000000000e+00 0.000000000000000000e+00 0.000000000000000000e+00
2.650000000000000000e+03 1.059982275951270037e-01 3.868912152935821518e-03 9.957897132453344957e-01 0.000000000000000000e+00 3.413746017296313199e-04 0.000000000000000000e+00
2.675000000000000000e+03 1.069982108743263716e-01 4.210286754665453109e-03 9.956759217114247162e-01 0.000000000000000000e+00 1.137915339098771066e-04 0.000000000000000000e+00
2.700000000000000000e+03 1.079981941535257395e-01 6.941283568502503235e-03 9.927173418297678964e-01 0.000000000000000000e+00 3.413746017296313199e-04 0.000000000000000000e+00
2.725000000000000000e+03 1.089981774327251074e-01 7.282658170232134826e-03 9.926035502958580059e-01 0.000000000000000000e+00 1.137915339098771066e-04 0.000000000000000000e+00
2.750000000000000000e+03 1.099981607119242533e-01 5.348202093764223633e-03 9.945380063723259223e-01 0.000000000000000000e+00 1.137915339098771066e-04 0.000000000000000000e+00
2.775000000000000000e+03 1.109981439911236212e-01 7.851615839781519654e-03 9.915794264906691025e-01 0.000000000000000000e+00 5.689576695493854790e-04 0.000000000000000000e+00
2.800000000000000000e+03 1.119981272703229891e-01 8.420573509330906217e-03 9.911242603550295405e-01 0.000000000000000000e+00 4.551661356395084266e-04 0.000000000000000000e+00
2.825000000000000000e+03 1.129981105495223570e-01 1.115157032316795548e-02 9.881656804733728316e-01 0.000000000000000000e+00 6.827492034592626399e-04 0.000000000000000000e+00
2.850000000000000000e+03 1.139980938287215029e-01 1.331360946745562164e-02 9.847519344560764498e-01 0.000000000000000000e+00 1.934456076467910759e-03 0.000000000000000000e+00
2.875000000000000000e+03 1.149980771079208708e-01 1.445152480655439303e-02 9.840691852526172179e-01 0.000000000000000000e+00 1.479289940828402332e-03 0.000000000000000000e+00
2.900000000000000000e+03 1.159980603871202387e-01 1.809285389167045871e-02 9.798588984979517136e-01 0.000000000000000000e+00 2.048247610377787811e-03 0.000000000000000000e+00
2.925000000000000000e+03 1.169980436663196066e-01 2.822030040964952288e-02 9.644970414201183839e-01 0.000000000000000000e+00 7.282658170232134826e-03 0.000000000000000000e+00
2.950000000000000000e+03 1.179980269455187525e-01 4.335457441966317910e-02 9.421939007737824001e-01 0.000000000000000000e+00 1.445152480655439303e-02 0.000000000000000000e+00
2.975000000000000000e+03 1.189980102247181204e-01 7.294037323623121793e-02 8.864360491579426071e-01 0.000000000000000000e+00 4.062357760582612637e-02 0.000000000000000000e+00
3.000000000000000000e+03 1.199979935039174883e-01 9.797451069640418508e-02 8.041647701411015481e-01 0.000000000000000000e+00 9.786071916249430847e-02 0.000000000000000000e+00
3.025000000000000000e+03 1.209979767831168562e-01 1.578288575329995502e-01 6.459945380063722986e-01 0.000000000000000000e+00 1.961766044606281234e-01 0.000000000000000000e+00
3.050000000000000000e+03 1.219979600623160021e-01 2.346381429221665871e-01 4.506144742831133532e-01 1.137915339098771066e-04 3.146335912608101970e-01 0.000000000000000000e+00
3.075000000000000000e+03 1.229979433415153700e-01 3.148611743286299225e-01 2.613791533909877174e-01 2.275830678197542133e-04 4.235320892125625791e-01 0.000000000000000000e+00
3.100000000000000000e+03 1.239979266207147379e-01 3.568502503413745752e-01 1.548702776513427304e-01 4.551661356395084266e-04 4.878243058716431602e-01 0.000000000000000000e+00
3.125000000000000000e+03 1.249979098999141058e-01 3.606053709604005730e-01 1.251706873008648080e-01 1.024123805188893906e-03 5.131998179335457433e-01 0.000000000000000000e+00
3.150000000000000000e+03 1.259978931791132517e-01 3.417159763313609711e-01 1.300637232589895442e-01 1.024123805188893906e-03 5.271961766044606090e-01 0.000000000000000000e+00
3.175000000000000000e+03 1.269978764583126196e-01 3.386436049157942607e-01 1.500910332271279124e-01 1.251706873008648227e-03 5.100136549840691425e-01 0.000000000000000000e+00
3.200000000000000000e+03 1.279978597375119875e-01 3.594674556213017791e-01 1.486117432862995025e-01 1.137915339098770958e-03 4.907828857532999800e-01 0.000000000000000000e+00
3.225000000000000000e+03 1.289978430167113554e-01 3.808602639963586944e-01 1.558944014565316338e-01 6.941283568502503235e-03 4.563040509786072119e-01 0.000000000000000000e+00
3.250000000000000000e+03 1.299978262959105013e-01 3.619708693673190925e-01 1.715976331360946627e-01 1.797906235776058209e-02 4.484524351388256558e-01 0.000000000000000000e+00
3.275000000000000000e+03 1.309978095751098692e-01 3.651570323167956378e-01 1.804733727810650945e-01 3.140646335912607862e-02 4.229631315430131822e-01 0.000000000000000000e+00
3.300000000000000000e+03 1.319977928543092371e-01 3.629949931725079404e-01 1.867319071461083224e-01 4.915794264906690747e-02 4.011151570323168158e-01 0.000000000000000000e+00
3.325000000000000000e+03 1.329977761335086051e-01 3.677742375967227861e-01 1.949248975876194945e-01 6.850250341374601593e-02 3.687983614019116896e-01 0.000000000000000000e+00
3.350000000000000000e+03 1.339977594127077509e-01 3.700500682749203185e-01 2.015248065543923661e-01 9.615384615384615918e-02 3.322712790168411701e-01 0.000000000000000000e+00
3.375000000000000000e+03 1.349977426919071188e-01 3.791533909877105035e-01 2.142694583522985752e-01 1.224396904870277691e-01 2.841374601729631522e-01 0.000000000000000000e+00
3.400000000000000000e+03 1.359977259711064868e-01 3.768775603095129711e-01 2.327036868456986707e-01 1.424670004551661373e-01 2.479517523896222209e-01 0.000000000000000000e+00
3.425000000000000000e+03 1.369977092503058547e-01 3.814292216659080359e-01 2.443104233045061413e-01 1.612426035502958488e-01 2.130177514792899462e-01 0.000000000000000000e+00
3.450000000000000000e+03 1.379976925295050005e-01 3.887118798361401950e-01 2.510241238051889034e-01 1.667045971779699542e-01 1.935593991807009473e-01 0.000000000000000000e+00
3.475000000000000000e+03 1.389976758087043684e-01 4.007737824305871444e-01 2.593309057806099105e-01 1.844560764679107900e-01 1.554392353208921274e-01 0.000000000000000000e+00
3.500000000000000000e+03 1.399976590879037364e-01 3.882567137005006885e-01 2.696859353664087244e-01 1.916249431042330587e-01 1.504324078288575284e-01 0.000000000000000000e+00
3.525000000000000000e+03 1.409976423671031043e-01 3.851843422849339782e-01 2.703686845698680119e-01 1.932180245789713313e-01 1.512289485662266786e-01 0.000000000000000000e+00
3.550000000000000000e+03 1.419976256463022501e-01 3.830223031406463363e-01 2.741238051888939542e-01 2.080109239872553473e-01 1.348429676832043622e-01 0.000000000000000000e+00
3.575000000000000000e+03 1.429976089255016181e-01 3.892808375056895920e-01 2.777651342740100060e-01 2.121074192080109333e-01 1.208466090122894826e-01 0.000000000000000000e+00
3.600000000000000000e+03 1.439975922047009860e-01 3.837050523441056238e-01 2.783340919435594030e-01 2.180245789713245452e-01 1.199362767410104696e-01 0.000000000000000000e+00
3.625000000000000000e+03 1.449975754839003539e-01 3.809740555302685294e-01 2.835685025034137552e-01 2.256486117432862926e-01 1.098088302230314089e-01 0.000000000000000000e+00
3.650000000000000000e+03 1.459975587630994998e-01 3.746017296313154388e-01 2.899408284023668458e-01 2.236003641329085134e-01 1.118570778334091881e-01 0.000000000000000000e+00
3.675000000000000000e+03 1.469975420422988677e-01 3.651570323167956378e-01 3.009786071916249472e-01 2.289485662266727284e-01 1.049157942649066866e-01 0.000000000000000000e+00
3.700000000000000000e+03 1.479975253214982356e-01 3.602639963586709015e-01 3.091715976331361193e-01 2.283796085571233592e-01 1.021847974510696339e-01 0.000000000000000000e+00
3.725000000000000000e+03 1.489975086006976035e-01 3.546882111970869333e-01 3.205507510241237812e-01 2.294037323623122349e-01 9.535730541647700897e-02 0.000000000000000000e+00
3.750000000000000000e+03 1.499974918798967494e-01 3.536640873918980299e-01 3.189576695493855363e-01 2.294037323623122349e-01 9.797451069640418508e-02 0.000000000000000000e+00
3.775000000000000000e+03 1.509974751590961173e-01 3.552571688666363303e-01 3.186162949476559203e-01 2.271279016841147025e-01 9.899863450159307465e-02 0.000000000000000000e+00
3.800000000000000000e+03 1.519974584382954852e-01 3.541192535275375364e-01 3.204369594902139462e-01 2.255348202093764298e-01 9.990896677287210148e-02 0.000000000000000000e+00
3.825000000000000000e+03 1.529974417174948531e-01 3.571916249431042467e-01 3.218024578971324656e-01 2.303140646335912478e-01 9.069185252617205373e-02 0.000000000000000000e+00
3.850000000000000000e+03 1.539974249966939990e-01 3.645880746472462408e-01 3.194128356850250428e-01 2.317933545744196577e-01 8.420573509330905870e-02 0.000000000000000000e+00
3.875000000000000000e+03 1.549974082758933669e-01 3.601502048247610110e-01 3.167956304050978389e-01 2.332726445152480677e-01 8.978152025489304078e-02 0.000000000000000000e+00
3.900000000000000000e+03 1.559973915550927348e-01 3.582157487482931502e-01 3.183887118798361393e-01 2.434000910332271284e-01 7.999544833864360993e-02 0.000000000000000000e+00
3.925000000000000000e+03 1.569973748342921027e-01 3.570778334091943562e-01 3.183887118798361393e-01 2.451069640418752915e-01 7.942649066909421296e-02 0.000000000000000000e+00
3.950000000000000000e+03 1.579973581134912486e-01 3.549157942649067143e-01 3.245334547109695045e-01 2.454483386436049075e-01 7.510241238051888757e-02 0.000000000000000000e+00
3.975000000000000000e+03 1.589973413926906165e-01 3.475193445607646647e-01 3.263541192535275304e-01 2.497724169321802468e-01 7.635411925352754425e-02 0.000000000000000000e+00
4.000000000000000000e+03 1.599973246718899844e-01 3.417159763313609711e-01 3.332954028220300180e-01 2.553482020937642427e-01 6.964041875284478211e-02 0.000000000000000000e+00
4.025000000000000000e+03 1.609973079510893523e-01 3.397815202548930547e-01 3.305644060081929791e-01 2.558033682294037492e-01 7.385070550751024476e-02 0.000000000000000000e+00
4.050000000000000000e+03 1.619972912302884982e-01 3.404642694583522866e-01 3.339781520254893055e-01 2.570550751024123781e-01 6.850250341374601593e-02 0.000000000000000000e+00
4.075000000000000000e+03 1.629972745094878661e-01 3.426263086026399840e-01 3.336367774237596895e-01 2.562585343650432557e-01 6.747837960855712636e-02 0.000000000000000000e+00
4.100000000000000000e+03 1.639972577886872340e-01 3.392125625853436577e-01 3.342057350933090309e-01 2.537551206190259423e-01 7.282658170232134132e-02 0.000000000000000000e+00
4.125000000000000000e+03 1.649972410678866019e-01 3.337505689576695245e-01 3.375056895766954668e-01 2.592171142467000200e-01 6.941283568502502888e-02 1.137915339098771066e-04
4.150000000000000000e+03 1.659972243470857478e-01 3.418297678652708060e-01 3.403504779244423961e-01 2.618343195266272239e-01 5.598543468365953235e-02 0.000000000000000000e+00
4.175000000000000000e+03 1.669972076262851157e-01 3.344333181611288119e-01 3.437642239417387224e-01 2.598998634501593075e-01 6.190259444697314428e-02 0.000000000000000000e+00
4.200000000000000000e+03 1.679971909054844836e-01 3.312471552116522666e-01 3.488848429676831842e-01 2.617205279927173334e-01 5.814747382794720199e-02 0.000000000000000000e+00
4.225000000000000000e+03 1.689971741846838515e-01 3.354574419663177154e-01 3.412608101957214646e-01 2.644515248065543722e-01 5.883022303140646170e-02 0.000000000000000000e+00
4.250000000000000000e+03 1.699971574638829974e-01 3.319299044151114986e-01 3.412608101957214646e-01 2.712790168411470249e-01 5.553026854802002588e-02 0.000000000000000000e+00
4.275000000000000000e+03 1.709971407430823653e-01 3.362539827036868378e-01 3.402366863905325611e-01 2.658170232134728916e-01 5.769230769230769551e-02 0.000000000000000000e+00
4.300000000000000000e+03 1.719971240222817332e-01 3.313609467455621571e-01 3.466090122894856518e-01 2.697997269003186149e-01 5.223031406463359005e-02 0.000000000000000000e+00
4.325000000000000000e+03 1.729971073014811012e-01 3.322712790168411701e-01 3.459262630860264198e-01 2.711652253072371344e-01 5.063723258989531045e-02 0.000000000000000000e+00
4.350000000000000000e+03 1.739970905806802470e-01 3.310195721438324856e-01 3.456986800182066388e-01 2.692307692307692180e-01 5.405097860719162289e-02 0.000000000000000000e+00
4.375000000000000000e+03 1.749970738598796149e-01 3.282885753299954468e-01 3.494538006372325811e-01 2.699135184342285054e-01 5.234410559854346667e-02 0.000000000000000000e+00
4.400000000000000000e+03 1.759970571390789829e-01 3.334091943559399085e-01 3.453573054164770229e-01 2.718479745106964218e-01 4.938552571688666071e-02 0.000000000000000000e+00
4.425000000000000000e+03 1.769970404182783508e-01 3.291989076012744597e-01 3.456986800182066388e-01 2.705962676376877374e-01 5.450614474283113631e-02 0.000000000000000000e+00
4.450000000000000000e+03 1.779970236974774966e-01 3.311333636777423761e-01 3.434228493400091065e-01 2.709376422394174089e-01 5.450614474283113631e-02 0.000000000000000000e+00
4.475000000000000000e+03 1.789970069766768646e-01 3.344333181611288119e-01 3.450159308147474069e-01 2.678652708238506985e-01 5.268548020027309653e-02 0.000000000000000000e+00
4.500000000000000000e+03 1.799969902558762325e-01 3.355712335002276059e-01 3.459262630860264198e-01 2.685480200273099860e-01 4.995448338643605074e-02 0.000000000000000000e+00
4.525000000000000000e+03 1.809969735350756004e-01 3.365953573054164538e-01 3.458124715521165293e-01 2.737824305871643382e-01 4.380974055530268557e-02 0.000000000000000000e+00
4.550000000000000000e+03 1.819969568142747463e-01 3.336367774237596895e-01 3.472917614929449392e-01 2.710514337733272439e-01 4.802002730996814128e-02 0.000000000000000000e+00
4.575000000000000000e+03 1.829969400934741142e-01 3.364815657715066188e-01 3.436504324078288319e-01 2.721893491124260378e-01 4.767865270823850449e-02 0.000000000000000000e+00
4.600000000000000000e+03 1.839969233726734821e-01 3.423987255348202030e-01 3.412608101957214646e-01 2.685480200273099860e-01 4.779244424214838111e-02 0.000000000000000000e+00
4.625000000000000000e+03 1.849969066518728500e-01 3.443331816112881194e-01 3.390987710514337672e-01 2.711652253072371344e-01 4.540282203004096517e-02 0.000000000000000000e+00
4.650000000000000000e+03 1.859968899310719959e-01 3.476331360946745552e-01 3.376194811106053573e-01 2.745789713245334607e-01 4.016841147018661989e-02 0.000000000000000000e+00
4.675000000000000000e+03 1.869968732102713638e-01 3.464952207555757613e-01 3.362539827036868378e-01 2.702548930359581214e-01 4.699590350477924477e-02 0.000000000000000000e+00
4.700000000000000000e+03 1.879968564894707317e-01 3.428538916704597095e-01 3.370505234410559603e-01 2.729858898497951603e-01 4.710969503868912139e-02 0.000000000000000000e+00
4.725000000000000000e+03 1.889968397686700996e-01 3.491124260355029651e-01 3.337505689576695245e-01 2.703686845698680119e-01 4.676832043695949154e-02 0.000000000000000000e+00
4.750000000000000000e+03 1.899968230478692455e-01 3.513882567137004975e-01 3.334091943559399085e-01 2.713928083750569153e-01 4.380974055530268557e-02 0.000000000000000000e+00
4.775000000000000000e+03 1.909968063270686134e-01 3.524123805188894010e-01 3.361401911697769473e-01 2.658170232134728916e-01 4.563040509786071841e-02 0.000000000000000000e+00
4.800000000000000000e+03 1.919967896062679813e-01 3.583295402822029851e-01 3.352298588984979344e-01 2.552344105598543522e-01 5.120619025944470049e-02 0.000000000000000000e+00
4.825000000000000000e+03 1.929967728854673492e-01 3.527537551206190169e-01 3.400091033227127801e-01 2.598998634501593075e-01 4.733727810650887463e-02 0.000000000000000000e+00
4.850000000000000000e+03 1.939967561646664951e-01 3.489986345015930747e-01 3.420573509330905870e-01 2.608101957214383204e-01 4.813381884387801790e-02 0.000000000000000000e+00
4.875000000000000000e+03 1.949967394438658630e-01 3.542330450614474269e-01 3.437642239417387224e-01 2.630860263996358528e-01 3.891670459717797015e-02 0.000000000000000000e+00
4.900000000000000000e+03 1.959967227230652309e-01 3.608329540282202985e-01 3.393263541192535482e-01 2.625170687300864558e-01 3.732362312243969055e-02 0.000000000000000000e+00
4.925000000000000000e+03 1.969967060022645988e-01 3.575329995448338627e-01 3.400091033227127801e-01 2.666135639508420696e-01 3.584433318161128756e-02 0.000000000000000000e+00
4.950000000000000000e+03 1.979966892814637447e-01 3.705052344105598805e-01 3.346609012289485929e-01 2.570550751024123781e-01 3.777878925807919702e-02 0.000000000000000000e+00
4.975000000000000000e+03 1.989966725606631126e-01 3.641329085116067343e-01 3.406918525261720676e-01 2.631998179335457433e-01 3.197542102867546865e-02 0.000000000000000000e+00
5.000000000000000000e+03 1.999966558398624805e-01 3.717569412835685094e-01 3.385298133818843702e-01 2.603550295857988139e-01 2.935821574874829254e-02 0.000000000000000000e+00
5.025000000000000000e+03 2.009966391190618484e-01 3.637915339098771184e-01 3.444469731451980099e-01 2.600136549840691980e-01 3.174783796085571541e-02 0.000000000000000000e+00
5.050000000000000000e+03 2.019966223982609943e-01 3.611743286299499145e-01 3.456986800182066388e-01 2.600136549840691980e-01 3.311333636777423484e-02 0.000000000000000000e+00
5.075000000000000000e+03 2.029966056774603622e-01 3.634501593081474469e-01 3.471779699590350488e-01 2.596722803823395265e-01 2.958579881656804578e-02 1.137915339098771066e-04
5.100000000000000000e+03 2.039965889566597301e-01 3.639053254437870089e-01 3.460400546199362548e-01 2.561447428311333652e-01 3.390987710514337811e-02 0.000000000000000000e+00
5.125000000000000000e+03 2.049965722358590980e-01 3.608329540282202985e-01 3.433090578060992160e-01 2.546654528903049552e-01 4.119253527537550946e-02 0.000000000000000000e+00
5.150000000000000000e+03 2.059965555150582439e-01 3.703914428766499900e-01 3.400091033227127801e-01 2.520482476103778069e-01 3.755120619025944378e-02 0.000000000000000000e+00
5.175000000000000000e+03 2.069965387942576118e-01 3.611743286299499145e-01 3.451297223486572419e-01 2.587619481110605135e-01 3.493400091033227461e-02 0.000000000000000000e+00
5.200000000000000000e+03 2.079965220734569797e-01 3.674328629949931702e-01 3.426263086026399840e-01 2.556895766954938587e-01 3.425125170687300796e-02 0.000000000000000000e+00
5.225000000000000000e+03 2.089965053526563477e-01 3.701638598088302090e-01 3.409194355939917931e-01 2.553482020937642427e-01 3.345471096950387163e-02 1.137915339098771066e-04
5.250000000000000000e+03 2.099964886318554935e-01 3.752844788347746707e-01 3.416021847974510806e-01 2.536413290851160518e-01 2.935821574874829254e-02 1.137915339098771066e-04
5.275000000000000000e+03 2.109964719110548614e-01 3.786982248520709970e-01 3.389849795175238767e-01 2.488620846609012338e-01 3.334091943559399501e-02 1.137915339098771066e-04
5.300000000000000000e+03 2.119964551902542294e-01 3.763086026399635742e-01 3.381884387801547542e-01 2.514792899408284099e-01 3.402366863905325473e-02 0.000000000000000000e+00
5.325000000000000000e+03 2.129964384694535973e-01 3.781292671825216001e-01 3.379608557123350288e-01 2.503413746017296160e-01 3.356850250341374825e-02 0.000000000000000000e+00
5.350000000000000000e+03 2.139964217486527431e-01 3.753982703686845612e-01 3.408056440600819026e-01 2.464724624487938109e-01 3.732362312243969055e-02 0.000000000000000000e+00
5.375000000000000000e+03 2.149964050278521110e-01 3.747155211652253293e-01 3.421711424670004775e-01 2.479517523896222209e-01 3.504779244424215123e-02 1.137915339098771066e-04
5.400000000000000000e+03 2.159963883070514790e-01 3.847291761492944717e-01 3.337505689576695245e-01 2.469276285844333174e-01 3.459262630860263782e-02 0.000000000000000000e+00
5.425000000000000000e+03 2.169963715862508469e-01 3.773327264451524776e-01 3.357988165680473314e-01 2.501137915339098905e-01 3.675466545289030745e-02 0.000000000000000000e+00
5.450000000000000000e+03 2.179963548654499927e-01 3.892808375056895920e-01 3.313609467455621571e-01 2.468138370505234547e-01 3.254437869822485174e-02 0.000000000000000000e+00
5.475000000000000000e+03 2.189963381446493607e-01 3.907601274465180019e-01 3.289713245334547342e-01 2.476103777878925771e-01 3.265817023213472836e-02 0.000000000000000000e+00
5.500000000000000000e+03 2.199963214238487286e-01 3.823395539371870488e-01 3.320436959490213891e-01 2.510241238051889034e-01 3.459262630860263782e-02 0.000000000000000000e+00
5.525000000000000000e+03 2.209963047030480965e-01 3.807464724624488039e-01 3.307919890760127601e-01 2.514792899408284099e-01 3.698224852071006069e-02 0.000000000000000000e+00
5.550000000000000000e+03 2.219962879822472424e-01 3.854119253527537592e-01 3.310195721438324856e-01 2.539827036868457233e-01 2.958579881656804578e-02 0.000000000000000000e+00
5.575000000000000000e+03 2.229962712614466103e-01 3.854119253527537592e-01 3.297678652708238567e-01 2.534137460172963263e-01 3.129267182521620200e-02 1.137915339098771066e-04
5.600000000000000000e+03 2.239962545406459782e-01 3.834774692762858428e-01 3.301092398725534727e-01 2.505689576695493970e-01 3.584433318161128756e-02 0.000000000000000000e+00
5.625000000000000000e+03 2.249962378198453461e-01 3.832498862084661173e-01 3.338643604915794150e-01 2.513654984069185194e-01 3.152025489303595523e-02 0.000000000000000000e+00
5.650000000000000000e+03 2.259962210990444920e-01 3.879153390987710726e-01 3.338643604915794150e-01 2.457897132453345512e-01 3.243058716431497512e-02 0.000000000000000000e+00
5.675000000000000000e+03 2.269962043782438599e-01 3.822257624032772139e-01 3.339781520254893055e-01 2.462448793809740577e-01 3.743741465634956717e-02 1.137915339098771066e-04
