# itime ezz other fcc hcp bcc ico
0.000000000000000000e+00 0.000000000000000000e+00 0.000000000000000000e+00 1.000000000000000000e+00 0.000000000000000000e+00 0.000000000000000000e+00 0.000000000000000000e+00
2.500000000000000000e+02 1.000002823992418577e-02 0.000000000000000000e+00 1.000000000000000000e+00 0.000000000000000000e+00 0.000000000000000000e+00 0.000000000000000000e+00
5.000000000000000000e+02 2.000005647984859358e-02 0.000000000000000000e+00 1.000000000000000000e+00 0.000000000000000000e+00 0.000000000000000000e+00 0.000000000000000000e+00
7.500000000000000000e+02 3.000008471977277935e-02 0.000000000000000000e+00 1.000000000000000000e+00 0.000000000000000000e+00 0.000000000000000000e+00 0.000000000000000000e+00
1.000000000000000000e+03 4.000011295969718716e-02 0.000000000000000000e+00 1.000000000000000000e+00 0.000000000000000000e+00 0.000000000000000000e+00 0.000000000000000000e+00
1.250000000000000000e+03 5.000014119962137293e-02 0.000000000000000000e+00 1.000000000000000000e+00 0.000000000000000000e+00 0.000000000000000000e+00 0.000000000000000000e+00
1.500000000000000000e+03 6.000016943954555870e-02 0.000000000000000000e+00 1.000000000000000000e+00 0.000000000000000000e+00 0.000000000000000000e+00 0.000000000000000000e+00
1.750000000000000000e+03 7.000019767946996652e-02 0.000000000000000000e+00 1.000000000000000000e+00 0.000000000000000000e+00 0.000000000000000000e+00 0.000000000000000000e+00
2.000000000000000000e+03 8.000022591939415229e-02 0.000000000000000000e+00 1.000000000000000000e+00 0.000000000000000000e+00 0.000000000000000000e+00 0.000000000000000000e+00
2.250000000000000000e+03 9.000025415931833805e-02 1.479289940828402332e-03 9.985207100591716456e-01 0.000000000000000000e+00 0.000000000000000000e+00 0.000000000000000000e+00
2.500000000000000000e+03 1.000002823992427459e-01 3.527537551206190360e-03 9.960172963131542767e-01 0.000000000000000000e+00 4.551661356395084266e-04 0.000000000000000000e+00
2.750000000000000000e+03 1.100003106391669316e-01 1.069640418752844727e-02 9.887346381429221731e-01 0.000000000000000000e+00 5.689576695493854790e-04 0.000000000000000000e+00
3.000000000000000000e+03 1.200003388790913395e-01 6.258534365043240399e-02 9.146563495675921196e-01 0.000000000000000000e+00 2.275830678197542090e-02 0.000000000000000000e+00
3.250000000000000000e+03 1.300003671190155252e-01 3.413746017296312996e-01 1.266499772416932179e-01 4.551661356395083832e-03 5.274237596722803900e-01 0.000000000000000000e+00
3.500000000000000000e+03 1.400003953589397110e-01 3.718707328174783999e-01 2.470414201183432079e-01 1.718252162039144160e-01 2.092626308602640040e-01 0.000000000000000000e+00
3.750000000000000000e+03 1.500004235988641188e-01 3.859808830223031562e-01 2.629722348657259623e-01 2.172280382339553950e-01 1.338188438780154865e-01 0.000000000000000000e+00
4.000000000000000000e+03 1.600004518387883046e-01 4.017979062357760478e-01 2.716203914428766408e-01 2.191624943104233114e-01 1.074192080109239861e-01 0.000000000000000000e+00
4.250000000000000000e+03 1.700004800787124903e-01 3.957669549385525731e-01 3.046199362767409990e-01 2.216659080564405970e-01 7.794720072826581692e-02 0.000000000000000000e+00
4.500000000000000000e+03 1.800005083186368982e-01 4.023668639053254448e-01 3.236231224396904915e-01 2.209831588529813373e-01 5.302685480200273332e-02 0.000000000000000000e+00
4.750000000000000000e+03 1.900005365585610839e-01 3.945152480655439442e-01 3.422849340009103125e-01 2.109695038689121394e-01 5.223031406463359005e-02 0.000000000000000000e+00
5.000000000000000000e+03 2.000005647984854917e-01 3.997496586253982964e-01 3.458124715521165293e-01 2.032316795630405015e-01 5.120619025944470049e-02 0.000000000000000000e+00
5.250000000000000000e+03 2.100005930384096775e-01 3.997496586253982964e-01 3.453573054164770229e-01 1.960628129267182607e-01 5.883022303140646170e-02 0.000000000000000000e+00
5.500000000000000000e+03 2.200006212783338633e-01 3.871187983614018946e-01 3.437642239417387224e-01 2.127901684114701930e-01 5.632680928538916915e-02 0.000000000000000000e+00
5.750000000000000000e+03 2.300006495182582711e-01 4.007737824305871444e-01 3.421711424670004775e-01 2.043695949021392677e-01 5.268548020027309653e-02 0.000000000000000000e+00
6.000000000000000000e+03 2.400006777581824569e-01 3.957669549385525731e-01 3.607191624943104080e-01 1.907146108329540179e-01 5.279927173418298009e-02 0.000000000000000000e+00
6.250000000000000000e+03 2.500007059981066426e-01 4.019116977696859383e-01 3.578743741465634787e-01 1.865043240782885692e-01 5.370960400546199304e-02 0.000000000000000000e+00
6.500000000000000000e+03 2.600007342380310504e-01 4.194355939918070209e-01 3.525261720527992915e-01 1.861629494765589532e-01 4.187528447883477611e-02 0.000000000000000000e+00
6.750000000000000000e+03 2.700007624779552362e-01 4.148839326354119006e-01 3.489986345015930747e-01 1.919663177059626746e-01 4.415111515703231543e-02 0.000000000000000000e+00
7.000000000000000000e+03 2.800007907178796440e-01 4.239872553482020856e-01 3.475193445607646647e-01 1.986800182066454368e-01 2.981338188438780248e-02 0.000000000000000000e+00
7.250000000000000000e+03 2.900008189578038298e-01 4.195493855257169113e-01 3.500227583067819781e-01 2.001593081474738189e-01 3.026854802002730896e-02 0.000000000000000000e+00
7.500000000000000000e+03 3.000008471977280156e-01 4.357077833409194190e-01 3.493400091033226906e-01 1.888939462903959920e-01 2.605826126536185672e-02 0.000000000000000000e+00
7.750000000000000000e+03 3.100008754376524234e-01 4.464041875284479044e-01 3.493400091033226906e-01 1.767182521620391522e-01 2.753755120619025970e-02 0.000000000000000000e+00
8.000000000000000000e+03 3.200009036775766091e-01 4.545971779699590209e-01 3.575329995448338627e-01 1.636322257624032717e-01 2.423759672280382388e-02 0.000000000000000000e+00
8.250000000000000000e+03 3.300009319175007949e-01 4.399180700955848677e-01 3.757396449704141772e-01 1.622667273554847522e-01 2.207555757851615771e-02 0.000000000000000000e+00
8.500000000000000000e+03 3.400009601574252027e-01 4.382111970869367323e-01 3.751706873008648357e-01 1.582840236686390567e-01 2.833409194355939950e-02 0.000000000000000000e+00
8.750000000000000000e+03 3.500009883973493885e-01 4.491351843422849432e-01 3.650432407828857473e-01 1.573736913973600438e-01 2.844788347746927612e-02 0.000000000000000000e+00
9.000000000000000000e+03 3.600010166372737963e-01 4.560764679107874309e-01 3.681156121984524576e-01 1.489531178880291185e-01 2.685480200273099652e-02 0.000000000000000000e+00
9.250000000000000000e+03 3.700010448771979821e-01 4.576695493855257313e-01 3.672052799271734447e-01 1.510013654984069253e-01 2.412380518889394726e-02 0.000000000000000000e+00
9.500000000000000000e+03 3.800010731171221678e-01 4.431042330450614686e-01 3.719845243513882349e-01 1.595357305416477134e-01 2.537551206190259354e-02 0.000000000000000000e+00
9.750000000000000000e+03 3.900011013570465757e-01 4.371870732817478289e-01 3.807464724624488039e-01 1.619253527537551085e-01 2.014110150204824826e-02 0.000000000000000000e+00
1.000000000000000000e+04 4.000011295969707614e-01 4.173873463814292140e-01 3.965634956759216956e-01 1.679563040509786109e-01 1.809285389167045871e-02 0.000000000000000000e+00
1.025000000000000000e+04 4.100011578368949472e-01 4.070323167956304000e-01 4.079426490669094130e-01 1.698907601274465273e-01 1.513427401001365448e-02 0.000000000000000000e+00
1.050000000000000000e+04 4.200011860768193550e-01 4.080564406008193035e-01 4.123805188893946427e-01 1.659080564406008318e-01 1.365498406918525323e-02 0.000000000000000000e+00
1.075000000000000000e+04 4.300012143167437628e-01 4.002048247610378029e-01 4.286527082385070408e-01 1.566909421939007840e-01 1.445152480655439303e-02 0.000000000000000000e+00
1.100000000000000000e+04 4.400012425566679486e-01 3.825671370050068298e-01 4.407146108329540457e-01 1.632908511606736557e-01 1.342740100136549826e-02 0.000000000000000000e+00
1.125000000000000000e+04 4.500012707965919123e-01 3.757396449704141772e-01 4.495903504779244497e-01 1.628356850250341492e-01 1.183431952662721866e-02 0.000000000000000000e+00
1.150000000000000000e+04 4.600012990365163201e-01 3.645880746472462408e-01 4.568730086481565533e-01 1.670459717796995980e-01 1.149294492489758707e-02 0.000000000000000000e+00
1.175000000000000000e+04 4.700013272764407279e-01 3.525261720527992915e-01 4.677969959035047642e-01 1.686390532544378706e-01 1.103777878925807886e-02 0.000000000000000000e+00
1.200000000000000000e+04 4.800013555163649137e-01 3.478607191624943362e-01 4.815657715065999045e-01 1.607874374146563423e-01 9.786071916249430847e-03 0.000000000000000000e+00
1.225000000000000000e+04 4.900013837562890995e-01 3.417159763313609711e-01 4.817933545744196855e-01 1.675011379153391045e-01 8.989531178880291046e-03 0.000000000000000000e+00
1.250000000000000000e+04 5.000014119962135073e-01 3.450159308147474069e-01 4.751934456076468138e-01 1.684114701866181174e-01 1.137915339098771045e-02 0.000000000000000000e+00
1.275000000000000000e+04 5.100014402361379151e-01 3.365953573054164538e-01 4.862312243969048597e-01 1.616977696859353553e-01 1.547564861174328607e-02 0.000000000000000000e+00
1.300000000000000000e+04 5.200014684760621009e-01 3.323850705507510050e-01 4.953345471096950448e-01 1.596495220755575761e-01 1.263086026399635846e-02 0.000000000000000000e+00
1.325000000000000000e+04 5.300014967159860646e-01 3.205507510241237812e-01 5.262858443331815961e-01 1.365498406918525254e-01 1.661356395084205573e-02 0.000000000000000000e+00
1.350000000000000000e+04 5.400015249559104724e-01 3.103095129722348577e-01 5.402822030040964618e-01 1.392808375056895642e-01 1.012744651797906244e-02 0.000000000000000000e+00
1.375000000000000000e+04 5.500015531958348802e-01 3.033682294037323701e-01 5.514337733272643982e-01 1.346153846153846090e-01 1.058261265361857065e-02 0.000000000000000000e+00
1.400000000000000000e+04 5.600015814357590660e-01 2.796995903504779224e-01 5.807919890760127046e-01 1.325671370050068298e-01 6.941283568502503235e-03 0.000000000000000000e+00
1.425000000000000000e+04 5.700016096756832518e-01 2.687756030951297115e-01 5.947883477469276814e-01 1.301775147928994070e-01 6.258534365043240920e-03 0.000000000000000000e+00
1.450000000000000000e+04 5.800016379156076596e-01 2.610377787892581014e-01 5.956986800182066943e-01 1.341602184797451025e-01 9.103322712790167665e-03 0.000000000000000000e+00
1.475000000000000000e+04 5.900016661555320674e-01 2.699135184342285054e-01 5.573509330905780379e-01 1.654528903049612976e-01 7.282658170232134826e-03 0.000000000000000000e+00
1.500000000000000000e+04 6.000016943954562532e-01 2.520482476103778069e-01 5.917159763313609711e-01 1.455393718707328199e-01 1.069640418752844727e-02 0.000000000000000000e+00
1.525000000000000000e+04 6.100017226353802169e-01 2.535275375512062168e-01 5.944469731451980099e-01 1.441738734638143005e-01 7.851615839781519654e-03 0.000000000000000000e+00
1.550000000000000000e+04 6.200017508753046247e-01 2.514792899408284099e-01 5.795402822030041312e-01 1.606736458807464796e-01 8.306781975421027864e-03 0.000000000000000000e+00
1.575000000000000000e+04 6.300017791152290325e-01 2.503413746017296160e-01 5.828402366863905115e-01 1.596495220755575761e-01 7.168866636322257339e-03 0.000000000000000000e+00
1.600000000000000000e+04 6.400018073551532183e-01 2.528447883477469293e-01 5.781747837960855563e-01 1.616977696859353553e-01 7.282658170232134826e-03 0.000000000000000000e+00
1.625000000000000000e+04 6.500018355950774041e-01 2.620619025944469493e-01 5.665680473372780579e-01 1.612426035502958488e-01 1.012744651797906244e-02 0.000000000000000000e+00
1.650000000000000000e+04 6.600018638350018119e-01 2.522758306781975324e-01 6.036640873918980299e-01 1.350705507510241155e-01 8.989531178880291046e-03 0.000000000000000000e+00
1.675000000000000000e+04 6.700018920749262197e-01 2.460172963131543045e-01 6.209604005461993870e-01 1.261948111060537114e-01 6.827492034592626616e-03 0.000000000000000000e+00
1.700000000000000000e+04 6.800019203148504054e-01 2.534137460172963263e-01 5.830678197542102925e-01 1.578288575329995502e-01 5.689576695493855224e-03 0.000000000000000000e+00
1.725000000000000000e+04 6.900019485547743692e-01 2.538689121529358328e-01 5.786299499317251183e-01 1.623805188893946427e-01 5.120619025944469528e-03 0.000000000000000000e+00
1.750000000000000000e+04 7.000019767946987770e-01 2.569412835685024876e-01 5.758989531178880794e-01 1.612426035502958488e-01 5.917159763313609329e-03 0.000000000000000000e+00
1.775000000000000000e+04 7.100020050346231848e-01 2.550068274920345712e-01 5.789713245334546787e-01 1.596495220755575761e-01 6.372325898953117539e-03 0.000000000000000000e+00
1.800000000000000000e+04 7.200020332745473706e-01 2.560309512972234747e-01 5.754437869822485174e-01 1.624943104233045055e-01 6.030951297223486815e-03 0.000000000000000000e+00
1.825000000000000000e+04 7.300020615144715563e-01 2.535275375512062168e-01 5.762403277196176399e-01 1.654528903049612976e-01 4.779244424214838804e-03 0.000000000000000000e+00
1.850000000000000000e+04 7.400020897543959641e-01 2.521620391442876419e-01 5.793126991351843502e-01 1.648839326354119283e-01 3.641329085116067413e-03 0.000000000000000000e+00
1.875000000000000000e+04 7.500021179943203720e-01 2.504551661356395065e-01 5.753299954483386269e-01 1.705735093309057870e-01 3.641329085116067413e-03 0.000000000000000000e+00
1.900000000000000000e+04 7.600021462342445577e-01 2.522758306781975324e-01 5.761265361857077494e-01 1.667045971779699542e-01 4.893035958124715423e-03 0.000000000000000000e+00
1.925000000000000000e+04 7.700021744741685215e-01 2.575102412380518846e-01 5.672507965407374009e-01 1.705735093309057870e-01 4.665452890304961318e-03 0.000000000000000000e+00
1.950000000000000000e+04 7.800022027140929293e-01 2.655894401456531662e-01 5.512061902594447282e-01 1.777423759672280279e-01 5.461993627674101119e-03 0.000000000000000000e+00
1.975000000000000000e+04 7.900022309540173371e-01 2.848202093764223841e-01 5.421028675466544877e-01 1.672735548475193512e-01 5.803368229403732710e-03 0.000000000000000000e+00
2.000000000000000000e+04 8.000022591939415229e-01 2.917614929449248717e-01 5.608784706417841992e-01 1.436049157942649035e-01 3.755120619025944465e-03 0.000000000000000000e+00
2.025000000000000000e+04 8.100022874338657086e-01 2.861857077833409035e-01 5.738507055075102725e-01 1.341602184797451025e-01 5.803368229403732710e-03 0.000000000000000000e+00
2.050000000000000000e+04 8.200023156737901164e-01 2.870960400546199165e-01 5.747610377787892855e-01 1.318843878015475701e-01 6.258534365043240920e-03 0.000000000000000000e+00
2.075000000000000000e+04 8.300023439137145242e-01 2.791306326809285254e-01 5.823850705507510606e-01 1.334774692762858428e-01 5.006827492034592909e-03 0.000000000000000000e+00
2.100000000000000000e+04 8.400023721536387100e-01 2.723031406463359283e-01 5.743058716431497235e-01 1.473600364132908458e-01 6.030951297223486815e-03 0.000000000000000000e+00
2.125000000000000000e+04 8.500024003935626737e-01 2.705962676376877374e-01 5.653163404642694845e-01 1.596495220755575761e-01 4.437869822485207214e-03 0.000000000000000000e+00
2.150000000000000000e+04 8.600024286334870816e-01 2.767410104688211026e-01 5.597405553026855163e-01 1.587391898042785632e-01 4.779244424214838804e-03 0.000000000000000000e+00
2.175000000000000000e+04 8.700024568734114894e-01 2.801547564861174289e-01 5.609922621756940897e-01 1.539599453800637174e-01 4.893035958124715423e-03 0.000000000000000000e+00
2.200000000000000000e+04 8.800024851133356751e-01 2.778789258079198965e-01 5.607646791078744197e-01 1.560081929904415243e-01 5.348202093764223633e-03 0.000000000000000000e+00
2.225000000000000000e+04 8.900025133532598609e-01 2.928994082840236657e-01 5.452890304961310886e-01 1.550978607191624836e-01 6.713700500682749130e-03 0.000000000000000000e+00
2.250000000000000000e+04 9.000025415931842687e-01 3.183887118798361393e-01 5.277651342740100615e-01 1.395084205735093175e-01 1.433773327264451468e-02 0.000000000000000000e+00
2.275000000000000000e+04 9.100025698331086765e-01 3.219162494310423561e-01 5.351615839781520556e-01 1.338188438780154865e-01 9.103322712790167665e-03 0.000000000000000000e+00
2.300000000000000000e+04 9.200025980730328623e-01 3.065543923532089154e-01 5.244651797906235702e-01 1.614701866181156020e-01 7.510241238051888930e-03 0.000000000000000000e+00
2.325000000000000000e+04 9.300026263129568260e-01 3.128129267182521711e-01 5.100136549840691425e-01 1.682976786527082269e-01 8.875739644970414427e-03 0.000000000000000000e+00
2.350000000000000000e+04 9.400026545528812338e-01 3.169094219390077294e-01 5.065999089667728716e-01 1.668183887118798447e-01 9.672280382339554228e-03 0.000000000000000000e+00
2.375000000000000000e+04 9.500026827928056417e-01 3.244196631770596140e-01 5.106964041875284854e-01 1.573736913973600438e-01 7.510241238051888930e-03 0.000000000000000000e+00
2.400000000000000000e+04 9.600027110327298274e-01 3.179335457441966328e-01 5.312926718252162228e-01 1.461083295402822169e-01 4.665452890304961318e-03 0.000000000000000000e+00
2.425000000000000000e+04 9.700027392726540132e-01 3.042785616750113831e-01 5.449476558944014171e-01 1.447428311333636697e-01 6.030951297223486815e-03 0.000000000000000000e+00
2.450000000000000000e+04 9.800027675125784210e-01 3.018889394629039602e-01 5.512061902594447282e-01 1.385980883022303045e-01 8.306781975421027864e-03 0.000000000000000000e+00
2.475000000000000000e+04 9.900027957525028288e-01 2.961993627674101015e-01 5.505234410559853853e-01 1.450842057350933134e-01 8.192990441511151245e-03 0.000000000000000000e+00
2.500000000000000000e+04 1.000002823992427015e+00 2.930131998179335562e-01 5.530268548020027541e-01 1.478152025489303523e-01 6.144742831133363434e-03 0.000000000000000000e+00
