# itime ezz other fcc hcp bcc ico
0.000000000000000000e+00 0.000000000000000000e+00 0.000000000000000000e+00 1.000000000000000000e+00 0.000000000000000000e+00 0.000000000000000000e+00 0.000000000000000000e+00
3.000000000000000000e+00 1.200023657122128995e-03 0.000000000000000000e+00 1.000000000000000000e+00 0.000000000000000000e+00 0.000000000000000000e+00 0.000000000000000000e+00
6.000000000000000000e+00 2.400047314244257990e-03 0.000000000000000000e+00 1.000000000000000000e+00 0.000000000000000000e+00 0.000000000000000000e+00 0.000000000000000000e+00
9.000000000000000000e+00 3.600070971366386985e-03 0.000000000000000000e+00 1.000000000000000000e+00 0.000000000000000000e+00 0.000000000000000000e+00 0.000000000000000000e+00
1.200000000000000000e+01 4.800094628488515980e-03 0.000000000000000000e+00 1.000000000000000000e+00 0.000000000000000000e+00 0.000000000000000000e+00 0.000000000000000000e+00
1.500000000000000000e+01 6.000118285610644975e-03 0.000000000000000000e+00 1.000000000000000000e+00 0.000000000000000000e+00 0.000000000000000000e+00 0.000000000000000000e+00
1.800000000000000000e+01 7.200141942732773970e-03 0.000000000000000000e+00 1.000000000000000000e+00 0.000000000000000000e+00 0.000000000000000000e+00 0.000000000000000000e+00
2.100000000000000000e+01 8.400165599854902965e-03 0.000000000000000000e+00 1.000000000000000000e+00 0.000000000000000000e+00 0.000000000000000000e+00 0.000000000000000000e+00
2.400000000000000000e+01 9.600189256977031960e-03 0.000000000000000000e+00 1.000000000000000000e+00 0.000000000000000000e+00 0.000000000000000000e+00 0.000000000000000000e+00
2.700000000000000000e+01 1.080021291409916095e-02 0.000000000000000000e+00 1.000000000000000000e+00 0.000000000000000000e+00 0.000000000000000000e+00 0.000000000000000000e+00
3.000000000000000000e+01 1.200023657122128995e-02 0.000000000000000000e+00 1.000000000000000000e+00 0.000000000000000000e+00 0.000000000000000000e+00 0.000000000000000000e+00
3.300000000000000000e+01 1.320026022834341894e-02 0.000000000000000000e+00 1.000000000000000000e+00 0.000000000000000000e+00 0.000000000000000000e+00 0.000000000000000000e+00
3.600000000000000000e+01 1.440028388546554794e-02 0.000000000000000000e+00 1.000000000000000000e+00 0.000000000000000000e+00 0.000000000000000000e+00 0.000000000000000000e+00
3.900000000000000000e+01 1.560030754258767693e-02 0.000000000000000000e+00 1.000000000000000000e+00 0.000000000000000000e+00 0.000000000000000000e+00 0.000000000000000000e+00
4.200000000000000000e+01 1.680033119970980593e-02 0.000000000000000000e+00 1.000000000000000000e+00 0.000000000000000000e+00 0.000000000000000000e+00 0.000000000000000000e+00
4.500000000000000000e+01 1.800035485683193492e-02 0.000000000000000000e+00 1.000000000000000000e+00 0.000000000000000000e+00 0.000000000000000000e+00 0.000000000000000000e+00
4.800000000000000000e+01 1.920037851395406392e-02 0.000000000000000000e+00 1.000000000000000000e+00 0.000000000000000000e+00 0.000000000000000000e+00 0.000000000000000000e+00
5.100000000000000000e+01 2.040040217107619291e-02 0.000000000000000000e+00 1.000000000000000000e+00 0.000000000000000000e+00 0.000000000000000000e+00 0.000000000000000000e+00
5.400000000000000000e+01 2.160042582819832191e-02 0.000000000000000000e+00 1.000000000000000000e+00 0.000000000000000000e+00 0.000000000000000000e+00 0.000000000000000000e+00
5.700000000000000000e+01 2.280044948532045090e-02 0.000000000000000000e+00 1.000000000000000000e+00 0.000000000000000000e+00 0.000000000000000000e+00 0.000000000000000000e+00
6.000000000000000000e+01 2.400047314244257990e-02 0.000000000000000000e+00 1.000000000000000000e+00 0.000000000000000000e+00 0.000000000000000000e+00 0.000000000000000000e+00
6.300000000000000000e+01 2.520049679956470889e-02 0.000000000000000000e+00 1.000000000000000000e+00 0.000000000000000000e+00 0.000000000000000000e+00 0.000000000000000000e+00
6.600000000000000000e+01 2.640052045668683789e-02 0.000000000000000000e+00 1.000000000000000000e+00 0.000000000000000000e+00 0.000000000000000000e+00 0.000000000000000000e+00
6.900000000000000000e+01 2.760054411380896688e-02 0.000000000000000000e+00 1.000000000000000000e+00 0.000000000000000000e+00 0.000000000000000000e+00 0.000000000000000000e+00
7.200000000000000000e+01 2.880056777093109588e-02 0.000000000000000000e+00 1.000000000000000000e+00 0.000000000000000000e+00 0.000000000000000000e+00 0.000000000000000000e+00
7.500000000000000000e+01 3.000059142805322487e-02 0.000000000000000000e+00 1.000000000000000000e+00 0.000000000000000000e+00 0.000000000000000000e+00 0.000000000000000000e+00
7.800000000000000000e+01 3.120061508517535387e-02 0.000000000000000000e+00 1.000000000000000000e+00 0.000000000000000000e+00 0.000000000000000000e+00 0.000000000000000000e+00
8.100000000000000000e+01 3.240063874229748286e-02 0.000000000000000000e+00 1.000000000000000000e+00 0.000000000000000000e+00 0.000000000000000000e+00 0.000000000000000000e+00
8.400000000000000000e+01 3.360066239941961186e-02 0.000000000000000000e+00 1.000000000000000000e+00 0.000000000000000000e+00 0.000000000000000000e+00 0.000000000000000000e+00
8.700000000000000000e+01 3.480068605654174085e-02 0.000000000000000000e+00 1.000000000000000000e+00 0.000000000000000000e+00 0.000000000000000000e+00 0.000000000000000000e+00
9.000000000000000000e+01 3.600070971366386985e-02 0.000000000000000000e+00 1.000000000000000000e+00 0.000000000000000000e+00 0.000000000000000000e+00 0.000000000000000000e+00
9.300000000000000000e+01 3.720073337078599884e-02 0.000000000000000000e+00 1.000000000000000000e+00 0.000000000000000000e+00 0.000000000000000000e+00 0.000000000000000000e+00
9.600000000000000000e+01 3.840075702790812784e-02 0.000000000000000000e+00 1.000000000000000000e+00 0.000000000000000000e+00 0.000000000000000000e+00 0.000000000000000000e+00
9.900000000000000000e+01 3.960078068503025683e-02 0.000000000000000000e+00 1.000000000000000000e+00 0.000000000000000000e+00 0.000000000000000000e+00 0.000000000000000000e+00
1.020000000000000000e+02 4.080080434215238583e-02 0.000000000000000000e+00 1.000000000000000000e+00 0.000000000000000000e+00 0.000000000000000000e+00 0.000000000000000000e+00
1.050000000000000000e+02 4.200082799927451482e-02 0.000000000000000000e+00 1.000000000000000000e+00 0.000000000000000000e+00 0.000000000000000000e+00 0.000000000000000000e+00
1.080000000000000000e+02 4.320085165639664382e-02 0.000000000000000000e+00 1.000000000000000000e+00 0.000000000000000000e+00 0.000000000000000000e+00 0.000000000000000000e+00
1.110000000000000000e+02 4.440087531351877281e-02 0.000000000000000000e+00 1.000000000000000000e+00 0.000000000000000000e+00 0.000000000000000000e+00 0.000000000000000000e+00
1.140000000000000000e+02 4.560089897064090181e-02 0.000000000000000000e+00 1.000000000000000000e+00 0.000000000000000000e+00 0.000000000000000000e+00 0.000000000000000000e+00
1.170000000000000000e+02 4.680092262776303080e-02 0.000000000000000000e+00 1.000000000000000000e+00 0.000000000000000000e+00 0.000000000000000000e+00 0.000000000000000000e+00
1.200000000000000000e+02 4.800094628488515980e-02 0.000000000000000000e+00 1.000000000000000000e+00 0.000000000000000000e+00 0.000000000000000000e+00 0.000000000000000000e+00
1.230000000000000000e+02 4.920096994200728879e-02 0.000000000000000000e+00 1.000000000000000000e+00 0.000000000000000000e+00 0.000000000000000000e+00 0.000000000000000000e+00
1.260000000000000000e+02 5.040099359912941779e-02 0.000000000000000000e+00 1.000000000000000000e+00 0.000000000000000000e+00 0.000000000000000000e+00 0.000000000000000000e+00
1.290000000000000000e+02 5.160101725625154678e-02 1.137915339098771066e-04 9.998862084660901095e-01 0.000000000000000000e+00 0.000000000000000000e+00 0.000000000000000000e+00
1.320000000000000000e+02 5.280104091337367578e-02 3.413746017296313199e-04 9.996586253982703285e-01 0.000000000000000000e+00 0.000000000000000000e+00 0.000000000000000000e+00
1.350000000000000000e+02 5.400106457049580477e-02 0.000000000000000000e+00 1.000000000000000000e+00 0.000000000000000000e+00 0.000000000000000000e+00 0.000000000000000000e+00
1.380000000000000000e+02 5.520108822761793377e-02 0.000000000000000000e+00 1.000000000000000000e+00 0.000000000000000000e+00 0.000000000000000000e+00 0.000000000000000000e+00
1.410000000000000000e+02 5.640111188474006276e-02 0.000000000000000000e+00 1.000000000000000000e+00 0.000000000000000000e+00 0.000000000000000000e+00 0.000000000000000000e+00
1.440000000000000000e+02 5.760113554186219176e-02 0.000000000000000000e+00 1.000000000000000000e+00 0.000000000000000000e+00 0.000000000000000000e+00 0.000000000000000000e+00
1.470000000000000000e+02 5.880115919898432075e-02 0.000000000000000000e+00 1.000000000000000000e+00 0.000000000000000000e+00 0.000000000000000000e+00 0.000000000000000000e+00
1.500000000000000000e+02 6.000118285610644975e-02 0.000000000000000000e+00 1.000000000000000000e+00 0.000000000000000000e+00 0.000000000000000000e+00 0.000000000000000000e+00
1.530000000000000000e+02 6.120120651322857874e-02 0.000000000000000000e+00 1.000000000000000000e+00 0.000000000000000000e+00 0.000000000000000000e+00 0.000000000000000000e+00
1.560000000000000000e+02 6.240123017035070774e-02 0.000000000000000000e+00 1.000000000000000000e+00 0.000000000000000000e+00 0.000000000000000000e+00 0.000000000000000000e+00
1.590000000000000000e+02 6.360125382747283673e-02 0.000000000000000000e+00 1.000000000000000000e+00 0.000000000000000000e+00 0.000000000000000000e+00 0.000000000000000000e+00
1.620000000000000000e+02 6.480127748459496573e-02 0.000000000000000000e+00 1.000000000000000000e+00 0.000000000000000000e+00 0.000000000000000000e+00 0.000000000000000000e+00
1.650000000000000000e+02 6.600130114171709472e-02 0.000000000000000000e+00 1.000000000000000000e+00 0.000000000000000000e+00 0.000000000000000000e+00 0.000000000000000000e+00
1.680000000000000000e+02 6.720132479883922372e-02 1.137915339098771066e-04 9.998862084660901095e-01 0.000000000000000000e+00 0.000000000000000000e+00 0.000000000000000000e+00
1.710000000000000000e+02 6.840134845596135271e-02 0.000000000000000000e+00 1.000000000000000000e+00 0.000000000000000000e+00 0.000000000000000000e+00 0.000000000000000000e+00
1.740000000000000000e+02 6.960137211308325966e-02 0.000000000000000000e+00 1.000000000000000000e+00 0.000000000000000000e+00 0.000000000000000000e+00 0.000000000000000000e+00
1.770000000000000000e+02 7.080139577020538866e-02 0.000000000000000000e+00 1.000000000000000000e+00 0.000000000000000000e+00 0.000000000000000000e+00 0.000000000000000000e+00
1.800000000000000000e+02 7.200141942732751765e-02 0.000000000000000000e+00 1.000000000000000000e+00 0.000000000000000000e+00 0.000000000000000000e+00 0.000000000000000000e+00
1.830000000000000000e+02 7.320144308444964665e-02 0.000000000000000000e+00 1.000000000000000000e+00 0.000000000000000000e+00 0.000000000000000000e+00 0.000000000000000000e+00
1.860000000000000000e+02 7.440146674157177564e-02 0.000000000000000000e+00 1.000000000000000000e+00 0.000000000000000000e+00 0.000000000000000000e+00 0.000000000000000000e+00
1.890000000000000000e+02 7.560149039869390464e-02 0.000000000000000000e+00 1.000000000000000000e+00 0.000000000000000000e+00 0.000000000000000000e+00 0.000000000000000000e+00
1.920000000000000000e+02 7.680151405581603363e-02 3.413746017296313199e-04 9.996586253982703285e-01 0.000000000000000000e+00 0.000000000000000000e+00 0.000000000000000000e+00
1.950000000000000000e+02 7.800153771293816263e-02 4.551661356395084266e-04 9.995448338643604380e-01 0.000000000000000000e+00 0.000000000000000000e+00 0.000000000000000000e+00
1.980000000000000000e+02 7.920156137006029162e-02 0.000000000000000000e+00 1.000000000000000000e+00 0.000000000000000000e+00 0.000000000000000000e+00 0.000000000000000000e+00
2.010000000000000000e+02 8.040158502718242062e-02 0.000000000000000000e+00 1.000000000000000000e+00 0.000000000000000000e+00 0.000000000000000000e+00 0.000000000000000000e+00
2.040000000000000000e+02 8.160160868430454961e-02 0.000000000000000000e+00 1.000000000000000000e+00 0.000000000000000000e+00 0.000000000000000000e+00 0.000000000000000000e+00
2.070000000000000000e+02 8.280163234142667861e-02 0.000000000000000000e+00 1.000000000000000000e+00 0.000000000000000000e+00 0.000000000000000000e+00 0.000000000000000000e+00
2.100000000000000000e+02 8.400165599854880760e-02 0.000000000000000000e+00 1.000000000000000000e+00 0.000000000000000000e+00 0.000000000000000000e+00 0.000000000000000000e+00
2.130000000000000000e+02 8.520167965567093660e-02 0.000000000000000000e+00 1.000000000000000000e+00 0.000000000000000000e+00 0.000000000000000000e+00 0.000000000000000000e+00
2.160000000000000000e+02 8.640170331279306559e-02 0.000000000000000000e+00 1.000000000000000000e+00 0.000000000000000000e+00 0.000000000000000000e+00 0.000000000000000000e+00
2.190000000000000000e+02 8.760172696991519459e-02 0.000000000000000000e+00 1.000000000000000000e+00 0.000000000000000000e+00 0.000000000000000000e+00 0.000000000000000000e+00
2.220000000000000000e+02 8.880175062703732358e-02 0.000000000000000000e+00 1.000000000000000000e+00 0.000000000000000000e+00 0.000000000000000000e+00 0.000000000000000000e+00
2.250000000000000000e+02 9.000177428415945258e-02 2.275830678197542133e-04 9.997724169321802190e-01 0.000000000000000000e+00 0.000000000000000000e+00 0.000000000000000000e+00
2.280000000000000000e+02 9.120179794128158157e-02 0.000000000000000000e+00 1.000000000000000000e+00 0.000000000000000000e+00 0.000000000000000000e+00 0.000000000000000000e+00
2.310000000000000000e+02 9.240182159840371057e-02 0.000000000000000000e+00 1.000000000000000000e+00 0.000000000000000000e+00 0.000000000000000000e+00 0.000000000000000000e+00
2.340000000000000000e+02 9.360184525552583956e-02 0.000000000000000000e+00 1.000000000000000000e+00 0.000000000000000000e+00 0.000000000000000000e+00 0.000000000000000000e+00
2.370000000000000000e+02 9.480186891264796856e-02 1.137915339098771066e-04 9.998862084660901095e-01 0.000000000000000000e+00 0.000000000000000000e+00 0.000000000000000000e+00
2.400000000000000000e+02 9.600189256977009755e-02 4.551661356395084266e-04 9.995448338643604380e-01 0.000000000000000000e+00 0.000000000000000000e+00 0.000000000000000000e+00
2.430000000000000000e+02 9.720191622689222655e-02 5.689576695493854790e-04 9.994310423304506585e-01 0.000000000000000000e+00 0.000000000000000000e+00 0.000000000000000000e+00
2.460000000000000000e+02 9.840193988401435554e-02 0.000000000000000000e+00 1.000000000000000000e+00 0.000000000000000000e+00 0.000000000000000000e+00 0.000000000000000000e+00
2.490000000000000000e+02 9.960196354113648454e-02 0.000000000000000000e+00 1.000000000000000000e+00 0.000000000000000000e+00 0.000000000000000000e+00 0.000000000000000000e+00
2.520000000000000000e+02 1.008019871982586135e-01 5.689576695493854790e-04 9.994310423304506585e-01 0.000000000000000000e+00 0.000000000000000000e+00 0.000000000000000000e+00
2.550000000000000000e+02 1.020020108553807425e-01 1.024123805188893906e-03 9.989758761948110966e-01 0.000000000000000000e+00 0.000000000000000000e+00 0.000000000000000000e+00
2.580000000000000000e+02 1.032020345125028715e-01 2.275830678197542133e-04 9.995448338643604380e-01 0.000000000000000000e+00 2.275830678197542133e-04 0.000000000000000000e+00
2.610000000000000000e+02 1.044020581696250005e-01 1.024123805188893906e-03 9.988620846609012061e-01 0.000000000000000000e+00 1.137915339098771066e-04 0.000000000000000000e+00
2.640000000000000000e+02 1.056020818267471295e-01 1.593081474738279385e-03 9.982931269913518646e-01 0.000000000000000000e+00 1.137915339098771066e-04 0.000000000000000000e+00
2.670000000000000000e+02 1.068021054838692585e-01 1.706873008648156654e-03 9.981793354574419741e-01 0.000000000000000000e+00 1.137915339098771066e-04 0.000000000000000000e+00
2.700000000000000000e+02 1.080021291409913875e-01 1.365498406918525280e-03 9.986345015930814251e-01 0.000000000000000000e+00 0.000000000000000000e+00 0.000000000000000000e+00
2.730000000000000000e+02 1.092021527981135165e-01 1.251706873008648227e-03 9.987482931269913156e-01 0.000000000000000000e+00 0.000000000000000000e+00 0.000000000000000000e+00
2.760000000000000000e+02 1.104021764552356455e-01 1.365498406918525280e-03 9.986345015930814251e-01 0.000000000000000000e+00 0.000000000000000000e+00 0.000000000000000000e+00
2.790000000000000000e+02 1.116022001123577745e-01 3.186162949476558769e-03 9.967000455166135087e-01 0.000000000000000000e+00 1.137915339098771066e-04 0.000000000000000000e+00
2.820000000000000000e+02 1.128022237694799035e-01 2.389622212107419402e-03 9.974965862539827421e-01 0.000000000000000000e+00 1.137915339098771066e-04 0.000000000000000000e+00
2.850000000000000000e+02 1.140022474266020325e-01 2.844788347746927612e-03 9.969276285844332897e-01 0.000000000000000000e+00 2.275830678197542133e-04 0.000000000000000000e+00
2.880000000000000000e+02 1.152022710837241615e-01 3.299954483386436255e-03 9.967000455166135087e-01 0.000000000000000000e+00 0.000000000000000000e+00 0.000000000000000000e+00
2.910000000000000000e+02 1.164022947408462905e-01 2.958579881656804664e-03 9.970414201183431802e-01 0.000000000000000000e+00 0.000000000000000000e+00 0.000000000000000000e+00
2.940000000000000000e+02 1.176023183979684195e-01 2.503413746017296455e-03 9.974965862539827421e-01 0.000000000000000000e+00 0.000000000000000000e+00 0.000000000000000000e+00
2.970000000000000000e+02 1.188023420550905485e-01 1.934456076467910759e-03 9.979517523896221931e-01 0.000000000000000000e+00 1.137915339098771066e-04 0.000000000000000000e+00
3.000000000000000000e+02 1.200023657122126775e-01 2.162039144287664864e-03 9.977241693218024121e-01 0.000000000000000000e+00 1.137915339098771066e-04 0.000000000000000000e+00
3.030000000000000000e+02 1.212023893693348064e-01 3.413746017296313308e-03 9.962448793809740577e-01 0.000000000000000000e+00 3.413746017296313199e-04 0.000000000000000000e+00
3.060000000000000000e+02 1.224024130264569354e-01 4.096495220755575623e-03 9.956759217114247162e-01 0.000000000000000000e+00 2.275830678197542133e-04 0.000000000000000000e+00
3.090000000000000000e+02 1.236024366835790644e-01 5.803368229403732710e-03 9.939690487027764698e-01 0.000000000000000000e+00 2.275830678197542133e-04 0.000000000000000000e+00
3.120000000000000000e+02 1.248024603407011934e-01 6.144742831133363434e-03 9.936276741010469093e-01 0.000000000000000000e+00 2.275830678197542133e-04 0.000000000000000000e+00
3.150000000000000000e+02 1.260024839978233224e-01 5.234410559854347014e-03 9.947655894401457033e-01 0.000000000000000000e+00 0.000000000000000000e+00 0.000000000000000000e+00
3.180000000000000000e+02 1.272025076549454514e-01 7.396449704142011444e-03 9.923759672280382249e-01 0.000000000000000000e+00 2.275830678197542133e-04 0.000000000000000000e+00
3.210000000000000000e+02 1.284025313120675804e-01 1.126536185707783383e-02 9.885070550751023921e-01 0.000000000000000000e+00 2.275830678197542133e-04 0.000000000000000000e+00
3.240000000000000000e+02 1.296025549691897094e-01 1.399635867091488309e-02 9.852071005917160118e-01 0.000000000000000000e+00 7.965407373691396923e-04 0.000000000000000000e+00
3.270000000000000000e+02 1.308025786263118384e-01 1.775147928994082885e-02 9.811106053709603980e-01 0.000000000000000000e+00 1.137915339098770958e-03 0.000000000000000000e+00
3.300000000000000000e+02 1.320026022834339674e-01 1.911697769685935522e-02 9.803140646335912756e-01 0.000000000000000000e+00 5.689576695493854790e-04 0.000000000000000000e+00
3.330000000000000000e+02 1.332026259405560964e-01 2.105143377332726468e-02 9.773554847519344557e-01 0.000000000000000000e+00 1.593081474738279385e-03 0.000000000000000000e+00
3.360000000000000000e+02 1.344026495976782254e-01 2.207555757851615771e-02 9.763313609467455523e-01 0.000000000000000000e+00 1.593081474738279385e-03 0.000000000000000000e+00
3.390000000000000000e+02 1.356026732548003544e-01 2.719617660446062984e-02 9.714383249886208160e-01 0.000000000000000000e+00 1.365498406918525280e-03 0.000000000000000000e+00
3.420000000000000000e+02 1.368026969119224834e-01 3.538916704597178109e-02 9.630177514792899185e-01 0.000000000000000000e+00 1.593081474738279385e-03 0.000000000000000000e+00
3.450000000000000000e+02 1.380027205690446124e-01 4.233045061447428259e-02 9.557350933090578149e-01 0.000000000000000000e+00 1.934456076467910759e-03 0.000000000000000000e+00
3.480000000000000000e+02 1.392027442261667414e-01 4.904415111515703085e-02 9.485662266727356018e-01 0.000000000000000000e+00 2.389622212107419402e-03 0.000000000000000000e+00
3.510000000000000000e+02 1.404027678832888704e-01 5.052344105598543383e-02 9.459490213928083424e-01 0.000000000000000000e+00 3.527537551206190360e-03 0.000000000000000000e+00
3.540000000000000000e+02 1.416027915404109994e-01 5.837505689576695522e-02 9.384387801547564578e-01 0.000000000000000000e+00 3.186162949476558769e-03 0.000000000000000000e+00
3.570000000000000000e+02 1.428028151975331284e-01 6.736458807464724974e-02 9.295630405097861093e-01 0.000000000000000000e+00 3.072371415566681717e-03 0.000000000000000000e+00
3.600000000000000000e+02 1.440028388546552574e-01 7.828857532999544677e-02 9.164770141101502565e-01 0.000000000000000000e+00 5.234410559854347014e-03 0.000000000000000000e+00
3.630000000000000000e+02 1.452028625117773863e-01 9.512972234865725574e-02 8.969048702776513116e-01 0.000000000000000000e+00 7.965407373691398007e-03 0.000000000000000000e+00
3.660000000000000000e+02 1.464028861688995153e-01 1.125398270368684617e-01 8.785844333181611621e-01 0.000000000000000000e+00 8.875739644970414427e-03 0.000000000000000000e+00
3.690000000000000000e+02 1.476029098260216443e-01 1.308602639963586667e-01 8.596950386891215601e-01 0.000000000000000000e+00 9.444697314519799256e-03 0.000000000000000000e+00
3.720000000000000000e+02 1.488029334831437733e-01 1.530496131087847045e-01 8.327264451524806210e-01 0.000000000000000000e+00 1.422394173873463806e-02 0.000000000000000000e+00
3.750000000000000000e+02 1.500029571402659023e-01 1.751251706873008518e-01 8.056440600819299025e-01 0.000000000000000000e+00 1.923076923076923184e-02 0.000000000000000000e+00
3.780000000000000000e+02 1.512029807973880313e-01 2.097177969959035104e-01 7.663859808830223441e-01 0.000000000000000000e+00 2.389622212107419055e-02 0.000000000000000000e+00
3.810000000000000000e+02 1.524030044545101603e-01 2.529585798816568198e-01 7.150659990896677254e-01 0.000000000000000000e+00 3.197542102867546865e-02 0.000000000000000000e+00
3.840000000000000000e+02 1.536030281116322893e-01 2.966545289030496080e-01 6.616977696859354108e-01 0.000000000000000000e+00 4.164770141101502288e-02 0.000000000000000000e+00
3.870000000000000000e+02 1.548030517687544183e-01 3.360263996358671124e-01 6.087847064178425471e-01 0.000000000000000000e+00 5.518889394629039602e-02 0.000000000000000000e+00
3.900000000000000000e+02 1.560030754258765473e-01 3.835912608101957333e-01 5.506372325898952758e-01 0.000000000000000000e+00 6.577150659990896320e-02 0.000000000000000000e+00
3.930000000000000000e+02 1.572030990829986763e-01 4.301319981793354508e-01 4.928311333636777314e-01 0.000000000000000000e+00 7.703686845698680397e-02 0.000000000000000000e+00
3.960000000000000000e+02 1.584031227401208053e-01 4.797451069640418786e-01 4.284251251706873154e-01 0.000000000000000000e+00 9.182976786527081992e-02 0.000000000000000000e+00
3.990000000000000000e+02 1.596031463972429343e-01 5.213928083750568598e-01 3.683431952662721831e-01 0.000000000000000000e+00 1.102639963586709154e-01 0.000000000000000000e+00
4.020000000000000000e+02 1.608031700543650633e-01 5.641784251251706905e-01 3.121301775147928836e-01 0.000000000000000000e+00 1.236913973600364119e-01 0.000000000000000000e+00
4.050000000000000000e+02 1.620031937114871923e-01 6.029813381884387979e-01 2.569412835685024876e-01 2.275830678197542133e-04 1.398497951752389612e-01 0.000000000000000000e+00
4.080000000000000000e+02 1.632032173686093213e-01 6.367774237596722786e-01 2.105143377332726329e-01 2.275830678197542133e-04 1.524806554392353075e-01 0.000000000000000000e+00
4.110000000000000000e+02 1.644032410257314503e-01 6.624943104233045332e-01 1.701183431952662806e-01 4.551661356395084266e-04 1.669321802457897075e-01 0.000000000000000000e+00
4.140000000000000000e+02 1.656032646828535793e-01 6.791078743741465473e-01 1.365498406918525254e-01 7.965407373691396923e-04 1.835457441966317771e-01 0.000000000000000000e+00
4.170000000000000000e+02 1.668032883399757083e-01 6.933318161128811941e-01 1.063950842057350965e-01 1.024123805188893906e-03 1.992489758761948060e-01 0.000000000000000000e+00
4.200000000000000000e+02 1.680033119970978372e-01 7.031178880291306665e-01 8.488848429676831842e-02 2.048247610377787811e-03 2.099453800637232637e-01 0.000000000000000000e+00
4.230000000000000000e+02 1.692033356542199662e-01 7.106281292671825511e-01 6.508875739644970349e-02 3.299954483386436255e-03 2.209831588529813373e-01 0.000000000000000000e+00
4.260000000000000000e+02 1.704033593113420952e-01 7.176832043695948737e-01 4.881656804733727761e-02 4.779244424214838804e-03 2.287209831588529751e-01 0.000000000000000000e+00
4.290000000000000000e+02 1.716033829684642242e-01 7.222348657259899385e-01 3.925807919890760000e-02 4.551661356395083832e-03 2.339553937187073274e-01 0.000000000000000000e+00
4.320000000000000000e+02 1.728034066255863532e-01 7.263313609467455523e-01 3.254437869822485174e-02 5.575785161583977738e-03 2.355484751934456000e-01 0.000000000000000000e+00
4.350000000000000000e+02 1.740034302827084822e-01 7.332726445152480954e-01 2.651342740100136666e-02 5.689576695493855224e-03 2.345243513882567243e-01 0.000000000000000000e+00
4.380000000000000000e+02 1.752034539398306112e-01 7.339553937187073274e-01 2.298588984979517413e-02 6.258534365043240920e-03 2.368001820664542567e-01 0.000000000000000000e+00
4.410000000000000000e+02 1.764034775969527402e-01 7.407828857532999800e-01 1.957214383249886169e-02 6.030951297223486815e-03 2.336140191169776836e-01 0.000000000000000000e+00
4.440000000000000000e+02 1.776035012540748692e-01 7.462448793809740577e-01 1.900318616294947513e-02 6.486117432862995025e-03 2.282658170232134687e-01 0.000000000000000000e+00
4.470000000000000000e+02 1.788035249111969982e-01 7.472690031861629611e-01 1.729631315430131891e-02 8.989531178880291046e-03 2.264451524806554428e-01 0.000000000000000000e+00
4.500000000000000000e+02 1.800035485683191272e-01 7.473827947200728516e-01 1.866181156121984527e-02 1.126536185707783383e-02 2.226900318616295005e-01 0.000000000000000000e+00
4.530000000000000000e+02 1.812035722254412562e-01 7.468138370505233992e-01 1.877560309512972189e-02 1.342740100136549826e-02 2.209831588529813373e-01 0.000000000000000000e+00
4.560000000000000000e+02 1.824035958825633852e-01 7.468138370505233992e-01 1.911697769685935522e-02 1.502048247610377786e-02 2.190487027765134209e-01 0.000000000000000000e+00
4.590000000000000000e+02 1.836036195396855142e-01 7.469276285844332897e-01 2.173418297678652786e-02 1.729631315430131891e-02 2.140418752844788219e-01 0.000000000000000000e+00
4.620000000000000000e+02 1.848036431968076432e-01 7.464724624487938387e-01 2.298588984979517413e-02 1.877560309512972189e-02 2.117660446062812896e-01 0.000000000000000000e+00
4.650000000000000000e+02 1.860036668539297722e-01 7.414656349567592120e-01 2.344105598543468408e-02 2.207555757851615771e-02 2.130177514792899462e-01 0.000000000000000000e+00
4.680000000000000000e+02 1.872036905110519012e-01 7.430587164314974569e-01 2.469276285844333035e-02 2.309968138370505075e-02 2.091488393263541135e-01 0.000000000000000000e+00
4.710000000000000000e+02 1.884037141681740302e-01 7.406690942193900895e-01 2.628584433318160996e-02 2.651342740100136666e-02 2.065316340464269373e-01 0.000000000000000000e+00
4.740000000000000000e+02 1.896037378252961592e-01 7.408966772872098705e-01 2.605826126536185672e-02 2.947200728265816916e-02 2.035730541647701453e-01 0.000000000000000000e+00
4.770000000000000000e+02 1.908037614824182882e-01 7.398725534820209671e-01 2.651342740100136666e-02 3.197542102867546865e-02 2.016385980883022289e-01 0.000000000000000000e+00
4.800000000000000000e+02 1.920037851395404171e-01 7.462448793809740577e-01 2.742375967228038308e-02 3.368229403732362487e-02 1.926490669094219343e-01 0.000000000000000000e+00
4.830000000000000000e+02 1.932038087966625461e-01 7.460172963131542767e-01 2.765134274010013632e-02 3.311333636777423484e-02 1.932180245789713313e-01 0.000000000000000000e+00
4.860000000000000000e+02 1.944038324537846751e-01 7.523896222121073674e-01 2.730996813837050646e-02 3.390987710514337811e-02 1.863905325443787064e-01 0.000000000000000000e+00
4.890000000000000000e+02 1.956038561109068041e-01 7.515930814747382449e-01 2.674101046882111990e-02 3.675466545289030745e-02 1.849112426035502965e-01 0.000000000000000000e+00
4.920000000000000000e+02 1.968038797680289331e-01 7.500000000000000000e-01 2.753755120619025970e-02 3.982703686845699004e-02 1.826354119253527641e-01 0.000000000000000000e+00
4.950000000000000000e+02 1.980039034251510621e-01 7.573964497041419941e-01 2.822030040964952288e-02 4.096495220755575623e-02 1.734182976786527164e-01 0.000000000000000000e+00
4.980000000000000000e+02 1.992039270822731911e-01 7.594446973145198010e-01 2.890304961310878606e-02 4.142011834319526964e-02 1.702321347291761433e-01 0.000000000000000000e+00
5.010000000000000000e+02 2.004039507393953201e-01 7.635411925352754148e-01 2.810650887573964626e-02 4.392353208921256219e-02 1.644287664997724219e-01 0.000000000000000000e+00
5.040000000000000000e+02 2.016039743965174491e-01 7.712790168411469693e-01 2.810650887573964626e-02 4.551661356395084179e-02 1.550978607191624836e-01 0.000000000000000000e+00
5.070000000000000000e+02 2.028039980536395781e-01 7.777651342740100615e-01 2.890304961310878606e-02 4.688211197086936816e-02 1.464497041420118328e-01 0.000000000000000000e+00
5.100000000000000000e+02 2.040040217107617071e-01 7.876649977241693135e-01 2.856167501137915274e-02 4.563040509786071841e-02 1.381429221665907980e-01 0.000000000000000000e+00
5.130000000000000000e+02 2.052040453678838361e-01 7.917614929449249273e-01 2.913063268092853930e-02 4.631315430131998506e-02 1.327947200728265831e-01 0.000000000000000000e+00
5.160000000000000000e+02 2.064040690250059651e-01 7.931269913518433912e-01 2.856167501137915274e-02 4.608557123350022489e-02 1.322257624032771861e-01 0.000000000000000000e+00
5.190000000000000000e+02 2.076040926821280941e-01 7.981338188438780179e-01 2.787892580791988956e-02 4.540282203004096517e-02 1.285844333181611343e-01 0.000000000000000000e+00
5.220000000000000000e+02 2.088041163392500010e-01 7.994993172507965928e-01 2.810650887573964626e-02 4.699590350477924477e-02 1.253982703686845612e-01 0.000000000000000000e+00
5.250000000000000000e+02 2.100041399963721300e-01 8.041647701411015481e-01 2.776513427401001294e-02 4.642694583522986168e-02 1.216431497496586189e-01 0.000000000000000000e+00
5.280000000000000000e+02 2.112041636534942590e-01 8.098543468365954068e-01 2.810650887573964626e-02 4.710969503868912139e-02 1.149294492489758707e-01 0.000000000000000000e+00
5.310000000000000000e+02 2.124041873106163880e-01 8.091715976331360638e-01 3.015475648611743234e-02 4.870277651342740100e-02 1.119708693673190647e-01 0.000000000000000000e+00
5.340000000000000000e+02 2.136042109677385170e-01 8.117888029130633232e-01 3.072371415566681890e-02 4.995448338643605074e-02 1.075329995448338627e-01 0.000000000000000000e+00
5.370000000000000000e+02 2.148042346248606460e-01 8.159990896677287164e-01 3.174783796085571541e-02 5.018206645425580398e-02 1.020710059171597572e-01 0.000000000000000000e+00
5.400000000000000000e+02 2.160042582819827750e-01 8.178197542102867423e-01 3.311333636777423484e-02 5.018206645425580398e-02 9.888484296768319803e-02 0.000000000000000000e+00
5.430000000000000000e+02 2.172042819391049040e-01 8.227127901684114786e-01 3.447883477469276120e-02 5.052344105598543383e-02 9.228493400091032639e-02 0.000000000000000000e+00
5.460000000000000000e+02 2.184043055962270330e-01 8.212335002275830131e-01 3.368229403732362487e-02 5.223031406463359005e-02 9.285389167045972336e-02 0.000000000000000000e+00
5.490000000000000000e+02 2.196043292533491620e-01 8.264679107874374209e-01 3.277196176604460498e-02 5.439235320892125969e-02 8.636777423759672834e-02 0.000000000000000000e+00
5.520000000000000000e+02 2.208043529104712910e-01 8.310195721438324856e-01 3.322712790168411146e-02 5.302685480200273332e-02 8.272644515248064878e-02 0.000000000000000000e+00
5.550000000000000000e+02 2.220043765675934200e-01 8.321574874829312796e-01 3.470641784251251444e-02 5.120619025944470049e-02 8.192990441511151245e-02 0.000000000000000000e+00
5.580000000000000000e+02 2.232044002247155490e-01 8.340919435593991960e-01 3.743741465634956717e-02 5.018206645425580398e-02 7.828857532999544677e-02 0.000000000000000000e+00
5.610000000000000000e+02 2.244044238818376780e-01 8.323850705507510606e-01 4.073736913973600299e-02 5.143377332726445372e-02 7.544378698224851743e-02 0.000000000000000000e+00
5.640000000000000000e+02 2.256044475389598070e-01 8.305644060081930347e-01 3.948566226672735324e-02 5.166135639508420696e-02 7.828857532999544677e-02 0.000000000000000000e+00
5.670000000000000000e+02 2.268044711960819360e-01 8.294264906690942407e-01 3.994082840236686666e-02 5.325443786982248656e-02 7.737824305871643382e-02 0.000000000000000000e+00
5.700000000000000000e+02 2.280044948532040650e-01 8.328402366863905115e-01 4.050978607191624975e-02 5.518889394629039602e-02 7.146108329540282189e-02 0.000000000000000000e+00
5.730000000000000000e+02 2.292045185103261939e-01 8.339781520254893055e-01 4.142011834319526964e-02 5.518889394629039602e-02 6.941283568502502888e-02 0.000000000000000000e+00
5.760000000000000000e+02 2.304045421674483229e-01 8.351160673645880994e-01 4.267182521620391245e-02 5.609922621756941591e-02 6.611288120163859305e-02 0.000000000000000000e+00
5.790000000000000000e+02 2.316045658245704519e-01 8.322712790168411701e-01 4.392353208921256219e-02 5.700955848884842886e-02 6.679563040509786664e-02 0.000000000000000000e+00
5.820000000000000000e+02 2.328045894816925809e-01 8.337505689576695245e-01 4.301319981793354230e-02 5.837505689576695522e-02 6.486117432862995025e-02 0.000000000000000000e+00
5.850000000000000000e+02 2.340046131388147099e-01 8.365953573054164538e-01 4.437869822485206867e-02 5.587164314974965573e-02 6.315430131998178709e-02 0.000000000000000000e+00
5.880000000000000000e+02 2.352046367959368389e-01 8.401228948566226151e-01 4.267182521620391245e-02 5.644060081929904577e-02 6.076467910787437116e-02 0.000000000000000000e+00
5.910000000000000000e+02 2.364046604530589679e-01 8.363677742375966728e-01 4.415111515703231543e-02 5.791989076012744875e-02 6.156121984524351443e-02 0.000000000000000000e+00
5.940000000000000000e+02 2.376046841101810969e-01 8.350022758306782089e-01 4.506144742831133532e-02 5.894401456531633832e-02 6.099226217569413133e-02 0.000000000000000000e+00
5.970000000000000000e+02 2.388047077673032259e-01 8.371643149749659063e-01 4.437869822485206867e-02 5.996813837050523482e-02 5.848884842967683184e-02 0.000000000000000000e+00
6.000000000000000000e+02 2.400047314244253549e-01 8.378470641784251383e-01 4.472007282658170546e-02 5.928538916704597511e-02 5.814747382794720199e-02 0.000000000000000000e+00
6.030000000000000000e+02 2.412047550815474839e-01 8.395539371870732737e-01 4.449248975876194528e-02 5.826126536185707860e-02 5.769230769230769551e-02 0.000000000000000000e+00
6.060000000000000000e+02 2.424047787386696129e-01 8.388711879836140417e-01 4.551661356395084179e-02 5.917159763313609155e-02 5.644060081929904577e-02 0.000000000000000000e+00
6.090000000000000000e+02 2.436048023957917419e-01 8.390987710514338227e-01 4.688211197086936816e-02 6.008192990441511144e-02 5.393718707328174627e-02 0.000000000000000000e+00
6.120000000000000000e+02 2.448048260529138709e-01 8.389849795175239322e-01 4.767865270823850449e-02 6.065088757396449454e-02 5.268548020027309653e-02 0.000000000000000000e+00
6.150000000000000000e+02 2.460048497100359999e-01 8.363677742375966728e-01 4.745106964041875125e-02 5.985434683659535821e-02 5.632680928538916915e-02 0.000000000000000000e+00
6.180000000000000000e+02 2.472048733671581289e-01 8.345471096950386469e-01 4.949931725079653733e-02 5.985434683659535821e-02 5.609922621756941591e-02 0.000000000000000000e+00
6.210000000000000000e+02 2.484048970242802579e-01 8.326126536185707305e-01 5.166135639508420696e-02 5.974055530268548159e-02 5.598543468365953235e-02 0.000000000000000000e+00
6.240000000000000000e+02 2.496049206814023869e-01 8.318161128812016081e-01 5.336822940373236318e-02 5.962676376877560497e-02 5.518889394629039602e-02 0.000000000000000000e+00
6.270000000000000000e+02 2.508049443385245159e-01 8.330678197542102925e-01 5.461993627674101293e-02 5.939918070095585173e-02 5.291306326809285671e-02 0.000000000000000000e+00
6.300000000000000000e+02 2.520049679956466449e-01 8.271506599908966528e-01 5.530268548020027264e-02 6.190259444697314428e-02 5.564406008192990249e-02 0.000000000000000000e+00
6.330000000000000000e+02 2.532049916527687738e-01 8.271506599908966528e-01 5.507510241238051940e-02 6.508875739644970349e-02 5.268548020027309653e-02 0.000000000000000000e+00
6.360000000000000000e+02 2.544050153098909028e-01 8.274920345926263243e-01 5.575785161583977911e-02 6.531634046426945672e-02 5.143377332726445372e-02 0.000000000000000000e+00
6.390000000000000000e+02 2.556050389670130318e-01 8.322712790168411701e-01 5.518889394629039602e-02 6.235776058261265076e-02 5.018206645425580398e-02 0.000000000000000000e+00
6.420000000000000000e+02 2.568050626241351608e-01 8.330678197542102925e-01 5.621301775147929253e-02 6.269913518434228061e-02 4.802002730996814128e-02 0.000000000000000000e+00
6.450000000000000000e+02 2.580050862812572898e-01 8.329540282203004020e-01 5.564406008192990249e-02 6.201638598088302090e-02 4.938552571688666071e-02 0.000000000000000000e+00
6.480000000000000000e+02 2.592051099383794188e-01 8.297678652708238012e-01 5.655439235320892238e-02 6.326809285389166371e-02 5.040964952207555722e-02 0.000000000000000000e+00
6.510000000000000000e+02 2.604051335955015478e-01 8.288575329995447882e-01 5.803368229403732537e-02 6.372325898953118406e-02 4.938552571688666071e-02 0.000000000000000000e+00
6.540000000000000000e+02 2.616051572526236768e-01 8.294264906690942407e-01 5.837505689576695522e-02 6.292671825216203385e-02 4.927173418297678409e-02 0.000000000000000000e+00
6.570000000000000000e+02 2.628051809097458058e-01 8.295402822030041312e-01 6.030951297223486468e-02 6.099226217569413133e-02 4.915794264906690747e-02 0.000000000000000000e+00
6.600000000000000000e+02 2.640052045668679348e-01 8.312471552116522666e-01 6.042330450614474130e-02 6.110605370960400795e-02 4.722348657259899801e-02 0.000000000000000000e+00
6.630000000000000000e+02 2.652052282239900638e-01 8.331816112881201830e-01 6.019572143832498806e-02 6.087847064178425471e-02 4.574419663177059503e-02 0.000000000000000000e+00
6.660000000000000000e+02 2.664052518811121928e-01 8.372781065088756858e-01 5.883022303140646170e-02 5.894401456531633832e-02 4.494765589440145870e-02 0.000000000000000000e+00
6.690000000000000000e+02 2.676052755382343218e-01 8.331816112881201830e-01 6.008192990441511144e-02 5.928538916704597511e-02 4.745106964041875125e-02 0.000000000000000000e+00
6.720000000000000000e+02 2.688052991953564508e-01 8.381884387801548097e-01 5.962676376877560497e-02 5.848884842967683184e-02 4.369594902139280895e-02 0.000000000000000000e+00
6.750000000000000000e+02 2.700053228524785798e-01 8.363677742375966728e-01 5.974055530268548159e-02 5.905780609922621494e-02 4.483386436049158208e-02 0.000000000000000000e+00
6.780000000000000000e+02 2.712053465096007088e-01 8.339781520254893055e-01 6.269913518434228061e-02 5.962676376877560497e-02 4.369594902139280895e-02 0.000000000000000000e+00
6.810000000000000000e+02 2.724053701667228378e-01 8.337505689576695245e-01 6.349567592171143082e-02 5.962676376877560497e-02 4.312699135184342586e-02 0.000000000000000000e+00
