# itime ezz other fcc hcp bcc ico
0.000000000000000000e+00 0.000000000000000000e+00 0.000000000000000000e+00 1.000000000000000000e+00 0.000000000000000000e+00 0.000000000000000000e+00 0.000000000000000000e+00
2.500000000000000000e+02 1.000004800572473762e-02 0.000000000000000000e+00 1.000000000000000000e+00 0.000000000000000000e+00 0.000000000000000000e+00 0.000000000000000000e+00
5.000000000000000000e+02 2.000009601144969729e-02 0.000000000000000000e+00 1.000000000000000000e+00 0.000000000000000000e+00 0.000000000000000000e+00 0.000000000000000000e+00
7.500000000000000000e+02 3.000014401717443491e-02 0.000000000000000000e+00 1.000000000000000000e+00 0.000000000000000000e+00 0.000000000000000000e+00 0.000000000000000000e+00
1.000000000000000000e+03 4.000019202289917253e-02 0.000000000000000000e+00 1.000000000000000000e+00 0.000000000000000000e+00 0.000000000000000000e+00 0.000000000000000000e+00
1.250000000000000000e+03 5.000024002862413219e-02 0.000000000000000000e+00 1.000000000000000000e+00 0.000000000000000000e+00 0.000000000000000000e+00 0.000000000000000000e+00
1.500000000000000000e+03 6.000028803434886981e-02 0.000000000000000000e+00 1.000000000000000000e+00 0.000000000000000000e+00 0.000000000000000000e+00 0.000000000000000000e+00
1.750000000000000000e+03 7.000033604007360744e-02 0.000000000000000000e+00 1.000000000000000000e+00 0.000000000000000000e+00 0.000000000000000000e+00 0.000000000000000000e+00
2.000000000000000000e+03 8.000038404579856710e-02 1.137915339098771066e-04 9.998862084660901095e-01 0.000000000000000000e+00 0.000000000000000000e+00 0.000000000000000000e+00
2.250000000000000000e+03 9.000043205152330472e-02 3.413746017296313199e-04 9.996586253982703285e-01 0.000000000000000000e+00 0.000000000000000000e+00 0.000000000000000000e+00
2.500000000000000000e+03 1.000004800572480423e-01 3.755120619025944465e-03 9.961310878470641672e-01 0.000000000000000000e+00 1.137915339098771066e-04 0.000000000000000000e+00
2.750000000000000000e+03 1.100005280629730020e-01 5.917159763313609329e-03 9.936276741010469093e-01 0.000000000000000000e+00 4.551661356395084266e-04 0.000000000000000000e+00
3.000000000000000000e+03 1.200005760686977396e-01 9.353664087391898307e-02 8.235093309057806010e-01 0.000000000000000000e+00 8.295402822030041590e-02 0.000000000000000000e+00
3.250000000000000000e+03 1.300006240744224772e-01 3.806326809285389134e-01 1.845698680018206528e-01 3.755120619025944465e-03 4.310423304506144637e-01 0.000000000000000000e+00
3.500000000000000000e+03 1.400006720801474369e-01 3.565088757396449592e-01 2.573964497041419941e-01 1.406463359126081114e-01 2.454483386436049075e-01 0.000000000000000000e+00
3.750000000000000000e+03 1.500007200858721745e-01 3.916704597177970149e-01 3.354574419663177154e-01 1.717114246700045532e-01 1.011606736458807443e-01 0.000000000000000000e+00
4.000000000000000000e+03 1.600007680915969122e-01 3.889394629039599205e-01 3.636777423759672279e-01 1.755803368229403860e-01 7.180245789713245175e-02 0.000000000000000000e+00
4.250000000000000000e+03 1.700008160973218718e-01 3.879153390987710726e-01 3.643604915794265153e-01 1.843422849340008995e-01 6.338188438780155420e-02 0.000000000000000000e+00
4.500000000000000000e+03 1.800008641030466094e-01 3.812016385980883104e-01 3.764223941738734647e-01 1.885525716886663761e-01 5.382339553937186966e-02 0.000000000000000000e+00
4.750000000000000000e+03 1.900009121087713471e-01 3.759672280382339582e-01 3.810878470641784199e-01 1.911697769685935244e-01 5.177514792899408358e-02 0.000000000000000000e+00
5.000000000000000000e+03 2.000009601144963067e-01 3.694811106053709771e-01 3.872325898953117851e-01 1.898042785616750050e-01 5.348202093764223980e-02 0.000000000000000000e+00
5.250000000000000000e+03 2.100010081202210444e-01 3.685707783340919641e-01 3.984979517523896120e-01 1.904870277651342647e-01 4.244424214838415921e-02 0.000000000000000000e+00
5.500000000000000000e+03 2.200010561259457820e-01 3.656121984524351443e-01 4.098771051433773294e-01 1.901456531634046487e-01 3.436504324078288458e-02 0.000000000000000000e+00
5.750000000000000000e+03 2.300011041316707416e-01 3.568502503413745752e-01 4.161356395084205850e-01 1.893491124260354985e-01 3.766499772416932040e-02 0.000000000000000000e+00
6.000000000000000000e+03 2.400011521373954793e-01 3.552571688666363303e-01 4.093081474738279324e-01 2.066454255803368278e-01 2.867546654528902936e-02 1.137915339098771066e-04
6.250000000000000000e+03 2.500012001431202169e-01 3.548020027309968238e-01 4.082840236686390289e-01 2.047109695038689114e-01 3.220300409649522189e-02 0.000000000000000000e+00
6.500000000000000000e+03 2.600012481488451765e-01 3.541192535275375364e-01 4.071461083295402905e-01 2.133591260810195622e-01 2.537551206190259354e-02 0.000000000000000000e+00
6.750000000000000000e+03 2.700012961545699142e-01 3.480883022303140617e-01 4.105598543468366168e-01 2.140418752844788219e-01 2.730996813837050646e-02 0.000000000000000000e+00
7.000000000000000000e+03 2.800013441602946518e-01 3.521847974510696200e-01 4.049840691852525931e-01 2.105143377332726329e-01 3.231679563040509851e-02 0.000000000000000000e+00
7.250000000000000000e+03 2.900013921660196115e-01 3.617432862994993115e-01 4.031634046426945672e-01 2.084660901228948537e-01 2.662721893491124328e-02 0.000000000000000000e+00
7.500000000000000000e+03 3.000014401717443491e-01 3.673190714610832797e-01 4.015703231679563223e-01 2.031178880291306388e-01 2.799271734182976618e-02 0.000000000000000000e+00
7.750000000000000000e+03 3.100014881774690867e-01 3.678880291306326766e-01 3.981565771506599960e-01 2.089212562585343602e-01 2.503413746017296368e-02 0.000000000000000000e+00
8.000000000000000000e+03 3.200015361831940464e-01 3.766499772416932457e-01 3.929221665908056438e-01 2.065316340464269373e-01 2.389622212107419055e-02 0.000000000000000000e+00
8.250000000000000000e+03 3.300015841889187840e-01 3.843878015475648557e-01 3.840464269458352398e-01 2.063040509786071841e-01 2.526172052799271692e-02 0.000000000000000000e+00
8.500000000000000000e+03 3.400016321946435216e-01 3.882567137005006885e-01 3.775603095129722586e-01 2.086936731907146070e-01 2.548930359581247015e-02 0.000000000000000000e+00
8.750000000000000000e+03 3.500016802003684813e-01 3.865498406918525531e-01 3.860946745562129911e-01 2.060764679107874309e-01 2.127901684114701791e-02 0.000000000000000000e+00
9.000000000000000000e+03 3.600017282060932189e-01 3.846153846153846367e-01 3.917842512517068498e-01 1.984524351388256835e-01 2.514792899408284030e-02 0.000000000000000000e+00
9.250000000000000000e+03 3.700017762118179565e-01 3.889394629039599205e-01 4.004324078288575284e-01 1.898042785616750050e-01 2.071005917159763482e-02 1.137915339098771066e-04
9.500000000000000000e+03 3.800018242175429162e-01 3.775603095129722586e-01 4.123805188893946427e-01 1.827492034592626269e-01 2.719617660446062984e-02 1.137915339098771066e-04
9.750000000000000000e+03 3.900018722232678758e-01 3.727810650887574129e-01 4.101046882111971104e-01 1.926490669094219343e-01 2.446517979062357712e-02 0.000000000000000000e+00
1.000000000000000000e+04 4.000019202289923914e-01 3.728948566226672479e-01 3.987255348202093930e-01 1.967455621301775204e-01 3.163404642694583185e-02 0.000000000000000000e+00
1.025000000000000000e+04 4.100019682347175731e-01 3.673190714610832797e-01 4.130632680928538747e-01 1.990213928083750528e-01 2.059626763768775473e-02 0.000000000000000000e+00
1.050000000000000000e+04 4.200020162404418667e-01 3.516158397815202785e-01 4.066909421939007840e-01 2.201866181156121871e-01 2.150659990896677115e-02 0.000000000000000000e+00
1.075000000000000000e+04 4.300020642461670484e-01 3.526399635867091265e-01 4.078288575329995225e-01 2.216659080564405970e-01 1.786527082385070547e-02 0.000000000000000000e+00
1.100000000000000000e+04 4.400021122518915639e-01 3.390987710514337672e-01 4.220527992717341692e-01 2.243969048702776636e-01 1.445152480655439303e-02 0.000000000000000000e+00
1.125000000000000000e+04 4.500021602576167457e-01 3.177059626763768518e-01 4.325216203914428736e-01 2.385070550751024199e-01 1.126536185707783383e-02 0.000000000000000000e+00
1.150000000000000000e+04 4.600022082633412612e-01 3.098543468365953513e-01 4.384387801547565133e-01 2.426035502958579781e-01 9.103322712790167665e-03 0.000000000000000000e+00
1.175000000000000000e+04 4.700022562690664429e-01 3.096267637687756258e-01 4.252389622212107145e-01 2.552344105598543522e-01 9.899863450159307465e-03 0.000000000000000000e+00
1.200000000000000000e+04 4.800023042747907365e-01 2.946062812926718011e-01 4.116977696859353553e-01 2.835685025034137552e-01 1.012744651797906244e-02 0.000000000000000000e+00
1.225000000000000000e+04 4.900023522805159182e-01 3.024578971324533572e-01 3.782430587164314906e-01 3.091715976331361193e-01 1.012744651797906244e-02 0.000000000000000000e+00
1.250000000000000000e+04 5.000024002862404338e-01 3.038233955393718766e-01 3.535502958579881394e-01 3.346609012289485929e-01 7.965407373691398007e-03 0.000000000000000000e+00
1.275000000000000000e+04 5.100024482919656155e-01 3.073509330905780379e-01 3.497951752389621971e-01 3.348884842967683184e-01 7.851615839781519654e-03 1.137915339098771066e-04
1.300000000000000000e+04 5.200024962976901310e-01 2.991579426490669213e-01 3.518434228493400040e-01 3.392125625853436577e-01 9.786071916249430847e-03 0.000000000000000000e+00
1.325000000000000000e+04 5.300025443034153128e-01 3.075785161583978189e-01 3.394401456531633832e-01 3.460400546199362548e-01 6.941283568502503235e-03 0.000000000000000000e+00
1.350000000000000000e+04 5.400025923091398283e-01 3.248748293126991205e-01 3.180473372781065233e-01 3.489986345015930747e-01 8.079198907601274626e-03 0.000000000000000000e+00
1.375000000000000000e+04 5.500026403148647880e-01 3.253299954483386269e-01 3.190714610832954268e-01 3.485434683659535682e-01 7.055075102412380721e-03 0.000000000000000000e+00
1.400000000000000000e+04 5.600026883205893036e-01 3.345471096950387024e-01 3.232817478379608755e-01 3.351160673645880994e-01 7.055075102412380721e-03 0.000000000000000000e+00
1.425000000000000000e+04 5.700027363263144853e-01 3.488848429676831842e-01 3.274920345926263243e-01 3.136094674556212936e-01 1.001365498406918582e-02 0.000000000000000000e+00
1.450000000000000000e+04 5.800027843320390009e-01 3.660673645880746507e-01 3.594674556213017791e-01 2.591033227127901850e-01 1.536185707783340945e-02 0.000000000000000000e+00
1.475000000000000000e+04 5.900028323377641826e-01 3.741465634956759323e-01 3.578743741465634787e-01 2.525034137460173134e-01 1.547564861174328607e-02 0.000000000000000000e+00
1.500000000000000000e+04 6.000028803434886981e-01 3.822257624032772139e-01 3.545744196631770428e-01 2.486345015930814806e-01 1.456531634046426965e-02 0.000000000000000000e+00
1.525000000000000000e+04 6.100029283492136578e-01 3.908739189804278369e-01 3.610605370960400795e-01 2.275830678197542090e-01 2.048247610377787811e-02 0.000000000000000000e+00
1.550000000000000000e+04 6.200029763549381734e-01 3.829085116067364458e-01 3.656121984524351443e-01 2.283796085571233592e-01 2.309968138370505075e-02 0.000000000000000000e+00
1.575000000000000000e+04 6.300030243606633551e-01 3.570778334091943562e-01 3.816568047337278169e-01 2.467000455166135642e-01 1.456531634046426965e-02 0.000000000000000000e+00
1.600000000000000000e+04 6.400030723663878707e-01 3.293126991351843502e-01 4.107874374146563423e-01 2.496586253982703563e-01 1.024123805188893906e-02 0.000000000000000000e+00
1.625000000000000000e+04 6.500031203721130524e-01 3.218024578971324656e-01 4.126081019572143682e-01 2.560309512972234747e-01 9.444697314519799256e-03 1.137915339098771066e-04
1.650000000000000000e+04 6.600031683778375680e-01 3.124715521165225551e-01 4.258079198907601115e-01 2.558033682294037492e-01 5.917159763313609329e-03 0.000000000000000000e+00
1.675000000000000000e+04 6.700032163835625276e-01 3.196404187528447682e-01 4.311561219845243542e-01 2.401001365498406925e-01 9.103322712790167665e-03 0.000000000000000000e+00
1.700000000000000000e+04 6.800032643892870432e-01 3.138370505234410746e-01 4.436731907146108100e-01 2.357760582612653533e-01 6.713700500682749130e-03 0.000000000000000000e+00
1.725000000000000000e+04 6.900033123950122249e-01 3.140646335912608000e-01 4.358215748748293095e-01 2.418070095584888557e-01 8.306781975421027864e-03 0.000000000000000000e+00
1.750000000000000000e+04 7.000033604007367405e-01 3.287437414656349532e-01 4.294492489758762188e-01 2.325898953117888079e-01 9.217114246700046018e-03 0.000000000000000000e+00
1.775000000000000000e+04 7.100034084064619222e-01 3.166818388711880039e-01 4.312699135184342447e-01 2.437414656349567721e-01 8.306781975421027864e-03 0.000000000000000000e+00
1.800000000000000000e+04 7.200034564121864378e-01 3.192990441511151523e-01 4.444697314519799880e-01 2.251934456076467861e-01 1.103777878925807886e-02 0.000000000000000000e+00
1.825000000000000000e+04 7.300035044179113974e-01 3.074647246244879284e-01 4.590350477924442507e-01 2.269003186162949492e-01 6.599908966772872511e-03 0.000000000000000000e+00
1.850000000000000000e+04 7.400035524236359130e-01 3.054164770141101770e-01 4.772416932180245652e-01 2.101729631315430169e-01 7.168866636322257339e-03 0.000000000000000000e+00
1.875000000000000000e+04 7.500036004293610947e-01 2.911925352753755303e-01 4.987482931269913711e-01 2.017523896222121194e-01 8.306781975421027864e-03 0.000000000000000000e+00
1.900000000000000000e+04 7.600036484350856103e-01 2.977924442421484019e-01 4.879380974055530507e-01 2.083522985889849910e-01 5.917159763313609329e-03 0.000000000000000000e+00
1.925000000000000000e+04 7.700036964408107920e-01 2.917614929449248717e-01 4.865725989986344757e-01 2.140418752844788219e-01 7.624032771961766417e-03 0.000000000000000000e+00
1.950000000000000000e+04 7.800037444465353076e-01 2.940373236231224596e-01 4.934000910332271284e-01 2.063040509786071841e-01 6.258534365043240920e-03 0.000000000000000000e+00
1.975000000000000000e+04 7.900037924522602673e-01 2.718479745106964218e-01 5.118343195266271684e-01 2.127901684114701930e-01 3.527537551206190360e-03 0.000000000000000000e+00
2.000000000000000000e+04 8.000038404579847828e-01 2.802685480200273194e-01 5.048930359581247362e-01 2.109695038689121394e-01 3.868912152935821518e-03 0.000000000000000000e+00
2.025000000000000000e+04 8.100038884637099645e-01 2.809512972234865513e-01 4.997724169321802190e-01 2.144970414201183562e-01 4.779244424214838804e-03 0.000000000000000000e+00
2.050000000000000000e+04 8.200039364694344801e-01 2.853891670459717811e-01 5.069412835685025431e-01 2.015248065543923661e-01 6.144742831133363434e-03 0.000000000000000000e+00
2.075000000000000000e+04 8.300039844751596618e-01 2.881201638598088199e-01 5.587164314974966128e-01 1.464497041420118328e-01 6.713700500682749130e-03 0.000000000000000000e+00
2.100000000000000000e+04 8.400040324808841774e-01 2.795857988165680319e-01 5.691852526172053173e-01 1.429221665908056438e-01 8.306781975421027864e-03 0.000000000000000000e+00
2.125000000000000000e+04 8.500040804866091371e-01 2.809512972234865513e-01 5.690714610832954268e-01 1.407601274465179741e-01 9.217114246700046018e-03 0.000000000000000000e+00
2.150000000000000000e+04 8.600041284923336526e-01 2.890304961310878329e-01 5.485889849795174689e-01 1.547564861174328676e-01 7.624032771961766417e-03 0.000000000000000000e+00
2.175000000000000000e+04 8.700041764980588344e-01 2.849340009103322746e-01 5.513199817933546187e-01 1.544151115157032239e-01 9.330905780609922637e-03 0.000000000000000000e+00
2.200000000000000000e+04 8.800042245037833499e-01 2.825443786982248517e-01 5.499544833864360438e-01 1.630632680928539024e-01 4.437869822485207214e-03 0.000000000000000000e+00
2.225000000000000000e+04 8.900042725095085316e-01 2.732134729176149412e-01 5.446062812926718566e-01 1.780837505689576716e-01 4.096495220755575623e-03 0.000000000000000000e+00
2.250000000000000000e+04 9.000043205152330472e-01 2.759444697314519801e-01 5.175238962221210270e-01 2.012972234865725851e-01 5.234410559854347014e-03 0.000000000000000000e+00
2.275000000000000000e+04 9.100043685209580069e-01 2.795857988165680319e-01 5.125170687300865113e-01 2.040282203004096517e-01 3.868912152935821518e-03 0.000000000000000000e+00
2.300000000000000000e+04 9.200044165266825225e-01 2.727583067819754348e-01 4.984069185252616996e-01 2.236003641329085134e-01 5.234410559854347014e-03 0.000000000000000000e+00
2.325000000000000000e+04 9.300044645324077042e-01 2.760582612653618706e-01 4.918070095584888279e-01 2.263313609467455523e-01 5.803368229403732710e-03 0.000000000000000000e+00
2.350000000000000000e+04 9.400045125381322197e-01 2.705962676376877374e-01 4.961310878470641672e-01 2.289485662266727284e-01 4.324078288575329727e-03 0.000000000000000000e+00
2.375000000000000000e+04 9.500045605438574015e-01 2.645653163404642627e-01 4.913518434228493215e-01 2.410104688211197055e-01 3.072371415566681717e-03 0.000000000000000000e+00
2.400000000000000000e+04 9.600046085495819170e-01 2.674101046882111921e-01 4.715521165225307065e-01 2.569412835685024876e-01 4.096495220755575623e-03 0.000000000000000000e+00
2.425000000000000000e+04 9.700046565553068767e-01 2.659308147473827821e-01 4.560764679107874309e-01 2.725307237141556538e-01 5.461993627674101119e-03 0.000000000000000000e+00
2.450000000000000000e+04 9.800047045610313923e-01 2.688893946290396020e-01 4.584660901228948537e-01 2.691169776968593275e-01 3.527537551206190360e-03 0.000000000000000000e+00
2.475000000000000000e+04 9.900047525667565740e-01 2.729858898497951603e-01 4.506144742831133532e-01 2.705962676376877374e-01 5.803368229403732710e-03 0.000000000000000000e+00
2.500000000000000000e+04 1.000004800572481312e+00 2.776513427401001155e-01 4.660901228948566288e-01 2.517068730086481354e-01 4.551661356395083832e-03 0.000000000000000000e+00
