# itime ezz other fcc hcp bcc ico
0.000000000000000000e+00 0.000000000000000000e+00 0.000000000000000000e+00 1.000000000000000000e+00 0.000000000000000000e+00 0.000000000000000000e+00 0.000000000000000000e+00
2.500000000000000000e+01 9.999758823462379098e-04 0.000000000000000000e+00 1.000000000000000000e+00 0.000000000000000000e+00 0.000000000000000000e+00 0.000000000000000000e+00
5.000000000000000000e+01 1.999951764692697864e-03 0.000000000000000000e+00 1.000000000000000000e+00 0.000000000000000000e+00 0.000000000000000000e+00 0.000000000000000000e+00
7.500000000000000000e+01 2.999927647038935774e-03 0.000000000000000000e+00 1.000000000000000000e+00 0.000000000000000000e+00 0.000000000000000000e+00 0.000000000000000000e+00
1.000000000000000000e+02 3.999903529385395728e-03 0.000000000000000000e+00 1.000000000000000000e+00 0.000000000000000000e+00 0.000000000000000000e+00 0.000000000000000000e+00
1.250000000000000000e+02 4.999879411731633638e-03 0.000000000000000000e+00 1.000000000000000000e+00 0.000000000000000000e+00 0.000000000000000000e+00 0.000000000000000000e+00
1.500000000000000000e+02 5.999855294078093593e-03 0.000000000000000000e+00 1.000000000000000000e+00 0.000000000000000000e+00 0.000000000000000000e+00 0.000000000000000000e+00
1.750000000000000000e+02 6.999831176424331503e-03 0.000000000000000000e+00 1.000000000000000000e+00 0.000000000000000000e+00 0.000000000000000000e+00 0.000000000000000000e+00
2.000000000000000000e+02 7.999807058770791457e-03 0.000000000000000000e+00 1.000000000000000000e+00 0.000000000000000000e+00 0.000000000000000000e+00 0.000000000000000000e+00
2.250000000000000000e+02 8.999782941117029367e-03 0.000000000000000000e+00 1.000000000000000000e+00 0.000000000000000000e+00 0.000000000000000000e+00 0.000000000000000000e+00
2.500000000000000000e+02 9.999758823463489321e-03 0.000000000000000000e+00 1.000000000000000000e+00 0.000000000000000000e+00 0.000000000000000000e+00 0.000000000000000000e+00
2.750000000000000000e+02 1.099973470580972723e-02 0.000000000000000000e+00 1.000000000000000000e+00 0.000000000000000000e+00 0.000000000000000000e+00 0.000000000000000000e+00
3.000000000000000000e+02 1.199971058815618719e-02 0.000000000000000000e+00 1.000000000000000000e+00 0.000000000000000000e+00 0.000000000000000000e+00 0.000000000000000000e+00
3.250000000000000000e+02 1.299968647050242510e-02 0.000000000000000000e+00 1.000000000000000000e+00 0.000000000000000000e+00 0.000000000000000000e+00 0.000000000000000000e+00
3.500000000000000000e+02 1.399966235284888505e-02 0.000000000000000000e+00 1.000000000000000000e+00 0.000000000000000000e+00 0.000000000000000000e+00 0.000000000000000000e+00
3.750000000000000000e+02 1.499963823519512296e-02 0.000000000000000000e+00 1.000000000000000000e+00 0.000000000000000000e+00 0.000000000000000000e+00 0.000000000000000000e+00
4.000000000000000000e+02 1.599961411754158291e-02 0.000000000000000000e+00 1.000000000000000000e+00 0.000000000000000000e+00 0.000000000000000000e+00 0.000000000000000000e+00
4.250000000000000000e+02 1.699958999988782082e-02 0.000000000000000000e+00 1.000000000000000000e+00 0.000000000000000000e+00 0.000000000000000000e+00 0.000000000000000000e+00
4.500000000000000000e+02 1.799956588223428078e-02 0.000000000000000000e+00 1.000000000000000000e+00 0.000000000000000000e+00 0.000000000000000000e+00 0.000000000000000000e+00
4.750000000000000000e+02 1.899954176458051869e-02 0.000000000000000000e+00 1.000000000000000000e+00 0.000000000000000000e+00 0.000000000000000000e+00 0.000000000000000000e+00
5.000000000000000000e+02 1.999951764692675660e-02 0.000000000000000000e+00 1.000000000000000000e+00 0.000000000000000000e+00 0.000000000000000000e+00 0.000000000000000000e+00
5.250000000000000000e+02 2.099949352927321655e-02 0.000000000000000000e+00 1.000000000000000000e+00 0.000000000000000000e+00 0.000000000000000000e+00 0.000000000000000000e+00
5.500000000000000000e+02 2.199946941161945446e-02 0.000000000000000000e+00 1.000000000000000000e+00 0.000000000000000000e+00 0.000000000000000000e+00 0.000000000000000000e+00
5.750000000000000000e+02 2.299944529396591442e-02 0.000000000000000000e+00 1.000000000000000000e+00 0.000000000000000000e+00 0.000000000000000000e+00 0.000000000000000000e+00
6.000000000000000000e+02 2.399942117631215233e-02 0.000000000000000000e+00 1.000000000000000000e+00 0.000000000000000000e+00 0.000000000000000000e+00 0.000000000000000000e+00
6.250000000000000000e+02 2.499939705865861228e-02 0.000000000000000000e+00 1.000000000000000000e+00 0.000000000000000000e+00 0.000000000000000000e+00 0.000000000000000000e+00
6.500000000000000000e+02 2.599937294100485019e-02 0.000000000000000000e+00 1.000000000000000000e+00 0.000000000000000000e+00 0.000000000000000000e+00 0.000000000000000000e+00
6.750000000000000000e+02 2.699934882335131014e-02 0.000000000000000000e+00 1.000000000000000000e+00 0.000000000000000000e+00 0.000000000000000000e+00 0.000000000000000000e+00
7.000000000000000000e+02 2.799932470569754805e-02 0.000000000000000000e+00 1.000000000000000000e+00 0.000000000000000000e+00 0.000000000000000000e+00 0.000000000000000000e+00
7.250000000000000000e+02 2.899930058804400801e-02 0.000000000000000000e+00 1.000000000000000000e+00 0.000000000000000000e+00 0.000000000000000000e+00 0.000000000000000000e+00
7.500000000000000000e+02 2.999927647039024592e-02 0.000000000000000000e+00 1.000000000000000000e+00 0.000000000000000000e+00 0.000000000000000000e+00 0.000000000000000000e+00
7.750000000000000000e+02 3.099925235273670587e-02 0.000000000000000000e+00 1.000000000000000000e+00 0.000000000000000000e+00 0.000000000000000000e+00 0.000000000000000000e+00
8.000000000000000000e+02 3.199922823508294378e-02 0.000000000000000000e+00 1.000000000000000000e+00 0.000000000000000000e+00 0.000000000000000000e+00 0.000000000000000000e+00
8.250000000000000000e+02 3.299920411742940374e-02 0.000000000000000000e+00 1.000000000000000000e+00 0.000000000000000000e+00 0.000000000000000000e+00 0.000000000000000000e+00
8.500000000000000000e+02 3.399917999977564165e-02 0.000000000000000000e+00 1.000000000000000000e+00 0.000000000000000000e+00 0.000000000000000000e+00 0.000000000000000000e+00
8.750000000000000000e+02 3.499915588212210160e-02 0.000000000000000000e+00 1.000000000000000000e+00 0.000000000000000000e+00 0.000000000000000000e+00 0.000000000000000000e+00
9.000000000000000000e+02 3.599913176446833951e-02 0.000000000000000000e+00 1.000000000000000000e+00 0.000000000000000000e+00 0.000000000000000000e+00 0.000000000000000000e+00
9.250000000000000000e+02 3.699910764681457742e-02 0.000000000000000000e+00 1.000000000000000000e+00 0.000000000000000000e+00 0.000000000000000000e+00 0.000000000000000000e+00
9.500000000000000000e+02 3.799908352916103738e-02 0.000000000000000000e+00 1.000000000000000000e+00 0.000000000000000000e+00 0.000000000000000000e+00 0.000000000000000000e+00
9.750000000000000000e+02 3.899905941150727529e-02 0.000000000000000000e+00 1.000000000000000000e+00 0.000000000000000000e+00 0.000000000000000000e+00 0.000000000000000000e+00
1.000000000000000000e+03 3.999903529385373524e-02 0.000000000000000000e+00 1.000000000000000000e+00 0.000000000000000000e+00 0.000000000000000000e+00 0.000000000000000000e+00
1.025000000000000000e+03 4.099901117619997315e-02 0.000000000000000000e+00 1.000000000000000000e+00 0.000000000000000000e+00 0.000000000000000000e+00 0.000000000000000000e+00
1.050000000000000000e+03 4.199898705854643310e-02 0.000000000000000000e+00 1.000000000000000000e+00 0.000000000000000000e+00 0.000000000000000000e+00 0.000000000000000000e+00
1.075000000000000000e+03 4.299896294089267101e-02 0.000000000000000000e+00 1.000000000000000000e+00 0.000000000000000000e+00 0.000000000000000000e+00 0.000000000000000000e+00
1.100000000000000000e+03 4.399893882323913097e-02 0.000000000000000000e+00 1.000000000000000000e+00 0.000000000000000000e+00 0.000000000000000000e+00 0.000000000000000000e+00
1.125000000000000000e+03 4.499891470558536888e-02 0.000000000000000000e+00 1.000000000000000000e+00 0.000000000000000000e+00 0.000000000000000000e+00 0.000000000000000000e+00
1.150000000000000000e+03 4.599889058793182883e-02 3.413746017296313199e-04 9.996586253982703285e-01 0.000000000000000000e+00 0.000000000000000000e+00 0.000000000000000000e+00
1.175000000000000000e+03 4.699886647027806674e-02 0.000000000000000000e+00 1.000000000000000000e+00 0.000000000000000000e+00 0.000000000000000000e+00 0.000000000000000000e+00
1.200000000000000000e+03 4.799884235262452670e-02 0.000000000000000000e+00 1.000000000000000000e+00 0.000000000000000000e+00 0.000000000000000000e+00 0.000000000000000000e+00
1.225000000000000000e+03 4.899881823497076461e-02 0.000000000000000000e+00 1.000000000000000000e+00 0.000000000000000000e+00 0.000000000000000000e+00 0.000000000000000000e+00
1.250000000000000000e+03 4.999879411731722456e-02 1.137915339098771066e-04 9.998862084660901095e-01 0.000000000000000000e+00 0.000000000000000000e+00 0.000000000000000000e+00
1.275000000000000000e+03 5.099876999966346247e-02 0.000000000000000000e+00 1.000000000000000000e+00 0.000000000000000000e+00 0.000000000000000000e+00 0.000000000000000000e+00
1.300000000000000000e+03 5.199874588200992243e-02 0.000000000000000000e+00 1.000000000000000000e+00 0.000000000000000000e+00 0.000000000000000000e+00 0.000000000000000000e+00
1.325000000000000000e+03 5.299872176435616034e-02 0.000000000000000000e+00 1.000000000000000000e+00 0.000000000000000000e+00 0.000000000000000000e+00 0.000000000000000000e+00
1.350000000000000000e+03 5.399869764670262029e-02 0.000000000000000000e+00 1.000000000000000000e+00 0.000000000000000000e+00 0.000000000000000000e+00 0.000000000000000000e+00
1.375000000000000000e+03 5.499867352904885820e-02 0.000000000000000000e+00 1.000000000000000000e+00 0.000000000000000000e+00 0.000000000000000000e+00 0.000000000000000000e+00
1.400000000000000000e+03 5.599864941139509611e-02 0.000000000000000000e+00 1.000000000000000000e+00 0.000000000000000000e+00 0.000000000000000000e+00 0.000000000000000000e+00
1.425000000000000000e+03 5.699862529374155606e-02 0.000000000000000000e+00 1.000000000000000000e+00 0.000000000000000000e+00 0.000000000000000000e+00 0.000000000000000000e+00
1.450000000000000000e+03 5.799860117608779397e-02 0.000000000000000000e+00 1.000000000000000000e+00 0.000000000000000000e+00 0.000000000000000000e+00 0.000000000000000000e+00
1.475000000000000000e+03 5.899857705843425393e-02 0.000000000000000000e+00 1.000000000000000000e+00 0.000000000000000000e+00 0.000000000000000000e+00 0.000000000000000000e+00
1.500000000000000000e+03 5.999855294078049184e-02 1.137915339098771066e-04 9.998862084660901095e-01 0.000000000000000000e+00 0.000000000000000000e+00 0.000000000000000000e+00
1.525000000000000000e+03 6.099852882312695179e-02 0.000000000000000000e+00 1.000000000000000000e+00 0.000000000000000000e+00 0.000000000000000000e+00 0.000000000000000000e+00
1.550000000000000000e+03 6.199850470547318970e-02 0.000000000000000000e+00 1.000000000000000000e+00 0.000000000000000000e+00 0.000000000000000000e+00 0.000000000000000000e+00
1.575000000000000000e+03 6.299848058781964966e-02 0.000000000000000000e+00 1.000000000000000000e+00 0.000000000000000000e+00 0.000000000000000000e+00 0.000000000000000000e+00
1.600000000000000000e+03 6.399845647016588757e-02 0.000000000000000000e+00 1.000000000000000000e+00 0.000000000000000000e+00 0.000000000000000000e+00 0.000000000000000000e+00
1.625000000000000000e+03 6.499843235251234752e-02 0.000000000000000000e+00 1.000000000000000000e+00 0.000000000000000000e+00 0.000000000000000000e+00 0.000000000000000000e+00
1.650000000000000000e+03 6.599840823485858543e-02 0.000000000000000000e+00 1.000000000000000000e+00 0.000000000000000000e+00 0.000000000000000000e+00 0.000000000000000000e+00
1.675000000000000000e+03 6.699838411720504538e-02 0.000000000000000000e+00 1.000000000000000000e+00 0.000000000000000000e+00 0.000000000000000000e+00 0.000000000000000000e+00
1.700000000000000000e+03 6.799835999955128329e-02 0.000000000000000000e+00 1.000000000000000000e+00 0.000000000000000000e+00 0.000000000000000000e+00 0.000000000000000000e+00
1.725000000000000000e+03 6.899833588189774325e-02 0.000000000000000000e+00 1.000000000000000000e+00 0.000000000000000000e+00 0.000000000000000000e+00 0.000000000000000000e+00
1.750000000000000000e+03 6.999831176424398116e-02 0.000000000000000000e+00 1.000000000000000000e+00 0.000000000000000000e+00 0.000000000000000000e+00 0.000000000000000000e+00
1.775000000000000000e+03 7.099828764659044111e-02 0.000000000000000000e+00 1.000000000000000000e+00 0.000000000000000000e+00 0.000000000000000000e+00 0.000000000000000000e+00
1.800000000000000000e+03 7.199826352893667902e-02 2.275830678197542133e-04 9.997724169321802190e-01 0.000000000000000000e+00 0.000000000000000000e+00 0.000000000000000000e+00
1.825000000000000000e+03 7.299823941128291693e-02 0.000000000000000000e+00 1.000000000000000000e+00 0.000000000000000000e+00 0.000000000000000000e+00 0.000000000000000000e+00
1.850000000000000000e+03 7.399821529362937689e-02 0.000000000000000000e+00 1.000000000000000000e+00 0.000000000000000000e+00 0.000000000000000000e+00 0.000000000000000000e+00
1.875000000000000000e+03 7.499819117597561480e-02 0.000000000000000000e+00 1.000000000000000000e+00 0.000000000000000000e+00 0.000000000000000000e+00 0.000000000000000000e+00
1.900000000000000000e+03 7.599816705832207475e-02 0.000000000000000000e+00 1.000000000000000000e+00 0.000000000000000000e+00 0.000000000000000000e+00 0.000000000000000000e+00
1.925000000000000000e+03 7.699814294066831266e-02 0.000000000000000000e+00 1.000000000000000000e+00 0.000000000000000000e+00 0.000000000000000000e+00 0.000000000000000000e+00
1.950000000000000000e+03 7.799811882301477262e-02 2.275830678197542133e-04 9.996586253982703285e-01 0.000000000000000000e+00 1.137915339098771066e-04 0.000000000000000000e+00
1.975000000000000000e+03 7.899809470536101053e-02 1.137915339098771066e-04 9.998862084660901095e-01 0.000000000000000000e+00 0.000000000000000000e+00 0.000000000000000000e+00
2.000000000000000000e+03 7.999807058770747048e-02 0.000000000000000000e+00 1.000000000000000000e+00 0.000000000000000000e+00 0.000000000000000000e+00 0.000000000000000000e+00
2.025000000000000000e+03 8.099804647005370839e-02 3.413746017296313199e-04 9.995448338643604380e-01 0.000000000000000000e+00 1.137915339098771066e-04 0.000000000000000000e+00
2.050000000000000000e+03 8.199802235240016834e-02 3.413746017296313199e-04 9.996586253982703285e-01 0.000000000000000000e+00 0.000000000000000000e+00 0.000000000000000000e+00
2.075000000000000000e+03 8.299799823474640625e-02 4.551661356395084266e-04 9.995448338643604380e-01 0.000000000000000000e+00 0.000000000000000000e+00 0.000000000000000000e+00
2.100000000000000000e+03 8.399797411709286621e-02 0.000000000000000000e+00 1.000000000000000000e+00 0.000000000000000000e+00 0.000000000000000000e+00 0.000000000000000000e+00
2.125000000000000000e+03 8.499794999943910412e-02 0.000000000000000000e+00 1.000000000000000000e+00 0.000000000000000000e+00 0.000000000000000000e+00 0.000000000000000000e+00
2.150000000000000000e+03 8.599792588178556407e-02 2.275830678197542133e-04 9.997724169321802190e-01 0.000000000000000000e+00 0.000000000000000000e+00 0.000000000000000000e+00
2.175000000000000000e+03 8.699790176413180198e-02 5.689576695493854790e-04 9.994310423304506585e-01 0.000000000000000000e+00 0.000000000000000000e+00 0.000000000000000000e+00
2.200000000000000000e+03 8.799787764647826194e-02 1.137915339098770958e-03 9.987482931269913156e-01 0.000000000000000000e+00 1.137915339098771066e-04 0.000000000000000000e+00
2.225000000000000000e+03 8.899785352882449985e-02 0.000000000000000000e+00 1.000000000000000000e+00 0.000000000000000000e+00 0.000000000000000000e+00 0.000000000000000000e+00
2.250000000000000000e+03 8.999782941117095980e-02 7.965407373691396923e-04 9.992034592626308775e-01 0.000000000000000000e+00 0.000000000000000000e+00 0.000000000000000000e+00
2.275000000000000000e+03 9.099780529351719771e-02 5.689576695493854790e-04 9.994310423304506585e-01 0.000000000000000000e+00 0.000000000000000000e+00 0.000000000000000000e+00
2.300000000000000000e+03 9.199778117586343562e-02 6.827492034592626399e-04 9.993172507965407680e-01 0.000000000000000000e+00 0.000000000000000000e+00 0.000000000000000000e+00
2.325000000000000000e+03 9.299775705820989558e-02 1.593081474738279385e-03 9.982931269913518646e-01 0.000000000000000000e+00 1.137915339098771066e-04 0.000000000000000000e+00
2.350000000000000000e+03 9.399773294055613349e-02 7.965407373691396923e-04 9.992034592626308775e-01 0.000000000000000000e+00 0.000000000000000000e+00 0.000000000000000000e+00
2.375000000000000000e+03 9.499770882290259344e-02 1.934456076467910759e-03 9.980655439235320836e-01 0.000000000000000000e+00 0.000000000000000000e+00 0.000000000000000000e+00
2.400000000000000000e+03 9.599768470524883135e-02 1.365498406918525280e-03 9.985207100591716456e-01 0.000000000000000000e+00 1.137915339098771066e-04 0.000000000000000000e+00
2.425000000000000000e+03 9.699766058759529130e-02 1.820664542558033706e-03 9.980655439235320836e-01 0.000000000000000000e+00 1.137915339098771066e-04 0.000000000000000000e+00
2.450000000000000000e+03 9.799763646994152921e-02 1.820664542558033706e-03 9.981793354574419741e-01 0.000000000000000000e+00 0.000000000000000000e+00 0.000000000000000000e+00
2.475000000000000000e+03 9.899761235228798917e-02 9.103322712790168532e-04 9.990896677287209870e-01 0.000000000000000000e+00 0.000000000000000000e+00 0.000000000000000000e+00
2.500000000000000000e+03 9.999758823463422708e-02 1.820664542558033706e-03 9.978379608557123026e-01 0.000000000000000000e+00 3.413746017296313199e-04 0.000000000000000000e+00
2.525000000000000000e+03 1.009975641169806870e-01 1.251706873008648227e-03 9.987482931269913156e-01 0.000000000000000000e+00 0.000000000000000000e+00 0.000000000000000000e+00
2.550000000000000000e+03 1.019975399993269249e-01 3.186162949476558769e-03 9.967000455166135087e-01 0.000000000000000000e+00 1.137915339098771066e-04 0.000000000000000000e+00
2.575000000000000000e+03 1.029975158816733849e-01 3.413746017296313308e-03 9.963586709148839482e-01 0.000000000000000000e+00 2.275830678197542133e-04 0.000000000000000000e+00
2.600000000000000000e+03 1.039974917640196228e-01 4.893035958124715423e-03 9.947655894401457033e-01 0.000000000000000000e+00 3.413746017296313199e-04 0.000000000000000000e+00
2.625000000000000000e+03 1.049974676463660828e-01 3.527537551206190360e-03 9.960172963131542767e-01 0.000000000000000000e+00 4.551661356395084266e-04 0.000000000000000000e+00
2.650000000000000000e+03 1.059974435287123207e-01 7.624032771961766417e-03 9.921483841602184439e-01 0.000000000000000000e+00 2.275830678197542133e-04 0.000000000000000000e+00
2.675000000000000000e+03 1.069974194110587806e-01 6.486117432862995025e-03 9.932862994993172379e-01 0.000000000000000000e+00 2.275830678197542133e-04 0.000000000000000000e+00
2.700000000000000000e+03 1.079973952934050185e-01 9.672280382339554228e-03 9.895311788802912956e-01 0.000000000000000000e+00 7.965407373691396923e-04 0.000000000000000000e+00
2.725000000000000000e+03 1.089973711757514785e-01 6.941283568502503235e-03 9.928311333636777869e-01 0.000000000000000000e+00 2.275830678197542133e-04 0.000000000000000000e+00
2.750000000000000000e+03 1.099973470580977164e-01 9.672280382339554228e-03 9.895311788802912956e-01 0.000000000000000000e+00 7.965407373691396923e-04 0.000000000000000000e+00
2.775000000000000000e+03 1.109973229404439543e-01 1.024123805188893906e-02 9.889622212107419541e-01 0.000000000000000000e+00 7.965407373691396923e-04 0.000000000000000000e+00
2.800000000000000000e+03 1.119972988227904143e-01 1.467910787437414627e-02 9.840691852526172179e-01 0.000000000000000000e+00 1.251706873008648227e-03 0.000000000000000000e+00
2.825000000000000000e+03 1.129972747051366522e-01 1.490669094219390124e-02 9.838416021847974369e-01 0.000000000000000000e+00 1.251706873008648227e-03 0.000000000000000000e+00
2.850000000000000000e+03 1.139972505874831121e-01 2.014110150204824826e-02 9.784934000910332497e-01 0.000000000000000000e+00 1.365498406918525280e-03 0.000000000000000000e+00
2.875000000000000000e+03 1.149972264698293500e-01 2.025489303595812488e-02 9.775830678197542367e-01 0.000000000000000000e+00 2.162039144287664864e-03 0.000000000000000000e+00
2.900000000000000000e+03 1.159972023521758100e-01 2.913063268092853930e-02 9.659763313609467383e-01 0.000000000000000000e+00 4.893035958124715423e-03 0.000000000000000000e+00
2.925000000000000000e+03 1.169971782345220479e-01 3.675466545289030745e-02 9.518661811561219821e-01 0.000000000000000000e+00 1.137915339098771045e-02 0.000000000000000000e+00
2.950000000000000000e+03 1.179971541168685079e-01 5.587164314974965573e-02 9.202321347291761988e-01 0.000000000000000000e+00 2.389622212107419055e-02 0.000000000000000000e+00
2.975000000000000000e+03 1.189971299992147458e-01 7.760582612653618706e-02 8.645880746472462963e-01 0.000000000000000000e+00 5.780609922621757213e-02 0.000000000000000000e+00
3.000000000000000000e+03 1.199971058815612057e-01 1.239189804278561652e-01 7.511379153390987939e-01 0.000000000000000000e+00 1.249431042330450548e-01 0.000000000000000000e+00
3.025000000000000000e+03 1.209970817639074436e-01 1.969731451979972736e-01 5.463131543013199920e-01 0.000000000000000000e+00 2.567137005006827621e-01 0.000000000000000000e+00
3.050000000000000000e+03 1.219970576462539036e-01 2.851615839781520001e-01 3.390987710514337672e-01 2.275830678197542133e-04 3.755120619025944517e-01 0.000000000000000000e+00
3.075000000000000000e+03 1.229970335286001415e-01 3.451297223486572419e-01 2.033454710969503920e-01 1.137915339098770958e-03 4.503868912152935722e-01 0.000000000000000000e+00
3.100000000000000000e+03 1.239970094109466014e-01 3.609467455621301890e-01 1.457669549385525731e-01 1.137915339098770958e-03 4.921483841602184994e-01 0.000000000000000000e+00
3.125000000000000000e+03 1.249969852932928394e-01 3.403504779244423961e-01 1.331360946745562268e-01 6.827492034592626399e-04 5.258306781975421451e-01 0.000000000000000000e+00
3.150000000000000000e+03 1.259969611756392993e-01 3.361401911697769473e-01 1.373463814292216756e-01 2.162039144287664864e-03 5.243513882567136797e-01 0.000000000000000000e+00
3.175000000000000000e+03 1.269969370579855372e-01 3.426263086026399840e-01 1.647701411015020379e-01 4.324078288575329727e-03 4.882794720072826666e-01 0.000000000000000000e+00
3.200000000000000000e+03 1.279969129403317751e-01 3.507055075102412656e-01 1.775147928994082747e-01 9.672280382339554228e-03 4.621074192080109055e-01 0.000000000000000000e+00
3.225000000000000000e+03 1.289968888226782351e-01 3.579881656804733692e-01 1.842284934000910368e-01 1.308602639963586667e-02 4.446973145197997135e-01 0.000000000000000000e+00
3.250000000000000000e+03 1.299968647050244730e-01 3.428538916704597095e-01 1.993627674101046965e-01 2.059626763768775473e-02 4.371870732817478289e-01 0.000000000000000000e+00
3.275000000000000000e+03 1.309968405873709330e-01 3.336367774237596895e-01 2.009558488848429691e-01 2.457897132453345374e-02 4.408284023668638807e-01 0.000000000000000000e+00
3.300000000000000000e+03 1.319968164697171709e-01 3.224852071005916976e-01 2.044833864360491582e-01 3.049613108784706567e-02 4.425352753755120716e-01 0.000000000000000000e+00
3.325000000000000000e+03 1.329967923520636308e-01 3.227127901684114786e-01 1.985662266727355463e-01 3.686845698680018407e-02 4.418525261720527841e-01 0.000000000000000000e+00
3.350000000000000000e+03 1.339967682344098687e-01 3.206645425580336717e-01 2.083522985889849910e-01 4.654073736913973830e-02 4.244424214838415921e-01 0.000000000000000000e+00
3.375000000000000000e+03 1.349967441167563287e-01 3.264679107874374209e-01 2.131315430131998090e-01 5.382339553937186966e-02 4.065771506599908935e-01 0.000000000000000000e+00
3.400000000000000000e+03 1.359967199991025666e-01 3.278334091943559403e-01 2.220072826581702408e-01 7.294037323623121793e-02 3.772189349112425871e-01 0.000000000000000000e+00
3.425000000000000000e+03 1.369966958814490265e-01 3.460400546199362548e-01 2.147246244879381094e-01 8.625398270368685172e-02 3.529813381884387979e-01 0.000000000000000000e+00
3.450000000000000000e+03 1.379966717637952645e-01 3.471779699590350488e-01 2.229176149294492537e-01 9.968138370505234824e-02 3.302230314064633632e-01 0.000000000000000000e+00
3.475000000000000000e+03 1.389966476461417244e-01 3.494538006372325811e-01 2.336140191169776836e-01 1.101502048247610388e-01 3.067819754210286964e-01 0.000000000000000000e+00
3.500000000000000000e+03 1.399966235284879623e-01 3.628812016385981054e-01 2.431725079654073751e-01 1.201638598088302229e-01 2.737824305871643382e-01 0.000000000000000000e+00
3.525000000000000000e+03 1.409965994108344223e-01 3.553709604005462208e-01 2.369139736003641195e-01 1.363222576240327721e-01 2.713928083750569153e-01 0.000000000000000000e+00
3.550000000000000000e+03 1.419965752931806602e-01 3.538916704597178109e-01 2.355484751934456000e-01 1.456531634046426826e-01 2.649066909421938787e-01 0.000000000000000000e+00
3.575000000000000000e+03 1.429965511755271201e-01 3.517296313154301135e-01 2.372553482020937632e-01 1.571461083295402905e-01 2.538689121529358328e-01 0.000000000000000000e+00
3.600000000000000000e+03 1.439965270578733580e-01 3.575329995448338627e-01 2.356622667273554905e-01 1.590805644060081792e-01 2.477241693218024676e-01 0.000000000000000000e+00
3.625000000000000000e+03 1.449965029402198180e-01 3.479745106964041712e-01 2.344105598543468338e-01 1.675011379153391045e-01 2.501137915339098905e-01 0.000000000000000000e+00
3.650000000000000000e+03 1.459964788225660559e-01 3.538916704597178109e-01 2.348657259899863403e-01 1.718252162039144160e-01 2.394173873463814328e-01 0.000000000000000000e+00
3.675000000000000000e+03 1.469964547049122938e-01 3.686845698680017991e-01 2.249658625398270329e-01 1.770596267637687682e-01 2.292899408284023721e-01 0.000000000000000000e+00
3.700000000000000000e+03 1.479964305872587538e-01 3.734638142922166448e-01 2.239417387346381294e-01 1.829767865270823801e-01 2.196176604460628179e-01 0.000000000000000000e+00
3.725000000000000000e+03 1.489964064696049917e-01 3.664087391898042667e-01 2.300864815657714946e-01 1.945835229858898507e-01 2.089212562585343602e-01 0.000000000000000000e+00
3.750000000000000000e+03 1.499963823519514516e-01 3.691397360036413056e-01 2.312243969048702885e-01 2.015248065543923661e-01 1.981110605370960398e-01 0.000000000000000000e+00
3.775000000000000000e+03 1.509963582342976895e-01 3.786982248520709970e-01 2.236003641329085134e-01 2.017523896222121194e-01 1.959490213928083702e-01 0.000000000000000000e+00
3.800000000000000000e+03 1.519963341166441495e-01 3.805188893946290229e-01 2.261037778789257990e-01 2.071005917159763343e-01 1.862767410104688159e-01 0.000000000000000000e+00
3.825000000000000000e+03 1.529963099989903874e-01 3.847291761492944717e-01 2.280382339553937154e-01 2.217796995903504875e-01 1.654528903049612976e-01 0.000000000000000000e+00
3.850000000000000000e+03 1.539962858813368474e-01 3.900773782430587144e-01 2.305416477014110288e-01 2.325898953117888079e-01 1.467910787437414766e-01 0.000000000000000000e+00
3.875000000000000000e+03 1.549962617636830853e-01 3.827947200728265553e-01 2.297451069640418786e-01 2.381656804733727761e-01 1.492944924897587622e-01 0.000000000000000000e+00
3.900000000000000000e+03 1.559962376460295452e-01 3.856395084205734847e-01 2.336140191169776836e-01 2.431725079654073751e-01 1.375739644970414288e-01 0.000000000000000000e+00
3.925000000000000000e+03 1.569962135283757831e-01 3.977014110150204895e-01 2.317933545744196577e-01 2.432862994993172379e-01 1.272189349112426149e-01 0.000000000000000000e+00
3.950000000000000000e+03 1.579961894107222431e-01 4.044151115157032517e-01 2.280382339553937154e-01 2.402139280837505553e-01 1.273327264451524776e-01 0.000000000000000000e+00
3.975000000000000000e+03 1.589961652930684810e-01 3.949704142011834507e-01 2.258761948111060458e-01 2.389622212107419263e-01 1.401911697769686049e-01 0.000000000000000000e+00
4.000000000000000000e+03 1.599961411754149410e-01 3.962221210741920796e-01 2.257624032771961831e-01 2.465862539827036737e-01 1.314292216659080637e-01 0.000000000000000000e+00
4.025000000000000000e+03 1.609961170577611789e-01 4.069185252617205095e-01 2.209831588529813373e-01 2.517068730086481354e-01 1.203914428766499761e-01 0.000000000000000000e+00
4.050000000000000000e+03 1.619960929401076388e-01 3.999772416932180219e-01 2.261037778789257990e-01 2.537551206190259423e-01 1.201638598088302229e-01 0.000000000000000000e+00
4.075000000000000000e+03 1.629960688224538767e-01 4.065771506599908935e-01 2.199590350477924339e-01 2.551206190259444617e-01 1.183431952662721831e-01 0.000000000000000000e+00
4.100000000000000000e+03 1.639960447048003367e-01 4.109012289485662328e-01 2.212107419208010906e-01 2.529585798816568198e-01 1.149294492489758707e-01 0.000000000000000000e+00
4.125000000000000000e+03 1.649960205871465746e-01 4.047564861174328676e-01 2.240555302685480199e-01 2.522758306781975324e-01 1.189121529358215801e-01 0.000000000000000000e+00
4.150000000000000000e+03 1.659959964694928125e-01 4.160218479745106945e-01 2.233727810650887602e-01 2.503413746017296160e-01 1.102639963586709154e-01 0.000000000000000000e+00
4.175000000000000000e+03 1.669959723518392725e-01 4.178425125170687204e-01 2.185935366408739144e-01 2.585343650432407880e-01 1.050295857988165632e-01 0.000000000000000000e+00
4.200000000000000000e+03 1.679959482341855104e-01 4.165908056440600915e-01 2.189349112426035582e-01 2.576240327719617751e-01 1.068502503413746030e-01 0.000000000000000000e+00
4.225000000000000000e+03 1.689959241165319703e-01 4.242148384160218666e-01 2.206417842512516936e-01 2.564861174328629811e-01 9.865725989986344480e-02 0.000000000000000000e+00
4.250000000000000000e+03 1.699958999988782082e-01 4.163632225762403105e-01 2.226900318616295005e-01 2.608101957214383204e-01 1.001365498406918547e-01 0.000000000000000000e+00
4.275000000000000000e+03 1.709958758812246682e-01 4.213700500682749372e-01 2.207555757851615841e-01 2.553482020937642427e-01 1.025261720527992776e-01 0.000000000000000000e+00
4.300000000000000000e+03 1.719958517635709061e-01 4.214838416021847722e-01 2.170004551661356418e-01 2.581929904415111721e-01 1.033227127901684139e-01 0.000000000000000000e+00
4.325000000000000000e+03 1.729958276459173661e-01 4.281975421028675344e-01 2.135867091488393155e-01 2.660446062812926726e-01 9.217114246700044977e-02 0.000000000000000000e+00
4.350000000000000000e+03 1.739958035282636040e-01 4.264906690942193990e-01 2.100591715976331264e-01 2.670687300864815761e-01 9.638142922166591242e-02 0.000000000000000000e+00
4.375000000000000000e+03 1.749957794106100639e-01 4.213700500682749372e-01 2.132453345471096995e-01 2.662721893491124536e-01 9.911242603550296515e-02 0.000000000000000000e+00
4.400000000000000000e+03 1.759957552929563018e-01 4.295630405097860538e-01 2.129039599453800558e-01 2.642239417387346467e-01 9.330905780609922984e-02 0.000000000000000000e+00
4.425000000000000000e+03 1.769957311753027618e-01 4.294492489758762188e-01 2.160901228948566288e-01 2.634274010013655243e-01 9.103322712790168358e-02 0.000000000000000000e+00
4.450000000000000000e+03 1.779957070576489997e-01 4.231907146108329631e-01 2.209831588529813373e-01 2.606964041875284299e-01 9.512972234865725574e-02 0.000000000000000000e+00
4.475000000000000000e+03 1.789956829399954596e-01 4.307009558488848477e-01 2.168866636322257513e-01 2.597860719162494170e-01 9.262630860263997012e-02 0.000000000000000000e+00
4.500000000000000000e+03 1.799956588223416976e-01 4.302457897132453413e-01 2.193900773782430647e-01 2.616067364588074429e-01 8.875739644970413733e-02 0.000000000000000000e+00
4.525000000000000000e+03 1.809956347046881575e-01 4.300182066454255603e-01 2.184797451069640517e-01 2.600136549840691980e-01 9.148839326354119006e-02 0.000000000000000000e+00
4.550000000000000000e+03 1.819956105870343954e-01 4.340009103322712836e-01 2.191624943104233114e-01 2.509103322712790130e-01 9.592626308602640595e-02 0.000000000000000000e+00
4.575000000000000000e+03 1.829955864693806333e-01 4.379836140191169513e-01 2.171142467000455045e-01 2.504551661356395065e-01 9.444697314519799602e-02 0.000000000000000000e+00
4.600000000000000000e+03 1.839955623517270933e-01 4.353664087391898030e-01 2.199590350477924339e-01 2.480655439235320836e-01 9.660901228948566566e-02 0.000000000000000000e+00
4.625000000000000000e+03 1.849955382340733312e-01 4.346836595357305155e-01 2.204142011834319403e-01 2.597860719162494170e-01 8.511606736458807165e-02 0.000000000000000000e+00
4.650000000000000000e+03 1.859955141164197912e-01 4.299044151115157253e-01 2.240555302685480199e-01 2.588757396449704040e-01 8.716431497496586467e-02 0.000000000000000000e+00
4.675000000000000000e+03 1.869954899987660291e-01 4.370732817478379384e-01 2.236003641329085134e-01 2.585343650432407880e-01 8.079198907601274626e-02 0.000000000000000000e+00
4.700000000000000000e+03 1.879954658811124890e-01 4.420801092398725651e-01 2.225762403277196100e-01 2.525034137460173134e-01 8.284023668639053928e-02 0.000000000000000000e+00
4.725000000000000000e+03 1.889954417634587269e-01 4.489076012744651623e-01 2.204142011834319403e-01 2.498862084660901095e-01 8.079198907601274626e-02 0.000000000000000000e+00
4.750000000000000000e+03 1.899954176458051869e-01 4.440145653163404815e-01 2.212107419208010906e-01 2.493172507965407403e-01 8.545744196631770151e-02 0.000000000000000000e+00
4.775000000000000000e+03 1.909953935281514248e-01 4.418525261720527841e-01 2.217796995903504875e-01 2.470414201183432079e-01 8.932635411925353430e-02 0.000000000000000000e+00
4.800000000000000000e+03 1.919953694104978847e-01 4.478834774692762588e-01 2.214383249886208438e-01 2.498862084660901095e-01 8.079198907601274626e-02 0.000000000000000000e+00
4.825000000000000000e+03 1.929953452928441227e-01 4.326354119253527641e-01 2.265589440145653055e-01 2.545516613563950648e-01 8.625398270368685172e-02 0.000000000000000000e+00
4.850000000000000000e+03 1.939953211751905826e-01 4.431042330450614686e-01 2.272416932180245652e-01 2.504551661356395065e-01 7.908511606736458310e-02 1.137915339098771066e-04
4.875000000000000000e+03 1.949952970575368205e-01 4.505006827492034627e-01 2.264451524806554428e-01 2.427173418297678686e-01 8.033682294037323979e-02 0.000000000000000000e+00
4.900000000000000000e+03 1.959952729398832805e-01 4.452662721893491105e-01 2.267865270823850588e-01 2.423759672280382249e-01 8.557123350022757813e-02 0.000000000000000000e+00
4.925000000000000000e+03 1.969952488222295184e-01 4.382111970869367323e-01 2.279244424214838527e-01 2.422621756941283622e-01 9.160218479745106668e-02 0.000000000000000000e+00
4.950000000000000000e+03 1.979952247045759783e-01 4.502730996813836817e-01 2.265589440145653055e-01 2.387346381429221731e-01 8.443331816112881194e-02 0.000000000000000000e+00
4.975000000000000000e+03 1.989952005869222162e-01 4.435593991807009751e-01 2.329312699135184239e-01 2.411242603550295960e-01 8.238507055075101893e-02 0.000000000000000000e+00
5.000000000000000000e+03 1.999951764692686762e-01 4.410559854346836617e-01 2.291761492944924816e-01 2.431725079654073751e-01 8.659535730541648157e-02 0.000000000000000000e+00
5.025000000000000000e+03 2.009951523516149141e-01 4.477696859353664238e-01 2.300864815657714946e-01 2.456759217114246607e-01 7.646791078743742087e-02 0.000000000000000000e+00
5.050000000000000000e+03 2.019951282339611520e-01 4.470869367319071364e-01 2.315657715065999045e-01 2.410104688211197055e-01 8.033682294037323979e-02 0.000000000000000000e+00
5.075000000000000000e+03 2.029951041163076120e-01 4.536868456986800080e-01 2.258761948111060458e-01 2.455621301775147980e-01 7.487482931269913433e-02 0.000000000000000000e+00
5.100000000000000000e+03 2.039950799986538499e-01 4.605143377332726606e-01 2.214383249886208438e-01 2.478379608557123304e-01 7.020937642239417908e-02 0.000000000000000000e+00
5.125000000000000000e+03 2.049950558810003098e-01 4.541420118343195145e-01 2.197314519799726806e-01 2.559171597633135842e-01 7.020937642239417908e-02 0.000000000000000000e+00
5.150000000000000000e+03 2.059950317633465477e-01 4.551661356395084179e-01 2.192762858443331742e-01 2.525034137460173134e-01 7.305416477014110843e-02 0.000000000000000000e+00
5.175000000000000000e+03 2.069950076456930077e-01 4.616522530723713991e-01 2.198452435138825711e-01 2.547792444242148457e-01 6.372325898953118406e-02 0.000000000000000000e+00
5.200000000000000000e+03 2.079949835280392456e-01 4.602867546654528796e-01 2.190487027765134209e-01 2.523896222121074229e-01 6.827492034592626269e-02 0.000000000000000000e+00
5.225000000000000000e+03 2.089949594103857056e-01 4.536868456986800080e-01 2.246244879380974169e-01 2.504551661356395065e-01 7.123350022758306865e-02 0.000000000000000000e+00
5.250000000000000000e+03 2.099949352927319435e-01 4.607419208010923861e-01 2.197314519799726806e-01 2.502275830678197810e-01 6.929904415111515226e-02 0.000000000000000000e+00
5.275000000000000000e+03 2.109949111750784034e-01 4.664314974965862448e-01 2.174556213017751483e-01 2.537551206190259423e-01 6.235776058261265076e-02 0.000000000000000000e+00
5.300000000000000000e+03 2.119948870574246413e-01 4.703004096495220776e-01 2.133591260810195622e-01 2.547792444242148457e-01 6.156121984524351443e-02 0.000000000000000000e+00
5.325000000000000000e+03 2.129948629397711013e-01 4.670004551661356418e-01 2.129039599453800558e-01 2.573964497041419941e-01 6.269913518434228061e-02 0.000000000000000000e+00
5.350000000000000000e+03 2.139948388221173392e-01 4.693900773782430647e-01 2.115384615384615363e-01 2.606964041875284299e-01 5.826126536185707860e-02 1.137915339098771066e-04
5.375000000000000000e+03 2.149948147044637992e-01 4.633591260810195900e-01 2.140418752844788219e-01 2.592171142467000200e-01 6.338188438780155420e-02 0.000000000000000000e+00
5.400000000000000000e+03 2.159947905868100371e-01 4.647246244879381094e-01 2.125625853436504398e-01 2.616067364588074429e-01 6.110605370960400795e-02 0.000000000000000000e+00
5.425000000000000000e+03 2.169947664691564970e-01 4.715521165225307065e-01 2.108557123350022766e-01 2.560309512972234747e-01 6.156121984524351443e-02 0.000000000000000000e+00
5.450000000000000000e+03 2.179947423515027349e-01 4.675694128356850388e-01 2.127901684114701930e-01 2.564861174328629811e-01 6.315430131998178709e-02 0.000000000000000000e+00
5.475000000000000000e+03 2.189947182338489728e-01 4.638142922166590965e-01 2.135867091488393155e-01 2.600136549840691980e-01 6.258534365043240399e-02 0.000000000000000000e+00
5.500000000000000000e+03 2.199946941161954328e-01 4.643832498862084934e-01 2.139280837505689592e-01 2.581929904415111721e-01 6.349567592171143082e-02 0.000000000000000000e+00
5.525000000000000000e+03 2.209946699985416707e-01 4.690487027765134487e-01 2.110832954028220299e-01 2.553482020937642427e-01 6.451979972690032039e-02 0.000000000000000000e+00
5.550000000000000000e+03 2.219946458808881307e-01 4.693900773782430647e-01 2.096040054619936199e-01 2.596722803823395265e-01 6.133363677742376119e-02 0.000000000000000000e+00
5.575000000000000000e+03 2.229946217632343686e-01 4.734865725989986229e-01 2.094902139280837572e-01 2.581929904415111721e-01 5.883022303140646170e-02 0.000000000000000000e+00
5.600000000000000000e+03 2.239945976455808285e-01 4.741693218024579104e-01 2.097177969959035104e-01 2.584205735093308975e-01 5.769230769230769551e-02 0.000000000000000000e+00
5.625000000000000000e+03 2.249945735279270664e-01 4.692762858443331742e-01 2.117660446062812896e-01 2.624032771961766208e-01 5.655439235320892238e-02 0.000000000000000000e+00
5.650000000000000000e+03 2.259945494102735264e-01 4.657487482931270129e-01 2.150659990896677254e-01 2.625170687300864558e-01 5.666818388711879900e-02 0.000000000000000000e+00
5.675000000000000000e+03 2.269945252926197643e-01 4.743969048702776359e-01 2.124487938097405493e-01 2.581929904415111721e-01 5.496131087847064278e-02 0.000000000000000000e+00
