# itime ezz other fcc hcp bcc ico
0.000000000000000000e+00 0.000000000000000000e+00 0.000000000000000000e+00 1.000000000000000000e+00 0.000000000000000000e+00 0.000000000000000000e+00 0.000000000000000000e+00
5.000000000000000000e+01 1.999981772168757388e-03 0.000000000000000000e+00 1.000000000000000000e+00 0.000000000000000000e+00 0.000000000000000000e+00 0.000000000000000000e+00
1.000000000000000000e+02 3.999963544337292731e-03 0.000000000000000000e+00 1.000000000000000000e+00 0.000000000000000000e+00 0.000000000000000000e+00 0.000000000000000000e+00
1.500000000000000000e+02 5.999945316506050119e-03 0.000000000000000000e+00 1.000000000000000000e+00 0.000000000000000000e+00 0.000000000000000000e+00 0.000000000000000000e+00
2.000000000000000000e+02 7.999927088674585463e-03 0.000000000000000000e+00 1.000000000000000000e+00 0.000000000000000000e+00 0.000000000000000000e+00 0.000000000000000000e+00
2.500000000000000000e+02 9.999908860843342850e-03 0.000000000000000000e+00 1.000000000000000000e+00 0.000000000000000000e+00 0.000000000000000000e+00 0.000000000000000000e+00
3.000000000000000000e+02 1.199989063301187819e-02 0.000000000000000000e+00 1.000000000000000000e+00 0.000000000000000000e+00 0.000000000000000000e+00 0.000000000000000000e+00
3.500000000000000000e+02 1.399987240518063558e-02 0.000000000000000000e+00 1.000000000000000000e+00 0.000000000000000000e+00 0.000000000000000000e+00 0.000000000000000000e+00
4.000000000000000000e+02 1.599985417734917093e-02 0.000000000000000000e+00 1.000000000000000000e+00 0.000000000000000000e+00 0.000000000000000000e+00 0.000000000000000000e+00
4.500000000000000000e+02 1.799983594951792831e-02 0.000000000000000000e+00 1.000000000000000000e+00 0.000000000000000000e+00 0.000000000000000000e+00 0.000000000000000000e+00
5.000000000000000000e+02 1.999981772168646366e-02 0.000000000000000000e+00 1.000000000000000000e+00 0.000000000000000000e+00 0.000000000000000000e+00 0.000000000000000000e+00
5.500000000000000000e+02 2.199979949385522104e-02 0.000000000000000000e+00 1.000000000000000000e+00 0.000000000000000000e+00 0.000000000000000000e+00 0.000000000000000000e+00
6.000000000000000000e+02 2.399978126602375639e-02 0.000000000000000000e+00 1.000000000000000000e+00 0.000000000000000000e+00 0.000000000000000000e+00 0.000000000000000000e+00
6.500000000000000000e+02 2.599976303819251378e-02 0.000000000000000000e+00 1.000000000000000000e+00 0.000000000000000000e+00 0.000000000000000000e+00 0.000000000000000000e+00
7.000000000000000000e+02 2.799974481036104912e-02 0.000000000000000000e+00 1.000000000000000000e+00 0.000000000000000000e+00 0.000000000000000000e+00 0.000000000000000000e+00
7.500000000000000000e+02 2.999972658252980651e-02 0.000000000000000000e+00 1.000000000000000000e+00 0.000000000000000000e+00 0.000000000000000000e+00 0.000000000000000000e+00
8.000000000000000000e+02 3.199970835469834185e-02 0.000000000000000000e+00 1.000000000000000000e+00 0.000000000000000000e+00 0.000000000000000000e+00 0.000000000000000000e+00
8.500000000000000000e+02 3.399969012686709924e-02 0.000000000000000000e+00 1.000000000000000000e+00 0.000000000000000000e+00 0.000000000000000000e+00 0.000000000000000000e+00
9.000000000000000000e+02 3.599967189903563458e-02 0.000000000000000000e+00 1.000000000000000000e+00 0.000000000000000000e+00 0.000000000000000000e+00 0.000000000000000000e+00
9.500000000000000000e+02 3.799965367120439197e-02 0.000000000000000000e+00 1.000000000000000000e+00 0.000000000000000000e+00 0.000000000000000000e+00 0.000000000000000000e+00
1.000000000000000000e+03 3.999963544337292731e-02 0.000000000000000000e+00 1.000000000000000000e+00 0.000000000000000000e+00 0.000000000000000000e+00 0.000000000000000000e+00
1.050000000000000000e+03 4.199961721554168470e-02 0.000000000000000000e+00 1.000000000000000000e+00 0.000000000000000000e+00 0.000000000000000000e+00 0.000000000000000000e+00
1.100000000000000000e+03 4.399959898771022004e-02 0.000000000000000000e+00 1.000000000000000000e+00 0.000000000000000000e+00 0.000000000000000000e+00 0.000000000000000000e+00
1.150000000000000000e+03 4.599958075987897743e-02 0.000000000000000000e+00 1.000000000000000000e+00 0.000000000000000000e+00 0.000000000000000000e+00 0.000000000000000000e+00
1.200000000000000000e+03 4.799956253204773482e-02 0.000000000000000000e+00 1.000000000000000000e+00 0.000000000000000000e+00 0.000000000000000000e+00 0.000000000000000000e+00
1.250000000000000000e+03 4.999954430421627016e-02 0.000000000000000000e+00 1.000000000000000000e+00 0.000000000000000000e+00 0.000000000000000000e+00 0.000000000000000000e+00
1.300000000000000000e+03 5.199952607638502755e-02 0.000000000000000000e+00 1.000000000000000000e+00 0.000000000000000000e+00 0.000000000000000000e+00 0.000000000000000000e+00
1.350000000000000000e+03 5.399950784855356289e-02 0.000000000000000000e+00 1.000000000000000000e+00 0.000000000000000000e+00 0.000000000000000000e+00 0.000000000000000000e+00
1.400000000000000000e+03 5.599948962072232028e-02 0.000000000000000000e+00 1.000000000000000000e+00 0.000000000000000000e+00 0.000000000000000000e+00 0.000000000000000000e+00
1.450000000000000000e+03 5.799947139289085563e-02 0.000000000000000000e+00 1.000000000000000000e+00 0.000000000000000000e+00 0.000000000000000000e+00 0.000000000000000000e+00
1.500000000000000000e+03 5.999945316505961301e-02 0.000000000000000000e+00 1.000000000000000000e+00 0.000000000000000000e+00 0.000000000000000000e+00 0.000000000000000000e+00
1.550000000000000000e+03 6.199943493722814836e-02 0.000000000000000000e+00 1.000000000000000000e+00 0.000000000000000000e+00 0.000000000000000000e+00 0.000000000000000000e+00
1.600000000000000000e+03 6.399941670939690574e-02 0.000000000000000000e+00 1.000000000000000000e+00 0.000000000000000000e+00 0.000000000000000000e+00 0.000000000000000000e+00
1.650000000000000000e+03 6.599939848156544109e-02 0.000000000000000000e+00 1.000000000000000000e+00 0.000000000000000000e+00 0.000000000000000000e+00 0.000000000000000000e+00
1.700000000000000000e+03 6.799938025373419848e-02 4.551661356395084266e-04 9.995448338643604380e-01 0.000000000000000000e+00 0.000000000000000000e+00 0.000000000000000000e+00
1.750000000000000000e+03 6.999936202590273382e-02 0.000000000000000000e+00 1.000000000000000000e+00 0.000000000000000000e+00 0.000000000000000000e+00 0.000000000000000000e+00
1.800000000000000000e+03 7.199934379807149121e-02 0.000000000000000000e+00 1.000000000000000000e+00 0.000000000000000000e+00 0.000000000000000000e+00 0.000000000000000000e+00
1.850000000000000000e+03 7.399932557024002655e-02 0.000000000000000000e+00 1.000000000000000000e+00 0.000000000000000000e+00 0.000000000000000000e+00 0.000000000000000000e+00
1.900000000000000000e+03 7.599930734240878394e-02 4.551661356395084266e-04 9.995448338643604380e-01 0.000000000000000000e+00 0.000000000000000000e+00 0.000000000000000000e+00
1.950000000000000000e+03 7.799928911457731928e-02 0.000000000000000000e+00 1.000000000000000000e+00 0.000000000000000000e+00 0.000000000000000000e+00 0.000000000000000000e+00
2.000000000000000000e+03 7.999927088674607667e-02 0.000000000000000000e+00 1.000000000000000000e+00 0.000000000000000000e+00 0.000000000000000000e+00 0.000000000000000000e+00
2.050000000000000000e+03 8.199925265891461201e-02 1.137915339098771066e-04 9.998862084660901095e-01 0.000000000000000000e+00 0.000000000000000000e+00 0.000000000000000000e+00
2.100000000000000000e+03 8.399923443108336940e-02 0.000000000000000000e+00 1.000000000000000000e+00 0.000000000000000000e+00 0.000000000000000000e+00 0.000000000000000000e+00
2.150000000000000000e+03 8.599921620325190474e-02 1.137915339098771066e-04 9.998862084660901095e-01 0.000000000000000000e+00 0.000000000000000000e+00 0.000000000000000000e+00
2.200000000000000000e+03 8.799919797542066213e-02 6.827492034592626399e-04 9.993172507965407680e-01 0.000000000000000000e+00 0.000000000000000000e+00 0.000000000000000000e+00
2.250000000000000000e+03 8.999917974758941952e-02 0.000000000000000000e+00 1.000000000000000000e+00 0.000000000000000000e+00 0.000000000000000000e+00 0.000000000000000000e+00
2.300000000000000000e+03 9.199916151975795486e-02 0.000000000000000000e+00 1.000000000000000000e+00 0.000000000000000000e+00 0.000000000000000000e+00 0.000000000000000000e+00
2.350000000000000000e+03 9.399914329192671225e-02 7.965407373691396923e-04 9.992034592626308775e-01 0.000000000000000000e+00 0.000000000000000000e+00 0.000000000000000000e+00
2.400000000000000000e+03 9.599912506409524759e-02 1.024123805188893906e-03 9.989758761948110966e-01 0.000000000000000000e+00 0.000000000000000000e+00 0.000000000000000000e+00
2.450000000000000000e+03 9.799910683626400498e-02 2.958579881656804664e-03 9.969276285844332897e-01 0.000000000000000000e+00 1.137915339098771066e-04 0.000000000000000000e+00
2.500000000000000000e+03 9.999908860843254033e-02 2.958579881656804664e-03 9.968138370505233992e-01 0.000000000000000000e+00 2.275830678197542133e-04 0.000000000000000000e+00
2.550000000000000000e+03 1.019990703806012977e-01 3.413746017296313308e-03 9.964724624487938387e-01 0.000000000000000000e+00 1.137915339098771066e-04 0.000000000000000000e+00
2.600000000000000000e+03 1.039990521527698331e-01 3.755120619025944465e-03 9.962448793809740577e-01 0.000000000000000000e+00 0.000000000000000000e+00 0.000000000000000000e+00
2.650000000000000000e+03 1.059990339249385904e-01 7.624032771961766417e-03 9.919208010923987739e-01 0.000000000000000000e+00 4.551661356395084266e-04 0.000000000000000000e+00
2.700000000000000000e+03 1.079990156971071258e-01 7.851615839781519654e-03 9.914656349567592120e-01 0.000000000000000000e+00 6.827492034592626399e-04 0.000000000000000000e+00
2.750000000000000000e+03 1.099989974692758832e-01 6.258534365043240920e-03 9.936276741010469093e-01 0.000000000000000000e+00 1.137915339098771066e-04 0.000000000000000000e+00
2.800000000000000000e+03 1.119989792414444185e-01 8.761948111060537808e-03 9.904415111515703085e-01 0.000000000000000000e+00 7.965407373691396923e-04 0.000000000000000000e+00
2.850000000000000000e+03 1.139989610136131759e-01 1.240327719617660522e-02 9.868001820664542567e-01 0.000000000000000000e+00 7.965407373691396923e-04 0.000000000000000000e+00
2.900000000000000000e+03 1.159989427857817113e-01 1.979972690031861493e-02 9.776968593536641272e-01 0.000000000000000000e+00 2.503413746017296455e-03 0.000000000000000000e+00
2.950000000000000000e+03 1.179989245579504686e-01 3.072371415566681890e-02 9.655211652253072874e-01 0.000000000000000000e+00 3.755120619025944465e-03 0.000000000000000000e+00
3.000000000000000000e+03 1.199989063301190040e-01 6.247155211652252738e-02 9.153390987710514626e-01 0.000000000000000000e+00 2.218934911242603433e-02 0.000000000000000000e+00
3.050000000000000000e+03 1.219988881022877614e-01 1.629494765589440120e-01 6.787664997724169869e-01 0.000000000000000000e+00 1.582840236686390567e-01 0.000000000000000000e+00
3.100000000000000000e+03 1.239988698744562967e-01 3.271506599908966528e-01 2.213245334547109811e-01 3.413746017296313199e-04 4.511834319526626946e-01 0.000000000000000000e+00
3.150000000000000000e+03 1.259988516466250541e-01 3.623122439690487084e-01 5.826126536185707860e-02 1.251706873008648227e-03 5.781747837960855563e-01 0.000000000000000000e+00
3.200000000000000000e+03 1.279988334187935894e-01 3.733500227583067543e-01 7.567137005006827066e-02 1.365498406918525280e-03 5.496131087847063723e-01 0.000000000000000000e+00
3.250000000000000000e+03 1.299988151909623468e-01 4.077150659990896875e-01 1.206190259444697294e-01 7.282658170232134826e-03 4.643832498862084934e-01 0.000000000000000000e+00
3.300000000000000000e+03 1.319987969631308822e-01 4.050978607191624836e-01 1.387118798361401950e-01 1.991351843422849502e-02 4.362767410104688159e-01 0.000000000000000000e+00
3.350000000000000000e+03 1.339987787352996396e-01 4.104460628129267263e-01 1.418980427856167403e-01 4.301319981793354230e-02 4.046426945835229771e-01 0.000000000000000000e+00
3.400000000000000000e+03 1.359987605074683970e-01 4.185252617205280079e-01 1.647701411015020379e-01 7.624032771961765376e-02 3.404642694583522866e-01 0.000000000000000000e+00
3.450000000000000000e+03 1.379987422796369323e-01 4.352526172052799125e-01 1.878698224852070886e-01 1.094674556213017791e-01 2.674101046882111921e-01 0.000000000000000000e+00
3.500000000000000000e+03 1.399987240518056897e-01 4.303595812471552318e-01 2.246244879380974169e-01 1.569185252617205373e-01 1.880974055530268418e-01 0.000000000000000000e+00
3.550000000000000000e+03 1.419987058239742250e-01 4.152253072371415721e-01 2.658170232134728916e-01 1.768320436959490149e-01 1.421256258534364936e-01 0.000000000000000000e+00
3.600000000000000000e+03 1.439986875961429824e-01 4.187528447883477334e-01 2.974510696404187304e-01 1.814974965862539702e-01 1.022985889849795244e-01 0.000000000000000000e+00
3.650000000000000000e+03 1.459986693683115178e-01 3.848429676832043622e-01 3.183887118798361393e-01 1.925352753755120716e-01 1.042330450614474269e-01 0.000000000000000000e+00
3.700000000000000000e+03 1.479986511404802751e-01 3.928083750568957533e-01 3.319299044151114986e-01 2.007282658170232159e-01 7.453345471096950448e-02 0.000000000000000000e+00
3.750000000000000000e+03 1.499986329126488105e-01 3.813154301319982009e-01 3.336367774237596895e-01 2.043695949021392677e-01 8.067819754210286964e-02 0.000000000000000000e+00
3.800000000000000000e+03 1.519986146848175679e-01 3.857532999544833752e-01 3.298816568047337472e-01 2.088074647246244975e-01 7.555757851615839404e-02 0.000000000000000000e+00
3.850000000000000000e+03 1.539985964569861032e-01 3.748293126991351643e-01 3.413746017296312996e-01 2.135867091488393155e-01 7.020937642239417908e-02 0.000000000000000000e+00
3.900000000000000000e+03 1.559985782291548606e-01 3.652708238507055283e-01 3.541192535275375364e-01 2.166590805644059980e-01 6.395084205735093730e-02 0.000000000000000000e+00
3.950000000000000000e+03 1.579985600013233960e-01 3.651570323167956378e-01 3.562812926718252338e-01 2.203004096495220776e-01 5.826126536185707860e-02 0.000000000000000000e+00
4.000000000000000000e+03 1.599985417734921533e-01 3.691397360036413056e-01 3.606053709604005730e-01 2.127901684114701930e-01 5.746472462448793533e-02 0.000000000000000000e+00
4.050000000000000000e+03 1.619985235456606887e-01 3.713017751479290030e-01 3.649294492489758568e-01 2.047109695038689114e-01 5.905780609922621494e-02 0.000000000000000000e+00
4.100000000000000000e+03 1.639985053178294461e-01 3.660673645880746507e-01 3.747155211652253293e-01 2.069868001820664438e-01 5.223031406463359005e-02 0.000000000000000000e+00
4.150000000000000000e+03 1.659984870899979814e-01 3.594674556213017791e-01 3.798361401911697910e-01 2.015248065543923661e-01 5.917159763313609155e-02 0.000000000000000000e+00
4.200000000000000000e+03 1.679984688621667388e-01 3.560537096040054528e-01 3.864360491579426626e-01 2.045971779699590487e-01 5.291306326809285671e-02 0.000000000000000000e+00
4.250000000000000000e+03 1.699984506343352741e-01 3.536640873918980299e-01 3.870050068274920596e-01 2.052799271734183084e-01 5.405097860719162289e-02 0.000000000000000000e+00
4.300000000000000000e+03 1.719984324065040315e-01 3.468365953573054328e-01 3.986117432862995025e-01 2.053937187073281712e-01 4.915794264906690747e-02 0.000000000000000000e+00
4.350000000000000000e+03 1.739984141786725669e-01 3.486572598998634587e-01 4.046426945835229771e-01 2.025489303595812418e-01 4.415111515703231543e-02 0.000000000000000000e+00
4.400000000000000000e+03 1.759983959508413243e-01 3.430814747382794905e-01 4.081702321347291940e-01 2.036868456986800080e-01 4.506144742831133532e-02 0.000000000000000000e+00
4.450000000000000000e+03 1.779983777230098596e-01 3.451297223486572419e-01 4.110150204824761233e-01 2.080109239872553473e-01 3.584433318161128756e-02 0.000000000000000000e+00
4.500000000000000000e+03 1.799983594951786170e-01 3.413746017296312996e-01 4.146563495675921751e-01 2.032316795630405015e-01 4.073736913973600299e-02 0.000000000000000000e+00
4.550000000000000000e+03 1.819983412673473744e-01 3.311333636777423761e-01 4.161356395084205850e-01 2.100591715976331264e-01 4.267182521620391245e-02 0.000000000000000000e+00
4.600000000000000000e+03 1.839983230395159097e-01 3.281747837960855563e-01 4.230769230769230727e-01 2.152935821574874786e-01 3.345471096950387163e-02 0.000000000000000000e+00
4.650000000000000000e+03 1.859983048116846671e-01 3.297678652708238567e-01 4.221665908056440597e-01 2.155211652253072319e-01 3.254437869822485174e-02 0.000000000000000000e+00
4.700000000000000000e+03 1.879982865838532025e-01 3.163404642694583324e-01 4.287664997724169313e-01 2.181383705052344080e-01 3.675466545289030745e-02 0.000000000000000000e+00
4.750000000000000000e+03 1.899982683560219598e-01 3.070095584888484219e-01 4.380974055530268418e-01 2.222348657259899940e-01 3.265817023213472836e-02 0.000000000000000000e+00
4.800000000000000000e+03 1.919982501281904952e-01 3.049613108784706150e-01 4.426490669094219621e-01 2.230314064633591165e-01 2.935821574874829254e-02 0.000000000000000000e+00
4.850000000000000000e+03 1.939982319003592526e-01 2.983614019116977434e-01 4.536868456986800080e-01 2.237141556668183762e-01 2.423759672280382388e-02 0.000000000000000000e+00
4.900000000000000000e+03 1.959982136725277879e-01 2.918752844788347622e-01 4.659763313609467383e-01 2.168866636322257513e-01 2.526172052799271692e-02 0.000000000000000000e+00
4.950000000000000000e+03 1.979981954446965453e-01 2.835685025034137552e-01 4.847519344560764498e-01 2.126763768775603025e-01 1.900318616294947513e-02 0.000000000000000000e+00
5.000000000000000000e+03 1.999981772168650807e-01 2.770823850705507740e-01 4.941966317705962508e-01 2.133591260810195622e-01 1.536185707783340945e-02 0.000000000000000000e+00
5.050000000000000000e+03 2.019981589890338380e-01 2.723031406463359283e-01 5.052344105598542967e-01 2.083522985889849910e-01 1.411015020482476144e-02 0.000000000000000000e+00
5.100000000000000000e+03 2.039981407612023734e-01 2.666135639508420696e-01 5.092171142467000200e-01 2.084660901228948537e-01 1.570323167956303931e-02 0.000000000000000000e+00
5.150000000000000000e+03 2.059981225333711308e-01 2.645653163404642627e-01 5.129722348657259623e-01 2.080109239872553473e-01 1.445152480655439303e-02 0.000000000000000000e+00
5.200000000000000000e+03 2.079981043055396661e-01 2.658170232134728916e-01 5.121756941283568398e-01 2.064178425125170746e-01 1.558944014565316269e-02 0.000000000000000000e+00
5.250000000000000000e+03 2.099980860777084235e-01 2.598998634501593075e-01 5.175238962221210270e-01 2.084660901228948537e-01 1.411015020482476144e-02 0.000000000000000000e+00
5.300000000000000000e+03 2.119980678498769588e-01 2.570550751024123781e-01 5.223031406463358728e-01 2.066454255803368278e-01 1.399635867091488309e-02 0.000000000000000000e+00
5.350000000000000000e+03 2.139980496220457162e-01 2.569412835685024876e-01 5.289030496131087444e-01 2.002730996813837094e-01 1.388256713700500647e-02 0.000000000000000000e+00
5.400000000000000000e+03 2.159980313942142516e-01 2.479517523896222209e-01 5.416477014110150368e-01 1.998179335457442030e-01 1.058261265361857065e-02 0.000000000000000000e+00
5.450000000000000000e+03 2.179980131663830090e-01 2.411242603550295960e-01 5.557578516158397930e-01 1.928766499772416876e-01 1.024123805188893906e-02 0.000000000000000000e+00
5.500000000000000000e+03 2.199979949385515443e-01 2.298588984979517413e-01 5.749886208466090665e-01 1.809285389167046010e-01 1.422394173873463806e-02 0.000000000000000000e+00
5.550000000000000000e+03 2.219979767107203017e-01 2.207555757851615841e-01 5.916021847974510806e-01 1.788802913063268218e-01 8.761948111060537808e-03 0.000000000000000000e+00
5.600000000000000000e+03 2.239979584828890591e-01 2.172280382339553950e-01 5.992262175694128556e-01 1.767182521620391522e-01 6.827492034592626616e-03 0.000000000000000000e+00
5.650000000000000000e+03 2.259979402550575944e-01 2.067592171142466906e-01 6.019572143832498945e-01 1.828629949931725174e-01 8.420573509330906217e-03 0.000000000000000000e+00
5.700000000000000000e+03 2.279979220272263518e-01 2.022075557578516258e-01 6.067364588074647402e-01 1.845698680018206528e-01 6.486117432862995025e-03 0.000000000000000000e+00
5.750000000000000000e+03 2.299979037993948872e-01 1.983386436049157930e-01 6.054847519344560558e-01 1.868456986800182129e-01 9.330905780609922637e-03 0.000000000000000000e+00
5.800000000000000000e+03 2.319978855715636445e-01 1.926490669094219343e-01 6.060537096040055083e-01 1.958352298588985074e-01 5.461993627674101119e-03 0.000000000000000000e+00
5.850000000000000000e+03 2.339978673437321799e-01 1.876422394173873354e-01 6.074192080109239722e-01 1.978834774692762866e-01 7.055075102412380721e-03 0.000000000000000000e+00
5.900000000000000000e+03 2.359978491159009373e-01 1.771734182976786587e-01 6.141329085116067343e-01 2.014110150204824756e-01 7.282658170232134826e-03 0.000000000000000000e+00
5.950000000000000000e+03 2.379978308880694726e-01 1.731907146108329631e-01 6.156121984524350887e-01 2.034592626308602548e-01 7.737824305871643035e-03 0.000000000000000000e+00
6.000000000000000000e+03 2.399978126602382300e-01 1.779699590350477811e-01 6.100364132908511205e-01 2.061902594446973214e-01 5.803368229403732710e-03 0.000000000000000000e+00
6.050000000000000000e+03 2.419977944324067654e-01 1.728493400091033194e-01 6.117432862994993670e-01 2.076695493855257035e-01 7.737824305871643035e-03 0.000000000000000000e+00
6.100000000000000000e+03 2.439977762045755227e-01 1.733045061447428259e-01 6.106053709604005730e-01 2.086936731907146070e-01 7.396449704142011444e-03 0.000000000000000000e+00
6.150000000000000000e+03 2.459977579767440581e-01 1.753527537551206328e-01 6.071916249431041912e-01 2.102867546654528796e-01 7.168866636322257339e-03 0.000000000000000000e+00
6.200000000000000000e+03 2.479977397489128155e-01 1.762630860263996457e-01 6.066226672735548497e-01 2.084660901228948537e-01 8.648156577150659455e-03 0.000000000000000000e+00
6.250000000000000000e+03 2.499977215210813508e-01 1.752389622212107423e-01 6.077605826126536437e-01 2.081247155211652378e-01 8.875739644970414427e-03 0.000000000000000000e+00
6.300000000000000000e+03 2.519977032932501082e-01 1.761492944924897552e-01 6.090122894856622171e-01 2.063040509786071841e-01 8.534365043240782836e-03 0.000000000000000000e+00
6.350000000000000000e+03 2.539976850654186435e-01 1.799044151115156975e-01 6.082157487482930946e-01 2.045971779699590487e-01 7.282658170232134826e-03 0.000000000000000000e+00
6.400000000000000000e+03 2.559976668375874009e-01 1.745562130177514826e-01 6.092398725534819981e-01 2.088074647246244975e-01 7.396449704142011444e-03 0.000000000000000000e+00
6.450000000000000000e+03 2.579976486097559363e-01 1.700045516613563901e-01 6.140191169776968438e-01 2.110832954028220299e-01 4.893035958124715423e-03 0.000000000000000000e+00
6.500000000000000000e+03 2.599976303819246937e-01 1.646563495675921751e-01 6.187983614019116896e-01 2.094902139280837572e-01 7.055075102412380721e-03 0.000000000000000000e+00
6.550000000000000000e+03 2.619976121540932290e-01 1.618115612198452458e-01 6.165225307237141017e-01 2.118798361401911801e-01 9.786071916249430847e-03 0.000000000000000000e+00
6.600000000000000000e+03 2.639975939262619864e-01 1.679563040509786109e-01 6.165225307237141017e-01 2.085798816568047442e-01 6.941283568502503235e-03 0.000000000000000000e+00
6.650000000000000000e+03 2.659975756984305217e-01 1.621529358215748617e-01 6.191397360036413611e-01 2.097177969959035104e-01 8.989531178880291046e-03 0.000000000000000000e+00
6.700000000000000000e+03 2.679975574705992791e-01 1.632908511606736557e-01 6.206190259444697155e-01 2.068730086481565811e-01 9.217114246700046018e-03 0.000000000000000000e+00
6.750000000000000000e+03 2.699975392427680365e-01 1.616977696859353553e-01 6.197086936731907025e-01 2.078971324533454845e-01 1.069640418752844727e-02 0.000000000000000000e+00
6.800000000000000000e+03 2.719975210149365719e-01 1.593081474738279601e-01 6.243741465634956578e-01 2.034592626308602548e-01 1.285844333181611343e-02 0.000000000000000000e+00
6.850000000000000000e+03 2.739975027871053292e-01 1.594219390077378229e-01 6.264223941738734647e-01 2.048247610377788019e-01 9.330905780609922637e-03 0.000000000000000000e+00
6.900000000000000000e+03 2.759974845592738646e-01 1.566909421939007840e-01 6.316568047337277614e-01 2.035730541647701453e-01 8.079198907601274626e-03 0.000000000000000000e+00
6.950000000000000000e+03 2.779974663314426220e-01 1.564633591260810308e-01 6.362084660901229372e-01 1.977696859353663961e-01 9.558488848429677609e-03 0.000000000000000000e+00
7.000000000000000000e+03 2.799974481036111573e-01 1.529358215748748417e-01 6.409877105143377829e-01 1.949248975876194945e-01 1.115157032316795548e-02 0.000000000000000000e+00
7.050000000000000000e+03 2.819974298757799147e-01 1.511151570323167881e-01 6.487255348202093375e-01 1.912835685025034149e-01 8.875739644970414427e-03 0.000000000000000000e+00
7.100000000000000000e+03 2.839974116479484501e-01 1.527082385070550885e-01 6.506599908966772539e-01 1.849112426035502965e-01 1.172052799271734204e-02 0.000000000000000000e+00
7.150000000000000000e+03 2.859973934201172074e-01 1.536185707783341015e-01 6.464497041420118606e-01 1.884387801547564856e-01 1.149294492489758707e-02 0.000000000000000000e+00
7.200000000000000000e+03 2.879973751922857428e-01 1.528220300409649512e-01 6.436049157942649313e-01 1.919663177059626746e-01 1.160673645880746542e-02 0.000000000000000000e+00
7.250000000000000000e+03 2.899973569644545002e-01 1.545289030496131144e-01 6.422394173873463563e-01 1.917387346381429214e-01 1.149294492489758707e-02 0.000000000000000000e+00
7.300000000000000000e+03 2.919973387366230355e-01 1.579426490669094130e-01 6.406463359126081114e-01 1.900318616294947582e-01 1.137915339098771045e-02 0.000000000000000000e+00
7.350000000000000000e+03 2.939973205087917929e-01 1.548702776513427304e-01 6.415566681838871244e-01 1.901456531634046487e-01 1.342740100136549826e-02 0.000000000000000000e+00
7.400000000000000000e+03 2.959973022809603282e-01 1.565771506599908935e-01 6.388256713700500855e-01 1.923076923076923184e-01 1.228948566226672687e-02 0.000000000000000000e+00
7.450000000000000000e+03 2.979972840531290856e-01 1.563495675921711403e-01 6.368912152935821691e-01 1.920801092398725651e-01 1.467910787437414627e-02 0.000000000000000000e+00
7.500000000000000000e+03 2.999972658252976210e-01 1.553254437869822369e-01 6.324533454710969949e-01 1.943559399180700975e-01 1.786527082385070547e-02 0.000000000000000000e+00
7.550000000000000000e+03 3.019972475974663784e-01 1.591943559399180697e-01 6.319981793354574329e-01 1.876422394173873354e-01 2.116522530723714129e-02 0.000000000000000000e+00
7.600000000000000000e+03 3.039972293696349137e-01 1.601046882111970826e-01 6.316568047337277614e-01 1.896904870277651423e-01 1.854802002730996865e-02 0.000000000000000000e+00
7.650000000000000000e+03 3.059972111418036711e-01 1.623805188893946427e-01 6.326809285389166648e-01 1.893491124260354985e-01 1.558944014565316269e-02 0.000000000000000000e+00
7.700000000000000000e+03 3.079971929139722064e-01 1.611288120163859861e-01 6.300637232589895165e-01 1.917387346381429214e-01 1.706873008648156567e-02 0.000000000000000000e+00
7.750000000000000000e+03 3.099971746861409638e-01 1.616977696859353553e-01 6.269913518434228061e-01 1.920801092398725651e-01 1.923076923076923184e-02 0.000000000000000000e+00
7.800000000000000000e+03 3.119971564583094992e-01 1.661356395084205850e-01 6.236913973600364258e-01 1.940145653163404538e-01 1.615839781520254925e-02 0.000000000000000000e+00
7.850000000000000000e+03 3.139971382304782566e-01 1.654528903049612976e-01 6.159535730541647602e-01 1.995903504779244497e-01 1.900318616294947513e-02 0.000000000000000000e+00
7.900000000000000000e+03 3.159971200026470139e-01 1.681838871187983642e-01 6.038916704597178109e-01 2.096040054619936199e-01 1.832043695949021542e-02 0.000000000000000000e+00
7.950000000000000000e+03 3.179971017748155493e-01 1.664770141101502010e-01 5.950159308147473514e-01 2.212107419208010906e-01 1.729631315430131891e-02 0.000000000000000000e+00
8.000000000000000000e+03 3.199970835469843067e-01 1.692080109239872676e-01 5.801092398725534727e-01 2.280382339553937154e-01 2.264451524806554428e-02 0.000000000000000000e+00
8.050000000000000000e+03 3.219970653191528420e-01 1.713700500682749095e-01 5.743058716431497235e-01 2.346381429221665871e-01 1.968593536640873831e-02 0.000000000000000000e+00
8.100000000000000000e+03 3.239970470913215994e-01 1.736458807464724696e-01 5.628129267182521156e-01 2.462448793809740577e-01 1.729631315430131891e-02 0.000000000000000000e+00
8.150000000000000000e+03 3.259970288634901348e-01 1.747837960855712358e-01 5.533682294037323146e-01 2.594446973145198010e-01 1.240327719617660522e-02 0.000000000000000000e+00
8.200000000000000000e+03 3.279970106356588921e-01 1.718252162039144160e-01 5.454028220300409791e-01 2.682066454255803145e-01 1.456531634046426965e-02 0.000000000000000000e+00
8.250000000000000000e+03 3.299969924078274275e-01 1.747837960855712358e-01 5.355029585798816161e-01 2.719617660446062568e-01 1.775147928994082885e-02 0.000000000000000000e+00
8.300000000000000000e+03 3.319969741799961849e-01 1.834319526627218866e-01 5.256030951297223641e-01 2.752617205279926926e-01 1.570323167956303931e-02 0.000000000000000000e+00
8.350000000000000000e+03 3.339969559521647202e-01 1.767182521620391522e-01 5.241238051888938987e-01 2.796995903504779224e-01 1.945835229858898507e-02 0.000000000000000000e+00
8.400000000000000000e+03 3.359969377243334776e-01 1.822940373236231204e-01 5.179790623577605890e-01 2.811788802913063323e-01 1.854802002730996865e-02 0.000000000000000000e+00
8.450000000000000000e+03 3.379969194965020129e-01 1.802457897132453413e-01 5.143377332726445372e-01 2.836822940373236457e-01 2.173418297678652786e-02 0.000000000000000000e+00
8.500000000000000000e+03 3.399969012686707703e-01 1.770596267637687682e-01 5.179790623577605890e-01 2.829995448338643582e-01 2.196176604460628110e-02 0.000000000000000000e+00
8.550000000000000000e+03 3.419968830408393057e-01 1.835457441966317771e-01 5.103550295857988139e-01 2.802685480200273194e-01 2.583067819754210348e-02 0.000000000000000000e+00
8.600000000000000000e+03 3.439968648130080631e-01 1.936731907146108378e-01 4.979517523896221931e-01 2.792444242148384159e-01 2.913063268092853930e-02 0.000000000000000000e+00
8.650000000000000000e+03 3.459968465851765984e-01 1.956076467910787542e-01 4.979517523896221931e-01 2.861857077833409035e-01 2.025489303595812488e-02 0.000000000000000000e+00
8.700000000000000000e+03 3.479968283573453558e-01 1.921939007737824279e-01 5.021620391442876974e-01 2.841374601729631522e-01 2.150659990896677115e-02 0.000000000000000000e+00
8.750000000000000000e+03 3.499968101295138911e-01 1.960628129267182607e-01 5.053482020937641872e-01 2.806099226217569353e-01 1.797906235776058209e-02 0.000000000000000000e+00
8.800000000000000000e+03 3.519967919016826485e-01 1.927628584433318248e-01 5.026172052799271484e-01 2.831133363677742487e-01 2.150659990896677115e-02 0.000000000000000000e+00
8.850000000000000000e+03 3.539967736738511839e-01 1.987938097405552995e-01 4.961310878470641672e-01 2.862994993172507940e-01 1.877560309512972189e-02 0.000000000000000000e+00
8.900000000000000000e+03 3.559967554460199413e-01 1.986800182066454368e-01 5.015930814747382449e-01 2.844788347746927681e-01 1.524806554392353283e-02 0.000000000000000000e+00
8.950000000000000000e+03 3.579967372181884766e-01 1.978834774692762866e-01 5.028447883477469293e-01 2.831133363677742487e-01 1.615839781520254925e-02 0.000000000000000000e+00
9.000000000000000000e+03 3.599967189903572340e-01 1.943559399180700975e-01 5.061447428311333097e-01 2.820892125625853453e-01 1.741010468821119553e-02 0.000000000000000000e+00
9.050000000000000000e+03 3.619967007625259914e-01 2.006144742831133254e-01 5.086481565771506785e-01 2.778789258079198965e-01 1.285844333181611343e-02 0.000000000000000000e+00
9.100000000000000000e+03 3.639966825346945267e-01 2.022075557578516258e-01 5.093309057806099105e-01 2.778789258079198965e-01 1.058261265361857065e-02 0.000000000000000000e+00
9.150000000000000000e+03 3.659966643068632841e-01 2.035730541647701453e-01 5.058033682294037492e-01 2.753755120619025831e-01 1.524806554392353283e-02 0.000000000000000000e+00
9.200000000000000000e+03 3.679966460790318195e-01 2.050523441055985552e-01 5.068274920345926526e-01 2.721893491124260378e-01 1.593081474738279601e-02 0.000000000000000000e+00
9.250000000000000000e+03 3.699966278512005768e-01 2.057350933090578149e-01 5.091033227127901295e-01 2.703686845698680119e-01 1.479289940828402289e-02 0.000000000000000000e+00
9.300000000000000000e+03 3.719966096233691122e-01 2.066454255803368278e-01 5.142239417387346467e-01 2.663859808830222886e-01 1.274465179790623508e-02 0.000000000000000000e+00
9.350000000000000000e+03 3.739965913955378696e-01 2.065316340464269373e-01 5.134274010013655243e-01 2.692307692307692180e-01 1.081019572143832562e-02 0.000000000000000000e+00
9.400000000000000000e+03 3.759965731677064049e-01 2.036868456986800080e-01 5.122894856622667303e-01 2.724169321802457633e-01 1.160673645880746542e-02 0.000000000000000000e+00
9.450000000000000000e+03 3.779965549398751623e-01 2.110832954028220299e-01 5.072826581702321036e-01 2.705962676376877374e-01 1.103777878925807886e-02 0.000000000000000000e+00
9.500000000000000000e+03 3.799965367120436976e-01 2.123350022758306865e-01 5.032999544833864913e-01 2.721893491124260378e-01 1.217569412835685025e-02 0.000000000000000000e+00
9.550000000000000000e+03 3.819965184842124550e-01 2.198452435138825711e-01 4.989758761948110966e-01 2.667273554847519601e-01 1.445152480655439303e-02 0.000000000000000000e+00
9.600000000000000000e+03 3.839965002563809904e-01 2.232589895311788697e-01 5.060309512972235302e-01 2.580791989076012816e-01 1.263086026399635846e-02 0.000000000000000000e+00
9.650000000000000000e+03 3.859964820285497478e-01 2.247382794720072796e-01 5.071688666363222131e-01 2.583067819754210070e-01 9.786071916249430847e-03 0.000000000000000000e+00
9.700000000000000000e+03 3.879964638007182831e-01 2.298588984979517413e-01 5.021620391442876974e-01 2.559171597633135842e-01 1.206190259444697363e-02 0.000000000000000000e+00
9.750000000000000000e+03 3.899964455728870405e-01 2.316795630405097950e-01 5.010241238051889034e-01 2.548930359581247362e-01 1.240327719617660522e-02 0.000000000000000000e+00
9.800000000000000000e+03 3.919964273450555758e-01 2.354346836595357373e-01 4.972690031861629611e-01 2.511379153390987939e-01 1.615839781520254925e-02 0.000000000000000000e+00
9.850000000000000000e+03 3.939964091172243332e-01 2.371415566681839004e-01 5.013654984069185749e-01 2.461310878470641672e-01 1.536185707783340945e-02 0.000000000000000000e+00
9.900000000000000000e+03 3.959963908893930906e-01 2.402139280837505553e-01 5.031861629494766008e-01 2.410104688211197055e-01 1.558944014565316269e-02 0.000000000000000000e+00
9.950000000000000000e+03 3.979963726615616260e-01 2.391898042785616796e-01 5.112653618570778269e-01 2.391898042785616796e-01 1.035502958579881741e-02 0.000000000000000000e+00
1.000000000000000000e+04 3.999963544337301613e-01 2.420345926263086089e-01 5.183204369594902605e-01 2.314519799726900418e-01 8.192990441511151245e-03 0.000000000000000000e+00
1.005000000000000000e+04 4.019963362058989187e-01 2.453345471096950448e-01 5.184342284934000400e-01 2.272416932180245652e-01 8.989531178880291046e-03 0.000000000000000000e+00
1.010000000000000000e+04 4.039963179780676761e-01 2.410104688211197055e-01 5.240100136549841192e-01 2.233727810650887602e-01 1.160673645880746542e-02 0.000000000000000000e+00
1.015000000000000000e+04 4.059962997502362114e-01 2.345243513882567243e-01 5.337960855712334807e-01 2.223486572598998567e-01 9.330905780609922637e-03 0.000000000000000000e+00
1.020000000000000000e+04 4.079962815224047468e-01 2.369139736003641195e-01 5.319754210286754548e-01 2.198452435138825711e-01 1.126536185707783383e-02 0.000000000000000000e+00
1.025000000000000000e+04 4.099962632945735042e-01 2.325898953117888079e-01 5.351615839781520556e-01 2.200728265817023244e-01 1.217569412835685025e-02 0.000000000000000000e+00
1.030000000000000000e+04 4.119962450667422615e-01 2.375967228038234069e-01 5.349340009103322746e-01 2.172280382339553950e-01 1.024123805188893906e-02 0.000000000000000000e+00
1.035000000000000000e+04 4.139962268389107969e-01 2.324761037778789174e-01 5.350477924442421651e-01 2.180245789713245452e-01 1.445152480655439303e-02 0.000000000000000000e+00
1.040000000000000000e+04 4.159962086110793322e-01 2.377105143377332697e-01 5.292444242148384159e-01 2.241693218024579104e-01 8.875739644970414427e-03 0.000000000000000000e+00
1.045000000000000000e+04 4.179961903832480896e-01 2.284934000910332219e-01 5.315202548930360038e-01 2.311106053709603980e-01 8.875739644970414427e-03 0.000000000000000000e+00
1.050000000000000000e+04 4.199961721554168470e-01 2.245106964041875264e-01 5.314064633591261133e-01 2.361174328629949970e-01 7.965407373691398007e-03 0.000000000000000000e+00
1.055000000000000000e+04 4.219961539275853823e-01 2.280382339553937154e-01 5.324305871643150168e-01 2.335002275830678209e-01 6.030951297223486815e-03 0.000000000000000000e+00
1.060000000000000000e+04 4.239961356997539177e-01 2.309968138370505353e-01 5.329995448338643582e-01 2.296313154301319881e-01 6.372325898953117539e-03 0.000000000000000000e+00
1.065000000000000000e+04 4.259961174719226751e-01 2.322485207100591642e-01 5.319754210286754548e-01 2.275830678197542090e-01 8.192990441511151245e-03 0.000000000000000000e+00
1.070000000000000000e+04 4.279960992440914325e-01 2.347519344560764776e-01 5.322030040964952358e-01 2.275830678197542090e-01 5.461993627674101119e-03 0.000000000000000000e+00
1.075000000000000000e+04 4.299960810162599678e-01 2.406690942193900895e-01 5.292444242148384159e-01 2.230314064633591165e-01 7.055075102412380721e-03 0.000000000000000000e+00
1.080000000000000000e+04 4.319960627884285032e-01 2.329312699135184239e-01 5.300409649522075384e-01 2.314519799726900418e-01 5.575785161583977738e-03 0.000000000000000000e+00
1.085000000000000000e+04 4.339960445605972605e-01 2.309968138370505353e-01 5.283340919435594030e-01 2.331588529813381772e-01 7.510241238051888930e-03 0.000000000000000000e+00
1.090000000000000000e+04 4.359960263327662400e-01 2.332726445152480677e-01 5.281065088757396220e-01 2.297451069640418786e-01 8.875739644970414427e-03 0.000000000000000000e+00
1.095000000000000000e+04 4.379960081049345533e-01 2.397587619481110488e-01 5.252617205279926926e-01 2.265589440145653055e-01 8.420573509330906217e-03 0.000000000000000000e+00
1.100000000000000000e+04 4.399959898771030886e-01 2.363450159308147502e-01 5.240100136549841192e-01 2.304278561675011383e-01 9.217114246700046018e-03 0.000000000000000000e+00
1.105000000000000000e+04 4.419959716492718460e-01 2.386208466090122826e-01 5.226445152480655443e-01 2.313381884387801513e-01 7.396449704142011444e-03 0.000000000000000000e+00
1.110000000000000000e+04 4.439959534214408254e-01 2.323623122439690547e-01 5.252617205279926926e-01 2.363450159308147502e-01 6.030951297223486815e-03 0.000000000000000000e+00
1.115000000000000000e+04 4.459959351936091387e-01 2.375967228038234069e-01 5.208238507055075184e-01 2.372553482020937632e-01 4.324078288575329727e-03 0.000000000000000000e+00
1.120000000000000000e+04 4.479959169657776741e-01 2.412380518889394587e-01 5.121756941283568398e-01 2.412380518889394587e-01 5.348202093764223633e-03 0.000000000000000000e+00
1.125000000000000000e+04 4.499958987379466535e-01 2.414656349567592120e-01 5.116067364588074984e-01 2.402139280837505553e-01 6.713700500682749130e-03 0.000000000000000000e+00
1.130000000000000000e+04 4.519958805101154109e-01 2.404415111515703363e-01 5.104688211197087044e-01 2.418070095584888557e-01 7.282658170232134826e-03 0.000000000000000000e+00
1.135000000000000000e+04 4.539958622822839462e-01 2.414656349567592120e-01 5.126308602639964018e-01 2.369139736003641195e-01 8.989531178880291046e-03 0.000000000000000000e+00
