# itime ezz other fcc hcp bcc ico
0.000000000000000000e+00 0.000000000000000000e+00 5.689576695493854790e-04 9.994310423304506585e-01 0.000000000000000000e+00 0.000000000000000000e+00 0.000000000000000000e+00
2.500000000000000000e+02 9.999790160075683332e-04 1.251706873008648227e-03 9.987482931269913156e-01 0.000000000000000000e+00 0.000000000000000000e+00 0.000000000000000000e+00
5.000000000000000000e+02 1.999958032015136666e-03 5.689576695493854790e-04 9.994310423304506585e-01 0.000000000000000000e+00 0.000000000000000000e+00 0.000000000000000000e+00
7.500000000000000000e+02 2.999937048022927044e-03 9.103322712790168532e-04 9.990896677287209870e-01 0.000000000000000000e+00 0.000000000000000000e+00 0.000000000000000000e+00
1.000000000000000000e+03 3.999916064030495377e-03 5.689576695493854790e-04 9.994310423304506585e-01 0.000000000000000000e+00 0.000000000000000000e+00 0.000000000000000000e+00
1.250000000000000000e+03 4.999895080038063711e-03 1.706873008648156654e-03 9.982931269913518646e-01 0.000000000000000000e+00 0.000000000000000000e+00 0.000000000000000000e+00
1.500000000000000000e+03 5.999874096045632044e-03 1.137915339098770958e-03 9.988620846609012061e-01 0.000000000000000000e+00 0.000000000000000000e+00 0.000000000000000000e+00
1.750000000000000000e+03 6.999853112053422421e-03 1.934456076467910759e-03 9.980655439235320836e-01 0.000000000000000000e+00 0.000000000000000000e+00 0.000000000000000000e+00
2.000000000000000000e+03 7.999832128060990755e-03 2.048247610377787811e-03 9.979517523896221931e-01 0.000000000000000000e+00 0.000000000000000000e+00 0.000000000000000000e+00
2.250000000000000000e+03 8.999811144068559088e-03 1.137915339098771066e-04 9.998862084660901095e-01 0.000000000000000000e+00 0.000000000000000000e+00 0.000000000000000000e+00
2.500000000000000000e+03 9.999790160076127421e-03 1.593081474738279385e-03 9.984069185252617551e-01 0.000000000000000000e+00 0.000000000000000000e+00 0.000000000000000000e+00
2.750000000000000000e+03 1.099976917608391780e-02 1.365498406918525280e-03 9.984069185252617551e-01 0.000000000000000000e+00 2.275830678197542133e-04 0.000000000000000000e+00
3.000000000000000000e+03 1.199974819209148613e-02 9.103322712790168532e-04 9.990896677287209870e-01 0.000000000000000000e+00 0.000000000000000000e+00 0.000000000000000000e+00
3.250000000000000000e+03 1.299972720809905447e-02 1.024123805188893906e-03 9.989758761948110966e-01 0.000000000000000000e+00 0.000000000000000000e+00 0.000000000000000000e+00
3.500000000000000000e+03 1.399970622410662280e-02 1.479289940828402332e-03 9.985207100591716456e-01 0.000000000000000000e+00 0.000000000000000000e+00 0.000000000000000000e+00
3.750000000000000000e+03 1.499968524011441318e-02 4.551661356395084266e-04 9.995448338643604380e-01 0.000000000000000000e+00 0.000000000000000000e+00 0.000000000000000000e+00
4.000000000000000000e+03 1.599966425612198151e-02 1.137915339098771066e-04 9.998862084660901095e-01 0.000000000000000000e+00 0.000000000000000000e+00 0.000000000000000000e+00
4.250000000000000000e+03 1.699964327212954984e-02 2.048247610377787811e-03 9.978379608557123026e-01 0.000000000000000000e+00 1.137915339098771066e-04 0.000000000000000000e+00
4.500000000000000000e+03 1.799962228813711818e-02 1.479289940828402332e-03 9.985207100591716456e-01 0.000000000000000000e+00 0.000000000000000000e+00 0.000000000000000000e+00
4.750000000000000000e+03 1.899960130414490855e-02 2.162039144287664864e-03 9.978379608557123026e-01 0.000000000000000000e+00 0.000000000000000000e+00 0.000000000000000000e+00
5.000000000000000000e+03 1.999958032015247689e-02 3.299954483386436255e-03 9.967000455166135087e-01 0.000000000000000000e+00 0.000000000000000000e+00 0.000000000000000000e+00
5.250000000000000000e+03 2.099955933616004522e-02 2.389622212107419402e-03 9.976103777878926326e-01 0.000000000000000000e+00 0.000000000000000000e+00 0.000000000000000000e+00
5.500000000000000000e+03 2.199953835216761355e-02 2.162039144287664864e-03 9.978379608557123026e-01 0.000000000000000000e+00 0.000000000000000000e+00 0.000000000000000000e+00
5.750000000000000000e+03 2.299951736817540393e-02 2.617205279927173507e-03 9.973827947200728516e-01 0.000000000000000000e+00 0.000000000000000000e+00 0.000000000000000000e+00
6.000000000000000000e+03 2.399949638418297226e-02 2.162039144287664864e-03 9.978379608557123026e-01 0.000000000000000000e+00 0.000000000000000000e+00 0.000000000000000000e+00
6.250000000000000000e+03 2.499947540019054060e-02 2.730996813837050560e-03 9.971552116522530707e-01 0.000000000000000000e+00 1.137915339098771066e-04 0.000000000000000000e+00
6.500000000000000000e+03 2.599945441619810893e-02 3.868912152935821518e-03 9.960172963131542767e-01 0.000000000000000000e+00 1.137915339098771066e-04 0.000000000000000000e+00
6.750000000000000000e+03 2.699943343220589931e-02 5.348202093764223633e-03 9.946517979062358128e-01 0.000000000000000000e+00 0.000000000000000000e+00 0.000000000000000000e+00
7.000000000000000000e+03 2.799941244821346764e-02 4.437869822485207214e-03 9.953345471096950448e-01 0.000000000000000000e+00 2.275830678197542133e-04 0.000000000000000000e+00
7.250000000000000000e+03 2.899939146422103597e-02 3.755120619025944465e-03 9.962448793809740577e-01 0.000000000000000000e+00 0.000000000000000000e+00 0.000000000000000000e+00
7.500000000000000000e+03 2.999937048022860431e-02 3.186162949476558769e-03 9.967000455166135087e-01 0.000000000000000000e+00 1.137915339098771066e-04 0.000000000000000000e+00
7.750000000000000000e+03 3.099934949623639469e-02 4.437869822485207214e-03 9.955621301775148257e-01 0.000000000000000000e+00 0.000000000000000000e+00 0.000000000000000000e+00
8.000000000000000000e+03 3.199932851224396302e-02 7.396449704142011444e-03 9.926035502958580059e-01 0.000000000000000000e+00 0.000000000000000000e+00 0.000000000000000000e+00
8.250000000000000000e+03 3.299930752825153135e-02 5.461993627674101119e-03 9.944242148384160318e-01 0.000000000000000000e+00 1.137915339098771066e-04 0.000000000000000000e+00
8.500000000000000000e+03 3.399928654425909968e-02 3.982703686845699004e-03 9.959035047792443862e-01 0.000000000000000000e+00 1.137915339098771066e-04 0.000000000000000000e+00
8.750000000000000000e+03 3.499926556026689006e-02 7.168866636322257339e-03 9.924897587619481154e-01 0.000000000000000000e+00 3.413746017296313199e-04 0.000000000000000000e+00
9.000000000000000000e+03 3.599924457627445840e-02 5.348202093764223633e-03 9.943104233045061413e-01 0.000000000000000000e+00 3.413746017296313199e-04 0.000000000000000000e+00
9.250000000000000000e+03 3.699922359228202673e-02 6.827492034592626616e-03 9.928311333636777869e-01 0.000000000000000000e+00 3.413746017296313199e-04 0.000000000000000000e+00
9.500000000000000000e+03 3.799920260828959506e-02 6.599908966772872511e-03 9.932862994993172379e-01 0.000000000000000000e+00 1.137915339098771066e-04 0.000000000000000000e+00
9.750000000000000000e+03 3.899918162429738544e-02 1.172052799271734204e-02 9.877105143377332697e-01 0.000000000000000000e+00 5.689576695493854790e-04 0.000000000000000000e+00
1.000000000000000000e+04 3.999916064030495377e-02 6.258534365043240920e-03 9.934000910332271284e-01 0.000000000000000000e+00 3.413746017296313199e-04 0.000000000000000000e+00
1.025000000000000000e+04 4.099913965631252211e-02 5.917159763313609329e-03 9.939690487027764698e-01 0.000000000000000000e+00 1.137915339098771066e-04 0.000000000000000000e+00
1.050000000000000000e+04 4.199911867232009044e-02 6.941283568502503235e-03 9.927173418297678964e-01 0.000000000000000000e+00 3.413746017296313199e-04 0.000000000000000000e+00
1.075000000000000000e+04 4.299909768832788082e-02 8.079198907601274626e-03 9.915794264906691025e-01 0.000000000000000000e+00 3.413746017296313199e-04 0.000000000000000000e+00
1.100000000000000000e+04 4.399907670433544915e-02 1.661356395084205573e-02 9.830450614474283144e-01 0.000000000000000000e+00 3.413746017296313199e-04 0.000000000000000000e+00
1.125000000000000000e+04 4.499905572034301748e-02 1.194811106053709528e-02 9.878243058716431602e-01 0.000000000000000000e+00 2.275830678197542133e-04 0.000000000000000000e+00
1.150000000000000000e+04 4.599903473635058582e-02 1.172052799271734204e-02 9.878243058716431602e-01 0.000000000000000000e+00 4.551661356395084266e-04 0.000000000000000000e+00
1.175000000000000000e+04 4.699901375235837619e-02 1.263086026399635846e-02 9.870277651342740377e-01 0.000000000000000000e+00 3.413746017296313199e-04 0.000000000000000000e+00
1.200000000000000000e+04 4.799899276836594453e-02 1.172052799271734204e-02 9.873691397360035982e-01 0.000000000000000000e+00 9.103322712790168532e-04 0.000000000000000000e+00
1.225000000000000000e+04 4.899897178437351286e-02 1.342740100136549826e-02 9.861174328629950248e-01 0.000000000000000000e+00 4.551661356395084266e-04 0.000000000000000000e+00
1.250000000000000000e+04 4.999895080038108119e-02 1.763768775603095224e-02 9.820209376422394110e-01 0.000000000000000000e+00 3.413746017296313199e-04 0.000000000000000000e+00
1.275000000000000000e+04 5.099892981638887157e-02 1.502048247610377786e-02 9.844105598543468894e-01 0.000000000000000000e+00 5.689576695493854790e-04 0.000000000000000000e+00
1.300000000000000000e+04 5.199890883239643991e-02 2.002730996813837164e-02 9.791761492944924816e-01 0.000000000000000000e+00 7.965407373691396923e-04 0.000000000000000000e+00
1.325000000000000000e+04 5.299888784840400824e-02 1.991351843422849502e-02 9.799726900318616041e-01 0.000000000000000000e+00 1.137915339098771066e-04 0.000000000000000000e+00
1.350000000000000000e+04 5.399886686441157657e-02 2.412380518889394726e-02 9.749658625398270884e-01 0.000000000000000000e+00 9.103322712790168532e-04 0.000000000000000000e+00
1.375000000000000000e+04 5.499884588041936695e-02 2.298588984979517413e-02 9.762175694128356618e-01 0.000000000000000000e+00 7.965407373691396923e-04 0.000000000000000000e+00
1.400000000000000000e+04 5.599882489642693528e-02 2.674101046882111990e-02 9.715521165225307065e-01 0.000000000000000000e+00 1.706873008648156654e-03 0.000000000000000000e+00
1.425000000000000000e+04 5.699880391243450362e-02 2.378243058716431393e-02 9.750796540737368678e-01 0.000000000000000000e+00 1.137915339098770958e-03 0.000000000000000000e+00
1.450000000000000000e+04 5.799878292844207195e-02 2.742375967228038308e-02 9.717796995903504875e-01 0.000000000000000000e+00 7.965407373691396923e-04 0.000000000000000000e+00
1.475000000000000000e+04 5.899876194444986233e-02 2.298588984979517413e-02 9.756486117432863203e-01 0.000000000000000000e+00 1.365498406918525280e-03 0.000000000000000000e+00
1.500000000000000000e+04 5.999874096045743066e-02 2.548930359581247015e-02 9.740555302685480754e-01 0.000000000000000000e+00 4.551661356395084266e-04 0.000000000000000000e+00
1.525000000000000000e+04 6.099871997646499899e-02 3.129267182521620200e-02 9.677969959035047642e-01 0.000000000000000000e+00 9.103322712790168532e-04 0.000000000000000000e+00
1.550000000000000000e+04 6.199869899247256733e-02 2.947200728265816916e-02 9.690487027765134487e-01 0.000000000000000000e+00 1.479289940828402332e-03 0.000000000000000000e+00
1.575000000000000000e+04 6.299867800848035770e-02 3.868912152935821691e-02 9.589212562585344157e-01 0.000000000000000000e+00 2.389622212107419402e-03 0.000000000000000000e+00
1.600000000000000000e+04 6.399865702448792604e-02 4.745106964041875125e-02 9.502730996813837372e-01 0.000000000000000000e+00 2.275830678197541916e-03 0.000000000000000000e+00
1.625000000000000000e+04 6.499863604049549437e-02 4.289940828402366568e-02 9.549385525716886924e-01 1.137915339098771066e-04 2.048247610377787811e-03 0.000000000000000000e+00
1.650000000000000000e+04 6.599861505650306270e-02 4.506144742831133532e-02 9.526627218934911046e-01 0.000000000000000000e+00 2.275830678197541916e-03 0.000000000000000000e+00
1.675000000000000000e+04 6.699859407251085308e-02 4.676832043695949154e-02 9.494765589440146147e-01 0.000000000000000000e+00 3.755120619025944465e-03 0.000000000000000000e+00
1.700000000000000000e+04 6.799857308851842141e-02 4.756486117432862787e-02 9.500455166135639562e-01 0.000000000000000000e+00 2.389622212107419402e-03 0.000000000000000000e+00
1.725000000000000000e+04 6.899855210452598975e-02 4.574419663177059503e-02 9.517523896222120916e-01 0.000000000000000000e+00 2.503413746017296455e-03 0.000000000000000000e+00
1.750000000000000000e+04 6.999853112053355808e-02 5.336822940373236318e-02 9.426490669094219621e-01 0.000000000000000000e+00 3.982703686845699004e-03 0.000000000000000000e+00
1.775000000000000000e+04 7.099851013654134846e-02 6.201638598088302090e-02 9.344560764679107345e-01 0.000000000000000000e+00 3.527537551206190360e-03 0.000000000000000000e+00
1.800000000000000000e+04 7.199848915254891679e-02 6.474738279472007363e-02 9.327492034592625991e-01 0.000000000000000000e+00 2.503413746017296455e-03 0.000000000000000000e+00
1.825000000000000000e+04 7.299846816855648513e-02 7.601274465179790052e-02 9.180700955848885014e-01 0.000000000000000000e+00 5.917159763313609329e-03 0.000000000000000000e+00
1.850000000000000000e+04 7.399844718456405346e-02 7.373691397360036814e-02 9.177287209831588299e-01 0.000000000000000000e+00 8.534365043240782836e-03 0.000000000000000000e+00
1.875000000000000000e+04 7.499842620057184384e-02 7.100591715976331542e-02 9.237596722803823601e-01 0.000000000000000000e+00 5.234410559854347014e-03 0.000000000000000000e+00
1.900000000000000000e+04 7.599840521657941217e-02 8.750568957669549452e-02 9.044151115157031962e-01 0.000000000000000000e+00 8.079198907601274626e-03 0.000000000000000000e+00
1.925000000000000000e+04 7.699838423258698050e-02 1.009330905780609910e-01 8.873463814292216201e-01 0.000000000000000000e+00 1.172052799271734204e-02 0.000000000000000000e+00
1.950000000000000000e+04 7.799836324859454884e-02 1.040054619936276736e-01 8.863222576240327166e-01 0.000000000000000000e+00 9.672280382339554228e-03 0.000000000000000000e+00
1.975000000000000000e+04 7.899834226460233921e-02 1.346153846153846090e-01 8.435366408739189970e-01 0.000000000000000000e+00 2.184797451069640448e-02 0.000000000000000000e+00
2.000000000000000000e+04 7.999832128060990755e-02 1.335912608101957333e-01 8.331816112881201830e-01 1.137915339098771066e-04 3.311333636777423484e-02 0.000000000000000000e+00
2.025000000000000000e+04 8.099830029661747588e-02 1.561219845243513871e-01 7.971096950386891145e-01 9.103322712790168532e-04 4.585798816568047165e-02 0.000000000000000000e+00
2.050000000000000000e+04 8.199827931262504421e-02 1.703459262630860338e-01 7.652480655439235502e-01 6.827492034592626399e-04 6.372325898953118406e-02 0.000000000000000000e+00
2.075000000000000000e+04 8.299825832863283459e-02 2.036868456986800080e-01 7.076695493855257313e-01 2.048247610377787811e-03 8.659535730541648157e-02 0.000000000000000000e+00
2.100000000000000000e+04 8.399823734464040292e-02 2.152935821574874786e-01 6.769458352298588499e-01 1.251706873008648227e-03 1.065088757396449731e-01 0.000000000000000000e+00
2.125000000000000000e+04 8.499821636064797126e-02 2.247382794720072796e-01 6.351843422849340337e-01 3.413746017296313308e-03 1.366636322257624159e-01 0.000000000000000000e+00
2.150000000000000000e+04 8.599819537665553959e-02 2.583067819754210070e-01 5.588302230314065033e-01 2.469276285844333035e-02 1.581702321347291662e-01 0.000000000000000000e+00
2.175000000000000000e+04 8.699817439266332997e-02 2.446517979062357850e-01 5.568957669549385869e-01 4.449248975876194528e-02 1.539599453800637174e-01 0.000000000000000000e+00
2.200000000000000000e+04 8.799815340867089830e-02 2.512517068730086289e-01 5.638370505234410190e-01 7.760582612653618706e-02 1.073054164770141095e-01 0.000000000000000000e+00
2.225000000000000000e+04 8.899813242467846663e-02 2.220072826581702408e-01 5.615612198452435422e-01 1.318843878015475701e-01 8.454710969503868856e-02 0.000000000000000000e+00
2.250000000000000000e+04 8.999811144068603497e-02 1.737596722803823324e-01 6.174328629949932257e-01 1.698907601274465273e-01 3.891670459717797015e-02 0.000000000000000000e+00
2.275000000000000000e+04 9.099809045669360330e-02 1.627218934911242587e-01 6.090122894856622171e-01 1.869594902139280757e-01 4.130632680928538608e-02 0.000000000000000000e+00
2.300000000000000000e+04 9.199806947270139368e-02 1.440600819299044100e-01 5.911470186618115186e-01 2.255348202093764298e-01 3.925807919890760000e-02 0.000000000000000000e+00
2.325000000000000000e+04 9.299804848870896201e-02 1.475876194811105990e-01 5.721438324988621371e-01 2.447655894401456478e-01 3.550295857988165771e-02 0.000000000000000000e+00
2.350000000000000000e+04 9.399802750471653034e-02 1.471324533454710926e-01 5.769230769230768718e-01 2.441966317705962786e-01 3.174783796085571541e-02 0.000000000000000000e+00
2.375000000000000000e+04 9.499800652072409868e-02 1.445152480655439164e-01 5.797678652708238012e-01 2.480655439235320836e-01 2.765134274010013632e-02 0.000000000000000000e+00
2.400000000000000000e+04 9.599798553673188906e-02 1.505461993627674189e-01 5.821574874829312796e-01 2.407828857532999522e-01 2.651342740100136666e-02 0.000000000000000000e+00
2.425000000000000000e+04 9.699796455273945739e-02 1.480427856167501055e-01 5.890987710514338227e-01 2.353208921256258468e-01 2.753755120619025970e-02 0.000000000000000000e+00
2.450000000000000000e+04 9.799794356874702572e-02 1.564633591260810308e-01 5.931952662721893255e-01 2.261037778789257990e-01 2.423759672280382388e-02 0.000000000000000000e+00
2.475000000000000000e+04 9.899792258475459406e-02 1.491807009558488717e-01 6.201638598088302645e-01 2.129039599453800558e-01 1.775147928994082885e-02 0.000000000000000000e+00
2.500000000000000000e+04 9.999790160076238443e-02 1.450842057350933134e-01 6.168639053254437732e-01 2.173418297678652578e-01 2.071005917159763482e-02 0.000000000000000000e+00
2.525000000000000000e+04 1.009978806167699528e-01 1.337050523441055960e-01 6.269913518434228061e-01 2.228038233955393632e-01 1.649977241693217911e-02 0.000000000000000000e+00
2.550000000000000000e+04 1.019978596327775211e-01 1.184569868001820597e-01 6.224396904870277414e-01 2.485207100591715901e-01 1.058261265361857065e-02 0.000000000000000000e+00
2.575000000000000000e+04 1.029978386487850894e-01 1.002503413746017313e-01 6.007055075102412101e-01 2.901684114701866268e-01 8.875739644970414427e-03 0.000000000000000000e+00
2.600000000000000000e+04 1.039978176647928798e-01 9.399180700955848955e-02 6.041192535275375919e-01 2.951752389622211981e-01 6.713700500682749130e-03 0.000000000000000000e+00
2.625000000000000000e+04 1.049977966808004481e-01 8.386436049157942885e-02 6.103777878925807920e-01 2.987027765134274149e-01 7.055075102412380721e-03 0.000000000000000000e+00
2.650000000000000000e+04 1.059977756968080165e-01 8.284023668639053928e-02 6.109467455621301335e-01 2.991579426490669213e-01 7.055075102412380721e-03 0.000000000000000000e+00
2.675000000000000000e+04 1.069977547128155848e-01 7.806099226217569353e-02 6.165225307237141017e-01 3.002958579881656598e-01 5.120619025944469528e-03 0.000000000000000000e+00
2.700000000000000000e+04 1.079977337288233752e-01 8.090578060992262288e-02 6.127674101046881594e-01 2.989303595812471404e-01 7.396449704142011444e-03 0.000000000000000000e+00
2.725000000000000000e+04 1.089977127448309435e-01 8.431952662721893532e-02 6.109467455621301335e-01 2.989303595812471404e-01 5.803368229403732710e-03 0.000000000000000000e+00
2.750000000000000000e+04 1.099976917608385119e-01 7.578516158397814728e-02 6.147018661811560758e-01 3.016613563950841792e-01 7.851615839781519654e-03 0.000000000000000000e+00
2.775000000000000000e+04 1.109976707768460802e-01 7.965407373691398007e-02 6.132225762403277214e-01 3.018889394629039602e-01 5.234410559854347014e-03 0.000000000000000000e+00
2.800000000000000000e+04 1.119976497928538706e-01 8.591260810195720798e-02 6.075329995448338627e-01 3.000682749203459343e-01 6.486117432862995025e-03 0.000000000000000000e+00
2.825000000000000000e+04 1.129976288088614389e-01 8.090578060992262288e-02 6.127674101046881594e-01 3.005234410559854408e-01 5.803368229403732710e-03 0.000000000000000000e+00
2.850000000000000000e+04 1.139976078248690072e-01 8.784706417842512438e-02 6.052571688666362748e-01 2.987027765134274149e-01 8.192990441511151245e-03 0.000000000000000000e+00
2.875000000000000000e+04 1.149975868408765756e-01 8.761948111060537114e-02 6.032089212562585789e-01 3.033682294037323701e-01 5.803368229403732710e-03 0.000000000000000000e+00
2.900000000000000000e+04 1.159975658568843659e-01 9.069185252617205373e-02 6.027537551206190169e-01 2.994993172507965373e-01 7.055075102412380721e-03 0.000000000000000000e+00
2.925000000000000000e+04 1.169975448728919343e-01 9.091943559399180697e-02 6.035502958579881394e-01 2.989303595812471404e-01 6.599908966772872511e-03 0.000000000000000000e+00
2.950000000000000000e+04 1.179975238888995026e-01 8.568502503413745475e-02 6.061675011379152878e-01 3.006372325898953313e-01 7.510241238051888930e-03 0.000000000000000000e+00
2.975000000000000000e+04 1.189975029049070709e-01 9.194355939918069653e-02 5.995675921711424161e-01 2.966545289030496080e-01 1.183431952662721866e-02 0.000000000000000000e+00
3.000000000000000000e+04 1.199974819209148613e-01 9.080564406008193035e-02 6.018434228493400040e-01 2.987027765134274149e-01 8.648156577150659455e-03 0.000000000000000000e+00
3.025000000000000000e+04 1.209974609369224297e-01 8.852981338188438409e-02 6.018434228493400040e-01 2.985889849795175244e-01 1.103777878925807886e-02 0.000000000000000000e+00
3.050000000000000000e+04 1.219974399529299980e-01 9.365043240782885969e-02 5.984296768320437332e-01 2.979062357760582369e-01 1.001365498406918582e-02 0.000000000000000000e+00
3.075000000000000000e+04 1.229974189689375663e-01 9.308147473827947660e-02 5.979745106964041712e-01 2.976786527082385114e-01 1.126536185707783383e-02 0.000000000000000000e+00
3.100000000000000000e+04 1.239973979849453567e-01 9.638142922166591242e-02 5.942193900773782289e-01 2.988165680473373054e-01 1.058261265361857065e-02 0.000000000000000000e+00
3.125000000000000000e+04 1.249973770009529250e-01 9.911242603550296515e-02 5.930814747382794350e-01 2.988165680473373054e-01 8.989531178880291046e-03 0.000000000000000000e+00
3.150000000000000000e+04 1.259973560169604934e-01 1.018434228493400040e-01 5.871643149749659063e-01 2.999544833864360438e-01 1.103777878925807886e-02 0.000000000000000000e+00
3.175000000000000000e+04 1.269973350329680617e-01 9.934000910332271839e-02 5.916021847974510806e-01 2.973372781065088954e-01 1.172052799271734204e-02 0.000000000000000000e+00
3.200000000000000000e+04 1.279973140489758521e-01 9.911242603550296515e-02 5.916021847974510806e-01 2.989303595812471404e-01 1.035502958579881741e-02 0.000000000000000000e+00
3.225000000000000000e+04 1.289972930649834204e-01 1.136777423759672279e-01 5.771506599908966528e-01 2.964269458352298825e-01 1.274465179790623508e-02 0.000000000000000000e+00
3.250000000000000000e+04 1.299972720809909887e-01 9.990896677287210148e-02 5.910332271279017391e-01 2.968821119708693890e-01 1.217569412835685025e-02 0.000000000000000000e+00
3.275000000000000000e+04 1.309972510969985571e-01 1.151570323167956239e-01 5.731679563040509295e-01 2.963131543013199920e-01 1.536185707783340945e-02 0.000000000000000000e+00
3.300000000000000000e+04 1.319972301130063475e-01 1.057123350022758368e-01 5.834091943559399640e-01 2.958579881656804855e-01 1.502048247610377786e-02 0.000000000000000000e+00
3.325000000000000000e+04 1.329972091290139158e-01 1.121984524351388318e-01 5.782885753299954468e-01 2.952890304961310886e-01 1.422394173873463806e-02 0.000000000000000000e+00
3.350000000000000000e+04 1.339971881450214841e-01 1.104915794264906687e-01 5.801092398725534727e-01 2.939235320892125691e-01 1.547564861174328607e-02 0.000000000000000000e+00
3.375000000000000000e+04 1.349971671610290525e-01 1.147018661811561174e-01 5.769230769230768718e-01 2.917614929449248717e-01 1.661356395084205573e-02 0.000000000000000000e+00
3.400000000000000000e+04 1.359971461770368428e-01 1.241465634956759184e-01 5.705507510241237812e-01 2.893718707328175044e-01 1.593081474738279601e-02 0.000000000000000000e+00
3.425000000000000000e+04 1.369971251930444112e-01 1.182294037323623065e-01 5.688438780154756458e-01 2.965407373691397175e-01 1.638598088302230249e-02 0.000000000000000000e+00
3.450000000000000000e+04 1.379971042090519795e-01 1.167501137915339104e-01 5.753299954483386269e-01 2.914201183431952558e-01 1.649977241693217911e-02 0.000000000000000000e+00
3.475000000000000000e+04 1.389970832250595478e-01 1.195949021392808398e-01 5.711197086936732337e-01 2.951752389622211981e-01 1.411015020482476144e-02 0.000000000000000000e+00
3.500000000000000000e+04 1.399970622410673382e-01 1.282430587164314906e-01 5.617888029130633232e-01 2.935821574874829532e-01 1.638598088302230249e-02 0.000000000000000000e+00
3.525000000000000000e+04 1.409970412570749065e-01 1.407601274465179741e-01 5.498406918525261533e-01 2.883477469276286009e-01 2.105143377332726468e-02 0.000000000000000000e+00
3.550000000000000000e+04 1.419970202730824749e-01 1.349567592171142527e-01 5.554164770141101215e-01 2.898270368684570109e-01 1.979972690031861493e-02 0.000000000000000000e+00
3.575000000000000000e+04 1.429969992890900432e-01 1.444014565316340537e-01 5.526854802002730827e-01 2.861857077833409035e-01 1.672735548475193582e-02 0.000000000000000000e+00
3.600000000000000000e+04 1.439969783050978336e-01 1.380291306326809353e-01 5.555302685480200120e-01 2.832271279016841392e-01 2.321347291761493084e-02 0.000000000000000000e+00
3.625000000000000000e+04 1.449969573211054019e-01 1.442876649977241632e-01 5.540509786071916576e-01 2.836822940373236457e-01 1.797906235776058209e-02 0.000000000000000000e+00
3.650000000000000000e+04 1.459969363371129703e-01 1.495220755575785154e-01 5.504096495220756058e-01 2.810650887573964418e-01 1.900318616294947513e-02 0.000000000000000000e+00
3.675000000000000000e+04 1.469969153531205386e-01 1.603322712790168358e-01 5.306099226217569909e-01 2.856167501137915066e-01 2.344105598543468408e-02 0.000000000000000000e+00
3.700000000000000000e+04 1.479968943691283290e-01 1.438324988620846567e-01 5.428994082840237212e-01 2.950614474283113076e-01 1.820664542558033533e-02 0.000000000000000000e+00
3.725000000000000000e+04 1.489968733851358973e-01 1.359808830223031284e-01 5.103550295857988139e-01 3.338643604915794150e-01 1.979972690031861493e-02 0.000000000000000000e+00
3.750000000000000000e+04 1.499968524011434656e-01 1.413290851160673711e-01 4.650659990896677254e-01 3.764223941738734647e-01 1.718252162039144229e-02 0.000000000000000000e+00
3.775000000000000000e+04 1.509968314171510340e-01 1.248293126991351781e-01 4.582385070550751283e-01 3.998634501593081314e-01 1.706873008648156567e-02 0.000000000000000000e+00
3.800000000000000000e+04 1.519968104331588243e-01 1.280154756486117373e-01 4.581247155211652378e-01 4.021392808375056638e-01 1.172052799271734204e-02 0.000000000000000000e+00
3.825000000000000000e+04 1.529967894491663927e-01 1.349567592171142527e-01 4.544833864360491305e-01 3.937187073281747662e-01 1.684114701866181243e-02 0.000000000000000000e+00
3.850000000000000000e+04 1.539967684651739610e-01 1.321119708693673234e-01 4.542558033682294050e-01 3.958807464724624636e-01 1.775147928994082885e-02 0.000000000000000000e+00
3.875000000000000000e+04 1.549967474811815293e-01 1.389394629039599482e-01 4.466317705962676299e-01 3.945152480655439442e-01 1.991351843422849502e-02 0.000000000000000000e+00
3.900000000000000000e+04 1.559967264971893197e-01 1.515703231679562946e-01 4.421939007737824556e-01 3.852981338188438687e-01 2.093764223941738806e-02 0.000000000000000000e+00
3.925000000000000000e+04 1.569967055131968880e-01 1.520254893035958010e-01 4.600591715976331542e-01 3.676604460628129512e-01 2.025489303595812488e-02 0.000000000000000000e+00
3.950000000000000000e+04 1.579966845292044564e-01 1.423532089212562468e-01 4.840691852526172179e-01 3.568502503413745752e-01 1.672735548475193582e-02 0.000000000000000000e+00
3.975000000000000000e+04 1.589966635452120247e-01 1.352981338188438687e-01 4.875967228038233792e-01 3.648156577150660218e-01 1.228948566226672687e-02 0.000000000000000000e+00
4.000000000000000000e+04 1.599966425612198151e-01 1.280154756486117373e-01 4.926035502958580059e-01 3.716431497496586189e-01 7.737824305871643035e-03 0.000000000000000000e+00
4.025000000000000000e+04 1.609966215772273834e-01 1.149294492489758707e-01 4.811106053709603980e-01 3.954255803368229572e-01 8.534365043240782836e-03 0.000000000000000000e+00
4.050000000000000000e+04 1.619966005932349518e-01 9.854346836595356818e-02 4.670004551661356418e-01 4.266044606281292895e-01 7.851615839781519654e-03 0.000000000000000000e+00
4.075000000000000000e+04 1.629965796092425201e-01 9.262630860263997012e-02 4.707555757851615841e-01 4.322940373236231482e-01 4.324078288575329727e-03 0.000000000000000000e+00
4.100000000000000000e+04 1.639965586252503105e-01 8.989531178880291740e-02 4.696176604460627901e-01 4.334319526627218866e-01 7.055075102412380721e-03 0.000000000000000000e+00
4.125000000000000000e+04 1.649965376412578788e-01 9.626763768775603580e-02 4.667728720983158608e-01 4.311561219845243542e-01 5.803368229403732710e-03 0.000000000000000000e+00
4.150000000000000000e+04 1.659965166572654471e-01 9.706417842512517213e-02 4.667728720983158608e-01 4.280837505689576439e-01 8.079198907601274626e-03 0.000000000000000000e+00
4.175000000000000000e+04 1.669964956732730155e-01 9.683659535730541890e-02 4.687073281747837772e-01 4.275147928994083024e-01 6.941283568502503235e-03 0.000000000000000000e+00
4.200000000000000000e+04 1.679964746892808058e-01 9.626763768775603580e-02 4.675694128356850388e-01 4.281975421028675344e-01 7.965407373691398007e-03 0.000000000000000000e+00
4.225000000000000000e+04 1.689964537052883742e-01 9.251251706873007963e-02 4.666590805644060258e-01 4.313837050523440797e-01 9.444697314519799256e-03 0.000000000000000000e+00
4.250000000000000000e+04 1.699964327212959425e-01 9.808830223031406170e-02 4.652935821574875064e-01 4.288802913063268218e-01 7.737824305871643035e-03 0.000000000000000000e+00
4.275000000000000000e+04 1.709964117373035108e-01 9.137460172963131344e-02 4.679107874374146547e-01 4.333181611288119961e-01 7.396449704142011444e-03 0.000000000000000000e+00
4.300000000000000000e+04 1.719963907533113012e-01 9.604005461993628257e-02 4.642694583522986029e-01 4.293354574419663283e-01 1.035502958579881741e-02 0.000000000000000000e+00
4.325000000000000000e+04 1.729963697693188696e-01 1.008192990441511144e-01 4.643832498862084934e-01 4.283113336367774249e-01 6.486117432862995025e-03 0.000000000000000000e+00
4.350000000000000000e+04 1.739963487853264379e-01 1.026399635867091542e-01 4.632453345471096995e-01 4.276285844333181374e-01 6.486117432862995025e-03 0.000000000000000000e+00
4.375000000000000000e+04 1.749963278013340062e-01 1.027537551206190308e-01 4.638142922166590965e-01 4.254665452890304955e-01 7.965407373691398007e-03 0.000000000000000000e+00
4.400000000000000000e+04 1.759963068173415746e-01 9.865725989986344480e-02 4.646108329540282189e-01 4.318388711879836417e-01 4.893035958124715423e-03 0.000000000000000000e+00
4.425000000000000000e+04 1.769962858333493649e-01 9.877105143377332142e-02 4.646108329540282189e-01 4.288802913063268218e-01 7.737824305871643035e-03 0.000000000000000000e+00
4.450000000000000000e+04 1.779962648493569333e-01 1.005917159763313612e-01 4.608557123350022766e-01 4.293354574419663283e-01 9.217114246700046018e-03 0.000000000000000000e+00
4.475000000000000000e+04 1.789962438653645016e-01 1.026399635867091542e-01 4.590350477924442507e-01 4.278561675011379184e-01 1.046882111970869403e-02 0.000000000000000000e+00
4.500000000000000000e+04 1.799962228813720699e-01 1.030951297223486607e-01 4.599453800637232637e-01 4.277423759672280279e-01 9.217114246700046018e-03 0.000000000000000000e+00
4.525000000000000000e+04 1.809962018973798603e-01 1.053709604005461931e-01 4.592626308602639762e-01 4.274010013654984119e-01 7.965407373691398007e-03 0.000000000000000000e+00
4.550000000000000000e+04 1.819961809133874286e-01 1.002503413746017313e-01 4.624487938097405770e-01 4.280837505689576439e-01 9.217114246700046018e-03 0.000000000000000000e+00
4.575000000000000000e+04 1.829961599293949970e-01 1.008192990441511144e-01 4.576695493855257313e-01 4.294492489758762188e-01 1.206190259444697363e-02 0.000000000000000000e+00
4.600000000000000000e+04 1.839961389454025653e-01 1.010468821119708677e-01 4.586936731907146347e-01 4.280837505689576439e-01 1.217569412835685025e-02 0.000000000000000000e+00
4.625000000000000000e+04 1.849961179614103557e-01 1.103777878925807920e-01 4.532316795630405015e-01 4.246700045516613731e-01 1.172052799271734204e-02 0.000000000000000000e+00
4.650000000000000000e+04 1.859960969774179240e-01 1.034365043240782905e-01 4.590350477924442507e-01 4.279699590350478089e-01 9.558488848429677609e-03 0.000000000000000000e+00
4.675000000000000000e+04 1.869960759934254924e-01 1.084433318161128756e-01 4.548247610377788019e-01 4.271734182976786309e-01 9.558488848429677609e-03 0.000000000000000000e+00
4.700000000000000000e+04 1.879960550094330607e-01 1.162949476558944040e-01 4.516385980883022566e-01 4.211424670004551563e-01 1.092398725534820224e-02 0.000000000000000000e+00
4.725000000000000000e+04 1.889960340254408511e-01 1.197086936731907164e-01 4.432180245789713036e-01 4.254665452890304955e-01 1.160673645880746542e-02 0.000000000000000000e+00
4.750000000000000000e+04 1.899960130414484194e-01 1.110605370960400518e-01 4.511834319526626946e-01 4.294492489758762188e-01 8.306781975421027864e-03 0.000000000000000000e+00
4.775000000000000000e+04 1.909959920574559877e-01 1.215293582157487423e-01 4.443559399180700975e-01 4.219390077378242787e-01 1.217569412835685025e-02 0.000000000000000000e+00
4.800000000000000000e+04 1.919959710734635561e-01 1.190259444697314567e-01 4.446973145197997135e-01 4.260355029585798925e-01 1.024123805188893906e-02 0.000000000000000000e+00
4.825000000000000000e+04 1.929959500894713464e-01 1.224396904870277691e-01 4.420801092398725651e-01 4.256941283568502765e-01 9.786071916249430847e-03 0.000000000000000000e+00
4.850000000000000000e+04 1.939959291054789148e-01 1.233500227583067821e-01 4.437869822485207005e-01 4.204597177969959243e-01 1.240327719617660522e-02 0.000000000000000000e+00
4.875000000000000000e+04 1.949959081214864831e-01 1.187983614019117035e-01 4.461766044606281234e-01 4.219390077378242787e-01 1.308602639963586667e-02 0.000000000000000000e+00
4.900000000000000000e+04 1.959958871374940514e-01 1.235776058261265353e-01 4.432180245789713036e-01 4.179563040509786109e-01 1.524806554392353283e-02 0.000000000000000000e+00
4.925000000000000000e+04 1.969958661535018418e-01 1.282430587164314906e-01 4.366181156121984319e-01 4.210286754665452658e-01 1.411015020482476144e-02 0.000000000000000000e+00
4.950000000000000000e+04 1.979958451695094102e-01 1.185707783340919502e-01 4.428766499772416876e-01 4.237596722803823601e-01 1.479289940828402289e-02 0.000000000000000000e+00
4.975000000000000000e+04 1.989958241855169785e-01 1.265361857077833274e-01 4.377560309512972259e-01 4.241010468821119761e-01 1.160673645880746542e-02 0.000000000000000000e+00
5.000000000000000000e+04 1.999958032015245468e-01 1.306326809285389134e-01 4.337733272644515026e-01 4.212562585343650468e-01 1.433773327264451468e-02 0.000000000000000000e+00
5.025000000000000000e+04 2.009957822175323372e-01 1.338188438780154865e-01 4.317250796540737512e-01 4.188666363222576239e-01 1.558944014565316269e-02 0.000000000000000000e+00
5.050000000000000000e+04 2.019957612335399055e-01 1.335912608101957333e-01 4.334319526627218866e-01 4.210286754665452658e-01 1.194811106053709528e-02 0.000000000000000000e+00
5.075000000000000000e+04 2.029957402495474739e-01 1.306326809285389134e-01 4.321802457897132577e-01 4.223941738734638407e-01 1.479289940828402289e-02 0.000000000000000000e+00
5.100000000000000000e+04 2.039957192655550422e-01 1.409877105143377274e-01 4.223941738734638407e-01 4.205735093309057593e-01 1.604460628129267263e-02 0.000000000000000000e+00
5.125000000000000000e+04 2.049956982815628326e-01 1.352981338188438687e-01 4.258079198907601115e-01 4.220527992717341692e-01 1.684114701866181243e-02 0.000000000000000000e+00
5.150000000000000000e+04 2.059956772975704009e-01 1.400773782430587144e-01 4.227355484751934567e-01 4.198907601274465273e-01 1.729631315430131891e-02 0.000000000000000000e+00
5.175000000000000000e+04 2.069956563135779692e-01 1.474738279472007363e-01 4.201183431952662528e-01 4.126081019572143682e-01 1.979972690031861493e-02 0.000000000000000000e+00
5.200000000000000000e+04 2.079956353295855376e-01 1.455393718707328199e-01 4.190942193900774049e-01 4.137460172963131622e-01 2.162039144287665124e-02 0.000000000000000000e+00
5.225000000000000000e+04 2.089956143455933280e-01 1.554392353208921274e-01 4.127218934911242587e-01 4.128356850250341492e-01 1.900318616294947513e-02 0.000000000000000000e+00
5.250000000000000000e+04 2.099955933616008963e-01 1.561219845243513871e-01 4.112426035502958488e-01 4.151115157032316816e-01 1.752389622212107562e-02 0.000000000000000000e+00
5.275000000000000000e+04 2.109955723776084646e-01 1.601046882111970826e-01 4.114701866181156298e-01 4.094219390077378229e-01 1.900318616294947513e-02 0.000000000000000000e+00
5.300000000000000000e+04 2.119955513936160330e-01 1.572598998634501533e-01 4.127218934911242587e-01 4.069185252617205095e-01 2.309968138370505075e-02 0.000000000000000000e+00
5.325000000000000000e+04 2.129955304096238233e-01 1.807009558488848477e-01 3.947428311333636697e-01 4.035047792444242387e-01 2.105143377332726468e-02 0.000000000000000000e+00
5.350000000000000000e+04 2.139955094256313917e-01 1.840009103322712836e-01 3.884842967683204140e-01 4.050978607191624836e-01 2.241693218024579104e-02 0.000000000000000000e+00
5.375000000000000000e+04 2.149954884416389600e-01 1.672735548475193512e-01 4.103322712790168358e-01 3.998634501593081314e-01 2.253072371415566766e-02 0.000000000000000000e+00
5.400000000000000000e+04 2.159954674576465283e-01 1.820664542558033672e-01 3.971324533454710926e-01 3.987255348202093930e-01 2.207555757851615771e-02 0.000000000000000000e+00
5.425000000000000000e+04 2.169954464736543187e-01 1.878698224852070886e-01 3.913290851160673434e-01 3.949704142011834507e-01 2.583067819754210348e-02 0.000000000000000000e+00
5.450000000000000000e+04 2.179954254896618870e-01 1.868456986800182129e-01 3.913290851160673434e-01 3.940600819299044377e-01 2.776513427401001294e-02 0.000000000000000000e+00
5.475000000000000000e+04 2.189954045056694554e-01 1.960628129267182607e-01 3.892808375056895920e-01 3.915566681838871244e-01 2.309968138370505075e-02 0.000000000000000000e+00
5.500000000000000000e+04 2.199953835216770237e-01 1.933318161128811941e-01 3.937187073281747662e-01 3.883705052344105790e-01 2.457897132453345374e-02 0.000000000000000000e+00
5.525000000000000000e+04 2.209953625376848141e-01 1.966317705962676299e-01 3.883705052344105790e-01 3.859808830223031562e-01 2.901684114701866268e-02 0.000000000000000000e+00
5.550000000000000000e+04 2.219953415536923824e-01 1.999317250796540657e-01 3.856395084205734847e-01 3.849567592171142527e-01 2.947200728265816916e-02 0.000000000000000000e+00
5.575000000000000000e+04 2.229953205696999508e-01 2.073281747837960876e-01 3.783568502503413811e-01 3.826809285389167203e-01 3.163404642694583185e-02 0.000000000000000000e+00
5.600000000000000000e+04 2.239952995857075191e-01 2.221210741920801035e-01 3.719845243513882349e-01 3.724396904870277414e-01 3.345471096950387163e-02 0.000000000000000000e+00
5.625000000000000000e+04 2.249952786017153095e-01 2.162039144287664916e-01 3.760810195721438487e-01 3.768775603095129711e-01 3.083750568957669552e-02 0.000000000000000000e+00
5.650000000000000000e+04 2.259952576177228778e-01 2.389622212107419263e-01 3.612881201638598050e-01 3.651570323167956378e-01 3.459262630860263782e-02 0.000000000000000000e+00
5.675000000000000000e+04 2.269952366337304461e-01 2.377105143377332697e-01 3.627674101046882149e-01 3.610605370960400795e-01 3.846153846153846367e-02 0.000000000000000000e+00
