# itime ezz other fcc hcp bcc ico
0.000000000000000000e+00 0.000000000000000000e+00 1.479289940828402332e-03 9.985207100591716456e-01 0.000000000000000000e+00 0.000000000000000000e+00 0.000000000000000000e+00
2.500000000000000000e+02 1.000039740405522792e-03 1.024123805188893906e-03 9.989758761948110966e-01 0.000000000000000000e+00 0.000000000000000000e+00 0.000000000000000000e+00
5.000000000000000000e+02 2.000079480811267629e-03 2.162039144287664864e-03 9.978379608557123026e-01 0.000000000000000000e+00 0.000000000000000000e+00 0.000000000000000000e+00
7.500000000000000000e+02 3.000119221216790422e-03 2.275830678197542133e-04 9.997724169321802190e-01 0.000000000000000000e+00 0.000000000000000000e+00 0.000000000000000000e+00
1.000000000000000000e+03 4.000158961622313214e-03 1.365498406918525280e-03 9.986345015930814251e-01 0.000000000000000000e+00 0.000000000000000000e+00 0.000000000000000000e+00
1.250000000000000000e+03 5.000198702028058051e-03 1.137915339098770958e-03 9.988620846609012061e-01 0.000000000000000000e+00 0.000000000000000000e+00 0.000000000000000000e+00
1.500000000000000000e+03 6.000238442433580843e-03 2.958579881656804664e-03 9.970414201183431802e-01 0.000000000000000000e+00 0.000000000000000000e+00 0.000000000000000000e+00
1.750000000000000000e+03 7.000278182839103636e-03 6.827492034592626399e-04 9.993172507965407680e-01 0.000000000000000000e+00 0.000000000000000000e+00 0.000000000000000000e+00
2.000000000000000000e+03 8.000317923244848473e-03 1.593081474738279385e-03 9.984069185252617551e-01 0.000000000000000000e+00 0.000000000000000000e+00 0.000000000000000000e+00
2.250000000000000000e+03 9.000357663650371265e-03 1.137915339098770958e-03 9.988620846609012061e-01 0.000000000000000000e+00 0.000000000000000000e+00 0.000000000000000000e+00
2.500000000000000000e+03 1.000039740405589406e-02 1.706873008648156654e-03 9.982931269913518646e-01 0.000000000000000000e+00 0.000000000000000000e+00 0.000000000000000000e+00
2.750000000000000000e+03 1.100043714446163889e-02 1.820664542558033706e-03 9.981793354574419741e-01 0.000000000000000000e+00 0.000000000000000000e+00 0.000000000000000000e+00
3.000000000000000000e+03 1.200047688486716169e-02 2.958579881656804664e-03 9.970414201183431802e-01 0.000000000000000000e+00 0.000000000000000000e+00 0.000000000000000000e+00
3.250000000000000000e+03 1.300051662527268448e-02 1.251706873008648227e-03 9.987482931269913156e-01 0.000000000000000000e+00 0.000000000000000000e+00 0.000000000000000000e+00
3.500000000000000000e+03 1.400055636567842932e-02 5.689576695493854790e-04 9.994310423304506585e-01 0.000000000000000000e+00 0.000000000000000000e+00 0.000000000000000000e+00
3.750000000000000000e+03 1.500059610608395211e-02 1.024123805188893906e-03 9.989758761948110966e-01 0.000000000000000000e+00 0.000000000000000000e+00 0.000000000000000000e+00
4.000000000000000000e+03 1.600063584648947490e-02 9.103322712790168532e-04 9.990896677287209870e-01 0.000000000000000000e+00 0.000000000000000000e+00 0.000000000000000000e+00
4.250000000000000000e+03 1.700067558689521974e-02 1.934456076467910759e-03 9.977241693218024121e-01 0.000000000000000000e+00 3.413746017296313199e-04 0.000000000000000000e+00
4.500000000000000000e+03 1.800071532730074253e-02 1.365498406918525280e-03 9.986345015930814251e-01 0.000000000000000000e+00 0.000000000000000000e+00 0.000000000000000000e+00
4.750000000000000000e+03 1.900075506770626532e-02 1.024123805188893906e-03 9.989758761948110966e-01 0.000000000000000000e+00 0.000000000000000000e+00 0.000000000000000000e+00
5.000000000000000000e+03 2.000079480811201016e-02 3.413746017296313308e-03 9.964724624487938387e-01 0.000000000000000000e+00 1.137915339098771066e-04 0.000000000000000000e+00
5.250000000000000000e+03 2.100083454851753295e-02 2.958579881656804664e-03 9.970414201183431802e-01 0.000000000000000000e+00 0.000000000000000000e+00 0.000000000000000000e+00
5.500000000000000000e+03 2.200087428892305574e-02 2.844788347746927612e-03 9.969276285844332897e-01 0.000000000000000000e+00 2.275830678197542133e-04 0.000000000000000000e+00
5.750000000000000000e+03 2.300091402932880058e-02 1.365498406918525280e-03 9.985207100591716456e-01 0.000000000000000000e+00 1.137915339098771066e-04 0.000000000000000000e+00
6.000000000000000000e+03 2.400095376973432337e-02 3.527537551206190360e-03 9.963586709148839482e-01 0.000000000000000000e+00 1.137915339098771066e-04 0.000000000000000000e+00
6.250000000000000000e+03 2.500099351013984617e-02 2.730996813837050560e-03 9.971552116522530707e-01 0.000000000000000000e+00 1.137915339098771066e-04 0.000000000000000000e+00
6.500000000000000000e+03 2.600103325054559100e-02 3.527537551206190360e-03 9.963586709148839482e-01 0.000000000000000000e+00 1.137915339098771066e-04 0.000000000000000000e+00
6.750000000000000000e+03 2.700107299095111379e-02 2.617205279927173507e-03 9.973827947200728516e-01 0.000000000000000000e+00 0.000000000000000000e+00 0.000000000000000000e+00
7.000000000000000000e+03 2.800111273135663659e-02 5.120619025944469528e-03 9.945380063723259223e-01 0.000000000000000000e+00 3.413746017296313199e-04 0.000000000000000000e+00
7.250000000000000000e+03 2.900115247176238142e-02 3.413746017296313308e-03 9.964724624487938387e-01 0.000000000000000000e+00 1.137915339098771066e-04 0.000000000000000000e+00
7.500000000000000000e+03 3.000119221216790422e-02 3.527537551206190360e-03 9.964724624487938387e-01 0.000000000000000000e+00 0.000000000000000000e+00 0.000000000000000000e+00
7.750000000000000000e+03 3.100123195257342701e-02 3.641329085116067413e-03 9.963586709148839482e-01 0.000000000000000000e+00 0.000000000000000000e+00 0.000000000000000000e+00
8.000000000000000000e+03 3.200127169297917185e-02 4.779244424214838804e-03 9.952207555757851543e-01 0.000000000000000000e+00 0.000000000000000000e+00 0.000000000000000000e+00
8.250000000000000000e+03 3.300131143338469464e-02 5.689576695493855224e-03 9.940828402366863603e-01 0.000000000000000000e+00 2.275830678197542133e-04 0.000000000000000000e+00
8.500000000000000000e+03 3.400135117379021743e-02 7.055075102412380721e-03 9.928311333636777869e-01 0.000000000000000000e+00 1.137915339098771066e-04 0.000000000000000000e+00
8.750000000000000000e+03 3.500139091419596227e-02 3.982703686845699004e-03 9.959035047792443862e-01 0.000000000000000000e+00 1.137915339098771066e-04 0.000000000000000000e+00
9.000000000000000000e+03 3.600143065460148506e-02 6.941283568502503235e-03 9.929449248975875664e-01 0.000000000000000000e+00 1.137915339098771066e-04 0.000000000000000000e+00
9.250000000000000000e+03 3.700147039500700785e-02 9.330905780609922637e-03 9.903277196176604180e-01 0.000000000000000000e+00 3.413746017296313199e-04 0.000000000000000000e+00
9.500000000000000000e+03 3.800151013541275269e-02 8.079198907601274626e-03 9.916932180245789930e-01 0.000000000000000000e+00 2.275830678197542133e-04 0.000000000000000000e+00
9.750000000000000000e+03 3.900154987581827548e-02 1.172052799271734204e-02 9.880518889394629412e-01 0.000000000000000000e+00 2.275830678197542133e-04 0.000000000000000000e+00
1.000000000000000000e+04 4.000158961622379827e-02 9.786071916249430847e-03 9.896449704142011861e-01 0.000000000000000000e+00 5.689576695493854790e-04 0.000000000000000000e+00
1.025000000000000000e+04 4.100162935662954311e-02 1.172052799271734204e-02 9.880518889394629412e-01 0.000000000000000000e+00 2.275830678197542133e-04 0.000000000000000000e+00
1.050000000000000000e+04 4.200166909703506590e-02 8.192990441511151245e-03 9.916932180245789930e-01 0.000000000000000000e+00 1.137915339098771066e-04 0.000000000000000000e+00
1.075000000000000000e+04 4.300170883744058870e-02 1.024123805188893906e-02 9.888484296768320636e-01 0.000000000000000000e+00 9.103322712790168532e-04 0.000000000000000000e+00
1.100000000000000000e+04 4.400174857784633353e-02 1.126536185707783383e-02 9.880518889394629412e-01 0.000000000000000000e+00 6.827492034592626399e-04 0.000000000000000000e+00
1.125000000000000000e+04 4.500178831825185632e-02 1.319981793354574502e-02 9.864588074647245852e-01 0.000000000000000000e+00 3.413746017296313199e-04 0.000000000000000000e+00
1.150000000000000000e+04 4.600182805865737912e-02 1.172052799271734204e-02 9.880518889394629412e-01 0.000000000000000000e+00 2.275830678197542133e-04 0.000000000000000000e+00
1.175000000000000000e+04 4.700186779906312395e-02 1.570323167956303931e-02 9.839553937187073274e-01 0.000000000000000000e+00 3.413746017296313199e-04 0.000000000000000000e+00
1.200000000000000000e+04 4.800190753946864675e-02 1.263086026399635846e-02 9.865725989986344757e-01 0.000000000000000000e+00 7.965407373691396923e-04 0.000000000000000000e+00
1.225000000000000000e+04 4.900194727987416954e-02 1.513427401001365448e-02 9.839553937187073274e-01 0.000000000000000000e+00 9.103322712790168532e-04 0.000000000000000000e+00
1.250000000000000000e+04 5.000198702027991438e-02 1.843422849340009204e-02 9.806554392353209471e-01 0.000000000000000000e+00 9.103322712790168532e-04 0.000000000000000000e+00
1.275000000000000000e+04 5.100202676068543717e-02 1.604460628129267263e-02 9.828174783796085334e-01 0.000000000000000000e+00 1.137915339098770958e-03 0.000000000000000000e+00
1.300000000000000000e+04 5.200206650109095996e-02 2.127901684114701791e-02 9.779244424214837972e-01 0.000000000000000000e+00 7.965407373691396923e-04 0.000000000000000000e+00
1.325000000000000000e+04 5.300210624149670480e-02 1.945835229858898507e-02 9.792899408284023721e-01 0.000000000000000000e+00 1.251706873008648227e-03 0.000000000000000000e+00
1.350000000000000000e+04 5.400214598190222759e-02 1.877560309512972189e-02 9.804278561675011661e-01 0.000000000000000000e+00 7.965407373691396923e-04 0.000000000000000000e+00
1.375000000000000000e+04 5.500218572230775038e-02 2.810650887573964626e-02 9.704142011834319126e-01 0.000000000000000000e+00 1.479289940828402332e-03 0.000000000000000000e+00
1.400000000000000000e+04 5.600222546271349522e-02 1.604460628129267263e-02 9.827036868456986429e-01 0.000000000000000000e+00 1.251706873008648227e-03 0.000000000000000000e+00
1.425000000000000000e+04 5.700226520311901801e-02 1.979972690031861493e-02 9.790623577605825911e-01 0.000000000000000000e+00 1.137915339098770958e-03 0.000000000000000000e+00
1.450000000000000000e+04 5.800230494352454080e-02 3.095129722348657214e-02 9.680245789713245452e-01 0.000000000000000000e+00 1.024123805188893906e-03 0.000000000000000000e+00
1.475000000000000000e+04 5.900234468393028564e-02 2.651342740100136666e-02 9.720072826581702685e-01 0.000000000000000000e+00 1.479289940828402332e-03 0.000000000000000000e+00
1.500000000000000000e+04 6.000238442433580843e-02 3.595812471552116418e-02 9.624487938097405770e-01 0.000000000000000000e+00 1.593081474738279385e-03 0.000000000000000000e+00
1.525000000000000000e+04 6.100242416474133123e-02 3.709604005461993731e-02 9.609695038689121116e-01 0.000000000000000000e+00 1.934456076467910759e-03 0.000000000000000000e+00
1.550000000000000000e+04 6.200246390514707606e-02 4.415111515703231543e-02 9.535730541647701175e-01 0.000000000000000000e+00 2.275830678197541916e-03 0.000000000000000000e+00
1.575000000000000000e+04 6.300250364555259885e-02 4.346836595357305572e-02 9.545971779699590209e-01 0.000000000000000000e+00 1.934456076467910759e-03 0.000000000000000000e+00
1.600000000000000000e+04 6.400254338595812165e-02 3.152025489303595523e-02 9.662039144287665193e-01 0.000000000000000000e+00 2.275830678197541916e-03 0.000000000000000000e+00
1.625000000000000000e+04 6.500258312636386648e-02 5.131998179335457710e-02 9.450386891215293295e-01 0.000000000000000000e+00 3.641329085116067413e-03 0.000000000000000000e+00
1.650000000000000000e+04 6.600262286676938928e-02 4.824761037778789452e-02 9.479972690031861493e-01 0.000000000000000000e+00 3.755120619025944465e-03 0.000000000000000000e+00
1.675000000000000000e+04 6.700266260717491207e-02 5.006827492034592736e-02 9.472007282658170269e-01 0.000000000000000000e+00 2.730996813837050560e-03 0.000000000000000000e+00
1.700000000000000000e+04 6.800270234758065691e-02 4.779244424214838111e-02 9.482248520710059303e-01 0.000000000000000000e+00 3.982703686845699004e-03 0.000000000000000000e+00
1.725000000000000000e+04 6.900274208798617970e-02 5.120619025944470049e-02 9.454938552571688914e-01 0.000000000000000000e+00 3.299954483386436255e-03 0.000000000000000000e+00
1.750000000000000000e+04 7.000278182839170249e-02 5.894401456531633832e-02 9.382111970869366768e-01 0.000000000000000000e+00 2.844788347746927612e-03 0.000000000000000000e+00
1.775000000000000000e+04 7.100282156879744733e-02 6.986800182066454923e-02 9.252389622212107145e-01 0.000000000000000000e+00 4.893035958124715423e-03 0.000000000000000000e+00
1.800000000000000000e+04 7.200286130920297012e-02 6.884387801547564578e-02 9.251251706873008240e-01 0.000000000000000000e+00 6.030951297223486815e-03 0.000000000000000000e+00
1.825000000000000000e+04 7.300290104960849291e-02 7.168866636322257513e-02 9.243286299499317016e-01 0.000000000000000000e+00 3.982703686845699004e-03 0.000000000000000000e+00
1.850000000000000000e+04 7.400294079001423775e-02 8.659535730541648157e-02 9.060081929904415521e-01 1.137915339098771066e-04 7.282658170232134826e-03 0.000000000000000000e+00
1.875000000000000000e+04 7.500298053041976054e-02 8.966772872098316416e-02 9.031634046426946227e-01 0.000000000000000000e+00 7.168866636322257339e-03 0.000000000000000000e+00
1.900000000000000000e+04 7.600302027082528333e-02 8.852981338188438409e-02 9.019116977696859383e-01 0.000000000000000000e+00 9.558488848429677609e-03 0.000000000000000000e+00
1.925000000000000000e+04 7.700306001123102817e-02 9.581247155211652933e-02 8.931497496586253693e-01 0.000000000000000000e+00 1.103777878925807886e-02 0.000000000000000000e+00
1.950000000000000000e+04 7.800309975163655096e-02 9.023668639053254725e-02 9.008875739644970349e-01 0.000000000000000000e+00 8.875739644970414427e-03 0.000000000000000000e+00
1.975000000000000000e+04 7.900313949204207375e-02 1.053709604005461931e-01 8.826809285389166648e-01 0.000000000000000000e+00 1.194811106053709528e-02 0.000000000000000000e+00
2.000000000000000000e+04 8.000317923244781859e-02 1.192535275375512099e-01 8.673190714610833352e-01 0.000000000000000000e+00 1.342740100136549826e-02 0.000000000000000000e+00
2.025000000000000000e+04 8.100321897285334138e-02 1.236913973600364119e-01 8.593536640873918886e-01 0.000000000000000000e+00 1.695493855257168905e-02 0.000000000000000000e+00
2.050000000000000000e+04 8.200325871325886418e-02 1.618115612198452458e-01 8.083750568957669413e-01 4.551661356395084266e-04 2.935821574874829254e-02 0.000000000000000000e+00
2.075000000000000000e+04 8.300329845366438697e-02 1.639736003641329154e-01 7.961993627674101015e-01 0.000000000000000000e+00 3.982703686845699004e-02 0.000000000000000000e+00
2.100000000000000000e+04 8.400333819407013181e-02 2.061902594446973214e-01 7.239417387346381849e-01 6.827492034592626399e-04 6.918525261720527564e-02 0.000000000000000000e+00
2.125000000000000000e+04 8.500337793447565460e-02 2.314519799726900418e-01 6.483841602184797770e-01 1.183431952662721866e-02 1.083295402822029990e-01 0.000000000000000000e+00
2.150000000000000000e+04 8.600341767488117739e-02 2.398725534820209393e-01 5.793126991351843502e-01 4.722348657259899801e-02 1.335912608101957333e-01 0.000000000000000000e+00
2.175000000000000000e+04 8.700345741528692223e-02 2.449931725079654010e-01 5.764679107874374209e-01 7.020937642239417908e-02 1.083295402822029990e-01 0.000000000000000000e+00
2.200000000000000000e+04 8.800349715569244502e-02 2.416932180245789652e-01 5.714610832954027941e-01 7.510241238051888757e-02 1.117432862994993115e-01 0.000000000000000000e+00
2.225000000000000000e+04 8.900353689609796781e-02 2.460172963131543045e-01 5.571233500227582569e-01 8.761948111060537114e-02 1.092398725534820259e-01 0.000000000000000000e+00
2.250000000000000000e+04 9.000357663650371265e-02 2.358898497951752438e-01 5.410787437414655843e-01 1.044606281292671801e-01 1.185707783340919502e-01 0.000000000000000000e+00
2.275000000000000000e+04 9.100361637690923544e-02 2.540964952207555583e-01 5.110377787892580459e-01 1.308602639963586667e-01 1.040054619936276736e-01 0.000000000000000000e+00
2.300000000000000000e+04 9.200365611731475823e-02 2.464724624487938109e-01 4.836140191169777114e-01 1.549840691852526209e-01 1.149294492489758707e-01 0.000000000000000000e+00
2.325000000000000000e+04 9.300369585772050307e-02 2.357760582612653533e-01 4.872553482020937632e-01 1.603322712790168358e-01 1.166363222576240338e-01 0.000000000000000000e+00
2.350000000000000000e+04 9.400373559812602586e-02 2.214383249886208438e-01 4.848657259899863403e-01 1.830905780609922706e-01 1.106053709604005453e-01 0.000000000000000000e+00
2.375000000000000000e+04 9.500377533853154866e-02 2.001593081474738189e-01 4.875967228038233792e-01 2.129039599453800558e-01 9.934000910332271839e-02 0.000000000000000000e+00
2.400000000000000000e+04 9.600381507893729349e-02 2.073281747837960876e-01 4.729176149294492260e-01 2.319071461083295482e-01 8.784706417842512438e-02 0.000000000000000000e+00
2.425000000000000000e+04 9.700385481934281628e-02 1.972007282658170269e-01 4.964724624487937832e-01 2.372553482020937632e-01 6.907146108329539902e-02 0.000000000000000000e+00
2.450000000000000000e+04 9.800389455974833908e-02 1.977696859353663961e-01 4.763313609467455523e-01 2.775375512061902805e-01 4.836140191169777114e-02 0.000000000000000000e+00
2.475000000000000000e+04 9.900393430015408391e-02 1.984524351388256835e-01 4.770141101502048397e-01 2.796995903504779224e-01 4.483386436049158208e-02 0.000000000000000000e+00
2.500000000000000000e+04 1.000039740405596067e-01 1.792216659080564378e-01 4.842967683204369433e-01 3.022303140646335762e-01 3.425125170687300796e-02 0.000000000000000000e+00
2.525000000000000000e+04 1.010040137809651295e-01 1.690942193900773771e-01 5.032999544833864913e-01 3.042785616750113831e-01 2.332726445152480746e-02 0.000000000000000000e+00
2.550000000000000000e+04 1.020040535213708743e-01 1.706873008648156498e-01 5.017068730086481354e-01 3.030268548020027541e-01 2.457897132453345374e-02 0.000000000000000000e+00
2.575000000000000000e+04 1.030040932617763971e-01 1.637460172963131622e-01 5.312926718252162228e-01 2.909649522075557493e-01 1.399635867091488309e-02 0.000000000000000000e+00
2.600000000000000000e+04 1.040041330021819199e-01 1.564633591260810308e-01 5.520027309968138507e-01 2.784478834774692935e-01 1.308602639963586667e-02 0.000000000000000000e+00
2.625000000000000000e+04 1.050041727425876648e-01 1.455393718707328199e-01 5.644060081929904715e-01 2.807237141556668258e-01 9.330905780609922637e-03 0.000000000000000000e+00
2.650000000000000000e+04 1.060042124829931875e-01 1.448566226672735602e-01 5.692990441511152078e-01 2.752617205279926926e-01 1.058261265361857065e-02 0.000000000000000000e+00
2.675000000000000000e+04 1.070042522233987103e-01 1.417842512517068776e-01 5.753299954483386269e-01 2.738962221210741732e-01 8.989531178880291046e-03 0.000000000000000000e+00
2.700000000000000000e+04 1.080042919638044552e-01 1.399635867091488517e-01 5.802230314064633632e-01 2.719617660446062568e-01 7.851615839781519654e-03 0.000000000000000000e+00
2.725000000000000000e+04 1.090043317042099780e-01 1.387118798361401950e-01 5.834091943559399640e-01 2.680928538916704795e-01 9.786071916249430847e-03 0.000000000000000000e+00
2.750000000000000000e+04 1.100043714446155008e-01 1.417842512517068776e-01 5.820436959490213891e-01 2.675238962221210826e-01 8.648156577150659455e-03 0.000000000000000000e+00
2.775000000000000000e+04 1.110044111850212456e-01 1.446290395994538069e-01 5.843195266272189770e-01 2.628584433318161273e-01 8.192990441511151245e-03 0.000000000000000000e+00
2.800000000000000000e+04 1.120044509254267684e-01 1.429221665908056438e-01 5.839781520254893055e-01 2.644515248065543722e-01 8.648156577150659455e-03 0.000000000000000000e+00
2.825000000000000000e+04 1.130044906658322912e-01 1.481565771506599960e-01 5.863677742375966728e-01 2.553482020937642427e-01 1.012744651797906244e-02 0.000000000000000000e+00
2.850000000000000000e+04 1.140045304062380360e-01 1.461083295402822169e-01 5.942193900773782289e-01 2.497724169321802468e-01 9.899863450159307465e-03 0.000000000000000000e+00
2.875000000000000000e+04 1.150045701466435588e-01 1.387118798361401950e-01 6.096950386891215601e-01 2.435138825671370189e-01 8.079198907601274626e-03 0.000000000000000000e+00
2.900000000000000000e+04 1.160046098870490816e-01 1.437187073281747940e-01 6.024123805188893455e-01 2.434000910332271284e-01 1.046882111970869403e-02 0.000000000000000000e+00
2.925000000000000000e+04 1.170046496274548264e-01 1.360946745562130189e-01 6.098088302230314506e-01 2.464724624487938109e-01 7.624032771961766417e-03 0.000000000000000000e+00
2.950000000000000000e+04 1.180046893678603492e-01 1.327947200728265831e-01 6.079881656804734247e-01 2.488620846609012338e-01 1.035502958579881741e-02 0.000000000000000000e+00
2.975000000000000000e+04 1.190047291082658720e-01 1.282430587164314906e-01 6.158397815202548697e-01 2.473827947200728239e-01 8.534365043240782836e-03 0.000000000000000000e+00
3.000000000000000000e+04 1.200047688486716169e-01 1.332498862084660896e-01 6.090122894856622171e-01 2.479517523896222209e-01 9.786071916249430847e-03 0.000000000000000000e+00
3.025000000000000000e+04 1.210048085890771397e-01 1.347291761492944995e-01 6.061675011379152878e-01 2.478379608557123304e-01 1.126536185707783383e-02 0.000000000000000000e+00
3.050000000000000000e+04 1.220048483294826625e-01 1.290395994538006408e-01 6.100364132908511205e-01 2.505689576695493970e-01 1.035502958579881741e-02 0.000000000000000000e+00
3.075000000000000000e+04 1.230048880698884073e-01 1.358670914883932657e-01 6.055985434683659463e-01 2.492034592626308498e-01 9.330905780609922637e-03 0.000000000000000000e+00
3.100000000000000000e+04 1.240049278102939301e-01 1.359808830223031284e-01 6.053709604005461653e-01 2.488620846609012338e-01 9.786071916249430847e-03 0.000000000000000000e+00
3.125000000000000000e+04 1.250049675506994529e-01 1.363222576240327721e-01 6.028675466545289074e-01 2.513654984069185194e-01 9.444697314519799256e-03 0.000000000000000000e+00
3.150000000000000000e+04 1.260050072911051977e-01 1.362084660901228816e-01 6.061675011379152878e-01 2.484069185252617273e-01 9.217114246700046018e-03 0.000000000000000000e+00
3.175000000000000000e+04 1.270050470315107205e-01 1.321119708693673234e-01 6.092398725534819981e-01 2.500000000000000000e-01 8.648156577150659455e-03 0.000000000000000000e+00
3.200000000000000000e+04 1.280050867719162433e-01 1.357532999544833752e-01 6.022985889849795660e-01 2.525034137460173134e-01 9.444697314519799256e-03 0.000000000000000000e+00
3.225000000000000000e+04 1.290051265123219881e-01 1.371187983614019223e-01 6.029813381884387979e-01 2.520482476103778069e-01 7.851615839781519654e-03 0.000000000000000000e+00
3.250000000000000000e+04 1.300051662527275109e-01 1.426945835229858905e-01 6.026399635867091265e-01 2.474965862539827144e-01 7.168866636322257339e-03 0.000000000000000000e+00
3.275000000000000000e+04 1.310052059931330337e-01 1.413290851160673711e-01 6.037778789258079204e-01 2.469276285844333174e-01 7.965407373691398007e-03 0.000000000000000000e+00
3.300000000000000000e+04 1.320052457335387786e-01 1.362084660901228816e-01 6.049157942649067143e-01 2.497724169321802468e-01 9.103322712790167665e-03 0.000000000000000000e+00
3.325000000000000000e+04 1.330052854739443013e-01 1.425807919890760000e-01 6.000227583067819781e-01 2.482931269913518368e-01 9.103322712790167665e-03 0.000000000000000000e+00
3.350000000000000000e+04 1.340053252143498241e-01 1.436049157942649035e-01 6.013882567137005530e-01 2.436276741010468816e-01 1.137915339098771045e-02 0.000000000000000000e+00
3.375000000000000000e+04 1.350053649547555690e-01 1.418980427856167403e-01 6.017296313154301135e-01 2.493172507965407403e-01 7.055075102412380721e-03 0.000000000000000000e+00
3.400000000000000000e+04 1.360054046951610918e-01 1.441738734638143005e-01 6.038916704597178109e-01 2.456759217114246607e-01 6.258534365043240920e-03 0.000000000000000000e+00
3.425000000000000000e+04 1.370054444355666146e-01 1.445152480655439164e-01 6.040054619936277014e-01 2.426035502958579781e-01 8.875739644970414427e-03 0.000000000000000000e+00
3.450000000000000000e+04 1.380054841759723594e-01 1.421256258534364936e-01 6.045744196631770428e-01 2.456759217114246607e-01 7.624032771961766417e-03 0.000000000000000000e+00
3.475000000000000000e+04 1.390055239163778822e-01 1.449704142011834229e-01 6.055985434683659463e-01 2.428311333636777314e-01 6.599908966772872511e-03 0.000000000000000000e+00
3.500000000000000000e+04 1.400055636567834050e-01 1.574874829312699065e-01 5.964952207555758168e-01 2.406690942193900895e-01 5.348202093764223633e-03 0.000000000000000000e+00
3.525000000000000000e+04 1.410056033971891498e-01 1.527082385070550885e-01 6.048020027309968238e-01 2.378243058716431602e-01 4.665452890304961318e-03 0.000000000000000000e+00
3.550000000000000000e+04 1.420056431375946726e-01 1.517979062357760478e-01 6.094674556213017791e-01 2.308830223031406448e-01 7.851615839781519654e-03 0.000000000000000000e+00
3.575000000000000000e+04 1.430056828780001954e-01 1.381429221665907980e-01 6.160673645880746507e-01 2.381656804733727761e-01 7.624032771961766417e-03 0.000000000000000000e+00
3.600000000000000000e+04 1.440057226184059402e-01 1.350705507510241155e-01 6.147018661811560758e-01 2.429449248975876219e-01 7.282658170232134826e-03 0.000000000000000000e+00
3.625000000000000000e+04 1.450057623588114630e-01 1.398497951752389612e-01 6.126536185707783799e-01 2.401001365498406925e-01 7.396449704142011444e-03 0.000000000000000000e+00
3.650000000000000000e+04 1.460058020992169858e-01 1.329085116067364458e-01 6.200500682749203740e-01 2.413518434228493492e-01 5.689576695493855224e-03 0.000000000000000000e+00
3.675000000000000000e+04 1.470058418396227307e-01 1.404187528447883582e-01 6.144742831133364058e-01 2.395311788802912956e-01 5.575785161583977738e-03 0.000000000000000000e+00
3.700000000000000000e+04 1.480058815800282535e-01 1.333636777423759801e-01 6.236913973600364258e-01 2.378243058716431602e-01 5.120619025944469528e-03 0.000000000000000000e+00
3.725000000000000000e+04 1.490059213204337762e-01 1.362084660901228816e-01 6.175466545289030051e-01 2.395311788802912956e-01 6.713700500682749130e-03 0.000000000000000000e+00
3.750000000000000000e+04 1.500059610608395211e-01 1.305188893946290507e-01 6.225534820209376319e-01 2.412380518889394587e-01 5.689576695493855224e-03 0.000000000000000000e+00
3.775000000000000000e+04 1.510060008012450439e-01 1.360946745562130189e-01 6.153846153846154188e-01 2.408966772872098427e-01 7.624032771961766417e-03 0.000000000000000000e+00
3.800000000000000000e+04 1.520060405416505667e-01 1.366636322257624159e-01 6.181156121984524576e-01 2.398725534820209393e-01 5.348202093764223633e-03 0.000000000000000000e+00
3.825000000000000000e+04 1.530060802820563115e-01 1.413290851160673711e-01 6.050295857988166048e-01 2.455621301775147980e-01 8.079198907601274626e-03 0.000000000000000000e+00
3.850000000000000000e+04 1.540061200224618343e-01 1.335912608101957333e-01 6.129949931725079404e-01 2.462448793809740577e-01 7.168866636322257339e-03 0.000000000000000000e+00
3.875000000000000000e+04 1.550061597628673571e-01 1.335912608101957333e-01 6.109467455621301335e-01 2.464724624487938109e-01 8.989531178880291046e-03 0.000000000000000000e+00
3.900000000000000000e+04 1.560061995032731019e-01 1.372325898953117851e-01 6.058261265361857273e-01 2.472690031861629611e-01 9.672280382339554228e-03 0.000000000000000000e+00
3.925000000000000000e+04 1.570062392436786247e-01 1.375739644970414288e-01 6.081019572143832042e-01 2.457897132453345512e-01 8.534365043240782836e-03 0.000000000000000000e+00
3.950000000000000000e+04 1.580062789840841475e-01 1.392808375056895642e-01 6.034365043240782489e-01 2.492034592626308498e-01 8.079198907601274626e-03 0.000000000000000000e+00
3.975000000000000000e+04 1.590063187244898923e-01 1.357532999544833752e-01 6.112881201638598050e-01 2.455621301775147980e-01 7.396449704142011444e-03 0.000000000000000000e+00
4.000000000000000000e+04 1.600063584648954151e-01 1.368912152935821691e-01 6.045744196631770428e-01 2.497724169321802468e-01 8.761948111060537808e-03 0.000000000000000000e+00
4.025000000000000000e+04 1.610063982053009379e-01 1.365498406918525254e-01 6.057123350022758368e-01 2.503413746017296160e-01 7.396449704142011444e-03 0.000000000000000000e+00
4.050000000000000000e+04 1.620064379457066828e-01 1.373463814292216756e-01 6.073054164770140817e-01 2.471552116522530707e-01 8.192990441511151245e-03 0.000000000000000000e+00
4.075000000000000000e+04 1.630064776861122056e-01 1.372325898953117851e-01 6.067364588074647402e-01 2.447655894401456478e-01 1.126536185707783383e-02 0.000000000000000000e+00
4.100000000000000000e+04 1.640065174265177284e-01 1.391670459717797015e-01 6.069640418752845212e-01 2.464724624487938109e-01 7.396449704142011444e-03 0.000000000000000000e+00
4.125000000000000000e+04 1.650065571669234732e-01 1.390532544378698110e-01 6.065088757396449592e-01 2.465862539827036737e-01 7.851615839781519654e-03 0.000000000000000000e+00
4.150000000000000000e+04 1.660065969073289960e-01 1.375739644970414288e-01 6.042330450614474824e-01 2.492034592626308498e-01 8.989531178880291046e-03 0.000000000000000000e+00
4.175000000000000000e+04 1.670066366477345188e-01 1.365498406918525254e-01 6.060537096040055083e-01 2.495448338643604935e-01 7.851615839781519654e-03 0.000000000000000000e+00
4.200000000000000000e+04 1.680066763881402636e-01 1.425807919890760000e-01 6.003641329085116496e-01 2.489758761948110966e-01 8.079198907601274626e-03 0.000000000000000000e+00
4.225000000000000000e+04 1.690067161285457864e-01 1.401911697769686049e-01 6.021847974510696755e-01 2.485207100591715901e-01 9.103322712790167665e-03 0.000000000000000000e+00
4.250000000000000000e+04 1.700067558689513092e-01 1.429221665908056438e-01 6.007055075102412101e-01 2.482931269913518368e-01 8.079198907601274626e-03 0.000000000000000000e+00
4.275000000000000000e+04 1.710067956093570540e-01 1.477014110150204895e-01 5.910332271279017391e-01 2.514792899408284099e-01 9.786071916249430847e-03 0.000000000000000000e+00
4.300000000000000000e+04 1.720068353497625768e-01 1.517979062357760478e-01 5.822712790168411701e-01 2.542102867546654488e-01 1.172052799271734204e-02 0.000000000000000000e+00
4.325000000000000000e+04 1.730068750901680996e-01 1.472462448793809831e-01 5.865953573054164538e-01 2.545516613563950648e-01 1.160673645880746542e-02 0.000000000000000000e+00
4.350000000000000000e+04 1.740069148305738445e-01 1.445152480655439164e-01 5.876194811106053573e-01 2.583067819754210070e-01 9.558488848429677609e-03 0.000000000000000000e+00
4.375000000000000000e+04 1.750069545709793672e-01 1.473600364132908458e-01 5.846609012289485374e-01 2.569412835685024876e-01 1.103777878925807886e-02 0.000000000000000000e+00
4.400000000000000000e+04 1.760069943113848900e-01 1.541875284478834707e-01 5.791989076012744597e-01 2.568274920345926526e-01 9.786071916249430847e-03 0.000000000000000000e+00
4.425000000000000000e+04 1.770070340517906349e-01 1.578288575329995502e-01 5.815885298133819381e-01 2.506827492034592875e-01 9.899863450159307465e-03 0.000000000000000000e+00
4.450000000000000000e+04 1.780070737921961577e-01 1.645425580336822846e-01 5.737369139736003820e-01 2.515930814747383004e-01 1.012744651797906244e-02 0.000000000000000000e+00
4.475000000000000000e+04 1.790071135326016805e-01 1.611288120163859861e-01 5.784023668639053373e-01 2.506827492034592875e-01 9.786071916249430847e-03 0.000000000000000000e+00
4.500000000000000000e+04 1.800071532730074253e-01 1.572598998634501533e-01 5.828402366863905115e-01 2.502275830678197810e-01 9.672280382339554228e-03 0.000000000000000000e+00
4.525000000000000000e+04 1.810071930134129481e-01 1.568047337278106468e-01 5.892125625853436022e-01 2.432862994993172379e-01 1.069640418752844727e-02 0.000000000000000000e+00
4.550000000000000000e+04 1.820072327538184709e-01 1.609012289485662328e-01 5.880746472462449193e-01 2.422621756941283622e-01 8.761948111060537808e-03 0.000000000000000000e+00
4.575000000000000000e+04 1.830072724942242157e-01 1.645425580336822846e-01 5.886436049157942607e-01 2.350933090578060936e-01 1.172052799271734204e-02 0.000000000000000000e+00
4.600000000000000000e+04 1.840073122346297385e-01 1.521392808375056915e-01 6.100364132908511205e-01 2.288347746927628656e-01 8.989531178880291046e-03 0.000000000000000000e+00
4.625000000000000000e+04 1.850073519750352613e-01 1.548702776513427304e-01 5.873918980427855763e-01 2.476103777878925771e-01 1.012744651797906244e-02 0.000000000000000000e+00
4.650000000000000000e+04 1.860073917154410061e-01 1.474738279472007363e-01 5.880746472462449193e-01 2.547792444242148457e-01 9.672280382339554228e-03 0.000000000000000000e+00
4.675000000000000000e+04 1.870074314558465289e-01 1.390532544378698110e-01 5.901228948566226151e-01 2.613791533909877174e-01 9.444697314519799256e-03 0.000000000000000000e+00
4.700000000000000000e+04 1.880074711962520517e-01 1.412152935821574806e-01 5.861401911697770029e-01 2.614929449248976079e-01 1.115157032316795548e-02 0.000000000000000000e+00
4.725000000000000000e+04 1.890075109366577966e-01 1.396222121074192080e-01 5.884160218479744797e-01 2.630860263996358528e-01 8.875739644970414427e-03 0.000000000000000000e+00
4.750000000000000000e+04 1.900075506770633194e-01 1.294947655894401473e-01 5.923987255348202030e-01 2.696859353664087244e-01 8.420573509330906217e-03 0.000000000000000000e+00
4.775000000000000000e+04 1.910075904174688421e-01 1.363222576240327721e-01 5.926263086026399840e-01 2.634274010013655243e-01 7.624032771961766417e-03 0.000000000000000000e+00
4.800000000000000000e+04 1.920076301578745870e-01 1.359808830223031284e-01 5.892125625853436022e-01 2.670687300864815761e-01 7.737824305871643035e-03 0.000000000000000000e+00
4.825000000000000000e+04 1.930076698982801098e-01 1.339326354119253493e-01 5.879608557123350288e-01 2.697997269003186149e-01 8.306781975421027864e-03 0.000000000000000000e+00
4.850000000000000000e+04 1.940077096386856326e-01 1.347291761492944995e-01 5.878470641784251383e-01 2.675238962221210826e-01 9.899863450159307465e-03 0.000000000000000000e+00
4.875000000000000000e+04 1.950077493790913774e-01 1.411015020482476179e-01 5.846609012289485374e-01 2.661583978152025631e-01 8.079198907601274626e-03 0.000000000000000000e+00
4.900000000000000000e+04 1.960077891194969002e-01 1.429221665908056438e-01 5.836367774237596340e-01 2.628584433318161273e-01 1.058261265361857065e-02 0.000000000000000000e+00
4.925000000000000000e+04 1.970078288599024230e-01 1.373463814292216756e-01 5.887573964497041512e-01 2.645653163404642627e-01 9.330905780609922637e-03 0.000000000000000000e+00
4.950000000000000000e+04 1.980078686003081678e-01 1.374601729631315383e-01 5.888711879836140417e-01 2.639963586709148657e-01 9.672280382339554228e-03 0.000000000000000000e+00
4.975000000000000000e+04 1.990079083407136906e-01 1.376877560309512916e-01 5.889849795175239322e-01 2.646791078743741532e-01 8.648156577150659455e-03 0.000000000000000000e+00
5.000000000000000000e+04 2.000079480811192134e-01 1.330223031406463363e-01 5.911470186618115186e-01 2.674101046882111921e-01 8.420573509330906217e-03 0.000000000000000000e+00
5.025000000000000000e+04 2.010079878215249582e-01 1.429221665908056438e-01 5.788575329995447882e-01 2.680928538916704795e-01 1.012744651797906244e-02 0.000000000000000000e+00
5.050000000000000000e+04 2.020080275619304810e-01 1.398497951752389612e-01 5.863677742375966728e-01 2.643377332726445372e-01 9.444697314519799256e-03 0.000000000000000000e+00
5.075000000000000000e+04 2.030080673023360038e-01 1.422394173873463841e-01 5.840919435593991960e-01 2.638825671370050308e-01 9.786071916249430847e-03 0.000000000000000000e+00
5.100000000000000000e+04 2.040081070427417487e-01 1.380291306326809353e-01 5.803368229403732537e-01 2.704824761037779024e-01 1.115157032316795548e-02 0.000000000000000000e+00
5.125000000000000000e+04 2.050081467831472715e-01 1.385980883022303045e-01 5.702093764223942207e-01 2.776513427401001155e-01 1.354119253527537488e-02 0.000000000000000000e+00
5.150000000000000000e+04 2.060081865235527943e-01 1.349567592171142527e-01 5.799954483386435822e-01 2.720755575785161473e-01 1.297223486572599005e-02 0.000000000000000000e+00
5.175000000000000000e+04 2.070082262639585391e-01 1.100364132908511622e-01 5.945607646791079004e-01 2.818616294947655643e-01 1.354119253527537488e-02 0.000000000000000000e+00
5.200000000000000000e+04 2.080082660043640619e-01 1.046882111970869333e-01 5.931952662721893255e-01 2.872098315885298070e-01 1.490669094219390124e-02 0.000000000000000000e+00
5.225000000000000000e+04 2.090083057447695847e-01 1.007055075102412378e-01 5.879608557123350288e-01 2.991579426490669213e-01 1.217569412835685025e-02 0.000000000000000000e+00
5.250000000000000000e+04 2.100083454851753295e-01 1.082157487482931224e-01 5.776058261265362148e-01 3.004096495220755503e-01 1.376877560309512985e-02 0.000000000000000000e+00
5.275000000000000000e+04 2.110083852255808523e-01 9.899863450159307465e-02 5.912608101957214091e-01 2.979062357760582369e-01 1.183431952662721866e-02 0.000000000000000000e+00
5.300000000000000000e+04 2.120084249659863751e-01 9.808830223031406170e-02 5.878470641784251383e-01 3.017751479289940697e-01 1.228948566226672687e-02 0.000000000000000000e+00
5.325000000000000000e+04 2.130084647063921199e-01 9.934000910332271839e-02 5.803368229403732537e-01 3.034820209376422606e-01 1.684114701866181243e-02 0.000000000000000000e+00
5.350000000000000000e+04 2.140085044467976427e-01 1.012744651797906209e-01 5.842057350933090865e-01 3.018889394629039602e-01 1.263086026399635846e-02 0.000000000000000000e+00
5.375000000000000000e+04 2.150085441872031655e-01 1.074192080109239861e-01 5.798816568047336917e-01 2.999544833864360438e-01 1.274465179790623508e-02 0.000000000000000000e+00
5.400000000000000000e+04 2.160085839276089104e-01 1.022985889849795244e-01 5.751024123805188459e-01 3.092853891670459543e-01 1.331360946745562164e-02 0.000000000000000000e+00
5.425000000000000000e+04 2.170086236680144332e-01 1.140191169776968577e-01 5.537096040054619861e-01 3.171370050068275104e-01 1.513427401001365448e-02 0.000000000000000000e+00
5.450000000000000000e+04 2.180086634084199559e-01 1.109467455621301751e-01 5.360719162494310686e-01 3.361401911697769473e-01 1.684114701866181243e-02 0.000000000000000000e+00
5.475000000000000000e+04 2.190087031488257008e-01 1.176604460628129234e-01 5.149066909421938787e-01 3.520710059171597850e-01 1.536185707783340945e-02 0.000000000000000000e+00
5.500000000000000000e+04 2.200087428892312236e-01 1.129949931725079681e-01 4.940828402366864158e-01 3.746017296313154388e-01 1.832043695949021542e-02 0.000000000000000000e+00
5.525000000000000000e+04 2.210087826296367464e-01 1.210741920801092358e-01 4.853208921256258468e-01 3.734638142922166448e-01 2.014110150204824826e-02 0.000000000000000000e+00
5.550000000000000000e+04 2.220088223700424912e-01 1.164087391898042806e-01 4.753072371415566488e-01 3.810878470641784199e-01 2.719617660446062984e-02 0.000000000000000000e+00
5.575000000000000000e+04 2.230088621104480140e-01 1.244879380974055483e-01 4.627901684114701930e-01 3.837050523441056238e-01 2.901684114701866268e-02 0.000000000000000000e+00
5.600000000000000000e+04 2.240089018508535368e-01 1.283568502503413811e-01 4.522075557578515981e-01 3.907601274465180019e-01 2.867546654528902936e-02 0.000000000000000000e+00
5.625000000000000000e+04 2.250089415912592816e-01 1.274465179790623681e-01 4.527765134274009950e-01 3.873463814292216756e-01 3.243058716431497512e-02 0.000000000000000000e+00
5.650000000000000000e+04 2.260089813316648044e-01 1.198224852071005930e-01 4.552799271734183084e-01 3.940600819299044377e-01 3.083750568957669552e-02 0.000000000000000000e+00
5.675000000000000000e+04 2.270090210720703272e-01 1.249431042330450548e-01 4.510696404187528596e-01 3.922394173873463563e-01 3.174783796085571541e-02 0.000000000000000000e+00
