# itime ezz other fcc hcp bcc ico
0.000000000000000000e+00 0.000000000000000000e+00 0.000000000000000000e+00 1.000000000000000000e+00 0.000000000000000000e+00 0.000000000000000000e+00 0.000000000000000000e+00
2.500000000000000000e+02 1.000029103856325818e-03 0.000000000000000000e+00 1.000000000000000000e+00 0.000000000000000000e+00 0.000000000000000000e+00 0.000000000000000000e+00
5.000000000000000000e+02 2.000058207712429592e-03 0.000000000000000000e+00 1.000000000000000000e+00 0.000000000000000000e+00 0.000000000000000000e+00 0.000000000000000000e+00
7.500000000000000000e+02 3.000087311568755410e-03 0.000000000000000000e+00 1.000000000000000000e+00 0.000000000000000000e+00 0.000000000000000000e+00 0.000000000000000000e+00
1.000000000000000000e+03 4.000116415424859184e-03 0.000000000000000000e+00 1.000000000000000000e+00 0.000000000000000000e+00 0.000000000000000000e+00 0.000000000000000000e+00
1.250000000000000000e+03 5.000145519281185003e-03 0.000000000000000000e+00 1.000000000000000000e+00 0.000000000000000000e+00 0.000000000000000000e+00 0.000000000000000000e+00
1.500000000000000000e+03 6.000174623137288776e-03 0.000000000000000000e+00 1.000000000000000000e+00 0.000000000000000000e+00 0.000000000000000000e+00 0.000000000000000000e+00
1.750000000000000000e+03 7.000203726993614595e-03 0.000000000000000000e+00 1.000000000000000000e+00 0.000000000000000000e+00 0.000000000000000000e+00 0.000000000000000000e+00
2.000000000000000000e+03 8.000232830849718368e-03 0.000000000000000000e+00 1.000000000000000000e+00 0.000000000000000000e+00 0.000000000000000000e+00 0.000000000000000000e+00
2.250000000000000000e+03 9.000261934706044187e-03 0.000000000000000000e+00 1.000000000000000000e+00 0.000000000000000000e+00 0.000000000000000000e+00 0.000000000000000000e+00
2.500000000000000000e+03 1.000029103856214796e-02 0.000000000000000000e+00 1.000000000000000000e+00 0.000000000000000000e+00 0.000000000000000000e+00 0.000000000000000000e+00
2.750000000000000000e+03 1.100032014241847378e-02 0.000000000000000000e+00 1.000000000000000000e+00 0.000000000000000000e+00 0.000000000000000000e+00 0.000000000000000000e+00
3.000000000000000000e+03 1.200034924627457755e-02 0.000000000000000000e+00 1.000000000000000000e+00 0.000000000000000000e+00 0.000000000000000000e+00 0.000000000000000000e+00
3.250000000000000000e+03 1.300037835013090337e-02 0.000000000000000000e+00 1.000000000000000000e+00 0.000000000000000000e+00 0.000000000000000000e+00 0.000000000000000000e+00
3.500000000000000000e+03 1.400040745398700714e-02 0.000000000000000000e+00 1.000000000000000000e+00 0.000000000000000000e+00 0.000000000000000000e+00 0.000000000000000000e+00
3.750000000000000000e+03 1.500043655784333296e-02 0.000000000000000000e+00 1.000000000000000000e+00 0.000000000000000000e+00 0.000000000000000000e+00 0.000000000000000000e+00
4.000000000000000000e+03 1.600046566169943674e-02 0.000000000000000000e+00 1.000000000000000000e+00 0.000000000000000000e+00 0.000000000000000000e+00 0.000000000000000000e+00
4.250000000000000000e+03 1.700049476555576256e-02 0.000000000000000000e+00 1.000000000000000000e+00 0.000000000000000000e+00 0.000000000000000000e+00 0.000000000000000000e+00
4.500000000000000000e+03 1.800052386941208837e-02 0.000000000000000000e+00 1.000000000000000000e+00 0.000000000000000000e+00 0.000000000000000000e+00 0.000000000000000000e+00
4.750000000000000000e+03 1.900055297326819215e-02 0.000000000000000000e+00 1.000000000000000000e+00 0.000000000000000000e+00 0.000000000000000000e+00 0.000000000000000000e+00
5.000000000000000000e+03 2.000058207712451797e-02 0.000000000000000000e+00 1.000000000000000000e+00 0.000000000000000000e+00 0.000000000000000000e+00 0.000000000000000000e+00
5.250000000000000000e+03 2.100061118098062174e-02 0.000000000000000000e+00 1.000000000000000000e+00 0.000000000000000000e+00 0.000000000000000000e+00 0.000000000000000000e+00
5.500000000000000000e+03 2.200064028483694756e-02 0.000000000000000000e+00 1.000000000000000000e+00 0.000000000000000000e+00 0.000000000000000000e+00 0.000000000000000000e+00
5.750000000000000000e+03 2.300066938869305133e-02 0.000000000000000000e+00 1.000000000000000000e+00 0.000000000000000000e+00 0.000000000000000000e+00 0.000000000000000000e+00
6.000000000000000000e+03 2.400069849254937715e-02 0.000000000000000000e+00 1.000000000000000000e+00 0.000000000000000000e+00 0.000000000000000000e+00 0.000000000000000000e+00
6.250000000000000000e+03 2.500072759640548092e-02 0.000000000000000000e+00 1.000000000000000000e+00 0.000000000000000000e+00 0.000000000000000000e+00 0.000000000000000000e+00
6.500000000000000000e+03 2.600075670026180674e-02 0.000000000000000000e+00 1.000000000000000000e+00 0.000000000000000000e+00 0.000000000000000000e+00 0.000000000000000000e+00
6.750000000000000000e+03 2.700078580411791052e-02 0.000000000000000000e+00 1.000000000000000000e+00 0.000000000000000000e+00 0.000000000000000000e+00 0.000000000000000000e+00
7.000000000000000000e+03 2.800081490797423633e-02 1.137915339098771066e-04 9.998862084660901095e-01 0.000000000000000000e+00 0.000000000000000000e+00 0.000000000000000000e+00
7.250000000000000000e+03 2.900084401183034011e-02 0.000000000000000000e+00 1.000000000000000000e+00 0.000000000000000000e+00 0.000000000000000000e+00 0.000000000000000000e+00
7.500000000000000000e+03 3.000087311568666593e-02 0.000000000000000000e+00 1.000000000000000000e+00 0.000000000000000000e+00 0.000000000000000000e+00 0.000000000000000000e+00
7.750000000000000000e+03 3.100090221954276970e-02 0.000000000000000000e+00 1.000000000000000000e+00 0.000000000000000000e+00 0.000000000000000000e+00 0.000000000000000000e+00
8.000000000000000000e+03 3.200093132339909552e-02 0.000000000000000000e+00 1.000000000000000000e+00 0.000000000000000000e+00 0.000000000000000000e+00 0.000000000000000000e+00
8.250000000000000000e+03 3.300096042725519929e-02 0.000000000000000000e+00 1.000000000000000000e+00 0.000000000000000000e+00 0.000000000000000000e+00 0.000000000000000000e+00
8.500000000000000000e+03 3.400098953111152511e-02 0.000000000000000000e+00 1.000000000000000000e+00 0.000000000000000000e+00 0.000000000000000000e+00 0.000000000000000000e+00
8.750000000000000000e+03 3.500101863496785093e-02 0.000000000000000000e+00 1.000000000000000000e+00 0.000000000000000000e+00 0.000000000000000000e+00 0.000000000000000000e+00
9.000000000000000000e+03 3.600104773882395470e-02 0.000000000000000000e+00 1.000000000000000000e+00 0.000000000000000000e+00 0.000000000000000000e+00 0.000000000000000000e+00
9.250000000000000000e+03 3.700107684268028052e-02 0.000000000000000000e+00 1.000000000000000000e+00 0.000000000000000000e+00 0.000000000000000000e+00 0.000000000000000000e+00
9.500000000000000000e+03 3.800110594653638429e-02 0.000000000000000000e+00 1.000000000000000000e+00 0.000000000000000000e+00 0.000000000000000000e+00 0.000000000000000000e+00
9.750000000000000000e+03 3.900113505039271011e-02 2.275830678197542133e-04 9.997724169321802190e-01 0.000000000000000000e+00 0.000000000000000000e+00 0.000000000000000000e+00
1.000000000000000000e+04 4.000116415424881389e-02 1.137915339098771066e-04 9.998862084660901095e-01 0.000000000000000000e+00 0.000000000000000000e+00 0.000000000000000000e+00
1.025000000000000000e+04 4.100119325810513971e-02 3.413746017296313199e-04 9.996586253982703285e-01 0.000000000000000000e+00 0.000000000000000000e+00 0.000000000000000000e+00
1.050000000000000000e+04 4.200122236196124348e-02 4.551661356395084266e-04 9.995448338643604380e-01 0.000000000000000000e+00 0.000000000000000000e+00 0.000000000000000000e+00
1.075000000000000000e+04 4.300125146581756930e-02 3.413746017296313199e-04 9.996586253982703285e-01 0.000000000000000000e+00 0.000000000000000000e+00 0.000000000000000000e+00
1.100000000000000000e+04 4.400128056967367307e-02 0.000000000000000000e+00 1.000000000000000000e+00 0.000000000000000000e+00 0.000000000000000000e+00 0.000000000000000000e+00
1.125000000000000000e+04 4.500130967352999889e-02 1.137915339098771066e-04 9.998862084660901095e-01 0.000000000000000000e+00 0.000000000000000000e+00 0.000000000000000000e+00
1.150000000000000000e+04 4.600133877738610266e-02 0.000000000000000000e+00 1.000000000000000000e+00 0.000000000000000000e+00 0.000000000000000000e+00 0.000000000000000000e+00
1.175000000000000000e+04 4.700136788124242848e-02 0.000000000000000000e+00 1.000000000000000000e+00 0.000000000000000000e+00 0.000000000000000000e+00 0.000000000000000000e+00
1.200000000000000000e+04 4.800139698509853226e-02 0.000000000000000000e+00 1.000000000000000000e+00 0.000000000000000000e+00 0.000000000000000000e+00 0.000000000000000000e+00
1.225000000000000000e+04 4.900142608895485807e-02 0.000000000000000000e+00 1.000000000000000000e+00 0.000000000000000000e+00 0.000000000000000000e+00 0.000000000000000000e+00
1.250000000000000000e+04 5.000145519281096185e-02 0.000000000000000000e+00 1.000000000000000000e+00 0.000000000000000000e+00 0.000000000000000000e+00 0.000000000000000000e+00
1.275000000000000000e+04 5.100148429666728767e-02 0.000000000000000000e+00 1.000000000000000000e+00 0.000000000000000000e+00 0.000000000000000000e+00 0.000000000000000000e+00
1.300000000000000000e+04 5.200151340052361348e-02 0.000000000000000000e+00 1.000000000000000000e+00 0.000000000000000000e+00 0.000000000000000000e+00 0.000000000000000000e+00
1.325000000000000000e+04 5.300154250437971726e-02 4.551661356395084266e-04 9.995448338643604380e-01 0.000000000000000000e+00 0.000000000000000000e+00 0.000000000000000000e+00
1.350000000000000000e+04 5.400157160823604308e-02 4.551661356395084266e-04 9.995448338643604380e-01 0.000000000000000000e+00 0.000000000000000000e+00 0.000000000000000000e+00
1.375000000000000000e+04 5.500160071209214685e-02 1.137915339098771066e-04 9.998862084660901095e-01 0.000000000000000000e+00 0.000000000000000000e+00 0.000000000000000000e+00
1.400000000000000000e+04 5.600162981594847267e-02 4.551661356395084266e-04 9.995448338643604380e-01 0.000000000000000000e+00 0.000000000000000000e+00 0.000000000000000000e+00
1.425000000000000000e+04 5.700165891980457644e-02 4.551661356395084266e-04 9.995448338643604380e-01 0.000000000000000000e+00 0.000000000000000000e+00 0.000000000000000000e+00
1.450000000000000000e+04 5.800168802366090226e-02 5.689576695493854790e-04 9.994310423304506585e-01 0.000000000000000000e+00 0.000000000000000000e+00 0.000000000000000000e+00
1.475000000000000000e+04 5.900171712751700603e-02 6.827492034592626399e-04 9.993172507965407680e-01 0.000000000000000000e+00 0.000000000000000000e+00 0.000000000000000000e+00
1.500000000000000000e+04 6.000174623137333185e-02 1.024123805188893906e-03 9.989758761948110966e-01 0.000000000000000000e+00 0.000000000000000000e+00 0.000000000000000000e+00
1.525000000000000000e+04 6.100177533522943563e-02 4.551661356395084266e-04 9.995448338643604380e-01 0.000000000000000000e+00 0.000000000000000000e+00 0.000000000000000000e+00
1.550000000000000000e+04 6.200180443908576144e-02 5.689576695493854790e-04 9.993172507965407680e-01 0.000000000000000000e+00 1.137915339098771066e-04 0.000000000000000000e+00
1.575000000000000000e+04 6.300183354294186522e-02 3.413746017296313199e-04 9.996586253982703285e-01 0.000000000000000000e+00 0.000000000000000000e+00 0.000000000000000000e+00
1.600000000000000000e+04 6.400186264679819104e-02 0.000000000000000000e+00 1.000000000000000000e+00 0.000000000000000000e+00 0.000000000000000000e+00 0.000000000000000000e+00
1.625000000000000000e+04 6.500189175065429481e-02 4.551661356395084266e-04 9.995448338643604380e-01 0.000000000000000000e+00 0.000000000000000000e+00 0.000000000000000000e+00
1.650000000000000000e+04 6.600192085451062063e-02 7.965407373691396923e-04 9.992034592626308775e-01 0.000000000000000000e+00 0.000000000000000000e+00 0.000000000000000000e+00
1.675000000000000000e+04 6.700194995836672440e-02 2.503413746017296455e-03 9.974965862539827421e-01 0.000000000000000000e+00 0.000000000000000000e+00 0.000000000000000000e+00
1.700000000000000000e+04 6.800197906222305022e-02 0.000000000000000000e+00 1.000000000000000000e+00 0.000000000000000000e+00 0.000000000000000000e+00 0.000000000000000000e+00
1.725000000000000000e+04 6.900200816607915399e-02 9.103322712790168532e-04 9.990896677287209870e-01 0.000000000000000000e+00 0.000000000000000000e+00 0.000000000000000000e+00
1.750000000000000000e+04 7.000203726993547981e-02 2.162039144287664864e-03 9.978379608557123026e-01 0.000000000000000000e+00 0.000000000000000000e+00 0.000000000000000000e+00
1.775000000000000000e+04 7.100206637379180563e-02 1.820664542558033706e-03 9.981793354574419741e-01 0.000000000000000000e+00 0.000000000000000000e+00 0.000000000000000000e+00
1.800000000000000000e+04 7.200209547764790941e-02 1.024123805188893906e-03 9.989758761948110966e-01 0.000000000000000000e+00 0.000000000000000000e+00 0.000000000000000000e+00
1.825000000000000000e+04 7.300212458150423522e-02 2.503413746017296455e-03 9.974965862539827421e-01 0.000000000000000000e+00 0.000000000000000000e+00 0.000000000000000000e+00
1.850000000000000000e+04 7.400215368536033900e-02 1.024123805188893906e-03 9.988620846609012061e-01 0.000000000000000000e+00 1.137915339098771066e-04 0.000000000000000000e+00
1.875000000000000000e+04 7.500218278921666482e-02 6.827492034592626399e-04 9.993172507965407680e-01 0.000000000000000000e+00 0.000000000000000000e+00 0.000000000000000000e+00
1.900000000000000000e+04 7.600221189307276859e-02 1.934456076467910759e-03 9.979517523896221931e-01 0.000000000000000000e+00 1.137915339098771066e-04 0.000000000000000000e+00
1.925000000000000000e+04 7.700224099692909441e-02 7.965407373691396923e-04 9.992034592626308775e-01 0.000000000000000000e+00 0.000000000000000000e+00 0.000000000000000000e+00
1.950000000000000000e+04 7.800227010078519818e-02 1.137915339098770958e-03 9.988620846609012061e-01 0.000000000000000000e+00 0.000000000000000000e+00 0.000000000000000000e+00
1.975000000000000000e+04 7.900229920464152400e-02 1.593081474738279385e-03 9.982931269913518646e-01 0.000000000000000000e+00 1.137915339098771066e-04 0.000000000000000000e+00
2.000000000000000000e+04 8.000232830849762777e-02 1.365498406918525280e-03 9.986345015930814251e-01 0.000000000000000000e+00 0.000000000000000000e+00 0.000000000000000000e+00
2.025000000000000000e+04 8.100235741235395359e-02 2.617205279927173507e-03 9.973827947200728516e-01 0.000000000000000000e+00 0.000000000000000000e+00 0.000000000000000000e+00
2.050000000000000000e+04 8.200238651621005737e-02 1.251706873008648227e-03 9.986345015930814251e-01 0.000000000000000000e+00 1.137915339098771066e-04 0.000000000000000000e+00
2.075000000000000000e+04 8.300241562006638318e-02 1.593081474738279385e-03 9.984069185252617551e-01 0.000000000000000000e+00 0.000000000000000000e+00 0.000000000000000000e+00
2.100000000000000000e+04 8.400244472392248696e-02 9.103322712790168532e-04 9.989758761948110966e-01 0.000000000000000000e+00 1.137915339098771066e-04 0.000000000000000000e+00
2.125000000000000000e+04 8.500247382777881278e-02 1.024123805188893906e-03 9.989758761948110966e-01 0.000000000000000000e+00 0.000000000000000000e+00 0.000000000000000000e+00
2.150000000000000000e+04 8.600250293163491655e-02 2.730996813837050560e-03 9.972690031861629611e-01 0.000000000000000000e+00 0.000000000000000000e+00 0.000000000000000000e+00
2.175000000000000000e+04 8.700253203549124237e-02 3.299954483386436255e-03 9.967000455166135087e-01 0.000000000000000000e+00 0.000000000000000000e+00 0.000000000000000000e+00
2.200000000000000000e+04 8.800256113934756819e-02 4.324078288575329727e-03 9.953345471096950448e-01 0.000000000000000000e+00 3.413746017296313199e-04 0.000000000000000000e+00
2.225000000000000000e+04 8.900259024320367196e-02 1.479289940828402332e-03 9.985207100591716456e-01 0.000000000000000000e+00 0.000000000000000000e+00 0.000000000000000000e+00
2.250000000000000000e+04 9.000261934705999778e-02 2.730996813837050560e-03 9.972690031861629611e-01 0.000000000000000000e+00 0.000000000000000000e+00 0.000000000000000000e+00
2.275000000000000000e+04 9.100264845091610155e-02 2.389622212107419402e-03 9.973827947200728516e-01 0.000000000000000000e+00 2.275830678197542133e-04 0.000000000000000000e+00
2.300000000000000000e+04 9.200267755477242737e-02 2.958579881656804664e-03 9.970414201183431802e-01 0.000000000000000000e+00 0.000000000000000000e+00 0.000000000000000000e+00
2.325000000000000000e+04 9.300270665862853114e-02 1.593081474738279385e-03 9.984069185252617551e-01 0.000000000000000000e+00 0.000000000000000000e+00 0.000000000000000000e+00
2.350000000000000000e+04 9.400273576248485696e-02 3.072371415566681717e-03 9.969276285844332897e-01 0.000000000000000000e+00 0.000000000000000000e+00 0.000000000000000000e+00
2.375000000000000000e+04 9.500276486634096074e-02 5.006827492034592909e-03 9.949931725079653733e-01 0.000000000000000000e+00 0.000000000000000000e+00 0.000000000000000000e+00
2.400000000000000000e+04 9.600279397019728655e-02 2.617205279927173507e-03 9.972690031861629611e-01 0.000000000000000000e+00 1.137915339098771066e-04 0.000000000000000000e+00
2.425000000000000000e+04 9.700282307405339033e-02 2.503413746017296455e-03 9.973827947200728516e-01 0.000000000000000000e+00 1.137915339098771066e-04 0.000000000000000000e+00
2.450000000000000000e+04 9.800285217790971615e-02 4.096495220755575623e-03 9.959035047792443862e-01 0.000000000000000000e+00 0.000000000000000000e+00 0.000000000000000000e+00
2.475000000000000000e+04 9.900288128176581992e-02 2.617205279927173507e-03 9.973827947200728516e-01 0.000000000000000000e+00 0.000000000000000000e+00 0.000000000000000000e+00
2.500000000000000000e+04 1.000029103856221457e-01 5.348202093764223633e-03 9.944242148384160318e-01 0.000000000000000000e+00 2.275830678197542133e-04 0.000000000000000000e+00
2.525000000000000000e+04 1.010029394894782495e-01 3.982703686845699004e-03 9.960172963131542767e-01 0.000000000000000000e+00 0.000000000000000000e+00 0.000000000000000000e+00
2.550000000000000000e+04 1.020029685933345753e-01 6.941283568502503235e-03 9.930587164314974569e-01 0.000000000000000000e+00 0.000000000000000000e+00 0.000000000000000000e+00
2.575000000000000000e+04 1.030029976971906791e-01 6.486117432862995025e-03 9.935138825671370189e-01 0.000000000000000000e+00 0.000000000000000000e+00 0.000000000000000000e+00
2.600000000000000000e+04 1.040030268010470049e-01 6.599908966772872511e-03 9.934000910332271284e-01 0.000000000000000000e+00 0.000000000000000000e+00 0.000000000000000000e+00
2.625000000000000000e+04 1.050030559049033307e-01 3.755120619025944465e-03 9.961310878470641672e-01 0.000000000000000000e+00 1.137915339098771066e-04 0.000000000000000000e+00
2.650000000000000000e+04 1.060030850087594345e-01 6.372325898953117539e-03 9.936276741010469093e-01 0.000000000000000000e+00 0.000000000000000000e+00 0.000000000000000000e+00
2.675000000000000000e+04 1.070031141126157603e-01 6.030951297223486815e-03 9.939690487027764698e-01 0.000000000000000000e+00 0.000000000000000000e+00 0.000000000000000000e+00
2.700000000000000000e+04 1.080031432164718641e-01 7.737824305871643035e-03 9.922621756941283344e-01 0.000000000000000000e+00 0.000000000000000000e+00 0.000000000000000000e+00
2.725000000000000000e+04 1.090031723203281899e-01 6.827492034592626616e-03 9.929449248975875664e-01 0.000000000000000000e+00 2.275830678197542133e-04 0.000000000000000000e+00
2.750000000000000000e+04 1.100032014241842937e-01 4.779244424214838804e-03 9.952207555757851543e-01 0.000000000000000000e+00 0.000000000000000000e+00 0.000000000000000000e+00
2.775000000000000000e+04 1.110032305280406195e-01 7.851615839781519654e-03 9.919208010923987739e-01 0.000000000000000000e+00 2.275830678197542133e-04 0.000000000000000000e+00
2.800000000000000000e+04 1.120032596318967233e-01 1.194811106053709528e-02 9.879380974055530507e-01 0.000000000000000000e+00 1.137915339098771066e-04 0.000000000000000000e+00
2.825000000000000000e+04 1.130032887357530491e-01 1.149294492489758707e-02 9.885070550751023921e-01 0.000000000000000000e+00 0.000000000000000000e+00 0.000000000000000000e+00
2.850000000000000000e+04 1.140033178396091529e-01 9.217114246700046018e-03 9.907828857532999800e-01 0.000000000000000000e+00 0.000000000000000000e+00 0.000000000000000000e+00
2.875000000000000000e+04 1.150033469434654787e-01 1.024123805188893906e-02 9.896449704142011861e-01 0.000000000000000000e+00 1.137915339098771066e-04 0.000000000000000000e+00
2.900000000000000000e+04 1.160033760473215825e-01 1.001365498406918582e-02 9.898725534820209671e-01 0.000000000000000000e+00 1.137915339098771066e-04 0.000000000000000000e+00
2.925000000000000000e+04 1.170034051511779083e-01 1.206190259444697363e-02 9.879380974055530507e-01 0.000000000000000000e+00 0.000000000000000000e+00 0.000000000000000000e+00
2.950000000000000000e+04 1.180034342550340121e-01 8.534365043240782836e-03 9.913518434228493215e-01 0.000000000000000000e+00 1.137915339098771066e-04 0.000000000000000000e+00
2.975000000000000000e+04 1.190034633588903379e-01 9.103322712790167665e-03 9.908966772872098705e-01 0.000000000000000000e+00 0.000000000000000000e+00 0.000000000000000000e+00
3.000000000000000000e+04 1.200034924627464417e-01 1.194811106053709528e-02 9.878243058716431602e-01 0.000000000000000000e+00 2.275830678197542133e-04 0.000000000000000000e+00
3.025000000000000000e+04 1.210035215666027675e-01 1.581702321347291593e-02 9.838416021847974369e-01 0.000000000000000000e+00 3.413746017296313199e-04 0.000000000000000000e+00
3.050000000000000000e+04 1.220035506704590933e-01 1.433773327264451468e-02 9.855484751934455723e-01 0.000000000000000000e+00 1.137915339098771066e-04 0.000000000000000000e+00
3.075000000000000000e+04 1.230035797743151971e-01 1.342740100136549826e-02 9.865725989986344757e-01 0.000000000000000000e+00 0.000000000000000000e+00 0.000000000000000000e+00
3.100000000000000000e+04 1.240036088781715229e-01 1.206190259444697363e-02 9.879380974055530507e-01 0.000000000000000000e+00 0.000000000000000000e+00 0.000000000000000000e+00
3.125000000000000000e+04 1.250036379820276267e-01 1.741010468821119553e-02 9.825898953117887524e-01 0.000000000000000000e+00 0.000000000000000000e+00 0.000000000000000000e+00
3.150000000000000000e+04 1.260036670858839525e-01 1.388256713700500647e-02 9.860036413290851343e-01 0.000000000000000000e+00 1.137915339098771066e-04 0.000000000000000000e+00
3.175000000000000000e+04 1.270036961897400563e-01 1.547564861174328607e-02 9.844105598543468894e-01 0.000000000000000000e+00 1.137915339098771066e-04 0.000000000000000000e+00
3.200000000000000000e+04 1.280037252935963821e-01 1.467910787437414627e-02 9.852071005917160118e-01 0.000000000000000000e+00 1.137915339098771066e-04 0.000000000000000000e+00
3.225000000000000000e+04 1.290037543974524858e-01 1.297223486572599005e-02 9.870277651342740377e-01 0.000000000000000000e+00 0.000000000000000000e+00 0.000000000000000000e+00
3.250000000000000000e+04 1.300037835013088117e-01 1.422394173873463806e-02 9.857760582612653533e-01 0.000000000000000000e+00 0.000000000000000000e+00 0.000000000000000000e+00
3.275000000000000000e+04 1.310038126051649154e-01 1.729631315430131891e-02 9.827036868456986429e-01 0.000000000000000000e+00 0.000000000000000000e+00 0.000000000000000000e+00
3.300000000000000000e+04 1.320038417090212413e-01 1.911697769685935522e-02 9.807692307692307265e-01 0.000000000000000000e+00 1.137915339098771066e-04 0.000000000000000000e+00
3.325000000000000000e+04 1.330038708128773450e-01 2.059626763768775473e-02 9.794037323623122626e-01 0.000000000000000000e+00 0.000000000000000000e+00 0.000000000000000000e+00
3.350000000000000000e+04 1.340038999167336708e-01 1.934456076467910846e-02 9.805416477014110566e-01 0.000000000000000000e+00 1.137915339098771066e-04 0.000000000000000000e+00
3.375000000000000000e+04 1.350039290205897746e-01 2.230314064633591095e-02 9.774692762858443462e-01 0.000000000000000000e+00 2.275830678197542133e-04 0.000000000000000000e+00
3.400000000000000000e+04 1.360039581244461004e-01 2.583067819754210348e-02 9.739417387346381849e-01 0.000000000000000000e+00 2.275830678197542133e-04 0.000000000000000000e+00
3.425000000000000000e+04 1.370039872283022042e-01 2.389622212107419055e-02 9.759899863450158808e-01 0.000000000000000000e+00 1.137915339098771066e-04 0.000000000000000000e+00
3.450000000000000000e+04 1.380040163321585300e-01 2.901684114701866268e-02 9.708693673190714746e-01 0.000000000000000000e+00 1.137915339098771066e-04 0.000000000000000000e+00
3.475000000000000000e+04 1.390040454360148559e-01 2.355484751934456070e-02 9.764451524806554428e-01 0.000000000000000000e+00 0.000000000000000000e+00 0.000000000000000000e+00
3.500000000000000000e+04 1.400040745398709596e-01 2.605826126536185672e-02 9.738279472007282944e-01 0.000000000000000000e+00 1.137915339098771066e-04 0.000000000000000000e+00
3.525000000000000000e+04 1.410041036437272854e-01 2.480655439235321044e-02 9.751934456076467583e-01 0.000000000000000000e+00 0.000000000000000000e+00 0.000000000000000000e+00
3.550000000000000000e+04 1.420041327475833892e-01 2.810650887573964626e-02 9.717796995903504875e-01 0.000000000000000000e+00 1.137915339098771066e-04 0.000000000000000000e+00
3.575000000000000000e+04 1.430041618514397150e-01 2.890304961310878606e-02 9.709831588529813651e-01 0.000000000000000000e+00 1.137915339098771066e-04 0.000000000000000000e+00
3.600000000000000000e+04 1.440041909552958188e-01 3.493400091033227461e-02 9.650659990896677254e-01 0.000000000000000000e+00 0.000000000000000000e+00 0.000000000000000000e+00
3.625000000000000000e+04 1.450042200591521446e-01 3.038233955393718558e-02 9.696176604460627901e-01 0.000000000000000000e+00 0.000000000000000000e+00 0.000000000000000000e+00
3.650000000000000000e+04 1.460042491630082484e-01 3.573054164770141095e-02 9.642694583522986029e-01 0.000000000000000000e+00 0.000000000000000000e+00 0.000000000000000000e+00
3.675000000000000000e+04 1.470042782668645742e-01 4.073736913973600299e-02 9.591488393263540857e-01 0.000000000000000000e+00 1.137915339098771066e-04 0.000000000000000000e+00
3.700000000000000000e+04 1.480043073707206780e-01 3.766499772416932040e-02 9.623350022758306865e-01 0.000000000000000000e+00 0.000000000000000000e+00 0.000000000000000000e+00
3.725000000000000000e+04 1.490043364745770038e-01 3.971324533454710648e-02 9.602867546654528796e-01 0.000000000000000000e+00 0.000000000000000000e+00 0.000000000000000000e+00
3.750000000000000000e+04 1.500043655784331076e-01 4.198907601274465273e-02 9.580109239872554028e-01 0.000000000000000000e+00 0.000000000000000000e+00 0.000000000000000000e+00
3.775000000000000000e+04 1.510043946822894334e-01 5.097860719162494031e-02 9.489076012744651623e-01 0.000000000000000000e+00 1.137915339098771066e-04 0.000000000000000000e+00
3.800000000000000000e+04 1.520044237861455372e-01 5.405097860719162289e-02 9.459490213928083424e-01 0.000000000000000000e+00 0.000000000000000000e+00 0.000000000000000000e+00
3.825000000000000000e+04 1.530044528900018630e-01 5.109239872553481693e-02 9.487938097405552718e-01 0.000000000000000000e+00 1.137915339098771066e-04 0.000000000000000000e+00
3.850000000000000000e+04 1.540044819938579668e-01 4.893035958124715423e-02 9.510696404187528596e-01 0.000000000000000000e+00 0.000000000000000000e+00 0.000000000000000000e+00
3.875000000000000000e+04 1.550045110977142926e-01 5.063723258989531045e-02 9.492489758761948337e-01 0.000000000000000000e+00 1.137915339098771066e-04 0.000000000000000000e+00
3.900000000000000000e+04 1.560045402015706184e-01 5.291306326809285671e-02 9.468593536640873554e-01 0.000000000000000000e+00 2.275830678197542133e-04 0.000000000000000000e+00
3.925000000000000000e+04 1.570045693054267222e-01 6.395084205735093730e-02 9.359353664087392000e-01 0.000000000000000000e+00 1.137915339098771066e-04 0.000000000000000000e+00
3.950000000000000000e+04 1.580045984092830480e-01 6.235776058261265076e-02 9.375284478834774449e-01 0.000000000000000000e+00 1.137915339098771066e-04 0.000000000000000000e+00
3.975000000000000000e+04 1.590046275131391518e-01 6.577150659990896320e-02 9.340009103322712836e-01 0.000000000000000000e+00 2.275830678197542133e-04 0.000000000000000000e+00
4.000000000000000000e+04 1.600046566169954776e-01 7.305416477014110843e-02 9.268320436959490705e-01 0.000000000000000000e+00 1.137915339098771066e-04 0.000000000000000000e+00
4.025000000000000000e+04 1.610046857208515814e-01 6.577150659990896320e-02 9.342284934000910646e-01 0.000000000000000000e+00 0.000000000000000000e+00 0.000000000000000000e+00
4.050000000000000000e+04 1.620047148247079072e-01 7.703686845698680397e-02 9.229631315430132377e-01 0.000000000000000000e+00 0.000000000000000000e+00 0.000000000000000000e+00
4.075000000000000000e+04 1.630047439285640110e-01 7.521620391442876419e-02 9.246700045516613731e-01 0.000000000000000000e+00 1.137915339098771066e-04 0.000000000000000000e+00
4.100000000000000000e+04 1.640047730324203368e-01 8.249886208466089554e-02 9.173873463814292695e-01 0.000000000000000000e+00 1.137915339098771066e-04 0.000000000000000000e+00
4.125000000000000000e+04 1.650048021362764405e-01 6.622667273554846967e-02 9.337733272644515026e-01 0.000000000000000000e+00 0.000000000000000000e+00 0.000000000000000000e+00
4.150000000000000000e+04 1.660048312401327664e-01 8.352298588984979899e-02 9.164770141101502565e-01 0.000000000000000000e+00 0.000000000000000000e+00 0.000000000000000000e+00
4.175000000000000000e+04 1.670048603439888701e-01 8.443331816112881194e-02 9.155666818388711325e-01 0.000000000000000000e+00 0.000000000000000000e+00 0.000000000000000000e+00
4.200000000000000000e+04 1.680048894478451960e-01 8.761948111060537114e-02 9.123805188893946427e-01 0.000000000000000000e+00 0.000000000000000000e+00 0.000000000000000000e+00
4.225000000000000000e+04 1.690049185517012997e-01 8.852981338188438409e-02 9.114701866181156298e-01 0.000000000000000000e+00 0.000000000000000000e+00 0.000000000000000000e+00
4.250000000000000000e+04 1.700049476555576256e-01 1.025261720527992776e-01 8.974738279472007640e-01 0.000000000000000000e+00 0.000000000000000000e+00 0.000000000000000000e+00
4.275000000000000000e+04 1.710049767594137293e-01 1.009330905780609910e-01 8.990669094219390090e-01 0.000000000000000000e+00 0.000000000000000000e+00 0.000000000000000000e+00
4.300000000000000000e+04 1.720050058632700551e-01 9.911242603550296515e-02 9.008875739644970349e-01 0.000000000000000000e+00 0.000000000000000000e+00 0.000000000000000000e+00
4.325000000000000000e+04 1.730050349671263810e-01 1.026399635867091542e-01 8.973600364132908735e-01 0.000000000000000000e+00 0.000000000000000000e+00 0.000000000000000000e+00
4.350000000000000000e+04 1.740050640709824847e-01 1.189121529358215801e-01 8.810878470641784199e-01 0.000000000000000000e+00 0.000000000000000000e+00 0.000000000000000000e+00
4.375000000000000000e+04 1.750050931748388106e-01 1.271051433773327244e-01 8.728948566226673034e-01 0.000000000000000000e+00 0.000000000000000000e+00 0.000000000000000000e+00
4.400000000000000000e+04 1.760051222786949143e-01 1.241465634956759184e-01 8.752844788347746707e-01 0.000000000000000000e+00 5.689576695493854790e-04 0.000000000000000000e+00
4.425000000000000000e+04 1.770051513825512401e-01 1.274465179790623681e-01 8.725534820209376319e-01 0.000000000000000000e+00 0.000000000000000000e+00 0.000000000000000000e+00
4.450000000000000000e+04 1.780051804864073439e-01 1.389394629039599482e-01 8.609467455621301335e-01 0.000000000000000000e+00 1.137915339098771066e-04 0.000000000000000000e+00
4.475000000000000000e+04 1.790052095902636697e-01 1.356395084205735124e-01 8.642467000455166248e-01 0.000000000000000000e+00 1.137915339098771066e-04 0.000000000000000000e+00
4.500000000000000000e+04 1.800052386941197735e-01 1.471324533454710926e-01 8.527537551206190169e-01 0.000000000000000000e+00 1.137915339098771066e-04 0.000000000000000000e+00
4.525000000000000000e+04 1.810052677979760993e-01 1.366636322257624159e-01 8.632225762403277214e-01 0.000000000000000000e+00 1.137915339098771066e-04 0.000000000000000000e+00
4.550000000000000000e+04 1.820052969018322031e-01 1.570323167956304000e-01 8.428538916704597650e-01 0.000000000000000000e+00 1.137915339098771066e-04 0.000000000000000000e+00
4.575000000000000000e+04 1.830053260056885289e-01 1.573736913973600438e-01 8.426263086026399840e-01 0.000000000000000000e+00 0.000000000000000000e+00 0.000000000000000000e+00
4.600000000000000000e+04 1.840053551095446327e-01 1.810423304506144637e-01 8.189576695493855363e-01 0.000000000000000000e+00 0.000000000000000000e+00 0.000000000000000000e+00
4.625000000000000000e+04 1.850053842134009585e-01 1.846836595357305433e-01 8.153163404642694845e-01 0.000000000000000000e+00 0.000000000000000000e+00 0.000000000000000000e+00
4.650000000000000000e+04 1.860054133172570623e-01 1.826354119253527641e-01 8.173645880746472914e-01 0.000000000000000000e+00 0.000000000000000000e+00 0.000000000000000000e+00
4.675000000000000000e+04 1.870054424211133881e-01 1.986800182066454368e-01 8.013199817933546187e-01 0.000000000000000000e+00 0.000000000000000000e+00 0.000000000000000000e+00
4.700000000000000000e+04 1.880054715249694919e-01 2.026627218934911323e-01 7.971096950386891145e-01 2.275830678197542133e-04 0.000000000000000000e+00 0.000000000000000000e+00
4.725000000000000000e+04 1.890055006288258177e-01 2.034592626308602548e-01 7.964269458352298825e-01 0.000000000000000000e+00 1.137915339098771066e-04 0.000000000000000000e+00
4.750000000000000000e+04 1.900055297326819215e-01 2.146108329540282189e-01 7.853891670459717256e-01 0.000000000000000000e+00 0.000000000000000000e+00 0.000000000000000000e+00
4.775000000000000000e+04 1.910055588365382473e-01 2.342967683204369711e-01 7.647928994082839882e-01 7.965407373691396923e-04 1.137915339098771066e-04 0.000000000000000000e+00
4.800000000000000000e+04 1.920055879403945731e-01 2.696859353664087244e-01 7.289485662266727006e-01 7.965407373691396923e-04 5.689576695493854790e-04 0.000000000000000000e+00
4.825000000000000000e+04 1.930056170442506769e-01 2.853891670459717811e-01 7.125625853436504675e-01 1.479289940828402332e-03 5.689576695493854790e-04 0.000000000000000000e+00
4.850000000000000000e+04 1.940056461481070027e-01 3.435366408739189970e-01 6.449704142011833952e-01 8.989531178880291046e-03 2.503413746017296455e-03 0.000000000000000000e+00
4.875000000000000000e+04 1.950056752519631065e-01 4.006599908966773094e-01 5.656577150659990449e-01 2.594446973145198010e-02 7.737824305871643035e-03 0.000000000000000000e+00
4.900000000000000000e+04 1.960057043558194323e-01 4.456076467910787264e-01 5.042102867546655043e-01 3.868912152935821691e-02 1.149294492489758707e-02 0.000000000000000000e+00
4.925000000000000000e+04 1.970057334596755361e-01 4.662039144287665193e-01 4.639280837505689314e-01 5.689576695493855224e-02 1.297223486572599005e-02 0.000000000000000000e+00
4.950000000000000000e+04 1.980057625635318619e-01 4.812243969048702885e-01 4.211424670004551563e-01 8.682294037323623481e-02 1.081019572143832562e-02 0.000000000000000000e+00
4.975000000000000000e+04 1.990057916673879657e-01 4.839553937187073274e-01 4.002048247610378029e-01 1.029813381884387841e-01 1.285844333181611343e-02 0.000000000000000000e+00
5.000000000000000000e+04 2.000058207712442915e-01 4.808830223031406725e-01 3.986117432862995025e-01 1.074192080109239861e-01 1.308602639963586667e-02 0.000000000000000000e+00
5.025000000000000000e+04 2.010058498751003953e-01 4.633591260810195900e-01 4.074874829312699065e-01 1.178880291306326766e-01 1.126536185707783383e-02 0.000000000000000000e+00
5.050000000000000000e+04 2.020058789789567211e-01 4.543695949021392955e-01 4.172735548475193235e-01 1.161811561219845274e-01 1.217569412835685025e-02 0.000000000000000000e+00
5.075000000000000000e+04 2.030059080828128248e-01 4.415111515703231682e-01 4.258079198907601115e-01 1.240327719617660418e-01 8.648156577150659455e-03 0.000000000000000000e+00
5.100000000000000000e+04 2.040059371866691507e-01 4.394629039599453613e-01 4.244424214838415921e-01 1.263086026399635742e-01 9.786071916249430847e-03 0.000000000000000000e+00
5.125000000000000000e+04 2.050059662905252544e-01 4.206873008648156498e-01 4.442421483841602070e-01 1.234638142922166587e-01 1.160673645880746542e-02 0.000000000000000000e+00
5.150000000000000000e+04 2.060059953943815803e-01 4.146563495675921751e-01 4.507282658170231882e-01 1.241465634956759184e-01 1.046882111970869403e-02 0.000000000000000000e+00
5.175000000000000000e+04 2.070060244982376840e-01 4.098771051433773294e-01 4.556213017751479244e-01 1.233500227583067821e-01 1.115157032316795548e-02 0.000000000000000000e+00
5.200000000000000000e+04 2.080060536020940098e-01 4.029358215748748417e-01 4.607419208010923861e-01 1.261948111060537114e-01 1.012744651797906244e-02 0.000000000000000000e+00
5.225000000000000000e+04 2.090060827059503357e-01 4.068047337278106745e-01 4.639280837505689314e-01 1.205052344105598527e-01 8.761948111060537808e-03 0.000000000000000000e+00
5.250000000000000000e+04 2.100061118098064394e-01 3.950842057350932857e-01 4.715521165225307065e-01 1.238051888939462886e-01 9.558488848429677609e-03 0.000000000000000000e+00
5.275000000000000000e+04 2.110061409136627653e-01 3.915566681838871244e-01 4.663177059626763543e-01 1.315430131998179264e-01 1.058261265361857065e-02 0.000000000000000000e+00
5.300000000000000000e+04 2.120061700175188690e-01 3.889394629039599205e-01 4.681383705052344357e-01 1.334774692762858428e-01 9.444697314519799256e-03 0.000000000000000000e+00
5.325000000000000000e+04 2.130061991213751948e-01 3.900773782430587144e-01 4.697314519799726806e-01 1.318843878015475701e-01 8.306781975421027864e-03 0.000000000000000000e+00
5.350000000000000000e+04 2.140062282252312986e-01 3.933773327264451503e-01 4.677969959035047642e-01 1.316568047337278169e-01 7.168866636322257339e-03 0.000000000000000000e+00
5.375000000000000000e+04 2.150062573290876244e-01 3.918980427856167403e-01 4.685935366408739422e-01 1.312016385980883104e-01 8.306781975421027864e-03 0.000000000000000000e+00
5.400000000000000000e+04 2.160062864329437282e-01 3.912152935821575084e-01 4.730314064633591165e-01 1.289258079198907503e-01 6.827492034592626616e-03 0.000000000000000000e+00
5.425000000000000000e+04 2.170063155368000540e-01 3.899635867091488239e-01 4.699590350477924616e-01 1.305188893946290507e-01 9.558488848429677609e-03 0.000000000000000000e+00
5.450000000000000000e+04 2.180063446406561578e-01 3.863222576240327721e-01 4.779244424214838527e-01 1.275603095129722309e-01 8.192990441511151245e-03 0.000000000000000000e+00
5.475000000000000000e+04 2.190063737445124836e-01 3.846153846153846367e-01 4.798588984979517691e-01 1.289258079198907503e-01 6.599908966772872511e-03 0.000000000000000000e+00
5.500000000000000000e+04 2.200064028483685874e-01 3.806326809285389134e-01 4.790623577605825911e-01 1.317705962676376796e-01 8.534365043240782836e-03 0.000000000000000000e+00
5.525000000000000000e+04 2.210064319522249132e-01 3.725534820209376319e-01 4.853208921256258468e-01 1.351843422849340060e-01 6.941283568502503235e-03 0.000000000000000000e+00
5.550000000000000000e+04 2.220064610560810170e-01 3.723258989531179064e-01 4.873691397360036537e-01 1.321119708693673234e-01 8.192990441511151245e-03 0.000000000000000000e+00
5.575000000000000000e+04 2.230064901599373428e-01 3.680018206645425671e-01 4.930587164314975124e-01 1.317705962676376796e-01 7.168866636322257339e-03 0.000000000000000000e+00
5.600000000000000000e+04 2.240065192637934466e-01 3.683431952662721831e-01 4.948793809740555383e-01 1.292671825216203940e-01 7.510241238051888930e-03 0.000000000000000000e+00
5.625000000000000000e+04 2.250065483676497724e-01 3.661811561219845412e-01 4.951069640418752638e-01 1.314292216659080637e-01 7.282658170232134826e-03 0.000000000000000000e+00
5.650000000000000000e+04 2.260065774715060982e-01 3.685707783340919641e-01 4.967000455166135642e-01 1.282430587164314906e-01 6.486117432862995025e-03 0.000000000000000000e+00
5.675000000000000000e+04 2.270066065753622020e-01 3.684569868001820736e-01 4.965862539827036737e-01 1.277878925807919841e-01 7.055075102412380721e-03 1.137915339098771066e-04
