# itime ezz other fcc hcp bcc ico
0.000000000000000000e+00 0.000000000000000000e+00 1.137915339098770958e-03 9.988620846609012061e-01 0.000000000000000000e+00 0.000000000000000000e+00 0.000000000000000000e+00
3.000000000000000000e+01 1.200006158305910731e-02 4.551661356395084266e-04 9.995448338643604380e-01 0.000000000000000000e+00 0.000000000000000000e+00 0.000000000000000000e+00
6.000000000000000000e+01 2.400012316611799257e-02 2.844788347746927612e-03 9.971552116522530707e-01 0.000000000000000000e+00 0.000000000000000000e+00 0.000000000000000000e+00
9.000000000000000000e+01 3.600018474917709987e-02 5.575785161583977738e-03 9.943104233045061413e-01 0.000000000000000000e+00 1.137915339098771066e-04 0.000000000000000000e+00
1.200000000000000000e+02 4.800024633223598514e-02 6.258534365043240920e-03 9.935138825671370189e-01 0.000000000000000000e+00 2.275830678197542133e-04 0.000000000000000000e+00
1.500000000000000000e+02 6.000030791529509244e-02 2.298588984979517413e-02 9.761037778789257713e-01 0.000000000000000000e+00 9.103322712790168532e-04 0.000000000000000000e+00
1.800000000000000000e+02 7.200036949835397770e-02 3.675466545289030745e-02 9.619936276741010150e-01 0.000000000000000000e+00 1.251706873008648227e-03 0.000000000000000000e+00
2.100000000000000000e+02 8.400043108141308501e-02 6.725079654073737312e-02 9.294492489758762188e-01 0.000000000000000000e+00 3.299954483386436255e-03 0.000000000000000000e+00
2.400000000000000000e+02 9.600049266447197027e-02 1.342740100136549930e-01 8.581019572143832042e-01 0.000000000000000000e+00 7.624032771961766417e-03 0.000000000000000000e+00
2.700000000000000000e+02 1.080005542475310776e-01 2.271279016841147025e-01 7.539827036868457233e-01 0.000000000000000000e+00 1.888939462903959851e-02 0.000000000000000000e+00
3.000000000000000000e+02 1.200006158305899628e-01 3.830223031406463363e-01 5.798816568047336917e-01 1.137915339098771066e-04 3.698224852071006069e-02 0.000000000000000000e+00
3.300000000000000000e+02 1.320006774136490701e-01 5.244651797906235702e-01 4.021392808375056638e-01 1.137915339098770958e-03 7.225762403277195822e-02 0.000000000000000000e+00
3.600000000000000000e+02 1.440007389967079554e-01 6.645425580336823401e-01 2.191624943104233114e-01 4.551661356395083832e-03 1.117432862994993115e-01 0.000000000000000000e+00
3.900000000000000000e+02 1.560008005797670627e-01 7.314519799726900695e-01 1.139053254437869811e-01 1.115157032316795548e-02 1.434911242603550408e-01 0.000000000000000000e+00
4.200000000000000000e+02 1.680008621628261700e-01 7.778789258079198410e-01 6.167501137915339104e-02 1.741010468821119553e-02 1.430359581247155343e-01 0.000000000000000000e+00
4.500000000000000000e+02 1.800009237458850553e-01 7.999544833864360438e-01 4.506144742831133532e-02 2.344105598543468408e-02 1.315430131998179264e-01 0.000000000000000000e+00
4.800000000000000000e+02 1.920009853289441626e-01 8.276058261265362148e-01 3.208921256258534527e-02 2.457897132453345374e-02 1.157259899863450209e-01 0.000000000000000000e+00
5.100000000000000000e+02 2.040010469120030479e-01 8.725534820209376319e-01 2.287209831588529751e-02 2.719617660446062984e-02 7.737824305871643382e-02 0.000000000000000000e+00
5.400000000000000000e+02 2.160011084950621552e-01 8.918980427856167958e-01 2.196176604460628110e-02 2.924442421483841592e-02 5.666818388711879900e-02 2.275830678197542133e-04
5.700000000000000000e+02 2.280011700781210404e-01 9.145425580336823401e-01 1.934456076467910846e-02 2.605826126536185672e-02 4.005461993627674328e-02 0.000000000000000000e+00
6.000000000000000000e+02 2.400012316611801477e-01 9.237596722803823601e-01 1.695493855257168905e-02 2.730996813837050646e-02 3.197542102867546865e-02 0.000000000000000000e+00
6.300000000000000000e+02 2.520012932442390330e-01 9.313837050523441352e-01 1.547564861174328607e-02 2.571688666363222686e-02 2.742375967228038308e-02 0.000000000000000000e+00
6.600000000000000000e+02 2.640013548272981403e-01 9.399180700955849233e-01 1.502048247610377786e-02 2.366863905325443732e-02 2.139280837505689453e-02 0.000000000000000000e+00
6.900000000000000000e+02 2.760014164103570256e-01 9.433318161128811941e-01 1.524806554392353283e-02 2.207555757851615771e-02 1.934456076467910846e-02 0.000000000000000000e+00
7.200000000000000000e+02 2.880014779934161329e-01 9.530040964952207760e-01 1.285844333181611343e-02 2.002730996813837164e-02 1.399635867091488309e-02 1.137915339098771066e-04
7.500000000000000000e+02 3.000015395764752402e-01 9.592626308602639762e-01 1.217569412835685025e-02 1.649977241693217911e-02 1.194811106053709528e-02 1.137915339098771066e-04
7.800000000000000000e+02 3.120016011595341254e-01 9.610832954028220021e-01 1.160673645880746542e-02 1.672735548475193582e-02 1.046882111970869403e-02 1.137915339098771066e-04
8.100000000000000000e+02 3.240016627425932327e-01 9.650659990896677254e-01 1.024123805188893906e-02 1.422394173873463806e-02 1.046882111970869403e-02 0.000000000000000000e+00
8.400000000000000000e+02 3.360017243256521180e-01 9.725762403277196100e-01 8.989531178880291046e-03 1.160673645880746542e-02 6.827492034592626616e-03 0.000000000000000000e+00
8.700000000000000000e+02 3.480017859087112253e-01 9.746244879380974169e-01 8.420573509330906217e-03 1.092398725534820224e-02 5.917159763313609329e-03 1.137915339098771066e-04
9.000000000000000000e+02 3.600018474917701106e-01 9.742831133363677454e-01 8.534365043240782836e-03 1.137915339098771045e-02 5.689576695493855224e-03 1.137915339098771066e-04
9.300000000000000000e+02 3.720019090748292179e-01 9.759899863450158808e-01 6.599908966772872511e-03 1.149294492489758707e-02 5.803368229403732710e-03 1.137915339098771066e-04
9.600000000000000000e+02 3.840019706578881031e-01 9.796313154301320436e-01 6.486117432862995025e-03 9.103322712790167665e-03 4.665452890304961318e-03 1.137915339098771066e-04
9.900000000000000000e+02 3.960020322409474325e-01 9.806554392353209471e-01 5.575785161583977738e-03 9.330905780609922637e-03 4.096495220755575623e-03 3.413746017296313199e-04
1.020000000000000000e+03 4.080020938240060957e-01 9.825898953117887524e-01 4.437869822485207214e-03 8.761948111060537808e-03 4.096495220755575623e-03 1.137915339098771066e-04
1.050000000000000000e+03 4.200021554070654251e-01 9.830450614474283144e-01 4.437869822485207214e-03 8.989531178880291046e-03 3.072371415566681717e-03 4.551661356395084266e-04
1.080000000000000000e+03 4.320022169901240883e-01 9.849795175238962308e-01 4.210286754665453109e-03 6.258534365043240920e-03 3.868912152935821518e-03 6.827492034592626399e-04
1.110000000000000000e+03 4.440022785731834176e-01 9.878243058716431602e-01 3.299954483386436255e-03 5.234410559854347014e-03 2.958579881656804664e-03 6.827492034592626399e-04
1.140000000000000000e+03 4.560023401562420808e-01 9.868001820664542567e-01 3.641329085116067413e-03 5.348202093764223633e-03 3.413746017296313308e-03 7.965407373691396923e-04
1.170000000000000000e+03 4.680024017393014102e-01 9.899863450159308575e-01 3.072371415566681717e-03 4.893035958124715423e-03 1.820664542558033706e-03 2.275830678197542133e-04
1.200000000000000000e+03 4.800024633223600734e-01 9.911242603550295405e-01 2.048247610377787811e-03 4.779244424214838804e-03 1.706873008648156654e-03 3.413746017296313199e-04
1.230000000000000000e+03 4.920025249054194028e-01 9.915794264906691025e-01 2.048247610377787811e-03 3.527537551206190360e-03 2.503413746017296455e-03 3.413746017296313199e-04
1.260000000000000000e+03 5.040025864884780660e-01 9.911242603550295405e-01 2.162039144287664864e-03 2.617205279927173507e-03 3.755120619025944465e-03 3.413746017296313199e-04
1.290000000000000000e+03 5.160026480715373953e-01 9.920345926263085534e-01 2.048247610377787811e-03 3.072371415566681717e-03 2.389622212107419402e-03 4.551661356395084266e-04
1.320000000000000000e+03 5.280027096545960585e-01 9.912380518889394310e-01 2.162039144287664864e-03 2.389622212107419402e-03 3.527537551206190360e-03 6.827492034592626399e-04
1.350000000000000000e+03 5.400027712376553879e-01 9.918070095584888834e-01 1.593081474738279385e-03 2.617205279927173507e-03 3.072371415566681717e-03 9.103322712790168532e-04
1.380000000000000000e+03 5.520028328207140511e-01 9.943104233045061413e-01 1.024123805188893906e-03 3.072371415566681717e-03 1.365498406918525280e-03 2.275830678197542133e-04
1.410000000000000000e+03 5.640028944037733805e-01 9.949931725079653733e-01 1.137915339098770958e-03 2.162039144287664864e-03 1.137915339098770958e-03 5.689576695493854790e-04
1.440000000000000000e+03 5.760029559868320437e-01 9.936276741010469093e-01 1.137915339098770958e-03 3.186162949476558769e-03 1.365498406918525280e-03 6.827492034592626399e-04
1.470000000000000000e+03 5.880030175698913730e-01 9.949931725079653733e-01 7.965407373691396923e-04 2.048247610377787811e-03 1.479289940828402332e-03 6.827492034592626399e-04
1.500000000000000000e+03 6.000030791529500362e-01 9.941966317705962508e-01 1.137915339098770958e-03 2.275830678197541916e-03 1.365498406918525280e-03 1.024123805188893906e-03
1.530000000000000000e+03 6.120031407360093656e-01 9.959035047792443862e-01 7.965407373691396923e-04 1.706873008648156654e-03 1.251706873008648227e-03 3.413746017296313199e-04
1.560000000000000000e+03 6.240032023190680288e-01 9.953345471096950448e-01 9.103322712790168532e-04 2.162039144287664864e-03 1.365498406918525280e-03 2.275830678197542133e-04
1.590000000000000000e+03 6.360032639021273582e-01 9.959035047792443862e-01 5.689576695493854790e-04 2.048247610377787811e-03 9.103322712790168532e-04 5.689576695493854790e-04
1.620000000000000000e+03 6.480033254851860214e-01 9.967000455166135087e-01 1.365498406918525280e-03 1.365498406918525280e-03 3.413746017296313199e-04 2.275830678197542133e-04
1.650000000000000000e+03 6.600033870682453507e-01 9.963586709148839482e-01 7.965407373691396923e-04 1.479289940828402332e-03 5.689576695493854790e-04 7.965407373691396923e-04
1.680000000000000000e+03 6.720034486513042360e-01 9.976103777878926326e-01 5.689576695493854790e-04 6.827492034592626399e-04 2.275830678197542133e-04 9.103322712790168532e-04
1.710000000000000000e+03 6.840035102343633433e-01 9.967000455166135087e-01 5.689576695493854790e-04 1.024123805188893906e-03 6.827492034592626399e-04 1.024123805188893906e-03
1.740000000000000000e+03 6.960035718174222286e-01 9.965862539827037292e-01 6.827492034592626399e-04 1.137915339098770958e-03 4.551661356395084266e-04 1.137915339098770958e-03
1.770000000000000000e+03 7.080036334004815579e-01 9.976103777878926326e-01 4.551661356395084266e-04 1.137915339098770958e-03 2.275830678197542133e-04 5.689576695493854790e-04
1.800000000000000000e+03 7.200036949835402211e-01 9.980655439235320836e-01 2.275830678197542133e-04 5.689576695493854790e-04 1.137915339098771066e-04 1.024123805188893906e-03
1.830000000000000000e+03 7.320037565665995505e-01 9.981793354574419741e-01 1.137915339098771066e-04 6.827492034592626399e-04 5.689576695493854790e-04 4.551661356395084266e-04
1.860000000000000000e+03 7.440038181496582137e-01 9.980655439235320836e-01 3.413746017296313199e-04 7.965407373691396923e-04 0.000000000000000000e+00 7.965407373691396923e-04
1.890000000000000000e+03 7.560038797327175430e-01 9.977241693218024121e-01 4.551661356395084266e-04 1.024123805188893906e-03 1.137915339098771066e-04 6.827492034592626399e-04
1.920000000000000000e+03 7.680039413157762063e-01 9.982931269913518646e-01 3.413746017296313199e-04 5.689576695493854790e-04 1.137915339098771066e-04 6.827492034592626399e-04
1.950000000000000000e+03 7.800040028988355356e-01 9.967000455166135087e-01 2.275830678197542133e-04 1.365498406918525280e-03 3.413746017296313199e-04 1.365498406918525280e-03
1.980000000000000000e+03 7.920040644818941988e-01 9.981793354574419741e-01 1.137915339098771066e-04 7.965407373691396923e-04 1.137915339098771066e-04 7.965407373691396923e-04
2.010000000000000000e+03 8.040041260649535282e-01 9.979517523896221931e-01 2.275830678197542133e-04 6.827492034592626399e-04 1.137915339098771066e-04 1.024123805188893906e-03
2.040000000000000000e+03 8.160041876480121914e-01 9.974965862539827421e-01 2.275830678197542133e-04 1.593081474738279385e-03 1.137915339098771066e-04 5.689576695493854790e-04
2.070000000000000000e+03 8.280042492310715208e-01 9.984069185252617551e-01 1.137915339098771066e-04 5.689576695493854790e-04 2.275830678197542133e-04 6.827492034592626399e-04
2.100000000000000000e+03 8.400043108141301840e-01 9.971552116522530707e-01 4.551661356395084266e-04 9.103322712790168532e-04 2.275830678197542133e-04 1.251706873008648227e-03
2.130000000000000000e+03 8.520043723971895133e-01 9.977241693218024121e-01 3.413746017296313199e-04 6.827492034592626399e-04 2.275830678197542133e-04 1.024123805188893906e-03
2.160000000000000000e+03 8.640044339802481765e-01 9.980655439235320836e-01 2.275830678197542133e-04 1.024123805188893906e-03 0.000000000000000000e+00 6.827492034592626399e-04
2.190000000000000000e+03 8.760044955633075059e-01 9.980655439235320836e-01 2.275830678197542133e-04 6.827492034592626399e-04 0.000000000000000000e+00 1.024123805188893906e-03
2.220000000000000000e+03 8.880045571463661691e-01 9.972690031861629611e-01 4.551661356395084266e-04 6.827492034592626399e-04 3.413746017296313199e-04 1.251706873008648227e-03
2.250000000000000000e+03 9.000046187294254985e-01 9.976103777878926326e-01 3.413746017296313199e-04 9.103322712790168532e-04 1.137915339098771066e-04 1.024123805188893906e-03
2.280000000000000000e+03 9.120046803124841617e-01 9.976103777878926326e-01 3.413746017296313199e-04 5.689576695493854790e-04 2.275830678197542133e-04 1.251706873008648227e-03
2.310000000000000000e+03 9.240047418955434910e-01 9.980655439235320836e-01 0.000000000000000000e+00 6.827492034592626399e-04 3.413746017296313199e-04 9.103322712790168532e-04
2.340000000000000000e+03 9.360048034786021542e-01 9.974965862539827421e-01 4.551661356395084266e-04 5.689576695493854790e-04 3.413746017296313199e-04 1.137915339098770958e-03
2.370000000000000000e+03 9.480048650616614836e-01 9.970414201183431802e-01 4.551661356395084266e-04 7.965407373691396923e-04 5.689576695493854790e-04 1.137915339098770958e-03
2.400000000000000000e+03 9.600049266447203689e-01 9.977241693218024121e-01 2.275830678197542133e-04 1.024123805188893906e-03 1.137915339098771066e-04 9.103322712790168532e-04
2.430000000000000000e+03 9.720049882277794762e-01 9.980655439235320836e-01 1.137915339098771066e-04 1.137915339098771066e-04 3.413746017296313199e-04 1.365498406918525280e-03
2.460000000000000000e+03 9.840050498108383614e-01 9.981793354574419741e-01 1.137915339098771066e-04 3.413746017296313199e-04 4.551661356395084266e-04 9.103322712790168532e-04
2.490000000000000000e+03 9.960051113938976908e-01 9.981793354574419741e-01 2.275830678197542133e-04 3.413746017296313199e-04 1.137915339098771066e-04 1.137915339098770958e-03
