# itime ezz other fcc hcp bcc ico
0.000000000000000000e+00 0.000000000000000000e+00 1.365498406918525280e-03 9.986345015930814251e-01 0.000000000000000000e+00 0.000000000000000000e+00 0.000000000000000000e+00
3.000000000000000000e+00 1.200042374301935055e-03 2.275830678197542133e-04 9.997724169321802190e-01 0.000000000000000000e+00 0.000000000000000000e+00 0.000000000000000000e+00
6.000000000000000000e+00 2.400084748603870111e-03 2.275830678197542133e-04 9.997724169321802190e-01 0.000000000000000000e+00 0.000000000000000000e+00 0.000000000000000000e+00
9.000000000000000000e+00 3.600127122905583121e-03 2.275830678197542133e-04 9.997724169321802190e-01 0.000000000000000000e+00 0.000000000000000000e+00 0.000000000000000000e+00
1.200000000000000000e+01 4.800169497207518177e-03 1.024123805188893906e-03 9.989758761948110966e-01 0.000000000000000000e+00 0.000000000000000000e+00 0.000000000000000000e+00
1.500000000000000000e+01 6.000211871509453232e-03 1.365498406918525280e-03 9.986345015930814251e-01 0.000000000000000000e+00 0.000000000000000000e+00 0.000000000000000000e+00
1.800000000000000000e+01 7.200254245811388287e-03 1.706873008648156654e-03 9.982931269913518646e-01 0.000000000000000000e+00 0.000000000000000000e+00 0.000000000000000000e+00
2.100000000000000000e+01 8.400296620113101298e-03 1.706873008648156654e-03 9.981793354574419741e-01 0.000000000000000000e+00 1.137915339098771066e-04 0.000000000000000000e+00
2.400000000000000000e+01 9.600338994415036353e-03 1.365498406918525280e-03 9.984069185252617551e-01 0.000000000000000000e+00 2.275830678197542133e-04 0.000000000000000000e+00
2.700000000000000000e+01 1.080038136871697141e-02 1.251706873008648227e-03 9.986345015930814251e-01 0.000000000000000000e+00 1.137915339098771066e-04 0.000000000000000000e+00
3.000000000000000000e+01 1.200042374301890646e-02 6.827492034592626399e-04 9.993172507965407680e-01 0.000000000000000000e+00 0.000000000000000000e+00 0.000000000000000000e+00
3.300000000000000000e+01 1.320046611732084152e-02 1.024123805188893906e-03 9.989758761948110966e-01 0.000000000000000000e+00 0.000000000000000000e+00 0.000000000000000000e+00
3.600000000000000000e+01 1.440050849162255453e-02 7.965407373691396923e-04 9.992034592626308775e-01 0.000000000000000000e+00 0.000000000000000000e+00 0.000000000000000000e+00
3.900000000000000000e+01 1.560055086592448959e-02 3.413746017296313199e-04 9.996586253982703285e-01 0.000000000000000000e+00 0.000000000000000000e+00 0.000000000000000000e+00
4.200000000000000000e+01 1.680059324022642464e-02 2.275830678197542133e-04 9.997724169321802190e-01 0.000000000000000000e+00 0.000000000000000000e+00 0.000000000000000000e+00
4.500000000000000000e+01 1.800063561452835970e-02 1.706873008648156654e-03 9.981793354574419741e-01 0.000000000000000000e+00 1.137915339098771066e-04 0.000000000000000000e+00
4.800000000000000000e+01 1.920067798883029475e-02 2.389622212107419402e-03 9.973827947200728516e-01 0.000000000000000000e+00 2.275830678197542133e-04 0.000000000000000000e+00
5.100000000000000000e+01 2.040072036313200776e-02 1.934456076467910759e-03 9.980655439235320836e-01 0.000000000000000000e+00 0.000000000000000000e+00 0.000000000000000000e+00
5.400000000000000000e+01 2.160076273743394282e-02 2.162039144287664864e-03 9.977241693218024121e-01 0.000000000000000000e+00 1.137915339098771066e-04 0.000000000000000000e+00
5.700000000000000000e+01 2.280080511173587787e-02 2.162039144287664864e-03 9.978379608557123026e-01 0.000000000000000000e+00 0.000000000000000000e+00 0.000000000000000000e+00
6.000000000000000000e+01 2.400084748603781293e-02 2.275830678197541916e-03 9.977241693218024121e-01 0.000000000000000000e+00 0.000000000000000000e+00 0.000000000000000000e+00
6.300000000000000000e+01 2.520088986033952594e-02 1.251706873008648227e-03 9.987482931269913156e-01 0.000000000000000000e+00 0.000000000000000000e+00 0.000000000000000000e+00
6.600000000000000000e+01 2.640093223464146099e-02 1.137915339098770958e-03 9.988620846609012061e-01 0.000000000000000000e+00 0.000000000000000000e+00 0.000000000000000000e+00
6.900000000000000000e+01 2.760097460894339605e-02 1.706873008648156654e-03 9.982931269913518646e-01 0.000000000000000000e+00 0.000000000000000000e+00 0.000000000000000000e+00
7.200000000000000000e+01 2.880101698324533110e-02 2.730996813837050560e-03 9.972690031861629611e-01 0.000000000000000000e+00 0.000000000000000000e+00 0.000000000000000000e+00
7.500000000000000000e+01 3.000105935754726616e-02 2.503413746017296455e-03 9.973827947200728516e-01 0.000000000000000000e+00 1.137915339098771066e-04 0.000000000000000000e+00
7.800000000000000000e+01 3.120110173184897917e-02 3.755120619025944465e-03 9.961310878470641672e-01 0.000000000000000000e+00 1.137915339098771066e-04 0.000000000000000000e+00
8.100000000000000000e+01 3.240114410615091423e-02 3.413746017296313308e-03 9.965862539827037292e-01 0.000000000000000000e+00 0.000000000000000000e+00 0.000000000000000000e+00
8.400000000000000000e+01 3.360118648045284928e-02 4.210286754665453109e-03 9.957897132453344957e-01 0.000000000000000000e+00 0.000000000000000000e+00 0.000000000000000000e+00
8.700000000000000000e+01 3.480122885475478434e-02 5.006827492034592909e-03 9.948793809740554828e-01 0.000000000000000000e+00 1.137915339098771066e-04 0.000000000000000000e+00
9.000000000000000000e+01 3.600127122905649735e-02 5.803368229403732710e-03 9.939690487027764698e-01 0.000000000000000000e+00 2.275830678197542133e-04 0.000000000000000000e+00
9.300000000000000000e+01 3.720131360335843240e-02 6.258534365043240920e-03 9.937414656349567998e-01 0.000000000000000000e+00 0.000000000000000000e+00 0.000000000000000000e+00
9.600000000000000000e+01 3.840135597766036746e-02 7.851615839781519654e-03 9.919208010923987739e-01 0.000000000000000000e+00 2.275830678197542133e-04 0.000000000000000000e+00
9.900000000000000000e+01 3.960139835196230251e-02 7.168866636322257339e-03 9.924897587619481154e-01 0.000000000000000000e+00 3.413746017296313199e-04 0.000000000000000000e+00
1.020000000000000000e+02 4.080144072626423757e-02 7.510241238051888930e-03 9.922621756941283344e-01 0.000000000000000000e+00 2.275830678197542133e-04 0.000000000000000000e+00
1.050000000000000000e+02 4.200148310056595058e-02 6.486117432862995025e-03 9.932862994993172379e-01 0.000000000000000000e+00 2.275830678197542133e-04 0.000000000000000000e+00
1.080000000000000000e+02 4.320152547486788563e-02 8.192990441511151245e-03 9.918070095584888834e-01 0.000000000000000000e+00 0.000000000000000000e+00 0.000000000000000000e+00
1.110000000000000000e+02 4.440156784916982069e-02 6.372325898953117539e-03 9.936276741010469093e-01 0.000000000000000000e+00 0.000000000000000000e+00 0.000000000000000000e+00
1.140000000000000000e+02 4.560161022347175575e-02 8.420573509330906217e-03 9.914656349567592120e-01 0.000000000000000000e+00 1.137915339098771066e-04 0.000000000000000000e+00
1.170000000000000000e+02 4.680165259777346876e-02 9.672280382339554228e-03 9.903277196176604180e-01 0.000000000000000000e+00 0.000000000000000000e+00 0.000000000000000000e+00
1.200000000000000000e+02 4.800169497207540381e-02 1.058261265361857065e-02 9.890760127446518446e-01 0.000000000000000000e+00 3.413746017296313199e-04 0.000000000000000000e+00
1.230000000000000000e+02 4.920173734637733887e-02 1.183431952662721866e-02 9.875967228038233792e-01 0.000000000000000000e+00 5.689576695493854790e-04 0.000000000000000000e+00
1.260000000000000000e+02 5.040177972067927392e-02 1.433773327264451468e-02 9.845243513882566688e-01 0.000000000000000000e+00 1.137915339098770958e-03 0.000000000000000000e+00
1.290000000000000000e+02 5.160182209498120898e-02 1.479289940828402289e-02 9.845243513882566688e-01 0.000000000000000000e+00 6.827492034592626399e-04 0.000000000000000000e+00
1.320000000000000000e+02 5.280186446928292199e-02 1.365498406918525323e-02 9.857760582612653533e-01 0.000000000000000000e+00 5.689576695493854790e-04 0.000000000000000000e+00
1.350000000000000000e+02 5.400190684358485704e-02 1.388256713700500647e-02 9.857760582612653533e-01 0.000000000000000000e+00 3.413746017296313199e-04 0.000000000000000000e+00
1.380000000000000000e+02 5.520194921788679210e-02 1.479289940828402289e-02 9.847519344560764498e-01 0.000000000000000000e+00 4.551661356395084266e-04 0.000000000000000000e+00
1.410000000000000000e+02 5.640199159218872715e-02 1.752389622212107562e-02 9.816795630405097395e-01 0.000000000000000000e+00 7.965407373691396923e-04 0.000000000000000000e+00
1.440000000000000000e+02 5.760203396649066221e-02 1.786527082385070547e-02 9.816795630405097395e-01 0.000000000000000000e+00 4.551661356395084266e-04 0.000000000000000000e+00
1.470000000000000000e+02 5.880207634079237522e-02 1.741010468821119553e-02 9.815657715065999600e-01 0.000000000000000000e+00 1.024123805188893906e-03 0.000000000000000000e+00
1.500000000000000000e+02 6.000211871509431028e-02 1.524806554392353283e-02 9.840691852526172179e-01 0.000000000000000000e+00 6.827492034592626399e-04 0.000000000000000000e+00
1.530000000000000000e+02 6.120216108939624533e-02 1.832043695949021542e-02 9.812243969048702885e-01 0.000000000000000000e+00 4.551661356395084266e-04 0.000000000000000000e+00
1.560000000000000000e+02 6.240220346369818039e-02 2.207555757851615771e-02 9.770141101502047842e-01 0.000000000000000000e+00 9.103322712790168532e-04 0.000000000000000000e+00
1.590000000000000000e+02 6.360224583799989340e-02 1.945835229858898507e-02 9.798588984979517136e-01 0.000000000000000000e+00 6.827492034592626399e-04 0.000000000000000000e+00
1.620000000000000000e+02 6.480228821230182845e-02 1.911697769685935522e-02 9.805416477014110566e-01 0.000000000000000000e+00 3.413746017296313199e-04 0.000000000000000000e+00
1.650000000000000000e+02 6.600233058660376351e-02 2.378243058716431393e-02 9.756486117432863203e-01 0.000000000000000000e+00 5.689576695493854790e-04 0.000000000000000000e+00
1.680000000000000000e+02 6.720237296090569856e-02 2.548930359581247015e-02 9.740555302685480754e-01 0.000000000000000000e+00 4.551661356395084266e-04 0.000000000000000000e+00
1.710000000000000000e+02 6.840241533520763362e-02 2.708238507055074976e-02 9.726900318616295005e-01 0.000000000000000000e+00 2.275830678197542133e-04 0.000000000000000000e+00
1.740000000000000000e+02 6.960245770950934663e-02 2.514792899408284030e-02 9.745106964041875264e-01 0.000000000000000000e+00 3.413746017296313199e-04 0.000000000000000000e+00
1.770000000000000000e+02 7.080250008381128168e-02 2.935821574874829254e-02 9.701866181156122426e-01 0.000000000000000000e+00 4.551661356395084266e-04 0.000000000000000000e+00
1.800000000000000000e+02 7.200254245811321674e-02 3.060992262175694228e-02 9.683659535730542167e-01 0.000000000000000000e+00 1.024123805188893906e-03 0.000000000000000000e+00
1.830000000000000000e+02 7.320258483241515179e-02 3.538916704597178109e-02 9.638142922166590409e-01 0.000000000000000000e+00 7.965407373691396923e-04 0.000000000000000000e+00
1.860000000000000000e+02 7.440262720671686481e-02 3.550295857988165771e-02 9.629039599453800280e-01 0.000000000000000000e+00 1.593081474738279385e-03 0.000000000000000000e+00
1.890000000000000000e+02 7.560266958101879986e-02 3.823395539371871044e-02 9.602867546654528796e-01 0.000000000000000000e+00 1.479289940828402332e-03 0.000000000000000000e+00
1.920000000000000000e+02 7.680271195532073492e-02 4.187528447883477611e-02 9.564178425125170468e-01 0.000000000000000000e+00 1.706873008648156654e-03 0.000000000000000000e+00
1.950000000000000000e+02 7.800275432962266997e-02 4.710969503868912139e-02 9.507282658170231882e-01 0.000000000000000000e+00 2.162039144287664864e-03 0.000000000000000000e+00
1.980000000000000000e+02 7.920279670392460503e-02 4.995448338643605074e-02 9.469731451979972459e-01 0.000000000000000000e+00 3.072371415566681717e-03 0.000000000000000000e+00
2.010000000000000000e+02 8.040283907822631804e-02 5.484751934456076616e-02 9.428766499772417431e-01 0.000000000000000000e+00 2.275830678197541916e-03 0.000000000000000000e+00
2.040000000000000000e+02 8.160288145252825309e-02 5.803368229403732537e-02 9.386663632225762388e-01 0.000000000000000000e+00 3.299954483386436255e-03 0.000000000000000000e+00
2.070000000000000000e+02 8.280292382683018815e-02 6.736458807464724974e-02 9.303595812471552318e-01 0.000000000000000000e+00 2.275830678197541916e-03 0.000000000000000000e+00
2.100000000000000000e+02 8.400296620113212320e-02 7.214383249886208160e-02 9.247837960855712636e-01 0.000000000000000000e+00 3.072371415566681717e-03 0.000000000000000000e+00
2.130000000000000000e+02 8.520300857543405826e-02 7.476103777878925771e-02 9.218252162039144437e-01 0.000000000000000000e+00 3.413746017296313308e-03 0.000000000000000000e+00
2.160000000000000000e+02 8.640305094973577127e-02 7.396449704142012138e-02 9.217114246700045532e-01 0.000000000000000000e+00 4.324078288575329727e-03 0.000000000000000000e+00
2.190000000000000000e+02 8.760309332403770632e-02 7.817478379608557015e-02 9.168183887118798170e-01 0.000000000000000000e+00 5.006827492034592909e-03 0.000000000000000000e+00
2.220000000000000000e+02 8.880313569833964138e-02 8.158852981338188259e-02 9.129494765589439842e-01 0.000000000000000000e+00 5.461993627674101119e-03 0.000000000000000000e+00
2.250000000000000000e+02 9.000317807264157643e-02 9.012289485662267063e-02 9.036185707783340737e-01 0.000000000000000000e+00 6.258534365043240920e-03 0.000000000000000000e+00
2.280000000000000000e+02 9.120322044694328945e-02 9.808830223031406170e-02 8.964497041420118606e-01 0.000000000000000000e+00 5.461993627674101119e-03 0.000000000000000000e+00
2.310000000000000000e+02 9.240326282124522450e-02 1.051433773327264398e-01 8.891670459717796460e-01 0.000000000000000000e+00 5.689576695493855224e-03 0.000000000000000000e+00
2.340000000000000000e+02 9.360330519554715956e-02 1.141329085116067343e-01 8.801775147928994070e-01 0.000000000000000000e+00 5.689576695493855224e-03 0.000000000000000000e+00
2.370000000000000000e+02 9.480334756984909461e-02 1.219845243513882627e-01 8.724396904870277414e-01 0.000000000000000000e+00 5.575785161583977738e-03 0.000000000000000000e+00
2.400000000000000000e+02 9.600338994415102967e-02 1.277878925807919841e-01 8.659535730541647602e-01 0.000000000000000000e+00 6.258534365043240920e-03 0.000000000000000000e+00
2.430000000000000000e+02 9.720343231845274268e-02 1.375739644970414288e-01 8.554847519344560558e-01 0.000000000000000000e+00 6.941283568502503235e-03 0.000000000000000000e+00
2.460000000000000000e+02 9.840347469275467773e-02 1.438324988620846567e-01 8.483158852981338427e-01 0.000000000000000000e+00 7.851615839781519654e-03 0.000000000000000000e+00
2.490000000000000000e+02 9.960351706705661279e-02 1.550978607191624836e-01 8.375056895766954668e-01 0.000000000000000000e+00 7.396449704142011444e-03 0.000000000000000000e+00
2.520000000000000000e+02 1.008035594413585478e-01 1.653390987710514348e-01 8.274920345926263243e-01 0.000000000000000000e+00 7.168866636322257339e-03 0.000000000000000000e+00
2.550000000000000000e+02 1.020036018156602609e-01 1.714838416021848000e-01 8.180473372781065233e-01 0.000000000000000000e+00 1.046882111970869403e-02 0.000000000000000000e+00
2.580000000000000000e+02 1.032036441899621959e-01 1.819526627218935044e-01 8.048475193445607800e-01 0.000000000000000000e+00 1.319981793354574502e-02 0.000000000000000000e+00
2.610000000000000000e+02 1.044036865642641310e-01 1.921939007737824279e-01 7.935821574874829532e-01 0.000000000000000000e+00 1.422394173873463806e-02 0.000000000000000000e+00
2.640000000000000000e+02 1.056037289385660660e-01 2.077833409194355940e-01 7.766272189349112676e-01 0.000000000000000000e+00 1.558944014565316269e-02 0.000000000000000000e+00
2.670000000000000000e+02 1.068037713128680011e-01 2.223486572598998567e-01 7.612653618570778269e-01 0.000000000000000000e+00 1.638598088302230249e-02 0.000000000000000000e+00
2.700000000000000000e+02 1.080038136871697141e-01 2.329312699135184239e-01 7.490896677287209870e-01 0.000000000000000000e+00 1.797906235776058209e-02 0.000000000000000000e+00
2.730000000000000000e+02 1.092038560614716491e-01 2.465862539827036737e-01 7.324761037778789730e-01 0.000000000000000000e+00 2.093764223941738806e-02 0.000000000000000000e+00
2.760000000000000000e+02 1.104038984357735842e-01 2.621756941283568398e-01 7.129039599453800280e-01 0.000000000000000000e+00 2.492034592626308706e-02 0.000000000000000000e+00
2.790000000000000000e+02 1.116039408100755193e-01 2.769685935366408835e-01 6.981110605370960398e-01 0.000000000000000000e+00 2.492034592626308706e-02 0.000000000000000000e+00
2.820000000000000000e+02 1.128039831843774543e-01 2.861857077833409035e-01 6.882111970869366768e-01 0.000000000000000000e+00 2.560309512972235024e-02 0.000000000000000000e+00
2.850000000000000000e+02 1.140040255586791673e-01 3.040509786071916021e-01 6.693218024578971859e-01 0.000000000000000000e+00 2.662721893491124328e-02 0.000000000000000000e+00
2.880000000000000000e+02 1.152040679329811024e-01 3.225989986345015881e-01 6.487255348202093375e-01 4.551661356395084266e-04 2.822030040964952288e-02 0.000000000000000000e+00
2.910000000000000000e+02 1.164041103072830374e-01 3.321574874829312796e-01 6.352981338188439242e-01 4.551661356395084266e-04 3.208921256258534527e-02 0.000000000000000000e+00
2.940000000000000000e+02 1.176041526815849725e-01 3.439918070095585034e-01 6.191397360036413611e-01 4.551661356395084266e-04 3.641329085116067066e-02 0.000000000000000000e+00
2.970000000000000000e+02 1.188041950558866855e-01 3.615157032316795860e-01 5.984296768320437332e-01 3.413746017296313199e-04 3.971324533454710648e-02 0.000000000000000000e+00
3.000000000000000000e+02 1.200042374301886206e-01 3.767637687756030807e-01 5.807919890760127046e-01 3.413746017296313199e-04 4.210286754665452935e-02 0.000000000000000000e+00
3.030000000000000000e+02 1.212042798044905556e-01 3.898497951752389890e-01 5.649749658625398130e-01 3.413746017296313199e-04 4.483386436049158208e-02 0.000000000000000000e+00
3.060000000000000000e+02 1.224043221787924907e-01 4.024806554392353353e-01 5.484751934456076894e-01 3.413746017296313199e-04 4.870277651342740100e-02 0.000000000000000000e+00
3.090000000000000000e+02 1.236043645530944257e-01 4.203459262630860338e-01 5.262858443331815961e-01 3.413746017296313199e-04 5.302685480200273332e-02 0.000000000000000000e+00
3.120000000000000000e+02 1.248044069273961387e-01 4.361629494765589254e-01 5.063723258989530907e-01 6.827492034592626399e-04 5.678197542102867562e-02 0.000000000000000000e+00
3.150000000000000000e+02 1.260044493016980738e-01 4.563040509786072119e-01 4.835002275830678209e-01 7.965407373691396923e-04 5.939918070095585173e-02 0.000000000000000000e+00
3.180000000000000000e+02 1.272044916760000088e-01 4.670004551661356418e-01 4.681383705052344357e-01 1.024123805188893906e-03 6.383705052344106068e-02 0.000000000000000000e+00
3.210000000000000000e+02 1.284045340503019439e-01 4.842967683204369433e-01 4.469731451979972459e-01 1.137915339098770958e-03 6.759217114246700298e-02 0.000000000000000000e+00
3.240000000000000000e+02 1.296045764246036569e-01 4.947655894401456478e-01 4.288802913063268218e-01 1.593081474738279385e-03 7.476103777878925771e-02 0.000000000000000000e+00
3.270000000000000000e+02 1.308046187989055920e-01 5.051206190259445172e-01 4.143149749658625591e-01 1.706873008648156654e-03 7.885753299954482987e-02 0.000000000000000000e+00
3.300000000000000000e+02 1.320046611732075270e-01 5.233272644515247762e-01 3.917842512517068498e-01 2.503413746017296455e-03 8.238507055075101893e-02 0.000000000000000000e+00
3.330000000000000000e+02 1.332047035475094621e-01 5.430131998179335007e-01 3.666363222576240477e-01 2.503413746017296455e-03 8.784706417842512438e-02 0.000000000000000000e+00
3.360000000000000000e+02 1.344047459218113971e-01 5.587164314974966128e-01 3.455848884842967483e-01 3.186162949476558769e-03 9.251251706873007963e-02 0.000000000000000000e+00
3.390000000000000000e+02 1.356047882961131101e-01 5.679335457441966328e-01 3.298816568047337472e-01 3.413746017296313308e-03 9.877105143377332142e-02 0.000000000000000000e+00
3.420000000000000000e+02 1.368048306704150452e-01 5.764679107874374209e-01 3.148611743286299225e-01 3.868912152935821518e-03 1.048020027309968100e-01 0.000000000000000000e+00
3.450000000000000000e+02 1.380048730447169802e-01 5.886436049157942607e-01 2.992717341829768118e-01 3.868912152935821518e-03 1.082157487482931224e-01 0.000000000000000000e+00
3.480000000000000000e+02 1.392049154190189153e-01 5.964952207555758168e-01 2.825443786982248517e-01 4.437869822485207214e-03 1.165225307237141572e-01 0.000000000000000000e+00
3.510000000000000000e+02 1.404049577933206283e-01 6.067364588074647402e-01 2.670687300864815761e-01 4.779244424214838804e-03 1.214155666818388657e-01 0.000000000000000000e+00
3.540000000000000000e+02 1.416050001676225634e-01 6.174328629949932257e-01 2.505689576695493970e-01 4.893035958124715423e-03 1.271051433773327244e-01 0.000000000000000000e+00
3.570000000000000000e+02 1.428050425419244984e-01 6.300637232589895165e-01 2.330450614474283144e-01 5.689576695493855224e-03 1.312016385980883104e-01 0.000000000000000000e+00
3.600000000000000000e+02 1.440050849162264335e-01 6.426945835229859183e-01 2.177969959035047920e-01 6.372325898953117539e-03 1.331360946745562268e-01 0.000000000000000000e+00
3.630000000000000000e+02 1.452051272905283685e-01 6.471324533454710926e-01 2.083522985889849910e-01 6.258534365043240920e-03 1.382567137005006885e-01 0.000000000000000000e+00
3.660000000000000000e+02 1.464051696648300815e-01 6.558944014565316616e-01 1.912835685025034149e-01 6.258534365043240920e-03 1.465634956759217233e-01 0.000000000000000000e+00
3.690000000000000000e+02 1.476052120391320166e-01 6.675011379153390489e-01 1.768320436959490149e-01 6.713700500682749130e-03 1.489531178880291185e-01 0.000000000000000000e+00
3.720000000000000000e+02 1.488052544134339517e-01 6.705735093309057593e-01 1.642011834319526686e-01 8.761948111060537808e-03 1.564633591260810308e-01 0.000000000000000000e+00
3.750000000000000000e+02 1.500052967877358867e-01 6.727355484751934567e-01 1.545289030496131144e-01 9.330905780609922637e-03 1.634046426945835184e-01 0.000000000000000000e+00
3.780000000000000000e+02 1.512053391620378218e-01 6.783113336367774249e-01 1.400773782430587144e-01 9.899863450159307465e-03 1.717114246700045532e-01 0.000000000000000000e+00
3.810000000000000000e+02 1.524053815363395348e-01 6.838871187983613931e-01 1.307464724624488039e-01 1.012744651797906244e-02 1.752389622212107423e-01 0.000000000000000000e+00
3.840000000000000000e+02 1.536054239106414698e-01 6.921939007737824001e-01 1.216431497496586189e-01 1.081019572143832562e-02 1.753527537551206328e-01 0.000000000000000000e+00
3.870000000000000000e+02 1.548054662849434049e-01 6.944697314519799880e-01 1.170914883932635403e-01 1.240327719617660522e-02 1.760355029585798925e-01 0.000000000000000000e+00
3.900000000000000000e+02 1.560055086592453399e-01 6.981110605370960398e-01 1.114019116977696816e-01 1.046882111970869403e-02 1.800182066454255880e-01 0.000000000000000000e+00
3.930000000000000000e+02 1.572055510335470530e-01 7.085798816568047442e-01 1.011606736458807443e-01 1.035502958579881741e-02 1.799044151115156975e-01 0.000000000000000000e+00
3.960000000000000000e+02 1.584055934078489880e-01 7.099453800637232082e-01 9.695038689121529552e-02 1.115157032316795548e-02 1.819526627218935044e-01 0.000000000000000000e+00
3.990000000000000000e+02 1.596056357821509231e-01 7.198452435138825711e-01 9.137460172963131344e-02 1.046882111970869403e-02 1.783113336367774249e-01 0.000000000000000000e+00
4.020000000000000000e+02 1.608056781564528581e-01 7.229176149294492815e-01 8.636777423759672834e-02 1.103777878925807886e-02 1.796768320436959443e-01 0.000000000000000000e+00
4.050000000000000000e+02 1.620057205307547932e-01 7.282658170232134687e-01 8.101957214383249950e-02 1.149294492489758707e-02 1.792216659080564378e-01 0.000000000000000000e+00
4.080000000000000000e+02 1.632057629050565062e-01 7.349795175238962308e-01 7.567137005006827066e-02 1.103777878925807886e-02 1.783113336367774249e-01 0.000000000000000000e+00
4.110000000000000000e+02 1.644058052793584412e-01 7.360036413290851343e-01 7.157487482931269851e-02 1.228948566226672687e-02 1.801319981793354508e-01 0.000000000000000000e+00
4.140000000000000000e+02 1.656058476536603763e-01 7.369139736003641472e-01 6.770596267637687959e-02 1.251706873008648184e-02 1.828629949931725174e-01 0.000000000000000000e+00
4.170000000000000000e+02 1.668058900279623114e-01 7.373691397360035982e-01 6.770596267637687959e-02 1.194811106053709528e-02 1.829767865270823801e-01 0.000000000000000000e+00
4.200000000000000000e+02 1.680059324022640244e-01 7.369139736003641472e-01 6.668183887118799003e-02 1.331360946745562164e-02 1.830905780609922706e-01 0.000000000000000000e+00
4.230000000000000000e+02 1.692059747765659594e-01 7.423759672280382249e-01 6.372325898953118406e-02 1.240327719617660522e-02 1.814974965862539702e-01 0.000000000000000000e+00
4.260000000000000000e+02 1.704060171508678945e-01 7.445380063723259223e-01 6.201638598088302090e-02 1.251706873008648184e-02 1.809285389167046010e-01 0.000000000000000000e+00
4.290000000000000000e+02 1.716060595251698295e-01 7.498862084660901095e-01 5.894401456531633832e-02 1.524806554392353283e-02 1.759217114246700020e-01 0.000000000000000000e+00
4.320000000000000000e+02 1.728061018994717646e-01 7.487482931269913156e-01 5.837505689576695522e-02 1.570323167956303931e-02 1.771734182976786587e-01 0.000000000000000000e+00
4.350000000000000000e+02 1.740061442737734776e-01 7.527309968138370389e-01 5.564406008192990249e-02 1.786527082385070547e-02 1.737596722803823324e-01 0.000000000000000000e+00
4.380000000000000000e+02 1.752061866480754126e-01 7.545516613563950648e-01 5.405097860719162289e-02 1.900318616294947513e-02 1.723941738734638129e-01 0.000000000000000000e+00
4.410000000000000000e+02 1.764062290223773477e-01 7.595584888484296915e-01 5.245789713245334329e-02 2.139280837505689453e-02 1.665908056440600915e-01 0.000000000000000000e+00
4.440000000000000000e+02 1.776062713966792828e-01 7.652480655439235502e-01 4.972690031861629750e-02 2.207555757851615771e-02 1.629494765589440120e-01 0.000000000000000000e+00
4.470000000000000000e+02 1.788063137709812178e-01 7.719617660446063123e-01 4.676832043695949154e-02 2.184797451069640448e-02 1.594219390077378229e-01 0.000000000000000000e+00
4.500000000000000000e+02 1.800063561452829308e-01 7.841374601729631522e-01 4.369594902139280895e-02 2.162039144287665124e-02 1.505461993627674189e-01 0.000000000000000000e+00
4.530000000000000000e+02 1.812063985195848659e-01 7.931269913518433912e-01 3.982703686845699004e-02 2.264451524806554428e-02 1.444014565316340537e-01 0.000000000000000000e+00
4.560000000000000000e+02 1.824064408938868009e-01 7.954028220300409791e-01 3.800637232589895026e-02 2.309968138370505075e-02 1.434911242603550408e-01 0.000000000000000000e+00
4.590000000000000000e+02 1.836064832681887360e-01 8.009786071916249472e-01 3.675466545289030745e-02 2.207555757851615771e-02 1.401911697769686049e-01 0.000000000000000000e+00
4.620000000000000000e+02 1.848065256424904490e-01 8.047337278106508895e-01 3.641329085116067066e-02 2.173418297678652786e-02 1.371187983614019223e-01 0.000000000000000000e+00
4.650000000000000000e+02 1.860065680167923841e-01 8.070095584888484774e-01 3.698224852071006069e-02 2.184797451069640448e-02 1.341602184797451025e-01 0.000000000000000000e+00
4.680000000000000000e+02 1.872066103910943191e-01 8.086026399635867223e-01 3.550295857988165771e-02 2.309968138370505075e-02 1.327947200728265831e-01 0.000000000000000000e+00
4.710000000000000000e+02 1.884066527653962542e-01 8.138370505234410190e-01 3.402366863905325473e-02 2.389622212107419055e-02 1.282430587164314906e-01 0.000000000000000000e+00
4.740000000000000000e+02 1.896066951396981892e-01 8.180473372781065233e-01 3.470641784251251444e-02 2.366863905325443732e-02 1.235776058261265353e-01 0.000000000000000000e+00
4.770000000000000000e+02 1.908067375139999022e-01 8.239644970414201630e-01 3.493400091033227461e-02 2.401001365498407064e-02 1.170914883932635403e-01 0.000000000000000000e+00
4.800000000000000000e+02 1.920067798883018373e-01 8.254437869822485174e-01 3.345471096950387163e-02 2.560309512972235024e-02 1.154984069185252676e-01 0.000000000000000000e+00
4.830000000000000000e+02 1.932068222626037723e-01 8.309057806099225951e-01 3.254437869822485174e-02 2.662721893491124328e-02 1.099226217569412856e-01 0.000000000000000000e+00
4.860000000000000000e+02 1.944068646369057074e-01 8.346609012289485374e-01 3.117888029130632538e-02 2.753755120619025970e-02 1.066226672735548497e-01 0.000000000000000000e+00
4.890000000000000000e+02 1.956069070112074204e-01 8.313609467455621571e-01 3.277196176604460498e-02 2.639963586709149004e-02 1.094674556213017791e-01 0.000000000000000000e+00
4.920000000000000000e+02 1.968069493855093555e-01 8.303368229403732537e-01 3.254437869822485174e-02 2.787892580791988956e-02 1.092398725534820259e-01 0.000000000000000000e+00
4.950000000000000000e+02 1.980069917598112905e-01 8.372781065088756858e-01 2.969959035047792587e-02 2.765134274010013632e-02 1.053709604005461931e-01 0.000000000000000000e+00
4.980000000000000000e+02 1.992070341341132256e-01 8.392125625853436022e-01 2.810650887573964626e-02 2.765134274010013632e-02 1.050295857988165632e-01 0.000000000000000000e+00
5.010000000000000000e+02 2.004070765084151606e-01 8.446745562130177909e-01 2.878925807919890598e-02 2.617205279927173334e-02 1.003641329085116080e-01 0.000000000000000000e+00
5.040000000000000000e+02 2.016071188827168736e-01 8.434228493400091065e-01 2.833409194355939950e-02 2.799271734182976618e-02 1.002503413746017313e-01 0.000000000000000000e+00
5.070000000000000000e+02 2.028071612570188087e-01 8.458124715521164738e-01 3.026854802002730896e-02 2.674101046882111990e-02 9.717796995903504875e-02 0.000000000000000000e+00
5.100000000000000000e+02 2.040072036313207438e-01 8.504779244424214291e-01 2.787892580791988956e-02 2.810650887573964626e-02 9.353664087391898307e-02 0.000000000000000000e+00
5.130000000000000000e+02 2.052072460056226788e-01 8.491124260355029651e-01 2.696859353664087314e-02 2.958579881656804578e-02 9.433318161128811941e-02 0.000000000000000000e+00
5.160000000000000000e+02 2.064072883799246139e-01 8.513882567137005530e-01 2.742375967228038308e-02 2.981338188438780248e-02 9.137460172963131344e-02 0.000000000000000000e+00
5.190000000000000000e+02 2.076073307542263269e-01 8.561675011379152878e-01 2.594446973145198010e-02 3.026854802002730896e-02 8.761948111060537114e-02 0.000000000000000000e+00
5.220000000000000000e+02 2.088073731285282619e-01 8.615157032316795860e-01 2.457897132453345374e-02 3.106508875739644876e-02 8.284023668639053928e-02 0.000000000000000000e+00
5.250000000000000000e+02 2.100074155028301970e-01 8.640191169776968438e-01 2.548930359581247015e-02 3.049613108784706567e-02 7.999544833864360993e-02 0.000000000000000000e+00
5.280000000000000000e+02 2.112074578771321320e-01 8.645880746472462963e-01 2.469276285844333035e-02 3.140646335912607862e-02 7.931269913518433634e-02 0.000000000000000000e+00
5.310000000000000000e+02 2.124075002514338451e-01 8.662949476558944317e-01 2.366863905325443732e-02 3.140646335912607862e-02 7.862994993172507663e-02 0.000000000000000000e+00
5.340000000000000000e+02 2.136075426257357801e-01 8.701638598088302645e-01 2.253072371415566766e-02 3.288575329995448160e-02 7.441966317705962786e-02 0.000000000000000000e+00
5.370000000000000000e+02 2.148075850000377152e-01 8.753982703686845612e-01 2.366863905325443732e-02 3.095129722348657214e-02 6.998179335457442585e-02 0.000000000000000000e+00
5.400000000000000000e+02 2.160076273743396502e-01 8.800637232589895165e-01 2.309968138370505075e-02 3.026854802002730896e-02 6.656804733727811341e-02 0.000000000000000000e+00
5.430000000000000000e+02 2.172076697486415853e-01 8.818843878015475424e-01 2.230314064633591095e-02 2.935821574874829254e-02 6.645425580336822291e-02 0.000000000000000000e+00
5.460000000000000000e+02 2.184077121229432983e-01 8.865498406918524976e-01 2.207555757851615771e-02 2.913063268092853930e-02 6.224396904870277414e-02 0.000000000000000000e+00
5.490000000000000000e+02 2.196077544972452333e-01 8.835912608101956778e-01 2.401001365498407064e-02 3.015475648611743234e-02 6.224396904870277414e-02 0.000000000000000000e+00
5.520000000000000000e+02 2.208077968715471684e-01 8.823395539371871044e-01 2.435138825671370050e-02 2.958579881656804578e-02 6.372325898953118406e-02 0.000000000000000000e+00
5.550000000000000000e+02 2.220078392458491034e-01 8.852981338188439242e-01 2.378243058716431393e-02 3.083750568957669552e-02 6.008192990441511144e-02 0.000000000000000000e+00
5.580000000000000000e+02 2.232078816201508165e-01 8.857532999544833752e-01 2.435138825671370050e-02 3.299954483386435822e-02 5.689576695493855224e-02 0.000000000000000000e+00
5.610000000000000000e+02 2.244079239944527515e-01 8.873463814292216201e-01 2.355484751934456070e-02 3.436504324078288458e-02 5.473372781065088954e-02 0.000000000000000000e+00
5.640000000000000000e+02 2.256079663687546866e-01 8.890532544378698665e-01 2.275830678197542090e-02 3.470641784251251444e-02 5.348202093764223980e-02 0.000000000000000000e+00
5.670000000000000000e+02 2.268080087430566216e-01 8.912152935821574529e-01 2.287209831588529751e-02 3.345471096950387163e-02 5.245789713245334329e-02 0.000000000000000000e+00
5.700000000000000000e+02 2.280080511173585567e-01 8.912152935821574529e-01 2.321347291761493084e-02 3.334091943559399501e-02 5.223031406463359005e-02 0.000000000000000000e+00
5.730000000000000000e+02 2.292080934916602697e-01 8.961083295402821891e-01 2.207555757851615771e-02 3.299954483386435822e-02 4.881656804733727761e-02 0.000000000000000000e+00
5.760000000000000000e+02 2.304081358659622047e-01 8.998634501593081314e-01 2.241693218024579104e-02 3.129267182521620200e-02 4.642694583522986168e-02 0.000000000000000000e+00
5.790000000000000000e+02 2.316081782402641398e-01 9.044151115157031962e-01 2.218934911242603433e-02 3.117888029130632538e-02 4.221665908056440597e-02 0.000000000000000000e+00
5.820000000000000000e+02 2.328082206145660749e-01 9.077150659990896875e-01 2.127901684114701791e-02 3.106508875739644876e-02 3.994082840236686666e-02 0.000000000000000000e+00
5.850000000000000000e+02 2.340082629888677879e-01 9.099908966772871644e-01 2.059626763768775473e-02 2.947200728265816916e-02 3.994082840236686666e-02 0.000000000000000000e+00
5.880000000000000000e+02 2.352083053631697229e-01 9.137460172963131066e-01 2.048247610377787811e-02 2.799271734182976618e-02 3.777878925807919702e-02 0.000000000000000000e+00
5.910000000000000000e+02 2.364083477374716580e-01 9.134046426945835462e-01 2.059626763768775473e-02 2.935821574874829254e-02 3.664087391898043083e-02 0.000000000000000000e+00
5.940000000000000000e+02 2.376083901117735930e-01 9.137460172963131066e-01 2.059626763768775473e-02 2.890304961310878606e-02 3.675466545289030745e-02 0.000000000000000000e+00
5.970000000000000000e+02 2.388084324860755281e-01 9.119253527537550807e-01 1.991351843422849502e-02 3.083750568957669552e-02 3.732362312243969055e-02 0.000000000000000000e+00
6.000000000000000000e+02 2.400084748603772411e-01 9.162494310423304755e-01 2.093764223941738806e-02 2.799271734182976618e-02 3.482020937642239106e-02 0.000000000000000000e+00
6.030000000000000000e+02 2.412085172346791762e-01 9.187528447883477334e-01 1.877560309512972189e-02 2.628584433318160996e-02 3.618570778334091742e-02 0.000000000000000000e+00
6.060000000000000000e+02 2.424085596089811112e-01 9.173873463814292695e-01 1.900318616294947513e-02 2.696859353664087314e-02 3.664087391898043083e-02 0.000000000000000000e+00
6.090000000000000000e+02 2.436086019832830463e-01 9.172735548475193790e-01 1.854802002730996865e-02 2.651342740100136666e-02 3.766499772416932040e-02 0.000000000000000000e+00
6.120000000000000000e+02 2.448086443575849813e-01 9.168183887118798170e-01 1.911697769685935522e-02 2.662721893491124328e-02 3.743741465634956717e-02 0.000000000000000000e+00
6.150000000000000000e+02 2.460086867318866943e-01 9.164770141101502565e-01 1.968593536640873831e-02 2.913063268092853930e-02 3.470641784251251444e-02 0.000000000000000000e+00
6.180000000000000000e+02 2.472087291061886294e-01 9.171597633136094885e-01 1.968593536640873831e-02 2.890304961310878606e-02 3.425125170687300796e-02 0.000000000000000000e+00
6.210000000000000000e+02 2.484087714804905644e-01 9.185252617205279524e-01 1.945835229858898507e-02 2.776513427401001294e-02 3.425125170687300796e-02 0.000000000000000000e+00
6.240000000000000000e+02 2.496088138547924995e-01 9.197769685935366368e-01 1.877560309512972189e-02 2.753755120619025970e-02 3.390987710514337811e-02 0.000000000000000000e+00
6.270000000000000000e+02 2.508088562290942125e-01 9.217114246700045532e-01 1.911697769685935522e-02 2.719617660446062984e-02 3.197542102867546865e-02 0.000000000000000000e+00
6.300000000000000000e+02 2.520088986033961476e-01 9.227355484751934567e-01 1.979972690031861493e-02 2.742375967228038308e-02 3.004096495220755572e-02 0.000000000000000000e+00
6.330000000000000000e+02 2.532089409776980826e-01 9.242148384160218111e-01 1.979972690031861493e-02 2.628584433318160996e-02 2.969959035047792587e-02 0.000000000000000000e+00
6.360000000000000000e+02 2.544089833520000177e-01 9.251251706873008240e-01 1.979972690031861493e-02 2.628584433318160996e-02 2.867546654528902936e-02 1.137915339098771066e-04
6.390000000000000000e+02 2.556090257263019527e-01 9.261492944924897275e-01 2.025489303595812488e-02 2.526172052799271692e-02 2.833409194355939950e-02 0.000000000000000000e+00
6.420000000000000000e+02 2.568090681006036657e-01 9.283113336367774249e-01 1.866181156121984527e-02 2.514792899408284030e-02 2.787892580791988956e-02 0.000000000000000000e+00
6.450000000000000000e+02 2.580091104749056008e-01 9.285389167045972059e-01 1.866181156121984527e-02 2.651342740100136666e-02 2.628584433318160996e-02 0.000000000000000000e+00
6.480000000000000000e+02 2.592091528492075359e-01 9.308147473827946827e-01 1.843422849340009204e-02 2.560309512972235024e-02 2.514792899408284030e-02 0.000000000000000000e+00
6.510000000000000000e+02 2.604091952235094709e-01 9.292216659080564378e-01 1.877560309512972189e-02 2.492034592626308706e-02 2.708238507055074976e-02 0.000000000000000000e+00
6.540000000000000000e+02 2.616092375978111839e-01 9.300182066454255603e-01 1.934456076467910846e-02 2.526172052799271692e-02 2.537551206190259354e-02 0.000000000000000000e+00
6.570000000000000000e+02 2.628092799721131190e-01 9.318388711879835862e-01 1.991351843422849502e-02 2.446517979062357712e-02 2.378243058716431393e-02 0.000000000000000000e+00
6.600000000000000000e+02 2.640093223464150540e-01 9.316112881201638052e-01 2.036868456986800149e-02 2.548930359581247015e-02 2.253072371415566766e-02 0.000000000000000000e+00
6.630000000000000000e+02 2.652093647207169891e-01 9.341147018661811741e-01 1.820664542558033533e-02 2.617205279927173334e-02 2.150659990896677115e-02 0.000000000000000000e+00
6.660000000000000000e+02 2.664094070950189241e-01 9.346836595357305155e-01 1.729631315430131891e-02 2.696859353664087314e-02 2.105143377332726468e-02 0.000000000000000000e+00
6.690000000000000000e+02 2.676094494693206371e-01 9.366181156121984319e-01 1.775147928994082885e-02 2.548930359581247015e-02 2.002730996813837164e-02 1.137915339098771066e-04
6.720000000000000000e+02 2.688094918436225722e-01 9.366181156121984319e-01 1.752389622212107562e-02 2.560309512972235024e-02 2.025489303595812488e-02 0.000000000000000000e+00
6.750000000000000000e+02 2.700095342179245073e-01 9.377560309512972259e-01 1.604460628129267263e-02 2.537551206190259354e-02 2.082385070550751144e-02 0.000000000000000000e+00
6.780000000000000000e+02 2.712095765922264423e-01 9.403732362312243742e-01 1.547564861174328607e-02 2.412380518889394726e-02 2.002730996813837164e-02 0.000000000000000000e+00
6.810000000000000000e+02 2.724096189665283774e-01 9.407146108329540457e-01 1.547564861174328607e-02 2.480655439235321044e-02 1.900318616294947513e-02 0.000000000000000000e+00
