# itime ezz other fcc hcp bcc ico
0.000000000000000000e+00 0.000000000000000000e+00 5.689576695493854790e-04 9.994310423304506585e-01 0.000000000000000000e+00 0.000000000000000000e+00 0.000000000000000000e+00
2.500000000000000000e+02 9.999785449201770149e-04 1.137915339098771066e-04 9.998862084660901095e-01 0.000000000000000000e+00 0.000000000000000000e+00 0.000000000000000000e+00
5.000000000000000000e+02 1.999957089840354030e-03 0.000000000000000000e+00 1.000000000000000000e+00 0.000000000000000000e+00 0.000000000000000000e+00 0.000000000000000000e+00
7.500000000000000000e+02 2.999935634760531045e-03 6.827492034592626399e-04 9.993172507965407680e-01 0.000000000000000000e+00 0.000000000000000000e+00 0.000000000000000000e+00
1.000000000000000000e+03 3.999914179680708060e-03 0.000000000000000000e+00 1.000000000000000000e+00 0.000000000000000000e+00 0.000000000000000000e+00 0.000000000000000000e+00
1.250000000000000000e+03 4.999892724600885074e-03 2.275830678197542133e-04 9.997724169321802190e-01 0.000000000000000000e+00 0.000000000000000000e+00 0.000000000000000000e+00
1.500000000000000000e+03 5.999871269521062089e-03 7.965407373691396923e-04 9.992034592626308775e-01 0.000000000000000000e+00 0.000000000000000000e+00 0.000000000000000000e+00
1.750000000000000000e+03 6.999849814441239104e-03 1.137915339098770958e-03 9.988620846609012061e-01 0.000000000000000000e+00 0.000000000000000000e+00 0.000000000000000000e+00
2.000000000000000000e+03 7.999828359361416119e-03 6.827492034592626399e-04 9.993172507965407680e-01 0.000000000000000000e+00 0.000000000000000000e+00 0.000000000000000000e+00
2.250000000000000000e+03 8.999806904281371089e-03 4.551661356395084266e-04 9.995448338643604380e-01 0.000000000000000000e+00 0.000000000000000000e+00 0.000000000000000000e+00
2.500000000000000000e+03 9.999785449201548104e-03 1.593081474738279385e-03 9.982931269913518646e-01 0.000000000000000000e+00 1.137915339098771066e-04 0.000000000000000000e+00
2.750000000000000000e+03 1.099976399412172512e-02 1.706873008648156654e-03 9.982931269913518646e-01 0.000000000000000000e+00 0.000000000000000000e+00 0.000000000000000000e+00
3.000000000000000000e+03 1.199974253904190213e-02 1.251706873008648227e-03 9.986345015930814251e-01 0.000000000000000000e+00 1.137915339098771066e-04 0.000000000000000000e+00
3.250000000000000000e+03 1.299972108396207915e-02 1.137915339098771066e-04 9.998862084660901095e-01 0.000000000000000000e+00 0.000000000000000000e+00 0.000000000000000000e+00
3.500000000000000000e+03 1.399969962888225616e-02 1.024123805188893906e-03 9.989758761948110966e-01 0.000000000000000000e+00 0.000000000000000000e+00 0.000000000000000000e+00
3.750000000000000000e+03 1.499967817380243318e-02 2.275830678197541916e-03 9.977241693218024121e-01 0.000000000000000000e+00 0.000000000000000000e+00 0.000000000000000000e+00
4.000000000000000000e+03 1.599965671872261019e-02 3.299954483386436255e-03 9.967000455166135087e-01 0.000000000000000000e+00 0.000000000000000000e+00 0.000000000000000000e+00
4.250000000000000000e+03 1.699963526364278721e-02 6.827492034592626399e-04 9.993172507965407680e-01 0.000000000000000000e+00 0.000000000000000000e+00 0.000000000000000000e+00
4.500000000000000000e+03 1.799961380856296422e-02 1.137915339098771066e-04 9.998862084660901095e-01 0.000000000000000000e+00 0.000000000000000000e+00 0.000000000000000000e+00
4.750000000000000000e+03 1.899959235348314124e-02 1.706873008648156654e-03 9.982931269913518646e-01 0.000000000000000000e+00 0.000000000000000000e+00 0.000000000000000000e+00
5.000000000000000000e+03 1.999957089840331825e-02 1.479289940828402332e-03 9.984069185252617551e-01 0.000000000000000000e+00 1.137915339098771066e-04 0.000000000000000000e+00
5.250000000000000000e+03 2.099954944332349527e-02 2.275830678197541916e-03 9.977241693218024121e-01 0.000000000000000000e+00 0.000000000000000000e+00 0.000000000000000000e+00
5.500000000000000000e+03 2.199952798824367228e-02 2.730996813837050560e-03 9.971552116522530707e-01 0.000000000000000000e+00 1.137915339098771066e-04 0.000000000000000000e+00
5.750000000000000000e+03 2.299950653316384930e-02 1.820664542558033706e-03 9.981793354574419741e-01 0.000000000000000000e+00 0.000000000000000000e+00 0.000000000000000000e+00
6.000000000000000000e+03 2.399948507808402631e-02 2.048247610377787811e-03 9.979517523896221931e-01 0.000000000000000000e+00 0.000000000000000000e+00 0.000000000000000000e+00
6.250000000000000000e+03 2.499946362300420333e-02 1.706873008648156654e-03 9.982931269913518646e-01 0.000000000000000000e+00 0.000000000000000000e+00 0.000000000000000000e+00
6.500000000000000000e+03 2.599944216792415830e-02 1.479289940828402332e-03 9.985207100591716456e-01 0.000000000000000000e+00 0.000000000000000000e+00 0.000000000000000000e+00
6.750000000000000000e+03 2.699942071284433531e-02 1.593081474738279385e-03 9.984069185252617551e-01 0.000000000000000000e+00 0.000000000000000000e+00 0.000000000000000000e+00
7.000000000000000000e+03 2.799939925776451233e-02 2.389622212107419402e-03 9.976103777878926326e-01 0.000000000000000000e+00 0.000000000000000000e+00 0.000000000000000000e+00
7.250000000000000000e+03 2.899937780268468934e-02 4.665452890304961318e-03 9.953345471096950448e-01 0.000000000000000000e+00 0.000000000000000000e+00 0.000000000000000000e+00
7.500000000000000000e+03 2.999935634760486636e-02 3.527537551206190360e-03 9.964724624487938387e-01 0.000000000000000000e+00 0.000000000000000000e+00 0.000000000000000000e+00
7.750000000000000000e+03 3.099933489252504337e-02 2.844788347746927612e-03 9.970414201183431802e-01 0.000000000000000000e+00 1.137915339098771066e-04 0.000000000000000000e+00
8.000000000000000000e+03 3.199931343744522039e-02 4.437869822485207214e-03 9.955621301775148257e-01 0.000000000000000000e+00 0.000000000000000000e+00 0.000000000000000000e+00
8.250000000000000000e+03 3.299929198236539740e-02 4.096495220755575623e-03 9.957897132453344957e-01 0.000000000000000000e+00 1.137915339098771066e-04 0.000000000000000000e+00
8.500000000000000000e+03 3.399927052728557442e-02 6.599908966772872511e-03 9.931725079654073474e-01 0.000000000000000000e+00 2.275830678197542133e-04 0.000000000000000000e+00
8.750000000000000000e+03 3.499924907220575143e-02 7.055075102412380721e-03 9.928311333636777869e-01 0.000000000000000000e+00 1.137915339098771066e-04 0.000000000000000000e+00
9.000000000000000000e+03 3.599922761712592845e-02 7.510241238051888930e-03 9.922621756941283344e-01 0.000000000000000000e+00 2.275830678197542133e-04 0.000000000000000000e+00
9.250000000000000000e+03 3.699920616204610546e-02 4.665452890304961318e-03 9.952207555757851543e-01 0.000000000000000000e+00 1.137915339098771066e-04 0.000000000000000000e+00
9.500000000000000000e+03 3.799918470696628248e-02 5.575785161583977738e-03 9.943104233045061413e-01 0.000000000000000000e+00 1.137915339098771066e-04 0.000000000000000000e+00
9.750000000000000000e+03 3.899916325188645949e-02 5.803368229403732710e-03 9.940828402366863603e-01 0.000000000000000000e+00 1.137915339098771066e-04 0.000000000000000000e+00
1.000000000000000000e+04 3.999914179680663651e-02 7.282658170232134826e-03 9.923759672280382249e-01 0.000000000000000000e+00 3.413746017296313199e-04 0.000000000000000000e+00
1.025000000000000000e+04 4.099912034172681352e-02 5.348202093764223633e-03 9.944242148384160318e-01 0.000000000000000000e+00 2.275830678197542133e-04 0.000000000000000000e+00
1.050000000000000000e+04 4.199909888664699054e-02 7.396449704142011444e-03 9.923759672280382249e-01 0.000000000000000000e+00 2.275830678197542133e-04 0.000000000000000000e+00
1.075000000000000000e+04 4.299907743156694551e-02 8.989531178880291046e-03 9.908966772872098705e-01 0.000000000000000000e+00 1.137915339098771066e-04 0.000000000000000000e+00
1.100000000000000000e+04 4.399905597648712252e-02 8.761948111060537808e-03 9.908966772872098705e-01 0.000000000000000000e+00 3.413746017296313199e-04 0.000000000000000000e+00
1.125000000000000000e+04 4.499903452140729954e-02 8.648156577150659455e-03 9.910104688211197610e-01 0.000000000000000000e+00 3.413746017296313199e-04 0.000000000000000000e+00
1.150000000000000000e+04 4.599901306632747655e-02 8.306781975421027864e-03 9.912380518889394310e-01 0.000000000000000000e+00 4.551661356395084266e-04 0.000000000000000000e+00
1.175000000000000000e+04 4.699899161124765357e-02 1.081019572143832562e-02 9.885070550751023921e-01 0.000000000000000000e+00 6.827492034592626399e-04 0.000000000000000000e+00
1.200000000000000000e+04 4.799897015616783058e-02 1.274465179790623508e-02 9.871415566681839282e-01 0.000000000000000000e+00 1.137915339098771066e-04 0.000000000000000000e+00
1.225000000000000000e+04 4.899894870108800760e-02 1.103777878925807886e-02 9.885070550751023921e-01 0.000000000000000000e+00 4.551661356395084266e-04 0.000000000000000000e+00
1.250000000000000000e+04 4.999892724600818461e-02 1.285844333181611343e-02 9.869139736003641472e-01 0.000000000000000000e+00 2.275830678197542133e-04 0.000000000000000000e+00
1.275000000000000000e+04 5.099890579092836163e-02 1.069640418752844727e-02 9.893035958124715146e-01 0.000000000000000000e+00 0.000000000000000000e+00 0.000000000000000000e+00
1.300000000000000000e+04 5.199888433584853864e-02 1.399635867091488309e-02 9.858898497951752438e-01 0.000000000000000000e+00 1.137915339098771066e-04 0.000000000000000000e+00
1.325000000000000000e+04 5.299886288076871566e-02 1.479289940828402289e-02 9.845243513882566688e-01 0.000000000000000000e+00 6.827492034592626399e-04 0.000000000000000000e+00
1.350000000000000000e+04 5.399884142568889267e-02 2.218934911242603433e-02 9.774692762858443462e-01 0.000000000000000000e+00 3.413746017296313199e-04 0.000000000000000000e+00
1.375000000000000000e+04 5.499881997060906968e-02 1.786527082385070547e-02 9.811106053709603980e-01 0.000000000000000000e+00 1.024123805188893906e-03 0.000000000000000000e+00
1.400000000000000000e+04 5.599879851552924670e-02 1.854802002730996865e-02 9.803140646335912756e-01 0.000000000000000000e+00 1.137915339098770958e-03 0.000000000000000000e+00
1.425000000000000000e+04 5.699877706044942371e-02 1.672735548475193582e-02 9.824761037778789730e-01 0.000000000000000000e+00 7.965407373691396923e-04 0.000000000000000000e+00
1.450000000000000000e+04 5.799875560536960073e-02 1.490669094219390124e-02 9.837278106508875464e-01 0.000000000000000000e+00 1.365498406918525280e-03 0.000000000000000000e+00
1.475000000000000000e+04 5.899873415028977774e-02 2.696859353664087314e-02 9.721210741920801590e-01 0.000000000000000000e+00 9.103322712790168532e-04 0.000000000000000000e+00
1.500000000000000000e+04 5.999871269520973271e-02 2.617205279927173334e-02 9.723486572598998290e-01 0.000000000000000000e+00 1.479289940828402332e-03 0.000000000000000000e+00
1.525000000000000000e+04 6.099869124012990973e-02 3.095129722348657214e-02 9.676832043695948737e-01 0.000000000000000000e+00 1.365498406918525280e-03 0.000000000000000000e+00
1.550000000000000000e+04 6.199866978505008674e-02 3.356850250341374825e-02 9.651797906235776159e-01 0.000000000000000000e+00 1.251706873008648227e-03 0.000000000000000000e+00
1.575000000000000000e+04 6.299864832997026376e-02 2.503413746017296368e-02 9.738279472007282944e-01 0.000000000000000000e+00 1.137915339098770958e-03 0.000000000000000000e+00
1.600000000000000000e+04 6.399862687489044077e-02 3.550295857988165771e-02 9.632453345471096995e-01 0.000000000000000000e+00 1.251706873008648227e-03 0.000000000000000000e+00
1.625000000000000000e+04 6.499860541981061779e-02 3.812016385980882688e-02 9.590350477924441952e-01 0.000000000000000000e+00 2.844788347746927612e-03 0.000000000000000000e+00
1.650000000000000000e+04 6.599858396473079480e-02 4.119253527537550946e-02 9.558488848429677054e-01 0.000000000000000000e+00 2.958579881656804664e-03 0.000000000000000000e+00
1.675000000000000000e+04 6.699856250965097182e-02 3.243058716431497512e-02 9.658625398270368478e-01 0.000000000000000000e+00 1.706873008648156654e-03 0.000000000000000000e+00
1.700000000000000000e+04 6.799854105457114883e-02 3.527537551206190447e-02 9.623350022758306865e-01 0.000000000000000000e+00 2.389622212107419402e-03 0.000000000000000000e+00
1.725000000000000000e+04 6.899851959949132585e-02 3.618570778334091742e-02 9.619936276741010150e-01 0.000000000000000000e+00 1.820664542558033706e-03 0.000000000000000000e+00
1.750000000000000000e+04 6.999849814441150286e-02 4.403732362312243881e-02 9.531178880291306665e-01 0.000000000000000000e+00 2.844788347746927612e-03 0.000000000000000000e+00
1.775000000000000000e+04 7.099847668933167988e-02 4.585798816568047165e-02 9.511834319526627501e-01 0.000000000000000000e+00 2.958579881656804664e-03 0.000000000000000000e+00
1.800000000000000000e+04 7.199845523425185689e-02 5.302685480200273332e-02 9.427628584433318526e-01 0.000000000000000000e+00 4.210286754665453109e-03 0.000000000000000000e+00
1.825000000000000000e+04 7.299843377917203391e-02 6.099226217569413133e-02 9.344560764679107345e-01 0.000000000000000000e+00 4.551661356395083832e-03 0.000000000000000000e+00
1.850000000000000000e+04 7.399841232409221092e-02 6.349567592171143082e-02 9.319526627218934767e-01 0.000000000000000000e+00 4.551661356395083832e-03 0.000000000000000000e+00
1.875000000000000000e+04 7.499839086901238794e-02 6.611288120163859305e-02 9.293354574419663283e-01 0.000000000000000000e+00 4.551661356395083832e-03 0.000000000000000000e+00
1.900000000000000000e+04 7.599836941393234291e-02 7.339553937187073829e-02 9.202321347291761988e-01 0.000000000000000000e+00 6.372325898953117539e-03 0.000000000000000000e+00
1.925000000000000000e+04 7.699834795885251992e-02 6.998179335457442585e-02 9.234182976786526886e-01 0.000000000000000000e+00 6.599908966772872511e-03 0.000000000000000000e+00
1.950000000000000000e+04 7.799832650377269694e-02 7.965407373691398007e-02 9.130632680928538747e-01 0.000000000000000000e+00 7.282658170232134826e-03 0.000000000000000000e+00
1.975000000000000000e+04 7.899830504869287395e-02 8.978152025489304078e-02 9.014565316340463763e-01 0.000000000000000000e+00 8.761948111060537808e-03 0.000000000000000000e+00
2.000000000000000000e+04 7.999828359361305097e-02 1.034365043240782905e-01 8.849567592171142527e-01 0.000000000000000000e+00 1.160673645880746542e-02 0.000000000000000000e+00
2.025000000000000000e+04 8.099826213853322798e-02 1.055985434683659602e-01 8.819981793354574329e-01 0.000000000000000000e+00 1.240327719617660522e-02 0.000000000000000000e+00
2.050000000000000000e+04 8.199824068345340500e-02 9.854346836595356818e-02 8.899635867091488795e-01 0.000000000000000000e+00 1.149294492489758707e-02 0.000000000000000000e+00
2.075000000000000000e+04 8.299821922837358201e-02 1.263086026399635742e-01 8.576467910787437532e-01 0.000000000000000000e+00 1.604460628129267263e-02 0.000000000000000000e+00
2.100000000000000000e+04 8.399819777329375903e-02 1.001365498406918547e-01 8.851843422849340337e-01 0.000000000000000000e+00 1.467910787437414627e-02 0.000000000000000000e+00
2.125000000000000000e+04 8.499817631821393604e-02 1.272189349112426149e-01 8.524123805188893455e-01 0.000000000000000000e+00 2.036868456986800149e-02 0.000000000000000000e+00
2.150000000000000000e+04 8.599815486313411306e-02 1.671597633136094607e-01 7.930131998179335007e-01 2.275830678197542133e-04 3.959945380063722986e-02 0.000000000000000000e+00
2.175000000000000000e+04 8.699813340805429007e-02 1.977696859353663961e-01 7.329312699135184239e-01 2.162039144287664864e-03 6.713700500682749650e-02 0.000000000000000000e+00
2.200000000000000000e+04 8.799811195297446709e-02 2.292899408284023721e-01 6.715976331360946627e-01 4.210286754665453109e-03 9.490213928083750250e-02 0.000000000000000000e+00
2.225000000000000000e+04 8.899809049789464410e-02 2.573964497041419941e-01 5.993400091033227461e-01 1.456531634046426965e-02 1.286982248520709970e-01 0.000000000000000000e+00
2.250000000000000000e+04 8.999806904281482112e-02 2.573964497041419941e-01 5.229858898497952158e-01 5.154756486117433034e-02 1.680700955848884737e-01 0.000000000000000000e+00
2.275000000000000000e+04 9.099804758773499813e-02 2.692307692307692180e-01 4.773554847519344557e-01 8.500227583067819503e-02 1.684114701866181174e-01 0.000000000000000000e+00
2.300000000000000000e+04 9.199802613265517515e-02 2.591033227127901850e-01 4.789485662266727561e-01 1.218707328174783860e-01 1.400773782430587144e-01 0.000000000000000000e+00
2.325000000000000000e+04 9.299800467757513012e-02 2.551206190259444617e-01 4.907828857532999800e-01 1.393946290395994547e-01 1.147018661811561174e-01 0.000000000000000000e+00
2.350000000000000000e+04 9.399798322249530713e-02 2.364588074647246130e-01 5.068274920345926526e-01 1.574874829312699065e-01 9.922621756941284177e-02 0.000000000000000000e+00
2.375000000000000000e+04 9.499796176741548415e-02 2.220072826581702408e-01 5.286754665452890745e-01 1.654528903049612976e-01 8.386436049157942885e-02 0.000000000000000000e+00
2.400000000000000000e+04 9.599794031233566116e-02 2.314519799726900418e-01 5.212790168411469693e-01 1.673873463814292140e-01 7.988165680473373331e-02 0.000000000000000000e+00
2.425000000000000000e+04 9.699791885725583818e-02 2.091488393263541135e-01 5.482476103777879084e-01 1.706873008648156498e-01 7.191624943104232837e-02 0.000000000000000000e+00
2.450000000000000000e+04 9.799789740217601519e-02 2.192762858443331742e-01 5.301547564861174289e-01 1.712562585343650468e-01 7.931269913518433634e-02 0.000000000000000000e+00
2.475000000000000000e+04 9.899787594709619221e-02 2.282658170232134687e-01 4.922621756941283344e-01 1.795630405097860816e-01 9.990896677287210148e-02 0.000000000000000000e+00
2.500000000000000000e+04 9.999785449201636922e-02 2.226900318616295005e-01 4.742831133363678009e-01 1.953800637232590010e-01 1.076467910787437393e-01 0.000000000000000000e+00
2.525000000000000000e+04 1.009978330369365462e-01 1.882111970869367323e-01 4.732589895311788974e-01 2.402139280837505553e-01 9.831588529813381494e-02 0.000000000000000000e+00
2.550000000000000000e+04 1.019978115818567233e-01 1.656804733727810786e-01 4.557350933090578149e-01 2.684342284934000955e-01 1.101502048247610388e-01 0.000000000000000000e+00
2.575000000000000000e+04 1.029977901267769003e-01 1.807009558488848477e-01 4.153390987710514071e-01 2.704824761037779024e-01 1.334774692762858428e-01 0.000000000000000000e+00
2.600000000000000000e+04 1.039977686716970773e-01 1.797906235776058348e-01 4.028220300409649512e-01 2.825443786982248517e-01 1.348429676832043622e-01 0.000000000000000000e+00
2.625000000000000000e+04 1.049977472166172543e-01 1.611288120163859861e-01 4.271734182976786309e-01 3.107646791078743642e-01 1.009330905780609910e-01 0.000000000000000000e+00
2.650000000000000000e+04 1.059977257615374313e-01 1.549840691852526209e-01 4.378698224852071164e-01 3.197542102867546587e-01 8.739189804278561791e-02 0.000000000000000000e+00
2.675000000000000000e+04 1.069977043064576083e-01 1.607874374146563423e-01 4.287664997724169313e-01 3.162266727355484974e-01 9.421939007737824279e-02 0.000000000000000000e+00
2.700000000000000000e+04 1.079976828513777853e-01 1.609012289485662328e-01 4.312699135184342447e-01 3.142922166590805810e-01 9.353664087391898307e-02 0.000000000000000000e+00
2.725000000000000000e+04 1.089976613962979624e-01 1.648839326354119283e-01 4.354802002730996935e-01 3.095129722348657353e-01 9.012289485662267063e-02 0.000000000000000000e+00
2.750000000000000000e+04 1.099976399412179173e-01 1.694355939918070209e-01 4.292216659080564378e-01 3.048475193445607800e-01 9.649522075557578904e-02 0.000000000000000000e+00
2.775000000000000000e+04 1.109976184861380943e-01 1.750113791533909890e-01 4.294492489758762188e-01 3.105370960400546387e-01 8.500227583067819503e-02 0.000000000000000000e+00
2.800000000000000000e+04 1.119975970310582714e-01 1.754665452890304955e-01 4.274010013654984119e-01 3.006372325898953313e-01 9.649522075557578904e-02 0.000000000000000000e+00
2.825000000000000000e+04 1.129975755759784484e-01 1.958352298588985074e-01 4.160218479745106945e-01 2.994993172507965373e-01 8.864360491579426071e-02 0.000000000000000000e+00
2.850000000000000000e+04 1.139975541208986254e-01 1.736458807464724696e-01 4.235320892125625791e-01 2.930131998179335562e-01 1.098088302230314089e-01 0.000000000000000000e+00
2.875000000000000000e+04 1.149975326658188024e-01 1.994765589440145592e-01 4.148839326354119006e-01 2.857305416477013971e-01 9.990896677287210148e-02 0.000000000000000000e+00
2.900000000000000000e+04 1.159975112107389794e-01 2.119936276741010428e-01 4.057806099226217711e-01 2.694583522985889990e-01 1.127674101046882149e-01 0.000000000000000000e+00
2.925000000000000000e+04 1.169974897556591564e-01 2.234865725989986229e-01 3.987255348202093930e-01 2.658170232134728916e-01 1.119708693673190647e-01 0.000000000000000000e+00
2.950000000000000000e+04 1.179974683005793334e-01 2.197314519799726806e-01 3.855257168866636497e-01 2.624032771961766208e-01 1.323395539371870766e-01 0.000000000000000000e+00
2.975000000000000000e+04 1.189974468454995105e-01 2.424897587619481154e-01 3.796085571233500100e-01 2.644515248065543722e-01 1.134501593081474746e-01 0.000000000000000000e+00
3.000000000000000000e+04 1.199974253904196875e-01 2.382794720072826666e-01 3.905325443786982209e-01 2.528447883477469293e-01 1.183431952662721831e-01 0.000000000000000000e+00
3.025000000000000000e+04 1.209974039353398645e-01 2.459035047792444140e-01 3.893946290395994270e-01 2.537551206190259423e-01 1.109467455621301751e-01 0.000000000000000000e+00
3.050000000000000000e+04 1.219973824802600415e-01 2.385070550751024199e-01 3.969048702776513671e-01 2.564861174328629811e-01 1.081019572143832458e-01 0.000000000000000000e+00
3.075000000000000000e+04 1.229973610251802185e-01 2.482931269913518368e-01 3.594674556213017791e-01 2.527309968138370389e-01 1.395084205735093175e-01 0.000000000000000000e+00
3.100000000000000000e+04 1.239973395701003955e-01 2.644515248065543722e-01 3.392125625853436577e-01 2.571688666363222686e-01 1.391670459717797015e-01 0.000000000000000000e+00
3.125000000000000000e+04 1.249973181150205725e-01 2.701411015020482309e-01 3.334091943559399085e-01 2.696859353664087244e-01 1.267637687756031084e-01 0.000000000000000000e+00
3.150000000000000000e+04 1.259972966599407496e-01 2.639963586709148657e-01 3.166818388711880039e-01 2.934683659535730627e-01 1.258534365043240677e-01 0.000000000000000000e+00
3.175000000000000000e+04 1.269972752048607045e-01 2.641101502048247562e-01 3.005234410559854408e-01 2.954028220300409791e-01 1.399635867091488517e-01 0.000000000000000000e+00
3.200000000000000000e+04 1.279972537497808815e-01 2.684342284934000955e-01 3.053026854802002865e-01 2.971096950386891145e-01 1.291533909877105035e-01 0.000000000000000000e+00
3.225000000000000000e+04 1.289972322947010586e-01 2.642239417387346467e-01 3.005234410559854408e-01 3.045061447428311086e-01 1.307464724624488039e-01 0.000000000000000000e+00
3.250000000000000000e+04 1.299972108396212356e-01 2.526172052799271484e-01 2.958579881656804855e-01 3.309057806099225951e-01 1.206190259444697294e-01 0.000000000000000000e+00
3.275000000000000000e+04 1.309971893845414126e-01 2.421483841602184717e-01 3.059854346836595185e-01 3.344333181611288119e-01 1.174328629949931702e-01 0.000000000000000000e+00
3.300000000000000000e+04 1.319971679294615896e-01 2.558033682294037492e-01 2.902822030040965173e-01 3.361401911697769473e-01 1.177742375967228000e-01 0.000000000000000000e+00
3.325000000000000000e+04 1.329971464743817666e-01 2.353208921256258468e-01 2.971096950386891145e-01 3.409194355939917931e-01 1.266499772416932179e-01 0.000000000000000000e+00
3.350000000000000000e+04 1.339971250193019436e-01 2.498862084660901095e-01 2.922166590805644337e-01 3.420573509330905870e-01 1.158397815202548975e-01 0.000000000000000000e+00
3.375000000000000000e+04 1.349971035642221207e-01 2.589895311788802945e-01 2.765134274010013771e-01 3.533227127901684139e-01 1.111743286299499284e-01 0.000000000000000000e+00
3.400000000000000000e+04 1.359970821091422977e-01 2.606964041875284299e-01 2.783340919435594030e-01 3.558261265361857273e-01 1.051433773327264398e-01 0.000000000000000000e+00
3.425000000000000000e+04 1.369970606540624747e-01 2.553482020937642427e-01 2.674101046882111921e-01 3.576467910787437532e-01 1.195949021392808398e-01 0.000000000000000000e+00
3.450000000000000000e+04 1.379970391989826517e-01 2.573964497041419941e-01 2.701411015020482309e-01 3.585571233500227661e-01 1.139053254437869811e-01 0.000000000000000000e+00
3.475000000000000000e+04 1.389970177439028287e-01 2.523896222121074229e-01 2.617205279927173334e-01 3.642467000455166248e-01 1.216431497496586189e-01 0.000000000000000000e+00
3.500000000000000000e+04 1.399969962888230057e-01 2.461310878470641672e-01 2.606964041875284299e-01 3.639053254437870089e-01 1.292671825216203940e-01 0.000000000000000000e+00
3.525000000000000000e+04 1.409969748337431827e-01 2.583067819754210070e-01 2.543240782885753393e-01 3.603777878925807920e-01 1.269913518434228616e-01 0.000000000000000000e+00
3.550000000000000000e+04 1.419969533786633598e-01 2.580791989076012816e-01 2.390760127446517891e-01 3.691397360036413056e-01 1.337050523441055960e-01 0.000000000000000000e+00
3.575000000000000000e+04 1.429969319235835368e-01 2.663859808830222886e-01 2.172280382339553950e-01 3.720983158852981254e-01 1.442876649977241632e-01 0.000000000000000000e+00
3.600000000000000000e+04 1.439969104685034917e-01 2.712790168411470249e-01 2.074419663177059503e-01 3.716431497496586189e-01 1.496358670914884059e-01 0.000000000000000000e+00
3.625000000000000000e+04 1.449968890134236688e-01 2.737824305871643382e-01 1.904870277651342647e-01 3.864360491579426626e-01 1.492944924897587622e-01 0.000000000000000000e+00
3.650000000000000000e+04 1.459968675583438458e-01 2.628584433318161273e-01 2.025489303595812418e-01 4.016841147018661573e-01 1.329085116067364458e-01 0.000000000000000000e+00
3.675000000000000000e+04 1.469968461032640228e-01 2.548930359581247362e-01 2.039144287664997612e-01 4.149977241693217911e-01 1.261948111060537114e-01 0.000000000000000000e+00
3.700000000000000000e+04 1.479968246481841998e-01 2.578516158397815006e-01 1.976558944014565333e-01 4.221665908056440597e-01 1.223258989531178925e-01 0.000000000000000000e+00
3.725000000000000000e+04 1.489968031931043768e-01 2.441966317705962786e-01 1.961766044606281234e-01 4.378698224852071164e-01 1.217569412835685094e-01 0.000000000000000000e+00
3.750000000000000000e+04 1.499967817380245538e-01 2.505689576695493970e-01 1.853664087391898030e-01 4.464041875284479044e-01 1.176604460628129234e-01 0.000000000000000000e+00
3.775000000000000000e+04 1.509967602829447308e-01 2.467000455166135642e-01 1.751251706873008518e-01 4.439007737824305910e-01 1.342740100136549930e-01 0.000000000000000000e+00
3.800000000000000000e+04 1.519967388278649079e-01 2.391898042785616796e-01 1.715976331360946627e-01 4.555075102412380339e-01 1.337050523441055960e-01 0.000000000000000000e+00
3.825000000000000000e+04 1.529967173727850849e-01 2.555757851615839682e-01 1.727355484751934567e-01 4.517523896222120916e-01 1.199362767410104696e-01 0.000000000000000000e+00
3.850000000000000000e+04 1.539966959177052619e-01 2.435138825671370189e-01 1.693218024578971304e-01 4.540282203004096240e-01 1.331360946745562268e-01 0.000000000000000000e+00
3.875000000000000000e+04 1.549966744626254389e-01 2.490896677287209870e-01 1.677287209831588577e-01 4.673418297678652578e-01 1.158397815202548975e-01 0.000000000000000000e+00
3.900000000000000000e+04 1.559966530075456159e-01 2.473827947200728239e-01 1.665908056440600915e-01 4.675694128356850388e-01 1.184569868001820597e-01 0.000000000000000000e+00
3.925000000000000000e+04 1.569966315524657929e-01 2.405553026854801990e-01 1.564633591260810308e-01 4.765589440145653333e-01 1.264223941738734647e-01 0.000000000000000000e+00
3.950000000000000000e+04 1.579966100973859700e-01 2.480655439235320836e-01 1.439462903959945472e-01 4.676832043695949293e-01 1.403049613108784677e-01 0.000000000000000000e+00
3.975000000000000000e+04 1.589965886423061470e-01 2.447655894401456478e-01 1.383705052344105513e-01 4.724624487938097195e-01 1.444014565316340537e-01 0.000000000000000000e+00
4.000000000000000000e+04 1.599965671872263240e-01 2.363450159308147502e-01 1.314292216659080637e-01 4.778106508875739622e-01 1.544151115157032239e-01 0.000000000000000000e+00
4.025000000000000000e+04 1.609965457321462790e-01 2.506827492034592875e-01 1.334774692762858428e-01 4.742831133363678009e-01 1.415566681838871244e-01 0.000000000000000000e+00
4.050000000000000000e+04 1.619965242770664560e-01 2.429449248975876219e-01 1.304050978607191602e-01 4.732589895311788974e-01 1.533909877105143482e-01 0.000000000000000000e+00
4.075000000000000000e+04 1.629965028219866330e-01 2.388484296768320359e-01 1.297223486572599005e-01 4.691624943104232837e-01 1.622667273554847522e-01 0.000000000000000000e+00
4.100000000000000000e+04 1.639964813669068100e-01 2.368001820664542567e-01 1.263086026399635742e-01 4.790623577605825911e-01 1.578288575329995502e-01 0.000000000000000000e+00
4.125000000000000000e+04 1.649964599118269870e-01 2.350933090578060936e-01 1.238051888939462886e-01 4.723486572598998845e-01 1.687528447883477334e-01 0.000000000000000000e+00
4.150000000000000000e+04 1.659964384567471640e-01 2.306554392353208915e-01 1.247155211652253015e-01 4.759899863450159363e-01 1.686390532544378706e-01 0.000000000000000000e+00
4.175000000000000000e+04 1.669964170016673410e-01 2.329312699135184239e-01 1.293809740555302568e-01 4.813381884387801790e-01 1.563495675921711403e-01 0.000000000000000000e+00
4.200000000000000000e+04 1.679963955465875181e-01 2.137005006827492060e-01 1.413290851160673711e-01 5.097860719162494725e-01 1.351843422849340060e-01 0.000000000000000000e+00
4.225000000000000000e+04 1.689963740915076951e-01 2.107419208010923861e-01 1.437187073281747940e-01 5.220755575785162028e-01 1.234638142922166587e-01 0.000000000000000000e+00
4.250000000000000000e+04 1.699963526364278721e-01 1.919663177059626746e-01 1.466772872098315861e-01 5.380063723258989850e-01 1.233500227583067821e-01 0.000000000000000000e+00
4.275000000000000000e+04 1.709963311813480491e-01 1.934456076467910846e-01 1.514565316340464318e-01 5.556440600819299025e-01 9.945380063723259501e-02 0.000000000000000000e+00
4.300000000000000000e+04 1.719963097262682261e-01 1.804733727810650945e-01 1.528220300409649512e-01 5.637232589895311285e-01 1.029813381884387841e-01 0.000000000000000000e+00
4.325000000000000000e+04 1.729962882711884031e-01 1.927628584433318248e-01 1.538461538461538547e-01 5.685025034137459743e-01 8.488848429676831842e-02 0.000000000000000000e+00
4.350000000000000000e+04 1.739962668161085801e-01 1.814974965862539702e-01 1.527082385070550885e-01 5.667956304050978389e-01 9.899863450159307465e-02 0.000000000000000000e+00
4.375000000000000000e+04 1.749962453610287572e-01 1.851388256713700498e-01 1.544151115157032239e-01 5.769230769230768718e-01 8.352298588984979899e-02 0.000000000000000000e+00
4.400000000000000000e+04 1.759962239059489342e-01 1.769458352298589054e-01 1.557806099226217433e-01 5.790851160673645692e-01 8.818843878015475424e-02 0.000000000000000000e+00
4.425000000000000000e+04 1.769962024508691112e-01 1.847974510696404060e-01 1.574874829312699065e-01 5.806781975421028141e-01 7.703686845698680397e-02 0.000000000000000000e+00
4.450000000000000000e+04 1.779961809957890662e-01 1.860491579426490627e-01 1.598771051433773294e-01 5.778334091943558848e-01 7.624032771961765376e-02 0.000000000000000000e+00
4.475000000000000000e+04 1.789961595407092432e-01 1.882111970869367323e-01 1.598771051433773294e-01 5.818161128812016081e-01 7.009558488848430247e-02 0.000000000000000000e+00
4.500000000000000000e+04 1.799961380856294202e-01 1.833181611288120239e-01 1.648839326354119283e-01 5.863677742375966728e-01 6.543013199817933334e-02 0.000000000000000000e+00
4.525000000000000000e+04 1.809961166305495972e-01 1.917387346381429214e-01 1.648839326354119283e-01 5.864815657715065633e-01 5.689576695493855224e-02 0.000000000000000000e+00
4.550000000000000000e+04 1.819960951754697742e-01 1.808147473827947105e-01 1.636322257624032717e-01 5.867091488393263443e-01 6.884387801547564578e-02 0.000000000000000000e+00
4.575000000000000000e+04 1.829960737203899512e-01 1.870732817478379661e-01 1.645425580336822846e-01 5.897815202548930547e-01 5.860263996358670846e-02 0.000000000000000000e+00
4.600000000000000000e+04 1.839960522653101282e-01 1.833181611288120239e-01 1.654528903049612976e-01 5.945607646791079004e-01 5.666818388711879900e-02 0.000000000000000000e+00
4.625000000000000000e+04 1.849960308102303053e-01 1.837733272644515303e-01 1.649977241693217911e-01 5.986572598998634032e-01 5.257168866636321991e-02 0.000000000000000000e+00
4.650000000000000000e+04 1.859960093551504823e-01 1.845698680018206528e-01 1.681838871187983642e-01 5.961538461538461453e-01 5.109239872553481693e-02 0.000000000000000000e+00
4.675000000000000000e+04 1.869959879000706593e-01 1.777423759672280279e-01 1.667045971779699542e-01 6.028675466545289074e-01 5.268548020027309653e-02 0.000000000000000000e+00
4.700000000000000000e+04 1.879959664449908363e-01 1.849112426035502965e-01 1.672735548475193512e-01 6.029813381884387979e-01 4.483386436049158208e-02 0.000000000000000000e+00
4.725000000000000000e+04 1.889959449899110133e-01 1.787664997724169313e-01 1.684114701866181174e-01 6.071916249431041912e-01 4.563040509786071841e-02 0.000000000000000000e+00
4.750000000000000000e+04 1.899959235348311903e-01 1.853664087391898030e-01 1.686390532544378706e-01 6.075329995448338627e-01 3.846153846153846367e-02 0.000000000000000000e+00
4.775000000000000000e+04 1.909959020797513674e-01 1.754665452890304955e-01 1.682976786527082269e-01 6.110605370960400240e-01 4.517523896222121194e-02 0.000000000000000000e+00
4.800000000000000000e+04 1.919958806246715444e-01 1.784251251706872876e-01 1.688666363222576239e-01 6.125398270368684894e-01 4.016841147018661989e-02 0.000000000000000000e+00
4.825000000000000000e+04 1.929958591695917214e-01 1.825216203914428736e-01 1.701183431952662806e-01 6.103777878925807920e-01 3.698224852071006069e-02 0.000000000000000000e+00
4.850000000000000000e+04 1.939958377145118984e-01 1.819526627218935044e-01 1.682976786527082269e-01 6.116294947655894765e-01 3.812016385980882688e-02 0.000000000000000000e+00
4.875000000000000000e+04 1.949958162594318534e-01 1.861629494765589532e-01 1.693218024578971304e-01 6.062812926718251783e-01 3.823395539371871044e-02 0.000000000000000000e+00
4.900000000000000000e+04 1.959957948043520304e-01 1.840009103322712836e-01 1.655666818388711881e-01 6.045744196631770428e-01 4.585798816568047165e-02 0.000000000000000000e+00
4.925000000000000000e+04 1.969957733492722074e-01 1.865043240782885692e-01 1.652253072371415443e-01 6.067364588074647402e-01 4.153390987710514626e-02 0.000000000000000000e+00
4.950000000000000000e+04 1.979957518941923844e-01 1.820664542558033672e-01 1.677287209831588577e-01 6.095812471552116696e-01 4.062357760582612637e-02 0.000000000000000000e+00
4.975000000000000000e+04 1.989957304391125614e-01 1.844560764679107900e-01 1.656804733727810786e-01 6.043468365953572619e-01 4.551661356395084179e-02 0.000000000000000000e+00
5.000000000000000000e+04 1.999957089840327384e-01 1.908284023668639084e-01 1.675011379153391045e-01 6.036640873918980299e-01 3.800637232589895026e-02 0.000000000000000000e+00
5.025000000000000000e+04 2.009956875289529155e-01 1.743286299499317293e-01 1.804733727810650945e-01 6.141329085116067343e-01 3.106508875739644876e-02 0.000000000000000000e+00
5.050000000000000000e+04 2.019956660738730925e-01 1.713700500682749095e-01 1.827492034592626269e-01 6.159535730541647602e-01 2.992717341829767910e-02 0.000000000000000000e+00
5.075000000000000000e+04 2.029956446187932695e-01 1.538461538461538547e-01 1.873008648156577194e-01 6.334774692762858983e-01 2.537551206190259354e-02 0.000000000000000000e+00
5.100000000000000000e+04 2.039956231637134465e-01 1.249431042330450548e-01 2.140418752844788219e-01 6.442876649977241632e-01 1.672735548475193582e-02 0.000000000000000000e+00
5.125000000000000000e+04 2.049956017086336235e-01 6.372325898953118406e-02 2.539827036868457233e-01 6.763768775603095085e-01 5.917159763313609329e-03 0.000000000000000000e+00
5.150000000000000000e+04 2.059955802535538005e-01 7.965407373691396923e-04 3.074647246244879284e-01 6.916249431042330587e-01 1.137915339098771066e-04 0.000000000000000000e+00
5.175000000000000000e+04 2.069955587984739775e-01 2.048247610377787811e-03 3.066681838871188059e-01 6.908284023668639362e-01 4.551661356395084266e-04 0.000000000000000000e+00
5.200000000000000000e+04 2.079955373433941546e-01 1.024123805188893906e-03 3.076923076923077094e-01 6.912835685025033872e-01 0.000000000000000000e+00 0.000000000000000000e+00
5.225000000000000000e+04 2.089955158883143316e-01 1.365498406918525280e-03 3.071233500227583124e-01 6.913973600364132777e-01 1.137915339098771066e-04 0.000000000000000000e+00
5.250000000000000000e+04 2.099954944332345086e-01 7.965407373691396923e-04 3.073509330905780379e-01 6.918525261720528396e-01 0.000000000000000000e+00 0.000000000000000000e+00
5.275000000000000000e+04 2.109954729781544636e-01 7.965407373691396923e-04 3.068957669549385314e-01 6.923076923076922906e-01 0.000000000000000000e+00 0.000000000000000000e+00
5.300000000000000000e+04 2.119954515230746406e-01 1.137915339098770958e-03 3.071233500227583124e-01 6.917387346381429492e-01 0.000000000000000000e+00 0.000000000000000000e+00
5.325000000000000000e+04 2.129954300679948176e-01 1.137915339098770958e-03 3.072371415566682029e-01 6.916249431042330587e-01 0.000000000000000000e+00 0.000000000000000000e+00
5.350000000000000000e+04 2.139954086129149946e-01 5.689576695493854790e-04 3.076923076923077094e-01 6.917387346381429492e-01 0.000000000000000000e+00 0.000000000000000000e+00
5.375000000000000000e+04 2.149953871578351716e-01 4.551661356395084266e-04 3.074647246244879284e-01 6.920801092398725096e-01 0.000000000000000000e+00 0.000000000000000000e+00
5.400000000000000000e+04 2.159953657027553486e-01 5.689576695493854790e-04 3.075785161583978189e-01 6.918525261720528396e-01 0.000000000000000000e+00 0.000000000000000000e+00
5.425000000000000000e+04 2.169953442476755257e-01 1.137915339098771066e-04 3.076923076923077094e-01 6.921939007737824001e-01 0.000000000000000000e+00 0.000000000000000000e+00
5.450000000000000000e+04 2.179953227925957027e-01 1.251706873008648227e-03 3.067819754210286964e-01 6.919663177059627301e-01 0.000000000000000000e+00 0.000000000000000000e+00
5.475000000000000000e+04 2.189953013375158797e-01 1.365498406918525280e-03 3.072371415566682029e-01 6.913973600364132777e-01 0.000000000000000000e+00 0.000000000000000000e+00
5.500000000000000000e+04 2.199952798824360567e-01 4.551661356395084266e-04 3.075785161583978189e-01 6.919663177059627301e-01 0.000000000000000000e+00 0.000000000000000000e+00
5.525000000000000000e+04 2.209952584273562337e-01 1.706873008648156654e-03 3.071233500227583124e-01 6.911697769685934967e-01 0.000000000000000000e+00 0.000000000000000000e+00
5.550000000000000000e+04 2.219952369722764107e-01 4.551661356395084266e-04 3.076923076923077094e-01 6.918525261720528396e-01 0.000000000000000000e+00 0.000000000000000000e+00
5.575000000000000000e+04 2.229952155171965877e-01 2.275830678197542133e-04 3.074647246244879284e-01 6.923076923076922906e-01 0.000000000000000000e+00 0.000000000000000000e+00
5.600000000000000000e+04 2.239951940621167648e-01 2.275830678197542133e-04 3.074647246244879284e-01 6.923076923076922906e-01 0.000000000000000000e+00 0.000000000000000000e+00
5.625000000000000000e+04 2.249951726070369418e-01 2.275830678197542133e-04 3.075785161583978189e-01 6.921939007737824001e-01 0.000000000000000000e+00 0.000000000000000000e+00
5.650000000000000000e+04 2.259951511519571188e-01 1.137915339098770958e-03 3.068957669549385314e-01 6.919663177059627301e-01 0.000000000000000000e+00 0.000000000000000000e+00
5.675000000000000000e+04 2.269951296968772958e-01 6.827492034592626399e-04 3.074647246244879284e-01 6.918525261720528396e-01 0.000000000000000000e+00 0.000000000000000000e+00
