# itime ezz other fcc hcp bcc ico
0.000000000000000000e+00 0.000000000000000000e+00 0.000000000000000000e+00 1.000000000000000000e+00 0.000000000000000000e+00 0.000000000000000000e+00 0.000000000000000000e+00
4.000000000000000000e+03 9.999784072918238564e-04 0.000000000000000000e+00 1.000000000000000000e+00 0.000000000000000000e+00 0.000000000000000000e+00 0.000000000000000000e+00
8.000000000000000000e+03 1.999956814583425668e-03 0.000000000000000000e+00 1.000000000000000000e+00 0.000000000000000000e+00 0.000000000000000000e+00 0.000000000000000000e+00
1.200000000000000000e+04 2.999935221875249525e-03 0.000000000000000000e+00 1.000000000000000000e+00 0.000000000000000000e+00 0.000000000000000000e+00 0.000000000000000000e+00
1.600000000000000000e+04 3.999913629166851337e-03 0.000000000000000000e+00 1.000000000000000000e+00 0.000000000000000000e+00 0.000000000000000000e+00 0.000000000000000000e+00
2.000000000000000000e+04 4.999892036458675193e-03 0.000000000000000000e+00 1.000000000000000000e+00 0.000000000000000000e+00 0.000000000000000000e+00 0.000000000000000000e+00
2.400000000000000000e+04 5.999870443750277005e-03 0.000000000000000000e+00 1.000000000000000000e+00 0.000000000000000000e+00 0.000000000000000000e+00 0.000000000000000000e+00
2.800000000000000000e+04 6.999848851042100861e-03 0.000000000000000000e+00 1.000000000000000000e+00 0.000000000000000000e+00 0.000000000000000000e+00 0.000000000000000000e+00
3.200000000000000000e+04 7.999827258333702673e-03 0.000000000000000000e+00 1.000000000000000000e+00 0.000000000000000000e+00 0.000000000000000000e+00 0.000000000000000000e+00
3.600000000000000000e+04 8.999805665625526530e-03 0.000000000000000000e+00 1.000000000000000000e+00 0.000000000000000000e+00 0.000000000000000000e+00 0.000000000000000000e+00
4.000000000000000000e+04 9.999784072917128341e-03 0.000000000000000000e+00 1.000000000000000000e+00 0.000000000000000000e+00 0.000000000000000000e+00 0.000000000000000000e+00
4.400000000000000000e+04 1.099976248020895220e-02 0.000000000000000000e+00 1.000000000000000000e+00 0.000000000000000000e+00 0.000000000000000000e+00 0.000000000000000000e+00
4.800000000000000000e+04 1.199974088750055401e-02 0.000000000000000000e+00 1.000000000000000000e+00 0.000000000000000000e+00 0.000000000000000000e+00 0.000000000000000000e+00
5.200000000000000000e+04 1.299971929479237787e-02 0.000000000000000000e+00 1.000000000000000000e+00 0.000000000000000000e+00 0.000000000000000000e+00 0.000000000000000000e+00
5.600000000000000000e+04 1.399969770208397968e-02 0.000000000000000000e+00 1.000000000000000000e+00 0.000000000000000000e+00 0.000000000000000000e+00 0.000000000000000000e+00
6.000000000000000000e+04 1.499967610937580353e-02 0.000000000000000000e+00 1.000000000000000000e+00 0.000000000000000000e+00 0.000000000000000000e+00 0.000000000000000000e+00
6.400000000000000000e+04 1.599965451666740535e-02 0.000000000000000000e+00 1.000000000000000000e+00 0.000000000000000000e+00 0.000000000000000000e+00 0.000000000000000000e+00
6.800000000000000000e+04 1.699963292395922920e-02 0.000000000000000000e+00 1.000000000000000000e+00 0.000000000000000000e+00 0.000000000000000000e+00 0.000000000000000000e+00
7.200000000000000000e+04 1.799961133125083101e-02 0.000000000000000000e+00 1.000000000000000000e+00 0.000000000000000000e+00 0.000000000000000000e+00 0.000000000000000000e+00
7.600000000000000000e+04 1.899958973854265487e-02 0.000000000000000000e+00 1.000000000000000000e+00 0.000000000000000000e+00 0.000000000000000000e+00 0.000000000000000000e+00
8.000000000000000000e+04 1.999956814583425668e-02 0.000000000000000000e+00 1.000000000000000000e+00 0.000000000000000000e+00 0.000000000000000000e+00 0.000000000000000000e+00
8.400000000000000000e+04 2.099954655312608054e-02 0.000000000000000000e+00 1.000000000000000000e+00 0.000000000000000000e+00 0.000000000000000000e+00 0.000000000000000000e+00
8.800000000000000000e+04 2.199952496041768235e-02 0.000000000000000000e+00 1.000000000000000000e+00 0.000000000000000000e+00 0.000000000000000000e+00 0.000000000000000000e+00
9.200000000000000000e+04 2.299950336770950621e-02 0.000000000000000000e+00 1.000000000000000000e+00 0.000000000000000000e+00 0.000000000000000000e+00 0.000000000000000000e+00
9.600000000000000000e+04 2.399948177500110802e-02 0.000000000000000000e+00 1.000000000000000000e+00 0.000000000000000000e+00 0.000000000000000000e+00 0.000000000000000000e+00
1.000000000000000000e+05 2.499946018229293188e-02 0.000000000000000000e+00 1.000000000000000000e+00 0.000000000000000000e+00 0.000000000000000000e+00 0.000000000000000000e+00
1.040000000000000000e+05 2.599943858958475573e-02 0.000000000000000000e+00 1.000000000000000000e+00 0.000000000000000000e+00 0.000000000000000000e+00 0.000000000000000000e+00
1.080000000000000000e+05 2.699941699687635754e-02 0.000000000000000000e+00 1.000000000000000000e+00 0.000000000000000000e+00 0.000000000000000000e+00 0.000000000000000000e+00
1.120000000000000000e+05 2.799939540416818140e-02 0.000000000000000000e+00 1.000000000000000000e+00 0.000000000000000000e+00 0.000000000000000000e+00 0.000000000000000000e+00
1.160000000000000000e+05 2.899937381145978321e-02 0.000000000000000000e+00 1.000000000000000000e+00 0.000000000000000000e+00 0.000000000000000000e+00 0.000000000000000000e+00
1.200000000000000000e+05 2.999935221875160707e-02 0.000000000000000000e+00 1.000000000000000000e+00 0.000000000000000000e+00 0.000000000000000000e+00 0.000000000000000000e+00
1.240000000000000000e+05 3.099933062604320888e-02 0.000000000000000000e+00 1.000000000000000000e+00 0.000000000000000000e+00 0.000000000000000000e+00 0.000000000000000000e+00
1.280000000000000000e+05 3.199930903333503274e-02 0.000000000000000000e+00 1.000000000000000000e+00 0.000000000000000000e+00 0.000000000000000000e+00 0.000000000000000000e+00
1.320000000000000000e+05 3.299928744062663455e-02 0.000000000000000000e+00 1.000000000000000000e+00 0.000000000000000000e+00 0.000000000000000000e+00 0.000000000000000000e+00
1.360000000000000000e+05 3.399926584791845841e-02 0.000000000000000000e+00 1.000000000000000000e+00 0.000000000000000000e+00 0.000000000000000000e+00 0.000000000000000000e+00
1.400000000000000000e+05 3.499924425521006022e-02 0.000000000000000000e+00 1.000000000000000000e+00 0.000000000000000000e+00 0.000000000000000000e+00 0.000000000000000000e+00
1.440000000000000000e+05 3.599922266250188407e-02 0.000000000000000000e+00 1.000000000000000000e+00 0.000000000000000000e+00 0.000000000000000000e+00 0.000000000000000000e+00
1.480000000000000000e+05 3.699920106979348589e-02 0.000000000000000000e+00 1.000000000000000000e+00 0.000000000000000000e+00 0.000000000000000000e+00 0.000000000000000000e+00
1.520000000000000000e+05 3.799917947708530974e-02 0.000000000000000000e+00 1.000000000000000000e+00 0.000000000000000000e+00 0.000000000000000000e+00 0.000000000000000000e+00
1.560000000000000000e+05 3.899915788437691155e-02 0.000000000000000000e+00 1.000000000000000000e+00 0.000000000000000000e+00 0.000000000000000000e+00 0.000000000000000000e+00
1.600000000000000000e+05 3.999913629166873541e-02 0.000000000000000000e+00 1.000000000000000000e+00 0.000000000000000000e+00 0.000000000000000000e+00 0.000000000000000000e+00
1.640000000000000000e+05 4.099911469896033722e-02 0.000000000000000000e+00 1.000000000000000000e+00 0.000000000000000000e+00 0.000000000000000000e+00 0.000000000000000000e+00
1.680000000000000000e+05 4.199909310625216108e-02 0.000000000000000000e+00 1.000000000000000000e+00 0.000000000000000000e+00 0.000000000000000000e+00 0.000000000000000000e+00
1.720000000000000000e+05 4.299907151354376289e-02 0.000000000000000000e+00 1.000000000000000000e+00 0.000000000000000000e+00 0.000000000000000000e+00 0.000000000000000000e+00
1.760000000000000000e+05 4.399904992083558675e-02 0.000000000000000000e+00 1.000000000000000000e+00 0.000000000000000000e+00 0.000000000000000000e+00 0.000000000000000000e+00
1.800000000000000000e+05 4.499902832812718856e-02 0.000000000000000000e+00 1.000000000000000000e+00 0.000000000000000000e+00 0.000000000000000000e+00 0.000000000000000000e+00
1.840000000000000000e+05 4.599900673541901241e-02 0.000000000000000000e+00 1.000000000000000000e+00 0.000000000000000000e+00 0.000000000000000000e+00 0.000000000000000000e+00
1.880000000000000000e+05 4.699898514271061423e-02 0.000000000000000000e+00 1.000000000000000000e+00 0.000000000000000000e+00 0.000000000000000000e+00 0.000000000000000000e+00
1.920000000000000000e+05 4.799896355000243808e-02 0.000000000000000000e+00 1.000000000000000000e+00 0.000000000000000000e+00 0.000000000000000000e+00 0.000000000000000000e+00
1.960000000000000000e+05 4.899894195729403990e-02 0.000000000000000000e+00 1.000000000000000000e+00 0.000000000000000000e+00 0.000000000000000000e+00 0.000000000000000000e+00
2.000000000000000000e+05 4.999892036458586375e-02 0.000000000000000000e+00 1.000000000000000000e+00 0.000000000000000000e+00 0.000000000000000000e+00 0.000000000000000000e+00
2.040000000000000000e+05 5.099889877187768761e-02 4.551661356395084266e-04 9.995448338643604380e-01 0.000000000000000000e+00 0.000000000000000000e+00 0.000000000000000000e+00
2.080000000000000000e+05 5.199887717916928942e-02 0.000000000000000000e+00 1.000000000000000000e+00 0.000000000000000000e+00 0.000000000000000000e+00 0.000000000000000000e+00
2.120000000000000000e+05 5.299885558646111328e-02 0.000000000000000000e+00 1.000000000000000000e+00 0.000000000000000000e+00 0.000000000000000000e+00 0.000000000000000000e+00
2.160000000000000000e+05 5.399883399375271509e-02 0.000000000000000000e+00 1.000000000000000000e+00 0.000000000000000000e+00 0.000000000000000000e+00 0.000000000000000000e+00
2.200000000000000000e+05 5.499881240104453894e-02 0.000000000000000000e+00 1.000000000000000000e+00 0.000000000000000000e+00 0.000000000000000000e+00 0.000000000000000000e+00
2.240000000000000000e+05 5.599879080833614076e-02 0.000000000000000000e+00 1.000000000000000000e+00 0.000000000000000000e+00 0.000000000000000000e+00 0.000000000000000000e+00
2.280000000000000000e+05 5.699876921562796461e-02 0.000000000000000000e+00 1.000000000000000000e+00 0.000000000000000000e+00 0.000000000000000000e+00 0.000000000000000000e+00
2.320000000000000000e+05 5.799874762291956642e-02 0.000000000000000000e+00 1.000000000000000000e+00 0.000000000000000000e+00 0.000000000000000000e+00 0.000000000000000000e+00
2.360000000000000000e+05 5.899872603021139028e-02 0.000000000000000000e+00 1.000000000000000000e+00 0.000000000000000000e+00 0.000000000000000000e+00 0.000000000000000000e+00
2.400000000000000000e+05 5.999870443750299209e-02 0.000000000000000000e+00 1.000000000000000000e+00 0.000000000000000000e+00 0.000000000000000000e+00 0.000000000000000000e+00
2.440000000000000000e+05 6.099868284479481595e-02 0.000000000000000000e+00 1.000000000000000000e+00 0.000000000000000000e+00 0.000000000000000000e+00 0.000000000000000000e+00
2.480000000000000000e+05 6.199866125208641776e-02 0.000000000000000000e+00 1.000000000000000000e+00 0.000000000000000000e+00 0.000000000000000000e+00 0.000000000000000000e+00
2.520000000000000000e+05 6.299863965937824162e-02 0.000000000000000000e+00 1.000000000000000000e+00 0.000000000000000000e+00 0.000000000000000000e+00 0.000000000000000000e+00
2.560000000000000000e+05 6.399861806666984343e-02 0.000000000000000000e+00 1.000000000000000000e+00 0.000000000000000000e+00 0.000000000000000000e+00 0.000000000000000000e+00
2.600000000000000000e+05 6.499859647396166729e-02 0.000000000000000000e+00 1.000000000000000000e+00 0.000000000000000000e+00 0.000000000000000000e+00 0.000000000000000000e+00
2.640000000000000000e+05 6.599857488125326910e-02 2.275830678197542133e-04 9.997724169321802190e-01 0.000000000000000000e+00 0.000000000000000000e+00 0.000000000000000000e+00
2.680000000000000000e+05 6.699855328854509295e-02 3.413746017296313199e-04 9.996586253982703285e-01 0.000000000000000000e+00 0.000000000000000000e+00 0.000000000000000000e+00
2.720000000000000000e+05 6.799853169583669477e-02 0.000000000000000000e+00 1.000000000000000000e+00 0.000000000000000000e+00 0.000000000000000000e+00 0.000000000000000000e+00
2.760000000000000000e+05 6.899851010312851862e-02 0.000000000000000000e+00 1.000000000000000000e+00 0.000000000000000000e+00 0.000000000000000000e+00 0.000000000000000000e+00
2.800000000000000000e+05 6.999848851042012043e-02 0.000000000000000000e+00 1.000000000000000000e+00 0.000000000000000000e+00 0.000000000000000000e+00 0.000000000000000000e+00
2.840000000000000000e+05 7.099846691771194429e-02 0.000000000000000000e+00 1.000000000000000000e+00 0.000000000000000000e+00 0.000000000000000000e+00 0.000000000000000000e+00
2.880000000000000000e+05 7.199844532500354610e-02 1.137915339098771066e-04 9.998862084660901095e-01 0.000000000000000000e+00 0.000000000000000000e+00 0.000000000000000000e+00
2.920000000000000000e+05 7.299842373229536996e-02 0.000000000000000000e+00 1.000000000000000000e+00 0.000000000000000000e+00 0.000000000000000000e+00 0.000000000000000000e+00
2.960000000000000000e+05 7.399840213958697177e-02 1.137915339098771066e-04 9.998862084660901095e-01 0.000000000000000000e+00 0.000000000000000000e+00 0.000000000000000000e+00
3.000000000000000000e+05 7.499838054687879563e-02 0.000000000000000000e+00 1.000000000000000000e+00 0.000000000000000000e+00 0.000000000000000000e+00 0.000000000000000000e+00
3.040000000000000000e+05 7.599835895417061948e-02 0.000000000000000000e+00 1.000000000000000000e+00 0.000000000000000000e+00 0.000000000000000000e+00 0.000000000000000000e+00
3.080000000000000000e+05 7.699833736146222130e-02 3.413746017296313199e-04 9.995448338643604380e-01 0.000000000000000000e+00 1.137915339098771066e-04 0.000000000000000000e+00
3.120000000000000000e+05 7.799831576875404515e-02 0.000000000000000000e+00 1.000000000000000000e+00 0.000000000000000000e+00 0.000000000000000000e+00 0.000000000000000000e+00
3.160000000000000000e+05 7.899829417604564696e-02 0.000000000000000000e+00 1.000000000000000000e+00 0.000000000000000000e+00 0.000000000000000000e+00 0.000000000000000000e+00
3.200000000000000000e+05 7.999827258333747082e-02 4.551661356395084266e-04 9.995448338643604380e-01 0.000000000000000000e+00 0.000000000000000000e+00 0.000000000000000000e+00
3.240000000000000000e+05 8.099825099062907263e-02 5.689576695493854790e-04 9.994310423304506585e-01 0.000000000000000000e+00 0.000000000000000000e+00 0.000000000000000000e+00
3.280000000000000000e+05 8.199822939792089649e-02 4.551661356395084266e-04 9.995448338643604380e-01 0.000000000000000000e+00 0.000000000000000000e+00 0.000000000000000000e+00
3.320000000000000000e+05 8.299820780521249830e-02 1.137915339098771066e-04 9.998862084660901095e-01 0.000000000000000000e+00 0.000000000000000000e+00 0.000000000000000000e+00
3.360000000000000000e+05 8.399818621250432216e-02 0.000000000000000000e+00 1.000000000000000000e+00 0.000000000000000000e+00 0.000000000000000000e+00 0.000000000000000000e+00
3.400000000000000000e+05 8.499816461979592397e-02 1.137915339098770958e-03 9.988620846609012061e-01 0.000000000000000000e+00 0.000000000000000000e+00 0.000000000000000000e+00
3.440000000000000000e+05 8.599814302708774783e-02 7.965407373691396923e-04 9.990896677287209870e-01 0.000000000000000000e+00 1.137915339098771066e-04 0.000000000000000000e+00
3.480000000000000000e+05 8.699812143437934964e-02 1.593081474738279385e-03 9.984069185252617551e-01 0.000000000000000000e+00 0.000000000000000000e+00 0.000000000000000000e+00
3.520000000000000000e+05 8.799809984167117349e-02 1.137915339098770958e-03 9.988620846609012061e-01 0.000000000000000000e+00 0.000000000000000000e+00 0.000000000000000000e+00
3.560000000000000000e+05 8.899807824896277531e-02 7.965407373691396923e-04 9.992034592626308775e-01 0.000000000000000000e+00 0.000000000000000000e+00 0.000000000000000000e+00
3.600000000000000000e+05 8.999805665625459916e-02 1.479289940828402332e-03 9.982931269913518646e-01 0.000000000000000000e+00 2.275830678197542133e-04 0.000000000000000000e+00
3.640000000000000000e+05 9.099803506354620097e-02 1.137915339098771066e-04 9.998862084660901095e-01 0.000000000000000000e+00 0.000000000000000000e+00 0.000000000000000000e+00
3.680000000000000000e+05 9.199801347083802483e-02 2.503413746017296455e-03 9.973827947200728516e-01 0.000000000000000000e+00 1.137915339098771066e-04 0.000000000000000000e+00
3.720000000000000000e+05 9.299799187812962664e-02 1.479289940828402332e-03 9.985207100591716456e-01 0.000000000000000000e+00 0.000000000000000000e+00 0.000000000000000000e+00
3.760000000000000000e+05 9.399797028542145050e-02 1.706873008648156654e-03 9.981793354574419741e-01 0.000000000000000000e+00 1.137915339098771066e-04 0.000000000000000000e+00
3.800000000000000000e+05 9.499794869271305231e-02 2.503413746017296455e-03 9.972690031861629611e-01 0.000000000000000000e+00 2.275830678197542133e-04 0.000000000000000000e+00
3.840000000000000000e+05 9.599792710000487617e-02 2.503413746017296455e-03 9.974965862539827421e-01 0.000000000000000000e+00 0.000000000000000000e+00 0.000000000000000000e+00
3.880000000000000000e+05 9.699790550729647798e-02 3.641329085116067413e-03 9.962448793809740577e-01 0.000000000000000000e+00 1.137915339098771066e-04 0.000000000000000000e+00
3.920000000000000000e+05 9.799788391458830183e-02 4.096495220755575623e-03 9.954483386436049352e-01 0.000000000000000000e+00 4.551661356395084266e-04 0.000000000000000000e+00
3.960000000000000000e+05 9.899786232187990365e-02 1.706873008648156654e-03 9.981793354574419741e-01 0.000000000000000000e+00 1.137915339098771066e-04 0.000000000000000000e+00
4.000000000000000000e+05 9.999784072917172750e-02 3.982703686845699004e-03 9.959035047792443862e-01 0.000000000000000000e+00 1.137915339098771066e-04 0.000000000000000000e+00
4.040000000000000000e+05 1.009978191364635514e-01 4.893035958124715423e-03 9.949931725079653733e-01 0.000000000000000000e+00 1.137915339098771066e-04 0.000000000000000000e+00
4.080000000000000000e+05 1.019977975437551532e-01 3.868912152935821518e-03 9.960172963131542767e-01 0.000000000000000000e+00 1.137915339098771066e-04 0.000000000000000000e+00
4.120000000000000000e+05 1.029977759510469770e-01 4.893035958124715423e-03 9.949931725079653733e-01 0.000000000000000000e+00 1.137915339098771066e-04 0.000000000000000000e+00
4.160000000000000000e+05 1.039977543583385788e-01 3.755120619025944465e-03 9.956759217114247162e-01 0.000000000000000000e+00 5.689576695493854790e-04 0.000000000000000000e+00
4.200000000000000000e+05 1.049977327656304027e-01 7.055075102412380721e-03 9.918070095584888834e-01 0.000000000000000000e+00 1.137915339098770958e-03 0.000000000000000000e+00
4.240000000000000000e+05 1.059977111729220045e-01 5.689576695493855224e-03 9.935138825671370189e-01 0.000000000000000000e+00 7.965407373691396923e-04 0.000000000000000000e+00
4.280000000000000000e+05 1.069976895802138284e-01 5.712335002275830548e-02 7.251934456076467583e-01 2.083522985889849910e-01 9.330905780609922637e-03 0.000000000000000000e+00
4.320000000000000000e+05 1.079976679875054302e-01 5.723714155666818210e-02 7.209831588529813651e-01 2.133591260810195622e-01 8.420573509330906217e-03 0.000000000000000000e+00
4.360000000000000000e+05 1.089976463947972540e-01 5.632680928538916915e-02 7.220072826581702685e-01 2.131315430131998090e-01 8.534365043240782836e-03 0.000000000000000000e+00
4.400000000000000000e+05 1.099976248020888558e-01 5.553026854802002588e-02 7.207555757851615841e-01 2.150659990896677254e-01 8.648156577150659455e-03 0.000000000000000000e+00
4.440000000000000000e+05 1.109976032093806797e-01 5.553026854802002588e-02 7.200728265817023521e-01 2.143832498862084657e-01 1.001365498406918582e-02 0.000000000000000000e+00
4.480000000000000000e+05 1.119975816166722815e-01 5.575785161583977911e-02 7.212107419208011461e-01 2.138142922166590687e-01 9.217114246700046018e-03 0.000000000000000000e+00
4.520000000000000000e+05 1.129975600239641054e-01 5.598543468365953235e-02 7.193900773782430091e-01 2.158625398270368756e-01 8.761948111060537808e-03 0.000000000000000000e+00
4.560000000000000000e+05 1.139975384312557072e-01 5.769230769230769551e-02 7.200728265817023521e-01 2.141556668183887124e-01 8.079198907601274626e-03 0.000000000000000000e+00
4.600000000000000000e+05 1.149975168385475310e-01 5.723714155666818210e-02 7.191624943104233392e-01 2.135867091488393155e-01 1.001365498406918582e-02 0.000000000000000000e+00
4.640000000000000000e+05 1.159974952458391328e-01 5.917159763313609155e-02 7.188211197086936677e-01 2.124487938097405493e-01 9.558488848429677609e-03 0.000000000000000000e+00
4.680000000000000000e+05 1.169974736531309567e-01 5.120619025944470049e-02 7.299726900318616041e-01 2.097177969959035104e-01 9.103322712790167665e-03 0.000000000000000000e+00
4.720000000000000000e+05 1.179974520604225585e-01 5.291306326809285671e-02 7.297451069640418231e-01 2.097177969959035104e-01 7.624032771961766417e-03 0.000000000000000000e+00
4.760000000000000000e+05 1.189974304677143824e-01 5.211652253072371344e-02 7.303140646335912756e-01 2.116522530723714268e-01 5.917159763313609329e-03 0.000000000000000000e+00
4.800000000000000000e+05 1.199974088750059842e-01 5.211652253072371344e-02 7.297451069640418231e-01 2.110832954028220299e-01 7.055075102412380721e-03 0.000000000000000000e+00
4.840000000000000000e+05 1.209973872822978080e-01 5.086481565771506369e-02 7.292899408284023721e-01 2.113108784706417831e-01 8.534365043240782836e-03 0.000000000000000000e+00
4.880000000000000000e+05 1.219973656895894099e-01 5.211652253072371344e-02 7.295175238962221531e-01 2.098315885298133732e-01 8.534365043240782836e-03 0.000000000000000000e+00
4.920000000000000000e+05 1.229973440968812337e-01 5.359581247155211642e-02 7.290623577605825911e-01 2.106281292671825234e-01 6.713700500682749130e-03 0.000000000000000000e+00
4.960000000000000000e+05 1.239973225041728355e-01 5.200273099681383682e-02 7.297451069640418231e-01 2.093764223941738667e-01 8.875739644970414427e-03 0.000000000000000000e+00
5.000000000000000000e+05 1.249973009114646594e-01 5.336822940373236318e-02 7.287209831588530307e-01 2.101729631315430169e-01 7.737824305871643035e-03 0.000000000000000000e+00
5.040000000000000000e+05 1.259972793187564832e-01 5.245789713245334329e-02 7.284934000910332497e-01 2.101729631315430169e-01 8.875739644970414427e-03 0.000000000000000000e+00
5.080000000000000000e+05 1.269972577260480850e-01 5.200273099681383682e-02 7.284934000910332497e-01 2.109695038689121394e-01 8.534365043240782836e-03 0.000000000000000000e+00
5.120000000000000000e+05 1.279972361333399089e-01 5.052344105598543383e-02 7.292899408284023721e-01 2.121074192080109333e-01 8.079198907601274626e-03 0.000000000000000000e+00
5.160000000000000000e+05 1.289972145406315107e-01 5.314064633591260994e-02 7.275830678197542367e-01 2.104005461993627701e-01 8.875739644970414427e-03 0.000000000000000000e+00
5.200000000000000000e+05 1.299971929479233346e-01 5.416477014110149951e-02 7.272416932180245652e-01 2.101729631315430169e-01 8.420573509330906217e-03 0.000000000000000000e+00
5.240000000000000000e+05 1.309971713552149364e-01 5.564406008192990249e-02 7.263313609467455523e-01 2.104005461993627701e-01 7.624032771961766417e-03 0.000000000000000000e+00
5.280000000000000000e+05 1.319971497625067602e-01 5.780609922621757213e-02 7.262175694128356618e-01 2.098315885298133732e-01 6.144742831133363434e-03 0.000000000000000000e+00
5.320000000000000000e+05 1.329971281697983621e-01 5.416477014110149951e-02 7.284934000910332497e-01 2.104005461993627701e-01 6.941283568502503235e-03 0.000000000000000000e+00
5.360000000000000000e+05 1.339971065770901859e-01 5.598543468365953235e-02 7.269003186162948937e-01 2.094902139280837572e-01 7.624032771961766417e-03 0.000000000000000000e+00
5.400000000000000000e+05 1.349970849843817877e-01 5.325443786982248656e-02 7.275830678197542367e-01 2.098315885298133732e-01 9.330905780609922637e-03 0.000000000000000000e+00
5.440000000000000000e+05 1.359970633916736116e-01 5.575785161583977911e-02 7.270141101502047842e-01 2.094902139280837572e-01 7.737824305871643035e-03 0.000000000000000000e+00
5.480000000000000000e+05 1.369970417989652134e-01 5.791989076012744875e-02 7.240555302685480754e-01 2.109695038689121394e-01 7.055075102412380721e-03 0.000000000000000000e+00
5.520000000000000000e+05 1.379970202062570372e-01 5.700955848884842886e-02 7.256486117432863203e-01 2.096040054619936199e-01 7.737824305871643035e-03 0.000000000000000000e+00
5.560000000000000000e+05 1.389969986135486391e-01 5.507510241238051940e-02 7.258761948111061013e-01 2.108557123350022766e-01 8.192990441511151245e-03 0.000000000000000000e+00
5.600000000000000000e+05 1.399969770208404629e-01 5.689576695493855224e-02 7.250796540737368678e-01 2.091488393263541135e-01 8.875739644970414427e-03 0.000000000000000000e+00
5.640000000000000000e+05 1.409969554281320647e-01 5.644060081929904577e-02 7.257624032771962108e-01 2.102867546654528796e-01 7.510241238051888930e-03 0.000000000000000000e+00
5.680000000000000000e+05 1.419969338354238886e-01 6.087847064178425471e-02 7.240555302685480754e-01 2.076695493855257035e-01 7.396449704142011444e-03 0.000000000000000000e+00
5.720000000000000000e+05 1.429969122427154904e-01 5.905780609922621494e-02 7.261037778789257713e-01 2.088074647246244975e-01 6.030951297223486815e-03 0.000000000000000000e+00
5.760000000000000000e+05 1.439968906500073142e-01 5.951297223486572835e-02 7.250796540737368678e-01 2.082385070550751005e-01 7.168866636322257339e-03 0.000000000000000000e+00
5.800000000000000000e+05 1.449968690572989161e-01 6.144742831133363781e-02 7.237141556668184039e-01 2.078971324533454845e-01 6.941283568502503235e-03 0.000000000000000000e+00
5.840000000000000000e+05 1.459968474645907399e-01 5.894401456531633832e-02 7.239417387346381849e-01 2.072143832498861971e-01 9.899863450159307465e-03 0.000000000000000000e+00
5.880000000000000000e+05 1.469968258718823417e-01 6.520254893035958010e-02 7.200728265817023521e-01 2.057350933090578149e-01 8.989531178880291046e-03 0.000000000000000000e+00
5.920000000000000000e+05 1.479968042791741656e-01 6.349567592171143082e-02 7.220072826581702685e-01 2.056213017751479244e-01 8.875739644970414427e-03 0.000000000000000000e+00
5.960000000000000000e+05 1.489967826864659894e-01 6.451979972690032039e-02 7.208693673190714746e-01 2.068730086481565811e-01 7.737824305871643035e-03 0.000000000000000000e+00
6.000000000000000000e+05 1.499967610937575913e-01 6.543013199817933334e-02 7.229176149294492815e-01 2.049385525716886647e-01 6.713700500682749130e-03 0.000000000000000000e+00
6.040000000000000000e+05 1.509967395010494151e-01 6.577150659990896320e-02 7.223486572598998290e-01 2.039144287664997612e-01 7.965407373691398007e-03 0.000000000000000000e+00
6.080000000000000000e+05 1.519967179083410169e-01 6.793354574419663283e-02 7.236003641329085134e-01 2.020937642239417353e-01 6.372325898953117539e-03 0.000000000000000000e+00
6.120000000000000000e+05 1.529966963156328408e-01 6.986800182066454923e-02 7.203004096495220221e-01 2.005006827492034627e-01 9.330905780609922637e-03 0.000000000000000000e+00
6.160000000000000000e+05 1.539966747229244426e-01 6.679563040509786664e-02 7.222348657259899385e-01 2.030040964952207483e-01 7.965407373691398007e-03 0.000000000000000000e+00
6.200000000000000000e+05 1.549966531302162664e-01 7.123350022758306865e-02 7.199590350477924616e-01 2.001593081474738189e-01 8.648156577150659455e-03 0.000000000000000000e+00
6.240000000000000000e+05 1.559966315375078683e-01 8.488848429676831842e-02 7.030040964952207760e-01 2.085798816568047442e-01 3.527537551206190360e-03 0.000000000000000000e+00
6.280000000000000000e+05 1.569966099447996921e-01 8.249886208466089554e-02 7.218934911242603780e-01 1.921939007737824279e-01 3.413746017296313308e-03 0.000000000000000000e+00
6.320000000000000000e+05 1.579965883520912939e-01 8.375056895766955223e-02 7.220072826581702685e-01 1.911697769685935244e-01 3.072371415566681717e-03 0.000000000000000000e+00
6.360000000000000000e+05 1.589965667593831178e-01 8.397815202548930547e-02 7.201866181156122426e-01 1.927628584433318248e-01 3.072371415566681717e-03 0.000000000000000000e+00
6.400000000000000000e+05 1.599965451666747196e-01 8.375056895766955223e-02 7.208693673190714746e-01 1.918525261720528119e-01 3.527537551206190360e-03 0.000000000000000000e+00
6.440000000000000000e+05 1.609965235739665435e-01 8.466090122894856518e-02 7.216659080564405970e-01 1.907146108329540179e-01 2.958579881656804664e-03 0.000000000000000000e+00
6.480000000000000000e+05 1.619965019812581453e-01 7.646791078743742087e-02 7.448793809740554828e-01 1.764906690942193990e-01 2.162039144287664864e-03 0.000000000000000000e+00
6.520000000000000000e+05 1.629964803885499691e-01 7.897132453345470648e-02 7.410104688211197610e-01 1.780837505689576716e-01 1.934456076467910759e-03 0.000000000000000000e+00
6.560000000000000000e+05 1.639964587958415709e-01 7.601274465179790052e-02 7.411242603550295405e-01 1.808147473827947105e-01 2.048247610377787811e-03 0.000000000000000000e+00
6.600000000000000000e+05 1.649964372031333948e-01 7.749203459262631044e-02 7.397587619481110766e-01 1.805871643149749572e-01 2.162039144287664864e-03 0.000000000000000000e+00
6.640000000000000000e+05 1.659964156104249966e-01 7.532999544833864081e-02 7.449931725079653733e-01 1.778561675011379184e-01 1.820664542558033706e-03 0.000000000000000000e+00
6.680000000000000000e+05 1.669963940177168205e-01 8.056440600819299303e-02 7.420345926263085534e-01 1.762630860263996457e-01 1.137915339098770958e-03 0.000000000000000000e+00
6.720000000000000000e+05 1.679963724250084223e-01 7.589895311788802390e-02 7.431725079654073474e-01 1.772872098315885214e-01 3.641329085116067413e-03 0.000000000000000000e+00
6.760000000000000000e+05 1.689963508323002461e-01 8.022303140646336317e-02 7.421483841602184439e-01 1.746700045516613453e-01 2.958579881656804664e-03 0.000000000000000000e+00
6.800000000000000000e+05 1.699963292395918479e-01 8.101957214383249950e-02 7.403277196176604180e-01 1.761492944924897552e-01 2.503413746017296455e-03 0.000000000000000000e+00
6.840000000000000000e+05 1.709963076468836718e-01 8.329540282203004575e-02 7.388484296768320636e-01 1.756941283568502488e-01 2.162039144287664864e-03 0.000000000000000000e+00
6.880000000000000000e+05 1.719962860541752736e-01 8.397815202548930547e-02 7.424897587619481154e-01 1.717114246700045532e-01 1.820664542558033706e-03 0.000000000000000000e+00
6.920000000000000000e+05 1.729962644614670975e-01 8.898497951752389057e-02 7.396449704142011861e-01 1.696631770596267741e-01 1.706873008648156654e-03 0.000000000000000000e+00
6.960000000000000000e+05 1.739962428687589213e-01 9.137460172963131344e-02 7.389622212107419541e-01 1.688666363222576239e-01 7.965407373691396923e-04 0.000000000000000000e+00
7.000000000000000000e+05 1.749962212760505231e-01 9.456076467910787264e-02 7.354346836595356818e-01 1.688666363222576239e-01 1.137915339098770958e-03 0.000000000000000000e+00
7.040000000000000000e+05 1.759961996833423470e-01 9.399180700955848955e-02 7.353208921256259023e-01 1.700045516613563901e-01 6.827492034592626399e-04 0.000000000000000000e+00
7.080000000000000000e+05 1.769961780906339488e-01 9.217114246700044977e-02 7.365725989986344757e-01 1.698907601274465273e-01 1.365498406918525280e-03 0.000000000000000000e+00
7.120000000000000000e+05 1.779961564979257727e-01 9.660901228948566566e-02 7.337278106508875464e-01 1.686390532544378706e-01 1.024123805188893906e-03 0.000000000000000000e+00
7.160000000000000000e+05 1.789961349052173745e-01 9.456076467910787264e-02 7.353208921256259023e-01 1.694355939918070209e-01 6.827492034592626399e-04 0.000000000000000000e+00
7.200000000000000000e+05 1.799961133125091983e-01 9.604005461993628257e-02 7.342967683204369989e-01 1.686390532544378706e-01 1.024123805188893906e-03 0.000000000000000000e+00
7.240000000000000000e+05 1.809960917198008001e-01 9.740555302685480199e-02 7.325898953117887524e-01 1.686390532544378706e-01 1.365498406918525280e-03 0.000000000000000000e+00
7.280000000000000000e+05 1.819960701270926240e-01 9.808830223031406170e-02 7.323623122439690825e-01 1.682976786527082269e-01 1.251706873008648227e-03 0.000000000000000000e+00
7.320000000000000000e+05 1.829960485343842258e-01 1.005917159763313612e-01 7.306554392353209471e-01 1.677287209831588577e-01 1.024123805188893906e-03 0.000000000000000000e+00
7.360000000000000000e+05 1.839960269416760497e-01 1.033227127901684139e-01 7.271279016841146747e-01 1.676149294492489672e-01 1.934456076467910759e-03 0.000000000000000000e+00
7.400000000000000000e+05 1.849960053489676515e-01 1.081019572143832458e-01 7.264451524806554428e-01 1.628356850250341492e-01 2.617205279927173507e-03 0.000000000000000000e+00
7.440000000000000000e+05 1.859959837562594753e-01 1.091260810195721492e-01 7.281520254893035782e-01 1.602184797451069731e-01 2.503413746017296455e-03 0.000000000000000000e+00
7.480000000000000000e+05 1.869959621635510771e-01 1.185707783340919502e-01 7.292899408284023721e-01 1.500910332271279124e-01 2.048247610377787811e-03 0.000000000000000000e+00
7.520000000000000000e+05 1.879959405708429010e-01 1.202776513427400995e-01 7.337278106508875464e-01 1.441738734638143005e-01 1.820664542558033706e-03 0.000000000000000000e+00
7.560000000000000000e+05 1.889959189781345028e-01 1.191397360036413333e-01 7.328174783796085334e-01 1.438324988620846567e-01 4.210286754665453109e-03 0.000000000000000000e+00
7.600000000000000000e+05 1.899958973854263267e-01 1.207328174783796060e-01 7.297451069640418231e-01 1.474738279472007363e-01 2.048247610377787811e-03 0.000000000000000000e+00
7.640000000000000000e+05 1.909958757927179285e-01 1.223258989531178925e-01 7.303140646335912756e-01 1.448566226672735602e-01 2.503413746017296455e-03 0.000000000000000000e+00
7.680000000000000000e+05 1.919958542000097523e-01 1.218707328174783860e-01 7.295175238962221531e-01 1.451979972690031762e-01 3.413746017296313308e-03 0.000000000000000000e+00
7.720000000000000000e+05 1.929958326073013541e-01 1.231224396904870289e-01 7.259899863450158808e-01 1.478152025489303523e-01 3.072371415566681717e-03 0.000000000000000000e+00
7.760000000000000000e+05 1.939958110145931780e-01 1.227810650887573990e-01 7.269003186162948937e-01 1.470186618115612298e-01 3.299954483386436255e-03 0.000000000000000000e+00
7.800000000000000000e+05 1.949957894218847798e-01 1.223258989531178925e-01 7.294037323623122626e-01 1.455393718707328199e-01 2.730996813837050560e-03 0.000000000000000000e+00
7.840000000000000000e+05 1.959957678291766037e-01 1.192535275375512099e-01 7.273554847519344557e-01 1.492944924897587622e-01 4.096495220755575623e-03 0.000000000000000000e+00
7.880000000000000000e+05 1.969957462364682055e-01 1.217569412835685094e-01 7.276968593536641272e-01 1.474738279472007363e-01 3.072371415566681717e-03 0.000000000000000000e+00
7.920000000000000000e+05 1.979957246437600293e-01 1.242603550295857950e-01 7.248520710059171979e-01 1.481565771506599960e-01 2.730996813837050560e-03 0.000000000000000000e+00
7.960000000000000000e+05 1.989957030510518532e-01 1.199362767410104696e-01 7.298588984979517136e-01 1.466772872098315861e-01 3.527537551206190360e-03 0.000000000000000000e+00
8.000000000000000000e+05 1.999956814583434550e-01 1.271051433773327244e-01 7.179107874374146547e-01 1.525944469731451980e-01 2.389622212107419402e-03 0.000000000000000000e+00
8.040000000000000000e+05 2.009956598656352789e-01 1.241465634956759184e-01 7.188211197086936677e-01 1.547564861174328676e-01 2.275830678197541916e-03 0.000000000000000000e+00
8.080000000000000000e+05 2.019956382729268807e-01 1.263086026399635742e-01 7.167728720983158608e-01 1.553254437869822369e-01 1.593081474738279385e-03 0.000000000000000000e+00
8.120000000000000000e+05 2.029956166802187045e-01 1.248293126991351781e-01 7.163177059626764098e-01 1.563495675921711403e-01 2.503413746017296455e-03 0.000000000000000000e+00
8.160000000000000000e+05 2.039955950875103063e-01 1.292671825216203940e-01 7.141556668183887124e-01 1.535047792444242110e-01 3.072371415566681717e-03 0.000000000000000000e+00
8.200000000000000000e+05 2.049955734948021302e-01 1.279016841147018746e-01 7.130177514792899185e-01 1.556668183887118806e-01 3.413746017296313308e-03 0.000000000000000000e+00
8.240000000000000000e+05 2.059955519020937320e-01 1.272189349112426149e-01 7.130177514792899185e-01 1.550978607191624836e-01 4.665452890304961318e-03 0.000000000000000000e+00
8.280000000000000000e+05 2.069955303093855559e-01 1.285844333181611343e-01 7.142694583522986029e-01 1.544151115157032239e-01 2.730996813837050560e-03 0.000000000000000000e+00
8.320000000000000000e+05 2.079955087166771577e-01 1.446290395994538069e-01 7.081247155211651823e-01 1.432635411925352875e-01 3.982703686845699004e-03 0.000000000000000000e+00
8.360000000000000000e+05 2.089954871239689815e-01 1.368912152935821691e-01 7.131315430131998090e-01 1.459945380063723264e-01 3.982703686845699004e-03 0.000000000000000000e+00
8.400000000000000000e+05 2.099954655312605833e-01 1.384842967683204418e-01 7.106281292671825511e-01 1.467910787437414766e-01 4.096495220755575623e-03 0.000000000000000000e+00
8.440000000000000000e+05 2.109954439385524072e-01 1.359808830223031284e-01 7.102867546654528796e-01 1.486117432862995025e-01 5.120619025944469528e-03 0.000000000000000000e+00
8.480000000000000000e+05 2.119954223458440090e-01 1.388256713700500578e-01 7.064178425125170468e-01 1.512289485662266786e-01 3.527537551206190360e-03 0.000000000000000000e+00
8.520000000000000000e+05 2.129954007531358329e-01 1.437187073281747940e-01 7.000455166135639562e-01 1.517979062357760478e-01 4.437869822485207214e-03 0.000000000000000000e+00
8.560000000000000000e+05 2.139953791604274347e-01 1.199362767410104696e-01 7.378243058716431602e-01 1.409877105143377274e-01 1.251706873008648227e-03 0.000000000000000000e+00
8.600000000000000000e+05 2.149953575677192585e-01 1.195949021392808398e-01 7.366863905325443662e-01 1.413290851160673711e-01 2.389622212107419402e-03 0.000000000000000000e+00
8.640000000000000000e+05 2.159953359750108604e-01 1.198224852071005930e-01 7.375967228038233792e-01 1.403049613108784677e-01 2.275830678197541916e-03 0.000000000000000000e+00
8.680000000000000000e+05 2.169953143823026842e-01 1.197086936731907164e-01 7.378243058716431602e-01 1.397360036413290985e-01 2.730996813837050560e-03 0.000000000000000000e+00
8.720000000000000000e+05 2.179952927895942860e-01 1.205052344105598527e-01 7.389622212107419541e-01 1.381429221665907980e-01 2.389622212107419402e-03 0.000000000000000000e+00
8.760000000000000000e+05 2.189952711968861099e-01 1.215293582157487423e-01 7.374829312699134887e-01 1.397360036413290985e-01 1.251706873008648227e-03 0.000000000000000000e+00
8.800000000000000000e+05 2.199952496041777117e-01 1.187983614019117035e-01 7.381656804733728316e-01 1.412152935821574806e-01 1.820664542558033706e-03 0.000000000000000000e+00
8.840000000000000000e+05 2.209952280114695355e-01 1.202776513427400995e-01 7.385070550751023921e-01 1.397360036413290985e-01 1.479289940828402332e-03 0.000000000000000000e+00
8.880000000000000000e+05 2.219952064187611374e-01 1.199362767410104696e-01 7.366863905325443662e-01 1.407601274465179741e-01 2.617205279927173507e-03 0.000000000000000000e+00
8.920000000000000000e+05 2.229951848260529612e-01 1.214155666818388657e-01 7.352071005917160118e-01 1.415566681838871244e-01 1.820664542558033706e-03 0.000000000000000000e+00
8.960000000000000000e+05 2.239951632333447851e-01 1.206190259444697294e-01 7.340691852526172179e-01 1.425807919890760000e-01 2.730996813837050560e-03 0.000000000000000000e+00
9.000000000000000000e+05 2.249951416406363869e-01 1.207328174783796060e-01 7.341829767865271084e-01 1.431497496586253970e-01 1.934456076467910759e-03 0.000000000000000000e+00
9.040000000000000000e+05 2.259951200479282107e-01 1.210741920801092358e-01 7.319071461083295205e-01 1.446290395994538069e-01 2.389622212107419402e-03 0.000000000000000000e+00
9.080000000000000000e+05 2.269950984552198125e-01 1.218707328174783860e-01 7.337278106508875464e-01 1.420118343195266308e-01 2.389622212107419402e-03 0.000000000000000000e+00
