# itime ezz other fcc hcp bcc ico
0.000000000000000000e+00 0.000000000000000000e+00 2.275830678197542133e-04 9.997724169321802190e-01 0.000000000000000000e+00 0.000000000000000000e+00 0.000000000000000000e+00
3.000000000000000000e+00 1.199998391750334292e-03 2.275830678197542133e-04 9.997724169321802190e-01 0.000000000000000000e+00 0.000000000000000000e+00 0.000000000000000000e+00
6.000000000000000000e+00 2.399996783500890629e-03 0.000000000000000000e+00 1.000000000000000000e+00 0.000000000000000000e+00 0.000000000000000000e+00 0.000000000000000000e+00
9.000000000000000000e+00 3.599995175251224921e-03 2.275830678197542133e-04 9.997724169321802190e-01 0.000000000000000000e+00 0.000000000000000000e+00 0.000000000000000000e+00
1.200000000000000000e+01 4.799993567001781258e-03 4.551661356395084266e-04 9.995448338643604380e-01 0.000000000000000000e+00 0.000000000000000000e+00 0.000000000000000000e+00
1.500000000000000000e+01 5.999991958752115551e-03 6.827492034592626399e-04 9.993172507965407680e-01 0.000000000000000000e+00 0.000000000000000000e+00 0.000000000000000000e+00
1.800000000000000000e+01 7.199990350502449843e-03 7.965407373691396923e-04 9.990896677287209870e-01 0.000000000000000000e+00 1.137915339098771066e-04 0.000000000000000000e+00
2.100000000000000000e+01 8.399988742253006180e-03 1.137915339098770958e-03 9.988620846609012061e-01 0.000000000000000000e+00 0.000000000000000000e+00 0.000000000000000000e+00
2.400000000000000000e+01 9.599987134003340472e-03 1.137915339098770958e-03 9.988620846609012061e-01 0.000000000000000000e+00 0.000000000000000000e+00 0.000000000000000000e+00
2.700000000000000000e+01 1.079998552575367476e-02 1.706873008648156654e-03 9.982931269913518646e-01 0.000000000000000000e+00 0.000000000000000000e+00 0.000000000000000000e+00
3.000000000000000000e+01 1.199998391750423110e-02 1.934456076467910759e-03 9.980655439235320836e-01 0.000000000000000000e+00 0.000000000000000000e+00 0.000000000000000000e+00
3.300000000000000000e+01 1.319998230925456539e-02 1.820664542558033706e-03 9.981793354574419741e-01 0.000000000000000000e+00 0.000000000000000000e+00 0.000000000000000000e+00
3.600000000000000000e+01 1.439998070100512173e-02 1.706873008648156654e-03 9.982931269913518646e-01 0.000000000000000000e+00 0.000000000000000000e+00 0.000000000000000000e+00
3.900000000000000000e+01 1.559997909275545602e-02 9.103322712790168532e-04 9.990896677287209870e-01 0.000000000000000000e+00 0.000000000000000000e+00 0.000000000000000000e+00
4.200000000000000000e+01 1.679997748450579031e-02 1.137915339098770958e-03 9.988620846609012061e-01 0.000000000000000000e+00 0.000000000000000000e+00 0.000000000000000000e+00
4.500000000000000000e+01 1.799997587625634665e-02 2.162039144287664864e-03 9.978379608557123026e-01 0.000000000000000000e+00 0.000000000000000000e+00 0.000000000000000000e+00
4.800000000000000000e+01 1.919997426800668094e-02 2.389622212107419402e-03 9.976103777878926326e-01 0.000000000000000000e+00 0.000000000000000000e+00 0.000000000000000000e+00
5.100000000000000000e+01 2.039997265975723728e-02 1.820664542558033706e-03 9.981793354574419741e-01 0.000000000000000000e+00 0.000000000000000000e+00 0.000000000000000000e+00
5.400000000000000000e+01 2.159997105150757157e-02 1.365498406918525280e-03 9.986345015930814251e-01 0.000000000000000000e+00 0.000000000000000000e+00 0.000000000000000000e+00
5.700000000000000000e+01 2.279996944325790587e-02 1.365498406918525280e-03 9.986345015930814251e-01 0.000000000000000000e+00 0.000000000000000000e+00 0.000000000000000000e+00
6.000000000000000000e+01 2.399996783500846220e-02 2.617205279927173507e-03 9.973827947200728516e-01 0.000000000000000000e+00 0.000000000000000000e+00 0.000000000000000000e+00
6.300000000000000000e+01 2.519996622675879649e-02 1.820664542558033706e-03 9.981793354574419741e-01 0.000000000000000000e+00 0.000000000000000000e+00 0.000000000000000000e+00
6.600000000000000000e+01 2.639996461850913079e-02 2.275830678197541916e-03 9.977241693218024121e-01 0.000000000000000000e+00 0.000000000000000000e+00 0.000000000000000000e+00
6.900000000000000000e+01 2.759996301025968712e-02 2.730996813837050560e-03 9.972690031861629611e-01 0.000000000000000000e+00 0.000000000000000000e+00 0.000000000000000000e+00
7.200000000000000000e+01 2.879996140201002142e-02 1.934456076467910759e-03 9.980655439235320836e-01 0.000000000000000000e+00 0.000000000000000000e+00 0.000000000000000000e+00
7.500000000000000000e+01 2.999995979376057775e-02 2.048247610377787811e-03 9.978379608557123026e-01 0.000000000000000000e+00 1.137915339098771066e-04 0.000000000000000000e+00
7.800000000000000000e+01 3.119995818551091205e-02 2.844788347746927612e-03 9.969276285844332897e-01 0.000000000000000000e+00 2.275830678197542133e-04 0.000000000000000000e+00
8.100000000000000000e+01 3.239995657726124634e-02 4.096495220755575623e-03 9.956759217114247162e-01 0.000000000000000000e+00 2.275830678197542133e-04 0.000000000000000000e+00
8.400000000000000000e+01 3.359995496901180267e-02 4.665452890304961318e-03 9.952207555757851543e-01 0.000000000000000000e+00 1.137915339098771066e-04 0.000000000000000000e+00
8.700000000000000000e+01 3.479995336076213697e-02 5.006827492034592909e-03 9.947655894401457033e-01 0.000000000000000000e+00 2.275830678197542133e-04 0.000000000000000000e+00
9.000000000000000000e+01 3.599995175251269330e-02 4.893035958124715423e-03 9.949931725079653733e-01 0.000000000000000000e+00 1.137915339098771066e-04 0.000000000000000000e+00
9.300000000000000000e+01 3.719995014426302760e-02 4.210286754665453109e-03 9.956759217114247162e-01 0.000000000000000000e+00 1.137915339098771066e-04 0.000000000000000000e+00
9.600000000000000000e+01 3.839994853601336189e-02 5.803368229403732710e-03 9.941966317705962508e-01 0.000000000000000000e+00 0.000000000000000000e+00 0.000000000000000000e+00
9.900000000000000000e+01 3.959994692776391823e-02 6.144742831133363434e-03 9.938552571688666903e-01 0.000000000000000000e+00 0.000000000000000000e+00 0.000000000000000000e+00
1.020000000000000000e+02 4.079994531951425252e-02 6.599908966772872511e-03 9.934000910332271284e-01 0.000000000000000000e+00 0.000000000000000000e+00 0.000000000000000000e+00
1.050000000000000000e+02 4.199994371126458681e-02 6.258534365043240920e-03 9.937414656349567998e-01 0.000000000000000000e+00 0.000000000000000000e+00 0.000000000000000000e+00
1.080000000000000000e+02 4.319994210301514315e-02 7.624032771961766417e-03 9.922621756941283344e-01 0.000000000000000000e+00 1.137915339098771066e-04 0.000000000000000000e+00
1.110000000000000000e+02 4.439994049476547744e-02 6.372325898953117539e-03 9.935138825671370189e-01 0.000000000000000000e+00 1.137915339098771066e-04 0.000000000000000000e+00
1.140000000000000000e+02 4.559993888651603378e-02 7.624032771961766417e-03 9.922621756941283344e-01 0.000000000000000000e+00 1.137915339098771066e-04 0.000000000000000000e+00
1.170000000000000000e+02 4.679993727826636807e-02 9.786071916249430847e-03 9.897587619481110766e-01 0.000000000000000000e+00 4.551661356395084266e-04 0.000000000000000000e+00
1.200000000000000000e+02 4.799993567001670236e-02 1.126536185707783383e-02 9.886208466090122826e-01 0.000000000000000000e+00 1.137915339098771066e-04 0.000000000000000000e+00
1.230000000000000000e+02 4.919993406176725870e-02 1.069640418752844727e-02 9.891898042785616241e-01 0.000000000000000000e+00 1.137915339098771066e-04 0.000000000000000000e+00
1.260000000000000000e+02 5.039993245351759299e-02 8.989531178880291046e-03 9.908966772872098705e-01 0.000000000000000000e+00 1.137915339098771066e-04 0.000000000000000000e+00
1.290000000000000000e+02 5.159993084526814933e-02 9.444697314519799256e-03 9.903277196176604180e-01 0.000000000000000000e+00 2.275830678197542133e-04 0.000000000000000000e+00
1.320000000000000000e+02 5.279992923701848362e-02 1.115157032316795548e-02 9.886208466090122826e-01 0.000000000000000000e+00 2.275830678197542133e-04 0.000000000000000000e+00
1.350000000000000000e+02 5.399992762876881791e-02 1.206190259444697363e-02 9.871415566681839282e-01 0.000000000000000000e+00 7.965407373691396923e-04 0.000000000000000000e+00
1.380000000000000000e+02 5.519992602051937425e-02 1.342740100136549826e-02 9.860036413290851343e-01 0.000000000000000000e+00 5.689576695493854790e-04 0.000000000000000000e+00
1.410000000000000000e+02 5.639992441226970854e-02 1.593081474738279601e-02 9.829312699135184239e-01 0.000000000000000000e+00 1.137915339098770958e-03 0.000000000000000000e+00
1.440000000000000000e+02 5.759992280402004283e-02 1.900318616294947513e-02 9.798588984979517136e-01 0.000000000000000000e+00 1.137915339098770958e-03 0.000000000000000000e+00
1.470000000000000000e+02 5.879992119577059917e-02 1.888939462903959851e-02 9.804278561675011661e-01 0.000000000000000000e+00 6.827492034592626399e-04 0.000000000000000000e+00
1.500000000000000000e+02 5.999991958752093346e-02 2.048247610377787811e-02 9.787209831588530307e-01 0.000000000000000000e+00 7.965407373691396923e-04 0.000000000000000000e+00
1.530000000000000000e+02 6.119991797927148980e-02 2.366863905325443732e-02 9.749658625398270884e-01 0.000000000000000000e+00 1.365498406918525280e-03 0.000000000000000000e+00
1.560000000000000000e+02 6.239991637102182409e-02 2.560309512972235024e-02 9.729176149294492815e-01 0.000000000000000000e+00 1.479289940828402332e-03 0.000000000000000000e+00
1.590000000000000000e+02 6.359991476277215838e-02 2.674101046882111990e-02 9.721210741920801590e-01 0.000000000000000000e+00 1.137915339098770958e-03 0.000000000000000000e+00
1.620000000000000000e+02 6.479991315452271472e-02 2.947200728265816916e-02 9.688211197086936677e-01 0.000000000000000000e+00 1.706873008648156654e-03 0.000000000000000000e+00
1.650000000000000000e+02 6.599991154627304901e-02 3.197542102867546865e-02 9.660901228948566288e-01 0.000000000000000000e+00 1.934456076467910759e-03 0.000000000000000000e+00
1.680000000000000000e+02 6.719990993802338330e-02 3.254437869822485174e-02 9.651797906235776159e-01 0.000000000000000000e+00 2.275830678197541916e-03 0.000000000000000000e+00
1.710000000000000000e+02 6.839990832977393964e-02 3.288575329995448160e-02 9.651797906235776159e-01 0.000000000000000000e+00 1.934456076467910759e-03 0.000000000000000000e+00
1.740000000000000000e+02 6.959990672152427393e-02 3.390987710514337811e-02 9.647246244879380539e-01 0.000000000000000000e+00 1.365498406918525280e-03 0.000000000000000000e+00
1.770000000000000000e+02 7.079990511327483027e-02 3.425125170687300796e-02 9.641556668183887124e-01 0.000000000000000000e+00 1.593081474738279385e-03 0.000000000000000000e+00
1.800000000000000000e+02 7.199990350502516456e-02 3.516158397815202785e-02 9.627901684114701375e-01 0.000000000000000000e+00 2.048247610377787811e-03 0.000000000000000000e+00
1.830000000000000000e+02 7.319990189677549886e-02 3.812016385980882688e-02 9.597177969959035382e-01 0.000000000000000000e+00 2.162039144287664864e-03 0.000000000000000000e+00
1.860000000000000000e+02 7.439990028852605519e-02 3.880291306326809353e-02 9.592626308602639762e-01 0.000000000000000000e+00 1.934456076467910759e-03 0.000000000000000000e+00
1.890000000000000000e+02 7.559989868027638948e-02 4.198907601274465273e-02 9.560764679107874864e-01 0.000000000000000000e+00 1.934456076467910759e-03 0.000000000000000000e+00
1.920000000000000000e+02 7.679989707202694582e-02 4.335457441966317910e-02 9.548247610377788019e-01 0.000000000000000000e+00 1.820664542558033706e-03 0.000000000000000000e+00
1.950000000000000000e+02 7.799989546377728011e-02 4.563040509786071841e-02 9.515248065543923106e-01 0.000000000000000000e+00 2.844788347746927612e-03 0.000000000000000000e+00
1.980000000000000000e+02 7.919989385552761441e-02 4.813381884387801790e-02 9.495903504779243942e-01 0.000000000000000000e+00 2.275830678197541916e-03 0.000000000000000000e+00
2.010000000000000000e+02 8.039989224727817074e-02 5.234410559854346667e-02 9.451524806554392200e-01 0.000000000000000000e+00 2.503413746017296455e-03 0.000000000000000000e+00
2.040000000000000000e+02 8.159989063902850503e-02 6.008192990441511144e-02 9.366181156121984319e-01 0.000000000000000000e+00 3.299954483386436255e-03 0.000000000000000000e+00
2.070000000000000000e+02 8.279988903077883933e-02 6.861629494765589254e-02 9.279699590350477534e-01 0.000000000000000000e+00 3.413746017296313308e-03 0.000000000000000000e+00
2.100000000000000000e+02 8.399988742252939566e-02 7.794720072826581692e-02 9.185252617205279524e-01 0.000000000000000000e+00 3.527537551206190360e-03 0.000000000000000000e+00
2.130000000000000000e+02 8.519988581427972996e-02 8.340919435593992237e-02 9.130632680928538747e-01 0.000000000000000000e+00 3.527537551206190360e-03 0.000000000000000000e+00
2.160000000000000000e+02 8.639988420603028629e-02 8.761948111060537114e-02 9.094219390077378229e-01 0.000000000000000000e+00 2.958579881656804664e-03 0.000000000000000000e+00
2.190000000000000000e+02 8.759988259778062059e-02 9.217114246700044977e-02 9.040737369139736357e-01 0.000000000000000000e+00 3.755120619025944465e-03 0.000000000000000000e+00
2.220000000000000000e+02 8.879988098953095488e-02 1.029813381884387841e-01 8.929221665908056993e-01 0.000000000000000000e+00 4.096495220755575623e-03 0.000000000000000000e+00
2.250000000000000000e+02 8.999987938128151121e-02 1.079881656804733692e-01 8.870050068274920596e-01 0.000000000000000000e+00 5.006827492034592909e-03 0.000000000000000000e+00
2.280000000000000000e+02 9.119987777303184551e-02 1.131087847064178448e-01 8.804050978607191880e-01 0.000000000000000000e+00 6.486117432862995025e-03 0.000000000000000000e+00
2.310000000000000000e+02 9.239987616478240184e-02 1.159535730541647741e-01 8.775603095129722586e-01 0.000000000000000000e+00 6.486117432862995025e-03 0.000000000000000000e+00
2.340000000000000000e+02 9.359987455653273614e-02 1.228948566226672756e-01 8.699362767410104835e-01 0.000000000000000000e+00 7.168866636322257339e-03 0.000000000000000000e+00
2.370000000000000000e+02 9.479987294828307043e-02 1.292671825216203940e-01 8.621984524351388179e-01 0.000000000000000000e+00 8.534365043240782836e-03 0.000000000000000000e+00
2.400000000000000000e+02 9.599987134003362677e-02 1.392808375056895642e-01 8.520710059171597850e-01 0.000000000000000000e+00 8.648156577150659455e-03 0.000000000000000000e+00
2.430000000000000000e+02 9.719986973178396106e-02 1.451979972690031762e-01 8.452435138825671324e-01 0.000000000000000000e+00 9.558488848429677609e-03 0.000000000000000000e+00
2.460000000000000000e+02 9.839986812353429535e-02 1.593081474738279601e-01 8.317023213472917176e-01 0.000000000000000000e+00 8.989531178880291046e-03 0.000000000000000000e+00
2.490000000000000000e+02 9.959986651528485169e-02 1.751251706873008518e-01 8.148611743286299225e-01 0.000000000000000000e+00 1.001365498406918582e-02 0.000000000000000000e+00
2.520000000000000000e+02 1.007998649070351860e-01 1.859353664087392000e-01 8.031406463359126446e-01 0.000000000000000000e+00 1.092398725534820224e-02 0.000000000000000000e+00
2.550000000000000000e+02 1.019998632987857423e-01 1.979972690031861493e-01 7.897132453345471204e-01 0.000000000000000000e+00 1.228948566226672687e-02 0.000000000000000000e+00
2.580000000000000000e+02 1.031998616905360766e-01 2.094902139280837572e-01 7.769685935366408280e-01 0.000000000000000000e+00 1.354119253527537488e-02 0.000000000000000000e+00
2.610000000000000000e+02 1.043998600822864109e-01 2.230314064633591165e-01 7.620619025944469493e-01 0.000000000000000000e+00 1.490669094219390124e-02 0.000000000000000000e+00
2.640000000000000000e+02 1.055998584740369672e-01 2.311106053709603980e-01 7.529585798816568198e-01 0.000000000000000000e+00 1.593081474738279601e-02 0.000000000000000000e+00
2.670000000000000000e+02 1.067998568657873015e-01 2.422621756941283622e-01 7.407828857532999800e-01 0.000000000000000000e+00 1.695493855257168905e-02 0.000000000000000000e+00
2.700000000000000000e+02 1.079998552575378579e-01 2.494310423304506030e-01 7.309968138370505075e-01 0.000000000000000000e+00 1.957214383249886169e-02 0.000000000000000000e+00
2.730000000000000000e+02 1.091998536492881922e-01 2.645653163404642627e-01 7.156349567592170668e-01 0.000000000000000000e+00 1.979972690031861493e-02 0.000000000000000000e+00
2.760000000000000000e+02 1.103998520410385265e-01 2.801547564861174289e-01 6.985662266727356018e-01 0.000000000000000000e+00 2.127901684114701791e-02 0.000000000000000000e+00
2.790000000000000000e+02 1.115998504327890828e-01 2.949476558944014726e-01 6.830905780609922706e-01 1.137915339098771066e-04 2.184797451069640448e-02 0.000000000000000000e+00
2.820000000000000000e+02 1.127998488245394171e-01 3.088302230314064478e-01 6.689804278561675144e-01 1.137915339098771066e-04 2.207555757851615771e-02 0.000000000000000000e+00
2.850000000000000000e+02 1.139998472162897514e-01 3.223714155666818626e-01 6.521392808375057193e-01 1.137915339098771066e-04 2.537551206190259354e-02 0.000000000000000000e+00
2.880000000000000000e+02 1.151998456080403077e-01 3.362539827036868378e-01 6.352981338188439242e-01 1.137915339098771066e-04 2.833409194355939950e-02 0.000000000000000000e+00
2.910000000000000000e+02 1.163998439997906420e-01 3.472917614929449392e-01 6.225534820209376319e-01 1.137915339098771066e-04 3.004096495220755572e-02 0.000000000000000000e+00
2.940000000000000000e+02 1.175998423915411983e-01 3.631087847064178309e-01 6.038916704597178109e-01 1.137915339098771066e-04 3.288575329995448160e-02 0.000000000000000000e+00
2.970000000000000000e+02 1.187998407832915326e-01 3.814292216659080359e-01 5.823850705507510606e-01 1.137915339098771066e-04 3.607191624943104080e-02 0.000000000000000000e+00
3.000000000000000000e+02 1.199998391750418669e-01 3.995220755575785154e-01 5.608784706417841992e-01 1.137915339098771066e-04 3.948566226672735324e-02 0.000000000000000000e+00
3.030000000000000000e+02 1.211998375667924233e-01 4.181838871187983364e-01 5.394856622667273394e-01 3.413746017296313199e-04 4.198907601274465273e-02 0.000000000000000000e+00
3.060000000000000000e+02 1.223998359585427576e-01 4.329767865270823801e-01 5.210514337733272994e-01 4.551661356395084266e-04 4.551661356395084179e-02 0.000000000000000000e+00
3.090000000000000000e+02 1.235998343502933139e-01 4.451524806554392200e-01 5.086481565771506785e-01 6.827492034592626399e-04 4.551661356395084179e-02 0.000000000000000000e+00
3.120000000000000000e+02 1.247998327420436482e-01 4.606281292671824956e-01 4.916932180245789930e-01 6.827492034592626399e-04 4.699590350477924477e-02 0.000000000000000000e+00
3.150000000000000000e+02 1.259998311337939825e-01 4.739417387346381294e-01 4.745106964041875264e-01 1.024123805188893906e-03 5.052344105598543383e-02 0.000000000000000000e+00
3.180000000000000000e+02 1.271998295255445388e-01 4.893035958124715701e-01 4.560764679107874309e-01 9.103322712790168532e-04 5.370960400546199304e-02 0.000000000000000000e+00
3.210000000000000000e+02 1.283998279172948731e-01 5.114929449248976079e-01 4.310423304506144637e-01 1.024123805188893906e-03 5.644060081929904577e-02 0.000000000000000000e+00
3.240000000000000000e+02 1.295998263090452074e-01 5.267410104688211581e-01 4.119253527537551363e-01 1.137915339098770958e-03 6.019572143832498806e-02 0.000000000000000000e+00
3.270000000000000000e+02 1.307998247007957637e-01 5.449476558944014171e-01 3.906463359126081114e-01 1.137915339098770958e-03 6.326809285389166371e-02 0.000000000000000000e+00
3.300000000000000000e+02 1.319998230925460980e-01 5.558716431497496835e-01 3.758534365043240677e-01 1.251706873008648227e-03 6.702321347291761988e-02 0.000000000000000000e+00
3.330000000000000000e+02 1.331998214842966544e-01 5.683887118798361948e-01 3.601502048247610110e-01 2.275830678197541916e-03 6.918525261720527564e-02 0.000000000000000000e+00
3.360000000000000000e+02 1.343998198760469887e-01 5.790851160673645692e-01 3.436504324078288319e-01 2.275830678197541916e-03 7.498862084660901095e-02 0.000000000000000000e+00
3.390000000000000000e+02 1.355998182677973229e-01 5.954710969503869133e-01 3.239644970414201075e-01 2.389622212107419402e-03 7.817478379608557015e-02 0.000000000000000000e+00
3.420000000000000000e+02 1.367998166595478793e-01 6.109467455621301335e-01 3.047337278106508895e-01 2.389622212107419402e-03 8.192990441511151245e-02 0.000000000000000000e+00
3.450000000000000000e+02 1.379998150512982136e-01 6.182294037323623481e-01 2.907373691397360238e-01 3.072371415566681717e-03 8.796085571233500100e-02 0.000000000000000000e+00
3.480000000000000000e+02 1.391998134430487699e-01 6.329085116067364458e-01 2.721893491124260378e-01 3.413746017296313308e-03 9.148839326354119006e-02 0.000000000000000000e+00
3.510000000000000000e+02 1.403998118347991042e-01 6.372325898953118406e-01 2.617205279927173334e-01 3.755120619025944465e-03 9.729176149294492537e-02 0.000000000000000000e+00
3.540000000000000000e+02 1.415998102265494385e-01 6.473600364132908735e-01 2.437414656349567721e-01 5.120619025944469528e-03 1.037778789258079204e-01 0.000000000000000000e+00
3.570000000000000000e+02 1.427998086182999948e-01 6.570323167956304555e-01 2.282658170232134687e-01 5.917159763313609329e-03 1.087847064178425194e-01 0.000000000000000000e+00
3.600000000000000000e+02 1.439998070100503291e-01 6.654528903049613531e-01 2.135867091488393155e-01 7.168866636322257339e-03 1.137915339098771045e-01 0.000000000000000000e+00
3.630000000000000000e+02 1.451998054018006634e-01 6.762630860263996180e-01 2.023213472917614886e-01 7.851615839781519654e-03 1.135639508420573512e-01 0.000000000000000000e+00
3.660000000000000000e+02 1.463998037935512198e-01 6.805871643149750128e-01 1.916249431042330587e-01 8.761948111060537808e-03 1.190259444697314567e-01 0.000000000000000000e+00
3.690000000000000000e+02 1.475998021853015540e-01 6.873008648156576639e-01 1.810423304506144637e-01 1.024123805188893906e-02 1.214155666818388657e-01 0.000000000000000000e+00
3.720000000000000000e+02 1.487998005770521104e-01 6.979972690031861493e-01 1.687528447883477334e-01 1.115157032316795548e-02 1.220983158852981393e-01 0.000000000000000000e+00
3.750000000000000000e+02 1.499997989688024447e-01 6.984524351388257113e-01 1.624943104233045055e-01 1.115157032316795548e-02 1.279016841147018746e-01 0.000000000000000000e+00
3.780000000000000000e+02 1.511997973605527790e-01 7.024351388256713236e-01 1.525944469731451980e-01 1.137915339098771045e-02 1.335912608101957333e-01 0.000000000000000000e+00
3.810000000000000000e+02 1.523997957523033353e-01 7.075557578516158408e-01 1.422394173873463841e-01 1.297223486572599005e-02 1.372325898953117851e-01 0.000000000000000000e+00
3.840000000000000000e+02 1.535997941440536696e-01 7.122212107419207960e-01 1.345015930814747462e-01 1.422394173873463806e-02 1.390532544378698110e-01 0.000000000000000000e+00
3.870000000000000000e+02 1.547997925358042259e-01 7.177969959035047642e-01 1.280154756486117373e-01 1.513427401001365448e-02 1.390532544378698110e-01 0.000000000000000000e+00
3.900000000000000000e+02 1.559997909275545602e-01 7.212107419208011461e-01 1.208466090122894826e-01 1.490669094219390124e-02 1.430359581247155343e-01 0.000000000000000000e+00
3.930000000000000000e+02 1.571997893193048945e-01 7.291761492944924816e-01 1.126536185707783383e-01 1.581702321347291593e-02 1.423532089212562468e-01 0.000000000000000000e+00
3.960000000000000000e+02 1.583997877110554509e-01 7.321347291761493015e-01 1.077605826126536159e-01 1.649977241693217911e-02 1.436049157942649035e-01 0.000000000000000000e+00
3.990000000000000000e+02 1.595997861028057851e-01 7.372553482020938187e-01 1.027537551206190308e-01 1.797906235776058209e-02 1.420118343195266308e-01 0.000000000000000000e+00
4.020000000000000000e+02 1.607997844945561194e-01 7.414656349567592120e-01 9.729176149294492537e-02 1.854802002730996865e-02 1.426945835229858905e-01 0.000000000000000000e+00
4.050000000000000000e+02 1.619997828863066758e-01 7.453345471096950448e-01 9.035047792444242387e-02 2.116522530723714129e-02 1.431497496586253970e-01 0.000000000000000000e+00
4.080000000000000000e+02 1.631997812780570101e-01 7.485207100591716456e-01 8.830223031406463086e-02 2.014110150204824826e-02 1.430359581247155343e-01 0.000000000000000000e+00
4.110000000000000000e+02 1.643997796698075664e-01 7.509103322712790130e-01 8.545744196631770151e-02 2.241693218024579104e-02 1.412152935821574806e-01 0.000000000000000000e+00
4.140000000000000000e+02 1.655997780615579007e-01 7.572826581702321036e-01 7.851615839781520001e-02 2.173418297678652786e-02 1.424670004551661373e-01 0.000000000000000000e+00
4.170000000000000000e+02 1.667997764533082350e-01 7.667273554847519046e-01 7.168866636322257513e-02 2.014110150204824826e-02 1.414428766499772339e-01 0.000000000000000000e+00
4.200000000000000000e+02 1.679997748450587913e-01 7.664997724169322346e-01 7.055075102412380894e-02 2.139280837505689453e-02 1.415566681838871244e-01 0.000000000000000000e+00
4.230000000000000000e+02 1.691997732368091256e-01 7.675238962221210270e-01 6.645425580336822291e-02 2.218934911242603433e-02 1.438324988620846567e-01 0.000000000000000000e+00
4.260000000000000000e+02 1.703997716285596820e-01 7.712790168411469693e-01 6.235776058261265076e-02 2.412380518889394726e-02 1.422394173873463841e-01 0.000000000000000000e+00
4.290000000000000000e+02 1.715997700203100162e-01 7.734410559854346667e-01 6.133363677742376119e-02 2.446517979062357712e-02 1.407601274465179741e-01 0.000000000000000000e+00
4.320000000000000000e+02 1.727997684120603505e-01 7.790168411470186349e-01 5.974055530268548159e-02 2.309968138370505075e-02 1.381429221665907980e-01 0.000000000000000000e+00
4.350000000000000000e+02 1.739997668038109069e-01 7.842512517068730427e-01 5.735093309057805872e-02 2.287209831588529751e-02 1.355257168866636219e-01 0.000000000000000000e+00
4.380000000000000000e+02 1.751997651955612412e-01 7.869822485207100815e-01 5.382339553937186966e-02 2.435138825671370050e-02 1.348429676832043622e-01 0.000000000000000000e+00
4.410000000000000000e+02 1.763997635873115755e-01 7.884615384615384359e-01 5.302685480200273332e-02 2.571688666363222686e-02 1.327947200728265831e-01 0.000000000000000000e+00
4.440000000000000000e+02 1.775997619790621318e-01 7.884615384615384359e-01 5.211652253072371344e-02 2.730996813837050646e-02 1.321119708693673234e-01 0.000000000000000000e+00
4.470000000000000000e+02 1.787997603708124661e-01 7.935821574874829532e-01 5.052344105598543383e-02 2.867546654528902936e-02 1.272189349112426149e-01 0.000000000000000000e+00
4.500000000000000000e+02 1.799997587625630224e-01 7.990441511151570309e-01 4.961310878470642088e-02 2.935821574874829254e-02 1.219845243513882627e-01 0.000000000000000000e+00
4.530000000000000000e+02 1.811997571543133567e-01 8.070095584888484774e-01 4.972690031861629750e-02 2.890304961310878606e-02 1.143604915794264876e-01 0.000000000000000000e+00
4.560000000000000000e+02 1.823997555460636910e-01 8.080336822940372699e-01 4.676832043695949154e-02 3.038233955393718558e-02 1.148156577150659940e-01 0.000000000000000000e+00
4.590000000000000000e+02 1.835997539378142474e-01 8.088302230314065033e-01 4.506144742831133532e-02 3.243058716431497512e-02 1.136777423759672279e-01 0.000000000000000000e+00
4.620000000000000000e+02 1.847997523295645816e-01 8.130405097860718966e-01 4.358215748748293233e-02 3.140646335912607862e-02 1.119708693673190647e-01 0.000000000000000000e+00
4.650000000000000000e+02 1.859997507213151380e-01 8.167956304050978389e-01 4.267182521620391245e-02 3.334091943559399501e-02 1.071916249431042328e-01 0.000000000000000000e+00
4.680000000000000000e+02 1.871997491130654723e-01 8.200955848884843302e-01 4.176149294492489950e-02 3.208921256258534527e-02 1.060537096040054666e-01 0.000000000000000000e+00
4.710000000000000000e+02 1.883997475048158066e-01 8.198680018206645492e-01 4.073736913973600299e-02 3.368229403732362487e-02 1.057123350022758368e-01 0.000000000000000000e+00
4.740000000000000000e+02 1.895997458965663629e-01 8.227127901684114786e-01 3.937187073281747662e-02 3.436504324078288458e-02 1.035502958579881672e-01 0.000000000000000000e+00
4.770000000000000000e+02 1.907997442883166972e-01 8.271506599908966528e-01 3.971324533454710648e-02 3.334091943559399501e-02 9.979517523896222486e-02 0.000000000000000000e+00
4.800000000000000000e+02 1.919997426800670315e-01 8.311333636777423761e-01 3.925807919890760000e-02 3.459262630860263782e-02 9.501593081474737912e-02 0.000000000000000000e+00
4.830000000000000000e+02 1.931997410718175878e-01 8.310195721438324856e-01 3.857532999544834029e-02 3.459262630860263782e-02 9.581247155211652933e-02 0.000000000000000000e+00
4.860000000000000000e+02 1.943997394635679221e-01 8.321574874829312796e-01 3.823395539371871044e-02 3.516158397815202785e-02 9.444697314519799602e-02 0.000000000000000000e+00
4.890000000000000000e+02 1.955997378553184785e-01 8.410332271279017391e-01 3.675466545289030745e-02 3.436504324078288458e-02 8.784706417842512438e-02 0.000000000000000000e+00
4.920000000000000000e+02 1.967997362470688127e-01 8.450159308147473514e-01 3.766499772416932040e-02 3.345471096950387163e-02 8.386436049157942885e-02 0.000000000000000000e+00
4.950000000000000000e+02 1.979997346388191470e-01 8.452435138825671324e-01 3.664087391898043083e-02 3.538916704597178109e-02 8.272644515248064878e-02 0.000000000000000000e+00
4.980000000000000000e+02 1.991997330305697034e-01 8.478607191624942807e-01 3.607191624943104080e-02 3.356850250341374825e-02 8.249886208466089554e-02 0.000000000000000000e+00
5.010000000000000000e+02 2.003997314223200377e-01 8.554847519344560558e-01 3.322712790168411146e-02 3.197542102867546865e-02 7.931269913518433634e-02 0.000000000000000000e+00
5.040000000000000000e+02 2.015997298140703720e-01 8.566226672735548497e-01 3.265817023213472836e-02 3.322712790168411146e-02 7.749203459262631044e-02 0.000000000000000000e+00
5.070000000000000000e+02 2.027997282058209283e-01 8.575329995448338627e-01 3.299954483386435822e-02 3.208921256258534527e-02 7.737824305871643382e-02 0.000000000000000000e+00
5.100000000000000000e+02 2.039997265975712626e-01 8.632225762403277214e-01 3.254437869822485174e-02 3.095129722348657214e-02 7.328174783796086167e-02 0.000000000000000000e+00
5.130000000000000000e+02 2.051997249893218189e-01 8.698224852071005930e-01 3.129267182521620200e-02 2.947200728265816916e-02 6.941283568502502888e-02 0.000000000000000000e+00
5.160000000000000000e+02 2.063997233810721532e-01 8.699362767410104835e-01 3.038233955393718558e-02 2.856167501137915274e-02 7.111970869367319203e-02 0.000000000000000000e+00
5.190000000000000000e+02 2.075997217728224875e-01 8.719845243513882904e-01 3.015475648611743234e-02 2.810650887573964626e-02 6.975421028675465873e-02 0.000000000000000000e+00
5.220000000000000000e+02 2.087997201645730438e-01 8.758534365043241232e-01 3.038233955393718558e-02 2.685480200273099652e-02 6.690942193900774326e-02 0.000000000000000000e+00
5.250000000000000000e+02 2.099997185563233781e-01 8.747155211652253293e-01 3.106508875739644876e-02 2.708238507055074976e-02 6.713700500682749650e-02 0.000000000000000000e+00
5.280000000000000000e+02 2.111997169480739345e-01 8.755120619025944517e-01 3.095129722348657214e-02 2.708238507055074976e-02 6.645425580336822291e-02 0.000000000000000000e+00
5.310000000000000000e+02 2.123997153398242688e-01 8.728948566226673034e-01 3.163404642694583185e-02 2.947200728265816916e-02 6.599908966772871644e-02 0.000000000000000000e+00
5.340000000000000000e+02 2.135997137315746031e-01 8.720983158852981809e-01 3.243058716431497512e-02 2.924442421483841592e-02 6.622667273554846967e-02 0.000000000000000000e+00
5.370000000000000000e+02 2.147997121233251594e-01 8.743741465634956578e-01 3.129267182521620200e-02 2.890304961310878606e-02 6.543013199817933334e-02 0.000000000000000000e+00
5.400000000000000000e+02 2.159997105150754937e-01 8.790395994538006130e-01 2.901684114701866268e-02 2.901684114701866268e-02 6.292671825216203385e-02 0.000000000000000000e+00
5.430000000000000000e+02 2.171997089068258280e-01 8.822257624032772139e-01 2.799271734182976618e-02 2.867546654528902936e-02 6.110605370960400795e-02 0.000000000000000000e+00
5.460000000000000000e+02 2.183997072985763843e-01 8.851843422849340337e-01 2.844788347746927612e-02 2.742375967228038308e-02 5.894401456531633832e-02 0.000000000000000000e+00
5.490000000000000000e+02 2.195997056903267186e-01 8.851843422849340337e-01 2.867546654528902936e-02 2.890304961310878606e-02 5.723714155666818210e-02 0.000000000000000000e+00
5.520000000000000000e+02 2.207997040820772749e-01 8.863222576240327166e-01 2.844788347746927612e-02 2.856167501137915274e-02 5.666818388711879900e-02 0.000000000000000000e+00
5.550000000000000000e+02 2.219997024738276092e-01 8.891670459717796460e-01 2.605826126536185672e-02 2.890304961310878606e-02 5.587164314974965573e-02 0.000000000000000000e+00
5.580000000000000000e+02 2.231997008655779435e-01 8.932635411925352598e-01 2.662721893491124328e-02 2.776513427401001294e-02 5.234410559854346667e-02 0.000000000000000000e+00
5.610000000000000000e+02 2.243996992573284999e-01 8.958807464724624081e-01 2.560309512972235024e-02 2.765134274010013632e-02 5.086481565771506369e-02 0.000000000000000000e+00
5.640000000000000000e+02 2.255996976490788342e-01 8.974738279472007640e-01 2.423759672280382388e-02 2.776513427401001294e-02 5.052344105598543383e-02 0.000000000000000000e+00
5.670000000000000000e+02 2.267996960408293905e-01 8.963359126081019701e-01 2.412380518889394726e-02 2.765134274010013632e-02 5.188893946290396020e-02 0.000000000000000000e+00
5.700000000000000000e+02 2.279996944325797248e-01 9.002048247610378029e-01 2.366863905325443732e-02 2.662721893491124328e-02 4.949931725079653733e-02 0.000000000000000000e+00
5.730000000000000000e+02 2.291996928243300591e-01 9.045289030496130867e-01 2.480655439235321044e-02 2.628584433318160996e-02 4.437869822485206867e-02 0.000000000000000000e+00
5.760000000000000000e+02 2.303996912160806154e-01 8.992944924897587899e-01 2.526172052799271692e-02 2.833409194355939950e-02 4.710969503868912139e-02 0.000000000000000000e+00
5.790000000000000000e+02 2.315996896078309497e-01 9.023668639053253893e-01 2.389622212107419055e-02 2.867546654528902936e-02 4.506144742831133532e-02 0.000000000000000000e+00
5.820000000000000000e+02 2.327996879995812840e-01 9.017979062357760478e-01 2.412380518889394726e-02 2.867546654528902936e-02 4.540282203004096517e-02 0.000000000000000000e+00
5.850000000000000000e+02 2.339996863913318403e-01 9.069185252617205650e-01 2.412380518889394726e-02 2.730996813837050646e-02 4.164770141101502288e-02 0.000000000000000000e+00
5.880000000000000000e+02 2.351996847830821746e-01 9.083978152025489194e-01 2.401001365498407064e-02 2.651342740100136666e-02 4.107874374146563284e-02 0.000000000000000000e+00
5.910000000000000000e+02 2.363996831748327310e-01 9.079426490669094685e-01 2.401001365498407064e-02 2.594446973145198010e-02 4.210286754665452935e-02 0.000000000000000000e+00
5.940000000000000000e+02 2.375996815665830653e-01 9.090805644060081514e-01 2.492034592626308706e-02 2.571688666363222686e-02 4.028220300409649651e-02 0.000000000000000000e+00
5.970000000000000000e+02 2.387996799583333996e-01 9.115839781520255203e-01 2.435138825671370050e-02 2.548930359581247015e-02 3.857532999544834029e-02 0.000000000000000000e+00
6.000000000000000000e+02 2.399996783500839559e-01 9.111288120163859583e-01 2.389622212107419055e-02 2.742375967228038308e-02 3.755120619025944378e-02 0.000000000000000000e+00
6.030000000000000000e+02 2.411996767418342902e-01 9.140873918980427781e-01 2.139280837505689453e-02 2.708238507055074976e-02 3.743741465634956717e-02 0.000000000000000000e+00
6.060000000000000000e+02 2.423996751335848465e-01 9.129494765589439842e-01 2.139280837505689453e-02 2.719617660446062984e-02 3.846153846153846367e-02 0.000000000000000000e+00
6.090000000000000000e+02 2.435996735253351808e-01 9.139736003641328876e-01 2.264451524806554428e-02 2.617205279927173334e-02 3.720983158852981393e-02 0.000000000000000000e+00
6.120000000000000000e+02 2.447996719170855151e-01 9.120391442876649712e-01 2.287209831588529751e-02 2.742375967228038308e-02 3.766499772416932040e-02 0.000000000000000000e+00
6.150000000000000000e+02 2.459996703088360714e-01 9.143149749658625591e-01 2.184797451069640448e-02 2.605826126536185672e-02 3.777878925807919702e-02 0.000000000000000000e+00
6.180000000000000000e+02 2.471996687005864057e-01 9.156804733727810230e-01 2.264451524806554428e-02 2.548930359581247015e-02 3.618570778334091742e-02 0.000000000000000000e+00
6.210000000000000000e+02 2.483996670923367400e-01 9.185252617205279524e-01 2.321347291761493084e-02 2.275830678197542090e-02 3.550295857988165771e-02 0.000000000000000000e+00
6.240000000000000000e+02 2.495996654840872964e-01 9.204597177969958688e-01 2.287209831588529751e-02 2.309968138370505075e-02 3.356850250341374825e-02 0.000000000000000000e+00
6.270000000000000000e+02 2.507996638758376307e-01 9.235320892125625791e-01 2.287209831588529751e-02 2.253072371415566766e-02 3.106508875739644876e-02 0.000000000000000000e+00
6.300000000000000000e+02 2.519996622675881870e-01 9.239872553482021411e-01 2.218934911242603433e-02 2.196176604460628110e-02 3.186162949476559203e-02 0.000000000000000000e+00
6.330000000000000000e+02 2.531996606593385213e-01 9.277423759672280834e-01 2.218934911242603433e-02 2.105143377332726468e-02 2.890304961310878606e-02 1.137915339098771066e-04
6.360000000000000000e+02 2.543996590510888556e-01 9.300182066454255603e-01 2.127901684114701791e-02 2.127901684114701791e-02 2.742375967228038308e-02 0.000000000000000000e+00
6.390000000000000000e+02 2.555996574428394119e-01 9.301319981793354508e-01 2.230314064633591095e-02 2.127901684114701791e-02 2.617205279927173334e-02 1.137915339098771066e-04
6.420000000000000000e+02 2.567996558345897462e-01 9.303595812471552318e-01 2.127901684114701791e-02 2.196176604460628110e-02 2.639963586709149004e-02 0.000000000000000000e+00
6.450000000000000000e+02 2.579996542263403025e-01 9.289940828402366568e-01 2.036868456986800149e-02 2.253072371415566766e-02 2.810650887573964626e-02 0.000000000000000000e+00
6.480000000000000000e+02 2.591996526180906368e-01 9.321802457897132577e-01 1.945835229858898507e-02 2.105143377332726468e-02 2.730996813837050646e-02 0.000000000000000000e+00
6.510000000000000000e+02 2.603996510098409711e-01 9.341147018661811741e-01 1.843422849340009204e-02 2.105143377332726468e-02 2.639963586709149004e-02 0.000000000000000000e+00
6.540000000000000000e+02 2.615996494015915275e-01 9.347974510696404060e-01 1.854802002730996865e-02 2.082385070550751144e-02 2.583067819754210348e-02 0.000000000000000000e+00
6.570000000000000000e+02 2.627996477933418618e-01 9.351388256713700775e-01 1.775147928994082885e-02 2.071005917159763482e-02 2.639963586709149004e-02 0.000000000000000000e+00
6.600000000000000000e+02 2.639996461850921960e-01 9.319526627218934767e-01 1.797906235776058209e-02 2.264451524806554428e-02 2.742375967228038308e-02 0.000000000000000000e+00
6.630000000000000000e+02 2.651996445768427524e-01 9.334319526627219421e-01 1.695493855257168905e-02 2.253072371415566766e-02 2.708238507055074976e-02 0.000000000000000000e+00
6.660000000000000000e+02 2.663996429685930867e-01 9.324078288575330387e-01 1.775147928994082885e-02 2.401001365498407064e-02 2.583067819754210348e-02 0.000000000000000000e+00
6.690000000000000000e+02 2.675996413603436430e-01 9.362767410104688715e-01 1.649977241693217911e-02 2.218934911242603433e-02 2.492034592626308706e-02 1.137915339098771066e-04
6.720000000000000000e+02 2.687996397520939773e-01 9.366181156121984319e-01 1.729631315430131891e-02 2.287209831588529751e-02 2.309968138370505075e-02 1.137915339098771066e-04
6.750000000000000000e+02 2.699996381438443116e-01 9.383249886208465673e-01 1.729631315430131891e-02 2.241693218024579104e-02 2.162039144287665124e-02 3.413746017296313199e-04
6.780000000000000000e+02 2.711996365355948679e-01 9.385525716886663483e-01 1.706873008648156567e-02 2.366863905325443732e-02 2.059626763768775473e-02 1.137915339098771066e-04
6.810000000000000000e+02 2.723996349273452022e-01 9.386663632225762388e-01 1.775147928994082885e-02 2.378243058716431393e-02 1.968593536640873831e-02 1.137915339098771066e-04
