# itime ezz other fcc hcp bcc ico
0.000000000000000000e+00 0.000000000000000000e+00 1.365498406918525280e-03 9.986345015930814251e-01 0.000000000000000000e+00 0.000000000000000000e+00 0.000000000000000000e+00
3.000000000000000000e+01 1.200000204680606863e-02 1.137915339098770958e-03 9.988620846609012061e-01 0.000000000000000000e+00 0.000000000000000000e+00 0.000000000000000000e+00
6.000000000000000000e+01 2.400000409361213727e-02 2.162039144287664864e-03 9.977241693218024121e-01 0.000000000000000000e+00 1.137915339098771066e-04 0.000000000000000000e+00
9.000000000000000000e+01 3.600000614041820590e-02 4.210286754665453109e-03 9.957897132453344957e-01 0.000000000000000000e+00 0.000000000000000000e+00 0.000000000000000000e+00
1.200000000000000000e+02 4.800000818722427454e-02 7.510241238051888930e-03 9.918070095584888834e-01 0.000000000000000000e+00 6.827492034592626399e-04 0.000000000000000000e+00
1.500000000000000000e+02 6.000001023403034317e-02 1.729631315430131891e-02 9.820209376422394110e-01 0.000000000000000000e+00 6.827492034592626399e-04 0.000000000000000000e+00
1.800000000000000000e+02 7.200001228083641180e-02 4.472007282658170546e-02 9.534592626308602270e-01 0.000000000000000000e+00 1.820664542558033706e-03 0.000000000000000000e+00
2.100000000000000000e+02 8.400001432764248044e-02 8.261265361857077216e-02 9.130632680928538747e-01 0.000000000000000000e+00 4.324078288575329727e-03 0.000000000000000000e+00
2.400000000000000000e+02 9.600001637444854907e-02 1.256258534365043145e-01 8.691397360036413611e-01 0.000000000000000000e+00 5.234410559854347014e-03 0.000000000000000000e+00
2.700000000000000000e+02 1.080000184212546177e-01 2.320209376422394110e-01 7.518206645425580259e-01 0.000000000000000000e+00 1.615839781520254925e-02 0.000000000000000000e+00
3.000000000000000000e+02 1.200000204680606863e-01 3.651570323167956378e-01 6.002503413746017591e-01 3.413746017296313199e-04 3.425125170687300796e-02 0.000000000000000000e+00
3.300000000000000000e+02 1.320000225148667550e-01 4.906690942193900895e-01 4.476558944014565333e-01 9.103322712790168532e-04 6.076467910787437116e-02 0.000000000000000000e+00
3.600000000000000000e+02 1.440000245616728236e-01 6.199362767410104835e-01 2.734410559854346667e-01 3.755120619025944465e-03 1.028675466545289074e-01 0.000000000000000000e+00
3.900000000000000000e+02 1.560000266084788922e-01 6.961766044606281234e-01 1.500910332271279124e-01 1.206190259444697363e-02 1.416704597177969871e-01 0.000000000000000000e+00
4.200000000000000000e+02 1.680000286552849609e-01 7.426035502958580059e-01 8.249886208466089554e-02 1.911697769685935522e-02 1.557806099226217433e-01 0.000000000000000000e+00
4.500000000000000000e+02 1.800000307020910295e-01 7.676376877560309175e-01 5.075102412380518707e-02 2.822030040964952288e-02 1.533909877105143482e-01 0.000000000000000000e+00
4.800000000000000000e+02 1.920000327488970981e-01 8.162266727355484974e-01 3.060992262175694228e-02 2.958579881656804578e-02 1.235776058261265353e-01 0.000000000000000000e+00
5.100000000000000000e+02 2.040000347957031668e-01 8.510468821119708815e-01 2.378243058716431393e-02 3.254437869822485174e-02 9.262630860263997012e-02 0.000000000000000000e+00
5.400000000000000000e+02 2.160000368425092354e-01 8.817705962676376519e-01 2.105143377332726468e-02 3.277196176604460498e-02 6.440600819299044377e-02 0.000000000000000000e+00
5.700000000000000000e+02 2.280000388893153040e-01 9.077150659990896875e-01 1.786527082385070547e-02 3.049613108784706567e-02 4.392353208921256219e-02 0.000000000000000000e+00
6.000000000000000000e+02 2.400000409361213727e-01 9.173873463814292695e-01 1.775147928994082885e-02 2.947200728265816916e-02 3.538916704597178109e-02 0.000000000000000000e+00
6.300000000000000000e+02 2.520000429829274413e-01 9.312699135184342447e-01 1.661356395084205573e-02 2.651342740100136666e-02 2.560309512972235024e-02 0.000000000000000000e+00
6.600000000000000000e+02 2.640000450297337320e-01 9.409421939007738267e-01 1.342740100136549826e-02 2.480655439235321044e-02 2.071005917159763482e-02 1.137915339098771066e-04
6.900000000000000000e+02 2.760000470765398006e-01 9.548247610377788019e-01 1.103777878925807886e-02 1.854802002730996865e-02 1.536185707783340945e-02 2.275830678197542133e-04
7.200000000000000000e+02 2.880000491233458693e-01 9.617660446062813451e-01 1.012744651797906244e-02 1.570323167956303931e-02 1.240327719617660522e-02 0.000000000000000000e+00
7.500000000000000000e+02 3.000000511701519379e-01 9.633591260810195900e-01 8.875739644970414427e-03 1.536185707783340945e-02 1.240327719617660522e-02 0.000000000000000000e+00
7.800000000000000000e+02 3.120000532169580065e-01 9.680245789713245452e-01 8.534365043240782836e-03 1.502048247610377786e-02 8.420573509330906217e-03 0.000000000000000000e+00
8.100000000000000000e+02 3.240000552637640752e-01 9.716659080564405970e-01 7.965407373691398007e-03 1.160673645880746542e-02 8.648156577150659455e-03 1.137915339098771066e-04
8.400000000000000000e+02 3.360000573105701438e-01 9.758761948111061013e-01 6.372325898953117539e-03 1.183431952662721866e-02 5.803368229403732710e-03 1.137915339098771066e-04
8.700000000000000000e+02 3.480000593573762124e-01 9.803140646335912756e-01 4.665452890304961318e-03 1.046882111970869403e-02 4.324078288575329727e-03 2.275830678197542133e-04
9.000000000000000000e+02 3.600000614041822811e-01 9.827036868456986429e-01 4.096495220755575623e-03 7.851615839781519654e-03 5.234410559854347014e-03 1.137915339098771066e-04
9.300000000000000000e+02 3.720000634509881277e-01 9.839553937187073274e-01 4.779244424214838804e-03 7.624032771961766417e-03 3.641329085116067413e-03 0.000000000000000000e+00
9.600000000000000000e+02 3.840000654977944183e-01 9.850933090578061213e-01 4.551661356395083832e-03 7.055075102412380721e-03 3.072371415566681717e-03 2.275830678197542133e-04
9.900000000000000000e+02 3.960000675446002649e-01 9.855484751934455723e-01 4.210286754665453109e-03 6.827492034592626616e-03 3.299954483386436255e-03 1.137915339098771066e-04
1.020000000000000000e+03 4.080000695914065556e-01 9.870277651342740377e-01 3.982703686845699004e-03 5.803368229403732710e-03 2.617205279927173507e-03 5.689576695493854790e-04
1.050000000000000000e+03 4.200000716382124022e-01 9.881656804733728316e-01 3.527537551206190360e-03 5.575785161583977738e-03 2.389622212107419402e-03 3.413746017296313199e-04
1.080000000000000000e+03 4.320000736850189149e-01 9.898725534820209671e-01 3.186162949476558769e-03 4.551661356395083832e-03 2.162039144287664864e-03 2.275830678197542133e-04
1.110000000000000000e+03 4.440000757318245395e-01 9.897587619481110766e-01 2.730996813837050560e-03 4.324078288575329727e-03 2.389622212107419402e-03 7.965407373691396923e-04
1.140000000000000000e+03 4.560000777786310522e-01 9.945380063723259223e-01 1.934456076467910759e-03 2.389622212107419402e-03 1.024123805188893906e-03 1.137915339098771066e-04
1.170000000000000000e+03 4.680000798254366767e-01 9.931725079654073474e-01 1.024123805188893906e-03 3.641329085116067413e-03 1.820664542558033706e-03 3.413746017296313199e-04
1.200000000000000000e+03 4.800000818722431895e-01 9.932862994993172379e-01 1.934456076467910759e-03 2.844788347746927612e-03 1.479289940828402332e-03 4.551661356395084266e-04
1.230000000000000000e+03 4.920000839190488140e-01 9.935138825671370189e-01 2.162039144287664864e-03 3.299954483386436255e-03 7.965407373691396923e-04 2.275830678197542133e-04
1.260000000000000000e+03 5.040000859658553267e-01 9.937414656349567998e-01 1.024123805188893906e-03 2.958579881656804664e-03 1.479289940828402332e-03 7.965407373691396923e-04
1.290000000000000000e+03 5.160000880126609513e-01 9.936276741010469093e-01 1.479289940828402332e-03 2.958579881656804664e-03 1.706873008648156654e-03 2.275830678197542133e-04
1.320000000000000000e+03 5.280000900594674640e-01 9.939690487027764698e-01 1.251706873008648227e-03 3.186162949476558769e-03 1.137915339098770958e-03 4.551661356395084266e-04
1.350000000000000000e+03 5.400000921062730885e-01 9.952207555757851543e-01 6.827492034592626399e-04 2.162039144287664864e-03 1.593081474738279385e-03 3.413746017296313199e-04
1.380000000000000000e+03 5.520000941530796013e-01 9.960172963131542767e-01 7.965407373691396923e-04 1.593081474738279385e-03 7.965407373691396923e-04 7.965407373691396923e-04
1.410000000000000000e+03 5.640000961998852258e-01 9.955621301775148257e-01 1.365498406918525280e-03 2.389622212107419402e-03 5.689576695493854790e-04 1.137915339098771066e-04
1.440000000000000000e+03 5.760000982466917385e-01 9.954483386436049352e-01 1.706873008648156654e-03 1.593081474738279385e-03 5.689576695493854790e-04 6.827492034592626399e-04
1.470000000000000000e+03 5.880001002934973631e-01 9.956759217114247162e-01 2.162039144287664864e-03 1.365498406918525280e-03 6.827492034592626399e-04 1.137915339098771066e-04
1.500000000000000000e+03 6.000001023403038758e-01 9.956759217114247162e-01 1.706873008648156654e-03 1.706873008648156654e-03 2.275830678197542133e-04 6.827492034592626399e-04
1.530000000000000000e+03 6.120001043871095003e-01 9.960172963131542767e-01 1.706873008648156654e-03 1.479289940828402332e-03 3.413746017296313199e-04 4.551661356395084266e-04
1.560000000000000000e+03 6.240001064339160131e-01 9.960172963131542767e-01 1.934456076467910759e-03 1.365498406918525280e-03 0.000000000000000000e+00 6.827492034592626399e-04
1.590000000000000000e+03 6.360001084807218596e-01 9.962448793809740577e-01 1.251706873008648227e-03 1.137915339098770958e-03 7.965407373691396923e-04 5.689576695493854790e-04
1.620000000000000000e+03 6.480001105275281503e-01 9.962448793809740577e-01 9.103322712790168532e-04 1.137915339098770958e-03 6.827492034592626399e-04 1.024123805188893906e-03
1.650000000000000000e+03 6.600001125743339969e-01 9.971552116522530707e-01 1.024123805188893906e-03 1.137915339098770958e-03 2.275830678197542133e-04 4.551661356395084266e-04
1.680000000000000000e+03 6.720001146211402876e-01 9.970414201183431802e-01 1.137915339098770958e-03 9.103322712790168532e-04 0.000000000000000000e+00 9.103322712790168532e-04
1.710000000000000000e+03 6.840001166679461342e-01 9.974965862539827421e-01 5.689576695493854790e-04 6.827492034592626399e-04 5.689576695493854790e-04 6.827492034592626399e-04
1.740000000000000000e+03 6.960001187147524249e-01 9.972690031861629611e-01 6.827492034592626399e-04 1.479289940828402332e-03 1.137915339098771066e-04 4.551661356395084266e-04
1.770000000000000000e+03 7.080001207615582715e-01 9.978379608557123026e-01 1.137915339098771066e-04 9.103322712790168532e-04 2.275830678197542133e-04 9.103322712790168532e-04
1.800000000000000000e+03 7.200001228083645621e-01 9.989758761948110966e-01 0.000000000000000000e+00 3.413746017296313199e-04 1.137915339098771066e-04 5.689576695493854790e-04
1.830000000000000000e+03 7.320001248551704087e-01 9.979517523896221931e-01 4.551661356395084266e-04 7.965407373691396923e-04 1.137915339098771066e-04 6.827492034592626399e-04
1.860000000000000000e+03 7.440001269019766994e-01 9.971552116522530707e-01 3.413746017296313199e-04 9.103322712790168532e-04 1.137915339098771066e-04 1.479289940828402332e-03
1.890000000000000000e+03 7.560001289487825460e-01 9.978379608557123026e-01 6.827492034592626399e-04 7.965407373691396923e-04 1.137915339098771066e-04 5.689576695493854790e-04
1.920000000000000000e+03 7.680001309955888367e-01 9.984069185252617551e-01 1.137915339098771066e-04 6.827492034592626399e-04 2.275830678197542133e-04 5.689576695493854790e-04
1.950000000000000000e+03 7.800001330423946833e-01 9.978379608557123026e-01 3.413746017296313199e-04 9.103322712790168532e-04 0.000000000000000000e+00 9.103322712790168532e-04
1.980000000000000000e+03 7.920001350892009739e-01 9.982931269913518646e-01 1.137915339098771066e-04 7.965407373691396923e-04 1.137915339098771066e-04 6.827492034592626399e-04
2.010000000000000000e+03 8.040001371360068205e-01 9.974965862539827421e-01 1.137915339098771066e-04 1.365498406918525280e-03 1.137915339098771066e-04 9.103322712790168532e-04
2.040000000000000000e+03 8.160001391828131112e-01 9.979517523896221931e-01 1.137915339098771066e-04 7.965407373691396923e-04 1.137915339098771066e-04 1.024123805188893906e-03
2.070000000000000000e+03 8.280001412296189578e-01 9.968138370505233992e-01 2.275830678197542133e-04 1.024123805188893906e-03 1.137915339098771066e-04 1.820664542558033706e-03
2.100000000000000000e+03 8.400001432764252485e-01 9.979517523896221931e-01 1.137915339098771066e-04 1.251706873008648227e-03 1.137915339098771066e-04 5.689576695493854790e-04
2.130000000000000000e+03 8.520001453232310951e-01 9.979517523896221931e-01 1.137915339098771066e-04 6.827492034592626399e-04 2.275830678197542133e-04 1.024123805188893906e-03
2.160000000000000000e+03 8.640001473700373857e-01 9.984069185252617551e-01 1.137915339098771066e-04 9.103322712790168532e-04 1.137915339098771066e-04 4.551661356395084266e-04
2.190000000000000000e+03 8.760001494168432323e-01 9.974965862539827421e-01 1.137915339098771066e-04 1.024123805188893906e-03 2.275830678197542133e-04 1.137915339098770958e-03
2.220000000000000000e+03 8.880001514636495230e-01 9.969276285844332897e-01 1.137915339098771066e-04 1.137915339098770958e-03 6.827492034592626399e-04 1.137915339098770958e-03
2.250000000000000000e+03 9.000001535104553696e-01 9.973827947200728516e-01 1.137915339098771066e-04 1.251706873008648227e-03 3.413746017296313199e-04 9.103322712790168532e-04
2.280000000000000000e+03 9.120001555572616603e-01 9.981793354574419741e-01 0.000000000000000000e+00 1.024123805188893906e-03 1.137915339098771066e-04 6.827492034592626399e-04
2.310000000000000000e+03 9.240001576040675069e-01 9.978379608557123026e-01 2.275830678197542133e-04 7.965407373691396923e-04 0.000000000000000000e+00 1.137915339098770958e-03
2.340000000000000000e+03 9.360001596508737975e-01 9.980655439235320836e-01 1.137915339098771066e-04 1.024123805188893906e-03 0.000000000000000000e+00 7.965407373691396923e-04
2.370000000000000000e+03 9.480001616976796441e-01 9.974965862539827421e-01 0.000000000000000000e+00 1.251706873008648227e-03 1.137915339098771066e-04 1.137915339098770958e-03
2.400000000000000000e+03 9.600001637444861569e-01 9.985207100591716456e-01 0.000000000000000000e+00 4.551661356395084266e-04 1.137915339098771066e-04 9.103322712790168532e-04
2.430000000000000000e+03 9.720001657912917814e-01 9.984069185252617551e-01 1.137915339098771066e-04 5.689576695493854790e-04 1.137915339098771066e-04 7.965407373691396923e-04
2.460000000000000000e+03 9.840001678380982941e-01 9.979517523896221931e-01 2.275830678197542133e-04 9.103322712790168532e-04 3.413746017296313199e-04 5.689576695493854790e-04
2.490000000000000000e+03 9.960001698849039187e-01 9.981793354574419741e-01 0.000000000000000000e+00 9.103322712790168532e-04 2.275830678197542133e-04 6.827492034592626399e-04
