# itime ezz other fcc hcp bcc ico
0.000000000000000000e+00 0.000000000000000000e+00 0.000000000000000000e+00 1.000000000000000000e+00 0.000000000000000000e+00 0.000000000000000000e+00 0.000000000000000000e+00
3.000000000000000000e+00 1.200018351690701479e-03 0.000000000000000000e+00 1.000000000000000000e+00 0.000000000000000000e+00 0.000000000000000000e+00 0.000000000000000000e+00
6.000000000000000000e+00 2.400036703381402958e-03 0.000000000000000000e+00 1.000000000000000000e+00 0.000000000000000000e+00 0.000000000000000000e+00 0.000000000000000000e+00
9.000000000000000000e+00 3.600055055072104437e-03 0.000000000000000000e+00 1.000000000000000000e+00 0.000000000000000000e+00 0.000000000000000000e+00 0.000000000000000000e+00
1.200000000000000000e+01 4.800073406762583872e-03 0.000000000000000000e+00 1.000000000000000000e+00 0.000000000000000000e+00 0.000000000000000000e+00 0.000000000000000000e+00
1.500000000000000000e+01 6.000091758453285351e-03 0.000000000000000000e+00 1.000000000000000000e+00 0.000000000000000000e+00 0.000000000000000000e+00 0.000000000000000000e+00
1.800000000000000000e+01 7.200110110143986830e-03 0.000000000000000000e+00 1.000000000000000000e+00 0.000000000000000000e+00 0.000000000000000000e+00 0.000000000000000000e+00
2.100000000000000000e+01 8.400128461834688309e-03 0.000000000000000000e+00 1.000000000000000000e+00 0.000000000000000000e+00 0.000000000000000000e+00 0.000000000000000000e+00
2.400000000000000000e+01 9.600146813525389788e-03 0.000000000000000000e+00 1.000000000000000000e+00 0.000000000000000000e+00 0.000000000000000000e+00 0.000000000000000000e+00
2.700000000000000000e+01 1.080016516521609127e-02 0.000000000000000000e+00 1.000000000000000000e+00 0.000000000000000000e+00 0.000000000000000000e+00 0.000000000000000000e+00
3.000000000000000000e+01 1.200018351690657070e-02 0.000000000000000000e+00 1.000000000000000000e+00 0.000000000000000000e+00 0.000000000000000000e+00 0.000000000000000000e+00
3.300000000000000000e+01 1.320020186859727218e-02 0.000000000000000000e+00 1.000000000000000000e+00 0.000000000000000000e+00 0.000000000000000000e+00 0.000000000000000000e+00
3.600000000000000000e+01 1.440022022028797366e-02 0.000000000000000000e+00 1.000000000000000000e+00 0.000000000000000000e+00 0.000000000000000000e+00 0.000000000000000000e+00
3.900000000000000000e+01 1.560023857197867514e-02 0.000000000000000000e+00 1.000000000000000000e+00 0.000000000000000000e+00 0.000000000000000000e+00 0.000000000000000000e+00
4.200000000000000000e+01 1.680025692366937662e-02 0.000000000000000000e+00 1.000000000000000000e+00 0.000000000000000000e+00 0.000000000000000000e+00 0.000000000000000000e+00
4.500000000000000000e+01 1.800027527536007810e-02 0.000000000000000000e+00 1.000000000000000000e+00 0.000000000000000000e+00 0.000000000000000000e+00 0.000000000000000000e+00
4.800000000000000000e+01 1.920029362705077958e-02 0.000000000000000000e+00 1.000000000000000000e+00 0.000000000000000000e+00 0.000000000000000000e+00 0.000000000000000000e+00
5.100000000000000000e+01 2.040031197874125901e-02 0.000000000000000000e+00 1.000000000000000000e+00 0.000000000000000000e+00 0.000000000000000000e+00 0.000000000000000000e+00
5.400000000000000000e+01 2.160033033043196049e-02 0.000000000000000000e+00 1.000000000000000000e+00 0.000000000000000000e+00 0.000000000000000000e+00 0.000000000000000000e+00
5.700000000000000000e+01 2.280034868212266197e-02 0.000000000000000000e+00 1.000000000000000000e+00 0.000000000000000000e+00 0.000000000000000000e+00 0.000000000000000000e+00
6.000000000000000000e+01 2.400036703381336345e-02 0.000000000000000000e+00 1.000000000000000000e+00 0.000000000000000000e+00 0.000000000000000000e+00 0.000000000000000000e+00
6.300000000000000000e+01 2.520038538550406493e-02 0.000000000000000000e+00 1.000000000000000000e+00 0.000000000000000000e+00 0.000000000000000000e+00 0.000000000000000000e+00
6.600000000000000000e+01 2.640040373719476641e-02 0.000000000000000000e+00 1.000000000000000000e+00 0.000000000000000000e+00 0.000000000000000000e+00 0.000000000000000000e+00
6.900000000000000000e+01 2.760042208888524584e-02 0.000000000000000000e+00 1.000000000000000000e+00 0.000000000000000000e+00 0.000000000000000000e+00 0.000000000000000000e+00
7.200000000000000000e+01 2.880044044057594732e-02 0.000000000000000000e+00 1.000000000000000000e+00 0.000000000000000000e+00 0.000000000000000000e+00 0.000000000000000000e+00
7.500000000000000000e+01 3.000045879226664880e-02 0.000000000000000000e+00 1.000000000000000000e+00 0.000000000000000000e+00 0.000000000000000000e+00 0.000000000000000000e+00
7.800000000000000000e+01 3.120047714395735028e-02 0.000000000000000000e+00 1.000000000000000000e+00 0.000000000000000000e+00 0.000000000000000000e+00 0.000000000000000000e+00
8.100000000000000000e+01 3.240049549564805176e-02 0.000000000000000000e+00 1.000000000000000000e+00 0.000000000000000000e+00 0.000000000000000000e+00 0.000000000000000000e+00
8.400000000000000000e+01 3.360051384733875324e-02 0.000000000000000000e+00 1.000000000000000000e+00 0.000000000000000000e+00 0.000000000000000000e+00 0.000000000000000000e+00
8.700000000000000000e+01 3.480053219902945472e-02 0.000000000000000000e+00 1.000000000000000000e+00 0.000000000000000000e+00 0.000000000000000000e+00 0.000000000000000000e+00
9.000000000000000000e+01 3.600055055071993415e-02 0.000000000000000000e+00 1.000000000000000000e+00 0.000000000000000000e+00 0.000000000000000000e+00 0.000000000000000000e+00
9.300000000000000000e+01 3.720056890241063563e-02 0.000000000000000000e+00 1.000000000000000000e+00 0.000000000000000000e+00 0.000000000000000000e+00 0.000000000000000000e+00
9.600000000000000000e+01 3.840058725410133711e-02 0.000000000000000000e+00 1.000000000000000000e+00 0.000000000000000000e+00 0.000000000000000000e+00 0.000000000000000000e+00
9.900000000000000000e+01 3.960060560579203859e-02 0.000000000000000000e+00 1.000000000000000000e+00 0.000000000000000000e+00 0.000000000000000000e+00 0.000000000000000000e+00
1.020000000000000000e+02 4.080062395748274007e-02 0.000000000000000000e+00 1.000000000000000000e+00 0.000000000000000000e+00 0.000000000000000000e+00 0.000000000000000000e+00
1.050000000000000000e+02 4.200064230917344155e-02 0.000000000000000000e+00 1.000000000000000000e+00 0.000000000000000000e+00 0.000000000000000000e+00 0.000000000000000000e+00
1.080000000000000000e+02 4.320066066086392098e-02 0.000000000000000000e+00 1.000000000000000000e+00 0.000000000000000000e+00 0.000000000000000000e+00 0.000000000000000000e+00
1.110000000000000000e+02 4.440067901255462246e-02 0.000000000000000000e+00 1.000000000000000000e+00 0.000000000000000000e+00 0.000000000000000000e+00 0.000000000000000000e+00
1.140000000000000000e+02 4.560069736424532394e-02 0.000000000000000000e+00 1.000000000000000000e+00 0.000000000000000000e+00 0.000000000000000000e+00 0.000000000000000000e+00
1.170000000000000000e+02 4.680071571593602542e-02 0.000000000000000000e+00 1.000000000000000000e+00 0.000000000000000000e+00 0.000000000000000000e+00 0.000000000000000000e+00
1.200000000000000000e+02 4.800073406762672690e-02 0.000000000000000000e+00 1.000000000000000000e+00 0.000000000000000000e+00 0.000000000000000000e+00 0.000000000000000000e+00
1.230000000000000000e+02 4.920075241931742838e-02 0.000000000000000000e+00 1.000000000000000000e+00 0.000000000000000000e+00 0.000000000000000000e+00 0.000000000000000000e+00
1.260000000000000000e+02 5.040077077100812986e-02 0.000000000000000000e+00 1.000000000000000000e+00 0.000000000000000000e+00 0.000000000000000000e+00 0.000000000000000000e+00
1.290000000000000000e+02 5.160078912269860929e-02 0.000000000000000000e+00 1.000000000000000000e+00 0.000000000000000000e+00 0.000000000000000000e+00 0.000000000000000000e+00
1.320000000000000000e+02 5.280080747438931077e-02 0.000000000000000000e+00 1.000000000000000000e+00 0.000000000000000000e+00 0.000000000000000000e+00 0.000000000000000000e+00
1.350000000000000000e+02 5.400082582608001225e-02 0.000000000000000000e+00 1.000000000000000000e+00 0.000000000000000000e+00 0.000000000000000000e+00 0.000000000000000000e+00
1.380000000000000000e+02 5.520084417777071373e-02 0.000000000000000000e+00 1.000000000000000000e+00 0.000000000000000000e+00 0.000000000000000000e+00 0.000000000000000000e+00
1.410000000000000000e+02 5.640086252946141521e-02 0.000000000000000000e+00 1.000000000000000000e+00 0.000000000000000000e+00 0.000000000000000000e+00 0.000000000000000000e+00
1.440000000000000000e+02 5.760088088115211669e-02 0.000000000000000000e+00 1.000000000000000000e+00 0.000000000000000000e+00 0.000000000000000000e+00 0.000000000000000000e+00
1.470000000000000000e+02 5.880089923284259612e-02 0.000000000000000000e+00 1.000000000000000000e+00 0.000000000000000000e+00 0.000000000000000000e+00 0.000000000000000000e+00
1.500000000000000000e+02 6.000091758453329760e-02 0.000000000000000000e+00 1.000000000000000000e+00 0.000000000000000000e+00 0.000000000000000000e+00 0.000000000000000000e+00
1.530000000000000000e+02 6.120093593622399908e-02 0.000000000000000000e+00 1.000000000000000000e+00 0.000000000000000000e+00 0.000000000000000000e+00 0.000000000000000000e+00
1.560000000000000000e+02 6.240095428791470056e-02 0.000000000000000000e+00 1.000000000000000000e+00 0.000000000000000000e+00 0.000000000000000000e+00 0.000000000000000000e+00
1.590000000000000000e+02 6.360097263960540204e-02 0.000000000000000000e+00 1.000000000000000000e+00 0.000000000000000000e+00 0.000000000000000000e+00 0.000000000000000000e+00
1.620000000000000000e+02 6.480099099129610352e-02 0.000000000000000000e+00 1.000000000000000000e+00 0.000000000000000000e+00 0.000000000000000000e+00 0.000000000000000000e+00
1.650000000000000000e+02 6.600100934298680500e-02 0.000000000000000000e+00 1.000000000000000000e+00 0.000000000000000000e+00 0.000000000000000000e+00 0.000000000000000000e+00
1.680000000000000000e+02 6.720102769467728443e-02 0.000000000000000000e+00 1.000000000000000000e+00 0.000000000000000000e+00 0.000000000000000000e+00 0.000000000000000000e+00
1.710000000000000000e+02 6.840104604636798591e-02 0.000000000000000000e+00 1.000000000000000000e+00 0.000000000000000000e+00 0.000000000000000000e+00 0.000000000000000000e+00
1.740000000000000000e+02 6.960106439805868739e-02 0.000000000000000000e+00 1.000000000000000000e+00 0.000000000000000000e+00 0.000000000000000000e+00 0.000000000000000000e+00
1.770000000000000000e+02 7.080108274974938887e-02 0.000000000000000000e+00 1.000000000000000000e+00 0.000000000000000000e+00 0.000000000000000000e+00 0.000000000000000000e+00
1.800000000000000000e+02 7.200110110144009035e-02 0.000000000000000000e+00 1.000000000000000000e+00 0.000000000000000000e+00 0.000000000000000000e+00 0.000000000000000000e+00
1.830000000000000000e+02 7.320111945313079183e-02 0.000000000000000000e+00 1.000000000000000000e+00 0.000000000000000000e+00 0.000000000000000000e+00 0.000000000000000000e+00
1.860000000000000000e+02 7.440113780482127126e-02 0.000000000000000000e+00 1.000000000000000000e+00 0.000000000000000000e+00 0.000000000000000000e+00 0.000000000000000000e+00
1.890000000000000000e+02 7.560115615651197274e-02 0.000000000000000000e+00 1.000000000000000000e+00 0.000000000000000000e+00 0.000000000000000000e+00 0.000000000000000000e+00
1.920000000000000000e+02 7.680117450820267422e-02 0.000000000000000000e+00 1.000000000000000000e+00 0.000000000000000000e+00 0.000000000000000000e+00 0.000000000000000000e+00
1.950000000000000000e+02 7.800119285989337570e-02 0.000000000000000000e+00 1.000000000000000000e+00 0.000000000000000000e+00 0.000000000000000000e+00 0.000000000000000000e+00
1.980000000000000000e+02 7.920121121158407718e-02 0.000000000000000000e+00 1.000000000000000000e+00 0.000000000000000000e+00 0.000000000000000000e+00 0.000000000000000000e+00
2.010000000000000000e+02 8.040122956327477866e-02 0.000000000000000000e+00 1.000000000000000000e+00 0.000000000000000000e+00 0.000000000000000000e+00 0.000000000000000000e+00
2.040000000000000000e+02 8.160124791496525809e-02 0.000000000000000000e+00 1.000000000000000000e+00 0.000000000000000000e+00 0.000000000000000000e+00 0.000000000000000000e+00
2.070000000000000000e+02 8.280126626665595957e-02 0.000000000000000000e+00 1.000000000000000000e+00 0.000000000000000000e+00 0.000000000000000000e+00 0.000000000000000000e+00
2.100000000000000000e+02 8.400128461834666105e-02 0.000000000000000000e+00 1.000000000000000000e+00 0.000000000000000000e+00 0.000000000000000000e+00 0.000000000000000000e+00
2.130000000000000000e+02 8.520130297003736253e-02 0.000000000000000000e+00 1.000000000000000000e+00 0.000000000000000000e+00 0.000000000000000000e+00 0.000000000000000000e+00
2.160000000000000000e+02 8.640132132172806401e-02 0.000000000000000000e+00 1.000000000000000000e+00 0.000000000000000000e+00 0.000000000000000000e+00 0.000000000000000000e+00
2.190000000000000000e+02 8.760133967341876549e-02 0.000000000000000000e+00 1.000000000000000000e+00 0.000000000000000000e+00 0.000000000000000000e+00 0.000000000000000000e+00
2.220000000000000000e+02 8.880135802510946696e-02 1.137915339098771066e-04 9.998862084660901095e-01 0.000000000000000000e+00 0.000000000000000000e+00 0.000000000000000000e+00
2.250000000000000000e+02 9.000137637679994640e-02 4.551661356395084266e-04 9.995448338643604380e-01 0.000000000000000000e+00 0.000000000000000000e+00 0.000000000000000000e+00
2.280000000000000000e+02 9.120139472849064788e-02 4.551661356395084266e-04 9.995448338643604380e-01 0.000000000000000000e+00 0.000000000000000000e+00 0.000000000000000000e+00
2.310000000000000000e+02 9.240141308018134936e-02 0.000000000000000000e+00 1.000000000000000000e+00 0.000000000000000000e+00 0.000000000000000000e+00 0.000000000000000000e+00
2.340000000000000000e+02 9.360143143187205084e-02 1.137915339098771066e-04 9.998862084660901095e-01 0.000000000000000000e+00 0.000000000000000000e+00 0.000000000000000000e+00
2.370000000000000000e+02 9.480144978356275232e-02 2.275830678197542133e-04 9.997724169321802190e-01 0.000000000000000000e+00 0.000000000000000000e+00 0.000000000000000000e+00
2.400000000000000000e+02 9.600146813525345380e-02 0.000000000000000000e+00 1.000000000000000000e+00 0.000000000000000000e+00 0.000000000000000000e+00 0.000000000000000000e+00
2.430000000000000000e+02 9.720148648694393323e-02 4.551661356395084266e-04 9.995448338643604380e-01 0.000000000000000000e+00 0.000000000000000000e+00 0.000000000000000000e+00
2.460000000000000000e+02 9.840150483863463471e-02 5.689576695493854790e-04 9.994310423304506585e-01 0.000000000000000000e+00 0.000000000000000000e+00 0.000000000000000000e+00
2.490000000000000000e+02 9.960152319032533619e-02 3.413746017296313199e-04 9.995448338643604380e-01 0.000000000000000000e+00 1.137915339098771066e-04 0.000000000000000000e+00
2.520000000000000000e+02 1.008015415420160377e-01 0.000000000000000000e+00 9.998862084660901095e-01 0.000000000000000000e+00 1.137915339098771066e-04 0.000000000000000000e+00
2.550000000000000000e+02 1.020015598937067391e-01 3.413746017296313199e-04 9.996586253982703285e-01 0.000000000000000000e+00 0.000000000000000000e+00 0.000000000000000000e+00
2.580000000000000000e+02 1.032015782453974406e-01 6.827492034592626399e-04 9.993172507965407680e-01 0.000000000000000000e+00 0.000000000000000000e+00 0.000000000000000000e+00
2.610000000000000000e+02 1.044015965970881421e-01 6.827492034592626399e-04 9.992034592626308775e-01 0.000000000000000000e+00 1.137915339098771066e-04 0.000000000000000000e+00
2.640000000000000000e+02 1.056016149487786215e-01 1.024123805188893906e-03 9.987482931269913156e-01 0.000000000000000000e+00 2.275830678197542133e-04 0.000000000000000000e+00
2.670000000000000000e+02 1.068016333004693230e-01 1.820664542558033706e-03 9.980655439235320836e-01 0.000000000000000000e+00 1.137915339098771066e-04 0.000000000000000000e+00
2.700000000000000000e+02 1.080016516521600245e-01 1.479289940828402332e-03 9.985207100591716456e-01 0.000000000000000000e+00 0.000000000000000000e+00 0.000000000000000000e+00
2.730000000000000000e+02 1.092016700038507260e-01 1.251706873008648227e-03 9.987482931269913156e-01 0.000000000000000000e+00 0.000000000000000000e+00 0.000000000000000000e+00
2.760000000000000000e+02 1.104016883555414275e-01 1.024123805188893906e-03 9.989758761948110966e-01 0.000000000000000000e+00 0.000000000000000000e+00 0.000000000000000000e+00
2.790000000000000000e+02 1.116017067072321289e-01 1.365498406918525280e-03 9.986345015930814251e-01 0.000000000000000000e+00 0.000000000000000000e+00 0.000000000000000000e+00
2.820000000000000000e+02 1.128017250589226084e-01 1.593081474738279385e-03 9.984069185252617551e-01 0.000000000000000000e+00 0.000000000000000000e+00 0.000000000000000000e+00
2.850000000000000000e+02 1.140017434106133098e-01 1.137915339098770958e-03 9.987482931269913156e-01 0.000000000000000000e+00 1.137915339098771066e-04 0.000000000000000000e+00
2.880000000000000000e+02 1.152017617623040113e-01 2.162039144287664864e-03 9.978379608557123026e-01 0.000000000000000000e+00 0.000000000000000000e+00 0.000000000000000000e+00
2.910000000000000000e+02 1.164017801139947128e-01 2.730996813837050560e-03 9.972690031861629611e-01 0.000000000000000000e+00 0.000000000000000000e+00 0.000000000000000000e+00
2.940000000000000000e+02 1.176017984656854143e-01 1.934456076467910759e-03 9.977241693218024121e-01 0.000000000000000000e+00 3.413746017296313199e-04 0.000000000000000000e+00
2.970000000000000000e+02 1.188018168173761158e-01 3.299954483386436255e-03 9.964724624487938387e-01 0.000000000000000000e+00 2.275830678197542133e-04 0.000000000000000000e+00
3.000000000000000000e+02 1.200018351690668172e-01 4.437869822485207214e-03 9.955621301775148257e-01 0.000000000000000000e+00 0.000000000000000000e+00 0.000000000000000000e+00
3.030000000000000000e+02 1.212018535207572967e-01 3.982703686845699004e-03 9.960172963131542767e-01 0.000000000000000000e+00 0.000000000000000000e+00 0.000000000000000000e+00
3.060000000000000000e+02 1.224018718724479982e-01 3.868912152935821518e-03 9.961310878470641672e-01 0.000000000000000000e+00 0.000000000000000000e+00 0.000000000000000000e+00
3.090000000000000000e+02 1.236018902241386996e-01 4.210286754665453109e-03 9.955621301775148257e-01 0.000000000000000000e+00 2.275830678197542133e-04 0.000000000000000000e+00
3.120000000000000000e+02 1.248019085758294011e-01 7.168866636322257339e-03 9.927173418297678964e-01 0.000000000000000000e+00 1.137915339098771066e-04 0.000000000000000000e+00
3.150000000000000000e+02 1.260019269275201026e-01 1.240327719617660522e-02 9.873691397360035982e-01 0.000000000000000000e+00 2.275830678197542133e-04 0.000000000000000000e+00
3.180000000000000000e+02 1.272019452792108041e-01 1.183431952662721866e-02 9.880518889394629412e-01 0.000000000000000000e+00 1.137915339098771066e-04 0.000000000000000000e+00
3.210000000000000000e+02 1.284019636309012835e-01 1.342740100136549826e-02 9.860036413290851343e-01 0.000000000000000000e+00 5.689576695493854790e-04 0.000000000000000000e+00
3.240000000000000000e+02 1.296019819825919850e-01 1.365498406918525323e-02 9.857760582612653533e-01 0.000000000000000000e+00 5.689576695493854790e-04 0.000000000000000000e+00
3.270000000000000000e+02 1.308020003342826865e-01 1.433773327264451468e-02 9.855484751934455723e-01 0.000000000000000000e+00 1.137915339098771066e-04 0.000000000000000000e+00
3.300000000000000000e+02 1.320020186859733879e-01 1.661356395084205573e-02 9.831588529813382049e-01 0.000000000000000000e+00 2.275830678197542133e-04 0.000000000000000000e+00
3.330000000000000000e+02 1.332020370376640894e-01 2.218934911242603433e-02 9.772416932180245652e-01 0.000000000000000000e+00 5.689576695493854790e-04 0.000000000000000000e+00
3.360000000000000000e+02 1.344020553893547909e-01 2.207555757851615771e-02 9.769003186162948937e-01 0.000000000000000000e+00 1.024123805188893906e-03 0.000000000000000000e+00
3.390000000000000000e+02 1.356020737410454924e-01 2.401001365498407064e-02 9.755348202093764298e-01 0.000000000000000000e+00 4.551661356395084266e-04 0.000000000000000000e+00
3.420000000000000000e+02 1.368020920927359718e-01 2.924442421483841592e-02 9.701866181156122426e-01 0.000000000000000000e+00 5.689576695493854790e-04 0.000000000000000000e+00
3.450000000000000000e+02 1.380021104444266733e-01 3.561675011379153433e-02 9.637005006827491504e-01 0.000000000000000000e+00 6.827492034592626399e-04 0.000000000000000000e+00
3.480000000000000000e+02 1.392021287961173748e-01 4.119253527537550946e-02 9.564178425125170468e-01 0.000000000000000000e+00 2.389622212107419402e-03 0.000000000000000000e+00
3.510000000000000000e+02 1.404021471478080763e-01 4.551661356395084179e-02 9.519799726900318726e-01 0.000000000000000000e+00 2.503413746017296455e-03 0.000000000000000000e+00
3.540000000000000000e+02 1.416021654994987777e-01 5.097860719162494031e-02 9.456076467910787819e-01 0.000000000000000000e+00 3.413746017296313308e-03 0.000000000000000000e+00
3.570000000000000000e+02 1.428021838511894792e-01 5.575785161583977911e-02 9.403732362312243742e-01 0.000000000000000000e+00 3.868912152935821518e-03 0.000000000000000000e+00
3.600000000000000000e+02 1.440022022028799586e-01 6.383705052344106068e-02 9.318388711879835862e-01 0.000000000000000000e+00 4.324078288575329727e-03 0.000000000000000000e+00
3.630000000000000000e+02 1.452022205545706601e-01 7.715065999089668058e-02 9.170459717796995980e-01 0.000000000000000000e+00 5.803368229403732710e-03 0.000000000000000000e+00
3.660000000000000000e+02 1.464022389062613616e-01 9.421939007737824279e-02 8.982703686845698865e-01 0.000000000000000000e+00 7.510241238051888930e-03 0.000000000000000000e+00
3.690000000000000000e+02 1.476022572579520631e-01 1.073054164770141095e-01 8.834774692762858983e-01 0.000000000000000000e+00 9.217114246700046018e-03 0.000000000000000000e+00
3.720000000000000000e+02 1.488022756096427646e-01 1.217569412835685094e-01 8.668639053254437732e-01 0.000000000000000000e+00 1.137915339098771045e-02 0.000000000000000000e+00
3.750000000000000000e+02 1.500022939613334660e-01 1.415566681838871244e-01 8.447883477469276814e-01 0.000000000000000000e+00 1.365498406918525323e-02 0.000000000000000000e+00
3.780000000000000000e+02 1.512023123130241675e-01 1.693218024578971304e-01 8.116750113791534327e-01 0.000000000000000000e+00 1.900318616294947513e-02 0.000000000000000000e+00
3.810000000000000000e+02 1.524023306647146470e-01 2.047109695038689114e-01 7.726445152480655443e-01 0.000000000000000000e+00 2.264451524806554428e-02 0.000000000000000000e+00
3.840000000000000000e+02 1.536023490164053484e-01 2.401001365498406925e-01 7.323623122439690825e-01 0.000000000000000000e+00 2.753755120619025970e-02 0.000000000000000000e+00
3.870000000000000000e+02 1.548023673680960499e-01 2.819754210286754548e-01 6.817250796540736957e-01 0.000000000000000000e+00 3.629949931725079404e-02 0.000000000000000000e+00
3.900000000000000000e+02 1.560023857197867514e-01 3.178197542102867423e-01 6.371187983614019501e-01 0.000000000000000000e+00 4.506144742831133532e-02 0.000000000000000000e+00
3.930000000000000000e+02 1.572024040714774529e-01 3.651570323167956378e-01 5.785161583978152278e-01 0.000000000000000000e+00 5.632680928538916915e-02 0.000000000000000000e+00
3.960000000000000000e+02 1.584024224231681544e-01 4.149977241693217911e-01 5.171825216203914666e-01 0.000000000000000000e+00 6.781975421028675621e-02 0.000000000000000000e+00
3.990000000000000000e+02 1.596024407748586338e-01 4.689349112426035582e-01 4.508420573509330787e-01 0.000000000000000000e+00 8.022303140646336317e-02 0.000000000000000000e+00
4.020000000000000000e+02 1.608024591265493353e-01 5.153618570778334407e-01 3.871187983614018946e-01 0.000000000000000000e+00 9.751934456076467861e-02 0.000000000000000000e+00
4.050000000000000000e+02 1.620024774782400367e-01 5.664542558033682784e-01 3.236231224396904915e-01 0.000000000000000000e+00 1.099226217569412856e-01 0.000000000000000000e+00
4.080000000000000000e+02 1.632024958299307382e-01 6.060537096040055083e-01 2.670687300864815761e-01 1.137915339098771066e-04 1.267637687756031084e-01 0.000000000000000000e+00
4.110000000000000000e+02 1.644025141816214397e-01 6.385980883022303045e-01 2.206417842512516936e-01 2.275830678197542133e-04 1.405325443786982209e-01 0.000000000000000000e+00
4.140000000000000000e+02 1.656025325333121412e-01 6.675011379153390489e-01 1.761492944924897552e-01 2.275830678197542133e-04 1.561219845243513871e-01 0.000000000000000000e+00
4.170000000000000000e+02 1.668025508850028427e-01 6.917387346381429492e-01 1.396222121074192080e-01 5.689576695493854790e-04 1.680700955848884737e-01 0.000000000000000000e+00
4.200000000000000000e+02 1.680025692366933221e-01 7.078971324533455123e-01 1.107191624943104219e-01 7.965407373691396923e-04 1.805871643149749572e-01 0.000000000000000000e+00
4.230000000000000000e+02 1.692025875883840236e-01 7.182521620391443262e-01 8.784706417842512438e-02 1.593081474738279385e-03 1.923076923076923184e-01 0.000000000000000000e+00
4.260000000000000000e+02 1.704026059400747251e-01 7.261037778789257713e-01 6.793354574419663283e-02 2.389622212107419402e-03 2.035730541647701453e-01 0.000000000000000000e+00
4.290000000000000000e+02 1.716026242917654265e-01 7.270141101502047842e-01 5.370960400546199304e-02 1.934456076467910759e-03 2.173418297678652578e-01 0.000000000000000000e+00
4.320000000000000000e+02 1.728026426434561280e-01 7.315657715065999600e-01 4.221665908056440597e-02 2.275830678197541916e-03 2.239417387346381294e-01 0.000000000000000000e+00
4.350000000000000000e+02 1.740026609951468295e-01 7.366863905325443662e-01 3.345471096950387163e-02 3.186162949476558769e-03 2.266727355484751960e-01 0.000000000000000000e+00
4.380000000000000000e+02 1.752026793468373089e-01 7.397587619481110766e-01 2.981338188438780248e-02 4.779244424214838804e-03 2.256486117432862926e-01 0.000000000000000000e+00
4.410000000000000000e+02 1.764026976985280104e-01 7.380518889394629412e-01 2.492034592626308706e-02 5.006827492034592909e-03 2.320209376422394110e-01 0.000000000000000000e+00
4.440000000000000000e+02 1.776027160502187119e-01 7.423759672280382249e-01 2.196176604460628110e-02 5.461993627674101119e-03 2.302002730996813851e-01 0.000000000000000000e+00
4.470000000000000000e+02 1.788027344019094134e-01 7.465862539827037292e-01 1.957214383249886169e-02 5.575785161583977738e-03 2.282658170232134687e-01 0.000000000000000000e+00
4.500000000000000000e+02 1.800027527536001148e-01 7.463586709148839482e-01 1.763768775603095224e-02 6.258534365043240920e-03 2.297451069640418786e-01 0.000000000000000000e+00
4.530000000000000000e+02 1.812027711052908163e-01 7.464724624487938387e-01 1.763768775603095224e-02 8.079198907601274626e-03 2.278106508875739622e-01 0.000000000000000000e+00
4.560000000000000000e+02 1.824027894569815178e-01 7.465862539827037292e-01 1.752389622212107562e-02 8.420573509330906217e-03 2.274692762858443462e-01 0.000000000000000000e+00
4.590000000000000000e+02 1.836028078086719972e-01 7.429449248975875664e-01 1.820664542558033533e-02 9.444697314519799256e-03 2.294037323623122349e-01 0.000000000000000000e+00
4.620000000000000000e+02 1.848028261603626987e-01 7.418070095584888834e-01 1.809285389167045871e-02 1.046882111970869403e-02 2.296313154301319881e-01 0.000000000000000000e+00
4.650000000000000000e+02 1.860028445120534002e-01 7.437414656349567998e-01 1.888939462903959851e-02 1.331360946745562164e-02 2.240555302685480199e-01 0.000000000000000000e+00
4.680000000000000000e+02 1.872028628637441017e-01 7.432862994993172379e-01 2.048247610377787811e-02 1.615839781520254925e-02 2.200728265817023244e-01 0.000000000000000000e+00
4.710000000000000000e+02 1.884028812154348032e-01 7.469276285844332897e-01 2.071005917159763482e-02 1.786527082385070547e-02 2.144970414201183562e-01 0.000000000000000000e+00
4.740000000000000000e+02 1.896028995671255046e-01 7.464724624487938387e-01 2.218934911242603433e-02 2.014110150204824826e-02 2.111970869367319203e-01 0.000000000000000000e+00
4.770000000000000000e+02 1.908029179188159841e-01 7.496586253982703285e-01 2.332726445152480746e-02 2.196176604460628110e-02 2.050523441055985552e-01 0.000000000000000000e+00
4.800000000000000000e+02 1.920029362705066855e-01 7.535275375512061613e-01 2.526172052799271692e-02 2.401001365498407064e-02 1.972007282658170269e-01 0.000000000000000000e+00
4.830000000000000000e+02 1.932029546221973870e-01 7.553482020937641872e-01 2.594446973145198010e-02 2.605826126536185672e-02 1.926490669094219343e-01 0.000000000000000000e+00
4.860000000000000000e+02 1.944029729738880885e-01 7.561447428311333097e-01 2.617205279927173334e-02 2.719617660446062984e-02 1.904870277651342647e-01 0.000000000000000000e+00
4.890000000000000000e+02 1.956029913255787900e-01 7.546654528903049552e-01 2.787892580791988956e-02 2.901684114701866268e-02 1.884387801547564856e-01 0.000000000000000000e+00
4.920000000000000000e+02 1.968030096772694915e-01 7.529585798816568198e-01 2.992717341829767910e-02 3.117888029130632538e-02 1.859353664087392000e-01 0.000000000000000000e+00
4.950000000000000000e+02 1.980030280289601929e-01 7.543240782885752838e-01 2.924442421483841592e-02 3.368229403732362487e-02 1.827492034592626269e-01 0.000000000000000000e+00
4.980000000000000000e+02 1.992030463806506724e-01 7.560309512972235302e-01 3.060992262175694228e-02 3.493400091033227461e-02 1.784251251706872876e-01 0.000000000000000000e+00
5.010000000000000000e+02 2.004030647323413739e-01 7.602412380518889234e-01 3.038233955393718558e-02 3.607191624943104080e-02 1.733045061447428259e-01 0.000000000000000000e+00
5.040000000000000000e+02 2.016030830840320753e-01 7.624032771961766208e-01 2.969959035047792587e-02 3.903049613108784677e-02 1.688666363222576239e-01 0.000000000000000000e+00
5.070000000000000000e+02 2.028031014357227768e-01 7.680928538916704795e-01 2.969959035047792587e-02 4.267182521620391245e-02 1.595357305416477134e-01 0.000000000000000000e+00
5.100000000000000000e+02 2.040031197874134783e-01 7.711652253072371899e-01 3.072371415566681890e-02 4.494765589440145870e-02 1.531634046426945950e-01 0.000000000000000000e+00
5.130000000000000000e+02 2.052031381391041798e-01 7.760582612653618151e-01 3.072371415566681890e-02 4.654073736913973830e-02 1.466772872098315861e-01 0.000000000000000000e+00
5.160000000000000000e+02 2.064031564907946592e-01 7.777651342740100615e-01 3.208921256258534527e-02 5.006827492034592736e-02 1.400773782430587144e-01 0.000000000000000000e+00
5.190000000000000000e+02 2.076031748424853607e-01 7.817478379608556738e-01 3.106508875739644876e-02 5.086481565771506369e-02 1.363222576240327721e-01 0.000000000000000000e+00
5.220000000000000000e+02 2.088031931941760622e-01 7.860719162494310686e-01 3.197542102867546865e-02 5.268548020027309653e-02 1.292671825216203940e-01 0.000000000000000000e+00
5.250000000000000000e+02 2.100032115458667636e-01 7.902822030040964618e-01 3.277196176604460498e-02 5.314064633591260994e-02 1.238051888939462886e-01 0.000000000000000000e+00
5.280000000000000000e+02 2.112032298975574651e-01 7.961993627674101015e-01 3.368229403732362487e-02 5.325443786982248656e-02 1.168639053254437871e-01 0.000000000000000000e+00
5.310000000000000000e+02 2.124032482492481666e-01 7.934683659535730627e-01 3.493400091033227461e-02 5.473372781065088954e-02 1.168639053254437871e-01 0.000000000000000000e+00
5.340000000000000000e+02 2.136032666009386460e-01 7.916477014110150368e-01 3.664087391898043083e-02 5.609922621756941591e-02 1.156121984524351443e-01 0.000000000000000000e+00
5.370000000000000000e+02 2.148032849526293475e-01 7.926718252162039402e-01 3.698224852071006069e-02 5.507510241238051940e-02 1.152708238507055144e-01 0.000000000000000000e+00
5.400000000000000000e+02 2.160033033043200490e-01 7.991579426490669213e-01 3.789258079198907364e-02 5.530268548020027264e-02 1.076467910787437393e-01 0.000000000000000000e+00
5.430000000000000000e+02 2.172033216560107505e-01 7.993855257168867023e-01 3.698224852071006069e-02 5.780609922621757213e-02 1.058261265361857134e-01 0.000000000000000000e+00
5.460000000000000000e+02 2.184033400077014520e-01 8.026854802002730827e-01 3.743741465634956717e-02 5.735093309057805872e-02 1.025261720527992776e-01 0.000000000000000000e+00
5.490000000000000000e+02 2.196033583593921534e-01 8.056440600819299025e-01 4.050978607191624975e-02 5.621301775147929253e-02 9.763313609467455523e-02 0.000000000000000000e+00
5.520000000000000000e+02 2.208033767110828549e-01 8.095129722348657353e-01 4.096495220755575623e-02 5.609922621756941591e-02 9.342284934000910646e-02 0.000000000000000000e+00
5.550000000000000000e+02 2.220033950627733343e-01 8.119025944469731026e-01 4.210286754665452935e-02 5.632680928538916915e-02 8.966772872098316416e-02 0.000000000000000000e+00
5.580000000000000000e+02 2.232034134144640358e-01 8.134956759217114586e-01 4.107874374146563284e-02 5.974055530268548159e-02 8.568502503413745475e-02 0.000000000000000000e+00
5.610000000000000000e+02 2.244034317661547373e-01 8.164542558033682784e-01 4.119253527537550946e-02 5.962676376877560497e-02 8.272644515248064878e-02 0.000000000000000000e+00
5.640000000000000000e+02 2.256034501178454388e-01 8.108784706417841992e-01 4.267182521620391245e-02 6.099226217569413133e-02 8.545744196631770151e-02 0.000000000000000000e+00
5.670000000000000000e+02 2.268034684695361403e-01 8.155439235320892655e-01 4.164770141101502288e-02 6.019572143832498806e-02 8.261265361857077216e-02 0.000000000000000000e+00
5.700000000000000000e+02 2.280034868212268417e-01 8.157715065999089354e-01 4.164770141101502288e-02 6.167501137915339104e-02 8.090578060992262288e-02 0.000000000000000000e+00
5.730000000000000000e+02 2.292035051729173212e-01 8.162266727355484974e-01 4.221665908056440597e-02 6.087847064178425471e-02 8.067819754210286964e-02 0.000000000000000000e+00
5.760000000000000000e+02 2.304035235246080227e-01 8.182749203459263043e-01 4.050978607191624975e-02 6.326809285389166371e-02 7.794720072826581692e-02 0.000000000000000000e+00
5.790000000000000000e+02 2.316035418762987241e-01 8.167956304050978389e-01 4.130632680928538608e-02 6.372325898953118406e-02 7.817478379608557015e-02 0.000000000000000000e+00
5.820000000000000000e+02 2.328035602279894256e-01 8.222576240327719166e-01 3.903049613108784677e-02 6.338188438780155420e-02 7.532999544833864081e-02 0.000000000000000000e+00
5.850000000000000000e+02 2.340035785796801271e-01 8.255575785161584079e-01 3.823395539371871044e-02 6.349567592171143082e-02 7.271279016841146470e-02 0.000000000000000000e+00
5.880000000000000000e+02 2.352035969313708286e-01 8.255575785161584079e-01 3.823395539371871044e-02 6.304050978607191047e-02 7.316795630405098505e-02 0.000000000000000000e+00
5.910000000000000000e+02 2.364036152830615301e-01 8.252162039144287364e-01 4.210286754665452935e-02 6.304050978607191047e-02 6.964041875284478211e-02 0.000000000000000000e+00
5.940000000000000000e+02 2.376036336347520095e-01 8.254437869822485174e-01 4.426490669094219205e-02 6.486117432862995025e-02 6.543013199817933334e-02 0.000000000000000000e+00
5.970000000000000000e+02 2.388036519864427110e-01 8.257851615839781889e-01 4.574419663177059503e-02 6.326809285389166371e-02 6.520254893035958010e-02 0.000000000000000000e+00
6.000000000000000000e+02 2.400036703381334124e-01 8.254437869822485174e-01 4.767865270823850449e-02 6.156121984524351443e-02 6.531634046426945672e-02 0.000000000000000000e+00
6.030000000000000000e+02 2.412036886898241139e-01 8.314747382794720476e-01 4.688211197086936816e-02 6.042330450614474130e-02 6.121984524351388457e-02 0.000000000000000000e+00
6.060000000000000000e+02 2.424037070415148154e-01 8.353436504324078804e-01 4.517523896222121194e-02 5.905780609922621494e-02 6.042330450614474130e-02 0.000000000000000000e+00
6.090000000000000000e+02 2.436037253932055169e-01 8.372781065088756858e-01 4.335457441966317910e-02 5.826126536185707860e-02 6.110605370960400795e-02 0.000000000000000000e+00
6.120000000000000000e+02 2.448037437448959963e-01 8.367091488393263443e-01 4.472007282658170546e-02 5.791989076012744875e-02 6.065088757396449454e-02 0.000000000000000000e+00
6.150000000000000000e+02 2.460037620965866978e-01 8.380746472462449193e-01 4.358215748748293233e-02 5.894401456531633832e-02 5.939918070095585173e-02 0.000000000000000000e+00
6.180000000000000000e+02 2.472037804482773993e-01 8.417159763313609711e-01 4.358215748748293233e-02 5.712335002275830548e-02 5.757851615839781195e-02 0.000000000000000000e+00
6.210000000000000000e+02 2.484037987999681008e-01 8.394401456531633832e-01 4.449248975876194528e-02 5.837505689576695522e-02 5.757851615839781195e-02 1.137915339098771066e-04
6.240000000000000000e+02 2.496038171516588022e-01 8.375056895766954668e-01 4.437869822485206867e-02 5.803368229403732537e-02 5.996813837050523482e-02 1.137915339098771066e-04
6.270000000000000000e+02 2.508038355033495037e-01 8.387573964497041512e-01 4.437869822485206867e-02 5.894401456531633832e-02 5.769230769230769551e-02 2.275830678197542133e-04
6.300000000000000000e+02 2.520038538550402052e-01 8.410332271279017391e-01 4.585798816568047165e-02 5.894401456531633832e-02 5.416477014110149951e-02 0.000000000000000000e+00
6.330000000000000000e+02 2.532038722067306846e-01 8.398953117888029452e-01 4.540282203004096517e-02 5.905780609922621494e-02 5.564406008192990249e-02 0.000000000000000000e+00
6.360000000000000000e+02 2.544038905584213861e-01 8.383022303140645892e-01 4.619936276741010150e-02 6.030951297223486468e-02 5.518889394629039602e-02 0.000000000000000000e+00
6.390000000000000000e+02 2.556039089101120876e-01 8.371643149749659063e-01 4.802002730996814128e-02 6.019572143832498806e-02 5.461993627674101293e-02 0.000000000000000000e+00
6.420000000000000000e+02 2.568039272618027891e-01 8.385298133818843702e-01 4.802002730996814128e-02 5.996813837050523482e-02 5.348202093764223980e-02 0.000000000000000000e+00
6.450000000000000000e+02 2.580039456134934905e-01 8.367091488393263443e-01 4.790623577605826466e-02 6.121984524351388457e-02 5.416477014110149951e-02 0.000000000000000000e+00
6.480000000000000000e+02 2.592039639651841920e-01 8.384160218479744797e-01 4.779244424214838111e-02 5.962676376877560497e-02 5.416477014110149951e-02 0.000000000000000000e+00
6.510000000000000000e+02 2.604039823168746715e-01 8.331816112881201830e-01 4.858898497951752438e-02 6.065088757396449454e-02 5.757851615839781195e-02 0.000000000000000000e+00
6.540000000000000000e+02 2.616040006685653729e-01 8.326126536185707305e-01 4.824761037778789452e-02 6.156121984524351443e-02 5.757851615839781195e-02 0.000000000000000000e+00
6.570000000000000000e+02 2.628040190202560744e-01 8.313609467455621571e-01 4.745106964041875125e-02 6.201638598088302090e-02 5.917159763313609155e-02 0.000000000000000000e+00
6.600000000000000000e+02 2.640040373719467759e-01 8.327264451524806210e-01 4.665452890304961492e-02 6.292671825216203385e-02 5.769230769230769551e-02 0.000000000000000000e+00
6.630000000000000000e+02 2.652040557236374774e-01 8.351160673645880994e-01 4.654073736913973830e-02 6.395084205735093730e-02 5.439235320892125969e-02 0.000000000000000000e+00
6.660000000000000000e+02 2.664040740753281788e-01 8.359126081019572219e-01 4.745106964041875125e-02 6.315430131998178709e-02 5.348202093764223980e-02 0.000000000000000000e+00
6.690000000000000000e+02 2.676040924270188803e-01 8.367091488393263443e-01 4.756486117432862787e-02 6.235776058261265076e-02 5.336822940373236318e-02 0.000000000000000000e+00
6.720000000000000000e+02 2.688041107787093598e-01 8.373918980427855763e-01 4.813381884387801790e-02 6.201638598088302090e-02 5.245789713245334329e-02 0.000000000000000000e+00
6.750000000000000000e+02 2.700041291304000612e-01 8.395539371870732737e-01 4.688211197086936816e-02 6.190259444697314428e-02 5.166135639508420696e-02 0.000000000000000000e+00
6.780000000000000000e+02 2.712041474820907627e-01 8.420573509330905315e-01 4.506144742831133532e-02 6.247155211652252738e-02 5.040964952207555722e-02 0.000000000000000000e+00
6.810000000000000000e+02 2.724041658337814642e-01 8.419435593991807520e-01 4.779244424214838111e-02 6.190259444697314428e-02 4.836140191169777114e-02 0.000000000000000000e+00
