# itime ezz other fcc hcp bcc ico
0.000000000000000000e+00 0.000000000000000000e+00 1.593081474738279385e-03 9.984069185252617551e-01 0.000000000000000000e+00 0.000000000000000000e+00 0.000000000000000000e+00
2.500000000000000000e+02 1.000077326874349026e-03 9.103322712790168532e-04 9.990896677287209870e-01 0.000000000000000000e+00 0.000000000000000000e+00 0.000000000000000000e+00
5.000000000000000000e+02 2.000154653748476008e-03 1.024123805188893906e-03 9.989758761948110966e-01 0.000000000000000000e+00 0.000000000000000000e+00 0.000000000000000000e+00
7.500000000000000000e+02 3.000231980622825034e-03 5.689576695493854790e-04 9.994310423304506585e-01 0.000000000000000000e+00 0.000000000000000000e+00 0.000000000000000000e+00
1.000000000000000000e+03 4.000309307496952016e-03 5.689576695493854790e-04 9.994310423304506585e-01 0.000000000000000000e+00 0.000000000000000000e+00 0.000000000000000000e+00
1.250000000000000000e+03 5.000386634371301042e-03 2.048247610377787811e-03 9.979517523896221931e-01 0.000000000000000000e+00 0.000000000000000000e+00 0.000000000000000000e+00
1.500000000000000000e+03 6.000463961245428024e-03 4.551661356395084266e-04 9.995448338643604380e-01 0.000000000000000000e+00 0.000000000000000000e+00 0.000000000000000000e+00
1.750000000000000000e+03 7.000541288119777050e-03 1.024123805188893906e-03 9.989758761948110966e-01 0.000000000000000000e+00 0.000000000000000000e+00 0.000000000000000000e+00
2.000000000000000000e+03 8.000618614993904032e-03 1.024123805188893906e-03 9.987482931269913156e-01 0.000000000000000000e+00 2.275830678197542133e-04 0.000000000000000000e+00
2.250000000000000000e+03 9.000695941868253058e-03 5.689576695493854790e-04 9.994310423304506585e-01 0.000000000000000000e+00 0.000000000000000000e+00 0.000000000000000000e+00
2.500000000000000000e+03 1.000077326874238004e-02 2.275830678197542133e-04 9.997724169321802190e-01 0.000000000000000000e+00 0.000000000000000000e+00 0.000000000000000000e+00
2.750000000000000000e+03 1.100085059561672907e-02 9.103322712790168532e-04 9.990896677287209870e-01 0.000000000000000000e+00 0.000000000000000000e+00 0.000000000000000000e+00
3.000000000000000000e+03 1.200092792249085605e-02 6.827492034592626399e-04 9.993172507965407680e-01 0.000000000000000000e+00 0.000000000000000000e+00 0.000000000000000000e+00
3.250000000000000000e+03 1.300100524936520507e-02 9.103322712790168532e-04 9.990896677287209870e-01 0.000000000000000000e+00 0.000000000000000000e+00 0.000000000000000000e+00
3.500000000000000000e+03 1.400108257623933206e-02 1.706873008648156654e-03 9.982931269913518646e-01 0.000000000000000000e+00 0.000000000000000000e+00 0.000000000000000000e+00
3.750000000000000000e+03 1.500115990311368108e-02 7.965407373691396923e-04 9.992034592626308775e-01 0.000000000000000000e+00 0.000000000000000000e+00 0.000000000000000000e+00
4.000000000000000000e+03 1.600123722998803011e-02 3.186162949476558769e-03 9.968138370505233992e-01 0.000000000000000000e+00 0.000000000000000000e+00 0.000000000000000000e+00
4.250000000000000000e+03 1.700131455686215709e-02 2.503413746017296455e-03 9.974965862539827421e-01 0.000000000000000000e+00 0.000000000000000000e+00 0.000000000000000000e+00
4.500000000000000000e+03 1.800139188373650612e-02 7.965407373691396923e-04 9.992034592626308775e-01 0.000000000000000000e+00 0.000000000000000000e+00 0.000000000000000000e+00
4.750000000000000000e+03 1.900146921061063310e-02 2.048247610377787811e-03 9.979517523896221931e-01 0.000000000000000000e+00 0.000000000000000000e+00 0.000000000000000000e+00
5.000000000000000000e+03 2.000154653748498212e-02 1.024123805188893906e-03 9.989758761948110966e-01 0.000000000000000000e+00 0.000000000000000000e+00 0.000000000000000000e+00
5.250000000000000000e+03 2.100162386435910911e-02 4.324078288575329727e-03 9.956759217114247162e-01 0.000000000000000000e+00 0.000000000000000000e+00 0.000000000000000000e+00
5.500000000000000000e+03 2.200170119123345813e-02 1.479289940828402332e-03 9.984069185252617551e-01 0.000000000000000000e+00 1.137915339098771066e-04 0.000000000000000000e+00
5.750000000000000000e+03 2.300177851810758511e-02 2.730996813837050560e-03 9.972690031861629611e-01 0.000000000000000000e+00 0.000000000000000000e+00 0.000000000000000000e+00
6.000000000000000000e+03 2.400185584498193414e-02 2.048247610377787811e-03 9.979517523896221931e-01 0.000000000000000000e+00 0.000000000000000000e+00 0.000000000000000000e+00
6.250000000000000000e+03 2.500193317185606112e-02 3.299954483386436255e-03 9.967000455166135087e-01 0.000000000000000000e+00 0.000000000000000000e+00 0.000000000000000000e+00
6.500000000000000000e+03 2.600201049873041015e-02 3.755120619025944465e-03 9.962448793809740577e-01 0.000000000000000000e+00 0.000000000000000000e+00 0.000000000000000000e+00
6.750000000000000000e+03 2.700208782560453713e-02 4.210286754665453109e-03 9.955621301775148257e-01 0.000000000000000000e+00 2.275830678197542133e-04 0.000000000000000000e+00
7.000000000000000000e+03 2.800216515247888616e-02 2.730996813837050560e-03 9.972690031861629611e-01 0.000000000000000000e+00 0.000000000000000000e+00 0.000000000000000000e+00
7.250000000000000000e+03 2.900224247935323518e-02 1.365498406918525280e-03 9.986345015930814251e-01 0.000000000000000000e+00 0.000000000000000000e+00 0.000000000000000000e+00
7.500000000000000000e+03 3.000231980622736216e-02 3.413746017296313308e-03 9.963586709148839482e-01 0.000000000000000000e+00 2.275830678197542133e-04 0.000000000000000000e+00
7.750000000000000000e+03 3.100239713310171119e-02 3.299954483386436255e-03 9.967000455166135087e-01 0.000000000000000000e+00 0.000000000000000000e+00 0.000000000000000000e+00
8.000000000000000000e+03 3.200247445997583817e-02 3.527537551206190360e-03 9.964724624487938387e-01 0.000000000000000000e+00 0.000000000000000000e+00 0.000000000000000000e+00
8.250000000000000000e+03 3.300255178685018720e-02 3.755120619025944465e-03 9.962448793809740577e-01 0.000000000000000000e+00 0.000000000000000000e+00 0.000000000000000000e+00
8.500000000000000000e+03 3.400262911372431418e-02 5.917159763313609329e-03 9.939690487027764698e-01 0.000000000000000000e+00 1.137915339098771066e-04 0.000000000000000000e+00
8.750000000000000000e+03 3.500270644059866321e-02 5.461993627674101119e-03 9.941966317705962508e-01 0.000000000000000000e+00 3.413746017296313199e-04 0.000000000000000000e+00
9.000000000000000000e+03 3.600278376747279019e-02 4.437869822485207214e-03 9.954483386436049352e-01 0.000000000000000000e+00 1.137915339098771066e-04 0.000000000000000000e+00
9.250000000000000000e+03 3.700286109434713921e-02 5.461993627674101119e-03 9.945380063723259223e-01 0.000000000000000000e+00 0.000000000000000000e+00 0.000000000000000000e+00
9.500000000000000000e+03 3.800293842122126620e-02 5.348202093764223633e-03 9.946517979062358128e-01 0.000000000000000000e+00 0.000000000000000000e+00 0.000000000000000000e+00
9.750000000000000000e+03 3.900301574809561522e-02 8.875739644970414427e-03 9.908966772872098705e-01 0.000000000000000000e+00 2.275830678197542133e-04 0.000000000000000000e+00
1.000000000000000000e+04 4.000309307496974220e-02 1.115157032316795548e-02 9.888484296768320636e-01 0.000000000000000000e+00 0.000000000000000000e+00 0.000000000000000000e+00
1.025000000000000000e+04 4.100317040184409123e-02 1.103777878925807886e-02 9.887346381429221731e-01 0.000000000000000000e+00 2.275830678197542133e-04 0.000000000000000000e+00
1.050000000000000000e+04 4.200324772871821821e-02 9.330905780609922637e-03 9.906690942193900895e-01 0.000000000000000000e+00 0.000000000000000000e+00 0.000000000000000000e+00
1.075000000000000000e+04 4.300332505559256724e-02 6.941283568502503235e-03 9.929449248975875664e-01 0.000000000000000000e+00 1.137915339098771066e-04 0.000000000000000000e+00
1.100000000000000000e+04 4.400340238246691627e-02 7.624032771961766417e-03 9.921483841602184439e-01 0.000000000000000000e+00 2.275830678197542133e-04 0.000000000000000000e+00
1.125000000000000000e+04 4.500347970934104325e-02 9.103322712790167665e-03 9.906690942193900895e-01 0.000000000000000000e+00 2.275830678197542133e-04 0.000000000000000000e+00
1.150000000000000000e+04 4.600355703621539227e-02 1.570323167956303931e-02 9.838416021847974369e-01 0.000000000000000000e+00 4.551661356395084266e-04 0.000000000000000000e+00
1.175000000000000000e+04 4.700363436308951925e-02 8.989531178880291046e-03 9.904415111515703085e-01 0.000000000000000000e+00 5.689576695493854790e-04 0.000000000000000000e+00
1.200000000000000000e+04 4.800371168996386828e-02 9.103322712790167665e-03 9.905553026854801990e-01 0.000000000000000000e+00 3.413746017296313199e-04 0.000000000000000000e+00
1.225000000000000000e+04 4.900378901683799526e-02 1.263086026399635846e-02 9.865725989986344757e-01 0.000000000000000000e+00 7.965407373691396923e-04 0.000000000000000000e+00
1.250000000000000000e+04 5.000386634371234429e-02 1.513427401001365448e-02 9.845243513882566688e-01 0.000000000000000000e+00 3.413746017296313199e-04 0.000000000000000000e+00
1.275000000000000000e+04 5.100394367058647127e-02 1.479289940828402289e-02 9.848657259899863403e-01 0.000000000000000000e+00 3.413746017296313199e-04 0.000000000000000000e+00
1.300000000000000000e+04 5.200402099746082030e-02 1.763768775603095224e-02 9.814519799726900695e-01 0.000000000000000000e+00 9.103322712790168532e-04 0.000000000000000000e+00
1.325000000000000000e+04 5.300409832433494728e-02 1.741010468821119553e-02 9.819071461083295205e-01 0.000000000000000000e+00 6.827492034592626399e-04 0.000000000000000000e+00
1.350000000000000000e+04 5.400417565120929630e-02 2.207555757851615771e-02 9.770141101502047842e-01 0.000000000000000000e+00 9.103322712790168532e-04 0.000000000000000000e+00
1.375000000000000000e+04 5.500425297808342329e-02 2.218934911242603433e-02 9.775830678197542367e-01 0.000000000000000000e+00 2.275830678197542133e-04 0.000000000000000000e+00
1.400000000000000000e+04 5.600433030495777231e-02 2.639963586709149004e-02 9.728038233955393910e-01 0.000000000000000000e+00 7.965407373691396923e-04 0.000000000000000000e+00
1.425000000000000000e+04 5.700440763183189929e-02 2.127901684114701791e-02 9.774692762858443462e-01 0.000000000000000000e+00 1.251706873008648227e-03 0.000000000000000000e+00
1.450000000000000000e+04 5.800448495870624832e-02 2.196176604460628110e-02 9.770141101502047842e-01 0.000000000000000000e+00 1.024123805188893906e-03 0.000000000000000000e+00
1.475000000000000000e+04 5.900456228558059735e-02 2.207555757851615771e-02 9.769003186162948937e-01 0.000000000000000000e+00 1.024123805188893906e-03 0.000000000000000000e+00
1.500000000000000000e+04 6.000463961245472433e-02 2.492034592626308706e-02 9.731451979972689514e-01 0.000000000000000000e+00 1.934456076467910759e-03 0.000000000000000000e+00
1.525000000000000000e+04 6.100471693932907336e-02 2.913063268092853930e-02 9.689349112426035582e-01 0.000000000000000000e+00 1.934456076467910759e-03 0.000000000000000000e+00
1.550000000000000000e+04 6.200479426620320034e-02 3.641329085116067066e-02 9.621074192080109055e-01 0.000000000000000000e+00 1.479289940828402332e-03 0.000000000000000000e+00
1.575000000000000000e+04 6.300487159307754936e-02 3.208921256258534527e-02 9.664314974965863003e-01 0.000000000000000000e+00 1.479289940828402332e-03 0.000000000000000000e+00
1.600000000000000000e+04 6.400494891995167634e-02 3.698224852071006069e-02 9.609695038689121116e-01 0.000000000000000000e+00 2.048247610377787811e-03 0.000000000000000000e+00
1.625000000000000000e+04 6.500502624682602537e-02 4.107874374146563284e-02 9.559626763768775959e-01 0.000000000000000000e+00 2.958579881656804664e-03 0.000000000000000000e+00
1.650000000000000000e+04 6.600510357370015235e-02 4.050978607191624975e-02 9.569868001820664993e-01 0.000000000000000000e+00 2.503413746017296455e-03 0.000000000000000000e+00
1.675000000000000000e+04 6.700518090057450138e-02 4.563040509786071841e-02 9.517523896222120916e-01 0.000000000000000000e+00 2.617205279927173507e-03 0.000000000000000000e+00
1.700000000000000000e+04 6.800525822744862836e-02 4.096495220755575623e-02 9.572143832498861693e-01 0.000000000000000000e+00 1.820664542558033706e-03 0.000000000000000000e+00
1.725000000000000000e+04 6.900533555432297739e-02 5.848884842967683184e-02 9.369594902139281034e-01 0.000000000000000000e+00 4.551661356395083832e-03 0.000000000000000000e+00
1.750000000000000000e+04 7.000541288119710437e-02 5.234410559854346667e-02 9.432180245789713036e-01 0.000000000000000000e+00 4.437869822485207214e-03 0.000000000000000000e+00
1.775000000000000000e+04 7.100549020807145340e-02 5.723714155666818210e-02 9.385525716886663483e-01 0.000000000000000000e+00 4.210286754665453109e-03 0.000000000000000000e+00
1.800000000000000000e+04 7.200556753494580242e-02 6.770596267637687959e-02 9.271734182976786309e-01 0.000000000000000000e+00 5.120619025944469528e-03 0.000000000000000000e+00
1.825000000000000000e+04 7.300564486181992940e-02 7.111970869367319203e-02 9.226217569412835662e-01 0.000000000000000000e+00 6.258534365043240920e-03 0.000000000000000000e+00
1.850000000000000000e+04 7.400572218869427843e-02 6.121984524351388457e-02 9.350250341374601870e-01 0.000000000000000000e+00 3.755120619025944465e-03 0.000000000000000000e+00
1.875000000000000000e+04 7.500579951556840541e-02 8.181611288120163583e-02 9.094219390077378229e-01 0.000000000000000000e+00 8.761948111060537808e-03 0.000000000000000000e+00
1.900000000000000000e+04 7.600587684244275444e-02 7.885753299954482987e-02 9.155666818388711325e-01 0.000000000000000000e+00 5.575785161583977738e-03 0.000000000000000000e+00
1.925000000000000000e+04 7.700595416931688142e-02 9.205735093309057315e-02 8.955393718707328476e-01 0.000000000000000000e+00 1.240327719617660522e-02 0.000000000000000000e+00
1.950000000000000000e+04 7.800603149619123045e-02 9.672280382339554228e-02 8.917842512517069054e-01 0.000000000000000000e+00 1.149294492489758707e-02 0.000000000000000000e+00
1.975000000000000000e+04 7.900610882306535743e-02 1.077605826126536159e-01 8.773327264451524776e-01 0.000000000000000000e+00 1.490669094219390124e-02 0.000000000000000000e+00
2.000000000000000000e+04 8.000618614993970645e-02 1.140191169776968577e-01 8.695949021392808120e-01 0.000000000000000000e+00 1.638598088302230249e-02 0.000000000000000000e+00
2.025000000000000000e+04 8.100626347681383344e-02 1.125398270368684617e-01 8.710741920801092775e-01 0.000000000000000000e+00 1.638598088302230249e-02 0.000000000000000000e+00
2.050000000000000000e+04 8.200634080368818246e-02 1.332498862084660896e-01 8.436504324078288874e-01 0.000000000000000000e+00 2.309968138370505075e-02 0.000000000000000000e+00
2.075000000000000000e+04 8.300641813056230944e-02 1.455393718707328199e-01 8.294264906690942407e-01 1.137915339098771066e-04 2.492034592626308706e-02 0.000000000000000000e+00
2.100000000000000000e+04 8.400649545743665847e-02 1.785389167045971781e-01 7.803823395539372099e-01 1.137915339098771066e-04 4.096495220755575623e-02 0.000000000000000000e+00
2.125000000000000000e+04 8.500657278431078545e-02 1.797906235776058348e-01 7.589895311788802390e-01 7.965407373691396923e-04 6.042330450614474130e-02 0.000000000000000000e+00
2.150000000000000000e+04 8.600665011118513448e-02 1.946973145197997135e-01 7.377105143377332697e-01 1.820664542558033706e-03 6.577150659990896320e-02 0.000000000000000000e+00
2.175000000000000000e+04 8.700672743805948350e-02 2.381656804733727761e-01 6.598771051433773849e-01 2.617205279927173507e-03 9.934000910332271839e-02 0.000000000000000000e+00
2.200000000000000000e+04 8.800680476493361049e-02 2.441966317705962786e-01 5.972917614929449392e-01 1.661356395084205573e-02 1.418980427856167403e-01 0.000000000000000000e+00
2.225000000000000000e+04 8.900688209180795951e-02 2.385070550751024199e-01 5.884160218479744797e-01 7.908511606736458310e-02 9.399180700955848955e-02 0.000000000000000000e+00
2.250000000000000000e+04 9.000695941868208649e-02 1.662494310423304478e-01 6.817250796540736957e-01 1.116294947655894348e-01 4.039599453800637313e-02 0.000000000000000000e+00
2.275000000000000000e+04 9.100703674555643552e-02 1.469048702776513393e-01 6.662494310423304755e-01 1.389394629039599482e-01 4.790623577605826466e-02 0.000000000000000000e+00
2.300000000000000000e+04 9.200711407243056250e-02 1.565771506599908935e-01 6.243741465634956578e-01 1.612426035502958488e-01 5.780609922621757213e-02 0.000000000000000000e+00
2.325000000000000000e+04 9.300719139930491153e-02 1.502048247610377751e-01 6.104915794264906825e-01 2.022075557578516258e-01 3.709604005461993731e-02 0.000000000000000000e+00
2.350000000000000000e+04 9.400726872617903851e-02 1.198224852071005930e-01 6.255120619025944517e-01 2.259899863450159363e-01 2.867546654528902936e-02 0.000000000000000000e+00
2.375000000000000000e+04 9.500734605305338754e-02 1.029813381884387841e-01 6.499772416932180219e-01 2.333864360491579304e-01 1.365498406918525323e-02 0.000000000000000000e+00
2.400000000000000000e+04 9.600742337992751452e-02 1.035502958579881672e-01 6.457669549385525176e-01 2.352071005917159841e-01 1.547564861174328607e-02 0.000000000000000000e+00
2.425000000000000000e+04 9.700750070680186354e-02 1.141329085116067343e-01 6.376877560309512916e-01 2.305416477014110288e-01 1.763768775603095224e-02 0.000000000000000000e+00
2.450000000000000000e+04 9.800757803367599053e-02 1.251706873008648080e-01 6.252844788347746707e-01 2.294037323623122349e-01 2.014110150204824826e-02 0.000000000000000000e+00
2.475000000000000000e+04 9.900765536055033955e-02 1.291533909877105035e-01 6.180018206645425671e-01 2.262175694128356895e-01 2.662721893491124328e-02 0.000000000000000000e+00
2.500000000000000000e+04 1.000077326874244665e-01 1.147018661811561174e-01 6.304050978607191880e-01 2.286071916249431124e-01 2.628584433318160996e-02 0.000000000000000000e+00
2.525000000000000000e+04 1.010078100142988156e-01 1.411015020482476179e-01 6.050295857988166048e-01 2.269003186162949492e-01 2.696859353664087314e-02 0.000000000000000000e+00
2.550000000000000000e+04 1.020078873411731646e-01 1.482703686845698587e-01 5.870505234410560158e-01 2.297451069640418786e-01 3.493400091033227461e-02 0.000000000000000000e+00
2.575000000000000000e+04 1.030079646680472916e-01 1.754665452890304955e-01 5.600819299044150767e-01 2.247382794720072796e-01 3.971324533454710648e-02 0.000000000000000000e+00
2.600000000000000000e+04 1.040080419949216406e-01 1.791078743741465751e-01 5.425580336822940497e-01 2.208693673190714746e-01 5.746472462448793533e-02 0.000000000000000000e+00
2.625000000000000000e+04 1.050081193217957676e-01 2.047109695038689114e-01 4.968138370505234547e-01 2.206417842512516936e-01 7.783340919435594030e-02 0.000000000000000000e+00
2.650000000000000000e+04 1.060081966486701166e-01 1.760355029585798925e-01 5.007965407373691225e-01 2.532999544833864358e-01 6.986800182066454923e-02 0.000000000000000000e+00
2.675000000000000000e+04 1.070082739755442436e-01 1.429221665908056438e-01 4.866863905325443662e-01 3.025716886663632477e-01 6.781975421028675621e-02 0.000000000000000000e+00
2.700000000000000000e+04 1.080083513024185926e-01 1.603322712790168358e-01 4.585798816568047442e-01 2.980200273099681274e-01 8.306781975421029252e-02 0.000000000000000000e+00
2.725000000000000000e+04 1.090084286292927196e-01 1.544151115157032239e-01 4.663177059626763543e-01 3.018889394629039602e-01 7.737824305871643382e-02 0.000000000000000000e+00
2.750000000000000000e+04 1.100085059561670686e-01 1.623805188893946427e-01 4.505006827492034627e-01 3.062130177514792995e-01 8.090578060992262288e-02 0.000000000000000000e+00
2.775000000000000000e+04 1.110085832830411956e-01 1.638598088302230249e-01 4.444697314519799880e-01 3.086026399635867223e-01 8.306781975421029252e-02 0.000000000000000000e+00
2.800000000000000000e+04 1.120086606099155446e-01 1.714838416021848000e-01 4.336595357305416676e-01 3.100819299044151323e-01 8.477469276285844180e-02 0.000000000000000000e+00
2.825000000000000000e+04 1.130087379367896716e-01 1.813837050523441075e-01 4.134046426945835462e-01 3.177059626763768518e-01 8.750568957669549452e-02 0.000000000000000000e+00
2.850000000000000000e+04 1.140088152636640206e-01 1.929904415111515781e-01 3.896222121074192080e-01 3.103095129722348577e-01 1.070778334091943562e-01 0.000000000000000000e+00
2.875000000000000000e+04 1.150088925905383697e-01 1.942421483841602070e-01 3.821119708693673234e-01 3.204369594902139462e-01 1.032089212562585373e-01 0.000000000000000000e+00
2.900000000000000000e+04 1.160089699174124966e-01 1.934456076467910846e-01 3.880291306326809075e-01 3.328402366863905115e-01 8.568502503413745475e-02 0.000000000000000000e+00
2.925000000000000000e+04 1.170090472442868457e-01 1.873008648156577194e-01 3.852981338188438687e-01 3.471779699590350488e-01 8.022303140646336317e-02 0.000000000000000000e+00
2.950000000000000000e+04 1.180091245711609726e-01 1.890077378243058825e-01 3.969048702776513671e-01 3.515020482476103880e-01 6.258534365043240399e-02 0.000000000000000000e+00
2.975000000000000000e+04 1.190092018980353217e-01 2.049385525716886647e-01 3.825671370050068298e-01 3.353436504324078249e-01 7.715065999089668058e-02 0.000000000000000000e+00
3.000000000000000000e+04 1.200092792249094487e-01 2.125625853436504398e-01 3.718707328174783999e-01 3.330678197542102925e-01 8.249886208466089554e-02 0.000000000000000000e+00
3.025000000000000000e+04 1.210093565517837977e-01 2.348657259899863403e-01 3.518434228493400040e-01 3.221438324988620816e-01 9.114701866181156020e-02 0.000000000000000000e+00
3.050000000000000000e+04 1.220094338786579247e-01 2.369139736003641195e-01 3.375056895766954668e-01 3.169094219390077294e-01 1.086709148839326289e-01 0.000000000000000000e+00
3.075000000000000000e+04 1.230095112055322737e-01 2.589895311788802945e-01 3.099681383705052418e-01 3.062130177514792995e-01 1.248293126991351781e-01 0.000000000000000000e+00
3.100000000000000000e+04 1.240095885324064007e-01 2.449931725079654010e-01 3.064406008192990249e-01 3.298816568047337472e-01 1.186845698680018268e-01 0.000000000000000000e+00
3.125000000000000000e+04 1.250096658592807497e-01 2.614929449248976079e-01 2.833409194355939742e-01 3.142922166590805810e-01 1.408739189804278646e-01 0.000000000000000000e+00
3.150000000000000000e+04 1.260097431861548767e-01 2.610377787892581014e-01 2.697997269003186149e-01 3.403504779244423961e-01 1.288120163859808875e-01 0.000000000000000000e+00
3.175000000000000000e+04 1.270098205130292257e-01 2.659308147473827821e-01 2.715065999089667503e-01 3.426263086026399840e-01 1.199362767410104696e-01 0.000000000000000000e+00
3.200000000000000000e+04 1.280098978399033527e-01 2.719617660446062568e-01 2.505689576695493970e-01 3.380746472462448637e-01 1.393946290395994547e-01 0.000000000000000000e+00
3.225000000000000000e+04 1.290099751667777017e-01 2.555757851615839682e-01 2.419208010923987184e-01 3.714155666818388934e-01 1.310878470641784199e-01 0.000000000000000000e+00
3.250000000000000000e+04 1.300100524936520507e-01 2.629722348657259623e-01 2.445380063723258945e-01 3.710741920801092220e-01 1.214155666818388657e-01 0.000000000000000000e+00
3.275000000000000000e+04 1.310101298205261777e-01 2.609239872553482109e-01 2.465862539827036737e-01 3.746017296313154388e-01 1.178880291306326766e-01 0.000000000000000000e+00
3.300000000000000000e+04 1.320102071474005268e-01 2.622894856622667303e-01 2.394173873463814328e-01 3.694811106053709771e-01 1.288120163859808875e-01 0.000000000000000000e+00
3.325000000000000000e+04 1.330102844742746537e-01 2.691169776968593275e-01 2.379380974055530229e-01 3.610605370960400795e-01 1.318843878015475701e-01 0.000000000000000000e+00
3.350000000000000000e+04 1.340103618011490028e-01 2.746927628584433512e-01 2.339553937187073274e-01 3.593536640873918886e-01 1.319981793354574329e-01 0.000000000000000000e+00
3.375000000000000000e+04 1.350104391280231297e-01 2.667273554847519601e-01 2.284934000910332219e-01 3.633363677742376119e-01 1.414428766499772339e-01 0.000000000000000000e+00
3.400000000000000000e+04 1.360105164548974788e-01 2.761720527992717611e-01 2.242831133363677731e-01 3.635639508420573374e-01 1.359808830223031284e-01 0.000000000000000000e+00
3.425000000000000000e+04 1.370105937817716057e-01 2.680928538916704795e-01 2.231451979972690070e-01 3.725534820209376319e-01 1.362084660901228816e-01 0.000000000000000000e+00
3.450000000000000000e+04 1.380106711086459548e-01 2.587619481110605135e-01 2.214383249886208438e-01 3.900773782430587144e-01 1.297223486572599005e-01 0.000000000000000000e+00
3.475000000000000000e+04 1.390107484355200818e-01 2.598998634501593075e-01 2.209831588529813373e-01 3.868912152935821691e-01 1.322257624032771861e-01 0.000000000000000000e+00
3.500000000000000000e+04 1.400108257623944308e-01 2.718479745106964218e-01 2.129039599453800558e-01 3.848429676832043622e-01 1.304050978607191602e-01 0.000000000000000000e+00
3.525000000000000000e+04 1.410109030892685578e-01 2.741238051888939542e-01 2.019799726900318726e-01 3.793809740555302845e-01 1.445152480655439164e-01 0.000000000000000000e+00
3.550000000000000000e+04 1.420109804161429068e-01 2.787892580791989094e-01 1.957214383249886169e-01 3.829085116067364458e-01 1.425807919890760000e-01 0.000000000000000000e+00
3.575000000000000000e+04 1.430110577430170338e-01 2.777651342740100060e-01 1.943559399180700975e-01 3.824533454710969393e-01 1.454255803368229294e-01 0.000000000000000000e+00
3.600000000000000000e+04 1.440111350698913828e-01 2.925580336822940497e-01 1.803595812471552040e-01 3.677742375967227861e-01 1.593081474738279601e-01 0.000000000000000000e+00
3.625000000000000000e+04 1.450112123967657318e-01 2.982476103777879084e-01 1.581702321347291662e-01 3.632225762403277214e-01 1.803595812471552040e-01 0.000000000000000000e+00
3.650000000000000000e+04 1.460112897236398588e-01 2.867546654528903005e-01 1.480427856167501055e-01 3.732362312243969193e-01 1.919663177059626746e-01 0.000000000000000000e+00
3.675000000000000000e+04 1.470113670505142078e-01 2.895994538006372299e-01 1.243741465634956717e-01 3.697086936731907025e-01 2.163177059626763821e-01 0.000000000000000000e+00
3.700000000000000000e+04 1.480114443773883348e-01 2.663859808830222886e-01 1.099226217569412856e-01 4.086253982703687004e-01 2.150659990896677254e-01 0.000000000000000000e+00
3.725000000000000000e+04 1.490115217042626838e-01 2.789030496131087999e-01 1.020710059171597572e-01 4.442421483841602070e-01 1.747837960855712358e-01 0.000000000000000000e+00
3.750000000000000000e+04 1.500115990311368108e-01 2.653618570778333852e-01 9.945380063723259501e-02 4.518661811561219821e-01 1.833181611288120239e-01 0.000000000000000000e+00
3.775000000000000000e+04 1.510116763580111598e-01 2.638825671370050308e-01 9.854346836595356818e-02 4.564178425125170468e-01 1.811561219845243542e-01 0.000000000000000000e+00
3.800000000000000000e+04 1.520117536848852868e-01 2.587619481110605135e-01 9.160218479745106668e-02 4.600591715976331542e-01 1.895766954938552518e-01 0.000000000000000000e+00
3.825000000000000000e+04 1.530118310117596359e-01 2.592171142467000200e-01 8.909877105143376719e-02 4.683659535730541612e-01 1.833181611288120239e-01 0.000000000000000000e+00
3.850000000000000000e+04 1.540119083386337628e-01 2.658170232134728916e-01 9.285389167045972336e-02 4.728038233955393910e-01 1.685252617205279801e-01 0.000000000000000000e+00
3.875000000000000000e+04 1.550119856655081119e-01 2.653618570778333852e-01 8.636777423759672834e-02 4.674556213017751483e-01 1.808147473827947105e-01 0.000000000000000000e+00
3.900000000000000000e+04 1.560120629923822388e-01 2.502275830678197810e-01 7.908511606736458310e-02 4.621074192080109055e-01 2.085798816568047442e-01 0.000000000000000000e+00
3.925000000000000000e+04 1.570121403192565879e-01 2.651342740100136597e-01 7.532999544833864081e-02 4.687073281747837772e-01 1.908284023668639084e-01 0.000000000000000000e+00
3.950000000000000000e+04 1.580122176461309369e-01 2.569412835685024876e-01 7.601274465179790052e-02 4.699590350477924616e-01 1.970869367319071364e-01 0.000000000000000000e+00
3.975000000000000000e+04 1.590122949730050639e-01 2.498862084660901095e-01 7.828857532999544677e-02 4.778106508875739622e-01 1.940145653163404538e-01 0.000000000000000000e+00
4.000000000000000000e+04 1.600123722998794129e-01 2.484069185252617273e-01 7.043695949021393232e-02 4.742831133363678009e-01 2.068730086481565811e-01 0.000000000000000000e+00
4.025000000000000000e+04 1.610124496267535399e-01 2.505689576695493970e-01 6.986800182066454923e-02 4.780382339553937432e-01 2.015248065543923661e-01 0.000000000000000000e+00
4.050000000000000000e+04 1.620125269536278889e-01 2.477241693218024676e-01 5.803368229403732537e-02 4.753072371415566488e-01 2.189349112426035582e-01 0.000000000000000000e+00
4.075000000000000000e+04 1.630126042805020159e-01 2.374829312699135164e-01 5.814747382794720199e-02 4.869139736003641472e-01 2.174556213017751483e-01 0.000000000000000000e+00
4.100000000000000000e+04 1.640126816073763649e-01 2.536413290851160518e-01 5.291306326809285671e-02 4.945380063723259223e-01 1.989076012744651900e-01 0.000000000000000000e+00
4.125000000000000000e+04 1.650127589342504919e-01 2.394173873463814328e-01 4.972690031861629750e-02 4.883932635411925571e-01 2.224624487938097472e-01 0.000000000000000000e+00
4.150000000000000000e+04 1.660128362611248409e-01 2.436276741010468816e-01 4.802002730996814128e-02 5.143377332726445372e-01 1.940145653163404538e-01 0.000000000000000000e+00
4.175000000000000000e+04 1.670129135879989679e-01 2.383932635411925294e-01 4.642694583522986168e-02 5.266272189349112676e-01 1.885525716886663761e-01 0.000000000000000000e+00
4.200000000000000000e+04 1.680129909148733169e-01 2.431725079654073751e-01 5.052344105598543383e-02 5.410787437414655843e-01 1.652253072371415443e-01 0.000000000000000000e+00
4.225000000000000000e+04 1.690130682417474439e-01 2.319071461083295482e-01 5.200273099681383682e-02 5.392580791989075584e-01 1.768320436959490149e-01 0.000000000000000000e+00
4.250000000000000000e+04 1.700131455686217929e-01 2.363450159308147502e-01 5.234410559854346667e-02 5.423304506144742687e-01 1.689804278561675144e-01 0.000000000000000000e+00
4.275000000000000000e+04 1.710132228954959199e-01 2.217796995903504875e-01 5.109239872553481693e-02 5.612198452435138707e-01 1.659080564406008318e-01 0.000000000000000000e+00
4.300000000000000000e+04 1.720133002223702690e-01 2.296313154301319881e-01 5.325443786982248656e-02 5.715748748293126846e-01 1.455393718707328199e-01 0.000000000000000000e+00
4.325000000000000000e+04 1.730133775492446180e-01 2.174556213017751483e-01 5.598543468365953235e-02 5.798816568047336917e-01 1.466772872098315861e-01 0.000000000000000000e+00
4.350000000000000000e+04 1.740134548761187450e-01 2.290623577605826189e-01 5.496131087847064278e-02 5.916021847974510806e-01 1.243741465634956717e-01 0.000000000000000000e+00
4.375000000000000000e+04 1.750135322029930940e-01 2.204142011834319403e-01 5.518889394629039602e-02 5.999089667728720876e-01 1.244879380974055483e-01 0.000000000000000000e+00
4.400000000000000000e+04 1.760136095298672210e-01 2.248520710059171701e-01 5.655439235320892238e-02 6.049157942649067143e-01 1.136777423759672279e-01 0.000000000000000000e+00
4.425000000000000000e+04 1.770136868567415700e-01 2.237141556668183762e-01 5.507510241238051940e-02 6.177742375967227861e-01 1.034365043240782905e-01 0.000000000000000000e+00
4.450000000000000000e+04 1.780137641836156970e-01 2.279244424214838527e-01 5.245789713245334329e-02 6.259672280382339027e-01 9.365043240782885969e-02 0.000000000000000000e+00
4.475000000000000000e+04 1.790138415104900460e-01 2.122212107419207960e-01 4.813381884387801790e-02 6.519116977696859383e-01 8.773327264451524776e-02 0.000000000000000000e+00
4.500000000000000000e+04 1.800139188373641730e-01 2.174556213017751483e-01 4.631315430131998506e-02 6.481565771506599960e-01 8.807464724624487762e-02 0.000000000000000000e+00
4.525000000000000000e+04 1.810139961642385220e-01 2.071005917159763343e-01 4.676832043695949154e-02 6.479289940828402150e-01 9.820209376422393832e-02 0.000000000000000000e+00
4.550000000000000000e+04 1.820140734911126490e-01 2.078971324533454845e-01 4.631315430131998506e-02 6.479289940828402150e-01 9.786071916249430847e-02 0.000000000000000000e+00
4.575000000000000000e+04 1.830141508179869980e-01 1.976558944014565333e-01 4.392353208921256219e-02 6.521392808375057193e-01 1.062812926718252199e-01 0.000000000000000000e+00
4.600000000000000000e+04 1.840142281448611250e-01 1.824078288575330109e-01 4.608557123350022489e-02 6.681838871187983919e-01 1.033227127901684139e-01 0.000000000000000000e+00
4.625000000000000000e+04 1.850143054717354740e-01 1.558944014565316338e-01 4.619936276741010150e-02 7.150659990896677254e-01 8.284023668639053928e-02 0.000000000000000000e+00
4.650000000000000000e+04 1.860143827986096010e-01 8.215748748293126569e-02 5.951297223486572835e-02 8.134956759217114586e-01 4.483386436049158208e-02 0.000000000000000000e+00
4.675000000000000000e+04 1.870144601254839500e-01 6.372325898953118406e-02 6.213017751479289752e-02 8.311333636777423761e-01 4.301319981793354230e-02 0.000000000000000000e+00
4.700000000000000000e+04 1.880145374523582991e-01 6.725079654073737312e-02 6.440600819299044377e-02 8.317023213472917176e-01 3.664087391898043083e-02 0.000000000000000000e+00
4.725000000000000000e+04 1.890146147792324260e-01 6.816112881201638607e-02 6.224396904870277414e-02 8.370505234410560158e-01 3.254437869822485174e-02 0.000000000000000000e+00
4.750000000000000000e+04 1.900146921061067751e-01 6.417842512517069054e-02 6.349567592171143082e-02 8.370505234410560158e-01 3.527537551206190447e-02 0.000000000000000000e+00
4.775000000000000000e+04 1.910147694329809021e-01 5.803368229403732537e-02 6.588529813381883982e-02 8.403504779244423961e-01 3.573054164770141095e-02 0.000000000000000000e+00
4.800000000000000000e+04 1.920148467598552511e-01 6.941283568502502888e-02 6.679563040509786664e-02 8.339781520254893055e-01 2.981338188438780248e-02 0.000000000000000000e+00
4.825000000000000000e+04 1.930149240867293781e-01 5.700955848884842886e-02 6.929904415111515226e-02 8.404642694583522866e-01 3.322712790168411146e-02 0.000000000000000000e+00
4.850000000000000000e+04 1.940150014136037271e-01 6.235776058261265076e-02 6.793354574419663283e-02 8.402366863905325056e-01 2.947200728265816916e-02 0.000000000000000000e+00
4.875000000000000000e+04 1.950150787404778541e-01 5.609922621756941591e-02 7.203004096495220498e-02 8.460400546199362548e-01 2.583067819754210348e-02 0.000000000000000000e+00
4.900000000000000000e+04 1.960151560673522031e-01 5.223031406463359005e-02 7.908511606736458310e-02 8.494538006372326366e-01 1.923076923076923184e-02 0.000000000000000000e+00
4.925000000000000000e+04 1.970152333942263301e-01 4.255803368229403583e-02 9.660901228948566566e-02 8.467228038233954868e-01 1.411015020482476144e-02 0.000000000000000000e+00
4.950000000000000000e+04 1.980153107211006791e-01 4.176149294492489950e-02 9.524351388256713236e-02 8.478607191624942807e-01 1.513427401001365448e-02 0.000000000000000000e+00
4.975000000000000000e+04 1.990153880479748061e-01 3.982703686845699004e-02 9.934000910332271839e-02 8.468365953573053773e-01 1.399635867091488309e-02 0.000000000000000000e+00
5.000000000000000000e+04 2.000154653748491551e-01 4.335457441966317910e-02 9.751934456076467861e-02 8.451297223486572419e-01 1.399635867091488309e-02 0.000000000000000000e+00
5.025000000000000000e+04 2.010155427017235041e-01 3.561675011379153433e-02 9.649522075557578904e-02 8.522985889849795660e-01 1.558944014565316269e-02 0.000000000000000000e+00
5.050000000000000000e+04 2.020156200285976311e-01 4.119253527537550946e-02 9.740555302685480199e-02 8.478607191624942807e-01 1.354119253527537488e-02 0.000000000000000000e+00
5.075000000000000000e+04 2.030156973554719801e-01 3.709604005461993731e-02 9.706417842512517213e-02 8.497951752389621971e-01 1.604460628129267263e-02 0.000000000000000000e+00
5.100000000000000000e+04 2.040157746823461071e-01 4.301319981793354230e-02 9.581247155211652933e-02 8.493400091033227461e-01 1.183431952662721866e-02 0.000000000000000000e+00
5.125000000000000000e+04 2.050158520092204562e-01 4.107874374146563284e-02 9.672280382339554228e-02 8.507055075102412101e-01 1.149294492489758707e-02 0.000000000000000000e+00
5.150000000000000000e+04 2.060159293360945831e-01 3.857532999544834029e-02 9.638142922166591242e-02 8.505917159763313196e-01 1.445152480655439303e-02 0.000000000000000000e+00
5.175000000000000000e+04 2.070160066629689322e-01 4.073736913973600299e-02 9.535730541647700897e-02 8.518434228493400040e-01 1.206190259444697363e-02 0.000000000000000000e+00
5.200000000000000000e+04 2.080160839898430591e-01 4.221665908056440597e-02 9.660901228948566566e-02 8.480883022303140617e-01 1.308602639963586667e-02 0.000000000000000000e+00
5.225000000000000000e+04 2.090161613167174082e-01 4.517523896222121194e-02 9.604005461993628257e-02 8.482020937642239522e-01 1.058261265361857065e-02 0.000000000000000000e+00
5.250000000000000000e+04 2.100162386435915352e-01 3.937187073281747662e-02 9.569868001820663883e-02 8.532089212562585789e-01 1.172052799271734204e-02 0.000000000000000000e+00
5.275000000000000000e+04 2.110163159704658842e-01 4.119253527537550946e-02 9.695038689121529552e-02 8.515020482476103325e-01 1.035502958579881741e-02 0.000000000000000000e+00
5.300000000000000000e+04 2.120163932973400112e-01 4.380974055530268557e-02 9.376422394173873631e-02 8.505917159763313196e-01 1.183431952662721866e-02 0.000000000000000000e+00
5.325000000000000000e+04 2.130164706242143602e-01 4.324078288575330248e-02 9.467455621301774926e-02 8.511606736458807720e-01 1.092398725534820224e-02 0.000000000000000000e+00
5.350000000000000000e+04 2.140165479510884872e-01 4.403732362312243881e-02 9.251251706873007963e-02 8.536640873918980299e-01 9.786071916249430847e-03 0.000000000000000000e+00
5.375000000000000000e+04 2.150166252779628362e-01 4.198907601274465273e-02 9.069185252617205373e-02 8.565088757396449592e-01 1.081019572143832562e-02 0.000000000000000000e+00
5.400000000000000000e+04 2.160167026048371852e-01 4.096495220755575623e-02 9.330905780609922984e-02 8.566226672735548497e-01 9.103322712790167665e-03 0.000000000000000000e+00
5.425000000000000000e+04 2.170167799317113122e-01 3.561675011379153433e-02 9.296768320436959998e-02 8.642467000455166248e-01 7.168866636322257339e-03 0.000000000000000000e+00
5.450000000000000000e+04 2.180168572585856612e-01 2.730996813837050646e-02 9.899863450159307465e-02 8.707328174783796060e-01 2.958579881656804664e-03 0.000000000000000000e+00
5.475000000000000000e+04 2.190169345854597882e-01 2.480655439235321044e-02 9.865725989986344480e-02 8.734638142922166448e-01 3.072371415566681717e-03 0.000000000000000000e+00
5.500000000000000000e+04 2.200170119123341372e-01 2.309968138370505075e-02 9.808830223031406170e-02 8.742603550295857673e-01 4.551661356395083832e-03 0.000000000000000000e+00
5.525000000000000000e+04 2.210170892392082642e-01 2.526172052799271692e-02 1.010468821119708677e-01 8.700500682749203740e-01 3.641329085116067413e-03 0.000000000000000000e+00
5.550000000000000000e+04 2.220171665660826132e-01 2.332726445152480746e-02 9.854346836595356818e-02 8.741465634956758768e-01 3.982703686845699004e-03 0.000000000000000000e+00
5.575000000000000000e+04 2.230172438929567402e-01 2.401001365498407064e-02 9.797451069640418508e-02 8.746017296313154388e-01 3.413746017296313308e-03 0.000000000000000000e+00
5.600000000000000000e+04 2.240173212198310893e-01 2.503413746017296368e-02 9.968138370505234824e-02 8.725534820209376319e-01 2.730996813837050560e-03 0.000000000000000000e+00
5.625000000000000000e+04 2.250173985467052162e-01 2.423759672280382388e-02 9.899863450159307465e-02 8.732362312243968638e-01 3.527537551206190360e-03 0.000000000000000000e+00
5.650000000000000000e+04 2.260174758735795653e-01 2.696859353664087314e-02 9.877105143377332142e-02 8.718707328174783999e-01 2.389622212107419402e-03 0.000000000000000000e+00
5.675000000000000000e+04 2.270175532004536922e-01 2.264451524806554428e-02 9.945380063723259501e-02 8.747155211652253293e-01 3.186162949476558769e-03 0.000000000000000000e+00
