# itime ezz other fcc hcp bcc ico
0.000000000000000000e+00 0.000000000000000000e+00 0.000000000000000000e+00 1.000000000000000000e+00 0.000000000000000000e+00 0.000000000000000000e+00 0.000000000000000000e+00
2.500000000000000000e+02 9.999727934861812884e-04 0.000000000000000000e+00 1.000000000000000000e+00 0.000000000000000000e+00 0.000000000000000000e+00 0.000000000000000000e+00
5.000000000000000000e+02 1.999945586972140532e-03 0.000000000000000000e+00 1.000000000000000000e+00 0.000000000000000000e+00 0.000000000000000000e+00 0.000000000000000000e+00
7.500000000000000000e+02 2.999918380458321820e-03 0.000000000000000000e+00 1.000000000000000000e+00 0.000000000000000000e+00 0.000000000000000000e+00 0.000000000000000000e+00
1.000000000000000000e+03 3.999891173944503109e-03 0.000000000000000000e+00 1.000000000000000000e+00 0.000000000000000000e+00 0.000000000000000000e+00 0.000000000000000000e+00
1.250000000000000000e+03 4.999863967430684397e-03 0.000000000000000000e+00 1.000000000000000000e+00 0.000000000000000000e+00 0.000000000000000000e+00 0.000000000000000000e+00
1.500000000000000000e+03 5.999836760916643641e-03 0.000000000000000000e+00 1.000000000000000000e+00 0.000000000000000000e+00 0.000000000000000000e+00 0.000000000000000000e+00
1.750000000000000000e+03 6.999809554402824929e-03 0.000000000000000000e+00 1.000000000000000000e+00 0.000000000000000000e+00 0.000000000000000000e+00 0.000000000000000000e+00
2.000000000000000000e+03 7.999782347889006218e-03 0.000000000000000000e+00 1.000000000000000000e+00 0.000000000000000000e+00 0.000000000000000000e+00 0.000000000000000000e+00
2.250000000000000000e+03 8.999755141374965461e-03 0.000000000000000000e+00 1.000000000000000000e+00 0.000000000000000000e+00 0.000000000000000000e+00 0.000000000000000000e+00
2.500000000000000000e+03 9.999727934861146750e-03 0.000000000000000000e+00 1.000000000000000000e+00 0.000000000000000000e+00 0.000000000000000000e+00 0.000000000000000000e+00
2.750000000000000000e+03 1.099970072834732804e-02 0.000000000000000000e+00 1.000000000000000000e+00 0.000000000000000000e+00 0.000000000000000000e+00 0.000000000000000000e+00
3.000000000000000000e+03 1.199967352183350933e-02 0.000000000000000000e+00 1.000000000000000000e+00 0.000000000000000000e+00 0.000000000000000000e+00 0.000000000000000000e+00
3.250000000000000000e+03 1.299964631531946857e-02 0.000000000000000000e+00 1.000000000000000000e+00 0.000000000000000000e+00 0.000000000000000000e+00 0.000000000000000000e+00
3.500000000000000000e+03 1.399961910880564986e-02 0.000000000000000000e+00 1.000000000000000000e+00 0.000000000000000000e+00 0.000000000000000000e+00 0.000000000000000000e+00
3.750000000000000000e+03 1.499959190229183115e-02 0.000000000000000000e+00 1.000000000000000000e+00 0.000000000000000000e+00 0.000000000000000000e+00 0.000000000000000000e+00
4.000000000000000000e+03 1.599956469577779039e-02 0.000000000000000000e+00 1.000000000000000000e+00 0.000000000000000000e+00 0.000000000000000000e+00 0.000000000000000000e+00
4.250000000000000000e+03 1.699953748926397168e-02 0.000000000000000000e+00 1.000000000000000000e+00 0.000000000000000000e+00 0.000000000000000000e+00 0.000000000000000000e+00
4.500000000000000000e+03 1.799951028275015297e-02 0.000000000000000000e+00 1.000000000000000000e+00 0.000000000000000000e+00 0.000000000000000000e+00 0.000000000000000000e+00
4.750000000000000000e+03 1.899948307623633426e-02 0.000000000000000000e+00 1.000000000000000000e+00 0.000000000000000000e+00 0.000000000000000000e+00 0.000000000000000000e+00
5.000000000000000000e+03 1.999945586972229350e-02 0.000000000000000000e+00 1.000000000000000000e+00 0.000000000000000000e+00 0.000000000000000000e+00 0.000000000000000000e+00
5.250000000000000000e+03 2.099942866320847479e-02 0.000000000000000000e+00 1.000000000000000000e+00 0.000000000000000000e+00 0.000000000000000000e+00 0.000000000000000000e+00
5.500000000000000000e+03 2.199940145669465608e-02 0.000000000000000000e+00 1.000000000000000000e+00 0.000000000000000000e+00 0.000000000000000000e+00 0.000000000000000000e+00
5.750000000000000000e+03 2.299937425018061532e-02 0.000000000000000000e+00 1.000000000000000000e+00 0.000000000000000000e+00 0.000000000000000000e+00 0.000000000000000000e+00
6.000000000000000000e+03 2.399934704366679661e-02 0.000000000000000000e+00 1.000000000000000000e+00 0.000000000000000000e+00 0.000000000000000000e+00 0.000000000000000000e+00
6.250000000000000000e+03 2.499931983715297790e-02 0.000000000000000000e+00 1.000000000000000000e+00 0.000000000000000000e+00 0.000000000000000000e+00 0.000000000000000000e+00
6.500000000000000000e+03 2.599929263063915919e-02 0.000000000000000000e+00 1.000000000000000000e+00 0.000000000000000000e+00 0.000000000000000000e+00 0.000000000000000000e+00
6.750000000000000000e+03 2.699926542412511843e-02 0.000000000000000000e+00 1.000000000000000000e+00 0.000000000000000000e+00 0.000000000000000000e+00 0.000000000000000000e+00
7.000000000000000000e+03 2.799923821761129972e-02 0.000000000000000000e+00 1.000000000000000000e+00 0.000000000000000000e+00 0.000000000000000000e+00 0.000000000000000000e+00
7.250000000000000000e+03 2.899921101109748101e-02 0.000000000000000000e+00 1.000000000000000000e+00 0.000000000000000000e+00 0.000000000000000000e+00 0.000000000000000000e+00
7.500000000000000000e+03 2.999918380458344025e-02 0.000000000000000000e+00 1.000000000000000000e+00 0.000000000000000000e+00 0.000000000000000000e+00 0.000000000000000000e+00
7.750000000000000000e+03 3.099915659806962154e-02 0.000000000000000000e+00 1.000000000000000000e+00 0.000000000000000000e+00 0.000000000000000000e+00 0.000000000000000000e+00
8.000000000000000000e+03 3.199912939155580283e-02 0.000000000000000000e+00 1.000000000000000000e+00 0.000000000000000000e+00 0.000000000000000000e+00 0.000000000000000000e+00
8.250000000000000000e+03 3.299910218504198411e-02 0.000000000000000000e+00 1.000000000000000000e+00 0.000000000000000000e+00 0.000000000000000000e+00 0.000000000000000000e+00
8.500000000000000000e+03 3.399907497852794336e-02 0.000000000000000000e+00 1.000000000000000000e+00 0.000000000000000000e+00 0.000000000000000000e+00 0.000000000000000000e+00
8.750000000000000000e+03 3.499904777201412465e-02 0.000000000000000000e+00 1.000000000000000000e+00 0.000000000000000000e+00 0.000000000000000000e+00 0.000000000000000000e+00
9.000000000000000000e+03 3.599902056550030593e-02 0.000000000000000000e+00 1.000000000000000000e+00 0.000000000000000000e+00 0.000000000000000000e+00 0.000000000000000000e+00
9.250000000000000000e+03 3.699899335898626518e-02 0.000000000000000000e+00 1.000000000000000000e+00 0.000000000000000000e+00 0.000000000000000000e+00 0.000000000000000000e+00
9.500000000000000000e+03 3.799896615247244647e-02 0.000000000000000000e+00 1.000000000000000000e+00 0.000000000000000000e+00 0.000000000000000000e+00 0.000000000000000000e+00
9.750000000000000000e+03 3.899893894595862776e-02 0.000000000000000000e+00 1.000000000000000000e+00 0.000000000000000000e+00 0.000000000000000000e+00 0.000000000000000000e+00
1.000000000000000000e+04 3.999891173944480904e-02 0.000000000000000000e+00 1.000000000000000000e+00 0.000000000000000000e+00 0.000000000000000000e+00 0.000000000000000000e+00
1.025000000000000000e+04 4.099888453293076829e-02 0.000000000000000000e+00 1.000000000000000000e+00 0.000000000000000000e+00 0.000000000000000000e+00 0.000000000000000000e+00
1.050000000000000000e+04 4.199885732641694958e-02 0.000000000000000000e+00 1.000000000000000000e+00 0.000000000000000000e+00 0.000000000000000000e+00 0.000000000000000000e+00
1.075000000000000000e+04 4.299883011990313086e-02 0.000000000000000000e+00 1.000000000000000000e+00 0.000000000000000000e+00 0.000000000000000000e+00 0.000000000000000000e+00
1.100000000000000000e+04 4.399880291338909011e-02 0.000000000000000000e+00 1.000000000000000000e+00 0.000000000000000000e+00 0.000000000000000000e+00 0.000000000000000000e+00
1.125000000000000000e+04 4.499877570687527140e-02 0.000000000000000000e+00 1.000000000000000000e+00 0.000000000000000000e+00 0.000000000000000000e+00 0.000000000000000000e+00
1.150000000000000000e+04 4.599874850036145268e-02 0.000000000000000000e+00 1.000000000000000000e+00 0.000000000000000000e+00 0.000000000000000000e+00 0.000000000000000000e+00
1.175000000000000000e+04 4.699872129384763397e-02 0.000000000000000000e+00 1.000000000000000000e+00 0.000000000000000000e+00 0.000000000000000000e+00 0.000000000000000000e+00
1.200000000000000000e+04 4.799869408733359322e-02 0.000000000000000000e+00 1.000000000000000000e+00 0.000000000000000000e+00 0.000000000000000000e+00 0.000000000000000000e+00
1.225000000000000000e+04 4.899866688081977451e-02 0.000000000000000000e+00 1.000000000000000000e+00 0.000000000000000000e+00 0.000000000000000000e+00 0.000000000000000000e+00
1.250000000000000000e+04 4.999863967430595579e-02 0.000000000000000000e+00 1.000000000000000000e+00 0.000000000000000000e+00 0.000000000000000000e+00 0.000000000000000000e+00
1.275000000000000000e+04 5.099861246779191504e-02 0.000000000000000000e+00 1.000000000000000000e+00 0.000000000000000000e+00 0.000000000000000000e+00 0.000000000000000000e+00
1.300000000000000000e+04 5.199858526127809633e-02 0.000000000000000000e+00 1.000000000000000000e+00 0.000000000000000000e+00 0.000000000000000000e+00 0.000000000000000000e+00
1.325000000000000000e+04 5.299855805476427761e-02 0.000000000000000000e+00 1.000000000000000000e+00 0.000000000000000000e+00 0.000000000000000000e+00 0.000000000000000000e+00
1.350000000000000000e+04 5.399853084825045890e-02 0.000000000000000000e+00 1.000000000000000000e+00 0.000000000000000000e+00 0.000000000000000000e+00 0.000000000000000000e+00
1.375000000000000000e+04 5.499850364173641815e-02 0.000000000000000000e+00 1.000000000000000000e+00 0.000000000000000000e+00 0.000000000000000000e+00 0.000000000000000000e+00
1.400000000000000000e+04 5.599847643522259943e-02 0.000000000000000000e+00 1.000000000000000000e+00 0.000000000000000000e+00 0.000000000000000000e+00 0.000000000000000000e+00
1.425000000000000000e+04 5.699844922870878072e-02 0.000000000000000000e+00 1.000000000000000000e+00 0.000000000000000000e+00 0.000000000000000000e+00 0.000000000000000000e+00
1.450000000000000000e+04 5.799842202219473997e-02 0.000000000000000000e+00 1.000000000000000000e+00 0.000000000000000000e+00 0.000000000000000000e+00 0.000000000000000000e+00
1.475000000000000000e+04 5.899839481568092125e-02 0.000000000000000000e+00 1.000000000000000000e+00 0.000000000000000000e+00 0.000000000000000000e+00 0.000000000000000000e+00
1.500000000000000000e+04 5.999836760916710254e-02 0.000000000000000000e+00 1.000000000000000000e+00 0.000000000000000000e+00 0.000000000000000000e+00 0.000000000000000000e+00
1.525000000000000000e+04 6.099834040265328383e-02 2.275830678197542133e-04 9.997724169321802190e-01 0.000000000000000000e+00 0.000000000000000000e+00 0.000000000000000000e+00
1.550000000000000000e+04 6.199831319613924308e-02 0.000000000000000000e+00 1.000000000000000000e+00 0.000000000000000000e+00 0.000000000000000000e+00 0.000000000000000000e+00
1.575000000000000000e+04 6.299828598962542436e-02 2.275830678197542133e-04 9.997724169321802190e-01 0.000000000000000000e+00 0.000000000000000000e+00 0.000000000000000000e+00
1.600000000000000000e+04 6.399825878311160565e-02 0.000000000000000000e+00 1.000000000000000000e+00 0.000000000000000000e+00 0.000000000000000000e+00 0.000000000000000000e+00
1.625000000000000000e+04 6.499823157659756490e-02 0.000000000000000000e+00 1.000000000000000000e+00 0.000000000000000000e+00 0.000000000000000000e+00 0.000000000000000000e+00
1.650000000000000000e+04 6.599820437008374618e-02 0.000000000000000000e+00 1.000000000000000000e+00 0.000000000000000000e+00 0.000000000000000000e+00 0.000000000000000000e+00
1.675000000000000000e+04 6.699817716356992747e-02 2.275830678197542133e-04 9.997724169321802190e-01 0.000000000000000000e+00 0.000000000000000000e+00 0.000000000000000000e+00
1.700000000000000000e+04 6.799814995705610876e-02 0.000000000000000000e+00 1.000000000000000000e+00 0.000000000000000000e+00 0.000000000000000000e+00 0.000000000000000000e+00
1.725000000000000000e+04 6.899812275054206800e-02 0.000000000000000000e+00 1.000000000000000000e+00 0.000000000000000000e+00 0.000000000000000000e+00 0.000000000000000000e+00
1.750000000000000000e+04 6.999809554402824929e-02 0.000000000000000000e+00 1.000000000000000000e+00 0.000000000000000000e+00 0.000000000000000000e+00 0.000000000000000000e+00
1.775000000000000000e+04 7.099806833751443058e-02 0.000000000000000000e+00 1.000000000000000000e+00 0.000000000000000000e+00 0.000000000000000000e+00 0.000000000000000000e+00
1.800000000000000000e+04 7.199804113100038983e-02 0.000000000000000000e+00 1.000000000000000000e+00 0.000000000000000000e+00 0.000000000000000000e+00 0.000000000000000000e+00
1.825000000000000000e+04 7.299801392448657111e-02 1.137915339098771066e-04 9.998862084660901095e-01 0.000000000000000000e+00 0.000000000000000000e+00 0.000000000000000000e+00
1.850000000000000000e+04 7.399798671797275240e-02 0.000000000000000000e+00 1.000000000000000000e+00 0.000000000000000000e+00 0.000000000000000000e+00 0.000000000000000000e+00
1.875000000000000000e+04 7.499795951145893369e-02 7.965407373691396923e-04 9.992034592626308775e-01 0.000000000000000000e+00 0.000000000000000000e+00 0.000000000000000000e+00
1.900000000000000000e+04 7.599793230494489293e-02 2.275830678197542133e-04 9.997724169321802190e-01 0.000000000000000000e+00 0.000000000000000000e+00 0.000000000000000000e+00
1.925000000000000000e+04 7.699790509843107422e-02 0.000000000000000000e+00 1.000000000000000000e+00 0.000000000000000000e+00 0.000000000000000000e+00 0.000000000000000000e+00
1.950000000000000000e+04 7.799787789191725551e-02 1.024123805188893906e-03 9.988620846609012061e-01 0.000000000000000000e+00 1.137915339098771066e-04 0.000000000000000000e+00
1.975000000000000000e+04 7.899785068540321475e-02 4.551661356395084266e-04 9.995448338643604380e-01 0.000000000000000000e+00 0.000000000000000000e+00 0.000000000000000000e+00
2.000000000000000000e+04 7.999782347888939604e-02 5.689576695493854790e-04 9.994310423304506585e-01 0.000000000000000000e+00 0.000000000000000000e+00 0.000000000000000000e+00
2.025000000000000000e+04 8.099779627237557733e-02 3.413746017296313199e-04 9.996586253982703285e-01 0.000000000000000000e+00 0.000000000000000000e+00 0.000000000000000000e+00
2.050000000000000000e+04 8.199776906586153657e-02 0.000000000000000000e+00 1.000000000000000000e+00 0.000000000000000000e+00 0.000000000000000000e+00 0.000000000000000000e+00
2.075000000000000000e+04 8.299774185934771786e-02 3.413746017296313199e-04 9.996586253982703285e-01 0.000000000000000000e+00 0.000000000000000000e+00 0.000000000000000000e+00
2.100000000000000000e+04 8.399771465283389915e-02 3.413746017296313199e-04 9.996586253982703285e-01 0.000000000000000000e+00 0.000000000000000000e+00 0.000000000000000000e+00
2.125000000000000000e+04 8.499768744632008044e-02 1.024123805188893906e-03 9.989758761948110966e-01 0.000000000000000000e+00 0.000000000000000000e+00 0.000000000000000000e+00
2.150000000000000000e+04 8.599766023980603968e-02 9.103322712790168532e-04 9.987482931269913156e-01 0.000000000000000000e+00 3.413746017296313199e-04 0.000000000000000000e+00
2.175000000000000000e+04 8.699763303329222097e-02 0.000000000000000000e+00 1.000000000000000000e+00 0.000000000000000000e+00 0.000000000000000000e+00 0.000000000000000000e+00
2.200000000000000000e+04 8.799760582677840226e-02 7.965407373691396923e-04 9.992034592626308775e-01 0.000000000000000000e+00 0.000000000000000000e+00 0.000000000000000000e+00
2.225000000000000000e+04 8.899757862026436150e-02 1.137915339098771066e-04 9.998862084660901095e-01 0.000000000000000000e+00 0.000000000000000000e+00 0.000000000000000000e+00
2.250000000000000000e+04 8.999755141375054279e-02 1.820664542558033706e-03 9.980655439235320836e-01 0.000000000000000000e+00 1.137915339098771066e-04 0.000000000000000000e+00
2.275000000000000000e+04 9.099752420723672408e-02 1.137915339098771066e-04 9.998862084660901095e-01 0.000000000000000000e+00 0.000000000000000000e+00 0.000000000000000000e+00
2.300000000000000000e+04 9.199749700072290537e-02 9.103322712790168532e-04 9.989758761948110966e-01 0.000000000000000000e+00 1.137915339098771066e-04 0.000000000000000000e+00
2.325000000000000000e+04 9.299746979420886461e-02 7.965407373691396923e-04 9.992034592626308775e-01 0.000000000000000000e+00 0.000000000000000000e+00 0.000000000000000000e+00
2.350000000000000000e+04 9.399744258769504590e-02 1.593081474738279385e-03 9.984069185252617551e-01 0.000000000000000000e+00 0.000000000000000000e+00 0.000000000000000000e+00
2.375000000000000000e+04 9.499741538118122719e-02 2.730996813837050560e-03 9.971552116522530707e-01 0.000000000000000000e+00 1.137915339098771066e-04 0.000000000000000000e+00
2.400000000000000000e+04 9.599738817466718643e-02 1.593081474738279385e-03 9.984069185252617551e-01 0.000000000000000000e+00 0.000000000000000000e+00 0.000000000000000000e+00
2.425000000000000000e+04 9.699736096815336772e-02 3.982703686845699004e-03 9.959035047792443862e-01 0.000000000000000000e+00 1.137915339098771066e-04 0.000000000000000000e+00
2.450000000000000000e+04 9.799733376163954901e-02 2.958579881656804664e-03 9.970414201183431802e-01 0.000000000000000000e+00 0.000000000000000000e+00 0.000000000000000000e+00
2.475000000000000000e+04 9.899730655512573030e-02 3.868912152935821518e-03 9.960172963131542767e-01 0.000000000000000000e+00 1.137915339098771066e-04 0.000000000000000000e+00
2.500000000000000000e+04 9.999727934861168954e-02 3.868912152935821518e-03 9.959035047792443862e-01 0.000000000000000000e+00 2.275830678197542133e-04 0.000000000000000000e+00
2.525000000000000000e+04 1.009972521420978708e-01 4.893035958124715423e-03 9.946517979062358128e-01 0.000000000000000000e+00 4.551661356395084266e-04 0.000000000000000000e+00
2.550000000000000000e+04 1.019972249355840521e-01 5.689576695493855224e-03 9.940828402366863603e-01 0.000000000000000000e+00 2.275830678197542133e-04 0.000000000000000000e+00
2.575000000000000000e+04 1.029971977290700114e-01 5.689576695493855224e-03 9.943104233045061413e-01 0.000000000000000000e+00 0.000000000000000000e+00 0.000000000000000000e+00
2.600000000000000000e+04 1.039971705225561927e-01 6.372325898953117539e-03 9.935138825671370189e-01 0.000000000000000000e+00 1.137915339098771066e-04 0.000000000000000000e+00
2.625000000000000000e+04 1.049971433160423739e-01 4.551661356395083832e-03 9.953345471096950448e-01 0.000000000000000000e+00 1.137915339098771066e-04 0.000000000000000000e+00
2.650000000000000000e+04 1.059971161095285552e-01 8.875739644970414427e-03 9.904415111515703085e-01 0.000000000000000000e+00 6.827492034592626399e-04 0.000000000000000000e+00
2.675000000000000000e+04 1.069970889030145145e-01 1.012744651797906244e-02 9.887346381429221731e-01 0.000000000000000000e+00 1.137915339098770958e-03 0.000000000000000000e+00
2.700000000000000000e+04 1.079970616965006958e-01 1.558944014565316269e-02 9.824761037778789730e-01 0.000000000000000000e+00 1.934456076467910759e-03 0.000000000000000000e+00
2.725000000000000000e+04 1.089970344899868770e-01 2.810650887573964626e-02 9.479972690031861493e-01 0.000000000000000000e+00 2.389622212107419055e-02 0.000000000000000000e+00
2.750000000000000000e+04 1.099970072834728363e-01 1.474738279472007363e-01 4.560764679107874309e-01 0.000000000000000000e+00 3.964497041420118606e-01 0.000000000000000000e+00
2.775000000000000000e+04 1.109969800769590176e-01 2.347519344560764776e-01 2.521620391442876419e-01 1.173190714610832935e-01 3.957669549385525731e-01 0.000000000000000000e+00
2.800000000000000000e+04 1.119969528704451989e-01 2.836822940373236457e-01 2.777651342740100060e-01 3.239644970414201075e-01 1.145880746472462408e-01 0.000000000000000000e+00
2.825000000000000000e+04 1.129969256639313802e-01 2.473827947200728239e-01 2.496586253982703563e-01 3.981565771506599960e-01 1.048020027309968100e-01 0.000000000000000000e+00
2.850000000000000000e+04 1.139968984574173394e-01 1.994765589440145592e-01 2.061902594446973214e-01 5.063723258989530907e-01 8.796085571233500100e-02 0.000000000000000000e+00
2.875000000000000000e+04 1.149968712509035207e-01 1.451979972690031762e-01 1.550978607191624836e-01 6.213017751479289474e-01 7.840236686390532339e-02 0.000000000000000000e+00
2.900000000000000000e+04 1.159968440443897020e-01 1.323395539371870766e-01 1.808147473827947105e-01 6.382567137005006330e-01 4.858898497951752438e-02 0.000000000000000000e+00
2.925000000000000000e+04 1.169968168378756612e-01 1.299499317250796537e-01 2.401001365498406925e-01 5.803368229403732537e-01 4.961310878470642088e-02 0.000000000000000000e+00
2.950000000000000000e+04 1.179967896313618425e-01 1.164087391898042806e-01 2.762858443331815961e-01 5.720300409649522466e-01 3.527537551206190447e-02 0.000000000000000000e+00
2.975000000000000000e+04 1.189967624248480238e-01 1.020710059171597572e-01 2.733272644515248317e-01 5.873918980427855763e-01 3.720983158852981393e-02 0.000000000000000000e+00
3.000000000000000000e+04 1.199967352183342051e-01 9.296768320436959998e-02 2.834547109695038647e-01 5.937642239417387779e-01 2.981338188438780248e-02 0.000000000000000000e+00
3.025000000000000000e+04 1.209967080118201643e-01 9.569868001820663883e-02 2.876649977241693135e-01 5.919435593991807520e-01 2.469276285844333035e-02 0.000000000000000000e+00
3.050000000000000000e+04 1.219966808053063456e-01 8.898497951752389057e-02 2.856167501137915066e-01 5.975193445607647202e-01 2.787892580791988956e-02 0.000000000000000000e+00
3.075000000000000000e+04 1.229966535987925269e-01 9.239872553482020301e-02 2.939235320892125691e-01 5.929676832043695445e-01 2.071005917159763482e-02 0.000000000000000000e+00
3.100000000000000000e+04 1.239966263922784862e-01 8.921256258534364381e-02 2.941511151570322946e-01 5.929676832043695445e-01 2.366863905325443732e-02 0.000000000000000000e+00
3.125000000000000000e+04 1.249965991857646674e-01 9.160218479745106668e-02 2.899408284023668458e-01 5.942193900773782289e-01 2.423759672280382388e-02 0.000000000000000000e+00
3.150000000000000000e+04 1.259965719792508487e-01 8.921256258534364381e-02 2.966545289030496080e-01 5.917159763313609711e-01 2.241693218024579104e-02 0.000000000000000000e+00
3.175000000000000000e+04 1.269965447727370300e-01 8.648156577150660496e-02 2.949476558944014726e-01 5.938780154756485574e-01 2.469276285844333035e-02 0.000000000000000000e+00
3.200000000000000000e+04 1.279965175662229893e-01 8.887118798361401395e-02 3.047337278106508895e-01 5.810195721438324856e-01 2.537551206190259354e-02 0.000000000000000000e+00
3.225000000000000000e+04 1.289964903597091705e-01 8.887118798361401395e-02 3.023441055985434667e-01 5.837505689576695245e-01 2.503413746017296368e-02 0.000000000000000000e+00
3.250000000000000000e+04 1.299964631531953518e-01 8.875739644970413733e-02 3.023441055985434667e-01 5.857988165680473314e-01 2.309968138370505075e-02 0.000000000000000000e+00
3.275000000000000000e+04 1.309964359466813111e-01 9.342284934000910646e-02 3.006372325898953313e-01 5.839781520254893055e-01 2.196176604460628110e-02 0.000000000000000000e+00
3.300000000000000000e+04 1.319964087401674924e-01 9.069185252617205373e-02 3.060992262175694090e-01 5.814747382794720476e-01 2.173418297678652786e-02 0.000000000000000000e+00
3.325000000000000000e+04 1.329963815336536737e-01 9.091943559399180697e-02 3.189576695493855363e-01 5.704369594902138907e-01 1.968593536640873831e-02 0.000000000000000000e+00
3.350000000000000000e+04 1.339963543271398549e-01 9.023668639053254725e-02 3.215748748293126846e-01 5.682749203459263043e-01 1.991351843422849502e-02 0.000000000000000000e+00
3.375000000000000000e+04 1.349963271206258142e-01 9.148839326354119006e-02 3.369367319071461253e-01 5.525716886663631922e-01 1.900318616294947513e-02 0.000000000000000000e+00
3.400000000000000000e+04 1.359962999141119955e-01 8.739189804278561791e-02 4.161356395084205850e-01 4.830450614474283144e-01 1.342740100136549826e-02 0.000000000000000000e+00
3.425000000000000000e+04 1.369962727075981768e-01 8.272644515248064878e-02 4.342284934000910090e-01 4.695038689121529552e-01 1.354119253527537488e-02 0.000000000000000000e+00
3.450000000000000000e+04 1.379962455010841360e-01 8.420573509330905870e-02 4.340009103322712836e-01 4.701866181156121871e-01 1.160673645880746542e-02 0.000000000000000000e+00
3.475000000000000000e+04 1.389962182945703173e-01 8.056440600819299303e-02 4.358215748748293095e-01 4.677969959035047642e-01 1.581702321347291593e-02 0.000000000000000000e+00
3.500000000000000000e+04 1.399961910880564986e-01 8.420573509330905870e-02 4.473145197997269173e-01 4.561902594446973214e-01 1.228948566226672687e-02 0.000000000000000000e+00
3.525000000000000000e+04 1.409961638815426799e-01 7.840236686390532339e-02 5.117205279927173889e-01 4.048702776513427581e-01 5.006827492034592909e-03 0.000000000000000000e+00
3.550000000000000000e+04 1.419961366750286391e-01 6.895766954938552240e-02 5.416477014110150368e-01 3.890532544378698110e-01 3.413746017296313199e-04 0.000000000000000000e+00
3.575000000000000000e+04 1.429961094685148204e-01 6.827492034592626269e-02 5.419890760127445972e-01 3.893946290395994270e-01 3.413746017296313199e-04 0.000000000000000000e+00
3.600000000000000000e+04 1.439960822620010017e-01 6.827492034592626269e-02 5.419890760127445972e-01 3.892808375056895920e-01 4.551661356395084266e-04 0.000000000000000000e+00
3.625000000000000000e+04 1.449960550554869609e-01 6.793354574419663283e-02 5.418752844788348177e-01 3.899635867091488239e-01 2.275830678197542133e-04 0.000000000000000000e+00
3.650000000000000000e+04 1.459960278489731422e-01 6.827492034592626269e-02 5.419890760127445972e-01 3.895084205735093175e-01 2.275830678197542133e-04 0.000000000000000000e+00
3.675000000000000000e+04 1.469960006424593235e-01 6.861629494765589254e-02 5.421028675466544877e-01 3.889394629039599205e-01 3.413746017296313199e-04 0.000000000000000000e+00
3.700000000000000000e+04 1.479959734359455048e-01 6.770596267637687959e-02 5.424442421483841592e-01 3.893946290395994270e-01 4.551661356395084266e-04 0.000000000000000000e+00
3.725000000000000000e+04 1.489959462294314640e-01 6.781975421028675621e-02 5.422166590805643782e-01 3.895084205735093175e-01 4.551661356395084266e-04 0.000000000000000000e+00
3.750000000000000000e+04 1.499959190229176453e-01 6.827492034592626269e-02 5.417614929449249273e-01 3.895084205735093175e-01 4.551661356395084266e-04 0.000000000000000000e+00
3.775000000000000000e+04 1.509958918164038266e-01 6.781975421028675621e-02 5.421028675466544877e-01 3.893946290395994270e-01 6.827492034592626399e-04 0.000000000000000000e+00
3.800000000000000000e+04 1.519958646098897859e-01 6.770596267637687959e-02 5.422166590805643782e-01 3.895084205735093175e-01 5.689576695493854790e-04 0.000000000000000000e+00
3.825000000000000000e+04 1.529958374033759672e-01 6.850250341374601593e-02 5.418752844788348177e-01 3.895084205735093175e-01 1.137915339098771066e-04 0.000000000000000000e+00
3.850000000000000000e+04 1.539958101968621484e-01 6.827492034592626269e-02 5.421028675466544877e-01 3.891670459717797015e-01 4.551661356395084266e-04 0.000000000000000000e+00
3.875000000000000000e+04 1.549957829903483297e-01 6.827492034592626269e-02 5.418752844788348177e-01 3.892808375056895920e-01 5.689576695493854790e-04 0.000000000000000000e+00
3.900000000000000000e+04 1.559957557838342890e-01 6.907146108329539902e-02 5.419890760127445972e-01 3.884842967683204140e-01 4.551661356395084266e-04 0.000000000000000000e+00
3.925000000000000000e+04 1.569957285773204703e-01 6.827492034592626269e-02 5.419890760127445972e-01 3.893946290395994270e-01 3.413746017296313199e-04 0.000000000000000000e+00
3.950000000000000000e+04 1.579957013708066516e-01 6.713700500682749650e-02 5.423304506144742687e-01 3.898497951752389890e-01 6.827492034592626399e-04 0.000000000000000000e+00
3.975000000000000000e+04 1.589956741642926108e-01 6.781975421028675621e-02 5.422166590805643782e-01 3.895084205735093175e-01 4.551661356395084266e-04 0.000000000000000000e+00
4.000000000000000000e+04 1.599956469577787921e-01 6.770596267637687959e-02 5.422166590805643782e-01 3.892808375056895920e-01 7.965407373691396923e-04 0.000000000000000000e+00
4.025000000000000000e+04 1.609956197512649734e-01 6.850250341374601593e-02 5.422166590805643782e-01 3.889394629039599205e-01 3.413746017296313199e-04 0.000000000000000000e+00
4.050000000000000000e+04 1.619955925447511547e-01 6.941283568502502888e-02 5.418752844788348177e-01 3.883705052344105790e-01 3.413746017296313199e-04 0.000000000000000000e+00
4.075000000000000000e+04 1.629955653382371139e-01 6.850250341374601593e-02 5.423304506144742687e-01 3.884842967683204140e-01 6.827492034592626399e-04 0.000000000000000000e+00
4.100000000000000000e+04 1.639955381317232952e-01 6.964041875284478211e-02 5.418752844788348177e-01 3.880291306326809075e-01 4.551661356395084266e-04 0.000000000000000000e+00
4.125000000000000000e+04 1.649955109252094765e-01 7.214383249886208160e-02 5.410787437414655843e-01 3.859808830223031562e-01 7.965407373691396923e-04 0.000000000000000000e+00
4.150000000000000000e+04 1.659954837186954357e-01 7.259899863450158808e-02 5.415339098771051463e-01 3.848429676832043622e-01 1.024123805188893906e-03 0.000000000000000000e+00
4.175000000000000000e+04 1.669954565121816170e-01 7.817478379608557015e-02 5.384615384615384359e-01 3.830223031406463363e-01 3.413746017296313199e-04 0.000000000000000000e+00
4.200000000000000000e+04 1.679954293056677983e-01 7.965407373691398007e-02 5.421028675466544877e-01 3.757396449704141772e-01 2.503413746017296455e-03 0.000000000000000000e+00
4.225000000000000000e+04 1.689954020991539796e-01 7.498862084660901095e-02 5.468821119708693335e-01 3.755120619025944517e-01 2.617205279927173507e-03 0.000000000000000000e+00
4.250000000000000000e+04 1.699953748926399388e-01 8.693673190714611143e-02 6.264223941738734647e-01 2.807237141556668258e-01 5.917159763313609329e-03 0.000000000000000000e+00
4.275000000000000000e+04 1.709953476861261201e-01 6.167501137915339104e-02 8.033682294037323146e-01 1.326809285389166926e-01 2.275830678197541916e-03 0.000000000000000000e+00
4.300000000000000000e+04 1.719953204796123014e-01 4.062357760582612637e-02 8.596950386891215601e-01 9.626763768775603580e-02 3.413746017296313308e-03 0.000000000000000000e+00
4.325000000000000000e+04 1.729952932730982607e-01 2.981338188438780248e-02 8.596950386891215601e-01 1.054847519344560697e-01 5.006827492034592909e-03 0.000000000000000000e+00
4.350000000000000000e+04 1.739952660665844419e-01 2.844788347746927612e-02 8.668639053254437732e-01 1.003641329085116080e-01 4.324078288575329727e-03 0.000000000000000000e+00
4.375000000000000000e+04 1.749952388600706232e-01 2.856167501137915274e-02 8.640191169776968438e-01 1.036640873918980438e-01 3.755120619025944465e-03 0.000000000000000000e+00
4.400000000000000000e+04 1.759952116535568045e-01 2.901684114701866268e-02 8.573054164770140817e-01 1.088984979517523960e-01 4.779244424214838804e-03 0.000000000000000000e+00
4.425000000000000000e+04 1.769951844470427638e-01 2.787892580791988956e-02 8.653846153846154188e-01 1.034365043240782905e-01 3.299954483386436255e-03 0.000000000000000000e+00
4.450000000000000000e+04 1.779951572405289451e-01 2.935821574874829254e-02 8.602639963586709015e-01 1.058261265361857134e-01 4.551661356395083832e-03 0.000000000000000000e+00
4.475000000000000000e+04 1.789951300340151263e-01 2.844788347746927612e-02 8.602639963586709015e-01 1.071916249431042328e-01 4.096495220755575623e-03 0.000000000000000000e+00
4.500000000000000000e+04 1.799951028275010856e-01 2.935821574874829254e-02 8.669776968593536637e-01 1.007055075102412378e-01 2.958579881656804664e-03 0.000000000000000000e+00
4.525000000000000000e+04 1.809950756209872669e-01 2.901684114701866268e-02 8.678880291306326766e-01 9.968138370505234824e-02 3.413746017296313308e-03 0.000000000000000000e+00
4.550000000000000000e+04 1.819950484144734482e-01 2.730996813837050646e-02 8.648156577150659663e-01 1.043468365953573035e-01 3.527537551206190360e-03 0.000000000000000000e+00
4.575000000000000000e+04 1.829950212079596295e-01 2.867546654528902936e-02 8.657259899863449792e-01 1.015020482476103741e-01 4.096495220755575623e-03 0.000000000000000000e+00
4.600000000000000000e+04 1.839949940014455887e-01 3.015475648611743234e-02 8.661811561219845412e-01 1.007055075102412378e-01 2.958579881656804664e-03 0.000000000000000000e+00
4.625000000000000000e+04 1.849949667949317700e-01 2.844788347746927612e-02 8.632225762403277214e-01 1.045744196631770567e-01 3.755120619025944465e-03 0.000000000000000000e+00
4.650000000000000000e+04 1.859949395884179513e-01 2.719617660446062984e-02 8.656121984524350887e-01 1.024123805188894010e-01 4.779244424214838804e-03 0.000000000000000000e+00
4.675000000000000000e+04 1.869949123819039105e-01 2.901684114701866268e-02 8.687983614019116896e-01 9.808830223031406170e-02 4.096495220755575623e-03 0.000000000000000000e+00
4.700000000000000000e+04 1.879948851753900918e-01 2.913063268092853930e-02 8.656121984524350887e-01 1.011606736458807443e-01 4.096495220755575623e-03 0.000000000000000000e+00
4.725000000000000000e+04 1.889948579688762731e-01 2.708238507055074976e-02 8.677742375967227861e-01 1.008192990441511144e-01 4.324078288575329727e-03 0.000000000000000000e+00
4.750000000000000000e+04 1.899948307623624544e-01 2.662721893491124328e-02 8.711879836140191680e-01 9.820209376422393832e-02 3.982703686845699004e-03 0.000000000000000000e+00
4.775000000000000000e+04 1.909948035558484136e-01 2.605826126536185672e-02 8.664087391898043222e-01 1.021847974510696339e-01 5.348202093764223633e-03 0.000000000000000000e+00
4.800000000000000000e+04 1.919947763493345949e-01 2.890304961310878606e-02 8.676604460628128956e-01 9.865725989986344480e-02 4.779244424214838804e-03 0.000000000000000000e+00
4.825000000000000000e+04 1.929947491428207762e-01 2.776513427401001294e-02 8.705052344105598250e-01 9.797451069640418508e-02 3.755120619025944465e-03 0.000000000000000000e+00
4.850000000000000000e+04 1.939947219363067354e-01 2.810650887573964626e-02 8.686845698680017991e-01 9.888484296768319803e-02 4.324078288575329727e-03 0.000000000000000000e+00
4.875000000000000000e+04 1.949946947297929167e-01 2.628584433318160996e-02 8.689121529358215801e-01 9.945380063723259501e-02 5.348202093764223633e-03 0.000000000000000000e+00
4.900000000000000000e+04 1.959946675232790980e-01 2.776513427401001294e-02 8.720983158852981809e-01 9.638142922166591242e-02 3.755120619025944465e-03 0.000000000000000000e+00
4.925000000000000000e+04 1.969946403167652793e-01 2.787892580791988956e-02 8.711879836140191680e-01 9.672280382339554228e-02 4.210286754665453109e-03 0.000000000000000000e+00
4.950000000000000000e+04 1.979946131102512386e-01 2.583067819754210348e-02 8.702776513427401550e-01 9.899863450159307465e-02 4.893035958124715423e-03 0.000000000000000000e+00
4.975000000000000000e+04 1.989945859037374198e-01 2.605826126536185672e-02 8.713017751479289474e-01 9.729176149294492537e-02 5.348202093764223633e-03 0.000000000000000000e+00
5.000000000000000000e+04 1.999945586972236011e-01 2.776513427401001294e-02 8.717569412835685094e-01 9.592626308602640595e-02 4.551661356395083832e-03 0.000000000000000000e+00
5.025000000000000000e+04 2.009945314907095604e-01 2.742375967228038308e-02 8.718707328174783999e-01 9.683659535730541890e-02 3.868912152935821518e-03 0.000000000000000000e+00
5.050000000000000000e+04 2.019945042841957417e-01 2.674101046882111990e-02 8.720983158852981809e-01 9.672280382339554228e-02 4.437869822485207214e-03 0.000000000000000000e+00
5.075000000000000000e+04 2.029944770776819229e-01 3.026854802002730896e-02 8.718707328174783999e-01 9.410559854346836617e-02 3.755120619025944465e-03 0.000000000000000000e+00
5.100000000000000000e+04 2.039944498711681042e-01 2.969959035047792587e-02 8.691397360036413611e-01 9.604005461993628257e-02 5.120619025944469528e-03 0.000000000000000000e+00
5.125000000000000000e+04 2.049944226646540635e-01 2.708238507055074976e-02 8.750568957669548897e-01 9.399180700955848955e-02 3.868912152935821518e-03 0.000000000000000000e+00
5.150000000000000000e+04 2.059943954581402448e-01 2.992717341829767910e-02 8.707328174783796060e-01 9.547109695038688559e-02 3.868912152935821518e-03 0.000000000000000000e+00
5.175000000000000000e+04 2.069943682516264261e-01 2.833409194355939950e-02 8.746017296313154388e-01 9.274010013654984674e-02 4.324078288575329727e-03 0.000000000000000000e+00
5.200000000000000000e+04 2.079943410451123853e-01 2.719617660446062984e-02 8.732362312243968638e-01 9.512972234865725574e-02 4.437869822485207214e-03 0.000000000000000000e+00
5.225000000000000000e+04 2.089943138385985666e-01 2.913063268092853930e-02 8.713017751479289474e-01 9.535730541647700897e-02 4.210286754665453109e-03 0.000000000000000000e+00
5.250000000000000000e+04 2.099942866320847479e-01 2.571688666363222686e-02 8.739189804278562068e-01 9.490213928083750250e-02 5.461993627674101119e-03 0.000000000000000000e+00
5.275000000000000000e+04 2.109942594255709292e-01 2.810650887573964626e-02 8.723258989531178509e-01 9.626763768775603580e-02 3.299954483386436255e-03 0.000000000000000000e+00
5.300000000000000000e+04 2.119942322190568884e-01 2.605826126536185672e-02 8.735776058261265353e-01 9.626763768775603580e-02 4.096495220755575623e-03 0.000000000000000000e+00
5.325000000000000000e+04 2.129942050125430697e-01 2.799271734182976618e-02 8.735776058261265353e-01 9.535730541647700897e-02 3.072371415566681717e-03 0.000000000000000000e+00
5.350000000000000000e+04 2.139941778060292510e-01 3.903049613108784677e-02 8.614019116977696955e-01 9.649522075557578904e-02 3.072371415566681717e-03 0.000000000000000000e+00
5.375000000000000000e+04 2.149941505995152102e-01 5.075102412380518707e-02 8.384160218479744797e-01 1.092398725534820259e-01 1.593081474738279385e-03 0.000000000000000000e+00
5.400000000000000000e+04 2.159941233930013915e-01 5.985434683659535821e-02 8.167956304050978389e-01 1.222121074192080159e-01 1.137915339098770958e-03 0.000000000000000000e+00
5.425000000000000000e+04 2.169940961864875728e-01 6.781975421028675621e-02 8.016613563950841792e-01 1.290395994538006408e-01 1.479289940828402332e-03 0.000000000000000000e+00
5.450000000000000000e+04 2.179940689799737541e-01 7.635411925352754425e-02 7.983614019116977989e-01 1.234638142922166587e-01 1.820664542558033706e-03 0.000000000000000000e+00
5.475000000000000000e+04 2.189940417734597133e-01 7.680928538916705073e-02 7.823167956304051263e-01 1.364360491579426626e-01 4.437869822485207214e-03 0.000000000000000000e+00
5.500000000000000000e+04 2.199940145669458946e-01 9.091943559399180697e-02 7.372553482020938187e-01 1.672735548475193512e-01 4.551661356395083832e-03 0.000000000000000000e+00
5.525000000000000000e+04 2.209939873604320759e-01 1.021847974510696339e-01 6.835457441966317216e-01 2.107419208010923861e-01 3.527537551206190360e-03 0.000000000000000000e+00
5.550000000000000000e+04 2.219939601539180352e-01 1.042330450614474269e-01 6.552116522530723186e-01 2.346381429221665871e-01 5.917159763313609329e-03 0.000000000000000000e+00
5.575000000000000000e+04 2.229939329474042164e-01 1.051433773327264398e-01 6.517979062357760478e-01 2.390760127446517891e-01 3.982703686845699004e-03 0.000000000000000000e+00
5.600000000000000000e+04 2.239939057408903977e-01 1.058261265361857134e-01 6.549840691852526486e-01 2.349795175238962308e-01 4.210286754665453109e-03 0.000000000000000000e+00
5.625000000000000000e+04 2.249938785343765790e-01 1.069640418752844796e-01 6.549840691852526486e-01 2.345243513882567243e-01 3.527537551206190360e-03 0.000000000000000000e+00
5.650000000000000000e+04 2.259938513278625383e-01 1.085571233500227523e-01 6.491807009558488994e-01 2.381656804733727761e-01 4.096495220755575623e-03 0.000000000000000000e+00
5.675000000000000000e+04 2.269938241213487196e-01 1.046882111970869333e-01 6.451979972690031762e-01 2.443104233045061413e-01 5.803368229403732710e-03 0.000000000000000000e+00
