# itime ezz other fcc hcp bcc ico
0.000000000000000000e+00 0.000000000000000000e+00 0.000000000000000000e+00 1.000000000000000000e+00 0.000000000000000000e+00 0.000000000000000000e+00 0.000000000000000000e+00
2.500000000000000000e+03 9.999983904295017823e-03 0.000000000000000000e+00 1.000000000000000000e+00 0.000000000000000000e+00 0.000000000000000000e+00 0.000000000000000000e+00
5.000000000000000000e+03 1.999996780859003565e-02 0.000000000000000000e+00 1.000000000000000000e+00 0.000000000000000000e+00 0.000000000000000000e+00 0.000000000000000000e+00
7.500000000000000000e+03 2.999995171288483142e-02 0.000000000000000000e+00 1.000000000000000000e+00 0.000000000000000000e+00 0.000000000000000000e+00 0.000000000000000000e+00
1.000000000000000000e+04 3.999993561717984925e-02 0.000000000000000000e+00 1.000000000000000000e+00 0.000000000000000000e+00 0.000000000000000000e+00 0.000000000000000000e+00
1.250000000000000000e+04 4.999991952147486707e-02 0.000000000000000000e+00 1.000000000000000000e+00 0.000000000000000000e+00 0.000000000000000000e+00 0.000000000000000000e+00
1.500000000000000000e+04 5.999990342576988489e-02 0.000000000000000000e+00 1.000000000000000000e+00 0.000000000000000000e+00 0.000000000000000000e+00 0.000000000000000000e+00
1.750000000000000000e+04 6.999988733006468067e-02 0.000000000000000000e+00 1.000000000000000000e+00 0.000000000000000000e+00 0.000000000000000000e+00 0.000000000000000000e+00
2.000000000000000000e+04 7.999987123435969849e-02 5.689576695493854790e-04 9.994310423304506585e-01 0.000000000000000000e+00 0.000000000000000000e+00 0.000000000000000000e+00
2.250000000000000000e+04 8.999985513865471631e-02 1.820664542558033706e-03 9.980655439235320836e-01 0.000000000000000000e+00 1.137915339098771066e-04 0.000000000000000000e+00
2.500000000000000000e+04 9.999983904294973414e-02 3.868912152935821518e-03 9.959035047792443862e-01 0.000000000000000000e+00 2.275830678197542133e-04 0.000000000000000000e+00
2.750000000000000000e+04 1.099998229472447520e-01 1.474738279472007363e-01 4.560764679107874309e-01 0.000000000000000000e+00 3.964497041420118606e-01 0.000000000000000000e+00
3.000000000000000000e+04 1.199998068515395477e-01 9.296768320436959998e-02 2.834547109695038647e-01 5.937642239417387779e-01 2.981338188438780248e-02 0.000000000000000000e+00
3.250000000000000000e+04 1.299997907558345656e-01 8.875739644970413733e-02 3.023441055985434667e-01 5.857988165680473314e-01 2.309968138370505075e-02 0.000000000000000000e+00
3.500000000000000000e+04 1.399997746601295834e-01 8.420573509330905870e-02 4.473145197997269173e-01 4.561902594446973214e-01 1.228948566226672687e-02 0.000000000000000000e+00
3.750000000000000000e+04 1.499997585644246012e-01 6.827492034592626269e-02 5.417614929449249273e-01 3.895084205735093175e-01 4.551661356395084266e-04 0.000000000000000000e+00
4.000000000000000000e+04 1.599997424687193970e-01 6.770596267637687959e-02 5.422166590805643782e-01 3.892808375056895920e-01 7.965407373691396923e-04 0.000000000000000000e+00
4.250000000000000000e+04 1.699997263730144148e-01 8.693673190714611143e-02 6.264223941738734647e-01 2.807237141556668258e-01 5.917159763313609329e-03 0.000000000000000000e+00
4.500000000000000000e+04 1.799997102773094326e-01 2.935821574874829254e-02 8.669776968593536637e-01 1.007055075102412378e-01 2.958579881656804664e-03 0.000000000000000000e+00
4.750000000000000000e+04 1.899996941816044504e-01 2.662721893491124328e-02 8.711879836140191680e-01 9.820209376422393832e-02 3.982703686845699004e-03 0.000000000000000000e+00
5.000000000000000000e+04 1.999996780858994683e-01 2.776513427401001294e-02 8.717569412835685094e-01 9.592626308602640595e-02 4.551661356395083832e-03 0.000000000000000000e+00
5.250000000000000000e+04 2.099996619901942640e-01 2.571688666363222686e-02 8.739189804278562068e-01 9.490213928083750250e-02 5.461993627674101119e-03 0.000000000000000000e+00
5.500000000000000000e+04 2.199996458944892819e-01 9.091943559399180697e-02 7.372553482020938187e-01 1.672735548475193512e-01 4.551661356395083832e-03 0.000000000000000000e+00
5.750000000000000000e+04 2.299996297987842997e-01 1.172052799271734169e-01 6.480427856167501055e-01 2.302002730996813851e-01 4.551661356395083832e-03 0.000000000000000000e+00
6.000000000000000000e+04 2.399996137030793175e-01 1.208466090122894826e-01 6.398497951752389890e-01 2.345243513882567243e-01 4.779244424214838804e-03 0.000000000000000000e+00
6.250000000000000000e+04 2.499995976073741133e-01 1.364360491579426626e-01 6.357532999544833752e-01 2.224624487938097472e-01 5.348202093764223633e-03 0.000000000000000000e+00
6.500000000000000000e+04 2.599995815116691311e-01 1.523668639053254448e-01 6.071916249431041912e-01 2.361174328629949970e-01 4.324078288575329727e-03 0.000000000000000000e+00
6.750000000000000000e+04 2.699995654159641489e-01 1.830905780609922706e-01 6.058261265361857273e-01 2.051661356395084179e-01 5.917159763313609329e-03 0.000000000000000000e+00
7.000000000000000000e+04 2.799995493202591668e-01 1.792216659080564378e-01 6.148156577150659663e-01 1.995903504779244497e-01 6.372325898953117539e-03 0.000000000000000000e+00
7.250000000000000000e+04 2.899995332245539625e-01 1.826354119253527641e-01 6.172052799271734447e-01 1.940145653163404538e-01 6.144742831133363434e-03 0.000000000000000000e+00
7.500000000000000000e+04 2.999995171288489804e-01 1.896904870277651423e-01 6.109467455621301335e-01 1.935593991807009473e-01 5.803368229403732710e-03 0.000000000000000000e+00
7.750000000000000000e+04 3.099995010331439982e-01 2.018661811561219821e-01 5.826126536185707305e-01 2.109695038689121394e-01 4.551661356395083832e-03 0.000000000000000000e+00
8.000000000000000000e+04 3.199994849374390160e-01 2.077833409194355940e-01 5.718024578971324656e-01 2.164314974965862448e-01 3.982703686845699004e-03 0.000000000000000000e+00
8.250000000000000000e+04 3.299994688417340338e-01 2.216659080564405970e-01 5.169549385525716856e-01 2.568274920345926526e-01 4.551661356395083832e-03 0.000000000000000000e+00
8.500000000000000000e+04 3.399994527460288296e-01 2.113108784706417831e-01 5.302685480200273194e-01 2.546654528903049552e-01 3.755120619025944465e-03 0.000000000000000000e+00
8.750000000000000000e+04 3.499994366503238474e-01 2.209831588529813373e-01 5.259444697314519246e-01 2.496586253982703563e-01 3.413746017296313308e-03 0.000000000000000000e+00
9.000000000000000000e+04 3.599994205546188653e-01 2.201866181156121871e-01 5.218479745106964218e-01 2.523896222121074229e-01 5.575785161583977738e-03 0.000000000000000000e+00
9.250000000000000000e+04 3.699994044589138831e-01 2.361174328629949970e-01 5.209376422394174089e-01 2.368001820664542567e-01 6.144742831133363434e-03 0.000000000000000000e+00
9.500000000000000000e+04 3.799993883632086789e-01 2.229176149294492537e-01 5.850022758306782089e-01 1.860491579426490627e-01 6.030951297223486815e-03 0.000000000000000000e+00
9.750000000000000000e+04 3.899993722675039187e-01 1.818388711879836139e-01 6.279016841147018191e-01 1.869594902139280757e-01 3.299954483386436255e-03 0.000000000000000000e+00
1.000000000000000000e+05 3.999993561717984925e-01 1.801319981793354508e-01 6.339326354119253493e-01 1.836595357305416398e-01 2.275830678197541916e-03 0.000000000000000000e+00
1.025000000000000000e+05 4.099993400760937323e-01 1.857077833409194467e-01 6.330223031406463363e-01 1.788802913063268218e-01 2.389622212107419402e-03 0.000000000000000000e+00
1.050000000000000000e+05 4.199993239803885281e-01 2.094902139280837572e-01 6.656804733727810230e-01 1.205052344105598527e-01 4.324078288575329727e-03 0.000000000000000000e+00
1.075000000000000000e+05 4.299993078846837680e-01 1.916249431042330587e-01 6.923076923076922906e-01 1.151570323167956239e-01 9.103322712790168532e-04 0.000000000000000000e+00
1.100000000000000000e+05 4.399992917889783417e-01 1.935593991807009473e-01 6.854802002730996380e-01 1.193673190714610866e-01 1.593081474738279385e-03 0.000000000000000000e+00
1.125000000000000000e+05 4.499992756932738036e-01 1.967455621301775204e-01 6.824078288575330387e-01 1.199362767410104696e-01 9.103322712790168532e-04 0.000000000000000000e+00
1.150000000000000000e+05 4.599992595975683773e-01 2.100591715976331264e-01 6.475876194811106545e-01 1.412152935821574806e-01 1.137915339098770958e-03 0.000000000000000000e+00
1.175000000000000000e+05 4.699992435018636172e-01 2.273554847519344557e-01 5.682749203459263043e-01 2.036868456986800080e-01 6.827492034592626399e-04 0.000000000000000000e+00
1.200000000000000000e+05 4.799992274061584130e-01 2.254210286754665393e-01 6.108329540282203540e-01 1.627218934911242587e-01 1.024123805188893906e-03 0.000000000000000000e+00
1.225000000000000000e+05 4.899992113104536529e-01 1.998179335457442030e-01 6.413290851160673434e-01 1.578288575329995502e-01 1.024123805188893906e-03 0.000000000000000000e+00
1.250000000000000000e+05 4.999991952147482266e-01 2.011834319526627224e-01 6.362084660901229372e-01 1.611288120163859861e-01 1.479289940828402332e-03 0.000000000000000000e+00
1.275000000000000000e+05 5.099991791190434665e-01 2.138142922166590687e-01 6.275603095129722586e-01 1.573736913973600438e-01 1.251706873008648227e-03 0.000000000000000000e+00
1.300000000000000000e+05 5.199991630233382622e-01 2.093764223941738667e-01 7.587619481110605690e-01 2.924442421483841592e-02 2.617205279927173507e-03 0.000000000000000000e+00
1.325000000000000000e+05 5.299991469276335021e-01 2.092626308602640040e-01 7.551206190259445172e-01 3.368229403732362487e-02 1.934456076467910759e-03 0.000000000000000000e+00
1.350000000000000000e+05 5.399991308319280758e-01 2.175694128356850388e-01 7.048247610377788019e-01 7.612653618570777714e-02 1.479289940828402332e-03 0.000000000000000000e+00
1.375000000000000000e+05 5.499991147362233157e-01 2.160901228948566288e-01 6.865043240782885414e-01 9.581247155211652933e-02 1.593081474738279385e-03 0.000000000000000000e+00
1.400000000000000000e+05 5.599990986405181115e-01 2.130177514792899462e-01 6.173190714610833352e-01 1.659080564406008318e-01 3.755120619025944465e-03 0.000000000000000000e+00
1.425000000000000000e+05 5.699990825448133513e-01 2.196176604460628179e-01 6.111743286299499145e-01 1.675011379153391045e-01 1.706873008648156654e-03 0.000000000000000000e+00
1.450000000000000000e+05 5.799990664491079251e-01 2.212107419208010906e-01 6.160673645880746507e-01 1.583978152025489194e-01 4.324078288575329727e-03 0.000000000000000000e+00
1.475000000000000000e+05 5.899990503534031649e-01 2.124487938097405493e-01 6.274465179790623681e-01 1.588529813381884259e-01 1.251706873008648227e-03 0.000000000000000000e+00
1.500000000000000000e+05 5.999990342576979607e-01 2.203004096495220776e-01 6.182294037323623481e-01 1.601046882111970826e-01 1.365498406918525280e-03 0.000000000000000000e+00
1.525000000000000000e+05 6.099990181619932006e-01 2.264451524806554428e-01 6.139053254437869533e-01 1.579426490669094130e-01 1.706873008648156654e-03 0.000000000000000000e+00
1.550000000000000000e+05 6.199990020662877743e-01 2.182521620391442985e-01 6.714838416021847722e-01 1.069640418752844796e-01 3.299954483386436255e-03 0.000000000000000000e+00
1.575000000000000000e+05 6.299989859705832362e-01 2.156349567592171224e-01 6.088984979517524376e-01 1.730769230769230727e-01 2.389622212107419402e-03 0.000000000000000000e+00
1.600000000000000000e+05 6.399989698748778100e-01 2.122212107419207960e-01 6.132225762403277214e-01 1.721665908056440597e-01 2.389622212107419402e-03 0.000000000000000000e+00
1.625000000000000000e+05 6.499989537791730498e-01 2.156349567592171224e-01 6.094674556213017791e-01 1.719390077378243065e-01 2.958579881656804664e-03 0.000000000000000000e+00
1.650000000000000000e+05 6.599989376834676236e-01 2.158625398270368756e-01 6.066226672735548497e-01 1.738734638142922229e-01 3.641329085116067413e-03 0.000000000000000000e+00
1.675000000000000000e+05 6.699989215877630855e-01 1.942421483841602070e-01 6.647701411015020101e-01 1.392808375056895642e-01 1.706873008648156654e-03 0.000000000000000000e+00
1.700000000000000000e+05 6.799989054920576592e-01 1.904870277651342647e-01 6.644287664997724496e-01 1.439462903959945472e-01 1.137915339098770958e-03 0.000000000000000000e+00
1.725000000000000000e+05 6.899988893963528991e-01 1.965179790623577671e-01 6.597633136094674944e-01 1.424670004551661373e-01 1.251706873008648227e-03 0.000000000000000000e+00
1.750000000000000000e+05 6.999988733006476949e-01 2.030040964952207483e-01 6.731907146108329076e-01 1.222121074192080159e-01 1.593081474738279385e-03 0.000000000000000000e+00
1.775000000000000000e+05 7.099988572049429347e-01 1.966317705962676299e-01 6.663632225762403660e-01 1.359808830223031284e-01 1.024123805188893906e-03 0.000000000000000000e+00
1.800000000000000000e+05 7.199988411092375085e-01 1.949248975876194945e-01 6.663632225762403660e-01 1.372325898953117851e-01 1.479289940828402332e-03 0.000000000000000000e+00
1.825000000000000000e+05 7.299988250135327483e-01 1.942421483841602070e-01 6.629494765589439842e-01 1.425807919890760000e-01 2.275830678197542133e-04 0.000000000000000000e+00
1.850000000000000000e+05 7.399988089178275441e-01 1.945835229858898507e-01 6.591943559399180419e-01 1.458807464724624359e-01 3.413746017296313199e-04 0.000000000000000000e+00
1.875000000000000000e+05 7.499987928221227840e-01 1.976558944014565333e-01 6.557806099226217711e-01 1.463359126081019701e-01 2.275830678197542133e-04 0.000000000000000000e+00
1.900000000000000000e+05 7.599987767264173577e-01 2.005006827492034627e-01 6.539599453800637452e-01 1.455393718707328199e-01 0.000000000000000000e+00 0.000000000000000000e+00
1.925000000000000000e+05 7.699987606307125976e-01 2.019799726900318726e-01 6.513427401001365968e-01 1.461083295402822169e-01 5.689576695493854790e-04 0.000000000000000000e+00
1.950000000000000000e+05 7.799987445350073934e-01 2.377105143377332697e-01 5.491579426490669213e-01 2.119936276741010428e-01 1.137915339098770958e-03 0.000000000000000000e+00
1.975000000000000000e+05 7.899987284393026332e-01 2.429449248975876219e-01 5.593991807009558448e-01 1.959490213928083702e-01 1.706873008648156654e-03 0.000000000000000000e+00
2.000000000000000000e+05 7.999987123435972070e-01 2.460172963131543045e-01 5.501820664542558248e-01 2.016385980883022289e-01 2.162039144287664864e-03 0.000000000000000000e+00
2.025000000000000000e+05 8.099986962478926689e-01 2.528447883477469293e-01 5.463131543013199920e-01 1.991351843422849432e-01 1.706873008648156654e-03 0.000000000000000000e+00
2.050000000000000000e+05 8.199986801521872426e-01 2.568274920345926526e-01 5.449476558944014171e-01 1.964041875284478766e-01 1.820664542558033706e-03 0.000000000000000000e+00
2.075000000000000000e+05 8.299986640564824825e-01 2.664997724169321791e-01 5.857988165680473314e-01 1.448566226672735602e-01 2.844788347746927612e-03 0.000000000000000000e+00
2.100000000000000000e+05 8.399986479607770562e-01 2.571688666363222686e-01 6.246017296313154388e-01 1.141329085116067343e-01 4.096495220755575623e-03 0.000000000000000000e+00
2.125000000000000000e+05 8.499986318650725181e-01 2.539827036868457233e-01 6.127674101046881594e-01 1.289258079198907503e-01 4.324078288575329727e-03 0.000000000000000000e+00
2.150000000000000000e+05 8.599986157693670918e-01 2.567137005006827621e-01 5.813609467455621571e-01 1.563495675921711403e-01 5.575785161583977738e-03 0.000000000000000000e+00
2.175000000000000000e+05 8.699985996736623317e-01 2.414656349567592120e-01 5.978607191624942807e-01 1.557806099226217433e-01 4.893035958124715423e-03 0.000000000000000000e+00
2.200000000000000000e+05 8.799985835779571275e-01 2.391898042785616796e-01 6.073054164770140817e-01 1.495220755575785154e-01 3.982703686845699004e-03 0.000000000000000000e+00
2.225000000000000000e+05 8.899985674822523674e-01 2.354346836595357373e-01 5.847746927628584279e-01 1.777423759672280279e-01 2.048247610377787811e-03 0.000000000000000000e+00
2.250000000000000000e+05 8.999985513865469411e-01 2.319071461083295482e-01 5.822712790168411701e-01 1.832043695949021334e-01 2.617205279927173507e-03 0.000000000000000000e+00
2.275000000000000000e+05 9.099985352908421810e-01 2.342967683204369711e-01 5.700955848884843302e-01 1.937869822485207005e-01 1.820664542558033706e-03 0.000000000000000000e+00
2.300000000000000000e+05 9.199985191951369767e-01 2.395311788802912956e-01 5.562130177514792440e-01 2.018661811561219821e-01 2.389622212107419402e-03 0.000000000000000000e+00
2.325000000000000000e+05 9.299985030994322166e-01 2.304278561675011383e-01 6.244879380974055483e-01 1.417842512517068776e-01 3.299954483386436255e-03 0.000000000000000000e+00
2.350000000000000000e+05 9.399984870037267903e-01 2.321347291761493015e-01 6.216431497496586189e-01 1.408739189804278646e-01 5.348202093764223633e-03 0.000000000000000000e+00
2.375000000000000000e+05 9.499984709080220302e-01 2.296313154301319881e-01 6.230086481565771939e-01 1.441738734638143005e-01 3.186162949476558769e-03 0.000000000000000000e+00
2.400000000000000000e+05 9.599984548123168260e-01 1.968593536640873831e-01 7.162039144287665193e-01 8.363677742375967561e-02 3.299954483386436255e-03 0.000000000000000000e+00
2.425000000000000000e+05 9.699984387166120658e-01 1.939007737824305910e-01 7.230314064633591720e-01 8.033682294037323979e-02 2.730996813837050560e-03 0.000000000000000000e+00
2.450000000000000000e+05 9.799984226209066396e-01 1.962903959945380139e-01 7.220072826581702685e-01 7.954028220300408958e-02 2.162039144287664864e-03 0.000000000000000000e+00
2.475000000000000000e+05 9.899984065252018794e-01 1.969731451979972736e-01 7.242831133363677454e-01 7.669549385525717411e-02 2.048247610377787811e-03 0.000000000000000000e+00
2.500000000000000000e+05 9.999983904294966752e-01 1.982248520710059303e-01 7.275830678197542367e-01 7.089212562585343880e-02 3.299954483386436255e-03 0.000000000000000000e+00
