# itime ezz other fcc hcp bcc ico
0.000000000000000000e+00 0.000000000000000000e+00 0.000000000000000000e+00 1.000000000000000000e+00 0.000000000000000000e+00 0.000000000000000000e+00 0.000000000000000000e+00
2.500000000000000000e+02 9.999747370144085323e-04 0.000000000000000000e+00 1.000000000000000000e+00 0.000000000000000000e+00 0.000000000000000000e+00 0.000000000000000000e+00
5.000000000000000000e+02 1.999949474029039109e-03 0.000000000000000000e+00 1.000000000000000000e+00 0.000000000000000000e+00 0.000000000000000000e+00 0.000000000000000000e+00
7.500000000000000000e+02 2.999924211043447642e-03 0.000000000000000000e+00 1.000000000000000000e+00 0.000000000000000000e+00 0.000000000000000000e+00 0.000000000000000000e+00
1.000000000000000000e+03 3.999898948058078219e-03 0.000000000000000000e+00 1.000000000000000000e+00 0.000000000000000000e+00 0.000000000000000000e+00 0.000000000000000000e+00
1.250000000000000000e+03 4.999873685072486751e-03 0.000000000000000000e+00 1.000000000000000000e+00 0.000000000000000000e+00 0.000000000000000000e+00 0.000000000000000000e+00
1.500000000000000000e+03 5.999848422086895283e-03 0.000000000000000000e+00 1.000000000000000000e+00 0.000000000000000000e+00 0.000000000000000000e+00 0.000000000000000000e+00
1.750000000000000000e+03 6.999823159101525860e-03 0.000000000000000000e+00 1.000000000000000000e+00 0.000000000000000000e+00 0.000000000000000000e+00 0.000000000000000000e+00
2.000000000000000000e+03 7.999797896115934392e-03 0.000000000000000000e+00 1.000000000000000000e+00 0.000000000000000000e+00 0.000000000000000000e+00 0.000000000000000000e+00
2.250000000000000000e+03 8.999772633130564969e-03 0.000000000000000000e+00 1.000000000000000000e+00 0.000000000000000000e+00 0.000000000000000000e+00 0.000000000000000000e+00
2.500000000000000000e+03 9.999747370144973502e-03 0.000000000000000000e+00 1.000000000000000000e+00 0.000000000000000000e+00 0.000000000000000000e+00 0.000000000000000000e+00
2.750000000000000000e+03 1.099972210715960408e-02 0.000000000000000000e+00 1.000000000000000000e+00 0.000000000000000000e+00 0.000000000000000000e+00 0.000000000000000000e+00
3.000000000000000000e+03 1.199969684417401261e-02 0.000000000000000000e+00 1.000000000000000000e+00 0.000000000000000000e+00 0.000000000000000000e+00 0.000000000000000000e+00
3.250000000000000000e+03 1.299967158118842114e-02 0.000000000000000000e+00 1.000000000000000000e+00 0.000000000000000000e+00 0.000000000000000000e+00 0.000000000000000000e+00
3.500000000000000000e+03 1.399964631820305172e-02 0.000000000000000000e+00 1.000000000000000000e+00 0.000000000000000000e+00 0.000000000000000000e+00 0.000000000000000000e+00
3.750000000000000000e+03 1.499962105521746025e-02 0.000000000000000000e+00 1.000000000000000000e+00 0.000000000000000000e+00 0.000000000000000000e+00 0.000000000000000000e+00
4.000000000000000000e+03 1.599959579223209083e-02 0.000000000000000000e+00 1.000000000000000000e+00 0.000000000000000000e+00 0.000000000000000000e+00 0.000000000000000000e+00
4.250000000000000000e+03 1.699957052924649936e-02 0.000000000000000000e+00 1.000000000000000000e+00 0.000000000000000000e+00 0.000000000000000000e+00 0.000000000000000000e+00
4.500000000000000000e+03 1.799954526626090789e-02 0.000000000000000000e+00 1.000000000000000000e+00 0.000000000000000000e+00 0.000000000000000000e+00 0.000000000000000000e+00
4.750000000000000000e+03 1.899952000327553847e-02 0.000000000000000000e+00 1.000000000000000000e+00 0.000000000000000000e+00 0.000000000000000000e+00 0.000000000000000000e+00
5.000000000000000000e+03 1.999949474028994700e-02 0.000000000000000000e+00 1.000000000000000000e+00 0.000000000000000000e+00 0.000000000000000000e+00 0.000000000000000000e+00
5.250000000000000000e+03 2.099946947730457758e-02 0.000000000000000000e+00 1.000000000000000000e+00 0.000000000000000000e+00 0.000000000000000000e+00 0.000000000000000000e+00
5.500000000000000000e+03 2.199944421431898611e-02 0.000000000000000000e+00 1.000000000000000000e+00 0.000000000000000000e+00 0.000000000000000000e+00 0.000000000000000000e+00
5.750000000000000000e+03 2.299941895133361669e-02 0.000000000000000000e+00 1.000000000000000000e+00 0.000000000000000000e+00 0.000000000000000000e+00 0.000000000000000000e+00
6.000000000000000000e+03 2.399939368834802522e-02 0.000000000000000000e+00 1.000000000000000000e+00 0.000000000000000000e+00 0.000000000000000000e+00 0.000000000000000000e+00
6.250000000000000000e+03 2.499936842536243375e-02 0.000000000000000000e+00 1.000000000000000000e+00 0.000000000000000000e+00 0.000000000000000000e+00 0.000000000000000000e+00
6.500000000000000000e+03 2.599934316237706433e-02 0.000000000000000000e+00 1.000000000000000000e+00 0.000000000000000000e+00 0.000000000000000000e+00 0.000000000000000000e+00
6.750000000000000000e+03 2.699931789939147286e-02 0.000000000000000000e+00 1.000000000000000000e+00 0.000000000000000000e+00 0.000000000000000000e+00 0.000000000000000000e+00
7.000000000000000000e+03 2.799929263640610344e-02 0.000000000000000000e+00 1.000000000000000000e+00 0.000000000000000000e+00 0.000000000000000000e+00 0.000000000000000000e+00
7.250000000000000000e+03 2.899926737342051197e-02 0.000000000000000000e+00 1.000000000000000000e+00 0.000000000000000000e+00 0.000000000000000000e+00 0.000000000000000000e+00
7.500000000000000000e+03 2.999924211043492051e-02 0.000000000000000000e+00 1.000000000000000000e+00 0.000000000000000000e+00 0.000000000000000000e+00 0.000000000000000000e+00
7.750000000000000000e+03 3.099921684744955108e-02 0.000000000000000000e+00 1.000000000000000000e+00 0.000000000000000000e+00 0.000000000000000000e+00 0.000000000000000000e+00
8.000000000000000000e+03 3.199919158446395961e-02 0.000000000000000000e+00 1.000000000000000000e+00 0.000000000000000000e+00 0.000000000000000000e+00 0.000000000000000000e+00
8.250000000000000000e+03 3.299916632147859019e-02 0.000000000000000000e+00 1.000000000000000000e+00 0.000000000000000000e+00 0.000000000000000000e+00 0.000000000000000000e+00
8.500000000000000000e+03 3.399914105849299872e-02 0.000000000000000000e+00 1.000000000000000000e+00 0.000000000000000000e+00 0.000000000000000000e+00 0.000000000000000000e+00
8.750000000000000000e+03 3.499911579550762930e-02 0.000000000000000000e+00 1.000000000000000000e+00 0.000000000000000000e+00 0.000000000000000000e+00 0.000000000000000000e+00
9.000000000000000000e+03 3.599909053252203783e-02 1.137915339098771066e-04 9.998862084660901095e-01 0.000000000000000000e+00 0.000000000000000000e+00 0.000000000000000000e+00
9.250000000000000000e+03 3.699906526953644637e-02 0.000000000000000000e+00 1.000000000000000000e+00 0.000000000000000000e+00 0.000000000000000000e+00 0.000000000000000000e+00
9.500000000000000000e+03 3.799904000655107694e-02 0.000000000000000000e+00 1.000000000000000000e+00 0.000000000000000000e+00 0.000000000000000000e+00 0.000000000000000000e+00
9.750000000000000000e+03 3.899901474356548547e-02 0.000000000000000000e+00 1.000000000000000000e+00 0.000000000000000000e+00 0.000000000000000000e+00 0.000000000000000000e+00
1.000000000000000000e+04 3.999898948058011605e-02 0.000000000000000000e+00 1.000000000000000000e+00 0.000000000000000000e+00 0.000000000000000000e+00 0.000000000000000000e+00
1.025000000000000000e+04 4.099896421759452458e-02 0.000000000000000000e+00 1.000000000000000000e+00 0.000000000000000000e+00 0.000000000000000000e+00 0.000000000000000000e+00
1.050000000000000000e+04 4.199893895460893312e-02 0.000000000000000000e+00 1.000000000000000000e+00 0.000000000000000000e+00 0.000000000000000000e+00 0.000000000000000000e+00
1.075000000000000000e+04 4.299891369162356369e-02 0.000000000000000000e+00 1.000000000000000000e+00 0.000000000000000000e+00 0.000000000000000000e+00 0.000000000000000000e+00
1.100000000000000000e+04 4.399888842863797223e-02 0.000000000000000000e+00 1.000000000000000000e+00 0.000000000000000000e+00 0.000000000000000000e+00 0.000000000000000000e+00
1.125000000000000000e+04 4.499886316565260280e-02 0.000000000000000000e+00 1.000000000000000000e+00 0.000000000000000000e+00 0.000000000000000000e+00 0.000000000000000000e+00
1.150000000000000000e+04 4.599883790266701133e-02 0.000000000000000000e+00 1.000000000000000000e+00 0.000000000000000000e+00 0.000000000000000000e+00 0.000000000000000000e+00
1.175000000000000000e+04 4.699881263968141987e-02 0.000000000000000000e+00 1.000000000000000000e+00 0.000000000000000000e+00 0.000000000000000000e+00 0.000000000000000000e+00
1.200000000000000000e+04 4.799878737669605044e-02 0.000000000000000000e+00 1.000000000000000000e+00 0.000000000000000000e+00 0.000000000000000000e+00 0.000000000000000000e+00
1.225000000000000000e+04 4.899876211371045898e-02 0.000000000000000000e+00 1.000000000000000000e+00 0.000000000000000000e+00 0.000000000000000000e+00 0.000000000000000000e+00
1.250000000000000000e+04 4.999873685072508955e-02 0.000000000000000000e+00 1.000000000000000000e+00 0.000000000000000000e+00 0.000000000000000000e+00 0.000000000000000000e+00
1.275000000000000000e+04 5.099871158773949809e-02 0.000000000000000000e+00 1.000000000000000000e+00 0.000000000000000000e+00 0.000000000000000000e+00 0.000000000000000000e+00
1.300000000000000000e+04 5.199868632475412866e-02 0.000000000000000000e+00 1.000000000000000000e+00 0.000000000000000000e+00 0.000000000000000000e+00 0.000000000000000000e+00
1.325000000000000000e+04 5.299866106176853719e-02 0.000000000000000000e+00 1.000000000000000000e+00 0.000000000000000000e+00 0.000000000000000000e+00 0.000000000000000000e+00
1.350000000000000000e+04 5.399863579878294573e-02 4.551661356395084266e-04 9.995448338643604380e-01 0.000000000000000000e+00 0.000000000000000000e+00 0.000000000000000000e+00
1.375000000000000000e+04 5.499861053579757630e-02 0.000000000000000000e+00 1.000000000000000000e+00 0.000000000000000000e+00 0.000000000000000000e+00 0.000000000000000000e+00
1.400000000000000000e+04 5.599858527281198484e-02 2.275830678197542133e-04 9.997724169321802190e-01 0.000000000000000000e+00 0.000000000000000000e+00 0.000000000000000000e+00
1.425000000000000000e+04 5.699856000982661541e-02 0.000000000000000000e+00 1.000000000000000000e+00 0.000000000000000000e+00 0.000000000000000000e+00 0.000000000000000000e+00
1.450000000000000000e+04 5.799853474684102395e-02 0.000000000000000000e+00 1.000000000000000000e+00 0.000000000000000000e+00 0.000000000000000000e+00 0.000000000000000000e+00
1.475000000000000000e+04 5.899850948385543248e-02 0.000000000000000000e+00 1.000000000000000000e+00 0.000000000000000000e+00 0.000000000000000000e+00 0.000000000000000000e+00
1.500000000000000000e+04 5.999848422087006306e-02 3.413746017296313199e-04 9.996586253982703285e-01 0.000000000000000000e+00 0.000000000000000000e+00 0.000000000000000000e+00
1.525000000000000000e+04 6.099845895788447159e-02 0.000000000000000000e+00 1.000000000000000000e+00 0.000000000000000000e+00 0.000000000000000000e+00 0.000000000000000000e+00
1.550000000000000000e+04 6.199843369489910216e-02 0.000000000000000000e+00 1.000000000000000000e+00 0.000000000000000000e+00 0.000000000000000000e+00 0.000000000000000000e+00
1.575000000000000000e+04 6.299840843191351070e-02 2.275830678197542133e-04 9.997724169321802190e-01 0.000000000000000000e+00 0.000000000000000000e+00 0.000000000000000000e+00
1.600000000000000000e+04 6.399838316892814127e-02 4.551661356395084266e-04 9.995448338643604380e-01 0.000000000000000000e+00 0.000000000000000000e+00 0.000000000000000000e+00
1.625000000000000000e+04 6.499835790594254981e-02 1.137915339098771066e-04 9.998862084660901095e-01 0.000000000000000000e+00 0.000000000000000000e+00 0.000000000000000000e+00
1.650000000000000000e+04 6.599833264295695834e-02 0.000000000000000000e+00 1.000000000000000000e+00 0.000000000000000000e+00 0.000000000000000000e+00 0.000000000000000000e+00
1.675000000000000000e+04 6.699830737997158892e-02 0.000000000000000000e+00 1.000000000000000000e+00 0.000000000000000000e+00 0.000000000000000000e+00 0.000000000000000000e+00
1.700000000000000000e+04 6.799828211698599745e-02 0.000000000000000000e+00 1.000000000000000000e+00 0.000000000000000000e+00 0.000000000000000000e+00 0.000000000000000000e+00
1.725000000000000000e+04 6.899825685400062802e-02 0.000000000000000000e+00 1.000000000000000000e+00 0.000000000000000000e+00 0.000000000000000000e+00 0.000000000000000000e+00
1.750000000000000000e+04 6.999823159101503656e-02 0.000000000000000000e+00 1.000000000000000000e+00 0.000000000000000000e+00 0.000000000000000000e+00 0.000000000000000000e+00
1.775000000000000000e+04 7.099820632802944509e-02 1.137915339098771066e-04 9.998862084660901095e-01 0.000000000000000000e+00 0.000000000000000000e+00 0.000000000000000000e+00
1.800000000000000000e+04 7.199818106504407567e-02 0.000000000000000000e+00 1.000000000000000000e+00 0.000000000000000000e+00 0.000000000000000000e+00 0.000000000000000000e+00
1.825000000000000000e+04 7.299815580205848420e-02 0.000000000000000000e+00 1.000000000000000000e+00 0.000000000000000000e+00 0.000000000000000000e+00 0.000000000000000000e+00
1.850000000000000000e+04 7.399813053907311478e-02 2.275830678197542133e-04 9.997724169321802190e-01 0.000000000000000000e+00 0.000000000000000000e+00 0.000000000000000000e+00
1.875000000000000000e+04 7.499810527608752331e-02 0.000000000000000000e+00 1.000000000000000000e+00 0.000000000000000000e+00 0.000000000000000000e+00 0.000000000000000000e+00
1.900000000000000000e+04 7.599808001310193184e-02 2.275830678197542133e-04 9.997724169321802190e-01 0.000000000000000000e+00 0.000000000000000000e+00 0.000000000000000000e+00
1.925000000000000000e+04 7.699805475011656242e-02 0.000000000000000000e+00 9.998862084660901095e-01 0.000000000000000000e+00 1.137915339098771066e-04 0.000000000000000000e+00
1.950000000000000000e+04 7.799802948713097095e-02 1.137915339098771066e-04 9.998862084660901095e-01 0.000000000000000000e+00 0.000000000000000000e+00 0.000000000000000000e+00
1.975000000000000000e+04 7.899800422414560153e-02 5.689576695493854790e-04 9.994310423304506585e-01 0.000000000000000000e+00 0.000000000000000000e+00 0.000000000000000000e+00
2.000000000000000000e+04 7.999797896116001006e-02 0.000000000000000000e+00 1.000000000000000000e+00 0.000000000000000000e+00 0.000000000000000000e+00 0.000000000000000000e+00
2.025000000000000000e+04 8.099795369817464064e-02 0.000000000000000000e+00 1.000000000000000000e+00 0.000000000000000000e+00 0.000000000000000000e+00 0.000000000000000000e+00
2.050000000000000000e+04 8.199792843518904917e-02 1.137915339098770958e-03 9.987482931269913156e-01 0.000000000000000000e+00 1.137915339098771066e-04 0.000000000000000000e+00
2.075000000000000000e+04 8.299790317220345770e-02 0.000000000000000000e+00 1.000000000000000000e+00 0.000000000000000000e+00 0.000000000000000000e+00 0.000000000000000000e+00
2.100000000000000000e+04 8.399787790921808828e-02 4.551661356395084266e-04 9.995448338643604380e-01 0.000000000000000000e+00 0.000000000000000000e+00 0.000000000000000000e+00
2.125000000000000000e+04 8.499785264623249681e-02 4.551661356395084266e-04 9.995448338643604380e-01 0.000000000000000000e+00 0.000000000000000000e+00 0.000000000000000000e+00
2.150000000000000000e+04 8.599782738324712739e-02 3.413746017296313199e-04 9.995448338643604380e-01 0.000000000000000000e+00 1.137915339098771066e-04 0.000000000000000000e+00
2.175000000000000000e+04 8.699780212026153592e-02 1.251706873008648227e-03 9.985207100591716456e-01 0.000000000000000000e+00 2.275830678197542133e-04 0.000000000000000000e+00
2.200000000000000000e+04 8.799777685727594445e-02 1.137915339098770958e-03 9.987482931269913156e-01 0.000000000000000000e+00 1.137915339098771066e-04 0.000000000000000000e+00
2.225000000000000000e+04 8.899775159429057503e-02 4.551661356395084266e-04 9.994310423304506585e-01 0.000000000000000000e+00 1.137915339098771066e-04 0.000000000000000000e+00
2.250000000000000000e+04 8.999772633130498356e-02 1.365498406918525280e-03 9.986345015930814251e-01 0.000000000000000000e+00 0.000000000000000000e+00 0.000000000000000000e+00
2.275000000000000000e+04 9.099770106831961414e-02 1.706873008648156654e-03 9.982931269913518646e-01 0.000000000000000000e+00 0.000000000000000000e+00 0.000000000000000000e+00
2.300000000000000000e+04 9.199767580533402267e-02 1.137915339098770958e-03 9.987482931269913156e-01 0.000000000000000000e+00 1.137915339098771066e-04 0.000000000000000000e+00
2.325000000000000000e+04 9.299765054234865325e-02 1.479289940828402332e-03 9.985207100591716456e-01 0.000000000000000000e+00 0.000000000000000000e+00 0.000000000000000000e+00
2.350000000000000000e+04 9.399762527936306178e-02 2.730996813837050560e-03 9.972690031861629611e-01 0.000000000000000000e+00 0.000000000000000000e+00 0.000000000000000000e+00
2.375000000000000000e+04 9.499760001637747031e-02 2.162039144287664864e-03 9.974965862539827421e-01 0.000000000000000000e+00 3.413746017296313199e-04 0.000000000000000000e+00
2.400000000000000000e+04 9.599757475339210089e-02 1.479289940828402332e-03 9.984069185252617551e-01 0.000000000000000000e+00 1.137915339098771066e-04 0.000000000000000000e+00
2.425000000000000000e+04 9.699754949040650942e-02 2.844788347746927612e-03 9.970414201183431802e-01 0.000000000000000000e+00 1.137915339098771066e-04 0.000000000000000000e+00
2.450000000000000000e+04 9.799752422742114000e-02 2.048247610377787811e-03 9.977241693218024121e-01 0.000000000000000000e+00 2.275830678197542133e-04 0.000000000000000000e+00
2.475000000000000000e+04 9.899749896443554853e-02 2.503413746017296455e-03 9.974965862539827421e-01 0.000000000000000000e+00 0.000000000000000000e+00 0.000000000000000000e+00
2.500000000000000000e+04 9.999747370144995706e-02 1.137915339098770958e-03 9.987482931269913156e-01 0.000000000000000000e+00 1.137915339098771066e-04 0.000000000000000000e+00
2.525000000000000000e+04 1.009974484384645876e-01 3.186162949476558769e-03 9.965862539827037292e-01 0.000000000000000000e+00 2.275830678197542133e-04 0.000000000000000000e+00
2.550000000000000000e+04 1.019974231754789962e-01 7.737824305871643035e-03 9.921483841602184439e-01 0.000000000000000000e+00 1.137915339098771066e-04 0.000000000000000000e+00
2.575000000000000000e+04 1.029973979124936267e-01 3.755120619025944465e-03 9.960172963131542767e-01 0.000000000000000000e+00 2.275830678197542133e-04 0.000000000000000000e+00
2.600000000000000000e+04 1.039973726495080353e-01 5.006827492034592909e-03 9.945380063723259223e-01 0.000000000000000000e+00 4.551661356395084266e-04 0.000000000000000000e+00
2.625000000000000000e+04 1.049973473865226659e-01 7.737824305871643035e-03 9.918070095584888834e-01 0.000000000000000000e+00 4.551661356395084266e-04 0.000000000000000000e+00
2.650000000000000000e+04 1.059973221235370744e-01 3.186162949476558769e-03 9.965862539827037292e-01 0.000000000000000000e+00 2.275830678197542133e-04 0.000000000000000000e+00
2.675000000000000000e+04 1.069972968605514829e-01 4.210286754665453109e-03 9.957897132453344957e-01 0.000000000000000000e+00 0.000000000000000000e+00 0.000000000000000000e+00
2.700000000000000000e+04 1.079972715975661135e-01 7.737824305871643035e-03 9.912380518889394310e-01 0.000000000000000000e+00 1.024123805188893906e-03 0.000000000000000000e+00
2.725000000000000000e+04 1.089972463345805220e-01 1.843422849340009204e-02 9.792899408284023721e-01 0.000000000000000000e+00 2.275830678197541916e-03 0.000000000000000000e+00
2.750000000000000000e+04 1.099972210715951526e-01 4.642694583522986168e-02 9.087391898042785909e-01 0.000000000000000000e+00 4.483386436049158208e-02 0.000000000000000000e+00
2.775000000000000000e+04 1.109971958086095611e-01 2.167728720983158885e-01 2.460172963131543045e-01 1.137915339098771066e-04 5.370960400546199720e-01 0.000000000000000000e+00
2.800000000000000000e+04 1.119971705456239697e-01 2.389622212107419263e-01 2.684342284934000955e-01 1.309740555302685572e-01 3.616294947655894210e-01 0.000000000000000000e+00
2.825000000000000000e+04 1.129971452826386002e-01 2.429449248975876219e-01 4.500455166135639562e-01 2.500000000000000000e-01 5.700955848884842886e-02 0.000000000000000000e+00
2.850000000000000000e+04 1.139971200196530088e-01 2.122212107419207960e-01 5.719162494310423561e-01 1.902594446973145115e-01 2.560309512972235024e-02 0.000000000000000000e+00
2.875000000000000000e+04 1.149970947566676394e-01 1.373463814292216756e-01 6.830905780609922706e-01 1.616977696859353553e-01 1.786527082385070547e-02 0.000000000000000000e+00
2.900000000000000000e+04 1.159970694936820479e-01 8.682294037323623481e-02 7.629722348657259623e-01 1.391670459717797015e-01 1.103777878925807886e-02 0.000000000000000000e+00
2.925000000000000000e+04 1.169970442306964564e-01 7.703686845698680397e-02 7.768548020027310486e-01 1.422394173873463841e-01 3.868912152935821518e-03 0.000000000000000000e+00
2.950000000000000000e+04 1.179970189677110870e-01 6.349567592171143082e-02 7.709376422394174089e-01 1.622667273554847522e-01 3.299954483386436255e-03 0.000000000000000000e+00
2.975000000000000000e+04 1.189969937047254955e-01 4.813381884387801790e-02 8.070095584888484774e-01 1.433773327264451503e-01 1.479289940828402332e-03 0.000000000000000000e+00
3.000000000000000000e+04 1.199969684417401261e-01 2.981338188438780248e-02 8.240782885753299425e-01 1.461083295402822169e-01 0.000000000000000000e+00 0.000000000000000000e+00
3.025000000000000000e+04 1.209969431787545346e-01 3.060992262175694228e-02 8.233955393718707105e-01 1.459945380063723264e-01 0.000000000000000000e+00 0.000000000000000000e+00
3.050000000000000000e+04 1.219969179157691652e-01 2.901684114701866268e-02 8.241920801092398330e-01 1.467910787437414766e-01 0.000000000000000000e+00 0.000000000000000000e+00
3.075000000000000000e+04 1.229968926527835738e-01 2.947200728265816916e-02 8.237369139736003820e-01 1.467910787437414766e-01 0.000000000000000000e+00 0.000000000000000000e+00
3.100000000000000000e+04 1.239968673897979823e-01 2.913063268092853930e-02 8.240782885753299425e-01 1.467910787437414766e-01 0.000000000000000000e+00 0.000000000000000000e+00
3.125000000000000000e+04 1.249968421268126129e-01 2.913063268092853930e-02 8.240782885753299425e-01 1.467910787437414766e-01 0.000000000000000000e+00 0.000000000000000000e+00
3.150000000000000000e+04 1.259968168638270214e-01 2.913063268092853930e-02 8.241920801092398330e-01 1.466772872098315861e-01 0.000000000000000000e+00 0.000000000000000000e+00
3.175000000000000000e+04 1.269967916008416520e-01 2.901684114701866268e-02 8.240782885753299425e-01 1.467910787437414766e-01 1.137915339098771066e-04 0.000000000000000000e+00
3.200000000000000000e+04 1.279967663378560605e-01 2.958579881656804578e-02 8.236231224396904915e-01 1.467910787437414766e-01 0.000000000000000000e+00 0.000000000000000000e+00
3.225000000000000000e+04 1.289967410748704690e-01 2.992717341829767910e-02 8.233955393718707105e-01 1.466772872098315861e-01 0.000000000000000000e+00 0.000000000000000000e+00
3.250000000000000000e+04 1.299967158118850996e-01 2.913063268092853930e-02 8.240782885753299425e-01 1.466772872098315861e-01 1.137915339098771066e-04 0.000000000000000000e+00
3.275000000000000000e+04 1.309966905488995081e-01 2.969959035047792587e-02 8.237369139736003820e-01 1.465634956759217233e-01 0.000000000000000000e+00 0.000000000000000000e+00
3.300000000000000000e+04 1.319966652859141387e-01 2.969959035047792587e-02 8.237369139736003820e-01 1.465634956759217233e-01 0.000000000000000000e+00 0.000000000000000000e+00
3.325000000000000000e+04 1.329966400229285473e-01 2.947200728265816916e-02 8.238507055075102725e-01 1.466772872098315861e-01 0.000000000000000000e+00 0.000000000000000000e+00
3.350000000000000000e+04 1.339966147599431778e-01 2.992717341829767910e-02 8.231679563040509295e-01 1.467910787437414766e-01 1.137915339098771066e-04 0.000000000000000000e+00
3.375000000000000000e+04 1.349965894969575864e-01 3.026854802002730896e-02 8.231679563040509295e-01 1.465634956759217233e-01 0.000000000000000000e+00 0.000000000000000000e+00
3.400000000000000000e+04 1.359965642339719949e-01 2.958579881656804578e-02 8.237369139736003820e-01 1.466772872098315861e-01 0.000000000000000000e+00 0.000000000000000000e+00
3.425000000000000000e+04 1.369965389709866255e-01 2.958579881656804578e-02 8.239644970414201630e-01 1.464497041420118328e-01 0.000000000000000000e+00 0.000000000000000000e+00
3.450000000000000000e+04 1.379965137080010340e-01 3.015475648611743234e-02 8.232817478379608200e-01 1.465634956759217233e-01 0.000000000000000000e+00 0.000000000000000000e+00
3.475000000000000000e+04 1.389964884450156646e-01 2.913063268092853930e-02 8.239644970414201630e-01 1.467910787437414766e-01 1.137915339098771066e-04 0.000000000000000000e+00
3.500000000000000000e+04 1.399964631820300731e-01 2.947200728265816916e-02 8.237369139736003820e-01 1.467910787437414766e-01 0.000000000000000000e+00 0.000000000000000000e+00
3.525000000000000000e+04 1.409964379190444816e-01 2.992717341829767910e-02 8.235093309057806010e-01 1.465634956759217233e-01 0.000000000000000000e+00 0.000000000000000000e+00
3.550000000000000000e+04 1.419964126560591122e-01 2.981338188438780248e-02 8.233955393718707105e-01 1.467910787437414766e-01 0.000000000000000000e+00 0.000000000000000000e+00
3.575000000000000000e+04 1.429963873930735208e-01 2.901684114701866268e-02 8.241920801092398330e-01 1.467910787437414766e-01 0.000000000000000000e+00 0.000000000000000000e+00
3.600000000000000000e+04 1.439963621300881513e-01 2.992717341829767910e-02 8.236231224396904915e-01 1.464497041420118328e-01 0.000000000000000000e+00 0.000000000000000000e+00
3.625000000000000000e+04 1.449963368671025599e-01 2.969959035047792587e-02 8.236231224396904915e-01 1.466772872098315861e-01 0.000000000000000000e+00 0.000000000000000000e+00
3.650000000000000000e+04 1.459963116041169684e-01 2.992717341829767910e-02 8.233955393718707105e-01 1.465634956759217233e-01 1.137915339098771066e-04 0.000000000000000000e+00
3.675000000000000000e+04 1.469962863411315990e-01 2.992717341829767910e-02 8.233955393718707105e-01 1.466772872098315861e-01 0.000000000000000000e+00 0.000000000000000000e+00
3.700000000000000000e+04 1.479962610781460075e-01 3.026854802002730896e-02 8.230541647701411501e-01 1.465634956759217233e-01 1.137915339098771066e-04 0.000000000000000000e+00
3.725000000000000000e+04 1.489962358151606381e-01 3.049613108784706567e-02 8.231679563040509295e-01 1.463359126081019701e-01 0.000000000000000000e+00 0.000000000000000000e+00
3.750000000000000000e+04 1.499962105521750466e-01 3.106508875739644876e-02 8.225989986345015881e-01 1.463359126081019701e-01 0.000000000000000000e+00 0.000000000000000000e+00
3.775000000000000000e+04 1.509961852891896772e-01 2.969959035047792587e-02 8.236231224396904915e-01 1.465634956759217233e-01 1.137915339098771066e-04 0.000000000000000000e+00
3.800000000000000000e+04 1.519961600262040857e-01 2.969959035047792587e-02 8.233955393718707105e-01 1.467910787437414766e-01 1.137915339098771066e-04 0.000000000000000000e+00
3.825000000000000000e+04 1.529961347632184943e-01 3.015475648611743234e-02 8.232817478379608200e-01 1.465634956759217233e-01 0.000000000000000000e+00 0.000000000000000000e+00
3.850000000000000000e+04 1.539961095002331248e-01 3.015475648611743234e-02 8.232817478379608200e-01 1.465634956759217233e-01 0.000000000000000000e+00 0.000000000000000000e+00
3.875000000000000000e+04 1.549960842372475334e-01 3.038233955393718558e-02 8.231679563040509295e-01 1.464497041420118328e-01 0.000000000000000000e+00 0.000000000000000000e+00
3.900000000000000000e+04 1.559960589742621639e-01 3.038233955393718558e-02 8.230541647701411501e-01 1.465634956759217233e-01 0.000000000000000000e+00 0.000000000000000000e+00
3.925000000000000000e+04 1.569960337112765725e-01 3.095129722348657214e-02 8.227127901684114786e-01 1.463359126081019701e-01 0.000000000000000000e+00 0.000000000000000000e+00
3.950000000000000000e+04 1.579960084482909810e-01 3.004096495220755572e-02 8.233955393718707105e-01 1.465634956759217233e-01 0.000000000000000000e+00 0.000000000000000000e+00
3.975000000000000000e+04 1.589959831853056116e-01 2.981338188438780248e-02 8.236231224396904915e-01 1.465634956759217233e-01 0.000000000000000000e+00 0.000000000000000000e+00
4.000000000000000000e+04 1.599959579223200201e-01 3.015475648611743234e-02 8.232817478379608200e-01 1.465634956759217233e-01 0.000000000000000000e+00 0.000000000000000000e+00
4.025000000000000000e+04 1.609959326593346507e-01 3.038233955393718558e-02 8.229403732362312596e-01 1.465634956759217233e-01 1.137915339098771066e-04 0.000000000000000000e+00
4.050000000000000000e+04 1.619959073963490592e-01 3.038233955393718558e-02 8.229403732362312596e-01 1.466772872098315861e-01 0.000000000000000000e+00 0.000000000000000000e+00
4.075000000000000000e+04 1.629958821333636898e-01 3.083750568957669552e-02 8.228265817023213691e-01 1.463359126081019701e-01 0.000000000000000000e+00 0.000000000000000000e+00
4.100000000000000000e+04 1.639958568703780983e-01 3.060992262175694228e-02 8.228265817023213691e-01 1.465634956759217233e-01 0.000000000000000000e+00 0.000000000000000000e+00
4.125000000000000000e+04 1.649958316073925069e-01 3.015475648611743234e-02 8.231679563040509295e-01 1.465634956759217233e-01 1.137915339098771066e-04 0.000000000000000000e+00
4.150000000000000000e+04 1.659958063444071374e-01 3.026854802002730896e-02 8.233955393718707105e-01 1.463359126081019701e-01 0.000000000000000000e+00 0.000000000000000000e+00
4.175000000000000000e+04 1.669957810814215460e-01 3.129267182521620200e-02 8.227127901684114786e-01 1.459945380063723264e-01 0.000000000000000000e+00 0.000000000000000000e+00
4.200000000000000000e+04 1.679957558184361766e-01 3.152025489303595523e-02 8.221438324988621371e-01 1.463359126081019701e-01 0.000000000000000000e+00 0.000000000000000000e+00
4.225000000000000000e+04 1.689957305554505851e-01 3.060992262175694228e-02 8.229403732362312596e-01 1.463359126081019701e-01 1.137915339098771066e-04 0.000000000000000000e+00
4.250000000000000000e+04 1.699957052924649936e-01 2.856167501137915274e-02 8.246472462448793950e-01 1.467910787437414766e-01 0.000000000000000000e+00 0.000000000000000000e+00
4.275000000000000000e+04 1.709956800294796242e-01 2.901684114701866268e-02 8.244196631770596140e-01 1.465634956759217233e-01 0.000000000000000000e+00 0.000000000000000000e+00
4.300000000000000000e+04 1.719956547664940327e-01 2.822030040964952288e-02 8.249886208466090665e-01 1.467910787437414766e-01 0.000000000000000000e+00 0.000000000000000000e+00
4.325000000000000000e+04 1.729956295035086633e-01 2.833409194355939950e-02 8.246472462448793950e-01 1.469048702776513393e-01 1.137915339098771066e-04 0.000000000000000000e+00
4.350000000000000000e+04 1.739956042405230718e-01 2.878925807919890598e-02 8.245334547109695045e-01 1.466772872098315861e-01 0.000000000000000000e+00 0.000000000000000000e+00
4.375000000000000000e+04 1.749955789775377024e-01 2.924442421483841592e-02 8.236231224396904915e-01 1.467910787437414766e-01 3.413746017296313199e-04 0.000000000000000000e+00
4.400000000000000000e+04 1.759955537145521109e-01 2.901684114701866268e-02 8.240782885753299425e-01 1.464497041420118328e-01 4.551661356395084266e-04 0.000000000000000000e+00
4.425000000000000000e+04 1.769955284515665195e-01 2.890304961310878606e-02 8.243058716431497235e-01 1.466772872098315861e-01 1.137915339098771066e-04 0.000000000000000000e+00
4.450000000000000000e+04 1.779955031885811501e-01 2.890304961310878606e-02 8.243058716431497235e-01 1.466772872098315861e-01 1.137915339098771066e-04 0.000000000000000000e+00
4.475000000000000000e+04 1.789954779255955586e-01 3.083750568957669552e-02 8.227127901684114786e-01 1.461083295402822169e-01 3.413746017296313199e-04 0.000000000000000000e+00
4.500000000000000000e+04 1.799954526626101892e-01 3.026854802002730896e-02 8.228265817023213691e-01 1.467910787437414766e-01 1.137915339098771066e-04 0.000000000000000000e+00
4.525000000000000000e+04 1.809954273996245977e-01 2.890304961310878606e-02 8.240782885753299425e-01 1.467910787437414766e-01 2.275830678197542133e-04 0.000000000000000000e+00
4.550000000000000000e+04 1.819954021366390062e-01 2.981338188438780248e-02 8.235093309057806010e-01 1.465634956759217233e-01 1.137915339098771066e-04 0.000000000000000000e+00
4.575000000000000000e+04 1.829953768736536368e-01 3.060992262175694228e-02 8.230541647701411501e-01 1.459945380063723264e-01 3.413746017296313199e-04 0.000000000000000000e+00
4.600000000000000000e+04 1.839953516106680453e-01 3.117888029130632538e-02 8.223714155666818071e-01 1.463359126081019701e-01 1.137915339098771066e-04 0.000000000000000000e+00
4.625000000000000000e+04 1.849953263476826759e-01 3.140646335912607862e-02 8.214610832954027941e-01 1.462221210741920796e-01 9.103322712790168532e-04 0.000000000000000000e+00
4.650000000000000000e+04 1.859953010846970844e-01 3.083750568957669552e-02 8.223714155666818071e-01 1.466772872098315861e-01 1.137915339098771066e-04 0.000000000000000000e+00
4.675000000000000000e+04 1.869952758217114930e-01 3.095129722348657214e-02 8.220300409649522466e-01 1.467910787437414766e-01 2.275830678197542133e-04 0.000000000000000000e+00
4.700000000000000000e+04 1.879952505587261236e-01 3.072371415566681890e-02 8.224852071005916976e-01 1.464497041420118328e-01 3.413746017296313199e-04 0.000000000000000000e+00
4.725000000000000000e+04 1.889952252957405321e-01 3.356850250341374825e-02 8.194128356850249872e-01 1.459945380063723264e-01 1.024123805188893906e-03 0.000000000000000000e+00
4.750000000000000000e+04 1.899952000327551627e-01 5.086481565771506369e-02 7.833409194355940297e-01 1.645425580336822846e-01 1.251706873008648227e-03 0.000000000000000000e+00
4.775000000000000000e+04 1.909951747697695712e-01 6.690942193900774326e-02 7.610377787892580459e-01 1.690942193900773771e-01 2.958579881656804664e-03 0.000000000000000000e+00
4.800000000000000000e+04 1.919951495067842018e-01 8.113336367774237612e-02 7.446517979062358128e-01 1.715976331360946627e-01 2.617205279927173507e-03 0.000000000000000000e+00
4.825000000000000000e+04 1.929951242437986103e-01 1.228948566226672756e-01 7.032316795630405570e-01 1.613563950842057393e-01 1.251706873008648184e-02 0.000000000000000000e+00
4.850000000000000000e+04 1.939950989808130188e-01 1.574874829312699065e-01 6.327947200728265553e-01 1.969731451979972736e-01 1.274465179790623508e-02 0.000000000000000000e+00
4.875000000000000000e+04 1.949950737178276494e-01 1.516841147018661851e-01 6.315430131998179819e-01 2.092626308602640040e-01 7.510241238051888930e-03 0.000000000000000000e+00
4.900000000000000000e+04 1.959950484548420580e-01 1.346153846153846090e-01 6.680700955848885014e-01 1.927628584433318248e-01 4.551661356395083832e-03 0.000000000000000000e+00
4.925000000000000000e+04 1.969950231918566885e-01 1.145880746472462408e-01 7.129039599453800280e-01 1.679563040509786109e-01 4.551661356395083832e-03 0.000000000000000000e+00
4.950000000000000000e+04 1.979949979288710971e-01 1.119708693673190647e-01 7.225762403277196100e-01 1.613563950842057393e-01 4.096495220755575623e-03 0.000000000000000000e+00
4.975000000000000000e+04 1.989949726658855056e-01 1.073054164770141095e-01 7.210969503868912556e-01 1.678425125170687204e-01 3.755120619025944465e-03 0.000000000000000000e+00
5.000000000000000000e+04 1.999949474029001362e-01 1.051433773327264398e-01 7.233727810650887324e-01 1.687528447883477334e-01 2.730996813837050560e-03 0.000000000000000000e+00
5.025000000000000000e+04 2.009949221399145447e-01 1.013882567137004975e-01 7.240555302685480754e-01 1.698907601274465273e-01 4.665452890304961318e-03 0.000000000000000000e+00
5.050000000000000000e+04 2.019948968769291753e-01 1.008192990441511144e-01 7.266727355484752238e-01 1.687528447883477334e-01 3.755120619025944465e-03 0.000000000000000000e+00
5.075000000000000000e+04 2.029948716139435838e-01 1.010468821119708677e-01 7.275830678197542367e-01 1.689804278561675144e-01 2.389622212107419402e-03 0.000000000000000000e+00
5.100000000000000000e+04 2.039948463509582144e-01 9.990896677287210148e-02 7.261037778789257713e-01 1.708010923987255403e-01 3.186162949476558769e-03 0.000000000000000000e+00
5.125000000000000000e+04 2.049948210879726229e-01 1.019572143832498806e-01 7.275830678197542367e-01 1.673873463814292140e-01 3.072371415566681717e-03 0.000000000000000000e+00
5.150000000000000000e+04 2.059947958249870315e-01 1.032089212562585373e-01 7.272416932180245652e-01 1.665908056440600915e-01 2.958579881656804664e-03 0.000000000000000000e+00
5.175000000000000000e+04 2.069947705620016620e-01 1.026399635867091542e-01 7.255348202093764298e-01 1.687528447883477334e-01 3.072371415566681717e-03 0.000000000000000000e+00
5.200000000000000000e+04 2.079947452990160706e-01 1.012744651797906209e-01 7.270141101502047842e-01 1.696631770596267741e-01 2.048247610377787811e-03 0.000000000000000000e+00
5.225000000000000000e+04 2.089947200360307011e-01 1.024123805188894010e-01 7.259899863450158808e-01 1.689804278561675144e-01 2.617205279927173507e-03 0.000000000000000000e+00
5.250000000000000000e+04 2.099946947730451097e-01 1.017296313154301274e-01 7.275830678197542367e-01 1.661356395084205850e-01 4.551661356395083832e-03 0.000000000000000000e+00
5.275000000000000000e+04 2.109946695100595182e-01 1.027537551206190308e-01 7.265589440145653333e-01 1.681838871187983642e-01 2.503413746017296455e-03 0.000000000000000000e+00
5.300000000000000000e+04 2.119946442470741488e-01 1.026399635867091542e-01 7.261037778789257713e-01 1.682976786527082269e-01 2.958579881656804664e-03 0.000000000000000000e+00
5.325000000000000000e+04 2.129946189840885573e-01 1.001365498406918547e-01 7.275830678197542367e-01 1.696631770596267741e-01 2.617205279927173507e-03 0.000000000000000000e+00
5.350000000000000000e+04 2.139945937211031879e-01 1.048020027309968100e-01 7.257624032771962108e-01 1.660218479745106945e-01 3.413746017296313308e-03 0.000000000000000000e+00
5.375000000000000000e+04 2.149945684581175964e-01 1.045744196631770567e-01 7.250796540737368678e-01 1.682976786527082269e-01 2.048247610377787811e-03 0.000000000000000000e+00
5.400000000000000000e+04 2.159945431951322270e-01 1.040054619936276736e-01 7.251934456076467583e-01 1.685252617205279801e-01 2.275830678197541916e-03 0.000000000000000000e+00
5.425000000000000000e+04 2.169945179321466355e-01 1.041192535275375503e-01 7.238279472007282944e-01 1.689804278561675144e-01 3.072371415566681717e-03 0.000000000000000000e+00
5.450000000000000000e+04 2.179944926691610441e-01 1.049157942649066866e-01 7.195038689121528996e-01 1.729631315430132099e-01 2.617205279927173507e-03 0.000000000000000000e+00
5.475000000000000000e+04 2.189944674061756746e-01 1.078743741465634925e-01 7.213245334547109255e-01 1.682976786527082269e-01 2.503413746017296455e-03 0.000000000000000000e+00
5.500000000000000000e+04 2.199944421431900832e-01 1.067364588074647264e-01 7.191624943104233392e-01 1.706873008648156498e-01 3.413746017296313308e-03 0.000000000000000000e+00
5.525000000000000000e+04 2.209944168802047137e-01 1.053709604005461931e-01 7.203004096495220221e-01 1.715976331360946627e-01 2.730996813837050560e-03 0.000000000000000000e+00
5.550000000000000000e+04 2.219943916172191223e-01 1.084433318161128756e-01 7.107419208010924416e-01 1.777423759672280279e-01 3.072371415566681717e-03 0.000000000000000000e+00
5.575000000000000000e+04 2.229943663542335308e-01 9.569868001820663883e-02 7.306554392353209471e-01 1.723941738734638129e-01 1.251706873008648227e-03 0.000000000000000000e+00
5.600000000000000000e+04 2.239943410912481614e-01 9.808830223031406170e-02 7.298588984979517136e-01 1.706873008648156498e-01 1.365498406918525280e-03 0.000000000000000000e+00
5.625000000000000000e+04 2.249943158282625699e-01 8.887118798361401395e-02 7.402139280837505275e-01 1.685252617205279801e-01 2.389622212107419402e-03 0.000000000000000000e+00
5.650000000000000000e+04 2.259942905652772005e-01 9.376422394173873631e-02 7.325898953117887524e-01 1.710286754665452935e-01 2.617205279927173507e-03 0.000000000000000000e+00
5.675000000000000000e+04 2.269942653022916090e-01 9.399180700955848955e-02 7.321347291761493015e-01 1.727355484751934567e-01 1.137915339098770958e-03 0.000000000000000000e+00
