# itime ezz other fcc hcp bcc ico
0.000000000000000000e+00 0.000000000000000000e+00 0.000000000000000000e+00 1.000000000000000000e+00 0.000000000000000000e+00 0.000000000000000000e+00 0.000000000000000000e+00
5.000000000000000000e+02 2.000055737185313376e-03 0.000000000000000000e+00 1.000000000000000000e+00 0.000000000000000000e+00 0.000000000000000000e+00 0.000000000000000000e+00
1.000000000000000000e+03 4.000111474370848796e-03 0.000000000000000000e+00 1.000000000000000000e+00 0.000000000000000000e+00 0.000000000000000000e+00 0.000000000000000000e+00
1.500000000000000000e+03 6.000167211556162172e-03 0.000000000000000000e+00 1.000000000000000000e+00 0.000000000000000000e+00 0.000000000000000000e+00 0.000000000000000000e+00
2.000000000000000000e+03 8.000222948741697593e-03 0.000000000000000000e+00 1.000000000000000000e+00 0.000000000000000000e+00 0.000000000000000000e+00 0.000000000000000000e+00
2.500000000000000000e+03 1.000027868592701097e-02 0.000000000000000000e+00 1.000000000000000000e+00 0.000000000000000000e+00 0.000000000000000000e+00 0.000000000000000000e+00
3.000000000000000000e+03 1.200033442311254639e-02 0.000000000000000000e+00 1.000000000000000000e+00 0.000000000000000000e+00 0.000000000000000000e+00 0.000000000000000000e+00
3.500000000000000000e+03 1.400039016029785977e-02 0.000000000000000000e+00 1.000000000000000000e+00 0.000000000000000000e+00 0.000000000000000000e+00 0.000000000000000000e+00
4.000000000000000000e+03 1.600044589748339519e-02 0.000000000000000000e+00 1.000000000000000000e+00 0.000000000000000000e+00 0.000000000000000000e+00 0.000000000000000000e+00
4.500000000000000000e+03 1.800050163466870856e-02 0.000000000000000000e+00 1.000000000000000000e+00 0.000000000000000000e+00 0.000000000000000000e+00 0.000000000000000000e+00
5.000000000000000000e+03 2.000055737185424398e-02 0.000000000000000000e+00 1.000000000000000000e+00 0.000000000000000000e+00 0.000000000000000000e+00 0.000000000000000000e+00
5.500000000000000000e+03 2.200061310903955736e-02 0.000000000000000000e+00 1.000000000000000000e+00 0.000000000000000000e+00 0.000000000000000000e+00 0.000000000000000000e+00
6.000000000000000000e+03 2.400066884622509278e-02 0.000000000000000000e+00 1.000000000000000000e+00 0.000000000000000000e+00 0.000000000000000000e+00 0.000000000000000000e+00
6.500000000000000000e+03 2.600072458341040615e-02 0.000000000000000000e+00 1.000000000000000000e+00 0.000000000000000000e+00 0.000000000000000000e+00 0.000000000000000000e+00
7.000000000000000000e+03 2.800078032059571953e-02 0.000000000000000000e+00 1.000000000000000000e+00 0.000000000000000000e+00 0.000000000000000000e+00 0.000000000000000000e+00
7.500000000000000000e+03 3.000083605778125495e-02 0.000000000000000000e+00 1.000000000000000000e+00 0.000000000000000000e+00 0.000000000000000000e+00 0.000000000000000000e+00
8.000000000000000000e+03 3.200089179496656833e-02 0.000000000000000000e+00 1.000000000000000000e+00 0.000000000000000000e+00 0.000000000000000000e+00 0.000000000000000000e+00
8.500000000000000000e+03 3.400094753215210375e-02 0.000000000000000000e+00 1.000000000000000000e+00 0.000000000000000000e+00 0.000000000000000000e+00 0.000000000000000000e+00
9.000000000000000000e+03 3.600100326933741712e-02 0.000000000000000000e+00 1.000000000000000000e+00 0.000000000000000000e+00 0.000000000000000000e+00 0.000000000000000000e+00
9.500000000000000000e+03 3.800105900652295254e-02 0.000000000000000000e+00 1.000000000000000000e+00 0.000000000000000000e+00 0.000000000000000000e+00 0.000000000000000000e+00
1.000000000000000000e+04 4.000111474370826592e-02 0.000000000000000000e+00 1.000000000000000000e+00 0.000000000000000000e+00 0.000000000000000000e+00 0.000000000000000000e+00
1.050000000000000000e+04 4.200117048089380134e-02 0.000000000000000000e+00 1.000000000000000000e+00 0.000000000000000000e+00 0.000000000000000000e+00 0.000000000000000000e+00
1.100000000000000000e+04 4.400122621807911472e-02 0.000000000000000000e+00 1.000000000000000000e+00 0.000000000000000000e+00 0.000000000000000000e+00 0.000000000000000000e+00
1.150000000000000000e+04 4.600128195526465014e-02 0.000000000000000000e+00 1.000000000000000000e+00 0.000000000000000000e+00 0.000000000000000000e+00 0.000000000000000000e+00
1.200000000000000000e+04 4.800133769244996351e-02 0.000000000000000000e+00 1.000000000000000000e+00 0.000000000000000000e+00 0.000000000000000000e+00 0.000000000000000000e+00
1.250000000000000000e+04 5.000139342963549893e-02 0.000000000000000000e+00 1.000000000000000000e+00 0.000000000000000000e+00 0.000000000000000000e+00 0.000000000000000000e+00
1.300000000000000000e+04 5.200144916682081231e-02 0.000000000000000000e+00 1.000000000000000000e+00 0.000000000000000000e+00 0.000000000000000000e+00 0.000000000000000000e+00
1.350000000000000000e+04 5.400150490400612568e-02 0.000000000000000000e+00 1.000000000000000000e+00 0.000000000000000000e+00 0.000000000000000000e+00 0.000000000000000000e+00
1.400000000000000000e+04 5.600156064119166111e-02 0.000000000000000000e+00 1.000000000000000000e+00 0.000000000000000000e+00 0.000000000000000000e+00 0.000000000000000000e+00
1.450000000000000000e+04 5.800161637837697448e-02 0.000000000000000000e+00 1.000000000000000000e+00 0.000000000000000000e+00 0.000000000000000000e+00 0.000000000000000000e+00
1.500000000000000000e+04 6.000167211556250990e-02 0.000000000000000000e+00 1.000000000000000000e+00 0.000000000000000000e+00 0.000000000000000000e+00 0.000000000000000000e+00
1.550000000000000000e+04 6.200172785274782328e-02 0.000000000000000000e+00 1.000000000000000000e+00 0.000000000000000000e+00 0.000000000000000000e+00 0.000000000000000000e+00
1.600000000000000000e+04 6.400178358993335870e-02 0.000000000000000000e+00 1.000000000000000000e+00 0.000000000000000000e+00 0.000000000000000000e+00 0.000000000000000000e+00
1.650000000000000000e+04 6.600183932711867207e-02 1.137915339098771066e-04 9.998862084660901095e-01 0.000000000000000000e+00 0.000000000000000000e+00 0.000000000000000000e+00
1.700000000000000000e+04 6.800189506430420749e-02 0.000000000000000000e+00 1.000000000000000000e+00 0.000000000000000000e+00 0.000000000000000000e+00 0.000000000000000000e+00
1.750000000000000000e+04 7.000195080148952087e-02 0.000000000000000000e+00 1.000000000000000000e+00 0.000000000000000000e+00 0.000000000000000000e+00 0.000000000000000000e+00
1.800000000000000000e+04 7.200200653867505629e-02 0.000000000000000000e+00 1.000000000000000000e+00 0.000000000000000000e+00 0.000000000000000000e+00 0.000000000000000000e+00
1.850000000000000000e+04 7.400206227586036967e-02 0.000000000000000000e+00 1.000000000000000000e+00 0.000000000000000000e+00 0.000000000000000000e+00 0.000000000000000000e+00
1.900000000000000000e+04 7.600211801304590509e-02 0.000000000000000000e+00 1.000000000000000000e+00 0.000000000000000000e+00 0.000000000000000000e+00 0.000000000000000000e+00
1.950000000000000000e+04 7.800217375023121846e-02 0.000000000000000000e+00 1.000000000000000000e+00 0.000000000000000000e+00 0.000000000000000000e+00 0.000000000000000000e+00
2.000000000000000000e+04 8.000222948741653184e-02 0.000000000000000000e+00 1.000000000000000000e+00 0.000000000000000000e+00 0.000000000000000000e+00 0.000000000000000000e+00
2.050000000000000000e+04 8.200228522460206726e-02 6.827492034592626399e-04 9.993172507965407680e-01 0.000000000000000000e+00 0.000000000000000000e+00 0.000000000000000000e+00
2.100000000000000000e+04 8.400234096178738064e-02 4.551661356395084266e-04 9.995448338643604380e-01 0.000000000000000000e+00 0.000000000000000000e+00 0.000000000000000000e+00
2.150000000000000000e+04 8.600239669897291606e-02 1.137915339098770958e-03 9.987482931269913156e-01 0.000000000000000000e+00 1.137915339098771066e-04 0.000000000000000000e+00
2.200000000000000000e+04 8.800245243615822943e-02 1.137915339098771066e-04 9.998862084660901095e-01 0.000000000000000000e+00 0.000000000000000000e+00 0.000000000000000000e+00
2.250000000000000000e+04 9.000250817334376485e-02 1.365498406918525280e-03 9.986345015930814251e-01 0.000000000000000000e+00 0.000000000000000000e+00 0.000000000000000000e+00
2.300000000000000000e+04 9.200256391052907823e-02 2.162039144287664864e-03 9.978379608557123026e-01 0.000000000000000000e+00 0.000000000000000000e+00 0.000000000000000000e+00
2.350000000000000000e+04 9.400261964771461365e-02 2.048247610377787811e-03 9.979517523896221931e-01 0.000000000000000000e+00 0.000000000000000000e+00 0.000000000000000000e+00
2.400000000000000000e+04 9.600267538489992702e-02 1.137915339098770958e-03 9.988620846609012061e-01 0.000000000000000000e+00 0.000000000000000000e+00 0.000000000000000000e+00
2.450000000000000000e+04 9.800273112208546245e-02 3.527537551206190360e-03 9.962448793809740577e-01 0.000000000000000000e+00 2.275830678197542133e-04 0.000000000000000000e+00
2.500000000000000000e+04 1.000027868592707758e-01 3.527537551206190360e-03 9.962448793809740577e-01 0.000000000000000000e+00 2.275830678197542133e-04 0.000000000000000000e+00
2.550000000000000000e+04 1.020028425964563112e-01 2.958579881656804664e-03 9.967000455166135087e-01 0.000000000000000000e+00 3.413746017296313199e-04 0.000000000000000000e+00
2.600000000000000000e+04 1.040028983336416246e-01 2.503413746017296455e-03 9.973827947200728516e-01 0.000000000000000000e+00 1.137915339098771066e-04 0.000000000000000000e+00
2.650000000000000000e+04 1.060029540708271600e-01 7.737824305871643035e-03 9.916932180245789930e-01 0.000000000000000000e+00 5.689576695493854790e-04 0.000000000000000000e+00
2.700000000000000000e+04 1.080030098080124734e-01 1.502048247610377786e-02 9.835002275830677654e-01 0.000000000000000000e+00 1.479289940828402332e-03 0.000000000000000000e+00
2.750000000000000000e+04 1.100030655451977868e-01 4.483386436049158208e-02 8.860946745562130467e-01 0.000000000000000000e+00 6.907146108329539902e-02 0.000000000000000000e+00
2.800000000000000000e+04 1.120031212823833222e-01 2.073281747837960876e-01 4.167045971779699820e-01 4.346836595357305572e-02 3.324988620846608955e-01 0.000000000000000000e+00
2.850000000000000000e+04 1.140031770195686356e-01 2.129039599453800558e-01 5.144515248065544277e-01 2.552344105598543522e-01 1.741010468821119553e-02 0.000000000000000000e+00
2.900000000000000000e+04 1.160032327567541710e-01 1.833181611288120239e-01 6.053709604005461653e-01 2.068730086481565811e-01 4.437869822485207214e-03 0.000000000000000000e+00
2.950000000000000000e+04 1.180032884939394844e-01 1.324533454710969393e-01 6.804733727810651223e-01 1.805871643149749572e-01 6.486117432862995025e-03 0.000000000000000000e+00
3.000000000000000000e+04 1.200033442311250198e-01 1.279016841147018746e-01 6.861629494765589810e-01 1.784251251706872876e-01 7.510241238051888930e-03 0.000000000000000000e+00
3.050000000000000000e+04 1.220033999683103332e-01 1.280154756486117373e-01 6.890077378243059103e-01 1.778561675011379184e-01 5.120619025944469528e-03 0.000000000000000000e+00
3.100000000000000000e+04 1.240034557054958686e-01 1.274465179790623681e-01 6.896904870277651423e-01 1.760355029585798925e-01 6.827492034592626616e-03 0.000000000000000000e+00
3.150000000000000000e+04 1.260035114426811820e-01 1.156121984524351443e-01 7.109695038689121116e-01 1.647701411015020379e-01 8.648156577150659455e-03 0.000000000000000000e+00
3.200000000000000000e+04 1.280035671798667174e-01 1.083295402822029990e-01 7.204142011834319126e-01 1.644287664997724219e-01 6.827492034592626616e-03 0.000000000000000000e+00
3.250000000000000000e+04 1.300036229170520308e-01 1.071916249431042328e-01 7.223486572598998290e-01 1.643149749658625314e-01 6.144742831133363434e-03 0.000000000000000000e+00
3.300000000000000000e+04 1.320036786542375662e-01 1.101502048247610388e-01 7.199590350477924616e-01 1.635184342284934089e-01 6.372325898953117539e-03 0.000000000000000000e+00
3.350000000000000000e+04 1.340037343914228796e-01 1.066226672735548497e-01 7.199590350477924616e-01 1.659080564406008318e-01 7.510241238051888930e-03 0.000000000000000000e+00
3.400000000000000000e+04 1.360037901286081929e-01 1.087847064178425194e-01 7.204142011834319126e-01 1.642011834319526686e-01 6.599908966772872511e-03 0.000000000000000000e+00
3.450000000000000000e+04 1.380038458657937284e-01 1.063950842057350965e-01 7.160901228948566288e-01 1.730769230769230727e-01 4.437869822485207214e-03 0.000000000000000000e+00
3.500000000000000000e+04 1.400039016029790417e-01 1.076467910787437393e-01 7.144970414201183839e-01 1.720527992717341692e-01 5.803368229403732710e-03 0.000000000000000000e+00
3.550000000000000000e+04 1.420039573401645772e-01 1.063950842057350965e-01 7.172280382339554228e-01 1.708010923987255403e-01 5.575785161583977738e-03 0.000000000000000000e+00
3.600000000000000000e+04 1.440040130773498905e-01 1.119708693673190647e-01 7.154073736913973969e-01 1.678425125170687204e-01 4.779244424214838804e-03 0.000000000000000000e+00
3.650000000000000000e+04 1.460040688145354260e-01 1.087847064178425194e-01 7.154073736913973969e-01 1.695493855257168836e-01 6.258534365043240920e-03 0.000000000000000000e+00
3.700000000000000000e+04 1.480041245517207393e-01 1.151570323167956239e-01 7.102867546654528796e-01 1.701183431952662806e-01 4.437869822485207214e-03 0.000000000000000000e+00
3.750000000000000000e+04 1.500041802889062748e-01 1.108329540282202985e-01 7.176832043695948737e-01 1.669321802457897075e-01 4.551661356395083832e-03 0.000000000000000000e+00
3.800000000000000000e+04 1.520042360260915881e-01 1.134501593081474746e-01 7.147246244879380539e-01 1.682976786527082269e-01 3.527537551206190360e-03 0.000000000000000000e+00
3.850000000000000000e+04 1.540042917632771236e-01 1.075329995448338627e-01 6.991351843422849432e-01 1.892353208921256358e-01 4.096495220755575623e-03 0.000000000000000000e+00
3.900000000000000000e+04 1.560043475004624369e-01 1.075329995448338627e-01 6.987938097405552718e-01 1.884387801547564856e-01 5.234410559854347014e-03 0.000000000000000000e+00
3.950000000000000000e+04 1.580044032376479723e-01 1.088984979517523960e-01 6.953800637232590010e-01 1.913973600364132777e-01 4.324078288575329727e-03 0.000000000000000000e+00
4.000000000000000000e+04 1.600044589748332857e-01 1.074192080109239861e-01 6.969731451979972459e-01 1.893491124260354985e-01 6.258534365043240920e-03 0.000000000000000000e+00
4.050000000000000000e+04 1.620045147120185991e-01 1.099226217569412856e-01 6.943559399180700975e-01 1.899180700955848955e-01 5.803368229403732710e-03 0.000000000000000000e+00
4.100000000000000000e+04 1.640045704492041345e-01 1.129949931725079681e-01 6.944697314519799880e-01 1.873008648156577194e-01 5.234410559854347014e-03 0.000000000000000000e+00
4.150000000000000000e+04 1.660046261863894479e-01 1.139053254437869811e-01 6.950386891215293295e-01 1.850250341374601593e-01 6.030951297223486815e-03 0.000000000000000000e+00
4.200000000000000000e+04 1.680046819235749833e-01 1.145880746472462408e-01 6.973145197997269173e-01 1.820664542558033672e-01 6.030951297223486815e-03 0.000000000000000000e+00
4.250000000000000000e+04 1.700047376607602967e-01 1.112881201638598050e-01 6.962903959945380139e-01 1.875284478834774726e-01 4.893035958124715423e-03 0.000000000000000000e+00
4.300000000000000000e+04 1.720047933979458321e-01 1.154984069185252676e-01 6.904870277651342647e-01 1.880974055530268418e-01 5.917159763313609329e-03 0.000000000000000000e+00
4.350000000000000000e+04 1.740048491351311455e-01 1.135639508420573512e-01 6.903732362312243742e-01 1.900318616294947582e-01 6.030951297223486815e-03 0.000000000000000000e+00
4.400000000000000000e+04 1.760049048723166809e-01 1.198224852071005930e-01 6.852526172052799680e-01 1.874146563495675821e-01 7.510241238051888930e-03 0.000000000000000000e+00
4.450000000000000000e+04 1.780049606095019943e-01 1.185707783340919502e-01 6.821802457897132577e-01 1.920801092398725651e-01 7.168866636322257339e-03 0.000000000000000000e+00
4.500000000000000000e+04 1.800050163466875297e-01 1.118570778334091881e-01 6.998179335457441752e-01 1.841147018661811463e-01 4.210286754665453109e-03 0.000000000000000000e+00
4.550000000000000000e+04 1.820050720838728431e-01 1.123122439690487084e-01 6.967455621301774649e-01 1.844560764679107900e-01 6.486117432862995025e-03 0.000000000000000000e+00
4.600000000000000000e+04 1.840051278210583785e-01 1.078743741465634925e-01 6.984524351388257113e-01 1.874146563495675821e-01 6.258534365043240920e-03 0.000000000000000000e+00
4.650000000000000000e+04 1.860051835582436919e-01 1.104915794264906687e-01 6.954938552571688914e-01 1.885525716886663761e-01 5.461993627674101119e-03 0.000000000000000000e+00
4.700000000000000000e+04 1.880052392954290053e-01 1.092398725534820259e-01 6.962903959945380139e-01 1.876422394173873354e-01 6.827492034592626616e-03 0.000000000000000000e+00
4.750000000000000000e+04 1.900052950326145407e-01 1.150432407828857473e-01 6.934456076467910846e-01 1.845698680018206528e-01 6.941283568502503235e-03 0.000000000000000000e+00
4.800000000000000000e+04 1.920053507697998540e-01 1.203914428766499761e-01 6.907146108329540457e-01 1.832043695949021334e-01 5.689576695493855224e-03 0.000000000000000000e+00
4.850000000000000000e+04 1.940054065069853895e-01 1.211879836140191125e-01 6.893491124260354708e-01 1.829767865270823801e-01 6.486117432862995025e-03 0.000000000000000000e+00
4.900000000000000000e+04 1.960054622441707028e-01 1.192535275375512099e-01 6.986800182066453813e-01 1.746700045516613453e-01 7.396449704142011444e-03 0.000000000000000000e+00
4.950000000000000000e+04 1.980055179813562383e-01 1.264223941738734647e-01 6.694355939918069653e-01 1.936731907146108378e-01 1.046882111970869403e-02 0.000000000000000000e+00
5.000000000000000000e+04 2.000055737185415516e-01 1.444014565316340537e-01 6.359808830223031562e-01 2.109695038689121394e-01 8.648156577150659455e-03 0.000000000000000000e+00
5.050000000000000000e+04 2.020056294557270871e-01 1.486117432862995025e-01 6.684114701866180619e-01 1.772872098315885214e-01 5.689576695493855224e-03 0.000000000000000000e+00
5.100000000000000000e+04 2.040056851929124004e-01 1.464497041420118328e-01 6.768320436959490705e-01 1.710286754665452935e-01 5.689576695493855224e-03 0.000000000000000000e+00
5.150000000000000000e+04 2.060057409300979359e-01 1.505461993627674189e-01 6.730769230769231282e-01 1.702321347291761433e-01 6.144742831133363434e-03 0.000000000000000000e+00
5.200000000000000000e+04 2.080057966672832492e-01 1.466772872098315861e-01 6.752389622212107145e-01 1.704597177969958965e-01 7.624032771961766417e-03 0.000000000000000000e+00
5.250000000000000000e+04 2.100058524044687847e-01 1.499772416932180219e-01 6.692080109239872954e-01 1.735320892125625791e-01 7.282658170232134826e-03 0.000000000000000000e+00
5.300000000000000000e+04 2.120059081416540980e-01 1.491807009558488717e-01 6.704597177969958688e-01 1.738734638142922229e-01 6.486117432862995025e-03 0.000000000000000000e+00
5.350000000000000000e+04 2.140059638788394114e-01 1.521392808375056915e-01 6.677287209831588299e-01 1.743286299499317293e-01 5.803368229403732710e-03 0.000000000000000000e+00
5.400000000000000000e+04 2.160060196160249468e-01 1.475876194811105990e-01 6.660218479745106945e-01 1.779699590350477811e-01 8.420573509330906217e-03 0.000000000000000000e+00
5.450000000000000000e+04 2.180060753532102602e-01 1.540737369139736079e-01 6.629494765589439842e-01 1.750113791533909890e-01 7.965407373691398007e-03 0.000000000000000000e+00
5.500000000000000000e+04 2.200061310903957956e-01 1.298361401911697632e-01 6.672735548475193790e-01 1.999317250796540657e-01 2.958579881656804664e-03 0.000000000000000000e+00
5.550000000000000000e+04 2.220061868275811090e-01 1.277878925807919841e-01 6.780837505689576439e-01 1.884387801547564856e-01 5.689576695493855224e-03 0.000000000000000000e+00
5.600000000000000000e+04 2.240062425647666444e-01 1.263086026399635742e-01 6.870732817478379939e-01 1.817250796540737234e-01 4.893035958124715423e-03 0.000000000000000000e+00
5.650000000000000000e+04 2.260062983019519578e-01 1.274465179790623681e-01 6.841147018661811741e-01 1.824078288575330109e-01 6.030951297223486815e-03 0.000000000000000000e+00
5.700000000000000000e+04 2.280063540391374932e-01 1.268775603095129711e-01 6.859353664087392000e-01 1.820664542558033672e-01 5.120619025944469528e-03 0.000000000000000000e+00
5.750000000000000000e+04 2.300064097763228066e-01 1.282430587164314906e-01 6.851388256713700775e-01 1.819526627218935044e-01 4.665452890304961318e-03 0.000000000000000000e+00
5.800000000000000000e+04 2.320064655135083420e-01 1.263086026399635742e-01 6.875284478834774449e-01 1.810423304506144637e-01 5.120619025944469528e-03 0.000000000000000000e+00
5.850000000000000000e+04 2.340065212506936554e-01 1.271051433773327244e-01 6.865043240782885414e-01 1.810423304506144637e-01 5.348202093764223633e-03 0.000000000000000000e+00
5.900000000000000000e+04 2.360065769878791908e-01 1.279016841147018746e-01 6.876422394173873354e-01 1.800182066454255880e-01 4.437869822485207214e-03 0.000000000000000000e+00
5.950000000000000000e+04 2.380066327250645042e-01 1.288120163859808875e-01 6.898042785616750328e-01 1.760355029585798925e-01 5.348202093764223633e-03 0.000000000000000000e+00
6.000000000000000000e+04 2.400066884622498176e-01 1.267637687756031084e-01 6.901456531634045932e-01 1.779699590350477811e-01 5.120619025944469528e-03 0.000000000000000000e+00
6.050000000000000000e+04 2.420067441994353530e-01 1.265361857077833274e-01 6.909421939007738267e-01 1.768320436959490149e-01 5.689576695493855224e-03 0.000000000000000000e+00
6.100000000000000000e+04 2.440067999366206664e-01 1.251706873008648080e-01 6.929904415111515226e-01 1.769458352298589054e-01 4.893035958124715423e-03 0.000000000000000000e+00
6.150000000000000000e+04 2.460068556738062018e-01 1.275603095129722309e-01 6.964041875284479044e-01 1.702321347291761433e-01 5.803368229403732710e-03 0.000000000000000000e+00
6.200000000000000000e+04 2.480069114109915152e-01 1.219845243513882627e-01 6.954938552571688914e-01 1.771734182976786587e-01 5.348202093764223633e-03 0.000000000000000000e+00
6.250000000000000000e+04 2.500069671481770506e-01 1.227810650887573990e-01 6.970869367319071364e-01 1.753527537551206328e-01 4.779244424214838804e-03 0.000000000000000000e+00
6.300000000000000000e+04 2.520070228853623640e-01 1.239189804278561652e-01 6.990213928083750528e-01 1.731907146108329631e-01 3.868912152935821518e-03 0.000000000000000000e+00
6.350000000000000000e+04 2.540070786225478994e-01 1.227810650887573990e-01 6.917387346381429492e-01 1.827492034592626269e-01 2.730996813837050560e-03 0.000000000000000000e+00
6.400000000000000000e+04 2.560071343597332127e-01 1.222121074192080159e-01 6.932180245789713036e-01 1.813837050523441075e-01 3.186162949476558769e-03 0.000000000000000000e+00
6.450000000000000000e+04 2.580071900969187482e-01 1.238051888939462886e-01 6.927628584433318526e-01 1.808147473827947105e-01 2.617205279927173507e-03 0.000000000000000000e+00
6.500000000000000000e+04 2.600072458341040615e-01 1.235776058261265353e-01 6.896904870277651423e-01 1.832043695949021334e-01 3.527537551206190360e-03 0.000000000000000000e+00
6.550000000000000000e+04 2.620073015712895970e-01 1.243741465634956717e-01 6.908284023668639362e-01 1.825216203914428736e-01 2.275830678197541916e-03 0.000000000000000000e+00
6.600000000000000000e+04 2.640073573084749103e-01 1.216431497496586189e-01 6.935593991807009751e-01 1.820664542558033672e-01 2.730996813837050560e-03 0.000000000000000000e+00
6.650000000000000000e+04 2.660074130456602237e-01 1.256258534365043145e-01 6.887801547564861293e-01 1.828629949931725174e-01 2.730996813837050560e-03 0.000000000000000000e+00
6.700000000000000000e+04 2.680074687828457591e-01 1.286982248520709970e-01 6.830905780609922706e-01 1.838871187983613931e-01 4.324078288575329727e-03 0.000000000000000000e+00
6.750000000000000000e+04 2.700075245200310725e-01 1.312016385980883104e-01 6.800182066454255603e-01 1.843422849340008995e-01 4.437869822485207214e-03 0.000000000000000000e+00
6.800000000000000000e+04 2.720075802572166079e-01 1.162949476558944040e-01 7.191624943104233392e-01 1.609012289485662328e-01 3.641329085116067413e-03 0.000000000000000000e+00
6.850000000000000000e+04 2.740076359944019213e-01 1.148156577150659940e-01 7.154073736913973969e-01 1.688666363222576239e-01 9.103322712790168532e-04 0.000000000000000000e+00
6.900000000000000000e+04 2.760076917315874567e-01 1.083295402822029990e-01 7.226900318616295005e-01 1.687528447883477334e-01 2.275830678197542133e-04 0.000000000000000000e+00
6.950000000000000000e+04 2.780077474687727701e-01 1.065088757396449731e-01 7.255348202093764298e-01 1.678425125170687204e-01 1.137915339098771066e-04 0.000000000000000000e+00
7.000000000000000000e+04 2.800078032059583055e-01 1.079881656804733692e-01 7.238279472007282944e-01 1.677287209831588577e-01 4.551661356395084266e-04 0.000000000000000000e+00
7.050000000000000000e+04 2.820078589431436189e-01 1.070778334091943562e-01 7.254210286754665393e-01 1.673873463814292140e-01 1.137915339098771066e-04 0.000000000000000000e+00
7.100000000000000000e+04 2.840079146803291543e-01 1.078743741465634925e-01 7.242831133363677454e-01 1.678425125170687204e-01 0.000000000000000000e+00 0.000000000000000000e+00
7.150000000000000000e+04 2.860079704175144677e-01 1.087847064178425194e-01 7.245106964041875264e-01 1.661356395084205850e-01 5.689576695493854790e-04 0.000000000000000000e+00
7.200000000000000000e+04 2.880080261547000031e-01 1.076467910787437393e-01 7.243969048702776359e-01 1.671597633136094607e-01 7.965407373691396923e-04 0.000000000000000000e+00
7.250000000000000000e+04 2.900080818918853165e-01 1.076467910787437393e-01 7.253072371415566488e-01 1.669321802457897075e-01 1.137915339098771066e-04 0.000000000000000000e+00
7.300000000000000000e+04 2.920081376290708519e-01 1.077605826126536159e-01 7.242831133363677454e-01 1.675011379153391045e-01 4.551661356395084266e-04 0.000000000000000000e+00
7.350000000000000000e+04 2.940081933662561653e-01 1.071916249431042328e-01 7.259899863450158808e-01 1.665908056440600915e-01 2.275830678197542133e-04 0.000000000000000000e+00
7.400000000000000000e+04 2.960082491034414787e-01 1.104915794264906687e-01 7.230314064633591720e-01 1.662494310423304478e-01 2.275830678197542133e-04 0.000000000000000000e+00
7.450000000000000000e+04 2.980083048406270141e-01 1.081019572143832458e-01 7.240555302685480754e-01 1.677287209831588577e-01 1.137915339098771066e-04 0.000000000000000000e+00
7.500000000000000000e+04 3.000083605778123275e-01 1.084433318161128756e-01 7.238279472007282944e-01 1.673873463814292140e-01 3.413746017296313199e-04 0.000000000000000000e+00
7.550000000000000000e+04 3.020084163149978629e-01 1.079881656804733692e-01 7.245106964041875264e-01 1.675011379153391045e-01 0.000000000000000000e+00 0.000000000000000000e+00
7.600000000000000000e+04 3.040084720521831763e-01 1.083295402822029990e-01 7.245106964041875264e-01 1.663632225762403383e-01 7.965407373691396923e-04 0.000000000000000000e+00
7.650000000000000000e+04 3.060085277893687117e-01 1.073054164770141095e-01 7.257624032771962108e-01 1.660218479745106945e-01 9.103322712790168532e-04 0.000000000000000000e+00
7.700000000000000000e+04 3.080085835265540251e-01 1.087847064178425194e-01 7.250796540737368678e-01 1.649977241693217911e-01 1.137915339098770958e-03 0.000000000000000000e+00
7.750000000000000000e+04 3.100086392637395605e-01 1.077605826126536159e-01 7.263313609467455523e-01 1.651115157032316816e-01 7.965407373691396923e-04 0.000000000000000000e+00
7.800000000000000000e+04 3.120086950009248739e-01 1.086709148839326289e-01 7.255348202093764298e-01 1.651115157032316816e-01 6.827492034592626399e-04 0.000000000000000000e+00
7.850000000000000000e+04 3.140087507381104093e-01 1.085571233500227523e-01 7.249658625398270884e-01 1.659080564406008318e-01 5.689576695493854790e-04 0.000000000000000000e+00
7.900000000000000000e+04 3.160088064752957226e-01 1.096950386891215323e-01 7.254210286754665393e-01 1.647701411015020379e-01 1.137915339098771066e-04 0.000000000000000000e+00
7.950000000000000000e+04 3.180088622124812581e-01 1.087847064178425194e-01 7.250796540737368678e-01 1.651115157032316816e-01 1.024123805188893906e-03 0.000000000000000000e+00
8.000000000000000000e+04 3.200089179496665714e-01 1.092398725534820259e-01 7.253072371415566488e-01 1.648839326354119283e-01 5.689576695493854790e-04 0.000000000000000000e+00
8.050000000000000000e+04 3.220089736868518848e-01 1.111743286299499284e-01 7.226900318616295005e-01 1.649977241693217911e-01 1.137915339098770958e-03 0.000000000000000000e+00
8.100000000000000000e+04 3.240090294240374202e-01 1.098088302230314089e-01 7.241693218024578549e-01 1.655666818388711881e-01 4.551661356395084266e-04 0.000000000000000000e+00
8.150000000000000000e+04 3.260090851612227336e-01 1.096950386891215323e-01 7.265589440145653333e-01 1.632908511606736557e-01 4.551661356395084266e-04 0.000000000000000000e+00
8.200000000000000000e+04 3.280091408984082690e-01 1.110605370960400518e-01 7.228038233955393910e-01 1.649977241693217911e-01 1.137915339098770958e-03 0.000000000000000000e+00
8.250000000000000000e+04 3.300091966355935824e-01 1.117432862994993115e-01 7.228038233955393910e-01 1.644287664997724219e-01 1.024123805188893906e-03 0.000000000000000000e+00
8.300000000000000000e+04 3.320092523727791178e-01 1.144742831133363642e-01 7.212107419208011461e-01 1.632908511606736557e-01 1.024123805188893906e-03 0.000000000000000000e+00
8.350000000000000000e+04 3.340093081099644312e-01 1.129949931725079681e-01 7.213245334547109255e-01 1.643149749658625314e-01 1.365498406918525280e-03 0.000000000000000000e+00
8.400000000000000000e+04 3.360093638471499666e-01 1.153846153846153910e-01 7.200728265817023521e-01 1.632908511606736557e-01 1.251706873008648227e-03 0.000000000000000000e+00
8.450000000000000000e+04 3.380094195843352800e-01 1.129949931725079681e-01 7.224624487938097195e-01 1.629494765589440120e-01 1.593081474738279385e-03 0.000000000000000000e+00
8.500000000000000000e+04 3.400094753215208154e-01 1.103777878925807920e-01 7.250796540737368678e-01 1.638598088302230249e-01 6.827492034592626399e-04 0.000000000000000000e+00
8.550000000000000000e+04 3.420095310587061288e-01 1.102639963586709154e-01 7.270141101502047842e-01 1.619253527537551085e-01 7.965407373691396923e-04 0.000000000000000000e+00
8.600000000000000000e+04 3.440095867958916642e-01 1.114019116977696816e-01 7.269003186162948937e-01 1.610150204824760956e-01 6.827492034592626399e-04 0.000000000000000000e+00
8.650000000000000000e+04 3.460096425330769776e-01 1.124260355029585851e-01 7.265589440145653333e-01 1.593081474738279601e-01 1.706873008648156654e-03 0.000000000000000000e+00
8.700000000000000000e+04 3.480096982702622910e-01 1.165225307237141572e-01 7.242831133363677454e-01 1.578288575329995502e-01 1.365498406918525280e-03 0.000000000000000000e+00
8.750000000000000000e+04 3.500097540074478264e-01 1.152708238507055144e-01 7.265589440145653333e-01 1.561219845243513871e-01 2.048247610377787811e-03 0.000000000000000000e+00
8.800000000000000000e+04 3.520098097446331398e-01 1.180018206645425533e-01 7.257624032771962108e-01 1.553254437869822369e-01 9.103322712790168532e-04 0.000000000000000000e+00
8.850000000000000000e+04 3.540098654818186752e-01 1.167501137915339104e-01 7.254210286754665393e-01 1.561219845243513871e-01 1.706873008648156654e-03 0.000000000000000000e+00
8.900000000000000000e+04 3.560099212190039886e-01 1.160673645880746507e-01 7.255348202093764298e-01 1.572598998634501533e-01 1.137915339098770958e-03 0.000000000000000000e+00
8.950000000000000000e+04 3.580099769561895240e-01 1.160673645880746507e-01 7.259899863450158808e-01 1.565771506599908935e-01 1.365498406918525280e-03 0.000000000000000000e+00
9.000000000000000000e+04 3.600100326933748374e-01 1.182294037323623065e-01 7.254210286754665393e-01 1.546426945835229771e-01 1.706873008648156654e-03 0.000000000000000000e+00
9.050000000000000000e+04 3.620100884305603728e-01 1.180018206645425533e-01 7.269003186162948937e-01 1.531634046426945950e-01 1.934456076467910759e-03 0.000000000000000000e+00
9.100000000000000000e+04 3.640101441677456862e-01 1.172052799271734169e-01 7.297451069640418231e-01 1.519116977696859383e-01 1.137915339098770958e-03 0.000000000000000000e+00
9.150000000000000000e+04 3.660101999049312216e-01 1.166363222576240338e-01 7.294037323623122626e-01 1.525944469731451980e-01 1.365498406918525280e-03 0.000000000000000000e+00
9.200000000000000000e+04 3.680102556421165350e-01 1.174328629949931702e-01 7.295175238962221531e-01 1.519116977696859383e-01 1.137915339098770958e-03 0.000000000000000000e+00
9.250000000000000000e+04 3.700103113793020704e-01 1.199362767410104696e-01 7.297451069640418231e-01 1.492944924897587622e-01 1.024123805188893906e-03 0.000000000000000000e+00
9.300000000000000000e+04 3.720103671164873838e-01 1.206190259444697294e-01 7.275830678197542367e-01 1.507737824305871721e-01 1.024123805188893906e-03 0.000000000000000000e+00
9.350000000000000000e+04 3.740104228536726971e-01 1.226672735548475224e-01 7.269003186162948937e-01 1.497496586253982687e-01 6.827492034592626399e-04 0.000000000000000000e+00
9.400000000000000000e+04 3.760104785908582326e-01 1.205052344105598527e-01 7.273554847519344557e-01 1.498634501593081592e-01 2.275830678197541916e-03 0.000000000000000000e+00
9.450000000000000000e+04 3.780105343280435459e-01 1.223258989531178925e-01 7.266727355484752238e-01 1.497496586253982687e-01 1.251706873008648227e-03 0.000000000000000000e+00
9.500000000000000000e+04 3.800105900652290813e-01 1.236913973600364119e-01 7.262175694128356618e-01 1.487255348202093652e-01 1.365498406918525280e-03 0.000000000000000000e+00
9.550000000000000000e+04 3.820106458024143947e-01 1.250568957669549452e-01 7.247382794720073074e-01 1.482703686845698587e-01 1.934456076467910759e-03 0.000000000000000000e+00
9.600000000000000000e+04 3.840107015395999301e-01 1.251706873008648080e-01 7.245106964041875264e-01 1.478152025489303523e-01 2.503413746017296455e-03 0.000000000000000000e+00
9.650000000000000000e+04 3.860107572767852435e-01 1.244879380974055483e-01 7.253072371415566488e-01 1.482703686845698587e-01 1.934456076467910759e-03 0.000000000000000000e+00
9.700000000000000000e+04 3.880108130139707789e-01 1.265361857077833274e-01 7.243969048702776359e-01 1.479289940828402428e-01 1.137915339098770958e-03 0.000000000000000000e+00
9.750000000000000000e+04 3.900108687511560923e-01 1.267637687756031084e-01 7.240555302685480754e-01 1.473600364132908458e-01 1.820664542558033706e-03 0.000000000000000000e+00
9.800000000000000000e+04 3.920109244883416277e-01 1.273327264451524776e-01 7.241693218024578549e-01 1.465634956759217233e-01 1.934456076467910759e-03 0.000000000000000000e+00
9.850000000000000000e+04 3.940109802255269411e-01 1.250568957669549452e-01 7.256486117432863203e-01 1.482703686845698587e-01 1.024123805188893906e-03 0.000000000000000000e+00
9.900000000000000000e+04 3.960110359627124765e-01 1.299499317250796537e-01 7.225762403277196100e-01 1.455393718707328199e-01 1.934456076467910759e-03 0.000000000000000000e+00
9.950000000000000000e+04 3.980110916998977899e-01 1.310878470641784199e-01 7.205279927173418031e-01 1.453117888029130667e-01 3.072371415566681717e-03 0.000000000000000000e+00
1.000000000000000000e+05 4.000111474370831033e-01 1.275603095129722309e-01 7.237141556668184039e-01 1.465634956759217233e-01 2.162039144287664864e-03 0.000000000000000000e+00
1.005000000000000000e+05 4.020112031742686387e-01 1.307464724624488039e-01 7.220072826581702685e-01 1.451979972690031762e-01 2.048247610377787811e-03 0.000000000000000000e+00
1.010000000000000000e+05 4.040112589114539521e-01 1.296085571233500100e-01 7.218934911242603780e-01 1.463359126081019701e-01 2.162039144287664864e-03 0.000000000000000000e+00
1.015000000000000000e+05 4.060113146486394875e-01 1.357532999544833752e-01 7.163177059626764098e-01 1.448566226672735602e-01 3.072371415566681717e-03 0.000000000000000000e+00
1.020000000000000000e+05 4.080113703858248009e-01 1.382567137005006885e-01 7.129039599453800280e-01 1.441738734638143005e-01 4.665452890304961318e-03 0.000000000000000000e+00
1.025000000000000000e+05 4.100114261230103363e-01 1.926490669094219343e-01 6.603322712790168358e-01 1.359808830223031284e-01 1.103777878925807886e-02 0.000000000000000000e+00
1.030000000000000000e+05 4.120114818601956497e-01 2.130177514792899462e-01 6.060537096040055083e-01 1.744424214838415921e-01 6.486117432862995025e-03 0.000000000000000000e+00
1.035000000000000000e+05 4.140115375973811851e-01 2.012972234865725851e-01 6.199362767410104835e-01 1.741010468821119761e-01 4.665452890304961318e-03 0.000000000000000000e+00
1.040000000000000000e+05 4.160115933345664985e-01 1.885525716886663761e-01 6.192535275375512516e-01 1.885525716886663761e-01 3.641329085116067413e-03 0.000000000000000000e+00
1.045000000000000000e+05 4.180116490717520339e-01 1.851388256713700498e-01 6.135639508420573929e-01 1.972007282658170269e-01 4.096495220755575623e-03 0.000000000000000000e+00
1.050000000000000000e+05 4.200117048089373473e-01 1.743286299499317293e-01 6.433773327264451503e-01 1.783113336367774249e-01 3.982703686845699004e-03 0.000000000000000000e+00
1.055000000000000000e+05 4.220117605461228827e-01 1.644287664997724219e-01 6.515703231679562668e-01 1.801319981793354508e-01 3.868912152935821518e-03 0.000000000000000000e+00
1.060000000000000000e+05 4.240118162833081961e-01 1.587391898042785632e-01 6.538461538461538547e-01 1.824078288575330109e-01 5.006827492034592909e-03 0.000000000000000000e+00
1.065000000000000000e+05 4.260118720204935094e-01 1.642011834319526686e-01 6.502048247610378029e-01 1.813837050523441075e-01 4.210286754665453109e-03 0.000000000000000000e+00
1.070000000000000000e+05 4.280119277576790449e-01 1.602184797451069731e-01 6.570323167956304555e-01 1.793354574419663283e-01 3.413746017296313308e-03 0.000000000000000000e+00
1.075000000000000000e+05 4.300119834948643582e-01 1.602184797451069731e-01 6.581702321347291385e-01 1.789940828402366846e-01 2.617205279927173507e-03 0.000000000000000000e+00
1.080000000000000000e+05 4.320120392320498937e-01 1.614701866181156020e-01 6.571461083295402350e-01 1.789940828402366846e-01 2.389622212107419402e-03 0.000000000000000000e+00
1.085000000000000000e+05 4.340120949692352070e-01 1.583978152025489194e-01 6.587391898042785909e-01 1.795630405097860816e-01 3.299954483386436255e-03 0.000000000000000000e+00
1.090000000000000000e+05 4.360121507064207425e-01 1.550978607191624836e-01 6.591943559399180419e-01 1.802457897132453413e-01 5.461993627674101119e-03 0.000000000000000000e+00
1.095000000000000000e+05 4.380122064436060558e-01 1.611288120163859861e-01 6.565771506599908935e-01 1.789940828402366846e-01 3.299954483386436255e-03 0.000000000000000000e+00
1.100000000000000000e+05 4.400122621807915912e-01 1.563495675921711403e-01 6.591943559399180419e-01 1.792216659080564378e-01 5.234410559854347014e-03 0.000000000000000000e+00
1.105000000000000000e+05 4.420123179179769046e-01 1.568047337278106468e-01 6.580564406008192480e-01 1.799044151115156975e-01 5.234410559854347014e-03 0.000000000000000000e+00
1.110000000000000000e+05 4.440123736551624400e-01 1.552116522530723741e-01 6.604460628129267263e-01 1.801319981793354508e-01 4.210286754665453109e-03 0.000000000000000000e+00
1.115000000000000000e+05 4.460124293923477534e-01 1.552116522530723741e-01 6.599908966772871644e-01 1.804733727810650945e-01 4.324078288575329727e-03 0.000000000000000000e+00
1.120000000000000000e+05 4.480124851295332888e-01 1.530496131087847045e-01 6.643149749658625591e-01 1.788802913063268218e-01 3.755120619025944465e-03 0.000000000000000000e+00
1.125000000000000000e+05 4.500125408667186022e-01 1.521392808375056915e-01 6.628356850250340937e-01 1.817250796540737234e-01 3.299954483386436255e-03 0.000000000000000000e+00
1.130000000000000000e+05 4.520125966039039156e-01 1.528220300409649512e-01 6.613563950842057393e-01 1.809285389167046010e-01 4.893035958124715423e-03 0.000000000000000000e+00
1.135000000000000000e+05 4.540126523410894510e-01 1.548702776513427304e-01 6.624943104233045332e-01 1.789940828402366846e-01 3.641329085116067413e-03 0.000000000000000000e+00
