# itime ezz other fcc hcp bcc ico
0.000000000000000000e+00 0.000000000000000000e+00 0.000000000000000000e+00 1.000000000000000000e+00 0.000000000000000000e+00 0.000000000000000000e+00 0.000000000000000000e+00
5.000000000000000000e+01 1.999989293967274762e-03 0.000000000000000000e+00 1.000000000000000000e+00 0.000000000000000000e+00 0.000000000000000000e+00 0.000000000000000000e+00
1.000000000000000000e+02 3.999978587934771568e-03 0.000000000000000000e+00 1.000000000000000000e+00 0.000000000000000000e+00 0.000000000000000000e+00 0.000000000000000000e+00
1.500000000000000000e+02 5.999967881902046329e-03 0.000000000000000000e+00 1.000000000000000000e+00 0.000000000000000000e+00 0.000000000000000000e+00 0.000000000000000000e+00
2.000000000000000000e+02 7.999957175869543136e-03 0.000000000000000000e+00 1.000000000000000000e+00 0.000000000000000000e+00 0.000000000000000000e+00 0.000000000000000000e+00
2.500000000000000000e+02 9.999946469836817897e-03 0.000000000000000000e+00 1.000000000000000000e+00 0.000000000000000000e+00 0.000000000000000000e+00 0.000000000000000000e+00
3.000000000000000000e+02 1.199993576380431470e-02 0.000000000000000000e+00 1.000000000000000000e+00 0.000000000000000000e+00 0.000000000000000000e+00 0.000000000000000000e+00
3.500000000000000000e+02 1.399992505777158947e-02 0.000000000000000000e+00 1.000000000000000000e+00 0.000000000000000000e+00 0.000000000000000000e+00 0.000000000000000000e+00
4.000000000000000000e+02 1.599991435173908627e-02 0.000000000000000000e+00 1.000000000000000000e+00 0.000000000000000000e+00 0.000000000000000000e+00 0.000000000000000000e+00
4.500000000000000000e+02 1.799990364570636103e-02 0.000000000000000000e+00 1.000000000000000000e+00 0.000000000000000000e+00 0.000000000000000000e+00 0.000000000000000000e+00
5.000000000000000000e+02 1.999989293967385784e-02 0.000000000000000000e+00 1.000000000000000000e+00 0.000000000000000000e+00 0.000000000000000000e+00 0.000000000000000000e+00
5.500000000000000000e+02 2.199988223364113260e-02 0.000000000000000000e+00 1.000000000000000000e+00 0.000000000000000000e+00 0.000000000000000000e+00 0.000000000000000000e+00
6.000000000000000000e+02 2.399987152760862941e-02 0.000000000000000000e+00 1.000000000000000000e+00 0.000000000000000000e+00 0.000000000000000000e+00 0.000000000000000000e+00
6.500000000000000000e+02 2.599986082157590417e-02 0.000000000000000000e+00 1.000000000000000000e+00 0.000000000000000000e+00 0.000000000000000000e+00 0.000000000000000000e+00
7.000000000000000000e+02 2.799985011554340097e-02 0.000000000000000000e+00 1.000000000000000000e+00 0.000000000000000000e+00 0.000000000000000000e+00 0.000000000000000000e+00
7.500000000000000000e+02 2.999983940951067574e-02 0.000000000000000000e+00 1.000000000000000000e+00 0.000000000000000000e+00 0.000000000000000000e+00 0.000000000000000000e+00
8.000000000000000000e+02 3.199982870347817254e-02 0.000000000000000000e+00 1.000000000000000000e+00 0.000000000000000000e+00 0.000000000000000000e+00 0.000000000000000000e+00
8.500000000000000000e+02 3.399981799744544730e-02 0.000000000000000000e+00 1.000000000000000000e+00 0.000000000000000000e+00 0.000000000000000000e+00 0.000000000000000000e+00
9.000000000000000000e+02 3.599980729141294411e-02 0.000000000000000000e+00 1.000000000000000000e+00 0.000000000000000000e+00 0.000000000000000000e+00 0.000000000000000000e+00
9.500000000000000000e+02 3.799979658538021887e-02 0.000000000000000000e+00 1.000000000000000000e+00 0.000000000000000000e+00 0.000000000000000000e+00 0.000000000000000000e+00
1.000000000000000000e+03 3.999978587934771568e-02 0.000000000000000000e+00 1.000000000000000000e+00 0.000000000000000000e+00 0.000000000000000000e+00 0.000000000000000000e+00
1.050000000000000000e+03 4.199977517331499044e-02 0.000000000000000000e+00 1.000000000000000000e+00 0.000000000000000000e+00 0.000000000000000000e+00 0.000000000000000000e+00
1.100000000000000000e+03 4.399976446728248725e-02 0.000000000000000000e+00 1.000000000000000000e+00 0.000000000000000000e+00 0.000000000000000000e+00 0.000000000000000000e+00
1.150000000000000000e+03 4.599975376124976201e-02 0.000000000000000000e+00 1.000000000000000000e+00 0.000000000000000000e+00 0.000000000000000000e+00 0.000000000000000000e+00
1.200000000000000000e+03 4.799974305521725881e-02 0.000000000000000000e+00 1.000000000000000000e+00 0.000000000000000000e+00 0.000000000000000000e+00 0.000000000000000000e+00
1.250000000000000000e+03 4.999973234918453358e-02 0.000000000000000000e+00 1.000000000000000000e+00 0.000000000000000000e+00 0.000000000000000000e+00 0.000000000000000000e+00
1.300000000000000000e+03 5.199972164315203038e-02 0.000000000000000000e+00 1.000000000000000000e+00 0.000000000000000000e+00 0.000000000000000000e+00 0.000000000000000000e+00
1.350000000000000000e+03 5.399971093711930514e-02 0.000000000000000000e+00 1.000000000000000000e+00 0.000000000000000000e+00 0.000000000000000000e+00 0.000000000000000000e+00
1.400000000000000000e+03 5.599970023108680195e-02 0.000000000000000000e+00 1.000000000000000000e+00 0.000000000000000000e+00 0.000000000000000000e+00 0.000000000000000000e+00
1.450000000000000000e+03 5.799968952505407671e-02 0.000000000000000000e+00 1.000000000000000000e+00 0.000000000000000000e+00 0.000000000000000000e+00 0.000000000000000000e+00
1.500000000000000000e+03 5.999967881902157352e-02 0.000000000000000000e+00 1.000000000000000000e+00 0.000000000000000000e+00 0.000000000000000000e+00 0.000000000000000000e+00
1.550000000000000000e+03 6.199966811298884828e-02 0.000000000000000000e+00 1.000000000000000000e+00 0.000000000000000000e+00 0.000000000000000000e+00 0.000000000000000000e+00
1.600000000000000000e+03 6.399965740695612304e-02 0.000000000000000000e+00 1.000000000000000000e+00 0.000000000000000000e+00 0.000000000000000000e+00 0.000000000000000000e+00
1.650000000000000000e+03 6.599964670092361985e-02 1.137915339098771066e-04 9.998862084660901095e-01 0.000000000000000000e+00 0.000000000000000000e+00 0.000000000000000000e+00
1.700000000000000000e+03 6.799963599489089461e-02 1.137915339098771066e-04 9.998862084660901095e-01 0.000000000000000000e+00 0.000000000000000000e+00 0.000000000000000000e+00
1.750000000000000000e+03 6.999962528885839141e-02 0.000000000000000000e+00 1.000000000000000000e+00 0.000000000000000000e+00 0.000000000000000000e+00 0.000000000000000000e+00
1.800000000000000000e+03 7.199961458282566618e-02 0.000000000000000000e+00 1.000000000000000000e+00 0.000000000000000000e+00 0.000000000000000000e+00 0.000000000000000000e+00
1.850000000000000000e+03 7.399960387679316298e-02 0.000000000000000000e+00 1.000000000000000000e+00 0.000000000000000000e+00 0.000000000000000000e+00 0.000000000000000000e+00
1.900000000000000000e+03 7.599959317076043774e-02 1.137915339098771066e-04 9.998862084660901095e-01 0.000000000000000000e+00 0.000000000000000000e+00 0.000000000000000000e+00
1.950000000000000000e+03 7.799958246472793455e-02 0.000000000000000000e+00 1.000000000000000000e+00 0.000000000000000000e+00 0.000000000000000000e+00 0.000000000000000000e+00
2.000000000000000000e+03 7.999957175869520931e-02 0.000000000000000000e+00 1.000000000000000000e+00 0.000000000000000000e+00 0.000000000000000000e+00 0.000000000000000000e+00
2.050000000000000000e+03 8.199956105266270612e-02 3.413746017296313199e-04 9.996586253982703285e-01 0.000000000000000000e+00 0.000000000000000000e+00 0.000000000000000000e+00
2.100000000000000000e+03 8.399955034662998088e-02 2.275830678197542133e-04 9.997724169321802190e-01 0.000000000000000000e+00 0.000000000000000000e+00 0.000000000000000000e+00
2.150000000000000000e+03 8.599953964059747769e-02 0.000000000000000000e+00 1.000000000000000000e+00 0.000000000000000000e+00 0.000000000000000000e+00 0.000000000000000000e+00
2.200000000000000000e+03 8.799952893456475245e-02 5.689576695493854790e-04 9.994310423304506585e-01 0.000000000000000000e+00 0.000000000000000000e+00 0.000000000000000000e+00
2.250000000000000000e+03 8.999951822853224925e-02 1.479289940828402332e-03 9.985207100591716456e-01 0.000000000000000000e+00 0.000000000000000000e+00 0.000000000000000000e+00
2.300000000000000000e+03 9.199950752249952401e-02 1.137915339098770958e-03 9.987482931269913156e-01 0.000000000000000000e+00 1.137915339098771066e-04 0.000000000000000000e+00
2.350000000000000000e+03 9.399949681646702082e-02 6.827492034592626399e-04 9.989758761948110966e-01 0.000000000000000000e+00 3.413746017296313199e-04 0.000000000000000000e+00
2.400000000000000000e+03 9.599948611043429558e-02 1.251706873008648227e-03 9.986345015930814251e-01 0.000000000000000000e+00 1.137915339098771066e-04 0.000000000000000000e+00
2.450000000000000000e+03 9.799947540440179239e-02 1.365498406918525280e-03 9.986345015930814251e-01 0.000000000000000000e+00 0.000000000000000000e+00 0.000000000000000000e+00
2.500000000000000000e+03 9.999946469836906715e-02 3.527537551206190360e-03 9.963586709148839482e-01 0.000000000000000000e+00 1.137915339098771066e-04 0.000000000000000000e+00
2.550000000000000000e+03 1.019994539923365640e-01 3.641329085116067413e-03 9.960172963131542767e-01 0.000000000000000000e+00 3.413746017296313199e-04 0.000000000000000000e+00
2.600000000000000000e+03 1.039994432863038387e-01 4.324078288575329727e-03 9.955621301775148257e-01 0.000000000000000000e+00 1.137915339098771066e-04 0.000000000000000000e+00
2.650000000000000000e+03 1.059994325802713355e-01 5.120619025944469528e-03 9.946517979062358128e-01 0.000000000000000000e+00 2.275830678197542133e-04 0.000000000000000000e+00
2.700000000000000000e+03 1.079994218742386103e-01 5.120619025944469528e-03 9.945380063723259223e-01 0.000000000000000000e+00 3.413746017296313199e-04 0.000000000000000000e+00
2.750000000000000000e+03 1.099994111682061071e-01 8.648156577150659455e-03 9.908966772872098705e-01 0.000000000000000000e+00 4.551661356395084266e-04 0.000000000000000000e+00
2.800000000000000000e+03 1.119994004621733819e-01 1.217569412835685025e-02 9.865725989986344757e-01 0.000000000000000000e+00 1.251706873008648227e-03 0.000000000000000000e+00
2.850000000000000000e+03 1.139993897561408787e-01 1.422394173873463806e-02 9.837278106508875464e-01 0.000000000000000000e+00 2.048247610377787811e-03 0.000000000000000000e+00
2.900000000000000000e+03 1.159993790501081534e-01 2.708238507055074976e-02 9.691624943104233392e-01 0.000000000000000000e+00 3.755120619025944465e-03 0.000000000000000000e+00
2.950000000000000000e+03 1.179993683440756502e-01 5.234410559854346667e-02 9.297906235776057793e-01 0.000000000000000000e+00 1.786527082385070547e-02 0.000000000000000000e+00
3.000000000000000000e+03 1.199993576380429250e-01 1.305188893946290507e-01 7.506827492034592320e-01 0.000000000000000000e+00 1.187983614019117035e-01 0.000000000000000000e+00
3.050000000000000000e+03 1.219993469320104218e-01 2.761720527992717611e-01 3.268092853891670369e-01 4.551661356395084266e-04 3.965634956759216956e-01 0.000000000000000000e+00
3.100000000000000000e+03 1.239993362259776966e-01 3.557123350022758368e-01 1.135639508420573512e-01 2.275830678197542133e-04 5.304961310878471004e-01 0.000000000000000000e+00
3.150000000000000000e+03 1.259993255199451934e-01 3.342057350933090309e-01 1.346153846153846090e-01 2.275830678197542133e-04 5.309512972234865513e-01 0.000000000000000000e+00
3.200000000000000000e+03 1.279993148139124681e-01 3.489986345015930747e-01 1.721665908056440597e-01 1.593081474738279385e-03 4.772416932180245652e-01 0.000000000000000000e+00
3.250000000000000000e+03 1.299993041078797429e-01 3.643604915794265153e-01 1.453117888029130667e-01 9.330905780609922637e-03 4.809968138370505075e-01 0.000000000000000000e+00
3.300000000000000000e+03 1.319992934018472397e-01 3.554847519344560558e-01 1.491807009558488717e-01 2.025489303595812488e-02 4.750796540737369233e-01 0.000000000000000000e+00
3.350000000000000000e+03 1.339992826958145145e-01 3.680018206645425671e-01 1.657942649066909413e-01 4.460628129267182190e-02 4.215976331360946627e-01 0.000000000000000000e+00
3.400000000000000000e+03 1.359992719897820113e-01 3.577605826126536437e-01 2.005006827492034627e-01 7.487482931269913433e-02 3.668639053254437732e-01 0.000000000000000000e+00
3.450000000000000000e+03 1.379992612837492860e-01 3.855257168866636497e-01 2.262175694128356895e-01 1.162949476558944040e-01 2.719617660446062568e-01 0.000000000000000000e+00
3.500000000000000000e+03 1.399992505777167828e-01 3.964497041420118606e-01 2.478379608557123304e-01 1.351843422849340060e-01 2.205279927173418308e-01 0.000000000000000000e+00
3.550000000000000000e+03 1.419992398716840576e-01 4.007737824305871444e-01 2.724169321802457633e-01 1.556668183887118806e-01 1.711424670004551563e-01 0.000000000000000000e+00
3.600000000000000000e+03 1.439992291656515544e-01 4.024806554392353353e-01 2.868684569868001910e-01 1.651115157032316816e-01 1.455393718707328199e-01 0.000000000000000000e+00
3.650000000000000000e+03 1.459992184596188292e-01 3.878015475648611821e-01 3.034820209376422606e-01 1.830905780609922706e-01 1.256258534365043145e-01 0.000000000000000000e+00
3.700000000000000000e+03 1.479992077535863260e-01 3.856395084205734847e-01 3.117888029130632677e-01 1.775147928994082747e-01 1.250568957669549452e-01 0.000000000000000000e+00
3.750000000000000000e+03 1.499991970475536007e-01 3.759672280382339582e-01 3.326126536185707860e-01 1.896904870277651423e-01 1.017296313154301274e-01 0.000000000000000000e+00
3.800000000000000000e+03 1.519991863415210975e-01 3.697086936731907025e-01 3.493400091033226906e-01 2.009558488848429691e-01 7.999544833864360993e-02 0.000000000000000000e+00
3.850000000000000000e+03 1.539991756354883723e-01 3.738051888939463163e-01 3.558261265361857273e-01 2.056213017751479244e-01 6.474738279472007363e-02 0.000000000000000000e+00
3.900000000000000000e+03 1.559991649294558691e-01 3.794947655894401195e-01 3.631087847064178309e-01 2.020937642239417353e-01 5.530268548020027264e-02 0.000000000000000000e+00
3.950000000000000000e+03 1.579991542234231439e-01 3.761948111060536837e-01 3.681156121984524576e-01 2.078971324533454845e-01 4.779244424214838111e-02 0.000000000000000000e+00
4.000000000000000000e+03 1.599991435173906407e-01 3.764223941738734647e-01 3.669776968593536637e-01 2.040282203004096517e-01 5.257168866636321991e-02 0.000000000000000000e+00
4.050000000000000000e+03 1.619991328113579154e-01 3.774465179790623681e-01 3.649294492489758568e-01 2.075557578516158408e-01 5.006827492034592736e-02 0.000000000000000000e+00
4.100000000000000000e+03 1.639991221053254122e-01 3.755120619025944517e-01 3.608329540282202985e-01 2.224624487938097472e-01 4.119253527537550946e-02 0.000000000000000000e+00
4.150000000000000000e+03 1.659991113992926870e-01 3.841602184797451303e-01 3.598088302230313951e-01 2.170004551661356418e-01 3.903049613108784677e-02 0.000000000000000000e+00
4.200000000000000000e+03 1.679991006932601838e-01 3.777878925807919841e-01 3.661811561219845412e-01 2.197314519799726806e-01 3.629949931725079404e-02 0.000000000000000000e+00
4.250000000000000000e+03 1.699990899872274586e-01 3.742603550295858228e-01 3.741465634956759323e-01 2.250796540737369233e-01 2.651342740100136666e-02 0.000000000000000000e+00
4.300000000000000000e+03 1.719990792811949554e-01 3.854119253527537592e-01 3.726672735548475224e-01 2.135867091488393155e-01 2.833409194355939950e-02 0.000000000000000000e+00
4.350000000000000000e+03 1.739990685751622301e-01 3.766499772416932457e-01 3.888256713700500855e-01 2.050523441055985552e-01 2.947200728265816916e-02 0.000000000000000000e+00
4.400000000000000000e+03 1.759990578691297269e-01 3.724396904870277414e-01 4.010013654984069253e-01 2.005006827492034627e-01 2.605826126536185672e-02 0.000000000000000000e+00
4.450000000000000000e+03 1.779990471630970017e-01 3.758534365043240677e-01 4.039599453800637452e-01 1.934456076467910846e-01 2.674101046882111990e-02 0.000000000000000000e+00
4.500000000000000000e+03 1.799990364570644985e-01 3.691397360036413056e-01 4.088529813381884259e-01 1.981110605370960398e-01 2.389622212107419055e-02 0.000000000000000000e+00
4.550000000000000000e+03 1.819990257510317733e-01 3.648156577150660218e-01 4.098771051433773294e-01 1.986800182066454368e-01 2.662721893491124328e-02 0.000000000000000000e+00
4.600000000000000000e+03 1.839990150449992701e-01 3.653846153846153633e-01 4.157942649066909691e-01 1.973145197997268896e-01 2.150659990896677115e-02 0.000000000000000000e+00
4.650000000000000000e+03 1.859990043389665448e-01 3.529813381884387979e-01 4.259217114246700020e-01 1.965179790623577671e-01 2.457897132453345374e-02 0.000000000000000000e+00
4.700000000000000000e+03 1.879989936329340416e-01 3.517296313154301135e-01 4.287664997724169313e-01 1.975421028675466428e-01 2.196176604460628110e-02 0.000000000000000000e+00
4.750000000000000000e+03 1.899989829269013164e-01 3.422849340009103125e-01 4.353664087391898030e-01 1.970869367319071364e-01 2.526172052799271692e-02 0.000000000000000000e+00
4.800000000000000000e+03 1.919989722208685912e-01 3.436504324078288319e-01 4.375284478834774449e-01 1.912835685025034149e-01 2.753755120619025970e-02 0.000000000000000000e+00
4.850000000000000000e+03 1.939989615148360880e-01 3.403504779244423961e-01 4.406008192990441552e-01 1.967455621301775204e-01 2.230314064633591095e-02 0.000000000000000000e+00
4.900000000000000000e+03 1.959989508088033627e-01 3.428538916704597095e-01 4.370732817478379384e-01 2.007282658170232159e-01 1.934456076467910846e-02 0.000000000000000000e+00
4.950000000000000000e+03 1.979989401027708595e-01 3.386436049157942607e-01 4.411697769685935522e-01 2.003868912152935722e-01 1.979972690031861493e-02 0.000000000000000000e+00
5.000000000000000000e+03 1.999989293967381343e-01 3.294264906690942407e-01 4.448111060537096040e-01 2.072143832498861971e-01 1.854802002730996865e-02 0.000000000000000000e+00
5.050000000000000000e+03 2.019989186907056311e-01 3.248748293126991205e-01 4.501593081474738467e-01 2.072143832498861971e-01 1.775147928994082885e-02 0.000000000000000000e+00
5.100000000000000000e+03 2.039989079846729059e-01 3.223714155666818626e-01 4.498179335457441752e-01 2.102867546654528796e-01 1.752389622212107562e-02 0.000000000000000000e+00
5.150000000000000000e+03 2.059988972786404027e-01 3.222576240327719721e-01 4.520937642239417631e-01 2.104005461993627701e-01 1.524806554392353283e-02 0.000000000000000000e+00
5.200000000000000000e+03 2.079988865726076774e-01 3.220300409649521911e-01 4.548247610377788019e-01 2.090350477924442507e-01 1.399635867091488309e-02 1.137915339098771066e-04
5.250000000000000000e+03 2.099988758665751742e-01 3.200955848884842747e-01 4.533454710969503920e-01 2.104005461993627701e-01 1.615839781520254925e-02 0.000000000000000000e+00
5.300000000000000000e+03 2.119988651605424490e-01 3.251024123805189014e-01 4.547109695038689114e-01 2.068730086481565811e-01 1.331360946745562164e-02 0.000000000000000000e+00
5.350000000000000000e+03 2.139988544545099458e-01 3.244196631770596140e-01 4.515248065543923661e-01 2.077833409194355940e-01 1.615839781520254925e-02 1.137915339098771066e-04
5.400000000000000000e+03 2.159988437484772206e-01 3.247610377787892855e-01 4.511834319526626946e-01 2.055075102412380617e-01 1.854802002730996865e-02 0.000000000000000000e+00
5.450000000000000000e+03 2.179988330424447174e-01 3.271506599908966528e-01 4.486800182066454368e-01 2.058488848429676776e-01 1.832043695949021542e-02 0.000000000000000000e+00
5.500000000000000000e+03 2.199988223364119921e-01 3.309057806099225951e-01 4.435593991807009751e-01 2.085798816568047442e-01 1.695493855257168905e-02 0.000000000000000000e+00
5.550000000000000000e+03 2.219988116303794889e-01 3.343195266272189214e-01 4.407146108329540457e-01 2.071005917159763343e-01 1.786527082385070547e-02 0.000000000000000000e+00
5.600000000000000000e+03 2.239988009243467637e-01 3.299954483386435822e-01 4.432180245789713036e-01 2.073281747837960876e-01 1.945835229858898507e-02 0.000000000000000000e+00
5.650000000000000000e+03 2.259987902183142605e-01 3.338643604915794150e-01 4.419663177059626746e-01 2.067592171142466906e-01 1.741010468821119553e-02 0.000000000000000000e+00
5.700000000000000000e+03 2.279987795122815353e-01 3.303368229403732537e-01 4.424214838416021811e-01 2.108557123350022766e-01 1.638598088302230249e-02 0.000000000000000000e+00
5.750000000000000000e+03 2.299987688062490321e-01 3.326126536185707860e-01 4.365043240782885969e-01 2.117660446062812896e-01 1.911697769685935522e-02 0.000000000000000000e+00
5.800000000000000000e+03 2.319987581002163068e-01 3.354574419663177154e-01 4.383249886208466228e-01 2.052799271734183084e-01 2.093764223941738806e-02 0.000000000000000000e+00
5.850000000000000000e+03 2.339987473941838036e-01 3.367091488393263443e-01 4.440145653163404815e-01 1.993627674101046965e-01 1.991351843422849502e-02 0.000000000000000000e+00
5.900000000000000000e+03 2.359987366881510784e-01 3.248748293126991205e-01 4.495903504779244497e-01 2.061902594446973214e-01 1.934456076467910846e-02 0.000000000000000000e+00
5.950000000000000000e+03 2.379987259821185752e-01 3.269230769230769273e-01 4.528903049613108855e-01 2.012972234865725851e-01 1.888939462903959851e-02 0.000000000000000000e+00
6.000000000000000000e+03 2.399987152760858500e-01 3.276058261265361593e-01 4.539144287664997890e-01 2.012972234865725851e-01 1.718252162039144229e-02 0.000000000000000000e+00
6.050000000000000000e+03 2.419987045700533468e-01 3.286299499317250628e-01 4.479972690031861493e-01 2.033454710969503920e-01 2.002730996813837164e-02 0.000000000000000000e+00
6.100000000000000000e+03 2.439986938640206215e-01 3.302230314064633632e-01 4.472007282658170269e-01 2.019799726900318726e-01 2.059626763768775473e-02 0.000000000000000000e+00
6.150000000000000000e+03 2.459986831579881184e-01 3.327264451524806765e-01 4.450386891215293850e-01 2.028903049613108855e-01 1.934456076467910846e-02 0.000000000000000000e+00
6.200000000000000000e+03 2.479986724519553931e-01 3.345471096950387024e-01 4.500455166135639562e-01 1.989076012744651900e-01 1.649977241693217911e-02 0.000000000000000000e+00
6.250000000000000000e+03 2.499986617459228899e-01 3.252162039144287919e-01 4.536868456986800080e-01 1.973145197997268896e-01 2.378243058716431393e-02 0.000000000000000000e+00
6.300000000000000000e+03 2.519986510398901647e-01 3.239644970414201075e-01 4.567592171142467183e-01 1.983386436049157930e-01 2.093764223941738806e-02 0.000000000000000000e+00
6.350000000000000000e+03 2.539986403338576615e-01 3.231679563040509851e-01 4.551661356395084179e-01 2.053937187073281712e-01 1.627218934911242587e-02 0.000000000000000000e+00
6.400000000000000000e+03 2.559986296278249363e-01 3.261265361857078049e-01 4.520937642239417631e-01 2.052799271734183084e-01 1.649977241693217911e-02 0.000000000000000000e+00
6.450000000000000000e+03 2.579986189217922110e-01 3.318161128812016636e-01 4.464041875284479044e-01 2.034592626308602548e-01 1.832043695949021542e-02 0.000000000000000000e+00
6.500000000000000000e+03 2.599986082157597078e-01 3.393263541192535482e-01 4.402594446973145392e-01 2.025489303595812418e-01 1.786527082385070547e-02 0.000000000000000000e+00
6.550000000000000000e+03 2.619985975097269826e-01 3.381884387801547542e-01 4.387801547564861293e-01 2.015248065543923661e-01 2.150659990896677115e-02 0.000000000000000000e+00
6.600000000000000000e+03 2.639985868036944794e-01 3.379608557123350288e-01 4.416249431042330587e-01 2.012972234865725851e-01 1.911697769685935522e-02 0.000000000000000000e+00
6.650000000000000000e+03 2.659985760976617541e-01 3.437642239417387224e-01 4.371870732817478289e-01 1.989076012744651900e-01 2.014110150204824826e-02 0.000000000000000000e+00
6.700000000000000000e+03 2.679985653916292510e-01 3.388711879836140417e-01 4.388939462903960198e-01 1.998179335457442030e-01 2.241693218024579104e-02 0.000000000000000000e+00
6.750000000000000000e+03 2.699985546855965257e-01 3.368229403732362348e-01 4.427628584433317971e-01 2.011834319526627224e-01 1.923076923076923184e-02 0.000000000000000000e+00
6.800000000000000000e+03 2.719985439795640225e-01 3.383022303140646447e-01 4.387801547564861293e-01 1.986800182066454368e-01 2.423759672280382388e-02 0.000000000000000000e+00
6.850000000000000000e+03 2.739985332735312973e-01 3.409194355939917931e-01 4.359353664087392000e-01 1.981110605370960398e-01 2.503413746017296368e-02 0.000000000000000000e+00
6.900000000000000000e+03 2.759985225674987941e-01 3.375056895766954668e-01 4.408284023668638807e-01 1.974283113336367801e-01 2.423759672280382388e-02 0.000000000000000000e+00
6.950000000000000000e+03 2.779985118614660689e-01 3.402366863905325611e-01 4.368456986800182129e-01 1.966317705962676299e-01 2.628584433318160996e-02 0.000000000000000000e+00
7.000000000000000000e+03 2.799985011554335657e-01 3.377332726445152478e-01 4.376422394173873354e-01 1.968593536640873831e-01 2.776513427401001294e-02 0.000000000000000000e+00
7.050000000000000000e+03 2.819984904494008404e-01 3.430814747382794905e-01 4.386663632225762388e-01 1.902594446973145115e-01 2.799271734182976618e-02 0.000000000000000000e+00
7.100000000000000000e+03 2.839984797433683372e-01 3.367091488393263443e-01 4.417387346381429492e-01 1.946973145197997135e-01 2.685480200273099652e-02 0.000000000000000000e+00
7.150000000000000000e+03 2.859984690373356120e-01 3.355712335002276059e-01 4.404870277651342647e-01 1.940145653163404538e-01 2.992717341829767910e-02 0.000000000000000000e+00
7.200000000000000000e+03 2.879984583313031088e-01 3.406918525261720676e-01 4.466317705962676299e-01 1.873008648156577194e-01 2.537551206190259354e-02 0.000000000000000000e+00
7.250000000000000000e+03 2.899984476252703836e-01 3.386436049157942607e-01 4.492489758761948337e-01 1.841147018661811463e-01 2.799271734182976618e-02 0.000000000000000000e+00
7.300000000000000000e+03 2.919984369192378804e-01 3.338643604915794150e-01 4.539144287664997890e-01 1.846836595357305433e-01 2.753755120619025970e-02 0.000000000000000000e+00
7.350000000000000000e+03 2.939984262132051551e-01 3.342057350933090309e-01 4.523213472917614886e-01 1.844560764679107900e-01 2.901684114701866268e-02 0.000000000000000000e+00
7.400000000000000000e+03 2.959984155071726519e-01 3.376194811106053573e-01 4.518661811561219821e-01 1.811561219845243542e-01 2.935821574874829254e-02 0.000000000000000000e+00
7.450000000000000000e+03 2.979984048011399267e-01 3.319299044151114986e-01 4.625625853436504120e-01 1.793354574419663283e-01 2.617205279927173334e-02 0.000000000000000000e+00
7.500000000000000000e+03 2.999983940951074235e-01 3.265817023213473114e-01 4.656349567592171224e-01 1.834319526627218866e-01 2.435138825671370050e-02 0.000000000000000000e+00
7.550000000000000000e+03 3.019983833890746983e-01 3.245334547109695045e-01 4.696176604460627901e-01 1.853664087391898030e-01 2.048247610377787811e-02 0.000000000000000000e+00
7.600000000000000000e+03 3.039983726830421951e-01 3.214610832954028496e-01 4.747382794720073074e-01 1.844560764679107900e-01 1.934456076467910846e-02 0.000000000000000000e+00
7.650000000000000000e+03 3.059983619770094698e-01 3.247610377787892855e-01 4.740555302685480199e-01 1.804733727810650945e-01 2.071005917159763482e-02 0.000000000000000000e+00
7.700000000000000000e+03 3.079983512709769666e-01 3.223714155666818626e-01 4.724624487938097195e-01 1.866181156121984597e-01 1.854802002730996865e-02 0.000000000000000000e+00
7.750000000000000000e+03 3.099983405649442414e-01 3.213472917614929592e-01 4.725762403277196100e-01 1.858215748748293095e-01 2.025489303595812488e-02 0.000000000000000000e+00
7.800000000000000000e+03 3.119983298589117382e-01 3.240782885753299980e-01 4.778106508875739622e-01 1.816112881201638607e-01 1.649977241693217911e-02 0.000000000000000000e+00
7.850000000000000000e+03 3.139983191528790130e-01 3.208921256258534527e-01 4.824761037778789174e-01 1.821802457897132577e-01 1.445152480655439303e-02 0.000000000000000000e+00
7.900000000000000000e+03 3.159983084468465098e-01 3.169094219390077294e-01 4.889622212107418986e-01 1.809285389167046010e-01 1.319981793354574502e-02 0.000000000000000000e+00
7.950000000000000000e+03 3.179982977408137845e-01 3.106508875739644737e-01 4.895311788802912956e-01 1.857077833409194467e-01 1.411015020482476144e-02 0.000000000000000000e+00
8.000000000000000000e+03 3.199982870347810593e-01 3.046199362767409990e-01 4.875967228038233792e-01 1.928766499772416876e-01 1.490669094219390124e-02 0.000000000000000000e+00
8.050000000000000000e+03 3.219982763287485561e-01 2.991579426490669213e-01 4.888484296768320636e-01 1.951524806554392477e-01 1.684114701866181243e-02 0.000000000000000000e+00
8.100000000000000000e+03 3.239982656227158309e-01 3.009786071916249472e-01 4.816795630405097950e-01 1.997041420118343125e-01 1.763768775603095224e-02 0.000000000000000000e+00
8.150000000000000000e+03 3.259982549166833277e-01 3.009786071916249472e-01 4.813381884387801790e-01 1.985662266727355463e-01 1.911697769685935522e-02 0.000000000000000000e+00
8.200000000000000000e+03 3.279982442106506024e-01 3.015475648611743442e-01 4.774692762858443462e-01 2.017523896222121194e-01 1.923076923076923184e-02 0.000000000000000000e+00
8.250000000000000000e+03 3.299982335046180992e-01 2.975648611743286209e-01 4.811106053709603980e-01 2.028903049613108855e-01 1.843422849340009204e-02 0.000000000000000000e+00
8.300000000000000000e+03 3.319982227985853740e-01 2.961993627674101015e-01 4.845243513882567243e-01 1.983386436049157930e-01 2.093764223941738806e-02 0.000000000000000000e+00
8.350000000000000000e+03 3.339982120925528708e-01 2.947200728265816916e-01 4.827036868456986984e-01 2.000455166135639562e-01 2.253072371415566766e-02 0.000000000000000000e+00
8.400000000000000000e+03 3.359982013865201456e-01 2.911925352753755303e-01 4.836140191169777114e-01 2.015248065543923661e-01 2.366863905325443732e-02 0.000000000000000000e+00
8.450000000000000000e+03 3.379981906804876424e-01 2.919890760127446527e-01 4.874829312699135442e-01 1.995903504779244497e-01 2.093764223941738806e-02 0.000000000000000000e+00
8.500000000000000000e+03 3.399981799744549171e-01 2.919890760127446527e-01 4.844105598543468338e-01 2.059626763768775681e-01 1.763768775603095224e-02 0.000000000000000000e+00
8.550000000000000000e+03 3.419981692684224139e-01 2.908511606736458588e-01 4.873691397360036537e-01 2.094902139280837572e-01 1.228948566226672687e-02 0.000000000000000000e+00
8.600000000000000000e+03 3.439981585623896887e-01 2.878925807919890945e-01 4.854346836595357373e-01 2.127901684114701930e-01 1.388256713700500647e-02 0.000000000000000000e+00
8.650000000000000000e+03 3.459981478563571855e-01 2.884615384615384359e-01 4.822485207100591920e-01 2.146108329540282189e-01 1.467910787437414627e-02 0.000000000000000000e+00
8.700000000000000000e+03 3.479981371503244603e-01 2.822030040964952358e-01 4.839553937187073274e-01 2.170004551661356418e-01 1.684114701866181243e-02 0.000000000000000000e+00
8.750000000000000000e+03 3.499981264442919571e-01 2.801547564861174289e-01 4.879380974055530507e-01 2.144970414201183562e-01 1.741010468821119553e-02 0.000000000000000000e+00
8.800000000000000000e+03 3.519981157382592318e-01 2.774237596722803900e-01 4.883932635411925571e-01 2.179107874374146547e-01 1.627218934911242587e-02 0.000000000000000000e+00
8.850000000000000000e+03 3.539981050322267286e-01 2.799271734182977034e-01 4.861174328629949692e-01 2.217796995903504875e-01 1.217569412835685025e-02 0.000000000000000000e+00
8.900000000000000000e+03 3.559980943261940034e-01 2.811788802913063323e-01 4.809968138370505075e-01 2.248520710059171701e-01 1.297223486572599005e-02 0.000000000000000000e+00
8.950000000000000000e+03 3.579980836201615002e-01 2.786754665452890189e-01 4.877105143377332697e-01 2.223486572598998567e-01 1.126536185707783383e-02 0.000000000000000000e+00
9.000000000000000000e+03 3.599980729141287750e-01 2.717341829767865313e-01 4.903277196176604735e-01 2.218934911242603503e-01 1.604460628129267263e-02 0.000000000000000000e+00
9.050000000000000000e+03 3.619980622080962718e-01 2.635411925352753593e-01 4.956759217114246607e-01 2.276968593536640995e-01 1.308602639963586667e-02 0.000000000000000000e+00
9.100000000000000000e+03 3.639980515020635465e-01 2.637687756030951403e-01 4.971552116522530707e-01 2.289485662266727284e-01 1.012744651797906244e-02 0.000000000000000000e+00
9.150000000000000000e+03 3.659980407960310433e-01 2.626308602639963463e-01 5.038689121529358328e-01 2.220072826581702408e-01 1.149294492489758707e-02 0.000000000000000000e+00
9.200000000000000000e+03 3.679980300899983181e-01 2.649066909421938787e-01 5.137687756030950847e-01 2.127901684114701930e-01 8.534365043240782836e-03 0.000000000000000000e+00
9.250000000000000000e+03 3.699980193839658149e-01 2.627446517979062368e-01 5.184342284934000400e-01 2.090350477924442507e-01 9.786071916249430847e-03 0.000000000000000000e+00
9.300000000000000000e+03 3.719980086779330897e-01 2.643377332726445372e-01 5.174101046882112476e-01 2.080109239872553473e-01 1.024123805188893906e-02 0.000000000000000000e+00
9.350000000000000000e+03 3.739979979719005865e-01 2.593309057806099105e-01 5.220755575785162028e-01 2.056213017751479244e-01 1.297223486572599005e-02 0.000000000000000000e+00
9.400000000000000000e+03 3.759979872658678612e-01 2.635411925352753593e-01 5.191169776968593830e-01 2.044833864360491582e-01 1.285844333181611343e-02 0.000000000000000000e+00
9.450000000000000000e+03 3.779979765598353580e-01 2.606964041875284299e-01 5.225307237141556538e-01 2.056213017751479244e-01 1.115157032316795548e-02 0.000000000000000000e+00
9.500000000000000000e+03 3.799979658538026328e-01 2.591033227127901850e-01 5.304961310878471004e-01 2.010696404187528319e-01 9.330905780609922637e-03 0.000000000000000000e+00
9.550000000000000000e+03 3.819979551477701296e-01 2.571688666363222686e-01 5.365270823850705195e-01 1.961766044606281234e-01 1.012744651797906244e-02 0.000000000000000000e+00
9.600000000000000000e+03 3.839979444417374044e-01 2.511379153390987939e-01 5.482476103777879084e-01 1.902594446973145115e-01 1.035502958579881741e-02 0.000000000000000000e+00
9.650000000000000000e+03 3.859979337357046791e-01 2.453345471096950448e-01 5.525716886663631922e-01 1.907146108329540179e-01 1.137915339098771045e-02 0.000000000000000000e+00
9.700000000000000000e+03 3.879979230296721759e-01 2.490896677287209870e-01 5.490441511151570309e-01 1.913973600364132777e-01 1.046882111970869403e-02 0.000000000000000000e+00
9.750000000000000000e+03 3.899979123236394507e-01 2.418070095584888557e-01 5.523441055985435222e-01 1.964041875284478766e-01 9.444697314519799256e-03 0.000000000000000000e+00
9.800000000000000000e+03 3.919979016176067255e-01 2.454483386436049075e-01 5.506372325898952758e-01 1.910559854346836617e-01 1.285844333181611343e-02 0.000000000000000000e+00
9.850000000000000000e+03 3.939978909115742223e-01 2.530723714155666548e-01 5.542785616750113276e-01 1.802457897132453413e-01 1.240327719617660522e-02 0.000000000000000000e+00
9.900000000000000000e+03 3.959978802055419411e-01 2.444242148384160318e-01 5.626991351843423361e-01 1.788802913063268218e-01 1.399635867091488309e-02 0.000000000000000000e+00
9.950000000000000000e+03 3.979978694995089938e-01 2.447655894401456478e-01 5.647473827947200320e-01 1.787664997724169313e-01 1.172052799271734204e-02 0.000000000000000000e+00
1.000000000000000000e+04 3.999978587934762686e-01 2.464724624487938109e-01 5.685025034137459743e-01 1.741010468821119761e-01 1.092398725534820224e-02 0.000000000000000000e+00
1.005000000000000000e+04 4.019978480874437654e-01 2.498862084660901095e-01 5.632680928538916776e-01 1.727355484751934567e-01 1.411015020482476144e-02 0.000000000000000000e+00
1.010000000000000000e+04 4.039978373814114843e-01 2.558033682294037492e-01 5.555302685480200120e-01 1.739872553482020856e-01 1.467910787437414627e-02 0.000000000000000000e+00
1.015000000000000000e+04 4.059978266753785370e-01 2.556895766954938587e-01 5.588302230314065033e-01 1.713700500682749095e-01 1.411015020482476144e-02 0.000000000000000000e+00
1.020000000000000000e+04 4.079978159693458117e-01 2.617205279927173334e-01 5.555302685480200120e-01 1.673873463814292140e-01 1.536185707783340945e-02 0.000000000000000000e+00
1.025000000000000000e+04 4.099978052633133085e-01 2.657032316795630567e-01 5.573509330905780379e-01 1.618115612198452458e-01 1.513427401001365448e-02 0.000000000000000000e+00
1.030000000000000000e+04 4.119977945572808053e-01 2.680928538916704795e-01 5.548475193445607800e-01 1.646563495675921751e-01 1.240327719617660522e-02 0.000000000000000000e+00
1.035000000000000000e+04 4.139977838512480801e-01 2.654756486117432757e-01 5.546199362767409990e-01 1.672735548475193512e-01 1.263086026399635846e-02 0.000000000000000000e+00
1.040000000000000000e+04 4.159977731452153549e-01 2.711652253072371344e-01 5.474510696404187859e-01 1.668183887118798447e-01 1.456531634046426965e-02 0.000000000000000000e+00
1.045000000000000000e+04 4.179977624391828517e-01 2.618343195266272239e-01 5.541647701411015481e-01 1.723941738734638129e-01 1.160673645880746542e-02 0.000000000000000000e+00
1.050000000000000000e+04 4.199977517331503485e-01 2.634274010013655243e-01 5.568957669549385869e-01 1.671597633136094607e-01 1.251706873008648184e-02 0.000000000000000000e+00
1.055000000000000000e+04 4.219977410271176232e-01 2.657032316795630567e-01 5.565543923532089154e-01 1.670459717796995980e-01 1.069640418752844727e-02 0.000000000000000000e+00
1.060000000000000000e+04 4.239977303210848980e-01 2.694583522985889990e-01 5.533682294037323146e-01 1.652253072371415443e-01 1.194811106053709528e-02 0.000000000000000000e+00
1.065000000000000000e+04 4.259977196150523948e-01 2.683204369594902050e-01 5.537096040054619861e-01 1.660218479745106945e-01 1.194811106053709528e-02 0.000000000000000000e+00
1.070000000000000000e+04 4.279977089090198916e-01 2.645653163404642627e-01 5.595129722348657353e-01 1.663632225762403383e-01 9.558488848429677609e-03 0.000000000000000000e+00
1.075000000000000000e+04 4.299976982029871664e-01 2.657032316795630567e-01 5.524578971324533017e-01 1.705735093309057870e-01 1.126536185707783383e-02 0.000000000000000000e+00
1.080000000000000000e+04 4.319976874969544411e-01 2.683204369594902050e-01 5.499544833864360438e-01 1.680700955848884737e-01 1.365498406918525323e-02 0.000000000000000000e+00
1.085000000000000000e+04 4.339976767909219380e-01 2.733272644515248317e-01 5.521165225307237412e-01 1.636322257624032717e-01 1.092398725534820224e-02 0.000000000000000000e+00
1.090000000000000000e+04 4.359976660848894348e-01 2.758306781975420896e-01 5.466545289030496635e-01 1.664770141101502010e-01 1.103777878925807886e-02 0.000000000000000000e+00
1.095000000000000000e+04 4.379976553788567095e-01 2.736686390532544477e-01 5.487027765134273594e-01 1.678425125170687204e-01 9.786071916249430847e-03 0.000000000000000000e+00
1.100000000000000000e+04 4.399976446728239843e-01 2.677514792899408080e-01 5.530268548020027541e-01 1.682976786527082269e-01 1.092398725534820224e-02 0.000000000000000000e+00
1.105000000000000000e+04 4.419976339667914811e-01 2.721893491124260378e-01 5.506372325898952758e-01 1.664770141101502010e-01 1.069640418752844727e-02 0.000000000000000000e+00
1.110000000000000000e+04 4.439976232607589779e-01 2.718479745106964218e-01 5.484751934456076894e-01 1.680700955848884737e-01 1.160673645880746542e-02 0.000000000000000000e+00
1.115000000000000000e+04 4.459976125547262527e-01 2.687756030951297115e-01 5.475648611743286764e-01 1.725079654073737034e-01 1.115157032316795548e-02 0.000000000000000000e+00
1.120000000000000000e+04 4.479976018486935274e-01 2.693445607646791085e-01 5.475648611743286764e-01 1.735320892125625791e-01 9.558488848429677609e-03 0.000000000000000000e+00
1.125000000000000000e+04 4.499975911426610242e-01 2.671825216203914666e-01 5.490441511151570309e-01 1.713700500682749095e-01 1.240327719617660522e-02 0.000000000000000000e+00
1.130000000000000000e+04 4.519975804366285210e-01 2.678652708238506985e-01 5.512061902594447282e-01 1.696631770596267741e-01 1.126536185707783383e-02 0.000000000000000000e+00
1.135000000000000000e+04 4.539975697305957958e-01 2.664997724169321791e-01 5.483614019116977989e-01 1.715976331360946627e-01 1.354119253527537488e-02 0.000000000000000000e+00
