# itime ezz other fcc hcp bcc ico
0.000000000000000000e+00 0.000000000000000000e+00 0.000000000000000000e+00 1.000000000000000000e+00 0.000000000000000000e+00 0.000000000000000000e+00 0.000000000000000000e+00
2.500000000000000000e+01 9.999755895058193289e-04 0.000000000000000000e+00 1.000000000000000000e+00 0.000000000000000000e+00 0.000000000000000000e+00 0.000000000000000000e+00
5.000000000000000000e+01 1.999951179011416613e-03 0.000000000000000000e+00 1.000000000000000000e+00 0.000000000000000000e+00 0.000000000000000000e+00 0.000000000000000000e+00
7.500000000000000000e+01 2.999926768517235942e-03 0.000000000000000000e+00 1.000000000000000000e+00 0.000000000000000000e+00 0.000000000000000000e+00 0.000000000000000000e+00
1.000000000000000000e+02 3.999902358022833226e-03 0.000000000000000000e+00 1.000000000000000000e+00 0.000000000000000000e+00 0.000000000000000000e+00 0.000000000000000000e+00
1.250000000000000000e+02 4.999877947528652555e-03 0.000000000000000000e+00 1.000000000000000000e+00 0.000000000000000000e+00 0.000000000000000000e+00 0.000000000000000000e+00
1.500000000000000000e+02 5.999853537034249840e-03 0.000000000000000000e+00 1.000000000000000000e+00 0.000000000000000000e+00 0.000000000000000000e+00 0.000000000000000000e+00
1.750000000000000000e+02 6.999829126540069169e-03 0.000000000000000000e+00 1.000000000000000000e+00 0.000000000000000000e+00 0.000000000000000000e+00 0.000000000000000000e+00
2.000000000000000000e+02 7.999804716045666453e-03 0.000000000000000000e+00 1.000000000000000000e+00 0.000000000000000000e+00 0.000000000000000000e+00 0.000000000000000000e+00
2.250000000000000000e+02 8.999780305551485782e-03 0.000000000000000000e+00 1.000000000000000000e+00 0.000000000000000000e+00 0.000000000000000000e+00 0.000000000000000000e+00
2.500000000000000000e+02 9.999755895057305111e-03 0.000000000000000000e+00 1.000000000000000000e+00 0.000000000000000000e+00 0.000000000000000000e+00 0.000000000000000000e+00
2.750000000000000000e+02 1.099973148456290239e-02 0.000000000000000000e+00 1.000000000000000000e+00 0.000000000000000000e+00 0.000000000000000000e+00 0.000000000000000000e+00
3.000000000000000000e+02 1.199970707406872172e-02 0.000000000000000000e+00 1.000000000000000000e+00 0.000000000000000000e+00 0.000000000000000000e+00 0.000000000000000000e+00
3.250000000000000000e+02 1.299968266357431901e-02 0.000000000000000000e+00 1.000000000000000000e+00 0.000000000000000000e+00 0.000000000000000000e+00 0.000000000000000000e+00
3.500000000000000000e+02 1.399965825308013834e-02 0.000000000000000000e+00 1.000000000000000000e+00 0.000000000000000000e+00 0.000000000000000000e+00 0.000000000000000000e+00
3.750000000000000000e+02 1.499963384258573562e-02 0.000000000000000000e+00 1.000000000000000000e+00 0.000000000000000000e+00 0.000000000000000000e+00 0.000000000000000000e+00
4.000000000000000000e+02 1.599960943209155495e-02 0.000000000000000000e+00 1.000000000000000000e+00 0.000000000000000000e+00 0.000000000000000000e+00 0.000000000000000000e+00
4.250000000000000000e+02 1.699958502159715223e-02 0.000000000000000000e+00 1.000000000000000000e+00 0.000000000000000000e+00 0.000000000000000000e+00 0.000000000000000000e+00
4.500000000000000000e+02 1.799956061110297156e-02 0.000000000000000000e+00 1.000000000000000000e+00 0.000000000000000000e+00 0.000000000000000000e+00 0.000000000000000000e+00
4.750000000000000000e+02 1.899953620060856885e-02 0.000000000000000000e+00 1.000000000000000000e+00 0.000000000000000000e+00 0.000000000000000000e+00 0.000000000000000000e+00
5.000000000000000000e+02 1.999951179011438818e-02 0.000000000000000000e+00 1.000000000000000000e+00 0.000000000000000000e+00 0.000000000000000000e+00 0.000000000000000000e+00
5.250000000000000000e+02 2.099948737962020751e-02 0.000000000000000000e+00 1.000000000000000000e+00 0.000000000000000000e+00 0.000000000000000000e+00 0.000000000000000000e+00
5.500000000000000000e+02 2.199946296912580479e-02 0.000000000000000000e+00 1.000000000000000000e+00 0.000000000000000000e+00 0.000000000000000000e+00 0.000000000000000000e+00
5.750000000000000000e+02 2.299943855863162412e-02 0.000000000000000000e+00 1.000000000000000000e+00 0.000000000000000000e+00 0.000000000000000000e+00 0.000000000000000000e+00
6.000000000000000000e+02 2.399941414813722140e-02 0.000000000000000000e+00 1.000000000000000000e+00 0.000000000000000000e+00 0.000000000000000000e+00 0.000000000000000000e+00
6.250000000000000000e+02 2.499938973764304073e-02 0.000000000000000000e+00 1.000000000000000000e+00 0.000000000000000000e+00 0.000000000000000000e+00 0.000000000000000000e+00
6.500000000000000000e+02 2.599936532714863802e-02 0.000000000000000000e+00 1.000000000000000000e+00 0.000000000000000000e+00 0.000000000000000000e+00 0.000000000000000000e+00
6.750000000000000000e+02 2.699934091665445735e-02 0.000000000000000000e+00 1.000000000000000000e+00 0.000000000000000000e+00 0.000000000000000000e+00 0.000000000000000000e+00
7.000000000000000000e+02 2.799931650616005463e-02 0.000000000000000000e+00 1.000000000000000000e+00 0.000000000000000000e+00 0.000000000000000000e+00 0.000000000000000000e+00
7.250000000000000000e+02 2.899929209566587396e-02 0.000000000000000000e+00 1.000000000000000000e+00 0.000000000000000000e+00 0.000000000000000000e+00 0.000000000000000000e+00
7.500000000000000000e+02 2.999926768517169329e-02 0.000000000000000000e+00 1.000000000000000000e+00 0.000000000000000000e+00 0.000000000000000000e+00 0.000000000000000000e+00
7.750000000000000000e+02 3.099924327467729057e-02 0.000000000000000000e+00 1.000000000000000000e+00 0.000000000000000000e+00 0.000000000000000000e+00 0.000000000000000000e+00
8.000000000000000000e+02 3.199921886418310990e-02 0.000000000000000000e+00 1.000000000000000000e+00 0.000000000000000000e+00 0.000000000000000000e+00 0.000000000000000000e+00
8.250000000000000000e+02 3.299919445368870718e-02 0.000000000000000000e+00 1.000000000000000000e+00 0.000000000000000000e+00 0.000000000000000000e+00 0.000000000000000000e+00
8.500000000000000000e+02 3.399917004319452651e-02 0.000000000000000000e+00 1.000000000000000000e+00 0.000000000000000000e+00 0.000000000000000000e+00 0.000000000000000000e+00
8.750000000000000000e+02 3.499914563270012380e-02 0.000000000000000000e+00 1.000000000000000000e+00 0.000000000000000000e+00 0.000000000000000000e+00 0.000000000000000000e+00
9.000000000000000000e+02 3.599912122220594313e-02 0.000000000000000000e+00 1.000000000000000000e+00 0.000000000000000000e+00 0.000000000000000000e+00 0.000000000000000000e+00
9.250000000000000000e+02 3.699909681171154041e-02 0.000000000000000000e+00 1.000000000000000000e+00 0.000000000000000000e+00 0.000000000000000000e+00 0.000000000000000000e+00
9.500000000000000000e+02 3.799907240121735974e-02 0.000000000000000000e+00 1.000000000000000000e+00 0.000000000000000000e+00 0.000000000000000000e+00 0.000000000000000000e+00
9.750000000000000000e+02 3.899904799072295702e-02 0.000000000000000000e+00 1.000000000000000000e+00 0.000000000000000000e+00 0.000000000000000000e+00 0.000000000000000000e+00
1.000000000000000000e+03 3.999902358022877635e-02 0.000000000000000000e+00 1.000000000000000000e+00 0.000000000000000000e+00 0.000000000000000000e+00 0.000000000000000000e+00
1.025000000000000000e+03 4.099899916973459568e-02 0.000000000000000000e+00 1.000000000000000000e+00 0.000000000000000000e+00 0.000000000000000000e+00 0.000000000000000000e+00
1.050000000000000000e+03 4.199897475924019297e-02 0.000000000000000000e+00 1.000000000000000000e+00 0.000000000000000000e+00 0.000000000000000000e+00 0.000000000000000000e+00
1.075000000000000000e+03 4.299895034874601230e-02 0.000000000000000000e+00 1.000000000000000000e+00 0.000000000000000000e+00 0.000000000000000000e+00 0.000000000000000000e+00
1.100000000000000000e+03 4.399892593825160958e-02 0.000000000000000000e+00 1.000000000000000000e+00 0.000000000000000000e+00 0.000000000000000000e+00 0.000000000000000000e+00
1.125000000000000000e+03 4.499890152775742891e-02 0.000000000000000000e+00 1.000000000000000000e+00 0.000000000000000000e+00 0.000000000000000000e+00 0.000000000000000000e+00
1.150000000000000000e+03 4.599887711726302619e-02 0.000000000000000000e+00 1.000000000000000000e+00 0.000000000000000000e+00 0.000000000000000000e+00 0.000000000000000000e+00
1.175000000000000000e+03 4.699885270676884552e-02 0.000000000000000000e+00 1.000000000000000000e+00 0.000000000000000000e+00 0.000000000000000000e+00 0.000000000000000000e+00
1.200000000000000000e+03 4.799882829627444281e-02 0.000000000000000000e+00 1.000000000000000000e+00 0.000000000000000000e+00 0.000000000000000000e+00 0.000000000000000000e+00
1.225000000000000000e+03 4.899880388578026214e-02 0.000000000000000000e+00 1.000000000000000000e+00 0.000000000000000000e+00 0.000000000000000000e+00 0.000000000000000000e+00
1.250000000000000000e+03 4.999877947528608146e-02 0.000000000000000000e+00 1.000000000000000000e+00 0.000000000000000000e+00 0.000000000000000000e+00 0.000000000000000000e+00
1.275000000000000000e+03 5.099875506479167875e-02 0.000000000000000000e+00 1.000000000000000000e+00 0.000000000000000000e+00 0.000000000000000000e+00 0.000000000000000000e+00
1.300000000000000000e+03 5.199873065429749808e-02 0.000000000000000000e+00 1.000000000000000000e+00 0.000000000000000000e+00 0.000000000000000000e+00 0.000000000000000000e+00
1.325000000000000000e+03 5.299870624380309536e-02 0.000000000000000000e+00 1.000000000000000000e+00 0.000000000000000000e+00 0.000000000000000000e+00 0.000000000000000000e+00
1.350000000000000000e+03 5.399868183330891469e-02 0.000000000000000000e+00 1.000000000000000000e+00 0.000000000000000000e+00 0.000000000000000000e+00 0.000000000000000000e+00
1.375000000000000000e+03 5.499865742281451197e-02 0.000000000000000000e+00 1.000000000000000000e+00 0.000000000000000000e+00 0.000000000000000000e+00 0.000000000000000000e+00
1.400000000000000000e+03 5.599863301232033130e-02 3.413746017296313199e-04 9.996586253982703285e-01 0.000000000000000000e+00 0.000000000000000000e+00 0.000000000000000000e+00
1.425000000000000000e+03 5.699860860182592859e-02 0.000000000000000000e+00 1.000000000000000000e+00 0.000000000000000000e+00 0.000000000000000000e+00 0.000000000000000000e+00
1.450000000000000000e+03 5.799858419133174792e-02 0.000000000000000000e+00 1.000000000000000000e+00 0.000000000000000000e+00 0.000000000000000000e+00 0.000000000000000000e+00
1.475000000000000000e+03 5.899855978083734520e-02 0.000000000000000000e+00 1.000000000000000000e+00 0.000000000000000000e+00 0.000000000000000000e+00 0.000000000000000000e+00
1.500000000000000000e+03 5.999853537034316453e-02 0.000000000000000000e+00 1.000000000000000000e+00 0.000000000000000000e+00 0.000000000000000000e+00 0.000000000000000000e+00
1.525000000000000000e+03 6.099851095984898386e-02 0.000000000000000000e+00 1.000000000000000000e+00 0.000000000000000000e+00 0.000000000000000000e+00 0.000000000000000000e+00
1.550000000000000000e+03 6.199848654935458114e-02 0.000000000000000000e+00 1.000000000000000000e+00 0.000000000000000000e+00 0.000000000000000000e+00 0.000000000000000000e+00
1.575000000000000000e+03 6.299846213886040047e-02 0.000000000000000000e+00 1.000000000000000000e+00 0.000000000000000000e+00 0.000000000000000000e+00 0.000000000000000000e+00
1.600000000000000000e+03 6.399843772836599776e-02 0.000000000000000000e+00 1.000000000000000000e+00 0.000000000000000000e+00 0.000000000000000000e+00 0.000000000000000000e+00
1.625000000000000000e+03 6.499841331787181709e-02 2.275830678197542133e-04 9.997724169321802190e-01 0.000000000000000000e+00 0.000000000000000000e+00 0.000000000000000000e+00
1.650000000000000000e+03 6.599838890737741437e-02 0.000000000000000000e+00 1.000000000000000000e+00 0.000000000000000000e+00 0.000000000000000000e+00 0.000000000000000000e+00
1.675000000000000000e+03 6.699836449688323370e-02 3.413746017296313199e-04 9.996586253982703285e-01 0.000000000000000000e+00 0.000000000000000000e+00 0.000000000000000000e+00
1.700000000000000000e+03 6.799834008638883098e-02 0.000000000000000000e+00 1.000000000000000000e+00 0.000000000000000000e+00 0.000000000000000000e+00 0.000000000000000000e+00
1.725000000000000000e+03 6.899831567589465031e-02 0.000000000000000000e+00 1.000000000000000000e+00 0.000000000000000000e+00 0.000000000000000000e+00 0.000000000000000000e+00
1.750000000000000000e+03 6.999829126540046964e-02 0.000000000000000000e+00 1.000000000000000000e+00 0.000000000000000000e+00 0.000000000000000000e+00 0.000000000000000000e+00
1.775000000000000000e+03 7.099826685490606692e-02 0.000000000000000000e+00 1.000000000000000000e+00 0.000000000000000000e+00 0.000000000000000000e+00 0.000000000000000000e+00
1.800000000000000000e+03 7.199824244441188625e-02 2.275830678197542133e-04 9.997724169321802190e-01 0.000000000000000000e+00 0.000000000000000000e+00 0.000000000000000000e+00
1.825000000000000000e+03 7.299821803391748354e-02 1.137915339098771066e-04 9.998862084660901095e-01 0.000000000000000000e+00 0.000000000000000000e+00 0.000000000000000000e+00
1.850000000000000000e+03 7.399819362342330287e-02 0.000000000000000000e+00 1.000000000000000000e+00 0.000000000000000000e+00 0.000000000000000000e+00 0.000000000000000000e+00
1.875000000000000000e+03 7.499816921292890015e-02 2.275830678197542133e-04 9.997724169321802190e-01 0.000000000000000000e+00 0.000000000000000000e+00 0.000000000000000000e+00
1.900000000000000000e+03 7.599814480243471948e-02 4.551661356395084266e-04 9.995448338643604380e-01 0.000000000000000000e+00 0.000000000000000000e+00 0.000000000000000000e+00
1.925000000000000000e+03 7.699812039194031676e-02 3.413746017296313199e-04 9.996586253982703285e-01 0.000000000000000000e+00 0.000000000000000000e+00 0.000000000000000000e+00
1.950000000000000000e+03 7.799809598144613609e-02 0.000000000000000000e+00 1.000000000000000000e+00 0.000000000000000000e+00 0.000000000000000000e+00 0.000000000000000000e+00
1.975000000000000000e+03 7.899807157095195542e-02 0.000000000000000000e+00 1.000000000000000000e+00 0.000000000000000000e+00 0.000000000000000000e+00 0.000000000000000000e+00
2.000000000000000000e+03 7.999804716045755271e-02 1.137915339098771066e-04 9.998862084660901095e-01 0.000000000000000000e+00 0.000000000000000000e+00 0.000000000000000000e+00
2.025000000000000000e+03 8.099802274996337204e-02 6.827492034592626399e-04 9.993172507965407680e-01 0.000000000000000000e+00 0.000000000000000000e+00 0.000000000000000000e+00
2.050000000000000000e+03 8.199799833946896932e-02 0.000000000000000000e+00 1.000000000000000000e+00 0.000000000000000000e+00 0.000000000000000000e+00 0.000000000000000000e+00
2.075000000000000000e+03 8.299797392897478865e-02 3.413746017296313199e-04 9.996586253982703285e-01 0.000000000000000000e+00 0.000000000000000000e+00 0.000000000000000000e+00
2.100000000000000000e+03 8.399794951848038593e-02 1.137915339098770958e-03 9.988620846609012061e-01 0.000000000000000000e+00 0.000000000000000000e+00 0.000000000000000000e+00
2.125000000000000000e+03 8.499792510798620526e-02 3.413746017296313199e-04 9.995448338643604380e-01 0.000000000000000000e+00 1.137915339098771066e-04 0.000000000000000000e+00
2.150000000000000000e+03 8.599790069749180255e-02 6.827492034592626399e-04 9.993172507965407680e-01 0.000000000000000000e+00 0.000000000000000000e+00 0.000000000000000000e+00
2.175000000000000000e+03 8.699787628699762188e-02 9.103322712790168532e-04 9.990896677287209870e-01 0.000000000000000000e+00 0.000000000000000000e+00 0.000000000000000000e+00
2.200000000000000000e+03 8.799785187650321916e-02 4.551661356395084266e-04 9.995448338643604380e-01 0.000000000000000000e+00 0.000000000000000000e+00 0.000000000000000000e+00
2.225000000000000000e+03 8.899782746600903849e-02 0.000000000000000000e+00 1.000000000000000000e+00 0.000000000000000000e+00 0.000000000000000000e+00 0.000000000000000000e+00
2.250000000000000000e+03 8.999780305551485782e-02 1.137915339098771066e-04 9.998862084660901095e-01 0.000000000000000000e+00 0.000000000000000000e+00 0.000000000000000000e+00
2.275000000000000000e+03 9.099777864502045510e-02 9.103322712790168532e-04 9.990896677287209870e-01 0.000000000000000000e+00 0.000000000000000000e+00 0.000000000000000000e+00
2.300000000000000000e+03 9.199775423452627443e-02 1.251706873008648227e-03 9.987482931269913156e-01 0.000000000000000000e+00 0.000000000000000000e+00 0.000000000000000000e+00
2.325000000000000000e+03 9.299772982403187171e-02 1.137915339098770958e-03 9.987482931269913156e-01 0.000000000000000000e+00 1.137915339098771066e-04 0.000000000000000000e+00
2.350000000000000000e+03 9.399770541353769104e-02 1.365498406918525280e-03 9.986345015930814251e-01 0.000000000000000000e+00 0.000000000000000000e+00 0.000000000000000000e+00
2.375000000000000000e+03 9.499768100304328833e-02 4.551661356395084266e-04 9.994310423304506585e-01 0.000000000000000000e+00 1.137915339098771066e-04 0.000000000000000000e+00
2.400000000000000000e+03 9.599765659254910766e-02 1.137915339098770958e-03 9.988620846609012061e-01 0.000000000000000000e+00 0.000000000000000000e+00 0.000000000000000000e+00
2.425000000000000000e+03 9.699763218205470494e-02 1.706873008648156654e-03 9.982931269913518646e-01 0.000000000000000000e+00 0.000000000000000000e+00 0.000000000000000000e+00
2.450000000000000000e+03 9.799760777156052427e-02 1.706873008648156654e-03 9.982931269913518646e-01 0.000000000000000000e+00 0.000000000000000000e+00 0.000000000000000000e+00
2.475000000000000000e+03 9.899758336106634360e-02 2.503413746017296455e-03 9.974965862539827421e-01 0.000000000000000000e+00 0.000000000000000000e+00 0.000000000000000000e+00
2.500000000000000000e+03 9.999755895057194088e-02 2.617205279927173507e-03 9.972690031861629611e-01 0.000000000000000000e+00 1.137915339098771066e-04 0.000000000000000000e+00
2.525000000000000000e+03 1.009975345400777602e-01 1.137915339098770958e-03 9.988620846609012061e-01 0.000000000000000000e+00 0.000000000000000000e+00 0.000000000000000000e+00
2.550000000000000000e+03 1.019975101295833575e-01 2.730996813837050560e-03 9.972690031861629611e-01 0.000000000000000000e+00 0.000000000000000000e+00 0.000000000000000000e+00
2.575000000000000000e+03 1.029974857190891768e-01 2.617205279927173507e-03 9.973827947200728516e-01 0.000000000000000000e+00 0.000000000000000000e+00 0.000000000000000000e+00
2.600000000000000000e+03 1.039974613085947741e-01 4.779244424214838804e-03 9.952207555757851543e-01 0.000000000000000000e+00 0.000000000000000000e+00 0.000000000000000000e+00
2.625000000000000000e+03 1.049974368981005934e-01 2.503413746017296455e-03 9.974965862539827421e-01 0.000000000000000000e+00 0.000000000000000000e+00 0.000000000000000000e+00
2.650000000000000000e+03 1.059974124876061907e-01 2.617205279927173507e-03 9.972690031861629611e-01 0.000000000000000000e+00 1.137915339098771066e-04 0.000000000000000000e+00
2.675000000000000000e+03 1.069973880771120101e-01 6.144742831133363434e-03 9.937414656349567998e-01 0.000000000000000000e+00 1.137915339098771066e-04 0.000000000000000000e+00
2.700000000000000000e+03 1.079973636666176073e-01 4.551661356395083832e-03 9.953345471096950448e-01 0.000000000000000000e+00 1.137915339098771066e-04 0.000000000000000000e+00
2.725000000000000000e+03 1.089973392561234267e-01 6.486117432862995025e-03 9.929449248975875664e-01 0.000000000000000000e+00 5.689576695493854790e-04 0.000000000000000000e+00
2.750000000000000000e+03 1.099973148456292460e-01 7.168866636322257339e-03 9.927173418297678964e-01 0.000000000000000000e+00 1.137915339098771066e-04 0.000000000000000000e+00
2.775000000000000000e+03 1.109972904351348433e-01 8.875739644970414427e-03 9.904415111515703085e-01 0.000000000000000000e+00 6.827492034592626399e-04 0.000000000000000000e+00
2.800000000000000000e+03 1.119972660246406626e-01 9.330905780609922637e-03 9.903277196176604180e-01 0.000000000000000000e+00 3.413746017296313199e-04 0.000000000000000000e+00
2.825000000000000000e+03 1.129972416141462599e-01 8.192990441511151245e-03 9.916932180245789930e-01 0.000000000000000000e+00 1.137915339098771066e-04 0.000000000000000000e+00
2.850000000000000000e+03 1.139972172036520792e-01 9.558488848429677609e-03 9.899863450159308575e-01 0.000000000000000000e+00 4.551661356395084266e-04 0.000000000000000000e+00
2.875000000000000000e+03 1.149971927931576765e-01 1.251706873008648184e-02 9.864588074647245852e-01 0.000000000000000000e+00 1.024123805188893906e-03 0.000000000000000000e+00
2.900000000000000000e+03 1.159971683826634958e-01 1.593081474738279601e-02 9.825898953117887524e-01 0.000000000000000000e+00 1.479289940828402332e-03 0.000000000000000000e+00
2.925000000000000000e+03 1.169971439721690931e-01 1.649977241693217911e-02 9.819071461083295205e-01 0.000000000000000000e+00 1.593081474738279385e-03 0.000000000000000000e+00
2.950000000000000000e+03 1.179971195616749124e-01 2.719617660446062984e-02 9.700728265817023521e-01 0.000000000000000000e+00 2.730996813837050560e-03 0.000000000000000000e+00
2.975000000000000000e+03 1.189970951511807318e-01 4.403732362312243881e-02 9.461766044606281234e-01 0.000000000000000000e+00 9.786071916249430847e-03 0.000000000000000000e+00
3.000000000000000000e+03 1.199970707406863291e-01 5.905780609922621494e-02 9.244424214838415921e-01 0.000000000000000000e+00 1.649977241693217911e-02 0.000000000000000000e+00
3.025000000000000000e+03 1.209970463301921484e-01 8.955393718707328754e-02 8.678880291306326766e-01 0.000000000000000000e+00 4.255803368229403583e-02 0.000000000000000000e+00
3.050000000000000000e+03 1.219970219196977457e-01 1.440600819299044100e-01 7.419208010923987739e-01 0.000000000000000000e+00 1.140191169776968577e-01 0.000000000000000000e+00
3.075000000000000000e+03 1.229969975092035650e-01 2.305416477014110288e-01 5.230996813837051063e-01 0.000000000000000000e+00 2.463586709148839204e-01 0.000000000000000000e+00
3.100000000000000000e+03 1.239969730987091623e-01 3.173645880746472359e-01 2.957441966317705950e-01 1.137915339098771066e-04 3.867774237596722786e-01 0.000000000000000000e+00
3.125000000000000000e+03 1.249969486882149816e-01 3.781292671825216001e-01 1.588529813381884259e-01 2.275830678197542133e-04 4.627901684114701930e-01 0.000000000000000000e+00
3.150000000000000000e+03 1.259969242777205789e-01 3.854119253527537592e-01 1.118570778334091881e-01 9.103322712790168532e-04 5.018206645425580259e-01 0.000000000000000000e+00
3.175000000000000000e+03 1.269968998672263982e-01 3.725534820209376319e-01 1.148156577150659940e-01 3.413746017296313199e-04 5.122894856622667303e-01 0.000000000000000000e+00
3.200000000000000000e+03 1.279968754567319955e-01 3.577605826126536437e-01 1.293809740555302568e-01 0.000000000000000000e+00 5.128584433318160718e-01 0.000000000000000000e+00
3.225000000000000000e+03 1.289968510462378148e-01 3.687983614019116896e-01 1.420118343195266308e-01 9.103322712790168532e-04 4.882794720072826666e-01 0.000000000000000000e+00
3.250000000000000000e+03 1.299968266357436342e-01 3.973600364132908735e-01 1.391670459717797015e-01 1.024123805188893906e-03 4.624487938097405770e-01 0.000000000000000000e+00
3.275000000000000000e+03 1.309968022252492315e-01 3.928083750568957533e-01 1.291533909877105035e-01 2.617205279927173507e-03 4.754210286754665393e-01 0.000000000000000000e+00
3.300000000000000000e+03 1.319967778147550508e-01 3.718707328174783999e-01 1.182294037323623065e-01 3.527537551206190360e-03 5.063723258989530907e-01 0.000000000000000000e+00
3.325000000000000000e+03 1.329967534042606481e-01 3.706190259444697155e-01 9.649522075557578904e-02 1.251706873008648184e-02 5.203686845698679564e-01 0.000000000000000000e+00
3.350000000000000000e+03 1.339967289937664674e-01 3.782430587164314906e-01 8.761948111060537114e-02 2.639963586709149004e-02 5.077378243058716656e-01 0.000000000000000000e+00
3.375000000000000000e+03 1.349967045832720647e-01 4.080564406008193035e-01 8.090578060992262288e-02 3.857532999544834029e-02 4.724624487938097195e-01 0.000000000000000000e+00
3.400000000000000000e+03 1.359966801727778840e-01 4.251251706873008795e-01 9.490213928083750250e-02 6.520254893035958010e-02 4.147701411015020656e-01 0.000000000000000000e+00
3.425000000000000000e+03 1.369966557622834813e-01 4.355939918070095840e-01 1.110605370960400518e-01 9.205735093309057315e-02 3.612881201638598050e-01 0.000000000000000000e+00
3.450000000000000000e+03 1.379966313517893006e-01 4.441283568502503165e-01 1.234638142922166587e-01 1.174328629949931702e-01 3.149749658625398130e-01 0.000000000000000000e+00
3.475000000000000000e+03 1.389966069412951200e-01 4.378698224852071164e-01 1.404187528447883582e-01 1.385980883022303045e-01 2.831133363677742487e-01 0.000000000000000000e+00
3.500000000000000000e+03 1.399965825308007172e-01 4.461766044606281234e-01 1.449704142011834229e-01 1.556668183887118806e-01 2.531861629494765453e-01 0.000000000000000000e+00
3.525000000000000000e+03 1.409965581203065366e-01 4.565316340464269373e-01 1.499772416932180219e-01 1.692080109239872676e-01 2.242831133363677731e-01 0.000000000000000000e+00
3.550000000000000000e+03 1.419965337098121338e-01 4.638142922166590965e-01 1.510013654984069253e-01 1.760355029585798925e-01 2.091488393263541135e-01 0.000000000000000000e+00
3.575000000000000000e+03 1.429965092993179532e-01 4.670004551661356418e-01 1.525944469731451980e-01 1.780837505689576716e-01 2.023213472917614886e-01 0.000000000000000000e+00
3.600000000000000000e+03 1.439964848888235505e-01 4.750796540737369233e-01 1.568047337278106468e-01 1.678425125170687204e-01 2.002730996813837094e-01 0.000000000000000000e+00
3.625000000000000000e+03 1.449964604783293698e-01 4.647246244879381094e-01 1.598771051433773294e-01 1.745562130177514826e-01 2.008420573509330787e-01 0.000000000000000000e+00
3.650000000000000000e+03 1.459964360678349671e-01 4.696176604460627901e-01 1.563495675921711403e-01 1.804733727810650945e-01 1.935593991807009473e-01 0.000000000000000000e+00
3.675000000000000000e+03 1.469964116573407864e-01 4.637005006827492060e-01 1.653390987710514348e-01 1.913973600364132777e-01 1.795630405097860816e-01 0.000000000000000000e+00
3.700000000000000000e+03 1.479963872468466057e-01 4.638142922166590965e-01 1.652253072371415443e-01 1.993627674101046965e-01 1.715976331360946627e-01 0.000000000000000000e+00
3.725000000000000000e+03 1.489963628363522030e-01 4.693900773782430647e-01 1.755803368229403860e-01 2.057350933090578149e-01 1.492944924897587622e-01 0.000000000000000000e+00
3.750000000000000000e+03 1.499963384258580223e-01 4.643832498862084934e-01 1.849112426035502965e-01 2.117660446062812896e-01 1.389394629039599482e-01 0.000000000000000000e+00
3.775000000000000000e+03 1.509963140153636196e-01 4.658625398270368478e-01 1.847974510696404060e-01 2.104005461993627701e-01 1.389394629039599482e-01 0.000000000000000000e+00
3.800000000000000000e+03 1.519962896048694390e-01 4.662039144287665193e-01 1.828629949931725174e-01 2.071005917159763343e-01 1.438324988620846567e-01 0.000000000000000000e+00
3.825000000000000000e+03 1.529962651943750362e-01 4.589212562585343602e-01 1.838871187983613931e-01 2.190487027765134209e-01 1.381429221665907980e-01 0.000000000000000000e+00
3.850000000000000000e+03 1.539962407838808556e-01 4.615384615384615641e-01 1.879836140191169791e-01 2.220072826581702408e-01 1.284706417842512438e-01 0.000000000000000000e+00
3.875000000000000000e+03 1.549962163733864529e-01 4.452662721893491105e-01 1.913973600364132777e-01 2.281520254893036059e-01 1.351843422849340060e-01 0.000000000000000000e+00
3.900000000000000000e+03 1.559961919628922722e-01 4.593764223941738667e-01 1.892353208921256358e-01 2.280382339553937154e-01 1.233500227583067821e-01 0.000000000000000000e+00
3.925000000000000000e+03 1.569961675523978695e-01 4.499317250796540657e-01 1.978834774692762866e-01 2.300864815657714946e-01 1.220983158852981393e-01 0.000000000000000000e+00
3.950000000000000000e+03 1.579961431419036888e-01 4.627901684114701930e-01 1.945835229858898507e-01 2.311106053709603980e-01 1.115157032316795582e-01 0.000000000000000000e+00
3.975000000000000000e+03 1.589961187314095081e-01 4.511834319526626946e-01 2.030040964952207483e-01 2.346381429221665871e-01 1.111743286299499284e-01 0.000000000000000000e+00
4.000000000000000000e+03 1.599960943209151054e-01 4.495903504779244497e-01 2.066454255803368278e-01 2.331588529813381772e-01 1.106053709604005453e-01 0.000000000000000000e+00
4.025000000000000000e+03 1.609960699104209247e-01 4.556213017751479244e-01 2.059626763768775681e-01 2.282658170232134687e-01 1.101502048247610388e-01 0.000000000000000000e+00
4.050000000000000000e+03 1.619960454999265220e-01 4.573281747837960598e-01 2.085798816568047442e-01 2.309968138370505353e-01 1.030951297223486607e-01 0.000000000000000000e+00
4.075000000000000000e+03 1.629960210894323414e-01 4.556213017751479244e-01 2.170004551661356418e-01 2.246244879380974169e-01 1.027537551206190308e-01 0.000000000000000000e+00
4.100000000000000000e+03 1.639959966789379386e-01 4.594902139280837572e-01 2.172280382339553950e-01 2.282658170232134687e-01 9.501593081474737912e-02 0.000000000000000000e+00
4.125000000000000000e+03 1.649959722684437580e-01 4.594902139280837572e-01 2.188211197086936677e-01 2.278106508875739622e-01 9.387801547564861293e-02 0.000000000000000000e+00
4.150000000000000000e+03 1.659959478579493553e-01 4.629039599453800835e-01 2.199590350477924339e-01 2.254210286754665393e-01 9.171597633136094330e-02 0.000000000000000000e+00
4.175000000000000000e+03 1.669959234474551746e-01 4.533454710969503920e-01 2.217796995903504875e-01 2.297451069640418786e-01 9.512972234865725574e-02 0.000000000000000000e+00
4.200000000000000000e+03 1.679958990369609939e-01 4.699590350477924616e-01 2.159763313609467383e-01 2.224624487938097472e-01 9.160218479745106668e-02 0.000000000000000000e+00
4.225000000000000000e+03 1.689958746264665912e-01 4.608557123350022766e-01 2.200728265817023244e-01 2.229176149294492537e-01 9.615384615384615918e-02 0.000000000000000000e+00
4.250000000000000000e+03 1.699958502159724105e-01 4.599453800637232637e-01 2.283796085571233592e-01 2.226900318616295005e-01 8.898497951752389057e-02 0.000000000000000000e+00
4.275000000000000000e+03 1.709958258054780078e-01 4.592626308602639762e-01 2.327036868456986707e-01 2.276968593536640995e-01 8.033682294037323979e-02 0.000000000000000000e+00
4.300000000000000000e+03 1.719958013949838271e-01 4.574419663177059503e-01 2.325898953117888079e-01 2.295175238962221254e-01 8.045061447428311641e-02 0.000000000000000000e+00
4.325000000000000000e+03 1.729957769844894244e-01 4.460628129267182329e-01 2.411242603550295960e-01 2.281520254893036059e-01 8.466090122894856518e-02 0.000000000000000000e+00
4.350000000000000000e+03 1.739957525739952438e-01 4.489076012744651623e-01 2.419208010923987184e-01 2.271279016841147025e-01 8.204369594902138907e-02 0.000000000000000000e+00
4.375000000000000000e+03 1.749957281635008410e-01 4.499317250796540657e-01 2.461310878470641672e-01 2.271279016841147025e-01 7.680928538916705073e-02 0.000000000000000000e+00
4.400000000000000000e+03 1.759957037530066604e-01 4.493627674101046687e-01 2.465862539827036737e-01 2.157487482931269851e-01 8.830223031406463086e-02 0.000000000000000000e+00
4.425000000000000000e+03 1.769956793425122576e-01 4.478834774692762588e-01 2.526172052799271484e-01 2.131315430131998090e-01 8.636777423759672834e-02 0.000000000000000000e+00
4.450000000000000000e+03 1.779956549320180770e-01 4.544833864360491305e-01 2.560309512972234747e-01 2.086936731907146070e-01 8.079198907601274626e-02 0.000000000000000000e+00
4.475000000000000000e+03 1.789956305215238963e-01 4.519799726900318726e-01 2.565999089667728716e-01 2.068730086481565811e-01 8.454710969503868856e-02 0.000000000000000000e+00
4.500000000000000000e+03 1.799956061110294936e-01 4.520937642239417631e-01 2.669549385525716856e-01 2.067592171142466906e-01 7.419208010923987462e-02 0.000000000000000000e+00
4.525000000000000000e+03 1.809955817005353129e-01 4.490213928083750528e-01 2.654756486117432757e-01 2.082385070550751005e-01 7.726445152480655720e-02 0.000000000000000000e+00
4.550000000000000000e+03 1.819955572900409102e-01 4.493627674101046687e-01 2.657032316795630567e-01 2.084660901228948537e-01 7.646791078743742087e-02 0.000000000000000000e+00
4.575000000000000000e+03 1.829955328795467295e-01 4.512972234865725851e-01 2.770823850705507740e-01 2.049385525716886647e-01 6.668183887118799003e-02 0.000000000000000000e+00
4.600000000000000000e+03 1.839955084690523268e-01 4.557350933090578149e-01 2.832271279016841392e-01 1.991351843422849432e-01 6.190259444697314428e-02 0.000000000000000000e+00
4.625000000000000000e+03 1.849954840585581461e-01 4.526627218934911046e-01 2.874374146563495880e-01 1.948111060537096040e-01 6.508875739644970349e-02 0.000000000000000000e+00
4.650000000000000000e+03 1.859954596480637434e-01 4.485662266727355463e-01 2.946062812926718011e-01 1.901456531634046487e-01 6.668183887118799003e-02 0.000000000000000000e+00
4.675000000000000000e+03 1.869954352375695628e-01 4.539144287664997890e-01 2.913063268092853653e-01 1.849112426035502965e-01 6.986800182066454923e-02 0.000000000000000000e+00
4.700000000000000000e+03 1.879954108270753821e-01 4.435593991807009751e-01 3.008648156577150568e-01 1.838871187983613931e-01 7.168866636322257513e-02 0.000000000000000000e+00
4.725000000000000000e+03 1.889953864165809794e-01 4.473145197997269173e-01 3.067819754210286964e-01 1.793354574419663283e-01 6.656804733727811341e-02 0.000000000000000000e+00
4.750000000000000000e+03 1.899953620060867987e-01 4.407146108329540457e-01 3.163404642694583324e-01 1.770596267637687682e-01 6.588529813381883982e-02 0.000000000000000000e+00
4.775000000000000000e+03 1.909953375955923960e-01 4.427628584433317971e-01 3.253299954483386269e-01 1.743286299499317293e-01 5.757851615839781195e-02 0.000000000000000000e+00
4.800000000000000000e+03 1.919953131850982153e-01 4.295630405097860538e-01 3.419435593991806965e-01 1.655666818388711881e-01 6.292671825216203385e-02 0.000000000000000000e+00
4.825000000000000000e+03 1.929952887746038126e-01 4.277423759672280279e-01 3.472917614929449392e-01 1.632908511606736557e-01 6.167501137915339104e-02 0.000000000000000000e+00
4.850000000000000000e+03 1.939952643641096319e-01 4.303595812471552318e-01 3.530951297223486329e-01 1.544151115157032239e-01 6.213017751479289752e-02 0.000000000000000000e+00
4.875000000000000000e+03 1.949952399536152292e-01 4.219390077378242787e-01 3.685707783340919641e-01 1.483841602184797492e-01 6.110605370960400795e-02 0.000000000000000000e+00
4.900000000000000000e+03 1.959952155431210485e-01 4.209148839326354308e-01 3.765361857077833552e-01 1.451979972690031762e-01 5.735093309057805872e-02 0.000000000000000000e+00
4.925000000000000000e+03 1.969951911326268679e-01 4.188666363222576239e-01 3.830223031406463363e-01 1.461083295402822169e-01 5.200273099681383682e-02 0.000000000000000000e+00
4.950000000000000000e+03 1.979951667221324652e-01 4.242148384160218666e-01 3.863222576240327721e-01 1.388256713700500578e-01 5.063723258989531045e-02 0.000000000000000000e+00
4.975000000000000000e+03 1.989951423116382845e-01 4.211424670004551563e-01 3.944014565316340537e-01 1.412152935821574806e-01 4.324078288575330248e-02 0.000000000000000000e+00
5.000000000000000000e+03 1.999951179011438818e-01 4.164770141101502010e-01 4.002048247610378029e-01 1.415566681838871244e-01 4.176149294492489950e-02 0.000000000000000000e+00
5.025000000000000000e+03 2.009950934906497011e-01 4.050978607191624836e-01 4.110150204824761233e-01 1.425807919890760000e-01 4.130632680928538608e-02 0.000000000000000000e+00
5.050000000000000000e+03 2.019950690801552984e-01 4.060081929904414966e-01 4.149977241693217911e-01 1.429221665908056438e-01 3.607191624943104080e-02 0.000000000000000000e+00
5.075000000000000000e+03 2.029950446696611177e-01 4.030496131087847322e-01 4.189804278561675144e-01 1.420118343195266308e-01 3.595812471552116418e-02 0.000000000000000000e+00
5.100000000000000000e+03 2.039950202591667150e-01 4.032771961766044577e-01 4.230769230769230727e-01 1.405325443786982209e-01 3.311333636777423484e-02 0.000000000000000000e+00
5.125000000000000000e+03 2.049949958486725343e-01 3.931497496586254248e-01 4.316112881201638607e-01 1.431497496586253970e-01 3.208921256258534527e-02 0.000000000000000000e+00
5.150000000000000000e+03 2.059949714381781316e-01 3.963359126081019701e-01 4.312699135184342447e-01 1.418980427856167403e-01 3.049613108784706567e-02 0.000000000000000000e+00
5.175000000000000000e+03 2.069949470276839509e-01 3.940600819299044377e-01 4.340009103322712836e-01 1.414428766499772339e-01 3.049613108784706567e-02 0.000000000000000000e+00
5.200000000000000000e+03 2.079949226171897703e-01 3.937187073281747662e-01 4.403732362312243742e-01 1.391670459717797015e-01 2.674101046882111990e-02 0.000000000000000000e+00
5.225000000000000000e+03 2.089948982066953675e-01 3.912152935821575084e-01 4.456076467910787264e-01 1.378015475648611821e-01 2.537551206190259354e-02 0.000000000000000000e+00
5.250000000000000000e+03 2.099948737962011869e-01 3.918980427856167403e-01 4.448111060537096040e-01 1.389394629039599482e-01 2.435138825671370050e-02 0.000000000000000000e+00
5.275000000000000000e+03 2.109948493857067842e-01 3.912152935821575084e-01 4.441283568502503165e-01 1.396222121074192080e-01 2.503413746017296368e-02 0.000000000000000000e+00
5.300000000000000000e+03 2.119948249752126035e-01 3.938324988620846567e-01 4.457214383249886169e-01 1.374601729631315383e-01 2.298588984979517413e-02 0.000000000000000000e+00
5.325000000000000000e+03 2.129948005647182008e-01 3.973600364132908735e-01 4.477696859353664238e-01 1.349567592171142527e-01 1.991351843422849502e-02 0.000000000000000000e+00
5.350000000000000000e+03 2.139947761542240201e-01 3.868912152935821691e-01 4.564178425125170468e-01 1.338188438780154865e-01 2.287209831588529751e-02 0.000000000000000000e+00
5.375000000000000000e+03 2.149947517437296174e-01 3.841602184797451303e-01 4.591488393263541412e-01 1.341602184797451025e-01 2.253072371415566766e-02 0.000000000000000000e+00
5.400000000000000000e+03 2.159947273332354367e-01 3.812016385980883104e-01 4.593764223941738667e-01 1.346153846153846090e-01 2.480655439235321044e-02 0.000000000000000000e+00
5.425000000000000000e+03 2.169947029227412560e-01 3.823395539371870488e-01 4.614246700045516736e-01 1.376877560309512916e-01 1.854802002730996865e-02 0.000000000000000000e+00
5.450000000000000000e+03 2.179946785122468533e-01 3.796085571233500100e-01 4.618798361401911801e-01 1.357532999544833752e-01 2.275830678197542090e-02 0.000000000000000000e+00
5.475000000000000000e+03 2.189946541017526727e-01 3.810878470641784199e-01 4.607419208010923861e-01 1.358670914883932657e-01 2.230314064633591095e-02 0.000000000000000000e+00
5.500000000000000000e+03 2.199946296912582699e-01 3.816568047337278169e-01 4.598315885298133732e-01 1.355257168866636219e-01 2.298588984979517413e-02 0.000000000000000000e+00
5.525000000000000000e+03 2.209946052807640893e-01 3.802913063268092975e-01 4.622212107419207960e-01 1.373463814292216756e-01 2.014110150204824826e-02 0.000000000000000000e+00
5.550000000000000000e+03 2.219945808702696866e-01 3.835912608101957333e-01 4.621074192080109055e-01 1.329085116067364458e-01 2.139280837505689453e-02 0.000000000000000000e+00
5.575000000000000000e+03 2.229945564597755059e-01 3.764223941738734647e-01 4.660901228948566288e-01 1.340464269458352398e-01 2.344105598543468408e-02 0.000000000000000000e+00
5.600000000000000000e+03 2.239945320492811032e-01 3.821119708693673234e-01 4.685935366408739422e-01 1.326809285389166926e-01 1.661356395084205573e-02 0.000000000000000000e+00
5.625000000000000000e+03 2.249945076387869225e-01 3.730086481565771384e-01 4.714383249886208715e-01 1.329085116067364458e-01 2.264451524806554428e-02 0.000000000000000000e+00
5.650000000000000000e+03 2.259944832282925198e-01 3.742603550295858228e-01 4.717796995903504875e-01 1.317705962676376796e-01 2.218934911242603433e-02 0.000000000000000000e+00
5.675000000000000000e+03 2.269944588177983391e-01 3.723258989531179064e-01 4.751934456076468138e-01 1.301775147928994070e-01 2.230314064633591095e-02 0.000000000000000000e+00
