# itime ezz other fcc hcp bcc ico
0.000000000000000000e+00 0.000000000000000000e+00 0.000000000000000000e+00 1.000000000000000000e+00 0.000000000000000000e+00 0.000000000000000000e+00 0.000000000000000000e+00
2.500000000000000000e+02 9.999955145713723681e-03 0.000000000000000000e+00 1.000000000000000000e+00 0.000000000000000000e+00 0.000000000000000000e+00 0.000000000000000000e+00
5.000000000000000000e+02 1.999991029142744736e-02 0.000000000000000000e+00 1.000000000000000000e+00 0.000000000000000000e+00 0.000000000000000000e+00 0.000000000000000000e+00
7.500000000000000000e+02 2.999986543714094900e-02 0.000000000000000000e+00 1.000000000000000000e+00 0.000000000000000000e+00 0.000000000000000000e+00 0.000000000000000000e+00
1.000000000000000000e+03 3.999982058285467268e-02 0.000000000000000000e+00 1.000000000000000000e+00 0.000000000000000000e+00 0.000000000000000000e+00 0.000000000000000000e+00
1.250000000000000000e+03 4.999977572856839636e-02 0.000000000000000000e+00 1.000000000000000000e+00 0.000000000000000000e+00 0.000000000000000000e+00 0.000000000000000000e+00
1.500000000000000000e+03 5.999973087428212004e-02 0.000000000000000000e+00 1.000000000000000000e+00 0.000000000000000000e+00 0.000000000000000000e+00 0.000000000000000000e+00
1.750000000000000000e+03 6.999968601999584372e-02 0.000000000000000000e+00 1.000000000000000000e+00 0.000000000000000000e+00 0.000000000000000000e+00 0.000000000000000000e+00
2.000000000000000000e+03 7.999964116570934536e-02 0.000000000000000000e+00 1.000000000000000000e+00 0.000000000000000000e+00 0.000000000000000000e+00 0.000000000000000000e+00
2.250000000000000000e+03 8.999959631142306904e-02 1.479289940828402332e-03 9.985207100591716456e-01 0.000000000000000000e+00 0.000000000000000000e+00 0.000000000000000000e+00
2.500000000000000000e+03 9.999955145713679272e-02 3.527537551206190360e-03 9.963586709148839482e-01 0.000000000000000000e+00 1.137915339098771066e-04 0.000000000000000000e+00
2.750000000000000000e+03 1.099995066028505164e-01 8.648156577150659455e-03 9.908966772872098705e-01 0.000000000000000000e+00 4.551661356395084266e-04 0.000000000000000000e+00
3.000000000000000000e+03 1.199994617485640180e-01 1.305188893946290507e-01 7.506827492034592320e-01 0.000000000000000000e+00 1.187983614019117035e-01 0.000000000000000000e+00
3.250000000000000000e+03 1.299994168942777417e-01 3.643604915794265153e-01 1.453117888029130667e-01 9.330905780609922637e-03 4.809968138370505075e-01 0.000000000000000000e+00
3.500000000000000000e+03 1.399993720399914654e-01 3.964497041420118606e-01 2.478379608557123304e-01 1.351843422849340060e-01 2.205279927173418308e-01 0.000000000000000000e+00
3.750000000000000000e+03 1.499993271857051891e-01 3.759672280382339582e-01 3.326126536185707860e-01 1.896904870277651423e-01 1.017296313154301274e-01 0.000000000000000000e+00
4.000000000000000000e+03 1.599992823314189128e-01 3.764223941738734647e-01 3.669776968593536637e-01 2.040282203004096517e-01 5.257168866636321991e-02 0.000000000000000000e+00
4.250000000000000000e+03 1.699992374771324144e-01 3.742603550295858228e-01 3.741465634956759323e-01 2.250796540737369233e-01 2.651342740100136666e-02 0.000000000000000000e+00
4.500000000000000000e+03 1.799991926228461381e-01 3.691397360036413056e-01 4.088529813381884259e-01 1.981110605370960398e-01 2.389622212107419055e-02 0.000000000000000000e+00
4.750000000000000000e+03 1.899991477685598618e-01 3.422849340009103125e-01 4.353664087391898030e-01 1.970869367319071364e-01 2.526172052799271692e-02 0.000000000000000000e+00
5.000000000000000000e+03 1.999991029142735854e-01 3.294264906690942407e-01 4.448111060537096040e-01 2.072143832498861971e-01 1.854802002730996865e-02 0.000000000000000000e+00
5.250000000000000000e+03 2.099990580599873091e-01 3.200955848884842747e-01 4.533454710969503920e-01 2.104005461993627701e-01 1.615839781520254925e-02 0.000000000000000000e+00
5.500000000000000000e+03 2.199990132057008108e-01 3.309057806099225951e-01 4.435593991807009751e-01 2.085798816568047442e-01 1.695493855257168905e-02 0.000000000000000000e+00
5.750000000000000000e+03 2.299989683514145344e-01 3.326126536185707860e-01 4.365043240782885969e-01 2.117660446062812896e-01 1.911697769685935522e-02 0.000000000000000000e+00
6.000000000000000000e+03 2.399989234971282581e-01 3.276058261265361593e-01 4.539144287664997890e-01 2.012972234865725851e-01 1.718252162039144229e-02 0.000000000000000000e+00
6.250000000000000000e+03 2.499988786428419818e-01 3.252162039144287919e-01 4.536868456986800080e-01 1.973145197997268896e-01 2.378243058716431393e-02 0.000000000000000000e+00
6.500000000000000000e+03 2.599988337885557055e-01 3.393263541192535482e-01 4.402594446973145392e-01 2.025489303595812418e-01 1.786527082385070547e-02 0.000000000000000000e+00
6.750000000000000000e+03 2.699987889342692071e-01 3.368229403732362348e-01 4.427628584433317971e-01 2.011834319526627224e-01 1.923076923076923184e-02 0.000000000000000000e+00
7.000000000000000000e+03 2.799987440799829308e-01 3.377332726445152478e-01 4.376422394173873354e-01 1.968593536640873831e-01 2.776513427401001294e-02 0.000000000000000000e+00
7.250000000000000000e+03 2.899986992256966545e-01 3.386436049157942607e-01 4.492489758761948337e-01 1.841147018661811463e-01 2.799271734182976618e-02 0.000000000000000000e+00
7.500000000000000000e+03 2.999986543714103782e-01 3.265817023213473114e-01 4.656349567592171224e-01 1.834319526627218866e-01 2.435138825671370050e-02 0.000000000000000000e+00
7.750000000000000000e+03 3.099986095171241018e-01 3.213472917614929592e-01 4.725762403277196100e-01 1.858215748748293095e-01 2.025489303595812488e-02 0.000000000000000000e+00
8.000000000000000000e+03 3.199985646628376035e-01 3.046199362767409990e-01 4.875967228038233792e-01 1.928766499772416876e-01 1.490669094219390124e-02 0.000000000000000000e+00
8.250000000000000000e+03 3.299985198085513272e-01 2.975648611743286209e-01 4.811106053709603980e-01 2.028903049613108855e-01 1.843422849340009204e-02 0.000000000000000000e+00
8.500000000000000000e+03 3.399984749542650508e-01 2.919890760127446527e-01 4.844105598543468338e-01 2.059626763768775681e-01 1.763768775603095224e-02 0.000000000000000000e+00
8.750000000000000000e+03 3.499984300999787745e-01 2.801547564861174289e-01 4.879380974055530507e-01 2.144970414201183562e-01 1.741010468821119553e-02 0.000000000000000000e+00
9.000000000000000000e+03 3.599983852456922762e-01 2.717341829767865313e-01 4.903277196176604735e-01 2.218934911242603503e-01 1.604460628129267263e-02 0.000000000000000000e+00
9.250000000000000000e+03 3.699983403914059998e-01 2.627446517979062368e-01 5.184342284934000400e-01 2.090350477924442507e-01 9.786071916249430847e-03 0.000000000000000000e+00
9.500000000000000000e+03 3.799982955371197235e-01 2.591033227127901850e-01 5.304961310878471004e-01 2.010696404187528319e-01 9.330905780609922637e-03 0.000000000000000000e+00
9.750000000000000000e+03 3.899982506828336692e-01 2.418070095584888557e-01 5.523441055985435222e-01 1.964041875284478766e-01 9.444697314519799256e-03 0.000000000000000000e+00
1.000000000000000000e+04 3.999982058285469488e-01 2.464724624487938109e-01 5.685025034137459743e-01 1.741010468821119761e-01 1.092398725534820224e-02 0.000000000000000000e+00
1.025000000000000000e+04 4.099981609742608946e-01 2.657032316795630567e-01 5.573509330905780379e-01 1.618115612198452458e-01 1.513427401001365448e-02 0.000000000000000000e+00
1.050000000000000000e+04 4.199981161199743962e-01 2.634274010013655243e-01 5.568957669549385869e-01 1.671597633136094607e-01 1.251706873008648184e-02 0.000000000000000000e+00
1.075000000000000000e+04 4.299980712656883419e-01 2.657032316795630567e-01 5.524578971324533017e-01 1.705735093309057870e-01 1.126536185707783383e-02 0.000000000000000000e+00
1.100000000000000000e+04 4.399980264114016215e-01 2.677514792899408080e-01 5.530268548020027541e-01 1.682976786527082269e-01 1.092398725534820224e-02 0.000000000000000000e+00
1.125000000000000000e+04 4.499979815571155672e-01 2.671825216203914666e-01 5.490441511151570309e-01 1.713700500682749095e-01 1.240327719617660522e-02 0.000000000000000000e+00
1.150000000000000000e+04 4.599979367028290689e-01 2.677514792899408080e-01 5.452890304961310886e-01 1.746700045516613453e-01 1.228948566226672687e-02 0.000000000000000000e+00
1.175000000000000000e+04 4.699978918485430146e-01 2.702548930359581214e-01 5.645197997269003620e-01 1.558944014565316338e-01 9.330905780609922637e-03 0.000000000000000000e+00
1.200000000000000000e+04 4.799978469942562942e-01 2.659308147473827821e-01 5.680473372781065233e-01 1.598771051433773294e-01 6.144742831133363434e-03 0.000000000000000000e+00
1.225000000000000000e+04 4.899978021399702399e-01 2.741238051888939542e-01 5.541647701411015481e-01 1.637460172963131622e-01 7.965407373691398007e-03 0.000000000000000000e+00
1.250000000000000000e+04 4.999977572856837416e-01 2.800409649522075384e-01 5.444924897587619661e-01 1.668183887118798447e-01 8.648156577150659455e-03 0.000000000000000000e+00
1.275000000000000000e+04 5.099977124313976873e-01 2.751479289940828576e-01 5.456304050978607600e-01 1.705735093309057870e-01 8.648156577150659455e-03 0.000000000000000000e+00
1.300000000000000000e+04 5.199976675771109669e-01 2.742375967228038447e-01 5.376649977241693135e-01 1.778561675011379184e-01 1.024123805188893906e-02 0.000000000000000000e+00
1.325000000000000000e+04 5.299976227228251346e-01 2.741238051888939542e-01 5.369822485207100815e-01 1.803595812471552040e-01 8.534365043240782836e-03 0.000000000000000000e+00
1.350000000000000000e+04 5.399975778685384142e-01 2.784478834774692935e-01 5.337960855712334807e-01 1.766044606281292617e-01 1.115157032316795548e-02 0.000000000000000000e+00
1.375000000000000000e+04 5.499975330142523600e-01 2.802685480200273194e-01 5.381201638598088755e-01 1.713700500682749095e-01 1.024123805188893906e-02 0.000000000000000000e+00
1.400000000000000000e+04 5.599974881599658616e-01 2.677514792899408080e-01 5.682749203459263043e-01 1.548702776513427304e-01 9.103322712790167665e-03 0.000000000000000000e+00
1.425000000000000000e+04 5.699974433056798073e-01 2.685480200273099860e-01 5.722576240327719166e-01 1.490669094219390090e-01 1.012744651797906244e-02 0.000000000000000000e+00
1.450000000000000000e+04 5.799973984513930869e-01 2.591033227127901850e-01 5.821574874829312796e-01 1.478152025489303523e-01 1.092398725534820224e-02 0.000000000000000000e+00
1.475000000000000000e+04 5.899973535971070326e-01 2.663859808830222886e-01 5.805644060081930347e-01 1.434911242603550408e-01 9.558488848429677609e-03 0.000000000000000000e+00
1.500000000000000000e+04 5.999973087428205343e-01 2.642239417387346467e-01 5.908056440600819581e-01 1.368912152935821691e-01 8.079198907601274626e-03 0.000000000000000000e+00
1.525000000000000000e+04 6.099972638885344800e-01 2.583067819754210070e-01 5.740782885753299425e-01 1.581702321347291662e-01 9.444697314519799256e-03 0.000000000000000000e+00
1.550000000000000000e+04 6.199972190342477596e-01 2.527309968138370389e-01 5.770368684569867623e-01 1.627218934911242587e-01 7.510241238051888930e-03 0.000000000000000000e+00
1.575000000000000000e+04 6.299971741799619274e-01 2.446517979062357850e-01 5.848884842967683184e-01 1.638598088302230249e-01 6.599908966772872511e-03 0.000000000000000000e+00
1.600000000000000000e+04 6.399971293256752070e-01 2.407828857532999522e-01 5.913746017296312996e-01 1.619253527537551085e-01 5.917159763313609329e-03 0.000000000000000000e+00
1.625000000000000000e+04 6.499970844713891527e-01 2.383932635411925294e-01 5.922849340009103125e-01 1.603322712790168358e-01 8.989531178880291046e-03 0.000000000000000000e+00
1.650000000000000000e+04 6.599970396171026543e-01 2.486345015930814806e-01 5.844333181611288675e-01 1.574874829312699065e-01 9.444697314519799256e-03 0.000000000000000000e+00
1.675000000000000000e+04 6.699969947628166000e-01 2.551206190259444617e-01 5.727127901684114786e-01 1.609012289485662328e-01 1.126536185707783383e-02 0.000000000000000000e+00
1.700000000000000000e+04 6.799969499085298796e-01 2.693445607646791085e-01 5.571233500227582569e-01 1.581702321347291662e-01 1.536185707783340945e-02 0.000000000000000000e+00
1.725000000000000000e+04 6.899969050542438254e-01 2.744651797906235702e-01 5.410787437414655843e-01 1.715976331360946627e-01 1.285844333181611343e-02 0.000000000000000000e+00
1.750000000000000000e+04 6.999968601999573270e-01 2.693445607646791085e-01 5.102412380518889234e-01 2.078971324533454845e-01 1.251706873008648184e-02 0.000000000000000000e+00
1.775000000000000000e+04 7.099968153456712727e-01 2.704824761037779024e-01 5.028447883477469293e-01 2.135867091488393155e-01 1.308602639963586667e-02 0.000000000000000000e+00
1.800000000000000000e+04 7.199967704913845523e-01 2.859581247155211781e-01 4.954483386436049352e-01 2.069868001820664438e-01 1.160673645880746542e-02 0.000000000000000000e+00
1.825000000000000000e+04 7.299967256370984980e-01 3.021165225307237412e-01 4.584660901228948537e-01 2.273554847519344557e-01 1.206190259444697363e-02 0.000000000000000000e+00
1.850000000000000000e+04 7.399966807828119997e-01 3.043923532089212736e-01 4.497041420118343402e-01 2.327036868456986707e-01 1.319981793354574502e-02 0.000000000000000000e+00
1.875000000000000000e+04 7.499966359285259454e-01 3.030268548020027541e-01 4.606281292671824956e-01 2.242831133363677731e-01 1.206190259444697363e-02 0.000000000000000000e+00
1.900000000000000000e+04 7.599965910742392250e-01 3.004096495220755503e-01 4.335457441966317771e-01 2.513654984069185194e-01 1.467910787437414627e-02 0.000000000000000000e+00
1.925000000000000000e+04 7.699965462199533928e-01 3.071233500227583124e-01 4.119253527537551363e-01 2.690031861629494925e-01 1.194811106053709528e-02 0.000000000000000000e+00
1.950000000000000000e+04 7.799965013656666724e-01 3.007510241238051663e-01 4.148839326354119006e-01 2.770823850705507740e-01 7.282658170232134826e-03 0.000000000000000000e+00
1.975000000000000000e+04 7.899964565113806181e-01 3.005234410559854408e-01 4.180700955848885014e-01 2.702548930359581214e-01 1.115157032316795548e-02 0.000000000000000000e+00
2.000000000000000000e+04 7.999964116570941197e-01 3.004096495220755503e-01 4.154528903049612976e-01 2.745789713245334607e-01 9.558488848429677609e-03 0.000000000000000000e+00
2.025000000000000000e+04 8.099963668028080654e-01 3.001820664542558248e-01 4.106736458807464518e-01 2.750341374601729671e-01 1.411015020482476144e-02 0.000000000000000000e+00
2.050000000000000000e+04 8.199963219485213450e-01 2.868684569868001910e-01 4.134046426945835462e-01 2.869822485207100815e-01 1.274465179790623508e-02 0.000000000000000000e+00
2.075000000000000000e+04 8.299962770942352908e-01 2.815202548930359483e-01 4.202321347291761433e-01 2.865270823850705750e-01 1.172052799271734204e-02 0.000000000000000000e+00
2.100000000000000000e+04 8.399962322399487924e-01 2.694583522985889990e-01 4.419663177059626746e-01 2.793582157487483064e-01 9.217114246700046018e-03 0.000000000000000000e+00
2.125000000000000000e+04 8.499961873856627381e-01 2.588757396449704040e-01 4.604005461993627701e-01 2.721893491124260378e-01 8.534365043240782836e-03 0.000000000000000000e+00
2.150000000000000000e+04 8.599961425313760177e-01 2.620619025944469493e-01 4.602867546654528796e-01 2.646791078743741532e-01 1.297223486572599005e-02 0.000000000000000000e+00
2.175000000000000000e+04 8.699960976770901855e-01 2.521620391442876419e-01 4.737141556668184039e-01 2.661583978152025631e-01 7.965407373691398007e-03 0.000000000000000000e+00
2.200000000000000000e+04 8.799960528228034651e-01 2.487482931269913433e-01 4.715521165225307065e-01 2.688893946290396020e-01 1.081019572143832562e-02 0.000000000000000000e+00
2.225000000000000000e+04 8.899960079685174108e-01 2.396449704142011861e-01 4.722348657259899940e-01 2.808375056895767163e-01 7.168866636322257339e-03 1.137915339098771066e-04
2.250000000000000000e+04 8.999959631142309124e-01 2.485207100591715901e-01 4.687073281747837772e-01 2.735548475193445572e-01 9.217114246700046018e-03 0.000000000000000000e+00
2.275000000000000000e+04 9.099959182599448582e-01 2.424897587619481154e-01 4.732589895311788974e-01 2.768548020027309930e-01 7.396449704142011444e-03 0.000000000000000000e+00
2.300000000000000000e+04 9.199958734056581378e-01 2.380518889394629134e-01 4.775830678197542367e-01 2.807237141556668258e-01 3.641329085116067413e-03 0.000000000000000000e+00
2.325000000000000000e+04 9.299958285513720835e-01 2.456759217114246607e-01 4.689349112426035582e-01 2.802685480200273194e-01 5.120619025944469528e-03 0.000000000000000000e+00
2.350000000000000000e+04 9.399957836970855851e-01 2.452207555757851543e-01 4.679107874374146547e-01 2.798133818843878129e-01 7.055075102412380721e-03 0.000000000000000000e+00
2.375000000000000000e+04 9.499957388427995308e-01 2.564861174328629811e-01 4.532316795630405015e-01 2.803823395539372099e-01 9.899863450159307465e-03 0.000000000000000000e+00
2.400000000000000000e+04 9.599956939885128104e-01 2.728720983158853253e-01 4.201183431952662528e-01 2.900546199362767363e-01 1.695493855257168905e-02 0.000000000000000000e+00
2.425000000000000000e+04 9.699956491342267562e-01 2.666135639508420696e-01 4.798588984979517691e-01 2.478379608557123304e-01 5.689576695493855224e-03 0.000000000000000000e+00
2.450000000000000000e+04 9.799956042799402578e-01 2.633136094674556338e-01 4.814519799726900140e-01 2.501137915339098905e-01 5.120619025944469528e-03 0.000000000000000000e+00
2.475000000000000000e+04 9.899955594256542035e-01 2.498862084660901095e-01 4.854346836595357373e-01 2.594446973145198010e-01 5.234410559854347014e-03 0.000000000000000000e+00
2.500000000000000000e+04 9.999955145713674831e-01 2.476103777878925771e-01 4.754210286754665393e-01 2.724169321802457633e-01 4.551661356395083832e-03 0.000000000000000000e+00
