# itime ezz other fcc hcp bcc ico
0.000000000000000000e+00 0.000000000000000000e+00 0.000000000000000000e+00 1.000000000000000000e+00 0.000000000000000000e+00 0.000000000000000000e+00 0.000000000000000000e+00
2.500000000000000000e+02 1.000000266821077233e-02 0.000000000000000000e+00 1.000000000000000000e+00 0.000000000000000000e+00 0.000000000000000000e+00 0.000000000000000000e+00
5.000000000000000000e+02 2.000000533642154465e-02 0.000000000000000000e+00 1.000000000000000000e+00 0.000000000000000000e+00 0.000000000000000000e+00 0.000000000000000000e+00
7.500000000000000000e+02 3.000000800463231698e-02 0.000000000000000000e+00 1.000000000000000000e+00 0.000000000000000000e+00 0.000000000000000000e+00 0.000000000000000000e+00
1.000000000000000000e+03 4.000001067284308931e-02 0.000000000000000000e+00 1.000000000000000000e+00 0.000000000000000000e+00 0.000000000000000000e+00 0.000000000000000000e+00
1.250000000000000000e+03 5.000001334105386164e-02 0.000000000000000000e+00 1.000000000000000000e+00 0.000000000000000000e+00 0.000000000000000000e+00 0.000000000000000000e+00
1.500000000000000000e+03 6.000001600926463396e-02 0.000000000000000000e+00 1.000000000000000000e+00 0.000000000000000000e+00 0.000000000000000000e+00 0.000000000000000000e+00
1.750000000000000000e+03 7.000001867747540629e-02 0.000000000000000000e+00 1.000000000000000000e+00 0.000000000000000000e+00 0.000000000000000000e+00 0.000000000000000000e+00
2.000000000000000000e+03 8.000002134568617862e-02 0.000000000000000000e+00 1.000000000000000000e+00 0.000000000000000000e+00 0.000000000000000000e+00 0.000000000000000000e+00
2.250000000000000000e+03 9.000002401389695095e-02 1.706873008648156654e-03 9.981793354574419741e-01 0.000000000000000000e+00 1.137915339098771066e-04 0.000000000000000000e+00
2.500000000000000000e+03 1.000000266821077233e-01 2.503413746017296455e-03 9.972690031861629611e-01 0.000000000000000000e+00 2.275830678197542133e-04 0.000000000000000000e+00
2.750000000000000000e+03 1.100000293503184956e-01 1.115157032316795548e-02 9.885070550751023921e-01 0.000000000000000000e+00 3.413746017296313199e-04 0.000000000000000000e+00
3.000000000000000000e+03 1.200000320185292679e-01 6.781975421028675621e-02 8.931497496586253693e-01 0.000000000000000000e+00 3.903049613108784677e-02 0.000000000000000000e+00
3.250000000000000000e+03 1.300000346867400403e-01 4.053254437869822646e-01 1.139053254437869811e-01 3.755120619025944465e-03 4.770141101502048397e-01 0.000000000000000000e+00
3.500000000000000000e+03 1.400000373549508126e-01 4.230769230769230727e-01 2.495448338643604935e-01 1.364360491579426626e-01 1.909421939007737712e-01 0.000000000000000000e+00
3.750000000000000000e+03 1.500000400231615849e-01 3.791533909877105035e-01 2.522758306781975324e-01 2.074419663177059503e-01 1.611288120163859861e-01 0.000000000000000000e+00
4.000000000000000000e+03 1.600000426913723572e-01 4.077150659990896875e-01 2.314519799726900418e-01 2.536413290851160518e-01 1.071916249431042328e-01 0.000000000000000000e+00
4.250000000000000000e+03 1.700000453595831296e-01 4.250113791533909890e-01 2.300864815657714946e-01 2.666135639508420696e-01 7.828857532999544677e-02 0.000000000000000000e+00
4.500000000000000000e+03 1.800000480277939019e-01 4.091943559399180974e-01 3.458124715521165293e-01 1.855939918070095562e-01 5.939918070095585173e-02 0.000000000000000000e+00
4.750000000000000000e+03 1.900000506960046742e-01 3.628812016385981054e-01 4.536868456986800080e-01 1.664770141101502010e-01 1.695493855257168905e-02 0.000000000000000000e+00
5.000000000000000000e+03 2.000000533642154465e-01 3.013199817933545632e-01 5.644060081929904715e-01 1.246017296313154249e-01 9.672280382339554228e-03 0.000000000000000000e+00
5.250000000000000000e+03 2.100000560324262189e-01 2.674101046882111921e-01 6.114019116977696955e-01 1.134501593081474746e-01 7.624032771961766417e-03 1.137915339098771066e-04
5.500000000000000000e+03 2.200000587006369912e-01 2.358898497951752438e-01 6.363222576240327166e-01 1.151570323167956239e-01 1.263086026399635846e-02 0.000000000000000000e+00
5.750000000000000000e+03 2.300000613688477635e-01 2.173418297678652578e-01 6.367774237596722786e-01 1.381429221665907980e-01 7.737824305871643035e-03 0.000000000000000000e+00
6.000000000000000000e+03 2.400000640370585359e-01 2.001593081474738189e-01 6.401911697769685494e-01 1.543013199817933612e-01 5.348202093764223633e-03 0.000000000000000000e+00
6.250000000000000000e+03 2.500000667052693082e-01 1.969731451979972736e-01 6.436049157942649313e-01 1.522530723714155543e-01 7.168866636322257339e-03 0.000000000000000000e+00
6.500000000000000000e+03 2.600000693734800805e-01 1.946973145197997135e-01 6.438324988620847122e-01 1.543013199817933612e-01 7.168866636322257339e-03 0.000000000000000000e+00
6.750000000000000000e+03 2.700000720416908528e-01 2.032316795630405015e-01 6.405325443786982209e-01 1.480427856167501055e-01 8.192990441511151245e-03 0.000000000000000000e+00
7.000000000000000000e+03 2.800000747099016252e-01 2.049385525716886647e-01 6.519116977696859383e-01 1.324533454710969393e-01 1.069640418752844727e-02 0.000000000000000000e+00
7.250000000000000000e+03 2.900000773781123975e-01 2.028903049613108855e-01 6.513427401001365968e-01 1.389394629039599482e-01 6.827492034592626616e-03 0.000000000000000000e+00
7.500000000000000000e+03 3.000000800463231698e-01 2.151797906235776159e-01 6.502048247610378029e-01 1.285844333181611343e-01 6.030951297223486815e-03 0.000000000000000000e+00
7.750000000000000000e+03 3.100000827145339422e-01 2.138142922166590687e-01 6.517979062357760478e-01 1.284706417842512438e-01 5.917159763313609329e-03 0.000000000000000000e+00
8.000000000000000000e+03 3.200000853827447145e-01 2.129039599453800558e-01 6.478152025489303245e-01 1.341602184797451025e-01 5.120619025944469528e-03 0.000000000000000000e+00
8.250000000000000000e+03 3.300000880509554868e-01 2.121074192080109333e-01 6.604460628129267263e-01 1.211879836140191125e-01 6.258534365043240920e-03 0.000000000000000000e+00
8.500000000000000000e+03 3.400000907191662591e-01 2.089212562585343602e-01 6.642011834319526686e-01 1.218707328174783860e-01 5.006827492034592909e-03 0.000000000000000000e+00
8.750000000000000000e+03 3.500000933873770315e-01 2.080109239872553473e-01 6.555530268548019901e-01 1.319981793354574329e-01 4.437869822485207214e-03 0.000000000000000000e+00
9.000000000000000000e+03 3.600000960555878038e-01 2.088074647246244975e-01 6.731907146108329076e-01 1.112881201638598050e-01 6.713700500682749130e-03 0.000000000000000000e+00
9.250000000000000000e+03 3.700000987237985761e-01 2.027765134274009950e-01 6.942421483841602070e-01 9.865725989986344480e-02 4.324078288575329727e-03 0.000000000000000000e+00
9.500000000000000000e+03 3.800001013920093484e-01 2.109695038689121394e-01 6.931042330450614131e-01 9.285389167045972336e-02 3.072371415566681717e-03 0.000000000000000000e+00
9.750000000000000000e+03 3.900001040602203428e-01 2.088074647246244975e-01 7.041420118343195700e-01 8.204369594902138907e-02 5.006827492034592909e-03 0.000000000000000000e+00
1.000000000000000000e+04 4.000001067284306711e-01 2.039144287664997612e-01 7.041420118343195700e-01 8.944014565316341092e-02 2.503413746017296455e-03 0.000000000000000000e+00
1.025000000000000000e+04 4.100001093966418875e-01 1.919663177059626746e-01 7.374829312699134887e-01 6.907146108329539902e-02 1.479289940828402332e-03 0.000000000000000000e+00
1.050000000000000000e+04 4.200001120648522157e-01 2.001593081474738189e-01 7.224624487938097195e-01 7.544378698224851743e-02 1.934456076467910759e-03 0.000000000000000000e+00
1.075000000000000000e+04 4.300001147330634321e-01 2.080109239872553473e-01 7.008420573509330787e-01 8.875739644970413733e-02 2.389622212107419402e-03 0.000000000000000000e+00
1.100000000000000000e+04 4.400001174012737604e-01 2.036868456986800080e-01 7.006144742831132977e-01 9.342284934000910646e-02 2.275830678197541916e-03 0.000000000000000000e+00
1.125000000000000000e+04 4.500001200694849768e-01 2.101729631315430169e-01 6.822940373236231482e-01 1.053709604005461931e-01 2.162039144287664864e-03 0.000000000000000000e+00
1.150000000000000000e+04 4.600001227376953050e-01 2.224624487938097472e-01 6.450842057350932857e-01 1.301775147928994070e-01 2.275830678197541916e-03 0.000000000000000000e+00
1.175000000000000000e+04 4.700001254059065214e-01 2.325898953117888079e-01 6.274465179790623681e-01 1.382567137005006885e-01 1.706873008648156654e-03 0.000000000000000000e+00
1.200000000000000000e+04 4.800001280741168497e-01 2.385070550751024199e-01 6.347291761492944717e-01 1.241465634956759184e-01 2.617205279927173507e-03 0.000000000000000000e+00
1.225000000000000000e+04 4.900001307423280661e-01 2.547792444242148457e-01 6.076467910787437532e-01 1.355257168866636219e-01 2.048247610377787811e-03 0.000000000000000000e+00
1.250000000000000000e+04 5.000001334105383943e-01 2.585343650432407880e-01 6.058261265361857273e-01 1.324533454710969393e-01 3.186162949476558769e-03 0.000000000000000000e+00
1.275000000000000000e+04 5.100001360787496107e-01 2.460172963131543045e-01 6.359808830223031562e-01 1.136777423759672279e-01 4.324078288575329727e-03 0.000000000000000000e+00
1.300000000000000000e+04 5.200001387469599390e-01 2.403277196176604458e-01 6.415566681838871244e-01 1.131087847064178448e-01 5.006827492034592909e-03 0.000000000000000000e+00
1.325000000000000000e+04 5.300001414151709334e-01 2.405553026854801990e-01 6.708010923987255403e-01 8.625398270368685172e-02 2.389622212107419402e-03 0.000000000000000000e+00
1.350000000000000000e+04 5.400001440833814836e-01 2.276968593536640995e-01 7.150659990896677254e-01 5.484751934456076616e-02 2.389622212107419402e-03 0.000000000000000000e+00
1.375000000000000000e+04 5.500001467515924780e-01 2.257624032771961831e-01 7.022075557578516536e-01 7.077833409194356218e-02 1.251706873008648227e-03 0.000000000000000000e+00
1.400000000000000000e+04 5.600001494198030283e-01 2.238279472007282667e-01 6.969731451979972459e-01 7.749203459262631044e-02 1.706873008648156654e-03 0.000000000000000000e+00
1.425000000000000000e+04 5.700001520880140227e-01 2.230314064633591165e-01 6.983386436049158208e-01 7.658170232134729749e-02 2.048247610377787811e-03 0.000000000000000000e+00
1.450000000000000000e+04 5.800001547562245729e-01 2.341829767865270806e-01 6.687528447883477334e-01 9.569868001820663883e-02 1.365498406918525280e-03 0.000000000000000000e+00
1.475000000000000000e+04 5.900001574244355673e-01 2.428311333636777314e-01 6.422394173873463563e-01 1.140191169776968577e-01 9.103322712790168532e-04 0.000000000000000000e+00
1.500000000000000000e+04 6.000001600926461176e-01 2.462448793809740577e-01 6.199362767410104835e-01 1.319981793354574329e-01 1.820664542558033706e-03 0.000000000000000000e+00
1.525000000000000000e+04 6.100001627608571120e-01 2.492034592626308498e-01 6.197086936731907025e-01 1.280154756486117373e-01 3.072371415566681717e-03 0.000000000000000000e+00
1.550000000000000000e+04 6.200001654290676623e-01 2.497724169321802468e-01 6.041192535275375919e-01 1.439462903959945472e-01 2.162039144287664864e-03 0.000000000000000000e+00
1.575000000000000000e+04 6.300001680972786566e-01 2.540964952207555583e-01 6.063950842057350687e-01 1.384842967683204418e-01 1.024123805188893906e-03 0.000000000000000000e+00
1.600000000000000000e+04 6.400001707654892069e-01 2.584205735093308975e-01 6.042330450614474824e-01 1.352981338188438687e-01 2.048247610377787811e-03 0.000000000000000000e+00
1.625000000000000000e+04 6.500001734337002013e-01 2.633136094674556338e-01 5.822712790168411701e-01 1.519116977696859383e-01 2.503413746017296455e-03 0.000000000000000000e+00
1.650000000000000000e+04 6.600001761019107516e-01 2.744651797906235702e-01 5.588302230314065033e-01 1.640873918980427781e-01 2.617205279927173507e-03 0.000000000000000000e+00
1.675000000000000000e+04 6.700001787701217459e-01 2.792444242148384159e-01 5.532544378698225351e-01 1.619253527537551085e-01 5.575785161583977738e-03 0.000000000000000000e+00
1.700000000000000000e+04 6.800001814383322962e-01 2.869822485207100815e-01 5.328857532999544677e-01 1.735320892125625791e-01 6.599908966772872511e-03 0.000000000000000000e+00
1.725000000000000000e+04 6.900001841065432906e-01 2.956304050978607045e-01 5.061447428311333097e-01 1.928766499772416876e-01 5.348202093764223633e-03 0.000000000000000000e+00
1.750000000000000000e+04 7.000001867747538409e-01 2.999544833864360438e-01 4.860036413290851343e-01 2.086936731907146070e-01 5.348202093764223633e-03 0.000000000000000000e+00
1.775000000000000000e+04 7.100001894429648353e-01 2.890304961310878329e-01 5.252617205279926926e-01 1.803595812471552040e-01 5.348202093764223633e-03 0.000000000000000000e+00
1.800000000000000000e+04 7.200001921111753855e-01 2.862994993172507940e-01 5.414201183431952558e-01 1.654528903049612976e-01 6.827492034592626616e-03 0.000000000000000000e+00
1.825000000000000000e+04 7.300001947793863799e-01 2.881201638598088199e-01 5.352753755120619461e-01 1.697769685935366368e-01 6.827492034592626616e-03 0.000000000000000000e+00
1.850000000000000000e+04 7.400001974475969302e-01 3.015475648611743442e-01 5.142239417387346467e-01 1.776285844333181652e-01 6.599908966772872511e-03 0.000000000000000000e+00
1.875000000000000000e+04 7.500002001158079246e-01 2.989303595812471404e-01 5.293582157487483064e-01 1.647701411015020379e-01 6.941283568502503235e-03 0.000000000000000000e+00
1.900000000000000000e+04 7.600002027840184748e-01 3.092853891670459543e-01 5.144515248065544277e-01 1.718252162039144160e-01 4.437869822485207214e-03 0.000000000000000000e+00
1.925000000000000000e+04 7.700002054522294692e-01 3.087164314974966128e-01 5.137687756030950847e-01 1.738734638142922229e-01 3.641329085116067413e-03 0.000000000000000000e+00
1.950000000000000000e+04 7.800002081204400195e-01 3.031406463359125891e-01 5.241238051888938987e-01 1.700045516613563901e-01 2.730996813837050560e-03 0.000000000000000000e+00
1.975000000000000000e+04 7.900002107886510139e-01 2.993855257168866468e-01 5.153618570778334407e-01 1.837733272644515303e-01 1.479289940828402332e-03 0.000000000000000000e+00
2.000000000000000000e+04 8.000002134568615642e-01 3.055302685480200120e-01 5.259444697314519246e-01 1.660218479745106945e-01 2.503413746017296455e-03 0.000000000000000000e+00
2.025000000000000000e+04 8.100002161250725585e-01 3.031406463359125891e-01 5.706645425580336717e-01 1.202776513427400995e-01 5.917159763313609329e-03 0.000000000000000000e+00
2.050000000000000000e+04 8.200002187932831088e-01 3.015475648611743442e-01 5.997951752389621971e-01 9.626763768775603580e-02 2.389622212107419402e-03 0.000000000000000000e+00
2.075000000000000000e+04 8.300002214614941032e-01 3.027992717341829731e-01 5.934228493400091065e-01 1.018434228493400040e-01 1.934456076467910759e-03 0.000000000000000000e+00
2.100000000000000000e+04 8.400002241297046535e-01 3.080336822940373254e-01 5.773782430587164338e-01 1.116294947655894348e-01 2.958579881656804664e-03 0.000000000000000000e+00
2.125000000000000000e+04 8.500002267979156478e-01 3.080336822940373254e-01 5.549613108784706705e-01 1.347291761492944995e-01 2.275830678197541916e-03 0.000000000000000000e+00
2.150000000000000000e+04 8.600002294661261981e-01 3.012061902594446727e-01 5.560992262175694645e-01 1.413290851160673711e-01 1.365498406918525280e-03 0.000000000000000000e+00
2.175000000000000000e+04 8.700002321343371925e-01 3.057578516158397930e-01 5.527992717341829731e-01 1.390532544378698110e-01 2.389622212107419402e-03 0.000000000000000000e+00
2.200000000000000000e+04 8.800002348025477428e-01 3.173645880746472359e-01 5.721438324988621371e-01 1.069640418752844796e-01 3.527537551206190360e-03 0.000000000000000000e+00
2.225000000000000000e+04 8.900002374707587371e-01 3.257851615839781334e-01 5.725989986345015881e-01 9.763313609467455523e-02 3.982703686845699004e-03 0.000000000000000000e+00
2.250000000000000000e+04 9.000002401389692874e-01 3.245334547109695045e-01 5.819299044151114986e-01 8.932635411925353430e-02 4.210286754665453109e-03 0.000000000000000000e+00
2.275000000000000000e+04 9.100002428071802818e-01 3.252162039144287919e-01 5.855712335002275504e-01 8.557123350022757813e-02 3.641329085116067413e-03 0.000000000000000000e+00
2.300000000000000000e+04 9.200002454753908321e-01 3.276058261265361593e-01 5.781747837960855563e-01 9.080564406008193035e-02 3.413746017296313308e-03 0.000000000000000000e+00
2.325000000000000000e+04 9.300002481436018265e-01 3.177059626763768518e-01 5.887573964497041512e-01 9.046426945835230049e-02 3.072371415566681717e-03 0.000000000000000000e+00
2.350000000000000000e+04 9.400002508118123767e-01 3.145197997269003065e-01 5.838643604915794150e-01 9.865725989986344480e-02 2.958579881656804664e-03 0.000000000000000000e+00
2.375000000000000000e+04 9.500002534800233711e-01 3.266954938552571464e-01 5.394856622667273394e-01 1.317705962676376796e-01 2.048247610377787811e-03 0.000000000000000000e+00
2.400000000000000000e+04 9.600002561482339214e-01 3.408056440600819026e-01 4.965862539827036737e-01 1.566909421939007840e-01 5.917159763313609329e-03 0.000000000000000000e+00
2.425000000000000000e+04 9.700002588164449158e-01 3.309057806099225951e-01 5.135411925352754148e-01 1.532771961766044577e-01 2.275830678197541916e-03 0.000000000000000000e+00
2.450000000000000000e+04 9.800002614846554660e-01 3.367091488393263443e-01 5.089895311788802390e-01 1.504324078288575284e-01 3.868912152935821518e-03 0.000000000000000000e+00
2.475000000000000000e+04 9.900002641528664604e-01 3.295402822030040757e-01 5.245789713245334607e-01 1.423532089212562468e-01 3.527537551206190360e-03 0.000000000000000000e+00
2.500000000000000000e+04 1.000000266821076789e+00 3.370505234410559603e-01 5.144515248065544277e-01 1.445152480655439164e-01 3.982703686845699004e-03 0.000000000000000000e+00
