# itime ezz other fcc hcp bcc ico
0.000000000000000000e+00 0.000000000000000000e+00 0.000000000000000000e+00 1.000000000000000000e+00 0.000000000000000000e+00 0.000000000000000000e+00 0.000000000000000000e+00
2.500000000000000000e+03 1.000006122927321606e-02 0.000000000000000000e+00 1.000000000000000000e+00 0.000000000000000000e+00 0.000000000000000000e+00 0.000000000000000000e+00
5.000000000000000000e+03 2.000012245854643211e-02 0.000000000000000000e+00 1.000000000000000000e+00 0.000000000000000000e+00 0.000000000000000000e+00 0.000000000000000000e+00
7.500000000000000000e+03 3.000018368781987022e-02 0.000000000000000000e+00 1.000000000000000000e+00 0.000000000000000000e+00 0.000000000000000000e+00 0.000000000000000000e+00
1.000000000000000000e+04 4.000024491709308627e-02 0.000000000000000000e+00 1.000000000000000000e+00 0.000000000000000000e+00 0.000000000000000000e+00 0.000000000000000000e+00
1.250000000000000000e+04 5.000030614636630233e-02 0.000000000000000000e+00 1.000000000000000000e+00 0.000000000000000000e+00 0.000000000000000000e+00 0.000000000000000000e+00
1.500000000000000000e+04 6.000036737563951839e-02 0.000000000000000000e+00 1.000000000000000000e+00 0.000000000000000000e+00 0.000000000000000000e+00 0.000000000000000000e+00
1.750000000000000000e+04 7.000042860491273444e-02 4.551661356395084266e-04 9.995448338643604380e-01 0.000000000000000000e+00 0.000000000000000000e+00 0.000000000000000000e+00
2.000000000000000000e+04 8.000048983418595050e-02 0.000000000000000000e+00 1.000000000000000000e+00 0.000000000000000000e+00 0.000000000000000000e+00 0.000000000000000000e+00
2.250000000000000000e+04 9.000055106345938860e-02 9.103322712790168532e-04 9.990896677287209870e-01 0.000000000000000000e+00 0.000000000000000000e+00 0.000000000000000000e+00
2.500000000000000000e+04 1.000006122927326047e-01 2.048247610377787811e-03 9.979517523896221931e-01 0.000000000000000000e+00 0.000000000000000000e+00 0.000000000000000000e+00
2.750000000000000000e+04 1.100006735220058207e-01 8.875739644970413733e-02 7.391898042785616241e-01 0.000000000000000000e+00 1.720527992717341692e-01 0.000000000000000000e+00
3.000000000000000000e+04 1.200007347512790368e-01 5.314064633591260994e-02 8.026854802002730827e-01 1.436049157942649035e-01 5.689576695493854790e-04 0.000000000000000000e+00
3.250000000000000000e+04 1.300007959805522528e-01 5.609922621756941591e-02 7.972234865725990050e-01 1.455393718707328199e-01 1.137915339098770958e-03 0.000000000000000000e+00
3.500000000000000000e+04 1.400008572098254689e-01 5.962676376877560497e-02 7.969959035047792240e-01 1.433773327264451503e-01 0.000000000000000000e+00 0.000000000000000000e+00
3.750000000000000000e+04 1.500009184390989070e-01 5.974055530268548159e-02 7.967683204369594430e-01 1.434911242603550408e-01 0.000000000000000000e+00 0.000000000000000000e+00
4.000000000000000000e+04 1.600009796683721230e-01 6.008192990441511144e-02 7.964269458352298825e-01 1.434911242603550408e-01 0.000000000000000000e+00 0.000000000000000000e+00
4.250000000000000000e+04 1.700010408976453391e-01 5.985434683659535821e-02 7.965407373691397730e-01 1.434911242603550408e-01 1.137915339098771066e-04 0.000000000000000000e+00
4.500000000000000000e+04 1.800011021269185552e-01 5.962676376877560497e-02 7.968821119708693335e-01 1.434911242603550408e-01 0.000000000000000000e+00 0.000000000000000000e+00
4.750000000000000000e+04 1.900011633561917712e-01 5.974055530268548159e-02 7.966545289030496635e-01 1.434911242603550408e-01 1.137915339098771066e-04 0.000000000000000000e+00
5.000000000000000000e+04 2.000012245854652093e-01 6.030951297223486468e-02 7.954028220300409791e-01 1.434911242603550408e-01 7.965407373691396923e-04 0.000000000000000000e+00
5.250000000000000000e+04 2.100012858147384254e-01 6.258534365043240399e-02 7.934683659535730627e-01 1.433773327264451503e-01 5.689576695493854790e-04 0.000000000000000000e+00
5.500000000000000000e+04 2.200013470440116414e-01 7.589895311788802390e-02 7.829995448338643582e-01 1.408739189804278646e-01 2.275830678197542133e-04 0.000000000000000000e+00
5.750000000000000000e+04 2.300014082732848575e-01 7.658170232134729749e-02 7.822030040964952358e-01 1.412152935821574806e-01 0.000000000000000000e+00 0.000000000000000000e+00
6.000000000000000000e+04 2.400014695025580735e-01 7.874374146563495325e-02 7.796995903504779779e-01 1.414428766499772339e-01 1.137915339098771066e-04 0.000000000000000000e+00
6.250000000000000000e+04 2.500015307318312896e-01 7.760582612653618706e-02 7.799271734182976479e-01 1.414428766499772339e-01 1.024123805188893906e-03 0.000000000000000000e+00
6.500000000000000000e+04 2.600015919611047277e-01 1.071916249431042328e-01 7.398725534820209671e-01 1.514565316340464318e-01 1.479289940828402332e-03 0.000000000000000000e+00
6.750000000000000000e+04 2.700016531903779438e-01 1.111743286299499284e-01 7.173418297678653133e-01 1.701183431952662806e-01 1.365498406918525280e-03 0.000000000000000000e+00
7.000000000000000000e+04 2.800017144196511598e-01 1.107191624943104219e-01 7.195038689121528996e-01 1.686390532544378706e-01 1.137915339098770958e-03 0.000000000000000000e+00
7.250000000000000000e+04 2.900017756489243759e-01 1.099226217569412856e-01 7.238279472007282944e-01 1.656804733727810786e-01 5.689576695493854790e-04 0.000000000000000000e+00
7.500000000000000000e+04 3.000018368781975919e-01 1.088984979517523960e-01 7.283796085571233592e-01 1.621529358215748617e-01 5.689576695493854790e-04 0.000000000000000000e+00
7.750000000000000000e+04 3.100018981074710300e-01 1.086709148839326289e-01 7.295175238962221531e-01 1.603322712790168358e-01 1.479289940828402332e-03 0.000000000000000000e+00
8.000000000000000000e+04 3.200019593367442461e-01 1.120846609012289552e-01 7.349795175238962308e-01 1.523668639053254448e-01 5.689576695493854790e-04 0.000000000000000000e+00
8.250000000000000000e+04 3.300020205660174621e-01 1.193673190714610866e-01 7.218934911242603780e-01 1.587391898042785632e-01 0.000000000000000000e+00 0.000000000000000000e+00
8.500000000000000000e+04 3.400020817952906782e-01 1.205052344105598527e-01 7.176832043695948737e-01 1.612426035502958488e-01 5.689576695493854790e-04 0.000000000000000000e+00
8.750000000000000000e+04 3.500021430245638943e-01 1.378015475648611821e-01 6.752389622212107145e-01 1.853664087391898030e-01 1.593081474738279385e-03 0.000000000000000000e+00
9.000000000000000000e+04 3.600022042538371103e-01 1.290395994538006408e-01 7.368001820664542567e-01 1.321119708693673234e-01 2.048247610377787811e-03 0.000000000000000000e+00
9.250000000000000000e+04 3.700022654831105484e-01 1.250568957669549452e-01 7.342967683204369989e-01 1.379153390987710448e-01 2.730996813837050560e-03 0.000000000000000000e+00
9.500000000000000000e+04 3.800023267123837645e-01 1.319981793354574329e-01 7.237141556668184039e-01 1.420118343195266308e-01 2.275830678197541916e-03 0.000000000000000000e+00
9.750000000000000000e+04 3.900023879416567585e-01 1.342740100136549930e-01 7.247382794720073074e-01 1.375739644970414288e-01 3.413746017296313308e-03 0.000000000000000000e+00
1.000000000000000000e+05 4.000024491709299745e-01 1.420118343195266308e-01 6.983386436049158208e-01 1.552116522530723741e-01 4.437869822485207214e-03 0.000000000000000000e+00
1.025000000000000000e+05 4.100025104002034126e-01 1.396222121074192080e-01 7.110832954028220021e-01 1.459945380063723264e-01 3.299954483386436255e-03 0.000000000000000000e+00
1.050000000000000000e+05 4.200025716294766287e-01 1.322257624032771861e-01 7.284934000910332497e-01 1.375739644970414288e-01 1.706873008648156654e-03 0.000000000000000000e+00
1.075000000000000000e+05 4.300026328587498448e-01 1.294947655894401473e-01 7.327036868456986429e-01 1.358670914883932657e-01 1.934456076467910759e-03 0.000000000000000000e+00
1.100000000000000000e+05 4.400026940880230608e-01 1.322257624032771861e-01 7.309968138370505075e-01 1.347291761492944995e-01 2.048247610377787811e-03 0.000000000000000000e+00
1.125000000000000000e+05 4.500027553172962769e-01 1.368912152935821691e-01 7.272416932180245652e-01 1.324533454710969393e-01 3.413746017296313308e-03 0.000000000000000000e+00
1.150000000000000000e+05 4.600028165465697150e-01 1.482703686845698587e-01 6.966317705962676854e-01 1.508875739644970349e-01 4.210286754665453109e-03 0.000000000000000000e+00
1.175000000000000000e+05 4.700028777758429310e-01 1.467910787437414766e-01 7.660446062812926726e-01 8.522985889849794827e-02 1.934456076467910759e-03 0.000000000000000000e+00
1.200000000000000000e+05 4.800029390051161471e-01 1.431497496586253970e-01 7.707100591715976279e-01 8.352298588984979899e-02 2.617205279927173507e-03 0.000000000000000000e+00
1.225000000000000000e+05 4.900030002343893631e-01 1.459945380063723264e-01 7.760582612653618151e-01 7.385070550751024476e-02 4.096495220755575623e-03 0.000000000000000000e+00
1.250000000000000000e+05 5.000030614636625792e-01 1.488393263541192557e-01 7.762858443331815961e-01 6.964041875284478211e-02 5.234410559854347014e-03 0.000000000000000000e+00
1.275000000000000000e+05 5.100031226929357953e-01 1.479289940828402428e-01 7.803823395539372099e-01 6.941283568502502888e-02 2.275830678197541916e-03 0.000000000000000000e+00
1.300000000000000000e+05 5.200031839222092334e-01 1.688666363222576239e-01 6.841147018661811741e-01 1.434911242603550408e-01 3.527537551206190360e-03 0.000000000000000000e+00
1.325000000000000000e+05 5.300032451514824494e-01 1.734182976786527164e-01 6.741010468821119206e-01 1.498634501593081592e-01 2.617205279927173507e-03 0.000000000000000000e+00
1.350000000000000000e+05 5.400033063807556655e-01 1.698907601274465273e-01 6.835457441966317216e-01 1.425807919890760000e-01 3.982703686845699004e-03 0.000000000000000000e+00
1.375000000000000000e+05 5.500033676100288815e-01 1.764906690942193990e-01 6.863905325443786509e-01 1.331360946745562268e-01 3.982703686845699004e-03 0.000000000000000000e+00
1.400000000000000000e+05 5.600034288393020976e-01 1.818388711879836139e-01 6.861629494765589810e-01 1.300637232589895442e-01 1.934456076467910759e-03 0.000000000000000000e+00
1.425000000000000000e+05 5.700034900685753136e-01 1.969731451979972736e-01 6.728493400091033472e-01 1.250568957669549452e-01 5.120619025944469528e-03 0.000000000000000000e+00
1.450000000000000000e+05 5.800035512978487517e-01 1.762630860263996457e-01 6.818388711879835862e-01 1.367774237596722786e-01 5.120619025944469528e-03 0.000000000000000000e+00
1.475000000000000000e+05 5.900036125271219678e-01 1.446290395994538069e-01 7.201866181156122426e-01 1.318843878015475701e-01 3.299954483386436255e-03 0.000000000000000000e+00
1.500000000000000000e+05 6.000036737563951839e-01 1.269913518434228616e-01 6.717114246700045532e-01 1.974283113336367801e-01 3.868912152935821518e-03 0.000000000000000000e+00
1.525000000000000000e+05 6.100037349856683999e-01 1.292671825216203940e-01 6.610150204824760678e-01 2.061902594446973214e-01 3.527537551206190360e-03 0.000000000000000000e+00
1.550000000000000000e+05 6.200037962149416160e-01 1.304050978607191602e-01 6.466772872098316416e-01 2.188211197086936677e-01 4.096495220755575623e-03 0.000000000000000000e+00
1.575000000000000000e+05 6.300038574442150541e-01 1.345015930814747462e-01 6.290395994538006130e-01 2.336140191169776836e-01 2.844788347746927612e-03 0.000000000000000000e+00
1.600000000000000000e+05 6.400039186734882701e-01 1.355257168866636219e-01 6.231224396904869733e-01 2.393035958124715423e-01 2.048247610377787811e-03 0.000000000000000000e+00
1.625000000000000000e+05 6.500039799027614862e-01 1.341602184797451025e-01 6.208466090122894965e-01 2.416932180245789652e-01 3.299954483386436255e-03 0.000000000000000000e+00
1.650000000000000000e+05 6.600040411320347022e-01 1.359808830223031284e-01 6.190259444697314706e-01 2.421483841602184717e-01 2.844788347746927612e-03 0.000000000000000000e+00
1.675000000000000000e+05 6.700041023613079183e-01 1.325671370050068298e-01 6.201638598088302645e-01 2.411242603550295960e-01 6.144742831133363434e-03 0.000000000000000000e+00
1.700000000000000000e+05 6.800041635905811344e-01 1.332498862084660896e-01 6.198224852071005930e-01 2.413518434228493492e-01 5.575785161583977738e-03 0.000000000000000000e+00
1.725000000000000000e+05 6.900042248198545725e-01 1.550978607191624836e-01 7.308830223031406170e-01 1.101502048247610388e-01 3.868912152935821518e-03 0.000000000000000000e+00
1.750000000000000000e+05 7.000042860491277885e-01 1.367774237596722786e-01 8.198680018206645492e-01 4.153390987710514626e-02 1.820664542558033706e-03 0.000000000000000000e+00
1.775000000000000000e+05 7.100043472784010046e-01 1.381429221665907980e-01 8.042785616750113276e-01 5.621301775147929253e-02 1.365498406918525280e-03 0.000000000000000000e+00
1.800000000000000000e+05 7.200044085076742206e-01 1.360946745562130189e-01 7.926718252162039402e-01 6.986800182066454923e-02 1.365498406918525280e-03 0.000000000000000000e+00
1.825000000000000000e+05 7.300044697369474367e-01 1.350705507510241155e-01 7.847064178425124936e-01 7.760582612653618706e-02 2.617205279927173507e-03 0.000000000000000000e+00
1.850000000000000000e+05 7.400045309662208748e-01 1.392808375056895642e-01 7.478379608557123026e-01 1.098088302230314089e-01 3.072371415566681717e-03 0.000000000000000000e+00
1.875000000000000000e+05 7.500045921954940908e-01 1.422394173873463841e-01 7.344105598543468894e-01 1.206190259444697294e-01 2.730996813837050560e-03 0.000000000000000000e+00
1.900000000000000000e+05 7.600046534247673069e-01 1.480427856167501055e-01 7.016385980883022011e-01 1.481565771506599960e-01 2.162039144287664864e-03 0.000000000000000000e+00
1.925000000000000000e+05 7.700047146540405230e-01 1.521392808375056915e-01 6.516841147018661573e-01 1.934456076467910846e-01 2.730996813837050560e-03 0.000000000000000000e+00
1.950000000000000000e+05 7.800047758833137390e-01 1.507737824305871721e-01 6.524806554392352798e-01 1.949248975876194945e-01 1.820664542558033706e-03 0.000000000000000000e+00
1.975000000000000000e+05 7.900048371125869551e-01 1.532771961766044577e-01 6.909421939007738267e-01 1.523668639053254448e-01 3.413746017296313308e-03 0.000000000000000000e+00
2.000000000000000000e+05 8.000048983418603932e-01 1.312016385980883104e-01 8.538916704597178109e-01 1.046882111970869403e-02 4.437869822485207214e-03 0.000000000000000000e+00
2.025000000000000000e+05 8.100049595711336092e-01 1.238051888939462886e-01 8.590122894856622171e-01 1.456531634046426965e-02 2.617205279927173507e-03 0.000000000000000000e+00
2.050000000000000000e+05 8.200050208004068253e-01 1.259672280382339582e-01 8.576467910787437532e-01 1.422394173873463806e-02 2.162039144287664864e-03 0.000000000000000000e+00
2.075000000000000000e+05 8.300050820296800413e-01 1.288120163859808875e-01 8.511606736458807720e-01 1.832043695949021542e-02 1.706873008648156654e-03 0.000000000000000000e+00
2.100000000000000000e+05 8.400051432589532574e-01 1.594219390077378229e-01 7.142694583522986029e-01 1.241465634956759184e-01 2.162039144287664864e-03 0.000000000000000000e+00
2.125000000000000000e+05 8.500052044882264735e-01 1.598771051433773294e-01 7.254210286754665393e-01 1.114019116977696816e-01 3.299954483386436255e-03 0.000000000000000000e+00
2.150000000000000000e+05 8.600052657174999116e-01 1.554392353208921274e-01 6.925352753755120716e-01 1.487255348202093652e-01 3.299954483386436255e-03 0.000000000000000000e+00
2.175000000000000000e+05 8.700053269467731276e-01 1.573736913973600438e-01 6.921939007737824001e-01 1.484979517523896120e-01 1.934456076467910759e-03 0.000000000000000000e+00
2.200000000000000000e+05 8.800053881760463437e-01 1.569185252617205373e-01 6.903732362312243742e-01 1.497496586253982687e-01 2.958579881656804664e-03 0.000000000000000000e+00
2.225000000000000000e+05 8.900054494053195597e-01 1.570323167956304000e-01 6.869594902139281034e-01 1.525944469731451980e-01 3.413746017296313308e-03 0.000000000000000000e+00
2.250000000000000000e+05 9.000055106345927758e-01 1.568047337278106468e-01 6.858215748748293095e-01 1.549840691852526209e-01 2.389622212107419402e-03 0.000000000000000000e+00
2.275000000000000000e+05 9.100055718638662139e-01 1.639736003641329154e-01 6.743286299499317016e-01 1.591943559399180697e-01 2.503413746017296455e-03 0.000000000000000000e+00
2.300000000000000000e+05 9.200056330931394299e-01 1.704597177969958965e-01 5.979745106964041712e-01 2.269003186162949492e-01 4.665452890304961318e-03 0.000000000000000000e+00
2.325000000000000000e+05 9.300056943224126460e-01 1.695493855257168836e-01 5.884160218479744797e-01 2.366863905325443662e-01 5.348202093764223633e-03 0.000000000000000000e+00
2.350000000000000000e+05 9.400057555516858621e-01 1.753527537551206328e-01 5.603095129722348577e-01 2.598998634501593075e-01 4.437869822485207214e-03 0.000000000000000000e+00
2.375000000000000000e+05 9.500058167809590781e-01 1.725079654073737034e-01 5.566681838871188059e-01 2.669549385525716856e-01 3.868912152935821518e-03 0.000000000000000000e+00
2.400000000000000000e+05 9.600058780102322942e-01 1.760355029585798925e-01 5.349340009103322746e-01 2.825443786982248517e-01 6.486117432862995025e-03 0.000000000000000000e+00
2.425000000000000000e+05 9.700059392395057323e-01 1.793354574419663283e-01 5.242375967228037892e-01 2.913063268092853653e-01 5.120619025944469528e-03 0.000000000000000000e+00
2.450000000000000000e+05 9.800060004687789483e-01 1.847974510696404060e-01 5.018206645425580259e-01 3.096267637687756258e-01 3.755120619025944465e-03 0.000000000000000000e+00
2.475000000000000000e+05 9.900060616980521644e-01 1.893491124260354985e-01 4.914656349567592120e-01 3.150887573964497035e-01 4.096495220755575623e-03 0.000000000000000000e+00
2.500000000000000000e+05 1.000006122927325602e+00 2.024351388256713791e-01 4.501593081474738467e-01 3.400091033227127801e-01 7.396449704142011444e-03 0.000000000000000000e+00
