# itime ezz other fcc hcp bcc ico
0.000000000000000000e+00 0.000000000000000000e+00 0.000000000000000000e+00 1.000000000000000000e+00 0.000000000000000000e+00 0.000000000000000000e+00 0.000000000000000000e+00
2.500000000000000000e+02 9.999803508156102083e-04 0.000000000000000000e+00 1.000000000000000000e+00 0.000000000000000000e+00 0.000000000000000000e+00 0.000000000000000000e+00
5.000000000000000000e+02 1.999960701631442461e-03 0.000000000000000000e+00 1.000000000000000000e+00 0.000000000000000000e+00 0.000000000000000000e+00 0.000000000000000000e+00
7.500000000000000000e+02 2.999941052447052670e-03 0.000000000000000000e+00 1.000000000000000000e+00 0.000000000000000000e+00 0.000000000000000000e+00 0.000000000000000000e+00
1.000000000000000000e+03 3.999921403262662878e-03 0.000000000000000000e+00 1.000000000000000000e+00 0.000000000000000000e+00 0.000000000000000000e+00 0.000000000000000000e+00
1.250000000000000000e+03 4.999901754078273086e-03 0.000000000000000000e+00 1.000000000000000000e+00 0.000000000000000000e+00 0.000000000000000000e+00 0.000000000000000000e+00
1.500000000000000000e+03 5.999882104894105339e-03 0.000000000000000000e+00 1.000000000000000000e+00 0.000000000000000000e+00 0.000000000000000000e+00 0.000000000000000000e+00
1.750000000000000000e+03 6.999862455709715547e-03 0.000000000000000000e+00 1.000000000000000000e+00 0.000000000000000000e+00 0.000000000000000000e+00 0.000000000000000000e+00
2.000000000000000000e+03 7.999842806525325756e-03 0.000000000000000000e+00 1.000000000000000000e+00 0.000000000000000000e+00 0.000000000000000000e+00 0.000000000000000000e+00
2.250000000000000000e+03 8.999823157340935964e-03 0.000000000000000000e+00 1.000000000000000000e+00 0.000000000000000000e+00 0.000000000000000000e+00 0.000000000000000000e+00
2.500000000000000000e+03 9.999803508156768217e-03 0.000000000000000000e+00 1.000000000000000000e+00 0.000000000000000000e+00 0.000000000000000000e+00 0.000000000000000000e+00
2.750000000000000000e+03 1.099978385897237843e-02 0.000000000000000000e+00 1.000000000000000000e+00 0.000000000000000000e+00 0.000000000000000000e+00 0.000000000000000000e+00
3.000000000000000000e+03 1.199976420978798863e-02 0.000000000000000000e+00 1.000000000000000000e+00 0.000000000000000000e+00 0.000000000000000000e+00 0.000000000000000000e+00
3.250000000000000000e+03 1.299974456060359884e-02 0.000000000000000000e+00 1.000000000000000000e+00 0.000000000000000000e+00 0.000000000000000000e+00 0.000000000000000000e+00
3.500000000000000000e+03 1.399972491141943109e-02 0.000000000000000000e+00 1.000000000000000000e+00 0.000000000000000000e+00 0.000000000000000000e+00 0.000000000000000000e+00
3.750000000000000000e+03 1.499970526223504130e-02 0.000000000000000000e+00 1.000000000000000000e+00 0.000000000000000000e+00 0.000000000000000000e+00 0.000000000000000000e+00
4.000000000000000000e+03 1.599968561305065151e-02 0.000000000000000000e+00 1.000000000000000000e+00 0.000000000000000000e+00 0.000000000000000000e+00 0.000000000000000000e+00
4.250000000000000000e+03 1.699966596386626172e-02 0.000000000000000000e+00 1.000000000000000000e+00 0.000000000000000000e+00 0.000000000000000000e+00 0.000000000000000000e+00
4.500000000000000000e+03 1.799964631468209397e-02 0.000000000000000000e+00 1.000000000000000000e+00 0.000000000000000000e+00 0.000000000000000000e+00 0.000000000000000000e+00
4.750000000000000000e+03 1.899962666549770418e-02 0.000000000000000000e+00 1.000000000000000000e+00 0.000000000000000000e+00 0.000000000000000000e+00 0.000000000000000000e+00
5.000000000000000000e+03 1.999960701631331439e-02 0.000000000000000000e+00 1.000000000000000000e+00 0.000000000000000000e+00 0.000000000000000000e+00 0.000000000000000000e+00
5.250000000000000000e+03 2.099958736712892460e-02 0.000000000000000000e+00 1.000000000000000000e+00 0.000000000000000000e+00 0.000000000000000000e+00 0.000000000000000000e+00
5.500000000000000000e+03 2.199956771794475685e-02 0.000000000000000000e+00 1.000000000000000000e+00 0.000000000000000000e+00 0.000000000000000000e+00 0.000000000000000000e+00
5.750000000000000000e+03 2.299954806876036706e-02 0.000000000000000000e+00 1.000000000000000000e+00 0.000000000000000000e+00 0.000000000000000000e+00 0.000000000000000000e+00
6.000000000000000000e+03 2.399952841957597727e-02 0.000000000000000000e+00 1.000000000000000000e+00 0.000000000000000000e+00 0.000000000000000000e+00 0.000000000000000000e+00
6.250000000000000000e+03 2.499950877039158748e-02 0.000000000000000000e+00 1.000000000000000000e+00 0.000000000000000000e+00 0.000000000000000000e+00 0.000000000000000000e+00
6.500000000000000000e+03 2.599948912120741973e-02 0.000000000000000000e+00 1.000000000000000000e+00 0.000000000000000000e+00 0.000000000000000000e+00 0.000000000000000000e+00
6.750000000000000000e+03 2.699946947202302994e-02 0.000000000000000000e+00 1.000000000000000000e+00 0.000000000000000000e+00 0.000000000000000000e+00 0.000000000000000000e+00
7.000000000000000000e+03 2.799944982283864015e-02 0.000000000000000000e+00 1.000000000000000000e+00 0.000000000000000000e+00 0.000000000000000000e+00 0.000000000000000000e+00
7.250000000000000000e+03 2.899943017365425035e-02 0.000000000000000000e+00 1.000000000000000000e+00 0.000000000000000000e+00 0.000000000000000000e+00 0.000000000000000000e+00
7.500000000000000000e+03 2.999941052447008261e-02 0.000000000000000000e+00 1.000000000000000000e+00 0.000000000000000000e+00 0.000000000000000000e+00 0.000000000000000000e+00
7.750000000000000000e+03 3.099939087528569281e-02 0.000000000000000000e+00 1.000000000000000000e+00 0.000000000000000000e+00 0.000000000000000000e+00 0.000000000000000000e+00
8.000000000000000000e+03 3.199937122610130302e-02 0.000000000000000000e+00 1.000000000000000000e+00 0.000000000000000000e+00 0.000000000000000000e+00 0.000000000000000000e+00
8.250000000000000000e+03 3.299935157691691323e-02 0.000000000000000000e+00 1.000000000000000000e+00 0.000000000000000000e+00 0.000000000000000000e+00 0.000000000000000000e+00
8.500000000000000000e+03 3.399933192773274548e-02 0.000000000000000000e+00 1.000000000000000000e+00 0.000000000000000000e+00 0.000000000000000000e+00 0.000000000000000000e+00
8.750000000000000000e+03 3.499931227854835569e-02 0.000000000000000000e+00 1.000000000000000000e+00 0.000000000000000000e+00 0.000000000000000000e+00 0.000000000000000000e+00
9.000000000000000000e+03 3.599929262936396590e-02 0.000000000000000000e+00 1.000000000000000000e+00 0.000000000000000000e+00 0.000000000000000000e+00 0.000000000000000000e+00
9.250000000000000000e+03 3.699927298017957611e-02 0.000000000000000000e+00 1.000000000000000000e+00 0.000000000000000000e+00 0.000000000000000000e+00 0.000000000000000000e+00
9.500000000000000000e+03 3.799925333099540836e-02 0.000000000000000000e+00 1.000000000000000000e+00 0.000000000000000000e+00 0.000000000000000000e+00 0.000000000000000000e+00
9.750000000000000000e+03 3.899923368181101857e-02 0.000000000000000000e+00 1.000000000000000000e+00 0.000000000000000000e+00 0.000000000000000000e+00 0.000000000000000000e+00
1.000000000000000000e+04 3.999921403262662878e-02 0.000000000000000000e+00 1.000000000000000000e+00 0.000000000000000000e+00 0.000000000000000000e+00 0.000000000000000000e+00
1.025000000000000000e+04 4.099919438344223899e-02 0.000000000000000000e+00 1.000000000000000000e+00 0.000000000000000000e+00 0.000000000000000000e+00 0.000000000000000000e+00
1.050000000000000000e+04 4.199917473425807124e-02 0.000000000000000000e+00 1.000000000000000000e+00 0.000000000000000000e+00 0.000000000000000000e+00 0.000000000000000000e+00
1.075000000000000000e+04 4.299915508507368145e-02 0.000000000000000000e+00 1.000000000000000000e+00 0.000000000000000000e+00 0.000000000000000000e+00 0.000000000000000000e+00
1.100000000000000000e+04 4.399913543588929166e-02 0.000000000000000000e+00 1.000000000000000000e+00 0.000000000000000000e+00 0.000000000000000000e+00 0.000000000000000000e+00
1.125000000000000000e+04 4.499911578670490186e-02 0.000000000000000000e+00 1.000000000000000000e+00 0.000000000000000000e+00 0.000000000000000000e+00 0.000000000000000000e+00
1.150000000000000000e+04 4.599909613752073412e-02 0.000000000000000000e+00 1.000000000000000000e+00 0.000000000000000000e+00 0.000000000000000000e+00 0.000000000000000000e+00
1.175000000000000000e+04 4.699907648833634433e-02 0.000000000000000000e+00 1.000000000000000000e+00 0.000000000000000000e+00 0.000000000000000000e+00 0.000000000000000000e+00
1.200000000000000000e+04 4.799905683915195453e-02 0.000000000000000000e+00 1.000000000000000000e+00 0.000000000000000000e+00 0.000000000000000000e+00 0.000000000000000000e+00
1.225000000000000000e+04 4.899903718996756474e-02 0.000000000000000000e+00 1.000000000000000000e+00 0.000000000000000000e+00 0.000000000000000000e+00 0.000000000000000000e+00
1.250000000000000000e+04 4.999901754078339700e-02 0.000000000000000000e+00 1.000000000000000000e+00 0.000000000000000000e+00 0.000000000000000000e+00 0.000000000000000000e+00
1.275000000000000000e+04 5.099899789159900720e-02 0.000000000000000000e+00 1.000000000000000000e+00 0.000000000000000000e+00 0.000000000000000000e+00 0.000000000000000000e+00
1.300000000000000000e+04 5.199897824241461741e-02 4.551661356395084266e-04 9.995448338643604380e-01 0.000000000000000000e+00 0.000000000000000000e+00 0.000000000000000000e+00
1.325000000000000000e+04 5.299895859323044967e-02 0.000000000000000000e+00 1.000000000000000000e+00 0.000000000000000000e+00 0.000000000000000000e+00 0.000000000000000000e+00
1.350000000000000000e+04 5.399893894404605987e-02 0.000000000000000000e+00 1.000000000000000000e+00 0.000000000000000000e+00 0.000000000000000000e+00 0.000000000000000000e+00
1.375000000000000000e+04 5.499891929486167008e-02 0.000000000000000000e+00 1.000000000000000000e+00 0.000000000000000000e+00 0.000000000000000000e+00 0.000000000000000000e+00
1.400000000000000000e+04 5.599889964567728029e-02 0.000000000000000000e+00 1.000000000000000000e+00 0.000000000000000000e+00 0.000000000000000000e+00 0.000000000000000000e+00
1.425000000000000000e+04 5.699887999649311254e-02 0.000000000000000000e+00 1.000000000000000000e+00 0.000000000000000000e+00 0.000000000000000000e+00 0.000000000000000000e+00
1.450000000000000000e+04 5.799886034730872275e-02 0.000000000000000000e+00 1.000000000000000000e+00 0.000000000000000000e+00 0.000000000000000000e+00 0.000000000000000000e+00
1.475000000000000000e+04 5.899884069812433296e-02 0.000000000000000000e+00 1.000000000000000000e+00 0.000000000000000000e+00 0.000000000000000000e+00 0.000000000000000000e+00
1.500000000000000000e+04 5.999882104893994317e-02 0.000000000000000000e+00 1.000000000000000000e+00 0.000000000000000000e+00 0.000000000000000000e+00 0.000000000000000000e+00
1.525000000000000000e+04 6.099880139975577542e-02 0.000000000000000000e+00 1.000000000000000000e+00 0.000000000000000000e+00 0.000000000000000000e+00 0.000000000000000000e+00
1.550000000000000000e+04 6.199878175057138563e-02 0.000000000000000000e+00 1.000000000000000000e+00 0.000000000000000000e+00 0.000000000000000000e+00 0.000000000000000000e+00
1.575000000000000000e+04 6.299876210138699584e-02 1.137915339098771066e-04 9.998862084660901095e-01 0.000000000000000000e+00 0.000000000000000000e+00 0.000000000000000000e+00
1.600000000000000000e+04 6.399874245220260605e-02 0.000000000000000000e+00 1.000000000000000000e+00 0.000000000000000000e+00 0.000000000000000000e+00 0.000000000000000000e+00
1.625000000000000000e+04 6.499872280301843830e-02 0.000000000000000000e+00 1.000000000000000000e+00 0.000000000000000000e+00 0.000000000000000000e+00 0.000000000000000000e+00
1.650000000000000000e+04 6.599870315383404851e-02 2.275830678197542133e-04 9.995448338643604380e-01 0.000000000000000000e+00 2.275830678197542133e-04 0.000000000000000000e+00
1.675000000000000000e+04 6.699868350464965872e-02 1.137915339098771066e-04 9.998862084660901095e-01 0.000000000000000000e+00 0.000000000000000000e+00 0.000000000000000000e+00
1.700000000000000000e+04 6.799866385546526892e-02 0.000000000000000000e+00 1.000000000000000000e+00 0.000000000000000000e+00 0.000000000000000000e+00 0.000000000000000000e+00
1.725000000000000000e+04 6.899864420628110118e-02 0.000000000000000000e+00 1.000000000000000000e+00 0.000000000000000000e+00 0.000000000000000000e+00 0.000000000000000000e+00
1.750000000000000000e+04 6.999862455709671138e-02 0.000000000000000000e+00 1.000000000000000000e+00 0.000000000000000000e+00 0.000000000000000000e+00 0.000000000000000000e+00
1.775000000000000000e+04 7.099860490791232159e-02 1.137915339098771066e-04 9.996586253982703285e-01 0.000000000000000000e+00 2.275830678197542133e-04 0.000000000000000000e+00
1.800000000000000000e+04 7.199858525872793180e-02 0.000000000000000000e+00 1.000000000000000000e+00 0.000000000000000000e+00 0.000000000000000000e+00 0.000000000000000000e+00
1.825000000000000000e+04 7.299856560954376405e-02 0.000000000000000000e+00 1.000000000000000000e+00 0.000000000000000000e+00 0.000000000000000000e+00 0.000000000000000000e+00
1.850000000000000000e+04 7.399854596035937426e-02 0.000000000000000000e+00 1.000000000000000000e+00 0.000000000000000000e+00 0.000000000000000000e+00 0.000000000000000000e+00
1.875000000000000000e+04 7.499852631117498447e-02 0.000000000000000000e+00 1.000000000000000000e+00 0.000000000000000000e+00 0.000000000000000000e+00 0.000000000000000000e+00
1.900000000000000000e+04 7.599850666199059468e-02 0.000000000000000000e+00 1.000000000000000000e+00 0.000000000000000000e+00 0.000000000000000000e+00 0.000000000000000000e+00
1.925000000000000000e+04 7.699848701280642693e-02 0.000000000000000000e+00 1.000000000000000000e+00 0.000000000000000000e+00 0.000000000000000000e+00 0.000000000000000000e+00
1.950000000000000000e+04 7.799846736362203714e-02 0.000000000000000000e+00 1.000000000000000000e+00 0.000000000000000000e+00 0.000000000000000000e+00 0.000000000000000000e+00
1.975000000000000000e+04 7.899844771443764735e-02 0.000000000000000000e+00 1.000000000000000000e+00 0.000000000000000000e+00 0.000000000000000000e+00 0.000000000000000000e+00
2.000000000000000000e+04 7.999842806525325756e-02 2.275830678197542133e-04 9.997724169321802190e-01 0.000000000000000000e+00 0.000000000000000000e+00 0.000000000000000000e+00
2.025000000000000000e+04 8.099840841606908981e-02 2.275830678197542133e-04 9.997724169321802190e-01 0.000000000000000000e+00 0.000000000000000000e+00 0.000000000000000000e+00
2.050000000000000000e+04 8.199838876688470002e-02 4.551661356395084266e-04 9.995448338643604380e-01 0.000000000000000000e+00 0.000000000000000000e+00 0.000000000000000000e+00
2.075000000000000000e+04 8.299836911770031023e-02 1.137915339098771066e-04 9.998862084660901095e-01 0.000000000000000000e+00 0.000000000000000000e+00 0.000000000000000000e+00
2.100000000000000000e+04 8.399834946851592044e-02 2.275830678197542133e-04 9.997724169321802190e-01 0.000000000000000000e+00 0.000000000000000000e+00 0.000000000000000000e+00
2.125000000000000000e+04 8.499832981933175269e-02 3.413746017296313199e-04 9.996586253982703285e-01 0.000000000000000000e+00 0.000000000000000000e+00 0.000000000000000000e+00
2.150000000000000000e+04 8.599831017014736290e-02 2.048247610377787811e-03 9.979517523896221931e-01 0.000000000000000000e+00 0.000000000000000000e+00 0.000000000000000000e+00
2.175000000000000000e+04 8.699829052096297310e-02 1.024123805188893906e-03 9.988620846609012061e-01 0.000000000000000000e+00 1.137915339098771066e-04 0.000000000000000000e+00
2.200000000000000000e+04 8.799827087177858331e-02 4.551661356395084266e-04 9.995448338643604380e-01 0.000000000000000000e+00 0.000000000000000000e+00 0.000000000000000000e+00
2.225000000000000000e+04 8.899825122259441557e-02 5.689576695493854790e-04 9.993172507965407680e-01 0.000000000000000000e+00 1.137915339098771066e-04 0.000000000000000000e+00
2.250000000000000000e+04 8.999823157341002577e-02 9.103322712790168532e-04 9.990896677287209870e-01 0.000000000000000000e+00 0.000000000000000000e+00 0.000000000000000000e+00
2.275000000000000000e+04 9.099821192422563598e-02 1.024123805188893906e-03 9.989758761948110966e-01 0.000000000000000000e+00 0.000000000000000000e+00 0.000000000000000000e+00
2.300000000000000000e+04 9.199819227504124619e-02 6.827492034592626399e-04 9.993172507965407680e-01 0.000000000000000000e+00 0.000000000000000000e+00 0.000000000000000000e+00
2.325000000000000000e+04 9.299817262585707844e-02 1.137915339098770958e-03 9.988620846609012061e-01 0.000000000000000000e+00 0.000000000000000000e+00 0.000000000000000000e+00
2.350000000000000000e+04 9.399815297667268865e-02 1.479289940828402332e-03 9.984069185252617551e-01 0.000000000000000000e+00 1.137915339098771066e-04 0.000000000000000000e+00
2.375000000000000000e+04 9.499813332748829886e-02 2.503413746017296455e-03 9.971552116522530707e-01 0.000000000000000000e+00 3.413746017296313199e-04 0.000000000000000000e+00
2.400000000000000000e+04 9.599811367830390907e-02 2.503413746017296455e-03 9.973827947200728516e-01 0.000000000000000000e+00 1.137915339098771066e-04 0.000000000000000000e+00
2.425000000000000000e+04 9.699809402911974132e-02 9.103322712790168532e-04 9.989758761948110966e-01 0.000000000000000000e+00 1.137915339098771066e-04 0.000000000000000000e+00
2.450000000000000000e+04 9.799807437993535153e-02 2.617205279927173507e-03 9.969276285844332897e-01 0.000000000000000000e+00 4.551661356395084266e-04 0.000000000000000000e+00
2.475000000000000000e+04 9.899805473075096174e-02 2.617205279927173507e-03 9.971552116522530707e-01 0.000000000000000000e+00 2.275830678197542133e-04 0.000000000000000000e+00
2.500000000000000000e+04 9.999803508156657195e-02 3.413746017296313308e-03 9.964724624487938387e-01 0.000000000000000000e+00 1.137915339098771066e-04 0.000000000000000000e+00
2.525000000000000000e+04 1.009980154323824042e-01 5.461993627674101119e-03 9.943104233045061413e-01 0.000000000000000000e+00 2.275830678197542133e-04 0.000000000000000000e+00
2.550000000000000000e+04 1.019979957831980144e-01 3.755120619025944465e-03 9.962448793809740577e-01 0.000000000000000000e+00 0.000000000000000000e+00 0.000000000000000000e+00
2.575000000000000000e+04 1.029979761340136246e-01 5.575785161583977738e-03 9.943104233045061413e-01 0.000000000000000000e+00 1.137915339098771066e-04 0.000000000000000000e+00
2.600000000000000000e+04 1.039979564848292348e-01 4.437869822485207214e-03 9.952207555757851543e-01 0.000000000000000000e+00 3.413746017296313199e-04 0.000000000000000000e+00
2.625000000000000000e+04 1.049979368356450671e-01 5.689576695493855224e-03 9.938552571688666903e-01 0.000000000000000000e+00 4.551661356395084266e-04 0.000000000000000000e+00
2.650000000000000000e+04 1.059979171864606773e-01 5.689576695493855224e-03 9.939690487027764698e-01 0.000000000000000000e+00 3.413746017296313199e-04 0.000000000000000000e+00
2.675000000000000000e+04 1.069978975372762875e-01 1.103777878925807886e-02 9.881656804733728316e-01 0.000000000000000000e+00 7.965407373691396923e-04 0.000000000000000000e+00
2.700000000000000000e+04 1.079978778880921197e-01 1.012744651797906244e-02 9.887346381429221731e-01 0.000000000000000000e+00 1.137915339098770958e-03 0.000000000000000000e+00
2.725000000000000000e+04 1.089978582389077300e-01 1.536185707783340945e-02 9.814519799726900695e-01 0.000000000000000000e+00 3.186162949476558769e-03 0.000000000000000000e+00
2.750000000000000000e+04 1.099978385897233402e-01 3.379608557123350149e-02 9.291078743741465473e-01 0.000000000000000000e+00 3.709604005461993731e-02 0.000000000000000000e+00
2.775000000000000000e+04 1.109978189405389504e-01 1.965179790623577671e-01 3.609467455621301890e-01 1.092398725534820224e-02 4.316112881201638607e-01 0.000000000000000000e+00
2.800000000000000000e+04 1.119977992913547826e-01 2.123350022758306865e-01 4.486800182066454368e-01 2.428311333636777314e-01 9.615384615384615918e-02 0.000000000000000000e+00
2.825000000000000000e+04 1.129977796421703928e-01 1.923076923076923184e-01 5.358443331816112876e-01 2.313381884387801513e-01 4.050978607191624975e-02 0.000000000000000000e+00
2.850000000000000000e+04 1.139977599929860030e-01 1.768320436959490149e-01 5.617888029130633232e-01 2.435138825671370189e-01 1.786527082385070547e-02 0.000000000000000000e+00
2.875000000000000000e+04 1.149977403438016132e-01 1.510013654984069253e-01 6.657942649066909135e-01 1.730769230769230727e-01 1.012744651797906244e-02 0.000000000000000000e+00
2.900000000000000000e+04 1.159977206946174455e-01 9.046426945835230049e-02 7.363450159308146947e-01 1.708010923987255403e-01 2.389622212107419402e-03 0.000000000000000000e+00
2.925000000000000000e+04 1.169977010454330557e-01 7.089212562585343880e-02 7.481793354574419741e-01 1.801319981793354508e-01 7.965407373691396923e-04 0.000000000000000000e+00
2.950000000000000000e+04 1.179976813962486659e-01 6.895766954938552240e-02 7.460172963131542767e-01 1.826354119253527641e-01 2.389622212107419402e-03 0.000000000000000000e+00
2.975000000000000000e+04 1.189976617470642761e-01 6.952662721893490549e-02 7.460172963131542767e-01 1.829767865270823801e-01 1.479289940828402332e-03 0.000000000000000000e+00
3.000000000000000000e+04 1.199976420978801084e-01 6.884387801547564578e-02 7.476103777878926326e-01 1.825216203914428736e-01 1.024123805188893906e-03 0.000000000000000000e+00
3.025000000000000000e+04 1.209976224486957186e-01 7.009558488848430247e-02 7.459035047792443862e-01 1.820664542558033672e-01 1.934456076467910759e-03 0.000000000000000000e+00
3.050000000000000000e+04 1.219976027995113288e-01 6.770596267637687959e-02 7.470414201183431802e-01 1.838871187983613931e-01 1.365498406918525280e-03 0.000000000000000000e+00
3.075000000000000000e+04 1.229975831503269390e-01 6.770596267637687959e-02 7.467000455166135087e-01 1.836595357305416398e-01 1.934456076467910759e-03 0.000000000000000000e+00
3.100000000000000000e+04 1.239975635011427713e-01 6.884387801547564578e-02 7.469276285844332897e-01 1.825216203914428736e-01 1.706873008648156654e-03 0.000000000000000000e+00
3.125000000000000000e+04 1.249975438519583815e-01 6.884387801547564578e-02 7.463586709148839482e-01 1.828629949931725174e-01 1.934456076467910759e-03 0.000000000000000000e+00
3.150000000000000000e+04 1.259975242027739917e-01 6.713700500682749650e-02 7.494310423304506585e-01 1.821802457897132577e-01 1.251706873008648227e-03 0.000000000000000000e+00
3.175000000000000000e+04 1.269975045535896019e-01 6.702321347291761988e-02 7.467000455166135087e-01 1.833181611288120239e-01 2.958579881656804664e-03 0.000000000000000000e+00
3.200000000000000000e+04 1.279974849044054341e-01 6.827492034592626269e-02 7.468138370505233992e-01 1.826354119253527641e-01 2.275830678197541916e-03 0.000000000000000000e+00
3.225000000000000000e+04 1.289974652552210443e-01 6.861629494765589254e-02 7.474965862539827421e-01 1.822940373236231204e-01 1.593081474738279385e-03 0.000000000000000000e+00
3.250000000000000000e+04 1.299974456060366546e-01 6.884387801547564578e-02 7.455621301775148257e-01 1.840009103322712836e-01 1.593081474738279385e-03 0.000000000000000000e+00
3.275000000000000000e+04 1.309974259568522648e-01 6.929904415111515226e-02 7.462448793809740577e-01 1.830905780609922706e-01 1.365498406918525280e-03 0.000000000000000000e+00
3.300000000000000000e+04 1.319974063076680970e-01 7.020937642239417908e-02 7.460172963131542767e-01 1.822940373236231204e-01 1.479289940828402332e-03 0.000000000000000000e+00
3.325000000000000000e+04 1.329973866584837072e-01 7.328174783796086167e-02 7.432862994993172379e-01 1.819526627218935044e-01 1.479289940828402332e-03 0.000000000000000000e+00
3.350000000000000000e+04 1.339973670092993174e-01 7.385070550751024476e-02 7.440828402366863603e-01 1.794492489758761911e-01 2.617205279927173507e-03 0.000000000000000000e+00
3.375000000000000000e+04 1.349973473601149276e-01 7.396449704142012138e-02 7.419208010923987739e-01 1.826354119253527641e-01 1.479289940828402332e-03 0.000000000000000000e+00
3.400000000000000000e+04 1.359973277109307599e-01 7.350933090578061491e-02 7.431725079654073474e-01 1.814974965862539702e-01 1.820664542558033706e-03 0.000000000000000000e+00
3.425000000000000000e+04 1.369973080617463701e-01 7.350933090578061491e-02 7.434000910332271284e-01 1.812699135184342170e-01 1.820664542558033706e-03 0.000000000000000000e+00
3.450000000000000000e+04 1.379972884125619803e-01 7.271279016841146470e-02 7.451069640418752638e-01 1.800182066454255880e-01 2.162039144287664864e-03 0.000000000000000000e+00
3.475000000000000000e+04 1.389972687633775905e-01 7.498862084660901095e-02 7.413518434228493215e-01 1.818388711879836139e-01 1.820664542558033706e-03 0.000000000000000000e+00
3.500000000000000000e+04 1.399972491141934228e-01 7.555757851615839404e-02 7.410104688211197610e-01 1.810423304506144637e-01 2.389622212107419402e-03 0.000000000000000000e+00
3.525000000000000000e+04 1.409972294650090330e-01 7.680928538916705073e-02 7.402139280837505275e-01 1.814974965862539702e-01 1.479289940828402332e-03 0.000000000000000000e+00
3.550000000000000000e+04 1.419972098158246432e-01 7.453345471096950448e-02 7.429449248975875664e-01 1.809285389167046010e-01 1.593081474738279385e-03 0.000000000000000000e+00
3.575000000000000000e+04 1.429971901666402534e-01 7.669549385525717411e-02 7.426035502958580059e-01 1.784251251706872876e-01 2.275830678197541916e-03 0.000000000000000000e+00
3.600000000000000000e+04 1.439971705174560856e-01 7.806099226217569353e-02 7.407828857532999800e-01 1.786527082385070686e-01 2.503413746017296455e-03 0.000000000000000000e+00
3.625000000000000000e+04 1.449971508682716959e-01 8.215748748293126569e-02 7.467000455166135087e-01 1.682976786527082269e-01 2.844788347746927612e-03 0.000000000000000000e+00
3.650000000000000000e+04 1.459971312190873061e-01 7.874374146563495325e-02 7.421483841602184439e-01 1.753527537551206328e-01 3.755120619025944465e-03 0.000000000000000000e+00
3.675000000000000000e+04 1.469971115699029163e-01 7.589895311788802390e-02 7.494310423304506585e-01 1.717114246700045532e-01 2.958579881656804664e-03 0.000000000000000000e+00
3.700000000000000000e+04 1.479970919207187485e-01 7.851615839781520001e-02 7.419208010923987739e-01 1.766044606281292617e-01 2.958579881656804664e-03 0.000000000000000000e+00
3.725000000000000000e+04 1.489970722715343587e-01 7.715065999089668058e-02 7.424897587619481154e-01 1.777423759672280279e-01 2.617205279927173507e-03 0.000000000000000000e+00
3.750000000000000000e+04 1.499970526223499689e-01 7.954028220300408958e-02 7.379380974055530507e-01 1.791078743741465751e-01 3.413746017296313308e-03 0.000000000000000000e+00
3.775000000000000000e+04 1.509970329731655792e-01 7.749203459262631044e-02 7.448793809740554828e-01 1.746700045516613453e-01 2.958579881656804664e-03 0.000000000000000000e+00
3.800000000000000000e+04 1.519970133239814114e-01 8.363677742375967561e-02 7.336140191169776559e-01 1.811561219845243542e-01 1.593081474738279385e-03 0.000000000000000000e+00
3.825000000000000000e+04 1.529969936747970216e-01 8.204369594902138907e-02 7.391898042785616241e-01 1.753527537551206328e-01 3.413746017296313308e-03 0.000000000000000000e+00
3.850000000000000000e+04 1.539969740256126318e-01 8.158852981338188259e-02 7.348657259899863403e-01 1.810423304506144637e-01 2.503413746017296455e-03 0.000000000000000000e+00
3.875000000000000000e+04 1.549969543764282420e-01 8.340919435593992237e-02 7.324761037778789730e-01 1.824078288575330109e-01 1.706873008648156654e-03 0.000000000000000000e+00
3.900000000000000000e+04 1.559969347272440743e-01 7.817478379608557015e-02 7.366863905325443662e-01 1.812699135184342170e-01 3.868912152935821518e-03 0.000000000000000000e+00
3.925000000000000000e+04 1.569969150780596845e-01 8.739189804278561791e-02 7.278106508875740177e-01 1.819526627218935044e-01 2.844788347746927612e-03 0.000000000000000000e+00
3.950000000000000000e+04 1.579968954288752947e-01 8.329540282203004575e-02 7.304278561675011661e-01 1.829767865270823801e-01 3.299954483386436255e-03 0.000000000000000000e+00
3.975000000000000000e+04 1.589968757796911270e-01 8.329540282203004575e-02 7.278106508875740177e-01 1.863905325443787064e-01 2.503413746017296455e-03 0.000000000000000000e+00
4.000000000000000000e+04 1.599968561305067372e-01 8.318161128812016913e-02 7.262175694128356618e-01 1.880974055530268418e-01 2.503413746017296455e-03 0.000000000000000000e+00
4.025000000000000000e+04 1.609968364813223474e-01 8.898497951752389057e-02 7.207555757851615841e-01 1.885525716886663761e-01 1.706873008648156654e-03 0.000000000000000000e+00
4.050000000000000000e+04 1.619968168321379576e-01 9.057806099226217711e-02 7.172280382339554228e-01 1.895766954938552518e-01 2.617205279927173507e-03 0.000000000000000000e+00
4.075000000000000000e+04 1.629967971829537898e-01 8.921256258534364381e-02 7.188211197086936677e-01 1.888939462903959920e-01 3.072371415566681717e-03 0.000000000000000000e+00
4.100000000000000000e+04 1.639967775337694000e-01 9.000910332271279402e-02 7.177969959035047642e-01 1.901456531634046487e-01 2.048247610377787811e-03 0.000000000000000000e+00
4.125000000000000000e+04 1.649967578845850102e-01 8.921256258534364381e-02 7.180245789713245452e-01 1.904870277651342647e-01 2.275830678197541916e-03 0.000000000000000000e+00
4.150000000000000000e+04 1.659967382354006205e-01 9.160218479745106668e-02 7.174556213017750927e-01 1.883249886208466228e-01 2.617205279927173507e-03 0.000000000000000000e+00
4.175000000000000000e+04 1.669967185862164527e-01 8.932635411925353430e-02 7.177969959035047642e-01 1.907146108329540179e-01 2.162039144287664864e-03 0.000000000000000000e+00
4.200000000000000000e+04 1.679966989370320629e-01 9.285389167045972336e-02 7.173418297678653133e-01 1.877560309512972259e-01 2.048247610377787811e-03 0.000000000000000000e+00
4.225000000000000000e+04 1.689966792878476731e-01 9.182976786527081992e-02 7.170004551661356418e-01 1.887801547564861293e-01 2.389622212107419402e-03 0.000000000000000000e+00
4.250000000000000000e+04 1.699966596386632833e-01 9.274010013654984674e-02 7.133591260810195900e-01 1.923076923076923184e-01 1.593081474738279385e-03 0.000000000000000000e+00
4.275000000000000000e+04 1.709966399894791156e-01 9.501593081474737912e-02 7.109695038689121116e-01 1.908284023668639084e-01 3.186162949476558769e-03 0.000000000000000000e+00
4.300000000000000000e+04 1.719966203402947258e-01 9.285389167045972336e-02 7.141556668183887124e-01 1.901456531634046487e-01 2.844788347746927612e-03 0.000000000000000000e+00
4.325000000000000000e+04 1.729966006911103360e-01 9.399180700955848955e-02 7.116522530723714546e-01 1.916249431042330587e-01 2.730996813837050560e-03 0.000000000000000000e+00
4.350000000000000000e+04 1.739965810419259462e-01 1.008192990441511144e-01 7.076695493855257313e-01 1.886663632225762388e-01 2.844788347746927612e-03 0.000000000000000000e+00
4.375000000000000000e+04 1.749965613927417785e-01 9.444697314519799602e-02 7.101729631315429891e-01 1.926490669094219343e-01 2.730996813837050560e-03 0.000000000000000000e+00
4.400000000000000000e+04 1.759965417435573887e-01 9.786071916249430847e-02 7.081247155211651823e-01 1.903732362312244020e-01 3.641329085116067413e-03 0.000000000000000000e+00
4.425000000000000000e+04 1.769965220943729989e-01 1.018434228493400040e-01 7.027765134274009950e-01 1.911697769685935244e-01 4.210286754665453109e-03 0.000000000000000000e+00
4.450000000000000000e+04 1.779965024451886091e-01 1.140191169776968577e-01 6.908284023668639362e-01 1.890077378243058825e-01 6.144742831133363434e-03 0.000000000000000000e+00
4.475000000000000000e+04 1.789964827960044413e-01 1.147018661811561174e-01 6.874146563495675544e-01 1.933318161128811941e-01 4.551661356395083832e-03 0.000000000000000000e+00
4.500000000000000000e+04 1.799964631468200515e-01 1.024123805188894010e-01 7.132453345471096995e-01 1.784251251706872876e-01 5.917159763313609329e-03 0.000000000000000000e+00
4.525000000000000000e+04 1.809964434976356618e-01 9.660901228948566566e-02 7.240555302685480754e-01 1.770596267637687682e-01 2.275830678197541916e-03 0.000000000000000000e+00
4.550000000000000000e+04 1.819964238484512720e-01 9.820209376422393832e-02 7.213245334547109255e-01 1.784251251706872876e-01 2.048247610377787811e-03 0.000000000000000000e+00
4.575000000000000000e+04 1.829964041992671042e-01 1.082157487482931224e-01 7.158625398270368478e-01 1.733045061447428259e-01 2.617205279927173507e-03 0.000000000000000000e+00
4.600000000000000000e+04 1.839963845500827144e-01 9.956759217114247162e-02 7.305416477014110566e-01 1.663632225762403383e-01 3.527537551206190360e-03 0.000000000000000000e+00
4.625000000000000000e+04 1.849963649008983246e-01 8.875739644970413733e-02 7.507965407373691225e-01 1.554392353208921274e-01 5.006827492034592909e-03 0.000000000000000000e+00
4.650000000000000000e+04 1.859963452517139348e-01 8.670914883932635819e-02 7.500000000000000000e-01 1.586253982703686727e-01 4.665452890304961318e-03 0.000000000000000000e+00
4.675000000000000000e+04 1.869963256025297671e-01 8.852981338188438409e-02 7.430587164314974569e-01 1.627218934911242587e-01 5.689576695493855224e-03 0.000000000000000000e+00
4.700000000000000000e+04 1.879963059533453773e-01 8.625398270368685172e-02 7.464724624487938387e-01 1.622667273554847522e-01 5.006827492034592909e-03 0.000000000000000000e+00
4.725000000000000000e+04 1.889962863041609875e-01 8.659535730541648157e-02 7.459035047792443862e-01 1.627218934911242587e-01 4.779244424214838804e-03 0.000000000000000000e+00
4.750000000000000000e+04 1.899962666549765977e-01 8.739189804278561791e-02 7.474965862539827421e-01 1.607874374146563423e-01 4.324078288575329727e-03 0.000000000000000000e+00
4.775000000000000000e+04 1.909962470057924300e-01 8.625398270368685172e-02 7.461310878470641672e-01 1.615839781520254925e-01 6.030951297223486815e-03 0.000000000000000000e+00
4.800000000000000000e+04 1.919962273566080402e-01 8.579881656804733137e-02 7.467000455166135087e-01 1.613563950842057393e-01 6.144742831133363434e-03 0.000000000000000000e+00
4.825000000000000000e+04 1.929962077074236504e-01 8.932635411925353430e-02 7.460172963131542767e-01 1.602184797451069731e-01 4.437869822485207214e-03 0.000000000000000000e+00
4.850000000000000000e+04 1.939961880582392606e-01 8.852981338188438409e-02 7.452207555757851543e-01 1.619253527537551085e-01 4.324078288575329727e-03 0.000000000000000000e+00
4.875000000000000000e+04 1.949961684090550929e-01 8.557123350022757813e-02 7.467000455166135087e-01 1.629494765589440120e-01 4.779244424214838804e-03 0.000000000000000000e+00
4.900000000000000000e+04 1.959961487598707031e-01 8.375056895766955223e-02 7.485207100591716456e-01 1.631770596267637652e-01 4.551661356395083832e-03 0.000000000000000000e+00
4.925000000000000000e+04 1.969961291106863133e-01 8.682294037323623481e-02 7.461310878470641672e-01 1.623805188893946427e-01 4.665452890304961318e-03 0.000000000000000000e+00
4.950000000000000000e+04 1.979961094615019235e-01 8.796085571233500100e-02 7.440828402366863603e-01 1.644287664997724219e-01 3.527537551206190360e-03 0.000000000000000000e+00
4.975000000000000000e+04 1.989960898123177557e-01 8.579881656804733137e-02 7.448793809740554828e-01 1.638598088302230249e-01 5.461993627674101119e-03 0.000000000000000000e+00
5.000000000000000000e+04 1.999960701631333659e-01 8.614019116977697510e-02 7.443104233045061413e-01 1.649977241693217911e-01 4.551661356395083832e-03 0.000000000000000000e+00
5.025000000000000000e+04 2.009960505139489761e-01 8.807464724624487762e-02 7.451069640418752638e-01 1.621529358215748617e-01 4.665452890304961318e-03 0.000000000000000000e+00
5.050000000000000000e+04 2.019960308647645864e-01 8.852981338188438409e-02 7.432862994993172379e-01 1.644287664997724219e-01 3.755120619025944465e-03 0.000000000000000000e+00
5.075000000000000000e+04 2.029960112155804186e-01 8.875739644970413733e-02 7.407828857532999800e-01 1.663632225762403383e-01 4.096495220755575623e-03 0.000000000000000000e+00
5.100000000000000000e+04 2.039959915663960288e-01 8.921256258534364381e-02 7.414656349567592120e-01 1.654528903049612976e-01 3.868912152935821518e-03 0.000000000000000000e+00
5.125000000000000000e+04 2.049959719172116390e-01 9.057806099226217711e-02 7.389622212107419541e-01 1.659080564406008318e-01 4.551661356395083832e-03 0.000000000000000000e+00
5.150000000000000000e+04 2.059959522680272492e-01 9.012289485662267063e-02 7.341829767865271084e-01 1.690942193900773771e-01 6.599908966772872511e-03 0.000000000000000000e+00
5.175000000000000000e+04 2.069959326188430815e-01 9.171597633136094330e-02 7.307692307692307265e-01 1.717114246700045532e-01 5.803368229403732710e-03 0.000000000000000000e+00
5.200000000000000000e+04 2.079959129696586917e-01 9.160218479745106668e-02 7.309968138370505075e-01 1.712562585343650468e-01 6.144742831133363434e-03 0.000000000000000000e+00
5.225000000000000000e+04 2.089958933204743019e-01 9.308147473827947660e-02 7.302002730996813851e-01 1.715976331360946627e-01 5.120619025944469528e-03 0.000000000000000000e+00
5.250000000000000000e+04 2.099958736712901342e-01 9.148839326354119006e-02 7.280382339553936877e-01 1.743286299499317293e-01 6.144742831133363434e-03 0.000000000000000000e+00
5.275000000000000000e+04 2.109958540221057444e-01 9.262630860263997012e-02 7.302002730996813851e-01 1.720527992717341692e-01 5.120619025944469528e-03 0.000000000000000000e+00
5.300000000000000000e+04 2.119958343729213546e-01 9.410559854346836617e-02 7.270141101502047842e-01 1.738734638142922229e-01 5.006827492034592909e-03 0.000000000000000000e+00
5.325000000000000000e+04 2.129958147237369648e-01 9.274010013654984674e-02 7.278106508875740177e-01 1.739872553482020856e-01 5.461993627674101119e-03 0.000000000000000000e+00
5.350000000000000000e+04 2.139957950745527970e-01 9.569868001820663883e-02 7.195038689121528996e-01 1.786527082385070686e-01 6.144742831133363434e-03 0.000000000000000000e+00
5.375000000000000000e+04 2.149957754253684072e-01 9.797451069640418508e-02 7.176832043695948737e-01 1.781975421028675344e-01 6.144742831133363434e-03 0.000000000000000000e+00
5.400000000000000000e+04 2.159957557761840174e-01 1.008192990441511144e-01 7.040282203004096795e-01 1.879836140191169791e-01 7.168866636322257339e-03 0.000000000000000000e+00
5.425000000000000000e+04 2.169957361269996277e-01 1.049157942649066866e-01 6.912835685025033872e-01 1.957214383249886169e-01 8.079198907601274626e-03 0.000000000000000000e+00
5.450000000000000000e+04 2.179957164778154599e-01 1.015020482476103741e-01 6.961766044606281234e-01 1.926490669094219343e-01 9.672280382339554228e-03 0.000000000000000000e+00
5.475000000000000000e+04 2.189956968286310701e-01 1.078743741465634925e-01 6.893491124260354708e-01 1.965179790623577671e-01 6.258534365043240920e-03 0.000000000000000000e+00
5.500000000000000000e+04 2.199956771794466803e-01 1.183431952662721831e-01 6.745562130177514826e-01 2.036868456986800080e-01 3.413746017296313308e-03 0.000000000000000000e+00
5.525000000000000000e+04 2.209956575302622905e-01 1.321119708693673234e-01 6.808147473827946827e-01 1.802457897132453413e-01 6.827492034592626616e-03 0.000000000000000000e+00
5.550000000000000000e+04 2.219956378810781228e-01 1.232362312243969055e-01 6.800182066454255603e-01 1.895766954938552518e-01 7.168866636322257339e-03 0.000000000000000000e+00
5.575000000000000000e+04 2.229956182318937330e-01 1.232362312243969055e-01 6.772872098315885214e-01 1.937869822485207005e-01 5.689576695493855224e-03 0.000000000000000000e+00
5.600000000000000000e+04 2.239955985827093432e-01 1.226672735548475224e-01 6.766044606281292895e-01 1.965179790623577671e-01 4.210286754665453109e-03 0.000000000000000000e+00
5.625000000000000000e+04 2.249955789335249534e-01 1.230086481565771522e-01 6.803595812471552318e-01 1.909421939007737712e-01 5.689576695493855224e-03 0.000000000000000000e+00
5.650000000000000000e+04 2.259955592843407857e-01 1.175466545289030468e-01 6.989076012744651623e-01 1.780837505689576716e-01 5.461993627674101119e-03 0.000000000000000000e+00
5.675000000000000000e+04 2.269955396351563959e-01 1.209604005461993592e-01 7.110832954028220021e-01 1.630632680928539024e-01 4.893035958124715423e-03 0.000000000000000000e+00
