# itime ezz other fcc hcp bcc ico
0.000000000000000000e+00 0.000000000000000000e+00 0.000000000000000000e+00 1.000000000000000000e+00 0.000000000000000000e+00 0.000000000000000000e+00 0.000000000000000000e+00
5.000000000000000000e+02 1.999978410336833434e-03 0.000000000000000000e+00 1.000000000000000000e+00 0.000000000000000000e+00 0.000000000000000000e+00 0.000000000000000000e+00
1.000000000000000000e+03 3.999956820673666869e-03 0.000000000000000000e+00 1.000000000000000000e+00 0.000000000000000000e+00 0.000000000000000000e+00 0.000000000000000000e+00
1.500000000000000000e+03 5.999935231010500303e-03 0.000000000000000000e+00 1.000000000000000000e+00 0.000000000000000000e+00 0.000000000000000000e+00 0.000000000000000000e+00
2.000000000000000000e+03 7.999913641347111692e-03 0.000000000000000000e+00 1.000000000000000000e+00 0.000000000000000000e+00 0.000000000000000000e+00 0.000000000000000000e+00
2.500000000000000000e+03 9.999892051683945127e-03 0.000000000000000000e+00 1.000000000000000000e+00 0.000000000000000000e+00 0.000000000000000000e+00 0.000000000000000000e+00
3.000000000000000000e+03 1.199987046202077856e-02 0.000000000000000000e+00 1.000000000000000000e+00 0.000000000000000000e+00 0.000000000000000000e+00 0.000000000000000000e+00
3.500000000000000000e+03 1.399984887235761200e-02 0.000000000000000000e+00 1.000000000000000000e+00 0.000000000000000000e+00 0.000000000000000000e+00 0.000000000000000000e+00
4.000000000000000000e+03 1.599982728269444543e-02 0.000000000000000000e+00 1.000000000000000000e+00 0.000000000000000000e+00 0.000000000000000000e+00 0.000000000000000000e+00
4.500000000000000000e+03 1.799980569303127886e-02 0.000000000000000000e+00 1.000000000000000000e+00 0.000000000000000000e+00 0.000000000000000000e+00 0.000000000000000000e+00
5.000000000000000000e+03 1.999978410336811230e-02 0.000000000000000000e+00 1.000000000000000000e+00 0.000000000000000000e+00 0.000000000000000000e+00 0.000000000000000000e+00
5.500000000000000000e+03 2.199976251370472369e-02 0.000000000000000000e+00 1.000000000000000000e+00 0.000000000000000000e+00 0.000000000000000000e+00 0.000000000000000000e+00
6.000000000000000000e+03 2.399974092404155712e-02 0.000000000000000000e+00 1.000000000000000000e+00 0.000000000000000000e+00 0.000000000000000000e+00 0.000000000000000000e+00
6.500000000000000000e+03 2.599971933437839056e-02 0.000000000000000000e+00 1.000000000000000000e+00 0.000000000000000000e+00 0.000000000000000000e+00 0.000000000000000000e+00
7.000000000000000000e+03 2.799969774471522399e-02 0.000000000000000000e+00 1.000000000000000000e+00 0.000000000000000000e+00 0.000000000000000000e+00 0.000000000000000000e+00
7.500000000000000000e+03 2.999967615505205742e-02 0.000000000000000000e+00 1.000000000000000000e+00 0.000000000000000000e+00 0.000000000000000000e+00 0.000000000000000000e+00
8.000000000000000000e+03 3.199965456538889086e-02 0.000000000000000000e+00 1.000000000000000000e+00 0.000000000000000000e+00 0.000000000000000000e+00 0.000000000000000000e+00
8.500000000000000000e+03 3.399963297572572429e-02 0.000000000000000000e+00 1.000000000000000000e+00 0.000000000000000000e+00 0.000000000000000000e+00 0.000000000000000000e+00
9.000000000000000000e+03 3.599961138606233568e-02 0.000000000000000000e+00 1.000000000000000000e+00 0.000000000000000000e+00 0.000000000000000000e+00 0.000000000000000000e+00
9.500000000000000000e+03 3.799958979639916912e-02 0.000000000000000000e+00 1.000000000000000000e+00 0.000000000000000000e+00 0.000000000000000000e+00 0.000000000000000000e+00
1.000000000000000000e+04 3.999956820673600255e-02 0.000000000000000000e+00 1.000000000000000000e+00 0.000000000000000000e+00 0.000000000000000000e+00 0.000000000000000000e+00
1.050000000000000000e+04 4.199954661707283599e-02 0.000000000000000000e+00 1.000000000000000000e+00 0.000000000000000000e+00 0.000000000000000000e+00 0.000000000000000000e+00
1.100000000000000000e+04 4.399952502740966942e-02 0.000000000000000000e+00 1.000000000000000000e+00 0.000000000000000000e+00 0.000000000000000000e+00 0.000000000000000000e+00
1.150000000000000000e+04 4.599950343774650285e-02 0.000000000000000000e+00 1.000000000000000000e+00 0.000000000000000000e+00 0.000000000000000000e+00 0.000000000000000000e+00
1.200000000000000000e+04 4.799948184808333629e-02 0.000000000000000000e+00 1.000000000000000000e+00 0.000000000000000000e+00 0.000000000000000000e+00 0.000000000000000000e+00
1.250000000000000000e+04 4.999946025841994768e-02 0.000000000000000000e+00 1.000000000000000000e+00 0.000000000000000000e+00 0.000000000000000000e+00 0.000000000000000000e+00
1.300000000000000000e+04 5.199943866875678111e-02 0.000000000000000000e+00 1.000000000000000000e+00 0.000000000000000000e+00 0.000000000000000000e+00 0.000000000000000000e+00
1.350000000000000000e+04 5.399941707909361455e-02 0.000000000000000000e+00 1.000000000000000000e+00 0.000000000000000000e+00 0.000000000000000000e+00 0.000000000000000000e+00
1.400000000000000000e+04 5.599939548943044798e-02 0.000000000000000000e+00 1.000000000000000000e+00 0.000000000000000000e+00 0.000000000000000000e+00 0.000000000000000000e+00
1.450000000000000000e+04 5.799937389976728142e-02 0.000000000000000000e+00 1.000000000000000000e+00 0.000000000000000000e+00 0.000000000000000000e+00 0.000000000000000000e+00
1.500000000000000000e+04 5.999935231010411485e-02 0.000000000000000000e+00 1.000000000000000000e+00 0.000000000000000000e+00 0.000000000000000000e+00 0.000000000000000000e+00
1.550000000000000000e+04 6.199933072044072624e-02 3.413746017296313199e-04 9.995448338643604380e-01 0.000000000000000000e+00 1.137915339098771066e-04 0.000000000000000000e+00
1.600000000000000000e+04 6.399930913077755967e-02 0.000000000000000000e+00 1.000000000000000000e+00 0.000000000000000000e+00 0.000000000000000000e+00 0.000000000000000000e+00
1.650000000000000000e+04 6.599928754111439311e-02 0.000000000000000000e+00 1.000000000000000000e+00 0.000000000000000000e+00 0.000000000000000000e+00 0.000000000000000000e+00
1.700000000000000000e+04 6.799926595145122654e-02 1.137915339098771066e-04 9.997724169321802190e-01 0.000000000000000000e+00 1.137915339098771066e-04 0.000000000000000000e+00
1.750000000000000000e+04 6.999924436178805998e-02 4.551661356395084266e-04 9.995448338643604380e-01 0.000000000000000000e+00 0.000000000000000000e+00 0.000000000000000000e+00
1.800000000000000000e+04 7.199922277212489341e-02 1.137915339098771066e-04 9.998862084660901095e-01 0.000000000000000000e+00 0.000000000000000000e+00 0.000000000000000000e+00
1.850000000000000000e+04 7.399920118246172684e-02 0.000000000000000000e+00 1.000000000000000000e+00 0.000000000000000000e+00 0.000000000000000000e+00 0.000000000000000000e+00
1.900000000000000000e+04 7.599917959279833823e-02 1.137915339098771066e-04 9.998862084660901095e-01 0.000000000000000000e+00 0.000000000000000000e+00 0.000000000000000000e+00
1.950000000000000000e+04 7.799915800313517167e-02 6.827492034592626399e-04 9.992034592626308775e-01 0.000000000000000000e+00 1.137915339098771066e-04 0.000000000000000000e+00
2.000000000000000000e+04 7.999913641347200510e-02 0.000000000000000000e+00 1.000000000000000000e+00 0.000000000000000000e+00 0.000000000000000000e+00 0.000000000000000000e+00
2.050000000000000000e+04 8.199911482380883854e-02 4.551661356395084266e-04 9.995448338643604380e-01 0.000000000000000000e+00 0.000000000000000000e+00 0.000000000000000000e+00
2.100000000000000000e+04 8.399909323414567197e-02 4.551661356395084266e-04 9.995448338643604380e-01 0.000000000000000000e+00 0.000000000000000000e+00 0.000000000000000000e+00
2.150000000000000000e+04 8.599907164448250541e-02 5.689576695493854790e-04 9.994310423304506585e-01 0.000000000000000000e+00 0.000000000000000000e+00 0.000000000000000000e+00
2.200000000000000000e+04 8.799905005481933884e-02 2.275830678197542133e-04 9.997724169321802190e-01 0.000000000000000000e+00 0.000000000000000000e+00 0.000000000000000000e+00
2.250000000000000000e+04 8.999902846515595023e-02 9.103322712790168532e-04 9.990896677287209870e-01 0.000000000000000000e+00 0.000000000000000000e+00 0.000000000000000000e+00
2.300000000000000000e+04 9.199900687549278366e-02 7.965407373691396923e-04 9.992034592626308775e-01 0.000000000000000000e+00 0.000000000000000000e+00 0.000000000000000000e+00
2.350000000000000000e+04 9.399898528582961710e-02 1.365498406918525280e-03 9.986345015930814251e-01 0.000000000000000000e+00 0.000000000000000000e+00 0.000000000000000000e+00
2.400000000000000000e+04 9.599896369616645053e-02 1.593081474738279385e-03 9.982931269913518646e-01 0.000000000000000000e+00 1.137915339098771066e-04 0.000000000000000000e+00
2.450000000000000000e+04 9.799894210650328397e-02 1.251706873008648227e-03 9.987482931269913156e-01 0.000000000000000000e+00 0.000000000000000000e+00 0.000000000000000000e+00
2.500000000000000000e+04 9.999892051684011740e-02 2.048247610377787811e-03 9.979517523896221931e-01 0.000000000000000000e+00 0.000000000000000000e+00 0.000000000000000000e+00
2.550000000000000000e+04 1.019988989271769508e-01 1.820664542558033706e-03 9.981793354574419741e-01 0.000000000000000000e+00 0.000000000000000000e+00 0.000000000000000000e+00
2.600000000000000000e+04 1.039988773375135622e-01 5.006827492034592909e-03 9.947655894401457033e-01 0.000000000000000000e+00 2.275830678197542133e-04 0.000000000000000000e+00
2.650000000000000000e+04 1.059988557478503957e-01 9.217114246700046018e-03 9.901001365498406370e-01 0.000000000000000000e+00 6.827492034592626399e-04 0.000000000000000000e+00
2.700000000000000000e+04 1.079988341581872291e-01 1.081019572143832562e-02 9.881656804733728316e-01 0.000000000000000000e+00 1.024123805188893906e-03 0.000000000000000000e+00
2.750000000000000000e+04 1.099988125685240625e-01 8.875739644970413733e-02 7.391898042785616241e-01 0.000000000000000000e+00 1.720527992717341692e-01 0.000000000000000000e+00
2.800000000000000000e+04 1.119987909788608960e-01 2.704824761037779024e-01 4.087391898042785354e-01 2.071005917159763343e-01 1.136777423759672279e-01 0.000000000000000000e+00
2.850000000000000000e+04 1.139987693891977294e-01 2.172280382339553950e-01 5.153618570778334407e-01 2.331588529813381772e-01 3.425125170687300796e-02 0.000000000000000000e+00
2.900000000000000000e+04 1.159987477995345628e-01 8.511606736458807165e-02 7.522758306781975879e-01 1.595357305416477134e-01 3.072371415566681717e-03 0.000000000000000000e+00
2.950000000000000000e+04 1.179987262098711742e-01 5.666818388711879900e-02 7.984751934456076894e-01 1.444014565316340537e-01 4.551661356395084266e-04 0.000000000000000000e+00
3.000000000000000000e+04 1.199987046202080077e-01 5.314064633591260994e-02 8.026854802002730827e-01 1.436049157942649035e-01 5.689576695493854790e-04 0.000000000000000000e+00
3.050000000000000000e+04 1.219986830305448411e-01 5.507510241238051940e-02 8.001820664542558248e-01 1.436049157942649035e-01 1.137915339098770958e-03 0.000000000000000000e+00
3.100000000000000000e+04 1.239986614408816745e-01 5.370960400546199304e-02 8.001820664542558248e-01 1.454255803368229294e-01 6.827492034592626399e-04 0.000000000000000000e+00
3.150000000000000000e+04 1.259986398512185080e-01 5.359581247155211642e-02 8.007510241238051663e-01 1.448566226672735602e-01 7.965407373691396923e-04 0.000000000000000000e+00
3.200000000000000000e+04 1.279986182615553414e-01 5.518889394629039602e-02 7.992717341829768118e-01 1.449704142011834229e-01 5.689576695493854790e-04 0.000000000000000000e+00
3.250000000000000000e+04 1.299985966718921748e-01 5.609922621756941591e-02 7.972234865725990050e-01 1.455393718707328199e-01 1.137915339098770958e-03 0.000000000000000000e+00
3.300000000000000000e+04 1.319985750822287862e-01 5.632680928538916915e-02 7.972234865725990050e-01 1.454255803368229294e-01 1.024123805188893906e-03 0.000000000000000000e+00
3.350000000000000000e+04 1.339985534925656196e-01 5.746472462448793533e-02 7.972234865725990050e-01 1.448566226672735602e-01 4.551661356395084266e-04 0.000000000000000000e+00
3.400000000000000000e+04 1.359985319029024531e-01 5.860263996358670846e-02 7.952890304961310886e-01 1.450842057350933134e-01 1.024123805188893906e-03 0.000000000000000000e+00
3.450000000000000000e+04 1.379985103132392865e-01 8.887118798361401395e-02 7.492034592626308775e-01 1.589667728720983164e-01 2.958579881656804664e-03 0.000000000000000000e+00
3.500000000000000000e+04 1.399984887235761200e-01 5.962676376877560497e-02 7.969959035047792240e-01 1.433773327264451503e-01 0.000000000000000000e+00 0.000000000000000000e+00
3.550000000000000000e+04 1.419984671339129534e-01 5.939918070095585173e-02 7.971096950386891145e-01 1.434911242603550408e-01 0.000000000000000000e+00 0.000000000000000000e+00
3.600000000000000000e+04 1.439984455442497868e-01 5.962676376877560497e-02 7.968821119708693335e-01 1.434911242603550408e-01 0.000000000000000000e+00 0.000000000000000000e+00
3.650000000000000000e+04 1.459984239545863982e-01 5.974055530268548159e-02 7.968821119708693335e-01 1.433773327264451503e-01 0.000000000000000000e+00 0.000000000000000000e+00
3.700000000000000000e+04 1.479984023649232316e-01 5.962676376877560497e-02 7.968821119708693335e-01 1.434911242603550408e-01 0.000000000000000000e+00 0.000000000000000000e+00
3.750000000000000000e+04 1.499983807752600651e-01 5.974055530268548159e-02 7.967683204369594430e-01 1.434911242603550408e-01 0.000000000000000000e+00 0.000000000000000000e+00
3.800000000000000000e+04 1.519983591855968985e-01 5.951297223486572835e-02 7.969959035047792240e-01 1.434911242603550408e-01 0.000000000000000000e+00 0.000000000000000000e+00
3.850000000000000000e+04 1.539983375959337319e-01 5.962676376877560497e-02 7.969959035047792240e-01 1.433773327264451503e-01 0.000000000000000000e+00 0.000000000000000000e+00
3.900000000000000000e+04 1.559983160062705654e-01 5.951297223486572835e-02 7.969959035047792240e-01 1.434911242603550408e-01 0.000000000000000000e+00 0.000000000000000000e+00
3.950000000000000000e+04 1.579982944166071768e-01 5.951297223486572835e-02 7.968821119708693335e-01 1.434911242603550408e-01 1.137915339098771066e-04 0.000000000000000000e+00
4.000000000000000000e+04 1.599982728269440102e-01 6.008192990441511144e-02 7.964269458352298825e-01 1.434911242603550408e-01 0.000000000000000000e+00 0.000000000000000000e+00
4.050000000000000000e+04 1.619982512372808436e-01 5.962676376877560497e-02 7.968821119708693335e-01 1.434911242603550408e-01 0.000000000000000000e+00 0.000000000000000000e+00
4.100000000000000000e+04 1.639982296476176771e-01 5.974055530268548159e-02 7.967683204369594430e-01 1.434911242603550408e-01 0.000000000000000000e+00 0.000000000000000000e+00
4.150000000000000000e+04 1.659982080579545105e-01 5.951297223486572835e-02 7.969959035047792240e-01 1.434911242603550408e-01 0.000000000000000000e+00 0.000000000000000000e+00
4.200000000000000000e+04 1.679981864682913439e-01 5.974055530268548159e-02 7.967683204369594430e-01 1.434911242603550408e-01 0.000000000000000000e+00 0.000000000000000000e+00
4.250000000000000000e+04 1.699981648786281774e-01 5.985434683659535821e-02 7.965407373691397730e-01 1.434911242603550408e-01 1.137915339098771066e-04 0.000000000000000000e+00
4.300000000000000000e+04 1.719981432889647888e-01 5.974055530268548159e-02 7.967683204369594430e-01 1.434911242603550408e-01 0.000000000000000000e+00 0.000000000000000000e+00
4.350000000000000000e+04 1.739981216993016222e-01 5.996813837050523482e-02 7.965407373691397730e-01 1.434911242603550408e-01 0.000000000000000000e+00 0.000000000000000000e+00
4.400000000000000000e+04 1.759981001096384556e-01 5.962676376877560497e-02 7.968821119708693335e-01 1.434911242603550408e-01 0.000000000000000000e+00 0.000000000000000000e+00
4.450000000000000000e+04 1.779980785199752891e-01 5.951297223486572835e-02 7.968821119708693335e-01 1.434911242603550408e-01 1.137915339098771066e-04 0.000000000000000000e+00
4.500000000000000000e+04 1.799980569303121225e-01 5.962676376877560497e-02 7.968821119708693335e-01 1.434911242603550408e-01 0.000000000000000000e+00 0.000000000000000000e+00
4.550000000000000000e+04 1.819980353406489559e-01 5.996813837050523482e-02 7.965407373691397730e-01 1.434911242603550408e-01 0.000000000000000000e+00 0.000000000000000000e+00
4.600000000000000000e+04 1.839980137509857894e-01 6.042330450614474130e-02 7.960855712335002110e-01 1.434911242603550408e-01 0.000000000000000000e+00 0.000000000000000000e+00
4.650000000000000000e+04 1.859979921613224008e-01 5.962676376877560497e-02 7.967683204369594430e-01 1.434911242603550408e-01 1.137915339098771066e-04 0.000000000000000000e+00
4.700000000000000000e+04 1.879979705716592342e-01 5.985434683659535821e-02 7.965407373691397730e-01 1.434911242603550408e-01 1.137915339098771066e-04 0.000000000000000000e+00
4.750000000000000000e+04 1.899979489819960676e-01 5.974055530268548159e-02 7.966545289030496635e-01 1.434911242603550408e-01 1.137915339098771066e-04 0.000000000000000000e+00
4.800000000000000000e+04 1.919979273923329011e-01 6.065088757396449454e-02 7.952890304961310886e-01 1.434911242603550408e-01 5.689576695493854790e-04 0.000000000000000000e+00
4.850000000000000000e+04 1.939979058026697345e-01 6.121984524351388457e-02 7.950614474283113076e-01 1.434911242603550408e-01 2.275830678197542133e-04 0.000000000000000000e+00
4.900000000000000000e+04 1.959978842130065679e-01 6.099226217569413133e-02 7.952890304961310886e-01 1.434911242603550408e-01 2.275830678197542133e-04 0.000000000000000000e+00
4.950000000000000000e+04 1.979978626233434014e-01 6.065088757396449454e-02 7.949476558944014171e-01 1.436049157942649035e-01 7.965407373691396923e-04 0.000000000000000000e+00
5.000000000000000000e+04 1.999978410336800128e-01 6.030951297223486468e-02 7.954028220300409791e-01 1.434911242603550408e-01 7.965407373691396923e-04 0.000000000000000000e+00
5.050000000000000000e+04 2.019978194440168462e-01 6.156121984524351443e-02 7.949476558944014171e-01 1.433773327264451503e-01 1.137915339098771066e-04 0.000000000000000000e+00
5.100000000000000000e+04 2.039977978543536796e-01 6.144742831133363781e-02 7.948338643604915266e-01 1.433773327264451503e-01 3.413746017296313199e-04 0.000000000000000000e+00
5.150000000000000000e+04 2.059977762646905131e-01 6.156121984524351443e-02 7.949476558944014171e-01 1.431497496586253970e-01 3.413746017296313199e-04 0.000000000000000000e+00
5.200000000000000000e+04 2.079977546750273465e-01 6.190259444697314428e-02 7.942649066909421851e-01 1.434911242603550408e-01 3.413746017296313199e-04 0.000000000000000000e+00
5.250000000000000000e+04 2.099977330853641799e-01 6.258534365043240399e-02 7.934683659535730627e-01 1.433773327264451503e-01 5.689576695493854790e-04 0.000000000000000000e+00
5.300000000000000000e+04 2.119977114957010134e-01 6.349567592171143082e-02 7.923304506144742687e-01 1.433773327264451503e-01 7.965407373691396923e-04 0.000000000000000000e+00
5.350000000000000000e+04 2.139976899060376248e-01 8.420573509330905870e-02 7.629722348657259623e-01 1.496358670914884059e-01 3.186162949476558769e-03 0.000000000000000000e+00
5.400000000000000000e+04 2.159976683163744582e-01 8.784706417842512438e-02 7.594446973145198010e-01 1.516841147018661851e-01 1.024123805188893906e-03 0.000000000000000000e+00
5.450000000000000000e+04 2.179976467267112916e-01 7.692307692307692735e-02 7.819754210286754548e-01 1.409877105143377274e-01 1.137915339098771066e-04 0.000000000000000000e+00
5.500000000000000000e+04 2.199976251370481251e-01 7.589895311788802390e-02 7.829995448338643582e-01 1.408739189804278646e-01 2.275830678197542133e-04 0.000000000000000000e+00
5.550000000000000000e+04 2.219976035473849585e-01 7.601274465179790052e-02 7.828857532999544677e-01 1.409877105143377274e-01 1.137915339098771066e-04 0.000000000000000000e+00
5.600000000000000000e+04 2.239975819577217919e-01 7.669549385525717411e-02 7.822030040964952358e-01 1.409877105143377274e-01 1.137915339098771066e-04 0.000000000000000000e+00
5.650000000000000000e+04 2.259975603680586254e-01 7.658170232134729749e-02 7.824305871643150168e-01 1.409877105143377274e-01 0.000000000000000000e+00 0.000000000000000000e+00
5.700000000000000000e+04 2.279975387783952367e-01 7.726445152480655720e-02 7.815202548930360038e-01 1.412152935821574806e-01 0.000000000000000000e+00 0.000000000000000000e+00
5.750000000000000000e+04 2.299975171887320702e-01 7.658170232134729749e-02 7.822030040964952358e-01 1.412152935821574806e-01 0.000000000000000000e+00 0.000000000000000000e+00
5.800000000000000000e+04 2.319974955990689036e-01 7.715065999089668058e-02 7.814064633591261133e-01 1.409877105143377274e-01 4.551661356395084266e-04 0.000000000000000000e+00
5.850000000000000000e+04 2.339974740094057370e-01 7.703686845698680397e-02 7.812926718252162228e-01 1.413290851160673711e-01 3.413746017296313199e-04 0.000000000000000000e+00
5.900000000000000000e+04 2.359974524197425705e-01 7.658170232134729749e-02 7.819754210286754548e-01 1.408739189804278646e-01 5.689576695493854790e-04 0.000000000000000000e+00
5.950000000000000000e+04 2.379974308300794039e-01 7.726445152480655720e-02 7.810650887573964418e-01 1.414428766499772339e-01 2.275830678197542133e-04 0.000000000000000000e+00
6.000000000000000000e+04 2.399974092404162374e-01 7.874374146563495325e-02 7.796995903504779779e-01 1.414428766499772339e-01 1.137915339098771066e-04 0.000000000000000000e+00
6.050000000000000000e+04 2.419973876507528487e-01 7.771961766044606368e-02 7.804961310878471004e-01 1.412152935821574806e-01 5.689576695493854790e-04 0.000000000000000000e+00
6.100000000000000000e+04 2.439973660610896822e-01 7.760582612653618706e-02 7.806099226217569909e-01 1.414428766499772339e-01 3.413746017296313199e-04 0.000000000000000000e+00
6.150000000000000000e+04 2.459973444714265156e-01 7.771961766044606368e-02 7.802685480200273194e-01 1.414428766499772339e-01 5.689576695493854790e-04 0.000000000000000000e+00
6.200000000000000000e+04 2.479973228817633490e-01 7.783340919435594030e-02 7.804961310878471004e-01 1.413290851160673711e-01 3.413746017296313199e-04 0.000000000000000000e+00
6.250000000000000000e+04 2.499973012921001825e-01 7.760582612653618706e-02 7.799271734182976479e-01 1.414428766499772339e-01 1.024123805188893906e-03 0.000000000000000000e+00
6.300000000000000000e+04 2.519972797024370159e-01 7.942649066909421296e-02 7.784478834774692935e-01 1.413290851160673711e-01 7.965407373691396923e-04 0.000000000000000000e+00
6.350000000000000000e+04 2.539972581127738493e-01 8.306781975421029252e-02 7.742375967228037892e-01 1.415566681838871244e-01 1.137915339098770958e-03 0.000000000000000000e+00
6.400000000000000000e+04 2.559972365231104607e-01 1.024123805188894010e-01 7.263313609467455523e-01 1.687528447883477334e-01 2.503413746017296455e-03 0.000000000000000000e+00
6.450000000000000000e+04 2.579972149334472942e-01 1.129949931725079681e-01 7.412380518889394310e-01 1.426945835229858905e-01 3.072371415566681717e-03 0.000000000000000000e+00
6.500000000000000000e+04 2.599971933437841276e-01 1.071916249431042328e-01 7.398725534820209671e-01 1.514565316340464318e-01 1.479289940828402332e-03 0.000000000000000000e+00
6.550000000000000000e+04 2.619971717541209610e-01 1.104915794264906687e-01 7.274692762858443462e-01 1.601046882111970826e-01 1.934456076467910759e-03 0.000000000000000000e+00
6.600000000000000000e+04 2.639971501644577945e-01 1.133363677742375980e-01 7.263313609467455523e-01 1.586253982703686727e-01 1.706873008648156654e-03 0.000000000000000000e+00
6.650000000000000000e+04 2.659971285747946279e-01 1.120846609012289552e-01 7.139280837505689314e-01 1.728493400091033194e-01 1.137915339098770958e-03 0.000000000000000000e+00
6.700000000000000000e+04 2.679971069851312393e-01 1.104915794264906687e-01 7.141556668183887124e-01 1.741010468821119761e-01 1.251706873008648227e-03 0.000000000000000000e+00
6.750000000000000000e+04 2.699970853954680727e-01 1.111743286299499284e-01 7.173418297678653133e-01 1.701183431952662806e-01 1.365498406918525280e-03 0.000000000000000000e+00
6.800000000000000000e+04 2.719970638058049062e-01 1.111743286299499284e-01 7.181383705052344357e-01 1.697769685935366368e-01 9.103322712790168532e-04 0.000000000000000000e+00
6.850000000000000000e+04 2.739970422161417396e-01 1.136777423759672279e-01 7.147246244879380539e-01 1.706873008648156498e-01 9.103322712790168532e-04 0.000000000000000000e+00
6.900000000000000000e+04 2.759970206264785730e-01 1.128812016385980915e-01 7.165452890304960798e-01 1.689804278561675144e-01 1.593081474738279385e-03 0.000000000000000000e+00
6.950000000000000000e+04 2.779969990368154065e-01 1.116294947655894348e-01 7.179107874374146547e-01 1.682976786527082269e-01 2.162039144287664864e-03 0.000000000000000000e+00
7.000000000000000000e+04 2.799969774471522399e-01 1.107191624943104219e-01 7.195038689121528996e-01 1.686390532544378706e-01 1.137915339098770958e-03 0.000000000000000000e+00
7.050000000000000000e+04 2.819969558574888513e-01 1.094674556213017791e-01 7.216659080564405970e-01 1.673873463814292140e-01 1.479289940828402332e-03 0.000000000000000000e+00
7.100000000000000000e+04 2.839969342678256847e-01 1.125398270368684617e-01 7.203004096495220221e-01 1.663632225762403383e-01 7.965407373691396923e-04 0.000000000000000000e+00
7.150000000000000000e+04 2.859969126781625182e-01 1.093536640873919025e-01 7.233727810650887324e-01 1.659080564406008318e-01 1.365498406918525280e-03 0.000000000000000000e+00
7.200000000000000000e+04 2.879968910884993516e-01 1.104915794264906687e-01 7.247382794720073074e-01 1.635184342284934089e-01 1.251706873008648227e-03 0.000000000000000000e+00
7.250000000000000000e+04 2.899968694988361850e-01 1.099226217569412856e-01 7.238279472007282944e-01 1.656804733727810786e-01 5.689576695493854790e-04 0.000000000000000000e+00
7.300000000000000000e+04 2.919968479091730185e-01 1.106053709604005453e-01 7.239417387346381849e-01 1.648839326354119283e-01 5.689576695493854790e-04 0.000000000000000000e+00
7.350000000000000000e+04 2.939968263195098519e-01 1.112881201638598050e-01 7.242831133363677454e-01 1.637460172963131622e-01 6.827492034592626399e-04 0.000000000000000000e+00
7.400000000000000000e+04 2.959968047298464633e-01 1.093536640873919025e-01 7.257624032771962108e-01 1.643149749658625314e-01 5.689576695493854790e-04 0.000000000000000000e+00
7.450000000000000000e+04 2.979967831401832967e-01 1.098088302230314089e-01 7.271279016841146747e-01 1.623805188893946427e-01 6.827492034592626399e-04 0.000000000000000000e+00
7.500000000000000000e+04 2.999967615505201302e-01 1.088984979517523960e-01 7.283796085571233592e-01 1.621529358215748617e-01 5.689576695493854790e-04 0.000000000000000000e+00
7.550000000000000000e+04 3.019967399608569636e-01 1.092398725534820259e-01 7.281520254893035782e-01 1.615839781520254925e-01 1.024123805188893906e-03 0.000000000000000000e+00
7.600000000000000000e+04 3.039967183711937970e-01 1.087847064178425194e-01 7.282658170232134687e-01 1.619253527537551085e-01 1.024123805188893906e-03 0.000000000000000000e+00
7.650000000000000000e+04 3.059966967815306305e-01 1.076467910787437393e-01 7.307692307692307265e-01 1.610150204824760956e-01 5.689576695493854790e-04 0.000000000000000000e+00
7.700000000000000000e+04 3.079966751918674639e-01 1.085571233500227523e-01 7.295175238962221531e-01 1.614701866181156020e-01 4.551661356395084266e-04 0.000000000000000000e+00
7.750000000000000000e+04 3.099966536022040753e-01 1.086709148839326289e-01 7.295175238962221531e-01 1.603322712790168358e-01 1.479289940828402332e-03 0.000000000000000000e+00
7.800000000000000000e+04 3.119966320125409087e-01 1.082157487482931224e-01 7.313381884387801790e-01 1.597633136094674666e-01 6.827492034592626399e-04 0.000000000000000000e+00
7.850000000000000000e+04 3.139966104228777422e-01 1.069640418752844796e-01 7.324761037778789730e-01 1.595357305416477134e-01 1.024123805188893906e-03 0.000000000000000000e+00
7.900000000000000000e+04 3.159965888332145756e-01 1.071916249431042328e-01 7.330450614474283144e-01 1.588529813381884259e-01 9.103322712790168532e-04 0.000000000000000000e+00
7.950000000000000000e+04 3.179965672435514090e-01 1.108329540282202985e-01 7.328174783796085334e-01 1.557806099226217433e-01 5.689576695493854790e-04 0.000000000000000000e+00
8.000000000000000000e+04 3.199965456538882425e-01 1.120846609012289552e-01 7.349795175238962308e-01 1.523668639053254448e-01 5.689576695493854790e-04 0.000000000000000000e+00
8.050000000000000000e+04 3.219965240642250759e-01 1.118570778334091881e-01 7.345243513882566688e-01 1.530496131087847045e-01 5.689576695493854790e-04 0.000000000000000000e+00
8.100000000000000000e+04 3.239965024745616873e-01 1.126536185707783383e-01 7.360036413290851343e-01 1.508875739644970349e-01 4.551661356395084266e-04 0.000000000000000000e+00
8.150000000000000000e+04 3.259964808848985207e-01 1.183431952662721831e-01 7.225762403277196100e-01 1.587391898042785632e-01 3.413746017296313199e-04 0.000000000000000000e+00
8.200000000000000000e+04 3.279964592952353541e-01 1.185707783340919502e-01 7.218934911242603780e-01 1.587391898042785632e-01 7.965407373691396923e-04 0.000000000000000000e+00
8.250000000000000000e+04 3.299964377055721876e-01 1.193673190714610866e-01 7.218934911242603780e-01 1.587391898042785632e-01 0.000000000000000000e+00 0.000000000000000000e+00
8.300000000000000000e+04 3.319964161159090210e-01 1.187983614019117035e-01 7.229176149294492815e-01 1.579426490669094130e-01 3.413746017296313199e-04 0.000000000000000000e+00
8.350000000000000000e+04 3.339963945262458545e-01 1.194811106053709632e-01 7.220072826581702685e-01 1.585116067364588099e-01 0.000000000000000000e+00 0.000000000000000000e+00
8.400000000000000000e+04 3.359963729365826879e-01 1.205052344105598527e-01 7.157487482931269573e-01 1.630632680928539024e-01 6.827492034592626399e-04 0.000000000000000000e+00
8.450000000000000000e+04 3.379963513469192993e-01 1.232362312243969055e-01 7.091488393263540857e-01 1.664770141101502010e-01 1.137915339098770958e-03 0.000000000000000000e+00
8.500000000000000000e+04 3.399963297572561327e-01 1.205052344105598527e-01 7.176832043695948737e-01 1.612426035502958488e-01 5.689576695493854790e-04 0.000000000000000000e+00
8.550000000000000000e+04 3.419963081675929661e-01 1.265361857077833274e-01 7.000455166135639562e-01 1.731907146108329631e-01 2.275830678197542133e-04 0.000000000000000000e+00
8.600000000000000000e+04 3.439962865779297996e-01 1.244879380974055483e-01 7.010696404187528596e-01 1.739872553482020856e-01 4.551661356395084266e-04 0.000000000000000000e+00
8.650000000000000000e+04 3.459962649882666330e-01 1.256258534365043145e-01 7.011834319526627501e-01 1.728493400091033194e-01 3.413746017296313199e-04 0.000000000000000000e+00
8.700000000000000000e+04 3.479962433986034664e-01 1.284706417842512438e-01 6.924214838416021811e-01 1.779699590350477811e-01 1.137915339098770958e-03 0.000000000000000000e+00
8.750000000000000000e+04 3.499962218089402999e-01 1.378015475648611821e-01 6.752389622212107145e-01 1.853664087391898030e-01 1.593081474738279385e-03 0.000000000000000000e+00
8.800000000000000000e+04 3.519962002192769113e-01 1.540737369139736079e-01 6.694355939918069653e-01 1.753527537551206328e-01 1.137915339098770958e-03 0.000000000000000000e+00
8.850000000000000000e+04 3.539961786296137447e-01 1.357532999544833752e-01 7.265589440145653333e-01 1.347291761492944995e-01 2.958579881656804664e-03 0.000000000000000000e+00
8.900000000000000000e+04 3.559961570399505781e-01 1.195949021392808398e-01 7.473827947200728516e-01 1.305188893946290507e-01 2.503413746017296455e-03 0.000000000000000000e+00
8.950000000000000000e+04 3.579961354502874116e-01 1.233500227583067821e-01 7.411242603550295405e-01 1.333636777423759801e-01 2.162039144287664864e-03 0.000000000000000000e+00
9.000000000000000000e+04 3.599961138606242450e-01 1.290395994538006408e-01 7.368001820664542567e-01 1.321119708693673234e-01 2.048247610377787811e-03 0.000000000000000000e+00
9.050000000000000000e+04 3.619960922709610784e-01 1.225534820209376458e-01 7.411242603550295405e-01 1.346153846153846090e-01 1.706873008648156654e-03 0.000000000000000000e+00
9.100000000000000000e+04 3.639960706812976898e-01 1.225534820209376458e-01 7.379380974055530507e-01 1.362084660901228816e-01 3.299954483386436255e-03 0.000000000000000000e+00
9.150000000000000000e+04 3.659960490916345233e-01 1.257396449704142050e-01 7.360036413290851343e-01 1.363222576240327721e-01 1.934456076467910759e-03 0.000000000000000000e+00
9.200000000000000000e+04 3.679960275019713567e-01 1.256258534365043145e-01 7.344105598543468894e-01 1.376877560309512916e-01 2.275830678197541916e-03 0.000000000000000000e+00
9.250000000000000000e+04 3.699960059123081901e-01 1.250568957669549452e-01 7.342967683204369989e-01 1.379153390987710448e-01 2.730996813837050560e-03 0.000000000000000000e+00
9.300000000000000000e+04 3.719959843226450236e-01 1.250568957669549452e-01 7.356622667273554628e-01 1.366636322257624159e-01 2.617205279927173507e-03 0.000000000000000000e+00
9.350000000000000000e+04 3.739959627329818570e-01 1.246017296313154249e-01 7.261037778789257713e-01 1.457669549385525731e-01 3.527537551206190360e-03 0.000000000000000000e+00
9.400000000000000000e+04 3.759959411433186904e-01 1.235776058261265353e-01 7.270141101502047842e-01 1.467910787437414766e-01 2.617205279927173507e-03 0.000000000000000000e+00
9.450000000000000000e+04 3.779959195536553018e-01 1.233500227583067821e-01 7.289485662266727006e-01 1.446290395994538069e-01 3.072371415566681717e-03 0.000000000000000000e+00
9.500000000000000000e+04 3.799958979639921353e-01 1.319981793354574329e-01 7.237141556668184039e-01 1.420118343195266308e-01 2.275830678197541916e-03 0.000000000000000000e+00
9.550000000000000000e+04 3.819958763743289687e-01 1.317705962676376796e-01 7.314519799726900695e-01 1.343878015475648557e-01 2.389622212107419402e-03 0.000000000000000000e+00
9.600000000000000000e+04 3.839958547846658021e-01 1.337050523441055960e-01 7.306554392353209471e-01 1.327947200728265831e-01 2.844788347746927612e-03 0.000000000000000000e+00
9.650000000000000000e+04 3.859958331950026356e-01 1.334774692762858428e-01 7.305416477014110566e-01 1.331360946745562268e-01 2.844788347746927612e-03 0.000000000000000000e+00
9.700000000000000000e+04 3.879958116053394690e-01 1.337050523441055960e-01 7.292899408284023721e-01 1.335912608101957333e-01 3.413746017296313308e-03 0.000000000000000000e+00
9.750000000000000000e+04 3.899957900156763024e-01 1.342740100136549930e-01 7.247382794720073074e-01 1.375739644970414288e-01 3.413746017296313308e-03 0.000000000000000000e+00
9.800000000000000000e+04 3.919957684260129138e-01 1.360946745562130189e-01 7.233727810650887324e-01 1.370050068274920319e-01 3.527537551206190360e-03 0.000000000000000000e+00
9.850000000000000000e+04 3.939957468363499693e-01 1.347291761492944995e-01 7.229176149294492815e-01 1.387118798361401950e-01 3.641329085116067413e-03 0.000000000000000000e+00
9.900000000000000000e+04 3.959957252466863586e-01 1.357532999544833752e-01 7.213245334547109255e-01 1.397360036413290985e-01 3.186162949476558769e-03 0.000000000000000000e+00
9.950000000000000000e+04 3.979957036570236362e-01 1.376877560309512916e-01 7.149522075557578349e-01 1.434911242603550408e-01 3.868912152935821518e-03 0.000000000000000000e+00
1.000000000000000000e+05 3.999956820673600255e-01 1.420118343195266308e-01 6.983386436049158208e-01 1.552116522530723741e-01 4.437869822485207214e-03 0.000000000000000000e+00
1.005000000000000000e+05 4.019956604776970810e-01 1.420118343195266308e-01 7.022075557578516536e-01 1.504324078288575284e-01 5.348202093764223633e-03 0.000000000000000000e+00
1.010000000000000000e+05 4.039956388880336924e-01 1.381429221665907980e-01 7.102867546654528796e-01 1.489531178880291185e-01 2.617205279927173507e-03 0.000000000000000000e+00
1.015000000000000000e+05 4.059956172983707479e-01 1.403049613108784677e-01 7.101729631315429891e-01 1.458807464724624359e-01 3.641329085116067413e-03 0.000000000000000000e+00
1.020000000000000000e+05 4.079955957087073593e-01 1.389394629039599482e-01 7.100591715976330986e-01 1.473600364132908458e-01 3.641329085116067413e-03 0.000000000000000000e+00
1.025000000000000000e+05 4.099955741190444147e-01 1.396222121074192080e-01 7.110832954028220021e-01 1.459945380063723264e-01 3.299954483386436255e-03 0.000000000000000000e+00
1.030000000000000000e+05 4.119955525293808041e-01 1.382567137005006885e-01 7.101729631315429891e-01 1.466772872098315861e-01 4.893035958124715423e-03 0.000000000000000000e+00
1.035000000000000000e+05 4.139955309397180816e-01 1.378015475648611821e-01 7.121074192080109055e-01 1.457669549385525731e-01 4.324078288575329727e-03 0.000000000000000000e+00
1.040000000000000000e+05 4.159955093500544709e-01 1.382567137005006885e-01 7.114246700045516736e-01 1.471324533454710926e-01 3.186162949476558769e-03 0.000000000000000000e+00
1.045000000000000000e+05 4.179954877603915264e-01 1.373463814292216756e-01 7.215521165225307065e-01 1.380291306326809353e-01 3.072371415566681717e-03 0.000000000000000000e+00
1.050000000000000000e+05 4.199954661707281378e-01 1.322257624032771861e-01 7.284934000910332497e-01 1.375739644970414288e-01 1.706873008648156654e-03 0.000000000000000000e+00
1.055000000000000000e+05 4.219954445810651933e-01 1.290395994538006408e-01 7.312243969048702885e-01 1.370050068274920319e-01 2.730996813837050560e-03 0.000000000000000000e+00
1.060000000000000000e+05 4.239954229914015826e-01 1.304050978607191602e-01 7.331588529813382049e-01 1.341602184797451025e-01 2.275830678197541916e-03 0.000000000000000000e+00
1.065000000000000000e+05 4.259954014017388602e-01 1.302913063268092975e-01 7.324761037778789730e-01 1.337050523441055960e-01 3.527537551206190360e-03 0.000000000000000000e+00
1.070000000000000000e+05 4.279953798120752495e-01 1.285844333181611343e-01 7.329312699135184239e-01 1.357532999544833752e-01 2.730996813837050560e-03 0.000000000000000000e+00
1.075000000000000000e+05 4.299953582224123050e-01 1.294947655894401473e-01 7.327036868456986429e-01 1.358670914883932657e-01 1.934456076467910759e-03 0.000000000000000000e+00
1.080000000000000000e+05 4.319953366327489164e-01 1.280154756486117373e-01 7.320209376422394110e-01 1.368912152935821691e-01 3.072371415566681717e-03 0.000000000000000000e+00
1.085000000000000000e+05 4.339953150430859719e-01 1.290395994538006408e-01 7.327036868456986429e-01 1.354119253527537592e-01 2.844788347746927612e-03 0.000000000000000000e+00
1.090000000000000000e+05 4.359952934534225832e-01 1.323395539371870766e-01 7.303140646335912756e-01 1.352981338188438687e-01 2.048247610377787811e-03 0.000000000000000000e+00
1.095000000000000000e+05 4.379952718637596387e-01 1.294947655894401473e-01 7.323623122439690825e-01 1.351843422849340060e-01 2.958579881656804664e-03 0.000000000000000000e+00
1.100000000000000000e+05 4.399952502740960281e-01 1.322257624032771861e-01 7.309968138370505075e-01 1.347291761492944995e-01 2.048247610377787811e-03 0.000000000000000000e+00
1.105000000000000000e+05 4.419952286844333056e-01 1.268775603095129711e-01 7.329312699135184239e-01 1.368912152935821691e-01 3.299954483386436255e-03 0.000000000000000000e+00
1.110000000000000000e+05 4.439952070947696949e-01 1.283568502503413811e-01 7.317933545744196300e-01 1.378015475648611821e-01 2.048247610377787811e-03 0.000000000000000000e+00
1.115000000000000000e+05 4.459951855051067504e-01 1.289258079198907503e-01 7.344105598543468894e-01 1.340464269458352398e-01 2.617205279927173507e-03 0.000000000000000000e+00
1.120000000000000000e+05 4.479951639154433618e-01 1.333636777423759801e-01 7.255348202093764298e-01 1.379153390987710448e-01 3.186162949476558769e-03 0.000000000000000000e+00
1.125000000000000000e+05 4.499951423257804173e-01 1.368912152935821691e-01 7.272416932180245652e-01 1.324533454710969393e-01 3.413746017296313308e-03 0.000000000000000000e+00
1.130000000000000000e+05 4.519951207361168066e-01 1.350705507510241155e-01 7.263313609467455523e-01 1.351843422849340060e-01 3.413746017296313308e-03 0.000000000000000000e+00
1.135000000000000000e+05 4.539950991464540841e-01 1.379153390987710448e-01 7.189349112426035582e-01 1.380291306326809353e-01 5.120619025944469528e-03 0.000000000000000000e+00
