# itime ezz other fcc hcp bcc ico
0.000000000000000000e+00 0.000000000000000000e+00 0.000000000000000000e+00 1.000000000000000000e+00 0.000000000000000000e+00 0.000000000000000000e+00 0.000000000000000000e+00
2.500000000000000000e+02 9.999777587006430934e-04 0.000000000000000000e+00 1.000000000000000000e+00 0.000000000000000000e+00 0.000000000000000000e+00 0.000000000000000000e+00
5.000000000000000000e+02 1.999955517401064142e-03 0.000000000000000000e+00 1.000000000000000000e+00 0.000000000000000000e+00 0.000000000000000000e+00 0.000000000000000000e+00
7.500000000000000000e+02 2.999933276101707236e-03 0.000000000000000000e+00 1.000000000000000000e+00 0.000000000000000000e+00 0.000000000000000000e+00 0.000000000000000000e+00
1.000000000000000000e+03 3.999911034802350329e-03 0.000000000000000000e+00 1.000000000000000000e+00 0.000000000000000000e+00 0.000000000000000000e+00 0.000000000000000000e+00
1.250000000000000000e+03 4.999888793502993423e-03 0.000000000000000000e+00 1.000000000000000000e+00 0.000000000000000000e+00 0.000000000000000000e+00 0.000000000000000000e+00
1.500000000000000000e+03 5.999866552203414471e-03 0.000000000000000000e+00 1.000000000000000000e+00 0.000000000000000000e+00 0.000000000000000000e+00 0.000000000000000000e+00
1.750000000000000000e+03 6.999844310904057565e-03 0.000000000000000000e+00 1.000000000000000000e+00 0.000000000000000000e+00 0.000000000000000000e+00 0.000000000000000000e+00
2.000000000000000000e+03 7.999822069604700658e-03 0.000000000000000000e+00 1.000000000000000000e+00 0.000000000000000000e+00 0.000000000000000000e+00 0.000000000000000000e+00
2.250000000000000000e+03 8.999799828305121707e-03 0.000000000000000000e+00 1.000000000000000000e+00 0.000000000000000000e+00 0.000000000000000000e+00 0.000000000000000000e+00
2.500000000000000000e+03 9.999777587005764801e-03 0.000000000000000000e+00 1.000000000000000000e+00 0.000000000000000000e+00 0.000000000000000000e+00 0.000000000000000000e+00
2.750000000000000000e+03 1.099975534570640789e-02 0.000000000000000000e+00 1.000000000000000000e+00 0.000000000000000000e+00 0.000000000000000000e+00 0.000000000000000000e+00
3.000000000000000000e+03 1.199973310440705099e-02 0.000000000000000000e+00 1.000000000000000000e+00 0.000000000000000000e+00 0.000000000000000000e+00 0.000000000000000000e+00
3.250000000000000000e+03 1.299971086310747204e-02 0.000000000000000000e+00 1.000000000000000000e+00 0.000000000000000000e+00 0.000000000000000000e+00 0.000000000000000000e+00
3.500000000000000000e+03 1.399968862180811513e-02 0.000000000000000000e+00 1.000000000000000000e+00 0.000000000000000000e+00 0.000000000000000000e+00 0.000000000000000000e+00
3.750000000000000000e+03 1.499966638050875822e-02 0.000000000000000000e+00 1.000000000000000000e+00 0.000000000000000000e+00 0.000000000000000000e+00 0.000000000000000000e+00
4.000000000000000000e+03 1.599964413920917927e-02 0.000000000000000000e+00 1.000000000000000000e+00 0.000000000000000000e+00 0.000000000000000000e+00 0.000000000000000000e+00
4.250000000000000000e+03 1.699962189790982237e-02 0.000000000000000000e+00 1.000000000000000000e+00 0.000000000000000000e+00 0.000000000000000000e+00 0.000000000000000000e+00
4.500000000000000000e+03 1.799959965661046546e-02 0.000000000000000000e+00 1.000000000000000000e+00 0.000000000000000000e+00 0.000000000000000000e+00 0.000000000000000000e+00
4.750000000000000000e+03 1.899957741531110855e-02 0.000000000000000000e+00 1.000000000000000000e+00 0.000000000000000000e+00 0.000000000000000000e+00 0.000000000000000000e+00
5.000000000000000000e+03 1.999955517401152960e-02 0.000000000000000000e+00 1.000000000000000000e+00 0.000000000000000000e+00 0.000000000000000000e+00 0.000000000000000000e+00
5.250000000000000000e+03 2.099953293271217269e-02 0.000000000000000000e+00 1.000000000000000000e+00 0.000000000000000000e+00 0.000000000000000000e+00 0.000000000000000000e+00
5.500000000000000000e+03 2.199951069141281579e-02 0.000000000000000000e+00 1.000000000000000000e+00 0.000000000000000000e+00 0.000000000000000000e+00 0.000000000000000000e+00
5.750000000000000000e+03 2.299948845011323684e-02 0.000000000000000000e+00 1.000000000000000000e+00 0.000000000000000000e+00 0.000000000000000000e+00 0.000000000000000000e+00
6.000000000000000000e+03 2.399946620881387993e-02 0.000000000000000000e+00 1.000000000000000000e+00 0.000000000000000000e+00 0.000000000000000000e+00 0.000000000000000000e+00
6.250000000000000000e+03 2.499944396751452302e-02 0.000000000000000000e+00 1.000000000000000000e+00 0.000000000000000000e+00 0.000000000000000000e+00 0.000000000000000000e+00
6.500000000000000000e+03 2.599942172621516612e-02 0.000000000000000000e+00 1.000000000000000000e+00 0.000000000000000000e+00 0.000000000000000000e+00 0.000000000000000000e+00
6.750000000000000000e+03 2.699939948491558717e-02 0.000000000000000000e+00 1.000000000000000000e+00 0.000000000000000000e+00 0.000000000000000000e+00 0.000000000000000000e+00
7.000000000000000000e+03 2.799937724361623026e-02 0.000000000000000000e+00 1.000000000000000000e+00 0.000000000000000000e+00 0.000000000000000000e+00 0.000000000000000000e+00
7.250000000000000000e+03 2.899935500231687335e-02 0.000000000000000000e+00 1.000000000000000000e+00 0.000000000000000000e+00 0.000000000000000000e+00 0.000000000000000000e+00
7.500000000000000000e+03 2.999933276101751645e-02 0.000000000000000000e+00 1.000000000000000000e+00 0.000000000000000000e+00 0.000000000000000000e+00 0.000000000000000000e+00
7.750000000000000000e+03 3.099931051971793750e-02 0.000000000000000000e+00 1.000000000000000000e+00 0.000000000000000000e+00 0.000000000000000000e+00 0.000000000000000000e+00
8.000000000000000000e+03 3.199928827841858059e-02 0.000000000000000000e+00 1.000000000000000000e+00 0.000000000000000000e+00 0.000000000000000000e+00 0.000000000000000000e+00
8.250000000000000000e+03 3.299926603711922368e-02 0.000000000000000000e+00 1.000000000000000000e+00 0.000000000000000000e+00 0.000000000000000000e+00 0.000000000000000000e+00
8.500000000000000000e+03 3.399924379581964473e-02 0.000000000000000000e+00 1.000000000000000000e+00 0.000000000000000000e+00 0.000000000000000000e+00 0.000000000000000000e+00
8.750000000000000000e+03 3.499922155452028782e-02 0.000000000000000000e+00 1.000000000000000000e+00 0.000000000000000000e+00 0.000000000000000000e+00 0.000000000000000000e+00
9.000000000000000000e+03 3.599919931322093092e-02 0.000000000000000000e+00 1.000000000000000000e+00 0.000000000000000000e+00 0.000000000000000000e+00 0.000000000000000000e+00
9.250000000000000000e+03 3.699917707192157401e-02 0.000000000000000000e+00 1.000000000000000000e+00 0.000000000000000000e+00 0.000000000000000000e+00 0.000000000000000000e+00
9.500000000000000000e+03 3.799915483062199506e-02 0.000000000000000000e+00 1.000000000000000000e+00 0.000000000000000000e+00 0.000000000000000000e+00 0.000000000000000000e+00
9.750000000000000000e+03 3.899913258932263815e-02 0.000000000000000000e+00 1.000000000000000000e+00 0.000000000000000000e+00 0.000000000000000000e+00 0.000000000000000000e+00
1.000000000000000000e+04 3.999911034802328125e-02 0.000000000000000000e+00 1.000000000000000000e+00 0.000000000000000000e+00 0.000000000000000000e+00 0.000000000000000000e+00
1.025000000000000000e+04 4.099908810672370230e-02 0.000000000000000000e+00 1.000000000000000000e+00 0.000000000000000000e+00 0.000000000000000000e+00 0.000000000000000000e+00
1.050000000000000000e+04 4.199906586542434539e-02 0.000000000000000000e+00 1.000000000000000000e+00 0.000000000000000000e+00 0.000000000000000000e+00 0.000000000000000000e+00
1.075000000000000000e+04 4.299904362412498848e-02 0.000000000000000000e+00 1.000000000000000000e+00 0.000000000000000000e+00 0.000000000000000000e+00 0.000000000000000000e+00
1.100000000000000000e+04 4.399902138282563158e-02 0.000000000000000000e+00 1.000000000000000000e+00 0.000000000000000000e+00 0.000000000000000000e+00 0.000000000000000000e+00
1.125000000000000000e+04 4.499899914152605263e-02 0.000000000000000000e+00 1.000000000000000000e+00 0.000000000000000000e+00 0.000000000000000000e+00 0.000000000000000000e+00
1.150000000000000000e+04 4.599897690022669572e-02 0.000000000000000000e+00 1.000000000000000000e+00 0.000000000000000000e+00 0.000000000000000000e+00 0.000000000000000000e+00
1.175000000000000000e+04 4.699895465892733881e-02 0.000000000000000000e+00 1.000000000000000000e+00 0.000000000000000000e+00 0.000000000000000000e+00 0.000000000000000000e+00
1.200000000000000000e+04 4.799893241762775986e-02 0.000000000000000000e+00 1.000000000000000000e+00 0.000000000000000000e+00 0.000000000000000000e+00 0.000000000000000000e+00
1.225000000000000000e+04 4.899891017632840295e-02 0.000000000000000000e+00 1.000000000000000000e+00 0.000000000000000000e+00 0.000000000000000000e+00 0.000000000000000000e+00
1.250000000000000000e+04 4.999888793502904605e-02 0.000000000000000000e+00 1.000000000000000000e+00 0.000000000000000000e+00 0.000000000000000000e+00 0.000000000000000000e+00
1.275000000000000000e+04 5.099886569372968914e-02 0.000000000000000000e+00 1.000000000000000000e+00 0.000000000000000000e+00 0.000000000000000000e+00 0.000000000000000000e+00
1.300000000000000000e+04 5.199884345243011019e-02 0.000000000000000000e+00 1.000000000000000000e+00 0.000000000000000000e+00 0.000000000000000000e+00 0.000000000000000000e+00
1.325000000000000000e+04 5.299882121113075328e-02 0.000000000000000000e+00 1.000000000000000000e+00 0.000000000000000000e+00 0.000000000000000000e+00 0.000000000000000000e+00
1.350000000000000000e+04 5.399879896983139638e-02 0.000000000000000000e+00 1.000000000000000000e+00 0.000000000000000000e+00 0.000000000000000000e+00 0.000000000000000000e+00
1.375000000000000000e+04 5.499877672853181743e-02 2.275830678197542133e-04 9.997724169321802190e-01 0.000000000000000000e+00 0.000000000000000000e+00 0.000000000000000000e+00
1.400000000000000000e+04 5.599875448723246052e-02 0.000000000000000000e+00 1.000000000000000000e+00 0.000000000000000000e+00 0.000000000000000000e+00 0.000000000000000000e+00
1.425000000000000000e+04 5.699873224593310361e-02 0.000000000000000000e+00 1.000000000000000000e+00 0.000000000000000000e+00 0.000000000000000000e+00 0.000000000000000000e+00
1.450000000000000000e+04 5.799871000463374671e-02 0.000000000000000000e+00 1.000000000000000000e+00 0.000000000000000000e+00 0.000000000000000000e+00 0.000000000000000000e+00
1.475000000000000000e+04 5.899868776333416776e-02 0.000000000000000000e+00 1.000000000000000000e+00 0.000000000000000000e+00 0.000000000000000000e+00 0.000000000000000000e+00
1.500000000000000000e+04 5.999866552203481085e-02 0.000000000000000000e+00 1.000000000000000000e+00 0.000000000000000000e+00 0.000000000000000000e+00 0.000000000000000000e+00
1.525000000000000000e+04 6.099864328073545394e-02 0.000000000000000000e+00 1.000000000000000000e+00 0.000000000000000000e+00 0.000000000000000000e+00 0.000000000000000000e+00
1.550000000000000000e+04 6.199862103943587499e-02 0.000000000000000000e+00 1.000000000000000000e+00 0.000000000000000000e+00 0.000000000000000000e+00 0.000000000000000000e+00
1.575000000000000000e+04 6.299859879813651808e-02 0.000000000000000000e+00 1.000000000000000000e+00 0.000000000000000000e+00 0.000000000000000000e+00 0.000000000000000000e+00
1.600000000000000000e+04 6.399857655683716118e-02 0.000000000000000000e+00 1.000000000000000000e+00 0.000000000000000000e+00 0.000000000000000000e+00 0.000000000000000000e+00
1.625000000000000000e+04 6.499855431553780427e-02 0.000000000000000000e+00 1.000000000000000000e+00 0.000000000000000000e+00 0.000000000000000000e+00 0.000000000000000000e+00
1.650000000000000000e+04 6.599853207423822532e-02 0.000000000000000000e+00 1.000000000000000000e+00 0.000000000000000000e+00 0.000000000000000000e+00 0.000000000000000000e+00
1.675000000000000000e+04 6.699850983293886841e-02 0.000000000000000000e+00 1.000000000000000000e+00 0.000000000000000000e+00 0.000000000000000000e+00 0.000000000000000000e+00
1.700000000000000000e+04 6.799848759163951151e-02 4.551661356395084266e-04 9.995448338643604380e-01 0.000000000000000000e+00 0.000000000000000000e+00 0.000000000000000000e+00
1.725000000000000000e+04 6.899846535033993256e-02 0.000000000000000000e+00 1.000000000000000000e+00 0.000000000000000000e+00 0.000000000000000000e+00 0.000000000000000000e+00
1.750000000000000000e+04 6.999844310904057565e-02 0.000000000000000000e+00 1.000000000000000000e+00 0.000000000000000000e+00 0.000000000000000000e+00 0.000000000000000000e+00
1.775000000000000000e+04 7.099842086774121874e-02 4.551661356395084266e-04 9.995448338643604380e-01 0.000000000000000000e+00 0.000000000000000000e+00 0.000000000000000000e+00
1.800000000000000000e+04 7.199839862644186184e-02 0.000000000000000000e+00 1.000000000000000000e+00 0.000000000000000000e+00 0.000000000000000000e+00 0.000000000000000000e+00
1.825000000000000000e+04 7.299837638514228288e-02 0.000000000000000000e+00 1.000000000000000000e+00 0.000000000000000000e+00 0.000000000000000000e+00 0.000000000000000000e+00
1.850000000000000000e+04 7.399835414384292598e-02 0.000000000000000000e+00 1.000000000000000000e+00 0.000000000000000000e+00 0.000000000000000000e+00 0.000000000000000000e+00
1.875000000000000000e+04 7.499833190254356907e-02 9.103322712790168532e-04 9.990896677287209870e-01 0.000000000000000000e+00 0.000000000000000000e+00 0.000000000000000000e+00
1.900000000000000000e+04 7.599830966124399012e-02 0.000000000000000000e+00 1.000000000000000000e+00 0.000000000000000000e+00 0.000000000000000000e+00 0.000000000000000000e+00
1.925000000000000000e+04 7.699828741994463321e-02 0.000000000000000000e+00 1.000000000000000000e+00 0.000000000000000000e+00 0.000000000000000000e+00 0.000000000000000000e+00
1.950000000000000000e+04 7.799826517864527631e-02 1.137915339098771066e-04 9.998862084660901095e-01 0.000000000000000000e+00 0.000000000000000000e+00 0.000000000000000000e+00
1.975000000000000000e+04 7.899824293734591940e-02 3.413746017296313199e-04 9.996586253982703285e-01 0.000000000000000000e+00 0.000000000000000000e+00 0.000000000000000000e+00
2.000000000000000000e+04 7.999822069604634045e-02 1.251706873008648227e-03 9.987482931269913156e-01 0.000000000000000000e+00 0.000000000000000000e+00 0.000000000000000000e+00
2.025000000000000000e+04 8.099819845474698354e-02 1.137915339098771066e-04 9.998862084660901095e-01 0.000000000000000000e+00 0.000000000000000000e+00 0.000000000000000000e+00
2.050000000000000000e+04 8.199817621344762664e-02 6.827492034592626399e-04 9.993172507965407680e-01 0.000000000000000000e+00 0.000000000000000000e+00 0.000000000000000000e+00
2.075000000000000000e+04 8.299815397214804769e-02 4.551661356395084266e-04 9.995448338643604380e-01 0.000000000000000000e+00 0.000000000000000000e+00 0.000000000000000000e+00
2.100000000000000000e+04 8.399813173084869078e-02 5.689576695493854790e-04 9.994310423304506585e-01 0.000000000000000000e+00 0.000000000000000000e+00 0.000000000000000000e+00
2.125000000000000000e+04 8.499810948954933387e-02 1.137915339098771066e-04 9.998862084660901095e-01 0.000000000000000000e+00 0.000000000000000000e+00 0.000000000000000000e+00
2.150000000000000000e+04 8.599808724824997697e-02 0.000000000000000000e+00 1.000000000000000000e+00 0.000000000000000000e+00 0.000000000000000000e+00 0.000000000000000000e+00
2.175000000000000000e+04 8.699806500695039801e-02 6.827492034592626399e-04 9.993172507965407680e-01 0.000000000000000000e+00 0.000000000000000000e+00 0.000000000000000000e+00
2.200000000000000000e+04 8.799804276565104111e-02 5.689576695493854790e-04 9.994310423304506585e-01 0.000000000000000000e+00 0.000000000000000000e+00 0.000000000000000000e+00
2.225000000000000000e+04 8.899802052435168420e-02 5.689576695493854790e-04 9.994310423304506585e-01 0.000000000000000000e+00 0.000000000000000000e+00 0.000000000000000000e+00
2.250000000000000000e+04 8.999799828305232730e-02 6.827492034592626399e-04 9.993172507965407680e-01 0.000000000000000000e+00 0.000000000000000000e+00 0.000000000000000000e+00
2.275000000000000000e+04 9.099797604175274834e-02 1.706873008648156654e-03 9.982931269913518646e-01 0.000000000000000000e+00 0.000000000000000000e+00 0.000000000000000000e+00
2.300000000000000000e+04 9.199795380045339144e-02 6.827492034592626399e-04 9.993172507965407680e-01 0.000000000000000000e+00 0.000000000000000000e+00 0.000000000000000000e+00
2.325000000000000000e+04 9.299793155915403453e-02 3.413746017296313199e-04 9.996586253982703285e-01 0.000000000000000000e+00 0.000000000000000000e+00 0.000000000000000000e+00
2.350000000000000000e+04 9.399790931785445558e-02 9.103322712790168532e-04 9.989758761948110966e-01 0.000000000000000000e+00 1.137915339098771066e-04 0.000000000000000000e+00
2.375000000000000000e+04 9.499788707655509867e-02 2.275830678197542133e-04 9.997724169321802190e-01 0.000000000000000000e+00 0.000000000000000000e+00 0.000000000000000000e+00
2.400000000000000000e+04 9.599786483525574177e-02 1.137915339098770958e-03 9.987482931269913156e-01 0.000000000000000000e+00 1.137915339098771066e-04 0.000000000000000000e+00
2.425000000000000000e+04 9.699784259395638486e-02 1.593081474738279385e-03 9.984069185252617551e-01 0.000000000000000000e+00 0.000000000000000000e+00 0.000000000000000000e+00
2.450000000000000000e+04 9.799782035265680591e-02 2.048247610377787811e-03 9.977241693218024121e-01 0.000000000000000000e+00 2.275830678197542133e-04 0.000000000000000000e+00
2.475000000000000000e+04 9.899779811135744900e-02 1.706873008648156654e-03 9.978379608557123026e-01 0.000000000000000000e+00 4.551661356395084266e-04 0.000000000000000000e+00
2.500000000000000000e+04 9.999777587005809210e-02 3.186162949476558769e-03 9.967000455166135087e-01 0.000000000000000000e+00 1.137915339098771066e-04 0.000000000000000000e+00
2.525000000000000000e+04 1.009977536287585131e-01 4.779244424214838804e-03 9.951069640418752638e-01 0.000000000000000000e+00 1.137915339098771066e-04 0.000000000000000000e+00
2.550000000000000000e+04 1.019977313874591562e-01 2.162039144287664864e-03 9.978379608557123026e-01 0.000000000000000000e+00 0.000000000000000000e+00 0.000000000000000000e+00
2.575000000000000000e+04 1.029977091461597993e-01 6.030951297223486815e-03 9.931725079654073474e-01 0.000000000000000000e+00 7.965407373691396923e-04 0.000000000000000000e+00
2.600000000000000000e+04 1.039976869048604424e-01 6.258534365043240920e-03 9.928311333636777869e-01 0.000000000000000000e+00 9.103322712790168532e-04 0.000000000000000000e+00
2.625000000000000000e+04 1.049976646635608635e-01 9.217114246700046018e-03 9.903277196176604180e-01 0.000000000000000000e+00 4.551661356395084266e-04 0.000000000000000000e+00
2.650000000000000000e+04 1.059976424222615066e-01 8.648156577150659455e-03 9.905553026854801990e-01 0.000000000000000000e+00 7.965407373691396923e-04 0.000000000000000000e+00
2.675000000000000000e+04 1.069976201809621497e-01 6.827492034592626616e-03 9.927173418297678964e-01 0.000000000000000000e+00 4.551661356395084266e-04 0.000000000000000000e+00
2.700000000000000000e+04 1.079975979396625707e-01 1.581702321347291593e-02 9.819071461083295205e-01 0.000000000000000000e+00 2.275830678197541916e-03 0.000000000000000000e+00
2.725000000000000000e+04 1.089975756983632138e-01 2.275830678197542090e-02 9.709831588529813651e-01 0.000000000000000000e+00 6.258534365043240920e-03 0.000000000000000000e+00
2.750000000000000000e+04 1.099975534570638569e-01 8.067819754210286964e-02 7.240555302685480754e-01 6.599908966772872511e-03 1.886663632225762388e-01 0.000000000000000000e+00
2.775000000000000000e+04 1.109975312157645000e-01 2.071005917159763343e-01 3.801775147928994070e-01 1.183431952662721831e-01 2.943786982248520756e-01 0.000000000000000000e+00
2.800000000000000000e+04 1.119975089744649210e-01 1.030951297223486607e-01 5.747610377787892855e-01 2.798133818843878129e-01 4.233045061447428259e-02 0.000000000000000000e+00
2.825000000000000000e+04 1.129974867331655641e-01 8.397815202548930547e-02 6.367774237596722786e-01 2.694583522985889990e-01 9.786071916249430847e-03 0.000000000000000000e+00
2.850000000000000000e+04 1.139974644918662072e-01 7.840236686390532339e-02 6.415566681838871244e-01 2.770823850705507740e-01 2.958579881656804664e-03 0.000000000000000000e+00
2.875000000000000000e+04 1.149974422505666283e-01 7.476103777878925771e-02 6.445152480655439442e-01 2.763996358670914866e-01 4.324078288575329727e-03 0.000000000000000000e+00
2.900000000000000000e+04 1.159974200092672714e-01 7.851615839781520001e-02 6.423532089212562468e-01 2.763996358670914866e-01 2.730996813837050560e-03 0.000000000000000000e+00
2.925000000000000000e+04 1.169973977679679145e-01 7.385070550751024476e-02 6.445152480655439442e-01 2.796995903504779224e-01 1.934456076467910759e-03 0.000000000000000000e+00
2.950000000000000000e+04 1.179973755266685576e-01 7.646791078743742087e-02 6.438324988620847122e-01 2.778789258079198965e-01 1.820664542558033706e-03 0.000000000000000000e+00
2.975000000000000000e+04 1.189973532853689786e-01 7.658170232134729749e-02 6.447428311333637252e-01 2.756030951297223641e-01 3.072371415566681717e-03 0.000000000000000000e+00
3.000000000000000000e+04 1.199973310440696217e-01 7.430587164314975124e-02 6.433773327264451503e-01 2.798133818843878129e-01 2.503413746017296455e-03 0.000000000000000000e+00
3.025000000000000000e+04 1.209973088027702648e-01 7.635411925352754425e-02 6.439462903959944917e-01 2.783340919435594030e-01 1.365498406918525280e-03 0.000000000000000000e+00
3.050000000000000000e+04 1.219972865614706858e-01 7.942649066909421296e-02 6.416704597177970149e-01 2.770823850705507740e-01 1.820664542558033706e-03 0.000000000000000000e+00
3.075000000000000000e+04 1.229972643201713289e-01 7.646791078743742087e-02 6.432635411925352598e-01 2.792444242148384159e-01 1.024123805188893906e-03 0.000000000000000000e+00
3.100000000000000000e+04 1.239972420788719720e-01 8.306781975421029252e-02 6.392808375056895365e-01 2.759444697314519801e-01 1.706873008648156654e-03 0.000000000000000000e+00
3.125000000000000000e+04 1.249972198375726151e-01 7.931269913518433634e-02 6.425807919890760278e-01 2.758306781975420896e-01 2.275830678197541916e-03 0.000000000000000000e+00
3.150000000000000000e+04 1.259971975962730362e-01 8.022303140646336317e-02 6.407601274465180019e-01 2.774237596722803900e-01 1.593081474738279385e-03 0.000000000000000000e+00
3.175000000000000000e+04 1.269971753549736793e-01 7.635411925352754425e-02 6.438324988620847122e-01 2.785616750113791285e-01 1.251706873008648227e-03 0.000000000000000000e+00
3.200000000000000000e+04 1.279971531136743224e-01 8.386436049157942885e-02 6.407601274465180019e-01 2.734410559854346667e-01 1.934456076467910759e-03 0.000000000000000000e+00
3.225000000000000000e+04 1.289971308723747434e-01 8.682294037323623481e-02 6.378015475648611821e-01 2.743513882567136797e-01 1.024123805188893906e-03 0.000000000000000000e+00
3.250000000000000000e+04 1.299971086310753865e-01 7.783340919435594030e-02 6.424670004551661373e-01 2.779927173418297870e-01 1.706873008648156654e-03 0.000000000000000000e+00
3.275000000000000000e+04 1.309970863897760296e-01 8.124715521165225274e-02 6.424670004551661373e-01 2.751479289940828576e-01 1.137915339098770958e-03 0.000000000000000000e+00
3.300000000000000000e+04 1.319970641484766727e-01 8.579881656804733137e-02 6.401911697769685494e-01 2.729858898497951603e-01 1.024123805188893906e-03 0.000000000000000000e+00
3.325000000000000000e+04 1.329970419071770937e-01 8.852981338188438409e-02 6.374601729631315106e-01 2.730996813837050508e-01 9.103322712790168532e-04 0.000000000000000000e+00
3.350000000000000000e+04 1.339970196658777368e-01 8.204369594902138907e-02 6.406463359126081114e-01 2.765134274010013771e-01 7.965407373691396923e-04 0.000000000000000000e+00
3.375000000000000000e+04 1.349969974245783799e-01 9.490213928083750250e-02 6.360946745562130467e-01 2.669549385525716856e-01 2.048247610377787811e-03 0.000000000000000000e+00
3.400000000000000000e+04 1.359969751832788010e-01 8.693673190714611143e-02 6.436049157942649313e-01 2.688893946290396020e-01 5.689576695493854790e-04 0.000000000000000000e+00
3.425000000000000000e+04 1.369969529419794441e-01 8.591260810195720798e-02 6.458807464724624081e-01 2.677514792899408080e-01 4.551661356395084266e-04 0.000000000000000000e+00
3.450000000000000000e+04 1.379969307006800872e-01 8.648156577150660496e-02 6.439462903959944917e-01 2.693445607646791085e-01 2.275830678197542133e-04 0.000000000000000000e+00
3.475000000000000000e+04 1.389969084593807302e-01 8.693673190714611143e-02 6.436049157942649313e-01 2.692307692307692180e-01 2.275830678197542133e-04 0.000000000000000000e+00
3.500000000000000000e+04 1.399968862180811513e-01 8.796085571233500100e-02 6.434911242603550408e-01 2.682066454255803145e-01 3.413746017296313199e-04 0.000000000000000000e+00
3.525000000000000000e+04 1.409968639767817944e-01 9.114701866181156020e-02 6.401911697769685494e-01 2.677514792899408080e-01 9.103322712790168532e-04 0.000000000000000000e+00
3.550000000000000000e+04 1.419968417354824375e-01 9.114701866181156020e-02 6.424670004551661373e-01 2.655894401456531662e-01 7.965407373691396923e-04 0.000000000000000000e+00
3.575000000000000000e+04 1.429968194941830806e-01 1.013882567137004975e-01 6.363222576240327166e-01 2.613791533909877174e-01 9.103322712790168532e-04 0.000000000000000000e+00
3.600000000000000000e+04 1.439967972528835016e-01 1.095812471552116557e-01 6.246017296313154388e-01 2.589895311788802945e-01 6.827492034592626616e-03 0.000000000000000000e+00
3.625000000000000000e+04 1.449967750115841447e-01 1.082157487482931224e-01 6.307464724624487484e-01 2.581929904415111721e-01 2.844788347746927612e-03 0.000000000000000000e+00
3.650000000000000000e+04 1.459967527702847878e-01 1.076467910787437393e-01 6.340464269458352398e-01 2.579654073736913911e-01 3.413746017296313199e-04 0.000000000000000000e+00
3.675000000000000000e+04 1.469967305289852089e-01 1.088984979517523960e-01 6.327947200728265553e-01 2.570550751024123781e-01 1.251706873008648227e-03 0.000000000000000000e+00
3.700000000000000000e+04 1.479967082876858520e-01 1.075329995448338627e-01 6.333636777423760078e-01 2.586481565771506785e-01 4.551661356395084266e-04 0.000000000000000000e+00
3.725000000000000000e+04 1.489966860463864951e-01 1.074192080109239861e-01 6.331360946745562268e-01 2.578516158397815006e-01 1.593081474738279385e-03 0.000000000000000000e+00
3.750000000000000000e+04 1.499966638050871381e-01 1.084433318161128756e-01 6.351843422849340337e-01 2.555757851615839682e-01 7.965407373691396923e-04 0.000000000000000000e+00
3.775000000000000000e+04 1.509966415637875592e-01 1.331360946745562268e-01 6.207328174783796060e-01 2.432862994993172379e-01 2.844788347746927612e-03 0.000000000000000000e+00
3.800000000000000000e+04 1.519966193224882023e-01 1.746700045516613453e-01 5.913746017296312996e-01 2.231451979972690070e-01 1.081019572143832562e-02 0.000000000000000000e+00
3.825000000000000000e+04 1.529965970811888454e-01 1.610150204824760956e-01 6.022985889849795660e-01 2.221210741920801035e-01 1.456531634046426965e-02 0.000000000000000000e+00
3.850000000000000000e+04 1.539965748398892664e-01 1.481565771506599960e-01 6.088984979517524376e-01 2.291761492944924816e-01 1.376877560309512985e-02 0.000000000000000000e+00
3.875000000000000000e+04 1.549965525985899095e-01 1.407601274465179741e-01 6.382567137005006330e-01 2.122212107419207960e-01 8.761948111060537808e-03 0.000000000000000000e+00
3.900000000000000000e+04 1.559965303572905526e-01 1.271051433773327244e-01 6.711424670004552118e-01 1.977696859353663961e-01 3.982703686845699004e-03 0.000000000000000000e+00
3.925000000000000000e+04 1.569965081159911957e-01 1.252844788347746985e-01 6.762630860263996180e-01 1.945835229858898507e-01 3.868912152935821518e-03 0.000000000000000000e+00
3.950000000000000000e+04 1.579964858746916168e-01 1.250568957669549452e-01 6.743286299499317016e-01 1.950386891215293572e-01 5.575785161583977738e-03 0.000000000000000000e+00
3.975000000000000000e+04 1.589964636333922599e-01 1.275603095129722309e-01 6.714838416021847722e-01 1.934456076467910846e-01 7.510241238051888930e-03 0.000000000000000000e+00
4.000000000000000000e+04 1.599964413920929029e-01 1.240327719617660418e-01 6.706873008648156498e-01 1.962903959945380139e-01 8.989531178880291046e-03 0.000000000000000000e+00
4.025000000000000000e+04 1.609964191507933240e-01 1.490669094219390090e-01 6.519116977696859383e-01 1.923076923076923184e-01 6.713700500682749130e-03 0.000000000000000000e+00
4.050000000000000000e+04 1.619963969094939671e-01 1.272189349112426149e-01 6.759217114246700575e-01 1.896904870277651423e-01 7.168866636322257339e-03 0.000000000000000000e+00
4.075000000000000000e+04 1.629963746681946102e-01 1.201638598088302229e-01 6.781975421028675344e-01 1.958352298588985074e-01 5.803368229403732710e-03 0.000000000000000000e+00
4.100000000000000000e+04 1.639963524268952533e-01 1.228948566226672756e-01 6.750113791533909335e-01 1.975421028675466428e-01 4.551661356395083832e-03 0.000000000000000000e+00
4.125000000000000000e+04 1.649963301855956743e-01 1.224396904870277691e-01 6.760355029585798370e-01 1.967455621301775204e-01 4.779244424214838804e-03 0.000000000000000000e+00
4.150000000000000000e+04 1.659963079442963174e-01 1.220983158852981393e-01 6.789940828402366568e-01 1.946973145197997135e-01 4.210286754665453109e-03 0.000000000000000000e+00
4.175000000000000000e+04 1.669962857029969605e-01 1.185707783340919502e-01 6.761492944924897275e-01 1.975421028675466428e-01 7.737824305871643035e-03 0.000000000000000000e+00
4.200000000000000000e+04 1.679962634616973816e-01 1.167501137915339104e-01 6.786527082385070964e-01 1.987938097405552995e-01 5.803368229403732710e-03 0.000000000000000000e+00
4.225000000000000000e+04 1.689962412203980247e-01 1.201638598088302229e-01 6.779699590350477534e-01 1.961766044606281234e-01 5.689576695493855224e-03 0.000000000000000000e+00
4.250000000000000000e+04 1.699962189790986677e-01 1.191397360036413333e-01 6.763768775603095085e-01 1.979972690031861493e-01 6.486117432862995025e-03 0.000000000000000000e+00
4.275000000000000000e+04 1.709961967377993108e-01 1.201638598088302229e-01 6.771734182976786309e-01 1.969731451979972736e-01 5.689576695493855224e-03 0.000000000000000000e+00
4.300000000000000000e+04 1.719961744964997319e-01 1.169776968593536637e-01 6.777423759672280834e-01 1.986800182066454368e-01 6.599908966772872511e-03 0.000000000000000000e+00
4.325000000000000000e+04 1.729961522552003750e-01 1.226672735548475224e-01 6.733045061447427981e-01 1.985662266727355463e-01 5.461993627674101119e-03 0.000000000000000000e+00
4.350000000000000000e+04 1.739961300139010181e-01 1.192535275375512099e-01 6.766044606281292895e-01 2.002730996813837094e-01 3.868912152935821518e-03 0.000000000000000000e+00
4.375000000000000000e+04 1.749961077726014391e-01 1.232362312243969055e-01 6.725079654073736757e-01 1.989076012744651900e-01 5.348202093764223633e-03 0.000000000000000000e+00
4.400000000000000000e+04 1.759960855313020822e-01 1.213017751479289891e-01 6.731907146108329076e-01 2.001593081474738189e-01 5.348202093764223633e-03 0.000000000000000000e+00
4.425000000000000000e+04 1.769960632900027253e-01 1.214155666818388657e-01 6.734182976786526886e-01 2.000455166135639562e-01 5.120619025944469528e-03 0.000000000000000000e+00
4.450000000000000000e+04 1.779960410487033684e-01 1.223258989531178925e-01 6.714838416021847722e-01 1.998179335457442030e-01 6.372325898953117539e-03 0.000000000000000000e+00
4.475000000000000000e+04 1.789960188074037895e-01 1.195949021392808398e-01 6.726217569412835662e-01 2.006144742831133254e-01 7.168866636322257339e-03 0.000000000000000000e+00
4.500000000000000000e+04 1.799959965661044325e-01 1.228948566226672756e-01 6.706873008648156498e-01 2.008420573509330787e-01 5.575785161583977738e-03 0.000000000000000000e+00
4.525000000000000000e+04 1.809959743248050756e-01 1.225534820209376458e-01 6.713700500682748817e-01 2.003868912152935722e-01 5.689576695493855224e-03 0.000000000000000000e+00
4.550000000000000000e+04 1.819959520835054967e-01 1.222121074192080159e-01 6.703459262630859783e-01 2.011834319526627224e-01 6.258534365043240920e-03 0.000000000000000000e+00
4.575000000000000000e+04 1.829959298422061398e-01 1.217569412835685094e-01 6.700045516613564178e-01 2.023213472917614886e-01 5.917159763313609329e-03 0.000000000000000000e+00
4.600000000000000000e+04 1.839959076009067829e-01 1.227810650887573990e-01 6.712562585343649912e-01 1.983386436049157930e-01 7.624032771961766417e-03 0.000000000000000000e+00
4.625000000000000000e+04 1.849958853596074260e-01 1.232362312243969055e-01 6.694355939918069653e-01 2.008420573509330787e-01 6.486117432862995025e-03 0.000000000000000000e+00
4.650000000000000000e+04 1.859958631183078470e-01 1.232362312243969055e-01 6.692080109239872954e-01 2.008420573509330787e-01 6.713700500682749130e-03 0.000000000000000000e+00
4.675000000000000000e+04 1.869958408770084901e-01 1.263086026399635742e-01 6.678425125170687204e-01 1.982248520710059303e-01 7.624032771961766417e-03 0.000000000000000000e+00
4.700000000000000000e+04 1.879958186357091332e-01 1.261948111060537114e-01 6.708010923987255403e-01 1.970869367319071364e-01 5.917159763313609329e-03 0.000000000000000000e+00
4.725000000000000000e+04 1.889957963944095543e-01 1.249431042330450548e-01 6.697769685935366368e-01 1.982248520710059303e-01 7.055075102412380721e-03 0.000000000000000000e+00
4.750000000000000000e+04 1.899957741531101973e-01 1.296085571233500100e-01 6.673873463814292695e-01 1.976558944014565333e-01 5.348202093764223633e-03 0.000000000000000000e+00
4.775000000000000000e+04 1.909957519118108404e-01 1.338188438780154865e-01 6.642011834319526686e-01 1.978834774692762866e-01 4.096495220755575623e-03 0.000000000000000000e+00
4.800000000000000000e+04 1.919957296705114835e-01 1.323395539371870766e-01 6.619253527537550807e-01 2.008420573509330787e-01 4.893035958124715423e-03 0.000000000000000000e+00
4.825000000000000000e+04 1.929957074292119046e-01 1.341602184797451025e-01 6.623805188893946427e-01 1.999317250796540657e-01 3.527537551206190360e-03 0.000000000000000000e+00
4.850000000000000000e+04 1.939956851879125477e-01 1.341602184797451025e-01 6.611288120163859583e-01 2.008420573509330787e-01 3.868912152935821518e-03 0.000000000000000000e+00
4.875000000000000000e+04 1.949956629466131908e-01 1.371187983614019223e-01 6.602184797451069453e-01 2.002730996813837094e-01 2.389622212107419402e-03 0.000000000000000000e+00
4.900000000000000000e+04 1.959956407053136118e-01 1.404187528447883582e-01 6.578288575329995780e-01 1.991351843422849432e-01 2.617205279927173507e-03 0.000000000000000000e+00
4.925000000000000000e+04 1.969956184640142549e-01 1.408739189804278646e-01 6.547564861174328676e-01 2.001593081474738189e-01 4.210286754665453109e-03 0.000000000000000000e+00
4.950000000000000000e+04 1.979955962227148980e-01 1.456531634046426826e-01 6.437187073281748217e-01 2.065316340464269373e-01 4.096495220755575623e-03 0.000000000000000000e+00
4.975000000000000000e+04 1.989955739814155411e-01 1.537323623122439642e-01 6.405325443786982209e-01 2.027765134274009950e-01 2.958579881656804664e-03 0.000000000000000000e+00
5.000000000000000000e+04 1.999955517401159621e-01 1.508875739644970349e-01 6.448566226672735047e-01 1.978834774692762866e-01 6.372325898953117539e-03 0.000000000000000000e+00
5.025000000000000000e+04 2.009955294988166052e-01 1.556668183887118806e-01 6.396222121074192080e-01 1.976558944014565333e-01 7.055075102412380721e-03 0.000000000000000000e+00
5.050000000000000000e+04 2.019955072575172483e-01 1.459945380063723264e-01 6.558944014565316616e-01 1.933318161128811941e-01 4.779244424214838804e-03 0.000000000000000000e+00
5.075000000000000000e+04 2.029954850162178914e-01 1.430359581247155343e-01 6.556668183887118806e-01 1.949248975876194945e-01 6.372325898953117539e-03 0.000000000000000000e+00
5.100000000000000000e+04 2.039954627749183125e-01 1.428083750568957533e-01 6.604460628129267263e-01 1.907146108329540179e-01 6.030951297223486815e-03 0.000000000000000000e+00
5.125000000000000000e+04 2.049954405336189556e-01 1.396222121074192080e-01 6.637460172963131066e-01 1.917387346381429214e-01 4.893035958124715423e-03 0.000000000000000000e+00
5.150000000000000000e+04 2.059954182923195987e-01 1.400773782430587144e-01 6.614701866181156298e-01 1.931042330450614408e-01 5.348202093764223633e-03 0.000000000000000000e+00
5.175000000000000000e+04 2.069953960510200197e-01 1.366636322257624159e-01 6.653390987710514626e-01 1.936731907146108378e-01 4.324078288575329727e-03 0.000000000000000000e+00
5.200000000000000000e+04 2.079953738097206628e-01 1.391670459717797015e-01 6.626081019572144237e-01 1.939007737824305910e-01 4.324078288575329727e-03 0.000000000000000000e+00
5.225000000000000000e+04 2.089953515684213059e-01 1.382567137005006885e-01 6.645425580336823401e-01 1.927628584433318248e-01 4.437869822485207214e-03 0.000000000000000000e+00
5.250000000000000000e+04 2.099953293271219490e-01 1.383705052344105513e-01 6.648839326354119006e-01 1.928766499772416876e-01 3.868912152935821518e-03 0.000000000000000000e+00
5.275000000000000000e+04 2.109953070858223700e-01 1.385980883022303045e-01 6.632908511606736557e-01 1.929904415111515781e-01 5.120619025944469528e-03 0.000000000000000000e+00
5.300000000000000000e+04 2.119952848445230131e-01 1.378015475648611821e-01 6.632908511606736557e-01 1.943559399180700975e-01 4.551661356395083832e-03 0.000000000000000000e+00
5.325000000000000000e+04 2.129952626032236562e-01 1.376877560309512916e-01 6.652253072371415721e-01 1.929904415111515781e-01 4.096495220755575623e-03 0.000000000000000000e+00
5.350000000000000000e+04 2.139952403619240773e-01 1.372325898953117851e-01 6.637460172963131066e-01 1.941283568502503443e-01 4.893035958124715423e-03 0.000000000000000000e+00
5.375000000000000000e+04 2.149952181206247204e-01 1.378015475648611821e-01 6.610150204824760678e-01 1.962903959945380139e-01 4.893035958124715423e-03 0.000000000000000000e+00
5.400000000000000000e+04 2.159951958793253635e-01 1.414428766499772339e-01 6.601046882111970548e-01 1.929904415111515781e-01 5.461993627674101119e-03 0.000000000000000000e+00
5.425000000000000000e+04 2.169951736380260066e-01 1.417842512517068776e-01 6.607874374146563978e-01 1.935593991807009473e-01 3.868912152935821518e-03 0.000000000000000000e+00
5.450000000000000000e+04 2.179951513967264276e-01 1.390532544378698110e-01 6.616977696859354108e-01 1.945835229858898507e-01 4.665452890304961318e-03 0.000000000000000000e+00
5.475000000000000000e+04 2.189951291554270707e-01 1.372325898953117851e-01 6.635184342284934367e-01 1.942421483841602070e-01 5.006827492034592909e-03 0.000000000000000000e+00
5.500000000000000000e+04 2.199951069141277138e-01 1.404187528447883582e-01 6.626081019572144237e-01 1.926490669094219343e-01 4.324078288575329727e-03 0.000000000000000000e+00
5.525000000000000000e+04 2.209950846728281348e-01 1.397360036413290985e-01 6.647701411015020101e-01 1.913973600364132777e-01 4.096495220755575623e-03 0.000000000000000000e+00
5.550000000000000000e+04 2.219950624315287779e-01 1.422394173873463841e-01 6.585116067364588099e-01 1.942421483841602070e-01 5.006827492034592909e-03 0.000000000000000000e+00
5.575000000000000000e+04 2.229950401902294210e-01 1.378015475648611821e-01 6.627218934911243142e-01 1.942421483841602070e-01 5.234410559854347014e-03 0.000000000000000000e+00
5.600000000000000000e+04 2.239950179489300641e-01 1.421256258534364936e-01 6.619253527537550807e-01 1.913973600364132777e-01 4.551661356395083832e-03 0.000000000000000000e+00
5.625000000000000000e+04 2.249949957076304852e-01 1.414428766499772339e-01 6.587391898042785909e-01 1.953800637232590010e-01 4.437869822485207214e-03 0.000000000000000000e+00
5.650000000000000000e+04 2.259949734663311283e-01 1.408739189804278646e-01 6.626081019572144237e-01 1.919663177059626746e-01 4.551661356395083832e-03 0.000000000000000000e+00
5.675000000000000000e+04 2.269949512250317714e-01 1.436049157942649035e-01 6.583978152025489194e-01 1.950386891215293572e-01 2.958579881656804664e-03 0.000000000000000000e+00
