# itime ezz other fcc hcp bcc ico
0.000000000000000000e+00 0.000000000000000000e+00 0.000000000000000000e+00 1.000000000000000000e+00 0.000000000000000000e+00 0.000000000000000000e+00 0.000000000000000000e+00
2.500000000000000000e+03 9.999968372145451312e-03 0.000000000000000000e+00 1.000000000000000000e+00 0.000000000000000000e+00 0.000000000000000000e+00 0.000000000000000000e+00
5.000000000000000000e+03 1.999993674429068058e-02 0.000000000000000000e+00 1.000000000000000000e+00 0.000000000000000000e+00 0.000000000000000000e+00 0.000000000000000000e+00
7.500000000000000000e+03 2.999990511643613189e-02 0.000000000000000000e+00 1.000000000000000000e+00 0.000000000000000000e+00 0.000000000000000000e+00 0.000000000000000000e+00
1.000000000000000000e+04 3.999987348858136116e-02 0.000000000000000000e+00 1.000000000000000000e+00 0.000000000000000000e+00 0.000000000000000000e+00 0.000000000000000000e+00
1.250000000000000000e+04 4.999984186072681247e-02 0.000000000000000000e+00 1.000000000000000000e+00 0.000000000000000000e+00 0.000000000000000000e+00 0.000000000000000000e+00
1.500000000000000000e+04 5.999981023287204174e-02 0.000000000000000000e+00 1.000000000000000000e+00 0.000000000000000000e+00 0.000000000000000000e+00 0.000000000000000000e+00
1.750000000000000000e+04 6.999977860501749305e-02 0.000000000000000000e+00 1.000000000000000000e+00 0.000000000000000000e+00 0.000000000000000000e+00 0.000000000000000000e+00
2.000000000000000000e+04 7.999974697716272232e-02 2.275830678197542133e-04 9.997724169321802190e-01 0.000000000000000000e+00 0.000000000000000000e+00 0.000000000000000000e+00
2.250000000000000000e+04 8.999971534930817363e-02 9.103322712790168532e-04 9.990896677287209870e-01 0.000000000000000000e+00 0.000000000000000000e+00 0.000000000000000000e+00
2.500000000000000000e+04 9.999968372145340290e-02 3.413746017296313308e-03 9.964724624487938387e-01 0.000000000000000000e+00 1.137915339098771066e-04 0.000000000000000000e+00
2.750000000000000000e+04 1.099996520935988542e-01 3.379608557123350149e-02 9.291078743741465473e-01 0.000000000000000000e+00 3.709604005461993731e-02 0.000000000000000000e+00
3.000000000000000000e+04 1.199996204657443055e-01 6.884387801547564578e-02 7.476103777878926326e-01 1.825216203914428736e-01 1.024123805188893906e-03 0.000000000000000000e+00
3.250000000000000000e+04 1.299995888378895348e-01 6.884387801547564578e-02 7.455621301775148257e-01 1.840009103322712836e-01 1.593081474738279385e-03 0.000000000000000000e+00
3.500000000000000000e+04 1.399995572100349861e-01 7.555757851615839404e-02 7.410104688211197610e-01 1.810423304506144637e-01 2.389622212107419402e-03 0.000000000000000000e+00
3.750000000000000000e+04 1.499995255821802154e-01 7.954028220300408958e-02 7.379380974055530507e-01 1.791078743741465751e-01 3.413746017296313308e-03 0.000000000000000000e+00
4.000000000000000000e+04 1.599994939543256667e-01 8.318161128812016913e-02 7.262175694128356618e-01 1.880974055530268418e-01 2.503413746017296455e-03 0.000000000000000000e+00
4.250000000000000000e+04 1.699994623264708959e-01 9.274010013654984674e-02 7.133591260810195900e-01 1.923076923076923184e-01 1.593081474738279385e-03 0.000000000000000000e+00
4.500000000000000000e+04 1.799994306986163473e-01 1.024123805188894010e-01 7.132453345471096995e-01 1.784251251706872876e-01 5.917159763313609329e-03 0.000000000000000000e+00
4.750000000000000000e+04 1.899993990707615765e-01 8.739189804278561791e-02 7.474965862539827421e-01 1.607874374146563423e-01 4.324078288575329727e-03 0.000000000000000000e+00
5.000000000000000000e+04 1.999993674429070278e-01 8.614019116977697510e-02 7.443104233045061413e-01 1.649977241693217911e-01 4.551661356395083832e-03 0.000000000000000000e+00
5.250000000000000000e+04 2.099993358150522571e-01 9.148839326354119006e-02 7.280382339553936877e-01 1.743286299499317293e-01 6.144742831133363434e-03 0.000000000000000000e+00
5.500000000000000000e+04 2.199993041871977084e-01 1.183431952662721831e-01 6.745562130177514826e-01 2.036868456986800080e-01 3.413746017296313308e-03 0.000000000000000000e+00
5.750000000000000000e+04 2.299992725593429377e-01 1.186845698680018268e-01 7.163177059626764098e-01 1.620391442876649990e-01 2.958579881656804664e-03 0.000000000000000000e+00
6.000000000000000000e+04 2.399992409314883890e-01 1.284706417842512438e-01 7.018661811561219821e-01 1.671597633136094607e-01 2.503413746017296455e-03 0.000000000000000000e+00
6.250000000000000000e+04 2.499992093036338403e-01 1.228948566226672756e-01 7.080109239872554028e-01 1.659080564406008318e-01 3.186162949476558769e-03 0.000000000000000000e+00
6.500000000000000000e+04 2.599991776757790696e-01 1.202776513427400995e-01 7.091488393263540857e-01 1.688666363222576239e-01 1.706873008648156654e-03 0.000000000000000000e+00
6.750000000000000000e+04 2.699991460479245209e-01 1.176604460628129234e-01 7.181383705052344357e-01 1.619253527537551085e-01 2.275830678197541916e-03 0.000000000000000000e+00
7.000000000000000000e+04 2.799991144200697502e-01 1.207328174783796060e-01 7.163177059626764098e-01 1.615839781520254925e-01 1.365498406918525280e-03 0.000000000000000000e+00
7.250000000000000000e+04 2.899990827922152015e-01 1.173190714610832935e-01 7.163177059626764098e-01 1.648839326354119283e-01 1.479289940828402332e-03 0.000000000000000000e+00
7.500000000000000000e+04 2.999990511643604307e-01 1.182294037323623065e-01 7.156349567592170668e-01 1.648839326354119283e-01 1.251706873008648227e-03 0.000000000000000000e+00
7.750000000000000000e+04 3.099990195365058820e-01 1.258534365043240677e-01 7.107419208010924416e-01 1.607874374146563423e-01 2.617205279927173507e-03 0.000000000000000000e+00
8.000000000000000000e+04 3.199989879086511113e-01 1.288120163859808875e-01 7.090350477924441952e-01 1.591943559399180697e-01 2.958579881656804664e-03 0.000000000000000000e+00
8.250000000000000000e+04 3.299989562807965626e-01 1.459945380063723264e-01 6.885525716886663483e-01 1.614701866181156020e-01 3.982703686845699004e-03 0.000000000000000000e+00
8.500000000000000000e+04 3.399989246529417919e-01 1.966317705962676299e-01 6.043468365953572619e-01 1.932180245789713313e-01 5.803368229403732710e-03 0.000000000000000000e+00
8.750000000000000000e+04 3.499988930250872432e-01 2.023213472917614886e-01 5.851160673645880994e-01 2.085798816568047442e-01 3.982703686845699004e-03 0.000000000000000000e+00
9.000000000000000000e+04 3.599988613972326945e-01 1.967455621301775204e-01 5.829540282203004020e-01 2.137005006827492060e-01 6.599908966772872511e-03 0.000000000000000000e+00
9.250000000000000000e+04 3.699988297693779238e-01 1.950386891215293572e-01 5.898953117888029452e-01 2.085798816568047442e-01 6.486117432862995025e-03 0.000000000000000000e+00
9.500000000000000000e+04 3.799987981415233751e-01 2.185935366408739144e-01 5.538233955393718766e-01 2.212107419208010906e-01 6.372325898953117539e-03 0.000000000000000000e+00
9.750000000000000000e+04 3.899987665136688264e-01 2.101729631315430169e-01 5.842057350933090865e-01 1.995903504779244497e-01 6.030951297223486815e-03 0.000000000000000000e+00
1.000000000000000000e+05 3.999987348858140557e-01 1.951524806554392477e-01 6.389394629039599760e-01 1.560081929904415243e-01 9.899863450159307465e-03 0.000000000000000000e+00
1.025000000000000000e+05 4.099987032579592849e-01 1.525944469731451980e-01 6.936731907146108655e-01 1.486117432862995025e-01 5.120619025944469528e-03 0.000000000000000000e+00
1.050000000000000000e+05 4.199986716301047363e-01 1.535047792444242110e-01 6.934456076467910846e-01 1.473600364132908458e-01 5.689576695493855224e-03 0.000000000000000000e+00
1.075000000000000000e+05 4.299986400022501876e-01 1.565771506599908935e-01 6.923076923076922906e-01 1.457669549385525731e-01 5.348202093764223633e-03 0.000000000000000000e+00
1.100000000000000000e+05 4.399986083743954168e-01 1.591943559399180697e-01 6.803595812471552318e-01 1.571461083295402905e-01 3.299954483386436255e-03 0.000000000000000000e+00
1.125000000000000000e+05 4.499985767465406461e-01 1.605598543468365891e-01 6.795630405097861093e-01 1.566909421939007840e-01 3.186162949476558769e-03 0.000000000000000000e+00
1.150000000000000000e+05 4.599985451186860974e-01 1.614701866181156020e-01 6.813837050523441352e-01 1.532771961766044577e-01 3.868912152935821518e-03 0.000000000000000000e+00
1.175000000000000000e+05 4.699985134908315487e-01 1.615839781520254925e-01 6.776285844333181929e-01 1.571461083295402905e-01 3.641329085116067413e-03 0.000000000000000000e+00
1.200000000000000000e+05 4.799984818629767780e-01 1.581702321347291662e-01 6.733045061447427981e-01 1.662494310423304478e-01 2.275830678197541916e-03 0.000000000000000000e+00
1.225000000000000000e+05 4.899984502351220073e-01 1.552116522530723741e-01 6.665908056440600360e-01 1.754665452890304955e-01 2.730996813837050560e-03 0.000000000000000000e+00
1.250000000000000000e+05 4.999984186072674586e-01 1.606736458807464796e-01 6.628356850250340937e-01 1.729631315430132099e-01 3.527537551206190360e-03 0.000000000000000000e+00
1.275000000000000000e+05 5.099983869794129099e-01 1.607874374146563423e-01 6.627218934911243142e-01 1.730769230769230727e-01 3.413746017296313308e-03 0.000000000000000000e+00
1.300000000000000000e+05 5.199983553515581391e-01 1.744424214838415921e-01 6.360946745562130467e-01 1.852526172052799402e-01 4.210286754665453109e-03 0.000000000000000000e+00
1.325000000000000000e+05 5.299983237237033684e-01 1.603322712790168358e-01 6.453117888029130667e-01 1.911697769685935244e-01 3.186162949476558769e-03 0.000000000000000000e+00
1.350000000000000000e+05 5.399982920958488197e-01 1.649977241693217911e-01 6.446290395994538347e-01 1.886663632225762388e-01 1.706873008648156654e-03 0.000000000000000000e+00
1.375000000000000000e+05 5.499982604679944931e-01 1.661356395084205850e-01 6.618115612198451903e-01 1.685252617205279801e-01 3.527537551206190360e-03 0.000000000000000000e+00
1.400000000000000000e+05 5.599982288401395003e-01 1.679563040509786109e-01 6.629494765589439842e-01 1.669321802457897075e-01 2.162039144287664864e-03 0.000000000000000000e+00
1.425000000000000000e+05 5.699981972122847296e-01 1.682976786527082269e-01 6.623805188893946427e-01 1.673873463814292140e-01 1.934456076467910759e-03 0.000000000000000000e+00
1.450000000000000000e+05 5.799981655844301809e-01 1.690942193900773771e-01 6.612426035502958488e-01 1.667045971779699542e-01 2.958579881656804664e-03 0.000000000000000000e+00
1.475000000000000000e+05 5.899981339565758542e-01 1.785389167045971781e-01 6.216431497496586189e-01 1.966317705962676299e-01 3.186162949476558769e-03 0.000000000000000000e+00
1.500000000000000000e+05 5.999981023287210835e-01 1.797906235776058348e-01 6.177742375967227861e-01 1.985662266727355463e-01 3.868912152935821518e-03 0.000000000000000000e+00
1.525000000000000000e+05 6.099980707008660907e-01 1.816112881201638607e-01 6.012744651797906625e-01 2.148384160218479721e-01 2.275830678197541916e-03 0.000000000000000000e+00
1.550000000000000000e+05 6.199980390730117641e-01 1.793354574419663283e-01 5.999089667728720876e-01 2.167728720983158885e-01 3.982703686845699004e-03 0.000000000000000000e+00
1.575000000000000000e+05 6.299980074451572154e-01 1.890077378243058825e-01 5.897815202548930547e-01 2.170004551661356418e-01 4.210286754665453109e-03 0.000000000000000000e+00
1.600000000000000000e+05 6.399979758173024447e-01 2.144970414201183562e-01 5.941055985434683384e-01 1.870732817478379661e-01 4.324078288575329727e-03 0.000000000000000000e+00
1.625000000000000000e+05 6.499979441894476739e-01 1.900318616294947582e-01 6.671597633136094885e-01 1.403049613108784677e-01 2.503413746017296455e-03 0.000000000000000000e+00
1.650000000000000000e+05 6.599979125615931252e-01 1.648839326354119283e-01 6.939007737824305355e-01 1.382567137005006885e-01 2.958579881656804664e-03 0.000000000000000000e+00
1.675000000000000000e+05 6.699978809337385766e-01 1.585116067364588099e-01 6.997041420118342847e-01 1.396222121074192080e-01 2.162039144287664864e-03 0.000000000000000000e+00
1.700000000000000000e+05 6.799978493058838058e-01 1.614701866181156020e-01 7.002730996813837372e-01 1.366636322257624159e-01 1.593081474738279385e-03 0.000000000000000000e+00
1.725000000000000000e+05 6.899978176780290351e-01 1.619253527537551085e-01 6.969731451979972459e-01 1.383705052344105513e-01 2.730996813837050560e-03 0.000000000000000000e+00
1.750000000000000000e+05 6.999977860501744864e-01 1.660218479745106945e-01 6.959490213928083424e-01 1.358670914883932657e-01 2.162039144287664864e-03 0.000000000000000000e+00
1.775000000000000000e+05 7.099977544223199377e-01 1.715976331360946627e-01 6.712562585343649912e-01 1.546426945835229771e-01 2.503413746017296455e-03 0.000000000000000000e+00
1.800000000000000000e+05 7.199977227944651670e-01 1.677287209831588577e-01 6.579426490669094685e-01 1.706873008648156498e-01 3.641329085116067413e-03 0.000000000000000000e+00
1.825000000000000000e+05 7.299976911666103963e-01 1.702321347291761433e-01 6.520254893035958288e-01 1.750113791533909890e-01 2.730996813837050560e-03 0.000000000000000000e+00
1.850000000000000000e+05 7.399976595387558476e-01 1.752389622212107423e-01 6.437187073281748217e-01 1.746700045516613453e-01 6.372325898953117539e-03 0.000000000000000000e+00
1.875000000000000000e+05 7.499976279109012989e-01 1.752389622212107423e-01 6.619253527537550807e-01 1.605598543468365891e-01 2.275830678197541916e-03 0.000000000000000000e+00
1.900000000000000000e+05 7.599975962830465281e-01 1.558944014565316338e-01 6.960628129267182329e-01 1.454255803368229294e-01 2.617205279927173507e-03 0.000000000000000000e+00
1.925000000000000000e+05 7.699975646551917574e-01 1.620391442876649990e-01 6.913973600364132777e-01 1.444014565316340537e-01 2.162039144287664864e-03 0.000000000000000000e+00
1.950000000000000000e+05 7.799975330273372087e-01 1.594219390077378229e-01 6.924214838416021811e-01 1.463359126081019701e-01 1.820664542558033706e-03 0.000000000000000000e+00
1.975000000000000000e+05 7.899975013994828821e-01 1.605598543468365891e-01 6.902594446973144837e-01 1.480427856167501055e-01 1.137915339098770958e-03 0.000000000000000000e+00
2.000000000000000000e+05 7.999974697716278893e-01 1.623805188893946427e-01 6.870732817478379939e-01 1.484979517523896120e-01 2.048247610377787811e-03 0.000000000000000000e+00
2.025000000000000000e+05 8.099974381437731186e-01 1.624943104233045055e-01 6.818388711879835862e-01 1.546426945835229771e-01 1.024123805188893906e-03 0.000000000000000000e+00
2.050000000000000000e+05 8.199974065159185699e-01 1.657942649066909413e-01 6.784251251706873154e-01 1.548702776513427304e-01 9.103322712790168532e-04 0.000000000000000000e+00
2.075000000000000000e+05 8.299973748880642432e-01 1.690942193900773771e-01 6.755803368229403860e-01 1.544151115157032239e-01 9.103322712790168532e-04 0.000000000000000000e+00
2.100000000000000000e+05 8.399973432602094725e-01 1.777423759672280279e-01 6.620391442876649712e-01 1.580564406008193035e-01 2.162039144287664864e-03 0.000000000000000000e+00
2.125000000000000000e+05 8.499973116323544797e-01 1.954938552571688637e-01 6.243741465634956578e-01 1.763768775603095085e-01 3.755120619025944465e-03 0.000000000000000000e+00
2.150000000000000000e+05 8.599972800045001531e-01 1.924214838416021811e-01 6.293809740555302845e-01 1.763768775603095085e-01 1.820664542558033706e-03 0.000000000000000000e+00
2.175000000000000000e+05 8.699972483766456044e-01 1.976558944014565333e-01 6.474738279472007640e-01 1.495220755575785154e-01 5.348202093764223633e-03 0.000000000000000000e+00
2.200000000000000000e+05 8.799972167487908337e-01 1.880974055530268418e-01 6.635184342284934367e-01 1.429221665908056438e-01 5.461993627674101119e-03 0.000000000000000000e+00
2.225000000000000000e+05 8.899971851209360629e-01 1.807009558488848477e-01 6.747837960855712636e-01 1.409877105143377274e-01 3.527537551206190360e-03 0.000000000000000000e+00
2.250000000000000000e+05 8.999971534930815142e-01 1.805871643149749572e-01 6.803595812471552318e-01 1.346153846153846090e-01 4.437869822485207214e-03 0.000000000000000000e+00
2.275000000000000000e+05 9.099971218652269656e-01 1.785389167045971781e-01 6.793354574419663283e-01 1.373463814292216756e-01 4.779244424214838804e-03 0.000000000000000000e+00
2.300000000000000000e+05 9.199970902373721948e-01 1.850250341374601593e-01 6.599908966772871644e-01 1.481565771506599960e-01 6.827492034592626616e-03 0.000000000000000000e+00
2.325000000000000000e+05 9.299970586095174241e-01 1.842284934000910368e-01 6.594219390077378229e-01 1.496358670914884059e-01 6.713700500682749130e-03 0.000000000000000000e+00
2.350000000000000000e+05 9.399970269816628754e-01 1.870732817478379661e-01 6.486117432862994470e-01 1.602184797451069731e-01 4.096495220755575623e-03 0.000000000000000000e+00
2.375000000000000000e+05 9.499969953538083267e-01 1.907146108329540179e-01 6.433773327264451503e-01 1.615839781520254925e-01 4.324078288575329727e-03 0.000000000000000000e+00
2.400000000000000000e+05 9.599969637259535560e-01 1.926490669094219343e-01 6.506599908966772539e-01 1.525944469731451980e-01 4.096495220755575623e-03 0.000000000000000000e+00
2.425000000000000000e+05 9.699969320980987852e-01 1.824078288575330109e-01 6.621529358215748617e-01 1.529358215748748417e-01 2.503413746017296455e-03 0.000000000000000000e+00
2.450000000000000000e+05 9.799969004702442366e-01 1.841147018661811463e-01 6.401911697769685494e-01 1.730769230769230727e-01 2.617205279927173507e-03 0.000000000000000000e+00
2.475000000000000000e+05 9.899968688423896879e-01 1.810423304506144637e-01 6.422394173873463563e-01 1.731907146108329631e-01 3.527537551206190360e-03 0.000000000000000000e+00
2.500000000000000000e+05 9.999968372145349171e-01 1.866181156121984597e-01 6.354119253527537037e-01 1.748975876194810986e-01 3.072371415566681717e-03 0.000000000000000000e+00
