# itime ezz other fcc hcp bcc ico
0.000000000000000000e+00 0.000000000000000000e+00 0.000000000000000000e+00 1.000000000000000000e+00 0.000000000000000000e+00 0.000000000000000000e+00 0.000000000000000000e+00
2.500000000000000000e+03 9.999973299880782207e-03 0.000000000000000000e+00 1.000000000000000000e+00 0.000000000000000000e+00 0.000000000000000000e+00 0.000000000000000000e+00
5.000000000000000000e+03 1.999994659976134237e-02 0.000000000000000000e+00 1.000000000000000000e+00 0.000000000000000000e+00 0.000000000000000000e+00 0.000000000000000000e+00
7.500000000000000000e+03 2.999991989964212458e-02 0.000000000000000000e+00 1.000000000000000000e+00 0.000000000000000000e+00 0.000000000000000000e+00 0.000000000000000000e+00
1.000000000000000000e+04 3.999989319952290678e-02 0.000000000000000000e+00 1.000000000000000000e+00 0.000000000000000000e+00 0.000000000000000000e+00 0.000000000000000000e+00
1.250000000000000000e+04 4.999986649940368899e-02 0.000000000000000000e+00 1.000000000000000000e+00 0.000000000000000000e+00 0.000000000000000000e+00 0.000000000000000000e+00
1.500000000000000000e+04 5.999983979928424915e-02 0.000000000000000000e+00 1.000000000000000000e+00 0.000000000000000000e+00 0.000000000000000000e+00 0.000000000000000000e+00
1.750000000000000000e+04 6.999981309916503136e-02 0.000000000000000000e+00 1.000000000000000000e+00 0.000000000000000000e+00 0.000000000000000000e+00 0.000000000000000000e+00
2.000000000000000000e+04 7.999978639904581357e-02 4.551661356395084266e-04 9.995448338643604380e-01 0.000000000000000000e+00 0.000000000000000000e+00 0.000000000000000000e+00
2.250000000000000000e+04 8.999975969892659577e-02 6.827492034592626399e-04 9.993172507965407680e-01 0.000000000000000000e+00 0.000000000000000000e+00 0.000000000000000000e+00
2.500000000000000000e+04 9.999973299880715594e-02 4.096495220755575623e-03 9.957897132453344957e-01 0.000000000000000000e+00 1.137915339098771066e-04 0.000000000000000000e+00
2.750000000000000000e+04 1.099997062986879381e-01 1.646563495675921751e-01 3.090578060992262288e-01 1.820664542558033706e-03 5.244651797906235702e-01 0.000000000000000000e+00
3.000000000000000000e+04 1.199996795985687204e-01 6.030951297223486468e-02 8.054164770141101215e-01 1.312016385980883104e-01 3.072371415566681717e-03 0.000000000000000000e+00
3.250000000000000000e+04 1.299996528984495026e-01 4.631315430131998506e-02 8.210059171597633432e-01 1.302913063268092975e-01 2.389622212107419402e-03 0.000000000000000000e+00
3.500000000000000000e+04 1.399996261983300627e-01 4.551661356395084179e-02 8.202093764223942207e-01 1.317705962676376796e-01 2.503413746017296455e-03 0.000000000000000000e+00
3.750000000000000000e+04 1.499995994982108449e-01 4.847519344560764776e-02 8.197542102867546587e-01 1.294947655894401473e-01 2.275830678197541916e-03 0.000000000000000000e+00
4.000000000000000000e+04 1.599995727980916271e-01 4.995448338643605074e-02 8.197542102867546587e-01 1.275603095129722309e-01 2.730996813837050560e-03 0.000000000000000000e+00
4.250000000000000000e+04 1.699995460979724093e-01 6.133363677742376119e-02 8.218024578971324656e-01 1.035502958579881672e-01 1.331360946745562164e-02 0.000000000000000000e+00
4.500000000000000000e+04 1.799995193978529695e-01 4.961310878470642088e-02 8.386436049157942607e-01 1.034365043240782905e-01 8.306781975421027864e-03 0.000000000000000000e+00
4.750000000000000000e+04 1.899994926977337517e-01 5.632680928538916915e-02 8.336367774237596340e-01 1.026399635867091542e-01 7.396449704142011444e-03 0.000000000000000000e+00
5.000000000000000000e+04 1.999994659976145339e-01 4.893035958124715423e-02 8.687983614019116896e-01 7.976786527082385669e-02 2.503413746017296455e-03 0.000000000000000000e+00
5.250000000000000000e+04 2.099994392974953161e-01 5.314064633591260994e-02 8.355712335002275504e-01 1.063950842057350965e-01 4.893035958124715423e-03 0.000000000000000000e+00
5.500000000000000000e+04 2.199994125973758763e-01 5.223031406463359005e-02 8.385298133818843702e-01 1.043468365953573035e-01 4.893035958124715423e-03 0.000000000000000000e+00
5.750000000000000000e+04 2.299993858972566585e-01 5.564406008192990249e-02 8.411470186618115186e-01 1.004779244424214846e-01 2.730996813837050560e-03 0.000000000000000000e+00
6.000000000000000000e+04 2.399993591971374407e-01 5.894401456531633832e-02 8.179335457441966328e-01 1.174328629949931702e-01 5.689576695493855224e-03 0.000000000000000000e+00
6.250000000000000000e+04 2.499993324970182229e-01 5.632680928538916915e-02 8.191852526172053173e-01 1.189121529358215801e-01 5.575785161583977738e-03 0.000000000000000000e+00
6.500000000000000000e+04 2.599993057968987831e-01 5.826126536185707860e-02 8.232817478379608200e-01 1.137915339098771045e-01 4.665452890304961318e-03 0.000000000000000000e+00
6.750000000000000000e+04 2.699992790967795653e-01 6.144742831133363781e-02 8.198680018206645492e-01 1.152708238507055144e-01 3.413746017296313308e-03 0.000000000000000000e+00
7.000000000000000000e+04 2.799992523966603475e-01 6.315430131998178709e-02 8.206645425580336717e-01 1.125398270368684617e-01 3.641329085116067413e-03 0.000000000000000000e+00
7.250000000000000000e+04 2.899992256965411297e-01 8.170232134729175921e-02 7.451069640418752638e-01 1.709148839326354030e-01 2.275830678197541916e-03 0.000000000000000000e+00
7.500000000000000000e+04 2.999991989964216899e-01 8.579881656804733137e-02 7.282658170232134687e-01 1.837733272644515303e-01 2.162039144287664864e-03 0.000000000000000000e+00
7.750000000000000000e+04 3.099991722963024721e-01 1.004779244424214846e-01 6.748975876194811541e-01 2.225762403277196100e-01 2.048247610377787811e-03 0.000000000000000000e+00
8.000000000000000000e+04 3.199991455961832543e-01 1.024123805188894010e-01 6.445152480655439442e-01 2.510241238051889034e-01 2.048247610377787811e-03 0.000000000000000000e+00
8.250000000000000000e+04 3.299991188960640365e-01 1.021847974510696339e-01 6.408739189804278924e-01 2.550068274920345712e-01 1.934456076467910759e-03 0.000000000000000000e+00
8.500000000000000000e+04 3.399990921959445966e-01 1.043468365953573035e-01 6.318843878015475424e-01 2.610377787892581014e-01 2.730996813837050560e-03 0.000000000000000000e+00
8.750000000000000000e+04 3.499990654958253788e-01 1.232362312243969055e-01 6.024123805188893455e-01 2.690031861629494925e-01 5.348202093764223633e-03 0.000000000000000000e+00
9.000000000000000000e+04 3.599990387957061611e-01 1.117432862994993115e-01 7.410104688211197610e-01 1.440600819299044100e-01 3.186162949476558769e-03 0.000000000000000000e+00
9.250000000000000000e+04 3.699990120955869433e-01 1.095812471552116557e-01 7.386208466090122826e-01 1.490669094219390090e-01 2.730996813837050560e-03 0.000000000000000000e+00
9.500000000000000000e+04 3.799989853954675034e-01 1.109467455621301751e-01 7.375967228038233792e-01 1.479289940828402428e-01 3.527537551206190360e-03 0.000000000000000000e+00
9.750000000000000000e+04 3.899989586953482856e-01 1.134501593081474746e-01 7.364588074647245852e-01 1.478152025489303523e-01 2.275830678197541916e-03 0.000000000000000000e+00
1.000000000000000000e+05 3.999989319952292899e-01 1.165225307237141572e-01 7.320209376422394110e-01 1.483841602184797492e-01 3.072371415566681717e-03 0.000000000000000000e+00
1.025000000000000000e+05 4.099989052951098500e-01 1.109467455621301751e-01 7.472690031861629611e-01 1.401911697769686049e-01 1.593081474738279385e-03 0.000000000000000000e+00
1.050000000000000000e+05 4.199988785949904102e-01 1.234638142922166587e-01 6.510013654984069253e-01 2.220072826581702408e-01 3.527537551206190360e-03 0.000000000000000000e+00
1.075000000000000000e+05 4.299988518948711924e-01 1.457669549385525731e-01 5.218479745106964218e-01 3.264679107874374209e-01 5.917159763313609329e-03 0.000000000000000000e+00
1.100000000000000000e+05 4.399988251947521967e-01 1.478152025489303523e-01 4.962448793809740577e-01 3.505917159763313751e-01 5.348202093764223633e-03 0.000000000000000000e+00
1.125000000000000000e+05 4.499987984946327568e-01 1.527082385070550885e-01 4.715521165225307065e-01 3.700500682749203185e-01 5.689576695493855224e-03 0.000000000000000000e+00
1.150000000000000000e+05 4.599987717945133170e-01 1.670459717796995980e-01 4.140873918980427781e-01 4.103322712790168358e-01 8.534365043240782836e-03 0.000000000000000000e+00
1.175000000000000000e+05 4.699987450943940992e-01 1.841147018661811463e-01 3.727810650887574129e-01 4.336595357305416676e-01 9.444697314519799256e-03 0.000000000000000000e+00
1.200000000000000000e+05 4.799987183942748814e-01 1.874146563495675821e-01 3.714155666818388934e-01 4.312699135184342447e-01 9.899863450159307465e-03 0.000000000000000000e+00
1.225000000000000000e+05 4.899986916941556636e-01 1.940145653163404538e-01 3.549157942649067143e-01 4.420801092398725651e-01 8.989531178880291046e-03 0.000000000000000000e+00
1.250000000000000000e+05 4.999986649940362238e-01 2.165452890304961353e-01 3.187300864815657553e-01 4.485662266727355463e-01 1.615839781520254925e-02 0.000000000000000000e+00
1.275000000000000000e+05 5.099986382939170060e-01 1.962903959945380139e-01 3.691397360036413056e-01 4.264906690942193990e-01 8.079198907601274626e-03 0.000000000000000000e+00
1.300000000000000000e+05 5.199986115937977882e-01 2.015248065543923661e-01 3.822257624032772139e-01 4.050978607191624836e-01 1.115157032316795548e-02 0.000000000000000000e+00
1.325000000000000000e+05 5.299985848936785704e-01 1.976558944014565333e-01 4.035047792444242387e-01 3.905325443786982209e-01 8.306781975421027864e-03 0.000000000000000000e+00
1.350000000000000000e+05 5.399985581935591306e-01 2.017523896222121194e-01 4.412835685025033872e-01 3.479745106964041712e-01 8.989531178880291046e-03 0.000000000000000000e+00
1.375000000000000000e+05 5.499985314934399128e-01 2.098315885298133732e-01 4.448111060537096040e-01 3.355712335002276059e-01 9.786071916249430847e-03 0.000000000000000000e+00
1.400000000000000000e+05 5.599985047933206950e-01 2.156349567592171224e-01 4.524351388256713791e-01 3.099681383705052418e-01 2.196176604460628110e-02 0.000000000000000000e+00
1.425000000000000000e+05 5.699984780932014772e-01 2.007282658170232159e-01 5.436959490213928436e-01 2.456759217114246607e-01 9.899863450159307465e-03 0.000000000000000000e+00
1.450000000000000000e+05 5.799984513930820373e-01 1.949248975876194945e-01 5.636094674556213491e-01 2.302002730996813851e-01 1.126536185707783383e-02 0.000000000000000000e+00
1.475000000000000000e+05 5.899984246929628195e-01 1.835457441966317771e-01 5.914883932635411901e-01 2.154073736913973691e-01 9.558488848429677609e-03 0.000000000000000000e+00
1.500000000000000000e+05 5.999983979928436018e-01 1.841147018661811463e-01 5.947883477469276814e-01 2.163177059626763821e-01 4.779244424214838804e-03 0.000000000000000000e+00
1.525000000000000000e+05 6.099983712927241619e-01 1.828629949931725174e-01 6.007055075102412101e-01 2.124487938097405493e-01 3.982703686845699004e-03 0.000000000000000000e+00
1.550000000000000000e+05 6.199983445926049441e-01 1.818388711879836139e-01 5.955848884842968038e-01 2.177969959035047920e-01 4.779244424214838804e-03 0.000000000000000000e+00
1.575000000000000000e+05 6.299983178924857263e-01 1.861629494765589532e-01 5.708921256258534527e-01 2.390760127446517891e-01 3.868912152935821518e-03 0.000000000000000000e+00
1.600000000000000000e+05 6.399982911923665085e-01 1.840009103322712836e-01 5.657715065999089354e-01 2.452207555757851543e-01 5.006827492034592909e-03 0.000000000000000000e+00
1.625000000000000000e+05 6.499982644922470687e-01 1.810423304506144637e-01 5.673645880746472914e-01 2.445380063723258945e-01 7.055075102412380721e-03 0.000000000000000000e+00
1.650000000000000000e+05 6.599982377921278509e-01 1.868456986800182129e-01 5.782885753299954468e-01 2.254210286754665393e-01 9.444697314519799256e-03 0.000000000000000000e+00
1.675000000000000000e+05 6.699982110920086331e-01 1.857077833409194467e-01 5.900091033227128356e-01 2.176832043695949015e-01 6.599908966772872511e-03 0.000000000000000000e+00
1.700000000000000000e+05 6.799981843918894153e-01 1.902594446973145115e-01 6.257396449704142327e-01 1.785389167045971781e-01 5.461993627674101119e-03 0.000000000000000000e+00
1.725000000000000000e+05 6.899981576917699755e-01 1.965179790623577671e-01 6.294947655894401750e-01 1.671597633136094607e-01 6.827492034592626616e-03 0.000000000000000000e+00
1.750000000000000000e+05 6.999981309916507577e-01 1.884387801547564856e-01 6.375739644970414011e-01 1.661356395084205850e-01 7.851615839781519654e-03 0.000000000000000000e+00
1.775000000000000000e+05 7.099981042915315399e-01 1.925352753755120716e-01 6.193673190714610310e-01 1.797906235776058348e-01 8.306781975421027864e-03 0.000000000000000000e+00
1.800000000000000000e+05 7.199980775914123221e-01 2.033454710969503920e-01 5.674783796085570708e-01 2.200728265817023244e-01 9.103322712790167665e-03 0.000000000000000000e+00
1.825000000000000000e+05 7.299980508912928823e-01 1.863905325443787064e-01 6.173190714610833352e-01 1.870732817478379661e-01 9.217114246700046018e-03 0.000000000000000000e+00
1.850000000000000000e+05 7.399980241911734424e-01 1.797906235776058348e-01 6.201638598088302645e-01 1.896904870277651423e-01 1.035502958579881741e-02 0.000000000000000000e+00
1.875000000000000000e+05 7.499979974910544467e-01 1.808147473827947105e-01 6.183431952662722386e-01 1.908284023668639084e-01 1.001365498406918582e-02 0.000000000000000000e+00
1.900000000000000000e+05 7.599979707909352289e-01 1.850250341374601593e-01 6.065088757396449592e-01 1.987938097405552995e-01 9.672280382339554228e-03 0.000000000000000000e+00
1.925000000000000000e+05 7.699979440908157891e-01 1.893491124260354985e-01 5.996813837050523066e-01 2.025489303595812418e-01 8.420573509330906217e-03 0.000000000000000000e+00
1.950000000000000000e+05 7.799979173906963492e-01 1.786527082385070686e-01 6.050295857988166048e-01 2.111970869367319203e-01 5.120619025944469528e-03 0.000000000000000000e+00
1.975000000000000000e+05 7.899978906905773535e-01 1.828629949931725174e-01 5.862539827036868934e-01 2.270141101502048120e-01 3.868912152935821518e-03 0.000000000000000000e+00
2.000000000000000000e+05 7.999978639904581357e-01 1.886663632225762388e-01 6.670459717796995980e-01 1.416704597177969871e-01 2.617205279927173507e-03 0.000000000000000000e+00
2.025000000000000000e+05 8.099978372903386958e-01 1.810423304506144637e-01 6.752389622212107145e-01 1.411015020482476179e-01 2.617205279927173507e-03 0.000000000000000000e+00
2.050000000000000000e+05 8.199978105902192560e-01 1.807009558488848477e-01 6.770596267637687404e-01 1.403049613108784677e-01 1.934456076467910759e-03 0.000000000000000000e+00
2.075000000000000000e+05 8.299977838901002603e-01 1.736458807464724696e-01 6.725079654073736757e-01 1.515703231679562946e-01 2.275830678197541916e-03 0.000000000000000000e+00
2.100000000000000000e+05 8.399977571899810425e-01 1.712562585343650468e-01 6.721665908056441152e-01 1.545289030496131144e-01 2.048247610377787811e-03 0.000000000000000000e+00
2.125000000000000000e+05 8.499977304898616026e-01 1.720527992717341692e-01 6.744424214838415921e-01 1.514565316340464318e-01 2.048247610377787811e-03 0.000000000000000000e+00
2.150000000000000000e+05 8.599977037897421628e-01 1.695493855257168836e-01 6.814974965862540257e-01 1.465634956759217233e-01 2.389622212107419402e-03 0.000000000000000000e+00
2.175000000000000000e+05 8.699976770896231670e-01 1.583978152025489194e-01 6.967455621301774649e-01 1.428083750568957533e-01 2.048247610377787811e-03 0.000000000000000000e+00
2.200000000000000000e+05 8.799976503895039492e-01 1.583978152025489194e-01 7.057350933090578149e-01 1.324533454710969393e-01 3.413746017296313308e-03 0.000000000000000000e+00
2.225000000000000000e+05 8.899976236893845094e-01 1.461083295402822169e-01 8.158852981338188259e-01 3.447883477469276120e-02 3.527537551206190360e-03 0.000000000000000000e+00
2.250000000000000000e+05 8.999975969892650696e-01 1.675011379153391045e-01 6.104915794264906825e-01 2.171142467000455045e-01 4.893035958124715423e-03 0.000000000000000000e+00
2.275000000000000000e+05 9.099975702891460738e-01 1.510013654984069253e-01 6.117432862994993670e-01 2.339553937187073274e-01 3.299954483386436255e-03 0.000000000000000000e+00
2.300000000000000000e+05 9.199975435890268560e-01 1.404187528447883582e-01 6.479289940828402150e-01 2.072143832498861971e-01 4.437869822485207214e-03 0.000000000000000000e+00
2.325000000000000000e+05 9.299975168889074162e-01 1.390532544378698110e-01 6.516841147018661573e-01 2.057350933090578149e-01 3.527537551206190360e-03 0.000000000000000000e+00
2.350000000000000000e+05 9.399974901887879764e-01 1.429221665908056438e-01 6.564633591260810030e-01 1.965179790623577671e-01 4.096495220755575623e-03 0.000000000000000000e+00
2.375000000000000000e+05 9.499974634886689806e-01 1.413290851160673711e-01 6.628356850250340937e-01 1.923076923076923184e-01 3.527537551206190360e-03 0.000000000000000000e+00
2.400000000000000000e+05 9.599974367885497628e-01 1.387118798361401950e-01 6.779699590350477534e-01 1.783113336367774249e-01 5.006827492034592909e-03 0.000000000000000000e+00
2.425000000000000000e+05 9.699974100884303230e-01 1.434911242603550408e-01 6.770596267637687404e-01 1.748975876194810986e-01 4.551661356395083832e-03 0.000000000000000000e+00
2.450000000000000000e+05 9.799973833883108831e-01 1.409877105143377274e-01 6.810423304506144637e-01 1.744424214838415921e-01 3.527537551206190360e-03 0.000000000000000000e+00
2.475000000000000000e+05 9.899973566881918874e-01 1.469048702776513393e-01 6.865043240782885414e-01 1.624943104233045055e-01 4.096495220755575623e-03 0.000000000000000000e+00
2.500000000000000000e+05 9.999973299880726696e-01 1.423532089212562468e-01 7.040282203004096795e-01 1.494082840236686527e-01 4.210286754665453109e-03 0.000000000000000000e+00
