# itime ezz other fcc hcp bcc ico
0.000000000000000000e+00 0.000000000000000000e+00 0.000000000000000000e+00 1.000000000000000000e+00 0.000000000000000000e+00 0.000000000000000000e+00 0.000000000000000000e+00
2.500000000000000000e+03 1.000001974015929385e-02 0.000000000000000000e+00 1.000000000000000000e+00 0.000000000000000000e+00 0.000000000000000000e+00 0.000000000000000000e+00
5.000000000000000000e+03 2.000003948031858769e-02 0.000000000000000000e+00 1.000000000000000000e+00 0.000000000000000000e+00 0.000000000000000000e+00 0.000000000000000000e+00
7.500000000000000000e+03 3.000005922047788154e-02 0.000000000000000000e+00 1.000000000000000000e+00 0.000000000000000000e+00 0.000000000000000000e+00 0.000000000000000000e+00
1.000000000000000000e+04 4.000007896063717538e-02 0.000000000000000000e+00 1.000000000000000000e+00 0.000000000000000000e+00 0.000000000000000000e+00 0.000000000000000000e+00
1.250000000000000000e+04 5.000009870079646923e-02 0.000000000000000000e+00 1.000000000000000000e+00 0.000000000000000000e+00 0.000000000000000000e+00 0.000000000000000000e+00
1.500000000000000000e+04 6.000011844095576308e-02 1.137915339098771066e-04 9.997724169321802190e-01 0.000000000000000000e+00 1.137915339098771066e-04 0.000000000000000000e+00
1.750000000000000000e+04 7.000013818111505692e-02 0.000000000000000000e+00 1.000000000000000000e+00 0.000000000000000000e+00 0.000000000000000000e+00 0.000000000000000000e+00
2.000000000000000000e+04 8.000015792127412873e-02 7.965407373691396923e-04 9.992034592626308775e-01 0.000000000000000000e+00 0.000000000000000000e+00 0.000000000000000000e+00
2.250000000000000000e+04 9.000017766143342257e-02 2.730996813837050560e-03 9.972690031861629611e-01 0.000000000000000000e+00 0.000000000000000000e+00 0.000000000000000000e+00
2.500000000000000000e+04 1.000001974015927164e-01 4.096495220755575623e-03 9.959035047792443862e-01 0.000000000000000000e+00 0.000000000000000000e+00 0.000000000000000000e+00
2.750000000000000000e+04 1.100002171417520103e-01 1.711424670004551563e-01 3.156577150659991005e-01 0.000000000000000000e+00 5.131998179335457433e-01 0.000000000000000000e+00
3.000000000000000000e+04 1.200002368819113041e-01 4.745106964041875125e-02 7.019799726900318726e-01 2.426035502958579781e-01 7.965407373691398007e-03 0.000000000000000000e+00
3.250000000000000000e+04 1.300002566220705980e-01 4.904415111515703085e-02 7.002730996813837372e-01 2.424897587619481154e-01 8.192990441511151245e-03 0.000000000000000000e+00
3.500000000000000000e+04 1.400002763622298918e-01 4.710969503868912139e-02 6.981110605370960398e-01 2.428311333636777314e-01 1.194811106053709528e-02 0.000000000000000000e+00
3.750000000000000000e+04 1.500002961023891856e-01 4.665452890304961492e-02 6.977696859353663683e-01 2.448793809740555383e-01 1.069640418752844727e-02 0.000000000000000000e+00
4.000000000000000000e+04 1.600003158425484795e-01 5.484751934456076616e-02 6.954938552571688914e-01 2.418070095584888557e-01 7.851615839781519654e-03 0.000000000000000000e+00
4.250000000000000000e+04 1.700003355827077733e-01 4.392353208921256219e-02 9.124943104233045332e-01 3.937187073281747662e-02 4.210286754665453109e-03 0.000000000000000000e+00
4.500000000000000000e+04 1.800003553228670672e-01 4.130632680928538608e-02 9.154528903049613531e-01 3.948566226672735324e-02 3.755120619025944465e-03 0.000000000000000000e+00
4.750000000000000000e+04 1.900003750630263610e-01 4.688211197086936816e-02 8.994082840236686804e-01 4.836140191169777114e-02 5.348202093764223633e-03 0.000000000000000000e+00
5.000000000000000000e+04 2.000003948031856549e-01 4.870277651342740100e-02 8.598088302230314506e-01 8.420573509330905870e-02 7.282658170232134826e-03 0.000000000000000000e+00
5.250000000000000000e+04 2.100004145433449487e-01 4.961310878470642088e-02 8.491124260355029651e-01 9.421939007737824279e-02 7.055075102412380721e-03 0.000000000000000000e+00
5.500000000000000000e+04 2.200004342835042426e-01 4.790623577605826466e-02 8.525261720527992360e-01 9.160218479745106668e-02 7.965407373691398007e-03 0.000000000000000000e+00
5.750000000000000000e+04 2.300004540236635364e-01 4.415111515703231543e-02 8.765361857077833552e-01 7.055075102412380894e-02 8.761948111060537808e-03 0.000000000000000000e+00
6.000000000000000000e+04 2.400004737638226082e-01 4.187528447883477611e-02 9.044151115157031962e-01 4.813381884387801790e-02 5.575785161583977738e-03 0.000000000000000000e+00
6.250000000000000000e+04 2.500004935039819021e-01 3.937187073281747662e-02 9.116977696859354108e-01 4.437869822485206867e-02 4.551661356395083832e-03 0.000000000000000000e+00
6.500000000000000000e+04 2.600005132441411959e-01 8.636777423759672834e-02 8.115612198452435422e-01 9.569868001820663883e-02 6.372325898953117539e-03 0.000000000000000000e+00
6.750000000000000000e+04 2.700005329843004898e-01 8.306781975421029252e-02 8.285161583978152278e-01 8.261265361857077216e-02 5.803368229403732710e-03 0.000000000000000000e+00
7.000000000000000000e+04 2.800005527244597836e-01 6.258534365043240399e-02 9.105598543468366168e-01 2.401001365498407064e-02 2.844788347746927612e-03 0.000000000000000000e+00
7.250000000000000000e+04 2.900005724646190775e-01 4.881656804733727761e-02 9.472007282658170269e-01 3.527537551206190360e-03 4.551661356395084266e-04 0.000000000000000000e+00
7.500000000000000000e+04 3.000005922047783713e-01 4.858898497951752438e-02 9.461766044606281234e-01 4.665452890304961318e-03 5.689576695493854790e-04 0.000000000000000000e+00
7.750000000000000000e+04 3.100006119449376651e-01 5.086481565771506369e-02 9.429904415111515226e-01 5.006827492034592909e-03 1.137915339098770958e-03 0.000000000000000000e+00
8.000000000000000000e+04 3.200006316850969590e-01 4.745106964041875125e-02 9.454938552571688914e-01 5.461993627674101119e-03 1.593081474738279385e-03 0.000000000000000000e+00
8.250000000000000000e+04 3.300006514252562528e-01 5.211652253072371344e-02 9.399180700955849233e-01 6.372325898953117539e-03 1.593081474738279385e-03 0.000000000000000000e+00
8.500000000000000000e+04 3.400006711654155467e-01 5.655439235320892238e-02 9.334319526627219421e-01 7.282658170232134826e-03 2.730996813837050560e-03 0.000000000000000000e+00
8.750000000000000000e+04 3.500006909055748405e-01 5.598543468365953235e-02 9.334319526627219421e-01 7.851615839781519654e-03 2.730996813837050560e-03 0.000000000000000000e+00
9.000000000000000000e+04 3.600007106457341344e-01 5.666818388711879900e-02 9.303595812471552318e-01 9.103322712790167665e-03 3.868912152935821518e-03 0.000000000000000000e+00
9.250000000000000000e+04 3.700007303858934282e-01 7.214383249886208160e-02 9.010013654984069253e-01 1.968593536640873831e-02 7.168866636322257339e-03 0.000000000000000000e+00
9.500000000000000000e+04 3.800007501260527221e-01 1.011606736458807443e-01 8.669776968593536637e-01 3.049613108784706567e-02 1.365498406918525280e-03 0.000000000000000000e+00
9.750000000000000000e+04 3.900007698662117939e-01 8.420573509330905870e-02 8.850705507510241432e-01 2.969959035047792587e-02 1.024123805188893906e-03 0.000000000000000000e+00
1.000000000000000000e+05 4.000007896063710877e-01 8.784706417842512438e-02 8.797223486572598450e-01 3.106508875739644876e-02 1.365498406918525280e-03 0.000000000000000000e+00
1.025000000000000000e+05 4.100008093465303816e-01 9.069185252617205373e-02 8.750568957669548897e-01 3.231679563040509851e-02 1.934456076467910759e-03 0.000000000000000000e+00
1.050000000000000000e+05 4.200008290866896754e-01 9.626763768775603580e-02 8.682294037323623481e-01 3.356850250341374825e-02 1.934456076467910759e-03 0.000000000000000000e+00
1.075000000000000000e+05 4.300008488268489693e-01 1.199362767410104696e-01 7.816340464269457833e-01 9.330905780609922984e-02 5.120619025944469528e-03 0.000000000000000000e+00
1.100000000000000000e+05 4.400008685670082631e-01 9.456076467910787264e-02 8.561675011379152878e-01 4.688211197086936816e-02 2.389622212107419402e-03 0.000000000000000000e+00
1.125000000000000000e+05 4.500008883071675569e-01 9.649522075557578904e-02 8.507055075102412101e-01 5.018206645425580398e-02 2.617205279927173507e-03 0.000000000000000000e+00
1.150000000000000000e+05 4.600009080473268508e-01 1.032089212562585373e-01 8.329540282203004020e-01 6.144742831133363781e-02 2.389622212107419402e-03 0.000000000000000000e+00
1.175000000000000000e+05 4.700009277874861446e-01 9.888484296768319803e-02 8.421711424670004220e-01 5.769230769230769551e-02 1.251706873008648227e-03 0.000000000000000000e+00
1.200000000000000000e+05 4.800009475276454385e-01 9.808830223031406170e-02 8.436504324078288874e-01 5.644060081929904577e-02 1.820664542558033706e-03 0.000000000000000000e+00
1.225000000000000000e+05 4.900009672678047323e-01 9.911242603550296515e-02 8.494538006372326366e-01 5.029585798816568060e-02 1.137915339098770958e-03 0.000000000000000000e+00
1.250000000000000000e+05 5.000009870079640262e-01 1.009330905780609910e-01 8.521847974510696755e-01 4.631315430131998506e-02 5.689576695493854790e-04 0.000000000000000000e+00
1.275000000000000000e+05 5.100010067481233200e-01 1.045744196631770567e-01 8.535502958579881394e-01 4.096495220755575623e-02 9.103322712790168532e-04 0.000000000000000000e+00
1.300000000000000000e+05 5.200010264882826139e-01 1.133363677742375980e-01 8.359126081019572219e-01 4.961310878470642088e-02 1.137915339098770958e-03 0.000000000000000000e+00
1.325000000000000000e+05 5.300010462284419077e-01 1.169776968593536637e-01 8.291989076012744597e-01 5.211652253072371344e-02 1.706873008648156654e-03 0.000000000000000000e+00
1.350000000000000000e+05 5.400010659686012016e-01 1.037778789258079204e-01 8.582157487482930946e-01 3.413746017296313134e-02 3.868912152935821518e-03 0.000000000000000000e+00
1.375000000000000000e+05 5.500010857087602734e-01 9.865725989986344480e-02 8.607191624943104635e-01 3.755120619025944378e-02 3.072371415566681717e-03 0.000000000000000000e+00
1.400000000000000000e+05 5.600011054489195672e-01 9.695038689121529552e-02 8.619708693673190369e-01 3.698224852071006069e-02 4.096495220755575623e-03 0.000000000000000000e+00
1.425000000000000000e+05 5.700011251890788611e-01 9.877105143377332142e-02 8.596950386891215601e-01 3.755120619025944378e-02 3.982703686845699004e-03 0.000000000000000000e+00
1.450000000000000000e+05 5.800011449292381549e-01 1.042330450614474269e-01 8.381884387801548097e-01 5.507510241238051940e-02 2.503413746017296455e-03 0.000000000000000000e+00
1.475000000000000000e+05 5.900011646693974487e-01 1.050295857988165632e-01 8.403504779244423961e-01 5.325443786982248656e-02 1.365498406918525280e-03 0.000000000000000000e+00
1.500000000000000000e+05 6.000011844095567426e-01 1.256258534365043145e-01 7.089212562585344157e-01 1.631770596267637652e-01 2.275830678197541916e-03 0.000000000000000000e+00
1.525000000000000000e+05 6.100012041497160364e-01 1.252844788347746985e-01 6.887801547564861293e-01 1.842284934000910368e-01 1.706873008648156654e-03 0.000000000000000000e+00
1.550000000000000000e+05 6.200012238898753303e-01 1.288120163859808875e-01 6.909421939007738267e-01 1.772872098315885214e-01 2.958579881656804664e-03 0.000000000000000000e+00
1.575000000000000000e+05 6.300012436300346241e-01 1.360946745562130189e-01 6.718252162039144437e-01 1.888939462903959920e-01 3.186162949476558769e-03 0.000000000000000000e+00
1.600000000000000000e+05 6.400012633701939180e-01 1.437187073281747940e-01 6.216431497496586189e-01 2.297451069640418786e-01 4.893035958124715423e-03 0.000000000000000000e+00
1.625000000000000000e+05 6.500012831103532118e-01 1.507737824305871721e-01 5.802230314064633632e-01 2.617205279927173334e-01 7.282658170232134826e-03 0.000000000000000000e+00
1.650000000000000000e+05 6.600013028505125057e-01 1.373463814292216756e-01 5.937642239417387779e-01 2.642239417387346467e-01 4.665452890304961318e-03 0.000000000000000000e+00
1.675000000000000000e+05 6.700013225906717995e-01 1.464497041420118328e-01 5.773782430587164338e-01 2.699135184342285054e-01 6.258534365043240920e-03 0.000000000000000000e+00
1.700000000000000000e+05 6.800013423308310934e-01 1.448566226672735602e-01 5.749886208466090665e-01 2.711652253072371344e-01 8.989531178880291046e-03 0.000000000000000000e+00
1.725000000000000000e+05 6.900013620709903872e-01 1.478152025489303523e-01 5.612198452435138707e-01 2.809512972234865513e-01 1.001365498406918582e-02 0.000000000000000000e+00
1.750000000000000000e+05 7.000013818111494590e-01 1.560081929904415243e-01 5.447200728265817471e-01 2.892580791989076139e-01 1.001365498406918582e-02 0.000000000000000000e+00
1.775000000000000000e+05 7.100014015513087529e-01 1.624943104233045055e-01 4.442421483841602070e-01 3.760810195721438487e-01 1.718252162039144229e-02 0.000000000000000000e+00
1.800000000000000000e+05 7.200014212914680467e-01 1.573736913973600438e-01 6.135639508420573929e-01 2.246244879380974169e-01 4.437869822485207214e-03 0.000000000000000000e+00
1.825000000000000000e+05 7.300014410316273405e-01 1.338188438780154865e-01 6.934456076467910846e-01 1.677287209831588577e-01 5.006827492034592909e-03 0.000000000000000000e+00
1.850000000000000000e+05 7.400014607717866344e-01 1.292671825216203940e-01 6.993627674101047242e-01 1.640873918980427781e-01 7.282658170232134826e-03 0.000000000000000000e+00
1.875000000000000000e+05 7.500014805119459282e-01 1.309740555302685572e-01 6.948111060537096595e-01 1.670459717796995980e-01 7.168866636322257339e-03 0.000000000000000000e+00
1.900000000000000000e+05 7.600015002521052221e-01 1.371187983614019223e-01 6.817250796540736957e-01 1.748975876194810986e-01 6.258534365043240920e-03 0.000000000000000000e+00
1.925000000000000000e+05 7.700015199922645159e-01 1.420118343195266308e-01 6.701183431952663083e-01 1.799044151115156975e-01 7.965407373691398007e-03 0.000000000000000000e+00
1.950000000000000000e+05 7.800015397324238098e-01 1.288120163859808875e-01 7.176832043695948737e-01 1.519116977696859383e-01 1.593081474738279385e-03 0.000000000000000000e+00
1.975000000000000000e+05 7.900015594725831036e-01 1.223258989531178925e-01 7.166590805644059703e-01 1.574874829312699065e-01 3.527537551206190360e-03 0.000000000000000000e+00
2.000000000000000000e+05 8.000015792127423975e-01 1.276741010468821214e-01 7.174556213017750927e-01 1.515703231679562946e-01 3.299954483386436255e-03 0.000000000000000000e+00
2.025000000000000000e+05 8.100015989529016913e-01 1.306326809285389134e-01 7.139280837505689314e-01 1.521392808375056915e-01 3.299954483386436255e-03 0.000000000000000000e+00
2.050000000000000000e+05 8.200016186930609852e-01 1.362084660901228816e-01 7.044833864360491305e-01 1.550978607191624836e-01 4.210286754665453109e-03 0.000000000000000000e+00
2.075000000000000000e+05 8.300016384332202790e-01 1.335912608101957333e-01 7.016385980883022011e-01 1.602184797451069731e-01 4.551661356395083832e-03 0.000000000000000000e+00
2.100000000000000000e+05 8.400016581733795729e-01 1.437187073281747940e-01 6.788802913063267663e-01 1.704597177969958965e-01 6.941283568502503235e-03 0.000000000000000000e+00
2.125000000000000000e+05 8.500016779135386447e-01 1.467910787437414766e-01 6.514565316340463763e-01 1.961766044606281234e-01 5.575785161583977738e-03 0.000000000000000000e+00
2.150000000000000000e+05 8.600016976536979385e-01 1.524806554392353075e-01 6.259672280382339027e-01 2.147246244879381094e-01 6.827492034592626616e-03 0.000000000000000000e+00
2.175000000000000000e+05 8.700017173938572324e-01 1.503186162949476656e-01 6.399635867091488795e-01 2.065316340464269373e-01 3.186162949476558769e-03 0.000000000000000000e+00
2.200000000000000000e+05 8.800017371340165262e-01 1.481565771506599960e-01 6.293809740555302845e-01 2.188211197086936677e-01 3.641329085116067413e-03 0.000000000000000000e+00
2.225000000000000000e+05 8.900017568741758200e-01 1.562357760582612776e-01 6.144742831133364058e-01 2.263313609467455523e-01 2.958579881656804664e-03 0.000000000000000000e+00
2.250000000000000000e+05 9.000017766143351139e-01 1.653390987710514348e-01 5.729403732362312596e-01 2.569412835685024876e-01 4.779244424214838804e-03 0.000000000000000000e+00
2.275000000000000000e+05 9.100017963544944077e-01 1.602184797451069731e-01 6.293809740555302845e-01 2.081247155211652378e-01 2.275830678197541916e-03 0.000000000000000000e+00
2.300000000000000000e+05 9.200018160946537016e-01 1.300637232589895442e-01 7.176832043695948737e-01 1.483841602184797492e-01 3.868912152935821518e-03 0.000000000000000000e+00
2.325000000000000000e+05 9.300018358348129954e-01 1.117432862994993115e-01 8.192990441511152078e-01 6.668183887118799003e-02 2.275830678197541916e-03 0.000000000000000000e+00
2.350000000000000000e+05 9.400018555749722893e-01 1.103777878925807920e-01 8.245334547109695045e-01 6.315430131998178709e-02 1.934456076467910759e-03 0.000000000000000000e+00
2.375000000000000000e+05 9.500018753151315831e-01 1.118570778334091881e-01 8.365953573054164538e-01 4.984069185252617412e-02 1.706873008648156654e-03 0.000000000000000000e+00
2.400000000000000000e+05 9.600018950552908770e-01 1.099226217569412856e-01 8.396677287209831642e-01 4.665452890304961492e-02 3.755120619025944465e-03 0.000000000000000000e+00
2.425000000000000000e+05 9.700019147954501708e-01 1.148156577150659940e-01 8.339781520254893055e-01 4.870277651342740100e-02 2.503413746017296455e-03 0.000000000000000000e+00
2.450000000000000000e+05 9.800019345356094647e-01 1.096950386891215323e-01 8.353436504324078804e-01 5.177514792899408358e-02 3.186162949476558769e-03 0.000000000000000000e+00
2.475000000000000000e+05 9.900019542757687585e-01 1.149294492489758707e-01 8.063268092853891345e-01 7.589895311788802390e-02 2.844788347746927612e-03 0.000000000000000000e+00
2.500000000000000000e+05 1.000001974015928052e+00 1.249431042330450548e-01 7.565999089667728716e-01 1.134501593081474746e-01 5.006827492034592909e-03 0.000000000000000000e+00
