# itime ezz other fcc hcp bcc ico
0.000000000000000000e+00 0.000000000000000000e+00 0.000000000000000000e+00 1.000000000000000000e+00 0.000000000000000000e+00 0.000000000000000000e+00 0.000000000000000000e+00
2.500000000000000000e+03 9.999964337369382505e-03 0.000000000000000000e+00 1.000000000000000000e+00 0.000000000000000000e+00 0.000000000000000000e+00 0.000000000000000000e+00
5.000000000000000000e+03 1.999992867473876501e-02 0.000000000000000000e+00 1.000000000000000000e+00 0.000000000000000000e+00 0.000000000000000000e+00 0.000000000000000000e+00
7.500000000000000000e+03 2.999989301210814752e-02 0.000000000000000000e+00 1.000000000000000000e+00 0.000000000000000000e+00 0.000000000000000000e+00 0.000000000000000000e+00
1.000000000000000000e+04 3.999985734947753002e-02 0.000000000000000000e+00 1.000000000000000000e+00 0.000000000000000000e+00 0.000000000000000000e+00 0.000000000000000000e+00
1.250000000000000000e+04 4.999982168684691253e-02 0.000000000000000000e+00 1.000000000000000000e+00 0.000000000000000000e+00 0.000000000000000000e+00 0.000000000000000000e+00
1.500000000000000000e+04 5.999978602421607299e-02 0.000000000000000000e+00 1.000000000000000000e+00 0.000000000000000000e+00 0.000000000000000000e+00 0.000000000000000000e+00
1.750000000000000000e+04 6.999975036158545549e-02 0.000000000000000000e+00 1.000000000000000000e+00 0.000000000000000000e+00 0.000000000000000000e+00 0.000000000000000000e+00
2.000000000000000000e+04 7.999971469895483800e-02 5.689576695493854790e-04 9.994310423304506585e-01 0.000000000000000000e+00 0.000000000000000000e+00 0.000000000000000000e+00
2.250000000000000000e+04 8.999967903632422050e-02 1.137915339098771066e-04 9.998862084660901095e-01 0.000000000000000000e+00 0.000000000000000000e+00 0.000000000000000000e+00
2.500000000000000000e+04 9.999964337369360301e-02 2.389622212107419402e-03 9.974965862539827421e-01 0.000000000000000000e+00 1.137915339098771066e-04 0.000000000000000000e+00
2.750000000000000000e+04 1.099996077110629855e-01 2.184797451069640448e-02 9.730314064633591720e-01 0.000000000000000000e+00 5.120619025944469528e-03 0.000000000000000000e+00
3.000000000000000000e+04 1.199995720484323680e-01 4.995448338643605074e-02 8.016613563950841792e-01 1.477014110150204895e-01 6.827492034592626399e-04 0.000000000000000000e+00
3.250000000000000000e+04 1.299995363858017505e-01 4.301319981793354230e-02 8.075785161583978189e-01 1.483841602184797492e-01 1.024123805188893906e-03 0.000000000000000000e+00
3.500000000000000000e+04 1.399995007231711330e-01 4.312699135184342586e-02 8.043923532089212181e-01 1.513427401001365413e-01 1.137915339098770958e-03 0.000000000000000000e+00
3.750000000000000000e+04 1.499994650605405155e-01 4.745106964041875125e-02 8.004096495220756058e-01 1.499772416932180219e-01 2.162039144287664864e-03 0.000000000000000000e+00
4.000000000000000000e+04 1.599994293979098980e-01 8.227127901684114231e-02 7.221210741920801590e-01 1.871870732817478289e-01 8.420573509330906217e-03 0.000000000000000000e+00
4.250000000000000000e+04 1.699993937352792805e-01 7.817478379608557015e-02 7.633136094674556338e-01 1.547564861174328676e-01 3.755120619025944465e-03 0.000000000000000000e+00
4.500000000000000000e+04 1.799993580726484410e-01 6.895766954938552240e-02 7.634274010013655243e-01 1.639736003641329154e-01 3.641329085116067413e-03 0.000000000000000000e+00
4.750000000000000000e+04 1.899993224100178235e-01 6.395084205735093730e-02 7.651342740100136597e-01 1.659080564406008318e-01 5.006827492034592909e-03 0.000000000000000000e+00
5.000000000000000000e+04 1.999992867473872060e-01 6.986800182066454923e-02 7.584205735093308975e-01 1.684114701866181174e-01 3.299954483386436255e-03 0.000000000000000000e+00
5.250000000000000000e+04 2.099992510847565885e-01 7.168866636322257513e-02 7.511379153390987939e-01 1.722803823395539502e-01 4.893035958124715423e-03 0.000000000000000000e+00
5.500000000000000000e+04 2.199992154221259710e-01 7.749203459262631044e-02 7.424897587619481154e-01 1.755803368229403860e-01 4.437869822485207214e-03 0.000000000000000000e+00
5.750000000000000000e+04 2.299991797594953535e-01 7.794720072826581692e-02 7.455621301775148257e-01 1.720527992717341692e-01 4.437869822485207214e-03 0.000000000000000000e+00
6.000000000000000000e+04 2.399991440968647360e-01 8.295402822030041590e-02 7.419208010923987739e-01 1.711424670004551563e-01 3.982703686845699004e-03 0.000000000000000000e+00
6.250000000000000000e+04 2.499991084342341185e-01 8.545744196631770151e-02 7.300864815657714946e-01 1.808147473827947105e-01 3.641329085116067413e-03 0.000000000000000000e+00
6.500000000000000000e+04 2.599990727716035011e-01 8.807464724624487762e-02 7.221210741920801590e-01 1.855939918070095562e-01 4.210286754665453109e-03 0.000000000000000000e+00
6.750000000000000000e+04 2.699990371089728836e-01 1.020710059171597572e-01 6.969731451979972459e-01 1.985662266727355463e-01 2.389622212107419402e-03 0.000000000000000000e+00
7.000000000000000000e+04 2.799990014463422661e-01 1.021847974510696339e-01 6.918525261720528396e-01 2.027765134274009950e-01 3.186162949476558769e-03 0.000000000000000000e+00
7.250000000000000000e+04 2.899989657837114265e-01 1.050295857988165632e-01 6.880974055530268974e-01 2.039144287664997612e-01 2.958579881656804664e-03 0.000000000000000000e+00
7.500000000000000000e+04 2.999989301210808090e-01 1.132225762403277214e-01 6.737596722803823601e-01 2.098315885298133732e-01 3.186162949476558769e-03 0.000000000000000000e+00
7.750000000000000000e+04 3.099988944584501915e-01 1.053709604005461931e-01 7.171142467000455323e-01 1.751251706873008518e-01 2.389622212107419402e-03 0.000000000000000000e+00
8.000000000000000000e+04 3.199988587958195740e-01 1.038916704597177970e-01 7.189349112426035582e-01 1.743286299499317293e-01 2.844788347746927612e-03 0.000000000000000000e+00
8.250000000000000000e+04 3.299988231331889565e-01 1.053709604005461931e-01 7.177969959035047642e-01 1.735320892125625791e-01 3.299954483386436255e-03 0.000000000000000000e+00
8.500000000000000000e+04 3.399987874705583391e-01 1.206190259444697294e-01 6.841147018661811741e-01 1.894629039599453890e-01 5.803368229403732710e-03 0.000000000000000000e+00
8.750000000000000000e+04 3.499987518079277216e-01 1.159535730541647741e-01 6.946973145197997690e-01 1.852526172052799402e-01 4.096495220755575623e-03 0.000000000000000000e+00
9.000000000000000000e+04 3.599987161452971041e-01 1.236913973600364119e-01 6.915111515703231682e-01 1.795630405097860816e-01 5.234410559854347014e-03 0.000000000000000000e+00
9.250000000000000000e+04 3.699986804826664866e-01 1.816112881201638607e-01 6.081019572143832042e-01 2.050523441055985552e-01 5.234410559854347014e-03 0.000000000000000000e+00
9.500000000000000000e+04 3.799986448200358691e-01 1.852526172052799402e-01 6.049157942649067143e-01 2.031178880291306388e-01 6.713700500682749130e-03 0.000000000000000000e+00
9.750000000000000000e+04 3.899986091574052516e-01 1.844560764679107900e-01 5.934228493400091065e-01 2.148384160218479721e-01 7.282658170232134826e-03 0.000000000000000000e+00
1.000000000000000000e+05 3.999985734947744120e-01 1.791078743741465751e-01 6.134501593081475024e-01 1.981110605370960398e-01 9.330905780609922637e-03 0.000000000000000000e+00
1.025000000000000000e+05 4.099985378321440166e-01 1.810423304506144637e-01 6.057123350022758368e-01 2.076695493855257035e-01 5.575785161583977738e-03 0.000000000000000000e+00
1.050000000000000000e+05 4.199985021695131771e-01 1.912835685025034149e-01 6.103777878925807920e-01 1.904870277651342647e-01 7.851615839781519654e-03 0.000000000000000000e+00
1.075000000000000000e+05 4.299984665068827816e-01 1.544151115157032239e-01 6.644287664997724496e-01 1.752389622212107423e-01 5.917159763313609329e-03 0.000000000000000000e+00
1.100000000000000000e+05 4.399984308442519421e-01 1.557806099226217433e-01 6.660218479745106945e-01 1.737596722803823324e-01 4.437869822485207214e-03 0.000000000000000000e+00
1.125000000000000000e+05 4.499983951816215466e-01 1.543013199817933612e-01 6.623805188893946427e-01 1.791078743741465751e-01 4.210286754665453109e-03 0.000000000000000000e+00
1.150000000000000000e+05 4.599983595189904850e-01 1.582840236686390567e-01 6.556668183887118806e-01 1.803595812471552040e-01 5.689576695493855224e-03 0.000000000000000000e+00
1.175000000000000000e+05 4.699983238563603116e-01 1.319981793354574329e-01 6.576012744651797970e-01 2.061902594446973214e-01 4.210286754665453109e-03 0.000000000000000000e+00
1.200000000000000000e+05 4.799982881937292500e-01 1.372325898953117851e-01 6.297223486572598450e-01 2.291761492944924816e-01 3.868912152935821518e-03 0.000000000000000000e+00
1.225000000000000000e+05 4.899982525310988546e-01 1.401911697769686049e-01 6.242603550295857673e-01 2.315657715065999045e-01 3.982703686845699004e-03 0.000000000000000000e+00
1.250000000000000000e+05 4.999982168684680151e-01 1.415566681838871244e-01 6.183431952662722386e-01 2.344105598543468338e-01 5.689576695493855224e-03 0.000000000000000000e+00
1.275000000000000000e+05 5.099981812058376196e-01 1.463359126081019701e-01 6.131087847064178309e-01 2.356622667273554905e-01 4.893035958124715423e-03 0.000000000000000000e+00
1.300000000000000000e+05 5.199981455432067801e-01 1.606736458807464796e-01 5.707783340919435622e-01 2.573964497041419941e-01 1.115157032316795548e-02 0.000000000000000000e+00
1.325000000000000000e+05 5.299981098805763846e-01 1.733045061447428259e-01 6.079881656804734247e-01 2.149522075557578626e-01 3.755120619025944465e-03 0.000000000000000000e+00
1.350000000000000000e+05 5.399980742179455451e-01 1.708010923987255403e-01 6.127674101046881594e-01 2.132453345471096995e-01 3.186162949476558769e-03 0.000000000000000000e+00
1.375000000000000000e+05 5.499980385553151496e-01 1.706873008648156498e-01 6.100364132908511205e-01 2.154073736913973691e-01 3.868912152935821518e-03 0.000000000000000000e+00
1.400000000000000000e+05 5.599980028926840880e-01 1.697769685935366368e-01 6.102639963586709015e-01 2.149522075557578626e-01 5.006827492034592909e-03 0.000000000000000000e+00
1.425000000000000000e+05 5.699979672300539146e-01 1.710286754665452935e-01 6.054847519344560558e-01 2.188211197086936677e-01 4.665452890304961318e-03 0.000000000000000000e+00
1.450000000000000000e+05 5.799979315674228530e-01 1.772872098315885214e-01 5.843195266272189770e-01 2.330450614474283144e-01 5.348202093764223633e-03 0.000000000000000000e+00
1.475000000000000000e+05 5.899978959047926796e-01 1.874146563495675821e-01 6.248293126991352198e-01 1.776285844333181652e-01 1.012744651797906244e-02 0.000000000000000000e+00
1.500000000000000000e+05 5.999978602421616181e-01 1.538461538461538547e-01 6.739872553482021411e-01 1.692080109239872676e-01 2.958579881656804664e-03 0.000000000000000000e+00
1.525000000000000000e+05 6.099978245795312226e-01 1.467910787437414766e-01 6.929904415111515226e-01 1.594219390077378229e-01 7.965407373691396923e-04 0.000000000000000000e+00
1.550000000000000000e+05 6.199977889169003831e-01 1.471324533454710926e-01 6.962903959945380139e-01 1.554392353208921274e-01 1.137915339098770958e-03 0.000000000000000000e+00
1.575000000000000000e+05 6.299977532542699876e-01 1.471324533454710926e-01 7.035730541647701175e-01 1.470186618115612298e-01 2.275830678197541916e-03 0.000000000000000000e+00
1.600000000000000000e+05 6.399977175916391481e-01 1.495220755575785154e-01 7.008420573509330787e-01 1.481565771506599960e-01 1.479289940828402332e-03 0.000000000000000000e+00
1.625000000000000000e+05 6.499976819290087526e-01 1.651115157032316816e-01 7.039144287664997890e-01 1.297223486572599005e-01 1.251706873008648227e-03 0.000000000000000000e+00
1.650000000000000000e+05 6.599976462663779131e-01 1.684114701866181174e-01 6.979972690031861493e-01 1.316568047337278169e-01 1.934456076467910759e-03 0.000000000000000000e+00
1.675000000000000000e+05 6.699976106037475176e-01 1.701183431952662806e-01 7.249658625398270884e-01 1.043468365953573035e-01 5.689576695493854790e-04 0.000000000000000000e+00
1.700000000000000000e+05 6.799975749411164561e-01 1.598771051433773294e-01 7.386208466090122826e-01 1.001365498406918547e-01 1.365498406918525280e-03 0.000000000000000000e+00
1.725000000000000000e+05 6.899975392784862827e-01 1.610150204824760956e-01 7.386208466090122826e-01 9.911242603550296515e-02 1.251706873008648227e-03 0.000000000000000000e+00
1.750000000000000000e+05 6.999975036158552211e-01 1.622667273554847522e-01 7.357760582612653533e-01 1.002503413746017313e-01 1.706873008648156654e-03 0.000000000000000000e+00
1.775000000000000000e+05 7.099974679532250477e-01 1.645425580336822846e-01 7.327036868456986429e-01 1.007055075102412378e-01 2.048247610377787811e-03 0.000000000000000000e+00
1.800000000000000000e+05 7.199974322905939861e-01 1.710286754665452935e-01 7.251934456076467583e-01 9.979517523896222486e-02 3.982703686845699004e-03 0.000000000000000000e+00
1.825000000000000000e+05 7.299973966279635906e-01 1.844560764679107900e-01 6.875284478834774449e-01 1.220983158852981393e-01 5.917159763313609329e-03 0.000000000000000000e+00
1.850000000000000000e+05 7.399973609653327511e-01 1.570323167956304000e-01 7.016385980883022011e-01 1.371187983614019223e-01 4.210286754665453109e-03 0.000000000000000000e+00
1.875000000000000000e+05 7.499973253027023556e-01 1.577150659990896597e-01 6.975421028675466983e-01 1.404187528447883582e-01 4.324078288575329727e-03 0.000000000000000000e+00
1.900000000000000000e+05 7.599972896400715161e-01 1.686390532544378706e-01 7.040282203004096795e-01 1.234638142922166587e-01 3.868912152935821518e-03 0.000000000000000000e+00
1.925000000000000000e+05 7.699972539774411207e-01 1.670459717796995980e-01 7.065316340464269373e-01 1.219845243513882627e-01 4.437869822485207214e-03 0.000000000000000000e+00
1.950000000000000000e+05 7.799972183148102811e-01 1.659080564406008318e-01 7.063040509786071564e-01 1.230086481565771522e-01 4.779244424214838804e-03 0.000000000000000000e+00
1.975000000000000000e+05 7.899971826521798857e-01 1.675011379153391045e-01 6.899180700955849233e-01 1.374601729631315383e-01 5.120619025944469528e-03 0.000000000000000000e+00
2.000000000000000000e+05 7.999971469895488241e-01 1.673873463814292140e-01 6.761492944924897275e-01 1.503186162949476656e-01 6.144742831133363434e-03 0.000000000000000000e+00
2.025000000000000000e+05 8.099971113269186507e-01 1.688666363222576239e-01 6.645425580336823401e-01 1.604460628129267263e-01 6.144742831133363434e-03 0.000000000000000000e+00
2.050000000000000000e+05 8.199970756642875891e-01 1.610150204824760956e-01 6.857077833409194190e-01 1.492944924897587622e-01 3.982703686845699004e-03 0.000000000000000000e+00
2.075000000000000000e+05 8.299970400016574157e-01 1.621529358215748617e-01 6.890077378243059103e-01 1.444014565316340537e-01 4.437869822485207214e-03 0.000000000000000000e+00
2.100000000000000000e+05 8.399970043390263541e-01 1.638598088302230249e-01 6.962903959945380139e-01 1.372325898953117851e-01 2.617205279927173507e-03 0.000000000000000000e+00
2.125000000000000000e+05 8.499969686763959587e-01 1.615839781520254925e-01 7.001593081474738467e-01 1.349567592171142527e-01 3.299954483386436255e-03 0.000000000000000000e+00
2.150000000000000000e+05 8.599969330137651191e-01 1.599908966772872199e-01 7.033454710969503365e-01 1.335912608101957333e-01 3.072371415566681717e-03 0.000000000000000000e+00
2.175000000000000000e+05 8.699968973511347237e-01 1.636322257624032717e-01 7.064178425125170468e-01 1.264223941738734647e-01 3.527537551206190360e-03 0.000000000000000000e+00
2.200000000000000000e+05 8.799968616885038841e-01 1.665908056440600915e-01 7.147246244879380539e-01 1.164087391898042806e-01 2.275830678197541916e-03 0.000000000000000000e+00
2.225000000000000000e+05 8.899968260258734887e-01 1.521392808375056915e-01 8.171370050068275104e-01 2.856167501137915274e-02 2.162039144287664864e-03 0.000000000000000000e+00
2.250000000000000000e+05 8.999967903632426491e-01 1.312016385980883104e-01 8.620846609012289274e-01 5.803368229403732710e-03 9.103322712790168532e-04 0.000000000000000000e+00
2.275000000000000000e+05 9.099967547006122537e-01 1.310878470641784199e-01 8.634501593081475024e-01 4.324078288575329727e-03 1.137915339098770958e-03 0.000000000000000000e+00
2.300000000000000000e+05 9.199967190379811921e-01 1.300637232589895442e-01 8.647018661811560758e-01 4.779244424214838804e-03 4.551661356395084266e-04 0.000000000000000000e+00
2.325000000000000000e+05 9.299966833753510187e-01 1.316568047337278169e-01 8.627674101046881594e-01 4.893035958124715423e-03 6.827492034592626399e-04 0.000000000000000000e+00
2.350000000000000000e+05 9.399966477127199571e-01 1.326809285389166926e-01 8.608329540282203540e-01 5.461993627674101119e-03 1.024123805188893906e-03 0.000000000000000000e+00
2.375000000000000000e+05 9.499966120500895617e-01 1.312016385980883104e-01 8.628812016385980499e-01 4.551661356395083832e-03 1.365498406918525280e-03 0.000000000000000000e+00
2.400000000000000000e+05 9.599965763874587221e-01 1.335912608101957333e-01 8.562812926718251783e-01 8.989531178880291046e-03 1.137915339098770958e-03 0.000000000000000000e+00
2.425000000000000000e+05 9.699965407248283267e-01 1.426945835229858905e-01 7.349795175238962308e-01 1.189121529358215801e-01 3.413746017296313308e-03 0.000000000000000000e+00
2.450000000000000000e+05 9.799965050621974871e-01 1.375739644970414288e-01 7.171142467000455323e-01 1.414428766499772339e-01 3.868912152935821518e-03 0.000000000000000000e+00
2.475000000000000000e+05 9.899964693995670917e-01 1.362084660901228816e-01 7.245106964041875264e-01 1.349567592171142527e-01 4.324078288575329727e-03 0.000000000000000000e+00
2.500000000000000000e+05 9.999964337369362521e-01 1.405325443786982209e-01 7.164314974965863003e-01 1.384842967683204418e-01 4.551661356395083832e-03 0.000000000000000000e+00
