# itime ezz other fcc hcp bcc ico
0.000000000000000000e+00 0.000000000000000000e+00 0.000000000000000000e+00 1.000000000000000000e+00 0.000000000000000000e+00 0.000000000000000000e+00 0.000000000000000000e+00
5.000000000000000000e+02 1.999992924793803084e-03 0.000000000000000000e+00 1.000000000000000000e+00 0.000000000000000000e+00 0.000000000000000000e+00 0.000000000000000000e+00
1.000000000000000000e+03 3.999985849587384124e-03 0.000000000000000000e+00 1.000000000000000000e+00 0.000000000000000000e+00 0.000000000000000000e+00 0.000000000000000000e+00
1.500000000000000000e+03 5.999978774381187208e-03 0.000000000000000000e+00 1.000000000000000000e+00 0.000000000000000000e+00 0.000000000000000000e+00 0.000000000000000000e+00
2.000000000000000000e+03 7.999971699174768247e-03 0.000000000000000000e+00 1.000000000000000000e+00 0.000000000000000000e+00 0.000000000000000000e+00 0.000000000000000000e+00
2.500000000000000000e+03 9.999964623968571331e-03 0.000000000000000000e+00 1.000000000000000000e+00 0.000000000000000000e+00 0.000000000000000000e+00 0.000000000000000000e+00
3.000000000000000000e+03 1.199995754876215237e-02 0.000000000000000000e+00 1.000000000000000000e+00 0.000000000000000000e+00 0.000000000000000000e+00 0.000000000000000000e+00
3.500000000000000000e+03 1.399995047355595545e-02 0.000000000000000000e+00 1.000000000000000000e+00 0.000000000000000000e+00 0.000000000000000000e+00 0.000000000000000000e+00
4.000000000000000000e+03 1.599994339834953649e-02 0.000000000000000000e+00 1.000000000000000000e+00 0.000000000000000000e+00 0.000000000000000000e+00 0.000000000000000000e+00
4.500000000000000000e+03 1.799993632314333958e-02 0.000000000000000000e+00 1.000000000000000000e+00 0.000000000000000000e+00 0.000000000000000000e+00 0.000000000000000000e+00
5.000000000000000000e+03 1.999992924793692062e-02 0.000000000000000000e+00 1.000000000000000000e+00 0.000000000000000000e+00 0.000000000000000000e+00 0.000000000000000000e+00
5.500000000000000000e+03 2.199992217273072370e-02 0.000000000000000000e+00 1.000000000000000000e+00 0.000000000000000000e+00 0.000000000000000000e+00 0.000000000000000000e+00
6.000000000000000000e+03 2.399991509752430474e-02 0.000000000000000000e+00 1.000000000000000000e+00 0.000000000000000000e+00 0.000000000000000000e+00 0.000000000000000000e+00
6.500000000000000000e+03 2.599990802231810783e-02 0.000000000000000000e+00 1.000000000000000000e+00 0.000000000000000000e+00 0.000000000000000000e+00 0.000000000000000000e+00
7.000000000000000000e+03 2.799990094711168886e-02 0.000000000000000000e+00 1.000000000000000000e+00 0.000000000000000000e+00 0.000000000000000000e+00 0.000000000000000000e+00
7.500000000000000000e+03 2.999989387190549195e-02 0.000000000000000000e+00 1.000000000000000000e+00 0.000000000000000000e+00 0.000000000000000000e+00 0.000000000000000000e+00
8.000000000000000000e+03 3.199988679669907299e-02 0.000000000000000000e+00 1.000000000000000000e+00 0.000000000000000000e+00 0.000000000000000000e+00 0.000000000000000000e+00
8.500000000000000000e+03 3.399987972149287607e-02 0.000000000000000000e+00 1.000000000000000000e+00 0.000000000000000000e+00 0.000000000000000000e+00 0.000000000000000000e+00
9.000000000000000000e+03 3.599987264628645711e-02 0.000000000000000000e+00 1.000000000000000000e+00 0.000000000000000000e+00 0.000000000000000000e+00 0.000000000000000000e+00
9.500000000000000000e+03 3.799986557108026020e-02 0.000000000000000000e+00 1.000000000000000000e+00 0.000000000000000000e+00 0.000000000000000000e+00 0.000000000000000000e+00
1.000000000000000000e+04 3.999985849587384124e-02 0.000000000000000000e+00 1.000000000000000000e+00 0.000000000000000000e+00 0.000000000000000000e+00 0.000000000000000000e+00
1.050000000000000000e+04 4.199985142066764432e-02 0.000000000000000000e+00 1.000000000000000000e+00 0.000000000000000000e+00 0.000000000000000000e+00 0.000000000000000000e+00
1.100000000000000000e+04 4.399984434546122536e-02 0.000000000000000000e+00 1.000000000000000000e+00 0.000000000000000000e+00 0.000000000000000000e+00 0.000000000000000000e+00
1.150000000000000000e+04 4.599983727025502844e-02 0.000000000000000000e+00 1.000000000000000000e+00 0.000000000000000000e+00 0.000000000000000000e+00 0.000000000000000000e+00
1.200000000000000000e+04 4.799983019504860948e-02 0.000000000000000000e+00 1.000000000000000000e+00 0.000000000000000000e+00 0.000000000000000000e+00 0.000000000000000000e+00
1.250000000000000000e+04 4.999982311984241257e-02 0.000000000000000000e+00 1.000000000000000000e+00 0.000000000000000000e+00 0.000000000000000000e+00 0.000000000000000000e+00
1.300000000000000000e+04 5.199981604463599361e-02 0.000000000000000000e+00 1.000000000000000000e+00 0.000000000000000000e+00 0.000000000000000000e+00 0.000000000000000000e+00
1.350000000000000000e+04 5.399980896942979669e-02 0.000000000000000000e+00 1.000000000000000000e+00 0.000000000000000000e+00 0.000000000000000000e+00 0.000000000000000000e+00
1.400000000000000000e+04 5.599980189422337773e-02 0.000000000000000000e+00 1.000000000000000000e+00 0.000000000000000000e+00 0.000000000000000000e+00 0.000000000000000000e+00
1.450000000000000000e+04 5.799979481901718081e-02 0.000000000000000000e+00 1.000000000000000000e+00 0.000000000000000000e+00 0.000000000000000000e+00 0.000000000000000000e+00
1.500000000000000000e+04 5.999978774381076185e-02 0.000000000000000000e+00 1.000000000000000000e+00 0.000000000000000000e+00 0.000000000000000000e+00 0.000000000000000000e+00
1.550000000000000000e+04 6.199978066860456494e-02 0.000000000000000000e+00 9.998862084660901095e-01 0.000000000000000000e+00 1.137915339098771066e-04 0.000000000000000000e+00
1.600000000000000000e+04 6.399977359339814598e-02 0.000000000000000000e+00 1.000000000000000000e+00 0.000000000000000000e+00 0.000000000000000000e+00 0.000000000000000000e+00
1.650000000000000000e+04 6.599976651819194906e-02 0.000000000000000000e+00 1.000000000000000000e+00 0.000000000000000000e+00 0.000000000000000000e+00 0.000000000000000000e+00
1.700000000000000000e+04 6.799975944298553010e-02 1.137915339098771066e-04 9.998862084660901095e-01 0.000000000000000000e+00 0.000000000000000000e+00 0.000000000000000000e+00
1.750000000000000000e+04 6.999975236777933318e-02 0.000000000000000000e+00 1.000000000000000000e+00 0.000000000000000000e+00 0.000000000000000000e+00 0.000000000000000000e+00
1.800000000000000000e+04 7.199974529257291422e-02 0.000000000000000000e+00 1.000000000000000000e+00 0.000000000000000000e+00 0.000000000000000000e+00 0.000000000000000000e+00
1.850000000000000000e+04 7.399973821736671731e-02 2.275830678197542133e-04 9.997724169321802190e-01 0.000000000000000000e+00 0.000000000000000000e+00 0.000000000000000000e+00
1.900000000000000000e+04 7.599973114216029835e-02 0.000000000000000000e+00 1.000000000000000000e+00 0.000000000000000000e+00 0.000000000000000000e+00 0.000000000000000000e+00
1.950000000000000000e+04 7.799972406695410143e-02 4.551661356395084266e-04 9.995448338643604380e-01 0.000000000000000000e+00 0.000000000000000000e+00 0.000000000000000000e+00
2.000000000000000000e+04 7.999971699174768247e-02 4.551661356395084266e-04 9.995448338643604380e-01 0.000000000000000000e+00 0.000000000000000000e+00 0.000000000000000000e+00
2.050000000000000000e+04 8.199970991654148555e-02 1.137915339098770958e-03 9.987482931269913156e-01 0.000000000000000000e+00 1.137915339098771066e-04 0.000000000000000000e+00
2.100000000000000000e+04 8.399970284133506659e-02 0.000000000000000000e+00 1.000000000000000000e+00 0.000000000000000000e+00 0.000000000000000000e+00 0.000000000000000000e+00
2.150000000000000000e+04 8.599969576612886968e-02 5.689576695493854790e-04 9.994310423304506585e-01 0.000000000000000000e+00 0.000000000000000000e+00 0.000000000000000000e+00
2.200000000000000000e+04 8.799968869092245072e-02 4.551661356395084266e-04 9.995448338643604380e-01 0.000000000000000000e+00 0.000000000000000000e+00 0.000000000000000000e+00
2.250000000000000000e+04 8.999968161571625380e-02 6.827492034592626399e-04 9.993172507965407680e-01 0.000000000000000000e+00 0.000000000000000000e+00 0.000000000000000000e+00
2.300000000000000000e+04 9.199967454050983484e-02 1.251706873008648227e-03 9.986345015930814251e-01 0.000000000000000000e+00 1.137915339098771066e-04 0.000000000000000000e+00
2.350000000000000000e+04 9.399966746530363793e-02 1.251706873008648227e-03 9.986345015930814251e-01 0.000000000000000000e+00 1.137915339098771066e-04 0.000000000000000000e+00
2.400000000000000000e+04 9.599966039009721896e-02 2.275830678197541916e-03 9.974965862539827421e-01 0.000000000000000000e+00 2.275830678197542133e-04 0.000000000000000000e+00
2.450000000000000000e+04 9.799965331489102205e-02 1.593081474738279385e-03 9.984069185252617551e-01 0.000000000000000000e+00 0.000000000000000000e+00 0.000000000000000000e+00
2.500000000000000000e+04 9.999964623968460309e-02 4.096495220755575623e-03 9.957897132453344957e-01 0.000000000000000000e+00 1.137915339098771066e-04 0.000000000000000000e+00
2.550000000000000000e+04 1.019996391644784062e-01 3.868912152935821518e-03 9.954483386436049352e-01 0.000000000000000000e+00 6.827492034592626399e-04 0.000000000000000000e+00
2.600000000000000000e+04 1.039996320892719872e-01 5.575785161583977738e-03 9.944242148384160318e-01 0.000000000000000000e+00 0.000000000000000000e+00 0.000000000000000000e+00
2.650000000000000000e+04 1.059996250140657903e-01 6.144742831133363434e-03 9.930587164314974569e-01 0.000000000000000000e+00 7.965407373691396923e-04 0.000000000000000000e+00
2.700000000000000000e+04 1.079996179388593713e-01 1.558944014565316269e-02 9.795175238962221531e-01 0.000000000000000000e+00 4.893035958124715423e-03 0.000000000000000000e+00
2.750000000000000000e+04 1.099996108636531744e-01 1.646563495675921751e-01 3.090578060992262288e-01 1.820664542558033706e-03 5.244651797906235702e-01 0.000000000000000000e+00
2.800000000000000000e+04 1.119996037884467555e-01 2.049385525716886647e-01 5.521165225307237412e-01 2.232589895311788697e-01 1.968593536640873831e-02 0.000000000000000000e+00
2.850000000000000000e+04 1.139995967132405585e-01 1.181156121984524299e-01 6.837733272644515026e-01 1.943559399180700975e-01 3.755120619025944465e-03 0.000000000000000000e+00
2.900000000000000000e+04 1.159995896380341396e-01 7.146108329540282189e-02 7.761720527992717056e-01 1.458807464724624359e-01 6.486117432862995025e-03 0.000000000000000000e+00
2.950000000000000000e+04 1.179995825628279427e-01 6.338188438780155420e-02 8.021165225307237412e-01 1.309740555302685572e-01 3.527537551206190360e-03 0.000000000000000000e+00
3.000000000000000000e+04 1.199995754876215237e-01 6.030951297223486468e-02 8.054164770141101215e-01 1.312016385980883104e-01 3.072371415566681717e-03 0.000000000000000000e+00
3.050000000000000000e+04 1.219995684124153268e-01 5.587164314974965573e-02 8.096267637687756258e-01 1.318843878015475701e-01 2.617205279927173507e-03 0.000000000000000000e+00
3.100000000000000000e+04 1.239995613372089078e-01 5.712335002275830548e-02 8.076923076923077094e-01 1.334774692762858428e-01 1.706873008648156654e-03 0.000000000000000000e+00
3.150000000000000000e+04 1.259995542620027109e-01 4.517523896222121194e-02 8.214610832954027941e-01 1.306326809285389134e-01 2.730996813837050560e-03 0.000000000000000000e+00
3.200000000000000000e+04 1.279995471867962920e-01 4.699590350477924477e-02 8.206645425580336717e-01 1.298361401911697632e-01 2.503413746017296455e-03 0.000000000000000000e+00
3.250000000000000000e+04 1.299995401115900950e-01 4.631315430131998506e-02 8.210059171597633432e-01 1.302913063268092975e-01 2.389622212107419402e-03 0.000000000000000000e+00
3.300000000000000000e+04 1.319995330363836761e-01 4.642694583522986168e-02 8.210059171597633432e-01 1.308602639963586667e-01 1.706873008648156654e-03 0.000000000000000000e+00
3.350000000000000000e+04 1.339995259611774792e-01 4.585798816568047165e-02 8.216886663632225751e-01 1.299499317250796537e-01 2.503413746017296455e-03 0.000000000000000000e+00
3.400000000000000000e+04 1.359995188859710602e-01 4.585798816568047165e-02 8.203231679563040002e-01 1.306326809285389134e-01 3.186162949476558769e-03 0.000000000000000000e+00
3.450000000000000000e+04 1.379995118107648633e-01 4.563040509786071841e-02 8.219162494310423561e-01 1.302913063268092975e-01 2.162039144287664864e-03 0.000000000000000000e+00
3.500000000000000000e+04 1.399995047355584443e-01 4.551661356395084179e-02 8.202093764223942207e-01 1.317705962676376796e-01 2.503413746017296455e-03 0.000000000000000000e+00
3.550000000000000000e+04 1.419994976603522474e-01 4.585798816568047165e-02 8.207783340919435622e-01 1.309740555302685572e-01 2.389622212107419402e-03 0.000000000000000000e+00
3.600000000000000000e+04 1.439994905851458284e-01 4.551661356395084179e-02 8.206645425580336717e-01 1.315430131998179264e-01 2.275830678197541916e-03 0.000000000000000000e+00
3.650000000000000000e+04 1.459994835099396315e-01 4.710969503868912139e-02 8.210059171597633432e-01 1.293809740555302568e-01 2.503413746017296455e-03 0.000000000000000000e+00
3.700000000000000000e+04 1.479994764347332126e-01 4.483386436049158208e-02 8.215748748293126846e-01 1.319981793354574329e-01 1.593081474738279385e-03 0.000000000000000000e+00
3.750000000000000000e+04 1.499994693595270157e-01 4.847519344560764776e-02 8.197542102867546587e-01 1.294947655894401473e-01 2.275830678197541916e-03 0.000000000000000000e+00
3.800000000000000000e+04 1.519994622843205967e-01 4.676832043695949154e-02 8.202093764223942207e-01 1.306326809285389134e-01 2.389622212107419402e-03 0.000000000000000000e+00
3.850000000000000000e+04 1.539994552091143998e-01 4.836140191169777114e-02 8.207783340919435622e-01 1.290395994538006408e-01 1.820664542558033706e-03 0.000000000000000000e+00
3.900000000000000000e+04 1.559994481339079808e-01 4.790623577605826466e-02 8.202093764223942207e-01 1.297223486572599005e-01 2.162039144287664864e-03 0.000000000000000000e+00
3.950000000000000000e+04 1.579994410587017839e-01 4.949931725079653733e-02 8.192990441511152078e-01 1.288120163859808875e-01 2.389622212107419402e-03 0.000000000000000000e+00
4.000000000000000000e+04 1.599994339834953649e-01 4.995448338643605074e-02 8.197542102867546587e-01 1.275603095129722309e-01 2.730996813837050560e-03 0.000000000000000000e+00
4.050000000000000000e+04 1.619994269082891680e-01 7.043695949021393232e-02 7.530723714155667103e-01 1.697769685935366368e-01 6.713700500682749130e-03 0.000000000000000000e+00
4.100000000000000000e+04 1.639994198330827491e-01 8.522985889849794827e-02 7.388484296768320636e-01 1.688666363222576239e-01 7.055075102412380721e-03 0.000000000000000000e+00
4.150000000000000000e+04 1.659994127578765521e-01 9.342284934000910646e-02 7.193900773782430091e-01 1.767182521620391522e-01 1.046882111970869403e-02 0.000000000000000000e+00
4.200000000000000000e+04 1.679994056826701332e-01 6.986800182066454923e-02 8.033682294037323146e-01 1.169776968593536637e-01 9.786071916249430847e-03 0.000000000000000000e+00
4.250000000000000000e+04 1.699993986074639363e-01 6.133363677742376119e-02 8.218024578971324656e-01 1.035502958579881672e-01 1.331360946745562164e-02 0.000000000000000000e+00
4.300000000000000000e+04 1.719993915322577394e-01 6.087847064178425471e-02 8.229403732362312596e-01 1.060537096040054666e-01 1.012744651797906244e-02 0.000000000000000000e+00
4.350000000000000000e+04 1.739993844570513204e-01 5.131998179335457710e-02 8.380746472462449193e-01 1.042330450614474269e-01 6.372325898953117539e-03 0.000000000000000000e+00
4.400000000000000000e+04 1.759993773818451235e-01 5.029585798816568060e-02 8.357988165680473314e-01 1.042330450614474269e-01 9.672280382339554228e-03 0.000000000000000000e+00
4.450000000000000000e+04 1.779993703066387045e-01 5.154756486117433034e-02 8.342057350933090865e-01 1.051433773327264398e-01 9.103322712790167665e-03 0.000000000000000000e+00
4.500000000000000000e+04 1.799993632314325076e-01 4.961310878470642088e-02 8.386436049157942607e-01 1.034365043240782905e-01 8.306781975421027864e-03 0.000000000000000000e+00
4.550000000000000000e+04 1.819993561562260886e-01 5.029585798816568060e-02 8.390987710514338227e-01 1.032089212562585373e-01 7.396449704142011444e-03 0.000000000000000000e+00
4.600000000000000000e+04 1.839993490810198917e-01 5.075102412380518707e-02 8.363677742375966728e-01 1.044606281292671801e-01 8.420573509330906217e-03 0.000000000000000000e+00
4.650000000000000000e+04 1.859993420058134728e-01 5.302685480200273332e-02 8.376194811106053573e-01 1.017296313154301274e-01 7.624032771961766417e-03 0.000000000000000000e+00
4.700000000000000000e+04 1.879993349306072759e-01 5.348202093764223980e-02 8.371643149749659063e-01 1.018434228493400040e-01 7.510241238051888930e-03 0.000000000000000000e+00
4.750000000000000000e+04 1.899993278554008569e-01 5.632680928538916915e-02 8.336367774237596340e-01 1.026399635867091542e-01 7.396449704142011444e-03 0.000000000000000000e+00
4.800000000000000000e+04 1.919993207801946600e-01 6.497496586253982687e-02 7.925580336822940497e-01 1.321119708693673234e-01 1.035502958579881741e-02 0.000000000000000000e+00
4.850000000000000000e+04 1.939993137049882410e-01 5.359581247155211642e-02 8.657259899863449792e-01 7.817478379608557015e-02 2.503413746017296455e-03 0.000000000000000000e+00
4.900000000000000000e+04 1.959993066297820441e-01 5.223031406463359005e-02 8.842740100136550208e-01 6.087847064178425471e-02 2.617205279927173507e-03 0.000000000000000000e+00
4.950000000000000000e+04 1.979992995545756251e-01 5.120619025944470049e-02 8.724396904870277414e-01 7.316795630405098505e-02 3.186162949476558769e-03 0.000000000000000000e+00
5.000000000000000000e+04 1.999992924793694282e-01 4.893035958124715423e-02 8.687983614019116896e-01 7.976786527082385669e-02 2.503413746017296455e-03 0.000000000000000000e+00
5.050000000000000000e+04 2.019992854041630093e-01 5.370960400546199304e-02 8.328402366863905115e-01 1.091260810195721492e-01 4.324078288575329727e-03 0.000000000000000000e+00
5.100000000000000000e+04 2.039992783289568123e-01 5.541647701411014926e-02 8.350022758306782089e-01 1.060537096040054666e-01 3.527537551206190360e-03 0.000000000000000000e+00
5.150000000000000000e+04 2.059992712537503934e-01 5.484751934456076616e-02 8.320436959490213891e-01 1.082157487482931224e-01 4.893035958124715423e-03 0.000000000000000000e+00
5.200000000000000000e+04 2.079992641785441965e-01 5.450614474283113631e-02 8.346609012289485374e-01 1.065088757396449731e-01 4.324078288575329727e-03 0.000000000000000000e+00
5.250000000000000000e+04 2.099992571033377775e-01 5.314064633591260994e-02 8.355712335002275504e-01 1.063950842057350965e-01 4.893035958124715423e-03 0.000000000000000000e+00
5.300000000000000000e+04 2.119992500281315806e-01 5.461993627674101293e-02 8.371643149749659063e-01 1.044606281292671801e-01 3.755120619025944465e-03 0.000000000000000000e+00
5.350000000000000000e+04 2.139992429529251616e-01 5.279927173418298009e-02 8.372781065088756858e-01 1.053709604005461931e-01 4.551661356395083832e-03 0.000000000000000000e+00
5.400000000000000000e+04 2.159992358777189647e-01 5.314064633591260994e-02 8.362539827036868934e-01 1.051433773327264398e-01 5.461993627674101119e-03 0.000000000000000000e+00
5.450000000000000000e+04 2.179992288025125458e-01 5.245789713245334329e-02 8.386436049157942607e-01 1.045744196631770567e-01 4.324078288575329727e-03 0.000000000000000000e+00
5.500000000000000000e+04 2.199992217273063488e-01 5.223031406463359005e-02 8.385298133818843702e-01 1.043468365953573035e-01 4.893035958124715423e-03 0.000000000000000000e+00
5.550000000000000000e+04 2.219992146520999299e-01 5.496131087847064278e-02 8.372781065088756858e-01 1.035502958579881672e-01 4.210286754665453109e-03 0.000000000000000000e+00
5.600000000000000000e+04 2.239992075768937330e-01 5.461993627674101293e-02 8.355712335002275504e-01 1.045744196631770567e-01 5.234410559854347014e-03 0.000000000000000000e+00
5.650000000000000000e+04 2.259992005016873140e-01 5.700955848884842886e-02 8.342057350933090865e-01 1.041192535275375503e-01 4.665452890304961318e-03 0.000000000000000000e+00
5.700000000000000000e+04 2.279991934264811171e-01 5.496131087847064278e-02 8.385298133818843702e-01 1.020710059171597572e-01 4.437869822485207214e-03 0.000000000000000000e+00
5.750000000000000000e+04 2.299991863512746981e-01 5.564406008192990249e-02 8.411470186618115186e-01 1.004779244424214846e-01 2.730996813837050560e-03 0.000000000000000000e+00
5.800000000000000000e+04 2.319991792760685012e-01 5.848884842967683184e-02 8.342057350933090865e-01 1.026399635867091542e-01 4.665452890304961318e-03 0.000000000000000000e+00
5.850000000000000000e+04 2.339991722008620822e-01 5.780609922621757213e-02 8.404642694583522866e-01 9.649522075557578904e-02 5.234410559854347014e-03 0.000000000000000000e+00
5.900000000000000000e+04 2.359991651256558853e-01 5.848884842967683184e-02 8.375056895766954668e-01 9.968138370505234824e-02 4.324078288575329727e-03 0.000000000000000000e+00
5.950000000000000000e+04 2.379991580504494664e-01 5.917159763313609155e-02 8.393263541192534927e-01 9.717796995903504875e-02 4.324078288575329727e-03 0.000000000000000000e+00
6.000000000000000000e+04 2.399991509752432695e-01 5.894401456531633832e-02 8.179335457441966328e-01 1.174328629949931702e-01 5.689576695493855224e-03 0.000000000000000000e+00
6.050000000000000000e+04 2.419991439000368505e-01 5.848884842967683184e-02 8.373918980427855763e-01 1.011606736458807443e-01 2.958579881656804664e-03 0.000000000000000000e+00
6.100000000000000000e+04 2.439991368248306536e-01 5.951297223486572835e-02 8.180473372781065233e-01 1.183431952662721831e-01 4.096495220755575623e-03 0.000000000000000000e+00
6.150000000000000000e+04 2.459991297496242346e-01 6.030951297223486468e-02 8.202093764223942207e-01 1.144742831133363642e-01 5.006827492034592909e-03 0.000000000000000000e+00
6.200000000000000000e+04 2.479991226744180377e-01 5.791989076012744875e-02 8.188438780154756458e-01 1.178880291306326766e-01 5.348202093764223633e-03 0.000000000000000000e+00
6.250000000000000000e+04 2.499991155992116187e-01 5.632680928538916915e-02 8.191852526172053173e-01 1.189121529358215801e-01 5.575785161583977738e-03 0.000000000000000000e+00
6.300000000000000000e+04 2.519991085240054218e-01 5.917159763313609155e-02 8.223714155666818071e-01 1.145880746472462408e-01 3.868912152935821518e-03 0.000000000000000000e+00
6.350000000000000000e+04 2.539991014487990029e-01 5.769230769230769551e-02 8.251024123805188459e-01 1.129949931725079681e-01 4.210286754665453109e-03 0.000000000000000000e+00
6.400000000000000000e+04 2.559990943735928060e-01 5.712335002275830548e-02 8.225989986345015881e-01 1.140191169776968577e-01 6.258534365043240920e-03 0.000000000000000000e+00
6.450000000000000000e+04 2.579990872983863870e-01 5.609922621756941591e-02 8.239644970414201630e-01 1.159535730541647741e-01 3.982703686845699004e-03 0.000000000000000000e+00
6.500000000000000000e+04 2.599990802231801901e-01 5.826126536185707860e-02 8.232817478379608200e-01 1.137915339098771045e-01 4.665452890304961318e-03 0.000000000000000000e+00
6.550000000000000000e+04 2.619990731479737711e-01 5.746472462448793533e-02 8.247610377787892855e-01 1.124260355029585851e-01 5.348202093764223633e-03 0.000000000000000000e+00
6.600000000000000000e+04 2.639990660727675742e-01 5.917159763313609155e-02 8.210059171597633432e-01 1.157259899863450209e-01 4.096495220755575623e-03 0.000000000000000000e+00
6.650000000000000000e+04 2.659990589975611552e-01 6.099226217569413133e-02 8.224852071005916976e-01 1.132225762403277214e-01 3.299954483386436255e-03 0.000000000000000000e+00
6.700000000000000000e+04 2.679990519223549583e-01 5.894401456531633832e-02 8.212335002275830131e-01 1.161811561219845274e-01 3.641329085116067413e-03 0.000000000000000000e+00
6.750000000000000000e+04 2.699990448471485394e-01 6.144742831133363781e-02 8.198680018206645492e-01 1.152708238507055144e-01 3.413746017296313308e-03 0.000000000000000000e+00
6.800000000000000000e+04 2.719990377719423424e-01 5.939918070095585173e-02 8.185025034137459743e-01 1.167501137915339104e-01 5.348202093764223633e-03 0.000000000000000000e+00
6.850000000000000000e+04 2.739990306967359235e-01 6.121984524351388457e-02 8.197542102867546587e-01 1.158397815202548975e-01 3.186162949476558769e-03 0.000000000000000000e+00
6.900000000000000000e+04 2.759990236215297266e-01 6.156121984524351443e-02 8.207783340919435622e-01 1.139053254437869811e-01 3.755120619025944465e-03 0.000000000000000000e+00
6.950000000000000000e+04 2.779990165463233076e-01 6.395084205735093730e-02 8.213472917614929036e-01 1.120846609012289552e-01 2.617205279927173507e-03 0.000000000000000000e+00
7.000000000000000000e+04 2.799990094711171107e-01 6.315430131998178709e-02 8.206645425580336717e-01 1.125398270368684617e-01 3.641329085116067413e-03 0.000000000000000000e+00
7.050000000000000000e+04 2.819990023959106917e-01 6.258534365043240399e-02 8.214610832954027941e-01 1.126536185707783383e-01 3.299954483386436255e-03 0.000000000000000000e+00
7.100000000000000000e+04 2.839989953207044948e-01 6.406463359126081392e-02 8.203231679563040002e-01 1.116294947655894348e-01 3.982703686845699004e-03 0.000000000000000000e+00
7.150000000000000000e+04 2.859989882454980759e-01 6.884387801547564578e-02 8.030268548020027541e-01 1.235776058261265353e-01 4.551661356395083832e-03 0.000000000000000000e+00
7.200000000000000000e+04 2.879989811702918789e-01 8.397815202548930547e-02 7.642239417387346467e-01 1.477014110150204895e-01 4.096495220755575623e-03 0.000000000000000000e+00
7.250000000000000000e+04 2.899989740950854600e-01 8.170232134729175921e-02 7.451069640418752638e-01 1.709148839326354030e-01 2.275830678197541916e-03 0.000000000000000000e+00
7.300000000000000000e+04 2.919989670198792631e-01 8.318161128812016913e-02 7.415794264906691025e-01 1.735320892125625791e-01 1.706873008648156654e-03 0.000000000000000000e+00
7.350000000000000000e+04 2.939989599446728441e-01 8.488848429676831842e-02 7.354346836595356818e-01 1.775147928994082747e-01 2.162039144287664864e-03 0.000000000000000000e+00
7.400000000000000000e+04 2.959989528694666472e-01 8.522985889849794827e-02 7.348657259899863403e-01 1.783113336367774249e-01 1.593081474738279385e-03 0.000000000000000000e+00
7.450000000000000000e+04 2.979989457942602282e-01 8.534365043240782489e-02 7.320209376422394110e-01 1.812699135184342170e-01 1.365498406918525280e-03 0.000000000000000000e+00
7.500000000000000000e+04 2.999989387190540313e-01 8.579881656804733137e-02 7.282658170232134687e-01 1.837733272644515303e-01 2.162039144287664864e-03 0.000000000000000000e+00
7.550000000000000000e+04 3.019989316438476123e-01 8.807464724624487762e-02 7.279244424214837972e-01 1.824078288575330109e-01 1.593081474738279385e-03 0.000000000000000000e+00
7.600000000000000000e+04 3.039989245686414154e-01 9.478834774692762588e-02 6.954938552571688914e-01 2.068730086481565811e-01 2.844788347746927612e-03 0.000000000000000000e+00
7.650000000000000000e+04 3.059989174934349965e-01 9.934000910332271839e-02 6.822940373236231482e-01 2.160901228948566288e-01 2.275830678197541916e-03 0.000000000000000000e+00
7.700000000000000000e+04 3.079989104182287996e-01 9.854346836595356818e-02 6.786527082385070964e-01 2.210969503868912278e-01 1.706873008648156654e-03 0.000000000000000000e+00
7.750000000000000000e+04 3.099989033430223806e-01 1.004779244424214846e-01 6.748975876194811541e-01 2.225762403277196100e-01 2.048247610377787811e-03 0.000000000000000000e+00
7.800000000000000000e+04 3.119988962678161837e-01 1.043468365953573035e-01 6.473600364132908735e-01 2.462448793809740577e-01 2.048247610377787811e-03 0.000000000000000000e+00
7.850000000000000000e+04 3.139988891926097647e-01 1.044606281292671801e-01 6.450842057350932857e-01 2.490896677287209870e-01 1.365498406918525280e-03 0.000000000000000000e+00
7.900000000000000000e+04 3.159988821174035678e-01 1.042330450614474269e-01 6.463359126081019701e-01 2.479517523896222209e-01 1.479289940828402332e-03 0.000000000000000000e+00
7.950000000000000000e+04 3.179988750421971488e-01 1.032089212562585373e-01 6.458807464724624081e-01 2.489758761948110966e-01 1.934456076467910759e-03 0.000000000000000000e+00
8.000000000000000000e+04 3.199988679669909519e-01 1.024123805188894010e-01 6.445152480655439442e-01 2.510241238051889034e-01 2.048247610377787811e-03 0.000000000000000000e+00
8.050000000000000000e+04 3.219988608917845330e-01 1.030951297223486607e-01 6.429221665908056993e-01 2.520482476103778069e-01 1.934456076467910759e-03 0.000000000000000000e+00
8.100000000000000000e+04 3.239988538165783361e-01 1.013882567137004975e-01 6.442876649977241632e-01 2.525034137460173134e-01 1.820664542558033706e-03 0.000000000000000000e+00
8.150000000000000000e+04 3.259988467413719171e-01 1.022985889849795244e-01 6.429221665908056993e-01 2.532999544833864358e-01 1.479289940828402332e-03 0.000000000000000000e+00
8.200000000000000000e+04 3.279988396661657202e-01 1.020710059171597572e-01 6.397360036413290985e-01 2.550068274920345712e-01 3.186162949476558769e-03 0.000000000000000000e+00
8.250000000000000000e+04 3.299988325909593012e-01 1.021847974510696339e-01 6.408739189804278924e-01 2.550068274920345712e-01 1.934456076467910759e-03 0.000000000000000000e+00
8.300000000000000000e+04 3.319988255157531043e-01 1.036640873918980438e-01 6.396222121074192080e-01 2.553482020937642427e-01 1.365498406918525280e-03 0.000000000000000000e+00
8.350000000000000000e+04 3.339988184405466853e-01 1.059399180700955900e-01 6.373463814292216201e-01 2.548930359581247362e-01 1.820664542558033706e-03 0.000000000000000000e+00
8.400000000000000000e+04 3.359988113653404884e-01 1.062812926718252199e-01 6.335912608101956778e-01 2.581929904415111721e-01 1.934456076467910759e-03 0.000000000000000000e+00
8.450000000000000000e+04 3.379988042901342915e-01 1.046882111970869333e-01 6.342740100136550208e-01 2.584205735093308975e-01 2.617205279927173507e-03 0.000000000000000000e+00
8.500000000000000000e+04 3.399987972149278725e-01 1.043468365953573035e-01 6.318843878015475424e-01 2.610377787892581014e-01 2.730996813837050560e-03 0.000000000000000000e+00
8.550000000000000000e+04 3.419987901397216756e-01 1.075329995448338627e-01 6.274465179790623681e-01 2.617205279927173334e-01 3.299954483386436255e-03 0.000000000000000000e+00
8.600000000000000000e+04 3.439987830645152567e-01 1.104915794264906687e-01 6.224396904870277414e-01 2.638825671370050308e-01 3.186162949476558769e-03 0.000000000000000000e+00
8.650000000000000000e+04 3.459987759893090598e-01 1.119708693673190647e-01 6.201638598088302645e-01 2.650204824761037692e-01 2.844788347746927612e-03 0.000000000000000000e+00
8.700000000000000000e+04 3.479987689141026408e-01 1.200500682749203463e-01 6.115157032316795860e-01 2.647928994082840437e-01 3.641329085116067413e-03 0.000000000000000000e+00
8.750000000000000000e+04 3.499987618388964439e-01 1.232362312243969055e-01 6.024123805188893455e-01 2.690031861629494925e-01 5.348202093764223633e-03 0.000000000000000000e+00
8.800000000000000000e+04 3.519987547636900249e-01 1.273327264451524776e-01 6.429221665908056993e-01 2.250796540737369233e-01 4.665452890304961318e-03 0.000000000000000000e+00
8.850000000000000000e+04 3.539987476884838280e-01 1.127674101046882149e-01 7.390760127446518446e-01 1.456531634046426826e-01 2.503413746017296455e-03 0.000000000000000000e+00
8.900000000000000000e+04 3.559987406132774090e-01 1.107191624943104219e-01 7.402139280837505275e-01 1.462221210741920796e-01 2.844788347746927612e-03 0.000000000000000000e+00
8.950000000000000000e+04 3.579987335380712121e-01 1.126536185707783383e-01 7.393035958124715146e-01 1.449704142011834229e-01 3.072371415566681717e-03 0.000000000000000000e+00
9.000000000000000000e+04 3.599987264628647932e-01 1.117432862994993115e-01 7.410104688211197610e-01 1.440600819299044100e-01 3.186162949476558769e-03 0.000000000000000000e+00
9.050000000000000000e+04 3.619987193876585962e-01 1.098088302230314089e-01 7.403277196176604180e-01 1.469048702776513393e-01 2.958579881656804664e-03 0.000000000000000000e+00
9.100000000000000000e+04 3.639987123124521773e-01 1.093536640873919025e-01 7.405553026854801990e-01 1.472462448793809831e-01 2.844788347746927612e-03 0.000000000000000000e+00
9.150000000000000000e+04 3.659987052372459804e-01 1.101502048247610388e-01 7.377105143377332697e-01 1.496358670914884059e-01 2.503413746017296455e-03 0.000000000000000000e+00
9.200000000000000000e+04 3.679986981620395614e-01 1.108329540282202985e-01 7.364588074647245852e-01 1.497496586253982687e-01 2.958579881656804664e-03 0.000000000000000000e+00
9.250000000000000000e+04 3.699986910868333645e-01 1.095812471552116557e-01 7.386208466090122826e-01 1.490669094219390090e-01 2.730996813837050560e-03 0.000000000000000000e+00
9.300000000000000000e+04 3.719986840116269455e-01 1.088984979517523960e-01 7.387346381429221731e-01 1.490669094219390090e-01 3.299954483386436255e-03 0.000000000000000000e+00
9.350000000000000000e+04 3.739986769364207486e-01 1.085571233500227523e-01 7.389622212107419541e-01 1.489531178880291185e-01 3.527537551206190360e-03 0.000000000000000000e+00
9.400000000000000000e+04 3.759986698612143297e-01 1.108329540282202985e-01 7.374829312699134887e-01 1.481565771506599960e-01 3.527537551206190360e-03 0.000000000000000000e+00
9.450000000000000000e+04 3.779986627860081327e-01 1.086709148839326289e-01 7.394173873463814051e-01 1.488393263541192557e-01 3.072371415566681717e-03 0.000000000000000000e+00
9.500000000000000000e+04 3.799986557108017138e-01 1.109467455621301751e-01 7.375967228038233792e-01 1.479289940828402428e-01 3.527537551206190360e-03 0.000000000000000000e+00
9.550000000000000000e+04 3.819986486355955169e-01 1.106053709604005453e-01 7.391898042785616241e-01 1.479289940828402428e-01 2.275830678197541916e-03 0.000000000000000000e+00
9.600000000000000000e+04 3.839986415603890979e-01 1.091260810195721492e-01 7.387346381429221731e-01 1.488393263541192557e-01 3.299954483386436255e-03 0.000000000000000000e+00
9.650000000000000000e+04 3.859986344851829010e-01 1.109467455621301751e-01 7.379380974055530507e-01 1.471324533454710926e-01 3.982703686845699004e-03 0.000000000000000000e+00
9.700000000000000000e+04 3.879986274099764820e-01 1.108329540282202985e-01 7.369139736003641472e-01 1.488393263541192557e-01 3.413746017296313308e-03 0.000000000000000000e+00
9.750000000000000000e+04 3.899986203347702851e-01 1.134501593081474746e-01 7.364588074647245852e-01 1.478152025489303523e-01 2.275830678197541916e-03 0.000000000000000000e+00
9.800000000000000000e+04 3.919986132595640882e-01 1.098088302230314089e-01 7.374829312699134887e-01 1.492944924897587622e-01 3.413746017296313308e-03 0.000000000000000000e+00
9.850000000000000000e+04 3.939986061843576692e-01 1.140191169776968577e-01 7.345243513882566688e-01 1.486117432862995025e-01 2.844788347746927612e-03 0.000000000000000000e+00
9.900000000000000000e+04 3.959985991091514723e-01 1.124260355029585851e-01 7.345243513882566688e-01 1.492944924897587622e-01 3.755120619025944465e-03 0.000000000000000000e+00
9.950000000000000000e+04 3.979985920339450534e-01 1.140191169776968577e-01 7.331588529813382049e-01 1.500910332271279124e-01 2.730996813837050560e-03 0.000000000000000000e+00
1.000000000000000000e+05 3.999985849587388564e-01 1.165225307237141572e-01 7.320209376422394110e-01 1.483841602184797492e-01 3.072371415566681717e-03 0.000000000000000000e+00
1.005000000000000000e+05 4.019985778835324375e-01 1.095812471552116557e-01 7.410104688211197610e-01 1.465634956759217233e-01 2.844788347746927612e-03 0.000000000000000000e+00
1.010000000000000000e+05 4.039985708083262406e-01 1.083295402822029990e-01 7.451069640418752638e-01 1.436049157942649035e-01 2.958579881656804664e-03 0.000000000000000000e+00
1.015000000000000000e+05 4.059985637331198216e-01 1.070778334091943562e-01 7.454483386436049352e-01 1.454255803368229294e-01 2.048247610377787811e-03 0.000000000000000000e+00
1.020000000000000000e+05 4.079985566579136247e-01 1.081019572143832458e-01 7.431725079654073474e-01 1.466772872098315861e-01 2.048247610377787811e-03 0.000000000000000000e+00
1.025000000000000000e+05 4.099985495827072057e-01 1.109467455621301751e-01 7.472690031861629611e-01 1.401911697769686049e-01 1.593081474738279385e-03 0.000000000000000000e+00
1.030000000000000000e+05 4.119985425075010088e-01 1.086709148839326289e-01 7.540964952207556138e-01 1.347291761492944995e-01 2.503413746017296455e-03 0.000000000000000000e+00
1.035000000000000000e+05 4.139985354322945899e-01 1.087847064178425194e-01 7.556895766954938587e-01 1.334774692762858428e-01 2.048247610377787811e-03 0.000000000000000000e+00
1.040000000000000000e+05 4.159985283570883929e-01 1.077605826126536159e-01 7.570550751024124336e-01 1.326809285389166926e-01 2.503413746017296455e-03 0.000000000000000000e+00
1.045000000000000000e+05 4.179985212818819740e-01 1.088984979517523960e-01 7.514792899408283544e-01 1.367774237596722786e-01 2.844788347746927612e-03 0.000000000000000000e+00
1.050000000000000000e+05 4.199985142066757771e-01 1.234638142922166587e-01 6.510013654984069253e-01 2.220072826581702408e-01 3.527537551206190360e-03 0.000000000000000000e+00
1.055000000000000000e+05 4.219985071314693581e-01 1.234638142922166587e-01 6.455393718707328476e-01 2.282658170232134687e-01 2.730996813837050560e-03 0.000000000000000000e+00
1.060000000000000000e+05 4.239985000562631612e-01 1.283568502503413811e-01 6.294947655894401750e-01 2.391898042785616796e-01 2.958579881656804664e-03 0.000000000000000000e+00
1.065000000000000000e+05 4.259984929810567422e-01 1.281292671825216278e-01 6.266499772416932457e-01 2.413518434228493492e-01 3.868912152935821518e-03 0.000000000000000000e+00
1.070000000000000000e+05 4.279984859058505453e-01 1.318843878015475701e-01 6.129949931725079404e-01 2.515930814747383004e-01 3.527537551206190360e-03 0.000000000000000000e+00
1.075000000000000000e+05 4.299984788306441263e-01 1.457669549385525731e-01 5.218479745106964218e-01 3.264679107874374209e-01 5.917159763313609329e-03 0.000000000000000000e+00
1.080000000000000000e+05 4.319984717554379294e-01 1.450842057350933134e-01 5.191169776968593830e-01 3.306781975421028696e-01 5.120619025944469528e-03 0.000000000000000000e+00
1.085000000000000000e+05 4.339984646802315105e-01 1.432635411925352875e-01 5.152480655439235502e-01 3.379608557123350288e-01 3.527537551206190360e-03 0.000000000000000000e+00
1.090000000000000000e+05 4.359984576050253136e-01 1.475876194811105990e-01 5.096722803823395820e-01 3.373918980427856318e-01 5.348202093764223633e-03 0.000000000000000000e+00
1.095000000000000000e+05 4.379984505298188946e-01 1.486117432862995025e-01 5.012517068730086844e-01 3.444469731451980099e-01 5.689576695493855224e-03 0.000000000000000000e+00
1.100000000000000000e+05 4.399984434546126977e-01 1.478152025489303523e-01 4.962448793809740577e-01 3.505917159763313751e-01 5.348202093764223633e-03 0.000000000000000000e+00
1.105000000000000000e+05 4.419984363794065008e-01 1.484979517523896120e-01 4.883932635411925571e-01 3.559399180700955623e-01 7.168866636322257339e-03 0.000000000000000000e+00
1.110000000000000000e+05 4.439984293042000818e-01 1.539599453800637174e-01 4.850933090578061213e-01 3.561675011379153433e-01 4.779244424214838804e-03 0.000000000000000000e+00
1.115000000000000000e+05 4.459984222289938849e-01 1.539599453800637174e-01 4.743969048702776359e-01 3.658397815202548697e-01 5.803368229403732710e-03 0.000000000000000000e+00
1.120000000000000000e+05 4.479984151537874659e-01 1.527082385070550885e-01 4.710969503868912001e-01 3.708466090122894965e-01 5.348202093764223633e-03 0.000000000000000000e+00
1.125000000000000000e+05 4.499984080785812690e-01 1.527082385070550885e-01 4.715521165225307065e-01 3.700500682749203185e-01 5.689576695493855224e-03 0.000000000000000000e+00
1.130000000000000000e+05 4.519984010033748500e-01 1.563495675921711403e-01 4.622212107419207960e-01 3.751706873008648357e-01 6.258534365043240920e-03 0.000000000000000000e+00
1.135000000000000000e+05 4.539983939281686531e-01 1.563495675921711403e-01 4.641556668183887124e-01 3.739189804278561513e-01 5.575785161583977738e-03 0.000000000000000000e+00
