# itime ezz other fcc hcp bcc ico
0.000000000000000000e+00 0.000000000000000000e+00 2.275830678197542133e-04 9.997724169321802190e-01 0.000000000000000000e+00 0.000000000000000000e+00 0.000000000000000000e+00
2.500000000000000000e+02 1.000047570445916634e-03 1.024123805188893906e-03 9.989758761948110966e-01 0.000000000000000000e+00 0.000000000000000000e+00 0.000000000000000000e+00
5.000000000000000000e+02 2.000095140891833267e-03 1.251706873008648227e-03 9.986345015930814251e-01 0.000000000000000000e+00 1.137915339098771066e-04 0.000000000000000000e+00
7.500000000000000000e+02 3.000142711337527857e-03 1.137915339098771066e-04 9.998862084660901095e-01 0.000000000000000000e+00 0.000000000000000000e+00 0.000000000000000000e+00
1.000000000000000000e+03 4.000190281783444490e-03 5.689576695493854790e-04 9.994310423304506585e-01 0.000000000000000000e+00 0.000000000000000000e+00 0.000000000000000000e+00
1.250000000000000000e+03 5.000237852229361124e-03 1.024123805188893906e-03 9.989758761948110966e-01 0.000000000000000000e+00 0.000000000000000000e+00 0.000000000000000000e+00
1.500000000000000000e+03 6.000285422675277758e-03 1.137915339098770958e-03 9.988620846609012061e-01 0.000000000000000000e+00 0.000000000000000000e+00 0.000000000000000000e+00
1.750000000000000000e+03 7.000332993121194392e-03 7.965407373691396923e-04 9.992034592626308775e-01 0.000000000000000000e+00 0.000000000000000000e+00 0.000000000000000000e+00
2.000000000000000000e+03 8.000380563567111025e-03 1.706873008648156654e-03 9.982931269913518646e-01 0.000000000000000000e+00 0.000000000000000000e+00 0.000000000000000000e+00
2.250000000000000000e+03 9.000428134012805614e-03 2.844788347746927612e-03 9.971552116522530707e-01 0.000000000000000000e+00 0.000000000000000000e+00 0.000000000000000000e+00
2.500000000000000000e+03 1.000047570445872225e-02 1.593081474738279385e-03 9.984069185252617551e-01 0.000000000000000000e+00 0.000000000000000000e+00 0.000000000000000000e+00
2.750000000000000000e+03 1.100052327490463888e-02 1.024123805188893906e-03 9.989758761948110966e-01 0.000000000000000000e+00 0.000000000000000000e+00 0.000000000000000000e+00
3.000000000000000000e+03 1.200057084535055552e-02 4.551661356395084266e-04 9.995448338643604380e-01 0.000000000000000000e+00 0.000000000000000000e+00 0.000000000000000000e+00
3.250000000000000000e+03 1.300061841579647215e-02 2.048247610377787811e-03 9.978379608557123026e-01 0.000000000000000000e+00 1.137915339098771066e-04 0.000000000000000000e+00
3.500000000000000000e+03 1.400066598624238878e-02 7.965407373691396923e-04 9.992034592626308775e-01 0.000000000000000000e+00 0.000000000000000000e+00 0.000000000000000000e+00
3.750000000000000000e+03 1.500071355668808337e-02 1.820664542558033706e-03 9.981793354574419741e-01 0.000000000000000000e+00 0.000000000000000000e+00 0.000000000000000000e+00
4.000000000000000000e+03 1.600076112713400001e-02 1.365498406918525280e-03 9.986345015930814251e-01 0.000000000000000000e+00 0.000000000000000000e+00 0.000000000000000000e+00
4.250000000000000000e+03 1.700080869757991664e-02 1.593081474738279385e-03 9.984069185252617551e-01 0.000000000000000000e+00 0.000000000000000000e+00 0.000000000000000000e+00
4.500000000000000000e+03 1.800085626802583327e-02 1.365498406918525280e-03 9.986345015930814251e-01 0.000000000000000000e+00 0.000000000000000000e+00 0.000000000000000000e+00
4.750000000000000000e+03 1.900090383847174991e-02 2.503413746017296455e-03 9.974965862539827421e-01 0.000000000000000000e+00 0.000000000000000000e+00 0.000000000000000000e+00
5.000000000000000000e+03 2.000095140891766654e-02 1.365498406918525280e-03 9.986345015930814251e-01 0.000000000000000000e+00 0.000000000000000000e+00 0.000000000000000000e+00
5.250000000000000000e+03 2.100099897936336113e-02 1.820664542558033706e-03 9.981793354574419741e-01 0.000000000000000000e+00 0.000000000000000000e+00 0.000000000000000000e+00
5.500000000000000000e+03 2.200104654980927776e-02 3.527537551206190360e-03 9.964724624487938387e-01 0.000000000000000000e+00 0.000000000000000000e+00 0.000000000000000000e+00
5.750000000000000000e+03 2.300109412025519440e-02 3.755120619025944465e-03 9.962448793809740577e-01 0.000000000000000000e+00 0.000000000000000000e+00 0.000000000000000000e+00
6.000000000000000000e+03 2.400114169070111103e-02 2.503413746017296455e-03 9.974965862539827421e-01 0.000000000000000000e+00 0.000000000000000000e+00 0.000000000000000000e+00
6.250000000000000000e+03 2.500118926114702766e-02 1.479289940828402332e-03 9.985207100591716456e-01 0.000000000000000000e+00 0.000000000000000000e+00 0.000000000000000000e+00
6.500000000000000000e+03 2.600123683159294430e-02 2.162039144287664864e-03 9.978379608557123026e-01 0.000000000000000000e+00 0.000000000000000000e+00 0.000000000000000000e+00
6.750000000000000000e+03 2.700128440203863889e-02 2.730996813837050560e-03 9.971552116522530707e-01 0.000000000000000000e+00 1.137915339098771066e-04 0.000000000000000000e+00
7.000000000000000000e+03 2.800133197248455552e-02 5.120619025944469528e-03 9.944242148384160318e-01 0.000000000000000000e+00 4.551661356395084266e-04 0.000000000000000000e+00
7.250000000000000000e+03 2.900137954293047216e-02 6.372325898953117539e-03 9.934000910332271284e-01 0.000000000000000000e+00 2.275830678197542133e-04 0.000000000000000000e+00
7.500000000000000000e+03 3.000142711337638879e-02 2.958579881656804664e-03 9.969276285844332897e-01 0.000000000000000000e+00 1.137915339098771066e-04 0.000000000000000000e+00
7.750000000000000000e+03 3.100147468382230542e-02 3.868912152935821518e-03 9.961310878470641672e-01 0.000000000000000000e+00 0.000000000000000000e+00 0.000000000000000000e+00
8.000000000000000000e+03 3.200152225426800001e-02 6.258534365043240920e-03 9.936276741010469093e-01 0.000000000000000000e+00 1.137915339098771066e-04 0.000000000000000000e+00
8.250000000000000000e+03 3.300156982471391665e-02 4.779244424214838804e-03 9.949931725079653733e-01 0.000000000000000000e+00 2.275830678197542133e-04 0.000000000000000000e+00
8.500000000000000000e+03 3.400161739515983328e-02 6.486117432862995025e-03 9.931725079654073474e-01 0.000000000000000000e+00 3.413746017296313199e-04 0.000000000000000000e+00
8.750000000000000000e+03 3.500166496560574991e-02 3.755120619025944465e-03 9.962448793809740577e-01 0.000000000000000000e+00 0.000000000000000000e+00 0.000000000000000000e+00
9.000000000000000000e+03 3.600171253605166655e-02 7.624032771961766417e-03 9.923759672280382249e-01 0.000000000000000000e+00 0.000000000000000000e+00 0.000000000000000000e+00
9.250000000000000000e+03 3.700176010649758318e-02 8.192990441511151245e-03 9.916932180245789930e-01 0.000000000000000000e+00 1.137915339098771066e-04 0.000000000000000000e+00
9.500000000000000000e+03 3.800180767694327777e-02 8.079198907601274626e-03 9.918070095584888834e-01 0.000000000000000000e+00 1.137915339098771066e-04 0.000000000000000000e+00
9.750000000000000000e+03 3.900185524738919440e-02 6.030951297223486815e-03 9.936276741010469093e-01 0.000000000000000000e+00 3.413746017296313199e-04 0.000000000000000000e+00
1.000000000000000000e+04 4.000190281783511104e-02 3.527537551206190360e-03 9.962448793809740577e-01 0.000000000000000000e+00 2.275830678197542133e-04 0.000000000000000000e+00
1.025000000000000000e+04 4.100195038828102767e-02 5.803368229403732710e-03 9.940828402366863603e-01 0.000000000000000000e+00 1.137915339098771066e-04 0.000000000000000000e+00
1.050000000000000000e+04 4.200199795872694430e-02 9.672280382339554228e-03 9.897587619481110766e-01 0.000000000000000000e+00 5.689576695493854790e-04 0.000000000000000000e+00
1.075000000000000000e+04 4.300204552917286094e-02 1.388256713700500647e-02 9.856622667273554628e-01 0.000000000000000000e+00 4.551661356395084266e-04 0.000000000000000000e+00
1.100000000000000000e+04 4.400209309961855553e-02 7.851615839781519654e-03 9.916932180245789930e-01 0.000000000000000000e+00 4.551661356395084266e-04 0.000000000000000000e+00
1.125000000000000000e+04 4.500214067006447216e-02 1.240327719617660522e-02 9.871415566681839282e-01 0.000000000000000000e+00 4.551661356395084266e-04 0.000000000000000000e+00
1.150000000000000000e+04 4.600218824051038879e-02 1.115157032316795548e-02 9.886208466090122826e-01 0.000000000000000000e+00 2.275830678197542133e-04 0.000000000000000000e+00
1.175000000000000000e+04 4.700223581095630543e-02 1.217569412835685025e-02 9.874829312699134887e-01 0.000000000000000000e+00 3.413746017296313199e-04 0.000000000000000000e+00
1.200000000000000000e+04 4.800228338140222206e-02 8.534365043240782836e-03 9.912380518889394310e-01 0.000000000000000000e+00 2.275830678197542133e-04 0.000000000000000000e+00
1.225000000000000000e+04 4.900233095184813870e-02 1.729631315430131891e-02 9.819071461083295205e-01 0.000000000000000000e+00 7.965407373691396923e-04 0.000000000000000000e+00
1.250000000000000000e+04 5.000237852229383329e-02 1.433773327264451468e-02 9.852071005917160118e-01 0.000000000000000000e+00 4.551661356395084266e-04 0.000000000000000000e+00
1.275000000000000000e+04 5.100242609273974992e-02 1.968593536640873831e-02 9.796313154301320436e-01 0.000000000000000000e+00 6.827492034592626399e-04 0.000000000000000000e+00
1.300000000000000000e+04 5.200247366318566655e-02 1.684114701866181243e-02 9.825898953117887524e-01 0.000000000000000000e+00 5.689576695493854790e-04 0.000000000000000000e+00
1.325000000000000000e+04 5.300252123363158319e-02 1.820664542558033533e-02 9.807692307692307265e-01 0.000000000000000000e+00 1.024123805188893906e-03 0.000000000000000000e+00
1.350000000000000000e+04 5.400256880407749982e-02 2.332726445152480746e-02 9.761037778789257713e-01 0.000000000000000000e+00 5.689576695493854790e-04 0.000000000000000000e+00
1.375000000000000000e+04 5.500261637452319441e-02 2.116522530723714129e-02 9.779244424214837972e-01 0.000000000000000000e+00 9.103322712790168532e-04 0.000000000000000000e+00
1.400000000000000000e+04 5.600266394496911104e-02 2.651342740100136666e-02 9.728038233955393910e-01 0.000000000000000000e+00 6.827492034592626399e-04 0.000000000000000000e+00
1.425000000000000000e+04 5.700271151541502768e-02 2.207555757851615771e-02 9.773554847519344557e-01 0.000000000000000000e+00 5.689576695493854790e-04 0.000000000000000000e+00
1.450000000000000000e+04 5.800275908586094431e-02 2.583067819754210348e-02 9.731451979972689514e-01 0.000000000000000000e+00 1.024123805188893906e-03 0.000000000000000000e+00
1.475000000000000000e+04 5.900280665630686094e-02 3.049613108784706567e-02 9.680245789713245452e-01 0.000000000000000000e+00 1.479289940828402332e-03 0.000000000000000000e+00
1.500000000000000000e+04 6.000285422675277758e-02 3.129267182521620200e-02 9.682521620391443262e-01 0.000000000000000000e+00 4.551661356395084266e-04 0.000000000000000000e+00
1.525000000000000000e+04 6.100290179719847217e-02 2.913063268092853930e-02 9.698452435138825711e-01 0.000000000000000000e+00 1.024123805188893906e-03 0.000000000000000000e+00
1.550000000000000000e+04 6.200294936764438880e-02 3.220300409649522189e-02 9.650659990896677254e-01 0.000000000000000000e+00 2.730996813837050560e-03 0.000000000000000000e+00
1.575000000000000000e+04 6.300299693809030543e-02 3.516158397815202785e-02 9.629039599453800280e-01 0.000000000000000000e+00 1.934456076467910759e-03 0.000000000000000000e+00
1.600000000000000000e+04 6.400304450853622207e-02 3.299954483386435822e-02 9.651797906235776159e-01 0.000000000000000000e+00 1.820664542558033706e-03 0.000000000000000000e+00
1.625000000000000000e+04 6.500309207898213870e-02 4.016841147018661989e-02 9.557350933090578149e-01 0.000000000000000000e+00 4.096495220755575623e-03 0.000000000000000000e+00
1.650000000000000000e+04 6.600313964942805534e-02 4.540282203004096517e-02 9.509558488848429691e-01 0.000000000000000000e+00 3.641329085116067413e-03 0.000000000000000000e+00
1.675000000000000000e+04 6.700318721987374992e-02 3.641329085116067066e-02 9.618798361401911245e-01 0.000000000000000000e+00 1.706873008648156654e-03 0.000000000000000000e+00
1.700000000000000000e+04 6.800323479031966656e-02 4.654073736913973830e-02 9.505006827492034072e-01 0.000000000000000000e+00 2.958579881656804664e-03 0.000000000000000000e+00
1.725000000000000000e+04 6.900328236076558319e-02 4.551661356395084179e-02 9.519799726900318726e-01 0.000000000000000000e+00 2.503413746017296455e-03 0.000000000000000000e+00
1.750000000000000000e+04 7.000332993121149983e-02 5.518889394629039602e-02 9.412835685025033872e-01 0.000000000000000000e+00 3.527537551206190360e-03 0.000000000000000000e+00
1.775000000000000000e+04 7.100337750165741646e-02 6.190259444697314428e-02 9.329767865270823801e-01 0.000000000000000000e+00 5.120619025944469528e-03 0.000000000000000000e+00
1.800000000000000000e+04 7.200342507210333309e-02 5.473372781065088954e-02 9.415111515703231682e-01 0.000000000000000000e+00 3.755120619025944465e-03 0.000000000000000000e+00
1.825000000000000000e+04 7.300347264254902768e-02 7.180245789713245175e-02 9.212562585343649912e-01 0.000000000000000000e+00 6.941283568502503235e-03 0.000000000000000000e+00
1.850000000000000000e+04 7.400352021299494432e-02 7.430587164314975124e-02 9.192080109239872954e-01 0.000000000000000000e+00 6.486117432862995025e-03 0.000000000000000000e+00
1.875000000000000000e+04 7.500356778344086095e-02 7.328174783796086167e-02 9.202321347291761988e-01 0.000000000000000000e+00 6.486117432862995025e-03 0.000000000000000000e+00
1.900000000000000000e+04 7.600361535388677758e-02 9.353664087391898307e-02 8.994082840236686804e-01 0.000000000000000000e+00 7.055075102412380721e-03 0.000000000000000000e+00
1.925000000000000000e+04 7.700366292433269422e-02 9.194355939918069653e-02 8.994082840236686804e-01 0.000000000000000000e+00 8.648156577150659455e-03 0.000000000000000000e+00
1.950000000000000000e+04 7.800371049477861085e-02 8.944014565316341092e-02 9.046426945835229771e-01 0.000000000000000000e+00 5.917159763313609329e-03 0.000000000000000000e+00
1.975000000000000000e+04 7.900375806522430544e-02 1.198224852071005930e-01 8.657259899863449792e-01 0.000000000000000000e+00 1.445152480655439303e-02 0.000000000000000000e+00
2.000000000000000000e+04 8.000380563567022207e-02 1.167501137915339104e-01 8.697086936731907025e-01 0.000000000000000000e+00 1.354119253527537488e-02 0.000000000000000000e+00
2.025000000000000000e+04 8.100385320611613871e-02 1.111743286299499284e-01 8.758534365043241232e-01 0.000000000000000000e+00 1.297223486572599005e-02 0.000000000000000000e+00
2.050000000000000000e+04 8.200390077656205534e-02 1.471324533454710926e-01 8.288575329995447882e-01 0.000000000000000000e+00 2.401001365498407064e-02 0.000000000000000000e+00
2.075000000000000000e+04 8.300394834700797198e-02 1.503186162949476656e-01 8.205507510241237812e-01 0.000000000000000000e+00 2.913063268092853930e-02 0.000000000000000000e+00
2.100000000000000000e+04 8.400399591745366656e-02 1.767182521620391522e-01 7.855029585798816161e-01 0.000000000000000000e+00 3.777878925807919702e-02 0.000000000000000000e+00
2.125000000000000000e+04 8.500404348789958320e-02 2.003868912152935722e-01 7.443104233045061413e-01 9.103322712790168532e-04 5.439235320892125969e-02 0.000000000000000000e+00
2.150000000000000000e+04 8.600409105834549983e-02 2.076695493855257035e-01 6.921939007737824001e-01 1.035502958579881741e-02 8.978152025489304078e-02 0.000000000000000000e+00
2.175000000000000000e+04 8.700413862879141647e-02 2.181383705052344080e-01 6.797906235776057793e-01 3.038233955393718558e-02 7.168866636322257513e-02 0.000000000000000000e+00
2.200000000000000000e+04 8.800418619923733310e-02 2.225762403277196100e-01 6.018434228493400040e-01 8.204369594902138907e-02 9.353664087391898307e-02 0.000000000000000000e+00
2.225000000000000000e+04 8.900423376968324973e-02 2.011834319526627224e-01 6.053709604005461653e-01 1.299499317250796537e-01 6.349567592171143082e-02 0.000000000000000000e+00
2.250000000000000000e+04 9.000428134012894432e-02 1.595357305416477134e-01 6.305188893946290785e-01 1.717114246700045532e-01 3.823395539371871044e-02 0.000000000000000000e+00
2.275000000000000000e+04 9.100432891057486096e-02 1.258534365043240677e-01 6.382567137005006330e-01 2.088074647246244975e-01 2.708238507055074976e-02 0.000000000000000000e+00
2.300000000000000000e+04 9.200437648102077759e-02 1.276741010468821214e-01 6.387118798361401950e-01 2.111970869367319203e-01 2.241693218024579104e-02 0.000000000000000000e+00
2.325000000000000000e+04 9.300442405146669422e-02 1.214155666818388657e-01 6.680700955848885014e-01 1.928766499772416876e-01 1.763768775603095224e-02 0.000000000000000000e+00
2.350000000000000000e+04 9.400447162191261086e-02 1.035502958579881672e-01 7.332726445152480954e-01 1.538461538461538547e-01 9.330905780609922637e-03 0.000000000000000000e+00
2.375000000000000000e+04 9.500451919235852749e-02 5.905780609922621494e-02 7.889167045971779979e-01 1.496358670914884059e-01 2.389622212107419402e-03 0.000000000000000000e+00
2.400000000000000000e+04 9.600456676280422208e-02 5.257168866636321991e-02 7.979062357760582369e-01 1.469048702776513393e-01 2.617205279927173507e-03 0.000000000000000000e+00
2.425000000000000000e+04 9.700461433325013871e-02 3.186162949476559203e-02 8.239644970414201630e-01 1.433773327264451503e-01 7.965407373691396923e-04 0.000000000000000000e+00
2.450000000000000000e+04 9.800466190369605535e-02 3.060992262175694228e-02 8.261265361857077494e-01 1.421256258534364936e-01 1.137915339098770958e-03 0.000000000000000000e+00
2.475000000000000000e+04 9.900470947414197198e-02 2.856167501137915274e-02 8.271506599908966528e-01 1.430359581247155343e-01 1.251706873008648227e-03 0.000000000000000000e+00
2.500000000000000000e+04 1.000047570445878886e-01 2.685480200273099652e-02 8.269230769230768718e-01 1.455393718707328199e-01 6.827492034592626399e-04 0.000000000000000000e+00
2.525000000000000000e+04 1.010048046150338052e-01 3.447883477469276120e-02 8.206645425580336717e-01 1.437187073281747940e-01 1.137915339098770958e-03 0.000000000000000000e+00
2.550000000000000000e+04 1.020048521854794998e-01 2.787892580791988956e-02 8.263541192535275304e-01 1.450842057350933134e-01 6.827492034592626399e-04 0.000000000000000000e+00
2.575000000000000000e+04 1.030048997559254165e-01 2.878925807919890598e-02 8.280609922621756658e-01 1.421256258534364936e-01 1.024123805188893906e-03 0.000000000000000000e+00
2.600000000000000000e+04 1.040049473263713331e-01 3.004096495220755572e-02 8.244196631770596140e-01 1.438324988620846567e-01 1.706873008648156654e-03 0.000000000000000000e+00
2.625000000000000000e+04 1.050049948968172497e-01 3.208921256258534527e-02 8.266954938552572019e-01 1.401911697769686049e-01 1.024123805188893906e-03 0.000000000000000000e+00
2.650000000000000000e+04 1.060050424672631664e-01 3.777878925807919702e-02 8.230541647701411501e-01 1.383705052344105513e-01 7.965407373691396923e-04 0.000000000000000000e+00
2.675000000000000000e+04 1.070050900377090830e-01 3.117888029130632538e-02 8.235093309057806010e-01 1.432635411925352875e-01 2.048247610377787811e-03 0.000000000000000000e+00
2.700000000000000000e+04 1.080051376081547776e-01 3.914428766499772339e-02 8.227127901684114786e-01 1.372325898953117851e-01 9.103322712790168532e-04 0.000000000000000000e+00
2.725000000000000000e+04 1.090051851786006942e-01 3.720983158852981393e-02 8.251024123805188459e-01 1.362084660901228816e-01 1.479289940828402332e-03 0.000000000000000000e+00
2.750000000000000000e+04 1.100052327490466109e-01 4.221665908056440597e-02 8.171370050068275104e-01 1.391670459717797015e-01 1.479289940828402332e-03 0.000000000000000000e+00
2.775000000000000000e+04 1.110052803194925275e-01 4.494765589440145870e-02 8.183887118798361948e-01 1.354119253527537592e-01 1.251706873008648227e-03 0.000000000000000000e+00
2.800000000000000000e+04 1.120053278899384441e-01 4.824761037778789452e-02 8.138370505234410190e-01 1.360946745562130189e-01 1.820664542558033706e-03 0.000000000000000000e+00
2.825000000000000000e+04 1.130053754603841387e-01 5.223031406463359005e-02 8.097405553026855163e-01 1.359808830223031284e-01 2.048247610377787811e-03 0.000000000000000000e+00
2.850000000000000000e+04 1.140054230308300554e-01 5.063723258989531045e-02 8.137232589895311285e-01 1.342740100136549930e-01 1.365498406918525280e-03 0.000000000000000000e+00
2.875000000000000000e+04 1.150054706012759720e-01 5.439235320892125969e-02 8.096267637687756258e-01 1.348429676832043622e-01 1.137915339098770958e-03 0.000000000000000000e+00
2.900000000000000000e+04 1.160055181717218886e-01 5.370960400546199304e-02 8.090578060992261733e-01 1.352981338188438687e-01 1.934456076467910759e-03 0.000000000000000000e+00
2.925000000000000000e+04 1.170055657421678053e-01 5.564406008192990249e-02 8.086026399635867223e-01 1.334774692762858428e-01 2.275830678197541916e-03 0.000000000000000000e+00
2.950000000000000000e+04 1.180056133126137219e-01 5.541647701411014926e-02 8.080336822940372699e-01 1.338188438780154865e-01 2.730996813837050560e-03 0.000000000000000000e+00
2.975000000000000000e+04 1.190056608830594165e-01 6.099226217569413133e-02 8.038233955393718766e-01 1.331360946745562268e-01 2.048247610377787811e-03 0.000000000000000000e+00
3.000000000000000000e+04 1.200057084535053331e-01 6.565771506599908658e-02 7.977924442421483464e-01 1.333636777423759801e-01 3.186162949476558769e-03 0.000000000000000000e+00
3.025000000000000000e+04 1.210057560239512497e-01 6.019572143832498806e-02 8.022303140646336317e-01 1.339326354119253493e-01 3.641329085116067413e-03 0.000000000000000000e+00
3.050000000000000000e+04 1.220058035943971664e-01 7.771961766044606368e-02 7.878925807919890945e-01 1.302913063268092975e-01 4.096495220755575623e-03 0.000000000000000000e+00
3.075000000000000000e+04 1.230058511648430830e-01 6.702321347291761988e-02 7.972234865725990050e-01 1.316568047337278169e-01 4.096495220755575623e-03 0.000000000000000000e+00
3.100000000000000000e+04 1.240058987352889996e-01 7.055075102412380894e-02 7.943786982248520756e-01 1.309740555302685572e-01 4.096495220755575623e-03 0.000000000000000000e+00
3.125000000000000000e+04 1.250059463057346942e-01 7.009558488848430247e-02 7.955166135639508695e-01 1.300637232589895442e-01 4.324078288575329727e-03 0.000000000000000000e+00
3.150000000000000000e+04 1.260059938761806109e-01 6.998179335457442585e-02 7.974510696404187859e-01 1.283568502503413811e-01 4.210286754665453109e-03 0.000000000000000000e+00
3.175000000000000000e+04 1.270060414466265275e-01 9.251251706873007963e-02 7.858443331816112876e-01 1.158397815202548975e-01 5.803368229403732710e-03 0.000000000000000000e+00
3.200000000000000000e+04 1.280060890170724441e-01 9.911242603550296515e-02 8.470641784251251583e-01 4.619936276741010150e-02 7.624032771961766417e-03 0.000000000000000000e+00
3.225000000000000000e+04 1.290061365875183608e-01 4.005461993627674328e-02 9.580109239872554028e-01 4.551661356395084266e-04 1.479289940828402332e-03 0.000000000000000000e+00
3.250000000000000000e+04 1.300061841579642774e-01 3.413746017296313134e-02 9.646108329540282744e-01 5.689576695493854790e-04 6.827492034592626399e-04 0.000000000000000000e+00
3.275000000000000000e+04 1.310062317284099720e-01 3.095129722348657214e-02 9.664314974965863003e-01 5.689576695493854790e-04 2.048247610377787811e-03 0.000000000000000000e+00
3.300000000000000000e+04 1.320062792988558886e-01 2.560309512972235024e-02 9.731451979972689514e-01 3.413746017296313199e-04 9.103322712790168532e-04 0.000000000000000000e+00
3.325000000000000000e+04 1.330063268693018053e-01 3.197542102867546865e-02 9.666590805644059703e-01 3.413746017296313199e-04 1.024123805188893906e-03 0.000000000000000000e+00
3.350000000000000000e+04 1.340063744397477219e-01 3.334091943559399501e-02 9.639280837505689314e-01 9.103322712790168532e-04 1.820664542558033706e-03 0.000000000000000000e+00
3.375000000000000000e+04 1.350064220101936385e-01 3.402366863905325473e-02 9.639280837505689314e-01 7.965407373691396923e-04 1.251706873008648227e-03 0.000000000000000000e+00
3.400000000000000000e+04 1.360064695806395552e-01 3.868912152935821691e-02 9.592626308602639762e-01 2.275830678197542133e-04 1.820664542558033706e-03 0.000000000000000000e+00
3.425000000000000000e+04 1.370065171510852498e-01 2.628584433318160996e-02 9.726900318616295005e-01 1.137915339098771066e-04 9.103322712790168532e-04 0.000000000000000000e+00
3.450000000000000000e+04 1.380065647215311664e-01 3.390987710514337811e-02 9.640418752844788219e-01 1.365498406918525280e-03 6.827492034592626399e-04 0.000000000000000000e+00
3.475000000000000000e+04 1.390066122919770830e-01 3.948566226672735324e-02 9.586936731907146347e-01 4.551661356395084266e-04 1.365498406918525280e-03 0.000000000000000000e+00
3.500000000000000000e+04 1.400066598624229997e-01 4.210286754665452935e-02 9.560764679107874864e-01 2.275830678197542133e-04 1.593081474738279385e-03 0.000000000000000000e+00
3.525000000000000000e+04 1.410067074328689163e-01 4.392353208921256219e-02 9.534592626308602270e-01 3.413746017296313199e-04 2.275830678197541916e-03 0.000000000000000000e+00
3.550000000000000000e+04 1.420067550033146109e-01 3.220300409649522189e-02 9.660901228948566288e-01 5.689576695493854790e-04 1.137915339098770958e-03 0.000000000000000000e+00
3.575000000000000000e+04 1.430068025737605275e-01 3.425125170687300796e-02 9.630177514792899185e-01 6.827492034592626399e-04 2.048247610377787811e-03 0.000000000000000000e+00
3.600000000000000000e+04 1.440068501442064441e-01 4.119253527537550946e-02 9.566454255803368278e-01 4.551661356395084266e-04 1.706873008648156654e-03 0.000000000000000000e+00
3.625000000000000000e+04 1.450068977146523608e-01 4.756486117432862787e-02 9.486800182066453813e-01 5.689576695493854790e-04 3.186162949476558769e-03 0.000000000000000000e+00
3.650000000000000000e+04 1.460069452850982774e-01 5.097860719162494031e-02 9.442421483841602070e-01 1.934456076467910759e-03 2.844788347746927612e-03 0.000000000000000000e+00
3.675000000000000000e+04 1.470069928555441940e-01 5.131998179335457710e-02 9.419663177059627301e-01 3.982703686845699004e-03 2.730996813837050560e-03 0.000000000000000000e+00
3.700000000000000000e+04 1.480070404259898886e-01 5.382339553937186966e-02 9.407146108329540457e-01 3.186162949476558769e-03 2.275830678197541916e-03 0.000000000000000000e+00
3.725000000000000000e+04 1.490070879964358053e-01 5.609922621756941591e-02 9.392353208921255803e-01 1.365498406918525280e-03 3.299954483386436255e-03 0.000000000000000000e+00
3.750000000000000000e+04 1.500071355668817219e-01 6.508875739644970349e-02 9.279699590350477534e-01 2.048247610377787811e-03 4.893035958124715423e-03 0.000000000000000000e+00
3.775000000000000000e+04 1.510071831373276385e-01 6.258534365043240399e-02 9.316112881201638052e-01 2.730996813837050560e-03 3.072371415566681717e-03 0.000000000000000000e+00
3.800000000000000000e+04 1.520072307077735552e-01 6.383705052344106068e-02 9.208010923987255403e-01 7.737824305871643035e-03 7.624032771961766417e-03 0.000000000000000000e+00
3.825000000000000000e+04 1.530072782782194718e-01 7.237141556668183484e-02 9.181838871187983919e-01 5.461993627674101119e-03 3.982703686845699004e-03 0.000000000000000000e+00
3.850000000000000000e+04 1.540073258486651664e-01 6.827492034592626269e-02 9.213700500682748817e-01 5.575785161583977738e-03 4.779244424214838804e-03 0.000000000000000000e+00
3.875000000000000000e+04 1.550073734191110830e-01 8.887118798361401395e-02 9.003186162949476934e-01 3.186162949476558769e-03 7.624032771961766417e-03 0.000000000000000000e+00
3.900000000000000000e+04 1.560074209895569997e-01 8.921256258534364381e-02 9.016841147018661573e-01 2.617205279927173507e-03 6.486117432862995025e-03 0.000000000000000000e+00
3.925000000000000000e+04 1.570074685600029163e-01 8.147473827947200598e-02 9.050978607191625391e-01 4.665452890304961318e-03 8.761948111060537808e-03 0.000000000000000000e+00
3.950000000000000000e+04 1.580075161304488329e-01 7.874374146563495325e-02 9.057806099226217711e-01 7.965407373691398007e-03 7.510241238051888930e-03 0.000000000000000000e+00
3.975000000000000000e+04 1.590075637008947496e-01 1.042330450614474269e-01 8.687983614019116896e-01 1.729631315430131891e-02 9.672280382339554228e-03 0.000000000000000000e+00
4.000000000000000000e+04 1.600076112713404441e-01 1.182294037323623065e-01 8.359126081019572219e-01 2.639963586709149004e-02 1.945835229858898507e-02 0.000000000000000000e+00
4.025000000000000000e+04 1.610076588417863608e-01 1.058261265361857134e-01 8.257851615839781889e-01 4.984069185252617412e-02 1.854802002730996865e-02 0.000000000000000000e+00
4.050000000000000000e+04 1.620077064122322774e-01 1.135639508420573512e-01 7.760582612653618151e-01 8.875739644970413733e-02 2.162039144287665124e-02 0.000000000000000000e+00
4.075000000000000000e+04 1.630077539826781940e-01 6.167501137915339104e-02 7.968821119708693335e-01 1.366636322257624159e-01 4.779244424214838804e-03 0.000000000000000000e+00
4.100000000000000000e+04 1.640078015531241107e-01 4.949931725079653733e-02 8.042785616750113276e-01 1.440600819299044100e-01 2.162039144287664864e-03 0.000000000000000000e+00
4.125000000000000000e+04 1.650078491235698053e-01 4.688211197086936816e-02 8.056440600819299025e-01 1.446290395994538069e-01 2.844788347746927612e-03 0.000000000000000000e+00
4.150000000000000000e+04 1.660078966940157219e-01 5.279927173418298009e-02 8.006372325898952758e-01 1.449704142011834229e-01 1.593081474738279385e-03 0.000000000000000000e+00
4.175000000000000000e+04 1.670079442644616385e-01 5.769230769230769551e-02 7.947200728265817471e-01 1.448566226672735602e-01 2.730996813837050560e-03 0.000000000000000000e+00
4.200000000000000000e+04 1.680079918349075552e-01 5.803368229403732537e-02 7.944924897587619661e-01 1.448566226672735602e-01 2.617205279927173507e-03 0.000000000000000000e+00
4.225000000000000000e+04 1.690080394053534718e-01 6.395084205735093730e-02 7.880063723258989850e-01 1.450842057350933134e-01 2.958579881656804664e-03 0.000000000000000000e+00
4.250000000000000000e+04 1.700080869757993884e-01 5.780609922621757213e-02 7.938097405553027341e-01 1.456531634046426826e-01 2.730996813837050560e-03 0.000000000000000000e+00
4.275000000000000000e+04 1.710081345462450830e-01 6.838871187983613931e-02 7.824305871643150168e-01 1.455393718707328199e-01 3.641329085116067413e-03 0.000000000000000000e+00
4.300000000000000000e+04 1.720081821166909997e-01 6.622667273554846967e-02 7.823167956304051263e-01 1.457669549385525731e-01 5.689576695493855224e-03 0.000000000000000000e+00
4.325000000000000000e+04 1.730082296871369163e-01 5.780609922621757213e-02 7.921028675466544877e-01 1.467910787437414766e-01 3.299954483386436255e-03 0.000000000000000000e+00
4.350000000000000000e+04 1.740082772575828329e-01 7.396449704142012138e-02 7.776513427401001710e-01 1.440600819299044100e-01 4.324078288575329727e-03 0.000000000000000000e+00
4.375000000000000000e+04 1.750083248280287496e-01 6.759217114246700298e-02 7.836822940373235902e-01 1.461083295402822169e-01 2.617205279927173507e-03 0.000000000000000000e+00
4.400000000000000000e+04 1.760083723984746662e-01 8.614019116977697510e-02 7.641101502048247562e-01 1.445152480655439164e-01 5.234410559854347014e-03 0.000000000000000000e+00
4.425000000000000000e+04 1.770084199689203608e-01 8.534365043240782489e-02 7.678652708238506985e-01 1.421256258534364936e-01 4.665452890304961318e-03 0.000000000000000000e+00
4.450000000000000000e+04 1.780084675393662774e-01 9.512972234865725574e-02 7.542102867546655043e-01 1.442876649977241632e-01 6.372325898953117539e-03 0.000000000000000000e+00
4.475000000000000000e+04 1.790085151098121941e-01 9.376422394173873631e-02 7.562585343650432002e-01 1.430359581247155343e-01 6.941283568502503235e-03 0.000000000000000000e+00
4.500000000000000000e+04 1.800085626802581107e-01 9.751934456076467861e-02 7.531861629494766008e-01 1.441738734638143005e-01 5.120619025944469528e-03 0.000000000000000000e+00
4.525000000000000000e+04 1.810086102507040273e-01 1.053709604005461931e-01 7.414656349567592120e-01 1.447428311333636697e-01 8.420573509330906217e-03 0.000000000000000000e+00
4.550000000000000000e+04 1.820086578211499440e-01 1.226672735548475224e-01 7.212107419208011461e-01 1.439462903959945472e-01 1.217569412835685025e-02 0.000000000000000000e+00
4.575000000000000000e+04 1.830087053915956385e-01 1.186845698680018268e-01 7.188211197086936677e-01 1.478152025489303523e-01 1.467910787437414627e-02 0.000000000000000000e+00
4.600000000000000000e+04 1.840087529620415552e-01 1.249431042330450548e-01 7.175694128356849832e-01 1.473600364132908458e-01 1.012744651797906244e-02 0.000000000000000000e+00
4.625000000000000000e+04 1.850088005324874718e-01 1.458807464724624359e-01 6.853664087391898585e-01 1.533909877105143482e-01 1.536185707783340945e-02 0.000000000000000000e+00
4.650000000000000000e+04 1.860088481029333884e-01 1.555530268548019901e-01 6.582840236686390289e-01 1.668183887118798447e-01 1.934456076467910846e-02 0.000000000000000000e+00
4.675000000000000000e+04 1.870088956733793051e-01 1.754665452890304955e-01 6.144742831133364058e-01 1.843422849340008995e-01 2.571688666363222686e-02 0.000000000000000000e+00
4.700000000000000000e+04 1.880089432438252217e-01 1.675011379153391045e-01 6.144742831133364058e-01 1.968593536640873831e-01 2.116522530723714129e-02 0.000000000000000000e+00
4.725000000000000000e+04 1.890089908142709163e-01 1.444014565316340537e-01 6.490669094219390090e-01 1.935593991807009473e-01 1.297223486572599005e-02 0.000000000000000000e+00
4.750000000000000000e+04 1.900090383847168329e-01 1.282430587164314906e-01 6.869594902139281034e-01 1.710286754665452935e-01 1.376877560309512985e-02 0.000000000000000000e+00
4.775000000000000000e+04 1.910090859551627496e-01 1.119708693673190647e-01 7.002730996813837372e-01 1.784251251706872876e-01 9.330905780609922637e-03 0.000000000000000000e+00
4.800000000000000000e+04 1.920091335256086662e-01 1.060537096040054666e-01 7.033454710969503365e-01 1.827492034592626269e-01 7.851615839781519654e-03 0.000000000000000000e+00
4.825000000000000000e+04 1.930091810960545828e-01 1.085571233500227523e-01 6.999317250796540657e-01 1.822940373236231204e-01 9.217114246700046018e-03 0.000000000000000000e+00
4.850000000000000000e+04 1.940092286665002774e-01 1.099226217569412856e-01 6.989076012744651623e-01 1.808147473827947105e-01 1.035502958579881741e-02 0.000000000000000000e+00
4.875000000000000000e+04 1.950092762369461941e-01 1.148156577150659940e-01 6.956076467910787819e-01 1.814974965862539702e-01 8.079198907601274626e-03 0.000000000000000000e+00
4.900000000000000000e+04 1.960093238073921107e-01 1.198224852071005930e-01 6.956076467910787819e-01 1.745562130177514826e-01 1.001365498406918582e-02 0.000000000000000000e+00
4.925000000000000000e+04 1.970093713778380273e-01 1.175466545289030468e-01 6.999317250796540657e-01 1.703459262630860338e-01 1.217569412835685025e-02 0.000000000000000000e+00
4.950000000000000000e+04 1.980094189482839440e-01 1.159535730541647741e-01 6.999317250796540657e-01 1.723941738734638129e-01 1.172052799271734204e-02 0.000000000000000000e+00
4.975000000000000000e+04 1.990094665187298606e-01 8.978152025489304078e-02 7.448793809740554828e-01 1.552116522530723741e-01 1.012744651797906244e-02 0.000000000000000000e+00
5.000000000000000000e+04 2.000095140891755552e-01 6.690942193900774326e-02 7.725307237141556538e-01 1.544151115157032239e-01 6.144742831133363434e-03 0.000000000000000000e+00
5.025000000000000000e+04 2.010095616596214718e-01 5.814747382794720199e-02 7.824305871643150168e-01 1.529358215748748417e-01 6.486117432862995025e-03 0.000000000000000000e+00
5.050000000000000000e+04 2.020096092300673885e-01 5.894401456531633832e-02 7.840236686390532617e-01 1.506599908966772816e-01 6.372325898953117539e-03 0.000000000000000000e+00
5.075000000000000000e+04 2.030096568005133051e-01 6.019572143832498806e-02 7.848202093764223841e-01 1.489531178880291185e-01 6.030951297223486815e-03 0.000000000000000000e+00
5.100000000000000000e+04 2.040097043709592217e-01 5.154756486117433034e-02 7.933545744196631722e-01 1.495220755575785154e-01 5.575785161583977738e-03 0.000000000000000000e+00
5.125000000000000000e+04 2.050097519414051384e-01 4.961310878470642088e-02 7.998406918525261533e-01 1.464497041420118328e-01 4.096495220755575623e-03 0.000000000000000000e+00
5.150000000000000000e+04 2.060097995118508329e-01 4.153390987710514626e-02 8.075785161583978189e-01 1.466772872098315861e-01 4.210286754665453109e-03 0.000000000000000000e+00
5.175000000000000000e+04 2.070098470822967496e-01 4.767865270823850449e-02 8.007510241238051663e-01 1.479289940828402428e-01 3.641329085116067413e-03 0.000000000000000000e+00
5.200000000000000000e+04 2.080098946527426662e-01 4.403732362312243881e-02 8.058716431497496835e-01 1.463359126081019701e-01 3.755120619025944465e-03 0.000000000000000000e+00
5.225000000000000000e+04 2.090099422231885828e-01 4.779244424214838111e-02 8.015475648611742887e-01 1.453117888029130667e-01 5.348202093764223633e-03 0.000000000000000000e+00
5.250000000000000000e+04 2.100099897936344995e-01 4.824761037778789452e-02 8.012061902594447282e-01 1.456531634046426826e-01 4.893035958124715423e-03 0.000000000000000000e+00
5.275000000000000000e+04 2.110100373640804161e-01 5.382339553937186966e-02 7.947200728265817471e-01 1.465634956759217233e-01 4.893035958124715423e-03 0.000000000000000000e+00
5.300000000000000000e+04 2.120100849345261107e-01 4.779244424214838111e-02 8.023441055985435222e-01 1.446290395994538069e-01 5.234410559854347014e-03 0.000000000000000000e+00
5.325000000000000000e+04 2.130101325049720273e-01 5.427856167501137613e-02 7.939235320892125136e-01 1.450842057350933134e-01 6.713700500682749130e-03 0.000000000000000000e+00
5.350000000000000000e+04 2.140101800754179440e-01 5.735093309057805872e-02 7.936959490213928436e-01 1.432635411925352875e-01 5.689576695493855224e-03 0.000000000000000000e+00
5.375000000000000000e+04 2.150102276458638606e-01 4.574419663177059503e-02 8.078060992262175999e-01 1.432635411925352875e-01 3.186162949476558769e-03 0.000000000000000000e+00
5.400000000000000000e+04 2.160102752163097772e-01 5.484751934456076616e-02 7.960855712335002110e-01 1.432635411925352875e-01 5.803368229403732710e-03 0.000000000000000000e+00
5.425000000000000000e+04 2.170103227867556939e-01 5.063723258989531045e-02 8.021165225307237412e-01 1.431497496586253970e-01 4.096495220755575623e-03 0.000000000000000000e+00
5.450000000000000000e+04 2.180103703572013885e-01 4.802002730996814128e-02 8.042785616750113276e-01 1.433773327264451503e-01 4.324078288575329727e-03 0.000000000000000000e+00
5.475000000000000000e+04 2.190104179276473051e-01 5.587164314974965573e-02 7.916477014110150368e-01 1.447428311333636697e-01 7.737824305871643035e-03 0.000000000000000000e+00
5.500000000000000000e+04 2.200104654980932217e-01 5.769230769230769551e-02 7.932407828857532817e-01 1.430359581247155343e-01 6.030951297223486815e-03 0.000000000000000000e+00
5.525000000000000000e+04 2.210105130685391384e-01 6.076467910787437116e-02 7.906235776058261333e-01 1.411015020482476179e-01 7.510241238051888930e-03 0.000000000000000000e+00
5.550000000000000000e+04 2.220105606389850550e-01 5.814747382794720199e-02 7.902822030040964618e-01 1.426945835229858905e-01 8.875739644970414427e-03 0.000000000000000000e+00
5.575000000000000000e+04 2.230106082094307496e-01 6.372325898953118406e-02 7.858443331816112876e-01 1.415566681838871244e-01 8.875739644970414427e-03 0.000000000000000000e+00
5.600000000000000000e+04 2.240106557798766662e-01 7.544378698224851743e-02 7.743513882567136797e-01 1.398497951752389612e-01 1.035502958579881741e-02 0.000000000000000000e+00
5.625000000000000000e+04 2.250107033503225828e-01 9.274010013654984674e-02 7.457897132453344957e-01 1.461083295402822169e-01 1.536185707783340945e-02 0.000000000000000000e+00
5.650000000000000000e+04 2.260107509207684995e-01 9.080564406008193035e-02 7.298588984979517136e-01 1.643149749658625314e-01 1.502048247610377786e-02 0.000000000000000000e+00
5.675000000000000000e+04 2.270107984912144161e-01 9.717796995903504875e-02 7.111970869367318926e-01 1.747837960855712358e-01 1.684114701866181243e-02 0.000000000000000000e+00
