# itime ezz other fcc hcp bcc ico
0.000000000000000000e+00 0.000000000000000000e+00 0.000000000000000000e+00 1.000000000000000000e+00 0.000000000000000000e+00 0.000000000000000000e+00 0.000000000000000000e+00
2.500000000000000000e+02 9.999941394478462087e-04 0.000000000000000000e+00 1.000000000000000000e+00 0.000000000000000000e+00 0.000000000000000000e+00 0.000000000000000000e+00
5.000000000000000000e+02 1.999988278895470373e-03 0.000000000000000000e+00 1.000000000000000000e+00 0.000000000000000000e+00 0.000000000000000000e+00 0.000000000000000000e+00
7.500000000000000000e+02 2.999982418343316581e-03 0.000000000000000000e+00 1.000000000000000000e+00 0.000000000000000000e+00 0.000000000000000000e+00 0.000000000000000000e+00
1.000000000000000000e+03 3.999976557790940745e-03 0.000000000000000000e+00 1.000000000000000000e+00 0.000000000000000000e+00 0.000000000000000000e+00 0.000000000000000000e+00
1.250000000000000000e+03 4.999970697238786954e-03 0.000000000000000000e+00 1.000000000000000000e+00 0.000000000000000000e+00 0.000000000000000000e+00 0.000000000000000000e+00
1.500000000000000000e+03 5.999964836686633163e-03 0.000000000000000000e+00 1.000000000000000000e+00 0.000000000000000000e+00 0.000000000000000000e+00 0.000000000000000000e+00
1.750000000000000000e+03 6.999958976134257327e-03 0.000000000000000000e+00 1.000000000000000000e+00 0.000000000000000000e+00 0.000000000000000000e+00 0.000000000000000000e+00
2.000000000000000000e+03 7.999953115582103536e-03 0.000000000000000000e+00 1.000000000000000000e+00 0.000000000000000000e+00 0.000000000000000000e+00 0.000000000000000000e+00
2.250000000000000000e+03 8.999947255029727700e-03 0.000000000000000000e+00 1.000000000000000000e+00 0.000000000000000000e+00 0.000000000000000000e+00 0.000000000000000000e+00
2.500000000000000000e+03 9.999941394477573908e-03 0.000000000000000000e+00 1.000000000000000000e+00 0.000000000000000000e+00 0.000000000000000000e+00 0.000000000000000000e+00
2.750000000000000000e+03 1.099993553392542012e-02 0.000000000000000000e+00 1.000000000000000000e+00 0.000000000000000000e+00 0.000000000000000000e+00 0.000000000000000000e+00
3.000000000000000000e+03 1.199992967337304428e-02 0.000000000000000000e+00 1.000000000000000000e+00 0.000000000000000000e+00 0.000000000000000000e+00 0.000000000000000000e+00
3.250000000000000000e+03 1.299992381282089049e-02 0.000000000000000000e+00 1.000000000000000000e+00 0.000000000000000000e+00 0.000000000000000000e+00 0.000000000000000000e+00
3.500000000000000000e+03 1.399991795226851465e-02 0.000000000000000000e+00 1.000000000000000000e+00 0.000000000000000000e+00 0.000000000000000000e+00 0.000000000000000000e+00
3.750000000000000000e+03 1.499991209171636086e-02 0.000000000000000000e+00 1.000000000000000000e+00 0.000000000000000000e+00 0.000000000000000000e+00 0.000000000000000000e+00
4.000000000000000000e+03 1.599990623116420707e-02 0.000000000000000000e+00 1.000000000000000000e+00 0.000000000000000000e+00 0.000000000000000000e+00 0.000000000000000000e+00
4.250000000000000000e+03 1.699990037061183124e-02 0.000000000000000000e+00 1.000000000000000000e+00 0.000000000000000000e+00 0.000000000000000000e+00 0.000000000000000000e+00
4.500000000000000000e+03 1.799989451005967744e-02 0.000000000000000000e+00 1.000000000000000000e+00 0.000000000000000000e+00 0.000000000000000000e+00 0.000000000000000000e+00
4.750000000000000000e+03 1.899988864950730161e-02 0.000000000000000000e+00 1.000000000000000000e+00 0.000000000000000000e+00 0.000000000000000000e+00 0.000000000000000000e+00
5.000000000000000000e+03 1.999988278895514782e-02 0.000000000000000000e+00 1.000000000000000000e+00 0.000000000000000000e+00 0.000000000000000000e+00 0.000000000000000000e+00
5.250000000000000000e+03 2.099987692840299403e-02 0.000000000000000000e+00 1.000000000000000000e+00 0.000000000000000000e+00 0.000000000000000000e+00 0.000000000000000000e+00
5.500000000000000000e+03 2.199987106785061819e-02 0.000000000000000000e+00 1.000000000000000000e+00 0.000000000000000000e+00 0.000000000000000000e+00 0.000000000000000000e+00
5.750000000000000000e+03 2.299986520729846440e-02 0.000000000000000000e+00 1.000000000000000000e+00 0.000000000000000000e+00 0.000000000000000000e+00 0.000000000000000000e+00
6.000000000000000000e+03 2.399985934674631061e-02 0.000000000000000000e+00 1.000000000000000000e+00 0.000000000000000000e+00 0.000000000000000000e+00 0.000000000000000000e+00
6.250000000000000000e+03 2.499985348619393477e-02 0.000000000000000000e+00 1.000000000000000000e+00 0.000000000000000000e+00 0.000000000000000000e+00 0.000000000000000000e+00
6.500000000000000000e+03 2.599984762564178098e-02 0.000000000000000000e+00 1.000000000000000000e+00 0.000000000000000000e+00 0.000000000000000000e+00 0.000000000000000000e+00
6.750000000000000000e+03 2.699984176508940514e-02 0.000000000000000000e+00 1.000000000000000000e+00 0.000000000000000000e+00 0.000000000000000000e+00 0.000000000000000000e+00
7.000000000000000000e+03 2.799983590453725135e-02 0.000000000000000000e+00 1.000000000000000000e+00 0.000000000000000000e+00 0.000000000000000000e+00 0.000000000000000000e+00
7.250000000000000000e+03 2.899983004398509756e-02 0.000000000000000000e+00 1.000000000000000000e+00 0.000000000000000000e+00 0.000000000000000000e+00 0.000000000000000000e+00
7.500000000000000000e+03 2.999982418343272172e-02 0.000000000000000000e+00 1.000000000000000000e+00 0.000000000000000000e+00 0.000000000000000000e+00 0.000000000000000000e+00
7.750000000000000000e+03 3.099981832288056793e-02 0.000000000000000000e+00 1.000000000000000000e+00 0.000000000000000000e+00 0.000000000000000000e+00 0.000000000000000000e+00
8.000000000000000000e+03 3.199981246232819210e-02 0.000000000000000000e+00 1.000000000000000000e+00 0.000000000000000000e+00 0.000000000000000000e+00 0.000000000000000000e+00
8.250000000000000000e+03 3.299980660177603831e-02 0.000000000000000000e+00 1.000000000000000000e+00 0.000000000000000000e+00 0.000000000000000000e+00 0.000000000000000000e+00
8.500000000000000000e+03 3.399980074122388451e-02 0.000000000000000000e+00 1.000000000000000000e+00 0.000000000000000000e+00 0.000000000000000000e+00 0.000000000000000000e+00
8.750000000000000000e+03 3.499979488067150868e-02 0.000000000000000000e+00 1.000000000000000000e+00 0.000000000000000000e+00 0.000000000000000000e+00 0.000000000000000000e+00
9.000000000000000000e+03 3.599978902011935489e-02 0.000000000000000000e+00 1.000000000000000000e+00 0.000000000000000000e+00 0.000000000000000000e+00 0.000000000000000000e+00
9.250000000000000000e+03 3.699978315956697905e-02 0.000000000000000000e+00 1.000000000000000000e+00 0.000000000000000000e+00 0.000000000000000000e+00 0.000000000000000000e+00
9.500000000000000000e+03 3.799977729901482526e-02 0.000000000000000000e+00 1.000000000000000000e+00 0.000000000000000000e+00 0.000000000000000000e+00 0.000000000000000000e+00
9.750000000000000000e+03 3.899977143846267147e-02 0.000000000000000000e+00 1.000000000000000000e+00 0.000000000000000000e+00 0.000000000000000000e+00 0.000000000000000000e+00
1.000000000000000000e+04 3.999976557791029563e-02 0.000000000000000000e+00 1.000000000000000000e+00 0.000000000000000000e+00 0.000000000000000000e+00 0.000000000000000000e+00
1.025000000000000000e+04 4.099975971735814184e-02 0.000000000000000000e+00 1.000000000000000000e+00 0.000000000000000000e+00 0.000000000000000000e+00 0.000000000000000000e+00
1.050000000000000000e+04 4.199975385680576601e-02 0.000000000000000000e+00 1.000000000000000000e+00 0.000000000000000000e+00 0.000000000000000000e+00 0.000000000000000000e+00
1.075000000000000000e+04 4.299974799625361221e-02 0.000000000000000000e+00 1.000000000000000000e+00 0.000000000000000000e+00 0.000000000000000000e+00 0.000000000000000000e+00
1.100000000000000000e+04 4.399974213570145842e-02 0.000000000000000000e+00 1.000000000000000000e+00 0.000000000000000000e+00 0.000000000000000000e+00 0.000000000000000000e+00
1.125000000000000000e+04 4.499973627514908259e-02 0.000000000000000000e+00 1.000000000000000000e+00 0.000000000000000000e+00 0.000000000000000000e+00 0.000000000000000000e+00
1.150000000000000000e+04 4.599973041459692880e-02 0.000000000000000000e+00 1.000000000000000000e+00 0.000000000000000000e+00 0.000000000000000000e+00 0.000000000000000000e+00
1.175000000000000000e+04 4.699972455404455296e-02 0.000000000000000000e+00 1.000000000000000000e+00 0.000000000000000000e+00 0.000000000000000000e+00 0.000000000000000000e+00
1.200000000000000000e+04 4.799971869349239917e-02 0.000000000000000000e+00 1.000000000000000000e+00 0.000000000000000000e+00 0.000000000000000000e+00 0.000000000000000000e+00
1.225000000000000000e+04 4.899971283294024538e-02 0.000000000000000000e+00 1.000000000000000000e+00 0.000000000000000000e+00 0.000000000000000000e+00 0.000000000000000000e+00
1.250000000000000000e+04 4.999970697238786954e-02 0.000000000000000000e+00 1.000000000000000000e+00 0.000000000000000000e+00 0.000000000000000000e+00 0.000000000000000000e+00
1.275000000000000000e+04 5.099970111183571575e-02 0.000000000000000000e+00 1.000000000000000000e+00 0.000000000000000000e+00 0.000000000000000000e+00 0.000000000000000000e+00
1.300000000000000000e+04 5.199969525128333991e-02 0.000000000000000000e+00 1.000000000000000000e+00 0.000000000000000000e+00 0.000000000000000000e+00 0.000000000000000000e+00
1.325000000000000000e+04 5.299968939073118612e-02 0.000000000000000000e+00 1.000000000000000000e+00 0.000000000000000000e+00 0.000000000000000000e+00 0.000000000000000000e+00
1.350000000000000000e+04 5.399968353017903233e-02 0.000000000000000000e+00 1.000000000000000000e+00 0.000000000000000000e+00 0.000000000000000000e+00 0.000000000000000000e+00
1.375000000000000000e+04 5.499967766962665650e-02 0.000000000000000000e+00 1.000000000000000000e+00 0.000000000000000000e+00 0.000000000000000000e+00 0.000000000000000000e+00
1.400000000000000000e+04 5.599967180907450270e-02 0.000000000000000000e+00 1.000000000000000000e+00 0.000000000000000000e+00 0.000000000000000000e+00 0.000000000000000000e+00
1.425000000000000000e+04 5.699966594852212687e-02 0.000000000000000000e+00 1.000000000000000000e+00 0.000000000000000000e+00 0.000000000000000000e+00 0.000000000000000000e+00
1.450000000000000000e+04 5.799966008796997308e-02 0.000000000000000000e+00 1.000000000000000000e+00 0.000000000000000000e+00 0.000000000000000000e+00 0.000000000000000000e+00
1.475000000000000000e+04 5.899965422741781929e-02 0.000000000000000000e+00 1.000000000000000000e+00 0.000000000000000000e+00 0.000000000000000000e+00 0.000000000000000000e+00
1.500000000000000000e+04 5.999964836686544345e-02 0.000000000000000000e+00 1.000000000000000000e+00 0.000000000000000000e+00 0.000000000000000000e+00 0.000000000000000000e+00
1.525000000000000000e+04 6.099964250631328966e-02 0.000000000000000000e+00 1.000000000000000000e+00 0.000000000000000000e+00 0.000000000000000000e+00 0.000000000000000000e+00
1.550000000000000000e+04 6.199963664576113587e-02 0.000000000000000000e+00 1.000000000000000000e+00 0.000000000000000000e+00 0.000000000000000000e+00 0.000000000000000000e+00
1.575000000000000000e+04 6.299963078520876003e-02 0.000000000000000000e+00 1.000000000000000000e+00 0.000000000000000000e+00 0.000000000000000000e+00 0.000000000000000000e+00
1.600000000000000000e+04 6.399962492465660624e-02 0.000000000000000000e+00 1.000000000000000000e+00 0.000000000000000000e+00 0.000000000000000000e+00 0.000000000000000000e+00
1.625000000000000000e+04 6.499961906410423040e-02 0.000000000000000000e+00 1.000000000000000000e+00 0.000000000000000000e+00 0.000000000000000000e+00 0.000000000000000000e+00
1.650000000000000000e+04 6.599961320355207661e-02 0.000000000000000000e+00 1.000000000000000000e+00 0.000000000000000000e+00 0.000000000000000000e+00 0.000000000000000000e+00
1.675000000000000000e+04 6.699960734299992282e-02 0.000000000000000000e+00 1.000000000000000000e+00 0.000000000000000000e+00 0.000000000000000000e+00 0.000000000000000000e+00
1.700000000000000000e+04 6.799960148244754699e-02 2.275830678197542133e-04 9.997724169321802190e-01 0.000000000000000000e+00 0.000000000000000000e+00 0.000000000000000000e+00
1.725000000000000000e+04 6.899959562189539319e-02 3.413746017296313199e-04 9.996586253982703285e-01 0.000000000000000000e+00 0.000000000000000000e+00 0.000000000000000000e+00
1.750000000000000000e+04 6.999958976134301736e-02 0.000000000000000000e+00 1.000000000000000000e+00 0.000000000000000000e+00 0.000000000000000000e+00 0.000000000000000000e+00
1.775000000000000000e+04 7.099958390079086357e-02 0.000000000000000000e+00 1.000000000000000000e+00 0.000000000000000000e+00 0.000000000000000000e+00 0.000000000000000000e+00
1.800000000000000000e+04 7.199957804023870978e-02 1.137915339098771066e-04 9.998862084660901095e-01 0.000000000000000000e+00 0.000000000000000000e+00 0.000000000000000000e+00
1.825000000000000000e+04 7.299957217968633394e-02 0.000000000000000000e+00 1.000000000000000000e+00 0.000000000000000000e+00 0.000000000000000000e+00 0.000000000000000000e+00
1.850000000000000000e+04 7.399956631913418015e-02 0.000000000000000000e+00 1.000000000000000000e+00 0.000000000000000000e+00 0.000000000000000000e+00 0.000000000000000000e+00
1.875000000000000000e+04 7.499956045858180431e-02 1.137915339098771066e-04 9.998862084660901095e-01 0.000000000000000000e+00 0.000000000000000000e+00 0.000000000000000000e+00
1.900000000000000000e+04 7.599955459802965052e-02 4.551661356395084266e-04 9.995448338643604380e-01 0.000000000000000000e+00 0.000000000000000000e+00 0.000000000000000000e+00
1.925000000000000000e+04 7.699954873747749673e-02 1.137915339098771066e-04 9.998862084660901095e-01 0.000000000000000000e+00 0.000000000000000000e+00 0.000000000000000000e+00
1.950000000000000000e+04 7.799954287692512089e-02 0.000000000000000000e+00 1.000000000000000000e+00 0.000000000000000000e+00 0.000000000000000000e+00 0.000000000000000000e+00
1.975000000000000000e+04 7.899953701637296710e-02 4.551661356395084266e-04 9.995448338643604380e-01 0.000000000000000000e+00 0.000000000000000000e+00 0.000000000000000000e+00
2.000000000000000000e+04 7.999953115582059127e-02 4.551661356395084266e-04 9.995448338643604380e-01 0.000000000000000000e+00 0.000000000000000000e+00 0.000000000000000000e+00
2.025000000000000000e+04 8.099952529526843747e-02 1.137915339098770958e-03 9.988620846609012061e-01 0.000000000000000000e+00 0.000000000000000000e+00 0.000000000000000000e+00
2.050000000000000000e+04 8.199951943471628368e-02 5.689576695493854790e-04 9.994310423304506585e-01 0.000000000000000000e+00 0.000000000000000000e+00 0.000000000000000000e+00
2.075000000000000000e+04 8.299951357416390785e-02 4.551661356395084266e-04 9.994310423304506585e-01 0.000000000000000000e+00 1.137915339098771066e-04 0.000000000000000000e+00
2.100000000000000000e+04 8.399950771361175406e-02 1.137915339098771066e-04 9.998862084660901095e-01 0.000000000000000000e+00 0.000000000000000000e+00 0.000000000000000000e+00
2.125000000000000000e+04 8.499950185305937822e-02 0.000000000000000000e+00 1.000000000000000000e+00 0.000000000000000000e+00 0.000000000000000000e+00 0.000000000000000000e+00
2.150000000000000000e+04 8.599949599250722443e-02 1.137915339098771066e-04 9.998862084660901095e-01 0.000000000000000000e+00 0.000000000000000000e+00 0.000000000000000000e+00
2.175000000000000000e+04 8.699949013195507064e-02 1.593081474738279385e-03 9.984069185252617551e-01 0.000000000000000000e+00 0.000000000000000000e+00 0.000000000000000000e+00
2.200000000000000000e+04 8.799948427140269480e-02 5.689576695493854790e-04 9.994310423304506585e-01 0.000000000000000000e+00 0.000000000000000000e+00 0.000000000000000000e+00
2.225000000000000000e+04 8.899947841085054101e-02 1.137915339098771066e-04 9.998862084660901095e-01 0.000000000000000000e+00 0.000000000000000000e+00 0.000000000000000000e+00
2.250000000000000000e+04 8.999947255029816517e-02 5.689576695493854790e-04 9.994310423304506585e-01 0.000000000000000000e+00 0.000000000000000000e+00 0.000000000000000000e+00
2.275000000000000000e+04 9.099946668974601138e-02 2.048247610377787811e-03 9.977241693218024121e-01 0.000000000000000000e+00 2.275830678197542133e-04 0.000000000000000000e+00
2.300000000000000000e+04 9.199946082919385759e-02 5.689576695493854790e-04 9.993172507965407680e-01 0.000000000000000000e+00 1.137915339098771066e-04 0.000000000000000000e+00
2.325000000000000000e+04 9.299945496864148176e-02 2.275830678197541916e-03 9.977241693218024121e-01 0.000000000000000000e+00 0.000000000000000000e+00 0.000000000000000000e+00
2.350000000000000000e+04 9.399944910808932796e-02 1.137915339098770958e-03 9.987482931269913156e-01 0.000000000000000000e+00 1.137915339098771066e-04 0.000000000000000000e+00
2.375000000000000000e+04 9.499944324753695213e-02 1.024123805188893906e-03 9.989758761948110966e-01 0.000000000000000000e+00 0.000000000000000000e+00 0.000000000000000000e+00
2.400000000000000000e+04 9.599943738698479834e-02 2.730996813837050560e-03 9.971552116522530707e-01 0.000000000000000000e+00 1.137915339098771066e-04 0.000000000000000000e+00
2.425000000000000000e+04 9.699943152643264455e-02 2.162039144287664864e-03 9.977241693218024121e-01 0.000000000000000000e+00 1.137915339098771066e-04 0.000000000000000000e+00
2.450000000000000000e+04 9.799942566588026871e-02 6.827492034592626399e-04 9.992034592626308775e-01 0.000000000000000000e+00 1.137915339098771066e-04 0.000000000000000000e+00
2.475000000000000000e+04 9.899941980532811492e-02 4.551661356395083832e-03 9.951069640418752638e-01 0.000000000000000000e+00 3.413746017296313199e-04 0.000000000000000000e+00
2.500000000000000000e+04 9.999941394477596113e-02 1.593081474738279385e-03 9.981793354574419741e-01 0.000000000000000000e+00 2.275830678197542133e-04 0.000000000000000000e+00
2.525000000000000000e+04 1.009994080842235853e-01 1.365498406918525280e-03 9.986345015930814251e-01 0.000000000000000000e+00 0.000000000000000000e+00 0.000000000000000000e+00
2.550000000000000000e+04 1.019994022236714315e-01 3.868912152935821518e-03 9.959035047792443862e-01 0.000000000000000000e+00 2.275830678197542133e-04 0.000000000000000000e+00
2.575000000000000000e+04 1.029993963631190557e-01 4.210286754665453109e-03 9.955621301775148257e-01 0.000000000000000000e+00 2.275830678197542133e-04 0.000000000000000000e+00
2.600000000000000000e+04 1.039993905025669019e-01 3.527537551206190360e-03 9.961310878470641672e-01 0.000000000000000000e+00 3.413746017296313199e-04 0.000000000000000000e+00
2.625000000000000000e+04 1.049993846420147481e-01 3.413746017296313308e-03 9.964724624487938387e-01 0.000000000000000000e+00 1.137915339098771066e-04 0.000000000000000000e+00
2.650000000000000000e+04 1.059993787814623722e-01 3.755120619025944465e-03 9.960172963131542767e-01 0.000000000000000000e+00 2.275830678197542133e-04 0.000000000000000000e+00
2.675000000000000000e+04 1.069993729209102185e-01 7.510241238051888930e-03 9.912380518889394310e-01 0.000000000000000000e+00 1.251706873008648227e-03 0.000000000000000000e+00
2.700000000000000000e+04 1.079993670603578426e-01 1.069640418752844727e-02 9.873691397360035982e-01 0.000000000000000000e+00 1.934456076467910759e-03 0.000000000000000000e+00
2.725000000000000000e+04 1.089993611998056888e-01 2.150659990896677115e-02 9.708693673190714746e-01 0.000000000000000000e+00 7.624032771961766417e-03 0.000000000000000000e+00
2.750000000000000000e+04 1.099993553392535350e-01 1.022985889849795244e-01 5.815885298133819381e-01 0.000000000000000000e+00 3.161128812016386069e-01 0.000000000000000000e+00
2.775000000000000000e+04 1.109993494787011592e-01 1.887801547564861293e-01 3.314747382794719921e-01 2.492034592626308706e-02 4.548247610377788019e-01 0.000000000000000000e+00
2.800000000000000000e+04 1.119993436181490054e-01 2.185935366408739144e-01 5.788575329995447882e-01 1.775147928994082747e-01 2.503413746017296368e-02 0.000000000000000000e+00
2.825000000000000000e+04 1.129993377575966296e-01 1.139053254437869811e-01 7.243969048702776359e-01 1.514565316340464318e-01 1.024123805188893906e-02 0.000000000000000000e+00
2.850000000000000000e+04 1.139993318970444758e-01 4.085116067364587961e-02 8.169094219390077294e-01 1.389394629039599482e-01 3.299954483386436255e-03 0.000000000000000000e+00
2.875000000000000000e+04 1.149993260364923220e-01 2.571688666363222686e-02 8.260127446517978589e-01 1.472462448793809831e-01 1.024123805188893906e-03 0.000000000000000000e+00
2.900000000000000000e+04 1.159993201759399462e-01 2.435138825671370050e-02 8.273782430587164338e-01 1.473600364132908458e-01 9.103322712790168532e-04 0.000000000000000000e+00
2.925000000000000000e+04 1.169993143153877924e-01 2.457897132453345374e-02 8.273782430587164338e-01 1.473600364132908458e-01 6.827492034592626399e-04 0.000000000000000000e+00
2.950000000000000000e+04 1.179993084548354165e-01 2.548930359581247015e-02 8.256713700500682984e-01 1.479289940828402428e-01 7.965407373691396923e-04 1.137915339098771066e-04
2.975000000000000000e+04 1.189993025942832627e-01 2.651342740100136666e-02 8.253299954483386269e-01 1.473600364132908458e-01 7.965407373691396923e-04 0.000000000000000000e+00
3.000000000000000000e+04 1.199992967337311089e-01 2.389622212107419055e-02 8.271506599908966528e-01 1.477014110150204895e-01 1.251706873008648227e-03 0.000000000000000000e+00
3.025000000000000000e+04 1.209992908731787331e-01 2.264451524806554428e-02 8.287437414656350088e-01 1.478152025489303523e-01 7.965407373691396923e-04 0.000000000000000000e+00
3.050000000000000000e+04 1.219992850126265793e-01 2.457897132453345374e-02 8.268092853891670924e-01 1.475876194811105990e-01 1.024123805188893906e-03 0.000000000000000000e+00
3.075000000000000000e+04 1.229992791520742035e-01 2.469276285844333035e-02 8.265817023213473114e-01 1.478152025489303523e-01 9.103322712790168532e-04 0.000000000000000000e+00
3.100000000000000000e+04 1.239992732915220497e-01 2.366863905325443732e-02 8.274920345926263243e-01 1.481565771506599960e-01 6.827492034592626399e-04 0.000000000000000000e+00
3.125000000000000000e+04 1.249992674309698959e-01 2.241693218024579104e-02 8.284023668639053373e-01 1.483841602184797492e-01 7.965407373691396923e-04 0.000000000000000000e+00
3.150000000000000000e+04 1.259992615704175201e-01 2.401001365498407064e-02 8.273782430587164338e-01 1.478152025489303523e-01 7.965407373691396923e-04 0.000000000000000000e+00
3.175000000000000000e+04 1.269992557098653663e-01 2.457897132453345374e-02 8.270368684569867623e-01 1.479289940828402428e-01 4.551661356395084266e-04 0.000000000000000000e+00
3.200000000000000000e+04 1.279992498493129904e-01 2.366863905325443732e-02 8.272644515248065433e-01 1.482703686845698587e-01 7.965407373691396923e-04 0.000000000000000000e+00
3.225000000000000000e+04 1.289992439887608366e-01 2.423759672280382388e-02 8.266954938552572019e-01 1.481565771506599960e-01 9.103322712790168532e-04 0.000000000000000000e+00
3.250000000000000000e+04 1.299992381282086829e-01 2.309968138370505075e-02 8.280609922621756658e-01 1.484979517523896120e-01 3.413746017296313199e-04 0.000000000000000000e+00
3.275000000000000000e+04 1.309992322676563070e-01 2.412380518889394726e-02 8.273782430587164338e-01 1.478152025489303523e-01 6.827492034592626399e-04 0.000000000000000000e+00
3.300000000000000000e+04 1.319992264071041532e-01 2.492034592626308706e-02 8.266954938552572019e-01 1.481565771506599960e-01 2.275830678197542133e-04 0.000000000000000000e+00
3.325000000000000000e+04 1.329992205465517774e-01 2.275830678197542090e-02 8.274920345926263243e-01 1.486117432862995025e-01 1.137915339098770958e-03 0.000000000000000000e+00
3.350000000000000000e+04 1.339992146859996236e-01 2.366863905325443732e-02 8.279472007282657753e-01 1.479289940828402428e-01 4.551661356395084266e-04 0.000000000000000000e+00
3.375000000000000000e+04 1.349992088254474698e-01 2.537551206190259354e-02 8.268092853891670924e-01 1.474738279472007363e-01 3.413746017296313199e-04 0.000000000000000000e+00
3.400000000000000000e+04 1.359992029648950940e-01 2.321347291761493084e-02 8.279472007282657753e-01 1.479289940828402428e-01 9.103322712790168532e-04 0.000000000000000000e+00
3.425000000000000000e+04 1.369991971043429402e-01 2.503413746017296368e-02 8.261265361857077494e-01 1.482703686845698587e-01 5.689576695493854790e-04 0.000000000000000000e+00
3.450000000000000000e+04 1.379991912437907864e-01 2.457897132453345374e-02 8.263541192535275304e-01 1.483841602184797492e-01 6.827492034592626399e-04 0.000000000000000000e+00
3.475000000000000000e+04 1.389991853832384106e-01 2.401001365498407064e-02 8.272644515248065433e-01 1.487255348202093652e-01 0.000000000000000000e+00 0.000000000000000000e+00
3.500000000000000000e+04 1.399991795226862568e-01 2.457897132453345374e-02 8.273782430587164338e-01 1.474738279472007363e-01 5.689576695493854790e-04 0.000000000000000000e+00
3.525000000000000000e+04 1.409991736621338809e-01 2.503413746017296368e-02 8.270368684569867623e-01 1.475876194811105990e-01 3.413746017296313199e-04 0.000000000000000000e+00
3.550000000000000000e+04 1.419991678015817271e-01 2.287209831588529751e-02 8.277196176604461053e-01 1.487255348202093652e-01 6.827492034592626399e-04 0.000000000000000000e+00
3.575000000000000000e+04 1.429991619410295733e-01 2.366863905325443732e-02 8.280609922621756658e-01 1.481565771506599960e-01 1.137915339098771066e-04 0.000000000000000000e+00
3.600000000000000000e+04 1.439991560804771975e-01 2.560309512972235024e-02 8.270368684569867623e-01 1.472462448793809831e-01 1.137915339098771066e-04 0.000000000000000000e+00
3.625000000000000000e+04 1.449991502199250437e-01 2.548930359581247015e-02 8.256713700500682984e-01 1.480427856167501055e-01 7.965407373691396923e-04 0.000000000000000000e+00
3.650000000000000000e+04 1.459991443593726679e-01 2.332726445152480746e-02 8.272644515248065433e-01 1.489531178880291185e-01 4.551661356395084266e-04 0.000000000000000000e+00
3.675000000000000000e+04 1.469991384988205141e-01 2.321347291761493084e-02 8.274920345926263243e-01 1.483841602184797492e-01 9.103322712790168532e-04 0.000000000000000000e+00
3.700000000000000000e+04 1.479991326382683603e-01 2.492034592626308706e-02 8.262403277196176399e-01 1.487255348202093652e-01 1.137915339098771066e-04 0.000000000000000000e+00
3.725000000000000000e+04 1.489991267777159845e-01 2.366863905325443732e-02 8.274920345926263243e-01 1.483841602184797492e-01 4.551661356395084266e-04 0.000000000000000000e+00
3.750000000000000000e+04 1.499991209171638307e-01 2.412380518889394726e-02 8.266954938552572019e-01 1.483841602184797492e-01 7.965407373691396923e-04 0.000000000000000000e+00
3.775000000000000000e+04 1.509991150566114548e-01 2.366863905325443732e-02 8.274920345926263243e-01 1.481565771506599960e-01 6.827492034592626399e-04 0.000000000000000000e+00
3.800000000000000000e+04 1.519991091960593010e-01 2.548930359581247015e-02 8.263541192535275304e-01 1.478152025489303523e-01 3.413746017296313199e-04 0.000000000000000000e+00
3.825000000000000000e+04 1.529991033355071472e-01 2.628584433318160996e-02 8.254437869822485174e-01 1.475876194811105990e-01 6.827492034592626399e-04 0.000000000000000000e+00
3.850000000000000000e+04 1.539990974749547714e-01 2.332726445152480746e-02 8.276058261265362148e-01 1.483841602184797492e-01 6.827492034592626399e-04 0.000000000000000000e+00
3.875000000000000000e+04 1.549990916144026176e-01 2.651342740100136666e-02 8.253299954483386269e-01 1.478152025489303523e-01 3.413746017296313199e-04 0.000000000000000000e+00
3.900000000000000000e+04 1.559990857538502418e-01 2.480655439235321044e-02 8.269230769230768718e-01 1.481565771506599960e-01 1.137915339098771066e-04 0.000000000000000000e+00
3.925000000000000000e+04 1.569990798932980880e-01 2.560309512972235024e-02 8.260127446517978589e-01 1.478152025489303523e-01 5.689576695493854790e-04 0.000000000000000000e+00
3.950000000000000000e+04 1.579990740327459342e-01 2.480655439235321044e-02 8.264679107874374209e-01 1.478152025489303523e-01 9.103322712790168532e-04 0.000000000000000000e+00
3.975000000000000000e+04 1.589990681721935584e-01 2.594446973145198010e-02 8.254437869822485174e-01 1.479289940828402428e-01 6.827492034592626399e-04 0.000000000000000000e+00
4.000000000000000000e+04 1.599990623116414046e-01 2.628584433318160996e-02 8.254437869822485174e-01 1.475876194811105990e-01 6.827492034592626399e-04 0.000000000000000000e+00
4.025000000000000000e+04 1.609990564510890287e-01 2.526172052799271692e-02 8.271506599908966528e-01 1.470186618115612298e-01 5.689576695493854790e-04 0.000000000000000000e+00
4.050000000000000000e+04 1.619990505905368749e-01 2.730996813837050646e-02 8.252162039144287364e-01 1.470186618115612298e-01 4.551661356395084266e-04 0.000000000000000000e+00
4.075000000000000000e+04 1.629990447299847212e-01 2.833409194355939950e-02 8.244196631770596140e-01 1.467910787437414766e-01 4.551661356395084266e-04 0.000000000000000000e+00
4.100000000000000000e+04 1.639990388694323453e-01 2.639963586709149004e-02 8.258989531178880794e-01 1.471324533454710926e-01 5.689576695493854790e-04 0.000000000000000000e+00
4.125000000000000000e+04 1.649990330088801915e-01 2.844788347746927612e-02 8.237369139736003820e-01 1.471324533454710926e-01 6.827492034592626399e-04 0.000000000000000000e+00
4.150000000000000000e+04 1.659990271483278157e-01 2.776513427401001294e-02 8.243058716431497235e-01 1.463359126081019701e-01 1.593081474738279385e-03 0.000000000000000000e+00
4.175000000000000000e+04 1.669990212877756619e-01 3.914428766499772339e-02 8.144060081929904715e-01 1.436049157942649035e-01 2.844788347746927612e-03 0.000000000000000000e+00
4.200000000000000000e+04 1.679990154272235081e-01 7.464724624487938109e-02 7.496586253982703285e-01 1.705735093309057870e-01 5.120619025944469528e-03 0.000000000000000000e+00
4.225000000000000000e+04 1.689990095666711323e-01 1.004779244424214846e-01 7.179107874374146547e-01 1.720527992717341692e-01 9.558488848429677609e-03 0.000000000000000000e+00
4.250000000000000000e+04 1.699990037061189785e-01 7.362312243969049153e-02 7.544378698224851743e-01 1.685252617205279801e-01 3.413746017296313308e-03 0.000000000000000000e+00
4.275000000000000000e+04 1.709989978455666026e-01 5.883022303140646170e-02 7.625170687300865113e-01 1.778561675011379184e-01 7.965407373691396923e-04 0.000000000000000000e+00
4.300000000000000000e+04 1.719989919850144489e-01 6.065088757396449454e-02 7.605826126536185949e-01 1.777423759672280279e-01 1.024123805188893906e-03 0.000000000000000000e+00
4.325000000000000000e+04 1.729989861244622951e-01 5.803368229403732537e-02 7.619481110605370588e-01 1.788802913063268218e-01 1.137915339098770958e-03 0.000000000000000000e+00
4.350000000000000000e+04 1.739989802639099192e-01 5.780609922621757213e-02 7.621756941283568398e-01 1.794492489758761911e-01 5.689576695493854790e-04 0.000000000000000000e+00
4.375000000000000000e+04 1.749989744033577654e-01 5.712335002275830548e-02 7.629722348657259623e-01 1.788802913063268218e-01 1.024123805188893906e-03 0.000000000000000000e+00
4.400000000000000000e+04 1.759989685428053896e-01 5.848884842967683184e-02 7.618343195266271684e-01 1.784251251706872876e-01 1.251706873008648227e-03 0.000000000000000000e+00
4.425000000000000000e+04 1.769989626822532358e-01 5.905780609922621494e-02 7.605826126536185949e-01 1.792216659080564378e-01 1.137915339098770958e-03 0.000000000000000000e+00
4.450000000000000000e+04 1.779989568217010820e-01 5.575785161583977911e-02 7.633136094674556338e-01 1.794492489758761911e-01 1.479289940828402332e-03 0.000000000000000000e+00
4.475000000000000000e+04 1.789989509611487062e-01 5.848884842967683184e-02 7.631998179335457433e-01 1.774010013654984119e-01 9.103322712790168532e-04 0.000000000000000000e+00
4.500000000000000000e+04 1.799989451005965524e-01 5.905780609922621494e-02 7.621756941283568398e-01 1.776285844333181652e-01 1.137915339098770958e-03 0.000000000000000000e+00
4.525000000000000000e+04 1.809989392400443986e-01 5.951297223486572835e-02 7.610377787892580459e-01 1.784251251706872876e-01 1.024123805188893906e-03 0.000000000000000000e+00
4.550000000000000000e+04 1.819989333794920228e-01 5.871643149749658508e-02 7.627446517979061813e-01 1.776285844333181652e-01 9.103322712790168532e-04 0.000000000000000000e+00
4.575000000000000000e+04 1.829989275189398690e-01 5.837505689576695522e-02 7.626308602639964018e-01 1.785389167045971781e-01 4.551661356395084266e-04 0.000000000000000000e+00
4.600000000000000000e+04 1.839989216583874931e-01 6.190259444697314428e-02 7.609239872553481554e-01 1.764906690942193990e-01 6.827492034592626399e-04 0.000000000000000000e+00
4.625000000000000000e+04 1.849989157978353393e-01 5.723714155666818210e-02 7.634274010013655243e-01 1.788802913063268218e-01 4.551661356395084266e-04 0.000000000000000000e+00
4.650000000000000000e+04 1.859989099372831856e-01 5.974055530268548159e-02 7.613791533909877174e-01 1.779699590350477811e-01 9.103322712790168532e-04 0.000000000000000000e+00
4.675000000000000000e+04 1.869989040767308097e-01 6.144742831133363781e-02 7.584205735093308975e-01 1.788802913063268218e-01 1.251706873008648227e-03 0.000000000000000000e+00
4.700000000000000000e+04 1.879988982161786559e-01 6.304050978607191047e-02 7.531861629494766008e-01 1.825216203914428736e-01 1.251706873008648227e-03 0.000000000000000000e+00
4.725000000000000000e+04 1.889988923556262801e-01 6.156121984524351443e-02 7.550068274920346267e-01 1.821802457897132577e-01 1.251706873008648227e-03 0.000000000000000000e+00
4.750000000000000000e+04 1.899988864950741263e-01 6.110605370960400795e-02 7.563723258989530907e-01 1.816112881201638607e-01 9.103322712790168532e-04 0.000000000000000000e+00
4.775000000000000000e+04 1.909988806345219725e-01 6.121984524351388457e-02 7.553482020937641872e-01 1.817250796540737234e-01 1.706873008648156654e-03 0.000000000000000000e+00
4.800000000000000000e+04 1.919988747739695967e-01 6.383705052344106068e-02 7.537551206190259423e-01 1.816112881201638607e-01 7.965407373691396923e-04 0.000000000000000000e+00
4.825000000000000000e+04 1.929988689134174429e-01 6.520254893035958010e-02 7.514792899408283544e-01 1.820664542558033672e-01 1.251706873008648227e-03 0.000000000000000000e+00
4.850000000000000000e+04 1.939988630528650670e-01 6.531634046426945672e-02 7.518206645425580259e-01 1.813837050523441075e-01 1.479289940828402332e-03 0.000000000000000000e+00
4.875000000000000000e+04 1.949988571923129133e-01 6.531634046426945672e-02 7.495448338643604380e-01 1.835457441966317771e-01 1.593081474738279385e-03 0.000000000000000000e+00
4.900000000000000000e+04 1.959988513317607595e-01 6.543013199817933334e-02 7.479517523896221931e-01 1.854802002730996935e-01 1.137915339098770958e-03 0.000000000000000000e+00
4.925000000000000000e+04 1.969988454712083836e-01 6.611288120163859305e-02 7.468138370505233992e-01 1.855939918070095562e-01 1.479289940828402332e-03 0.000000000000000000e+00
4.950000000000000000e+04 1.979988396106562298e-01 6.918525261720527564e-02 7.406690942193900895e-01 1.883249886208466228e-01 1.820664542558033706e-03 0.000000000000000000e+00
4.975000000000000000e+04 1.989988337501038540e-01 7.874374146563495325e-02 7.266727355484752238e-01 1.908284023668639084e-01 3.755120619025944465e-03 0.000000000000000000e+00
5.000000000000000000e+04 1.999988278895517002e-01 8.796085571233500100e-02 7.287209831588530307e-01 1.775147928994082747e-01 5.803368229403732710e-03 0.000000000000000000e+00
5.025000000000000000e+04 2.009988220289995464e-01 7.441966317705962786e-02 7.609239872553481554e-01 1.598771051433773294e-01 4.779244424214838804e-03 0.000000000000000000e+00
5.050000000000000000e+04 2.019988161684471706e-01 6.133363677742376119e-02 7.881201638598088755e-01 1.495220755575785154e-01 1.024123805188893906e-03 0.000000000000000000e+00
5.075000000000000000e+04 2.029988103078950168e-01 5.860263996358670846e-02 7.890304961310878884e-01 1.492944924897587622e-01 3.072371415566681717e-03 0.000000000000000000e+00
5.100000000000000000e+04 2.039988044473426410e-01 6.156121984524351443e-02 7.757168866636322546e-01 1.603322712790168358e-01 2.389622212107419402e-03 0.000000000000000000e+00
5.125000000000000000e+04 2.049987985867904872e-01 6.019572143832498806e-02 7.799271734182976479e-01 1.574874829312699065e-01 2.389622212107419402e-03 0.000000000000000000e+00
5.150000000000000000e+04 2.059987927262383334e-01 6.190259444697314428e-02 7.745789713245334607e-01 1.612426035502958488e-01 2.275830678197541916e-03 0.000000000000000000e+00
5.175000000000000000e+04 2.069987868656859575e-01 6.258534365043240399e-02 7.763996358670914866e-01 1.591943559399180697e-01 1.820664542558033706e-03 0.000000000000000000e+00
5.200000000000000000e+04 2.079987810051338037e-01 6.304050978607191047e-02 7.762858443331815961e-01 1.587391898042785632e-01 1.934456076467910759e-03 0.000000000000000000e+00
5.225000000000000000e+04 2.089987751445814279e-01 6.338188438780155420e-02 7.745789713245334607e-01 1.598771051433773294e-01 2.162039144287664864e-03 0.000000000000000000e+00
5.250000000000000000e+04 2.099987692840292741e-01 6.474738279472007363e-02 7.727583067819754348e-01 1.612426035502958488e-01 1.251706873008648227e-03 0.000000000000000000e+00
5.275000000000000000e+04 2.109987634234771203e-01 6.474738279472007363e-02 7.718479745106964218e-01 1.606736458807464796e-01 2.730996813837050560e-03 0.000000000000000000e+00
5.300000000000000000e+04 2.119987575629247445e-01 6.520254893035958010e-02 7.724169321802457633e-01 1.596495220755575761e-01 2.730996813837050560e-03 0.000000000000000000e+00
5.325000000000000000e+04 2.129987517023725907e-01 6.577150659990896320e-02 7.718479745106964218e-01 1.604460628129267263e-01 1.934456076467910759e-03 0.000000000000000000e+00
5.350000000000000000e+04 2.139987458418202149e-01 6.292671825216203385e-02 7.736686390532544477e-01 1.616977696859353553e-01 1.706873008648156654e-03 0.000000000000000000e+00
5.375000000000000000e+04 2.149987399812680611e-01 6.508875739644970349e-02 7.708238507055075184e-01 1.615839781520254925e-01 2.503413746017296455e-03 0.000000000000000000e+00
5.400000000000000000e+04 2.159987341207159073e-01 6.520254893035958010e-02 7.697997269003186149e-01 1.629494765589440120e-01 2.048247610377787811e-03 0.000000000000000000e+00
5.425000000000000000e+04 2.169987282601635314e-01 6.554392353208920996e-02 7.728720983158853253e-01 1.590805644060081792e-01 2.503413746017296455e-03 0.000000000000000000e+00
5.450000000000000000e+04 2.179987223996113777e-01 7.180245789713245175e-02 7.535275375512061613e-01 1.729631315430132099e-01 1.706873008648156654e-03 0.000000000000000000e+00
5.475000000000000000e+04 2.189987165390592239e-01 7.419208010923987462e-02 7.484069185252617551e-01 1.758079198907601393e-01 1.593081474738279385e-03 0.000000000000000000e+00
5.500000000000000000e+04 2.199987106785068480e-01 7.350933090578061491e-02 7.519344560764679164e-01 1.727355484751934567e-01 1.820664542558033706e-03 0.000000000000000000e+00
5.525000000000000000e+04 2.209987048179546942e-01 7.510241238051888757e-02 7.478379608557123026e-01 1.750113791533909890e-01 2.048247610377787811e-03 0.000000000000000000e+00
5.550000000000000000e+04 2.219986989574023184e-01 7.362312243969049153e-02 7.497724169321802190e-01 1.752389622212107423e-01 1.365498406918525280e-03 0.000000000000000000e+00
5.575000000000000000e+04 2.229986930968501646e-01 7.476103777878925771e-02 7.471552116522530707e-01 1.767182521620391522e-01 1.365498406918525280e-03 0.000000000000000000e+00
5.600000000000000000e+04 2.239986872362980108e-01 7.692307692307692735e-02 7.430587164314974569e-01 1.774010013654984119e-01 2.617205279927173507e-03 0.000000000000000000e+00
5.625000000000000000e+04 2.249986813757456350e-01 7.658170232134729749e-02 7.429449248975875664e-01 1.789940828402366846e-01 1.479289940828402332e-03 0.000000000000000000e+00
5.650000000000000000e+04 2.259986755151934812e-01 7.646791078743742087e-02 7.460172963131542767e-01 1.760355029585798925e-01 1.479289940828402332e-03 0.000000000000000000e+00
5.675000000000000000e+04 2.269986696546411054e-01 7.669549385525717411e-02 7.427173418297678964e-01 1.778561675011379184e-01 2.730996813837050560e-03 0.000000000000000000e+00
