# itime ezz other fcc hcp bcc ico
0.000000000000000000e+00 0.000000000000000000e+00 0.000000000000000000e+00 1.000000000000000000e+00 0.000000000000000000e+00 0.000000000000000000e+00 0.000000000000000000e+00
2.500000000000000000e+02 9.999778822971094883e-04 0.000000000000000000e+00 1.000000000000000000e+00 0.000000000000000000e+00 0.000000000000000000e+00 0.000000000000000000e+00
5.000000000000000000e+02 1.999955764594218977e-03 0.000000000000000000e+00 1.000000000000000000e+00 0.000000000000000000e+00 0.000000000000000000e+00 0.000000000000000000e+00
7.500000000000000000e+02 2.999933646891328465e-03 0.000000000000000000e+00 1.000000000000000000e+00 0.000000000000000000e+00 0.000000000000000000e+00 0.000000000000000000e+00
1.000000000000000000e+03 3.999911529188437953e-03 0.000000000000000000e+00 1.000000000000000000e+00 0.000000000000000000e+00 0.000000000000000000e+00 0.000000000000000000e+00
1.250000000000000000e+03 4.999889411485547441e-03 0.000000000000000000e+00 1.000000000000000000e+00 0.000000000000000000e+00 0.000000000000000000e+00 0.000000000000000000e+00
1.500000000000000000e+03 5.999867293782878974e-03 0.000000000000000000e+00 1.000000000000000000e+00 0.000000000000000000e+00 0.000000000000000000e+00 0.000000000000000000e+00
1.750000000000000000e+03 6.999845176079988462e-03 0.000000000000000000e+00 1.000000000000000000e+00 0.000000000000000000e+00 0.000000000000000000e+00 0.000000000000000000e+00
2.000000000000000000e+03 7.999823058377097951e-03 0.000000000000000000e+00 1.000000000000000000e+00 0.000000000000000000e+00 0.000000000000000000e+00 0.000000000000000000e+00
2.250000000000000000e+03 8.999800940674207439e-03 0.000000000000000000e+00 1.000000000000000000e+00 0.000000000000000000e+00 0.000000000000000000e+00 0.000000000000000000e+00
2.500000000000000000e+03 9.999778822971316927e-03 0.000000000000000000e+00 1.000000000000000000e+00 0.000000000000000000e+00 0.000000000000000000e+00 0.000000000000000000e+00
2.750000000000000000e+03 1.099975670526842642e-02 0.000000000000000000e+00 1.000000000000000000e+00 0.000000000000000000e+00 0.000000000000000000e+00 0.000000000000000000e+00
3.000000000000000000e+03 1.199973458756553590e-02 0.000000000000000000e+00 1.000000000000000000e+00 0.000000000000000000e+00 0.000000000000000000e+00 0.000000000000000000e+00
3.250000000000000000e+03 1.299971246986264539e-02 0.000000000000000000e+00 1.000000000000000000e+00 0.000000000000000000e+00 0.000000000000000000e+00 0.000000000000000000e+00
3.500000000000000000e+03 1.399969035215975488e-02 0.000000000000000000e+00 1.000000000000000000e+00 0.000000000000000000e+00 0.000000000000000000e+00 0.000000000000000000e+00
3.750000000000000000e+03 1.499966823445686437e-02 0.000000000000000000e+00 1.000000000000000000e+00 0.000000000000000000e+00 0.000000000000000000e+00 0.000000000000000000e+00
4.000000000000000000e+03 1.599964611675397386e-02 0.000000000000000000e+00 1.000000000000000000e+00 0.000000000000000000e+00 0.000000000000000000e+00 0.000000000000000000e+00
4.250000000000000000e+03 1.699962399905130539e-02 0.000000000000000000e+00 1.000000000000000000e+00 0.000000000000000000e+00 0.000000000000000000e+00 0.000000000000000000e+00
4.500000000000000000e+03 1.799960188134841488e-02 0.000000000000000000e+00 1.000000000000000000e+00 0.000000000000000000e+00 0.000000000000000000e+00 0.000000000000000000e+00
4.750000000000000000e+03 1.899957976364552437e-02 0.000000000000000000e+00 1.000000000000000000e+00 0.000000000000000000e+00 0.000000000000000000e+00 0.000000000000000000e+00
5.000000000000000000e+03 1.999955764594263385e-02 0.000000000000000000e+00 1.000000000000000000e+00 0.000000000000000000e+00 0.000000000000000000e+00 0.000000000000000000e+00
5.250000000000000000e+03 2.099953552823974334e-02 0.000000000000000000e+00 1.000000000000000000e+00 0.000000000000000000e+00 0.000000000000000000e+00 0.000000000000000000e+00
5.500000000000000000e+03 2.199951341053685283e-02 0.000000000000000000e+00 1.000000000000000000e+00 0.000000000000000000e+00 0.000000000000000000e+00 0.000000000000000000e+00
5.750000000000000000e+03 2.299949129283396232e-02 0.000000000000000000e+00 1.000000000000000000e+00 0.000000000000000000e+00 0.000000000000000000e+00 0.000000000000000000e+00
6.000000000000000000e+03 2.399946917513107181e-02 0.000000000000000000e+00 1.000000000000000000e+00 0.000000000000000000e+00 0.000000000000000000e+00 0.000000000000000000e+00
6.250000000000000000e+03 2.499944705742818130e-02 0.000000000000000000e+00 1.000000000000000000e+00 0.000000000000000000e+00 0.000000000000000000e+00 0.000000000000000000e+00
6.500000000000000000e+03 2.599942493972529078e-02 0.000000000000000000e+00 1.000000000000000000e+00 0.000000000000000000e+00 0.000000000000000000e+00 0.000000000000000000e+00
6.750000000000000000e+03 2.699940282202240027e-02 0.000000000000000000e+00 1.000000000000000000e+00 0.000000000000000000e+00 0.000000000000000000e+00 0.000000000000000000e+00
7.000000000000000000e+03 2.799938070431973181e-02 0.000000000000000000e+00 1.000000000000000000e+00 0.000000000000000000e+00 0.000000000000000000e+00 0.000000000000000000e+00
7.250000000000000000e+03 2.899935858661684129e-02 0.000000000000000000e+00 1.000000000000000000e+00 0.000000000000000000e+00 0.000000000000000000e+00 0.000000000000000000e+00
7.500000000000000000e+03 2.999933646891395078e-02 0.000000000000000000e+00 1.000000000000000000e+00 0.000000000000000000e+00 0.000000000000000000e+00 0.000000000000000000e+00
7.750000000000000000e+03 3.099931435121106027e-02 0.000000000000000000e+00 1.000000000000000000e+00 0.000000000000000000e+00 0.000000000000000000e+00 0.000000000000000000e+00
8.000000000000000000e+03 3.199929223350816976e-02 0.000000000000000000e+00 1.000000000000000000e+00 0.000000000000000000e+00 0.000000000000000000e+00 0.000000000000000000e+00
8.250000000000000000e+03 3.299927011580527925e-02 0.000000000000000000e+00 1.000000000000000000e+00 0.000000000000000000e+00 0.000000000000000000e+00 0.000000000000000000e+00
8.500000000000000000e+03 3.399924799810238873e-02 0.000000000000000000e+00 1.000000000000000000e+00 0.000000000000000000e+00 0.000000000000000000e+00 0.000000000000000000e+00
8.750000000000000000e+03 3.499922588039949822e-02 0.000000000000000000e+00 1.000000000000000000e+00 0.000000000000000000e+00 0.000000000000000000e+00 0.000000000000000000e+00
9.000000000000000000e+03 3.599920376269660771e-02 0.000000000000000000e+00 1.000000000000000000e+00 0.000000000000000000e+00 0.000000000000000000e+00 0.000000000000000000e+00
9.250000000000000000e+03 3.699918164499371720e-02 0.000000000000000000e+00 1.000000000000000000e+00 0.000000000000000000e+00 0.000000000000000000e+00 0.000000000000000000e+00
9.500000000000000000e+03 3.799915952729082669e-02 1.137915339098771066e-04 9.998862084660901095e-01 0.000000000000000000e+00 0.000000000000000000e+00 0.000000000000000000e+00
9.750000000000000000e+03 3.899913740958815822e-02 0.000000000000000000e+00 1.000000000000000000e+00 0.000000000000000000e+00 0.000000000000000000e+00 0.000000000000000000e+00
1.000000000000000000e+04 3.999911529188526771e-02 0.000000000000000000e+00 1.000000000000000000e+00 0.000000000000000000e+00 0.000000000000000000e+00 0.000000000000000000e+00
1.025000000000000000e+04 4.099909317418237720e-02 0.000000000000000000e+00 1.000000000000000000e+00 0.000000000000000000e+00 0.000000000000000000e+00 0.000000000000000000e+00
1.050000000000000000e+04 4.199907105647948669e-02 0.000000000000000000e+00 1.000000000000000000e+00 0.000000000000000000e+00 0.000000000000000000e+00 0.000000000000000000e+00
1.075000000000000000e+04 4.299904893877659617e-02 0.000000000000000000e+00 1.000000000000000000e+00 0.000000000000000000e+00 0.000000000000000000e+00 0.000000000000000000e+00
1.100000000000000000e+04 4.399902682107370566e-02 0.000000000000000000e+00 1.000000000000000000e+00 0.000000000000000000e+00 0.000000000000000000e+00 0.000000000000000000e+00
1.125000000000000000e+04 4.499900470337081515e-02 0.000000000000000000e+00 1.000000000000000000e+00 0.000000000000000000e+00 0.000000000000000000e+00 0.000000000000000000e+00
1.150000000000000000e+04 4.599898258566792464e-02 0.000000000000000000e+00 1.000000000000000000e+00 0.000000000000000000e+00 0.000000000000000000e+00 0.000000000000000000e+00
1.175000000000000000e+04 4.699896046796503413e-02 0.000000000000000000e+00 1.000000000000000000e+00 0.000000000000000000e+00 0.000000000000000000e+00 0.000000000000000000e+00
1.200000000000000000e+04 4.799893835026214362e-02 0.000000000000000000e+00 1.000000000000000000e+00 0.000000000000000000e+00 0.000000000000000000e+00 0.000000000000000000e+00
1.225000000000000000e+04 4.899891623255925310e-02 0.000000000000000000e+00 1.000000000000000000e+00 0.000000000000000000e+00 0.000000000000000000e+00 0.000000000000000000e+00
1.250000000000000000e+04 4.999889411485658464e-02 0.000000000000000000e+00 1.000000000000000000e+00 0.000000000000000000e+00 0.000000000000000000e+00 0.000000000000000000e+00
1.275000000000000000e+04 5.099887199715369412e-02 0.000000000000000000e+00 1.000000000000000000e+00 0.000000000000000000e+00 0.000000000000000000e+00 0.000000000000000000e+00
1.300000000000000000e+04 5.199884987945080361e-02 0.000000000000000000e+00 1.000000000000000000e+00 0.000000000000000000e+00 0.000000000000000000e+00 0.000000000000000000e+00
1.325000000000000000e+04 5.299882776174791310e-02 0.000000000000000000e+00 1.000000000000000000e+00 0.000000000000000000e+00 0.000000000000000000e+00 0.000000000000000000e+00
1.350000000000000000e+04 5.399880564404502259e-02 0.000000000000000000e+00 1.000000000000000000e+00 0.000000000000000000e+00 0.000000000000000000e+00 0.000000000000000000e+00
1.375000000000000000e+04 5.499878352634213208e-02 0.000000000000000000e+00 1.000000000000000000e+00 0.000000000000000000e+00 0.000000000000000000e+00 0.000000000000000000e+00
1.400000000000000000e+04 5.599876140863924157e-02 0.000000000000000000e+00 1.000000000000000000e+00 0.000000000000000000e+00 0.000000000000000000e+00 0.000000000000000000e+00
1.425000000000000000e+04 5.699873929093635105e-02 0.000000000000000000e+00 1.000000000000000000e+00 0.000000000000000000e+00 0.000000000000000000e+00 0.000000000000000000e+00
1.450000000000000000e+04 5.799871717323346054e-02 0.000000000000000000e+00 1.000000000000000000e+00 0.000000000000000000e+00 0.000000000000000000e+00 0.000000000000000000e+00
1.475000000000000000e+04 5.899869505553057003e-02 0.000000000000000000e+00 1.000000000000000000e+00 0.000000000000000000e+00 0.000000000000000000e+00 0.000000000000000000e+00
1.500000000000000000e+04 5.999867293782767952e-02 0.000000000000000000e+00 1.000000000000000000e+00 0.000000000000000000e+00 0.000000000000000000e+00 0.000000000000000000e+00
1.525000000000000000e+04 6.099865082012501105e-02 0.000000000000000000e+00 1.000000000000000000e+00 0.000000000000000000e+00 0.000000000000000000e+00 0.000000000000000000e+00
1.550000000000000000e+04 6.199862870242212054e-02 0.000000000000000000e+00 1.000000000000000000e+00 0.000000000000000000e+00 0.000000000000000000e+00 0.000000000000000000e+00
1.575000000000000000e+04 6.299860658471923003e-02 0.000000000000000000e+00 1.000000000000000000e+00 0.000000000000000000e+00 0.000000000000000000e+00 0.000000000000000000e+00
1.600000000000000000e+04 6.399858446701633952e-02 0.000000000000000000e+00 1.000000000000000000e+00 0.000000000000000000e+00 0.000000000000000000e+00 0.000000000000000000e+00
1.625000000000000000e+04 6.499856234931344900e-02 0.000000000000000000e+00 1.000000000000000000e+00 0.000000000000000000e+00 0.000000000000000000e+00 0.000000000000000000e+00
1.650000000000000000e+04 6.599854023161055849e-02 0.000000000000000000e+00 1.000000000000000000e+00 0.000000000000000000e+00 0.000000000000000000e+00 0.000000000000000000e+00
1.675000000000000000e+04 6.699851811390766798e-02 0.000000000000000000e+00 1.000000000000000000e+00 0.000000000000000000e+00 0.000000000000000000e+00 0.000000000000000000e+00
1.700000000000000000e+04 6.799849599620477747e-02 0.000000000000000000e+00 1.000000000000000000e+00 0.000000000000000000e+00 0.000000000000000000e+00 0.000000000000000000e+00
1.725000000000000000e+04 6.899847387850188696e-02 0.000000000000000000e+00 1.000000000000000000e+00 0.000000000000000000e+00 0.000000000000000000e+00 0.000000000000000000e+00
1.750000000000000000e+04 6.999845176079899645e-02 0.000000000000000000e+00 1.000000000000000000e+00 0.000000000000000000e+00 0.000000000000000000e+00 0.000000000000000000e+00
1.775000000000000000e+04 7.099842964309610593e-02 0.000000000000000000e+00 1.000000000000000000e+00 0.000000000000000000e+00 0.000000000000000000e+00 0.000000000000000000e+00
1.800000000000000000e+04 7.199840752539321542e-02 0.000000000000000000e+00 1.000000000000000000e+00 0.000000000000000000e+00 0.000000000000000000e+00 0.000000000000000000e+00
1.825000000000000000e+04 7.299838540769054696e-02 0.000000000000000000e+00 1.000000000000000000e+00 0.000000000000000000e+00 0.000000000000000000e+00 0.000000000000000000e+00
1.850000000000000000e+04 7.399836328998765644e-02 0.000000000000000000e+00 1.000000000000000000e+00 0.000000000000000000e+00 0.000000000000000000e+00 0.000000000000000000e+00
1.875000000000000000e+04 7.499834117228476593e-02 0.000000000000000000e+00 1.000000000000000000e+00 0.000000000000000000e+00 0.000000000000000000e+00 0.000000000000000000e+00
1.900000000000000000e+04 7.599831905458187542e-02 4.551661356395084266e-04 9.995448338643604380e-01 0.000000000000000000e+00 0.000000000000000000e+00 0.000000000000000000e+00
1.925000000000000000e+04 7.699829693687898491e-02 5.689576695493854790e-04 9.994310423304506585e-01 0.000000000000000000e+00 0.000000000000000000e+00 0.000000000000000000e+00
1.950000000000000000e+04 7.799827481917609440e-02 4.551661356395084266e-04 9.995448338643604380e-01 0.000000000000000000e+00 0.000000000000000000e+00 0.000000000000000000e+00
1.975000000000000000e+04 7.899825270147320389e-02 5.689576695493854790e-04 9.994310423304506585e-01 0.000000000000000000e+00 0.000000000000000000e+00 0.000000000000000000e+00
2.000000000000000000e+04 7.999823058377031337e-02 0.000000000000000000e+00 1.000000000000000000e+00 0.000000000000000000e+00 0.000000000000000000e+00 0.000000000000000000e+00
2.025000000000000000e+04 8.099820846606742286e-02 6.827492034592626399e-04 9.993172507965407680e-01 0.000000000000000000e+00 0.000000000000000000e+00 0.000000000000000000e+00
2.050000000000000000e+04 8.199818634836453235e-02 3.413746017296313199e-04 9.995448338643604380e-01 0.000000000000000000e+00 1.137915339098771066e-04 0.000000000000000000e+00
2.075000000000000000e+04 8.299816423066164184e-02 2.275830678197542133e-04 9.997724169321802190e-01 0.000000000000000000e+00 0.000000000000000000e+00 0.000000000000000000e+00
2.100000000000000000e+04 8.399814211295897337e-02 1.137915339098771066e-04 9.998862084660901095e-01 0.000000000000000000e+00 0.000000000000000000e+00 0.000000000000000000e+00
2.125000000000000000e+04 8.499811999525608286e-02 1.137915339098771066e-04 9.998862084660901095e-01 0.000000000000000000e+00 0.000000000000000000e+00 0.000000000000000000e+00
2.150000000000000000e+04 8.599809787755319235e-02 7.965407373691396923e-04 9.992034592626308775e-01 0.000000000000000000e+00 0.000000000000000000e+00 0.000000000000000000e+00
2.175000000000000000e+04 8.699807575985030184e-02 9.103322712790168532e-04 9.990896677287209870e-01 0.000000000000000000e+00 0.000000000000000000e+00 0.000000000000000000e+00
2.200000000000000000e+04 8.799805364214741132e-02 9.103322712790168532e-04 9.990896677287209870e-01 0.000000000000000000e+00 0.000000000000000000e+00 0.000000000000000000e+00
2.225000000000000000e+04 8.899803152444452081e-02 4.551661356395084266e-04 9.995448338643604380e-01 0.000000000000000000e+00 0.000000000000000000e+00 0.000000000000000000e+00
2.250000000000000000e+04 8.999800940674163030e-02 0.000000000000000000e+00 1.000000000000000000e+00 0.000000000000000000e+00 0.000000000000000000e+00 0.000000000000000000e+00
2.275000000000000000e+04 9.099798728903873979e-02 7.965407373691396923e-04 9.990896677287209870e-01 0.000000000000000000e+00 1.137915339098771066e-04 0.000000000000000000e+00
2.300000000000000000e+04 9.199796517133584928e-02 9.103322712790168532e-04 9.988620846609012061e-01 0.000000000000000000e+00 2.275830678197542133e-04 0.000000000000000000e+00
2.325000000000000000e+04 9.299794305363295877e-02 1.706873008648156654e-03 9.982931269913518646e-01 0.000000000000000000e+00 0.000000000000000000e+00 0.000000000000000000e+00
2.350000000000000000e+04 9.399792093593006825e-02 1.365498406918525280e-03 9.986345015930814251e-01 0.000000000000000000e+00 0.000000000000000000e+00 0.000000000000000000e+00
2.375000000000000000e+04 9.499789881822739979e-02 1.365498406918525280e-03 9.986345015930814251e-01 0.000000000000000000e+00 0.000000000000000000e+00 0.000000000000000000e+00
2.400000000000000000e+04 9.599787670052450927e-02 1.479289940828402332e-03 9.984069185252617551e-01 0.000000000000000000e+00 1.137915339098771066e-04 0.000000000000000000e+00
2.425000000000000000e+04 9.699785458282161876e-02 1.024123805188893906e-03 9.989758761948110966e-01 0.000000000000000000e+00 0.000000000000000000e+00 0.000000000000000000e+00
2.450000000000000000e+04 9.799783246511872825e-02 3.982703686845699004e-03 9.956759217114247162e-01 0.000000000000000000e+00 3.413746017296313199e-04 0.000000000000000000e+00
2.475000000000000000e+04 9.899781034741583774e-02 1.251706873008648227e-03 9.987482931269913156e-01 0.000000000000000000e+00 0.000000000000000000e+00 0.000000000000000000e+00
2.500000000000000000e+04 9.999778822971294723e-02 3.299954483386436255e-03 9.965862539827037292e-01 0.000000000000000000e+00 1.137915339098771066e-04 0.000000000000000000e+00
2.525000000000000000e+04 1.009977661120100567e-01 2.389622212107419402e-03 9.972690031861629611e-01 0.000000000000000000e+00 3.413746017296313199e-04 0.000000000000000000e+00
2.550000000000000000e+04 1.019977439943071662e-01 4.665452890304961318e-03 9.952207555757851543e-01 0.000000000000000000e+00 1.137915339098771066e-04 0.000000000000000000e+00
2.575000000000000000e+04 1.029977218766042757e-01 5.348202093764223633e-03 9.937414656349567998e-01 0.000000000000000000e+00 9.103322712790168532e-04 0.000000000000000000e+00
2.600000000000000000e+04 1.039976997589013852e-01 4.665452890304961318e-03 9.952207555757851543e-01 0.000000000000000000e+00 1.137915339098771066e-04 0.000000000000000000e+00
2.625000000000000000e+04 1.049976776411984947e-01 7.396449704142011444e-03 9.919208010923987739e-01 0.000000000000000000e+00 6.827492034592626399e-04 0.000000000000000000e+00
2.650000000000000000e+04 1.059976555234958262e-01 4.096495220755575623e-03 9.956759217114247162e-01 0.000000000000000000e+00 2.275830678197542133e-04 0.000000000000000000e+00
2.675000000000000000e+04 1.069976334057929357e-01 8.534365043240782836e-03 9.910104688211197610e-01 0.000000000000000000e+00 4.551661356395084266e-04 0.000000000000000000e+00
2.700000000000000000e+04 1.079976112880900452e-01 1.331360946745562164e-02 9.833864360491579859e-01 0.000000000000000000e+00 3.299954483386436255e-03 0.000000000000000000e+00
2.725000000000000000e+04 1.089975891703871547e-01 3.129267182521620200e-02 9.467455621301774649e-01 0.000000000000000000e+00 2.196176604460628110e-02 0.000000000000000000e+00
2.750000000000000000e+04 1.099975670526842642e-01 1.107191624943104219e-01 4.263768775603095085e-01 0.000000000000000000e+00 4.629039599453800835e-01 0.000000000000000000e+00
2.775000000000000000e+04 1.109975449349813736e-01 1.726217569412835662e-01 4.662039144287665193e-01 2.401001365498407064e-02 3.371643149749658508e-01 0.000000000000000000e+00
2.800000000000000000e+04 1.119975228172784831e-01 2.349795175238962308e-01 5.290168411470186349e-01 2.059626763768775681e-01 3.004096495220755572e-02 0.000000000000000000e+00
2.825000000000000000e+04 1.129975006995755926e-01 1.992489758761948060e-01 6.182294037323623481e-01 1.661356395084205850e-01 1.638598088302230249e-02 0.000000000000000000e+00
2.850000000000000000e+04 1.139974785818727021e-01 1.169776968593536637e-01 6.824078288575330387e-01 1.847974510696404060e-01 1.581702321347291593e-02 0.000000000000000000e+00
2.875000000000000000e+04 1.149974564641698116e-01 9.547109695038688559e-02 6.886663632225762388e-01 2.023213472917614886e-01 1.354119253527537488e-02 0.000000000000000000e+00
2.900000000000000000e+04 1.159974343464669211e-01 9.717796995903504875e-02 6.877560309512972259e-01 2.010696404187528319e-01 1.399635867091488309e-02 0.000000000000000000e+00
2.925000000000000000e+04 1.169974122287642526e-01 8.693673190714611143e-02 6.887801547564861293e-01 2.119936276741010428e-01 1.228948566226672687e-02 0.000000000000000000e+00
2.950000000000000000e+04 1.179973901110613621e-01 8.238507055075101893e-02 6.890077378243059103e-01 2.158625398270368756e-01 1.274465179790623508e-02 0.000000000000000000e+00
2.975000000000000000e+04 1.189973679933584716e-01 8.238507055075101893e-02 6.923076923076922906e-01 2.149522075557578626e-01 1.035502958579881741e-02 0.000000000000000000e+00
3.000000000000000000e+04 1.199973458756555811e-01 7.760582612653618706e-02 6.919663177059627301e-01 2.189349112426035582e-01 1.149294492489758707e-02 0.000000000000000000e+00
3.025000000000000000e+04 1.209973237579526906e-01 7.146108329540282189e-02 6.936731907146108655e-01 2.241693218024579104e-01 1.069640418752844727e-02 0.000000000000000000e+00
3.050000000000000000e+04 1.219973016402498001e-01 6.850250341374601593e-02 6.945835229858898785e-01 2.271279016841147025e-01 9.786071916249430847e-03 0.000000000000000000e+00
3.075000000000000000e+04 1.229972795225469095e-01 6.725079654073737312e-02 6.952662721893491105e-01 2.270141101502048120e-01 1.046882111970869403e-02 0.000000000000000000e+00
3.100000000000000000e+04 1.239972574048440190e-01 6.588529813381883982e-02 6.960628129267182329e-01 2.287209831588529751e-01 9.330905780609922637e-03 0.000000000000000000e+00
3.125000000000000000e+04 1.249972352871411285e-01 6.486117432862995025e-02 6.974283113336368078e-01 2.273554847519344557e-01 1.035502958579881741e-02 0.000000000000000000e+00
3.150000000000000000e+04 1.259972131694382380e-01 6.577150659990896320e-02 6.964041875284479044e-01 2.270141101502048120e-01 1.081019572143832562e-02 0.000000000000000000e+00
3.175000000000000000e+04 1.269971910517353475e-01 6.656804733727811341e-02 6.957214383249886724e-01 2.261037778789257990e-01 1.160673645880746542e-02 0.000000000000000000e+00
3.200000000000000000e+04 1.279971689340326790e-01 6.554392353208920996e-02 6.962903959945380139e-01 2.275830678197542090e-01 1.058261265361857065e-02 0.000000000000000000e+00
3.225000000000000000e+04 1.289971468163297885e-01 6.508875739644970349e-02 6.964041875284479044e-01 2.275830678197542090e-01 1.092398725534820224e-02 0.000000000000000000e+00
3.250000000000000000e+04 1.299971246986268980e-01 6.486117432862995025e-02 6.976558944014564778e-01 2.284934000910332219e-01 8.989531178880291046e-03 0.000000000000000000e+00
3.275000000000000000e+04 1.309971025809240075e-01 6.668183887118799003e-02 6.977696859353663683e-01 2.261037778789257990e-01 9.444697314519799256e-03 0.000000000000000000e+00
3.300000000000000000e+04 1.319970804632211170e-01 6.383705052344106068e-02 6.989076012744651623e-01 2.270141101502048120e-01 1.024123805188893906e-02 0.000000000000000000e+00
3.325000000000000000e+04 1.329970583455182265e-01 6.451979972690032039e-02 6.973145197997269173e-01 2.239417387346381294e-01 1.422394173873463806e-02 0.000000000000000000e+00
3.350000000000000000e+04 1.339970362278153360e-01 6.258534365043240399e-02 6.977696859353663683e-01 2.261037778789257990e-01 1.354119253527537488e-02 0.000000000000000000e+00
3.375000000000000000e+04 1.349970141101124455e-01 6.451979972690032039e-02 6.985662266727356018e-01 2.237141556668183762e-01 1.319981793354574502e-02 0.000000000000000000e+00
3.400000000000000000e+04 1.359969919924095549e-01 6.224396904870277414e-02 6.982248520710059303e-01 2.250796540737369233e-01 1.445152480655439303e-02 0.000000000000000000e+00
3.425000000000000000e+04 1.369969698747066644e-01 6.338188438780155420e-02 7.005006827492034072e-01 2.238279472007282667e-01 1.228948566226672687e-02 0.000000000000000000e+00
3.450000000000000000e+04 1.379969477570037739e-01 6.315430131998178709e-02 6.981110605370960398e-01 2.243969048702776636e-01 1.433773327264451468e-02 0.000000000000000000e+00
3.475000000000000000e+04 1.389969256393011054e-01 6.372325898953118406e-02 6.970869367319071364e-01 2.253072371415566766e-01 1.388256713700500647e-02 0.000000000000000000e+00
3.500000000000000000e+04 1.399969035215982149e-01 6.269913518434228061e-02 7.012972234865726406e-01 2.222348657259899940e-01 1.376877560309512985e-02 0.000000000000000000e+00
3.525000000000000000e+04 1.409968814038953244e-01 6.508875739644970349e-02 7.181383705052344357e-01 2.040282203004096517e-01 1.274465179790623508e-02 0.000000000000000000e+00
3.550000000000000000e+04 1.419968592861924339e-01 6.360946745562130744e-02 7.925580336822940497e-01 1.368912152935821691e-01 6.941283568502503235e-03 0.000000000000000000e+00
3.575000000000000000e+04 1.429968371684895434e-01 6.008192990441511144e-02 7.965407373691397730e-01 1.354119253527537592e-01 7.965407373691398007e-03 0.000000000000000000e+00
3.600000000000000000e+04 1.439968150507866529e-01 5.894401456531633832e-02 7.947200728265817471e-01 1.380291306326809353e-01 8.306781975421027864e-03 0.000000000000000000e+00
3.625000000000000000e+04 1.449967929330837624e-01 5.723714155666818210e-02 7.948338643604915266e-01 1.415566681838871244e-01 6.372325898953117539e-03 0.000000000000000000e+00
3.650000000000000000e+04 1.459967708153808719e-01 5.826126536185707860e-02 7.906235776058261333e-01 1.429221665908056438e-01 8.192990441511151245e-03 0.000000000000000000e+00
3.675000000000000000e+04 1.469967486976779814e-01 5.905780609922621494e-02 7.908511606736459143e-01 1.436049157942649035e-01 6.486117432862995025e-03 0.000000000000000000e+00
3.700000000000000000e+04 1.479967265799750908e-01 5.461993627674101293e-02 7.955166135639508695e-01 1.429221665908056438e-01 6.941283568502503235e-03 0.000000000000000000e+00
3.725000000000000000e+04 1.489967044622722003e-01 5.518889394629039602e-02 7.898270368684570109e-01 1.478152025489303523e-01 7.168866636322257339e-03 0.000000000000000000e+00
3.750000000000000000e+04 1.499966823445695319e-01 5.234410559854346667e-02 7.894856622667273394e-01 1.492944924897587622e-01 8.875739644970414427e-03 0.000000000000000000e+00
3.775000000000000000e+04 1.509966602268666414e-01 5.427856167501137613e-02 7.831133363677742487e-01 1.544151115157032239e-01 8.192990441511151245e-03 0.000000000000000000e+00
3.800000000000000000e+04 1.519966381091637508e-01 5.712335002275830548e-02 7.792444242148384159e-01 1.570323167956304000e-01 6.599908966772872511e-03 0.000000000000000000e+00
3.825000000000000000e+04 1.529966159914608603e-01 6.008192990441511144e-02 7.740100136549841192e-01 1.604460628129267263e-01 5.461993627674101119e-03 0.000000000000000000e+00
3.850000000000000000e+04 1.539965938737579698e-01 5.746472462448793533e-02 7.811788802913063323e-01 1.538461538461538547e-01 7.510241238051888930e-03 0.000000000000000000e+00
3.875000000000000000e+04 1.549965717560550793e-01 5.382339553937186966e-02 7.944924897587619661e-01 1.442876649977241632e-01 7.396449704142011444e-03 0.000000000000000000e+00
3.900000000000000000e+04 1.559965496383521888e-01 5.484751934456076616e-02 7.865270823850705195e-01 1.499772416932180219e-01 8.648156577150659455e-03 0.000000000000000000e+00
3.925000000000000000e+04 1.569965275206492983e-01 5.314064633591260994e-02 7.861857077833409591e-01 1.502048247610377751e-01 1.046882111970869403e-02 0.000000000000000000e+00
3.950000000000000000e+04 1.579965054029464078e-01 5.405097860719162289e-02 7.880063723258989850e-01 1.496358670914884059e-01 8.306781975421027864e-03 0.000000000000000000e+00
3.975000000000000000e+04 1.589964832852435173e-01 5.075102412380518707e-02 7.811788802913063323e-01 1.579426490669094130e-01 1.012744651797906244e-02 0.000000000000000000e+00
4.000000000000000000e+04 1.599964611675406267e-01 5.279927173418298009e-02 7.817478379608556738e-01 1.563495675921711403e-01 9.103322712790167665e-03 0.000000000000000000e+00
4.025000000000000000e+04 1.609964390498379583e-01 5.746472462448793533e-02 7.832271279016841392e-01 1.533909877105143482e-01 5.917159763313609329e-03 0.000000000000000000e+00
4.050000000000000000e+04 1.619964169321350678e-01 5.678197542102867562e-02 7.798133818843877574e-01 1.549840691852526209e-01 8.420573509330906217e-03 0.000000000000000000e+00
4.075000000000000000e+04 1.629963948144321773e-01 5.826126536185707860e-02 7.751479289940828021e-01 1.581702321347291662e-01 8.420573509330906217e-03 0.000000000000000000e+00
4.100000000000000000e+04 1.639963726967292867e-01 5.439235320892125969e-02 7.814064633591261133e-01 1.539599453800637174e-01 1.024123805188893906e-02 0.000000000000000000e+00
4.125000000000000000e+04 1.649963505790263962e-01 5.939918070095585173e-02 7.741238051888938987e-01 1.590805644060081792e-01 7.396449704142011444e-03 0.000000000000000000e+00
4.150000000000000000e+04 1.659963284613235057e-01 5.791989076012744875e-02 7.765134274010013771e-01 1.588529813381884259e-01 6.713700500682749130e-03 0.000000000000000000e+00
4.175000000000000000e+04 1.669963063436206152e-01 6.133363677742376119e-02 7.719617660446063123e-01 1.590805644060081792e-01 7.624032771961766417e-03 0.000000000000000000e+00
4.200000000000000000e+04 1.679962842259177247e-01 5.700955848884842886e-02 7.760582612653618151e-01 1.609012289485662328e-01 6.030951297223486815e-03 0.000000000000000000e+00
4.225000000000000000e+04 1.689962621082148342e-01 5.712335002275830548e-02 7.715065999089667503e-01 1.648839326354119283e-01 6.486117432862995025e-03 0.000000000000000000e+00
4.250000000000000000e+04 1.699962399905119437e-01 5.791989076012744875e-02 7.716203914428766408e-01 1.640873918980427781e-01 6.372325898953117539e-03 0.000000000000000000e+00
4.275000000000000000e+04 1.709962178728090532e-01 5.575785161583977911e-02 7.708238507055075184e-01 1.663632225762403383e-01 7.055075102412380721e-03 0.000000000000000000e+00
4.300000000000000000e+04 1.719961957551063847e-01 6.133363677742376119e-02 7.680928538916704795e-01 1.636322257624032717e-01 6.941283568502503235e-03 0.000000000000000000e+00
4.325000000000000000e+04 1.729961736374034942e-01 5.974055530268548159e-02 7.646791078743740977e-01 1.696631770596267741e-01 5.917159763313609329e-03 0.000000000000000000e+00
4.350000000000000000e+04 1.739961515197006037e-01 5.814747382794720199e-02 7.678652708238506985e-01 1.692080109239872676e-01 4.779244424214838804e-03 0.000000000000000000e+00
4.375000000000000000e+04 1.749961294019977132e-01 6.065088757396449454e-02 7.591033227127901295e-01 1.737596722803823324e-01 6.486117432862995025e-03 0.000000000000000000e+00
4.400000000000000000e+04 1.759961072842948226e-01 6.178880291306326766e-02 7.603550295857988139e-01 1.704597177969958965e-01 7.396449704142011444e-03 0.000000000000000000e+00
4.425000000000000000e+04 1.769960851665919321e-01 5.894401456531633832e-02 7.567137005006827621e-01 1.779699590350477811e-01 6.372325898953117539e-03 0.000000000000000000e+00
4.450000000000000000e+04 1.779960630488890416e-01 6.144742831133363781e-02 7.587619481110605690e-01 1.738734638142922229e-01 5.917159763313609329e-03 0.000000000000000000e+00
4.475000000000000000e+04 1.789960409311861511e-01 6.258534365043240399e-02 7.593309057806099105e-01 1.711424670004551563e-01 6.941283568502503235e-03 0.000000000000000000e+00
4.500000000000000000e+04 1.799960188134832606e-01 6.474738279472007363e-02 7.661583978152025631e-01 1.615839781520254925e-01 7.510241238051888930e-03 0.000000000000000000e+00
4.525000000000000000e+04 1.809959966957803701e-01 6.474738279472007363e-02 8.456986800182066943e-01 8.409194355939918208e-02 5.461993627674101119e-03 0.000000000000000000e+00
4.550000000000000000e+04 1.819959745780774796e-01 5.609922621756941591e-02 8.744879380974055483e-01 6.497496586253982687e-02 4.437869822485207214e-03 0.000000000000000000e+00
4.575000000000000000e+04 1.829959524603748111e-01 5.109239872553481693e-02 8.736913973600364258e-01 6.929904415111515226e-02 5.917159763313609329e-03 0.000000000000000000e+00
4.600000000000000000e+04 1.839959303426719206e-01 4.449248975876194528e-02 8.806326809285389690e-01 6.895766954938552240e-02 5.917159763313609329e-03 0.000000000000000000e+00
4.625000000000000000e+04 1.849959082249690301e-01 4.722348657259899801e-02 8.733500227583067543e-01 7.373691397360036814e-02 5.689576695493855224e-03 0.000000000000000000e+00
4.650000000000000000e+04 1.859958861072661396e-01 4.324078288575330248e-02 8.702776513427401550e-01 7.794720072826581692e-02 8.534365043240782836e-03 0.000000000000000000e+00
4.675000000000000000e+04 1.869958639895632491e-01 4.619936276741010150e-02 8.667501137915338827e-01 8.204369594902138907e-02 5.006827492034592909e-03 0.000000000000000000e+00
4.700000000000000000e+04 1.879958418718603586e-01 4.722348657259899801e-02 8.541192535275375919e-01 9.239872553482020301e-02 6.258534365043240920e-03 0.000000000000000000e+00
4.725000000000000000e+04 1.889958197541574680e-01 4.688211197086936816e-02 8.460400546199362548e-01 1.002503413746017313e-01 6.827492034592626616e-03 0.000000000000000000e+00
4.750000000000000000e+04 1.899957976364545775e-01 4.756486117432862787e-02 8.322712790168411701e-01 1.135639508420573512e-01 6.599908966772872511e-03 0.000000000000000000e+00
4.775000000000000000e+04 1.909957755187516870e-01 4.699590350477924477e-02 8.319299044151114986e-01 1.148156577150659940e-01 6.258534365043240920e-03 0.000000000000000000e+00
4.800000000000000000e+04 1.919957534010487965e-01 4.836140191169777114e-02 8.263541192535275304e-01 1.181156121984524299e-01 7.168866636322257339e-03 0.000000000000000000e+00
4.825000000000000000e+04 1.929957312833459060e-01 4.836140191169777114e-02 8.271506599908966528e-01 1.175466545289030468e-01 6.941283568502503235e-03 0.000000000000000000e+00
4.850000000000000000e+04 1.939957091656432375e-01 4.528903049613108855e-02 8.270368684569867623e-01 1.201638598088302229e-01 7.510241238051888930e-03 0.000000000000000000e+00
4.875000000000000000e+04 1.949956870479403470e-01 4.813381884387801790e-02 8.227127901684114786e-01 1.206190259444697294e-01 8.534365043240782836e-03 0.000000000000000000e+00
4.900000000000000000e+04 1.959956649302374565e-01 4.847519344560764776e-02 8.257851615839781889e-01 1.185707783340919502e-01 7.168866636322257339e-03 0.000000000000000000e+00
4.925000000000000000e+04 1.969956428125345660e-01 4.631315430131998506e-02 8.263541192535275304e-01 1.186845698680018268e-01 8.648156577150659455e-03 0.000000000000000000e+00
4.950000000000000000e+04 1.979956206948316755e-01 4.790623577605826466e-02 8.240782885753299425e-01 1.201638598088302229e-01 7.851615839781519654e-03 0.000000000000000000e+00
4.975000000000000000e+04 1.989955985771287850e-01 4.733727810650887463e-02 8.221438324988621371e-01 1.228948566226672756e-01 7.624032771961766417e-03 0.000000000000000000e+00
5.000000000000000000e+04 1.999955764594258945e-01 4.585798816568047165e-02 8.252162039144287364e-01 1.210741920801092358e-01 7.851615839781519654e-03 0.000000000000000000e+00
5.025000000000000000e+04 2.009955543417230039e-01 4.767865270823850449e-02 8.223714155666818071e-01 1.234638142922166587e-01 6.486117432862995025e-03 0.000000000000000000e+00
5.050000000000000000e+04 2.019955322240201134e-01 4.813381884387801790e-02 8.229403732362312596e-01 1.218707328174783860e-01 7.055075102412380721e-03 0.000000000000000000e+00
5.075000000000000000e+04 2.029955101063172229e-01 4.676832043695949154e-02 8.235093309057806010e-01 1.218707328174783860e-01 7.851615839781519654e-03 0.000000000000000000e+00
5.100000000000000000e+04 2.039954879886143324e-01 4.858898497951752438e-02 8.221438324988621371e-01 1.207328174783796060e-01 8.534365043240782836e-03 0.000000000000000000e+00
5.125000000000000000e+04 2.049954658709116639e-01 4.870277651342740100e-02 8.192990441511152078e-01 1.233500227583067821e-01 8.648156577150659455e-03 0.000000000000000000e+00
5.150000000000000000e+04 2.059954437532087734e-01 4.915794264906690747e-02 8.195266272189348777e-01 1.232362312243969055e-01 8.079198907601274626e-03 0.000000000000000000e+00
5.175000000000000000e+04 2.069954216355058829e-01 4.517523896222121194e-02 8.221438324988621371e-01 1.235776058261265353e-01 9.103322712790167665e-03 0.000000000000000000e+00
5.200000000000000000e+04 2.079953995178029924e-01 4.665452890304961492e-02 8.195266272189348777e-01 1.249431042330450548e-01 8.875739644970414427e-03 0.000000000000000000e+00
5.225000000000000000e+04 2.089953774001001019e-01 4.665452890304961492e-02 8.197542102867546587e-01 1.249431042330450548e-01 8.648156577150659455e-03 0.000000000000000000e+00
5.250000000000000000e+04 2.099953552823972114e-01 4.517523896222121194e-02 8.214610832954027941e-01 1.226672735548475224e-01 1.069640418752844727e-02 0.000000000000000000e+00
5.275000000000000000e+04 2.109953331646943209e-01 5.086481565771506369e-02 8.182749203459263043e-01 1.232362312243969055e-01 7.624032771961766417e-03 0.000000000000000000e+00
5.300000000000000000e+04 2.119953110469914304e-01 4.881656804733727761e-02 8.183887118798361948e-01 1.243741465634956717e-01 8.420573509330906217e-03 0.000000000000000000e+00
5.325000000000000000e+04 2.129952889292885398e-01 4.915794264906690747e-02 8.183887118798361948e-01 1.246017296313154249e-01 7.851615839781519654e-03 0.000000000000000000e+00
5.350000000000000000e+04 2.139952668115856493e-01 4.927173418297678409e-02 8.210059171597633432e-01 1.218707328174783860e-01 7.851615839781519654e-03 0.000000000000000000e+00
5.375000000000000000e+04 2.149952446938827588e-01 4.722348657259899801e-02 8.204369594902138907e-01 1.232362312243969055e-01 9.103322712790167665e-03 0.000000000000000000e+00
5.400000000000000000e+04 2.159952225761798683e-01 5.029585798816568060e-02 8.179335457441966328e-01 1.242603550295857950e-01 7.510241238051888930e-03 0.000000000000000000e+00
5.425000000000000000e+04 2.169952004584771998e-01 4.927173418297678409e-02 8.163404642694583879e-01 1.256258534365043145e-01 8.761948111060537808e-03 0.000000000000000000e+00
5.450000000000000000e+04 2.179951783407743093e-01 4.551661356395084179e-02 8.188438780154756458e-01 1.259672280382339582e-01 9.672280382339554228e-03 0.000000000000000000e+00
5.475000000000000000e+04 2.189951562230714188e-01 4.756486117432862787e-02 8.196404187528447682e-01 1.232362312243969055e-01 9.558488848429677609e-03 0.000000000000000000e+00
5.500000000000000000e+04 2.199951341053685283e-01 4.904415111515703085e-02 8.159990896677287164e-01 1.252844788347746985e-01 9.672280382339554228e-03 0.000000000000000000e+00
5.525000000000000000e+04 2.209951119876656378e-01 5.029585798816568060e-02 8.173645880746472914e-01 1.252844788347746985e-01 7.055075102412380721e-03 0.000000000000000000e+00
5.550000000000000000e+04 2.219950898699627473e-01 4.938552571688666071e-02 8.149749658625398130e-01 1.258534365043240677e-01 9.786071916249430847e-03 0.000000000000000000e+00
5.575000000000000000e+04 2.229950677522598568e-01 4.563040509786071841e-02 8.208921256258534527e-01 1.241465634956759184e-01 9.330905780609922637e-03 0.000000000000000000e+00
5.600000000000000000e+04 2.239950456345569663e-01 4.528903049613108855e-02 8.219162494310423561e-01 1.236913973600364119e-01 9.103322712790167665e-03 0.000000000000000000e+00
5.625000000000000000e+04 2.249950235168540758e-01 4.733727810650887463e-02 8.191852526172053173e-01 1.234638142922166587e-01 1.001365498406918582e-02 0.000000000000000000e+00
5.650000000000000000e+04 2.259950013991511852e-01 4.802002730996814128e-02 8.164542558033682784e-01 1.280154756486117373e-01 7.510241238051888930e-03 0.000000000000000000e+00
5.675000000000000000e+04 2.269949792814482947e-01 5.587164314974965573e-02 8.129267182521620061e-01 1.255120619025944517e-01 5.689576695493855224e-03 0.000000000000000000e+00
