# itime ezz other fcc hcp bcc ico
0.000000000000000000e+00 0.000000000000000000e+00 0.000000000000000000e+00 1.000000000000000000e+00 0.000000000000000000e+00 0.000000000000000000e+00 0.000000000000000000e+00
5.000000000000000000e+02 1.999990447863808640e-03 0.000000000000000000e+00 1.000000000000000000e+00 0.000000000000000000e+00 0.000000000000000000e+00 0.000000000000000000e+00
1.000000000000000000e+03 3.999980895727617280e-03 0.000000000000000000e+00 1.000000000000000000e+00 0.000000000000000000e+00 0.000000000000000000e+00 0.000000000000000000e+00
1.500000000000000000e+03 5.999971343591425921e-03 0.000000000000000000e+00 1.000000000000000000e+00 0.000000000000000000e+00 0.000000000000000000e+00 0.000000000000000000e+00
2.000000000000000000e+03 7.999961791455234561e-03 0.000000000000000000e+00 1.000000000000000000e+00 0.000000000000000000e+00 0.000000000000000000e+00 0.000000000000000000e+00
2.500000000000000000e+03 9.999952239319043201e-03 0.000000000000000000e+00 1.000000000000000000e+00 0.000000000000000000e+00 0.000000000000000000e+00 0.000000000000000000e+00
3.000000000000000000e+03 1.199994268718285184e-02 0.000000000000000000e+00 1.000000000000000000e+00 0.000000000000000000e+00 0.000000000000000000e+00 0.000000000000000000e+00
3.500000000000000000e+03 1.399993313504666048e-02 0.000000000000000000e+00 1.000000000000000000e+00 0.000000000000000000e+00 0.000000000000000000e+00 0.000000000000000000e+00
4.000000000000000000e+03 1.599992358291046912e-02 0.000000000000000000e+00 1.000000000000000000e+00 0.000000000000000000e+00 0.000000000000000000e+00 0.000000000000000000e+00
4.500000000000000000e+03 1.799991403077427776e-02 0.000000000000000000e+00 1.000000000000000000e+00 0.000000000000000000e+00 0.000000000000000000e+00 0.000000000000000000e+00
5.000000000000000000e+03 1.999990447863808640e-02 0.000000000000000000e+00 1.000000000000000000e+00 0.000000000000000000e+00 0.000000000000000000e+00 0.000000000000000000e+00
5.500000000000000000e+03 2.199989492650189504e-02 0.000000000000000000e+00 1.000000000000000000e+00 0.000000000000000000e+00 0.000000000000000000e+00 0.000000000000000000e+00
6.000000000000000000e+03 2.399988537436570368e-02 0.000000000000000000e+00 1.000000000000000000e+00 0.000000000000000000e+00 0.000000000000000000e+00 0.000000000000000000e+00
6.500000000000000000e+03 2.599987582222951232e-02 0.000000000000000000e+00 1.000000000000000000e+00 0.000000000000000000e+00 0.000000000000000000e+00 0.000000000000000000e+00
7.000000000000000000e+03 2.799986627009309892e-02 0.000000000000000000e+00 1.000000000000000000e+00 0.000000000000000000e+00 0.000000000000000000e+00 0.000000000000000000e+00
7.500000000000000000e+03 2.999985671795690756e-02 0.000000000000000000e+00 1.000000000000000000e+00 0.000000000000000000e+00 0.000000000000000000e+00 0.000000000000000000e+00
8.000000000000000000e+03 3.199984716582071620e-02 0.000000000000000000e+00 1.000000000000000000e+00 0.000000000000000000e+00 0.000000000000000000e+00 0.000000000000000000e+00
8.500000000000000000e+03 3.399983761368452484e-02 0.000000000000000000e+00 1.000000000000000000e+00 0.000000000000000000e+00 0.000000000000000000e+00 0.000000000000000000e+00
9.000000000000000000e+03 3.599982806154833348e-02 0.000000000000000000e+00 1.000000000000000000e+00 0.000000000000000000e+00 0.000000000000000000e+00 0.000000000000000000e+00
9.500000000000000000e+03 3.799981850941214212e-02 0.000000000000000000e+00 1.000000000000000000e+00 0.000000000000000000e+00 0.000000000000000000e+00 0.000000000000000000e+00
1.000000000000000000e+04 3.999980895727595076e-02 0.000000000000000000e+00 1.000000000000000000e+00 0.000000000000000000e+00 0.000000000000000000e+00 0.000000000000000000e+00
1.050000000000000000e+04 4.199979940513975940e-02 0.000000000000000000e+00 1.000000000000000000e+00 0.000000000000000000e+00 0.000000000000000000e+00 0.000000000000000000e+00
1.100000000000000000e+04 4.399978985300356804e-02 0.000000000000000000e+00 1.000000000000000000e+00 0.000000000000000000e+00 0.000000000000000000e+00 0.000000000000000000e+00
1.150000000000000000e+04 4.599978030086737668e-02 0.000000000000000000e+00 1.000000000000000000e+00 0.000000000000000000e+00 0.000000000000000000e+00 0.000000000000000000e+00
1.200000000000000000e+04 4.799977074873118532e-02 0.000000000000000000e+00 1.000000000000000000e+00 0.000000000000000000e+00 0.000000000000000000e+00 0.000000000000000000e+00
1.250000000000000000e+04 4.999976119659499396e-02 0.000000000000000000e+00 1.000000000000000000e+00 0.000000000000000000e+00 0.000000000000000000e+00 0.000000000000000000e+00
1.300000000000000000e+04 5.199975164445880260e-02 0.000000000000000000e+00 1.000000000000000000e+00 0.000000000000000000e+00 0.000000000000000000e+00 0.000000000000000000e+00
1.350000000000000000e+04 5.399974209232261124e-02 0.000000000000000000e+00 1.000000000000000000e+00 0.000000000000000000e+00 0.000000000000000000e+00 0.000000000000000000e+00
1.400000000000000000e+04 5.599973254018641988e-02 0.000000000000000000e+00 1.000000000000000000e+00 0.000000000000000000e+00 0.000000000000000000e+00 0.000000000000000000e+00
1.450000000000000000e+04 5.799972298805022852e-02 0.000000000000000000e+00 1.000000000000000000e+00 0.000000000000000000e+00 0.000000000000000000e+00 0.000000000000000000e+00
1.500000000000000000e+04 5.999971343591403716e-02 0.000000000000000000e+00 1.000000000000000000e+00 0.000000000000000000e+00 0.000000000000000000e+00 0.000000000000000000e+00
1.550000000000000000e+04 6.199970388377784580e-02 0.000000000000000000e+00 1.000000000000000000e+00 0.000000000000000000e+00 0.000000000000000000e+00 0.000000000000000000e+00
1.600000000000000000e+04 6.399969433164165444e-02 0.000000000000000000e+00 1.000000000000000000e+00 0.000000000000000000e+00 0.000000000000000000e+00 0.000000000000000000e+00
1.650000000000000000e+04 6.599968477950546308e-02 0.000000000000000000e+00 1.000000000000000000e+00 0.000000000000000000e+00 0.000000000000000000e+00 0.000000000000000000e+00
1.700000000000000000e+04 6.799967522736927172e-02 2.275830678197542133e-04 9.997724169321802190e-01 0.000000000000000000e+00 0.000000000000000000e+00 0.000000000000000000e+00
1.750000000000000000e+04 6.999966567523308036e-02 0.000000000000000000e+00 1.000000000000000000e+00 0.000000000000000000e+00 0.000000000000000000e+00 0.000000000000000000e+00
1.800000000000000000e+04 7.199965612309688900e-02 1.137915339098771066e-04 9.998862084660901095e-01 0.000000000000000000e+00 0.000000000000000000e+00 0.000000000000000000e+00
1.850000000000000000e+04 7.399964657096069764e-02 0.000000000000000000e+00 1.000000000000000000e+00 0.000000000000000000e+00 0.000000000000000000e+00 0.000000000000000000e+00
1.900000000000000000e+04 7.599963701882450628e-02 4.551661356395084266e-04 9.995448338643604380e-01 0.000000000000000000e+00 0.000000000000000000e+00 0.000000000000000000e+00
1.950000000000000000e+04 7.799962746668831493e-02 0.000000000000000000e+00 1.000000000000000000e+00 0.000000000000000000e+00 0.000000000000000000e+00 0.000000000000000000e+00
2.000000000000000000e+04 7.999961791455212357e-02 4.551661356395084266e-04 9.995448338643604380e-01 0.000000000000000000e+00 0.000000000000000000e+00 0.000000000000000000e+00
2.050000000000000000e+04 8.199960836241571016e-02 5.689576695493854790e-04 9.994310423304506585e-01 0.000000000000000000e+00 0.000000000000000000e+00 0.000000000000000000e+00
2.100000000000000000e+04 8.399959881027951880e-02 1.137915339098771066e-04 9.998862084660901095e-01 0.000000000000000000e+00 0.000000000000000000e+00 0.000000000000000000e+00
2.150000000000000000e+04 8.599958925814332744e-02 1.137915339098771066e-04 9.998862084660901095e-01 0.000000000000000000e+00 0.000000000000000000e+00 0.000000000000000000e+00
2.200000000000000000e+04 8.799957970600713608e-02 5.689576695493854790e-04 9.994310423304506585e-01 0.000000000000000000e+00 0.000000000000000000e+00 0.000000000000000000e+00
2.250000000000000000e+04 8.999957015387094472e-02 5.689576695493854790e-04 9.994310423304506585e-01 0.000000000000000000e+00 0.000000000000000000e+00 0.000000000000000000e+00
2.300000000000000000e+04 9.199956060173475336e-02 5.689576695493854790e-04 9.993172507965407680e-01 0.000000000000000000e+00 1.137915339098771066e-04 0.000000000000000000e+00
2.350000000000000000e+04 9.399955104959856200e-02 1.137915339098770958e-03 9.987482931269913156e-01 0.000000000000000000e+00 1.137915339098771066e-04 0.000000000000000000e+00
2.400000000000000000e+04 9.599954149746237064e-02 2.730996813837050560e-03 9.971552116522530707e-01 0.000000000000000000e+00 1.137915339098771066e-04 0.000000000000000000e+00
2.450000000000000000e+04 9.799953194532617928e-02 6.827492034592626399e-04 9.992034592626308775e-01 0.000000000000000000e+00 1.137915339098771066e-04 0.000000000000000000e+00
2.500000000000000000e+04 9.999952239318998792e-02 1.593081474738279385e-03 9.981793354574419741e-01 0.000000000000000000e+00 2.275830678197542133e-04 0.000000000000000000e+00
2.550000000000000000e+04 1.019995128410537966e-01 3.868912152935821518e-03 9.959035047792443862e-01 0.000000000000000000e+00 2.275830678197542133e-04 0.000000000000000000e+00
2.600000000000000000e+04 1.039995032889176052e-01 3.527537551206190360e-03 9.961310878470641672e-01 0.000000000000000000e+00 3.413746017296313199e-04 0.000000000000000000e+00
2.650000000000000000e+04 1.059994937367814138e-01 3.755120619025944465e-03 9.960172963131542767e-01 0.000000000000000000e+00 2.275830678197542133e-04 0.000000000000000000e+00
2.700000000000000000e+04 1.079994841846452225e-01 1.069640418752844727e-02 9.873691397360035982e-01 0.000000000000000000e+00 1.934456076467910759e-03 0.000000000000000000e+00
2.750000000000000000e+04 1.099994746325090311e-01 1.022985889849795244e-01 5.815885298133819381e-01 0.000000000000000000e+00 3.161128812016386069e-01 0.000000000000000000e+00
2.800000000000000000e+04 1.119994650803728398e-01 2.185935366408739144e-01 5.788575329995447882e-01 1.775147928994082747e-01 2.503413746017296368e-02 0.000000000000000000e+00
2.850000000000000000e+04 1.139994555282366484e-01 4.085116067364587961e-02 8.169094219390077294e-01 1.389394629039599482e-01 3.299954483386436255e-03 0.000000000000000000e+00
2.900000000000000000e+04 1.159994459761004570e-01 2.435138825671370050e-02 8.273782430587164338e-01 1.473600364132908458e-01 9.103322712790168532e-04 0.000000000000000000e+00
2.950000000000000000e+04 1.179994364239642657e-01 2.548930359581247015e-02 8.256713700500682984e-01 1.479289940828402428e-01 7.965407373691396923e-04 1.137915339098771066e-04
3.000000000000000000e+04 1.199994268718280743e-01 2.389622212107419055e-02 8.271506599908966528e-01 1.477014110150204895e-01 1.251706873008648227e-03 0.000000000000000000e+00
3.050000000000000000e+04 1.219994173196918830e-01 2.457897132453345374e-02 8.268092853891670924e-01 1.475876194811105990e-01 1.024123805188893906e-03 0.000000000000000000e+00
3.100000000000000000e+04 1.239994077675556916e-01 2.366863905325443732e-02 8.274920345926263243e-01 1.481565771506599960e-01 6.827492034592626399e-04 0.000000000000000000e+00
3.150000000000000000e+04 1.259993982154195002e-01 2.401001365498407064e-02 8.273782430587164338e-01 1.478152025489303523e-01 7.965407373691396923e-04 0.000000000000000000e+00
3.200000000000000000e+04 1.279993886632833089e-01 2.366863905325443732e-02 8.272644515248065433e-01 1.482703686845698587e-01 7.965407373691396923e-04 0.000000000000000000e+00
3.250000000000000000e+04 1.299993791111471175e-01 2.309968138370505075e-02 8.280609922621756658e-01 1.484979517523896120e-01 3.413746017296313199e-04 0.000000000000000000e+00
3.300000000000000000e+04 1.319993695590109262e-01 2.492034592626308706e-02 8.266954938552572019e-01 1.481565771506599960e-01 2.275830678197542133e-04 0.000000000000000000e+00
3.350000000000000000e+04 1.339993600068745128e-01 2.366863905325443732e-02 8.279472007282657753e-01 1.479289940828402428e-01 4.551661356395084266e-04 0.000000000000000000e+00
3.400000000000000000e+04 1.359993504547383214e-01 2.321347291761493084e-02 8.279472007282657753e-01 1.479289940828402428e-01 9.103322712790168532e-04 0.000000000000000000e+00
3.450000000000000000e+04 1.379993409026021300e-01 2.457897132453345374e-02 8.263541192535275304e-01 1.483841602184797492e-01 6.827492034592626399e-04 0.000000000000000000e+00
3.500000000000000000e+04 1.399993313504659387e-01 2.457897132453345374e-02 8.273782430587164338e-01 1.474738279472007363e-01 5.689576695493854790e-04 0.000000000000000000e+00
3.550000000000000000e+04 1.419993217983297473e-01 2.287209831588529751e-02 8.277196176604461053e-01 1.487255348202093652e-01 6.827492034592626399e-04 0.000000000000000000e+00
3.600000000000000000e+04 1.439993122461935560e-01 2.560309512972235024e-02 8.270368684569867623e-01 1.472462448793809831e-01 1.137915339098771066e-04 0.000000000000000000e+00
3.650000000000000000e+04 1.459993026940573646e-01 2.332726445152480746e-02 8.272644515248065433e-01 1.489531178880291185e-01 4.551661356395084266e-04 0.000000000000000000e+00
3.700000000000000000e+04 1.479992931419211732e-01 2.492034592626308706e-02 8.262403277196176399e-01 1.487255348202093652e-01 1.137915339098771066e-04 0.000000000000000000e+00
3.750000000000000000e+04 1.499992835897849819e-01 2.412380518889394726e-02 8.266954938552572019e-01 1.483841602184797492e-01 7.965407373691396923e-04 0.000000000000000000e+00
3.800000000000000000e+04 1.519992740376487905e-01 2.548930359581247015e-02 8.263541192535275304e-01 1.478152025489303523e-01 3.413746017296313199e-04 0.000000000000000000e+00
3.850000000000000000e+04 1.539992644855125992e-01 2.332726445152480746e-02 8.276058261265362148e-01 1.483841602184797492e-01 6.827492034592626399e-04 0.000000000000000000e+00
3.900000000000000000e+04 1.559992549333764078e-01 2.480655439235321044e-02 8.269230769230768718e-01 1.481565771506599960e-01 1.137915339098771066e-04 0.000000000000000000e+00
3.950000000000000000e+04 1.579992453812402164e-01 2.480655439235321044e-02 8.264679107874374209e-01 1.478152025489303523e-01 9.103322712790168532e-04 0.000000000000000000e+00
4.000000000000000000e+04 1.599992358291040251e-01 2.628584433318160996e-02 8.254437869822485174e-01 1.475876194811105990e-01 6.827492034592626399e-04 0.000000000000000000e+00
4.050000000000000000e+04 1.619992262769678337e-01 2.730996813837050646e-02 8.252162039144287364e-01 1.470186618115612298e-01 4.551661356395084266e-04 0.000000000000000000e+00
4.100000000000000000e+04 1.639992167248316424e-01 2.639963586709149004e-02 8.258989531178880794e-01 1.471324533454710926e-01 5.689576695493854790e-04 0.000000000000000000e+00
4.150000000000000000e+04 1.659992071726954510e-01 2.776513427401001294e-02 8.243058716431497235e-01 1.463359126081019701e-01 1.593081474738279385e-03 0.000000000000000000e+00
4.200000000000000000e+04 1.679991976205592596e-01 7.464724624487938109e-02 7.496586253982703285e-01 1.705735093309057870e-01 5.120619025944469528e-03 0.000000000000000000e+00
4.250000000000000000e+04 1.699991880684230683e-01 7.362312243969049153e-02 7.544378698224851743e-01 1.685252617205279801e-01 3.413746017296313308e-03 0.000000000000000000e+00
4.300000000000000000e+04 1.719991785162868769e-01 6.065088757396449454e-02 7.605826126536185949e-01 1.777423759672280279e-01 1.024123805188893906e-03 0.000000000000000000e+00
4.350000000000000000e+04 1.739991689641506856e-01 5.780609922621757213e-02 7.621756941283568398e-01 1.794492489758761911e-01 5.689576695493854790e-04 0.000000000000000000e+00
4.400000000000000000e+04 1.759991594120144942e-01 5.848884842967683184e-02 7.618343195266271684e-01 1.784251251706872876e-01 1.251706873008648227e-03 0.000000000000000000e+00
4.450000000000000000e+04 1.779991498598783028e-01 5.575785161583977911e-02 7.633136094674556338e-01 1.794492489758761911e-01 1.479289940828402332e-03 0.000000000000000000e+00
4.500000000000000000e+04 1.799991403077421115e-01 5.905780609922621494e-02 7.621756941283568398e-01 1.776285844333181652e-01 1.137915339098770958e-03 0.000000000000000000e+00
4.550000000000000000e+04 1.819991307556059201e-01 5.871643149749658508e-02 7.627446517979061813e-01 1.776285844333181652e-01 9.103322712790168532e-04 0.000000000000000000e+00
4.600000000000000000e+04 1.839991212034697288e-01 6.190259444697314428e-02 7.609239872553481554e-01 1.764906690942193990e-01 6.827492034592626399e-04 0.000000000000000000e+00
4.650000000000000000e+04 1.859991116513335374e-01 5.974055530268548159e-02 7.613791533909877174e-01 1.779699590350477811e-01 9.103322712790168532e-04 0.000000000000000000e+00
4.700000000000000000e+04 1.879991020991971240e-01 6.304050978607191047e-02 7.531861629494766008e-01 1.825216203914428736e-01 1.251706873008648227e-03 0.000000000000000000e+00
4.750000000000000000e+04 1.899990925470609326e-01 6.110605370960400795e-02 7.563723258989530907e-01 1.816112881201638607e-01 9.103322712790168532e-04 0.000000000000000000e+00
4.800000000000000000e+04 1.919990829949247413e-01 6.383705052344106068e-02 7.537551206190259423e-01 1.816112881201638607e-01 7.965407373691396923e-04 0.000000000000000000e+00
4.850000000000000000e+04 1.939990734427885499e-01 6.531634046426945672e-02 7.518206645425580259e-01 1.813837050523441075e-01 1.479289940828402332e-03 0.000000000000000000e+00
4.900000000000000000e+04 1.959990638906523586e-01 6.543013199817933334e-02 7.479517523896221931e-01 1.854802002730996935e-01 1.137915339098770958e-03 0.000000000000000000e+00
4.950000000000000000e+04 1.979990543385161672e-01 6.918525261720527564e-02 7.406690942193900895e-01 1.883249886208466228e-01 1.820664542558033706e-03 0.000000000000000000e+00
5.000000000000000000e+04 1.999990447863799758e-01 8.796085571233500100e-02 7.287209831588530307e-01 1.775147928994082747e-01 5.803368229403732710e-03 0.000000000000000000e+00
5.050000000000000000e+04 2.019990352342437845e-01 6.133363677742376119e-02 7.881201638598088755e-01 1.495220755575785154e-01 1.024123805188893906e-03 0.000000000000000000e+00
5.100000000000000000e+04 2.039990256821075931e-01 6.156121984524351443e-02 7.757168866636322546e-01 1.603322712790168358e-01 2.389622212107419402e-03 0.000000000000000000e+00
5.150000000000000000e+04 2.059990161299714018e-01 6.190259444697314428e-02 7.745789713245334607e-01 1.612426035502958488e-01 2.275830678197541916e-03 0.000000000000000000e+00
5.200000000000000000e+04 2.079990065778352104e-01 6.304050978607191047e-02 7.762858443331815961e-01 1.587391898042785632e-01 1.934456076467910759e-03 0.000000000000000000e+00
5.250000000000000000e+04 2.099989970256990190e-01 6.474738279472007363e-02 7.727583067819754348e-01 1.612426035502958488e-01 1.251706873008648227e-03 0.000000000000000000e+00
5.300000000000000000e+04 2.119989874735628277e-01 6.520254893035958010e-02 7.724169321802457633e-01 1.596495220755575761e-01 2.730996813837050560e-03 0.000000000000000000e+00
5.350000000000000000e+04 2.139989779214266363e-01 6.292671825216203385e-02 7.736686390532544477e-01 1.616977696859353553e-01 1.706873008648156654e-03 0.000000000000000000e+00
5.400000000000000000e+04 2.159989683692904450e-01 6.520254893035958010e-02 7.697997269003186149e-01 1.629494765589440120e-01 2.048247610377787811e-03 0.000000000000000000e+00
5.450000000000000000e+04 2.179989588171542536e-01 7.180245789713245175e-02 7.535275375512061613e-01 1.729631315430132099e-01 1.706873008648156654e-03 0.000000000000000000e+00
5.500000000000000000e+04 2.199989492650180622e-01 7.350933090578061491e-02 7.519344560764679164e-01 1.727355484751934567e-01 1.820664542558033706e-03 0.000000000000000000e+00
5.550000000000000000e+04 2.219989397128818709e-01 7.362312243969049153e-02 7.497724169321802190e-01 1.752389622212107423e-01 1.365498406918525280e-03 0.000000000000000000e+00
5.600000000000000000e+04 2.239989301607456795e-01 7.692307692307692735e-02 7.430587164314974569e-01 1.774010013654984119e-01 2.617205279927173507e-03 0.000000000000000000e+00
5.650000000000000000e+04 2.259989206086094882e-01 7.646791078743742087e-02 7.460172963131542767e-01 1.760355029585798925e-01 1.479289940828402332e-03 0.000000000000000000e+00
5.700000000000000000e+04 2.279989110564732968e-01 7.794720072826581692e-02 7.374829312699134887e-01 1.819526627218935044e-01 2.617205279927173507e-03 0.000000000000000000e+00
5.750000000000000000e+04 2.299989015043371055e-01 8.090578060992262288e-02 7.391898042785616241e-01 1.778561675011379184e-01 2.048247610377787811e-03 0.000000000000000000e+00
5.800000000000000000e+04 2.319988919522009141e-01 9.512972234865725574e-02 7.354346836595356818e-01 1.636322257624032717e-01 5.803368229403732710e-03 0.000000000000000000e+00
5.850000000000000000e+04 2.339988824000647227e-01 7.988165680473373331e-02 7.503413746017296715e-01 1.639736003641329154e-01 5.803368229403732710e-03 0.000000000000000000e+00
5.900000000000000000e+04 2.359988728479285314e-01 7.680928538916705073e-02 7.515930814747382449e-01 1.675011379153391045e-01 4.096495220755575623e-03 0.000000000000000000e+00
5.950000000000000000e+04 2.379988632957923400e-01 7.544378698224851743e-02 7.552344105598542967e-01 1.667045971779699542e-01 2.617205279927173507e-03 0.000000000000000000e+00
6.000000000000000000e+04 2.399988537436561487e-01 7.464724624487938109e-02 7.513654984069185749e-01 1.710286754665452935e-01 2.958579881656804664e-03 0.000000000000000000e+00
6.050000000000000000e+04 2.419988441915197352e-01 7.749203459262631044e-02 7.480655439235320836e-01 1.712562585343650468e-01 3.186162949476558769e-03 0.000000000000000000e+00
6.100000000000000000e+04 2.439988346393835439e-01 7.749203459262631044e-02 7.395311788802912956e-01 1.783113336367774249e-01 4.665452890304961318e-03 0.000000000000000000e+00
6.150000000000000000e+04 2.459988250872473525e-01 7.487482931269913433e-02 7.415794264906691025e-01 1.792216659080564378e-01 4.324078288575329727e-03 0.000000000000000000e+00
6.200000000000000000e+04 2.479988155351111612e-01 7.441966317705962786e-02 7.419208010923987739e-01 1.789940828402366846e-01 4.665452890304961318e-03 0.000000000000000000e+00
6.250000000000000000e+04 2.499988059829749698e-01 7.578516158397814728e-02 7.422621756941283344e-01 1.786527082385070686e-01 3.299954483386436255e-03 0.000000000000000000e+00
6.300000000000000000e+04 2.519987964308387784e-01 7.692307692307692735e-02 7.419208010923987739e-01 1.786527082385070686e-01 2.503413746017296455e-03 0.000000000000000000e+00
6.350000000000000000e+04 2.539987868787025871e-01 7.419208010923987462e-02 7.440828402366863603e-01 1.780837505689576716e-01 3.641329085116067413e-03 0.000000000000000000e+00
6.400000000000000000e+04 2.559987773265663957e-01 7.646791078743742087e-02 7.416932180245789930e-01 1.784251251706872876e-01 3.413746017296313308e-03 0.000000000000000000e+00
6.450000000000000000e+04 2.579987677744302044e-01 7.806099226217569353e-02 7.408966772872098705e-01 1.784251251706872876e-01 2.617205279927173507e-03 0.000000000000000000e+00
6.500000000000000000e+04 2.599987582222940130e-01 7.589895311788802390e-02 7.430587164314974569e-01 1.779699590350477811e-01 3.072371415566681717e-03 0.000000000000000000e+00
6.550000000000000000e+04 2.619987486701578216e-01 7.589895311788802390e-02 7.439690487027764698e-01 1.768320436959490149e-01 3.299954483386436255e-03 0.000000000000000000e+00
6.600000000000000000e+04 2.639987391180216303e-01 7.669549385525717411e-02 7.424897587619481154e-01 1.780837505689576716e-01 2.730996813837050560e-03 0.000000000000000000e+00
6.650000000000000000e+04 2.659987295658854389e-01 7.658170232134729749e-02 7.432862994993172379e-01 1.780837505689576716e-01 2.048247610377787811e-03 0.000000000000000000e+00
6.700000000000000000e+04 2.679987200137492476e-01 8.056440600819299303e-02 7.399863450159308575e-01 1.769458352298589054e-01 2.503413746017296455e-03 0.000000000000000000e+00
6.750000000000000000e+04 2.699987104616130562e-01 8.261265361857077216e-02 7.403277196176604180e-01 1.753527537551206328e-01 1.706873008648156654e-03 0.000000000000000000e+00
6.800000000000000000e+04 2.719987009094768649e-01 8.113336367774237612e-02 7.406690942193900895e-01 1.748975876194810986e-01 3.299954483386436255e-03 0.000000000000000000e+00
6.850000000000000000e+04 2.739986913573406735e-01 8.181611288120163583e-02 7.406690942193900895e-01 1.752389622212107423e-01 2.275830678197541916e-03 0.000000000000000000e+00
6.900000000000000000e+04 2.759986818052044821e-01 8.386436049157942885e-02 7.405553026854801990e-01 1.733045061447428259e-01 2.275830678197541916e-03 0.000000000000000000e+00
6.950000000000000000e+04 2.779986722530682908e-01 8.227127901684114231e-02 7.413518434228493215e-01 1.742148384160218388e-01 2.162039144287664864e-03 0.000000000000000000e+00
7.000000000000000000e+04 2.799986627009320994e-01 8.318161128812016913e-02 7.416932180245789930e-01 1.733045061447428259e-01 1.820664542558033706e-03 0.000000000000000000e+00
7.050000000000000000e+04 2.819986531487959081e-01 8.272644515248064878e-02 7.423759672280382249e-01 1.726217569412835662e-01 2.275830678197541916e-03 0.000000000000000000e+00
7.100000000000000000e+04 2.839986435966597167e-01 8.238507055075101893e-02 7.429449248975875664e-01 1.728493400091033194e-01 1.820664542558033706e-03 0.000000000000000000e+00
7.150000000000000000e+04 2.859986340445235253e-01 8.113336367774237612e-02 7.441966317705962508e-01 1.726217569412835662e-01 2.048247610377787811e-03 0.000000000000000000e+00
7.200000000000000000e+04 2.879986244923873340e-01 8.192990441511151245e-02 7.445380063723259223e-01 1.722803823395539502e-01 1.251706873008648227e-03 0.000000000000000000e+00
7.250000000000000000e+04 2.899986149402511426e-01 8.010923987255348655e-02 7.462448793809740577e-01 1.722803823395539502e-01 1.365498406918525280e-03 0.000000000000000000e+00
7.300000000000000000e+04 2.919986053881149513e-01 7.999544833864360993e-02 7.471552116522530707e-01 1.713700500682749095e-01 1.479289940828402332e-03 0.000000000000000000e+00
7.350000000000000000e+04 2.939985958359785378e-01 8.033682294037323979e-02 7.478379608557123026e-01 1.708010923987255403e-01 1.024123805188893906e-03 0.000000000000000000e+00
7.400000000000000000e+04 2.959985862838423465e-01 7.885753299954482987e-02 7.476103777878926326e-01 1.720527992717341692e-01 1.479289940828402332e-03 0.000000000000000000e+00
7.450000000000000000e+04 2.979985767317061551e-01 7.919890760127445972e-02 7.504551661356395620e-01 1.695493855257168836e-01 7.965407373691396923e-04 0.000000000000000000e+00
7.500000000000000000e+04 2.999985671795699638e-01 7.771961766044606368e-02 7.514792899408283544e-01 1.695493855257168836e-01 1.251706873008648227e-03 0.000000000000000000e+00
7.550000000000000000e+04 3.019985576274337724e-01 7.715065999089668058e-02 7.535275375512061613e-01 1.684114701866181174e-01 9.103322712790168532e-04 0.000000000000000000e+00
7.600000000000000000e+04 3.039985480752975811e-01 8.932635411925353430e-02 7.374829312699134887e-01 1.715976331360946627e-01 1.593081474738279385e-03 0.000000000000000000e+00
7.650000000000000000e+04 3.059985385231613897e-01 9.478834774692762588e-02 7.259899863450158808e-01 1.784251251706872876e-01 7.965407373691396923e-04 0.000000000000000000e+00
7.700000000000000000e+04 3.079985289710251983e-01 9.433318161128811941e-02 7.248520710059171979e-01 1.800182066454255880e-01 7.965407373691396923e-04 0.000000000000000000e+00
7.750000000000000000e+04 3.099985194188890070e-01 9.581247155211652933e-02 7.261037778789257713e-01 1.774010013654984119e-01 6.827492034592626399e-04 0.000000000000000000e+00
7.800000000000000000e+04 3.119985098667528156e-01 9.399180700955848955e-02 7.271279016841146747e-01 1.788802913063268218e-01 0.000000000000000000e+00 0.000000000000000000e+00
7.850000000000000000e+04 3.139985003146166243e-01 9.205735093309057315e-02 7.283796085571233592e-01 1.780837505689576716e-01 1.479289940828402332e-03 0.000000000000000000e+00
7.900000000000000000e+04 3.159984907624804329e-01 9.251251706873007963e-02 7.276968593536641272e-01 1.787664997724169313e-01 1.024123805188893906e-03 0.000000000000000000e+00
7.950000000000000000e+04 3.179984812103442415e-01 9.330905780609922984e-02 7.275830678197542367e-01 1.785389167045971781e-01 5.689576695493854790e-04 0.000000000000000000e+00
8.000000000000000000e+04 3.199984716582080502e-01 9.205735093309057315e-02 7.287209831588530307e-01 1.781975421028675344e-01 1.024123805188893906e-03 0.000000000000000000e+00
8.050000000000000000e+04 3.219984621060718588e-01 9.478834774692762588e-02 7.279244424214837972e-01 1.763768775603095085e-01 9.103322712790168532e-04 0.000000000000000000e+00
8.100000000000000000e+04 3.239984525539356675e-01 9.376422394173873631e-02 7.270141101502047842e-01 1.783113336367774249e-01 9.103322712790168532e-04 0.000000000000000000e+00
8.150000000000000000e+04 3.259984430017994761e-01 9.535730541647700897e-02 7.256486117432863203e-01 1.777423759672280279e-01 1.251706873008648227e-03 0.000000000000000000e+00
8.200000000000000000e+04 3.279984334496632847e-01 9.410559854346836617e-02 7.263313609467455523e-01 1.781975421028675344e-01 1.365498406918525280e-03 0.000000000000000000e+00
8.250000000000000000e+04 3.299984238975270934e-01 9.137460172963131344e-02 7.273554847519344557e-01 1.799044151115156975e-01 1.365498406918525280e-03 0.000000000000000000e+00
8.300000000000000000e+04 3.319984143453909020e-01 9.490213928083750250e-02 7.267865270823851143e-01 1.775147928994082747e-01 7.965407373691396923e-04 0.000000000000000000e+00
8.350000000000000000e+04 3.339984047932547107e-01 9.660901228948566566e-02 7.229176149294492815e-01 1.789940828402366846e-01 1.479289940828402332e-03 0.000000000000000000e+00
8.400000000000000000e+04 3.359983952411185193e-01 1.197086936731907164e-01 6.802457897132453413e-01 1.966317705962676299e-01 3.413746017296313308e-03 0.000000000000000000e+00
8.450000000000000000e+04 3.379983856889823279e-01 1.193673190714610866e-01 6.610150204824760678e-01 2.172280382339553950e-01 2.389622212107419402e-03 0.000000000000000000e+00
8.500000000000000000e+04 3.399983761368461366e-01 1.217569412835685094e-01 6.558944014565316616e-01 2.205279927173418308e-01 1.820664542558033706e-03 0.000000000000000000e+00
8.550000000000000000e+04 3.419983665847099452e-01 1.314292216659080637e-01 6.350705507510241432e-01 2.292899408284023721e-01 4.210286754665453109e-03 0.000000000000000000e+00
8.600000000000000000e+04 3.439983570325737539e-01 1.455393718707328199e-01 6.175466545289030051e-01 2.323623122439690547e-01 4.551661356395083832e-03 0.000000000000000000e+00
8.650000000000000000e+04 3.459983474804375625e-01 1.390532544378698110e-01 6.211879836140191680e-01 2.358898497951752438e-01 3.868912152935821518e-03 0.000000000000000000e+00
8.700000000000000000e+04 3.479983379283011491e-01 1.343878015475648557e-01 6.201638598088302645e-01 2.407828857532999522e-01 4.665452890304961318e-03 0.000000000000000000e+00
8.750000000000000000e+04 3.499983283761649577e-01 1.338188438780154865e-01 6.227810650887574129e-01 2.387346381429221731e-01 4.665452890304961318e-03 0.000000000000000000e+00
8.800000000000000000e+04 3.519983188240287664e-01 1.284706417842512438e-01 6.286982248520710526e-01 2.375967228038234069e-01 5.234410559854347014e-03 0.000000000000000000e+00
8.850000000000000000e+04 3.539983092718925750e-01 1.322257624032771861e-01 6.442876649977241632e-01 2.199590350477924339e-01 3.527537551206190360e-03 0.000000000000000000e+00
8.900000000000000000e+04 3.559982997197563837e-01 1.302913063268092975e-01 6.464497041420118606e-01 2.191624943104233114e-01 4.096495220755575623e-03 0.000000000000000000e+00
8.950000000000000000e+04 3.579982901676201923e-01 1.310878470641784199e-01 6.409877105143377829e-01 2.238279472007282667e-01 4.096495220755575623e-03 0.000000000000000000e+00
9.000000000000000000e+04 3.599982806154840009e-01 1.283568502503413811e-01 6.496358670914883504e-01 2.180245789713245452e-01 3.982703686845699004e-03 0.000000000000000000e+00
9.050000000000000000e+04 3.619982710633478096e-01 1.315430131998179264e-01 6.491807009558488994e-01 2.154073736913973691e-01 3.868912152935821518e-03 0.000000000000000000e+00
9.100000000000000000e+04 3.639982615112116182e-01 1.326809285389166926e-01 6.504324078288575839e-01 2.116522530723714268e-01 5.234410559854347014e-03 0.000000000000000000e+00
9.150000000000000000e+04 3.659982519590754269e-01 1.318843878015475701e-01 6.549840691852526486e-01 2.091488393263541135e-01 3.982703686845699004e-03 0.000000000000000000e+00
9.200000000000000000e+04 3.679982424069392355e-01 1.266499772416932179e-01 6.619253527537550807e-01 2.075557578516158408e-01 3.868912152935821518e-03 0.000000000000000000e+00
9.250000000000000000e+04 3.699982328548030441e-01 1.252844788347746985e-01 6.357532999544833752e-01 2.349795175238962308e-01 3.982703686845699004e-03 0.000000000000000000e+00
9.300000000000000000e+04 3.719982233026668528e-01 1.294947655894401473e-01 6.334774692762858983e-01 2.322485207100591642e-01 4.779244424214838804e-03 0.000000000000000000e+00
9.350000000000000000e+04 3.739982137505306614e-01 1.283568502503413811e-01 6.343878015475649113e-01 2.335002275830678209e-01 3.755120619025944465e-03 0.000000000000000000e+00
9.400000000000000000e+04 3.759982041983944701e-01 1.240327719617660418e-01 6.384842967683204140e-01 2.323623122439690547e-01 5.120619025944469528e-03 0.000000000000000000e+00
9.450000000000000000e+04 3.779981946462582787e-01 1.272189349112426149e-01 6.337050523441055683e-01 2.355484751934456000e-01 3.527537551206190360e-03 0.000000000000000000e+00
9.500000000000000000e+04 3.799981850941220873e-01 1.280154756486117373e-01 6.357532999544833752e-01 2.317933545744196577e-01 4.437869822485207214e-03 0.000000000000000000e+00
9.550000000000000000e+04 3.819981755419858960e-01 1.243741465634956717e-01 6.359808830223031562e-01 2.348657259899863403e-01 4.779244424214838804e-03 0.000000000000000000e+00
9.600000000000000000e+04 3.839981659898497046e-01 1.230086481565771522e-01 6.577150659990896875e-01 2.154073736913973691e-01 3.868912152935821518e-03 0.000000000000000000e+00
9.650000000000000000e+04 3.859981564377135133e-01 1.244879380974055483e-01 6.530496131087847322e-01 2.205279927173418308e-01 1.934456076467910759e-03 0.000000000000000000e+00
9.700000000000000000e+04 3.879981468855773219e-01 1.156121984524351443e-01 6.677287209831588299e-01 2.137005006827492060e-01 2.958579881656804664e-03 0.000000000000000000e+00
9.750000000000000000e+04 3.899981373334411305e-01 1.184569868001820597e-01 6.679563040509786109e-01 2.113108784706417831e-01 2.275830678197541916e-03 0.000000000000000000e+00
9.800000000000000000e+04 3.919981277813047171e-01 1.205052344105598527e-01 6.660218479745106945e-01 2.109695038689121394e-01 2.503413746017296455e-03 0.000000000000000000e+00
9.850000000000000000e+04 3.939981182291687478e-01 1.207328174783796060e-01 6.619253527537550807e-01 2.147246244879381094e-01 2.617205279927173507e-03 0.000000000000000000e+00
9.900000000000000000e+04 3.959981086770325565e-01 1.234638142922166587e-01 6.629494765589439842e-01 2.118798361401911801e-01 1.706873008648156654e-03 0.000000000000000000e+00
9.950000000000000000e+04 3.979980991248963651e-01 1.233500227583067821e-01 6.660218479745106945e-01 2.086936731907146070e-01 1.934456076467910759e-03 0.000000000000000000e+00
1.000000000000000000e+05 3.999980895727599517e-01 1.310878470641784199e-01 6.587391898042785909e-01 2.078971324533454845e-01 2.275830678197541916e-03 0.000000000000000000e+00
1.005000000000000000e+05 4.019980800206237603e-01 1.307464724624488039e-01 6.653390987710514626e-01 2.010696404187528319e-01 2.844788347746927612e-03 0.000000000000000000e+00
1.010000000000000000e+05 4.039980704684877910e-01 1.316568047337278169e-01 6.653390987710514626e-01 1.995903504779244497e-01 3.413746017296313308e-03 0.000000000000000000e+00
1.015000000000000000e+05 4.059980609163513776e-01 1.345015930814747462e-01 6.602184797451069453e-01 2.026627218934911323e-01 2.617205279927173507e-03 0.000000000000000000e+00
1.020000000000000000e+05 4.079980513642151863e-01 1.329085116067364458e-01 6.516841147018661573e-01 2.113108784706417831e-01 4.096495220755575623e-03 0.000000000000000000e+00
1.025000000000000000e+05 4.099980418120789949e-01 1.275603095129722309e-01 6.550978607191625391e-01 2.135867091488393155e-01 3.755120619025944465e-03 0.000000000000000000e+00
1.030000000000000000e+05 4.119980322599430256e-01 1.269913518434228616e-01 6.615839781520255203e-01 2.091488393263541135e-01 2.275830678197541916e-03 0.000000000000000000e+00
1.035000000000000000e+05 4.139980227078066122e-01 1.261948111060537114e-01 6.590805644060081514e-01 2.118798361401911801e-01 2.844788347746927612e-03 0.000000000000000000e+00
1.040000000000000000e+05 4.159980131556704208e-01 1.294947655894401473e-01 6.583978152025489194e-01 2.088074647246244975e-01 3.299954483386436255e-03 0.000000000000000000e+00
1.045000000000000000e+05 4.179980036035342295e-01 1.243741465634956717e-01 6.503186162949476934e-01 2.233727810650887602e-01 1.934456076467910759e-03 0.000000000000000000e+00
1.050000000000000000e+05 4.199979940513982601e-01 1.241465634956759184e-01 6.471324533454710926e-01 2.271279016841147025e-01 1.593081474738279385e-03 0.000000000000000000e+00
1.055000000000000000e+05 4.219979844992618467e-01 1.211879836140191125e-01 6.480427856167501055e-01 2.290623577605826189e-01 1.706873008648156654e-03 0.000000000000000000e+00
1.060000000000000000e+05 4.239979749471254333e-01 1.195949021392808398e-01 6.483841602184797770e-01 2.306554392353208915e-01 1.365498406918525280e-03 0.000000000000000000e+00
1.065000000000000000e+05 4.259979653949894640e-01 1.201638598088302229e-01 6.481565771506599960e-01 2.302002730996813851e-01 1.479289940828402332e-03 0.000000000000000000e+00
1.070000000000000000e+05 4.279979558428534947e-01 1.195949021392808398e-01 6.488393263541192280e-01 2.302002730996813851e-01 1.365498406918525280e-03 0.000000000000000000e+00
1.075000000000000000e+05 4.299979462907170813e-01 1.200500682749203463e-01 6.479289940828402150e-01 2.309968138370505353e-01 1.024123805188893906e-03 0.000000000000000000e+00
1.080000000000000000e+05 4.319979367385806679e-01 1.230086481565771522e-01 6.453117888029130667e-01 2.300864815657714946e-01 1.593081474738279385e-03 0.000000000000000000e+00
1.085000000000000000e+05 4.339979271864446986e-01 1.226672735548475224e-01 6.444014565316340537e-01 2.313381884387801513e-01 1.593081474738279385e-03 0.000000000000000000e+00
1.090000000000000000e+05 4.359979176343087293e-01 1.243741465634956717e-01 6.383705052344105235e-01 2.344105598543468338e-01 2.844788347746927612e-03 0.000000000000000000e+00
1.095000000000000000e+05 4.379979080821723159e-01 1.322257624032771861e-01 6.273327264451524776e-01 2.383932635411925294e-01 2.048247610377787811e-03 0.000000000000000000e+00
1.100000000000000000e+05 4.399978985300359025e-01 1.430359581247155343e-01 5.953573054164770229e-01 2.576240327719617751e-01 3.982703686845699004e-03 0.000000000000000000e+00
1.105000000000000000e+05 4.419978889778999331e-01 1.585116067364588099e-01 6.199362767410104835e-01 2.184797451069640517e-01 3.072371415566681717e-03 0.000000000000000000e+00
1.110000000000000000e+05 4.439978794257637418e-01 1.591943559399180697e-01 6.339326354119253493e-01 2.000455166135639562e-01 6.827492034592626616e-03 0.000000000000000000e+00
1.115000000000000000e+05 4.459978698736275504e-01 1.491807009558488717e-01 6.457669549385525176e-01 2.008420573509330787e-01 4.210286754665453109e-03 0.000000000000000000e+00
1.120000000000000000e+05 4.479978603214911370e-01 1.458807464724624359e-01 6.664770141101502565e-01 1.829767865270823801e-01 4.665452890304961318e-03 0.000000000000000000e+00
1.125000000000000000e+05 4.499978507693551677e-01 1.408739189804278646e-01 6.579426490669094685e-01 1.965179790623577671e-01 4.665452890304961318e-03 0.000000000000000000e+00
1.130000000000000000e+05 4.519978412172189763e-01 1.373463814292216756e-01 6.630632680928538747e-01 1.959490213928083702e-01 3.641329085116067413e-03 0.000000000000000000e+00
1.135000000000000000e+05 4.539978316650827850e-01 1.354119253527537592e-01 6.657942649066909135e-01 1.954938552571688637e-01 3.299954483386436255e-03 0.000000000000000000e+00
