# itime ezz other fcc hcp bcc ico
0.000000000000000000e+00 0.000000000000000000e+00 3.413746017296313199e-04 9.996586253982703285e-01 0.000000000000000000e+00 0.000000000000000000e+00 0.000000000000000000e+00
2.500000000000000000e+02 1.000003805798810319e-02 5.689576695493854790e-04 9.994310423304506585e-01 0.000000000000000000e+00 0.000000000000000000e+00 0.000000000000000000e+00
5.000000000000000000e+02 2.000007611597642843e-02 1.251706873008648227e-03 9.987482931269913156e-01 0.000000000000000000e+00 0.000000000000000000e+00 0.000000000000000000e+00
7.500000000000000000e+02 3.000011417396453162e-02 3.868912152935821518e-03 9.961310878470641672e-01 0.000000000000000000e+00 0.000000000000000000e+00 0.000000000000000000e+00
1.000000000000000000e+03 4.000015223195285685e-02 7.055075102412380721e-03 9.922621756941283344e-01 0.000000000000000000e+00 6.827492034592626399e-04 0.000000000000000000e+00
1.250000000000000000e+03 5.000019028994096004e-02 1.593081474738279601e-02 9.836140191169776559e-01 0.000000000000000000e+00 4.551661356395084266e-04 0.000000000000000000e+00
1.500000000000000000e+03 6.000022834792928528e-02 2.753755120619025970e-02 9.705279927173418031e-01 0.000000000000000000e+00 1.934456076467910759e-03 0.000000000000000000e+00
1.750000000000000000e+03 7.000026640591738847e-02 5.587164314974965573e-02 9.412835685025033872e-01 0.000000000000000000e+00 2.844788347746927612e-03 0.000000000000000000e+00
2.000000000000000000e+03 8.000030446390549166e-02 8.079198907601274626e-02 9.126081019572144237e-01 0.000000000000000000e+00 6.599908966772872511e-03 0.000000000000000000e+00
2.250000000000000000e+03 9.000034252189381689e-02 1.982248520710059303e-01 7.454483386436049352e-01 1.137915339098771066e-04 5.621301775147929253e-02 0.000000000000000000e+00
2.500000000000000000e+03 1.000003805798819201e-01 3.425125170687300935e-01 4.082840236686390289e-01 6.713700500682749130e-03 2.424897587619481154e-01 0.000000000000000000e+00
2.750000000000000000e+03 1.100004186378702453e-01 3.552571688666363303e-01 2.683204369594902050e-01 3.652708238507055422e-02 3.398953117888028896e-01 0.000000000000000000e+00
3.000000000000000000e+03 1.200004566958583485e-01 4.036185707783340737e-01 1.718252162039144160e-01 9.148839326354119006e-02 3.330678197542102925e-01 0.000000000000000000e+00
3.250000000000000000e+03 1.300004947538466737e-01 4.271734182976786309e-01 9.467455621301774926e-02 1.274465179790623681e-01 3.507055075102412656e-01 0.000000000000000000e+00
3.500000000000000000e+03 1.400005328118347769e-01 4.648384160218479999e-01 7.646791078743742087e-02 1.530496131087847045e-01 3.056440600819299025e-01 0.000000000000000000e+00
3.750000000000000000e+03 1.500005708698228801e-01 4.903277196176604735e-01 5.860263996358670846e-02 1.836595357305416398e-01 2.674101046882111921e-01 0.000000000000000000e+00
4.000000000000000000e+03 1.600006089278112054e-01 5.455166135639508695e-01 5.541647701411014926e-02 2.084660901228948537e-01 1.906008192990441552e-01 0.000000000000000000e+00
4.250000000000000000e+03 1.700006469857993086e-01 5.789713245334546787e-01 5.723714155666818210e-02 2.122212107419207960e-01 1.515703231679562946e-01 0.000000000000000000e+00
4.500000000000000000e+03 1.800006850437876338e-01 5.962676376877560358e-01 6.474738279472007363e-02 2.117660446062812896e-01 1.272189349112426149e-01 0.000000000000000000e+00
4.750000000000000000e+03 1.900007231017757370e-01 6.145880746472462963e-01 7.897132453345470648e-02 2.030040964952207483e-01 1.033227127901684139e-01 1.137915339098771066e-04
5.000000000000000000e+03 2.000007611597640622e-01 6.450842057350932857e-01 8.659535730541648157e-02 1.903732362312244020e-01 7.794720072826581692e-02 0.000000000000000000e+00
5.250000000000000000e+03 2.100007992177521654e-01 6.685252617205279524e-01 7.658170232134729749e-02 1.820664542558033672e-01 7.271279016841146470e-02 1.137915339098771066e-04
5.500000000000000000e+03 2.200008372757402686e-01 6.726217569412835662e-01 8.659535730541648157e-02 1.796768320436959443e-01 6.099226217569413133e-02 1.137915339098771066e-04
5.750000000000000000e+03 2.300008753337285938e-01 6.874146563495675544e-01 9.387801547564861293e-02 1.684114701866181174e-01 5.029585798816568060e-02 0.000000000000000000e+00
6.000000000000000000e+03 2.400009133917166970e-01 6.978834774692762588e-01 9.990896677287210148e-02 1.665908056440600915e-01 3.561675011379153433e-02 0.000000000000000000e+00
6.250000000000000000e+03 2.500009514497050223e-01 7.042558033682293495e-01 1.001365498406918547e-01 1.612426035502958488e-01 3.425125170687300796e-02 1.137915339098771066e-04
6.500000000000000000e+03 2.600009895076931254e-01 7.225762403277196100e-01 1.069640418752844796e-01 1.441738734638143005e-01 2.617205279927173334e-02 1.137915339098771066e-04
6.750000000000000000e+03 2.700010275656814507e-01 7.217796995903504875e-01 1.135639508420573512e-01 1.405325443786982209e-01 2.389622212107419055e-02 2.275830678197542133e-04
7.000000000000000000e+03 2.800010656236695539e-01 7.342967683204369989e-01 1.177742375967228000e-01 1.240327719617660418e-01 2.389622212107419055e-02 0.000000000000000000e+00
7.250000000000000000e+03 2.900011036816576571e-01 7.361174328629950248e-01 1.161811561219845274e-01 1.248293126991351781e-01 2.287209831588529751e-02 0.000000000000000000e+00
7.500000000000000000e+03 3.000011417396459823e-01 7.602412380518889234e-01 1.063950842057350965e-01 1.074192080109239861e-01 2.583067819754210348e-02 1.137915339098771066e-04
7.750000000000000000e+03 3.100011797976340855e-01 7.543240782885752838e-01 1.186845698680018268e-01 1.009330905780609910e-01 2.605826126536185672e-02 0.000000000000000000e+00
8.000000000000000000e+03 3.200012178556224107e-01 7.609239872553481554e-01 1.177742375967228000e-01 1.004779244424214846e-01 2.048247610377787811e-02 3.413746017296313199e-04
8.250000000000000000e+03 3.300012559136105139e-01 7.686618115612198210e-01 1.173190714610832935e-01 9.137460172963131344e-02 2.241693218024579104e-02 2.275830678197542133e-04
8.500000000000000000e+03 3.400012939715988391e-01 7.856167501137915066e-01 1.065088757396449731e-01 8.682294037323623481e-02 2.082385070550751144e-02 2.275830678197542133e-04
8.750000000000000000e+03 3.500013320295869423e-01 7.944924897587619661e-01 9.751934456076467861e-02 8.477469276285844180e-02 2.275830678197542090e-02 4.551661356395084266e-04
9.000000000000000000e+03 3.600013700875750455e-01 8.045061447428311086e-01 9.171597633136094330e-02 8.477469276285844180e-02 1.866181156121984527e-02 3.413746017296313199e-04
9.250000000000000000e+03 3.700014081455633708e-01 8.145197997269003620e-01 7.999544833864360993e-02 8.682294037323623481e-02 1.832043695949021542e-02 3.413746017296313199e-04
9.500000000000000000e+03 3.800014462035516960e-01 8.244196631770596140e-01 7.589895311788802390e-02 8.272644515248064878e-02 1.661356395084205573e-02 3.413746017296313199e-04
9.750000000000000000e+03 3.900014842615397992e-01 8.337505689576695245e-01 7.237141556668183484e-02 7.749203459262631044e-02 1.627218934911242587e-02 1.137915339098771066e-04
1.000000000000000000e+04 4.000015223195276803e-01 8.433090578060992160e-01 6.656804733727811341e-02 7.362312243969049153e-02 1.604460628129267263e-02 4.551661356395084266e-04
1.025000000000000000e+04 4.100015603775162276e-01 8.525261720527992360e-01 5.837505689576695522e-02 7.373691397360036814e-02 1.479289940828402289e-02 5.689576695493854790e-04
1.050000000000000000e+04 4.200015984355045529e-01 8.667501137915338827e-01 5.143377332726445372e-02 6.861629494765589254e-02 1.285844333181611343e-02 3.413746017296313199e-04
1.075000000000000000e+04 4.300016364934924340e-01 8.664087391898043222e-01 5.143377332726445372e-02 6.793354574419663283e-02 1.376877560309512985e-02 4.551661356395084266e-04
1.100000000000000000e+04 4.400016745514805372e-01 8.765361857077833552e-01 4.836140191169777114e-02 6.167501137915339104e-02 1.297223486572599005e-02 4.551661356395084266e-04
1.125000000000000000e+04 4.500017126094688624e-01 8.841602184797451303e-01 4.802002730996814128e-02 5.746472462448793533e-02 1.001365498406918582e-02 3.413746017296313199e-04
1.150000000000000000e+04 4.600017506674571877e-01 8.966772872098316416e-01 3.914428766499772339e-02 5.325443786982248656e-02 1.058261265361857065e-02 3.413746017296313199e-04
1.175000000000000000e+04 4.700017887254452909e-01 9.007737824305871444e-01 3.891670459717797015e-02 4.938552571688666071e-02 1.046882111970869403e-02 4.551661356395084266e-04
1.200000000000000000e+04 4.800018267834333940e-01 9.121529358215748617e-01 3.368229403732362487e-02 4.585798816568047165e-02 7.851615839781519654e-03 4.551661356395084266e-04
1.225000000000000000e+04 4.900018648414217193e-01 9.128356850250340937e-01 3.538916704597178109e-02 4.198907601274465273e-02 8.989531178880291046e-03 7.965407373691396923e-04
1.250000000000000000e+04 5.000019028994100445e-01 9.187528447883477334e-01 3.220300409649522189e-02 4.198907601274465273e-02 6.713700500682749130e-03 3.413746017296313199e-04
1.275000000000000000e+04 5.100019409573981477e-01 9.264906690942193990e-01 2.799271734182976618e-02 3.686845698680018407e-02 8.079198907601274626e-03 5.689576695493854790e-04
1.300000000000000000e+04 5.200019790153862509e-01 9.276285844333181929e-01 2.878925807919890598e-02 3.732362312243969055e-02 5.689576695493855224e-03 5.689576695493854790e-04
1.325000000000000000e+04 5.300020170733745761e-01 9.355939918070095285e-01 2.457897132453345374e-02 3.277196176604460498e-02 6.599908966772872511e-03 4.551661356395084266e-04
1.350000000000000000e+04 5.400020551313629014e-01 9.354802002730996380e-01 2.196176604460628110e-02 3.584433318161128756e-02 5.917159763313609329e-03 7.965407373691396923e-04
1.375000000000000000e+04 5.500020931893510046e-01 9.446973145197997690e-01 1.991351843422849502e-02 3.015475648611743234e-02 4.324078288575329727e-03 9.103322712790168532e-04
1.400000000000000000e+04 5.600021312473388857e-01 9.498179335457441752e-01 1.502048247610377786e-02 2.924442421483841592e-02 5.348202093764223633e-03 5.689576695493854790e-04
1.425000000000000000e+04 5.700021693053272109e-01 9.539144287664997890e-01 1.752389622212107562e-02 2.446517979062357712e-02 3.868912152935821518e-03 2.275830678197542133e-04
1.450000000000000000e+04 5.800022073633157582e-01 9.588074647246245252e-01 1.342740100136549826e-02 2.298588984979517413e-02 3.982703686845699004e-03 7.965407373691396923e-04
1.475000000000000000e+04 5.900022454213036394e-01 9.573281747837960598e-01 1.376877560309512985e-02 2.480655439235321044e-02 2.844788347746927612e-03 1.251706873008648227e-03
1.500000000000000000e+04 6.000022834792917426e-01 9.637005006827491504e-01 1.342740100136549826e-02 1.786527082385070547e-02 3.982703686845699004e-03 1.024123805188893906e-03
1.525000000000000000e+04 6.100023215372800678e-01 9.685935366408738867e-01 1.137915339098771045e-02 1.615839781520254925e-02 3.186162949476558769e-03 6.827492034592626399e-04
1.550000000000000000e+04 6.200023595952683930e-01 9.674556213017750927e-01 1.069640418752844727e-02 1.809285389167045871e-02 2.275830678197541916e-03 1.479289940828402332e-03
1.575000000000000000e+04 6.300023976532564962e-01 9.696176604460627901e-01 1.012744651797906244e-02 1.729631315430131891e-02 2.389622212107419402e-03 5.689576695493854790e-04
1.600000000000000000e+04 6.400024357112445994e-01 9.723486572598998290e-01 8.534365043240782836e-03 1.684114701866181243e-02 1.137915339098770958e-03 1.137915339098770958e-03
1.625000000000000000e+04 6.500024737692329246e-01 9.743969048702776359e-01 6.827492034592626616e-03 1.593081474738279601e-02 1.706873008648156654e-03 1.137915339098770958e-03
1.650000000000000000e+04 6.600025118272212499e-01 9.772416932180245652e-01 6.713700500682749130e-03 1.240327719617660522e-02 2.389622212107419402e-03 1.251706873008648227e-03
1.675000000000000000e+04 6.700025498852093531e-01 9.787209831588530307e-01 4.665452890304961318e-03 1.308602639963586667e-02 2.275830678197541916e-03 1.251706873008648227e-03
1.700000000000000000e+04 6.800025879431972342e-01 9.807692307692307265e-01 3.641329085116067413e-03 1.285844333181611343e-02 1.593081474738279385e-03 1.137915339098770958e-03
1.725000000000000000e+04 6.900026260011857815e-01 9.812243969048702885e-01 3.868912152935821518e-03 1.240327719617660522e-02 1.593081474738279385e-03 9.103322712790168532e-04
1.750000000000000000e+04 7.000026640591741067e-01 9.803140646335912756e-01 4.324078288575329727e-03 1.194811106053709528e-02 1.593081474738279385e-03 1.820664542558033706e-03
1.775000000000000000e+04 7.100027021171619879e-01 9.838416021847974369e-01 2.958579881656804664e-03 9.217114246700046018e-03 1.706873008648156654e-03 2.275830678197541916e-03
1.800000000000000000e+04 7.200027401751500911e-01 9.854346836595356818e-01 1.934456076467910759e-03 8.875739644970414427e-03 2.503413746017296455e-03 1.251706873008648227e-03
1.825000000000000000e+04 7.300027782331384163e-01 9.849795175238962308e-01 2.389622212107419402e-03 8.306781975421027864e-03 2.389622212107419402e-03 1.934456076467910759e-03
1.850000000000000000e+04 7.400028162911267415e-01 9.848657259899863403e-01 1.934456076467910759e-03 8.875739644970414427e-03 2.503413746017296455e-03 1.820664542558033706e-03
1.875000000000000000e+04 7.500028543491148447e-01 9.873691397360035982e-01 2.048247610377787811e-03 6.941283568502503235e-03 2.617205279927173507e-03 1.024123805188893906e-03
1.900000000000000000e+04 7.600028924071029479e-01 9.896449704142011861e-01 1.479289940828402332e-03 5.689576695493855224e-03 1.593081474738279385e-03 1.593081474738279385e-03
1.925000000000000000e+04 7.700029304650912731e-01 9.877105143377332697e-01 2.162039144287664864e-03 6.372325898953117539e-03 2.275830678197541916e-03 1.479289940828402332e-03
1.950000000000000000e+04 7.800029685230795984e-01 9.893035958124715146e-01 1.706873008648156654e-03 5.348202093764223633e-03 1.820664542558033706e-03 1.820664542558033706e-03
1.975000000000000000e+04 7.900030065810677016e-01 9.914656349567592120e-01 1.593081474738279385e-03 3.527537551206190360e-03 1.137915339098770958e-03 2.275830678197541916e-03
2.000000000000000000e+04 8.000030446390558048e-01 9.908966772872098705e-01 1.365498406918525280e-03 4.096495220755575623e-03 7.965407373691396923e-04 2.844788347746927612e-03
2.025000000000000000e+04 8.100030826970441300e-01 9.918070095584888834e-01 1.593081474738279385e-03 4.665452890304961318e-03 2.275830678197542133e-04 1.706873008648156654e-03
2.050000000000000000e+04 8.200031207550324552e-01 9.912380518889394310e-01 2.048247610377787811e-03 2.730996813837050560e-03 7.965407373691396923e-04 3.186162949476558769e-03
2.075000000000000000e+04 8.300031588130205584e-01 9.937414656349567998e-01 1.593081474738279385e-03 2.617205279927173507e-03 1.024123805188893906e-03 1.024123805188893906e-03
2.100000000000000000e+04 8.400031968710084396e-01 9.926035502958580059e-01 1.593081474738279385e-03 2.617205279927173507e-03 5.689576695493854790e-04 2.617205279927173507e-03
2.125000000000000000e+04 8.500032349289967648e-01 9.946517979062358128e-01 7.965407373691396923e-04 2.162039144287664864e-03 5.689576695493854790e-04 1.820664542558033706e-03
2.150000000000000000e+04 8.600032729869850900e-01 9.945380063723259223e-01 1.365498406918525280e-03 1.934456076467910759e-03 4.551661356395084266e-04 1.706873008648156654e-03
2.175000000000000000e+04 8.700033110449731932e-01 9.940828402366863603e-01 1.251706873008648227e-03 2.048247610377787811e-03 5.689576695493854790e-04 2.048247610377787811e-03
2.200000000000000000e+04 8.800033491029612964e-01 9.952207555757851543e-01 1.137915339098770958e-03 1.365498406918525280e-03 4.551661356395084266e-04 1.820664542558033706e-03
2.225000000000000000e+04 8.900033871609496217e-01 9.956759217114247162e-01 5.689576695493854790e-04 1.820664542558033706e-03 4.551661356395084266e-04 1.479289940828402332e-03
2.250000000000000000e+04 9.000034252189379469e-01 9.955621301775148257e-01 6.827492034592626399e-04 1.706873008648156654e-03 5.689576695493854790e-04 1.479289940828402332e-03
2.275000000000000000e+04 9.100034632769260501e-01 9.949931725079653733e-01 4.551661356395084266e-04 2.048247610377787811e-03 5.689576695493854790e-04 1.934456076467910759e-03
2.300000000000000000e+04 9.200035013349141533e-01 9.962448793809740577e-01 0.000000000000000000e+00 1.024123805188893906e-03 5.689576695493854790e-04 2.162039144287664864e-03
2.325000000000000000e+04 9.300035393929024785e-01 9.965862539827037292e-01 3.413746017296313199e-04 7.965407373691396923e-04 4.551661356395084266e-04 1.820664542558033706e-03
2.350000000000000000e+04 9.400035774508908037e-01 9.963586709148839482e-01 1.137915339098771066e-04 7.965407373691396923e-04 3.413746017296313199e-04 2.389622212107419402e-03
2.375000000000000000e+04 9.500036155088789069e-01 9.960172963131542767e-01 3.413746017296313199e-04 7.965407373691396923e-04 5.689576695493854790e-04 2.275830678197541916e-03
2.400000000000000000e+04 9.600036535668667881e-01 9.963586709148839482e-01 6.827492034592626399e-04 5.689576695493854790e-04 1.137915339098771066e-04 2.275830678197541916e-03
2.425000000000000000e+04 9.700036916248553354e-01 9.968138370505233992e-01 5.689576695493854790e-04 4.551661356395084266e-04 0.000000000000000000e+00 2.162039144287664864e-03
2.450000000000000000e+04 9.800037296828436606e-01 9.960172963131542767e-01 4.551661356395084266e-04 9.103322712790168532e-04 2.275830678197542133e-04 2.389622212107419402e-03
2.475000000000000000e+04 9.900037677408315417e-01 9.948793809740554828e-01 2.275830678197542133e-04 9.103322712790168532e-04 5.689576695493854790e-04 3.413746017296313308e-03
2.500000000000000000e+04 1.000003805798819645e+00 9.946517979062358128e-01 3.413746017296313199e-04 6.827492034592626399e-04 4.551661356395084266e-04 3.868912152935821518e-03
