# itime ezz other fcc hcp bcc ico
0.000000000000000000e+00 0.000000000000000000e+00 3.413746017296313199e-04 9.996586253982703285e-01 0.000000000000000000e+00 0.000000000000000000e+00 0.000000000000000000e+00
2.500000000000000000e+01 1.000036000511350665e-03 2.275830678197542133e-04 9.997724169321802190e-01 0.000000000000000000e+00 0.000000000000000000e+00 0.000000000000000000e+00
5.000000000000000000e+01 2.000072001022923374e-03 3.413746017296313199e-04 9.996586253982703285e-01 0.000000000000000000e+00 0.000000000000000000e+00 0.000000000000000000e+00
7.500000000000000000e+01 3.000108001534274038e-03 1.137915339098770958e-03 9.988620846609012061e-01 0.000000000000000000e+00 0.000000000000000000e+00 0.000000000000000000e+00
1.000000000000000000e+02 4.000144002045846747e-03 3.413746017296313199e-04 9.996586253982703285e-01 0.000000000000000000e+00 0.000000000000000000e+00 0.000000000000000000e+00
1.250000000000000000e+02 5.000180002557197412e-03 1.024123805188893906e-03 9.989758761948110966e-01 0.000000000000000000e+00 0.000000000000000000e+00 0.000000000000000000e+00
1.500000000000000000e+02 6.000216003068770121e-03 1.820664542558033706e-03 9.981793354574419741e-01 0.000000000000000000e+00 0.000000000000000000e+00 0.000000000000000000e+00
1.750000000000000000e+02 7.000252003580120785e-03 6.827492034592626399e-04 9.993172507965407680e-01 0.000000000000000000e+00 0.000000000000000000e+00 0.000000000000000000e+00
2.000000000000000000e+02 8.000288004091693495e-03 6.827492034592626399e-04 9.993172507965407680e-01 0.000000000000000000e+00 0.000000000000000000e+00 0.000000000000000000e+00
2.250000000000000000e+02 9.000324004603044159e-03 1.593081474738279385e-03 9.984069185252617551e-01 0.000000000000000000e+00 0.000000000000000000e+00 0.000000000000000000e+00
2.500000000000000000e+02 1.000036000511461687e-02 5.689576695493854790e-04 9.994310423304506585e-01 0.000000000000000000e+00 0.000000000000000000e+00 0.000000000000000000e+00
2.750000000000000000e+02 1.100039600562596753e-02 1.137915339098770958e-03 9.988620846609012061e-01 0.000000000000000000e+00 0.000000000000000000e+00 0.000000000000000000e+00
3.000000000000000000e+02 1.200043200613754024e-02 1.365498406918525280e-03 9.986345015930814251e-01 0.000000000000000000e+00 0.000000000000000000e+00 0.000000000000000000e+00
3.250000000000000000e+02 1.300046800664889091e-02 2.162039144287664864e-03 9.978379608557123026e-01 0.000000000000000000e+00 0.000000000000000000e+00 0.000000000000000000e+00
3.500000000000000000e+02 1.400050400716046362e-02 1.706873008648156654e-03 9.982931269913518646e-01 0.000000000000000000e+00 0.000000000000000000e+00 0.000000000000000000e+00
3.750000000000000000e+02 1.500054000767181428e-02 1.934456076467910759e-03 9.979517523896221931e-01 0.000000000000000000e+00 1.137915339098771066e-04 0.000000000000000000e+00
4.000000000000000000e+02 1.600057600818338699e-02 1.593081474738279385e-03 9.984069185252617551e-01 0.000000000000000000e+00 0.000000000000000000e+00 0.000000000000000000e+00
4.250000000000000000e+02 1.700061200869473765e-02 2.844788347746927612e-03 9.971552116522530707e-01 0.000000000000000000e+00 0.000000000000000000e+00 0.000000000000000000e+00
4.500000000000000000e+02 1.800064800920631036e-02 2.958579881656804664e-03 9.969276285844332897e-01 0.000000000000000000e+00 1.137915339098771066e-04 0.000000000000000000e+00
4.750000000000000000e+02 1.900068400971766103e-02 1.251706873008648227e-03 9.987482931269913156e-01 0.000000000000000000e+00 0.000000000000000000e+00 0.000000000000000000e+00
5.000000000000000000e+02 2.000072001022923374e-02 1.251706873008648227e-03 9.987482931269913156e-01 0.000000000000000000e+00 0.000000000000000000e+00 0.000000000000000000e+00
5.250000000000000000e+02 2.100075601074058440e-02 2.162039144287664864e-03 9.978379608557123026e-01 0.000000000000000000e+00 0.000000000000000000e+00 0.000000000000000000e+00
5.500000000000000000e+02 2.200079201125215711e-02 2.275830678197541916e-03 9.977241693218024121e-01 0.000000000000000000e+00 0.000000000000000000e+00 0.000000000000000000e+00
5.750000000000000000e+02 2.300082801176350777e-02 2.617205279927173507e-03 9.973827947200728516e-01 0.000000000000000000e+00 0.000000000000000000e+00 0.000000000000000000e+00
6.000000000000000000e+02 2.400086401227508048e-02 2.730996813837050560e-03 9.972690031861629611e-01 0.000000000000000000e+00 0.000000000000000000e+00 0.000000000000000000e+00
6.250000000000000000e+02 2.500090001278643115e-02 2.617205279927173507e-03 9.973827947200728516e-01 0.000000000000000000e+00 0.000000000000000000e+00 0.000000000000000000e+00
6.500000000000000000e+02 2.600093601329800386e-02 3.527537551206190360e-03 9.963586709148839482e-01 0.000000000000000000e+00 1.137915339098771066e-04 0.000000000000000000e+00
6.750000000000000000e+02 2.700097201380935452e-02 5.575785161583977738e-03 9.941966317705962508e-01 0.000000000000000000e+00 2.275830678197542133e-04 0.000000000000000000e+00
7.000000000000000000e+02 2.800100801432092723e-02 2.617205279927173507e-03 9.973827947200728516e-01 0.000000000000000000e+00 0.000000000000000000e+00 0.000000000000000000e+00
7.250000000000000000e+02 2.900104401483227790e-02 2.958579881656804664e-03 9.970414201183431802e-01 0.000000000000000000e+00 0.000000000000000000e+00 0.000000000000000000e+00
7.500000000000000000e+02 3.000108001534385060e-02 3.868912152935821518e-03 9.961310878470641672e-01 0.000000000000000000e+00 0.000000000000000000e+00 0.000000000000000000e+00
7.750000000000000000e+02 3.100111601585520127e-02 5.461993627674101119e-03 9.943104233045061413e-01 0.000000000000000000e+00 2.275830678197542133e-04 0.000000000000000000e+00
8.000000000000000000e+02 3.200115201636677398e-02 5.348202093764223633e-03 9.945380063723259223e-01 0.000000000000000000e+00 1.137915339098771066e-04 0.000000000000000000e+00
8.250000000000000000e+02 3.300118801687812464e-02 6.258534365043240920e-03 9.935138825671370189e-01 0.000000000000000000e+00 2.275830678197542133e-04 0.000000000000000000e+00
8.500000000000000000e+02 3.400122401738969735e-02 3.982703686845699004e-03 9.959035047792443862e-01 0.000000000000000000e+00 1.137915339098771066e-04 0.000000000000000000e+00
8.750000000000000000e+02 3.500126001790104802e-02 3.755120619025944465e-03 9.962448793809740577e-01 0.000000000000000000e+00 0.000000000000000000e+00 0.000000000000000000e+00
9.000000000000000000e+02 3.600129601841262073e-02 5.689576695493855224e-03 9.941966317705962508e-01 0.000000000000000000e+00 1.137915339098771066e-04 0.000000000000000000e+00
9.250000000000000000e+02 3.700133201892397139e-02 4.893035958124715423e-03 9.951069640418752638e-01 0.000000000000000000e+00 0.000000000000000000e+00 0.000000000000000000e+00
9.500000000000000000e+02 3.800136801943554410e-02 8.306781975421027864e-03 9.914656349567592120e-01 0.000000000000000000e+00 2.275830678197542133e-04 0.000000000000000000e+00
9.750000000000000000e+02 3.900140401994689476e-02 8.079198907601274626e-03 9.915794264906691025e-01 0.000000000000000000e+00 3.413746017296313199e-04 0.000000000000000000e+00
1.000000000000000000e+03 4.000144002045846747e-02 7.055075102412380721e-03 9.922621756941283344e-01 0.000000000000000000e+00 6.827492034592626399e-04 0.000000000000000000e+00
1.025000000000000000e+03 4.100147602096981814e-02 7.737824305871643035e-03 9.922621756941283344e-01 0.000000000000000000e+00 0.000000000000000000e+00 0.000000000000000000e+00
1.050000000000000000e+03 4.200151202148139085e-02 1.035502958579881741e-02 9.895311788802912956e-01 0.000000000000000000e+00 1.137915339098771066e-04 0.000000000000000000e+00
1.075000000000000000e+03 4.300154802199274151e-02 9.786071916249430847e-03 9.898725534820209671e-01 0.000000000000000000e+00 3.413746017296313199e-04 0.000000000000000000e+00
1.100000000000000000e+03 4.400158402250431422e-02 1.206190259444697363e-02 9.878243058716431602e-01 0.000000000000000000e+00 1.137915339098771066e-04 0.000000000000000000e+00
1.125000000000000000e+03 4.500162002301566488e-02 1.376877560309512985e-02 9.854346836595356818e-01 0.000000000000000000e+00 7.965407373691396923e-04 0.000000000000000000e+00
1.150000000000000000e+03 4.600165602352723759e-02 1.103777878925807886e-02 9.886208466090122826e-01 0.000000000000000000e+00 3.413746017296313199e-04 0.000000000000000000e+00
1.175000000000000000e+03 4.700169202403858826e-02 1.342740100136549826e-02 9.860036413290851343e-01 0.000000000000000000e+00 5.689576695493854790e-04 0.000000000000000000e+00
1.200000000000000000e+03 4.800172802455016097e-02 1.001365498406918582e-02 9.896449704142011861e-01 0.000000000000000000e+00 3.413746017296313199e-04 0.000000000000000000e+00
1.225000000000000000e+03 4.900176402506151163e-02 1.570323167956303931e-02 9.837278106508875464e-01 0.000000000000000000e+00 5.689576695493854790e-04 0.000000000000000000e+00
1.250000000000000000e+03 5.000180002557308434e-02 1.593081474738279601e-02 9.836140191169776559e-01 0.000000000000000000e+00 4.551661356395084266e-04 0.000000000000000000e+00
1.275000000000000000e+03 5.100183602608443501e-02 1.684114701866181243e-02 9.824761037778789730e-01 0.000000000000000000e+00 6.827492034592626399e-04 0.000000000000000000e+00
1.300000000000000000e+03 5.200187202659600771e-02 1.672735548475193582e-02 9.825898953117887524e-01 0.000000000000000000e+00 6.827492034592626399e-04 0.000000000000000000e+00
1.325000000000000000e+03 5.300190802710735838e-02 1.558944014565316269e-02 9.838416021847974369e-01 0.000000000000000000e+00 5.689576695493854790e-04 0.000000000000000000e+00
1.350000000000000000e+03 5.400194402761893109e-02 1.911697769685935522e-02 9.805416477014110566e-01 0.000000000000000000e+00 3.413746017296313199e-04 0.000000000000000000e+00
1.375000000000000000e+03 5.500198002813028175e-02 1.763768775603095224e-02 9.816795630405097395e-01 0.000000000000000000e+00 6.827492034592626399e-04 0.000000000000000000e+00
1.400000000000000000e+03 5.600201602864185446e-02 2.332726445152480746e-02 9.762175694128356618e-01 0.000000000000000000e+00 4.551661356395084266e-04 0.000000000000000000e+00
1.425000000000000000e+03 5.700205202915320513e-02 2.617205279927173334e-02 9.730314064633591720e-01 0.000000000000000000e+00 7.965407373691396923e-04 0.000000000000000000e+00
1.450000000000000000e+03 5.800208802966477784e-02 2.628584433318160996e-02 9.723486572598998290e-01 0.000000000000000000e+00 1.365498406918525280e-03 0.000000000000000000e+00
1.475000000000000000e+03 5.900212403017612850e-02 2.469276285844333035e-02 9.740555302685480754e-01 0.000000000000000000e+00 1.251706873008648227e-03 0.000000000000000000e+00
1.500000000000000000e+03 6.000216003068770121e-02 2.753755120619025970e-02 9.705279927173418031e-01 0.000000000000000000e+00 1.934456076467910759e-03 0.000000000000000000e+00
1.525000000000000000e+03 6.100219603119905187e-02 2.127901684114701791e-02 9.775830678197542367e-01 0.000000000000000000e+00 1.137915339098770958e-03 0.000000000000000000e+00
1.550000000000000000e+03 6.200223203171062458e-02 3.060992262175694228e-02 9.672280382339554228e-01 0.000000000000000000e+00 2.162039144287664864e-03 0.000000000000000000e+00
1.575000000000000000e+03 6.300226803222197525e-02 3.186162949476559203e-02 9.659763313609467383e-01 0.000000000000000000e+00 2.162039144287664864e-03 0.000000000000000000e+00
1.600000000000000000e+03 6.400230403273354796e-02 3.504779244424215123e-02 9.624487938097405770e-01 0.000000000000000000e+00 2.503413746017296455e-03 0.000000000000000000e+00
1.625000000000000000e+03 6.500234003324489862e-02 4.050978607191624975e-02 9.567592171142467183e-01 0.000000000000000000e+00 2.730996813837050560e-03 0.000000000000000000e+00
1.650000000000000000e+03 6.600237603375647133e-02 3.664087391898043083e-02 9.615384615384615641e-01 0.000000000000000000e+00 1.820664542558033706e-03 0.000000000000000000e+00
1.675000000000000000e+03 6.700241203426782199e-02 3.834774692762858705e-02 9.589212562585344157e-01 0.000000000000000000e+00 2.730996813837050560e-03 0.000000000000000000e+00
1.700000000000000000e+03 6.800244803477939470e-02 3.322712790168411146e-02 9.651797906235776159e-01 0.000000000000000000e+00 1.593081474738279385e-03 0.000000000000000000e+00
1.725000000000000000e+03 6.900248403529074537e-02 4.745106964041875125e-02 9.514110150204825311e-01 0.000000000000000000e+00 1.137915339098770958e-03 0.000000000000000000e+00
1.750000000000000000e+03 7.000252003580231808e-02 5.587164314974965573e-02 9.412835685025033872e-01 0.000000000000000000e+00 2.844788347746927612e-03 0.000000000000000000e+00
1.775000000000000000e+03 7.100255603631366874e-02 4.415111515703231543e-02 9.510696404187528596e-01 0.000000000000000000e+00 4.779244424214838804e-03 0.000000000000000000e+00
1.800000000000000000e+03 7.200259203682524145e-02 5.063723258989531045e-02 9.458352298588984519e-01 0.000000000000000000e+00 3.527537551206190360e-03 0.000000000000000000e+00
1.825000000000000000e+03 7.300262803733659212e-02 5.769230769230769551e-02 9.390077378243059103e-01 0.000000000000000000e+00 3.299954483386436255e-03 0.000000000000000000e+00
1.850000000000000000e+03 7.400266403784816482e-02 6.087847064178425471e-02 9.343422849340009551e-01 0.000000000000000000e+00 4.779244424214838804e-03 0.000000000000000000e+00
1.875000000000000000e+03 7.500270003835951549e-02 6.838871187983613931e-02 9.245562130177514826e-01 0.000000000000000000e+00 7.055075102412380721e-03 0.000000000000000000e+00
1.900000000000000000e+03 7.600273603887108820e-02 7.100591715976331542e-02 9.241010468821119206e-01 0.000000000000000000e+00 4.893035958124715423e-03 0.000000000000000000e+00
1.925000000000000000e+03 7.700277203938243886e-02 8.295402822030041590e-02 9.102184797451069453e-01 0.000000000000000000e+00 6.827492034592626616e-03 0.000000000000000000e+00
1.950000000000000000e+03 7.800280803989401157e-02 8.602639963586708460e-02 9.068047337278106745e-01 0.000000000000000000e+00 7.168866636322257339e-03 0.000000000000000000e+00
1.975000000000000000e+03 7.900284404040536224e-02 9.330905780609922984e-02 9.008875739644970349e-01 0.000000000000000000e+00 5.803368229403732710e-03 0.000000000000000000e+00
2.000000000000000000e+03 8.000288004091693495e-02 8.079198907601274626e-02 9.126081019572144237e-01 0.000000000000000000e+00 6.599908966772872511e-03 0.000000000000000000e+00
2.025000000000000000e+03 8.100291604142828561e-02 1.003641329085116080e-01 8.925807919890760278e-01 0.000000000000000000e+00 7.055075102412380721e-03 0.000000000000000000e+00
2.050000000000000000e+03 8.200295204193985832e-02 9.763313609467455523e-02 8.920118343195265753e-01 0.000000000000000000e+00 1.035502958579881741e-02 0.000000000000000000e+00
2.075000000000000000e+03 8.300298804245120898e-02 1.220983158852981393e-01 8.636777423759672834e-01 0.000000000000000000e+00 1.422394173873463806e-02 0.000000000000000000e+00
2.100000000000000000e+03 8.400302404296278169e-02 1.340464269458352398e-01 8.470641784251251583e-01 0.000000000000000000e+00 1.888939462903959851e-02 0.000000000000000000e+00
2.125000000000000000e+03 8.500306004347413236e-02 1.411015020482476179e-01 8.372781065088756858e-01 0.000000000000000000e+00 2.162039144287665124e-02 0.000000000000000000e+00
2.150000000000000000e+03 8.600309604398570507e-02 1.470186618115612298e-01 8.248748293126991760e-01 0.000000000000000000e+00 2.810650887573964626e-02 0.000000000000000000e+00
2.175000000000000000e+03 8.700313204449705573e-02 1.533909877105143482e-01 8.136094674556213491e-01 1.137915339098771066e-04 3.288575329995448160e-02 0.000000000000000000e+00
2.200000000000000000e+03 8.800316804500862844e-02 1.808147473827947105e-01 7.798133818843877574e-01 1.137915339098771066e-04 3.925807919890760000e-02 0.000000000000000000e+00
2.225000000000000000e+03 8.900320404551997910e-02 1.796768320436959443e-01 7.726445152480655443e-01 1.137915339098771066e-04 4.756486117432862787e-02 0.000000000000000000e+00
2.250000000000000000e+03 9.000324004603155181e-02 1.982248520710059303e-01 7.454483386436049352e-01 1.137915339098771066e-04 5.621301775147929253e-02 0.000000000000000000e+00
2.275000000000000000e+03 9.100327604654290248e-02 2.175694128356850388e-01 7.094902139280837572e-01 0.000000000000000000e+00 7.294037323623121793e-02 0.000000000000000000e+00
2.300000000000000000e+03 9.200331204705447519e-02 2.297451069640418786e-01 6.868456986800182129e-01 4.551661356395084266e-04 8.295402822030041590e-02 0.000000000000000000e+00
2.325000000000000000e+03 9.300334804756582585e-02 2.639963586709148657e-01 6.321119708693673234e-01 1.024123805188893906e-03 1.028675466545289074e-01 0.000000000000000000e+00
2.350000000000000000e+03 9.400338404807739856e-02 2.646791078743741532e-01 6.100364132908511205e-01 2.048247610377787811e-03 1.232362312243969055e-01 0.000000000000000000e+00
2.375000000000000000e+03 9.500342004858874922e-02 2.907373691397360238e-01 5.591715976331360638e-01 2.958579881656804664e-03 1.471324533454710926e-01 0.000000000000000000e+00
2.400000000000000000e+03 9.600345604910032193e-02 2.988165680473373054e-01 5.294720072826581969e-01 3.755120619025944465e-03 1.679563040509786109e-01 0.000000000000000000e+00
2.425000000000000000e+03 9.700349204961167260e-02 3.167956304050978389e-01 4.913518434228493215e-01 5.917159763313609329e-03 1.859353664087392000e-01 0.000000000000000000e+00
2.450000000000000000e+03 9.800352805012324531e-02 3.268092853891670369e-01 4.520937642239417631e-01 6.486117432862995025e-03 2.146108329540282189e-01 0.000000000000000000e+00
2.475000000000000000e+03 9.900356405063459597e-02 3.236231224396904915e-01 4.360491579426490905e-01 6.372325898953117539e-03 2.339553937187073274e-01 0.000000000000000000e+00
2.500000000000000000e+03 1.000036000511461687e-01 3.425125170687300935e-01 4.082840236686390289e-01 6.713700500682749130e-03 2.424897587619481154e-01 0.000000000000000000e+00
2.525000000000000000e+03 1.010036360516575193e-01 3.516158397815202785e-01 3.833636777423759523e-01 8.989531178880291046e-03 2.560309512972234747e-01 0.000000000000000000e+00
2.550000000000000000e+03 1.020036720521690921e-01 3.508192990441511006e-01 3.759672280382339582e-01 1.137915339098771045e-02 2.618343195266272239e-01 0.000000000000000000e+00
2.575000000000000000e+03 1.030037080526804427e-01 3.487710514337733492e-01 3.619708693673190925e-01 1.490669094219390124e-02 2.743513882567136797e-01 0.000000000000000000e+00
2.600000000000000000e+03 1.040037440531920154e-01 3.575329995448338627e-01 3.413746017296312996e-01 1.649977241693217911e-02 2.845926263086026586e-01 0.000000000000000000e+00
2.625000000000000000e+03 1.050037800537033661e-01 3.486572598998634587e-01 3.271506599908966528e-01 2.253072371415566766e-02 3.016613563950841792e-01 0.000000000000000000e+00
2.650000000000000000e+03 1.060038160542149388e-01 3.636777423759672279e-01 3.108784706417842547e-01 2.162039144287665124e-02 3.038233955393718766e-01 0.000000000000000000e+00
2.675000000000000000e+03 1.070038520547262895e-01 3.673190714610832797e-01 2.969959035047792240e-01 2.560309512972235024e-02 3.100819299044151323e-01 0.000000000000000000e+00
2.700000000000000000e+03 1.080038880552378622e-01 3.706190259444697155e-01 2.845926263086026586e-01 3.174783796085571541e-02 3.130405097860718966e-01 0.000000000000000000e+00
2.725000000000000000e+03 1.090039240557492128e-01 3.645880746472462408e-01 2.729858898497951603e-01 3.618570778334091742e-02 3.262403277196176399e-01 0.000000000000000000e+00
2.750000000000000000e+03 1.100039600562607855e-01 3.552571688666363303e-01 2.683204369594902050e-01 3.652708238507055422e-02 3.398953117888028896e-01 0.000000000000000000e+00
2.775000000000000000e+03 1.110039960567721362e-01 3.667501137915338827e-01 2.465862539827036737e-01 3.595812471552116418e-02 3.507055075102412656e-01 0.000000000000000000e+00
2.800000000000000000e+03 1.120040320572837089e-01 3.636777423759672279e-01 2.390760127446517891e-01 4.176149294492489950e-02 3.554847519344560558e-01 0.000000000000000000e+00
2.825000000000000000e+03 1.130040680577950596e-01 3.773327264451524776e-01 2.234865725989986229e-01 4.494765589440145870e-02 3.542330450614474269e-01 0.000000000000000000e+00
2.850000000000000000e+03 1.140041040583066323e-01 3.773327264451524776e-01 2.170004551661356418e-01 4.813381884387801790e-02 3.575329995448338627e-01 0.000000000000000000e+00
2.875000000000000000e+03 1.150041400588179830e-01 3.806326809285389134e-01 2.041420118343195145e-01 5.939918070095585173e-02 3.558261265361857273e-01 0.000000000000000000e+00
2.900000000000000000e+03 1.160041760593295557e-01 3.988393263541192280e-01 1.998179335457442030e-01 7.180245789713245175e-02 3.295402822030040757e-01 0.000000000000000000e+00
2.925000000000000000e+03 1.170042120598409063e-01 3.868912152935821691e-01 1.918525261720528119e-01 7.988165680473373331e-02 3.413746017296312996e-01 0.000000000000000000e+00
2.950000000000000000e+03 1.180042480603524790e-01 4.005461993627674189e-01 1.808147473827947105e-01 8.079198907601274626e-02 3.378470641784251383e-01 0.000000000000000000e+00
2.975000000000000000e+03 1.190042840608638297e-01 3.916704597177970149e-01 1.808147473827947105e-01 9.080564406008193035e-02 3.367091488393263443e-01 0.000000000000000000e+00
3.000000000000000000e+03 1.200043200613754024e-01 4.036185707783340737e-01 1.718252162039144160e-01 9.148839326354119006e-02 3.330678197542102925e-01 0.000000000000000000e+00
3.025000000000000000e+03 1.210043560618867531e-01 4.185252617205280079e-01 1.613563950842057393e-01 9.706417842512517213e-02 3.230541647701410946e-01 0.000000000000000000e+00
3.050000000000000000e+03 1.220043920623983258e-01 4.268320436959490149e-01 1.494082840236686527e-01 1.021847974510696339e-01 3.215748748293126846e-01 0.000000000000000000e+00
3.075000000000000000e+03 1.230044280629096765e-01 4.234182976786526886e-01 1.375739644970414288e-01 1.063950842057350965e-01 3.326126536185707860e-01 0.000000000000000000e+00
3.100000000000000000e+03 1.240044640634212492e-01 4.281975421028675344e-01 1.294947655894401473e-01 1.123122439690487084e-01 3.299954483386435822e-01 0.000000000000000000e+00
3.125000000000000000e+03 1.250045000639325998e-01 4.152253072371415721e-01 1.251706873008648080e-01 1.092398725534820259e-01 3.503641329085115941e-01 0.000000000000000000e+00
3.150000000000000000e+03 1.260045360644441725e-01 4.203459262630860338e-01 1.169776968593536637e-01 1.084433318161128756e-01 3.542330450614474269e-01 0.000000000000000000e+00
3.175000000000000000e+03 1.270045720649555232e-01 4.103322712790168358e-01 1.111743286299499284e-01 1.160673645880746507e-01 3.624260355029585989e-01 0.000000000000000000e+00
3.200000000000000000e+03 1.280046080654670959e-01 4.195493855257169113e-01 1.036640873918980438e-01 1.183431952662721831e-01 3.584433318161128756e-01 0.000000000000000000e+00
3.225000000000000000e+03 1.290046440659784466e-01 4.214838416021847722e-01 9.706417842512517213e-02 1.195949021392808398e-01 3.618570778334092020e-01 0.000000000000000000e+00
3.250000000000000000e+03 1.300046800664900193e-01 4.271734182976786309e-01 9.467455621301774926e-02 1.274465179790623681e-01 3.507055075102412656e-01 0.000000000000000000e+00
3.275000000000000000e+03 1.310047160670013700e-01 4.343422849340008995e-01 8.955393718707328754e-02 1.261948111060537114e-01 3.499089667728720876e-01 0.000000000000000000e+00
3.300000000000000000e+03 1.320047520675129427e-01 4.399180700955848677e-01 8.363677742375967561e-02 1.294947655894401473e-01 3.469503868912152678e-01 0.000000000000000000e+00
3.325000000000000000e+03 1.330047880680242933e-01 4.516385980883022566e-01 8.352298588984979899e-02 1.381429221665907980e-01 3.266954938552571464e-01 0.000000000000000000e+00
3.350000000000000000e+03 1.340048240685358660e-01 4.527765134274009950e-01 7.794720072826581692e-02 1.337050523441055960e-01 3.355712335002276059e-01 0.000000000000000000e+00
3.375000000000000000e+03 1.350048600690472167e-01 4.544833864360491305e-01 7.703686845698680397e-02 1.398497951752389612e-01 3.286299499317250628e-01 0.000000000000000000e+00
3.400000000000000000e+03 1.360048960695587894e-01 4.630177514792899185e-01 7.555757851615839404e-02 1.403049613108784677e-01 3.211197086936731782e-01 0.000000000000000000e+00
3.425000000000000000e+03 1.370049320700701401e-01 4.713245334547109811e-01 7.339553937187073829e-02 1.459945380063723264e-01 3.092853891670459543e-01 0.000000000000000000e+00
3.450000000000000000e+03 1.380049680705817128e-01 4.689349112426035582e-01 7.669549385525717411e-02 1.483841602184797492e-01 3.059854346836595185e-01 0.000000000000000000e+00
3.475000000000000000e+03 1.390050040710930634e-01 4.714383249886208715e-01 7.680928538916705073e-02 1.502048247610377751e-01 3.015475648611743442e-01 0.000000000000000000e+00
3.500000000000000000e+03 1.400050400716046362e-01 4.648384160218479999e-01 7.646791078743742087e-02 1.530496131087847045e-01 3.056440600819299025e-01 0.000000000000000000e+00
3.525000000000000000e+03 1.410050760721159868e-01 4.638142922166590965e-01 7.066454255803368556e-02 1.626081019572143960e-01 3.029130632680928636e-01 0.000000000000000000e+00
3.550000000000000000e+03 1.420051120726275595e-01 4.947655894401456478e-01 6.565771506599908658e-02 1.659080564406008318e-01 2.736686390532544477e-01 0.000000000000000000e+00
3.575000000000000000e+03 1.430051480731389102e-01 4.741693218024579104e-01 6.884387801547564578e-02 1.705735093309057870e-01 2.864132908511606845e-01 0.000000000000000000e+00
3.600000000000000000e+03 1.440051840736504829e-01 4.895311788802912956e-01 6.224396904870277414e-02 1.646563495675921751e-01 2.835685025034137552e-01 0.000000000000000000e+00
3.625000000000000000e+03 1.450052200741618336e-01 4.968138370505234547e-01 6.099226217569413133e-02 1.688666363222576239e-01 2.733272644515248317e-01 0.000000000000000000e+00
3.650000000000000000e+03 1.460052560746734063e-01 5.000000000000000000e-01 6.474738279472007363e-02 1.759217114246700020e-01 2.593309057806099105e-01 0.000000000000000000e+00
3.675000000000000000e+03 1.470052920751847569e-01 5.044378698224851743e-01 5.905780609922621494e-02 1.803595812471552040e-01 2.561447428311333652e-01 0.000000000000000000e+00
3.700000000000000000e+03 1.480053280756963296e-01 4.938552571688666348e-01 6.167501137915339104e-02 1.903732362312244020e-01 2.540964952207555583e-01 0.000000000000000000e+00
3.725000000000000000e+03 1.490053640762076803e-01 4.993172507965407125e-01 6.315430131998178709e-02 1.887801547564861293e-01 2.487482931269913433e-01 0.000000000000000000e+00
3.750000000000000000e+03 1.500054000767192530e-01 4.903277196176604735e-01 5.860263996358670846e-02 1.836595357305416398e-01 2.674101046882111921e-01 0.000000000000000000e+00
3.775000000000000000e+03 1.510054360772306037e-01 5.117205279927173889e-01 5.598543468365953235e-02 1.859353664087392000e-01 2.463586709148839204e-01 0.000000000000000000e+00
3.800000000000000000e+03 1.520054720777421764e-01 5.229858898497952158e-01 5.791989076012744875e-02 1.855939918070095562e-01 2.335002275830678209e-01 0.000000000000000000e+00
3.825000000000000000e+03 1.530055080782535271e-01 5.232134729176148857e-01 5.746472462448793533e-02 1.826354119253527641e-01 2.366863905325443662e-01 0.000000000000000000e+00
3.850000000000000000e+03 1.540055440787650998e-01 5.159308147473827821e-01 5.666818388711879900e-02 1.875284478834774726e-01 2.398725534820209393e-01 0.000000000000000000e+00
3.875000000000000000e+03 1.550055800792764504e-01 5.095584888484296915e-01 5.416477014110149951e-02 1.960628129267182607e-01 2.402139280837505553e-01 0.000000000000000000e+00
3.900000000000000000e+03 1.560056160797880231e-01 5.367546654528903005e-01 5.632680928538916915e-02 1.916249431042330587e-01 2.152935821574874786e-01 0.000000000000000000e+00
3.925000000000000000e+03 1.570056520802993738e-01 5.316340464269457833e-01 5.575785161583977911e-02 1.960628129267182607e-01 2.165452890304961353e-01 0.000000000000000000e+00
3.950000000000000000e+03 1.580056880808109465e-01 5.335685025034136997e-01 5.200273099681383682e-02 1.991351843422849432e-01 2.152935821574874786e-01 0.000000000000000000e+00
3.975000000000000000e+03 1.590057240813222972e-01 5.408511606736459143e-01 5.143377332726445372e-02 1.999317250796540657e-01 2.077833409194355940e-01 0.000000000000000000e+00
4.000000000000000000e+03 1.600057600818338699e-01 5.455166135639508695e-01 5.541647701411014926e-02 2.084660901228948537e-01 1.906008192990441552e-01 0.000000000000000000e+00
4.025000000000000000e+03 1.610057960823452206e-01 5.482476103777879084e-01 5.359581247155211642e-02 2.059626763768775681e-01 1.921939007737824279e-01 0.000000000000000000e+00
4.050000000000000000e+03 1.620058320828567933e-01 5.558716431497496835e-01 4.893035958124715423e-02 2.018661811561219821e-01 1.933318161128811941e-01 0.000000000000000000e+00
4.075000000000000000e+03 1.630058680833681439e-01 5.571233500227582569e-01 5.200273099681383682e-02 2.034592626308602548e-01 1.874146563495675821e-01 0.000000000000000000e+00
4.100000000000000000e+03 1.640059040838797166e-01 5.553026854802002310e-01 5.257168866636321991e-02 2.057350933090578149e-01 1.863905325443787064e-01 0.000000000000000000e+00
4.125000000000000000e+03 1.650059400843910673e-01 5.646335912608101415e-01 5.302685480200273332e-02 1.984524351388256835e-01 1.838871187983613931e-01 0.000000000000000000e+00
4.150000000000000000e+03 1.660059760849026400e-01 5.614474283113336517e-01 5.700955848884842886e-02 2.044833864360491582e-01 1.770596267637687682e-01 0.000000000000000000e+00
4.175000000000000000e+03 1.670060120854139907e-01 5.681611288120164138e-01 5.382339553937186966e-02 2.092626308602640040e-01 1.687528447883477334e-01 0.000000000000000000e+00
4.200000000000000000e+03 1.680060480859255634e-01 5.639508420573509095e-01 5.416477014110149951e-02 2.065316340464269373e-01 1.753527537551206328e-01 0.000000000000000000e+00
4.225000000000000000e+03 1.690060840864369140e-01 5.758989531178880794e-01 5.894401456531633832e-02 2.066454255803368278e-01 1.585116067364588099e-01 0.000000000000000000e+00
4.250000000000000000e+03 1.700061200869484868e-01 5.789713245334546787e-01 5.723714155666818210e-02 2.122212107419207960e-01 1.515703231679562946e-01 0.000000000000000000e+00
4.275000000000000000e+03 1.710061560874598374e-01 5.753299954483386269e-01 5.974055530268548159e-02 2.148384160218479721e-01 1.500910332271279124e-01 0.000000000000000000e+00
4.300000000000000000e+03 1.720061920879714101e-01 5.832954028220300735e-01 5.803368229403732537e-02 2.102867546654528796e-01 1.483841602184797492e-01 0.000000000000000000e+00
4.325000000000000000e+03 1.730062280884827608e-01 5.917159763313609711e-01 5.735093309057805872e-02 2.080109239872553473e-01 1.429221665908056438e-01 0.000000000000000000e+00
4.350000000000000000e+03 1.740062640889943335e-01 5.912608101957214091e-01 5.860263996358670846e-02 2.157487482931269851e-01 1.343878015475648557e-01 0.000000000000000000e+00
4.375000000000000000e+03 1.750063000895056842e-01 5.914883932635411901e-01 5.883022303140646170e-02 2.142694583522985752e-01 1.354119253527537592e-01 0.000000000000000000e+00
4.400000000000000000e+03 1.760063360900172569e-01 5.922849340009103125e-01 6.087847064178425471e-02 2.176832043695949015e-01 1.291533909877105035e-01 0.000000000000000000e+00
4.425000000000000000e+03 1.770063720905286075e-01 5.951297223486572419e-01 6.065088757396449454e-02 2.163177059626763821e-01 1.279016841147018746e-01 0.000000000000000000e+00
4.450000000000000000e+03 1.780064080910401803e-01 5.911470186618115186e-01 6.133363677742376119e-02 2.151797906235776159e-01 1.323395539371870766e-01 0.000000000000000000e+00
4.475000000000000000e+03 1.790064440915515309e-01 6.003641329085116496e-01 6.315430131998178709e-02 2.135867091488393155e-01 1.228948566226672756e-01 0.000000000000000000e+00
4.500000000000000000e+03 1.800064800920631036e-01 5.962676376877560358e-01 6.474738279472007363e-02 2.117660446062812896e-01 1.272189349112426149e-01 0.000000000000000000e+00
4.525000000000000000e+03 1.810065160925744543e-01 6.102639963586709015e-01 6.178880291306326766e-02 2.066454255803368278e-01 1.213017751479289891e-01 0.000000000000000000e+00
4.550000000000000000e+03 1.820065520930860270e-01 6.106053709604005730e-01 6.099226217569413133e-02 2.057350933090578149e-01 1.226672735548475224e-01 0.000000000000000000e+00
4.575000000000000000e+03 1.830065880935973777e-01 6.149294492489758568e-01 6.486117432862995025e-02 2.066454255803368278e-01 1.135639508420573512e-01 0.000000000000000000e+00
4.600000000000000000e+03 1.840066240941089504e-01 6.102639963586709015e-01 6.884387801547564578e-02 2.081247155211652378e-01 1.127674101046882149e-01 0.000000000000000000e+00
4.625000000000000000e+03 1.850066600946203010e-01 6.108329540282203540e-01 7.055075102412380894e-02 2.090350477924442507e-01 1.095812471552116557e-01 0.000000000000000000e+00
4.650000000000000000e+03 1.860066960951318737e-01 6.116294947655894765e-01 7.430587164314975124e-02 2.109695038689121394e-01 1.030951297223486607e-01 0.000000000000000000e+00
4.675000000000000000e+03 1.870067320956432244e-01 6.061675011379152878e-01 7.555757851615839404e-02 2.069868001820664438e-01 1.111743286299499284e-01 1.137915339098771066e-04
4.700000000000000000e+03 1.880067680961547971e-01 6.173190714610833352e-01 7.589895311788802390e-02 2.031178880291306388e-01 1.036640873918980438e-01 0.000000000000000000e+00
4.725000000000000000e+03 1.890068040966661478e-01 6.176604460628128956e-01 7.715065999089668058e-02 2.025489303595812418e-01 1.026399635867091542e-01 0.000000000000000000e+00
4.750000000000000000e+03 1.900068400971777205e-01 6.145880746472462963e-01 7.897132453345470648e-02 2.030040964952207483e-01 1.033227127901684139e-01 1.137915339098771066e-04
4.775000000000000000e+03 1.910068760976890712e-01 6.183431952662722386e-01 7.942649066909421296e-02 2.030040964952207483e-01 9.922621756941284177e-02 0.000000000000000000e+00
4.800000000000000000e+03 1.920069120982006439e-01 6.272189349112425871e-01 7.919890760127445972e-02 1.998179335457442030e-01 9.365043240782885969e-02 1.137915339098771066e-04
4.825000000000000000e+03 1.930069480987119945e-01 6.271051433773326966e-01 7.771961766044606368e-02 2.002730996813837094e-01 9.478834774692762588e-02 1.137915339098771066e-04
4.850000000000000000e+03 1.940069840992235672e-01 6.286982248520710526e-01 8.090578060992262288e-02 1.995903504779244497e-01 9.069185252617205373e-02 1.137915339098771066e-04
4.875000000000000000e+03 1.950070200997349179e-01 6.253982703686845612e-01 8.363677742375967561e-02 2.036868456986800080e-01 8.727810650887574129e-02 0.000000000000000000e+00
4.900000000000000000e+03 1.960070561002464906e-01 6.301775147928994070e-01 8.352298588984979899e-02 1.994765589440145592e-01 8.682294037323623481e-02 0.000000000000000000e+00
4.925000000000000000e+03 1.970070921007578413e-01 6.367774237596722786e-01 8.488848429676831842e-02 1.933318161128811941e-01 8.500227583067819503e-02 0.000000000000000000e+00
4.950000000000000000e+03 1.980071281012694140e-01 6.393946290395994270e-01 8.284023668639053928e-02 1.937869822485207005e-01 8.397815202548930547e-02 0.000000000000000000e+00
4.975000000000000000e+03 1.990071641017807647e-01 6.431497496586253693e-01 8.158852981338188259e-02 1.936731907146108378e-01 8.158852981338188259e-02 0.000000000000000000e+00
5.000000000000000000e+03 2.000072001022923374e-01 6.450842057350932857e-01 8.659535730541648157e-02 1.903732362312244020e-01 7.794720072826581692e-02 0.000000000000000000e+00
5.025000000000000000e+03 2.010072361028036880e-01 6.406463359126081114e-01 8.739189804278561791e-02 1.932180245789713313e-01 7.874374146563495325e-02 0.000000000000000000e+00
5.050000000000000000e+03 2.020072721033152607e-01 6.478152025489303245e-01 8.761948111060537114e-02 1.843422849340008995e-01 8.010923987255348655e-02 1.137915339098771066e-04
5.075000000000000000e+03 2.030073081038266114e-01 6.417842512517069054e-01 8.705052344105598805e-02 1.886663632225762388e-01 8.238507055075101893e-02 1.137915339098771066e-04
5.100000000000000000e+03 2.040073441043381841e-01 6.496358670914883504e-01 8.716431497496586467e-02 1.887801547564861293e-01 7.441966317705962786e-02 0.000000000000000000e+00
5.125000000000000000e+03 2.050073801048495348e-01 6.546426945835229771e-01 8.363677742375967561e-02 1.884387801547564856e-01 7.328174783796086167e-02 0.000000000000000000e+00
5.150000000000000000e+03 2.060074161053611075e-01 6.629494765589439842e-01 8.079198907601274626e-02 1.854802002730996935e-01 7.077833409194356218e-02 0.000000000000000000e+00
5.175000000000000000e+03 2.070074521058724581e-01 6.601046882111970548e-01 7.988165680473373331e-02 1.832043695949021334e-01 7.669549385525717411e-02 1.137915339098771066e-04
5.200000000000000000e+03 2.080074881063838088e-01 6.565771506599908935e-01 8.340919435593992237e-02 1.868456986800182129e-01 7.305416477014110843e-02 1.137915339098771066e-04
5.225000000000000000e+03 2.090075241068953815e-01 6.634046426945835462e-01 8.067819754210286964e-02 1.840009103322712836e-01 7.157487482931269851e-02 3.413746017296313199e-04
5.250000000000000000e+03 2.100075601074067322e-01 6.685252617205279524e-01 7.658170232134729749e-02 1.820664542558033672e-01 7.271279016841146470e-02 1.137915339098771066e-04
5.275000000000000000e+03 2.110075961079183049e-01 6.694355939918069653e-01 7.919890760127445972e-02 1.861629494765589532e-01 6.508875739644970349e-02 1.137915339098771066e-04
5.300000000000000000e+03 2.120076321084296556e-01 6.719390077378243342e-01 8.079198907601274626e-02 1.812699135184342170e-01 6.599908966772871644e-02 0.000000000000000000e+00
5.325000000000000000e+03 2.130076681089412283e-01 6.690942193900774049e-01 8.284023668639053928e-02 1.862767410104688159e-01 6.144742831133363781e-02 3.413746017296313199e-04
5.350000000000000000e+03 2.140077041094525789e-01 6.810423304506144637e-01 8.295402822030041590e-02 1.771734182976786587e-01 5.883022303140646170e-02 0.000000000000000000e+00
5.375000000000000000e+03 2.150077401099641516e-01 6.601046882111970548e-01 8.397815202548930547e-02 1.895766954938552518e-01 6.611288120163859305e-02 2.275830678197542133e-04
5.400000000000000000e+03 2.160077761104755023e-01 6.719390077378243342e-01 8.295402822030041590e-02 1.786527082385070686e-01 6.645425580336822291e-02 0.000000000000000000e+00
5.425000000000000000e+03 2.170078121109870750e-01 6.755803368229403860e-01 8.568502503413745475e-02 1.818388711879836139e-01 5.689576695493855224e-02 0.000000000000000000e+00
5.450000000000000000e+03 2.180078481114984257e-01 6.800182066454255603e-01 8.466090122894856518e-02 1.763768775603095085e-01 5.883022303140646170e-02 1.137915339098771066e-04
5.475000000000000000e+03 2.190078841120099984e-01 6.756941283568502765e-01 8.249886208466089554e-02 1.800182066454255880e-01 6.178880291306326766e-02 0.000000000000000000e+00
5.500000000000000000e+03 2.200079201125213491e-01 6.726217569412835662e-01 8.659535730541648157e-02 1.796768320436959443e-01 6.099226217569413133e-02 1.137915339098771066e-04
5.525000000000000000e+03 2.210079561130329218e-01 6.746700045516613731e-01 9.080564406008193035e-02 1.814974965862539702e-01 5.291306326809285671e-02 1.137915339098771066e-04
5.550000000000000000e+03 2.220079921135442724e-01 6.868456986800182129e-01 8.784706417842512438e-02 1.743286299499317293e-01 5.075102412380518707e-02 2.275830678197542133e-04
5.575000000000000000e+03 2.230080281140558451e-01 6.956076467910787819e-01 8.773327264451524776e-02 1.671597633136094607e-01 4.938552571688666071e-02 1.137915339098771066e-04
5.600000000000000000e+03 2.240080641145671958e-01 6.924214838416021811e-01 8.682294037323623481e-02 1.693218024578971304e-01 5.143377332726445372e-02 0.000000000000000000e+00
5.625000000000000000e+03 2.250081001150787685e-01 6.878698224852071164e-01 9.012289485662267063e-02 1.686390532544378706e-01 5.325443786982248656e-02 1.137915339098771066e-04
5.650000000000000000e+03 2.260081361155901192e-01 6.845698680018206250e-01 8.989531178880291740e-02 1.727355484751934567e-01 5.268548020027309653e-02 1.137915339098771066e-04
5.675000000000000000e+03 2.270081721161016919e-01 6.904870277651342647e-01 8.887118798361401395e-02 1.662494310423304478e-01 5.427856167501137613e-02 1.137915339098771066e-04
