# itime ezz other fcc hcp bcc ico
0.000000000000000000e+00 0.000000000000000000e+00 0.000000000000000000e+00 1.000000000000000000e+00 0.000000000000000000e+00 0.000000000000000000e+00 0.000000000000000000e+00
2.500000000000000000e+02 9.999648170944119840e-04 0.000000000000000000e+00 1.000000000000000000e+00 0.000000000000000000e+00 0.000000000000000000e+00 0.000000000000000000e+00
5.000000000000000000e+02 1.999929634188601923e-03 0.000000000000000000e+00 1.000000000000000000e+00 0.000000000000000000e+00 0.000000000000000000e+00 0.000000000000000000e+00
7.500000000000000000e+02 2.999894451283013908e-03 0.000000000000000000e+00 1.000000000000000000e+00 0.000000000000000000e+00 0.000000000000000000e+00 0.000000000000000000e+00
1.000000000000000000e+03 3.999859268377203847e-03 0.000000000000000000e+00 1.000000000000000000e+00 0.000000000000000000e+00 0.000000000000000000e+00 0.000000000000000000e+00
1.250000000000000000e+03 4.999824085471615831e-03 0.000000000000000000e+00 1.000000000000000000e+00 0.000000000000000000e+00 0.000000000000000000e+00 0.000000000000000000e+00
1.500000000000000000e+03 5.999788902565805770e-03 0.000000000000000000e+00 1.000000000000000000e+00 0.000000000000000000e+00 0.000000000000000000e+00 0.000000000000000000e+00
1.750000000000000000e+03 6.999753719660217754e-03 0.000000000000000000e+00 1.000000000000000000e+00 0.000000000000000000e+00 0.000000000000000000e+00 0.000000000000000000e+00
2.000000000000000000e+03 7.999718536754407694e-03 0.000000000000000000e+00 1.000000000000000000e+00 0.000000000000000000e+00 0.000000000000000000e+00 0.000000000000000000e+00
2.250000000000000000e+03 8.999683353848819678e-03 3.413746017296313199e-04 9.996586253982703285e-01 0.000000000000000000e+00 0.000000000000000000e+00 0.000000000000000000e+00
2.500000000000000000e+03 9.999648170943009617e-03 0.000000000000000000e+00 1.000000000000000000e+00 0.000000000000000000e+00 0.000000000000000000e+00 0.000000000000000000e+00
2.750000000000000000e+03 1.099961298803742160e-02 0.000000000000000000e+00 1.000000000000000000e+00 0.000000000000000000e+00 0.000000000000000000e+00 0.000000000000000000e+00
3.000000000000000000e+03 1.199957780513161154e-02 0.000000000000000000e+00 1.000000000000000000e+00 0.000000000000000000e+00 0.000000000000000000e+00 0.000000000000000000e+00
3.250000000000000000e+03 1.299954262222602352e-02 0.000000000000000000e+00 1.000000000000000000e+00 0.000000000000000000e+00 0.000000000000000000e+00 0.000000000000000000e+00
3.500000000000000000e+03 1.399950743932021346e-02 0.000000000000000000e+00 1.000000000000000000e+00 0.000000000000000000e+00 0.000000000000000000e+00 0.000000000000000000e+00
3.750000000000000000e+03 1.499947225641462545e-02 0.000000000000000000e+00 1.000000000000000000e+00 0.000000000000000000e+00 0.000000000000000000e+00 0.000000000000000000e+00
4.000000000000000000e+03 1.599943707350881539e-02 4.551661356395084266e-04 9.995448338643604380e-01 0.000000000000000000e+00 0.000000000000000000e+00 0.000000000000000000e+00
4.250000000000000000e+03 1.699940189060322737e-02 0.000000000000000000e+00 1.000000000000000000e+00 0.000000000000000000e+00 0.000000000000000000e+00 0.000000000000000000e+00
4.500000000000000000e+03 1.799936670769741731e-02 0.000000000000000000e+00 1.000000000000000000e+00 0.000000000000000000e+00 0.000000000000000000e+00 0.000000000000000000e+00
4.750000000000000000e+03 1.899933152479182930e-02 0.000000000000000000e+00 1.000000000000000000e+00 0.000000000000000000e+00 0.000000000000000000e+00 0.000000000000000000e+00
5.000000000000000000e+03 1.999929634188601923e-02 0.000000000000000000e+00 1.000000000000000000e+00 0.000000000000000000e+00 0.000000000000000000e+00 0.000000000000000000e+00
5.250000000000000000e+03 2.099926115898043122e-02 0.000000000000000000e+00 1.000000000000000000e+00 0.000000000000000000e+00 0.000000000000000000e+00 0.000000000000000000e+00
5.500000000000000000e+03 2.199922597607484320e-02 0.000000000000000000e+00 1.000000000000000000e+00 0.000000000000000000e+00 0.000000000000000000e+00 0.000000000000000000e+00
5.750000000000000000e+03 2.299919079316903314e-02 0.000000000000000000e+00 1.000000000000000000e+00 0.000000000000000000e+00 0.000000000000000000e+00 0.000000000000000000e+00
6.000000000000000000e+03 2.399915561026344513e-02 0.000000000000000000e+00 1.000000000000000000e+00 0.000000000000000000e+00 0.000000000000000000e+00 0.000000000000000000e+00
6.250000000000000000e+03 2.499912042735763507e-02 0.000000000000000000e+00 1.000000000000000000e+00 0.000000000000000000e+00 0.000000000000000000e+00 0.000000000000000000e+00
6.500000000000000000e+03 2.599908524445204705e-02 3.413746017296313199e-04 9.996586253982703285e-01 0.000000000000000000e+00 0.000000000000000000e+00 0.000000000000000000e+00
6.750000000000000000e+03 2.699905006154623699e-02 0.000000000000000000e+00 1.000000000000000000e+00 0.000000000000000000e+00 0.000000000000000000e+00 0.000000000000000000e+00
7.000000000000000000e+03 2.799901487864064897e-02 0.000000000000000000e+00 1.000000000000000000e+00 0.000000000000000000e+00 0.000000000000000000e+00 0.000000000000000000e+00
7.250000000000000000e+03 2.899897969573483891e-02 0.000000000000000000e+00 1.000000000000000000e+00 0.000000000000000000e+00 0.000000000000000000e+00 0.000000000000000000e+00
7.500000000000000000e+03 2.999894451282925090e-02 2.275830678197542133e-04 9.997724169321802190e-01 0.000000000000000000e+00 0.000000000000000000e+00 0.000000000000000000e+00
7.750000000000000000e+03 3.099890932992344084e-02 0.000000000000000000e+00 1.000000000000000000e+00 0.000000000000000000e+00 0.000000000000000000e+00 0.000000000000000000e+00
8.000000000000000000e+03 3.199887414701785282e-02 1.137915339098771066e-04 9.998862084660901095e-01 0.000000000000000000e+00 0.000000000000000000e+00 0.000000000000000000e+00
8.250000000000000000e+03 3.299883896411204276e-02 0.000000000000000000e+00 1.000000000000000000e+00 0.000000000000000000e+00 0.000000000000000000e+00 0.000000000000000000e+00
8.500000000000000000e+03 3.399880378120645474e-02 0.000000000000000000e+00 1.000000000000000000e+00 0.000000000000000000e+00 0.000000000000000000e+00 0.000000000000000000e+00
8.750000000000000000e+03 3.499876859830064468e-02 0.000000000000000000e+00 1.000000000000000000e+00 0.000000000000000000e+00 0.000000000000000000e+00 0.000000000000000000e+00
9.000000000000000000e+03 3.599873341539505667e-02 1.137915339098771066e-04 9.998862084660901095e-01 0.000000000000000000e+00 0.000000000000000000e+00 0.000000000000000000e+00
9.250000000000000000e+03 3.699869823248924661e-02 2.275830678197542133e-04 9.997724169321802190e-01 0.000000000000000000e+00 0.000000000000000000e+00 0.000000000000000000e+00
9.500000000000000000e+03 3.799866304958365859e-02 0.000000000000000000e+00 1.000000000000000000e+00 0.000000000000000000e+00 0.000000000000000000e+00 0.000000000000000000e+00
9.750000000000000000e+03 3.899862786667784853e-02 0.000000000000000000e+00 1.000000000000000000e+00 0.000000000000000000e+00 0.000000000000000000e+00 0.000000000000000000e+00
1.000000000000000000e+04 3.999859268377226051e-02 4.551661356395084266e-04 9.995448338643604380e-01 0.000000000000000000e+00 0.000000000000000000e+00 0.000000000000000000e+00
1.025000000000000000e+04 4.099855750086667250e-02 0.000000000000000000e+00 1.000000000000000000e+00 0.000000000000000000e+00 0.000000000000000000e+00 0.000000000000000000e+00
1.050000000000000000e+04 4.199852231796086244e-02 0.000000000000000000e+00 1.000000000000000000e+00 0.000000000000000000e+00 0.000000000000000000e+00 0.000000000000000000e+00
1.075000000000000000e+04 4.299848713505527442e-02 1.137915339098771066e-04 9.998862084660901095e-01 0.000000000000000000e+00 0.000000000000000000e+00 0.000000000000000000e+00
1.100000000000000000e+04 4.399845195214946436e-02 0.000000000000000000e+00 1.000000000000000000e+00 0.000000000000000000e+00 0.000000000000000000e+00 0.000000000000000000e+00
1.125000000000000000e+04 4.499841676924387635e-02 3.413746017296313199e-04 9.996586253982703285e-01 0.000000000000000000e+00 0.000000000000000000e+00 0.000000000000000000e+00
1.150000000000000000e+04 4.599838158633806628e-02 1.137915339098771066e-04 9.998862084660901095e-01 0.000000000000000000e+00 0.000000000000000000e+00 0.000000000000000000e+00
1.175000000000000000e+04 4.699834640343247827e-02 1.137915339098771066e-04 9.998862084660901095e-01 0.000000000000000000e+00 0.000000000000000000e+00 0.000000000000000000e+00
1.200000000000000000e+04 4.799831122052666821e-02 2.275830678197542133e-04 9.996586253982703285e-01 0.000000000000000000e+00 1.137915339098771066e-04 0.000000000000000000e+00
1.225000000000000000e+04 4.899827603762108019e-02 5.689576695493854790e-04 9.993172507965407680e-01 0.000000000000000000e+00 1.137915339098771066e-04 0.000000000000000000e+00
1.250000000000000000e+04 4.999824085471527013e-02 4.551661356395084266e-04 9.995448338643604380e-01 0.000000000000000000e+00 0.000000000000000000e+00 0.000000000000000000e+00
1.275000000000000000e+04 5.099820567180968212e-02 0.000000000000000000e+00 1.000000000000000000e+00 0.000000000000000000e+00 0.000000000000000000e+00 0.000000000000000000e+00
1.300000000000000000e+04 5.199817048890387206e-02 1.137915339098771066e-04 9.998862084660901095e-01 0.000000000000000000e+00 0.000000000000000000e+00 0.000000000000000000e+00
1.325000000000000000e+04 5.299813530599828404e-02 3.413746017296313199e-04 9.996586253982703285e-01 0.000000000000000000e+00 0.000000000000000000e+00 0.000000000000000000e+00
1.350000000000000000e+04 5.399810012309247398e-02 4.551661356395084266e-04 9.995448338643604380e-01 0.000000000000000000e+00 0.000000000000000000e+00 0.000000000000000000e+00
1.375000000000000000e+04 5.499806494018688596e-02 3.413746017296313199e-04 9.996586253982703285e-01 0.000000000000000000e+00 0.000000000000000000e+00 0.000000000000000000e+00
1.400000000000000000e+04 5.599802975728107590e-02 1.024123805188893906e-03 9.989758761948110966e-01 0.000000000000000000e+00 0.000000000000000000e+00 0.000000000000000000e+00
1.425000000000000000e+04 5.699799457437548789e-02 1.137915339098771066e-04 9.998862084660901095e-01 0.000000000000000000e+00 0.000000000000000000e+00 0.000000000000000000e+00
1.450000000000000000e+04 5.799795939146967783e-02 5.689576695493854790e-04 9.994310423304506585e-01 0.000000000000000000e+00 0.000000000000000000e+00 0.000000000000000000e+00
1.475000000000000000e+04 5.899792420856408981e-02 9.103322712790168532e-04 9.990896677287209870e-01 0.000000000000000000e+00 0.000000000000000000e+00 0.000000000000000000e+00
1.500000000000000000e+04 5.999788902565827975e-02 1.024123805188893906e-03 9.989758761948110966e-01 0.000000000000000000e+00 0.000000000000000000e+00 0.000000000000000000e+00
1.525000000000000000e+04 6.099785384275269173e-02 9.103322712790168532e-04 9.989758761948110966e-01 0.000000000000000000e+00 1.137915339098771066e-04 0.000000000000000000e+00
1.550000000000000000e+04 6.199781865984710372e-02 3.413746017296313199e-04 9.996586253982703285e-01 0.000000000000000000e+00 0.000000000000000000e+00 0.000000000000000000e+00
1.575000000000000000e+04 6.299778347694129366e-02 5.689576695493854790e-04 9.994310423304506585e-01 0.000000000000000000e+00 0.000000000000000000e+00 0.000000000000000000e+00
1.600000000000000000e+04 6.399774829403570564e-02 9.103322712790168532e-04 9.990896677287209870e-01 0.000000000000000000e+00 0.000000000000000000e+00 0.000000000000000000e+00
1.625000000000000000e+04 6.499771311112989558e-02 1.365498406918525280e-03 9.986345015930814251e-01 0.000000000000000000e+00 0.000000000000000000e+00 0.000000000000000000e+00
1.650000000000000000e+04 6.599767792822430756e-02 1.251706873008648227e-03 9.987482931269913156e-01 0.000000000000000000e+00 0.000000000000000000e+00 0.000000000000000000e+00
1.675000000000000000e+04 6.699764274531849750e-02 9.103322712790168532e-04 9.990896677287209870e-01 0.000000000000000000e+00 0.000000000000000000e+00 0.000000000000000000e+00
1.700000000000000000e+04 6.799760756241290949e-02 1.251706873008648227e-03 9.987482931269913156e-01 0.000000000000000000e+00 0.000000000000000000e+00 0.000000000000000000e+00
1.725000000000000000e+04 6.899757237950709943e-02 4.551661356395084266e-04 9.995448338643604380e-01 0.000000000000000000e+00 0.000000000000000000e+00 0.000000000000000000e+00
1.750000000000000000e+04 6.999753719660151141e-02 9.103322712790168532e-04 9.990896677287209870e-01 0.000000000000000000e+00 0.000000000000000000e+00 0.000000000000000000e+00
1.775000000000000000e+04 7.099750201369570135e-02 1.479289940828402332e-03 9.985207100591716456e-01 0.000000000000000000e+00 0.000000000000000000e+00 0.000000000000000000e+00
1.800000000000000000e+04 7.199746683079011333e-02 6.827492034592626399e-04 9.993172507965407680e-01 0.000000000000000000e+00 0.000000000000000000e+00 0.000000000000000000e+00
1.825000000000000000e+04 7.299743164788430327e-02 6.827492034592626399e-04 9.992034592626308775e-01 0.000000000000000000e+00 1.137915339098771066e-04 0.000000000000000000e+00
1.850000000000000000e+04 7.399739646497871526e-02 6.827492034592626399e-04 9.993172507965407680e-01 0.000000000000000000e+00 0.000000000000000000e+00 0.000000000000000000e+00
1.875000000000000000e+04 7.499736128207290520e-02 2.275830678197542133e-04 9.997724169321802190e-01 0.000000000000000000e+00 0.000000000000000000e+00 0.000000000000000000e+00
1.900000000000000000e+04 7.599732609916731718e-02 3.413746017296313199e-04 9.996586253982703285e-01 0.000000000000000000e+00 0.000000000000000000e+00 0.000000000000000000e+00
1.925000000000000000e+04 7.699729091626150712e-02 1.365498406918525280e-03 9.984069185252617551e-01 0.000000000000000000e+00 2.275830678197542133e-04 0.000000000000000000e+00
1.950000000000000000e+04 7.799725573335591911e-02 1.251706873008648227e-03 9.987482931269913156e-01 0.000000000000000000e+00 0.000000000000000000e+00 0.000000000000000000e+00
1.975000000000000000e+04 7.899722055045010904e-02 9.103322712790168532e-04 9.990896677287209870e-01 0.000000000000000000e+00 0.000000000000000000e+00 0.000000000000000000e+00
2.000000000000000000e+04 7.999718536754452103e-02 7.965407373691396923e-04 9.992034592626308775e-01 0.000000000000000000e+00 0.000000000000000000e+00 0.000000000000000000e+00
2.025000000000000000e+04 8.099715018463893301e-02 2.048247610377787811e-03 9.979517523896221931e-01 0.000000000000000000e+00 0.000000000000000000e+00 0.000000000000000000e+00
2.050000000000000000e+04 8.199711500173312295e-02 2.389622212107419402e-03 9.976103777878926326e-01 0.000000000000000000e+00 0.000000000000000000e+00 0.000000000000000000e+00
2.075000000000000000e+04 8.299707981882753494e-02 1.706873008648156654e-03 9.982931269913518646e-01 0.000000000000000000e+00 0.000000000000000000e+00 0.000000000000000000e+00
2.100000000000000000e+04 8.399704463592172488e-02 2.503413746017296455e-03 9.974965862539827421e-01 0.000000000000000000e+00 0.000000000000000000e+00 0.000000000000000000e+00
2.125000000000000000e+04 8.499700945301613686e-02 2.275830678197541916e-03 9.977241693218024121e-01 0.000000000000000000e+00 0.000000000000000000e+00 0.000000000000000000e+00
2.150000000000000000e+04 8.599697427011032680e-02 1.365498406918525280e-03 9.985207100591716456e-01 0.000000000000000000e+00 1.137915339098771066e-04 0.000000000000000000e+00
2.175000000000000000e+04 8.699693908720473878e-02 2.048247610377787811e-03 9.979517523896221931e-01 0.000000000000000000e+00 0.000000000000000000e+00 0.000000000000000000e+00
2.200000000000000000e+04 8.799690390429892872e-02 2.730996813837050560e-03 9.972690031861629611e-01 0.000000000000000000e+00 0.000000000000000000e+00 0.000000000000000000e+00
2.225000000000000000e+04 8.899686872139334071e-02 2.275830678197541916e-03 9.977241693218024121e-01 0.000000000000000000e+00 0.000000000000000000e+00 0.000000000000000000e+00
2.250000000000000000e+04 8.999683353848753065e-02 1.137915339098770958e-03 9.987482931269913156e-01 0.000000000000000000e+00 1.137915339098771066e-04 0.000000000000000000e+00
2.275000000000000000e+04 9.099679835558194263e-02 1.479289940828402332e-03 9.985207100591716456e-01 0.000000000000000000e+00 0.000000000000000000e+00 0.000000000000000000e+00
2.300000000000000000e+04 9.199676317267613257e-02 2.275830678197541916e-03 9.974965862539827421e-01 0.000000000000000000e+00 2.275830678197542133e-04 0.000000000000000000e+00
2.325000000000000000e+04 9.299672798977054455e-02 2.617205279927173507e-03 9.973827947200728516e-01 0.000000000000000000e+00 0.000000000000000000e+00 0.000000000000000000e+00
2.350000000000000000e+04 9.399669280686473449e-02 3.755120619025944465e-03 9.961310878470641672e-01 0.000000000000000000e+00 1.137915339098771066e-04 0.000000000000000000e+00
2.375000000000000000e+04 9.499665762395914648e-02 4.779244424214838804e-03 9.952207555757851543e-01 0.000000000000000000e+00 0.000000000000000000e+00 0.000000000000000000e+00
2.400000000000000000e+04 9.599662244105333642e-02 2.162039144287664864e-03 9.978379608557123026e-01 0.000000000000000000e+00 0.000000000000000000e+00 0.000000000000000000e+00
2.425000000000000000e+04 9.699658725814774840e-02 3.072371415566681717e-03 9.968138370505233992e-01 0.000000000000000000e+00 1.137915339098771066e-04 0.000000000000000000e+00
2.450000000000000000e+04 9.799655207524193834e-02 4.324078288575329727e-03 9.955621301775148257e-01 0.000000000000000000e+00 1.137915339098771066e-04 0.000000000000000000e+00
2.475000000000000000e+04 9.899651689233635032e-02 4.665452890304961318e-03 9.953345471096950448e-01 0.000000000000000000e+00 0.000000000000000000e+00 0.000000000000000000e+00
2.500000000000000000e+04 9.999648170943054026e-02 5.120619025944469528e-03 9.947655894401457033e-01 0.000000000000000000e+00 1.137915339098771066e-04 0.000000000000000000e+00
2.525000000000000000e+04 1.009964465265249522e-01 2.958579881656804664e-03 9.969276285844332897e-01 0.000000000000000000e+00 1.137915339098771066e-04 0.000000000000000000e+00
2.550000000000000000e+04 1.019964113436193642e-01 4.210286754665453109e-03 9.956759217114247162e-01 0.000000000000000000e+00 1.137915339098771066e-04 0.000000000000000000e+00
2.575000000000000000e+04 1.029963761607135542e-01 3.755120619025944465e-03 9.962448793809740577e-01 0.000000000000000000e+00 0.000000000000000000e+00 0.000000000000000000e+00
2.600000000000000000e+04 1.039963409778079662e-01 5.234410559854347014e-03 9.947655894401457033e-01 0.000000000000000000e+00 0.000000000000000000e+00 0.000000000000000000e+00
2.625000000000000000e+04 1.049963057949021561e-01 4.096495220755575623e-03 9.957897132453344957e-01 0.000000000000000000e+00 1.137915339098771066e-04 0.000000000000000000e+00
2.650000000000000000e+04 1.059962706119965681e-01 4.437869822485207214e-03 9.952207555757851543e-01 0.000000000000000000e+00 3.413746017296313199e-04 0.000000000000000000e+00
2.675000000000000000e+04 1.069962354290907580e-01 4.665452890304961318e-03 9.953345471096950448e-01 0.000000000000000000e+00 0.000000000000000000e+00 0.000000000000000000e+00
2.700000000000000000e+04 1.079962002461851700e-01 8.306781975421027864e-03 9.916932180245789930e-01 0.000000000000000000e+00 0.000000000000000000e+00 0.000000000000000000e+00
2.725000000000000000e+04 1.089961650632793599e-01 4.665452890304961318e-03 9.953345471096950448e-01 0.000000000000000000e+00 0.000000000000000000e+00 0.000000000000000000e+00
2.750000000000000000e+04 1.099961298803737719e-01 4.551661356395083832e-03 9.953345471096950448e-01 0.000000000000000000e+00 1.137915339098771066e-04 0.000000000000000000e+00
2.775000000000000000e+04 1.109960946974679619e-01 8.648156577150659455e-03 9.912380518889394310e-01 0.000000000000000000e+00 1.137915339098771066e-04 0.000000000000000000e+00
2.800000000000000000e+04 1.119960595145623738e-01 8.648156577150659455e-03 9.912380518889394310e-01 0.000000000000000000e+00 1.137915339098771066e-04 0.000000000000000000e+00
2.825000000000000000e+04 1.129960243316565638e-01 7.624032771961766417e-03 9.922621756941283344e-01 0.000000000000000000e+00 1.137915339098771066e-04 0.000000000000000000e+00
2.850000000000000000e+04 1.139959891487509758e-01 7.510241238051888930e-03 9.924897587619481154e-01 0.000000000000000000e+00 0.000000000000000000e+00 0.000000000000000000e+00
2.875000000000000000e+04 1.149959539658451657e-01 8.192990441511151245e-03 9.915794264906691025e-01 0.000000000000000000e+00 2.275830678197542133e-04 0.000000000000000000e+00
2.900000000000000000e+04 1.159959187829395777e-01 5.689576695493855224e-03 9.941966317705962508e-01 0.000000000000000000e+00 1.137915339098771066e-04 0.000000000000000000e+00
2.925000000000000000e+04 1.169958836000337676e-01 8.079198907601274626e-03 9.916932180245789930e-01 0.000000000000000000e+00 2.275830678197542133e-04 0.000000000000000000e+00
2.950000000000000000e+04 1.179958484171281796e-01 9.217114246700046018e-03 9.907828857532999800e-01 0.000000000000000000e+00 0.000000000000000000e+00 0.000000000000000000e+00
2.975000000000000000e+04 1.189958132342223696e-01 1.433773327264451468e-02 9.856622667273554628e-01 0.000000000000000000e+00 0.000000000000000000e+00 0.000000000000000000e+00
3.000000000000000000e+04 1.199957780513167815e-01 9.786071916249430847e-03 9.902139280837505275e-01 0.000000000000000000e+00 0.000000000000000000e+00 0.000000000000000000e+00
3.025000000000000000e+04 1.209957428684111935e-01 7.851615839781519654e-03 9.921483841602184439e-01 0.000000000000000000e+00 0.000000000000000000e+00 0.000000000000000000e+00
3.050000000000000000e+04 1.219957076855053835e-01 1.228948566226672687e-02 9.877105143377332697e-01 0.000000000000000000e+00 0.000000000000000000e+00 0.000000000000000000e+00
3.075000000000000000e+04 1.229956725025997955e-01 1.274465179790623508e-02 9.872553482020938187e-01 0.000000000000000000e+00 0.000000000000000000e+00 0.000000000000000000e+00
3.100000000000000000e+04 1.239956373196939854e-01 1.456531634046426965e-02 9.854346836595356818e-01 0.000000000000000000e+00 0.000000000000000000e+00 0.000000000000000000e+00
3.125000000000000000e+04 1.249956021367883974e-01 1.297223486572599005e-02 9.870277651342740377e-01 0.000000000000000000e+00 0.000000000000000000e+00 0.000000000000000000e+00
3.150000000000000000e+04 1.259955669538825873e-01 1.695493855257168905e-02 9.829312699135184239e-01 0.000000000000000000e+00 1.137915339098771066e-04 0.000000000000000000e+00
3.175000000000000000e+04 1.269955317709769993e-01 1.502048247610377786e-02 9.849795175238962308e-01 0.000000000000000000e+00 0.000000000000000000e+00 0.000000000000000000e+00
3.200000000000000000e+04 1.279954965880711892e-01 1.388256713700500647e-02 9.860036413290851343e-01 0.000000000000000000e+00 1.137915339098771066e-04 0.000000000000000000e+00
3.225000000000000000e+04 1.289954614051656012e-01 1.547564861174328607e-02 9.842967683204369989e-01 0.000000000000000000e+00 2.275830678197542133e-04 0.000000000000000000e+00
3.250000000000000000e+04 1.299954262222597912e-01 1.342740100136549826e-02 9.865725989986344757e-01 0.000000000000000000e+00 0.000000000000000000e+00 0.000000000000000000e+00
3.275000000000000000e+04 1.309953910393542031e-01 1.866181156121984527e-02 9.813381884387801790e-01 0.000000000000000000e+00 0.000000000000000000e+00 0.000000000000000000e+00
3.300000000000000000e+04 1.319953558564483931e-01 1.661356395084205573e-02 9.833864360491579859e-01 0.000000000000000000e+00 0.000000000000000000e+00 0.000000000000000000e+00
3.325000000000000000e+04 1.329953206735428051e-01 1.752389622212107562e-02 9.824761037778789730e-01 0.000000000000000000e+00 0.000000000000000000e+00 0.000000000000000000e+00
3.350000000000000000e+04 1.339952854906369950e-01 1.695493855257168905e-02 9.829312699135184239e-01 0.000000000000000000e+00 1.137915339098771066e-04 0.000000000000000000e+00
3.375000000000000000e+04 1.349952503077314070e-01 2.207555757851615771e-02 9.779244424214837972e-01 0.000000000000000000e+00 0.000000000000000000e+00 0.000000000000000000e+00
3.400000000000000000e+04 1.359952151248255969e-01 2.492034592626308706e-02 9.750796540737368678e-01 0.000000000000000000e+00 0.000000000000000000e+00 0.000000000000000000e+00
3.425000000000000000e+04 1.369951799419200089e-01 2.105143377332726468e-02 9.789485662266727006e-01 0.000000000000000000e+00 0.000000000000000000e+00 0.000000000000000000e+00
3.450000000000000000e+04 1.379951447590141989e-01 2.947200728265816916e-02 9.705279927173418031e-01 0.000000000000000000e+00 0.000000000000000000e+00 0.000000000000000000e+00
3.475000000000000000e+04 1.389951095761086108e-01 2.480655439235321044e-02 9.751934456076467583e-01 0.000000000000000000e+00 0.000000000000000000e+00 0.000000000000000000e+00
3.500000000000000000e+04 1.399950743932028008e-01 2.719617660446062984e-02 9.728038233955393910e-01 0.000000000000000000e+00 0.000000000000000000e+00 0.000000000000000000e+00
3.525000000000000000e+04 1.409950392102972128e-01 3.026854802002730896e-02 9.697314519799726806e-01 0.000000000000000000e+00 0.000000000000000000e+00 0.000000000000000000e+00
3.550000000000000000e+04 1.419950040273916247e-01 3.265817023213472836e-02 9.673418297678653133e-01 0.000000000000000000e+00 0.000000000000000000e+00 0.000000000000000000e+00
3.575000000000000000e+04 1.429949688444858147e-01 2.776513427401001294e-02 9.722348657259899385e-01 0.000000000000000000e+00 0.000000000000000000e+00 0.000000000000000000e+00
3.600000000000000000e+04 1.439949336615802267e-01 4.142011834319526964e-02 9.584660901228948537e-01 0.000000000000000000e+00 1.137915339098771066e-04 0.000000000000000000e+00
3.625000000000000000e+04 1.449948984786744166e-01 3.106508875739644876e-02 9.689349112426035582e-01 0.000000000000000000e+00 0.000000000000000000e+00 0.000000000000000000e+00
3.650000000000000000e+04 1.459948632957688286e-01 4.153390987710514626e-02 9.580109239872554028e-01 0.000000000000000000e+00 4.551661356395084266e-04 0.000000000000000000e+00
3.675000000000000000e+04 1.469948281128630185e-01 3.698224852071006069e-02 9.630177514792899185e-01 0.000000000000000000e+00 0.000000000000000000e+00 0.000000000000000000e+00
3.700000000000000000e+04 1.479947929299574305e-01 3.322712790168411146e-02 9.667728720983158608e-01 0.000000000000000000e+00 0.000000000000000000e+00 0.000000000000000000e+00
3.725000000000000000e+04 1.489947577470516205e-01 3.425125170687300796e-02 9.657487482931269573e-01 0.000000000000000000e+00 0.000000000000000000e+00 0.000000000000000000e+00
3.750000000000000000e+04 1.499947225641460324e-01 3.698224852071006069e-02 9.630177514792899185e-01 0.000000000000000000e+00 0.000000000000000000e+00 0.000000000000000000e+00
3.775000000000000000e+04 1.509946873812402224e-01 4.005461993627674328e-02 9.599453800637232082e-01 0.000000000000000000e+00 0.000000000000000000e+00 0.000000000000000000e+00
3.800000000000000000e+04 1.519946521983346344e-01 4.119253527537550946e-02 9.586936731907146347e-01 0.000000000000000000e+00 1.137915339098771066e-04 0.000000000000000000e+00
3.825000000000000000e+04 1.529946170154288243e-01 5.006827492034592736e-02 9.499317250796540657e-01 0.000000000000000000e+00 0.000000000000000000e+00 0.000000000000000000e+00
3.850000000000000000e+04 1.539945818325232363e-01 4.938552571688666071e-02 9.506144742831132977e-01 0.000000000000000000e+00 0.000000000000000000e+00 0.000000000000000000e+00
3.875000000000000000e+04 1.549945466496174262e-01 5.006827492034592736e-02 9.495903504779243942e-01 0.000000000000000000e+00 3.413746017296313199e-04 0.000000000000000000e+00
3.900000000000000000e+04 1.559945114667118382e-01 5.143377332726445372e-02 9.485662266727356018e-01 0.000000000000000000e+00 0.000000000000000000e+00 0.000000000000000000e+00
3.925000000000000000e+04 1.569944762838060281e-01 5.473372781065088954e-02 9.451524806554392200e-01 0.000000000000000000e+00 1.137915339098771066e-04 0.000000000000000000e+00
3.950000000000000000e+04 1.579944411009004401e-01 6.804733727810650945e-02 9.318388711879835862e-01 0.000000000000000000e+00 1.137915339098771066e-04 0.000000000000000000e+00
3.975000000000000000e+04 1.589944059179946301e-01 5.496131087847064278e-02 9.450386891215293295e-01 0.000000000000000000e+00 0.000000000000000000e+00 0.000000000000000000e+00
4.000000000000000000e+04 1.599943707350890421e-01 5.723714155666818210e-02 9.427628584433318526e-01 0.000000000000000000e+00 0.000000000000000000e+00 0.000000000000000000e+00
4.025000000000000000e+04 1.609943355521834540e-01 6.679563040509786664e-02 9.330905780609922706e-01 0.000000000000000000e+00 1.137915339098771066e-04 0.000000000000000000e+00
4.050000000000000000e+04 1.619943003692776440e-01 7.214383249886208160e-02 9.278561675011378629e-01 0.000000000000000000e+00 0.000000000000000000e+00 0.000000000000000000e+00
4.075000000000000000e+04 1.629942651863720560e-01 7.635411925352754425e-02 9.234182976786526886e-01 0.000000000000000000e+00 2.275830678197542133e-04 0.000000000000000000e+00
4.100000000000000000e+04 1.639942300034662459e-01 9.171597633136094330e-02 9.081702321347291385e-01 0.000000000000000000e+00 1.137915339098771066e-04 0.000000000000000000e+00
4.125000000000000000e+04 1.649941948205606579e-01 9.274010013654984674e-02 9.072598998634501255e-01 0.000000000000000000e+00 0.000000000000000000e+00 0.000000000000000000e+00
4.150000000000000000e+04 1.659941596376548478e-01 7.783340919435594030e-02 9.221665908056441152e-01 0.000000000000000000e+00 0.000000000000000000e+00 0.000000000000000000e+00
4.175000000000000000e+04 1.669941244547492598e-01 8.579881656804733137e-02 9.142011834319526686e-01 0.000000000000000000e+00 0.000000000000000000e+00 0.000000000000000000e+00
4.200000000000000000e+04 1.679940892718434498e-01 8.124715521165225274e-02 9.187528447883477334e-01 0.000000000000000000e+00 0.000000000000000000e+00 0.000000000000000000e+00
4.225000000000000000e+04 1.689940540889378617e-01 9.148839326354119006e-02 9.085116067364588099e-01 0.000000000000000000e+00 0.000000000000000000e+00 0.000000000000000000e+00
4.250000000000000000e+04 1.699940189060320517e-01 8.477469276285844180e-02 9.151115157032316816e-01 0.000000000000000000e+00 1.137915339098771066e-04 0.000000000000000000e+00
4.275000000000000000e+04 1.709939837231264637e-01 9.490213928083750250e-02 9.049840691852526486e-01 0.000000000000000000e+00 1.137915339098771066e-04 0.000000000000000000e+00
4.300000000000000000e+04 1.719939485402206536e-01 9.729176149294492537e-02 9.025944469731451703e-01 0.000000000000000000e+00 1.137915339098771066e-04 0.000000000000000000e+00
4.325000000000000000e+04 1.729939133573150656e-01 1.094674556213017791e-01 8.905325443786982209e-01 0.000000000000000000e+00 0.000000000000000000e+00 0.000000000000000000e+00
4.350000000000000000e+04 1.739938781744092555e-01 1.224396904870277691e-01 8.775603095129722586e-01 0.000000000000000000e+00 0.000000000000000000e+00 0.000000000000000000e+00
4.375000000000000000e+04 1.749938429915036675e-01 1.148156577150659940e-01 8.851843422849340337e-01 0.000000000000000000e+00 0.000000000000000000e+00 0.000000000000000000e+00
4.400000000000000000e+04 1.759938078085978574e-01 1.186845698680018268e-01 8.813154301319982009e-01 0.000000000000000000e+00 0.000000000000000000e+00 0.000000000000000000e+00
4.425000000000000000e+04 1.769937726256922694e-01 1.333636777423759801e-01 8.665225307237141017e-01 0.000000000000000000e+00 1.137915339098771066e-04 0.000000000000000000e+00
4.450000000000000000e+04 1.779937374427864594e-01 1.380291306326809353e-01 8.619708693673190369e-01 0.000000000000000000e+00 0.000000000000000000e+00 0.000000000000000000e+00
4.475000000000000000e+04 1.789937022598808714e-01 1.313154301319981732e-01 8.686845698680017991e-01 0.000000000000000000e+00 0.000000000000000000e+00 0.000000000000000000e+00
4.500000000000000000e+04 1.799936670769750613e-01 1.522530723714155543e-01 8.474055530268548297e-01 1.137915339098771066e-04 2.275830678197542133e-04 0.000000000000000000e+00
4.525000000000000000e+04 1.809936318940694733e-01 1.423532089212562468e-01 8.576467910787437532e-01 0.000000000000000000e+00 0.000000000000000000e+00 0.000000000000000000e+00
4.550000000000000000e+04 1.819935967111638853e-01 1.531634046426945950e-01 8.466090122894857073e-01 2.275830678197542133e-04 0.000000000000000000e+00 0.000000000000000000e+00
4.575000000000000000e+04 1.829935615282580752e-01 1.802457897132453413e-01 8.190714610832954268e-01 5.689576695493854790e-04 1.137915339098771066e-04 0.000000000000000000e+00
4.600000000000000000e+04 1.839935263453524872e-01 1.832043695949021334e-01 8.154301319981793750e-01 1.137915339098770958e-03 2.275830678197542133e-04 0.000000000000000000e+00
4.625000000000000000e+04 1.849934911624466771e-01 2.086936731907146070e-01 7.895994538006372299e-01 1.137915339098770958e-03 5.689576695493854790e-04 0.000000000000000000e+00
4.650000000000000000e+04 1.859934559795410891e-01 2.675238962221210826e-01 7.223486572598998290e-01 8.192990441511151245e-03 1.934456076467910759e-03 0.000000000000000000e+00
4.675000000000000000e+04 1.869934207966352790e-01 2.999544833864360438e-01 6.750113791533909335e-01 2.344105598543468408e-02 1.593081474738279385e-03 0.000000000000000000e+00
4.700000000000000000e+04 1.879933856137296910e-01 3.724396904870277414e-01 5.806781975421028141e-01 4.187528447883477611e-02 5.006827492034592909e-03 0.000000000000000000e+00
4.725000000000000000e+04 1.889933504308238810e-01 4.330905780609922706e-01 5.046654528903049552e-01 5.382339553937186966e-02 8.420573509330906217e-03 0.000000000000000000e+00
4.750000000000000000e+04 1.899933152479182930e-01 4.499317250796540657e-01 4.566454255803368278e-01 7.783340919435594030e-02 1.558944014565316269e-02 0.000000000000000000e+00
4.775000000000000000e+04 1.909932800650124829e-01 4.495903504779244497e-01 4.362767410104688159e-01 9.786071916249430847e-02 1.627218934911242587e-02 0.000000000000000000e+00
4.800000000000000000e+04 1.919932448821068949e-01 4.399180700955848677e-01 4.283113336367774249e-01 1.177742375967228000e-01 1.399635867091488309e-02 0.000000000000000000e+00
4.825000000000000000e+04 1.929932096992010848e-01 4.483386436049158208e-01 4.161356395084205850e-01 1.241465634956759184e-01 1.137915339098771045e-02 0.000000000000000000e+00
4.850000000000000000e+04 1.939931745162954968e-01 4.435593991807009751e-01 4.085116067364588099e-01 1.379153390987710448e-01 1.001365498406918582e-02 0.000000000000000000e+00
4.875000000000000000e+04 1.949931393333896867e-01 4.450386891215293850e-01 4.010013654984069253e-01 1.417842512517068776e-01 1.217569412835685025e-02 0.000000000000000000e+00
4.900000000000000000e+04 1.959931041504840987e-01 4.351388256713700775e-01 4.111288120163859583e-01 1.398497951752389612e-01 1.388256713700500647e-02 0.000000000000000000e+00
4.925000000000000000e+04 1.969930689675782887e-01 4.256941283568502765e-01 4.138598088302230527e-01 1.474738279472007363e-01 1.297223486572599005e-02 0.000000000000000000e+00
4.950000000000000000e+04 1.979930337846727006e-01 4.300182066454255603e-01 4.053254437869822646e-01 1.512289485662266786e-01 1.342740100136549826e-02 0.000000000000000000e+00
4.975000000000000000e+04 1.989929986017668906e-01 4.237596722803823601e-01 4.096495220755576039e-01 1.523668639053254448e-01 1.422394173873463806e-02 0.000000000000000000e+00
5.000000000000000000e+04 1.999929634188613026e-01 4.214838416021847722e-01 4.095357305416477134e-01 1.547564861174328676e-01 1.422394173873463806e-02 0.000000000000000000e+00
5.025000000000000000e+04 2.009929282359557146e-01 4.165908056440600915e-01 4.118115612198452458e-01 1.574874829312699065e-01 1.411015020482476144e-02 0.000000000000000000e+00
5.050000000000000000e+04 2.019928930530499045e-01 4.140873918980427781e-01 4.109012289485662328e-01 1.632908511606736557e-01 1.172052799271734204e-02 0.000000000000000000e+00
5.075000000000000000e+04 2.029928578701443165e-01 4.148839326354119006e-01 4.097633136094674389e-01 1.614701866181156020e-01 1.388256713700500647e-02 0.000000000000000000e+00
5.100000000000000000e+04 2.039928226872385064e-01 4.103322712790168358e-01 4.078288575329995225e-01 1.679563040509786109e-01 1.388256713700500647e-02 0.000000000000000000e+00
5.125000000000000000e+04 2.049927875043329184e-01 4.129494765589440397e-01 3.961083295402821891e-01 1.812699135184342170e-01 9.672280382339554228e-03 0.000000000000000000e+00
5.150000000000000000e+04 2.059927523214271083e-01 4.098771051433773294e-01 3.958807464724624636e-01 1.825216203914428736e-01 1.172052799271734204e-02 0.000000000000000000e+00
5.175000000000000000e+04 2.069927171385215203e-01 4.076012744651797970e-01 3.999772416932180219e-01 1.852526172052799402e-01 7.168866636322257339e-03 0.000000000000000000e+00
5.200000000000000000e+04 2.079926819556157103e-01 4.017979062357760478e-01 4.019116977696859383e-01 1.859353664087392000e-01 1.035502958579881741e-02 0.000000000000000000e+00
5.225000000000000000e+04 2.089926467727101222e-01 4.053254437869822646e-01 3.981565771506599960e-01 1.847974510696404060e-01 1.172052799271734204e-02 0.000000000000000000e+00
5.250000000000000000e+04 2.099926115898043122e-01 4.061219845243513871e-01 3.978152025489303800e-01 1.862767410104688159e-01 9.786071916249430847e-03 0.000000000000000000e+00
5.275000000000000000e+04 2.109925764068987242e-01 4.020254893035958288e-01 4.002048247610378029e-01 1.862767410104688159e-01 1.149294492489758707e-02 0.000000000000000000e+00
5.300000000000000000e+04 2.119925412239929141e-01 4.078288575329995225e-01 3.978152025489303800e-01 1.849112426035502965e-01 9.444697314519799256e-03 0.000000000000000000e+00
5.325000000000000000e+04 2.129925060410873261e-01 4.013427401001365413e-01 4.038461538461538547e-01 1.857077833409194467e-01 9.103322712790167665e-03 0.000000000000000000e+00
5.350000000000000000e+04 2.139924708581815160e-01 4.000910332271279124e-01 4.003186162949476379e-01 1.891215293582157453e-01 1.046882111970869403e-02 0.000000000000000000e+00
5.375000000000000000e+04 2.149924356752759280e-01 4.035047792444242387e-01 3.994082840236686249e-01 1.874146563495675821e-01 9.672280382339554228e-03 0.000000000000000000e+00
5.400000000000000000e+04 2.159924004923701180e-01 4.035047792444242387e-01 3.973600364132908735e-01 1.886663632225762388e-01 1.046882111970869403e-02 0.000000000000000000e+00
5.425000000000000000e+04 2.169923653094645299e-01 3.922394173873463563e-01 4.015703231679563223e-01 1.950386891215293572e-01 1.115157032316795548e-02 0.000000000000000000e+00
5.450000000000000000e+04 2.179923301265587199e-01 3.951979972690031762e-01 3.991807009558488994e-01 1.943559399180700975e-01 1.126536185707783383e-02 0.000000000000000000e+00
5.475000000000000000e+04 2.189922949436531319e-01 3.967910787437414766e-01 4.003186162949476379e-01 1.933318161128811941e-01 9.558488848429677609e-03 0.000000000000000000e+00
5.500000000000000000e+04 2.199922597607473218e-01 3.934911242603550408e-01 4.015703231679563223e-01 1.966317705962676299e-01 8.306781975421027864e-03 0.000000000000000000e+00
5.525000000000000000e+04 2.209922245778417338e-01 3.967910787437414766e-01 3.942876649977241632e-01 1.984524351388256835e-01 1.046882111970869403e-02 0.000000000000000000e+00
5.550000000000000000e+04 2.219921893949361458e-01 4.006599908966773094e-01 3.946290395994537792e-01 1.952662721893491105e-01 9.444697314519799256e-03 0.000000000000000000e+00
5.575000000000000000e+04 2.229921542120303357e-01 3.970186618115612021e-01 3.969048702776513671e-01 1.951524806554392477e-01 1.092398725534820224e-02 0.000000000000000000e+00
5.600000000000000000e+04 2.239921190291247477e-01 3.972462448793809831e-01 3.958807464724624636e-01 1.968593536640873831e-01 1.001365498406918582e-02 0.000000000000000000e+00
5.625000000000000000e+04 2.249920838462189376e-01 3.895084205735093175e-01 3.970186618115612021e-01 2.011834319526627224e-01 1.228948566226672687e-02 0.000000000000000000e+00
5.650000000000000000e+04 2.259920486633133496e-01 3.870050068274920596e-01 4.004324078288575284e-01 2.025489303595812418e-01 1.001365498406918582e-02 0.000000000000000000e+00
5.675000000000000000e+04 2.269920134804075396e-01 3.864360491579426626e-01 4.016841147018661573e-01 1.997041420118343125e-01 1.217569412835685025e-02 0.000000000000000000e+00
