# itime ezz other fcc hcp bcc ico
0.000000000000000000e+00 0.000000000000000000e+00 2.275830678197542133e-04 9.997724169321802190e-01 0.000000000000000000e+00 0.000000000000000000e+00 0.000000000000000000e+00
3.200000000000000000e+04 9.999903339112936607e-04 1.137915339098771066e-04 9.998862084660901095e-01 0.000000000000000000e+00 0.000000000000000000e+00 0.000000000000000000e+00
6.400000000000000000e+04 1.999980667822809366e-03 1.137915339098770958e-03 9.988620846609012061e-01 0.000000000000000000e+00 0.000000000000000000e+00 0.000000000000000000e+00
9.600000000000000000e+04 2.999971001734103027e-03 1.251706873008648227e-03 9.987482931269913156e-01 0.000000000000000000e+00 0.000000000000000000e+00 0.000000000000000000e+00
1.280000000000000000e+05 3.999961335645396687e-03 1.251706873008648227e-03 9.987482931269913156e-01 0.000000000000000000e+00 0.000000000000000000e+00 0.000000000000000000e+00
1.600000000000000000e+05 4.999951669556912393e-03 6.827492034592626399e-04 9.993172507965407680e-01 0.000000000000000000e+00 0.000000000000000000e+00 0.000000000000000000e+00
1.920000000000000000e+05 5.999942003468206053e-03 9.103322712790168532e-04 9.990896677287209870e-01 0.000000000000000000e+00 0.000000000000000000e+00 0.000000000000000000e+00
2.240000000000000000e+05 6.999932337379721758e-03 1.251706873008648227e-03 9.987482931269913156e-01 0.000000000000000000e+00 0.000000000000000000e+00 0.000000000000000000e+00
2.560000000000000000e+05 7.999922671291015419e-03 6.827492034592626399e-04 9.993172507965407680e-01 0.000000000000000000e+00 0.000000000000000000e+00 0.000000000000000000e+00
2.880000000000000000e+05 8.999913005202309080e-03 1.137915339098771066e-04 9.998862084660901095e-01 0.000000000000000000e+00 0.000000000000000000e+00 0.000000000000000000e+00
3.200000000000000000e+05 9.999903339113824785e-03 2.617205279927173507e-03 9.972690031861629611e-01 0.000000000000000000e+00 1.137915339098771066e-04 0.000000000000000000e+00
3.520000000000000000e+05 1.099989367302511845e-02 6.827492034592626399e-04 9.993172507965407680e-01 0.000000000000000000e+00 0.000000000000000000e+00 0.000000000000000000e+00
3.840000000000000000e+05 1.199988400693641211e-02 2.162039144287664864e-03 9.978379608557123026e-01 0.000000000000000000e+00 0.000000000000000000e+00 0.000000000000000000e+00
4.160000000000000000e+05 1.299987434084792781e-02 5.689576695493854790e-04 9.994310423304506585e-01 0.000000000000000000e+00 0.000000000000000000e+00 0.000000000000000000e+00
4.480000000000000000e+05 1.399986467475922147e-02 2.503413746017296455e-03 9.974965862539827421e-01 0.000000000000000000e+00 0.000000000000000000e+00 0.000000000000000000e+00
4.800000000000000000e+05 1.499985500867051513e-02 1.593081474738279385e-03 9.984069185252617551e-01 0.000000000000000000e+00 0.000000000000000000e+00 0.000000000000000000e+00
5.120000000000000000e+05 1.599984534258203084e-02 2.275830678197541916e-03 9.977241693218024121e-01 0.000000000000000000e+00 0.000000000000000000e+00 0.000000000000000000e+00
5.440000000000000000e+05 1.699983567649332450e-02 2.730996813837050560e-03 9.972690031861629611e-01 0.000000000000000000e+00 0.000000000000000000e+00 0.000000000000000000e+00
5.760000000000000000e+05 1.799982601040484020e-02 2.503413746017296455e-03 9.974965862539827421e-01 0.000000000000000000e+00 0.000000000000000000e+00 0.000000000000000000e+00
6.080000000000000000e+05 1.899981634431613386e-02 2.503413746017296455e-03 9.972690031861629611e-01 0.000000000000000000e+00 2.275830678197542133e-04 0.000000000000000000e+00
6.400000000000000000e+05 1.999980667822742753e-02 2.162039144287664864e-03 9.977241693218024121e-01 0.000000000000000000e+00 1.137915339098771066e-04 0.000000000000000000e+00
6.720000000000000000e+05 2.099979701213894323e-02 1.593081474738279385e-03 9.982931269913518646e-01 0.000000000000000000e+00 1.137915339098771066e-04 0.000000000000000000e+00
7.040000000000000000e+05 2.199978734605023689e-02 1.706873008648156654e-03 9.982931269913518646e-01 0.000000000000000000e+00 0.000000000000000000e+00 0.000000000000000000e+00
7.360000000000000000e+05 2.299977767996153055e-02 5.348202093764223633e-03 9.944242148384160318e-01 0.000000000000000000e+00 2.275830678197542133e-04 0.000000000000000000e+00
7.680000000000000000e+05 2.399976801387304626e-02 2.389622212107419402e-03 9.974965862539827421e-01 0.000000000000000000e+00 1.137915339098771066e-04 0.000000000000000000e+00
8.000000000000000000e+05 2.499975834778433992e-02 2.275830678197541916e-03 9.976103777878926326e-01 0.000000000000000000e+00 1.137915339098771066e-04 0.000000000000000000e+00
8.320000000000000000e+05 2.599974868169563358e-02 2.162039144287664864e-03 9.978379608557123026e-01 0.000000000000000000e+00 0.000000000000000000e+00 0.000000000000000000e+00
8.640000000000000000e+05 2.699973901560714928e-02 4.665452890304961318e-03 9.952207555757851543e-01 0.000000000000000000e+00 1.137915339098771066e-04 0.000000000000000000e+00
8.960000000000000000e+05 2.799972934951844294e-02 5.006827492034592909e-03 9.948793809740554828e-01 0.000000000000000000e+00 1.137915339098771066e-04 0.000000000000000000e+00
9.280000000000000000e+05 2.899971968342995865e-02 4.096495220755575623e-03 9.959035047792443862e-01 0.000000000000000000e+00 0.000000000000000000e+00 0.000000000000000000e+00
9.600000000000000000e+05 2.999971001734125231e-02 2.275830678197541916e-03 9.976103777878926326e-01 0.000000000000000000e+00 1.137915339098771066e-04 0.000000000000000000e+00
9.920000000000000000e+05 3.099970035125254597e-02 5.120619025944469528e-03 9.947655894401457033e-01 0.000000000000000000e+00 1.137915339098771066e-04 0.000000000000000000e+00
1.024000000000000000e+06 3.199969068516406168e-02 7.851615839781519654e-03 9.918070095584888834e-01 0.000000000000000000e+00 3.413746017296313199e-04 0.000000000000000000e+00
1.056000000000000000e+06 3.299968101907535534e-02 5.689576695493855224e-03 9.940828402366863603e-01 0.000000000000000000e+00 2.275830678197542133e-04 0.000000000000000000e+00
1.088000000000000000e+06 3.399967135298664900e-02 2.048247610377787811e-03 9.979517523896221931e-01 0.000000000000000000e+00 0.000000000000000000e+00 0.000000000000000000e+00
1.120000000000000000e+06 3.499966168689816470e-02 5.006827492034592909e-03 9.947655894401457033e-01 0.000000000000000000e+00 2.275830678197542133e-04 0.000000000000000000e+00
1.152000000000000000e+06 3.599965202080945836e-02 6.258534365043240920e-03 9.934000910332271284e-01 0.000000000000000000e+00 3.413746017296313199e-04 0.000000000000000000e+00
1.184000000000000000e+06 3.699964235472075202e-02 7.282658170232134826e-03 9.923759672280382249e-01 0.000000000000000000e+00 3.413746017296313199e-04 0.000000000000000000e+00
1.216000000000000000e+06 3.799963268863226773e-02 7.737824305871643035e-03 9.920345926263085534e-01 0.000000000000000000e+00 2.275830678197542133e-04 0.000000000000000000e+00
1.248000000000000000e+06 3.899962302254356139e-02 6.827492034592626616e-03 9.928311333636777869e-01 0.000000000000000000e+00 3.413746017296313199e-04 0.000000000000000000e+00
1.280000000000000000e+06 3.999961335645507710e-02 5.348202093764223633e-03 9.945380063723259223e-01 0.000000000000000000e+00 1.137915339098771066e-04 0.000000000000000000e+00
1.312000000000000000e+06 4.099960369036637076e-02 8.306781975421027864e-03 9.910104688211197610e-01 0.000000000000000000e+00 6.827492034592626399e-04 0.000000000000000000e+00
1.344000000000000000e+06 4.199959402427766442e-02 9.444697314519799256e-03 9.897587619481110766e-01 0.000000000000000000e+00 7.965407373691396923e-04 0.000000000000000000e+00
1.376000000000000000e+06 4.299958435818918012e-02 1.228948566226672687e-02 9.874829312699134887e-01 0.000000000000000000e+00 2.275830678197542133e-04 0.000000000000000000e+00
1.408000000000000000e+06 4.399957469210047378e-02 1.433773327264451468e-02 9.850933090578061213e-01 0.000000000000000000e+00 5.689576695493854790e-04 0.000000000000000000e+00
1.440000000000000000e+06 4.499956502601176744e-02 1.103777878925807886e-02 9.886208466090122826e-01 0.000000000000000000e+00 3.413746017296313199e-04 0.000000000000000000e+00
1.472000000000000000e+06 4.599955535992328315e-02 1.285844333181611343e-02 9.870277651342740377e-01 0.000000000000000000e+00 1.137915339098771066e-04 0.000000000000000000e+00
1.504000000000000000e+06 4.699954569383457681e-02 7.965407373691398007e-03 9.914656349567592120e-01 0.000000000000000000e+00 5.689576695493854790e-04 0.000000000000000000e+00
1.536000000000000000e+06 4.799953602774587047e-02 1.217569412835685025e-02 9.873691397360035982e-01 0.000000000000000000e+00 4.551661356395084266e-04 0.000000000000000000e+00
1.568000000000000000e+06 4.899952636165738618e-02 1.558944014565316269e-02 9.837278106508875464e-01 0.000000000000000000e+00 6.827492034592626399e-04 0.000000000000000000e+00
1.600000000000000000e+06 4.999951669556867984e-02 1.433773327264451468e-02 9.854346836595356818e-01 0.000000000000000000e+00 2.275830678197542133e-04 0.000000000000000000e+00
1.632000000000000000e+06 5.099950702948019554e-02 2.378243058716431393e-02 9.756486117432863203e-01 0.000000000000000000e+00 5.689576695493854790e-04 0.000000000000000000e+00
1.664000000000000000e+06 5.199949736339148920e-02 1.467910787437414627e-02 9.848657259899863403e-01 0.000000000000000000e+00 4.551661356395084266e-04 0.000000000000000000e+00
1.696000000000000000e+06 5.299948769730278286e-02 1.854802002730996865e-02 9.805416477014110566e-01 0.000000000000000000e+00 9.103322712790168532e-04 0.000000000000000000e+00
1.728000000000000000e+06 5.399947803121429857e-02 2.207555757851615771e-02 9.770141101502047842e-01 0.000000000000000000e+00 9.103322712790168532e-04 0.000000000000000000e+00
1.760000000000000000e+06 5.499946836512559223e-02 2.651342740100136666e-02 9.713245334547109255e-01 0.000000000000000000e+00 2.162039144287664864e-03 0.000000000000000000e+00
1.792000000000000000e+06 5.599945869903688589e-02 2.105143377332726468e-02 9.781520254893035782e-01 0.000000000000000000e+00 7.965407373691396923e-04 0.000000000000000000e+00
1.824000000000000000e+06 5.699944903294840159e-02 2.822030040964952288e-02 9.701866181156122426e-01 0.000000000000000000e+00 1.593081474738279385e-03 0.000000000000000000e+00
1.856000000000000000e+06 5.799943936685969526e-02 2.617205279927173334e-02 9.728038233955393910e-01 0.000000000000000000e+00 1.024123805188893906e-03 0.000000000000000000e+00
1.888000000000000000e+06 5.899942970077121096e-02 2.503413746017296368e-02 9.740555302685480754e-01 0.000000000000000000e+00 9.103322712790168532e-04 0.000000000000000000e+00
1.920000000000000000e+06 5.999942003468250462e-02 2.571688666363222686e-02 9.726900318616295005e-01 0.000000000000000000e+00 1.593081474738279385e-03 0.000000000000000000e+00
1.952000000000000000e+06 6.099941036859379828e-02 2.617205279927173334e-02 9.729176149294492815e-01 0.000000000000000000e+00 9.103322712790168532e-04 0.000000000000000000e+00
1.984000000000000000e+06 6.199940070250531399e-02 3.561675011379153433e-02 9.623350022758306865e-01 0.000000000000000000e+00 2.048247610377787811e-03 0.000000000000000000e+00
2.016000000000000000e+06 6.299939103641660765e-02 4.176149294492489950e-02 9.558488848429677054e-01 0.000000000000000000e+00 2.389622212107419402e-03 0.000000000000000000e+00
2.048000000000000000e+06 6.399938137032790131e-02 3.459262630860263782e-02 9.624487938097405770e-01 0.000000000000000000e+00 2.958579881656804664e-03 0.000000000000000000e+00
2.080000000000000000e+06 6.499937170423941701e-02 3.447883477469276120e-02 9.633591260810195900e-01 0.000000000000000000e+00 2.162039144287664864e-03 0.000000000000000000e+00
2.112000000000000000e+06 6.599936203815071067e-02 4.426490669094219205e-02 9.533454710969503365e-01 0.000000000000000000e+00 2.389622212107419402e-03 0.000000000000000000e+00
2.144000000000000000e+06 6.699935237206200433e-02 5.814747382794720199e-02 9.370732817478379939e-01 0.000000000000000000e+00 4.779244424214838804e-03 0.000000000000000000e+00
2.176000000000000000e+06 6.799934270597352004e-02 4.119253527537550946e-02 9.568730086481566088e-01 0.000000000000000000e+00 1.934456076467910759e-03 0.000000000000000000e+00
2.208000000000000000e+06 6.899933303988481370e-02 5.063723258989531045e-02 9.452662721893491105e-01 0.000000000000000000e+00 4.096495220755575623e-03 0.000000000000000000e+00
2.240000000000000000e+06 6.999932337379632941e-02 6.304050978607191047e-02 9.333181611288120516e-01 0.000000000000000000e+00 3.641329085116067413e-03 0.000000000000000000e+00
2.272000000000000000e+06 7.099931370770762307e-02 5.154756486117433034e-02 9.439007737824305355e-01 0.000000000000000000e+00 4.551661356395083832e-03 0.000000000000000000e+00
2.304000000000000000e+06 7.199930404161891673e-02 7.032316795630405570e-02 9.238734638142922506e-01 0.000000000000000000e+00 5.803368229403732710e-03 0.000000000000000000e+00
2.336000000000000000e+06 7.299929437553043243e-02 7.441966317705962786e-02 9.202321347291761988e-01 0.000000000000000000e+00 5.348202093764223633e-03 0.000000000000000000e+00
2.368000000000000000e+06 7.399928470944172609e-02 7.339553937187073829e-02 9.198907601274465273e-01 0.000000000000000000e+00 6.713700500682749130e-03 0.000000000000000000e+00
2.400000000000000000e+06 7.499927504335301975e-02 7.248520710059171146e-02 9.235320892125625791e-01 0.000000000000000000e+00 3.982703686845699004e-03 0.000000000000000000e+00
2.432000000000000000e+06 7.599926537726453546e-02 1.051433773327264398e-01 8.865498406918524976e-01 0.000000000000000000e+00 8.306781975421027864e-03 0.000000000000000000e+00
2.464000000000000000e+06 7.699925571117582912e-02 9.683659535730541890e-02 8.932635411925352598e-01 0.000000000000000000e+00 9.899863450159307465e-03 0.000000000000000000e+00
2.496000000000000000e+06 7.799924604508712278e-02 1.008192990441511144e-01 8.922394173873463563e-01 0.000000000000000000e+00 6.941283568502503235e-03 0.000000000000000000e+00
2.528000000000000000e+06 7.899923637899863849e-02 1.183431952662721831e-01 8.645880746472462963e-01 0.000000000000000000e+00 1.706873008648156567e-02 0.000000000000000000e+00
2.560000000000000000e+06 7.999922671290993215e-02 1.108329540282202985e-01 8.758534365043241232e-01 0.000000000000000000e+00 1.331360946745562164e-02 0.000000000000000000e+00
2.592000000000000000e+06 8.099921704682144785e-02 6.201638598088302090e-02 6.863905325443786509e-01 2.431725079654073751e-01 8.420573509330906217e-03 0.000000000000000000e+00
2.624000000000000000e+06 8.199920738073274151e-02 6.087847064178425471e-02 6.871870732817478844e-01 2.423759672280382249e-01 9.558488848429677609e-03 0.000000000000000000e+00
2.656000000000000000e+06 8.299919771464403517e-02 5.473372781065088954e-02 6.912835685025033872e-01 2.452207555757851543e-01 8.761948111060537808e-03 0.000000000000000000e+00
2.688000000000000000e+06 8.399918804855555088e-02 6.315430131998178709e-02 6.843422849340009551e-01 2.444242148384160318e-01 8.079198907601274626e-03 0.000000000000000000e+00
2.720000000000000000e+06 8.499917838246684454e-02 6.656804733727811341e-02 6.811561219845243542e-01 2.438552571688666348e-01 8.420573509330906217e-03 0.000000000000000000e+00
2.752000000000000000e+06 8.599916871637813820e-02 6.565771506599908658e-02 6.794492489758762188e-01 2.401001365498406925e-01 1.479289940828402289e-02 0.000000000000000000e+00
2.784000000000000000e+06 8.699915905028965390e-02 6.747837960855712636e-02 6.787664997724169869e-01 2.428311333636777314e-01 1.092398725534820224e-02 0.000000000000000000e+00
2.816000000000000000e+06 8.799914938420094757e-02 7.089212562585343880e-02 6.771734182976786309e-01 2.431725079654073751e-01 8.761948111060537808e-03 0.000000000000000000e+00
2.848000000000000000e+06 8.899913971811224123e-02 7.157487482931269851e-02 6.750113791533909335e-01 2.390760127446517891e-01 1.433773327264451468e-02 0.000000000000000000e+00
2.880000000000000000e+06 8.999913005202375693e-02 6.918525261720527564e-02 6.766044606281292895e-01 2.411242603550295960e-01 1.308602639963586667e-02 0.000000000000000000e+00
2.912000000000000000e+06 9.099912038593505059e-02 7.703686845698680397e-02 6.684114701866180619e-01 2.423759672280382249e-01 1.217569412835685025e-02 0.000000000000000000e+00
2.944000000000000000e+06 9.199911071984656630e-02 7.692307692307692735e-02 6.680700955848885014e-01 2.411242603550295960e-01 1.388256713700500647e-02 0.000000000000000000e+00
2.976000000000000000e+06 9.299910105375785996e-02 8.602639963586708460e-02 6.590805644060081514e-01 2.382794720072826666e-01 1.661356395084205573e-02 0.000000000000000000e+00
3.008000000000000000e+06 9.399909138766915362e-02 9.285389167045972336e-02 6.525944469731451703e-01 2.375967228038234069e-01 1.695493855257168905e-02 0.000000000000000000e+00
3.040000000000000000e+06 9.499908172158066932e-02 8.852981338188438409e-02 6.573736913973600160e-01 2.349795175238962308e-01 1.911697769685935522e-02 0.000000000000000000e+00
3.072000000000000000e+06 9.599907205549196298e-02 8.067819754210286964e-02 6.643149749658625591e-01 2.408966772872098427e-01 1.411015020482476144e-02 0.000000000000000000e+00
3.104000000000000000e+06 9.699906238940325665e-02 1.120846609012289552e-01 6.349567592171142527e-01 2.339553937187073274e-01 1.900318616294947513e-02 0.000000000000000000e+00
3.136000000000000000e+06 9.799905272331477235e-02 1.016158397815202508e-01 6.415566681838871244e-01 2.317933545744196577e-01 2.503413746017296368e-02 0.000000000000000000e+00
3.168000000000000000e+06 9.899904305722606601e-02 1.067364588074647264e-01 6.409877105143377829e-01 2.340691852526172179e-01 1.820664542558033533e-02 0.000000000000000000e+00
3.200000000000000000e+06 9.999903339113735967e-02 1.087847064178425194e-01 6.343878015475649113e-01 2.327036868456986707e-01 2.412380518889394726e-02 0.000000000000000000e+00
3.232000000000000000e+06 1.009990237250488754e-01 1.259672280382339582e-01 6.115157032316795860e-01 2.325898953117888079e-01 2.992717341829767910e-02 0.000000000000000000e+00
3.264000000000000000e+06 1.019990140589601690e-01 9.751934456076467861e-02 5.690714610832954268e-01 3.202093764223941652e-01 1.319981793354574502e-02 0.000000000000000000e+00
3.296000000000000000e+06 1.029990043928716847e-01 9.683659535730541890e-02 5.687300864815657553e-01 3.210059171597632877e-01 1.342740100136549826e-02 0.000000000000000000e+00
3.328000000000000000e+06 1.039989947267829784e-01 9.615384615384615918e-02 5.685025034137459743e-01 3.194128356850250428e-01 1.593081474738279601e-02 0.000000000000000000e+00
3.360000000000000000e+06 1.049989850606942721e-01 9.683659535730541890e-02 5.679335457441966328e-01 3.203231679563040557e-01 1.490669094219390124e-02 0.000000000000000000e+00
3.392000000000000000e+06 1.059989753946057878e-01 9.763313609467455523e-02 5.686162949476558648e-01 3.219162494310423561e-01 1.183431952662721866e-02 0.000000000000000000e+00
3.424000000000000000e+06 1.069989657285170814e-01 9.558488848429676221e-02 5.680473372781065233e-01 3.236231224396904915e-01 1.274465179790623508e-02 0.000000000000000000e+00
3.456000000000000000e+06 1.079989560624283751e-01 9.888484296768319803e-02 5.665680473372780579e-01 3.218024578971324656e-01 1.274465179790623508e-02 0.000000000000000000e+00
3.488000000000000000e+06 1.089989463963398908e-01 9.456076467910787264e-02 5.685025034137459743e-01 3.224852071005916976e-01 1.445152480655439303e-02 0.000000000000000000e+00
3.520000000000000000e+06 1.099989367302511845e-01 9.956759217114247162e-02 5.655439235320892655e-01 3.188438780154756458e-01 1.604460628129267263e-02 0.000000000000000000e+00
3.552000000000000000e+06 1.109989270641624781e-01 9.672280382339554228e-02 5.666818388711879484e-01 3.261265361857078049e-01 1.046882111970869403e-02 0.000000000000000000e+00
3.584000000000000000e+06 1.119989173980739938e-01 1.003641329085116080e-01 5.671370050068275104e-01 3.207783340919435622e-01 1.172052799271734204e-02 0.000000000000000000e+00
3.616000000000000000e+06 1.129989077319852875e-01 9.922621756941284177e-02 5.640646335912608000e-01 3.237369139736003820e-01 1.297223486572599005e-02 0.000000000000000000e+00
3.648000000000000000e+06 1.139988980658968032e-01 1.005917159763313612e-01 5.641784251251706905e-01 3.208921256258534527e-01 1.433773327264451468e-02 0.000000000000000000e+00
3.680000000000000000e+06 1.149988883998080968e-01 1.011606736458807443e-01 5.655439235320892655e-01 3.204369594902139462e-01 1.285844333181611343e-02 0.000000000000000000e+00
3.712000000000000000e+06 1.159988787337193905e-01 1.019572143832498806e-01 5.645197997269003620e-01 3.194128356850250428e-01 1.411015020482476144e-02 0.000000000000000000e+00
3.744000000000000000e+06 1.169988690676309062e-01 9.786071916249430847e-02 5.662266727355484974e-01 3.216886663632225751e-01 1.422394173873463806e-02 0.000000000000000000e+00
3.776000000000000000e+06 1.179988594015421999e-01 1.045744196631770567e-01 5.636094674556213491e-01 3.179335457441966328e-01 1.388256713700500647e-02 0.000000000000000000e+00
3.808000000000000000e+06 1.189988497354534935e-01 1.054847519344560697e-01 5.603095129722348577e-01 3.191852526172052618e-01 1.502048247610377786e-02 0.000000000000000000e+00
3.840000000000000000e+06 1.199988400693650092e-01 1.007055075102412378e-01 5.646335912608101415e-01 3.170232134729176199e-01 1.763768775603095224e-02 0.000000000000000000e+00
3.872000000000000000e+06 1.209988304032763029e-01 1.069640418752844796e-01 5.601957214383249672e-01 3.197542102867546587e-01 1.308602639963586667e-02 0.000000000000000000e+00
3.904000000000000000e+06 1.219988207371875966e-01 1.063950842057350965e-01 5.606508875739645292e-01 3.129267182521620616e-01 2.002730996813837164e-02 0.000000000000000000e+00
3.936000000000000000e+06 1.229988110710991123e-01 1.049157942649066866e-01 5.596267637687756258e-01 3.164542558033682229e-01 1.900318616294947513e-02 0.000000000000000000e+00
3.968000000000000000e+06 1.239988014050104059e-01 1.077605826126536159e-01 5.563268092853891345e-01 3.194128356850250428e-01 1.649977241693217911e-02 0.000000000000000000e+00
4.000000000000000000e+06 1.249987917389219216e-01 1.094674556213017791e-01 5.596267637687756258e-01 3.171370050068275104e-01 1.376877560309512985e-02 0.000000000000000000e+00
4.032000000000000000e+06 1.259987820728332153e-01 1.100364132908511622e-01 5.529130632680928636e-01 3.225989986345015881e-01 1.445152480655439303e-02 0.000000000000000000e+00
4.064000000000000000e+06 1.269987724067445090e-01 1.079881656804733692e-01 5.574647246244879284e-01 3.196404187528447682e-01 1.490669094219390124e-02 0.000000000000000000e+00
4.096000000000000000e+06 1.279987627406560247e-01 1.062812926718252199e-01 5.576923076923077094e-01 3.215748748293126846e-01 1.445152480655439303e-02 0.000000000000000000e+00
4.128000000000000000e+06 1.289987530745673183e-01 1.074192080109239861e-01 5.573509330905780379e-01 3.178197542102867423e-01 1.741010468821119553e-02 0.000000000000000000e+00
4.160000000000000000e+06 1.299987434084786120e-01 1.099226217569412856e-01 5.507510241238051663e-01 3.224852071005916976e-01 1.684114701866181243e-02 0.000000000000000000e+00
4.192000000000000000e+06 1.309987337423901277e-01 1.135639508420573512e-01 5.431269913518433912e-01 3.281747837960855563e-01 1.513427401001365448e-02 0.000000000000000000e+00
4.224000000000000000e+06 1.319987240763014213e-01 1.156121984524351443e-01 5.442649066909421851e-01 3.205507510241237812e-01 1.957214383249886169e-02 0.000000000000000000e+00
4.256000000000000000e+06 1.329987144102127150e-01 1.110605370960400518e-01 5.481338188438780179e-01 3.216886663632225751e-01 1.911697769685935522e-02 0.000000000000000000e+00
4.288000000000000000e+06 1.339987047441242307e-01 1.267637687756031084e-01 5.400546199362767918e-01 3.165680473372781134e-01 1.661356395084205573e-02 0.000000000000000000e+00
4.320000000000000000e+06 1.349986950780355244e-01 1.183431952662721831e-01 5.485889849795174689e-01 3.171370050068275104e-01 1.593081474738279601e-02 0.000000000000000000e+00
4.352000000000000000e+06 1.359986854119470401e-01 1.209604005461993592e-01 5.433545744196631722e-01 3.178197542102867423e-01 1.786527082385070547e-02 0.000000000000000000e+00
4.384000000000000000e+06 1.369986757458583337e-01 1.203914428766499761e-01 5.408511606736459143e-01 3.179335457441966328e-01 2.082385070550751144e-02 0.000000000000000000e+00
4.416000000000000000e+06 1.379986660797696274e-01 1.193673190714610866e-01 5.514337733272643982e-01 3.156577150659991005e-01 1.354119253527537488e-02 0.000000000000000000e+00
4.448000000000000000e+06 1.389986564136811431e-01 1.304050978607191602e-01 5.473372781065088954e-01 3.088302230314064478e-01 1.342740100136549826e-02 0.000000000000000000e+00
4.480000000000000000e+06 1.399986467475924368e-01 1.256258534365043145e-01 5.508648156577150568e-01 3.104233045061447482e-01 1.308602639963586667e-02 0.000000000000000000e+00
4.512000000000000000e+06 1.409986370815037304e-01 1.284706417842512438e-01 5.690714610832954268e-01 2.931269913518434467e-01 9.330905780609922637e-03 0.000000000000000000e+00
4.544000000000000000e+06 1.419986274154152461e-01 1.244879380974055483e-01 5.802230314064633632e-01 2.874374146563495880e-01 7.851615839781519654e-03 0.000000000000000000e+00
4.576000000000000000e+06 1.429986177493265398e-01 1.298361401911697632e-01 5.745334547109695045e-01 2.868684569868001910e-01 8.761948111060537808e-03 0.000000000000000000e+00
4.608000000000000000e+06 1.439986080832378335e-01 1.316568047337278169e-01 5.749886208466090665e-01 2.833409194355939742e-01 1.001365498406918582e-02 0.000000000000000000e+00
4.640000000000000000e+06 1.449985984171493492e-01 1.373463814292216756e-01 5.711197086936732337e-01 2.845926263086026586e-01 6.941283568502503235e-03 0.000000000000000000e+00
4.672000000000000000e+06 1.459985887510606428e-01 1.327947200728265831e-01 5.789713245334546787e-01 2.803823395539372099e-01 7.851615839781519654e-03 0.000000000000000000e+00
4.704000000000000000e+06 1.469985790849721585e-01 1.374601729631315383e-01 5.731679563040509295e-01 2.804961310878470448e-01 8.875739644970414427e-03 0.000000000000000000e+00
4.736000000000000000e+06 1.479985694188834522e-01 1.442876649977241632e-01 5.645197997269003620e-01 2.804961310878470448e-01 1.069640418752844727e-02 0.000000000000000000e+00
4.768000000000000000e+06 1.489985597527947458e-01 1.448566226672735602e-01 5.605370960400546387e-01 2.839098771051433712e-01 1.069640418752844727e-02 0.000000000000000000e+00
4.800000000000000000e+06 1.499985500867062616e-01 1.489531178880291185e-01 5.560992262175694645e-01 2.857305416477013971e-01 9.217114246700046018e-03 0.000000000000000000e+00
4.832000000000000000e+06 1.509985404206175552e-01 1.469048702776513393e-01 5.562130177514792440e-01 2.853891670459717811e-01 1.149294492489758707e-02 0.000000000000000000e+00
4.864000000000000000e+06 1.519985307545288489e-01 1.483841602184797492e-01 5.559854346836595740e-01 2.844788347746927681e-01 1.115157032316795548e-02 0.000000000000000000e+00
4.896000000000000000e+06 1.529985210884403646e-01 1.498634501593081592e-01 5.642922166590805810e-01 2.723031406463359283e-01 1.354119253527537488e-02 0.000000000000000000e+00
4.928000000000000000e+06 1.539985114223516582e-01 1.506599908966772816e-01 5.600819299044150767e-01 2.745789713245334607e-01 1.467910787437414627e-02 0.000000000000000000e+00
4.960000000000000000e+06 1.549985017562631739e-01 1.570323167956304000e-01 5.580336822940372699e-01 2.716203914428766408e-01 1.331360946745562164e-02 0.000000000000000000e+00
4.992000000000000000e+06 1.559984920901744676e-01 1.607874374146563423e-01 5.562130177514792440e-01 2.705962676376877374e-01 1.240327719617660522e-02 0.000000000000000000e+00
5.024000000000000000e+06 1.569984824240857613e-01 1.640873918980427781e-01 5.529130632680928636e-01 2.710514337733272439e-01 1.194811106053709528e-02 0.000000000000000000e+00
5.056000000000000000e+06 1.579984727579972770e-01 1.703459262630860338e-01 4.908966772872098150e-01 3.254437869822485174e-01 1.331360946745562164e-02 0.000000000000000000e+00
5.088000000000000000e+06 1.589984630919085706e-01 1.496358670914884059e-01 4.458352298588985074e-01 3.920118343195266308e-01 1.251706873008648184e-02 0.000000000000000000e+00
5.120000000000000000e+06 1.599984534258198643e-01 1.279016841147018746e-01 4.567592171142467183e-01 4.080564406008193035e-01 7.282658170232134826e-03 0.000000000000000000e+00
5.152000000000000000e+06 1.609984437597313800e-01 1.281292671825216278e-01 4.505006827492034627e-01 4.144287664997723941e-01 6.941283568502503235e-03 0.000000000000000000e+00
5.184000000000000000e+06 1.619984340936426737e-01 1.243741465634956717e-01 4.550523441055985274e-01 4.112426035502958488e-01 9.330905780609922637e-03 0.000000000000000000e+00
5.216000000000000000e+06 1.629984244275539673e-01 1.251706873008648080e-01 4.525489303595812696e-01 4.162494310423304755e-01 6.030951297223486815e-03 0.000000000000000000e+00
5.248000000000000000e+06 1.639984147614654830e-01 1.260810195721438209e-01 4.557350933090578149e-01 4.109012289485662328e-01 7.282658170232134826e-03 0.000000000000000000e+00
5.280000000000000000e+06 1.649984050953767767e-01 1.242603550295857950e-01 4.533454710969503920e-01 4.145425580336822846e-01 7.851615839781519654e-03 0.000000000000000000e+00
5.312000000000000000e+06 1.659983954292882924e-01 1.291533909877105035e-01 4.526627218934911046e-01 4.098771051433773294e-01 8.306781975421027864e-03 0.000000000000000000e+00
5.344000000000000000e+06 1.669983857631995861e-01 1.362084660901228816e-01 4.462903959945380139e-01 4.090805644060082069e-01 8.420573509330906217e-03 0.000000000000000000e+00
5.376000000000000000e+06 1.679983760971108797e-01 1.230086481565771522e-01 4.506144742831133532e-01 4.143149749658625591e-01 1.206190259444697363e-02 0.000000000000000000e+00
5.408000000000000000e+06 1.689983664310223954e-01 1.390532544378698110e-01 4.468593536640874109e-01 4.054392353208920996e-01 8.648156577150659455e-03 0.000000000000000000e+00
5.440000000000000000e+06 1.699983567649336891e-01 1.224396904870277691e-01 4.575557578516158408e-01 4.139736003641328876e-01 6.030951297223486815e-03 0.000000000000000000e+00
5.472000000000000000e+06 1.709983470988449827e-01 1.168639053254437871e-01 4.616522530723713991e-01 4.181838871187983364e-01 3.299954483386436255e-03 0.000000000000000000e+00
5.504000000000000000e+06 1.719983374327564984e-01 1.165225307237141572e-01 4.615384615384615641e-01 4.171597633136094885e-01 4.779244424214838804e-03 0.000000000000000000e+00
5.536000000000000000e+06 1.729983277666677921e-01 1.214155666818388657e-01 4.591488393263541412e-01 4.152253072371415721e-01 4.096495220755575623e-03 1.137915339098771066e-04
5.568000000000000000e+06 1.739983181005790858e-01 1.247155211652253015e-01 4.566454255803368278e-01 4.135184342284933812e-01 5.120619025944469528e-03 0.000000000000000000e+00
5.600000000000000000e+06 1.749983084344906015e-01 1.239189804278561652e-01 4.558488848429677054e-01 4.146563495675921751e-01 5.575785161583977738e-03 0.000000000000000000e+00
5.632000000000000000e+06 1.759982987684018951e-01 1.225534820209376458e-01 4.585798816568047442e-01 4.138598088302230527e-01 5.006827492034592909e-03 0.000000000000000000e+00
5.664000000000000000e+06 1.769982891023134108e-01 1.272189349112426149e-01 4.517523896222120916e-01 4.157942649066909691e-01 5.234410559854347014e-03 0.000000000000000000e+00
5.696000000000000000e+06 1.779982794362247045e-01 1.285844333181611343e-01 4.543695949021392955e-01 4.122667273554847522e-01 4.665452890304961318e-03 1.137915339098771066e-04
5.728000000000000000e+06 1.789982697701359982e-01 1.253982703686845612e-01 4.549385525716886924e-01 4.136322257624032717e-01 5.917159763313609329e-03 1.137915339098771066e-04
5.760000000000000000e+06 1.799982601040475139e-01 1.289258079198907503e-01 4.528903049613108855e-01 4.114701866181156298e-01 6.599908966772872511e-03 1.137915339098771066e-04
5.792000000000000000e+06 1.809982504379588075e-01 1.341602184797451025e-01 4.479972690031861493e-01 4.116977696859353553e-01 6.144742831133363434e-03 0.000000000000000000e+00
5.824000000000000000e+06 1.819982407718701012e-01 1.334774692762858428e-01 4.519799726900318726e-01 4.095357305416477134e-01 5.006827492034592909e-03 0.000000000000000000e+00
5.856000000000000000e+06 1.829982311057816169e-01 1.392808375056895642e-01 4.382111970869367323e-01 4.130632680928538747e-01 9.444697314519799256e-03 0.000000000000000000e+00
5.888000000000000000e+06 1.839982214396929106e-01 1.384842967683204418e-01 4.440145653163404815e-01 4.073736913973600160e-01 1.012744651797906244e-02 0.000000000000000000e+00
5.920000000000000000e+06 1.849982117736042042e-01 1.367774237596722786e-01 4.434456076467910846e-01 4.139736003641328876e-01 5.803368229403732710e-03 0.000000000000000000e+00
5.952000000000000000e+06 1.859982021075157199e-01 1.312016385980883104e-01 4.441283568502503165e-01 4.186390532544378429e-01 6.030951297223486815e-03 0.000000000000000000e+00
5.984000000000000000e+06 1.869981924414270136e-01 1.372325898953117851e-01 4.359353664087392000e-01 4.194355939918070209e-01 7.396449704142011444e-03 0.000000000000000000e+00
6.016000000000000000e+06 1.879981827753385293e-01 1.391670459717797015e-01 4.392353208921256358e-01 4.165908056440600915e-01 5.006827492034592909e-03 0.000000000000000000e+00
6.048000000000000000e+06 1.889981731092498229e-01 1.340464269458352398e-01 4.433318161128811941e-01 4.155666818388711881e-01 7.055075102412380721e-03 0.000000000000000000e+00
6.080000000000000000e+06 1.899981634431611166e-01 1.371187983614019223e-01 4.371870732817478289e-01 4.168183887118798170e-01 8.875739644970414427e-03 0.000000000000000000e+00
6.112000000000000000e+06 1.909981537770726323e-01 1.472462448793809831e-01 4.283113336367774249e-01 4.163632225762403105e-01 8.079198907601274626e-03 0.000000000000000000e+00
6.144000000000000000e+06 1.919981441109839260e-01 1.453117888029130667e-01 4.325216203914428736e-01 4.134046426945835462e-01 8.761948111060537808e-03 0.000000000000000000e+00
6.176000000000000000e+06 1.929981344448952196e-01 1.504324078288575284e-01 4.251251706873008795e-01 4.132908511606736557e-01 1.115157032316795548e-02 0.000000000000000000e+00
6.208000000000000000e+06 1.939981247788067353e-01 1.458807464724624359e-01 4.314974965862539702e-01 4.148839326354119006e-01 7.737824305871643035e-03 0.000000000000000000e+00
6.240000000000000000e+06 1.949981151127180290e-01 1.466772872098315861e-01 4.327492034592626546e-01 4.120391442876649712e-01 8.534365043240782836e-03 0.000000000000000000e+00
6.272000000000000000e+06 1.959981054466293227e-01 1.525944469731451980e-01 4.250113791533909890e-01 4.091943559399180974e-01 1.319981793354574502e-02 0.000000000000000000e+00
6.304000000000000000e+06 1.969980957805408384e-01 1.545289030496131144e-01 4.303595812471552318e-01 4.046426945835229771e-01 1.046882111970869403e-02 0.000000000000000000e+00
6.336000000000000000e+06 1.979980861144521320e-01 1.577150659990896597e-01 4.281975421028675344e-01 4.033909877105143482e-01 1.069640418752844727e-02 0.000000000000000000e+00
6.368000000000000000e+06 1.989980764483636477e-01 1.665908056440600915e-01 4.222803823395539502e-01 3.973600364132908735e-01 1.376877560309512985e-02 0.000000000000000000e+00
6.400000000000000000e+06 1.999980667822749414e-01 1.644287664997724219e-01 4.213700500682749372e-01 4.044151115157032517e-01 9.786071916249430847e-03 0.000000000000000000e+00
6.432000000000000000e+06 2.009980571161862350e-01 1.569185252617205373e-01 4.297906235776058348e-01 4.036185707783340737e-01 9.672280382339554228e-03 0.000000000000000000e+00
6.464000000000000000e+06 2.019980474500977508e-01 1.337050523441055960e-01 4.404870277651342647e-01 4.148839326354119006e-01 1.092398725534820224e-02 0.000000000000000000e+00
6.496000000000000000e+06 2.029980377840090444e-01 1.373463814292216756e-01 4.379836140191169513e-01 4.146563495675921751e-01 1.001365498406918582e-02 0.000000000000000000e+00
6.528000000000000000e+06 2.039980281179203381e-01 1.256258534365043145e-01 4.404870277651342647e-01 4.205735093309057593e-01 1.331360946745562164e-02 0.000000000000000000e+00
6.560000000000000000e+06 2.049980184518318538e-01 1.319981793354574329e-01 4.346836595357305155e-01 4.186390532544378429e-01 1.467910787437414627e-02 0.000000000000000000e+00
6.592000000000000000e+06 2.059980087857431474e-01 1.346153846153846090e-01 4.386663632225762388e-01 4.167045971779699820e-01 1.001365498406918582e-02 0.000000000000000000e+00
6.624000000000000000e+06 2.069979991196544411e-01 1.362084660901228816e-01 4.354802002730996935e-01 4.139736003641328876e-01 1.433773327264451468e-02 0.000000000000000000e+00
6.656000000000000000e+06 2.079979894535659568e-01 1.390532544378698110e-01 4.355939918070095840e-01 4.111288120163859583e-01 1.422394173873463806e-02 0.000000000000000000e+00
6.688000000000000000e+06 2.089979797874772505e-01 1.343878015475648557e-01 4.412835685025033872e-01 4.134046426945835462e-01 1.092398725534820224e-02 0.000000000000000000e+00
6.720000000000000000e+06 2.099979701213887662e-01 1.269913518434228616e-01 4.451524806554392200e-01 4.140873918980427781e-01 1.376877560309512985e-02 0.000000000000000000e+00
6.752000000000000000e+06 2.109979604553000598e-01 1.342740100136549930e-01 4.411697769685935522e-01 4.101046882111971104e-01 1.445152480655439303e-02 0.000000000000000000e+00
6.784000000000000000e+06 2.119979507892113535e-01 1.368912152935821691e-01 4.459490213928083979e-01 4.063495675921711681e-01 1.081019572143832562e-02 0.000000000000000000e+00
6.816000000000000000e+06 2.129979411231228692e-01 1.345015930814747462e-01 4.432180245789713036e-01 4.079426490669094130e-01 1.433773327264451468e-02 0.000000000000000000e+00
6.848000000000000000e+06 2.139979314570341629e-01 1.319981793354574329e-01 4.454938552571688914e-01 4.089667728720983164e-01 1.354119253527537488e-02 0.000000000000000000e+00
6.880000000000000000e+06 2.149979217909454565e-01 1.358670914883932657e-01 4.375284478834774449e-01 4.085116067364588099e-01 1.809285389167045871e-02 0.000000000000000000e+00
6.912000000000000000e+06 2.159979121248569722e-01 1.420118343195266308e-01 4.388939462903960198e-01 4.039599453800637452e-01 1.513427401001365448e-02 0.000000000000000000e+00
6.944000000000000000e+06 2.169979024587682659e-01 1.418980427856167403e-01 4.370732817478379384e-01 4.033909877105143482e-01 1.763768775603095224e-02 0.000000000000000000e+00
6.976000000000000000e+06 2.179978927926795595e-01 1.433773327264451503e-01 4.388939462903960198e-01 4.020254893035958288e-01 1.570323167956303931e-02 0.000000000000000000e+00
7.008000000000000000e+06 2.189978831265910753e-01 1.589667728720983164e-01 4.268320436959490149e-01 3.962221210741920796e-01 1.797906235776058209e-02 0.000000000000000000e+00
7.040000000000000000e+06 2.199978734605023689e-01 1.499772416932180219e-01 4.303595812471552318e-01 4.022530723714155543e-01 1.741010468821119553e-02 0.000000000000000000e+00
7.072000000000000000e+06 2.209978637944138846e-01 1.517979062357760478e-01 4.341147018661811741e-01 3.946290395994537792e-01 1.945835229858898507e-02 0.000000000000000000e+00
7.104000000000000000e+06 2.219978541283251783e-01 1.574874829312699065e-01 4.336595357305416676e-01 3.900773782430587144e-01 1.877560309512972189e-02 0.000000000000000000e+00
7.136000000000000000e+06 2.229978444622364719e-01 1.571461083295402905e-01 4.334319526627218866e-01 3.863222576240327721e-01 2.309968138370505075e-02 0.000000000000000000e+00
7.168000000000000000e+06 2.239978347961479876e-01 1.663632225762403383e-01 5.400546199362767918e-01 2.750341374601729671e-01 1.854802002730996865e-02 0.000000000000000000e+00
7.200000000000000000e+06 2.249978251300592813e-01 1.787664997724169313e-01 5.315202548930360038e-01 2.718479745106964218e-01 1.786527082385070547e-02 0.000000000000000000e+00
7.232000000000000000e+06 2.259978154639705750e-01 1.781975421028675344e-01 5.285616750113791840e-01 2.737824305871643382e-01 1.945835229858898507e-02 0.000000000000000000e+00
7.264000000000000000e+06 2.269978057978820907e-01 1.793354574419663283e-01 5.238962221210742287e-01 2.753755120619025831e-01 2.139280837505689453e-02 0.000000000000000000e+00
