# itime ezz other fcc hcp bcc ico
0.000000000000000000e+00 0.000000000000000000e+00 0.000000000000000000e+00 1.000000000000000000e+00 0.000000000000000000e+00 0.000000000000000000e+00 0.000000000000000000e+00
2.500000000000000000e+03 9.999978375629936522e-03 0.000000000000000000e+00 1.000000000000000000e+00 0.000000000000000000e+00 0.000000000000000000e+00 0.000000000000000000e+00
5.000000000000000000e+03 1.999995675125987304e-02 0.000000000000000000e+00 1.000000000000000000e+00 0.000000000000000000e+00 0.000000000000000000e+00 0.000000000000000000e+00
7.500000000000000000e+03 2.999993512688980957e-02 0.000000000000000000e+00 1.000000000000000000e+00 0.000000000000000000e+00 0.000000000000000000e+00 0.000000000000000000e+00
1.000000000000000000e+04 3.999991350251974609e-02 0.000000000000000000e+00 1.000000000000000000e+00 0.000000000000000000e+00 0.000000000000000000e+00 0.000000000000000000e+00
1.250000000000000000e+04 4.999989187814968261e-02 0.000000000000000000e+00 1.000000000000000000e+00 0.000000000000000000e+00 0.000000000000000000e+00 0.000000000000000000e+00
1.500000000000000000e+04 5.999987025377961913e-02 0.000000000000000000e+00 1.000000000000000000e+00 0.000000000000000000e+00 0.000000000000000000e+00 0.000000000000000000e+00
1.750000000000000000e+04 6.999984862940955566e-02 2.275830678197542133e-04 9.997724169321802190e-01 0.000000000000000000e+00 0.000000000000000000e+00 0.000000000000000000e+00
2.000000000000000000e+04 7.999982700503949218e-02 0.000000000000000000e+00 1.000000000000000000e+00 0.000000000000000000e+00 0.000000000000000000e+00 0.000000000000000000e+00
2.250000000000000000e+04 8.999980538066942870e-02 1.251706873008648227e-03 9.987482931269913156e-01 0.000000000000000000e+00 0.000000000000000000e+00 0.000000000000000000e+00
2.500000000000000000e+04 9.999978375629936522e-02 4.551661356395083832e-03 9.952207555757851543e-01 0.000000000000000000e+00 2.275830678197542133e-04 0.000000000000000000e+00
2.750000000000000000e+04 1.099997621319293017e-01 2.006144742831133254e-01 3.405780609922621771e-01 7.965407373691396923e-04 4.580109239872553473e-01 0.000000000000000000e+00
3.000000000000000000e+04 1.199997405075592383e-01 3.800637232589895026e-02 8.161128812016386069e-01 1.455393718707328199e-01 3.413746017296313199e-04 0.000000000000000000e+00
3.250000000000000000e+04 1.299997188831891748e-01 3.925807919890760000e-02 8.153163404642694845e-01 1.454255803368229294e-01 0.000000000000000000e+00 0.000000000000000000e+00
3.500000000000000000e+04 1.399996972588191113e-01 3.925807919890760000e-02 8.150887573964497035e-01 1.453117888029130667e-01 3.413746017296313199e-04 0.000000000000000000e+00
3.750000000000000000e+04 1.499996756344490478e-01 4.198907601274465273e-02 8.136094674556213491e-01 1.440600819299044100e-01 3.413746017296313199e-04 0.000000000000000000e+00
4.000000000000000000e+04 1.599996540100789844e-01 7.123350022758306865e-02 7.719617660446063123e-01 1.549840691852526209e-01 1.820664542558033706e-03 0.000000000000000000e+00
4.250000000000000000e+04 1.699996323857089209e-01 6.486117432862995025e-02 7.815202548930360038e-01 1.512289485662266786e-01 2.389622212107419402e-03 0.000000000000000000e+00
4.500000000000000000e+04 1.799996107613388574e-01 5.700955848884842886e-02 7.892580791989075584e-01 1.506599908966772816e-01 3.072371415566681717e-03 0.000000000000000000e+00
4.750000000000000000e+04 1.899995891369687939e-01 5.985434683659535821e-02 7.913063268092853653e-01 1.465634956759217233e-01 2.275830678197541916e-03 0.000000000000000000e+00
5.000000000000000000e+04 1.999995675125987304e-01 6.827492034592626269e-02 7.799271734182976479e-01 1.498634501593081592e-01 1.934456076467910759e-03 0.000000000000000000e+00
5.250000000000000000e+04 2.099995458882286670e-01 6.656804733727811341e-02 7.829995448338643582e-01 1.492944924897587622e-01 1.137915339098770958e-03 0.000000000000000000e+00
5.500000000000000000e+04 2.199995242638586035e-01 6.850250341374601593e-02 7.742375967228037892e-01 1.553254437869822369e-01 1.934456076467910759e-03 0.000000000000000000e+00
5.750000000000000000e+04 2.299995026394885400e-01 6.543013199817933334e-02 7.679790623577605890e-01 1.645425580336822846e-01 2.048247610377787811e-03 0.000000000000000000e+00
6.000000000000000000e+04 2.399994810151184765e-01 7.396449704142012138e-02 7.435138825671370189e-01 1.817250796540737234e-01 7.965407373691396923e-04 0.000000000000000000e+00
6.250000000000000000e+04 2.499994593907484131e-01 7.282658170232134132e-02 7.498862084660901095e-01 1.766044606281292617e-01 6.827492034592626399e-04 0.000000000000000000e+00
6.500000000000000000e+04 2.599994377663785716e-01 6.929904415111515226e-02 7.604688211197087044e-01 1.694355939918070209e-01 7.965407373691396923e-04 0.000000000000000000e+00
6.750000000000000000e+04 2.699994161420085081e-01 7.316795630405098505e-02 7.436276741010469093e-01 1.816112881201638607e-01 1.593081474738279385e-03 0.000000000000000000e+00
7.000000000000000000e+04 2.799993945176384447e-01 7.862994993172507663e-02 7.278106508875740177e-01 1.920801092398725651e-01 1.479289940828402332e-03 0.000000000000000000e+00
7.250000000000000000e+04 2.899993728932683812e-01 8.192990441511151245e-02 7.269003186162948937e-01 1.896904870277651423e-01 1.479289940828402332e-03 0.000000000000000000e+00
7.500000000000000000e+04 2.999993512688983177e-01 1.046882111970869333e-01 6.917387346381429492e-01 2.015248065543923661e-01 2.048247610377787811e-03 0.000000000000000000e+00
7.750000000000000000e+04 3.099993296445282542e-01 1.180018206645425533e-01 6.547564861174328676e-01 2.243969048702776636e-01 2.844788347746927612e-03 0.000000000000000000e+00
8.000000000000000000e+04 3.199993080201581908e-01 1.215293582157487423e-01 6.477014110150204340e-01 2.258761948111060458e-01 4.893035958124715423e-03 0.000000000000000000e+00
8.250000000000000000e+04 3.299992863957881273e-01 1.339326354119253493e-01 6.371187983614019501e-01 2.225762403277196100e-01 6.372325898953117539e-03 0.000000000000000000e+00
8.500000000000000000e+04 3.399992647714180638e-01 1.378015475648611821e-01 6.444014565316340537e-01 2.118798361401911801e-01 5.917159763313609329e-03 0.000000000000000000e+00
8.750000000000000000e+04 3.499992431470480003e-01 1.349567592171142527e-01 6.775147928994083024e-01 1.784251251706872876e-01 9.103322712790167665e-03 0.000000000000000000e+00
9.000000000000000000e+04 3.599992215226779368e-01 1.348429676832043622e-01 6.869594902139281034e-01 1.725079654073737034e-01 5.689576695493855224e-03 0.000000000000000000e+00
9.250000000000000000e+04 3.699991998983078734e-01 1.094674556213017791e-01 7.132453345471096995e-01 1.753527537551206328e-01 1.934456076467910759e-03 0.000000000000000000e+00
9.500000000000000000e+04 3.799991782739378099e-01 1.096950386891215323e-01 7.129039599453800280e-01 1.751251706873008518e-01 2.275830678197541916e-03 0.000000000000000000e+00
9.750000000000000000e+04 3.899991566495677464e-01 1.258534365043240677e-01 6.785389167045972059e-01 1.890077378243058825e-01 6.599908966772872511e-03 0.000000000000000000e+00
1.000000000000000000e+05 3.999991350251976829e-01 1.307464724624488039e-01 6.577150659990896875e-01 2.063040509786071841e-01 5.234410559854347014e-03 0.000000000000000000e+00
1.025000000000000000e+05 4.099991134008273974e-01 1.358670914883932657e-01 6.249431042330451103e-01 2.333864360491579304e-01 5.803368229403732710e-03 0.000000000000000000e+00
1.050000000000000000e+05 4.199990917764575560e-01 1.392808375056895642e-01 6.178880291306326766e-01 2.393035958124715423e-01 3.527537551206190360e-03 0.000000000000000000e+00
1.075000000000000000e+05 4.299990701520877145e-01 1.294947655894401473e-01 6.785389167045972059e-01 1.866181156121984597e-01 5.348202093764223633e-03 0.000000000000000000e+00
1.100000000000000000e+05 4.399990485277174290e-01 1.219845243513882627e-01 6.981110605370960398e-01 1.752389622212107423e-01 4.665452890304961318e-03 0.000000000000000000e+00
1.125000000000000000e+05 4.499990269033471435e-01 1.250568957669549452e-01 6.946973145197997690e-01 1.760355029585798925e-01 4.210286754665453109e-03 0.000000000000000000e+00
1.150000000000000000e+05 4.599990052789773021e-01 1.191397360036413333e-01 7.395311788802912956e-01 1.385980883022303045e-01 2.730996813837050560e-03 0.000000000000000000e+00
1.175000000000000000e+05 4.699989836546074606e-01 1.206190259444697294e-01 7.339553937187073274e-01 1.445152480655439164e-01 9.103322712790168532e-04 0.000000000000000000e+00
1.200000000000000000e+05 4.799989620302371751e-01 1.189121529358215801e-01 7.155211652253072874e-01 1.634046426945835184e-01 2.162039144287664864e-03 0.000000000000000000e+00
1.225000000000000000e+05 4.899989404058668896e-01 1.200500682749203463e-01 7.215521165225307065e-01 1.561219845243513871e-01 2.275830678197541916e-03 0.000000000000000000e+00
1.250000000000000000e+05 4.999989187814970482e-01 1.181156121984524299e-01 7.390760127446518446e-01 1.396222121074192080e-01 3.186162949476558769e-03 0.000000000000000000e+00
1.275000000000000000e+05 5.099988971571272067e-01 1.166363222576240338e-01 7.432862994993172379e-01 1.382567137005006885e-01 1.820664542558033706e-03 0.000000000000000000e+00
1.300000000000000000e+05 5.199988755327569212e-01 1.125398270368684617e-01 7.331588529813382049e-01 1.522530723714155543e-01 2.048247610377787811e-03 0.000000000000000000e+00
1.325000000000000000e+05 5.299988539083866357e-01 1.140191169776968577e-01 7.076695493855257313e-01 1.758079198907601393e-01 2.503413746017296455e-03 0.000000000000000000e+00
1.350000000000000000e+05 5.399988322840167942e-01 1.185707783340919502e-01 6.324533454710969949e-01 2.447655894401456478e-01 4.210286754665453109e-03 0.000000000000000000e+00
1.375000000000000000e+05 5.499988106596469528e-01 1.217569412835685094e-01 6.170914883932635542e-01 2.575102412380518846e-01 3.641329085116067413e-03 0.000000000000000000e+00
1.400000000000000000e+05 5.599987890352766673e-01 1.200500682749203463e-01 6.280154756486117096e-01 2.505689576695493970e-01 1.365498406918525280e-03 0.000000000000000000e+00
1.425000000000000000e+05 5.699987674109063818e-01 1.203914428766499761e-01 6.447428311333637252e-01 2.332726445152480677e-01 1.593081474738279385e-03 0.000000000000000000e+00
1.450000000000000000e+05 5.799987457865365403e-01 1.185707783340919502e-01 6.778561675011378629e-01 2.017523896222121194e-01 1.820664542558033706e-03 0.000000000000000000e+00
1.475000000000000000e+05 5.899987241621666989e-01 1.187983614019117035e-01 6.875284478834774449e-01 1.902594446973145115e-01 3.413746017296313308e-03 0.000000000000000000e+00
1.500000000000000000e+05 5.999987025377964134e-01 1.233500227583067821e-01 6.950386891215293295e-01 1.781975421028675344e-01 3.413746017296313308e-03 0.000000000000000000e+00
1.525000000000000000e+05 6.099986809134261279e-01 1.256258534365043145e-01 7.216659080564405970e-01 1.489531178880291185e-01 3.755120619025944465e-03 0.000000000000000000e+00
1.550000000000000000e+05 6.199986592890562864e-01 1.267637687756031084e-01 7.642239417387346467e-01 1.040054619936276736e-01 5.006827492034592909e-03 0.000000000000000000e+00
1.575000000000000000e+05 6.299986376646864450e-01 1.253982703686845612e-01 7.810650887573964418e-01 8.727810650887574129e-02 6.258534365043240920e-03 0.000000000000000000e+00
1.600000000000000000e+05 6.399986160403161595e-01 1.248293126991351781e-01 8.353436504324078804e-01 3.538916704597178109e-02 4.437869822485207214e-03 0.000000000000000000e+00
1.625000000000000000e+05 6.499985944159460960e-01 1.086709148839326289e-01 8.574192080109239722e-01 3.060992262175694228e-02 3.299954483386436255e-03 0.000000000000000000e+00
1.650000000000000000e+05 6.599985727915760325e-01 1.167501137915339104e-01 8.442193900773782289e-01 3.618570778334091742e-02 2.844788347746927612e-03 0.000000000000000000e+00
1.675000000000000000e+05 6.699985511672061911e-01 1.153846153846153910e-01 8.422849340009103125e-01 3.857532999544834029e-02 3.755120619025944465e-03 0.000000000000000000e+00
1.700000000000000000e+05 6.799985295428359056e-01 1.180018206645425533e-01 8.248748293126991760e-01 5.393718707328174627e-02 3.186162949476558769e-03 0.000000000000000000e+00
1.725000000000000000e+05 6.899985079184658421e-01 1.194811106053709632e-01 8.150887573964497035e-01 6.304050978607191047e-02 2.389622212107419402e-03 0.000000000000000000e+00
1.750000000000000000e+05 6.999984862940957786e-01 1.198224852071005930e-01 7.994993172507965928e-01 7.589895311788802390e-02 4.779244424214838804e-03 0.000000000000000000e+00
1.775000000000000000e+05 7.099984646697259372e-01 1.317705962676376796e-01 7.231451979972689514e-01 1.420118343195266308e-01 3.072371415566681717e-03 0.000000000000000000e+00
1.800000000000000000e+05 7.199984430453556516e-01 1.314292216659080637e-01 7.127901684114701375e-01 1.523668639053254448e-01 3.413746017296313308e-03 0.000000000000000000e+00
1.825000000000000000e+05 7.299984214209855882e-01 1.327947200728265831e-01 7.084660901228948537e-01 1.538461538461538547e-01 4.893035958124715423e-03 0.000000000000000000e+00
1.850000000000000000e+05 7.399983997966155247e-01 1.445152480655439164e-01 6.771734182976786309e-01 1.758079198907601393e-01 2.503413746017296455e-03 0.000000000000000000e+00
1.875000000000000000e+05 7.499983781722456833e-01 1.483841602184797492e-01 6.692080109239872954e-01 1.792216659080564378e-01 3.186162949476558769e-03 0.000000000000000000e+00
1.900000000000000000e+05 7.599983565478753977e-01 1.510013654984069253e-01 6.569185252617205650e-01 1.885525716886663761e-01 3.527537551206190360e-03 0.000000000000000000e+00
1.925000000000000000e+05 7.699983349235053343e-01 1.643149749658625314e-01 6.267637687756031362e-01 2.030040964952207483e-01 5.917159763313609329e-03 0.000000000000000000e+00
1.950000000000000000e+05 7.799983132991354928e-01 1.673873463814292140e-01 6.053709604005461653e-01 2.229176149294492537e-01 4.324078288575329727e-03 0.000000000000000000e+00
1.975000000000000000e+05 7.899982916747654293e-01 1.652253072371415443e-01 5.689576695493855363e-01 2.593309057806099105e-01 6.486117432862995025e-03 0.000000000000000000e+00
2.000000000000000000e+05 7.999982700503953659e-01 1.643149749658625314e-01 5.641784251251706905e-01 2.653618570778333852e-01 6.144742831133363434e-03 0.000000000000000000e+00
2.025000000000000000e+05 8.099982484260250803e-01 1.528220300409649512e-01 5.494993172507965928e-01 2.905097860719162428e-01 7.168866636322257339e-03 0.000000000000000000e+00
2.050000000000000000e+05 8.199982268016552389e-01 1.484979517523896120e-01 5.452890304961310886e-01 2.950614474283113076e-01 1.115157032316795548e-02 0.000000000000000000e+00
2.075000000000000000e+05 8.299982051772851754e-01 1.604460628129267263e-01 5.172963131543013571e-01 3.103095129722348577e-01 1.194811106053709528e-02 0.000000000000000000e+00
2.100000000000000000e+05 8.399981835529151120e-01 1.589667728720983164e-01 5.092171142467000200e-01 3.208921256258534527e-01 1.092398725534820224e-02 0.000000000000000000e+00
2.125000000000000000e+05 8.499981619285448264e-01 1.628356850250341492e-01 5.058033682294037492e-01 3.198680018206645492e-01 1.149294492489758707e-02 0.000000000000000000e+00
2.150000000000000000e+05 8.599981403041749850e-01 1.690942193900773771e-01 4.987482931269913711e-01 3.216886663632225751e-01 1.046882111970869403e-02 0.000000000000000000e+00
2.175000000000000000e+05 8.699981186798049215e-01 1.736458807464724696e-01 4.883932635411925571e-01 3.254437869822485174e-01 1.251706873008648184e-02 0.000000000000000000e+00
2.200000000000000000e+05 8.799980970554348580e-01 1.733045061447428259e-01 5.009103322712790130e-01 3.170232134729176199e-01 8.761948111060537808e-03 0.000000000000000000e+00
2.225000000000000000e+05 8.899980754310645725e-01 1.807009558488848477e-01 5.524578971324533017e-01 2.592171142467000200e-01 7.624032771961766417e-03 0.000000000000000000e+00
2.250000000000000000e+05 8.999980538066947311e-01 1.772872098315885214e-01 6.071916249431041912e-01 2.078971324533454845e-01 7.624032771961766417e-03 0.000000000000000000e+00
2.275000000000000000e+05 9.099980321823246676e-01 1.812699135184342170e-01 5.963814292216659263e-01 2.117660446062812896e-01 1.058261265361857065e-02 0.000000000000000000e+00
2.300000000000000000e+05 9.199980105579546041e-01 1.924214838416021811e-01 5.711197086936732337e-01 2.237141556668183762e-01 1.274465179790623508e-02 0.000000000000000000e+00
2.325000000000000000e+05 9.299979889335843186e-01 1.810423304506144637e-01 6.428083750568958088e-01 1.685252617205279801e-01 7.624032771961766417e-03 0.000000000000000000e+00
2.350000000000000000e+05 9.399979673092144772e-01 1.718252162039144160e-01 6.630632680928538747e-01 1.585116067364588099e-01 6.599908966772872511e-03 0.000000000000000000e+00
2.375000000000000000e+05 9.499979456848446357e-01 1.723941738734638129e-01 6.613563950842057393e-01 1.583978152025489194e-01 7.851615839781519654e-03 0.000000000000000000e+00
2.400000000000000000e+05 9.599979240604743502e-01 1.695493855257168836e-01 7.137005006827491504e-01 1.118570778334091881e-01 4.893035958124715423e-03 0.000000000000000000e+00
2.425000000000000000e+05 9.699979024361040647e-01 1.686390532544378706e-01 7.122212107419207960e-01 1.134501593081474746e-01 5.689576695493855224e-03 0.000000000000000000e+00
2.450000000000000000e+05 9.799978808117342233e-01 1.679563040509786109e-01 7.154073736913973969e-01 1.119708693673190647e-01 4.665452890304961318e-03 0.000000000000000000e+00
2.475000000000000000e+05 9.899978591873643818e-01 1.610150204824760956e-01 7.220072826581702685e-01 1.118570778334091881e-01 5.120619025944469528e-03 0.000000000000000000e+00
2.500000000000000000e+05 9.999978375629940963e-01 1.581702321347291662e-01 6.432635411925352598e-01 1.964041875284478766e-01 2.162039144287664864e-03 0.000000000000000000e+00
