# itime ezz other fcc hcp bcc ico
0.000000000000000000e+00 0.000000000000000000e+00 0.000000000000000000e+00 1.000000000000000000e+00 0.000000000000000000e+00 0.000000000000000000e+00 0.000000000000000000e+00
2.500000000000000000e+02 9.999706830754462317e-04 0.000000000000000000e+00 1.000000000000000000e+00 0.000000000000000000e+00 0.000000000000000000e+00 0.000000000000000000e+00
5.000000000000000000e+02 1.999941366150892463e-03 0.000000000000000000e+00 1.000000000000000000e+00 0.000000000000000000e+00 0.000000000000000000e+00 0.000000000000000000e+00
7.500000000000000000e+02 2.999912049226560740e-03 0.000000000000000000e+00 1.000000000000000000e+00 0.000000000000000000e+00 0.000000000000000000e+00 0.000000000000000000e+00
1.000000000000000000e+03 3.999882732302006971e-03 0.000000000000000000e+00 1.000000000000000000e+00 0.000000000000000000e+00 0.000000000000000000e+00 0.000000000000000000e+00
1.250000000000000000e+03 4.999853415377453203e-03 0.000000000000000000e+00 1.000000000000000000e+00 0.000000000000000000e+00 0.000000000000000000e+00 0.000000000000000000e+00
1.500000000000000000e+03 5.999824098452899435e-03 0.000000000000000000e+00 1.000000000000000000e+00 0.000000000000000000e+00 0.000000000000000000e+00 0.000000000000000000e+00
1.750000000000000000e+03 6.999794781528345666e-03 0.000000000000000000e+00 1.000000000000000000e+00 0.000000000000000000e+00 0.000000000000000000e+00 0.000000000000000000e+00
2.000000000000000000e+03 7.999765464604013943e-03 0.000000000000000000e+00 1.000000000000000000e+00 0.000000000000000000e+00 0.000000000000000000e+00 0.000000000000000000e+00
2.250000000000000000e+03 8.999736147679460174e-03 0.000000000000000000e+00 1.000000000000000000e+00 0.000000000000000000e+00 0.000000000000000000e+00 0.000000000000000000e+00
2.500000000000000000e+03 9.999706830754906406e-03 0.000000000000000000e+00 1.000000000000000000e+00 0.000000000000000000e+00 0.000000000000000000e+00 0.000000000000000000e+00
2.750000000000000000e+03 1.099967751383035264e-02 0.000000000000000000e+00 1.000000000000000000e+00 0.000000000000000000e+00 0.000000000000000000e+00 0.000000000000000000e+00
3.000000000000000000e+03 1.199964819690579887e-02 0.000000000000000000e+00 1.000000000000000000e+00 0.000000000000000000e+00 0.000000000000000000e+00 0.000000000000000000e+00
3.250000000000000000e+03 1.299961887998146715e-02 0.000000000000000000e+00 1.000000000000000000e+00 0.000000000000000000e+00 0.000000000000000000e+00 0.000000000000000000e+00
3.500000000000000000e+03 1.399958956305691338e-02 0.000000000000000000e+00 1.000000000000000000e+00 0.000000000000000000e+00 0.000000000000000000e+00 0.000000000000000000e+00
3.750000000000000000e+03 1.499956024613235961e-02 0.000000000000000000e+00 1.000000000000000000e+00 0.000000000000000000e+00 0.000000000000000000e+00 0.000000000000000000e+00
4.000000000000000000e+03 1.599953092920780584e-02 0.000000000000000000e+00 1.000000000000000000e+00 0.000000000000000000e+00 0.000000000000000000e+00 0.000000000000000000e+00
4.250000000000000000e+03 1.699950161228325207e-02 0.000000000000000000e+00 1.000000000000000000e+00 0.000000000000000000e+00 0.000000000000000000e+00 0.000000000000000000e+00
4.500000000000000000e+03 1.799947229535892035e-02 0.000000000000000000e+00 1.000000000000000000e+00 0.000000000000000000e+00 0.000000000000000000e+00 0.000000000000000000e+00
4.750000000000000000e+03 1.899944297843436658e-02 0.000000000000000000e+00 1.000000000000000000e+00 0.000000000000000000e+00 0.000000000000000000e+00 0.000000000000000000e+00
5.000000000000000000e+03 1.999941366150981281e-02 0.000000000000000000e+00 1.000000000000000000e+00 0.000000000000000000e+00 0.000000000000000000e+00 0.000000000000000000e+00
5.250000000000000000e+03 2.099938434458525904e-02 0.000000000000000000e+00 1.000000000000000000e+00 0.000000000000000000e+00 0.000000000000000000e+00 0.000000000000000000e+00
5.500000000000000000e+03 2.199935502766070528e-02 0.000000000000000000e+00 1.000000000000000000e+00 0.000000000000000000e+00 0.000000000000000000e+00 0.000000000000000000e+00
5.750000000000000000e+03 2.299932571073637355e-02 0.000000000000000000e+00 1.000000000000000000e+00 0.000000000000000000e+00 0.000000000000000000e+00 0.000000000000000000e+00
6.000000000000000000e+03 2.399929639381181978e-02 0.000000000000000000e+00 1.000000000000000000e+00 0.000000000000000000e+00 0.000000000000000000e+00 0.000000000000000000e+00
6.250000000000000000e+03 2.499926707688726601e-02 0.000000000000000000e+00 1.000000000000000000e+00 0.000000000000000000e+00 0.000000000000000000e+00 0.000000000000000000e+00
6.500000000000000000e+03 2.599923775996271225e-02 0.000000000000000000e+00 1.000000000000000000e+00 0.000000000000000000e+00 0.000000000000000000e+00 0.000000000000000000e+00
6.750000000000000000e+03 2.699920844303815848e-02 0.000000000000000000e+00 1.000000000000000000e+00 0.000000000000000000e+00 0.000000000000000000e+00 0.000000000000000000e+00
7.000000000000000000e+03 2.799917912611382675e-02 0.000000000000000000e+00 1.000000000000000000e+00 0.000000000000000000e+00 0.000000000000000000e+00 0.000000000000000000e+00
7.250000000000000000e+03 2.899914980918927299e-02 0.000000000000000000e+00 1.000000000000000000e+00 0.000000000000000000e+00 0.000000000000000000e+00 0.000000000000000000e+00
7.500000000000000000e+03 2.999912049226471922e-02 0.000000000000000000e+00 1.000000000000000000e+00 0.000000000000000000e+00 0.000000000000000000e+00 0.000000000000000000e+00
7.750000000000000000e+03 3.099909117534016545e-02 0.000000000000000000e+00 1.000000000000000000e+00 0.000000000000000000e+00 0.000000000000000000e+00 0.000000000000000000e+00
8.000000000000000000e+03 3.199906185841561168e-02 0.000000000000000000e+00 1.000000000000000000e+00 0.000000000000000000e+00 0.000000000000000000e+00 0.000000000000000000e+00
8.250000000000000000e+03 3.299903254149127996e-02 0.000000000000000000e+00 1.000000000000000000e+00 0.000000000000000000e+00 0.000000000000000000e+00 0.000000000000000000e+00
8.500000000000000000e+03 3.399900322456672619e-02 0.000000000000000000e+00 1.000000000000000000e+00 0.000000000000000000e+00 0.000000000000000000e+00 0.000000000000000000e+00
8.750000000000000000e+03 3.499897390764217242e-02 0.000000000000000000e+00 1.000000000000000000e+00 0.000000000000000000e+00 0.000000000000000000e+00 0.000000000000000000e+00
9.000000000000000000e+03 3.599894459071761865e-02 0.000000000000000000e+00 1.000000000000000000e+00 0.000000000000000000e+00 0.000000000000000000e+00 0.000000000000000000e+00
9.250000000000000000e+03 3.699891527379306488e-02 0.000000000000000000e+00 1.000000000000000000e+00 0.000000000000000000e+00 0.000000000000000000e+00 0.000000000000000000e+00
9.500000000000000000e+03 3.799888595686851112e-02 0.000000000000000000e+00 1.000000000000000000e+00 0.000000000000000000e+00 0.000000000000000000e+00 0.000000000000000000e+00
9.750000000000000000e+03 3.899885663994417939e-02 0.000000000000000000e+00 1.000000000000000000e+00 0.000000000000000000e+00 0.000000000000000000e+00 0.000000000000000000e+00
1.000000000000000000e+04 3.999882732301962562e-02 0.000000000000000000e+00 1.000000000000000000e+00 0.000000000000000000e+00 0.000000000000000000e+00 0.000000000000000000e+00
1.025000000000000000e+04 4.099879800609507186e-02 0.000000000000000000e+00 1.000000000000000000e+00 0.000000000000000000e+00 0.000000000000000000e+00 0.000000000000000000e+00
1.050000000000000000e+04 4.199876868917051809e-02 0.000000000000000000e+00 1.000000000000000000e+00 0.000000000000000000e+00 0.000000000000000000e+00 0.000000000000000000e+00
1.075000000000000000e+04 4.299873937224596432e-02 0.000000000000000000e+00 1.000000000000000000e+00 0.000000000000000000e+00 0.000000000000000000e+00 0.000000000000000000e+00
1.100000000000000000e+04 4.399871005532163259e-02 0.000000000000000000e+00 1.000000000000000000e+00 0.000000000000000000e+00 0.000000000000000000e+00 0.000000000000000000e+00
1.125000000000000000e+04 4.499868073839707883e-02 0.000000000000000000e+00 1.000000000000000000e+00 0.000000000000000000e+00 0.000000000000000000e+00 0.000000000000000000e+00
1.150000000000000000e+04 4.599865142147252506e-02 0.000000000000000000e+00 1.000000000000000000e+00 0.000000000000000000e+00 0.000000000000000000e+00 0.000000000000000000e+00
1.175000000000000000e+04 4.699862210454797129e-02 0.000000000000000000e+00 1.000000000000000000e+00 0.000000000000000000e+00 0.000000000000000000e+00 0.000000000000000000e+00
1.200000000000000000e+04 4.799859278762341752e-02 0.000000000000000000e+00 1.000000000000000000e+00 0.000000000000000000e+00 0.000000000000000000e+00 0.000000000000000000e+00
1.225000000000000000e+04 4.899856347069908580e-02 0.000000000000000000e+00 1.000000000000000000e+00 0.000000000000000000e+00 0.000000000000000000e+00 0.000000000000000000e+00
1.250000000000000000e+04 4.999853415377453203e-02 0.000000000000000000e+00 1.000000000000000000e+00 0.000000000000000000e+00 0.000000000000000000e+00 0.000000000000000000e+00
1.275000000000000000e+04 5.099850483684997826e-02 0.000000000000000000e+00 1.000000000000000000e+00 0.000000000000000000e+00 0.000000000000000000e+00 0.000000000000000000e+00
1.300000000000000000e+04 5.199847551992542449e-02 0.000000000000000000e+00 1.000000000000000000e+00 0.000000000000000000e+00 0.000000000000000000e+00 0.000000000000000000e+00
1.325000000000000000e+04 5.299844620300087072e-02 0.000000000000000000e+00 1.000000000000000000e+00 0.000000000000000000e+00 0.000000000000000000e+00 0.000000000000000000e+00
1.350000000000000000e+04 5.399841688607653900e-02 0.000000000000000000e+00 1.000000000000000000e+00 0.000000000000000000e+00 0.000000000000000000e+00 0.000000000000000000e+00
1.375000000000000000e+04 5.499838756915198523e-02 0.000000000000000000e+00 1.000000000000000000e+00 0.000000000000000000e+00 0.000000000000000000e+00 0.000000000000000000e+00
1.400000000000000000e+04 5.599835825222743146e-02 0.000000000000000000e+00 1.000000000000000000e+00 0.000000000000000000e+00 0.000000000000000000e+00 0.000000000000000000e+00
1.425000000000000000e+04 5.699832893530287770e-02 0.000000000000000000e+00 1.000000000000000000e+00 0.000000000000000000e+00 0.000000000000000000e+00 0.000000000000000000e+00
1.450000000000000000e+04 5.799829961837832393e-02 0.000000000000000000e+00 1.000000000000000000e+00 0.000000000000000000e+00 0.000000000000000000e+00 0.000000000000000000e+00
1.475000000000000000e+04 5.899827030145399220e-02 0.000000000000000000e+00 1.000000000000000000e+00 0.000000000000000000e+00 0.000000000000000000e+00 0.000000000000000000e+00
1.500000000000000000e+04 5.999824098452943844e-02 3.413746017296313199e-04 9.996586253982703285e-01 0.000000000000000000e+00 0.000000000000000000e+00 0.000000000000000000e+00
1.525000000000000000e+04 6.099821166760488467e-02 0.000000000000000000e+00 1.000000000000000000e+00 0.000000000000000000e+00 0.000000000000000000e+00 0.000000000000000000e+00
1.550000000000000000e+04 6.199818235068033090e-02 0.000000000000000000e+00 1.000000000000000000e+00 0.000000000000000000e+00 0.000000000000000000e+00 0.000000000000000000e+00
1.575000000000000000e+04 6.299815303375577713e-02 1.137915339098771066e-04 9.998862084660901095e-01 0.000000000000000000e+00 0.000000000000000000e+00 0.000000000000000000e+00
1.600000000000000000e+04 6.399812371683144541e-02 1.137915339098771066e-04 9.998862084660901095e-01 0.000000000000000000e+00 0.000000000000000000e+00 0.000000000000000000e+00
1.625000000000000000e+04 6.499809439990689164e-02 0.000000000000000000e+00 1.000000000000000000e+00 0.000000000000000000e+00 0.000000000000000000e+00 0.000000000000000000e+00
1.650000000000000000e+04 6.599806508298233787e-02 0.000000000000000000e+00 1.000000000000000000e+00 0.000000000000000000e+00 0.000000000000000000e+00 0.000000000000000000e+00
1.675000000000000000e+04 6.699803576605778410e-02 0.000000000000000000e+00 1.000000000000000000e+00 0.000000000000000000e+00 0.000000000000000000e+00 0.000000000000000000e+00
1.700000000000000000e+04 6.799800644913323033e-02 0.000000000000000000e+00 1.000000000000000000e+00 0.000000000000000000e+00 0.000000000000000000e+00 0.000000000000000000e+00
1.725000000000000000e+04 6.899797713220889861e-02 1.137915339098771066e-04 9.998862084660901095e-01 0.000000000000000000e+00 0.000000000000000000e+00 0.000000000000000000e+00
1.750000000000000000e+04 6.999794781528434484e-02 1.137915339098771066e-04 9.998862084660901095e-01 0.000000000000000000e+00 0.000000000000000000e+00 0.000000000000000000e+00
1.775000000000000000e+04 7.099791849835979107e-02 0.000000000000000000e+00 1.000000000000000000e+00 0.000000000000000000e+00 0.000000000000000000e+00 0.000000000000000000e+00
1.800000000000000000e+04 7.199788918143523730e-02 4.551661356395084266e-04 9.995448338643604380e-01 0.000000000000000000e+00 0.000000000000000000e+00 0.000000000000000000e+00
1.825000000000000000e+04 7.299785986451068354e-02 0.000000000000000000e+00 1.000000000000000000e+00 0.000000000000000000e+00 0.000000000000000000e+00 0.000000000000000000e+00
1.850000000000000000e+04 7.399783054758635181e-02 0.000000000000000000e+00 1.000000000000000000e+00 0.000000000000000000e+00 0.000000000000000000e+00 0.000000000000000000e+00
1.875000000000000000e+04 7.499780123066179804e-02 1.137915339098771066e-04 9.998862084660901095e-01 0.000000000000000000e+00 0.000000000000000000e+00 0.000000000000000000e+00
1.900000000000000000e+04 7.599777191373724428e-02 0.000000000000000000e+00 1.000000000000000000e+00 0.000000000000000000e+00 0.000000000000000000e+00 0.000000000000000000e+00
1.925000000000000000e+04 7.699774259681269051e-02 4.551661356395084266e-04 9.995448338643604380e-01 0.000000000000000000e+00 0.000000000000000000e+00 0.000000000000000000e+00
1.950000000000000000e+04 7.799771327988813674e-02 5.689576695493854790e-04 9.994310423304506585e-01 0.000000000000000000e+00 0.000000000000000000e+00 0.000000000000000000e+00
1.975000000000000000e+04 7.899768396296380502e-02 0.000000000000000000e+00 1.000000000000000000e+00 0.000000000000000000e+00 0.000000000000000000e+00 0.000000000000000000e+00
2.000000000000000000e+04 7.999765464603925125e-02 2.275830678197542133e-04 9.997724169321802190e-01 0.000000000000000000e+00 0.000000000000000000e+00 0.000000000000000000e+00
2.025000000000000000e+04 8.099762532911469748e-02 1.137915339098771066e-04 9.998862084660901095e-01 0.000000000000000000e+00 0.000000000000000000e+00 0.000000000000000000e+00
2.050000000000000000e+04 8.199759601219014371e-02 5.689576695493854790e-04 9.994310423304506585e-01 0.000000000000000000e+00 0.000000000000000000e+00 0.000000000000000000e+00
2.075000000000000000e+04 8.299756669526558994e-02 4.551661356395084266e-04 9.995448338643604380e-01 0.000000000000000000e+00 0.000000000000000000e+00 0.000000000000000000e+00
2.100000000000000000e+04 8.399753737834125822e-02 7.965407373691396923e-04 9.992034592626308775e-01 0.000000000000000000e+00 0.000000000000000000e+00 0.000000000000000000e+00
2.125000000000000000e+04 8.499750806141670445e-02 6.827492034592626399e-04 9.990896677287209870e-01 0.000000000000000000e+00 2.275830678197542133e-04 0.000000000000000000e+00
2.150000000000000000e+04 8.599747874449215068e-02 5.689576695493854790e-04 9.993172507965407680e-01 0.000000000000000000e+00 1.137915339098771066e-04 0.000000000000000000e+00
2.175000000000000000e+04 8.699744942756759691e-02 0.000000000000000000e+00 1.000000000000000000e+00 0.000000000000000000e+00 0.000000000000000000e+00 0.000000000000000000e+00
2.200000000000000000e+04 8.799742011064304315e-02 7.965407373691396923e-04 9.992034592626308775e-01 0.000000000000000000e+00 0.000000000000000000e+00 0.000000000000000000e+00
2.225000000000000000e+04 8.899739079371871142e-02 1.365498406918525280e-03 9.986345015930814251e-01 0.000000000000000000e+00 0.000000000000000000e+00 0.000000000000000000e+00
2.250000000000000000e+04 8.999736147679415765e-02 9.103322712790168532e-04 9.987482931269913156e-01 0.000000000000000000e+00 3.413746017296313199e-04 0.000000000000000000e+00
2.275000000000000000e+04 9.099733215986960388e-02 1.820664542558033706e-03 9.980655439235320836e-01 0.000000000000000000e+00 1.137915339098771066e-04 0.000000000000000000e+00
2.300000000000000000e+04 9.199730284294505012e-02 2.162039144287664864e-03 9.974965862539827421e-01 0.000000000000000000e+00 3.413746017296313199e-04 0.000000000000000000e+00
2.325000000000000000e+04 9.299727352602049635e-02 1.593081474738279385e-03 9.981793354574419741e-01 0.000000000000000000e+00 2.275830678197542133e-04 0.000000000000000000e+00
2.350000000000000000e+04 9.399724420909616462e-02 5.689576695493854790e-04 9.994310423304506585e-01 0.000000000000000000e+00 0.000000000000000000e+00 0.000000000000000000e+00
2.375000000000000000e+04 9.499721489217161086e-02 1.137915339098770958e-03 9.988620846609012061e-01 0.000000000000000000e+00 0.000000000000000000e+00 0.000000000000000000e+00
2.400000000000000000e+04 9.599718557524705709e-02 1.479289940828402332e-03 9.985207100591716456e-01 0.000000000000000000e+00 0.000000000000000000e+00 0.000000000000000000e+00
2.425000000000000000e+04 9.699715625832250332e-02 4.096495220755575623e-03 9.956759217114247162e-01 0.000000000000000000e+00 2.275830678197542133e-04 0.000000000000000000e+00
2.450000000000000000e+04 9.799712694139794955e-02 1.934456076467910759e-03 9.980655439235320836e-01 0.000000000000000000e+00 0.000000000000000000e+00 0.000000000000000000e+00
2.475000000000000000e+04 9.899709762447361783e-02 2.730996813837050560e-03 9.967000455166135087e-01 0.000000000000000000e+00 5.689576695493854790e-04 0.000000000000000000e+00
2.500000000000000000e+04 9.999706830754906406e-02 2.730996813837050560e-03 9.971552116522530707e-01 0.000000000000000000e+00 1.137915339098771066e-04 0.000000000000000000e+00
2.525000000000000000e+04 1.009970389906245103e-01 2.730996813837050560e-03 9.971552116522530707e-01 0.000000000000000000e+00 1.137915339098771066e-04 0.000000000000000000e+00
2.550000000000000000e+04 1.019970096736999565e-01 1.820664542558033706e-03 9.978379608557123026e-01 0.000000000000000000e+00 3.413746017296313199e-04 0.000000000000000000e+00
2.575000000000000000e+04 1.029969803567754028e-01 4.779244424214838804e-03 9.952207555757851543e-01 0.000000000000000000e+00 0.000000000000000000e+00 0.000000000000000000e+00
2.600000000000000000e+04 1.039969510398510710e-01 7.055075102412380721e-03 9.924897587619481154e-01 0.000000000000000000e+00 4.551661356395084266e-04 0.000000000000000000e+00
2.625000000000000000e+04 1.049969217229265173e-01 5.461993627674101119e-03 9.941966317705962508e-01 0.000000000000000000e+00 3.413746017296313199e-04 0.000000000000000000e+00
2.650000000000000000e+04 1.059968924060019635e-01 5.120619025944469528e-03 9.941966317705962508e-01 0.000000000000000000e+00 6.827492034592626399e-04 0.000000000000000000e+00
2.675000000000000000e+04 1.069968630890774097e-01 7.055075102412380721e-03 9.924897587619481154e-01 0.000000000000000000e+00 4.551661356395084266e-04 0.000000000000000000e+00
2.700000000000000000e+04 1.079968337721528560e-01 1.012744651797906244e-02 9.887346381429221731e-01 0.000000000000000000e+00 1.137915339098770958e-03 0.000000000000000000e+00
2.725000000000000000e+04 1.089968044552285242e-01 1.285844333181611343e-02 9.847519344560764498e-01 0.000000000000000000e+00 2.389622212107419402e-03 0.000000000000000000e+00
2.750000000000000000e+04 1.099967751383039705e-01 4.847519344560764776e-02 8.752844788347746707e-01 0.000000000000000000e+00 7.624032771961765376e-02 0.000000000000000000e+00
2.775000000000000000e+04 1.109967458213794167e-01 1.826354119253527641e-01 2.727583067819754348e-01 0.000000000000000000e+00 5.446062812926718566e-01 0.000000000000000000e+00
2.800000000000000000e+04 1.119967165044548629e-01 1.789940828402366846e-01 3.730086481565771384e-01 1.046882111970869403e-02 4.375284478834774449e-01 0.000000000000000000e+00
2.825000000000000000e+04 1.129966871875303092e-01 2.460172963131543045e-01 4.541420118343195145e-01 2.511379153390987939e-01 4.870277651342740100e-02 0.000000000000000000e+00
2.850000000000000000e+04 1.139966578706057554e-01 2.232589895311788697e-01 4.584660901228948537e-01 2.943786982248520756e-01 2.389622212107419055e-02 0.000000000000000000e+00
2.875000000000000000e+04 1.149966285536814237e-01 2.059626763768775681e-01 5.017068730086481354e-01 2.749203459262630767e-01 1.741010468821119553e-02 0.000000000000000000e+00
2.900000000000000000e+04 1.159965992367568699e-01 1.968593536640873831e-01 5.259444697314519246e-01 2.652480655439235502e-01 1.194811106053709528e-02 0.000000000000000000e+00
2.925000000000000000e+04 1.169965699198323161e-01 1.843422849340008995e-01 5.406235776058261333e-01 2.604688211197087044e-01 1.456531634046426965e-02 0.000000000000000000e+00
2.950000000000000000e+04 1.179965406029077624e-01 1.734182976786527164e-01 5.678197542102867423e-01 2.494310423304506030e-01 9.330905780609922637e-03 0.000000000000000000e+00
2.975000000000000000e+04 1.189965112859832086e-01 1.543013199817933612e-01 6.092398725534819981e-01 2.302002730996813851e-01 6.258534365043240920e-03 0.000000000000000000e+00
3.000000000000000000e+04 1.199964819690588769e-01 1.337050523441055960e-01 6.415566681838871244e-01 2.191624943104233114e-01 5.575785161583977738e-03 0.000000000000000000e+00
3.025000000000000000e+04 1.209964526521343231e-01 1.331360946745562268e-01 6.447428311333637252e-01 2.152935821574874786e-01 6.827492034592626616e-03 0.000000000000000000e+00
3.050000000000000000e+04 1.219964233352097693e-01 1.267637687756031084e-01 6.487255348202093375e-01 2.175694128356850388e-01 6.941283568502503235e-03 0.000000000000000000e+00
3.075000000000000000e+04 1.229963940182852156e-01 1.307464724624488039e-01 6.490669094219390090e-01 2.142694583522985752e-01 5.917159763313609329e-03 0.000000000000000000e+00
3.100000000000000000e+04 1.239963647013606618e-01 1.307464724624488039e-01 6.500910332271279124e-01 2.134729176149294527e-01 5.689576695493855224e-03 0.000000000000000000e+00
3.125000000000000000e+04 1.249963353844363301e-01 1.297223486572599005e-01 6.499772416932180219e-01 2.150659990896677254e-01 5.234410559854347014e-03 0.000000000000000000e+00
3.150000000000000000e+04 1.259963060675117763e-01 1.297223486572599005e-01 6.488393263541192280e-01 2.152935821574874786e-01 6.144742831133363434e-03 0.000000000000000000e+00
3.175000000000000000e+04 1.269962767505872225e-01 1.294947655894401473e-01 6.475876194811106545e-01 2.156349567592171224e-01 7.282658170232134826e-03 0.000000000000000000e+00
3.200000000000000000e+04 1.279962474336626688e-01 1.276741010468821214e-01 6.522530723714156098e-01 2.121074192080109333e-01 7.965407373691398007e-03 0.000000000000000000e+00
3.225000000000000000e+04 1.289962181167381150e-01 1.294947655894401473e-01 6.522530723714156098e-01 2.125625853436504398e-01 5.689576695493855224e-03 0.000000000000000000e+00
3.250000000000000000e+04 1.299961887998137833e-01 1.276741010468821214e-01 6.502048247610378029e-01 2.146108329540282189e-01 7.510241238051888930e-03 0.000000000000000000e+00
3.275000000000000000e+04 1.309961594828892295e-01 1.298361401911697632e-01 6.420118343195265753e-01 2.210969503868912278e-01 7.055075102412380721e-03 0.000000000000000000e+00
3.300000000000000000e+04 1.319961301659646757e-01 1.300637232589895442e-01 6.451979972690031762e-01 2.162039144287664916e-01 8.534365043240782836e-03 0.000000000000000000e+00
3.325000000000000000e+04 1.329961008490401220e-01 1.292671825216203940e-01 6.474738279472007640e-01 2.167728720983158885e-01 6.486117432862995025e-03 0.000000000000000000e+00
3.350000000000000000e+04 1.339960715321155682e-01 1.273327264451524776e-01 6.477014110150204340e-01 2.159763313609467383e-01 8.989531178880291046e-03 0.000000000000000000e+00
3.375000000000000000e+04 1.349960422151912365e-01 1.289258079198907503e-01 6.472462448793809831e-01 2.148384160218479721e-01 8.989531178880291046e-03 0.000000000000000000e+00
3.400000000000000000e+04 1.359960128982666827e-01 1.293809740555302568e-01 6.461083295402821891e-01 2.160901228948566288e-01 8.420573509330906217e-03 0.000000000000000000e+00
3.425000000000000000e+04 1.369959835813421289e-01 1.300637232589895442e-01 6.457669549385525176e-01 2.165452890304961353e-01 7.624032771961766417e-03 0.000000000000000000e+00
3.450000000000000000e+04 1.379959542644175752e-01 1.285844333181611343e-01 6.461083295402821891e-01 2.157487482931269851e-01 9.558488848429677609e-03 0.000000000000000000e+00
3.475000000000000000e+04 1.389959249474930214e-01 1.304050978607191602e-01 6.456531634046427381e-01 2.167728720983158885e-01 7.168866636322257339e-03 0.000000000000000000e+00
3.500000000000000000e+04 1.399958956305686897e-01 1.272189349112426149e-01 6.500910332271279124e-01 2.137005006827492060e-01 8.989531178880291046e-03 0.000000000000000000e+00
3.525000000000000000e+04 1.409958663136441359e-01 1.318843878015475701e-01 6.459945380063722986e-01 2.141556668183887124e-01 7.965407373691398007e-03 0.000000000000000000e+00
3.550000000000000000e+04 1.419958369967195821e-01 1.281292671825216278e-01 6.489531178880291185e-01 2.144970414201183562e-01 8.420573509330906217e-03 0.000000000000000000e+00
3.575000000000000000e+04 1.429958076797950284e-01 1.273327264451524776e-01 6.583978152025489194e-01 2.074419663177059503e-01 6.827492034592626616e-03 0.000000000000000000e+00
3.600000000000000000e+04 1.439957783628704746e-01 1.313154301319981732e-01 6.605598543468366168e-01 1.994765589440145592e-01 8.648156577150659455e-03 0.000000000000000000e+00
3.625000000000000000e+04 1.449957490459461429e-01 1.342740100136549930e-01 6.632908511606736557e-01 1.945835229858898507e-01 7.851615839781519654e-03 0.000000000000000000e+00
3.650000000000000000e+04 1.459957197290215891e-01 1.239189804278561652e-01 6.797906235776057793e-01 1.859353664087392000e-01 1.035502958579881741e-02 0.000000000000000000e+00
3.675000000000000000e+04 1.469956904120970353e-01 1.300637232589895442e-01 6.828629949931724896e-01 1.789940828402366846e-01 8.079198907601274626e-03 0.000000000000000000e+00
3.700000000000000000e+04 1.479956610951724816e-01 1.215293582157487423e-01 6.943559399180700975e-01 1.786527082385070686e-01 5.461993627674101119e-03 0.000000000000000000e+00
3.725000000000000000e+04 1.489956317782479278e-01 1.187983614019117035e-01 6.936731907146108655e-01 1.822940373236231204e-01 5.234410559854347014e-03 0.000000000000000000e+00
3.750000000000000000e+04 1.499956024613235961e-01 1.161811561219845274e-01 6.992489758761948337e-01 1.778561675011379184e-01 6.713700500682749130e-03 0.000000000000000000e+00
3.775000000000000000e+04 1.509955731443990423e-01 1.186845698680018268e-01 7.072143832498861693e-01 1.692080109239872676e-01 4.893035958124715423e-03 0.000000000000000000e+00
3.800000000000000000e+04 1.519955438274744886e-01 1.190259444697314567e-01 7.121074192080109055e-01 1.613563950842057393e-01 7.510241238051888930e-03 0.000000000000000000e+00
3.825000000000000000e+04 1.529955145105499348e-01 1.095812471552116557e-01 7.248520710059171979e-01 1.620391442876649990e-01 3.527537551206190360e-03 0.000000000000000000e+00
3.850000000000000000e+04 1.539954851936253810e-01 1.029813381884387841e-01 7.322485207100591920e-01 1.596495220755575761e-01 5.120619025944469528e-03 0.000000000000000000e+00
3.875000000000000000e+04 1.549954558767010493e-01 9.683659535730541890e-02 7.444242148384160318e-01 1.535047792444242110e-01 5.234410559854347014e-03 0.000000000000000000e+00
3.900000000000000000e+04 1.559954265597764955e-01 1.010468821119708677e-01 7.398725534820209671e-01 1.525944469731451980e-01 6.486117432862995025e-03 0.000000000000000000e+00
3.925000000000000000e+04 1.569953972428519418e-01 9.604005461993628257e-02 7.439690487027764698e-01 1.538461538461538547e-01 6.144742831133363434e-03 0.000000000000000000e+00
3.950000000000000000e+04 1.579953679259273880e-01 9.683659535730541890e-02 7.418070095584888834e-01 1.545289030496131144e-01 6.827492034592626616e-03 0.000000000000000000e+00
3.975000000000000000e+04 1.589953386090028342e-01 9.683659535730541890e-02 7.307692307692307265e-01 1.661356395084205850e-01 6.258534365043240920e-03 0.000000000000000000e+00
4.000000000000000000e+04 1.599953092920785025e-01 9.205735093309057315e-02 7.298588984979517136e-01 1.725079654073737034e-01 5.575785161583977738e-03 0.000000000000000000e+00
4.025000000000000000e+04 1.609952799751539487e-01 9.069185252617205373e-02 7.336140191169776559e-01 1.682976786527082269e-01 7.396449704142011444e-03 0.000000000000000000e+00
4.050000000000000000e+04 1.619952506582293950e-01 9.126081019572143682e-02 7.338416021847974369e-01 1.681838871187983642e-01 6.713700500682749130e-03 0.000000000000000000e+00
4.075000000000000000e+04 1.629952213413048412e-01 9.012289485662267063e-02 7.335002275830677654e-01 1.697769685935366368e-01 6.599908966772872511e-03 0.000000000000000000e+00
4.100000000000000000e+04 1.639951920243802874e-01 9.057806099226217711e-02 7.349795175238962308e-01 1.703459262630860338e-01 4.096495220755575623e-03 0.000000000000000000e+00
4.125000000000000000e+04 1.649951627074559557e-01 9.194355939918069653e-02 7.329312699135184239e-01 1.689804278561675144e-01 6.144742831133363434e-03 0.000000000000000000e+00
4.150000000000000000e+04 1.659951333905314019e-01 8.852981338188438409e-02 7.329312699135184239e-01 1.693218024578971304e-01 9.217114246700046018e-03 0.000000000000000000e+00
4.175000000000000000e+04 1.669951040736068482e-01 8.841602184797450747e-02 7.345243513882566688e-01 1.700045516613563901e-01 7.055075102412380721e-03 0.000000000000000000e+00
4.200000000000000000e+04 1.679950747566822944e-01 8.705052344105598805e-02 7.356622667273554628e-01 1.702321347291761433e-01 7.055075102412380721e-03 0.000000000000000000e+00
4.225000000000000000e+04 1.689950454397577406e-01 9.023668639053254725e-02 7.347519344560764498e-01 1.685252617205279801e-01 6.486117432862995025e-03 0.000000000000000000e+00
4.250000000000000000e+04 1.699950161228334089e-01 9.091943559399180697e-02 7.286071916249431402e-01 1.735320892125625791e-01 6.941283568502503235e-03 0.000000000000000000e+00
4.275000000000000000e+04 1.709949868059088551e-01 8.989531178880291740e-02 7.339553937187073274e-01 1.696631770596267741e-01 6.486117432862995025e-03 0.000000000000000000e+00
4.300000000000000000e+04 1.719949574889843014e-01 8.875739644970413733e-02 7.342967683204369989e-01 1.694355939918070209e-01 7.510241238051888930e-03 0.000000000000000000e+00
4.325000000000000000e+04 1.729949281720597476e-01 9.091943559399180697e-02 7.328174783796085334e-01 1.693218024578971304e-01 6.941283568502503235e-03 0.000000000000000000e+00
4.350000000000000000e+04 1.739948988551351938e-01 9.182976786527081992e-02 7.339553937187073274e-01 1.679563040509786109e-01 6.258534365043240920e-03 0.000000000000000000e+00
4.375000000000000000e+04 1.749948695382108621e-01 9.103322712790168358e-02 7.320209376422394110e-01 1.705735093309057870e-01 6.372325898953117539e-03 0.000000000000000000e+00
4.400000000000000000e+04 1.759948402212863083e-01 9.239872553482020301e-02 7.294037323623122626e-01 1.713700500682749095e-01 6.827492034592626616e-03 0.000000000000000000e+00
4.425000000000000000e+04 1.769948109043617546e-01 8.841602184797450747e-02 7.319071461083295205e-01 1.725079654073737034e-01 7.168866636322257339e-03 0.000000000000000000e+00
4.450000000000000000e+04 1.779947815874372008e-01 8.909877105143376719e-02 7.361174328629950248e-01 1.688666363222576239e-01 5.917159763313609329e-03 0.000000000000000000e+00
4.475000000000000000e+04 1.789947522705126470e-01 9.239872553482020301e-02 7.338416021847974369e-01 1.695493855257168836e-01 4.210286754665453109e-03 0.000000000000000000e+00
4.500000000000000000e+04 1.799947229535883153e-01 9.012289485662267063e-02 7.344105598543468894e-01 1.698907601274465273e-01 5.575785161583977738e-03 0.000000000000000000e+00
4.525000000000000000e+04 1.809946936366637615e-01 8.898497951752389057e-02 7.340691852526172179e-01 1.715976331360946627e-01 5.348202093764223633e-03 0.000000000000000000e+00
4.550000000000000000e+04 1.819946643197392078e-01 8.761948111060537114e-02 7.349795175238962308e-01 1.708010923987255403e-01 6.599908966772872511e-03 0.000000000000000000e+00
4.575000000000000000e+04 1.829946350028146540e-01 9.330905780609922984e-02 7.337278106508875464e-01 1.690942193900773771e-01 3.868912152935821518e-03 0.000000000000000000e+00
4.600000000000000000e+04 1.839946056858901002e-01 9.160218479745106668e-02 7.348657259899863403e-01 1.687528447883477334e-01 4.779244424214838804e-03 0.000000000000000000e+00
4.625000000000000000e+04 1.849945763689655465e-01 9.080564406008193035e-02 7.374829312699134887e-01 1.667045971779699542e-01 5.006827492034592909e-03 0.000000000000000000e+00
4.650000000000000000e+04 1.859945470520412147e-01 8.921256258534364381e-02 7.350933090578061213e-01 1.693218024578971304e-01 6.372325898953117539e-03 0.000000000000000000e+00
4.675000000000000000e+04 1.869945177351166610e-01 9.126081019572143682e-02 7.386208466090122826e-01 1.657942649066909413e-01 4.324078288575329727e-03 0.000000000000000000e+00
4.700000000000000000e+04 1.879944884181921072e-01 9.228493400091032639e-02 7.329312699135184239e-01 1.689804278561675144e-01 5.803368229403732710e-03 0.000000000000000000e+00
4.725000000000000000e+04 1.889944591012675534e-01 9.308147473827947660e-02 7.325898953117887524e-01 1.704597177969958965e-01 3.868912152935821518e-03 0.000000000000000000e+00
4.750000000000000000e+04 1.899944297843429997e-01 9.046426945835230049e-02 7.355484751934455723e-01 1.692080109239872676e-01 4.779244424214838804e-03 0.000000000000000000e+00
4.775000000000000000e+04 1.909944004674186679e-01 8.852981338188438409e-02 7.420345926263085534e-01 1.657942649066909413e-01 3.641329085116067413e-03 0.000000000000000000e+00
4.800000000000000000e+04 1.919943711504941142e-01 9.239872553482020301e-02 7.380518889394629412e-01 1.662494310423304478e-01 3.299954483386436255e-03 0.000000000000000000e+00
4.825000000000000000e+04 1.929943418335695604e-01 8.796085571233500100e-02 7.405553026854801990e-01 1.657942649066909413e-01 5.689576695493855224e-03 0.000000000000000000e+00
4.850000000000000000e+04 1.939943125166450066e-01 9.126081019572143682e-02 7.398725534820209671e-01 1.653390987710514348e-01 3.527537551206190360e-03 0.000000000000000000e+00
4.875000000000000000e+04 1.949942831997204529e-01 8.830223031406463086e-02 7.393035958124715146e-01 1.681838871187983642e-01 4.210286754665453109e-03 0.000000000000000000e+00
4.900000000000000000e+04 1.959942538827961211e-01 9.160218479745106668e-02 7.373691397360035982e-01 1.673873463814292140e-01 3.641329085116067413e-03 0.000000000000000000e+00
4.925000000000000000e+04 1.969942245658715674e-01 8.966772872098316416e-02 7.388484296768320636e-01 1.671597633136094607e-01 4.324078288575329727e-03 0.000000000000000000e+00
4.950000000000000000e+04 1.979941952489470136e-01 9.547109695038688559e-02 7.377105143377332697e-01 1.637460172963131622e-01 3.072371415566681717e-03 0.000000000000000000e+00
4.975000000000000000e+04 1.989941659320224598e-01 9.421939007737824279e-02 7.378243058716431602e-01 1.639736003641329154e-01 3.982703686845699004e-03 0.000000000000000000e+00
5.000000000000000000e+04 1.999941366150979061e-01 9.638142922166591242e-02 7.354346836595356818e-01 1.648839326354119283e-01 3.299954483386436255e-03 0.000000000000000000e+00
5.025000000000000000e+04 2.009941072981735743e-01 9.649522075557578904e-02 7.346381429221665593e-01 1.653390987710514348e-01 3.527537551206190360e-03 0.000000000000000000e+00
5.050000000000000000e+04 2.019940779812490206e-01 9.456076467910787264e-02 7.348657259899863403e-01 1.665908056440600915e-01 3.982703686845699004e-03 0.000000000000000000e+00
5.075000000000000000e+04 2.029940486643244668e-01 9.604005461993628257e-02 7.360036413290851343e-01 1.637460172963131622e-01 4.210286754665453109e-03 0.000000000000000000e+00
5.100000000000000000e+04 2.039940193473999130e-01 9.376422394173873631e-02 7.393035958124715146e-01 1.634046426945835184e-01 3.527537551206190360e-03 0.000000000000000000e+00
5.125000000000000000e+04 2.049939900304753593e-01 9.695038689121529552e-02 7.363450159308146947e-01 1.642011834319526686e-01 2.503413746017296455e-03 0.000000000000000000e+00
5.150000000000000000e+04 2.059939607135510276e-01 9.535730541647700897e-02 7.371415566681839282e-01 1.647701411015020379e-01 2.730996813837050560e-03 0.000000000000000000e+00
5.175000000000000000e+04 2.069939313966264738e-01 9.865725989986344480e-02 7.365725989986344757e-01 1.615839781520254925e-01 3.186162949476558769e-03 0.000000000000000000e+00
5.200000000000000000e+04 2.079939020797019200e-01 9.547109695038688559e-02 7.371415566681839282e-01 1.621529358215748617e-01 5.234410559854347014e-03 0.000000000000000000e+00
5.225000000000000000e+04 2.089938727627773662e-01 1.002503413746017313e-01 7.363450159308146947e-01 1.610150204824760956e-01 2.389622212107419402e-03 0.000000000000000000e+00
5.250000000000000000e+04 2.099938434458528125e-01 9.877105143377332142e-02 7.361174328629950248e-01 1.626081019572143960e-01 2.503413746017296455e-03 0.000000000000000000e+00
5.275000000000000000e+04 2.109938141289284808e-01 1.029813381884387841e-01 7.444242148384160318e-01 1.482703686845698587e-01 4.324078288575329727e-03 0.000000000000000000e+00
5.300000000000000000e+04 2.119937848120039270e-01 1.165225307237141572e-01 7.534137460172962708e-01 1.256258534365043145e-01 4.437869822485207214e-03 0.000000000000000000e+00
5.325000000000000000e+04 2.129937554950793732e-01 1.167501137915339104e-01 7.668411470186617951e-01 1.094674556213017791e-01 6.941283568502503235e-03 0.000000000000000000e+00
5.350000000000000000e+04 2.139937261781548195e-01 1.096950386891215323e-01 8.129267182521620061e-01 7.271279016841146470e-02 4.665452890304961318e-03 0.000000000000000000e+00
5.375000000000000000e+04 2.149936968612302657e-01 1.071916249431042328e-01 8.509330905780609910e-01 4.028220300409649651e-02 1.593081474738279385e-03 0.000000000000000000e+00
5.400000000000000000e+04 2.159936675443059340e-01 1.060537096040054666e-01 8.571916249431041912e-01 3.504779244424215123e-02 1.706873008648156654e-03 0.000000000000000000e+00
5.425000000000000000e+04 2.169936382273813802e-01 9.934000910332271839e-02 8.673190714610833352e-01 3.060992262175694228e-02 2.730996813837050560e-03 0.000000000000000000e+00
5.450000000000000000e+04 2.179936089104568264e-01 8.864360491579426071e-02 8.899635867091488795e-01 1.934456076467910846e-02 2.048247610377787811e-03 0.000000000000000000e+00
5.475000000000000000e+04 2.189935795935322727e-01 7.897132453345470648e-02 9.056668183887118806e-01 1.274465179790623508e-02 2.617205279927173507e-03 0.000000000000000000e+00
5.500000000000000000e+04 2.199935502766077189e-01 7.385070550751024476e-02 9.147701411015020101e-01 9.330905780609922637e-03 2.048247610377787811e-03 0.000000000000000000e+00
5.525000000000000000e+04 2.209935209596833872e-01 7.259899863450158808e-02 9.132908511606736557e-01 1.331360946745562164e-02 7.965407373691396923e-04 0.000000000000000000e+00
5.550000000000000000e+04 2.219934916427588334e-01 7.282658170232134132e-02 9.062357760582612221e-01 1.945835229858898507e-02 1.479289940828402332e-03 0.000000000000000000e+00
5.575000000000000000e+04 2.229934623258342796e-01 7.009558488848430247e-02 9.073736913973600160e-01 2.184797451069640448e-02 6.827492034592626399e-04 0.000000000000000000e+00
5.600000000000000000e+04 2.239934330089097259e-01 7.009558488848430247e-02 9.078288575329995780e-01 2.105143377332726468e-02 1.024123805188893906e-03 0.000000000000000000e+00
5.625000000000000000e+04 2.249934036919851721e-01 6.918525261720527564e-02 9.095357305416477134e-01 2.036868456986800149e-02 9.103322712790168532e-04 0.000000000000000000e+00
5.650000000000000000e+04 2.259933743750608404e-01 6.907146108329539902e-02 9.104460628129267263e-01 1.968593536640873831e-02 7.965407373691396923e-04 0.000000000000000000e+00
5.675000000000000000e+04 2.269933450581362866e-01 7.055075102412380894e-02 9.080564406008192480e-01 2.036868456986800149e-02 1.024123805188893906e-03 0.000000000000000000e+00
