# itime ezz other fcc hcp bcc ico
0.000000000000000000e+00 0.000000000000000000e+00 0.000000000000000000e+00 1.000000000000000000e+00 0.000000000000000000e+00 0.000000000000000000e+00 0.000000000000000000e+00
2.500000000000000000e+02 1.000000314498317167e-02 0.000000000000000000e+00 1.000000000000000000e+00 0.000000000000000000e+00 0.000000000000000000e+00 0.000000000000000000e+00
5.000000000000000000e+02 2.000000628996634333e-02 0.000000000000000000e+00 1.000000000000000000e+00 0.000000000000000000e+00 0.000000000000000000e+00 0.000000000000000000e+00
7.500000000000000000e+02 3.000000943494951500e-02 0.000000000000000000e+00 1.000000000000000000e+00 0.000000000000000000e+00 0.000000000000000000e+00 0.000000000000000000e+00
1.000000000000000000e+03 4.000001257993268666e-02 0.000000000000000000e+00 1.000000000000000000e+00 0.000000000000000000e+00 0.000000000000000000e+00 0.000000000000000000e+00
1.250000000000000000e+03 5.000001572491585833e-02 0.000000000000000000e+00 1.000000000000000000e+00 0.000000000000000000e+00 0.000000000000000000e+00 0.000000000000000000e+00
1.500000000000000000e+03 6.000001886989902999e-02 0.000000000000000000e+00 1.000000000000000000e+00 0.000000000000000000e+00 0.000000000000000000e+00 0.000000000000000000e+00
1.750000000000000000e+03 7.000002201488220166e-02 0.000000000000000000e+00 1.000000000000000000e+00 0.000000000000000000e+00 0.000000000000000000e+00 0.000000000000000000e+00
2.000000000000000000e+03 8.000002515986537333e-02 0.000000000000000000e+00 1.000000000000000000e+00 0.000000000000000000e+00 0.000000000000000000e+00 0.000000000000000000e+00
2.250000000000000000e+03 9.000002830484854499e-02 4.551661356395084266e-04 9.995448338643604380e-01 0.000000000000000000e+00 0.000000000000000000e+00 0.000000000000000000e+00
2.500000000000000000e+03 1.000000314498317167e-01 1.593081474738279385e-03 9.984069185252617551e-01 0.000000000000000000e+00 0.000000000000000000e+00 0.000000000000000000e+00
2.750000000000000000e+03 1.100000345948148883e-01 7.168866636322257339e-03 9.922621756941283344e-01 0.000000000000000000e+00 5.689576695493854790e-04 0.000000000000000000e+00
3.000000000000000000e+03 1.200000377397980600e-01 9.774692762858443185e-02 8.279472007282657753e-01 0.000000000000000000e+00 7.430587164314975124e-02 0.000000000000000000e+00
3.250000000000000000e+03 1.300000408847812317e-01 3.459262630860264198e-01 1.997041420118343125e-01 2.014110150204824826e-02 4.342284934000910090e-01 0.000000000000000000e+00
3.500000000000000000e+03 1.400000440297644033e-01 3.627674101046882149e-01 2.421483841602184717e-01 1.330223031406463363e-01 2.620619025944469493e-01 0.000000000000000000e+00
3.750000000000000000e+03 1.500000471747475750e-01 3.984979517523896120e-01 2.944924897587619661e-01 1.789940828402366846e-01 1.280154756486117373e-01 0.000000000000000000e+00
4.000000000000000000e+03 1.600000503197307467e-01 4.137460172963131622e-01 3.041647701411014926e-01 1.834319526627218866e-01 9.865725989986344480e-02 0.000000000000000000e+00
4.250000000000000000e+03 1.700000534647139183e-01 4.211424670004551563e-01 2.944924897587619661e-01 1.899180700955848955e-01 9.444697314519799602e-02 0.000000000000000000e+00
4.500000000000000000e+03 1.800000566096970900e-01 4.475421028675466428e-01 2.827719617660446327e-01 1.931042330450614408e-01 7.658170232134729749e-02 0.000000000000000000e+00
4.750000000000000000e+03 1.900000597546802616e-01 4.516385980883022566e-01 2.786754665452890189e-01 1.940145653163404538e-01 7.567137005006827066e-02 0.000000000000000000e+00
5.000000000000000000e+03 2.000000628996634333e-01 4.572143832498862248e-01 2.728720983158853253e-01 1.985662266727355463e-01 7.134729176149294527e-02 0.000000000000000000e+00
5.250000000000000000e+03 2.100000660446466050e-01 4.732589895311788974e-01 2.676376877560309731e-01 2.043695949021392677e-01 5.473372781065088954e-02 0.000000000000000000e+00
5.500000000000000000e+03 2.200000691896297766e-01 4.754210286754665393e-01 2.789030496131087999e-01 1.991351843422849432e-01 4.654073736913973830e-02 0.000000000000000000e+00
5.750000000000000000e+03 2.300000723346129483e-01 4.616522530723713991e-01 2.774237596722803900e-01 2.255348202093764298e-01 3.538916704597178109e-02 0.000000000000000000e+00
6.000000000000000000e+03 2.400000754795961200e-01 4.624487938097405770e-01 2.729858898497951603e-01 2.342967683204369711e-01 3.015475648611743234e-02 1.137915339098771066e-04
6.250000000000000000e+03 2.500000786245792916e-01 4.484524351388256558e-01 2.927856167501137752e-01 2.363450159308147502e-01 2.241693218024579104e-02 0.000000000000000000e+00
6.500000000000000000e+03 2.600000817695624633e-01 4.333181611288119961e-01 3.014337733272644537e-01 2.455621301775147980e-01 1.968593536640873831e-02 0.000000000000000000e+00
6.750000000000000000e+03 2.700000849145456350e-01 4.167045971779699820e-01 3.067819754210286964e-01 2.537551206190259423e-01 2.275830678197542090e-02 0.000000000000000000e+00
7.000000000000000000e+03 2.800000880595288066e-01 4.134046426945835462e-01 3.053026854802002865e-01 2.591033227127901850e-01 2.218934911242603433e-02 0.000000000000000000e+00
7.250000000000000000e+03 2.900000912045119783e-01 4.005461993627674189e-01 3.269230769230769273e-01 2.498862084660901095e-01 2.264451524806554428e-02 0.000000000000000000e+00
7.500000000000000000e+03 3.000000943494951500e-01 3.889394629039599205e-01 3.633363677742376119e-01 2.232589895311788697e-01 2.446517979062357712e-02 0.000000000000000000e+00
7.750000000000000000e+03 3.100000974944783216e-01 3.772189349112425871e-01 3.777878925807919841e-01 2.238279472007282667e-01 2.116522530723714129e-02 0.000000000000000000e+00
8.000000000000000000e+03 3.200001006394614933e-01 3.711879836140191125e-01 3.734638142922166448e-01 2.319071461083295482e-01 2.344105598543468408e-02 0.000000000000000000e+00
8.250000000000000000e+03 3.300001037844446650e-01 3.699362767410104835e-01 3.806326809285389134e-01 2.280382339553937154e-01 2.139280837505689453e-02 0.000000000000000000e+00
8.500000000000000000e+03 3.400001069294278366e-01 3.601502048247610110e-01 4.048702776513427581e-01 2.166590805644059980e-01 1.832043695949021542e-02 0.000000000000000000e+00
8.750000000000000000e+03 3.500001100744110083e-01 3.504779244424214846e-01 4.140873918980427781e-01 2.199590350477924339e-01 1.547564861174328607e-02 0.000000000000000000e+00
9.000000000000000000e+03 3.600001132193941800e-01 3.537778789258079204e-01 4.070323167956304000e-01 2.226900318616295005e-01 1.649977241693217911e-02 0.000000000000000000e+00
9.250000000000000000e+03 3.700001163643773516e-01 3.532089212562585234e-01 3.969048702776513671e-01 2.323623122439690547e-01 1.752389622212107562e-02 0.000000000000000000e+00
9.500000000000000000e+03 3.800001195093605233e-01 3.610605370960400795e-01 4.172735548475193235e-01 2.124487938097405493e-01 9.217114246700046018e-03 0.000000000000000000e+00
9.750000000000000000e+03 3.900001226543436950e-01 3.487710514337733492e-01 4.528903049613108855e-01 1.873008648156577194e-01 1.103777878925807886e-02 0.000000000000000000e+00
1.000000000000000000e+04 4.000001257993268666e-01 3.401228948566226706e-01 4.647246244879381094e-01 1.847974510696404060e-01 1.035502958579881741e-02 0.000000000000000000e+00
1.025000000000000000e+04 4.100001289443100383e-01 3.142922166590805810e-01 4.833864360491579304e-01 1.931042330450614408e-01 9.217114246700046018e-03 0.000000000000000000e+00
1.050000000000000000e+04 4.200001320892932100e-01 3.058716431497496835e-01 5.043240782885752838e-01 1.804733727810650945e-01 9.330905780609922637e-03 0.000000000000000000e+00
1.075000000000000000e+04 4.300001352342763816e-01 2.975648611743286209e-01 5.112653618570778269e-01 1.828629949931725174e-01 8.306781975421027864e-03 0.000000000000000000e+00
1.100000000000000000e+04 4.400001383792595533e-01 2.786754665452890189e-01 5.408511606736459143e-01 1.698907601274465273e-01 1.058261265361857065e-02 0.000000000000000000e+00
1.125000000000000000e+04 4.500001415242427250e-01 2.728720983158853253e-01 5.488165680473372499e-01 1.678425125170687204e-01 1.046882111970869403e-02 0.000000000000000000e+00
1.150000000000000000e+04 4.600001446692258966e-01 2.709376422394174089e-01 5.562130177514792440e-01 1.682976786527082269e-01 4.551661356395083832e-03 0.000000000000000000e+00
1.175000000000000000e+04 4.700001478142090683e-01 2.730996813837050508e-01 5.632680928538916776e-01 1.579426490669094130e-01 5.689576695493855224e-03 0.000000000000000000e+00
1.200000000000000000e+04 4.800001509591922400e-01 2.730996813837050508e-01 5.697542102867546587e-01 1.492944924897587622e-01 7.851615839781519654e-03 0.000000000000000000e+00
1.225000000000000000e+04 4.900001541041754116e-01 2.742375967228038447e-01 5.637232589895311285e-01 1.537323623122439642e-01 8.306781975421027864e-03 0.000000000000000000e+00
1.250000000000000000e+04 5.000001572491585833e-01 2.600136549840691980e-01 5.721438324988621371e-01 1.586253982703686727e-01 9.217114246700046018e-03 0.000000000000000000e+00
1.275000000000000000e+04 5.100001603941417549e-01 2.605826126536185949e-01 5.633818843878015681e-01 1.688666363222576239e-01 7.168866636322257339e-03 0.000000000000000000e+00
1.300000000000000000e+04 5.200001635391249266e-01 2.522758306781975324e-01 5.680473372781065233e-01 1.739872553482020856e-01 5.689576695493855224e-03 0.000000000000000000e+00
1.325000000000000000e+04 5.300001666841080983e-01 2.467000455166135642e-01 5.856850250341374409e-01 1.590805644060081792e-01 8.534365043240782836e-03 0.000000000000000000e+00
1.350000000000000000e+04 5.400001698290912699e-01 2.307692307692307820e-01 6.211879836140191680e-01 1.431497496586253970e-01 4.893035958124715423e-03 0.000000000000000000e+00
1.375000000000000000e+04 5.500001729740744416e-01 2.204142011834319403e-01 6.258534365043241232e-01 1.478152025489303523e-01 5.917159763313609329e-03 0.000000000000000000e+00
1.400000000000000000e+04 5.600001761190576133e-01 2.127901684114701930e-01 6.178880291306326766e-01 1.653390987710514348e-01 3.982703686845699004e-03 0.000000000000000000e+00
1.425000000000000000e+04 5.700001792640407849e-01 2.096040054619936199e-01 6.225534820209376319e-01 1.660218479745106945e-01 1.820664542558033706e-03 0.000000000000000000e+00
1.450000000000000000e+04 5.800001824090239566e-01 2.105143377332726329e-01 6.156121984524350887e-01 1.710286754665452935e-01 2.844788347746927612e-03 0.000000000000000000e+00
1.475000000000000000e+04 5.900001855540071283e-01 2.134729176149294527e-01 6.126536185707783799e-01 1.714838416021848000e-01 2.389622212107419402e-03 0.000000000000000000e+00
1.500000000000000000e+04 6.000001886989902999e-01 2.279244424214838527e-01 6.046882111970869333e-01 1.618115612198452458e-01 5.575785161583977738e-03 0.000000000000000000e+00
1.525000000000000000e+04 6.100001918439734716e-01 2.344105598543468338e-01 6.074192080109239722e-01 1.511151570323167881e-01 7.055075102412380721e-03 0.000000000000000000e+00
1.550000000000000000e+04 6.200001949889566433e-01 2.247382794720072796e-01 6.276741010468821491e-01 1.390532544378698110e-01 8.534365043240782836e-03 0.000000000000000000e+00
1.575000000000000000e+04 6.300001981339398149e-01 2.214383249886208438e-01 6.177742375967227861e-01 1.555530268548019901e-01 5.234410559854347014e-03 0.000000000000000000e+00
1.600000000000000000e+04 6.400002012789229866e-01 2.166590805644059980e-01 6.161811561219845412e-01 1.616977696859353553e-01 5.461993627674101119e-03 0.000000000000000000e+00
1.625000000000000000e+04 6.500002044239061583e-01 2.151797906235776159e-01 6.205052344105598250e-01 1.589667728720983164e-01 5.348202093764223633e-03 0.000000000000000000e+00
1.650000000000000000e+04 6.600002075688893299e-01 2.126763768775603025e-01 6.046882111970869333e-01 1.781975421028675344e-01 4.437869822485207214e-03 0.000000000000000000e+00
1.675000000000000000e+04 6.700002107138725016e-01 2.032316795630405015e-01 6.111743286299499145e-01 1.825216203914428736e-01 3.072371415566681717e-03 0.000000000000000000e+00
1.700000000000000000e+04 6.800002138588556733e-01 1.982248520710059303e-01 6.112881201638598050e-01 1.875284478834774726e-01 2.958579881656804664e-03 0.000000000000000000e+00
1.725000000000000000e+04 6.900002170038388449e-01 1.981110605370960398e-01 6.019572143832498945e-01 1.973145197997268896e-01 2.617205279927173507e-03 0.000000000000000000e+00
1.750000000000000000e+04 7.000002201488220166e-01 2.011834319526627224e-01 5.896677287209831642e-01 2.049385525716886647e-01 4.210286754665453109e-03 0.000000000000000000e+00
1.775000000000000000e+04 7.100002232938051883e-01 1.998179335457442030e-01 5.835229858898497435e-01 2.127901684114701930e-01 3.868912152935821518e-03 0.000000000000000000e+00
1.800000000000000000e+04 7.200002264387883599e-01 2.024351388256713791e-01 5.662266727355484974e-01 2.280382339553937154e-01 3.299954483386436255e-03 0.000000000000000000e+00
1.825000000000000000e+04 7.300002295837715316e-01 2.015248065543923661e-01 5.655439235320892655e-01 2.298588984979517413e-01 3.072371415566681717e-03 0.000000000000000000e+00
1.850000000000000000e+04 7.400002327287547033e-01 1.995903504779244497e-01 5.680473372781065233e-01 2.298588984979517413e-01 2.503413746017296455e-03 0.000000000000000000e+00
1.875000000000000000e+04 7.500002358737378749e-01 2.039144287664997612e-01 5.987710514337732937e-01 1.943559399180700975e-01 2.958579881656804664e-03 0.000000000000000000e+00
1.900000000000000000e+04 7.600002390187210466e-01 2.149522075557578626e-01 6.483841602184797770e-01 1.332498862084660896e-01 3.413746017296313308e-03 0.000000000000000000e+00
1.925000000000000000e+04 7.700002421637042183e-01 2.196176604460628179e-01 7.085798816568047442e-01 6.759217114246700298e-02 4.210286754665453109e-03 0.000000000000000000e+00
1.950000000000000000e+04 7.800002453086873899e-01 2.008420573509330787e-01 7.616067364588074984e-01 3.163404642694583185e-02 5.917159763313609329e-03 0.000000000000000000e+00
1.975000000000000000e+04 7.900002484536705616e-01 1.927628584433318248e-01 7.696859353664087244e-01 3.550295857988165771e-02 2.048247610377787811e-03 0.000000000000000000e+00
2.000000000000000000e+04 8.000002515986537333e-01 1.949248975876194945e-01 7.625170687300865113e-01 3.937187073281747662e-02 3.186162949476558769e-03 0.000000000000000000e+00
2.025000000000000000e+04 8.100002547436369049e-01 2.066454255803368278e-01 7.288347746927628101e-01 6.167501137915339104e-02 2.844788347746927612e-03 0.000000000000000000e+00
2.050000000000000000e+04 8.200002578886200766e-01 2.085798816568047442e-01 6.883249886208465673e-01 1.010468821119708677e-01 2.048247610377787811e-03 0.000000000000000000e+00
2.075000000000000000e+04 8.300002610336032483e-01 2.138142922166590687e-01 6.332498862084661173e-01 1.489531178880291185e-01 3.982703686845699004e-03 0.000000000000000000e+00
2.100000000000000000e+04 8.400002641785864199e-01 2.215521165225307343e-01 5.715748748293126846e-01 2.000455166135639562e-01 6.827492034592626616e-03 0.000000000000000000e+00
2.125000000000000000e+04 8.500002673235695916e-01 2.044833864360491582e-01 5.504096495220756058e-01 2.440828402366863881e-01 1.024123805188893906e-03 0.000000000000000000e+00
2.150000000000000000e+04 8.600002704685527632e-01 2.020937642239417353e-01 5.469959035047792240e-01 2.498862084660901095e-01 1.024123805188893906e-03 0.000000000000000000e+00
2.175000000000000000e+04 8.700002736135359349e-01 2.026627218934911323e-01 5.459717796995903205e-01 2.496586253982703563e-01 1.706873008648156654e-03 0.000000000000000000e+00
2.200000000000000000e+04 8.800002767585191066e-01 2.005006827492034627e-01 5.436959490213928436e-01 2.535275375512062168e-01 2.275830678197541916e-03 0.000000000000000000e+00
2.225000000000000000e+04 8.900002799035022782e-01 2.080109239872553473e-01 5.492717341829768118e-01 2.408966772872098427e-01 1.820664542558033706e-03 0.000000000000000000e+00
2.250000000000000000e+04 9.000002830484854499e-01 2.076695493855257035e-01 5.560992262175694645e-01 2.345243513882567243e-01 1.706873008648156654e-03 0.000000000000000000e+00
2.275000000000000000e+04 9.100002861934686216e-01 2.156349567592171224e-01 5.740782885753299425e-01 2.090350477924442507e-01 1.251706873008648227e-03 0.000000000000000000e+00
2.300000000000000000e+04 9.200002893384517932e-01 2.082385070550751005e-01 5.980883022303140617e-01 1.933318161128811941e-01 3.413746017296313199e-04 0.000000000000000000e+00
2.325000000000000000e+04 9.300002924834349649e-01 2.028903049613108855e-01 6.185707783340919086e-01 1.766044606281292617e-01 1.934456076467910759e-03 0.000000000000000000e+00
2.350000000000000000e+04 9.400002956284181366e-01 1.990213928083750528e-01 6.180018206645425671e-01 1.796768320436959443e-01 3.299954483386436255e-03 0.000000000000000000e+00
2.375000000000000000e+04 9.500002987734013082e-01 1.994765589440145592e-01 6.199362767410104835e-01 1.777423759672280279e-01 2.844788347746927612e-03 0.000000000000000000e+00
2.400000000000000000e+04 9.600003019183844799e-01 2.023213472917614886e-01 6.170914883932635542e-01 1.784251251706872876e-01 2.162039144287664864e-03 0.000000000000000000e+00
2.425000000000000000e+04 9.700003050633676516e-01 2.014110150204824756e-01 6.186845698680017991e-01 1.777423759672280279e-01 2.162039144287664864e-03 0.000000000000000000e+00
2.450000000000000000e+04 9.800003082083508232e-01 2.055075102412380617e-01 6.070778334091943007e-01 1.850250341374601593e-01 2.389622212107419402e-03 0.000000000000000000e+00
2.475000000000000000e+04 9.900003113533339949e-01 2.059626763768775681e-01 6.024123805188893455e-01 1.874146563495675821e-01 4.210286754665453109e-03 0.000000000000000000e+00
2.500000000000000000e+04 1.000000314498317167e+00 2.109695038689121394e-01 5.987710514337732937e-01 1.843422849340008995e-01 5.917159763313609329e-03 0.000000000000000000e+00
