# itime ezz other fcc hcp bcc ico
0.000000000000000000e+00 0.000000000000000000e+00 0.000000000000000000e+00 1.000000000000000000e+00 0.000000000000000000e+00 0.000000000000000000e+00 0.000000000000000000e+00
2.500000000000000000e+01 9.999813682215474842e-04 0.000000000000000000e+00 1.000000000000000000e+00 0.000000000000000000e+00 0.000000000000000000e+00 0.000000000000000000e+00
5.000000000000000000e+01 1.999962736443094968e-03 0.000000000000000000e+00 1.000000000000000000e+00 0.000000000000000000e+00 0.000000000000000000e+00 0.000000000000000000e+00
7.500000000000000000e+01 2.999944104664420408e-03 0.000000000000000000e+00 1.000000000000000000e+00 0.000000000000000000e+00 0.000000000000000000e+00 0.000000000000000000e+00
1.000000000000000000e+02 3.999925472885967892e-03 0.000000000000000000e+00 1.000000000000000000e+00 0.000000000000000000e+00 0.000000000000000000e+00 0.000000000000000000e+00
1.250000000000000000e+02 4.999906841107515376e-03 0.000000000000000000e+00 1.000000000000000000e+00 0.000000000000000000e+00 0.000000000000000000e+00 0.000000000000000000e+00
1.500000000000000000e+02 5.999888209329062860e-03 0.000000000000000000e+00 1.000000000000000000e+00 0.000000000000000000e+00 0.000000000000000000e+00 0.000000000000000000e+00
1.750000000000000000e+02 6.999869577550610344e-03 0.000000000000000000e+00 1.000000000000000000e+00 0.000000000000000000e+00 0.000000000000000000e+00 0.000000000000000000e+00
2.000000000000000000e+02 7.999850945771935784e-03 0.000000000000000000e+00 1.000000000000000000e+00 0.000000000000000000e+00 0.000000000000000000e+00 0.000000000000000000e+00
2.250000000000000000e+02 8.999832313993483268e-03 0.000000000000000000e+00 1.000000000000000000e+00 0.000000000000000000e+00 0.000000000000000000e+00 0.000000000000000000e+00
2.500000000000000000e+02 9.999813682215030752e-03 0.000000000000000000e+00 1.000000000000000000e+00 0.000000000000000000e+00 0.000000000000000000e+00 0.000000000000000000e+00
2.750000000000000000e+02 1.099979505043657824e-02 0.000000000000000000e+00 1.000000000000000000e+00 0.000000000000000000e+00 0.000000000000000000e+00 0.000000000000000000e+00
3.000000000000000000e+02 1.199977641865812572e-02 0.000000000000000000e+00 1.000000000000000000e+00 0.000000000000000000e+00 0.000000000000000000e+00 0.000000000000000000e+00
3.250000000000000000e+02 1.299975778687945116e-02 0.000000000000000000e+00 1.000000000000000000e+00 0.000000000000000000e+00 0.000000000000000000e+00 0.000000000000000000e+00
3.500000000000000000e+02 1.399973915510099864e-02 0.000000000000000000e+00 1.000000000000000000e+00 0.000000000000000000e+00 0.000000000000000000e+00 0.000000000000000000e+00
3.750000000000000000e+02 1.499972052332254613e-02 0.000000000000000000e+00 1.000000000000000000e+00 0.000000000000000000e+00 0.000000000000000000e+00 0.000000000000000000e+00
4.000000000000000000e+02 1.599970189154409361e-02 0.000000000000000000e+00 1.000000000000000000e+00 0.000000000000000000e+00 0.000000000000000000e+00 0.000000000000000000e+00
4.250000000000000000e+02 1.699968325976541905e-02 0.000000000000000000e+00 1.000000000000000000e+00 0.000000000000000000e+00 0.000000000000000000e+00 0.000000000000000000e+00
4.500000000000000000e+02 1.799966462798696654e-02 0.000000000000000000e+00 1.000000000000000000e+00 0.000000000000000000e+00 0.000000000000000000e+00 0.000000000000000000e+00
4.750000000000000000e+02 1.899964599620851402e-02 0.000000000000000000e+00 1.000000000000000000e+00 0.000000000000000000e+00 0.000000000000000000e+00 0.000000000000000000e+00
5.000000000000000000e+02 1.999962736443006150e-02 0.000000000000000000e+00 1.000000000000000000e+00 0.000000000000000000e+00 0.000000000000000000e+00 0.000000000000000000e+00
5.250000000000000000e+02 2.099960873265160899e-02 0.000000000000000000e+00 1.000000000000000000e+00 0.000000000000000000e+00 0.000000000000000000e+00 0.000000000000000000e+00
5.500000000000000000e+02 2.199959010087293443e-02 0.000000000000000000e+00 1.000000000000000000e+00 0.000000000000000000e+00 0.000000000000000000e+00 0.000000000000000000e+00
5.750000000000000000e+02 2.299957146909448191e-02 0.000000000000000000e+00 1.000000000000000000e+00 0.000000000000000000e+00 0.000000000000000000e+00 0.000000000000000000e+00
6.000000000000000000e+02 2.399955283731602940e-02 0.000000000000000000e+00 1.000000000000000000e+00 0.000000000000000000e+00 0.000000000000000000e+00 0.000000000000000000e+00
6.250000000000000000e+02 2.499953420553757688e-02 0.000000000000000000e+00 1.000000000000000000e+00 0.000000000000000000e+00 0.000000000000000000e+00 0.000000000000000000e+00
6.500000000000000000e+02 2.599951557375912436e-02 0.000000000000000000e+00 1.000000000000000000e+00 0.000000000000000000e+00 0.000000000000000000e+00 0.000000000000000000e+00
6.750000000000000000e+02 2.699949694198044980e-02 0.000000000000000000e+00 1.000000000000000000e+00 0.000000000000000000e+00 0.000000000000000000e+00 0.000000000000000000e+00
7.000000000000000000e+02 2.799947831020199729e-02 0.000000000000000000e+00 1.000000000000000000e+00 0.000000000000000000e+00 0.000000000000000000e+00 0.000000000000000000e+00
7.250000000000000000e+02 2.899945967842354477e-02 0.000000000000000000e+00 1.000000000000000000e+00 0.000000000000000000e+00 0.000000000000000000e+00 0.000000000000000000e+00
7.500000000000000000e+02 2.999944104664509226e-02 0.000000000000000000e+00 1.000000000000000000e+00 0.000000000000000000e+00 0.000000000000000000e+00 0.000000000000000000e+00
7.750000000000000000e+02 3.099942241486663974e-02 0.000000000000000000e+00 1.000000000000000000e+00 0.000000000000000000e+00 0.000000000000000000e+00 0.000000000000000000e+00
8.000000000000000000e+02 3.199940378308796518e-02 0.000000000000000000e+00 1.000000000000000000e+00 0.000000000000000000e+00 0.000000000000000000e+00 0.000000000000000000e+00
8.250000000000000000e+02 3.299938515130951266e-02 0.000000000000000000e+00 1.000000000000000000e+00 0.000000000000000000e+00 0.000000000000000000e+00 0.000000000000000000e+00
8.500000000000000000e+02 3.399936651953106015e-02 0.000000000000000000e+00 1.000000000000000000e+00 0.000000000000000000e+00 0.000000000000000000e+00 0.000000000000000000e+00
8.750000000000000000e+02 3.499934788775260763e-02 0.000000000000000000e+00 1.000000000000000000e+00 0.000000000000000000e+00 0.000000000000000000e+00 0.000000000000000000e+00
9.000000000000000000e+02 3.599932925597415512e-02 0.000000000000000000e+00 1.000000000000000000e+00 0.000000000000000000e+00 0.000000000000000000e+00 0.000000000000000000e+00
9.250000000000000000e+02 3.699931062419548056e-02 0.000000000000000000e+00 1.000000000000000000e+00 0.000000000000000000e+00 0.000000000000000000e+00 0.000000000000000000e+00
9.500000000000000000e+02 3.799929199241702804e-02 0.000000000000000000e+00 1.000000000000000000e+00 0.000000000000000000e+00 0.000000000000000000e+00 0.000000000000000000e+00
9.750000000000000000e+02 3.899927336063857553e-02 4.551661356395084266e-04 9.995448338643604380e-01 0.000000000000000000e+00 0.000000000000000000e+00 0.000000000000000000e+00
1.000000000000000000e+03 3.999925472886012301e-02 0.000000000000000000e+00 1.000000000000000000e+00 0.000000000000000000e+00 0.000000000000000000e+00 0.000000000000000000e+00
1.025000000000000000e+03 4.099923609708167049e-02 0.000000000000000000e+00 1.000000000000000000e+00 0.000000000000000000e+00 0.000000000000000000e+00 0.000000000000000000e+00
1.050000000000000000e+03 4.199921746530299593e-02 0.000000000000000000e+00 1.000000000000000000e+00 0.000000000000000000e+00 0.000000000000000000e+00 0.000000000000000000e+00
1.075000000000000000e+03 4.299919883352454342e-02 0.000000000000000000e+00 1.000000000000000000e+00 0.000000000000000000e+00 0.000000000000000000e+00 0.000000000000000000e+00
1.100000000000000000e+03 4.399918020174609090e-02 0.000000000000000000e+00 1.000000000000000000e+00 0.000000000000000000e+00 0.000000000000000000e+00 0.000000000000000000e+00
1.125000000000000000e+03 4.499916156996763839e-02 0.000000000000000000e+00 1.000000000000000000e+00 0.000000000000000000e+00 0.000000000000000000e+00 0.000000000000000000e+00
1.150000000000000000e+03 4.599914293818896383e-02 0.000000000000000000e+00 1.000000000000000000e+00 0.000000000000000000e+00 0.000000000000000000e+00 0.000000000000000000e+00
1.175000000000000000e+03 4.699912430641051131e-02 0.000000000000000000e+00 1.000000000000000000e+00 0.000000000000000000e+00 0.000000000000000000e+00 0.000000000000000000e+00
1.200000000000000000e+03 4.799910567463205879e-02 0.000000000000000000e+00 1.000000000000000000e+00 0.000000000000000000e+00 0.000000000000000000e+00 0.000000000000000000e+00
1.225000000000000000e+03 4.899908704285360628e-02 0.000000000000000000e+00 1.000000000000000000e+00 0.000000000000000000e+00 0.000000000000000000e+00 0.000000000000000000e+00
1.250000000000000000e+03 4.999906841107515376e-02 0.000000000000000000e+00 1.000000000000000000e+00 0.000000000000000000e+00 0.000000000000000000e+00 0.000000000000000000e+00
1.275000000000000000e+03 5.099904977929647920e-02 0.000000000000000000e+00 1.000000000000000000e+00 0.000000000000000000e+00 0.000000000000000000e+00 0.000000000000000000e+00
1.300000000000000000e+03 5.199903114751802669e-02 1.137915339098771066e-04 9.998862084660901095e-01 0.000000000000000000e+00 0.000000000000000000e+00 0.000000000000000000e+00
1.325000000000000000e+03 5.299901251573957417e-02 0.000000000000000000e+00 1.000000000000000000e+00 0.000000000000000000e+00 0.000000000000000000e+00 0.000000000000000000e+00
1.350000000000000000e+03 5.399899388396112165e-02 0.000000000000000000e+00 1.000000000000000000e+00 0.000000000000000000e+00 0.000000000000000000e+00 0.000000000000000000e+00
1.375000000000000000e+03 5.499897525218266914e-02 4.551661356395084266e-04 9.995448338643604380e-01 0.000000000000000000e+00 0.000000000000000000e+00 0.000000000000000000e+00
1.400000000000000000e+03 5.599895662040399458e-02 0.000000000000000000e+00 1.000000000000000000e+00 0.000000000000000000e+00 0.000000000000000000e+00 0.000000000000000000e+00
1.425000000000000000e+03 5.699893798862554206e-02 0.000000000000000000e+00 1.000000000000000000e+00 0.000000000000000000e+00 0.000000000000000000e+00 0.000000000000000000e+00
1.450000000000000000e+03 5.799891935684708955e-02 0.000000000000000000e+00 1.000000000000000000e+00 0.000000000000000000e+00 0.000000000000000000e+00 0.000000000000000000e+00
1.475000000000000000e+03 5.899890072506863703e-02 1.137915339098771066e-04 9.998862084660901095e-01 0.000000000000000000e+00 0.000000000000000000e+00 0.000000000000000000e+00
1.500000000000000000e+03 5.999888209329018451e-02 0.000000000000000000e+00 1.000000000000000000e+00 0.000000000000000000e+00 0.000000000000000000e+00 0.000000000000000000e+00
1.525000000000000000e+03 6.099886346151150995e-02 0.000000000000000000e+00 1.000000000000000000e+00 0.000000000000000000e+00 0.000000000000000000e+00 0.000000000000000000e+00
1.550000000000000000e+03 6.199884482973305744e-02 0.000000000000000000e+00 1.000000000000000000e+00 0.000000000000000000e+00 0.000000000000000000e+00 0.000000000000000000e+00
1.575000000000000000e+03 6.299882619795460492e-02 0.000000000000000000e+00 1.000000000000000000e+00 0.000000000000000000e+00 0.000000000000000000e+00 0.000000000000000000e+00
1.600000000000000000e+03 6.399880756617615241e-02 0.000000000000000000e+00 1.000000000000000000e+00 0.000000000000000000e+00 0.000000000000000000e+00 0.000000000000000000e+00
1.625000000000000000e+03 6.499878893439769989e-02 0.000000000000000000e+00 1.000000000000000000e+00 0.000000000000000000e+00 0.000000000000000000e+00 0.000000000000000000e+00
1.650000000000000000e+03 6.599877030261902533e-02 0.000000000000000000e+00 1.000000000000000000e+00 0.000000000000000000e+00 0.000000000000000000e+00 0.000000000000000000e+00
1.675000000000000000e+03 6.699875167084057281e-02 0.000000000000000000e+00 1.000000000000000000e+00 0.000000000000000000e+00 0.000000000000000000e+00 0.000000000000000000e+00
1.700000000000000000e+03 6.799873303906212030e-02 0.000000000000000000e+00 1.000000000000000000e+00 0.000000000000000000e+00 0.000000000000000000e+00 0.000000000000000000e+00
1.725000000000000000e+03 6.899871440728366778e-02 0.000000000000000000e+00 1.000000000000000000e+00 0.000000000000000000e+00 0.000000000000000000e+00 0.000000000000000000e+00
1.750000000000000000e+03 6.999869577550521527e-02 0.000000000000000000e+00 1.000000000000000000e+00 0.000000000000000000e+00 0.000000000000000000e+00 0.000000000000000000e+00
1.775000000000000000e+03 7.099867714372654071e-02 0.000000000000000000e+00 1.000000000000000000e+00 0.000000000000000000e+00 0.000000000000000000e+00 0.000000000000000000e+00
1.800000000000000000e+03 7.199865851194808819e-02 0.000000000000000000e+00 1.000000000000000000e+00 0.000000000000000000e+00 0.000000000000000000e+00 0.000000000000000000e+00
1.825000000000000000e+03 7.299863988016963567e-02 0.000000000000000000e+00 1.000000000000000000e+00 0.000000000000000000e+00 0.000000000000000000e+00 0.000000000000000000e+00
1.850000000000000000e+03 7.399862124839118316e-02 1.137915339098771066e-04 9.998862084660901095e-01 0.000000000000000000e+00 0.000000000000000000e+00 0.000000000000000000e+00
1.875000000000000000e+03 7.499860261661250860e-02 1.137915339098771066e-04 9.998862084660901095e-01 0.000000000000000000e+00 0.000000000000000000e+00 0.000000000000000000e+00
1.900000000000000000e+03 7.599858398483405608e-02 0.000000000000000000e+00 1.000000000000000000e+00 0.000000000000000000e+00 0.000000000000000000e+00 0.000000000000000000e+00
1.925000000000000000e+03 7.699856535305560357e-02 1.137915339098771066e-04 9.998862084660901095e-01 0.000000000000000000e+00 0.000000000000000000e+00 0.000000000000000000e+00
1.950000000000000000e+03 7.799854672127715105e-02 3.413746017296313199e-04 9.996586253982703285e-01 0.000000000000000000e+00 0.000000000000000000e+00 0.000000000000000000e+00
1.975000000000000000e+03 7.899852808949869853e-02 1.137915339098771066e-04 9.998862084660901095e-01 0.000000000000000000e+00 0.000000000000000000e+00 0.000000000000000000e+00
2.000000000000000000e+03 7.999850945772002397e-02 0.000000000000000000e+00 1.000000000000000000e+00 0.000000000000000000e+00 0.000000000000000000e+00 0.000000000000000000e+00
2.025000000000000000e+03 8.099849082594157146e-02 0.000000000000000000e+00 1.000000000000000000e+00 0.000000000000000000e+00 0.000000000000000000e+00 0.000000000000000000e+00
2.050000000000000000e+03 8.199847219416311894e-02 4.551661356395084266e-04 9.995448338643604380e-01 0.000000000000000000e+00 0.000000000000000000e+00 0.000000000000000000e+00
2.075000000000000000e+03 8.299845356238466643e-02 1.137915339098770958e-03 9.988620846609012061e-01 0.000000000000000000e+00 0.000000000000000000e+00 0.000000000000000000e+00
2.100000000000000000e+03 8.399843493060621391e-02 1.137915339098771066e-04 9.998862084660901095e-01 0.000000000000000000e+00 0.000000000000000000e+00 0.000000000000000000e+00
2.125000000000000000e+03 8.499841629882753935e-02 6.827492034592626399e-04 9.993172507965407680e-01 0.000000000000000000e+00 0.000000000000000000e+00 0.000000000000000000e+00
2.150000000000000000e+03 8.599839766704908683e-02 2.275830678197542133e-04 9.997724169321802190e-01 0.000000000000000000e+00 0.000000000000000000e+00 0.000000000000000000e+00
2.175000000000000000e+03 8.699837903527063432e-02 4.551661356395084266e-04 9.995448338643604380e-01 0.000000000000000000e+00 0.000000000000000000e+00 0.000000000000000000e+00
2.200000000000000000e+03 8.799836040349218180e-02 1.137915339098771066e-04 9.998862084660901095e-01 0.000000000000000000e+00 0.000000000000000000e+00 0.000000000000000000e+00
2.225000000000000000e+03 8.899834177171372929e-02 3.413746017296313199e-04 9.995448338643604380e-01 0.000000000000000000e+00 1.137915339098771066e-04 0.000000000000000000e+00
2.250000000000000000e+03 8.999832313993505473e-02 1.479289940828402332e-03 9.981793354574419741e-01 0.000000000000000000e+00 3.413746017296313199e-04 0.000000000000000000e+00
2.275000000000000000e+03 9.099830450815660221e-02 4.551661356395084266e-04 9.994310423304506585e-01 0.000000000000000000e+00 1.137915339098771066e-04 0.000000000000000000e+00
2.300000000000000000e+03 9.199828587637814969e-02 1.137915339098770958e-03 9.988620846609012061e-01 0.000000000000000000e+00 0.000000000000000000e+00 0.000000000000000000e+00
2.325000000000000000e+03 9.299826724459969718e-02 1.251706873008648227e-03 9.987482931269913156e-01 0.000000000000000000e+00 0.000000000000000000e+00 0.000000000000000000e+00
2.350000000000000000e+03 9.399824861282124466e-02 1.934456076467910759e-03 9.978379608557123026e-01 0.000000000000000000e+00 2.275830678197542133e-04 0.000000000000000000e+00
2.375000000000000000e+03 9.499822998104257010e-02 3.413746017296313199e-04 9.996586253982703285e-01 0.000000000000000000e+00 0.000000000000000000e+00 0.000000000000000000e+00
2.400000000000000000e+03 9.599821134926411759e-02 1.593081474738279385e-03 9.984069185252617551e-01 0.000000000000000000e+00 0.000000000000000000e+00 0.000000000000000000e+00
2.425000000000000000e+03 9.699819271748566507e-02 1.706873008648156654e-03 9.982931269913518646e-01 0.000000000000000000e+00 0.000000000000000000e+00 0.000000000000000000e+00
2.450000000000000000e+03 9.799817408570721256e-02 1.024123805188893906e-03 9.988620846609012061e-01 0.000000000000000000e+00 1.137915339098771066e-04 0.000000000000000000e+00
2.475000000000000000e+03 9.899815545392853799e-02 1.934456076467910759e-03 9.980655439235320836e-01 0.000000000000000000e+00 0.000000000000000000e+00 0.000000000000000000e+00
2.500000000000000000e+03 9.999813682215008548e-02 3.072371415566681717e-03 9.968138370505233992e-01 0.000000000000000000e+00 1.137915339098771066e-04 0.000000000000000000e+00
2.525000000000000000e+03 1.009981181903716330e-01 2.844788347746927612e-03 9.970414201183431802e-01 0.000000000000000000e+00 1.137915339098771066e-04 0.000000000000000000e+00
2.550000000000000000e+03 1.019980995585931804e-01 3.641329085116067413e-03 9.962448793809740577e-01 0.000000000000000000e+00 1.137915339098771066e-04 0.000000000000000000e+00
2.575000000000000000e+03 1.029980809268147279e-01 3.641329085116067413e-03 9.960172963131542767e-01 0.000000000000000000e+00 3.413746017296313199e-04 0.000000000000000000e+00
2.600000000000000000e+03 1.039980622950360534e-01 4.665452890304961318e-03 9.949931725079653733e-01 0.000000000000000000e+00 3.413746017296313199e-04 0.000000000000000000e+00
2.625000000000000000e+03 1.049980436632576009e-01 3.868912152935821518e-03 9.959035047792443862e-01 0.000000000000000000e+00 2.275830678197542133e-04 0.000000000000000000e+00
2.650000000000000000e+03 1.059980250314791483e-01 5.006827492034592909e-03 9.944242148384160318e-01 0.000000000000000000e+00 5.689576695493854790e-04 0.000000000000000000e+00
2.675000000000000000e+03 1.069980063997006958e-01 5.348202093764223633e-03 9.940828402366863603e-01 0.000000000000000000e+00 5.689576695493854790e-04 0.000000000000000000e+00
2.700000000000000000e+03 1.079979877679222433e-01 7.510241238051888930e-03 9.918070095584888834e-01 0.000000000000000000e+00 6.827492034592626399e-04 0.000000000000000000e+00
2.725000000000000000e+03 1.089979691361435687e-01 5.120619025944469528e-03 9.943104233045061413e-01 0.000000000000000000e+00 5.689576695493854790e-04 0.000000000000000000e+00
2.750000000000000000e+03 1.099979505043651162e-01 6.713700500682749130e-03 9.924897587619481154e-01 0.000000000000000000e+00 7.965407373691396923e-04 0.000000000000000000e+00
2.775000000000000000e+03 1.109979318725866637e-01 5.689576695493855224e-03 9.941966317705962508e-01 0.000000000000000000e+00 1.137915339098771066e-04 0.000000000000000000e+00
2.800000000000000000e+03 1.119979132408082112e-01 1.149294492489758707e-02 9.869139736003641472e-01 0.000000000000000000e+00 1.593081474738279385e-03 0.000000000000000000e+00
2.825000000000000000e+03 1.129978946090297587e-01 1.593081474738279601e-02 9.829312699135184239e-01 0.000000000000000000e+00 1.137915339098770958e-03 0.000000000000000000e+00
2.850000000000000000e+03 1.139978759772510841e-01 1.513427401001365448e-02 9.827036868456986429e-01 0.000000000000000000e+00 2.162039144287664864e-03 0.000000000000000000e+00
2.875000000000000000e+03 1.149978573454726316e-01 1.388256713700500647e-02 9.848657259899863403e-01 0.000000000000000000e+00 1.251706873008648227e-03 0.000000000000000000e+00
2.900000000000000000e+03 1.159978387136941791e-01 1.888939462903959851e-02 9.783796085571233592e-01 0.000000000000000000e+00 2.730996813837050560e-03 0.000000000000000000e+00
2.925000000000000000e+03 1.169978200819157266e-01 2.526172052799271692e-02 9.705279927173418031e-01 0.000000000000000000e+00 4.210286754665453109e-03 0.000000000000000000e+00
2.950000000000000000e+03 1.179978014501372741e-01 3.311333636777423484e-02 9.591488393263540857e-01 0.000000000000000000e+00 7.737824305871643035e-03 0.000000000000000000e+00
2.975000000000000000e+03 1.189977828183585995e-01 4.847519344560764776e-02 9.341147018661811741e-01 0.000000000000000000e+00 1.741010468821119553e-02 0.000000000000000000e+00
3.000000000000000000e+03 1.199977641865801470e-01 7.453345471096950448e-02 8.767637687756031362e-01 0.000000000000000000e+00 4.870277651342740100e-02 0.000000000000000000e+00
3.025000000000000000e+03 1.209977455548016945e-01 1.253982703686845612e-01 7.529585798816568198e-01 0.000000000000000000e+00 1.216431497496586189e-01 0.000000000000000000e+00
3.050000000000000000e+03 1.219977269230232420e-01 1.873008648156577194e-01 5.678197542102867423e-01 1.137915339098771066e-04 2.447655894401456478e-01 0.000000000000000000e+00
3.075000000000000000e+03 1.229977082912447894e-01 2.840236686390532617e-01 3.482020937642239522e-01 3.413746017296313199e-04 3.674328629949931702e-01 0.000000000000000000e+00
3.100000000000000000e+03 1.239976896594661149e-01 3.645880746472462408e-01 1.847974510696404060e-01 7.965407373691396923e-04 4.498179335457441752e-01 0.000000000000000000e+00
3.125000000000000000e+03 1.249976710276876624e-01 3.918980427856167403e-01 1.244879380974055483e-01 9.103322712790168532e-04 4.827036868456986984e-01 0.000000000000000000e+00
3.150000000000000000e+03 1.259976523959092098e-01 3.775603095129722586e-01 1.259672280382339582e-01 4.551661356395084266e-04 4.960172963131542767e-01 0.000000000000000000e+00
3.175000000000000000e+03 1.269976337641307573e-01 3.550295857988165493e-01 1.602184797451069731e-01 9.103322712790168532e-04 4.838416021847974369e-01 0.000000000000000000e+00
3.200000000000000000e+03 1.279976151323520828e-01 3.485434683659535682e-01 1.743286299499317293e-01 2.389622212107419402e-03 4.747382794720073074e-01 0.000000000000000000e+00
3.225000000000000000e+03 1.289975965005736303e-01 3.764223941738734647e-01 1.708010923987255403e-01 3.868912152935821518e-03 4.489076012744651623e-01 0.000000000000000000e+00
3.250000000000000000e+03 1.299975778687951777e-01 3.961083295402821891e-01 1.602184797451069731e-01 1.319981793354574502e-02 4.304733727810650668e-01 0.000000000000000000e+00
3.275000000000000000e+03 1.309975592370167252e-01 4.118115612198452458e-01 1.451979972690031762e-01 2.093764223941738806e-02 4.220527992717341692e-01 0.000000000000000000e+00
3.300000000000000000e+03 1.319975406052382727e-01 4.233045061447428536e-01 1.420118343195266308e-01 2.924442421483841592e-02 4.054392353208920996e-01 0.000000000000000000e+00
3.325000000000000000e+03 1.329975219734595981e-01 4.264906690942193990e-01 1.466772872098315861e-01 4.437869822485206867e-02 3.824533454710969393e-01 0.000000000000000000e+00
3.350000000000000000e+03 1.339975033416811456e-01 4.503868912152935722e-01 1.616977696859353553e-01 6.156121984524351443e-02 3.263541192535275304e-01 0.000000000000000000e+00
3.375000000000000000e+03 1.349974847099026931e-01 4.514110150204824756e-01 1.763768775603095085e-01 8.352298588984979899e-02 2.886891215293582169e-01 0.000000000000000000e+00
3.400000000000000000e+03 1.359974660781242406e-01 4.586936731907146347e-01 1.913973600364132777e-01 1.066226672735548497e-01 2.432862994993172379e-01 0.000000000000000000e+00
3.425000000000000000e+03 1.369974474463457881e-01 4.670004551661356418e-01 2.007282658170232159e-01 1.189121529358215801e-01 2.133591260810195622e-01 0.000000000000000000e+00
3.450000000000000000e+03 1.379974288145671135e-01 4.519799726900318726e-01 2.110832954028220299e-01 1.248293126991351781e-01 2.121074192080109333e-01 0.000000000000000000e+00
3.475000000000000000e+03 1.389974101827886610e-01 4.295630405097860538e-01 2.308830223031406448e-01 1.256258534365043145e-01 2.139280837505689592e-01 0.000000000000000000e+00
3.500000000000000000e+03 1.399973915510102085e-01 4.292216659080564378e-01 2.364588074647246130e-01 1.318843878015475701e-01 2.024351388256713791e-01 0.000000000000000000e+00
3.525000000000000000e+03 1.409973729192317560e-01 4.181838871187983364e-01 2.449931725079654010e-01 1.503186162949476656e-01 1.865043240782885692e-01 0.000000000000000000e+00
3.550000000000000000e+03 1.419973542874533035e-01 4.209148839326354308e-01 2.470414201183432079e-01 1.506599908966772816e-01 1.813837050523441075e-01 0.000000000000000000e+00
3.575000000000000000e+03 1.429973356556746289e-01 4.159080564406008040e-01 2.550068274920345712e-01 1.614701866181156020e-01 1.676149294492489672e-01 0.000000000000000000e+00
3.600000000000000000e+03 1.439973170238961764e-01 4.080564406008193035e-01 2.628584433318161273e-01 1.745562130177514826e-01 1.545289030496131144e-01 0.000000000000000000e+00
3.625000000000000000e+03 1.449972983921177239e-01 4.044151115157032517e-01 2.644515248065543722e-01 1.924214838416021811e-01 1.387118798361401950e-01 0.000000000000000000e+00
3.650000000000000000e+03 1.459972797603392713e-01 4.004324078288575284e-01 2.718479745106964218e-01 1.970869367319071364e-01 1.306326809285389134e-01 0.000000000000000000e+00
3.675000000000000000e+03 1.469972611285608188e-01 4.093081474738279324e-01 2.710514337733272439e-01 1.977696859353663961e-01 1.218707328174783860e-01 0.000000000000000000e+00
3.700000000000000000e+03 1.479972424967821443e-01 4.073736913973600160e-01 2.765134274010013771e-01 1.953800637232590010e-01 1.207328174783796060e-01 0.000000000000000000e+00
3.725000000000000000e+03 1.489972238650036918e-01 4.093081474738279324e-01 2.762858443331815961e-01 1.977696859353663961e-01 1.166363222576240338e-01 0.000000000000000000e+00
3.750000000000000000e+03 1.499972052332252392e-01 4.007737824305871444e-01 2.778789258079198965e-01 2.045971779699590487e-01 1.167501137915339104e-01 0.000000000000000000e+00
3.775000000000000000e+03 1.509971866014467867e-01 4.078288575329995225e-01 2.842512517068729871e-01 2.007282658170232159e-01 1.071916249431042328e-01 0.000000000000000000e+00
3.800000000000000000e+03 1.519971679696683342e-01 4.036185707783340737e-01 2.913063268092853653e-01 2.012972234865725851e-01 1.037778789258079204e-01 0.000000000000000000e+00
3.825000000000000000e+03 1.529971493378896596e-01 3.931497496586254248e-01 2.969959035047792240e-01 1.977696859353663961e-01 1.120846609012289552e-01 0.000000000000000000e+00
3.850000000000000000e+03 1.539971307061112071e-01 3.971324533454710926e-01 2.941511151570322946e-01 1.939007737824305910e-01 1.148156577150659940e-01 0.000000000000000000e+00
3.875000000000000000e+03 1.549971120743327546e-01 4.007737824305871444e-01 2.899408284023668458e-01 1.986800182066454368e-01 1.106053709604005453e-01 0.000000000000000000e+00
3.900000000000000000e+03 1.559970934425543021e-01 4.124943104233045332e-01 2.893718707328175044e-01 2.005006827492034627e-01 9.763313609467455523e-02 0.000000000000000000e+00
3.925000000000000000e+03 1.569970748107756275e-01 3.983841602184797215e-01 2.950614474283113076e-01 2.088074647246244975e-01 9.774692762858443185e-02 0.000000000000000000e+00
3.950000000000000000e+03 1.579970561789971750e-01 4.048702776513427581e-01 2.925580336822940497e-01 2.077833409194355940e-01 9.478834774692762588e-02 0.000000000000000000e+00
3.975000000000000000e+03 1.589970375472187225e-01 4.045289030496130867e-01 2.958579881656804855e-01 2.044833864360491582e-01 9.512972234865725574e-02 0.000000000000000000e+00
4.000000000000000000e+03 1.599970189154402700e-01 4.129494765589440397e-01 2.956304050978607045e-01 2.008420573509330787e-01 9.057806099226217711e-02 0.000000000000000000e+00
4.025000000000000000e+03 1.609970002836618175e-01 4.128356850250341492e-01 2.958579881656804855e-01 2.005006827492034627e-01 9.080564406008193035e-02 0.000000000000000000e+00
4.050000000000000000e+03 1.619969816518831429e-01 4.081702321347291940e-01 3.001820664542558248e-01 2.019799726900318726e-01 8.966772872098316416e-02 0.000000000000000000e+00
4.075000000000000000e+03 1.629969630201046904e-01 4.188666363222576239e-01 2.941511151570322946e-01 1.966317705962676299e-01 9.035047792444242387e-02 0.000000000000000000e+00
4.100000000000000000e+03 1.639969443883262379e-01 4.130632680928538747e-01 2.999544833864360438e-01 1.929904415111515781e-01 9.399180700955848955e-02 0.000000000000000000e+00
4.125000000000000000e+03 1.649969257565477854e-01 4.130632680928538747e-01 2.975648611743286209e-01 1.953800637232590010e-01 9.399180700955848955e-02 0.000000000000000000e+00
4.150000000000000000e+03 1.659969071247693329e-01 4.176149294492489950e-01 2.982476103777879084e-01 2.003868912152935722e-01 8.375056895766955223e-02 0.000000000000000000e+00
4.175000000000000000e+03 1.669968884929906583e-01 4.203459262630860338e-01 2.956304050978607045e-01 1.997041420118343125e-01 8.431952662721893532e-02 0.000000000000000000e+00
4.200000000000000000e+03 1.679968698612122058e-01 4.206873008648156498e-01 2.967683204369594985e-01 2.038006372325898985e-01 7.874374146563495325e-02 0.000000000000000000e+00
4.225000000000000000e+03 1.689968512294337533e-01 4.310423304506144637e-01 2.928994082840236657e-01 2.005006827492034627e-01 7.555757851615839404e-02 0.000000000000000000e+00
4.250000000000000000e+03 1.699968325976553007e-01 4.317250796540737512e-01 2.888029130632681074e-01 1.993627674101046965e-01 8.010923987255348655e-02 0.000000000000000000e+00
4.275000000000000000e+03 1.709968139658768482e-01 4.329767865270823801e-01 2.884615384615384359e-01 2.023213472917614886e-01 7.624032771961765376e-02 0.000000000000000000e+00
4.300000000000000000e+03 1.719967953340981737e-01 4.353664087391898030e-01 2.835685025034137552e-01 1.991351843422849432e-01 8.192990441511151245e-02 0.000000000000000000e+00
4.325000000000000000e+03 1.729967767023197212e-01 4.385525716886663483e-01 2.875512061902594230e-01 1.918525261720528119e-01 8.204369594902138907e-02 0.000000000000000000e+00
4.350000000000000000e+03 1.739967580705412686e-01 4.353664087391898030e-01 2.877787892580792040e-01 1.916249431042330587e-01 8.522985889849794827e-02 0.000000000000000000e+00
4.375000000000000000e+03 1.749967394387628161e-01 4.362767410104688159e-01 2.886891215293582169e-01 1.892353208921256358e-01 8.579881656804733137e-02 0.000000000000000000e+00
4.400000000000000000e+03 1.759967208069843636e-01 4.346836595357305155e-01 2.886891215293582169e-01 1.983386436049157930e-01 7.828857532999544677e-02 0.000000000000000000e+00
4.425000000000000000e+03 1.769967021752056890e-01 4.367319071461083224e-01 2.906235776058261333e-01 1.948111060537096040e-01 7.783340919435594030e-02 0.000000000000000000e+00
4.450000000000000000e+03 1.779966835434272365e-01 4.342284934000910090e-01 2.889167045971779424e-01 2.012972234865725851e-01 7.555757851615839404e-02 0.000000000000000000e+00
4.475000000000000000e+03 1.789966649116487840e-01 4.379836140191169513e-01 2.891442876649977234e-01 2.002730996813837094e-01 7.259899863450158808e-02 0.000000000000000000e+00
4.500000000000000000e+03 1.799966462798703315e-01 4.377560309512972259e-01 2.897132453345471204e-01 1.995903504779244497e-01 7.294037323623121793e-02 0.000000000000000000e+00
4.525000000000000000e+03 1.809966276480918790e-01 4.349112426035502965e-01 2.909649522075557493e-01 2.050523441055985552e-01 6.907146108329539902e-02 0.000000000000000000e+00
4.550000000000000000e+03 1.819966090163132044e-01 4.336595357305416676e-01 2.963131543013199920e-01 2.039144287664997612e-01 6.611288120163859305e-02 0.000000000000000000e+00
4.575000000000000000e+03 1.829965903845347519e-01 4.338871187983613931e-01 2.955166135639508695e-01 2.035730541647701453e-01 6.702321347291761988e-02 0.000000000000000000e+00
4.600000000000000000e+03 1.839965717527562994e-01 4.337733272644515026e-01 2.955166135639508695e-01 2.027765134274009950e-01 6.793354574419663283e-02 0.000000000000000000e+00
4.625000000000000000e+03 1.849965531209778469e-01 4.299044151115157253e-01 3.013199817933545632e-01 2.051661356395084179e-01 6.360946745562130744e-02 0.000000000000000000e+00
4.650000000000000000e+03 1.859965344891991723e-01 4.271734182976786309e-01 3.049613108784706150e-01 2.076695493855257035e-01 6.019572143832498806e-02 0.000000000000000000e+00
4.675000000000000000e+03 1.869965158574207198e-01 4.299044151115157253e-01 3.058716431497496835e-01 2.019799726900318726e-01 6.224396904870277414e-02 0.000000000000000000e+00
4.700000000000000000e+03 1.879964972256422673e-01 4.297906235776058348e-01 3.054164770141101770e-01 2.050523441055985552e-01 5.974055530268548159e-02 0.000000000000000000e+00
4.725000000000000000e+03 1.889964785938638148e-01 4.255803368229403860e-01 3.095129722348657353e-01 2.078971324533454845e-01 5.700955848884842886e-02 0.000000000000000000e+00
4.750000000000000000e+03 1.899964599620853622e-01 4.246700045516613731e-01 3.093991807009558448e-01 2.077833409194355940e-01 5.814747382794720199e-02 0.000000000000000000e+00
4.775000000000000000e+03 1.909964413303066877e-01 4.225079654073736757e-01 3.109922621756941452e-01 2.038006372325898985e-01 6.269913518434228061e-02 0.000000000000000000e+00
4.800000000000000000e+03 1.919964226985282352e-01 4.294492489758762188e-01 3.116750113791533772e-01 2.020937642239417353e-01 5.678197542102867562e-02 0.000000000000000000e+00
4.825000000000000000e+03 1.929964040667497827e-01 4.235320892125625791e-01 3.161128812016386069e-01 1.984524351388256835e-01 6.190259444697314428e-02 0.000000000000000000e+00
4.850000000000000000e+03 1.939963854349713301e-01 4.275147928994083024e-01 3.149749658625398130e-01 1.959490213928083702e-01 6.156121984524351443e-02 0.000000000000000000e+00
4.875000000000000000e+03 1.949963668031928776e-01 4.332043695949021611e-01 3.140646335912608000e-01 1.966317705962676299e-01 5.609922621756941591e-02 0.000000000000000000e+00
4.900000000000000000e+03 1.959963481714142031e-01 4.296768320436959443e-01 3.167956304050978389e-01 1.975421028675466428e-01 5.598543468365953235e-02 0.000000000000000000e+00
4.925000000000000000e+03 1.969963295396357505e-01 4.301319981793354508e-01 3.174783796085571264e-01 2.022075557578516258e-01 5.018206645425580398e-02 0.000000000000000000e+00
4.950000000000000000e+03 1.979963109078572980e-01 4.261492944924897830e-01 3.219162494310423561e-01 2.045971779699590487e-01 4.733727810650887463e-02 0.000000000000000000e+00
4.975000000000000000e+03 1.989962922760788455e-01 4.248975876194810986e-01 3.224852071005916976e-01 1.999317250796540657e-01 5.268548020027309653e-02 0.000000000000000000e+00
5.000000000000000000e+03 1.999962736443003930e-01 4.307009558488848477e-01 3.246472462448793950e-01 1.958352298588985074e-01 4.881656804733727761e-02 0.000000000000000000e+00
5.025000000000000000e+03 2.009962550125217184e-01 4.313837050523440797e-01 3.269230769230769273e-01 1.921939007737824279e-01 4.949931725079653733e-02 0.000000000000000000e+00
5.050000000000000000e+03 2.019962363807432659e-01 4.244424214838415921e-01 3.323850705507510050e-01 1.934456076467910846e-01 4.972690031861629750e-02 0.000000000000000000e+00
5.075000000000000000e+03 2.029962177489648134e-01 4.246700045516613731e-01 3.390987710514337672e-01 1.907146108329540179e-01 4.551661356395084179e-02 0.000000000000000000e+00
5.100000000000000000e+03 2.039961991171863609e-01 4.192080109239872399e-01 3.434228493400091065e-01 1.913973600364132777e-01 4.597177969959034827e-02 0.000000000000000000e+00
5.125000000000000000e+03 2.049961804854079084e-01 4.218252162039144437e-01 3.421711424670004775e-01 1.927628584433318248e-01 4.324078288575330248e-02 0.000000000000000000e+00
5.150000000000000000e+03 2.059961618536292338e-01 4.162494310423304755e-01 3.458124715521165293e-01 1.945835229858898507e-01 4.335457441966317910e-02 0.000000000000000000e+00
5.175000000000000000e+03 2.069961432218507813e-01 4.171597633136094885e-01 3.461538461538461453e-01 1.948111060537096040e-01 4.187528447883477611e-02 0.000000000000000000e+00
5.200000000000000000e+03 2.079961245900723288e-01 4.184114701866181174e-01 3.464952207555757613e-01 1.949248975876194945e-01 4.016841147018661989e-02 0.000000000000000000e+00
5.225000000000000000e+03 2.089961059582938763e-01 4.209148839326354308e-01 3.445607646791079004e-01 1.915111515703231682e-01 4.301319981793354230e-02 0.000000000000000000e+00
5.250000000000000000e+03 2.099960873265154238e-01 4.212562585343650468e-01 3.475193445607646647e-01 1.907146108329540179e-01 4.050978607191624975e-02 0.000000000000000000e+00
5.275000000000000000e+03 2.109960686947367492e-01 4.181838871187983364e-01 3.475193445607646647e-01 1.951524806554392477e-01 3.914428766499772339e-02 0.000000000000000000e+00
5.300000000000000000e+03 2.119960500629582967e-01 4.171597633136094885e-01 3.475193445607646647e-01 1.929904415111515781e-01 4.233045061447428259e-02 0.000000000000000000e+00
5.325000000000000000e+03 2.129960314311798442e-01 4.185252617205280079e-01 3.516158397815202785e-01 1.877560309512972259e-01 4.210286754665452935e-02 0.000000000000000000e+00
5.350000000000000000e+03 2.139960127994013916e-01 4.201183431952662528e-01 3.551433773327264398e-01 1.847974510696404060e-01 3.994082840236686666e-02 0.000000000000000000e+00
5.375000000000000000e+03 2.149959941676227171e-01 4.135184342284933812e-01 3.600364132908511761e-01 1.833181611288120239e-01 4.312699135184342586e-02 0.000000000000000000e+00
5.400000000000000000e+03 2.159959755358442646e-01 4.106736458807464518e-01 3.665225307237141572e-01 1.824078288575330109e-01 4.039599453800637313e-02 0.000000000000000000e+00
5.425000000000000000e+03 2.169959569040658121e-01 4.071461083295402905e-01 3.667501137915338827e-01 1.851388256713700498e-01 4.096495220755575623e-02 0.000000000000000000e+00
5.450000000000000000e+03 2.179959382722873595e-01 4.074874829312699065e-01 3.740327719617660418e-01 1.817250796540737234e-01 3.675466545289030745e-02 0.000000000000000000e+00
5.475000000000000000e+03 2.189959196405089070e-01 4.066909421939007840e-01 3.698224852071005930e-01 1.816112881201638607e-01 4.187528447883477611e-02 0.000000000000000000e+00
5.500000000000000000e+03 2.199959010087302325e-01 4.056668183887118806e-01 3.730086481565771384e-01 1.801319981793354508e-01 4.119253527537550946e-02 0.000000000000000000e+00
5.525000000000000000e+03 2.209958823769517799e-01 4.021392808375056638e-01 3.773327264451524776e-01 1.760355029585798925e-01 4.449248975876194528e-02 0.000000000000000000e+00
5.550000000000000000e+03 2.219958637451733274e-01 4.022530723714155543e-01 3.819981793354574329e-01 1.737596722803823324e-01 4.198907601274465273e-02 0.000000000000000000e+00
5.575000000000000000e+03 2.229958451133948749e-01 4.000910332271279124e-01 3.830223031406463363e-01 1.718252162039144160e-01 4.506144742831133532e-02 0.000000000000000000e+00
5.600000000000000000e+03 2.239958264816164224e-01 3.995220755575785154e-01 3.812016385980883104e-01 1.762630860263996457e-01 4.301319981793354230e-02 0.000000000000000000e+00
5.625000000000000000e+03 2.249958078498377478e-01 3.944014565316340537e-01 3.843878015475648557e-01 1.788802913063268218e-01 4.233045061447428259e-02 0.000000000000000000e+00
5.650000000000000000e+03 2.259957892180592953e-01 3.950842057350932857e-01 3.862084660901228816e-01 1.770596267637687682e-01 4.164770141101502288e-02 0.000000000000000000e+00
5.675000000000000000e+03 2.269957705862808428e-01 3.950842057350932857e-01 3.855257168866636497e-01 1.761492944924897552e-01 4.324078288575330248e-02 0.000000000000000000e+00
