# itime ezz other fcc hcp bcc ico
0.000000000000000000e+00 0.000000000000000000e+00 0.000000000000000000e+00 1.000000000000000000e+00 0.000000000000000000e+00 0.000000000000000000e+00 0.000000000000000000e+00
5.000000000000000000e+01 1.999985880110077829e-03 0.000000000000000000e+00 1.000000000000000000e+00 0.000000000000000000e+00 0.000000000000000000e+00 0.000000000000000000e+00
1.000000000000000000e+02 3.999971760220155659e-03 0.000000000000000000e+00 1.000000000000000000e+00 0.000000000000000000e+00 0.000000000000000000e+00 0.000000000000000000e+00
1.500000000000000000e+02 5.999957640330233488e-03 0.000000000000000000e+00 1.000000000000000000e+00 0.000000000000000000e+00 0.000000000000000000e+00 0.000000000000000000e+00
2.000000000000000000e+02 7.999943520440311318e-03 0.000000000000000000e+00 1.000000000000000000e+00 0.000000000000000000e+00 0.000000000000000000e+00 0.000000000000000000e+00
2.500000000000000000e+02 9.999929400550389147e-03 0.000000000000000000e+00 1.000000000000000000e+00 0.000000000000000000e+00 0.000000000000000000e+00 0.000000000000000000e+00
3.000000000000000000e+02 1.199991528066046698e-02 0.000000000000000000e+00 1.000000000000000000e+00 0.000000000000000000e+00 0.000000000000000000e+00 0.000000000000000000e+00
3.500000000000000000e+02 1.399990116077076685e-02 0.000000000000000000e+00 1.000000000000000000e+00 0.000000000000000000e+00 0.000000000000000000e+00 0.000000000000000000e+00
4.000000000000000000e+02 1.599988704088084468e-02 0.000000000000000000e+00 1.000000000000000000e+00 0.000000000000000000e+00 0.000000000000000000e+00 0.000000000000000000e+00
4.500000000000000000e+02 1.799987292099092251e-02 0.000000000000000000e+00 1.000000000000000000e+00 0.000000000000000000e+00 0.000000000000000000e+00 0.000000000000000000e+00
5.000000000000000000e+02 1.999985880110100034e-02 0.000000000000000000e+00 1.000000000000000000e+00 0.000000000000000000e+00 0.000000000000000000e+00 0.000000000000000000e+00
5.500000000000000000e+02 2.199984468121107817e-02 0.000000000000000000e+00 1.000000000000000000e+00 0.000000000000000000e+00 0.000000000000000000e+00 0.000000000000000000e+00
6.000000000000000000e+02 2.399983056132115600e-02 0.000000000000000000e+00 1.000000000000000000e+00 0.000000000000000000e+00 0.000000000000000000e+00 0.000000000000000000e+00
6.500000000000000000e+02 2.599981644143123383e-02 0.000000000000000000e+00 1.000000000000000000e+00 0.000000000000000000e+00 0.000000000000000000e+00 0.000000000000000000e+00
7.000000000000000000e+02 2.799980232154131166e-02 0.000000000000000000e+00 1.000000000000000000e+00 0.000000000000000000e+00 0.000000000000000000e+00 0.000000000000000000e+00
7.500000000000000000e+02 2.999978820165138949e-02 0.000000000000000000e+00 1.000000000000000000e+00 0.000000000000000000e+00 0.000000000000000000e+00 0.000000000000000000e+00
8.000000000000000000e+02 3.199977408176146731e-02 0.000000000000000000e+00 1.000000000000000000e+00 0.000000000000000000e+00 0.000000000000000000e+00 0.000000000000000000e+00
8.500000000000000000e+02 3.399975996187154514e-02 0.000000000000000000e+00 1.000000000000000000e+00 0.000000000000000000e+00 0.000000000000000000e+00 0.000000000000000000e+00
9.000000000000000000e+02 3.599974584198162297e-02 0.000000000000000000e+00 1.000000000000000000e+00 0.000000000000000000e+00 0.000000000000000000e+00 0.000000000000000000e+00
9.500000000000000000e+02 3.799973172209192285e-02 0.000000000000000000e+00 1.000000000000000000e+00 0.000000000000000000e+00 0.000000000000000000e+00 0.000000000000000000e+00
1.000000000000000000e+03 3.999971760220200068e-02 0.000000000000000000e+00 1.000000000000000000e+00 0.000000000000000000e+00 0.000000000000000000e+00 0.000000000000000000e+00
1.050000000000000000e+03 4.199970348231207851e-02 0.000000000000000000e+00 1.000000000000000000e+00 0.000000000000000000e+00 0.000000000000000000e+00 0.000000000000000000e+00
1.100000000000000000e+03 4.399968936242215634e-02 0.000000000000000000e+00 1.000000000000000000e+00 0.000000000000000000e+00 0.000000000000000000e+00 0.000000000000000000e+00
1.150000000000000000e+03 4.599967524253223417e-02 0.000000000000000000e+00 1.000000000000000000e+00 0.000000000000000000e+00 0.000000000000000000e+00 0.000000000000000000e+00
1.200000000000000000e+03 4.799966112264231199e-02 0.000000000000000000e+00 1.000000000000000000e+00 0.000000000000000000e+00 0.000000000000000000e+00 0.000000000000000000e+00
1.250000000000000000e+03 4.999964700275238982e-02 0.000000000000000000e+00 1.000000000000000000e+00 0.000000000000000000e+00 0.000000000000000000e+00 0.000000000000000000e+00
1.300000000000000000e+03 5.199963288286246765e-02 0.000000000000000000e+00 1.000000000000000000e+00 0.000000000000000000e+00 0.000000000000000000e+00 0.000000000000000000e+00
1.350000000000000000e+03 5.399961876297254548e-02 0.000000000000000000e+00 1.000000000000000000e+00 0.000000000000000000e+00 0.000000000000000000e+00 0.000000000000000000e+00
1.400000000000000000e+03 5.599960464308262331e-02 0.000000000000000000e+00 1.000000000000000000e+00 0.000000000000000000e+00 0.000000000000000000e+00 0.000000000000000000e+00
1.450000000000000000e+03 5.799959052319270114e-02 0.000000000000000000e+00 1.000000000000000000e+00 0.000000000000000000e+00 0.000000000000000000e+00 0.000000000000000000e+00
1.500000000000000000e+03 5.999957640330277897e-02 0.000000000000000000e+00 1.000000000000000000e+00 0.000000000000000000e+00 0.000000000000000000e+00 0.000000000000000000e+00
1.550000000000000000e+03 6.199956228341307884e-02 0.000000000000000000e+00 1.000000000000000000e+00 0.000000000000000000e+00 0.000000000000000000e+00 0.000000000000000000e+00
1.600000000000000000e+03 6.399954816352315667e-02 0.000000000000000000e+00 1.000000000000000000e+00 0.000000000000000000e+00 0.000000000000000000e+00 0.000000000000000000e+00
1.650000000000000000e+03 6.599953404363323450e-02 0.000000000000000000e+00 1.000000000000000000e+00 0.000000000000000000e+00 0.000000000000000000e+00 0.000000000000000000e+00
1.700000000000000000e+03 6.799951992374331233e-02 0.000000000000000000e+00 1.000000000000000000e+00 0.000000000000000000e+00 0.000000000000000000e+00 0.000000000000000000e+00
1.750000000000000000e+03 6.999950580385339016e-02 0.000000000000000000e+00 1.000000000000000000e+00 0.000000000000000000e+00 0.000000000000000000e+00 0.000000000000000000e+00
1.800000000000000000e+03 7.199949168396346799e-02 0.000000000000000000e+00 1.000000000000000000e+00 0.000000000000000000e+00 0.000000000000000000e+00 0.000000000000000000e+00
1.850000000000000000e+03 7.399947756407354582e-02 1.137915339098771066e-04 9.998862084660901095e-01 0.000000000000000000e+00 0.000000000000000000e+00 0.000000000000000000e+00
1.900000000000000000e+03 7.599946344418362365e-02 0.000000000000000000e+00 1.000000000000000000e+00 0.000000000000000000e+00 0.000000000000000000e+00 0.000000000000000000e+00
1.950000000000000000e+03 7.799944932429370148e-02 4.551661356395084266e-04 9.995448338643604380e-01 0.000000000000000000e+00 0.000000000000000000e+00 0.000000000000000000e+00
2.000000000000000000e+03 7.999943520440377931e-02 0.000000000000000000e+00 1.000000000000000000e+00 0.000000000000000000e+00 0.000000000000000000e+00 0.000000000000000000e+00
2.050000000000000000e+03 8.199942108451385714e-02 0.000000000000000000e+00 1.000000000000000000e+00 0.000000000000000000e+00 0.000000000000000000e+00 0.000000000000000000e+00
2.100000000000000000e+03 8.399940696462393497e-02 1.137915339098770958e-03 9.988620846609012061e-01 0.000000000000000000e+00 0.000000000000000000e+00 0.000000000000000000e+00
2.150000000000000000e+03 8.599939284473423484e-02 7.965407373691396923e-04 9.992034592626308775e-01 0.000000000000000000e+00 0.000000000000000000e+00 0.000000000000000000e+00
2.200000000000000000e+03 8.799937872484431267e-02 0.000000000000000000e+00 1.000000000000000000e+00 0.000000000000000000e+00 0.000000000000000000e+00 0.000000000000000000e+00
2.250000000000000000e+03 8.999936460495439050e-02 4.551661356395084266e-04 9.995448338643604380e-01 0.000000000000000000e+00 0.000000000000000000e+00 0.000000000000000000e+00
2.300000000000000000e+03 9.199935048506446833e-02 1.934456076467910759e-03 9.979517523896221931e-01 0.000000000000000000e+00 1.137915339098771066e-04 0.000000000000000000e+00
2.350000000000000000e+03 9.399933636517454616e-02 2.048247610377787811e-03 9.977241693218024121e-01 0.000000000000000000e+00 2.275830678197542133e-04 0.000000000000000000e+00
2.400000000000000000e+03 9.599932224528462399e-02 2.162039144287664864e-03 9.977241693218024121e-01 0.000000000000000000e+00 1.137915339098771066e-04 0.000000000000000000e+00
2.450000000000000000e+03 9.799930812539470182e-02 2.275830678197541916e-03 9.976103777878926326e-01 0.000000000000000000e+00 1.137915339098771066e-04 0.000000000000000000e+00
2.500000000000000000e+03 9.999929400550477965e-02 1.593081474738279385e-03 9.984069185252617551e-01 0.000000000000000000e+00 0.000000000000000000e+00 0.000000000000000000e+00
2.550000000000000000e+03 1.019992798856148575e-01 2.958579881656804664e-03 9.970414201183431802e-01 0.000000000000000000e+00 0.000000000000000000e+00 0.000000000000000000e+00
2.600000000000000000e+03 1.039992657657249353e-01 3.527537551206190360e-03 9.961310878470641672e-01 0.000000000000000000e+00 3.413746017296313199e-04 0.000000000000000000e+00
2.650000000000000000e+03 1.059992516458350131e-01 5.348202093764223633e-03 9.943104233045061413e-01 0.000000000000000000e+00 3.413746017296313199e-04 0.000000000000000000e+00
2.700000000000000000e+03 1.079992375259450910e-01 5.348202093764223633e-03 9.943104233045061413e-01 0.000000000000000000e+00 3.413746017296313199e-04 0.000000000000000000e+00
2.750000000000000000e+03 1.099992234060553908e-01 7.168866636322257339e-03 9.922621756941283344e-01 0.000000000000000000e+00 5.689576695493854790e-04 0.000000000000000000e+00
2.800000000000000000e+03 1.119992092861654687e-01 1.217569412835685025e-02 9.873691397360035982e-01 0.000000000000000000e+00 4.551661356395084266e-04 0.000000000000000000e+00
2.850000000000000000e+03 1.139991951662755465e-01 2.002730996813837164e-02 9.781520254893035782e-01 0.000000000000000000e+00 1.820664542558033706e-03 0.000000000000000000e+00
2.900000000000000000e+03 1.159991810463856243e-01 2.981338188438780248e-02 9.671142467000455323e-01 0.000000000000000000e+00 3.072371415566681717e-03 0.000000000000000000e+00
2.950000000000000000e+03 1.179991669264957022e-01 4.312699135184342586e-02 9.439007737824305355e-01 0.000000000000000000e+00 1.297223486572599005e-02 0.000000000000000000e+00
3.000000000000000000e+03 1.199991528066057800e-01 9.774692762858443185e-02 8.279472007282657753e-01 0.000000000000000000e+00 7.430587164314975124e-02 0.000000000000000000e+00
3.050000000000000000e+03 1.219991386867158578e-01 2.370277651342740100e-01 4.673418297678652578e-01 1.137915339098771066e-04 2.955166135639508695e-01 0.000000000000000000e+00
3.100000000000000000e+03 1.239991245668259356e-01 3.502503413746017036e-01 1.750113791533909890e-01 9.103322712790168532e-04 4.738279472007282389e-01 0.000000000000000000e+00
3.150000000000000000e+03 1.259991104469360135e-01 3.521847974510696200e-01 1.714838416021848000e-01 2.162039144287664864e-03 4.741693218024579104e-01 0.000000000000000000e+00
3.200000000000000000e+03 1.279990963270460913e-01 3.452435138825671324e-01 2.094902139280837572e-01 3.413746017296313308e-03 4.418525261720527841e-01 0.000000000000000000e+00
3.250000000000000000e+03 1.299990822071561691e-01 3.459262630860264198e-01 1.997041420118343125e-01 2.014110150204824826e-02 4.342284934000910090e-01 0.000000000000000000e+00
3.300000000000000000e+03 1.319990680872662470e-01 3.342057350933090309e-01 1.982248520710059303e-01 5.416477014110149951e-02 4.134046426945835462e-01 0.000000000000000000e+00
3.350000000000000000e+03 1.339990539673765468e-01 3.469503868912152678e-01 2.043695949021392677e-01 6.304050978607191047e-02 3.856395084205734847e-01 0.000000000000000000e+00
3.400000000000000000e+03 1.359990398474866247e-01 3.578743741465634787e-01 2.024351388256713791e-01 8.602639963586708460e-02 3.536640873918980299e-01 0.000000000000000000e+00
3.450000000000000000e+03 1.379990257275967025e-01 3.461538461538461453e-01 2.216659080564405970e-01 1.104915794264906687e-01 3.216886663632225751e-01 0.000000000000000000e+00
3.500000000000000000e+03 1.399990116077067803e-01 3.627674101046882149e-01 2.421483841602184717e-01 1.330223031406463363e-01 2.620619025944469493e-01 0.000000000000000000e+00
3.550000000000000000e+03 1.419989974878168582e-01 3.780154756486117651e-01 2.555757851615839682e-01 1.472462448793809831e-01 2.191624943104233114e-01 0.000000000000000000e+00
3.600000000000000000e+03 1.439989833679269360e-01 3.908739189804278369e-01 2.658170232134728916e-01 1.525944469731451980e-01 1.907146108329540179e-01 0.000000000000000000e+00
3.650000000000000000e+03 1.459989692480370138e-01 3.881429221665907980e-01 2.855029585798816716e-01 1.621529358215748617e-01 1.642011834319526686e-01 0.000000000000000000e+00
3.700000000000000000e+03 1.479989551281470916e-01 3.903049613108784954e-01 2.890304961310878329e-01 1.704597177969958965e-01 1.502048247610377751e-01 0.000000000000000000e+00
3.750000000000000000e+03 1.499989410082571695e-01 3.984979517523896120e-01 2.944924897587619661e-01 1.789940828402366846e-01 1.280154756486117373e-01 0.000000000000000000e+00
3.800000000000000000e+03 1.519989268883672473e-01 4.080564406008193035e-01 2.977924442421484019e-01 1.778561675011379184e-01 1.162949476558944040e-01 0.000000000000000000e+00
3.850000000000000000e+03 1.539989127684773251e-01 4.074874829312699065e-01 2.907373691397360238e-01 1.842284934000910368e-01 1.175466545289030468e-01 0.000000000000000000e+00
3.900000000000000000e+03 1.559988986485874030e-01 4.008875739644970349e-01 3.009786071916249472e-01 1.862767410104688159e-01 1.118570778334091881e-01 0.000000000000000000e+00
3.950000000000000000e+03 1.579988845286977028e-01 4.101046882111971104e-01 2.968821119708693890e-01 1.859353664087392000e-01 1.070778334091943562e-01 0.000000000000000000e+00
4.000000000000000000e+03 1.599988704088077807e-01 4.137460172963131622e-01 3.041647701411014926e-01 1.834319526627218866e-01 9.865725989986344480e-02 0.000000000000000000e+00
4.050000000000000000e+03 1.619988562889178585e-01 4.149977241693217911e-01 3.059854346836595185e-01 1.850250341374601593e-01 9.399180700955848955e-02 0.000000000000000000e+00
4.100000000000000000e+03 1.639988421690279363e-01 4.168183887118798170e-01 3.030268548020027541e-01 1.885525716886663761e-01 9.160218479745106668e-02 0.000000000000000000e+00
4.150000000000000000e+03 1.659988280491380142e-01 4.223941738734638407e-01 2.999544833864360438e-01 1.852526172052799402e-01 9.239872553482020301e-02 0.000000000000000000e+00
4.200000000000000000e+03 1.679988139292480920e-01 4.170459717796995980e-01 3.039371870732817671e-01 1.874146563495675821e-01 9.160218479745106668e-02 0.000000000000000000e+00
4.250000000000000000e+03 1.699987998093581698e-01 4.211424670004551563e-01 2.944924897587619661e-01 1.899180700955848955e-01 9.444697314519799602e-02 0.000000000000000000e+00
4.300000000000000000e+03 1.719987856894682476e-01 4.268320436959490149e-01 2.921028675466545432e-01 1.921939007737824279e-01 8.887118798361401395e-02 0.000000000000000000e+00
4.350000000000000000e+03 1.739987715695783255e-01 4.342284934000910090e-01 2.850477924442421651e-01 1.870732817478379661e-01 9.365043240782885969e-02 0.000000000000000000e+00
4.400000000000000000e+03 1.759987574496884033e-01 4.391215293582157453e-01 2.828857532999544677e-01 1.917387346381429214e-01 8.625398270368685172e-02 0.000000000000000000e+00
4.450000000000000000e+03 1.779987433297984811e-01 4.403732362312243742e-01 2.859581247155211781e-01 1.990213928083750528e-01 7.464724624487938109e-02 0.000000000000000000e+00
4.500000000000000000e+03 1.799987292099085590e-01 4.475421028675466428e-01 2.827719617660446327e-01 1.931042330450614408e-01 7.658170232134729749e-02 0.000000000000000000e+00
4.550000000000000000e+03 1.819987150900188588e-01 4.451524806554392200e-01 2.833409194355939742e-01 1.915111515703231682e-01 7.999544833864360993e-02 0.000000000000000000e+00
4.600000000000000000e+03 1.839987009701289367e-01 4.486800182066454368e-01 2.820892125625853453e-01 1.936731907146108378e-01 7.555757851615839404e-02 0.000000000000000000e+00
4.650000000000000000e+03 1.859986868502390145e-01 4.518661811561219821e-01 2.796995903504779224e-01 1.945835229858898507e-01 7.385070550751024476e-02 0.000000000000000000e+00
4.700000000000000000e+03 1.879986727303490923e-01 4.509558488848429691e-01 2.783340919435594030e-01 1.962903959945380139e-01 7.441966317705962786e-02 0.000000000000000000e+00
4.750000000000000000e+03 1.899986586104591701e-01 4.516385980883022566e-01 2.786754665452890189e-01 1.940145653163404538e-01 7.567137005006827066e-02 0.000000000000000000e+00
4.800000000000000000e+03 1.919986444905692480e-01 4.607419208010923861e-01 2.775375512061902805e-01 1.929904415111515781e-01 6.873008648156576916e-02 0.000000000000000000e+00
4.850000000000000000e+03 1.939986303706793258e-01 4.623350022758306865e-01 2.712790168411470249e-01 1.928766499772416876e-01 7.350933090578061491e-02 0.000000000000000000e+00
4.900000000000000000e+03 1.959986162507894036e-01 4.608557123350022766e-01 2.776513427401001155e-01 1.901456531634046487e-01 7.134729176149294527e-02 0.000000000000000000e+00
4.950000000000000000e+03 1.979986021308994815e-01 4.601729631315429891e-01 2.792444242148384159e-01 1.921939007737824279e-01 6.838871187983613931e-02 0.000000000000000000e+00
5.000000000000000000e+03 1.999985880110095593e-01 4.572143832498862248e-01 2.728720983158853253e-01 1.985662266727355463e-01 7.134729176149294527e-02 0.000000000000000000e+00
5.050000000000000000e+03 2.019985738911196371e-01 4.609695038689121671e-01 2.751479289940828576e-01 2.002730996813837094e-01 6.360946745562130744e-02 0.000000000000000000e+00
5.100000000000000000e+03 2.039985597712297150e-01 4.683659535730541612e-01 2.670687300864815761e-01 1.993627674101046965e-01 6.520254893035958010e-02 0.000000000000000000e+00
5.150000000000000000e+03 2.059985456513400148e-01 4.779244424214838527e-01 2.596722803823395265e-01 2.001593081474738189e-01 6.224396904870277414e-02 0.000000000000000000e+00
5.200000000000000000e+03 2.079985315314500927e-01 4.819071461083295205e-01 2.629722348657259623e-01 1.998179335457442030e-01 5.530268548020027264e-02 0.000000000000000000e+00
5.250000000000000000e+03 2.099985174115601705e-01 4.732589895311788974e-01 2.676376877560309731e-01 2.043695949021392677e-01 5.473372781065088954e-02 0.000000000000000000e+00
5.300000000000000000e+03 2.119985032916702483e-01 4.787209831588529751e-01 2.686618115612198210e-01 1.976558944014565333e-01 5.496131087847064278e-02 0.000000000000000000e+00
5.350000000000000000e+03 2.139984891717803261e-01 4.808830223031406725e-01 2.696859353664087244e-01 1.964041875284478766e-01 5.302685480200273332e-02 0.000000000000000000e+00
5.400000000000000000e+03 2.159984750518904040e-01 4.814519799726900140e-01 2.694583522985889990e-01 1.982248520710059303e-01 5.086481565771506369e-02 0.000000000000000000e+00
5.450000000000000000e+03 2.179984609320004818e-01 4.743969048702776359e-01 2.763996358670914866e-01 2.025489303595812418e-01 4.665452890304961492e-02 0.000000000000000000e+00
5.500000000000000000e+03 2.199984468121105596e-01 4.754210286754665393e-01 2.789030496131087999e-01 1.991351843422849432e-01 4.654073736913973830e-02 0.000000000000000000e+00
5.550000000000000000e+03 2.219984326922206375e-01 4.710969503868912001e-01 2.803823395539372099e-01 2.082385070550751005e-01 4.028220300409649651e-02 0.000000000000000000e+00
5.600000000000000000e+03 2.239984185723307153e-01 4.651797906235776159e-01 2.815202548930359483e-01 2.076695493855257035e-01 4.563040509786071841e-02 0.000000000000000000e+00
5.650000000000000000e+03 2.259984044524407931e-01 4.658625398270368478e-01 2.790168411470186349e-01 2.139280837505689592e-01 4.119253527537550946e-02 0.000000000000000000e+00
5.700000000000000000e+03 2.279983903325508710e-01 4.630177514792899185e-01 2.818616294947655643e-01 2.151797906235776159e-01 3.994082840236686666e-02 0.000000000000000000e+00
5.750000000000000000e+03 2.299983762126611708e-01 4.616522530723713991e-01 2.774237596722803900e-01 2.255348202093764298e-01 3.538916704597178109e-02 0.000000000000000000e+00
5.800000000000000000e+03 2.319983620927712487e-01 4.631315430131998090e-01 2.769685935366408835e-01 2.275830678197542090e-01 3.231679563040509851e-02 0.000000000000000000e+00
5.850000000000000000e+03 2.339983479728813265e-01 4.663177059626763543e-01 2.783340919435594030e-01 2.236003641329085134e-01 3.174783796085571541e-02 0.000000000000000000e+00
5.900000000000000000e+03 2.359983338529914043e-01 4.571005917159763343e-01 2.796995903504779224e-01 2.311106053709603980e-01 3.208921256258534527e-02 0.000000000000000000e+00
5.950000000000000000e+03 2.379983197331014821e-01 4.567592171142467183e-01 2.798133818843878129e-01 2.337278106508875741e-01 2.969959035047792587e-02 0.000000000000000000e+00
6.000000000000000000e+03 2.399983056132115600e-01 4.624487938097405770e-01 2.729858898497951603e-01 2.342967683204369711e-01 3.015475648611743234e-02 1.137915339098771066e-04
6.050000000000000000e+03 2.419982914933216378e-01 4.586936731907146347e-01 2.721893491124260378e-01 2.408966772872098427e-01 2.810650887573964626e-02 1.137915339098771066e-04
6.100000000000000000e+03 2.439982773734317156e-01 4.551661356395084179e-01 2.782203004096495125e-01 2.404415111515703363e-01 2.605826126536185672e-02 1.137915339098771066e-04
6.150000000000000000e+03 2.459982632535417935e-01 4.510696404187528596e-01 2.885753299954483264e-01 2.371415566681839004e-01 2.309968138370505075e-02 1.137915339098771066e-04
6.200000000000000000e+03 2.479982491336518713e-01 4.475421028675466428e-01 2.930131998179335562e-01 2.357760582612653533e-01 2.366863905325443732e-02 0.000000000000000000e+00
6.250000000000000000e+03 2.499982350137619491e-01 4.484524351388256558e-01 2.927856167501137752e-01 2.363450159308147502e-01 2.241693218024579104e-02 0.000000000000000000e+00
6.300000000000000000e+03 2.519982208938720269e-01 4.446973145197997135e-01 2.954028220300409791e-01 2.407828857532999522e-01 1.911697769685935522e-02 0.000000000000000000e+00
6.350000000000000000e+03 2.539982067739823268e-01 4.399180700955848677e-01 2.973372781065088954e-01 2.366863905325443662e-01 2.605826126536185672e-02 0.000000000000000000e+00
6.400000000000000000e+03 2.559981926540924047e-01 4.328629949931724896e-01 2.989303595812471404e-01 2.429449248975876219e-01 2.526172052799271692e-02 0.000000000000000000e+00
6.450000000000000000e+03 2.579981785342024825e-01 4.303595812471552318e-01 3.026854802002730827e-01 2.456759217114246607e-01 2.127901684114701791e-02 0.000000000000000000e+00
6.500000000000000000e+03 2.599981644143125603e-01 4.333181611288119961e-01 3.014337733272644537e-01 2.455621301775147980e-01 1.968593536640873831e-02 0.000000000000000000e+00
6.550000000000000000e+03 2.619981502944226381e-01 4.299044151115157253e-01 3.012061902594446727e-01 2.440828402366863881e-01 2.480655439235321044e-02 0.000000000000000000e+00
6.600000000000000000e+03 2.639981361745327160e-01 4.242148384160218666e-01 3.015475648611743442e-01 2.485207100591715901e-01 2.571688666363222686e-02 0.000000000000000000e+00
6.650000000000000000e+03 2.659981220546427938e-01 4.231907146108329631e-01 3.065543923532089154e-01 2.453345471096950448e-01 2.492034592626308706e-02 0.000000000000000000e+00
6.700000000000000000e+03 2.679981079347528716e-01 4.161356395084205850e-01 3.113336367774237612e-01 2.517068730086481354e-01 2.082385070550751144e-02 0.000000000000000000e+00
6.750000000000000000e+03 2.699980938148629495e-01 4.167045971779699820e-01 3.067819754210286964e-01 2.537551206190259423e-01 2.275830678197542090e-02 0.000000000000000000e+00
6.800000000000000000e+03 2.719980796949730273e-01 4.116977696859353553e-01 3.072371415566682029e-01 2.577378243058716656e-01 2.332726445152480746e-02 0.000000000000000000e+00
6.850000000000000000e+03 2.739980655750831051e-01 4.160218479745106945e-01 3.070095584888484219e-01 2.561447428311333652e-01 2.082385070550751144e-02 0.000000000000000000e+00
6.900000000000000000e+03 2.759980514551931829e-01 4.102184797451069453e-01 3.098543468365953513e-01 2.598998634501593075e-01 2.002730996813837164e-02 0.000000000000000000e+00
6.950000000000000000e+03 2.779980373353034828e-01 4.109012289485662328e-01 3.097405553026854608e-01 2.610377787892581014e-01 1.832043695949021542e-02 0.000000000000000000e+00
7.000000000000000000e+03 2.799980232154135606e-01 4.134046426945835462e-01 3.053026854802002865e-01 2.591033227127901850e-01 2.218934911242603433e-02 0.000000000000000000e+00
7.050000000000000000e+03 2.819980090955236385e-01 4.046426945835229771e-01 3.099681383705052418e-01 2.604688211197087044e-01 2.492034592626308706e-02 0.000000000000000000e+00
7.100000000000000000e+03 2.839979949756337163e-01 4.090805644060082069e-01 3.122439690487027741e-01 2.586481565771506785e-01 2.002730996813837164e-02 0.000000000000000000e+00
7.150000000000000000e+03 2.859979808557437941e-01 4.032771961766044577e-01 3.189576695493855363e-01 2.546654528903049552e-01 2.309968138370505075e-02 0.000000000000000000e+00
7.200000000000000000e+03 2.879979667358538720e-01 4.006599908966773094e-01 3.243058716431497235e-01 2.536413290851160518e-01 2.139280837505689453e-02 0.000000000000000000e+00
7.250000000000000000e+03 2.899979526159639498e-01 4.005461993627674189e-01 3.269230769230769273e-01 2.498862084660901095e-01 2.264451524806554428e-02 0.000000000000000000e+00
7.300000000000000000e+03 2.919979384960740276e-01 3.947428311333636697e-01 3.343195266272189214e-01 2.462448793809740577e-01 2.469276285844333035e-02 0.000000000000000000e+00
7.350000000000000000e+03 2.939979243761841055e-01 3.958807464724624636e-01 3.369367319071461253e-01 2.428311333636777314e-01 2.435138825671370050e-02 0.000000000000000000e+00
7.400000000000000000e+03 2.959979102562941833e-01 4.014565316340464318e-01 3.383022303140646447e-01 2.355484751934456000e-01 2.469276285844333035e-02 0.000000000000000000e+00
7.450000000000000000e+03 2.979978961364042611e-01 3.911015020482476179e-01 3.533227127901684139e-01 2.300864815657714946e-01 2.548930359581247015e-02 0.000000000000000000e+00
7.500000000000000000e+03 2.999978820165143389e-01 3.889394629039599205e-01 3.633363677742376119e-01 2.232589895311788697e-01 2.446517979062357712e-02 0.000000000000000000e+00
7.550000000000000000e+03 3.019978678966246388e-01 3.896222121074192080e-01 3.699362767410104835e-01 2.205279927173418308e-01 1.991351843422849502e-02 0.000000000000000000e+00
7.600000000000000000e+03 3.039978537767347166e-01 3.826809285389167203e-01 3.732362312243969193e-01 2.245106964041875264e-01 1.957214383249886169e-02 0.000000000000000000e+00
7.650000000000000000e+03 3.059978396568447945e-01 3.898497951752389890e-01 3.732362312243969193e-01 2.197314519799726806e-01 1.718252162039144229e-02 0.000000000000000000e+00
7.700000000000000000e+03 3.079978255369548723e-01 3.821119708693673234e-01 3.761948111060536837e-01 2.231451979972690070e-01 1.854802002730996865e-02 0.000000000000000000e+00
7.750000000000000000e+03 3.099978114170649501e-01 3.772189349112425871e-01 3.777878925807919841e-01 2.238279472007282667e-01 2.116522530723714129e-02 0.000000000000000000e+00
7.800000000000000000e+03 3.119977972971750280e-01 3.741465634956759323e-01 3.765361857077833552e-01 2.281520254893036059e-01 2.116522530723714129e-02 0.000000000000000000e+00
7.850000000000000000e+03 3.139977831772851058e-01 3.706190259444697155e-01 3.768775603095129711e-01 2.284934000910332219e-01 2.401001365498407064e-02 0.000000000000000000e+00
7.900000000000000000e+03 3.159977690573951836e-01 3.750568957669549452e-01 3.738051888939463163e-01 2.296313154301319881e-01 2.150659990896677115e-02 0.000000000000000000e+00
7.950000000000000000e+03 3.179977549375052615e-01 3.771051433773327521e-01 3.732362312243969193e-01 2.291761492944924816e-01 2.048247610377787811e-02 0.000000000000000000e+00
8.000000000000000000e+03 3.199977408176153393e-01 3.711879836140191125e-01 3.734638142922166448e-01 2.319071461083295482e-01 2.344105598543468408e-02 0.000000000000000000e+00
8.050000000000000000e+03 3.219977266977254171e-01 3.728948566226672479e-01 3.706190259444697155e-01 2.364588074647246130e-01 2.002730996813837164e-02 0.000000000000000000e+00
8.100000000000000000e+03 3.239977125778354949e-01 3.684569868001820736e-01 3.777878925807919841e-01 2.338416021847974646e-01 1.991351843422849502e-02 0.000000000000000000e+00
8.150000000000000000e+03 3.259976984579457948e-01 3.703914428766499900e-01 3.788120163859808875e-01 2.297451069640418786e-01 2.105143377332726468e-02 0.000000000000000000e+00
8.200000000000000000e+03 3.279976843380558726e-01 3.728948566226672479e-01 3.774465179790623681e-01 2.279244424214838527e-01 2.173418297678652786e-02 0.000000000000000000e+00
8.250000000000000000e+03 3.299976702181659505e-01 3.699362767410104835e-01 3.806326809285389134e-01 2.280382339553937154e-01 2.139280837505689453e-02 0.000000000000000000e+00
8.300000000000000000e+03 3.319976560982760283e-01 3.635639508420573374e-01 3.841602184797451303e-01 2.305416477014110288e-01 2.173418297678652786e-02 0.000000000000000000e+00
8.350000000000000000e+03 3.339976419783861061e-01 3.695949021392808120e-01 3.881429221665907980e-01 2.223486572598998567e-01 1.991351843422849502e-02 0.000000000000000000e+00
8.400000000000000000e+03 3.359976278584961840e-01 3.601502048247610110e-01 3.926945835229858628e-01 2.238279472007282667e-01 2.332726445152480746e-02 0.000000000000000000e+00
8.450000000000000000e+03 3.379976137386062618e-01 3.573054164770141372e-01 4.016841147018661573e-01 2.238279472007282667e-01 1.718252162039144229e-02 0.000000000000000000e+00
8.500000000000000000e+03 3.399975996187163396e-01 3.601502048247610110e-01 4.048702776513427581e-01 2.166590805644059980e-01 1.832043695949021542e-02 0.000000000000000000e+00
8.550000000000000000e+03 3.419975854988264174e-01 3.606053709604005730e-01 4.061219845243513871e-01 2.198452435138825711e-01 1.342740100136549826e-02 0.000000000000000000e+00
8.600000000000000000e+03 3.439975713789364953e-01 3.552571688666363303e-01 4.072598998634501810e-01 2.220072826581702408e-01 1.547564861174328607e-02 0.000000000000000000e+00
8.650000000000000000e+03 3.459975572590465731e-01 3.524123805188894010e-01 4.083978152025489194e-01 2.236003641329085134e-01 1.558944014565316269e-02 0.000000000000000000e+00
8.700000000000000000e+03 3.479975431391566509e-01 3.517296313154301135e-01 4.126081019572143682e-01 2.216659080564405970e-01 1.399635867091488309e-02 0.000000000000000000e+00
8.750000000000000000e+03 3.499975290192669508e-01 3.504779244424214846e-01 4.140873918980427781e-01 2.199590350477924339e-01 1.547564861174328607e-02 0.000000000000000000e+00
8.800000000000000000e+03 3.519975148993770286e-01 3.500227583067819781e-01 4.175011379153391045e-01 2.158625398270368756e-01 1.661356395084205573e-02 0.000000000000000000e+00
8.850000000000000000e+03 3.539975007794871065e-01 3.536640873918980299e-01 4.140873918980427781e-01 2.184797451069640517e-01 1.376877560309512985e-02 0.000000000000000000e+00
8.900000000000000000e+03 3.559974866595971843e-01 3.529813381884387979e-01 4.129494765589440397e-01 2.196176604460628179e-01 1.445152480655439303e-02 0.000000000000000000e+00
8.950000000000000000e+03 3.579974725397072621e-01 3.459262630860264198e-01 4.169321802457897075e-01 2.221210741920801035e-01 1.502048247610377786e-02 0.000000000000000000e+00
9.000000000000000000e+03 3.599974584198173400e-01 3.537778789258079204e-01 4.070323167956304000e-01 2.226900318616295005e-01 1.649977241693217911e-02 0.000000000000000000e+00
9.050000000000000000e+03 3.619974442999274178e-01 3.513882567137004975e-01 4.039599453800637452e-01 2.300864815657714946e-01 1.456531634046426965e-02 0.000000000000000000e+00
9.100000000000000000e+03 3.639974301800374956e-01 3.482020937642239522e-01 4.003186162949476379e-01 2.357760582612653533e-01 1.570323167956303931e-02 0.000000000000000000e+00
9.150000000000000000e+03 3.659974160601475734e-01 3.519572143832498945e-01 4.000910332271279124e-01 2.327036868456986707e-01 1.524806554392353283e-02 0.000000000000000000e+00
9.200000000000000000e+03 3.679974019402576513e-01 3.489986345015930747e-01 4.002048247610378029e-01 2.340691852526172179e-01 1.672735548475193582e-02 0.000000000000000000e+00
9.250000000000000000e+03 3.699973878203677291e-01 3.532089212562585234e-01 3.969048702776513671e-01 2.323623122439690547e-01 1.752389622212107562e-02 0.000000000000000000e+00
9.300000000000000000e+03 3.719973737004778069e-01 3.581019572143832597e-01 3.988393263541192280e-01 2.266727355484751960e-01 1.638598088302230249e-02 0.000000000000000000e+00
9.350000000000000000e+03 3.739973595805881068e-01 3.571916249431042467e-01 4.040737369139735802e-01 2.274692762858443462e-01 1.126536185707783383e-02 0.000000000000000000e+00
9.400000000000000000e+03 3.759973454606981846e-01 3.590122894856622726e-01 4.021392808375056638e-01 2.248520710059171701e-01 1.399635867091488309e-02 0.000000000000000000e+00
9.450000000000000000e+03 3.779973313408082625e-01 3.567364588074647402e-01 4.070323167956304000e-01 2.238279472007282667e-01 1.240327719617660522e-02 0.000000000000000000e+00
9.500000000000000000e+03 3.799973172209183403e-01 3.610605370960400795e-01 4.172735548475193235e-01 2.124487938097405493e-01 9.217114246700046018e-03 0.000000000000000000e+00
9.550000000000000000e+03 3.819973031010284181e-01 3.591260810195721631e-01 4.223941738734638407e-01 2.078971324533454845e-01 1.058261265361857065e-02 0.000000000000000000e+00
9.600000000000000000e+03 3.839972889811384960e-01 3.612881201638598050e-01 4.250113791533909890e-01 2.006144742831133254e-01 1.308602639963586667e-02 0.000000000000000000e+00
9.650000000000000000e+03 3.859972748612485738e-01 3.606053709604005730e-01 4.311561219845243542e-01 1.951524806554392477e-01 1.308602639963586667e-02 0.000000000000000000e+00
9.700000000000000000e+03 3.879972607413586516e-01 3.532089212562585234e-01 4.428766499772416876e-01 1.924214838416021811e-01 1.149294492489758707e-02 0.000000000000000000e+00
9.750000000000000000e+03 3.899972466214687294e-01 3.487710514337733492e-01 4.528903049613108855e-01 1.873008648156577194e-01 1.103777878925807886e-02 0.000000000000000000e+00
9.800000000000000000e+03 3.919972325015788073e-01 3.421711424670004775e-01 4.618798361401911801e-01 1.852526172052799402e-01 1.069640418752844727e-02 0.000000000000000000e+00
9.850000000000000000e+03 3.939972183816888851e-01 3.405780609922621771e-01 4.618798361401911801e-01 1.842284934000910368e-01 1.331360946745562164e-02 0.000000000000000000e+00
9.900000000000000000e+03 3.959972042617989629e-01 3.383022303140646447e-01 4.668866636322257513e-01 1.828629949931725174e-01 1.194811106053709528e-02 0.000000000000000000e+00
9.950000000000000000e+03 3.979971901419092628e-01 3.376194811106053573e-01 4.659763313609467383e-01 1.835457441966317771e-01 1.285844333181611343e-02 0.000000000000000000e+00
1.000000000000000000e+04 3.999971760220193406e-01 3.401228948566226706e-01 4.647246244879381094e-01 1.847974510696404060e-01 1.035502958579881741e-02 0.000000000000000000e+00
1.005000000000000000e+04 4.019971619021294185e-01 3.321574874829312796e-01 4.720072826581702130e-01 1.830905780609922706e-01 1.274465179790623508e-02 0.000000000000000000e+00
1.010000000000000000e+04 4.039971477822394963e-01 3.248748293126991205e-01 4.809968138370505075e-01 1.787664997724169313e-01 1.536185707783340945e-02 0.000000000000000000e+00
1.015000000000000000e+04 4.059971336623495741e-01 3.319299044151114986e-01 4.782658170232134687e-01 1.774010013654984119e-01 1.240327719617660522e-02 0.000000000000000000e+00
1.020000000000000000e+04 4.079971195424596520e-01 3.276058261265361593e-01 4.769003186162949492e-01 1.808147473827947105e-01 1.467910787437414627e-02 0.000000000000000000e+00
1.025000000000000000e+04 4.099971054225697298e-01 3.142922166590805810e-01 4.833864360491579304e-01 1.931042330450614408e-01 9.217114246700046018e-03 0.000000000000000000e+00
1.030000000000000000e+04 4.119970913026798076e-01 3.208921256258534527e-01 4.802002730996813851e-01 1.892353208921256358e-01 9.672280382339554228e-03 0.000000000000000000e+00
1.035000000000000000e+04 4.139970771827898854e-01 3.175921711424670169e-01 4.780382339553937432e-01 1.935593991807009473e-01 1.081019572143832562e-02 0.000000000000000000e+00
1.040000000000000000e+04 4.159970630628999633e-01 3.213472917614929592e-01 4.831588529813382049e-01 1.854802002730996935e-01 1.001365498406918582e-02 0.000000000000000000e+00
1.045000000000000000e+04 4.179970489430100411e-01 3.133818843878015681e-01 4.971552116522530707e-01 1.812699135184342170e-01 8.192990441511151245e-03 0.000000000000000000e+00
1.050000000000000000e+04 4.199970348231201189e-01 3.058716431497496835e-01 5.043240782885752838e-01 1.804733727810650945e-01 9.330905780609922637e-03 0.000000000000000000e+00
1.055000000000000000e+04 4.219970207032304188e-01 3.030268548020027541e-01 5.095584888484296915e-01 1.764906690942193990e-01 1.092398725534820224e-02 0.000000000000000000e+00
1.060000000000000000e+04 4.239970065833404966e-01 3.051888939462903960e-01 5.104688211197087044e-01 1.760355029585798925e-01 8.306781975421027864e-03 0.000000000000000000e+00
1.065000000000000000e+04 4.259969924634505745e-01 3.034820209376422606e-01 5.084205735093308975e-01 1.781975421028675344e-01 9.899863450159307465e-03 0.000000000000000000e+00
1.070000000000000000e+04 4.279969783435606523e-01 2.988165680473373054e-01 5.098998634501593630e-01 1.802457897132453413e-01 1.103777878925807886e-02 0.000000000000000000e+00
1.075000000000000000e+04 4.299969642236707301e-01 2.975648611743286209e-01 5.112653618570778269e-01 1.828629949931725174e-01 8.306781975421027864e-03 0.000000000000000000e+00
1.080000000000000000e+04 4.319969501037808080e-01 2.942649066909421851e-01 5.160446062812926726e-01 1.822940373236231204e-01 7.396449704142011444e-03 0.000000000000000000e+00
1.085000000000000000e+04 4.339969359838908858e-01 2.829995448338643582e-01 5.289030496131087444e-01 1.794492489758761911e-01 8.648156577150659455e-03 0.000000000000000000e+00
1.090000000000000000e+04 4.359969218640009636e-01 2.818616294947655643e-01 5.326581702321346867e-01 1.759217114246700020e-01 9.558488848429677609e-03 0.000000000000000000e+00
1.095000000000000000e+04 4.379969077441110414e-01 2.862994993172507940e-01 5.337960855712334807e-01 1.715976331360946627e-01 8.306781975421027864e-03 0.000000000000000000e+00
1.100000000000000000e+04 4.399968936242211193e-01 2.786754665452890189e-01 5.408511606736459143e-01 1.698907601274465273e-01 1.058261265361857065e-02 0.000000000000000000e+00
1.105000000000000000e+04 4.419968795043311971e-01 2.850477924442421651e-01 5.385753299954483264e-01 1.660218479745106945e-01 1.035502958579881741e-02 0.000000000000000000e+00
1.110000000000000000e+04 4.439968653844412749e-01 2.831133363677742487e-01 5.394856622667273394e-01 1.678425125170687204e-01 9.558488848429677609e-03 0.000000000000000000e+00
1.115000000000000000e+04 4.459968512645515748e-01 2.785616750113791285e-01 5.425580336822940497e-01 1.672735548475193512e-01 1.160673645880746542e-02 0.000000000000000000e+00
1.120000000000000000e+04 4.479968371446616526e-01 2.743513882567136797e-01 5.502958579881657153e-01 1.664770141101502010e-01 8.875739644970414427e-03 0.000000000000000000e+00
1.125000000000000000e+04 4.499968230247717305e-01 2.728720983158853253e-01 5.488165680473372499e-01 1.678425125170687204e-01 1.046882111970869403e-02 0.000000000000000000e+00
1.130000000000000000e+04 4.519968089048818083e-01 2.711652253072371344e-01 5.494993172507965928e-01 1.703459262630860338e-01 8.989531178880291046e-03 0.000000000000000000e+00
1.135000000000000000e+04 4.539967947849918861e-01 2.688893946290396020e-01 5.533682294037323146e-01 1.695493855257168836e-01 8.192990441511151245e-03 0.000000000000000000e+00
