# itime ezz other fcc hcp bcc ico
0.000000000000000000e+00 0.000000000000000000e+00 0.000000000000000000e+00 1.000000000000000000e+00 0.000000000000000000e+00 0.000000000000000000e+00 0.000000000000000000e+00
2.500000000000000000e+01 9.999940245319915988e-04 0.000000000000000000e+00 1.000000000000000000e+00 0.000000000000000000e+00 0.000000000000000000e+00 0.000000000000000000e+00
5.000000000000000000e+01 1.999988049063761153e-03 0.000000000000000000e+00 1.000000000000000000e+00 0.000000000000000000e+00 0.000000000000000000e+00 0.000000000000000000e+00
7.500000000000000000e+01 2.999982073595752752e-03 0.000000000000000000e+00 1.000000000000000000e+00 0.000000000000000000e+00 0.000000000000000000e+00 0.000000000000000000e+00
1.000000000000000000e+02 3.999976098127744351e-03 0.000000000000000000e+00 1.000000000000000000e+00 0.000000000000000000e+00 0.000000000000000000e+00 0.000000000000000000e+00
1.250000000000000000e+02 4.999970122659735949e-03 0.000000000000000000e+00 1.000000000000000000e+00 0.000000000000000000e+00 0.000000000000000000e+00 0.000000000000000000e+00
1.500000000000000000e+02 5.999964147191505504e-03 0.000000000000000000e+00 1.000000000000000000e+00 0.000000000000000000e+00 0.000000000000000000e+00 0.000000000000000000e+00
1.750000000000000000e+02 6.999958171723497102e-03 0.000000000000000000e+00 1.000000000000000000e+00 0.000000000000000000e+00 0.000000000000000000e+00 0.000000000000000000e+00
2.000000000000000000e+02 7.999952196255488701e-03 0.000000000000000000e+00 1.000000000000000000e+00 0.000000000000000000e+00 0.000000000000000000e+00 0.000000000000000000e+00
2.250000000000000000e+02 8.999946220787480300e-03 0.000000000000000000e+00 1.000000000000000000e+00 0.000000000000000000e+00 0.000000000000000000e+00 0.000000000000000000e+00
2.500000000000000000e+02 9.999940245319249854e-03 0.000000000000000000e+00 1.000000000000000000e+00 0.000000000000000000e+00 0.000000000000000000e+00 0.000000000000000000e+00
2.750000000000000000e+02 1.099993426985124145e-02 0.000000000000000000e+00 1.000000000000000000e+00 0.000000000000000000e+00 0.000000000000000000e+00 0.000000000000000000e+00
3.000000000000000000e+02 1.199992829438323305e-02 0.000000000000000000e+00 1.000000000000000000e+00 0.000000000000000000e+00 0.000000000000000000e+00 0.000000000000000000e+00
3.250000000000000000e+02 1.299992231891500261e-02 0.000000000000000000e+00 1.000000000000000000e+00 0.000000000000000000e+00 0.000000000000000000e+00 0.000000000000000000e+00
3.500000000000000000e+02 1.399991634344699420e-02 0.000000000000000000e+00 1.000000000000000000e+00 0.000000000000000000e+00 0.000000000000000000e+00 0.000000000000000000e+00
3.750000000000000000e+02 1.499991036797898580e-02 0.000000000000000000e+00 1.000000000000000000e+00 0.000000000000000000e+00 0.000000000000000000e+00 0.000000000000000000e+00
4.000000000000000000e+02 1.599990439251097740e-02 0.000000000000000000e+00 1.000000000000000000e+00 0.000000000000000000e+00 0.000000000000000000e+00 0.000000000000000000e+00
4.250000000000000000e+02 1.699989841704274696e-02 0.000000000000000000e+00 1.000000000000000000e+00 0.000000000000000000e+00 0.000000000000000000e+00 0.000000000000000000e+00
4.500000000000000000e+02 1.799989244157473856e-02 0.000000000000000000e+00 1.000000000000000000e+00 0.000000000000000000e+00 0.000000000000000000e+00 0.000000000000000000e+00
4.750000000000000000e+02 1.899988646610673015e-02 0.000000000000000000e+00 1.000000000000000000e+00 0.000000000000000000e+00 0.000000000000000000e+00 0.000000000000000000e+00
5.000000000000000000e+02 1.999988049063872175e-02 0.000000000000000000e+00 1.000000000000000000e+00 0.000000000000000000e+00 0.000000000000000000e+00 0.000000000000000000e+00
5.250000000000000000e+02 2.099987451517049131e-02 0.000000000000000000e+00 1.000000000000000000e+00 0.000000000000000000e+00 0.000000000000000000e+00 0.000000000000000000e+00
5.500000000000000000e+02 2.199986853970248291e-02 0.000000000000000000e+00 1.000000000000000000e+00 0.000000000000000000e+00 0.000000000000000000e+00 0.000000000000000000e+00
5.750000000000000000e+02 2.299986256423447450e-02 0.000000000000000000e+00 1.000000000000000000e+00 0.000000000000000000e+00 0.000000000000000000e+00 0.000000000000000000e+00
6.000000000000000000e+02 2.399985658876646610e-02 0.000000000000000000e+00 1.000000000000000000e+00 0.000000000000000000e+00 0.000000000000000000e+00 0.000000000000000000e+00
6.250000000000000000e+02 2.499985061329823566e-02 0.000000000000000000e+00 1.000000000000000000e+00 0.000000000000000000e+00 0.000000000000000000e+00 0.000000000000000000e+00
6.500000000000000000e+02 2.599984463783022726e-02 0.000000000000000000e+00 1.000000000000000000e+00 0.000000000000000000e+00 0.000000000000000000e+00 0.000000000000000000e+00
6.750000000000000000e+02 2.699983866236221886e-02 0.000000000000000000e+00 1.000000000000000000e+00 0.000000000000000000e+00 0.000000000000000000e+00 0.000000000000000000e+00
7.000000000000000000e+02 2.799983268689398841e-02 0.000000000000000000e+00 1.000000000000000000e+00 0.000000000000000000e+00 0.000000000000000000e+00 0.000000000000000000e+00
7.250000000000000000e+02 2.899982671142598001e-02 0.000000000000000000e+00 1.000000000000000000e+00 0.000000000000000000e+00 0.000000000000000000e+00 0.000000000000000000e+00
7.500000000000000000e+02 2.999982073595797161e-02 0.000000000000000000e+00 1.000000000000000000e+00 0.000000000000000000e+00 0.000000000000000000e+00 0.000000000000000000e+00
7.750000000000000000e+02 3.099981476048996321e-02 0.000000000000000000e+00 1.000000000000000000e+00 0.000000000000000000e+00 0.000000000000000000e+00 0.000000000000000000e+00
8.000000000000000000e+02 3.199980878502173276e-02 0.000000000000000000e+00 1.000000000000000000e+00 0.000000000000000000e+00 0.000000000000000000e+00 0.000000000000000000e+00
8.250000000000000000e+02 3.299980280955372436e-02 0.000000000000000000e+00 1.000000000000000000e+00 0.000000000000000000e+00 0.000000000000000000e+00 0.000000000000000000e+00
8.500000000000000000e+02 3.399979683408571596e-02 0.000000000000000000e+00 1.000000000000000000e+00 0.000000000000000000e+00 0.000000000000000000e+00 0.000000000000000000e+00
8.750000000000000000e+02 3.499979085861770756e-02 0.000000000000000000e+00 1.000000000000000000e+00 0.000000000000000000e+00 0.000000000000000000e+00 0.000000000000000000e+00
9.000000000000000000e+02 3.599978488314947711e-02 0.000000000000000000e+00 1.000000000000000000e+00 0.000000000000000000e+00 0.000000000000000000e+00 0.000000000000000000e+00
9.250000000000000000e+02 3.699977890768146871e-02 0.000000000000000000e+00 1.000000000000000000e+00 0.000000000000000000e+00 0.000000000000000000e+00 0.000000000000000000e+00
9.500000000000000000e+02 3.799977293221346031e-02 0.000000000000000000e+00 1.000000000000000000e+00 0.000000000000000000e+00 0.000000000000000000e+00 0.000000000000000000e+00
9.750000000000000000e+02 3.899976695674522986e-02 0.000000000000000000e+00 1.000000000000000000e+00 0.000000000000000000e+00 0.000000000000000000e+00 0.000000000000000000e+00
1.000000000000000000e+03 3.999976098127722146e-02 0.000000000000000000e+00 1.000000000000000000e+00 0.000000000000000000e+00 0.000000000000000000e+00 0.000000000000000000e+00
1.025000000000000000e+03 4.099975500580921306e-02 0.000000000000000000e+00 1.000000000000000000e+00 0.000000000000000000e+00 0.000000000000000000e+00 0.000000000000000000e+00
1.050000000000000000e+03 4.199974903034120466e-02 0.000000000000000000e+00 1.000000000000000000e+00 0.000000000000000000e+00 0.000000000000000000e+00 0.000000000000000000e+00
1.075000000000000000e+03 4.299974305487297421e-02 0.000000000000000000e+00 1.000000000000000000e+00 0.000000000000000000e+00 0.000000000000000000e+00 0.000000000000000000e+00
1.100000000000000000e+03 4.399973707940496581e-02 0.000000000000000000e+00 1.000000000000000000e+00 0.000000000000000000e+00 0.000000000000000000e+00 0.000000000000000000e+00
1.125000000000000000e+03 4.499973110393695741e-02 0.000000000000000000e+00 1.000000000000000000e+00 0.000000000000000000e+00 0.000000000000000000e+00 0.000000000000000000e+00
1.150000000000000000e+03 4.599972512846894901e-02 0.000000000000000000e+00 1.000000000000000000e+00 0.000000000000000000e+00 0.000000000000000000e+00 0.000000000000000000e+00
1.175000000000000000e+03 4.699971915300071856e-02 0.000000000000000000e+00 1.000000000000000000e+00 0.000000000000000000e+00 0.000000000000000000e+00 0.000000000000000000e+00
1.200000000000000000e+03 4.799971317753271016e-02 0.000000000000000000e+00 1.000000000000000000e+00 0.000000000000000000e+00 0.000000000000000000e+00 0.000000000000000000e+00
1.225000000000000000e+03 4.899970720206470176e-02 0.000000000000000000e+00 1.000000000000000000e+00 0.000000000000000000e+00 0.000000000000000000e+00 0.000000000000000000e+00
1.250000000000000000e+03 4.999970122659647132e-02 0.000000000000000000e+00 1.000000000000000000e+00 0.000000000000000000e+00 0.000000000000000000e+00 0.000000000000000000e+00
1.275000000000000000e+03 5.099969525112846291e-02 0.000000000000000000e+00 1.000000000000000000e+00 0.000000000000000000e+00 0.000000000000000000e+00 0.000000000000000000e+00
1.300000000000000000e+03 5.199968927566045451e-02 0.000000000000000000e+00 1.000000000000000000e+00 0.000000000000000000e+00 0.000000000000000000e+00 0.000000000000000000e+00
1.325000000000000000e+03 5.299968330019244611e-02 0.000000000000000000e+00 1.000000000000000000e+00 0.000000000000000000e+00 0.000000000000000000e+00 0.000000000000000000e+00
1.350000000000000000e+03 5.399967732472421567e-02 0.000000000000000000e+00 1.000000000000000000e+00 0.000000000000000000e+00 0.000000000000000000e+00 0.000000000000000000e+00
1.375000000000000000e+03 5.499967134925620726e-02 0.000000000000000000e+00 1.000000000000000000e+00 0.000000000000000000e+00 0.000000000000000000e+00 0.000000000000000000e+00
1.400000000000000000e+03 5.599966537378819886e-02 0.000000000000000000e+00 1.000000000000000000e+00 0.000000000000000000e+00 0.000000000000000000e+00 0.000000000000000000e+00
1.425000000000000000e+03 5.699965939832019046e-02 0.000000000000000000e+00 1.000000000000000000e+00 0.000000000000000000e+00 0.000000000000000000e+00 0.000000000000000000e+00
1.450000000000000000e+03 5.799965342285196002e-02 0.000000000000000000e+00 1.000000000000000000e+00 0.000000000000000000e+00 0.000000000000000000e+00 0.000000000000000000e+00
1.475000000000000000e+03 5.899964744738395162e-02 0.000000000000000000e+00 1.000000000000000000e+00 0.000000000000000000e+00 0.000000000000000000e+00 0.000000000000000000e+00
1.500000000000000000e+03 5.999964147191594321e-02 0.000000000000000000e+00 1.000000000000000000e+00 0.000000000000000000e+00 0.000000000000000000e+00 0.000000000000000000e+00
1.525000000000000000e+03 6.099963549644771277e-02 0.000000000000000000e+00 1.000000000000000000e+00 0.000000000000000000e+00 0.000000000000000000e+00 0.000000000000000000e+00
1.550000000000000000e+03 6.199962952097970437e-02 0.000000000000000000e+00 1.000000000000000000e+00 0.000000000000000000e+00 0.000000000000000000e+00 0.000000000000000000e+00
1.575000000000000000e+03 6.299962354551169597e-02 0.000000000000000000e+00 1.000000000000000000e+00 0.000000000000000000e+00 0.000000000000000000e+00 0.000000000000000000e+00
1.600000000000000000e+03 6.399961757004368756e-02 0.000000000000000000e+00 1.000000000000000000e+00 0.000000000000000000e+00 0.000000000000000000e+00 0.000000000000000000e+00
1.625000000000000000e+03 6.499961159457545712e-02 0.000000000000000000e+00 1.000000000000000000e+00 0.000000000000000000e+00 0.000000000000000000e+00 0.000000000000000000e+00
1.650000000000000000e+03 6.599960561910744872e-02 0.000000000000000000e+00 1.000000000000000000e+00 0.000000000000000000e+00 0.000000000000000000e+00 0.000000000000000000e+00
1.675000000000000000e+03 6.699959964363944032e-02 0.000000000000000000e+00 1.000000000000000000e+00 0.000000000000000000e+00 0.000000000000000000e+00 0.000000000000000000e+00
1.700000000000000000e+03 6.799959366817143191e-02 0.000000000000000000e+00 1.000000000000000000e+00 0.000000000000000000e+00 0.000000000000000000e+00 0.000000000000000000e+00
1.725000000000000000e+03 6.899958769270320147e-02 2.275830678197542133e-04 9.997724169321802190e-01 0.000000000000000000e+00 0.000000000000000000e+00 0.000000000000000000e+00
1.750000000000000000e+03 6.999958171723519307e-02 0.000000000000000000e+00 1.000000000000000000e+00 0.000000000000000000e+00 0.000000000000000000e+00 0.000000000000000000e+00
1.775000000000000000e+03 7.099957574176718467e-02 0.000000000000000000e+00 1.000000000000000000e+00 0.000000000000000000e+00 0.000000000000000000e+00 0.000000000000000000e+00
1.800000000000000000e+03 7.199956976629917627e-02 0.000000000000000000e+00 1.000000000000000000e+00 0.000000000000000000e+00 0.000000000000000000e+00 0.000000000000000000e+00
1.825000000000000000e+03 7.299956379083094582e-02 3.413746017296313199e-04 9.996586253982703285e-01 0.000000000000000000e+00 0.000000000000000000e+00 0.000000000000000000e+00
1.850000000000000000e+03 7.399955781536293742e-02 1.137915339098771066e-04 9.998862084660901095e-01 0.000000000000000000e+00 0.000000000000000000e+00 0.000000000000000000e+00
1.875000000000000000e+03 7.499955183989492902e-02 3.413746017296313199e-04 9.996586253982703285e-01 0.000000000000000000e+00 0.000000000000000000e+00 0.000000000000000000e+00
1.900000000000000000e+03 7.599954586442669857e-02 0.000000000000000000e+00 1.000000000000000000e+00 0.000000000000000000e+00 0.000000000000000000e+00 0.000000000000000000e+00
1.925000000000000000e+03 7.699953988895869017e-02 2.275830678197542133e-04 9.997724169321802190e-01 0.000000000000000000e+00 0.000000000000000000e+00 0.000000000000000000e+00
1.950000000000000000e+03 7.799953391349068177e-02 4.551661356395084266e-04 9.995448338643604380e-01 0.000000000000000000e+00 0.000000000000000000e+00 0.000000000000000000e+00
1.975000000000000000e+03 7.899952793802267337e-02 6.827492034592626399e-04 9.993172507965407680e-01 0.000000000000000000e+00 0.000000000000000000e+00 0.000000000000000000e+00
2.000000000000000000e+03 7.999952196255444292e-02 0.000000000000000000e+00 1.000000000000000000e+00 0.000000000000000000e+00 0.000000000000000000e+00 0.000000000000000000e+00
2.025000000000000000e+03 8.099951598708643452e-02 0.000000000000000000e+00 1.000000000000000000e+00 0.000000000000000000e+00 0.000000000000000000e+00 0.000000000000000000e+00
2.050000000000000000e+03 8.199951001161842612e-02 0.000000000000000000e+00 1.000000000000000000e+00 0.000000000000000000e+00 0.000000000000000000e+00 0.000000000000000000e+00
2.075000000000000000e+03 8.299950403615041772e-02 1.137915339098771066e-04 9.998862084660901095e-01 0.000000000000000000e+00 0.000000000000000000e+00 0.000000000000000000e+00
2.100000000000000000e+03 8.399949806068218727e-02 1.137915339098770958e-03 9.988620846609012061e-01 0.000000000000000000e+00 0.000000000000000000e+00 0.000000000000000000e+00
2.125000000000000000e+03 8.499949208521417887e-02 1.365498406918525280e-03 9.986345015930814251e-01 0.000000000000000000e+00 0.000000000000000000e+00 0.000000000000000000e+00
2.150000000000000000e+03 8.599948610974617047e-02 7.965407373691396923e-04 9.992034592626308775e-01 0.000000000000000000e+00 0.000000000000000000e+00 0.000000000000000000e+00
2.175000000000000000e+03 8.699948013427794002e-02 1.137915339098770958e-03 9.988620846609012061e-01 0.000000000000000000e+00 0.000000000000000000e+00 0.000000000000000000e+00
2.200000000000000000e+03 8.799947415880993162e-02 0.000000000000000000e+00 1.000000000000000000e+00 0.000000000000000000e+00 0.000000000000000000e+00 0.000000000000000000e+00
2.225000000000000000e+03 8.899946818334192322e-02 5.689576695493854790e-04 9.994310423304506585e-01 0.000000000000000000e+00 0.000000000000000000e+00 0.000000000000000000e+00
2.250000000000000000e+03 8.999946220787391482e-02 4.551661356395084266e-04 9.995448338643604380e-01 0.000000000000000000e+00 0.000000000000000000e+00 0.000000000000000000e+00
2.275000000000000000e+03 9.099945623240568437e-02 2.275830678197542133e-04 9.997724169321802190e-01 0.000000000000000000e+00 0.000000000000000000e+00 0.000000000000000000e+00
2.300000000000000000e+03 9.199945025693767597e-02 1.934456076467910759e-03 9.979517523896221931e-01 0.000000000000000000e+00 1.137915339098771066e-04 0.000000000000000000e+00
2.325000000000000000e+03 9.299944428146966757e-02 9.103322712790168532e-04 9.990896677287209870e-01 0.000000000000000000e+00 0.000000000000000000e+00 0.000000000000000000e+00
2.350000000000000000e+03 9.399943830600165917e-02 2.048247610377787811e-03 9.977241693218024121e-01 0.000000000000000000e+00 2.275830678197542133e-04 0.000000000000000000e+00
2.375000000000000000e+03 9.499943233053342873e-02 1.934456076467910759e-03 9.980655439235320836e-01 0.000000000000000000e+00 0.000000000000000000e+00 0.000000000000000000e+00
2.400000000000000000e+03 9.599942635506542032e-02 2.162039144287664864e-03 9.977241693218024121e-01 0.000000000000000000e+00 1.137915339098771066e-04 0.000000000000000000e+00
2.425000000000000000e+03 9.699942037959741192e-02 2.844788347746927612e-03 9.970414201183431802e-01 0.000000000000000000e+00 1.137915339098771066e-04 0.000000000000000000e+00
2.450000000000000000e+03 9.799941440412918148e-02 2.275830678197541916e-03 9.976103777878926326e-01 0.000000000000000000e+00 1.137915339098771066e-04 0.000000000000000000e+00
2.475000000000000000e+03 9.899940842866117308e-02 9.103322712790168532e-04 9.990896677287209870e-01 0.000000000000000000e+00 0.000000000000000000e+00 0.000000000000000000e+00
2.500000000000000000e+03 9.999940245319316467e-02 1.593081474738279385e-03 9.984069185252617551e-01 0.000000000000000000e+00 0.000000000000000000e+00 0.000000000000000000e+00
2.525000000000000000e+03 1.009993964777251563e-01 2.503413746017296455e-03 9.974965862539827421e-01 0.000000000000000000e+00 0.000000000000000000e+00 0.000000000000000000e+00
2.550000000000000000e+03 1.019993905022569258e-01 2.958579881656804664e-03 9.970414201183431802e-01 0.000000000000000000e+00 0.000000000000000000e+00 0.000000000000000000e+00
2.575000000000000000e+03 1.029993845267889174e-01 2.730996813837050560e-03 9.972690031861629611e-01 0.000000000000000000e+00 0.000000000000000000e+00 0.000000000000000000e+00
2.600000000000000000e+03 1.039993785513209090e-01 3.527537551206190360e-03 9.961310878470641672e-01 0.000000000000000000e+00 3.413746017296313199e-04 0.000000000000000000e+00
2.625000000000000000e+03 1.049993725758529006e-01 4.437869822485207214e-03 9.954483386436049352e-01 0.000000000000000000e+00 1.137915339098771066e-04 0.000000000000000000e+00
2.650000000000000000e+03 1.059993666003846702e-01 5.348202093764223633e-03 9.943104233045061413e-01 0.000000000000000000e+00 3.413746017296313199e-04 0.000000000000000000e+00
2.675000000000000000e+03 1.069993606249166618e-01 7.055075102412380721e-03 9.921483841602184439e-01 0.000000000000000000e+00 7.965407373691396923e-04 0.000000000000000000e+00
2.700000000000000000e+03 1.079993546494486534e-01 5.348202093764223633e-03 9.943104233045061413e-01 0.000000000000000000e+00 3.413746017296313199e-04 0.000000000000000000e+00
2.725000000000000000e+03 1.089993486739804229e-01 6.258534365043240920e-03 9.932862994993172379e-01 0.000000000000000000e+00 4.551661356395084266e-04 0.000000000000000000e+00
2.750000000000000000e+03 1.099993426985124145e-01 7.168866636322257339e-03 9.922621756941283344e-01 0.000000000000000000e+00 5.689576695493854790e-04 0.000000000000000000e+00
2.775000000000000000e+03 1.109993367230444061e-01 8.079198907601274626e-03 9.907828857532999800e-01 0.000000000000000000e+00 1.137915339098770958e-03 0.000000000000000000e+00
2.800000000000000000e+03 1.119993307475763977e-01 1.217569412835685025e-02 9.873691397360035982e-01 0.000000000000000000e+00 4.551661356395084266e-04 0.000000000000000000e+00
2.825000000000000000e+03 1.129993247721081673e-01 1.251706873008648184e-02 9.858898497951752438e-01 0.000000000000000000e+00 1.593081474738279385e-03 0.000000000000000000e+00
2.850000000000000000e+03 1.139993187966401589e-01 2.002730996813837164e-02 9.781520254893035782e-01 0.000000000000000000e+00 1.820664542558033706e-03 0.000000000000000000e+00
2.875000000000000000e+03 1.149993128211721505e-01 1.376877560309512985e-02 9.845243513882566688e-01 0.000000000000000000e+00 1.706873008648156654e-03 0.000000000000000000e+00
2.900000000000000000e+03 1.159993068457041421e-01 2.981338188438780248e-02 9.671142467000455323e-01 0.000000000000000000e+00 3.072371415566681717e-03 0.000000000000000000e+00
2.925000000000000000e+03 1.169993008702359116e-01 3.004096495220755572e-02 9.643832498862084934e-01 0.000000000000000000e+00 5.575785161583977738e-03 0.000000000000000000e+00
2.950000000000000000e+03 1.179992948947679032e-01 4.312699135184342586e-02 9.439007737824305355e-01 0.000000000000000000e+00 1.297223486572599005e-02 0.000000000000000000e+00
2.975000000000000000e+03 1.189992889192998948e-01 7.555757851615839404e-02 8.917842512517069054e-01 0.000000000000000000e+00 3.265817023213472836e-02 0.000000000000000000e+00
3.000000000000000000e+03 1.199992829438318864e-01 9.774692762858443185e-02 8.279472007282657753e-01 0.000000000000000000e+00 7.430587164314975124e-02 0.000000000000000000e+00
3.025000000000000000e+03 1.209992769683636560e-01 1.561219845243513871e-01 6.795630405097861093e-01 0.000000000000000000e+00 1.643149749658625314e-01 0.000000000000000000e+00
3.050000000000000000e+03 1.219992709928956476e-01 2.370277651342740100e-01 4.673418297678652578e-01 1.137915339098771066e-04 2.955166135639508695e-01 0.000000000000000000e+00
3.075000000000000000e+03 1.229992650174276392e-01 3.041647701411014926e-01 2.877787892580792040e-01 6.827492034592626399e-04 4.073736913973600160e-01 0.000000000000000000e+00
3.100000000000000000e+03 1.239992590419594087e-01 3.502503413746017036e-01 1.750113791533909890e-01 9.103322712790168532e-04 4.738279472007282389e-01 0.000000000000000000e+00
3.125000000000000000e+03 1.249992530664914003e-01 3.661811561219845412e-01 1.479289940828402428e-01 2.048247610377787811e-03 4.838416021847974369e-01 0.000000000000000000e+00
3.150000000000000000e+03 1.259992470910233919e-01 3.521847974510696200e-01 1.714838416021848000e-01 2.162039144287664864e-03 4.741693218024579104e-01 0.000000000000000000e+00
3.175000000000000000e+03 1.269992411155553835e-01 3.459262630860264198e-01 2.005006827492034627e-01 2.617205279927173507e-03 4.509558488848429691e-01 0.000000000000000000e+00
3.200000000000000000e+03 1.279992351400871531e-01 3.452435138825671324e-01 2.094902139280837572e-01 3.413746017296313308e-03 4.418525261720527841e-01 0.000000000000000000e+00
3.225000000000000000e+03 1.289992291646191447e-01 3.606053709604005730e-01 1.965179790623577671e-01 8.534365043240782836e-03 4.343422849340008995e-01 0.000000000000000000e+00
3.250000000000000000e+03 1.299992231891511363e-01 3.459262630860264198e-01 1.997041420118343125e-01 2.014110150204824826e-02 4.342284934000910090e-01 0.000000000000000000e+00
3.275000000000000000e+03 1.309992172136831279e-01 3.339781520254893055e-01 2.072143832498861971e-01 3.959945380063722986e-02 4.192080109239872399e-01 0.000000000000000000e+00
3.300000000000000000e+03 1.319992112382148974e-01 3.342057350933090309e-01 1.982248520710059303e-01 5.416477014110149951e-02 4.134046426945835462e-01 0.000000000000000000e+00
3.325000000000000000e+03 1.329992052627468890e-01 3.454710969503869133e-01 1.942421483841602070e-01 5.860263996358670846e-02 4.016841147018661573e-01 0.000000000000000000e+00
3.350000000000000000e+03 1.339991992872788806e-01 3.469503868912152678e-01 2.043695949021392677e-01 6.304050978607191047e-02 3.856395084205734847e-01 0.000000000000000000e+00
3.375000000000000000e+03 1.349991933118106502e-01 3.526399635867091265e-01 2.045971779699590487e-01 7.760582612653618706e-02 3.651570323167956378e-01 0.000000000000000000e+00
3.400000000000000000e+03 1.359991873363426418e-01 3.578743741465634787e-01 2.024351388256713791e-01 8.602639963586708460e-02 3.536640873918980299e-01 0.000000000000000000e+00
3.425000000000000000e+03 1.369991813608746334e-01 3.530951297223486329e-01 2.090350477924442507e-01 1.002503413746017313e-01 3.376194811106053573e-01 0.000000000000000000e+00
3.450000000000000000e+03 1.379991753854066250e-01 3.461538461538461453e-01 2.216659080564405970e-01 1.104915794264906687e-01 3.216886663632225751e-01 0.000000000000000000e+00
3.475000000000000000e+03 1.389991694099383945e-01 3.510468821119708815e-01 2.308830223031406448e-01 1.206190259444697294e-01 2.974510696404187304e-01 0.000000000000000000e+00
3.500000000000000000e+03 1.399991634344703861e-01 3.627674101046882149e-01 2.421483841602184717e-01 1.330223031406463363e-01 2.620619025944469493e-01 0.000000000000000000e+00
3.525000000000000000e+03 1.409991574590023777e-01 3.661811561219845412e-01 2.494310423304506030e-01 1.387118798361401950e-01 2.456759217114246607e-01 0.000000000000000000e+00
3.550000000000000000e+03 1.419991514835343693e-01 3.780154756486117651e-01 2.555757851615839682e-01 1.472462448793809831e-01 2.191624943104233114e-01 0.000000000000000000e+00
3.575000000000000000e+03 1.429991455080661389e-01 3.750568957669549452e-01 2.659308147473827821e-01 1.475876194811105990e-01 2.114246700045516736e-01 0.000000000000000000e+00
3.600000000000000000e+03 1.439991395325981305e-01 3.908739189804278369e-01 2.658170232134728916e-01 1.525944469731451980e-01 1.907146108329540179e-01 0.000000000000000000e+00
3.625000000000000000e+03 1.449991335571301221e-01 3.810878470641784199e-01 2.835685025034137552e-01 1.605598543468365891e-01 1.747837960855712358e-01 0.000000000000000000e+00
3.650000000000000000e+03 1.459991275816618916e-01 3.881429221665907980e-01 2.855029585798816716e-01 1.621529358215748617e-01 1.642011834319526686e-01 0.000000000000000000e+00
3.675000000000000000e+03 1.469991216061938832e-01 3.880291306326809075e-01 2.844788347746927681e-01 1.681838871187983642e-01 1.593081474738279601e-01 0.000000000000000000e+00
3.700000000000000000e+03 1.479991156307258748e-01 3.903049613108784954e-01 2.890304961310878329e-01 1.704597177969958965e-01 1.502048247610377751e-01 0.000000000000000000e+00
3.725000000000000000e+03 1.489991096552578664e-01 4.053254437869822646e-01 2.907373691397360238e-01 1.743286299499317293e-01 1.296085571233500100e-01 0.000000000000000000e+00
3.750000000000000000e+03 1.499991036797896360e-01 3.984979517523896120e-01 2.944924897587619661e-01 1.789940828402366846e-01 1.280154756486117373e-01 0.000000000000000000e+00
3.775000000000000000e+03 1.509990977043216276e-01 4.003186162949476379e-01 2.989303595812471404e-01 1.775147928994082747e-01 1.232362312243969055e-01 0.000000000000000000e+00
3.800000000000000000e+03 1.519990917288536192e-01 4.080564406008193035e-01 2.977924442421484019e-01 1.778561675011379184e-01 1.162949476558944040e-01 0.000000000000000000e+00
3.825000000000000000e+03 1.529990857533856108e-01 4.062357760582612776e-01 2.958579881656804855e-01 1.800182066454255880e-01 1.178880291306326766e-01 0.000000000000000000e+00
3.850000000000000000e+03 1.539990797779173803e-01 4.074874829312699065e-01 2.907373691397360238e-01 1.842284934000910368e-01 1.175466545289030468e-01 0.000000000000000000e+00
3.875000000000000000e+03 1.549990738024493719e-01 4.060081929904414966e-01 2.938097405553026786e-01 1.796768320436959443e-01 1.205052344105598527e-01 0.000000000000000000e+00
3.900000000000000000e+03 1.559990678269813635e-01 4.008875739644970349e-01 3.009786071916249472e-01 1.862767410104688159e-01 1.118570778334091881e-01 0.000000000000000000e+00
3.925000000000000000e+03 1.569990618515131331e-01 4.101046882111971104e-01 2.973372781065088954e-01 1.837733272644515303e-01 1.087847064178425194e-01 0.000000000000000000e+00
3.950000000000000000e+03 1.579990558760451247e-01 4.101046882111971104e-01 2.968821119708693890e-01 1.859353664087392000e-01 1.070778334091943562e-01 0.000000000000000000e+00
3.975000000000000000e+03 1.589990499005771163e-01 4.129494765589440397e-01 3.010923987255348377e-01 1.844560764679107900e-01 1.015020482476103741e-01 0.000000000000000000e+00
4.000000000000000000e+03 1.599990439251091079e-01 4.137460172963131622e-01 3.041647701411014926e-01 1.834319526627218866e-01 9.865725989986344480e-02 0.000000000000000000e+00
4.025000000000000000e+03 1.609990379496408774e-01 4.102184797451069453e-01 3.043923532089212736e-01 1.829767865270823801e-01 1.024123805188894010e-01 0.000000000000000000e+00
4.050000000000000000e+03 1.619990319741728690e-01 4.149977241693217911e-01 3.059854346836595185e-01 1.850250341374601593e-01 9.399180700955848955e-02 0.000000000000000000e+00
4.075000000000000000e+03 1.629990259987048606e-01 4.127218934911242587e-01 3.043923532089212736e-01 1.915111515703231682e-01 9.137460172963131344e-02 0.000000000000000000e+00
4.100000000000000000e+03 1.639990200232368522e-01 4.168183887118798170e-01 3.030268548020027541e-01 1.885525716886663761e-01 9.160218479745106668e-02 0.000000000000000000e+00
4.125000000000000000e+03 1.649990140477686218e-01 4.178425125170687204e-01 3.029130632680928636e-01 1.846836595357305433e-01 9.456076467910787264e-02 0.000000000000000000e+00
4.150000000000000000e+03 1.659990080723006134e-01 4.223941738734638407e-01 2.999544833864360438e-01 1.852526172052799402e-01 9.239872553482020301e-02 0.000000000000000000e+00
4.175000000000000000e+03 1.669990020968326050e-01 4.231907146108329631e-01 2.994993172507965373e-01 1.835457441966317771e-01 9.376422394173873631e-02 0.000000000000000000e+00
4.200000000000000000e+03 1.679989961213645966e-01 4.170459717796995980e-01 3.039371870732817671e-01 1.874146563495675821e-01 9.160218479745106668e-02 0.000000000000000000e+00
4.225000000000000000e+03 1.689989901458963661e-01 4.156804733727810786e-01 3.004096495220755503e-01 1.911697769685935244e-01 9.274010013654984674e-02 0.000000000000000000e+00
4.250000000000000000e+03 1.699989841704283577e-01 4.211424670004551563e-01 2.944924897587619661e-01 1.899180700955848955e-01 9.444697314519799602e-02 0.000000000000000000e+00
4.275000000000000000e+03 1.709989781949603493e-01 4.173873463814292140e-01 2.944924897587619661e-01 1.929904415111515781e-01 9.512972234865725574e-02 0.000000000000000000e+00
4.300000000000000000e+03 1.719989722194921189e-01 4.268320436959490149e-01 2.921028675466545432e-01 1.921939007737824279e-01 8.887118798361401395e-02 0.000000000000000000e+00
4.325000000000000000e+03 1.729989662440241105e-01 4.305871643149749572e-01 2.928994082840236657e-01 1.908284023668639084e-01 8.568502503413745475e-02 0.000000000000000000e+00
4.350000000000000000e+03 1.739989602685561021e-01 4.342284934000910090e-01 2.850477924442421651e-01 1.870732817478379661e-01 9.365043240782885969e-02 0.000000000000000000e+00
4.375000000000000000e+03 1.749989542930880937e-01 4.427628584433317971e-01 2.844788347746927681e-01 1.843422849340008995e-01 8.841602184797450747e-02 0.000000000000000000e+00
4.400000000000000000e+03 1.759989483176198632e-01 4.391215293582157453e-01 2.828857532999544677e-01 1.917387346381429214e-01 8.625398270368685172e-02 0.000000000000000000e+00
4.425000000000000000e+03 1.769989423421518548e-01 4.452662721893491105e-01 2.840236686390532617e-01 1.943559399180700975e-01 7.635411925352754425e-02 0.000000000000000000e+00
4.450000000000000000e+03 1.779989363666838464e-01 4.403732362312243742e-01 2.859581247155211781e-01 1.990213928083750528e-01 7.464724624487938109e-02 0.000000000000000000e+00
4.475000000000000000e+03 1.789989303912158380e-01 4.433318161128811941e-01 2.822030040964952358e-01 1.961766044606281234e-01 7.828857532999544677e-02 0.000000000000000000e+00
4.500000000000000000e+03 1.799989244157476076e-01 4.475421028675466428e-01 2.827719617660446327e-01 1.931042330450614408e-01 7.658170232134729749e-02 0.000000000000000000e+00
4.525000000000000000e+03 1.809989184402795992e-01 4.436731907146108100e-01 2.877787892580792040e-01 1.948111060537096040e-01 7.373691397360036814e-02 0.000000000000000000e+00
4.550000000000000000e+03 1.819989124648115908e-01 4.451524806554392200e-01 2.833409194355939742e-01 1.915111515703231682e-01 7.999544833864360993e-02 0.000000000000000000e+00
4.575000000000000000e+03 1.829989064893433603e-01 4.486800182066454368e-01 2.828857532999544677e-01 1.928766499772416876e-01 7.555757851615839404e-02 0.000000000000000000e+00
4.600000000000000000e+03 1.839989005138753519e-01 4.486800182066454368e-01 2.820892125625853453e-01 1.936731907146108378e-01 7.555757851615839404e-02 0.000000000000000000e+00
4.625000000000000000e+03 1.849988945384073435e-01 4.523213472917614886e-01 2.793582157487483064e-01 1.909421939007737712e-01 7.737824305871643382e-02 0.000000000000000000e+00
4.650000000000000000e+03 1.859988885629393351e-01 4.518661811561219821e-01 2.796995903504779224e-01 1.945835229858898507e-01 7.385070550751024476e-02 0.000000000000000000e+00
4.675000000000000000e+03 1.869988825874711047e-01 4.507282658170231882e-01 2.789030496131087999e-01 1.965179790623577671e-01 7.385070550751024476e-02 0.000000000000000000e+00
4.700000000000000000e+03 1.879988766120030963e-01 4.509558488848429691e-01 2.783340919435594030e-01 1.962903959945380139e-01 7.441966317705962786e-02 0.000000000000000000e+00
4.725000000000000000e+03 1.889988706365350879e-01 4.510696404187528596e-01 2.794720072826581969e-01 1.948111060537096040e-01 7.464724624487938109e-02 0.000000000000000000e+00
4.750000000000000000e+03 1.899988646610670795e-01 4.516385980883022566e-01 2.786754665452890189e-01 1.940145653163404538e-01 7.567137005006827066e-02 0.000000000000000000e+00
4.775000000000000000e+03 1.909988586855988490e-01 4.556213017751479244e-01 2.796995903504779224e-01 1.939007737824305910e-01 7.077833409194356218e-02 0.000000000000000000e+00
4.800000000000000000e+03 1.919988527101308406e-01 4.607419208010923861e-01 2.775375512061902805e-01 1.929904415111515781e-01 6.873008648156576916e-02 0.000000000000000000e+00
4.825000000000000000e+03 1.929988467346628322e-01 4.550523441055985274e-01 2.784478834774692935e-01 1.940145653163404538e-01 7.248520710059171146e-02 0.000000000000000000e+00
4.850000000000000000e+03 1.939988407591946018e-01 4.623350022758306865e-01 2.712790168411470249e-01 1.928766499772416876e-01 7.350933090578061491e-02 0.000000000000000000e+00
4.875000000000000000e+03 1.949988347837265934e-01 4.608557123350022766e-01 2.745789713245334607e-01 1.907146108329540179e-01 7.385070550751024476e-02 0.000000000000000000e+00
4.900000000000000000e+03 1.959988288082585850e-01 4.608557123350022766e-01 2.776513427401001155e-01 1.901456531634046487e-01 7.134729176149294527e-02 0.000000000000000000e+00
4.925000000000000000e+03 1.969988228327905766e-01 4.574419663177059503e-01 2.816340464269458388e-01 1.900318616294947582e-01 7.089212562585343880e-02 0.000000000000000000e+00
4.950000000000000000e+03 1.979988168573223462e-01 4.601729631315429891e-01 2.792444242148384159e-01 1.921939007737824279e-01 6.838871187983613931e-02 0.000000000000000000e+00
4.975000000000000000e+03 1.989988108818543378e-01 4.637005006827492060e-01 2.743513882567136797e-01 1.954938552571688637e-01 6.645425580336822291e-02 0.000000000000000000e+00
5.000000000000000000e+03 1.999988049063863293e-01 4.572143832498862248e-01 2.728720983158853253e-01 1.985662266727355463e-01 7.134729176149294527e-02 0.000000000000000000e+00
5.025000000000000000e+03 2.009987989309183209e-01 4.647246244879381094e-01 2.719617660446062568e-01 1.954938552571688637e-01 6.781975421028675621e-02 0.000000000000000000e+00
5.050000000000000000e+03 2.019987929554500905e-01 4.609695038689121671e-01 2.751479289940828576e-01 2.002730996813837094e-01 6.360946745562130744e-02 0.000000000000000000e+00
5.075000000000000000e+03 2.029987869799820821e-01 4.676832043695949293e-01 2.717341829767865313e-01 1.950386891215293572e-01 6.554392353208920996e-02 0.000000000000000000e+00
5.100000000000000000e+03 2.039987810045140737e-01 4.683659535730541612e-01 2.670687300864815761e-01 1.993627674101046965e-01 6.520254893035958010e-02 0.000000000000000000e+00
5.125000000000000000e+03 2.049987750290458433e-01 4.698452435138825711e-01 2.679790623577605890e-01 2.033454710969503920e-01 5.883022303140646170e-02 0.000000000000000000e+00
5.150000000000000000e+03 2.059987690535778349e-01 4.779244424214838527e-01 2.596722803823395265e-01 2.001593081474738189e-01 6.224396904870277414e-02 0.000000000000000000e+00
5.175000000000000000e+03 2.069987630781098265e-01 4.769003186162949492e-01 2.601274465179790885e-01 1.985662266727355463e-01 6.440600819299044377e-02 0.000000000000000000e+00
5.200000000000000000e+03 2.079987571026418181e-01 4.819071461083295205e-01 2.629722348657259623e-01 1.998179335457442030e-01 5.530268548020027264e-02 0.000000000000000000e+00
5.225000000000000000e+03 2.089987511271735876e-01 4.738279472007282389e-01 2.682066454255803145e-01 2.033454710969503920e-01 5.461993627674101293e-02 0.000000000000000000e+00
5.250000000000000000e+03 2.099987451517055792e-01 4.732589895311788974e-01 2.676376877560309731e-01 2.043695949021392677e-01 5.473372781065088954e-02 0.000000000000000000e+00
5.275000000000000000e+03 2.109987391762375708e-01 4.713245334547109811e-01 2.686618115612198210e-01 2.014110150204824756e-01 5.860263996358670846e-02 0.000000000000000000e+00
5.300000000000000000e+03 2.119987332007695624e-01 4.787209831588529751e-01 2.686618115612198210e-01 1.976558944014565333e-01 5.496131087847064278e-02 0.000000000000000000e+00
5.325000000000000000e+03 2.129987272253013320e-01 4.807692307692307820e-01 2.708238507055075184e-01 1.968593536640873831e-01 5.154756486117433034e-02 0.000000000000000000e+00
5.350000000000000000e+03 2.139987212498333236e-01 4.808830223031406725e-01 2.696859353664087244e-01 1.964041875284478766e-01 5.302685480200273332e-02 0.000000000000000000e+00
5.375000000000000000e+03 2.149987152743653152e-01 4.790623577605825911e-01 2.680928538916704795e-01 1.995903504779244497e-01 5.325443786982248656e-02 0.000000000000000000e+00
5.400000000000000000e+03 2.159987092988973068e-01 4.814519799726900140e-01 2.694583522985889990e-01 1.982248520710059303e-01 5.086481565771506369e-02 0.000000000000000000e+00
5.425000000000000000e+03 2.169987033234290763e-01 4.742831133363678009e-01 2.745789713245334607e-01 2.002730996813837094e-01 5.086481565771506369e-02 0.000000000000000000e+00
5.450000000000000000e+03 2.179986973479610679e-01 4.743969048702776359e-01 2.763996358670914866e-01 2.025489303595812418e-01 4.665452890304961492e-02 0.000000000000000000e+00
5.475000000000000000e+03 2.189986913724930595e-01 4.770141101502048397e-01 2.769685935366408835e-01 2.007282658170232159e-01 4.528903049613108855e-02 0.000000000000000000e+00
5.500000000000000000e+03 2.199986853970248291e-01 4.754210286754665393e-01 2.789030496131087999e-01 1.991351843422849432e-01 4.654073736913973830e-02 0.000000000000000000e+00
5.525000000000000000e+03 2.209986794215568207e-01 4.634729176149294250e-01 2.845926263086026586e-01 2.082385070550751005e-01 4.358215748748293233e-02 1.137915339098771066e-04
5.550000000000000000e+03 2.219986734460888123e-01 4.710969503868912001e-01 2.803823395539372099e-01 2.082385070550751005e-01 4.028220300409649651e-02 0.000000000000000000e+00
5.575000000000000000e+03 2.229986674706208039e-01 4.742831133363678009e-01 2.782203004096495125e-01 2.052799271734183084e-01 4.221665908056440597e-02 0.000000000000000000e+00
5.600000000000000000e+03 2.239986614951525734e-01 4.651797906235776159e-01 2.815202548930359483e-01 2.076695493855257035e-01 4.563040509786071841e-02 0.000000000000000000e+00
5.625000000000000000e+03 2.249986555196845650e-01 4.658625398270368478e-01 2.809512972234865513e-01 2.099453800637232637e-01 4.324078288575330248e-02 0.000000000000000000e+00
5.650000000000000000e+03 2.259986495442165566e-01 4.658625398270368478e-01 2.790168411470186349e-01 2.139280837505689592e-01 4.119253527537550946e-02 0.000000000000000000e+00
5.675000000000000000e+03 2.269986435687485482e-01 4.680245789713245452e-01 2.786754665452890189e-01 2.140418752844788219e-01 3.925807919890760000e-02 0.000000000000000000e+00
