# itime ezz other fcc hcp bcc ico
0.000000000000000000e+00 0.000000000000000000e+00 0.000000000000000000e+00 1.000000000000000000e+00 0.000000000000000000e+00 0.000000000000000000e+00 0.000000000000000000e+00
2.500000000000000000e+01 9.999735786700991724e-04 0.000000000000000000e+00 1.000000000000000000e+00 0.000000000000000000e+00 0.000000000000000000e+00 0.000000000000000000e+00
5.000000000000000000e+01 1.999947157340420389e-03 0.000000000000000000e+00 1.000000000000000000e+00 0.000000000000000000e+00 0.000000000000000000e+00 0.000000000000000000e+00
7.500000000000000000e+01 2.999920736010519562e-03 0.000000000000000000e+00 1.000000000000000000e+00 0.000000000000000000e+00 0.000000000000000000e+00 0.000000000000000000e+00
1.000000000000000000e+02 3.999894314680840779e-03 0.000000000000000000e+00 1.000000000000000000e+00 0.000000000000000000e+00 0.000000000000000000e+00 0.000000000000000000e+00
1.250000000000000000e+02 4.999867893350939951e-03 0.000000000000000000e+00 1.000000000000000000e+00 0.000000000000000000e+00 0.000000000000000000e+00 0.000000000000000000e+00
1.500000000000000000e+02 5.999841472021261168e-03 0.000000000000000000e+00 1.000000000000000000e+00 0.000000000000000000e+00 0.000000000000000000e+00 0.000000000000000000e+00
1.750000000000000000e+02 6.999815050691360341e-03 0.000000000000000000e+00 1.000000000000000000e+00 0.000000000000000000e+00 0.000000000000000000e+00 0.000000000000000000e+00
2.000000000000000000e+02 7.999788629361459513e-03 0.000000000000000000e+00 1.000000000000000000e+00 0.000000000000000000e+00 0.000000000000000000e+00 0.000000000000000000e+00
2.250000000000000000e+02 8.999762208031780730e-03 0.000000000000000000e+00 1.000000000000000000e+00 0.000000000000000000e+00 0.000000000000000000e+00 0.000000000000000000e+00
2.500000000000000000e+02 9.999735786701879903e-03 0.000000000000000000e+00 1.000000000000000000e+00 0.000000000000000000e+00 0.000000000000000000e+00 0.000000000000000000e+00
2.750000000000000000e+02 1.099970936537220112e-02 0.000000000000000000e+00 1.000000000000000000e+00 0.000000000000000000e+00 0.000000000000000000e+00 0.000000000000000000e+00
3.000000000000000000e+02 1.199968294404230029e-02 0.000000000000000000e+00 1.000000000000000000e+00 0.000000000000000000e+00 0.000000000000000000e+00 0.000000000000000000e+00
3.250000000000000000e+02 1.299965652271239946e-02 0.000000000000000000e+00 1.000000000000000000e+00 0.000000000000000000e+00 0.000000000000000000e+00 0.000000000000000000e+00
3.500000000000000000e+02 1.399963010138272068e-02 0.000000000000000000e+00 1.000000000000000000e+00 0.000000000000000000e+00 0.000000000000000000e+00 0.000000000000000000e+00
3.750000000000000000e+02 1.499960368005281985e-02 0.000000000000000000e+00 1.000000000000000000e+00 0.000000000000000000e+00 0.000000000000000000e+00 0.000000000000000000e+00
4.000000000000000000e+02 1.599957725872314107e-02 0.000000000000000000e+00 1.000000000000000000e+00 0.000000000000000000e+00 0.000000000000000000e+00 0.000000000000000000e+00
4.250000000000000000e+02 1.699955083739324024e-02 0.000000000000000000e+00 1.000000000000000000e+00 0.000000000000000000e+00 0.000000000000000000e+00 0.000000000000000000e+00
4.500000000000000000e+02 1.799952441606356146e-02 0.000000000000000000e+00 1.000000000000000000e+00 0.000000000000000000e+00 0.000000000000000000e+00 0.000000000000000000e+00
4.750000000000000000e+02 1.899949799473366063e-02 0.000000000000000000e+00 1.000000000000000000e+00 0.000000000000000000e+00 0.000000000000000000e+00 0.000000000000000000e+00
5.000000000000000000e+02 1.999947157340375981e-02 0.000000000000000000e+00 1.000000000000000000e+00 0.000000000000000000e+00 0.000000000000000000e+00 0.000000000000000000e+00
5.250000000000000000e+02 2.099944515207408102e-02 0.000000000000000000e+00 1.000000000000000000e+00 0.000000000000000000e+00 0.000000000000000000e+00 0.000000000000000000e+00
5.500000000000000000e+02 2.199941873074418019e-02 0.000000000000000000e+00 1.000000000000000000e+00 0.000000000000000000e+00 0.000000000000000000e+00 0.000000000000000000e+00
5.750000000000000000e+02 2.299939230941450141e-02 0.000000000000000000e+00 1.000000000000000000e+00 0.000000000000000000e+00 0.000000000000000000e+00 0.000000000000000000e+00
6.000000000000000000e+02 2.399936588808460058e-02 0.000000000000000000e+00 1.000000000000000000e+00 0.000000000000000000e+00 0.000000000000000000e+00 0.000000000000000000e+00
6.250000000000000000e+02 2.499933946675469976e-02 0.000000000000000000e+00 1.000000000000000000e+00 0.000000000000000000e+00 0.000000000000000000e+00 0.000000000000000000e+00
6.500000000000000000e+02 2.599931304542502097e-02 0.000000000000000000e+00 1.000000000000000000e+00 0.000000000000000000e+00 0.000000000000000000e+00 0.000000000000000000e+00
6.750000000000000000e+02 2.699928662409512015e-02 0.000000000000000000e+00 1.000000000000000000e+00 0.000000000000000000e+00 0.000000000000000000e+00 0.000000000000000000e+00
7.000000000000000000e+02 2.799926020276544136e-02 0.000000000000000000e+00 1.000000000000000000e+00 0.000000000000000000e+00 0.000000000000000000e+00 0.000000000000000000e+00
7.250000000000000000e+02 2.899923378143554054e-02 0.000000000000000000e+00 1.000000000000000000e+00 0.000000000000000000e+00 0.000000000000000000e+00 0.000000000000000000e+00
7.500000000000000000e+02 2.999920736010586175e-02 0.000000000000000000e+00 1.000000000000000000e+00 0.000000000000000000e+00 0.000000000000000000e+00 0.000000000000000000e+00
7.750000000000000000e+02 3.099918093877596093e-02 0.000000000000000000e+00 1.000000000000000000e+00 0.000000000000000000e+00 0.000000000000000000e+00 0.000000000000000000e+00
8.000000000000000000e+02 3.199915451744606010e-02 0.000000000000000000e+00 1.000000000000000000e+00 0.000000000000000000e+00 0.000000000000000000e+00 0.000000000000000000e+00
8.250000000000000000e+02 3.299912809611638131e-02 0.000000000000000000e+00 1.000000000000000000e+00 0.000000000000000000e+00 0.000000000000000000e+00 0.000000000000000000e+00
8.500000000000000000e+02 3.399910167478648049e-02 0.000000000000000000e+00 1.000000000000000000e+00 0.000000000000000000e+00 0.000000000000000000e+00 0.000000000000000000e+00
8.750000000000000000e+02 3.499907525345680170e-02 0.000000000000000000e+00 1.000000000000000000e+00 0.000000000000000000e+00 0.000000000000000000e+00 0.000000000000000000e+00
9.000000000000000000e+02 3.599904883212690088e-02 0.000000000000000000e+00 1.000000000000000000e+00 0.000000000000000000e+00 0.000000000000000000e+00 0.000000000000000000e+00
9.250000000000000000e+02 3.699902241079700005e-02 0.000000000000000000e+00 1.000000000000000000e+00 0.000000000000000000e+00 0.000000000000000000e+00 0.000000000000000000e+00
9.500000000000000000e+02 3.799899598946732127e-02 0.000000000000000000e+00 1.000000000000000000e+00 0.000000000000000000e+00 0.000000000000000000e+00 0.000000000000000000e+00
9.750000000000000000e+02 3.899896956813742044e-02 0.000000000000000000e+00 1.000000000000000000e+00 0.000000000000000000e+00 0.000000000000000000e+00 0.000000000000000000e+00
1.000000000000000000e+03 3.999894314680774166e-02 0.000000000000000000e+00 1.000000000000000000e+00 0.000000000000000000e+00 0.000000000000000000e+00 0.000000000000000000e+00
1.025000000000000000e+03 4.099891672547784083e-02 0.000000000000000000e+00 1.000000000000000000e+00 0.000000000000000000e+00 0.000000000000000000e+00 0.000000000000000000e+00
1.050000000000000000e+03 4.199889030414816204e-02 0.000000000000000000e+00 1.000000000000000000e+00 0.000000000000000000e+00 0.000000000000000000e+00 0.000000000000000000e+00
1.075000000000000000e+03 4.299886388281826122e-02 0.000000000000000000e+00 1.000000000000000000e+00 0.000000000000000000e+00 0.000000000000000000e+00 0.000000000000000000e+00
1.100000000000000000e+03 4.399883746148836039e-02 0.000000000000000000e+00 1.000000000000000000e+00 0.000000000000000000e+00 0.000000000000000000e+00 0.000000000000000000e+00
1.125000000000000000e+03 4.499881104015868161e-02 0.000000000000000000e+00 1.000000000000000000e+00 0.000000000000000000e+00 0.000000000000000000e+00 0.000000000000000000e+00
1.150000000000000000e+03 4.599878461882878078e-02 0.000000000000000000e+00 1.000000000000000000e+00 0.000000000000000000e+00 0.000000000000000000e+00 0.000000000000000000e+00
1.175000000000000000e+03 4.699875819749910200e-02 0.000000000000000000e+00 1.000000000000000000e+00 0.000000000000000000e+00 0.000000000000000000e+00 0.000000000000000000e+00
1.200000000000000000e+03 4.799873177616920117e-02 0.000000000000000000e+00 1.000000000000000000e+00 0.000000000000000000e+00 0.000000000000000000e+00 0.000000000000000000e+00
1.225000000000000000e+03 4.899870535483952239e-02 0.000000000000000000e+00 1.000000000000000000e+00 0.000000000000000000e+00 0.000000000000000000e+00 0.000000000000000000e+00
1.250000000000000000e+03 4.999867893350962156e-02 0.000000000000000000e+00 1.000000000000000000e+00 0.000000000000000000e+00 0.000000000000000000e+00 0.000000000000000000e+00
1.275000000000000000e+03 5.099865251217972073e-02 0.000000000000000000e+00 1.000000000000000000e+00 0.000000000000000000e+00 0.000000000000000000e+00 0.000000000000000000e+00
1.300000000000000000e+03 5.199862609085004195e-02 0.000000000000000000e+00 1.000000000000000000e+00 0.000000000000000000e+00 0.000000000000000000e+00 0.000000000000000000e+00
1.325000000000000000e+03 5.299859966952014112e-02 0.000000000000000000e+00 1.000000000000000000e+00 0.000000000000000000e+00 0.000000000000000000e+00 0.000000000000000000e+00
1.350000000000000000e+03 5.399857324819046234e-02 0.000000000000000000e+00 1.000000000000000000e+00 0.000000000000000000e+00 0.000000000000000000e+00 0.000000000000000000e+00
1.375000000000000000e+03 5.499854682686056151e-02 0.000000000000000000e+00 1.000000000000000000e+00 0.000000000000000000e+00 0.000000000000000000e+00 0.000000000000000000e+00
1.400000000000000000e+03 5.599852040553066068e-02 0.000000000000000000e+00 1.000000000000000000e+00 0.000000000000000000e+00 0.000000000000000000e+00 0.000000000000000000e+00
1.425000000000000000e+03 5.699849398420098190e-02 0.000000000000000000e+00 1.000000000000000000e+00 0.000000000000000000e+00 0.000000000000000000e+00 0.000000000000000000e+00
1.450000000000000000e+03 5.799846756287108107e-02 0.000000000000000000e+00 1.000000000000000000e+00 0.000000000000000000e+00 0.000000000000000000e+00 0.000000000000000000e+00
1.475000000000000000e+03 5.899844114154140229e-02 1.137915339098771066e-04 9.998862084660901095e-01 0.000000000000000000e+00 0.000000000000000000e+00 0.000000000000000000e+00
1.500000000000000000e+03 5.999841472021150146e-02 0.000000000000000000e+00 1.000000000000000000e+00 0.000000000000000000e+00 0.000000000000000000e+00 0.000000000000000000e+00
1.525000000000000000e+03 6.099838829888182268e-02 1.137915339098771066e-04 9.997724169321802190e-01 0.000000000000000000e+00 1.137915339098771066e-04 0.000000000000000000e+00
1.550000000000000000e+03 6.199836187755192185e-02 0.000000000000000000e+00 1.000000000000000000e+00 0.000000000000000000e+00 0.000000000000000000e+00 0.000000000000000000e+00
1.575000000000000000e+03 6.299833545622202102e-02 0.000000000000000000e+00 1.000000000000000000e+00 0.000000000000000000e+00 0.000000000000000000e+00 0.000000000000000000e+00
1.600000000000000000e+03 6.399830903489234224e-02 0.000000000000000000e+00 1.000000000000000000e+00 0.000000000000000000e+00 0.000000000000000000e+00 0.000000000000000000e+00
1.625000000000000000e+03 6.499828261356244141e-02 2.275830678197542133e-04 9.997724169321802190e-01 0.000000000000000000e+00 0.000000000000000000e+00 0.000000000000000000e+00
1.650000000000000000e+03 6.599825619223276263e-02 0.000000000000000000e+00 1.000000000000000000e+00 0.000000000000000000e+00 0.000000000000000000e+00 0.000000000000000000e+00
1.675000000000000000e+03 6.699822977090286180e-02 0.000000000000000000e+00 1.000000000000000000e+00 0.000000000000000000e+00 0.000000000000000000e+00 0.000000000000000000e+00
1.700000000000000000e+03 6.799820334957296097e-02 0.000000000000000000e+00 1.000000000000000000e+00 0.000000000000000000e+00 0.000000000000000000e+00 0.000000000000000000e+00
1.725000000000000000e+03 6.899817692824328219e-02 0.000000000000000000e+00 1.000000000000000000e+00 0.000000000000000000e+00 0.000000000000000000e+00 0.000000000000000000e+00
1.750000000000000000e+03 6.999815050691338136e-02 0.000000000000000000e+00 1.000000000000000000e+00 0.000000000000000000e+00 0.000000000000000000e+00 0.000000000000000000e+00
1.775000000000000000e+03 7.099812408558370258e-02 0.000000000000000000e+00 1.000000000000000000e+00 0.000000000000000000e+00 0.000000000000000000e+00 0.000000000000000000e+00
1.800000000000000000e+03 7.199809766425380175e-02 0.000000000000000000e+00 1.000000000000000000e+00 0.000000000000000000e+00 0.000000000000000000e+00 0.000000000000000000e+00
1.825000000000000000e+03 7.299807124292412297e-02 3.413746017296313199e-04 9.996586253982703285e-01 0.000000000000000000e+00 0.000000000000000000e+00 0.000000000000000000e+00
1.850000000000000000e+03 7.399804482159422214e-02 1.137915339098771066e-04 9.998862084660901095e-01 0.000000000000000000e+00 0.000000000000000000e+00 0.000000000000000000e+00
1.875000000000000000e+03 7.499801840026432131e-02 0.000000000000000000e+00 1.000000000000000000e+00 0.000000000000000000e+00 0.000000000000000000e+00 0.000000000000000000e+00
1.900000000000000000e+03 7.599799197893464253e-02 1.137915339098771066e-04 9.998862084660901095e-01 0.000000000000000000e+00 0.000000000000000000e+00 0.000000000000000000e+00
1.925000000000000000e+03 7.699796555760474170e-02 0.000000000000000000e+00 1.000000000000000000e+00 0.000000000000000000e+00 0.000000000000000000e+00 0.000000000000000000e+00
1.950000000000000000e+03 7.799793913627506292e-02 1.137915339098771066e-04 9.998862084660901095e-01 0.000000000000000000e+00 0.000000000000000000e+00 0.000000000000000000e+00
1.975000000000000000e+03 7.899791271494516209e-02 0.000000000000000000e+00 1.000000000000000000e+00 0.000000000000000000e+00 0.000000000000000000e+00 0.000000000000000000e+00
2.000000000000000000e+03 7.999788629361548331e-02 0.000000000000000000e+00 1.000000000000000000e+00 0.000000000000000000e+00 0.000000000000000000e+00 0.000000000000000000e+00
2.025000000000000000e+03 8.099785987228558248e-02 1.137915339098771066e-04 9.998862084660901095e-01 0.000000000000000000e+00 0.000000000000000000e+00 0.000000000000000000e+00
2.050000000000000000e+03 8.199783345095568166e-02 2.275830678197542133e-04 9.997724169321802190e-01 0.000000000000000000e+00 0.000000000000000000e+00 0.000000000000000000e+00
2.075000000000000000e+03 8.299780702962600287e-02 0.000000000000000000e+00 1.000000000000000000e+00 0.000000000000000000e+00 0.000000000000000000e+00 0.000000000000000000e+00
2.100000000000000000e+03 8.399778060829610205e-02 0.000000000000000000e+00 1.000000000000000000e+00 0.000000000000000000e+00 0.000000000000000000e+00 0.000000000000000000e+00
2.125000000000000000e+03 8.499775418696642326e-02 7.965407373691396923e-04 9.992034592626308775e-01 0.000000000000000000e+00 0.000000000000000000e+00 0.000000000000000000e+00
2.150000000000000000e+03 8.599772776563652243e-02 6.827492034592626399e-04 9.993172507965407680e-01 0.000000000000000000e+00 0.000000000000000000e+00 0.000000000000000000e+00
2.175000000000000000e+03 8.699770134430662161e-02 1.137915339098771066e-04 9.998862084660901095e-01 0.000000000000000000e+00 0.000000000000000000e+00 0.000000000000000000e+00
2.200000000000000000e+03 8.799767492297694282e-02 5.689576695493854790e-04 9.994310423304506585e-01 0.000000000000000000e+00 0.000000000000000000e+00 0.000000000000000000e+00
2.225000000000000000e+03 8.899764850164704200e-02 5.689576695493854790e-04 9.994310423304506585e-01 0.000000000000000000e+00 0.000000000000000000e+00 0.000000000000000000e+00
2.250000000000000000e+03 8.999762208031736321e-02 6.827492034592626399e-04 9.993172507965407680e-01 0.000000000000000000e+00 0.000000000000000000e+00 0.000000000000000000e+00
2.275000000000000000e+03 9.099759565898746239e-02 3.413746017296313199e-04 9.996586253982703285e-01 0.000000000000000000e+00 0.000000000000000000e+00 0.000000000000000000e+00
2.300000000000000000e+03 9.199756923765778360e-02 5.689576695493854790e-04 9.992034592626308775e-01 0.000000000000000000e+00 2.275830678197542133e-04 0.000000000000000000e+00
2.325000000000000000e+03 9.299754281632788278e-02 9.103322712790168532e-04 9.990896677287209870e-01 0.000000000000000000e+00 0.000000000000000000e+00 0.000000000000000000e+00
2.350000000000000000e+03 9.399751639499798195e-02 1.593081474738279385e-03 9.984069185252617551e-01 0.000000000000000000e+00 0.000000000000000000e+00 0.000000000000000000e+00
2.375000000000000000e+03 9.499748997366830316e-02 7.965407373691396923e-04 9.992034592626308775e-01 0.000000000000000000e+00 0.000000000000000000e+00 0.000000000000000000e+00
2.400000000000000000e+03 9.599746355233840234e-02 9.103322712790168532e-04 9.990896677287209870e-01 0.000000000000000000e+00 0.000000000000000000e+00 0.000000000000000000e+00
2.425000000000000000e+03 9.699743713100872355e-02 1.820664542558033706e-03 9.980655439235320836e-01 0.000000000000000000e+00 1.137915339098771066e-04 0.000000000000000000e+00
2.450000000000000000e+03 9.799741070967882273e-02 1.479289940828402332e-03 9.984069185252617551e-01 0.000000000000000000e+00 1.137915339098771066e-04 0.000000000000000000e+00
2.475000000000000000e+03 9.899738428834892190e-02 2.730996813837050560e-03 9.969276285844332897e-01 0.000000000000000000e+00 3.413746017296313199e-04 0.000000000000000000e+00
2.500000000000000000e+03 9.999735786701924312e-02 1.934456076467910759e-03 9.979517523896221931e-01 0.000000000000000000e+00 1.137915339098771066e-04 0.000000000000000000e+00
2.525000000000000000e+03 1.009973314456893423e-01 2.389622212107419402e-03 9.974965862539827421e-01 0.000000000000000000e+00 1.137915339098771066e-04 0.000000000000000000e+00
2.550000000000000000e+03 1.019973050243596635e-01 2.844788347746927612e-03 9.969276285844332897e-01 0.000000000000000000e+00 2.275830678197542133e-04 0.000000000000000000e+00
2.575000000000000000e+03 1.029972786030297627e-01 3.982703686845699004e-03 9.959035047792443862e-01 0.000000000000000000e+00 1.137915339098771066e-04 0.000000000000000000e+00
2.600000000000000000e+03 1.039972521817000839e-01 6.372325898953117539e-03 9.935138825671370189e-01 0.000000000000000000e+00 1.137915339098771066e-04 0.000000000000000000e+00
2.625000000000000000e+03 1.049972257603701831e-01 2.730996813837050560e-03 9.969276285844332897e-01 0.000000000000000000e+00 3.413746017296313199e-04 0.000000000000000000e+00
2.650000000000000000e+03 1.059971993390402822e-01 3.527537551206190360e-03 9.961310878470641672e-01 0.000000000000000000e+00 3.413746017296313199e-04 0.000000000000000000e+00
2.675000000000000000e+03 1.069971729177106035e-01 4.551661356395083832e-03 9.953345471096950448e-01 0.000000000000000000e+00 1.137915339098771066e-04 0.000000000000000000e+00
2.700000000000000000e+03 1.079971464963807026e-01 5.461993627674101119e-03 9.944242148384160318e-01 0.000000000000000000e+00 1.137915339098771066e-04 0.000000000000000000e+00
2.725000000000000000e+03 1.089971200750510238e-01 4.551661356395083832e-03 9.952207555757851543e-01 0.000000000000000000e+00 2.275830678197542133e-04 0.000000000000000000e+00
2.750000000000000000e+03 1.099970936537211230e-01 9.786071916249430847e-03 9.898725534820209671e-01 0.000000000000000000e+00 3.413746017296313199e-04 0.000000000000000000e+00
2.775000000000000000e+03 1.109970672323912222e-01 9.444697314519799256e-03 9.897587619481110766e-01 0.000000000000000000e+00 7.965407373691396923e-04 0.000000000000000000e+00
2.800000000000000000e+03 1.119970408110615434e-01 8.534365043240782836e-03 9.905553026854801990e-01 0.000000000000000000e+00 9.103322712790168532e-04 0.000000000000000000e+00
2.825000000000000000e+03 1.129970143897316426e-01 7.624032771961766417e-03 9.920345926263085534e-01 0.000000000000000000e+00 3.413746017296313199e-04 0.000000000000000000e+00
2.850000000000000000e+03 1.139969879684019638e-01 1.422394173873463806e-02 9.855484751934455723e-01 0.000000000000000000e+00 2.275830678197542133e-04 0.000000000000000000e+00
2.875000000000000000e+03 1.149969615470720630e-01 9.672280382339554228e-03 9.895311788802912956e-01 0.000000000000000000e+00 7.965407373691396923e-04 0.000000000000000000e+00
2.900000000000000000e+03 1.159969351257423842e-01 1.877560309512972189e-02 9.796313154301320436e-01 0.000000000000000000e+00 1.593081474738279385e-03 0.000000000000000000e+00
2.925000000000000000e+03 1.169969087044124834e-01 1.775147928994082885e-02 9.802002730996813851e-01 0.000000000000000000e+00 2.048247610377787811e-03 0.000000000000000000e+00
2.950000000000000000e+03 1.179968822830825825e-01 2.787892580791988956e-02 9.689349112426035582e-01 0.000000000000000000e+00 3.186162949476558769e-03 0.000000000000000000e+00
2.975000000000000000e+03 1.189968558617529037e-01 3.925807919890760000e-02 9.519799726900318726e-01 0.000000000000000000e+00 8.761948111060537808e-03 0.000000000000000000e+00
3.000000000000000000e+03 1.199968294404230029e-01 6.326809285389166371e-02 9.145425580336823401e-01 0.000000000000000000e+00 2.218934911242603433e-02 0.000000000000000000e+00
3.025000000000000000e+03 1.209968030190933241e-01 1.035502958579881672e-01 8.261265361857077494e-01 0.000000000000000000e+00 7.032316795630405570e-02 0.000000000000000000e+00
3.050000000000000000e+03 1.219967765977634233e-01 1.645425580336822846e-01 6.428083750568958088e-01 0.000000000000000000e+00 1.926490669094219343e-01 0.000000000000000000e+00
3.075000000000000000e+03 1.229967501764337445e-01 2.481793354574419741e-01 4.126081019572143682e-01 0.000000000000000000e+00 3.392125625853436577e-01 0.000000000000000000e+00
3.100000000000000000e+03 1.239967237551038437e-01 3.453573054164770229e-01 2.144970414201183562e-01 3.413746017296313199e-04 4.398042785616750328e-01 0.000000000000000000e+00
3.125000000000000000e+03 1.249966973337739429e-01 3.865498406918525531e-01 1.190259444697314567e-01 1.137915339098771066e-04 4.943104233045061413e-01 0.000000000000000000e+00
3.150000000000000000e+03 1.259966709124442641e-01 3.765361857077833552e-01 1.108329540282202985e-01 2.275830678197542133e-04 5.124032771961766208e-01 0.000000000000000000e+00
3.175000000000000000e+03 1.269966444911143633e-01 3.631087847064178309e-01 1.201638598088302229e-01 0.000000000000000000e+00 5.167273554847519046e-01 0.000000000000000000e+00
3.200000000000000000e+03 1.279966180697846845e-01 3.684569868001820736e-01 1.397360036413290985e-01 2.275830678197542133e-04 4.915794264906691025e-01 0.000000000000000000e+00
3.225000000000000000e+03 1.289965916484547837e-01 3.987255348202093930e-01 1.484979517523896120e-01 1.137915339098771066e-04 4.526627218934911046e-01 0.000000000000000000e+00
3.250000000000000000e+03 1.299965652271248828e-01 4.065771506599908935e-01 1.457669549385525731e-01 3.413746017296313199e-04 4.473145197997269173e-01 0.000000000000000000e+00
3.275000000000000000e+03 1.309965388057952040e-01 4.071461083295402905e-01 1.370050068274920319e-01 6.827492034592626399e-04 4.551661356395084179e-01 0.000000000000000000e+00
3.300000000000000000e+03 1.319965123844653032e-01 3.977014110150204895e-01 1.203914428766499761e-01 3.072371415566681717e-03 4.788347746927628656e-01 0.000000000000000000e+00
3.325000000000000000e+03 1.329964859631356244e-01 3.643604915794265153e-01 1.137915339098771045e-01 7.510241238051888930e-03 5.143377332726445372e-01 0.000000000000000000e+00
3.350000000000000000e+03 1.339964595418057236e-01 3.764223941738734647e-01 9.251251706873007963e-02 1.251706873008648184e-02 5.185480200273099305e-01 0.000000000000000000e+00
3.375000000000000000e+03 1.349964331204760448e-01 3.999772416932180219e-01 7.874374146563495325e-02 1.945835229858898507e-02 5.018206645425580259e-01 0.000000000000000000e+00
3.400000000000000000e+03 1.359964066991461440e-01 4.023668639053254448e-01 8.329540282203004575e-02 3.868912152935821691e-02 4.756486117432863203e-01 0.000000000000000000e+00
3.425000000000000000e+03 1.369963802778162432e-01 4.153390987710514071e-01 9.569868001820663883e-02 5.735093309057805872e-02 4.316112881201638607e-01 0.000000000000000000e+00
3.450000000000000000e+03 1.379963538564865644e-01 4.264906690942193990e-01 1.133363677742375980e-01 8.761948111060537114e-02 3.725534820209376319e-01 0.000000000000000000e+00
3.475000000000000000e+03 1.389963274351566636e-01 4.431042330450614686e-01 1.290395994538006408e-01 1.235776058261265353e-01 3.042785616750113831e-01 0.000000000000000000e+00
3.500000000000000000e+03 1.399963010138269848e-01 4.502730996813836817e-01 1.441738734638143005e-01 1.596495220755575761e-01 2.459035047792444140e-01 0.000000000000000000e+00
3.525000000000000000e+03 1.409962745924970839e-01 4.604005461993627701e-01 1.508875739644970349e-01 1.809285389167046010e-01 2.077833409194355940e-01 0.000000000000000000e+00
3.550000000000000000e+03 1.419962481711671831e-01 4.591488393263541412e-01 1.605598543468365891e-01 1.916249431042330587e-01 1.886663632225762388e-01 0.000000000000000000e+00
3.575000000000000000e+03 1.429962217498375043e-01 4.761037778789258268e-01 1.555530268548019901e-01 1.935593991807009473e-01 1.747837960855712358e-01 0.000000000000000000e+00
3.600000000000000000e+03 1.439961953285076035e-01 4.755348202093764298e-01 1.629494765589440120e-01 1.973145197997268896e-01 1.642011834319526686e-01 0.000000000000000000e+00
3.625000000000000000e+03 1.449961689071779247e-01 4.802002730996813851e-01 1.710286754665452935e-01 1.986800182066454368e-01 1.500910332271279124e-01 0.000000000000000000e+00
3.650000000000000000e+03 1.459961424858480239e-01 4.837278106508875464e-01 1.776285844333181652e-01 2.092626308602640040e-01 1.293809740555302568e-01 0.000000000000000000e+00
3.675000000000000000e+03 1.469961160645183451e-01 4.866863905325443662e-01 1.853664087391898030e-01 2.159763313609467383e-01 1.119708693673190647e-01 0.000000000000000000e+00
3.700000000000000000e+03 1.479960896431884443e-01 4.773554847519344557e-01 1.974283113336367801e-01 2.179107874374146547e-01 1.073054164770141095e-01 0.000000000000000000e+00
3.725000000000000000e+03 1.489960632218585435e-01 4.798588984979517691e-01 2.164314974965862448e-01 2.164314974965862448e-01 8.727810650887574129e-02 0.000000000000000000e+00
3.750000000000000000e+03 1.499960368005288647e-01 4.649522075557578349e-01 2.332726445152480677e-01 2.236003641329085134e-01 7.817478379608557015e-02 0.000000000000000000e+00
3.775000000000000000e+03 1.509960103791989638e-01 4.716659080564405970e-01 2.385070550751024199e-01 2.223486572598998567e-01 6.747837960855712636e-02 0.000000000000000000e+00
3.800000000000000000e+03 1.519959839578692851e-01 4.664314974965862448e-01 2.485207100591715901e-01 2.264451524806554428e-01 5.860263996358670846e-02 0.000000000000000000e+00
3.825000000000000000e+03 1.529959575365393842e-01 4.615384615384615641e-01 2.552344105598543522e-01 2.274692762858443462e-01 5.575785161583977911e-02 0.000000000000000000e+00
3.850000000000000000e+03 1.539959311152097055e-01 4.464041875284479044e-01 2.654756486117432757e-01 2.280382339553937154e-01 6.008192990441511144e-02 0.000000000000000000e+00
3.875000000000000000e+03 1.549959046938798046e-01 4.417387346381429492e-01 2.702548930359581214e-01 2.274692762858443462e-01 6.053709604005461792e-02 0.000000000000000000e+00
3.900000000000000000e+03 1.559958782725499038e-01 4.347974510696404060e-01 2.795857988165680319e-01 2.284934000910332219e-01 5.712335002275830548e-02 0.000000000000000000e+00
3.925000000000000000e+03 1.569958518512202250e-01 4.301319981793354508e-01 2.825443786982248517e-01 2.297451069640418786e-01 5.757851615839781195e-02 0.000000000000000000e+00
3.950000000000000000e+03 1.579958254298903242e-01 4.193218024578971304e-01 2.914201183431952558e-01 2.307692307692307820e-01 5.848884842967683184e-02 0.000000000000000000e+00
3.975000000000000000e+03 1.589957990085606454e-01 4.121529358215748617e-01 2.956304050978607045e-01 2.361174328629949970e-01 5.609922621756941591e-02 0.000000000000000000e+00
4.000000000000000000e+03 1.599957725872307446e-01 4.106736458807464518e-01 2.977924442421484019e-01 2.290623577605826189e-01 6.247155211652252738e-02 0.000000000000000000e+00
4.025000000000000000e+03 1.609957461659008437e-01 4.082840236686390289e-01 3.032544378698224796e-01 2.350933090578060936e-01 5.336822940373236318e-02 0.000000000000000000e+00
4.050000000000000000e+03 1.619957197445711650e-01 3.987255348202093930e-01 3.145197997269003065e-01 2.315657715065999045e-01 5.518889394629039602e-02 0.000000000000000000e+00
4.075000000000000000e+03 1.629956933232412641e-01 3.953117888029130667e-01 3.232817478379608755e-01 2.300864815657714946e-01 5.131998179335457710e-02 0.000000000000000000e+00
4.100000000000000000e+03 1.639956669019115854e-01 3.937187073281747662e-01 3.297678652708238567e-01 2.315657715065999045e-01 4.494765589440145870e-02 0.000000000000000000e+00
4.125000000000000000e+03 1.649956404805816845e-01 3.890532544378698110e-01 3.293126991351843502e-01 2.322485207100591642e-01 4.938552571688666071e-02 0.000000000000000000e+00
4.150000000000000000e+03 1.659956140592520057e-01 3.817705962676377074e-01 3.353436504324078249e-01 2.352071005917159841e-01 4.756486117432862787e-02 1.137915339098771066e-04
4.175000000000000000e+03 1.669955876379221049e-01 3.776741010468820936e-01 3.401228948566226706e-01 2.455621301775147980e-01 3.664087391898043083e-02 0.000000000000000000e+00
4.200000000000000000e+03 1.679955612165922041e-01 3.755120619025944517e-01 3.437642239417387224e-01 2.459035047792444140e-01 3.482020937642239106e-02 0.000000000000000000e+00
4.225000000000000000e+03 1.689955347952625253e-01 3.588984979517523821e-01 3.469503868912152678e-01 2.521620391442876419e-01 4.198907601274465273e-02 0.000000000000000000e+00
4.250000000000000000e+03 1.699955083739326245e-01 3.600364132908511761e-01 3.486572598998634587e-01 2.515930814747383004e-01 3.959945380063722986e-02 1.137915339098771066e-04
4.275000000000000000e+03 1.709954819526029457e-01 3.578743741465634787e-01 3.475193445607646647e-01 2.544378698224852298e-01 4.016841147018661989e-02 0.000000000000000000e+00
4.300000000000000000e+03 1.719954555312730449e-01 3.555985434683659463e-01 3.475193445607646647e-01 2.628584433318161273e-01 3.402366863905325473e-02 0.000000000000000000e+00
4.325000000000000000e+03 1.729954291099431440e-01 3.549157942649067143e-01 3.454710969503869133e-01 2.618343195266272239e-01 3.766499772416932040e-02 1.137915339098771066e-04
4.350000000000000000e+03 1.739954026886134653e-01 3.561675011379153433e-01 3.461538461538461453e-01 2.609239872553482109e-01 3.675466545289030745e-02 0.000000000000000000e+00
4.375000000000000000e+03 1.749953762672835644e-01 3.554847519344560558e-01 3.489986345015930747e-01 2.521620391442876419e-01 4.335457441966317910e-02 0.000000000000000000e+00
4.400000000000000000e+03 1.759953498459538856e-01 3.558261265361857273e-01 3.485434683659535682e-01 2.489758761948110966e-01 4.665452890304961492e-02 0.000000000000000000e+00
4.425000000000000000e+03 1.769953234246239848e-01 3.548020027309968238e-01 3.512744651797906070e-01 2.492034592626308498e-01 4.472007282658170546e-02 0.000000000000000000e+00
4.450000000000000000e+03 1.779952970032943060e-01 3.542330450614474269e-01 3.530951297223486329e-01 2.464724624487938109e-01 4.619936276741010150e-02 0.000000000000000000e+00
4.475000000000000000e+03 1.789952705819644052e-01 3.574192080109239722e-01 3.571916249431042467e-01 2.406690942193900895e-01 4.472007282658170546e-02 0.000000000000000000e+00
4.500000000000000000e+03 1.799952441606345044e-01 3.634501593081474469e-01 3.593536640873918886e-01 2.325898953117888079e-01 4.460628129267182190e-02 0.000000000000000000e+00
4.525000000000000000e+03 1.809952177393048256e-01 3.576467910787437532e-01 3.643604915794265153e-01 2.358898497951752438e-01 4.210286754665452935e-02 0.000000000000000000e+00
4.550000000000000000e+03 1.819951913179749248e-01 3.579881656804733692e-01 3.667501137915338827e-01 2.306554392353208915e-01 4.460628129267182190e-02 0.000000000000000000e+00
4.575000000000000000e+03 1.829951648966452460e-01 3.563950842057350687e-01 3.660673645880746507e-01 2.399863450159308020e-01 3.755120619025944378e-02 0.000000000000000000e+00
4.600000000000000000e+03 1.839951384753153452e-01 3.612881201638598050e-01 3.666363222576240477e-01 2.365725989986345035e-01 3.550295857988165771e-02 0.000000000000000000e+00
4.625000000000000000e+03 1.849951120539854443e-01 3.599226217569412856e-01 3.682294037323622926e-01 2.325898953117888079e-01 3.925807919890760000e-02 0.000000000000000000e+00
4.650000000000000000e+03 1.859950856326557656e-01 3.629949931725079404e-01 3.723258989531179064e-01 2.330450614474283144e-01 3.163404642694583185e-02 0.000000000000000000e+00
4.675000000000000000e+03 1.869950592113258647e-01 3.559399180700955623e-01 3.757396449704141772e-01 2.344105598543468338e-01 3.390987710514337811e-02 0.000000000000000000e+00
4.700000000000000000e+03 1.879950327899961859e-01 3.587847064178424916e-01 3.747155211652253293e-01 2.309968138370505353e-01 3.550295857988165771e-02 0.000000000000000000e+00
4.725000000000000000e+03 1.889950063686662851e-01 3.540054619936277014e-01 3.786982248520709970e-01 2.245106964041875264e-01 4.278561675011378906e-02 0.000000000000000000e+00
4.750000000000000000e+03 1.899949799473366063e-01 3.617432862994993115e-01 3.800637232589895165e-01 2.192762858443331742e-01 3.891670459717797015e-02 0.000000000000000000e+00
4.775000000000000000e+03 1.909949535260067055e-01 3.544606281292672079e-01 3.807464724624488039e-01 2.190487027765134209e-01 4.574419663177059503e-02 0.000000000000000000e+00
4.800000000000000000e+03 1.919949271046768047e-01 3.574192080109239722e-01 3.871187983614018946e-01 2.170004551661356418e-01 3.846153846153846367e-02 0.000000000000000000e+00
4.825000000000000000e+03 1.929949006833471259e-01 3.563950842057350687e-01 3.914428766499772339e-01 2.148384160218479721e-01 3.732362312243969055e-02 0.000000000000000000e+00
4.850000000000000000e+03 1.939948742620172251e-01 3.602639963586709015e-01 3.873463814292216756e-01 2.122212107419207960e-01 4.016841147018661989e-02 0.000000000000000000e+00
4.875000000000000000e+03 1.949948478406875463e-01 3.560537096040054528e-01 3.864360491579426626e-01 2.182521620391442985e-01 3.925807919890760000e-02 0.000000000000000000e+00
4.900000000000000000e+03 1.959948214193576455e-01 3.665225307237141572e-01 3.850705507510241432e-01 2.133591260810195622e-01 3.504779244424215123e-02 0.000000000000000000e+00
4.925000000000000000e+03 1.969947949980279667e-01 3.614019116977696955e-01 3.870050068274920596e-01 2.118798361401911801e-01 3.971324533454710648e-02 0.000000000000000000e+00
4.950000000000000000e+03 1.979947685766980658e-01 3.641329085116067343e-01 3.901911697769686049e-01 2.096040054619936199e-01 3.607191624943104080e-02 0.000000000000000000e+00
4.975000000000000000e+03 1.989947421553681650e-01 3.548020027309968238e-01 3.970186618115612021e-01 2.076695493855257035e-01 4.050978607191624975e-02 0.000000000000000000e+00
5.000000000000000000e+03 1.999947157340384862e-01 3.528675466545289074e-01 4.022530723714155543e-01 2.059626763768775681e-01 3.891670459717797015e-02 0.000000000000000000e+00
5.025000000000000000e+03 2.009946893127085854e-01 3.431952662721893255e-01 4.069185252617205095e-01 2.091488393263541135e-01 4.073736913973600299e-02 0.000000000000000000e+00
5.050000000000000000e+03 2.019946628913789066e-01 3.406918525261720676e-01 4.095357305416477134e-01 2.085798816568047442e-01 4.119253527537550946e-02 0.000000000000000000e+00
5.075000000000000000e+03 2.029946364700490058e-01 3.400091033227127801e-01 4.098771051433773294e-01 2.048247610377788019e-01 4.528903049613108855e-02 0.000000000000000000e+00
5.100000000000000000e+03 2.039946100487191050e-01 3.454710969503869133e-01 4.049840691852525931e-01 2.049385525716886647e-01 4.460628129267182190e-02 0.000000000000000000e+00
5.125000000000000000e+03 2.049945836273894262e-01 3.460400546199362548e-01 4.061219845243513871e-01 2.015248065543923661e-01 4.631315430131998506e-02 0.000000000000000000e+00
5.150000000000000000e+03 2.059945572060595254e-01 3.454710969503869133e-01 4.088529813381884259e-01 2.023213472917614886e-01 4.335457441966317910e-02 0.000000000000000000e+00
5.175000000000000000e+03 2.069945307847298466e-01 3.479745106964041712e-01 4.156804733727810786e-01 2.019799726900318726e-01 3.436504324078288458e-02 0.000000000000000000e+00
5.200000000000000000e+03 2.079945043633999457e-01 3.483158852981338427e-01 4.180700955848885014e-01 1.959490213928083702e-01 3.766499772416932040e-02 0.000000000000000000e+00
5.225000000000000000e+03 2.089944779420702670e-01 3.450159308147474069e-01 4.162494310423304755e-01 1.953800637232590010e-01 4.335457441966317910e-02 0.000000000000000000e+00
5.250000000000000000e+03 2.099944515207403661e-01 3.540054619936277014e-01 4.152253072371415721e-01 1.916249431042330587e-01 3.914428766499772339e-02 0.000000000000000000e+00
5.275000000000000000e+03 2.109944250994104653e-01 3.491124260355029651e-01 4.157942649066909691e-01 1.951524806554392477e-01 3.994082840236686666e-02 0.000000000000000000e+00
5.300000000000000000e+03 2.119943986780807865e-01 3.433090578060992160e-01 4.211424670004551563e-01 1.945835229858898507e-01 4.096495220755575623e-02 0.000000000000000000e+00
5.325000000000000000e+03 2.129943722567508857e-01 3.462676376877560358e-01 4.214838416021847722e-01 1.950386891215293572e-01 3.720983158852981393e-02 0.000000000000000000e+00
5.350000000000000000e+03 2.139943458354212069e-01 3.459262630860264198e-01 4.235320892125625791e-01 1.932180245789713313e-01 3.732362312243969055e-02 0.000000000000000000e+00
5.375000000000000000e+03 2.149943194140913061e-01 3.411470186618115741e-01 4.295630405097860538e-01 1.929904415111515781e-01 3.629949931725079404e-02 0.000000000000000000e+00
5.400000000000000000e+03 2.159942929927614053e-01 3.431952662721893255e-01 4.284251251706873154e-01 1.936731907146108378e-01 3.470641784251251444e-02 0.000000000000000000e+00
5.425000000000000000e+03 2.169942665714317265e-01 3.411470186618115741e-01 4.319526627218934767e-01 1.954938552571688637e-01 3.140646335912607862e-02 0.000000000000000000e+00
5.450000000000000000e+03 2.179942401501018256e-01 3.420573509330905870e-01 4.274010013654984119e-01 1.953800637232590010e-01 3.516158397815202785e-02 0.000000000000000000e+00
5.475000000000000000e+03 2.189942137287721469e-01 3.376194811106053573e-01 4.294492489758762188e-01 1.976558944014565333e-01 3.527537551206190447e-02 0.000000000000000000e+00
5.500000000000000000e+03 2.199941873074422460e-01 3.420573509330905870e-01 4.307009558488848477e-01 1.937869822485207005e-01 3.345471096950387163e-02 0.000000000000000000e+00
5.525000000000000000e+03 2.209941608861125673e-01 3.421711424670004775e-01 4.327492034592626546e-01 1.908284023668639084e-01 3.425125170687300796e-02 0.000000000000000000e+00
5.550000000000000000e+03 2.219941344647826664e-01 3.420573509330905870e-01 4.314974965862539702e-01 1.928766499772416876e-01 3.356850250341374825e-02 0.000000000000000000e+00
5.575000000000000000e+03 2.229941080434527656e-01 3.435366408739189970e-01 4.344560764679107900e-01 1.948111060537096040e-01 2.719617660446062984e-02 0.000000000000000000e+00
5.600000000000000000e+03 2.239940816221230868e-01 3.419435593991806965e-01 4.314974965862539702e-01 2.006144742831133254e-01 2.594446973145198010e-02 0.000000000000000000e+00
5.625000000000000000e+03 2.249940552007931860e-01 3.371643149749658508e-01 4.345698680018206805e-01 2.007282658170232159e-01 2.753755120619025970e-02 0.000000000000000000e+00
5.650000000000000000e+03 2.259940287794635072e-01 3.365953573054164538e-01 4.386663632225762388e-01 1.990213928083750528e-01 2.571688666363222686e-02 0.000000000000000000e+00
5.675000000000000000e+03 2.269940023581336064e-01 3.311333636777423761e-01 4.459490213928083979e-01 1.979972690031861493e-01 2.492034592626308706e-02 0.000000000000000000e+00
