# itime ezz other fcc hcp bcc ico
0.000000000000000000e+00 0.000000000000000000e+00 0.000000000000000000e+00 1.000000000000000000e+00 0.000000000000000000e+00 0.000000000000000000e+00 0.000000000000000000e+00
5.000000000000000000e+01 1.999971057819349696e-03 0.000000000000000000e+00 1.000000000000000000e+00 0.000000000000000000e+00 0.000000000000000000e+00 0.000000000000000000e+00
1.000000000000000000e+02 3.999942115638699391e-03 0.000000000000000000e+00 1.000000000000000000e+00 0.000000000000000000e+00 0.000000000000000000e+00 0.000000000000000000e+00
1.500000000000000000e+02 5.999913173458049087e-03 0.000000000000000000e+00 1.000000000000000000e+00 0.000000000000000000e+00 0.000000000000000000e+00 0.000000000000000000e+00
2.000000000000000000e+02 7.999884231277398783e-03 0.000000000000000000e+00 1.000000000000000000e+00 0.000000000000000000e+00 0.000000000000000000e+00 0.000000000000000000e+00
2.500000000000000000e+02 9.999855289096526434e-03 0.000000000000000000e+00 1.000000000000000000e+00 0.000000000000000000e+00 0.000000000000000000e+00 0.000000000000000000e+00
3.000000000000000000e+02 1.199982634691587613e-02 0.000000000000000000e+00 1.000000000000000000e+00 0.000000000000000000e+00 0.000000000000000000e+00 0.000000000000000000e+00
3.500000000000000000e+02 1.399979740473522583e-02 0.000000000000000000e+00 1.000000000000000000e+00 0.000000000000000000e+00 0.000000000000000000e+00 0.000000000000000000e+00
4.000000000000000000e+02 1.599976846255457552e-02 0.000000000000000000e+00 1.000000000000000000e+00 0.000000000000000000e+00 0.000000000000000000e+00 0.000000000000000000e+00
4.500000000000000000e+02 1.799973952037392522e-02 0.000000000000000000e+00 1.000000000000000000e+00 0.000000000000000000e+00 0.000000000000000000e+00 0.000000000000000000e+00
5.000000000000000000e+02 1.999971057819327491e-02 0.000000000000000000e+00 1.000000000000000000e+00 0.000000000000000000e+00 0.000000000000000000e+00 0.000000000000000000e+00
5.500000000000000000e+02 2.199968163601262461e-02 0.000000000000000000e+00 1.000000000000000000e+00 0.000000000000000000e+00 0.000000000000000000e+00 0.000000000000000000e+00
6.000000000000000000e+02 2.399965269383197430e-02 0.000000000000000000e+00 1.000000000000000000e+00 0.000000000000000000e+00 0.000000000000000000e+00 0.000000000000000000e+00
6.500000000000000000e+02 2.599962375165132400e-02 0.000000000000000000e+00 1.000000000000000000e+00 0.000000000000000000e+00 0.000000000000000000e+00 0.000000000000000000e+00
7.000000000000000000e+02 2.799959480947045165e-02 0.000000000000000000e+00 1.000000000000000000e+00 0.000000000000000000e+00 0.000000000000000000e+00 0.000000000000000000e+00
7.500000000000000000e+02 2.999956586728980135e-02 0.000000000000000000e+00 1.000000000000000000e+00 0.000000000000000000e+00 0.000000000000000000e+00 0.000000000000000000e+00
8.000000000000000000e+02 3.199953692510915104e-02 0.000000000000000000e+00 1.000000000000000000e+00 0.000000000000000000e+00 0.000000000000000000e+00 0.000000000000000000e+00
8.500000000000000000e+02 3.399950798292850074e-02 0.000000000000000000e+00 1.000000000000000000e+00 0.000000000000000000e+00 0.000000000000000000e+00 0.000000000000000000e+00
9.000000000000000000e+02 3.599947904074785043e-02 0.000000000000000000e+00 1.000000000000000000e+00 0.000000000000000000e+00 0.000000000000000000e+00 0.000000000000000000e+00
9.500000000000000000e+02 3.799945009856720013e-02 0.000000000000000000e+00 1.000000000000000000e+00 0.000000000000000000e+00 0.000000000000000000e+00 0.000000000000000000e+00
1.000000000000000000e+03 3.999942115638654982e-02 0.000000000000000000e+00 1.000000000000000000e+00 0.000000000000000000e+00 0.000000000000000000e+00 0.000000000000000000e+00
1.050000000000000000e+03 4.199939221420589952e-02 0.000000000000000000e+00 1.000000000000000000e+00 0.000000000000000000e+00 0.000000000000000000e+00 0.000000000000000000e+00
1.100000000000000000e+03 4.399936327202524922e-02 0.000000000000000000e+00 1.000000000000000000e+00 0.000000000000000000e+00 0.000000000000000000e+00 0.000000000000000000e+00
1.150000000000000000e+03 4.599933432984437687e-02 0.000000000000000000e+00 1.000000000000000000e+00 0.000000000000000000e+00 0.000000000000000000e+00 0.000000000000000000e+00
1.200000000000000000e+03 4.799930538766372656e-02 0.000000000000000000e+00 1.000000000000000000e+00 0.000000000000000000e+00 0.000000000000000000e+00 0.000000000000000000e+00
1.250000000000000000e+03 4.999927644548307626e-02 0.000000000000000000e+00 1.000000000000000000e+00 0.000000000000000000e+00 0.000000000000000000e+00 0.000000000000000000e+00
1.300000000000000000e+03 5.199924750330242595e-02 0.000000000000000000e+00 1.000000000000000000e+00 0.000000000000000000e+00 0.000000000000000000e+00 0.000000000000000000e+00
1.350000000000000000e+03 5.399921856112177565e-02 0.000000000000000000e+00 1.000000000000000000e+00 0.000000000000000000e+00 0.000000000000000000e+00 0.000000000000000000e+00
1.400000000000000000e+03 5.599918961894112535e-02 0.000000000000000000e+00 1.000000000000000000e+00 0.000000000000000000e+00 0.000000000000000000e+00 0.000000000000000000e+00
1.450000000000000000e+03 5.799916067676047504e-02 0.000000000000000000e+00 1.000000000000000000e+00 0.000000000000000000e+00 0.000000000000000000e+00 0.000000000000000000e+00
1.500000000000000000e+03 5.999913173457982474e-02 0.000000000000000000e+00 1.000000000000000000e+00 0.000000000000000000e+00 0.000000000000000000e+00 0.000000000000000000e+00
1.550000000000000000e+03 6.199910279239895239e-02 0.000000000000000000e+00 1.000000000000000000e+00 0.000000000000000000e+00 0.000000000000000000e+00 0.000000000000000000e+00
1.600000000000000000e+03 6.399907385021830208e-02 0.000000000000000000e+00 1.000000000000000000e+00 0.000000000000000000e+00 0.000000000000000000e+00 0.000000000000000000e+00
1.650000000000000000e+03 6.599904490803765178e-02 0.000000000000000000e+00 1.000000000000000000e+00 0.000000000000000000e+00 0.000000000000000000e+00 0.000000000000000000e+00
1.700000000000000000e+03 6.799901596585700148e-02 3.413746017296313199e-04 9.996586253982703285e-01 0.000000000000000000e+00 0.000000000000000000e+00 0.000000000000000000e+00
1.750000000000000000e+03 6.999898702367635117e-02 0.000000000000000000e+00 1.000000000000000000e+00 0.000000000000000000e+00 0.000000000000000000e+00 0.000000000000000000e+00
1.800000000000000000e+03 7.199895808149570087e-02 0.000000000000000000e+00 1.000000000000000000e+00 0.000000000000000000e+00 0.000000000000000000e+00 0.000000000000000000e+00
1.850000000000000000e+03 7.399892913931505056e-02 0.000000000000000000e+00 1.000000000000000000e+00 0.000000000000000000e+00 0.000000000000000000e+00 0.000000000000000000e+00
1.900000000000000000e+03 7.599890019713440026e-02 4.551661356395084266e-04 9.995448338643604380e-01 0.000000000000000000e+00 0.000000000000000000e+00 0.000000000000000000e+00
1.950000000000000000e+03 7.799887125495374995e-02 0.000000000000000000e+00 1.000000000000000000e+00 0.000000000000000000e+00 0.000000000000000000e+00 0.000000000000000000e+00
2.000000000000000000e+03 7.999884231277287761e-02 1.137915339098771066e-04 9.998862084660901095e-01 0.000000000000000000e+00 0.000000000000000000e+00 0.000000000000000000e+00
2.050000000000000000e+03 8.199881337059222730e-02 0.000000000000000000e+00 1.000000000000000000e+00 0.000000000000000000e+00 0.000000000000000000e+00 0.000000000000000000e+00
2.100000000000000000e+03 8.399878442841157700e-02 1.137915339098771066e-04 9.998862084660901095e-01 0.000000000000000000e+00 0.000000000000000000e+00 0.000000000000000000e+00
2.150000000000000000e+03 8.599875548623092669e-02 0.000000000000000000e+00 1.000000000000000000e+00 0.000000000000000000e+00 0.000000000000000000e+00 0.000000000000000000e+00
2.200000000000000000e+03 8.799872654405027639e-02 1.137915339098771066e-04 9.998862084660901095e-01 0.000000000000000000e+00 0.000000000000000000e+00 0.000000000000000000e+00
2.250000000000000000e+03 8.999869760186962608e-02 9.103322712790168532e-04 9.989758761948110966e-01 0.000000000000000000e+00 1.137915339098771066e-04 0.000000000000000000e+00
2.300000000000000000e+03 9.199866865968897578e-02 1.365498406918525280e-03 9.985207100591716456e-01 0.000000000000000000e+00 1.137915339098771066e-04 0.000000000000000000e+00
2.350000000000000000e+03 9.399863971750832548e-02 1.706873008648156654e-03 9.981793354574419741e-01 0.000000000000000000e+00 1.137915339098771066e-04 0.000000000000000000e+00
2.400000000000000000e+03 9.599861077532767517e-02 1.479289940828402332e-03 9.985207100591716456e-01 0.000000000000000000e+00 0.000000000000000000e+00 0.000000000000000000e+00
2.450000000000000000e+03 9.799858183314680282e-02 2.617205279927173507e-03 9.973827947200728516e-01 0.000000000000000000e+00 0.000000000000000000e+00 0.000000000000000000e+00
2.500000000000000000e+03 9.999855289096615252e-02 2.617205279927173507e-03 9.973827947200728516e-01 0.000000000000000000e+00 0.000000000000000000e+00 0.000000000000000000e+00
2.550000000000000000e+03 1.019985239487855022e-01 4.551661356395083832e-03 9.953345471096950448e-01 0.000000000000000000e+00 1.137915339098771066e-04 0.000000000000000000e+00
2.600000000000000000e+03 1.039984950066048519e-01 3.982703686845699004e-03 9.957897132453344957e-01 0.000000000000000000e+00 2.275830678197542133e-04 0.000000000000000000e+00
2.650000000000000000e+03 1.059984660644242016e-01 4.779244424214838804e-03 9.946517979062358128e-01 0.000000000000000000e+00 5.689576695493854790e-04 0.000000000000000000e+00
2.700000000000000000e+03 1.079984371222435513e-01 6.599908966772872511e-03 9.930587164314974569e-01 0.000000000000000000e+00 3.413746017296313199e-04 0.000000000000000000e+00
2.750000000000000000e+03 1.099984081800629010e-01 5.006827492034592909e-03 9.946517979062358128e-01 0.000000000000000000e+00 3.413746017296313199e-04 0.000000000000000000e+00
2.800000000000000000e+03 1.119983792378822507e-01 1.058261265361857065e-02 9.879380974055530507e-01 0.000000000000000000e+00 1.479289940828402332e-03 0.000000000000000000e+00
2.850000000000000000e+03 1.139983502957016004e-01 1.524806554392353283e-02 9.832726445152480954e-01 0.000000000000000000e+00 1.479289940828402332e-03 0.000000000000000000e+00
2.900000000000000000e+03 1.159983213535207280e-01 2.856167501137915274e-02 9.681383705052344357e-01 0.000000000000000000e+00 3.299954483386436255e-03 0.000000000000000000e+00
2.950000000000000000e+03 1.179982924113400777e-01 4.380974055530268557e-02 9.428766499772417431e-01 0.000000000000000000e+00 1.331360946745562164e-02 0.000000000000000000e+00
3.000000000000000000e+03 1.199982634691594274e-01 1.044606281292671801e-01 8.051888939462903405e-01 0.000000000000000000e+00 9.035047792444242387e-02 0.000000000000000000e+00
3.050000000000000000e+03 1.219982345269787771e-01 2.405553026854801990e-01 4.126081019572143682e-01 0.000000000000000000e+00 3.468365953573054328e-01 0.000000000000000000e+00
3.100000000000000000e+03 1.239982055847981268e-01 3.488848429676831842e-01 9.535730541647700897e-02 0.000000000000000000e+00 5.557578516158397930e-01 0.000000000000000000e+00
3.150000000000000000e+03 1.259981766426174765e-01 3.453573054164770229e-01 6.588529813381883982e-02 1.593081474738279385e-03 5.871643149749659063e-01 0.000000000000000000e+00
3.200000000000000000e+03 1.279981477004368262e-01 3.561675011379153433e-01 1.507737824305871721e-01 9.103322712790168532e-04 4.921483841602184994e-01 0.000000000000000000e+00
3.250000000000000000e+03 1.299981187582561759e-01 3.558261265361857273e-01 1.908284023668639084e-01 1.024123805188893906e-03 4.523213472917614886e-01 0.000000000000000000e+00
3.300000000000000000e+03 1.319980898160755256e-01 3.368229403732362348e-01 1.692080109239872676e-01 6.144742831133363434e-03 4.878243058716431602e-01 0.000000000000000000e+00
3.350000000000000000e+03 1.339980608738946533e-01 3.372781065088757413e-01 1.368912152935821691e-01 1.479289940828402289e-02 5.110377787892580459e-01 0.000000000000000000e+00
3.400000000000000000e+03 1.359980319317140030e-01 3.353436504324078249e-01 1.393946290395994547e-01 2.332726445152480746e-02 5.019344560764679164e-01 0.000000000000000000e+00
3.450000000000000000e+03 1.379980029895333526e-01 3.446745562130177354e-01 1.491807009558488717e-01 4.563040509786071841e-02 4.605143377332726606e-01 0.000000000000000000e+00
3.500000000000000000e+03 1.399979740473527023e-01 3.626536185707783244e-01 1.706873008648156498e-01 7.066454255803368556e-02 3.959945380063722986e-01 0.000000000000000000e+00
3.550000000000000000e+03 1.419979451051720520e-01 3.829085116067364458e-01 1.953800637232590010e-01 1.074192080109239861e-01 3.142922166590805810e-01 0.000000000000000000e+00
3.600000000000000000e+03 1.439979161629914017e-01 3.896222121074192080e-01 2.255348202093764298e-01 1.260810195721438209e-01 2.587619481110605135e-01 0.000000000000000000e+00
3.650000000000000000e+03 1.459978872208107514e-01 3.875739644970414011e-01 2.515930814747383004e-01 1.387118798361401950e-01 2.221210741920801035e-01 0.000000000000000000e+00
3.700000000000000000e+03 1.479978582786301011e-01 3.840464269458352398e-01 2.718479745106964218e-01 1.577150659990896597e-01 1.863905325443787064e-01 0.000000000000000000e+00
3.750000000000000000e+03 1.499978293364492288e-01 3.995220755575785154e-01 2.787892580791989094e-01 1.729631315430132099e-01 1.487255348202093652e-01 0.000000000000000000e+00
3.800000000000000000e+03 1.519978003942685785e-01 4.090805644060082069e-01 2.840236686390532617e-01 1.761492944924897552e-01 1.307464724624488039e-01 0.000000000000000000e+00
3.850000000000000000e+03 1.539977714520879282e-01 4.181838871187983364e-01 2.770823850705507740e-01 1.838871187983613931e-01 1.208466090122894826e-01 0.000000000000000000e+00
3.900000000000000000e+03 1.559977425099072779e-01 4.251251706873008795e-01 2.777651342740100060e-01 1.959490213928083702e-01 1.011606736458807443e-01 0.000000000000000000e+00
3.950000000000000000e+03 1.579977135677266276e-01 4.285389167045971504e-01 2.688893946290396020e-01 2.000455166135639562e-01 1.025261720527992776e-01 0.000000000000000000e+00
4.000000000000000000e+03 1.599976846255459773e-01 4.343422849340008995e-01 2.697997269003186149e-01 2.035730541647701453e-01 9.228493400091032639e-02 0.000000000000000000e+00
4.050000000000000000e+03 1.619976556833653270e-01 4.353664087391898030e-01 2.717341829767865313e-01 2.005006827492034627e-01 9.239872553482020301e-02 0.000000000000000000e+00
4.100000000000000000e+03 1.639976267411846766e-01 4.349112426035502965e-01 2.729858898497951603e-01 2.065316340464269373e-01 8.557123350022757813e-02 0.000000000000000000e+00
4.150000000000000000e+03 1.659975977990040263e-01 4.393491124260355263e-01 2.669549385525716856e-01 2.042558033682294050e-01 8.944014565316341092e-02 0.000000000000000000e+00
4.200000000000000000e+03 1.679975688568231540e-01 4.531178880291306110e-01 2.638825671370050308e-01 1.978834774692762866e-01 8.511606736458807165e-02 0.000000000000000000e+00
4.250000000000000000e+03 1.699975399146425037e-01 4.419663177059626746e-01 2.691169776968593275e-01 2.032316795630405015e-01 8.568502503413745475e-02 0.000000000000000000e+00
4.300000000000000000e+03 1.719975109724618534e-01 4.465179790623577394e-01 2.705962676376877374e-01 2.073281747837960876e-01 7.555757851615839404e-02 0.000000000000000000e+00
4.350000000000000000e+03 1.739974820302812031e-01 4.419663177059626746e-01 2.688893946290396020e-01 2.082385070550751005e-01 8.090578060992262288e-02 0.000000000000000000e+00
4.400000000000000000e+03 1.759974530881005528e-01 4.461766044606281234e-01 2.701411015020482309e-01 2.056213017751479244e-01 7.806099226217569353e-02 0.000000000000000000e+00
4.450000000000000000e+03 1.779974241459199025e-01 4.556213017751479244e-01 2.672963131543013016e-01 2.020937642239417353e-01 7.498862084660901095e-02 0.000000000000000000e+00
4.500000000000000000e+03 1.799973952037392522e-01 4.553937187073281989e-01 2.644515248065543722e-01 2.058488848429676776e-01 7.430587164314975124e-02 0.000000000000000000e+00
4.550000000000000000e+03 1.819973662615586019e-01 4.536868456986800080e-01 2.658170232134728916e-01 2.053937187073281712e-01 7.510241238051888757e-02 0.000000000000000000e+00
4.600000000000000000e+03 1.839973373193779516e-01 4.530040964952207760e-01 2.657032316795630567e-01 2.109695038689121394e-01 7.032316795630405570e-02 0.000000000000000000e+00
4.650000000000000000e+03 1.859973083771970792e-01 4.567592171142467183e-01 2.636549840691852498e-01 2.167728720983158885e-01 6.281292671825215723e-02 0.000000000000000000e+00
4.700000000000000000e+03 1.879972794350164289e-01 4.589212562585343602e-01 2.608101957214383204e-01 2.183659535730541612e-01 6.190259444697314428e-02 0.000000000000000000e+00
4.750000000000000000e+03 1.899972504928357786e-01 4.614246700045516736e-01 2.587619481110605135e-01 2.181383705052344080e-01 6.167501137915339104e-02 0.000000000000000000e+00
4.800000000000000000e+03 1.919972215506551283e-01 4.613108784706417831e-01 2.556895766954938587e-01 2.187073281747838049e-01 6.429221665908056715e-02 0.000000000000000000e+00
4.850000000000000000e+03 1.939971926084744780e-01 4.519799726900318726e-01 2.584205735093308975e-01 2.236003641329085134e-01 6.599908966772871644e-02 0.000000000000000000e+00
4.900000000000000000e+03 1.959971636662938277e-01 4.573281747837960598e-01 2.606964041875284299e-01 2.167728720983158885e-01 6.520254893035958010e-02 0.000000000000000000e+00
4.950000000000000000e+03 1.979971347241131774e-01 4.664314974965862448e-01 2.540964952207555583e-01 2.133591260810195622e-01 6.611288120163859305e-02 0.000000000000000000e+00
5.000000000000000000e+03 1.999971057819325271e-01 4.610832954028220576e-01 2.497724169321802468e-01 2.213245334547109811e-01 6.781975421028675621e-02 0.000000000000000000e+00
5.050000000000000000e+03 2.019970768397518768e-01 4.704142011834319681e-01 2.474965862539827144e-01 2.198452435138825711e-01 6.224396904870277414e-02 0.000000000000000000e+00
5.100000000000000000e+03 2.039970478975710044e-01 4.677969959035047642e-01 2.479517523896222209e-01 2.164314974965862448e-01 6.781975421028675621e-02 0.000000000000000000e+00
5.150000000000000000e+03 2.059970189553903541e-01 4.765589440145653333e-01 2.445380063723258945e-01 2.106281292671825234e-01 6.827492034592626269e-02 0.000000000000000000e+00
5.200000000000000000e+03 2.079969900132097038e-01 4.748520710059171424e-01 2.515930814747383004e-01 2.109695038689121394e-01 6.258534365043240399e-02 0.000000000000000000e+00
5.250000000000000000e+03 2.099969610710290535e-01 4.802002730996813851e-01 2.525034137460173134e-01 2.049385525716886647e-01 6.235776058261265076e-02 0.000000000000000000e+00
5.300000000000000000e+03 2.119969321288484032e-01 4.831588529813382049e-01 2.519344560764679164e-01 2.060764679107874309e-01 5.883022303140646170e-02 0.000000000000000000e+00
5.350000000000000000e+03 2.139969031866677529e-01 4.789485662266727561e-01 2.558033682294037492e-01 2.075557578516158408e-01 5.769230769230769551e-02 0.000000000000000000e+00
5.400000000000000000e+03 2.159968742444871026e-01 4.831588529813382049e-01 2.621756941283568398e-01 1.984524351388256835e-01 5.621301775147929253e-02 0.000000000000000000e+00
5.450000000000000000e+03 2.179968453023064523e-01 4.854346836595357373e-01 2.628584433318161273e-01 1.961766044606281234e-01 5.553026854802002588e-02 0.000000000000000000e+00
5.500000000000000000e+03 2.199968163601258020e-01 4.855484751934456278e-01 2.625170687300864558e-01 1.928766499772416876e-01 5.905780609922621494e-02 0.000000000000000000e+00
5.550000000000000000e+03 2.219967874179449296e-01 4.906690942193900895e-01 2.561447428311333652e-01 1.908284023668639084e-01 6.235776058261265076e-02 0.000000000000000000e+00
5.600000000000000000e+03 2.239967584757642793e-01 4.946517979062357573e-01 2.586481565771506785e-01 1.871870732817478289e-01 5.951297223486572835e-02 0.000000000000000000e+00
5.650000000000000000e+03 2.259967295335836290e-01 4.911242603550295960e-01 2.612653618570778269e-01 1.861629494765589532e-01 6.144742831133363781e-02 0.000000000000000000e+00
5.700000000000000000e+03 2.279967005914029787e-01 4.888484296768320636e-01 2.641101502048247562e-01 1.859353664087392000e-01 6.110605370960400795e-02 0.000000000000000000e+00
5.750000000000000000e+03 2.299966716492223284e-01 4.931725079654073474e-01 2.620619025944469493e-01 1.865043240782885692e-01 5.826126536185707860e-02 0.000000000000000000e+00
5.800000000000000000e+03 2.319966427070416781e-01 4.902139280837505830e-01 2.587619481110605135e-01 1.904870277651342647e-01 6.053709604005461792e-02 0.000000000000000000e+00
5.850000000000000000e+03 2.339966137648610278e-01 4.919208010923987184e-01 2.580791989076012816e-01 1.956076467910787542e-01 5.439235320892125969e-02 0.000000000000000000e+00
5.900000000000000000e+03 2.359965848226803775e-01 4.891898042785616796e-01 2.616067364588074429e-01 1.924214838416021811e-01 5.678197542102867562e-02 0.000000000000000000e+00
5.950000000000000000e+03 2.379965558804997272e-01 4.921483841602184994e-01 2.609239872553482109e-01 1.933318161128811941e-01 5.359581247155211642e-02 0.000000000000000000e+00
6.000000000000000000e+03 2.399965269383188549e-01 4.919208010923987184e-01 2.628584433318161273e-01 1.936731907146108378e-01 5.154756486117433034e-02 0.000000000000000000e+00
6.050000000000000000e+03 2.419964979961382046e-01 5.023896222121073674e-01 2.585343650432407880e-01 1.859353664087392000e-01 5.314064633591260994e-02 0.000000000000000000e+00
6.100000000000000000e+03 2.439964690539575543e-01 5.012517068730086844e-01 2.588757396449704040e-01 1.862767410104688159e-01 5.359581247155211642e-02 0.000000000000000000e+00
6.150000000000000000e+03 2.459964401117769039e-01 5.022758306781975879e-01 2.609239872553482109e-01 1.838871187983613931e-01 5.291306326809285671e-02 0.000000000000000000e+00
6.200000000000000000e+03 2.479964111695962536e-01 4.960172963131542767e-01 2.624032771961766208e-01 1.873008648156577194e-01 5.427856167501137613e-02 0.000000000000000000e+00
6.250000000000000000e+03 2.499963822274156033e-01 4.993172507965407125e-01 2.611515703231679364e-01 1.861629494765589532e-01 5.336822940373236318e-02 0.000000000000000000e+00
6.300000000000000000e+03 2.519963532852349530e-01 5.015930814747382449e-01 2.610377787892581014e-01 1.854802002730996935e-01 5.188893946290396020e-02 0.000000000000000000e+00
6.350000000000000000e+03 2.539963243430543027e-01 5.077378243058716656e-01 2.579654073736913911e-01 1.821802457897132577e-01 5.211652253072371344e-02 0.000000000000000000e+00
6.400000000000000000e+03 2.559962954008734304e-01 5.058033682294037492e-01 2.553482020937642427e-01 1.794492489758761911e-01 5.939918070095585173e-02 0.000000000000000000e+00
6.450000000000000000e+03 2.579962664586927801e-01 5.052344105598542967e-01 2.578516158397815006e-01 1.811561219845243542e-01 5.575785161583977911e-02 0.000000000000000000e+00
6.500000000000000000e+03 2.599962375165121298e-01 5.027309968138370389e-01 2.563723258989530907e-01 1.824078288575330109e-01 5.848884842967683184e-02 0.000000000000000000e+00
6.550000000000000000e+03 2.619962085743314795e-01 5.100136549840691425e-01 2.550068274920345712e-01 1.835457441966317771e-01 5.143377332726445372e-02 0.000000000000000000e+00
6.600000000000000000e+03 2.639961796321508292e-01 5.180928538916704795e-01 2.482931269913518368e-01 1.828629949931725174e-01 5.075102412380518707e-02 0.000000000000000000e+00
6.650000000000000000e+03 2.659961506899701789e-01 5.135411925352754148e-01 2.522758306781975324e-01 1.841147018661811463e-01 5.006827492034592736e-02 0.000000000000000000e+00
6.700000000000000000e+03 2.679961217477895286e-01 5.210514337733272994e-01 2.485207100591715901e-01 1.837733272644515303e-01 4.665452890304961492e-02 0.000000000000000000e+00
6.750000000000000000e+03 2.699960928056088783e-01 5.169549385525716856e-01 2.542102867546654488e-01 1.824078288575330109e-01 4.642694583522986168e-02 0.000000000000000000e+00
6.800000000000000000e+03 2.719960638634282279e-01 5.103550295857988139e-01 2.581929904415111721e-01 1.859353664087392000e-01 4.540282203004096517e-02 1.137915339098771066e-04
6.850000000000000000e+03 2.739960349212473556e-01 5.200273099681383959e-01 2.567137005006827621e-01 1.805871643149749572e-01 4.267182521620391245e-02 0.000000000000000000e+00
6.900000000000000000e+03 2.759960059790667053e-01 5.184342284934000400e-01 2.562585343650432557e-01 1.876422394173873354e-01 3.766499772416932040e-02 0.000000000000000000e+00
6.950000000000000000e+03 2.779959770368860550e-01 5.199135184342285054e-01 2.521620391442876419e-01 1.876422394173873354e-01 4.028220300409649651e-02 0.000000000000000000e+00
7.000000000000000000e+03 2.799959480947054047e-01 5.226445152480655443e-01 2.506827492034592875e-01 1.868456986800182129e-01 3.982703686845699004e-02 0.000000000000000000e+00
7.050000000000000000e+03 2.819959191525247544e-01 5.335685025034136997e-01 2.482931269913518368e-01 1.809285389167046010e-01 3.720983158852981393e-02 0.000000000000000000e+00
7.100000000000000000e+03 2.839958902103441041e-01 5.381201638598088755e-01 2.484069185252617273e-01 1.758079198907601393e-01 3.766499772416932040e-02 0.000000000000000000e+00
7.150000000000000000e+03 2.859958612681634538e-01 5.364132908511606290e-01 2.449931725079654010e-01 1.758079198907601393e-01 4.278561675011378906e-02 0.000000000000000000e+00
7.200000000000000000e+03 2.879958323259828035e-01 5.312926718252162228e-01 2.490896677287209870e-01 1.753527537551206328e-01 4.426490669094219205e-02 0.000000000000000000e+00
7.250000000000000000e+03 2.899958033838021532e-01 5.312926718252162228e-01 2.461310878470641672e-01 1.811561219845243542e-01 4.142011834319526964e-02 0.000000000000000000e+00
7.300000000000000000e+03 2.919957744416212808e-01 5.347064178425124936e-01 2.426035502958579781e-01 1.797906235776058348e-01 4.289940828402366568e-02 0.000000000000000000e+00
7.350000000000000000e+03 2.939957454994406305e-01 5.337960855712334807e-01 2.381656804733727761e-01 1.868456986800182129e-01 4.119253527537550946e-02 0.000000000000000000e+00
7.400000000000000000e+03 2.959957165572599802e-01 5.350477924442421651e-01 2.430587164314974846e-01 1.841147018661811463e-01 3.777878925807919702e-02 0.000000000000000000e+00
7.450000000000000000e+03 2.979956876150793299e-01 5.299271734182976479e-01 2.463586709148839204e-01 1.854802002730996935e-01 3.823395539371871044e-02 0.000000000000000000e+00
7.500000000000000000e+03 2.999956586728986796e-01 5.328857532999544677e-01 2.473827947200728239e-01 1.863905325443787064e-01 3.334091943559399501e-02 0.000000000000000000e+00
7.550000000000000000e+03 3.019956297307180293e-01 5.328857532999544677e-01 2.398725534820209393e-01 1.888939462903959920e-01 3.823395539371871044e-02 1.137915339098771066e-04
7.600000000000000000e+03 3.039956007885373790e-01 5.417614929449249273e-01 2.388484296768320359e-01 1.829767865270823801e-01 3.641329085116067066e-02 0.000000000000000000e+00
7.650000000000000000e+03 3.059955718463567287e-01 5.431269913518433912e-01 2.350933090578060936e-01 1.836595357305416398e-01 3.800637232589895026e-02 1.137915339098771066e-04
7.700000000000000000e+03 3.079955429041760784e-01 5.463131543013199920e-01 2.353208921256258468e-01 1.804733727810650945e-01 3.789258079198907364e-02 0.000000000000000000e+00
7.750000000000000000e+03 3.099955139619952060e-01 5.513199817933546187e-01 2.344105598543468338e-01 1.789940828402366846e-01 3.516158397815202785e-02 1.137915339098771066e-04
7.800000000000000000e+03 3.119954850198145557e-01 5.458579881656804300e-01 2.368001820664542567e-01 1.786527082385070686e-01 3.868912152935821691e-02 0.000000000000000000e+00
7.850000000000000000e+03 3.139954560776339054e-01 5.444924897587619661e-01 2.428311333636777314e-01 1.788802913063268218e-01 3.379608557123350149e-02 0.000000000000000000e+00
7.900000000000000000e+03 3.159954271354532551e-01 5.464269458352298825e-01 2.440828402366863881e-01 1.730769230769230727e-01 3.629949931725079404e-02 1.137915339098771066e-04
7.950000000000000000e+03 3.179953981932726048e-01 5.434683659535730627e-01 2.490896677287209870e-01 1.737596722803823324e-01 3.368229403732362487e-02 0.000000000000000000e+00
8.000000000000000000e+03 3.199953692510919545e-01 5.439235320892125136e-01 2.510241238051889034e-01 1.745562130177514826e-01 3.049613108784706567e-02 0.000000000000000000e+00
8.050000000000000000e+03 3.219953403089113042e-01 5.425580336822940497e-01 2.488620846609012338e-01 1.791078743741465751e-01 2.947200728265816916e-02 0.000000000000000000e+00
8.100000000000000000e+03 3.239953113667306539e-01 5.433545744196631722e-01 2.477241693218024676e-01 1.791078743741465751e-01 2.981338188438780248e-02 0.000000000000000000e+00
8.150000000000000000e+03 3.259952824245500036e-01 5.407373691397360238e-01 2.500000000000000000e-01 1.768320436959490149e-01 3.243058716431497512e-02 0.000000000000000000e+00
8.200000000000000000e+03 3.279952534823691312e-01 5.360719162494310686e-01 2.523896222121074229e-01 1.785389167045971781e-01 3.288575329995448160e-02 1.137915339098771066e-04
8.250000000000000000e+03 3.299952245401884809e-01 5.376649977241693135e-01 2.542102867546654488e-01 1.741010468821119761e-01 3.402366863905325473e-02 0.000000000000000000e+00
8.300000000000000000e+03 3.319951955980078306e-01 5.424442421483841592e-01 2.489758761948110966e-01 1.816112881201638607e-01 2.696859353664087314e-02 0.000000000000000000e+00
8.350000000000000000e+03 3.339951666558271803e-01 5.447200728265817471e-01 2.488620846609012338e-01 1.796768320436959443e-01 2.674101046882111990e-02 0.000000000000000000e+00
8.400000000000000000e+03 3.359951377136465300e-01 5.492717341829768118e-01 2.480655439235320836e-01 1.775147928994082747e-01 2.514792899408284030e-02 0.000000000000000000e+00
8.450000000000000000e+03 3.379951087714658797e-01 5.467683204369594430e-01 2.462448793809740577e-01 1.781975421028675344e-01 2.878925807919890598e-02 0.000000000000000000e+00
8.500000000000000000e+03 3.399950798292852294e-01 5.483614019116977989e-01 2.412380518889394587e-01 1.793354574419663283e-01 3.106508875739644876e-02 0.000000000000000000e+00
8.550000000000000000e+03 3.419950508871045791e-01 5.529130632680928636e-01 2.385070550751024199e-01 1.828629949931725174e-01 2.571688666363222686e-02 0.000000000000000000e+00
8.600000000000000000e+03 3.439950219449237068e-01 5.551888939462903405e-01 2.331588529813381772e-01 1.851388256713700498e-01 2.651342740100136666e-02 0.000000000000000000e+00
8.650000000000000000e+03 3.459949930027430565e-01 5.591715976331360638e-01 2.278106508875739622e-01 1.855939918070095562e-01 2.742375967228038308e-02 0.000000000000000000e+00
8.700000000000000000e+03 3.479949640605624062e-01 5.564406008192990249e-01 2.312243969048702885e-01 1.859353664087392000e-01 2.639963586709149004e-02 0.000000000000000000e+00
8.750000000000000000e+03 3.499949351183817559e-01 5.586026399635867223e-01 2.303140646335912478e-01 1.840009103322712836e-01 2.708238507055074976e-02 0.000000000000000000e+00
8.800000000000000000e+03 3.519949061762011056e-01 5.656577150659990449e-01 2.248520710059171701e-01 1.830905780609922706e-01 2.639963586709149004e-02 0.000000000000000000e+00
8.850000000000000000e+03 3.539948772340204552e-01 5.582612653618570508e-01 2.281520254893036059e-01 1.870732817478379661e-01 2.651342740100136666e-02 0.000000000000000000e+00
8.900000000000000000e+03 3.559948482918398049e-01 5.603095129722348577e-01 2.274692762858443462e-01 1.886663632225762388e-01 2.355484751934456070e-02 0.000000000000000000e+00
8.950000000000000000e+03 3.579948193496591546e-01 5.609922621756940897e-01 2.248520710059171701e-01 1.893491124260354985e-01 2.480655439235321044e-02 0.000000000000000000e+00
9.000000000000000000e+03 3.599947904074785043e-01 5.567819754210286964e-01 2.303140646335912478e-01 1.879836140191169791e-01 2.492034592626308706e-02 0.000000000000000000e+00
9.050000000000000000e+03 3.619947614652976320e-01 5.636094674556213491e-01 2.281520254893036059e-01 1.829767865270823801e-01 2.526172052799271692e-02 0.000000000000000000e+00
9.100000000000000000e+03 3.639947325231169817e-01 5.644060081929904715e-01 2.255348202093764298e-01 1.843422849340008995e-01 2.571688666363222686e-02 0.000000000000000000e+00
9.150000000000000000e+03 3.659947035809363314e-01 5.637232589895311285e-01 2.284934000910332219e-01 1.814974965862539702e-01 2.628584433318160996e-02 0.000000000000000000e+00
9.200000000000000000e+03 3.679946746387556811e-01 5.596267637687756258e-01 2.311106053709603980e-01 1.835457441966317771e-01 2.571688666363222686e-02 0.000000000000000000e+00
9.250000000000000000e+03 3.699946456965750308e-01 5.741920801092398330e-01 2.251934456076467861e-01 1.755803368229403860e-01 2.492034592626308706e-02 1.137915339098771066e-04
9.300000000000000000e+03 3.719946167543943805e-01 5.678197542102867423e-01 2.290623577605826189e-01 1.781975421028675344e-01 2.492034592626308706e-02 0.000000000000000000e+00
9.350000000000000000e+03 3.739945878122137302e-01 5.702093764223942207e-01 2.249658625398270329e-01 1.799044151115156975e-01 2.492034592626308706e-02 0.000000000000000000e+00
9.400000000000000000e+03 3.759945588700330799e-01 5.649749658625398130e-01 2.241693218024579104e-01 1.800182066454255880e-01 3.083750568957669552e-02 0.000000000000000000e+00
9.450000000000000000e+03 3.779945299278524296e-01 5.765817023213473114e-01 2.218934911242603503e-01 1.767182521620391522e-01 2.480655439235321044e-02 0.000000000000000000e+00
9.500000000000000000e+03 3.799945009856715572e-01 5.724852071005916976e-01 2.206417842512516936e-01 1.813837050523441075e-01 2.548930359581247015e-02 0.000000000000000000e+00
9.550000000000000000e+03 3.819944720434909069e-01 5.711197086936732337e-01 2.208693673190714746e-01 1.833181611288120239e-01 2.469276285844333035e-02 0.000000000000000000e+00
9.600000000000000000e+03 3.839944431013102566e-01 5.672507965407374009e-01 2.229176149294492537e-01 1.842284934000910368e-01 2.560309512972235024e-02 0.000000000000000000e+00
9.650000000000000000e+03 3.859944141591296063e-01 5.752162039144287364e-01 2.185935366408739144e-01 1.789940828402366846e-01 2.719617660446062984e-02 0.000000000000000000e+00
9.700000000000000000e+03 3.879943852169489560e-01 5.683887118798361948e-01 2.212107419208010906e-01 1.843422849340008995e-01 2.605826126536185672e-02 0.000000000000000000e+00
9.750000000000000000e+03 3.899943562747683057e-01 5.630405097860718966e-01 2.239417387346381294e-01 1.843422849340008995e-01 2.867546654528902936e-02 0.000000000000000000e+00
9.800000000000000000e+03 3.919943273325876554e-01 5.658852981338188259e-01 2.206417842512516936e-01 1.879836140191169791e-01 2.548930359581247015e-02 0.000000000000000000e+00
9.850000000000000000e+03 3.939942983904070051e-01 5.659990896677287164e-01 2.175694128356850388e-01 1.892353208921256358e-01 2.719617660446062984e-02 0.000000000000000000e+00
9.900000000000000000e+03 3.959942694482263548e-01 5.620163859808829931e-01 2.205279927173418308e-01 1.915111515703231682e-01 2.594446973145198010e-02 0.000000000000000000e+00
9.950000000000000000e+03 3.979942405060454824e-01 5.640646335912608000e-01 2.201866181156121871e-01 1.891215293582157453e-01 2.662721893491124328e-02 0.000000000000000000e+00
1.000000000000000000e+04 3.999942115638648321e-01 5.581474738279471604e-01 2.208693673190714746e-01 1.909421939007737712e-01 2.992717341829767910e-02 1.137915339098771066e-04
1.005000000000000000e+04 4.019941826216841818e-01 5.637232589895311285e-01 2.174556213017751483e-01 1.923076923076923184e-01 2.639963586709149004e-02 1.137915339098771066e-04
1.010000000000000000e+04 4.039941536795035315e-01 5.675921711424669613e-01 2.149522075557578626e-01 1.903732362312244020e-01 2.708238507055074976e-02 0.000000000000000000e+00
1.015000000000000000e+04 4.059941247373228812e-01 5.682749203459263043e-01 2.185935366408739144e-01 1.893491124260354985e-01 2.378243058716431393e-02 0.000000000000000000e+00
1.020000000000000000e+04 4.079940957951422309e-01 5.664542558033682784e-01 2.195038689121529274e-01 1.901456531634046487e-01 2.389622212107419055e-02 0.000000000000000000e+00
1.025000000000000000e+04 4.099940668529615806e-01 5.756713700500682984e-01 2.154073736913973691e-01 1.868456986800182129e-01 2.207555757851615771e-02 0.000000000000000000e+00
1.030000000000000000e+04 4.119940379107809303e-01 5.670232134729176199e-01 2.187073281747838049e-01 1.859353664087392000e-01 2.833409194355939950e-02 0.000000000000000000e+00
1.035000000000000000e+04 4.139940089686002800e-01 5.666818388711879484e-01 2.173418297678652578e-01 1.875284478834774726e-01 2.844788347746927612e-02 0.000000000000000000e+00
1.040000000000000000e+04 4.159939800264194076e-01 5.768092853891670924e-01 2.117660446062812896e-01 1.833181611288120239e-01 2.810650887573964626e-02 0.000000000000000000e+00
1.045000000000000000e+04 4.179939510842387573e-01 5.790851160673645692e-01 2.111970869367319203e-01 1.852526172052799402e-01 2.423759672280382388e-02 2.275830678197542133e-04
1.050000000000000000e+04 4.199939221420581070e-01 5.733955393718707105e-01 2.160901228948566288e-01 1.876422394173873354e-01 2.287209831588529751e-02 0.000000000000000000e+00
1.055000000000000000e+04 4.219938931998774567e-01 5.789713245334546787e-01 2.132453345471096995e-01 1.843422849340008995e-01 2.332726445152480746e-02 1.137915339098771066e-04
1.060000000000000000e+04 4.239938642576968064e-01 5.772644515248065433e-01 2.125625853436504398e-01 1.863905325443787064e-01 2.378243058716431393e-02 0.000000000000000000e+00
1.065000000000000000e+04 4.259938353155161561e-01 5.809057806099225951e-01 2.115384615384615363e-01 1.840009103322712836e-01 2.344105598543468408e-02 1.137915339098771066e-04
1.070000000000000000e+04 4.279938063733355058e-01 5.822712790168411701e-01 2.130177514792899462e-01 1.844560764679107900e-01 2.025489303595812488e-02 0.000000000000000000e+00
1.075000000000000000e+04 4.299937774311548555e-01 5.857988165680473314e-01 2.086936731907146070e-01 1.824078288575330109e-01 2.309968138370505075e-02 0.000000000000000000e+00
1.080000000000000000e+04 4.319937484889739832e-01 5.846609012289485374e-01 2.137005006827492060e-01 1.801319981793354508e-01 2.150659990896677115e-02 0.000000000000000000e+00
1.085000000000000000e+04 4.339937195467933329e-01 5.778334091943558848e-01 2.170004551661356418e-01 1.793354574419663283e-01 2.583067819754210348e-02 0.000000000000000000e+00
1.090000000000000000e+04 4.359936906046126825e-01 5.854574419663176599e-01 2.122212107419207960e-01 1.789940828402366846e-01 2.332726445152480746e-02 0.000000000000000000e+00
1.095000000000000000e+04 4.379936616624320322e-01 5.828402366863905115e-01 2.159763313609467383e-01 1.820664542558033672e-01 1.911697769685935522e-02 0.000000000000000000e+00
1.100000000000000000e+04 4.399936327202513819e-01 5.806781975421028141e-01 2.174556213017751483e-01 1.825216203914428736e-01 1.934456076467910846e-02 0.000000000000000000e+00
1.105000000000000000e+04 4.419936037780707316e-01 5.760127446517978589e-01 2.192762858443331742e-01 1.844560764679107900e-01 2.025489303595812488e-02 0.000000000000000000e+00
1.110000000000000000e+04 4.439935748358900813e-01 5.751024123805188459e-01 2.207555757851615841e-01 1.850250341374601593e-01 1.911697769685935522e-02 0.000000000000000000e+00
1.115000000000000000e+04 4.459935458937094310e-01 5.779472007282657753e-01 2.158625398270368756e-01 1.845698680018206528e-01 2.162039144287665124e-02 0.000000000000000000e+00
1.120000000000000000e+04 4.479935169515287807e-01 5.755575785161584079e-01 2.143832498862084657e-01 1.855939918070095562e-01 2.446517979062357712e-02 0.000000000000000000e+00
1.125000000000000000e+04 4.499934880093479084e-01 5.713472917614929036e-01 2.154073736913973691e-01 1.887801547564861293e-01 2.446517979062357712e-02 0.000000000000000000e+00
1.130000000000000000e+04 4.519934590671672581e-01 5.712335002275830131e-01 2.187073281747838049e-01 1.902594446973145115e-01 1.979972690031861493e-02 0.000000000000000000e+00
1.135000000000000000e+04 4.539934301249866078e-01 5.732817478379608200e-01 2.190487027765134209e-01 1.902594446973145115e-01 1.741010468821119553e-02 0.000000000000000000e+00
