# itime ezz other fcc hcp bcc ico
0.000000000000000000e+00 0.000000000000000000e+00 0.000000000000000000e+00 1.000000000000000000e+00 0.000000000000000000e+00 0.000000000000000000e+00 0.000000000000000000e+00
2.500000000000000000e+02 1.000004564046808042e-02 0.000000000000000000e+00 1.000000000000000000e+00 0.000000000000000000e+00 0.000000000000000000e+00 0.000000000000000000e+00
5.000000000000000000e+02 2.000009128093616084e-02 0.000000000000000000e+00 1.000000000000000000e+00 0.000000000000000000e+00 0.000000000000000000e+00 0.000000000000000000e+00
7.500000000000000000e+02 3.000013692140424126e-02 0.000000000000000000e+00 1.000000000000000000e+00 0.000000000000000000e+00 0.000000000000000000e+00 0.000000000000000000e+00
1.000000000000000000e+03 4.000018256187209964e-02 0.000000000000000000e+00 1.000000000000000000e+00 0.000000000000000000e+00 0.000000000000000000e+00 0.000000000000000000e+00
1.250000000000000000e+03 5.000022820234018006e-02 0.000000000000000000e+00 1.000000000000000000e+00 0.000000000000000000e+00 0.000000000000000000e+00 0.000000000000000000e+00
1.500000000000000000e+03 6.000027384280826048e-02 0.000000000000000000e+00 1.000000000000000000e+00 0.000000000000000000e+00 0.000000000000000000e+00 0.000000000000000000e+00
1.750000000000000000e+03 7.000031948327634090e-02 0.000000000000000000e+00 1.000000000000000000e+00 0.000000000000000000e+00 0.000000000000000000e+00 0.000000000000000000e+00
2.000000000000000000e+03 8.000036512374442133e-02 2.275830678197542133e-04 9.997724169321802190e-01 0.000000000000000000e+00 0.000000000000000000e+00 0.000000000000000000e+00
2.250000000000000000e+03 9.000041076421250175e-02 1.137915339098770958e-03 9.987482931269913156e-01 0.000000000000000000e+00 1.137915339098771066e-04 0.000000000000000000e+00
2.500000000000000000e+03 1.000004564046805822e-01 2.048247610377787811e-03 9.978379608557123026e-01 0.000000000000000000e+00 1.137915339098771066e-04 0.000000000000000000e+00
2.750000000000000000e+03 1.100005020451486626e-01 7.282658170232134826e-03 9.922621756941283344e-01 0.000000000000000000e+00 4.551661356395084266e-04 0.000000000000000000e+00
3.000000000000000000e+03 1.200005476856165210e-01 9.535730541647700897e-02 8.106508875739645292e-01 0.000000000000000000e+00 9.399180700955848955e-02 0.000000000000000000e+00
3.250000000000000000e+03 1.300005933260846014e-01 3.667501137915338827e-01 1.794492489758761911e-01 1.024123805188893906e-03 4.527765134274009950e-01 0.000000000000000000e+00
3.500000000000000000e+03 1.400006389665526818e-01 5.025034137460172579e-01 2.139280837505689592e-01 1.624943104233045055e-01 1.210741920801092358e-01 0.000000000000000000e+00
3.750000000000000000e+03 1.500006846070207622e-01 4.474283113336367523e-01 2.314519799726900418e-01 1.942421483841602070e-01 1.268775603095129711e-01 0.000000000000000000e+00
4.000000000000000000e+03 1.600007302474888427e-01 3.924670004551661373e-01 2.902822030040965173e-01 2.422621756941283622e-01 7.498862084660901095e-02 0.000000000000000000e+00
4.250000000000000000e+03 1.700007758879569231e-01 3.945152480655439442e-01 2.877787892580792040e-01 2.501137915339098905e-01 6.759217114246700298e-02 0.000000000000000000e+00
4.500000000000000000e+03 1.800008215284250035e-01 4.053254437869822646e-01 2.919890760127446527e-01 2.506827492034592875e-01 5.200273099681383682e-02 0.000000000000000000e+00
4.750000000000000000e+03 1.900008671688928619e-01 4.261492944924897830e-01 2.841374601729631522e-01 2.358898497951752438e-01 5.382339553937186966e-02 0.000000000000000000e+00
5.000000000000000000e+03 2.000009128093609423e-01 4.470869367319071364e-01 2.842512517068729871e-01 2.210969503868912278e-01 4.756486117432862787e-02 0.000000000000000000e+00
5.250000000000000000e+03 2.100009584498290227e-01 4.648384160218479999e-01 2.719617660446062568e-01 2.284934000910332219e-01 3.470641784251251444e-02 0.000000000000000000e+00
5.500000000000000000e+03 2.200010040902971031e-01 4.883932635411925571e-01 2.585343650432407880e-01 2.141556668183887124e-01 3.891670459717797015e-02 0.000000000000000000e+00
5.750000000000000000e+03 2.300010497307651836e-01 4.956759217114246607e-01 2.611515703231679364e-01 2.063040509786071841e-01 3.686845698680018407e-02 0.000000000000000000e+00
6.000000000000000000e+03 2.400010953712332640e-01 4.905553026854801990e-01 2.777651342740100060e-01 2.056213017751479244e-01 2.605826126536185672e-02 0.000000000000000000e+00
6.250000000000000000e+03 2.500011410117013444e-01 5.005689576695493415e-01 2.738962221210741732e-01 1.967455621301775204e-01 2.878925807919890598e-02 0.000000000000000000e+00
6.500000000000000000e+03 2.600011866521694248e-01 5.002275830678197810e-01 2.856167501137915066e-01 1.866181156121984597e-01 2.742375967228038308e-02 1.137915339098771066e-04
6.750000000000000000e+03 2.700012322926372832e-01 4.902139280837505830e-01 3.059854346836595185e-01 1.832043695949021334e-01 2.059626763768775473e-02 0.000000000000000000e+00
7.000000000000000000e+03 2.800012779331053636e-01 4.939690487027765253e-01 3.086026399635867223e-01 1.774010013654984119e-01 2.002730996813837164e-02 0.000000000000000000e+00
7.250000000000000000e+03 2.900013235735734440e-01 4.907828857532999800e-01 3.166818388711880039e-01 1.692080109239872676e-01 2.332726445152480746e-02 0.000000000000000000e+00
7.500000000000000000e+03 3.000013692140415245e-01 4.881656804733727761e-01 3.165680473372781134e-01 1.715976331360946627e-01 2.366863905325443732e-02 0.000000000000000000e+00
7.750000000000000000e+03 3.100014148545096049e-01 4.854346836595357373e-01 3.191852526172052618e-01 1.739872553482020856e-01 2.139280837505689453e-02 0.000000000000000000e+00
8.000000000000000000e+03 3.200014604949776853e-01 4.858898497951752438e-01 3.189576695493855363e-01 1.702321347291761433e-01 2.492034592626308706e-02 0.000000000000000000e+00
8.250000000000000000e+03 3.300015061354457657e-01 4.782658170232134687e-01 3.442193900773782289e-01 1.606736458807464796e-01 1.684114701866181243e-02 0.000000000000000000e+00
8.500000000000000000e+03 3.400015517759136241e-01 4.788347746927628656e-01 3.540054619936277014e-01 1.516841147018661851e-01 1.547564861174328607e-02 0.000000000000000000e+00
8.750000000000000000e+03 3.500015974163817045e-01 4.663177059626763543e-01 3.497951752389621971e-01 1.733045061447428259e-01 1.058261265361857065e-02 0.000000000000000000e+00
9.000000000000000000e+03 3.600016430568497849e-01 4.695038689121529552e-01 3.406918525261720676e-01 1.787664997724169313e-01 1.103777878925807886e-02 0.000000000000000000e+00
9.250000000000000000e+03 3.700016886973178654e-01 4.658625398270368478e-01 3.368229403732362348e-01 1.871870732817478289e-01 1.012744651797906244e-02 0.000000000000000000e+00
9.500000000000000000e+03 3.800017343377859458e-01 4.698452435138825711e-01 3.359126081019572219e-01 1.844560764679107900e-01 9.786071916249430847e-03 0.000000000000000000e+00
9.750000000000000000e+03 3.900017799782540262e-01 4.648384160218479999e-01 3.402366863905325611e-01 1.825216203914428736e-01 1.240327719617660522e-02 0.000000000000000000e+00
1.000000000000000000e+04 4.000018256187221066e-01 4.767865270823850588e-01 3.323850705507510050e-01 1.753527537551206328e-01 1.547564861174328607e-02 0.000000000000000000e+00
1.025000000000000000e+04 4.100018712591899650e-01 4.741693218024579104e-01 3.512744651797906070e-01 1.603322712790168358e-01 1.422394173873463806e-02 0.000000000000000000e+00
1.050000000000000000e+04 4.200019168996580454e-01 4.629039599453800835e-01 3.588984979517523821e-01 1.626081019572143960e-01 1.547564861174328607e-02 1.137915339098771066e-04
1.075000000000000000e+04 4.300019625401261258e-01 4.539144287664997890e-01 3.765361857077833552e-01 1.525944469731451980e-01 1.684114701866181243e-02 1.137915339098771066e-04
1.100000000000000000e+04 4.400020081805944283e-01 4.300182066454255603e-01 4.171597633136094885e-01 1.393946290395994547e-01 1.342740100136549826e-02 0.000000000000000000e+00
1.125000000000000000e+04 4.500020538210622867e-01 4.118115612198452458e-01 4.275147928994083024e-01 1.480427856167501055e-01 1.263086026399635846e-02 0.000000000000000000e+00
1.150000000000000000e+04 4.600020994615301451e-01 3.921256258534365213e-01 4.399180700955848677e-01 1.553254437869822369e-01 1.263086026399635846e-02 0.000000000000000000e+00
1.175000000000000000e+04 4.700021451019984475e-01 3.835912608101957333e-01 4.550523441055985274e-01 1.465634956759217233e-01 1.479289940828402289e-02 0.000000000000000000e+00
1.200000000000000000e+04 4.800021907424665280e-01 3.716431497496586189e-01 4.914656349567592120e-01 1.216431497496586189e-01 1.524806554392353283e-02 0.000000000000000000e+00
1.225000000000000000e+04 4.900022363829343863e-01 3.519572143832498945e-01 5.259444697314519246e-01 1.104915794264906687e-01 1.160673645880746542e-02 0.000000000000000000e+00
1.250000000000000000e+04 5.000022820234024667e-01 3.495675921711424716e-01 5.266272189349112676e-01 1.142467000455166110e-01 9.558488848429677609e-03 0.000000000000000000e+00
1.275000000000000000e+04 5.100023276638705472e-01 3.361401911697769473e-01 5.158170232134728916e-01 1.411015020482476179e-01 6.941283568502503235e-03 0.000000000000000000e+00
1.300000000000000000e+04 5.200023733043388496e-01 3.364815657715066188e-01 5.005689576695493415e-01 1.531634046426945950e-01 9.786071916249430847e-03 0.000000000000000000e+00
1.325000000000000000e+04 5.300024189448067080e-01 3.319299044151114986e-01 4.941966317705962508e-01 1.668183887118798447e-01 7.055075102412380721e-03 0.000000000000000000e+00
1.350000000000000000e+04 5.400024645852745664e-01 3.364815657715066188e-01 4.733727810650887324e-01 1.829767865270823801e-01 7.168866636322257339e-03 0.000000000000000000e+00
1.375000000000000000e+04 5.500025102257428689e-01 3.365953573054164538e-01 4.692762858443331742e-01 1.846836595357305433e-01 9.444697314519799256e-03 0.000000000000000000e+00
1.400000000000000000e+04 5.600025558662109493e-01 3.318161128812016636e-01 4.806554392353208915e-01 1.768320436959490149e-01 1.069640418752844727e-02 0.000000000000000000e+00
1.425000000000000000e+04 5.700026015066788077e-01 3.321574874829312796e-01 4.878243058716431602e-01 1.702321347291761433e-01 9.786071916249430847e-03 0.000000000000000000e+00
1.450000000000000000e+04 5.800026471471468881e-01 3.302230314064633632e-01 5.078516158397815561e-01 1.530496131087847045e-01 8.875739644970414427e-03 0.000000000000000000e+00
1.475000000000000000e+04 5.900026927876149685e-01 3.273782430587164338e-01 5.537096040054619861e-01 1.111743286299499284e-01 7.737824305871643035e-03 0.000000000000000000e+00
1.500000000000000000e+04 6.000027384280832710e-01 3.142922166590805810e-01 5.817023213472917176e-01 9.877105143377332142e-02 5.234410559854347014e-03 0.000000000000000000e+00
1.525000000000000000e+04 6.100027840685511293e-01 3.082612653618570508e-01 6.017296313154301135e-01 8.466090122894856518e-02 5.348202093764223633e-03 0.000000000000000000e+00
1.550000000000000000e+04 6.200028297090189877e-01 3.088302230314064478e-01 6.112881201638598050e-01 7.692307692307692735e-02 2.958579881656804664e-03 0.000000000000000000e+00
1.575000000000000000e+04 6.300028753494872902e-01 3.073509330905780379e-01 6.083295402822029851e-01 8.045061447428311641e-02 3.868912152935821518e-03 0.000000000000000000e+00
1.600000000000000000e+04 6.400029209899553706e-01 3.017751479289940697e-01 5.982020937642239522e-01 9.604005461993628257e-02 3.982703686845699004e-03 0.000000000000000000e+00
1.625000000000000000e+04 6.500029666304232290e-01 2.965407373691397175e-01 5.847746927628584279e-01 1.140191169776968577e-01 4.665452890304961318e-03 0.000000000000000000e+00
1.650000000000000000e+04 6.600030122708910874e-01 3.041647701411014926e-01 5.328857532999544677e-01 1.585116067364588099e-01 4.437869822485207214e-03 0.000000000000000000e+00
1.675000000000000000e+04 6.700030579113593898e-01 2.928994082840236657e-01 5.056895766954938587e-01 1.972007282658170269e-01 4.210286754665453109e-03 0.000000000000000000e+00
1.700000000000000000e+04 6.800031035518276923e-01 2.939235320892125691e-01 4.967000455166135642e-01 2.042558033682294050e-01 5.120619025944469528e-03 0.000000000000000000e+00
1.725000000000000000e+04 6.900031491922955507e-01 3.053026854802002865e-01 4.773554847519344557e-01 2.106281292671825234e-01 6.713700500682749130e-03 0.000000000000000000e+00
1.750000000000000000e+04 7.000031948327634090e-01 3.164542558033682229e-01 4.862312243969048597e-01 1.901456531634046487e-01 7.168866636322257339e-03 0.000000000000000000e+00
1.775000000000000000e+04 7.100032404732314895e-01 3.082612653618570508e-01 4.691624943104232837e-01 2.158625398270368756e-01 6.713700500682749130e-03 0.000000000000000000e+00
1.800000000000000000e+04 7.200032861136997919e-01 3.121301775147928836e-01 4.475421028675466428e-01 2.330450614474283144e-01 7.282658170232134826e-03 0.000000000000000000e+00
1.825000000000000000e+04 7.300033317541676503e-01 3.095129722348657353e-01 4.365043240782885969e-01 2.479517523896222209e-01 6.030951297223486815e-03 0.000000000000000000e+00
1.850000000000000000e+04 7.400033773946355087e-01 3.043923532089212736e-01 4.568730086481565533e-01 2.304278561675011383e-01 8.306781975421027864e-03 0.000000000000000000e+00
1.875000000000000000e+04 7.500034230351038111e-01 2.910787437414656398e-01 5.025034137460172579e-01 1.951524806554392477e-01 1.126536185707783383e-02 0.000000000000000000e+00
1.900000000000000000e+04 7.600034686755718916e-01 2.881201638598088199e-01 4.973827947200728516e-01 2.047109695038689114e-01 9.786071916249430847e-03 0.000000000000000000e+00
1.925000000000000000e+04 7.700035143160399720e-01 2.818616294947655643e-01 5.116067364588074984e-01 1.931042330450614408e-01 1.342740100136549826e-02 0.000000000000000000e+00
1.950000000000000000e+04 7.800035599565078304e-01 2.760582612653618706e-01 5.322030040964952358e-01 1.800182066454255880e-01 1.172052799271734204e-02 0.000000000000000000e+00
1.975000000000000000e+04 7.900036055969759108e-01 2.694583522985889990e-01 5.513199817933546187e-01 1.711424670004551563e-01 8.079198907601274626e-03 0.000000000000000000e+00
2.000000000000000000e+04 8.000036512374442133e-01 2.678652708238506985e-01 5.419890760127445972e-01 1.816112881201638607e-01 8.534365043240782836e-03 0.000000000000000000e+00
2.025000000000000000e+04 8.100036968779120716e-01 2.600136549840691980e-01 5.547337278106508895e-01 1.763768775603095085e-01 8.875739644970414427e-03 0.000000000000000000e+00
2.050000000000000000e+04 8.200037425183799300e-01 2.734410559854346667e-01 5.475648611743286764e-01 1.682976786527082269e-01 1.069640418752844727e-02 0.000000000000000000e+00
2.075000000000000000e+04 8.300037881588482325e-01 2.837960855712334807e-01 5.250341374601729116e-01 1.849112426035502965e-01 6.258534365043240920e-03 0.000000000000000000e+00
2.100000000000000000e+04 8.400038337993163129e-01 2.894856622667273394e-01 4.689349112426035582e-01 2.358898497951752438e-01 5.689576695493855224e-03 0.000000000000000000e+00
2.125000000000000000e+04 8.500038794397843933e-01 2.991579426490669213e-01 4.559626763768775404e-01 2.418070095584888557e-01 3.072371415566681717e-03 0.000000000000000000e+00
2.150000000000000000e+04 8.600039250802522517e-01 2.972234865725990050e-01 4.561902594446973214e-01 2.435138825671370189e-01 3.072371415566681717e-03 0.000000000000000000e+00
2.175000000000000000e+04 8.700039707207203321e-01 3.047337278106508895e-01 4.538006372325898985e-01 2.383932635411925294e-01 3.072371415566681717e-03 0.000000000000000000e+00
2.200000000000000000e+04 8.800040163611886346e-01 3.037096040054619861e-01 4.664314974965862448e-01 2.241693218024579104e-01 5.689576695493855224e-03 0.000000000000000000e+00
2.225000000000000000e+04 8.900040620016564930e-01 2.850477924442421651e-01 4.797451069640418786e-01 2.297451069640418786e-01 5.461993627674101119e-03 0.000000000000000000e+00
2.250000000000000000e+04 9.000041076421243513e-01 2.837960855712334807e-01 4.795175238962220976e-01 2.325898953117888079e-01 4.096495220755575623e-03 0.000000000000000000e+00
2.275000000000000000e+04 9.100041532825926538e-01 2.941511151570322946e-01 4.511834319526626946e-01 2.486345015930814806e-01 6.030951297223486815e-03 0.000000000000000000e+00
2.300000000000000000e+04 9.200041989230607342e-01 2.942649066909421851e-01 4.316112881201638607e-01 2.671825216203914666e-01 6.941283568502503235e-03 0.000000000000000000e+00
2.325000000000000000e+04 9.300042445635288146e-01 2.874374146563495880e-01 4.390077378243058548e-01 2.675238962221210826e-01 6.030951297223486815e-03 0.000000000000000000e+00
2.350000000000000000e+04 9.400042902039966730e-01 3.043923532089212736e-01 4.251251706873008795e-01 2.595584888484296915e-01 1.092398725534820224e-02 0.000000000000000000e+00
2.375000000000000000e+04 9.500043358444647534e-01 3.109922621756941452e-01 4.167045971779699820e-01 2.621756941283568398e-01 1.012744651797906244e-02 0.000000000000000000e+00
2.400000000000000000e+04 9.600043814849330559e-01 2.782203004096495125e-01 4.310423304506144637e-01 2.864132908511606845e-01 4.324078288575329727e-03 0.000000000000000000e+00
2.425000000000000000e+04 9.700044271254009143e-01 2.646791078743741532e-01 4.388939462903960198e-01 2.894856622667273394e-01 6.941283568502503235e-03 0.000000000000000000e+00
2.450000000000000000e+04 9.800044727658687727e-01 2.577378243058716656e-01 4.383249886208466228e-01 2.975648611743286209e-01 6.372325898953117539e-03 0.000000000000000000e+00
2.475000000000000000e+04 9.900045184063370751e-01 2.645653163404642627e-01 4.342284934000910090e-01 2.958579881656804855e-01 5.348202093764223633e-03 0.000000000000000000e+00
2.500000000000000000e+04 1.000004564046805378e+00 2.551206190259444617e-01 4.362767410104688159e-01 3.035958124715520956e-01 5.006827492034592909e-03 0.000000000000000000e+00
