# itime ezz other fcc hcp bcc ico
0.000000000000000000e+00 0.000000000000000000e+00 1.365498406918525280e-03 9.986345015930814251e-01 0.000000000000000000e+00 0.000000000000000000e+00 0.000000000000000000e+00
2.500000000000000000e+02 9.999624212144730961e-04 2.275830678197541916e-03 9.977241693218024121e-01 0.000000000000000000e+00 0.000000000000000000e+00 0.000000000000000000e+00
5.000000000000000000e+02 1.999924842428946192e-03 4.551661356395084266e-04 9.995448338643604380e-01 0.000000000000000000e+00 0.000000000000000000e+00 0.000000000000000000e+00
7.500000000000000000e+02 2.999887263643197244e-03 1.024123805188893906e-03 9.989758761948110966e-01 0.000000000000000000e+00 0.000000000000000000e+00 0.000000000000000000e+00
1.000000000000000000e+03 3.999849684857670340e-03 6.827492034592626399e-04 9.993172507965407680e-01 0.000000000000000000e+00 0.000000000000000000e+00 0.000000000000000000e+00
1.250000000000000000e+03 4.999812106072143436e-03 1.251706873008648227e-03 9.987482931269913156e-01 0.000000000000000000e+00 0.000000000000000000e+00 0.000000000000000000e+00
1.500000000000000000e+03 5.999774527286616532e-03 7.965407373691396923e-04 9.992034592626308775e-01 0.000000000000000000e+00 0.000000000000000000e+00 0.000000000000000000e+00
1.750000000000000000e+03 6.999736948500867584e-03 6.827492034592626399e-04 9.993172507965407680e-01 0.000000000000000000e+00 0.000000000000000000e+00 0.000000000000000000e+00
2.000000000000000000e+03 7.999699369715340680e-03 9.103322712790168532e-04 9.990896677287209870e-01 0.000000000000000000e+00 0.000000000000000000e+00 0.000000000000000000e+00
2.250000000000000000e+03 8.999661790929813776e-03 9.103322712790168532e-04 9.990896677287209870e-01 0.000000000000000000e+00 0.000000000000000000e+00 0.000000000000000000e+00
2.500000000000000000e+03 9.999624212144286872e-03 0.000000000000000000e+00 1.000000000000000000e+00 0.000000000000000000e+00 0.000000000000000000e+00 0.000000000000000000e+00
2.750000000000000000e+03 1.099958663335853792e-02 2.275830678197542133e-04 9.997724169321802190e-01 0.000000000000000000e+00 0.000000000000000000e+00 0.000000000000000000e+00
3.000000000000000000e+03 1.199954905457301102e-02 2.730996813837050560e-03 9.972690031861629611e-01 0.000000000000000000e+00 0.000000000000000000e+00 0.000000000000000000e+00
3.250000000000000000e+03 1.299951147578748412e-02 7.965407373691396923e-04 9.992034592626308775e-01 0.000000000000000000e+00 0.000000000000000000e+00 0.000000000000000000e+00
3.500000000000000000e+03 1.399947389700195721e-02 2.048247610377787811e-03 9.979517523896221931e-01 0.000000000000000000e+00 0.000000000000000000e+00 0.000000000000000000e+00
3.750000000000000000e+03 1.499943631821620826e-02 7.965407373691396923e-04 9.992034592626308775e-01 0.000000000000000000e+00 0.000000000000000000e+00 0.000000000000000000e+00
4.000000000000000000e+03 1.599939873943068136e-02 3.186162949476558769e-03 9.967000455166135087e-01 0.000000000000000000e+00 1.137915339098771066e-04 0.000000000000000000e+00
4.250000000000000000e+03 1.699936116064515446e-02 1.479289940828402332e-03 9.984069185252617551e-01 0.000000000000000000e+00 1.137915339098771066e-04 0.000000000000000000e+00
4.500000000000000000e+03 1.799932358185962755e-02 1.934456076467910759e-03 9.980655439235320836e-01 0.000000000000000000e+00 0.000000000000000000e+00 0.000000000000000000e+00
4.750000000000000000e+03 1.899928600307387860e-02 2.503413746017296455e-03 9.974965862539827421e-01 0.000000000000000000e+00 0.000000000000000000e+00 0.000000000000000000e+00
5.000000000000000000e+03 1.999924842428835170e-02 2.048247610377787811e-03 9.979517523896221931e-01 0.000000000000000000e+00 0.000000000000000000e+00 0.000000000000000000e+00
5.250000000000000000e+03 2.099921084550282480e-02 2.389622212107419402e-03 9.974965862539827421e-01 0.000000000000000000e+00 1.137915339098771066e-04 0.000000000000000000e+00
5.500000000000000000e+03 2.199917326671729789e-02 2.048247610377787811e-03 9.978379608557123026e-01 0.000000000000000000e+00 1.137915339098771066e-04 0.000000000000000000e+00
5.750000000000000000e+03 2.299913568793154894e-02 2.389622212107419402e-03 9.976103777878926326e-01 0.000000000000000000e+00 0.000000000000000000e+00 0.000000000000000000e+00
6.000000000000000000e+03 2.399909810914602204e-02 3.755120619025944465e-03 9.962448793809740577e-01 0.000000000000000000e+00 0.000000000000000000e+00 0.000000000000000000e+00
6.250000000000000000e+03 2.499906053036049514e-02 3.413746017296313308e-03 9.964724624487938387e-01 0.000000000000000000e+00 1.137915339098771066e-04 0.000000000000000000e+00
6.500000000000000000e+03 2.599902295157496823e-02 2.958579881656804664e-03 9.970414201183431802e-01 0.000000000000000000e+00 0.000000000000000000e+00 0.000000000000000000e+00
6.750000000000000000e+03 2.699898537278944133e-02 4.665452890304961318e-03 9.952207555757851543e-01 0.000000000000000000e+00 1.137915339098771066e-04 0.000000000000000000e+00
7.000000000000000000e+03 2.799894779400369238e-02 3.413746017296313308e-03 9.965862539827037292e-01 0.000000000000000000e+00 0.000000000000000000e+00 0.000000000000000000e+00
7.250000000000000000e+03 2.899891021521816548e-02 4.210286754665453109e-03 9.957897132453344957e-01 0.000000000000000000e+00 0.000000000000000000e+00 0.000000000000000000e+00
7.500000000000000000e+03 2.999887263643263857e-02 4.324078288575329727e-03 9.956759217114247162e-01 0.000000000000000000e+00 0.000000000000000000e+00 0.000000000000000000e+00
7.750000000000000000e+03 3.099883505764711167e-02 2.162039144287664864e-03 9.978379608557123026e-01 0.000000000000000000e+00 0.000000000000000000e+00 0.000000000000000000e+00
8.000000000000000000e+03 3.199879747886136272e-02 3.413746017296313308e-03 9.965862539827037292e-01 0.000000000000000000e+00 0.000000000000000000e+00 0.000000000000000000e+00
8.250000000000000000e+03 3.299875990007583582e-02 4.665452890304961318e-03 9.953345471096950448e-01 0.000000000000000000e+00 0.000000000000000000e+00 0.000000000000000000e+00
8.500000000000000000e+03 3.399872232129030891e-02 5.689576695493855224e-03 9.940828402366863603e-01 0.000000000000000000e+00 2.275830678197542133e-04 0.000000000000000000e+00
8.750000000000000000e+03 3.499868474250478201e-02 4.893035958124715423e-03 9.951069640418752638e-01 0.000000000000000000e+00 0.000000000000000000e+00 0.000000000000000000e+00
9.000000000000000000e+03 3.599864716371903306e-02 4.551661356395083832e-03 9.951069640418752638e-01 0.000000000000000000e+00 3.413746017296313199e-04 0.000000000000000000e+00
9.250000000000000000e+03 3.699860958493350616e-02 4.893035958124715423e-03 9.948793809740554828e-01 0.000000000000000000e+00 2.275830678197542133e-04 0.000000000000000000e+00
9.500000000000000000e+03 3.799857200614797925e-02 7.510241238051888930e-03 9.922621756941283344e-01 0.000000000000000000e+00 2.275830678197542133e-04 0.000000000000000000e+00
9.750000000000000000e+03 3.899853442736245235e-02 6.941283568502503235e-03 9.924897587619481154e-01 0.000000000000000000e+00 5.689576695493854790e-04 0.000000000000000000e+00
1.000000000000000000e+04 3.999849684857670340e-02 7.737824305871643035e-03 9.920345926263085534e-01 0.000000000000000000e+00 2.275830678197542133e-04 0.000000000000000000e+00
1.025000000000000000e+04 4.099845926979117650e-02 7.737824305871643035e-03 9.921483841602184439e-01 0.000000000000000000e+00 1.137915339098771066e-04 0.000000000000000000e+00
1.050000000000000000e+04 4.199842169100564959e-02 8.648156577150659455e-03 9.910104688211197610e-01 0.000000000000000000e+00 3.413746017296313199e-04 0.000000000000000000e+00
1.075000000000000000e+04 4.299838411222012269e-02 1.024123805188893906e-02 9.894173873463814051e-01 0.000000000000000000e+00 3.413746017296313199e-04 0.000000000000000000e+00
1.100000000000000000e+04 4.399834653343437374e-02 1.024123805188893906e-02 9.896449704142011861e-01 0.000000000000000000e+00 1.137915339098771066e-04 0.000000000000000000e+00
1.125000000000000000e+04 4.499830895464884684e-02 7.510241238051888930e-03 9.919208010923987739e-01 0.000000000000000000e+00 5.689576695493854790e-04 0.000000000000000000e+00
1.150000000000000000e+04 4.599827137586331993e-02 8.192990441511151245e-03 9.916932180245789930e-01 0.000000000000000000e+00 1.137915339098771066e-04 0.000000000000000000e+00
1.175000000000000000e+04 4.699823379707779303e-02 1.331360946745562164e-02 9.862312243969049153e-01 0.000000000000000000e+00 4.551661356395084266e-04 0.000000000000000000e+00
1.200000000000000000e+04 4.799819621829226612e-02 8.079198907601274626e-03 9.916932180245789930e-01 0.000000000000000000e+00 2.275830678197542133e-04 0.000000000000000000e+00
1.225000000000000000e+04 4.899815863950651718e-02 1.046882111970869403e-02 9.890760127446518446e-01 0.000000000000000000e+00 4.551661356395084266e-04 0.000000000000000000e+00
1.250000000000000000e+04 4.999812106072099027e-02 8.875739644970414427e-03 9.908966772872098705e-01 0.000000000000000000e+00 2.275830678197542133e-04 0.000000000000000000e+00
1.275000000000000000e+04 5.099808348193546337e-02 1.570323167956303931e-02 9.836140191169776559e-01 0.000000000000000000e+00 6.827492034592626399e-04 0.000000000000000000e+00
1.300000000000000000e+04 5.199804590314993646e-02 1.308602639963586667e-02 9.861174328629950248e-01 0.000000000000000000e+00 7.965407373691396923e-04 0.000000000000000000e+00
1.325000000000000000e+04 5.299800832436418752e-02 1.240327719617660522e-02 9.870277651342740377e-01 0.000000000000000000e+00 5.689576695493854790e-04 0.000000000000000000e+00
1.350000000000000000e+04 5.399797074557866061e-02 1.843422849340009204e-02 9.806554392353209471e-01 0.000000000000000000e+00 9.103322712790168532e-04 0.000000000000000000e+00
1.375000000000000000e+04 5.499793316679313371e-02 2.275830678197542090e-02 9.755348202093764298e-01 0.000000000000000000e+00 1.706873008648156654e-03 0.000000000000000000e+00
1.400000000000000000e+04 5.599789558800760680e-02 2.264451524806554428e-02 9.759899863450158808e-01 0.000000000000000000e+00 1.365498406918525280e-03 0.000000000000000000e+00
1.425000000000000000e+04 5.699785800922185786e-02 2.230314064633591095e-02 9.765589440145653333e-01 0.000000000000000000e+00 1.137915339098770958e-03 0.000000000000000000e+00
1.450000000000000000e+04 5.799782043043633095e-02 2.230314064633591095e-02 9.765589440145653333e-01 0.000000000000000000e+00 1.137915339098770958e-03 0.000000000000000000e+00
1.475000000000000000e+04 5.899778285165080405e-02 2.036868456986800149e-02 9.779244424214837972e-01 0.000000000000000000e+00 1.706873008648156654e-03 0.000000000000000000e+00
1.500000000000000000e+04 5.999774527286527714e-02 2.469276285844333035e-02 9.739417387346381849e-01 0.000000000000000000e+00 1.365498406918525280e-03 0.000000000000000000e+00
1.525000000000000000e+04 6.099770769407952820e-02 2.446517979062357712e-02 9.742831133363677454e-01 0.000000000000000000e+00 1.251706873008648227e-03 0.000000000000000000e+00
1.550000000000000000e+04 6.199767011529400129e-02 2.867546654528902936e-02 9.696176604460627901e-01 0.000000000000000000e+00 1.706873008648156654e-03 0.000000000000000000e+00
1.575000000000000000e+04 6.299763253650847439e-02 3.538916704597178109e-02 9.622212107419207960e-01 0.000000000000000000e+00 2.389622212107419402e-03 0.000000000000000000e+00
1.600000000000000000e+04 6.399759495772294748e-02 3.743741465634956717e-02 9.597177969959035382e-01 0.000000000000000000e+00 2.844788347746927612e-03 0.000000000000000000e+00
1.625000000000000000e+04 6.499755737893719854e-02 3.891670459717797015e-02 9.593764223941738667e-01 0.000000000000000000e+00 1.706873008648156654e-03 0.000000000000000000e+00
1.650000000000000000e+04 6.599751980015167163e-02 3.891670459717797015e-02 9.588074647246245252e-01 0.000000000000000000e+00 2.275830678197541916e-03 0.000000000000000000e+00
1.675000000000000000e+04 6.699748222136614473e-02 4.107874374146563284e-02 9.564178425125170468e-01 0.000000000000000000e+00 2.503413746017296455e-03 0.000000000000000000e+00
1.700000000000000000e+04 6.799744464258061782e-02 4.028220300409649651e-02 9.581247155211651823e-01 0.000000000000000000e+00 1.593081474738279385e-03 0.000000000000000000e+00
1.725000000000000000e+04 6.899740706379486888e-02 5.040964952207555722e-02 9.448111060537096595e-01 0.000000000000000000e+00 4.779244424214838804e-03 0.000000000000000000e+00
1.750000000000000000e+04 6.999736948500934197e-02 4.597177969959034827e-02 9.508420573509330787e-01 0.000000000000000000e+00 3.186162949476558769e-03 0.000000000000000000e+00
1.775000000000000000e+04 7.099733190622381507e-02 5.575785161583977911e-02 9.404870277651342647e-01 0.000000000000000000e+00 3.755120619025944465e-03 0.000000000000000000e+00
1.800000000000000000e+04 7.199729432743828816e-02 6.486117432862995025e-02 9.291078743741465473e-01 0.000000000000000000e+00 6.030951297223486815e-03 0.000000000000000000e+00
1.825000000000000000e+04 7.299725674865276126e-02 7.919890760127445972e-02 9.119253527537550807e-01 0.000000000000000000e+00 8.875739644970414427e-03 0.000000000000000000e+00
1.850000000000000000e+04 7.399721916986701231e-02 8.602639963586708460e-02 9.063495675921711126e-01 0.000000000000000000e+00 7.624032771961766417e-03 0.000000000000000000e+00
1.875000000000000000e+04 7.499718159108148541e-02 8.659535730541648157e-02 9.062357760582612221e-01 0.000000000000000000e+00 7.168866636322257339e-03 0.000000000000000000e+00
1.900000000000000000e+04 7.599714401229595850e-02 9.308147473827947660e-02 8.992944924897587899e-01 0.000000000000000000e+00 7.624032771961766417e-03 0.000000000000000000e+00
1.925000000000000000e+04 7.699710643351043160e-02 1.035502958579881672e-01 8.842740100136550208e-01 0.000000000000000000e+00 1.217569412835685025e-02 0.000000000000000000e+00
1.950000000000000000e+04 7.799706885472468265e-02 1.076467910787437393e-01 8.772189349112425871e-01 0.000000000000000000e+00 1.513427401001365448e-02 0.000000000000000000e+00
1.975000000000000000e+04 7.899703127593915575e-02 1.018434228493400040e-01 8.850705507510241432e-01 0.000000000000000000e+00 1.308602639963586667e-02 0.000000000000000000e+00
2.000000000000000000e+04 7.999699369715362884e-02 1.099226217569412856e-01 8.710741920801092775e-01 2.275830678197542133e-04 1.877560309512972189e-02 0.000000000000000000e+00
2.025000000000000000e+04 8.099695611836810194e-02 1.451979972690031762e-01 8.299954483386435822e-01 0.000000000000000000e+00 2.480655439235321044e-02 0.000000000000000000e+00
2.050000000000000000e+04 8.199691853958235299e-02 1.473600364132908458e-01 8.125853436504324456e-01 0.000000000000000000e+00 4.005461993627674328e-02 0.000000000000000000e+00
2.075000000000000000e+04 8.299688096079682609e-02 1.487255348202093652e-01 8.098543468365954068e-01 0.000000000000000000e+00 4.142011834319526964e-02 0.000000000000000000e+00
2.100000000000000000e+04 8.399684338201129918e-02 1.913973600364132777e-01 7.353208921256259023e-01 5.689576695493854790e-04 7.271279016841146470e-02 0.000000000000000000e+00
2.125000000000000000e+04 8.499680580322577228e-02 2.104005461993627701e-01 6.660218479745106945e-01 2.844788347746927612e-03 1.207328174783796060e-01 0.000000000000000000e+00
2.150000000000000000e+04 8.599676822444002333e-02 2.267865270823850588e-01 5.909194355939918486e-01 2.833409194355939950e-02 1.539599453800637174e-01 0.000000000000000000e+00
2.175000000000000000e+04 8.699673064565449643e-02 2.195038689121529274e-01 5.840919435593991960e-01 9.820209376422393832e-02 9.820209376422393832e-02 0.000000000000000000e+00
2.200000000000000000e+04 8.799669306686896952e-02 1.517979062357760478e-01 6.671597633136094885e-01 1.417842512517068776e-01 3.925807919890760000e-02 0.000000000000000000e+00
2.225000000000000000e+04 8.899665548808344262e-02 1.225534820209376458e-01 7.170004551661356418e-01 1.450842057350933134e-01 1.536185707783340945e-02 0.000000000000000000e+00
2.250000000000000000e+04 8.999661790929769367e-02 1.269913518434228616e-01 6.977696859353663683e-01 1.570323167956304000e-01 1.820664542558033533e-02 0.000000000000000000e+00
2.275000000000000000e+04 9.099658033051216677e-02 1.436049157942649035e-01 6.580564406008192480e-01 1.689804278561675144e-01 2.935821574874829254e-02 0.000000000000000000e+00
2.300000000000000000e+04 9.199654275172663986e-02 1.348429676832043622e-01 6.686390532544378429e-01 1.737596722803823324e-01 2.275830678197542090e-02 0.000000000000000000e+00
2.325000000000000000e+04 9.299650517294111296e-02 1.400773782430587144e-01 6.492944924897587899e-01 1.837733272644515303e-01 2.685480200273099652e-02 0.000000000000000000e+00
2.350000000000000000e+04 9.399646759415558606e-02 1.340464269458352398e-01 6.224396904870277414e-01 2.041420118343195145e-01 3.937187073281747662e-02 0.000000000000000000e+00
2.375000000000000000e+04 9.499643001536983711e-02 1.275603095129722309e-01 6.200500682749203740e-01 2.193900773782430647e-01 3.299954483386435822e-02 0.000000000000000000e+00
2.400000000000000000e+04 9.599639243658431020e-02 1.368912152935821691e-01 6.186845698680017991e-01 2.183659535730541612e-01 2.605826126536185672e-02 0.000000000000000000e+00
2.425000000000000000e+04 9.699635485779878330e-02 1.392808375056895642e-01 6.114019116977696955e-01 2.187073281747838049e-01 3.060992262175694228e-02 0.000000000000000000e+00
2.450000000000000000e+04 9.799631727901325640e-02 1.490669094219390090e-01 5.934228493400091065e-01 2.209831588529813373e-01 3.652708238507055422e-02 0.000000000000000000e+00
2.475000000000000000e+04 9.899627970022750745e-02 1.664770141101502010e-01 5.725989986345015881e-01 2.174556213017751483e-01 4.346836595357305572e-02 0.000000000000000000e+00
2.500000000000000000e+04 9.999624212144198054e-02 1.714838416021848000e-01 5.658852981338188259e-01 2.217796995903504875e-01 4.085116067364587961e-02 0.000000000000000000e+00
2.525000000000000000e+04 1.009962045426564536e-01 1.692080109239872676e-01 5.592853891670459543e-01 2.214383249886208438e-01 5.006827492034592736e-02 0.000000000000000000e+00
2.550000000000000000e+04 1.019961669638709267e-01 1.884387801547564856e-01 5.392580791989075584e-01 2.296313154301319881e-01 4.267182521620391245e-02 0.000000000000000000e+00
2.575000000000000000e+04 1.029961293850851778e-01 1.921939007737824279e-01 5.202548930359581769e-01 2.216659080564405970e-01 6.588529813381883982e-02 0.000000000000000000e+00
2.600000000000000000e+04 1.039960918062996509e-01 1.917387346381429214e-01 5.061447428311333097e-01 2.447655894401456478e-01 5.735093309057805872e-02 0.000000000000000000e+00
2.625000000000000000e+04 1.049960542275141240e-01 1.972007282658170269e-01 4.847519344560764498e-01 2.645653163404642627e-01 5.348202093764223980e-02 0.000000000000000000e+00
2.650000000000000000e+04 1.059960166487285971e-01 1.570323167956304000e-01 5.003413746017296715e-01 3.140646335912608000e-01 2.856167501137915274e-02 0.000000000000000000e+00
2.675000000000000000e+04 1.069959790699428481e-01 1.494082840236686527e-01 5.011379153390987939e-01 3.322712790168411701e-01 1.718252162039144229e-02 0.000000000000000000e+00
2.700000000000000000e+04 1.079959414911573212e-01 1.458807464724624359e-01 5.070550751024124336e-01 3.285161583978152278e-01 1.854802002730996865e-02 0.000000000000000000e+00
2.725000000000000000e+04 1.089959039123717943e-01 1.471324533454710926e-01 5.055757851615839682e-01 3.299954483386435822e-01 1.729631315430131891e-02 0.000000000000000000e+00
2.750000000000000000e+04 1.099958663335862674e-01 1.561219845243513871e-01 4.954483386436049352e-01 3.299954483386435822e-01 1.843422849340009204e-02 0.000000000000000000e+00
2.775000000000000000e+04 1.109958287548005185e-01 1.594219390077378229e-01 4.885070550751023921e-01 3.265817023213473114e-01 2.548930359581247015e-02 0.000000000000000000e+00
2.800000000000000000e+04 1.119957911760149916e-01 1.667045971779699542e-01 4.850933090578061213e-01 3.237369139736003820e-01 2.446517979062357712e-02 0.000000000000000000e+00
2.825000000000000000e+04 1.129957535972294647e-01 1.763768775603095085e-01 4.689349112426035582e-01 3.269230769230769273e-01 2.776513427401001294e-02 0.000000000000000000e+00
2.850000000000000000e+04 1.139957160184439378e-01 1.779699590350477811e-01 4.593764223941738667e-01 3.270368684569868178e-01 3.561675011379153433e-02 0.000000000000000000e+00
2.875000000000000000e+04 1.149956784396581888e-01 1.886663632225762388e-01 4.403732362312243742e-01 3.334091943559399085e-01 3.755120619025944378e-02 0.000000000000000000e+00
2.900000000000000000e+04 1.159956408608726619e-01 1.991351843422849432e-01 4.313837050523440797e-01 3.330678197542102925e-01 3.641329085116067066e-02 0.000000000000000000e+00
2.925000000000000000e+04 1.169956032820871350e-01 1.923076923076923184e-01 4.390077378243058548e-01 3.359126081019572219e-01 3.277196176604460498e-02 0.000000000000000000e+00
2.950000000000000000e+04 1.179955657033016081e-01 2.192762858443331742e-01 3.865498406918525531e-01 3.241920801092398885e-01 6.998179335457442585e-02 0.000000000000000000e+00
2.975000000000000000e+04 1.189955281245160812e-01 2.418070095584888557e-01 3.551433773327264398e-01 3.147473827947200875e-01 8.830223031406463086e-02 0.000000000000000000e+00
3.000000000000000000e+04 1.199954905457303322e-01 2.591033227127901850e-01 3.141784251251706905e-01 2.961993627674101015e-01 1.305188893946290507e-01 0.000000000000000000e+00
3.025000000000000000e+04 1.209954529669448053e-01 2.938097405553026786e-01 2.705962676376877374e-01 2.719617660446062568e-01 1.636322257624032717e-01 0.000000000000000000e+00
3.050000000000000000e+04 1.219954153881592784e-01 2.950614474283113076e-01 2.368001820664542567e-01 2.735548475193445572e-01 1.945835229858898507e-01 0.000000000000000000e+00
3.075000000000000000e+04 1.229953778093737515e-01 2.768548020027309930e-01 2.132453345471096995e-01 2.694583522985889990e-01 2.404415111515703363e-01 0.000000000000000000e+00
3.100000000000000000e+04 1.239953402305880026e-01 2.844788347746927681e-01 1.989076012744651900e-01 2.564861174328629811e-01 2.601274465179790885e-01 0.000000000000000000e+00
3.125000000000000000e+04 1.249953026518024757e-01 2.943786982248520756e-01 1.781975421028675344e-01 2.324761037778789174e-01 2.949476558944014726e-01 0.000000000000000000e+00
3.150000000000000000e+04 1.259952650730169488e-01 2.966545289030496080e-01 1.670459717796995980e-01 2.311106053709603980e-01 3.051888939462903960e-01 0.000000000000000000e+00
3.175000000000000000e+04 1.269952274942314219e-01 3.066681838871188059e-01 1.645425580336822846e-01 2.476103777878925771e-01 2.811788802913063323e-01 0.000000000000000000e+00
3.200000000000000000e+04 1.279951899154456729e-01 3.355712335002276059e-01 1.492944924897587622e-01 2.565999089667728716e-01 2.585343650432407880e-01 0.000000000000000000e+00
3.225000000000000000e+04 1.289951523366601460e-01 3.213472917614929592e-01 1.511151570323167881e-01 2.600136549840691980e-01 2.675238962221210826e-01 0.000000000000000000e+00
3.250000000000000000e+04 1.299951147578746191e-01 3.112198452435138707e-01 1.543013199817933612e-01 2.767410104688211026e-01 2.577378243058716656e-01 0.000000000000000000e+00
3.275000000000000000e+04 1.309950771790890922e-01 3.088302230314064478e-01 1.412152935821574806e-01 2.786754665452890189e-01 2.712790168411470249e-01 0.000000000000000000e+00
3.300000000000000000e+04 1.319950396003033433e-01 3.204369594902139462e-01 1.367774237596722786e-01 2.844788347746927681e-01 2.583067819754210070e-01 0.000000000000000000e+00
3.325000000000000000e+04 1.329950020215178164e-01 3.134956759217114031e-01 1.376877560309512916e-01 2.868684569868001910e-01 2.619481110605371144e-01 0.000000000000000000e+00
3.350000000000000000e+04 1.339949644427322895e-01 3.100819299044151323e-01 1.334774692762858428e-01 2.982476103777879084e-01 2.581929904415111721e-01 0.000000000000000000e+00
3.375000000000000000e+04 1.349949268639467626e-01 3.048475193445607800e-01 1.230086481565771522e-01 2.973372781065088954e-01 2.748065543923531862e-01 0.000000000000000000e+00
3.400000000000000000e+04 1.359948892851610136e-01 3.128129267182521711e-01 1.145880746472462408e-01 3.001820664542558248e-01 2.724169321802457633e-01 0.000000000000000000e+00
3.425000000000000000e+04 1.369948517063754867e-01 3.119025944469731582e-01 1.106053709604005453e-01 3.097405553026854608e-01 2.677514792899408080e-01 0.000000000000000000e+00
3.450000000000000000e+04 1.379948141275899598e-01 2.919890760127446527e-01 1.044606281292671801e-01 3.219162494310423561e-01 2.816340464269458388e-01 0.000000000000000000e+00
3.475000000000000000e+04 1.389947765488044329e-01 2.979062357760582369e-01 1.054847519344560697e-01 3.268092853891670369e-01 2.697997269003186149e-01 0.000000000000000000e+00
3.500000000000000000e+04 1.399947389700189060e-01 3.033682294037323701e-01 1.048020027309968100e-01 3.280609922621757213e-01 2.637687756030951403e-01 0.000000000000000000e+00
3.525000000000000000e+04 1.409947013912331570e-01 2.957441966317705950e-01 9.626763768775603580e-02 3.344333181611288119e-01 2.735548475193445572e-01 0.000000000000000000e+00
3.550000000000000000e+04 1.419946638124476301e-01 2.869822485207100815e-01 9.877105143377332142e-02 3.331816112881201830e-01 2.810650887573964418e-01 0.000000000000000000e+00
3.575000000000000000e+04 1.429946262336621032e-01 3.070095584888484219e-01 9.365043240782885969e-02 3.406918525261720676e-01 2.586481565771506785e-01 0.000000000000000000e+00
3.600000000000000000e+04 1.439945886548765763e-01 2.966545289030496080e-01 9.171597633136094330e-02 3.495675921711424716e-01 2.620619025944469493e-01 0.000000000000000000e+00
3.625000000000000000e+04 1.449945510760908274e-01 2.859581247155211781e-01 8.761948111060537114e-02 3.526399635867091265e-01 2.737824305871643382e-01 0.000000000000000000e+00
3.650000000000000000e+04 1.459945134973053005e-01 3.026854802002730827e-01 8.306781975421029252e-02 3.528675466545289074e-01 2.613791533909877174e-01 0.000000000000000000e+00
3.675000000000000000e+04 1.469944759185197736e-01 3.024578971324533572e-01 8.010923987255348655e-02 3.543468365953573174e-01 2.630860263996358528e-01 0.000000000000000000e+00
3.700000000000000000e+04 1.479944383397342467e-01 2.878925807919890945e-01 7.908511606736458310e-02 3.701638598088302090e-01 2.628584433318161273e-01 0.000000000000000000e+00
3.725000000000000000e+04 1.489944007609484977e-01 3.081474738279472159e-01 7.589895311788802390e-02 3.848429676832043622e-01 2.311106053709603980e-01 0.000000000000000000e+00
3.750000000000000000e+04 1.499943631821629708e-01 3.010923987255348377e-01 7.476103777878925771e-02 3.958807464724624636e-01 2.282658170232134687e-01 0.000000000000000000e+00
3.775000000000000000e+04 1.509943256033774439e-01 2.934683659535730627e-01 7.316795630405098505e-02 4.037323623122439642e-01 2.296313154301319881e-01 0.000000000000000000e+00
3.800000000000000000e+04 1.519942880245919170e-01 2.894856622667273394e-01 6.941283568502502888e-02 4.148839326354119006e-01 2.262175694128356895e-01 0.000000000000000000e+00
3.825000000000000000e+04 1.529942504458061681e-01 2.944924897587619661e-01 7.191624943104232837e-02 4.238734638142921951e-01 2.097177969959035104e-01 0.000000000000000000e+00
3.850000000000000000e+04 1.539942128670206412e-01 2.922166590805644337e-01 7.680928538916705073e-02 4.269458352298589054e-01 2.040282203004096517e-01 0.000000000000000000e+00
3.875000000000000000e+04 1.549941752882351143e-01 2.957441966317705950e-01 6.975421028675465873e-02 4.246700045516613731e-01 2.098315885298133732e-01 0.000000000000000000e+00
3.900000000000000000e+04 1.559941377094495873e-01 2.933545744196631722e-01 7.510241238051888757e-02 4.373008648156577194e-01 1.942421483841602070e-01 0.000000000000000000e+00
3.925000000000000000e+04 1.569941001306638384e-01 3.000682749203459343e-01 6.952662721893490549e-02 4.366181156121984319e-01 1.937869822485207005e-01 0.000000000000000000e+00
3.950000000000000000e+04 1.579940625518783115e-01 2.833409194355939742e-01 6.986800182066454923e-02 4.429904415111515781e-01 2.038006372325898985e-01 0.000000000000000000e+00
3.975000000000000000e+04 1.589940249730927846e-01 2.822030040964952358e-01 6.395084205735093730e-02 4.503868912152935722e-01 2.034592626308602548e-01 0.000000000000000000e+00
4.000000000000000000e+04 1.599939873943072577e-01 2.803823395539372099e-01 6.520254893035958010e-02 4.597177969959034827e-01 1.946973145197997135e-01 0.000000000000000000e+00
4.025000000000000000e+04 1.609939498155215087e-01 2.773099681383704995e-01 7.077833409194356218e-02 4.839553937187073274e-01 1.679563040509786109e-01 0.000000000000000000e+00
4.050000000000000000e+04 1.619939122367359818e-01 2.820892125625853453e-01 6.850250341374601593e-02 4.813381884387801790e-01 1.680700955848884737e-01 0.000000000000000000e+00
4.075000000000000000e+04 1.629938746579504549e-01 2.784478834774692935e-01 7.259899863450158808e-02 4.986345015930814806e-01 1.503186162949476656e-01 0.000000000000000000e+00
4.100000000000000000e+04 1.639938370791649280e-01 2.811788802913063323e-01 6.895766954938552240e-02 5.108101957214383759e-01 1.390532544378698110e-01 0.000000000000000000e+00
4.125000000000000000e+04 1.649937995003794011e-01 2.727583067819754348e-01 7.248520710059171146e-02 5.094446973145198010e-01 1.453117888029130667e-01 0.000000000000000000e+00
4.150000000000000000e+04 1.659937619215936522e-01 2.641101502048247562e-01 7.316795630405098505e-02 5.213928083750568598e-01 1.413290851160673711e-01 0.000000000000000000e+00
4.175000000000000000e+04 1.669937243428081253e-01 2.580791989076012816e-01 7.373691397360036814e-02 5.336822940373235902e-01 1.345015930814747462e-01 0.000000000000000000e+00
4.200000000000000000e+04 1.679936867640225984e-01 2.653618570778333852e-01 7.510241238051888757e-02 5.367546654528903005e-01 1.227810650887573990e-01 0.000000000000000000e+00
4.225000000000000000e+04 1.689936491852370715e-01 2.649066909421938787e-01 7.430587164314975124e-02 5.418752844788348177e-01 1.189121529358215801e-01 0.000000000000000000e+00
4.250000000000000000e+04 1.699936116064513225e-01 2.577378243058716656e-01 7.749203459262631044e-02 5.538233955393718766e-01 1.109467455621301751e-01 0.000000000000000000e+00
4.275000000000000000e+04 1.709935740276657956e-01 2.611515703231679364e-01 7.498862084660901095e-02 5.554164770141101215e-01 1.084433318161128756e-01 0.000000000000000000e+00
4.300000000000000000e+04 1.719935364488802687e-01 2.597860719162494170e-01 7.510241238051888757e-02 5.517751479289940697e-01 1.133363677742375980e-01 0.000000000000000000e+00
4.325000000000000000e+04 1.729934988700947418e-01 2.597860719162494170e-01 7.419208010923987462e-02 5.454028220300409791e-01 1.206190259444697294e-01 0.000000000000000000e+00
4.350000000000000000e+04 1.739934612913089929e-01 2.660446062812926726e-01 7.521620391442876419e-02 5.521165225307237412e-01 1.066226672735548497e-01 0.000000000000000000e+00
4.375000000000000000e+04 1.749934237125234660e-01 2.631998179335457433e-01 7.658170232134729749e-02 5.563268092853891345e-01 1.038916704597177970e-01 0.000000000000000000e+00
4.400000000000000000e+04 1.759933861337379390e-01 2.672963131543013016e-01 7.760582612653618706e-02 5.587164314974966128e-01 9.638142922166591242e-02 0.000000000000000000e+00
4.425000000000000000e+04 1.769933485549524121e-01 2.591033227127901850e-01 8.067819754210286964e-02 5.705507510241237812e-01 8.966772872098316416e-02 0.000000000000000000e+00
4.450000000000000000e+04 1.779933109761666632e-01 2.617205279927173334e-01 8.090578060992262288e-02 5.680473372781065233e-01 8.932635411925353430e-02 0.000000000000000000e+00
4.475000000000000000e+04 1.789932733973811363e-01 2.457897132453345512e-01 8.636777423759672834e-02 5.755575785161584079e-01 9.228493400091032639e-02 0.000000000000000000e+00
4.500000000000000000e+04 1.799932358185956094e-01 2.532999544833864358e-01 8.682294037323623481e-02 5.670232134729176199e-01 9.285389167045972336e-02 0.000000000000000000e+00
4.525000000000000000e+04 1.809931982398100825e-01 2.594446973145198010e-01 8.363677742375967561e-02 5.688438780154756458e-01 8.807464724624487762e-02 0.000000000000000000e+00
4.550000000000000000e+04 1.819931606610243335e-01 2.595584888484296915e-01 8.181611288120163583e-02 5.724852071005916976e-01 8.614019116977697510e-02 0.000000000000000000e+00
4.575000000000000000e+04 1.829931230822388066e-01 2.468138370505234547e-01 8.284023668639053928e-02 5.748748293126991760e-01 9.547109695038688559e-02 0.000000000000000000e+00
4.600000000000000000e+04 1.839930855034532797e-01 2.552344105598543522e-01 7.942649066909421296e-02 5.686162949476558648e-01 9.672280382339554228e-02 0.000000000000000000e+00
4.625000000000000000e+04 1.849930479246677528e-01 2.370277651342740100e-01 8.340919435593992237e-02 5.889849795175239322e-01 9.057806099226217711e-02 0.000000000000000000e+00
4.650000000000000000e+04 1.859930103458822259e-01 2.355484751934456000e-01 8.238507055075101893e-02 5.943331816112881194e-01 8.773327264451524776e-02 0.000000000000000000e+00
4.675000000000000000e+04 1.869929727670964770e-01 2.123350022758306865e-01 9.274010013654984674e-02 6.073054164770140817e-01 8.761948111060537114e-02 0.000000000000000000e+00
4.700000000000000000e+04 1.879929351883109501e-01 2.026627218934911323e-01 9.865725989986344480e-02 6.154984069185253093e-01 8.318161128812016913e-02 0.000000000000000000e+00
4.725000000000000000e+04 1.889928976095254232e-01 1.985662266727355463e-01 1.013882567137004975e-01 6.205052344105598250e-01 7.954028220300408958e-02 0.000000000000000000e+00
4.750000000000000000e+04 1.899928600307398963e-01 1.828629949931725174e-01 1.021847974510696339e-01 6.385980883022303045e-01 7.635411925352754425e-02 0.000000000000000000e+00
4.775000000000000000e+04 1.909928224519541473e-01 1.696631770596267741e-01 1.055985434683659602e-01 6.502048247610378029e-01 7.453345471096950448e-02 0.000000000000000000e+00
4.800000000000000000e+04 1.919927848731686204e-01 1.480427856167501055e-01 1.112881201638598050e-01 6.829767865270823801e-01 5.769230769230769551e-02 0.000000000000000000e+00
4.825000000000000000e+04 1.929927472943830935e-01 1.415566681838871244e-01 1.166363222576240338e-01 6.903732362312243742e-01 5.143377332726445372e-02 0.000000000000000000e+00
4.850000000000000000e+04 1.939927097155975666e-01 1.416704597177969871e-01 1.152708238507055144e-01 6.915111515703231682e-01 5.154756486117433034e-02 0.000000000000000000e+00
4.875000000000000000e+04 1.949926721368118177e-01 1.381429221665907980e-01 1.152708238507055144e-01 6.944697314519799880e-01 5.211652253072371344e-02 0.000000000000000000e+00
4.900000000000000000e+04 1.959926345580262907e-01 1.388256713700500578e-01 1.147018661811561174e-01 6.982248520710059303e-01 4.824761037778789452e-02 0.000000000000000000e+00
4.925000000000000000e+04 1.969925969792407638e-01 1.301775147928994070e-01 1.233500227583067821e-01 7.010696404187528596e-01 4.540282203004096517e-02 0.000000000000000000e+00
4.950000000000000000e+04 1.979925594004552369e-01 1.341602184797451025e-01 1.238051888939462886e-01 7.003868912152936277e-01 4.164770141101502288e-02 0.000000000000000000e+00
4.975000000000000000e+04 1.989925218216694880e-01 1.315430131998179264e-01 1.231224396904870289e-01 7.044833864360491305e-01 4.085116067364587961e-02 0.000000000000000000e+00
5.000000000000000000e+04 1.999924842428839611e-01 1.299499317250796537e-01 1.217569412835685094e-01 7.094902139280837572e-01 3.880291306326809353e-02 0.000000000000000000e+00
5.025000000000000000e+04 2.009924466640984342e-01 1.321119708693673234e-01 1.258534365043240677e-01 7.024351388256713236e-01 3.959945380063722986e-02 0.000000000000000000e+00
5.050000000000000000e+04 2.019924090853129073e-01 1.272189349112426149e-01 1.370050068274920319e-01 7.016385980883022011e-01 3.413746017296313134e-02 0.000000000000000000e+00
5.075000000000000000e+04 2.029923715065271583e-01 1.243741465634956717e-01 1.395084205735093175e-01 7.032316795630405570e-01 3.288575329995448160e-02 0.000000000000000000e+00
5.100000000000000000e+04 2.039923339277416314e-01 1.274465179790623681e-01 1.373463814292216756e-01 7.049385525716886924e-01 3.026854802002730896e-02 0.000000000000000000e+00
5.125000000000000000e+04 2.049922963489561045e-01 1.268775603095129711e-01 1.373463814292216756e-01 7.048247610377788019e-01 3.095129722348657214e-02 0.000000000000000000e+00
5.150000000000000000e+04 2.059922587701705776e-01 1.243741465634956717e-01 1.389394629039599482e-01 7.040282203004096795e-01 3.265817023213472836e-02 0.000000000000000000e+00
5.175000000000000000e+04 2.069922211913848287e-01 1.272189349112426149e-01 1.407601274465179741e-01 7.083522985889849632e-01 2.366863905325443732e-02 0.000000000000000000e+00
5.200000000000000000e+04 2.079921836125993018e-01 1.220983158852981393e-01 1.411015020482476179e-01 7.094902139280837572e-01 2.730996813837050646e-02 0.000000000000000000e+00
5.225000000000000000e+04 2.089921460338137749e-01 1.246017296313154249e-01 1.425807919890760000e-01 7.073281747837960598e-01 2.548930359581247015e-02 0.000000000000000000e+00
5.250000000000000000e+04 2.099921084550282480e-01 1.288120163859808875e-01 1.404187528447883582e-01 7.057350933090578149e-01 2.503413746017296368e-02 0.000000000000000000e+00
5.275000000000000000e+04 2.109920708762427211e-01 1.222121074192080159e-01 1.425807919890760000e-01 7.086936731907146347e-01 2.651342740100136666e-02 0.000000000000000000e+00
5.300000000000000000e+04 2.119920332974569721e-01 1.282430587164314906e-01 1.417842512517068776e-01 7.084660901228948537e-01 2.150659990896677115e-02 0.000000000000000000e+00
5.325000000000000000e+04 2.129919957186714452e-01 1.280154756486117373e-01 1.418980427856167403e-01 7.040282203004096795e-01 2.605826126536185672e-02 0.000000000000000000e+00
5.350000000000000000e+04 2.139919581398859183e-01 1.226672735548475224e-01 1.431497496586253970e-01 7.083522985889849632e-01 2.583067819754210348e-02 0.000000000000000000e+00
5.375000000000000000e+04 2.149919205611003914e-01 1.242603550295857950e-01 1.436049157942649035e-01 7.076695493855257313e-01 2.446517979062357712e-02 0.000000000000000000e+00
5.400000000000000000e+04 2.159918829823146424e-01 1.198224852071005930e-01 1.436049157942649035e-01 7.096040054619936477e-01 2.696859353664087314e-02 0.000000000000000000e+00
5.425000000000000000e+04 2.169918454035291155e-01 1.285844333181611343e-01 1.426945835229858905e-01 7.086936731907146347e-01 2.002730996813837164e-02 0.000000000000000000e+00
5.450000000000000000e+04 2.179918078247435886e-01 1.231224396904870289e-01 1.421256258534364936e-01 7.148384160218479444e-01 1.991351843422849502e-02 0.000000000000000000e+00
5.475000000000000000e+04 2.189917702459580617e-01 1.263086026399635742e-01 1.423532089212562468e-01 7.109695038689121116e-01 2.036868456986800149e-02 0.000000000000000000e+00
5.500000000000000000e+04 2.199917326671723128e-01 1.308602639963586667e-01 1.416704597177969871e-01 7.088074647246245252e-01 1.866181156121984527e-02 0.000000000000000000e+00
5.525000000000000000e+04 2.209916950883867859e-01 1.315430131998179264e-01 1.404187528447883582e-01 7.115384615384615641e-01 1.649977241693217911e-02 0.000000000000000000e+00
5.550000000000000000e+04 2.219916575096012590e-01 1.268775603095129711e-01 1.441738734638143005e-01 7.094902139280837572e-01 1.945835229858898507e-02 0.000000000000000000e+00
5.575000000000000000e+04 2.229916199308157321e-01 1.284706417842512438e-01 1.446290395994538069e-01 7.088074647246245252e-01 1.809285389167045871e-02 0.000000000000000000e+00
5.600000000000000000e+04 2.239915823520299831e-01 1.288120163859808875e-01 1.425807919890760000e-01 7.109695038689121116e-01 1.763768775603095224e-02 0.000000000000000000e+00
5.625000000000000000e+04 2.249915447732444562e-01 1.280154756486117373e-01 1.441738734638143005e-01 7.114246700045516736e-01 1.638598088302230249e-02 0.000000000000000000e+00
5.650000000000000000e+04 2.259915071944589293e-01 1.256258534365043145e-01 1.436049157942649035e-01 7.125625853436504675e-01 1.820664542558033533e-02 0.000000000000000000e+00
5.675000000000000000e+04 2.269914696156734024e-01 1.343878015475648557e-01 1.425807919890760000e-01 7.086936731907146347e-01 1.433773327264451468e-02 0.000000000000000000e+00
