# itime ezz other fcc hcp bcc ico
0.000000000000000000e+00 0.000000000000000000e+00 9.103322712790168532e-04 9.990896677287209870e-01 0.000000000000000000e+00 0.000000000000000000e+00 0.000000000000000000e+00
3.000000000000000000e+00 1.200003053633880157e-03 5.689576695493854790e-04 9.994310423304506585e-01 0.000000000000000000e+00 0.000000000000000000e+00 0.000000000000000000e+00
6.000000000000000000e+00 2.400006107267760314e-03 6.827492034592626399e-04 9.993172507965407680e-01 0.000000000000000000e+00 0.000000000000000000e+00 0.000000000000000000e+00
9.000000000000000000e+00 3.600009160901640470e-03 6.827492034592626399e-04 9.993172507965407680e-01 0.000000000000000000e+00 0.000000000000000000e+00 0.000000000000000000e+00
1.200000000000000000e+01 4.800012214535520627e-03 6.827492034592626399e-04 9.992034592626308775e-01 0.000000000000000000e+00 1.137915339098771066e-04 0.000000000000000000e+00
1.500000000000000000e+01 6.000015268169400784e-03 1.137915339098770958e-03 9.988620846609012061e-01 0.000000000000000000e+00 0.000000000000000000e+00 0.000000000000000000e+00
1.800000000000000000e+01 7.200018321803280941e-03 1.934456076467910759e-03 9.980655439235320836e-01 0.000000000000000000e+00 0.000000000000000000e+00 0.000000000000000000e+00
2.100000000000000000e+01 8.400021375437161097e-03 1.820664542558033706e-03 9.981793354574419741e-01 0.000000000000000000e+00 0.000000000000000000e+00 0.000000000000000000e+00
2.400000000000000000e+01 9.600024429070819210e-03 1.820664542558033706e-03 9.981793354574419741e-01 0.000000000000000000e+00 0.000000000000000000e+00 0.000000000000000000e+00
2.700000000000000000e+01 1.080002748270469937e-02 1.479289940828402332e-03 9.985207100591716456e-01 0.000000000000000000e+00 0.000000000000000000e+00 0.000000000000000000e+00
3.000000000000000000e+01 1.200003053633857952e-02 1.706873008648156654e-03 9.982931269913518646e-01 0.000000000000000000e+00 0.000000000000000000e+00 0.000000000000000000e+00
3.300000000000000000e+01 1.320003358997245968e-02 1.365498406918525280e-03 9.986345015930814251e-01 0.000000000000000000e+00 0.000000000000000000e+00 0.000000000000000000e+00
3.600000000000000000e+01 1.440003664360633984e-02 1.251706873008648227e-03 9.987482931269913156e-01 0.000000000000000000e+00 0.000000000000000000e+00 0.000000000000000000e+00
3.900000000000000000e+01 1.560003969724021999e-02 6.827492034592626399e-04 9.993172507965407680e-01 0.000000000000000000e+00 0.000000000000000000e+00 0.000000000000000000e+00
4.200000000000000000e+01 1.680004275087410015e-02 1.137915339098770958e-03 9.988620846609012061e-01 0.000000000000000000e+00 0.000000000000000000e+00 0.000000000000000000e+00
4.500000000000000000e+01 1.800004580450798031e-02 1.593081474738279385e-03 9.984069185252617551e-01 0.000000000000000000e+00 0.000000000000000000e+00 0.000000000000000000e+00
4.800000000000000000e+01 1.920004885814186046e-02 2.275830678197541916e-03 9.977241693218024121e-01 0.000000000000000000e+00 0.000000000000000000e+00 0.000000000000000000e+00
5.100000000000000000e+01 2.040005191177574062e-02 2.958579881656804664e-03 9.970414201183431802e-01 0.000000000000000000e+00 0.000000000000000000e+00 0.000000000000000000e+00
5.400000000000000000e+01 2.160005496540962078e-02 2.617205279927173507e-03 9.973827947200728516e-01 0.000000000000000000e+00 0.000000000000000000e+00 0.000000000000000000e+00
5.700000000000000000e+01 2.280005801904350093e-02 2.389622212107419402e-03 9.976103777878926326e-01 0.000000000000000000e+00 0.000000000000000000e+00 0.000000000000000000e+00
6.000000000000000000e+01 2.400006107267738109e-02 2.844788347746927612e-03 9.971552116522530707e-01 0.000000000000000000e+00 0.000000000000000000e+00 0.000000000000000000e+00
6.300000000000000000e+01 2.520006412631126125e-02 1.137915339098770958e-03 9.988620846609012061e-01 0.000000000000000000e+00 0.000000000000000000e+00 0.000000000000000000e+00
6.600000000000000000e+01 2.640006717994514140e-02 1.934456076467910759e-03 9.980655439235320836e-01 0.000000000000000000e+00 0.000000000000000000e+00 0.000000000000000000e+00
6.900000000000000000e+01 2.760007023357902156e-02 2.275830678197541916e-03 9.976103777878926326e-01 0.000000000000000000e+00 1.137915339098771066e-04 0.000000000000000000e+00
7.200000000000000000e+01 2.880007328721267967e-02 2.503413746017296455e-03 9.974965862539827421e-01 0.000000000000000000e+00 0.000000000000000000e+00 0.000000000000000000e+00
7.500000000000000000e+01 3.000007634084655983e-02 2.958579881656804664e-03 9.969276285844332897e-01 0.000000000000000000e+00 1.137915339098771066e-04 0.000000000000000000e+00
7.800000000000000000e+01 3.120007939448043999e-02 5.006827492034592909e-03 9.948793809740554828e-01 0.000000000000000000e+00 1.137915339098771066e-04 0.000000000000000000e+00
8.100000000000000000e+01 3.240008244811432014e-02 4.893035958124715423e-03 9.951069640418752638e-01 0.000000000000000000e+00 0.000000000000000000e+00 0.000000000000000000e+00
8.400000000000000000e+01 3.360008550174820030e-02 3.868912152935821518e-03 9.961310878470641672e-01 0.000000000000000000e+00 0.000000000000000000e+00 0.000000000000000000e+00
8.700000000000000000e+01 3.480008855538208046e-02 4.096495220755575623e-03 9.959035047792443862e-01 0.000000000000000000e+00 0.000000000000000000e+00 0.000000000000000000e+00
9.000000000000000000e+01 3.600009160901596061e-02 4.210286754665453109e-03 9.955621301775148257e-01 0.000000000000000000e+00 2.275830678197542133e-04 0.000000000000000000e+00
9.300000000000000000e+01 3.720009466264984077e-02 4.324078288575329727e-03 9.955621301775148257e-01 0.000000000000000000e+00 1.137915339098771066e-04 0.000000000000000000e+00
9.600000000000000000e+01 3.840009771628372093e-02 4.324078288575329727e-03 9.956759217114247162e-01 0.000000000000000000e+00 0.000000000000000000e+00 0.000000000000000000e+00
9.900000000000000000e+01 3.960010076991760108e-02 5.461993627674101119e-03 9.944242148384160318e-01 0.000000000000000000e+00 1.137915339098771066e-04 0.000000000000000000e+00
1.020000000000000000e+02 4.080010382355148124e-02 5.120619025944469528e-03 9.944242148384160318e-01 0.000000000000000000e+00 4.551661356395084266e-04 0.000000000000000000e+00
1.050000000000000000e+02 4.200010687718536140e-02 6.713700500682749130e-03 9.930587164314974569e-01 0.000000000000000000e+00 2.275830678197542133e-04 0.000000000000000000e+00
1.080000000000000000e+02 4.320010993081924155e-02 9.330905780609922637e-03 9.905553026854801990e-01 0.000000000000000000e+00 1.137915339098771066e-04 0.000000000000000000e+00
1.110000000000000000e+02 4.440011298445312171e-02 1.137915339098771045e-02 9.883932635411925016e-01 0.000000000000000000e+00 2.275830678197542133e-04 0.000000000000000000e+00
1.140000000000000000e+02 4.560011603808700187e-02 1.206190259444697363e-02 9.874829312699134887e-01 0.000000000000000000e+00 4.551661356395084266e-04 0.000000000000000000e+00
1.170000000000000000e+02 4.680011909172088203e-02 1.126536185707783383e-02 9.885070550751023921e-01 0.000000000000000000e+00 2.275830678197542133e-04 0.000000000000000000e+00
1.200000000000000000e+02 4.800012214535454014e-02 1.194811106053709528e-02 9.875967228038233792e-01 0.000000000000000000e+00 4.551661356395084266e-04 0.000000000000000000e+00
1.230000000000000000e+02 4.920012519898842029e-02 1.126536185707783383e-02 9.885070550751023921e-01 0.000000000000000000e+00 2.275830678197542133e-04 0.000000000000000000e+00
1.260000000000000000e+02 5.040012825262230045e-02 1.069640418752844727e-02 9.886208466090122826e-01 0.000000000000000000e+00 6.827492034592626399e-04 0.000000000000000000e+00
1.290000000000000000e+02 5.160013130625618061e-02 1.285844333181611343e-02 9.868001820664542567e-01 0.000000000000000000e+00 3.413746017296313199e-04 0.000000000000000000e+00
1.320000000000000000e+02 5.280013435989006076e-02 1.422394173873463806e-02 9.853208921256259023e-01 0.000000000000000000e+00 4.551661356395084266e-04 0.000000000000000000e+00
1.350000000000000000e+02 5.400013741352394092e-02 1.479289940828402289e-02 9.846381429221665593e-01 0.000000000000000000e+00 5.689576695493854790e-04 0.000000000000000000e+00
1.380000000000000000e+02 5.520014046715782108e-02 1.342740100136549826e-02 9.860036413290851343e-01 0.000000000000000000e+00 5.689576695493854790e-04 0.000000000000000000e+00
1.410000000000000000e+02 5.640014352079170123e-02 1.308602639963586667e-02 9.858898497951752438e-01 0.000000000000000000e+00 1.024123805188893906e-03 0.000000000000000000e+00
1.440000000000000000e+02 5.760014657442558139e-02 1.524806554392353283e-02 9.838416021847974369e-01 0.000000000000000000e+00 9.103322712790168532e-04 0.000000000000000000e+00
1.470000000000000000e+02 5.880014962805946155e-02 1.661356395084205573e-02 9.824761037778789730e-01 0.000000000000000000e+00 9.103322712790168532e-04 0.000000000000000000e+00
1.500000000000000000e+02 6.000015268169334171e-02 1.706873008648156567e-02 9.821347291761493015e-01 0.000000000000000000e+00 7.965407373691396923e-04 0.000000000000000000e+00
1.530000000000000000e+02 6.120015573532722186e-02 1.797906235776058209e-02 9.816795630405097395e-01 0.000000000000000000e+00 3.413746017296313199e-04 0.000000000000000000e+00
1.560000000000000000e+02 6.240015878896110202e-02 2.150659990896677115e-02 9.775830678197542367e-01 0.000000000000000000e+00 9.103322712790168532e-04 0.000000000000000000e+00
1.590000000000000000e+02 6.360016184259498218e-02 2.651342740100136666e-02 9.726900318616295005e-01 0.000000000000000000e+00 7.965407373691396923e-04 0.000000000000000000e+00
1.620000000000000000e+02 6.480016489622886233e-02 2.822030040964952288e-02 9.710969503868912556e-01 0.000000000000000000e+00 6.827492034592626399e-04 0.000000000000000000e+00
1.650000000000000000e+02 6.600016794986274249e-02 2.594446973145198010e-02 9.729176149294492815e-01 0.000000000000000000e+00 1.137915339098770958e-03 0.000000000000000000e+00
1.680000000000000000e+02 6.720017100349640060e-02 2.503413746017296368e-02 9.739417387346381849e-01 0.000000000000000000e+00 1.024123805188893906e-03 0.000000000000000000e+00
1.710000000000000000e+02 6.840017405713028076e-02 2.753755120619025970e-02 9.715521165225307065e-01 0.000000000000000000e+00 9.103322712790168532e-04 0.000000000000000000e+00
1.740000000000000000e+02 6.960017711076416091e-02 2.901684114701866268e-02 9.696176604460627901e-01 0.000000000000000000e+00 1.365498406918525280e-03 0.000000000000000000e+00
1.770000000000000000e+02 7.080018016439804107e-02 3.049613108784706567e-02 9.676832043695948737e-01 0.000000000000000000e+00 1.820664542558033706e-03 0.000000000000000000e+00
1.800000000000000000e+02 7.200018321803192123e-02 3.459262630860263782e-02 9.635867091488393710e-01 0.000000000000000000e+00 1.820664542558033706e-03 0.000000000000000000e+00
1.830000000000000000e+02 7.320018627166580139e-02 3.550295857988165771e-02 9.619936276741010150e-01 0.000000000000000000e+00 2.503413746017296455e-03 0.000000000000000000e+00
1.860000000000000000e+02 7.440018932529968154e-02 3.982703686845699004e-02 9.576695493855257313e-01 0.000000000000000000e+00 2.503413746017296455e-03 0.000000000000000000e+00
1.890000000000000000e+02 7.560019237893356170e-02 4.267182521620391245e-02 9.542558033682293495e-01 0.000000000000000000e+00 3.072371415566681717e-03 0.000000000000000000e+00
1.920000000000000000e+02 7.680019543256744186e-02 4.665452890304961492e-02 9.506144742831132977e-01 0.000000000000000000e+00 2.730996813837050560e-03 0.000000000000000000e+00
1.950000000000000000e+02 7.800019848620132201e-02 5.166135639508420696e-02 9.469731451979972459e-01 0.000000000000000000e+00 1.365498406918525280e-03 0.000000000000000000e+00
1.980000000000000000e+02 7.920020153983520217e-02 5.678197542102867562e-02 9.415111515703231682e-01 0.000000000000000000e+00 1.706873008648156654e-03 0.000000000000000000e+00
2.010000000000000000e+02 8.040020459346908233e-02 5.939918070095585173e-02 9.382111970869366768e-01 0.000000000000000000e+00 2.389622212107419402e-03 0.000000000000000000e+00
2.040000000000000000e+02 8.160020764710296248e-02 6.235776058261265076e-02 9.346836595357305155e-01 0.000000000000000000e+00 2.958579881656804664e-03 0.000000000000000000e+00
2.070000000000000000e+02 8.280021070073684264e-02 6.702321347291761988e-02 9.300182066454255603e-01 0.000000000000000000e+00 2.958579881656804664e-03 0.000000000000000000e+00
2.100000000000000000e+02 8.400021375437072280e-02 7.271279016841146470e-02 9.237596722803823601e-01 0.000000000000000000e+00 3.527537551206190360e-03 0.000000000000000000e+00
2.130000000000000000e+02 8.520021680800460295e-02 7.999544833864360993e-02 9.147701411015020101e-01 0.000000000000000000e+00 5.234410559854347014e-03 0.000000000000000000e+00
2.160000000000000000e+02 8.640021986163826107e-02 8.682294037323623481e-02 9.083978152025489194e-01 0.000000000000000000e+00 4.779244424214838804e-03 0.000000000000000000e+00
2.190000000000000000e+02 8.760022291527214122e-02 9.194355939918069653e-02 9.037323623122439642e-01 0.000000000000000000e+00 4.324078288575329727e-03 0.000000000000000000e+00
2.220000000000000000e+02 8.880022596890602138e-02 9.569868001820663883e-02 8.986117432862994470e-01 0.000000000000000000e+00 5.689576695493855224e-03 0.000000000000000000e+00
2.250000000000000000e+02 9.000022902253990154e-02 1.046882111970869333e-01 8.883705052344105235e-01 0.000000000000000000e+00 6.941283568502503235e-03 0.000000000000000000e+00
2.280000000000000000e+02 9.120023207617378169e-02 1.156121984524351443e-01 8.756258534365043422e-01 0.000000000000000000e+00 8.761948111060537808e-03 0.000000000000000000e+00
2.310000000000000000e+02 9.240023512980766185e-02 1.240327719617660418e-01 8.675466545289030051e-01 0.000000000000000000e+00 8.420573509330906217e-03 0.000000000000000000e+00
2.340000000000000000e+02 9.360023818344154201e-02 1.345015930814747462e-01 8.573054164770140817e-01 0.000000000000000000e+00 8.192990441511151245e-03 0.000000000000000000e+00
2.370000000000000000e+02 9.480024123707542216e-02 1.433773327264451503e-01 8.483158852981338427e-01 0.000000000000000000e+00 8.306781975421027864e-03 0.000000000000000000e+00
2.400000000000000000e+02 9.600024429070930232e-02 1.448566226672735602e-01 8.459262630860263643e-01 0.000000000000000000e+00 9.217114246700046018e-03 0.000000000000000000e+00
2.430000000000000000e+02 9.720024734434318248e-02 1.478152025489303523e-01 8.409194355939918486e-01 1.137915339098771066e-04 1.115157032316795548e-02 0.000000000000000000e+00
2.460000000000000000e+02 9.840025039797706263e-02 1.550978607191624836e-01 8.335229858898497435e-01 0.000000000000000000e+00 1.137915339098771045e-02 0.000000000000000000e+00
2.490000000000000000e+02 9.960025345161094279e-02 1.659080564406008318e-01 8.222576240327719166e-01 0.000000000000000000e+00 1.183431952662721866e-02 0.000000000000000000e+00
2.520000000000000000e+02 1.008002565052448229e-01 1.717114246700045532e-01 8.132680928538916776e-01 0.000000000000000000e+00 1.502048247610377786e-02 0.000000000000000000e+00
2.550000000000000000e+02 1.020002595588787031e-01 1.833181611288120239e-01 7.994993172507965928e-01 0.000000000000000000e+00 1.718252162039144229e-02 0.000000000000000000e+00
2.580000000000000000e+02 1.032002626125125833e-01 1.894629039599453890e-01 7.931269913518433912e-01 0.000000000000000000e+00 1.741010468821119553e-02 0.000000000000000000e+00
2.610000000000000000e+02 1.044002656661464634e-01 1.968593536640873831e-01 7.847064178425124936e-01 0.000000000000000000e+00 1.843422849340009204e-02 0.000000000000000000e+00
2.640000000000000000e+02 1.056002687197801215e-01 2.081247155211652378e-01 7.728720983158853253e-01 0.000000000000000000e+00 1.900318616294947513e-02 0.000000000000000000e+00
2.670000000000000000e+02 1.068002717734140017e-01 2.210969503868912278e-01 7.583067819754210070e-01 0.000000000000000000e+00 2.059626763768775473e-02 0.000000000000000000e+00
2.700000000000000000e+02 1.080002748270478818e-01 2.362312243969048597e-01 7.415794264906691025e-01 0.000000000000000000e+00 2.218934911242603433e-02 0.000000000000000000e+00
2.730000000000000000e+02 1.092002778806817620e-01 2.478379608557123304e-01 7.281520254893035782e-01 0.000000000000000000e+00 2.401001365498407064e-02 0.000000000000000000e+00
2.760000000000000000e+02 1.104002809343156422e-01 2.662721893491124536e-01 7.076695493855257313e-01 0.000000000000000000e+00 2.605826126536185672e-02 0.000000000000000000e+00
2.790000000000000000e+02 1.116002839879495223e-01 2.858443331816112876e-01 6.852526172052799680e-01 1.137915339098771066e-04 2.878925807919890598e-02 0.000000000000000000e+00
2.820000000000000000e+02 1.128002870415834025e-01 3.020027309968138507e-01 6.656804733727810230e-01 1.137915339098771066e-04 3.220300409649522189e-02 0.000000000000000000e+00
2.850000000000000000e+02 1.140002900952172826e-01 3.129267182521620616e-01 6.535047792444241832e-01 1.137915339098771066e-04 3.345471096950387163e-02 0.000000000000000000e+00
2.880000000000000000e+02 1.152002931488511628e-01 3.289713245334547342e-01 6.357532999544833752e-01 1.137915339098771066e-04 3.516158397815202785e-02 0.000000000000000000e+00
2.910000000000000000e+02 1.164002962024850429e-01 3.476331360946745552e-01 6.149294492489758568e-01 1.137915339098771066e-04 3.732362312243969055e-02 0.000000000000000000e+00
2.940000000000000000e+02 1.176002992561189231e-01 3.672052799271734447e-01 5.929676832043695445e-01 0.000000000000000000e+00 3.982703686845699004e-02 0.000000000000000000e+00
2.970000000000000000e+02 1.188003023097528033e-01 3.782430587164314906e-01 5.772644515248065433e-01 1.137915339098771066e-04 4.437869822485206867e-02 0.000000000000000000e+00
3.000000000000000000e+02 1.200003053633866834e-01 3.898497951752389890e-01 5.626991351843423361e-01 2.275830678197542133e-04 4.722348657259899801e-02 0.000000000000000000e+00
3.030000000000000000e+02 1.212003084170205636e-01 4.063495675921711681e-01 5.414201183431952558e-01 3.413746017296313199e-04 5.188893946290396020e-02 0.000000000000000000e+00
3.060000000000000000e+02 1.224003114706544437e-01 4.196631770596267463e-01 5.246927628584433512e-01 2.275830678197542133e-04 5.541647701411014926e-02 0.000000000000000000e+00
3.090000000000000000e+02 1.236003145242883239e-01 4.349112426035502965e-01 5.045516613563950648e-01 4.551661356395084266e-04 6.008192990441511144e-02 0.000000000000000000e+00
3.120000000000000000e+02 1.248003175779219820e-01 4.493627674101046687e-01 4.869139736003641472e-01 4.551661356395084266e-04 6.326809285389166371e-02 0.000000000000000000e+00
3.150000000000000000e+02 1.260003206315558621e-01 4.650659990896677254e-01 4.657487482931270129e-01 4.551661356395084266e-04 6.873008648156576916e-02 0.000000000000000000e+00
3.180000000000000000e+02 1.272003236851897423e-01 4.820209376422394110e-01 4.453800637232590010e-01 9.103322712790168532e-04 7.168866636322257513e-02 0.000000000000000000e+00
3.210000000000000000e+02 1.284003267388236225e-01 4.939690487027765253e-01 4.275147928994083024e-01 1.137915339098770958e-03 7.737824305871643382e-02 0.000000000000000000e+00
3.240000000000000000e+02 1.296003297924575026e-01 5.027309968138370389e-01 4.102184797451069453e-01 1.137915339098770958e-03 8.591260810195720798e-02 0.000000000000000000e+00
3.270000000000000000e+02 1.308003328460913828e-01 5.151342740100136597e-01 3.920118343195266308e-01 1.706873008648156654e-03 9.114701866181156020e-02 0.000000000000000000e+00
3.300000000000000000e+02 1.320003358997252629e-01 5.248065543923532417e-01 3.747155211652253293e-01 2.275830678197541916e-03 9.820209376422393832e-02 0.000000000000000000e+00
3.330000000000000000e+02 1.332003389533591431e-01 5.376649977241693135e-01 3.528675466545289074e-01 3.072371415566681717e-03 1.063950842057350965e-01 0.000000000000000000e+00
3.360000000000000000e+02 1.344003420069930232e-01 5.505234410559853853e-01 3.334091943559399085e-01 3.186162949476558769e-03 1.128812016385980915e-01 0.000000000000000000e+00
3.390000000000000000e+02 1.356003450606269034e-01 5.614474283113336517e-01 3.159990896677287164e-01 3.641329085116067413e-03 1.189121529358215801e-01 0.000000000000000000e+00
3.420000000000000000e+02 1.368003481142607836e-01 5.685025034137459743e-01 3.032544378698224796e-01 3.072371415566681717e-03 1.251706873008648080e-01 0.000000000000000000e+00
3.450000000000000000e+02 1.380003511678946637e-01 5.730541647701411501e-01 2.899408284023668458e-01 4.893035958124715423e-03 1.321119708693673234e-01 0.000000000000000000e+00
3.480000000000000000e+02 1.392003542215285439e-01 5.868229403732362348e-01 2.693445607646791085e-01 4.779244424214838804e-03 1.390532544378698110e-01 0.000000000000000000e+00
3.510000000000000000e+02 1.404003572751624240e-01 6.015020482476103325e-01 2.478379608557123304e-01 5.575785161583977738e-03 1.450842057350933134e-01 0.000000000000000000e+00
3.540000000000000000e+02 1.416003603287963042e-01 6.114019116977696955e-01 2.324761037778789174e-01 5.348202093764223633e-03 1.507737824305871721e-01 0.000000000000000000e+00
3.570000000000000000e+02 1.428003633824301843e-01 6.225534820209376319e-01 2.144970414201183562e-01 5.120619025944469528e-03 1.578288575329995502e-01 0.000000000000000000e+00
3.600000000000000000e+02 1.440003664360638425e-01 6.332498862084661173e-01 1.946973145197997135e-01 5.120619025944469528e-03 1.669321802457897075e-01 0.000000000000000000e+00
3.630000000000000000e+02 1.452003694896977226e-01 6.442876649977241632e-01 1.811561219845243542e-01 6.030951297223486815e-03 1.685252617205279801e-01 0.000000000000000000e+00
3.660000000000000000e+02 1.464003725433316028e-01 6.560081929904415521e-01 1.652253072371415443e-01 5.917159763313609329e-03 1.728493400091033194e-01 0.000000000000000000e+00
3.690000000000000000e+02 1.476003755969654829e-01 6.611288120163859583e-01 1.540737369139736079e-01 6.827492034592626616e-03 1.779699590350477811e-01 0.000000000000000000e+00
3.720000000000000000e+02 1.488003786505993631e-01 6.693218024578971859e-01 1.439462903959945472e-01 6.827492034592626616e-03 1.799044151115156975e-01 0.000000000000000000e+00
3.750000000000000000e+02 1.500003817042332432e-01 6.783113336367774249e-01 1.315430131998179264e-01 7.396449704142011444e-03 1.827492034592626269e-01 0.000000000000000000e+00
3.780000000000000000e+02 1.512003847578671234e-01 6.821802457897132577e-01 1.238051888939462886e-01 8.420573509330906217e-03 1.855939918070095562e-01 0.000000000000000000e+00
3.810000000000000000e+02 1.524003878115010036e-01 6.843422849340009551e-01 1.147018661811561174e-01 9.899863450159307465e-03 1.910559854346836617e-01 0.000000000000000000e+00
3.840000000000000000e+02 1.536003908651348837e-01 6.934456076467910846e-01 1.065088757396449731e-01 9.444697314519799256e-03 1.906008192990441552e-01 0.000000000000000000e+00
3.870000000000000000e+02 1.548003939187687639e-01 6.990213928083750528e-01 9.797451069640418508e-02 1.058261265361857065e-02 1.924214838416021811e-01 0.000000000000000000e+00
3.900000000000000000e+02 1.560003969724026440e-01 7.058488848429677054e-01 9.080564406008193035e-02 1.217569412835685025e-02 1.911697769685935244e-01 0.000000000000000000e+00
3.930000000000000000e+02 1.572004000260365242e-01 7.094902139280837572e-01 8.761948111060537114e-02 1.206190259444697363e-02 1.908284023668639084e-01 0.000000000000000000e+00
3.960000000000000000e+02 1.584004030796704043e-01 7.133591260810195900e-01 8.284023668639053928e-02 1.183431952662721866e-02 1.919663177059626746e-01 0.000000000000000000e+00
3.990000000000000000e+02 1.596004061333042845e-01 7.134729176149294805e-01 7.794720072826581692e-02 1.285844333181611343e-02 1.957214383249886169e-01 0.000000000000000000e+00
4.020000000000000000e+02 1.608004091869381647e-01 7.199590350477924616e-01 7.055075102412380894e-02 1.411015020482476144e-02 1.953800637232590010e-01 0.000000000000000000e+00
4.050000000000000000e+02 1.620004122405720448e-01 7.233727810650887324e-01 6.508875739644970349e-02 1.524806554392353283e-02 1.962903959945380139e-01 0.000000000000000000e+00
4.080000000000000000e+02 1.632004152942057029e-01 7.276968593536641272e-01 6.213017751479289752e-02 1.524806554392353283e-02 1.949248975876194945e-01 0.000000000000000000e+00
4.110000000000000000e+02 1.644004183478395831e-01 7.333864360491579859e-01 5.905780609922621494e-02 1.536185707783340945e-02 1.921939007737824279e-01 0.000000000000000000e+00
4.140000000000000000e+02 1.656004214014734632e-01 7.346381429221665593e-01 5.689576695493855224e-02 1.695493855257168905e-02 1.915111515703231682e-01 0.000000000000000000e+00
4.170000000000000000e+02 1.668004244551073434e-01 7.424897587619481154e-01 5.211652253072371344e-02 1.945835229858898507e-02 1.859353664087392000e-01 0.000000000000000000e+00
4.200000000000000000e+02 1.680004275087412235e-01 7.468138370505233992e-01 4.927173418297678409e-02 1.991351843422849502e-02 1.840009103322712836e-01 0.000000000000000000e+00
4.230000000000000000e+02 1.692004305623751037e-01 7.494310423304506585e-01 4.699590350477924477e-02 1.888939462903959851e-02 1.846836595357305433e-01 0.000000000000000000e+00
4.260000000000000000e+02 1.704004336160089839e-01 7.537551206190259423e-01 4.733727810650887463e-02 1.911697769685935522e-02 1.797906235776058348e-01 0.000000000000000000e+00
4.290000000000000000e+02 1.716004366696428640e-01 7.568274920345926526e-01 4.619936276741010150e-02 1.877560309512972189e-02 1.781975421028675344e-01 0.000000000000000000e+00
4.320000000000000000e+02 1.728004397232767442e-01 7.628584433318160718e-01 4.403732362312243881e-02 1.900318616294947513e-02 1.741010468821119761e-01 0.000000000000000000e+00
4.350000000000000000e+02 1.740004427769106243e-01 7.649066909421938787e-01 4.403732362312243881e-02 1.968593536640873831e-02 1.713700500682749095e-01 0.000000000000000000e+00
4.380000000000000000e+02 1.752004458305445045e-01 7.670687300864815761e-01 4.392353208921256219e-02 1.991351843422849502e-02 1.690942193900773771e-01 0.000000000000000000e+00
4.410000000000000000e+02 1.764004488841783846e-01 7.736686390532544477e-01 4.335457441966317910e-02 2.071005917159763482e-02 1.622667273554847522e-01 0.000000000000000000e+00
4.440000000000000000e+02 1.776004519378122648e-01 7.752617205279926926e-01 4.244424214838415921e-02 2.036868456986800149e-02 1.619253527537551085e-01 0.000000000000000000e+00
4.470000000000000000e+02 1.788004549914461450e-01 7.789030496131087444e-01 4.073736913973600299e-02 2.196176604460628110e-02 1.583978152025489194e-01 0.000000000000000000e+00
4.500000000000000000e+02 1.800004580450800251e-01 7.845926263086026031e-01 3.800637232589895026e-02 2.253072371415566766e-02 1.548702776513427304e-01 0.000000000000000000e+00
4.530000000000000000e+02 1.812004610987139053e-01 7.900546199362767918e-01 3.732362312243969055e-02 2.264451524806554428e-02 1.499772416932180219e-01 0.000000000000000000e+00
4.560000000000000000e+02 1.824004641523475634e-01 7.925580336822940497e-01 3.698224852071006069e-02 2.435138825671370050e-02 1.461083295402822169e-01 0.000000000000000000e+00
4.590000000000000000e+02 1.836004672059814435e-01 7.990441511151570309e-01 3.607191624943104080e-02 2.401001365498407064e-02 1.408739189804278646e-01 0.000000000000000000e+00
4.620000000000000000e+02 1.848004702596153237e-01 8.074647246244879284e-01 3.527537551206190447e-02 2.378243058716431393e-02 1.334774692762858428e-01 0.000000000000000000e+00
4.650000000000000000e+02 1.860004733132492039e-01 8.073509330905780379e-01 3.493400091033227461e-02 2.457897132453345374e-02 1.331360946745562268e-01 0.000000000000000000e+00
4.680000000000000000e+02 1.872004763668830840e-01 8.125853436504324456e-01 3.436504324078288458e-02 2.492034592626308706e-02 1.281292671825216278e-01 0.000000000000000000e+00
4.710000000000000000e+02 1.884004794205169642e-01 8.205507510241237812e-01 3.186162949476559203e-02 2.594446973145198010e-02 1.216431497496586189e-01 0.000000000000000000e+00
4.740000000000000000e+02 1.896004824741508443e-01 8.223714155666818071e-01 3.106508875739644876e-02 2.708238507055074976e-02 1.194811106053709632e-01 0.000000000000000000e+00
4.770000000000000000e+02 1.908004855277847245e-01 8.220300409649522466e-01 3.140646335912607862e-02 2.890304961310878606e-02 1.176604460628129234e-01 0.000000000000000000e+00
4.800000000000000000e+02 1.920004885814186046e-01 8.256713700500682984e-01 2.992717341829767910e-02 3.072371415566681890e-02 1.136777423759672279e-01 0.000000000000000000e+00
4.830000000000000000e+02 1.932004916350524848e-01 8.287437414656350088e-01 3.015475648611743234e-02 3.106508875739644876e-02 1.100364132908511622e-01 0.000000000000000000e+00
4.860000000000000000e+02 1.944004946886863650e-01 8.303368229403732537e-01 2.856167501137915274e-02 2.981338188438780248e-02 1.112881201638598050e-01 0.000000000000000000e+00
4.890000000000000000e+02 1.956004977423202451e-01 8.350022758306782089e-01 2.787892580791988956e-02 2.822030040964952288e-02 1.088984979517523960e-01 0.000000000000000000e+00
4.920000000000000000e+02 1.968005007959541253e-01 8.403504779244423961e-01 2.776513427401001294e-02 2.730996813837050646e-02 1.045744196631770567e-01 0.000000000000000000e+00
4.950000000000000000e+02 1.980005038495880054e-01 8.439918070095584479e-01 2.947200728265816916e-02 2.753755120619025970e-02 9.899863450159307465e-02 0.000000000000000000e+00
4.980000000000000000e+02 1.992005069032218856e-01 8.507055075102412101e-01 2.799271734182976618e-02 2.753755120619025970e-02 9.376422394173873631e-02 0.000000000000000000e+00
5.010000000000000000e+02 2.004005099568557657e-01 8.535502958579881394e-01 2.605826126536185672e-02 2.708238507055074976e-02 9.330905780609922984e-02 0.000000000000000000e+00
5.040000000000000000e+02 2.016005130104894238e-01 8.578743741465635342e-01 2.526172052799271692e-02 2.844788347746927612e-02 8.841602184797450747e-02 0.000000000000000000e+00
5.070000000000000000e+02 2.028005160641233040e-01 8.619708693673190369e-01 2.537551206190259354e-02 2.810650887573964626e-02 8.454710969503868856e-02 0.000000000000000000e+00
5.100000000000000000e+02 2.040005191177571842e-01 8.641329085116067343e-01 2.503413746017296368e-02 2.822030040964952288e-02 8.249886208466089554e-02 1.137915339098771066e-04
5.130000000000000000e+02 2.052005221713910643e-01 8.643604915794265153e-01 2.514792899408284030e-02 2.844788347746927612e-02 8.192990441511151245e-02 1.137915339098771066e-04
5.160000000000000000e+02 2.064005252250249445e-01 8.668639053254437732e-01 2.537551206190259354e-02 2.844788347746927612e-02 7.919890760127445972e-02 1.137915339098771066e-04
5.190000000000000000e+02 2.076005282786588246e-01 8.700500682749203740e-01 2.469276285844333035e-02 2.844788347746927612e-02 7.680928538916705073e-02 0.000000000000000000e+00
5.220000000000000000e+02 2.088005313322927048e-01 8.677742375967227861e-01 2.435138825671370050e-02 2.924442421483841592e-02 7.862994993172507663e-02 0.000000000000000000e+00
5.250000000000000000e+02 2.100005343859265849e-01 8.702776513427401550e-01 2.344105598543468408e-02 2.890304961310878606e-02 7.737824305871643382e-02 0.000000000000000000e+00
5.280000000000000000e+02 2.112005374395604651e-01 8.703914428766499345e-01 2.241693218024579104e-02 2.992717341829767910e-02 7.726445152480655720e-02 0.000000000000000000e+00
5.310000000000000000e+02 2.124005404931943453e-01 8.726672735548475224e-01 2.264451524806554428e-02 2.867546654528902936e-02 7.601274465179790052e-02 0.000000000000000000e+00
5.340000000000000000e+02 2.136005435468282254e-01 8.779016841147018191e-01 2.196176604460628110e-02 2.719617660446062984e-02 7.294037323623121793e-02 0.000000000000000000e+00
5.370000000000000000e+02 2.148005466004621056e-01 8.788120163859808320e-01 2.184797451069640448e-02 2.719617660446062984e-02 7.214383249886208160e-02 0.000000000000000000e+00
5.400000000000000000e+02 2.160005496540959857e-01 8.782430587164314906e-01 2.196176604460628110e-02 2.844788347746927612e-02 7.134729176149294527e-02 0.000000000000000000e+00
5.430000000000000000e+02 2.172005527077298659e-01 8.801775147928994070e-01 2.162039144287665124e-02 3.038233955393718558e-02 6.781975421028675621e-02 0.000000000000000000e+00
5.460000000000000000e+02 2.184005557613637460e-01 8.814292216659080914e-01 2.173418297678652786e-02 2.969959035047792587e-02 6.713700500682749650e-02 0.000000000000000000e+00
5.490000000000000000e+02 2.196005588149976262e-01 8.885980883022303045e-01 1.957214383249886169e-02 2.924442421483841592e-02 6.258534365043240399e-02 0.000000000000000000e+00
5.520000000000000000e+02 2.208005618686312843e-01 8.941738734638142727e-01 1.945835229858898507e-02 2.924442421483841592e-02 5.712335002275830548e-02 0.000000000000000000e+00
5.550000000000000000e+02 2.220005649222651645e-01 8.975876194811106545e-01 1.843422849340009204e-02 2.719617660446062984e-02 5.678197542102867562e-02 0.000000000000000000e+00
5.580000000000000000e+02 2.232005679758990446e-01 9.016841147018661573e-01 1.934456076467910846e-02 2.639963586709149004e-02 5.257168866636321991e-02 0.000000000000000000e+00
5.610000000000000000e+02 2.244005710295329248e-01 9.044151115157031962e-01 1.934456076467910846e-02 2.685480200273099652e-02 4.938552571688666071e-02 0.000000000000000000e+00
5.640000000000000000e+02 2.256005740831668049e-01 9.061219845243514426e-01 1.866181156121984527e-02 2.651342740100136666e-02 4.870277651342740100e-02 0.000000000000000000e+00
5.670000000000000000e+02 2.268005771368006851e-01 9.074874829312699065e-01 1.775147928994082885e-02 2.594446973145198010e-02 4.881656804733727761e-02 0.000000000000000000e+00
5.700000000000000000e+02 2.280005801904345653e-01 9.094219390077378229e-01 1.729631315430131891e-02 2.605826126536185672e-02 4.722348657259899801e-02 0.000000000000000000e+00
5.730000000000000000e+02 2.292005832440684454e-01 9.076012744651797970e-01 1.775147928994082885e-02 2.719617660446062984e-02 4.745106964041875125e-02 0.000000000000000000e+00
5.760000000000000000e+02 2.304005862977023256e-01 9.098771051433773849e-01 1.786527082385070547e-02 2.799271734182976618e-02 4.426490669094219205e-02 0.000000000000000000e+00
5.790000000000000000e+02 2.316005893513362057e-01 9.074874829312699065e-01 1.888939462903959851e-02 2.776513427401001294e-02 4.585798816568047165e-02 0.000000000000000000e+00
5.820000000000000000e+02 2.328005924049700859e-01 9.082840236686390289e-01 1.911697769685935522e-02 2.935821574874829254e-02 4.324078288575330248e-02 0.000000000000000000e+00
5.850000000000000000e+02 2.340005954586039660e-01 9.094219390077378229e-01 1.809285389167045871e-02 3.038233955393718558e-02 4.210286754665452935e-02 0.000000000000000000e+00
5.880000000000000000e+02 2.352005985122378462e-01 9.109012289485661773e-01 1.911697769685935522e-02 3.015475648611743234e-02 3.982703686845699004e-02 0.000000000000000000e+00
5.910000000000000000e+02 2.364006015658717264e-01 9.135184342284934367e-01 1.820664542558033533e-02 2.833409194355939950e-02 3.994082840236686666e-02 0.000000000000000000e+00
5.940000000000000000e+02 2.376006046195056065e-01 9.194355939918069653e-01 1.945835229858898507e-02 2.605826126536185672e-02 3.504779244424215123e-02 0.000000000000000000e+00
5.970000000000000000e+02 2.388006076731394867e-01 9.163632225762403660e-01 2.059626763768775473e-02 2.787892580791988956e-02 3.516158397815202785e-02 0.000000000000000000e+00
6.000000000000000000e+02 2.400006107267731448e-01 9.175011379153390489e-01 2.002730996813837164e-02 2.878925807919890598e-02 3.368229403732362487e-02 0.000000000000000000e+00
6.030000000000000000e+02 2.412006137804070249e-01 9.201183431952663083e-01 1.820664542558033533e-02 2.890304961310878606e-02 3.277196176604460498e-02 0.000000000000000000e+00
6.060000000000000000e+02 2.424006168340409051e-01 9.237596722803823601e-01 1.888939462903959851e-02 2.583067819754210348e-02 3.152025489303595523e-02 0.000000000000000000e+00
6.090000000000000000e+02 2.436006198876747852e-01 9.269458352298588499e-01 1.877560309512972189e-02 2.492034592626308706e-02 2.935821574874829254e-02 0.000000000000000000e+00
6.120000000000000000e+02 2.448006229413086654e-01 9.279699590350477534e-01 1.820664542558033533e-02 2.548930359581247015e-02 2.833409194355939950e-02 0.000000000000000000e+00
6.150000000000000000e+02 2.460006259949425456e-01 9.256941283568502765e-01 1.888939462903959851e-02 2.617205279927173334e-02 2.924442421483841592e-02 0.000000000000000000e+00
6.180000000000000000e+02 2.472006290485764257e-01 9.266044606281292895e-01 1.877560309512972189e-02 2.583067819754210348e-02 2.878925807919890598e-02 0.000000000000000000e+00
6.210000000000000000e+02 2.484006321022103059e-01 9.284251251706873154e-01 1.695493855257168905e-02 2.571688666363222686e-02 2.890304961310878606e-02 0.000000000000000000e+00
6.240000000000000000e+02 2.496006351558441860e-01 9.310423304506144637e-01 1.604460628129267263e-02 2.594446973145198010e-02 2.696859353664087314e-02 0.000000000000000000e+00
6.270000000000000000e+02 2.508006382094780662e-01 9.308147473827946827e-01 1.695493855257168905e-02 2.651342740100136666e-02 2.571688666363222686e-02 0.000000000000000000e+00
6.300000000000000000e+02 2.520006412631119463e-01 9.324078288575330387e-01 1.593081474738279601e-02 2.435138825671370050e-02 2.730996813837050646e-02 0.000000000000000000e+00
6.330000000000000000e+02 2.532006443167458265e-01 9.319526627218934767e-01 1.581702321347291593e-02 2.423759672280382388e-02 2.799271734182976618e-02 0.000000000000000000e+00
6.360000000000000000e+02 2.544006473703797067e-01 9.357077833409194190e-01 1.570323167956303931e-02 2.196176604460628110e-02 2.662721893491124328e-02 0.000000000000000000e+00
6.390000000000000000e+02 2.556006504240135868e-01 9.369594902139281034e-01 1.581702321347291593e-02 2.093764223941738806e-02 2.628584433318160996e-02 0.000000000000000000e+00
6.420000000000000000e+02 2.568006534776474670e-01 9.378698224852071164e-01 1.604460628129267263e-02 2.082385070550751144e-02 2.526172052799271692e-02 0.000000000000000000e+00
6.450000000000000000e+02 2.580006565312811251e-01 9.368456986800182129e-01 1.502048247610377786e-02 1.979972690031861493e-02 2.833409194355939950e-02 0.000000000000000000e+00
6.480000000000000000e+02 2.592006595849150052e-01 9.399180700955849233e-01 1.319981793354574502e-02 1.979972690031861493e-02 2.708238507055074976e-02 0.000000000000000000e+00
6.510000000000000000e+02 2.604006626385488854e-01 9.425352753755120716e-01 1.285844333181611343e-02 1.945835229858898507e-02 2.514792899408284030e-02 0.000000000000000000e+00
6.540000000000000000e+02 2.616006656921827656e-01 9.413973600364132777e-01 1.251706873008648184e-02 2.105143377332726468e-02 2.503413746017296368e-02 0.000000000000000000e+00
6.570000000000000000e+02 2.628006687458166457e-01 9.437869822485207560e-01 1.172052799271734204e-02 2.105143377332726468e-02 2.332726445152480746e-02 1.137915339098771066e-04
6.600000000000000000e+02 2.640006717994505259e-01 9.465179790623577949e-01 1.194811106053709528e-02 2.059626763768775473e-02 2.082385070550751144e-02 1.137915339098771066e-04
6.630000000000000000e+02 2.652006748530844060e-01 9.469731451979972459e-01 1.149294492489758707e-02 2.105143377332726468e-02 2.036868456986800149e-02 1.137915339098771066e-04
6.660000000000000000e+02 2.664006779067182862e-01 9.437869822485207560e-01 1.172052799271734204e-02 2.162039144287665124e-02 2.287209831588529751e-02 0.000000000000000000e+00
6.690000000000000000e+02 2.676006809603521663e-01 9.424214838416021811e-01 1.251706873008648184e-02 2.116522530723714129e-02 2.389622212107419055e-02 0.000000000000000000e+00
6.720000000000000000e+02 2.688006840139860465e-01 9.452662721893491105e-01 1.228948566226672687e-02 2.093764223941738806e-02 2.150659990896677115e-02 0.000000000000000000e+00
6.750000000000000000e+02 2.700006870676199267e-01 9.484524351388257113e-01 1.137915339098771045e-02 2.116522530723714129e-02 1.900318616294947513e-02 0.000000000000000000e+00
6.780000000000000000e+02 2.712006901212538068e-01 9.493627674101047242e-01 1.194811106053709528e-02 2.105143377332726468e-02 1.752389622212107562e-02 1.137915339098771066e-04
6.810000000000000000e+02 2.724006931748876870e-01 9.483386436049158208e-01 1.137915339098771045e-02 2.150659990896677115e-02 1.854802002730996865e-02 2.275830678197542133e-04
