# itime ezz other fcc hcp bcc ico
0.000000000000000000e+00 0.000000000000000000e+00 0.000000000000000000e+00 1.000000000000000000e+00 0.000000000000000000e+00 0.000000000000000000e+00 0.000000000000000000e+00
2.500000000000000000e+02 9.999747196061115062e-04 0.000000000000000000e+00 1.000000000000000000e+00 0.000000000000000000e+00 0.000000000000000000e+00 0.000000000000000000e+00
5.000000000000000000e+02 1.999949439212223012e-03 0.000000000000000000e+00 1.000000000000000000e+00 0.000000000000000000e+00 0.000000000000000000e+00 0.000000000000000000e+00
7.500000000000000000e+02 2.999924158818334519e-03 0.000000000000000000e+00 1.000000000000000000e+00 0.000000000000000000e+00 0.000000000000000000e+00 0.000000000000000000e+00
1.000000000000000000e+03 3.999898878424668069e-03 0.000000000000000000e+00 1.000000000000000000e+00 0.000000000000000000e+00 0.000000000000000000e+00 0.000000000000000000e+00
1.250000000000000000e+03 4.999873598030779576e-03 0.000000000000000000e+00 1.000000000000000000e+00 0.000000000000000000e+00 0.000000000000000000e+00 0.000000000000000000e+00
1.500000000000000000e+03 5.999848317636891082e-03 0.000000000000000000e+00 1.000000000000000000e+00 0.000000000000000000e+00 0.000000000000000000e+00 0.000000000000000000e+00
1.750000000000000000e+03 6.999823037243002588e-03 0.000000000000000000e+00 1.000000000000000000e+00 0.000000000000000000e+00 0.000000000000000000e+00 0.000000000000000000e+00
2.000000000000000000e+03 7.999797756849114094e-03 0.000000000000000000e+00 1.000000000000000000e+00 0.000000000000000000e+00 0.000000000000000000e+00 0.000000000000000000e+00
2.250000000000000000e+03 8.999772476455225600e-03 0.000000000000000000e+00 1.000000000000000000e+00 0.000000000000000000e+00 0.000000000000000000e+00 0.000000000000000000e+00
2.500000000000000000e+03 9.999747196061337107e-03 0.000000000000000000e+00 1.000000000000000000e+00 0.000000000000000000e+00 0.000000000000000000e+00 0.000000000000000000e+00
2.750000000000000000e+03 1.099972191566767066e-02 0.000000000000000000e+00 1.000000000000000000e+00 0.000000000000000000e+00 0.000000000000000000e+00 0.000000000000000000e+00
3.000000000000000000e+03 1.199969663527378216e-02 0.000000000000000000e+00 1.000000000000000000e+00 0.000000000000000000e+00 0.000000000000000000e+00 0.000000000000000000e+00
3.250000000000000000e+03 1.299967135487989367e-02 0.000000000000000000e+00 1.000000000000000000e+00 0.000000000000000000e+00 0.000000000000000000e+00 0.000000000000000000e+00
3.500000000000000000e+03 1.399964607448600518e-02 0.000000000000000000e+00 1.000000000000000000e+00 0.000000000000000000e+00 0.000000000000000000e+00 0.000000000000000000e+00
3.750000000000000000e+03 1.499962079409211668e-02 0.000000000000000000e+00 1.000000000000000000e+00 0.000000000000000000e+00 0.000000000000000000e+00 0.000000000000000000e+00
4.000000000000000000e+03 1.599959551369822819e-02 0.000000000000000000e+00 1.000000000000000000e+00 0.000000000000000000e+00 0.000000000000000000e+00 0.000000000000000000e+00
4.250000000000000000e+03 1.699957023330433969e-02 0.000000000000000000e+00 1.000000000000000000e+00 0.000000000000000000e+00 0.000000000000000000e+00 0.000000000000000000e+00
4.500000000000000000e+03 1.799954495291067325e-02 0.000000000000000000e+00 1.000000000000000000e+00 0.000000000000000000e+00 0.000000000000000000e+00 0.000000000000000000e+00
4.750000000000000000e+03 1.899951967251678475e-02 0.000000000000000000e+00 1.000000000000000000e+00 0.000000000000000000e+00 0.000000000000000000e+00 0.000000000000000000e+00
5.000000000000000000e+03 1.999949439212289626e-02 0.000000000000000000e+00 1.000000000000000000e+00 0.000000000000000000e+00 0.000000000000000000e+00 0.000000000000000000e+00
5.250000000000000000e+03 2.099946911172900776e-02 0.000000000000000000e+00 1.000000000000000000e+00 0.000000000000000000e+00 0.000000000000000000e+00 0.000000000000000000e+00
5.500000000000000000e+03 2.199944383133511927e-02 0.000000000000000000e+00 1.000000000000000000e+00 0.000000000000000000e+00 0.000000000000000000e+00 0.000000000000000000e+00
5.750000000000000000e+03 2.299941855094123078e-02 0.000000000000000000e+00 1.000000000000000000e+00 0.000000000000000000e+00 0.000000000000000000e+00 0.000000000000000000e+00
6.000000000000000000e+03 2.399939327054734228e-02 0.000000000000000000e+00 1.000000000000000000e+00 0.000000000000000000e+00 0.000000000000000000e+00 0.000000000000000000e+00
6.250000000000000000e+03 2.499936799015367583e-02 0.000000000000000000e+00 1.000000000000000000e+00 0.000000000000000000e+00 0.000000000000000000e+00 0.000000000000000000e+00
6.500000000000000000e+03 2.599934270975978734e-02 0.000000000000000000e+00 1.000000000000000000e+00 0.000000000000000000e+00 0.000000000000000000e+00 0.000000000000000000e+00
6.750000000000000000e+03 2.699931742936589885e-02 0.000000000000000000e+00 1.000000000000000000e+00 0.000000000000000000e+00 0.000000000000000000e+00 0.000000000000000000e+00
7.000000000000000000e+03 2.799929214897201035e-02 0.000000000000000000e+00 1.000000000000000000e+00 0.000000000000000000e+00 0.000000000000000000e+00 0.000000000000000000e+00
7.250000000000000000e+03 2.899926686857812186e-02 0.000000000000000000e+00 1.000000000000000000e+00 0.000000000000000000e+00 0.000000000000000000e+00 0.000000000000000000e+00
7.500000000000000000e+03 2.999924158818423336e-02 0.000000000000000000e+00 1.000000000000000000e+00 0.000000000000000000e+00 0.000000000000000000e+00 0.000000000000000000e+00
7.750000000000000000e+03 3.099921630779034487e-02 0.000000000000000000e+00 1.000000000000000000e+00 0.000000000000000000e+00 0.000000000000000000e+00 0.000000000000000000e+00
8.000000000000000000e+03 3.199919102739667842e-02 0.000000000000000000e+00 1.000000000000000000e+00 0.000000000000000000e+00 0.000000000000000000e+00 0.000000000000000000e+00
8.250000000000000000e+03 3.299916574700278993e-02 0.000000000000000000e+00 1.000000000000000000e+00 0.000000000000000000e+00 0.000000000000000000e+00 0.000000000000000000e+00
8.500000000000000000e+03 3.399914046660890143e-02 0.000000000000000000e+00 1.000000000000000000e+00 0.000000000000000000e+00 0.000000000000000000e+00 0.000000000000000000e+00
8.750000000000000000e+03 3.499911518621501294e-02 0.000000000000000000e+00 1.000000000000000000e+00 0.000000000000000000e+00 0.000000000000000000e+00 0.000000000000000000e+00
9.000000000000000000e+03 3.599908990582112445e-02 0.000000000000000000e+00 1.000000000000000000e+00 0.000000000000000000e+00 0.000000000000000000e+00 0.000000000000000000e+00
9.250000000000000000e+03 3.699906462542723595e-02 0.000000000000000000e+00 1.000000000000000000e+00 0.000000000000000000e+00 0.000000000000000000e+00 0.000000000000000000e+00
9.500000000000000000e+03 3.799903934503334746e-02 0.000000000000000000e+00 1.000000000000000000e+00 0.000000000000000000e+00 0.000000000000000000e+00 0.000000000000000000e+00
9.750000000000000000e+03 3.899901406463968101e-02 0.000000000000000000e+00 1.000000000000000000e+00 0.000000000000000000e+00 0.000000000000000000e+00 0.000000000000000000e+00
1.000000000000000000e+04 3.999898878424579252e-02 0.000000000000000000e+00 1.000000000000000000e+00 0.000000000000000000e+00 0.000000000000000000e+00 0.000000000000000000e+00
1.025000000000000000e+04 4.099896350385190402e-02 0.000000000000000000e+00 1.000000000000000000e+00 0.000000000000000000e+00 0.000000000000000000e+00 0.000000000000000000e+00
1.050000000000000000e+04 4.199893822345801553e-02 0.000000000000000000e+00 1.000000000000000000e+00 0.000000000000000000e+00 0.000000000000000000e+00 0.000000000000000000e+00
1.075000000000000000e+04 4.299891294306412703e-02 0.000000000000000000e+00 1.000000000000000000e+00 0.000000000000000000e+00 0.000000000000000000e+00 0.000000000000000000e+00
1.100000000000000000e+04 4.399888766267023854e-02 0.000000000000000000e+00 1.000000000000000000e+00 0.000000000000000000e+00 0.000000000000000000e+00 0.000000000000000000e+00
1.125000000000000000e+04 4.499886238227635005e-02 0.000000000000000000e+00 1.000000000000000000e+00 0.000000000000000000e+00 0.000000000000000000e+00 0.000000000000000000e+00
1.150000000000000000e+04 4.599883710188268360e-02 0.000000000000000000e+00 1.000000000000000000e+00 0.000000000000000000e+00 0.000000000000000000e+00 0.000000000000000000e+00
1.175000000000000000e+04 4.699881182148879510e-02 0.000000000000000000e+00 1.000000000000000000e+00 0.000000000000000000e+00 0.000000000000000000e+00 0.000000000000000000e+00
1.200000000000000000e+04 4.799878654109490661e-02 0.000000000000000000e+00 1.000000000000000000e+00 0.000000000000000000e+00 0.000000000000000000e+00 0.000000000000000000e+00
1.225000000000000000e+04 4.899876126070101812e-02 0.000000000000000000e+00 1.000000000000000000e+00 0.000000000000000000e+00 0.000000000000000000e+00 0.000000000000000000e+00
1.250000000000000000e+04 4.999873598030712962e-02 0.000000000000000000e+00 1.000000000000000000e+00 0.000000000000000000e+00 0.000000000000000000e+00 0.000000000000000000e+00
1.275000000000000000e+04 5.099871069991324113e-02 0.000000000000000000e+00 1.000000000000000000e+00 0.000000000000000000e+00 0.000000000000000000e+00 0.000000000000000000e+00
1.300000000000000000e+04 5.199868541951935264e-02 0.000000000000000000e+00 1.000000000000000000e+00 0.000000000000000000e+00 0.000000000000000000e+00 0.000000000000000000e+00
1.325000000000000000e+04 5.299866013912568619e-02 0.000000000000000000e+00 1.000000000000000000e+00 0.000000000000000000e+00 0.000000000000000000e+00 0.000000000000000000e+00
1.350000000000000000e+04 5.399863485873179769e-02 0.000000000000000000e+00 1.000000000000000000e+00 0.000000000000000000e+00 0.000000000000000000e+00 0.000000000000000000e+00
1.375000000000000000e+04 5.499860957833790920e-02 0.000000000000000000e+00 1.000000000000000000e+00 0.000000000000000000e+00 0.000000000000000000e+00 0.000000000000000000e+00
1.400000000000000000e+04 5.599858429794402070e-02 0.000000000000000000e+00 1.000000000000000000e+00 0.000000000000000000e+00 0.000000000000000000e+00 0.000000000000000000e+00
1.425000000000000000e+04 5.699855901755013221e-02 0.000000000000000000e+00 1.000000000000000000e+00 0.000000000000000000e+00 0.000000000000000000e+00 0.000000000000000000e+00
1.450000000000000000e+04 5.799853373715624372e-02 0.000000000000000000e+00 1.000000000000000000e+00 0.000000000000000000e+00 0.000000000000000000e+00 0.000000000000000000e+00
1.475000000000000000e+04 5.899850845676235522e-02 0.000000000000000000e+00 1.000000000000000000e+00 0.000000000000000000e+00 0.000000000000000000e+00 0.000000000000000000e+00
1.500000000000000000e+04 5.999848317636868877e-02 0.000000000000000000e+00 1.000000000000000000e+00 0.000000000000000000e+00 0.000000000000000000e+00 0.000000000000000000e+00
1.525000000000000000e+04 6.099845789597480028e-02 0.000000000000000000e+00 1.000000000000000000e+00 0.000000000000000000e+00 0.000000000000000000e+00 0.000000000000000000e+00
1.550000000000000000e+04 6.199843261558091179e-02 0.000000000000000000e+00 1.000000000000000000e+00 0.000000000000000000e+00 0.000000000000000000e+00 0.000000000000000000e+00
1.575000000000000000e+04 6.299840733518702329e-02 0.000000000000000000e+00 1.000000000000000000e+00 0.000000000000000000e+00 0.000000000000000000e+00 0.000000000000000000e+00
1.600000000000000000e+04 6.399838205479313480e-02 0.000000000000000000e+00 1.000000000000000000e+00 0.000000000000000000e+00 0.000000000000000000e+00 0.000000000000000000e+00
1.625000000000000000e+04 6.499835677439924631e-02 0.000000000000000000e+00 1.000000000000000000e+00 0.000000000000000000e+00 0.000000000000000000e+00 0.000000000000000000e+00
1.650000000000000000e+04 6.599833149400535781e-02 0.000000000000000000e+00 1.000000000000000000e+00 0.000000000000000000e+00 0.000000000000000000e+00 0.000000000000000000e+00
1.675000000000000000e+04 6.699830621361169136e-02 2.275830678197542133e-04 9.997724169321802190e-01 0.000000000000000000e+00 0.000000000000000000e+00 0.000000000000000000e+00
1.700000000000000000e+04 6.799828093321780287e-02 0.000000000000000000e+00 1.000000000000000000e+00 0.000000000000000000e+00 0.000000000000000000e+00 0.000000000000000000e+00
1.725000000000000000e+04 6.899825565282391437e-02 0.000000000000000000e+00 1.000000000000000000e+00 0.000000000000000000e+00 0.000000000000000000e+00 0.000000000000000000e+00
1.750000000000000000e+04 6.999823037243002588e-02 0.000000000000000000e+00 1.000000000000000000e+00 0.000000000000000000e+00 0.000000000000000000e+00 0.000000000000000000e+00
1.775000000000000000e+04 7.099820509203613739e-02 1.137915339098771066e-04 9.998862084660901095e-01 0.000000000000000000e+00 0.000000000000000000e+00 0.000000000000000000e+00
1.800000000000000000e+04 7.199817981164224889e-02 1.137915339098771066e-04 9.998862084660901095e-01 0.000000000000000000e+00 0.000000000000000000e+00 0.000000000000000000e+00
1.825000000000000000e+04 7.299815453124836040e-02 0.000000000000000000e+00 1.000000000000000000e+00 0.000000000000000000e+00 0.000000000000000000e+00 0.000000000000000000e+00
1.850000000000000000e+04 7.399812925085469395e-02 0.000000000000000000e+00 1.000000000000000000e+00 0.000000000000000000e+00 0.000000000000000000e+00 0.000000000000000000e+00
1.875000000000000000e+04 7.499810397046080546e-02 2.275830678197542133e-04 9.996586253982703285e-01 0.000000000000000000e+00 1.137915339098771066e-04 0.000000000000000000e+00
1.900000000000000000e+04 7.599807869006691696e-02 2.275830678197542133e-04 9.997724169321802190e-01 0.000000000000000000e+00 0.000000000000000000e+00 0.000000000000000000e+00
1.925000000000000000e+04 7.699805340967302847e-02 0.000000000000000000e+00 1.000000000000000000e+00 0.000000000000000000e+00 0.000000000000000000e+00 0.000000000000000000e+00
1.950000000000000000e+04 7.799802812927913997e-02 0.000000000000000000e+00 1.000000000000000000e+00 0.000000000000000000e+00 0.000000000000000000e+00 0.000000000000000000e+00
1.975000000000000000e+04 7.899800284888525148e-02 1.137915339098771066e-04 9.998862084660901095e-01 0.000000000000000000e+00 0.000000000000000000e+00 0.000000000000000000e+00
2.000000000000000000e+04 7.999797756849136299e-02 2.275830678197542133e-04 9.997724169321802190e-01 0.000000000000000000e+00 0.000000000000000000e+00 0.000000000000000000e+00
2.025000000000000000e+04 8.099795228809769654e-02 4.551661356395084266e-04 9.995448338643604380e-01 0.000000000000000000e+00 0.000000000000000000e+00 0.000000000000000000e+00
2.050000000000000000e+04 8.199792700770380804e-02 5.689576695493854790e-04 9.994310423304506585e-01 0.000000000000000000e+00 0.000000000000000000e+00 0.000000000000000000e+00
2.075000000000000000e+04 8.299790172730991955e-02 7.965407373691396923e-04 9.992034592626308775e-01 0.000000000000000000e+00 0.000000000000000000e+00 0.000000000000000000e+00
2.100000000000000000e+04 8.399787644691603106e-02 5.689576695493854790e-04 9.993172507965407680e-01 0.000000000000000000e+00 1.137915339098771066e-04 0.000000000000000000e+00
2.125000000000000000e+04 8.499785116652214256e-02 2.275830678197542133e-04 9.997724169321802190e-01 0.000000000000000000e+00 0.000000000000000000e+00 0.000000000000000000e+00
2.150000000000000000e+04 8.599782588612825407e-02 7.965407373691396923e-04 9.990896677287209870e-01 0.000000000000000000e+00 1.137915339098771066e-04 0.000000000000000000e+00
2.175000000000000000e+04 8.699780060573436558e-02 1.024123805188893906e-03 9.989758761948110966e-01 0.000000000000000000e+00 0.000000000000000000e+00 0.000000000000000000e+00
2.200000000000000000e+04 8.799777532534069913e-02 1.024123805188893906e-03 9.989758761948110966e-01 0.000000000000000000e+00 0.000000000000000000e+00 0.000000000000000000e+00
2.225000000000000000e+04 8.899775004494681063e-02 7.965407373691396923e-04 9.992034592626308775e-01 0.000000000000000000e+00 0.000000000000000000e+00 0.000000000000000000e+00
2.250000000000000000e+04 8.999772476455292214e-02 1.137915339098770958e-03 9.988620846609012061e-01 0.000000000000000000e+00 0.000000000000000000e+00 0.000000000000000000e+00
2.275000000000000000e+04 9.099769948415903364e-02 7.965407373691396923e-04 9.992034592626308775e-01 0.000000000000000000e+00 0.000000000000000000e+00 0.000000000000000000e+00
2.300000000000000000e+04 9.199767420376514515e-02 1.706873008648156654e-03 9.982931269913518646e-01 0.000000000000000000e+00 0.000000000000000000e+00 0.000000000000000000e+00
2.325000000000000000e+04 9.299764892337125666e-02 3.413746017296313199e-04 9.995448338643604380e-01 0.000000000000000000e+00 1.137915339098771066e-04 0.000000000000000000e+00
2.350000000000000000e+04 9.399762364297736816e-02 1.137915339098770958e-03 9.986345015930814251e-01 0.000000000000000000e+00 2.275830678197542133e-04 0.000000000000000000e+00
2.375000000000000000e+04 9.499759836258370171e-02 1.137915339098770958e-03 9.988620846609012061e-01 0.000000000000000000e+00 0.000000000000000000e+00 0.000000000000000000e+00
2.400000000000000000e+04 9.599757308218981322e-02 1.593081474738279385e-03 9.981793354574419741e-01 0.000000000000000000e+00 2.275830678197542133e-04 0.000000000000000000e+00
2.425000000000000000e+04 9.699754780179592473e-02 2.844788347746927612e-03 9.971552116522530707e-01 0.000000000000000000e+00 0.000000000000000000e+00 0.000000000000000000e+00
2.450000000000000000e+04 9.799752252140203623e-02 1.365498406918525280e-03 9.986345015930814251e-01 0.000000000000000000e+00 0.000000000000000000e+00 0.000000000000000000e+00
2.475000000000000000e+04 9.899749724100814774e-02 3.186162949476558769e-03 9.968138370505233992e-01 0.000000000000000000e+00 0.000000000000000000e+00 0.000000000000000000e+00
2.500000000000000000e+04 9.999747196061425925e-02 3.299954483386436255e-03 9.964724624487938387e-01 0.000000000000000000e+00 2.275830678197542133e-04 0.000000000000000000e+00
2.525000000000000000e+04 1.009974466802203708e-01 3.527537551206190360e-03 9.960172963131542767e-01 0.000000000000000000e+00 4.551661356395084266e-04 0.000000000000000000e+00
2.550000000000000000e+04 1.019974213998267043e-01 3.186162949476558769e-03 9.964724624487938387e-01 0.000000000000000000e+00 3.413746017296313199e-04 0.000000000000000000e+00
2.575000000000000000e+04 1.029973961194328158e-01 4.210286754665453109e-03 9.956759217114247162e-01 0.000000000000000000e+00 1.137915339098771066e-04 0.000000000000000000e+00
2.600000000000000000e+04 1.039973708390389273e-01 7.737824305871643035e-03 9.916932180245789930e-01 0.000000000000000000e+00 5.689576695493854790e-04 0.000000000000000000e+00
2.625000000000000000e+04 1.049973455586450388e-01 6.486117432862995025e-03 9.931725079654073474e-01 0.000000000000000000e+00 3.413746017296313199e-04 0.000000000000000000e+00
2.650000000000000000e+04 1.059973202782511503e-01 6.713700500682749130e-03 9.928311333636777869e-01 0.000000000000000000e+00 4.551661356395084266e-04 0.000000000000000000e+00
2.675000000000000000e+04 1.069972949978572618e-01 6.827492034592626616e-03 9.928311333636777869e-01 0.000000000000000000e+00 3.413746017296313199e-04 0.000000000000000000e+00
2.700000000000000000e+04 1.079972697174633733e-01 9.217114246700046018e-03 9.897587619481110766e-01 0.000000000000000000e+00 1.024123805188893906e-03 0.000000000000000000e+00
2.725000000000000000e+04 1.089972444370697069e-01 1.137915339098771045e-02 9.860036413290851343e-01 0.000000000000000000e+00 2.617205279927173507e-03 0.000000000000000000e+00
2.750000000000000000e+04 1.099972191566758184e-01 5.097860719162494031e-02 9.041875284478835262e-01 0.000000000000000000e+00 4.483386436049158208e-02 0.000000000000000000e+00
2.775000000000000000e+04 1.109971938762819299e-01 1.721665908056440597e-01 2.265589440145653055e-01 0.000000000000000000e+00 6.012744651797906625e-01 0.000000000000000000e+00
2.800000000000000000e+04 1.119971685958880414e-01 2.452207555757851543e-01 3.088302230314064478e-01 1.057123350022758368e-01 3.402366863905325611e-01 0.000000000000000000e+00
2.825000000000000000e+04 1.129971433154941529e-01 2.806099226217569353e-01 3.641329085116067343e-01 2.500000000000000000e-01 1.052571688666363164e-01 0.000000000000000000e+00
2.850000000000000000e+04 1.139971180351002644e-01 2.020937642239417353e-01 4.918070095584888279e-01 2.702548930359581214e-01 3.584433318161128756e-02 0.000000000000000000e+00
2.875000000000000000e+04 1.149970927547063759e-01 2.012972234865725851e-01 5.241238051888938987e-01 2.608101957214383204e-01 1.376877560309512985e-02 0.000000000000000000e+00
2.900000000000000000e+04 1.159970674743127095e-01 2.012972234865725851e-01 5.318616294947655643e-01 2.468138370505234547e-01 2.002730996813837164e-02 0.000000000000000000e+00
2.925000000000000000e+04 1.169970421939188210e-01 2.205279927173418308e-01 5.348202093764223841e-01 2.196176604460628179e-01 2.503413746017296368e-02 0.000000000000000000e+00
2.950000000000000000e+04 1.179970169135249325e-01 1.923076923076923184e-01 5.812471552116522666e-01 2.092626308602640040e-01 1.718252162039144229e-02 0.000000000000000000e+00
2.975000000000000000e+04 1.189969916331310440e-01 1.483841602184797492e-01 6.365498406918524976e-01 2.000455166135639562e-01 1.502048247610377786e-02 0.000000000000000000e+00
3.000000000000000000e+04 1.199969663527371555e-01 9.968138370505234824e-02 6.869594902139281034e-01 1.968593536640873831e-01 1.649977241693217911e-02 0.000000000000000000e+00
3.025000000000000000e+04 1.209969410723432670e-01 9.012289485662267063e-02 6.987938097405552718e-01 1.998179335457442030e-01 1.126536185707783383e-02 0.000000000000000000e+00
3.050000000000000000e+04 1.219969157919493785e-01 7.828857532999544677e-02 7.096040054619936477e-01 2.025489303595812418e-01 9.558488848429677609e-03 0.000000000000000000e+00
3.075000000000000000e+04 1.229968905115557121e-01 7.544378698224851743e-02 7.086936731907146347e-01 2.061902594446973214e-01 9.672280382339554228e-03 0.000000000000000000e+00
3.100000000000000000e+04 1.239968652311618236e-01 7.624032771961765376e-02 7.116522530723714546e-01 2.026627218934911323e-01 9.444697314519799256e-03 0.000000000000000000e+00
3.125000000000000000e+04 1.249968399507679351e-01 7.134729176149294527e-02 7.133591260810195900e-01 2.060764679107874309e-01 9.217114246700046018e-03 0.000000000000000000e+00
3.150000000000000000e+04 1.259968146703740466e-01 7.328174783796086167e-02 7.141556668183887124e-01 2.032316795630405015e-01 9.330905780609922637e-03 0.000000000000000000e+00
3.175000000000000000e+04 1.269967893899801581e-01 7.476103777878925771e-02 7.143832498862084934e-01 2.028903049613108855e-01 7.965407373691398007e-03 0.000000000000000000e+00
3.200000000000000000e+04 1.279967641095862696e-01 7.498862084660901095e-02 7.151797906235776159e-01 2.014110150204824756e-01 8.420573509330906217e-03 0.000000000000000000e+00
3.225000000000000000e+04 1.289967388291923811e-01 7.407828857532999800e-02 7.124487938097405770e-01 2.041420118343195145e-01 9.330905780609922637e-03 0.000000000000000000e+00
3.250000000000000000e+04 1.299967135487987147e-01 7.419208010923987462e-02 7.146108329540282744e-01 2.024351388256713791e-01 8.761948111060537808e-03 0.000000000000000000e+00
3.275000000000000000e+04 1.309966882684048262e-01 7.350933090578061491e-02 7.126763768775603580e-01 2.044833864360491582e-01 9.330905780609922637e-03 0.000000000000000000e+00
3.300000000000000000e+04 1.319966629880109377e-01 7.419208010923987462e-02 7.113108784706417831e-01 2.038006372325898985e-01 1.069640418752844727e-02 0.000000000000000000e+00
3.325000000000000000e+04 1.329966377076170492e-01 7.362312243969049153e-02 7.129039599453800280e-01 2.039144287664997612e-01 9.558488848429677609e-03 0.000000000000000000e+00
3.350000000000000000e+04 1.339966124272231607e-01 7.259899863450158808e-02 7.130177514792899185e-01 2.032316795630405015e-01 1.115157032316795548e-02 0.000000000000000000e+00
3.375000000000000000e+04 1.349965871468292722e-01 7.396449704142012138e-02 7.140418752844788219e-01 2.025489303595812418e-01 9.444697314519799256e-03 0.000000000000000000e+00
3.400000000000000000e+04 1.359965618664353837e-01 7.146108329540282189e-02 7.134729176149294805e-01 2.040282203004096517e-01 1.103777878925807886e-02 0.000000000000000000e+00
3.425000000000000000e+04 1.369965365860417172e-01 7.430587164314975124e-02 7.123350022758306865e-01 2.040282203004096517e-01 9.330905780609922637e-03 0.000000000000000000e+00
3.450000000000000000e+04 1.379965113056478287e-01 7.328174783796086167e-02 7.114246700045516736e-01 2.053937187073281712e-01 9.899863450159307465e-03 0.000000000000000000e+00
3.475000000000000000e+04 1.389964860252539403e-01 7.567137005006827066e-02 7.100591715976330986e-01 2.049385525716886647e-01 9.330905780609922637e-03 0.000000000000000000e+00
3.500000000000000000e+04 1.399964607448600518e-01 7.453345471096950448e-02 7.111970869367318926e-01 2.055075102412380617e-01 8.761948111060537808e-03 0.000000000000000000e+00
3.525000000000000000e+04 1.409964354644661633e-01 7.624032771961765376e-02 7.099453800637232082e-01 2.040282203004096517e-01 9.786071916249430847e-03 0.000000000000000000e+00
3.550000000000000000e+04 1.419964101840722748e-01 7.373691397360036814e-02 7.121074192080109055e-01 2.063040509786071841e-01 7.851615839781519654e-03 0.000000000000000000e+00
3.575000000000000000e+04 1.429963849036783863e-01 7.988165680473373331e-02 7.117660446062813451e-01 2.020937642239417353e-01 6.258534365043240920e-03 0.000000000000000000e+00
3.600000000000000000e+04 1.439963596232847198e-01 7.954028220300408958e-02 7.114246700045516736e-01 2.023213472917614886e-01 6.713700500682749130e-03 0.000000000000000000e+00
3.625000000000000000e+04 1.449963343428908313e-01 8.010923987255348655e-02 7.115384615384615641e-01 2.016385980883022289e-01 6.713700500682749130e-03 0.000000000000000000e+00
3.650000000000000000e+04 1.459963090624969428e-01 7.783340919435594030e-02 7.104005461993627701e-01 2.053937187073281712e-01 6.372325898953117539e-03 0.000000000000000000e+00
3.675000000000000000e+04 1.469962837821030543e-01 8.124715521165225274e-02 7.111970869367318926e-01 2.007282658170232159e-01 6.827492034592626616e-03 0.000000000000000000e+00
3.700000000000000000e+04 1.479962585017091659e-01 8.227127901684114231e-02 7.109695038689121116e-01 2.015248065543923661e-01 5.234410559854347014e-03 0.000000000000000000e+00
3.725000000000000000e+04 1.489962332213152774e-01 8.147473827947200598e-02 7.098315885298134287e-01 2.010696404187528319e-01 7.624032771961766417e-03 0.000000000000000000e+00
3.750000000000000000e+04 1.499962079409213889e-01 8.511606736458807165e-02 7.088074647246245252e-01 1.999317250796540657e-01 6.144742831133363434e-03 0.000000000000000000e+00
3.775000000000000000e+04 1.509961826605277224e-01 1.045744196631770567e-01 6.829767865270823801e-01 2.061902594446973214e-01 6.258534365043240920e-03 0.000000000000000000e+00
3.800000000000000000e+04 1.519961573801338339e-01 9.638142922166591242e-02 6.433773327264451503e-01 2.559171597633135842e-01 4.324078288575329727e-03 0.000000000000000000e+00
3.825000000000000000e+04 1.529961320997399454e-01 7.919890760127445972e-02 6.351843422849340337e-01 2.799271734182977034e-01 5.689576695493855224e-03 0.000000000000000000e+00
3.850000000000000000e+04 1.539961068193460569e-01 7.362312243969049153e-02 6.561219845243514426e-01 2.644515248065543722e-01 5.803368229403732710e-03 0.000000000000000000e+00
3.875000000000000000e+04 1.549960815389521684e-01 7.055075102412380894e-02 6.596495220755576039e-01 2.622894856622667303e-01 7.510241238051888930e-03 0.000000000000000000e+00
3.900000000000000000e+04 1.559960562585582799e-01 7.373691397360036814e-02 6.565771506599908935e-01 2.646791078743741532e-01 5.006827492034592909e-03 0.000000000000000000e+00
3.925000000000000000e+04 1.569960309781643915e-01 7.578516158397814728e-02 6.540737369139736357e-01 2.650204824761037692e-01 5.120619025944469528e-03 0.000000000000000000e+00
3.950000000000000000e+04 1.579960056977707250e-01 7.680928538916705073e-02 6.535047792444241832e-01 2.639963586709148657e-01 5.689576695493855224e-03 0.000000000000000000e+00
3.975000000000000000e+04 1.589959804173768365e-01 7.658170232134729749e-02 6.535047792444241832e-01 2.655894401456531662e-01 4.324078288575329727e-03 0.000000000000000000e+00
4.000000000000000000e+04 1.599959551369829480e-01 7.806099226217569353e-02 6.516841147018661573e-01 2.652480655439235502e-01 5.006827492034592909e-03 0.000000000000000000e+00
4.025000000000000000e+04 1.609959298565890595e-01 7.635411925352754425e-02 6.533909877105142927e-01 2.652480655439235502e-01 5.006827492034592909e-03 0.000000000000000000e+00
4.050000000000000000e+04 1.619959045761951710e-01 7.680928538916705073e-02 6.507737824305871444e-01 2.671825216203914666e-01 5.234410559854347014e-03 0.000000000000000000e+00
4.075000000000000000e+04 1.629958792958012825e-01 7.646791078743742087e-02 6.529358215748748417e-01 2.647928994082840437e-01 5.803368229403732710e-03 0.000000000000000000e+00
4.100000000000000000e+04 1.639958540154073940e-01 7.783340919435594030e-02 6.503186162949476934e-01 2.658170232134728916e-01 6.030951297223486815e-03 0.000000000000000000e+00
4.125000000000000000e+04 1.649958287350137276e-01 7.783340919435594030e-02 6.498634501593081314e-01 2.670687300864815761e-01 5.234410559854347014e-03 0.000000000000000000e+00
4.150000000000000000e+04 1.659958034546198391e-01 7.794720072826581692e-02 6.498634501593081314e-01 2.661583978152025631e-01 6.030951297223486815e-03 0.000000000000000000e+00
4.175000000000000000e+04 1.669957781742259506e-01 8.010923987255348655e-02 6.498634501593081314e-01 2.657032316795630567e-01 4.324078288575329727e-03 0.000000000000000000e+00
4.200000000000000000e+04 1.679957528938320621e-01 8.056440600819299303e-02 6.491807009558488994e-01 2.655894401456531662e-01 4.665452890304961318e-03 0.000000000000000000e+00
4.225000000000000000e+04 1.689957276134381736e-01 8.215748748293126569e-02 6.524806554392352798e-01 2.618343195266272239e-01 3.527537551206190360e-03 0.000000000000000000e+00
4.250000000000000000e+04 1.699957023330442851e-01 8.158852981338188259e-02 6.547564861174328676e-01 2.608101957214383204e-01 2.844788347746927612e-03 0.000000000000000000e+00
4.275000000000000000e+04 1.709956770526503966e-01 8.386436049157942885e-02 6.532771961766045132e-01 2.593309057806099105e-01 3.527537551206190360e-03 0.000000000000000000e+00
4.300000000000000000e+04 1.719956517722567302e-01 8.101957214383249950e-02 6.552116522530723186e-01 2.604688211197087044e-01 3.299954483386436255e-03 0.000000000000000000e+00
4.325000000000000000e+04 1.729956264918628417e-01 8.227127901684114231e-02 6.530496131087847322e-01 2.601274465179790885e-01 4.551661356395083832e-03 0.000000000000000000e+00
4.350000000000000000e+04 1.739956012114689532e-01 8.522985889849794827e-02 6.521392808375057193e-01 2.589895311788802945e-01 3.641329085116067413e-03 0.000000000000000000e+00
4.375000000000000000e+04 1.749955759310750647e-01 8.705052344105598805e-02 6.458807464724624081e-01 2.627446517979062368e-01 4.324078288575329727e-03 0.000000000000000000e+00
4.400000000000000000e+04 1.759955506506811762e-01 8.522985889849794827e-02 6.490669094219390090e-01 2.626308602639963463e-01 3.072371415566681717e-03 0.000000000000000000e+00
4.425000000000000000e+04 1.769955253702872877e-01 8.739189804278561791e-02 6.451979972690031762e-01 2.619481110605371144e-01 5.461993627674101119e-03 0.000000000000000000e+00
4.450000000000000000e+04 1.779955000898933992e-01 9.148839326354119006e-02 6.379153390987710726e-01 2.664997724169321791e-01 4.096495220755575623e-03 0.000000000000000000e+00
4.475000000000000000e+04 1.789954748094997328e-01 9.308147473827947660e-02 6.241465634956758768e-01 2.795857988165680319e-01 3.186162949476558769e-03 0.000000000000000000e+00
4.500000000000000000e+04 1.799954495291058443e-01 9.615384615384615918e-02 6.236913973600364258e-01 2.766272189349112676e-01 3.527537551206190360e-03 0.000000000000000000e+00
4.525000000000000000e+04 1.809954242487119558e-01 9.695038689121529552e-02 6.215293582157487284e-01 2.778789258079198965e-01 3.641329085116067413e-03 0.000000000000000000e+00
4.550000000000000000e+04 1.819953989683180673e-01 9.581247155211652933e-02 6.225534820209376319e-01 2.784478834774692935e-01 3.186162949476558769e-03 0.000000000000000000e+00
4.575000000000000000e+04 1.829953736879241788e-01 9.535730541647700897e-02 6.235776058261265353e-01 2.782203004096495125e-01 2.844788347746927612e-03 0.000000000000000000e+00
4.600000000000000000e+04 1.839953484075302903e-01 9.729176149294492537e-02 6.226672735548475224e-01 2.752617205279926926e-01 4.779244424214838804e-03 0.000000000000000000e+00
4.625000000000000000e+04 1.849953231271364018e-01 9.683659535730541890e-02 6.243741465634956578e-01 2.759444697314519801e-01 2.844788347746927612e-03 0.000000000000000000e+00
4.650000000000000000e+04 1.859952978467427354e-01 1.003641329085116080e-01 6.236913973600364258e-01 2.732134729176149412e-01 2.730996813837050560e-03 0.000000000000000000e+00
4.675000000000000000e+04 1.869952725663488469e-01 9.899863450159307465e-02 6.243741465634956578e-01 2.738962221210741732e-01 2.730996813837050560e-03 0.000000000000000000e+00
4.700000000000000000e+04 1.879952472859549584e-01 9.945380063723259501e-02 6.239189804278562068e-01 2.736686390532544477e-01 2.958579881656804664e-03 0.000000000000000000e+00
4.725000000000000000e+04 1.889952220055610699e-01 1.015020482476103741e-01 6.226672735548475224e-01 2.718479745106964218e-01 3.982703686845699004e-03 0.000000000000000000e+00
4.750000000000000000e+04 1.899951967251671814e-01 1.007055075102412378e-01 6.258534365043241232e-01 2.708238507055075184e-01 2.617205279927173507e-03 0.000000000000000000e+00
4.775000000000000000e+04 1.909951714447732929e-01 1.017296313154301274e-01 6.230086481565771939e-01 2.715065999089667503e-01 3.755120619025944465e-03 0.000000000000000000e+00
4.800000000000000000e+04 1.919951461643794044e-01 1.081019572143832458e-01 6.152708238507055283e-01 2.725307237141556538e-01 4.096495220755575623e-03 0.000000000000000000e+00
4.825000000000000000e+04 1.929951208839857379e-01 1.306326809285389134e-01 5.929676832043695445e-01 2.696859353664087244e-01 6.713700500682749130e-03 0.000000000000000000e+00
4.850000000000000000e+04 1.939950956035918495e-01 1.445152480655439164e-01 5.953573054164770229e-01 2.451069640418752915e-01 1.502048247610377786e-02 0.000000000000000000e+00
4.875000000000000000e+04 1.949950703231979610e-01 1.289258079198907503e-01 6.149294492489758568e-01 2.444242148384160318e-01 1.172052799271734204e-02 0.000000000000000000e+00
4.900000000000000000e+04 1.959950450428040725e-01 1.198224852071005930e-01 6.223258989531178509e-01 2.479517523896222209e-01 9.899863450159307465e-03 0.000000000000000000e+00
4.925000000000000000e+04 1.969950197624101840e-01 1.232362312243969055e-01 6.279016841147018191e-01 2.352071005917159841e-01 1.365498406918525323e-02 0.000000000000000000e+00
4.950000000000000000e+04 1.979949944820162955e-01 1.261948111060537114e-01 6.285844333181611621e-01 2.332726445152480677e-01 1.194811106053709528e-02 0.000000000000000000e+00
4.975000000000000000e+04 1.989949692016224070e-01 1.372325898953117851e-01 6.195949021392808120e-01 2.291761492944924816e-01 1.399635867091488309e-02 0.000000000000000000e+00
5.000000000000000000e+04 1.999949439212287405e-01 1.357532999544833752e-01 6.167501137915338827e-01 2.340691852526172179e-01 1.342740100136549826e-02 0.000000000000000000e+00
5.025000000000000000e+04 2.009949186408348520e-01 1.384842967683204418e-01 6.126536185707783799e-01 2.365725989986345035e-01 1.228948566226672687e-02 0.000000000000000000e+00
5.050000000000000000e+04 2.019948933604409635e-01 1.351843422849340060e-01 6.159535730541647602e-01 2.370277651342740100e-01 1.183431952662721866e-02 0.000000000000000000e+00
5.075000000000000000e+04 2.029948680800470751e-01 1.360946745562130189e-01 6.135639508420573929e-01 2.340691852526172179e-01 1.627218934911242587e-02 0.000000000000000000e+00
5.100000000000000000e+04 2.039948427996531866e-01 1.360946745562130189e-01 6.143604915794265153e-01 2.378243058716431602e-01 1.172052799271734204e-02 0.000000000000000000e+00
5.125000000000000000e+04 2.049948175192592981e-01 1.381429221665907980e-01 6.131087847064178309e-01 2.381656804733727761e-01 1.058261265361857065e-02 0.000000000000000000e+00
5.150000000000000000e+04 2.059947922388654096e-01 1.372325898953117851e-01 6.134501593081475024e-01 2.381656804733727761e-01 1.115157032316795548e-02 0.000000000000000000e+00
5.175000000000000000e+04 2.069947669584717431e-01 1.388256713700500578e-01 6.093536640873918886e-01 2.403277196176604458e-01 1.149294492489758707e-02 0.000000000000000000e+00
5.200000000000000000e+04 2.079947416780778546e-01 1.381429221665907980e-01 6.128812016385980499e-01 2.372553482020937632e-01 1.172052799271734204e-02 0.000000000000000000e+00
5.225000000000000000e+04 2.089947163976839661e-01 1.390532544378698110e-01 6.075329995448338627e-01 2.395311788802912956e-01 1.388256713700500647e-02 0.000000000000000000e+00
5.250000000000000000e+04 2.099946911172900776e-01 1.404187528447883582e-01 6.069640418752845212e-01 2.420345926263086089e-01 1.058261265361857065e-02 0.000000000000000000e+00
5.275000000000000000e+04 2.109946658368961891e-01 1.434911242603550408e-01 6.065088757396449592e-01 2.415794264906691025e-01 8.420573509330906217e-03 0.000000000000000000e+00
5.300000000000000000e+04 2.119946405565023007e-01 1.412152935821574806e-01 6.050295857988166048e-01 2.430587164314974846e-01 1.069640418752844727e-02 0.000000000000000000e+00
5.325000000000000000e+04 2.129946152761084122e-01 1.408739189804278646e-01 6.050295857988166048e-01 2.432862994993172379e-01 1.081019572143832562e-02 0.000000000000000000e+00
5.350000000000000000e+04 2.139945899957147457e-01 1.415566681838871244e-01 6.026399635867091265e-01 2.448793809740555383e-01 1.092398725534820224e-02 0.000000000000000000e+00
5.375000000000000000e+04 2.149945647153208572e-01 1.445152480655439164e-01 6.030951297223486884e-01 2.428311333636777314e-01 9.558488848429677609e-03 0.000000000000000000e+00
5.400000000000000000e+04 2.159945394349269687e-01 1.442876649977241632e-01 6.026399635867091265e-01 2.426035502958579781e-01 1.046882111970869403e-02 0.000000000000000000e+00
5.425000000000000000e+04 2.169945141545330802e-01 1.424670004551661373e-01 6.018434228493400040e-01 2.434000910332271284e-01 1.228948566226672687e-02 0.000000000000000000e+00
5.450000000000000000e+04 2.179944888741391917e-01 1.451979972690031762e-01 6.037778789258079204e-01 2.413518434228493492e-01 9.672280382339554228e-03 0.000000000000000000e+00
5.475000000000000000e+04 2.189944635937453032e-01 1.454255803368229294e-01 6.040054619936277014e-01 2.423759672280382249e-01 8.192990441511151245e-03 0.000000000000000000e+00
5.500000000000000000e+04 2.199944383133514147e-01 1.461083295402822169e-01 5.989986345015930747e-01 2.447655894401456478e-01 1.012744651797906244e-02 0.000000000000000000e+00
5.525000000000000000e+04 2.209944130329577483e-01 1.471324533454710926e-01 6.016158397815202230e-01 2.410104688211197055e-01 1.024123805188893906e-02 0.000000000000000000e+00
5.550000000000000000e+04 2.219943877525638598e-01 1.494082840236686527e-01 6.005917159763313196e-01 2.407828857532999522e-01 9.217114246700046018e-03 0.000000000000000000e+00
5.575000000000000000e+04 2.229943624721699713e-01 1.467910787437414766e-01 5.986572598998634032e-01 2.429449248975876219e-01 1.160673645880746542e-02 0.000000000000000000e+00
5.600000000000000000e+04 2.239943371917760828e-01 1.455393718707328199e-01 5.979745106964041712e-01 2.439690487027765253e-01 1.251706873008648184e-02 0.000000000000000000e+00
5.625000000000000000e+04 2.249943119113821943e-01 1.470186618115612298e-01 5.963814292216659263e-01 2.448793809740555383e-01 1.172052799271734204e-02 0.000000000000000000e+00
5.650000000000000000e+04 2.259942866309883058e-01 1.495220755575785154e-01 5.913746017296312996e-01 2.474965862539827144e-01 1.160673645880746542e-02 0.000000000000000000e+00
5.675000000000000000e+04 2.269942613505944173e-01 1.532771961766044577e-01 5.909194355939918486e-01 2.452207555757851543e-01 1.058261265361857065e-02 0.000000000000000000e+00
