# itime ezz other fcc hcp bcc ico
0.000000000000000000e+00 0.000000000000000000e+00 0.000000000000000000e+00 1.000000000000000000e+00 0.000000000000000000e+00 0.000000000000000000e+00 0.000000000000000000e+00
2.500000000000000000e+02 9.999757044198975819e-04 0.000000000000000000e+00 1.000000000000000000e+00 0.000000000000000000e+00 0.000000000000000000e+00 0.000000000000000000e+00
5.000000000000000000e+02 1.999951408839795164e-03 0.000000000000000000e+00 1.000000000000000000e+00 0.000000000000000000e+00 0.000000000000000000e+00 0.000000000000000000e+00
7.500000000000000000e+02 2.999927113259914790e-03 0.000000000000000000e+00 1.000000000000000000e+00 0.000000000000000000e+00 0.000000000000000000e+00 0.000000000000000000e+00
1.000000000000000000e+03 3.999902817679812372e-03 0.000000000000000000e+00 1.000000000000000000e+00 0.000000000000000000e+00 0.000000000000000000e+00 0.000000000000000000e+00
1.250000000000000000e+03 4.999878522099709954e-03 0.000000000000000000e+00 1.000000000000000000e+00 0.000000000000000000e+00 0.000000000000000000e+00 0.000000000000000000e+00
1.500000000000000000e+03 5.999854226519607536e-03 0.000000000000000000e+00 1.000000000000000000e+00 0.000000000000000000e+00 0.000000000000000000e+00 0.000000000000000000e+00
1.750000000000000000e+03 6.999829930939505118e-03 0.000000000000000000e+00 1.000000000000000000e+00 0.000000000000000000e+00 0.000000000000000000e+00 0.000000000000000000e+00
2.000000000000000000e+03 7.999805635359402700e-03 0.000000000000000000e+00 1.000000000000000000e+00 0.000000000000000000e+00 0.000000000000000000e+00 0.000000000000000000e+00
2.250000000000000000e+03 8.999781339779522327e-03 0.000000000000000000e+00 1.000000000000000000e+00 0.000000000000000000e+00 0.000000000000000000e+00 0.000000000000000000e+00
2.500000000000000000e+03 9.999757044199419909e-03 0.000000000000000000e+00 1.000000000000000000e+00 0.000000000000000000e+00 0.000000000000000000e+00 0.000000000000000000e+00
2.750000000000000000e+03 1.099973274861931749e-02 0.000000000000000000e+00 1.000000000000000000e+00 0.000000000000000000e+00 0.000000000000000000e+00 0.000000000000000000e+00
3.000000000000000000e+03 1.199970845303921507e-02 0.000000000000000000e+00 1.000000000000000000e+00 0.000000000000000000e+00 0.000000000000000000e+00 0.000000000000000000e+00
3.250000000000000000e+03 1.299968415745911265e-02 0.000000000000000000e+00 1.000000000000000000e+00 0.000000000000000000e+00 0.000000000000000000e+00 0.000000000000000000e+00
3.500000000000000000e+03 1.399965986187901024e-02 0.000000000000000000e+00 1.000000000000000000e+00 0.000000000000000000e+00 0.000000000000000000e+00 0.000000000000000000e+00
3.750000000000000000e+03 1.499963556629912986e-02 0.000000000000000000e+00 1.000000000000000000e+00 0.000000000000000000e+00 0.000000000000000000e+00 0.000000000000000000e+00
4.000000000000000000e+03 1.599961127071902744e-02 0.000000000000000000e+00 1.000000000000000000e+00 0.000000000000000000e+00 0.000000000000000000e+00 0.000000000000000000e+00
4.250000000000000000e+03 1.699958697513892503e-02 0.000000000000000000e+00 1.000000000000000000e+00 0.000000000000000000e+00 0.000000000000000000e+00 0.000000000000000000e+00
4.500000000000000000e+03 1.799956267955882261e-02 0.000000000000000000e+00 1.000000000000000000e+00 0.000000000000000000e+00 0.000000000000000000e+00 0.000000000000000000e+00
4.750000000000000000e+03 1.899953838397872019e-02 0.000000000000000000e+00 1.000000000000000000e+00 0.000000000000000000e+00 0.000000000000000000e+00 0.000000000000000000e+00
5.000000000000000000e+03 1.999951408839883982e-02 0.000000000000000000e+00 1.000000000000000000e+00 0.000000000000000000e+00 0.000000000000000000e+00 0.000000000000000000e+00
5.250000000000000000e+03 2.099948979281873740e-02 0.000000000000000000e+00 1.000000000000000000e+00 0.000000000000000000e+00 0.000000000000000000e+00 0.000000000000000000e+00
5.500000000000000000e+03 2.199946549723863498e-02 0.000000000000000000e+00 1.000000000000000000e+00 0.000000000000000000e+00 0.000000000000000000e+00 0.000000000000000000e+00
5.750000000000000000e+03 2.299944120165853256e-02 0.000000000000000000e+00 1.000000000000000000e+00 0.000000000000000000e+00 0.000000000000000000e+00 0.000000000000000000e+00
6.000000000000000000e+03 2.399941690607843015e-02 0.000000000000000000e+00 1.000000000000000000e+00 0.000000000000000000e+00 0.000000000000000000e+00 0.000000000000000000e+00
6.250000000000000000e+03 2.499939261049832773e-02 0.000000000000000000e+00 1.000000000000000000e+00 0.000000000000000000e+00 0.000000000000000000e+00 0.000000000000000000e+00
6.500000000000000000e+03 2.599936831491844735e-02 0.000000000000000000e+00 1.000000000000000000e+00 0.000000000000000000e+00 0.000000000000000000e+00 0.000000000000000000e+00
6.750000000000000000e+03 2.699934401933834494e-02 0.000000000000000000e+00 1.000000000000000000e+00 0.000000000000000000e+00 0.000000000000000000e+00 0.000000000000000000e+00
7.000000000000000000e+03 2.799931972375824252e-02 0.000000000000000000e+00 1.000000000000000000e+00 0.000000000000000000e+00 0.000000000000000000e+00 0.000000000000000000e+00
7.250000000000000000e+03 2.899929542817814010e-02 0.000000000000000000e+00 1.000000000000000000e+00 0.000000000000000000e+00 0.000000000000000000e+00 0.000000000000000000e+00
7.500000000000000000e+03 2.999927113259803768e-02 0.000000000000000000e+00 1.000000000000000000e+00 0.000000000000000000e+00 0.000000000000000000e+00 0.000000000000000000e+00
7.750000000000000000e+03 3.099924683701793526e-02 0.000000000000000000e+00 1.000000000000000000e+00 0.000000000000000000e+00 0.000000000000000000e+00 0.000000000000000000e+00
8.000000000000000000e+03 3.199922254143805489e-02 0.000000000000000000e+00 1.000000000000000000e+00 0.000000000000000000e+00 0.000000000000000000e+00 0.000000000000000000e+00
8.250000000000000000e+03 3.299919824585795247e-02 0.000000000000000000e+00 1.000000000000000000e+00 0.000000000000000000e+00 0.000000000000000000e+00 0.000000000000000000e+00
8.500000000000000000e+03 3.399917395027785005e-02 0.000000000000000000e+00 1.000000000000000000e+00 0.000000000000000000e+00 0.000000000000000000e+00 0.000000000000000000e+00
8.750000000000000000e+03 3.499914965469774764e-02 0.000000000000000000e+00 1.000000000000000000e+00 0.000000000000000000e+00 0.000000000000000000e+00 0.000000000000000000e+00
9.000000000000000000e+03 3.599912535911764522e-02 0.000000000000000000e+00 1.000000000000000000e+00 0.000000000000000000e+00 0.000000000000000000e+00 0.000000000000000000e+00
9.250000000000000000e+03 3.699910106353754280e-02 0.000000000000000000e+00 1.000000000000000000e+00 0.000000000000000000e+00 0.000000000000000000e+00 0.000000000000000000e+00
9.500000000000000000e+03 3.799907676795766243e-02 0.000000000000000000e+00 1.000000000000000000e+00 0.000000000000000000e+00 0.000000000000000000e+00 0.000000000000000000e+00
9.750000000000000000e+03 3.899905247237756001e-02 0.000000000000000000e+00 1.000000000000000000e+00 0.000000000000000000e+00 0.000000000000000000e+00 0.000000000000000000e+00
1.000000000000000000e+04 3.999902817679745759e-02 0.000000000000000000e+00 1.000000000000000000e+00 0.000000000000000000e+00 0.000000000000000000e+00 0.000000000000000000e+00
1.025000000000000000e+04 4.099900388121735517e-02 0.000000000000000000e+00 1.000000000000000000e+00 0.000000000000000000e+00 0.000000000000000000e+00 0.000000000000000000e+00
1.050000000000000000e+04 4.199897958563725275e-02 0.000000000000000000e+00 1.000000000000000000e+00 0.000000000000000000e+00 0.000000000000000000e+00 0.000000000000000000e+00
1.075000000000000000e+04 4.299895529005737238e-02 0.000000000000000000e+00 1.000000000000000000e+00 0.000000000000000000e+00 0.000000000000000000e+00 0.000000000000000000e+00
1.100000000000000000e+04 4.399893099447726996e-02 0.000000000000000000e+00 1.000000000000000000e+00 0.000000000000000000e+00 0.000000000000000000e+00 0.000000000000000000e+00
1.125000000000000000e+04 4.499890669889716754e-02 0.000000000000000000e+00 1.000000000000000000e+00 0.000000000000000000e+00 0.000000000000000000e+00 0.000000000000000000e+00
1.150000000000000000e+04 4.599888240331706513e-02 0.000000000000000000e+00 1.000000000000000000e+00 0.000000000000000000e+00 0.000000000000000000e+00 0.000000000000000000e+00
1.175000000000000000e+04 4.699885810773696271e-02 0.000000000000000000e+00 1.000000000000000000e+00 0.000000000000000000e+00 0.000000000000000000e+00 0.000000000000000000e+00
1.200000000000000000e+04 4.799883381215686029e-02 0.000000000000000000e+00 1.000000000000000000e+00 0.000000000000000000e+00 0.000000000000000000e+00 0.000000000000000000e+00
1.225000000000000000e+04 4.899880951657697992e-02 0.000000000000000000e+00 1.000000000000000000e+00 0.000000000000000000e+00 0.000000000000000000e+00 0.000000000000000000e+00
1.250000000000000000e+04 4.999878522099687750e-02 0.000000000000000000e+00 1.000000000000000000e+00 0.000000000000000000e+00 0.000000000000000000e+00 0.000000000000000000e+00
1.275000000000000000e+04 5.099876092541677508e-02 0.000000000000000000e+00 1.000000000000000000e+00 0.000000000000000000e+00 0.000000000000000000e+00 0.000000000000000000e+00
1.300000000000000000e+04 5.199873662983667266e-02 0.000000000000000000e+00 1.000000000000000000e+00 0.000000000000000000e+00 0.000000000000000000e+00 0.000000000000000000e+00
1.325000000000000000e+04 5.299871233425657024e-02 0.000000000000000000e+00 1.000000000000000000e+00 0.000000000000000000e+00 0.000000000000000000e+00 0.000000000000000000e+00
1.350000000000000000e+04 5.399868803867646783e-02 0.000000000000000000e+00 1.000000000000000000e+00 0.000000000000000000e+00 0.000000000000000000e+00 0.000000000000000000e+00
1.375000000000000000e+04 5.499866374309658745e-02 0.000000000000000000e+00 1.000000000000000000e+00 0.000000000000000000e+00 0.000000000000000000e+00 0.000000000000000000e+00
1.400000000000000000e+04 5.599863944751648503e-02 4.551661356395084266e-04 9.995448338643604380e-01 0.000000000000000000e+00 0.000000000000000000e+00 0.000000000000000000e+00
1.425000000000000000e+04 5.699861515193638262e-02 0.000000000000000000e+00 1.000000000000000000e+00 0.000000000000000000e+00 0.000000000000000000e+00 0.000000000000000000e+00
1.450000000000000000e+04 5.799859085635628020e-02 2.275830678197542133e-04 9.997724169321802190e-01 0.000000000000000000e+00 0.000000000000000000e+00 0.000000000000000000e+00
1.475000000000000000e+04 5.899856656077617778e-02 0.000000000000000000e+00 1.000000000000000000e+00 0.000000000000000000e+00 0.000000000000000000e+00 0.000000000000000000e+00
1.500000000000000000e+04 5.999854226519629741e-02 0.000000000000000000e+00 1.000000000000000000e+00 0.000000000000000000e+00 0.000000000000000000e+00 0.000000000000000000e+00
1.525000000000000000e+04 6.099851796961619499e-02 0.000000000000000000e+00 1.000000000000000000e+00 0.000000000000000000e+00 0.000000000000000000e+00 0.000000000000000000e+00
1.550000000000000000e+04 6.199849367403609257e-02 0.000000000000000000e+00 1.000000000000000000e+00 0.000000000000000000e+00 0.000000000000000000e+00 0.000000000000000000e+00
1.575000000000000000e+04 6.299846937845599015e-02 0.000000000000000000e+00 1.000000000000000000e+00 0.000000000000000000e+00 0.000000000000000000e+00 0.000000000000000000e+00
1.600000000000000000e+04 6.399844508287588773e-02 1.137915339098771066e-04 9.998862084660901095e-01 0.000000000000000000e+00 0.000000000000000000e+00 0.000000000000000000e+00
1.625000000000000000e+04 6.499842078729578532e-02 0.000000000000000000e+00 1.000000000000000000e+00 0.000000000000000000e+00 0.000000000000000000e+00 0.000000000000000000e+00
1.650000000000000000e+04 6.599839649171590494e-02 1.137915339098771066e-04 9.998862084660901095e-01 0.000000000000000000e+00 0.000000000000000000e+00 0.000000000000000000e+00
1.675000000000000000e+04 6.699837219613580253e-02 0.000000000000000000e+00 1.000000000000000000e+00 0.000000000000000000e+00 0.000000000000000000e+00 0.000000000000000000e+00
1.700000000000000000e+04 6.799834790055570011e-02 0.000000000000000000e+00 1.000000000000000000e+00 0.000000000000000000e+00 0.000000000000000000e+00 0.000000000000000000e+00
1.725000000000000000e+04 6.899832360497559769e-02 0.000000000000000000e+00 1.000000000000000000e+00 0.000000000000000000e+00 0.000000000000000000e+00 0.000000000000000000e+00
1.750000000000000000e+04 6.999829930939549527e-02 0.000000000000000000e+00 1.000000000000000000e+00 0.000000000000000000e+00 0.000000000000000000e+00 0.000000000000000000e+00
1.775000000000000000e+04 7.099827501381539285e-02 0.000000000000000000e+00 1.000000000000000000e+00 0.000000000000000000e+00 0.000000000000000000e+00 0.000000000000000000e+00
1.800000000000000000e+04 7.199825071823551248e-02 0.000000000000000000e+00 1.000000000000000000e+00 0.000000000000000000e+00 0.000000000000000000e+00 0.000000000000000000e+00
1.825000000000000000e+04 7.299822642265541006e-02 2.275830678197542133e-04 9.997724169321802190e-01 0.000000000000000000e+00 0.000000000000000000e+00 0.000000000000000000e+00
1.850000000000000000e+04 7.399820212707530764e-02 0.000000000000000000e+00 1.000000000000000000e+00 0.000000000000000000e+00 0.000000000000000000e+00 0.000000000000000000e+00
1.875000000000000000e+04 7.499817783149520523e-02 0.000000000000000000e+00 1.000000000000000000e+00 0.000000000000000000e+00 0.000000000000000000e+00 0.000000000000000000e+00
1.900000000000000000e+04 7.599815353591510281e-02 0.000000000000000000e+00 1.000000000000000000e+00 0.000000000000000000e+00 0.000000000000000000e+00 0.000000000000000000e+00
1.925000000000000000e+04 7.699812924033522243e-02 0.000000000000000000e+00 1.000000000000000000e+00 0.000000000000000000e+00 0.000000000000000000e+00 0.000000000000000000e+00
1.950000000000000000e+04 7.799810494475512002e-02 0.000000000000000000e+00 1.000000000000000000e+00 0.000000000000000000e+00 0.000000000000000000e+00 0.000000000000000000e+00
1.975000000000000000e+04 7.899808064917501760e-02 1.137915339098771066e-04 9.998862084660901095e-01 0.000000000000000000e+00 0.000000000000000000e+00 0.000000000000000000e+00
2.000000000000000000e+04 7.999805635359491518e-02 5.689576695493854790e-04 9.994310423304506585e-01 0.000000000000000000e+00 0.000000000000000000e+00 0.000000000000000000e+00
2.025000000000000000e+04 8.099803205801481276e-02 4.551661356395084266e-04 9.995448338643604380e-01 0.000000000000000000e+00 0.000000000000000000e+00 0.000000000000000000e+00
2.050000000000000000e+04 8.199800776243471034e-02 0.000000000000000000e+00 1.000000000000000000e+00 0.000000000000000000e+00 0.000000000000000000e+00 0.000000000000000000e+00
2.075000000000000000e+04 8.299798346685482997e-02 3.413746017296313199e-04 9.996586253982703285e-01 0.000000000000000000e+00 0.000000000000000000e+00 0.000000000000000000e+00
2.100000000000000000e+04 8.399795917127472755e-02 5.689576695493854790e-04 9.994310423304506585e-01 0.000000000000000000e+00 0.000000000000000000e+00 0.000000000000000000e+00
2.125000000000000000e+04 8.499793487569462513e-02 7.965407373691396923e-04 9.992034592626308775e-01 0.000000000000000000e+00 0.000000000000000000e+00 0.000000000000000000e+00
2.150000000000000000e+04 8.599791058011452272e-02 7.965407373691396923e-04 9.992034592626308775e-01 0.000000000000000000e+00 0.000000000000000000e+00 0.000000000000000000e+00
2.175000000000000000e+04 8.699788628453442030e-02 1.820664542558033706e-03 9.980655439235320836e-01 0.000000000000000000e+00 1.137915339098771066e-04 0.000000000000000000e+00
2.200000000000000000e+04 8.799786198895431788e-02 1.251706873008648227e-03 9.987482931269913156e-01 0.000000000000000000e+00 0.000000000000000000e+00 0.000000000000000000e+00
2.225000000000000000e+04 8.899783769337443751e-02 4.551661356395084266e-04 9.994310423304506585e-01 0.000000000000000000e+00 1.137915339098771066e-04 0.000000000000000000e+00
2.250000000000000000e+04 8.999781339779433509e-02 1.479289940828402332e-03 9.985207100591716456e-01 0.000000000000000000e+00 0.000000000000000000e+00 0.000000000000000000e+00
2.275000000000000000e+04 9.099778910221423267e-02 3.413746017296313199e-04 9.996586253982703285e-01 0.000000000000000000e+00 0.000000000000000000e+00 0.000000000000000000e+00
2.300000000000000000e+04 9.199776480663413025e-02 1.365498406918525280e-03 9.985207100591716456e-01 0.000000000000000000e+00 1.137915339098771066e-04 0.000000000000000000e+00
2.325000000000000000e+04 9.299774051105402783e-02 2.162039144287664864e-03 9.978379608557123026e-01 0.000000000000000000e+00 0.000000000000000000e+00 0.000000000000000000e+00
2.350000000000000000e+04 9.399771621547392542e-02 2.048247610377787811e-03 9.974965862539827421e-01 0.000000000000000000e+00 4.551661356395084266e-04 0.000000000000000000e+00
2.375000000000000000e+04 9.499769191989404504e-02 1.706873008648156654e-03 9.979517523896221931e-01 0.000000000000000000e+00 3.413746017296313199e-04 0.000000000000000000e+00
2.400000000000000000e+04 9.599766762431394262e-02 1.706873008648156654e-03 9.980655439235320836e-01 0.000000000000000000e+00 2.275830678197542133e-04 0.000000000000000000e+00
2.425000000000000000e+04 9.699764332873384021e-02 1.365498406918525280e-03 9.984069185252617551e-01 0.000000000000000000e+00 2.275830678197542133e-04 0.000000000000000000e+00
2.450000000000000000e+04 9.799761903315373779e-02 1.479289940828402332e-03 9.985207100591716456e-01 0.000000000000000000e+00 0.000000000000000000e+00 0.000000000000000000e+00
2.475000000000000000e+04 9.899759473757363537e-02 1.820664542558033706e-03 9.980655439235320836e-01 0.000000000000000000e+00 1.137915339098771066e-04 0.000000000000000000e+00
2.500000000000000000e+04 9.999757044199375500e-02 2.617205279927173507e-03 9.972690031861629611e-01 0.000000000000000000e+00 1.137915339098771066e-04 0.000000000000000000e+00
2.525000000000000000e+04 1.009975461464136526e-01 3.072371415566681717e-03 9.964724624487938387e-01 0.000000000000000000e+00 4.551661356395084266e-04 0.000000000000000000e+00
2.550000000000000000e+04 1.019975218508335502e-01 3.527537551206190360e-03 9.961310878470641672e-01 0.000000000000000000e+00 3.413746017296313199e-04 0.000000000000000000e+00
2.575000000000000000e+04 1.029974975552534477e-01 4.210286754665453109e-03 9.955621301775148257e-01 0.000000000000000000e+00 2.275830678197542133e-04 0.000000000000000000e+00
2.600000000000000000e+04 1.039974732596733453e-01 5.348202093764223633e-03 9.938552571688666903e-01 0.000000000000000000e+00 7.965407373691396923e-04 0.000000000000000000e+00
2.625000000000000000e+04 1.049974489640932429e-01 6.486117432862995025e-03 9.931725079654073474e-01 0.000000000000000000e+00 3.413746017296313199e-04 0.000000000000000000e+00
2.650000000000000000e+04 1.059974246685133625e-01 6.030951297223486815e-03 9.931725079654073474e-01 0.000000000000000000e+00 7.965407373691396923e-04 0.000000000000000000e+00
2.675000000000000000e+04 1.069974003729332601e-01 1.217569412835685025e-02 9.861174328629950248e-01 0.000000000000000000e+00 1.706873008648156654e-03 0.000000000000000000e+00
2.700000000000000000e+04 1.079973760773531577e-01 1.388256713700500647e-02 9.846381429221665593e-01 0.000000000000000000e+00 1.479289940828402332e-03 0.000000000000000000e+00
2.725000000000000000e+04 1.089973517817730553e-01 2.275830678197542090e-02 9.689349112426035582e-01 0.000000000000000000e+00 8.306781975421027864e-03 0.000000000000000000e+00
2.750000000000000000e+04 1.099973274861929529e-01 1.018434228493400040e-01 6.506599908966772539e-01 0.000000000000000000e+00 2.474965862539827144e-01 0.000000000000000000e+00
2.775000000000000000e+04 1.109973031906128504e-01 1.744424214838415921e-01 2.611515703231679364e-01 1.001365498406918582e-02 5.543923532089212181e-01 0.000000000000000000e+00
2.800000000000000000e+04 1.119972788950329701e-01 2.699135184342285054e-01 3.380746472462448637e-01 1.512289485662266786e-01 2.407828857532999522e-01 0.000000000000000000e+00
2.825000000000000000e+04 1.129972545994528677e-01 2.496586253982703563e-01 4.466317705962676299e-01 2.329312699135184239e-01 7.077833409194356218e-02 0.000000000000000000e+00
2.850000000000000000e+04 1.139972303038727652e-01 2.156349567592171224e-01 5.407373691397360238e-01 2.190487027765134209e-01 2.457897132453345374e-02 0.000000000000000000e+00
2.875000000000000000e+04 1.149972060082926628e-01 1.981110605370960398e-01 5.942193900773782289e-01 1.959490213928083702e-01 1.172052799271734204e-02 0.000000000000000000e+00
2.900000000000000000e+04 1.159971817127125604e-01 1.537323623122439642e-01 6.619253527537550807e-01 1.709148839326354030e-01 1.342740100136549826e-02 0.000000000000000000e+00
2.925000000000000000e+04 1.169971574171326800e-01 1.158397815202548975e-01 7.303140646335912756e-01 1.481565771506599960e-01 5.689576695493855224e-03 0.000000000000000000e+00
2.950000000000000000e+04 1.179971331215525776e-01 7.885753299954482987e-02 7.736686390532544477e-01 1.403049613108784677e-01 7.168866636322257339e-03 0.000000000000000000e+00
2.975000000000000000e+04 1.189971088259724752e-01 6.577150659990896320e-02 7.825443786982249073e-01 1.459945380063723264e-01 5.689576695493855224e-03 0.000000000000000000e+00
3.000000000000000000e+04 1.199970845303923728e-01 6.508875739644970349e-02 7.870960400546199720e-01 1.437187073281747940e-01 4.096495220755575623e-03 0.000000000000000000e+00
3.025000000000000000e+04 1.209970602348122704e-01 5.917159763313609155e-02 7.870960400546199720e-01 1.470186618115612298e-01 6.713700500682749130e-03 0.000000000000000000e+00
3.050000000000000000e+04 1.219970359392321679e-01 6.167501137915339104e-02 7.883477469276285454e-01 1.453117888029130667e-01 4.665452890304961318e-03 0.000000000000000000e+00
3.075000000000000000e+04 1.229970116436522876e-01 6.258534365043240399e-02 7.874374146563495325e-01 1.442876649977241632e-01 5.689576695493855224e-03 0.000000000000000000e+00
3.100000000000000000e+04 1.239969873480721851e-01 6.042330450614474130e-02 7.884615384615384359e-01 1.450842057350933134e-01 6.030951297223486815e-03 0.000000000000000000e+00
3.125000000000000000e+04 1.249969630524920827e-01 6.304050978607191047e-02 7.873236231224396420e-01 1.436049157942649035e-01 6.030951297223486815e-03 0.000000000000000000e+00
3.150000000000000000e+04 1.259969387569119803e-01 5.939918070095585173e-02 7.891442876649977789e-01 1.464497041420118328e-01 5.006827492034592909e-03 0.000000000000000000e+00
3.175000000000000000e+04 1.269969144613318779e-01 6.110605370960400795e-02 7.877787892580792040e-01 1.458807464724624359e-01 5.234410559854347014e-03 0.000000000000000000e+00
3.200000000000000000e+04 1.279968901657517755e-01 6.156121984524351443e-02 7.884615384615384359e-01 1.445152480655439164e-01 5.461993627674101119e-03 0.000000000000000000e+00
3.225000000000000000e+04 1.289968658701718951e-01 5.757851615839781195e-02 7.908511606736459143e-01 1.453117888029130667e-01 6.258534365043240920e-03 0.000000000000000000e+00
3.250000000000000000e+04 1.299968415745917927e-01 5.666818388711879900e-02 7.926718252162039402e-01 1.459945380063723264e-01 4.665452890304961318e-03 0.000000000000000000e+00
3.275000000000000000e+04 1.309968172790116903e-01 5.939918070095585173e-02 7.898270368684570109e-01 1.464497041420118328e-01 4.324078288575329727e-03 0.000000000000000000e+00
3.300000000000000000e+04 1.319967929834315878e-01 5.917159763313609155e-02 7.909649522075558048e-01 1.444014565316340537e-01 5.461993627674101119e-03 0.000000000000000000e+00
3.325000000000000000e+04 1.329967686878514854e-01 5.962676376877560497e-02 7.908511606736459143e-01 1.440600819299044100e-01 5.461993627674101119e-03 0.000000000000000000e+00
3.350000000000000000e+04 1.339967443922716051e-01 6.042330450614474130e-02 7.886891215293582169e-01 1.449704142011834229e-01 5.917159763313609329e-03 0.000000000000000000e+00
3.375000000000000000e+04 1.349967200966915026e-01 5.837505689576695522e-02 7.898270368684570109e-01 1.457669549385525731e-01 6.030951297223486815e-03 0.000000000000000000e+00
3.400000000000000000e+04 1.359966958011114002e-01 6.042330450614474130e-02 7.901684114701865713e-01 1.434911242603550408e-01 5.917159763313609329e-03 0.000000000000000000e+00
3.425000000000000000e+04 1.369966715055312978e-01 5.962676376877560497e-02 7.898270368684570109e-01 1.455393718707328199e-01 5.006827492034592909e-03 0.000000000000000000e+00
3.450000000000000000e+04 1.379966472099511954e-01 6.121984524351388457e-02 7.891442876649977789e-01 1.448566226672735602e-01 4.779244424214838804e-03 0.000000000000000000e+00
3.475000000000000000e+04 1.389966229143710930e-01 6.258534365043240399e-02 7.888029130632681074e-01 1.442876649977241632e-01 4.324078288575329727e-03 0.000000000000000000e+00
3.500000000000000000e+04 1.399965986187912126e-01 6.110605370960400795e-02 7.894856622667273394e-01 1.455393718707328199e-01 3.868912152935821518e-03 0.000000000000000000e+00
3.525000000000000000e+04 1.409965743232111102e-01 6.110605370960400795e-02 7.901684114701865713e-01 1.437187073281747940e-01 5.006827492034592909e-03 0.000000000000000000e+00
3.550000000000000000e+04 1.419965500276310078e-01 6.451979972690032039e-02 7.876649977241693135e-01 1.433773327264451503e-01 4.437869822485207214e-03 0.000000000000000000e+00
3.575000000000000000e+04 1.429965257320509053e-01 6.292671825216203385e-02 7.884615384615384359e-01 1.440600819299044100e-01 4.551661356395083832e-03 0.000000000000000000e+00
3.600000000000000000e+04 1.439965014364708029e-01 6.599908966772871644e-02 7.869822485207100815e-01 1.420118343195266308e-01 5.006827492034592909e-03 0.000000000000000000e+00
3.625000000000000000e+04 1.449964771408907005e-01 6.884387801547564578e-02 7.862994993172508496e-01 1.411015020482476179e-01 3.755120619025944465e-03 0.000000000000000000e+00
3.650000000000000000e+04 1.459964528453108201e-01 7.100591715976331542e-02 7.895994538006372299e-01 1.367774237596722786e-01 2.617205279927173507e-03 0.000000000000000000e+00
3.675000000000000000e+04 1.469964285497307177e-01 8.249886208466089554e-02 7.773099681383704995e-01 1.380291306326809353e-01 2.162039144287664864e-03 0.000000000000000000e+00
3.700000000000000000e+04 1.479964042541506153e-01 6.520254893035958010e-02 7.800409649522075384e-01 1.505461993627674189e-01 4.210286754665453109e-03 0.000000000000000000e+00
3.725000000000000000e+04 1.489963799585705129e-01 5.837505689576695522e-02 7.876649977241693135e-01 1.499772416932180219e-01 3.982703686845699004e-03 0.000000000000000000e+00
3.750000000000000000e+04 1.499963556629904105e-01 5.109239872553481693e-02 7.954028220300409791e-01 1.496358670914884059e-01 3.868912152935821518e-03 0.000000000000000000e+00
3.775000000000000000e+04 1.509963313674105301e-01 5.109239872553481693e-02 7.930131998179335007e-01 1.528220300409649512e-01 3.072371415566681717e-03 0.000000000000000000e+00
3.800000000000000000e+04 1.519963070718304277e-01 5.131998179335457710e-02 7.926718252162039402e-01 1.525944469731451980e-01 3.413746017296313308e-03 0.000000000000000000e+00
3.825000000000000000e+04 1.529962827762503252e-01 5.006827492034592736e-02 7.911925352753754748e-01 1.548702776513427304e-01 3.868912152935821518e-03 0.000000000000000000e+00
3.850000000000000000e+04 1.539962584806702228e-01 5.131998179335457710e-02 7.916477014110150368e-01 1.532771961766044577e-01 3.755120619025944465e-03 0.000000000000000000e+00
3.875000000000000000e+04 1.549962341850901204e-01 5.200273099681383682e-02 7.911925352753754748e-01 1.525944469731451980e-01 4.210286754665453109e-03 0.000000000000000000e+00
3.900000000000000000e+04 1.559962098895100180e-01 5.154756486117433034e-02 7.875512061902594230e-01 1.568047337278106468e-01 4.096495220755575623e-03 0.000000000000000000e+00
3.925000000000000000e+04 1.569961855939301376e-01 5.131998179335457710e-02 7.900546199362767918e-01 1.544151115157032239e-01 4.210286754665453109e-03 0.000000000000000000e+00
3.950000000000000000e+04 1.579961612983500352e-01 5.029585798816568060e-02 7.889167045971779979e-01 1.570323167956304000e-01 3.755120619025944465e-03 0.000000000000000000e+00
3.975000000000000000e+04 1.589961370027699328e-01 5.097860719162494031e-02 7.890304961310878884e-01 1.556668183887118806e-01 4.324078288575329727e-03 0.000000000000000000e+00
4.000000000000000000e+04 1.599961127071898304e-01 5.131998179335457710e-02 7.878925807919890945e-01 1.560081929904415243e-01 4.779244424214838804e-03 0.000000000000000000e+00
4.025000000000000000e+04 1.609960884116097279e-01 5.223031406463359005e-02 7.872098315885298625e-01 1.561219845243513871e-01 4.437869822485207214e-03 0.000000000000000000e+00
4.050000000000000000e+04 1.619960641160296255e-01 5.154756486117433034e-02 7.873236231224396420e-01 1.571461083295402905e-01 3.982703686845699004e-03 0.000000000000000000e+00
4.075000000000000000e+04 1.629960398204497452e-01 5.359581247155211642e-02 7.860719162494310686e-01 1.555530268548019901e-01 4.779244424214838804e-03 0.000000000000000000e+00
4.100000000000000000e+04 1.639960155248696427e-01 5.268548020027309653e-02 7.848202093764223841e-01 1.580564406008193035e-01 4.437869822485207214e-03 0.000000000000000000e+00
4.125000000000000000e+04 1.649959912292895403e-01 5.052344105598543383e-02 7.872098315885298625e-01 1.573736913973600438e-01 4.893035958124715423e-03 0.000000000000000000e+00
4.150000000000000000e+04 1.659959669337094379e-01 5.678197542102867562e-02 7.778789258079198410e-01 1.609012289485662328e-01 4.437869822485207214e-03 0.000000000000000000e+00
4.175000000000000000e+04 1.669959426381293355e-01 5.655439235320892238e-02 7.725307237141556538e-01 1.663632225762403383e-01 4.551661356395083832e-03 0.000000000000000000e+00
4.200000000000000000e+04 1.679959183425492331e-01 6.019572143832498806e-02 7.628584433318160718e-01 1.722803823395539502e-01 4.665452890304961318e-03 0.000000000000000000e+00
4.225000000000000000e+04 1.689958940469693527e-01 6.577150659990896320e-02 7.559171597633136397e-01 1.688666363222576239e-01 9.444697314519799256e-03 0.000000000000000000e+00
4.250000000000000000e+04 1.699958697513892503e-01 4.915794264906690747e-02 7.932407828857532817e-01 1.506599908966772816e-01 6.941283568502503235e-03 0.000000000000000000e+00
4.275000000000000000e+04 1.709958454558091479e-01 5.075102412380518707e-02 7.880063723258989850e-01 1.548702776513427304e-01 6.372325898953117539e-03 0.000000000000000000e+00
4.300000000000000000e+04 1.719958211602290454e-01 5.200273099681383682e-02 7.855029585798816161e-01 1.566909421939007840e-01 5.803368229403732710e-03 0.000000000000000000e+00
4.325000000000000000e+04 1.729957968646489430e-01 4.938552571688666071e-02 7.881201638598088755e-01 1.555530268548019901e-01 6.941283568502503235e-03 0.000000000000000000e+00
4.350000000000000000e+04 1.739957725690690626e-01 4.961310878470642088e-02 7.880063723258989850e-01 1.564633591260810308e-01 5.917159763313609329e-03 0.000000000000000000e+00
4.375000000000000000e+04 1.749957482734889602e-01 5.166135639508420696e-02 7.865270823850705195e-01 1.557806099226217433e-01 6.030951297223486815e-03 0.000000000000000000e+00
4.400000000000000000e+04 1.759957239779088578e-01 4.847519344560764776e-02 7.880063723258989850e-01 1.563495675921711403e-01 7.168866636322257339e-03 0.000000000000000000e+00
4.425000000000000000e+04 1.769956996823287554e-01 5.188893946290396020e-02 7.883477469276285454e-01 1.540737369139736079e-01 5.689576695493855224e-03 0.000000000000000000e+00
4.450000000000000000e+04 1.779956753867486530e-01 5.188893946290396020e-02 7.886891215293582169e-01 1.535047792444242110e-01 5.917159763313609329e-03 0.000000000000000000e+00
4.475000000000000000e+04 1.789956510911685506e-01 5.177514792899408358e-02 7.856167501137915066e-01 1.563495675921711403e-01 6.258534365043240920e-03 0.000000000000000000e+00
4.500000000000000000e+04 1.799956267955886702e-01 5.131998179335457710e-02 7.867546654528903005e-01 1.555530268548019901e-01 6.372325898953117539e-03 0.000000000000000000e+00
4.525000000000000000e+04 1.809956025000085678e-01 4.915794264906690747e-02 7.885753299954483264e-01 1.552116522530723741e-01 7.055075102412380721e-03 0.000000000000000000e+00
4.550000000000000000e+04 1.819955782044284653e-01 5.279927173418298009e-02 7.856167501137915066e-01 1.566909421939007840e-01 4.893035958124715423e-03 0.000000000000000000e+00
4.575000000000000000e+04 1.829955539088483629e-01 5.223031406463359005e-02 7.866408739189804100e-01 1.550978607191624836e-01 6.030951297223486815e-03 0.000000000000000000e+00
4.600000000000000000e+04 1.839955296132682605e-01 5.473372781065088954e-02 7.847064178425124936e-01 1.556668183887118806e-01 4.893035958124715423e-03 0.000000000000000000e+00
4.625000000000000000e+04 1.849955053176881581e-01 5.427856167501137613e-02 7.852753755120619461e-01 1.549840691852526209e-01 5.461993627674101119e-03 0.000000000000000000e+00
4.650000000000000000e+04 1.859954810221082777e-01 5.575785161583977911e-02 7.827719617660445772e-01 1.565771506599908935e-01 4.893035958124715423e-03 0.000000000000000000e+00
4.675000000000000000e+04 1.869954567265281753e-01 5.382339553937186966e-02 7.826581702321346867e-01 1.578288575329995502e-01 5.689576695493855224e-03 0.000000000000000000e+00
4.700000000000000000e+04 1.879954324309480729e-01 5.791989076012744875e-02 7.789030496131087444e-01 1.591943559399180697e-01 3.982703686845699004e-03 0.000000000000000000e+00
4.725000000000000000e+04 1.889954081353679705e-01 6.042330450614474130e-02 7.750341374601729116e-01 1.606736458807464796e-01 3.868912152935821518e-03 0.000000000000000000e+00
4.750000000000000000e+04 1.899953838397878680e-01 5.871643149749658508e-02 7.774237596722803900e-01 1.591943559399180697e-01 4.665452890304961318e-03 0.000000000000000000e+00
4.775000000000000000e+04 1.909953595442079877e-01 5.871643149749658508e-02 7.752617205279926926e-01 1.619253527537551085e-01 4.096495220755575623e-03 0.000000000000000000e+00
4.800000000000000000e+04 1.919953352486278852e-01 6.201638598088302090e-02 7.723031406463358728e-01 1.619253527537551085e-01 3.755120619025944465e-03 0.000000000000000000e+00
4.825000000000000000e+04 1.929953109530477828e-01 6.349567592171143082e-02 7.720755575785162028e-01 1.604460628129267263e-01 3.982703686845699004e-03 0.000000000000000000e+00
4.850000000000000000e+04 1.939952866574676804e-01 6.178880291306326766e-02 7.746927628584433512e-01 1.597633136094674666e-01 3.755120619025944465e-03 0.000000000000000000e+00
4.875000000000000000e+04 1.949952623618875780e-01 6.201638598088302090e-02 7.712790168411469693e-01 1.621529358215748617e-01 4.551661356395083832e-03 0.000000000000000000e+00
4.900000000000000000e+04 1.959952380663074756e-01 6.292671825216203385e-02 7.712790168411469693e-01 1.613563950842057393e-01 4.437869822485207214e-03 0.000000000000000000e+00
4.925000000000000000e+04 1.969952137707275952e-01 6.577150659990896320e-02 7.661583978152025631e-01 1.643149749658625314e-01 3.755120619025944465e-03 0.000000000000000000e+00
4.950000000000000000e+04 1.979951894751474928e-01 6.850250341374601593e-02 7.552344105598542967e-01 1.721665908056440597e-01 4.096495220755575623e-03 0.000000000000000000e+00
4.975000000000000000e+04 1.989951651795673904e-01 7.157487482931269851e-02 7.527309968138370389e-01 1.715976331360946627e-01 4.096495220755575623e-03 0.000000000000000000e+00
5.000000000000000000e+04 1.999951408839872879e-01 7.430587164314975124e-02 7.397587619481110766e-01 1.820664542558033672e-01 3.868912152935821518e-03 0.000000000000000000e+00
5.025000000000000000e+04 2.009951165884071855e-01 8.022303140646336317e-02 7.246244879380974169e-01 1.909421939007737712e-01 4.210286754665453109e-03 0.000000000000000000e+00
5.050000000000000000e+04 2.019950922928270831e-01 7.965407373691398007e-02 7.261037778789257713e-01 1.911697769685935244e-01 3.072371415566681717e-03 0.000000000000000000e+00
5.075000000000000000e+04 2.029950679972472027e-01 8.750568957669549452e-02 7.180245789713245452e-01 1.917387346381429214e-01 2.730996813837050560e-03 0.000000000000000000e+00
5.100000000000000000e+04 2.039950437016671003e-01 8.818843878015475424e-02 7.117660446062813451e-01 1.964041875284478766e-01 3.641329085116067413e-03 0.000000000000000000e+00
5.125000000000000000e+04 2.049950194060869979e-01 9.114701866181156020e-02 7.139280837505689314e-01 1.919663177059626746e-01 2.958579881656804664e-03 0.000000000000000000e+00
5.150000000000000000e+04 2.059949951105068955e-01 9.990896677287210148e-02 7.185935366408738867e-01 1.770596267637687682e-01 4.437869822485207214e-03 0.000000000000000000e+00
5.175000000000000000e+04 2.069949708149267931e-01 1.028675466545289074e-01 7.280382339553936877e-01 1.615839781520254925e-01 7.510241238051888930e-03 0.000000000000000000e+00
5.200000000000000000e+04 2.079949465193469127e-01 1.098088302230314089e-01 7.342967683204369989e-01 1.503186162949476656e-01 5.575785161583977738e-03 0.000000000000000000e+00
5.225000000000000000e+04 2.089949222237668103e-01 1.078743741465634925e-01 7.399863450159308575e-01 1.461083295402822169e-01 6.030951297223486815e-03 0.000000000000000000e+00
5.250000000000000000e+04 2.099948979281867079e-01 1.104915794264906687e-01 7.434000910332271284e-01 1.422394173873463841e-01 3.868912152935821518e-03 0.000000000000000000e+00
5.275000000000000000e+04 2.109948736326066054e-01 1.067364588074647264e-01 7.437414656349567998e-01 1.431497496586253970e-01 6.372325898953117539e-03 0.000000000000000000e+00
5.300000000000000000e+04 2.119948493370265030e-01 1.063950842057350965e-01 7.462448793809740577e-01 1.418980427856167403e-01 5.461993627674101119e-03 0.000000000000000000e+00
5.325000000000000000e+04 2.129948250414464006e-01 1.057123350022758368e-01 7.426035502958580059e-01 1.464497041420118328e-01 5.234410559854347014e-03 0.000000000000000000e+00
5.350000000000000000e+04 2.139948007458665202e-01 1.086709148839326289e-01 7.421483841602184439e-01 1.441738734638143005e-01 5.006827492034592909e-03 0.000000000000000000e+00
5.375000000000000000e+04 2.149947764502864178e-01 1.070778334091943562e-01 7.412380518889394310e-01 1.459945380063723264e-01 5.689576695493855224e-03 0.000000000000000000e+00
5.400000000000000000e+04 2.159947521547063154e-01 1.086709148839326289e-01 7.393035958124715146e-01 1.465634956759217233e-01 5.461993627674101119e-03 0.000000000000000000e+00
5.425000000000000000e+04 2.169947278591262130e-01 1.090122894856622726e-01 7.401001365498406370e-01 1.457669549385525731e-01 5.120619025944469528e-03 0.000000000000000000e+00
5.450000000000000000e+04 2.179947035635461106e-01 1.104915794264906687e-01 7.377105143377332697e-01 1.473600364132908458e-01 4.437869822485207214e-03 0.000000000000000000e+00
5.475000000000000000e+04 2.189946792679660081e-01 1.077605826126536159e-01 7.416932180245789930e-01 1.450842057350933134e-01 5.461993627674101119e-03 0.000000000000000000e+00
5.500000000000000000e+04 2.199946549723861278e-01 1.098088302230314089e-01 7.382794720072826111e-01 1.469048702776513393e-01 5.006827492034592909e-03 0.000000000000000000e+00
5.525000000000000000e+04 2.209946306768060253e-01 1.107191624943104219e-01 7.391898042785616241e-01 1.433773327264451503e-01 6.713700500682749130e-03 0.000000000000000000e+00
5.550000000000000000e+04 2.219946063812259229e-01 1.095812471552116557e-01 7.389622212107419541e-01 1.467910787437414766e-01 4.665452890304961318e-03 0.000000000000000000e+00
5.575000000000000000e+04 2.229945820856458205e-01 1.132225762403277214e-01 7.300864815657714946e-01 1.523668639053254448e-01 4.324078288575329727e-03 0.000000000000000000e+00
5.600000000000000000e+04 2.239945577900657181e-01 1.112881201638598050e-01 7.291761492944924816e-01 1.553254437869822369e-01 4.210286754665453109e-03 0.000000000000000000e+00
5.625000000000000000e+04 2.249945334944856157e-01 1.139053254437869811e-01 7.279244424214837972e-01 1.538461538461538547e-01 4.324078288575329727e-03 0.000000000000000000e+00
5.650000000000000000e+04 2.259945091989057353e-01 1.118570778334091881e-01 7.294037323623122626e-01 1.537323623122439642e-01 5.006827492034592909e-03 0.000000000000000000e+00
5.675000000000000000e+04 2.269944849033256329e-01 1.110605370960400518e-01 7.312243969048702885e-01 1.538461538461538547e-01 3.868912152935821518e-03 0.000000000000000000e+00
