# itime ezz other fcc hcp bcc ico
0.000000000000000000e+00 0.000000000000000000e+00 6.827492034592626399e-04 9.993172507965407680e-01 0.000000000000000000e+00 0.000000000000000000e+00 0.000000000000000000e+00
4.000000000000000000e+03 1.000037098662920343e-03 5.689576695493854790e-04 9.994310423304506585e-01 0.000000000000000000e+00 0.000000000000000000e+00 0.000000000000000000e+00
8.000000000000000000e+03 2.000074197325618641e-03 1.479289940828402332e-03 9.985207100591716456e-01 0.000000000000000000e+00 0.000000000000000000e+00 0.000000000000000000e+00
1.200000000000000000e+04 3.000111295988538984e-03 0.000000000000000000e+00 1.000000000000000000e+00 0.000000000000000000e+00 0.000000000000000000e+00 0.000000000000000000e+00
1.600000000000000000e+04 4.000148394651459327e-03 3.413746017296313199e-04 9.996586253982703285e-01 0.000000000000000000e+00 0.000000000000000000e+00 0.000000000000000000e+00
2.000000000000000000e+04 5.000185493314379670e-03 4.551661356395084266e-04 9.995448338643604380e-01 0.000000000000000000e+00 0.000000000000000000e+00 0.000000000000000000e+00
2.400000000000000000e+04 6.000222591977077968e-03 1.706873008648156654e-03 9.982931269913518646e-01 0.000000000000000000e+00 0.000000000000000000e+00 0.000000000000000000e+00
2.800000000000000000e+04 7.000259690639998311e-03 6.827492034592626399e-04 9.993172507965407680e-01 0.000000000000000000e+00 0.000000000000000000e+00 0.000000000000000000e+00
3.200000000000000000e+04 8.000296789302918654e-03 1.024123805188893906e-03 9.989758761948110966e-01 0.000000000000000000e+00 0.000000000000000000e+00 0.000000000000000000e+00
3.600000000000000000e+04 9.000333887965616952e-03 0.000000000000000000e+00 1.000000000000000000e+00 0.000000000000000000e+00 0.000000000000000000e+00 0.000000000000000000e+00
4.000000000000000000e+04 1.000037098662853730e-02 9.103322712790168532e-04 9.990896677287209870e-01 0.000000000000000000e+00 0.000000000000000000e+00 0.000000000000000000e+00
4.400000000000000000e+04 1.100040808529145764e-02 1.479289940828402332e-03 9.985207100591716456e-01 0.000000000000000000e+00 0.000000000000000000e+00 0.000000000000000000e+00
4.800000000000000000e+04 1.200044518395437798e-02 9.103322712790168532e-04 9.990896677287209870e-01 0.000000000000000000e+00 0.000000000000000000e+00 0.000000000000000000e+00
5.200000000000000000e+04 1.300048228261707628e-02 1.365498406918525280e-03 9.986345015930814251e-01 0.000000000000000000e+00 0.000000000000000000e+00 0.000000000000000000e+00
5.600000000000000000e+04 1.400051938127999662e-02 2.503413746017296455e-03 9.974965862539827421e-01 0.000000000000000000e+00 0.000000000000000000e+00 0.000000000000000000e+00
6.000000000000000000e+04 1.500055647994291697e-02 1.251706873008648227e-03 9.987482931269913156e-01 0.000000000000000000e+00 0.000000000000000000e+00 0.000000000000000000e+00
6.400000000000000000e+04 1.600059357860583731e-02 2.275830678197541916e-03 9.977241693218024121e-01 0.000000000000000000e+00 0.000000000000000000e+00 0.000000000000000000e+00
6.800000000000000000e+04 1.700063067726853561e-02 1.593081474738279385e-03 9.982931269913518646e-01 0.000000000000000000e+00 1.137915339098771066e-04 0.000000000000000000e+00
7.200000000000000000e+04 1.800066777593145595e-02 9.103322712790168532e-04 9.990896677287209870e-01 0.000000000000000000e+00 0.000000000000000000e+00 0.000000000000000000e+00
7.600000000000000000e+04 1.900070487459437629e-02 1.934456076467910759e-03 9.980655439235320836e-01 0.000000000000000000e+00 0.000000000000000000e+00 0.000000000000000000e+00
8.000000000000000000e+04 2.000074197325707459e-02 2.048247610377787811e-03 9.979517523896221931e-01 0.000000000000000000e+00 0.000000000000000000e+00 0.000000000000000000e+00
8.400000000000000000e+04 2.100077907191999493e-02 2.048247610377787811e-03 9.979517523896221931e-01 0.000000000000000000e+00 0.000000000000000000e+00 0.000000000000000000e+00
8.800000000000000000e+04 2.200081617058291528e-02 2.844788347746927612e-03 9.971552116522530707e-01 0.000000000000000000e+00 0.000000000000000000e+00 0.000000000000000000e+00
9.200000000000000000e+04 2.300085326924583562e-02 1.137915339098770958e-03 9.988620846609012061e-01 0.000000000000000000e+00 0.000000000000000000e+00 0.000000000000000000e+00
9.600000000000000000e+04 2.400089036790853392e-02 3.527537551206190360e-03 9.962448793809740577e-01 0.000000000000000000e+00 2.275830678197542133e-04 0.000000000000000000e+00
1.000000000000000000e+05 2.500092746657145426e-02 2.275830678197541916e-03 9.976103777878926326e-01 0.000000000000000000e+00 1.137915339098771066e-04 0.000000000000000000e+00
1.040000000000000000e+05 2.600096456523437460e-02 4.096495220755575623e-03 9.957897132453344957e-01 0.000000000000000000e+00 1.137915339098771066e-04 0.000000000000000000e+00
1.080000000000000000e+05 2.700100166389707290e-02 7.282658170232134826e-03 9.926035502958580059e-01 0.000000000000000000e+00 1.137915339098771066e-04 0.000000000000000000e+00
1.120000000000000000e+05 2.800103876255999324e-02 3.868912152935821518e-03 9.960172963131542767e-01 0.000000000000000000e+00 1.137915339098771066e-04 0.000000000000000000e+00
1.160000000000000000e+05 2.900107586122291359e-02 3.641329085116067413e-03 9.962448793809740577e-01 0.000000000000000000e+00 1.137915339098771066e-04 0.000000000000000000e+00
1.200000000000000000e+05 3.000111295988583393e-02 5.461993627674101119e-03 9.944242148384160318e-01 0.000000000000000000e+00 1.137915339098771066e-04 0.000000000000000000e+00
1.240000000000000000e+05 3.100115005854853223e-02 3.186162949476558769e-03 9.965862539827037292e-01 0.000000000000000000e+00 2.275830678197542133e-04 0.000000000000000000e+00
1.280000000000000000e+05 3.200118715721145257e-02 4.096495220755575623e-03 9.957897132453344957e-01 0.000000000000000000e+00 1.137915339098771066e-04 0.000000000000000000e+00
1.320000000000000000e+05 3.300122425587437291e-02 4.779244424214838804e-03 9.952207555757851543e-01 0.000000000000000000e+00 0.000000000000000000e+00 0.000000000000000000e+00
1.360000000000000000e+05 3.400126135453707121e-02 5.917159763313609329e-03 9.938552571688666903e-01 0.000000000000000000e+00 2.275830678197542133e-04 0.000000000000000000e+00
1.400000000000000000e+05 3.500129845319999156e-02 6.144742831133363434e-03 9.935138825671370189e-01 0.000000000000000000e+00 3.413746017296313199e-04 0.000000000000000000e+00
1.440000000000000000e+05 3.600133555186291190e-02 7.737824305871643035e-03 9.922621756941283344e-01 0.000000000000000000e+00 0.000000000000000000e+00 0.000000000000000000e+00
1.480000000000000000e+05 3.700137265052583224e-02 3.755120619025944465e-03 9.962448793809740577e-01 0.000000000000000000e+00 0.000000000000000000e+00 0.000000000000000000e+00
1.520000000000000000e+05 3.800140974918853054e-02 3.641329085116067413e-03 9.963586709148839482e-01 0.000000000000000000e+00 0.000000000000000000e+00 0.000000000000000000e+00
1.560000000000000000e+05 3.900144684785145088e-02 9.103322712790167665e-03 9.905553026854801990e-01 0.000000000000000000e+00 3.413746017296313199e-04 0.000000000000000000e+00
1.600000000000000000e+05 4.000148394651437123e-02 7.510241238051888930e-03 9.922621756941283344e-01 0.000000000000000000e+00 2.275830678197542133e-04 0.000000000000000000e+00
1.640000000000000000e+05 4.100152104517729157e-02 7.851615839781519654e-03 9.921483841602184439e-01 0.000000000000000000e+00 0.000000000000000000e+00 0.000000000000000000e+00
1.680000000000000000e+05 4.200155814383998987e-02 9.558488848429677609e-03 9.902139280837505275e-01 0.000000000000000000e+00 2.275830678197542133e-04 0.000000000000000000e+00
1.720000000000000000e+05 4.300159524250291021e-02 7.168866636322257339e-03 9.926035502958580059e-01 0.000000000000000000e+00 2.275830678197542133e-04 0.000000000000000000e+00
1.760000000000000000e+05 4.400163234116583055e-02 1.081019572143832562e-02 9.888484296768320636e-01 0.000000000000000000e+00 3.413746017296313199e-04 0.000000000000000000e+00
1.800000000000000000e+05 4.500166943982852885e-02 1.024123805188893906e-02 9.891898042785616241e-01 0.000000000000000000e+00 5.689576695493854790e-04 0.000000000000000000e+00
1.840000000000000000e+05 4.600170653849144919e-02 1.547564861174328607e-02 9.841829767865271084e-01 0.000000000000000000e+00 3.413746017296313199e-04 0.000000000000000000e+00
1.880000000000000000e+05 4.700174363715436954e-02 1.319981793354574502e-02 9.855484751934455723e-01 0.000000000000000000e+00 1.251706873008648227e-03 0.000000000000000000e+00
1.920000000000000000e+05 4.800178073581728988e-02 1.376877560309512985e-02 9.855484751934455723e-01 0.000000000000000000e+00 6.827492034592626399e-04 0.000000000000000000e+00
1.960000000000000000e+05 4.900181783447998818e-02 1.661356395084205573e-02 9.825898953117887524e-01 0.000000000000000000e+00 7.965407373691396923e-04 0.000000000000000000e+00
2.000000000000000000e+05 5.000185493314290852e-02 1.593081474738279601e-02 9.836140191169776559e-01 0.000000000000000000e+00 4.551661356395084266e-04 0.000000000000000000e+00
2.040000000000000000e+05 5.100189203180582886e-02 1.331360946745562164e-02 9.865725989986344757e-01 0.000000000000000000e+00 1.137915339098771066e-04 0.000000000000000000e+00
2.080000000000000000e+05 5.200192913046852716e-02 2.105143377332726468e-02 9.773554847519344557e-01 0.000000000000000000e+00 1.593081474738279385e-03 0.000000000000000000e+00
2.120000000000000000e+05 5.300196622913144751e-02 2.196176604460628110e-02 9.767865270823851143e-01 0.000000000000000000e+00 1.251706873008648227e-03 0.000000000000000000e+00
2.160000000000000000e+05 5.400200332779436785e-02 2.332726445152480746e-02 9.756486117432863203e-01 0.000000000000000000e+00 1.024123805188893906e-03 0.000000000000000000e+00
2.200000000000000000e+05 5.500204042645728819e-02 2.230314064633591095e-02 9.766727355484752238e-01 0.000000000000000000e+00 1.024123805188893906e-03 0.000000000000000000e+00
2.240000000000000000e+05 5.600207752511998649e-02 2.321347291761493084e-02 9.751934456076467583e-01 0.000000000000000000e+00 1.593081474738279385e-03 0.000000000000000000e+00
2.280000000000000000e+05 5.700211462378290683e-02 3.106508875739644876e-02 9.675694128356849832e-01 0.000000000000000000e+00 1.365498406918525280e-03 0.000000000000000000e+00
2.320000000000000000e+05 5.800215172244582718e-02 3.277196176604460498e-02 9.654073736913973969e-01 0.000000000000000000e+00 1.820664542558033706e-03 0.000000000000000000e+00
2.360000000000000000e+05 5.900218882110874752e-02 2.355484751934456070e-02 9.761037778789257713e-01 0.000000000000000000e+00 3.413746017296313199e-04 0.000000000000000000e+00
2.400000000000000000e+05 6.000222591977144582e-02 2.651342740100136666e-02 9.717796995903504875e-01 0.000000000000000000e+00 1.706873008648156654e-03 0.000000000000000000e+00
2.440000000000000000e+05 6.100226301843436616e-02 3.004096495220755572e-02 9.687073281747837772e-01 0.000000000000000000e+00 1.251706873008648227e-03 0.000000000000000000e+00
2.480000000000000000e+05 6.200230011709728650e-02 3.345471096950387163e-02 9.651797906235776159e-01 0.000000000000000000e+00 1.365498406918525280e-03 0.000000000000000000e+00
2.520000000000000000e+05 6.300233721575998480e-02 2.913063268092853930e-02 9.693900773782430091e-01 0.000000000000000000e+00 1.479289940828402332e-03 0.000000000000000000e+00
2.560000000000000000e+05 6.400237431442290514e-02 3.197542102867546865e-02 9.658625398270368478e-01 0.000000000000000000e+00 2.162039144287664864e-03 0.000000000000000000e+00
2.600000000000000000e+05 6.500241141308582549e-02 3.743741465634956717e-02 9.597177969959035382e-01 0.000000000000000000e+00 2.844788347746927612e-03 0.000000000000000000e+00
2.640000000000000000e+05 6.600244851174874583e-02 4.858898497951752438e-02 9.485662266727356018e-01 0.000000000000000000e+00 2.844788347746927612e-03 0.000000000000000000e+00
2.680000000000000000e+05 6.700248561041144413e-02 4.517523896222121194e-02 9.533454710969503365e-01 0.000000000000000000e+00 1.479289940828402332e-03 0.000000000000000000e+00
2.720000000000000000e+05 6.800252270907436447e-02 4.756486117432862787e-02 9.486800182066453813e-01 0.000000000000000000e+00 3.755120619025944465e-03 0.000000000000000000e+00
2.760000000000000000e+05 6.900255980773728481e-02 5.757851615839781195e-02 9.398042785616750328e-01 0.000000000000000000e+00 2.617205279927173507e-03 0.000000000000000000e+00
2.800000000000000000e+05 7.000259690639998311e-02 5.405097860719162289e-02 9.420801092398725096e-01 0.000000000000000000e+00 3.868912152935821518e-03 0.000000000000000000e+00
2.840000000000000000e+05 7.100263400506290346e-02 6.315430131998178709e-02 9.328629949931724896e-01 0.000000000000000000e+00 3.982703686845699004e-03 0.000000000000000000e+00
2.880000000000000000e+05 7.200267110372582380e-02 6.417842512517069054e-02 9.313837050523441352e-01 0.000000000000000000e+00 4.437869822485207214e-03 0.000000000000000000e+00
2.920000000000000000e+05 7.300270820238874414e-02 6.190259444697314428e-02 9.340009103322712836e-01 0.000000000000000000e+00 4.096495220755575623e-03 0.000000000000000000e+00
2.960000000000000000e+05 7.400274530105144244e-02 7.134729176149294527e-02 9.223941738734637852e-01 0.000000000000000000e+00 6.258534365043240920e-03 0.000000000000000000e+00
3.000000000000000000e+05 7.500278239971436278e-02 9.672280382339554228e-02 8.956531634046427381e-01 0.000000000000000000e+00 7.624032771961766417e-03 0.000000000000000000e+00
3.040000000000000000e+05 7.600281949837728313e-02 9.217114246700044977e-02 9.007737824305871444e-01 0.000000000000000000e+00 7.055075102412380721e-03 0.000000000000000000e+00
3.080000000000000000e+05 7.700285659703998142e-02 9.763313609467455523e-02 8.942876649977241632e-01 0.000000000000000000e+00 8.079198907601274626e-03 0.000000000000000000e+00
3.120000000000000000e+05 7.800289369570290177e-02 1.177742375967228000e-01 8.660673645880746507e-01 0.000000000000000000e+00 1.615839781520254925e-02 0.000000000000000000e+00
3.160000000000000000e+05 7.900293079436582211e-02 9.581247155211652933e-02 8.928083750568958088e-01 0.000000000000000000e+00 1.137915339098771045e-02 0.000000000000000000e+00
3.200000000000000000e+05 8.000296789302874245e-02 1.174328629949931702e-01 8.627674101046881594e-01 0.000000000000000000e+00 1.979972690031861493e-02 0.000000000000000000e+00
3.240000000000000000e+05 8.100300499169144075e-02 1.161811561219845274e-01 8.695949021392808120e-01 1.137915339098771066e-04 1.411015020482476144e-02 0.000000000000000000e+00
3.280000000000000000e+05 8.200304209035436109e-02 1.184569868001820597e-01 8.676604460628128956e-01 0.000000000000000000e+00 1.388256713700500647e-02 0.000000000000000000e+00
3.320000000000000000e+05 8.300307918901728144e-02 8.113336367774237612e-02 6.662494310423304755e-01 2.332726445152480677e-01 1.934456076467910846e-02 0.000000000000000000e+00
3.360000000000000000e+05 8.400311628768020178e-02 5.814747382794720199e-02 6.886663632225762388e-01 2.509103322712790130e-01 2.275830678197541916e-03 0.000000000000000000e+00
3.400000000000000000e+05 8.500315338634290008e-02 6.338188438780155420e-02 6.847974510696404060e-01 2.487482931269913433e-01 3.072371415566681717e-03 0.000000000000000000e+00
3.440000000000000000e+05 8.600319048500582042e-02 6.975421028675465873e-02 6.805871643149750128e-01 2.467000455166135642e-01 2.958579881656804664e-03 0.000000000000000000e+00
3.480000000000000000e+05 8.700322758366874076e-02 6.417842512517069054e-02 6.826354119253527086e-01 2.502275830678197810e-01 2.958579881656804664e-03 0.000000000000000000e+00
3.520000000000000000e+05 8.800326468233143906e-02 7.316795630405098505e-02 6.762630860263996180e-01 2.472690031861629611e-01 3.299954483386436255e-03 0.000000000000000000e+00
3.560000000000000000e+05 8.900330178099435940e-02 7.214383249886208160e-02 6.762630860263996180e-01 2.473827947200728239e-01 4.210286754665453109e-03 0.000000000000000000e+00
3.600000000000000000e+05 9.000333887965727975e-02 7.498862084660901095e-02 6.712562585343649912e-01 2.488620846609012338e-01 4.893035958124715423e-03 0.000000000000000000e+00
3.640000000000000000e+05 9.100337597832020009e-02 8.648156577150660496e-02 6.643149749658625591e-01 2.452207555757851543e-01 3.982703686845699004e-03 0.000000000000000000e+00
3.680000000000000000e+05 9.200341307698289839e-02 7.385070550751024476e-02 6.766044606281292895e-01 2.448793809740555383e-01 4.665452890304961318e-03 0.000000000000000000e+00
3.720000000000000000e+05 9.300345017564581873e-02 8.284023668639053928e-02 6.654528903049613531e-01 2.453345471096950448e-01 6.372325898953117539e-03 0.000000000000000000e+00
3.760000000000000000e+05 9.400348727430873907e-02 8.079198907601274626e-02 6.664770141101502565e-01 2.473827947200728239e-01 5.348202093764223633e-03 0.000000000000000000e+00
3.800000000000000000e+05 9.500352437297143737e-02 8.397815202548930547e-02 6.653390987710514626e-01 2.432862994993172379e-01 7.396449704142011444e-03 0.000000000000000000e+00
3.840000000000000000e+05 9.600356147163435772e-02 9.262630860263997012e-02 6.557806099226217711e-01 2.430587164314974846e-01 8.534365043240782836e-03 0.000000000000000000e+00
3.880000000000000000e+05 9.700359857029727806e-02 7.817478379608557015e-02 6.709148839326354308e-01 2.406690942193900895e-01 1.024123805188893906e-02 0.000000000000000000e+00
3.920000000000000000e+05 9.800363566896019840e-02 9.535730541647700897e-02 6.529358215748748417e-01 2.377105143377332697e-01 1.399635867091488309e-02 0.000000000000000000e+00
3.960000000000000000e+05 9.900367276762289670e-02 9.751934456076467861e-02 6.529358215748748417e-01 2.414656349567592120e-01 8.079198907601274626e-03 0.000000000000000000e+00
4.000000000000000000e+05 1.000037098662858170e-01 1.015020482476103741e-01 6.447428311333637252e-01 2.363450159308147502e-01 1.741010468821119553e-02 0.000000000000000000e+00
4.040000000000000000e+05 1.010037469649487374e-01 1.040054619936276736e-01 6.425807919890760278e-01 2.365725989986345035e-01 1.684114701866181243e-02 0.000000000000000000e+00
4.080000000000000000e+05 1.020037840636114357e-01 1.111743286299499284e-01 6.302913063268092975e-01 2.380518889394629134e-01 2.048247610377787811e-02 0.000000000000000000e+00
4.120000000000000000e+05 1.030038211622743560e-01 1.335912608101957333e-01 6.145880746472462963e-01 2.344105598543468338e-01 1.741010468821119553e-02 0.000000000000000000e+00
4.160000000000000000e+05 1.040038582609372764e-01 1.289258079198907503e-01 6.160673645880746507e-01 2.333864360491579304e-01 2.162039144287665124e-02 0.000000000000000000e+00
4.200000000000000000e+05 1.050038953596001967e-01 1.367774237596722786e-01 6.079881656804734247e-01 2.305416477014110288e-01 2.469276285844333035e-02 0.000000000000000000e+00
4.240000000000000000e+05 1.060039324582628950e-01 1.742148384160218388e-01 5.696404187528447682e-01 2.200728265817023244e-01 3.607191624943104080e-02 0.000000000000000000e+00
4.280000000000000000e+05 1.070039695569258154e-01 1.982248520710059303e-01 5.201411015020482864e-01 2.090350477924442507e-01 7.259899863450158808e-02 0.000000000000000000e+00
4.320000000000000000e+05 1.080040066555887357e-01 1.807009558488848477e-01 4.766727355484751683e-01 2.690031861629494925e-01 7.362312243969049153e-02 0.000000000000000000e+00
4.360000000000000000e+05 1.090040437542516560e-01 1.653390987710514348e-01 4.973827947200728516e-01 2.768548020027309930e-01 6.042330450614474130e-02 0.000000000000000000e+00
4.400000000000000000e+05 1.100040808529143543e-01 1.723941738734638129e-01 5.012517068730086844e-01 2.754893035958124736e-01 5.086481565771506369e-02 0.000000000000000000e+00
4.440000000000000000e+05 1.110041179515772747e-01 1.745562130177514826e-01 4.874829312699135442e-01 2.799271734182977034e-01 5.803368229403732537e-02 0.000000000000000000e+00
4.480000000000000000e+05 1.120041550502401950e-01 1.750113791533909890e-01 4.773554847519344557e-01 2.775375512061902805e-01 7.009558488848430247e-02 0.000000000000000000e+00
4.520000000000000000e+05 1.130041921489028933e-01 1.973145197997268896e-01 4.545971779699590209e-01 2.809512972234865513e-01 6.713700500682749650e-02 0.000000000000000000e+00
4.560000000000000000e+05 1.140042292475658137e-01 7.840236686390532339e-02 7.020937642239417631e-01 2.115384615384615363e-01 7.965407373691398007e-03 0.000000000000000000e+00
4.600000000000000000e+05 1.150042663462287340e-01 7.624032771961765376e-02 6.929904415111515226e-01 2.180245789713245452e-01 1.274465179790623508e-02 0.000000000000000000e+00
4.640000000000000000e+05 1.160043034448916544e-01 7.783340919435594030e-02 6.968593536640873554e-01 2.151797906235776159e-01 1.012744651797906244e-02 0.000000000000000000e+00
4.680000000000000000e+05 1.170043405435543526e-01 7.658170232134729749e-02 6.957214383249886724e-01 2.179107874374146547e-01 9.786071916249430847e-03 0.000000000000000000e+00
4.720000000000000000e+05 1.180043776422172730e-01 7.715065999089668058e-02 6.916249431042330587e-01 2.203004096495220776e-01 1.092398725534820224e-02 0.000000000000000000e+00
4.760000000000000000e+05 1.190044147408801933e-01 7.897132453345470648e-02 6.893491124260354708e-01 2.221210741920801035e-01 9.558488848429677609e-03 0.000000000000000000e+00
4.800000000000000000e+05 1.200044518395428916e-01 8.022303140646336317e-02 6.890077378243059103e-01 2.212107419208010906e-01 9.558488848429677609e-03 0.000000000000000000e+00
4.840000000000000000e+05 1.210044889382058120e-01 8.045061447428311641e-02 6.924214838416021811e-01 2.147246244879381094e-01 1.240327719617660522e-02 0.000000000000000000e+00
4.880000000000000000e+05 1.220045260368687323e-01 8.352298588984979899e-02 6.814974965862540257e-01 2.224624487938097472e-01 1.251706873008648184e-02 0.000000000000000000e+00
4.920000000000000000e+05 1.230045631355316527e-01 7.862994993172507663e-02 6.866181156121984319e-01 2.203004096495220776e-01 1.445152480655439303e-02 0.000000000000000000e+00
4.960000000000000000e+05 1.240046002341943510e-01 8.272644515248064878e-02 6.844560764679107345e-01 2.193900773782430647e-01 1.342740100136549826e-02 0.000000000000000000e+00
5.000000000000000000e+05 1.250046373328572713e-01 8.614019116977697510e-02 6.781975421028675344e-01 2.225762403277196100e-01 1.308602639963586667e-02 0.000000000000000000e+00
5.040000000000000000e+05 1.260046744315201916e-01 8.363677742375967561e-02 6.845698680018206250e-01 2.198452435138825711e-01 1.194811106053709528e-02 0.000000000000000000e+00
5.080000000000000000e+05 1.270047115301831120e-01 7.669549385525717411e-02 6.907146108329540457e-01 2.213245334547109811e-01 1.126536185707783383e-02 0.000000000000000000e+00
5.120000000000000000e+05 1.280047486288458103e-01 8.238507055075101893e-02 6.833181611288120516e-01 2.198452435138825711e-01 1.445152480655439303e-02 0.000000000000000000e+00
5.160000000000000000e+05 1.290047857275087306e-01 8.272644515248064878e-02 6.771734182976786309e-01 2.242831133363677731e-01 1.581702321347291593e-02 0.000000000000000000e+00
5.200000000000000000e+05 1.300048228261716510e-01 8.056440600819299303e-02 6.728493400091033472e-01 2.322485207100591642e-01 1.433773327264451468e-02 0.000000000000000000e+00
5.240000000000000000e+05 1.310048599248343493e-01 8.340919435593992237e-02 6.756941283568502765e-01 2.270141101502048120e-01 1.388256713700500647e-02 0.000000000000000000e+00
5.280000000000000000e+05 1.320048970234972696e-01 8.158852981338188259e-02 6.747837960855712636e-01 2.304278561675011383e-01 1.319981793354574502e-02 0.000000000000000000e+00
5.320000000000000000e+05 1.330049341221601900e-01 9.080564406008193035e-02 6.681838871187983919e-01 2.288347746927628656e-01 1.217569412835685025e-02 0.000000000000000000e+00
5.360000000000000000e+05 1.340049712208231103e-01 8.591260810195720798e-02 6.681838871187983919e-01 2.307692307692307820e-01 1.513427401001365448e-02 0.000000000000000000e+00
5.400000000000000000e+05 1.350050083194858086e-01 9.171597633136094330e-02 6.626081019572144237e-01 2.312243969048702885e-01 1.445152480655439303e-02 0.000000000000000000e+00
5.440000000000000000e+05 1.360050454181487289e-01 8.932635411925353430e-02 6.624943104233045332e-01 2.330450614474283144e-01 1.513427401001365448e-02 0.000000000000000000e+00
5.480000000000000000e+05 1.370050825168116493e-01 8.841602184797450747e-02 6.631770596267637652e-01 2.337278106508875741e-01 1.467910787437414627e-02 0.000000000000000000e+00
5.520000000000000000e+05 1.380051196154743476e-01 9.649522075557578904e-02 6.629494765589439842e-01 2.294037323623122349e-01 1.115157032316795548e-02 0.000000000000000000e+00
5.560000000000000000e+05 1.390051567141372679e-01 8.648156577150660496e-02 6.668183887118798170e-01 2.329312699135184239e-01 1.376877560309512985e-02 0.000000000000000000e+00
5.600000000000000000e+05 1.400051938128001883e-01 8.602639963586708460e-02 6.659080564406008040e-01 2.338416021847974646e-01 1.422394173873463806e-02 0.000000000000000000e+00
5.640000000000000000e+05 1.410052309114631086e-01 9.558488848429676221e-02 6.571461083295402350e-01 2.308830223031406448e-01 1.638598088302230249e-02 0.000000000000000000e+00
5.680000000000000000e+05 1.420052680101258069e-01 9.649522075557578904e-02 6.550978607191625391e-01 2.324761037778789174e-01 1.593081474738279601e-02 0.000000000000000000e+00
5.720000000000000000e+05 1.430053051087887273e-01 9.740555302685480199e-02 6.574874829312699065e-01 2.299726900318616318e-01 1.513427401001365448e-02 0.000000000000000000e+00
5.760000000000000000e+05 1.440053422074516476e-01 9.899863450159307465e-02 6.529358215748748417e-01 2.320209376422394110e-01 1.604460628129267263e-02 0.000000000000000000e+00
5.800000000000000000e+05 1.450053793061143459e-01 1.096950386891215323e-01 6.481565771506599960e-01 2.264451524806554428e-01 1.570323167956303931e-02 0.000000000000000000e+00
5.840000000000000000e+05 1.460054164047772662e-01 1.084433318161128756e-01 6.474738279472007640e-01 2.286071916249431124e-01 1.547564861174328607e-02 0.000000000000000000e+00
5.880000000000000000e+05 1.470054535034401866e-01 1.052571688666363164e-01 6.491807009558488994e-01 2.271279016841147025e-01 1.843422849340009204e-02 0.000000000000000000e+00
5.920000000000000000e+05 1.480054906021031069e-01 1.002503413746017313e-01 6.519116977696859383e-01 2.287209831588529751e-01 1.911697769685935522e-02 0.000000000000000000e+00
5.960000000000000000e+05 1.490055277007658052e-01 1.149294492489758707e-01 6.364360491579426071e-01 2.286071916249431124e-01 2.002730996813837164e-02 0.000000000000000000e+00
6.000000000000000000e+05 1.500055647994287256e-01 1.084433318161128756e-01 6.451979972690031762e-01 2.295175238962221254e-01 1.684114701866181243e-02 0.000000000000000000e+00
6.040000000000000000e+05 1.510056018980916459e-01 1.041192535275375503e-01 6.481565771506599960e-01 2.289485662266727284e-01 1.877560309512972189e-02 0.000000000000000000e+00
6.080000000000000000e+05 1.520056389967545663e-01 1.110605370960400518e-01 6.454255803368229572e-01 2.270141101502048120e-01 1.649977241693217911e-02 0.000000000000000000e+00
6.120000000000000000e+05 1.530056760954172645e-01 1.124260355029585851e-01 6.413290851160673434e-01 2.279244424214838527e-01 1.832043695949021542e-02 0.000000000000000000e+00
6.160000000000000000e+05 1.540057131940801849e-01 1.145880746472462408e-01 6.379153390987710726e-01 2.284934000910332219e-01 1.900318616294947513e-02 0.000000000000000000e+00
6.200000000000000000e+05 1.550057502927431052e-01 1.250568957669549452e-01 6.258534365043241232e-01 2.283796085571233592e-01 2.071005917159763482e-02 0.000000000000000000e+00
6.240000000000000000e+05 1.560057873914058035e-01 1.282430587164314906e-01 6.316568047337277614e-01 2.230314064633591165e-01 1.706873008648156567e-02 0.000000000000000000e+00
6.280000000000000000e+05 1.570058244900687239e-01 1.238051888939462886e-01 6.318843878015475424e-01 2.273554847519344557e-01 1.695493855257168905e-02 0.000000000000000000e+00
6.320000000000000000e+05 1.580058615887316442e-01 1.205052344105598527e-01 6.261948111060536837e-01 2.283796085571233592e-01 2.492034592626308706e-02 0.000000000000000000e+00
6.360000000000000000e+05 1.590058986873945646e-01 1.266499772416932179e-01 6.257396449704142327e-01 2.254210286754665393e-01 2.218934911242603433e-02 0.000000000000000000e+00
6.400000000000000000e+05 1.600059357860572629e-01 1.398497951752389612e-01 6.069640418752845212e-01 2.306554392353208915e-01 2.253072371415566766e-02 0.000000000000000000e+00
6.440000000000000000e+05 1.610059728847201832e-01 1.296085571233500100e-01 6.211879836140191680e-01 2.297451069640418786e-01 1.945835229858898507e-02 0.000000000000000000e+00
6.480000000000000000e+05 1.620060099833831035e-01 1.411015020482476179e-01 6.116294947655894765e-01 2.263313609467455523e-01 2.093764223941738806e-02 0.000000000000000000e+00
6.520000000000000000e+05 1.630060470820458018e-01 1.374601729631315383e-01 6.083295402822029851e-01 2.323623122439690547e-01 2.184797451069640448e-02 0.000000000000000000e+00
6.560000000000000000e+05 1.640060841807087222e-01 1.495220755575785154e-01 6.020710059171597850e-01 2.281520254893036059e-01 2.025489303595812488e-02 0.000000000000000000e+00
6.600000000000000000e+05 1.650061212793716425e-01 1.503186162949476656e-01 6.051433773327264953e-01 2.237141556668183762e-01 2.082385070550751144e-02 0.000000000000000000e+00
6.640000000000000000e+05 1.660061583780345629e-01 1.635184342284934089e-01 5.852298588984979899e-01 2.262175694128356895e-01 2.503413746017296368e-02 0.000000000000000000e+00
6.680000000000000000e+05 1.670061954766972612e-01 1.606736458807464796e-01 5.788575329995447882e-01 2.323623122439690547e-01 2.810650887573964626e-02 0.000000000000000000e+00
6.720000000000000000e+05 1.680062325753601815e-01 1.684114701866181174e-01 5.802230314064633632e-01 2.303140646335912478e-01 2.105143377332726468e-02 0.000000000000000000e+00
6.760000000000000000e+05 1.690062696740231019e-01 1.710286754665452935e-01 5.672507965407374009e-01 2.336140191169776836e-01 2.810650887573964626e-02 0.000000000000000000e+00
6.800000000000000000e+05 1.700063067726858002e-01 1.722803823395539502e-01 5.706645425580336717e-01 2.317933545744196577e-01 2.526172052799271692e-02 0.000000000000000000e+00
6.840000000000000000e+05 1.710063438713487205e-01 1.924214838416021811e-01 5.276513427401001710e-01 2.493172507965407403e-01 3.060992262175694228e-02 0.000000000000000000e+00
6.880000000000000000e+05 1.720063809700116408e-01 2.088074647246244975e-01 4.210286754665452658e-01 3.322712790168411701e-01 3.789258079198907364e-02 0.000000000000000000e+00
6.920000000000000000e+05 1.730064180686745612e-01 1.983386436049157930e-01 4.201183431952662528e-01 3.518434228493400040e-01 2.969959035047792587e-02 0.000000000000000000e+00
6.960000000000000000e+05 1.740064551673372595e-01 1.891215293582157453e-01 4.277423759672280279e-01 3.495675921711424716e-01 3.356850250341374825e-02 0.000000000000000000e+00
7.000000000000000000e+05 1.750064922660001798e-01 2.083522985889849910e-01 4.097633136094674389e-01 3.497951752389621971e-01 3.208921256258534527e-02 0.000000000000000000e+00
7.040000000000000000e+05 1.760065293646631002e-01 1.972007282658170269e-01 4.142011834319526686e-01 3.606053709604005730e-01 2.799271734182976618e-02 0.000000000000000000e+00
7.080000000000000000e+05 1.770065664633260205e-01 2.028903049613108855e-01 3.975876194811105990e-01 3.710741920801092220e-01 2.844788347746927612e-02 0.000000000000000000e+00
7.120000000000000000e+05 1.780066035619887188e-01 2.146108329540282189e-01 3.913290851160673434e-01 3.661811561219845412e-01 2.787892580791988956e-02 0.000000000000000000e+00
7.160000000000000000e+05 1.790066406606516392e-01 2.206417842512516936e-01 3.872325898953117851e-01 3.596950386891215046e-01 3.243058716431497512e-02 0.000000000000000000e+00
7.200000000000000000e+05 1.800066777593145595e-01 2.382794720072826666e-01 3.603777878925807920e-01 3.619708693673190925e-01 3.937187073281747662e-02 0.000000000000000000e+00
7.240000000000000000e+05 1.810067148579772578e-01 2.386208466090122826e-01 3.658397815202548697e-01 3.658397815202548697e-01 2.969959035047792587e-02 0.000000000000000000e+00
7.280000000000000000e+05 1.820067519566401781e-01 2.470414201183432079e-01 3.420573509330905870e-01 3.743741465634956578e-01 3.652708238507055422e-02 0.000000000000000000e+00
7.320000000000000000e+05 1.830067890553030985e-01 2.597860719162494170e-01 3.212335002275830687e-01 3.680018206645425671e-01 5.097860719162494031e-02 0.000000000000000000e+00
7.360000000000000000e+05 1.840068261539660188e-01 2.570550751024123781e-01 3.049613108784706150e-01 3.879153390987710726e-01 5.006827492034592736e-02 0.000000000000000000e+00
7.400000000000000000e+05 1.850068632526287171e-01 2.595584888484296915e-01 2.930131998179335562e-01 3.995220755575785154e-01 4.790623577605826466e-02 0.000000000000000000e+00
7.440000000000000000e+05 1.860069003512916375e-01 2.717341829767865313e-01 2.756030951297223641e-01 4.045289030496130867e-01 4.813381884387801790e-02 0.000000000000000000e+00
7.480000000000000000e+05 1.870069374499545578e-01 2.683204369594902050e-01 2.733272644515248317e-01 4.016841147018661573e-01 5.666818388711879900e-02 0.000000000000000000e+00
7.520000000000000000e+05 1.880069745486172561e-01 2.711652253072371344e-01 2.718479745106964218e-01 4.010013654984069253e-01 5.598543468365953235e-02 0.000000000000000000e+00
7.560000000000000000e+05 1.890070116472801764e-01 2.752617205279926926e-01 2.671825216203914666e-01 3.992944924897587344e-01 5.826126536185707860e-02 0.000000000000000000e+00
7.600000000000000000e+05 1.900070487459430968e-01 2.741238051888939542e-01 2.695721438324988894e-01 3.987255348202093930e-01 5.757851615839781195e-02 0.000000000000000000e+00
7.640000000000000000e+05 1.910070858446060171e-01 2.786754665452890189e-01 2.609239872553482109e-01 3.992944924897587344e-01 6.110605370960400795e-02 0.000000000000000000e+00
7.680000000000000000e+05 1.920071229432687154e-01 2.762858443331815961e-01 2.709376422394174089e-01 3.973600364132908735e-01 5.541647701411014926e-02 0.000000000000000000e+00
7.720000000000000000e+05 1.930071600419316358e-01 2.883477469276286009e-01 2.548930359581247362e-01 3.994082840236686249e-01 5.735093309057805872e-02 0.000000000000000000e+00
7.760000000000000000e+05 1.940071971405945561e-01 2.823167956304050707e-01 2.349795175238962308e-01 4.093081474738279324e-01 7.339553937187073829e-02 0.000000000000000000e+00
7.800000000000000000e+05 1.950072342392574765e-01 2.833409194355939742e-01 2.184797451069640517e-01 4.175011379153391045e-01 8.067819754210286964e-02 0.000000000000000000e+00
7.840000000000000000e+05 1.960072713379201748e-01 2.729858898497951603e-01 2.264451524806554428e-01 4.262630860263996180e-01 7.430587164314975124e-02 0.000000000000000000e+00
7.880000000000000000e+05 1.970073084365830951e-01 2.708238507055075184e-01 2.319071461083295482e-01 4.288802913063268218e-01 6.838871187983613931e-02 0.000000000000000000e+00
7.920000000000000000e+05 1.980073455352460154e-01 2.786754665452890189e-01 2.225762403277196100e-01 4.179563040509786109e-01 8.079198907601274626e-02 0.000000000000000000e+00
7.960000000000000000e+05 1.990073826339087137e-01 2.782203004096495125e-01 2.209831588529813373e-01 4.303595812471552318e-01 7.043695949021393232e-02 0.000000000000000000e+00
8.000000000000000000e+05 2.000074197325716341e-01 2.819754210286754548e-01 2.172280382339553950e-01 4.270596267637687959e-01 7.373691397360036814e-02 0.000000000000000000e+00
8.040000000000000000e+05 2.010074568312345544e-01 2.861857077833409035e-01 2.134729176149294527e-01 4.264906690942193990e-01 7.385070550751024476e-02 0.000000000000000000e+00
8.080000000000000000e+05 2.020074939298974748e-01 2.860719162494310686e-01 1.999317250796540657e-01 4.340009103322712836e-01 7.999544833864360993e-02 0.000000000000000000e+00
8.120000000000000000e+05 2.030075310285601731e-01 2.765134274010013771e-01 1.944697314519799602e-01 4.489076012744651623e-01 8.010923987255348655e-02 0.000000000000000000e+00
8.160000000000000000e+05 2.040075681272230934e-01 2.873236231224396975e-01 1.950386891215293572e-01 4.459490213928083979e-01 7.168866636322257513e-02 0.000000000000000000e+00
8.200000000000000000e+05 2.050076052258860138e-01 2.944924897587619661e-01 1.871870732817478289e-01 4.388939462903960198e-01 7.942649066909421296e-02 0.000000000000000000e+00
8.240000000000000000e+05 2.060076423245487121e-01 2.885753299954483264e-01 1.821802457897132577e-01 4.477696859353664238e-01 8.147473827947200598e-02 0.000000000000000000e+00
8.280000000000000000e+05 2.070076794232116324e-01 2.932407828857532817e-01 1.755803368229403860e-01 4.464041875284479044e-01 8.477469276285844180e-02 0.000000000000000000e+00
8.320000000000000000e+05 2.080077165218745527e-01 2.900546199362767363e-01 1.705735093309057870e-01 4.550523441055985274e-01 8.431952662721893532e-02 0.000000000000000000e+00
8.360000000000000000e+05 2.090077536205374731e-01 2.833409194355939742e-01 1.884387801547564856e-01 4.524351388256713791e-01 7.578516158397814728e-02 0.000000000000000000e+00
8.400000000000000000e+05 2.100077907192001714e-01 2.686618115612198210e-01 1.953800637232590010e-01 4.666590805644060258e-01 6.929904415111515226e-02 0.000000000000000000e+00
8.440000000000000000e+05 2.110078278178630917e-01 2.743513882567136797e-01 1.986800182066454368e-01 4.558488848429677054e-01 7.111970869367319203e-02 0.000000000000000000e+00
8.480000000000000000e+05 2.120078649165260121e-01 2.729858898497951603e-01 1.920801092398725651e-01 4.633591260810195900e-01 7.157487482931269851e-02 0.000000000000000000e+00
8.520000000000000000e+05 2.130079020151887104e-01 2.657032316795630567e-01 1.969731451979972736e-01 4.674556213017751483e-01 6.986800182066454923e-02 0.000000000000000000e+00
8.560000000000000000e+05 2.140079391138516307e-01 2.812926718252162228e-01 1.923076923076923184e-01 4.549385525716886924e-01 7.146108329540282189e-02 0.000000000000000000e+00
8.600000000000000000e+05 2.150079762125145511e-01 2.763996358670914866e-01 1.880974055530268418e-01 4.578971324533454568e-01 7.760582612653618706e-02 0.000000000000000000e+00
8.640000000000000000e+05 2.160080133111774714e-01 2.679790623577605890e-01 1.748975876194810986e-01 4.840691852526172179e-01 7.305416477014110843e-02 0.000000000000000000e+00
8.680000000000000000e+05 2.170080504098401697e-01 2.438552571688666348e-01 1.846836595357305433e-01 5.401684114701865713e-01 3.129267182521620200e-02 0.000000000000000000e+00
8.720000000000000000e+05 2.180080875085030900e-01 2.207555757851615841e-01 1.825216203914428736e-01 5.727127901684114786e-01 2.401001365498407064e-02 0.000000000000000000e+00
8.760000000000000000e+05 2.190081246071660104e-01 2.066454255803368278e-01 1.829767865270823801e-01 5.876194811106053573e-01 2.275830678197542090e-02 0.000000000000000000e+00
8.800000000000000000e+05 2.200081617058289307e-01 2.005006827492034627e-01 1.797906235776058348e-01 5.991124260355029651e-01 2.059626763768775473e-02 0.000000000000000000e+00
8.840000000000000000e+05 2.210081988044916290e-01 1.962903959945380139e-01 1.803595812471552040e-01 6.024123805188893455e-01 2.093764223941738806e-02 0.000000000000000000e+00
8.880000000000000000e+05 2.220082359031545494e-01 1.944697314519799602e-01 1.800182066454255880e-01 6.025261720527992360e-01 2.298588984979517413e-02 0.000000000000000000e+00
8.920000000000000000e+05 2.230082730018174697e-01 1.956076467910787542e-01 1.753527537551206328e-01 6.058261265361857273e-01 2.321347291761493084e-02 0.000000000000000000e+00
8.960000000000000000e+05 2.240083101004801680e-01 1.972007282658170269e-01 1.810423304506144637e-01 6.033227127901683584e-01 1.843422849340009204e-02 0.000000000000000000e+00
9.000000000000000000e+05 2.250083471991430883e-01 1.960628129267182607e-01 1.799044151115156975e-01 6.032089212562585789e-01 2.082385070550751144e-02 0.000000000000000000e+00
9.040000000000000000e+05 2.260083842978060087e-01 1.893491124260354985e-01 1.847974510696404060e-01 6.092398725534819981e-01 1.661356395084205573e-02 0.000000000000000000e+00
9.080000000000000000e+05 2.270084213964689290e-01 1.921939007737824279e-01 1.868456986800182129e-01 6.019572143832498945e-01 1.900318616294947513e-02 0.000000000000000000e+00
