# itime ezz other fcc hcp bcc ico
0.000000000000000000e+00 0.000000000000000000e+00 2.048247610377787811e-03 9.978379608557123026e-01 0.000000000000000000e+00 1.137915339098771066e-04 0.000000000000000000e+00
3.000000000000000000e+00 1.199948635912662098e-03 1.593081474738279385e-03 9.982931269913518646e-01 0.000000000000000000e+00 1.137915339098771066e-04 0.000000000000000000e+00
6.000000000000000000e+00 2.399897271825102152e-03 1.365498406918525280e-03 9.985207100591716456e-01 0.000000000000000000e+00 1.137915339098771066e-04 0.000000000000000000e+00
9.000000000000000000e+00 3.599845907737764250e-03 1.706873008648156654e-03 9.982931269913518646e-01 0.000000000000000000e+00 0.000000000000000000e+00 0.000000000000000000e+00
1.200000000000000000e+01 4.799794543650426348e-03 1.137915339098770958e-03 9.987482931269913156e-01 0.000000000000000000e+00 1.137915339098771066e-04 0.000000000000000000e+00
1.500000000000000000e+01 5.999743179562866402e-03 1.251706873008648227e-03 9.987482931269913156e-01 0.000000000000000000e+00 0.000000000000000000e+00 0.000000000000000000e+00
1.800000000000000000e+01 7.199691815475528500e-03 1.820664542558033706e-03 9.981793354574419741e-01 0.000000000000000000e+00 0.000000000000000000e+00 0.000000000000000000e+00
2.100000000000000000e+01 8.399640451388190598e-03 6.827492034592626399e-04 9.993172507965407680e-01 0.000000000000000000e+00 0.000000000000000000e+00 0.000000000000000000e+00
2.400000000000000000e+01 9.599589087300630652e-03 2.275830678197542133e-04 9.997724169321802190e-01 0.000000000000000000e+00 0.000000000000000000e+00 0.000000000000000000e+00
2.700000000000000000e+01 1.079953772321329275e-02 2.275830678197542133e-04 9.997724169321802190e-01 0.000000000000000000e+00 0.000000000000000000e+00 0.000000000000000000e+00
3.000000000000000000e+01 1.199948635912595485e-02 2.275830678197542133e-04 9.997724169321802190e-01 0.000000000000000000e+00 0.000000000000000000e+00 0.000000000000000000e+00
3.300000000000000000e+01 1.319943499503839490e-02 6.827492034592626399e-04 9.992034592626308775e-01 0.000000000000000000e+00 1.137915339098771066e-04 0.000000000000000000e+00
3.600000000000000000e+01 1.439938363095105700e-02 9.103322712790168532e-04 9.990896677287209870e-01 0.000000000000000000e+00 0.000000000000000000e+00 0.000000000000000000e+00
3.900000000000000000e+01 1.559933226686371910e-02 1.251706873008648227e-03 9.987482931269913156e-01 0.000000000000000000e+00 0.000000000000000000e+00 0.000000000000000000e+00
4.200000000000000000e+01 1.679928090277615915e-02 9.103322712790168532e-04 9.990896677287209870e-01 0.000000000000000000e+00 0.000000000000000000e+00 0.000000000000000000e+00
4.500000000000000000e+01 1.799922953868882125e-02 7.965407373691396923e-04 9.992034592626308775e-01 0.000000000000000000e+00 0.000000000000000000e+00 0.000000000000000000e+00
4.800000000000000000e+01 1.919917817460148335e-02 1.137915339098770958e-03 9.988620846609012061e-01 0.000000000000000000e+00 0.000000000000000000e+00 0.000000000000000000e+00
5.100000000000000000e+01 2.039912681051392340e-02 1.820664542558033706e-03 9.981793354574419741e-01 0.000000000000000000e+00 0.000000000000000000e+00 0.000000000000000000e+00
5.400000000000000000e+01 2.159907544642658550e-02 3.072371415566681717e-03 9.969276285844332897e-01 0.000000000000000000e+00 0.000000000000000000e+00 0.000000000000000000e+00
5.700000000000000000e+01 2.279902408233924760e-02 1.820664542558033706e-03 9.980655439235320836e-01 0.000000000000000000e+00 1.137915339098771066e-04 0.000000000000000000e+00
6.000000000000000000e+01 2.399897271825190970e-02 1.479289940828402332e-03 9.984069185252617551e-01 0.000000000000000000e+00 1.137915339098771066e-04 0.000000000000000000e+00
6.300000000000000000e+01 2.519892135416434975e-02 2.048247610377787811e-03 9.978379608557123026e-01 0.000000000000000000e+00 1.137915339098771066e-04 0.000000000000000000e+00
6.600000000000000000e+01 2.639886999007701185e-02 2.048247610377787811e-03 9.978379608557123026e-01 0.000000000000000000e+00 1.137915339098771066e-04 0.000000000000000000e+00
6.900000000000000000e+01 2.759881862598967395e-02 3.527537551206190360e-03 9.964724624487938387e-01 0.000000000000000000e+00 0.000000000000000000e+00 0.000000000000000000e+00
7.200000000000000000e+01 2.879876726190211400e-02 4.893035958124715423e-03 9.951069640418752638e-01 0.000000000000000000e+00 0.000000000000000000e+00 0.000000000000000000e+00
7.500000000000000000e+01 2.999871589781477610e-02 5.234410559854347014e-03 9.947655894401457033e-01 0.000000000000000000e+00 0.000000000000000000e+00 0.000000000000000000e+00
7.800000000000000000e+01 3.119866453372743820e-02 5.461993627674101119e-03 9.945380063723259223e-01 0.000000000000000000e+00 0.000000000000000000e+00 0.000000000000000000e+00
8.100000000000000000e+01 3.239861316963987825e-02 4.779244424214838804e-03 9.952207555757851543e-01 0.000000000000000000e+00 0.000000000000000000e+00 0.000000000000000000e+00
8.400000000000000000e+01 3.359856180555254035e-02 4.324078288575329727e-03 9.956759217114247162e-01 0.000000000000000000e+00 0.000000000000000000e+00 0.000000000000000000e+00
8.700000000000000000e+01 3.479851044146520245e-02 2.503413746017296455e-03 9.974965862539827421e-01 0.000000000000000000e+00 0.000000000000000000e+00 0.000000000000000000e+00
9.000000000000000000e+01 3.599845907737764250e-02 2.844788347746927612e-03 9.970414201183431802e-01 0.000000000000000000e+00 1.137915339098771066e-04 0.000000000000000000e+00
9.300000000000000000e+01 3.719840771329030460e-02 4.893035958124715423e-03 9.948793809740554828e-01 0.000000000000000000e+00 2.275830678197542133e-04 0.000000000000000000e+00
9.600000000000000000e+01 3.839835634920296670e-02 6.030951297223486815e-03 9.939690487027764698e-01 0.000000000000000000e+00 0.000000000000000000e+00 0.000000000000000000e+00
9.900000000000000000e+01 3.959830498511540675e-02 6.486117432862995025e-03 9.934000910332271284e-01 0.000000000000000000e+00 1.137915339098771066e-04 0.000000000000000000e+00
1.020000000000000000e+02 4.079825362102806885e-02 7.624032771961766417e-03 9.921483841602184439e-01 0.000000000000000000e+00 2.275830678197542133e-04 0.000000000000000000e+00
1.050000000000000000e+02 4.199820225694073095e-02 7.510241238051888930e-03 9.920345926263085534e-01 0.000000000000000000e+00 4.551661356395084266e-04 0.000000000000000000e+00
1.080000000000000000e+02 4.319815089285317100e-02 8.079198907601274626e-03 9.915794264906691025e-01 0.000000000000000000e+00 3.413746017296313199e-04 0.000000000000000000e+00
1.110000000000000000e+02 4.439809952876583310e-02 7.055075102412380721e-03 9.928311333636777869e-01 0.000000000000000000e+00 1.137915339098771066e-04 0.000000000000000000e+00
1.140000000000000000e+02 4.559804816467849520e-02 7.055075102412380721e-03 9.927173418297678964e-01 0.000000000000000000e+00 2.275830678197542133e-04 0.000000000000000000e+00
1.170000000000000000e+02 4.679799680059093525e-02 8.761948111060537808e-03 9.910104688211197610e-01 0.000000000000000000e+00 2.275830678197542133e-04 0.000000000000000000e+00
1.200000000000000000e+02 4.799794543650359735e-02 9.672280382339554228e-03 9.901001365498406370e-01 0.000000000000000000e+00 2.275830678197542133e-04 0.000000000000000000e+00
1.230000000000000000e+02 4.919789407241625945e-02 9.558488848429677609e-03 9.902139280837505275e-01 0.000000000000000000e+00 2.275830678197542133e-04 0.000000000000000000e+00
1.260000000000000000e+02 5.039784270832869950e-02 8.761948111060537808e-03 9.910104688211197610e-01 0.000000000000000000e+00 2.275830678197542133e-04 0.000000000000000000e+00
1.290000000000000000e+02 5.159779134424136160e-02 8.079198907601274626e-03 9.916932180245789930e-01 0.000000000000000000e+00 2.275830678197542133e-04 0.000000000000000000e+00
1.320000000000000000e+02 5.279773998015402370e-02 1.046882111970869403e-02 9.894173873463814051e-01 0.000000000000000000e+00 1.137915339098771066e-04 0.000000000000000000e+00
1.350000000000000000e+02 5.399768861606646375e-02 9.330905780609922637e-03 9.903277196176604180e-01 0.000000000000000000e+00 3.413746017296313199e-04 0.000000000000000000e+00
1.380000000000000000e+02 5.519763725197912585e-02 1.172052799271734204e-02 9.877105143377332697e-01 0.000000000000000000e+00 5.689576695493854790e-04 0.000000000000000000e+00
1.410000000000000000e+02 5.639758588789178795e-02 1.319981793354574502e-02 9.864588074647245852e-01 0.000000000000000000e+00 3.413746017296313199e-04 0.000000000000000000e+00
1.440000000000000000e+02 5.759753452380422800e-02 1.160673645880746542e-02 9.878243058716431602e-01 0.000000000000000000e+00 5.689576695493854790e-04 0.000000000000000000e+00
1.470000000000000000e+02 5.879748315971689010e-02 1.422394173873463806e-02 9.852071005917160118e-01 0.000000000000000000e+00 5.689576695493854790e-04 0.000000000000000000e+00
1.500000000000000000e+02 5.999743179562955220e-02 1.729631315430131891e-02 9.820209376422394110e-01 0.000000000000000000e+00 6.827492034592626399e-04 0.000000000000000000e+00
1.530000000000000000e+02 6.119738043154199225e-02 1.763768775603095224e-02 9.820209376422394110e-01 0.000000000000000000e+00 3.413746017296313199e-04 0.000000000000000000e+00
1.560000000000000000e+02 6.239732906745465435e-02 1.991351843422849502e-02 9.792899408284023721e-01 0.000000000000000000e+00 7.965407373691396923e-04 0.000000000000000000e+00
1.590000000000000000e+02 6.359727770336731645e-02 2.423759672280382388e-02 9.750796540737368678e-01 0.000000000000000000e+00 6.827492034592626399e-04 0.000000000000000000e+00
1.620000000000000000e+02 6.479722633927975650e-02 2.594446973145198010e-02 9.732589895311788419e-01 0.000000000000000000e+00 7.965407373691396923e-04 0.000000000000000000e+00
1.650000000000000000e+02 6.599717497519241860e-02 2.787892580791988956e-02 9.710969503868912556e-01 0.000000000000000000e+00 1.024123805188893906e-03 0.000000000000000000e+00
1.680000000000000000e+02 6.719712361110508070e-02 2.765134274010013632e-02 9.714383249886208160e-01 0.000000000000000000e+00 9.103322712790168532e-04 0.000000000000000000e+00
1.710000000000000000e+02 6.839707224701752075e-02 3.060992262175694228e-02 9.679107874374146547e-01 0.000000000000000000e+00 1.479289940828402332e-03 0.000000000000000000e+00
1.740000000000000000e+02 6.959702088293018285e-02 3.254437869822485174e-02 9.662039144287665193e-01 0.000000000000000000e+00 1.251706873008648227e-03 0.000000000000000000e+00
1.770000000000000000e+02 7.079696951884284495e-02 3.618570778334091742e-02 9.625625853436504675e-01 0.000000000000000000e+00 1.251706873008648227e-03 0.000000000000000000e+00
1.800000000000000000e+02 7.199691815475550705e-02 3.880291306326809353e-02 9.599453800637232082e-01 0.000000000000000000e+00 1.251706873008648227e-03 0.000000000000000000e+00
1.830000000000000000e+02 7.319686679066794710e-02 4.346836595357305572e-02 9.545971779699590209e-01 0.000000000000000000e+00 1.934456076467910759e-03 0.000000000000000000e+00
1.860000000000000000e+02 7.439681542658060920e-02 4.608557123350022489e-02 9.519799726900318726e-01 0.000000000000000000e+00 1.934456076467910759e-03 0.000000000000000000e+00
1.890000000000000000e+02 7.559676406249327130e-02 5.188893946290396020e-02 9.460628129267182329e-01 0.000000000000000000e+00 2.048247610377787811e-03 0.000000000000000000e+00
1.920000000000000000e+02 7.679671269840571135e-02 5.564406008192990249e-02 9.420801092398725096e-01 0.000000000000000000e+00 2.275830678197541916e-03 0.000000000000000000e+00
1.950000000000000000e+02 7.799666133431837345e-02 6.349567592171143082e-02 9.344560764679107345e-01 0.000000000000000000e+00 2.048247610377787811e-03 0.000000000000000000e+00
1.980000000000000000e+02 7.919660997023103555e-02 7.009558488848430247e-02 9.277423759672280834e-01 0.000000000000000000e+00 2.162039144287664864e-03 0.000000000000000000e+00
2.010000000000000000e+02 8.039655860614347560e-02 6.964041875284478211e-02 9.278561675011378629e-01 0.000000000000000000e+00 2.503413746017296455e-03 0.000000000000000000e+00
2.040000000000000000e+02 8.159650724205613770e-02 7.419208010923987462e-02 9.225079654073736757e-01 0.000000000000000000e+00 3.299954483386436255e-03 0.000000000000000000e+00
2.070000000000000000e+02 8.279645587796879980e-02 7.715065999089668058e-02 9.193218024578971859e-01 0.000000000000000000e+00 3.527537551206190360e-03 0.000000000000000000e+00
2.100000000000000000e+02 8.399640451388123985e-02 7.715065999089668058e-02 9.192080109239872954e-01 0.000000000000000000e+00 3.641329085116067413e-03 0.000000000000000000e+00
2.130000000000000000e+02 8.519635314979390195e-02 8.181611288120163583e-02 9.139736003641328876e-01 0.000000000000000000e+00 4.210286754665453109e-03 0.000000000000000000e+00
2.160000000000000000e+02 8.639630178570656405e-02 8.875739644970413733e-02 9.072598998634501255e-01 0.000000000000000000e+00 3.982703686845699004e-03 0.000000000000000000e+00
2.190000000000000000e+02 8.759625042161900410e-02 9.512972234865725574e-02 9.002048247610378029e-01 0.000000000000000000e+00 4.665452890304961318e-03 0.000000000000000000e+00
2.220000000000000000e+02 8.879619905753166620e-02 9.410559854346836617e-02 9.012289485662267063e-01 0.000000000000000000e+00 4.665452890304961318e-03 0.000000000000000000e+00
2.250000000000000000e+02 8.999614769344432830e-02 1.013882567137004975e-01 8.931497496586253693e-01 0.000000000000000000e+00 5.461993627674101119e-03 0.000000000000000000e+00
2.280000000000000000e+02 9.119609632935676835e-02 1.102639963586709154e-01 8.824533454710969949e-01 0.000000000000000000e+00 7.282658170232134826e-03 0.000000000000000000e+00
2.310000000000000000e+02 9.239604496526943045e-02 1.213017751479289891e-01 8.708466090122894965e-01 0.000000000000000000e+00 7.851615839781519654e-03 0.000000000000000000e+00
2.340000000000000000e+02 9.359599360118209255e-02 1.301775147928994070e-01 8.612881201638598050e-01 0.000000000000000000e+00 8.534365043240782836e-03 0.000000000000000000e+00
2.370000000000000000e+02 9.479594223709453260e-02 1.403049613108784677e-01 8.520710059171597850e-01 1.137915339098771066e-04 7.510241238051888930e-03 0.000000000000000000e+00
2.400000000000000000e+02 9.599589087300719470e-02 1.455393718707328199e-01 8.452435138825671324e-01 1.137915339098771066e-04 9.103322712790167665e-03 0.000000000000000000e+00
2.430000000000000000e+02 9.719583950891985680e-02 1.560081929904415243e-01 8.344333181611288675e-01 1.137915339098771066e-04 9.444697314519799256e-03 0.000000000000000000e+00
2.460000000000000000e+02 9.839578814483229685e-02 1.615839781520254925e-01 8.288575329995447882e-01 0.000000000000000000e+00 9.558488848429677609e-03 0.000000000000000000e+00
2.490000000000000000e+02 9.959573678074495895e-02 1.717114246700045532e-01 8.174783796085570708e-01 0.000000000000000000e+00 1.081019572143832562e-02 0.000000000000000000e+00
2.520000000000000000e+02 1.007956854166576210e-01 1.780837505689576716e-01 8.105370960400546387e-01 0.000000000000000000e+00 1.137915339098771045e-02 0.000000000000000000e+00
2.550000000000000000e+02 1.019956340525700611e-01 1.854802002730996935e-01 8.022303140646336317e-01 0.000000000000000000e+00 1.228948566226672687e-02 0.000000000000000000e+00
2.580000000000000000e+02 1.031955826884827232e-01 1.950386891215293572e-01 7.928994082840237212e-01 0.000000000000000000e+00 1.206190259444697363e-02 0.000000000000000000e+00
2.610000000000000000e+02 1.043955313243953853e-01 2.065316340464269373e-01 7.809512972234865513e-01 0.000000000000000000e+00 1.251706873008648184e-02 0.000000000000000000e+00
2.640000000000000000e+02 1.055954799603078254e-01 2.116522530723714268e-01 7.742375967228037892e-01 0.000000000000000000e+00 1.411015020482476144e-02 0.000000000000000000e+00
2.670000000000000000e+02 1.067954285962204874e-01 2.213245334547109811e-01 7.638825671370049752e-01 0.000000000000000000e+00 1.479289940828402289e-02 0.000000000000000000e+00
2.700000000000000000e+02 1.079953772321331495e-01 2.340691852526172179e-01 7.518206645425580259e-01 0.000000000000000000e+00 1.411015020482476144e-02 0.000000000000000000e+00
2.730000000000000000e+02 1.091953258680455896e-01 2.435138825671370189e-01 7.403277196176604180e-01 0.000000000000000000e+00 1.615839781520254925e-02 0.000000000000000000e+00
2.760000000000000000e+02 1.103952745039582517e-01 2.531861629494765453e-01 7.284934000910332497e-01 0.000000000000000000e+00 1.832043695949021542e-02 0.000000000000000000e+00
2.790000000000000000e+02 1.115952231398709138e-01 2.634274010013655243e-01 7.180245789713245452e-01 0.000000000000000000e+00 1.854802002730996865e-02 0.000000000000000000e+00
2.820000000000000000e+02 1.127951717757833539e-01 2.781065088757396220e-01 7.031178880291306665e-01 0.000000000000000000e+00 1.877560309512972189e-02 0.000000000000000000e+00
2.850000000000000000e+02 1.139951204116960159e-01 2.868684569868001910e-01 6.924214838416021811e-01 0.000000000000000000e+00 2.071005917159763482e-02 0.000000000000000000e+00
2.880000000000000000e+02 1.151950690476086780e-01 2.996131087847064278e-01 6.811561219845243542e-01 1.137915339098771066e-04 1.911697769685935522e-02 0.000000000000000000e+00
2.910000000000000000e+02 1.163950176835213401e-01 3.093991807009558448e-01 6.682976786527082824e-01 0.000000000000000000e+00 2.230314064633591095e-02 0.000000000000000000e+00
2.940000000000000000e+02 1.175949663194337802e-01 3.252162039144287919e-01 6.507737824305871444e-01 0.000000000000000000e+00 2.401001365498407064e-02 0.000000000000000000e+00
2.970000000000000000e+02 1.187949149553464423e-01 3.329540282203004020e-01 6.408739189804278924e-01 0.000000000000000000e+00 2.617205279927173334e-02 0.000000000000000000e+00
3.000000000000000000e+02 1.199948635912591044e-01 3.483158852981338427e-01 6.215293582157487284e-01 0.000000000000000000e+00 3.015475648611743234e-02 0.000000000000000000e+00
3.030000000000000000e+02 1.211948122271715444e-01 3.618570778334092020e-01 6.058261265361857273e-01 0.000000000000000000e+00 3.231679563040509851e-02 0.000000000000000000e+00
3.060000000000000000e+02 1.223947608630842065e-01 3.708466090122894965e-01 5.930814747382794350e-01 0.000000000000000000e+00 3.607191624943104080e-02 0.000000000000000000e+00
3.090000000000000000e+02 1.235947094989968686e-01 3.893946290395994270e-01 5.737369139736003820e-01 5.689576695493854790e-04 3.629949931725079404e-02 0.000000000000000000e+00
3.120000000000000000e+02 1.247946581349093087e-01 4.095357305416477134e-01 5.540509786071916576e-01 7.965407373691396923e-04 3.561675011379153433e-02 0.000000000000000000e+00
3.150000000000000000e+02 1.259946067708219708e-01 4.287664997724169313e-01 5.318616294947655643e-01 7.965407373691396923e-04 3.857532999544834029e-02 0.000000000000000000e+00
3.180000000000000000e+02 1.271945554067346329e-01 4.374146563495676099e-01 5.195721438324988339e-01 5.689576695493854790e-04 4.244424214838415921e-02 0.000000000000000000e+00
3.210000000000000000e+02 1.283945040426470729e-01 4.491351843422849432e-01 5.042102867546655043e-01 6.827492034592626399e-04 4.597177969959034827e-02 0.000000000000000000e+00
3.240000000000000000e+02 1.295944526785597350e-01 4.676832043695949293e-01 4.821347291761493015e-01 7.965407373691396923e-04 4.938552571688666071e-02 0.000000000000000000e+00
3.270000000000000000e+02 1.307944013144723971e-01 4.866863905325443662e-01 4.593764223941738667e-01 1.251706873008648227e-03 5.268548020027309653e-02 0.000000000000000000e+00
3.300000000000000000e+02 1.319943499503848372e-01 5.044378698224851743e-01 4.386663632225762388e-01 1.024123805188893906e-03 5.587164314974965573e-02 0.000000000000000000e+00
3.330000000000000000e+02 1.331942985862974993e-01 5.193445607646790529e-01 4.193218024578971304e-01 1.024123805188893906e-03 6.030951297223486468e-02 0.000000000000000000e+00
3.360000000000000000e+02 1.343942472222101614e-01 5.336822940373235902e-01 4.017979062357760478e-01 1.137915339098770958e-03 6.338188438780155420e-02 0.000000000000000000e+00
3.390000000000000000e+02 1.355941958581226015e-01 5.472234865725990050e-01 3.808602639963586944e-01 1.251706873008648227e-03 7.066454255803368556e-02 0.000000000000000000e+00
3.420000000000000000e+02 1.367941444940352635e-01 5.596267637687756258e-01 3.651570323167956378e-01 1.593081474738279385e-03 7.362312243969049153e-02 0.000000000000000000e+00
3.450000000000000000e+02 1.379940931299479256e-01 5.753299954483386269e-01 3.467228038233955423e-01 2.275830678197541916e-03 7.567137005006827066e-02 0.000000000000000000e+00
3.480000000000000000e+02 1.391940417658603657e-01 5.896677287209831642e-01 3.277196176604460498e-01 2.730996813837050560e-03 7.988165680473373331e-02 0.000000000000000000e+00
3.510000000000000000e+02 1.403939904017730278e-01 6.040054619936277014e-01 3.084888484296768318e-01 2.958579881656804664e-03 8.454710969503868856e-02 0.000000000000000000e+00
3.540000000000000000e+02 1.415939390376856899e-01 6.103777878925807920e-01 2.928994082840236657e-01 3.072371415566681717e-03 9.365043240782885969e-02 0.000000000000000000e+00
3.570000000000000000e+02 1.427938876735981300e-01 6.181156121984524576e-01 2.785616750113791285e-01 3.755120619025944465e-03 9.956759217114247162e-02 0.000000000000000000e+00
3.600000000000000000e+02 1.439938363095107920e-01 6.297223486572598450e-01 2.610377787892581014e-01 3.868912152935821518e-03 1.053709604005461931e-01 0.000000000000000000e+00
3.630000000000000000e+02 1.451937849454234541e-01 6.385980883022303045e-01 2.469276285844333174e-01 4.551661356395083832e-03 1.099226217569412856e-01 0.000000000000000000e+00
3.660000000000000000e+02 1.463937335813358942e-01 6.491807009558488994e-01 2.313381884387801513e-01 5.120619025944469528e-03 1.143604915794264876e-01 0.000000000000000000e+00
3.690000000000000000e+02 1.475936822172485563e-01 6.550978607191625391e-01 2.182521620391442985e-01 5.803368229403732710e-03 1.208466090122894826e-01 0.000000000000000000e+00
3.720000000000000000e+02 1.487936308531612184e-01 6.637460172963131066e-01 2.001593081474738189e-01 7.168866636322257339e-03 1.289258079198907503e-01 0.000000000000000000e+00
3.750000000000000000e+02 1.499935794890736585e-01 6.748975876194811541e-01 1.834319526627218866e-01 7.965407373691398007e-03 1.337050523441055960e-01 0.000000000000000000e+00
3.780000000000000000e+02 1.511935281249863205e-01 6.838871187983613931e-01 1.695493855257168836e-01 8.192990441511151245e-03 1.383705052344105513e-01 0.000000000000000000e+00
3.810000000000000000e+02 1.523934767608989826e-01 6.877560309512972259e-01 1.628356850250341492e-01 1.012744651797906244e-02 1.392808375056895642e-01 0.000000000000000000e+00
3.840000000000000000e+02 1.535934253968114227e-01 6.942421483841602070e-01 1.507737824305871721e-01 9.558488848429677609e-03 1.454255803368229294e-01 0.000000000000000000e+00
3.870000000000000000e+02 1.547933740327240848e-01 7.024351388256713236e-01 1.341602184797451025e-01 9.786071916249430847e-03 1.536185707783341015e-01 0.000000000000000000e+00
3.900000000000000000e+02 1.559933226686367469e-01 7.083522985889849632e-01 1.239189804278561652e-01 1.103777878925807886e-02 1.566909421939007840e-01 0.000000000000000000e+00
3.930000000000000000e+02 1.571932713045491870e-01 7.097177969959035382e-01 1.140191169776968577e-01 1.206190259444697363e-02 1.642011834319526686e-01 0.000000000000000000e+00
3.960000000000000000e+02 1.583932199404618490e-01 7.162039144287665193e-01 1.070778334091943562e-01 1.217569412835685025e-02 1.645425580336822846e-01 0.000000000000000000e+00
3.990000000000000000e+02 1.595931685763745111e-01 7.200728265817023521e-01 1.027537551206190308e-01 1.274465179790623508e-02 1.644287664997724219e-01 0.000000000000000000e+00
4.020000000000000000e+02 1.607931172122871732e-01 7.281520254893035782e-01 9.558488848429676221e-02 1.342740100136549826e-02 1.628356850250341492e-01 0.000000000000000000e+00
4.050000000000000000e+02 1.619930658481996133e-01 7.300864815657714946e-01 9.091943559399180697e-02 1.445152480655439303e-02 1.645425580336822846e-01 0.000000000000000000e+00
4.080000000000000000e+02 1.631930144841122754e-01 7.347519344560764498e-01 8.488848429676831842e-02 1.467910787437414627e-02 1.656804733727810786e-01 0.000000000000000000e+00
4.110000000000000000e+02 1.643929631200249375e-01 7.432862994993172379e-01 7.771961766044606368e-02 1.524806554392353283e-02 1.637460172963131622e-01 0.000000000000000000e+00
4.140000000000000000e+02 1.655929117559373775e-01 7.526172052799271484e-01 7.043695949021393232e-02 1.547564861174328607e-02 1.614701866181156020e-01 0.000000000000000000e+00
4.170000000000000000e+02 1.667928603918500396e-01 7.597860719162494725e-01 6.543013199817933334e-02 1.581702321347291593e-02 1.589667728720983164e-01 0.000000000000000000e+00
4.200000000000000000e+02 1.679928090277627017e-01 7.669549385525716856e-01 5.860263996358670846e-02 1.638598088302230249e-02 1.580564406008193035e-01 0.000000000000000000e+00
4.230000000000000000e+02 1.691927576636751418e-01 7.725307237141556538e-01 5.314064633591260994e-02 1.684114701866181243e-02 1.574874829312699065e-01 0.000000000000000000e+00
4.260000000000000000e+02 1.703927062995878039e-01 7.743513882567136797e-01 5.120619025944470049e-02 1.900318616294947513e-02 1.554392353208921274e-01 0.000000000000000000e+00
4.290000000000000000e+02 1.715926549355004660e-01 7.787892580791988539e-01 4.881656804733727761e-02 2.025489303595812488e-02 1.521392808375056915e-01 0.000000000000000000e+00
4.320000000000000000e+02 1.727926035714129060e-01 7.823167956304051263e-01 4.619936276741010150e-02 2.150659990896677115e-02 1.499772416932180219e-01 0.000000000000000000e+00
4.350000000000000000e+02 1.739925522073255681e-01 7.858443331816112876e-01 4.654073736913973830e-02 2.253072371415566766e-02 1.450842057350933134e-01 0.000000000000000000e+00
4.380000000000000000e+02 1.751925008432382302e-01 7.935821574874829532e-01 4.335457441966317910e-02 2.162039144287665124e-02 1.414428766499772339e-01 0.000000000000000000e+00
4.410000000000000000e+02 1.763924494791506703e-01 7.939235320892125136e-01 4.073736913973600299e-02 2.218934911242603433e-02 1.431497496586253970e-01 0.000000000000000000e+00
4.440000000000000000e+02 1.775923981150633324e-01 7.981338188438780179e-01 3.925807919890760000e-02 2.184797451069640448e-02 1.407601274465179741e-01 0.000000000000000000e+00
4.470000000000000000e+02 1.787923467509759945e-01 8.015475648611742887e-01 3.812016385980882688e-02 2.082385070550751144e-02 1.395084205735093175e-01 0.000000000000000000e+00
4.500000000000000000e+02 1.799922953868884345e-01 7.997269003186162628e-01 3.857532999544834029e-02 2.127901684114701791e-02 1.404187528447883582e-01 0.000000000000000000e+00
4.530000000000000000e+02 1.811922440228010966e-01 8.045061447428311086e-01 3.607191624943104080e-02 2.253072371415566766e-02 1.368912152935821691e-01 0.000000000000000000e+00
4.560000000000000000e+02 1.823921926587137587e-01 8.072371415566681474e-01 3.561675011379153433e-02 2.446517979062357712e-02 1.326809285389166926e-01 0.000000000000000000e+00
4.590000000000000000e+02 1.835921412946261988e-01 8.063268092853891345e-01 3.641329085116067066e-02 2.560309512972235024e-02 1.316568047337278169e-01 0.000000000000000000e+00
4.620000000000000000e+02 1.847920899305388609e-01 8.153163404642694845e-01 3.299954483386435822e-02 2.480655439235321044e-02 1.268775603095129711e-01 0.000000000000000000e+00
4.650000000000000000e+02 1.859920385664515230e-01 8.166818388711879484e-01 3.334091943559399501e-02 2.594446973145198010e-02 1.240327719617660418e-01 0.000000000000000000e+00
4.680000000000000000e+02 1.871919872023639630e-01 8.232817478379608200e-01 3.220300409649522189e-02 2.355484751934456070e-02 1.209604005461993592e-01 0.000000000000000000e+00
4.710000000000000000e+02 1.883919358382766251e-01 8.280609922621756658e-01 3.072371415566681890e-02 2.344105598543468408e-02 1.177742375967228000e-01 0.000000000000000000e+00
4.740000000000000000e+02 1.895918844741892872e-01 8.256713700500682984e-01 3.174783796085571541e-02 2.571688666363222686e-02 1.168639053254437871e-01 0.000000000000000000e+00
4.770000000000000000e+02 1.907918331101017273e-01 8.310195721438324856e-01 2.856167501137915274e-02 2.674101046882111990e-02 1.136777423759672279e-01 0.000000000000000000e+00
4.800000000000000000e+02 1.919917817460143894e-01 8.321574874829312796e-01 2.753755120619025970e-02 2.560309512972235024e-02 1.147018661811561174e-01 0.000000000000000000e+00
4.830000000000000000e+02 1.931917303819270515e-01 8.365953573054164538e-01 2.651342740100136666e-02 2.457897132453345374e-02 1.123122439690487084e-01 0.000000000000000000e+00
4.860000000000000000e+02 1.943916790178394916e-01 8.384160218479744797e-01 2.605826126536185672e-02 2.412380518889394726e-02 1.114019116977696816e-01 0.000000000000000000e+00
4.890000000000000000e+02 1.955916276537521536e-01 8.398953117888029452e-01 2.583067819754210348e-02 2.366863905325443732e-02 1.106053709604005453e-01 0.000000000000000000e+00
4.920000000000000000e+02 1.967915762896648157e-01 8.429676832043695445e-01 2.366863905325443732e-02 2.298588984979517413e-02 1.103777878925807920e-01 0.000000000000000000e+00
4.950000000000000000e+02 1.979915249255772558e-01 8.475193445607647202e-01 2.469276285844333035e-02 2.287209831588529751e-02 1.049157942649066866e-01 0.000000000000000000e+00
4.980000000000000000e+02 1.991914735614899179e-01 8.482020937642239522e-01 2.287209831588529751e-02 2.446517979062357712e-02 1.044606281292671801e-01 0.000000000000000000e+00
5.010000000000000000e+02 2.003914221974025800e-01 8.525261720527992360e-01 2.150659990896677115e-02 2.469276285844333035e-02 1.012744651797906209e-01 0.000000000000000000e+00
5.040000000000000000e+02 2.015913708333150201e-01 8.562812926718251783e-01 2.036868456986800149e-02 2.526172052799271692e-02 9.808830223031406170e-02 0.000000000000000000e+00
5.070000000000000000e+02 2.027913194692276821e-01 8.585571233500227661e-01 2.093764223941738806e-02 2.617205279927173334e-02 9.433318161128811941e-02 0.000000000000000000e+00
5.100000000000000000e+02 2.039912681051403442e-01 8.654984069185253093e-01 1.843422849340009204e-02 2.492034592626308706e-02 9.114701866181156020e-02 0.000000000000000000e+00
5.130000000000000000e+02 2.051912167410527843e-01 8.700500682749203740e-01 1.923076923076923184e-02 2.366863905325443732e-02 8.705052344105598805e-02 0.000000000000000000e+00
5.160000000000000000e+02 2.063911653769654464e-01 8.742603550295857673e-01 1.820664542558033533e-02 2.423759672280382388e-02 8.329540282203004575e-02 0.000000000000000000e+00
5.190000000000000000e+02 2.075911140128781085e-01 8.774465179790623681e-01 1.832043695949021542e-02 2.457897132453345374e-02 7.965407373691398007e-02 0.000000000000000000e+00
5.220000000000000000e+02 2.087910626487907706e-01 8.802913063268092975e-01 1.820664542558033533e-02 2.514792899408284030e-02 7.635411925352754425e-02 0.000000000000000000e+00
5.250000000000000000e+02 2.099910112847032106e-01 8.833636777423760078e-01 1.786527082385070547e-02 2.548930359581247015e-02 7.328174783796086167e-02 0.000000000000000000e+00
5.280000000000000000e+02 2.111909599206158727e-01 8.849567592171142527e-01 1.775147928994082885e-02 2.503413746017296368e-02 7.225762403277195822e-02 0.000000000000000000e+00
5.310000000000000000e+02 2.123909085565285348e-01 8.875739644970414011e-01 1.661356395084205573e-02 2.389622212107419055e-02 7.191624943104232837e-02 0.000000000000000000e+00
5.340000000000000000e+02 2.135908571924409749e-01 8.883705052344105235e-01 1.593081474738279601e-02 2.435138825671370050e-02 7.134729176149294527e-02 0.000000000000000000e+00
5.370000000000000000e+02 2.147908058283536370e-01 8.928083750568958088e-01 1.718252162039144229e-02 2.457897132453345374e-02 6.543013199817933334e-02 0.000000000000000000e+00
5.400000000000000000e+02 2.159907544642662991e-01 8.931497496586253693e-01 1.695493855257168905e-02 2.503413746017296368e-02 6.486117432862995025e-02 0.000000000000000000e+00
5.430000000000000000e+02 2.171907031001787391e-01 8.950842057350932857e-01 1.661356395084205573e-02 2.366863905325443732e-02 6.463359126081019701e-02 0.000000000000000000e+00
5.460000000000000000e+02 2.183906517360914012e-01 8.956531634046427381e-01 1.558944014565316269e-02 2.275830678197542090e-02 6.599908966772871644e-02 0.000000000000000000e+00
5.490000000000000000e+02 2.195906003720040633e-01 9.016841147018661573e-01 1.627218934911242587e-02 2.150659990896677115e-02 6.053709604005461792e-02 0.000000000000000000e+00
5.520000000000000000e+02 2.207905490079165034e-01 9.041875284478835262e-01 1.513427401001365448e-02 2.139280837505689453e-02 5.928538916704597511e-02 0.000000000000000000e+00
5.550000000000000000e+02 2.219904976438291655e-01 9.055530268548019901e-01 1.342740100136549826e-02 2.196176604460628110e-02 5.905780609922621494e-02 0.000000000000000000e+00
5.580000000000000000e+02 2.231904462797418276e-01 9.070323167956304555e-01 1.388256713700500647e-02 2.275830678197542090e-02 5.632680928538916915e-02 0.000000000000000000e+00
5.610000000000000000e+02 2.243903949156542676e-01 9.079426490669094685e-01 1.422394173873463806e-02 2.446517979062357712e-02 5.336822940373236318e-02 0.000000000000000000e+00
5.640000000000000000e+02 2.255903435515669297e-01 9.080564406008192480e-01 1.445152480655439303e-02 2.548930359581247015e-02 5.200273099681383682e-02 0.000000000000000000e+00
5.670000000000000000e+02 2.267902921874795918e-01 9.098771051433773849e-01 1.456531634046426965e-02 2.537551206190259354e-02 5.018206645425580398e-02 0.000000000000000000e+00
5.700000000000000000e+02 2.279902408233920319e-01 9.131770596267637652e-01 1.354119253527537488e-02 2.560309512972235024e-02 4.767865270823850449e-02 0.000000000000000000e+00
5.730000000000000000e+02 2.291901894593046940e-01 9.161356395084205850e-01 1.274465179790623508e-02 2.446517979062357712e-02 4.665452890304961492e-02 0.000000000000000000e+00
5.760000000000000000e+02 2.303901380952173561e-01 9.146563495675921196e-01 1.331360946745562164e-02 2.480655439235321044e-02 4.722348657259899801e-02 0.000000000000000000e+00
5.790000000000000000e+02 2.315900867311297961e-01 9.165908056440600360e-01 1.342740100136549826e-02 2.503413746017296368e-02 4.494765589440145870e-02 0.000000000000000000e+00
5.820000000000000000e+02 2.327900353670424582e-01 9.233045061447427981e-01 1.297223486572599005e-02 2.457897132453345374e-02 3.914428766499772339e-02 0.000000000000000000e+00
5.850000000000000000e+02 2.339899840029551203e-01 9.286527082385070964e-01 1.160673645880746542e-02 2.196176604460628110e-02 3.777878925807919702e-02 0.000000000000000000e+00
5.880000000000000000e+02 2.351899326388675604e-01 9.277423759672280834e-01 1.149294492489758707e-02 2.401001365498407064e-02 3.675466545289030745e-02 0.000000000000000000e+00
5.910000000000000000e+02 2.363898812747802225e-01 9.287664997724169869e-01 1.172052799271734204e-02 2.287209831588529751e-02 3.664087391898043083e-02 0.000000000000000000e+00
5.940000000000000000e+02 2.375898299106928846e-01 9.314974965862540257e-01 1.206190259444697363e-02 2.230314064633591095e-02 3.413746017296313134e-02 0.000000000000000000e+00
5.970000000000000000e+02 2.387897785466053246e-01 9.333181611288120516e-01 1.228948566226672687e-02 2.173418297678652786e-02 3.265817023213472836e-02 0.000000000000000000e+00
6.000000000000000000e+02 2.399897271825179867e-01 9.337733272644515026e-01 1.103777878925807886e-02 2.309968138370505075e-02 3.208921256258534527e-02 0.000000000000000000e+00
6.030000000000000000e+02 2.411896758184306488e-01 9.358215748748293095e-01 1.115157032316795548e-02 2.184797451069640448e-02 3.117888029130632538e-02 0.000000000000000000e+00
6.060000000000000000e+02 2.423896244543430889e-01 9.393491124260354708e-01 1.149294492489758707e-02 2.093764223941738806e-02 2.810650887573964626e-02 1.137915339098771066e-04
6.090000000000000000e+02 2.435895730902557510e-01 9.377560309512972259e-01 1.206190259444697363e-02 2.207555757851615771e-02 2.799271734182976618e-02 1.137915339098771066e-04
6.120000000000000000e+02 2.447895217261684131e-01 9.388939462903960198e-01 1.172052799271734204e-02 2.230314064633591095e-02 2.696859353664087314e-02 1.137915339098771066e-04
6.150000000000000000e+02 2.459894703620808531e-01 9.400318616294948137e-01 1.263086026399635846e-02 2.048247610377787811e-02 2.674101046882111990e-02 1.137915339098771066e-04
6.180000000000000000e+02 2.471894189979935152e-01 9.416249431042330587e-01 1.194811106053709528e-02 1.968593536640873831e-02 2.662721893491124328e-02 1.137915339098771066e-04
6.210000000000000000e+02 2.483893676339061773e-01 9.429904415111515226e-01 1.103777878925807886e-02 2.002730996813837164e-02 2.583067819754210348e-02 1.137915339098771066e-04
6.240000000000000000e+02 2.495893162698186174e-01 9.424214838416021811e-01 1.103777878925807886e-02 2.105143377332726468e-02 2.537551206190259354e-02 1.137915339098771066e-04
6.270000000000000000e+02 2.507892649057312795e-01 9.395766954938552518e-01 1.217569412835685025e-02 2.309968138370505075e-02 2.503413746017296368e-02 1.137915339098771066e-04
6.300000000000000000e+02 2.519892135416439416e-01 9.379836140191170069e-01 1.217569412835685025e-02 2.287209831588529751e-02 2.696859353664087314e-02 0.000000000000000000e+00
6.330000000000000000e+02 2.531891621775566037e-01 9.398042785616750328e-01 1.172052799271734204e-02 2.230314064633591095e-02 2.617205279927173334e-02 0.000000000000000000e+00
6.360000000000000000e+02 2.543891108134690437e-01 9.427628584433318526e-01 1.126536185707783383e-02 2.162039144287665124e-02 2.435138825671370050e-02 0.000000000000000000e+00
6.390000000000000000e+02 2.555890594493817058e-01 9.416249431042330587e-01 1.035502958579881741e-02 2.241693218024579104e-02 2.560309512972235024e-02 0.000000000000000000e+00
6.420000000000000000e+02 2.567890080852943679e-01 9.421939007737824001e-01 1.137915339098771045e-02 2.082385070550751144e-02 2.560309512972235024e-02 0.000000000000000000e+00
6.450000000000000000e+02 2.579889567212068080e-01 9.454938552571688914e-01 1.069640418752844727e-02 1.957214383249886169e-02 2.423759672280382388e-02 0.000000000000000000e+00
6.480000000000000000e+02 2.591889053571194701e-01 9.458352298588984519e-01 1.035502958579881741e-02 1.968593536640873831e-02 2.412380518889394726e-02 0.000000000000000000e+00
6.510000000000000000e+02 2.603888539930321322e-01 9.476558944014564778e-01 9.672280382339554228e-03 2.127901684114701791e-02 2.139280837505689453e-02 0.000000000000000000e+00
6.540000000000000000e+02 2.615888026289445722e-01 9.470869367319071364e-01 1.012744651797906244e-02 2.059626763768775473e-02 2.218934911242603433e-02 0.000000000000000000e+00
6.570000000000000000e+02 2.627887512648572343e-01 9.467455621301774649e-01 1.058261265361857065e-02 2.105143377332726468e-02 2.150659990896677115e-02 1.137915339098771066e-04
6.600000000000000000e+02 2.639886999007698964e-01 9.472007282658170269e-01 9.899863450159307465e-03 2.264451524806554428e-02 2.014110150204824826e-02 1.137915339098771066e-04
6.630000000000000000e+02 2.651886485366823365e-01 9.470869367319071364e-01 1.058261265361857065e-02 2.196176604460628110e-02 2.025489303595812488e-02 1.137915339098771066e-04
6.660000000000000000e+02 2.663885971725949986e-01 9.451524806554392200e-01 1.046882111970869403e-02 2.401001365498407064e-02 2.025489303595812488e-02 1.137915339098771066e-04
6.690000000000000000e+02 2.675885458085076607e-01 9.460628129267182329e-01 9.672280382339554228e-03 2.366863905325443732e-02 2.059626763768775473e-02 0.000000000000000000e+00
6.720000000000000000e+02 2.687884944444201007e-01 9.458352298588984519e-01 9.330905780609922637e-03 2.412380518889394726e-02 2.071005917159763482e-02 0.000000000000000000e+00
6.750000000000000000e+02 2.699884430803327628e-01 9.474283113336368078e-01 9.558488848429677609e-03 2.287209831588529751e-02 2.002730996813837164e-02 1.137915339098771066e-04
6.780000000000000000e+02 2.711883917162454249e-01 9.478834774692762588e-01 1.012744651797906244e-02 2.253072371415566766e-02 1.934456076467910846e-02 1.137915339098771066e-04
6.810000000000000000e+02 2.723883403521578650e-01 9.477696859353663683e-01 9.899863450159307465e-03 2.241693218024579104e-02 1.979972690031861493e-02 1.137915339098771066e-04
