# itime ezz other fcc hcp bcc ico
0.000000000000000000e+00 0.000000000000000000e+00 1.479289940828402332e-03 9.985207100591716456e-01 0.000000000000000000e+00 0.000000000000000000e+00 0.000000000000000000e+00
3.000000000000000000e+00 1.199945895134835183e-03 1.706873008648156654e-03 9.982931269913518646e-01 0.000000000000000000e+00 0.000000000000000000e+00 0.000000000000000000e+00
6.000000000000000000e+00 2.399891790269670366e-03 9.103322712790168532e-04 9.990896677287209870e-01 0.000000000000000000e+00 0.000000000000000000e+00 0.000000000000000000e+00
9.000000000000000000e+00 3.599837685404505550e-03 1.251706873008648227e-03 9.987482931269913156e-01 0.000000000000000000e+00 0.000000000000000000e+00 0.000000000000000000e+00
1.200000000000000000e+01 4.799783580539340733e-03 7.965407373691396923e-04 9.992034592626308775e-01 0.000000000000000000e+00 0.000000000000000000e+00 0.000000000000000000e+00
1.500000000000000000e+01 5.999729475674175916e-03 3.413746017296313199e-04 9.996586253982703285e-01 0.000000000000000000e+00 0.000000000000000000e+00 0.000000000000000000e+00
1.800000000000000000e+01 7.199675370809011099e-03 6.827492034592626399e-04 9.993172507965407680e-01 0.000000000000000000e+00 0.000000000000000000e+00 0.000000000000000000e+00
2.100000000000000000e+01 8.399621265943846282e-03 7.965407373691396923e-04 9.992034592626308775e-01 0.000000000000000000e+00 0.000000000000000000e+00 0.000000000000000000e+00
2.400000000000000000e+01 9.599567161078903510e-03 7.965407373691396923e-04 9.992034592626308775e-01 0.000000000000000000e+00 0.000000000000000000e+00 0.000000000000000000e+00
2.700000000000000000e+01 1.079951305621373869e-02 6.827492034592626399e-04 9.993172507965407680e-01 0.000000000000000000e+00 0.000000000000000000e+00 0.000000000000000000e+00
3.000000000000000000e+01 1.199945895134857388e-02 2.275830678197542133e-04 9.997724169321802190e-01 0.000000000000000000e+00 0.000000000000000000e+00 0.000000000000000000e+00
3.300000000000000000e+01 1.319940484648340906e-02 3.413746017296313199e-04 9.996586253982703285e-01 0.000000000000000000e+00 0.000000000000000000e+00 0.000000000000000000e+00
3.600000000000000000e+01 1.439935074161824424e-02 1.024123805188893906e-03 9.989758761948110966e-01 0.000000000000000000e+00 0.000000000000000000e+00 0.000000000000000000e+00
3.900000000000000000e+01 1.559929663675307943e-02 1.479289940828402332e-03 9.985207100591716456e-01 0.000000000000000000e+00 0.000000000000000000e+00 0.000000000000000000e+00
4.200000000000000000e+01 1.679924253188791461e-02 1.479289940828402332e-03 9.985207100591716456e-01 0.000000000000000000e+00 0.000000000000000000e+00 0.000000000000000000e+00
4.500000000000000000e+01 1.799918842702274979e-02 1.593081474738279385e-03 9.982931269913518646e-01 0.000000000000000000e+00 1.137915339098771066e-04 0.000000000000000000e+00
4.800000000000000000e+01 1.919913432215758498e-02 1.251706873008648227e-03 9.987482931269913156e-01 0.000000000000000000e+00 0.000000000000000000e+00 0.000000000000000000e+00
5.100000000000000000e+01 2.039908021729242016e-02 1.593081474738279385e-03 9.984069185252617551e-01 0.000000000000000000e+00 0.000000000000000000e+00 0.000000000000000000e+00
5.400000000000000000e+01 2.159902611242725534e-02 1.137915339098770958e-03 9.988620846609012061e-01 0.000000000000000000e+00 0.000000000000000000e+00 0.000000000000000000e+00
5.700000000000000000e+01 2.279897200756209052e-02 1.251706873008648227e-03 9.987482931269913156e-01 0.000000000000000000e+00 0.000000000000000000e+00 0.000000000000000000e+00
6.000000000000000000e+01 2.399891790269692571e-02 1.820664542558033706e-03 9.981793354574419741e-01 0.000000000000000000e+00 0.000000000000000000e+00 0.000000000000000000e+00
6.300000000000000000e+01 2.519886379783176089e-02 2.503413746017296455e-03 9.974965862539827421e-01 0.000000000000000000e+00 0.000000000000000000e+00 0.000000000000000000e+00
6.600000000000000000e+01 2.639880969296659607e-02 1.593081474738279385e-03 9.984069185252617551e-01 0.000000000000000000e+00 0.000000000000000000e+00 0.000000000000000000e+00
6.900000000000000000e+01 2.759875558810165330e-02 1.706873008648156654e-03 9.982931269913518646e-01 0.000000000000000000e+00 0.000000000000000000e+00 0.000000000000000000e+00
7.200000000000000000e+01 2.879870148323648849e-02 2.162039144287664864e-03 9.978379608557123026e-01 0.000000000000000000e+00 0.000000000000000000e+00 0.000000000000000000e+00
7.500000000000000000e+01 2.999864737837132367e-02 4.324078288575329727e-03 9.956759217114247162e-01 0.000000000000000000e+00 0.000000000000000000e+00 0.000000000000000000e+00
7.800000000000000000e+01 3.119859327350615885e-02 5.575785161583977738e-03 9.944242148384160318e-01 0.000000000000000000e+00 0.000000000000000000e+00 0.000000000000000000e+00
8.100000000000000000e+01 3.239853916864099403e-02 3.982703686845699004e-03 9.959035047792443862e-01 0.000000000000000000e+00 1.137915339098771066e-04 0.000000000000000000e+00
8.400000000000000000e+01 3.359848506377582922e-02 3.641329085116067413e-03 9.961310878470641672e-01 0.000000000000000000e+00 2.275830678197542133e-04 0.000000000000000000e+00
8.700000000000000000e+01 3.479843095891066440e-02 3.299954483386436255e-03 9.963586709148839482e-01 0.000000000000000000e+00 3.413746017296313199e-04 0.000000000000000000e+00
9.000000000000000000e+01 3.599837685404549958e-02 4.437869822485207214e-03 9.953345471096950448e-01 0.000000000000000000e+00 2.275830678197542133e-04 0.000000000000000000e+00
9.300000000000000000e+01 3.719832274918033477e-02 5.006827492034592909e-03 9.947655894401457033e-01 0.000000000000000000e+00 2.275830678197542133e-04 0.000000000000000000e+00
9.600000000000000000e+01 3.839826864431516995e-02 7.055075102412380721e-03 9.928311333636777869e-01 0.000000000000000000e+00 1.137915339098771066e-04 0.000000000000000000e+00
9.900000000000000000e+01 3.959821453945000513e-02 7.851615839781519654e-03 9.920345926263085534e-01 0.000000000000000000e+00 1.137915339098771066e-04 0.000000000000000000e+00
1.020000000000000000e+02 4.079816043458484032e-02 8.875739644970414427e-03 9.908966772872098705e-01 0.000000000000000000e+00 2.275830678197542133e-04 0.000000000000000000e+00
1.050000000000000000e+02 4.199810632971967550e-02 8.306781975421027864e-03 9.913518434228493215e-01 0.000000000000000000e+00 3.413746017296313199e-04 0.000000000000000000e+00
1.080000000000000000e+02 4.319805222485451068e-02 8.534365043240782836e-03 9.911242603550295405e-01 0.000000000000000000e+00 3.413746017296313199e-04 0.000000000000000000e+00
1.110000000000000000e+02 4.439799811998934587e-02 7.965407373691398007e-03 9.916932180245789930e-01 0.000000000000000000e+00 3.413746017296313199e-04 0.000000000000000000e+00
1.140000000000000000e+02 4.559794401512440309e-02 8.761948111060537808e-03 9.910104688211197610e-01 0.000000000000000000e+00 2.275830678197542133e-04 0.000000000000000000e+00
1.170000000000000000e+02 4.679788991025923828e-02 1.092398725534820224e-02 9.889622212107419541e-01 0.000000000000000000e+00 1.137915339098771066e-04 0.000000000000000000e+00
1.200000000000000000e+02 4.799783580539407346e-02 9.786071916249430847e-03 9.895311788802912956e-01 0.000000000000000000e+00 6.827492034592626399e-04 0.000000000000000000e+00
1.230000000000000000e+02 4.919778170052890864e-02 9.786071916249430847e-03 9.899863450159308575e-01 0.000000000000000000e+00 2.275830678197542133e-04 0.000000000000000000e+00
1.260000000000000000e+02 5.039772759566374383e-02 8.306781975421027864e-03 9.914656349567592120e-01 0.000000000000000000e+00 2.275830678197542133e-04 0.000000000000000000e+00
1.290000000000000000e+02 5.159767349079857901e-02 9.217114246700046018e-03 9.906690942193900895e-01 0.000000000000000000e+00 1.137915339098771066e-04 0.000000000000000000e+00
1.320000000000000000e+02 5.279761938593341419e-02 1.149294492489758707e-02 9.881656804733728316e-01 0.000000000000000000e+00 3.413746017296313199e-04 0.000000000000000000e+00
1.350000000000000000e+02 5.399756528106824938e-02 1.183431952662721866e-02 9.879380974055530507e-01 0.000000000000000000e+00 2.275830678197542133e-04 0.000000000000000000e+00
1.380000000000000000e+02 5.519751117620308456e-02 1.115157032316795548e-02 9.883932635411925016e-01 0.000000000000000000e+00 4.551661356395084266e-04 0.000000000000000000e+00
1.410000000000000000e+02 5.639745707133791974e-02 1.513427401001365448e-02 9.845243513882566688e-01 0.000000000000000000e+00 3.413746017296313199e-04 0.000000000000000000e+00
1.440000000000000000e+02 5.759740296647275493e-02 1.900318616294947513e-02 9.798588984979517136e-01 0.000000000000000000e+00 1.137915339098770958e-03 0.000000000000000000e+00
1.470000000000000000e+02 5.879734886160759011e-02 2.184797451069640448e-02 9.771279016841146747e-01 0.000000000000000000e+00 1.024123805188893906e-03 0.000000000000000000e+00
1.500000000000000000e+02 5.999729475674242529e-02 2.253072371415566766e-02 9.762175694128356618e-01 0.000000000000000000e+00 1.251706873008648227e-03 0.000000000000000000e+00
1.530000000000000000e+02 6.119724065187726048e-02 2.253072371415566766e-02 9.762175694128356618e-01 0.000000000000000000e+00 1.251706873008648227e-03 0.000000000000000000e+00
1.560000000000000000e+02 6.239718654701209566e-02 2.446517979062357712e-02 9.745106964041875264e-01 0.000000000000000000e+00 1.024123805188893906e-03 0.000000000000000000e+00
1.590000000000000000e+02 6.359713244214715289e-02 2.332726445152480746e-02 9.757624032771962108e-01 0.000000000000000000e+00 9.103322712790168532e-04 0.000000000000000000e+00
1.620000000000000000e+02 6.479707833728198807e-02 2.492034592626308706e-02 9.739417387346381849e-01 0.000000000000000000e+00 1.137915339098770958e-03 0.000000000000000000e+00
1.650000000000000000e+02 6.599702423241682325e-02 2.560309512972235024e-02 9.731451979972689514e-01 0.000000000000000000e+00 1.251706873008648227e-03 0.000000000000000000e+00
1.680000000000000000e+02 6.719697012755165844e-02 2.981338188438780248e-02 9.687073281747837772e-01 0.000000000000000000e+00 1.479289940828402332e-03 0.000000000000000000e+00
1.710000000000000000e+02 6.839691602268649362e-02 3.834774692762858705e-02 9.601729631315429891e-01 0.000000000000000000e+00 1.479289940828402332e-03 0.000000000000000000e+00
1.740000000000000000e+02 6.959686191782132880e-02 3.914428766499772339e-02 9.593764223941738667e-01 0.000000000000000000e+00 1.479289940828402332e-03 0.000000000000000000e+00
1.770000000000000000e+02 7.079680781295616399e-02 4.278561675011378906e-02 9.553937187073281434e-01 0.000000000000000000e+00 1.820664542558033706e-03 0.000000000000000000e+00
1.800000000000000000e+02 7.199675370809099917e-02 4.312699135184342586e-02 9.552799271734182529e-01 0.000000000000000000e+00 1.593081474738279385e-03 0.000000000000000000e+00
1.830000000000000000e+02 7.319669960322583435e-02 4.676832043695949154e-02 9.516385980883022011e-01 0.000000000000000000e+00 1.593081474738279385e-03 0.000000000000000000e+00
1.860000000000000000e+02 7.439664549836066954e-02 4.790623577605826466e-02 9.494765589440146147e-01 0.000000000000000000e+00 2.617205279927173507e-03 0.000000000000000000e+00
1.890000000000000000e+02 7.559659139349550472e-02 5.450614474283113631e-02 9.427628584433318526e-01 0.000000000000000000e+00 2.730996813837050560e-03 0.000000000000000000e+00
1.920000000000000000e+02 7.679653728863033990e-02 5.985434683659535821e-02 9.373008648156576639e-01 0.000000000000000000e+00 2.844788347746927612e-03 0.000000000000000000e+00
1.950000000000000000e+02 7.799648318376517508e-02 6.281292671825215723e-02 9.333181611288120516e-01 0.000000000000000000e+00 3.868912152935821518e-03 0.000000000000000000e+00
1.980000000000000000e+02 7.919642907890001027e-02 6.395084205735093730e-02 9.327492034592625991e-01 0.000000000000000000e+00 3.299954483386436255e-03 0.000000000000000000e+00
2.010000000000000000e+02 8.039637497403484545e-02 6.816112881201638607e-02 9.279699590350477534e-01 0.000000000000000000e+00 3.868912152935821518e-03 0.000000000000000000e+00
2.040000000000000000e+02 8.159632086916990268e-02 6.770596267637687959e-02 9.287664997724169869e-01 0.000000000000000000e+00 3.527537551206190360e-03 0.000000000000000000e+00
2.070000000000000000e+02 8.279626676430473786e-02 6.964041875284478211e-02 9.270596267637687404e-01 0.000000000000000000e+00 3.299954483386436255e-03 0.000000000000000000e+00
2.100000000000000000e+02 8.399621265943957305e-02 7.862994993172507663e-02 9.179563040509786109e-01 0.000000000000000000e+00 3.413746017296313308e-03 0.000000000000000000e+00
2.130000000000000000e+02 8.519615855457440823e-02 8.522985889849794827e-02 9.104460628129267263e-01 0.000000000000000000e+00 4.324078288575329727e-03 0.000000000000000000e+00
2.160000000000000000e+02 8.639610444970924341e-02 8.727810650887574129e-02 9.078288575329995780e-01 0.000000000000000000e+00 4.893035958124715423e-03 0.000000000000000000e+00
2.190000000000000000e+02 8.759605034484407859e-02 8.386436049157942885e-02 9.110150204824760678e-01 0.000000000000000000e+00 5.120619025944469528e-03 0.000000000000000000e+00
2.220000000000000000e+02 8.879599623997891378e-02 8.784706417842512438e-02 9.073736913973600160e-01 0.000000000000000000e+00 4.779244424214838804e-03 0.000000000000000000e+00
2.250000000000000000e+02 8.999594213511374896e-02 9.490213928083750250e-02 8.997496586253982409e-01 0.000000000000000000e+00 5.348202093764223633e-03 0.000000000000000000e+00
2.280000000000000000e+02 9.119588803024858414e-02 1.098088302230314089e-01 8.837050523441055683e-01 0.000000000000000000e+00 6.486117432862995025e-03 0.000000000000000000e+00
2.310000000000000000e+02 9.239583392538341933e-02 1.211879836140191125e-01 8.719845243513882904e-01 0.000000000000000000e+00 6.827492034592626616e-03 0.000000000000000000e+00
2.340000000000000000e+02 9.359577982051825451e-02 1.301775147928994070e-01 8.634501593081475024e-01 0.000000000000000000e+00 6.372325898953117539e-03 0.000000000000000000e+00
2.370000000000000000e+02 9.479572571565308969e-02 1.348429676832043622e-01 8.581019572143832042e-01 0.000000000000000000e+00 7.055075102412380721e-03 0.000000000000000000e+00
2.400000000000000000e+02 9.599567161078792488e-02 1.467910787437414766e-01 8.450159308147473514e-01 0.000000000000000000e+00 8.192990441511151245e-03 0.000000000000000000e+00
2.430000000000000000e+02 9.719561750592276006e-02 1.547564861174328676e-01 8.362539827036868934e-01 0.000000000000000000e+00 8.989531178880291046e-03 0.000000000000000000e+00
2.460000000000000000e+02 9.839556340105759524e-02 1.635184342284934089e-01 8.266954938552572019e-01 0.000000000000000000e+00 9.786071916249430847e-03 0.000000000000000000e+00
2.490000000000000000e+02 9.959550929619265247e-02 1.725079654073737034e-01 8.169094219390077294e-01 0.000000000000000000e+00 1.058261265361857065e-02 0.000000000000000000e+00
2.520000000000000000e+02 1.007954551913274877e-01 1.825216203914428736e-01 8.065543923532089154e-01 0.000000000000000000e+00 1.092398725534820224e-02 0.000000000000000000e+00
2.550000000000000000e+02 1.019954010864623228e-01 1.946973145197997135e-01 7.925580336822940497e-01 0.000000000000000000e+00 1.274465179790623508e-02 0.000000000000000000e+00
2.580000000000000000e+02 1.031953469815971580e-01 2.122212107419207960e-01 7.744651797906235702e-01 1.137915339098771066e-04 1.319981793354574502e-02 0.000000000000000000e+00
2.610000000000000000e+02 1.043952928767319932e-01 2.297451069640418786e-01 7.550068274920346267e-01 0.000000000000000000e+00 1.524806554392353283e-02 0.000000000000000000e+00
2.640000000000000000e+02 1.055952387718668284e-01 2.420345926263086089e-01 7.407828857532999800e-01 1.137915339098771066e-04 1.706873008648156567e-02 0.000000000000000000e+00
2.670000000000000000e+02 1.067951846670016636e-01 2.520482476103778069e-01 7.295175238962221531e-01 2.275830678197542133e-04 1.820664542558033533e-02 0.000000000000000000e+00
2.700000000000000000e+02 1.079951305621364988e-01 2.603550295857988139e-01 7.205279927173418031e-01 0.000000000000000000e+00 1.911697769685935522e-02 0.000000000000000000e+00
2.730000000000000000e+02 1.091950764572713339e-01 2.686618115612198210e-01 7.116522530723714546e-01 0.000000000000000000e+00 1.968593536640873831e-02 0.000000000000000000e+00
2.760000000000000000e+02 1.103950223524061691e-01 2.806099226217569353e-01 6.974283113336368078e-01 0.000000000000000000e+00 2.196176604460628110e-02 0.000000000000000000e+00
2.790000000000000000e+02 1.115949682475410043e-01 2.919890760127446527e-01 6.841147018661811741e-01 0.000000000000000000e+00 2.389622212107419055e-02 0.000000000000000000e+00
2.820000000000000000e+02 1.127949141426758395e-01 3.005234410559854408e-01 6.730769230769231282e-01 0.000000000000000000e+00 2.639963586709149004e-02 0.000000000000000000e+00
2.850000000000000000e+02 1.139948600378106747e-01 3.172507965407373454e-01 6.547564861174328676e-01 0.000000000000000000e+00 2.799271734182976618e-02 0.000000000000000000e+00
2.880000000000000000e+02 1.151948059329455099e-01 3.335229858898497990e-01 6.400773782430587699e-01 0.000000000000000000e+00 2.639963586709149004e-02 0.000000000000000000e+00
2.910000000000000000e+02 1.163947518280803450e-01 3.470641784251251583e-01 6.207328174783796060e-01 3.413746017296313199e-04 3.186162949476559203e-02 0.000000000000000000e+00
2.940000000000000000e+02 1.175946977232154023e-01 3.607191624943104080e-01 6.053709604005461653e-01 1.137915339098771066e-04 3.379608557123350149e-02 0.000000000000000000e+00
2.970000000000000000e+02 1.187946436183502374e-01 3.749431042330450548e-01 5.888711879836140417e-01 1.137915339098771066e-04 3.607191624943104080e-02 0.000000000000000000e+00
3.000000000000000000e+02 1.199945895134850726e-01 3.882567137005006885e-01 5.732817478379608200e-01 3.413746017296313199e-04 3.812016385980882688e-02 0.000000000000000000e+00
3.030000000000000000e+02 1.211945354086199078e-01 4.089667728720983164e-01 5.518889394629039602e-01 3.413746017296313199e-04 3.880291306326809353e-02 0.000000000000000000e+00
3.060000000000000000e+02 1.223944813037547430e-01 4.271734182976786309e-01 5.298133818843877574e-01 2.275830678197542133e-04 4.278561675011378906e-02 0.000000000000000000e+00
3.090000000000000000e+02 1.235944271988895782e-01 4.347974510696404060e-01 5.176376877560309175e-01 0.000000000000000000e+00 4.756486117432862787e-02 0.000000000000000000e+00
3.120000000000000000e+02 1.247943730940244134e-01 4.457214383249886169e-01 5.034137460172962708e-01 2.275830678197542133e-04 5.063723258989531045e-02 0.000000000000000000e+00
3.150000000000000000e+02 1.259943189891592485e-01 4.630177514792899185e-01 4.836140191169777114e-01 4.551661356395084266e-04 5.291306326809285671e-02 0.000000000000000000e+00
3.180000000000000000e+02 1.271942648842940837e-01 4.821347291761493015e-01 4.617660446062812896e-01 4.551661356395084266e-04 5.564406008192990249e-02 0.000000000000000000e+00
3.210000000000000000e+02 1.283942107794289189e-01 4.938552571688666348e-01 4.450386891215293850e-01 4.551661356395084266e-04 6.065088757396449454e-02 0.000000000000000000e+00
3.240000000000000000e+02 1.295941566745637541e-01 5.149066909421938787e-01 4.228493400091033472e-01 5.689576695493854790e-04 6.167501137915339104e-02 0.000000000000000000e+00
3.270000000000000000e+02 1.307941025696985893e-01 5.388029130632681074e-01 3.949704142011834507e-01 5.689576695493854790e-04 6.565771506599908658e-02 0.000000000000000000e+00
3.300000000000000000e+02 1.319940484648334245e-01 5.523441055985435222e-01 3.804050978607191880e-01 5.689576695493854790e-04 6.668183887118799003e-02 0.000000000000000000e+00
3.330000000000000000e+02 1.331939943599682596e-01 5.626991351843423361e-01 3.675466545289030607e-01 1.137915339098770958e-03 6.861629494765589254e-02 0.000000000000000000e+00
3.360000000000000000e+02 1.343939402551030948e-01 5.755575785161584079e-01 3.513882567137004975e-01 1.137915339098770958e-03 7.191624943104232837e-02 0.000000000000000000e+00
3.390000000000000000e+02 1.355938861502381521e-01 5.914883932635411901e-01 3.340919435593991960e-01 1.479289940828402332e-03 7.294037323623121793e-02 0.000000000000000000e+00
3.420000000000000000e+02 1.367938320453729872e-01 6.046882111970869333e-01 3.164542558033682229e-01 1.820664542558033706e-03 7.703686845698680397e-02 0.000000000000000000e+00
3.450000000000000000e+02 1.379937779405078224e-01 6.121984524351388179e-01 3.051888939462903960e-01 2.275830678197541916e-03 8.033682294037323979e-02 0.000000000000000000e+00
3.480000000000000000e+02 1.391937238356426576e-01 6.198224852071005930e-01 2.902822030040965173e-01 2.048247610377787811e-03 8.784706417842512438e-02 0.000000000000000000e+00
3.510000000000000000e+02 1.403936697307774928e-01 6.315430131998179819e-01 2.741238051888939542e-01 2.617205279927173507e-03 9.171597633136094330e-02 0.000000000000000000e+00
3.540000000000000000e+02 1.415936156259123280e-01 6.413290851160673434e-01 2.592171142467000200e-01 3.186162949476558769e-03 9.626763768775603580e-02 0.000000000000000000e+00
3.570000000000000000e+02 1.427935615210471632e-01 6.511151570323168158e-01 2.451069640418752915e-01 2.275830678197541916e-03 1.015020482476103741e-01 0.000000000000000000e+00
3.600000000000000000e+02 1.439935074161819983e-01 6.652253072371415721e-01 2.305416477014110288e-01 2.617205279927173507e-03 1.016158397815202508e-01 0.000000000000000000e+00
3.630000000000000000e+02 1.451934533113168335e-01 6.777423759672280834e-01 2.137005006827492060e-01 3.982703686845699004e-03 1.045744196631770567e-01 0.000000000000000000e+00
3.660000000000000000e+02 1.463933992064516687e-01 6.899180700955849233e-01 1.977696859353663961e-01 3.982703686845699004e-03 1.083295402822029990e-01 0.000000000000000000e+00
3.690000000000000000e+02 1.475933451015865039e-01 6.985662266727356018e-01 1.837733272644515303e-01 4.665452890304961318e-03 1.129949931725079681e-01 0.000000000000000000e+00
3.720000000000000000e+02 1.487932909967213391e-01 7.028903049613108855e-01 1.759217114246700020e-01 4.324078288575329727e-03 1.168639053254437871e-01 0.000000000000000000e+00
3.750000000000000000e+02 1.499932368918561743e-01 7.043695949021392400e-01 1.677287209831588577e-01 5.234410559854347014e-03 1.226672735548475224e-01 0.000000000000000000e+00
3.780000000000000000e+02 1.511931827869910094e-01 7.147246244879380539e-01 1.539599453800637174e-01 5.575785161583977738e-03 1.257396449704142050e-01 0.000000000000000000e+00
3.810000000000000000e+02 1.523931286821258446e-01 7.175694128356849832e-01 1.456531634046426826e-01 7.396449704142011444e-03 1.293809740555302568e-01 0.000000000000000000e+00
3.840000000000000000e+02 1.535930745772609018e-01 7.212107419208011461e-01 1.383705052344105513e-01 6.941283568502503235e-03 1.334774692762858428e-01 0.000000000000000000e+00
3.870000000000000000e+02 1.547930204723957370e-01 7.283796085571233592e-01 1.244879380974055483e-01 7.965407373691398007e-03 1.391670459717797015e-01 0.000000000000000000e+00
3.900000000000000000e+02 1.559929663675305722e-01 7.362312243969049153e-01 1.151570323167956239e-01 8.306781975421027864e-03 1.403049613108784677e-01 0.000000000000000000e+00
3.930000000000000000e+02 1.571929122626654074e-01 7.389622212107419541e-01 1.112881201638598050e-01 8.989531178880291046e-03 1.407601274465179741e-01 0.000000000000000000e+00
3.960000000000000000e+02 1.583928581578002426e-01 7.452207555757851543e-01 1.054847519344560697e-01 9.558488848429677609e-03 1.397360036413290985e-01 0.000000000000000000e+00
3.990000000000000000e+02 1.595928040529350778e-01 7.531861629494766008e-01 9.865725989986344480e-02 9.672280382339554228e-03 1.384842967683204418e-01 0.000000000000000000e+00
4.020000000000000000e+02 1.607927499480699129e-01 7.563723258989530907e-01 9.569868001820663883e-02 1.046882111970869403e-02 1.374601729631315383e-01 0.000000000000000000e+00
4.050000000000000000e+02 1.619926958432047481e-01 7.645653163404643182e-01 8.807464724624487762e-02 1.024123805188893906e-02 1.371187983614019223e-01 0.000000000000000000e+00
4.080000000000000000e+02 1.631926417383395833e-01 7.661583978152025631e-01 8.488848429676831842e-02 1.194811106053709528e-02 1.370050068274920319e-01 0.000000000000000000e+00
4.110000000000000000e+02 1.643925876334744185e-01 7.713928083750568598e-01 7.749203459262631044e-02 1.319981793354574502e-02 1.379153390987710448e-01 0.000000000000000000e+00
4.140000000000000000e+02 1.655925335286092537e-01 7.776513427401001710e-01 7.419208010923987462e-02 1.240327719617660522e-02 1.357532999544833752e-01 0.000000000000000000e+00
4.170000000000000000e+02 1.667924794237440889e-01 7.777651342740100615e-01 6.964041875284478211e-02 1.467910787437414627e-02 1.379153390987710448e-01 0.000000000000000000e+00
4.200000000000000000e+02 1.679924253188789240e-01 7.832271279016841392e-01 6.713700500682749650e-02 1.445152480655439303e-02 1.351843422849340060e-01 0.000000000000000000e+00
4.230000000000000000e+02 1.691923712140137592e-01 7.868684569868001910e-01 6.520254893035958010e-02 1.661356395084205573e-02 1.313154301319981732e-01 0.000000000000000000e+00
4.260000000000000000e+02 1.703923171091485944e-01 7.922166590805643782e-01 6.099226217569413133e-02 1.752389622212107562e-02 1.292671825216203940e-01 0.000000000000000000e+00
4.290000000000000000e+02 1.715922630042836516e-01 7.965407373691397730e-01 5.723714155666818210e-02 1.775147928994082885e-02 1.284706417842512438e-01 0.000000000000000000e+00
4.320000000000000000e+02 1.727922088994184868e-01 8.006372325898952758e-01 5.359581247155211642e-02 1.934456076467910846e-02 1.264223941738734647e-01 0.000000000000000000e+00
4.350000000000000000e+02 1.739921547945533220e-01 8.049613108784706705e-01 4.904415111515703085e-02 2.116522530723714129e-02 1.248293126991351781e-01 0.000000000000000000e+00
4.380000000000000000e+02 1.751921006896881572e-01 8.047337278106508895e-01 4.881656804733727761e-02 2.309968138370505075e-02 1.233500227583067821e-01 0.000000000000000000e+00
4.410000000000000000e+02 1.763920465848229924e-01 8.076923076923077094e-01 4.745106964041875125e-02 2.264451524806554428e-02 1.222121074192080159e-01 0.000000000000000000e+00
4.440000000000000000e+02 1.775919924799578276e-01 8.095129722348657353e-01 4.540282203004096517e-02 2.435138825671370050e-02 1.207328174783796060e-01 0.000000000000000000e+00
4.470000000000000000e+02 1.787919383750926627e-01 8.129267182521620061e-01 4.346836595357305572e-02 2.401001365498407064e-02 1.195949021392808398e-01 0.000000000000000000e+00
4.500000000000000000e+02 1.799918842702274979e-01 8.165680473372780579e-01 4.028220300409649651e-02 2.435138825671370050e-02 1.187983614019117035e-01 0.000000000000000000e+00
4.530000000000000000e+02 1.811918301653623331e-01 8.227127901684114786e-01 4.005461993627674328e-02 2.298588984979517413e-02 1.142467000455166110e-01 0.000000000000000000e+00
4.560000000000000000e+02 1.823917760604971683e-01 8.270368684569867623e-01 3.846153846153846367e-02 2.355484751934456070e-02 1.109467455621301751e-01 0.000000000000000000e+00
4.590000000000000000e+02 1.835917219556320035e-01 8.307919890760127046e-01 3.720983158852981393e-02 2.457897132453345374e-02 1.074192080109239861e-01 0.000000000000000000e+00
4.620000000000000000e+02 1.847916678507668387e-01 8.306781975421028141e-01 3.675466545289030745e-02 2.594446973145198010e-02 1.066226672735548497e-01 0.000000000000000000e+00
4.650000000000000000e+02 1.859916137459016738e-01 8.317023213472917176e-01 3.584433318161128756e-02 2.662721893491124328e-02 1.058261265361857134e-01 0.000000000000000000e+00
4.680000000000000000e+02 1.871915596410365090e-01 8.401228948566226151e-01 3.402366863905325473e-02 2.605826126536185672e-02 9.979517523896222486e-02 0.000000000000000000e+00
4.710000000000000000e+02 1.883915055361713442e-01 8.461538461538461453e-01 3.174783796085571541e-02 2.617205279927173334e-02 9.592626308602640595e-02 0.000000000000000000e+00
4.740000000000000000e+02 1.895914514313061794e-01 8.504779244424214291e-01 3.060992262175694228e-02 2.651342740100136666e-02 9.239872553482020301e-02 0.000000000000000000e+00
4.770000000000000000e+02 1.907913973264412366e-01 8.493400091033227461e-01 3.163404642694583185e-02 2.571688666363222686e-02 9.330905780609922984e-02 0.000000000000000000e+00
4.800000000000000000e+02 1.919913432215760718e-01 8.503641329085116496e-01 3.015475648611743234e-02 2.571688666363222686e-02 9.376422394173873631e-02 0.000000000000000000e+00
4.830000000000000000e+02 1.931912891167109070e-01 8.524123805188893455e-01 2.856167501137915274e-02 2.537551206190259354e-02 9.365043240782885969e-02 0.000000000000000000e+00
4.860000000000000000e+02 1.943912350118457422e-01 8.534365043240782489e-01 2.878925807919890598e-02 2.605826126536185672e-02 9.171597633136094330e-02 0.000000000000000000e+00
4.890000000000000000e+02 1.955911809069805773e-01 8.575329995448338627e-01 2.753755120619025970e-02 2.674101046882111990e-02 8.818843878015475424e-02 0.000000000000000000e+00
4.920000000000000000e+02 1.967911268021154125e-01 8.617432862994993670e-01 2.617205279927173334e-02 2.594446973145198010e-02 8.614019116977697510e-02 0.000000000000000000e+00
4.950000000000000000e+02 1.979910726972502477e-01 8.653846153846154188e-01 2.514792899408284030e-02 2.605826126536185672e-02 8.340919435593992237e-02 0.000000000000000000e+00
4.980000000000000000e+02 1.991910185923850829e-01 8.699362767410104835e-01 2.378243058716431393e-02 2.685480200273099652e-02 7.942649066909421296e-02 0.000000000000000000e+00
5.010000000000000000e+02 2.003909644875199181e-01 8.722121074192079604e-01 2.321347291761493084e-02 2.605826126536185672e-02 7.851615839781520001e-02 0.000000000000000000e+00
5.040000000000000000e+02 2.015909103826547533e-01 8.789258079198907225e-01 2.207555757851615771e-02 2.594446973145198010e-02 7.305416477014110843e-02 0.000000000000000000e+00
5.070000000000000000e+02 2.027908562777895884e-01 8.818843878015475424e-01 2.162039144287665124e-02 2.810650887573964626e-02 6.838871187983613931e-02 0.000000000000000000e+00
5.100000000000000000e+02 2.039908021729244236e-01 8.838188438780154588e-01 2.059626763768775473e-02 2.799271734182976618e-02 6.759217114246700298e-02 0.000000000000000000e+00
5.130000000000000000e+02 2.051907480680592588e-01 8.831360946745562268e-01 2.048247610377787811e-02 2.878925807919890598e-02 6.759217114246700298e-02 0.000000000000000000e+00
5.160000000000000000e+02 2.063906939631940940e-01 8.843878015475649113e-01 2.116522530723714129e-02 2.833409194355939950e-02 6.611288120163859305e-02 0.000000000000000000e+00
5.190000000000000000e+02 2.075906398583289292e-01 8.870050068274920596e-01 2.241693218024579104e-02 2.787892580791988956e-02 6.269913518434228061e-02 0.000000000000000000e+00
5.220000000000000000e+02 2.087905857534639864e-01 8.912152935821574529e-01 2.116522530723714129e-02 2.583067819754210348e-02 6.178880291306326766e-02 0.000000000000000000e+00
5.250000000000000000e+02 2.099905316485988216e-01 8.931497496586253693e-01 2.105143377332726468e-02 2.719617660446062984e-02 5.860263996358670846e-02 0.000000000000000000e+00
5.280000000000000000e+02 2.111904775437336568e-01 8.934911242603550408e-01 2.116522530723714129e-02 2.935821574874829254e-02 5.598543468365953235e-02 0.000000000000000000e+00
5.310000000000000000e+02 2.123904234388684920e-01 8.953117888029130667e-01 2.059626763768775473e-02 2.935821574874829254e-02 5.473372781065088954e-02 0.000000000000000000e+00
5.340000000000000000e+02 2.135903693340033271e-01 8.963359126081019701e-01 2.002730996813837164e-02 2.913063268092853930e-02 5.450614474283113631e-02 0.000000000000000000e+00
5.370000000000000000e+02 2.147903152291381623e-01 8.977014110150204340e-01 1.991351843422849502e-02 2.901684114701866268e-02 5.336822940373236318e-02 0.000000000000000000e+00
5.400000000000000000e+02 2.159902611242729975e-01 8.981565771506599960e-01 1.979972690031861493e-02 2.935821574874829254e-02 5.268548020027309653e-02 0.000000000000000000e+00
5.430000000000000000e+02 2.171902070194078327e-01 9.022530723714156098e-01 1.786527082385070547e-02 2.890304961310878606e-02 5.097860719162494031e-02 0.000000000000000000e+00
5.460000000000000000e+02 2.183901529145426679e-01 9.025944469731451703e-01 1.775147928994082885e-02 2.924442421483841592e-02 5.040964952207555722e-02 0.000000000000000000e+00
5.490000000000000000e+02 2.195900988096775031e-01 9.060081929904415521e-01 1.661356395084205573e-02 3.015475648611743234e-02 4.722348657259899801e-02 0.000000000000000000e+00
5.520000000000000000e+02 2.207900447048123382e-01 9.093081474738279324e-01 1.558944014565316269e-02 2.924442421483841592e-02 4.585798816568047165e-02 0.000000000000000000e+00
5.550000000000000000e+02 2.219899905999471734e-01 9.107874374146563978e-01 1.570323167956303931e-02 2.787892580791988956e-02 4.563040509786071841e-02 0.000000000000000000e+00
5.580000000000000000e+02 2.231899364950820086e-01 9.130632680928538747e-01 1.502048247610377786e-02 2.753755120619025970e-02 4.437869822485206867e-02 0.000000000000000000e+00
5.610000000000000000e+02 2.243898823902168438e-01 9.154528903049613531e-01 1.536185707783340945e-02 2.776513427401001294e-02 4.142011834319526964e-02 0.000000000000000000e+00
5.640000000000000000e+02 2.255898282853516790e-01 9.194355939918069653e-01 1.593081474738279601e-02 2.730996813837050646e-02 3.732362312243969055e-02 0.000000000000000000e+00
5.670000000000000000e+02 2.267897741804867362e-01 9.182976786527082824e-01 1.695493855257168905e-02 2.799271734182976618e-02 3.675466545289030745e-02 0.000000000000000000e+00
5.700000000000000000e+02 2.279897200756215714e-01 9.145425580336823401e-01 1.706873008648156567e-02 2.844788347746927612e-02 3.994082840236686666e-02 0.000000000000000000e+00
5.730000000000000000e+02 2.291896659707564066e-01 9.143149749658625591e-01 1.649977241693217911e-02 2.776513427401001294e-02 4.142011834319526964e-02 0.000000000000000000e+00
5.760000000000000000e+02 2.303896118658912417e-01 9.163632225762403660e-01 1.536185707783340945e-02 2.822030040964952288e-02 4.005461993627674328e-02 0.000000000000000000e+00
5.790000000000000000e+02 2.315895577610260769e-01 9.140873918980427781e-01 1.547564861174328607e-02 2.913063268092853930e-02 4.130632680928538608e-02 0.000000000000000000e+00
5.820000000000000000e+02 2.327895036561609121e-01 9.155666818388711325e-01 1.513427401001365448e-02 2.992717341829767910e-02 3.937187073281747662e-02 0.000000000000000000e+00
5.850000000000000000e+02 2.339894495512957473e-01 9.176149294492489394e-01 1.411015020482476144e-02 2.935821574874829254e-02 3.880291306326809353e-02 1.137915339098771066e-04
5.880000000000000000e+02 2.351893954464305825e-01 9.203459262630859783e-01 1.365498406918525323e-02 2.969959035047792587e-02 3.629949931725079404e-02 0.000000000000000000e+00
5.910000000000000000e+02 2.363893413415654177e-01 9.221665908056441152e-01 1.342740100136549826e-02 2.969959035047792587e-02 3.470641784251251444e-02 0.000000000000000000e+00
5.940000000000000000e+02 2.375892872367002528e-01 9.254665452890304955e-01 1.399635867091488309e-02 2.856167501137915274e-02 3.197542102867546865e-02 0.000000000000000000e+00
5.970000000000000000e+02 2.387892331318350880e-01 9.266044606281292895e-01 1.536185707783340945e-02 2.685480200273099652e-02 3.117888029130632538e-02 0.000000000000000000e+00
6.000000000000000000e+02 2.399891790269699232e-01 9.287664997724169869e-01 1.490669094219390124e-02 2.685480200273099652e-02 2.947200728265816916e-02 0.000000000000000000e+00
6.030000000000000000e+02 2.411891249221047584e-01 9.327492034592625991e-01 1.581702321347291593e-02 2.594446973145198010e-02 2.548930359581247015e-02 0.000000000000000000e+00
6.060000000000000000e+02 2.423890708172395936e-01 9.341147018661811741e-01 1.593081474738279601e-02 2.480655439235321044e-02 2.514792899408284030e-02 0.000000000000000000e+00
6.090000000000000000e+02 2.435890167123744288e-01 9.344560764679107345e-01 1.467910787437414627e-02 2.662721893491124328e-02 2.423759672280382388e-02 0.000000000000000000e+00
6.120000000000000000e+02 2.447889626075094860e-01 9.335457441966317216e-01 1.445152480655439303e-02 2.753755120619025970e-02 2.446517979062357712e-02 0.000000000000000000e+00
6.150000000000000000e+02 2.459889085026443212e-01 9.314974965862540257e-01 1.433773327264451468e-02 2.867546654528902936e-02 2.548930359581247015e-02 0.000000000000000000e+00
6.180000000000000000e+02 2.471888543977791564e-01 9.326354119253527086e-01 1.490669094219390124e-02 2.867546654528902936e-02 2.378243058716431393e-02 0.000000000000000000e+00
6.210000000000000000e+02 2.483888002929139915e-01 9.347974510696404060e-01 1.502048247610377786e-02 2.765134274010013632e-02 2.253072371415566766e-02 0.000000000000000000e+00
6.240000000000000000e+02 2.495887461880488267e-01 9.352526172052799680e-01 1.479289940828402289e-02 2.685480200273099652e-02 2.298588984979517413e-02 1.137915339098771066e-04
6.270000000000000000e+02 2.507886920831836619e-01 9.349112426035502965e-01 1.524806554392353283e-02 2.685480200273099652e-02 2.298588984979517413e-02 0.000000000000000000e+00
6.300000000000000000e+02 2.519886379783184971e-01 9.375284478834774449e-01 1.467910787437414627e-02 2.696859353664087314e-02 2.082385070550751144e-02 0.000000000000000000e+00
6.330000000000000000e+02 2.531885838734533323e-01 9.387801547564861293e-01 1.513427401001365448e-02 2.571688666363222686e-02 2.036868456986800149e-02 0.000000000000000000e+00
6.360000000000000000e+02 2.543885297685881675e-01 9.393491124260354708e-01 1.490669094219390124e-02 2.548930359581247015e-02 2.025489303595812488e-02 0.000000000000000000e+00
6.390000000000000000e+02 2.555884756637230026e-01 9.394629039599453613e-01 1.433773327264451468e-02 2.480655439235321044e-02 2.139280837505689453e-02 0.000000000000000000e+00
6.420000000000000000e+02 2.567884215588578378e-01 9.412835685025033872e-01 1.354119253527537488e-02 2.514792899408284030e-02 2.002730996813837164e-02 0.000000000000000000e+00
6.450000000000000000e+02 2.579883674539926730e-01 9.452662721893491105e-01 1.365498406918525323e-02 2.332726445152480746e-02 1.775147928994082885e-02 0.000000000000000000e+00
6.480000000000000000e+02 2.591883133491275082e-01 9.437869822485207560e-01 1.445152480655439303e-02 2.457897132453345374e-02 1.718252162039144229e-02 0.000000000000000000e+00
6.510000000000000000e+02 2.603882592442623434e-01 9.413973600364132777e-01 1.456531634046426965e-02 2.605826126536185672e-02 1.797906235776058209e-02 0.000000000000000000e+00
6.540000000000000000e+02 2.615882051393971786e-01 9.427628584433318526e-01 1.445152480655439303e-02 2.537551206190259354e-02 1.741010468821119553e-02 0.000000000000000000e+00
6.570000000000000000e+02 2.627881510345322358e-01 9.425352753755120716e-01 1.433773327264451468e-02 2.503413746017296368e-02 1.809285389167045871e-02 0.000000000000000000e+00
6.600000000000000000e+02 2.639880969296670710e-01 9.452662721893491105e-01 1.411015020482476144e-02 2.378243058716431393e-02 1.684114701866181243e-02 0.000000000000000000e+00
6.630000000000000000e+02 2.651880428248019061e-01 9.479972690031861493e-01 1.319981793354574502e-02 2.321347291761493084e-02 1.547564861174328607e-02 1.137915339098771066e-04
6.660000000000000000e+02 2.663879887199367413e-01 9.473145197997269173e-01 1.263086026399635846e-02 2.469276285844333035e-02 1.524806554392353283e-02 1.137915339098771066e-04
6.690000000000000000e+02 2.675879346150715765e-01 9.493627674101047242e-01 1.240327719617660522e-02 2.423759672280382388e-02 1.399635867091488309e-02 0.000000000000000000e+00
6.720000000000000000e+02 2.687878805102064117e-01 9.481110605370960398e-01 1.285844333181611343e-02 2.583067819754210348e-02 1.319981793354574502e-02 0.000000000000000000e+00
6.750000000000000000e+02 2.699878264053412469e-01 9.509558488848429691e-01 1.183431952662721866e-02 2.480655439235321044e-02 1.240327719617660522e-02 0.000000000000000000e+00
6.780000000000000000e+02 2.711877723004760821e-01 9.511834319526627501e-01 1.206190259444697363e-02 2.435138825671370050e-02 1.240327719617660522e-02 0.000000000000000000e+00
6.810000000000000000e+02 2.723877181956109172e-01 9.494765589440146147e-01 1.285844333181611343e-02 2.435138825671370050e-02 1.331360946745562164e-02 0.000000000000000000e+00
