# itime ezz other fcc hcp bcc ico
0.000000000000000000e+00 0.000000000000000000e+00 1.934456076467910759e-03 9.980655439235320836e-01 0.000000000000000000e+00 0.000000000000000000e+00 0.000000000000000000e+00
2.500000000000000000e+01 9.999635553883390315e-04 1.137915339098771066e-04 9.998862084660901095e-01 0.000000000000000000e+00 0.000000000000000000e+00 0.000000000000000000e+00
5.000000000000000000e+01 1.999927110776678063e-03 1.479289940828402332e-03 9.984069185252617551e-01 0.000000000000000000e+00 1.137915339098771066e-04 0.000000000000000000e+00
7.500000000000000000e+01 2.999890666165017095e-03 3.413746017296313199e-04 9.996586253982703285e-01 0.000000000000000000e+00 0.000000000000000000e+00 0.000000000000000000e+00
1.000000000000000000e+02 3.999854221553356126e-03 1.365498406918525280e-03 9.986345015930814251e-01 0.000000000000000000e+00 0.000000000000000000e+00 0.000000000000000000e+00
1.250000000000000000e+02 4.999817776941695158e-03 4.551661356395084266e-04 9.995448338643604380e-01 0.000000000000000000e+00 0.000000000000000000e+00 0.000000000000000000e+00
1.500000000000000000e+02 5.999781332330034189e-03 9.103322712790168532e-04 9.990896677287209870e-01 0.000000000000000000e+00 0.000000000000000000e+00 0.000000000000000000e+00
1.750000000000000000e+02 6.999744887718373221e-03 1.365498406918525280e-03 9.986345015930814251e-01 0.000000000000000000e+00 0.000000000000000000e+00 0.000000000000000000e+00
2.000000000000000000e+02 7.999708443106712252e-03 2.389622212107419402e-03 9.976103777878926326e-01 0.000000000000000000e+00 0.000000000000000000e+00 0.000000000000000000e+00
2.250000000000000000e+02 8.999671998495051284e-03 9.103322712790168532e-04 9.990896677287209870e-01 0.000000000000000000e+00 0.000000000000000000e+00 0.000000000000000000e+00
2.500000000000000000e+02 9.999635553883390315e-03 2.503413746017296455e-03 9.974965862539827421e-01 0.000000000000000000e+00 0.000000000000000000e+00 0.000000000000000000e+00
2.750000000000000000e+02 1.099959910927172935e-02 1.137915339098771066e-04 9.998862084660901095e-01 0.000000000000000000e+00 0.000000000000000000e+00 0.000000000000000000e+00
3.000000000000000000e+02 1.199956266466006838e-02 9.103322712790168532e-04 9.989758761948110966e-01 0.000000000000000000e+00 1.137915339098771066e-04 0.000000000000000000e+00
3.250000000000000000e+02 1.299952622004840741e-02 2.389622212107419402e-03 9.976103777878926326e-01 0.000000000000000000e+00 0.000000000000000000e+00 0.000000000000000000e+00
3.500000000000000000e+02 1.399948977543674644e-02 2.048247610377787811e-03 9.978379608557123026e-01 0.000000000000000000e+00 1.137915339098771066e-04 0.000000000000000000e+00
3.750000000000000000e+02 1.499945333082508547e-02 1.251706873008648227e-03 9.987482931269913156e-01 0.000000000000000000e+00 0.000000000000000000e+00 0.000000000000000000e+00
4.000000000000000000e+02 1.599941688621342450e-02 9.103322712790168532e-04 9.990896677287209870e-01 0.000000000000000000e+00 0.000000000000000000e+00 0.000000000000000000e+00
4.250000000000000000e+02 1.699938044160176354e-02 1.706873008648156654e-03 9.982931269913518646e-01 0.000000000000000000e+00 0.000000000000000000e+00 0.000000000000000000e+00
4.500000000000000000e+02 1.799934399699010257e-02 1.820664542558033706e-03 9.981793354574419741e-01 0.000000000000000000e+00 0.000000000000000000e+00 0.000000000000000000e+00
4.750000000000000000e+02 1.899930755237844160e-02 1.251706873008648227e-03 9.987482931269913156e-01 0.000000000000000000e+00 0.000000000000000000e+00 0.000000000000000000e+00
5.000000000000000000e+02 1.999927110776678063e-02 1.706873008648156654e-03 9.981793354574419741e-01 0.000000000000000000e+00 1.137915339098771066e-04 0.000000000000000000e+00
5.250000000000000000e+02 2.099923466315511966e-02 3.527537551206190360e-03 9.963586709148839482e-01 0.000000000000000000e+00 1.137915339098771066e-04 0.000000000000000000e+00
5.500000000000000000e+02 2.199919821854345869e-02 2.844788347746927612e-03 9.971552116522530707e-01 0.000000000000000000e+00 0.000000000000000000e+00 0.000000000000000000e+00
5.750000000000000000e+02 2.299916177393179773e-02 2.730996813837050560e-03 9.972690031861629611e-01 0.000000000000000000e+00 0.000000000000000000e+00 0.000000000000000000e+00
6.000000000000000000e+02 2.399912532932013676e-02 2.162039144287664864e-03 9.978379608557123026e-01 0.000000000000000000e+00 0.000000000000000000e+00 0.000000000000000000e+00
6.250000000000000000e+02 2.499908888470847579e-02 3.755120619025944465e-03 9.961310878470641672e-01 0.000000000000000000e+00 1.137915339098771066e-04 0.000000000000000000e+00
6.500000000000000000e+02 2.599905244009681482e-02 3.186162949476558769e-03 9.968138370505233992e-01 0.000000000000000000e+00 0.000000000000000000e+00 0.000000000000000000e+00
6.750000000000000000e+02 2.699901599548515385e-02 2.730996813837050560e-03 9.972690031861629611e-01 0.000000000000000000e+00 0.000000000000000000e+00 0.000000000000000000e+00
7.000000000000000000e+02 2.799897955087349288e-02 2.275830678197541916e-03 9.976103777878926326e-01 0.000000000000000000e+00 1.137915339098771066e-04 0.000000000000000000e+00
7.250000000000000000e+02 2.899894310626183191e-02 4.779244424214838804e-03 9.951069640418752638e-01 0.000000000000000000e+00 1.137915339098771066e-04 0.000000000000000000e+00
7.500000000000000000e+02 2.999890666165017095e-02 3.641329085116067413e-03 9.962448793809740577e-01 0.000000000000000000e+00 1.137915339098771066e-04 0.000000000000000000e+00
7.750000000000000000e+02 3.099887021703850998e-02 5.120619025944469528e-03 9.947655894401457033e-01 0.000000000000000000e+00 1.137915339098771066e-04 0.000000000000000000e+00
8.000000000000000000e+02 3.199883377242684901e-02 3.868912152935821518e-03 9.960172963131542767e-01 0.000000000000000000e+00 1.137915339098771066e-04 0.000000000000000000e+00
8.250000000000000000e+02 3.299879732781518804e-02 5.120619025944469528e-03 9.948793809740554828e-01 0.000000000000000000e+00 0.000000000000000000e+00 0.000000000000000000e+00
8.500000000000000000e+02 3.399876088320352707e-02 5.917159763313609329e-03 9.938552571688666903e-01 0.000000000000000000e+00 2.275830678197542133e-04 0.000000000000000000e+00
8.750000000000000000e+02 3.499872443859186610e-02 9.330905780609922637e-03 9.904415111515703085e-01 0.000000000000000000e+00 2.275830678197542133e-04 0.000000000000000000e+00
9.000000000000000000e+02 3.599868799398020514e-02 7.282658170232134826e-03 9.926035502958580059e-01 0.000000000000000000e+00 1.137915339098771066e-04 0.000000000000000000e+00
9.250000000000000000e+02 3.699865154936854417e-02 6.599908966772872511e-03 9.932862994993172379e-01 0.000000000000000000e+00 1.137915339098771066e-04 0.000000000000000000e+00
9.500000000000000000e+02 3.799861510475688320e-02 4.324078288575329727e-03 9.955621301775148257e-01 0.000000000000000000e+00 1.137915339098771066e-04 0.000000000000000000e+00
9.750000000000000000e+02 3.899857866014522223e-02 7.282658170232134826e-03 9.922621756941283344e-01 0.000000000000000000e+00 4.551661356395084266e-04 0.000000000000000000e+00
1.000000000000000000e+03 3.999854221553356126e-02 7.510241238051888930e-03 9.920345926263085534e-01 0.000000000000000000e+00 4.551661356395084266e-04 0.000000000000000000e+00
1.025000000000000000e+03 4.099850577092190029e-02 8.989531178880291046e-03 9.910104688211197610e-01 0.000000000000000000e+00 0.000000000000000000e+00 0.000000000000000000e+00
1.050000000000000000e+03 4.199846932631023932e-02 8.192990441511151245e-03 9.914656349567592120e-01 0.000000000000000000e+00 3.413746017296313199e-04 0.000000000000000000e+00
1.075000000000000000e+03 4.299843288169857836e-02 7.396449704142011444e-03 9.924897587619481154e-01 0.000000000000000000e+00 1.137915339098771066e-04 0.000000000000000000e+00
1.100000000000000000e+03 4.399839643708691739e-02 7.282658170232134826e-03 9.924897587619481154e-01 0.000000000000000000e+00 2.275830678197542133e-04 0.000000000000000000e+00
1.125000000000000000e+03 4.499835999247525642e-02 1.058261265361857065e-02 9.887346381429221731e-01 0.000000000000000000e+00 6.827492034592626399e-04 0.000000000000000000e+00
1.150000000000000000e+03 4.599832354786359545e-02 1.137915339098771045e-02 9.882794720072826111e-01 0.000000000000000000e+00 3.413746017296313199e-04 0.000000000000000000e+00
1.175000000000000000e+03 4.699828710325193448e-02 1.251706873008648184e-02 9.869139736003641472e-01 0.000000000000000000e+00 5.689576695493854790e-04 0.000000000000000000e+00
1.200000000000000000e+03 4.799825065864027351e-02 1.399635867091488309e-02 9.854346836595356818e-01 0.000000000000000000e+00 5.689576695493854790e-04 0.000000000000000000e+00
1.225000000000000000e+03 4.899821421402861255e-02 1.263086026399635846e-02 9.869139736003641472e-01 0.000000000000000000e+00 4.551661356395084266e-04 0.000000000000000000e+00
1.250000000000000000e+03 4.999817776941695158e-02 1.991351843422849502e-02 9.788347746927628101e-01 0.000000000000000000e+00 1.251706873008648227e-03 0.000000000000000000e+00
1.275000000000000000e+03 5.099814132480529061e-02 1.319981793354574502e-02 9.854346836595356818e-01 0.000000000000000000e+00 1.365498406918525280e-03 0.000000000000000000e+00
1.300000000000000000e+03 5.199810488019362964e-02 9.786071916249430847e-03 9.898725534820209671e-01 0.000000000000000000e+00 3.413746017296313199e-04 0.000000000000000000e+00
1.325000000000000000e+03 5.299806843558196867e-02 1.513427401001365448e-02 9.842967683204369989e-01 0.000000000000000000e+00 5.689576695493854790e-04 0.000000000000000000e+00
1.350000000000000000e+03 5.399803199097030770e-02 1.900318616294947513e-02 9.804278561675011661e-01 0.000000000000000000e+00 5.689576695493854790e-04 0.000000000000000000e+00
1.375000000000000000e+03 5.499799554635864673e-02 2.628584433318160996e-02 9.723486572598998290e-01 0.000000000000000000e+00 1.365498406918525280e-03 0.000000000000000000e+00
1.400000000000000000e+03 5.599795910174698577e-02 1.843422849340009204e-02 9.807692307692307265e-01 0.000000000000000000e+00 7.965407373691396923e-04 0.000000000000000000e+00
1.425000000000000000e+03 5.699792265713532480e-02 1.968593536640873831e-02 9.790623577605825911e-01 0.000000000000000000e+00 1.251706873008648227e-03 0.000000000000000000e+00
1.450000000000000000e+03 5.799788621252366383e-02 2.218934911242603433e-02 9.762175694128356618e-01 0.000000000000000000e+00 1.593081474738279385e-03 0.000000000000000000e+00
1.475000000000000000e+03 5.899784976791200286e-02 2.753755120619025970e-02 9.707555757851615841e-01 0.000000000000000000e+00 1.706873008648156654e-03 0.000000000000000000e+00
1.500000000000000000e+03 5.999781332330034189e-02 3.436504324078288458e-02 9.642694583522986029e-01 0.000000000000000000e+00 1.365498406918525280e-03 0.000000000000000000e+00
1.525000000000000000e+03 6.099777687868868092e-02 2.787892580791988956e-02 9.710969503868912556e-01 0.000000000000000000e+00 1.024123805188893906e-03 0.000000000000000000e+00
1.550000000000000000e+03 6.199774043407701996e-02 2.992717341829767910e-02 9.691624943104233392e-01 0.000000000000000000e+00 9.103322712790168532e-04 0.000000000000000000e+00
1.575000000000000000e+03 6.299770398946535899e-02 3.777878925807919702e-02 9.604005461993627701e-01 0.000000000000000000e+00 1.820664542558033706e-03 0.000000000000000000e+00
1.600000000000000000e+03 6.399766754485369802e-02 3.152025489303595523e-02 9.671142467000455323e-01 0.000000000000000000e+00 1.365498406918525280e-03 0.000000000000000000e+00
1.625000000000000000e+03 6.499763110024203705e-02 4.016841147018661989e-02 9.581247155211651823e-01 0.000000000000000000e+00 1.706873008648156654e-03 0.000000000000000000e+00
1.650000000000000000e+03 6.599759465563037608e-02 3.880291306326809353e-02 9.592626308602639762e-01 0.000000000000000000e+00 1.934456076467910759e-03 0.000000000000000000e+00
1.675000000000000000e+03 6.699755821101871511e-02 3.743741465634956717e-02 9.600591715976330986e-01 0.000000000000000000e+00 2.503413746017296455e-03 0.000000000000000000e+00
1.700000000000000000e+03 6.799752176640705414e-02 3.527537551206190447e-02 9.630177514792899185e-01 0.000000000000000000e+00 1.706873008648156654e-03 0.000000000000000000e+00
1.725000000000000000e+03 6.899748532179539318e-02 4.176149294492489950e-02 9.563040509786071564e-01 0.000000000000000000e+00 1.934456076467910759e-03 0.000000000000000000e+00
1.750000000000000000e+03 6.999744887718373221e-02 4.915794264906690747e-02 9.481110605370960398e-01 0.000000000000000000e+00 2.730996813837050560e-03 0.000000000000000000e+00
1.775000000000000000e+03 7.099741243257207124e-02 4.858898497951752438e-02 9.482248520710059303e-01 0.000000000000000000e+00 3.186162949476558769e-03 0.000000000000000000e+00
1.800000000000000000e+03 7.199737598796041027e-02 6.030951297223486468e-02 9.360491579426490905e-01 0.000000000000000000e+00 3.641329085116067413e-03 0.000000000000000000e+00
1.825000000000000000e+03 7.299733954334874930e-02 6.508875739644970349e-02 9.319526627218934767e-01 0.000000000000000000e+00 2.958579881656804664e-03 0.000000000000000000e+00
1.850000000000000000e+03 7.399730309873708833e-02 7.089212562585343880e-02 9.233045061447427981e-01 0.000000000000000000e+00 5.803368229403732710e-03 0.000000000000000000e+00
1.875000000000000000e+03 7.499726665412542737e-02 6.713700500682749650e-02 9.275147928994083024e-01 0.000000000000000000e+00 5.348202093764223633e-03 0.000000000000000000e+00
1.900000000000000000e+03 7.599723020951376640e-02 6.474738279472007363e-02 9.302457897132453413e-01 0.000000000000000000e+00 5.006827492034592909e-03 0.000000000000000000e+00
1.925000000000000000e+03 7.699719376490210543e-02 7.601274465179790052e-02 9.180700955848885014e-01 0.000000000000000000e+00 5.917159763313609329e-03 0.000000000000000000e+00
1.950000000000000000e+03 7.799715732029044446e-02 8.614019116977697510e-02 9.076012744651797970e-01 0.000000000000000000e+00 6.258534365043240920e-03 0.000000000000000000e+00
1.975000000000000000e+03 7.899712087567878349e-02 9.217114246700044977e-02 8.998634501593081314e-01 0.000000000000000000e+00 7.965407373691398007e-03 0.000000000000000000e+00
2.000000000000000000e+03 7.999708443106712252e-02 1.016158397815202508e-01 8.874601729631315106e-01 0.000000000000000000e+00 1.092398725534820224e-02 0.000000000000000000e+00
2.025000000000000000e+03 8.099704798645546155e-02 1.144742831133363642e-01 8.723258989531178509e-01 0.000000000000000000e+00 1.319981793354574502e-02 0.000000000000000000e+00
2.050000000000000000e+03 8.199701154184380059e-02 1.183431952662721831e-01 8.698224852071005930e-01 0.000000000000000000e+00 1.183431952662721866e-02 0.000000000000000000e+00
2.075000000000000000e+03 8.299697509723213962e-02 1.422394173873463841e-01 8.426263086026399840e-01 0.000000000000000000e+00 1.513427401001365448e-02 0.000000000000000000e+00
2.100000000000000000e+03 8.399693865262047865e-02 1.275603095129722309e-01 8.567364588074647402e-01 0.000000000000000000e+00 1.570323167956303931e-02 0.000000000000000000e+00
2.125000000000000000e+03 8.499690220800881768e-02 1.379153390987710448e-01 8.427401001365498745e-01 0.000000000000000000e+00 1.934456076467910846e-02 0.000000000000000000e+00
2.150000000000000000e+03 8.599686576339715671e-02 1.552116522530723741e-01 8.223714155666818071e-01 0.000000000000000000e+00 2.241693218024579104e-02 0.000000000000000000e+00
2.175000000000000000e+03 8.699682931878549574e-02 1.541875284478834707e-01 8.213472917614929036e-01 0.000000000000000000e+00 2.446517979062357712e-02 0.000000000000000000e+00
2.200000000000000000e+03 8.799679287417383478e-02 1.519116977696859383e-01 8.178197542102867423e-01 0.000000000000000000e+00 3.026854802002730896e-02 0.000000000000000000e+00
2.225000000000000000e+03 8.899675642956217381e-02 2.001593081474738189e-01 7.604688211197087044e-01 0.000000000000000000e+00 3.937187073281747662e-02 0.000000000000000000e+00
2.250000000000000000e+03 8.999671998495051284e-02 2.100591715976331264e-01 7.406690942193900895e-01 1.137915339098771066e-04 4.915794264906690747e-02 0.000000000000000000e+00
2.275000000000000000e+03 9.099668354033885187e-02 2.102867546654528796e-01 7.248520710059171979e-01 2.275830678197542133e-04 6.463359126081019701e-02 0.000000000000000000e+00
2.300000000000000000e+03 9.199664709572719090e-02 2.274692762858443462e-01 6.896904870277651423e-01 7.965407373691396923e-04 8.204369594902138907e-02 0.000000000000000000e+00
2.325000000000000000e+03 9.299661065111552993e-02 2.636549840691852498e-01 6.364360491579426071e-01 1.137915339098770958e-03 9.877105143377332142e-02 0.000000000000000000e+00
2.350000000000000000e+03 9.399657420650386896e-02 2.828857532999544677e-01 5.941055985434683384e-01 1.024123805188893906e-03 1.219845243513882627e-01 0.000000000000000000e+00
2.375000000000000000e+03 9.499653776189220800e-02 2.894856622667273394e-01 5.595129722348657353e-01 2.048247610377787811e-03 1.489531178880291185e-01 0.000000000000000000e+00
2.400000000000000000e+03 9.599650131728054703e-02 3.150887573964497035e-01 5.167273554847519046e-01 1.479289940828402332e-03 1.667045971779699542e-01 0.000000000000000000e+00
2.425000000000000000e+03 9.699646487266888606e-02 3.246472462448793950e-01 4.743969048702776359e-01 1.820664542558033706e-03 1.991351843422849432e-01 0.000000000000000000e+00
2.450000000000000000e+03 9.799642842805722509e-02 3.312471552116522666e-01 4.489076012744651623e-01 2.958579881656804664e-03 2.168866636322257513e-01 0.000000000000000000e+00
2.475000000000000000e+03 9.899639198344556412e-02 3.270368684569868178e-01 4.214838416021847722e-01 3.641329085116067413e-03 2.478379608557123304e-01 0.000000000000000000e+00
2.500000000000000000e+03 9.999635553883390315e-02 3.412608101957214646e-01 3.862084660901228816e-01 4.324078288575329727e-03 2.682066454255803145e-01 0.000000000000000000e+00
2.525000000000000000e+03 1.009963190942222422e-01 3.631087847064178309e-01 3.511606736458807720e-01 6.372325898953117539e-03 2.793582157487483064e-01 0.000000000000000000e+00
2.550000000000000000e+03 1.019962826496105812e-01 3.631087847064178309e-01 3.305644060081929791e-01 7.055075102412380721e-03 2.992717341829768118e-01 0.000000000000000000e+00
2.575000000000000000e+03 1.029962462049989202e-01 3.681156121984524576e-01 3.200955848884842747e-01 9.103322712790167665e-03 3.026854802002730827e-01 0.000000000000000000e+00
2.600000000000000000e+03 1.039962097603872593e-01 3.755120619025944517e-01 3.091715976331361193e-01 8.079198907601274626e-03 3.072371415566682029e-01 0.000000000000000000e+00
2.625000000000000000e+03 1.049961733157755983e-01 3.879153390987710726e-01 2.938097405553026786e-01 1.217569412835685025e-02 3.060992262175694090e-01 0.000000000000000000e+00
2.650000000000000000e+03 1.059961368711639373e-01 3.834774692762858428e-01 2.905097860719162428e-01 1.194811106053709528e-02 3.140646335912608000e-01 0.000000000000000000e+00
2.675000000000000000e+03 1.069961004265522764e-01 4.005461993627674189e-01 2.737824305871643382e-01 1.479289940828402289e-02 3.108784706417842547e-01 0.000000000000000000e+00
2.700000000000000000e+03 1.079960639819406154e-01 4.002048247610378029e-01 2.677514792899408080e-01 1.741010468821119553e-02 3.146335912608101970e-01 0.000000000000000000e+00
2.725000000000000000e+03 1.089960275373289544e-01 4.017979062357760478e-01 2.542102867546654488e-01 1.786527082385070547e-02 3.261265361857078049e-01 0.000000000000000000e+00
2.750000000000000000e+03 1.099959910927172935e-01 4.085116067364588099e-01 2.454483386436049075e-01 2.173418297678652786e-02 3.243058716431497235e-01 0.000000000000000000e+00
2.775000000000000000e+03 1.109959546481056325e-01 4.121529358215748617e-01 2.432862994993172379e-01 2.708238507055074976e-02 3.174783796085571264e-01 0.000000000000000000e+00
2.800000000000000000e+03 1.119959182034939715e-01 4.102184797451069453e-01 2.320209376422394110e-01 3.277196176604460498e-02 3.249886208466090110e-01 0.000000000000000000e+00
2.825000000000000000e+03 1.129958817588823106e-01 4.128356850250341492e-01 2.259899863450159363e-01 3.538916704597178109e-02 3.257851615839781334e-01 0.000000000000000000e+00
2.850000000000000000e+03 1.139958453142706496e-01 4.321802457897132577e-01 2.195038689121529274e-01 3.664087391898043083e-02 3.116750113791533772e-01 0.000000000000000000e+00
2.875000000000000000e+03 1.149958088696589886e-01 4.226217569412835662e-01 2.151797906235776159e-01 4.267182521620391245e-02 3.195266272189349332e-01 0.000000000000000000e+00
2.900000000000000000e+03 1.159957724250473277e-01 4.218252162039144437e-01 2.140418752844788219e-01 4.267182521620391245e-02 3.214610832954028496e-01 0.000000000000000000e+00
2.925000000000000000e+03 1.169957359804356667e-01 4.313837050523440797e-01 2.017523896222121194e-01 4.995448338643605074e-02 3.169094219390077294e-01 0.000000000000000000e+00
2.950000000000000000e+03 1.179956995358240057e-01 4.355939918070095840e-01 1.973145197997268896e-01 5.188893946290396020e-02 3.152025489303595940e-01 0.000000000000000000e+00
2.975000000000000000e+03 1.189956630912123448e-01 4.334319526627218866e-01 1.849112426035502965e-01 4.881656804733727761e-02 3.328402366863905115e-01 0.000000000000000000e+00
3.000000000000000000e+03 1.199956266466006838e-01 4.302457897132453413e-01 1.766044606281292617e-01 5.245789713245334329e-02 3.406918525261720676e-01 0.000000000000000000e+00
3.025000000000000000e+03 1.209955902019890228e-01 4.396904870277651423e-01 1.556668183887118806e-01 5.279927173418298009e-02 3.518434228493400040e-01 0.000000000000000000e+00
3.050000000000000000e+03 1.219955537573773618e-01 4.409421939007737712e-01 1.453117888029130667e-01 5.553026854802002588e-02 3.582157487482931502e-01 0.000000000000000000e+00
3.075000000000000000e+03 1.229955173127657009e-01 4.373008648156577194e-01 1.313154301319981732e-01 5.746472462448793533e-02 3.739189804278561513e-01 0.000000000000000000e+00
3.100000000000000000e+03 1.239954808681540399e-01 4.386663632225762388e-01 1.275603095129722309e-01 5.928538916704597511e-02 3.744879380974055483e-01 0.000000000000000000e+00
3.125000000000000000e+03 1.249954444235423789e-01 4.326354119253527641e-01 1.203914428766499761e-01 7.203004096495220498e-02 3.749431042330450548e-01 0.000000000000000000e+00
3.150000000000000000e+03 1.259954079789307180e-01 4.230769230769230727e-01 1.162949476558944040e-01 8.261265361857077216e-02 3.780154756486117651e-01 0.000000000000000000e+00
3.175000000000000000e+03 1.269953715343190570e-01 4.227355484751934567e-01 1.078743741465634925e-01 7.828857532999544677e-02 3.911015020482476179e-01 0.000000000000000000e+00
3.200000000000000000e+03 1.279953350897073960e-01 4.236458807464724696e-01 9.512972234865725574e-02 8.431952662721893532e-02 3.969048702776513671e-01 0.000000000000000000e+00
3.225000000000000000e+03 1.289952986450957351e-01 4.316112881201638607e-01 8.796085571233500100e-02 8.727810650887574129e-02 3.931497496586254248e-01 0.000000000000000000e+00
3.250000000000000000e+03 1.299952622004840741e-01 4.347974510696404060e-01 8.215748748293126569e-02 9.274010013654984674e-02 3.903049613108784954e-01 0.000000000000000000e+00
3.275000000000000000e+03 1.309952257558724131e-01 4.483386436049158208e-01 7.441966317705962786e-02 9.444697314519799602e-02 3.827947200728265553e-01 0.000000000000000000e+00
3.300000000000000000e+03 1.319951893112607522e-01 4.266044606281292895e-01 7.692307692307692735e-02 1.017296313154301274e-01 3.947428311333636697e-01 0.000000000000000000e+00
3.325000000000000000e+03 1.329951528666490912e-01 4.279699590350478089e-01 7.760582612653618706e-02 1.054847519344560697e-01 3.889394629039599205e-01 0.000000000000000000e+00
3.350000000000000000e+03 1.339951164220374302e-01 4.551661356395084179e-01 6.747837960855712636e-02 1.091260810195721492e-01 3.682294037323622926e-01 0.000000000000000000e+00
3.375000000000000000e+03 1.349950799774257693e-01 4.523213472917614886e-01 7.100591715976331542e-02 1.176604460628129234e-01 3.590122894856622726e-01 0.000000000000000000e+00
3.400000000000000000e+03 1.359950435328141083e-01 4.556213017751479244e-01 7.157487482931269851e-02 1.208466090122894826e-01 3.519572143832498945e-01 0.000000000000000000e+00
3.425000000000000000e+03 1.369950070882024473e-01 4.596040054619936477e-01 7.271279016841146470e-02 1.292671825216203940e-01 3.384160218479745352e-01 0.000000000000000000e+00
3.450000000000000000e+03 1.379949706435907864e-01 4.756486117432863203e-01 7.305416477014110843e-02 1.355257168866636219e-01 3.157715065999089910e-01 0.000000000000000000e+00
3.475000000000000000e+03 1.389949341989791254e-01 4.770141101502048397e-01 7.100591715976331542e-02 1.466772872098315861e-01 3.053026854802002865e-01 0.000000000000000000e+00
3.500000000000000000e+03 1.399948977543674644e-01 4.782658170232134687e-01 6.747837960855712636e-02 1.445152480655439164e-01 3.097405553026854608e-01 0.000000000000000000e+00
3.525000000000000000e+03 1.409948613097558034e-01 4.809968138370505075e-01 6.656804733727811341e-02 1.512289485662266786e-01 3.012061902594446727e-01 0.000000000000000000e+00
3.550000000000000000e+03 1.419948248651441425e-01 4.846381429221666148e-01 6.224396904870277414e-02 1.539599453800637174e-01 2.991579426490669213e-01 0.000000000000000000e+00
3.575000000000000000e+03 1.429947884205324815e-01 4.836140191169777114e-01 6.474738279472007363e-02 1.639736003641329154e-01 2.876649977241693135e-01 0.000000000000000000e+00
3.600000000000000000e+03 1.439947519759208205e-01 4.690487027765134487e-01 6.668183887118799003e-02 1.697769685935366368e-01 2.944924897587619661e-01 0.000000000000000000e+00
3.625000000000000000e+03 1.449947155313091596e-01 4.807692307692307820e-01 6.110605370960400795e-02 1.688666363222576239e-01 2.892580791989076139e-01 0.000000000000000000e+00
3.650000000000000000e+03 1.459946790866974986e-01 4.817933545744196855e-01 6.406463359126081392e-02 1.747837960855712358e-01 2.793582157487483064e-01 0.000000000000000000e+00
3.675000000000000000e+03 1.469946426420858376e-01 4.890760127446517891e-01 6.736458807464724974e-02 1.759217114246700020e-01 2.676376877560309731e-01 0.000000000000000000e+00
3.700000000000000000e+03 1.479946061974741767e-01 4.887346381429221731e-01 6.338188438780155420e-02 1.837733272644515303e-01 2.641101502048247562e-01 0.000000000000000000e+00
3.725000000000000000e+03 1.489945697528625157e-01 4.927173418297678409e-01 6.486117432862995025e-02 1.852526172052799402e-01 2.571688666363222686e-01 0.000000000000000000e+00
3.750000000000000000e+03 1.499945333082508547e-01 5.042102867546655043e-01 6.599908966772871644e-02 1.958352298588985074e-01 2.339553937187073274e-01 0.000000000000000000e+00
3.775000000000000000e+03 1.509944968636391938e-01 5.064861174328629811e-01 6.315430131998178709e-02 2.006144742831133254e-01 2.297451069640418786e-01 0.000000000000000000e+00
3.800000000000000000e+03 1.519944604190275328e-01 5.151342740100136597e-01 6.599908966772871644e-02 2.042558033682294050e-01 2.146108329540282189e-01 0.000000000000000000e+00
3.825000000000000000e+03 1.529944239744158718e-01 5.171825216203914666e-01 6.508875739644970349e-02 2.132453345471096995e-01 2.044833864360491582e-01 0.000000000000000000e+00
3.850000000000000000e+03 1.539943875298042109e-01 5.109239872553481554e-01 6.986800182066454923e-02 2.221210741920801035e-01 1.970869367319071364e-01 0.000000000000000000e+00
3.875000000000000000e+03 1.549943510851925499e-01 5.212790168411469693e-01 6.986800182066454923e-02 2.286071916249431124e-01 1.802457897132453413e-01 0.000000000000000000e+00
3.900000000000000000e+03 1.559943146405808889e-01 5.322030040964952358e-01 7.271279016841146470e-02 2.276968593536640995e-01 1.673873463814292140e-01 0.000000000000000000e+00
3.925000000000000000e+03 1.569942781959692280e-01 5.197997269003186149e-01 7.612653618570777714e-02 2.274692762858443462e-01 1.766044606281292617e-01 0.000000000000000000e+00
3.950000000000000000e+03 1.579942417513575670e-01 5.319754210286754548e-01 7.316795630405098505e-02 2.321347291761493015e-01 1.627218934911242587e-01 0.000000000000000000e+00
3.975000000000000000e+03 1.589942053067459060e-01 5.268548020027310486e-01 7.760582612653618706e-02 2.413518434228493492e-01 1.541875284478834707e-01 0.000000000000000000e+00
4.000000000000000000e+03 1.599941688621342450e-01 5.344788347746927126e-01 7.589895311788802390e-02 2.364588074647246130e-01 1.531634046426945950e-01 0.000000000000000000e+00
4.025000000000000000e+03 1.609941324175225841e-01 5.296995903504779779e-01 7.464724624487938109e-02 2.322485207100591642e-01 1.634046426945835184e-01 0.000000000000000000e+00
4.050000000000000000e+03 1.619940959729109231e-01 5.283340919435594030e-01 7.646791078743742087e-02 2.323623122439690547e-01 1.628356850250341492e-01 0.000000000000000000e+00
4.075000000000000000e+03 1.629940595282992621e-01 5.285616750113791840e-01 8.124715521165225274e-02 2.358898497951752438e-01 1.543013199817933612e-01 0.000000000000000000e+00
4.100000000000000000e+03 1.639940230836876012e-01 5.400546199362767918e-01 7.601274465179790052e-02 2.426035502958579781e-01 1.413290851160673711e-01 0.000000000000000000e+00
4.125000000000000000e+03 1.649939866390759402e-01 5.362994993172508496e-01 7.965407373691398007e-02 2.412380518889394587e-01 1.428083750568957533e-01 0.000000000000000000e+00
4.150000000000000000e+03 1.659939501944642792e-01 5.440373236231224041e-01 8.022303140646336317e-02 2.460172963131543045e-01 1.297223486572599005e-01 0.000000000000000000e+00
4.175000000000000000e+03 1.669939137498526183e-01 5.488165680473372499e-01 8.295402822030041590e-02 2.500000000000000000e-01 1.182294037323623065e-01 0.000000000000000000e+00
4.200000000000000000e+03 1.679938773052409573e-01 5.532544378698225351e-01 8.272644515248064878e-02 2.495448338643604935e-01 1.144742831133363642e-01 0.000000000000000000e+00
4.225000000000000000e+03 1.689938408606292963e-01 5.565543923532089154e-01 8.579881656804733137e-02 2.536413290851160518e-01 1.040054619936276736e-01 0.000000000000000000e+00
4.250000000000000000e+03 1.699938044160176354e-01 5.592853891670459543e-01 9.182976786527081992e-02 2.496586253982703563e-01 9.922621756941284177e-02 0.000000000000000000e+00
4.275000000000000000e+03 1.709937679714059744e-01 5.600819299044150767e-01 8.852981338188438409e-02 2.481793354574419741e-01 1.032089212562585373e-01 0.000000000000000000e+00
4.300000000000000000e+03 1.719937315267943134e-01 5.692990441511152078e-01 8.966772872098316416e-02 2.523896222121074229e-01 8.864360491579426071e-02 0.000000000000000000e+00
4.325000000000000000e+03 1.729936950821826525e-01 5.689576695493855363e-01 9.228493400091032639e-02 2.536413290851160518e-01 8.511606736458807165e-02 0.000000000000000000e+00
4.350000000000000000e+03 1.739936586375709915e-01 5.696404187528447682e-01 9.444697314519799602e-02 2.548930359581247362e-01 8.101957214383249950e-02 0.000000000000000000e+00
4.375000000000000000e+03 1.749936221929593305e-01 5.573509330905780379e-01 9.842967683204369156e-02 2.587619481110605135e-01 8.545744196631770151e-02 0.000000000000000000e+00
4.400000000000000000e+03 1.759935857483476696e-01 5.674783796085570708e-01 9.808830223031406170e-02 2.606964041875284299e-01 7.373691397360036814e-02 0.000000000000000000e+00
4.425000000000000000e+03 1.769935493037360086e-01 5.664542558033682784e-01 9.956759217114247162e-02 2.652480655439235502e-01 6.873008648156576916e-02 0.000000000000000000e+00
4.450000000000000000e+03 1.779935128591243476e-01 5.579198907601274904e-01 1.026399635867091542e-01 2.658170232134728916e-01 7.362312243969049153e-02 0.000000000000000000e+00
4.475000000000000000e+03 1.789934764145126866e-01 5.672507965407374009e-01 1.022985889849795244e-01 2.594446973145198010e-01 7.100591715976331542e-02 0.000000000000000000e+00
4.500000000000000000e+03 1.799934399699010257e-01 5.626991351843423361e-01 1.063950842057350965e-01 2.618343195266272239e-01 6.907146108329539902e-02 0.000000000000000000e+00
4.525000000000000000e+03 1.809934035252893647e-01 5.599681383705051863e-01 1.103777878925807920e-01 2.606964041875284299e-01 6.895766954938552240e-02 0.000000000000000000e+00
4.550000000000000000e+03 1.819933670806777037e-01 5.571233500227582569e-01 1.132225762403277214e-01 2.568274920345926526e-01 7.282658170232134132e-02 0.000000000000000000e+00
4.575000000000000000e+03 1.829933306360660428e-01 5.644060081929904715e-01 1.131087847064178448e-01 2.544378698224852298e-01 6.804733727810650945e-02 0.000000000000000000e+00
4.600000000000000000e+03 1.839932941914543818e-01 5.705507510241237812e-01 1.120846609012289552e-01 2.569412835685024876e-01 6.042330450614474130e-02 0.000000000000000000e+00
4.625000000000000000e+03 1.849932577468427208e-01 5.779472007282657753e-01 1.169776968593536637e-01 2.528447883477469293e-01 5.223031406463359005e-02 0.000000000000000000e+00
4.650000000000000000e+03 1.859932213022310599e-01 5.607646791078744197e-01 1.227810650887573990e-01 2.598998634501593075e-01 5.655439235320892238e-02 0.000000000000000000e+00
4.675000000000000000e+03 1.869931848576193989e-01 5.579198907601274904e-01 1.291533909877105035e-01 2.653618570778333852e-01 4.756486117432862787e-02 0.000000000000000000e+00
4.700000000000000000e+03 1.879931484130077379e-01 5.603095129722348577e-01 1.313154301319981732e-01 2.576240327719617751e-01 5.075102412380518707e-02 0.000000000000000000e+00
4.725000000000000000e+03 1.889931119683960770e-01 5.587164314974966128e-01 1.379153390987710448e-01 2.597860719162494170e-01 4.358215748748293233e-02 0.000000000000000000e+00
4.750000000000000000e+03 1.899930755237844160e-01 5.592853891670459543e-01 1.401911697769686049e-01 2.564861174328629811e-01 4.403732362312243881e-02 0.000000000000000000e+00
4.775000000000000000e+03 1.909930390791727550e-01 5.604233045061447482e-01 1.416704597177969871e-01 2.534137460172963263e-01 4.449248975876194528e-02 0.000000000000000000e+00
4.800000000000000000e+03 1.919930026345610941e-01 5.562130177514792440e-01 1.439462903959945472e-01 2.559171597633135842e-01 4.392353208921256219e-02 0.000000000000000000e+00
4.825000000000000000e+03 1.929929661899494331e-01 5.632680928538916776e-01 1.466772872098315861e-01 2.520482476103778069e-01 3.800637232589895026e-02 0.000000000000000000e+00
4.850000000000000000e+03 1.939929297453377721e-01 5.648611743286299225e-01 1.528220300409649512e-01 2.434000910332271284e-01 3.891670459717797015e-02 0.000000000000000000e+00
4.875000000000000000e+03 1.949928933007261111e-01 5.647473827947200320e-01 1.538461538461538547e-01 2.430587164314974846e-01 3.834774692762858705e-02 0.000000000000000000e+00
4.900000000000000000e+03 1.959928568561144502e-01 5.566681838871188059e-01 1.557806099226217433e-01 2.477241693218024676e-01 3.982703686845699004e-02 0.000000000000000000e+00
4.925000000000000000e+03 1.969928204115027892e-01 5.572371415566681474e-01 1.610150204824760956e-01 2.439690487027765253e-01 3.777878925807919702e-02 0.000000000000000000e+00
4.950000000000000000e+03 1.979927839668911282e-01 5.555302685480200120e-01 1.709148839326354030e-01 2.382794720072826666e-01 3.527537551206190447e-02 0.000000000000000000e+00
4.975000000000000000e+03 1.989927475222794673e-01 5.608784706417841992e-01 1.739872553482020856e-01 2.321347291761493015e-01 3.299954483386435822e-02 0.000000000000000000e+00
5.000000000000000000e+03 1.999927110776678063e-01 5.628129267182521156e-01 1.741010468821119761e-01 2.320209376422394110e-01 3.106508875739644876e-02 0.000000000000000000e+00
5.025000000000000000e+03 2.009926746330561453e-01 5.637232589895311285e-01 1.781975421028675344e-01 2.332726445152480677e-01 2.480655439235321044e-02 0.000000000000000000e+00
5.050000000000000000e+03 2.019926381884444844e-01 5.573509330905780379e-01 1.838871187983613931e-01 2.312243969048702885e-01 2.753755120619025970e-02 0.000000000000000000e+00
5.075000000000000000e+03 2.029926017438328234e-01 5.679335457441966328e-01 1.847974510696404060e-01 2.218934911242603503e-01 2.537551206190259354e-02 0.000000000000000000e+00
5.100000000000000000e+03 2.039925652992211624e-01 5.621301775147928836e-01 1.894629039599453890e-01 2.236003641329085134e-01 2.480655439235321044e-02 0.000000000000000000e+00
5.125000000000000000e+03 2.049925288546095015e-01 5.694128356850249872e-01 1.866181156121984597e-01 2.229176149294492537e-01 2.105143377332726468e-02 0.000000000000000000e+00
5.150000000000000000e+03 2.059924924099978405e-01 5.634956759217114586e-01 1.928766499772416876e-01 2.201866181156121871e-01 2.344105598543468408e-02 0.000000000000000000e+00
5.175000000000000000e+03 2.069924559653861795e-01 5.549613108784706705e-01 1.928766499772416876e-01 2.216659080564405970e-01 3.049613108784706567e-02 0.000000000000000000e+00
5.200000000000000000e+03 2.079924195207745186e-01 5.654301319981793750e-01 1.911697769685935244e-01 2.172280382339553950e-01 2.617205279927173334e-02 0.000000000000000000e+00
5.225000000000000000e+03 2.089923830761628576e-01 5.563268092853891345e-01 1.959490213928083702e-01 2.185935366408739144e-01 2.913063268092853930e-02 0.000000000000000000e+00
5.250000000000000000e+03 2.099923466315511966e-01 5.534820209376422051e-01 1.965179790623577671e-01 2.217796995903504875e-01 2.822030040964952288e-02 0.000000000000000000e+00
5.275000000000000000e+03 2.109923101869395357e-01 5.567819754210286964e-01 1.986800182066454368e-01 2.189349112426035582e-01 2.560309512972235024e-02 0.000000000000000000e+00
5.300000000000000000e+03 2.119922737423278747e-01 5.547337278106508895e-01 2.012972234865725851e-01 2.185935366408739144e-01 2.537551206190259354e-02 0.000000000000000000e+00
5.325000000000000000e+03 2.129922372977162137e-01 5.611060537096039802e-01 1.999317250796540657e-01 2.144970414201183562e-01 2.446517979062357712e-02 0.000000000000000000e+00
5.350000000000000000e+03 2.139922008531045527e-01 5.505234410559853853e-01 2.031178880291306388e-01 2.176832043695949015e-01 2.867546654528902936e-02 0.000000000000000000e+00
5.375000000000000000e+03 2.149921644084928918e-01 5.554164770141101215e-01 2.032316795630405015e-01 2.137005006827492060e-01 2.765134274010013632e-02 0.000000000000000000e+00
5.400000000000000000e+03 2.159921279638812308e-01 5.579198907601274904e-01 2.034592626308602548e-01 2.117660446062812896e-01 2.685480200273099652e-02 0.000000000000000000e+00
5.425000000000000000e+03 2.169920915192695698e-01 5.639508420573509095e-01 2.016385980883022289e-01 2.078971324533454845e-01 2.651342740100136666e-02 0.000000000000000000e+00
5.450000000000000000e+03 2.179920550746579089e-01 5.674783796085570708e-01 2.010696404187528319e-01 2.028903049613108855e-01 2.856167501137915274e-02 0.000000000000000000e+00
5.475000000000000000e+03 2.189920186300462479e-01 5.708921256258534527e-01 2.011834319526627224e-01 2.000455166135639562e-01 2.787892580791988956e-02 0.000000000000000000e+00
5.500000000000000000e+03 2.199919821854345869e-01 5.773782430587164338e-01 2.027765134274009950e-01 1.916249431042330587e-01 2.822030040964952288e-02 0.000000000000000000e+00
5.525000000000000000e+03 2.209919457408229260e-01 5.712335002275830131e-01 2.064178425125170746e-01 1.946973145197997135e-01 2.765134274010013632e-02 0.000000000000000000e+00
5.550000000000000000e+03 2.219919092962112650e-01 5.740782885753299425e-01 2.082385070550751005e-01 1.919663177059626746e-01 2.571688666363222686e-02 0.000000000000000000e+00
5.575000000000000000e+03 2.229918728515996040e-01 5.690714610832954268e-01 2.080109239872553473e-01 1.948111060537096040e-01 2.810650887573964626e-02 0.000000000000000000e+00
5.600000000000000000e+03 2.239918364069879431e-01 5.730541647701411501e-01 2.100591715976331264e-01 1.892353208921256358e-01 2.765134274010013632e-02 0.000000000000000000e+00
5.625000000000000000e+03 2.249917999623762821e-01 5.698680018206645492e-01 2.132453345471096995e-01 1.925352753755120716e-01 2.435138825671370050e-02 0.000000000000000000e+00
5.650000000000000000e+03 2.259917635177646211e-01 5.773782430587164338e-01 2.078971324533454845e-01 1.916249431042330587e-01 2.309968138370505075e-02 0.000000000000000000e+00
5.675000000000000000e+03 2.269917270731529602e-01 5.819299044151114986e-01 2.035730541647701453e-01 1.915111515703231682e-01 2.298588984979517413e-02 0.000000000000000000e+00
