# itime ezz other fcc hcp bcc ico
0.000000000000000000e+00 0.000000000000000000e+00 1.934456076467910759e-03 9.980655439235320836e-01 0.000000000000000000e+00 0.000000000000000000e+00 0.000000000000000000e+00
2.500000000000000000e+02 9.999959638653299621e-03 2.503413746017296455e-03 9.974965862539827421e-01 0.000000000000000000e+00 0.000000000000000000e+00 0.000000000000000000e+00
5.000000000000000000e+02 1.999991927730659924e-02 1.706873008648156654e-03 9.981793354574419741e-01 0.000000000000000000e+00 1.137915339098771066e-04 0.000000000000000000e+00
7.500000000000000000e+02 2.999987891596012091e-02 3.641329085116067413e-03 9.962448793809740577e-01 0.000000000000000000e+00 1.137915339098771066e-04 0.000000000000000000e+00
1.000000000000000000e+03 3.999983855461342053e-02 7.510241238051888930e-03 9.920345926263085534e-01 0.000000000000000000e+00 4.551661356395084266e-04 0.000000000000000000e+00
1.250000000000000000e+03 4.999979819326672015e-02 1.991351843422849502e-02 9.788347746927628101e-01 0.000000000000000000e+00 1.251706873008648227e-03 0.000000000000000000e+00
1.500000000000000000e+03 5.999975783192001977e-02 3.436504324078288458e-02 9.642694583522986029e-01 0.000000000000000000e+00 1.365498406918525280e-03 0.000000000000000000e+00
1.750000000000000000e+03 6.999971747057354143e-02 4.915794264906690747e-02 9.481110605370960398e-01 0.000000000000000000e+00 2.730996813837050560e-03 0.000000000000000000e+00
2.000000000000000000e+03 7.999967710922684105e-02 1.016158397815202508e-01 8.874601729631315106e-01 0.000000000000000000e+00 1.092398725534820224e-02 0.000000000000000000e+00
2.250000000000000000e+03 8.999963674788014067e-02 2.100591715976331264e-01 7.406690942193900895e-01 1.137915339098771066e-04 4.915794264906690747e-02 0.000000000000000000e+00
2.500000000000000000e+03 9.999959638653344030e-02 3.412608101957214646e-01 3.862084660901228816e-01 4.324078288575329727e-03 2.682066454255803145e-01 0.000000000000000000e+00
2.750000000000000000e+03 1.099995560251869620e-01 4.085116067364588099e-01 2.454483386436049075e-01 2.173418297678652786e-02 3.243058716431497235e-01 0.000000000000000000e+00
3.000000000000000000e+03 1.199995156638402616e-01 4.302457897132453413e-01 1.766044606281292617e-01 5.245789713245334329e-02 3.406918525261720676e-01 0.000000000000000000e+00
3.250000000000000000e+03 1.299994753024935612e-01 4.347974510696404060e-01 8.215748748293126569e-02 9.274010013654984674e-02 3.903049613108784954e-01 0.000000000000000000e+00
3.500000000000000000e+03 1.399994349411468608e-01 4.782658170232134687e-01 6.747837960855712636e-02 1.445152480655439164e-01 3.097405553026854608e-01 0.000000000000000000e+00
3.750000000000000000e+03 1.499993945798001604e-01 5.042102867546655043e-01 6.599908966772871644e-02 1.958352298588985074e-01 2.339553937187073274e-01 0.000000000000000000e+00
4.000000000000000000e+03 1.599993542184536821e-01 5.344788347746927126e-01 7.589895311788802390e-02 2.364588074647246130e-01 1.531634046426945950e-01 0.000000000000000000e+00
4.250000000000000000e+03 1.699993138571069817e-01 5.592853891670459543e-01 9.182976786527081992e-02 2.496586253982703563e-01 9.922621756941284177e-02 0.000000000000000000e+00
4.500000000000000000e+03 1.799992734957602813e-01 5.626991351843423361e-01 1.063950842057350965e-01 2.618343195266272239e-01 6.907146108329539902e-02 0.000000000000000000e+00
4.750000000000000000e+03 1.899992331344135810e-01 5.592853891670459543e-01 1.401911697769686049e-01 2.564861174328629811e-01 4.403732362312243881e-02 0.000000000000000000e+00
5.000000000000000000e+03 1.999991927730671026e-01 5.628129267182521156e-01 1.741010468821119761e-01 2.320209376422394110e-01 3.106508875739644876e-02 0.000000000000000000e+00
5.250000000000000000e+03 2.099991524117204023e-01 5.534820209376422051e-01 1.965179790623577671e-01 2.217796995903504875e-01 2.822030040964952288e-02 0.000000000000000000e+00
5.500000000000000000e+03 2.199991120503737019e-01 5.773782430587164338e-01 2.027765134274009950e-01 1.916249431042330587e-01 2.822030040964952288e-02 0.000000000000000000e+00
5.750000000000000000e+03 2.299990716890270015e-01 5.747610377787892855e-01 2.035730541647701453e-01 1.949248975876194945e-01 2.674101046882111990e-02 0.000000000000000000e+00
6.000000000000000000e+03 2.399990313276805232e-01 5.713472917614929036e-01 2.131315430131998090e-01 1.885525716886663761e-01 2.696859353664087314e-02 0.000000000000000000e+00
6.250000000000000000e+03 2.499989909663338228e-01 5.690714610832954268e-01 2.355484751934456000e-01 1.657942649066909413e-01 2.958579881656804578e-02 0.000000000000000000e+00
6.500000000000000000e+03 2.599989506049871224e-01 5.670232134729176199e-01 2.530723714155666548e-01 1.404187528447883582e-01 3.937187073281747662e-02 1.137915339098771066e-04
6.750000000000000000e+03 2.699989102436404220e-01 5.559854346836595740e-01 2.666135639508420696e-01 1.333636777423759801e-01 4.403732362312243881e-02 0.000000000000000000e+00
7.000000000000000000e+03 2.799988698822939437e-01 5.628129267182521156e-01 2.511379153390987939e-01 1.341602184797451025e-01 5.177514792899408358e-02 1.137915339098771066e-04
7.250000000000000000e+03 2.899988295209472433e-01 5.640646335912608000e-01 2.397587619481110488e-01 1.405325443786982209e-01 5.553026854802002588e-02 1.137915339098771066e-04
7.500000000000000000e+03 2.999987891596005429e-01 5.590578060992261733e-01 2.328174783796085612e-01 1.436049157942649035e-01 6.451979972690032039e-02 0.000000000000000000e+00
7.750000000000000000e+03 3.099987487982538426e-01 5.621301775147928836e-01 2.133591260810195622e-01 1.566909421939007840e-01 6.781975421028675621e-02 0.000000000000000000e+00
8.000000000000000000e+03 3.199987084369071422e-01 5.650887573964497035e-01 2.031178880291306388e-01 1.677287209831588577e-01 6.406463359126081392e-02 0.000000000000000000e+00
8.250000000000000000e+03 3.299986680755606638e-01 5.737369139736003820e-01 1.931042330450614408e-01 1.764906690942193990e-01 5.666818388711879900e-02 0.000000000000000000e+00
8.500000000000000000e+03 3.399986277142139635e-01 5.810195721438324856e-01 1.799044151115156975e-01 1.817250796540737234e-01 5.735093309057805872e-02 0.000000000000000000e+00
8.750000000000000000e+03 3.499985873528672631e-01 5.959262630860263643e-01 1.682976786527082269e-01 1.876422394173873354e-01 4.802002730996814128e-02 1.137915339098771066e-04
9.000000000000000000e+03 3.599985469915205627e-01 6.173190714610833352e-01 1.514565316340464318e-01 1.884387801547564856e-01 4.278561675011378906e-02 0.000000000000000000e+00
9.250000000000000000e+03 3.699985066301738623e-01 6.219845243513882904e-01 1.486117432862995025e-01 1.915111515703231682e-01 3.777878925807919702e-02 1.137915339098771066e-04
9.500000000000000000e+03 3.799984662688276060e-01 6.314292216659080914e-01 1.349567592171142527e-01 2.015248065543923661e-01 3.208921256258534527e-02 0.000000000000000000e+00
9.750000000000000000e+03 3.899984259074804616e-01 6.362084660901229372e-01 1.289258079198907503e-01 2.047109695038689114e-01 3.004096495220755572e-02 1.137915339098771066e-04
1.000000000000000000e+04 3.999983855461342053e-01 6.497496586253982409e-01 1.195949021392808398e-01 2.108557123350022766e-01 1.979972690031861493e-02 0.000000000000000000e+00
1.025000000000000000e+04 4.099983451847872828e-01 6.656804733727810230e-01 1.075329995448338627e-01 2.089212562585343602e-01 1.786527082385070547e-02 0.000000000000000000e+00
1.050000000000000000e+04 4.199983048234408045e-01 6.808147473827946827e-01 1.022985889849795244e-01 2.009558488848429691e-01 1.593081474738279601e-02 0.000000000000000000e+00
1.075000000000000000e+04 4.299982644620938821e-01 6.997041420118342847e-01 9.512972234865725574e-02 1.904870277651342647e-01 1.467910787437414627e-02 0.000000000000000000e+00
1.100000000000000000e+04 4.399982241007476258e-01 7.067592171142467183e-01 8.978152025489304078e-02 1.880974055530268418e-01 1.536185707783340945e-02 0.000000000000000000e+00
1.125000000000000000e+04 4.499981837394007034e-01 7.265589440145653333e-01 7.942649066909421296e-02 1.826354119253527641e-01 1.103777878925807886e-02 3.413746017296313199e-04
1.150000000000000000e+04 4.599981433780542250e-01 7.328174783796085334e-01 7.555757851615839404e-02 1.777423759672280279e-01 1.365498406918525323e-02 2.275830678197542133e-04
1.175000000000000000e+04 4.699981030167073026e-01 7.486345015930814251e-01 7.020937642239417908e-02 1.655666818388711881e-01 1.547564861174328607e-02 1.137915339098771066e-04
1.200000000000000000e+04 4.799980626553610463e-01 7.728720983158853253e-01 6.599908966772871644e-02 1.475876194811105990e-01 1.354119253527537488e-02 0.000000000000000000e+00
1.225000000000000000e+04 4.899980222940141239e-01 7.785616750113791840e-01 6.838871187983613931e-02 1.399635867091488517e-01 1.308602639963586667e-02 0.000000000000000000e+00
1.250000000000000000e+04 4.999979819326676456e-01 7.972234865725990050e-01 6.907146108329539902e-02 1.225534820209376458e-01 1.103777878925807886e-02 1.137915339098771066e-04
1.275000000000000000e+04 5.099979415713207231e-01 8.079198907601274904e-01 7.055075102412380894e-02 1.123122439690487084e-01 9.103322712790167665e-03 1.137915339098771066e-04
1.300000000000000000e+04 5.199979012099744669e-01 8.109922621756940897e-01 6.850250341374601593e-02 1.084433318161128756e-01 1.206190259444697363e-02 0.000000000000000000e+00
1.325000000000000000e+04 5.299978608486275444e-01 8.297678652708238012e-01 5.962676376877560497e-02 9.956759217114247162e-02 1.092398725534820224e-02 1.137915339098771066e-04
1.350000000000000000e+04 5.399978204872810661e-01 8.328402366863905115e-01 5.780609922621757213e-02 9.934000910332271839e-02 9.786071916249430847e-03 2.275830678197542133e-04
1.375000000000000000e+04 5.499977801259341437e-01 8.482020937642239522e-01 5.325443786982248656e-02 8.670914883932635819e-02 1.149294492489758707e-02 3.413746017296313199e-04
1.400000000000000000e+04 5.599977397645878874e-01 8.604915794264906825e-01 5.109239872553481693e-02 7.908511606736458310e-02 8.989531178880291046e-03 3.413746017296313199e-04
1.425000000000000000e+04 5.699976994032409650e-01 8.612881201638598050e-01 5.234410559854346667e-02 7.771961766044606368e-02 8.648156577150659455e-03 0.000000000000000000e+00
1.450000000000000000e+04 5.799976590418944866e-01 8.773327264451524776e-01 4.415111515703231543e-02 6.918525261720527564e-02 8.989531178880291046e-03 3.413746017296313199e-04
1.475000000000000000e+04 5.899976186805475642e-01 8.827947200728265553e-01 4.369594902139280895e-02 6.474738279472007363e-02 8.420573509330906217e-03 3.413746017296313199e-04
1.500000000000000000e+04 5.999975783192013079e-01 8.897360036413290985e-01 3.982703686845699004e-02 6.087847064178425471e-02 9.444697314519799256e-03 1.137915339098771066e-04
1.525000000000000000e+04 6.099975379578543855e-01 8.921256258534364658e-01 4.153390987710514626e-02 5.826126536185707860e-02 7.737824305871643035e-03 3.413746017296313199e-04
1.550000000000000000e+04 6.199974975965079071e-01 9.035047792444241832e-01 3.800637232589895026e-02 5.166135639508420696e-02 6.486117432862995025e-03 3.413746017296313199e-04
1.575000000000000000e+04 6.299974572351609847e-01 9.041875284478835262e-01 3.948566226672735324e-02 4.881656804733727761e-02 6.941283568502503235e-03 5.689576695493854790e-04
1.600000000000000000e+04 6.399974168738147284e-01 9.052116522530723186e-01 4.198907601274465273e-02 4.608557123350022489e-02 6.144742831133363434e-03 5.689576695493854790e-04
1.625000000000000000e+04 6.499973765124675840e-01 9.181838871187983919e-01 3.755120619025944378e-02 3.846153846153846367e-02 5.348202093764223633e-03 4.551661356395084266e-04
1.650000000000000000e+04 6.599973361511213277e-01 9.208010923987255403e-01 3.322712790168411146e-02 3.914428766499772339e-02 6.030951297223486815e-03 7.965407373691396923e-04
1.675000000000000000e+04 6.699972957897744053e-01 9.255803368229403860e-01 3.163404642694583185e-02 3.675466545289030745e-02 5.234410559854347014e-03 7.965407373691396923e-04
1.700000000000000000e+04 6.799972554284279269e-01 9.239872553482021411e-01 3.277196176604460498e-02 3.561675011379153433e-02 6.599908966772872511e-03 1.024123805188893906e-03
1.725000000000000000e+04 6.899972150670810045e-01 9.317250796540736957e-01 3.015475648611743234e-02 3.095129722348657214e-02 6.486117432862995025e-03 6.827492034592626399e-04
1.750000000000000000e+04 6.999971747057347482e-01 9.322940373236231482e-01 3.117888029130632538e-02 3.106508875739644876e-02 4.665452890304961318e-03 7.965407373691396923e-04
1.775000000000000000e+04 7.099971343443878258e-01 9.400318616294948137e-01 2.753755120619025970e-02 2.730996813837050646e-02 3.982703686845699004e-03 1.137915339098770958e-03
1.800000000000000000e+04 7.199970939830413474e-01 9.464041875284479044e-01 2.412380518889394726e-02 2.355484751934456070e-02 5.120619025944469528e-03 7.965407373691396923e-04
1.825000000000000000e+04 7.299970536216944250e-01 9.465179790623577949e-01 2.571688666363222686e-02 2.253072371415566766e-02 4.665452890304961318e-03 5.689576695493854790e-04
1.850000000000000000e+04 7.399970132603481687e-01 9.495903504779243942e-01 2.514792899408284030e-02 1.911697769685935522e-02 5.348202093764223633e-03 7.965407373691396923e-04
1.875000000000000000e+04 7.499969728990012463e-01 9.502730996813837372e-01 2.321347291761493084e-02 1.866181156121984527e-02 6.372325898953117539e-03 1.479289940828402332e-03
1.900000000000000000e+04 7.599969325376547680e-01 9.553937187073281434e-01 2.218934911242603433e-02 1.741010468821119553e-02 4.324078288575329727e-03 6.827492034592626399e-04
1.925000000000000000e+04 7.699968921763078455e-01 9.613108784706417831e-01 1.957214383249886169e-02 1.558944014565316269e-02 2.617205279927173507e-03 9.103322712790168532e-04
1.950000000000000000e+04 7.799968518149615893e-01 9.637005006827491504e-01 1.809285389167045871e-02 1.342740100136549826e-02 3.868912152935821518e-03 9.103322712790168532e-04
1.975000000000000000e+04 7.899968114536146668e-01 9.649522075557578349e-01 1.445152480655439303e-02 1.593081474738279601e-02 3.072371415566681717e-03 1.593081474738279385e-03
2.000000000000000000e+04 7.999967710922681885e-01 9.687073281747837772e-01 1.365498406918525323e-02 1.228948566226672687e-02 4.665452890304961318e-03 6.827492034592626399e-04
2.025000000000000000e+04 8.099967307309212661e-01 9.713245334547109255e-01 1.354119253527537488e-02 1.081019572143832562e-02 3.186162949476558769e-03 1.137915339098770958e-03
2.050000000000000000e+04 8.199966903695750098e-01 9.730314064633591720e-01 1.285844333181611343e-02 9.672280382339554228e-03 3.299954483386436255e-03 1.137915339098770958e-03
2.075000000000000000e+04 8.299966500082280874e-01 9.799726900318616041e-01 9.330905780609922637e-03 6.827492034592626616e-03 3.186162949476558769e-03 6.827492034592626399e-04
2.100000000000000000e+04 8.399966096468816090e-01 9.819071461083295205e-01 7.624032771961766417e-03 6.372325898953117539e-03 3.072371415566681717e-03 1.024123805188893906e-03
2.125000000000000000e+04 8.499965692855346866e-01 9.798588984979517136e-01 7.851615839781519654e-03 7.851615839781519654e-03 2.503413746017296455e-03 1.934456076467910759e-03
2.150000000000000000e+04 8.599965289241884303e-01 9.839553937187073274e-01 6.030951297223486815e-03 6.486117432862995025e-03 1.934456076467910759e-03 1.593081474738279385e-03
2.175000000000000000e+04 8.699964885628415079e-01 9.842967683204369989e-01 6.713700500682749130e-03 6.372325898953117539e-03 1.593081474738279385e-03 1.024123805188893906e-03
2.200000000000000000e+04 8.799964482014950296e-01 9.842967683204369989e-01 6.599908966772872511e-03 5.575785161583977738e-03 1.706873008648156654e-03 1.820664542558033706e-03
2.225000000000000000e+04 8.899964078401481071e-01 9.842967683204369989e-01 6.941283568502503235e-03 4.551661356395083832e-03 2.617205279927173507e-03 1.593081474738279385e-03
2.250000000000000000e+04 8.999963674788018508e-01 9.870277651342740377e-01 5.006827492034592909e-03 4.324078288575329727e-03 2.048247610377787811e-03 1.593081474738279385e-03
2.275000000000000000e+04 9.099963271174547064e-01 9.871415566681839282e-01 4.893035958124715423e-03 4.324078288575329727e-03 1.593081474738279385e-03 2.048247610377787811e-03
2.300000000000000000e+04 9.199962867561084501e-01 9.902139280837505275e-01 3.527537551206190360e-03 3.527537551206190360e-03 1.024123805188893906e-03 1.706873008648156654e-03
2.325000000000000000e+04 9.299962463947615277e-01 9.899863450159308575e-01 3.299954483386436255e-03 3.072371415566681717e-03 1.479289940828402332e-03 2.162039144287664864e-03
2.350000000000000000e+04 9.399962060334152714e-01 9.910104688211197610e-01 3.299954483386436255e-03 2.275830678197541916e-03 1.479289940828402332e-03 1.934456076467910759e-03
2.375000000000000000e+04 9.499961656720681269e-01 9.912380518889394310e-01 1.934456076467910759e-03 3.186162949476558769e-03 1.251706873008648227e-03 2.389622212107419402e-03
2.400000000000000000e+04 9.599961253107218706e-01 9.921483841602184439e-01 2.162039144287664864e-03 2.844788347746927612e-03 7.965407373691396923e-04 2.048247610377787811e-03
2.425000000000000000e+04 9.699960849493749482e-01 9.939690487027764698e-01 1.706873008648156654e-03 1.820664542558033706e-03 9.103322712790168532e-04 1.593081474738279385e-03
2.450000000000000000e+04 9.799960445880284698e-01 9.921483841602184439e-01 1.706873008648156654e-03 3.072371415566681717e-03 1.251706873008648227e-03 1.820664542558033706e-03
2.475000000000000000e+04 9.899960042266815474e-01 9.945380063723259223e-01 9.103322712790168532e-04 2.048247610377787811e-03 1.365498406918525280e-03 1.137915339098770958e-03
2.500000000000000000e+04 9.999959638653352911e-01 9.939690487027764698e-01 1.024123805188893906e-03 2.275830678197541916e-03 7.965407373691396923e-04 1.934456076467910759e-03
