# itime ezz other fcc hcp bcc ico
0.000000000000000000e+00 0.000000000000000000e+00 1.137915339098770958e-03 9.988620846609012061e-01 0.000000000000000000e+00 0.000000000000000000e+00 0.000000000000000000e+00
3.000000000000000000e+00 1.200030969256360436e-03 1.137915339098771066e-04 9.998862084660901095e-01 0.000000000000000000e+00 0.000000000000000000e+00 0.000000000000000000e+00
6.000000000000000000e+00 2.400061938512720872e-03 0.000000000000000000e+00 1.000000000000000000e+00 0.000000000000000000e+00 0.000000000000000000e+00 0.000000000000000000e+00
9.000000000000000000e+00 3.600092907769081307e-03 1.137915339098771066e-04 9.998862084660901095e-01 0.000000000000000000e+00 0.000000000000000000e+00 0.000000000000000000e+00
1.200000000000000000e+01 4.800123877025441743e-03 4.551661356395084266e-04 9.995448338643604380e-01 0.000000000000000000e+00 0.000000000000000000e+00 0.000000000000000000e+00
1.500000000000000000e+01 6.000154846282024224e-03 3.413746017296313199e-04 9.996586253982703285e-01 0.000000000000000000e+00 0.000000000000000000e+00 0.000000000000000000e+00
1.800000000000000000e+01 7.200185815538384659e-03 1.137915339098771066e-04 9.998862084660901095e-01 0.000000000000000000e+00 0.000000000000000000e+00 0.000000000000000000e+00
2.100000000000000000e+01 8.400216784794745095e-03 2.275830678197542133e-04 9.997724169321802190e-01 0.000000000000000000e+00 0.000000000000000000e+00 0.000000000000000000e+00
2.400000000000000000e+01 9.600247754051105531e-03 4.551661356395084266e-04 9.995448338643604380e-01 0.000000000000000000e+00 0.000000000000000000e+00 0.000000000000000000e+00
2.700000000000000000e+01 1.080027872330746597e-02 1.137915339098770958e-03 9.988620846609012061e-01 0.000000000000000000e+00 0.000000000000000000e+00 0.000000000000000000e+00
3.000000000000000000e+01 1.200030969256382640e-02 1.593081474738279385e-03 9.984069185252617551e-01 0.000000000000000000e+00 0.000000000000000000e+00 0.000000000000000000e+00
3.300000000000000000e+01 1.320034066182018684e-02 6.827492034592626399e-04 9.993172507965407680e-01 0.000000000000000000e+00 0.000000000000000000e+00 0.000000000000000000e+00
3.600000000000000000e+01 1.440037163107654727e-02 4.551661356395084266e-04 9.995448338643604380e-01 0.000000000000000000e+00 0.000000000000000000e+00 0.000000000000000000e+00
3.900000000000000000e+01 1.560040260033312975e-02 4.551661356395084266e-04 9.995448338643604380e-01 0.000000000000000000e+00 0.000000000000000000e+00 0.000000000000000000e+00
4.200000000000000000e+01 1.680043356958949019e-02 1.365498406918525280e-03 9.986345015930814251e-01 0.000000000000000000e+00 0.000000000000000000e+00 0.000000000000000000e+00
4.500000000000000000e+01 1.800046453884585063e-02 2.958579881656804664e-03 9.970414201183431802e-01 0.000000000000000000e+00 0.000000000000000000e+00 0.000000000000000000e+00
4.800000000000000000e+01 1.920049550810221106e-02 2.617205279927173507e-03 9.973827947200728516e-01 0.000000000000000000e+00 0.000000000000000000e+00 0.000000000000000000e+00
5.100000000000000000e+01 2.040052647735857150e-02 3.413746017296313308e-03 9.965862539827037292e-01 0.000000000000000000e+00 0.000000000000000000e+00 0.000000000000000000e+00
5.400000000000000000e+01 2.160055744661493193e-02 3.299954483386436255e-03 9.967000455166135087e-01 0.000000000000000000e+00 0.000000000000000000e+00 0.000000000000000000e+00
5.700000000000000000e+01 2.280058841587129237e-02 2.730996813837050560e-03 9.972690031861629611e-01 0.000000000000000000e+00 0.000000000000000000e+00 0.000000000000000000e+00
6.000000000000000000e+01 2.400061938512765281e-02 1.820664542558033706e-03 9.981793354574419741e-01 0.000000000000000000e+00 0.000000000000000000e+00 0.000000000000000000e+00
6.300000000000000000e+01 2.520065035438423529e-02 2.389622212107419402e-03 9.976103777878926326e-01 0.000000000000000000e+00 0.000000000000000000e+00 0.000000000000000000e+00
6.600000000000000000e+01 2.640068132364059572e-02 2.844788347746927612e-03 9.971552116522530707e-01 0.000000000000000000e+00 0.000000000000000000e+00 0.000000000000000000e+00
6.900000000000000000e+01 2.760071229289695616e-02 1.934456076467910759e-03 9.980655439235320836e-01 0.000000000000000000e+00 0.000000000000000000e+00 0.000000000000000000e+00
7.200000000000000000e+01 2.880074326215331659e-02 9.103322712790168532e-04 9.990896677287209870e-01 0.000000000000000000e+00 0.000000000000000000e+00 0.000000000000000000e+00
7.500000000000000000e+01 3.000077423140967703e-02 1.479289940828402332e-03 9.985207100591716456e-01 0.000000000000000000e+00 0.000000000000000000e+00 0.000000000000000000e+00
7.800000000000000000e+01 3.120080520066603746e-02 1.593081474738279385e-03 9.984069185252617551e-01 0.000000000000000000e+00 0.000000000000000000e+00 0.000000000000000000e+00
8.100000000000000000e+01 3.240083616992239790e-02 2.162039144287664864e-03 9.978379608557123026e-01 0.000000000000000000e+00 0.000000000000000000e+00 0.000000000000000000e+00
8.400000000000000000e+01 3.360086713917875834e-02 2.844788347746927612e-03 9.971552116522530707e-01 0.000000000000000000e+00 0.000000000000000000e+00 0.000000000000000000e+00
8.700000000000000000e+01 3.480089810843534082e-02 2.389622212107419402e-03 9.976103777878926326e-01 0.000000000000000000e+00 0.000000000000000000e+00 0.000000000000000000e+00
9.000000000000000000e+01 3.600092907769170125e-02 3.641329085116067413e-03 9.962448793809740577e-01 0.000000000000000000e+00 1.137915339098771066e-04 0.000000000000000000e+00
9.300000000000000000e+01 3.720096004694806169e-02 3.413746017296313308e-03 9.965862539827037292e-01 0.000000000000000000e+00 0.000000000000000000e+00 0.000000000000000000e+00
9.600000000000000000e+01 3.840099101620442212e-02 5.803368229403732710e-03 9.938552571688666903e-01 0.000000000000000000e+00 3.413746017296313199e-04 0.000000000000000000e+00
9.900000000000000000e+01 3.960102198546078256e-02 6.144742831133363434e-03 9.936276741010469093e-01 0.000000000000000000e+00 2.275830678197542133e-04 0.000000000000000000e+00
1.020000000000000000e+02 4.080105295471714300e-02 6.372325898953117539e-03 9.931725079654073474e-01 0.000000000000000000e+00 4.551661356395084266e-04 0.000000000000000000e+00
1.050000000000000000e+02 4.200108392397350343e-02 6.258534365043240920e-03 9.936276741010469093e-01 0.000000000000000000e+00 1.137915339098771066e-04 0.000000000000000000e+00
1.080000000000000000e+02 4.320111489322986387e-02 5.348202093764223633e-03 9.946517979062358128e-01 0.000000000000000000e+00 0.000000000000000000e+00 0.000000000000000000e+00
1.110000000000000000e+02 4.440114586248644635e-02 6.030951297223486815e-03 9.939690487027764698e-01 0.000000000000000000e+00 0.000000000000000000e+00 0.000000000000000000e+00
1.140000000000000000e+02 4.560117683174280678e-02 7.055075102412380721e-03 9.927173418297678964e-01 0.000000000000000000e+00 2.275830678197542133e-04 0.000000000000000000e+00
1.170000000000000000e+02 4.680120780099916722e-02 7.055075102412380721e-03 9.927173418297678964e-01 0.000000000000000000e+00 2.275830678197542133e-04 0.000000000000000000e+00
1.200000000000000000e+02 4.800123877025552765e-02 7.737824305871643035e-03 9.920345926263085534e-01 0.000000000000000000e+00 2.275830678197542133e-04 0.000000000000000000e+00
1.230000000000000000e+02 4.920126973951188809e-02 8.989531178880291046e-03 9.910104688211197610e-01 0.000000000000000000e+00 0.000000000000000000e+00 0.000000000000000000e+00
1.260000000000000000e+02 5.040130070876824853e-02 8.989531178880291046e-03 9.907828857532999800e-01 0.000000000000000000e+00 2.275830678197542133e-04 0.000000000000000000e+00
1.290000000000000000e+02 5.160133167802460896e-02 9.899863450159307465e-03 9.899863450159308575e-01 0.000000000000000000e+00 1.137915339098771066e-04 0.000000000000000000e+00
1.320000000000000000e+02 5.280136264728096940e-02 1.046882111970869403e-02 9.894173873463814051e-01 0.000000000000000000e+00 1.137915339098771066e-04 0.000000000000000000e+00
1.350000000000000000e+02 5.400139361653755188e-02 1.069640418752844727e-02 9.889622212107419541e-01 0.000000000000000000e+00 3.413746017296313199e-04 0.000000000000000000e+00
1.380000000000000000e+02 5.520142458579391231e-02 1.217569412835685025e-02 9.870277651342740377e-01 0.000000000000000000e+00 7.965407373691396923e-04 0.000000000000000000e+00
1.410000000000000000e+02 5.640145555505027275e-02 1.467910787437414627e-02 9.848657259899863403e-01 0.000000000000000000e+00 4.551661356395084266e-04 0.000000000000000000e+00
1.440000000000000000e+02 5.760148652430663319e-02 1.638598088302230249e-02 9.832726445152480954e-01 0.000000000000000000e+00 3.413746017296313199e-04 0.000000000000000000e+00
1.470000000000000000e+02 5.880151749356299362e-02 1.775147928994082885e-02 9.820209376422394110e-01 0.000000000000000000e+00 2.275830678197542133e-04 0.000000000000000000e+00
1.500000000000000000e+02 6.000154846281935406e-02 1.832043695949021542e-02 9.812243969048702885e-01 0.000000000000000000e+00 4.551661356395084266e-04 0.000000000000000000e+00
1.530000000000000000e+02 6.120157943207571449e-02 2.105143377332726468e-02 9.782658170232134687e-01 0.000000000000000000e+00 6.827492034592626399e-04 0.000000000000000000e+00
1.560000000000000000e+02 6.240161040133207493e-02 2.423759672280382388e-02 9.753072371415566488e-01 0.000000000000000000e+00 4.551661356395084266e-04 0.000000000000000000e+00
1.590000000000000000e+02 6.360164137058865741e-02 2.617205279927173334e-02 9.729176149294492815e-01 0.000000000000000000e+00 9.103322712790168532e-04 0.000000000000000000e+00
1.620000000000000000e+02 6.480167233984501785e-02 2.514792899408284030e-02 9.739417387346381849e-01 0.000000000000000000e+00 9.103322712790168532e-04 0.000000000000000000e+00
1.650000000000000000e+02 6.600170330910137828e-02 2.901684114701866268e-02 9.703004096495220221e-01 0.000000000000000000e+00 6.827492034592626399e-04 0.000000000000000000e+00
1.680000000000000000e+02 6.720173427835773872e-02 2.947200728265816916e-02 9.695038689121528996e-01 0.000000000000000000e+00 1.024123805188893906e-03 0.000000000000000000e+00
1.710000000000000000e+02 6.840176524761409915e-02 3.186162949476559203e-02 9.660901228948566288e-01 0.000000000000000000e+00 2.048247610377787811e-03 0.000000000000000000e+00
1.740000000000000000e+02 6.960179621687045959e-02 3.174783796085571541e-02 9.671142467000455323e-01 0.000000000000000000e+00 1.137915339098770958e-03 0.000000000000000000e+00
1.770000000000000000e+02 7.080182718612682002e-02 3.186162949476559203e-02 9.670004551661356418e-01 0.000000000000000000e+00 1.137915339098770958e-03 0.000000000000000000e+00
1.800000000000000000e+02 7.200185815538318046e-02 3.618570778334091742e-02 9.625625853436504675e-01 0.000000000000000000e+00 1.251706873008648227e-03 0.000000000000000000e+00
1.830000000000000000e+02 7.320188912463976294e-02 3.800637232589895026e-02 9.607419208010924416e-01 0.000000000000000000e+00 1.251706873008648227e-03 0.000000000000000000e+00
1.860000000000000000e+02 7.440192009389612338e-02 3.891670459717797015e-02 9.592626308602639762e-01 0.000000000000000000e+00 1.820664542558033706e-03 0.000000000000000000e+00
1.890000000000000000e+02 7.560195106315248381e-02 4.289940828402366568e-02 9.543695949021392400e-01 0.000000000000000000e+00 2.730996813837050560e-03 0.000000000000000000e+00
1.920000000000000000e+02 7.680198203240884425e-02 4.460628129267182190e-02 9.533454710969503365e-01 0.000000000000000000e+00 2.048247610377787811e-03 0.000000000000000000e+00
1.950000000000000000e+02 7.800201300166520468e-02 5.200273099681383682e-02 9.461766044606281234e-01 0.000000000000000000e+00 1.820664542558033706e-03 0.000000000000000000e+00
1.980000000000000000e+02 7.920204397092156512e-02 5.848884842967683184e-02 9.390077378243059103e-01 0.000000000000000000e+00 2.503413746017296455e-03 0.000000000000000000e+00
2.010000000000000000e+02 8.040207494017792555e-02 6.190259444697314428e-02 9.349112426035502965e-01 0.000000000000000000e+00 3.186162949476558769e-03 0.000000000000000000e+00
2.040000000000000000e+02 8.160210590943428599e-02 6.383705052344106068e-02 9.336595357305416121e-01 0.000000000000000000e+00 2.503413746017296455e-03 0.000000000000000000e+00
2.070000000000000000e+02 8.280213687869086847e-02 6.076467910787437116e-02 9.361629494765589810e-01 0.000000000000000000e+00 3.072371415566681717e-03 0.000000000000000000e+00
2.100000000000000000e+02 8.400216784794722891e-02 6.463359126081019701e-02 9.313837050523441352e-01 0.000000000000000000e+00 3.982703686845699004e-03 0.000000000000000000e+00
2.130000000000000000e+02 8.520219881720358934e-02 7.259899863450158808e-02 9.244424214838415921e-01 0.000000000000000000e+00 2.958579881656804664e-03 0.000000000000000000e+00
2.160000000000000000e+02 8.640222978645994978e-02 8.067819754210286964e-02 9.161356395084205850e-01 0.000000000000000000e+00 3.186162949476558769e-03 0.000000000000000000e+00
2.190000000000000000e+02 8.760226075571631021e-02 8.841602184797450747e-02 9.073736913973600160e-01 0.000000000000000000e+00 4.210286754665453109e-03 0.000000000000000000e+00
2.220000000000000000e+02 8.880229172497267065e-02 9.182976786527081992e-02 9.028220300409649512e-01 0.000000000000000000e+00 5.348202093764223633e-03 0.000000000000000000e+00
2.250000000000000000e+02 9.000232269422903109e-02 9.979517523896222486e-02 8.954255803368229572e-01 0.000000000000000000e+00 4.779244424214838804e-03 0.000000000000000000e+00
2.280000000000000000e+02 9.120235366348539152e-02 1.021847974510696339e-01 8.936049157942649313e-01 0.000000000000000000e+00 4.210286754665453109e-03 0.000000000000000000e+00
2.310000000000000000e+02 9.240238463274197400e-02 1.119708693673190647e-01 8.838188438780154588e-01 0.000000000000000000e+00 4.210286754665453109e-03 0.000000000000000000e+00
2.340000000000000000e+02 9.360241560199833444e-02 1.192535275375512099e-01 8.746017296313154388e-01 0.000000000000000000e+00 6.144742831133363434e-03 0.000000000000000000e+00
2.370000000000000000e+02 9.480244657125469487e-02 1.282430587164314906e-01 8.659535730541647602e-01 0.000000000000000000e+00 5.803368229403732710e-03 0.000000000000000000e+00
2.400000000000000000e+02 9.600247754051105531e-02 1.349567592171142527e-01 8.586709148839326566e-01 0.000000000000000000e+00 6.372325898953117539e-03 0.000000000000000000e+00
2.430000000000000000e+02 9.720250850976741575e-02 1.417842512517068776e-01 8.504779244424214291e-01 0.000000000000000000e+00 7.737824305871643035e-03 0.000000000000000000e+00
2.460000000000000000e+02 9.840253947902377618e-02 1.488393263541192557e-01 8.420573509330905315e-01 0.000000000000000000e+00 9.103322712790167665e-03 0.000000000000000000e+00
2.490000000000000000e+02 9.960257044828013662e-02 1.570323167956304000e-01 8.328402366863905115e-01 0.000000000000000000e+00 1.012744651797906244e-02 0.000000000000000000e+00
2.520000000000000000e+02 1.008026014175364971e-01 1.603322712790168358e-01 8.289713245334546787e-01 0.000000000000000000e+00 1.069640418752844727e-02 0.000000000000000000e+00
2.550000000000000000e+02 1.020026323867930795e-01 1.701183431952662806e-01 8.182749203459263043e-01 0.000000000000000000e+00 1.160673645880746542e-02 0.000000000000000000e+00
2.580000000000000000e+02 1.032026633560494400e-01 1.834319526627218866e-01 8.038233955393718766e-01 0.000000000000000000e+00 1.274465179790623508e-02 0.000000000000000000e+00
2.610000000000000000e+02 1.044026943253058004e-01 1.992489758761948060e-01 7.886891215293582169e-01 0.000000000000000000e+00 1.206190259444697363e-02 0.000000000000000000e+00
2.640000000000000000e+02 1.056027252945621608e-01 2.085798816568047442e-01 7.798133818843877574e-01 0.000000000000000000e+00 1.160673645880746542e-02 0.000000000000000000e+00
2.670000000000000000e+02 1.068027562638185213e-01 2.157487482931269851e-01 7.711652253072371899e-01 0.000000000000000000e+00 1.308602639963586667e-02 0.000000000000000000e+00
2.700000000000000000e+02 1.080027872330748817e-01 2.287209831588529751e-01 7.569412835685025431e-01 0.000000000000000000e+00 1.433773327264451468e-02 0.000000000000000000e+00
2.730000000000000000e+02 1.092028182023312421e-01 2.443104233045061413e-01 7.399863450159308575e-01 0.000000000000000000e+00 1.570323167956303931e-02 0.000000000000000000e+00
2.760000000000000000e+02 1.104028491715876026e-01 2.506827492034592875e-01 7.313381884387801790e-01 0.000000000000000000e+00 1.797906235776058209e-02 0.000000000000000000e+00
2.790000000000000000e+02 1.116028801408441851e-01 2.687756030951297115e-01 7.134729176149294805e-01 0.000000000000000000e+00 1.775147928994082885e-02 0.000000000000000000e+00
2.820000000000000000e+02 1.128029111101005455e-01 2.794720072826581969e-01 7.020937642239417631e-01 0.000000000000000000e+00 1.843422849340009204e-02 0.000000000000000000e+00
2.850000000000000000e+02 1.140029420793569059e-01 2.908511606736458588e-01 6.912835685025033872e-01 0.000000000000000000e+00 1.786527082385070547e-02 0.000000000000000000e+00
2.880000000000000000e+02 1.152029730486132664e-01 3.080336822940373254e-01 6.738734638142922506e-01 0.000000000000000000e+00 1.809285389167045871e-02 0.000000000000000000e+00
2.910000000000000000e+02 1.164030040178696268e-01 3.165680473372781134e-01 6.629494765589439842e-01 0.000000000000000000e+00 2.048247610377787811e-02 0.000000000000000000e+00
2.940000000000000000e+02 1.176030349871259872e-01 3.246472462448793950e-01 6.525944469731451703e-01 0.000000000000000000e+00 2.275830678197542090e-02 0.000000000000000000e+00
2.970000000000000000e+02 1.188030659563823477e-01 3.351160673645880994e-01 6.393946290395994270e-01 0.000000000000000000e+00 2.548930359581247015e-02 0.000000000000000000e+00
3.000000000000000000e+02 1.200030969256387081e-01 3.495675921711424716e-01 6.230086481565771939e-01 0.000000000000000000e+00 2.742375967228038308e-02 0.000000000000000000e+00
3.030000000000000000e+02 1.212031278948952906e-01 3.553709604005462208e-01 6.144742831133364058e-01 0.000000000000000000e+00 3.015475648611743234e-02 0.000000000000000000e+00
3.060000000000000000e+02 1.224031588641516510e-01 3.690259444697314706e-01 5.994538006372326366e-01 1.137915339098771066e-04 3.140646335912607862e-02 0.000000000000000000e+00
3.090000000000000000e+02 1.236031898334080115e-01 3.866636322257623881e-01 5.813609467455621571e-01 1.137915339098771066e-04 3.186162949476559203e-02 0.000000000000000000e+00
3.120000000000000000e+02 1.248032208026643719e-01 3.911015020482476179e-01 5.756713700500682984e-01 1.137915339098771066e-04 3.311333636777423484e-02 0.000000000000000000e+00
3.150000000000000000e+02 1.260032517719207323e-01 4.087391898042785354e-01 5.568957669549385869e-01 2.275830678197542133e-04 3.413746017296313134e-02 0.000000000000000000e+00
3.180000000000000000e+02 1.272032827411770928e-01 4.209148839326354308e-01 5.421028675466544877e-01 3.413746017296313199e-04 3.664087391898043083e-02 0.000000000000000000e+00
3.210000000000000000e+02 1.284033137104334532e-01 4.385525716886663483e-01 5.213928083750568598e-01 4.551661356395084266e-04 3.959945380063722986e-02 0.000000000000000000e+00
3.240000000000000000e+02 1.296033446796898136e-01 4.538006372325898985e-01 5.013654984069185749e-01 5.689576695493854790e-04 4.426490669094219205e-02 0.000000000000000000e+00
3.270000000000000000e+02 1.308033756489463961e-01 4.732589895311788974e-01 4.814519799726900140e-01 7.965407373691396923e-04 4.449248975876194528e-02 0.000000000000000000e+00
3.300000000000000000e+02 1.320034066182027566e-01 4.910104688211197055e-01 4.618798361401911801e-01 7.965407373691396923e-04 4.631315430131998506e-02 0.000000000000000000e+00
3.330000000000000000e+02 1.332034375874591170e-01 5.029585798816568198e-01 4.456076467910787264e-01 1.024123805188893906e-03 5.040964952207555722e-02 0.000000000000000000e+00
3.360000000000000000e+02 1.344034685567154774e-01 5.163859808830223441e-01 4.283113336367774249e-01 9.103322712790168532e-04 5.439235320892125969e-02 0.000000000000000000e+00
3.390000000000000000e+02 1.356034995259718379e-01 5.375512061902594230e-01 4.046426945835229771e-01 7.965407373691396923e-04 5.700955848884842886e-02 0.000000000000000000e+00
3.420000000000000000e+02 1.368035304952281983e-01 5.575785161583978189e-01 3.833636777423759523e-01 4.551661356395084266e-04 5.860263996358670846e-02 0.000000000000000000e+00
3.450000000000000000e+02 1.380035614644845587e-01 5.755575785161584079e-01 3.628812016385981054e-01 7.965407373691396923e-04 6.076467910787437116e-02 0.000000000000000000e+00
3.480000000000000000e+02 1.392035924337409192e-01 5.937642239417387779e-01 3.412608101957214646e-01 1.251706873008648227e-03 6.372325898953118406e-02 0.000000000000000000e+00
3.510000000000000000e+02 1.404036234029975017e-01 6.035502958579881394e-01 3.256713700500682984e-01 1.706873008648156654e-03 6.907146108329539902e-02 0.000000000000000000e+00
3.540000000000000000e+02 1.416036543722538621e-01 6.114019116977696955e-01 3.112198452435138707e-01 1.820664542558033706e-03 7.555757851615839404e-02 0.000000000000000000e+00
3.570000000000000000e+02 1.428036853415102225e-01 6.292671825216203940e-01 2.915339098771051463e-01 1.593081474738279385e-03 7.760582612653618706e-02 0.000000000000000000e+00
3.600000000000000000e+02 1.440037163107665830e-01 6.396222121074192080e-01 2.733272644515248317e-01 2.617205279927173507e-03 8.443331816112881194e-02 0.000000000000000000e+00
3.630000000000000000e+02 1.452037472800229434e-01 6.522530723714156098e-01 2.592171142467000200e-01 3.186162949476558769e-03 8.534365043240782489e-02 0.000000000000000000e+00
3.660000000000000000e+02 1.464037782492793038e-01 6.651115157032316816e-01 2.418070095584888557e-01 3.641329085116067413e-03 8.944014565316341092e-02 0.000000000000000000e+00
3.690000000000000000e+02 1.476038092185356643e-01 6.706873008648156498e-01 2.295175238962221254e-01 4.324078288575329727e-03 9.547109695038688559e-02 0.000000000000000000e+00
3.720000000000000000e+02 1.488038401877920247e-01 6.816112881201638052e-01 2.141556668183887124e-01 5.120619025944469528e-03 9.911242603550296515e-02 0.000000000000000000e+00
3.750000000000000000e+02 1.500038711570486072e-01 6.865043240782885414e-01 2.019799726900318726e-01 5.689576695493855224e-03 1.058261265361857134e-01 0.000000000000000000e+00
3.780000000000000000e+02 1.512039021263049676e-01 6.923076923076922906e-01 1.884387801547564856e-01 7.282658170232134826e-03 1.119708693673190647e-01 0.000000000000000000e+00
3.810000000000000000e+02 1.524039330955613281e-01 6.998179335457441752e-01 1.781975421028675344e-01 7.624032771961766417e-03 1.143604915794264876e-01 0.000000000000000000e+00
3.840000000000000000e+02 1.536039640648176885e-01 7.053937187073281434e-01 1.673873463814292140e-01 8.192990441511151245e-03 1.190259444697314567e-01 0.000000000000000000e+00
3.870000000000000000e+02 1.548039950340740489e-01 7.147246244879380539e-01 1.590805644060081792e-01 7.851615839781519654e-03 1.183431952662721831e-01 0.000000000000000000e+00
3.900000000000000000e+02 1.560040260033304094e-01 7.207555757851615841e-01 1.477014110150204895e-01 8.989531178880291046e-03 1.225534820209376458e-01 0.000000000000000000e+00
3.930000000000000000e+02 1.572040569725867698e-01 7.288347746927628101e-01 1.360946745562130189e-01 9.558488848429677609e-03 1.255120619025944517e-01 0.000000000000000000e+00
3.960000000000000000e+02 1.584040879418431302e-01 7.311106053709603980e-01 1.285844333181611343e-01 1.081019572143832562e-02 1.294947655894401473e-01 0.000000000000000000e+00
3.990000000000000000e+02 1.596041189110997127e-01 7.368001820664542567e-01 1.200500682749203463e-01 1.035502958579881741e-02 1.327947200728265831e-01 0.000000000000000000e+00
4.020000000000000000e+02 1.608041498803560732e-01 7.404415111515703085e-01 1.093536640873919025e-01 1.092398725534820224e-02 1.392808375056895642e-01 0.000000000000000000e+00
4.050000000000000000e+02 1.620041808496124336e-01 7.426035502958580059e-01 1.018434228493400040e-01 1.046882111970869403e-02 1.450842057350933134e-01 0.000000000000000000e+00
4.080000000000000000e+02 1.632042118188687940e-01 7.467000455166135087e-01 9.626763768775603580e-02 1.217569412835685025e-02 1.448566226672735602e-01 0.000000000000000000e+00
4.110000000000000000e+02 1.644042427881251545e-01 7.465862539827037292e-01 9.353664087391898307e-02 1.308602639963586667e-02 1.467910787437414766e-01 0.000000000000000000e+00
4.140000000000000000e+02 1.656042737573815149e-01 7.520482476103778069e-01 9.012289485662267063e-02 1.513427401001365448e-02 1.426945835229858905e-01 0.000000000000000000e+00
4.170000000000000000e+02 1.668043047266378753e-01 7.575102412380518846e-01 8.522985889849794827e-02 1.479289940828402289e-02 1.424670004551661373e-01 0.000000000000000000e+00
4.200000000000000000e+02 1.680043356958942358e-01 7.611515703231679364e-01 7.885753299954482987e-02 1.456531634046426965e-02 1.454255803368229294e-01 0.000000000000000000e+00
4.230000000000000000e+02 1.692043666651508182e-01 7.622894856622667303e-01 7.498862084660901095e-02 1.411015020482476144e-02 1.486117432862995025e-01 0.000000000000000000e+00
4.260000000000000000e+02 1.704043976344071787e-01 7.678652708238506985e-01 6.747837960855712636e-02 1.524806554392353283e-02 1.494082840236686527e-01 0.000000000000000000e+00
4.290000000000000000e+02 1.716044286036635391e-01 7.773099681383704995e-01 6.372325898953118406e-02 1.593081474738279601e-02 1.430359581247155343e-01 0.000000000000000000e+00
4.320000000000000000e+02 1.728044595729198996e-01 7.815202548930360038e-01 6.065088757396449454e-02 1.615839781520254925e-02 1.416704597177969871e-01 0.000000000000000000e+00
4.350000000000000000e+02 1.740044905421762600e-01 7.866408739189804100e-01 5.689576695493855224e-02 1.706873008648156567e-02 1.393946290395994547e-01 0.000000000000000000e+00
4.380000000000000000e+02 1.752045215114326204e-01 7.976786527082384559e-01 5.188893946290396020e-02 1.752389622212107562e-02 1.329085116067364458e-01 0.000000000000000000e+00
4.410000000000000000e+02 1.764045524806889809e-01 7.992717341829768118e-01 5.097860719162494031e-02 1.741010468821119553e-02 1.323395539371870766e-01 0.000000000000000000e+00
4.440000000000000000e+02 1.776045834499453413e-01 8.002958579881657153e-01 4.881656804733727761e-02 1.832043695949021542e-02 1.325671370050068298e-01 0.000000000000000000e+00
4.470000000000000000e+02 1.788046144192019238e-01 8.000682749203459343e-01 4.813381884387801790e-02 1.900318616294947513e-02 1.327947200728265831e-01 0.000000000000000000e+00
4.500000000000000000e+02 1.800046453884582842e-01 8.018889394629039602e-01 4.688211197086936816e-02 2.036868456986800149e-02 1.308602639963586667e-01 0.000000000000000000e+00
4.530000000000000000e+02 1.812046763577146447e-01 8.018889394629039602e-01 4.585798816568047165e-02 2.218934911242603433e-02 1.300637232589895442e-01 0.000000000000000000e+00
4.560000000000000000e+02 1.824047073269710051e-01 8.040509786071916576e-01 4.403732362312243881e-02 2.275830678197542090e-02 1.291533909877105035e-01 0.000000000000000000e+00
4.590000000000000000e+02 1.836047382962273655e-01 8.033682294037323146e-01 4.050978607191624975e-02 2.275830678197542090e-02 1.333636777423759801e-01 0.000000000000000000e+00
4.620000000000000000e+02 1.848047692654837260e-01 8.109922621756940897e-01 3.868912152935821691e-02 2.469276285844333035e-02 1.256258534365043145e-01 0.000000000000000000e+00
4.650000000000000000e+02 1.860048002347400864e-01 8.103095129722348577e-01 3.789258079198907364e-02 2.571688666363222686e-02 1.260810195721438209e-01 0.000000000000000000e+00
4.680000000000000000e+02 1.872048312039964468e-01 8.159990896677287164e-01 3.868912152935821691e-02 2.480655439235321044e-02 1.205052344105598527e-01 0.000000000000000000e+00
4.710000000000000000e+02 1.884048621732530293e-01 8.212335002275830131e-01 3.675466545289030745e-02 2.457897132453345374e-02 1.174328629949931702e-01 0.000000000000000000e+00
4.740000000000000000e+02 1.896048931425093897e-01 8.195266272189348777e-01 3.664087391898043083e-02 2.605826126536185672e-02 1.177742375967228000e-01 0.000000000000000000e+00
4.770000000000000000e+02 1.908049241117657502e-01 8.211197086936732337e-01 3.595812471552116418e-02 2.730996813837050646e-02 1.156121984524351443e-01 0.000000000000000000e+00
4.800000000000000000e+02 1.920049550810221106e-01 8.254437869822485174e-01 3.538916704597178109e-02 2.696859353664087314e-02 1.121984524351388318e-01 0.000000000000000000e+00
4.830000000000000000e+02 1.932049860502784711e-01 8.291989076012744597e-01 3.402366863905325473e-02 2.469276285844333035e-02 1.120846609012289552e-01 0.000000000000000000e+00
4.860000000000000000e+02 1.944050170195348315e-01 8.317023213472917176e-01 3.356850250341374825e-02 2.526172052799271692e-02 1.094674556213017791e-01 0.000000000000000000e+00
4.890000000000000000e+02 1.956050479887911919e-01 8.327264451524806210e-01 3.322712790168411146e-02 2.332726445152480746e-02 1.107191624943104219e-01 0.000000000000000000e+00
4.920000000000000000e+02 1.968050789580475524e-01 8.387573964497041512e-01 2.981338188438780248e-02 2.321347291761493084e-02 1.082157487482931224e-01 0.000000000000000000e+00
4.950000000000000000e+02 1.980051099273041348e-01 8.385298133818843702e-01 2.992717341829767910e-02 2.457897132453345374e-02 1.069640418752844796e-01 0.000000000000000000e+00
4.980000000000000000e+02 1.992051408965604953e-01 8.451297223486572419e-01 2.890304961310878606e-02 2.389622212107419055e-02 1.020710059171597572e-01 0.000000000000000000e+00
5.010000000000000000e+02 2.004051718658168557e-01 8.528675466545289074e-01 2.901684114701866268e-02 2.218934911242603433e-02 9.592626308602640595e-02 0.000000000000000000e+00
5.040000000000000000e+02 2.016052028350732161e-01 8.543468365953572619e-01 2.867546654528902936e-02 2.253072371415566766e-02 9.444697314519799602e-02 0.000000000000000000e+00
5.070000000000000000e+02 2.028052338043295766e-01 8.596950386891215601e-01 2.628584433318160996e-02 2.309968138370505075e-02 9.091943559399180697e-02 0.000000000000000000e+00
5.100000000000000000e+02 2.040052647735859370e-01 8.660673645880746507e-01 2.526172052799271692e-02 2.492034592626308706e-02 8.375056895766955223e-02 0.000000000000000000e+00
5.130000000000000000e+02 2.052052957428422975e-01 8.669776968593536637e-01 2.526172052799271692e-02 2.594446973145198010e-02 8.181611288120163583e-02 0.000000000000000000e+00
5.160000000000000000e+02 2.064053267120986579e-01 8.716431497496586189e-01 2.366863905325443732e-02 2.583067819754210348e-02 7.885753299954482987e-02 0.000000000000000000e+00
5.190000000000000000e+02 2.076053576813552404e-01 8.746017296313154388e-01 2.287209831588529751e-02 2.560309512972235024e-02 7.692307692307692735e-02 0.000000000000000000e+00
5.220000000000000000e+02 2.088053886506116008e-01 8.769913518434228061e-01 2.196176604460628110e-02 2.617205279927173334e-02 7.487482931269913433e-02 0.000000000000000000e+00
5.250000000000000000e+02 2.100054196198679612e-01 8.797223486572598450e-01 2.162039144287665124e-02 2.594446973145198010e-02 7.271279016841146470e-02 0.000000000000000000e+00
5.280000000000000000e+02 2.112054505891243217e-01 8.818843878015475424e-01 2.230314064633591095e-02 2.571688666363222686e-02 7.009558488848430247e-02 0.000000000000000000e+00
5.310000000000000000e+02 2.124054815583806821e-01 8.824533454710969949e-01 2.253072371415566766e-02 2.605826126536185672e-02 6.895766954938552240e-02 0.000000000000000000e+00
5.340000000000000000e+02 2.136055125276370426e-01 8.848429676832043622e-01 2.389622212107419055e-02 2.719617660446062984e-02 6.406463359126081392e-02 0.000000000000000000e+00
5.370000000000000000e+02 2.148055434968934030e-01 8.905325443786982209e-01 2.184797451069640448e-02 2.753755120619025970e-02 6.008192990441511144e-02 0.000000000000000000e+00
5.400000000000000000e+02 2.160055744661497634e-01 8.901911697769685494e-01 2.127901684114701791e-02 2.696859353664087314e-02 6.156121984524351443e-02 0.000000000000000000e+00
5.430000000000000000e+02 2.172056054354063459e-01 8.915566681838871244e-01 2.014110150204824826e-02 2.730996813837050646e-02 6.099226217569413133e-02 0.000000000000000000e+00
5.460000000000000000e+02 2.184056364046627063e-01 8.929221665908056993e-01 2.105143377332726468e-02 2.753755120619025970e-02 5.848884842967683184e-02 0.000000000000000000e+00
5.490000000000000000e+02 2.196056673739190668e-01 8.941738734638142727e-01 2.059626763768775473e-02 2.662721893491124328e-02 5.860263996358670846e-02 0.000000000000000000e+00
5.520000000000000000e+02 2.208056983431754272e-01 8.917842512517069054e-01 2.139280837505689453e-02 2.890304961310878606e-02 5.780609922621757213e-02 1.137915339098771066e-04
5.550000000000000000e+02 2.220057293124317876e-01 8.948566226672735047e-01 2.071005917159763482e-02 2.833409194355939950e-02 5.598543468365953235e-02 1.137915339098771066e-04
5.580000000000000000e+02 2.232057602816881481e-01 8.965634956759217511e-01 2.082385070550751144e-02 2.856167501137915274e-02 5.405097860719162289e-02 0.000000000000000000e+00
5.610000000000000000e+02 2.244057912509445085e-01 8.981565771506599960e-01 2.082385070550751144e-02 2.856167501137915274e-02 5.245789713245334329e-02 0.000000000000000000e+00
5.640000000000000000e+02 2.256058222202008690e-01 9.058944014565316616e-01 1.968593536640873831e-02 2.696859353664087314e-02 4.745106964041875125e-02 0.000000000000000000e+00
5.670000000000000000e+02 2.268058531894574514e-01 9.055530268548019901e-01 2.048247610377787811e-02 2.787892580791988956e-02 4.608557123350022489e-02 0.000000000000000000e+00
5.700000000000000000e+02 2.280058841587138119e-01 9.074874829312699065e-01 1.934456076467910846e-02 2.787892580791988956e-02 4.528903049613108855e-02 0.000000000000000000e+00
5.730000000000000000e+02 2.292059151279701723e-01 9.083978152025489194e-01 1.991351843422849502e-02 2.810650887573964626e-02 4.358215748748293233e-02 0.000000000000000000e+00
5.760000000000000000e+02 2.304059460972265327e-01 9.099908966772871644e-01 2.025489303595812488e-02 2.765134274010013632e-02 4.210286754665452935e-02 0.000000000000000000e+00
5.790000000000000000e+02 2.316059770664828932e-01 9.093081474738279324e-01 2.048247610377787811e-02 2.742375967228038308e-02 4.278561675011378906e-02 0.000000000000000000e+00
5.820000000000000000e+02 2.328060080357392536e-01 9.153390987710514626e-01 1.832043695949021542e-02 2.548930359581247015e-02 4.085116067364587961e-02 0.000000000000000000e+00
5.850000000000000000e+02 2.340060390049956141e-01 9.154528903049613531e-01 1.843422849340009204e-02 2.639963586709149004e-02 3.959945380063722986e-02 1.137915339098771066e-04
5.880000000000000000e+02 2.352060699742519745e-01 9.172735548475193790e-01 1.832043695949021542e-02 2.503413746017296368e-02 3.925807919890760000e-02 1.137915339098771066e-04
5.910000000000000000e+02 2.364061009435085570e-01 9.194355939918069653e-01 1.832043695949021542e-02 2.401001365498407064e-02 3.800637232589895026e-02 2.275830678197542133e-04
5.940000000000000000e+02 2.376061319127649174e-01 9.176149294492489394e-01 1.866181156121984527e-02 2.765134274010013632e-02 3.607191624943104080e-02 0.000000000000000000e+00
5.970000000000000000e+02 2.388061628820212778e-01 9.198907601274465273e-01 1.854802002730996865e-02 2.674101046882111990e-02 3.482020937642239106e-02 0.000000000000000000e+00
6.000000000000000000e+02 2.400061938512776383e-01 9.244424214838415921e-01 1.763768775603095224e-02 2.537551206190259354e-02 3.254437869822485174e-02 0.000000000000000000e+00
6.030000000000000000e+02 2.412062248205339987e-01 9.248975876194811541e-01 1.843422849340009204e-02 2.480655439235321044e-02 3.174783796085571541e-02 1.137915339098771066e-04
6.060000000000000000e+02 2.424062557897903591e-01 9.236458807464724696e-01 1.843422849340009204e-02 2.492034592626308706e-02 3.288575329995448160e-02 1.137915339098771066e-04
6.090000000000000000e+02 2.436062867590467196e-01 9.218252162039144437e-01 1.923076923076923184e-02 2.457897132453345374e-02 3.425125170687300796e-02 1.137915339098771066e-04
6.120000000000000000e+02 2.448063177283030800e-01 9.213700500682748817e-01 1.820664542558033533e-02 2.480655439235321044e-02 3.561675011379153433e-02 0.000000000000000000e+00
6.150000000000000000e+02 2.460063486975596625e-01 9.236458807464724696e-01 1.729631315430131891e-02 2.344105598543468408e-02 3.561675011379153433e-02 0.000000000000000000e+00
6.180000000000000000e+02 2.472063796668160229e-01 9.260355029585798370e-01 1.741010468821119553e-02 2.321347291761493084e-02 3.334091943559399501e-02 0.000000000000000000e+00
6.210000000000000000e+02 2.484064106360723834e-01 9.281975421028675344e-01 1.718252162039144229e-02 2.298588984979517413e-02 3.163404642694583185e-02 0.000000000000000000e+00
6.240000000000000000e+02 2.496064416053287438e-01 9.301319981793354508e-01 1.706873008648156567e-02 2.218934911242603433e-02 3.060992262175694228e-02 0.000000000000000000e+00
6.270000000000000000e+02 2.508064725745851042e-01 9.291078743741465473e-01 1.775147928994082885e-02 2.253072371415566766e-02 3.060992262175694228e-02 0.000000000000000000e+00
6.300000000000000000e+02 2.520065035438414647e-01 9.295630405097861093e-01 1.775147928994082885e-02 2.412380518889394726e-02 2.856167501137915274e-02 0.000000000000000000e+00
6.330000000000000000e+02 2.532065345130978251e-01 9.309285389167045732e-01 1.809285389167045871e-02 2.355484751934456070e-02 2.730996813837050646e-02 1.137915339098771066e-04
6.360000000000000000e+02 2.544065654823541855e-01 9.325216203914429292e-01 1.854802002730996865e-02 2.275830678197542090e-02 2.605826126536185672e-02 1.137915339098771066e-04
6.390000000000000000e+02 2.556065964516107680e-01 9.336595357305416121e-01 1.775147928994082885e-02 2.321347291761493084e-02 2.537551206190259354e-02 0.000000000000000000e+00
6.420000000000000000e+02 2.568066274208671285e-01 9.320664542558033672e-01 1.888939462903959851e-02 2.389622212107419055e-02 2.514792899408284030e-02 0.000000000000000000e+00
6.450000000000000000e+02 2.580066583901234889e-01 9.296768320436959998e-01 1.957214383249886169e-02 2.480655439235321044e-02 2.594446973145198010e-02 0.000000000000000000e+00
6.480000000000000000e+02 2.592066893593798493e-01 9.311561219845243542e-01 1.843422849340009204e-02 2.480655439235321044e-02 2.560309512972235024e-02 0.000000000000000000e+00
6.510000000000000000e+02 2.604067203286362098e-01 9.305871643149750128e-01 1.854802002730996865e-02 2.537551206190259354e-02 2.548930359581247015e-02 0.000000000000000000e+00
6.540000000000000000e+02 2.616067512978925702e-01 9.311561219845243542e-01 1.843422849340009204e-02 2.662721893491124328e-02 2.366863905325443732e-02 1.137915339098771066e-04
6.570000000000000000e+02 2.628067822671489306e-01 9.317250796540736957e-01 1.832043695949021542e-02 2.537551206190259354e-02 2.446517979062357712e-02 1.137915339098771066e-04
6.600000000000000000e+02 2.640068132364052911e-01 9.333181611288120516e-01 1.877560309512972189e-02 2.537551206190259354e-02 2.241693218024579104e-02 1.137915339098771066e-04
6.630000000000000000e+02 2.652068442056618736e-01 9.343422849340009551e-01 1.866181156121984527e-02 2.503413746017296368e-02 2.184797451069640448e-02 1.137915339098771066e-04
6.660000000000000000e+02 2.664068751749182340e-01 9.360491579426490905e-01 1.797906235776058209e-02 2.435138825671370050e-02 2.139280837505689453e-02 2.275830678197542133e-04
6.690000000000000000e+02 2.676069061441745944e-01 9.386663632225762388e-01 1.775147928994082885e-02 2.366863905325443732e-02 1.979972690031861493e-02 1.137915339098771066e-04
6.720000000000000000e+02 2.688069371134309549e-01 9.385525716886663483e-01 1.797906235776058209e-02 2.264451524806554428e-02 2.082385070550751144e-02 0.000000000000000000e+00
6.750000000000000000e+02 2.700069680826873153e-01 9.369594902139281034e-01 1.911697769685935522e-02 2.355484751934456070e-02 2.036868456986800149e-02 0.000000000000000000e+00
6.780000000000000000e+02 2.712069990519436757e-01 9.369594902139281034e-01 1.832043695949021542e-02 2.321347291761493084e-02 2.150659990896677115e-02 0.000000000000000000e+00
6.810000000000000000e+02 2.724070300212000362e-01 9.384387801547564578e-01 1.820664542558033533e-02 2.162039144287665124e-02 2.173418297678652786e-02 0.000000000000000000e+00
