# itime ezz other fcc hcp bcc ico
0.000000000000000000e+00 0.000000000000000000e+00 0.000000000000000000e+00 1.000000000000000000e+00 0.000000000000000000e+00 0.000000000000000000e+00 0.000000000000000000e+00
2.500000000000000000e+02 1.000060463465013427e-03 0.000000000000000000e+00 1.000000000000000000e+00 0.000000000000000000e+00 0.000000000000000000e+00 0.000000000000000000e+00
5.000000000000000000e+02 2.000120926930026855e-03 0.000000000000000000e+00 1.000000000000000000e+00 0.000000000000000000e+00 0.000000000000000000e+00 0.000000000000000000e+00
7.500000000000000000e+02 3.000181390395040282e-03 0.000000000000000000e+00 1.000000000000000000e+00 0.000000000000000000e+00 0.000000000000000000e+00 0.000000000000000000e+00
1.000000000000000000e+03 4.000241853860053709e-03 0.000000000000000000e+00 1.000000000000000000e+00 0.000000000000000000e+00 0.000000000000000000e+00 0.000000000000000000e+00
1.250000000000000000e+03 5.000302317324845092e-03 0.000000000000000000e+00 1.000000000000000000e+00 0.000000000000000000e+00 0.000000000000000000e+00 0.000000000000000000e+00
1.500000000000000000e+03 6.000362780789858519e-03 0.000000000000000000e+00 1.000000000000000000e+00 0.000000000000000000e+00 0.000000000000000000e+00 0.000000000000000000e+00
1.750000000000000000e+03 7.000423244254871946e-03 0.000000000000000000e+00 1.000000000000000000e+00 0.000000000000000000e+00 0.000000000000000000e+00 0.000000000000000000e+00
2.000000000000000000e+03 8.000483707719885373e-03 0.000000000000000000e+00 1.000000000000000000e+00 0.000000000000000000e+00 0.000000000000000000e+00 0.000000000000000000e+00
2.250000000000000000e+03 9.000544171184898801e-03 0.000000000000000000e+00 1.000000000000000000e+00 0.000000000000000000e+00 0.000000000000000000e+00 0.000000000000000000e+00
2.500000000000000000e+03 1.000060463464991223e-02 0.000000000000000000e+00 1.000000000000000000e+00 0.000000000000000000e+00 0.000000000000000000e+00 0.000000000000000000e+00
2.750000000000000000e+03 1.100066509811492566e-02 0.000000000000000000e+00 1.000000000000000000e+00 0.000000000000000000e+00 0.000000000000000000e+00 0.000000000000000000e+00
3.000000000000000000e+03 1.200072556157993908e-02 0.000000000000000000e+00 1.000000000000000000e+00 0.000000000000000000e+00 0.000000000000000000e+00 0.000000000000000000e+00
3.250000000000000000e+03 1.300078602504495251e-02 0.000000000000000000e+00 1.000000000000000000e+00 0.000000000000000000e+00 0.000000000000000000e+00 0.000000000000000000e+00
3.500000000000000000e+03 1.400084648850996594e-02 0.000000000000000000e+00 1.000000000000000000e+00 0.000000000000000000e+00 0.000000000000000000e+00 0.000000000000000000e+00
3.750000000000000000e+03 1.500090695197475732e-02 0.000000000000000000e+00 1.000000000000000000e+00 0.000000000000000000e+00 0.000000000000000000e+00 0.000000000000000000e+00
4.000000000000000000e+03 1.600096741543977075e-02 0.000000000000000000e+00 1.000000000000000000e+00 0.000000000000000000e+00 0.000000000000000000e+00 0.000000000000000000e+00
4.250000000000000000e+03 1.700102787890478417e-02 0.000000000000000000e+00 1.000000000000000000e+00 0.000000000000000000e+00 0.000000000000000000e+00 0.000000000000000000e+00
4.500000000000000000e+03 1.800108834236979760e-02 0.000000000000000000e+00 1.000000000000000000e+00 0.000000000000000000e+00 0.000000000000000000e+00 0.000000000000000000e+00
4.750000000000000000e+03 1.900114880583481103e-02 0.000000000000000000e+00 1.000000000000000000e+00 0.000000000000000000e+00 0.000000000000000000e+00 0.000000000000000000e+00
5.000000000000000000e+03 2.000120926929982446e-02 0.000000000000000000e+00 1.000000000000000000e+00 0.000000000000000000e+00 0.000000000000000000e+00 0.000000000000000000e+00
5.250000000000000000e+03 2.100126973276483788e-02 0.000000000000000000e+00 1.000000000000000000e+00 0.000000000000000000e+00 0.000000000000000000e+00 0.000000000000000000e+00
5.500000000000000000e+03 2.200133019622985131e-02 0.000000000000000000e+00 1.000000000000000000e+00 0.000000000000000000e+00 0.000000000000000000e+00 0.000000000000000000e+00
5.750000000000000000e+03 2.300139065969486474e-02 0.000000000000000000e+00 1.000000000000000000e+00 0.000000000000000000e+00 0.000000000000000000e+00 0.000000000000000000e+00
6.000000000000000000e+03 2.400145112315987816e-02 0.000000000000000000e+00 1.000000000000000000e+00 0.000000000000000000e+00 0.000000000000000000e+00 0.000000000000000000e+00
6.250000000000000000e+03 2.500151158662466955e-02 0.000000000000000000e+00 1.000000000000000000e+00 0.000000000000000000e+00 0.000000000000000000e+00 0.000000000000000000e+00
6.500000000000000000e+03 2.600157205008968297e-02 0.000000000000000000e+00 1.000000000000000000e+00 0.000000000000000000e+00 0.000000000000000000e+00 0.000000000000000000e+00
6.750000000000000000e+03 2.700163251355469640e-02 0.000000000000000000e+00 1.000000000000000000e+00 0.000000000000000000e+00 0.000000000000000000e+00 0.000000000000000000e+00
7.000000000000000000e+03 2.800169297701970983e-02 0.000000000000000000e+00 1.000000000000000000e+00 0.000000000000000000e+00 0.000000000000000000e+00 0.000000000000000000e+00
7.250000000000000000e+03 2.900175344048472326e-02 0.000000000000000000e+00 1.000000000000000000e+00 0.000000000000000000e+00 0.000000000000000000e+00 0.000000000000000000e+00
7.500000000000000000e+03 3.000181390394973668e-02 0.000000000000000000e+00 1.000000000000000000e+00 0.000000000000000000e+00 0.000000000000000000e+00 0.000000000000000000e+00
7.750000000000000000e+03 3.100187436741475011e-02 0.000000000000000000e+00 1.000000000000000000e+00 0.000000000000000000e+00 0.000000000000000000e+00 0.000000000000000000e+00
8.000000000000000000e+03 3.200193483087976354e-02 0.000000000000000000e+00 1.000000000000000000e+00 0.000000000000000000e+00 0.000000000000000000e+00 0.000000000000000000e+00
8.250000000000000000e+03 3.300199529434477697e-02 0.000000000000000000e+00 1.000000000000000000e+00 0.000000000000000000e+00 0.000000000000000000e+00 0.000000000000000000e+00
8.500000000000000000e+03 3.400205575780956835e-02 0.000000000000000000e+00 1.000000000000000000e+00 0.000000000000000000e+00 0.000000000000000000e+00 0.000000000000000000e+00
8.750000000000000000e+03 3.500211622127458178e-02 0.000000000000000000e+00 1.000000000000000000e+00 0.000000000000000000e+00 0.000000000000000000e+00 0.000000000000000000e+00
9.000000000000000000e+03 3.600217668473959520e-02 0.000000000000000000e+00 1.000000000000000000e+00 0.000000000000000000e+00 0.000000000000000000e+00 0.000000000000000000e+00
9.250000000000000000e+03 3.700223714820460863e-02 0.000000000000000000e+00 1.000000000000000000e+00 0.000000000000000000e+00 0.000000000000000000e+00 0.000000000000000000e+00
9.500000000000000000e+03 3.800229761166962206e-02 0.000000000000000000e+00 1.000000000000000000e+00 0.000000000000000000e+00 0.000000000000000000e+00 0.000000000000000000e+00
9.750000000000000000e+03 3.900235807513463548e-02 0.000000000000000000e+00 1.000000000000000000e+00 0.000000000000000000e+00 0.000000000000000000e+00 0.000000000000000000e+00
1.000000000000000000e+04 4.000241853859964891e-02 0.000000000000000000e+00 1.000000000000000000e+00 0.000000000000000000e+00 0.000000000000000000e+00 0.000000000000000000e+00
1.025000000000000000e+04 4.100247900206466234e-02 0.000000000000000000e+00 1.000000000000000000e+00 0.000000000000000000e+00 0.000000000000000000e+00 0.000000000000000000e+00
1.050000000000000000e+04 4.200253946552967577e-02 0.000000000000000000e+00 1.000000000000000000e+00 0.000000000000000000e+00 0.000000000000000000e+00 0.000000000000000000e+00
1.075000000000000000e+04 4.300259992899468919e-02 0.000000000000000000e+00 1.000000000000000000e+00 0.000000000000000000e+00 0.000000000000000000e+00 0.000000000000000000e+00
1.100000000000000000e+04 4.400266039245948058e-02 0.000000000000000000e+00 1.000000000000000000e+00 0.000000000000000000e+00 0.000000000000000000e+00 0.000000000000000000e+00
1.125000000000000000e+04 4.500272085592449400e-02 0.000000000000000000e+00 1.000000000000000000e+00 0.000000000000000000e+00 0.000000000000000000e+00 0.000000000000000000e+00
1.150000000000000000e+04 4.600278131938950743e-02 0.000000000000000000e+00 1.000000000000000000e+00 0.000000000000000000e+00 0.000000000000000000e+00 0.000000000000000000e+00
1.175000000000000000e+04 4.700284178285452086e-02 0.000000000000000000e+00 1.000000000000000000e+00 0.000000000000000000e+00 0.000000000000000000e+00 0.000000000000000000e+00
1.200000000000000000e+04 4.800290224631953429e-02 0.000000000000000000e+00 1.000000000000000000e+00 0.000000000000000000e+00 0.000000000000000000e+00 0.000000000000000000e+00
1.225000000000000000e+04 4.900296270978454771e-02 0.000000000000000000e+00 1.000000000000000000e+00 0.000000000000000000e+00 0.000000000000000000e+00 0.000000000000000000e+00
1.250000000000000000e+04 5.000302317324956114e-02 0.000000000000000000e+00 1.000000000000000000e+00 0.000000000000000000e+00 0.000000000000000000e+00 0.000000000000000000e+00
1.275000000000000000e+04 5.100308363671457457e-02 0.000000000000000000e+00 1.000000000000000000e+00 0.000000000000000000e+00 0.000000000000000000e+00 0.000000000000000000e+00
1.300000000000000000e+04 5.200314410017958799e-02 0.000000000000000000e+00 1.000000000000000000e+00 0.000000000000000000e+00 0.000000000000000000e+00 0.000000000000000000e+00
1.325000000000000000e+04 5.300320456364460142e-02 0.000000000000000000e+00 1.000000000000000000e+00 0.000000000000000000e+00 0.000000000000000000e+00 0.000000000000000000e+00
1.350000000000000000e+04 5.400326502710939280e-02 0.000000000000000000e+00 1.000000000000000000e+00 0.000000000000000000e+00 0.000000000000000000e+00 0.000000000000000000e+00
1.375000000000000000e+04 5.500332549057440623e-02 0.000000000000000000e+00 1.000000000000000000e+00 0.000000000000000000e+00 0.000000000000000000e+00 0.000000000000000000e+00
1.400000000000000000e+04 5.600338595403941966e-02 0.000000000000000000e+00 1.000000000000000000e+00 0.000000000000000000e+00 0.000000000000000000e+00 0.000000000000000000e+00
1.425000000000000000e+04 5.700344641750443309e-02 0.000000000000000000e+00 1.000000000000000000e+00 0.000000000000000000e+00 0.000000000000000000e+00 0.000000000000000000e+00
1.450000000000000000e+04 5.800350688096944651e-02 0.000000000000000000e+00 1.000000000000000000e+00 0.000000000000000000e+00 0.000000000000000000e+00 0.000000000000000000e+00
1.475000000000000000e+04 5.900356734443445994e-02 0.000000000000000000e+00 1.000000000000000000e+00 0.000000000000000000e+00 0.000000000000000000e+00 0.000000000000000000e+00
1.500000000000000000e+04 6.000362780789947337e-02 0.000000000000000000e+00 1.000000000000000000e+00 0.000000000000000000e+00 0.000000000000000000e+00 0.000000000000000000e+00
1.525000000000000000e+04 6.100368827136448679e-02 0.000000000000000000e+00 1.000000000000000000e+00 0.000000000000000000e+00 0.000000000000000000e+00 0.000000000000000000e+00
1.550000000000000000e+04 6.200374873482950022e-02 0.000000000000000000e+00 1.000000000000000000e+00 0.000000000000000000e+00 0.000000000000000000e+00 0.000000000000000000e+00
1.575000000000000000e+04 6.300380919829429160e-02 0.000000000000000000e+00 1.000000000000000000e+00 0.000000000000000000e+00 0.000000000000000000e+00 0.000000000000000000e+00
1.600000000000000000e+04 6.400386966175930503e-02 0.000000000000000000e+00 1.000000000000000000e+00 0.000000000000000000e+00 0.000000000000000000e+00 0.000000000000000000e+00
1.625000000000000000e+04 6.500393012522431846e-02 0.000000000000000000e+00 1.000000000000000000e+00 0.000000000000000000e+00 0.000000000000000000e+00 0.000000000000000000e+00
1.650000000000000000e+04 6.600399058868933189e-02 0.000000000000000000e+00 1.000000000000000000e+00 0.000000000000000000e+00 0.000000000000000000e+00 0.000000000000000000e+00
1.675000000000000000e+04 6.700405105215434531e-02 0.000000000000000000e+00 1.000000000000000000e+00 0.000000000000000000e+00 0.000000000000000000e+00 0.000000000000000000e+00
1.700000000000000000e+04 6.800411151561935874e-02 0.000000000000000000e+00 1.000000000000000000e+00 0.000000000000000000e+00 0.000000000000000000e+00 0.000000000000000000e+00
1.725000000000000000e+04 6.900417197908437217e-02 0.000000000000000000e+00 1.000000000000000000e+00 0.000000000000000000e+00 0.000000000000000000e+00 0.000000000000000000e+00
1.750000000000000000e+04 7.000423244254938560e-02 0.000000000000000000e+00 1.000000000000000000e+00 0.000000000000000000e+00 0.000000000000000000e+00 0.000000000000000000e+00
1.775000000000000000e+04 7.100429290601439902e-02 0.000000000000000000e+00 1.000000000000000000e+00 0.000000000000000000e+00 0.000000000000000000e+00 0.000000000000000000e+00
1.800000000000000000e+04 7.200435336947941245e-02 1.137915339098771066e-04 9.998862084660901095e-01 0.000000000000000000e+00 0.000000000000000000e+00 0.000000000000000000e+00
1.825000000000000000e+04 7.300441383294420383e-02 0.000000000000000000e+00 1.000000000000000000e+00 0.000000000000000000e+00 0.000000000000000000e+00 0.000000000000000000e+00
1.850000000000000000e+04 7.400447429640921726e-02 0.000000000000000000e+00 1.000000000000000000e+00 0.000000000000000000e+00 0.000000000000000000e+00 0.000000000000000000e+00
1.875000000000000000e+04 7.500453475987423069e-02 0.000000000000000000e+00 1.000000000000000000e+00 0.000000000000000000e+00 0.000000000000000000e+00 0.000000000000000000e+00
1.900000000000000000e+04 7.600459522333924411e-02 0.000000000000000000e+00 1.000000000000000000e+00 0.000000000000000000e+00 0.000000000000000000e+00 0.000000000000000000e+00
1.925000000000000000e+04 7.700465568680425754e-02 0.000000000000000000e+00 1.000000000000000000e+00 0.000000000000000000e+00 0.000000000000000000e+00 0.000000000000000000e+00
1.950000000000000000e+04 7.800471615026927097e-02 4.551661356395084266e-04 9.995448338643604380e-01 0.000000000000000000e+00 0.000000000000000000e+00 0.000000000000000000e+00
1.975000000000000000e+04 7.900477661373428440e-02 0.000000000000000000e+00 1.000000000000000000e+00 0.000000000000000000e+00 0.000000000000000000e+00 0.000000000000000000e+00
2.000000000000000000e+04 8.000483707719929782e-02 0.000000000000000000e+00 1.000000000000000000e+00 0.000000000000000000e+00 0.000000000000000000e+00 0.000000000000000000e+00
2.025000000000000000e+04 8.100489754066431125e-02 9.103322712790168532e-04 9.990896677287209870e-01 0.000000000000000000e+00 0.000000000000000000e+00 0.000000000000000000e+00
2.050000000000000000e+04 8.200495800412910263e-02 1.137915339098771066e-04 9.998862084660901095e-01 0.000000000000000000e+00 0.000000000000000000e+00 0.000000000000000000e+00
2.075000000000000000e+04 8.300501846759411606e-02 7.965407373691396923e-04 9.992034592626308775e-01 0.000000000000000000e+00 0.000000000000000000e+00 0.000000000000000000e+00
2.100000000000000000e+04 8.400507893105912949e-02 2.275830678197542133e-04 9.996586253982703285e-01 0.000000000000000000e+00 1.137915339098771066e-04 0.000000000000000000e+00
2.125000000000000000e+04 8.500513939452414292e-02 4.551661356395084266e-04 9.995448338643604380e-01 0.000000000000000000e+00 0.000000000000000000e+00 0.000000000000000000e+00
2.150000000000000000e+04 8.600519985798915634e-02 1.820664542558033706e-03 9.978379608557123026e-01 0.000000000000000000e+00 3.413746017296313199e-04 0.000000000000000000e+00
2.175000000000000000e+04 8.700526032145416977e-02 4.551661356395084266e-04 9.995448338643604380e-01 0.000000000000000000e+00 0.000000000000000000e+00 0.000000000000000000e+00
2.200000000000000000e+04 8.800532078491918320e-02 1.479289940828402332e-03 9.985207100591716456e-01 0.000000000000000000e+00 0.000000000000000000e+00 0.000000000000000000e+00
2.225000000000000000e+04 8.900538124838419662e-02 2.048247610377787811e-03 9.977241693218024121e-01 0.000000000000000000e+00 2.275830678197542133e-04 0.000000000000000000e+00
2.250000000000000000e+04 9.000544171184921005e-02 1.820664542558033706e-03 9.981793354574419741e-01 0.000000000000000000e+00 0.000000000000000000e+00 0.000000000000000000e+00
2.275000000000000000e+04 9.100550217531422348e-02 5.689576695493854790e-04 9.994310423304506585e-01 0.000000000000000000e+00 0.000000000000000000e+00 0.000000000000000000e+00
2.300000000000000000e+04 9.200556263877901486e-02 1.137915339098770958e-03 9.988620846609012061e-01 0.000000000000000000e+00 0.000000000000000000e+00 0.000000000000000000e+00
2.325000000000000000e+04 9.300562310224402829e-02 1.706873008648156654e-03 9.982931269913518646e-01 0.000000000000000000e+00 0.000000000000000000e+00 0.000000000000000000e+00
2.350000000000000000e+04 9.400568356570904172e-02 0.000000000000000000e+00 1.000000000000000000e+00 0.000000000000000000e+00 0.000000000000000000e+00 0.000000000000000000e+00
2.375000000000000000e+04 9.500574402917405514e-02 2.617205279927173507e-03 9.970414201183431802e-01 0.000000000000000000e+00 3.413746017296313199e-04 0.000000000000000000e+00
2.400000000000000000e+04 9.600580449263906857e-02 2.275830678197541916e-03 9.976103777878926326e-01 0.000000000000000000e+00 1.137915339098771066e-04 0.000000000000000000e+00
2.425000000000000000e+04 9.700586495610408200e-02 2.389622212107419402e-03 9.973827947200728516e-01 0.000000000000000000e+00 2.275830678197542133e-04 0.000000000000000000e+00
2.450000000000000000e+04 9.800592541956909542e-02 1.593081474738279385e-03 9.981793354574419741e-01 0.000000000000000000e+00 2.275830678197542133e-04 0.000000000000000000e+00
2.475000000000000000e+04 9.900598588303410885e-02 4.665452890304961318e-03 9.948793809740554828e-01 0.000000000000000000e+00 4.551661356395084266e-04 0.000000000000000000e+00
2.500000000000000000e+04 1.000060463464991223e-01 4.324078288575329727e-03 9.956759217114247162e-01 0.000000000000000000e+00 0.000000000000000000e+00 0.000000000000000000e+00
2.525000000000000000e+04 1.010061068099641357e-01 2.275830678197541916e-03 9.977241693218024121e-01 0.000000000000000000e+00 0.000000000000000000e+00 0.000000000000000000e+00
2.550000000000000000e+04 1.020061672734289271e-01 2.162039144287664864e-03 9.977241693218024121e-01 0.000000000000000000e+00 1.137915339098771066e-04 0.000000000000000000e+00
2.575000000000000000e+04 1.030062277368939405e-01 6.144742831133363434e-03 9.937414656349567998e-01 0.000000000000000000e+00 1.137915339098771066e-04 0.000000000000000000e+00
2.600000000000000000e+04 1.040062882003589539e-01 4.096495220755575623e-03 9.957897132453344957e-01 0.000000000000000000e+00 1.137915339098771066e-04 0.000000000000000000e+00
2.625000000000000000e+04 1.050063486638239674e-01 2.389622212107419402e-03 9.973827947200728516e-01 0.000000000000000000e+00 2.275830678197542133e-04 0.000000000000000000e+00
2.650000000000000000e+04 1.060064091272889808e-01 7.055075102412380721e-03 9.927173418297678964e-01 0.000000000000000000e+00 2.275830678197542133e-04 0.000000000000000000e+00
2.675000000000000000e+04 1.070064695907539942e-01 8.875739644970414427e-03 9.902139280837505275e-01 0.000000000000000000e+00 9.103322712790168532e-04 0.000000000000000000e+00
2.700000000000000000e+04 1.080065300542190077e-01 1.729631315430131891e-02 9.779244424214837972e-01 0.000000000000000000e+00 4.779244424214838804e-03 0.000000000000000000e+00
2.725000000000000000e+04 1.090065905176840211e-01 4.699590350477924477e-02 9.041875284478835262e-01 0.000000000000000000e+00 4.881656804733727761e-02 0.000000000000000000e+00
2.750000000000000000e+04 1.100066509811490345e-01 1.597633136094674666e-01 2.344105598543468338e-01 7.965407373691396923e-04 6.050295857988166048e-01 0.000000000000000000e+00
2.775000000000000000e+04 1.110067114446138259e-01 1.846836595357305433e-01 3.717569412835685094e-01 9.251251706873007963e-02 3.510468821119708815e-01 0.000000000000000000e+00
2.800000000000000000e+04 1.120067719080788393e-01 2.246244879380974169e-01 4.609695038689121671e-01 2.463586709148839204e-01 6.804733727810650945e-02 0.000000000000000000e+00
2.825000000000000000e+04 1.130068323715438527e-01 2.135867091488393155e-01 4.923759672280382249e-01 2.618343195266272239e-01 3.220300409649522189e-02 0.000000000000000000e+00
2.850000000000000000e+04 1.140068928350088662e-01 1.807009558488848477e-01 5.252617205279926926e-01 2.857305416477013971e-01 8.306781975421027864e-03 0.000000000000000000e+00
2.875000000000000000e+04 1.150069532984738796e-01 1.686390532544378706e-01 5.687300864815657553e-01 2.577378243058716656e-01 4.893035958124715423e-03 0.000000000000000000e+00
2.900000000000000000e+04 1.160070137619388930e-01 1.545289030496131144e-01 5.798816568047336917e-01 2.605826126536185949e-01 5.006827492034592909e-03 0.000000000000000000e+00
2.925000000000000000e+04 1.170070742254039065e-01 1.411015020482476179e-01 5.941055985434683384e-01 2.617205279927173334e-01 3.072371415566681717e-03 0.000000000000000000e+00
2.950000000000000000e+04 1.180071346888689199e-01 1.350705507510241155e-01 6.257396449704142327e-01 2.356622667273554905e-01 3.527537551206190360e-03 0.000000000000000000e+00
2.975000000000000000e+04 1.190071951523339333e-01 1.093536640873919025e-01 6.634046426945835462e-01 2.215521165225307343e-01 5.689576695493855224e-03 0.000000000000000000e+00
3.000000000000000000e+04 1.200072556157989467e-01 8.989531178880291740e-02 6.792216659080564378e-01 2.278106508875739622e-01 3.072371415566681717e-03 0.000000000000000000e+00
3.025000000000000000e+04 1.210073160792637381e-01 8.659535730541648157e-02 6.825216203914429292e-01 2.272416932180245652e-01 3.641329085116067413e-03 0.000000000000000000e+00
3.050000000000000000e+04 1.220073765427287515e-01 8.431952662721893532e-02 6.827492034592625991e-01 2.297451069640418786e-01 3.186162949476558769e-03 0.000000000000000000e+00
3.075000000000000000e+04 1.230074370061937650e-01 8.477469276285844180e-02 6.834319526627219421e-01 2.284934000910332219e-01 3.299954483386436255e-03 0.000000000000000000e+00
3.100000000000000000e+04 1.240074974696587784e-01 8.557123350022757813e-02 6.824078288575330387e-01 2.294037323623122349e-01 2.617205279927173507e-03 0.000000000000000000e+00
3.125000000000000000e+04 1.250075579331237918e-01 8.454710969503868856e-02 6.827492034592625991e-01 2.297451069640418786e-01 2.958579881656804664e-03 0.000000000000000000e+00
3.150000000000000000e+04 1.260076183965888053e-01 8.488848429676831842e-02 6.824078288575330387e-01 2.296313154301319881e-01 3.072371415566681717e-03 0.000000000000000000e+00
3.175000000000000000e+04 1.270076788600538187e-01 8.454710969503868856e-02 6.826354119253527086e-01 2.292899408284023721e-01 3.527537551206190360e-03 0.000000000000000000e+00
3.200000000000000000e+04 1.280077393235188321e-01 8.522985889849794827e-02 6.819526627218934767e-01 2.294037323623122349e-01 3.413746017296313308e-03 0.000000000000000000e+00
3.225000000000000000e+04 1.290077997869838455e-01 8.557123350022757813e-02 6.824078288575330387e-01 2.282658170232134687e-01 3.755120619025944465e-03 0.000000000000000000e+00
3.250000000000000000e+04 1.300078602504488590e-01 8.659535730541648157e-02 6.820664542558033672e-01 2.291761492944924816e-01 2.162039144287664864e-03 0.000000000000000000e+00
3.275000000000000000e+04 1.310079207139136503e-01 8.443331816112881194e-02 6.821802457897132577e-01 2.302002730996813851e-01 3.186162949476558769e-03 0.000000000000000000e+00
3.300000000000000000e+04 1.320079811773786638e-01 8.636777423759672834e-02 6.816112881201638052e-01 2.290623577605826189e-01 2.958579881656804664e-03 0.000000000000000000e+00
3.325000000000000000e+04 1.330080416408436772e-01 8.545744196631770151e-02 6.822940373236231482e-01 2.298588984979517413e-01 2.389622212107419402e-03 0.000000000000000000e+00
3.350000000000000000e+04 1.340081021043086906e-01 8.477469276285844180e-02 6.822940373236231482e-01 2.298588984979517413e-01 3.072371415566681717e-03 0.000000000000000000e+00
3.375000000000000000e+04 1.350081625677737041e-01 8.534365043240782489e-02 6.824078288575330387e-01 2.283796085571233592e-01 3.868912152935821518e-03 0.000000000000000000e+00
3.400000000000000000e+04 1.360082230312387175e-01 8.579881656804733137e-02 6.826354119253527086e-01 2.287209831588529751e-01 2.844788347746927612e-03 0.000000000000000000e+00
3.425000000000000000e+04 1.370082834947037309e-01 8.500227583067819503e-02 6.824078288575330387e-01 2.292899408284023721e-01 3.299954483386436255e-03 0.000000000000000000e+00
3.450000000000000000e+04 1.380083439581687443e-01 8.500227583067819503e-02 6.824078288575330387e-01 2.286071916249431124e-01 3.982703686845699004e-03 0.000000000000000000e+00
3.475000000000000000e+04 1.390084044216337578e-01 8.488848429676831842e-02 6.828629949931724896e-01 2.288347746927628656e-01 3.413746017296313308e-03 0.000000000000000000e+00
3.500000000000000000e+04 1.400084648850985491e-01 8.318161128812016913e-02 6.836595357305416121e-01 2.288347746927628656e-01 4.324078288575329727e-03 0.000000000000000000e+00
3.525000000000000000e+04 1.410085253485635626e-01 8.522985889849794827e-02 6.829767865270823801e-01 2.291761492944924816e-01 2.617205279927173507e-03 0.000000000000000000e+00
3.550000000000000000e+04 1.420085858120285760e-01 8.591260810195720798e-02 6.829767865270823801e-01 2.279244424214838527e-01 3.186162949476558769e-03 0.000000000000000000e+00
3.575000000000000000e+04 1.430086462754935894e-01 8.511606736458807165e-02 6.825216203914429292e-01 2.284934000910332219e-01 3.868912152935821518e-03 0.000000000000000000e+00
3.600000000000000000e+04 1.440087067389586029e-01 8.477469276285844180e-02 6.830905780609922706e-01 2.291761492944924816e-01 2.958579881656804664e-03 0.000000000000000000e+00
3.625000000000000000e+04 1.450087672024236163e-01 8.534365043240782489e-02 6.830905780609922706e-01 2.286071916249431124e-01 2.958579881656804664e-03 0.000000000000000000e+00
3.650000000000000000e+04 1.460088276658886297e-01 7.771961766044606368e-02 6.859353664087392000e-01 2.323623122439690547e-01 3.982703686845699004e-03 0.000000000000000000e+00
3.675000000000000000e+04 1.470088881293536431e-01 7.635411925352754425e-02 6.859353664087392000e-01 2.338416021847974646e-01 3.868912152935821518e-03 0.000000000000000000e+00
3.700000000000000000e+04 1.480089485928186566e-01 7.874374146563495325e-02 6.853664087391898585e-01 2.329312699135184239e-01 2.958579881656804664e-03 0.000000000000000000e+00
3.725000000000000000e+04 1.490090090562836700e-01 7.658170232134729749e-02 6.866181156121984319e-01 2.328174783796085612e-01 3.982703686845699004e-03 0.000000000000000000e+00
3.750000000000000000e+04 1.500090695197484614e-01 7.703686845698680397e-02 6.927628584433318526e-01 2.274692762858443462e-01 2.730996813837050560e-03 0.000000000000000000e+00
3.775000000000000000e+04 1.510091299832134748e-01 8.170232134729175921e-02 7.303140646335912756e-01 1.862767410104688159e-01 1.706873008648156654e-03 0.000000000000000000e+00
3.800000000000000000e+04 1.520091904466784882e-01 7.362312243969049153e-02 7.985889849795174689e-01 1.253982703686845612e-01 2.389622212107419402e-03 0.000000000000000000e+00
3.825000000000000000e+04 1.530092509101435017e-01 6.156121984524351443e-02 8.185025034137459743e-01 1.186845698680018268e-01 1.251706873008648227e-03 0.000000000000000000e+00
3.850000000000000000e+04 1.540093113736085151e-01 6.167501137915339104e-02 8.175921711424669613e-01 1.191397360036413333e-01 1.593081474738279385e-03 0.000000000000000000e+00
3.875000000000000000e+04 1.550093718370735285e-01 6.156121984524351443e-02 8.172507965407374009e-01 1.193673190714610866e-01 1.820664542558033706e-03 0.000000000000000000e+00
3.900000000000000000e+04 1.560094323005385419e-01 6.258534365043240399e-02 8.173645880746472914e-01 1.187983614019117035e-01 1.251706873008648227e-03 0.000000000000000000e+00
3.925000000000000000e+04 1.570094927640035554e-01 6.133363677742376119e-02 8.177059626763768518e-01 1.194811106053709632e-01 1.479289940828402332e-03 0.000000000000000000e+00
3.950000000000000000e+04 1.580095532274685688e-01 6.144742831133363781e-02 8.175921711424669613e-01 1.189121529358215801e-01 2.048247610377787811e-03 0.000000000000000000e+00
3.975000000000000000e+04 1.590096136909335822e-01 6.156121984524351443e-02 8.179335457441966328e-01 1.190259444697314567e-01 1.479289940828402332e-03 0.000000000000000000e+00
4.000000000000000000e+04 1.600096741543983736e-01 6.030951297223486468e-02 8.178197542102867423e-01 1.193673190714610866e-01 2.503413746017296455e-03 0.000000000000000000e+00
4.025000000000000000e+04 1.610097346178633870e-01 6.269913518434228061e-02 8.162266727355484974e-01 1.182294037323623065e-01 2.844788347746927612e-03 0.000000000000000000e+00
4.050000000000000000e+04 1.620097950813284005e-01 6.224396904870277414e-02 8.170232134729176199e-01 1.190259444697314567e-01 1.706873008648156654e-03 0.000000000000000000e+00
4.075000000000000000e+04 1.630098555447934139e-01 6.235776058261265076e-02 8.173645880746472914e-01 1.187983614019117035e-01 1.479289940828402332e-03 0.000000000000000000e+00
4.100000000000000000e+04 1.640099160082584273e-01 6.201638598088302090e-02 8.169094219390077294e-01 1.190259444697314567e-01 2.048247610377787811e-03 0.000000000000000000e+00
4.125000000000000000e+04 1.650099764717234407e-01 6.258534365043240399e-02 8.166818388711879484e-01 1.189121529358215801e-01 1.820664542558033706e-03 0.000000000000000000e+00
4.150000000000000000e+04 1.660100369351884542e-01 6.304050978607191047e-02 8.163404642694583879e-01 1.186845698680018268e-01 1.934456076467910759e-03 0.000000000000000000e+00
4.175000000000000000e+04 1.670100973986534676e-01 6.133363677742376119e-02 8.170232134729176199e-01 1.200500682749203463e-01 1.593081474738279385e-03 0.000000000000000000e+00
4.200000000000000000e+04 1.680101578621184810e-01 6.224396904870277414e-02 8.172507965407374009e-01 1.193673190714610866e-01 1.137915339098770958e-03 0.000000000000000000e+00
4.225000000000000000e+04 1.690102183255832724e-01 6.201638598088302090e-02 8.169094219390077294e-01 1.193673190714610866e-01 1.706873008648156654e-03 0.000000000000000000e+00
4.250000000000000000e+04 1.700102787890482858e-01 6.372325898953118406e-02 8.169094219390077294e-01 1.173190714610832935e-01 2.048247610377787811e-03 0.000000000000000000e+00
4.275000000000000000e+04 1.710103392525132993e-01 6.235776058261265076e-02 8.163404642694583879e-01 1.192535275375512099e-01 2.048247610377787811e-03 0.000000000000000000e+00
4.300000000000000000e+04 1.720103997159783127e-01 6.156121984524351443e-02 8.165680473372780579e-01 1.193673190714610866e-01 2.503413746017296455e-03 0.000000000000000000e+00
4.325000000000000000e+04 1.730104601794433261e-01 6.167501137915339104e-02 8.178197542102867423e-01 1.186845698680018268e-01 1.820664542558033706e-03 0.000000000000000000e+00
4.350000000000000000e+04 1.740105206429083395e-01 6.281292671825215723e-02 8.165680473372780579e-01 1.189121529358215801e-01 1.706873008648156654e-03 0.000000000000000000e+00
4.375000000000000000e+04 1.750105811063733530e-01 6.269913518434228061e-02 8.173645880746472914e-01 1.172052799271734169e-01 2.730996813837050560e-03 0.000000000000000000e+00
4.400000000000000000e+04 1.760106415698383664e-01 6.201638598088302090e-02 8.164542558033682784e-01 1.192535275375512099e-01 2.275830678197541916e-03 0.000000000000000000e+00
4.425000000000000000e+04 1.770107020333033798e-01 6.201638598088302090e-02 8.169094219390077294e-01 1.182294037323623065e-01 2.844788347746927612e-03 0.000000000000000000e+00
4.450000000000000000e+04 1.780107624967683932e-01 6.349567592171143082e-02 8.158852981338188259e-01 1.177742375967228000e-01 2.844788347746927612e-03 0.000000000000000000e+00
4.475000000000000000e+04 1.790108229602331846e-01 6.304050978607191047e-02 8.171370050068275104e-01 1.174328629949931702e-01 2.389622212107419402e-03 0.000000000000000000e+00
4.500000000000000000e+04 1.800108834236981981e-01 6.406463359126081392e-02 8.155439235320892655e-01 1.181156121984524299e-01 2.275830678197541916e-03 0.000000000000000000e+00
4.525000000000000000e+04 1.810109438871632115e-01 6.247155211652252738e-02 8.165680473372780579e-01 1.178880291306326766e-01 3.072371415566681717e-03 0.000000000000000000e+00
4.550000000000000000e+04 1.820110043506282249e-01 6.326809285389166371e-02 8.171370050068275104e-01 1.178880291306326766e-01 1.706873008648156654e-03 0.000000000000000000e+00
4.575000000000000000e+04 1.830110648140932383e-01 6.235776058261265076e-02 8.185025034137459743e-01 1.173190714610832935e-01 1.820664542558033706e-03 0.000000000000000000e+00
4.600000000000000000e+04 1.840111252775582518e-01 6.360946745562130744e-02 8.166818388711879484e-01 1.170914883932635403e-01 2.617205279927173507e-03 0.000000000000000000e+00
4.625000000000000000e+04 1.850111857410232652e-01 6.440600819299044377e-02 8.170232134729176199e-01 1.153846153846153910e-01 3.186162949476558769e-03 0.000000000000000000e+00
4.650000000000000000e+04 1.860112462044882786e-01 6.269913518434228061e-02 8.175921711424669613e-01 1.169776968593536637e-01 2.730996813837050560e-03 0.000000000000000000e+00
4.675000000000000000e+04 1.870113066679532920e-01 6.565771506599908658e-02 8.231679563040509295e-01 1.086709148839326289e-01 2.503413746017296455e-03 0.000000000000000000e+00
4.700000000000000000e+04 1.880113671314183055e-01 7.476103777878925771e-02 8.709604005461993870e-01 5.018206645425580398e-02 4.096495220755575623e-03 0.000000000000000000e+00
4.725000000000000000e+04 1.890114275948830969e-01 5.769230769230769551e-02 9.417387346381429492e-01 4.551661356395084266e-04 1.137915339098771066e-04 0.000000000000000000e+00
4.750000000000000000e+04 1.900114880583481103e-01 5.473372781065088954e-02 9.445835229858898785e-01 6.827492034592626399e-04 0.000000000000000000e+00 0.000000000000000000e+00
4.775000000000000000e+04 1.910115485218131237e-01 5.484751934456076616e-02 9.446973145197997690e-01 4.551661356395084266e-04 0.000000000000000000e+00 0.000000000000000000e+00
4.800000000000000000e+04 1.920116089852781371e-01 5.450614474283113631e-02 9.446973145197997690e-01 7.965407373691396923e-04 0.000000000000000000e+00 0.000000000000000000e+00
4.825000000000000000e+04 1.930116694487431506e-01 5.370960400546199304e-02 9.451524806554392200e-01 1.024123805188893906e-03 1.137915339098771066e-04 0.000000000000000000e+00
4.850000000000000000e+04 1.940117299122081640e-01 5.439235320892125969e-02 9.451524806554392200e-01 3.413746017296313199e-04 1.137915339098771066e-04 0.000000000000000000e+00
4.875000000000000000e+04 1.950117903756731774e-01 5.427856167501137613e-02 9.452662721893491105e-01 3.413746017296313199e-04 1.137915339098771066e-04 0.000000000000000000e+00
4.900000000000000000e+04 1.960118508391381908e-01 5.461993627674101293e-02 9.446973145197997690e-01 4.551661356395084266e-04 2.275830678197542133e-04 0.000000000000000000e+00
4.925000000000000000e+04 1.970119113026032043e-01 5.450614474283113631e-02 9.442421483841602070e-01 1.137915339098770958e-03 1.137915339098771066e-04 0.000000000000000000e+00
4.950000000000000000e+04 1.980119717660679957e-01 5.382339553937186966e-02 9.450386891215293295e-01 1.024123805188893906e-03 1.137915339098771066e-04 0.000000000000000000e+00
4.975000000000000000e+04 1.990120322295330091e-01 5.427856167501137613e-02 9.449248975876194390e-01 5.689576695493854790e-04 2.275830678197542133e-04 0.000000000000000000e+00
5.000000000000000000e+04 2.000120926929980225e-01 5.450614474283113631e-02 9.448111060537096595e-01 5.689576695493854790e-04 1.137915339098771066e-04 0.000000000000000000e+00
5.025000000000000000e+04 2.010121531564630359e-01 5.518889394629039602e-02 9.440145653163404260e-01 7.965407373691396923e-04 0.000000000000000000e+00 0.000000000000000000e+00
5.050000000000000000e+04 2.020122136199280494e-01 5.416477014110149951e-02 9.451524806554392200e-01 5.689576695493854790e-04 1.137915339098771066e-04 0.000000000000000000e+00
5.075000000000000000e+04 2.030122740833930628e-01 5.427856167501137613e-02 9.446973145197997690e-01 7.965407373691396923e-04 2.275830678197542133e-04 0.000000000000000000e+00
5.100000000000000000e+04 2.040123345468580762e-01 5.461993627674101293e-02 9.440145653163404260e-01 3.413746017296313199e-04 1.024123805188893906e-03 0.000000000000000000e+00
5.125000000000000000e+04 2.050123950103230897e-01 5.223031406463359005e-02 9.475421028675466983e-01 2.275830678197542133e-04 0.000000000000000000e+00 0.000000000000000000e+00
5.150000000000000000e+04 2.060124554737881031e-01 4.710969503868912139e-02 9.528903049613108855e-01 0.000000000000000000e+00 0.000000000000000000e+00 0.000000000000000000e+00
5.175000000000000000e+04 2.070125159372531165e-01 4.756486117432862787e-02 9.524351388256713236e-01 0.000000000000000000e+00 0.000000000000000000e+00 0.000000000000000000e+00
5.200000000000000000e+04 2.080125764007179079e-01 4.756486117432862787e-02 9.524351388256713236e-01 0.000000000000000000e+00 0.000000000000000000e+00 0.000000000000000000e+00
5.225000000000000000e+04 2.090126368641829213e-01 4.767865270823850449e-02 9.523213472917615441e-01 0.000000000000000000e+00 0.000000000000000000e+00 0.000000000000000000e+00
5.250000000000000000e+04 2.100126973276479347e-01 4.710969503868912139e-02 9.528903049613108855e-01 0.000000000000000000e+00 0.000000000000000000e+00 0.000000000000000000e+00
5.275000000000000000e+04 2.110127577911129482e-01 4.722348657259899801e-02 9.527765134274009950e-01 0.000000000000000000e+00 0.000000000000000000e+00 0.000000000000000000e+00
5.300000000000000000e+04 2.120128182545779616e-01 4.722348657259899801e-02 9.527765134274009950e-01 0.000000000000000000e+00 0.000000000000000000e+00 0.000000000000000000e+00
5.325000000000000000e+04 2.130128787180429750e-01 4.722348657259899801e-02 9.527765134274009950e-01 0.000000000000000000e+00 0.000000000000000000e+00 0.000000000000000000e+00
5.350000000000000000e+04 2.140129391815079885e-01 4.836140191169777114e-02 9.516385980883022011e-01 0.000000000000000000e+00 0.000000000000000000e+00 0.000000000000000000e+00
5.375000000000000000e+04 2.150129996449730019e-01 4.790623577605826466e-02 9.520937642239417631e-01 0.000000000000000000e+00 0.000000000000000000e+00 0.000000000000000000e+00
5.400000000000000000e+04 2.160130601084380153e-01 4.756486117432862787e-02 9.524351388256713236e-01 0.000000000000000000e+00 0.000000000000000000e+00 0.000000000000000000e+00
5.425000000000000000e+04 2.170131205719030287e-01 4.756486117432862787e-02 9.523213472917615441e-01 0.000000000000000000e+00 1.137915339098771066e-04 0.000000000000000000e+00
5.450000000000000000e+04 2.180131810353678201e-01 4.710969503868912139e-02 9.528903049613108855e-01 0.000000000000000000e+00 0.000000000000000000e+00 0.000000000000000000e+00
5.475000000000000000e+04 2.190132414988328335e-01 4.710969503868912139e-02 9.527765134274009950e-01 0.000000000000000000e+00 1.137915339098771066e-04 0.000000000000000000e+00
5.500000000000000000e+04 2.200133019622978470e-01 4.722348657259899801e-02 9.527765134274009950e-01 0.000000000000000000e+00 0.000000000000000000e+00 0.000000000000000000e+00
5.525000000000000000e+04 2.210133624257628604e-01 4.767865270823850449e-02 9.523213472917615441e-01 0.000000000000000000e+00 0.000000000000000000e+00 0.000000000000000000e+00
5.550000000000000000e+04 2.220134228892278738e-01 4.767865270823850449e-02 9.523213472917615441e-01 0.000000000000000000e+00 0.000000000000000000e+00 0.000000000000000000e+00
5.575000000000000000e+04 2.230134833526928873e-01 4.779244424214838111e-02 9.522075557578516536e-01 0.000000000000000000e+00 0.000000000000000000e+00 0.000000000000000000e+00
5.600000000000000000e+04 2.240135438161579007e-01 4.767865270823850449e-02 9.522075557578516536e-01 0.000000000000000000e+00 1.137915339098771066e-04 0.000000000000000000e+00
5.625000000000000000e+04 2.250136042796229141e-01 4.733727810650887463e-02 9.526627218934911046e-01 0.000000000000000000e+00 0.000000000000000000e+00 0.000000000000000000e+00
5.650000000000000000e+04 2.260136647430879275e-01 4.824761037778789452e-02 9.516385980883022011e-01 0.000000000000000000e+00 1.137915339098771066e-04 0.000000000000000000e+00
5.675000000000000000e+04 2.270137252065527189e-01 4.756486117432862787e-02 9.523213472917615441e-01 0.000000000000000000e+00 1.137915339098771066e-04 0.000000000000000000e+00
