# itime ezz other fcc hcp bcc ico
0.000000000000000000e+00 0.000000000000000000e+00 0.000000000000000000e+00 1.000000000000000000e+00 0.000000000000000000e+00 0.000000000000000000e+00 0.000000000000000000e+00
2.500000000000000000e+02 9.999882465066001203e-04 0.000000000000000000e+00 1.000000000000000000e+00 0.000000000000000000e+00 0.000000000000000000e+00 0.000000000000000000e+00
5.000000000000000000e+02 1.999976493013422285e-03 0.000000000000000000e+00 1.000000000000000000e+00 0.000000000000000000e+00 0.000000000000000000e+00 0.000000000000000000e+00
7.500000000000000000e+02 2.999964739520022405e-03 0.000000000000000000e+00 1.000000000000000000e+00 0.000000000000000000e+00 0.000000000000000000e+00 0.000000000000000000e+00
1.000000000000000000e+03 3.999952986026622526e-03 0.000000000000000000e+00 1.000000000000000000e+00 0.000000000000000000e+00 0.000000000000000000e+00 0.000000000000000000e+00
1.250000000000000000e+03 4.999941232533444690e-03 0.000000000000000000e+00 1.000000000000000000e+00 0.000000000000000000e+00 0.000000000000000000e+00 0.000000000000000000e+00
1.500000000000000000e+03 5.999929479040044811e-03 0.000000000000000000e+00 1.000000000000000000e+00 0.000000000000000000e+00 0.000000000000000000e+00 0.000000000000000000e+00
1.750000000000000000e+03 6.999917725546644931e-03 0.000000000000000000e+00 1.000000000000000000e+00 0.000000000000000000e+00 0.000000000000000000e+00 0.000000000000000000e+00
2.000000000000000000e+03 7.999905972053245051e-03 0.000000000000000000e+00 1.000000000000000000e+00 0.000000000000000000e+00 0.000000000000000000e+00 0.000000000000000000e+00
2.250000000000000000e+03 8.999894218560067216e-03 0.000000000000000000e+00 1.000000000000000000e+00 0.000000000000000000e+00 0.000000000000000000e+00 0.000000000000000000e+00
2.500000000000000000e+03 9.999882465066667336e-03 0.000000000000000000e+00 1.000000000000000000e+00 0.000000000000000000e+00 0.000000000000000000e+00 0.000000000000000000e+00
2.750000000000000000e+03 1.099987071157326746e-02 0.000000000000000000e+00 1.000000000000000000e+00 0.000000000000000000e+00 0.000000000000000000e+00 0.000000000000000000e+00
3.000000000000000000e+03 1.199985895808008962e-02 0.000000000000000000e+00 1.000000000000000000e+00 0.000000000000000000e+00 0.000000000000000000e+00 0.000000000000000000e+00
3.250000000000000000e+03 1.299984720458668974e-02 0.000000000000000000e+00 1.000000000000000000e+00 0.000000000000000000e+00 0.000000000000000000e+00 0.000000000000000000e+00
3.500000000000000000e+03 1.399983545109328986e-02 0.000000000000000000e+00 1.000000000000000000e+00 0.000000000000000000e+00 0.000000000000000000e+00 0.000000000000000000e+00
3.750000000000000000e+03 1.499982369760011203e-02 0.000000000000000000e+00 1.000000000000000000e+00 0.000000000000000000e+00 0.000000000000000000e+00 0.000000000000000000e+00
4.000000000000000000e+03 1.599981194410671215e-02 0.000000000000000000e+00 1.000000000000000000e+00 0.000000000000000000e+00 0.000000000000000000e+00 0.000000000000000000e+00
4.250000000000000000e+03 1.699980019061331227e-02 0.000000000000000000e+00 1.000000000000000000e+00 0.000000000000000000e+00 0.000000000000000000e+00 0.000000000000000000e+00
4.500000000000000000e+03 1.799978843711991239e-02 0.000000000000000000e+00 1.000000000000000000e+00 0.000000000000000000e+00 0.000000000000000000e+00 0.000000000000000000e+00
4.750000000000000000e+03 1.899977668362673455e-02 0.000000000000000000e+00 1.000000000000000000e+00 0.000000000000000000e+00 0.000000000000000000e+00 0.000000000000000000e+00
5.000000000000000000e+03 1.999976493013333467e-02 0.000000000000000000e+00 1.000000000000000000e+00 0.000000000000000000e+00 0.000000000000000000e+00 0.000000000000000000e+00
5.250000000000000000e+03 2.099975317663993479e-02 0.000000000000000000e+00 1.000000000000000000e+00 0.000000000000000000e+00 0.000000000000000000e+00 0.000000000000000000e+00
5.500000000000000000e+03 2.199974142314675696e-02 0.000000000000000000e+00 1.000000000000000000e+00 0.000000000000000000e+00 0.000000000000000000e+00 0.000000000000000000e+00
5.750000000000000000e+03 2.299972966965335708e-02 0.000000000000000000e+00 1.000000000000000000e+00 0.000000000000000000e+00 0.000000000000000000e+00 0.000000000000000000e+00
6.000000000000000000e+03 2.399971791615995720e-02 0.000000000000000000e+00 1.000000000000000000e+00 0.000000000000000000e+00 0.000000000000000000e+00 0.000000000000000000e+00
6.250000000000000000e+03 2.499970616266677936e-02 0.000000000000000000e+00 1.000000000000000000e+00 0.000000000000000000e+00 0.000000000000000000e+00 0.000000000000000000e+00
6.500000000000000000e+03 2.599969440917337948e-02 0.000000000000000000e+00 1.000000000000000000e+00 0.000000000000000000e+00 0.000000000000000000e+00 0.000000000000000000e+00
6.750000000000000000e+03 2.699968265567997960e-02 0.000000000000000000e+00 1.000000000000000000e+00 0.000000000000000000e+00 0.000000000000000000e+00 0.000000000000000000e+00
7.000000000000000000e+03 2.799967090218657972e-02 0.000000000000000000e+00 1.000000000000000000e+00 0.000000000000000000e+00 0.000000000000000000e+00 0.000000000000000000e+00
7.250000000000000000e+03 2.899965914869340189e-02 0.000000000000000000e+00 1.000000000000000000e+00 0.000000000000000000e+00 0.000000000000000000e+00 0.000000000000000000e+00
7.500000000000000000e+03 2.999964739520000201e-02 0.000000000000000000e+00 1.000000000000000000e+00 0.000000000000000000e+00 0.000000000000000000e+00 0.000000000000000000e+00
7.750000000000000000e+03 3.099963564170660213e-02 0.000000000000000000e+00 1.000000000000000000e+00 0.000000000000000000e+00 0.000000000000000000e+00 0.000000000000000000e+00
8.000000000000000000e+03 3.199962388821342429e-02 0.000000000000000000e+00 1.000000000000000000e+00 0.000000000000000000e+00 0.000000000000000000e+00 0.000000000000000000e+00
8.250000000000000000e+03 3.299961213472002441e-02 0.000000000000000000e+00 1.000000000000000000e+00 0.000000000000000000e+00 0.000000000000000000e+00 0.000000000000000000e+00
8.500000000000000000e+03 3.399960038122662453e-02 0.000000000000000000e+00 1.000000000000000000e+00 0.000000000000000000e+00 0.000000000000000000e+00 0.000000000000000000e+00
8.750000000000000000e+03 3.499958862773344670e-02 0.000000000000000000e+00 1.000000000000000000e+00 0.000000000000000000e+00 0.000000000000000000e+00 0.000000000000000000e+00
9.000000000000000000e+03 3.599957687424004682e-02 0.000000000000000000e+00 1.000000000000000000e+00 0.000000000000000000e+00 0.000000000000000000e+00 0.000000000000000000e+00
9.250000000000000000e+03 3.699956512074664694e-02 0.000000000000000000e+00 1.000000000000000000e+00 0.000000000000000000e+00 0.000000000000000000e+00 0.000000000000000000e+00
9.500000000000000000e+03 3.799955336725324706e-02 0.000000000000000000e+00 1.000000000000000000e+00 0.000000000000000000e+00 0.000000000000000000e+00 0.000000000000000000e+00
9.750000000000000000e+03 3.899954161376006923e-02 0.000000000000000000e+00 1.000000000000000000e+00 0.000000000000000000e+00 0.000000000000000000e+00 0.000000000000000000e+00
1.000000000000000000e+04 3.999952986026666935e-02 0.000000000000000000e+00 1.000000000000000000e+00 0.000000000000000000e+00 0.000000000000000000e+00 0.000000000000000000e+00
1.025000000000000000e+04 4.099951810677326947e-02 0.000000000000000000e+00 1.000000000000000000e+00 0.000000000000000000e+00 0.000000000000000000e+00 0.000000000000000000e+00
1.050000000000000000e+04 4.199950635328009163e-02 0.000000000000000000e+00 1.000000000000000000e+00 0.000000000000000000e+00 0.000000000000000000e+00 0.000000000000000000e+00
1.075000000000000000e+04 4.299949459978669175e-02 0.000000000000000000e+00 1.000000000000000000e+00 0.000000000000000000e+00 0.000000000000000000e+00 0.000000000000000000e+00
1.100000000000000000e+04 4.399948284629329187e-02 0.000000000000000000e+00 1.000000000000000000e+00 0.000000000000000000e+00 0.000000000000000000e+00 0.000000000000000000e+00
1.125000000000000000e+04 4.499947109280011404e-02 0.000000000000000000e+00 1.000000000000000000e+00 0.000000000000000000e+00 0.000000000000000000e+00 0.000000000000000000e+00
1.150000000000000000e+04 4.599945933930671416e-02 0.000000000000000000e+00 1.000000000000000000e+00 0.000000000000000000e+00 0.000000000000000000e+00 0.000000000000000000e+00
1.175000000000000000e+04 4.699944758581331428e-02 0.000000000000000000e+00 1.000000000000000000e+00 0.000000000000000000e+00 0.000000000000000000e+00 0.000000000000000000e+00
1.200000000000000000e+04 4.799943583231991440e-02 0.000000000000000000e+00 1.000000000000000000e+00 0.000000000000000000e+00 0.000000000000000000e+00 0.000000000000000000e+00
1.225000000000000000e+04 4.899942407882673656e-02 0.000000000000000000e+00 1.000000000000000000e+00 0.000000000000000000e+00 0.000000000000000000e+00 0.000000000000000000e+00
1.250000000000000000e+04 4.999941232533333668e-02 0.000000000000000000e+00 1.000000000000000000e+00 0.000000000000000000e+00 0.000000000000000000e+00 0.000000000000000000e+00
1.275000000000000000e+04 5.099940057183993680e-02 0.000000000000000000e+00 1.000000000000000000e+00 0.000000000000000000e+00 0.000000000000000000e+00 0.000000000000000000e+00
1.300000000000000000e+04 5.199938881834675897e-02 0.000000000000000000e+00 1.000000000000000000e+00 0.000000000000000000e+00 0.000000000000000000e+00 0.000000000000000000e+00
1.325000000000000000e+04 5.299937706485335909e-02 0.000000000000000000e+00 1.000000000000000000e+00 0.000000000000000000e+00 0.000000000000000000e+00 0.000000000000000000e+00
1.350000000000000000e+04 5.399936531135995921e-02 0.000000000000000000e+00 1.000000000000000000e+00 0.000000000000000000e+00 0.000000000000000000e+00 0.000000000000000000e+00
1.375000000000000000e+04 5.499935355786678137e-02 0.000000000000000000e+00 1.000000000000000000e+00 0.000000000000000000e+00 0.000000000000000000e+00 0.000000000000000000e+00
1.400000000000000000e+04 5.599934180437338149e-02 4.551661356395084266e-04 9.995448338643604380e-01 0.000000000000000000e+00 0.000000000000000000e+00 0.000000000000000000e+00
1.425000000000000000e+04 5.699933005087998161e-02 0.000000000000000000e+00 1.000000000000000000e+00 0.000000000000000000e+00 0.000000000000000000e+00 0.000000000000000000e+00
1.450000000000000000e+04 5.799931829738658173e-02 0.000000000000000000e+00 1.000000000000000000e+00 0.000000000000000000e+00 0.000000000000000000e+00 0.000000000000000000e+00
1.475000000000000000e+04 5.899930654389340390e-02 0.000000000000000000e+00 1.000000000000000000e+00 0.000000000000000000e+00 0.000000000000000000e+00 0.000000000000000000e+00
1.500000000000000000e+04 5.999929479040000402e-02 0.000000000000000000e+00 1.000000000000000000e+00 0.000000000000000000e+00 0.000000000000000000e+00 0.000000000000000000e+00
1.525000000000000000e+04 6.099928303690660414e-02 0.000000000000000000e+00 1.000000000000000000e+00 0.000000000000000000e+00 0.000000000000000000e+00 0.000000000000000000e+00
1.550000000000000000e+04 6.199927128341342630e-02 0.000000000000000000e+00 1.000000000000000000e+00 0.000000000000000000e+00 0.000000000000000000e+00 0.000000000000000000e+00
1.575000000000000000e+04 6.299925952992002642e-02 0.000000000000000000e+00 1.000000000000000000e+00 0.000000000000000000e+00 0.000000000000000000e+00 0.000000000000000000e+00
1.600000000000000000e+04 6.399924777642662654e-02 0.000000000000000000e+00 1.000000000000000000e+00 0.000000000000000000e+00 0.000000000000000000e+00 0.000000000000000000e+00
1.625000000000000000e+04 6.499923602293344871e-02 0.000000000000000000e+00 1.000000000000000000e+00 0.000000000000000000e+00 0.000000000000000000e+00 0.000000000000000000e+00
1.650000000000000000e+04 6.599922426944004883e-02 0.000000000000000000e+00 1.000000000000000000e+00 0.000000000000000000e+00 0.000000000000000000e+00 0.000000000000000000e+00
1.675000000000000000e+04 6.699921251594664895e-02 0.000000000000000000e+00 1.000000000000000000e+00 0.000000000000000000e+00 0.000000000000000000e+00 0.000000000000000000e+00
1.700000000000000000e+04 6.799920076245324907e-02 0.000000000000000000e+00 1.000000000000000000e+00 0.000000000000000000e+00 0.000000000000000000e+00 0.000000000000000000e+00
1.725000000000000000e+04 6.899918900896007123e-02 0.000000000000000000e+00 1.000000000000000000e+00 0.000000000000000000e+00 0.000000000000000000e+00 0.000000000000000000e+00
1.750000000000000000e+04 6.999917725546667135e-02 5.689576695493854790e-04 9.994310423304506585e-01 0.000000000000000000e+00 0.000000000000000000e+00 0.000000000000000000e+00
1.775000000000000000e+04 7.099916550197327147e-02 1.137915339098771066e-04 9.998862084660901095e-01 0.000000000000000000e+00 0.000000000000000000e+00 0.000000000000000000e+00
1.800000000000000000e+04 7.199915374848009364e-02 2.275830678197542133e-04 9.997724169321802190e-01 0.000000000000000000e+00 0.000000000000000000e+00 0.000000000000000000e+00
1.825000000000000000e+04 7.299914199498669376e-02 4.551661356395084266e-04 9.995448338643604380e-01 0.000000000000000000e+00 0.000000000000000000e+00 0.000000000000000000e+00
1.850000000000000000e+04 7.399913024149329388e-02 0.000000000000000000e+00 1.000000000000000000e+00 0.000000000000000000e+00 0.000000000000000000e+00 0.000000000000000000e+00
1.875000000000000000e+04 7.499911848800011605e-02 0.000000000000000000e+00 1.000000000000000000e+00 0.000000000000000000e+00 0.000000000000000000e+00 0.000000000000000000e+00
1.900000000000000000e+04 7.599910673450671617e-02 2.275830678197542133e-04 9.997724169321802190e-01 0.000000000000000000e+00 0.000000000000000000e+00 0.000000000000000000e+00
1.925000000000000000e+04 7.699909498101331629e-02 0.000000000000000000e+00 1.000000000000000000e+00 0.000000000000000000e+00 0.000000000000000000e+00 0.000000000000000000e+00
1.950000000000000000e+04 7.799908322751991641e-02 1.137915339098771066e-04 9.998862084660901095e-01 0.000000000000000000e+00 0.000000000000000000e+00 0.000000000000000000e+00
1.975000000000000000e+04 7.899907147402673857e-02 1.137915339098771066e-04 9.998862084660901095e-01 0.000000000000000000e+00 0.000000000000000000e+00 0.000000000000000000e+00
2.000000000000000000e+04 7.999905972053333869e-02 3.413746017296313199e-04 9.996586253982703285e-01 0.000000000000000000e+00 0.000000000000000000e+00 0.000000000000000000e+00
2.025000000000000000e+04 8.099904796703993881e-02 3.413746017296313199e-04 9.996586253982703285e-01 0.000000000000000000e+00 0.000000000000000000e+00 0.000000000000000000e+00
2.050000000000000000e+04 8.199903621354676098e-02 0.000000000000000000e+00 1.000000000000000000e+00 0.000000000000000000e+00 0.000000000000000000e+00 0.000000000000000000e+00
2.075000000000000000e+04 8.299902446005336110e-02 6.827492034592626399e-04 9.993172507965407680e-01 0.000000000000000000e+00 0.000000000000000000e+00 0.000000000000000000e+00
2.100000000000000000e+04 8.399901270655996122e-02 3.413746017296313199e-04 9.996586253982703285e-01 0.000000000000000000e+00 0.000000000000000000e+00 0.000000000000000000e+00
2.125000000000000000e+04 8.499900095306678338e-02 2.275830678197542133e-04 9.996586253982703285e-01 0.000000000000000000e+00 1.137915339098771066e-04 0.000000000000000000e+00
2.150000000000000000e+04 8.599898919957338350e-02 6.827492034592626399e-04 9.992034592626308775e-01 0.000000000000000000e+00 1.137915339098771066e-04 0.000000000000000000e+00
2.175000000000000000e+04 8.699897744607998362e-02 3.413746017296313199e-04 9.995448338643604380e-01 0.000000000000000000e+00 1.137915339098771066e-04 0.000000000000000000e+00
2.200000000000000000e+04 8.799896569258658374e-02 5.689576695493854790e-04 9.994310423304506585e-01 0.000000000000000000e+00 0.000000000000000000e+00 0.000000000000000000e+00
2.225000000000000000e+04 8.899895393909340591e-02 4.551661356395084266e-04 9.994310423304506585e-01 0.000000000000000000e+00 1.137915339098771066e-04 0.000000000000000000e+00
2.250000000000000000e+04 8.999894218560000603e-02 1.137915339098770958e-03 9.987482931269913156e-01 0.000000000000000000e+00 1.137915339098771066e-04 0.000000000000000000e+00
2.275000000000000000e+04 9.099893043210660615e-02 6.827492034592626399e-04 9.993172507965407680e-01 0.000000000000000000e+00 0.000000000000000000e+00 0.000000000000000000e+00
2.300000000000000000e+04 9.199891867861342831e-02 1.820664542558033706e-03 9.980655439235320836e-01 0.000000000000000000e+00 1.137915339098771066e-04 0.000000000000000000e+00
2.325000000000000000e+04 9.299890692512002843e-02 7.965407373691396923e-04 9.992034592626308775e-01 0.000000000000000000e+00 0.000000000000000000e+00 0.000000000000000000e+00
2.350000000000000000e+04 9.399889517162662855e-02 4.551661356395084266e-04 9.993172507965407680e-01 0.000000000000000000e+00 2.275830678197542133e-04 0.000000000000000000e+00
2.375000000000000000e+04 9.499888341813345072e-02 2.048247610377787811e-03 9.977241693218024121e-01 0.000000000000000000e+00 2.275830678197542133e-04 0.000000000000000000e+00
2.400000000000000000e+04 9.599887166464005084e-02 1.365498406918525280e-03 9.986345015930814251e-01 0.000000000000000000e+00 0.000000000000000000e+00 0.000000000000000000e+00
2.425000000000000000e+04 9.699885991114665096e-02 2.048247610377787811e-03 9.978379608557123026e-01 0.000000000000000000e+00 1.137915339098771066e-04 0.000000000000000000e+00
2.450000000000000000e+04 9.799884815765325108e-02 1.593081474738279385e-03 9.984069185252617551e-01 0.000000000000000000e+00 0.000000000000000000e+00 0.000000000000000000e+00
2.475000000000000000e+04 9.899883640416007324e-02 4.096495220755575623e-03 9.959035047792443862e-01 0.000000000000000000e+00 0.000000000000000000e+00 0.000000000000000000e+00
2.500000000000000000e+04 9.999882465066667336e-02 5.120619025944469528e-03 9.945380063723259223e-01 0.000000000000000000e+00 3.413746017296313199e-04 0.000000000000000000e+00
2.525000000000000000e+04 1.009988128971732735e-01 2.730996813837050560e-03 9.970414201183431802e-01 0.000000000000000000e+00 2.275830678197542133e-04 0.000000000000000000e+00
2.550000000000000000e+04 1.019988011436800956e-01 3.527537551206190360e-03 9.962448793809740577e-01 0.000000000000000000e+00 2.275830678197542133e-04 0.000000000000000000e+00
2.575000000000000000e+04 1.029987893901866958e-01 7.737824305871643035e-03 9.920345926263085534e-01 0.000000000000000000e+00 2.275830678197542133e-04 0.000000000000000000e+00
2.600000000000000000e+04 1.039987776366932959e-01 6.827492034592626616e-03 9.930587164314974569e-01 0.000000000000000000e+00 1.137915339098771066e-04 0.000000000000000000e+00
2.625000000000000000e+04 1.049987658832001181e-01 5.917159763313609329e-03 9.936276741010469093e-01 0.000000000000000000e+00 4.551661356395084266e-04 0.000000000000000000e+00
2.650000000000000000e+04 1.059987541297067182e-01 6.030951297223486815e-03 9.936276741010469093e-01 0.000000000000000000e+00 3.413746017296313199e-04 0.000000000000000000e+00
2.675000000000000000e+04 1.069987423762133183e-01 1.137915339098771045e-02 9.874829312699134887e-01 0.000000000000000000e+00 1.137915339098770958e-03 0.000000000000000000e+00
2.700000000000000000e+04 1.079987306227199184e-01 1.502048247610377786e-02 9.823623122439690825e-01 0.000000000000000000e+00 2.617205279927173507e-03 0.000000000000000000e+00
2.725000000000000000e+04 1.089987188692267406e-01 2.082385070550751144e-02 9.681383705052344357e-01 0.000000000000000000e+00 1.103777878925807886e-02 0.000000000000000000e+00
2.750000000000000000e+04 1.099987071157333407e-01 9.228493400091032639e-02 5.636094674556213491e-01 1.137915339098771066e-04 3.439918070095585034e-01 0.000000000000000000e+00
2.775000000000000000e+04 1.109986953622399408e-01 1.360946745562130189e-01 3.343195266272189214e-01 2.275830678197542133e-04 5.293582157487483064e-01 0.000000000000000000e+00
2.800000000000000000e+04 1.119986836087467630e-01 2.391898042785616796e-01 4.256941283568502765e-01 1.260810195721438209e-01 2.090350477924442507e-01 0.000000000000000000e+00
2.825000000000000000e+04 1.129986718552533631e-01 2.033454710969503920e-01 5.786299499317251183e-01 1.844560764679107900e-01 3.356850250341374825e-02 0.000000000000000000e+00
2.850000000000000000e+04 1.139986601017599632e-01 7.612653618570777714e-02 7.740100136549841192e-01 1.405325443786982209e-01 9.330905780609922637e-03 0.000000000000000000e+00
2.875000000000000000e+04 1.149986483482667854e-01 3.800637232589895026e-02 8.161128812016386069e-01 1.412152935821574806e-01 4.665452890304961318e-03 0.000000000000000000e+00
2.900000000000000000e+04 1.159986365947733855e-01 2.196176604460628110e-02 8.301092398725534727e-01 1.473600364132908458e-01 5.689576695493854790e-04 0.000000000000000000e+00
2.925000000000000000e+04 1.169986248412799856e-01 2.241693218024579104e-02 8.303368229403732537e-01 1.472462448793809831e-01 0.000000000000000000e+00 0.000000000000000000e+00
2.950000000000000000e+04 1.179986130877865858e-01 2.344105598543468408e-02 8.295402822030041312e-01 1.464497041420118328e-01 5.689576695493854790e-04 0.000000000000000000e+00
2.975000000000000000e+04 1.189986013342934079e-01 2.241693218024579104e-02 8.302230314064633632e-01 1.464497041420118328e-01 9.103322712790168532e-04 0.000000000000000000e+00
3.000000000000000000e+04 1.199985895808000080e-01 2.298588984979517413e-02 8.295402822030041312e-01 1.464497041420118328e-01 1.024123805188893906e-03 0.000000000000000000e+00
3.025000000000000000e+04 1.209985778273066082e-01 2.287209831588529751e-02 8.298816568047336917e-01 1.465634956759217233e-01 6.827492034592626399e-04 0.000000000000000000e+00
3.050000000000000000e+04 1.219985660738134303e-01 2.230314064633591095e-02 8.299954483386435822e-01 1.464497041420118328e-01 1.251706873008648227e-03 0.000000000000000000e+00
3.075000000000000000e+04 1.229985543203200304e-01 2.264451524806554428e-02 8.294264906690942407e-01 1.470186618115612298e-01 9.103322712790168532e-04 0.000000000000000000e+00
3.100000000000000000e+04 1.239985425668266306e-01 2.264451524806554428e-02 8.294264906690942407e-01 1.464497041420118328e-01 1.479289940828402332e-03 0.000000000000000000e+00
3.125000000000000000e+04 1.249985308133334527e-01 2.218934911242603433e-02 8.301092398725534727e-01 1.470186618115612298e-01 6.827492034592626399e-04 0.000000000000000000e+00
3.150000000000000000e+04 1.259985190598400528e-01 2.218934911242603433e-02 8.299954483386435822e-01 1.467910787437414766e-01 1.024123805188893906e-03 0.000000000000000000e+00
3.175000000000000000e+04 1.269985073063466530e-01 2.162039144287665124e-02 8.301092398725534727e-01 1.470186618115612298e-01 1.251706873008648227e-03 0.000000000000000000e+00
3.200000000000000000e+04 1.279984955528532531e-01 2.435138825671370050e-02 8.289713245334546787e-01 1.455393718707328199e-01 1.137915339098770958e-03 0.000000000000000000e+00
3.225000000000000000e+04 1.289984837993600753e-01 2.287209831588529751e-02 8.296540737369140217e-01 1.463359126081019701e-01 1.137915339098770958e-03 0.000000000000000000e+00
3.250000000000000000e+04 1.299984720458666754e-01 2.150659990896677115e-02 8.303368229403732537e-01 1.475876194811105990e-01 5.689576695493854790e-04 0.000000000000000000e+00
3.275000000000000000e+04 1.309984602923732755e-01 2.253072371415566766e-02 8.299954483386435822e-01 1.464497041420118328e-01 1.024123805188893906e-03 0.000000000000000000e+00
3.300000000000000000e+04 1.319984485388800977e-01 2.287209831588529751e-02 8.302230314064633632e-01 1.462221210741920796e-01 6.827492034592626399e-04 0.000000000000000000e+00
3.325000000000000000e+04 1.329984367853866978e-01 2.173418297678652786e-02 8.301092398725534727e-01 1.467910787437414766e-01 1.365498406918525280e-03 0.000000000000000000e+00
3.350000000000000000e+04 1.339984250318932979e-01 2.275830678197542090e-02 8.298816568047336917e-01 1.469048702776513393e-01 4.551661356395084266e-04 0.000000000000000000e+00
3.375000000000000000e+04 1.349984132784001201e-01 2.298588984979517413e-02 8.302230314064633632e-01 1.464497041420118328e-01 3.413746017296313199e-04 0.000000000000000000e+00
3.400000000000000000e+04 1.359984015249067202e-01 2.173418297678652786e-02 8.312471552116522666e-01 1.463359126081019701e-01 6.827492034592626399e-04 0.000000000000000000e+00
3.425000000000000000e+04 1.369983897714133203e-01 2.150659990896677115e-02 8.314747382794720476e-01 1.462221210741920796e-01 7.965407373691396923e-04 0.000000000000000000e+00
3.450000000000000000e+04 1.379983780179199204e-01 2.241693218024579104e-02 8.306781975421028141e-01 1.462221210741920796e-01 6.827492034592626399e-04 0.000000000000000000e+00
3.475000000000000000e+04 1.389983662644267426e-01 2.139280837505689453e-02 8.315885298133819381e-01 1.464497041420118328e-01 5.689576695493854790e-04 0.000000000000000000e+00
3.500000000000000000e+04 1.399983545109333427e-01 2.355484751934456070e-02 8.297678652708238012e-01 1.461083295402822169e-01 5.689576695493854790e-04 0.000000000000000000e+00
3.525000000000000000e+04 1.409983427574399428e-01 2.241693218024579104e-02 8.304506144742831442e-01 1.463359126081019701e-01 7.965407373691396923e-04 0.000000000000000000e+00
3.550000000000000000e+04 1.419983310039467650e-01 2.184797451069640448e-02 8.311333636777423761e-01 1.464497041420118328e-01 5.689576695493854790e-04 0.000000000000000000e+00
3.575000000000000000e+04 1.429983192504533651e-01 2.139280837505689453e-02 8.317023213472917176e-01 1.464497041420118328e-01 4.551661356395084266e-04 0.000000000000000000e+00
3.600000000000000000e+04 1.439983074969599652e-01 2.218934911242603433e-02 8.307919890760127046e-01 1.462221210741920796e-01 7.965407373691396923e-04 0.000000000000000000e+00
3.625000000000000000e+04 1.449982957434667874e-01 2.366863905325443732e-02 8.295402822030041312e-01 1.456531634046426826e-01 1.137915339098770958e-03 0.000000000000000000e+00
3.650000000000000000e+04 1.459982839899733875e-01 2.230314064633591095e-02 8.307919890760127046e-01 1.465634956759217233e-01 3.413746017296313199e-04 0.000000000000000000e+00
3.675000000000000000e+04 1.469982722364799876e-01 2.309968138370505075e-02 8.296540737369140217e-01 1.467910787437414766e-01 4.551661356395084266e-04 0.000000000000000000e+00
3.700000000000000000e+04 1.479982604829865878e-01 2.105143377332726468e-02 8.312471552116522666e-01 1.469048702776513393e-01 7.965407373691396923e-04 0.000000000000000000e+00
3.725000000000000000e+04 1.489982487294934099e-01 2.162039144287665124e-02 8.305644060081930347e-01 1.467910787437414766e-01 1.024123805188893906e-03 0.000000000000000000e+00
3.750000000000000000e+04 1.499982369760000100e-01 2.218934911242603433e-02 8.306781975421028141e-01 1.467910787437414766e-01 3.413746017296313199e-04 0.000000000000000000e+00
3.775000000000000000e+04 1.509982252225066102e-01 2.321347291761493084e-02 8.297678652708238012e-01 1.461083295402822169e-01 9.103322712790168532e-04 0.000000000000000000e+00
3.800000000000000000e+04 1.519982134690134323e-01 2.355484751934456070e-02 8.299954483386435822e-01 1.463359126081019701e-01 1.137915339098771066e-04 0.000000000000000000e+00
3.825000000000000000e+04 1.529982017155200325e-01 2.275830678197542090e-02 8.303368229403732537e-01 1.462221210741920796e-01 6.827492034592626399e-04 0.000000000000000000e+00
3.850000000000000000e+04 1.539981899620266326e-01 2.184797451069640448e-02 8.307919890760127046e-01 1.462221210741920796e-01 1.137915339098770958e-03 0.000000000000000000e+00
3.875000000000000000e+04 1.549981782085334547e-01 2.298588984979517413e-02 8.302230314064633632e-01 1.461083295402822169e-01 6.827492034592626399e-04 0.000000000000000000e+00
3.900000000000000000e+04 1.559981664550400549e-01 2.287209831588529751e-02 8.302230314064633632e-01 1.464497041420118328e-01 4.551661356395084266e-04 0.000000000000000000e+00
3.925000000000000000e+04 1.569981547015466550e-01 2.298588984979517413e-02 8.296540737369140217e-01 1.461083295402822169e-01 1.251706873008648227e-03 0.000000000000000000e+00
3.950000000000000000e+04 1.579981429480532551e-01 2.378243058716431393e-02 8.289713245334546787e-01 1.469048702776513393e-01 3.413746017296313199e-04 0.000000000000000000e+00
3.975000000000000000e+04 1.589981311945600773e-01 2.093764223941738806e-02 8.314747382794720476e-01 1.469048702776513393e-01 6.827492034592626399e-04 0.000000000000000000e+00
4.000000000000000000e+04 1.599981194410666774e-01 2.685480200273099652e-02 8.262403277196176399e-01 1.461083295402822169e-01 7.965407373691396923e-04 0.000000000000000000e+00
4.025000000000000000e+04 1.609981076875732775e-01 2.469276285844333035e-02 8.277196176604461053e-01 1.466772872098315861e-01 9.103322712790168532e-04 0.000000000000000000e+00
4.050000000000000000e+04 1.619980959340800997e-01 2.662721893491124328e-02 8.271506599908966528e-01 1.457669549385525731e-01 4.551661356395084266e-04 0.000000000000000000e+00
4.075000000000000000e+04 1.629980841805866998e-01 3.516158397815202785e-02 8.178197542102867423e-01 1.461083295402822169e-01 9.103322712790168532e-04 0.000000000000000000e+00
4.100000000000000000e+04 1.639980724270932999e-01 4.642694583522986168e-02 7.994993172507965928e-01 1.499772416932180219e-01 4.096495220755575623e-03 0.000000000000000000e+00
4.125000000000000000e+04 1.649980606736001221e-01 7.589895311788802390e-02 7.473827947200728516e-01 1.669321802457897075e-01 9.786071916249430847e-03 0.000000000000000000e+00
4.150000000000000000e+04 1.659980489201067222e-01 8.591260810195720798e-02 7.155211652253072874e-01 1.870732817478379661e-01 1.149294492489758707e-02 0.000000000000000000e+00
4.175000000000000000e+04 1.669980371666133223e-01 6.190259444697314428e-02 7.825443786982249073e-01 1.495220755575785154e-01 6.030951297223486815e-03 0.000000000000000000e+00
4.200000000000000000e+04 1.679980254131199224e-01 5.018206645425580398e-02 8.017751479289940697e-01 1.438324988620846567e-01 4.210286754665453109e-03 0.000000000000000000e+00
4.225000000000000000e+04 1.689980136596267446e-01 4.745106964041875125e-02 7.976786527082384559e-01 1.525944469731451980e-01 2.275830678197541916e-03 0.000000000000000000e+00
4.250000000000000000e+04 1.699980019061333447e-01 4.221665908056440597e-02 8.005234410559853853e-01 1.554392353208921274e-01 1.820664542558033706e-03 0.000000000000000000e+00
4.275000000000000000e+04 1.709979901526399448e-01 4.415111515703231543e-02 7.994993172507965928e-01 1.539599453800637174e-01 2.389622212107419402e-03 0.000000000000000000e+00
4.300000000000000000e+04 1.719979783991467670e-01 4.130632680928538608e-02 8.031406463359126446e-01 1.527082385070550885e-01 2.844788347746927612e-03 0.000000000000000000e+00
4.325000000000000000e+04 1.729979666456533671e-01 4.198907601274465273e-02 8.043923532089212181e-01 1.520254893035958010e-01 1.593081474738279385e-03 0.000000000000000000e+00
4.350000000000000000e+04 1.739979548921599672e-01 4.210286754665452935e-02 8.031406463359126446e-01 1.527082385070550885e-01 2.048247610377787811e-03 0.000000000000000000e+00
4.375000000000000000e+04 1.749979431386667894e-01 4.096495220755575623e-02 8.030268548020027541e-01 1.537323623122439642e-01 2.275830678197541916e-03 0.000000000000000000e+00
4.400000000000000000e+04 1.759979313851733895e-01 4.244424214838415921e-02 8.027992717341829731e-01 1.525944469731451980e-01 2.162039144287664864e-03 0.000000000000000000e+00
4.425000000000000000e+04 1.769979196316799896e-01 4.198907601274465273e-02 8.038233955393718766e-01 1.525944469731451980e-01 1.593081474738279385e-03 0.000000000000000000e+00
4.450000000000000000e+04 1.779979078781865898e-01 4.267182521620391245e-02 8.013199817933546187e-01 1.538461538461538547e-01 2.162039144287664864e-03 0.000000000000000000e+00
4.475000000000000000e+04 1.789978961246934119e-01 4.278561675011378906e-02 8.022303140646336317e-01 1.530496131087847045e-01 1.934456076467910759e-03 0.000000000000000000e+00
4.500000000000000000e+04 1.799978843712000121e-01 4.324078288575330248e-02 8.017751479289940697e-01 1.514565316340464318e-01 3.527537551206190360e-03 0.000000000000000000e+00
4.525000000000000000e+04 1.809978726177066122e-01 4.221665908056440597e-02 8.038233955393718766e-01 1.517979062357760478e-01 2.162039144287664864e-03 0.000000000000000000e+00
4.550000000000000000e+04 1.819978608642134343e-01 4.221665908056440597e-02 8.005234410559853853e-01 1.539599453800637174e-01 3.299954483386436255e-03 0.000000000000000000e+00
4.575000000000000000e+04 1.829978491107200345e-01 4.198907601274465273e-02 8.032544378698225351e-01 1.520254893035958010e-01 2.730996813837050560e-03 0.000000000000000000e+00
4.600000000000000000e+04 1.839978373572266346e-01 4.176149294492489950e-02 8.034820209376422051e-01 1.532771961766044577e-01 1.479289940828402332e-03 0.000000000000000000e+00
4.625000000000000000e+04 1.849978256037334567e-01 4.346836595357305572e-02 8.010923987255348377e-01 1.529358215748748417e-01 2.503413746017296455e-03 0.000000000000000000e+00
4.650000000000000000e+04 1.859978138502400569e-01 4.073736913973600299e-02 8.042785616750113276e-01 1.520254893035958010e-01 2.958579881656804664e-03 0.000000000000000000e+00
4.675000000000000000e+04 1.869978020967466570e-01 4.483386436049158208e-02 8.037096040054619861e-01 1.492944924897587622e-01 2.162039144287664864e-03 0.000000000000000000e+00
4.700000000000000000e+04 1.879977903432532571e-01 4.233045061447428259e-02 8.018889394629039602e-01 1.532771961766044577e-01 2.503413746017296455e-03 0.000000000000000000e+00
4.725000000000000000e+04 1.889977785897600793e-01 4.301319981793354230e-02 8.026854802002730827e-01 1.524806554392353075e-01 1.820664542558033706e-03 0.000000000000000000e+00
4.750000000000000000e+04 1.899977668362666794e-01 4.312699135184342586e-02 8.030268548020027541e-01 1.508875739644970349e-01 2.958579881656804664e-03 0.000000000000000000e+00
4.775000000000000000e+04 1.909977550827732795e-01 4.312699135184342586e-02 8.041647701411015481e-01 1.497496586253982687e-01 2.958579881656804664e-03 0.000000000000000000e+00
4.800000000000000000e+04 1.919977433292801017e-01 4.267182521620391245e-02 8.042785616750113276e-01 1.513427401001365413e-01 1.706873008648156654e-03 0.000000000000000000e+00
4.825000000000000000e+04 1.929977315757867018e-01 4.392353208921256219e-02 8.016613563950841792e-01 1.517979062357760478e-01 2.617205279927173507e-03 0.000000000000000000e+00
4.850000000000000000e+04 1.939977198222933019e-01 4.324078288575330248e-02 8.032544378698225351e-01 1.507737824305871721e-01 2.730996813837050560e-03 0.000000000000000000e+00
4.875000000000000000e+04 1.949977080688001241e-01 4.528903049613108855e-02 8.013199817933546187e-01 1.512289485662266786e-01 2.162039144287664864e-03 0.000000000000000000e+00
4.900000000000000000e+04 1.959976963153067242e-01 4.289940828402366568e-02 8.029130632680928636e-01 1.517979062357760478e-01 2.389622212107419402e-03 0.000000000000000000e+00
4.925000000000000000e+04 1.969976845618133243e-01 4.437869822485206867e-02 8.001820664542558248e-01 1.535047792444242110e-01 1.934456076467910759e-03 0.000000000000000000e+00
4.950000000000000000e+04 1.979976728083199244e-01 4.358215748748293233e-02 8.015475648611742887e-01 1.519116977696859383e-01 2.958579881656804664e-03 0.000000000000000000e+00
4.975000000000000000e+04 1.989976610548267466e-01 4.528903049613108855e-02 7.991579426490669213e-01 1.528220300409649512e-01 2.730996813837050560e-03 0.000000000000000000e+00
5.000000000000000000e+04 1.999976493013333467e-01 4.619936276741010150e-02 7.983614019116977989e-01 1.532771961766044577e-01 2.162039144287664864e-03 0.000000000000000000e+00
5.025000000000000000e+04 2.009976375478399468e-01 4.574419663177059503e-02 7.997269003186162628e-01 1.516841147018661851e-01 2.844788347746927612e-03 0.000000000000000000e+00
5.050000000000000000e+04 2.019976257943467690e-01 4.642694583522986168e-02 7.981338188438780179e-01 1.532771961766044577e-01 2.162039144287664864e-03 0.000000000000000000e+00
5.075000000000000000e+04 2.029976140408533691e-01 4.437869822485206867e-02 7.985889849795174689e-01 1.535047792444242110e-01 3.527537551206190360e-03 0.000000000000000000e+00
5.100000000000000000e+04 2.039976022873599693e-01 5.211652253072371344e-02 7.880063723258989850e-01 1.554392353208921274e-01 4.437869822485207214e-03 0.000000000000000000e+00
5.125000000000000000e+04 2.049975905338667914e-01 4.984069185252617412e-02 7.946062812926718566e-01 1.513427401001365413e-01 4.210286754665453109e-03 0.000000000000000000e+00
5.150000000000000000e+04 2.059975787803733915e-01 4.847519344560764776e-02 7.928994082840237212e-01 1.552116522530723741e-01 3.413746017296313308e-03 0.000000000000000000e+00
5.175000000000000000e+04 2.069975670268799917e-01 4.756486117432862787e-02 7.954028220300409791e-01 1.543013199817933612e-01 2.730996813837050560e-03 0.000000000000000000e+00
5.200000000000000000e+04 2.079975552733865918e-01 5.063723258989531045e-02 7.952890304961310886e-01 1.514565316340464318e-01 2.617205279927173507e-03 0.000000000000000000e+00
5.225000000000000000e+04 2.089975435198934139e-01 4.881656804733727761e-02 7.968821119708693335e-01 1.507737824305871721e-01 3.527537551206190360e-03 0.000000000000000000e+00
5.250000000000000000e+04 2.099975317664000141e-01 4.813381884387801790e-02 8.001820664542558248e-01 1.482703686845698587e-01 3.413746017296313308e-03 0.000000000000000000e+00
5.275000000000000000e+04 2.109975200129066142e-01 4.802002730996814128e-02 7.982476103777879084e-01 1.506599908966772816e-01 3.072371415566681717e-03 0.000000000000000000e+00
5.300000000000000000e+04 2.119975082594134363e-01 5.097860719162494031e-02 7.968821119708693335e-01 1.503186162949476656e-01 1.820664542558033706e-03 0.000000000000000000e+00
5.325000000000000000e+04 2.129974965059200365e-01 4.654073736913973830e-02 7.997269003186162628e-01 1.508875739644970349e-01 2.844788347746927612e-03 0.000000000000000000e+00
5.350000000000000000e+04 2.139974847524266366e-01 4.881656804733727761e-02 7.975648611743286764e-01 1.504324078288575284e-01 3.186162949476558769e-03 0.000000000000000000e+00
5.375000000000000000e+04 2.149974729989334588e-01 4.995448338643605074e-02 7.979062357760582369e-01 1.498634501593081592e-01 2.275830678197541916e-03 0.000000000000000000e+00
5.400000000000000000e+04 2.159974612454400589e-01 4.904415111515703085e-02 7.973372781065088954e-01 1.507737824305871721e-01 2.844788347746927612e-03 0.000000000000000000e+00
5.425000000000000000e+04 2.169974494919466590e-01 4.665452890304961492e-02 7.982476103777879084e-01 1.515703231679562946e-01 3.527537551206190360e-03 0.000000000000000000e+00
5.450000000000000000e+04 2.179974377384532591e-01 4.858898497951752438e-02 7.979062357760582369e-01 1.508875739644970349e-01 2.617205279927173507e-03 0.000000000000000000e+00
5.475000000000000000e+04 2.189974259849600813e-01 4.745106964041875125e-02 7.997269003186162628e-01 1.502048247610377751e-01 2.617205279927173507e-03 0.000000000000000000e+00
5.500000000000000000e+04 2.199974142314666814e-01 4.767865270823850449e-02 7.983614019116977989e-01 1.514565316340464318e-01 2.503413746017296455e-03 0.000000000000000000e+00
5.525000000000000000e+04 2.209974024779732815e-01 4.870277651342740100e-02 7.974510696404187859e-01 1.515703231679562946e-01 2.275830678197541916e-03 0.000000000000000000e+00
5.550000000000000000e+04 2.219973907244801037e-01 4.699590350477924477e-02 8.001820664542558248e-01 1.494082840236686527e-01 3.413746017296313308e-03 0.000000000000000000e+00
5.575000000000000000e+04 2.229973789709867038e-01 4.733727810650887463e-02 7.993855257168867023e-01 1.511151570323167881e-01 2.162039144287664864e-03 0.000000000000000000e+00
5.600000000000000000e+04 2.239973672174933039e-01 4.631315430131998506e-02 7.979062357760582369e-01 1.522530723714155543e-01 3.527537551206190360e-03 0.000000000000000000e+00
5.625000000000000000e+04 2.249973554640001261e-01 4.597177969959034827e-02 7.988165680473372499e-01 1.517979062357760478e-01 3.413746017296313308e-03 0.000000000000000000e+00
5.650000000000000000e+04 2.259973437105067262e-01 4.540282203004096517e-02 8.002958579881657153e-01 1.506599908966772816e-01 3.641329085116067413e-03 0.000000000000000000e+00
5.675000000000000000e+04 2.269973319570133263e-01 4.779244424214838111e-02 7.992717341829768118e-01 1.500910332271279124e-01 2.844788347746927612e-03 0.000000000000000000e+00
