# itime ezz other fcc hcp bcc ico
0.000000000000000000e+00 0.000000000000000000e+00 0.000000000000000000e+00 1.000000000000000000e+00 0.000000000000000000e+00 0.000000000000000000e+00 0.000000000000000000e+00
5.000000000000000000e+02 1.999976493013422285e-03 0.000000000000000000e+00 1.000000000000000000e+00 0.000000000000000000e+00 0.000000000000000000e+00 0.000000000000000000e+00
1.000000000000000000e+03 3.999952986026622526e-03 0.000000000000000000e+00 1.000000000000000000e+00 0.000000000000000000e+00 0.000000000000000000e+00 0.000000000000000000e+00
1.500000000000000000e+03 5.999929479040044811e-03 0.000000000000000000e+00 1.000000000000000000e+00 0.000000000000000000e+00 0.000000000000000000e+00 0.000000000000000000e+00
2.000000000000000000e+03 7.999905972053245051e-03 0.000000000000000000e+00 1.000000000000000000e+00 0.000000000000000000e+00 0.000000000000000000e+00 0.000000000000000000e+00
2.500000000000000000e+03 9.999882465066667336e-03 0.000000000000000000e+00 1.000000000000000000e+00 0.000000000000000000e+00 0.000000000000000000e+00 0.000000000000000000e+00
3.000000000000000000e+03 1.199985895808008962e-02 0.000000000000000000e+00 1.000000000000000000e+00 0.000000000000000000e+00 0.000000000000000000e+00 0.000000000000000000e+00
3.500000000000000000e+03 1.399983545109328986e-02 0.000000000000000000e+00 1.000000000000000000e+00 0.000000000000000000e+00 0.000000000000000000e+00 0.000000000000000000e+00
4.000000000000000000e+03 1.599981194410671215e-02 0.000000000000000000e+00 1.000000000000000000e+00 0.000000000000000000e+00 0.000000000000000000e+00 0.000000000000000000e+00
4.500000000000000000e+03 1.799978843711991239e-02 0.000000000000000000e+00 1.000000000000000000e+00 0.000000000000000000e+00 0.000000000000000000e+00 0.000000000000000000e+00
5.000000000000000000e+03 1.999976493013333467e-02 0.000000000000000000e+00 1.000000000000000000e+00 0.000000000000000000e+00 0.000000000000000000e+00 0.000000000000000000e+00
5.500000000000000000e+03 2.199974142314675696e-02 0.000000000000000000e+00 1.000000000000000000e+00 0.000000000000000000e+00 0.000000000000000000e+00 0.000000000000000000e+00
6.000000000000000000e+03 2.399971791615995720e-02 0.000000000000000000e+00 1.000000000000000000e+00 0.000000000000000000e+00 0.000000000000000000e+00 0.000000000000000000e+00
6.500000000000000000e+03 2.599969440917337948e-02 0.000000000000000000e+00 1.000000000000000000e+00 0.000000000000000000e+00 0.000000000000000000e+00 0.000000000000000000e+00
7.000000000000000000e+03 2.799967090218657972e-02 0.000000000000000000e+00 1.000000000000000000e+00 0.000000000000000000e+00 0.000000000000000000e+00 0.000000000000000000e+00
7.500000000000000000e+03 2.999964739520000201e-02 0.000000000000000000e+00 1.000000000000000000e+00 0.000000000000000000e+00 0.000000000000000000e+00 0.000000000000000000e+00
8.000000000000000000e+03 3.199962388821342429e-02 0.000000000000000000e+00 1.000000000000000000e+00 0.000000000000000000e+00 0.000000000000000000e+00 0.000000000000000000e+00
8.500000000000000000e+03 3.399960038122662453e-02 0.000000000000000000e+00 1.000000000000000000e+00 0.000000000000000000e+00 0.000000000000000000e+00 0.000000000000000000e+00
9.000000000000000000e+03 3.599957687424004682e-02 0.000000000000000000e+00 1.000000000000000000e+00 0.000000000000000000e+00 0.000000000000000000e+00 0.000000000000000000e+00
9.500000000000000000e+03 3.799955336725324706e-02 0.000000000000000000e+00 1.000000000000000000e+00 0.000000000000000000e+00 0.000000000000000000e+00 0.000000000000000000e+00
1.000000000000000000e+04 3.999952986026666935e-02 0.000000000000000000e+00 1.000000000000000000e+00 0.000000000000000000e+00 0.000000000000000000e+00 0.000000000000000000e+00
1.050000000000000000e+04 4.199950635328009163e-02 0.000000000000000000e+00 1.000000000000000000e+00 0.000000000000000000e+00 0.000000000000000000e+00 0.000000000000000000e+00
1.100000000000000000e+04 4.399948284629329187e-02 0.000000000000000000e+00 1.000000000000000000e+00 0.000000000000000000e+00 0.000000000000000000e+00 0.000000000000000000e+00
1.150000000000000000e+04 4.599945933930671416e-02 0.000000000000000000e+00 1.000000000000000000e+00 0.000000000000000000e+00 0.000000000000000000e+00 0.000000000000000000e+00
1.200000000000000000e+04 4.799943583231991440e-02 0.000000000000000000e+00 1.000000000000000000e+00 0.000000000000000000e+00 0.000000000000000000e+00 0.000000000000000000e+00
1.250000000000000000e+04 4.999941232533333668e-02 0.000000000000000000e+00 1.000000000000000000e+00 0.000000000000000000e+00 0.000000000000000000e+00 0.000000000000000000e+00
1.300000000000000000e+04 5.199938881834675897e-02 0.000000000000000000e+00 1.000000000000000000e+00 0.000000000000000000e+00 0.000000000000000000e+00 0.000000000000000000e+00
1.350000000000000000e+04 5.399936531135995921e-02 0.000000000000000000e+00 1.000000000000000000e+00 0.000000000000000000e+00 0.000000000000000000e+00 0.000000000000000000e+00
1.400000000000000000e+04 5.599934180437338149e-02 4.551661356395084266e-04 9.995448338643604380e-01 0.000000000000000000e+00 0.000000000000000000e+00 0.000000000000000000e+00
1.450000000000000000e+04 5.799931829738658173e-02 0.000000000000000000e+00 1.000000000000000000e+00 0.000000000000000000e+00 0.000000000000000000e+00 0.000000000000000000e+00
1.500000000000000000e+04 5.999929479040000402e-02 0.000000000000000000e+00 1.000000000000000000e+00 0.000000000000000000e+00 0.000000000000000000e+00 0.000000000000000000e+00
1.550000000000000000e+04 6.199927128341342630e-02 0.000000000000000000e+00 1.000000000000000000e+00 0.000000000000000000e+00 0.000000000000000000e+00 0.000000000000000000e+00
1.600000000000000000e+04 6.399924777642662654e-02 0.000000000000000000e+00 1.000000000000000000e+00 0.000000000000000000e+00 0.000000000000000000e+00 0.000000000000000000e+00
1.650000000000000000e+04 6.599922426944004883e-02 0.000000000000000000e+00 1.000000000000000000e+00 0.000000000000000000e+00 0.000000000000000000e+00 0.000000000000000000e+00
1.700000000000000000e+04 6.799920076245324907e-02 0.000000000000000000e+00 1.000000000000000000e+00 0.000000000000000000e+00 0.000000000000000000e+00 0.000000000000000000e+00
1.750000000000000000e+04 6.999917725546667135e-02 5.689576695493854790e-04 9.994310423304506585e-01 0.000000000000000000e+00 0.000000000000000000e+00 0.000000000000000000e+00
1.800000000000000000e+04 7.199915374848009364e-02 2.275830678197542133e-04 9.997724169321802190e-01 0.000000000000000000e+00 0.000000000000000000e+00 0.000000000000000000e+00
1.850000000000000000e+04 7.399913024149329388e-02 0.000000000000000000e+00 1.000000000000000000e+00 0.000000000000000000e+00 0.000000000000000000e+00 0.000000000000000000e+00
1.900000000000000000e+04 7.599910673450671617e-02 2.275830678197542133e-04 9.997724169321802190e-01 0.000000000000000000e+00 0.000000000000000000e+00 0.000000000000000000e+00
1.950000000000000000e+04 7.799908322751991641e-02 1.137915339098771066e-04 9.998862084660901095e-01 0.000000000000000000e+00 0.000000000000000000e+00 0.000000000000000000e+00
2.000000000000000000e+04 7.999905972053333869e-02 3.413746017296313199e-04 9.996586253982703285e-01 0.000000000000000000e+00 0.000000000000000000e+00 0.000000000000000000e+00
2.050000000000000000e+04 8.199903621354676098e-02 0.000000000000000000e+00 1.000000000000000000e+00 0.000000000000000000e+00 0.000000000000000000e+00 0.000000000000000000e+00
2.100000000000000000e+04 8.399901270655996122e-02 3.413746017296313199e-04 9.996586253982703285e-01 0.000000000000000000e+00 0.000000000000000000e+00 0.000000000000000000e+00
2.150000000000000000e+04 8.599898919957338350e-02 6.827492034592626399e-04 9.992034592626308775e-01 0.000000000000000000e+00 1.137915339098771066e-04 0.000000000000000000e+00
2.200000000000000000e+04 8.799896569258658374e-02 5.689576695493854790e-04 9.994310423304506585e-01 0.000000000000000000e+00 0.000000000000000000e+00 0.000000000000000000e+00
2.250000000000000000e+04 8.999894218560000603e-02 1.137915339098770958e-03 9.987482931269913156e-01 0.000000000000000000e+00 1.137915339098771066e-04 0.000000000000000000e+00
2.300000000000000000e+04 9.199891867861342831e-02 1.820664542558033706e-03 9.980655439235320836e-01 0.000000000000000000e+00 1.137915339098771066e-04 0.000000000000000000e+00
2.350000000000000000e+04 9.399889517162662855e-02 4.551661356395084266e-04 9.993172507965407680e-01 0.000000000000000000e+00 2.275830678197542133e-04 0.000000000000000000e+00
2.400000000000000000e+04 9.599887166464005084e-02 1.365498406918525280e-03 9.986345015930814251e-01 0.000000000000000000e+00 0.000000000000000000e+00 0.000000000000000000e+00
2.450000000000000000e+04 9.799884815765325108e-02 1.593081474738279385e-03 9.984069185252617551e-01 0.000000000000000000e+00 0.000000000000000000e+00 0.000000000000000000e+00
2.500000000000000000e+04 9.999882465066667336e-02 5.120619025944469528e-03 9.945380063723259223e-01 0.000000000000000000e+00 3.413746017296313199e-04 0.000000000000000000e+00
2.550000000000000000e+04 1.019988011436800956e-01 3.527537551206190360e-03 9.962448793809740577e-01 0.000000000000000000e+00 2.275830678197542133e-04 0.000000000000000000e+00
2.600000000000000000e+04 1.039987776366932959e-01 6.827492034592626616e-03 9.930587164314974569e-01 0.000000000000000000e+00 1.137915339098771066e-04 0.000000000000000000e+00
2.650000000000000000e+04 1.059987541297067182e-01 6.030951297223486815e-03 9.936276741010469093e-01 0.000000000000000000e+00 3.413746017296313199e-04 0.000000000000000000e+00
2.700000000000000000e+04 1.079987306227199184e-01 1.502048247610377786e-02 9.823623122439690825e-01 0.000000000000000000e+00 2.617205279927173507e-03 0.000000000000000000e+00
2.750000000000000000e+04 1.099987071157333407e-01 9.228493400091032639e-02 5.636094674556213491e-01 1.137915339098771066e-04 3.439918070095585034e-01 0.000000000000000000e+00
2.800000000000000000e+04 1.119986836087467630e-01 2.391898042785616796e-01 4.256941283568502765e-01 1.260810195721438209e-01 2.090350477924442507e-01 0.000000000000000000e+00
2.850000000000000000e+04 1.139986601017599632e-01 7.612653618570777714e-02 7.740100136549841192e-01 1.405325443786982209e-01 9.330905780609922637e-03 0.000000000000000000e+00
2.900000000000000000e+04 1.159986365947733855e-01 2.196176604460628110e-02 8.301092398725534727e-01 1.473600364132908458e-01 5.689576695493854790e-04 0.000000000000000000e+00
2.950000000000000000e+04 1.179986130877865858e-01 2.344105598543468408e-02 8.295402822030041312e-01 1.464497041420118328e-01 5.689576695493854790e-04 0.000000000000000000e+00
3.000000000000000000e+04 1.199985895808000080e-01 2.298588984979517413e-02 8.295402822030041312e-01 1.464497041420118328e-01 1.024123805188893906e-03 0.000000000000000000e+00
3.050000000000000000e+04 1.219985660738134303e-01 2.230314064633591095e-02 8.299954483386435822e-01 1.464497041420118328e-01 1.251706873008648227e-03 0.000000000000000000e+00
3.100000000000000000e+04 1.239985425668266306e-01 2.264451524806554428e-02 8.294264906690942407e-01 1.464497041420118328e-01 1.479289940828402332e-03 0.000000000000000000e+00
3.150000000000000000e+04 1.259985190598400528e-01 2.218934911242603433e-02 8.299954483386435822e-01 1.467910787437414766e-01 1.024123805188893906e-03 0.000000000000000000e+00
3.200000000000000000e+04 1.279984955528532531e-01 2.435138825671370050e-02 8.289713245334546787e-01 1.455393718707328199e-01 1.137915339098770958e-03 0.000000000000000000e+00
3.250000000000000000e+04 1.299984720458666754e-01 2.150659990896677115e-02 8.303368229403732537e-01 1.475876194811105990e-01 5.689576695493854790e-04 0.000000000000000000e+00
3.300000000000000000e+04 1.319984485388800977e-01 2.287209831588529751e-02 8.302230314064633632e-01 1.462221210741920796e-01 6.827492034592626399e-04 0.000000000000000000e+00
3.350000000000000000e+04 1.339984250318932979e-01 2.275830678197542090e-02 8.298816568047336917e-01 1.469048702776513393e-01 4.551661356395084266e-04 0.000000000000000000e+00
3.400000000000000000e+04 1.359984015249067202e-01 2.173418297678652786e-02 8.312471552116522666e-01 1.463359126081019701e-01 6.827492034592626399e-04 0.000000000000000000e+00
3.450000000000000000e+04 1.379983780179199204e-01 2.241693218024579104e-02 8.306781975421028141e-01 1.462221210741920796e-01 6.827492034592626399e-04 0.000000000000000000e+00
3.500000000000000000e+04 1.399983545109333427e-01 2.355484751934456070e-02 8.297678652708238012e-01 1.461083295402822169e-01 5.689576695493854790e-04 0.000000000000000000e+00
3.550000000000000000e+04 1.419983310039467650e-01 2.184797451069640448e-02 8.311333636777423761e-01 1.464497041420118328e-01 5.689576695493854790e-04 0.000000000000000000e+00
3.600000000000000000e+04 1.439983074969599652e-01 2.218934911242603433e-02 8.307919890760127046e-01 1.462221210741920796e-01 7.965407373691396923e-04 0.000000000000000000e+00
3.650000000000000000e+04 1.459982839899733875e-01 2.230314064633591095e-02 8.307919890760127046e-01 1.465634956759217233e-01 3.413746017296313199e-04 0.000000000000000000e+00
3.700000000000000000e+04 1.479982604829865878e-01 2.105143377332726468e-02 8.312471552116522666e-01 1.469048702776513393e-01 7.965407373691396923e-04 0.000000000000000000e+00
3.750000000000000000e+04 1.499982369760000100e-01 2.218934911242603433e-02 8.306781975421028141e-01 1.467910787437414766e-01 3.413746017296313199e-04 0.000000000000000000e+00
3.800000000000000000e+04 1.519982134690134323e-01 2.355484751934456070e-02 8.299954483386435822e-01 1.463359126081019701e-01 1.137915339098771066e-04 0.000000000000000000e+00
3.850000000000000000e+04 1.539981899620266326e-01 2.184797451069640448e-02 8.307919890760127046e-01 1.462221210741920796e-01 1.137915339098770958e-03 0.000000000000000000e+00
3.900000000000000000e+04 1.559981664550400549e-01 2.287209831588529751e-02 8.302230314064633632e-01 1.464497041420118328e-01 4.551661356395084266e-04 0.000000000000000000e+00
3.950000000000000000e+04 1.579981429480532551e-01 2.378243058716431393e-02 8.289713245334546787e-01 1.469048702776513393e-01 3.413746017296313199e-04 0.000000000000000000e+00
4.000000000000000000e+04 1.599981194410666774e-01 2.685480200273099652e-02 8.262403277196176399e-01 1.461083295402822169e-01 7.965407373691396923e-04 0.000000000000000000e+00
4.050000000000000000e+04 1.619980959340800997e-01 2.662721893491124328e-02 8.271506599908966528e-01 1.457669549385525731e-01 4.551661356395084266e-04 0.000000000000000000e+00
4.100000000000000000e+04 1.639980724270932999e-01 4.642694583522986168e-02 7.994993172507965928e-01 1.499772416932180219e-01 4.096495220755575623e-03 0.000000000000000000e+00
4.150000000000000000e+04 1.659980489201067222e-01 8.591260810195720798e-02 7.155211652253072874e-01 1.870732817478379661e-01 1.149294492489758707e-02 0.000000000000000000e+00
4.200000000000000000e+04 1.679980254131199224e-01 5.018206645425580398e-02 8.017751479289940697e-01 1.438324988620846567e-01 4.210286754665453109e-03 0.000000000000000000e+00
4.250000000000000000e+04 1.699980019061333447e-01 4.221665908056440597e-02 8.005234410559853853e-01 1.554392353208921274e-01 1.820664542558033706e-03 0.000000000000000000e+00
4.300000000000000000e+04 1.719979783991467670e-01 4.130632680928538608e-02 8.031406463359126446e-01 1.527082385070550885e-01 2.844788347746927612e-03 0.000000000000000000e+00
4.350000000000000000e+04 1.739979548921599672e-01 4.210286754665452935e-02 8.031406463359126446e-01 1.527082385070550885e-01 2.048247610377787811e-03 0.000000000000000000e+00
4.400000000000000000e+04 1.759979313851733895e-01 4.244424214838415921e-02 8.027992717341829731e-01 1.525944469731451980e-01 2.162039144287664864e-03 0.000000000000000000e+00
4.450000000000000000e+04 1.779979078781865898e-01 4.267182521620391245e-02 8.013199817933546187e-01 1.538461538461538547e-01 2.162039144287664864e-03 0.000000000000000000e+00
4.500000000000000000e+04 1.799978843712000121e-01 4.324078288575330248e-02 8.017751479289940697e-01 1.514565316340464318e-01 3.527537551206190360e-03 0.000000000000000000e+00
4.550000000000000000e+04 1.819978608642134343e-01 4.221665908056440597e-02 8.005234410559853853e-01 1.539599453800637174e-01 3.299954483386436255e-03 0.000000000000000000e+00
4.600000000000000000e+04 1.839978373572266346e-01 4.176149294492489950e-02 8.034820209376422051e-01 1.532771961766044577e-01 1.479289940828402332e-03 0.000000000000000000e+00
4.650000000000000000e+04 1.859978138502400569e-01 4.073736913973600299e-02 8.042785616750113276e-01 1.520254893035958010e-01 2.958579881656804664e-03 0.000000000000000000e+00
4.700000000000000000e+04 1.879977903432532571e-01 4.233045061447428259e-02 8.018889394629039602e-01 1.532771961766044577e-01 2.503413746017296455e-03 0.000000000000000000e+00
4.750000000000000000e+04 1.899977668362666794e-01 4.312699135184342586e-02 8.030268548020027541e-01 1.508875739644970349e-01 2.958579881656804664e-03 0.000000000000000000e+00
4.800000000000000000e+04 1.919977433292801017e-01 4.267182521620391245e-02 8.042785616750113276e-01 1.513427401001365413e-01 1.706873008648156654e-03 0.000000000000000000e+00
4.850000000000000000e+04 1.939977198222933019e-01 4.324078288575330248e-02 8.032544378698225351e-01 1.507737824305871721e-01 2.730996813837050560e-03 0.000000000000000000e+00
4.900000000000000000e+04 1.959976963153067242e-01 4.289940828402366568e-02 8.029130632680928636e-01 1.517979062357760478e-01 2.389622212107419402e-03 0.000000000000000000e+00
4.950000000000000000e+04 1.979976728083199244e-01 4.358215748748293233e-02 8.015475648611742887e-01 1.519116977696859383e-01 2.958579881656804664e-03 0.000000000000000000e+00
5.000000000000000000e+04 1.999976493013333467e-01 4.619936276741010150e-02 7.983614019116977989e-01 1.532771961766044577e-01 2.162039144287664864e-03 0.000000000000000000e+00
5.050000000000000000e+04 2.019976257943467690e-01 4.642694583522986168e-02 7.981338188438780179e-01 1.532771961766044577e-01 2.162039144287664864e-03 0.000000000000000000e+00
5.100000000000000000e+04 2.039976022873599693e-01 5.211652253072371344e-02 7.880063723258989850e-01 1.554392353208921274e-01 4.437869822485207214e-03 0.000000000000000000e+00
5.150000000000000000e+04 2.059975787803733915e-01 4.847519344560764776e-02 7.928994082840237212e-01 1.552116522530723741e-01 3.413746017296313308e-03 0.000000000000000000e+00
5.200000000000000000e+04 2.079975552733865918e-01 5.063723258989531045e-02 7.952890304961310886e-01 1.514565316340464318e-01 2.617205279927173507e-03 0.000000000000000000e+00
5.250000000000000000e+04 2.099975317664000141e-01 4.813381884387801790e-02 8.001820664542558248e-01 1.482703686845698587e-01 3.413746017296313308e-03 0.000000000000000000e+00
5.300000000000000000e+04 2.119975082594134363e-01 5.097860719162494031e-02 7.968821119708693335e-01 1.503186162949476656e-01 1.820664542558033706e-03 0.000000000000000000e+00
5.350000000000000000e+04 2.139974847524266366e-01 4.881656804733727761e-02 7.975648611743286764e-01 1.504324078288575284e-01 3.186162949476558769e-03 0.000000000000000000e+00
5.400000000000000000e+04 2.159974612454400589e-01 4.904415111515703085e-02 7.973372781065088954e-01 1.507737824305871721e-01 2.844788347746927612e-03 0.000000000000000000e+00
5.450000000000000000e+04 2.179974377384532591e-01 4.858898497951752438e-02 7.979062357760582369e-01 1.508875739644970349e-01 2.617205279927173507e-03 0.000000000000000000e+00
5.500000000000000000e+04 2.199974142314666814e-01 4.767865270823850449e-02 7.983614019116977989e-01 1.514565316340464318e-01 2.503413746017296455e-03 0.000000000000000000e+00
5.550000000000000000e+04 2.219973907244801037e-01 4.699590350477924477e-02 8.001820664542558248e-01 1.494082840236686527e-01 3.413746017296313308e-03 0.000000000000000000e+00
5.600000000000000000e+04 2.239973672174933039e-01 4.631315430131998506e-02 7.979062357760582369e-01 1.522530723714155543e-01 3.527537551206190360e-03 0.000000000000000000e+00
5.650000000000000000e+04 2.259973437105067262e-01 4.540282203004096517e-02 8.002958579881657153e-01 1.506599908966772816e-01 3.641329085116067413e-03 0.000000000000000000e+00
5.700000000000000000e+04 2.279973202035199265e-01 4.870277651342740100e-02 7.993855257168867023e-01 1.498634501593081592e-01 2.048247610377787811e-03 0.000000000000000000e+00
5.750000000000000000e+04 2.299972966965333487e-01 4.733727810650887463e-02 8.000682749203459343e-01 1.506599908966772816e-01 1.934456076467910759e-03 0.000000000000000000e+00
5.800000000000000000e+04 2.319972731895467710e-01 4.733727810650887463e-02 8.001820664542558248e-01 1.503186162949476656e-01 2.162039144287664864e-03 0.000000000000000000e+00
5.850000000000000000e+04 2.339972496825599713e-01 4.745106964041875125e-02 7.973372781065088954e-01 1.527082385070550885e-01 2.503413746017296455e-03 0.000000000000000000e+00
5.900000000000000000e+04 2.359972261755733935e-01 4.688211197086936816e-02 7.989303595812471404e-01 1.514565316340464318e-01 2.730996813837050560e-03 0.000000000000000000e+00
5.950000000000000000e+04 2.379972026685865938e-01 4.745106964041875125e-02 7.934683659535730627e-01 1.546426945835229771e-01 4.437869822485207214e-03 0.000000000000000000e+00
6.000000000000000000e+04 2.399971791616000161e-01 5.086481565771506369e-02 7.932407828857532817e-01 1.529358215748748417e-01 2.958579881656804664e-03 0.000000000000000000e+00
6.050000000000000000e+04 2.419971556546134384e-01 4.927173418297678409e-02 7.922166590805643782e-01 1.541875284478834707e-01 4.324078288575329727e-03 0.000000000000000000e+00
6.100000000000000000e+04 2.439971321476266386e-01 5.200273099681383682e-02 7.892580791989075584e-01 1.562357760582612776e-01 2.503413746017296455e-03 0.000000000000000000e+00
6.150000000000000000e+04 2.459971086406400609e-01 5.257168866636321991e-02 7.876649977241693135e-01 1.569185252617205373e-01 2.844788347746927612e-03 0.000000000000000000e+00
6.200000000000000000e+04 2.479970851336532611e-01 5.040964952207555722e-02 7.877787892580792040e-01 1.577150659990896597e-01 4.096495220755575623e-03 0.000000000000000000e+00
6.250000000000000000e+04 2.499970616266666834e-01 5.200273099681383682e-02 7.819754210286754548e-01 1.603322712790168358e-01 5.689576695493855224e-03 0.000000000000000000e+00
6.300000000000000000e+04 2.519970381196801057e-01 5.757851615839781195e-02 7.770823850705507185e-01 1.616977696859353553e-01 3.641329085116067413e-03 0.000000000000000000e+00
6.350000000000000000e+04 2.539970146126933059e-01 6.110605370960400795e-02 7.716203914428766408e-01 1.640873918980427781e-01 3.186162949476558769e-03 0.000000000000000000e+00
6.400000000000000000e+04 2.559969911057067282e-01 5.871643149749658508e-02 7.716203914428766408e-01 1.667045971779699542e-01 2.958579881656804664e-03 0.000000000000000000e+00
6.450000000000000000e+04 2.579969675987199285e-01 5.507510241238051940e-02 7.868684569868001910e-01 1.550978607191624836e-01 2.958579881656804664e-03 0.000000000000000000e+00
6.500000000000000000e+04 2.599969440917333507e-01 5.302685480200273332e-02 7.899408284023669014e-01 1.540737369139736079e-01 2.958579881656804664e-03 0.000000000000000000e+00
6.550000000000000000e+04 2.619969205847467730e-01 5.416477014110149951e-02 7.893718707328174489e-01 1.538461538461538547e-01 2.617205279927173507e-03 0.000000000000000000e+00
6.600000000000000000e+04 2.639968970777599733e-01 5.507510241238051940e-02 7.839098771051433712e-01 1.585116067364588099e-01 2.503413746017296455e-03 0.000000000000000000e+00
6.650000000000000000e+04 2.659968735707733956e-01 6.156121984524351443e-02 7.762858443331815961e-01 1.609012289485662328e-01 1.251706873008648227e-03 0.000000000000000000e+00
6.700000000000000000e+04 2.679968500637868178e-01 6.304050978607191047e-02 7.664997724169322346e-01 1.681838871187983642e-01 2.275830678197541916e-03 0.000000000000000000e+00
6.750000000000000000e+04 2.699968265568000181e-01 6.599908966772871644e-02 7.622894856622667303e-01 1.703459262630860338e-01 1.365498406918525280e-03 0.000000000000000000e+00
6.800000000000000000e+04 2.719968030498134404e-01 6.634046426945834629e-02 7.593309057806099105e-01 1.719390077378243065e-01 2.389622212107419402e-03 0.000000000000000000e+00
6.850000000000000000e+04 2.739967795428266406e-01 6.861629494765589254e-02 7.567137005006827621e-01 1.731907146108329631e-01 1.479289940828402332e-03 0.000000000000000000e+00
6.900000000000000000e+04 2.759967560358400629e-01 6.178880291306326766e-02 7.653618570778334407e-01 1.705735093309057870e-01 2.275830678197541916e-03 0.000000000000000000e+00
6.950000000000000000e+04 2.779967325288534852e-01 6.656804733727811341e-02 7.611515703231679364e-01 1.703459262630860338e-01 1.934456076467910759e-03 0.000000000000000000e+00
7.000000000000000000e+04 2.799967090218666854e-01 6.440600819299044377e-02 7.609239872553481554e-01 1.713700500682749095e-01 3.299954483386436255e-03 0.000000000000000000e+00
7.050000000000000000e+04 2.819966855148801077e-01 6.645425580336822291e-02 7.595584888484296915e-01 1.715976331360946627e-01 2.389622212107419402e-03 0.000000000000000000e+00
7.100000000000000000e+04 2.839966620078933079e-01 6.577150659990896320e-02 7.583067819754210070e-01 1.750113791533909890e-01 9.103322712790168532e-04 0.000000000000000000e+00
7.150000000000000000e+04 2.859966385009067302e-01 6.395084205735093730e-02 7.591033227127901295e-01 1.747837960855712358e-01 2.162039144287664864e-03 0.000000000000000000e+00
7.200000000000000000e+04 2.879966149939201525e-01 6.486117432862995025e-02 7.593309057806099105e-01 1.753527537551206328e-01 4.551661356395084266e-04 0.000000000000000000e+00
7.250000000000000000e+04 2.899965914869333528e-01 6.451979972690032039e-02 7.545516613563950648e-01 1.774010013654984119e-01 3.527537551206190360e-03 0.000000000000000000e+00
7.300000000000000000e+04 2.919965679799467750e-01 6.975421028675465873e-02 7.476103777878926326e-01 1.805871643149749572e-01 1.934456076467910759e-03 1.137915339098771066e-04
7.350000000000000000e+04 2.939965444729599753e-01 7.225762403277195822e-02 7.427173418297678964e-01 1.827492034592626269e-01 2.275830678197541916e-03 0.000000000000000000e+00
7.400000000000000000e+04 2.959965209659733976e-01 7.521620391442876419e-02 7.401001365498406370e-01 1.837733272644515303e-01 9.103322712790168532e-04 0.000000000000000000e+00
7.450000000000000000e+04 2.979964974589868199e-01 7.715065999089668058e-02 7.349795175238962308e-01 1.857077833409194467e-01 2.162039144287664864e-03 0.000000000000000000e+00
7.500000000000000000e+04 2.999964739520000201e-01 7.908511606736458310e-02 7.352071005917160118e-01 1.845698680018206528e-01 1.137915339098770958e-03 0.000000000000000000e+00
7.550000000000000000e+04 3.019964504450134424e-01 7.885753299954482987e-02 7.278106508875740177e-01 1.927628584433318248e-01 5.689576695493854790e-04 0.000000000000000000e+00
7.600000000000000000e+04 3.039964269380266426e-01 7.203004096495220498e-02 7.388484296768320636e-01 1.887801547564861293e-01 3.413746017296313199e-04 0.000000000000000000e+00
7.650000000000000000e+04 3.059964034310400649e-01 7.248520710059171146e-02 7.383932635411925016e-01 1.884387801547564856e-01 6.827492034592626399e-04 0.000000000000000000e+00
7.700000000000000000e+04 3.079963799240534872e-01 7.259899863450158808e-02 7.380518889394629412e-01 1.890077378243058825e-01 3.413746017296313199e-04 0.000000000000000000e+00
7.750000000000000000e+04 3.099963564170666874e-01 7.441966317705962786e-02 7.354346836595356818e-01 1.894629039599453890e-01 6.827492034592626399e-04 0.000000000000000000e+00
7.800000000000000000e+04 3.119963329100801097e-01 7.407828857532999800e-02 7.350933090578061213e-01 1.898042785616750050e-01 1.024123805188893906e-03 0.000000000000000000e+00
7.850000000000000000e+04 3.139963094030933100e-01 7.510241238051888757e-02 7.346381429221665593e-01 1.892353208921256358e-01 1.024123805188893906e-03 0.000000000000000000e+00
7.900000000000000000e+04 3.159962858961067322e-01 7.476103777878925771e-02 7.353208921256259023e-01 1.895766954938552518e-01 3.413746017296313199e-04 0.000000000000000000e+00
7.950000000000000000e+04 3.179962623891201545e-01 7.339553937187073829e-02 7.364588074647245852e-01 1.896904870277651423e-01 4.551661356395084266e-04 0.000000000000000000e+00
8.000000000000000000e+04 3.199962388821333548e-01 7.669549385525717411e-02 7.346381429221665593e-01 1.880974055530268418e-01 5.689576695493854790e-04 0.000000000000000000e+00
8.050000000000000000e+04 3.219962153751467770e-01 7.817478379608557015e-02 7.328174783796085334e-01 1.878698224852070886e-01 1.137915339098770958e-03 0.000000000000000000e+00
8.100000000000000000e+04 3.239961918681599773e-01 7.817478379608557015e-02 7.339553937187073274e-01 1.874146563495675821e-01 4.551661356395084266e-04 0.000000000000000000e+00
8.150000000000000000e+04 3.259961683611733996e-01 8.227127901684114231e-02 7.317933545744196300e-01 1.857077833409194467e-01 2.275830678197542133e-04 0.000000000000000000e+00
8.200000000000000000e+04 3.279961448541868219e-01 8.500227583067819503e-02 7.312243969048702885e-01 1.827492034592626269e-01 1.024123805188893906e-03 0.000000000000000000e+00
8.250000000000000000e+04 3.299961213472000221e-01 8.659535730541648157e-02 7.315657715065999600e-01 1.805871643149749572e-01 1.251706873008648227e-03 0.000000000000000000e+00
8.300000000000000000e+04 3.319960978402134444e-01 8.614019116977697510e-02 7.313381884387801790e-01 1.807009558488848477e-01 1.820664542558033706e-03 0.000000000000000000e+00
8.350000000000000000e+04 3.339960743332266446e-01 8.648156577150660496e-02 7.314519799726900695e-01 1.800182066454255880e-01 2.048247610377787811e-03 0.000000000000000000e+00
8.400000000000000000e+04 3.359960508262400669e-01 8.648156577150660496e-02 7.314519799726900695e-01 1.799044151115156975e-01 2.162039144287664864e-03 0.000000000000000000e+00
8.450000000000000000e+04 3.379960273192534892e-01 8.625398270368685172e-02 7.327036868456986429e-01 1.797906235776058348e-01 1.251706873008648227e-03 0.000000000000000000e+00
8.500000000000000000e+04 3.399960038122666894e-01 8.693673190714611143e-02 7.320209376422394110e-01 1.789940828402366846e-01 2.048247610377787811e-03 0.000000000000000000e+00
8.550000000000000000e+04 3.419959803052801117e-01 8.864360491579426071e-02 7.323623122439690825e-01 1.769458352298589054e-01 2.048247610377787811e-03 0.000000000000000000e+00
8.600000000000000000e+04 3.439959567982933120e-01 8.727810650887574129e-02 7.333864360491579859e-01 1.763768775603095085e-01 2.958579881656804664e-03 0.000000000000000000e+00
8.650000000000000000e+04 3.459959332913067342e-01 8.909877105143376719e-02 7.319071461083295205e-01 1.762630860263996457e-01 2.730996813837050560e-03 0.000000000000000000e+00
8.700000000000000000e+04 3.479959097843201565e-01 9.285389167045972336e-02 7.280382339553936877e-01 1.755803368229403860e-01 3.527537551206190360e-03 0.000000000000000000e+00
8.750000000000000000e+04 3.499958862773333568e-01 9.501593081474737912e-02 7.276968593536641272e-01 1.763768775603095085e-01 9.103322712790168532e-04 0.000000000000000000e+00
8.800000000000000000e+04 3.519958627703467791e-01 9.512972234865725574e-02 7.306554392353209471e-01 1.721665908056440597e-01 2.048247610377787811e-03 0.000000000000000000e+00
8.850000000000000000e+04 3.539958392633599793e-01 1.162949476558944040e-01 7.123350022758306865e-01 1.663632225762403383e-01 5.006827492034592909e-03 0.000000000000000000e+00
8.900000000000000000e+04 3.559958157563734016e-01 1.364360491579426626e-01 6.890077378243059103e-01 1.638598088302230249e-01 1.069640418752844727e-02 0.000000000000000000e+00
8.950000000000000000e+04 3.579957922493868239e-01 1.288120163859808875e-01 6.956076467910787819e-01 1.661356395084205850e-01 9.444697314519799256e-03 0.000000000000000000e+00
9.000000000000000000e+04 3.599957687424000241e-01 1.305188893946290507e-01 6.944697314519799880e-01 1.671597633136094607e-01 7.851615839781519654e-03 0.000000000000000000e+00
9.050000000000000000e+04 3.619957452354134464e-01 1.317705962676376796e-01 6.882111970869366768e-01 1.715976331360946627e-01 8.420573509330906217e-03 0.000000000000000000e+00
9.100000000000000000e+04 3.639957217284266466e-01 1.309740555302685572e-01 7.023213472917615441e-01 1.588529813381884259e-01 7.851615839781519654e-03 0.000000000000000000e+00
9.150000000000000000e+04 3.659956982214400689e-01 1.343878015475648557e-01 7.035730541647701175e-01 1.552116522530723741e-01 6.827492034592626616e-03 0.000000000000000000e+00
9.200000000000000000e+04 3.679956747144534912e-01 1.285844333181611343e-01 7.034592626308602270e-01 1.606736458807464796e-01 7.282658170232134826e-03 0.000000000000000000e+00
9.250000000000000000e+04 3.699956512074666914e-01 1.346153846153846090e-01 6.989076012744651623e-01 1.583978152025489194e-01 8.079198907601274626e-03 0.000000000000000000e+00
9.300000000000000000e+04 3.719956277004801137e-01 1.350705507510241155e-01 7.002730996813837372e-01 1.568047337278106468e-01 7.851615839781519654e-03 0.000000000000000000e+00
9.350000000000000000e+04 3.739956041934933140e-01 1.327947200728265831e-01 7.011834319526627501e-01 1.565771506599908935e-01 9.444697314519799256e-03 0.000000000000000000e+00
9.400000000000000000e+04 3.759955806865067363e-01 1.327947200728265831e-01 7.036868456986800080e-01 1.545289030496131144e-01 8.989531178880291046e-03 0.000000000000000000e+00
9.450000000000000000e+04 3.779955571795201585e-01 1.381429221665907980e-01 7.009558488848429691e-01 1.532771961766044577e-01 7.624032771961766417e-03 0.000000000000000000e+00
9.500000000000000000e+04 3.799955336725333588e-01 1.362084660901228816e-01 7.026627218934911046e-01 1.537323623122439642e-01 7.396449704142011444e-03 0.000000000000000000e+00
9.550000000000000000e+04 3.819955101655467811e-01 1.389394629039599482e-01 7.016385980883022011e-01 1.519116977696859383e-01 7.510241238051888930e-03 0.000000000000000000e+00
9.600000000000000000e+04 3.839954866585599813e-01 1.396222121074192080e-01 7.014110150204825311e-01 1.517979062357760478e-01 7.168866636322257339e-03 0.000000000000000000e+00
9.650000000000000000e+04 3.859954631515734036e-01 1.416704597177969871e-01 7.025489303595812141e-01 1.489531178880291185e-01 6.827492034592626616e-03 0.000000000000000000e+00
9.700000000000000000e+04 3.879954396445868259e-01 1.455393718707328199e-01 7.091488393263540857e-01 1.385980883022303045e-01 6.713700500682749130e-03 0.000000000000000000e+00
9.750000000000000000e+04 3.899954161376000261e-01 1.447428311333636697e-01 6.981110605370960398e-01 1.487255348202093652e-01 8.420573509330906217e-03 0.000000000000000000e+00
9.800000000000000000e+04 3.919953926306134484e-01 1.455393718707328199e-01 6.830905780609922706e-01 1.624943104233045055e-01 8.875739644970414427e-03 0.000000000000000000e+00
9.850000000000000000e+04 3.939953691236266486e-01 1.437187073281747940e-01 6.883249886208465673e-01 1.594219390077378229e-01 8.534365043240782836e-03 0.000000000000000000e+00
9.900000000000000000e+04 3.959953456166400709e-01 1.489531178880291185e-01 6.816112881201638052e-01 1.626081019572143960e-01 6.827492034592626616e-03 0.000000000000000000e+00
9.950000000000000000e+04 3.979953221096534932e-01 1.461083295402822169e-01 6.852526172052799680e-01 1.619253527537551085e-01 6.713700500682749130e-03 0.000000000000000000e+00
1.000000000000000000e+05 3.999952986026666935e-01 1.462221210741920796e-01 6.870732817478379939e-01 1.585116067364588099e-01 8.192990441511151245e-03 0.000000000000000000e+00
1.005000000000000000e+05 4.019952750956801157e-01 1.483841602184797492e-01 6.845698680018206250e-01 1.590805644060081792e-01 7.965407373691398007e-03 0.000000000000000000e+00
1.010000000000000000e+05 4.039952515886933160e-01 1.489531178880291185e-01 6.840009103322712836e-01 1.578288575329995502e-01 9.217114246700046018e-03 0.000000000000000000e+00
1.015000000000000000e+05 4.059952280817067383e-01 1.558944014565316338e-01 6.766044606281292895e-01 1.616977696859353553e-01 5.803368229403732710e-03 0.000000000000000000e+00
1.020000000000000000e+05 4.079952045747201606e-01 1.543013199817933612e-01 6.712562585343649912e-01 1.688666363222576239e-01 5.575785161583977738e-03 0.000000000000000000e+00
1.025000000000000000e+05 4.099951810677333608e-01 1.590805644060081792e-01 6.730769230769231282e-01 1.620391442876649990e-01 5.803368229403732710e-03 0.000000000000000000e+00
1.030000000000000000e+05 4.119951575607467831e-01 1.599908966772872199e-01 6.688666363222576239e-01 1.635184342284934089e-01 7.624032771961766417e-03 0.000000000000000000e+00
1.035000000000000000e+05 4.139951340537599833e-01 1.640873918980427781e-01 6.651115157032316816e-01 1.639736003641329154e-01 6.827492034592626616e-03 0.000000000000000000e+00
1.040000000000000000e+05 4.159951105467734056e-01 1.555530268548019901e-01 6.696631770596267463e-01 1.670459717796995980e-01 7.737824305871643035e-03 0.000000000000000000e+00
1.045000000000000000e+05 4.179950870397868279e-01 1.618115612198452458e-01 6.639736003641328876e-01 1.671597633136094607e-01 7.055075102412380721e-03 0.000000000000000000e+00
1.050000000000000000e+05 4.199950635328000281e-01 1.631770596267637652e-01 6.545289030496130867e-01 1.737596722803823324e-01 8.534365043240782836e-03 0.000000000000000000e+00
1.055000000000000000e+05 4.219950400258134504e-01 1.754665452890304955e-01 6.456531634046427381e-01 1.686390532544378706e-01 1.024123805188893906e-02 0.000000000000000000e+00
1.060000000000000000e+05 4.239950165188266507e-01 1.720527992717341692e-01 6.483841602184797770e-01 1.726217569412835662e-01 6.941283568502503235e-03 0.000000000000000000e+00
1.065000000000000000e+05 4.259949930118400729e-01 1.835457441966317771e-01 6.520254893035958288e-01 1.544151115157032239e-01 1.001365498406918582e-02 0.000000000000000000e+00
1.070000000000000000e+05 4.279949695048534952e-01 1.812699135184342170e-01 6.664770141101502565e-01 1.478152025489303523e-01 4.437869822485207214e-03 0.000000000000000000e+00
1.075000000000000000e+05 4.299949459978666955e-01 1.780837505689576716e-01 6.705735093309057593e-01 1.454255803368229294e-01 5.917159763313609329e-03 0.000000000000000000e+00
1.080000000000000000e+05 4.319949224908801177e-01 1.744424214838415921e-01 6.741010468821119206e-01 1.456531634046426826e-01 5.803368229403732710e-03 0.000000000000000000e+00
1.085000000000000000e+05 4.339948989838933180e-01 1.725079654073737034e-01 6.572598998634501255e-01 1.634046426945835184e-01 6.827492034592626616e-03 0.000000000000000000e+00
1.090000000000000000e+05 4.359948754769067403e-01 1.711424670004551563e-01 6.621529358215748617e-01 1.603322712790168358e-01 6.372325898953117539e-03 0.000000000000000000e+00
1.095000000000000000e+05 4.379948519699201626e-01 1.696631770596267741e-01 6.594219390077378229e-01 1.636322257624032717e-01 7.282658170232134826e-03 0.000000000000000000e+00
1.100000000000000000e+05 4.399948284629333628e-01 1.700045516613563901e-01 6.632908511606736557e-01 1.599908966772872199e-01 6.713700500682749130e-03 0.000000000000000000e+00
1.105000000000000000e+05 4.419948049559467851e-01 1.748975876194810986e-01 6.556668183887118806e-01 1.631770596267637652e-01 6.258534365043240920e-03 0.000000000000000000e+00
1.110000000000000000e+05 4.439947814489599853e-01 1.713700500682749095e-01 6.568047337278106745e-01 1.647701411015020379e-01 7.055075102412380721e-03 0.000000000000000000e+00
1.115000000000000000e+05 4.459947579419734076e-01 1.721665908056440597e-01 6.552116522530723186e-01 1.648839326354119283e-01 7.737824305871643035e-03 0.000000000000000000e+00
1.120000000000000000e+05 4.479947344349868299e-01 1.726217569412835662e-01 6.420118343195265753e-01 1.772872098315885214e-01 8.079198907601274626e-03 0.000000000000000000e+00
1.125000000000000000e+05 4.499947109280000301e-01 1.725079654073737034e-01 6.434911242603550408e-01 1.753527537551206328e-01 8.648156577150659455e-03 0.000000000000000000e+00
1.130000000000000000e+05 4.519946874210134524e-01 1.697769685935366368e-01 6.499772416932180219e-01 1.721665908056440597e-01 8.079198907601274626e-03 0.000000000000000000e+00
1.135000000000000000e+05 4.539946639140266527e-01 1.727355484751934567e-01 6.503186162949476934e-01 1.685252617205279801e-01 8.420573509330906217e-03 0.000000000000000000e+00
