# itime ezz other fcc hcp bcc ico
0.000000000000000000e+00 0.000000000000000000e+00 7.965407373691396923e-04 9.992034592626308775e-01 0.000000000000000000e+00 0.000000000000000000e+00 0.000000000000000000e+00
3.000000000000000000e+01 1.200001266498174068e-02 1.706873008648156654e-03 9.982931269913518646e-01 0.000000000000000000e+00 0.000000000000000000e+00 0.000000000000000000e+00
6.000000000000000000e+01 2.400002532996348137e-02 3.982703686845699004e-03 9.960172963131542767e-01 0.000000000000000000e+00 0.000000000000000000e+00 0.000000000000000000e+00
9.000000000000000000e+01 3.600003799494522205e-02 3.186162949476558769e-03 9.967000455166135087e-01 0.000000000000000000e+00 1.137915339098771066e-04 0.000000000000000000e+00
1.200000000000000000e+02 4.800005065992696274e-02 8.306781975421027864e-03 9.914656349567592120e-01 0.000000000000000000e+00 2.275830678197542133e-04 0.000000000000000000e+00
1.500000000000000000e+02 6.000006332490870342e-02 1.695493855257168905e-02 9.823623122439690825e-01 0.000000000000000000e+00 6.827492034592626399e-04 0.000000000000000000e+00
1.800000000000000000e+02 7.200007598989022206e-02 4.050978607191624975e-02 9.574419663177059503e-01 0.000000000000000000e+00 2.048247610377787811e-03 0.000000000000000000e+00
2.100000000000000000e+02 8.400008865487196275e-02 7.931269913518433634e-02 9.165908056440600360e-01 0.000000000000000000e+00 4.096495220755575623e-03 0.000000000000000000e+00
2.400000000000000000e+02 9.600010131985370343e-02 1.343878015475648557e-01 8.574192080109239722e-01 0.000000000000000000e+00 8.192990441511151245e-03 0.000000000000000000e+00
2.700000000000000000e+02 1.080001139848354441e-01 2.422621756941283622e-01 7.406690942193900895e-01 0.000000000000000000e+00 1.706873008648156567e-02 0.000000000000000000e+00
3.000000000000000000e+02 1.200001266498171848e-01 3.683431952662721831e-01 5.963814292216659263e-01 0.000000000000000000e+00 3.527537551206190447e-02 0.000000000000000000e+00
3.300000000000000000e+02 1.320001393147989255e-01 5.136549840691853053e-01 4.190942193900774049e-01 4.551661356395084266e-04 6.679563040509786664e-02 0.000000000000000000e+00
3.600000000000000000e+02 1.440001519797806662e-01 6.388256713700500855e-01 2.451069640418752915e-01 3.413746017296313308e-03 1.126536185707783383e-01 0.000000000000000000e+00
3.900000000000000000e+02 1.560001646447624069e-01 7.133591260810195900e-01 1.255120619025944517e-01 9.217114246700046018e-03 1.519116977696859383e-01 0.000000000000000000e+00
4.200000000000000000e+02 1.680001773097441475e-01 7.595584888484296915e-01 6.440600819299044377e-02 1.627218934911242587e-02 1.597633136094674666e-01 0.000000000000000000e+00
4.500000000000000000e+02 1.800001899747258882e-01 8.064406008192990249e-01 3.777878925807919702e-02 2.560309512972235024e-02 1.301775147928994070e-01 0.000000000000000000e+00
4.800000000000000000e+02 1.920002026397076289e-01 8.313609467455621571e-01 2.492034592626308706e-02 3.152025489303595523e-02 1.121984524351388318e-01 0.000000000000000000e+00
5.100000000000000000e+02 2.040002153046891475e-01 8.624260355029585989e-01 1.888939462903959851e-02 3.174783796085571541e-02 8.693673190714611143e-02 0.000000000000000000e+00
5.400000000000000000e+02 2.160002279696708882e-01 8.931497496586253693e-01 1.490669094219390124e-02 3.015475648611743234e-02 6.178880291306326766e-02 0.000000000000000000e+00
5.700000000000000000e+02 2.280002406346526289e-01 9.130632680928538747e-01 1.240327719617660522e-02 2.776513427401001294e-02 4.676832043695949154e-02 0.000000000000000000e+00
6.000000000000000000e+02 2.400002532996343696e-01 9.280837505689576439e-01 1.206190259444697363e-02 2.719617660446062984e-02 3.265817023213472836e-02 0.000000000000000000e+00
6.300000000000000000e+02 2.520002659646161103e-01 9.368456986800182129e-01 1.319981793354574502e-02 2.241693218024579104e-02 2.753755120619025970e-02 0.000000000000000000e+00
6.600000000000000000e+02 2.640002786295978510e-01 9.457214383249886724e-01 1.342740100136549826e-02 2.127901684114701791e-02 1.957214383249886169e-02 0.000000000000000000e+00
6.900000000000000000e+02 2.760002912945795916e-01 9.517523896222120916e-01 1.274465179790623508e-02 1.854802002730996865e-02 1.695493855257168905e-02 0.000000000000000000e+00
7.200000000000000000e+02 2.880003039595613323e-01 9.601729631315429891e-01 1.092398725534820224e-02 1.547564861174328607e-02 1.342740100136549826e-02 0.000000000000000000e+00
7.500000000000000000e+02 3.000003166245430730e-01 9.657487482931269573e-01 9.899863450159307465e-03 1.297223486572599005e-02 1.126536185707783383e-02 1.137915339098771066e-04
7.800000000000000000e+02 3.120003292895248137e-01 9.668866636322257513e-01 9.330905780609922637e-03 1.490669094219390124e-02 8.761948111060537808e-03 1.137915339098771066e-04
8.100000000000000000e+02 3.240003419545063323e-01 9.721210741920801590e-01 9.444697314519799256e-03 9.786071916249430847e-03 8.648156577150659455e-03 0.000000000000000000e+00
8.400000000000000000e+02 3.360003546194880730e-01 9.730314064633591720e-01 7.624032771961766417e-03 1.308602639963586667e-02 6.144742831133363434e-03 1.137915339098771066e-04
8.700000000000000000e+02 3.480003672844698137e-01 9.772416932180245652e-01 5.917159763313609329e-03 9.786071916249430847e-03 6.713700500682749130e-03 3.413746017296313199e-04
9.000000000000000000e+02 3.600003799494515544e-01 9.813381884387801790e-01 5.917159763313609329e-03 7.737824305871643035e-03 4.893035958124715423e-03 1.137915339098771066e-04
9.300000000000000000e+02 3.720003926144330730e-01 9.832726445152480954e-01 3.641329085116067413e-03 8.192990441511151245e-03 4.551661356395083832e-03 3.413746017296313199e-04
9.600000000000000000e+02 3.840004052794150358e-01 9.808830223031406170e-01 5.461993627674101119e-03 8.534365043240782836e-03 4.779244424214838804e-03 3.413746017296313199e-04
9.900000000000000000e+02 3.960004179443969985e-01 9.845243513882566688e-01 4.210286754665453109e-03 7.396449704142011444e-03 3.299954483386436255e-03 5.689576695493854790e-04
1.020000000000000000e+03 4.080004306093785171e-01 9.862312243969049153e-01 3.299954483386436255e-03 6.713700500682749130e-03 3.413746017296313308e-03 3.413746017296313199e-04
1.050000000000000000e+03 4.200004432743600358e-01 9.871415566681839282e-01 3.186162949476558769e-03 6.827492034592626616e-03 2.730996813837050560e-03 1.137915339098771066e-04
1.080000000000000000e+03 4.320004559393419985e-01 9.911242603550295405e-01 2.503413746017296455e-03 3.868912152935821518e-03 2.503413746017296455e-03 0.000000000000000000e+00
1.110000000000000000e+03 4.440004686043237392e-01 9.906690942193900895e-01 1.479289940828402332e-03 4.437869822485207214e-03 3.186162949476558769e-03 2.275830678197542133e-04
1.140000000000000000e+03 4.560004812693052578e-01 9.932862994993172379e-01 1.479289940828402332e-03 3.186162949476558769e-03 1.593081474738279385e-03 4.551661356395084266e-04
1.170000000000000000e+03 4.680004939342869985e-01 9.943104233045061413e-01 1.137915339098770958e-03 3.072371415566681717e-03 1.137915339098770958e-03 3.413746017296313199e-04
1.200000000000000000e+03 4.800005065992687392e-01 9.947655894401457033e-01 9.103322712790168532e-04 2.844788347746927612e-03 1.251706873008648227e-03 2.275830678197542133e-04
1.230000000000000000e+03 4.920005192642507019e-01 9.946517979062358128e-01 1.024123805188893906e-03 3.072371415566681717e-03 6.827492034592626399e-04 5.689576695493854790e-04
1.260000000000000000e+03 5.040005319292322206e-01 9.953345471096950448e-01 1.365498406918525280e-03 2.048247610377787811e-03 1.137915339098770958e-03 1.137915339098771066e-04
1.290000000000000000e+03 5.160005445942137392e-01 9.944242148384160318e-01 9.103322712790168532e-04 3.072371415566681717e-03 1.479289940828402332e-03 1.137915339098771066e-04
1.320000000000000000e+03 5.280005572591957019e-01 9.945380063723259223e-01 6.827492034592626399e-04 2.617205279927173507e-03 1.251706873008648227e-03 9.103322712790168532e-04
1.350000000000000000e+03 5.400005699241776647e-01 9.939690487027764698e-01 1.479289940828402332e-03 2.162039144287664864e-03 1.365498406918525280e-03 1.024123805188893906e-03
1.380000000000000000e+03 5.520005825891591833e-01 9.952207555757851543e-01 1.137915339098770958e-03 1.706873008648156654e-03 9.103322712790168532e-04 1.024123805188893906e-03
1.410000000000000000e+03 5.640005952541407019e-01 9.945380063723259223e-01 2.048247610377787811e-03 2.048247610377787811e-03 7.965407373691396923e-04 5.689576695493854790e-04
1.440000000000000000e+03 5.760006079191226647e-01 9.960172963131542767e-01 1.820664542558033706e-03 1.365498406918525280e-03 3.413746017296313199e-04 4.551661356395084266e-04
1.470000000000000000e+03 5.880006205841044054e-01 9.957897132453344957e-01 1.251706873008648227e-03 1.251706873008648227e-03 1.137915339098770958e-03 5.689576695493854790e-04
1.500000000000000000e+03 6.000006332490859240e-01 9.964724624487938387e-01 1.024123805188893906e-03 1.251706873008648227e-03 4.551661356395084266e-04 7.965407373691396923e-04
1.530000000000000000e+03 6.120006459140676647e-01 9.974965862539827421e-01 9.103322712790168532e-04 6.827492034592626399e-04 1.137915339098771066e-04 7.965407373691396923e-04
1.560000000000000000e+03 6.240006585790494054e-01 9.964724624487938387e-01 6.827492034592626399e-04 1.137915339098770958e-03 4.551661356395084266e-04 1.251706873008648227e-03
1.590000000000000000e+03 6.360006712440309240e-01 9.961310878470641672e-01 9.103322712790168532e-04 1.706873008648156654e-03 2.275830678197542133e-04 1.024123805188893906e-03
1.620000000000000000e+03 6.480006839090128867e-01 9.969276285844332897e-01 3.413746017296313199e-04 1.024123805188893906e-03 3.413746017296313199e-04 1.365498406918525280e-03
1.650000000000000000e+03 6.600006965739944054e-01 9.980655439235320836e-01 5.689576695493854790e-04 2.275830678197542133e-04 3.413746017296313199e-04 7.965407373691396923e-04
1.680000000000000000e+03 6.720007092389763681e-01 9.985207100591716456e-01 4.551661356395084266e-04 3.413746017296313199e-04 0.000000000000000000e+00 6.827492034592626399e-04
1.710000000000000000e+03 6.840007219039581088e-01 9.980655439235320836e-01 3.413746017296313199e-04 5.689576695493854790e-04 3.413746017296313199e-04 6.827492034592626399e-04
1.740000000000000000e+03 6.960007345689398495e-01 9.976103777878926326e-01 3.413746017296313199e-04 1.024123805188893906e-03 2.275830678197542133e-04 7.965407373691396923e-04
1.770000000000000000e+03 7.080007472339213681e-01 9.970414201183431802e-01 3.413746017296313199e-04 1.706873008648156654e-03 2.275830678197542133e-04 6.827492034592626399e-04
1.800000000000000000e+03 7.200007598989031088e-01 9.971552116522530707e-01 6.827492034592626399e-04 5.689576695493854790e-04 1.137915339098771066e-04 1.479289940828402332e-03
1.830000000000000000e+03 7.320007725638850715e-01 9.972690031861629611e-01 4.551661356395084266e-04 1.365498406918525280e-03 3.413746017296313199e-04 5.689576695493854790e-04
1.860000000000000000e+03 7.440007852288665902e-01 9.986345015930814251e-01 3.413746017296313199e-04 3.413746017296313199e-04 2.275830678197542133e-04 4.551661356395084266e-04
1.890000000000000000e+03 7.560007978938481088e-01 9.971552116522530707e-01 4.551661356395084266e-04 1.479289940828402332e-03 2.275830678197542133e-04 6.827492034592626399e-04
1.920000000000000000e+03 7.680008105588300715e-01 9.974965862539827421e-01 6.827492034592626399e-04 9.103322712790168532e-04 3.413746017296313199e-04 5.689576695493854790e-04
1.950000000000000000e+03 7.800008232238120343e-01 9.979517523896221931e-01 4.551661356395084266e-04 1.251706873008648227e-03 0.000000000000000000e+00 3.413746017296313199e-04
1.980000000000000000e+03 7.920008358887935529e-01 9.979517523896221931e-01 0.000000000000000000e+00 9.103322712790168532e-04 1.137915339098771066e-04 1.024123805188893906e-03
2.010000000000000000e+03 8.040008485537750715e-01 9.977241693218024121e-01 4.551661356395084266e-04 7.965407373691396923e-04 2.275830678197542133e-04 7.965407373691396923e-04
2.040000000000000000e+03 8.160008612187570343e-01 9.982931269913518646e-01 0.000000000000000000e+00 4.551661356395084266e-04 4.551661356395084266e-04 7.965407373691396923e-04
2.070000000000000000e+03 8.280008738837387749e-01 9.977241693218024121e-01 2.275830678197542133e-04 7.965407373691396923e-04 2.275830678197542133e-04 1.024123805188893906e-03
2.100000000000000000e+03 8.400008865487205156e-01 9.978379608557123026e-01 2.275830678197542133e-04 6.827492034592626399e-04 2.275830678197542133e-04 1.024123805188893906e-03
2.130000000000000000e+03 8.520008992137020343e-01 9.981793354574419741e-01 0.000000000000000000e+00 7.965407373691396923e-04 2.275830678197542133e-04 7.965407373691396923e-04
2.160000000000000000e+03 8.640009118786837750e-01 9.981793354574419741e-01 2.275830678197542133e-04 6.827492034592626399e-04 1.137915339098771066e-04 7.965407373691396923e-04
2.190000000000000000e+03 8.760009245436657377e-01 9.977241693218024121e-01 2.275830678197542133e-04 9.103322712790168532e-04 0.000000000000000000e+00 1.137915339098770958e-03
2.220000000000000000e+03 8.880009372086472563e-01 9.979517523896221931e-01 3.413746017296313199e-04 3.413746017296313199e-04 3.413746017296313199e-04 1.024123805188893906e-03
2.250000000000000000e+03 9.000009498736287750e-01 9.979517523896221931e-01 0.000000000000000000e+00 6.827492034592626399e-04 2.275830678197542133e-04 1.137915339098770958e-03
2.280000000000000000e+03 9.120009625386107377e-01 9.977241693218024121e-01 1.137915339098771066e-04 7.965407373691396923e-04 2.275830678197542133e-04 1.137915339098770958e-03
2.310000000000000000e+03 9.240009752035927004e-01 9.986345015930814251e-01 3.413746017296313199e-04 4.551661356395084266e-04 1.137915339098771066e-04 4.551661356395084266e-04
2.340000000000000000e+03 9.360009878685742191e-01 9.970414201183431802e-01 3.413746017296313199e-04 1.365498406918525280e-03 4.551661356395084266e-04 7.965407373691396923e-04
2.370000000000000000e+03 9.480010005335557377e-01 9.976103777878926326e-01 1.137915339098771066e-04 7.965407373691396923e-04 0.000000000000000000e+00 1.479289940828402332e-03
2.400000000000000000e+03 9.600010131985377004e-01 9.969276285844332897e-01 2.275830678197542133e-04 1.137915339098770958e-03 1.137915339098771066e-04 1.593081474738279385e-03
2.430000000000000000e+03 9.720010258635194411e-01 9.972690031861629611e-01 2.275830678197542133e-04 3.413746017296313199e-04 4.551661356395084266e-04 1.706873008648156654e-03
2.460000000000000000e+03 9.840010385285009598e-01 9.970414201183431802e-01 2.275830678197542133e-04 1.024123805188893906e-03 3.413746017296313199e-04 1.365498406918525280e-03
2.490000000000000000e+03 9.960010511934827004e-01 9.967000455166135087e-01 0.000000000000000000e+00 6.827492034592626399e-04 4.551661356395084266e-04 2.162039144287664864e-03
