# itime ezz other fcc hcp bcc ico
0.000000000000000000e+00 0.000000000000000000e+00 0.000000000000000000e+00 1.000000000000000000e+00 0.000000000000000000e+00 0.000000000000000000e+00 0.000000000000000000e+00
2.500000000000000000e+03 1.000002114738451908e-02 0.000000000000000000e+00 1.000000000000000000e+00 0.000000000000000000e+00 0.000000000000000000e+00 0.000000000000000000e+00
5.000000000000000000e+03 2.000004229476903816e-02 0.000000000000000000e+00 1.000000000000000000e+00 0.000000000000000000e+00 0.000000000000000000e+00 0.000000000000000000e+00
7.500000000000000000e+03 3.000006344215355725e-02 0.000000000000000000e+00 1.000000000000000000e+00 0.000000000000000000e+00 0.000000000000000000e+00 0.000000000000000000e+00
1.000000000000000000e+04 4.000008458953807633e-02 0.000000000000000000e+00 1.000000000000000000e+00 0.000000000000000000e+00 0.000000000000000000e+00 0.000000000000000000e+00
1.250000000000000000e+04 5.000010573692237337e-02 0.000000000000000000e+00 1.000000000000000000e+00 0.000000000000000000e+00 0.000000000000000000e+00 0.000000000000000000e+00
1.500000000000000000e+04 6.000012688430689245e-02 0.000000000000000000e+00 1.000000000000000000e+00 0.000000000000000000e+00 0.000000000000000000e+00 0.000000000000000000e+00
1.750000000000000000e+04 7.000014803169141153e-02 0.000000000000000000e+00 1.000000000000000000e+00 0.000000000000000000e+00 0.000000000000000000e+00 0.000000000000000000e+00
2.000000000000000000e+04 8.000016917907593061e-02 1.024123805188893906e-03 9.988620846609012061e-01 0.000000000000000000e+00 1.137915339098771066e-04 0.000000000000000000e+00
2.250000000000000000e+04 9.000019032646044970e-02 1.934456076467910759e-03 9.978379608557123026e-01 0.000000000000000000e+00 2.275830678197542133e-04 0.000000000000000000e+00
2.500000000000000000e+04 1.000002114738449688e-01 5.006827492034592909e-03 9.946517979062358128e-01 0.000000000000000000e+00 3.413746017296313199e-04 0.000000000000000000e+00
2.750000000000000000e+04 1.100002326212294879e-01 1.367774237596722786e-01 5.331133363677742487e-01 0.000000000000000000e+00 3.301092398725534727e-01 0.000000000000000000e+00
3.000000000000000000e+04 1.200002537686140069e-01 2.674101046882111990e-02 8.258989531178880794e-01 1.470186618115612298e-01 3.413746017296313199e-04 0.000000000000000000e+00
3.250000000000000000e+04 1.300002749159985260e-01 2.742375967228038308e-02 8.254437869822485174e-01 1.470186618115612298e-01 1.137915339098771066e-04 0.000000000000000000e+00
3.500000000000000000e+04 1.400002960633830451e-01 2.685480200273099652e-02 8.257851615839781889e-01 1.471324533454710926e-01 2.275830678197542133e-04 0.000000000000000000e+00
3.750000000000000000e+04 1.500003172107673421e-01 2.810650887573964626e-02 8.249886208466090665e-01 1.466772872098315861e-01 2.275830678197542133e-04 0.000000000000000000e+00
4.000000000000000000e+04 1.600003383581518612e-01 2.799271734182976618e-02 8.249886208466090665e-01 1.469048702776513393e-01 1.137915339098771066e-04 0.000000000000000000e+00
4.250000000000000000e+04 1.700003595055363803e-01 2.833409194355939950e-02 8.248748293126991760e-01 1.466772872098315861e-01 1.137915339098771066e-04 0.000000000000000000e+00
4.500000000000000000e+04 1.800003806529208994e-01 3.299954483386435822e-02 8.212335002275830131e-01 1.453117888029130667e-01 4.551661356395084266e-04 0.000000000000000000e+00
4.750000000000000000e+04 1.900004018003054185e-01 5.621301775147929253e-02 7.853891670459717256e-01 1.560081929904415243e-01 2.389622212107419402e-03 0.000000000000000000e+00
5.000000000000000000e+04 2.000004229476899376e-01 5.769230769230769551e-02 7.851615839781520556e-01 1.554392353208921274e-01 1.706873008648156654e-03 0.000000000000000000e+00
5.250000000000000000e+04 2.100004440950744566e-01 5.678197542102867562e-02 7.907373691397360238e-01 1.512289485662266786e-01 1.251706873008648227e-03 0.000000000000000000e+00
5.500000000000000000e+04 2.200004652424589757e-01 6.531634046426945672e-02 7.705962676376877374e-01 1.616977696859353553e-01 2.389622212107419402e-03 0.000000000000000000e+00
5.750000000000000000e+04 2.300004863898434948e-01 6.599908966772871644e-02 7.560309512972235302e-01 1.774010013654984119e-01 5.689576695493854790e-04 0.000000000000000000e+00
6.000000000000000000e+04 2.400005075372277918e-01 6.873008648156576916e-02 7.572826581702321036e-01 1.738734638142922229e-01 1.137915339098771066e-04 0.000000000000000000e+00
6.250000000000000000e+04 2.500005286846123109e-01 7.510241238051888757e-02 7.554619936276740777e-01 1.685252617205279801e-01 9.103322712790168532e-04 0.000000000000000000e+00
6.500000000000000000e+04 2.600005498319968300e-01 9.239872553482020301e-02 7.286071916249431402e-01 1.754665452890304955e-01 3.527537551206190360e-03 0.000000000000000000e+00
6.750000000000000000e+04 2.700005709793813491e-01 9.535730541647700897e-02 7.241693218024578549e-01 1.767182521620391522e-01 3.755120619025944465e-03 0.000000000000000000e+00
7.000000000000000000e+04 2.800005921267658682e-01 1.040054619936276736e-01 7.002730996813837372e-01 1.919663177059626746e-01 3.755120619025944465e-03 0.000000000000000000e+00
7.250000000000000000e+04 2.900006132741503873e-01 1.081019572143832458e-01 6.928766499772417431e-01 1.945835229858898507e-01 4.437869822485207214e-03 0.000000000000000000e+00
7.500000000000000000e+04 3.000006344215349063e-01 1.494082840236686527e-01 6.365498406918524976e-01 2.073281747837960876e-01 6.713700500682749130e-03 0.000000000000000000e+00
7.750000000000000000e+04 3.100006555689194254e-01 1.322257624032771861e-01 6.898042785616750328e-01 1.754665452890304955e-01 2.503413746017296455e-03 0.000000000000000000e+00
8.000000000000000000e+04 3.200006767163039445e-01 1.346153846153846090e-01 6.838871187983613931e-01 1.796768320436959443e-01 1.820664542558033706e-03 0.000000000000000000e+00
8.250000000000000000e+04 3.300006978636884636e-01 1.350705507510241155e-01 6.851388256713700775e-01 1.783113336367774249e-01 1.479289940828402332e-03 0.000000000000000000e+00
8.500000000000000000e+04 3.400007190110727606e-01 1.214155666818388657e-01 7.047109695038689114e-01 1.710286754665452935e-01 2.844788347746927612e-03 0.000000000000000000e+00
8.750000000000000000e+04 3.500007401584572797e-01 1.374601729631315383e-01 6.933318161128811941e-01 1.657942649066909413e-01 3.413746017296313308e-03 0.000000000000000000e+00
9.000000000000000000e+04 3.600007613058417988e-01 1.309740555302685572e-01 7.022075557578516536e-01 1.624943104233045055e-01 4.324078288575329727e-03 0.000000000000000000e+00
9.250000000000000000e+04 3.700007824532263179e-01 1.370050068274920319e-01 6.892353208921255803e-01 1.700045516613563901e-01 3.755120619025944465e-03 0.000000000000000000e+00
9.500000000000000000e+04 3.800008036006108370e-01 1.792216659080564378e-01 6.301775147928994070e-01 1.867319071461083224e-01 3.868912152935821518e-03 0.000000000000000000e+00
9.750000000000000000e+04 3.900008247479955781e-01 1.875284478834774726e-01 6.472462448793809831e-01 1.586253982703686727e-01 6.599908966772872511e-03 0.000000000000000000e+00
1.000000000000000000e+05 4.000008458953800972e-01 1.516841147018661851e-01 6.755803368229403860e-01 1.692080109239872676e-01 3.527537551206190360e-03 0.000000000000000000e+00
1.025000000000000000e+05 4.100008670427643942e-01 1.516841147018661851e-01 6.733045061447427981e-01 1.706873008648156498e-01 4.324078288575329727e-03 0.000000000000000000e+00
1.050000000000000000e+05 4.200008881901489133e-01 1.565771506599908935e-01 6.711424670004552118e-01 1.697769685935366368e-01 2.503413746017296455e-03 0.000000000000000000e+00
1.075000000000000000e+05 4.300009093375334324e-01 1.430359581247155343e-01 7.077833409194356218e-01 1.483841602184797492e-01 7.965407373691396923e-04 0.000000000000000000e+00
1.100000000000000000e+05 4.400009304849179514e-01 1.449704142011834229e-01 7.028903049613108855e-01 1.506599908966772816e-01 1.479289940828402332e-03 0.000000000000000000e+00
1.125000000000000000e+05 4.500009516323024705e-01 1.500910332271279124e-01 6.992489758761948337e-01 1.487255348202093652e-01 1.934456076467910759e-03 0.000000000000000000e+00
1.150000000000000000e+05 4.600009727796869896e-01 1.408739189804278646e-01 7.123350022758306865e-01 1.442876649977241632e-01 2.503413746017296455e-03 0.000000000000000000e+00
1.175000000000000000e+05 4.700009939270715087e-01 1.418980427856167403e-01 7.181383705052344357e-01 1.381429221665907980e-01 1.820664542558033706e-03 0.000000000000000000e+00
1.200000000000000000e+05 4.800010150744560278e-01 1.471324533454710926e-01 7.140418752844788219e-01 1.370050068274920319e-01 1.820664542558033706e-03 0.000000000000000000e+00
1.225000000000000000e+05 4.900010362218405469e-01 1.554392353208921274e-01 6.991351843422849432e-01 1.423532089212562468e-01 3.072371415566681717e-03 0.000000000000000000e+00
1.250000000000000000e+05 5.000010573692248439e-01 1.416704597177969871e-01 7.273554847519344557e-01 1.257396449704142050e-01 5.234410559854347014e-03 0.000000000000000000e+00
1.275000000000000000e+05 5.100010785166093630e-01 1.250568957669549452e-01 7.339553937187073274e-01 1.378015475648611821e-01 3.186162949476558769e-03 0.000000000000000000e+00
1.300000000000000000e+05 5.200010996639938821e-01 1.224396904870277691e-01 7.371415566681839282e-01 1.388256713700500578e-01 1.593081474738279385e-03 0.000000000000000000e+00
1.325000000000000000e+05 5.300011208113784011e-01 1.275603095129722309e-01 7.347519344560764498e-01 1.364360491579426626e-01 1.251706873008648227e-03 0.000000000000000000e+00
1.350000000000000000e+05 5.400011419587629202e-01 1.289258079198907503e-01 7.340691852526172179e-01 1.355257168866636219e-01 1.479289940828402332e-03 0.000000000000000000e+00
1.375000000000000000e+05 5.500011631061474393e-01 1.412152935821574806e-01 7.273554847519344557e-01 1.297223486572599005e-01 1.706873008648156654e-03 0.000000000000000000e+00
1.400000000000000000e+05 5.600011842535319584e-01 1.604460628129267263e-01 7.008420573509330787e-01 1.347291761492944995e-01 3.982703686845699004e-03 0.000000000000000000e+00
1.425000000000000000e+05 5.700012054009164775e-01 1.548702776513427304e-01 6.977696859353663683e-01 1.442876649977241632e-01 3.072371415566681717e-03 0.000000000000000000e+00
1.450000000000000000e+05 5.800012265483009966e-01 1.510013654984069253e-01 7.011834319526627501e-01 1.450842057350933134e-01 2.730996813837050560e-03 0.000000000000000000e+00
1.475000000000000000e+05 5.900012476956855156e-01 1.507737824305871721e-01 7.012972234865726406e-01 1.455393718707328199e-01 2.389622212107419402e-03 0.000000000000000000e+00
1.500000000000000000e+05 6.000012688430698127e-01 1.477014110150204895e-01 7.067592171142467183e-01 1.440600819299044100e-01 1.479289940828402332e-03 0.000000000000000000e+00
1.525000000000000000e+05 6.100012899904543318e-01 1.512289485662266786e-01 6.960628129267182329e-01 1.519116977696859383e-01 7.965407373691396923e-04 0.000000000000000000e+00
1.550000000000000000e+05 6.200013111378388508e-01 1.507737824305871721e-01 6.878698224852071164e-01 1.594219390077378229e-01 1.934456076467910759e-03 0.000000000000000000e+00
1.575000000000000000e+05 6.300013322852233699e-01 1.555530268548019901e-01 6.820664542558033672e-01 1.599908966772872199e-01 2.389622212107419402e-03 0.000000000000000000e+00
1.600000000000000000e+05 6.400013534326078890e-01 1.580564406008193035e-01 6.738734638142922506e-01 1.652253072371415443e-01 2.844788347746927612e-03 0.000000000000000000e+00
1.625000000000000000e+05 6.500013745799924081e-01 1.723941738734638129e-01 6.544151115157031962e-01 1.680700955848884737e-01 5.120619025944469528e-03 0.000000000000000000e+00
1.650000000000000000e+05 6.600013957273769272e-01 1.915111515703231682e-01 6.085571233500227661e-01 1.960628129267182607e-01 3.868912152935821518e-03 0.000000000000000000e+00
1.675000000000000000e+05 6.700014168747614463e-01 1.654528903049612976e-01 6.789940828402366568e-01 1.525944469731451980e-01 2.958579881656804664e-03 0.000000000000000000e+00
1.700000000000000000e+05 6.800014380221459653e-01 1.590805644060081792e-01 6.936731907146108655e-01 1.454255803368229294e-01 1.820664542558033706e-03 0.000000000000000000e+00
1.725000000000000000e+05 6.900014591695302624e-01 1.574874829312699065e-01 6.935593991807009751e-01 1.462221210741920796e-01 2.730996813837050560e-03 0.000000000000000000e+00
1.750000000000000000e+05 7.000014803169147815e-01 1.498634501593081592e-01 7.059626763768775959e-01 1.431497496586253970e-01 1.024123805188893906e-03 0.000000000000000000e+00
1.775000000000000000e+05 7.100015014642993005e-01 1.530496131087847045e-01 7.034592626308602270e-01 1.421256258534364936e-01 1.365498406918525280e-03 0.000000000000000000e+00
1.800000000000000000e+05 7.200015226116838196e-01 1.545289030496131144e-01 7.027765134274009950e-01 1.416704597177969871e-01 1.024123805188893906e-03 0.000000000000000000e+00
1.825000000000000000e+05 7.300015437590683387e-01 1.644287664997724219e-01 6.882111970869366768e-01 1.439462903959945472e-01 3.413746017296313308e-03 0.000000000000000000e+00
1.850000000000000000e+05 7.400015649064528578e-01 1.967455621301775204e-01 6.327947200728265553e-01 1.665908056440600915e-01 3.868912152935821518e-03 0.000000000000000000e+00
1.875000000000000000e+05 7.500015860538373769e-01 2.016385980883022289e-01 6.151570323167956378e-01 1.810423304506144637e-01 2.162039144287664864e-03 0.000000000000000000e+00
1.900000000000000000e+05 7.600016072012218959e-01 2.256486117432862926e-01 5.910332271279017391e-01 1.803595812471552040e-01 2.958579881656804664e-03 0.000000000000000000e+00
1.925000000000000000e+05 7.700016283486064150e-01 2.058488848429676776e-01 6.241465634956758768e-01 1.680700955848884737e-01 1.934456076467910759e-03 0.000000000000000000e+00
1.950000000000000000e+05 7.800016494959909341e-01 1.986800182066454368e-01 6.412152935821574529e-01 1.541875284478834707e-01 5.917159763313609329e-03 0.000000000000000000e+00
1.975000000000000000e+05 7.900016706433752312e-01 1.612426035502958488e-01 6.945835229858898785e-01 1.395084205735093175e-01 4.665452890304961318e-03 0.000000000000000000e+00
2.000000000000000000e+05 8.000016917907597502e-01 1.634046426945835184e-01 6.946973145197997690e-01 1.383705052344105513e-01 3.527537551206190360e-03 0.000000000000000000e+00
2.025000000000000000e+05 8.100017129381442693e-01 1.639736003641329154e-01 6.928766499772417431e-01 1.388256713700500578e-01 4.324078288575329727e-03 0.000000000000000000e+00
2.050000000000000000e+05 8.200017340855287884e-01 1.661356395084205850e-01 6.901456531634045932e-01 1.391670459717797015e-01 4.551661356395083832e-03 0.000000000000000000e+00
2.075000000000000000e+05 8.300017552329133075e-01 1.715976331360946627e-01 6.777423759672280834e-01 1.454255803368229294e-01 5.234410559854347014e-03 0.000000000000000000e+00
2.100000000000000000e+05 8.400017763802978266e-01 1.792216659080564378e-01 6.690942193900774049e-01 1.478152025489303523e-01 3.868912152935821518e-03 0.000000000000000000e+00
2.125000000000000000e+05 8.500017975276823456e-01 1.679563040509786109e-01 6.841147018661811741e-01 1.439462903959945472e-01 3.982703686845699004e-03 0.000000000000000000e+00
2.150000000000000000e+05 8.600018186750668647e-01 1.663632225762403383e-01 6.833181611288120516e-01 1.447428311333636697e-01 5.575785161583977738e-03 0.000000000000000000e+00
2.175000000000000000e+05 8.700018398224513838e-01 1.470186618115612298e-01 7.137005006827491504e-01 1.376877560309512916e-01 1.593081474738279385e-03 0.000000000000000000e+00
2.200000000000000000e+05 8.800018609698359029e-01 1.495220755575785154e-01 7.144970414201183839e-01 1.349567592171142527e-01 1.024123805188893906e-03 0.000000000000000000e+00
2.225000000000000000e+05 8.900018821172201999e-01 1.511151570323167881e-01 7.133591260810195900e-01 1.340464269458352398e-01 1.479289940828402332e-03 0.000000000000000000e+00
2.250000000000000000e+05 9.000019032646047190e-01 1.525944469731451980e-01 7.124487938097405770e-01 1.340464269458352398e-01 9.103322712790168532e-04 0.000000000000000000e+00
2.275000000000000000e+05 9.100019244119892381e-01 1.492944924897587622e-01 7.124487938097405770e-01 1.363222576240327721e-01 1.934456076467910759e-03 0.000000000000000000e+00
2.300000000000000000e+05 9.200019455593737572e-01 1.553254437869822369e-01 7.080109239872554028e-01 1.354119253527537592e-01 1.251706873008648227e-03 0.000000000000000000e+00
2.325000000000000000e+05 9.300019667067582763e-01 1.704597177969958965e-01 6.726217569412835662e-01 1.558944014565316338e-01 1.024123805188893906e-03 0.000000000000000000e+00
2.350000000000000000e+05 9.400019878541427953e-01 1.725079654073737034e-01 6.635184342284934367e-01 1.630632680928539024e-01 9.103322712790168532e-04 0.000000000000000000e+00
2.375000000000000000e+05 9.500020090015273144e-01 1.756941283568502488e-01 6.555530268548019901e-01 1.670459717796995980e-01 1.706873008648156654e-03 0.000000000000000000e+00
2.400000000000000000e+05 9.600020301489118335e-01 1.777423759672280279e-01 6.537323623122439642e-01 1.673873463814292140e-01 1.137915339098770958e-03 0.000000000000000000e+00
2.425000000000000000e+05 9.700020512962963526e-01 1.926490669094219343e-01 5.889849795175239322e-01 2.171142467000455045e-01 1.251706873008648227e-03 0.000000000000000000e+00
2.450000000000000000e+05 9.800020724436806496e-01 2.023213472917614886e-01 5.758989531178880794e-01 2.196176604460628179e-01 2.162039144287664864e-03 0.000000000000000000e+00
2.475000000000000000e+05 9.900020935910651687e-01 2.083522985889849910e-01 5.613336367774237612e-01 2.269003186162949492e-01 3.413746017296313308e-03 0.000000000000000000e+00
2.500000000000000000e+05 1.000002114738449688e+00 2.192762858443331742e-01 5.428994082840237212e-01 2.338416021847974646e-01 3.982703686845699004e-03 0.000000000000000000e+00
