# itime ezz other fcc hcp bcc ico
0.000000000000000000e+00 0.000000000000000000e+00 0.000000000000000000e+00 1.000000000000000000e+00 0.000000000000000000e+00 0.000000000000000000e+00 0.000000000000000000e+00
5.000000000000000000e+02 1.999987311569473292e-03 0.000000000000000000e+00 1.000000000000000000e+00 0.000000000000000000e+00 0.000000000000000000e+00 0.000000000000000000e+00
1.000000000000000000e+03 3.999974623138724539e-03 0.000000000000000000e+00 1.000000000000000000e+00 0.000000000000000000e+00 0.000000000000000000e+00 0.000000000000000000e+00
1.500000000000000000e+03 5.999961934708197830e-03 0.000000000000000000e+00 1.000000000000000000e+00 0.000000000000000000e+00 0.000000000000000000e+00 0.000000000000000000e+00
2.000000000000000000e+03 7.999949246277449078e-03 0.000000000000000000e+00 1.000000000000000000e+00 0.000000000000000000e+00 0.000000000000000000e+00 0.000000000000000000e+00
2.500000000000000000e+03 9.999936557846922369e-03 0.000000000000000000e+00 1.000000000000000000e+00 0.000000000000000000e+00 0.000000000000000000e+00 0.000000000000000000e+00
3.000000000000000000e+03 1.199992386941639566e-02 0.000000000000000000e+00 1.000000000000000000e+00 0.000000000000000000e+00 0.000000000000000000e+00 0.000000000000000000e+00
3.500000000000000000e+03 1.399991118098564691e-02 0.000000000000000000e+00 1.000000000000000000e+00 0.000000000000000000e+00 0.000000000000000000e+00 0.000000000000000000e+00
4.000000000000000000e+03 1.599989849255512020e-02 0.000000000000000000e+00 1.000000000000000000e+00 0.000000000000000000e+00 0.000000000000000000e+00 0.000000000000000000e+00
4.500000000000000000e+03 1.799988580412437145e-02 0.000000000000000000e+00 1.000000000000000000e+00 0.000000000000000000e+00 0.000000000000000000e+00 0.000000000000000000e+00
5.000000000000000000e+03 1.999987311569384474e-02 0.000000000000000000e+00 1.000000000000000000e+00 0.000000000000000000e+00 0.000000000000000000e+00 0.000000000000000000e+00
5.500000000000000000e+03 2.199986042726331803e-02 0.000000000000000000e+00 1.000000000000000000e+00 0.000000000000000000e+00 0.000000000000000000e+00 0.000000000000000000e+00
6.000000000000000000e+03 2.399984773883256928e-02 0.000000000000000000e+00 1.000000000000000000e+00 0.000000000000000000e+00 0.000000000000000000e+00 0.000000000000000000e+00
6.500000000000000000e+03 2.599983505040204257e-02 0.000000000000000000e+00 1.000000000000000000e+00 0.000000000000000000e+00 0.000000000000000000e+00 0.000000000000000000e+00
7.000000000000000000e+03 2.799982236197129382e-02 0.000000000000000000e+00 1.000000000000000000e+00 0.000000000000000000e+00 0.000000000000000000e+00 0.000000000000000000e+00
7.500000000000000000e+03 2.999980967354076711e-02 0.000000000000000000e+00 1.000000000000000000e+00 0.000000000000000000e+00 0.000000000000000000e+00 0.000000000000000000e+00
8.000000000000000000e+03 3.199979698511001835e-02 0.000000000000000000e+00 1.000000000000000000e+00 0.000000000000000000e+00 0.000000000000000000e+00 0.000000000000000000e+00
8.500000000000000000e+03 3.399978429667949165e-02 0.000000000000000000e+00 1.000000000000000000e+00 0.000000000000000000e+00 0.000000000000000000e+00 0.000000000000000000e+00
9.000000000000000000e+03 3.599977160824896494e-02 0.000000000000000000e+00 1.000000000000000000e+00 0.000000000000000000e+00 0.000000000000000000e+00 0.000000000000000000e+00
9.500000000000000000e+03 3.799975891981821619e-02 0.000000000000000000e+00 1.000000000000000000e+00 0.000000000000000000e+00 0.000000000000000000e+00 0.000000000000000000e+00
1.000000000000000000e+04 3.999974623138768948e-02 0.000000000000000000e+00 1.000000000000000000e+00 0.000000000000000000e+00 0.000000000000000000e+00 0.000000000000000000e+00
1.050000000000000000e+04 4.199973354295694072e-02 0.000000000000000000e+00 1.000000000000000000e+00 0.000000000000000000e+00 0.000000000000000000e+00 0.000000000000000000e+00
1.100000000000000000e+04 4.399972085452641402e-02 0.000000000000000000e+00 1.000000000000000000e+00 0.000000000000000000e+00 0.000000000000000000e+00 0.000000000000000000e+00
1.150000000000000000e+04 4.599970816609588731e-02 0.000000000000000000e+00 1.000000000000000000e+00 0.000000000000000000e+00 0.000000000000000000e+00 0.000000000000000000e+00
1.200000000000000000e+04 4.799969547766513855e-02 0.000000000000000000e+00 1.000000000000000000e+00 0.000000000000000000e+00 0.000000000000000000e+00 0.000000000000000000e+00
1.250000000000000000e+04 4.999968278923461185e-02 0.000000000000000000e+00 1.000000000000000000e+00 0.000000000000000000e+00 0.000000000000000000e+00 0.000000000000000000e+00
1.300000000000000000e+04 5.199967010080386309e-02 0.000000000000000000e+00 1.000000000000000000e+00 0.000000000000000000e+00 0.000000000000000000e+00 0.000000000000000000e+00
1.350000000000000000e+04 5.399965741237333638e-02 0.000000000000000000e+00 1.000000000000000000e+00 0.000000000000000000e+00 0.000000000000000000e+00 0.000000000000000000e+00
1.400000000000000000e+04 5.599964472394280968e-02 0.000000000000000000e+00 1.000000000000000000e+00 0.000000000000000000e+00 0.000000000000000000e+00 0.000000000000000000e+00
1.450000000000000000e+04 5.799963203551206092e-02 0.000000000000000000e+00 1.000000000000000000e+00 0.000000000000000000e+00 0.000000000000000000e+00 0.000000000000000000e+00
1.500000000000000000e+04 5.999961934708153422e-02 0.000000000000000000e+00 1.000000000000000000e+00 0.000000000000000000e+00 0.000000000000000000e+00 0.000000000000000000e+00
1.550000000000000000e+04 6.199960665865078546e-02 0.000000000000000000e+00 1.000000000000000000e+00 0.000000000000000000e+00 0.000000000000000000e+00 0.000000000000000000e+00
1.600000000000000000e+04 6.399959397022025875e-02 2.275830678197542133e-04 9.997724169321802190e-01 0.000000000000000000e+00 0.000000000000000000e+00 0.000000000000000000e+00
1.650000000000000000e+04 6.599958128178973205e-02 0.000000000000000000e+00 1.000000000000000000e+00 0.000000000000000000e+00 0.000000000000000000e+00 0.000000000000000000e+00
1.700000000000000000e+04 6.799956859335898329e-02 1.137915339098771066e-04 9.998862084660901095e-01 0.000000000000000000e+00 0.000000000000000000e+00 0.000000000000000000e+00
1.750000000000000000e+04 6.999955590492845658e-02 0.000000000000000000e+00 1.000000000000000000e+00 0.000000000000000000e+00 0.000000000000000000e+00 0.000000000000000000e+00
1.800000000000000000e+04 7.199954321649770783e-02 0.000000000000000000e+00 1.000000000000000000e+00 0.000000000000000000e+00 0.000000000000000000e+00 0.000000000000000000e+00
1.850000000000000000e+04 7.399953052806718112e-02 1.137915339098771066e-04 9.998862084660901095e-01 0.000000000000000000e+00 0.000000000000000000e+00 0.000000000000000000e+00
1.900000000000000000e+04 7.599951783963643237e-02 0.000000000000000000e+00 1.000000000000000000e+00 0.000000000000000000e+00 0.000000000000000000e+00 0.000000000000000000e+00
1.950000000000000000e+04 7.799950515120590566e-02 1.137915339098771066e-04 9.998862084660901095e-01 0.000000000000000000e+00 0.000000000000000000e+00 0.000000000000000000e+00
2.000000000000000000e+04 7.999949246277537895e-02 1.024123805188893906e-03 9.988620846609012061e-01 0.000000000000000000e+00 1.137915339098771066e-04 0.000000000000000000e+00
2.050000000000000000e+04 8.199947977434463020e-02 3.413746017296313199e-04 9.996586253982703285e-01 0.000000000000000000e+00 0.000000000000000000e+00 0.000000000000000000e+00
2.100000000000000000e+04 8.399946708591410349e-02 3.413746017296313199e-04 9.996586253982703285e-01 0.000000000000000000e+00 0.000000000000000000e+00 0.000000000000000000e+00
2.150000000000000000e+04 8.599945439748335474e-02 3.413746017296313199e-04 9.994310423304506585e-01 0.000000000000000000e+00 2.275830678197542133e-04 0.000000000000000000e+00
2.200000000000000000e+04 8.799944170905282803e-02 1.137915339098770958e-03 9.988620846609012061e-01 0.000000000000000000e+00 0.000000000000000000e+00 0.000000000000000000e+00
2.250000000000000000e+04 8.999942902062230132e-02 1.934456076467910759e-03 9.978379608557123026e-01 0.000000000000000000e+00 2.275830678197542133e-04 0.000000000000000000e+00
2.300000000000000000e+04 9.199941633219155257e-02 7.965407373691396923e-04 9.992034592626308775e-01 0.000000000000000000e+00 0.000000000000000000e+00 0.000000000000000000e+00
2.350000000000000000e+04 9.399940364376102586e-02 1.479289940828402332e-03 9.982931269913518646e-01 0.000000000000000000e+00 2.275830678197542133e-04 0.000000000000000000e+00
2.400000000000000000e+04 9.599939095533027711e-02 7.965407373691396923e-04 9.992034592626308775e-01 0.000000000000000000e+00 0.000000000000000000e+00 0.000000000000000000e+00
2.450000000000000000e+04 9.799937826689975040e-02 3.186162949476558769e-03 9.964724624487938387e-01 0.000000000000000000e+00 3.413746017296313199e-04 0.000000000000000000e+00
2.500000000000000000e+04 9.999936557846922369e-02 5.006827492034592909e-03 9.946517979062358128e-01 0.000000000000000000e+00 3.413746017296313199e-04 0.000000000000000000e+00
2.550000000000000000e+04 1.019993528900384749e-01 5.803368229403732710e-03 9.941966317705962508e-01 0.000000000000000000e+00 0.000000000000000000e+00 0.000000000000000000e+00
2.600000000000000000e+04 1.039993402016079482e-01 5.917159763313609329e-03 9.939690487027764698e-01 0.000000000000000000e+00 1.137915339098771066e-04 0.000000000000000000e+00
2.650000000000000000e+04 1.059993275131771995e-01 5.917159763313609329e-03 9.939690487027764698e-01 0.000000000000000000e+00 1.137915339098771066e-04 0.000000000000000000e+00
2.700000000000000000e+04 1.079993148247466728e-01 1.251706873008648184e-02 9.856622667273554628e-01 0.000000000000000000e+00 1.820664542558033706e-03 0.000000000000000000e+00
2.750000000000000000e+04 1.099993021363161461e-01 1.367774237596722786e-01 5.331133363677742487e-01 0.000000000000000000e+00 3.301092398725534727e-01 0.000000000000000000e+00
2.800000000000000000e+04 1.119992894478853973e-01 2.490896677287209870e-01 4.353664087391898030e-01 2.702548930359581214e-01 4.528903049613108855e-02 0.000000000000000000e+00
2.850000000000000000e+04 1.139992767594548706e-01 1.528220300409649512e-01 5.913746017296312996e-01 2.414656349567592120e-01 1.433773327264451468e-02 0.000000000000000000e+00
2.900000000000000000e+04 1.159992640710241218e-01 2.787892580791988956e-02 8.253299954483386269e-01 1.465634956759217233e-01 2.275830678197542133e-04 0.000000000000000000e+00
2.950000000000000000e+04 1.179992513825935951e-01 2.674101046882111990e-02 8.258989531178880794e-01 1.467910787437414766e-01 5.689576695493854790e-04 0.000000000000000000e+00
3.000000000000000000e+04 1.199992386941628464e-01 2.674101046882111990e-02 8.258989531178880794e-01 1.470186618115612298e-01 3.413746017296313199e-04 0.000000000000000000e+00
3.050000000000000000e+04 1.219992260057323197e-01 2.787892580791988956e-02 8.252162039144287364e-01 1.466772872098315861e-01 2.275830678197542133e-04 0.000000000000000000e+00
3.100000000000000000e+04 1.239992133173017930e-01 2.696859353664087314e-02 8.256713700500682984e-01 1.472462448793809831e-01 1.137915339098771066e-04 0.000000000000000000e+00
3.150000000000000000e+04 1.259992006288710442e-01 2.719617660446062984e-02 8.256713700500682984e-01 1.469048702776513393e-01 2.275830678197542133e-04 0.000000000000000000e+00
3.200000000000000000e+04 1.279991879404405175e-01 2.674101046882111990e-02 8.257851615839781889e-01 1.470186618115612298e-01 4.551661356395084266e-04 0.000000000000000000e+00
3.250000000000000000e+04 1.299991752520097688e-01 2.742375967228038308e-02 8.254437869822485174e-01 1.470186618115612298e-01 1.137915339098771066e-04 0.000000000000000000e+00
3.300000000000000000e+04 1.319991625635792420e-01 2.742375967228038308e-02 8.253299954483386269e-01 1.469048702776513393e-01 3.413746017296313199e-04 0.000000000000000000e+00
3.350000000000000000e+04 1.339991498751487153e-01 2.708238507055074976e-02 8.256713700500682984e-01 1.470186618115612298e-01 2.275830678197542133e-04 0.000000000000000000e+00
3.400000000000000000e+04 1.359991371867179666e-01 2.742375967228038308e-02 8.255575785161584079e-01 1.467910787437414766e-01 2.275830678197542133e-04 0.000000000000000000e+00
3.450000000000000000e+04 1.379991244982874399e-01 2.753755120619025970e-02 8.255575785161584079e-01 1.466772872098315861e-01 2.275830678197542133e-04 0.000000000000000000e+00
3.500000000000000000e+04 1.399991118098566911e-01 2.685480200273099652e-02 8.257851615839781889e-01 1.471324533454710926e-01 2.275830678197542133e-04 0.000000000000000000e+00
3.550000000000000000e+04 1.419990991214261644e-01 2.696859353664087314e-02 8.257851615839781889e-01 1.469048702776513393e-01 3.413746017296313199e-04 0.000000000000000000e+00
3.600000000000000000e+04 1.439990864329956377e-01 2.799271734182976618e-02 8.251024123805188459e-01 1.467910787437414766e-01 1.137915339098771066e-04 0.000000000000000000e+00
3.650000000000000000e+04 1.459990737445648890e-01 2.765134274010013632e-02 8.255575785161584079e-01 1.467910787437414766e-01 0.000000000000000000e+00 0.000000000000000000e+00
3.700000000000000000e+04 1.479990610561343622e-01 2.730996813837050646e-02 8.252162039144287364e-01 1.467910787437414766e-01 6.827492034592626399e-04 0.000000000000000000e+00
3.750000000000000000e+04 1.499990483677036135e-01 2.810650887573964626e-02 8.249886208466090665e-01 1.466772872098315861e-01 2.275830678197542133e-04 0.000000000000000000e+00
3.800000000000000000e+04 1.519990356792730868e-01 2.730996813837050646e-02 8.252162039144287364e-01 1.469048702776513393e-01 5.689576695493854790e-04 0.000000000000000000e+00
3.850000000000000000e+04 1.539990229908425601e-01 2.742375967228038308e-02 8.254437869822485174e-01 1.469048702776513393e-01 2.275830678197542133e-04 0.000000000000000000e+00
3.900000000000000000e+04 1.559990103024118113e-01 2.787892580791988956e-02 8.251024123805188459e-01 1.466772872098315861e-01 3.413746017296313199e-04 0.000000000000000000e+00
3.950000000000000000e+04 1.579989976139812846e-01 2.742375967228038308e-02 8.253299954483386269e-01 1.465634956759217233e-01 6.827492034592626399e-04 0.000000000000000000e+00
4.000000000000000000e+04 1.599989849255505359e-01 2.799271734182976618e-02 8.249886208466090665e-01 1.469048702776513393e-01 1.137915339098771066e-04 0.000000000000000000e+00
4.050000000000000000e+04 1.619989722371200092e-01 2.799271734182976618e-02 8.252162039144287364e-01 1.466772872098315861e-01 1.137915339098771066e-04 0.000000000000000000e+00
4.100000000000000000e+04 1.639989595486894824e-01 2.810650887573964626e-02 8.249886208466090665e-01 1.465634956759217233e-01 3.413746017296313199e-04 0.000000000000000000e+00
4.150000000000000000e+04 1.659989468602587337e-01 2.787892580791988956e-02 8.253299954483386269e-01 1.466772872098315861e-01 1.137915339098771066e-04 0.000000000000000000e+00
4.200000000000000000e+04 1.679989341718282070e-01 2.844788347746927612e-02 8.248748293126991760e-01 1.465634956759217233e-01 1.137915339098771066e-04 0.000000000000000000e+00
4.250000000000000000e+04 1.699989214833974582e-01 2.833409194355939950e-02 8.248748293126991760e-01 1.466772872098315861e-01 1.137915339098771066e-04 0.000000000000000000e+00
4.300000000000000000e+04 1.719989087949669315e-01 2.833409194355939950e-02 8.246472462448793950e-01 1.465634956759217233e-01 4.551661356395084266e-04 0.000000000000000000e+00
4.350000000000000000e+04 1.739988961065361828e-01 2.878925807919890598e-02 8.246472462448793950e-01 1.462221210741920796e-01 3.413746017296313199e-04 0.000000000000000000e+00
4.400000000000000000e+04 1.759988834181056561e-01 2.947200728265816916e-02 8.243058716431497235e-01 1.461083295402822169e-01 1.137915339098771066e-04 0.000000000000000000e+00
4.450000000000000000e+04 1.779988707296751294e-01 2.856167501137915274e-02 8.246472462448793950e-01 1.465634956759217233e-01 2.275830678197542133e-04 0.000000000000000000e+00
4.500000000000000000e+04 1.799988580412443806e-01 3.299954483386435822e-02 8.212335002275830131e-01 1.453117888029130667e-01 4.551661356395084266e-04 0.000000000000000000e+00
4.550000000000000000e+04 1.819988453528138539e-01 8.181611288120163583e-02 7.563723258989530907e-01 1.577150659990896597e-01 4.096495220755575623e-03 0.000000000000000000e+00
4.600000000000000000e+04 1.839988326643831051e-01 6.986800182066454923e-02 7.799271734182976479e-01 1.456531634046426826e-01 4.551661356395083832e-03 0.000000000000000000e+00
4.650000000000000000e+04 1.859988199759525784e-01 6.315430131998178709e-02 7.815202548930360038e-01 1.517979062357760478e-01 3.527537551206190360e-03 0.000000000000000000e+00
4.700000000000000000e+04 1.879988072875220517e-01 5.518889394629039602e-02 7.892580791989075584e-01 1.538461538461538547e-01 1.706873008648156654e-03 0.000000000000000000e+00
4.750000000000000000e+04 1.899987945990913030e-01 5.621301775147929253e-02 7.853891670459717256e-01 1.560081929904415243e-01 2.389622212107419402e-03 0.000000000000000000e+00
4.800000000000000000e+04 1.919987819106607763e-01 5.507510241238051940e-02 7.878925807919890945e-01 1.558944014565316338e-01 1.137915339098770958e-03 0.000000000000000000e+00
4.850000000000000000e+04 1.939987692222300275e-01 5.427856167501137613e-02 7.888029130632681074e-01 1.553254437869822369e-01 1.593081474738279385e-03 0.000000000000000000e+00
4.900000000000000000e+04 1.959987565337995008e-01 5.712335002275830548e-02 7.855029585798816161e-01 1.552116522530723741e-01 2.162039144287664864e-03 0.000000000000000000e+00
4.950000000000000000e+04 1.979987438453689741e-01 5.553026854802002588e-02 7.876649977241693135e-01 1.552116522530723741e-01 1.593081474738279385e-03 0.000000000000000000e+00
5.000000000000000000e+04 1.999987311569382253e-01 5.769230769230769551e-02 7.851615839781520556e-01 1.554392353208921274e-01 1.706873008648156654e-03 0.000000000000000000e+00
5.050000000000000000e+04 2.019987184685076986e-01 5.666818388711879900e-02 7.902822030040964618e-01 1.514565316340464318e-01 1.593081474738279385e-03 0.000000000000000000e+00
5.100000000000000000e+04 2.039987057800769499e-01 5.769230769230769551e-02 7.872098315885298625e-01 1.532771961766044577e-01 1.820664542558033706e-03 0.000000000000000000e+00
5.150000000000000000e+04 2.059986930916464232e-01 6.053709604005461792e-02 7.858443331816112876e-01 1.524806554392353075e-01 1.137915339098770958e-03 0.000000000000000000e+00
5.200000000000000000e+04 2.079986804032158965e-01 5.712335002275830548e-02 7.872098315885298625e-01 1.533909877105143482e-01 2.275830678197541916e-03 0.000000000000000000e+00
5.250000000000000000e+04 2.099986677147851477e-01 5.678197542102867562e-02 7.907373691397360238e-01 1.512289485662266786e-01 1.251706873008648227e-03 0.000000000000000000e+00
5.300000000000000000e+04 2.119986550263546210e-01 5.644060081929904577e-02 7.909649522075558048e-01 1.511151570323167881e-01 1.479289940828402332e-03 0.000000000000000000e+00
5.350000000000000000e+04 2.139986423379238722e-01 5.757851615839781195e-02 7.876649977241693135e-01 1.529358215748748417e-01 1.820664542558033706e-03 0.000000000000000000e+00
5.400000000000000000e+04 2.159986296494933455e-01 5.905780609922621494e-02 7.849340009103322746e-01 1.546426945835229771e-01 1.365498406918525280e-03 0.000000000000000000e+00
5.450000000000000000e+04 2.179986169610625968e-01 6.292671825216203385e-02 7.804961310878471004e-01 1.552116522530723741e-01 1.365498406918525280e-03 0.000000000000000000e+00
5.500000000000000000e+04 2.199986042726320701e-01 6.531634046426945672e-02 7.705962676376877374e-01 1.616977696859353553e-01 2.389622212107419402e-03 0.000000000000000000e+00
5.550000000000000000e+04 2.219985915842015434e-01 6.975421028675465873e-02 7.512517068730086844e-01 1.780837505689576716e-01 9.103322712790168532e-04 0.000000000000000000e+00
5.600000000000000000e+04 2.239985788957707946e-01 6.736458807464724974e-02 7.552344105598542967e-01 1.766044606281292617e-01 7.965407373691396923e-04 0.000000000000000000e+00
5.650000000000000000e+04 2.259985662073402679e-01 6.713700500682749650e-02 7.559171597633136397e-01 1.768320436959490149e-01 1.137915339098771066e-04 0.000000000000000000e+00
5.700000000000000000e+04 2.279985535189095192e-01 6.668183887118799003e-02 7.553482020937641872e-01 1.774010013654984119e-01 5.689576695493854790e-04 0.000000000000000000e+00
5.750000000000000000e+04 2.299985408304789924e-01 6.599908966772871644e-02 7.560309512972235302e-01 1.774010013654984119e-01 5.689576695493854790e-04 0.000000000000000000e+00
5.800000000000000000e+04 2.319985281420484657e-01 6.690942193900774326e-02 7.576240327719617751e-01 1.747837960855712358e-01 6.827492034592626399e-04 0.000000000000000000e+00
5.850000000000000000e+04 2.339985154536177170e-01 6.804733727810650945e-02 7.562585343650432002e-01 1.751251706873008518e-01 5.689576695493854790e-04 0.000000000000000000e+00
5.900000000000000000e+04 2.359985027651871903e-01 6.793354574419663283e-02 7.551206190259445172e-01 1.762630860263996457e-01 6.827492034592626399e-04 0.000000000000000000e+00
5.950000000000000000e+04 2.379984900767564415e-01 6.770596267637687959e-02 7.578516158397815561e-01 1.738734638142922229e-01 5.689576695493854790e-04 0.000000000000000000e+00
6.000000000000000000e+04 2.399984773883259148e-01 6.873008648156576916e-02 7.572826581702321036e-01 1.738734638142922229e-01 1.137915339098771066e-04 0.000000000000000000e+00
6.050000000000000000e+04 2.419984646998953881e-01 6.838871187983613931e-02 7.565999089667728716e-01 1.745562130177514826e-01 4.551661356395084266e-04 0.000000000000000000e+00
6.100000000000000000e+04 2.439984520114646394e-01 7.191624943104232837e-02 7.559171597633136397e-01 1.715976331360946627e-01 5.689576695493854790e-04 0.000000000000000000e+00
6.150000000000000000e+04 2.459984393230341126e-01 7.385070550751024476e-02 7.540964952207556138e-01 1.712562585343650468e-01 7.965407373691396923e-04 0.000000000000000000e+00
6.200000000000000000e+04 2.479984266346033639e-01 7.430587164314975124e-02 7.550068274920346267e-01 1.697769685935366368e-01 9.103322712790168532e-04 0.000000000000000000e+00
6.250000000000000000e+04 2.499984139461728372e-01 7.510241238051888757e-02 7.554619936276740777e-01 1.685252617205279801e-01 9.103322712790168532e-04 0.000000000000000000e+00
6.300000000000000000e+04 2.519984012577423105e-01 7.726445152480655720e-02 7.604688211197087044e-01 1.609012289485662328e-01 1.365498406918525280e-03 0.000000000000000000e+00
6.350000000000000000e+04 2.539983885693115617e-01 8.898497951752389057e-02 7.332726445152480954e-01 1.748975876194810986e-01 2.844788347746927612e-03 0.000000000000000000e+00
6.400000000000000000e+04 2.559983758808810350e-01 9.251251706873007963e-02 7.329312699135184239e-01 1.714838416021848000e-01 3.072371415566681717e-03 0.000000000000000000e+00
6.450000000000000000e+04 2.579983631924502863e-01 8.944014565316341092e-02 7.325898953117887524e-01 1.737596722803823324e-01 4.210286754665453109e-03 0.000000000000000000e+00
6.500000000000000000e+04 2.599983505040197596e-01 9.239872553482020301e-02 7.286071916249431402e-01 1.754665452890304955e-01 3.527537551206190360e-03 0.000000000000000000e+00
6.550000000000000000e+04 2.619983378155890108e-01 9.285389167045972336e-02 7.298588984979517136e-01 1.742148384160218388e-01 3.072371415566681717e-03 0.000000000000000000e+00
6.600000000000000000e+04 2.639983251271584841e-01 9.285389167045972336e-02 7.302002730996813851e-01 1.748975876194810986e-01 2.048247610377787811e-03 0.000000000000000000e+00
6.650000000000000000e+04 2.659983124387279574e-01 9.421939007737824279e-02 7.258761948111061013e-01 1.762630860263996457e-01 3.641329085116067413e-03 0.000000000000000000e+00
6.700000000000000000e+04 2.679982997502972086e-01 9.421939007737824279e-02 7.248520710059171979e-01 1.771734182976786587e-01 3.755120619025944465e-03 0.000000000000000000e+00
6.750000000000000000e+04 2.699982870618666819e-01 9.535730541647700897e-02 7.241693218024578549e-01 1.767182521620391522e-01 3.755120619025944465e-03 0.000000000000000000e+00
6.800000000000000000e+04 2.719982743734359332e-01 9.592626308602640595e-02 7.214383249886208160e-01 1.793354574419663283e-01 3.299954483386436255e-03 0.000000000000000000e+00
6.850000000000000000e+04 2.739982616850054065e-01 9.581247155211652933e-02 7.237141556668184039e-01 1.771734182976786587e-01 3.299954483386436255e-03 0.000000000000000000e+00
6.900000000000000000e+04 2.759982489965748798e-01 9.638142922166591242e-02 7.149522075557578349e-01 1.850250341374601593e-01 3.641329085116067413e-03 0.000000000000000000e+00
6.950000000000000000e+04 2.779982363081441310e-01 1.051433773327264398e-01 7.001593081474738467e-01 1.907146108329540179e-01 3.982703686845699004e-03 0.000000000000000000e+00
7.000000000000000000e+04 2.799982236197136043e-01 1.040054619936276736e-01 7.002730996813837372e-01 1.919663177059626746e-01 3.755120619025944465e-03 0.000000000000000000e+00
7.050000000000000000e+04 2.819982109312828555e-01 1.038916704597177970e-01 7.002730996813837372e-01 1.916249431042330587e-01 4.210286754665453109e-03 0.000000000000000000e+00
7.100000000000000000e+04 2.839981982428523288e-01 1.068502503413746030e-01 6.951524806554392200e-01 1.941283568502503443e-01 3.868912152935821518e-03 0.000000000000000000e+00
7.150000000000000000e+04 2.859981855544218021e-01 1.057123350022758368e-01 6.964041875284479044e-01 1.943559399180700975e-01 3.527537551206190360e-03 0.000000000000000000e+00
7.200000000000000000e+04 2.879981728659910534e-01 1.069640418752844796e-01 6.948111060537096595e-01 1.948111060537096040e-01 3.413746017296313308e-03 0.000000000000000000e+00
7.250000000000000000e+04 2.899981601775605267e-01 1.081019572143832458e-01 6.928766499772417431e-01 1.945835229858898507e-01 4.437869822485207214e-03 0.000000000000000000e+00
7.300000000000000000e+04 2.919981474891297779e-01 1.131087847064178448e-01 6.843422849340009551e-01 1.969731451979972736e-01 5.575785161583977738e-03 0.000000000000000000e+00
7.350000000000000000e+04 2.939981348006992512e-01 1.282430587164314906e-01 6.613563950842057393e-01 2.045971779699590487e-01 5.803368229403732710e-03 0.000000000000000000e+00
7.400000000000000000e+04 2.959981221122687245e-01 1.314292216659080637e-01 6.563495675921711126e-01 2.099453800637232637e-01 2.275830678197541916e-03 0.000000000000000000e+00
7.450000000000000000e+04 2.979981094238379757e-01 1.316568047337278169e-01 6.539599453800637452e-01 2.089212562585343602e-01 5.461993627674101119e-03 0.000000000000000000e+00
7.500000000000000000e+04 2.999980967354074490e-01 1.494082840236686527e-01 6.365498406918524976e-01 2.073281747837960876e-01 6.713700500682749130e-03 0.000000000000000000e+00
7.550000000000000000e+04 3.019980840469767003e-01 1.321119708693673234e-01 6.898042785616750328e-01 1.729631315430132099e-01 5.120619025944469528e-03 0.000000000000000000e+00
7.600000000000000000e+04 3.039980713585461736e-01 1.352981338188438687e-01 6.789940828402366568e-01 1.832043695949021334e-01 2.503413746017296455e-03 0.000000000000000000e+00
7.650000000000000000e+04 3.059980586701156469e-01 1.330223031406463363e-01 6.888939462903960198e-01 1.767182521620391522e-01 1.365498406918525280e-03 0.000000000000000000e+00
7.700000000000000000e+04 3.079980459816848981e-01 1.334774692762858428e-01 6.877560309512972259e-01 1.767182521620391522e-01 2.048247610377787811e-03 0.000000000000000000e+00
7.750000000000000000e+04 3.099980332932543714e-01 1.322257624032771861e-01 6.898042785616750328e-01 1.754665452890304955e-01 2.503413746017296455e-03 0.000000000000000000e+00
7.800000000000000000e+04 3.119980206048236226e-01 1.350705507510241155e-01 6.877560309512972259e-01 1.754665452890304955e-01 1.706873008648156654e-03 0.000000000000000000e+00
7.850000000000000000e+04 3.139980079163930959e-01 1.338188438780154865e-01 6.866181156121984319e-01 1.781975421028675344e-01 1.365498406918525280e-03 0.000000000000000000e+00
7.900000000000000000e+04 3.159979952279623472e-01 1.329085116067364458e-01 6.876422394173873354e-01 1.780837505689576716e-01 1.365498406918525280e-03 0.000000000000000000e+00
7.950000000000000000e+04 3.179979825395318205e-01 1.346153846153846090e-01 6.855939918070095285e-01 1.781975421028675344e-01 1.593081474738279385e-03 0.000000000000000000e+00
8.000000000000000000e+04 3.199979698511012938e-01 1.346153846153846090e-01 6.838871187983613931e-01 1.796768320436959443e-01 1.820664542558033706e-03 0.000000000000000000e+00
8.050000000000000000e+04 3.219979571626705450e-01 1.332498862084660896e-01 6.859353664087392000e-01 1.789940828402366846e-01 1.820664542558033706e-03 0.000000000000000000e+00
8.100000000000000000e+04 3.239979444742400183e-01 1.322257624032771861e-01 6.868456986800182129e-01 1.787664997724169313e-01 2.162039144287664864e-03 0.000000000000000000e+00
8.150000000000000000e+04 3.259979317858092696e-01 1.352981338188438687e-01 6.849112426035502965e-01 1.784251251706872876e-01 1.365498406918525280e-03 0.000000000000000000e+00
8.200000000000000000e+04 3.279979190973787428e-01 1.318843878015475701e-01 6.857077833409194190e-01 1.804733727810650945e-01 1.934456076467910759e-03 0.000000000000000000e+00
8.250000000000000000e+04 3.299979064089482161e-01 1.350705507510241155e-01 6.851388256713700775e-01 1.783113336367774249e-01 1.479289940828402332e-03 0.000000000000000000e+00
8.300000000000000000e+04 3.319978937205174674e-01 1.337050523441055960e-01 6.845698680018206250e-01 1.800182066454255880e-01 1.706873008648156654e-03 0.000000000000000000e+00
8.350000000000000000e+04 3.339978810320869407e-01 1.335912608101957333e-01 6.869594902139281034e-01 1.774010013654984119e-01 2.048247610377787811e-03 0.000000000000000000e+00
8.400000000000000000e+04 3.359978683436561919e-01 1.264223941738734647e-01 7.012972234865726406e-01 1.704597177969958965e-01 1.820664542558033706e-03 0.000000000000000000e+00
8.450000000000000000e+04 3.379978556552256652e-01 1.247155211652253015e-01 7.023213472917615441e-01 1.702321347291761433e-01 2.730996813837050560e-03 0.000000000000000000e+00
8.500000000000000000e+04 3.399978429667951385e-01 1.214155666818388657e-01 7.047109695038689114e-01 1.710286754665452935e-01 2.844788347746927612e-03 0.000000000000000000e+00
8.550000000000000000e+04 3.419978302783643898e-01 1.313154301319981732e-01 6.968593536640873554e-01 1.682976786527082269e-01 3.527537551206190360e-03 0.000000000000000000e+00
8.600000000000000000e+04 3.439978175899338630e-01 1.300637232589895442e-01 6.985662266727356018e-01 1.688666363222576239e-01 2.503413746017296455e-03 0.000000000000000000e+00
8.650000000000000000e+04 3.459978049015031143e-01 1.339326354119253493e-01 6.994765589440146147e-01 1.643149749658625314e-01 2.275830678197541916e-03 0.000000000000000000e+00
8.700000000000000000e+04 3.479977922130725876e-01 1.390532544378698110e-01 6.918525261720528396e-01 1.659080564406008318e-01 3.186162949476558769e-03 0.000000000000000000e+00
8.750000000000000000e+04 3.499977795246420609e-01 1.374601729631315383e-01 6.933318161128811941e-01 1.657942649066909413e-01 3.413746017296313308e-03 0.000000000000000000e+00
8.800000000000000000e+04 3.519977668362113121e-01 1.348429676832043622e-01 7.005006827492034072e-01 1.615839781520254925e-01 3.072371415566681717e-03 0.000000000000000000e+00
8.850000000000000000e+04 3.539977541477807854e-01 1.358670914883932657e-01 6.999317250796540657e-01 1.611288120163859861e-01 3.072371415566681717e-03 0.000000000000000000e+00
8.900000000000000000e+04 3.559977414593500367e-01 1.362084660901228816e-01 6.998179335457441752e-01 1.597633136094674666e-01 4.210286754665453109e-03 0.000000000000000000e+00
8.950000000000000000e+04 3.579977287709195100e-01 1.335912608101957333e-01 7.011834319526627501e-01 1.602184797451069731e-01 5.006827492034592909e-03 0.000000000000000000e+00
9.000000000000000000e+04 3.599977160824887612e-01 1.309740555302685572e-01 7.022075557578516536e-01 1.624943104233045055e-01 4.324078288575329727e-03 0.000000000000000000e+00
9.050000000000000000e+04 3.619977033940582345e-01 1.352981338188438687e-01 7.001593081474738467e-01 1.611288120163859861e-01 3.413746017296313308e-03 0.000000000000000000e+00
9.100000000000000000e+04 3.639976907056277078e-01 1.341602184797451025e-01 6.896904870277651423e-01 1.725079654073737034e-01 3.641329085116067413e-03 0.000000000000000000e+00
9.150000000000000000e+04 3.659976780171969590e-01 1.382567137005006885e-01 6.875284478834774449e-01 1.697769685935366368e-01 4.437869822485207214e-03 0.000000000000000000e+00
9.200000000000000000e+04 3.679976653287664323e-01 1.350705507510241155e-01 6.908284023668639362e-01 1.706873008648156498e-01 3.413746017296313308e-03 0.000000000000000000e+00
9.250000000000000000e+04 3.699976526403356836e-01 1.370050068274920319e-01 6.892353208921255803e-01 1.700045516613563901e-01 3.755120619025944465e-03 0.000000000000000000e+00
9.300000000000000000e+04 3.719976399519051569e-01 1.371187983614019223e-01 6.825216203914429292e-01 1.751251706873008518e-01 5.234410559854347014e-03 0.000000000000000000e+00
9.350000000000000000e+04 3.739976272634746302e-01 1.455393718707328199e-01 6.753527537551206050e-01 1.744424214838415921e-01 4.665452890304961318e-03 0.000000000000000000e+00
9.400000000000000000e+04 3.759976145750438814e-01 1.453117888029130667e-01 6.603322712790168358e-01 1.892353208921256358e-01 5.120619025944469528e-03 0.000000000000000000e+00
9.450000000000000000e+04 3.779976018866133547e-01 1.819526627218935044e-01 6.149294492489758568e-01 1.990213928083750528e-01 4.096495220755575623e-03 0.000000000000000000e+00
9.500000000000000000e+04 3.799975891981826059e-01 1.792216659080564378e-01 6.301775147928994070e-01 1.867319071461083224e-01 3.868912152935821518e-03 0.000000000000000000e+00
9.550000000000000000e+04 3.819975765097520792e-01 1.876422394173873354e-01 6.078743741465635342e-01 2.001593081474738189e-01 4.324078288575329727e-03 0.000000000000000000e+00
9.600000000000000000e+04 3.839975638213215525e-01 1.834319526627218866e-01 6.118570778334091465e-01 2.002730996813837094e-01 4.437869822485207214e-03 0.000000000000000000e+00
9.650000000000000000e+04 3.859975511328908038e-01 1.916249431042330587e-01 6.133363677742376119e-01 1.913973600364132777e-01 3.641329085116067413e-03 0.000000000000000000e+00
9.700000000000000000e+04 3.879975384444602771e-01 2.006144742831133254e-01 6.133363677742376119e-01 1.808147473827947105e-01 5.234410559854347014e-03 0.000000000000000000e+00
9.750000000000000000e+04 3.899975257560297504e-01 1.875284478834774726e-01 6.472462448793809831e-01 1.586253982703686727e-01 6.599908966772872511e-03 0.000000000000000000e+00
9.800000000000000000e+04 3.919975130675992236e-01 1.698907601274465273e-01 6.687528447883477334e-01 1.561219845243513871e-01 5.234410559854347014e-03 0.000000000000000000e+00
9.850000000000000000e+04 3.939975003791684749e-01 1.540737369139736079e-01 6.840009103322712836e-01 1.577150659990896597e-01 4.210286754665453109e-03 0.000000000000000000e+00
9.900000000000000000e+04 3.959974876907379482e-01 1.539599453800637174e-01 6.833181611288120516e-01 1.588529813381884259e-01 3.868912152935821518e-03 0.000000000000000000e+00
9.950000000000000000e+04 3.979974750023071994e-01 1.562357760582612776e-01 6.744424214838415921e-01 1.659080564406008318e-01 3.413746017296313308e-03 0.000000000000000000e+00
1.000000000000000000e+05 3.999974623138766727e-01 1.516841147018661851e-01 6.755803368229403860e-01 1.692080109239872676e-01 3.527537551206190360e-03 0.000000000000000000e+00
1.005000000000000000e+05 4.019974496254461460e-01 1.512289485662266786e-01 6.761492944924897275e-01 1.689804278561675144e-01 3.641329085116067413e-03 0.000000000000000000e+00
1.010000000000000000e+05 4.039974369370153973e-01 1.477014110150204895e-01 6.760355029585798370e-01 1.723941738734638129e-01 3.868912152935821518e-03 0.000000000000000000e+00
1.015000000000000000e+05 4.059974242485848706e-01 1.524806554392353075e-01 6.723941738734637852e-01 1.718252162039144160e-01 3.299954483386436255e-03 0.000000000000000000e+00
1.020000000000000000e+05 4.079974115601541218e-01 1.550978607191624836e-01 6.709148839326354308e-01 1.701183431952662806e-01 3.868912152935821518e-03 0.000000000000000000e+00
1.025000000000000000e+05 4.099973988717235951e-01 1.516841147018661851e-01 6.733045061447427981e-01 1.706873008648156498e-01 4.324078288575329727e-03 0.000000000000000000e+00
1.030000000000000000e+05 4.119973861832930684e-01 1.554392353208921274e-01 6.680700955848885014e-01 1.712562585343650468e-01 5.234410559854347014e-03 0.000000000000000000e+00
1.035000000000000000e+05 4.139973734948623196e-01 1.552116522530723741e-01 6.676149294492489394e-01 1.733045061447428259e-01 3.868912152935821518e-03 0.000000000000000000e+00
1.040000000000000000e+05 4.159973608064317929e-01 1.540737369139736079e-01 6.704597177969958688e-01 1.721665908056440597e-01 3.299954483386436255e-03 0.000000000000000000e+00
1.045000000000000000e+05 4.179973481180010442e-01 1.540737369139736079e-01 6.725079654073736757e-01 1.704597177969958965e-01 2.958579881656804664e-03 0.000000000000000000e+00
1.050000000000000000e+05 4.199973354295705175e-01 1.565771506599908935e-01 6.711424670004552118e-01 1.697769685935366368e-01 2.503413746017296455e-03 0.000000000000000000e+00
1.055000000000000000e+05 4.219973227411399908e-01 1.560081929904415243e-01 6.505461993627673634e-01 1.909421939007737712e-01 2.503413746017296455e-03 0.000000000000000000e+00
1.060000000000000000e+05 4.239973100527092420e-01 1.604460628129267263e-01 6.986800182066453813e-01 1.385980883022303045e-01 2.275830678197541916e-03 0.000000000000000000e+00
1.065000000000000000e+05 4.259972973642787153e-01 1.489531178880291185e-01 7.089212562585344157e-01 1.392808375056895642e-01 2.844788347746927612e-03 0.000000000000000000e+00
1.070000000000000000e+05 4.279972846758479665e-01 1.461083295402822169e-01 7.059626763768775959e-01 1.451979972690031762e-01 2.730996813837050560e-03 0.000000000000000000e+00
1.075000000000000000e+05 4.299972719874174398e-01 1.430359581247155343e-01 7.077833409194356218e-01 1.483841602184797492e-01 7.965407373691396923e-04 0.000000000000000000e+00
1.080000000000000000e+05 4.319972592989866911e-01 1.444014565316340537e-01 7.058488848429677054e-01 1.490669094219390090e-01 6.827492034592626399e-04 0.000000000000000000e+00
1.085000000000000000e+05 4.339972466105561644e-01 1.437187073281747940e-01 7.060764679107874864e-01 1.487255348202093652e-01 1.479289940828402332e-03 0.000000000000000000e+00
1.090000000000000000e+05 4.359972339221256377e-01 1.455393718707328199e-01 7.055075102412380339e-01 1.475876194811105990e-01 1.365498406918525280e-03 0.000000000000000000e+00
1.095000000000000000e+05 4.379972212336948889e-01 1.445152480655439164e-01 7.068730086481566088e-01 1.470186618115612298e-01 1.593081474738279385e-03 0.000000000000000000e+00
1.100000000000000000e+05 4.399972085452643622e-01 1.449704142011834229e-01 7.028903049613108855e-01 1.506599908966772816e-01 1.479289940828402332e-03 0.000000000000000000e+00
1.105000000000000000e+05 4.419971958568336134e-01 1.421256258534364936e-01 7.060764679107874864e-01 1.503186162949476656e-01 1.479289940828402332e-03 0.000000000000000000e+00
1.110000000000000000e+05 4.439971831684030867e-01 1.446290395994538069e-01 7.058488848429677054e-01 1.489531178880291185e-01 5.689576695493854790e-04 0.000000000000000000e+00
1.115000000000000000e+05 4.459971704799725600e-01 1.445152480655439164e-01 7.019799726900318726e-01 1.522530723714155543e-01 1.251706873008648227e-03 0.000000000000000000e+00
1.120000000000000000e+05 4.479971577915418113e-01 1.486117432862995025e-01 7.001593081474738467e-01 1.488393263541192557e-01 2.389622212107419402e-03 0.000000000000000000e+00
1.125000000000000000e+05 4.499971451031112846e-01 1.500910332271279124e-01 6.992489758761948337e-01 1.487255348202093652e-01 1.934456076467910759e-03 0.000000000000000000e+00
1.130000000000000000e+05 4.519971324146805358e-01 1.516841147018661851e-01 6.978834774692762588e-01 1.496358670914884059e-01 7.965407373691396923e-04 0.000000000000000000e+00
1.135000000000000000e+05 4.539971197262500091e-01 1.437187073281747940e-01 7.066454255803368278e-01 1.472462448793809831e-01 2.389622212107419402e-03 0.000000000000000000e+00
