# itime ezz other fcc hcp bcc ico
0.000000000000000000e+00 0.000000000000000000e+00 0.000000000000000000e+00 1.000000000000000000e+00 0.000000000000000000e+00 0.000000000000000000e+00 0.000000000000000000e+00
2.500000000000000000e+03 9.999969782181983291e-03 0.000000000000000000e+00 1.000000000000000000e+00 0.000000000000000000e+00 0.000000000000000000e+00 0.000000000000000000e+00
5.000000000000000000e+03 1.999993956436396658e-02 0.000000000000000000e+00 1.000000000000000000e+00 0.000000000000000000e+00 0.000000000000000000e+00 0.000000000000000000e+00
7.500000000000000000e+03 2.999990934654572783e-02 0.000000000000000000e+00 1.000000000000000000e+00 0.000000000000000000e+00 0.000000000000000000e+00 0.000000000000000000e+00
1.000000000000000000e+04 3.999987912872771112e-02 0.000000000000000000e+00 1.000000000000000000e+00 0.000000000000000000e+00 0.000000000000000000e+00 0.000000000000000000e+00
1.250000000000000000e+04 4.999984891090969441e-02 0.000000000000000000e+00 1.000000000000000000e+00 0.000000000000000000e+00 0.000000000000000000e+00 0.000000000000000000e+00
1.500000000000000000e+04 5.999981869309167770e-02 0.000000000000000000e+00 1.000000000000000000e+00 0.000000000000000000e+00 0.000000000000000000e+00 0.000000000000000000e+00
1.750000000000000000e+04 6.999978847527366099e-02 0.000000000000000000e+00 1.000000000000000000e+00 0.000000000000000000e+00 0.000000000000000000e+00 0.000000000000000000e+00
2.000000000000000000e+04 7.999975825745542224e-02 3.413746017296313199e-04 9.995448338643604380e-01 0.000000000000000000e+00 1.137915339098771066e-04 0.000000000000000000e+00
2.250000000000000000e+04 8.999972803963740553e-02 1.137915339098771066e-04 9.998862084660901095e-01 0.000000000000000000e+00 0.000000000000000000e+00 0.000000000000000000e+00
2.500000000000000000e+04 9.999969782181938882e-02 1.593081474738279385e-03 9.984069185252617551e-01 0.000000000000000000e+00 0.000000000000000000e+00 0.000000000000000000e+00
2.750000000000000000e+04 1.099996676040013721e-01 2.173418297678652786e-02 9.723486572598998290e-01 0.000000000000000000e+00 5.917159763313609329e-03 0.000000000000000000e+00
3.000000000000000000e+04 1.199996373861831334e-01 7.919890760127445972e-02 7.203004096495220221e-01 1.979972690031861493e-01 2.503413746017296455e-03 0.000000000000000000e+00
3.250000000000000000e+04 1.299996071683651166e-01 3.652708238507055422e-02 8.172507965407374009e-01 1.462221210741920796e-01 0.000000000000000000e+00 0.000000000000000000e+00
3.500000000000000000e+04 1.399995769505470999e-01 3.652708238507055422e-02 8.172507965407374009e-01 1.462221210741920796e-01 0.000000000000000000e+00 0.000000000000000000e+00
3.750000000000000000e+04 1.499995467327290832e-01 3.652708238507055422e-02 8.172507965407374009e-01 1.462221210741920796e-01 0.000000000000000000e+00 0.000000000000000000e+00
4.000000000000000000e+04 1.599995165149110665e-01 3.652708238507055422e-02 8.172507965407374009e-01 1.462221210741920796e-01 0.000000000000000000e+00 0.000000000000000000e+00
4.250000000000000000e+04 1.699994862970928278e-01 3.652708238507055422e-02 8.172507965407374009e-01 1.462221210741920796e-01 0.000000000000000000e+00 0.000000000000000000e+00
4.500000000000000000e+04 1.799994560792748111e-01 3.652708238507055422e-02 8.172507965407374009e-01 1.462221210741920796e-01 0.000000000000000000e+00 0.000000000000000000e+00
4.750000000000000000e+04 1.899994258614567944e-01 3.709604005461993731e-02 8.167956304050978389e-01 1.461083295402822169e-01 0.000000000000000000e+00 0.000000000000000000e+00
5.000000000000000000e+04 1.999993956436387776e-01 3.664087391898043083e-02 8.171370050068275104e-01 1.462221210741920796e-01 0.000000000000000000e+00 0.000000000000000000e+00
5.250000000000000000e+04 2.099993654258207609e-01 3.800637232589895026e-02 8.159990896677287164e-01 1.458807464724624359e-01 1.137915339098771066e-04 0.000000000000000000e+00
5.500000000000000000e+04 2.199993352080025222e-01 4.028220300409649651e-02 8.128129267182521156e-01 1.456531634046426826e-01 1.251706873008648227e-03 0.000000000000000000e+00
5.750000000000000000e+04 2.299993049901845055e-01 1.538461538461538547e-01 5.637232589895311285e-01 2.618343195266272239e-01 2.059626763768775473e-02 0.000000000000000000e+00
6.000000000000000000e+04 2.399992747723664888e-01 2.034592626308602548e-01 3.585571233500227661e-01 3.979289940828402150e-01 4.005461993627674328e-02 0.000000000000000000e+00
6.250000000000000000e+04 2.499992445545484721e-01 2.038006372325898985e-01 3.543468365953573174e-01 4.002048247610378029e-01 4.164770141101502288e-02 0.000000000000000000e+00
6.500000000000000000e+04 2.599992143367302333e-01 2.115384615384615363e-01 3.386436049157942607e-01 4.113563950842057393e-01 3.846153846153846367e-02 0.000000000000000000e+00
6.750000000000000000e+04 2.699991841189122166e-01 2.228038233955393632e-01 3.310195721438324856e-01 4.078288575329995225e-01 3.834774692762858705e-02 0.000000000000000000e+00
7.000000000000000000e+04 2.799991539010941999e-01 1.396222121074192080e-01 3.865498406918525531e-01 4.395766954938552518e-01 3.425125170687300796e-02 0.000000000000000000e+00
7.250000000000000000e+04 2.899991236832761832e-01 8.215748748293126569e-02 4.379836140191169513e-01 4.723486572598998845e-01 7.510241238051888930e-03 0.000000000000000000e+00
7.500000000000000000e+04 2.999990934654581665e-01 5.075102412380518707e-02 4.535730541647701175e-01 4.947655894401456478e-01 9.103322712790168532e-04 0.000000000000000000e+00
7.750000000000000000e+04 3.099990632476399277e-01 4.733727810650887463e-02 4.547109695038689114e-01 4.961310878470641672e-01 1.820664542558033706e-03 0.000000000000000000e+00
8.000000000000000000e+04 3.199990330298219110e-01 4.813381884387801790e-02 4.560764679107874309e-01 4.951069640418752638e-01 6.827492034592626399e-04 0.000000000000000000e+00
8.250000000000000000e+04 3.299990028120038943e-01 4.779244424214838111e-02 4.556213017751479244e-01 4.961310878470641672e-01 4.551661356395084266e-04 0.000000000000000000e+00
8.500000000000000000e+04 3.399989725941858776e-01 4.870277651342740100e-02 4.558488848429677054e-01 4.953345471096950448e-01 1.137915339098771066e-04 0.000000000000000000e+00
8.750000000000000000e+04 3.499989423763678609e-01 4.813381884387801790e-02 4.558488848429677054e-01 4.959035047792444417e-01 1.137915339098771066e-04 0.000000000000000000e+00
9.000000000000000000e+04 3.599989121585496221e-01 4.847519344560764776e-02 4.555075102412380339e-01 4.959035047792444417e-01 1.137915339098771066e-04 0.000000000000000000e+00
9.250000000000000000e+04 3.699988819407316054e-01 4.824761037778789452e-02 4.558488848429677054e-01 4.959035047792444417e-01 0.000000000000000000e+00 0.000000000000000000e+00
9.500000000000000000e+04 3.799988517229135887e-01 5.587164314974965573e-02 4.519799726900318726e-01 4.921483841602184994e-01 0.000000000000000000e+00 0.000000000000000000e+00
9.750000000000000000e+04 3.899988215050955720e-01 5.302685480200273332e-02 4.534592626308602825e-01 4.935138825671370189e-01 0.000000000000000000e+00 0.000000000000000000e+00
1.000000000000000000e+05 3.999987912872773332e-01 5.336822940373236318e-02 4.532316795630405015e-01 4.932862994993172379e-01 1.137915339098771066e-04 0.000000000000000000e+00
1.025000000000000000e+05 4.099987610694593165e-01 5.427856167501137613e-02 4.525489303595812696e-01 4.929449248975876219e-01 2.275830678197542133e-04 0.000000000000000000e+00
1.050000000000000000e+05 4.199987308516412998e-01 5.461993627674101293e-02 4.523213472917614886e-01 4.923759672280382249e-01 6.827492034592626399e-04 0.000000000000000000e+00
1.075000000000000000e+05 4.299987006338235052e-01 5.587164314974965573e-02 4.511834319526626946e-01 4.916932180245789930e-01 1.251706873008648227e-03 0.000000000000000000e+00
1.100000000000000000e+05 4.399986704160052664e-01 6.565771506599908658e-02 4.450386891215293850e-01 4.855484751934456278e-01 3.755120619025944465e-03 0.000000000000000000e+00
1.125000000000000000e+05 4.499986401981870277e-01 1.034365043240782905e-01 4.271734182976786309e-01 4.666590805644060258e-01 2.730996813837050560e-03 0.000000000000000000e+00
1.150000000000000000e+05 4.599986099803690109e-01 1.057123350022758368e-01 4.250113791533909890e-01 4.655211652253072319e-01 3.755120619025944465e-03 0.000000000000000000e+00
1.175000000000000000e+05 4.699985797625512163e-01 1.110605370960400518e-01 4.217114246700045532e-01 4.602867546654528796e-01 6.941283568502503235e-03 0.000000000000000000e+00
1.200000000000000000e+05 4.799985495447329775e-01 1.161811561219845274e-01 4.193218024578971304e-01 4.561902594446973214e-01 8.306781975421027864e-03 0.000000000000000000e+00
1.225000000000000000e+05 4.899985193269147388e-01 1.291533909877105035e-01 4.124943104233045332e-01 4.485662266727355463e-01 9.786071916249430847e-03 0.000000000000000000e+00
1.250000000000000000e+05 4.999984891090967221e-01 9.911242603550296515e-02 4.285389167045971504e-01 4.708693673190714746e-01 1.479289940828402332e-03 0.000000000000000000e+00
1.275000000000000000e+05 5.099984588912789274e-01 9.774692762858443185e-02 4.297906235776058348e-01 4.714383249886208715e-01 1.024123805188893906e-03 0.000000000000000000e+00
1.300000000000000000e+05 5.199984286734606886e-01 9.899863450159307465e-02 4.287664997724169313e-01 4.705279927173418031e-01 1.706873008648156654e-03 0.000000000000000000e+00
1.325000000000000000e+05 5.299983984556424499e-01 1.030951297223486607e-01 4.256941283568502765e-01 4.699590350477924616e-01 1.251706873008648227e-03 0.000000000000000000e+00
1.350000000000000000e+05 5.399983682378246552e-01 1.035502958579881672e-01 4.260355029585798925e-01 4.690487027765134487e-01 1.365498406918525280e-03 0.000000000000000000e+00
1.375000000000000000e+05 5.499983380200066385e-01 1.017296313154301274e-01 4.275147928994083024e-01 4.699590350477924616e-01 7.965407373691396923e-04 0.000000000000000000e+00
1.400000000000000000e+05 5.599983078021883998e-01 1.038916704597177970e-01 4.272872098315885214e-01 4.680245789713245452e-01 7.965407373691396923e-04 0.000000000000000000e+00
1.425000000000000000e+05 5.699982775843701610e-01 1.002503413746017313e-01 4.287664997724169313e-01 4.709831588529813651e-01 0.000000000000000000e+00 0.000000000000000000e+00
1.450000000000000000e+05 5.799982473665523663e-01 1.025261720527992776e-01 4.279699590350478089e-01 4.693900773782430647e-01 1.137915339098771066e-04 0.000000000000000000e+00
1.475000000000000000e+05 5.899982171487343496e-01 1.013882567137004975e-01 4.291078743741465473e-01 4.690487027765134487e-01 4.551661356395084266e-04 0.000000000000000000e+00
1.500000000000000000e+05 5.999981869309161109e-01 1.028675466545289074e-01 4.296768320436959443e-01 4.671142467000455323e-01 3.413746017296313199e-04 0.000000000000000000e+00
1.525000000000000000e+05 6.099981567130978721e-01 1.040054619936276736e-01 4.288802913063268218e-01 4.665452890304961353e-01 5.689576695493854790e-04 0.000000000000000000e+00
1.550000000000000000e+05 6.199981264952800775e-01 1.059399180700955900e-01 4.294492489758762188e-01 4.642694583522986029e-01 3.413746017296313199e-04 0.000000000000000000e+00
1.575000000000000000e+05 6.299980962774620608e-01 1.077605826126536159e-01 4.272872098315885214e-01 4.644970414201183284e-01 4.551661356395084266e-04 0.000000000000000000e+00
1.600000000000000000e+05 6.399980660596438220e-01 1.511151570323167881e-01 4.071461083295402905e-01 4.370732817478379384e-01 4.665452890304961318e-03 0.000000000000000000e+00
1.625000000000000000e+05 6.499980358418255832e-01 1.951524806554392477e-01 4.310423304506144637e-01 3.733500227583067543e-01 4.551661356395084266e-04 0.000000000000000000e+00
1.650000000000000000e+05 6.599980056240077886e-01 1.960628129267182607e-01 4.289940828402367123e-01 3.738051888939463163e-01 1.137915339098770958e-03 0.000000000000000000e+00
1.675000000000000000e+05 6.699979754061897719e-01 2.229176149294492537e-01 5.257168866636322546e-01 2.500000000000000000e-01 1.365498406918525280e-03 0.000000000000000000e+00
1.700000000000000000e+05 6.799979451883717552e-01 2.302002730996813851e-01 5.417614929449249273e-01 2.247382794720072796e-01 3.299954483386436255e-03 0.000000000000000000e+00
1.725000000000000000e+05 6.899979149705535164e-01 2.261037778789257990e-01 5.487027765134273594e-01 2.236003641329085134e-01 1.593081474738279385e-03 0.000000000000000000e+00
1.750000000000000000e+05 6.999978847527354997e-01 2.272416932180245652e-01 5.452890304961310886e-01 2.263313609467455523e-01 1.137915339098770958e-03 0.000000000000000000e+00
1.775000000000000000e+05 7.099978545349177050e-01 2.369139736003641195e-01 5.385753299954483264e-01 2.236003641329085134e-01 9.103322712790168532e-04 0.000000000000000000e+00
1.800000000000000000e+05 7.199978243170994663e-01 2.349795175238962308e-01 5.382339553937186549e-01 2.259899863450159363e-01 7.965407373691396923e-04 0.000000000000000000e+00
1.825000000000000000e+05 7.299977940992812275e-01 2.403277196176604458e-01 5.319754210286754548e-01 2.263313609467455523e-01 1.365498406918525280e-03 0.000000000000000000e+00
1.850000000000000000e+05 7.399977638814632108e-01 2.550068274920345712e-01 5.188893946290396020e-01 2.247382794720072796e-01 1.365498406918525280e-03 0.000000000000000000e+00
1.875000000000000000e+05 7.499977336636454162e-01 2.505689576695493970e-01 5.117205279927173889e-01 2.374829312699135164e-01 2.275830678197542133e-04 0.000000000000000000e+00
1.900000000000000000e+05 7.599977034458271774e-01 2.344105598543468338e-01 4.613108784706417831e-01 3.041647701411014926e-01 1.137915339098771066e-04 0.000000000000000000e+00
1.925000000000000000e+05 7.699976732280089387e-01 2.372553482020937632e-01 4.736003641329085134e-01 2.882339553937187104e-01 9.103322712790168532e-04 0.000000000000000000e+00
1.950000000000000000e+05 7.799976430101909219e-01 2.365725989986345035e-01 4.696176604460627901e-01 2.927856167501137752e-01 1.024123805188893906e-03 0.000000000000000000e+00
1.975000000000000000e+05 7.899976127923731273e-01 2.323623122439690547e-01 4.766727355484751683e-01 2.908511606736458588e-01 1.137915339098771066e-04 0.000000000000000000e+00
2.000000000000000000e+05 7.999975825745548885e-01 2.096040054619936199e-01 5.116067364588074984e-01 2.783340919435594030e-01 4.551661356395084266e-04 0.000000000000000000e+00
2.025000000000000000e+05 8.099975523567366498e-01 2.067592171142466906e-01 5.084205735093308975e-01 2.839098771051433712e-01 9.103322712790168532e-04 0.000000000000000000e+00
2.050000000000000000e+05 8.199975221389188551e-01 2.089212562585343602e-01 5.091033227127901295e-01 2.804961310878470448e-01 1.479289940828402332e-03 0.000000000000000000e+00
2.075000000000000000e+05 8.299974919211008384e-01 2.081247155211652378e-01 5.051206190259445172e-01 2.852753755120618906e-01 1.479289940828402332e-03 0.000000000000000000e+00
2.100000000000000000e+05 8.399974617032825996e-01 2.090350477924442507e-01 5.047792444242148457e-01 2.849340009103322746e-01 1.251706873008648227e-03 0.000000000000000000e+00
2.125000000000000000e+05 8.499974314854643609e-01 2.125625853436504398e-01 5.027309968138370389e-01 2.837960855712334807e-01 9.103322712790168532e-04 0.000000000000000000e+00
2.150000000000000000e+05 8.599974012676465662e-01 2.143832498862084657e-01 5.001137915339098905e-01 2.851615839781520001e-01 3.413746017296313199e-04 0.000000000000000000e+00
2.175000000000000000e+05 8.699973710498285495e-01 2.201866181156121871e-01 4.938552571688666348e-01 2.851615839781520001e-01 7.965407373691396923e-04 0.000000000000000000e+00
2.200000000000000000e+05 8.799973408320103108e-01 2.283796085571233592e-01 4.341147018661811741e-01 3.367091488393263443e-01 7.965407373691396923e-04 0.000000000000000000e+00
2.225000000000000000e+05 8.899973106141920720e-01 2.288347746927628656e-01 4.321802457897132577e-01 3.379608557123350288e-01 1.024123805188893906e-03 0.000000000000000000e+00
2.250000000000000000e+05 8.999972803963742773e-01 2.432862994993172379e-01 4.211424670004551563e-01 3.351160673645880994e-01 4.551661356395084266e-04 0.000000000000000000e+00
2.275000000000000000e+05 9.099972501785562606e-01 2.469276285844333174e-01 4.198907601274465273e-01 3.324988620846608955e-01 6.827492034592626399e-04 0.000000000000000000e+00
2.300000000000000000e+05 9.199972199607380219e-01 2.490896677287209870e-01 4.032771961766044577e-01 3.461538461538461453e-01 1.479289940828402332e-03 0.000000000000000000e+00
2.325000000000000000e+05 9.299971897429200052e-01 2.495448338643604935e-01 4.040737369139735802e-01 3.455848884842967483e-01 7.965407373691396923e-04 0.000000000000000000e+00
2.350000000000000000e+05 9.399971595251019885e-01 2.495448338643604935e-01 4.039599453800637452e-01 3.456986800182066388e-01 7.965407373691396923e-04 0.000000000000000000e+00
2.375000000000000000e+05 9.499971293072839718e-01 2.551206190259444617e-01 3.987255348202093930e-01 3.438780154756486129e-01 2.275830678197541916e-03 0.000000000000000000e+00
2.400000000000000000e+05 9.599970990894659550e-01 2.657032316795630567e-01 3.923532089212562468e-01 3.403504779244423961e-01 1.593081474738279385e-03 0.000000000000000000e+00
2.425000000000000000e+05 9.699970688716477163e-01 2.834547109695038647e-01 3.900773782430587144e-01 3.249886208466090110e-01 1.479289940828402332e-03 0.000000000000000000e+00
2.450000000000000000e+05 9.799970386538296996e-01 2.715065999089667503e-01 4.369594902139281034e-01 2.901684114701866268e-01 1.365498406918525280e-03 0.000000000000000000e+00
2.475000000000000000e+05 9.899970084360119049e-01 2.609239872553482109e-01 4.363905325443787064e-01 3.023441055985434667e-01 3.413746017296313199e-04 0.000000000000000000e+00
2.500000000000000000e+05 9.999969782181936662e-01 2.625170687300864558e-01 4.361629494765589254e-01 3.010923987255348377e-01 2.275830678197542133e-04 0.000000000000000000e+00
