# itime ezz other fcc hcp bcc ico
0.000000000000000000e+00 0.000000000000000000e+00 0.000000000000000000e+00 1.000000000000000000e+00 0.000000000000000000e+00 0.000000000000000000e+00 0.000000000000000000e+00
2.500000000000000000e+02 9.999766199226822749e-04 0.000000000000000000e+00 1.000000000000000000e+00 0.000000000000000000e+00 0.000000000000000000e+00 0.000000000000000000e+00
5.000000000000000000e+02 1.999953239845142505e-03 0.000000000000000000e+00 1.000000000000000000e+00 0.000000000000000000e+00 0.000000000000000000e+00 0.000000000000000000e+00
7.500000000000000000e+02 2.999929859767824780e-03 0.000000000000000000e+00 1.000000000000000000e+00 0.000000000000000000e+00 0.000000000000000000e+00 0.000000000000000000e+00
1.000000000000000000e+03 3.999906479690507055e-03 0.000000000000000000e+00 1.000000000000000000e+00 0.000000000000000000e+00 0.000000000000000000e+00 0.000000000000000000e+00
1.250000000000000000e+03 4.999883099612967285e-03 0.000000000000000000e+00 1.000000000000000000e+00 0.000000000000000000e+00 0.000000000000000000e+00 0.000000000000000000e+00
1.500000000000000000e+03 5.999859719535649560e-03 0.000000000000000000e+00 1.000000000000000000e+00 0.000000000000000000e+00 0.000000000000000000e+00 0.000000000000000000e+00
1.750000000000000000e+03 6.999836339458331835e-03 0.000000000000000000e+00 1.000000000000000000e+00 0.000000000000000000e+00 0.000000000000000000e+00 0.000000000000000000e+00
2.000000000000000000e+03 7.999812959380792066e-03 0.000000000000000000e+00 1.000000000000000000e+00 0.000000000000000000e+00 0.000000000000000000e+00 0.000000000000000000e+00
2.250000000000000000e+03 8.999789579303474341e-03 0.000000000000000000e+00 1.000000000000000000e+00 0.000000000000000000e+00 0.000000000000000000e+00 0.000000000000000000e+00
2.500000000000000000e+03 9.999766199226156616e-03 0.000000000000000000e+00 1.000000000000000000e+00 0.000000000000000000e+00 0.000000000000000000e+00 0.000000000000000000e+00
2.750000000000000000e+03 1.099974281914883889e-02 0.000000000000000000e+00 1.000000000000000000e+00 0.000000000000000000e+00 0.000000000000000000e+00 0.000000000000000000e+00
3.000000000000000000e+03 1.199971943907129912e-02 0.000000000000000000e+00 1.000000000000000000e+00 0.000000000000000000e+00 0.000000000000000000e+00 0.000000000000000000e+00
3.250000000000000000e+03 1.299969605899398140e-02 0.000000000000000000e+00 1.000000000000000000e+00 0.000000000000000000e+00 0.000000000000000000e+00 0.000000000000000000e+00
3.500000000000000000e+03 1.399967267891666367e-02 0.000000000000000000e+00 1.000000000000000000e+00 0.000000000000000000e+00 0.000000000000000000e+00 0.000000000000000000e+00
3.750000000000000000e+03 1.499964929883912390e-02 0.000000000000000000e+00 1.000000000000000000e+00 0.000000000000000000e+00 0.000000000000000000e+00 0.000000000000000000e+00
4.000000000000000000e+03 1.599962591876180618e-02 0.000000000000000000e+00 1.000000000000000000e+00 0.000000000000000000e+00 0.000000000000000000e+00 0.000000000000000000e+00
4.250000000000000000e+03 1.699960253868448845e-02 0.000000000000000000e+00 1.000000000000000000e+00 0.000000000000000000e+00 0.000000000000000000e+00 0.000000000000000000e+00
4.500000000000000000e+03 1.799957915860694868e-02 0.000000000000000000e+00 1.000000000000000000e+00 0.000000000000000000e+00 0.000000000000000000e+00 0.000000000000000000e+00
4.750000000000000000e+03 1.899955577852963096e-02 0.000000000000000000e+00 1.000000000000000000e+00 0.000000000000000000e+00 0.000000000000000000e+00 0.000000000000000000e+00
5.000000000000000000e+03 1.999953239845231323e-02 0.000000000000000000e+00 1.000000000000000000e+00 0.000000000000000000e+00 0.000000000000000000e+00 0.000000000000000000e+00
5.250000000000000000e+03 2.099950901837477346e-02 0.000000000000000000e+00 1.000000000000000000e+00 0.000000000000000000e+00 0.000000000000000000e+00 0.000000000000000000e+00
5.500000000000000000e+03 2.199948563829745574e-02 0.000000000000000000e+00 1.000000000000000000e+00 0.000000000000000000e+00 0.000000000000000000e+00 0.000000000000000000e+00
5.750000000000000000e+03 2.299946225822013801e-02 0.000000000000000000e+00 1.000000000000000000e+00 0.000000000000000000e+00 0.000000000000000000e+00 0.000000000000000000e+00
6.000000000000000000e+03 2.399943887814259824e-02 0.000000000000000000e+00 1.000000000000000000e+00 0.000000000000000000e+00 0.000000000000000000e+00 0.000000000000000000e+00
6.250000000000000000e+03 2.499941549806528052e-02 0.000000000000000000e+00 1.000000000000000000e+00 0.000000000000000000e+00 0.000000000000000000e+00 0.000000000000000000e+00
6.500000000000000000e+03 2.599939211798796279e-02 0.000000000000000000e+00 1.000000000000000000e+00 0.000000000000000000e+00 0.000000000000000000e+00 0.000000000000000000e+00
6.750000000000000000e+03 2.699936873791042302e-02 0.000000000000000000e+00 1.000000000000000000e+00 0.000000000000000000e+00 0.000000000000000000e+00 0.000000000000000000e+00
7.000000000000000000e+03 2.799934535783310530e-02 0.000000000000000000e+00 1.000000000000000000e+00 0.000000000000000000e+00 0.000000000000000000e+00 0.000000000000000000e+00
7.250000000000000000e+03 2.899932197775578757e-02 0.000000000000000000e+00 1.000000000000000000e+00 0.000000000000000000e+00 0.000000000000000000e+00 0.000000000000000000e+00
7.500000000000000000e+03 2.999929859767846985e-02 0.000000000000000000e+00 1.000000000000000000e+00 0.000000000000000000e+00 0.000000000000000000e+00 0.000000000000000000e+00
7.750000000000000000e+03 3.099927521760093008e-02 0.000000000000000000e+00 1.000000000000000000e+00 0.000000000000000000e+00 0.000000000000000000e+00 0.000000000000000000e+00
8.000000000000000000e+03 3.199925183752361235e-02 0.000000000000000000e+00 1.000000000000000000e+00 0.000000000000000000e+00 0.000000000000000000e+00 0.000000000000000000e+00
8.250000000000000000e+03 3.299922845744629463e-02 0.000000000000000000e+00 1.000000000000000000e+00 0.000000000000000000e+00 0.000000000000000000e+00 0.000000000000000000e+00
8.500000000000000000e+03 3.399920507736875486e-02 0.000000000000000000e+00 1.000000000000000000e+00 0.000000000000000000e+00 0.000000000000000000e+00 0.000000000000000000e+00
8.750000000000000000e+03 3.499918169729143713e-02 0.000000000000000000e+00 1.000000000000000000e+00 0.000000000000000000e+00 0.000000000000000000e+00 0.000000000000000000e+00
9.000000000000000000e+03 3.599915831721411941e-02 0.000000000000000000e+00 1.000000000000000000e+00 0.000000000000000000e+00 0.000000000000000000e+00 0.000000000000000000e+00
9.250000000000000000e+03 3.699913493713657964e-02 0.000000000000000000e+00 1.000000000000000000e+00 0.000000000000000000e+00 0.000000000000000000e+00 0.000000000000000000e+00
9.500000000000000000e+03 3.799911155705926191e-02 0.000000000000000000e+00 1.000000000000000000e+00 0.000000000000000000e+00 0.000000000000000000e+00 0.000000000000000000e+00
9.750000000000000000e+03 3.899908817698194419e-02 0.000000000000000000e+00 1.000000000000000000e+00 0.000000000000000000e+00 0.000000000000000000e+00 0.000000000000000000e+00
1.000000000000000000e+04 3.999906479690440442e-02 0.000000000000000000e+00 1.000000000000000000e+00 0.000000000000000000e+00 0.000000000000000000e+00 0.000000000000000000e+00
1.025000000000000000e+04 4.099904141682708669e-02 0.000000000000000000e+00 1.000000000000000000e+00 0.000000000000000000e+00 0.000000000000000000e+00 0.000000000000000000e+00
1.050000000000000000e+04 4.199901803674976897e-02 0.000000000000000000e+00 1.000000000000000000e+00 0.000000000000000000e+00 0.000000000000000000e+00 0.000000000000000000e+00
1.075000000000000000e+04 4.299899465667222920e-02 0.000000000000000000e+00 1.000000000000000000e+00 0.000000000000000000e+00 0.000000000000000000e+00 0.000000000000000000e+00
1.100000000000000000e+04 4.399897127659491147e-02 0.000000000000000000e+00 1.000000000000000000e+00 0.000000000000000000e+00 0.000000000000000000e+00 0.000000000000000000e+00
1.125000000000000000e+04 4.499894789651759375e-02 0.000000000000000000e+00 1.000000000000000000e+00 0.000000000000000000e+00 0.000000000000000000e+00 0.000000000000000000e+00
1.150000000000000000e+04 4.599892451644005398e-02 0.000000000000000000e+00 1.000000000000000000e+00 0.000000000000000000e+00 0.000000000000000000e+00 0.000000000000000000e+00
1.175000000000000000e+04 4.699890113636273625e-02 0.000000000000000000e+00 1.000000000000000000e+00 0.000000000000000000e+00 0.000000000000000000e+00 0.000000000000000000e+00
1.200000000000000000e+04 4.799887775628541853e-02 0.000000000000000000e+00 1.000000000000000000e+00 0.000000000000000000e+00 0.000000000000000000e+00 0.000000000000000000e+00
1.225000000000000000e+04 4.899885437620810080e-02 0.000000000000000000e+00 1.000000000000000000e+00 0.000000000000000000e+00 0.000000000000000000e+00 0.000000000000000000e+00
1.250000000000000000e+04 4.999883099613056103e-02 0.000000000000000000e+00 1.000000000000000000e+00 0.000000000000000000e+00 0.000000000000000000e+00 0.000000000000000000e+00
1.275000000000000000e+04 5.099880761605324331e-02 0.000000000000000000e+00 1.000000000000000000e+00 0.000000000000000000e+00 0.000000000000000000e+00 0.000000000000000000e+00
1.300000000000000000e+04 5.199878423597592558e-02 0.000000000000000000e+00 1.000000000000000000e+00 0.000000000000000000e+00 0.000000000000000000e+00 0.000000000000000000e+00
1.325000000000000000e+04 5.299876085589838581e-02 0.000000000000000000e+00 1.000000000000000000e+00 0.000000000000000000e+00 0.000000000000000000e+00 0.000000000000000000e+00
1.350000000000000000e+04 5.399873747582106809e-02 0.000000000000000000e+00 1.000000000000000000e+00 0.000000000000000000e+00 0.000000000000000000e+00 0.000000000000000000e+00
1.375000000000000000e+04 5.499871409574375036e-02 0.000000000000000000e+00 1.000000000000000000e+00 0.000000000000000000e+00 0.000000000000000000e+00 0.000000000000000000e+00
1.400000000000000000e+04 5.599869071566621059e-02 0.000000000000000000e+00 1.000000000000000000e+00 0.000000000000000000e+00 0.000000000000000000e+00 0.000000000000000000e+00
1.425000000000000000e+04 5.699866733558889287e-02 0.000000000000000000e+00 1.000000000000000000e+00 0.000000000000000000e+00 0.000000000000000000e+00 0.000000000000000000e+00
1.450000000000000000e+04 5.799864395551157514e-02 0.000000000000000000e+00 1.000000000000000000e+00 0.000000000000000000e+00 0.000000000000000000e+00 0.000000000000000000e+00
1.475000000000000000e+04 5.899862057543403537e-02 0.000000000000000000e+00 1.000000000000000000e+00 0.000000000000000000e+00 0.000000000000000000e+00 0.000000000000000000e+00
1.500000000000000000e+04 5.999859719535671765e-02 0.000000000000000000e+00 1.000000000000000000e+00 0.000000000000000000e+00 0.000000000000000000e+00 0.000000000000000000e+00
1.525000000000000000e+04 6.099857381527939992e-02 0.000000000000000000e+00 1.000000000000000000e+00 0.000000000000000000e+00 0.000000000000000000e+00 0.000000000000000000e+00
1.550000000000000000e+04 6.199855043520186015e-02 0.000000000000000000e+00 1.000000000000000000e+00 0.000000000000000000e+00 0.000000000000000000e+00 0.000000000000000000e+00
1.575000000000000000e+04 6.299852705512454243e-02 0.000000000000000000e+00 1.000000000000000000e+00 0.000000000000000000e+00 0.000000000000000000e+00 0.000000000000000000e+00
1.600000000000000000e+04 6.399850367504722470e-02 0.000000000000000000e+00 1.000000000000000000e+00 0.000000000000000000e+00 0.000000000000000000e+00 0.000000000000000000e+00
1.625000000000000000e+04 6.499848029496968493e-02 0.000000000000000000e+00 1.000000000000000000e+00 0.000000000000000000e+00 0.000000000000000000e+00 0.000000000000000000e+00
1.650000000000000000e+04 6.599845691489236721e-02 2.275830678197542133e-04 9.997724169321802190e-01 0.000000000000000000e+00 0.000000000000000000e+00 0.000000000000000000e+00
1.675000000000000000e+04 6.699843353481504948e-02 0.000000000000000000e+00 1.000000000000000000e+00 0.000000000000000000e+00 0.000000000000000000e+00 0.000000000000000000e+00
1.700000000000000000e+04 6.799841015473773176e-02 0.000000000000000000e+00 1.000000000000000000e+00 0.000000000000000000e+00 0.000000000000000000e+00 0.000000000000000000e+00
1.725000000000000000e+04 6.899838677466019199e-02 1.137915339098771066e-04 9.998862084660901095e-01 0.000000000000000000e+00 0.000000000000000000e+00 0.000000000000000000e+00
1.750000000000000000e+04 6.999836339458287426e-02 0.000000000000000000e+00 1.000000000000000000e+00 0.000000000000000000e+00 0.000000000000000000e+00 0.000000000000000000e+00
1.775000000000000000e+04 7.099834001450555654e-02 0.000000000000000000e+00 1.000000000000000000e+00 0.000000000000000000e+00 0.000000000000000000e+00 0.000000000000000000e+00
1.800000000000000000e+04 7.199831663442801677e-02 0.000000000000000000e+00 1.000000000000000000e+00 0.000000000000000000e+00 0.000000000000000000e+00 0.000000000000000000e+00
1.825000000000000000e+04 7.299829325435069904e-02 0.000000000000000000e+00 1.000000000000000000e+00 0.000000000000000000e+00 0.000000000000000000e+00 0.000000000000000000e+00
1.850000000000000000e+04 7.399826987427338132e-02 0.000000000000000000e+00 1.000000000000000000e+00 0.000000000000000000e+00 0.000000000000000000e+00 0.000000000000000000e+00
1.875000000000000000e+04 7.499824649419584155e-02 6.827492034592626399e-04 9.992034592626308775e-01 0.000000000000000000e+00 1.137915339098771066e-04 0.000000000000000000e+00
1.900000000000000000e+04 7.599822311411852382e-02 0.000000000000000000e+00 1.000000000000000000e+00 0.000000000000000000e+00 0.000000000000000000e+00 0.000000000000000000e+00
1.925000000000000000e+04 7.699819973404120610e-02 3.413746017296313199e-04 9.996586253982703285e-01 0.000000000000000000e+00 0.000000000000000000e+00 0.000000000000000000e+00
1.950000000000000000e+04 7.799817635396366633e-02 3.413746017296313199e-04 9.995448338643604380e-01 0.000000000000000000e+00 1.137915339098771066e-04 0.000000000000000000e+00
1.975000000000000000e+04 7.899815297388634860e-02 0.000000000000000000e+00 1.000000000000000000e+00 0.000000000000000000e+00 0.000000000000000000e+00 0.000000000000000000e+00
2.000000000000000000e+04 7.999812959380903088e-02 1.137915339098771066e-04 9.998862084660901095e-01 0.000000000000000000e+00 0.000000000000000000e+00 0.000000000000000000e+00
2.025000000000000000e+04 8.099810621373149111e-02 0.000000000000000000e+00 1.000000000000000000e+00 0.000000000000000000e+00 0.000000000000000000e+00 0.000000000000000000e+00
2.050000000000000000e+04 8.199808283365417338e-02 7.965407373691396923e-04 9.992034592626308775e-01 0.000000000000000000e+00 0.000000000000000000e+00 0.000000000000000000e+00
2.075000000000000000e+04 8.299805945357685566e-02 5.689576695493854790e-04 9.993172507965407680e-01 0.000000000000000000e+00 1.137915339098771066e-04 0.000000000000000000e+00
2.100000000000000000e+04 8.399803607349931589e-02 0.000000000000000000e+00 1.000000000000000000e+00 0.000000000000000000e+00 0.000000000000000000e+00 0.000000000000000000e+00
2.125000000000000000e+04 8.499801269342199816e-02 1.137915339098770958e-03 9.988620846609012061e-01 0.000000000000000000e+00 0.000000000000000000e+00 0.000000000000000000e+00
2.150000000000000000e+04 8.599798931334468044e-02 1.137915339098770958e-03 9.987482931269913156e-01 0.000000000000000000e+00 1.137915339098771066e-04 0.000000000000000000e+00
2.175000000000000000e+04 8.699796593326736271e-02 1.024123805188893906e-03 9.989758761948110966e-01 0.000000000000000000e+00 0.000000000000000000e+00 0.000000000000000000e+00
2.200000000000000000e+04 8.799794255318982295e-02 1.137915339098770958e-03 9.986345015930814251e-01 0.000000000000000000e+00 2.275830678197542133e-04 0.000000000000000000e+00
2.225000000000000000e+04 8.899791917311250522e-02 0.000000000000000000e+00 1.000000000000000000e+00 0.000000000000000000e+00 0.000000000000000000e+00 0.000000000000000000e+00
2.250000000000000000e+04 8.999789579303518749e-02 1.024123805188893906e-03 9.988620846609012061e-01 0.000000000000000000e+00 1.137915339098771066e-04 0.000000000000000000e+00
2.275000000000000000e+04 9.099787241295764773e-02 1.365498406918525280e-03 9.986345015930814251e-01 0.000000000000000000e+00 0.000000000000000000e+00 0.000000000000000000e+00
2.300000000000000000e+04 9.199784903288033000e-02 1.365498406918525280e-03 9.986345015930814251e-01 0.000000000000000000e+00 0.000000000000000000e+00 0.000000000000000000e+00
2.325000000000000000e+04 9.299782565280301228e-02 1.820664542558033706e-03 9.981793354574419741e-01 0.000000000000000000e+00 0.000000000000000000e+00 0.000000000000000000e+00
2.350000000000000000e+04 9.399780227272547251e-02 1.820664542558033706e-03 9.979517523896221931e-01 0.000000000000000000e+00 2.275830678197542133e-04 0.000000000000000000e+00
2.375000000000000000e+04 9.499777889264815478e-02 1.137915339098770958e-03 9.988620846609012061e-01 0.000000000000000000e+00 0.000000000000000000e+00 0.000000000000000000e+00
2.400000000000000000e+04 9.599775551257083706e-02 3.982703686845699004e-03 9.957897132453344957e-01 0.000000000000000000e+00 2.275830678197542133e-04 0.000000000000000000e+00
2.425000000000000000e+04 9.699773213249329729e-02 6.827492034592626399e-04 9.992034592626308775e-01 0.000000000000000000e+00 1.137915339098771066e-04 0.000000000000000000e+00
2.450000000000000000e+04 9.799770875241597956e-02 2.503413746017296455e-03 9.973827947200728516e-01 0.000000000000000000e+00 1.137915339098771066e-04 0.000000000000000000e+00
2.475000000000000000e+04 9.899768537233866184e-02 1.593081474738279385e-03 9.981793354574419741e-01 0.000000000000000000e+00 2.275830678197542133e-04 0.000000000000000000e+00
2.500000000000000000e+04 9.999766199226112207e-02 2.162039144287664864e-03 9.978379608557123026e-01 0.000000000000000000e+00 0.000000000000000000e+00 0.000000000000000000e+00
2.525000000000000000e+04 1.009976386121838043e-01 3.755120619025944465e-03 9.962448793809740577e-01 0.000000000000000000e+00 0.000000000000000000e+00 0.000000000000000000e+00
2.550000000000000000e+04 1.019976152321064866e-01 4.893035958124715423e-03 9.947655894401457033e-01 0.000000000000000000e+00 3.413746017296313199e-04 0.000000000000000000e+00
2.575000000000000000e+04 1.029975918520289468e-01 3.413746017296313308e-03 9.963586709148839482e-01 0.000000000000000000e+00 2.275830678197542133e-04 0.000000000000000000e+00
2.600000000000000000e+04 1.039975684719516291e-01 5.348202093764223633e-03 9.943104233045061413e-01 0.000000000000000000e+00 3.413746017296313199e-04 0.000000000000000000e+00
2.625000000000000000e+04 1.049975450918743114e-01 5.234410559854347014e-03 9.944242148384160318e-01 0.000000000000000000e+00 3.413746017296313199e-04 0.000000000000000000e+00
2.650000000000000000e+04 1.059975217117969937e-01 7.168866636322257339e-03 9.921483841602184439e-01 0.000000000000000000e+00 6.827492034592626399e-04 0.000000000000000000e+00
2.675000000000000000e+04 1.069974983317194539e-01 7.282658170232134826e-03 9.918070095584888834e-01 0.000000000000000000e+00 9.103322712790168532e-04 0.000000000000000000e+00
2.700000000000000000e+04 1.079974749516421362e-01 1.103777878925807886e-02 9.882794720072826111e-01 0.000000000000000000e+00 6.827492034592626399e-04 0.000000000000000000e+00
2.725000000000000000e+04 1.089974515715648185e-01 1.547564861174328607e-02 9.812243969048702885e-01 0.000000000000000000e+00 3.299954483386436255e-03 0.000000000000000000e+00
2.750000000000000000e+04 1.099974281914872787e-01 4.073736913973600299e-02 9.208010923987255403e-01 0.000000000000000000e+00 3.846153846153846367e-02 0.000000000000000000e+00
2.775000000000000000e+04 1.109974048114099610e-01 2.097177969959035104e-01 2.729858898497951603e-01 2.275830678197542133e-04 5.170687300864815761e-01 0.000000000000000000e+00
2.800000000000000000e+04 1.119973814313326432e-01 2.480655439235320836e-01 3.161128812016386069e-01 1.378015475648611821e-01 2.980200273099681274e-01 0.000000000000000000e+00
2.825000000000000000e+04 1.129973580512551035e-01 2.517068730086481354e-01 4.443559399180700975e-01 2.325898953117888079e-01 7.134729176149294527e-02 0.000000000000000000e+00
2.850000000000000000e+04 1.139973346711777857e-01 2.338416021847974646e-01 4.809968138370505075e-01 2.375967228038234069e-01 4.756486117432862787e-02 0.000000000000000000e+00
2.875000000000000000e+04 1.149973112911004680e-01 2.150659990896677254e-01 5.256030951297223641e-01 2.137005006827492060e-01 4.563040509786071841e-02 0.000000000000000000e+00
2.900000000000000000e+04 1.159972879110229282e-01 2.049385525716886647e-01 5.852298588984979899e-01 1.764906690942193990e-01 3.334091943559399501e-02 0.000000000000000000e+00
2.925000000000000000e+04 1.169972645309456105e-01 1.585116067364588099e-01 6.612426035502958488e-01 1.627218934911242587e-01 1.752389622212107562e-02 0.000000000000000000e+00
2.950000000000000000e+04 1.179972411508682928e-01 6.508875739644970349e-02 7.641101502048247562e-01 1.684114701866181174e-01 2.389622212107419402e-03 0.000000000000000000e+00
2.975000000000000000e+04 1.189972177707907530e-01 4.631315430131998506e-02 8.075785161583978189e-01 1.456531634046426826e-01 4.551661356395084266e-04 0.000000000000000000e+00
3.000000000000000000e+04 1.199971943907134353e-01 4.676832043695949154e-02 8.075785161583978189e-01 1.456531634046426826e-01 0.000000000000000000e+00 0.000000000000000000e+00
3.025000000000000000e+04 1.209971710106361176e-01 4.745106964041875125e-02 8.068957669549385869e-01 1.453117888029130667e-01 3.413746017296313199e-04 0.000000000000000000e+00
3.050000000000000000e+04 1.219971476305585778e-01 4.767865270823850449e-02 8.060992262175694645e-01 1.458807464724624359e-01 3.413746017296313199e-04 0.000000000000000000e+00
3.075000000000000000e+04 1.229971242504812601e-01 4.699590350477924477e-02 8.071233500227582569e-01 1.456531634046426826e-01 2.275830678197542133e-04 0.000000000000000000e+00
3.100000000000000000e+04 1.239971008704039424e-01 4.722348657259899801e-02 8.064406008192990249e-01 1.462221210741920796e-01 1.137915339098771066e-04 0.000000000000000000e+00
3.125000000000000000e+04 1.249970774903266246e-01 4.665452890304961492e-02 8.063268092853891345e-01 1.463359126081019701e-01 6.827492034592626399e-04 0.000000000000000000e+00
3.150000000000000000e+04 1.259970541102490849e-01 4.699590350477924477e-02 8.071233500227582569e-01 1.454255803368229294e-01 4.551661356395084266e-04 0.000000000000000000e+00
3.175000000000000000e+04 1.269970307301717671e-01 4.654073736913973830e-02 8.068957669549385869e-01 1.461083295402822169e-01 4.551661356395084266e-04 0.000000000000000000e+00
3.200000000000000000e+04 1.279970073500944494e-01 4.722348657259899801e-02 8.064406008192990249e-01 1.459945380063723264e-01 3.413746017296313199e-04 0.000000000000000000e+00
3.225000000000000000e+04 1.289969839700169096e-01 4.642694583522986168e-02 8.071233500227582569e-01 1.458807464724624359e-01 5.689576695493854790e-04 0.000000000000000000e+00
3.250000000000000000e+04 1.299969605899395919e-01 4.710969503868912139e-02 8.071233500227582569e-01 1.454255803368229294e-01 3.413746017296313199e-04 0.000000000000000000e+00
3.275000000000000000e+04 1.309969372098622742e-01 4.688211197086936816e-02 8.071233500227582569e-01 1.457669549385525731e-01 2.275830678197542133e-04 0.000000000000000000e+00
3.300000000000000000e+04 1.319969138297847344e-01 4.654073736913973830e-02 8.072371415566681474e-01 1.455393718707328199e-01 6.827492034592626399e-04 0.000000000000000000e+00
3.325000000000000000e+04 1.329968904497074167e-01 4.654073736913973830e-02 8.070095584888484774e-01 1.461083295402822169e-01 3.413746017296313199e-04 0.000000000000000000e+00
3.350000000000000000e+04 1.339968670696300990e-01 4.699590350477924477e-02 8.063268092853891345e-01 1.459945380063723264e-01 6.827492034592626399e-04 0.000000000000000000e+00
3.375000000000000000e+04 1.349968436895525592e-01 4.710969503868912139e-02 8.056440600819299025e-01 1.464497041420118328e-01 7.965407373691396923e-04 0.000000000000000000e+00
3.400000000000000000e+04 1.359968203094752415e-01 4.688211197086936816e-02 8.058716431497496835e-01 1.467910787437414766e-01 4.551661356395084266e-04 0.000000000000000000e+00
3.425000000000000000e+04 1.369967969293979237e-01 4.756486117432862787e-02 8.058716431497496835e-01 1.461083295402822169e-01 4.551661356395084266e-04 0.000000000000000000e+00
3.450000000000000000e+04 1.379967735493203840e-01 4.688211197086936816e-02 8.059854346836595740e-01 1.464497041420118328e-01 6.827492034592626399e-04 0.000000000000000000e+00
3.475000000000000000e+04 1.389967501692430663e-01 4.745106964041875125e-02 8.050751024123805610e-01 1.466772872098315861e-01 7.965407373691396923e-04 0.000000000000000000e+00
3.500000000000000000e+04 1.399967267891657485e-01 4.756486117432862787e-02 8.042785616750113276e-01 1.465634956759217233e-01 1.593081474738279385e-03 0.000000000000000000e+00
3.525000000000000000e+04 1.409967034090882088e-01 4.847519344560764776e-02 8.047337278106508895e-01 1.462221210741920796e-01 5.689576695493854790e-04 0.000000000000000000e+00
3.550000000000000000e+04 1.419966800290108910e-01 4.745106964041875125e-02 8.047337278106508895e-01 1.470186618115612298e-01 7.965407373691396923e-04 0.000000000000000000e+00
3.575000000000000000e+04 1.429966566489335733e-01 4.745106964041875125e-02 8.047337278106508895e-01 1.471324533454710926e-01 6.827492034592626399e-04 0.000000000000000000e+00
3.600000000000000000e+04 1.439966332688562556e-01 4.790623577605826466e-02 8.046199362767409990e-01 1.464497041420118328e-01 1.024123805188893906e-03 0.000000000000000000e+00
3.625000000000000000e+04 1.449966098887787158e-01 4.870277651342740100e-02 8.033682294037323146e-01 1.471324533454710926e-01 7.965407373691396923e-04 0.000000000000000000e+00
3.650000000000000000e+04 1.459965865087013981e-01 4.938552571688666071e-02 8.034820209376422051e-01 1.462221210741920796e-01 9.103322712790168532e-04 0.000000000000000000e+00
3.675000000000000000e+04 1.469965631286240804e-01 4.802002730996814128e-02 8.038233955393718766e-01 1.465634956759217233e-01 1.593081474738279385e-03 0.000000000000000000e+00
3.700000000000000000e+04 1.479965397485465406e-01 4.813381884387801790e-02 8.031406463359126446e-01 1.475876194811105990e-01 1.137915339098770958e-03 0.000000000000000000e+00
3.725000000000000000e+04 1.489965163684692229e-01 4.893035958124715423e-02 8.031406463359126446e-01 1.471324533454710926e-01 7.965407373691396923e-04 0.000000000000000000e+00
3.750000000000000000e+04 1.499964929883919051e-01 4.915794264906690747e-02 8.016613563950841792e-01 1.477014110150204895e-01 1.479289940828402332e-03 0.000000000000000000e+00
3.775000000000000000e+04 1.509964696083143654e-01 5.040964952207555722e-02 8.020027309968138507e-01 1.470186618115612298e-01 5.689576695493854790e-04 0.000000000000000000e+00
3.800000000000000000e+04 1.519964462282370476e-01 4.995448338643605074e-02 8.024578971324533017e-01 1.467910787437414766e-01 7.965407373691396923e-04 0.000000000000000000e+00
3.825000000000000000e+04 1.529964228481597299e-01 4.893035958124715423e-02 8.026854802002730827e-01 1.472462448793809831e-01 1.137915339098770958e-03 0.000000000000000000e+00
3.850000000000000000e+04 1.539963994680821902e-01 4.858898497951752438e-02 8.024578971324533017e-01 1.477014110150204895e-01 1.251706873008648227e-03 0.000000000000000000e+00
3.875000000000000000e+04 1.549963760880048724e-01 4.984069185252617412e-02 8.007510241238051663e-01 1.481565771506599960e-01 1.251706873008648227e-03 0.000000000000000000e+00
3.900000000000000000e+04 1.559963527079275547e-01 5.257168866636321991e-02 7.949476558944014171e-01 1.512289485662266786e-01 1.251706873008648227e-03 0.000000000000000000e+00
3.925000000000000000e+04 1.569963293278500149e-01 5.143377332726445372e-02 7.988165680473372499e-01 1.481565771506599960e-01 1.593081474738279385e-03 0.000000000000000000e+00
3.950000000000000000e+04 1.579963059477726972e-01 5.200273099681383682e-02 7.954028220300409791e-01 1.512289485662266786e-01 1.365498406918525280e-03 0.000000000000000000e+00
3.975000000000000000e+04 1.589962825676953795e-01 5.063723258989531045e-02 7.964269458352298825e-01 1.500910332271279124e-01 2.844788347746927612e-03 0.000000000000000000e+00
4.000000000000000000e+04 1.599962591876180618e-01 5.302685480200273332e-02 7.924442421483841592e-01 1.520254893035958010e-01 2.503413746017296455e-03 0.000000000000000000e+00
4.025000000000000000e+04 1.609962358075405220e-01 5.416477014110149951e-02 7.815202548930360038e-01 1.626081019572143960e-01 1.706873008648156654e-03 0.000000000000000000e+00
4.050000000000000000e+04 1.619962124274632043e-01 6.224396904870277414e-02 7.509103322712790130e-01 1.837733272644515303e-01 3.072371415566681717e-03 0.000000000000000000e+00
4.075000000000000000e+04 1.629961890473858865e-01 6.713700500682749650e-02 7.344105598543468894e-01 1.970869367319071364e-01 1.365498406918525280e-03 0.000000000000000000e+00
4.100000000000000000e+04 1.639961656673083468e-01 6.736458807464724974e-02 7.280382339553936877e-01 2.024351388256713791e-01 2.162039144287664864e-03 0.000000000000000000e+00
4.125000000000000000e+04 1.649961422872310290e-01 6.804733727810650945e-02 7.331588529813382049e-01 1.973145197997268896e-01 1.479289940828402332e-03 0.000000000000000000e+00
4.150000000000000000e+04 1.659961189071537113e-01 6.861629494765589254e-02 7.298588984979517136e-01 1.993627674101046965e-01 2.162039144287664864e-03 0.000000000000000000e+00
4.175000000000000000e+04 1.669960955270761715e-01 6.861629494765589254e-02 7.300864815657714946e-01 2.001593081474738189e-01 1.137915339098770958e-03 0.000000000000000000e+00
4.200000000000000000e+04 1.679960721469988538e-01 6.747837960855712636e-02 7.315657715065999600e-01 1.990213928083750528e-01 1.934456076467910759e-03 0.000000000000000000e+00
4.225000000000000000e+04 1.689960487669215361e-01 6.873008648156576916e-02 7.279244424214837972e-01 2.020937642239417353e-01 1.251706873008648227e-03 0.000000000000000000e+00
4.250000000000000000e+04 1.699960253868439963e-01 6.679563040509786664e-02 7.316795630405097395e-01 1.999317250796540657e-01 1.593081474738279385e-03 0.000000000000000000e+00
4.275000000000000000e+04 1.709960020067666786e-01 6.759217114246700298e-02 7.287209831588530307e-01 2.016385980883022289e-01 2.048247610377787811e-03 0.000000000000000000e+00
4.300000000000000000e+04 1.719959786266893609e-01 6.827492034592626269e-02 7.276968593536641272e-01 2.026627218934911323e-01 1.365498406918525280e-03 0.000000000000000000e+00
4.325000000000000000e+04 1.729959552466118211e-01 6.907146108329539902e-02 7.298588984979517136e-01 2.005006827492034627e-01 5.689576695493854790e-04 0.000000000000000000e+00
4.350000000000000000e+04 1.739959318665345034e-01 7.134729176149294527e-02 7.265589440145653333e-01 2.010696404187528319e-01 1.024123805188893906e-03 0.000000000000000000e+00
4.375000000000000000e+04 1.749959084864571857e-01 6.941283568502502888e-02 7.272416932180245652e-01 2.017523896222121194e-01 1.593081474738279385e-03 0.000000000000000000e+00
4.400000000000000000e+04 1.759958851063796459e-01 7.089212562585343880e-02 7.256486117432863203e-01 2.022075557578516258e-01 1.251706873008648227e-03 0.000000000000000000e+00
4.425000000000000000e+04 1.769958617263023282e-01 6.929904415111515226e-02 7.269003186162948937e-01 2.017523896222121194e-01 2.048247610377787811e-03 0.000000000000000000e+00
4.450000000000000000e+04 1.779958383462250104e-01 7.123350022758306865e-02 7.245106964041875264e-01 2.025489303595812418e-01 1.706873008648156654e-03 0.000000000000000000e+00
4.475000000000000000e+04 1.789958149661476927e-01 6.827492034592626269e-02 7.271279016841146747e-01 2.036868456986800080e-01 9.103322712790168532e-04 0.000000000000000000e+00
4.500000000000000000e+04 1.799957915860701529e-01 6.941283568502502888e-02 7.267865270823851143e-01 2.017523896222121194e-01 2.048247610377787811e-03 0.000000000000000000e+00
4.525000000000000000e+04 1.809957682059928352e-01 7.123350022758306865e-02 7.253072371415566488e-01 2.031178880291306388e-01 3.413746017296313199e-04 0.000000000000000000e+00
4.550000000000000000e+04 1.819957448259155175e-01 7.328174783796086167e-02 7.241693218024578549e-01 2.007282658170232159e-01 1.820664542558033706e-03 0.000000000000000000e+00
4.575000000000000000e+04 1.829957214458379777e-01 7.259899863450158808e-02 7.240555302685480754e-01 2.022075557578516258e-01 1.137915339098770958e-03 0.000000000000000000e+00
4.600000000000000000e+04 1.839956980657606600e-01 7.123350022758306865e-02 7.245106964041875264e-01 2.026627218934911323e-01 1.593081474738279385e-03 0.000000000000000000e+00
4.625000000000000000e+04 1.849956746856833423e-01 6.975421028675465873e-02 7.256486117432863203e-01 2.025489303595812418e-01 2.048247610377787811e-03 0.000000000000000000e+00
4.650000000000000000e+04 1.859956513056058025e-01 7.134729176149294527e-02 7.239417387346381849e-01 2.018661811561219821e-01 2.844788347746927612e-03 0.000000000000000000e+00
4.675000000000000000e+04 1.869956279255284848e-01 7.123350022758306865e-02 7.247382794720073074e-01 2.019799726900318726e-01 2.048247610377787811e-03 0.000000000000000000e+00
4.700000000000000000e+04 1.879956045454511671e-01 7.180245789713245175e-02 7.230314064633591720e-01 2.028903049613108855e-01 2.275830678197541916e-03 0.000000000000000000e+00
4.725000000000000000e+04 1.889955811653736273e-01 7.259899863450158808e-02 7.190487027765134487e-01 2.063040509786071841e-01 2.048247610377787811e-03 0.000000000000000000e+00
4.750000000000000000e+04 1.899955577852963096e-01 7.999544833864360993e-02 7.100591715976330986e-01 2.073281747837960876e-01 2.617205279927173507e-03 0.000000000000000000e+00
4.775000000000000000e+04 1.909955344052189918e-01 8.625398270368685172e-02 6.987938097405552718e-01 2.114246700045516736e-01 3.527537551206190360e-03 0.000000000000000000e+00
4.800000000000000000e+04 1.919955110251414521e-01 8.522985889849794827e-02 6.979972690031861493e-01 2.099453800637232637e-01 6.827492034592626616e-03 0.000000000000000000e+00
4.825000000000000000e+04 1.929954876450641343e-01 8.602639963586708460e-02 7.010696404187528596e-01 2.104005461993627701e-01 2.503413746017296455e-03 0.000000000000000000e+00
4.850000000000000000e+04 1.939954642649868166e-01 8.397815202548930547e-02 7.016385980883022011e-01 2.116522530723714268e-01 2.730996813837050560e-03 0.000000000000000000e+00
4.875000000000000000e+04 1.949954408849092768e-01 8.477469276285844180e-02 7.000455166135639562e-01 2.113108784706417831e-01 3.868912152935821518e-03 0.000000000000000000e+00
4.900000000000000000e+04 1.959954175048319591e-01 8.670914883932635819e-02 6.969731451979972459e-01 2.110832954028220299e-01 5.234410559854347014e-03 0.000000000000000000e+00
4.925000000000000000e+04 1.969953941247546414e-01 9.114701866181156020e-02 6.926490669094219621e-01 2.111970869367319203e-01 5.006827492034592909e-03 0.000000000000000000e+00
4.950000000000000000e+04 1.979953707446773237e-01 9.046426945835230049e-02 6.960628129267182329e-01 2.099453800637232637e-01 3.527537551206190360e-03 0.000000000000000000e+00
4.975000000000000000e+04 1.989953473645997839e-01 8.784706417842512438e-02 6.967455621301774649e-01 2.118798361401911801e-01 3.527537551206190360e-03 0.000000000000000000e+00
5.000000000000000000e+04 1.999953239845224662e-01 9.251251706873007963e-02 6.910559854346836062e-01 2.109695038689121394e-01 5.461993627674101119e-03 0.000000000000000000e+00
5.025000000000000000e+04 2.009953006044451485e-01 9.945380063723259501e-02 6.842284934000910646e-01 2.125625853436504398e-01 3.755120619025944465e-03 0.000000000000000000e+00
5.050000000000000000e+04 2.019952772243676087e-01 1.453117888029130667e-01 6.360946745562130467e-01 1.999317250796540657e-01 1.866181156121984527e-02 0.000000000000000000e+00
5.075000000000000000e+04 2.029952538442902910e-01 1.735320892125625791e-01 5.921711424670004220e-01 2.184797451069640517e-01 1.581702321347291593e-02 0.000000000000000000e+00
5.100000000000000000e+04 2.039952304642129732e-01 1.552116522530723741e-01 6.345015930814746907e-01 1.984524351388256835e-01 1.183431952662721866e-02 0.000000000000000000e+00
5.125000000000000000e+04 2.049952070841354335e-01 1.294947655894401473e-01 6.742148384160218111e-01 1.909421939007737712e-01 5.348202093764223633e-03 0.000000000000000000e+00
5.150000000000000000e+04 2.059951837040581157e-01 1.264223941738734647e-01 6.722803823395538947e-01 1.972007282658170269e-01 4.096495220755575623e-03 0.000000000000000000e+00
5.175000000000000000e+04 2.069951603239807980e-01 1.282430587164314906e-01 6.690942193900774049e-01 1.986800182066454368e-01 3.982703686845699004e-03 0.000000000000000000e+00
5.200000000000000000e+04 2.079951369439032582e-01 1.272189349112426149e-01 6.813837050523441352e-01 1.874146563495675821e-01 3.982703686845699004e-03 0.000000000000000000e+00
5.225000000000000000e+04 2.089951135638259405e-01 1.350705507510241155e-01 6.777423759672280834e-01 1.837733272644515303e-01 3.413746017296313308e-03 0.000000000000000000e+00
5.250000000000000000e+04 2.099950901837486228e-01 1.337050523441055960e-01 6.821802457897132577e-01 1.787664997724169313e-01 5.348202093764223633e-03 0.000000000000000000e+00
5.275000000000000000e+04 2.109950668036710830e-01 1.390532544378698110e-01 6.879836140191170069e-01 1.696631770596267741e-01 3.299954483386436255e-03 0.000000000000000000e+00
5.300000000000000000e+04 2.119950434235937653e-01 1.338188438780154865e-01 6.917387346381429492e-01 1.682976786527082269e-01 6.144742831133363434e-03 0.000000000000000000e+00
5.325000000000000000e+04 2.129950200435164476e-01 1.271051433773327244e-01 7.009558488848429691e-01 1.688666363222576239e-01 3.072371415566681717e-03 0.000000000000000000e+00
5.350000000000000000e+04 2.139949966634389078e-01 1.305188893946290507e-01 6.977696859353663683e-01 1.686390532544378706e-01 3.072371415566681717e-03 0.000000000000000000e+00
5.375000000000000000e+04 2.149949732833615901e-01 1.187983614019117035e-01 7.091488393263540857e-01 1.692080109239872676e-01 2.844788347746927612e-03 0.000000000000000000e+00
5.400000000000000000e+04 2.159949499032842724e-01 1.222121074192080159e-01 7.108557123350022211e-01 1.640873918980427781e-01 2.844788347746927612e-03 0.000000000000000000e+00
5.425000000000000000e+04 2.169949265232069546e-01 1.136777423759672279e-01 7.150659990896677254e-01 1.678425125170687204e-01 3.413746017296313308e-03 0.000000000000000000e+00
5.450000000000000000e+04 2.179949031431294149e-01 1.153846153846153910e-01 7.190487027765134487e-01 1.630632680928539024e-01 2.503413746017296455e-03 0.000000000000000000e+00
5.475000000000000000e+04 2.189948797630520971e-01 1.150432407828857473e-01 7.206417842512516936e-01 1.623805188893946427e-01 1.934456076467910759e-03 0.000000000000000000e+00
5.500000000000000000e+04 2.199948563829747794e-01 1.153846153846153910e-01 7.216659080564405970e-01 1.606736458807464796e-01 2.275830678197541916e-03 0.000000000000000000e+00
5.525000000000000000e+04 2.209948330028972396e-01 1.141329085116067343e-01 7.184797451069639962e-01 1.648839326354119283e-01 2.503413746017296455e-03 0.000000000000000000e+00
5.550000000000000000e+04 2.219948096228199219e-01 1.160673645880746507e-01 7.125625853436504675e-01 1.684114701866181174e-01 2.958579881656804664e-03 0.000000000000000000e+00
5.575000000000000000e+04 2.229947862427426042e-01 1.128812016385980915e-01 7.251934456076467583e-01 1.598771051433773294e-01 2.048247610377787811e-03 0.000000000000000000e+00
5.600000000000000000e+04 2.239947628626650644e-01 1.124260355029585851e-01 7.242831133363677454e-01 1.614701866181156020e-01 1.820664542558033706e-03 0.000000000000000000e+00
5.625000000000000000e+04 2.249947394825877467e-01 1.124260355029585851e-01 7.266727355484752238e-01 1.585116067364588099e-01 2.389622212107419402e-03 0.000000000000000000e+00
5.650000000000000000e+04 2.259947161025104290e-01 1.164087391898042806e-01 7.249658625398270884e-01 1.570323167956304000e-01 1.593081474738279385e-03 0.000000000000000000e+00
5.675000000000000000e+04 2.269946927224328892e-01 1.144742831133363642e-01 7.270141101502047842e-01 1.579426490669094130e-01 5.689576695493854790e-04 0.000000000000000000e+00
