# itime ezz other fcc hcp bcc ico
0.000000000000000000e+00 0.000000000000000000e+00 0.000000000000000000e+00 1.000000000000000000e+00 0.000000000000000000e+00 0.000000000000000000e+00 0.000000000000000000e+00
2.500000000000000000e+01 9.999933174287267690e-04 0.000000000000000000e+00 1.000000000000000000e+00 0.000000000000000000e+00 0.000000000000000000e+00 0.000000000000000000e+00
5.000000000000000000e+01 1.999986634857675583e-03 0.000000000000000000e+00 1.000000000000000000e+00 0.000000000000000000e+00 0.000000000000000000e+00 0.000000000000000000e+00
7.500000000000000000e+01 2.999979952286402352e-03 0.000000000000000000e+00 1.000000000000000000e+00 0.000000000000000000e+00 0.000000000000000000e+00 0.000000000000000000e+00
1.000000000000000000e+02 3.999973269715129121e-03 0.000000000000000000e+00 1.000000000000000000e+00 0.000000000000000000e+00 0.000000000000000000e+00 0.000000000000000000e+00
1.250000000000000000e+02 4.999966587144077934e-03 0.000000000000000000e+00 1.000000000000000000e+00 0.000000000000000000e+00 0.000000000000000000e+00 0.000000000000000000e+00
1.500000000000000000e+02 5.999959904572804703e-03 0.000000000000000000e+00 1.000000000000000000e+00 0.000000000000000000e+00 0.000000000000000000e+00 0.000000000000000000e+00
1.750000000000000000e+02 6.999953222001531472e-03 0.000000000000000000e+00 1.000000000000000000e+00 0.000000000000000000e+00 0.000000000000000000e+00 0.000000000000000000e+00
2.000000000000000000e+02 7.999946539430480286e-03 0.000000000000000000e+00 1.000000000000000000e+00 0.000000000000000000e+00 0.000000000000000000e+00 0.000000000000000000e+00
2.250000000000000000e+02 8.999939856859207055e-03 0.000000000000000000e+00 1.000000000000000000e+00 0.000000000000000000e+00 0.000000000000000000e+00 0.000000000000000000e+00
2.500000000000000000e+02 9.999933174287933824e-03 0.000000000000000000e+00 1.000000000000000000e+00 0.000000000000000000e+00 0.000000000000000000e+00 0.000000000000000000e+00
2.750000000000000000e+02 1.099992649171688264e-02 0.000000000000000000e+00 1.000000000000000000e+00 0.000000000000000000e+00 0.000000000000000000e+00 0.000000000000000000e+00
3.000000000000000000e+02 1.199991980914560941e-02 0.000000000000000000e+00 1.000000000000000000e+00 0.000000000000000000e+00 0.000000000000000000e+00 0.000000000000000000e+00
3.250000000000000000e+02 1.299991312657433618e-02 0.000000000000000000e+00 1.000000000000000000e+00 0.000000000000000000e+00 0.000000000000000000e+00 0.000000000000000000e+00
3.500000000000000000e+02 1.399990644400328499e-02 0.000000000000000000e+00 1.000000000000000000e+00 0.000000000000000000e+00 0.000000000000000000e+00 0.000000000000000000e+00
3.750000000000000000e+02 1.499989976143201176e-02 0.000000000000000000e+00 1.000000000000000000e+00 0.000000000000000000e+00 0.000000000000000000e+00 0.000000000000000000e+00
4.000000000000000000e+02 1.599989307886073853e-02 0.000000000000000000e+00 1.000000000000000000e+00 0.000000000000000000e+00 0.000000000000000000e+00 0.000000000000000000e+00
4.250000000000000000e+02 1.699988639628968734e-02 0.000000000000000000e+00 1.000000000000000000e+00 0.000000000000000000e+00 0.000000000000000000e+00 0.000000000000000000e+00
4.500000000000000000e+02 1.799987971371841411e-02 0.000000000000000000e+00 1.000000000000000000e+00 0.000000000000000000e+00 0.000000000000000000e+00 0.000000000000000000e+00
4.750000000000000000e+02 1.899987303114714088e-02 0.000000000000000000e+00 1.000000000000000000e+00 0.000000000000000000e+00 0.000000000000000000e+00 0.000000000000000000e+00
5.000000000000000000e+02 1.999986634857608969e-02 0.000000000000000000e+00 1.000000000000000000e+00 0.000000000000000000e+00 0.000000000000000000e+00 0.000000000000000000e+00
5.250000000000000000e+02 2.099985966600481646e-02 0.000000000000000000e+00 1.000000000000000000e+00 0.000000000000000000e+00 0.000000000000000000e+00 0.000000000000000000e+00
5.500000000000000000e+02 2.199985298343354323e-02 0.000000000000000000e+00 1.000000000000000000e+00 0.000000000000000000e+00 0.000000000000000000e+00 0.000000000000000000e+00
5.750000000000000000e+02 2.299984630086249204e-02 0.000000000000000000e+00 1.000000000000000000e+00 0.000000000000000000e+00 0.000000000000000000e+00 0.000000000000000000e+00
6.000000000000000000e+02 2.399983961829121881e-02 0.000000000000000000e+00 1.000000000000000000e+00 0.000000000000000000e+00 0.000000000000000000e+00 0.000000000000000000e+00
6.250000000000000000e+02 2.499983293571994558e-02 0.000000000000000000e+00 1.000000000000000000e+00 0.000000000000000000e+00 0.000000000000000000e+00 0.000000000000000000e+00
6.500000000000000000e+02 2.599982625314889439e-02 0.000000000000000000e+00 1.000000000000000000e+00 0.000000000000000000e+00 0.000000000000000000e+00 0.000000000000000000e+00
6.750000000000000000e+02 2.699981957057762116e-02 0.000000000000000000e+00 1.000000000000000000e+00 0.000000000000000000e+00 0.000000000000000000e+00 0.000000000000000000e+00
7.000000000000000000e+02 2.799981288800634793e-02 0.000000000000000000e+00 1.000000000000000000e+00 0.000000000000000000e+00 0.000000000000000000e+00 0.000000000000000000e+00
7.250000000000000000e+02 2.899980620543529675e-02 0.000000000000000000e+00 1.000000000000000000e+00 0.000000000000000000e+00 0.000000000000000000e+00 0.000000000000000000e+00
7.500000000000000000e+02 2.999979952286402352e-02 0.000000000000000000e+00 1.000000000000000000e+00 0.000000000000000000e+00 0.000000000000000000e+00 0.000000000000000000e+00
7.750000000000000000e+02 3.099979284029275028e-02 0.000000000000000000e+00 1.000000000000000000e+00 0.000000000000000000e+00 0.000000000000000000e+00 0.000000000000000000e+00
8.000000000000000000e+02 3.199978615772169910e-02 0.000000000000000000e+00 1.000000000000000000e+00 0.000000000000000000e+00 0.000000000000000000e+00 0.000000000000000000e+00
8.250000000000000000e+02 3.299977947515042587e-02 0.000000000000000000e+00 1.000000000000000000e+00 0.000000000000000000e+00 0.000000000000000000e+00 0.000000000000000000e+00
8.500000000000000000e+02 3.399977279257915264e-02 0.000000000000000000e+00 1.000000000000000000e+00 0.000000000000000000e+00 0.000000000000000000e+00 0.000000000000000000e+00
8.750000000000000000e+02 3.499976611000810145e-02 0.000000000000000000e+00 1.000000000000000000e+00 0.000000000000000000e+00 0.000000000000000000e+00 0.000000000000000000e+00
9.000000000000000000e+02 3.599975942743682822e-02 0.000000000000000000e+00 1.000000000000000000e+00 0.000000000000000000e+00 0.000000000000000000e+00 0.000000000000000000e+00
9.250000000000000000e+02 3.699975274486555499e-02 0.000000000000000000e+00 1.000000000000000000e+00 0.000000000000000000e+00 0.000000000000000000e+00 0.000000000000000000e+00
9.500000000000000000e+02 3.799974606229450380e-02 0.000000000000000000e+00 1.000000000000000000e+00 0.000000000000000000e+00 0.000000000000000000e+00 0.000000000000000000e+00
9.750000000000000000e+02 3.899973937972323057e-02 0.000000000000000000e+00 1.000000000000000000e+00 0.000000000000000000e+00 0.000000000000000000e+00 0.000000000000000000e+00
1.000000000000000000e+03 3.999973269715217938e-02 0.000000000000000000e+00 1.000000000000000000e+00 0.000000000000000000e+00 0.000000000000000000e+00 0.000000000000000000e+00
1.025000000000000000e+03 4.099972601458090615e-02 0.000000000000000000e+00 1.000000000000000000e+00 0.000000000000000000e+00 0.000000000000000000e+00 0.000000000000000000e+00
1.050000000000000000e+03 4.199971933200963292e-02 0.000000000000000000e+00 1.000000000000000000e+00 0.000000000000000000e+00 0.000000000000000000e+00 0.000000000000000000e+00
1.075000000000000000e+03 4.299971264943858174e-02 0.000000000000000000e+00 1.000000000000000000e+00 0.000000000000000000e+00 0.000000000000000000e+00 0.000000000000000000e+00
1.100000000000000000e+03 4.399970596686730850e-02 0.000000000000000000e+00 1.000000000000000000e+00 0.000000000000000000e+00 0.000000000000000000e+00 0.000000000000000000e+00
1.125000000000000000e+03 4.499969928429603527e-02 0.000000000000000000e+00 1.000000000000000000e+00 0.000000000000000000e+00 0.000000000000000000e+00 0.000000000000000000e+00
1.150000000000000000e+03 4.599969260172498409e-02 0.000000000000000000e+00 1.000000000000000000e+00 0.000000000000000000e+00 0.000000000000000000e+00 0.000000000000000000e+00
1.175000000000000000e+03 4.699968591915371086e-02 0.000000000000000000e+00 1.000000000000000000e+00 0.000000000000000000e+00 0.000000000000000000e+00 0.000000000000000000e+00
1.200000000000000000e+03 4.799967923658243762e-02 0.000000000000000000e+00 1.000000000000000000e+00 0.000000000000000000e+00 0.000000000000000000e+00 0.000000000000000000e+00
1.225000000000000000e+03 4.899967255401138644e-02 0.000000000000000000e+00 1.000000000000000000e+00 0.000000000000000000e+00 0.000000000000000000e+00 0.000000000000000000e+00
1.250000000000000000e+03 4.999966587144011321e-02 0.000000000000000000e+00 1.000000000000000000e+00 0.000000000000000000e+00 0.000000000000000000e+00 0.000000000000000000e+00
1.275000000000000000e+03 5.099965918886883998e-02 0.000000000000000000e+00 1.000000000000000000e+00 0.000000000000000000e+00 0.000000000000000000e+00 0.000000000000000000e+00
1.300000000000000000e+03 5.199965250629778879e-02 0.000000000000000000e+00 1.000000000000000000e+00 0.000000000000000000e+00 0.000000000000000000e+00 0.000000000000000000e+00
1.325000000000000000e+03 5.299964582372651556e-02 0.000000000000000000e+00 1.000000000000000000e+00 0.000000000000000000e+00 0.000000000000000000e+00 0.000000000000000000e+00
1.350000000000000000e+03 5.399963914115524233e-02 0.000000000000000000e+00 1.000000000000000000e+00 0.000000000000000000e+00 0.000000000000000000e+00 0.000000000000000000e+00
1.375000000000000000e+03 5.499963245858419114e-02 0.000000000000000000e+00 1.000000000000000000e+00 0.000000000000000000e+00 0.000000000000000000e+00 0.000000000000000000e+00
1.400000000000000000e+03 5.599962577601291791e-02 0.000000000000000000e+00 1.000000000000000000e+00 0.000000000000000000e+00 0.000000000000000000e+00 0.000000000000000000e+00
1.425000000000000000e+03 5.699961909344164468e-02 0.000000000000000000e+00 1.000000000000000000e+00 0.000000000000000000e+00 0.000000000000000000e+00 0.000000000000000000e+00
1.450000000000000000e+03 5.799961241087059349e-02 4.551661356395084266e-04 9.995448338643604380e-01 0.000000000000000000e+00 0.000000000000000000e+00 0.000000000000000000e+00
1.475000000000000000e+03 5.899960572829932026e-02 0.000000000000000000e+00 1.000000000000000000e+00 0.000000000000000000e+00 0.000000000000000000e+00 0.000000000000000000e+00
1.500000000000000000e+03 5.999959904572804703e-02 0.000000000000000000e+00 1.000000000000000000e+00 0.000000000000000000e+00 0.000000000000000000e+00 0.000000000000000000e+00
1.525000000000000000e+03 6.099959236315699584e-02 0.000000000000000000e+00 1.000000000000000000e+00 0.000000000000000000e+00 0.000000000000000000e+00 0.000000000000000000e+00
1.550000000000000000e+03 6.199958568058572261e-02 0.000000000000000000e+00 1.000000000000000000e+00 0.000000000000000000e+00 0.000000000000000000e+00 0.000000000000000000e+00
1.575000000000000000e+03 6.299957899801444938e-02 0.000000000000000000e+00 1.000000000000000000e+00 0.000000000000000000e+00 0.000000000000000000e+00 0.000000000000000000e+00
1.600000000000000000e+03 6.399957231544339820e-02 4.551661356395084266e-04 9.995448338643604380e-01 0.000000000000000000e+00 0.000000000000000000e+00 0.000000000000000000e+00
1.625000000000000000e+03 6.499956563287212497e-02 0.000000000000000000e+00 1.000000000000000000e+00 0.000000000000000000e+00 0.000000000000000000e+00 0.000000000000000000e+00
1.650000000000000000e+03 6.599955895030085173e-02 0.000000000000000000e+00 1.000000000000000000e+00 0.000000000000000000e+00 0.000000000000000000e+00 0.000000000000000000e+00
1.675000000000000000e+03 6.699955226772980055e-02 0.000000000000000000e+00 1.000000000000000000e+00 0.000000000000000000e+00 0.000000000000000000e+00 0.000000000000000000e+00
1.700000000000000000e+03 6.799954558515852732e-02 0.000000000000000000e+00 1.000000000000000000e+00 0.000000000000000000e+00 0.000000000000000000e+00 0.000000000000000000e+00
1.725000000000000000e+03 6.899953890258725409e-02 2.275830678197542133e-04 9.997724169321802190e-01 0.000000000000000000e+00 0.000000000000000000e+00 0.000000000000000000e+00
1.750000000000000000e+03 6.999953222001620290e-02 0.000000000000000000e+00 1.000000000000000000e+00 0.000000000000000000e+00 0.000000000000000000e+00 0.000000000000000000e+00
1.775000000000000000e+03 7.099952553744492967e-02 0.000000000000000000e+00 1.000000000000000000e+00 0.000000000000000000e+00 0.000000000000000000e+00 0.000000000000000000e+00
1.800000000000000000e+03 7.199951885487365644e-02 1.137915339098771066e-04 9.998862084660901095e-01 0.000000000000000000e+00 0.000000000000000000e+00 0.000000000000000000e+00
1.825000000000000000e+03 7.299951217230260525e-02 0.000000000000000000e+00 1.000000000000000000e+00 0.000000000000000000e+00 0.000000000000000000e+00 0.000000000000000000e+00
1.850000000000000000e+03 7.399950548973133202e-02 0.000000000000000000e+00 1.000000000000000000e+00 0.000000000000000000e+00 0.000000000000000000e+00 0.000000000000000000e+00
1.875000000000000000e+03 7.499949880716005879e-02 0.000000000000000000e+00 1.000000000000000000e+00 0.000000000000000000e+00 0.000000000000000000e+00 0.000000000000000000e+00
1.900000000000000000e+03 7.599949212458900760e-02 0.000000000000000000e+00 1.000000000000000000e+00 0.000000000000000000e+00 0.000000000000000000e+00 0.000000000000000000e+00
1.925000000000000000e+03 7.699948544201773437e-02 2.275830678197542133e-04 9.997724169321802190e-01 0.000000000000000000e+00 0.000000000000000000e+00 0.000000000000000000e+00
1.950000000000000000e+03 7.799947875944646114e-02 0.000000000000000000e+00 1.000000000000000000e+00 0.000000000000000000e+00 0.000000000000000000e+00 0.000000000000000000e+00
1.975000000000000000e+03 7.899947207687540995e-02 2.275830678197542133e-04 9.997724169321802190e-01 0.000000000000000000e+00 0.000000000000000000e+00 0.000000000000000000e+00
2.000000000000000000e+03 7.999946539430413672e-02 0.000000000000000000e+00 1.000000000000000000e+00 0.000000000000000000e+00 0.000000000000000000e+00 0.000000000000000000e+00
2.025000000000000000e+03 8.099945871173286349e-02 0.000000000000000000e+00 1.000000000000000000e+00 0.000000000000000000e+00 0.000000000000000000e+00 0.000000000000000000e+00
2.050000000000000000e+03 8.199945202916181231e-02 3.413746017296313199e-04 9.996586253982703285e-01 0.000000000000000000e+00 0.000000000000000000e+00 0.000000000000000000e+00
2.075000000000000000e+03 8.299944534659053907e-02 1.137915339098771066e-04 9.998862084660901095e-01 0.000000000000000000e+00 0.000000000000000000e+00 0.000000000000000000e+00
2.100000000000000000e+03 8.399943866401926584e-02 1.137915339098771066e-04 9.998862084660901095e-01 0.000000000000000000e+00 0.000000000000000000e+00 0.000000000000000000e+00
2.125000000000000000e+03 8.499943198144821466e-02 4.551661356395084266e-04 9.995448338643604380e-01 0.000000000000000000e+00 0.000000000000000000e+00 0.000000000000000000e+00
2.150000000000000000e+03 8.599942529887694143e-02 4.551661356395084266e-04 9.995448338643604380e-01 0.000000000000000000e+00 0.000000000000000000e+00 0.000000000000000000e+00
2.175000000000000000e+03 8.699941861630566819e-02 4.551661356395084266e-04 9.995448338643604380e-01 0.000000000000000000e+00 0.000000000000000000e+00 0.000000000000000000e+00
2.200000000000000000e+03 8.799941193373461701e-02 5.689576695493854790e-04 9.993172507965407680e-01 0.000000000000000000e+00 1.137915339098771066e-04 0.000000000000000000e+00
2.225000000000000000e+03 8.899940525116334378e-02 4.551661356395084266e-04 9.995448338643604380e-01 0.000000000000000000e+00 0.000000000000000000e+00 0.000000000000000000e+00
2.250000000000000000e+03 8.999939856859207055e-02 2.275830678197542133e-04 9.997724169321802190e-01 0.000000000000000000e+00 0.000000000000000000e+00 0.000000000000000000e+00
2.275000000000000000e+03 9.099939188602101936e-02 6.827492034592626399e-04 9.993172507965407680e-01 0.000000000000000000e+00 0.000000000000000000e+00 0.000000000000000000e+00
2.300000000000000000e+03 9.199938520344974613e-02 5.689576695493854790e-04 9.994310423304506585e-01 0.000000000000000000e+00 0.000000000000000000e+00 0.000000000000000000e+00
2.325000000000000000e+03 9.299937852087847290e-02 1.137915339098770958e-03 9.987482931269913156e-01 0.000000000000000000e+00 1.137915339098771066e-04 0.000000000000000000e+00
2.350000000000000000e+03 9.399937183830742171e-02 1.479289940828402332e-03 9.984069185252617551e-01 0.000000000000000000e+00 1.137915339098771066e-04 0.000000000000000000e+00
2.375000000000000000e+03 9.499936515573614848e-02 2.389622212107419402e-03 9.973827947200728516e-01 0.000000000000000000e+00 2.275830678197542133e-04 0.000000000000000000e+00
2.400000000000000000e+03 9.599935847316487525e-02 1.479289940828402332e-03 9.985207100591716456e-01 0.000000000000000000e+00 0.000000000000000000e+00 0.000000000000000000e+00
2.425000000000000000e+03 9.699935179059382406e-02 1.479289940828402332e-03 9.985207100591716456e-01 0.000000000000000000e+00 0.000000000000000000e+00 0.000000000000000000e+00
2.450000000000000000e+03 9.799934510802255083e-02 2.275830678197541916e-03 9.976103777878926326e-01 0.000000000000000000e+00 1.137915339098771066e-04 0.000000000000000000e+00
2.475000000000000000e+03 9.899933842545127760e-02 1.024123805188893906e-03 9.989758761948110966e-01 0.000000000000000000e+00 0.000000000000000000e+00 0.000000000000000000e+00
2.500000000000000000e+03 9.999933174288022641e-02 9.103322712790168532e-04 9.989758761948110966e-01 0.000000000000000000e+00 1.137915339098771066e-04 0.000000000000000000e+00
2.525000000000000000e+03 1.009993250603089532e-01 1.365498406918525280e-03 9.984069185252617551e-01 0.000000000000000000e+00 2.275830678197542133e-04 0.000000000000000000e+00
2.550000000000000000e+03 1.019993183777376800e-01 2.958579881656804664e-03 9.970414201183431802e-01 0.000000000000000000e+00 0.000000000000000000e+00 0.000000000000000000e+00
2.575000000000000000e+03 1.029993116951666288e-01 3.868912152935821518e-03 9.961310878470641672e-01 0.000000000000000000e+00 0.000000000000000000e+00 0.000000000000000000e+00
2.600000000000000000e+03 1.039993050125953555e-01 3.755120619025944465e-03 9.962448793809740577e-01 0.000000000000000000e+00 0.000000000000000000e+00 0.000000000000000000e+00
2.625000000000000000e+03 1.049992983300240823e-01 4.210286754665453109e-03 9.953345471096950448e-01 0.000000000000000000e+00 4.551661356395084266e-04 0.000000000000000000e+00
2.650000000000000000e+03 1.059992916474530311e-01 4.096495220755575623e-03 9.954483386436049352e-01 0.000000000000000000e+00 4.551661356395084266e-04 0.000000000000000000e+00
2.675000000000000000e+03 1.069992849648817579e-01 6.827492034592626616e-03 9.926035502958580059e-01 0.000000000000000000e+00 5.689576695493854790e-04 0.000000000000000000e+00
2.700000000000000000e+03 1.079992782823104847e-01 7.624032771961766417e-03 9.921483841602184439e-01 0.000000000000000000e+00 2.275830678197542133e-04 0.000000000000000000e+00
2.725000000000000000e+03 1.089992715997394335e-01 6.599908966772872511e-03 9.930587164314974569e-01 0.000000000000000000e+00 3.413746017296313199e-04 0.000000000000000000e+00
2.750000000000000000e+03 1.099992649171681602e-01 8.420573509330906217e-03 9.913518434228493215e-01 0.000000000000000000e+00 2.275830678197542133e-04 0.000000000000000000e+00
2.775000000000000000e+03 1.109992582345968870e-01 1.354119253527537488e-02 9.850933090578061213e-01 0.000000000000000000e+00 1.365498406918525280e-03 0.000000000000000000e+00
2.800000000000000000e+03 1.119992515520258358e-01 1.411015020482476144e-02 9.841829767865271084e-01 0.000000000000000000e+00 1.706873008648156654e-03 0.000000000000000000e+00
2.825000000000000000e+03 1.129992448694545626e-01 1.319981793354574502e-02 9.855484751934455723e-01 0.000000000000000000e+00 1.251706873008648227e-03 0.000000000000000000e+00
2.850000000000000000e+03 1.139992381868835114e-01 2.127901684114701791e-02 9.758761948111061013e-01 0.000000000000000000e+00 2.844788347746927612e-03 0.000000000000000000e+00
2.875000000000000000e+03 1.149992315043122382e-01 2.366863905325443732e-02 9.730314064633591720e-01 0.000000000000000000e+00 3.299954483386436255e-03 0.000000000000000000e+00
2.900000000000000000e+03 1.159992248217409649e-01 2.594446973145198010e-02 9.692762858443332297e-01 0.000000000000000000e+00 4.779244424214838804e-03 0.000000000000000000e+00
2.925000000000000000e+03 1.169992181391699138e-01 3.812016385980882688e-02 9.543695949021392400e-01 0.000000000000000000e+00 7.510241238051888930e-03 0.000000000000000000e+00
2.950000000000000000e+03 1.179992114565986405e-01 3.959945380063722986e-02 9.478834774692762588e-01 0.000000000000000000e+00 1.251706873008648184e-02 0.000000000000000000e+00
2.975000000000000000e+03 1.189992047740273673e-01 5.598543468365953235e-02 9.149977241693217911e-01 0.000000000000000000e+00 2.901684114701866268e-02 0.000000000000000000e+00
3.000000000000000000e+03 1.199991980914563161e-01 7.976786527082385669e-02 8.522985889849795660e-01 0.000000000000000000e+00 6.793354574419663283e-02 0.000000000000000000e+00
3.025000000000000000e+03 1.209991914088850429e-01 1.101502048247610388e-01 7.583067819754210070e-01 0.000000000000000000e+00 1.315430131998179264e-01 0.000000000000000000e+00
3.050000000000000000e+03 1.219991847263137696e-01 1.743286299499317293e-01 5.886436049157942607e-01 0.000000000000000000e+00 2.370277651342740100e-01 0.000000000000000000e+00
3.075000000000000000e+03 1.229991780437427185e-01 2.239417387346381294e-01 4.209148839326354308e-01 1.137915339098771066e-04 3.550295857988165493e-01 0.000000000000000000e+00
3.100000000000000000e+03 1.239991713611714452e-01 2.950614474283113076e-01 2.500000000000000000e-01 0.000000000000000000e+00 4.549385525716886924e-01 0.000000000000000000e+00
3.125000000000000000e+03 1.249991646786001720e-01 3.486572598998634587e-01 1.548702776513427304e-01 2.275830678197542133e-04 4.962448793809740577e-01 0.000000000000000000e+00
3.150000000000000000e+03 1.259991579960291208e-01 3.533227127901684139e-01 1.319981793354574329e-01 1.137915339098771066e-04 5.145653163404643182e-01 0.000000000000000000e+00
3.175000000000000000e+03 1.269991513134578476e-01 3.324988620846608955e-01 1.537323623122439642e-01 0.000000000000000000e+00 5.137687756030950847e-01 0.000000000000000000e+00
3.200000000000000000e+03 1.279991446308865743e-01 3.434228493400091065e-01 1.477014110150204895e-01 0.000000000000000000e+00 5.088757396449704595e-01 0.000000000000000000e+00
3.225000000000000000e+03 1.289991379483155232e-01 3.532089212562585234e-01 1.323395539371870766e-01 1.137915339098771066e-04 5.143377332726445372e-01 0.000000000000000000e+00
3.250000000000000000e+03 1.299991312657442499e-01 3.225989986345015881e-01 1.399635867091488517e-01 1.820664542558033706e-03 5.356167501137915066e-01 0.000000000000000000e+00
3.275000000000000000e+03 1.309991245831729767e-01 2.862994993172507940e-01 1.461083295402822169e-01 4.665452890304961318e-03 5.629267182521620061e-01 0.000000000000000000e+00
3.300000000000000000e+03 1.319991179006019255e-01 2.584205735093308975e-01 1.341602184797451025e-01 1.524806554392353283e-02 5.921711424670004220e-01 0.000000000000000000e+00
3.325000000000000000e+03 1.329991112180306523e-01 2.631998179335457433e-01 1.192535275375512099e-01 3.106508875739644876e-02 5.864815657715065633e-01 0.000000000000000000e+00
3.350000000000000000e+03 1.339991045354593791e-01 2.809512972234865513e-01 1.305188893946290507e-01 5.507510241238051940e-02 5.334547109695039202e-01 0.000000000000000000e+00
3.375000000000000000e+03 1.349990978528883279e-01 3.105370960400546387e-01 1.464497041420118328e-01 8.921256258534364381e-02 4.538006372325898985e-01 0.000000000000000000e+00
3.400000000000000000e+03 1.359990911703170546e-01 3.384160218479745352e-01 1.676149294492489672e-01 1.286982248520709970e-01 3.652708238507055283e-01 0.000000000000000000e+00
3.425000000000000000e+03 1.369990844877457814e-01 3.538916704597178109e-01 1.959490213928083702e-01 1.612426035502958488e-01 2.889167045971779424e-01 0.000000000000000000e+00
3.450000000000000000e+03 1.379990778051747302e-01 3.790395994538006130e-01 2.200728265817023244e-01 1.838871187983613931e-01 2.170004551661356418e-01 0.000000000000000000e+00
3.475000000000000000e+03 1.389990711226034570e-01 3.674328629949931702e-01 2.398725534820209393e-01 1.961766044606281234e-01 1.965179790623577671e-01 0.000000000000000000e+00
3.500000000000000000e+03 1.399990644400321838e-01 3.637915339098771184e-01 2.536413290851160518e-01 2.034592626308602548e-01 1.791078743741465751e-01 0.000000000000000000e+00
3.525000000000000000e+03 1.409990577574611326e-01 3.645880746472462408e-01 2.686618115612198210e-01 2.084660901228948537e-01 1.582840236686390567e-01 0.000000000000000000e+00
3.550000000000000000e+03 1.419990510748898593e-01 3.650432407828857473e-01 2.660446062812926726e-01 2.066454255803368278e-01 1.622667273554847522e-01 0.000000000000000000e+00
3.575000000000000000e+03 1.429990443923185861e-01 3.568502503413745752e-01 2.733272644515248317e-01 2.135867091488393155e-01 1.562357760582612776e-01 0.000000000000000000e+00
3.600000000000000000e+03 1.439990377097475349e-01 3.594674556213017791e-01 2.732134729176149412e-01 2.140418752844788219e-01 1.532771961766044577e-01 0.000000000000000000e+00
3.625000000000000000e+03 1.449990310271762617e-01 3.546882111970869333e-01 2.765134274010013771e-01 2.217796995903504875e-01 1.470186618115612298e-01 0.000000000000000000e+00
3.650000000000000000e+03 1.459990243446049885e-01 3.504779244424214846e-01 2.917614929449248717e-01 2.339553937187073274e-01 1.238051888939462886e-01 0.000000000000000000e+00
3.675000000000000000e+03 1.469990176620339373e-01 3.538916704597178109e-01 3.008648156577150568e-01 2.390760127446517891e-01 1.061675011379153433e-01 0.000000000000000000e+00
3.700000000000000000e+03 1.479990109794626640e-01 3.602639963586709015e-01 3.079198907601274349e-01 2.429449248975876219e-01 8.887118798361401395e-02 0.000000000000000000e+00
3.725000000000000000e+03 1.489990042968913908e-01 3.640191169776968438e-01 3.107646791078743642e-01 2.381656804733727761e-01 8.705052344105598805e-02 0.000000000000000000e+00
3.750000000000000000e+03 1.499989976143203396e-01 3.639053254437870089e-01 3.158852981338188259e-01 2.374829312699135164e-01 8.272644515248064878e-02 0.000000000000000000e+00
3.775000000000000000e+03 1.509989909317490664e-01 3.504779244424214846e-01 3.222576240327719721e-01 2.418070095584888557e-01 8.545744196631770151e-02 0.000000000000000000e+00
3.800000000000000000e+03 1.519989842491777932e-01 3.559399180700955623e-01 3.246472462448793950e-01 2.468138370505234547e-01 7.259899863450158808e-02 0.000000000000000000e+00
3.825000000000000000e+03 1.529989775666067420e-01 3.588984979517523821e-01 3.309057806099225951e-01 2.521620391442876419e-01 5.803368229403732537e-02 0.000000000000000000e+00
3.850000000000000000e+03 1.539989708840354687e-01 3.624260355029585989e-01 3.347746927628584279e-01 2.513654984069185194e-01 5.143377332726445372e-02 0.000000000000000000e+00
3.875000000000000000e+03 1.549989642014641955e-01 3.489986345015930747e-01 3.380746472462448637e-01 2.584205735093308975e-01 5.450614474283113631e-02 0.000000000000000000e+00
3.900000000000000000e+03 1.559989575188931443e-01 3.509330905780609910e-01 3.420573509330905870e-01 2.571688666363222686e-01 4.984069185252617412e-02 0.000000000000000000e+00
3.925000000000000000e+03 1.569989508363218711e-01 3.512744651797906070e-01 3.421711424670004775e-01 2.591033227127901850e-01 4.745106964041875125e-02 0.000000000000000000e+00
3.950000000000000000e+03 1.579989441537505979e-01 3.545744196631770428e-01 3.400091033227127801e-01 2.564861174328629811e-01 4.893035958124715423e-02 0.000000000000000000e+00
3.975000000000000000e+03 1.589989374711795467e-01 3.476331360946745552e-01 3.402366863905325611e-01 2.592171142467000200e-01 5.291306326809285671e-02 0.000000000000000000e+00
4.000000000000000000e+03 1.599989307886082734e-01 3.617432862994993115e-01 3.360263996358671124e-01 2.539827036868457233e-01 4.824761037778789452e-02 0.000000000000000000e+00
4.025000000000000000e+03 1.609989241060370002e-01 3.621984524351388179e-01 3.369367319071461253e-01 2.552344105598543522e-01 4.563040509786071841e-02 0.000000000000000000e+00
4.050000000000000000e+03 1.619989174234659490e-01 3.595812471552116696e-01 3.388711879836140417e-01 2.559171597633135842e-01 4.563040509786071841e-02 0.000000000000000000e+00
4.075000000000000000e+03 1.629989107408946758e-01 3.525261720527992915e-01 3.414883932635411901e-01 2.592171142467000200e-01 4.676832043695949154e-02 0.000000000000000000e+00
4.100000000000000000e+03 1.639989040583234026e-01 3.590122894856622726e-01 3.393263541192535482e-01 2.594446973145198010e-01 4.221665908056440597e-02 0.000000000000000000e+00
4.125000000000000000e+03 1.649988973757523514e-01 3.532089212562585234e-01 3.386436049157942607e-01 2.618343195266272239e-01 4.631315430131998506e-02 0.000000000000000000e+00
4.150000000000000000e+03 1.659988906931810781e-01 3.639053254437870089e-01 3.328402366863905115e-01 2.611515703231679364e-01 4.210286754665452935e-02 0.000000000000000000e+00
4.175000000000000000e+03 1.669988840106098049e-01 3.577605826126536437e-01 3.356850250341374409e-01 2.601274465179790885e-01 4.642694583522986168e-02 0.000000000000000000e+00
4.200000000000000000e+03 1.679988773280387537e-01 3.591260810195721631e-01 3.377332726445152478e-01 2.571688666363222686e-01 4.597177969959034827e-02 0.000000000000000000e+00
4.225000000000000000e+03 1.689988706454674805e-01 3.576467910787437532e-01 3.344333181611288119e-01 2.596722803823395265e-01 4.824761037778789452e-02 0.000000000000000000e+00
4.250000000000000000e+03 1.699988639628962073e-01 3.617432862994993115e-01 3.313609467455621571e-01 2.618343195266272239e-01 4.506144742831133532e-02 0.000000000000000000e+00
4.275000000000000000e+03 1.709988572803251561e-01 3.614019116977696955e-01 3.335229858898497990e-01 2.645653163404642627e-01 4.050978607191624975e-02 0.000000000000000000e+00
4.300000000000000000e+03 1.719988505977538829e-01 3.650432407828857473e-01 3.304506144742830887e-01 2.596722803823395265e-01 4.483386436049158208e-02 0.000000000000000000e+00
4.325000000000000000e+03 1.729988439151826096e-01 3.672052799271734447e-01 3.305644060081929791e-01 2.578516158397815006e-01 4.437869822485206867e-02 0.000000000000000000e+00
4.350000000000000000e+03 1.739988372326115584e-01 3.720983158852981254e-01 3.281747837960855563e-01 2.570550751024123781e-01 4.267182521620391245e-02 0.000000000000000000e+00
4.375000000000000000e+03 1.749988305500402852e-01 3.720983158852981254e-01 3.285161583978152278e-01 2.583067819754210070e-01 4.107874374146563284e-02 0.000000000000000000e+00
4.400000000000000000e+03 1.759988238674690120e-01 3.740327719617660418e-01 3.328402366863905115e-01 2.572826581702321591e-01 3.584433318161128756e-02 0.000000000000000000e+00
4.425000000000000000e+03 1.769988171848979608e-01 3.690259444697314706e-01 3.331816112881201830e-01 2.554619936276740777e-01 4.233045061447428259e-02 0.000000000000000000e+00
4.450000000000000000e+03 1.779988105023266876e-01 3.741465634956759323e-01 3.295402822030040757e-01 2.556895766954938587e-01 4.062357760582612637e-02 0.000000000000000000e+00
4.475000000000000000e+03 1.789988038197554143e-01 3.786982248520709970e-01 3.286299499317250628e-01 2.490896677287209870e-01 4.358215748748293233e-02 0.000000000000000000e+00
4.500000000000000000e+03 1.799987971371843631e-01 3.791533909877105035e-01 3.265817023213473114e-01 2.485207100591715901e-01 4.574419663177059503e-02 0.000000000000000000e+00
4.525000000000000000e+03 1.809987904546130899e-01 3.842740100136549652e-01 3.231679563040509851e-01 2.497724169321802468e-01 4.278561675011378906e-02 0.000000000000000000e+00
4.550000000000000000e+03 1.819987837720418167e-01 3.850705507510241432e-01 3.251024123805189014e-01 2.471552116522530707e-01 4.267182521620391245e-02 0.000000000000000000e+00
4.575000000000000000e+03 1.829987770894707655e-01 3.850705507510241432e-01 3.241920801092398885e-01 2.479517523896222209e-01 4.278561675011378906e-02 0.000000000000000000e+00
4.600000000000000000e+03 1.839987704068994923e-01 3.889394629039599205e-01 3.233955393718707105e-01 2.485207100591715901e-01 3.914428766499772339e-02 0.000000000000000000e+00
4.625000000000000000e+03 1.849987637243282190e-01 3.899635867091488239e-01 3.237369139736003820e-01 2.476103777878925771e-01 3.868912152935821691e-02 0.000000000000000000e+00
4.650000000000000000e+03 1.859987570417571678e-01 3.925807919890760278e-01 3.251024123805189014e-01 2.436276741010468816e-01 3.868912152935821691e-02 0.000000000000000000e+00
4.675000000000000000e+03 1.869987503591858946e-01 3.963359126081019701e-01 3.251024123805189014e-01 2.383932635411925294e-01 4.016841147018661989e-02 0.000000000000000000e+00
4.700000000000000000e+03 1.879987436766146214e-01 3.932635411925352598e-01 3.240782885753299980e-01 2.436276741010468816e-01 3.903049613108784677e-02 0.000000000000000000e+00
4.725000000000000000e+03 1.889987369940435702e-01 3.977014110150204895e-01 3.247610377787892855e-01 2.410104688211197055e-01 3.652708238507055422e-02 0.000000000000000000e+00
4.750000000000000000e+03 1.899987303114722970e-01 3.922394173873463563e-01 3.274920345926263243e-01 2.391898042785616796e-01 4.107874374146563284e-02 0.000000000000000000e+00
4.775000000000000000e+03 1.909987236289012458e-01 4.040737369139735802e-01 3.228265817023213691e-01 2.341829767865270806e-01 3.891670459717797015e-02 0.000000000000000000e+00
4.800000000000000000e+03 1.919987169463299725e-01 4.021392808375056638e-01 3.205507510241237812e-01 2.317933545744196577e-01 4.551661356395084179e-02 0.000000000000000000e+00
4.825000000000000000e+03 1.929987102637586993e-01 4.037323623122439642e-01 3.216886663632225751e-01 2.295175238962221254e-01 4.506144742831133532e-02 0.000000000000000000e+00
4.850000000000000000e+03 1.939987035811876481e-01 4.083978152025489194e-01 3.190714610832954268e-01 2.273554847519344557e-01 4.517523896222121194e-02 0.000000000000000000e+00
4.875000000000000000e+03 1.949986968986163749e-01 4.123805188893946427e-01 3.195266272189349332e-01 2.238279472007282667e-01 4.426490669094219205e-02 0.000000000000000000e+00
4.900000000000000000e+03 1.959986902160451017e-01 4.099908966772872199e-01 3.173645880746472359e-01 2.254210286754665393e-01 4.722348657259899801e-02 0.000000000000000000e+00
4.925000000000000000e+03 1.969986835334740505e-01 4.072598998634501810e-01 3.181611288120163583e-01 2.316795630405097950e-01 4.289940828402366568e-02 0.000000000000000000e+00
4.950000000000000000e+03 1.979986768509027772e-01 4.129494765589440397e-01 3.195266272189349332e-01 2.321347291761493015e-01 3.538916704597178109e-02 0.000000000000000000e+00
4.975000000000000000e+03 1.989986701683315040e-01 4.122667273554847522e-01 3.211197086936731782e-01 2.305416477014110288e-01 3.607191624943104080e-02 0.000000000000000000e+00
5.000000000000000000e+03 1.999986634857604528e-01 4.159080564406008040e-01 3.157715065999089910e-01 2.319071461083295482e-01 3.641329085116067066e-02 0.000000000000000000e+00
5.025000000000000000e+03 2.009986568031891796e-01 4.104460628129267263e-01 3.158852981338188259e-01 2.355484751934456000e-01 3.812016385980882688e-02 0.000000000000000000e+00
5.050000000000000000e+03 2.019986501206179064e-01 4.118115612198452458e-01 3.175921711424670169e-01 2.289485662266727284e-01 4.164770141101502288e-02 0.000000000000000000e+00
5.075000000000000000e+03 2.029986434380468552e-01 4.149977241693217911e-01 3.173645880746472359e-01 2.296313154301319881e-01 3.800637232589895026e-02 0.000000000000000000e+00
5.100000000000000000e+03 2.039986367554755819e-01 4.170459717796995980e-01 3.152025489303595940e-01 2.281520254893036059e-01 3.959945380063722986e-02 0.000000000000000000e+00
5.125000000000000000e+03 2.049986300729043087e-01 4.221665908056440597e-01 3.139508420573509095e-01 2.246244879380974169e-01 3.925807919890760000e-02 0.000000000000000000e+00
5.150000000000000000e+03 2.059986233903332575e-01 4.223941738734638407e-01 3.131543013199817871e-01 2.234865725989986229e-01 4.096495220755575623e-02 0.000000000000000000e+00
5.175000000000000000e+03 2.069986167077619843e-01 4.287664997724169313e-01 3.112198452435138707e-01 2.188211197086936677e-01 4.119253527537550946e-02 0.000000000000000000e+00
5.200000000000000000e+03 2.079986100251907111e-01 4.272872098315885214e-01 3.081474738279472159e-01 2.222348657259899940e-01 4.233045061447428259e-02 0.000000000000000000e+00
5.225000000000000000e+03 2.089986033426196599e-01 4.225079654073736757e-01 3.165680473372781134e-01 2.223486572598998567e-01 3.857532999544834029e-02 0.000000000000000000e+00
5.250000000000000000e+03 2.099985966600483867e-01 4.292216659080564378e-01 3.104233045061447482e-01 2.187073281747838049e-01 4.164770141101502288e-02 0.000000000000000000e+00
5.275000000000000000e+03 2.109985899774771134e-01 4.308147473827947382e-01 3.144060081929904160e-01 2.143832498862084657e-01 4.039599453800637313e-02 0.000000000000000000e+00
5.300000000000000000e+03 2.119985832949060622e-01 4.280837505689576439e-01 3.172507965407373454e-01 2.172280382339553950e-01 3.743741465634956717e-02 0.000000000000000000e+00
5.325000000000000000e+03 2.129985766123347890e-01 4.295630405097860538e-01 3.189576695493855363e-01 2.159763313609467383e-01 3.550295857988165771e-02 0.000000000000000000e+00
5.350000000000000000e+03 2.139985699297635158e-01 4.251251706873008795e-01 3.167956304050978389e-01 2.208693673190714746e-01 3.720983158852981393e-02 0.000000000000000000e+00
5.375000000000000000e+03 2.149985632471924646e-01 4.276285844333181374e-01 3.181611288120163583e-01 2.162039144287664916e-01 3.800637232589895026e-02 0.000000000000000000e+00
5.400000000000000000e+03 2.159985565646211914e-01 4.326354119253527641e-01 3.161128812016386069e-01 2.127901684114701930e-01 3.846153846153846367e-02 0.000000000000000000e+00
5.425000000000000000e+03 2.169985498820499181e-01 4.365043240782885969e-01 3.132680928538916776e-01 2.131315430131998090e-01 3.709604005461993731e-02 0.000000000000000000e+00
5.450000000000000000e+03 2.179985431994788669e-01 4.406008192990441552e-01 3.109922621756941452e-01 2.123350022758306865e-01 3.607191624943104080e-02 0.000000000000000000e+00
5.475000000000000000e+03 2.189985365169075937e-01 4.394629039599453613e-01 3.088302230314064478e-01 2.155211652253072319e-01 3.618570778334091742e-02 0.000000000000000000e+00
5.500000000000000000e+03 2.199985298343363205e-01 4.393491124260355263e-01 3.095129722348657353e-01 2.173418297678652578e-01 3.379608557123350149e-02 0.000000000000000000e+00
5.525000000000000000e+03 2.209985231517652693e-01 4.369594902139281034e-01 3.106508875739644737e-01 2.174556213017751483e-01 3.493400091033227461e-02 0.000000000000000000e+00
5.550000000000000000e+03 2.219985164691939961e-01 4.346836595357305155e-01 3.131543013199817871e-01 2.204142011834319403e-01 3.174783796085571541e-02 0.000000000000000000e+00
5.575000000000000000e+03 2.229985097866227228e-01 4.402594446973145392e-01 3.078060992262175444e-01 2.204142011834319403e-01 3.152025489303595523e-02 0.000000000000000000e+00
5.600000000000000000e+03 2.239985031040516716e-01 4.378698224852071164e-01 3.106508875739644737e-01 2.200728265817023244e-01 3.140646335912607862e-02 0.000000000000000000e+00
5.625000000000000000e+03 2.249984964214803984e-01 4.361629494765589254e-01 3.088302230314064478e-01 2.216659080564405970e-01 3.334091943559399501e-02 0.000000000000000000e+00
5.650000000000000000e+03 2.259984897389091252e-01 4.401456531634046487e-01 3.115612198452434867e-01 2.201866181156121871e-01 2.810650887573964626e-02 0.000000000000000000e+00
5.675000000000000000e+03 2.269984830563380740e-01 4.384387801547565133e-01 3.116750113791533772e-01 2.185935366408739144e-01 3.129267182521620200e-02 0.000000000000000000e+00
