# itime ezz other fcc hcp bcc ico
0.000000000000000000e+00 0.000000000000000000e+00 0.000000000000000000e+00 1.000000000000000000e+00 0.000000000000000000e+00 0.000000000000000000e+00 0.000000000000000000e+00
2.500000000000000000e+01 9.999739692361231391e-04 0.000000000000000000e+00 1.000000000000000000e+00 0.000000000000000000e+00 0.000000000000000000e+00 0.000000000000000000e+00
5.000000000000000000e+01 1.999947938472024234e-03 0.000000000000000000e+00 1.000000000000000000e+00 0.000000000000000000e+00 0.000000000000000000e+00 0.000000000000000000e+00
7.500000000000000000e+01 2.999921907708147373e-03 0.000000000000000000e+00 1.000000000000000000e+00 0.000000000000000000e+00 0.000000000000000000e+00 0.000000000000000000e+00
1.000000000000000000e+02 3.999895876944048467e-03 0.000000000000000000e+00 1.000000000000000000e+00 0.000000000000000000e+00 0.000000000000000000e+00 0.000000000000000000e+00
1.250000000000000000e+02 4.999869846180171606e-03 0.000000000000000000e+00 1.000000000000000000e+00 0.000000000000000000e+00 0.000000000000000000e+00 0.000000000000000000e+00
1.500000000000000000e+02 5.999843815416072701e-03 0.000000000000000000e+00 1.000000000000000000e+00 0.000000000000000000e+00 0.000000000000000000e+00 0.000000000000000000e+00
1.750000000000000000e+02 6.999817784652195840e-03 0.000000000000000000e+00 1.000000000000000000e+00 0.000000000000000000e+00 0.000000000000000000e+00 0.000000000000000000e+00
2.000000000000000000e+02 7.999791753888096935e-03 0.000000000000000000e+00 1.000000000000000000e+00 0.000000000000000000e+00 0.000000000000000000e+00 0.000000000000000000e+00
2.250000000000000000e+02 8.999765723124220074e-03 0.000000000000000000e+00 1.000000000000000000e+00 0.000000000000000000e+00 0.000000000000000000e+00 0.000000000000000000e+00
2.500000000000000000e+02 9.999739692360121168e-03 0.000000000000000000e+00 1.000000000000000000e+00 0.000000000000000000e+00 0.000000000000000000e+00 0.000000000000000000e+00
2.750000000000000000e+02 1.099971366159624431e-02 0.000000000000000000e+00 1.000000000000000000e+00 0.000000000000000000e+00 0.000000000000000000e+00 0.000000000000000000e+00
3.000000000000000000e+02 1.199968763083214540e-02 0.000000000000000000e+00 1.000000000000000000e+00 0.000000000000000000e+00 0.000000000000000000e+00 0.000000000000000000e+00
3.250000000000000000e+02 1.299966160006826854e-02 0.000000000000000000e+00 1.000000000000000000e+00 0.000000000000000000e+00 0.000000000000000000e+00 0.000000000000000000e+00
3.500000000000000000e+02 1.399963556930416964e-02 0.000000000000000000e+00 1.000000000000000000e+00 0.000000000000000000e+00 0.000000000000000000e+00 0.000000000000000000e+00
3.750000000000000000e+02 1.499960953854029277e-02 0.000000000000000000e+00 1.000000000000000000e+00 0.000000000000000000e+00 0.000000000000000000e+00 0.000000000000000000e+00
4.000000000000000000e+02 1.599958350777619387e-02 0.000000000000000000e+00 1.000000000000000000e+00 0.000000000000000000e+00 0.000000000000000000e+00 0.000000000000000000e+00
4.250000000000000000e+02 1.699955747701231701e-02 0.000000000000000000e+00 1.000000000000000000e+00 0.000000000000000000e+00 0.000000000000000000e+00 0.000000000000000000e+00
4.500000000000000000e+02 1.799953144624821810e-02 0.000000000000000000e+00 1.000000000000000000e+00 0.000000000000000000e+00 0.000000000000000000e+00 0.000000000000000000e+00
4.750000000000000000e+02 1.899950541548434124e-02 0.000000000000000000e+00 1.000000000000000000e+00 0.000000000000000000e+00 0.000000000000000000e+00 0.000000000000000000e+00
5.000000000000000000e+02 1.999947938472024234e-02 0.000000000000000000e+00 1.000000000000000000e+00 0.000000000000000000e+00 0.000000000000000000e+00 0.000000000000000000e+00
5.250000000000000000e+02 2.099945335395636548e-02 0.000000000000000000e+00 1.000000000000000000e+00 0.000000000000000000e+00 0.000000000000000000e+00 0.000000000000000000e+00
5.500000000000000000e+02 2.199942732319226657e-02 0.000000000000000000e+00 1.000000000000000000e+00 0.000000000000000000e+00 0.000000000000000000e+00 0.000000000000000000e+00
5.750000000000000000e+02 2.299940129242838971e-02 0.000000000000000000e+00 1.000000000000000000e+00 0.000000000000000000e+00 0.000000000000000000e+00 0.000000000000000000e+00
6.000000000000000000e+02 2.399937526166429080e-02 0.000000000000000000e+00 1.000000000000000000e+00 0.000000000000000000e+00 0.000000000000000000e+00 0.000000000000000000e+00
6.250000000000000000e+02 2.499934923090041394e-02 0.000000000000000000e+00 1.000000000000000000e+00 0.000000000000000000e+00 0.000000000000000000e+00 0.000000000000000000e+00
6.500000000000000000e+02 2.599932320013631504e-02 0.000000000000000000e+00 1.000000000000000000e+00 0.000000000000000000e+00 0.000000000000000000e+00 0.000000000000000000e+00
6.750000000000000000e+02 2.699929716937243818e-02 0.000000000000000000e+00 1.000000000000000000e+00 0.000000000000000000e+00 0.000000000000000000e+00 0.000000000000000000e+00
7.000000000000000000e+02 2.799927113860833927e-02 0.000000000000000000e+00 1.000000000000000000e+00 0.000000000000000000e+00 0.000000000000000000e+00 0.000000000000000000e+00
7.250000000000000000e+02 2.899924510784446241e-02 0.000000000000000000e+00 1.000000000000000000e+00 0.000000000000000000e+00 0.000000000000000000e+00 0.000000000000000000e+00
7.500000000000000000e+02 2.999921907708036350e-02 0.000000000000000000e+00 1.000000000000000000e+00 0.000000000000000000e+00 0.000000000000000000e+00 0.000000000000000000e+00
7.750000000000000000e+02 3.099919304631648664e-02 0.000000000000000000e+00 1.000000000000000000e+00 0.000000000000000000e+00 0.000000000000000000e+00 0.000000000000000000e+00
8.000000000000000000e+02 3.199916701555238774e-02 0.000000000000000000e+00 1.000000000000000000e+00 0.000000000000000000e+00 0.000000000000000000e+00 0.000000000000000000e+00
8.250000000000000000e+02 3.299914098478851088e-02 0.000000000000000000e+00 1.000000000000000000e+00 0.000000000000000000e+00 0.000000000000000000e+00 0.000000000000000000e+00
8.500000000000000000e+02 3.399911495402441197e-02 0.000000000000000000e+00 1.000000000000000000e+00 0.000000000000000000e+00 0.000000000000000000e+00 0.000000000000000000e+00
8.750000000000000000e+02 3.499908892326053511e-02 0.000000000000000000e+00 1.000000000000000000e+00 0.000000000000000000e+00 0.000000000000000000e+00 0.000000000000000000e+00
9.000000000000000000e+02 3.599906289249643621e-02 0.000000000000000000e+00 1.000000000000000000e+00 0.000000000000000000e+00 0.000000000000000000e+00 0.000000000000000000e+00
9.250000000000000000e+02 3.699903686173255934e-02 0.000000000000000000e+00 1.000000000000000000e+00 0.000000000000000000e+00 0.000000000000000000e+00 0.000000000000000000e+00
9.500000000000000000e+02 3.799901083096846044e-02 0.000000000000000000e+00 1.000000000000000000e+00 0.000000000000000000e+00 0.000000000000000000e+00 0.000000000000000000e+00
9.750000000000000000e+02 3.899898480020458358e-02 0.000000000000000000e+00 1.000000000000000000e+00 0.000000000000000000e+00 0.000000000000000000e+00 0.000000000000000000e+00
1.000000000000000000e+03 3.999895876944048467e-02 0.000000000000000000e+00 1.000000000000000000e+00 0.000000000000000000e+00 0.000000000000000000e+00 0.000000000000000000e+00
1.025000000000000000e+03 4.099893273867660781e-02 0.000000000000000000e+00 1.000000000000000000e+00 0.000000000000000000e+00 0.000000000000000000e+00 0.000000000000000000e+00
1.050000000000000000e+03 4.199890670791250891e-02 0.000000000000000000e+00 1.000000000000000000e+00 0.000000000000000000e+00 0.000000000000000000e+00 0.000000000000000000e+00
1.075000000000000000e+03 4.299888067714863205e-02 0.000000000000000000e+00 1.000000000000000000e+00 0.000000000000000000e+00 0.000000000000000000e+00 0.000000000000000000e+00
1.100000000000000000e+03 4.399885464638453314e-02 0.000000000000000000e+00 1.000000000000000000e+00 0.000000000000000000e+00 0.000000000000000000e+00 0.000000000000000000e+00
1.125000000000000000e+03 4.499882861562065628e-02 0.000000000000000000e+00 1.000000000000000000e+00 0.000000000000000000e+00 0.000000000000000000e+00 0.000000000000000000e+00
1.150000000000000000e+03 4.599880258485677942e-02 0.000000000000000000e+00 1.000000000000000000e+00 0.000000000000000000e+00 0.000000000000000000e+00 0.000000000000000000e+00
1.175000000000000000e+03 4.699877655409268051e-02 0.000000000000000000e+00 1.000000000000000000e+00 0.000000000000000000e+00 0.000000000000000000e+00 0.000000000000000000e+00
1.200000000000000000e+03 4.799875052332880365e-02 0.000000000000000000e+00 1.000000000000000000e+00 0.000000000000000000e+00 0.000000000000000000e+00 0.000000000000000000e+00
1.225000000000000000e+03 4.899872449256470475e-02 0.000000000000000000e+00 1.000000000000000000e+00 0.000000000000000000e+00 0.000000000000000000e+00 0.000000000000000000e+00
1.250000000000000000e+03 4.999869846180082789e-02 0.000000000000000000e+00 1.000000000000000000e+00 0.000000000000000000e+00 0.000000000000000000e+00 0.000000000000000000e+00
1.275000000000000000e+03 5.099867243103672898e-02 0.000000000000000000e+00 1.000000000000000000e+00 0.000000000000000000e+00 0.000000000000000000e+00 0.000000000000000000e+00
1.300000000000000000e+03 5.199864640027285212e-02 0.000000000000000000e+00 1.000000000000000000e+00 0.000000000000000000e+00 0.000000000000000000e+00 0.000000000000000000e+00
1.325000000000000000e+03 5.299862036950875321e-02 0.000000000000000000e+00 1.000000000000000000e+00 0.000000000000000000e+00 0.000000000000000000e+00 0.000000000000000000e+00
1.350000000000000000e+03 5.399859433874487635e-02 0.000000000000000000e+00 1.000000000000000000e+00 0.000000000000000000e+00 0.000000000000000000e+00 0.000000000000000000e+00
1.375000000000000000e+03 5.499856830798077745e-02 0.000000000000000000e+00 1.000000000000000000e+00 0.000000000000000000e+00 0.000000000000000000e+00 0.000000000000000000e+00
1.400000000000000000e+03 5.599854227721690059e-02 0.000000000000000000e+00 1.000000000000000000e+00 0.000000000000000000e+00 0.000000000000000000e+00 0.000000000000000000e+00
1.425000000000000000e+03 5.699851624645280168e-02 0.000000000000000000e+00 1.000000000000000000e+00 0.000000000000000000e+00 0.000000000000000000e+00 0.000000000000000000e+00
1.450000000000000000e+03 5.799849021568892482e-02 0.000000000000000000e+00 1.000000000000000000e+00 0.000000000000000000e+00 0.000000000000000000e+00 0.000000000000000000e+00
1.475000000000000000e+03 5.899846418492482591e-02 0.000000000000000000e+00 1.000000000000000000e+00 0.000000000000000000e+00 0.000000000000000000e+00 0.000000000000000000e+00
1.500000000000000000e+03 5.999843815416094905e-02 0.000000000000000000e+00 1.000000000000000000e+00 0.000000000000000000e+00 0.000000000000000000e+00 0.000000000000000000e+00
1.525000000000000000e+03 6.099841212339685015e-02 0.000000000000000000e+00 1.000000000000000000e+00 0.000000000000000000e+00 0.000000000000000000e+00 0.000000000000000000e+00
1.550000000000000000e+03 6.199838609263297329e-02 0.000000000000000000e+00 1.000000000000000000e+00 0.000000000000000000e+00 0.000000000000000000e+00 0.000000000000000000e+00
1.575000000000000000e+03 6.299836006186887438e-02 0.000000000000000000e+00 1.000000000000000000e+00 0.000000000000000000e+00 0.000000000000000000e+00 0.000000000000000000e+00
1.600000000000000000e+03 6.399833403110499752e-02 0.000000000000000000e+00 1.000000000000000000e+00 0.000000000000000000e+00 0.000000000000000000e+00 0.000000000000000000e+00
1.625000000000000000e+03 6.499830800034089862e-02 0.000000000000000000e+00 1.000000000000000000e+00 0.000000000000000000e+00 0.000000000000000000e+00 0.000000000000000000e+00
1.650000000000000000e+03 6.599828196957702175e-02 0.000000000000000000e+00 1.000000000000000000e+00 0.000000000000000000e+00 0.000000000000000000e+00 0.000000000000000000e+00
1.675000000000000000e+03 6.699825593881292285e-02 0.000000000000000000e+00 1.000000000000000000e+00 0.000000000000000000e+00 0.000000000000000000e+00 0.000000000000000000e+00
1.700000000000000000e+03 6.799822990804904599e-02 0.000000000000000000e+00 1.000000000000000000e+00 0.000000000000000000e+00 0.000000000000000000e+00 0.000000000000000000e+00
1.725000000000000000e+03 6.899820387728494708e-02 0.000000000000000000e+00 1.000000000000000000e+00 0.000000000000000000e+00 0.000000000000000000e+00 0.000000000000000000e+00
1.750000000000000000e+03 6.999817784652107022e-02 0.000000000000000000e+00 1.000000000000000000e+00 0.000000000000000000e+00 0.000000000000000000e+00 0.000000000000000000e+00
1.775000000000000000e+03 7.099815181575697132e-02 0.000000000000000000e+00 1.000000000000000000e+00 0.000000000000000000e+00 0.000000000000000000e+00 0.000000000000000000e+00
1.800000000000000000e+03 7.199812578499309446e-02 0.000000000000000000e+00 1.000000000000000000e+00 0.000000000000000000e+00 0.000000000000000000e+00 0.000000000000000000e+00
1.825000000000000000e+03 7.299809975422899555e-02 0.000000000000000000e+00 1.000000000000000000e+00 0.000000000000000000e+00 0.000000000000000000e+00 0.000000000000000000e+00
1.850000000000000000e+03 7.399807372346511869e-02 0.000000000000000000e+00 1.000000000000000000e+00 0.000000000000000000e+00 0.000000000000000000e+00 0.000000000000000000e+00
1.875000000000000000e+03 7.499804769270101978e-02 1.137915339098771066e-04 9.998862084660901095e-01 0.000000000000000000e+00 0.000000000000000000e+00 0.000000000000000000e+00
1.900000000000000000e+03 7.599802166193714292e-02 0.000000000000000000e+00 1.000000000000000000e+00 0.000000000000000000e+00 0.000000000000000000e+00 0.000000000000000000e+00
1.925000000000000000e+03 7.699799563117304402e-02 0.000000000000000000e+00 1.000000000000000000e+00 0.000000000000000000e+00 0.000000000000000000e+00 0.000000000000000000e+00
1.950000000000000000e+03 7.799796960040916716e-02 1.137915339098771066e-04 9.998862084660901095e-01 0.000000000000000000e+00 0.000000000000000000e+00 0.000000000000000000e+00
1.975000000000000000e+03 7.899794356964506825e-02 2.275830678197542133e-04 9.997724169321802190e-01 0.000000000000000000e+00 0.000000000000000000e+00 0.000000000000000000e+00
2.000000000000000000e+03 7.999791753888119139e-02 0.000000000000000000e+00 1.000000000000000000e+00 0.000000000000000000e+00 0.000000000000000000e+00 0.000000000000000000e+00
2.025000000000000000e+03 8.099789150811709249e-02 4.551661356395084266e-04 9.995448338643604380e-01 0.000000000000000000e+00 0.000000000000000000e+00 0.000000000000000000e+00
2.050000000000000000e+03 8.199786547735321562e-02 1.137915339098771066e-04 9.998862084660901095e-01 0.000000000000000000e+00 0.000000000000000000e+00 0.000000000000000000e+00
2.075000000000000000e+03 8.299783944658911672e-02 4.551661356395084266e-04 9.995448338643604380e-01 0.000000000000000000e+00 0.000000000000000000e+00 0.000000000000000000e+00
2.100000000000000000e+03 8.399781341582523986e-02 1.137915339098771066e-04 9.998862084660901095e-01 0.000000000000000000e+00 0.000000000000000000e+00 0.000000000000000000e+00
2.125000000000000000e+03 8.499778738506114095e-02 7.965407373691396923e-04 9.992034592626308775e-01 0.000000000000000000e+00 0.000000000000000000e+00 0.000000000000000000e+00
2.150000000000000000e+03 8.599776135429726409e-02 0.000000000000000000e+00 1.000000000000000000e+00 0.000000000000000000e+00 0.000000000000000000e+00 0.000000000000000000e+00
2.175000000000000000e+03 8.699773532353316519e-02 9.103322712790168532e-04 9.989758761948110966e-01 0.000000000000000000e+00 1.137915339098771066e-04 0.000000000000000000e+00
2.200000000000000000e+03 8.799770929276928833e-02 2.275830678197542133e-04 9.997724169321802190e-01 0.000000000000000000e+00 0.000000000000000000e+00 0.000000000000000000e+00
2.225000000000000000e+03 8.899768326200518942e-02 2.275830678197542133e-04 9.997724169321802190e-01 0.000000000000000000e+00 0.000000000000000000e+00 0.000000000000000000e+00
2.250000000000000000e+03 8.999765723124131256e-02 1.479289940828402332e-03 9.985207100591716456e-01 0.000000000000000000e+00 0.000000000000000000e+00 0.000000000000000000e+00
2.275000000000000000e+03 9.099763120047743570e-02 1.479289940828402332e-03 9.985207100591716456e-01 0.000000000000000000e+00 0.000000000000000000e+00 0.000000000000000000e+00
2.300000000000000000e+03 9.199760516971333679e-02 4.551661356395084266e-04 9.994310423304506585e-01 0.000000000000000000e+00 1.137915339098771066e-04 0.000000000000000000e+00
2.325000000000000000e+03 9.299757913894945993e-02 2.048247610377787811e-03 9.978379608557123026e-01 0.000000000000000000e+00 1.137915339098771066e-04 0.000000000000000000e+00
2.350000000000000000e+03 9.399755310818536103e-02 6.827492034592626399e-04 9.993172507965407680e-01 0.000000000000000000e+00 0.000000000000000000e+00 0.000000000000000000e+00
2.375000000000000000e+03 9.499752707742148417e-02 1.137915339098770958e-03 9.988620846609012061e-01 0.000000000000000000e+00 0.000000000000000000e+00 0.000000000000000000e+00
2.400000000000000000e+03 9.599750104665738526e-02 5.689576695493854790e-04 9.994310423304506585e-01 0.000000000000000000e+00 0.000000000000000000e+00 0.000000000000000000e+00
2.425000000000000000e+03 9.699747501589350840e-02 1.479289940828402332e-03 9.985207100591716456e-01 0.000000000000000000e+00 0.000000000000000000e+00 0.000000000000000000e+00
2.450000000000000000e+03 9.799744898512940949e-02 1.820664542558033706e-03 9.981793354574419741e-01 0.000000000000000000e+00 0.000000000000000000e+00 0.000000000000000000e+00
2.475000000000000000e+03 9.899742295436553263e-02 1.706873008648156654e-03 9.982931269913518646e-01 0.000000000000000000e+00 0.000000000000000000e+00 0.000000000000000000e+00
2.500000000000000000e+03 9.999739692360143373e-02 2.275830678197541916e-03 9.977241693218024121e-01 0.000000000000000000e+00 0.000000000000000000e+00 0.000000000000000000e+00
2.525000000000000000e+03 1.009973708928375569e-01 1.479289940828402332e-03 9.985207100591716456e-01 0.000000000000000000e+00 0.000000000000000000e+00 0.000000000000000000e+00
2.550000000000000000e+03 1.019973448620734580e-01 6.372325898953117539e-03 9.934000910332271284e-01 0.000000000000000000e+00 2.275830678197542133e-04 0.000000000000000000e+00
2.575000000000000000e+03 1.029973188313095811e-01 1.706873008648156654e-03 9.980655439235320836e-01 0.000000000000000000e+00 2.275830678197542133e-04 0.000000000000000000e+00
2.600000000000000000e+03 1.039972928005454822e-01 4.779244424214838804e-03 9.951069640418752638e-01 0.000000000000000000e+00 1.137915339098771066e-04 0.000000000000000000e+00
2.625000000000000000e+03 1.049972667697816053e-01 3.868912152935821518e-03 9.961310878470641672e-01 0.000000000000000000e+00 0.000000000000000000e+00 0.000000000000000000e+00
2.650000000000000000e+03 1.059972407390175064e-01 3.072371415566681717e-03 9.969276285844332897e-01 0.000000000000000000e+00 0.000000000000000000e+00 0.000000000000000000e+00
2.675000000000000000e+03 1.069972147082536296e-01 5.917159763313609329e-03 9.937414656349567998e-01 0.000000000000000000e+00 3.413746017296313199e-04 0.000000000000000000e+00
2.700000000000000000e+03 1.079971886774895307e-01 6.372325898953117539e-03 9.931725079654073474e-01 0.000000000000000000e+00 4.551661356395084266e-04 0.000000000000000000e+00
2.725000000000000000e+03 1.089971626467256538e-01 6.713700500682749130e-03 9.926035502958580059e-01 0.000000000000000000e+00 6.827492034592626399e-04 0.000000000000000000e+00
2.750000000000000000e+03 1.099971366159615549e-01 6.941283568502503235e-03 9.924897587619481154e-01 0.000000000000000000e+00 5.689576695493854790e-04 0.000000000000000000e+00
2.775000000000000000e+03 1.109971105851976780e-01 7.055075102412380721e-03 9.924897587619481154e-01 0.000000000000000000e+00 4.551661356395084266e-04 0.000000000000000000e+00
2.800000000000000000e+03 1.119970845544335791e-01 9.330905780609922637e-03 9.902139280837505275e-01 0.000000000000000000e+00 4.551661356395084266e-04 0.000000000000000000e+00
2.825000000000000000e+03 1.129970585236697023e-01 1.137915339098771045e-02 9.870277651342740377e-01 0.000000000000000000e+00 1.593081474738279385e-03 0.000000000000000000e+00
2.850000000000000000e+03 1.139970324929056034e-01 1.661356395084205573e-02 9.816795630405097395e-01 0.000000000000000000e+00 1.706873008648156654e-03 0.000000000000000000e+00
2.875000000000000000e+03 1.149970064621417265e-01 1.661356395084205573e-02 9.822485207100591920e-01 0.000000000000000000e+00 1.137915339098770958e-03 0.000000000000000000e+00
2.900000000000000000e+03 1.159969804313776276e-01 2.218934911242603433e-02 9.753072371415566488e-01 0.000000000000000000e+00 2.503413746017296455e-03 0.000000000000000000e+00
2.925000000000000000e+03 1.169969544006137507e-01 2.457897132453345374e-02 9.720072826581702685e-01 0.000000000000000000e+00 3.413746017296313308e-03 0.000000000000000000e+00
2.950000000000000000e+03 1.179969283698496518e-01 2.856167501137915274e-02 9.640418752844788219e-01 0.000000000000000000e+00 7.396449704142011444e-03 0.000000000000000000e+00
2.975000000000000000e+03 1.189969023390857750e-01 5.143377332726445372e-02 9.312699135184342447e-01 0.000000000000000000e+00 1.729631315430131891e-02 0.000000000000000000e+00
3.000000000000000000e+03 1.199968763083216761e-01 7.601274465179790052e-02 8.831360946745562268e-01 0.000000000000000000e+00 4.085116067364587961e-02 0.000000000000000000e+00
3.025000000000000000e+03 1.209968502775577992e-01 1.093536640873919025e-01 8.080336822940372699e-01 0.000000000000000000e+00 8.261265361857077216e-02 0.000000000000000000e+00
3.050000000000000000e+03 1.219968242467937003e-01 1.689804278561675144e-01 6.469048702776513116e-01 0.000000000000000000e+00 1.841147018661811463e-01 0.000000000000000000e+00
3.075000000000000000e+03 1.229967982160298234e-01 2.520482476103778069e-01 4.374146563495676099e-01 1.137915339098771066e-04 3.104233045061447482e-01 0.000000000000000000e+00
3.100000000000000000e+03 1.239967721852657245e-01 3.298816568047337472e-01 2.600136549840691980e-01 1.137915339098771066e-04 4.099908966772872199e-01 0.000000000000000000e+00
3.125000000000000000e+03 1.249967461545018477e-01 3.739189804278561513e-01 1.548702776513427304e-01 1.593081474738279385e-03 4.696176604460627901e-01 0.000000000000000000e+00
3.150000000000000000e+03 1.259967201237377488e-01 3.641329085116067343e-01 1.418980427856167403e-01 2.844788347746927612e-03 4.911242603550295960e-01 0.000000000000000000e+00
3.175000000000000000e+03 1.269966940929738719e-01 3.579881656804733692e-01 1.595357305416477134e-01 3.413746017296313308e-03 4.790623577605825911e-01 0.000000000000000000e+00
3.200000000000000000e+03 1.279966680622097730e-01 3.694811106053709771e-01 1.664770141101502010e-01 4.437869822485207214e-03 4.596040054619936477e-01 0.000000000000000000e+00
3.225000000000000000e+03 1.289966420314458961e-01 3.764223941738734647e-01 1.667045971779699542e-01 8.079198907601274626e-03 4.487938097405553273e-01 0.000000000000000000e+00
3.250000000000000000e+03 1.299966160006817972e-01 3.948566226672735602e-01 1.695493855257168836e-01 1.638598088302230249e-02 4.192080109239872399e-01 0.000000000000000000e+00
3.275000000000000000e+03 1.309965899699179204e-01 3.975876194811105990e-01 1.841147018661811463e-01 3.425125170687300796e-02 3.840464269458352398e-01 0.000000000000000000e+00
3.300000000000000000e+03 1.319965639391538215e-01 3.840464269458352398e-01 2.036868456986800080e-01 5.314064633591260994e-02 3.591260810195721631e-01 0.000000000000000000e+00
3.325000000000000000e+03 1.329965379083899446e-01 3.858670914883932657e-01 2.083522985889849910e-01 7.305416477014110843e-02 3.327264451524806765e-01 0.000000000000000000e+00
3.350000000000000000e+03 1.339965118776258457e-01 3.821119708693673234e-01 2.259899863450159363e-01 9.433318161128811941e-02 2.975648611743286209e-01 0.000000000000000000e+00
3.375000000000000000e+03 1.349964858468619688e-01 3.876877560309512916e-01 2.356622667273554905e-01 1.139053254437869811e-01 2.627446517979062368e-01 0.000000000000000000e+00
3.400000000000000000e+03 1.359964598160980920e-01 4.005461993627674189e-01 2.355484751934456000e-01 1.326809285389166926e-01 2.312243969048702885e-01 0.000000000000000000e+00
3.425000000000000000e+03 1.369964337853339931e-01 3.945152480655439442e-01 2.536413290851160518e-01 1.406463359126081114e-01 2.111970869367319203e-01 0.000000000000000000e+00
3.450000000000000000e+03 1.379964077545701162e-01 3.748293126991351643e-01 2.776513427401001155e-01 1.446290395994538069e-01 2.028903049613108855e-01 0.000000000000000000e+00
3.475000000000000000e+03 1.389963817238060173e-01 3.893946290395994270e-01 2.910787437414656398e-01 1.438324988620846567e-01 1.756941283568502488e-01 0.000000000000000000e+00
3.500000000000000000e+03 1.399963556930421404e-01 3.838188438780154588e-01 2.987027765134274149e-01 1.441738734638143005e-01 1.733045061447428259e-01 0.000000000000000000e+00
3.525000000000000000e+03 1.409963296622780415e-01 3.785844333181611066e-01 2.985889849795175244e-01 1.577150659990896597e-01 1.651115157032316816e-01 0.000000000000000000e+00
3.550000000000000000e+03 1.419963036315141647e-01 3.788120163859808875e-01 2.926718252162039402e-01 1.767182521620391522e-01 1.517979062357760478e-01 0.000000000000000000e+00
3.575000000000000000e+03 1.429962776007500658e-01 3.743741465634956578e-01 2.952890304961310886e-01 1.826354119253527641e-01 1.477014110150204895e-01 0.000000000000000000e+00
3.600000000000000000e+03 1.439962515699861889e-01 3.700500682749203185e-01 3.027992717341829731e-01 1.944697314519799602e-01 1.326809285389166926e-01 0.000000000000000000e+00
3.625000000000000000e+03 1.449962255392220900e-01 3.715293582157487284e-01 3.093991807009558448e-01 2.122212107419207960e-01 1.068502503413746030e-01 0.000000000000000000e+00
3.650000000000000000e+03 1.459961995084582131e-01 3.664087391898042667e-01 3.150887573964497035e-01 2.172280382339553950e-01 1.012744651797906209e-01 0.000000000000000000e+00
3.675000000000000000e+03 1.469961734776941142e-01 3.743741465634956578e-01 3.172507965407373454e-01 2.234865725989986229e-01 8.488848429676831842e-02 0.000000000000000000e+00
3.700000000000000000e+03 1.479961474469302374e-01 3.606053709604005730e-01 3.181611288120163583e-01 2.347519344560764776e-01 8.648156577150660496e-02 0.000000000000000000e+00
3.725000000000000000e+03 1.489961214161661385e-01 3.676604460628129512e-01 3.202093764223941652e-01 2.290623577605826189e-01 8.306781975421029252e-02 0.000000000000000000e+00
3.750000000000000000e+03 1.499960953854022616e-01 3.584433318161128756e-01 3.220300409649521911e-01 2.354346836595357373e-01 8.409194355939918208e-02 0.000000000000000000e+00
3.775000000000000000e+03 1.509960693546381627e-01 3.591260810195721631e-01 3.195266272189349332e-01 2.474965862539827144e-01 7.385070550751024476e-02 0.000000000000000000e+00
3.800000000000000000e+03 1.519960433238742858e-01 3.614019116977696955e-01 3.182749203459262488e-01 2.512517068730086289e-01 6.907146108329539902e-02 0.000000000000000000e+00
3.825000000000000000e+03 1.529960172931101869e-01 3.616294947655894210e-01 3.161128812016386069e-01 2.497724169321802468e-01 7.248520710059171146e-02 0.000000000000000000e+00
3.850000000000000000e+03 1.539959912623463101e-01 3.648156577150660218e-01 3.206645425580336717e-01 2.453345471096950448e-01 6.918525261720527564e-02 0.000000000000000000e+00
3.875000000000000000e+03 1.549959652315822112e-01 3.608329540282202985e-01 3.237369139736003820e-01 2.509103322712790130e-01 6.451979972690032039e-02 0.000000000000000000e+00
3.900000000000000000e+03 1.559959392008183343e-01 3.604915794264906825e-01 3.235093309057806010e-01 2.482931269913518368e-01 6.770596267637687959e-02 0.000000000000000000e+00
3.925000000000000000e+03 1.569959131700542354e-01 3.614019116977696955e-01 3.239644970414201075e-01 2.520482476103778069e-01 6.258534365043240399e-02 0.000000000000000000e+00
3.950000000000000000e+03 1.579958871392903585e-01 3.620846609012289274e-01 3.247610377787892855e-01 2.547792444242148457e-01 5.837505689576695522e-02 0.000000000000000000e+00
3.975000000000000000e+03 1.589958611085262596e-01 3.645880746472462408e-01 3.208921256258534527e-01 2.468138370505234547e-01 6.770596267637687959e-02 0.000000000000000000e+00
4.000000000000000000e+03 1.599958350777623828e-01 3.677742375967227861e-01 3.236231224396904915e-01 2.457897132453345512e-01 6.281292671825215723e-02 0.000000000000000000e+00
4.025000000000000000e+03 1.609958090469982839e-01 3.637915339098771184e-01 3.199817933545744397e-01 2.489758761948110966e-01 6.725079654073737312e-02 0.000000000000000000e+00
4.050000000000000000e+03 1.619957830162344070e-01 3.739189804278561513e-01 3.203231679563040557e-01 2.474965862539827144e-01 5.826126536185707860e-02 0.000000000000000000e+00
4.075000000000000000e+03 1.629957569854703081e-01 3.751706873008648357e-01 3.207783340919435622e-01 2.478379608557123304e-01 5.621301775147929253e-02 0.000000000000000000e+00
4.100000000000000000e+03 1.639957309547064312e-01 3.772189349112425871e-01 3.223714155666818626e-01 2.467000455166135642e-01 5.370960400546199304e-02 0.000000000000000000e+00
4.125000000000000000e+03 1.649957049239423323e-01 3.775603095129722586e-01 3.208921256258534527e-01 2.443104233045061413e-01 5.723714155666818210e-02 0.000000000000000000e+00
4.150000000000000000e+03 1.659956788931784555e-01 3.807464724624488039e-01 3.175921711424670169e-01 2.434000910332271284e-01 5.826126536185707860e-02 0.000000000000000000e+00
4.175000000000000000e+03 1.669956528624143566e-01 3.860946745562129911e-01 3.159990896677287164e-01 2.407828857532999522e-01 5.712335002275830548e-02 0.000000000000000000e+00
4.200000000000000000e+03 1.679956268316504797e-01 3.718707328174783999e-01 3.210059171597632877e-01 2.440828402366863881e-01 6.304050978607191047e-02 0.000000000000000000e+00
4.225000000000000000e+03 1.689956008008863808e-01 3.806326809285389134e-01 3.223714155666818626e-01 2.408966772872098427e-01 5.609922621756941591e-02 0.000000000000000000e+00
4.250000000000000000e+03 1.699955747701225039e-01 3.822257624032772139e-01 3.236231224396904915e-01 2.424897587619481154e-01 5.166135639508420696e-02 0.000000000000000000e+00
4.275000000000000000e+03 1.709955487393584050e-01 3.758534365043240677e-01 3.255575785161584079e-01 2.455621301775147980e-01 5.302685480200273332e-02 0.000000000000000000e+00
4.300000000000000000e+03 1.719955227085945282e-01 3.790395994538006130e-01 3.255575785161584079e-01 2.469276285844333174e-01 4.847519344560764776e-02 0.000000000000000000e+00
4.325000000000000000e+03 1.729954966778304293e-01 3.879153390987710726e-01 3.269230769230769273e-01 2.412380518889394587e-01 4.392353208921256219e-02 0.000000000000000000e+00
4.350000000000000000e+03 1.739954706470665524e-01 3.900773782430587144e-01 3.228265817023213691e-01 2.407828857532999522e-01 4.631315430131998506e-02 0.000000000000000000e+00
4.375000000000000000e+03 1.749954446163024535e-01 3.854119253527537592e-01 3.225989986345015881e-01 2.436276741010468816e-01 4.836140191169777114e-02 0.000000000000000000e+00
4.400000000000000000e+03 1.759954185855385767e-01 3.870050068274920596e-01 3.278334091943559403e-01 2.410104688211197055e-01 4.415111515703231543e-02 0.000000000000000000e+00
4.425000000000000000e+03 1.769953925547744777e-01 3.730086481565771384e-01 3.326126536185707860e-01 2.454483386436049075e-01 4.893035958124715423e-02 0.000000000000000000e+00
4.450000000000000000e+03 1.779953665240106009e-01 3.773327264451524776e-01 3.351160673645880994e-01 2.415794264906691025e-01 4.597177969959034827e-02 0.000000000000000000e+00
4.475000000000000000e+03 1.789953404932465020e-01 3.764223941738734647e-01 3.332954028220300180e-01 2.422621756941283622e-01 4.802002730996814128e-02 0.000000000000000000e+00
4.500000000000000000e+03 1.799953144624826251e-01 3.806326809285389134e-01 3.346609012289485929e-01 2.406690942193900895e-01 4.403732362312243881e-02 0.000000000000000000e+00
4.525000000000000000e+03 1.809952884317187483e-01 3.799499317250796815e-01 3.376194811106053573e-01 2.388484296768320359e-01 4.358215748748293233e-02 0.000000000000000000e+00
4.550000000000000000e+03 1.819952624009546494e-01 3.829085116067364458e-01 3.348884842967683184e-01 2.383932635411925294e-01 4.380974055530268557e-02 0.000000000000000000e+00
4.575000000000000000e+03 1.829952363701907725e-01 3.806326809285389134e-01 3.363677742375967283e-01 2.395311788802912956e-01 4.346836595357305572e-02 0.000000000000000000e+00
4.600000000000000000e+03 1.839952103394266736e-01 3.799499317250796815e-01 3.376194811106053573e-01 2.373691397360036537e-01 4.506144742831133532e-02 0.000000000000000000e+00
4.625000000000000000e+03 1.849951843086627967e-01 3.793809740555302845e-01 3.389849795175238767e-01 2.362312243969048597e-01 4.540282203004096517e-02 0.000000000000000000e+00
4.650000000000000000e+03 1.859951582778986978e-01 3.855257168866636497e-01 3.343195266272189214e-01 2.366863905325443662e-01 4.346836595357305572e-02 0.000000000000000000e+00
4.675000000000000000e+03 1.869951322471348210e-01 3.884842967683204140e-01 3.319299044151114986e-01 2.338416021847974646e-01 4.574419663177059503e-02 0.000000000000000000e+00
4.700000000000000000e+03 1.879951062163707221e-01 3.920118343195266308e-01 3.258989531178880239e-01 2.348657259899863403e-01 4.722348657259899801e-02 0.000000000000000000e+00
4.725000000000000000e+03 1.889950801856068452e-01 3.969048702776513671e-01 3.243058716431497235e-01 2.323623122439690547e-01 4.642694583522986168e-02 0.000000000000000000e+00
4.750000000000000000e+03 1.899950541548427463e-01 3.950842057350932857e-01 3.249886208466090110e-01 2.338416021847974646e-01 4.608557123350022489e-02 0.000000000000000000e+00
4.775000000000000000e+03 1.909950281240788694e-01 3.912152935821575084e-01 3.246472462448793950e-01 2.345243513882567243e-01 4.961310878470642088e-02 0.000000000000000000e+00
4.800000000000000000e+03 1.919950020933147705e-01 3.982703686845698865e-01 3.271506599908966528e-01 2.327036868456986707e-01 4.187528447883477611e-02 0.000000000000000000e+00
4.825000000000000000e+03 1.929949760625508937e-01 3.975876194811105990e-01 3.256713700500682984e-01 2.353208921256258468e-01 4.142011834319526964e-02 0.000000000000000000e+00
4.850000000000000000e+03 1.939949500317867948e-01 3.974738279472007085e-01 3.277196176604460498e-01 2.336140191169776836e-01 4.119253527537550946e-02 0.000000000000000000e+00
4.875000000000000000e+03 1.949949240010229179e-01 3.979289940828402150e-01 3.288575329995448437e-01 2.349795175238962308e-01 3.823395539371871044e-02 0.000000000000000000e+00
4.900000000000000000e+03 1.959948979702588190e-01 4.006599908966773094e-01 3.291989076012744597e-01 2.298588984979517413e-01 4.028220300409649651e-02 0.000000000000000000e+00
4.925000000000000000e+03 1.969948719394949421e-01 4.027082385070550608e-01 3.236231224396904915e-01 2.307692307692307820e-01 4.289940828402366568e-02 0.000000000000000000e+00
4.950000000000000000e+03 1.979948459087308432e-01 4.032771961766044577e-01 3.254437869822485174e-01 2.328174783796085612e-01 3.846153846153846367e-02 0.000000000000000000e+00
4.975000000000000000e+03 1.989948198779669664e-01 4.072598998634501810e-01 3.260127446517979144e-01 2.256486117432862926e-01 4.107874374146563284e-02 0.000000000000000000e+00
5.000000000000000000e+03 1.999947938472028675e-01 4.104460628129267263e-01 3.254437869822485174e-01 2.246244879380974169e-01 3.948566226672735324e-02 0.000000000000000000e+00
5.025000000000000000e+03 2.009947678164389906e-01 4.129494765589440397e-01 3.228265817023213691e-01 2.254210286754665393e-01 3.880291306326809353e-02 0.000000000000000000e+00
5.050000000000000000e+03 2.019947417856748917e-01 4.223941738734638407e-01 3.213472917614929592e-01 2.204142011834319403e-01 3.584433318161128756e-02 0.000000000000000000e+00
5.075000000000000000e+03 2.029947157549110148e-01 4.138598088302230527e-01 3.270368684569868178e-01 2.206417842512516936e-01 3.846153846153846367e-02 0.000000000000000000e+00
5.100000000000000000e+03 2.039946897241469159e-01 4.135184342284933812e-01 3.309057806099225951e-01 2.184797451069640517e-01 3.709604005461993731e-02 0.000000000000000000e+00
5.125000000000000000e+03 2.049946636933830391e-01 4.165908056440600915e-01 3.310195721438324856e-01 2.140418752844788219e-01 3.834774692762858705e-02 0.000000000000000000e+00
5.150000000000000000e+03 2.059946376626189402e-01 4.215976331360946627e-01 3.310195721438324856e-01 2.147246244879381094e-01 3.265817023213472836e-02 0.000000000000000000e+00
5.175000000000000000e+03 2.069946116318550633e-01 4.211424670004551563e-01 3.277196176604460498e-01 2.151797906235776159e-01 3.595812471552116418e-02 0.000000000000000000e+00
5.200000000000000000e+03 2.079945856010909644e-01 4.262630860263996180e-01 3.257851615839781334e-01 2.146108329540282189e-01 3.334091943559399501e-02 0.000000000000000000e+00
5.225000000000000000e+03 2.089945595703270875e-01 4.266044606281292895e-01 3.271506599908966528e-01 2.106281292671825234e-01 3.561675011379153433e-02 0.000000000000000000e+00
5.250000000000000000e+03 2.099945335395629886e-01 4.274010013654984119e-01 3.299954483386435822e-01 2.064178425125170746e-01 3.618570778334091742e-02 0.000000000000000000e+00
5.275000000000000000e+03 2.109945075087991118e-01 4.267182521620391245e-01 3.351160673645880994e-01 2.068730086481565811e-01 3.129267182521620200e-02 0.000000000000000000e+00
5.300000000000000000e+03 2.119944814780350129e-01 4.228493400091033472e-01 3.397815202548930547e-01 2.045971779699590487e-01 3.277196176604460498e-02 0.000000000000000000e+00
5.325000000000000000e+03 2.129944554472711360e-01 4.314974965862539702e-01 3.383022303140646447e-01 1.995903504779244497e-01 3.060992262175694228e-02 0.000000000000000000e+00
5.350000000000000000e+03 2.139944294165070371e-01 4.367319071461083224e-01 3.375056895766954668e-01 1.957214383249886169e-01 3.004096495220755572e-02 0.000000000000000000e+00
5.375000000000000000e+03 2.149944033857431602e-01 4.431042330450614686e-01 3.359126081019572219e-01 1.920801092398725651e-01 2.890304961310878606e-02 0.000000000000000000e+00
5.400000000000000000e+03 2.159943773549790613e-01 4.400318616294947582e-01 3.326126536185707860e-01 1.941283568502503443e-01 3.322712790168411146e-02 0.000000000000000000e+00
5.425000000000000000e+03 2.169943513242151845e-01 4.420801092398725651e-01 3.311333636777423761e-01 1.940145653163404538e-01 3.265817023213472836e-02 1.137915339098771066e-04
5.450000000000000000e+03 2.179943252934510856e-01 4.425352753755120716e-01 3.324988620846608955e-01 1.944697314519799602e-01 3.049613108784706567e-02 0.000000000000000000e+00
5.475000000000000000e+03 2.189942992626872087e-01 4.456076467910787264e-01 3.271506599908966528e-01 1.902594446973145115e-01 3.698224852071006069e-02 0.000000000000000000e+00
5.500000000000000000e+03 2.199942732319231098e-01 4.466317705962676299e-01 3.247610377787892855e-01 1.923076923076923184e-01 3.629949931725079404e-02 0.000000000000000000e+00
5.525000000000000000e+03 2.209942472011592329e-01 4.511834319526626946e-01 3.211197086936731782e-01 1.926490669094219343e-01 3.504779244424215123e-02 0.000000000000000000e+00
5.550000000000000000e+03 2.219942211703951340e-01 4.476558944014565333e-01 3.212335002275830687e-01 1.931042330450614408e-01 3.800637232589895026e-02 0.000000000000000000e+00
5.575000000000000000e+03 2.229941951396312572e-01 4.486800182066454368e-01 3.185025034137460298e-01 1.907146108329540179e-01 4.210286754665452935e-02 0.000000000000000000e+00
5.600000000000000000e+03 2.239941691088671583e-01 4.518661811561219821e-01 3.162266727355484974e-01 1.912835685025034149e-01 4.062357760582612637e-02 0.000000000000000000e+00
5.625000000000000000e+03 2.249941430781032814e-01 4.617660446062812896e-01 3.129267182521620616e-01 1.887801547564861293e-01 3.652708238507055422e-02 0.000000000000000000e+00
5.650000000000000000e+03 2.259941170473394045e-01 4.638142922166590965e-01 3.132680928538916776e-01 1.890077378243058825e-01 3.390987710514337811e-02 0.000000000000000000e+00
5.675000000000000000e+03 2.269940910165753056e-01 4.627901684114701930e-01 3.141784251251706905e-01 1.896904870277651423e-01 3.322712790168411146e-02 1.137915339098771066e-04
