# itime ezz other fcc hcp bcc ico
0.000000000000000000e+00 0.000000000000000000e+00 5.689576695493854790e-04 9.994310423304506585e-01 0.000000000000000000e+00 0.000000000000000000e+00 0.000000000000000000e+00
3.000000000000000000e+01 1.199997402414298975e-02 1.137915339098770958e-03 9.988620846609012061e-01 0.000000000000000000e+00 0.000000000000000000e+00 0.000000000000000000e+00
6.000000000000000000e+01 2.399994804828597950e-02 3.413746017296313308e-03 9.965862539827037292e-01 0.000000000000000000e+00 0.000000000000000000e+00 0.000000000000000000e+00
9.000000000000000000e+01 3.599992207242896924e-02 3.982703686845699004e-03 9.960172963131542767e-01 0.000000000000000000e+00 0.000000000000000000e+00 0.000000000000000000e+00
1.200000000000000000e+02 4.799989609657195899e-02 6.599908966772872511e-03 9.934000910332271284e-01 0.000000000000000000e+00 0.000000000000000000e+00 0.000000000000000000e+00
1.500000000000000000e+02 5.999987012071494874e-02 1.718252162039144229e-02 9.821347291761493015e-01 0.000000000000000000e+00 6.827492034592626399e-04 0.000000000000000000e+00
1.800000000000000000e+02 7.199984414485793849e-02 3.948566226672735324e-02 9.584660901228948537e-01 0.000000000000000000e+00 2.048247610377787811e-03 0.000000000000000000e+00
2.100000000000000000e+02 8.399981816900092824e-02 6.406463359126081392e-02 9.310423304506144637e-01 0.000000000000000000e+00 4.893035958124715423e-03 0.000000000000000000e+00
2.400000000000000000e+02 9.599979219314391798e-02 1.389394629039599482e-01 8.549157942649067143e-01 0.000000000000000000e+00 6.144742831133363434e-03 0.000000000000000000e+00
2.700000000000000000e+02 1.079997662172871298e-01 2.279244424214838527e-01 7.556895766954938587e-01 0.000000000000000000e+00 1.638598088302230249e-02 0.000000000000000000e+00
3.000000000000000000e+02 1.199997402414301195e-01 3.536640873918980299e-01 6.177742375967227861e-01 1.137915339098771066e-04 2.844788347746927612e-02 0.000000000000000000e+00
3.300000000000000000e+02 1.319997142655731093e-01 5.287892580791988539e-01 4.111288120163859583e-01 1.024123805188893906e-03 5.905780609922621494e-02 0.000000000000000000e+00
3.600000000000000000e+02 1.439996882897160990e-01 6.519116977696859383e-01 2.436276741010468816e-01 5.575785161583977738e-03 9.888484296768319803e-02 0.000000000000000000e+00
3.900000000000000000e+02 1.559996623138590888e-01 7.272416932180245652e-01 1.286982248520709970e-01 1.263086026399635846e-02 1.314292216659080637e-01 0.000000000000000000e+00
4.200000000000000000e+02 1.679996363380020785e-01 7.885753299954483264e-01 6.292671825216203385e-02 1.490669094219390124e-02 1.335912608101957333e-01 0.000000000000000000e+00
4.500000000000000000e+02 1.799996103621450683e-01 8.117888029130633232e-01 4.164770141101502288e-02 2.150659990896677115e-02 1.250568957669549452e-01 0.000000000000000000e+00
4.800000000000000000e+02 1.919995843862880580e-01 8.356850250341374409e-01 3.208921256258534527e-02 2.492034592626308706e-02 1.073054164770141095e-01 0.000000000000000000e+00
5.100000000000000000e+02 2.039995584104310478e-01 8.662949476558944317e-01 2.537551206190259354e-02 2.958579881656804578e-02 7.874374146563495325e-02 0.000000000000000000e+00
5.400000000000000000e+02 2.159995324345740375e-01 8.923532089212562468e-01 2.082385070550751144e-02 2.719617660446062984e-02 5.962676376877560497e-02 0.000000000000000000e+00
5.700000000000000000e+02 2.279995064587170273e-01 9.109012289485661773e-01 1.763768775603095224e-02 2.696859353664087314e-02 4.449248975876194528e-02 0.000000000000000000e+00
6.000000000000000000e+02 2.399994804828600170e-01 9.256941283568502765e-01 1.513427401001365448e-02 2.207555757851615771e-02 3.709604005461993731e-02 0.000000000000000000e+00
6.300000000000000000e+02 2.519994545070030068e-01 9.386663632225762388e-01 1.240327719617660522e-02 2.093764223941738806e-02 2.799271734182976618e-02 0.000000000000000000e+00
6.600000000000000000e+02 2.639994285311459965e-01 9.394629039599453613e-01 1.206190259444697363e-02 2.184797451069640448e-02 2.662721893491124328e-02 0.000000000000000000e+00
6.900000000000000000e+02 2.759994025552889862e-01 9.509558488848429691e-01 1.149294492489758707e-02 1.752389622212107562e-02 2.002730996813837164e-02 0.000000000000000000e+00
7.200000000000000000e+02 2.879993765794319760e-01 9.525489303595812141e-01 1.126536185707783383e-02 1.661356395084205573e-02 1.945835229858898507e-02 1.137915339098771066e-04
7.500000000000000000e+02 2.999993506035749657e-01 9.542558033682293495e-01 1.274465179790623508e-02 1.695493855257168905e-02 1.604460628129267263e-02 0.000000000000000000e+00
7.800000000000000000e+02 3.119993246277179555e-01 9.573281747837960598e-01 1.206190259444697363e-02 1.479289940828402289e-02 1.558944014565316269e-02 2.275830678197542133e-04
8.100000000000000000e+02 3.239992986518611673e-01 9.617660446062813451e-01 1.024123805188893906e-02 1.456531634046426965e-02 1.342740100136549826e-02 0.000000000000000000e+00
8.400000000000000000e+02 3.359992726760041570e-01 9.647246244879380539e-01 1.160673645880746542e-02 1.411015020482476144e-02 9.558488848429677609e-03 0.000000000000000000e+00
8.700000000000000000e+02 3.479992467001471468e-01 9.656349567592170668e-01 7.851615839781519654e-03 1.581702321347291593e-02 1.046882111970869403e-02 2.275830678197542133e-04
9.000000000000000000e+02 3.599992207242901365e-01 9.710969503868912556e-01 6.599908966772872511e-03 1.422394173873463806e-02 7.624032771961766417e-03 4.551661356395084266e-04
9.300000000000000000e+02 3.719991947484331263e-01 9.759899863450158808e-01 6.144742831133363434e-03 1.126536185707783383e-02 6.258534365043240920e-03 3.413746017296313199e-04
9.600000000000000000e+02 3.839991687725761160e-01 9.779244424214837972e-01 5.234410559854347014e-03 1.103777878925807886e-02 5.234410559854347014e-03 5.689576695493854790e-04
9.900000000000000000e+02 3.959991427967191058e-01 9.755348202093764298e-01 5.575785161583977738e-03 1.263086026399635846e-02 5.803368229403732710e-03 4.551661356395084266e-04
1.020000000000000000e+03 4.079991168208620955e-01 9.816795630405097395e-01 4.665452890304961318e-03 7.851615839781519654e-03 5.575785161583977738e-03 2.275830678197542133e-04
1.050000000000000000e+03 4.199990908450050853e-01 9.835002275830677654e-01 3.527537551206190360e-03 7.965407373691398007e-03 4.437869822485207214e-03 5.689576695493854790e-04
1.080000000000000000e+03 4.319990648691480750e-01 9.870277651342740377e-01 3.755120619025944465e-03 5.348202093764223633e-03 3.755120619025944465e-03 1.137915339098771066e-04
1.110000000000000000e+03 4.439990388932910648e-01 9.875967228038233792e-01 3.413746017296313308e-03 5.689576695493855224e-03 2.844788347746927612e-03 4.551661356395084266e-04
1.140000000000000000e+03 4.559990129174340545e-01 9.914656349567592120e-01 1.820664542558033706e-03 5.006827492034592909e-03 1.706873008648156654e-03 0.000000000000000000e+00
1.170000000000000000e+03 4.679989869415770443e-01 9.891898042785616241e-01 2.730996813837050560e-03 4.210286754665453109e-03 3.186162949476558769e-03 6.827492034592626399e-04
1.200000000000000000e+03 4.799989609657200340e-01 9.908966772872098705e-01 1.820664542558033706e-03 5.006827492034592909e-03 1.820664542558033706e-03 4.551661356395084266e-04
1.230000000000000000e+03 4.919989349898630238e-01 9.906690942193900895e-01 2.617205279927173507e-03 3.868912152935821518e-03 2.503413746017296455e-03 3.413746017296313199e-04
1.260000000000000000e+03 5.039989090140060135e-01 9.920345926263085534e-01 2.389622212107419402e-03 3.868912152935821518e-03 9.103322712790168532e-04 7.965407373691396923e-04
1.290000000000000000e+03 5.159988830381490033e-01 9.941966317705962508e-01 1.820664542558033706e-03 2.844788347746927612e-03 1.024123805188893906e-03 1.137915339098771066e-04
1.320000000000000000e+03 5.279988570622919930e-01 9.938552571688666903e-01 1.365498406918525280e-03 2.958579881656804664e-03 1.137915339098770958e-03 6.827492034592626399e-04
1.350000000000000000e+03 5.399988310864352048e-01 9.948793809740554828e-01 1.137915339098770958e-03 2.503413746017296455e-03 1.137915339098770958e-03 3.413746017296313199e-04
1.380000000000000000e+03 5.519988051105781945e-01 9.952207555757851543e-01 1.137915339098770958e-03 2.275830678197541916e-03 7.965407373691396923e-04 5.689576695493854790e-04
1.410000000000000000e+03 5.639987791347211843e-01 9.957897132453344957e-01 5.689576695493854790e-04 2.275830678197541916e-03 9.103322712790168532e-04 4.551661356395084266e-04
1.440000000000000000e+03 5.759987531588641740e-01 9.959035047792443862e-01 1.137915339098770958e-03 1.934456076467910759e-03 4.551661356395084266e-04 5.689576695493854790e-04
1.470000000000000000e+03 5.879987271830071638e-01 9.954483386436049352e-01 1.251706873008648227e-03 2.503413746017296455e-03 5.689576695493854790e-04 2.275830678197542133e-04
1.500000000000000000e+03 5.999987012071501535e-01 9.962448793809740577e-01 1.024123805188893906e-03 2.048247610377787811e-03 3.413746017296313199e-04 3.413746017296313199e-04
1.530000000000000000e+03 6.119986752312931433e-01 9.964724624487938387e-01 5.689576695493854790e-04 1.934456076467910759e-03 7.965407373691396923e-04 2.275830678197542133e-04
1.560000000000000000e+03 6.239986492554361330e-01 9.962448793809740577e-01 7.965407373691396923e-04 2.048247610377787811e-03 3.413746017296313199e-04 5.689576695493854790e-04
1.590000000000000000e+03 6.359986232795791228e-01 9.964724624487938387e-01 1.024123805188893906e-03 1.593081474738279385e-03 5.689576695493854790e-04 3.413746017296313199e-04
1.620000000000000000e+03 6.479985973037221125e-01 9.977241693218024121e-01 4.551661356395084266e-04 7.965407373691396923e-04 3.413746017296313199e-04 6.827492034592626399e-04
1.650000000000000000e+03 6.599985713278651023e-01 9.977241693218024121e-01 4.551661356395084266e-04 5.689576695493854790e-04 4.551661356395084266e-04 7.965407373691396923e-04
1.680000000000000000e+03 6.719985453520080920e-01 9.979517523896221931e-01 6.827492034592626399e-04 9.103322712790168532e-04 1.137915339098771066e-04 3.413746017296313199e-04
1.710000000000000000e+03 6.839985193761510818e-01 9.973827947200728516e-01 4.551661356395084266e-04 6.827492034592626399e-04 4.551661356395084266e-04 1.024123805188893906e-03
1.740000000000000000e+03 6.959984934002940715e-01 9.979517523896221931e-01 3.413746017296313199e-04 4.551661356395084266e-04 3.413746017296313199e-04 9.103322712790168532e-04
1.770000000000000000e+03 7.079984674244370613e-01 9.976103777878926326e-01 6.827492034592626399e-04 5.689576695493854790e-04 2.275830678197542133e-04 9.103322712790168532e-04
1.800000000000000000e+03 7.199984414485800510e-01 9.969276285844332897e-01 6.827492034592626399e-04 9.103322712790168532e-04 4.551661356395084266e-04 1.024123805188893906e-03
1.830000000000000000e+03 7.319984154727230408e-01 9.971552116522530707e-01 6.827492034592626399e-04 1.024123805188893906e-03 4.551661356395084266e-04 6.827492034592626399e-04
1.860000000000000000e+03 7.439983894968660305e-01 9.978379608557123026e-01 9.103322712790168532e-04 1.137915339098771066e-04 5.689576695493854790e-04 5.689576695493854790e-04
1.890000000000000000e+03 7.559983635210092423e-01 9.972690031861629611e-01 7.965407373691396923e-04 6.827492034592626399e-04 3.413746017296313199e-04 9.103322712790168532e-04
1.920000000000000000e+03 7.679983375451522321e-01 9.984069185252617551e-01 6.827492034592626399e-04 3.413746017296313199e-04 0.000000000000000000e+00 5.689576695493854790e-04
1.950000000000000000e+03 7.799983115692952218e-01 9.976103777878926326e-01 5.689576695493854790e-04 7.965407373691396923e-04 4.551661356395084266e-04 5.689576695493854790e-04
1.980000000000000000e+03 7.919982855934382115e-01 9.977241693218024121e-01 3.413746017296313199e-04 5.689576695493854790e-04 3.413746017296313199e-04 1.024123805188893906e-03
2.010000000000000000e+03 8.039982596175812013e-01 9.976103777878926326e-01 1.137915339098771066e-04 9.103322712790168532e-04 2.275830678197542133e-04 1.137915339098770958e-03
2.040000000000000000e+03 8.159982336417241910e-01 9.981793354574419741e-01 5.689576695493854790e-04 3.413746017296313199e-04 3.413746017296313199e-04 5.689576695493854790e-04
2.070000000000000000e+03 8.279982076658671808e-01 9.981793354574419741e-01 2.275830678197542133e-04 7.965407373691396923e-04 1.137915339098771066e-04 6.827492034592626399e-04
2.100000000000000000e+03 8.399981816900101705e-01 9.974965862539827421e-01 3.413746017296313199e-04 9.103322712790168532e-04 3.413746017296313199e-04 9.103322712790168532e-04
2.130000000000000000e+03 8.519981557141531603e-01 9.976103777878926326e-01 1.137915339098771066e-04 1.137915339098770958e-03 3.413746017296313199e-04 7.965407373691396923e-04
2.160000000000000000e+03 8.639981297382961500e-01 9.987482931269913156e-01 1.137915339098771066e-04 1.137915339098771066e-04 2.275830678197542133e-04 7.965407373691396923e-04
2.190000000000000000e+03 8.759981037624391398e-01 9.977241693218024121e-01 0.000000000000000000e+00 5.689576695493854790e-04 2.275830678197542133e-04 1.479289940828402332e-03
2.220000000000000000e+03 8.879980777865821295e-01 9.984069185252617551e-01 1.137915339098771066e-04 6.827492034592626399e-04 0.000000000000000000e+00 7.965407373691396923e-04
2.250000000000000000e+03 8.999980518107251193e-01 9.979517523896221931e-01 5.689576695493854790e-04 3.413746017296313199e-04 0.000000000000000000e+00 1.137915339098770958e-03
2.280000000000000000e+03 9.119980258348681090e-01 9.990896677287209870e-01 2.275830678197542133e-04 1.137915339098771066e-04 1.137915339098771066e-04 4.551661356395084266e-04
2.310000000000000000e+03 9.239979998590110988e-01 9.978379608557123026e-01 1.137915339098771066e-04 5.689576695493854790e-04 2.275830678197542133e-04 1.251706873008648227e-03
2.340000000000000000e+03 9.359979738831540885e-01 9.976103777878926326e-01 2.275830678197542133e-04 9.103322712790168532e-04 3.413746017296313199e-04 9.103322712790168532e-04
2.370000000000000000e+03 9.479979479072970783e-01 9.978379608557123026e-01 2.275830678197542133e-04 5.689576695493854790e-04 2.275830678197542133e-04 1.137915339098770958e-03
2.400000000000000000e+03 9.599979219314400680e-01 9.976103777878926326e-01 4.551661356395084266e-04 4.551661356395084266e-04 2.275830678197542133e-04 1.251706873008648227e-03
2.430000000000000000e+03 9.719978959555832798e-01 9.976103777878926326e-01 6.827492034592626399e-04 5.689576695493854790e-04 0.000000000000000000e+00 1.137915339098770958e-03
2.460000000000000000e+03 9.839978699797262696e-01 9.978379608557123026e-01 4.551661356395084266e-04 3.413746017296313199e-04 3.413746017296313199e-04 1.024123805188893906e-03
2.490000000000000000e+03 9.959978440038692593e-01 9.984069185252617551e-01 1.137915339098771066e-04 6.827492034592626399e-04 1.137915339098771066e-04 6.827492034592626399e-04
