# itime ezz other fcc hcp bcc ico
0.000000000000000000e+00 0.000000000000000000e+00 9.103322712790168532e-04 9.990896677287209870e-01 0.000000000000000000e+00 0.000000000000000000e+00 0.000000000000000000e+00
3.000000000000000000e+01 1.200003210223177241e-02 1.593081474738279385e-03 9.984069185252617551e-01 0.000000000000000000e+00 0.000000000000000000e+00 0.000000000000000000e+00
6.000000000000000000e+01 2.400006420446332278e-02 2.844788347746927612e-03 9.971552116522530707e-01 0.000000000000000000e+00 0.000000000000000000e+00 0.000000000000000000e+00
9.000000000000000000e+01 3.600009630669509519e-02 4.893035958124715423e-03 9.951069640418752638e-01 0.000000000000000000e+00 0.000000000000000000e+00 0.000000000000000000e+00
1.200000000000000000e+02 4.800012840892664556e-02 8.534365043240782836e-03 9.912380518889394310e-01 0.000000000000000000e+00 2.275830678197542133e-04 0.000000000000000000e+00
1.500000000000000000e+02 6.000016051115841798e-02 2.184797451069640448e-02 9.775830678197542367e-01 0.000000000000000000e+00 5.689576695493854790e-04 0.000000000000000000e+00
1.800000000000000000e+02 7.200019261339019039e-02 3.857532999544834029e-02 9.597177969959035382e-01 0.000000000000000000e+00 1.706873008648156654e-03 0.000000000000000000e+00
2.100000000000000000e+02 8.400022471562174076e-02 7.066454255803368556e-02 9.255803368229403860e-01 0.000000000000000000e+00 3.755120619025944465e-03 0.000000000000000000e+00
2.400000000000000000e+02 9.600025681785351317e-02 1.302913063268092975e-01 8.593536640873918886e-01 0.000000000000000000e+00 1.035502958579881741e-02 0.000000000000000000e+00
2.700000000000000000e+02 1.080002889200850635e-01 2.453345471096950448e-01 7.300864815657714946e-01 0.000000000000000000e+00 2.457897132453345374e-02 0.000000000000000000e+00
3.000000000000000000e+02 1.200003210223168360e-01 3.872325898953117851e-01 5.713472917614929036e-01 5.689576695493854790e-04 4.085116067364587961e-02 0.000000000000000000e+00
3.300000000000000000e+02 1.320003531245483863e-01 5.269685935366408280e-01 3.847291761492944717e-01 2.617205279927173507e-03 8.568502503413745475e-02 0.000000000000000000e+00
3.600000000000000000e+02 1.440003852267801587e-01 6.345015930814746907e-01 2.311106053709603980e-01 7.396449704142011444e-03 1.269913518434228616e-01 0.000000000000000000e+00
3.900000000000000000e+02 1.560004173290119311e-01 6.948111060537096595e-01 1.286982248520709970e-01 1.513427401001365448e-02 1.613563950842057393e-01 0.000000000000000000e+00
4.200000000000000000e+02 1.680004494312434815e-01 7.488620846609012061e-01 7.282658170232134132e-02 1.991351843422849502e-02 1.583978152025489194e-01 0.000000000000000000e+00
4.500000000000000000e+02 1.800004815334752539e-01 7.777651342740100615e-01 5.200273099681383682e-02 2.753755120619025970e-02 1.426945835229858905e-01 0.000000000000000000e+00
4.800000000000000000e+02 1.920005136357068043e-01 8.224852071005916976e-01 4.039599453800637313e-02 2.947200728265816916e-02 1.076467910787437393e-01 0.000000000000000000e+00
5.100000000000000000e+02 2.040005457379385767e-01 8.468365953573053773e-01 2.935821574874829254e-02 3.163404642694583185e-02 9.217114246700044977e-02 0.000000000000000000e+00
5.400000000000000000e+02 2.160005778401703491e-01 8.758534365043241232e-01 2.583067819754210348e-02 3.140646335912607862e-02 6.690942193900774326e-02 0.000000000000000000e+00
5.700000000000000000e+02 2.280006099424018995e-01 8.998634501593081314e-01 2.287209831588529751e-02 2.822030040964952288e-02 4.904415111515703085e-02 0.000000000000000000e+00
6.000000000000000000e+02 2.400006420446336719e-01 9.064633591260810030e-01 2.355484751934456070e-02 3.072371415566681890e-02 3.925807919890760000e-02 0.000000000000000000e+00
6.300000000000000000e+02 2.520006741468652223e-01 9.221665908056441152e-01 2.184797451069640448e-02 2.856167501137915274e-02 2.742375967228038308e-02 0.000000000000000000e+00
6.600000000000000000e+02 2.640007062490969947e-01 9.219390077378243342e-01 2.059626763768775473e-02 3.026854802002730896e-02 2.719617660446062984e-02 0.000000000000000000e+00
6.900000000000000000e+02 2.760007383513285451e-01 9.305871643149750128e-01 2.002730996813837164e-02 2.503413746017296368e-02 2.423759672280382388e-02 1.137915339098771066e-04
7.200000000000000000e+02 2.880007704535603175e-01 9.353664087391898585e-01 1.832043695949021542e-02 2.526172052799271692e-02 2.093764223941738806e-02 1.137915339098771066e-04
7.500000000000000000e+02 3.000008025557920899e-01 9.435593991807009751e-01 1.729631315430131891e-02 2.378243058716431393e-02 1.524806554392353283e-02 1.137915339098771066e-04
7.800000000000000000e+02 3.120008346580236402e-01 9.524351388256713236e-01 1.672735548475193582e-02 1.775147928994082885e-02 1.285844333181611343e-02 2.275830678197542133e-04
8.100000000000000000e+02 3.240008667602554127e-01 9.541420118343195700e-01 1.365498406918525323e-02 1.741010468821119553e-02 1.456531634046426965e-02 2.275830678197542133e-04
8.400000000000000000e+02 3.360008988624869630e-01 9.601729631315429891e-01 1.092398725534820224e-02 1.741010468821119553e-02 1.092398725534820224e-02 5.689576695493854790e-04
8.700000000000000000e+02 3.480009309647187354e-01 9.638142922166590409e-01 1.081019572143832562e-02 1.615839781520254925e-02 8.989531178880291046e-03 2.275830678197542133e-04
9.000000000000000000e+02 3.600009630669505079e-01 9.693900773782430091e-01 1.103777878925807886e-02 1.285844333181611343e-02 6.486117432862995025e-03 2.275830678197542133e-04
9.300000000000000000e+02 3.720009951691822803e-01 9.682521620391443262e-01 1.092398725534820224e-02 1.263086026399635846e-02 7.965407373691398007e-03 2.275830678197542133e-04
9.600000000000000000e+02 3.840010272714138306e-01 9.691624943104233392e-01 1.069640418752844727e-02 1.319981793354574502e-02 6.713700500682749130e-03 2.275830678197542133e-04
9.900000000000000000e+02 3.960010593736456030e-01 9.738279472007282944e-01 8.420573509330906217e-03 1.263086026399635846e-02 5.006827492034592909e-03 1.137915339098771066e-04
1.020000000000000000e+03 4.080010914758773755e-01 9.779244424214837972e-01 8.079198907601274626e-03 1.081019572143832562e-02 3.072371415566681717e-03 1.137915339098771066e-04
1.050000000000000000e+03 4.200011235781089258e-01 9.784934000910332497e-01 7.624032771961766417e-03 1.024123805188893906e-02 3.413746017296313308e-03 2.275830678197542133e-04
1.080000000000000000e+03 4.320011556803406982e-01 9.809968138370505075e-01 6.258534365043240920e-03 8.989531178880291046e-03 3.641329085116067413e-03 1.137915339098771066e-04
1.110000000000000000e+03 4.440011877825722486e-01 9.840691852526172179e-01 5.689576695493855224e-03 7.510241238051888930e-03 2.275830678197541916e-03 4.551661356395084266e-04
1.140000000000000000e+03 4.560012198848040210e-01 9.863450159308146947e-01 4.551661356395083832e-03 7.510241238051888930e-03 1.365498406918525280e-03 2.275830678197542133e-04
1.170000000000000000e+03 4.680012519870355714e-01 9.882794720072826111e-01 4.096495220755575623e-03 5.120619025944469528e-03 2.162039144287664864e-03 3.413746017296313199e-04
1.200000000000000000e+03 4.800012840892673438e-01 9.874829312699134887e-01 4.096495220755575623e-03 6.941283568502503235e-03 1.024123805188893906e-03 4.551661356395084266e-04
1.230000000000000000e+03 4.920013161914991162e-01 9.895311788802912956e-01 2.389622212107419402e-03 5.575785161583977738e-03 2.275830678197541916e-03 2.275830678197542133e-04
1.260000000000000000e+03 5.040013482937306666e-01 9.912380518889394310e-01 2.389622212107419402e-03 3.868912152935821518e-03 1.706873008648156654e-03 7.965407373691396923e-04
1.290000000000000000e+03 5.160013803959624390e-01 9.885070550751023921e-01 4.437869822485207214e-03 5.120619025944469528e-03 1.251706873008648227e-03 6.827492034592626399e-04
1.320000000000000000e+03 5.280014124981939894e-01 9.894173873463814051e-01 4.096495220755575623e-03 4.665452890304961318e-03 1.365498406918525280e-03 4.551661356395084266e-04
1.350000000000000000e+03 5.400014446004257618e-01 9.898725534820209671e-01 3.641329085116067413e-03 4.551661356395083832e-03 1.593081474738279385e-03 3.413746017296313199e-04
1.380000000000000000e+03 5.520014767026575342e-01 9.896449704142011861e-01 3.982703686845699004e-03 4.437869822485207214e-03 1.365498406918525280e-03 5.689576695493854790e-04
1.410000000000000000e+03 5.640015088048890846e-01 9.894173873463814051e-01 3.527537551206190360e-03 5.120619025944469528e-03 1.251706873008648227e-03 6.827492034592626399e-04
1.440000000000000000e+03 5.760015409071208570e-01 9.907828857532999800e-01 3.186162949476558769e-03 3.755120619025944465e-03 1.251706873008648227e-03 1.024123805188893906e-03
1.470000000000000000e+03 5.880015730093524073e-01 9.923759672280382249e-01 2.275830678197541916e-03 3.413746017296313308e-03 1.137915339098770958e-03 7.965407373691396923e-04
1.500000000000000000e+03 6.000016051115841798e-01 9.926035502958580059e-01 1.706873008648156654e-03 3.413746017296313308e-03 1.251706873008648227e-03 1.024123805188893906e-03
1.530000000000000000e+03 6.120016372138159522e-01 9.934000910332271284e-01 2.503413746017296455e-03 2.958579881656804664e-03 6.827492034592626399e-04 4.551661356395084266e-04
1.560000000000000000e+03 6.240016693160475025e-01 9.934000910332271284e-01 2.048247610377787811e-03 3.299954483386436255e-03 5.689576695493854790e-04 6.827492034592626399e-04
1.590000000000000000e+03 6.360017014182792749e-01 9.934000910332271284e-01 2.617205279927173507e-03 2.730996813837050560e-03 7.965407373691396923e-04 4.551661356395084266e-04
1.620000000000000000e+03 6.480017335205108253e-01 9.939690487027764698e-01 2.162039144287664864e-03 2.730996813837050560e-03 2.275830678197542133e-04 9.103322712790168532e-04
1.650000000000000000e+03 6.600017656227425977e-01 9.945380063723259223e-01 1.706873008648156654e-03 2.275830678197541916e-03 3.413746017296313199e-04 1.137915339098770958e-03
1.680000000000000000e+03 6.720017977249741481e-01 9.953345471096950448e-01 1.820664542558033706e-03 1.365498406918525280e-03 3.413746017296313199e-04 1.137915339098770958e-03
1.710000000000000000e+03 6.840018298272059205e-01 9.951069640418752638e-01 9.103322712790168532e-04 2.503413746017296455e-03 2.275830678197542133e-04 1.251706873008648227e-03
1.740000000000000000e+03 6.960018619294376929e-01 9.965862539827037292e-01 1.365498406918525280e-03 1.137915339098770958e-03 3.413746017296313199e-04 5.689576695493854790e-04
1.770000000000000000e+03 7.080018940316692433e-01 9.947655894401457033e-01 1.593081474738279385e-03 1.479289940828402332e-03 6.827492034592626399e-04 1.479289940828402332e-03
1.800000000000000000e+03 7.200019261339010157e-01 9.968138370505233992e-01 7.965407373691396923e-04 1.706873008648156654e-03 1.137915339098771066e-04 5.689576695493854790e-04
1.830000000000000000e+03 7.320019582361325661e-01 9.968138370505233992e-01 1.024123805188893906e-03 1.137915339098770958e-03 1.137915339098771066e-04 9.103322712790168532e-04
1.860000000000000000e+03 7.440019903383643385e-01 9.963586709148839482e-01 6.827492034592626399e-04 1.593081474738279385e-03 3.413746017296313199e-04 1.024123805188893906e-03
1.890000000000000000e+03 7.560020224405961109e-01 9.969276285844332897e-01 6.827492034592626399e-04 9.103322712790168532e-04 6.827492034592626399e-04 7.965407373691396923e-04
1.920000000000000000e+03 7.680020545428276613e-01 9.969276285844332897e-01 6.827492034592626399e-04 1.251706873008648227e-03 6.827492034592626399e-04 4.551661356395084266e-04
1.950000000000000000e+03 7.800020866450594337e-01 9.968138370505233992e-01 7.965407373691396923e-04 1.593081474738279385e-03 0.000000000000000000e+00 7.965407373691396923e-04
1.980000000000000000e+03 7.920021187472909840e-01 9.969276285844332897e-01 9.103322712790168532e-04 9.103322712790168532e-04 1.137915339098771066e-04 1.137915339098770958e-03
2.010000000000000000e+03 8.040021508495227565e-01 9.964724624487938387e-01 6.827492034592626399e-04 1.706873008648156654e-03 1.137915339098771066e-04 1.024123805188893906e-03
2.040000000000000000e+03 8.160021829517543068e-01 9.968138370505233992e-01 6.827492034592626399e-04 1.479289940828402332e-03 2.275830678197542133e-04 7.965407373691396923e-04
2.070000000000000000e+03 8.280022150539860792e-01 9.960172963131542767e-01 5.689576695493854790e-04 1.934456076467910759e-03 1.137915339098771066e-04 1.365498406918525280e-03
2.100000000000000000e+03 8.400022471562178517e-01 9.976103777878926326e-01 2.275830678197542133e-04 1.479289940828402332e-03 1.137915339098771066e-04 5.689576695493854790e-04
2.130000000000000000e+03 8.520022792584494020e-01 9.976103777878926326e-01 2.275830678197542133e-04 1.137915339098770958e-03 3.413746017296313199e-04 6.827492034592626399e-04
2.160000000000000000e+03 8.640023113606811744e-01 9.959035047792443862e-01 3.413746017296313199e-04 1.593081474738279385e-03 5.689576695493854790e-04 1.593081474738279385e-03
2.190000000000000000e+03 8.760023434629127248e-01 9.974965862539827421e-01 1.137915339098771066e-04 1.479289940828402332e-03 2.275830678197542133e-04 6.827492034592626399e-04
2.220000000000000000e+03 8.880023755651444972e-01 9.980655439235320836e-01 1.137915339098771066e-04 9.103322712790168532e-04 1.137915339098771066e-04 7.965407373691396923e-04
2.250000000000000000e+03 9.000024076673762696e-01 9.974965862539827421e-01 1.137915339098771066e-04 1.137915339098770958e-03 3.413746017296313199e-04 9.103322712790168532e-04
2.280000000000000000e+03 9.120024397696078200e-01 9.972690031861629611e-01 2.275830678197542133e-04 7.965407373691396923e-04 3.413746017296313199e-04 1.365498406918525280e-03
2.310000000000000000e+03 9.240024718718395924e-01 9.980655439235320836e-01 1.137915339098771066e-04 2.275830678197542133e-04 3.413746017296313199e-04 1.251706873008648227e-03
2.340000000000000000e+03 9.360025039740711428e-01 9.979517523896221931e-01 0.000000000000000000e+00 6.827492034592626399e-04 4.551661356395084266e-04 9.103322712790168532e-04
2.370000000000000000e+03 9.480025360763029152e-01 9.977241693218024121e-01 0.000000000000000000e+00 1.024123805188893906e-03 2.275830678197542133e-04 1.024123805188893906e-03
2.400000000000000000e+03 9.600025681785344656e-01 9.977241693218024121e-01 3.413746017296313199e-04 1.479289940828402332e-03 2.275830678197542133e-04 2.275830678197542133e-04
2.430000000000000000e+03 9.720026002807662380e-01 9.974965862539827421e-01 3.413746017296313199e-04 1.251706873008648227e-03 1.137915339098771066e-04 7.965407373691396923e-04
2.460000000000000000e+03 9.840026323829980104e-01 9.977241693218024121e-01 2.275830678197542133e-04 9.103322712790168532e-04 0.000000000000000000e+00 1.137915339098770958e-03
2.490000000000000000e+03 9.960026644852295608e-01 9.971552116522530707e-01 3.413746017296313199e-04 7.965407373691396923e-04 0.000000000000000000e+00 1.706873008648156654e-03
