# itime ezz other fcc hcp bcc ico
0.000000000000000000e+00 0.000000000000000000e+00 0.000000000000000000e+00 1.000000000000000000e+00 0.000000000000000000e+00 0.000000000000000000e+00 0.000000000000000000e+00
2.500000000000000000e+02 9.999792549049146828e-04 1.251706873008648227e-03 9.986345015930814251e-01 0.000000000000000000e+00 1.137915339098771066e-04 0.000000000000000000e+00
5.000000000000000000e+02 1.999958509809607321e-03 3.413746017296313199e-04 9.996586253982703285e-01 0.000000000000000000e+00 0.000000000000000000e+00 0.000000000000000000e+00
7.500000000000000000e+02 2.999937764714522004e-03 6.827492034592626399e-04 9.993172507965407680e-01 0.000000000000000000e+00 0.000000000000000000e+00 0.000000000000000000e+00
1.000000000000000000e+03 3.999917019619214642e-03 2.275830678197542133e-04 9.997724169321802190e-01 0.000000000000000000e+00 0.000000000000000000e+00 0.000000000000000000e+00
1.250000000000000000e+03 4.999896274524129325e-03 3.413746017296313199e-04 9.996586253982703285e-01 0.000000000000000000e+00 0.000000000000000000e+00 0.000000000000000000e+00
1.500000000000000000e+03 5.999875529428821963e-03 4.551661356395084266e-04 9.995448338643604380e-01 0.000000000000000000e+00 0.000000000000000000e+00 0.000000000000000000e+00
1.750000000000000000e+03 6.999854784333736646e-03 2.275830678197542133e-04 9.997724169321802190e-01 0.000000000000000000e+00 0.000000000000000000e+00 0.000000000000000000e+00
2.000000000000000000e+03 7.999834039238429284e-03 1.365498406918525280e-03 9.986345015930814251e-01 0.000000000000000000e+00 0.000000000000000000e+00 0.000000000000000000e+00
2.250000000000000000e+03 8.999813294143343967e-03 2.617205279927173507e-03 9.973827947200728516e-01 0.000000000000000000e+00 0.000000000000000000e+00 0.000000000000000000e+00
2.500000000000000000e+03 9.999792549048258650e-03 5.689576695493854790e-04 9.994310423304506585e-01 0.000000000000000000e+00 0.000000000000000000e+00 0.000000000000000000e+00
2.750000000000000000e+03 1.099977180395295129e-02 1.706873008648156654e-03 9.982931269913518646e-01 0.000000000000000000e+00 0.000000000000000000e+00 0.000000000000000000e+00
3.000000000000000000e+03 1.199975105885786597e-02 1.251706873008648227e-03 9.987482931269913156e-01 0.000000000000000000e+00 0.000000000000000000e+00 0.000000000000000000e+00
3.250000000000000000e+03 1.299973031376255861e-02 3.868912152935821518e-03 9.961310878470641672e-01 0.000000000000000000e+00 0.000000000000000000e+00 0.000000000000000000e+00
3.500000000000000000e+03 1.399970956866747329e-02 2.162039144287664864e-03 9.978379608557123026e-01 0.000000000000000000e+00 0.000000000000000000e+00 0.000000000000000000e+00
3.750000000000000000e+03 1.499968882357216593e-02 2.503413746017296455e-03 9.974965862539827421e-01 0.000000000000000000e+00 0.000000000000000000e+00 0.000000000000000000e+00
4.000000000000000000e+03 1.599966807847708061e-02 2.389622212107419402e-03 9.976103777878926326e-01 0.000000000000000000e+00 0.000000000000000000e+00 0.000000000000000000e+00
4.250000000000000000e+03 1.699964733338199530e-02 1.706873008648156654e-03 9.982931269913518646e-01 0.000000000000000000e+00 0.000000000000000000e+00 0.000000000000000000e+00
4.500000000000000000e+03 1.799962658828668793e-02 3.641329085116067413e-03 9.963586709148839482e-01 0.000000000000000000e+00 0.000000000000000000e+00 0.000000000000000000e+00
4.750000000000000000e+03 1.899960584319160262e-02 1.706873008648156654e-03 9.981793354574419741e-01 0.000000000000000000e+00 1.137915339098771066e-04 0.000000000000000000e+00
5.000000000000000000e+03 1.999958509809629525e-02 3.413746017296313308e-03 9.965862539827037292e-01 0.000000000000000000e+00 0.000000000000000000e+00 0.000000000000000000e+00
5.250000000000000000e+03 2.099956435300120994e-02 2.503413746017296455e-03 9.974965862539827421e-01 0.000000000000000000e+00 0.000000000000000000e+00 0.000000000000000000e+00
5.500000000000000000e+03 2.199954360790590258e-02 2.275830678197541916e-03 9.977241693218024121e-01 0.000000000000000000e+00 0.000000000000000000e+00 0.000000000000000000e+00
5.750000000000000000e+03 2.299952286281081726e-02 3.982703686845699004e-03 9.959035047792443862e-01 0.000000000000000000e+00 1.137915339098771066e-04 0.000000000000000000e+00
6.000000000000000000e+03 2.399950211771550990e-02 7.965407373691396923e-04 9.990896677287209870e-01 0.000000000000000000e+00 1.137915339098771066e-04 0.000000000000000000e+00
6.250000000000000000e+03 2.499948137262042458e-02 1.706873008648156654e-03 9.982931269913518646e-01 0.000000000000000000e+00 0.000000000000000000e+00 0.000000000000000000e+00
6.500000000000000000e+03 2.599946062752533926e-02 2.958579881656804664e-03 9.970414201183431802e-01 0.000000000000000000e+00 0.000000000000000000e+00 0.000000000000000000e+00
6.750000000000000000e+03 2.699943988243003190e-02 2.730996813837050560e-03 9.972690031861629611e-01 0.000000000000000000e+00 0.000000000000000000e+00 0.000000000000000000e+00
7.000000000000000000e+03 2.799941913733494658e-02 1.024123805188893906e-03 9.989758761948110966e-01 0.000000000000000000e+00 0.000000000000000000e+00 0.000000000000000000e+00
7.250000000000000000e+03 2.899939839223963922e-02 2.503413746017296455e-03 9.974965862539827421e-01 0.000000000000000000e+00 0.000000000000000000e+00 0.000000000000000000e+00
7.500000000000000000e+03 2.999937764714455390e-02 4.324078288575329727e-03 9.956759217114247162e-01 0.000000000000000000e+00 0.000000000000000000e+00 0.000000000000000000e+00
7.750000000000000000e+03 3.099935690204924654e-02 3.299954483386436255e-03 9.965862539827037292e-01 0.000000000000000000e+00 1.137915339098771066e-04 0.000000000000000000e+00
8.000000000000000000e+03 3.199933615695416123e-02 2.844788347746927612e-03 9.971552116522530707e-01 0.000000000000000000e+00 0.000000000000000000e+00 0.000000000000000000e+00
8.250000000000000000e+03 3.299931541185885386e-02 4.210286754665453109e-03 9.956759217114247162e-01 0.000000000000000000e+00 1.137915339098771066e-04 0.000000000000000000e+00
8.500000000000000000e+03 3.399929466676376855e-02 6.258534365043240920e-03 9.937414656349567998e-01 0.000000000000000000e+00 0.000000000000000000e+00 0.000000000000000000e+00
8.750000000000000000e+03 3.499927392166868323e-02 6.372325898953117539e-03 9.936276741010469093e-01 0.000000000000000000e+00 0.000000000000000000e+00 0.000000000000000000e+00
9.000000000000000000e+03 3.599925317657337587e-02 3.868912152935821518e-03 9.961310878470641672e-01 0.000000000000000000e+00 0.000000000000000000e+00 0.000000000000000000e+00
9.250000000000000000e+03 3.699923243147829055e-02 3.641329085116067413e-03 9.962448793809740577e-01 0.000000000000000000e+00 1.137915339098771066e-04 0.000000000000000000e+00
9.500000000000000000e+03 3.799921168638298319e-02 5.461993627674101119e-03 9.944242148384160318e-01 0.000000000000000000e+00 1.137915339098771066e-04 0.000000000000000000e+00
9.750000000000000000e+03 3.899919094128789787e-02 4.665452890304961318e-03 9.952207555757851543e-01 0.000000000000000000e+00 1.137915339098771066e-04 0.000000000000000000e+00
1.000000000000000000e+04 3.999917019619259051e-02 9.672280382339554228e-03 9.901001365498406370e-01 0.000000000000000000e+00 2.275830678197542133e-04 0.000000000000000000e+00
1.025000000000000000e+04 4.099914945109750519e-02 6.372325898953117539e-03 9.934000910332271284e-01 0.000000000000000000e+00 2.275830678197542133e-04 0.000000000000000000e+00
1.050000000000000000e+04 4.199912870600219783e-02 7.851615839781519654e-03 9.921483841602184439e-01 0.000000000000000000e+00 0.000000000000000000e+00 0.000000000000000000e+00
1.075000000000000000e+04 4.299910796090711251e-02 8.420573509330906217e-03 9.911242603550295405e-01 0.000000000000000000e+00 4.551661356395084266e-04 0.000000000000000000e+00
1.100000000000000000e+04 4.399908721581202720e-02 1.115157032316795548e-02 9.888484296768320636e-01 0.000000000000000000e+00 0.000000000000000000e+00 0.000000000000000000e+00
1.125000000000000000e+04 4.499906647071671983e-02 7.737824305871643035e-03 9.920345926263085534e-01 0.000000000000000000e+00 2.275830678197542133e-04 0.000000000000000000e+00
1.150000000000000000e+04 4.599904572562163452e-02 8.648156577150659455e-03 9.913518434228493215e-01 0.000000000000000000e+00 0.000000000000000000e+00 0.000000000000000000e+00
1.175000000000000000e+04 4.699902498052632716e-02 1.240327719617660522e-02 9.872553482020938187e-01 0.000000000000000000e+00 3.413746017296313199e-04 0.000000000000000000e+00
1.200000000000000000e+04 4.799900423543124184e-02 9.786071916249430847e-03 9.896449704142011861e-01 0.000000000000000000e+00 5.689576695493854790e-04 0.000000000000000000e+00
1.225000000000000000e+04 4.899898349033593448e-02 8.534365043240782836e-03 9.904415111515703085e-01 0.000000000000000000e+00 1.024123805188893906e-03 0.000000000000000000e+00
1.250000000000000000e+04 4.999896274524084916e-02 1.046882111970869403e-02 9.889622212107419541e-01 0.000000000000000000e+00 5.689576695493854790e-04 0.000000000000000000e+00
1.275000000000000000e+04 5.099894200014576384e-02 1.274465179790623508e-02 9.869139736003641472e-01 0.000000000000000000e+00 3.413746017296313199e-04 0.000000000000000000e+00
1.300000000000000000e+04 5.199892125505045648e-02 1.752389622212107562e-02 9.817933545744196300e-01 0.000000000000000000e+00 6.827492034592626399e-04 0.000000000000000000e+00
1.325000000000000000e+04 5.299890050995537116e-02 2.014110150204824826e-02 9.788347746927628101e-01 0.000000000000000000e+00 1.024123805188893906e-03 0.000000000000000000e+00
1.350000000000000000e+04 5.399887976486006380e-02 1.684114701866181243e-02 9.825898953117887524e-01 0.000000000000000000e+00 5.689576695493854790e-04 0.000000000000000000e+00
1.375000000000000000e+04 5.499885901976497848e-02 1.490669094219390124e-02 9.839553937187073274e-01 0.000000000000000000e+00 1.137915339098770958e-03 0.000000000000000000e+00
1.400000000000000000e+04 5.599883827466967112e-02 2.059626763768775473e-02 9.789485662266727006e-01 0.000000000000000000e+00 4.551661356395084266e-04 0.000000000000000000e+00
1.425000000000000000e+04 5.699881752957458581e-02 2.036868456986800149e-02 9.792899408284023721e-01 0.000000000000000000e+00 3.413746017296313199e-04 0.000000000000000000e+00
1.450000000000000000e+04 5.799879678447927844e-02 2.105143377332726468e-02 9.782658170232134687e-01 0.000000000000000000e+00 6.827492034592626399e-04 0.000000000000000000e+00
1.475000000000000000e+04 5.899877603938419313e-02 2.526172052799271692e-02 9.733727810650887324e-01 0.000000000000000000e+00 1.365498406918525280e-03 0.000000000000000000e+00
1.500000000000000000e+04 5.999875529428910781e-02 2.753755120619025970e-02 9.707555757851615841e-01 0.000000000000000000e+00 1.706873008648156654e-03 0.000000000000000000e+00
1.525000000000000000e+04 6.099873454919380045e-02 3.846153846153846367e-02 9.600591715976330986e-01 0.000000000000000000e+00 1.479289940828402332e-03 0.000000000000000000e+00
1.550000000000000000e+04 6.199871380409871513e-02 3.038233955393718558e-02 9.675694128356849832e-01 0.000000000000000000e+00 2.048247610377787811e-03 0.000000000000000000e+00
1.575000000000000000e+04 6.299869305900340777e-02 2.480655439235321044e-02 9.737141556668184039e-01 0.000000000000000000e+00 1.479289940828402332e-03 0.000000000000000000e+00
1.600000000000000000e+04 6.399867231390832245e-02 3.356850250341374825e-02 9.650659990896677254e-01 0.000000000000000000e+00 1.365498406918525280e-03 0.000000000000000000e+00
1.625000000000000000e+04 6.499865156881301509e-02 3.208921256258534527e-02 9.664314974965863003e-01 0.000000000000000000e+00 1.479289940828402332e-03 0.000000000000000000e+00
1.650000000000000000e+04 6.599863082371792977e-02 3.345471096950387163e-02 9.642694583522986029e-01 0.000000000000000000e+00 2.275830678197541916e-03 0.000000000000000000e+00
1.675000000000000000e+04 6.699861007862262241e-02 3.459262630860263782e-02 9.637005006827491504e-01 0.000000000000000000e+00 1.706873008648156654e-03 0.000000000000000000e+00
1.700000000000000000e+04 6.799858933352753709e-02 3.629949931725079404e-02 9.616522530723714546e-01 0.000000000000000000e+00 2.048247610377787811e-03 0.000000000000000000e+00
1.725000000000000000e+04 6.899856858843245178e-02 4.585798816568047165e-02 9.516385980883022011e-01 0.000000000000000000e+00 2.503413746017296455e-03 0.000000000000000000e+00
1.750000000000000000e+04 6.999854784333714441e-02 4.745106964041875125e-02 9.493627674101047242e-01 0.000000000000000000e+00 3.186162949476558769e-03 0.000000000000000000e+00
1.775000000000000000e+04 7.099852709824205910e-02 4.540282203004096517e-02 9.518661811561219821e-01 0.000000000000000000e+00 2.730996813837050560e-03 0.000000000000000000e+00
1.800000000000000000e+04 7.199850635314675174e-02 5.302685480200273332e-02 9.436731907146108655e-01 0.000000000000000000e+00 3.299954483386436255e-03 0.000000000000000000e+00
1.825000000000000000e+04 7.299848560805166642e-02 6.781975421028675621e-02 9.281975421028675344e-01 0.000000000000000000e+00 3.982703686845699004e-03 0.000000000000000000e+00
1.850000000000000000e+04 7.399846486295635906e-02 7.385070550751024476e-02 9.201183431952663083e-01 0.000000000000000000e+00 6.030951297223486815e-03 0.000000000000000000e+00
1.875000000000000000e+04 7.499844411786127374e-02 7.203004096495220498e-02 9.223941738734637852e-01 0.000000000000000000e+00 5.575785161583977738e-03 0.000000000000000000e+00
1.900000000000000000e+04 7.599842337276618842e-02 6.702321347291761988e-02 9.275147928994083024e-01 0.000000000000000000e+00 5.461993627674101119e-03 0.000000000000000000e+00
1.925000000000000000e+04 7.699840262767088106e-02 7.897132453345470648e-02 9.136322257624033272e-01 0.000000000000000000e+00 7.396449704142011444e-03 0.000000000000000000e+00
1.950000000000000000e+04 7.799838188257579574e-02 8.955393718707328754e-02 8.994082840236686804e-01 0.000000000000000000e+00 1.103777878925807886e-02 0.000000000000000000e+00
1.975000000000000000e+04 7.899836113748048838e-02 1.043468365953573035e-01 8.838188438780154588e-01 0.000000000000000000e+00 1.183431952662721866e-02 0.000000000000000000e+00
2.000000000000000000e+04 7.999834039238540306e-02 1.029813381884387841e-01 8.851843422849340337e-01 0.000000000000000000e+00 1.183431952662721866e-02 0.000000000000000000e+00
2.025000000000000000e+04 8.099831964729009570e-02 1.242603550295857950e-01 8.626536185707783799e-01 0.000000000000000000e+00 1.308602639963586667e-02 0.000000000000000000e+00
2.050000000000000000e+04 8.199829890219501038e-02 1.405325443786982209e-01 8.361401911697770029e-01 0.000000000000000000e+00 2.332726445152480746e-02 0.000000000000000000e+00
2.075000000000000000e+04 8.299827815709970302e-02 1.349567592171142527e-01 8.386436049157942607e-01 0.000000000000000000e+00 2.639963586709149004e-02 0.000000000000000000e+00
2.100000000000000000e+04 8.399825741200461771e-02 1.685252617205279801e-01 7.845926263086026031e-01 1.137915339098771066e-04 4.676832043695949154e-02 0.000000000000000000e+00
2.125000000000000000e+04 8.499823666690953239e-02 1.883249886208466228e-01 7.439690487027764698e-01 6.827492034592626399e-04 6.702321347291761988e-02 0.000000000000000000e+00
2.150000000000000000e+04 8.599821592181422503e-02 2.142694583522985752e-01 6.917387346381429492e-01 3.072371415566681717e-03 9.091943559399180697e-02 0.000000000000000000e+00
2.175000000000000000e+04 8.699819517671913971e-02 2.159763313609467383e-01 6.888939462903960198e-01 1.627218934911242587e-02 7.885753299954482987e-02 0.000000000000000000e+00
2.200000000000000000e+04 8.799817443162383235e-02 2.151797906235776159e-01 6.495220755575785709e-01 4.176149294492489950e-02 9.353664087391898307e-02 0.000000000000000000e+00
2.225000000000000000e+04 8.899815368652874703e-02 2.149522075557578626e-01 6.205052344105598250e-01 7.931269913518433634e-02 8.522985889849794827e-02 0.000000000000000000e+00
2.250000000000000000e+04 8.999813294143343967e-02 1.998179335457442030e-01 6.160673645880746507e-01 1.135639508420573512e-01 7.055075102412380894e-02 0.000000000000000000e+00
2.275000000000000000e+04 9.099811219633835435e-02 1.578288575329995502e-01 6.238051888939463163e-01 1.673873463814292140e-01 5.097860719162494031e-02 0.000000000000000000e+00
2.300000000000000000e+04 9.199809145124304699e-02 1.161811561219845274e-01 6.347291761492944717e-01 2.111970869367319203e-01 3.789258079198907364e-02 0.000000000000000000e+00
2.325000000000000000e+04 9.299807070614796167e-02 1.059399180700955900e-01 6.391670459717796460e-01 2.212107419208010906e-01 3.368229403732362487e-02 0.000000000000000000e+00
2.350000000000000000e+04 9.399804996105287636e-02 1.085571233500227523e-01 6.429221665908056993e-01 2.328174783796085612e-01 1.570323167956303931e-02 0.000000000000000000e+00
2.375000000000000000e+04 9.499802921595756899e-02 9.990896677287210148e-02 6.512289485662267063e-01 2.360036413290851065e-01 1.285844333181611343e-02 0.000000000000000000e+00
2.400000000000000000e+04 9.599800847086248368e-02 9.956759217114247162e-02 6.513427401001365968e-01 2.374829312699135164e-01 1.160673645880746542e-02 0.000000000000000000e+00
2.425000000000000000e+04 9.699798772576717631e-02 9.990896677287210148e-02 6.507737824305871444e-01 2.338416021847974646e-01 1.547564861174328607e-02 0.000000000000000000e+00
2.450000000000000000e+04 9.799796698067209100e-02 1.016158397815202508e-01 6.482703686845698865e-01 2.380518889394629134e-01 1.206190259444697363e-02 0.000000000000000000e+00
2.475000000000000000e+04 9.899794623557678364e-02 1.070778334091943562e-01 6.429221665908056993e-01 2.339553937187073274e-01 1.604460628129267263e-02 0.000000000000000000e+00
2.500000000000000000e+04 9.999792549048169832e-02 1.124260355029585851e-01 6.384842967683204140e-01 2.346381429221665871e-01 1.445152480655439303e-02 0.000000000000000000e+00
2.525000000000000000e+04 1.009979047453863910e-01 1.218707328174783860e-01 6.284706417842512716e-01 2.300864815657714946e-01 1.957214383249886169e-02 0.000000000000000000e+00
2.550000000000000000e+04 1.019978840002913056e-01 1.208466090122894826e-01 6.259672280382339027e-01 2.337278106508875741e-01 1.945835229858898507e-02 0.000000000000000000e+00
2.575000000000000000e+04 1.029978632551962203e-01 1.298361401911697632e-01 6.175466545289030051e-01 2.346381429221665871e-01 1.797906235776058209e-02 0.000000000000000000e+00
2.600000000000000000e+04 1.039978425101009130e-01 1.389394629039599482e-01 6.094674556213017791e-01 2.305416477014110288e-01 2.105143377332726468e-02 0.000000000000000000e+00
2.625000000000000000e+04 1.049978217650058276e-01 1.418980427856167403e-01 6.096950386891215601e-01 2.299726900318616318e-01 1.843422849340009204e-02 0.000000000000000000e+00
2.650000000000000000e+04 1.059978010199105203e-01 1.465634956759217233e-01 6.017296313154301135e-01 2.273554847519344557e-01 2.435138825671370050e-02 0.000000000000000000e+00
2.675000000000000000e+04 1.069977802748154350e-01 1.513427401001365413e-01 5.991124260355029651e-01 2.273554847519344557e-01 2.218934911242603433e-02 0.000000000000000000e+00
2.700000000000000000e+04 1.079977595297201276e-01 1.700045516613563901e-01 5.829540282203004020e-01 2.228038233955393632e-01 2.423759672280382388e-02 0.000000000000000000e+00
2.725000000000000000e+04 1.089977387846250423e-01 1.670459717796995980e-01 5.805644060081930347e-01 2.250796540737369233e-01 2.730996813837050646e-02 0.000000000000000000e+00
2.750000000000000000e+04 1.099977180395299570e-01 1.846836595357305433e-01 5.549613108784706705e-01 2.181383705052344080e-01 4.221665908056440597e-02 0.000000000000000000e+00
2.775000000000000000e+04 1.109976972944346496e-01 2.049385525716886647e-01 5.277651342740100615e-01 2.094902139280837572e-01 5.780609922621757213e-02 0.000000000000000000e+00
2.800000000000000000e+04 1.119976765493395643e-01 2.182521620391442985e-01 5.023896222121073674e-01 2.028903049613108855e-01 7.646791078743742087e-02 0.000000000000000000e+00
2.825000000000000000e+04 1.129976558042442569e-01 2.428311333636777314e-01 4.573281747837960598e-01 1.891215293582157453e-01 1.107191624943104219e-01 0.000000000000000000e+00
2.850000000000000000e+04 1.139976350591491716e-01 2.683204369594902050e-01 3.804050978607191880e-01 1.896904870277651423e-01 1.615839781520254925e-01 0.000000000000000000e+00
2.875000000000000000e+04 1.149976143140538642e-01 2.798133818843878129e-01 3.303368229403732537e-01 1.879836140191169791e-01 2.018661811561219821e-01 0.000000000000000000e+00
2.900000000000000000e+04 1.159975935689587789e-01 2.949476558944014726e-01 2.837960855712334807e-01 2.089212562585343602e-01 2.123350022758306865e-01 0.000000000000000000e+00
2.925000000000000000e+04 1.169975728238634716e-01 2.894856622667273394e-01 2.617205279927173334e-01 2.188211197086936677e-01 2.299726900318616318e-01 0.000000000000000000e+00
2.950000000000000000e+04 1.179975520787683863e-01 2.778789258079198965e-01 2.959717796995903760e-01 2.311106053709603980e-01 1.950386891215293572e-01 0.000000000000000000e+00
2.975000000000000000e+04 1.189975313336733009e-01 2.745789713245334607e-01 2.946062812926718011e-01 2.349795175238962308e-01 1.958352298588985074e-01 0.000000000000000000e+00
3.000000000000000000e+04 1.199975105885779936e-01 2.734410559854346667e-01 2.812926718252162228e-01 2.441966317705962786e-01 2.010696404187528319e-01 0.000000000000000000e+00
3.025000000000000000e+04 1.209974898434829083e-01 2.856167501137915066e-01 2.683204369594902050e-01 2.447655894401456478e-01 2.012972234865725851e-01 0.000000000000000000e+00
3.050000000000000000e+04 1.219974690983876009e-01 2.781065088757396220e-01 2.474965862539827144e-01 2.461310878470641672e-01 2.282658170232134687e-01 0.000000000000000000e+00
3.075000000000000000e+04 1.229974483532925156e-01 2.779927173418297870e-01 2.440828402366863881e-01 2.674101046882111921e-01 2.105143377332726329e-01 0.000000000000000000e+00
3.100000000000000000e+04 1.239974276081972082e-01 2.840236686390532617e-01 2.518206645425580259e-01 2.653618570778333852e-01 1.987938097405552995e-01 0.000000000000000000e+00
3.125000000000000000e+04 1.249974068631021229e-01 2.893718707328175044e-01 2.532999544833864358e-01 2.723031406463359283e-01 1.850250341374601593e-01 0.000000000000000000e+00
3.150000000000000000e+04 1.259973861180068155e-01 2.908511606736458588e-01 2.440828402366863881e-01 2.683204369594902050e-01 1.967455621301775204e-01 0.000000000000000000e+00
3.175000000000000000e+04 1.269973653729117302e-01 2.936959490213927881e-01 2.431725079654073751e-01 2.787892580791989094e-01 1.843422849340008995e-01 0.000000000000000000e+00
3.200000000000000000e+04 1.279973446278166449e-01 2.812926718252162228e-01 2.453345471096950448e-01 2.889167045971779424e-01 1.844560764679107900e-01 0.000000000000000000e+00
3.225000000000000000e+04 1.289973238827213375e-01 2.718479745106964218e-01 2.476103777878925771e-01 2.942649066909421851e-01 1.862767410104688159e-01 0.000000000000000000e+00
3.250000000000000000e+04 1.299973031376262522e-01 2.849340009103322746e-01 2.299726900318616318e-01 2.982476103777879084e-01 1.868456986800182129e-01 0.000000000000000000e+00
3.275000000000000000e+04 1.309972823925309449e-01 2.729858898497951603e-01 2.420345926263086089e-01 3.042785616750113831e-01 1.807009558488848477e-01 0.000000000000000000e+00
3.300000000000000000e+04 1.319972616474358595e-01 2.939235320892125691e-01 2.307692307692307820e-01 3.054164770141101770e-01 1.698907601274465273e-01 0.000000000000000000e+00
3.325000000000000000e+04 1.329972409023405522e-01 2.866408739189804100e-01 2.297451069640418786e-01 3.113336367774237612e-01 1.722803823395539502e-01 0.000000000000000000e+00
3.350000000000000000e+04 1.339972201572454669e-01 2.919890760127446527e-01 2.165452890304961353e-01 3.098543468365953513e-01 1.816112881201638607e-01 0.000000000000000000e+00
3.375000000000000000e+04 1.349971994121503815e-01 2.827719617660446327e-01 2.126763768775603025e-01 3.196404187528447682e-01 1.849112426035502965e-01 0.000000000000000000e+00
3.400000000000000000e+04 1.359971786670550742e-01 2.721893491124260378e-01 1.991351843422849432e-01 3.214610832954028496e-01 2.072143832498861971e-01 0.000000000000000000e+00
3.425000000000000000e+04 1.369971579219599889e-01 2.889167045971779424e-01 1.911697769685935244e-01 3.252162039144287919e-01 1.946973145197997135e-01 0.000000000000000000e+00
3.450000000000000000e+04 1.379971371768646815e-01 2.758306781975420896e-01 1.843422849340008995e-01 3.309057806099225951e-01 2.089212562585343602e-01 0.000000000000000000e+00
3.475000000000000000e+04 1.389971164317695962e-01 2.759444697314519801e-01 1.769458352298589054e-01 3.395539371870732737e-01 2.075557578516158408e-01 0.000000000000000000e+00
3.500000000000000000e+04 1.399970956866742888e-01 2.801547564861174289e-01 1.638598088302230249e-01 3.568502503413745752e-01 1.991351843422849432e-01 0.000000000000000000e+00
3.525000000000000000e+04 1.409970749415792035e-01 2.801547564861174289e-01 1.472462448793809831e-01 3.570778334091943562e-01 2.155211652253072319e-01 0.000000000000000000e+00
3.550000000000000000e+04 1.419970541964838961e-01 2.835685025034137552e-01 1.322257624032771861e-01 3.665225307237141572e-01 2.176832043695949015e-01 0.000000000000000000e+00
3.575000000000000000e+04 1.429970334513888108e-01 2.880063723258989294e-01 1.293809740555302568e-01 3.526399635867091265e-01 2.299726900318616318e-01 0.000000000000000000e+00
3.600000000000000000e+04 1.439970127062937255e-01 2.712790168411470249e-01 1.200500682749203463e-01 3.752844788347746707e-01 2.333864360491579304e-01 0.000000000000000000e+00
3.625000000000000000e+04 1.449969919611984182e-01 2.874374146563495880e-01 1.134501593081474746e-01 3.833636777423759523e-01 2.157487482931269851e-01 0.000000000000000000e+00
3.650000000000000000e+04 1.459969712161033328e-01 2.814064633591260578e-01 1.106053709604005453e-01 3.962221210741920796e-01 2.117660446062812896e-01 0.000000000000000000e+00
3.675000000000000000e+04 1.469969504710080255e-01 2.807237141556668258e-01 1.083295402822029990e-01 4.049840691852525931e-01 2.059626763768775681e-01 0.000000000000000000e+00
3.700000000000000000e+04 1.479969297259129402e-01 2.754893035958124736e-01 1.015020482476103741e-01 4.201183431952662528e-01 2.028903049613108855e-01 0.000000000000000000e+00
3.725000000000000000e+04 1.489969089808176328e-01 2.718479745106964218e-01 9.877105143377332142e-02 4.338871187983613931e-01 1.954938552571688637e-01 0.000000000000000000e+00
3.750000000000000000e+04 1.499968882357225475e-01 2.690031861629494925e-01 9.490213928083750250e-02 4.419663177059626746e-01 1.941283568502503443e-01 0.000000000000000000e+00
3.775000000000000000e+04 1.509968674906272401e-01 2.756030951297223641e-01 9.638142922166591242e-02 4.440145653163404815e-01 1.840009103322712836e-01 0.000000000000000000e+00
3.800000000000000000e+04 1.519968467455321548e-01 2.687756030951297115e-01 9.911242603550296515e-02 4.468593536640874109e-01 1.852526172052799402e-01 0.000000000000000000e+00
3.825000000000000000e+04 1.529968260004370695e-01 2.799271734182977034e-01 9.842967683204369156e-02 4.482248520710059303e-01 1.734182976786527164e-01 0.000000000000000000e+00
3.850000000000000000e+04 1.539968052553417621e-01 2.628584433318161273e-01 9.956759217114247162e-02 4.590350477924442507e-01 1.785389167045971781e-01 0.000000000000000000e+00
3.875000000000000000e+04 1.549967845102466768e-01 2.710514337733272439e-01 1.018434228493400040e-01 4.575557578516158408e-01 1.695493855257168836e-01 0.000000000000000000e+00
3.900000000000000000e+04 1.559967637651513694e-01 2.662721893491124536e-01 1.038916704597177970e-01 4.602867546654528796e-01 1.695493855257168836e-01 0.000000000000000000e+00
3.925000000000000000e+04 1.569967430200562841e-01 2.627446517979062368e-01 1.021847974510696339e-01 4.680245789713245452e-01 1.670459717796995980e-01 0.000000000000000000e+00
3.950000000000000000e+04 1.579967222749609768e-01 2.686618115612198210e-01 1.025261720527992776e-01 4.773554847519344557e-01 1.514565316340464318e-01 0.000000000000000000e+00
3.975000000000000000e+04 1.589967015298658914e-01 2.662721893491124536e-01 1.084433318161128756e-01 4.943104233045061413e-01 1.309740555302685572e-01 0.000000000000000000e+00
4.000000000000000000e+04 1.599966807847705841e-01 2.641101502048247562e-01 1.125398270368684617e-01 5.065999089667728716e-01 1.167501137915339104e-01 0.000000000000000000e+00
4.025000000000000000e+04 1.609966600396754988e-01 2.488620846609012338e-01 1.166363222576240338e-01 5.302685480200273194e-01 1.042330450614474269e-01 0.000000000000000000e+00
4.050000000000000000e+04 1.619966392945804134e-01 2.385070550751024199e-01 1.217569412835685094e-01 5.447200728265817471e-01 9.501593081474737912e-02 0.000000000000000000e+00
4.075000000000000000e+04 1.629966185494851061e-01 2.313381884387801513e-01 1.154984069185252676e-01 5.492717341829768118e-01 1.038916704597177970e-01 0.000000000000000000e+00
4.100000000000000000e+04 1.639965978043900208e-01 2.403277196176604458e-01 1.195949021392808398e-01 5.541647701411015481e-01 8.591260810195720798e-02 0.000000000000000000e+00
4.125000000000000000e+04 1.649965770592947134e-01 2.348657259899863403e-01 1.194811106053709632e-01 5.621301775147928836e-01 8.352298588984979899e-02 0.000000000000000000e+00
4.150000000000000000e+04 1.659965563141996281e-01 2.342967683204369711e-01 1.177742375967228000e-01 5.636094674556213491e-01 8.431952662721893532e-02 0.000000000000000000e+00
4.175000000000000000e+04 1.669965355691043207e-01 2.358898497951752438e-01 1.207328174783796060e-01 5.724852071005916976e-01 7.089212562585343880e-02 0.000000000000000000e+00
4.200000000000000000e+04 1.679965148240092354e-01 2.283796085571233592e-01 1.199362767410104696e-01 5.718024578971324656e-01 7.988165680473373331e-02 0.000000000000000000e+00
4.225000000000000000e+04 1.689964940789141501e-01 2.344105598543468338e-01 1.197086936731907164e-01 5.679335457441966328e-01 7.794720072826581692e-02 0.000000000000000000e+00
4.250000000000000000e+04 1.699964733338188427e-01 2.364588074647246130e-01 1.189121529358215801e-01 5.704369594902138907e-01 7.419208010923987462e-02 0.000000000000000000e+00
4.275000000000000000e+04 1.709964525887237574e-01 2.338416021847974646e-01 1.200500682749203463e-01 5.703231679563040002e-01 7.578516158397814728e-02 0.000000000000000000e+00
4.300000000000000000e+04 1.719964318436284501e-01 2.363450159308147502e-01 1.197086936731907164e-01 5.691852526172053173e-01 7.476103777878925771e-02 0.000000000000000000e+00
4.325000000000000000e+04 1.729964110985333647e-01 2.411242603550295960e-01 1.194811106053709632e-01 5.646335912608101415e-01 7.476103777878925771e-02 0.000000000000000000e+00
4.350000000000000000e+04 1.739963903534380574e-01 2.350933090578060936e-01 1.232362312243969055e-01 5.708921256258534527e-01 7.077833409194356218e-02 0.000000000000000000e+00
4.375000000000000000e+04 1.749963696083429721e-01 2.355484751934456000e-01 1.202776513427400995e-01 5.738507055075102725e-01 7.032316795630405570e-02 0.000000000000000000e+00
4.400000000000000000e+04 1.759963488632476647e-01 2.370277651342740100e-01 1.194811106053709632e-01 5.707783340919435622e-01 7.271279016841146470e-02 0.000000000000000000e+00
4.425000000000000000e+04 1.769963281181525794e-01 2.242831133363677731e-01 1.216431497496586189e-01 5.938780154756485574e-01 6.019572143832498806e-02 0.000000000000000000e+00
4.450000000000000000e+04 1.779963073730574941e-01 2.345243513882567243e-01 1.116294947655894348e-01 5.960400546199362548e-01 5.780609922621757213e-02 0.000000000000000000e+00
4.475000000000000000e+04 1.789962866279621867e-01 2.216659080564405970e-01 1.135639508420573512e-01 6.075329995448338627e-01 5.723714155666818210e-02 0.000000000000000000e+00
4.500000000000000000e+04 1.799962658828671014e-01 2.325898953117888079e-01 1.110605370960400518e-01 6.004779244424214291e-01 5.587164314974965573e-02 0.000000000000000000e+00
4.525000000000000000e+04 1.809962451377717940e-01 2.258761948111060458e-01 1.107191624943104219e-01 6.009330905780609910e-01 6.247155211652252738e-02 0.000000000000000000e+00
4.550000000000000000e+04 1.819962243926767087e-01 2.298588984979517413e-01 1.112881201638598050e-01 5.983158852981338427e-01 6.053709604005461792e-02 0.000000000000000000e+00
4.575000000000000000e+04 1.829962036475814013e-01 2.357760582612653533e-01 1.101502048247610388e-01 6.034365043240782489e-01 5.063723258989531045e-02 0.000000000000000000e+00
4.600000000000000000e+04 1.839961829024863160e-01 2.332726445152480677e-01 1.110605370960400518e-01 6.010468821119708815e-01 5.461993627674101293e-02 0.000000000000000000e+00
4.625000000000000000e+04 1.849961621573910087e-01 2.349795175238962308e-01 1.076467910787437393e-01 5.959262630860263643e-01 6.144742831133363781e-02 0.000000000000000000e+00
4.650000000000000000e+04 1.859961414122959233e-01 2.352071005917159841e-01 1.092398725534820259e-01 5.989986345015930747e-01 5.655439235320892238e-02 0.000000000000000000e+00
4.675000000000000000e+04 1.869961206672008380e-01 2.281520254893036059e-01 1.088984979517523960e-01 5.996813837050523066e-01 6.326809285389166371e-02 0.000000000000000000e+00
4.700000000000000000e+04 1.879960999221055307e-01 2.298588984979517413e-01 1.107191624943104219e-01 6.004779244424214291e-01 5.894401456531633832e-02 0.000000000000000000e+00
4.725000000000000000e+04 1.889960791770104453e-01 2.239417387346381294e-01 1.134501593081474746e-01 6.010468821119708815e-01 6.156121984524351443e-02 0.000000000000000000e+00
4.750000000000000000e+04 1.899960584319151380e-01 2.265589440145653055e-01 1.141329085116067343e-01 6.029813381884387979e-01 5.632680928538916915e-02 0.000000000000000000e+00
4.775000000000000000e+04 1.909960376868200527e-01 2.294037323623122349e-01 1.110605370960400518e-01 5.979745106964041712e-01 6.156121984524351443e-02 0.000000000000000000e+00
4.800000000000000000e+04 1.919960169417247453e-01 2.295175238962221254e-01 1.141329085116067343e-01 6.036640873918980299e-01 5.268548020027309653e-02 0.000000000000000000e+00
4.825000000000000000e+04 1.929959961966296600e-01 2.192762858443331742e-01 1.149294492489758707e-01 6.095812471552116696e-01 5.621301775147929253e-02 0.000000000000000000e+00
4.850000000000000000e+04 1.939959754515343526e-01 2.267865270823850588e-01 1.123122439690487084e-01 6.106053709604005730e-01 5.029585798816568060e-02 0.000000000000000000e+00
4.875000000000000000e+04 1.949959547064392673e-01 2.162039144287664916e-01 1.158397815202548975e-01 6.198224852071005930e-01 4.813381884387801790e-02 0.000000000000000000e+00
4.900000000000000000e+04 1.959959339613441820e-01 2.173418297678652578e-01 1.172052799271734169e-01 6.199362767410104835e-01 4.551661356395084179e-02 0.000000000000000000e+00
4.925000000000000000e+04 1.969959132162488746e-01 2.172280382339553950e-01 1.202776513427400995e-01 6.202776513427401550e-01 4.221665908056440597e-02 0.000000000000000000e+00
4.950000000000000000e+04 1.979958924711537893e-01 2.140418752844788219e-01 1.186845698680018268e-01 6.210741920801092775e-01 4.619936276741010150e-02 0.000000000000000000e+00
4.975000000000000000e+04 1.989958717260584820e-01 2.148384160218479721e-01 1.219845243513882627e-01 6.191397360036413611e-01 4.403732362312243881e-02 0.000000000000000000e+00
5.000000000000000000e+04 1.999958509809633966e-01 2.185935366408739144e-01 1.198224852071005930e-01 6.181156121984524576e-01 4.346836595357305572e-02 0.000000000000000000e+00
5.025000000000000000e+04 2.009958302358680893e-01 2.117660446062812896e-01 1.178880291306326766e-01 6.274465179790623681e-01 4.289940828402366568e-02 0.000000000000000000e+00
5.050000000000000000e+04 2.019958094907730040e-01 2.156349567592171224e-01 1.187983614019117035e-01 6.225534820209376319e-01 4.301319981793354230e-02 0.000000000000000000e+00
5.075000000000000000e+04 2.029957887456779186e-01 2.124487938097405493e-01 1.206190259444697294e-01 6.258534365043241232e-01 4.107874374146563284e-02 0.000000000000000000e+00
5.100000000000000000e+04 2.039957680005826113e-01 2.149522075557578626e-01 1.182294037323623065e-01 6.205052344105598250e-01 4.631315430131998506e-02 0.000000000000000000e+00
5.125000000000000000e+04 2.049957472554875260e-01 2.134729176149294527e-01 1.214155666818388657e-01 6.279016841147018191e-01 3.720983158852981393e-02 0.000000000000000000e+00
5.150000000000000000e+04 2.059957265103922186e-01 2.171142467000455045e-01 1.189121529358215801e-01 6.201638598088302645e-01 4.380974055530268557e-02 0.000000000000000000e+00
5.175000000000000000e+04 2.069957057652971333e-01 2.237141556668183762e-01 1.183431952662721831e-01 6.209604005461993870e-01 3.698224852071006069e-02 0.000000000000000000e+00
5.200000000000000000e+04 2.079956850202018259e-01 2.239417387346381294e-01 1.158397815202548975e-01 6.145880746472462963e-01 4.563040509786071841e-02 0.000000000000000000e+00
5.225000000000000000e+04 2.089956642751067406e-01 2.263313609467455523e-01 1.143604915794264876e-01 6.116294947655894765e-01 4.767865270823850449e-02 0.000000000000000000e+00
5.250000000000000000e+04 2.099956435300114332e-01 2.266727355484751960e-01 1.162949476558944040e-01 6.082157487482930946e-01 4.881656804733727761e-02 0.000000000000000000e+00
5.275000000000000000e+04 2.109956227849163479e-01 2.355484751934456000e-01 1.144742831133363642e-01 6.067364588074647402e-01 4.324078288575330248e-02 0.000000000000000000e+00
5.300000000000000000e+04 2.119956020398212626e-01 2.314519799726900418e-01 1.166363222576240338e-01 6.073054164770140817e-01 4.460628129267182190e-02 0.000000000000000000e+00
5.325000000000000000e+04 2.129955812947259552e-01 2.190487027765134209e-01 1.249431042330450548e-01 6.035502958579881394e-01 5.245789713245334329e-02 0.000000000000000000e+00
5.350000000000000000e+04 2.139955605496308699e-01 1.581702321347291662e-01 1.415566681838871244e-01 6.569185252617205650e-01 4.335457441966317910e-02 0.000000000000000000e+00
5.375000000000000000e+04 2.149955398045355626e-01 5.405097860719162289e-02 2.017523896222121194e-01 7.378243058716431602e-01 6.372325898953117539e-03 0.000000000000000000e+00
5.400000000000000000e+04 2.159955190594404772e-01 1.308602639963586667e-02 2.300864815657714946e-01 7.555757851615839682e-01 1.251706873008648227e-03 0.000000000000000000e+00
5.425000000000000000e+04 2.169954983143451699e-01 2.503413746017296455e-03 2.304278561675011383e-01 7.670687300864815761e-01 0.000000000000000000e+00 0.000000000000000000e+00
5.450000000000000000e+04 2.179954775692500846e-01 1.251706873008648227e-03 2.303140646335912478e-01 7.684342284934000400e-01 0.000000000000000000e+00 0.000000000000000000e+00
5.475000000000000000e+04 2.189954568241547772e-01 1.820664542558033706e-03 2.303140646335912478e-01 7.678652708238506985e-01 0.000000000000000000e+00 0.000000000000000000e+00
5.500000000000000000e+04 2.199954360790596919e-01 9.103322712790168532e-04 2.304278561675011383e-01 7.686618115612198210e-01 0.000000000000000000e+00 0.000000000000000000e+00
5.525000000000000000e+04 2.209954153339646066e-01 4.551661356395084266e-04 2.307692307692307820e-01 7.687756030951297115e-01 0.000000000000000000e+00 0.000000000000000000e+00
5.550000000000000000e+04 2.219953945888692992e-01 2.162039144287664864e-03 2.299726900318616318e-01 7.677514792899408080e-01 1.137915339098771066e-04 0.000000000000000000e+00
5.575000000000000000e+04 2.229953738437742139e-01 3.413746017296313199e-04 2.307692307692307820e-01 7.688893946290396020e-01 0.000000000000000000e+00 0.000000000000000000e+00
5.600000000000000000e+04 2.239953530986789065e-01 5.689576695493854790e-04 2.306554392353208915e-01 7.687756030951297115e-01 0.000000000000000000e+00 0.000000000000000000e+00
5.625000000000000000e+04 2.249953323535838212e-01 1.024123805188893906e-03 2.306554392353208915e-01 7.683204369594902605e-01 0.000000000000000000e+00 0.000000000000000000e+00
5.650000000000000000e+04 2.259953116084885139e-01 6.827492034592626399e-04 2.305416477014110288e-01 7.687756030951297115e-01 0.000000000000000000e+00 0.000000000000000000e+00
5.675000000000000000e+04 2.269952908633934285e-01 2.162039144287664864e-03 2.303140646335912478e-01 7.675238962221210270e-01 0.000000000000000000e+00 0.000000000000000000e+00
