# itime ezz other fcc hcp bcc ico
0.000000000000000000e+00 0.000000000000000000e+00 1.479289940828402332e-03 9.985207100591716456e-01 0.000000000000000000e+00 0.000000000000000000e+00 0.000000000000000000e+00
3.000000000000000000e+01 1.199994936546699975e-02 2.389622212107419402e-03 9.976103777878926326e-01 0.000000000000000000e+00 0.000000000000000000e+00 0.000000000000000000e+00
6.000000000000000000e+01 2.399989873093399950e-02 1.593081474738279385e-03 9.984069185252617551e-01 0.000000000000000000e+00 0.000000000000000000e+00 0.000000000000000000e+00
9.000000000000000000e+01 3.599984809640099925e-02 4.324078288575329727e-03 9.956759217114247162e-01 0.000000000000000000e+00 0.000000000000000000e+00 0.000000000000000000e+00
1.200000000000000000e+02 4.799979746186799900e-02 1.149294492489758707e-02 9.882794720072826111e-01 0.000000000000000000e+00 2.275830678197542133e-04 0.000000000000000000e+00
1.500000000000000000e+02 5.999974682733499876e-02 2.401001365498407064e-02 9.749658625398270884e-01 0.000000000000000000e+00 1.024123805188893906e-03 0.000000000000000000e+00
1.800000000000000000e+02 7.199969619280199851e-02 3.197542102867546865e-02 9.663177059626764098e-01 0.000000000000000000e+00 1.706873008648156654e-03 0.000000000000000000e+00
2.100000000000000000e+02 8.399964555826899826e-02 7.020937642239417908e-02 9.245562130177514826e-01 0.000000000000000000e+00 5.234410559854347014e-03 0.000000000000000000e+00
2.400000000000000000e+02 9.599959492373622005e-02 1.347291761492944995e-01 8.570778334091943007e-01 0.000000000000000000e+00 8.192990441511151245e-03 0.000000000000000000e+00
2.700000000000000000e+02 1.079995442892032198e-01 2.430587164314974846e-01 7.387346381429221731e-01 0.000000000000000000e+00 1.820664542558033533e-02 0.000000000000000000e+00
3.000000000000000000e+02 1.199994936546702196e-01 3.896222121074192080e-01 5.685025034137459743e-01 1.137915339098771066e-04 4.176149294492489950e-02 0.000000000000000000e+00
3.300000000000000000e+02 1.319994430201372193e-01 5.356167501137915066e-01 3.746017296313154388e-01 1.934456076467910759e-03 8.784706417842512438e-02 0.000000000000000000e+00
3.600000000000000000e+02 1.439993923856042191e-01 6.552116522530723186e-01 2.071005917159763343e-01 5.803368229403732710e-03 1.318843878015475701e-01 0.000000000000000000e+00
3.900000000000000000e+02 1.559993417510712188e-01 7.115384615384615641e-01 1.074192080109239861e-01 1.194811106053709528e-02 1.690942193900773771e-01 0.000000000000000000e+00
4.200000000000000000e+02 1.679992911165382186e-01 7.627446517979061813e-01 5.609922621756941591e-02 1.695493855257168905e-02 1.642011834319526686e-01 0.000000000000000000e+00
4.500000000000000000e+02 1.799992404820052183e-01 7.980200273099681274e-01 3.288575329995448160e-02 2.401001365498407064e-02 1.450842057350933134e-01 0.000000000000000000e+00
4.800000000000000000e+02 1.919991898474722181e-01 8.294264906690942407e-01 2.332726445152480746e-02 2.787892580791988956e-02 1.193673190714610866e-01 0.000000000000000000e+00
5.100000000000000000e+02 2.039991392129392178e-01 8.595812471552116696e-01 1.706873008648156567e-02 2.799271734182976618e-02 9.535730541647700897e-02 0.000000000000000000e+00
5.400000000000000000e+02 2.159990885784062176e-01 8.854119253527537037e-01 1.422394173873463806e-02 2.969959035047792587e-02 7.066454255803368556e-02 0.000000000000000000e+00
5.700000000000000000e+02 2.279990379438732173e-01 9.079426490669094685e-01 1.160673645880746542e-02 2.605826126536185672e-02 5.439235320892125969e-02 0.000000000000000000e+00
6.000000000000000000e+02 2.399989873093402171e-01 9.245562130177514826e-01 1.149294492489758707e-02 2.719617660446062984e-02 3.664087391898043083e-02 1.137915339098771066e-04
6.300000000000000000e+02 2.519989366748072168e-01 9.429904415111515226e-01 8.875739644970414427e-03 2.173418297678652786e-02 2.628584433318160996e-02 1.137915339098771066e-04
6.600000000000000000e+02 2.639988860402744386e-01 9.462903959945380139e-01 1.115157032316795548e-02 2.207555757851615771e-02 2.036868456986800149e-02 1.137915339098771066e-04
6.900000000000000000e+02 2.759988354057414384e-01 9.563040509786071564e-01 9.672280382339554228e-03 1.854802002730996865e-02 1.536185707783340945e-02 1.137915339098771066e-04
7.200000000000000000e+02 2.879987847712084381e-01 9.564178425125170468e-01 8.761948111060537808e-03 2.014110150204824826e-02 1.456531634046426965e-02 1.137915339098771066e-04
7.500000000000000000e+02 2.999987341366754379e-01 9.637005006827491504e-01 8.192990441511151245e-03 1.581702321347291593e-02 1.194811106053709528e-02 3.413746017296313199e-04
7.800000000000000000e+02 3.119986835021424376e-01 9.674556213017750927e-01 9.444697314519799256e-03 1.445152480655439303e-02 8.648156577150659455e-03 0.000000000000000000e+00
8.100000000000000000e+02 3.239986328676094374e-01 9.730314064633591720e-01 6.713700500682749130e-03 1.206190259444697363e-02 7.851615839781519654e-03 3.413746017296313199e-04
8.400000000000000000e+02 3.359985822330764371e-01 9.726900318616295005e-01 6.486117432862995025e-03 1.308602639963586667e-02 7.396449704142011444e-03 3.413746017296313199e-04
8.700000000000000000e+02 3.479985315985434369e-01 9.766727355484752238e-01 6.486117432862995025e-03 1.274465179790623508e-02 4.096495220755575623e-03 0.000000000000000000e+00
9.000000000000000000e+02 3.599984809640104366e-01 9.773554847519344557e-01 5.917159763313609329e-03 1.046882111970869403e-02 5.803368229403732710e-03 4.551661356395084266e-04
9.300000000000000000e+02 3.719984303294776584e-01 9.837278106508875464e-01 3.868912152935821518e-03 8.761948111060537808e-03 3.527537551206190360e-03 1.137915339098771066e-04
9.600000000000000000e+02 3.839983796949444361e-01 9.849795175238962308e-01 4.779244424214838804e-03 7.282658170232134826e-03 2.730996813837050560e-03 2.275830678197542133e-04
9.900000000000000000e+02 3.959983290604114359e-01 9.845243513882566688e-01 4.210286754665453109e-03 8.534365043240782836e-03 2.503413746017296455e-03 2.275830678197542133e-04
1.020000000000000000e+03 4.079982784258784356e-01 9.862312243969049153e-01 3.527537551206190360e-03 8.192990441511151245e-03 2.048247610377787811e-03 0.000000000000000000e+00
1.050000000000000000e+03 4.199982277913456574e-01 9.861174328629950248e-01 3.755120619025944465e-03 7.510241238051888930e-03 2.162039144287664864e-03 4.551661356395084266e-04
1.080000000000000000e+03 4.319981771568126572e-01 9.883932635411925016e-01 3.527537551206190360e-03 5.803368229403732710e-03 1.820664542558033706e-03 4.551661356395084266e-04
1.110000000000000000e+03 4.439981265222794349e-01 9.916932180245789930e-01 1.593081474738279385e-03 4.437869822485207214e-03 1.593081474738279385e-03 6.827492034592626399e-04
1.140000000000000000e+03 4.559980758877466567e-01 9.908966772872098705e-01 2.389622212107419402e-03 5.006827492034592909e-03 1.137915339098770958e-03 5.689576695493854790e-04
1.170000000000000000e+03 4.679980252532136564e-01 9.924897587619481154e-01 2.275830678197541916e-03 4.551661356395083832e-03 4.551661356395084266e-04 2.275830678197542133e-04
1.200000000000000000e+03 4.799979746186806562e-01 9.932862994993172379e-01 2.048247610377787811e-03 2.730996813837050560e-03 1.365498406918525280e-03 5.689576695493854790e-04
1.230000000000000000e+03 4.919979239841474339e-01 9.930587164314974569e-01 2.048247610377787811e-03 3.527537551206190360e-03 9.103322712790168532e-04 4.551661356395084266e-04
1.260000000000000000e+03 5.039978733496146557e-01 9.935138825671370189e-01 1.479289940828402332e-03 2.844788347746927612e-03 1.706873008648156654e-03 4.551661356395084266e-04
1.290000000000000000e+03 5.159978227150818775e-01 9.948793809740554828e-01 1.365498406918525280e-03 2.617205279927173507e-03 6.827492034592626399e-04 4.551661356395084266e-04
1.320000000000000000e+03 5.279977720805486552e-01 9.953345471096950448e-01 1.706873008648156654e-03 1.820664542558033706e-03 4.551661356395084266e-04 6.827492034592626399e-04
1.350000000000000000e+03 5.399977214460154329e-01 9.944242148384160318e-01 1.820664542558033706e-03 2.389622212107419402e-03 6.827492034592626399e-04 6.827492034592626399e-04
1.380000000000000000e+03 5.519976708114826547e-01 9.967000455166135087e-01 6.827492034592626399e-04 1.593081474738279385e-03 5.689576695493854790e-04 4.551661356395084266e-04
1.410000000000000000e+03 5.639976201769498765e-01 9.960172963131542767e-01 9.103322712790168532e-04 2.275830678197541916e-03 3.413746017296313199e-04 4.551661356395084266e-04
1.440000000000000000e+03 5.759975695424166542e-01 9.965862539827037292e-01 5.689576695493854790e-04 2.275830678197541916e-03 3.413746017296313199e-04 2.275830678197542133e-04
1.470000000000000000e+03 5.879975189078836539e-01 9.969276285844332897e-01 5.689576695493854790e-04 1.706873008648156654e-03 5.689576695493854790e-04 2.275830678197542133e-04
1.500000000000000000e+03 5.999974682733506537e-01 9.965862539827037292e-01 3.413746017296313199e-04 1.706873008648156654e-03 5.689576695493854790e-04 7.965407373691396923e-04
1.530000000000000000e+03 6.119974176388178755e-01 9.963586709148839482e-01 4.551661356395084266e-04 1.479289940828402332e-03 6.827492034592626399e-04 1.024123805188893906e-03
1.560000000000000000e+03 6.239973670042848752e-01 9.959035047792443862e-01 4.551661356395084266e-04 2.162039144287664864e-03 3.413746017296313199e-04 1.137915339098770958e-03
1.590000000000000000e+03 6.359973163697516529e-01 9.980655439235320836e-01 3.413746017296313199e-04 1.137915339098770958e-03 2.275830678197542133e-04 2.275830678197542133e-04
1.620000000000000000e+03 6.479972657352188747e-01 9.957897132453344957e-01 5.689576695493854790e-04 2.048247610377787811e-03 9.103322712790168532e-04 6.827492034592626399e-04
1.650000000000000000e+03 6.599972151006856524e-01 9.968138370505233992e-01 6.827492034592626399e-04 1.251706873008648227e-03 4.551661356395084266e-04 7.965407373691396923e-04
1.680000000000000000e+03 6.719971644661528742e-01 9.980655439235320836e-01 2.275830678197542133e-04 1.024123805188893906e-03 2.275830678197542133e-04 4.551661356395084266e-04
1.710000000000000000e+03 6.839971138316196519e-01 9.971552116522530707e-01 3.413746017296313199e-04 1.365498406918525280e-03 2.275830678197542133e-04 9.103322712790168532e-04
1.740000000000000000e+03 6.959970631970868737e-01 9.979517523896221931e-01 0.000000000000000000e+00 9.103322712790168532e-04 2.275830678197542133e-04 9.103322712790168532e-04
1.770000000000000000e+03 7.079970125625540955e-01 9.972690031861629611e-01 2.275830678197542133e-04 1.479289940828402332e-03 2.275830678197542133e-04 7.965407373691396923e-04
1.800000000000000000e+03 7.199969619280208732e-01 9.978379608557123026e-01 2.275830678197542133e-04 9.103322712790168532e-04 1.137915339098771066e-04 9.103322712790168532e-04
1.830000000000000000e+03 7.319969112934878730e-01 9.967000455166135087e-01 4.551661356395084266e-04 1.137915339098770958e-03 3.413746017296313199e-04 1.365498406918525280e-03
1.860000000000000000e+03 7.439968606589548727e-01 9.979517523896221931e-01 2.275830678197542133e-04 1.251706873008648227e-03 2.275830678197542133e-04 3.413746017296313199e-04
1.890000000000000000e+03 7.559968100244220945e-01 9.978379608557123026e-01 0.000000000000000000e+00 7.965407373691396923e-04 2.275830678197542133e-04 1.137915339098770958e-03
1.920000000000000000e+03 7.679967593898888722e-01 9.980655439235320836e-01 1.137915339098771066e-04 9.103322712790168532e-04 0.000000000000000000e+00 9.103322712790168532e-04
1.950000000000000000e+03 7.799967087553558720e-01 9.978379608557123026e-01 3.413746017296313199e-04 5.689576695493854790e-04 1.137915339098771066e-04 1.137915339098770958e-03
1.980000000000000000e+03 7.919966581208230938e-01 9.984069185252617551e-01 0.000000000000000000e+00 7.965407373691396923e-04 2.275830678197542133e-04 5.689576695493854790e-04
2.010000000000000000e+03 8.039966074862900935e-01 9.978379608557123026e-01 4.551661356395084266e-04 7.965407373691396923e-04 1.137915339098771066e-04 7.965407373691396923e-04
2.040000000000000000e+03 8.159965568517570933e-01 9.973827947200728516e-01 2.275830678197542133e-04 7.965407373691396923e-04 3.413746017296313199e-04 1.251706873008648227e-03
2.070000000000000000e+03 8.279965062172238710e-01 9.979517523896221931e-01 0.000000000000000000e+00 4.551661356395084266e-04 4.551661356395084266e-04 1.137915339098770958e-03
2.100000000000000000e+03 8.399964555826910928e-01 9.971552116522530707e-01 1.137915339098771066e-04 1.024123805188893906e-03 2.275830678197542133e-04 1.479289940828402332e-03
2.130000000000000000e+03 8.519964049481583146e-01 9.988620846609012061e-01 0.000000000000000000e+00 3.413746017296313199e-04 1.137915339098771066e-04 6.827492034592626399e-04
2.160000000000000000e+03 8.639963543136250923e-01 9.980655439235320836e-01 1.137915339098771066e-04 7.965407373691396923e-04 0.000000000000000000e+00 1.024123805188893906e-03
2.190000000000000000e+03 8.759963036790918700e-01 9.981793354574419741e-01 2.275830678197542133e-04 4.551661356395084266e-04 1.137915339098771066e-04 1.024123805188893906e-03
2.220000000000000000e+03 8.879962530445590918e-01 9.979517523896221931e-01 1.137915339098771066e-04 7.965407373691396923e-04 3.413746017296313199e-04 7.965407373691396923e-04
2.250000000000000000e+03 8.999962024100263136e-01 9.980655439235320836e-01 3.413746017296313199e-04 4.551661356395084266e-04 1.137915339098771066e-04 1.024123805188893906e-03
2.280000000000000000e+03 9.119961517754930913e-01 9.980655439235320836e-01 1.137915339098771066e-04 1.137915339098770958e-03 1.137915339098771066e-04 5.689576695493854790e-04
2.310000000000000000e+03 9.239961011409600911e-01 9.985207100591716456e-01 3.413746017296313199e-04 1.137915339098771066e-04 0.000000000000000000e+00 1.024123805188893906e-03
2.340000000000000000e+03 9.359960505064270908e-01 9.971552116522530707e-01 4.551661356395084266e-04 6.827492034592626399e-04 1.137915339098771066e-04 1.593081474738279385e-03
2.370000000000000000e+03 9.479959998718943126e-01 9.977241693218024121e-01 4.551661356395084266e-04 1.024123805188893906e-03 2.275830678197542133e-04 5.689576695493854790e-04
2.400000000000000000e+03 9.599959492373613124e-01 9.977241693218024121e-01 2.275830678197542133e-04 5.689576695493854790e-04 1.137915339098771066e-04 1.365498406918525280e-03
2.430000000000000000e+03 9.719958986028280901e-01 9.978379608557123026e-01 3.413746017296313199e-04 6.827492034592626399e-04 5.689576695493854790e-04 5.689576695493854790e-04
2.460000000000000000e+03 9.839958479682953119e-01 9.979517523896221931e-01 3.413746017296313199e-04 9.103322712790168532e-04 0.000000000000000000e+00 7.965407373691396923e-04
2.490000000000000000e+03 9.959957973337623116e-01 9.972690031861629611e-01 2.275830678197542133e-04 7.965407373691396923e-04 5.689576695493854790e-04 1.137915339098770958e-03
