# itime ezz other fcc hcp bcc ico
0.000000000000000000e+00 0.000000000000000000e+00 1.820664542558033706e-03 9.981793354574419741e-01 0.000000000000000000e+00 0.000000000000000000e+00 0.000000000000000000e+00
3.000000000000000000e+01 1.199999445642063733e-02 5.689576695493854790e-04 9.994310423304506585e-01 0.000000000000000000e+00 0.000000000000000000e+00 0.000000000000000000e+00
6.000000000000000000e+01 2.399998891284105262e-02 9.103322712790168532e-04 9.990896677287209870e-01 0.000000000000000000e+00 0.000000000000000000e+00 0.000000000000000000e+00
9.000000000000000000e+01 3.599998336926168996e-02 7.282658170232134826e-03 9.926035502958580059e-01 0.000000000000000000e+00 1.137915339098771066e-04 0.000000000000000000e+00
1.200000000000000000e+02 4.799997782568232729e-02 9.330905780609922637e-03 9.906690942193900895e-01 0.000000000000000000e+00 0.000000000000000000e+00 0.000000000000000000e+00
1.500000000000000000e+02 5.999997228210274258e-02 1.672735548475193582e-02 9.827036868456986429e-01 0.000000000000000000e+00 5.689576695493854790e-04 0.000000000000000000e+00
1.800000000000000000e+02 7.199996673852337992e-02 3.516158397815202785e-02 9.639280837505689314e-01 0.000000000000000000e+00 9.103322712790168532e-04 0.000000000000000000e+00
2.100000000000000000e+02 8.399996119494379521e-02 6.884387801547564578e-02 9.285389167045972059e-01 0.000000000000000000e+00 2.617205279927173507e-03 0.000000000000000000e+00
2.400000000000000000e+02 9.599995565136443254e-02 1.233500227583067821e-01 8.701638598088302645e-01 0.000000000000000000e+00 6.486117432862995025e-03 0.000000000000000000e+00
2.700000000000000000e+02 1.079999501077850699e-01 2.281520254893036059e-01 7.579654073736914466e-01 0.000000000000000000e+00 1.388256713700500647e-02 0.000000000000000000e+00
3.000000000000000000e+02 1.199999445642054852e-01 3.623122439690487084e-01 6.063950842057350687e-01 2.275830678197542133e-04 3.106508875739644876e-02 0.000000000000000000e+00
3.300000000000000000e+02 1.319999390206261225e-01 5.175238962221210270e-01 4.269458352298589054e-01 1.024123805188893906e-03 5.450614474283113631e-02 0.000000000000000000e+00
3.600000000000000000e+02 1.439999334770467598e-01 6.488393263541192280e-01 2.527309968138370389e-01 3.413746017296313308e-03 9.501593081474737912e-02 0.000000000000000000e+00
3.900000000000000000e+02 1.559999279334671751e-01 7.283796085571233592e-01 1.338188438780154865e-01 7.737824305871643035e-03 1.300637232589895442e-01 0.000000000000000000e+00
4.200000000000000000e+02 1.679999223898878125e-01 7.705962676376877374e-01 7.203004096495220498e-02 1.445152480655439303e-02 1.429221665908056438e-01 0.000000000000000000e+00
4.500000000000000000e+02 1.799999168463084498e-01 8.117888029130633232e-01 4.665452890304961492e-02 2.184797451069640448e-02 1.197086936731907164e-01 0.000000000000000000e+00
4.800000000000000000e+02 1.919999113027288651e-01 8.264679107874374209e-01 3.527537551206190447e-02 2.685480200273099652e-02 1.114019116977696816e-01 0.000000000000000000e+00
5.100000000000000000e+02 2.039999057591495024e-01 8.624260355029585989e-01 2.753755120619025970e-02 2.639963586709149004e-02 8.363677742375967561e-02 0.000000000000000000e+00
5.400000000000000000e+02 2.159999002155699177e-01 8.835912608101956778e-01 2.207555757851615771e-02 2.730996813837050646e-02 6.702321347291761988e-02 0.000000000000000000e+00
5.700000000000000000e+02 2.279998946719905550e-01 9.027082385070550608e-01 1.900318616294947513e-02 2.969959035047792587e-02 4.858898497951752438e-02 0.000000000000000000e+00
6.000000000000000000e+02 2.399998891284111924e-01 9.251251706873008240e-01 1.672735548475193582e-02 2.457897132453345374e-02 3.356850250341374825e-02 0.000000000000000000e+00
6.300000000000000000e+02 2.519998835848316077e-01 9.407146108329540457e-01 1.433773327264451468e-02 2.150659990896677115e-02 2.344105598543468408e-02 0.000000000000000000e+00
6.600000000000000000e+02 2.639998780412522450e-01 9.448111060537096595e-01 1.126536185707783383e-02 2.105143377332726468e-02 2.275830678197542090e-02 1.137915339098771066e-04
6.900000000000000000e+02 2.759998724976728823e-01 9.481110605370960398e-01 1.354119253527537488e-02 2.025489303595812488e-02 1.797906235776058209e-02 1.137915339098771066e-04
7.200000000000000000e+02 2.879998669540932976e-01 9.541420118343195700e-01 1.228948566226672687e-02 1.991351843422849502e-02 1.342740100136549826e-02 2.275830678197542133e-04
7.500000000000000000e+02 2.999998614105139350e-01 9.626763768775603580e-01 1.103777878925807886e-02 1.684114701866181243e-02 9.330905780609922637e-03 1.137915339098771066e-04
7.800000000000000000e+02 3.119998558669345723e-01 9.632453345471096995e-01 1.194811106053709528e-02 1.490669094219390124e-02 9.786071916249430847e-03 1.137915339098771066e-04
8.100000000000000000e+02 3.239998503233549876e-01 9.672280382339554228e-01 1.001365498406918582e-02 1.399635867091488309e-02 8.648156577150659455e-03 1.137915339098771066e-04
8.400000000000000000e+02 3.359998447797756249e-01 9.685935366408738867e-01 1.092398725534820224e-02 1.319981793354574502e-02 6.941283568502503235e-03 3.413746017296313199e-04
8.700000000000000000e+02 3.479998392361960402e-01 9.701866181156122426e-01 9.444697314519799256e-03 1.376877560309512985e-02 6.372325898953117539e-03 2.275830678197542133e-04
9.000000000000000000e+02 3.599998336926166775e-01 9.775830678197542367e-01 6.372325898953117539e-03 1.058261265361857065e-02 5.348202093764223633e-03 1.137915339098771066e-04
9.300000000000000000e+02 3.719998281490370928e-01 9.803140646335912756e-01 6.258534365043240920e-03 8.875739644970414427e-03 4.551661356395083832e-03 0.000000000000000000e+00
9.600000000000000000e+02 3.839998226054577302e-01 9.811106053709603980e-01 5.348202093764223633e-03 8.079198907601274626e-03 5.348202093764223633e-03 1.137915339098771066e-04
9.900000000000000000e+02 3.959998170618785895e-01 9.806554392353209471e-01 6.827492034592626616e-03 8.192990441511151245e-03 4.096495220755575623e-03 2.275830678197542133e-04
1.020000000000000000e+03 4.079998115182990048e-01 9.836140191169776559e-01 5.348202093764223633e-03 7.396449704142011444e-03 3.413746017296313308e-03 2.275830678197542133e-04
1.050000000000000000e+03 4.199998059747194201e-01 9.846381429221665593e-01 5.348202093764223633e-03 6.372325898953117539e-03 3.072371415566681717e-03 5.689576695493854790e-04
1.080000000000000000e+03 4.319998004311400575e-01 9.882794720072826111e-01 4.437869822485207214e-03 4.893035958124715423e-03 2.162039144287664864e-03 2.275830678197542133e-04
1.110000000000000000e+03 4.439997948875606948e-01 9.879380974055530507e-01 3.868912152935821518e-03 5.689576695493855224e-03 2.162039144287664864e-03 3.413746017296313199e-04
1.140000000000000000e+03 4.559997893439811101e-01 9.891898042785616241e-01 3.299954483386436255e-03 4.551661356395083832e-03 2.730996813837050560e-03 2.275830678197542133e-04
1.170000000000000000e+03 4.679997838004015254e-01 9.905553026854801990e-01 2.958579881656804664e-03 4.551661356395083832e-03 1.365498406918525280e-03 5.689576695493854790e-04
1.200000000000000000e+03 4.799997782568221627e-01 9.924897587619481154e-01 1.934456076467910759e-03 3.755120619025944465e-03 1.593081474738279385e-03 2.275830678197542133e-04
1.230000000000000000e+03 4.919997727132430221e-01 9.926035502958580059e-01 1.593081474738279385e-03 3.186162949476558769e-03 1.365498406918525280e-03 1.251706873008648227e-03
1.260000000000000000e+03 5.039997671696634374e-01 9.936276741010469093e-01 1.365498406918525280e-03 3.413746017296313308e-03 1.137915339098770958e-03 4.551661356395084266e-04
1.290000000000000000e+03 5.159997616260838527e-01 9.937414656349567998e-01 1.365498406918525280e-03 3.186162949476558769e-03 7.965407373691396923e-04 9.103322712790168532e-04
1.320000000000000000e+03 5.279997560825044900e-01 9.953345471096950448e-01 1.137915339098770958e-03 2.389622212107419402e-03 3.413746017296313199e-04 7.965407373691396923e-04
1.350000000000000000e+03 5.399997505389251273e-01 9.941966317705962508e-01 2.048247610377787811e-03 2.048247610377787811e-03 9.103322712790168532e-04 7.965407373691396923e-04
1.380000000000000000e+03 5.519997449953455426e-01 9.955621301775148257e-01 7.965407373691396923e-04 1.706873008648156654e-03 5.689576695493854790e-04 1.365498406918525280e-03
1.410000000000000000e+03 5.639997394517659579e-01 9.964724624487938387e-01 7.965407373691396923e-04 1.706873008648156654e-03 4.551661356395084266e-04 5.689576695493854790e-04
1.440000000000000000e+03 5.759997339081868173e-01 9.965862539827037292e-01 5.689576695493854790e-04 1.251706873008648227e-03 6.827492034592626399e-04 9.103322712790168532e-04
1.470000000000000000e+03 5.879997283646074546e-01 9.959035047792443862e-01 1.137915339098770958e-03 1.251706873008648227e-03 7.965407373691396923e-04 9.103322712790168532e-04
1.500000000000000000e+03 5.999997228210278699e-01 9.957897132453344957e-01 1.137915339098770958e-03 1.820664542558033706e-03 6.827492034592626399e-04 5.689576695493854790e-04
1.530000000000000000e+03 6.119997172774482852e-01 9.962448793809740577e-01 1.137915339098770958e-03 1.137915339098770958e-03 5.689576695493854790e-04 9.103322712790168532e-04
1.560000000000000000e+03 6.239997117338689225e-01 9.964724624487938387e-01 1.024123805188893906e-03 1.137915339098770958e-03 2.275830678197542133e-04 1.137915339098770958e-03
1.590000000000000000e+03 6.359997061902895599e-01 9.971552116522530707e-01 9.103322712790168532e-04 7.965407373691396923e-04 2.275830678197542133e-04 9.103322712790168532e-04
1.620000000000000000e+03 6.479997006467099752e-01 9.970414201183431802e-01 1.251706873008648227e-03 9.103322712790168532e-04 1.137915339098771066e-04 6.827492034592626399e-04
1.650000000000000000e+03 6.599996951031303905e-01 9.970414201183431802e-01 5.689576695493854790e-04 9.103322712790168532e-04 2.275830678197542133e-04 1.251706873008648227e-03
1.680000000000000000e+03 6.719996895595512498e-01 9.967000455166135087e-01 6.827492034592626399e-04 9.103322712790168532e-04 3.413746017296313199e-04 1.365498406918525280e-03
1.710000000000000000e+03 6.839996840159718872e-01 9.968138370505233992e-01 6.827492034592626399e-04 1.365498406918525280e-03 2.275830678197542133e-04 9.103322712790168532e-04
1.740000000000000000e+03 6.959996784723923025e-01 9.978379608557123026e-01 2.275830678197542133e-04 4.551661356395084266e-04 1.137915339098771066e-04 1.365498406918525280e-03
1.770000000000000000e+03 7.079996729288127177e-01 9.977241693218024121e-01 3.413746017296313199e-04 7.965407373691396923e-04 1.137915339098771066e-04 1.024123805188893906e-03
1.800000000000000000e+03 7.199996673852333551e-01 9.989758761948110966e-01 1.137915339098771066e-04 2.275830678197542133e-04 2.275830678197542133e-04 4.551661356395084266e-04
1.830000000000000000e+03 7.319996618416539924e-01 9.978379608557123026e-01 2.275830678197542133e-04 6.827492034592626399e-04 0.000000000000000000e+00 1.251706873008648227e-03
1.860000000000000000e+03 7.439996562980744077e-01 9.985207100591716456e-01 1.137915339098771066e-04 5.689576695493854790e-04 1.137915339098771066e-04 6.827492034592626399e-04
1.890000000000000000e+03 7.559996507544948230e-01 9.977241693218024121e-01 2.275830678197542133e-04 5.689576695493854790e-04 4.551661356395084266e-04 1.024123805188893906e-03
1.920000000000000000e+03 7.679996452109156824e-01 9.984069185252617551e-01 0.000000000000000000e+00 4.551661356395084266e-04 1.137915339098771066e-04 1.024123805188893906e-03
1.950000000000000000e+03 7.799996396673363197e-01 9.974965862539827421e-01 2.275830678197542133e-04 6.827492034592626399e-04 2.275830678197542133e-04 1.365498406918525280e-03
1.980000000000000000e+03 7.919996341237567350e-01 9.984069185252617551e-01 1.137915339098771066e-04 5.689576695493854790e-04 2.275830678197542133e-04 6.827492034592626399e-04
2.010000000000000000e+03 8.039996285801771503e-01 9.982931269913518646e-01 1.137915339098771066e-04 4.551661356395084266e-04 1.137915339098771066e-04 1.024123805188893906e-03
2.040000000000000000e+03 8.159996230365977876e-01 9.973827947200728516e-01 3.413746017296313199e-04 1.137915339098770958e-03 1.137915339098771066e-04 1.024123805188893906e-03
2.070000000000000000e+03 8.279996174930186470e-01 9.974965862539827421e-01 2.275830678197542133e-04 6.827492034592626399e-04 2.275830678197542133e-04 1.365498406918525280e-03
2.100000000000000000e+03 8.399996119494388402e-01 9.978379608557123026e-01 1.137915339098771066e-04 1.137915339098770958e-03 1.137915339098771066e-04 7.965407373691396923e-04
2.130000000000000000e+03 8.519996064058592555e-01 9.985207100591716456e-01 1.137915339098771066e-04 4.551661356395084266e-04 1.137915339098771066e-04 7.965407373691396923e-04
2.160000000000000000e+03 8.639996008622801149e-01 9.976103777878926326e-01 2.275830678197542133e-04 5.689576695493854790e-04 2.275830678197542133e-04 1.365498406918525280e-03
2.190000000000000000e+03 8.759995953187007522e-01 9.986345015930814251e-01 1.137915339098771066e-04 4.551661356395084266e-04 1.137915339098771066e-04 6.827492034592626399e-04
2.220000000000000000e+03 8.879995897751211675e-01 9.978379608557123026e-01 2.275830678197542133e-04 6.827492034592626399e-04 1.137915339098771066e-04 1.137915339098770958e-03
2.250000000000000000e+03 8.999995842315415828e-01 9.980655439235320836e-01 3.413746017296313199e-04 3.413746017296313199e-04 2.275830678197542133e-04 1.024123805188893906e-03
2.280000000000000000e+03 9.119995786879622202e-01 9.985207100591716456e-01 1.137915339098771066e-04 4.551661356395084266e-04 1.137915339098771066e-04 7.965407373691396923e-04
2.310000000000000000e+03 9.239995731443830795e-01 9.976103777878926326e-01 6.827492034592626399e-04 4.551661356395084266e-04 1.137915339098771066e-04 1.137915339098770958e-03
2.340000000000000000e+03 9.359995676008034948e-01 9.985207100591716456e-01 2.275830678197542133e-04 6.827492034592626399e-04 0.000000000000000000e+00 5.689576695493854790e-04
2.370000000000000000e+03 9.479995620572239101e-01 9.979517523896221931e-01 0.000000000000000000e+00 1.024123805188893906e-03 2.275830678197542133e-04 7.965407373691396923e-04
2.400000000000000000e+03 9.599995565136445475e-01 9.981793354574419741e-01 0.000000000000000000e+00 4.551661356395084266e-04 2.275830678197542133e-04 1.137915339098770958e-03
2.430000000000000000e+03 9.719995509700651848e-01 9.978379608557123026e-01 2.275830678197542133e-04 6.827492034592626399e-04 1.137915339098771066e-04 1.137915339098770958e-03
2.460000000000000000e+03 9.839995454264856001e-01 9.980655439235320836e-01 0.000000000000000000e+00 7.965407373691396923e-04 1.137915339098771066e-04 1.024123805188893906e-03
2.490000000000000000e+03 9.959995398829060154e-01 9.979517523896221931e-01 2.275830678197542133e-04 3.413746017296313199e-04 2.275830678197542133e-04 1.251706873008648227e-03
