# itime ezz other fcc hcp bcc ico
0.000000000000000000e+00 0.000000000000000000e+00 0.000000000000000000e+00 1.000000000000000000e+00 0.000000000000000000e+00 0.000000000000000000e+00 0.000000000000000000e+00
2.500000000000000000e+02 9.999933434604812987e-03 0.000000000000000000e+00 1.000000000000000000e+00 0.000000000000000000e+00 0.000000000000000000e+00 0.000000000000000000e+00
5.000000000000000000e+02 1.999986686920962597e-02 0.000000000000000000e+00 1.000000000000000000e+00 0.000000000000000000e+00 0.000000000000000000e+00 0.000000000000000000e+00
7.500000000000000000e+02 2.999980030381443896e-02 0.000000000000000000e+00 1.000000000000000000e+00 0.000000000000000000e+00 0.000000000000000000e+00 0.000000000000000000e+00
1.000000000000000000e+03 3.999973373841902990e-02 0.000000000000000000e+00 1.000000000000000000e+00 0.000000000000000000e+00 0.000000000000000000e+00 0.000000000000000000e+00
1.250000000000000000e+03 4.999966717302384289e-02 0.000000000000000000e+00 1.000000000000000000e+00 0.000000000000000000e+00 0.000000000000000000e+00 0.000000000000000000e+00
1.500000000000000000e+03 5.999960060762865588e-02 0.000000000000000000e+00 1.000000000000000000e+00 0.000000000000000000e+00 0.000000000000000000e+00 0.000000000000000000e+00
1.750000000000000000e+03 6.999953404223346887e-02 0.000000000000000000e+00 1.000000000000000000e+00 0.000000000000000000e+00 0.000000000000000000e+00 0.000000000000000000e+00
2.000000000000000000e+03 7.999946747683828185e-02 3.413746017296313199e-04 9.996586253982703285e-01 0.000000000000000000e+00 0.000000000000000000e+00 0.000000000000000000e+00
2.250000000000000000e+03 8.999940091144309484e-02 2.275830678197542133e-04 9.997724169321802190e-01 0.000000000000000000e+00 0.000000000000000000e+00 0.000000000000000000e+00
2.500000000000000000e+03 9.999933434604768578e-02 3.868912152935821518e-03 9.961310878470641672e-01 0.000000000000000000e+00 0.000000000000000000e+00 0.000000000000000000e+00
2.750000000000000000e+03 1.099992677806524988e-01 7.510241238051888930e-03 9.921483841602184439e-01 0.000000000000000000e+00 3.413746017296313199e-04 0.000000000000000000e+00
3.000000000000000000e+03 1.199992012152573118e-01 6.986800182066454923e-02 8.898497951752389890e-01 0.000000000000000000e+00 4.028220300409649651e-02 0.000000000000000000e+00
3.250000000000000000e+03 1.299991346498621247e-01 3.776741010468820936e-01 1.720527992717341692e-01 3.527537551206190360e-03 4.467455621301775204e-01 0.000000000000000000e+00
3.500000000000000000e+03 1.399990680844669377e-01 3.796085571233500100e-01 2.089212562585343602e-01 1.108329540282202985e-01 3.006372325898953313e-01 0.000000000000000000e+00
3.750000000000000000e+03 1.499990015190717507e-01 4.071461083295402905e-01 2.522758306781975324e-01 1.611288120163859861e-01 1.794492489758761911e-01 0.000000000000000000e+00
4.000000000000000000e+03 1.599989349536763417e-01 4.032771961766044577e-01 2.694583522985889990e-01 1.965179790623577671e-01 1.306326809285389134e-01 1.137915339098771066e-04
4.250000000000000000e+03 1.699988683882811547e-01 4.142011834319526686e-01 2.822030040964952358e-01 1.924214838416021811e-01 1.111743286299499284e-01 0.000000000000000000e+00
4.500000000000000000e+03 1.799988018228859676e-01 4.296768320436959443e-01 2.829995448338643582e-01 2.055075102412380617e-01 8.170232134729175921e-02 1.137915339098771066e-04
4.750000000000000000e+03 1.899987352574907806e-01 4.473145197997269173e-01 2.858443331816112876e-01 1.969731451979972736e-01 6.986800182066454923e-02 0.000000000000000000e+00
5.000000000000000000e+03 1.999986686920955936e-01 4.726900318616295005e-01 2.875512061902594230e-01 1.867319071461083224e-01 5.302685480200273332e-02 0.000000000000000000e+00
5.250000000000000000e+03 2.099986021267004066e-01 4.857760582612653533e-01 2.952890304961310886e-01 1.834319526627218866e-01 3.550295857988165771e-02 0.000000000000000000e+00
5.500000000000000000e+03 2.199985355613052196e-01 4.932862994993172379e-01 2.969959035047792240e-01 1.753527537551206328e-01 3.436504324078288458e-02 0.000000000000000000e+00
5.750000000000000000e+03 2.299984689959098105e-01 4.957897132453345512e-01 2.969959035047792240e-01 1.756941283568502488e-01 3.152025489303595523e-02 0.000000000000000000e+00
6.000000000000000000e+03 2.399984024305146235e-01 5.178652708238506985e-01 3.041647701411014926e-01 1.545289030496131144e-01 2.344105598543468408e-02 0.000000000000000000e+00
6.250000000000000000e+03 2.499983358651194365e-01 5.152480655439235502e-01 3.208921256258534527e-01 1.432635411925352875e-01 2.059626763768775473e-02 0.000000000000000000e+00
6.500000000000000000e+03 2.599982692997242495e-01 5.273099681383704995e-01 3.124715521165225551e-01 1.383705052344105513e-01 2.184797451069640448e-02 0.000000000000000000e+00
6.750000000000000000e+03 2.699982027343290625e-01 5.323167956304051263e-01 3.099681383705052418e-01 1.416704597177969871e-01 1.604460628129267263e-02 0.000000000000000000e+00
7.000000000000000000e+03 2.799981361689338755e-01 5.358443331816112876e-01 3.076923076923077094e-01 1.372325898953117851e-01 1.923076923076923184e-02 0.000000000000000000e+00
7.250000000000000000e+03 2.899980696035384664e-01 5.447200728265817471e-01 3.056440600819299025e-01 1.316568047337278169e-01 1.797906235776058209e-02 0.000000000000000000e+00
7.500000000000000000e+03 2.999980030381432794e-01 5.422166590805643782e-01 3.079198907601274349e-01 1.347291761492944995e-01 1.513427401001365448e-02 0.000000000000000000e+00
7.750000000000000000e+03 3.099979364727480924e-01 5.376649977241693135e-01 3.071233500227583124e-01 1.390532544378698110e-01 1.604460628129267263e-02 1.137915339098771066e-04
8.000000000000000000e+03 3.199978699073529054e-01 5.442649066909421851e-01 2.984751934456076339e-01 1.414428766499772339e-01 1.581702321347291593e-02 0.000000000000000000e+00
8.250000000000000000e+03 3.299978033419577184e-01 5.473372781065088954e-01 3.039371870732817671e-01 1.339326354119253493e-01 1.479289940828402289e-02 0.000000000000000000e+00
8.500000000000000000e+03 3.399977367765625313e-01 5.426718252162039402e-01 3.053026854802002865e-01 1.368912152935821691e-01 1.513427401001365448e-02 0.000000000000000000e+00
8.750000000000000000e+03 3.499976702111673443e-01 5.351615839781520556e-01 3.105370960400546387e-01 1.381429221665907980e-01 1.615839781520254925e-02 0.000000000000000000e+00
9.000000000000000000e+03 3.599976036457719353e-01 5.385753299954483264e-01 3.213472917614929592e-01 1.246017296313154249e-01 1.547564861174328607e-02 0.000000000000000000e+00
9.250000000000000000e+03 3.699975370803767483e-01 5.276513427401001710e-01 3.253299954483386269e-01 1.315430131998179264e-01 1.547564861174328607e-02 0.000000000000000000e+00
9.500000000000000000e+03 3.799974705149815613e-01 5.402822030040964618e-01 3.196404187528447682e-01 1.244879380974055483e-01 1.558944014565316269e-02 0.000000000000000000e+00
9.750000000000000000e+03 3.899974039495861522e-01 5.537096040054619861e-01 3.090578060992262288e-01 1.223258989531178925e-01 1.490669094219390124e-02 0.000000000000000000e+00
1.000000000000000000e+04 3.999973373841911872e-01 5.547337278106508895e-01 3.055302685480200120e-01 1.213017751479289891e-01 1.843422849340009204e-02 0.000000000000000000e+00
1.025000000000000000e+04 4.099972708187960002e-01 5.606508875739645292e-01 3.097405553026854608e-01 1.177742375967228000e-01 1.183431952662721866e-02 0.000000000000000000e+00
1.050000000000000000e+04 4.199972042534005912e-01 5.556440600819299025e-01 3.086026399635867223e-01 1.209604005461993592e-01 1.467910787437414627e-02 1.137915339098771066e-04
1.075000000000000000e+04 4.299971376880054041e-01 5.489303595812471404e-01 3.105370960400546387e-01 1.264223941738734647e-01 1.399635867091488309e-02 1.137915339098771066e-04
1.100000000000000000e+04 4.399970711226102171e-01 5.545061447428311086e-01 3.067819754210286964e-01 1.279016841147018746e-01 1.081019572143832562e-02 0.000000000000000000e+00
1.125000000000000000e+04 4.499970045572152522e-01 5.520027309968138507e-01 3.023441055985434667e-01 1.302913063268092975e-01 1.536185707783340945e-02 0.000000000000000000e+00
1.150000000000000000e+04 4.599969379918198431e-01 5.520027309968138507e-01 3.029130632680928636e-01 1.310878470641784199e-01 1.399635867091488309e-02 0.000000000000000000e+00
1.175000000000000000e+04 4.699968714264244340e-01 5.448338643604915266e-01 3.131543013199817871e-01 1.264223941738734647e-01 1.558944014565316269e-02 0.000000000000000000e+00
1.200000000000000000e+04 4.799968048610292470e-01 5.301547564861174289e-01 3.230541647701410946e-01 1.294947655894401473e-01 1.718252162039144229e-02 1.137915339098771066e-04
1.225000000000000000e+04 4.899967382956342821e-01 5.287892580791988539e-01 3.315885298133818826e-01 1.232362312243969055e-01 1.638598088302230249e-02 0.000000000000000000e+00
1.250000000000000000e+04 4.999966717302388730e-01 5.142239417387346467e-01 3.449021392808375164e-01 1.226672735548475224e-01 1.820664542558033533e-02 0.000000000000000000e+00
1.275000000000000000e+04 5.099966051648434640e-01 5.095584888484296915e-01 3.551433773327264398e-01 1.161811561219845274e-01 1.911697769685935522e-02 0.000000000000000000e+00
1.300000000000000000e+04 5.199965385994484990e-01 5.028447883477469293e-01 3.513882567137004975e-01 1.271051433773327244e-01 1.866181156121984527e-02 0.000000000000000000e+00
1.325000000000000000e+04 5.299964720340533120e-01 4.968138370505234547e-01 3.579881656804733692e-01 1.307464724624488039e-01 1.445152480655439303e-02 0.000000000000000000e+00
1.350000000000000000e+04 5.399964054686581250e-01 4.797451069640418786e-01 3.705052344105598805e-01 1.349567592171142527e-01 1.479289940828402289e-02 0.000000000000000000e+00
1.375000000000000000e+04 5.499963389032627159e-01 4.675694128356850388e-01 3.792671825216203940e-01 1.350705507510241155e-01 1.797906235776058209e-02 1.137915339098771066e-04
1.400000000000000000e+04 5.599962723378675289e-01 4.651797906235776159e-01 3.748293126991351643e-01 1.406463359126081114e-01 1.923076923076923184e-02 1.137915339098771066e-04
1.425000000000000000e+04 5.699962057724725639e-01 4.589212562585343602e-01 3.769913518434228616e-01 1.472462448793809831e-01 1.684114701866181243e-02 0.000000000000000000e+00
1.450000000000000000e+04 5.799961392070771549e-01 4.600591715976331542e-01 3.941738734638142727e-01 1.323395539371870766e-01 1.331360946745562164e-02 1.137915339098771066e-04
1.475000000000000000e+04 5.899960726416817458e-01 4.423076923076922906e-01 4.163632225762403105e-01 1.284706417842512438e-01 1.285844333181611343e-02 0.000000000000000000e+00
1.500000000000000000e+04 5.999960060762867808e-01 4.343422849340008995e-01 4.244424214838415921e-01 1.292671825216203940e-01 1.183431952662721866e-02 1.137915339098771066e-04
1.525000000000000000e+04 6.099959395108915938e-01 4.278561675011379184e-01 4.294492489758762188e-01 1.279016841147018746e-01 1.479289940828402289e-02 0.000000000000000000e+00
1.550000000000000000e+04 6.199958729454961848e-01 4.261492944924897830e-01 4.264906690942193990e-01 1.372325898953117851e-01 1.012744651797906244e-02 0.000000000000000000e+00
1.575000000000000000e+04 6.299958063801007757e-01 4.218252162039144437e-01 4.233045061447428536e-01 1.459945380063723264e-01 8.875739644970414427e-03 0.000000000000000000e+00
1.600000000000000000e+04 6.399957398147058107e-01 4.039599453800637452e-01 4.219390077378242787e-01 1.646563495675921751e-01 9.444697314519799256e-03 0.000000000000000000e+00
1.625000000000000000e+04 6.499956732493106237e-01 3.930359581247155343e-01 4.338871187983613931e-01 1.640873918980427781e-01 8.989531178880291046e-03 0.000000000000000000e+00
1.650000000000000000e+04 6.599956066839154367e-01 3.893946290395994270e-01 4.179563040509786109e-01 1.840009103322712836e-01 8.648156577150659455e-03 0.000000000000000000e+00
1.675000000000000000e+04 6.699955401185200277e-01 3.823395539371870488e-01 4.149977241693217911e-01 1.899180700955848955e-01 1.274465179790623508e-02 0.000000000000000000e+00
1.700000000000000000e+04 6.799954735531248406e-01 3.914428766499772339e-01 4.017979062357760478e-01 1.985662266727355463e-01 8.192990441511151245e-03 0.000000000000000000e+00
1.725000000000000000e+04 6.899954069877298757e-01 3.840464269458352398e-01 4.287664997724169313e-01 1.768320436959490149e-01 1.035502958579881741e-02 0.000000000000000000e+00
1.750000000000000000e+04 6.999953404223344666e-01 3.857532999544833752e-01 4.418525261720527841e-01 1.614701866181156020e-01 1.092398725534820224e-02 0.000000000000000000e+00
1.775000000000000000e+04 7.099952738569390576e-01 3.906463359126081114e-01 4.618798361401911801e-01 1.382567137005006885e-01 9.217114246700046018e-03 0.000000000000000000e+00
1.800000000000000000e+04 7.199952072915440926e-01 3.854119253527537592e-01 4.868001820664542567e-01 1.206190259444697294e-01 7.168866636322257339e-03 0.000000000000000000e+00
1.825000000000000000e+04 7.299951407261489056e-01 3.895084205735093175e-01 4.670004551661356418e-01 1.318843878015475701e-01 1.160673645880746542e-02 0.000000000000000000e+00
1.850000000000000000e+04 7.399950741607534965e-01 3.876877560309512916e-01 4.565316340464269373e-01 1.426945835229858905e-01 1.308602639963586667e-02 0.000000000000000000e+00
1.875000000000000000e+04 7.499950075953583095e-01 3.846153846153846367e-01 4.350250341374601870e-01 1.706873008648156498e-01 9.672280382339554228e-03 0.000000000000000000e+00
1.900000000000000000e+04 7.599949410299631225e-01 3.733500227583067543e-01 4.281975421028675344e-01 1.874146563495675821e-01 1.103777878925807886e-02 0.000000000000000000e+00
1.925000000000000000e+04 7.699948744645681575e-01 3.755120619025944517e-01 4.231907146108329631e-01 1.937869822485207005e-01 7.510241238051888930e-03 0.000000000000000000e+00
1.950000000000000000e+04 7.799948078991727485e-01 3.713017751479290030e-01 4.284251251706873154e-01 1.929904415111515781e-01 7.282658170232134826e-03 0.000000000000000000e+00
1.975000000000000000e+04 7.899947413337773394e-01 3.763086026399635742e-01 4.205735093309057593e-01 1.951524806554392477e-01 7.965407373691398007e-03 0.000000000000000000e+00
2.000000000000000000e+04 7.999946747683821524e-01 3.785844333181611066e-01 4.109012289485662328e-01 2.025489303595812418e-01 7.965407373691398007e-03 0.000000000000000000e+00
2.025000000000000000e+04 8.099946082029871874e-01 3.730086481565771384e-01 4.061219845243513871e-01 2.129039599453800558e-01 7.965407373691398007e-03 0.000000000000000000e+00
2.050000000000000000e+04 8.199945416375917784e-01 3.857532999544833752e-01 3.937187073281747662e-01 2.151797906235776159e-01 5.348202093764223633e-03 0.000000000000000000e+00
2.075000000000000000e+04 8.299944750721963693e-01 4.010013654984069253e-01 3.717569412835685094e-01 2.197314519799726806e-01 7.510241238051888930e-03 0.000000000000000000e+00
2.100000000000000000e+04 8.399944085068014044e-01 3.983841602184797215e-01 3.856395084205734847e-01 2.068730086481565811e-01 9.103322712790167665e-03 0.000000000000000000e+00
2.125000000000000000e+04 8.499943419414062173e-01 3.909877105143377274e-01 3.961083295402821891e-01 2.035730541647701453e-01 9.330905780609922637e-03 0.000000000000000000e+00
2.150000000000000000e+04 8.599942753760110303e-01 3.939462903959945472e-01 4.007737824305871444e-01 1.939007737824305910e-01 1.137915339098771045e-02 0.000000000000000000e+00
2.175000000000000000e+04 8.699942088106156213e-01 3.864360491579426626e-01 4.196631770596267463e-01 1.870732817478379661e-01 6.827492034592626616e-03 0.000000000000000000e+00
2.200000000000000000e+04 8.799941422452204343e-01 3.892808375056895920e-01 4.425352753755120716e-01 1.598771051433773294e-01 8.306781975421027864e-03 0.000000000000000000e+00
2.225000000000000000e+04 8.899940756798254693e-01 3.708466090122894965e-01 5.039827036868457233e-01 1.170914883932635403e-01 8.079198907601274626e-03 0.000000000000000000e+00
2.250000000000000000e+04 8.999940091144300602e-01 3.462676376877560358e-01 5.498406918525261533e-01 9.695038689121529552e-02 6.941283568502503235e-03 0.000000000000000000e+00
2.275000000000000000e+04 9.099939425490346512e-01 3.274920345926263243e-01 5.811333636777423761e-01 8.716431497496586467e-02 4.210286754665453109e-03 0.000000000000000000e+00
2.300000000000000000e+04 9.199938759836396862e-01 3.111060537096039802e-01 6.076467910787437532e-01 7.669549385525717411e-02 4.551661356395083832e-03 0.000000000000000000e+00
2.325000000000000000e+04 9.299938094182444992e-01 3.087164314974966128e-01 6.077605826126536437e-01 7.851615839781520001e-02 5.006827492034592909e-03 0.000000000000000000e+00
2.350000000000000000e+04 9.399937428528490901e-01 3.092853891670459543e-01 5.987710514337732937e-01 8.830223031406463086e-02 3.641329085116067413e-03 0.000000000000000000e+00
2.375000000000000000e+04 9.499936762874536811e-01 3.144060081929904160e-01 5.886436049157942607e-01 9.274010013654984674e-02 4.210286754665453109e-03 0.000000000000000000e+00
2.400000000000000000e+04 9.599936097220587161e-01 3.182749203459262488e-01 5.720300409649522466e-01 1.052571688666363164e-01 4.437869822485207214e-03 0.000000000000000000e+00
2.425000000000000000e+04 9.699935431566635291e-01 3.337505689576695245e-01 4.982931269913518646e-01 1.622667273554847522e-01 5.689576695493855224e-03 0.000000000000000000e+00
2.450000000000000000e+04 9.799934765912683421e-01 3.370505234410559603e-01 4.960172963131542767e-01 1.603322712790168358e-01 6.599908966772872511e-03 0.000000000000000000e+00
2.475000000000000000e+04 9.899934100258729330e-01 3.254437869822485174e-01 5.007965407373691225e-01 1.653390987710514348e-01 8.420573509330906217e-03 0.000000000000000000e+00
2.500000000000000000e+04 9.999933434604777460e-01 3.220300409649521911e-01 5.039827036868457233e-01 1.660218479745106945e-01 7.965407373691398007e-03 0.000000000000000000e+00
