# itime ezz other fcc hcp bcc ico
0.000000000000000000e+00 0.000000000000000000e+00 0.000000000000000000e+00 1.000000000000000000e+00 0.000000000000000000e+00 0.000000000000000000e+00 0.000000000000000000e+00
2.500000000000000000e+01 9.999948617327447664e-04 0.000000000000000000e+00 1.000000000000000000e+00 0.000000000000000000e+00 0.000000000000000000e+00 0.000000000000000000e+00
5.000000000000000000e+01 1.999989723465267488e-03 0.000000000000000000e+00 1.000000000000000000e+00 0.000000000000000000e+00 0.000000000000000000e+00 0.000000000000000000e+00
7.500000000000000000e+01 2.999984585198012255e-03 0.000000000000000000e+00 1.000000000000000000e+00 0.000000000000000000e+00 0.000000000000000000e+00 0.000000000000000000e+00
1.000000000000000000e+02 3.999979446930757021e-03 0.000000000000000000e+00 1.000000000000000000e+00 0.000000000000000000e+00 0.000000000000000000e+00 0.000000000000000000e+00
1.250000000000000000e+02 4.999974308663279743e-03 0.000000000000000000e+00 1.000000000000000000e+00 0.000000000000000000e+00 0.000000000000000000e+00 0.000000000000000000e+00
1.500000000000000000e+02 5.999969170396024509e-03 0.000000000000000000e+00 1.000000000000000000e+00 0.000000000000000000e+00 0.000000000000000000e+00 0.000000000000000000e+00
1.750000000000000000e+02 6.999964032128547231e-03 0.000000000000000000e+00 1.000000000000000000e+00 0.000000000000000000e+00 0.000000000000000000e+00 0.000000000000000000e+00
2.000000000000000000e+02 7.999958893861291997e-03 0.000000000000000000e+00 1.000000000000000000e+00 0.000000000000000000e+00 0.000000000000000000e+00 0.000000000000000000e+00
2.250000000000000000e+02 8.999953755594036764e-03 0.000000000000000000e+00 1.000000000000000000e+00 0.000000000000000000e+00 0.000000000000000000e+00 0.000000000000000000e+00
2.500000000000000000e+02 9.999948617326559486e-03 0.000000000000000000e+00 1.000000000000000000e+00 0.000000000000000000e+00 0.000000000000000000e+00 0.000000000000000000e+00
2.750000000000000000e+02 1.099994347905930425e-02 0.000000000000000000e+00 1.000000000000000000e+00 0.000000000000000000e+00 0.000000000000000000e+00 0.000000000000000000e+00
3.000000000000000000e+02 1.199993834079204902e-02 0.000000000000000000e+00 1.000000000000000000e+00 0.000000000000000000e+00 0.000000000000000000e+00 0.000000000000000000e+00
3.250000000000000000e+02 1.299993320252457174e-02 0.000000000000000000e+00 1.000000000000000000e+00 0.000000000000000000e+00 0.000000000000000000e+00 0.000000000000000000e+00
3.500000000000000000e+02 1.399992806425731651e-02 0.000000000000000000e+00 1.000000000000000000e+00 0.000000000000000000e+00 0.000000000000000000e+00 0.000000000000000000e+00
3.750000000000000000e+02 1.499992292598983923e-02 0.000000000000000000e+00 1.000000000000000000e+00 0.000000000000000000e+00 0.000000000000000000e+00 0.000000000000000000e+00
4.000000000000000000e+02 1.599991778772258399e-02 0.000000000000000000e+00 1.000000000000000000e+00 0.000000000000000000e+00 0.000000000000000000e+00 0.000000000000000000e+00
4.250000000000000000e+02 1.699991264945532876e-02 0.000000000000000000e+00 1.000000000000000000e+00 0.000000000000000000e+00 0.000000000000000000e+00 0.000000000000000000e+00
4.500000000000000000e+02 1.799990751118785148e-02 0.000000000000000000e+00 1.000000000000000000e+00 0.000000000000000000e+00 0.000000000000000000e+00 0.000000000000000000e+00
4.750000000000000000e+02 1.899990237292059625e-02 0.000000000000000000e+00 1.000000000000000000e+00 0.000000000000000000e+00 0.000000000000000000e+00 0.000000000000000000e+00
5.000000000000000000e+02 1.999989723465334102e-02 0.000000000000000000e+00 1.000000000000000000e+00 0.000000000000000000e+00 0.000000000000000000e+00 0.000000000000000000e+00
5.250000000000000000e+02 2.099989209638586374e-02 0.000000000000000000e+00 1.000000000000000000e+00 0.000000000000000000e+00 0.000000000000000000e+00 0.000000000000000000e+00
5.500000000000000000e+02 2.199988695811860850e-02 0.000000000000000000e+00 1.000000000000000000e+00 0.000000000000000000e+00 0.000000000000000000e+00 0.000000000000000000e+00
5.750000000000000000e+02 2.299988181985135327e-02 0.000000000000000000e+00 1.000000000000000000e+00 0.000000000000000000e+00 0.000000000000000000e+00 0.000000000000000000e+00
6.000000000000000000e+02 2.399987668158387599e-02 0.000000000000000000e+00 1.000000000000000000e+00 0.000000000000000000e+00 0.000000000000000000e+00 0.000000000000000000e+00
6.250000000000000000e+02 2.499987154331662076e-02 0.000000000000000000e+00 1.000000000000000000e+00 0.000000000000000000e+00 0.000000000000000000e+00 0.000000000000000000e+00
6.500000000000000000e+02 2.599986640504914348e-02 0.000000000000000000e+00 1.000000000000000000e+00 0.000000000000000000e+00 0.000000000000000000e+00 0.000000000000000000e+00
6.750000000000000000e+02 2.699986126678188825e-02 0.000000000000000000e+00 1.000000000000000000e+00 0.000000000000000000e+00 0.000000000000000000e+00 0.000000000000000000e+00
7.000000000000000000e+02 2.799985612851463301e-02 0.000000000000000000e+00 1.000000000000000000e+00 0.000000000000000000e+00 0.000000000000000000e+00 0.000000000000000000e+00
7.250000000000000000e+02 2.899985099024715574e-02 0.000000000000000000e+00 1.000000000000000000e+00 0.000000000000000000e+00 0.000000000000000000e+00 0.000000000000000000e+00
7.500000000000000000e+02 2.999984585197990050e-02 0.000000000000000000e+00 1.000000000000000000e+00 0.000000000000000000e+00 0.000000000000000000e+00 0.000000000000000000e+00
7.750000000000000000e+02 3.099984071371264527e-02 0.000000000000000000e+00 1.000000000000000000e+00 0.000000000000000000e+00 0.000000000000000000e+00 0.000000000000000000e+00
8.000000000000000000e+02 3.199983557544516799e-02 0.000000000000000000e+00 1.000000000000000000e+00 0.000000000000000000e+00 0.000000000000000000e+00 0.000000000000000000e+00
8.250000000000000000e+02 3.299983043717791276e-02 0.000000000000000000e+00 1.000000000000000000e+00 0.000000000000000000e+00 0.000000000000000000e+00 0.000000000000000000e+00
8.500000000000000000e+02 3.399982529891065752e-02 0.000000000000000000e+00 1.000000000000000000e+00 0.000000000000000000e+00 0.000000000000000000e+00 0.000000000000000000e+00
8.750000000000000000e+02 3.499982016064318024e-02 0.000000000000000000e+00 1.000000000000000000e+00 0.000000000000000000e+00 0.000000000000000000e+00 0.000000000000000000e+00
9.000000000000000000e+02 3.599981502237592501e-02 0.000000000000000000e+00 1.000000000000000000e+00 0.000000000000000000e+00 0.000000000000000000e+00 0.000000000000000000e+00
9.250000000000000000e+02 3.699980988410844773e-02 0.000000000000000000e+00 1.000000000000000000e+00 0.000000000000000000e+00 0.000000000000000000e+00 0.000000000000000000e+00
9.500000000000000000e+02 3.799980474584119250e-02 0.000000000000000000e+00 1.000000000000000000e+00 0.000000000000000000e+00 0.000000000000000000e+00 0.000000000000000000e+00
9.750000000000000000e+02 3.899979960757393727e-02 0.000000000000000000e+00 1.000000000000000000e+00 0.000000000000000000e+00 0.000000000000000000e+00 0.000000000000000000e+00
1.000000000000000000e+03 3.999979446930645999e-02 0.000000000000000000e+00 1.000000000000000000e+00 0.000000000000000000e+00 0.000000000000000000e+00 0.000000000000000000e+00
1.025000000000000000e+03 4.099978933103920475e-02 0.000000000000000000e+00 1.000000000000000000e+00 0.000000000000000000e+00 0.000000000000000000e+00 0.000000000000000000e+00
1.050000000000000000e+03 4.199978419277194952e-02 0.000000000000000000e+00 1.000000000000000000e+00 0.000000000000000000e+00 0.000000000000000000e+00 0.000000000000000000e+00
1.075000000000000000e+03 4.299977905450447224e-02 0.000000000000000000e+00 1.000000000000000000e+00 0.000000000000000000e+00 0.000000000000000000e+00 0.000000000000000000e+00
1.100000000000000000e+03 4.399977391623721701e-02 0.000000000000000000e+00 1.000000000000000000e+00 0.000000000000000000e+00 0.000000000000000000e+00 0.000000000000000000e+00
1.125000000000000000e+03 4.499976877796973973e-02 0.000000000000000000e+00 1.000000000000000000e+00 0.000000000000000000e+00 0.000000000000000000e+00 0.000000000000000000e+00
1.150000000000000000e+03 4.599976363970248450e-02 0.000000000000000000e+00 1.000000000000000000e+00 0.000000000000000000e+00 0.000000000000000000e+00 0.000000000000000000e+00
1.175000000000000000e+03 4.699975850143522926e-02 0.000000000000000000e+00 1.000000000000000000e+00 0.000000000000000000e+00 0.000000000000000000e+00 0.000000000000000000e+00
1.200000000000000000e+03 4.799975336316775198e-02 0.000000000000000000e+00 1.000000000000000000e+00 0.000000000000000000e+00 0.000000000000000000e+00 0.000000000000000000e+00
1.225000000000000000e+03 4.899974822490049675e-02 0.000000000000000000e+00 1.000000000000000000e+00 0.000000000000000000e+00 0.000000000000000000e+00 0.000000000000000000e+00
1.250000000000000000e+03 4.999974308663324152e-02 0.000000000000000000e+00 1.000000000000000000e+00 0.000000000000000000e+00 0.000000000000000000e+00 0.000000000000000000e+00
1.275000000000000000e+03 5.099973794836576424e-02 0.000000000000000000e+00 1.000000000000000000e+00 0.000000000000000000e+00 0.000000000000000000e+00 0.000000000000000000e+00
1.300000000000000000e+03 5.199973281009850901e-02 0.000000000000000000e+00 1.000000000000000000e+00 0.000000000000000000e+00 0.000000000000000000e+00 0.000000000000000000e+00
1.325000000000000000e+03 5.299972767183125377e-02 0.000000000000000000e+00 1.000000000000000000e+00 0.000000000000000000e+00 0.000000000000000000e+00 0.000000000000000000e+00
1.350000000000000000e+03 5.399972253356377649e-02 0.000000000000000000e+00 1.000000000000000000e+00 0.000000000000000000e+00 0.000000000000000000e+00 0.000000000000000000e+00
1.375000000000000000e+03 5.499971739529652126e-02 1.137915339098771066e-04 9.998862084660901095e-01 0.000000000000000000e+00 0.000000000000000000e+00 0.000000000000000000e+00
1.400000000000000000e+03 5.599971225702904398e-02 0.000000000000000000e+00 1.000000000000000000e+00 0.000000000000000000e+00 0.000000000000000000e+00 0.000000000000000000e+00
1.425000000000000000e+03 5.699970711876178875e-02 0.000000000000000000e+00 1.000000000000000000e+00 0.000000000000000000e+00 0.000000000000000000e+00 0.000000000000000000e+00
1.450000000000000000e+03 5.799970198049453352e-02 0.000000000000000000e+00 1.000000000000000000e+00 0.000000000000000000e+00 0.000000000000000000e+00 0.000000000000000000e+00
1.475000000000000000e+03 5.899969684222705624e-02 0.000000000000000000e+00 1.000000000000000000e+00 0.000000000000000000e+00 0.000000000000000000e+00 0.000000000000000000e+00
1.500000000000000000e+03 5.999969170395980100e-02 0.000000000000000000e+00 1.000000000000000000e+00 0.000000000000000000e+00 0.000000000000000000e+00 0.000000000000000000e+00
1.525000000000000000e+03 6.099968656569254577e-02 0.000000000000000000e+00 1.000000000000000000e+00 0.000000000000000000e+00 0.000000000000000000e+00 0.000000000000000000e+00
1.550000000000000000e+03 6.199968142742506849e-02 0.000000000000000000e+00 1.000000000000000000e+00 0.000000000000000000e+00 0.000000000000000000e+00 0.000000000000000000e+00
1.575000000000000000e+03 6.299967628915781326e-02 0.000000000000000000e+00 1.000000000000000000e+00 0.000000000000000000e+00 0.000000000000000000e+00 0.000000000000000000e+00
1.600000000000000000e+03 6.399967115089055802e-02 0.000000000000000000e+00 1.000000000000000000e+00 0.000000000000000000e+00 0.000000000000000000e+00 0.000000000000000000e+00
1.625000000000000000e+03 6.499966601262308075e-02 0.000000000000000000e+00 1.000000000000000000e+00 0.000000000000000000e+00 0.000000000000000000e+00 0.000000000000000000e+00
1.650000000000000000e+03 6.599966087435582551e-02 0.000000000000000000e+00 1.000000000000000000e+00 0.000000000000000000e+00 0.000000000000000000e+00 0.000000000000000000e+00
1.675000000000000000e+03 6.699965573608834823e-02 0.000000000000000000e+00 1.000000000000000000e+00 0.000000000000000000e+00 0.000000000000000000e+00 0.000000000000000000e+00
1.700000000000000000e+03 6.799965059782109300e-02 0.000000000000000000e+00 1.000000000000000000e+00 0.000000000000000000e+00 0.000000000000000000e+00 0.000000000000000000e+00
1.725000000000000000e+03 6.899964545955383777e-02 0.000000000000000000e+00 1.000000000000000000e+00 0.000000000000000000e+00 0.000000000000000000e+00 0.000000000000000000e+00
1.750000000000000000e+03 6.999964032128636049e-02 0.000000000000000000e+00 1.000000000000000000e+00 0.000000000000000000e+00 0.000000000000000000e+00 0.000000000000000000e+00
1.775000000000000000e+03 7.099963518301910526e-02 1.137915339098771066e-04 9.998862084660901095e-01 0.000000000000000000e+00 0.000000000000000000e+00 0.000000000000000000e+00
1.800000000000000000e+03 7.199963004475185002e-02 0.000000000000000000e+00 1.000000000000000000e+00 0.000000000000000000e+00 0.000000000000000000e+00 0.000000000000000000e+00
1.825000000000000000e+03 7.299962490648437274e-02 0.000000000000000000e+00 1.000000000000000000e+00 0.000000000000000000e+00 0.000000000000000000e+00 0.000000000000000000e+00
1.850000000000000000e+03 7.399961976821711751e-02 1.137915339098771066e-04 9.998862084660901095e-01 0.000000000000000000e+00 0.000000000000000000e+00 0.000000000000000000e+00
1.875000000000000000e+03 7.499961462994964023e-02 1.137915339098771066e-04 9.998862084660901095e-01 0.000000000000000000e+00 0.000000000000000000e+00 0.000000000000000000e+00
1.900000000000000000e+03 7.599960949168238500e-02 3.413746017296313199e-04 9.996586253982703285e-01 0.000000000000000000e+00 0.000000000000000000e+00 0.000000000000000000e+00
1.925000000000000000e+03 7.699960435341512976e-02 0.000000000000000000e+00 1.000000000000000000e+00 0.000000000000000000e+00 0.000000000000000000e+00 0.000000000000000000e+00
1.950000000000000000e+03 7.799959921514765249e-02 0.000000000000000000e+00 1.000000000000000000e+00 0.000000000000000000e+00 0.000000000000000000e+00 0.000000000000000000e+00
1.975000000000000000e+03 7.899959407688039725e-02 0.000000000000000000e+00 1.000000000000000000e+00 0.000000000000000000e+00 0.000000000000000000e+00 0.000000000000000000e+00
2.000000000000000000e+03 7.999958893861314202e-02 3.413746017296313199e-04 9.996586253982703285e-01 0.000000000000000000e+00 0.000000000000000000e+00 0.000000000000000000e+00
2.025000000000000000e+03 8.099958380034566474e-02 2.275830678197542133e-04 9.997724169321802190e-01 0.000000000000000000e+00 0.000000000000000000e+00 0.000000000000000000e+00
2.050000000000000000e+03 8.199957866207840951e-02 0.000000000000000000e+00 1.000000000000000000e+00 0.000000000000000000e+00 0.000000000000000000e+00 0.000000000000000000e+00
2.075000000000000000e+03 8.299957352381115427e-02 7.965407373691396923e-04 9.990896677287209870e-01 0.000000000000000000e+00 1.137915339098771066e-04 0.000000000000000000e+00
2.100000000000000000e+03 8.399956838554367700e-02 0.000000000000000000e+00 1.000000000000000000e+00 0.000000000000000000e+00 0.000000000000000000e+00 0.000000000000000000e+00
2.125000000000000000e+03 8.499956324727642176e-02 1.365498406918525280e-03 9.986345015930814251e-01 0.000000000000000000e+00 0.000000000000000000e+00 0.000000000000000000e+00
2.150000000000000000e+03 8.599955810900894448e-02 4.551661356395084266e-04 9.995448338643604380e-01 0.000000000000000000e+00 0.000000000000000000e+00 0.000000000000000000e+00
2.175000000000000000e+03 8.699955297074168925e-02 1.137915339098771066e-04 9.998862084660901095e-01 0.000000000000000000e+00 0.000000000000000000e+00 0.000000000000000000e+00
2.200000000000000000e+03 8.799954783247443402e-02 4.551661356395084266e-04 9.995448338643604380e-01 0.000000000000000000e+00 0.000000000000000000e+00 0.000000000000000000e+00
2.225000000000000000e+03 8.899954269420695674e-02 5.689576695493854790e-04 9.992034592626308775e-01 0.000000000000000000e+00 2.275830678197542133e-04 0.000000000000000000e+00
2.250000000000000000e+03 8.999953755593970151e-02 2.275830678197542133e-04 9.997724169321802190e-01 0.000000000000000000e+00 0.000000000000000000e+00 0.000000000000000000e+00
2.275000000000000000e+03 9.099953241767244627e-02 3.413746017296313199e-04 9.996586253982703285e-01 0.000000000000000000e+00 0.000000000000000000e+00 0.000000000000000000e+00
2.300000000000000000e+03 9.199952727940496899e-02 1.024123805188893906e-03 9.989758761948110966e-01 0.000000000000000000e+00 0.000000000000000000e+00 0.000000000000000000e+00
2.325000000000000000e+03 9.299952214113771376e-02 7.965407373691396923e-04 9.992034592626308775e-01 0.000000000000000000e+00 0.000000000000000000e+00 0.000000000000000000e+00
2.350000000000000000e+03 9.399951700287023648e-02 1.593081474738279385e-03 9.982931269913518646e-01 0.000000000000000000e+00 1.137915339098771066e-04 0.000000000000000000e+00
2.375000000000000000e+03 9.499951186460298125e-02 9.103322712790168532e-04 9.990896677287209870e-01 0.000000000000000000e+00 0.000000000000000000e+00 0.000000000000000000e+00
2.400000000000000000e+03 9.599950672633572601e-02 1.024123805188893906e-03 9.989758761948110966e-01 0.000000000000000000e+00 0.000000000000000000e+00 0.000000000000000000e+00
2.425000000000000000e+03 9.699950158806824874e-02 2.275830678197541916e-03 9.974965862539827421e-01 0.000000000000000000e+00 2.275830678197542133e-04 0.000000000000000000e+00
2.450000000000000000e+03 9.799949644980099350e-02 6.827492034592626399e-04 9.993172507965407680e-01 0.000000000000000000e+00 0.000000000000000000e+00 0.000000000000000000e+00
2.475000000000000000e+03 9.899949131153373827e-02 2.162039144287664864e-03 9.977241693218024121e-01 0.000000000000000000e+00 1.137915339098771066e-04 0.000000000000000000e+00
2.500000000000000000e+03 9.999948617326626099e-02 3.868912152935821518e-03 9.961310878470641672e-01 0.000000000000000000e+00 0.000000000000000000e+00 0.000000000000000000e+00
2.525000000000000000e+03 1.009994810349990058e-01 2.389622212107419402e-03 9.976103777878926326e-01 0.000000000000000000e+00 0.000000000000000000e+00 0.000000000000000000e+00
2.550000000000000000e+03 1.019994758967317505e-01 1.479289940828402332e-03 9.984069185252617551e-01 0.000000000000000000e+00 1.137915339098771066e-04 0.000000000000000000e+00
2.575000000000000000e+03 1.029994707584642732e-01 2.162039144287664864e-03 9.976103777878926326e-01 0.000000000000000000e+00 2.275830678197542133e-04 0.000000000000000000e+00
2.600000000000000000e+03 1.039994656201970180e-01 4.324078288575329727e-03 9.954483386436049352e-01 0.000000000000000000e+00 2.275830678197542133e-04 0.000000000000000000e+00
2.625000000000000000e+03 1.049994604819295407e-01 3.299954483386436255e-03 9.965862539827037292e-01 0.000000000000000000e+00 1.137915339098771066e-04 0.000000000000000000e+00
2.650000000000000000e+03 1.059994553436622855e-01 5.575785161583977738e-03 9.935138825671370189e-01 0.000000000000000000e+00 9.103322712790168532e-04 0.000000000000000000e+00
2.675000000000000000e+03 1.069994502053950303e-01 4.096495220755575623e-03 9.957897132453344957e-01 0.000000000000000000e+00 1.137915339098771066e-04 0.000000000000000000e+00
2.700000000000000000e+03 1.079994450671275530e-01 6.827492034592626616e-03 9.928311333636777869e-01 0.000000000000000000e+00 3.413746017296313199e-04 0.000000000000000000e+00
2.725000000000000000e+03 1.089994399288602978e-01 7.396449704142011444e-03 9.922621756941283344e-01 0.000000000000000000e+00 3.413746017296313199e-04 0.000000000000000000e+00
2.750000000000000000e+03 1.099994347905930425e-01 7.510241238051888930e-03 9.921483841602184439e-01 0.000000000000000000e+00 3.413746017296313199e-04 0.000000000000000000e+00
2.775000000000000000e+03 1.109994296523255652e-01 6.827492034592626616e-03 9.931725079654073474e-01 0.000000000000000000e+00 0.000000000000000000e+00 0.000000000000000000e+00
2.800000000000000000e+03 1.119994245140583100e-01 9.558488848429677609e-03 9.902139280837505275e-01 0.000000000000000000e+00 2.275830678197542133e-04 0.000000000000000000e+00
2.825000000000000000e+03 1.129994193757910548e-01 1.615839781520254925e-02 9.828174783796085334e-01 0.000000000000000000e+00 1.024123805188893906e-03 0.000000000000000000e+00
2.850000000000000000e+03 1.139994142375235775e-01 1.285844333181611343e-02 9.855484751934455723e-01 0.000000000000000000e+00 1.593081474738279385e-03 0.000000000000000000e+00
2.875000000000000000e+03 1.149994090992563223e-01 1.536185707783340945e-02 9.836140191169776559e-01 0.000000000000000000e+00 1.024123805188893906e-03 0.000000000000000000e+00
2.900000000000000000e+03 1.159994039609888450e-01 1.763768775603095224e-02 9.808830223031406170e-01 0.000000000000000000e+00 1.479289940828402332e-03 0.000000000000000000e+00
2.925000000000000000e+03 1.169993988227215898e-01 2.514792899408284030e-02 9.714383249886208160e-01 0.000000000000000000e+00 3.413746017296313308e-03 0.000000000000000000e+00
2.950000000000000000e+03 1.179993936844543345e-01 3.504779244424215123e-02 9.577833409194356218e-01 0.000000000000000000e+00 7.168866636322257339e-03 0.000000000000000000e+00
2.975000000000000000e+03 1.189993885461868572e-01 4.984069185252617412e-02 9.359353664087392000e-01 0.000000000000000000e+00 1.422394173873463806e-02 0.000000000000000000e+00
3.000000000000000000e+03 1.199993834079196020e-01 6.986800182066454923e-02 8.898497951752389890e-01 0.000000000000000000e+00 4.028220300409649651e-02 0.000000000000000000e+00
3.025000000000000000e+03 1.209993782696523468e-01 1.231224396904870289e-01 7.823167956304051263e-01 0.000000000000000000e+00 9.456076467910787264e-02 0.000000000000000000e+00
3.050000000000000000e+03 1.219993731313848695e-01 1.804733727810650945e-01 6.044606281292671524e-01 0.000000000000000000e+00 2.150659990896677254e-01 0.000000000000000000e+00
3.075000000000000000e+03 1.229993679931176143e-01 2.622894856622667303e-01 3.821119708693673234e-01 0.000000000000000000e+00 3.555985434683659463e-01 0.000000000000000000e+00
3.100000000000000000e+03 1.239993628548501370e-01 3.463814292216659263e-01 2.093764223941738667e-01 3.413746017296313199e-04 4.439007737824305910e-01 0.000000000000000000e+00
3.125000000000000000e+03 1.249993577165828817e-01 3.850705507510241432e-01 1.345015930814747462e-01 1.365498406918525280e-03 4.790623577605825911e-01 0.000000000000000000e+00
3.150000000000000000e+03 1.259993525783156265e-01 3.775603095129722586e-01 1.272189349112426149e-01 7.965407373691396923e-04 4.944242148384160318e-01 0.000000000000000000e+00
3.175000000000000000e+03 1.269993474400481492e-01 3.595812471552116696e-01 1.655666818388711881e-01 7.965407373691396923e-04 4.740555302685480199e-01 0.000000000000000000e+00
3.200000000000000000e+03 1.279993423017808940e-01 3.492262175694128556e-01 1.891215293582157453e-01 3.413746017296313199e-04 4.613108784706417831e-01 0.000000000000000000e+00
3.225000000000000000e+03 1.289993371635136388e-01 3.685707783340919641e-01 1.855939918070095562e-01 5.689576695493854790e-04 4.452662721893491105e-01 0.000000000000000000e+00
3.250000000000000000e+03 1.299993320252461615e-01 3.776741010468820936e-01 1.720527992717341692e-01 3.527537551206190360e-03 4.467455621301775204e-01 0.000000000000000000e+00
3.275000000000000000e+03 1.309993268869789063e-01 3.781292671825216001e-01 1.612426035502958488e-01 6.713700500682749130e-03 4.539144287664997890e-01 0.000000000000000000e+00
3.300000000000000000e+03 1.319993217487116510e-01 3.557123350022758368e-01 1.580564406008193035e-01 1.342740100136549826e-02 4.728038233955393910e-01 0.000000000000000000e+00
3.325000000000000000e+03 1.329993166104441737e-01 3.467228038233955423e-01 1.675011379153391045e-01 2.389622212107419055e-02 4.618798361401911801e-01 0.000000000000000000e+00
3.350000000000000000e+03 1.339993114721769185e-01 3.569640418752844657e-01 1.681838871187983642e-01 3.493400091033227461e-02 4.399180700955848677e-01 0.000000000000000000e+00
3.375000000000000000e+03 1.349993063339094412e-01 3.675466545289030607e-01 1.799044151115156975e-01 5.473372781065088954e-02 3.978152025489303800e-01 0.000000000000000000e+00
3.400000000000000000e+03 1.359993011956421860e-01 3.623122439690487084e-01 1.953800637232590010e-01 7.464724624487938109e-02 3.676604460628129512e-01 0.000000000000000000e+00
3.425000000000000000e+03 1.369992960573749308e-01 3.593536640873918886e-01 2.025489303595812418e-01 8.739189804278561791e-02 3.507055075102412656e-01 0.000000000000000000e+00
3.450000000000000000e+03 1.379992909191074535e-01 3.535502958579881394e-01 2.108557123350022766e-01 1.073054164770141095e-01 3.282885753299954468e-01 0.000000000000000000e+00
3.475000000000000000e+03 1.389992857808401983e-01 3.588984979517523821e-01 2.118798361401911801e-01 1.165225307237141572e-01 3.126991351843422806e-01 0.000000000000000000e+00
3.500000000000000000e+03 1.399992806425729430e-01 3.796085571233500100e-01 2.089212562585343602e-01 1.108329540282202985e-01 3.006372325898953313e-01 0.000000000000000000e+00
3.525000000000000000e+03 1.409992755043054657e-01 3.788120163859808875e-01 2.115384615384615363e-01 1.187983614019117035e-01 2.908511606736458588e-01 0.000000000000000000e+00
3.550000000000000000e+03 1.419992703660382105e-01 3.810878470641784199e-01 2.183659535730541612e-01 1.239189804278561652e-01 2.766272189349112676e-01 0.000000000000000000e+00
3.575000000000000000e+03 1.429992652277709553e-01 3.831360946745562268e-01 2.377105143377332697e-01 1.290395994538006408e-01 2.501137915339098905e-01 0.000000000000000000e+00
3.600000000000000000e+03 1.439992600895034780e-01 3.823395539371870488e-01 2.420345926263086089e-01 1.304050978607191602e-01 2.452207555757851543e-01 0.000000000000000000e+00
3.625000000000000000e+03 1.449992549512362228e-01 3.905325443786982209e-01 2.428311333636777314e-01 1.306326809285389134e-01 2.360036413290851065e-01 0.000000000000000000e+00
3.650000000000000000e+03 1.459992498129687455e-01 3.947428311333636697e-01 2.465862539827036737e-01 1.360946745562130189e-01 2.225762403277196100e-01 0.000000000000000000e+00
3.675000000000000000e+03 1.469992446747014903e-01 3.901911697769686049e-01 2.462448793809740577e-01 1.433773327264451503e-01 2.201866181156121871e-01 0.000000000000000000e+00
3.700000000000000000e+03 1.479992395364342350e-01 3.966772872098315861e-01 2.474965862539827144e-01 1.481565771506599960e-01 2.076695493855257035e-01 0.000000000000000000e+00
3.725000000000000000e+03 1.489992343981667577e-01 4.004324078288575284e-01 2.539827036868457233e-01 1.566909421939007840e-01 1.888939462903959920e-01 0.000000000000000000e+00
3.750000000000000000e+03 1.499992292598995025e-01 4.071461083295402905e-01 2.522758306781975324e-01 1.611288120163859861e-01 1.794492489758761911e-01 0.000000000000000000e+00
3.775000000000000000e+03 1.509992241216322473e-01 3.923532089212562468e-01 2.539827036868457233e-01 1.733045061447428259e-01 1.803595812471552040e-01 0.000000000000000000e+00
3.800000000000000000e+03 1.519992189833647700e-01 4.060081929904414966e-01 2.547792444242148457e-01 1.678425125170687204e-01 1.713700500682749095e-01 0.000000000000000000e+00
3.825000000000000000e+03 1.529992138450975148e-01 4.107874374146563423e-01 2.551206190259444617e-01 1.722803823395539502e-01 1.618115612198452458e-01 0.000000000000000000e+00
3.850000000000000000e+03 1.539992087068300375e-01 4.033909877105143482e-01 2.596722803823395265e-01 1.728493400091033194e-01 1.640873918980427781e-01 0.000000000000000000e+00
3.875000000000000000e+03 1.549992035685627823e-01 4.006599908966773094e-01 2.592171142467000200e-01 1.733045061447428259e-01 1.668183887118798447e-01 0.000000000000000000e+00
3.900000000000000000e+03 1.559991984302955270e-01 4.106736458807464518e-01 2.560309512972234747e-01 1.784251251706872876e-01 1.548702776513427304e-01 0.000000000000000000e+00
3.925000000000000000e+03 1.569991932920280497e-01 4.140873918980427781e-01 2.542102867546654488e-01 1.857077833409194467e-01 1.459945380063723264e-01 0.000000000000000000e+00
3.950000000000000000e+03 1.579991881537607945e-01 4.236458807464724696e-01 2.563723258989530907e-01 1.899180700955848955e-01 1.300637232589895442e-01 0.000000000000000000e+00
3.975000000000000000e+03 1.589991830154935393e-01 4.099908966772872199e-01 2.613791533909877174e-01 1.966317705962676299e-01 1.318843878015475701e-01 1.137915339098771066e-04
4.000000000000000000e+03 1.599991778772260620e-01 4.032771961766044577e-01 2.694583522985889990e-01 1.965179790623577671e-01 1.306326809285389134e-01 1.137915339098771066e-04
4.025000000000000000e+03 1.609991727389588068e-01 4.040737369139735802e-01 2.699135184342285054e-01 1.954938552571688637e-01 1.305188893946290507e-01 0.000000000000000000e+00
4.050000000000000000e+03 1.619991676006915515e-01 4.019116977696859383e-01 2.745789713245334607e-01 1.968593536640873831e-01 1.266499772416932179e-01 0.000000000000000000e+00
4.075000000000000000e+03 1.629991624624240742e-01 4.036185707783340737e-01 2.860719162494310686e-01 1.908284023668639084e-01 1.194811106053709632e-01 0.000000000000000000e+00
4.100000000000000000e+03 1.639991573241568190e-01 4.033909877105143482e-01 2.825443786982248517e-01 1.916249431042330587e-01 1.223258989531178925e-01 1.137915339098771066e-04
4.125000000000000000e+03 1.649991521858893417e-01 4.023668639053254448e-01 2.832271279016841392e-01 1.917387346381429214e-01 1.226672735548475224e-01 0.000000000000000000e+00
4.150000000000000000e+03 1.659991470476220865e-01 4.061219845243513871e-01 2.843650432407828776e-01 1.970869367319071364e-01 1.123122439690487084e-01 1.137915339098771066e-04
4.175000000000000000e+03 1.669991419093548313e-01 4.123805188893946427e-01 2.849340009103322746e-01 1.916249431042330587e-01 1.109467455621301751e-01 1.137915339098771066e-04
4.200000000000000000e+03 1.679991367710873540e-01 4.070323167956304000e-01 2.891442876649977234e-01 1.969731451979972736e-01 1.068502503413746030e-01 0.000000000000000000e+00
4.225000000000000000e+03 1.689991316328200988e-01 4.115839781520254648e-01 2.872098315885298070e-01 1.940145653163404538e-01 1.071916249431042328e-01 0.000000000000000000e+00
4.250000000000000000e+03 1.699991264945528435e-01 4.142011834319526686e-01 2.822030040964952358e-01 1.924214838416021811e-01 1.111743286299499284e-01 0.000000000000000000e+00
4.275000000000000000e+03 1.709991213562853662e-01 4.115839781520254648e-01 2.820892125625853453e-01 1.973145197997268896e-01 1.090122894856622726e-01 0.000000000000000000e+00
4.300000000000000000e+03 1.719991162180181110e-01 4.145425580336822846e-01 2.836822940373236457e-01 1.923076923076923184e-01 1.094674556213017791e-01 0.000000000000000000e+00
4.325000000000000000e+03 1.729991110797506337e-01 4.200045516613564178e-01 2.866408739189804100e-01 1.911697769685935244e-01 1.021847974510696339e-01 0.000000000000000000e+00
4.350000000000000000e+03 1.739991059414833785e-01 4.218252162039144437e-01 2.862994993172507940e-01 1.934456076467910846e-01 9.842967683204369156e-02 0.000000000000000000e+00
4.375000000000000000e+03 1.749991008032161233e-01 4.149977241693217911e-01 2.915339098771051463e-01 2.006144742831133254e-01 9.274010013654984674e-02 1.137915339098771066e-04
4.400000000000000000e+03 1.759990956649486460e-01 4.213700500682749372e-01 2.862994993172507940e-01 1.952662721893491105e-01 9.695038689121529552e-02 1.137915339098771066e-04
4.425000000000000000e+03 1.769990905266813908e-01 4.237596722803823601e-01 2.868684569868001910e-01 1.898042785616750050e-01 9.945380063723259501e-02 1.137915339098771066e-04
4.450000000000000000e+03 1.779990853884141355e-01 4.179563040509786109e-01 2.901684114701866268e-01 1.973145197997268896e-01 9.456076467910787264e-02 0.000000000000000000e+00
4.475000000000000000e+03 1.789990802501466582e-01 4.313837050523440797e-01 2.850477924442421651e-01 2.014110150204824756e-01 8.215748748293126569e-02 0.000000000000000000e+00
4.500000000000000000e+03 1.799990751118794030e-01 4.296768320436959443e-01 2.829995448338643582e-01 2.055075102412380617e-01 8.170232134729175921e-02 1.137915339098771066e-04
4.525000000000000000e+03 1.809990699736121478e-01 4.299044151115157253e-01 2.880063723258989294e-01 2.014110150204824756e-01 8.067819754210286964e-02 0.000000000000000000e+00
4.550000000000000000e+03 1.819990648353446705e-01 4.262630860263996180e-01 2.907373691397360238e-01 2.025489303595812418e-01 8.045061447428311641e-02 0.000000000000000000e+00
4.575000000000000000e+03 1.829990596970774153e-01 4.270596267637687959e-01 2.927856167501137752e-01 1.957214383249886169e-01 8.443331816112881194e-02 0.000000000000000000e+00
4.600000000000000000e+03 1.839990545588099380e-01 4.351388256713700775e-01 2.899408284023668458e-01 1.981110605370960398e-01 7.669549385525717411e-02 1.137915339098771066e-04
4.625000000000000000e+03 1.849990494205426828e-01 4.442421483841602070e-01 2.910787437414656398e-01 1.961766044606281234e-01 6.850250341374601593e-02 0.000000000000000000e+00
4.650000000000000000e+03 1.859990442822754275e-01 4.436731907146108100e-01 2.866408739189804100e-01 1.997041420118343125e-01 6.998179335457442585e-02 0.000000000000000000e+00
4.675000000000000000e+03 1.869990391440079502e-01 4.376422394173873354e-01 2.900546199362767363e-01 1.990213928083750528e-01 7.328174783796086167e-02 0.000000000000000000e+00
4.700000000000000000e+03 1.879990340057406950e-01 4.435593991807009751e-01 2.873236231224396975e-01 1.958352298588985074e-01 7.316795630405098505e-02 1.137915339098771066e-04
4.725000000000000000e+03 1.889990288674734398e-01 4.401456531634046487e-01 2.874374146563495880e-01 1.999317250796540657e-01 7.248520710059171146e-02 0.000000000000000000e+00
4.750000000000000000e+03 1.899990237292059625e-01 4.473145197997269173e-01 2.858443331816112876e-01 1.969731451979972736e-01 6.986800182066454923e-02 0.000000000000000000e+00
4.775000000000000000e+03 1.909990185909387073e-01 4.445835229858898230e-01 2.913063268092853653e-01 1.975421028675466428e-01 6.656804733727811341e-02 0.000000000000000000e+00
4.800000000000000000e+03 1.919990134526714520e-01 4.436731907146108100e-01 2.888029130632681074e-01 2.007282658170232159e-01 6.679563040509786664e-02 0.000000000000000000e+00
4.825000000000000000e+03 1.929990083144039748e-01 4.433318161128811941e-01 2.903959945380063523e-01 2.031178880291306388e-01 6.315430131998178709e-02 0.000000000000000000e+00
4.850000000000000000e+03 1.939990031761367195e-01 4.406008192990441552e-01 2.890304961310878329e-01 2.041420118343195145e-01 6.622667273554846967e-02 0.000000000000000000e+00
4.875000000000000000e+03 1.949989980378692422e-01 4.479972690031861493e-01 2.894856622667273394e-01 2.009558488848429691e-01 6.156121984524351443e-02 0.000000000000000000e+00
4.900000000000000000e+03 1.959989928996019870e-01 4.510696404187528596e-01 2.899408284023668458e-01 2.001593081474738189e-01 5.883022303140646170e-02 0.000000000000000000e+00
4.925000000000000000e+03 1.969989877613347318e-01 4.544833864360491305e-01 2.876649977241693135e-01 1.997041420118343125e-01 5.814747382794720199e-02 0.000000000000000000e+00
4.950000000000000000e+03 1.979989826230672545e-01 4.549385525716886924e-01 2.888029130632681074e-01 1.961766044606281234e-01 6.008192990441511144e-02 0.000000000000000000e+00
4.975000000000000000e+03 1.989989774847999993e-01 4.629039599453800835e-01 2.883477469276286009e-01 1.928766499772416876e-01 5.587164314974965573e-02 0.000000000000000000e+00
5.000000000000000000e+03 1.999989723465327440e-01 4.726900318616295005e-01 2.875512061902594230e-01 1.867319071461083224e-01 5.302685480200273332e-02 0.000000000000000000e+00
5.025000000000000000e+03 2.009989672082652667e-01 4.765589440145653333e-01 2.834547109695038647e-01 1.851388256713700498e-01 5.484751934456076616e-02 0.000000000000000000e+00
5.050000000000000000e+03 2.019989620699980115e-01 4.769003186162949492e-01 2.835685025034137552e-01 1.858215748748293095e-01 5.370960400546199304e-02 0.000000000000000000e+00
5.075000000000000000e+03 2.029989569317305342e-01 4.829312699135184239e-01 2.817478379608557293e-01 1.832043695949021334e-01 5.211652253072371344e-02 0.000000000000000000e+00
5.100000000000000000e+03 2.039989517934632790e-01 4.813381884387801790e-01 2.890304961310878329e-01 1.829767865270823801e-01 4.665452890304961492e-02 0.000000000000000000e+00
5.125000000000000000e+03 2.049989466551960238e-01 4.812243969048702885e-01 2.914201183431952558e-01 1.850250341374601593e-01 4.233045061447428259e-02 0.000000000000000000e+00
5.150000000000000000e+03 2.059989415169285465e-01 4.802002730996813851e-01 2.886891215293582169e-01 1.862767410104688159e-01 4.483386436049158208e-02 0.000000000000000000e+00
5.175000000000000000e+03 2.069989363786612913e-01 4.791761492944924816e-01 2.918752844788347622e-01 1.852526172052799402e-01 4.369594902139280895e-02 0.000000000000000000e+00
5.200000000000000000e+03 2.079989312403940360e-01 4.835002275830678209e-01 2.916477014110150368e-01 1.796768320436959443e-01 4.517523896222121194e-02 0.000000000000000000e+00
5.225000000000000000e+03 2.089989261021265587e-01 4.881656804733727761e-01 2.948338643604915821e-01 1.786527082385070686e-01 3.834774692762858705e-02 0.000000000000000000e+00
5.250000000000000000e+03 2.099989209638593035e-01 4.857760582612653533e-01 2.952890304961310886e-01 1.834319526627218866e-01 3.550295857988165771e-02 0.000000000000000000e+00
5.275000000000000000e+03 2.109989158255920483e-01 4.839553937187073274e-01 2.965407373691397175e-01 1.821802457897132577e-01 3.732362312243969055e-02 0.000000000000000000e+00
5.300000000000000000e+03 2.119989106873245710e-01 4.865725989986344757e-01 2.952890304961310886e-01 1.804733727810650945e-01 3.766499772416932040e-02 0.000000000000000000e+00
5.325000000000000000e+03 2.129989055490573158e-01 4.847519344560764498e-01 2.933545744196631722e-01 1.835457441966317771e-01 3.834774692762858705e-02 0.000000000000000000e+00
5.350000000000000000e+03 2.139989004107898385e-01 4.908966772872098150e-01 2.918752844788347622e-01 1.828629949931725174e-01 3.436504324078288458e-02 0.000000000000000000e+00
5.375000000000000000e+03 2.149988952725225833e-01 4.929449248975876219e-01 2.902822030040965173e-01 1.816112881201638607e-01 3.516158397815202785e-02 0.000000000000000000e+00
5.400000000000000000e+03 2.159988901342553280e-01 4.930587164314975124e-01 2.928994082840236657e-01 1.801319981793354508e-01 3.390987710514337811e-02 0.000000000000000000e+00
5.425000000000000000e+03 2.169988849959878507e-01 4.918070095584888279e-01 2.973372781065088954e-01 1.747837960855712358e-01 3.607191624943104080e-02 0.000000000000000000e+00
5.450000000000000000e+03 2.179988798577205955e-01 4.970414201183431802e-01 2.996131087847064278e-01 1.692080109239872676e-01 3.413746017296313134e-02 0.000000000000000000e+00
5.475000000000000000e+03 2.189988747194533403e-01 4.904415111515703085e-01 2.977924442421484019e-01 1.761492944924897552e-01 3.561675011379153433e-02 0.000000000000000000e+00
5.500000000000000000e+03 2.199988695811858630e-01 4.932862994993172379e-01 2.969959035047792240e-01 1.753527537551206328e-01 3.436504324078288458e-02 0.000000000000000000e+00
5.525000000000000000e+03 2.209988644429186078e-01 4.951069640418752638e-01 3.021165225307237412e-01 1.694355939918070209e-01 3.322712790168411146e-02 1.137915339098771066e-04
5.550000000000000000e+03 2.219988593046511305e-01 4.957897132453345512e-01 3.029130632680928636e-01 1.693218024578971304e-01 3.186162949476559203e-02 1.137915339098771066e-04
5.575000000000000000e+03 2.229988541663838753e-01 4.974965862539826866e-01 2.968821119708693890e-01 1.709148839326354030e-01 3.470641784251251444e-02 0.000000000000000000e+00
5.600000000000000000e+03 2.239988490281166200e-01 5.039827036868457233e-01 2.969959035047792240e-01 1.682976786527082269e-01 3.072371415566681890e-02 0.000000000000000000e+00
5.625000000000000000e+03 2.249988438898491427e-01 4.972690031861629611e-01 3.006372325898953313e-01 1.693218024578971304e-01 3.277196176604460498e-02 0.000000000000000000e+00
5.650000000000000000e+03 2.259988387515818875e-01 4.974965862539826866e-01 2.969959035047792240e-01 1.711424670004551563e-01 3.436504324078288458e-02 0.000000000000000000e+00
5.675000000000000000e+03 2.269988336133146323e-01 4.976103777878925771e-01 2.955166135639508695e-01 1.729631315430132099e-01 3.390987710514337811e-02 0.000000000000000000e+00
