# itime ezz other fcc hcp bcc ico
0.000000000000000000e+00 0.000000000000000000e+00 0.000000000000000000e+00 1.000000000000000000e+00 0.000000000000000000e+00 0.000000000000000000e+00 0.000000000000000000e+00
2.500000000000000000e+01 1.000064026154934282e-03 0.000000000000000000e+00 1.000000000000000000e+00 0.000000000000000000e+00 0.000000000000000000e+00 0.000000000000000000e+00
5.000000000000000000e+01 2.000128052309868565e-03 0.000000000000000000e+00 1.000000000000000000e+00 0.000000000000000000e+00 0.000000000000000000e+00 0.000000000000000000e+00
7.500000000000000000e+01 3.000192078464802847e-03 0.000000000000000000e+00 1.000000000000000000e+00 0.000000000000000000e+00 0.000000000000000000e+00 0.000000000000000000e+00
1.000000000000000000e+02 4.000256104619737130e-03 0.000000000000000000e+00 1.000000000000000000e+00 0.000000000000000000e+00 0.000000000000000000e+00 0.000000000000000000e+00
1.250000000000000000e+02 5.000320130774671412e-03 0.000000000000000000e+00 1.000000000000000000e+00 0.000000000000000000e+00 0.000000000000000000e+00 0.000000000000000000e+00
1.500000000000000000e+02 6.000384156929605695e-03 0.000000000000000000e+00 1.000000000000000000e+00 0.000000000000000000e+00 0.000000000000000000e+00 0.000000000000000000e+00
1.750000000000000000e+02 7.000448183084539977e-03 0.000000000000000000e+00 1.000000000000000000e+00 0.000000000000000000e+00 0.000000000000000000e+00 0.000000000000000000e+00
2.000000000000000000e+02 8.000512209239474259e-03 0.000000000000000000e+00 1.000000000000000000e+00 0.000000000000000000e+00 0.000000000000000000e+00 0.000000000000000000e+00
2.250000000000000000e+02 9.000576235394408542e-03 0.000000000000000000e+00 1.000000000000000000e+00 0.000000000000000000e+00 0.000000000000000000e+00 0.000000000000000000e+00
2.500000000000000000e+02 1.000064026154934282e-02 0.000000000000000000e+00 1.000000000000000000e+00 0.000000000000000000e+00 0.000000000000000000e+00 0.000000000000000000e+00
2.750000000000000000e+02 1.100070428770427711e-02 0.000000000000000000e+00 1.000000000000000000e+00 0.000000000000000000e+00 0.000000000000000000e+00 0.000000000000000000e+00
3.000000000000000000e+02 1.200076831385921139e-02 0.000000000000000000e+00 1.000000000000000000e+00 0.000000000000000000e+00 0.000000000000000000e+00 0.000000000000000000e+00
3.250000000000000000e+02 1.300083234001436772e-02 0.000000000000000000e+00 1.000000000000000000e+00 0.000000000000000000e+00 0.000000000000000000e+00 0.000000000000000000e+00
3.500000000000000000e+02 1.400089636616930200e-02 0.000000000000000000e+00 1.000000000000000000e+00 0.000000000000000000e+00 0.000000000000000000e+00 0.000000000000000000e+00
3.750000000000000000e+02 1.500096039232423628e-02 0.000000000000000000e+00 1.000000000000000000e+00 0.000000000000000000e+00 0.000000000000000000e+00 0.000000000000000000e+00
4.000000000000000000e+02 1.600102441847917056e-02 0.000000000000000000e+00 1.000000000000000000e+00 0.000000000000000000e+00 0.000000000000000000e+00 0.000000000000000000e+00
4.250000000000000000e+02 1.700108844463410485e-02 0.000000000000000000e+00 1.000000000000000000e+00 0.000000000000000000e+00 0.000000000000000000e+00 0.000000000000000000e+00
4.500000000000000000e+02 1.800115247078903913e-02 0.000000000000000000e+00 1.000000000000000000e+00 0.000000000000000000e+00 0.000000000000000000e+00 0.000000000000000000e+00
4.750000000000000000e+02 1.900121649694397341e-02 0.000000000000000000e+00 1.000000000000000000e+00 0.000000000000000000e+00 0.000000000000000000e+00 0.000000000000000000e+00
5.000000000000000000e+02 2.000128052309890769e-02 0.000000000000000000e+00 1.000000000000000000e+00 0.000000000000000000e+00 0.000000000000000000e+00 0.000000000000000000e+00
5.250000000000000000e+02 2.100134454925384198e-02 0.000000000000000000e+00 1.000000000000000000e+00 0.000000000000000000e+00 0.000000000000000000e+00 0.000000000000000000e+00
5.500000000000000000e+02 2.200140857540877626e-02 0.000000000000000000e+00 1.000000000000000000e+00 0.000000000000000000e+00 0.000000000000000000e+00 0.000000000000000000e+00
5.750000000000000000e+02 2.300147260156371054e-02 0.000000000000000000e+00 1.000000000000000000e+00 0.000000000000000000e+00 0.000000000000000000e+00 0.000000000000000000e+00
6.000000000000000000e+02 2.400153662771864482e-02 0.000000000000000000e+00 1.000000000000000000e+00 0.000000000000000000e+00 0.000000000000000000e+00 0.000000000000000000e+00
6.250000000000000000e+02 2.500160065387357911e-02 0.000000000000000000e+00 1.000000000000000000e+00 0.000000000000000000e+00 0.000000000000000000e+00 0.000000000000000000e+00
6.500000000000000000e+02 2.600166468002851339e-02 0.000000000000000000e+00 1.000000000000000000e+00 0.000000000000000000e+00 0.000000000000000000e+00 0.000000000000000000e+00
6.750000000000000000e+02 2.700172870618344767e-02 0.000000000000000000e+00 1.000000000000000000e+00 0.000000000000000000e+00 0.000000000000000000e+00 0.000000000000000000e+00
7.000000000000000000e+02 2.800179273233838195e-02 0.000000000000000000e+00 1.000000000000000000e+00 0.000000000000000000e+00 0.000000000000000000e+00 0.000000000000000000e+00
7.250000000000000000e+02 2.900185675849331624e-02 0.000000000000000000e+00 1.000000000000000000e+00 0.000000000000000000e+00 0.000000000000000000e+00 0.000000000000000000e+00
7.500000000000000000e+02 3.000192078464825052e-02 0.000000000000000000e+00 1.000000000000000000e+00 0.000000000000000000e+00 0.000000000000000000e+00 0.000000000000000000e+00
7.750000000000000000e+02 3.100198481080318480e-02 0.000000000000000000e+00 1.000000000000000000e+00 0.000000000000000000e+00 0.000000000000000000e+00 0.000000000000000000e+00
8.000000000000000000e+02 3.200204883695811908e-02 0.000000000000000000e+00 1.000000000000000000e+00 0.000000000000000000e+00 0.000000000000000000e+00 0.000000000000000000e+00
8.250000000000000000e+02 3.300211286311305336e-02 0.000000000000000000e+00 1.000000000000000000e+00 0.000000000000000000e+00 0.000000000000000000e+00 0.000000000000000000e+00
8.500000000000000000e+02 3.400217688926798765e-02 0.000000000000000000e+00 1.000000000000000000e+00 0.000000000000000000e+00 0.000000000000000000e+00 0.000000000000000000e+00
8.750000000000000000e+02 3.500224091542292193e-02 0.000000000000000000e+00 1.000000000000000000e+00 0.000000000000000000e+00 0.000000000000000000e+00 0.000000000000000000e+00
9.000000000000000000e+02 3.600230494157785621e-02 0.000000000000000000e+00 1.000000000000000000e+00 0.000000000000000000e+00 0.000000000000000000e+00 0.000000000000000000e+00
9.250000000000000000e+02 3.700236896773279049e-02 0.000000000000000000e+00 1.000000000000000000e+00 0.000000000000000000e+00 0.000000000000000000e+00 0.000000000000000000e+00
9.500000000000000000e+02 3.800243299388772478e-02 0.000000000000000000e+00 1.000000000000000000e+00 0.000000000000000000e+00 0.000000000000000000e+00 0.000000000000000000e+00
9.750000000000000000e+02 3.900249702004288110e-02 0.000000000000000000e+00 1.000000000000000000e+00 0.000000000000000000e+00 0.000000000000000000e+00 0.000000000000000000e+00
1.000000000000000000e+03 4.000256104619781539e-02 0.000000000000000000e+00 1.000000000000000000e+00 0.000000000000000000e+00 0.000000000000000000e+00 0.000000000000000000e+00
1.025000000000000000e+03 4.100262507235274967e-02 0.000000000000000000e+00 1.000000000000000000e+00 0.000000000000000000e+00 0.000000000000000000e+00 0.000000000000000000e+00
1.050000000000000000e+03 4.200268909850768395e-02 0.000000000000000000e+00 1.000000000000000000e+00 0.000000000000000000e+00 0.000000000000000000e+00 0.000000000000000000e+00
1.075000000000000000e+03 4.300275312466261823e-02 0.000000000000000000e+00 1.000000000000000000e+00 0.000000000000000000e+00 0.000000000000000000e+00 0.000000000000000000e+00
1.100000000000000000e+03 4.400281715081755252e-02 0.000000000000000000e+00 1.000000000000000000e+00 0.000000000000000000e+00 0.000000000000000000e+00 0.000000000000000000e+00
1.125000000000000000e+03 4.500288117697248680e-02 0.000000000000000000e+00 1.000000000000000000e+00 0.000000000000000000e+00 0.000000000000000000e+00 0.000000000000000000e+00
1.150000000000000000e+03 4.600294520312742108e-02 0.000000000000000000e+00 1.000000000000000000e+00 0.000000000000000000e+00 0.000000000000000000e+00 0.000000000000000000e+00
1.175000000000000000e+03 4.700300922928235536e-02 0.000000000000000000e+00 1.000000000000000000e+00 0.000000000000000000e+00 0.000000000000000000e+00 0.000000000000000000e+00
1.200000000000000000e+03 4.800307325543728965e-02 0.000000000000000000e+00 1.000000000000000000e+00 0.000000000000000000e+00 0.000000000000000000e+00 0.000000000000000000e+00
1.225000000000000000e+03 4.900313728159222393e-02 0.000000000000000000e+00 1.000000000000000000e+00 0.000000000000000000e+00 0.000000000000000000e+00 0.000000000000000000e+00
1.250000000000000000e+03 5.000320130774715821e-02 0.000000000000000000e+00 1.000000000000000000e+00 0.000000000000000000e+00 0.000000000000000000e+00 0.000000000000000000e+00
1.275000000000000000e+03 5.100326533390209249e-02 0.000000000000000000e+00 1.000000000000000000e+00 0.000000000000000000e+00 0.000000000000000000e+00 0.000000000000000000e+00
1.300000000000000000e+03 5.200332936005702678e-02 0.000000000000000000e+00 1.000000000000000000e+00 0.000000000000000000e+00 0.000000000000000000e+00 0.000000000000000000e+00
1.325000000000000000e+03 5.300339338621196106e-02 0.000000000000000000e+00 1.000000000000000000e+00 0.000000000000000000e+00 0.000000000000000000e+00 0.000000000000000000e+00
1.350000000000000000e+03 5.400345741236689534e-02 0.000000000000000000e+00 1.000000000000000000e+00 0.000000000000000000e+00 0.000000000000000000e+00 0.000000000000000000e+00
1.375000000000000000e+03 5.500352143852182962e-02 0.000000000000000000e+00 1.000000000000000000e+00 0.000000000000000000e+00 0.000000000000000000e+00 0.000000000000000000e+00
1.400000000000000000e+03 5.600358546467676391e-02 1.137915339098771066e-04 9.998862084660901095e-01 0.000000000000000000e+00 0.000000000000000000e+00 0.000000000000000000e+00
1.425000000000000000e+03 5.700364949083169819e-02 0.000000000000000000e+00 1.000000000000000000e+00 0.000000000000000000e+00 0.000000000000000000e+00 0.000000000000000000e+00
1.450000000000000000e+03 5.800371351698663247e-02 0.000000000000000000e+00 1.000000000000000000e+00 0.000000000000000000e+00 0.000000000000000000e+00 0.000000000000000000e+00
1.475000000000000000e+03 5.900377754314156675e-02 0.000000000000000000e+00 1.000000000000000000e+00 0.000000000000000000e+00 0.000000000000000000e+00 0.000000000000000000e+00
1.500000000000000000e+03 6.000384156929650104e-02 0.000000000000000000e+00 1.000000000000000000e+00 0.000000000000000000e+00 0.000000000000000000e+00 0.000000000000000000e+00
1.525000000000000000e+03 6.100390559545143532e-02 0.000000000000000000e+00 1.000000000000000000e+00 0.000000000000000000e+00 0.000000000000000000e+00 0.000000000000000000e+00
1.550000000000000000e+03 6.200396962160636960e-02 0.000000000000000000e+00 1.000000000000000000e+00 0.000000000000000000e+00 0.000000000000000000e+00 0.000000000000000000e+00
1.575000000000000000e+03 6.300403364776130388e-02 0.000000000000000000e+00 1.000000000000000000e+00 0.000000000000000000e+00 0.000000000000000000e+00 0.000000000000000000e+00
1.600000000000000000e+03 6.400409767391623816e-02 0.000000000000000000e+00 1.000000000000000000e+00 0.000000000000000000e+00 0.000000000000000000e+00 0.000000000000000000e+00
1.625000000000000000e+03 6.500416170007139449e-02 0.000000000000000000e+00 1.000000000000000000e+00 0.000000000000000000e+00 0.000000000000000000e+00 0.000000000000000000e+00
1.650000000000000000e+03 6.600422572622632877e-02 0.000000000000000000e+00 1.000000000000000000e+00 0.000000000000000000e+00 0.000000000000000000e+00 0.000000000000000000e+00
1.675000000000000000e+03 6.700428975238126306e-02 0.000000000000000000e+00 1.000000000000000000e+00 0.000000000000000000e+00 0.000000000000000000e+00 0.000000000000000000e+00
1.700000000000000000e+03 6.800435377853619734e-02 0.000000000000000000e+00 1.000000000000000000e+00 0.000000000000000000e+00 0.000000000000000000e+00 0.000000000000000000e+00
1.725000000000000000e+03 6.900441780469113162e-02 0.000000000000000000e+00 1.000000000000000000e+00 0.000000000000000000e+00 0.000000000000000000e+00 0.000000000000000000e+00
1.750000000000000000e+03 7.000448183084606590e-02 0.000000000000000000e+00 1.000000000000000000e+00 0.000000000000000000e+00 0.000000000000000000e+00 0.000000000000000000e+00
1.775000000000000000e+03 7.100454585700100019e-02 0.000000000000000000e+00 1.000000000000000000e+00 0.000000000000000000e+00 0.000000000000000000e+00 0.000000000000000000e+00
1.800000000000000000e+03 7.200460988315593447e-02 4.551661356395084266e-04 9.995448338643604380e-01 0.000000000000000000e+00 0.000000000000000000e+00 0.000000000000000000e+00
1.825000000000000000e+03 7.300467390931086875e-02 0.000000000000000000e+00 1.000000000000000000e+00 0.000000000000000000e+00 0.000000000000000000e+00 0.000000000000000000e+00
1.850000000000000000e+03 7.400473793546580303e-02 0.000000000000000000e+00 1.000000000000000000e+00 0.000000000000000000e+00 0.000000000000000000e+00 0.000000000000000000e+00
1.875000000000000000e+03 7.500480196162073732e-02 0.000000000000000000e+00 1.000000000000000000e+00 0.000000000000000000e+00 0.000000000000000000e+00 0.000000000000000000e+00
1.900000000000000000e+03 7.600486598777567160e-02 0.000000000000000000e+00 1.000000000000000000e+00 0.000000000000000000e+00 0.000000000000000000e+00 0.000000000000000000e+00
1.925000000000000000e+03 7.700493001393060588e-02 0.000000000000000000e+00 1.000000000000000000e+00 0.000000000000000000e+00 0.000000000000000000e+00 0.000000000000000000e+00
1.950000000000000000e+03 7.800499404008554016e-02 2.275830678197542133e-04 9.996586253982703285e-01 0.000000000000000000e+00 1.137915339098771066e-04 0.000000000000000000e+00
1.975000000000000000e+03 7.900505806624047445e-02 5.689576695493854790e-04 9.994310423304506585e-01 0.000000000000000000e+00 0.000000000000000000e+00 0.000000000000000000e+00
2.000000000000000000e+03 8.000512209239540873e-02 0.000000000000000000e+00 1.000000000000000000e+00 0.000000000000000000e+00 0.000000000000000000e+00 0.000000000000000000e+00
2.025000000000000000e+03 8.100518611855034301e-02 0.000000000000000000e+00 1.000000000000000000e+00 0.000000000000000000e+00 0.000000000000000000e+00 0.000000000000000000e+00
2.050000000000000000e+03 8.200525014470527729e-02 0.000000000000000000e+00 1.000000000000000000e+00 0.000000000000000000e+00 0.000000000000000000e+00 0.000000000000000000e+00
2.075000000000000000e+03 8.300531417086021158e-02 0.000000000000000000e+00 9.998862084660901095e-01 0.000000000000000000e+00 1.137915339098771066e-04 0.000000000000000000e+00
2.100000000000000000e+03 8.400537819701514586e-02 5.689576695493854790e-04 9.994310423304506585e-01 0.000000000000000000e+00 0.000000000000000000e+00 0.000000000000000000e+00
2.125000000000000000e+03 8.500544222317008014e-02 6.827492034592626399e-04 9.993172507965407680e-01 0.000000000000000000e+00 0.000000000000000000e+00 0.000000000000000000e+00
2.150000000000000000e+03 8.600550624932501442e-02 1.024123805188893906e-03 9.989758761948110966e-01 0.000000000000000000e+00 0.000000000000000000e+00 0.000000000000000000e+00
2.175000000000000000e+03 8.700557027547994871e-02 5.689576695493854790e-04 9.994310423304506585e-01 0.000000000000000000e+00 0.000000000000000000e+00 0.000000000000000000e+00
2.200000000000000000e+03 8.800563430163488299e-02 1.934456076467910759e-03 9.979517523896221931e-01 0.000000000000000000e+00 1.137915339098771066e-04 0.000000000000000000e+00
2.225000000000000000e+03 8.900569832778981727e-02 3.413746017296313199e-04 9.996586253982703285e-01 0.000000000000000000e+00 0.000000000000000000e+00 0.000000000000000000e+00
2.250000000000000000e+03 9.000576235394497360e-02 3.413746017296313199e-04 9.996586253982703285e-01 0.000000000000000000e+00 0.000000000000000000e+00 0.000000000000000000e+00
2.275000000000000000e+03 9.100582638009990788e-02 2.275830678197542133e-04 9.997724169321802190e-01 0.000000000000000000e+00 0.000000000000000000e+00 0.000000000000000000e+00
2.300000000000000000e+03 9.200589040625484216e-02 1.137915339098770958e-03 9.987482931269913156e-01 0.000000000000000000e+00 1.137915339098771066e-04 0.000000000000000000e+00
2.325000000000000000e+03 9.300595443240977644e-02 7.965407373691396923e-04 9.992034592626308775e-01 0.000000000000000000e+00 0.000000000000000000e+00 0.000000000000000000e+00
2.350000000000000000e+03 9.400601845856471073e-02 1.251706873008648227e-03 9.987482931269913156e-01 0.000000000000000000e+00 0.000000000000000000e+00 0.000000000000000000e+00
2.375000000000000000e+03 9.500608248471964501e-02 1.251706873008648227e-03 9.987482931269913156e-01 0.000000000000000000e+00 0.000000000000000000e+00 0.000000000000000000e+00
2.400000000000000000e+03 9.600614651087457929e-02 3.413746017296313308e-03 9.964724624487938387e-01 0.000000000000000000e+00 1.137915339098771066e-04 0.000000000000000000e+00
2.425000000000000000e+03 9.700621053702951357e-02 2.275830678197542133e-04 9.997724169321802190e-01 0.000000000000000000e+00 0.000000000000000000e+00 0.000000000000000000e+00
2.450000000000000000e+03 9.800627456318444786e-02 1.137915339098770958e-03 9.988620846609012061e-01 0.000000000000000000e+00 0.000000000000000000e+00 0.000000000000000000e+00
2.475000000000000000e+03 9.900633858933938214e-02 1.934456076467910759e-03 9.980655439235320836e-01 0.000000000000000000e+00 0.000000000000000000e+00 0.000000000000000000e+00
2.500000000000000000e+03 1.000064026154943164e-01 3.186162949476558769e-03 9.968138370505233992e-01 0.000000000000000000e+00 0.000000000000000000e+00 0.000000000000000000e+00
2.525000000000000000e+03 1.010064666416492507e-01 1.024123805188893906e-03 9.989758761948110966e-01 0.000000000000000000e+00 0.000000000000000000e+00 0.000000000000000000e+00
2.550000000000000000e+03 1.020065306678041850e-01 4.096495220755575623e-03 9.956759217114247162e-01 0.000000000000000000e+00 2.275830678197542133e-04 0.000000000000000000e+00
2.575000000000000000e+03 1.030065946939591193e-01 2.958579881656804664e-03 9.969276285844332897e-01 0.000000000000000000e+00 1.137915339098771066e-04 0.000000000000000000e+00
2.600000000000000000e+03 1.040066587201140536e-01 2.617205279927173507e-03 9.973827947200728516e-01 0.000000000000000000e+00 0.000000000000000000e+00 0.000000000000000000e+00
2.625000000000000000e+03 1.050067227462689878e-01 1.934456076467910759e-03 9.980655439235320836e-01 0.000000000000000000e+00 0.000000000000000000e+00 0.000000000000000000e+00
2.650000000000000000e+03 1.060067867724239221e-01 8.420573509330906217e-03 9.910104688211197610e-01 0.000000000000000000e+00 5.689576695493854790e-04 0.000000000000000000e+00
2.675000000000000000e+03 1.070068507985788564e-01 4.324078288575329727e-03 9.953345471096950448e-01 0.000000000000000000e+00 3.413746017296313199e-04 0.000000000000000000e+00
2.700000000000000000e+03 1.080069148247337907e-01 8.989531178880291046e-03 9.906690942193900895e-01 0.000000000000000000e+00 3.413746017296313199e-04 0.000000000000000000e+00
2.725000000000000000e+03 1.090069788508887250e-01 6.372325898953117539e-03 9.936276741010469093e-01 0.000000000000000000e+00 0.000000000000000000e+00 0.000000000000000000e+00
2.750000000000000000e+03 1.100070428770436592e-01 7.510241238051888930e-03 9.919208010923987739e-01 0.000000000000000000e+00 5.689576695493854790e-04 0.000000000000000000e+00
2.775000000000000000e+03 1.110071069031985935e-01 8.875739644970414427e-03 9.908966772872098705e-01 0.000000000000000000e+00 2.275830678197542133e-04 0.000000000000000000e+00
2.800000000000000000e+03 1.120071709293535278e-01 9.672280382339554228e-03 9.895311788802912956e-01 0.000000000000000000e+00 7.965407373691396923e-04 0.000000000000000000e+00
2.825000000000000000e+03 1.130072349555084621e-01 9.899863450159307465e-03 9.894173873463814051e-01 0.000000000000000000e+00 6.827492034592626399e-04 0.000000000000000000e+00
2.850000000000000000e+03 1.140072989816633964e-01 1.376877560309512985e-02 9.846381429221665593e-01 0.000000000000000000e+00 1.593081474738279385e-03 0.000000000000000000e+00
2.875000000000000000e+03 1.150073630078183307e-01 1.923076923076923184e-02 9.791761492944924816e-01 0.000000000000000000e+00 1.593081474738279385e-03 0.000000000000000000e+00
2.900000000000000000e+03 1.160074270339734870e-01 2.366863905325443732e-02 9.728038233955393910e-01 0.000000000000000000e+00 3.527537551206190360e-03 0.000000000000000000e+00
2.925000000000000000e+03 1.170074910601284213e-01 2.913063268092853930e-02 9.650659990896677254e-01 0.000000000000000000e+00 5.803368229403732710e-03 0.000000000000000000e+00
2.950000000000000000e+03 1.180075550862833555e-01 3.846153846153846367e-02 9.497041420118342847e-01 0.000000000000000000e+00 1.183431952662721866e-02 0.000000000000000000e+00
2.975000000000000000e+03 1.190076191124382898e-01 6.679563040509786664e-02 9.068047337278106745e-01 0.000000000000000000e+00 2.639963586709149004e-02 0.000000000000000000e+00
3.000000000000000000e+03 1.200076831385932241e-01 9.899863450159307465e-02 8.348884842967683184e-01 0.000000000000000000e+00 6.611288120163859305e-02 0.000000000000000000e+00
3.025000000000000000e+03 1.210077471647481584e-01 1.506599908966772816e-01 7.084660901228948537e-01 0.000000000000000000e+00 1.408739189804278646e-01 0.000000000000000000e+00
3.050000000000000000e+03 1.220078111909030927e-01 2.321347291761493015e-01 5.268548020027310486e-01 3.413746017296313199e-04 2.406690942193900895e-01 0.000000000000000000e+00
3.075000000000000000e+03 1.230078752170580270e-01 3.192990441511151523e-01 3.244196631770596140e-01 5.689576695493854790e-04 3.557123350022758368e-01 0.000000000000000000e+00
3.100000000000000000e+03 1.240079392432129612e-01 3.750568957669549452e-01 1.832043695949021334e-01 2.275830678197542133e-04 4.415111515703231682e-01 0.000000000000000000e+00
3.125000000000000000e+03 1.250080032693678955e-01 3.858670914883932657e-01 1.187983614019117035e-01 3.413746017296313199e-04 4.949931725079654288e-01 0.000000000000000000e+00
3.150000000000000000e+03 1.260080672955228298e-01 3.635639508420573374e-01 1.059399180700955900e-01 1.137915339098771066e-04 5.303823395539372099e-01 0.000000000000000000e+00
3.175000000000000000e+03 1.270081313216777641e-01 3.587847064178424916e-01 9.000910332271279402e-02 2.275830678197542133e-04 5.509786071916249472e-01 0.000000000000000000e+00
3.200000000000000000e+03 1.280081953478326984e-01 3.686845698680017991e-01 9.262630860263997012e-02 9.103322712790168532e-04 5.377787892580792040e-01 0.000000000000000000e+00
3.225000000000000000e+03 1.290082593739876327e-01 3.885980883022303045e-01 1.029813381884387841e-01 4.551661356395084266e-04 5.079654073736914466e-01 0.000000000000000000e+00
3.250000000000000000e+03 1.300083234001425669e-01 3.760810195721438487e-01 1.184569868001820597e-01 1.251706873008648227e-03 5.042102867546655043e-01 0.000000000000000000e+00
3.275000000000000000e+03 1.310083874262975012e-01 3.664087391898042667e-01 1.412152935821574806e-01 2.275830678197541916e-03 4.901001365498406925e-01 0.000000000000000000e+00
3.300000000000000000e+03 1.320084514524524355e-01 3.733500227583067543e-01 1.359808830223031284e-01 7.168866636322257339e-03 4.835002275830678209e-01 0.000000000000000000e+00
3.325000000000000000e+03 1.330085154786073698e-01 3.891670459717797015e-01 1.238051888939462886e-01 1.240327719617660522e-02 4.746244879380974169e-01 0.000000000000000000e+00
3.350000000000000000e+03 1.340085795047623041e-01 4.082840236686390289e-01 1.135639508420573512e-01 2.025489303595812488e-02 4.578971324533454568e-01 0.000000000000000000e+00
3.375000000000000000e+03 1.350086435309172384e-01 4.169321802457897075e-01 1.151570323167956239e-01 2.651342740100136666e-02 4.413973600364132777e-01 0.000000000000000000e+00
3.400000000000000000e+03 1.360087075570721726e-01 4.149977241693217911e-01 1.280154756486117373e-01 4.415111515703231543e-02 4.128356850250341492e-01 0.000000000000000000e+00
3.425000000000000000e+03 1.370087715832271069e-01 4.229631315430131822e-01 1.461083295402822169e-01 6.964041875284478211e-02 3.612881201638598050e-01 0.000000000000000000e+00
3.450000000000000000e+03 1.380088356093820412e-01 4.293354574419663283e-01 1.590805644060081792e-01 9.842967683204369156e-02 3.131543013199817871e-01 0.000000000000000000e+00
3.475000000000000000e+03 1.390088996355369755e-01 4.319526627218934767e-01 1.793354574419663283e-01 1.283568502503413811e-01 2.603550295857988139e-01 0.000000000000000000e+00
3.500000000000000000e+03 1.400089636616919098e-01 4.164770141101502010e-01 2.110832954028220299e-01 1.521392808375056915e-01 2.203004096495220776e-01 0.000000000000000000e+00
3.525000000000000000e+03 1.410090276878470661e-01 4.171597633136094885e-01 2.323623122439690547e-01 1.712562585343650468e-01 1.792216659080564378e-01 0.000000000000000000e+00
3.550000000000000000e+03 1.420090917140020004e-01 4.093081474738279324e-01 2.449931725079654010e-01 1.883249886208466228e-01 1.573736913973600438e-01 0.000000000000000000e+00
3.575000000000000000e+03 1.430091557401569347e-01 4.131770596267637652e-01 2.605826126536185949e-01 2.020937642239417353e-01 1.241465634956759184e-01 0.000000000000000000e+00
3.600000000000000000e+03 1.440092197663118689e-01 4.000910332271279124e-01 2.718479745106964218e-01 2.204142011834319403e-01 1.076467910787437393e-01 0.000000000000000000e+00
3.625000000000000000e+03 1.450092837924668032e-01 4.014565316340464318e-01 2.716203914428766408e-01 2.239417387346381294e-01 1.029813381884387841e-01 0.000000000000000000e+00
3.650000000000000000e+03 1.460093478186217375e-01 3.975876194811105990e-01 2.773099681383704995e-01 2.264451524806554428e-01 9.865725989986344480e-02 0.000000000000000000e+00
3.675000000000000000e+03 1.470094118447766718e-01 3.851843422849339782e-01 2.812926718252162228e-01 2.355484751934456000e-01 9.797451069640418508e-02 0.000000000000000000e+00
3.700000000000000000e+03 1.480094758709316061e-01 3.782430587164314906e-01 2.851615839781520001e-01 2.370277651342740100e-01 9.956759217114247162e-02 0.000000000000000000e+00
3.725000000000000000e+03 1.490095398970865403e-01 3.863222576240327721e-01 2.752617205279926926e-01 2.380518889394629134e-01 1.003641329085116080e-01 0.000000000000000000e+00
3.750000000000000000e+03 1.500096039232414746e-01 3.826809285389167203e-01 2.832271279016841392e-01 2.401001365498406925e-01 9.399180700955848955e-02 0.000000000000000000e+00
3.775000000000000000e+03 1.510096679493964089e-01 3.781292671825216001e-01 2.823167956304050707e-01 2.432862994993172379e-01 9.626763768775603580e-02 0.000000000000000000e+00
3.800000000000000000e+03 1.520097319755513432e-01 3.876877560309512916e-01 2.721893491124260378e-01 2.477241693218024676e-01 9.239872553482020301e-02 0.000000000000000000e+00
3.825000000000000000e+03 1.530097960017062775e-01 3.920118343195266308e-01 2.666135639508420696e-01 2.419208010923987184e-01 9.945380063723259501e-02 0.000000000000000000e+00
3.850000000000000000e+03 1.540098600278612118e-01 3.939462903959945472e-01 2.713928083750569153e-01 2.398725534820209393e-01 9.478834774692762588e-02 0.000000000000000000e+00
3.875000000000000000e+03 1.550099240540161460e-01 3.955393718707327921e-01 2.738962221210741732e-01 2.447655894401456478e-01 8.579881656804733137e-02 0.000000000000000000e+00
3.900000000000000000e+03 1.560099880801710803e-01 3.936049157942649313e-01 2.727583067819754348e-01 2.492034592626308498e-01 8.443331816112881194e-02 0.000000000000000000e+00
3.925000000000000000e+03 1.570100521063260146e-01 3.888256713700500855e-01 2.738962221210741732e-01 2.538689121529358328e-01 8.340919435593992237e-02 0.000000000000000000e+00
3.950000000000000000e+03 1.580101161324809489e-01 3.914428766499772339e-01 2.774237596722803900e-01 2.530723714155666548e-01 7.806099226217569353e-02 0.000000000000000000e+00
3.975000000000000000e+03 1.590101801586358832e-01 3.899635867091488239e-01 2.748065543923531862e-01 2.518206645425580259e-01 8.340919435593992237e-02 0.000000000000000000e+00
4.000000000000000000e+03 1.600102441847908175e-01 4.032771961766044577e-01 2.712790168411470249e-01 2.513654984069185194e-01 7.407828857532999800e-02 0.000000000000000000e+00
4.025000000000000000e+03 1.610103082109457517e-01 4.000910332271279124e-01 2.750341374601729671e-01 2.542102867546654488e-01 7.066454255803368556e-02 0.000000000000000000e+00
4.050000000000000000e+03 1.620103722371006860e-01 3.882567137005006885e-01 2.770823850705507740e-01 2.571688666363222686e-01 7.749203459262631044e-02 0.000000000000000000e+00
4.075000000000000000e+03 1.630104362632556203e-01 3.974738279472007085e-01 2.733272644515248317e-01 2.577378243058716656e-01 7.146108329540282189e-02 0.000000000000000000e+00
4.100000000000000000e+03 1.640105002894105546e-01 4.005461993627674189e-01 2.730996813837050508e-01 2.555757851615839682e-01 7.077833409194356218e-02 0.000000000000000000e+00
4.125000000000000000e+03 1.650105643155654889e-01 4.028220300409649512e-01 2.733272644515248317e-01 2.567137005006827621e-01 6.713700500682749650e-02 0.000000000000000000e+00
4.150000000000000000e+03 1.660106283417204232e-01 4.046426945835229771e-01 2.693445607646791085e-01 2.546654528903049552e-01 7.134729176149294527e-02 0.000000000000000000e+00
4.175000000000000000e+03 1.670106923678755795e-01 4.096495220755576039e-01 2.654756486117432757e-01 2.535275375512062168e-01 7.134729176149294527e-02 0.000000000000000000e+00
4.200000000000000000e+03 1.680107563940305138e-01 4.037323623122439642e-01 2.702548930359581214e-01 2.570550751024123781e-01 6.895766954938552240e-02 0.000000000000000000e+00
4.225000000000000000e+03 1.690108204201854480e-01 4.148839326354119006e-01 2.676376877560309731e-01 2.546654528903049552e-01 6.281292671825215723e-02 0.000000000000000000e+00
4.250000000000000000e+03 1.700108844463403823e-01 4.154528903049612976e-01 2.678652708238506985e-01 2.547792444242148457e-01 6.190259444697314428e-02 0.000000000000000000e+00
4.275000000000000000e+03 1.710109484724953166e-01 4.159080564406008040e-01 2.668411470186617951e-01 2.540964952207555583e-01 6.315430131998178709e-02 0.000000000000000000e+00
4.300000000000000000e+03 1.720110124986502509e-01 4.144287664997723941e-01 2.699135184342285054e-01 2.552344105598543522e-01 6.042330450614474130e-02 0.000000000000000000e+00
4.325000000000000000e+03 1.730110765248051852e-01 4.110150204824761233e-01 2.680928538916704795e-01 2.585343650432407880e-01 6.235776058261265076e-02 0.000000000000000000e+00
4.350000000000000000e+03 1.740111405509601195e-01 4.103322712790168358e-01 2.676376877560309731e-01 2.652480655439235502e-01 5.678197542102867562e-02 0.000000000000000000e+00
4.375000000000000000e+03 1.750112045771150537e-01 4.120391442876649712e-01 2.679790623577605890e-01 2.645653163404642627e-01 5.541647701411014926e-02 0.000000000000000000e+00
4.400000000000000000e+03 1.760112686032699880e-01 4.152253072371415721e-01 2.651342740100136597e-01 2.682066454255803145e-01 5.143377332726445372e-02 0.000000000000000000e+00
4.425000000000000000e+03 1.770113326294249223e-01 4.123805188893946427e-01 2.684342284934000955e-01 2.684342284934000955e-01 5.075102412380518707e-02 0.000000000000000000e+00
4.450000000000000000e+03 1.780113966555798566e-01 4.096495220755576039e-01 2.691169776968593275e-01 2.686618115612198210e-01 5.257168866636321991e-02 0.000000000000000000e+00
4.475000000000000000e+03 1.790114606817347909e-01 4.111288120163859583e-01 2.721893491124260378e-01 2.678652708238506985e-01 4.881656804733727761e-02 0.000000000000000000e+00
4.500000000000000000e+03 1.800115247078897251e-01 4.172735548475193235e-01 2.744651797906235702e-01 2.638825671370050308e-01 4.437869822485206867e-02 0.000000000000000000e+00
4.525000000000000000e+03 1.810115887340446594e-01 4.196631770596267463e-01 2.678652708238506985e-01 2.667273554847519601e-01 4.574419663177059503e-02 0.000000000000000000e+00
4.550000000000000000e+03 1.820116527601995937e-01 4.185252617205280079e-01 2.680928538916704795e-01 2.676376877560309731e-01 4.574419663177059503e-02 0.000000000000000000e+00
4.575000000000000000e+03 1.830117167863545280e-01 4.198907601274465273e-01 2.639963586709148657e-01 2.675238962221210826e-01 4.858898497951752438e-02 0.000000000000000000e+00
4.600000000000000000e+03 1.840117808125094623e-01 4.296768320436959443e-01 2.601274465179790885e-01 2.638825671370050308e-01 4.631315430131998506e-02 0.000000000000000000e+00
4.625000000000000000e+03 1.850118448386643966e-01 4.281975421028675344e-01 2.654756486117432757e-01 2.587619481110605135e-01 4.756486117432862787e-02 0.000000000000000000e+00
4.650000000000000000e+03 1.860119088648193308e-01 4.272872098315885214e-01 2.664997724169321791e-01 2.572826581702321591e-01 4.893035958124715423e-02 0.000000000000000000e+00
4.675000000000000000e+03 1.870119728909742651e-01 4.196631770596267463e-01 2.732134729176149412e-01 2.569412835685024876e-01 5.018206645425580398e-02 0.000000000000000000e+00
4.700000000000000000e+03 1.880120369171291994e-01 4.258079198907601115e-01 2.724169321802457633e-01 2.552344105598543522e-01 4.654073736913973830e-02 0.000000000000000000e+00
4.725000000000000000e+03 1.890121009432841337e-01 4.297906235776058348e-01 2.730996813837050508e-01 2.487482931269913433e-01 4.836140191169777114e-02 0.000000000000000000e+00
4.750000000000000000e+03 1.900121649694390680e-01 4.293354574419663283e-01 2.767410104688211026e-01 2.457897132453345512e-01 4.802002730996814128e-02 1.137915339098771066e-04
4.775000000000000000e+03 1.910122289955940023e-01 4.279699590350478089e-01 2.811788802913063323e-01 2.423759672280382249e-01 4.847519344560764776e-02 0.000000000000000000e+00
4.800000000000000000e+03 1.920122930217489365e-01 4.375284478834774449e-01 2.804961310878470448e-01 2.391898042785616796e-01 4.278561675011378906e-02 0.000000000000000000e+00
4.825000000000000000e+03 1.930123570479040929e-01 4.368456986800182129e-01 2.791306326809285254e-01 2.399863450159308020e-01 4.403732362312243881e-02 0.000000000000000000e+00
4.850000000000000000e+03 1.940124210740590271e-01 4.325216203914428736e-01 2.816340464269458388e-01 2.378243058716431602e-01 4.802002730996814128e-02 0.000000000000000000e+00
4.875000000000000000e+03 1.950124851002139614e-01 4.321802457897132577e-01 2.881201638598088199e-01 2.364588074647246130e-01 4.324078288575330248e-02 0.000000000000000000e+00
4.900000000000000000e+03 1.960125491263688957e-01 4.334319526627218866e-01 2.917614929449248717e-01 2.327036868456986707e-01 4.210286754665452935e-02 0.000000000000000000e+00
4.925000000000000000e+03 1.970126131525238300e-01 4.317250796540737512e-01 2.943786982248520756e-01 2.344105598543468338e-01 3.948566226672735324e-02 0.000000000000000000e+00
4.950000000000000000e+03 1.980126771786787643e-01 4.353664087391898030e-01 2.914201183431952558e-01 2.313381884387801513e-01 4.187528447883477611e-02 0.000000000000000000e+00
4.975000000000000000e+03 1.990127412048336986e-01 4.412835685025033872e-01 2.932407828857532817e-01 2.256486117432862926e-01 3.971324533454710648e-02 1.137915339098771066e-04
5.000000000000000000e+03 2.000128052309886328e-01 4.344560764679107900e-01 2.959717796995903760e-01 2.303140646335912478e-01 3.925807919890760000e-02 0.000000000000000000e+00
5.025000000000000000e+03 2.010128692571435671e-01 4.374146563495676099e-01 2.952890304961310886e-01 2.278106508875739622e-01 3.948566226672735324e-02 0.000000000000000000e+00
5.050000000000000000e+03 2.020129332832985014e-01 4.396904870277651423e-01 2.956304050978607045e-01 2.241693218024579104e-01 4.050978607191624975e-02 0.000000000000000000e+00
5.075000000000000000e+03 2.030129973094534357e-01 4.379836140191169513e-01 2.954028220300409791e-01 2.222348657259899940e-01 4.437869822485206867e-02 0.000000000000000000e+00
5.100000000000000000e+03 2.040130613356083700e-01 4.341147018661811741e-01 2.987027765134274149e-01 2.237141556668183762e-01 4.346836595357305572e-02 0.000000000000000000e+00
5.125000000000000000e+03 2.050131253617633043e-01 4.382111970869367323e-01 2.943786982248520756e-01 2.248520710059171701e-01 4.255803368229403583e-02 0.000000000000000000e+00
5.150000000000000000e+03 2.060131893879182385e-01 4.398042785616750328e-01 2.939235320892125691e-01 2.225762403277196100e-01 4.369594902139280895e-02 0.000000000000000000e+00
5.175000000000000000e+03 2.070132534140731728e-01 4.391215293582157453e-01 2.936959490213927881e-01 2.213245334547109811e-01 4.574419663177059503e-02 1.137915339098771066e-04
5.200000000000000000e+03 2.080133174402281071e-01 4.393491124260355263e-01 2.998406918525261533e-01 2.242831133363677731e-01 3.652708238507055422e-02 0.000000000000000000e+00
5.225000000000000000e+03 2.090133814663830414e-01 4.406008192990441552e-01 2.987027765134274149e-01 2.189349112426035582e-01 4.176149294492489950e-02 0.000000000000000000e+00
5.250000000000000000e+03 2.100134454925379757e-01 4.446973145197997135e-01 2.988165680473373054e-01 2.184797451069640517e-01 3.800637232589895026e-02 0.000000000000000000e+00
5.275000000000000000e+03 2.110135095186929099e-01 4.413973600364132777e-01 2.984751934456076339e-01 2.193900773782430647e-01 4.073736913973600299e-02 0.000000000000000000e+00
5.300000000000000000e+03 2.120135735448478442e-01 4.388939462903960198e-01 3.004096495220755503e-01 2.214383249886208438e-01 3.925807919890760000e-02 0.000000000000000000e+00
5.325000000000000000e+03 2.130136375710027785e-01 4.428766499772416876e-01 2.987027765134274149e-01 2.232589895311788697e-01 3.516158397815202785e-02 0.000000000000000000e+00
5.350000000000000000e+03 2.140137015971577128e-01 4.388939462903960198e-01 3.008648156577150568e-01 2.265589440145653055e-01 3.368229403732362487e-02 0.000000000000000000e+00
5.375000000000000000e+03 2.150137656233126471e-01 4.421939007737824556e-01 3.006372325898953313e-01 2.241693218024579104e-01 3.299954483386435822e-02 0.000000000000000000e+00
5.400000000000000000e+03 2.160138296494675814e-01 4.416249431042330587e-01 2.964269458352298825e-01 2.221210741920801035e-01 3.982703686845699004e-02 0.000000000000000000e+00
5.425000000000000000e+03 2.170138936756225156e-01 4.406008192990441552e-01 3.005234410559854408e-01 2.255348202093764298e-01 3.334091943559399501e-02 0.000000000000000000e+00
5.450000000000000000e+03 2.180139577017776720e-01 4.459490213928083979e-01 3.014337733272644537e-01 2.208693673190714746e-01 3.174783796085571541e-02 0.000000000000000000e+00
5.475000000000000000e+03 2.190140217279326063e-01 4.388939462903960198e-01 3.067819754210286964e-01 2.201866181156121871e-01 3.413746017296313134e-02 0.000000000000000000e+00
5.500000000000000000e+03 2.200140857540875405e-01 4.419663177059626746e-01 3.074647246244879284e-01 2.183659535730541612e-01 3.220300409649522189e-02 0.000000000000000000e+00
5.525000000000000000e+03 2.210141497802424748e-01 4.416249431042330587e-01 3.060992262175694090e-01 2.201866181156121871e-01 3.208921256258534527e-02 0.000000000000000000e+00
5.550000000000000000e+03 2.220142138063974091e-01 4.394629039599453613e-01 3.054164770141101770e-01 2.209831588529813373e-01 3.413746017296313134e-02 0.000000000000000000e+00
5.575000000000000000e+03 2.230142778325523434e-01 4.383249886208466228e-01 3.064406008192990249e-01 2.195038689121529274e-01 3.573054164770141095e-02 0.000000000000000000e+00
5.600000000000000000e+03 2.240143418587072777e-01 4.393491124260355263e-01 3.076923076923077094e-01 2.172280382339553950e-01 3.561675011379153433e-02 1.137915339098771066e-04
5.625000000000000000e+03 2.250144058848622119e-01 4.445835229858898230e-01 3.054164770141101770e-01 2.149522075557578626e-01 3.504779244424215123e-02 0.000000000000000000e+00
5.650000000000000000e+03 2.260144699110171462e-01 4.385525716886663483e-01 3.053026854802002865e-01 2.193900773782430647e-01 3.675466545289030745e-02 0.000000000000000000e+00
5.675000000000000000e+03 2.270145339371720805e-01 4.515248065543923661e-01 3.008648156577150568e-01 2.127901684114701930e-01 3.482020937642239106e-02 0.000000000000000000e+00
