# itime ezz other fcc hcp bcc ico
0.000000000000000000e+00 0.000000000000000000e+00 0.000000000000000000e+00 1.000000000000000000e+00 0.000000000000000000e+00 0.000000000000000000e+00 0.000000000000000000e+00
2.500000000000000000e+01 9.999706633623262064e-04 0.000000000000000000e+00 1.000000000000000000e+00 0.000000000000000000e+00 0.000000000000000000e+00 0.000000000000000000e+00
5.000000000000000000e+01 1.999941326724652413e-03 0.000000000000000000e+00 1.000000000000000000e+00 0.000000000000000000e+00 0.000000000000000000e+00 0.000000000000000000e+00
7.500000000000000000e+01 2.999911990086978619e-03 0.000000000000000000e+00 1.000000000000000000e+00 0.000000000000000000e+00 0.000000000000000000e+00 0.000000000000000000e+00
1.000000000000000000e+02 3.999882653449304826e-03 0.000000000000000000e+00 1.000000000000000000e+00 0.000000000000000000e+00 0.000000000000000000e+00 0.000000000000000000e+00
1.250000000000000000e+02 4.999853316811631032e-03 0.000000000000000000e+00 1.000000000000000000e+00 0.000000000000000000e+00 0.000000000000000000e+00 0.000000000000000000e+00
1.500000000000000000e+02 5.999823980173735194e-03 0.000000000000000000e+00 1.000000000000000000e+00 0.000000000000000000e+00 0.000000000000000000e+00 0.000000000000000000e+00
1.750000000000000000e+02 6.999794643536061400e-03 0.000000000000000000e+00 1.000000000000000000e+00 0.000000000000000000e+00 0.000000000000000000e+00 0.000000000000000000e+00
2.000000000000000000e+02 7.999765306898387607e-03 0.000000000000000000e+00 1.000000000000000000e+00 0.000000000000000000e+00 0.000000000000000000e+00 0.000000000000000000e+00
2.250000000000000000e+02 8.999735970260713813e-03 0.000000000000000000e+00 1.000000000000000000e+00 0.000000000000000000e+00 0.000000000000000000e+00 0.000000000000000000e+00
2.500000000000000000e+02 9.999706633623040020e-03 0.000000000000000000e+00 1.000000000000000000e+00 0.000000000000000000e+00 0.000000000000000000e+00 0.000000000000000000e+00
2.750000000000000000e+02 1.099967729698536623e-02 0.000000000000000000e+00 1.000000000000000000e+00 0.000000000000000000e+00 0.000000000000000000e+00 0.000000000000000000e+00
3.000000000000000000e+02 1.199964796034769243e-02 0.000000000000000000e+00 1.000000000000000000e+00 0.000000000000000000e+00 0.000000000000000000e+00 0.000000000000000000e+00
3.250000000000000000e+02 1.299961862371001864e-02 0.000000000000000000e+00 1.000000000000000000e+00 0.000000000000000000e+00 0.000000000000000000e+00 0.000000000000000000e+00
3.500000000000000000e+02 1.399958928707234485e-02 0.000000000000000000e+00 1.000000000000000000e+00 0.000000000000000000e+00 0.000000000000000000e+00 0.000000000000000000e+00
3.750000000000000000e+02 1.499955995043467105e-02 0.000000000000000000e+00 1.000000000000000000e+00 0.000000000000000000e+00 0.000000000000000000e+00 0.000000000000000000e+00
4.000000000000000000e+02 1.599953061379677521e-02 0.000000000000000000e+00 1.000000000000000000e+00 0.000000000000000000e+00 0.000000000000000000e+00 0.000000000000000000e+00
4.250000000000000000e+02 1.699950127715910142e-02 0.000000000000000000e+00 1.000000000000000000e+00 0.000000000000000000e+00 0.000000000000000000e+00 0.000000000000000000e+00
4.500000000000000000e+02 1.799947194052142763e-02 0.000000000000000000e+00 1.000000000000000000e+00 0.000000000000000000e+00 0.000000000000000000e+00 0.000000000000000000e+00
4.750000000000000000e+02 1.899944260388375383e-02 0.000000000000000000e+00 1.000000000000000000e+00 0.000000000000000000e+00 0.000000000000000000e+00 0.000000000000000000e+00
5.000000000000000000e+02 1.999941326724608004e-02 0.000000000000000000e+00 1.000000000000000000e+00 0.000000000000000000e+00 0.000000000000000000e+00 0.000000000000000000e+00
5.250000000000000000e+02 2.099938393060840625e-02 0.000000000000000000e+00 1.000000000000000000e+00 0.000000000000000000e+00 0.000000000000000000e+00 0.000000000000000000e+00
5.500000000000000000e+02 2.199935459397073245e-02 0.000000000000000000e+00 1.000000000000000000e+00 0.000000000000000000e+00 0.000000000000000000e+00 0.000000000000000000e+00
5.750000000000000000e+02 2.299932525733305866e-02 0.000000000000000000e+00 1.000000000000000000e+00 0.000000000000000000e+00 0.000000000000000000e+00 0.000000000000000000e+00
6.000000000000000000e+02 2.399929592069538486e-02 0.000000000000000000e+00 1.000000000000000000e+00 0.000000000000000000e+00 0.000000000000000000e+00 0.000000000000000000e+00
6.250000000000000000e+02 2.499926658405771107e-02 0.000000000000000000e+00 1.000000000000000000e+00 0.000000000000000000e+00 0.000000000000000000e+00 0.000000000000000000e+00
6.500000000000000000e+02 2.599923724741981523e-02 0.000000000000000000e+00 1.000000000000000000e+00 0.000000000000000000e+00 0.000000000000000000e+00 0.000000000000000000e+00
6.750000000000000000e+02 2.699920791078214144e-02 0.000000000000000000e+00 1.000000000000000000e+00 0.000000000000000000e+00 0.000000000000000000e+00 0.000000000000000000e+00
7.000000000000000000e+02 2.799917857414446765e-02 0.000000000000000000e+00 1.000000000000000000e+00 0.000000000000000000e+00 0.000000000000000000e+00 0.000000000000000000e+00
7.250000000000000000e+02 2.899914923750679385e-02 0.000000000000000000e+00 1.000000000000000000e+00 0.000000000000000000e+00 0.000000000000000000e+00 0.000000000000000000e+00
7.500000000000000000e+02 2.999911990086912006e-02 0.000000000000000000e+00 1.000000000000000000e+00 0.000000000000000000e+00 0.000000000000000000e+00 0.000000000000000000e+00
7.750000000000000000e+02 3.099909056423144627e-02 0.000000000000000000e+00 1.000000000000000000e+00 0.000000000000000000e+00 0.000000000000000000e+00 0.000000000000000000e+00
8.000000000000000000e+02 3.199906122759377247e-02 0.000000000000000000e+00 1.000000000000000000e+00 0.000000000000000000e+00 0.000000000000000000e+00 0.000000000000000000e+00
8.250000000000000000e+02 3.299903189095609868e-02 0.000000000000000000e+00 1.000000000000000000e+00 0.000000000000000000e+00 0.000000000000000000e+00 0.000000000000000000e+00
8.500000000000000000e+02 3.399900255431842488e-02 0.000000000000000000e+00 1.000000000000000000e+00 0.000000000000000000e+00 0.000000000000000000e+00 0.000000000000000000e+00
8.750000000000000000e+02 3.499897321768075109e-02 0.000000000000000000e+00 1.000000000000000000e+00 0.000000000000000000e+00 0.000000000000000000e+00 0.000000000000000000e+00
9.000000000000000000e+02 3.599894388104285525e-02 0.000000000000000000e+00 1.000000000000000000e+00 0.000000000000000000e+00 0.000000000000000000e+00 0.000000000000000000e+00
9.250000000000000000e+02 3.699891454440518146e-02 0.000000000000000000e+00 1.000000000000000000e+00 0.000000000000000000e+00 0.000000000000000000e+00 0.000000000000000000e+00
9.500000000000000000e+02 3.799888520776750767e-02 0.000000000000000000e+00 1.000000000000000000e+00 0.000000000000000000e+00 0.000000000000000000e+00 0.000000000000000000e+00
9.750000000000000000e+02 3.899885587112983387e-02 0.000000000000000000e+00 1.000000000000000000e+00 0.000000000000000000e+00 0.000000000000000000e+00 0.000000000000000000e+00
1.000000000000000000e+03 3.999882653449216008e-02 0.000000000000000000e+00 1.000000000000000000e+00 0.000000000000000000e+00 0.000000000000000000e+00 0.000000000000000000e+00
1.025000000000000000e+03 4.099879719785448628e-02 0.000000000000000000e+00 1.000000000000000000e+00 0.000000000000000000e+00 0.000000000000000000e+00 0.000000000000000000e+00
1.050000000000000000e+03 4.199876786121681249e-02 0.000000000000000000e+00 1.000000000000000000e+00 0.000000000000000000e+00 0.000000000000000000e+00 0.000000000000000000e+00
1.075000000000000000e+03 4.299873852457913870e-02 0.000000000000000000e+00 1.000000000000000000e+00 0.000000000000000000e+00 0.000000000000000000e+00 0.000000000000000000e+00
1.100000000000000000e+03 4.399870918794146490e-02 0.000000000000000000e+00 1.000000000000000000e+00 0.000000000000000000e+00 0.000000000000000000e+00 0.000000000000000000e+00
1.125000000000000000e+03 4.499867985130379111e-02 0.000000000000000000e+00 1.000000000000000000e+00 0.000000000000000000e+00 0.000000000000000000e+00 0.000000000000000000e+00
1.150000000000000000e+03 4.599865051466589527e-02 0.000000000000000000e+00 1.000000000000000000e+00 0.000000000000000000e+00 0.000000000000000000e+00 0.000000000000000000e+00
1.175000000000000000e+03 4.699862117802822148e-02 0.000000000000000000e+00 1.000000000000000000e+00 0.000000000000000000e+00 0.000000000000000000e+00 0.000000000000000000e+00
1.200000000000000000e+03 4.799859184139054769e-02 0.000000000000000000e+00 1.000000000000000000e+00 0.000000000000000000e+00 0.000000000000000000e+00 0.000000000000000000e+00
1.225000000000000000e+03 4.899856250475287389e-02 0.000000000000000000e+00 1.000000000000000000e+00 0.000000000000000000e+00 0.000000000000000000e+00 0.000000000000000000e+00
1.250000000000000000e+03 4.999853316811520010e-02 1.137915339098771066e-04 9.998862084660901095e-01 0.000000000000000000e+00 0.000000000000000000e+00 0.000000000000000000e+00
1.275000000000000000e+03 5.099850383147752630e-02 0.000000000000000000e+00 1.000000000000000000e+00 0.000000000000000000e+00 0.000000000000000000e+00 0.000000000000000000e+00
1.300000000000000000e+03 5.199847449483985251e-02 0.000000000000000000e+00 1.000000000000000000e+00 0.000000000000000000e+00 0.000000000000000000e+00 0.000000000000000000e+00
1.325000000000000000e+03 5.299844515820217872e-02 0.000000000000000000e+00 1.000000000000000000e+00 0.000000000000000000e+00 0.000000000000000000e+00 0.000000000000000000e+00
1.350000000000000000e+03 5.399841582156450492e-02 1.137915339098771066e-04 9.998862084660901095e-01 0.000000000000000000e+00 0.000000000000000000e+00 0.000000000000000000e+00
1.375000000000000000e+03 5.499838648492683113e-02 0.000000000000000000e+00 1.000000000000000000e+00 0.000000000000000000e+00 0.000000000000000000e+00 0.000000000000000000e+00
1.400000000000000000e+03 5.599835714828893529e-02 0.000000000000000000e+00 1.000000000000000000e+00 0.000000000000000000e+00 0.000000000000000000e+00 0.000000000000000000e+00
1.425000000000000000e+03 5.699832781165126150e-02 0.000000000000000000e+00 1.000000000000000000e+00 0.000000000000000000e+00 0.000000000000000000e+00 0.000000000000000000e+00
1.450000000000000000e+03 5.799829847501358771e-02 0.000000000000000000e+00 1.000000000000000000e+00 0.000000000000000000e+00 0.000000000000000000e+00 0.000000000000000000e+00
1.475000000000000000e+03 5.899826913837591391e-02 0.000000000000000000e+00 1.000000000000000000e+00 0.000000000000000000e+00 0.000000000000000000e+00 0.000000000000000000e+00
1.500000000000000000e+03 5.999823980173824012e-02 0.000000000000000000e+00 1.000000000000000000e+00 0.000000000000000000e+00 0.000000000000000000e+00 0.000000000000000000e+00
1.525000000000000000e+03 6.099821046510056632e-02 0.000000000000000000e+00 1.000000000000000000e+00 0.000000000000000000e+00 0.000000000000000000e+00 0.000000000000000000e+00
1.550000000000000000e+03 6.199818112846289253e-02 0.000000000000000000e+00 1.000000000000000000e+00 0.000000000000000000e+00 0.000000000000000000e+00 0.000000000000000000e+00
1.575000000000000000e+03 6.299815179182521874e-02 0.000000000000000000e+00 1.000000000000000000e+00 0.000000000000000000e+00 0.000000000000000000e+00 0.000000000000000000e+00
1.600000000000000000e+03 6.399812245518754494e-02 0.000000000000000000e+00 1.000000000000000000e+00 0.000000000000000000e+00 0.000000000000000000e+00 0.000000000000000000e+00
1.625000000000000000e+03 6.499809311854987115e-02 0.000000000000000000e+00 1.000000000000000000e+00 0.000000000000000000e+00 0.000000000000000000e+00 0.000000000000000000e+00
1.650000000000000000e+03 6.599806378191219736e-02 4.551661356395084266e-04 9.995448338643604380e-01 0.000000000000000000e+00 0.000000000000000000e+00 0.000000000000000000e+00
1.675000000000000000e+03 6.699803444527430152e-02 0.000000000000000000e+00 1.000000000000000000e+00 0.000000000000000000e+00 0.000000000000000000e+00 0.000000000000000000e+00
1.700000000000000000e+03 6.799800510863662772e-02 0.000000000000000000e+00 1.000000000000000000e+00 0.000000000000000000e+00 0.000000000000000000e+00 0.000000000000000000e+00
1.725000000000000000e+03 6.899797577199895393e-02 4.551661356395084266e-04 9.995448338643604380e-01 0.000000000000000000e+00 0.000000000000000000e+00 0.000000000000000000e+00
1.750000000000000000e+03 6.999794643536128014e-02 0.000000000000000000e+00 1.000000000000000000e+00 0.000000000000000000e+00 0.000000000000000000e+00 0.000000000000000000e+00
1.775000000000000000e+03 7.099791709872360634e-02 0.000000000000000000e+00 1.000000000000000000e+00 0.000000000000000000e+00 0.000000000000000000e+00 0.000000000000000000e+00
1.800000000000000000e+03 7.199788776208593255e-02 0.000000000000000000e+00 1.000000000000000000e+00 0.000000000000000000e+00 0.000000000000000000e+00 0.000000000000000000e+00
1.825000000000000000e+03 7.299785842544825876e-02 0.000000000000000000e+00 1.000000000000000000e+00 0.000000000000000000e+00 0.000000000000000000e+00 0.000000000000000000e+00
1.850000000000000000e+03 7.399782908881058496e-02 0.000000000000000000e+00 1.000000000000000000e+00 0.000000000000000000e+00 0.000000000000000000e+00 0.000000000000000000e+00
1.875000000000000000e+03 7.499779975217291117e-02 2.275830678197542133e-04 9.997724169321802190e-01 0.000000000000000000e+00 0.000000000000000000e+00 0.000000000000000000e+00
1.900000000000000000e+03 7.599777041553523738e-02 0.000000000000000000e+00 1.000000000000000000e+00 0.000000000000000000e+00 0.000000000000000000e+00 0.000000000000000000e+00
1.925000000000000000e+03 7.699774107889734154e-02 0.000000000000000000e+00 1.000000000000000000e+00 0.000000000000000000e+00 0.000000000000000000e+00 0.000000000000000000e+00
1.950000000000000000e+03 7.799771174225966774e-02 0.000000000000000000e+00 1.000000000000000000e+00 0.000000000000000000e+00 0.000000000000000000e+00 0.000000000000000000e+00
1.975000000000000000e+03 7.899768240562199395e-02 5.689576695493854790e-04 9.994310423304506585e-01 0.000000000000000000e+00 0.000000000000000000e+00 0.000000000000000000e+00
2.000000000000000000e+03 7.999765306898432016e-02 3.413746017296313199e-04 9.996586253982703285e-01 0.000000000000000000e+00 0.000000000000000000e+00 0.000000000000000000e+00
2.025000000000000000e+03 8.099762373234664636e-02 6.827492034592626399e-04 9.993172507965407680e-01 0.000000000000000000e+00 0.000000000000000000e+00 0.000000000000000000e+00
2.050000000000000000e+03 8.199759439570897257e-02 0.000000000000000000e+00 1.000000000000000000e+00 0.000000000000000000e+00 0.000000000000000000e+00 0.000000000000000000e+00
2.075000000000000000e+03 8.299756505907129878e-02 0.000000000000000000e+00 1.000000000000000000e+00 0.000000000000000000e+00 0.000000000000000000e+00 0.000000000000000000e+00
2.100000000000000000e+03 8.399753572243362498e-02 0.000000000000000000e+00 1.000000000000000000e+00 0.000000000000000000e+00 0.000000000000000000e+00 0.000000000000000000e+00
2.125000000000000000e+03 8.499750638579595119e-02 1.024123805188893906e-03 9.988620846609012061e-01 0.000000000000000000e+00 1.137915339098771066e-04 0.000000000000000000e+00
2.150000000000000000e+03 8.599747704915827740e-02 0.000000000000000000e+00 1.000000000000000000e+00 0.000000000000000000e+00 0.000000000000000000e+00 0.000000000000000000e+00
2.175000000000000000e+03 8.699744771252038156e-02 1.593081474738279385e-03 9.984069185252617551e-01 0.000000000000000000e+00 0.000000000000000000e+00 0.000000000000000000e+00
2.200000000000000000e+03 8.799741837588270776e-02 0.000000000000000000e+00 1.000000000000000000e+00 0.000000000000000000e+00 0.000000000000000000e+00 0.000000000000000000e+00
2.225000000000000000e+03 8.899738903924503397e-02 6.827492034592626399e-04 9.993172507965407680e-01 0.000000000000000000e+00 0.000000000000000000e+00 0.000000000000000000e+00
2.250000000000000000e+03 8.999735970260736018e-02 1.251706873008648227e-03 9.986345015930814251e-01 0.000000000000000000e+00 1.137915339098771066e-04 0.000000000000000000e+00
2.275000000000000000e+03 9.099733036596968638e-02 1.137915339098770958e-03 9.988620846609012061e-01 0.000000000000000000e+00 0.000000000000000000e+00 0.000000000000000000e+00
2.300000000000000000e+03 9.199730102933201259e-02 9.103322712790168532e-04 9.990896677287209870e-01 0.000000000000000000e+00 0.000000000000000000e+00 0.000000000000000000e+00
2.325000000000000000e+03 9.299727169269433880e-02 2.048247610377787811e-03 9.977241693218024121e-01 0.000000000000000000e+00 2.275830678197542133e-04 0.000000000000000000e+00
2.350000000000000000e+03 9.399724235605666500e-02 6.827492034592626399e-04 9.993172507965407680e-01 0.000000000000000000e+00 0.000000000000000000e+00 0.000000000000000000e+00
2.375000000000000000e+03 9.499721301941899121e-02 2.617205279927173507e-03 9.972690031861629611e-01 0.000000000000000000e+00 1.137915339098771066e-04 0.000000000000000000e+00
2.400000000000000000e+03 9.599718368278131742e-02 1.251706873008648227e-03 9.987482931269913156e-01 0.000000000000000000e+00 0.000000000000000000e+00 0.000000000000000000e+00
2.425000000000000000e+03 9.699715434614342158e-02 1.934456076467910759e-03 9.979517523896221931e-01 0.000000000000000000e+00 1.137915339098771066e-04 0.000000000000000000e+00
2.450000000000000000e+03 9.799712500950574778e-02 1.934456076467910759e-03 9.979517523896221931e-01 0.000000000000000000e+00 1.137915339098771066e-04 0.000000000000000000e+00
2.475000000000000000e+03 9.899709567286807399e-02 2.162039144287664864e-03 9.978379608557123026e-01 0.000000000000000000e+00 0.000000000000000000e+00 0.000000000000000000e+00
2.500000000000000000e+03 9.999706633623040020e-02 1.934456076467910759e-03 9.978379608557123026e-01 0.000000000000000000e+00 2.275830678197542133e-04 0.000000000000000000e+00
2.525000000000000000e+03 1.009970369995927264e-01 4.893035958124715423e-03 9.946517979062358128e-01 0.000000000000000000e+00 4.551661356395084266e-04 0.000000000000000000e+00
2.550000000000000000e+03 1.019970076629550526e-01 3.982703686845699004e-03 9.956759217114247162e-01 0.000000000000000000e+00 3.413746017296313199e-04 0.000000000000000000e+00
2.575000000000000000e+03 1.029969783263173788e-01 3.186162949476558769e-03 9.967000455166135087e-01 0.000000000000000000e+00 1.137915339098771066e-04 0.000000000000000000e+00
2.600000000000000000e+03 1.039969489896797050e-01 2.617205279927173507e-03 9.973827947200728516e-01 0.000000000000000000e+00 0.000000000000000000e+00 0.000000000000000000e+00
2.625000000000000000e+03 1.049969196530420312e-01 5.689576695493855224e-03 9.939690487027764698e-01 0.000000000000000000e+00 3.413746017296313199e-04 0.000000000000000000e+00
2.650000000000000000e+03 1.059968903164043574e-01 5.006827492034592909e-03 9.949931725079653733e-01 0.000000000000000000e+00 0.000000000000000000e+00 0.000000000000000000e+00
2.675000000000000000e+03 1.069968609797664616e-01 5.120619025944469528e-03 9.947655894401457033e-01 0.000000000000000000e+00 1.137915339098771066e-04 0.000000000000000000e+00
2.700000000000000000e+03 1.079968316431287878e-01 4.893035958124715423e-03 9.947655894401457033e-01 0.000000000000000000e+00 3.413746017296313199e-04 0.000000000000000000e+00
2.725000000000000000e+03 1.089968023064911140e-01 5.461993627674101119e-03 9.940828402366863603e-01 0.000000000000000000e+00 4.551661356395084266e-04 0.000000000000000000e+00
2.750000000000000000e+03 1.099967729698534402e-01 9.786071916249430847e-03 9.899863450159308575e-01 0.000000000000000000e+00 2.275830678197542133e-04 0.000000000000000000e+00
2.775000000000000000e+03 1.109967436332157664e-01 8.989531178880291046e-03 9.905553026854801990e-01 0.000000000000000000e+00 4.551661356395084266e-04 0.000000000000000000e+00
2.800000000000000000e+03 1.119967142965780926e-01 1.228948566226672687e-02 9.871415566681839282e-01 0.000000000000000000e+00 5.689576695493854790e-04 0.000000000000000000e+00
2.825000000000000000e+03 1.129966849599404188e-01 1.024123805188893906e-02 9.895311788802912956e-01 0.000000000000000000e+00 2.275830678197542133e-04 0.000000000000000000e+00
2.850000000000000000e+03 1.139966556233027450e-01 1.103777878925807886e-02 9.879380974055530507e-01 0.000000000000000000e+00 1.024123805188893906e-03 0.000000000000000000e+00
2.875000000000000000e+03 1.149966262866650712e-01 1.627218934911242587e-02 9.819071461083295205e-01 0.000000000000000000e+00 1.820664542558033706e-03 0.000000000000000000e+00
2.900000000000000000e+03 1.159965969500273975e-01 1.741010468821119553e-02 9.806554392353209471e-01 0.000000000000000000e+00 1.934456076467910759e-03 0.000000000000000000e+00
2.925000000000000000e+03 1.169965676133895016e-01 3.038233955393718558e-02 9.646108329540282744e-01 0.000000000000000000e+00 5.006827492034592909e-03 0.000000000000000000e+00
2.950000000000000000e+03 1.179965382767518278e-01 4.301319981793354230e-02 9.483386436049158208e-01 0.000000000000000000e+00 8.648156577150659455e-03 0.000000000000000000e+00
2.975000000000000000e+03 1.189965089401141540e-01 6.235776058261265076e-02 9.088529813381884814e-01 0.000000000000000000e+00 2.878925807919890598e-02 0.000000000000000000e+00
3.000000000000000000e+03 1.199964796034764802e-01 1.029813381884387841e-01 8.255575785161584079e-01 0.000000000000000000e+00 7.146108329540282189e-02 0.000000000000000000e+00
3.025000000000000000e+03 1.209964502668388064e-01 1.545289030496131144e-01 6.746700045516613731e-01 0.000000000000000000e+00 1.708010923987255403e-01 0.000000000000000000e+00
3.050000000000000000e+03 1.219964209302011326e-01 2.471552116522530707e-01 4.338871187983613931e-01 0.000000000000000000e+00 3.189576695493855363e-01 0.000000000000000000e+00
3.075000000000000000e+03 1.229963915935634589e-01 3.232817478379608755e-01 2.403277196176604458e-01 2.275830678197542133e-04 4.361629494765589254e-01 0.000000000000000000e+00
3.100000000000000000e+03 1.239963622569257851e-01 3.672052799271734447e-01 1.393946290395994547e-01 5.689576695493854790e-04 4.928311333636777314e-01 0.000000000000000000e+00
3.125000000000000000e+03 1.249963329202881113e-01 3.743741465634956578e-01 1.135639508420573512e-01 0.000000000000000000e+00 5.120619025944469493e-01 0.000000000000000000e+00
3.150000000000000000e+03 1.259963035836504375e-01 3.585571233500227661e-01 1.242603550295857950e-01 0.000000000000000000e+00 5.171825216203914666e-01 0.000000000000000000e+00
3.175000000000000000e+03 1.269962742470127637e-01 3.545744196631770428e-01 1.467910787437414766e-01 0.000000000000000000e+00 4.986345015930814806e-01 0.000000000000000000e+00
3.200000000000000000e+03 1.279962449103748678e-01 3.645880746472462408e-01 1.602184797451069731e-01 1.137915339098771066e-04 4.750796540737369233e-01 0.000000000000000000e+00
3.225000000000000000e+03 1.289962155737371940e-01 3.843878015475648557e-01 1.521392808375056915e-01 2.275830678197541916e-03 4.611970869367318926e-01 0.000000000000000000e+00
3.250000000000000000e+03 1.299961862370995203e-01 3.992944924897587344e-01 1.297223486572599005e-01 8.079198907601274626e-03 4.629039599453800835e-01 0.000000000000000000e+00
3.275000000000000000e+03 1.309961569004618465e-01 3.946290395994537792e-01 1.244879380974055483e-01 1.661356395084205573e-02 4.642694583522986029e-01 0.000000000000000000e+00
3.300000000000000000e+03 1.319961275638241727e-01 3.893946290395994270e-01 1.208466090122894826e-01 2.298588984979517413e-02 4.667728720983158608e-01 0.000000000000000000e+00
3.325000000000000000e+03 1.329960982271864989e-01 4.218252162039144437e-01 1.081019572143832458e-01 3.516158397815202785e-02 4.349112426035502965e-01 0.000000000000000000e+00
3.350000000000000000e+03 1.339960688905488251e-01 4.495903504779244497e-01 1.112881201638598050e-01 5.553026854802002588e-02 3.835912608101957333e-01 0.000000000000000000e+00
3.375000000000000000e+03 1.349960395539111513e-01 4.845243513882567243e-01 1.242603550295857950e-01 8.238507055075101893e-02 3.088302230314064478e-01 0.000000000000000000e+00
3.400000000000000000e+03 1.359960102172734775e-01 4.833864360491579304e-01 1.488393263541192557e-01 1.134501593081474746e-01 2.543240782885753393e-01 0.000000000000000000e+00
3.425000000000000000e+03 1.369959808806358037e-01 4.986345015930814806e-01 1.510013654984069253e-01 1.444014565316340537e-01 2.059626763768775681e-01 0.000000000000000000e+00
3.450000000000000000e+03 1.379959515439979079e-01 5.139963586709148657e-01 1.470186618115612298e-01 1.755803368229403860e-01 1.634046426945835184e-01 0.000000000000000000e+00
3.475000000000000000e+03 1.389959222073602341e-01 5.160446062812926726e-01 1.507737824305871721e-01 2.026627218934911323e-01 1.305188893946290507e-01 0.000000000000000000e+00
3.500000000000000000e+03 1.399958928707225603e-01 5.079654073736914466e-01 1.581702321347291662e-01 2.234865725989986229e-01 1.103777878925807920e-01 0.000000000000000000e+00
3.525000000000000000e+03 1.409958635340848865e-01 4.984069185252616996e-01 1.701183431952662806e-01 2.306554392353208915e-01 1.008192990441511144e-01 0.000000000000000000e+00
3.550000000000000000e+03 1.419958341974472127e-01 5.040964952207556138e-01 1.719390077378243065e-01 2.397587619481110488e-01 8.420573509330905870e-02 0.000000000000000000e+00
3.575000000000000000e+03 1.429958048608095389e-01 4.969276285844333452e-01 1.783113336367774249e-01 2.544378698224852298e-01 7.032316795630405570e-02 0.000000000000000000e+00
3.600000000000000000e+03 1.439957755241718651e-01 4.939690487027765253e-01 1.827492034592626269e-01 2.685480200273099860e-01 5.473372781065088954e-02 0.000000000000000000e+00
3.625000000000000000e+03 1.449957461875341913e-01 4.855484751934456278e-01 1.867319071461083224e-01 2.748065543923531862e-01 5.291306326809285671e-02 0.000000000000000000e+00
3.650000000000000000e+03 1.459957168508965175e-01 4.695038689121529552e-01 1.939007737824305910e-01 2.883477469276286009e-01 4.824761037778789452e-02 0.000000000000000000e+00
3.675000000000000000e+03 1.469956875142588437e-01 4.654073736913973414e-01 1.982248520710059303e-01 2.933545744196631722e-01 4.301319981793354230e-02 0.000000000000000000e+00
3.700000000000000000e+03 1.479956581776209479e-01 4.544833864360491305e-01 2.034592626308602548e-01 2.989303595812471404e-01 4.312699135184342586e-02 0.000000000000000000e+00
3.725000000000000000e+03 1.489956288409832741e-01 4.644970414201183284e-01 1.964041875284478766e-01 2.898270368684570109e-01 4.927173418297678409e-02 0.000000000000000000e+00
3.750000000000000000e+03 1.499955995043456003e-01 4.731451979972690070e-01 1.918525261720528119e-01 2.847064178425124936e-01 5.029585798816568060e-02 0.000000000000000000e+00
3.775000000000000000e+03 1.509955701677079265e-01 4.720072826581702130e-01 1.873008648156577194e-01 2.860719162494310686e-01 5.461993627674101293e-02 0.000000000000000000e+00
3.800000000000000000e+03 1.519955408310702527e-01 4.689349112426035582e-01 1.929904415111515781e-01 2.850477924442421651e-01 5.302685480200273332e-02 0.000000000000000000e+00
3.825000000000000000e+03 1.529955114944325789e-01 4.722348657259899940e-01 1.927628584433318248e-01 2.833409194355939742e-01 5.166135639508420696e-02 0.000000000000000000e+00
3.850000000000000000e+03 1.539954821577949051e-01 4.658625398270368478e-01 1.976558944014565333e-01 2.862994993172507940e-01 5.018206645425580398e-02 0.000000000000000000e+00
3.875000000000000000e+03 1.549954528211572313e-01 4.699590350477924616e-01 1.965179790623577671e-01 2.875512061902594230e-01 4.597177969959034827e-02 0.000000000000000000e+00
3.900000000000000000e+03 1.559954234845195575e-01 4.712107419208010906e-01 1.944697314519799602e-01 2.857305416477013971e-01 4.858898497951752438e-02 0.000000000000000000e+00
3.925000000000000000e+03 1.569953941478818837e-01 4.739417387346381294e-01 1.966317705962676299e-01 2.884615384615384359e-01 4.096495220755575623e-02 0.000000000000000000e+00
3.950000000000000000e+03 1.579953648112439879e-01 4.720072826581702130e-01 1.997041420118343125e-01 2.870960400546199165e-01 4.119253527537550946e-02 0.000000000000000000e+00
3.975000000000000000e+03 1.589953354746063141e-01 4.730314064633591165e-01 1.985662266727355463e-01 2.826581702321347422e-01 4.574419663177059503e-02 0.000000000000000000e+00
4.000000000000000000e+03 1.599953061379686403e-01 4.736003641329085134e-01 1.961766044606281234e-01 2.847064178425124936e-01 4.551661356395084179e-02 0.000000000000000000e+00
4.025000000000000000e+03 1.609952768013309665e-01 4.757624032771961553e-01 1.953800637232590010e-01 2.873236231224396975e-01 4.153390987710514626e-02 0.000000000000000000e+00
4.050000000000000000e+03 1.619952474646932927e-01 4.722348657259899940e-01 1.985662266727355463e-01 2.864132908511606845e-01 4.278561675011378906e-02 0.000000000000000000e+00
4.075000000000000000e+03 1.629952181280556189e-01 4.774692762858443462e-01 1.961766044606281234e-01 2.861857077833409035e-01 4.016841147018661989e-02 0.000000000000000000e+00
4.100000000000000000e+03 1.639951887914179451e-01 4.815657715065999045e-01 1.916249431042330587e-01 2.833409194355939742e-01 4.346836595357305572e-02 0.000000000000000000e+00
4.125000000000000000e+03 1.649951594547802713e-01 4.743969048702776359e-01 1.932180245789713313e-01 2.874374146563495880e-01 4.494765589440145870e-02 0.000000000000000000e+00
4.150000000000000000e+03 1.659951301181425976e-01 4.794037323623122626e-01 1.918525261720528119e-01 2.874374146563495880e-01 4.130632680928538608e-02 0.000000000000000000e+00
4.175000000000000000e+03 1.669951007815049238e-01 4.832726445152480399e-01 1.916249431042330587e-01 2.794720072826581969e-01 4.563040509786071841e-02 0.000000000000000000e+00
4.200000000000000000e+03 1.679950714448670279e-01 4.833864360491579304e-01 1.941283568502503443e-01 2.800409649522075384e-01 4.244424214838415921e-02 0.000000000000000000e+00
4.225000000000000000e+03 1.689950421082293541e-01 4.822485207100591920e-01 1.932180245789713313e-01 2.809512972234865513e-01 4.358215748748293233e-02 0.000000000000000000e+00
4.250000000000000000e+03 1.699950127715916803e-01 4.841829767865271084e-01 1.976558944014565333e-01 2.765134274010013771e-01 4.164770141101502288e-02 0.000000000000000000e+00
4.275000000000000000e+03 1.709949834349540065e-01 4.820209376422394110e-01 1.983386436049157930e-01 2.756030951297223641e-01 4.403732362312243881e-02 0.000000000000000000e+00
4.300000000000000000e+03 1.719949540983163327e-01 4.776968593536640717e-01 2.038006372325898985e-01 2.752617205279926926e-01 4.324078288575330248e-02 0.000000000000000000e+00
4.325000000000000000e+03 1.729949247616786590e-01 4.761037778789258268e-01 2.091488393263541135e-01 2.752617205279926926e-01 3.948566226672735324e-02 0.000000000000000000e+00
4.350000000000000000e+03 1.739948954250409852e-01 4.648384160218479999e-01 2.208693673190714746e-01 2.774237596722803900e-01 3.686845698680018407e-02 0.000000000000000000e+00
4.375000000000000000e+03 1.749948660884033114e-01 4.593764223941738667e-01 2.266727355484751960e-01 2.726445152480655443e-01 4.130632680928538608e-02 0.000000000000000000e+00
4.400000000000000000e+03 1.759948367517656376e-01 4.596040054619936477e-01 2.331588529813381772e-01 2.647928994082840437e-01 4.244424214838415921e-02 0.000000000000000000e+00
4.425000000000000000e+03 1.769948074151279638e-01 4.468593536640874109e-01 2.502275830678197810e-01 2.596722803823395265e-01 4.324078288575330248e-02 0.000000000000000000e+00
4.450000000000000000e+03 1.779947780784900679e-01 4.278561675011379184e-01 2.738962221210741732e-01 2.528447883477469293e-01 4.540282203004096517e-02 0.000000000000000000e+00
4.475000000000000000e+03 1.789947487418523941e-01 4.131770596267637652e-01 2.915339098771051463e-01 2.518206645425580259e-01 4.346836595357305572e-02 0.000000000000000000e+00
4.500000000000000000e+03 1.799947194052147204e-01 3.999772416932180219e-01 3.029130632680928636e-01 2.502275830678197810e-01 4.688211197086936816e-02 0.000000000000000000e+00
4.525000000000000000e+03 1.809946900685770466e-01 3.937187073281747662e-01 3.164542558033682229e-01 2.503413746017296160e-01 3.948566226672735324e-02 0.000000000000000000e+00
4.550000000000000000e+03 1.819946607319393728e-01 3.821119708693673234e-01 3.269230769230769273e-01 2.534137460172963263e-01 3.755120619025944378e-02 0.000000000000000000e+00
4.575000000000000000e+03 1.829946313953016990e-01 3.752844788347746707e-01 3.417159763313609711e-01 2.500000000000000000e-01 3.299954483386435822e-02 0.000000000000000000e+00
4.600000000000000000e+03 1.839946020586640252e-01 3.600364132908511761e-01 3.615157032316795860e-01 2.506827492034592875e-01 2.776513427401001294e-02 0.000000000000000000e+00
4.625000000000000000e+03 1.849945727220263514e-01 3.486572598998634587e-01 3.819981793354574329e-01 2.431725079654073751e-01 2.617205279927173334e-02 0.000000000000000000e+00
4.650000000000000000e+03 1.859945433853886776e-01 3.313609467455621571e-01 4.057806099226217711e-01 2.320209376422394110e-01 3.083750568957669552e-02 0.000000000000000000e+00
4.675000000000000000e+03 1.869945140487510038e-01 3.310195721438324856e-01 4.157942649066909691e-01 2.256486117432862926e-01 2.753755120619025970e-02 0.000000000000000000e+00
4.700000000000000000e+03 1.879944847121133300e-01 3.222576240327719721e-01 4.294492489758762188e-01 2.151797906235776159e-01 3.311333636777423484e-02 0.000000000000000000e+00
4.725000000000000000e+03 1.889944553754754342e-01 3.055302685480200120e-01 4.542558033682294050e-01 2.063040509786071841e-01 3.390987710514337811e-02 0.000000000000000000e+00
4.750000000000000000e+03 1.899944260388377604e-01 3.051888939462903960e-01 4.699590350477924616e-01 1.928766499772416876e-01 3.197542102867546865e-02 0.000000000000000000e+00
4.775000000000000000e+03 1.909943967022000866e-01 2.881201638598088199e-01 4.972690031861629611e-01 1.850250341374601593e-01 2.958579881656804578e-02 0.000000000000000000e+00
4.800000000000000000e+03 1.919943673655624128e-01 2.773099681383704995e-01 5.193445607646790529e-01 1.788802913063268218e-01 2.446517979062357712e-02 0.000000000000000000e+00
4.825000000000000000e+03 1.929943380289247390e-01 2.690031861629494925e-01 5.391442876649977789e-01 1.664770141101502010e-01 2.537551206190259354e-02 0.000000000000000000e+00
4.850000000000000000e+03 1.939943086922870652e-01 2.593309057806099105e-01 5.586026399635867223e-01 1.597633136094674666e-01 2.230314064633591095e-02 0.000000000000000000e+00
4.875000000000000000e+03 1.949942793556493914e-01 2.592171142467000200e-01 5.609922621756940897e-01 1.588529813381884259e-01 2.093764223941738806e-02 0.000000000000000000e+00
4.900000000000000000e+03 1.959942500190117176e-01 2.507965407373691225e-01 5.695266272189348777e-01 1.533909877105143482e-01 2.628584433318160996e-02 0.000000000000000000e+00
4.925000000000000000e+03 1.969942206823740438e-01 2.563723258989530907e-01 5.761265361857077494e-01 1.480427856167501055e-01 1.945835229858898507e-02 0.000000000000000000e+00
4.950000000000000000e+03 1.979941913457363700e-01 2.410104688211197055e-01 5.967228038233954868e-01 1.453117888029130667e-01 1.695493855257168905e-02 0.000000000000000000e+00
4.975000000000000000e+03 1.989941620090984742e-01 2.335002275830678209e-01 6.129949931725079404e-01 1.357532999544833752e-01 1.775147928994082885e-02 0.000000000000000000e+00
5.000000000000000000e+03 1.999941326724608004e-01 2.222348657259899940e-01 6.305188893946290785e-01 1.331360946745562268e-01 1.411015020482476144e-02 0.000000000000000000e+00
5.025000000000000000e+03 2.009941033358231266e-01 2.174556213017751483e-01 6.421256258534364658e-01 1.297223486572599005e-01 1.069640418752844727e-02 0.000000000000000000e+00
5.050000000000000000e+03 2.019940739991854528e-01 2.142694583522985752e-01 6.453117888029130667e-01 1.294947655894401473e-01 1.092398725534820224e-02 0.000000000000000000e+00
5.075000000000000000e+03 2.029940446625477790e-01 2.157487482931269851e-01 6.426945835229859183e-01 1.286982248520709970e-01 1.285844333181611343e-02 0.000000000000000000e+00
5.100000000000000000e+03 2.039940153259101052e-01 2.117660446062812896e-01 6.432635411925352598e-01 1.321119708693673234e-01 1.285844333181611343e-02 0.000000000000000000e+00
5.125000000000000000e+03 2.049939859892724314e-01 2.179107874374146547e-01 6.312016385980883104e-01 1.375739644970414288e-01 1.331360946745562164e-02 0.000000000000000000e+00
5.150000000000000000e+03 2.059939566526347576e-01 2.172280382339553950e-01 6.298361401911697355e-01 1.382567137005006885e-01 1.467910787437414627e-02 0.000000000000000000e+00
5.175000000000000000e+03 2.069939273159970838e-01 2.141556668183887124e-01 6.294947655894401750e-01 1.433773327264451503e-01 1.297223486572599005e-02 0.000000000000000000e+00
5.200000000000000000e+03 2.079938979793594100e-01 2.100591715976331264e-01 6.298361401911697355e-01 1.467910787437414766e-01 1.331360946745562164e-02 0.000000000000000000e+00
5.225000000000000000e+03 2.089938686427215142e-01 2.190487027765134209e-01 6.281292671825216001e-01 1.416704597177969871e-01 1.115157032316795548e-02 0.000000000000000000e+00
5.250000000000000000e+03 2.099938393060838404e-01 2.099453800637232637e-01 6.339326354119253493e-01 1.431497496586253970e-01 1.297223486572599005e-02 0.000000000000000000e+00
5.275000000000000000e+03 2.109938099694461666e-01 2.050523441055985552e-01 6.371187983614019501e-01 1.451979972690031762e-01 1.263086026399635846e-02 0.000000000000000000e+00
5.300000000000000000e+03 2.119937806328084928e-01 1.977696859353663961e-01 6.433773327264451503e-01 1.459945380063723264e-01 1.285844333181611343e-02 0.000000000000000000e+00
5.325000000000000000e+03 2.129937512961708190e-01 1.966317705962676299e-01 6.477014110150204340e-01 1.439462903959945472e-01 1.172052799271734204e-02 0.000000000000000000e+00
5.350000000000000000e+03 2.139937219595331452e-01 1.966317705962676299e-01 6.480427856167501055e-01 1.464497041420118328e-01 8.875739644970414427e-03 0.000000000000000000e+00
5.375000000000000000e+03 2.149936926228954714e-01 1.928766499772416876e-01 6.558944014565316616e-01 1.418980427856167403e-01 9.330905780609922637e-03 0.000000000000000000e+00
5.400000000000000000e+03 2.159936632862577977e-01 1.991351843422849432e-01 6.553254437869822091e-01 1.378015475648611821e-01 7.737824305871643035e-03 0.000000000000000000e+00
5.425000000000000000e+03 2.169936339496201239e-01 1.910559854346836617e-01 6.621529358215748617e-01 1.397360036413290985e-01 7.055075102412380721e-03 0.000000000000000000e+00
5.450000000000000000e+03 2.179936046129824501e-01 1.927628584433318248e-01 6.593081474738279324e-01 1.411015020482476179e-01 6.827492034592626616e-03 0.000000000000000000e+00
5.475000000000000000e+03 2.189935752763445542e-01 1.951524806554392477e-01 6.562357760582612221e-01 1.426945835229858905e-01 5.917159763313609329e-03 0.000000000000000000e+00
5.500000000000000000e+03 2.199935459397068804e-01 1.982248520710059303e-01 6.507737824305871444e-01 1.438324988620846567e-01 7.168866636322257339e-03 0.000000000000000000e+00
5.525000000000000000e+03 2.209935166030692066e-01 1.942421483841602070e-01 6.519116977696859383e-01 1.456531634046426826e-01 8.192990441511151245e-03 0.000000000000000000e+00
5.550000000000000000e+03 2.219934872664315328e-01 1.885525716886663761e-01 6.538461538461538547e-01 1.490669094219390090e-01 8.534365043240782836e-03 0.000000000000000000e+00
5.575000000000000000e+03 2.229934579297938591e-01 1.918525261720528119e-01 6.537323623122439642e-01 1.463359126081019701e-01 8.079198907601274626e-03 0.000000000000000000e+00
5.600000000000000000e+03 2.239934285931561853e-01 1.909421939007737712e-01 6.562357760582612221e-01 1.450842057350933134e-01 7.737824305871643035e-03 0.000000000000000000e+00
5.625000000000000000e+03 2.249933992565185115e-01 1.885525716886663761e-01 6.556668183887118806e-01 1.471324533454710926e-01 8.648156577150659455e-03 0.000000000000000000e+00
5.650000000000000000e+03 2.259933699198808377e-01 1.874146563495675821e-01 6.556668183887118806e-01 1.488393263541192557e-01 8.079198907601274626e-03 0.000000000000000000e+00
5.675000000000000000e+03 2.269933405832431639e-01 1.883249886208466228e-01 6.510013654984069253e-01 1.482703686845698587e-01 1.240327719617660522e-02 0.000000000000000000e+00
