# itime ezz other fcc hcp bcc ico
0.000000000000000000e+00 0.000000000000000000e+00 0.000000000000000000e+00 1.000000000000000000e+00 0.000000000000000000e+00 0.000000000000000000e+00 0.000000000000000000e+00
2.500000000000000000e+02 9.999971279422981141e-03 0.000000000000000000e+00 1.000000000000000000e+00 0.000000000000000000e+00 0.000000000000000000e+00 0.000000000000000000e+00
5.000000000000000000e+02 1.999994255884596228e-02 0.000000000000000000e+00 1.000000000000000000e+00 0.000000000000000000e+00 0.000000000000000000e+00 0.000000000000000000e+00
7.500000000000000000e+02 2.999991383826894342e-02 0.000000000000000000e+00 1.000000000000000000e+00 0.000000000000000000e+00 0.000000000000000000e+00 0.000000000000000000e+00
1.000000000000000000e+03 3.999988511769192456e-02 0.000000000000000000e+00 1.000000000000000000e+00 0.000000000000000000e+00 0.000000000000000000e+00 0.000000000000000000e+00
1.250000000000000000e+03 4.999985639711490570e-02 1.137915339098771066e-04 9.998862084660901095e-01 0.000000000000000000e+00 0.000000000000000000e+00 0.000000000000000000e+00
1.500000000000000000e+03 5.999982767653810889e-02 0.000000000000000000e+00 1.000000000000000000e+00 0.000000000000000000e+00 0.000000000000000000e+00 0.000000000000000000e+00
1.750000000000000000e+03 6.999979895596109003e-02 0.000000000000000000e+00 1.000000000000000000e+00 0.000000000000000000e+00 0.000000000000000000e+00 0.000000000000000000e+00
2.000000000000000000e+03 7.999977023538407117e-02 3.413746017296313199e-04 9.996586253982703285e-01 0.000000000000000000e+00 0.000000000000000000e+00 0.000000000000000000e+00
2.250000000000000000e+03 8.999974151480705231e-02 1.251706873008648227e-03 9.986345015930814251e-01 0.000000000000000000e+00 1.137915339098771066e-04 0.000000000000000000e+00
2.500000000000000000e+03 9.999971279423003345e-02 1.934456076467910759e-03 9.978379608557123026e-01 0.000000000000000000e+00 2.275830678197542133e-04 0.000000000000000000e+00
2.750000000000000000e+03 1.099996840736530146e-01 9.786071916249430847e-03 9.899863450159308575e-01 0.000000000000000000e+00 2.275830678197542133e-04 0.000000000000000000e+00
3.000000000000000000e+03 1.199996553530759957e-01 1.029813381884387841e-01 8.255575785161584079e-01 0.000000000000000000e+00 7.146108329540282189e-02 0.000000000000000000e+00
3.250000000000000000e+03 1.299996266324989769e-01 3.992944924897587344e-01 1.297223486572599005e-01 8.079198907601274626e-03 4.629039599453800835e-01 0.000000000000000000e+00
3.500000000000000000e+03 1.399995979119219580e-01 5.079654073736914466e-01 1.581702321347291662e-01 2.234865725989986229e-01 1.103777878925807920e-01 0.000000000000000000e+00
3.750000000000000000e+03 1.499995691913449392e-01 4.731451979972690070e-01 1.918525261720528119e-01 2.847064178425124936e-01 5.029585798816568060e-02 0.000000000000000000e+00
4.000000000000000000e+03 1.599995404707679203e-01 4.736003641329085134e-01 1.961766044606281234e-01 2.847064178425124936e-01 4.551661356395084179e-02 0.000000000000000000e+00
4.250000000000000000e+03 1.699995117501909014e-01 4.841829767865271084e-01 1.976558944014565333e-01 2.765134274010013771e-01 4.164770141101502288e-02 0.000000000000000000e+00
4.500000000000000000e+03 1.799994830296141046e-01 3.999772416932180219e-01 3.029130632680928636e-01 2.502275830678197810e-01 4.688211197086936816e-02 0.000000000000000000e+00
4.750000000000000000e+03 1.899994543090370858e-01 3.051888939462903960e-01 4.699590350477924616e-01 1.928766499772416876e-01 3.197542102867546865e-02 0.000000000000000000e+00
5.000000000000000000e+03 1.999994255884600669e-01 2.222348657259899940e-01 6.305188893946290785e-01 1.331360946745562268e-01 1.411015020482476144e-02 0.000000000000000000e+00
5.250000000000000000e+03 2.099993968678830480e-01 2.099453800637232637e-01 6.339326354119253493e-01 1.431497496586253970e-01 1.297223486572599005e-02 0.000000000000000000e+00
5.500000000000000000e+03 2.199993681473060292e-01 1.982248520710059303e-01 6.507737824305871444e-01 1.438324988620846567e-01 7.168866636322257339e-03 0.000000000000000000e+00
5.750000000000000000e+03 2.299993394267290103e-01 1.835457441966317771e-01 6.610150204824760678e-01 1.450842057350933134e-01 1.035502958579881741e-02 0.000000000000000000e+00
6.000000000000000000e+03 2.399993107061519915e-01 1.936731907146108378e-01 6.300637232589895165e-01 1.669321802457897075e-01 9.330905780609922637e-03 0.000000000000000000e+00
6.250000000000000000e+03 2.499992819855749726e-01 1.957214383249886169e-01 5.967228038233954868e-01 1.978834774692762866e-01 9.672280382339554228e-03 0.000000000000000000e+00
6.500000000000000000e+03 2.599992532649979537e-01 2.043695949021392677e-01 5.617888029130633232e-01 2.258761948111060458e-01 7.965407373691398007e-03 0.000000000000000000e+00
6.750000000000000000e+03 2.699992245444209349e-01 2.039144287664997612e-01 5.395994538006372299e-01 2.497724169321802468e-01 6.713700500682749130e-03 0.000000000000000000e+00
7.000000000000000000e+03 2.799991958238439160e-01 2.040282203004096517e-01 5.366408739189804100e-01 2.535275375512062168e-01 5.803368229403732710e-03 0.000000000000000000e+00
7.250000000000000000e+03 2.899991671032668972e-01 2.199590350477924339e-01 5.302685480200273194e-01 2.432862994993172379e-01 6.486117432862995025e-03 0.000000000000000000e+00
7.500000000000000000e+03 2.999991383826901004e-01 2.213245334547109811e-01 5.497269003186162628e-01 2.201866181156121871e-01 8.761948111060537808e-03 0.000000000000000000e+00
7.750000000000000000e+03 3.099991096621130815e-01 2.257624032771961831e-01 5.414201183431952558e-01 2.225762403277196100e-01 1.024123805188893906e-02 0.000000000000000000e+00
8.000000000000000000e+03 3.199990809415360626e-01 2.362312243969048597e-01 5.395994538006372299e-01 2.184797451069640517e-01 5.689576695493855224e-03 0.000000000000000000e+00
8.250000000000000000e+03 3.299990522209590438e-01 2.455621301775147980e-01 5.446062812926718566e-01 2.034592626308602548e-01 6.372325898953117539e-03 0.000000000000000000e+00
8.500000000000000000e+03 3.399990235003820249e-01 2.717341829767865313e-01 5.689576695493855363e-01 1.465634956759217233e-01 1.274465179790623508e-02 0.000000000000000000e+00
8.750000000000000000e+03 3.499989947798050061e-01 2.651342740100136597e-01 6.136777423759672834e-01 1.109467455621301751e-01 1.024123805188893906e-02 0.000000000000000000e+00
9.000000000000000000e+03 3.599989660592279872e-01 2.498862084660901095e-01 6.198224852071005930e-01 1.242603550295857950e-01 6.030951297223486815e-03 0.000000000000000000e+00
9.250000000000000000e+03 3.699989373386509683e-01 2.427173418297678686e-01 6.347291761492944717e-01 1.209604005461993592e-01 1.593081474738279385e-03 0.000000000000000000e+00
9.500000000000000000e+03 3.799989086180739495e-01 2.403277196176604458e-01 6.316568047337277614e-01 1.258534365043240677e-01 2.162039144287664864e-03 0.000000000000000000e+00
9.750000000000000000e+03 3.899988798974969306e-01 2.445380063723258945e-01 6.244879380974055483e-01 1.276741010468821214e-01 3.299954483386436255e-03 0.000000000000000000e+00
1.000000000000000000e+04 3.999988511769199118e-01 2.520482476103778069e-01 6.119708693673190369e-01 1.334774692762858428e-01 2.503413746017296455e-03 0.000000000000000000e+00
1.025000000000000000e+04 4.099988224563431150e-01 2.721893491124260378e-01 5.667956304050978389e-01 1.522530723714155543e-01 8.761948111060537808e-03 0.000000000000000000e+00
1.050000000000000000e+04 4.199987937357660961e-01 2.903959945380063523e-01 5.254893035958124736e-01 1.793354574419663283e-01 4.779244424214838804e-03 0.000000000000000000e+00
1.075000000000000000e+04 4.299987650151888552e-01 2.933545744196631722e-01 5.048930359581247362e-01 1.968593536640873831e-01 4.893035958124715423e-03 0.000000000000000000e+00
1.100000000000000000e+04 4.399987362946120584e-01 2.910787437414656398e-01 5.061447428311333097e-01 1.978834774692762866e-01 4.893035958124715423e-03 0.000000000000000000e+00
1.125000000000000000e+04 4.499987075740350395e-01 2.903959945380063523e-01 5.253755120619025831e-01 1.793354574419663283e-01 4.893035958124715423e-03 0.000000000000000000e+00
1.150000000000000000e+04 4.599986788534580207e-01 2.885753299954483264e-01 5.344788347746927126e-01 1.721665908056440597e-01 4.779244424214838804e-03 0.000000000000000000e+00
1.175000000000000000e+04 4.699986501328807798e-01 2.865270823850705750e-01 5.384615384615384359e-01 1.713700500682749095e-01 3.641329085116067413e-03 0.000000000000000000e+00
1.200000000000000000e+04 4.799986214123039829e-01 2.882339553937187104e-01 5.513199817933546187e-01 1.573736913973600438e-01 3.072371415566681717e-03 0.000000000000000000e+00
1.225000000000000000e+04 4.899985926917271861e-01 3.111060537096039802e-01 5.183204369594902605e-01 1.662494310423304478e-01 4.324078288575329727e-03 0.000000000000000000e+00
1.250000000000000000e+04 4.999985639711499452e-01 3.111060537096039802e-01 5.359581247155211781e-01 1.389394629039599482e-01 1.399635867091488309e-02 0.000000000000000000e+00
1.275000000000000000e+04 5.099985352505729264e-01 2.781065088757396220e-01 5.612198452435138707e-01 1.549840691852526209e-01 5.689576695493855224e-03 0.000000000000000000e+00
1.300000000000000000e+04 5.199985065299959075e-01 2.760582612653618706e-01 5.583750568957669413e-01 1.605598543468365891e-01 5.006827492034592909e-03 0.000000000000000000e+00
1.325000000000000000e+04 5.299984778094191107e-01 2.645653163404642627e-01 5.653163404642694845e-01 1.626081019572143960e-01 7.510241238051888930e-03 0.000000000000000000e+00
1.350000000000000000e+04 5.399984490888420918e-01 2.506827492034592875e-01 6.048020027309968238e-01 1.389394629039599482e-01 5.575785161583977738e-03 0.000000000000000000e+00
1.375000000000000000e+04 5.499984203682648509e-01 2.465862539827036737e-01 6.132225762403277214e-01 1.372325898953117851e-01 2.958579881656804664e-03 0.000000000000000000e+00
1.400000000000000000e+04 5.599983916476880541e-01 2.322485207100591642e-01 6.340464269458352398e-01 1.293809740555302568e-01 4.324078288575329727e-03 0.000000000000000000e+00
1.425000000000000000e+04 5.699983629271110352e-01 2.171142467000455045e-01 6.824078288575330387e-01 9.763313609467455523e-02 2.844788347746927612e-03 0.000000000000000000e+00
1.450000000000000000e+04 5.799983342065340164e-01 2.247382794720072796e-01 6.553254437869822091e-01 1.160673645880746507e-01 3.868912152935821518e-03 0.000000000000000000e+00
1.475000000000000000e+04 5.899983054859567755e-01 2.263313609467455523e-01 6.085571233500227661e-01 1.607874374146563423e-01 4.324078288575329727e-03 0.000000000000000000e+00
1.500000000000000000e+04 5.999982767653799787e-01 2.247382794720072796e-01 6.312016385980883104e-01 1.405325443786982209e-01 3.527537551206190360e-03 0.000000000000000000e+00
1.525000000000000000e+04 6.099982480448031819e-01 2.181383705052344080e-01 6.603322712790168358e-01 1.175466545289030468e-01 3.982703686845699004e-03 0.000000000000000000e+00
1.550000000000000000e+04 6.199982193242259410e-01 2.091488393263541135e-01 7.006144742831132977e-01 8.409194355939918208e-02 6.144742831133363434e-03 0.000000000000000000e+00
1.575000000000000000e+04 6.299981906036489221e-01 2.084660901228948537e-01 7.134729176149294805e-01 7.328174783796086167e-02 4.779244424214838804e-03 0.000000000000000000e+00
1.600000000000000000e+04 6.399981618830719032e-01 2.061902594446973214e-01 7.105143377332726606e-01 7.806099226217569353e-02 5.234410559854347014e-03 0.000000000000000000e+00
1.625000000000000000e+04 6.499981331624951064e-01 1.941283568502503443e-01 7.113108784706417831e-01 9.330905780609922984e-02 1.251706873008648227e-03 0.000000000000000000e+00
1.650000000000000000e+04 6.599981044419180876e-01 1.933318161128811941e-01 6.946973145197997690e-01 1.098088302230314089e-01 2.162039144287664864e-03 0.000000000000000000e+00
1.675000000000000000e+04 6.699980757213408467e-01 1.973145197997268896e-01 6.747837960855712636e-01 1.263086026399635742e-01 1.593081474738279385e-03 0.000000000000000000e+00
1.700000000000000000e+04 6.799980470007640498e-01 1.960628129267182607e-01 6.590805644060081514e-01 1.439462903959945472e-01 9.103322712790168532e-04 0.000000000000000000e+00
1.725000000000000000e+04 6.899980182801870310e-01 1.935593991807009473e-01 6.599908966772871644e-01 1.451979972690031762e-01 1.251706873008648227e-03 0.000000000000000000e+00
1.750000000000000000e+04 6.999979895596100121e-01 2.009558488848429691e-01 6.504324078288575839e-01 1.461083295402822169e-01 2.503413746017296455e-03 0.000000000000000000e+00
1.775000000000000000e+04 7.099979608390327712e-01 2.069868001820664438e-01 6.383705052344105235e-01 1.532771961766044577e-01 1.365498406918525280e-03 0.000000000000000000e+00
1.800000000000000000e+04 7.199979321184559744e-01 2.226900318616295005e-01 6.174328629949932257e-01 1.577150659990896597e-01 2.162039144287664864e-03 0.000000000000000000e+00
1.825000000000000000e+04 7.299979033978791776e-01 2.529585798816568198e-01 5.764679107874374209e-01 1.682976786527082269e-01 2.275830678197541916e-03 0.000000000000000000e+00
1.850000000000000000e+04 7.399978746773019367e-01 2.916477014110150368e-01 4.844105598543468338e-01 2.204142011834319403e-01 3.527537551206190360e-03 0.000000000000000000e+00
1.875000000000000000e+04 7.499978459567249178e-01 3.000682749203459343e-01 4.791761492944924816e-01 2.180245789713245452e-01 2.730996813837050560e-03 0.000000000000000000e+00
1.900000000000000000e+04 7.599978172361478990e-01 3.060992262175694090e-01 4.837278106508875464e-01 2.051661356395084179e-01 5.006827492034592909e-03 0.000000000000000000e+00
1.925000000000000000e+04 7.699977885155711022e-01 2.909649522075557493e-01 5.269685935366408280e-01 1.735320892125625791e-01 8.534365043240782836e-03 0.000000000000000000e+00
1.950000000000000000e+04 7.799977597949940833e-01 2.938097405553026786e-01 5.408511606736459143e-01 1.590805644060081792e-01 6.258534365043240920e-03 0.000000000000000000e+00
1.975000000000000000e+04 7.899977310744168424e-01 2.743513882567136797e-01 5.904642694583522866e-01 1.301775147928994070e-01 5.006827492034592909e-03 0.000000000000000000e+00
2.000000000000000000e+04 7.999977023538400456e-01 2.822030040964952358e-01 5.596267637687756258e-01 1.484979517523896120e-01 9.672280382339554228e-03 0.000000000000000000e+00
2.025000000000000000e+04 8.099976736332630267e-01 2.736686390532544477e-01 5.969503868912152678e-01 1.234638142922166587e-01 5.917159763313609329e-03 0.000000000000000000e+00
2.050000000000000000e+04 8.199976449126860079e-01 2.680928538916704795e-01 5.963814292216659263e-01 1.298361401911697632e-01 5.689576695493855224e-03 0.000000000000000000e+00
2.075000000000000000e+04 8.299976161921087670e-01 2.636549840691852498e-01 6.016158397815202230e-01 1.321119708693673234e-01 2.617205279927173507e-03 0.000000000000000000e+00
2.100000000000000000e+04 8.399975874715319701e-01 2.522758306781975324e-01 6.225534820209376319e-01 1.218707328174783860e-01 3.299954483386436255e-03 0.000000000000000000e+00
2.125000000000000000e+04 8.499975587509551733e-01 2.493172507965407403e-01 6.141329085116067343e-01 1.332498862084660896e-01 3.299954483386436255e-03 0.000000000000000000e+00
2.150000000000000000e+04 8.599975300303779324e-01 2.504551661356395065e-01 6.096950386891215601e-01 1.371187983614019223e-01 2.730996813837050560e-03 0.000000000000000000e+00
2.175000000000000000e+04 8.699975013098009136e-01 2.471552116522530707e-01 6.191397360036413611e-01 1.314292216659080637e-01 2.275830678197541916e-03 0.000000000000000000e+00
2.200000000000000000e+04 8.799974725892238947e-01 2.517068730086481354e-01 6.136777423759672834e-01 1.327947200728265831e-01 1.820664542558033706e-03 0.000000000000000000e+00
2.225000000000000000e+04 8.899974438686470979e-01 2.544378698224852298e-01 6.044606281292671524e-01 1.380291306326809353e-01 3.072371415566681717e-03 0.000000000000000000e+00
2.250000000000000000e+04 8.999974151480700790e-01 2.704824761037779024e-01 5.877332726445152478e-01 1.383705052344105513e-01 3.413746017296313308e-03 0.000000000000000000e+00
2.275000000000000000e+04 9.099973864274928381e-01 2.796995903504779224e-01 5.460855712335002110e-01 1.702321347291761433e-01 3.982703686845699004e-03 0.000000000000000000e+00
2.300000000000000000e+04 9.199973577069160413e-01 2.828857532999544677e-01 5.158170232134728916e-01 1.989076012744651900e-01 2.389622212107419402e-03 0.000000000000000000e+00
2.325000000000000000e+04 9.299973289863390224e-01 2.810650887573964418e-01 5.225307237141556538e-01 1.934456076467910846e-01 2.958579881656804664e-03 0.000000000000000000e+00
2.350000000000000000e+04 9.399973002657620036e-01 2.835685025034137552e-01 5.185480200273099305e-01 1.944697314519799602e-01 3.413746017296313308e-03 0.000000000000000000e+00
2.375000000000000000e+04 9.499972715451847627e-01 2.859581247155211781e-01 5.271961766044606090e-01 1.819526627218935044e-01 4.893035958124715423e-03 0.000000000000000000e+00
2.400000000000000000e+04 9.599972428246079659e-01 2.917614929449248717e-01 5.433545744196631722e-01 1.601046882111970826e-01 4.779244424214838804e-03 0.000000000000000000e+00
2.425000000000000000e+04 9.699972141040311691e-01 2.835685025034137552e-01 5.593991807009558448e-01 1.538461538461538547e-01 3.186162949476558769e-03 0.000000000000000000e+00
2.450000000000000000e+04 9.799971853834539282e-01 2.864132908511606845e-01 5.605370960400546387e-01 1.494082840236686527e-01 3.641329085116067413e-03 0.000000000000000000e+00
2.475000000000000000e+04 9.899971566628769093e-01 2.872098315885298070e-01 5.522303140646336317e-01 1.550978607191624836e-01 5.461993627674101119e-03 0.000000000000000000e+00
2.500000000000000000e+04 9.999971279422998904e-01 3.181611288120163583e-01 5.094446973145198010e-01 1.642011834319526686e-01 8.192990441511151245e-03 0.000000000000000000e+00
