# itime ezz other fcc hcp bcc ico
0.000000000000000000e+00 0.000000000000000000e+00 0.000000000000000000e+00 1.000000000000000000e+00 0.000000000000000000e+00 0.000000000000000000e+00 0.000000000000000000e+00
2.500000000000000000e+01 9.999744268764931832e-04 0.000000000000000000e+00 1.000000000000000000e+00 0.000000000000000000e+00 0.000000000000000000e+00 0.000000000000000000e+00
5.000000000000000000e+01 1.999948853752764322e-03 0.000000000000000000e+00 1.000000000000000000e+00 0.000000000000000000e+00 0.000000000000000000e+00 0.000000000000000000e+00
7.500000000000000000e+01 2.999923280629257505e-03 0.000000000000000000e+00 1.000000000000000000e+00 0.000000000000000000e+00 0.000000000000000000e+00 0.000000000000000000e+00
1.000000000000000000e+02 3.999897707505750688e-03 0.000000000000000000e+00 1.000000000000000000e+00 0.000000000000000000e+00 0.000000000000000000e+00 0.000000000000000000e+00
1.250000000000000000e+02 4.999872134382021827e-03 0.000000000000000000e+00 1.000000000000000000e+00 0.000000000000000000e+00 0.000000000000000000e+00 0.000000000000000000e+00
1.500000000000000000e+02 5.999846561258515010e-03 0.000000000000000000e+00 1.000000000000000000e+00 0.000000000000000000e+00 0.000000000000000000e+00 0.000000000000000000e+00
1.750000000000000000e+02 6.999820988134786148e-03 0.000000000000000000e+00 1.000000000000000000e+00 0.000000000000000000e+00 0.000000000000000000e+00 0.000000000000000000e+00
2.000000000000000000e+02 7.999795415011279331e-03 0.000000000000000000e+00 1.000000000000000000e+00 0.000000000000000000e+00 0.000000000000000000e+00 0.000000000000000000e+00
2.250000000000000000e+02 8.999769841887772515e-03 0.000000000000000000e+00 1.000000000000000000e+00 0.000000000000000000e+00 0.000000000000000000e+00 0.000000000000000000e+00
2.500000000000000000e+02 9.999744268764043653e-03 0.000000000000000000e+00 1.000000000000000000e+00 0.000000000000000000e+00 0.000000000000000000e+00 0.000000000000000000e+00
2.750000000000000000e+02 1.099971869564053684e-02 0.000000000000000000e+00 1.000000000000000000e+00 0.000000000000000000e+00 0.000000000000000000e+00 0.000000000000000000e+00
3.000000000000000000e+02 1.199969312251703002e-02 0.000000000000000000e+00 1.000000000000000000e+00 0.000000000000000000e+00 0.000000000000000000e+00 0.000000000000000000e+00
3.250000000000000000e+02 1.299966754939330116e-02 0.000000000000000000e+00 1.000000000000000000e+00 0.000000000000000000e+00 0.000000000000000000e+00 0.000000000000000000e+00
3.500000000000000000e+02 1.399964197626979434e-02 0.000000000000000000e+00 1.000000000000000000e+00 0.000000000000000000e+00 0.000000000000000000e+00 0.000000000000000000e+00
3.750000000000000000e+02 1.499961640314606548e-02 0.000000000000000000e+00 1.000000000000000000e+00 0.000000000000000000e+00 0.000000000000000000e+00 0.000000000000000000e+00
4.000000000000000000e+02 1.599959083002255866e-02 0.000000000000000000e+00 1.000000000000000000e+00 0.000000000000000000e+00 0.000000000000000000e+00 0.000000000000000000e+00
4.250000000000000000e+02 1.699956525689905185e-02 0.000000000000000000e+00 1.000000000000000000e+00 0.000000000000000000e+00 0.000000000000000000e+00 0.000000000000000000e+00
4.500000000000000000e+02 1.799953968377532298e-02 0.000000000000000000e+00 1.000000000000000000e+00 0.000000000000000000e+00 0.000000000000000000e+00 0.000000000000000000e+00
4.750000000000000000e+02 1.899951411065181617e-02 0.000000000000000000e+00 1.000000000000000000e+00 0.000000000000000000e+00 0.000000000000000000e+00 0.000000000000000000e+00
5.000000000000000000e+02 1.999948853752830935e-02 0.000000000000000000e+00 1.000000000000000000e+00 0.000000000000000000e+00 0.000000000000000000e+00 0.000000000000000000e+00
5.250000000000000000e+02 2.099946296440458049e-02 0.000000000000000000e+00 1.000000000000000000e+00 0.000000000000000000e+00 0.000000000000000000e+00 0.000000000000000000e+00
5.500000000000000000e+02 2.199943739128107367e-02 0.000000000000000000e+00 1.000000000000000000e+00 0.000000000000000000e+00 0.000000000000000000e+00 0.000000000000000000e+00
5.750000000000000000e+02 2.299941181815734481e-02 0.000000000000000000e+00 1.000000000000000000e+00 0.000000000000000000e+00 0.000000000000000000e+00 0.000000000000000000e+00
6.000000000000000000e+02 2.399938624503383799e-02 0.000000000000000000e+00 1.000000000000000000e+00 0.000000000000000000e+00 0.000000000000000000e+00 0.000000000000000000e+00
6.250000000000000000e+02 2.499936067191033118e-02 0.000000000000000000e+00 1.000000000000000000e+00 0.000000000000000000e+00 0.000000000000000000e+00 0.000000000000000000e+00
6.500000000000000000e+02 2.599933509878660232e-02 0.000000000000000000e+00 1.000000000000000000e+00 0.000000000000000000e+00 0.000000000000000000e+00 0.000000000000000000e+00
6.750000000000000000e+02 2.699930952566309550e-02 0.000000000000000000e+00 1.000000000000000000e+00 0.000000000000000000e+00 0.000000000000000000e+00 0.000000000000000000e+00
7.000000000000000000e+02 2.799928395253958868e-02 0.000000000000000000e+00 1.000000000000000000e+00 0.000000000000000000e+00 0.000000000000000000e+00 0.000000000000000000e+00
7.250000000000000000e+02 2.899925837941585982e-02 0.000000000000000000e+00 1.000000000000000000e+00 0.000000000000000000e+00 0.000000000000000000e+00 0.000000000000000000e+00
7.500000000000000000e+02 2.999923280629235300e-02 0.000000000000000000e+00 1.000000000000000000e+00 0.000000000000000000e+00 0.000000000000000000e+00 0.000000000000000000e+00
7.750000000000000000e+02 3.099920723316884619e-02 0.000000000000000000e+00 1.000000000000000000e+00 0.000000000000000000e+00 0.000000000000000000e+00 0.000000000000000000e+00
8.000000000000000000e+02 3.199918166004511733e-02 0.000000000000000000e+00 1.000000000000000000e+00 0.000000000000000000e+00 0.000000000000000000e+00 0.000000000000000000e+00
8.250000000000000000e+02 3.299915608692161051e-02 0.000000000000000000e+00 1.000000000000000000e+00 0.000000000000000000e+00 0.000000000000000000e+00 0.000000000000000000e+00
8.500000000000000000e+02 3.399913051379788165e-02 0.000000000000000000e+00 1.000000000000000000e+00 0.000000000000000000e+00 0.000000000000000000e+00 0.000000000000000000e+00
8.750000000000000000e+02 3.499910494067437483e-02 0.000000000000000000e+00 1.000000000000000000e+00 0.000000000000000000e+00 0.000000000000000000e+00 0.000000000000000000e+00
9.000000000000000000e+02 3.599907936755086801e-02 0.000000000000000000e+00 1.000000000000000000e+00 0.000000000000000000e+00 0.000000000000000000e+00 0.000000000000000000e+00
9.250000000000000000e+02 3.699905379442713915e-02 0.000000000000000000e+00 1.000000000000000000e+00 0.000000000000000000e+00 0.000000000000000000e+00 0.000000000000000000e+00
9.500000000000000000e+02 3.799902822130363234e-02 0.000000000000000000e+00 1.000000000000000000e+00 0.000000000000000000e+00 0.000000000000000000e+00 0.000000000000000000e+00
9.750000000000000000e+02 3.899900264818012552e-02 0.000000000000000000e+00 1.000000000000000000e+00 0.000000000000000000e+00 0.000000000000000000e+00 0.000000000000000000e+00
1.000000000000000000e+03 3.999897707505639666e-02 0.000000000000000000e+00 1.000000000000000000e+00 0.000000000000000000e+00 0.000000000000000000e+00 0.000000000000000000e+00
1.025000000000000000e+03 4.099895150193288984e-02 0.000000000000000000e+00 1.000000000000000000e+00 0.000000000000000000e+00 0.000000000000000000e+00 0.000000000000000000e+00
1.050000000000000000e+03 4.199892592880916098e-02 0.000000000000000000e+00 1.000000000000000000e+00 0.000000000000000000e+00 0.000000000000000000e+00 0.000000000000000000e+00
1.075000000000000000e+03 4.299890035568565416e-02 0.000000000000000000e+00 1.000000000000000000e+00 0.000000000000000000e+00 0.000000000000000000e+00 0.000000000000000000e+00
1.100000000000000000e+03 4.399887478256214735e-02 0.000000000000000000e+00 1.000000000000000000e+00 0.000000000000000000e+00 0.000000000000000000e+00 0.000000000000000000e+00
1.125000000000000000e+03 4.499884920943841848e-02 0.000000000000000000e+00 1.000000000000000000e+00 0.000000000000000000e+00 0.000000000000000000e+00 0.000000000000000000e+00
1.150000000000000000e+03 4.599882363631491167e-02 0.000000000000000000e+00 1.000000000000000000e+00 0.000000000000000000e+00 0.000000000000000000e+00 0.000000000000000000e+00
1.175000000000000000e+03 4.699879806319140485e-02 0.000000000000000000e+00 1.000000000000000000e+00 0.000000000000000000e+00 0.000000000000000000e+00 0.000000000000000000e+00
1.200000000000000000e+03 4.799877249006767599e-02 0.000000000000000000e+00 1.000000000000000000e+00 0.000000000000000000e+00 0.000000000000000000e+00 0.000000000000000000e+00
1.225000000000000000e+03 4.899874691694416917e-02 0.000000000000000000e+00 1.000000000000000000e+00 0.000000000000000000e+00 0.000000000000000000e+00 0.000000000000000000e+00
1.250000000000000000e+03 4.999872134382066236e-02 0.000000000000000000e+00 1.000000000000000000e+00 0.000000000000000000e+00 0.000000000000000000e+00 0.000000000000000000e+00
1.275000000000000000e+03 5.099869577069693349e-02 0.000000000000000000e+00 1.000000000000000000e+00 0.000000000000000000e+00 0.000000000000000000e+00 0.000000000000000000e+00
1.300000000000000000e+03 5.199867019757342668e-02 0.000000000000000000e+00 1.000000000000000000e+00 0.000000000000000000e+00 0.000000000000000000e+00 0.000000000000000000e+00
1.325000000000000000e+03 5.299864462444969782e-02 0.000000000000000000e+00 1.000000000000000000e+00 0.000000000000000000e+00 0.000000000000000000e+00 0.000000000000000000e+00
1.350000000000000000e+03 5.399861905132619100e-02 0.000000000000000000e+00 1.000000000000000000e+00 0.000000000000000000e+00 0.000000000000000000e+00 0.000000000000000000e+00
1.375000000000000000e+03 5.499859347820268418e-02 0.000000000000000000e+00 1.000000000000000000e+00 0.000000000000000000e+00 0.000000000000000000e+00 0.000000000000000000e+00
1.400000000000000000e+03 5.599856790507895532e-02 0.000000000000000000e+00 1.000000000000000000e+00 0.000000000000000000e+00 0.000000000000000000e+00 0.000000000000000000e+00
1.425000000000000000e+03 5.699854233195544850e-02 0.000000000000000000e+00 1.000000000000000000e+00 0.000000000000000000e+00 0.000000000000000000e+00 0.000000000000000000e+00
1.450000000000000000e+03 5.799851675883194169e-02 0.000000000000000000e+00 1.000000000000000000e+00 0.000000000000000000e+00 0.000000000000000000e+00 0.000000000000000000e+00
1.475000000000000000e+03 5.899849118570821283e-02 0.000000000000000000e+00 1.000000000000000000e+00 0.000000000000000000e+00 0.000000000000000000e+00 0.000000000000000000e+00
1.500000000000000000e+03 5.999846561258470601e-02 0.000000000000000000e+00 1.000000000000000000e+00 0.000000000000000000e+00 0.000000000000000000e+00 0.000000000000000000e+00
1.525000000000000000e+03 6.099844003946097715e-02 0.000000000000000000e+00 1.000000000000000000e+00 0.000000000000000000e+00 0.000000000000000000e+00 0.000000000000000000e+00
1.550000000000000000e+03 6.199841446633747033e-02 0.000000000000000000e+00 1.000000000000000000e+00 0.000000000000000000e+00 0.000000000000000000e+00 0.000000000000000000e+00
1.575000000000000000e+03 6.299838889321396351e-02 0.000000000000000000e+00 1.000000000000000000e+00 0.000000000000000000e+00 0.000000000000000000e+00 0.000000000000000000e+00
1.600000000000000000e+03 6.399836332009023465e-02 0.000000000000000000e+00 1.000000000000000000e+00 0.000000000000000000e+00 0.000000000000000000e+00 0.000000000000000000e+00
1.625000000000000000e+03 6.499833774696672783e-02 0.000000000000000000e+00 1.000000000000000000e+00 0.000000000000000000e+00 0.000000000000000000e+00 0.000000000000000000e+00
1.650000000000000000e+03 6.599831217384322102e-02 0.000000000000000000e+00 1.000000000000000000e+00 0.000000000000000000e+00 0.000000000000000000e+00 0.000000000000000000e+00
1.675000000000000000e+03 6.699828660071949216e-02 0.000000000000000000e+00 1.000000000000000000e+00 0.000000000000000000e+00 0.000000000000000000e+00 0.000000000000000000e+00
1.700000000000000000e+03 6.799826102759598534e-02 0.000000000000000000e+00 1.000000000000000000e+00 0.000000000000000000e+00 0.000000000000000000e+00 0.000000000000000000e+00
1.725000000000000000e+03 6.899823545447225648e-02 0.000000000000000000e+00 1.000000000000000000e+00 0.000000000000000000e+00 0.000000000000000000e+00 0.000000000000000000e+00
1.750000000000000000e+03 6.999820988134874966e-02 4.551661356395084266e-04 9.995448338643604380e-01 0.000000000000000000e+00 0.000000000000000000e+00 0.000000000000000000e+00
1.775000000000000000e+03 7.099818430822524284e-02 0.000000000000000000e+00 1.000000000000000000e+00 0.000000000000000000e+00 0.000000000000000000e+00 0.000000000000000000e+00
1.800000000000000000e+03 7.199815873510151398e-02 0.000000000000000000e+00 1.000000000000000000e+00 0.000000000000000000e+00 0.000000000000000000e+00 0.000000000000000000e+00
1.825000000000000000e+03 7.299813316197800717e-02 7.965407373691396923e-04 9.992034592626308775e-01 0.000000000000000000e+00 0.000000000000000000e+00 0.000000000000000000e+00
1.850000000000000000e+03 7.399810758885450035e-02 0.000000000000000000e+00 1.000000000000000000e+00 0.000000000000000000e+00 0.000000000000000000e+00 0.000000000000000000e+00
1.875000000000000000e+03 7.499808201573077149e-02 0.000000000000000000e+00 1.000000000000000000e+00 0.000000000000000000e+00 0.000000000000000000e+00 0.000000000000000000e+00
1.900000000000000000e+03 7.599805644260726467e-02 3.413746017296313199e-04 9.995448338643604380e-01 0.000000000000000000e+00 1.137915339098771066e-04 0.000000000000000000e+00
1.925000000000000000e+03 7.699803086948375785e-02 1.137915339098771066e-04 9.998862084660901095e-01 0.000000000000000000e+00 0.000000000000000000e+00 0.000000000000000000e+00
1.950000000000000000e+03 7.799800529636002899e-02 0.000000000000000000e+00 1.000000000000000000e+00 0.000000000000000000e+00 0.000000000000000000e+00 0.000000000000000000e+00
1.975000000000000000e+03 7.899797972323652218e-02 0.000000000000000000e+00 1.000000000000000000e+00 0.000000000000000000e+00 0.000000000000000000e+00 0.000000000000000000e+00
2.000000000000000000e+03 7.999795415011279331e-02 0.000000000000000000e+00 1.000000000000000000e+00 0.000000000000000000e+00 0.000000000000000000e+00 0.000000000000000000e+00
2.025000000000000000e+03 8.099792857698928650e-02 3.413746017296313199e-04 9.996586253982703285e-01 0.000000000000000000e+00 0.000000000000000000e+00 0.000000000000000000e+00
2.050000000000000000e+03 8.199790300386577968e-02 7.965407373691396923e-04 9.992034592626308775e-01 0.000000000000000000e+00 0.000000000000000000e+00 0.000000000000000000e+00
2.075000000000000000e+03 8.299787743074205082e-02 4.551661356395084266e-04 9.995448338643604380e-01 0.000000000000000000e+00 0.000000000000000000e+00 0.000000000000000000e+00
2.100000000000000000e+03 8.399785185761854400e-02 3.413746017296313199e-04 9.996586253982703285e-01 0.000000000000000000e+00 0.000000000000000000e+00 0.000000000000000000e+00
2.125000000000000000e+03 8.499782628449503719e-02 0.000000000000000000e+00 1.000000000000000000e+00 0.000000000000000000e+00 0.000000000000000000e+00 0.000000000000000000e+00
2.150000000000000000e+03 8.599780071137130832e-02 1.137915339098770958e-03 9.988620846609012061e-01 0.000000000000000000e+00 0.000000000000000000e+00 0.000000000000000000e+00
2.175000000000000000e+03 8.699777513824780151e-02 2.275830678197542133e-04 9.997724169321802190e-01 0.000000000000000000e+00 0.000000000000000000e+00 0.000000000000000000e+00
2.200000000000000000e+03 8.799774956512407265e-02 4.551661356395084266e-04 9.995448338643604380e-01 0.000000000000000000e+00 0.000000000000000000e+00 0.000000000000000000e+00
2.225000000000000000e+03 8.899772399200056583e-02 9.103322712790168532e-04 9.990896677287209870e-01 0.000000000000000000e+00 0.000000000000000000e+00 0.000000000000000000e+00
2.250000000000000000e+03 8.999769841887705901e-02 1.024123805188893906e-03 9.989758761948110966e-01 0.000000000000000000e+00 0.000000000000000000e+00 0.000000000000000000e+00
2.275000000000000000e+03 9.099767284575333015e-02 9.103322712790168532e-04 9.989758761948110966e-01 0.000000000000000000e+00 1.137915339098771066e-04 0.000000000000000000e+00
2.300000000000000000e+03 9.199764727262982333e-02 4.551661356395084266e-04 9.995448338643604380e-01 0.000000000000000000e+00 0.000000000000000000e+00 0.000000000000000000e+00
2.325000000000000000e+03 9.299762169950631652e-02 4.551661356395084266e-04 9.995448338643604380e-01 0.000000000000000000e+00 0.000000000000000000e+00 0.000000000000000000e+00
2.350000000000000000e+03 9.399759612638258766e-02 1.934456076467910759e-03 9.979517523896221931e-01 0.000000000000000000e+00 1.137915339098771066e-04 0.000000000000000000e+00
2.375000000000000000e+03 9.499757055325908084e-02 7.965407373691396923e-04 9.992034592626308775e-01 0.000000000000000000e+00 0.000000000000000000e+00 0.000000000000000000e+00
2.400000000000000000e+03 9.599754498013535198e-02 2.617205279927173507e-03 9.973827947200728516e-01 0.000000000000000000e+00 0.000000000000000000e+00 0.000000000000000000e+00
2.425000000000000000e+03 9.699751940701184516e-02 3.299954483386436255e-03 9.967000455166135087e-01 0.000000000000000000e+00 0.000000000000000000e+00 0.000000000000000000e+00
2.450000000000000000e+03 9.799749383388833834e-02 2.844788347746927612e-03 9.971552116522530707e-01 0.000000000000000000e+00 0.000000000000000000e+00 0.000000000000000000e+00
2.475000000000000000e+03 9.899746826076460948e-02 2.844788347746927612e-03 9.970414201183431802e-01 0.000000000000000000e+00 1.137915339098771066e-04 0.000000000000000000e+00
2.500000000000000000e+03 9.999744268764110267e-02 3.868912152935821518e-03 9.960172963131542767e-01 0.000000000000000000e+00 1.137915339098771066e-04 0.000000000000000000e+00
2.525000000000000000e+03 1.009974171145175958e-01 1.137915339098770958e-03 9.988620846609012061e-01 0.000000000000000000e+00 0.000000000000000000e+00 0.000000000000000000e+00
2.550000000000000000e+03 1.019973915413938670e-01 1.251706873008648227e-03 9.987482931269913156e-01 0.000000000000000000e+00 0.000000000000000000e+00 0.000000000000000000e+00
2.575000000000000000e+03 1.029973659682703602e-01 1.365498406918525280e-03 9.982931269913518646e-01 0.000000000000000000e+00 3.413746017296313199e-04 0.000000000000000000e+00
2.600000000000000000e+03 1.039973403951468534e-01 3.186162949476558769e-03 9.967000455166135087e-01 0.000000000000000000e+00 1.137915339098771066e-04 0.000000000000000000e+00
2.625000000000000000e+03 1.049973148220231245e-01 5.575785161583977738e-03 9.940828402366863603e-01 0.000000000000000000e+00 3.413746017296313199e-04 0.000000000000000000e+00
2.650000000000000000e+03 1.059972892488996177e-01 3.641329085116067413e-03 9.960172963131542767e-01 0.000000000000000000e+00 3.413746017296313199e-04 0.000000000000000000e+00
2.675000000000000000e+03 1.069972636757758888e-01 4.665452890304961318e-03 9.948793809740554828e-01 0.000000000000000000e+00 4.551661356395084266e-04 0.000000000000000000e+00
2.700000000000000000e+03 1.079972381026523820e-01 5.234410559854347014e-03 9.943104233045061413e-01 0.000000000000000000e+00 4.551661356395084266e-04 0.000000000000000000e+00
2.725000000000000000e+03 1.089972125295288752e-01 1.058261265361857065e-02 9.883932635411925016e-01 0.000000000000000000e+00 1.024123805188893906e-03 0.000000000000000000e+00
2.750000000000000000e+03 1.099971869564051463e-01 6.486117432862995025e-03 9.930587164314974569e-01 0.000000000000000000e+00 4.551661356395084266e-04 0.000000000000000000e+00
2.775000000000000000e+03 1.109971613832816395e-01 9.330905780609922637e-03 9.898725534820209671e-01 0.000000000000000000e+00 7.965407373691396923e-04 0.000000000000000000e+00
2.800000000000000000e+03 1.119971358101581327e-01 1.217569412835685025e-02 9.863450159308146947e-01 0.000000000000000000e+00 1.479289940828402332e-03 0.000000000000000000e+00
2.825000000000000000e+03 1.129971102370344038e-01 1.103777878925807886e-02 9.878243058716431602e-01 0.000000000000000000e+00 1.137915339098770958e-03 0.000000000000000000e+00
2.850000000000000000e+03 1.139970846639108970e-01 1.524806554392353283e-02 9.840691852526172179e-01 0.000000000000000000e+00 6.827492034592626399e-04 0.000000000000000000e+00
2.875000000000000000e+03 1.149970590907871681e-01 1.741010468821119553e-02 9.812243969048702885e-01 0.000000000000000000e+00 1.365498406918525280e-03 0.000000000000000000e+00
2.900000000000000000e+03 1.159970335176636613e-01 2.890304961310878606e-02 9.665452890304960798e-01 0.000000000000000000e+00 4.551661356395083832e-03 0.000000000000000000e+00
2.925000000000000000e+03 1.169970079445401545e-01 3.390987710514337811e-02 9.564178425125170468e-01 0.000000000000000000e+00 9.672280382339554228e-03 0.000000000000000000e+00
2.950000000000000000e+03 1.179969823714164257e-01 4.585798816568047165e-02 9.380974055530268974e-01 0.000000000000000000e+00 1.604460628129267263e-02 0.000000000000000000e+00
2.975000000000000000e+03 1.189969567982929188e-01 7.942649066909421296e-02 8.764223941738734647e-01 0.000000000000000000e+00 4.415111515703231543e-02 0.000000000000000000e+00
3.000000000000000000e+03 1.199969312251694120e-01 1.030951297223486607e-01 7.897132453345471204e-01 0.000000000000000000e+00 1.071916249431042328e-01 0.000000000000000000e+00
3.025000000000000000e+03 1.209969056520456832e-01 1.630632680928539024e-01 6.251706873008647802e-01 0.000000000000000000e+00 2.117660446062812896e-01 0.000000000000000000e+00
3.050000000000000000e+03 1.219968800789221763e-01 2.482931269913518368e-01 3.974738279472007085e-01 0.000000000000000000e+00 3.542330450614474269e-01 0.000000000000000000e+00
3.075000000000000000e+03 1.229968545057984475e-01 3.315885298133818826e-01 2.254210286754665393e-01 9.103322712790168532e-04 4.420801092398725651e-01 0.000000000000000000e+00
3.100000000000000000e+03 1.239968289326749407e-01 3.728948566226672479e-01 1.528220300409649512e-01 1.593081474738279385e-03 4.726900318616295005e-01 0.000000000000000000e+00
3.125000000000000000e+03 1.249968033595514338e-01 3.814292216659080359e-01 1.470186618115612298e-01 2.162039144287664864e-03 4.693900773782430647e-01 0.000000000000000000e+00
3.150000000000000000e+03 1.259967777864277050e-01 3.553709604005462208e-01 1.858215748748293095e-01 1.706873008648156654e-03 4.571005917159763343e-01 0.000000000000000000e+00
3.175000000000000000e+03 1.269967522133041982e-01 3.519572143832498945e-01 2.206417842512516936e-01 6.030951297223486815e-03 4.213700500682749372e-01 0.000000000000000000e+00
3.200000000000000000e+03 1.279967266401806913e-01 3.593536640873918886e-01 2.240555302685480199e-01 1.126536185707783383e-02 4.053254437869822646e-01 0.000000000000000000e+00
3.225000000000000000e+03 1.289967010670569625e-01 3.701638598088302090e-01 2.236003641329085134e-01 2.901684114701866268e-02 3.772189349112425871e-01 0.000000000000000000e+00
3.250000000000000000e+03 1.299966754939334557e-01 3.608329540282202985e-01 2.254210286754665393e-01 4.324078288575330248e-02 3.705052344105598805e-01 0.000000000000000000e+00
3.275000000000000000e+03 1.309966499208099489e-01 3.581019572143832597e-01 2.272416932180245652e-01 5.609922621756941591e-02 3.585571233500227661e-01 0.000000000000000000e+00
3.300000000000000000e+03 1.319966243476862200e-01 3.660673645880746507e-01 2.197314519799726806e-01 7.487482931269913433e-02 3.393263541192535482e-01 0.000000000000000000e+00
3.325000000000000000e+03 1.329965987745627132e-01 3.800637232589895165e-01 2.236003641329085134e-01 1.009330905780609910e-01 2.954028220300409791e-01 0.000000000000000000e+00
3.350000000000000000e+03 1.339965732014389843e-01 3.840464269458352398e-01 2.324761037778789174e-01 1.240327719617660418e-01 2.594446973145198010e-01 0.000000000000000000e+00
3.375000000000000000e+03 1.349965476283154775e-01 3.858670914883932657e-01 2.418070095584888557e-01 1.414428766499772339e-01 2.308830223031406448e-01 0.000000000000000000e+00
3.400000000000000000e+03 1.359965220551919707e-01 3.955393718707327921e-01 2.509103322712790130e-01 1.486117432862995025e-01 2.049385525716886647e-01 0.000000000000000000e+00
3.425000000000000000e+03 1.369964964820682418e-01 4.023668639053254448e-01 2.614929449248976079e-01 1.543013199817933612e-01 1.818388711879836139e-01 0.000000000000000000e+00
3.450000000000000000e+03 1.379964709089447350e-01 3.983841602184797215e-01 2.679790623577605890e-01 1.612426035502958488e-01 1.723941738734638129e-01 0.000000000000000000e+00
3.475000000000000000e+03 1.389964453358212282e-01 4.134046426945835462e-01 2.708238507055075184e-01 1.737596722803823324e-01 1.420118343195266308e-01 0.000000000000000000e+00
3.500000000000000000e+03 1.399964197626974993e-01 4.132908511606736557e-01 2.767410104688211026e-01 1.805871643149749572e-01 1.293809740555302568e-01 0.000000000000000000e+00
3.525000000000000000e+03 1.409963941895739925e-01 4.014565316340464318e-01 2.882339553937187104e-01 1.754665452890304955e-01 1.348429676832043622e-01 0.000000000000000000e+00
3.550000000000000000e+03 1.419963686164502636e-01 4.043013199817933612e-01 2.965407373691397175e-01 1.769458352298589054e-01 1.222121074192080159e-01 0.000000000000000000e+00
3.575000000000000000e+03 1.429963430433267568e-01 3.914428766499772339e-01 3.101957214383249672e-01 1.801319981793354508e-01 1.182294037323623065e-01 0.000000000000000000e+00
3.600000000000000000e+03 1.439963174702032500e-01 3.892808375056895920e-01 3.207783340919435622e-01 1.796768320436959443e-01 1.102639963586709154e-01 0.000000000000000000e+00
3.625000000000000000e+03 1.449962918970795211e-01 3.847291761492944717e-01 3.314747382794719921e-01 1.854802002730996935e-01 9.831588529813381494e-02 0.000000000000000000e+00
3.650000000000000000e+03 1.459962663239560143e-01 3.840464269458352398e-01 3.408056440600819026e-01 1.940145653163404538e-01 8.113336367774237612e-02 0.000000000000000000e+00
3.675000000000000000e+03 1.469962407508325075e-01 3.837050523441056238e-01 3.431952662721893255e-01 2.022075557578516258e-01 7.089212562585343880e-02 0.000000000000000000e+00
3.700000000000000000e+03 1.479962151777087787e-01 3.819981793354574329e-01 3.406918525261720676e-01 2.078971324533454845e-01 6.941283568502502888e-02 0.000000000000000000e+00
3.725000000000000000e+03 1.489961896045852718e-01 3.872325898953117851e-01 3.477469276285844457e-01 2.036868456986800080e-01 6.133363677742376119e-02 0.000000000000000000e+00
3.750000000000000000e+03 1.499961640314617650e-01 3.808602639963586944e-01 3.534365043240783044e-01 2.068730086481565811e-01 5.883022303140646170e-02 0.000000000000000000e+00
3.775000000000000000e+03 1.509961384583380362e-01 3.766499772416932457e-01 3.583295402822029851e-01 2.091488393263541135e-01 5.587164314974965573e-02 0.000000000000000000e+00
3.800000000000000000e+03 1.519961128852145293e-01 3.821119708693673234e-01 3.603777878925807920e-01 2.076695493855257035e-01 4.984069185252617412e-02 0.000000000000000000e+00
3.825000000000000000e+03 1.529960873120908005e-01 3.846153846153846367e-01 3.610605370960400795e-01 2.102867546654528796e-01 4.403732362312243881e-02 0.000000000000000000e+00
3.850000000000000000e+03 1.539960617389672937e-01 3.780154756486117651e-01 3.641329085116067343e-01 2.165452890304961353e-01 4.130632680928538608e-02 0.000000000000000000e+00
3.875000000000000000e+03 1.549960361658437868e-01 3.796085571233500100e-01 3.639053254437870089e-01 2.157487482931269851e-01 4.073736913973600299e-02 0.000000000000000000e+00
3.900000000000000000e+03 1.559960105927200580e-01 3.802913063268092975e-01 3.690259444697314706e-01 2.126763768775603025e-01 3.800637232589895026e-02 0.000000000000000000e+00
3.925000000000000000e+03 1.569959850195965512e-01 3.757396449704141772e-01 3.731224396904870289e-01 2.127901684114701930e-01 3.834774692762858705e-02 0.000000000000000000e+00
3.950000000000000000e+03 1.579959594464730444e-01 3.684569868001820736e-01 3.813154301319982009e-01 2.122212107419207960e-01 3.800637232589895026e-02 0.000000000000000000e+00
3.975000000000000000e+03 1.589959338733493155e-01 3.668639053254437732e-01 3.900773782430587144e-01 2.063040509786071841e-01 3.675466545289030745e-02 0.000000000000000000e+00
4.000000000000000000e+03 1.599959083002258087e-01 3.735776058261265353e-01 3.898497951752389890e-01 1.993627674101046965e-01 3.720983158852981393e-02 0.000000000000000000e+00
4.025000000000000000e+03 1.609958827271020798e-01 3.734638142922166448e-01 3.942876649977241632e-01 1.974283113336367801e-01 3.482020937642239106e-02 0.000000000000000000e+00
4.050000000000000000e+03 1.619958571539785730e-01 3.702776513427400995e-01 3.982703686845698865e-01 1.981110605370960398e-01 3.334091943559399501e-02 0.000000000000000000e+00
4.075000000000000000e+03 1.629958315808550662e-01 3.659535730541647602e-01 4.039599453800637452e-01 1.961766044606281234e-01 3.390987710514337811e-02 0.000000000000000000e+00
4.100000000000000000e+03 1.639958060077313373e-01 3.648156577150660218e-01 4.072598998634501810e-01 1.962903959945380139e-01 3.163404642694583185e-02 0.000000000000000000e+00
4.125000000000000000e+03 1.649957804346078305e-01 3.670914883932635542e-01 4.118115612198452458e-01 1.926490669094219343e-01 2.844788347746927612e-02 0.000000000000000000e+00
4.150000000000000000e+03 1.659957548614843237e-01 3.612881201638598050e-01 4.202321347291761433e-01 1.906008192990441552e-01 2.787892580791988956e-02 0.000000000000000000e+00
4.175000000000000000e+03 1.669957292883605948e-01 3.501365498406918686e-01 4.288802913063268218e-01 1.931042330450614408e-01 2.787892580791988956e-02 0.000000000000000000e+00
4.200000000000000000e+03 1.679957037152370880e-01 3.519572143832498945e-01 4.260355029585798925e-01 1.967455621301775204e-01 2.526172052799271692e-02 0.000000000000000000e+00
4.225000000000000000e+03 1.689956781421133591e-01 3.464952207555757613e-01 4.302457897132453413e-01 1.975421028675466428e-01 2.571688666363222686e-02 0.000000000000000000e+00
4.250000000000000000e+03 1.699956525689898523e-01 3.461538461538461453e-01 4.301319981793354508e-01 1.941283568502503443e-01 2.958579881656804578e-02 0.000000000000000000e+00
4.275000000000000000e+03 1.709956269958663455e-01 3.417159763313609711e-01 4.380974055530268418e-01 1.928766499772416876e-01 2.730996813837050646e-02 0.000000000000000000e+00
4.300000000000000000e+03 1.719956014227426166e-01 3.443331816112881194e-01 4.365043240782885969e-01 1.923076923076923184e-01 2.685480200273099652e-02 0.000000000000000000e+00
4.325000000000000000e+03 1.729955758496191098e-01 3.371643149749658508e-01 4.396904870277651423e-01 1.916249431042330587e-01 3.152025489303595523e-02 0.000000000000000000e+00
4.350000000000000000e+03 1.739955502764956030e-01 3.460400546199362548e-01 4.374146563495676099e-01 1.896904870277651423e-01 2.685480200273099652e-02 0.000000000000000000e+00
4.375000000000000000e+03 1.749955247033718742e-01 3.406918525261720676e-01 4.458352298588985074e-01 1.880974055530268418e-01 2.537551206190259354e-02 0.000000000000000000e+00
4.400000000000000000e+03 1.759954991302483673e-01 3.301092398725534727e-01 4.502730996813836817e-01 1.896904870277651423e-01 2.992717341829767910e-02 0.000000000000000000e+00
4.425000000000000000e+03 1.769954735571248605e-01 3.323850705507510050e-01 4.560764679107874309e-01 1.908284023668639084e-01 2.071005917159763482e-02 0.000000000000000000e+00
4.450000000000000000e+03 1.779954479840011317e-01 3.334091943559399085e-01 4.531178880291306110e-01 1.942421483841602070e-01 1.923076923076923184e-02 0.000000000000000000e+00
4.475000000000000000e+03 1.789954224108776248e-01 3.323850705507510050e-01 4.593764223941738667e-01 1.909421939007737712e-01 1.729631315430131891e-02 0.000000000000000000e+00
4.500000000000000000e+03 1.799953968377538960e-01 3.331816112881201830e-01 4.602867546654528796e-01 1.887801547564861293e-01 1.775147928994082885e-02 0.000000000000000000e+00
4.525000000000000000e+03 1.809953712646303892e-01 3.301092398725534727e-01 4.638142922166590965e-01 1.908284023668639084e-01 1.524806554392353283e-02 0.000000000000000000e+00
4.550000000000000000e+03 1.819953456915068823e-01 3.247610377787892855e-01 4.688211197086936677e-01 1.913973600364132777e-01 1.502048247610377786e-02 0.000000000000000000e+00
4.575000000000000000e+03 1.829953201183831535e-01 3.268092853891670369e-01 4.692762858443331742e-01 1.873008648156577194e-01 1.661356395084205573e-02 0.000000000000000000e+00
4.600000000000000000e+03 1.839952945452596467e-01 3.295402822030040757e-01 4.691624943104232837e-01 1.855939918070095562e-01 1.570323167956303931e-02 0.000000000000000000e+00
4.625000000000000000e+03 1.849952689721361399e-01 3.255575785161584079e-01 4.731451979972690070e-01 1.865043240782885692e-01 1.479289940828402289e-02 0.000000000000000000e+00
4.650000000000000000e+03 1.859952433990124110e-01 3.229403732362312041e-01 4.733727810650887324e-01 1.876422394173873354e-01 1.604460628129267263e-02 0.000000000000000000e+00
4.675000000000000000e+03 1.869952178258889042e-01 3.213472917614929592e-01 4.790623577605825911e-01 1.871870732817478289e-01 1.240327719617660522e-02 0.000000000000000000e+00
4.700000000000000000e+03 1.879951922527651753e-01 3.237369139736003820e-01 4.770141101502048397e-01 1.859353664087392000e-01 1.331360946745562164e-02 0.000000000000000000e+00
4.725000000000000000e+03 1.889951666796416685e-01 3.198680018206645492e-01 4.795175238962220976e-01 1.857077833409194467e-01 1.490669094219390124e-02 0.000000000000000000e+00
4.750000000000000000e+03 1.899951411065181617e-01 3.254437869822485174e-01 4.763313609467455523e-01 1.862767410104688159e-01 1.194811106053709528e-02 0.000000000000000000e+00
4.775000000000000000e+03 1.909951155333944328e-01 3.229403732362312041e-01 4.817933545744196855e-01 1.809285389167046010e-01 1.433773327264451468e-02 0.000000000000000000e+00
4.800000000000000000e+03 1.919950899602709260e-01 3.219162494310423561e-01 4.838416021847974369e-01 1.789940828402366846e-01 1.524806554392353283e-02 0.000000000000000000e+00
4.825000000000000000e+03 1.929950643871474192e-01 3.123577605826126646e-01 4.907828857532999800e-01 1.828629949931725174e-01 1.399635867091488309e-02 0.000000000000000000e+00
4.850000000000000000e+03 1.939950388140236903e-01 3.124715521165225551e-01 4.962448793809740577e-01 1.793354574419663283e-01 1.194811106053709528e-02 0.000000000000000000e+00
4.875000000000000000e+03 1.949950132409001835e-01 3.090578060992262288e-01 5.004551661356395620e-01 1.778561675011379184e-01 1.263086026399635846e-02 0.000000000000000000e+00
4.900000000000000000e+03 1.959949876677764546e-01 3.064406008192990249e-01 5.034137460172962708e-01 1.772872098315885214e-01 1.285844333181611343e-02 0.000000000000000000e+00
4.925000000000000000e+03 1.969949620946529478e-01 3.073509330905780379e-01 5.034137460172962708e-01 1.786527082385070686e-01 1.058261265361857065e-02 0.000000000000000000e+00
4.950000000000000000e+03 1.979949365215294410e-01 3.046199362767409990e-01 5.030723714155667103e-01 1.791078743741465751e-01 1.319981793354574502e-02 0.000000000000000000e+00
4.975000000000000000e+03 1.989949109484057121e-01 3.054164770141101770e-01 5.021620391442876974e-01 1.787664997724169313e-01 1.365498406918525323e-02 0.000000000000000000e+00
5.000000000000000000e+03 1.999948853752822053e-01 3.062130177514792995e-01 5.035275375512061613e-01 1.787664997724169313e-01 1.149294492489758707e-02 0.000000000000000000e+00
5.025000000000000000e+03 2.009948598021586985e-01 3.047337278106508895e-01 5.031861629494766008e-01 1.792216659080564378e-01 1.285844333181611343e-02 0.000000000000000000e+00
5.050000000000000000e+03 2.019948342290349697e-01 3.078060992262175444e-01 5.022758306781975879e-01 1.758079198907601393e-01 1.411015020482476144e-02 0.000000000000000000e+00
5.075000000000000000e+03 2.029948086559114628e-01 3.039371870732817671e-01 5.065999089667728716e-01 1.761492944924897552e-01 1.331360946745562164e-02 0.000000000000000000e+00
5.100000000000000000e+03 2.039947830827879560e-01 3.026854802002730827e-01 5.105826126536185949e-01 1.753527537551206328e-01 1.137915339098771045e-02 0.000000000000000000e+00
5.125000000000000000e+03 2.049947575096642272e-01 3.006372325898953313e-01 5.144515248065544277e-01 1.745562130177514826e-01 1.035502958579881741e-02 0.000000000000000000e+00
5.150000000000000000e+03 2.059947319365407203e-01 2.967683204369594985e-01 5.191169776968593830e-01 1.726217569412835662e-01 1.149294492489758707e-02 0.000000000000000000e+00
5.175000000000000000e+03 2.069947063634169915e-01 2.977924442421484019e-01 5.192307692307692735e-01 1.727355484751934567e-01 1.024123805188893906e-02 0.000000000000000000e+00
5.200000000000000000e+03 2.079946807902934847e-01 3.027992717341829731e-01 5.176376877560309175e-01 1.686390532544378706e-01 1.092398725534820224e-02 0.000000000000000000e+00
5.225000000000000000e+03 2.089946552171699778e-01 2.981338188438780179e-01 5.211652253072371899e-01 1.706873008648156498e-01 1.001365498406918582e-02 0.000000000000000000e+00
5.250000000000000000e+03 2.099946296440462490e-01 2.994993172507965373e-01 5.194583522985889434e-01 1.697769685935366368e-01 1.126536185707783383e-02 0.000000000000000000e+00
5.275000000000000000e+03 2.109946040709227422e-01 2.944924897587619661e-01 5.253755120619025831e-01 1.694355939918070209e-01 1.069640418752844727e-02 0.000000000000000000e+00
5.300000000000000000e+03 2.119945784977992354e-01 2.875512061902594230e-01 5.278789258079198410e-01 1.748975876194810986e-01 9.672280382339554228e-03 0.000000000000000000e+00
5.325000000000000000e+03 2.129945529246755065e-01 2.853891670459717811e-01 5.331133363677742487e-01 1.736458807464724696e-01 7.851615839781519654e-03 0.000000000000000000e+00
5.350000000000000000e+03 2.139945273515519997e-01 2.857305416477013971e-01 5.300409649522075384e-01 1.754665452890304955e-01 8.761948111060537808e-03 0.000000000000000000e+00
5.375000000000000000e+03 2.149945017784282708e-01 2.793582157487483064e-01 5.355029585798816161e-01 1.772872098315885214e-01 7.851615839781519654e-03 0.000000000000000000e+00
5.400000000000000000e+03 2.159944762053047640e-01 2.775375512061902805e-01 5.381201638598088755e-01 1.759217114246700020e-01 8.420573509330906217e-03 0.000000000000000000e+00
5.425000000000000000e+03 2.169944506321812572e-01 2.761720527992717611e-01 5.393718707328174489e-01 1.751251706873008518e-01 9.330905780609922637e-03 0.000000000000000000e+00
5.450000000000000000e+03 2.179944250590575283e-01 2.776513427401001155e-01 5.382339553937186549e-01 1.758079198907601393e-01 8.306781975421027864e-03 0.000000000000000000e+00
5.475000000000000000e+03 2.189943994859340215e-01 2.710514337733272439e-01 5.411925352753754748e-01 1.761492944924897552e-01 1.160673645880746542e-02 0.000000000000000000e+00
5.500000000000000000e+03 2.199943739128105147e-01 2.746927628584433512e-01 5.394856622667273394e-01 1.761492944924897552e-01 9.672280382339554228e-03 0.000000000000000000e+00
5.525000000000000000e+03 2.209943483396867858e-01 2.782203004096495125e-01 5.383477469276285454e-01 1.735320892125625791e-01 9.899863450159307465e-03 0.000000000000000000e+00
5.550000000000000000e+03 2.219943227665632790e-01 2.745789713245334607e-01 5.392580791989075584e-01 1.767182521620391522e-01 9.444697314519799256e-03 0.000000000000000000e+00
5.575000000000000000e+03 2.229942971934395501e-01 2.789030496131087999e-01 5.358443331816112876e-01 1.780837505689576716e-01 7.168866636322257339e-03 0.000000000000000000e+00
5.600000000000000000e+03 2.239942716203160433e-01 2.773099681383704995e-01 5.373236231224396420e-01 1.755803368229403860e-01 9.786071916249430847e-03 0.000000000000000000e+00
5.625000000000000000e+03 2.249942460471925365e-01 2.820892125625853453e-01 5.337960855712334807e-01 1.743286299499317293e-01 9.786071916249430847e-03 0.000000000000000000e+00
5.650000000000000000e+03 2.259942204740688076e-01 2.835685025034137552e-01 5.308375056895766608e-01 1.738734638142922229e-01 1.172052799271734204e-02 0.000000000000000000e+00
5.675000000000000000e+03 2.269941949009453008e-01 2.787892580791989094e-01 5.336822940373235902e-01 1.761492944924897552e-01 1.137915339098771045e-02 0.000000000000000000e+00
