# itime ezz other fcc hcp bcc ico
0.000000000000000000e+00 0.000000000000000000e+00 0.000000000000000000e+00 1.000000000000000000e+00 0.000000000000000000e+00 0.000000000000000000e+00 0.000000000000000000e+00
2.500000000000000000e+02 9.999995878377410108e-03 0.000000000000000000e+00 1.000000000000000000e+00 0.000000000000000000e+00 0.000000000000000000e+00 0.000000000000000000e+00
5.000000000000000000e+02 1.999999175675482022e-02 0.000000000000000000e+00 1.000000000000000000e+00 0.000000000000000000e+00 0.000000000000000000e+00 0.000000000000000000e+00
7.500000000000000000e+02 2.999998763513223032e-02 0.000000000000000000e+00 1.000000000000000000e+00 0.000000000000000000e+00 0.000000000000000000e+00 0.000000000000000000e+00
1.000000000000000000e+03 3.999998351350964043e-02 0.000000000000000000e+00 1.000000000000000000e+00 0.000000000000000000e+00 0.000000000000000000e+00 0.000000000000000000e+00
1.250000000000000000e+03 4.999997939188682849e-02 0.000000000000000000e+00 1.000000000000000000e+00 0.000000000000000000e+00 0.000000000000000000e+00 0.000000000000000000e+00
1.500000000000000000e+03 5.999997527026423860e-02 1.137915339098771066e-04 9.998862084660901095e-01 0.000000000000000000e+00 0.000000000000000000e+00 0.000000000000000000e+00
1.750000000000000000e+03 6.999997114864164871e-02 0.000000000000000000e+00 1.000000000000000000e+00 0.000000000000000000e+00 0.000000000000000000e+00 0.000000000000000000e+00
2.000000000000000000e+03 7.999996702701905882e-02 2.275830678197542133e-04 9.996586253982703285e-01 0.000000000000000000e+00 1.137915339098771066e-04 0.000000000000000000e+00
2.250000000000000000e+03 8.999996290539646893e-02 0.000000000000000000e+00 1.000000000000000000e+00 0.000000000000000000e+00 0.000000000000000000e+00 0.000000000000000000e+00
2.500000000000000000e+03 9.999995878377387903e-02 3.299954483386436255e-03 9.967000455166135087e-01 0.000000000000000000e+00 0.000000000000000000e+00 0.000000000000000000e+00
2.750000000000000000e+03 1.099999546621512891e-01 7.510241238051888930e-03 9.921483841602184439e-01 0.000000000000000000e+00 3.413746017296313199e-04 0.000000000000000000e+00
3.000000000000000000e+03 1.199999505405286992e-01 4.198907601274465273e-02 9.511834319526627501e-01 0.000000000000000000e+00 6.827492034592626616e-03 0.000000000000000000e+00
3.250000000000000000e+03 1.299999464189061094e-01 3.670914883932635542e-01 1.895766954938552518e-01 5.917159763313609329e-03 4.374146563495676099e-01 0.000000000000000000e+00
3.500000000000000000e+03 1.399999422972835195e-01 3.855257168866636497e-01 2.567137005006827621e-01 1.453117888029130667e-01 2.124487938097405493e-01 0.000000000000000000e+00
3.750000000000000000e+03 1.499999381756607075e-01 3.896222121074192080e-01 2.989303595812471404e-01 1.871870732817478289e-01 1.242603550295857950e-01 0.000000000000000000e+00
4.000000000000000000e+03 1.599999340540381176e-01 3.948566226672735602e-01 3.380746472462448637e-01 1.770596267637687682e-01 9.000910332271279402e-02 0.000000000000000000e+00
4.250000000000000000e+03 1.699999299324155277e-01 3.973600364132908735e-01 3.453573054164770229e-01 1.734182976786527164e-01 8.386436049157942885e-02 0.000000000000000000e+00
4.500000000000000000e+03 1.799999258107929379e-01 3.864360491579426626e-01 3.731224396904870289e-01 1.746700045516613453e-01 6.577150659990896320e-02 0.000000000000000000e+00
4.750000000000000000e+03 1.899999216891703480e-01 3.363677742375967283e-01 4.359353664087392000e-01 1.931042330450614408e-01 3.459262630860263782e-02 0.000000000000000000e+00
5.000000000000000000e+03 1.999999175675477581e-01 2.924442421483841592e-01 4.858898497951752438e-01 2.038006372325898985e-01 1.786527082385070547e-02 0.000000000000000000e+00
5.250000000000000000e+03 2.099999134459251682e-01 2.568274920345926526e-01 5.345926263086026031e-01 1.899180700955848955e-01 1.866181156121984527e-02 0.000000000000000000e+00
5.500000000000000000e+03 2.199999093243025783e-01 2.280382339553937154e-01 5.740782885753299425e-01 1.817250796540737234e-01 1.615839781520254925e-02 0.000000000000000000e+00
5.750000000000000000e+03 2.299999052026799884e-01 2.126763768775603025e-01 5.834091943559399640e-01 1.885525716886663761e-01 1.536185707783340945e-02 0.000000000000000000e+00
6.000000000000000000e+03 2.399999010810571765e-01 2.109695038689121394e-01 5.971779699590350488e-01 1.795630405097860816e-01 1.228948566226672687e-02 0.000000000000000000e+00
6.250000000000000000e+03 2.499998969594345866e-01 2.140418752844788219e-01 5.958124715521164738e-01 1.791078743741465751e-01 1.103777878925807886e-02 0.000000000000000000e+00
6.500000000000000000e+03 2.599998928378119967e-01 2.052799271734183084e-01 6.159535730541647602e-01 1.702321347291761433e-01 8.534365043240782836e-03 0.000000000000000000e+00
6.750000000000000000e+03 2.699998887161894068e-01 2.003868912152935722e-01 6.298361401911697355e-01 1.587391898042785632e-01 1.103777878925807886e-02 0.000000000000000000e+00
7.000000000000000000e+03 2.799998845945668169e-01 1.802457897132453413e-01 6.296085571233500655e-01 1.810423304506144637e-01 9.103322712790167665e-03 0.000000000000000000e+00
7.250000000000000000e+03 2.899998804729442270e-01 1.758079198907601393e-01 6.612426035502958488e-01 1.537323623122439642e-01 9.217114246700046018e-03 0.000000000000000000e+00
7.500000000000000000e+03 2.999998763513216371e-01 1.706873008648156498e-01 6.766044606281292895e-01 1.439462903959945472e-01 8.761948111060537808e-03 0.000000000000000000e+00
7.750000000000000000e+03 3.099998722296990472e-01 1.713700500682749095e-01 6.743286299499317016e-01 1.440600819299044100e-01 1.024123805188893906e-02 0.000000000000000000e+00
8.000000000000000000e+03 3.199998681080764573e-01 1.686390532544378706e-01 6.660218479745106945e-01 1.574874829312699065e-01 7.851615839781519654e-03 0.000000000000000000e+00
8.250000000000000000e+03 3.299998639864538674e-01 1.678425125170687204e-01 6.434911242603550408e-01 1.833181611288120239e-01 5.348202093764223633e-03 0.000000000000000000e+00
8.500000000000000000e+03 3.399998598648310555e-01 1.684114701866181174e-01 6.439462903959944917e-01 1.827492034592626269e-01 4.893035958124715423e-03 0.000000000000000000e+00
8.750000000000000000e+03 3.499998557432084656e-01 1.687528447883477334e-01 6.412152935821574529e-01 1.860491579426490627e-01 3.982703686845699004e-03 0.000000000000000000e+00
9.000000000000000000e+03 3.599998516215858757e-01 1.812699135184342170e-01 6.350705507510241432e-01 1.779699590350477811e-01 5.689576695493855224e-03 0.000000000000000000e+00
9.250000000000000000e+03 3.699998474999632858e-01 1.596495220755575761e-01 6.797906235776057793e-01 1.590805644060081792e-01 1.479289940828402332e-03 0.000000000000000000e+00
9.500000000000000000e+03 3.799998433783406959e-01 1.557806099226217433e-01 6.845698680018206250e-01 1.580564406008193035e-01 1.593081474738279385e-03 0.000000000000000000e+00
9.750000000000000000e+03 3.899998392567183281e-01 1.574874829312699065e-01 6.756941283568502765e-01 1.627218934911242587e-01 4.096495220755575623e-03 0.000000000000000000e+00
1.000000000000000000e+04 3.999998351350955161e-01 1.647701411015020379e-01 6.673873463814292695e-01 1.647701411015020379e-01 3.072371415566681717e-03 0.000000000000000000e+00
1.025000000000000000e+04 4.099998310134727042e-01 1.648839326354119283e-01 6.538461538461538547e-01 1.768320436959490149e-01 4.437869822485207214e-03 0.000000000000000000e+00
1.050000000000000000e+04 4.199998268918503364e-01 1.638598088302230249e-01 6.480427856167501055e-01 1.840009103322712836e-01 4.096495220755575623e-03 0.000000000000000000e+00
1.075000000000000000e+04 4.299998227702277465e-01 1.646563495675921751e-01 6.522530723714156098e-01 1.791078743741465751e-01 3.982703686845699004e-03 0.000000000000000000e+00
1.100000000000000000e+04 4.399998186486049345e-01 1.875284478834774726e-01 6.439462903959944917e-01 1.598771051433773294e-01 8.648156577150659455e-03 0.000000000000000000e+00
1.125000000000000000e+04 4.499998145269823446e-01 2.135867091488393155e-01 6.067364588074647402e-01 1.709148839326354030e-01 8.761948111060537808e-03 0.000000000000000000e+00
1.150000000000000000e+04 4.599998104053597547e-01 2.280382339553937154e-01 6.054847519344560558e-01 1.581702321347291662e-01 8.306781975421027864e-03 0.000000000000000000e+00
1.175000000000000000e+04 4.699998062837373869e-01 2.338416021847974646e-01 6.077605826126536437e-01 1.538461538461538547e-01 4.551661356395083832e-03 0.000000000000000000e+00
1.200000000000000000e+04 4.799998021621145750e-01 2.372553482020937632e-01 6.085571233500227661e-01 1.479289940828402428e-01 6.258534365043240920e-03 0.000000000000000000e+00
1.225000000000000000e+04 4.899997980404917630e-01 2.325898953117888079e-01 5.961538461538461453e-01 1.640873918980427781e-01 7.168866636322257339e-03 0.000000000000000000e+00
1.250000000000000000e+04 4.999997939188693952e-01 2.329312699135184239e-01 5.917159763313609711e-01 1.637460172963131622e-01 1.160673645880746542e-02 0.000000000000000000e+00
1.275000000000000000e+04 5.099997897972468053e-01 2.300864815657714946e-01 5.997951752389621971e-01 1.623805188893946427e-01 7.737824305871643035e-03 0.000000000000000000e+00
1.300000000000000000e+04 5.199997856756242154e-01 2.113108784706417831e-01 6.302913063268092975e-01 1.504324078288575284e-01 7.965407373691398007e-03 0.000000000000000000e+00
1.325000000000000000e+04 5.299997815540014034e-01 2.105143377332726329e-01 6.250568957669548897e-01 1.565771506599908935e-01 7.851615839781519654e-03 0.000000000000000000e+00
1.350000000000000000e+04 5.399997774323788136e-01 2.138142922166590687e-01 6.244879380974055483e-01 1.543013199817933612e-01 7.396449704142011444e-03 0.000000000000000000e+00
1.375000000000000000e+04 5.499997733107564457e-01 2.077833409194355940e-01 6.537323623122439642e-01 1.341602184797451025e-01 4.324078288575329727e-03 0.000000000000000000e+00
1.400000000000000000e+04 5.599997691891336338e-01 2.047109695038689114e-01 6.557806099226217711e-01 1.327947200728265831e-01 6.713700500682749130e-03 0.000000000000000000e+00
1.425000000000000000e+04 5.699997650675108218e-01 2.000455166135639562e-01 6.385980883022303045e-01 1.565771506599908935e-01 4.779244424214838804e-03 0.000000000000000000e+00
1.450000000000000000e+04 5.799997609458884540e-01 1.888939462903959920e-01 6.490669094219390090e-01 1.566909421939007840e-01 5.348202093764223633e-03 0.000000000000000000e+00
1.475000000000000000e+04 5.899997568242658641e-01 1.859353664087392000e-01 6.432635411925352598e-01 1.685252617205279801e-01 2.275830678197541916e-03 0.000000000000000000e+00
1.500000000000000000e+04 5.999997527026432742e-01 1.883249886208466228e-01 6.357532999544833752e-01 1.721665908056440597e-01 3.755120619025944465e-03 0.000000000000000000e+00
1.525000000000000000e+04 6.099997485810204623e-01 1.915111515703231682e-01 6.335912608101956778e-01 1.706873008648156498e-01 4.210286754665453109e-03 0.000000000000000000e+00
1.550000000000000000e+04 6.199997444593978724e-01 1.972007282658170269e-01 6.205052344105598250e-01 1.769458352298589054e-01 5.348202093764223633e-03 0.000000000000000000e+00
1.575000000000000000e+04 6.299997403377755045e-01 2.106281292671825234e-01 6.050295857988166048e-01 1.794492489758761911e-01 4.893035958124715423e-03 0.000000000000000000e+00
1.600000000000000000e+04 6.399997362161526926e-01 2.213245334547109811e-01 5.629267182521620061e-01 2.110832954028220299e-01 4.665452890304961318e-03 0.000000000000000000e+00
1.625000000000000000e+04 6.499997320945298807e-01 2.179107874374146547e-01 5.527992717341829731e-01 2.239417387346381294e-01 5.348202093764223633e-03 0.000000000000000000e+00
1.650000000000000000e+04 6.599997279729075128e-01 2.226900318616295005e-01 5.545061447428311086e-01 2.185935366408739144e-01 4.210286754665453109e-03 0.000000000000000000e+00
1.675000000000000000e+04 6.699997238512851450e-01 2.181383705052344080e-01 5.762403277196176399e-01 2.010696404187528319e-01 4.551661356395083832e-03 0.000000000000000000e+00
1.700000000000000000e+04 6.799997197296623330e-01 2.132453345471096995e-01 5.630405097860718966e-01 2.185935366408739144e-01 5.120619025944469528e-03 0.000000000000000000e+00
1.725000000000000000e+04 6.899997156080395211e-01 2.111970869367319203e-01 5.619025944469731026e-01 2.218934911242603503e-01 5.006827492034592909e-03 0.000000000000000000e+00
1.750000000000000000e+04 6.999997114864171532e-01 2.197314519799726806e-01 5.563268092853891345e-01 2.183659535730541612e-01 5.575785161583977738e-03 0.000000000000000000e+00
1.775000000000000000e+04 7.099997073647945633e-01 2.176832043695949015e-01 6.289258079198907225e-01 1.470186618115612298e-01 6.372325898953117539e-03 0.000000000000000000e+00
1.800000000000000000e+04 7.199997032431717514e-01 2.085798816568047442e-01 6.774010013654984119e-01 1.042330450614474269e-01 9.786071916249430847e-03 0.000000000000000000e+00
1.825000000000000000e+04 7.299996991215491615e-01 1.976558944014565333e-01 7.146108329540282744e-01 8.420573509330905870e-02 3.527537551206190360e-03 0.000000000000000000e+00
1.850000000000000000e+04 7.399996949999265716e-01 1.967455621301775204e-01 7.075557578516158408e-01 9.137460172963131344e-02 4.324078288575329727e-03 0.000000000000000000e+00
1.875000000000000000e+04 7.499996908783042038e-01 1.959490213928083702e-01 7.115384615384615641e-01 8.739189804278561791e-02 5.120619025944469528e-03 0.000000000000000000e+00
1.900000000000000000e+04 7.599996867566813918e-01 1.965179790623577671e-01 7.133591260810195900e-01 8.511606736458807165e-02 5.006827492034592909e-03 0.000000000000000000e+00
1.925000000000000000e+04 7.699996826350585799e-01 2.026627218934911323e-01 6.909421939007738267e-01 9.979517523896222486e-02 6.599908966772872511e-03 0.000000000000000000e+00
1.950000000000000000e+04 7.799996785134362121e-01 2.150659990896677254e-01 6.425807919890760278e-01 1.310878470641784199e-01 1.126536185707783383e-02 0.000000000000000000e+00
1.975000000000000000e+04 7.899996743918136222e-01 2.259899863450159363e-01 6.091260810195721076e-01 1.527082385070550885e-01 1.217569412835685025e-02 0.000000000000000000e+00
2.000000000000000000e+04 7.999996702701910323e-01 2.386208466090122826e-01 5.991124260355029651e-01 1.529358215748748417e-01 9.330905780609922637e-03 0.000000000000000000e+00
2.025000000000000000e+04 8.099996661485682203e-01 2.371415566681839004e-01 5.979745106964041712e-01 1.554392353208921274e-01 9.444697314519799256e-03 0.000000000000000000e+00
2.050000000000000000e+04 8.199996620269456304e-01 2.502275830678197810e-01 5.894401456531633832e-01 1.537323623122439642e-01 6.599908966772872511e-03 0.000000000000000000e+00
2.075000000000000000e+04 8.299996579053232626e-01 2.486345015930814806e-01 6.008192990441511006e-01 1.444014565316340537e-01 6.144742831133363434e-03 0.000000000000000000e+00
2.100000000000000000e+04 8.399996537837004507e-01 2.520482476103778069e-01 5.979745106964041712e-01 1.434911242603550408e-01 6.486117432862995025e-03 0.000000000000000000e+00
2.125000000000000000e+04 8.499996496620776387e-01 2.523896222121074229e-01 5.865953573054164538e-01 1.531634046426945950e-01 7.851615839781519654e-03 0.000000000000000000e+00
2.150000000000000000e+04 8.599996455404552709e-01 2.519344560764679164e-01 5.669094219390077294e-01 1.735320892125625791e-01 7.624032771961766417e-03 0.000000000000000000e+00
2.175000000000000000e+04 8.699996414188329030e-01 2.494310423304506030e-01 5.615612198452435422e-01 1.808147473827947105e-01 8.192990441511151245e-03 0.000000000000000000e+00
2.200000000000000000e+04 8.799996372972100911e-01 2.592171142467000200e-01 5.405097860719162428e-01 1.913973600364132777e-01 8.875739644970414427e-03 0.000000000000000000e+00
2.225000000000000000e+04 8.899996331755872792e-01 2.616067364588074429e-01 5.424442421483841592e-01 1.871870732817478289e-01 8.761948111060537808e-03 0.000000000000000000e+00
2.250000000000000000e+04 8.999996290539649113e-01 2.686618115612198210e-01 5.217341829767865313e-01 2.010696404187528319e-01 8.534365043240782836e-03 0.000000000000000000e+00
2.275000000000000000e+04 9.099996249323423214e-01 2.712790168411470249e-01 5.209376422394174089e-01 1.973145197997268896e-01 1.046882111970869403e-02 0.000000000000000000e+00
2.300000000000000000e+04 9.199996208107195095e-01 2.757168866636321991e-01 5.139963586709148657e-01 1.989076012744651900e-01 1.137915339098771045e-02 0.000000000000000000e+00
2.325000000000000000e+04 9.299996166890969196e-01 2.784478834774692935e-01 4.946517979062357573e-01 2.155211652253072319e-01 1.137915339098771045e-02 0.000000000000000000e+00
2.350000000000000000e+04 9.399996125674743297e-01 2.820892125625853453e-01 4.664314974965862448e-01 2.316795630405097950e-01 1.979972690031861493e-02 0.000000000000000000e+00
2.375000000000000000e+04 9.499996084458519618e-01 2.777651342740100060e-01 4.821347291761493015e-01 2.249658625398270329e-01 1.513427401001365448e-02 0.000000000000000000e+00
2.400000000000000000e+04 9.599996043242291499e-01 2.765134274010013771e-01 4.889622212107418986e-01 2.208693673190714746e-01 1.365498406918525323e-02 0.000000000000000000e+00
2.425000000000000000e+04 9.699996002026063380e-01 2.668411470186617951e-01 5.070550751024124336e-01 2.117660446062812896e-01 1.433773327264451468e-02 0.000000000000000000e+00
2.450000000000000000e+04 9.799995960809839701e-01 2.695721438324988894e-01 5.336822940373235902e-01 1.841147018661811463e-01 1.263086026399635846e-02 0.000000000000000000e+00
2.475000000000000000e+04 9.899995919593613802e-01 2.651342740100136597e-01 5.271961766044606090e-01 1.950386891215293572e-01 1.263086026399635846e-02 0.000000000000000000e+00
2.500000000000000000e+04 9.999995878377385683e-01 2.628584433318161273e-01 5.217341829767865313e-01 2.048247610377788019e-01 1.058261265361857065e-02 0.000000000000000000e+00
