# itime ezz other fcc hcp bcc ico
0.000000000000000000e+00 0.000000000000000000e+00 0.000000000000000000e+00 1.000000000000000000e+00 0.000000000000000000e+00 0.000000000000000000e+00 0.000000000000000000e+00
2.500000000000000000e+01 9.999768866331137929e-04 0.000000000000000000e+00 1.000000000000000000e+00 0.000000000000000000e+00 0.000000000000000000e+00 0.000000000000000000e+00
5.000000000000000000e+01 1.999953773266005541e-03 0.000000000000000000e+00 1.000000000000000000e+00 0.000000000000000000e+00 0.000000000000000000e+00 0.000000000000000000e+00
7.500000000000000000e+01 2.999930659899119334e-03 0.000000000000000000e+00 1.000000000000000000e+00 0.000000000000000000e+00 0.000000000000000000e+00 0.000000000000000000e+00
1.000000000000000000e+02 3.999907546532233127e-03 0.000000000000000000e+00 1.000000000000000000e+00 0.000000000000000000e+00 0.000000000000000000e+00 0.000000000000000000e+00
1.250000000000000000e+02 4.999884433165124875e-03 0.000000000000000000e+00 1.000000000000000000e+00 0.000000000000000000e+00 0.000000000000000000e+00 0.000000000000000000e+00
1.500000000000000000e+02 5.999861319798238668e-03 0.000000000000000000e+00 1.000000000000000000e+00 0.000000000000000000e+00 0.000000000000000000e+00 0.000000000000000000e+00
1.750000000000000000e+02 6.999838206431352461e-03 0.000000000000000000e+00 1.000000000000000000e+00 0.000000000000000000e+00 0.000000000000000000e+00 0.000000000000000000e+00
2.000000000000000000e+02 7.999815093064244209e-03 0.000000000000000000e+00 1.000000000000000000e+00 0.000000000000000000e+00 0.000000000000000000e+00 0.000000000000000000e+00
2.250000000000000000e+02 8.999791979697358002e-03 0.000000000000000000e+00 1.000000000000000000e+00 0.000000000000000000e+00 0.000000000000000000e+00 0.000000000000000000e+00
2.500000000000000000e+02 9.999768866330471795e-03 0.000000000000000000e+00 1.000000000000000000e+00 0.000000000000000000e+00 0.000000000000000000e+00 0.000000000000000000e+00
2.750000000000000000e+02 1.099974575296358559e-02 0.000000000000000000e+00 1.000000000000000000e+00 0.000000000000000000e+00 0.000000000000000000e+00 0.000000000000000000e+00
3.000000000000000000e+02 1.199972263959647734e-02 0.000000000000000000e+00 1.000000000000000000e+00 0.000000000000000000e+00 0.000000000000000000e+00 0.000000000000000000e+00
3.250000000000000000e+02 1.299969952622959113e-02 0.000000000000000000e+00 1.000000000000000000e+00 0.000000000000000000e+00 0.000000000000000000e+00 0.000000000000000000e+00
3.500000000000000000e+02 1.399967641286270492e-02 0.000000000000000000e+00 1.000000000000000000e+00 0.000000000000000000e+00 0.000000000000000000e+00 0.000000000000000000e+00
3.750000000000000000e+02 1.499965329949559667e-02 0.000000000000000000e+00 1.000000000000000000e+00 0.000000000000000000e+00 0.000000000000000000e+00 0.000000000000000000e+00
4.000000000000000000e+02 1.599963018612871046e-02 0.000000000000000000e+00 1.000000000000000000e+00 0.000000000000000000e+00 0.000000000000000000e+00 0.000000000000000000e+00
4.250000000000000000e+02 1.699960707276182426e-02 0.000000000000000000e+00 1.000000000000000000e+00 0.000000000000000000e+00 0.000000000000000000e+00 0.000000000000000000e+00
4.500000000000000000e+02 1.799958395939471600e-02 0.000000000000000000e+00 1.000000000000000000e+00 0.000000000000000000e+00 0.000000000000000000e+00 0.000000000000000000e+00
4.750000000000000000e+02 1.899956084602782980e-02 0.000000000000000000e+00 1.000000000000000000e+00 0.000000000000000000e+00 0.000000000000000000e+00 0.000000000000000000e+00
5.000000000000000000e+02 1.999953773266094359e-02 0.000000000000000000e+00 1.000000000000000000e+00 0.000000000000000000e+00 0.000000000000000000e+00 0.000000000000000000e+00
5.250000000000000000e+02 2.099951461929383534e-02 0.000000000000000000e+00 1.000000000000000000e+00 0.000000000000000000e+00 0.000000000000000000e+00 0.000000000000000000e+00
5.500000000000000000e+02 2.199949150592694913e-02 0.000000000000000000e+00 1.000000000000000000e+00 0.000000000000000000e+00 0.000000000000000000e+00 0.000000000000000000e+00
5.750000000000000000e+02 2.299946839256006292e-02 0.000000000000000000e+00 1.000000000000000000e+00 0.000000000000000000e+00 0.000000000000000000e+00 0.000000000000000000e+00
6.000000000000000000e+02 2.399944527919295467e-02 0.000000000000000000e+00 1.000000000000000000e+00 0.000000000000000000e+00 0.000000000000000000e+00 0.000000000000000000e+00
6.250000000000000000e+02 2.499942216582606846e-02 0.000000000000000000e+00 1.000000000000000000e+00 0.000000000000000000e+00 0.000000000000000000e+00 0.000000000000000000e+00
6.500000000000000000e+02 2.599939905245918226e-02 0.000000000000000000e+00 1.000000000000000000e+00 0.000000000000000000e+00 0.000000000000000000e+00 0.000000000000000000e+00
6.750000000000000000e+02 2.699937593909207401e-02 0.000000000000000000e+00 1.000000000000000000e+00 0.000000000000000000e+00 0.000000000000000000e+00 0.000000000000000000e+00
7.000000000000000000e+02 2.799935282572518780e-02 0.000000000000000000e+00 1.000000000000000000e+00 0.000000000000000000e+00 0.000000000000000000e+00 0.000000000000000000e+00
7.250000000000000000e+02 2.899932971235830159e-02 0.000000000000000000e+00 1.000000000000000000e+00 0.000000000000000000e+00 0.000000000000000000e+00 0.000000000000000000e+00
7.500000000000000000e+02 2.999930659899119334e-02 0.000000000000000000e+00 1.000000000000000000e+00 0.000000000000000000e+00 0.000000000000000000e+00 0.000000000000000000e+00
7.750000000000000000e+02 3.099928348562430713e-02 0.000000000000000000e+00 1.000000000000000000e+00 0.000000000000000000e+00 0.000000000000000000e+00 0.000000000000000000e+00
8.000000000000000000e+02 3.199926037225742093e-02 0.000000000000000000e+00 1.000000000000000000e+00 0.000000000000000000e+00 0.000000000000000000e+00 0.000000000000000000e+00
8.250000000000000000e+02 3.299923725889053472e-02 0.000000000000000000e+00 1.000000000000000000e+00 0.000000000000000000e+00 0.000000000000000000e+00 0.000000000000000000e+00
8.500000000000000000e+02 3.399921414552342647e-02 0.000000000000000000e+00 1.000000000000000000e+00 0.000000000000000000e+00 0.000000000000000000e+00 0.000000000000000000e+00
8.750000000000000000e+02 3.499919103215654026e-02 0.000000000000000000e+00 1.000000000000000000e+00 0.000000000000000000e+00 0.000000000000000000e+00 0.000000000000000000e+00
9.000000000000000000e+02 3.599916791878965405e-02 0.000000000000000000e+00 1.000000000000000000e+00 0.000000000000000000e+00 0.000000000000000000e+00 0.000000000000000000e+00
9.250000000000000000e+02 3.699914480542254580e-02 0.000000000000000000e+00 1.000000000000000000e+00 0.000000000000000000e+00 0.000000000000000000e+00 0.000000000000000000e+00
9.500000000000000000e+02 3.799912169205565959e-02 0.000000000000000000e+00 1.000000000000000000e+00 0.000000000000000000e+00 0.000000000000000000e+00 0.000000000000000000e+00
9.750000000000000000e+02 3.899909857868877339e-02 0.000000000000000000e+00 1.000000000000000000e+00 0.000000000000000000e+00 0.000000000000000000e+00 0.000000000000000000e+00
1.000000000000000000e+03 3.999907546532166513e-02 0.000000000000000000e+00 1.000000000000000000e+00 0.000000000000000000e+00 0.000000000000000000e+00 0.000000000000000000e+00
1.025000000000000000e+03 4.099905235195477893e-02 0.000000000000000000e+00 1.000000000000000000e+00 0.000000000000000000e+00 0.000000000000000000e+00 0.000000000000000000e+00
1.050000000000000000e+03 4.199902923858789272e-02 0.000000000000000000e+00 1.000000000000000000e+00 0.000000000000000000e+00 0.000000000000000000e+00 0.000000000000000000e+00
1.075000000000000000e+03 4.299900612522078447e-02 0.000000000000000000e+00 1.000000000000000000e+00 0.000000000000000000e+00 0.000000000000000000e+00 0.000000000000000000e+00
1.100000000000000000e+03 4.399898301185389826e-02 0.000000000000000000e+00 1.000000000000000000e+00 0.000000000000000000e+00 0.000000000000000000e+00 0.000000000000000000e+00
1.125000000000000000e+03 4.499895989848701205e-02 0.000000000000000000e+00 1.000000000000000000e+00 0.000000000000000000e+00 0.000000000000000000e+00 0.000000000000000000e+00
1.150000000000000000e+03 4.599893678511990380e-02 0.000000000000000000e+00 1.000000000000000000e+00 0.000000000000000000e+00 0.000000000000000000e+00 0.000000000000000000e+00
1.175000000000000000e+03 4.699891367175301760e-02 0.000000000000000000e+00 1.000000000000000000e+00 0.000000000000000000e+00 0.000000000000000000e+00 0.000000000000000000e+00
1.200000000000000000e+03 4.799889055838613139e-02 0.000000000000000000e+00 1.000000000000000000e+00 0.000000000000000000e+00 0.000000000000000000e+00 0.000000000000000000e+00
1.225000000000000000e+03 4.899886744501902314e-02 0.000000000000000000e+00 1.000000000000000000e+00 0.000000000000000000e+00 0.000000000000000000e+00 0.000000000000000000e+00
1.250000000000000000e+03 4.999884433165213693e-02 0.000000000000000000e+00 1.000000000000000000e+00 0.000000000000000000e+00 0.000000000000000000e+00 0.000000000000000000e+00
1.275000000000000000e+03 5.099882121828525072e-02 0.000000000000000000e+00 1.000000000000000000e+00 0.000000000000000000e+00 0.000000000000000000e+00 0.000000000000000000e+00
1.300000000000000000e+03 5.199879810491814247e-02 0.000000000000000000e+00 1.000000000000000000e+00 0.000000000000000000e+00 0.000000000000000000e+00 0.000000000000000000e+00
1.325000000000000000e+03 5.299877499155125626e-02 0.000000000000000000e+00 1.000000000000000000e+00 0.000000000000000000e+00 0.000000000000000000e+00 0.000000000000000000e+00
1.350000000000000000e+03 5.399875187818437006e-02 0.000000000000000000e+00 1.000000000000000000e+00 0.000000000000000000e+00 0.000000000000000000e+00 0.000000000000000000e+00
1.375000000000000000e+03 5.499872876481748385e-02 0.000000000000000000e+00 1.000000000000000000e+00 0.000000000000000000e+00 0.000000000000000000e+00 0.000000000000000000e+00
1.400000000000000000e+03 5.599870565145037560e-02 0.000000000000000000e+00 1.000000000000000000e+00 0.000000000000000000e+00 0.000000000000000000e+00 0.000000000000000000e+00
1.425000000000000000e+03 5.699868253808348939e-02 2.275830678197542133e-04 9.997724169321802190e-01 0.000000000000000000e+00 0.000000000000000000e+00 0.000000000000000000e+00
1.450000000000000000e+03 5.799865942471660318e-02 0.000000000000000000e+00 1.000000000000000000e+00 0.000000000000000000e+00 0.000000000000000000e+00 0.000000000000000000e+00
1.475000000000000000e+03 5.899863631134949493e-02 0.000000000000000000e+00 1.000000000000000000e+00 0.000000000000000000e+00 0.000000000000000000e+00 0.000000000000000000e+00
1.500000000000000000e+03 5.999861319798260872e-02 0.000000000000000000e+00 1.000000000000000000e+00 0.000000000000000000e+00 0.000000000000000000e+00 0.000000000000000000e+00
1.525000000000000000e+03 6.099859008461572252e-02 0.000000000000000000e+00 1.000000000000000000e+00 0.000000000000000000e+00 0.000000000000000000e+00 0.000000000000000000e+00
1.550000000000000000e+03 6.199856697124861427e-02 0.000000000000000000e+00 1.000000000000000000e+00 0.000000000000000000e+00 0.000000000000000000e+00 0.000000000000000000e+00
1.575000000000000000e+03 6.299854385788172806e-02 0.000000000000000000e+00 1.000000000000000000e+00 0.000000000000000000e+00 0.000000000000000000e+00 0.000000000000000000e+00
1.600000000000000000e+03 6.399852074451484185e-02 0.000000000000000000e+00 1.000000000000000000e+00 0.000000000000000000e+00 0.000000000000000000e+00 0.000000000000000000e+00
1.625000000000000000e+03 6.499849763114773360e-02 0.000000000000000000e+00 1.000000000000000000e+00 0.000000000000000000e+00 0.000000000000000000e+00 0.000000000000000000e+00
1.650000000000000000e+03 6.599847451778084739e-02 0.000000000000000000e+00 1.000000000000000000e+00 0.000000000000000000e+00 0.000000000000000000e+00 0.000000000000000000e+00
1.675000000000000000e+03 6.699845140441396119e-02 0.000000000000000000e+00 1.000000000000000000e+00 0.000000000000000000e+00 0.000000000000000000e+00 0.000000000000000000e+00
1.700000000000000000e+03 6.799842829104685293e-02 0.000000000000000000e+00 1.000000000000000000e+00 0.000000000000000000e+00 0.000000000000000000e+00 0.000000000000000000e+00
1.725000000000000000e+03 6.899840517767996673e-02 0.000000000000000000e+00 1.000000000000000000e+00 0.000000000000000000e+00 0.000000000000000000e+00 0.000000000000000000e+00
1.750000000000000000e+03 6.999838206431308052e-02 0.000000000000000000e+00 1.000000000000000000e+00 0.000000000000000000e+00 0.000000000000000000e+00 0.000000000000000000e+00
1.775000000000000000e+03 7.099835895094597227e-02 0.000000000000000000e+00 1.000000000000000000e+00 0.000000000000000000e+00 0.000000000000000000e+00 0.000000000000000000e+00
1.800000000000000000e+03 7.199833583757908606e-02 0.000000000000000000e+00 1.000000000000000000e+00 0.000000000000000000e+00 0.000000000000000000e+00 0.000000000000000000e+00
1.825000000000000000e+03 7.299831272421219985e-02 0.000000000000000000e+00 1.000000000000000000e+00 0.000000000000000000e+00 0.000000000000000000e+00 0.000000000000000000e+00
1.850000000000000000e+03 7.399828961084531365e-02 3.413746017296313199e-04 9.996586253982703285e-01 0.000000000000000000e+00 0.000000000000000000e+00 0.000000000000000000e+00
1.875000000000000000e+03 7.499826649747820539e-02 0.000000000000000000e+00 1.000000000000000000e+00 0.000000000000000000e+00 0.000000000000000000e+00 0.000000000000000000e+00
1.900000000000000000e+03 7.599824338411131919e-02 4.551661356395084266e-04 9.995448338643604380e-01 0.000000000000000000e+00 0.000000000000000000e+00 0.000000000000000000e+00
1.925000000000000000e+03 7.699822027074443298e-02 0.000000000000000000e+00 1.000000000000000000e+00 0.000000000000000000e+00 0.000000000000000000e+00 0.000000000000000000e+00
1.950000000000000000e+03 7.799819715737732473e-02 0.000000000000000000e+00 1.000000000000000000e+00 0.000000000000000000e+00 0.000000000000000000e+00 0.000000000000000000e+00
1.975000000000000000e+03 7.899817404401043852e-02 1.137915339098771066e-04 9.998862084660901095e-01 0.000000000000000000e+00 0.000000000000000000e+00 0.000000000000000000e+00
2.000000000000000000e+03 7.999815093064355231e-02 3.413746017296313199e-04 9.995448338643604380e-01 0.000000000000000000e+00 1.137915339098771066e-04 0.000000000000000000e+00
2.025000000000000000e+03 8.099812781727644406e-02 0.000000000000000000e+00 1.000000000000000000e+00 0.000000000000000000e+00 0.000000000000000000e+00 0.000000000000000000e+00
2.050000000000000000e+03 8.199810470390955786e-02 1.137915339098771066e-04 9.998862084660901095e-01 0.000000000000000000e+00 0.000000000000000000e+00 0.000000000000000000e+00
2.075000000000000000e+03 8.299808159054267165e-02 1.024123805188893906e-03 9.989758761948110966e-01 0.000000000000000000e+00 0.000000000000000000e+00 0.000000000000000000e+00
2.100000000000000000e+03 8.399805847717556340e-02 3.413746017296313199e-04 9.996586253982703285e-01 0.000000000000000000e+00 0.000000000000000000e+00 0.000000000000000000e+00
2.125000000000000000e+03 8.499803536380867719e-02 6.827492034592626399e-04 9.993172507965407680e-01 0.000000000000000000e+00 0.000000000000000000e+00 0.000000000000000000e+00
2.150000000000000000e+03 8.599801225044179098e-02 0.000000000000000000e+00 1.000000000000000000e+00 0.000000000000000000e+00 0.000000000000000000e+00 0.000000000000000000e+00
2.175000000000000000e+03 8.699798913707468273e-02 3.413746017296313199e-04 9.996586253982703285e-01 0.000000000000000000e+00 0.000000000000000000e+00 0.000000000000000000e+00
2.200000000000000000e+03 8.799796602370779652e-02 3.413746017296313199e-04 9.996586253982703285e-01 0.000000000000000000e+00 0.000000000000000000e+00 0.000000000000000000e+00
2.225000000000000000e+03 8.899794291034091032e-02 1.479289940828402332e-03 9.984069185252617551e-01 0.000000000000000000e+00 1.137915339098771066e-04 0.000000000000000000e+00
2.250000000000000000e+03 8.999791979697380206e-02 1.137915339098771066e-04 9.998862084660901095e-01 0.000000000000000000e+00 0.000000000000000000e+00 0.000000000000000000e+00
2.275000000000000000e+03 9.099789668360691586e-02 2.275830678197542133e-04 9.997724169321802190e-01 0.000000000000000000e+00 0.000000000000000000e+00 0.000000000000000000e+00
2.300000000000000000e+03 9.199787357024002965e-02 3.413746017296313199e-04 9.996586253982703285e-01 0.000000000000000000e+00 0.000000000000000000e+00 0.000000000000000000e+00
2.325000000000000000e+03 9.299785045687292140e-02 1.251706873008648227e-03 9.986345015930814251e-01 0.000000000000000000e+00 1.137915339098771066e-04 0.000000000000000000e+00
2.350000000000000000e+03 9.399782734350603519e-02 4.551661356395084266e-04 9.995448338643604380e-01 0.000000000000000000e+00 0.000000000000000000e+00 0.000000000000000000e+00
2.375000000000000000e+03 9.499780423013914898e-02 9.103322712790168532e-04 9.990896677287209870e-01 0.000000000000000000e+00 0.000000000000000000e+00 0.000000000000000000e+00
2.400000000000000000e+03 9.599778111677226278e-02 2.275830678197541916e-03 9.974965862539827421e-01 0.000000000000000000e+00 2.275830678197542133e-04 0.000000000000000000e+00
2.425000000000000000e+03 9.699775800340515453e-02 2.162039144287664864e-03 9.978379608557123026e-01 0.000000000000000000e+00 0.000000000000000000e+00 0.000000000000000000e+00
2.450000000000000000e+03 9.799773489003826832e-02 1.934456076467910759e-03 9.980655439235320836e-01 0.000000000000000000e+00 0.000000000000000000e+00 0.000000000000000000e+00
2.475000000000000000e+03 9.899771177667138211e-02 2.275830678197542133e-04 9.997724169321802190e-01 0.000000000000000000e+00 0.000000000000000000e+00 0.000000000000000000e+00
2.500000000000000000e+03 9.999768866330427386e-02 1.251706873008648227e-03 9.985207100591716456e-01 0.000000000000000000e+00 2.275830678197542133e-04 0.000000000000000000e+00
2.525000000000000000e+03 1.009976655499373877e-01 5.120619025944469528e-03 9.948793809740554828e-01 0.000000000000000000e+00 0.000000000000000000e+00 0.000000000000000000e+00
2.550000000000000000e+03 1.019976424365705014e-01 1.137915339098770958e-03 9.988620846609012061e-01 0.000000000000000000e+00 0.000000000000000000e+00 0.000000000000000000e+00
2.575000000000000000e+03 1.029976193232033932e-01 4.665452890304961318e-03 9.948793809740554828e-01 0.000000000000000000e+00 4.551661356395084266e-04 0.000000000000000000e+00
2.600000000000000000e+03 1.039975962098365070e-01 5.234410559854347014e-03 9.947655894401457033e-01 0.000000000000000000e+00 0.000000000000000000e+00 0.000000000000000000e+00
2.625000000000000000e+03 1.049975730964696208e-01 5.120619025944469528e-03 9.946517979062358128e-01 0.000000000000000000e+00 2.275830678197542133e-04 0.000000000000000000e+00
2.650000000000000000e+03 1.059975499831025125e-01 4.665452890304961318e-03 9.951069640418752638e-01 0.000000000000000000e+00 2.275830678197542133e-04 0.000000000000000000e+00
2.675000000000000000e+03 1.069975268697356263e-01 4.096495220755575623e-03 9.957897132453344957e-01 0.000000000000000000e+00 1.137915339098771066e-04 0.000000000000000000e+00
2.700000000000000000e+03 1.079975037563687401e-01 5.689576695493855224e-03 9.938552571688666903e-01 0.000000000000000000e+00 4.551661356395084266e-04 0.000000000000000000e+00
2.725000000000000000e+03 1.089974806430016319e-01 3.186162949476558769e-03 9.968138370505233992e-01 0.000000000000000000e+00 0.000000000000000000e+00 0.000000000000000000e+00
2.750000000000000000e+03 1.099974575296347457e-01 3.982703686845699004e-03 9.959035047792443862e-01 0.000000000000000000e+00 1.137915339098771066e-04 0.000000000000000000e+00
2.775000000000000000e+03 1.109974344162678594e-01 9.217114246700046018e-03 9.903277196176604180e-01 0.000000000000000000e+00 4.551661356395084266e-04 0.000000000000000000e+00
2.800000000000000000e+03 1.119974113029007512e-01 1.240327719617660522e-02 9.868001820664542567e-01 0.000000000000000000e+00 7.965407373691396923e-04 0.000000000000000000e+00
2.825000000000000000e+03 1.129973881895338650e-01 1.160673645880746542e-02 9.880518889394629412e-01 0.000000000000000000e+00 3.413746017296313199e-04 0.000000000000000000e+00
2.850000000000000000e+03 1.139973650761669788e-01 1.422394173873463806e-02 9.842967683204369989e-01 0.000000000000000000e+00 1.479289940828402332e-03 0.000000000000000000e+00
2.875000000000000000e+03 1.149973419627998705e-01 1.877560309512972189e-02 9.803140646335912756e-01 0.000000000000000000e+00 9.103322712790168532e-04 0.000000000000000000e+00
2.900000000000000000e+03 1.159973188494329843e-01 1.513427401001365448e-02 9.837278106508875464e-01 0.000000000000000000e+00 1.137915339098770958e-03 0.000000000000000000e+00
2.925000000000000000e+03 1.169972957360660981e-01 2.662721893491124328e-02 9.704142011834319126e-01 0.000000000000000000e+00 2.958579881656804664e-03 0.000000000000000000e+00
2.950000000000000000e+03 1.179972726226992119e-01 3.288575329995448160e-02 9.598315885298134287e-01 0.000000000000000000e+00 7.282658170232134826e-03 0.000000000000000000e+00
2.975000000000000000e+03 1.189972495093321037e-01 4.654073736913973830e-02 9.371870732817478844e-01 0.000000000000000000e+00 1.627218934911242587e-02 0.000000000000000000e+00
3.000000000000000000e+03 1.199972263959652174e-01 8.022303140646336317e-02 8.744879380974055483e-01 0.000000000000000000e+00 4.528903049613108855e-02 0.000000000000000000e+00
3.025000000000000000e+03 1.209972032825983312e-01 1.302913063268092975e-01 7.465862539827037292e-01 0.000000000000000000e+00 1.231224396904870289e-01 0.000000000000000000e+00
3.050000000000000000e+03 1.219971801692312230e-01 1.983386436049157930e-01 5.515475648611742887e-01 0.000000000000000000e+00 2.501137915339098905e-01 0.000000000000000000e+00
3.075000000000000000e+03 1.229971570558643368e-01 3.014337733272644537e-01 3.203231679563040557e-01 1.137915339098771066e-04 3.781292671825216001e-01 0.000000000000000000e+00
3.100000000000000000e+03 1.239971339424974506e-01 3.598088302230313951e-01 1.883249886208466228e-01 4.551661356395084266e-04 4.514110150204824756e-01 0.000000000000000000e+00
3.125000000000000000e+03 1.249971108291303423e-01 3.875739644970414011e-01 1.261948111060537114e-01 3.413746017296313199e-04 4.858898497951752438e-01 0.000000000000000000e+00
3.150000000000000000e+03 1.259970877157634561e-01 3.643604915794265153e-01 1.345015930814747462e-01 7.965407373691396923e-04 5.003413746017296715e-01 0.000000000000000000e+00
3.175000000000000000e+03 1.269970646023965699e-01 3.381884387801547542e-01 1.687528447883477334e-01 1.137915339098770958e-03 4.919208010923987184e-01 0.000000000000000000e+00
3.200000000000000000e+03 1.279970414890294617e-01 3.553709604005462208e-01 1.829767865270823801e-01 3.413746017296313199e-04 4.613108784706417831e-01 0.000000000000000000e+00
3.225000000000000000e+03 1.289970183756625755e-01 3.813154301319982009e-01 1.725079654073737034e-01 4.551661356395083832e-03 4.416249431042330587e-01 0.000000000000000000e+00
3.250000000000000000e+03 1.299969952622956892e-01 4.164770141101502010e-01 1.547564861174328676e-01 2.036868456986800149e-02 4.083978152025489194e-01 0.000000000000000000e+00
3.275000000000000000e+03 1.309969721489285810e-01 4.200045516613564178e-01 1.488393263541192557e-01 4.688211197086936816e-02 3.842740100136549652e-01 0.000000000000000000e+00
3.300000000000000000e+03 1.319969490355616948e-01 4.343422849340008995e-01 1.397360036413290985e-01 7.385070550751024476e-02 3.520710059171597850e-01 0.000000000000000000e+00
3.325000000000000000e+03 1.329969259221948086e-01 4.569868001820664438e-01 1.335912608101957333e-01 9.228493400091032639e-02 3.171370050068275104e-01 0.000000000000000000e+00
3.350000000000000000e+03 1.339969028088277003e-01 4.607419208010923861e-01 1.432635411925352875e-01 1.220983158852981393e-01 2.738962221210741732e-01 0.000000000000000000e+00
3.375000000000000000e+03 1.349968796954608141e-01 4.527765134274009950e-01 1.612426035502958488e-01 1.489531178880291185e-01 2.370277651342740100e-01 0.000000000000000000e+00
3.400000000000000000e+03 1.359968565820939279e-01 4.710969503868912001e-01 1.587391898042785632e-01 1.685252617205279801e-01 2.016385980883022289e-01 0.000000000000000000e+00
3.425000000000000000e+03 1.369968334687270417e-01 4.699590350477924616e-01 1.670459717796995980e-01 1.916249431042330587e-01 1.713700500682749095e-01 0.000000000000000000e+00
3.450000000000000000e+03 1.379968103553599335e-01 4.888484296768320636e-01 1.643149749658625314e-01 2.050523441055985552e-01 1.417842512517068776e-01 0.000000000000000000e+00
3.475000000000000000e+03 1.389967872419930472e-01 4.873691397360036537e-01 1.662494310423304478e-01 2.109695038689121394e-01 1.354119253527537592e-01 0.000000000000000000e+00
3.500000000000000000e+03 1.399967641286261610e-01 4.819071461083295205e-01 1.727355484751934567e-01 2.187073281747838049e-01 1.266499772416932179e-01 0.000000000000000000e+00
3.525000000000000000e+03 1.409967410152590528e-01 4.907828857532999800e-01 1.713700500682749095e-01 2.251934456076467861e-01 1.126536185707783383e-01 0.000000000000000000e+00
3.550000000000000000e+03 1.419967179018921666e-01 4.775830678197542367e-01 1.783113336367774249e-01 2.309968138370505353e-01 1.131087847064178448e-01 0.000000000000000000e+00
3.575000000000000000e+03 1.429966947885252804e-01 4.750796540737369233e-01 1.739872553482020856e-01 2.328174783796085612e-01 1.181156121984524299e-01 0.000000000000000000e+00
3.600000000000000000e+03 1.439966716751581721e-01 4.668866636322257513e-01 1.730769230769230727e-01 2.321347291761493015e-01 1.279016841147018746e-01 0.000000000000000000e+00
3.625000000000000000e+03 1.449966485617912859e-01 4.696176604460627901e-01 1.717114246700045532e-01 2.311106053709603980e-01 1.275603095129722309e-01 0.000000000000000000e+00
3.650000000000000000e+03 1.459966254484243997e-01 4.789485662266727561e-01 1.700045516613563901e-01 2.365725989986345035e-01 1.144742831133363642e-01 0.000000000000000000e+00
3.675000000000000000e+03 1.469966023350572915e-01 4.687073281747837772e-01 1.778561675011379184e-01 2.389622212107419263e-01 1.144742831133363642e-01 0.000000000000000000e+00
3.700000000000000000e+03 1.479965792216904052e-01 4.765589440145653333e-01 1.789940828402366846e-01 2.432862994993172379e-01 1.011606736458807443e-01 0.000000000000000000e+00
3.725000000000000000e+03 1.489965561083235190e-01 4.737141556668184039e-01 1.785389167045971781e-01 2.428311333636777314e-01 1.049157942649066866e-01 0.000000000000000000e+00
3.750000000000000000e+03 1.499965329949564108e-01 4.812243969048702885e-01 1.758079198907601393e-01 2.423759672280382249e-01 1.005917159763313612e-01 0.000000000000000000e+00
3.775000000000000000e+03 1.509965098815895246e-01 4.817933545744196855e-01 1.759217114246700020e-01 2.383932635411925294e-01 1.038916704597177970e-01 0.000000000000000000e+00
3.800000000000000000e+03 1.519964867682226384e-01 4.855484751934456278e-01 1.719390077378243065e-01 2.453345471096950448e-01 9.717796995903504875e-02 0.000000000000000000e+00
3.825000000000000000e+03 1.529964636548555301e-01 4.885070550751023921e-01 1.775147928994082747e-01 2.440828402366863881e-01 8.989531178880291740e-02 0.000000000000000000e+00
3.850000000000000000e+03 1.539964405414886439e-01 4.836140191169777114e-01 1.771734182976786587e-01 2.479517523896222209e-01 9.126081019572143682e-02 0.000000000000000000e+00
3.875000000000000000e+03 1.549964174281217577e-01 4.903277196176604735e-01 1.756941283568502488e-01 2.465862539827036737e-01 8.739189804278561791e-02 0.000000000000000000e+00
3.900000000000000000e+03 1.559963943147546495e-01 4.906690942193900895e-01 1.733045061447428259e-01 2.509103322712790130e-01 8.511606736458807165e-02 0.000000000000000000e+00
3.925000000000000000e+03 1.569963712013877633e-01 4.800864815657714946e-01 1.793354574419663283e-01 2.511379153390987939e-01 8.944014565316341092e-02 0.000000000000000000e+00
3.950000000000000000e+03 1.579963480880208770e-01 4.618798361401911801e-01 1.888939462903959920e-01 2.536413290851160518e-01 9.558488848429676221e-02 0.000000000000000000e+00
3.975000000000000000e+03 1.589963249746539908e-01 4.635867091488393155e-01 1.924214838416021811e-01 2.564861174328629811e-01 8.750568957669549452e-02 0.000000000000000000e+00
4.000000000000000000e+03 1.599963018612868826e-01 4.581247155211652378e-01 2.002730996813837094e-01 2.619481110605371144e-01 7.965407373691398007e-02 0.000000000000000000e+00
4.025000000000000000e+03 1.609962787479199964e-01 4.543695949021392955e-01 2.084660901228948537e-01 2.602412380518889234e-01 7.692307692307692735e-02 0.000000000000000000e+00
4.050000000000000000e+03 1.619962556345531102e-01 4.600591715976331542e-01 2.151797906235776159e-01 2.576240327719617751e-01 6.713700500682749650e-02 0.000000000000000000e+00
4.075000000000000000e+03 1.629962325211860019e-01 4.390077378243058548e-01 2.330450614474283144e-01 2.630860263996358528e-01 6.486117432862995025e-02 0.000000000000000000e+00
4.100000000000000000e+03 1.639962094078191157e-01 4.286527082385070408e-01 2.436276741010468816e-01 2.636549840691852498e-01 6.406463359126081392e-02 0.000000000000000000e+00
4.125000000000000000e+03 1.649961862944522295e-01 4.235320892125625791e-01 2.530723714155666548e-01 2.650204824761037692e-01 5.837505689576695522e-02 0.000000000000000000e+00
4.150000000000000000e+03 1.659961631810851213e-01 4.121529358215748617e-01 2.606964041875284299e-01 2.683204369594902050e-01 5.883022303140646170e-02 0.000000000000000000e+00
4.175000000000000000e+03 1.669961400677182350e-01 4.028220300409649512e-01 2.674101046882111921e-01 2.697997269003186149e-01 5.996813837050523482e-02 0.000000000000000000e+00
4.200000000000000000e+03 1.679961169543513488e-01 4.102184797451069453e-01 2.691169776968593275e-01 2.660446062812926726e-01 5.461993627674101293e-02 0.000000000000000000e+00
4.225000000000000000e+03 1.689960938409842406e-01 4.122667273554847522e-01 2.707100591715976279e-01 2.664997724169321791e-01 5.052344105598543383e-02 0.000000000000000000e+00
4.250000000000000000e+03 1.699960707276173544e-01 4.145425580336822846e-01 2.687756030951297115e-01 2.634274010013655243e-01 5.325443786982248656e-02 0.000000000000000000e+00
4.275000000000000000e+03 1.709960476142504682e-01 4.105598543468366168e-01 2.765134274010013771e-01 2.639963586709148657e-01 4.893035958124715423e-02 0.000000000000000000e+00
4.300000000000000000e+03 1.719960245008833599e-01 4.147701411015020656e-01 2.730996813837050508e-01 2.686618115612198210e-01 4.346836595357305572e-02 0.000000000000000000e+00
4.325000000000000000e+03 1.729960013875164737e-01 4.155666818388711881e-01 2.757168866636321991e-01 2.696859353664087244e-01 3.903049613108784677e-02 0.000000000000000000e+00
4.350000000000000000e+03 1.739959782741495875e-01 4.057806099226217711e-01 2.692307692307692180e-01 2.800409649522075384e-01 4.494765589440145870e-02 0.000000000000000000e+00
4.375000000000000000e+03 1.749959551607824793e-01 4.010013654984069253e-01 2.669549385525716856e-01 2.888029130632681074e-01 4.324078288575330248e-02 0.000000000000000000e+00
4.400000000000000000e+03 1.759959320474155930e-01 3.964497041420118606e-01 2.690031861629494925e-01 2.939235320892125691e-01 4.062357760582612637e-02 0.000000000000000000e+00
4.425000000000000000e+03 1.769959089340487068e-01 3.949704142011834507e-01 2.663859808830222886e-01 2.989303595812471404e-01 3.971324533454710648e-02 0.000000000000000000e+00
4.450000000000000000e+03 1.779958858206815986e-01 3.974738279472007085e-01 2.707100591715976279e-01 3.016613563950841792e-01 3.015475648611743234e-02 0.000000000000000000e+00
4.475000000000000000e+03 1.789958627073147124e-01 4.029358215748748417e-01 2.718479745106964218e-01 2.921028675466545432e-01 3.311333636777423484e-02 0.000000000000000000e+00
4.500000000000000000e+03 1.799958395939478262e-01 4.000910332271279124e-01 2.696859353664087244e-01 2.947200728265816916e-01 3.550295857988165771e-02 0.000000000000000000e+00
4.525000000000000000e+03 1.809958164805809400e-01 3.940600819299044377e-01 2.774237596722803900e-01 2.931269913518434467e-01 3.538916704597178109e-02 0.000000000000000000e+00
4.550000000000000000e+03 1.819957933672138317e-01 3.924670004551661373e-01 2.799271734182977034e-01 2.913063268092853653e-01 3.629949931725079404e-02 0.000000000000000000e+00
4.575000000000000000e+03 1.829957702538469455e-01 3.905325443786982209e-01 2.855029585798816716e-01 2.902822030040965173e-01 3.368229403732362487e-02 0.000000000000000000e+00
4.600000000000000000e+03 1.839957471404800593e-01 3.903049613108784954e-01 2.892580791989076139e-01 2.906235776058261333e-01 2.981338188438780248e-02 0.000000000000000000e+00
4.625000000000000000e+03 1.849957240271129510e-01 3.896222121074192080e-01 2.918752844788347622e-01 2.885753299954483264e-01 2.992717341829767910e-02 0.000000000000000000e+00
4.650000000000000000e+03 1.859957009137460648e-01 3.991807009558488994e-01 2.899408284023668458e-01 2.816340464269458388e-01 2.924442421483841592e-02 0.000000000000000000e+00
4.675000000000000000e+03 1.869956778003791786e-01 4.050978607191624836e-01 2.861857077833409035e-01 2.811788802913063323e-01 2.753755120619025970e-02 0.000000000000000000e+00
4.700000000000000000e+03 1.879956546870120704e-01 4.072598998634501810e-01 2.873236231224396975e-01 2.776513427401001155e-01 2.776513427401001294e-02 0.000000000000000000e+00
4.725000000000000000e+03 1.889956315736451842e-01 4.004324078288575284e-01 2.886891215293582169e-01 2.786754665452890189e-01 3.220300409649522189e-02 0.000000000000000000e+00
4.750000000000000000e+03 1.899956084602782980e-01 3.947428311333636697e-01 2.976786527082385114e-01 2.778789258079198965e-01 2.969959035047792587e-02 0.000000000000000000e+00
4.775000000000000000e+03 1.909955853469111897e-01 4.047564861174328676e-01 2.950614474283113076e-01 2.741238051888939542e-01 2.605826126536185672e-02 0.000000000000000000e+00
4.800000000000000000e+03 1.919955622335443035e-01 4.053254437869822646e-01 2.988165680473373054e-01 2.711652253072371344e-01 2.469276285844333035e-02 0.000000000000000000e+00
4.825000000000000000e+03 1.929955391201774173e-01 3.992944924897587344e-01 3.016613563950841792e-01 2.710514337733272439e-01 2.799271734182976618e-02 0.000000000000000000e+00
4.850000000000000000e+03 1.939955160068103091e-01 4.081702321347291940e-01 3.043923532089212736e-01 2.653618570778333852e-01 2.207555757851615771e-02 0.000000000000000000e+00
4.875000000000000000e+03 1.949954928934434228e-01 4.056668183887118806e-01 3.072371415566682029e-01 2.620619025944469493e-01 2.503413746017296368e-02 0.000000000000000000e+00
4.900000000000000000e+03 1.959954697800765366e-01 4.035047792444242387e-01 3.121301775147928836e-01 2.563723258989530907e-01 2.799271734182976618e-02 0.000000000000000000e+00
4.925000000000000000e+03 1.969954466667094284e-01 3.957669549385525731e-01 3.182749203459262488e-01 2.597860719162494170e-01 2.617205279927173334e-02 0.000000000000000000e+00
4.950000000000000000e+03 1.979954235533425422e-01 3.961083295402821891e-01 3.181611288120163583e-01 2.581929904415111721e-01 2.753755120619025970e-02 0.000000000000000000e+00
4.975000000000000000e+03 1.989954004399756560e-01 3.963359126081019701e-01 3.216886663632225751e-01 2.531861629494765453e-01 2.878925807919890598e-02 0.000000000000000000e+00
5.000000000000000000e+03 1.999953773266087698e-01 3.921256258534365213e-01 3.315885298133818826e-01 2.471552116522530707e-01 2.913063268092853930e-02 0.000000000000000000e+00
5.025000000000000000e+03 2.009953542132416615e-01 3.953117888029130667e-01 3.340919435593991960e-01 2.443104233045061413e-01 2.628584433318160996e-02 0.000000000000000000e+00
5.050000000000000000e+03 2.019953310998747753e-01 3.930359581247155343e-01 3.318161128812016636e-01 2.477241693218024676e-01 2.742375967228038308e-02 0.000000000000000000e+00
5.075000000000000000e+03 2.029953079865078891e-01 3.933773327264451503e-01 3.314747382794719921e-01 2.497724169321802468e-01 2.537551206190259354e-02 0.000000000000000000e+00
5.100000000000000000e+03 2.039952848731407808e-01 3.922394173873463563e-01 3.332954028220300180e-01 2.441966317705962786e-01 3.026854802002730896e-02 0.000000000000000000e+00
5.125000000000000000e+03 2.049952617597738946e-01 3.946290395994537792e-01 3.331816112881201830e-01 2.469276285844333174e-01 2.526172052799271692e-02 0.000000000000000000e+00
5.150000000000000000e+03 2.059952386464070084e-01 3.970186618115612021e-01 3.342057350933090309e-01 2.461310878470641672e-01 2.264451524806554428e-02 0.000000000000000000e+00
5.175000000000000000e+03 2.069952155330399002e-01 3.956531634046426826e-01 3.379608557123350288e-01 2.407828857532999522e-01 2.560309512972235024e-02 0.000000000000000000e+00
5.200000000000000000e+03 2.079951924196730140e-01 3.987255348202093930e-01 3.402366863905325611e-01 2.344105598543468338e-01 2.662721893491124328e-02 0.000000000000000000e+00
5.225000000000000000e+03 2.089951693063061278e-01 4.010013654984069253e-01 3.378470641784251383e-01 2.360036413290851065e-01 2.514792899408284030e-02 0.000000000000000000e+00
5.250000000000000000e+03 2.099951461929390195e-01 4.102184797451069453e-01 3.375056895766954668e-01 2.266727355484751960e-01 2.560309512972235024e-02 0.000000000000000000e+00
5.275000000000000000e+03 2.109951230795721333e-01 4.022530723714155543e-01 3.470641784251251583e-01 2.223486572598998567e-01 2.833409194355939950e-02 0.000000000000000000e+00
5.300000000000000000e+03 2.119950999662052471e-01 3.975876194811105990e-01 3.529813381884387979e-01 2.261037778789257990e-01 2.332726445152480746e-02 0.000000000000000000e+00
5.325000000000000000e+03 2.129950768528381388e-01 3.980427856167501055e-01 3.566226672735548497e-01 2.224624487938097472e-01 2.287209831588529751e-02 0.000000000000000000e+00
5.350000000000000000e+03 2.139950537394712526e-01 3.956531634046426826e-01 3.587847064178424916e-01 2.253072371415566766e-01 2.025489303595812488e-02 0.000000000000000000e+00
5.375000000000000000e+03 2.149950306261043664e-01 4.045289030496130867e-01 3.575329995448338627e-01 2.213245334547109811e-01 1.661356395084205573e-02 0.000000000000000000e+00
5.400000000000000000e+03 2.159950075127372582e-01 4.022530723714155543e-01 3.559399180700955623e-01 2.213245334547109811e-01 2.048247610377787811e-02 0.000000000000000000e+00
5.425000000000000000e+03 2.169949843993703720e-01 4.050978607191624836e-01 3.570778334091943562e-01 2.179107874374146547e-01 1.991351843422849502e-02 0.000000000000000000e+00
5.450000000000000000e+03 2.179949612860034858e-01 4.039599453800637452e-01 3.561675011379153433e-01 2.187073281747838049e-01 2.116522530723714129e-02 0.000000000000000000e+00
5.475000000000000000e+03 2.189949381726363775e-01 4.054392353208920996e-01 3.594674556213017791e-01 2.116522530723714268e-01 2.344105598543468408e-02 0.000000000000000000e+00
5.500000000000000000e+03 2.199949150592694913e-01 3.994082840236686249e-01 3.615157032316795860e-01 2.205279927173418308e-01 1.854802002730996865e-02 0.000000000000000000e+00
5.525000000000000000e+03 2.209948919459026051e-01 4.045289030496130867e-01 3.615157032316795860e-01 2.144970414201183562e-01 1.945835229858898507e-02 0.000000000000000000e+00
5.550000000000000000e+03 2.219948688325357189e-01 3.983841602184797215e-01 3.644742831133363503e-01 2.183659535730541612e-01 1.877560309512972189e-02 0.000000000000000000e+00
5.575000000000000000e+03 2.229948457191686106e-01 3.991807009558488994e-01 3.633363677742376119e-01 2.165452890304961353e-01 2.093764223941738806e-02 0.000000000000000000e+00
5.600000000000000000e+03 2.239948226058017244e-01 3.996358670914884059e-01 3.664087391898042667e-01 2.157487482931269851e-01 1.820664542558033533e-02 0.000000000000000000e+00
5.625000000000000000e+03 2.249947994924348382e-01 3.949704142011834507e-01 3.707328174783796060e-01 2.140418752844788219e-01 2.025489303595812488e-02 0.000000000000000000e+00
5.650000000000000000e+03 2.259947763790677300e-01 3.940600819299044377e-01 3.748293126991351643e-01 2.106281292671825234e-01 2.048247610377787811e-02 0.000000000000000000e+00
5.675000000000000000e+03 2.269947532657008438e-01 3.899635867091488239e-01 3.799499317250796815e-01 2.083522985889849910e-01 2.173418297678652786e-02 0.000000000000000000e+00
