# itime ezz other fcc hcp bcc ico
0.000000000000000000e+00 0.000000000000000000e+00 1.251706873008648227e-03 9.987482931269913156e-01 0.000000000000000000e+00 0.000000000000000000e+00 0.000000000000000000e+00
3.000000000000000000e+01 1.199994251627689579e-02 7.965407373691396923e-04 9.992034592626308775e-01 0.000000000000000000e+00 0.000000000000000000e+00 0.000000000000000000e+00
6.000000000000000000e+01 2.399988503255401362e-02 2.503413746017296455e-03 9.974965862539827421e-01 0.000000000000000000e+00 0.000000000000000000e+00 0.000000000000000000e+00
9.000000000000000000e+01 3.599982754883090941e-02 2.275830678197541916e-03 9.976103777878926326e-01 0.000000000000000000e+00 1.137915339098771066e-04 0.000000000000000000e+00
1.200000000000000000e+02 4.799977006510802724e-02 5.917159763313609329e-03 9.938552571688666903e-01 0.000000000000000000e+00 2.275830678197542133e-04 0.000000000000000000e+00
1.500000000000000000e+02 5.999971258138492303e-02 1.638598088302230249e-02 9.833864360491579859e-01 0.000000000000000000e+00 2.275830678197542133e-04 0.000000000000000000e+00
1.800000000000000000e+02 7.199965509766181881e-02 3.971324533454710648e-02 9.590350477924441952e-01 0.000000000000000000e+00 1.251706873008648227e-03 0.000000000000000000e+00
2.100000000000000000e+02 8.399959761393893665e-02 8.045061447428311641e-02 9.159080564406008040e-01 0.000000000000000000e+00 3.641329085116067413e-03 0.000000000000000000e+00
2.400000000000000000e+02 9.599954013021583243e-02 1.247155211652253015e-01 8.670914883932635542e-01 0.000000000000000000e+00 8.192990441511151245e-03 0.000000000000000000e+00
2.700000000000000000e+02 1.079994826464929503e-01 2.329312699135184239e-01 7.493172507965407680e-01 0.000000000000000000e+00 1.775147928994082885e-02 0.000000000000000000e+00
3.000000000000000000e+02 1.199994251627698461e-01 3.660673645880746507e-01 5.966090122894857073e-01 1.137915339098771066e-04 3.720983158852981393e-02 0.000000000000000000e+00
3.300000000000000000e+02 1.319993676790467418e-01 5.284478834774692935e-01 3.987255348202093930e-01 5.689576695493854790e-04 7.225762403277195822e-02 0.000000000000000000e+00
3.600000000000000000e+02 1.439993101953238597e-01 6.517979062357760478e-01 2.172280382339553950e-01 4.324078288575329727e-03 1.266499772416932179e-01 0.000000000000000000e+00
3.900000000000000000e+02 1.559992527116007555e-01 7.018661811561219821e-01 1.192535275375512099e-01 1.217569412835685025e-02 1.667045971779699542e-01 0.000000000000000000e+00
4.200000000000000000e+02 1.679991952278778733e-01 7.484069185252617551e-01 6.258534365043240399e-02 1.615839781520254925e-02 1.728493400091033194e-01 0.000000000000000000e+00
4.500000000000000000e+02 1.799991377441547691e-01 7.897132453345471204e-01 4.244424214838415921e-02 2.378243058716431393e-02 1.440600819299044100e-01 0.000000000000000000e+00
4.800000000000000000e+02 1.919990802604316649e-01 8.340919435593991960e-01 2.992717341829767910e-02 2.548930359581247015e-02 1.104915794264906687e-01 0.000000000000000000e+00
5.100000000000000000e+02 2.039990227767087827e-01 8.668639053254437732e-01 2.332726445152480746e-02 2.253072371415566766e-02 8.727810650887574129e-02 0.000000000000000000e+00
5.400000000000000000e+02 2.159989652929856785e-01 8.843878015475649113e-01 2.071005917159763482e-02 2.514792899408284030e-02 6.964041875284478211e-02 1.137915339098771066e-04
5.700000000000000000e+02 2.279989078092627963e-01 9.036185707783340737e-01 1.911697769685935522e-02 2.742375967228038308e-02 4.984069185252617412e-02 0.000000000000000000e+00
6.000000000000000000e+02 2.399988503255396921e-01 9.185252617205279524e-01 1.672735548475193582e-02 2.514792899408284030e-02 3.959945380063722986e-02 0.000000000000000000e+00
6.300000000000000000e+02 2.519987928418165879e-01 9.344560764679107345e-01 1.365498406918525323e-02 2.344105598543468408e-02 2.833409194355939950e-02 1.137915339098771066e-04
6.600000000000000000e+02 2.639987353580937057e-01 9.396904870277651423e-01 1.046882111970869403e-02 2.514792899408284030e-02 2.469276285844333035e-02 0.000000000000000000e+00
6.900000000000000000e+02 2.759986778743706015e-01 9.458352298588984519e-01 1.194811106053709528e-02 2.514792899408284030e-02 1.706873008648156567e-02 0.000000000000000000e+00
7.200000000000000000e+02 2.879986203906477193e-01 9.551661356395084734e-01 1.206190259444697363e-02 1.854802002730996865e-02 1.422394173873463806e-02 0.000000000000000000e+00
7.500000000000000000e+02 2.999985629069246151e-01 9.528903049613108855e-01 1.217569412835685025e-02 1.934456076467910846e-02 1.547564861174328607e-02 1.137915339098771066e-04
7.800000000000000000e+02 3.119985054232017330e-01 9.631315430131998090e-01 1.035502958579881741e-02 1.615839781520254925e-02 1.035502958579881741e-02 0.000000000000000000e+00
8.100000000000000000e+02 3.239984479394786288e-01 9.649522075557578349e-01 1.069640418752844727e-02 1.524806554392353283e-02 9.103322712790167665e-03 0.000000000000000000e+00
8.400000000000000000e+02 3.359983904557555245e-01 9.659763313609467383e-01 1.069640418752844727e-02 1.593081474738279601e-02 7.396449704142011444e-03 0.000000000000000000e+00
8.700000000000000000e+02 3.479983329720326424e-01 9.721210741920801590e-01 9.672280382339554228e-03 1.149294492489758707e-02 6.713700500682749130e-03 0.000000000000000000e+00
9.000000000000000000e+02 3.599982754883095382e-01 9.733727810650887324e-01 7.055075102412380721e-03 1.399635867091488309e-02 5.461993627674101119e-03 1.137915339098771066e-04
9.300000000000000000e+02 3.719982180045866560e-01 9.736003641329085134e-01 7.624032771961766417e-03 1.342740100136549826e-02 5.234410559854347014e-03 1.137915339098771066e-04
9.600000000000000000e+02 3.839981605208635518e-01 9.791761492944924816e-01 5.803368229403732710e-03 9.672280382339554228e-03 5.120619025944469528e-03 2.275830678197542133e-04
9.900000000000000000e+02 3.959981030371404476e-01 9.812243969048702885e-01 6.030951297223486815e-03 1.024123805188893906e-02 2.389622212107419402e-03 1.137915339098771066e-04
1.020000000000000000e+03 4.079980455534175654e-01 9.812243969048702885e-01 6.599908966772872511e-03 8.079198907601274626e-03 3.527537551206190360e-03 5.689576695493854790e-04
1.050000000000000000e+03 4.199979880696946832e-01 9.852071005917160118e-01 5.575785161583977738e-03 5.917159763313609329e-03 3.072371415566681717e-03 2.275830678197542133e-04
1.080000000000000000e+03 4.319979305859715790e-01 9.860036413290851343e-01 4.893035958124715423e-03 6.486117432862995025e-03 1.934456076467910759e-03 6.827492034592626399e-04
1.110000000000000000e+03 4.439978731022482528e-01 9.870277651342740377e-01 4.893035958124715423e-03 5.689576695493855224e-03 2.162039144287664864e-03 2.275830678197542133e-04
1.140000000000000000e+03 4.559978156185253706e-01 9.872553482020938187e-01 5.006827492034592909e-03 6.030951297223486815e-03 1.479289940828402332e-03 2.275830678197542133e-04
1.170000000000000000e+03 4.679977581348024884e-01 9.881656804733728316e-01 4.893035958124715423e-03 5.348202093764223633e-03 1.251706873008648227e-03 3.413746017296313199e-04
1.200000000000000000e+03 4.799977006510793842e-01 9.899863450159308575e-01 2.844788347746927612e-03 5.234410559854347014e-03 1.024123805188893906e-03 9.103322712790168532e-04
1.230000000000000000e+03 4.919976431673562800e-01 9.901001365498406370e-01 2.844788347746927612e-03 5.461993627674101119e-03 1.137915339098770958e-03 4.551661356395084266e-04
1.260000000000000000e+03 5.039975856836333978e-01 9.891898042785616241e-01 3.299954483386436255e-03 5.575785161583977738e-03 1.365498406918525280e-03 5.689576695493854790e-04
1.290000000000000000e+03 5.159975281999105157e-01 9.907828857532999800e-01 2.844788347746927612e-03 5.006827492034592909e-03 1.024123805188893906e-03 3.413746017296313199e-04
1.320000000000000000e+03 5.279974707161874115e-01 9.914656349567592120e-01 2.617205279927173507e-03 4.096495220755575623e-03 1.251706873008648227e-03 5.689576695493854790e-04
1.350000000000000000e+03 5.399974132324643072e-01 9.953345471096950448e-01 1.251706873008648227e-03 2.275830678197541916e-03 4.551661356395084266e-04 6.827492034592626399e-04
1.380000000000000000e+03 5.519973557487414251e-01 9.946517979062358128e-01 1.365498406918525280e-03 2.730996813837050560e-03 9.103322712790168532e-04 3.413746017296313199e-04
1.410000000000000000e+03 5.639972982650185429e-01 9.946517979062358128e-01 1.820664542558033706e-03 2.389622212107419402e-03 1.024123805188893906e-03 1.137915339098771066e-04
1.440000000000000000e+03 5.759972407812952166e-01 9.948793809740554828e-01 1.593081474738279385e-03 2.958579881656804664e-03 3.413746017296313199e-04 2.275830678197542133e-04
1.470000000000000000e+03 5.879971832975721124e-01 9.959035047792443862e-01 9.103322712790168532e-04 2.389622212107419402e-03 4.551661356395084266e-04 3.413746017296313199e-04
1.500000000000000000e+03 5.999971258138492303e-01 9.956759217114247162e-01 1.251706873008648227e-03 2.617205279927173507e-03 2.275830678197542133e-04 2.275830678197542133e-04
1.530000000000000000e+03 6.119970683301263481e-01 9.953345471096950448e-01 9.103322712790168532e-04 2.503413746017296455e-03 9.103322712790168532e-04 3.413746017296313199e-04
1.560000000000000000e+03 6.239970108464032439e-01 9.956759217114247162e-01 1.024123805188893906e-03 2.162039144287664864e-03 5.689576695493854790e-04 5.689576695493854790e-04
1.590000000000000000e+03 6.359969533626801397e-01 9.956759217114247162e-01 1.024123805188893906e-03 1.593081474738279385e-03 7.965407373691396923e-04 9.103322712790168532e-04
1.620000000000000000e+03 6.479968958789572575e-01 9.969276285844332897e-01 1.024123805188893906e-03 1.365498406918525280e-03 2.275830678197542133e-04 4.551661356395084266e-04
1.650000000000000000e+03 6.599968383952343753e-01 9.967000455166135087e-01 4.551661356395084266e-04 1.365498406918525280e-03 5.689576695493854790e-04 9.103322712790168532e-04
1.680000000000000000e+03 6.719967809115112711e-01 9.963586709148839482e-01 4.551661356395084266e-04 1.934456076467910759e-03 5.689576695493854790e-04 6.827492034592626399e-04
1.710000000000000000e+03 6.839967234277879449e-01 9.977241693218024121e-01 5.689576695493854790e-04 5.689576695493854790e-04 5.689576695493854790e-04 5.689576695493854790e-04
1.740000000000000000e+03 6.959966659440650627e-01 9.974965862539827421e-01 6.827492034592626399e-04 5.689576695493854790e-04 3.413746017296313199e-04 9.103322712790168532e-04
1.770000000000000000e+03 7.079966084603424026e-01 9.973827947200728516e-01 3.413746017296313199e-04 1.024123805188893906e-03 1.137915339098771066e-04 1.137915339098770958e-03
1.800000000000000000e+03 7.199965509766190763e-01 9.979517523896221931e-01 5.689576695493854790e-04 5.689576695493854790e-04 1.137915339098771066e-04 7.965407373691396923e-04
1.830000000000000000e+03 7.319964934928959721e-01 9.972690031861629611e-01 5.689576695493854790e-04 7.965407373691396923e-04 2.275830678197542133e-04 1.137915339098770958e-03
1.860000000000000000e+03 7.439964360091730899e-01 9.979517523896221931e-01 6.827492034592626399e-04 3.413746017296313199e-04 2.275830678197542133e-04 7.965407373691396923e-04
1.890000000000000000e+03 7.559963785254502078e-01 9.972690031861629611e-01 3.413746017296313199e-04 1.137915339098770958e-03 3.413746017296313199e-04 9.103322712790168532e-04
1.920000000000000000e+03 7.679963210417271036e-01 9.978379608557123026e-01 1.137915339098771066e-04 9.103322712790168532e-04 4.551661356395084266e-04 6.827492034592626399e-04
1.950000000000000000e+03 7.799962635580039993e-01 9.980655439235320836e-01 1.137915339098771066e-04 7.965407373691396923e-04 1.137915339098771066e-04 9.103322712790168532e-04
1.980000000000000000e+03 7.919962060742811172e-01 9.977241693218024121e-01 1.137915339098771066e-04 7.965407373691396923e-04 2.275830678197542133e-04 1.137915339098770958e-03
2.010000000000000000e+03 8.039961485905582350e-01 9.979517523896221931e-01 3.413746017296313199e-04 9.103322712790168532e-04 0.000000000000000000e+00 7.965407373691396923e-04
2.040000000000000000e+03 8.159960911068349088e-01 9.982931269913518646e-01 2.275830678197542133e-04 4.551661356395084266e-04 0.000000000000000000e+00 1.024123805188893906e-03
2.070000000000000000e+03 8.279960336231118045e-01 9.981793354574419741e-01 5.689576695493854790e-04 7.965407373691396923e-04 2.275830678197542133e-04 2.275830678197542133e-04
2.100000000000000000e+03 8.399959761393889224e-01 9.978379608557123026e-01 2.275830678197542133e-04 1.251706873008648227e-03 0.000000000000000000e+00 6.827492034592626399e-04
2.130000000000000000e+03 8.519959186556660402e-01 9.971552116522530707e-01 5.689576695493854790e-04 6.827492034592626399e-04 2.275830678197542133e-04 1.365498406918525280e-03
2.160000000000000000e+03 8.639958611719429360e-01 9.974965862539827421e-01 1.137915339098771066e-04 7.965407373691396923e-04 1.137915339098771066e-04 1.479289940828402332e-03
2.190000000000000000e+03 8.759958036882198318e-01 9.979517523896221931e-01 3.413746017296313199e-04 6.827492034592626399e-04 2.275830678197542133e-04 7.965407373691396923e-04
2.220000000000000000e+03 8.879957462044969496e-01 9.973827947200728516e-01 3.413746017296313199e-04 4.551661356395084266e-04 5.689576695493854790e-04 1.251706873008648227e-03
2.250000000000000000e+03 8.999956887207740674e-01 9.972690031861629611e-01 4.551661356395084266e-04 3.413746017296313199e-04 3.413746017296313199e-04 1.593081474738279385e-03
2.280000000000000000e+03 9.119956312370509632e-01 9.976103777878926326e-01 2.275830678197542133e-04 5.689576695493854790e-04 2.275830678197542133e-04 1.365498406918525280e-03
2.310000000000000000e+03 9.239955737533276370e-01 9.971552116522530707e-01 4.551661356395084266e-04 9.103322712790168532e-04 4.551661356395084266e-04 1.024123805188893906e-03
2.340000000000000000e+03 9.359955162696049769e-01 9.980655439235320836e-01 4.551661356395084266e-04 4.551661356395084266e-04 3.413746017296313199e-04 6.827492034592626399e-04
2.370000000000000000e+03 9.479954587858820947e-01 9.969276285844332897e-01 4.551661356395084266e-04 7.965407373691396923e-04 2.275830678197542133e-04 1.593081474738279385e-03
2.400000000000000000e+03 9.599954013021587684e-01 9.980655439235320836e-01 1.137915339098771066e-04 7.965407373691396923e-04 3.413746017296313199e-04 6.827492034592626399e-04
2.430000000000000000e+03 9.719953438184356642e-01 9.982931269913518646e-01 0.000000000000000000e+00 5.689576695493854790e-04 1.137915339098771066e-04 1.024123805188893906e-03
2.460000000000000000e+03 9.839952863347127821e-01 9.976103777878926326e-01 3.413746017296313199e-04 2.275830678197542133e-04 3.413746017296313199e-04 1.479289940828402332e-03
2.490000000000000000e+03 9.959952288509898999e-01 9.979517523896221931e-01 2.275830678197542133e-04 3.413746017296313199e-04 1.137915339098771066e-04 1.365498406918525280e-03
