# itime ezz other fcc hcp bcc ico
0.000000000000000000e+00 0.000000000000000000e+00 1.137915339098770958e-03 9.988620846609012061e-01 0.000000000000000000e+00 0.000000000000000000e+00 0.000000000000000000e+00
3.000000000000000000e+00 1.199988192517320584e-03 1.137915339098770958e-03 9.988620846609012061e-01 0.000000000000000000e+00 0.000000000000000000e+00 0.000000000000000000e+00
6.000000000000000000e+00 2.399976385034641169e-03 1.593081474738279385e-03 9.984069185252617551e-01 0.000000000000000000e+00 0.000000000000000000e+00 0.000000000000000000e+00
9.000000000000000000e+00 3.599964577552183798e-03 1.365498406918525280e-03 9.986345015930814251e-01 0.000000000000000000e+00 0.000000000000000000e+00 0.000000000000000000e+00
1.200000000000000000e+01 4.799952770069504382e-03 1.593081474738279385e-03 9.984069185252617551e-01 0.000000000000000000e+00 0.000000000000000000e+00 0.000000000000000000e+00
1.500000000000000000e+01 5.999940962586824966e-03 7.965407373691396923e-04 9.992034592626308775e-01 0.000000000000000000e+00 0.000000000000000000e+00 0.000000000000000000e+00
1.800000000000000000e+01 7.199929155104145551e-03 1.137915339098771066e-04 9.998862084660901095e-01 0.000000000000000000e+00 0.000000000000000000e+00 0.000000000000000000e+00
2.100000000000000000e+01 8.399917347621688180e-03 5.689576695493854790e-04 9.994310423304506585e-01 0.000000000000000000e+00 0.000000000000000000e+00 0.000000000000000000e+00
2.400000000000000000e+01 9.599905540139008764e-03 6.827492034592626399e-04 9.993172507965407680e-01 0.000000000000000000e+00 0.000000000000000000e+00 0.000000000000000000e+00
2.700000000000000000e+01 1.079989373265632935e-02 5.689576695493854790e-04 9.994310423304506585e-01 0.000000000000000000e+00 0.000000000000000000e+00 0.000000000000000000e+00
3.000000000000000000e+01 1.199988192517364993e-02 1.024123805188893906e-03 9.989758761948110966e-01 0.000000000000000000e+00 0.000000000000000000e+00 0.000000000000000000e+00
3.300000000000000000e+01 1.319987011769119256e-02 1.365498406918525280e-03 9.986345015930814251e-01 0.000000000000000000e+00 0.000000000000000000e+00 0.000000000000000000e+00
3.600000000000000000e+01 1.439985831020851315e-02 1.365498406918525280e-03 9.986345015930814251e-01 0.000000000000000000e+00 0.000000000000000000e+00 0.000000000000000000e+00
3.900000000000000000e+01 1.559984650272583373e-02 1.593081474738279385e-03 9.984069185252617551e-01 0.000000000000000000e+00 0.000000000000000000e+00 0.000000000000000000e+00
4.200000000000000000e+01 1.679983469524315431e-02 1.820664542558033706e-03 9.981793354574419741e-01 0.000000000000000000e+00 0.000000000000000000e+00 0.000000000000000000e+00
4.500000000000000000e+01 1.799982288776047490e-02 1.365498406918525280e-03 9.986345015930814251e-01 0.000000000000000000e+00 0.000000000000000000e+00 0.000000000000000000e+00
4.800000000000000000e+01 1.919981108027801753e-02 2.275830678197541916e-03 9.977241693218024121e-01 0.000000000000000000e+00 0.000000000000000000e+00 0.000000000000000000e+00
5.100000000000000000e+01 2.039979927279533811e-02 1.137915339098770958e-03 9.988620846609012061e-01 0.000000000000000000e+00 0.000000000000000000e+00 0.000000000000000000e+00
5.400000000000000000e+01 2.159978746531265870e-02 1.479289940828402332e-03 9.985207100591716456e-01 0.000000000000000000e+00 0.000000000000000000e+00 0.000000000000000000e+00
5.700000000000000000e+01 2.279977565782997928e-02 2.048247610377787811e-03 9.979517523896221931e-01 0.000000000000000000e+00 0.000000000000000000e+00 0.000000000000000000e+00
6.000000000000000000e+01 2.399976385034752191e-02 2.275830678197541916e-03 9.977241693218024121e-01 0.000000000000000000e+00 0.000000000000000000e+00 0.000000000000000000e+00
6.300000000000000000e+01 2.519975204286484249e-02 2.048247610377787811e-03 9.978379608557123026e-01 0.000000000000000000e+00 1.137915339098771066e-04 0.000000000000000000e+00
6.600000000000000000e+01 2.639974023538216308e-02 1.365498406918525280e-03 9.985207100591716456e-01 0.000000000000000000e+00 1.137915339098771066e-04 0.000000000000000000e+00
6.900000000000000000e+01 2.759972842789948366e-02 2.162039144287664864e-03 9.978379608557123026e-01 0.000000000000000000e+00 0.000000000000000000e+00 0.000000000000000000e+00
7.200000000000000000e+01 2.879971662041702629e-02 2.844788347746927612e-03 9.971552116522530707e-01 0.000000000000000000e+00 0.000000000000000000e+00 0.000000000000000000e+00
7.500000000000000000e+01 2.999970481293434688e-02 2.844788347746927612e-03 9.970414201183431802e-01 0.000000000000000000e+00 1.137915339098771066e-04 0.000000000000000000e+00
7.800000000000000000e+01 3.119969300545166746e-02 3.299954483386436255e-03 9.965862539827037292e-01 0.000000000000000000e+00 1.137915339098771066e-04 0.000000000000000000e+00
8.100000000000000000e+01 3.239968119796898804e-02 3.755120619025944465e-03 9.960172963131542767e-01 0.000000000000000000e+00 2.275830678197542133e-04 0.000000000000000000e+00
8.400000000000000000e+01 3.359966939048630863e-02 4.779244424214838804e-03 9.951069640418752638e-01 0.000000000000000000e+00 1.137915339098771066e-04 0.000000000000000000e+00
8.700000000000000000e+01 3.479965758300385126e-02 6.258534365043240920e-03 9.937414656349567998e-01 0.000000000000000000e+00 0.000000000000000000e+00 0.000000000000000000e+00
9.000000000000000000e+01 3.599964577552117184e-02 5.120619025944469528e-03 9.947655894401457033e-01 0.000000000000000000e+00 1.137915339098771066e-04 0.000000000000000000e+00
9.300000000000000000e+01 3.719963396803849243e-02 5.689576695493855224e-03 9.941966317705962508e-01 0.000000000000000000e+00 1.137915339098771066e-04 0.000000000000000000e+00
9.600000000000000000e+01 3.839962216055581301e-02 6.827492034592626616e-03 9.929449248975875664e-01 0.000000000000000000e+00 2.275830678197542133e-04 0.000000000000000000e+00
9.900000000000000000e+01 3.959961035307335564e-02 6.486117432862995025e-03 9.932862994993172379e-01 0.000000000000000000e+00 2.275830678197542133e-04 0.000000000000000000e+00
1.020000000000000000e+02 4.079959854559067622e-02 5.689576695493855224e-03 9.940828402366863603e-01 0.000000000000000000e+00 2.275830678197542133e-04 0.000000000000000000e+00
1.050000000000000000e+02 4.199958673810799681e-02 5.461993627674101119e-03 9.945380063723259223e-01 0.000000000000000000e+00 0.000000000000000000e+00 0.000000000000000000e+00
1.080000000000000000e+02 4.319957493062531739e-02 5.689576695493855224e-03 9.941966317705962508e-01 0.000000000000000000e+00 1.137915339098771066e-04 0.000000000000000000e+00
1.110000000000000000e+02 4.439956312314286002e-02 7.510241238051888930e-03 9.923759672280382249e-01 0.000000000000000000e+00 1.137915339098771066e-04 0.000000000000000000e+00
1.140000000000000000e+02 4.559955131566018061e-02 7.510241238051888930e-03 9.922621756941283344e-01 0.000000000000000000e+00 2.275830678197542133e-04 0.000000000000000000e+00
1.170000000000000000e+02 4.679953950817750119e-02 7.510241238051888930e-03 9.922621756941283344e-01 0.000000000000000000e+00 2.275830678197542133e-04 0.000000000000000000e+00
1.200000000000000000e+02 4.799952770069482177e-02 7.168866636322257339e-03 9.924897587619481154e-01 0.000000000000000000e+00 3.413746017296313199e-04 0.000000000000000000e+00
1.230000000000000000e+02 4.919951589321214236e-02 7.737824305871643035e-03 9.919208010923987739e-01 0.000000000000000000e+00 3.413746017296313199e-04 0.000000000000000000e+00
1.260000000000000000e+02 5.039950408572968499e-02 9.899863450159307465e-03 9.898725534820209671e-01 0.000000000000000000e+00 2.275830678197542133e-04 0.000000000000000000e+00
1.290000000000000000e+02 5.159949227824700557e-02 1.103777878925807886e-02 9.885070550751023921e-01 0.000000000000000000e+00 4.551661356395084266e-04 0.000000000000000000e+00
1.320000000000000000e+02 5.279948047076432616e-02 1.115157032316795548e-02 9.882794720072826111e-01 0.000000000000000000e+00 5.689576695493854790e-04 0.000000000000000000e+00
1.350000000000000000e+02 5.399946866328164674e-02 1.194811106053709528e-02 9.878243058716431602e-01 0.000000000000000000e+00 2.275830678197542133e-04 0.000000000000000000e+00
1.380000000000000000e+02 5.519945685579918937e-02 1.217569412835685025e-02 9.874829312699134887e-01 0.000000000000000000e+00 3.413746017296313199e-04 0.000000000000000000e+00
1.410000000000000000e+02 5.639944504831650995e-02 1.103777878925807886e-02 9.882794720072826111e-01 0.000000000000000000e+00 6.827492034592626399e-04 0.000000000000000000e+00
1.440000000000000000e+02 5.759943324083383054e-02 1.183431952662721866e-02 9.874829312699134887e-01 0.000000000000000000e+00 6.827492034592626399e-04 0.000000000000000000e+00
1.470000000000000000e+02 5.879942143335115112e-02 1.251706873008648184e-02 9.869139736003641472e-01 0.000000000000000000e+00 5.689576695493854790e-04 0.000000000000000000e+00
1.500000000000000000e+02 5.999940962586869375e-02 1.502048247610377786e-02 9.846381429221665593e-01 0.000000000000000000e+00 3.413746017296313199e-04 0.000000000000000000e+00
1.530000000000000000e+02 6.119939781838601434e-02 1.706873008648156567e-02 9.822485207100591920e-01 0.000000000000000000e+00 6.827492034592626399e-04 0.000000000000000000e+00
1.560000000000000000e+02 6.239938601090333492e-02 1.627218934911242587e-02 9.831588529813382049e-01 0.000000000000000000e+00 5.689576695493854790e-04 0.000000000000000000e+00
1.590000000000000000e+02 6.359937420342065550e-02 1.581702321347291593e-02 9.833864360491579859e-01 0.000000000000000000e+00 7.965407373691396923e-04 0.000000000000000000e+00
1.620000000000000000e+02 6.479936239593797609e-02 1.775147928994082885e-02 9.813381884387801790e-01 0.000000000000000000e+00 9.103322712790168532e-04 0.000000000000000000e+00
1.650000000000000000e+02 6.599935058845551872e-02 1.877560309512972189e-02 9.802002730996813851e-01 0.000000000000000000e+00 1.024123805188893906e-03 0.000000000000000000e+00
1.680000000000000000e+02 6.719933878097283930e-02 1.911697769685935522e-02 9.798588984979517136e-01 0.000000000000000000e+00 1.024123805188893906e-03 0.000000000000000000e+00
1.710000000000000000e+02 6.839932697349015989e-02 2.423759672280382388e-02 9.747382794720073074e-01 0.000000000000000000e+00 1.024123805188893906e-03 0.000000000000000000e+00
1.740000000000000000e+02 6.959931516600748047e-02 2.651342740100136666e-02 9.723486572598998290e-01 0.000000000000000000e+00 1.137915339098770958e-03 0.000000000000000000e+00
1.770000000000000000e+02 7.079930335852502310e-02 2.765134274010013632e-02 9.707555757851615841e-01 0.000000000000000000e+00 1.593081474738279385e-03 0.000000000000000000e+00
1.800000000000000000e+02 7.199929155104234368e-02 3.083750568957669552e-02 9.680245789713245452e-01 0.000000000000000000e+00 1.137915339098770958e-03 0.000000000000000000e+00
1.830000000000000000e+02 7.319927974355966427e-02 3.220300409649522189e-02 9.663177059626764098e-01 0.000000000000000000e+00 1.479289940828402332e-03 0.000000000000000000e+00
1.860000000000000000e+02 7.439926793607698485e-02 3.447883477469276120e-02 9.637005006827491504e-01 0.000000000000000000e+00 1.820664542558033706e-03 0.000000000000000000e+00
1.890000000000000000e+02 7.559925612859452748e-02 3.641329085116067066e-02 9.615384615384615641e-01 0.000000000000000000e+00 2.048247610377787811e-03 0.000000000000000000e+00
1.920000000000000000e+02 7.679924432111184807e-02 4.085116067364587961e-02 9.567592171142467183e-01 0.000000000000000000e+00 2.389622212107419402e-03 0.000000000000000000e+00
1.950000000000000000e+02 7.799923251362916865e-02 4.176149294492489950e-02 9.560764679107874864e-01 0.000000000000000000e+00 2.162039144287664864e-03 0.000000000000000000e+00
1.980000000000000000e+02 7.919922070614648923e-02 4.733727810650887463e-02 9.503868912152936277e-01 0.000000000000000000e+00 2.275830678197541916e-03 0.000000000000000000e+00
2.010000000000000000e+02 8.039920889866380982e-02 5.348202093764223980e-02 9.445835229858898785e-01 0.000000000000000000e+00 1.934456076467910759e-03 0.000000000000000000e+00
2.040000000000000000e+02 8.159919709118135245e-02 5.427856167501137613e-02 9.434456076467910846e-01 0.000000000000000000e+00 2.275830678197541916e-03 0.000000000000000000e+00
2.070000000000000000e+02 8.279918528369867303e-02 6.258534365043240399e-02 9.351388256713700775e-01 0.000000000000000000e+00 2.275830678197541916e-03 0.000000000000000000e+00
2.100000000000000000e+02 8.399917347621599362e-02 6.440600819299044377e-02 9.326354119253527086e-01 0.000000000000000000e+00 2.958579881656804664e-03 0.000000000000000000e+00
2.130000000000000000e+02 8.519916166873331420e-02 6.747837960855712636e-02 9.293354574419663283e-01 0.000000000000000000e+00 3.186162949476558769e-03 0.000000000000000000e+00
2.160000000000000000e+02 8.639914986125085683e-02 7.703686845698680397e-02 9.189804278561675144e-01 0.000000000000000000e+00 3.982703686845699004e-03 0.000000000000000000e+00
2.190000000000000000e+02 8.759913805376817741e-02 8.181611288120163583e-02 9.145425580336823401e-01 0.000000000000000000e+00 3.641329085116067413e-03 0.000000000000000000e+00
2.220000000000000000e+02 8.879912624628549800e-02 8.830223031406463086e-02 9.074874829312699065e-01 0.000000000000000000e+00 4.210286754665453109e-03 0.000000000000000000e+00
2.250000000000000000e+02 8.999911443880281858e-02 9.990896677287210148e-02 8.956531634046427381e-01 0.000000000000000000e+00 4.437869822485207214e-03 0.000000000000000000e+00
2.280000000000000000e+02 9.119910263132036121e-02 1.092398725534820259e-01 8.870050068274920596e-01 0.000000000000000000e+00 3.755120619025944465e-03 0.000000000000000000e+00
2.310000000000000000e+02 9.239909082383768180e-02 1.137915339098771045e-01 8.812016385980883104e-01 0.000000000000000000e+00 5.006827492034592909e-03 0.000000000000000000e+00
2.340000000000000000e+02 9.359907901635500238e-02 1.162949476558944040e-01 8.780154756486117096e-01 0.000000000000000000e+00 5.689576695493855224e-03 0.000000000000000000e+00
2.370000000000000000e+02 9.479906720887232296e-02 1.156121984524351443e-01 8.792671825216203940e-01 0.000000000000000000e+00 5.120619025944469528e-03 0.000000000000000000e+00
2.400000000000000000e+02 9.599905540138964355e-02 1.145880746472462408e-01 8.816568047337277614e-01 0.000000000000000000e+00 3.755120619025944465e-03 0.000000000000000000e+00
2.430000000000000000e+02 9.719904359390718618e-02 1.176604460628129234e-01 8.781292671825216001e-01 0.000000000000000000e+00 4.210286754665453109e-03 0.000000000000000000e+00
2.460000000000000000e+02 9.839903178642450676e-02 1.255120619025944517e-01 8.693673190714610310e-01 0.000000000000000000e+00 5.120619025944469528e-03 0.000000000000000000e+00
2.490000000000000000e+02 9.959901997894182735e-02 1.296085571233500100e-01 8.640191169776968438e-01 0.000000000000000000e+00 6.372325898953117539e-03 0.000000000000000000e+00
2.520000000000000000e+02 1.007990081714591479e-01 1.422394173873463841e-01 8.501365498406918686e-01 0.000000000000000000e+00 7.624032771961766417e-03 0.000000000000000000e+00
2.550000000000000000e+02 1.019989963639766906e-01 1.533909877105143482e-01 8.386436049157942607e-01 0.000000000000000000e+00 7.965407373691398007e-03 0.000000000000000000e+00
2.580000000000000000e+02 1.031989845564940111e-01 1.635184342284934089e-01 8.279472007282657753e-01 0.000000000000000000e+00 8.534365043240782836e-03 0.000000000000000000e+00
2.610000000000000000e+02 1.043989727490113317e-01 1.742148384160218388e-01 8.164542558033682784e-01 0.000000000000000000e+00 9.330905780609922637e-03 0.000000000000000000e+00
2.640000000000000000e+02 1.055989609415286523e-01 1.847974510696404060e-01 8.055302685480200120e-01 0.000000000000000000e+00 9.672280382339554228e-03 0.000000000000000000e+00
2.670000000000000000e+02 1.067989491340461949e-01 2.011834319526627224e-01 7.892580791989075584e-01 0.000000000000000000e+00 9.558488848429677609e-03 0.000000000000000000e+00
2.700000000000000000e+02 1.079989373265635155e-01 2.129039599453800558e-01 7.757168866636322546e-01 0.000000000000000000e+00 1.137915339098771045e-02 0.000000000000000000e+00
2.730000000000000000e+02 1.091989255190808361e-01 2.297451069640418786e-01 7.567137005006827621e-01 0.000000000000000000e+00 1.354119253527537488e-02 0.000000000000000000e+00
2.760000000000000000e+02 1.103989137115981567e-01 2.421483841602184717e-01 7.410104688211197610e-01 0.000000000000000000e+00 1.684114701866181243e-02 0.000000000000000000e+00
2.790000000000000000e+02 1.115989019041154773e-01 2.545516613563950648e-01 7.286071916249431402e-01 0.000000000000000000e+00 1.684114701866181243e-02 0.000000000000000000e+00
2.820000000000000000e+02 1.127988900966330199e-01 2.729858898497951603e-01 7.086936731907146347e-01 0.000000000000000000e+00 1.832043695949021542e-02 0.000000000000000000e+00
2.850000000000000000e+02 1.139988782891503405e-01 2.903959945380063523e-01 6.885525716886663483e-01 0.000000000000000000e+00 2.105143377332726468e-02 0.000000000000000000e+00
2.880000000000000000e+02 1.151988664816676611e-01 3.025716886663632477e-01 6.748975876194811541e-01 0.000000000000000000e+00 2.253072371415566766e-02 0.000000000000000000e+00
2.910000000000000000e+02 1.163988546741849817e-01 3.157715065999089910e-01 6.594219390077378229e-01 0.000000000000000000e+00 2.480655439235321044e-02 0.000000000000000000e+00
2.940000000000000000e+02 1.175988428667025243e-01 3.262403277196176399e-01 6.451979972690031762e-01 0.000000000000000000e+00 2.856167501137915274e-02 0.000000000000000000e+00
2.970000000000000000e+02 1.187988310592198449e-01 3.380746472462448637e-01 6.305188893946290785e-01 0.000000000000000000e+00 3.140646335912607862e-02 0.000000000000000000e+00
3.000000000000000000e+02 1.199988192517371655e-01 3.587847064178424916e-01 6.083295402822029851e-01 0.000000000000000000e+00 3.288575329995448160e-02 0.000000000000000000e+00
3.030000000000000000e+02 1.211988074442544860e-01 3.763086026399635742e-01 5.894401456531633832e-01 0.000000000000000000e+00 3.425125170687300796e-02 0.000000000000000000e+00
3.060000000000000000e+02 1.223987956367720287e-01 3.958807464724624636e-01 5.671370050068275104e-01 2.275830678197542133e-04 3.675466545289030745e-02 0.000000000000000000e+00
3.090000000000000000e+02 1.235987838292893493e-01 4.175011379153391045e-01 5.442649066909421851e-01 1.137915339098771066e-04 3.812016385980882688e-02 0.000000000000000000e+00
3.120000000000000000e+02 1.247987720218066698e-01 4.345698680018206805e-01 5.227583067819754348e-01 0.000000000000000000e+00 4.267182521620391245e-02 0.000000000000000000e+00
3.150000000000000000e+02 1.259987602143239904e-01 4.525489303595812696e-01 4.996586253982703840e-01 0.000000000000000000e+00 4.779244424214838111e-02 0.000000000000000000e+00
3.180000000000000000e+02 1.271987484068413110e-01 4.634729176149294250e-01 4.811106053709603980e-01 5.689576695493854790e-04 5.484751934456076616e-02 0.000000000000000000e+00
3.210000000000000000e+02 1.283987365993588536e-01 4.734865725989986229e-01 4.679107874374146547e-01 9.103322712790168532e-04 5.769230769230769551e-02 0.000000000000000000e+00
3.240000000000000000e+02 1.295987247918761742e-01 4.860036413290851343e-01 4.502730996813836817e-01 1.251706873008648227e-03 6.247155211652252738e-02 0.000000000000000000e+00
3.270000000000000000e+02 1.307987129843934948e-01 5.048930359581247362e-01 4.302457897132453413e-01 1.479289940828402332e-03 6.338188438780155420e-02 0.000000000000000000e+00
3.300000000000000000e+02 1.319987011769108154e-01 5.210514337733272994e-01 4.082840236686390289e-01 1.251706873008648227e-03 6.941283568502502888e-02 0.000000000000000000e+00
3.330000000000000000e+02 1.331986893694283580e-01 5.275375512061902805e-01 3.983841602184797215e-01 1.593081474738279385e-03 7.248520710059171146e-02 0.000000000000000000e+00
3.360000000000000000e+02 1.343986775619456786e-01 5.428994082840237212e-01 3.758534365043240677e-01 1.820664542558033706e-03 7.942649066909421296e-02 0.000000000000000000e+00
3.390000000000000000e+02 1.355986657544629992e-01 5.521165225307237412e-01 3.594674556213017791e-01 2.389622212107419402e-03 8.602639963586708460e-02 0.000000000000000000e+00
3.420000000000000000e+02 1.367986539469803198e-01 5.646335912608101415e-01 3.423987255348202030e-01 2.389622212107419402e-03 9.057806099226217711e-02 0.000000000000000000e+00
3.450000000000000000e+02 1.379986421394978624e-01 5.728265817023213691e-01 3.269230769230769273e-01 3.299954483386436255e-03 9.695038689121529552e-02 0.000000000000000000e+00
3.480000000000000000e+02 1.391986303320151830e-01 5.854574419663176599e-01 3.106508875739644737e-01 3.527537551206190360e-03 1.003641329085116080e-01 0.000000000000000000e+00
3.510000000000000000e+02 1.403986185245325036e-01 5.950159308147473514e-01 2.956304050978607045e-01 3.527537551206190360e-03 1.058261265361857134e-01 0.000000000000000000e+00
3.540000000000000000e+02 1.415986067170498242e-01 6.127674101046881594e-01 2.736686390532544477e-01 3.982703686845699004e-03 1.095812471552116557e-01 0.000000000000000000e+00
3.570000000000000000e+02 1.427985949095671447e-01 6.306326809285389690e-01 2.520482476103778069e-01 3.868912152935821518e-03 1.134501593081474746e-01 0.000000000000000000e+00
3.600000000000000000e+02 1.439985831020846874e-01 6.467910787437414211e-01 2.323623122439690547e-01 4.437869822485207214e-03 1.164087391898042806e-01 0.000000000000000000e+00
3.630000000000000000e+02 1.451985712946020080e-01 6.535047792444241832e-01 2.182521620391442985e-01 4.324078288575329727e-03 1.239189804278561652e-01 0.000000000000000000e+00
3.660000000000000000e+02 1.463985594871193285e-01 6.587391898042785909e-01 2.053937187073281712e-01 5.120619025944469528e-03 1.307464724624488039e-01 0.000000000000000000e+00
3.690000000000000000e+02 1.475985476796366491e-01 6.700045516613564178e-01 1.873008648156577194e-01 6.258534365043240920e-03 1.364360491579426626e-01 0.000000000000000000e+00
3.720000000000000000e+02 1.487985358721541918e-01 6.767182521620391800e-01 1.735320892125625791e-01 7.055075102412380721e-03 1.426945835229858905e-01 0.000000000000000000e+00
3.750000000000000000e+02 1.499985240646715123e-01 6.799044151115156698e-01 1.629494765589440120e-01 8.079198907601274626e-03 1.490669094219390090e-01 0.000000000000000000e+00
3.780000000000000000e+02 1.511985122571888329e-01 6.865043240782885414e-01 1.506599908966772816e-01 8.420573509330906217e-03 1.544151115157032239e-01 0.000000000000000000e+00
3.810000000000000000e+02 1.523985004497061535e-01 6.891215293582158008e-01 1.438324988620846567e-01 8.875739644970414427e-03 1.581702321347291662e-01 0.000000000000000000e+00
3.840000000000000000e+02 1.535984886422236961e-01 6.935593991807009751e-01 1.357532999544833752e-01 9.558488848429677609e-03 1.611288120163859861e-01 0.000000000000000000e+00
3.870000000000000000e+02 1.547984768347410167e-01 6.962903959945380139e-01 1.292671825216203940e-01 1.046882111970869403e-02 1.639736003641329154e-01 0.000000000000000000e+00
3.900000000000000000e+02 1.559984650272583373e-01 7.090350477924441952e-01 1.154984069185252676e-01 1.081019572143832562e-02 1.646563495675921751e-01 0.000000000000000000e+00
3.930000000000000000e+02 1.571984532197756579e-01 7.185935366408738867e-01 1.082157487482931224e-01 1.251706873008648184e-02 1.606736458807464796e-01 0.000000000000000000e+00
3.960000000000000000e+02 1.583984414122929785e-01 7.195038689121528996e-01 1.043468365953573035e-01 1.342740100136549826e-02 1.627218934911242587e-01 0.000000000000000000e+00
3.990000000000000000e+02 1.595984296048105211e-01 7.242831133363677454e-01 9.547109695038688559e-02 1.433773327264451468e-02 1.659080564406008318e-01 0.000000000000000000e+00
4.020000000000000000e+02 1.607984177973278417e-01 7.288347746927628101e-01 9.023668639053254725e-02 1.581702321347291593e-02 1.651115157032316816e-01 0.000000000000000000e+00
4.050000000000000000e+02 1.619984059898451623e-01 7.276968593536641272e-01 8.648156577150660496e-02 1.741010468821119553e-02 1.684114701866181174e-01 0.000000000000000000e+00
4.080000000000000000e+02 1.631983941823624829e-01 7.305416477014110566e-01 8.261265361857077216e-02 1.854802002730996865e-02 1.682976786527082269e-01 0.000000000000000000e+00
4.110000000000000000e+02 1.643983823748800255e-01 7.358898497951752438e-01 7.703686845698680397e-02 2.048247610377787811e-02 1.665908056440600915e-01 0.000000000000000000e+00
4.140000000000000000e+02 1.655983705673973461e-01 7.476103777878926326e-01 6.884387801547564578e-02 2.105143377332726468e-02 1.624943104233045055e-01 0.000000000000000000e+00
4.170000000000000000e+02 1.667983587599146666e-01 7.489758761948110966e-01 6.702321347291761988e-02 2.014110150204824826e-02 1.638598088302230249e-01 0.000000000000000000e+00
4.200000000000000000e+02 1.679983469524319872e-01 7.474965862539827421e-01 6.531634046426945672e-02 2.071005917159763482e-02 1.664770141101502010e-01 0.000000000000000000e+00
4.230000000000000000e+02 1.691983351449495299e-01 7.429449248975875664e-01 6.451979972690032039e-02 2.218934911242603433e-02 1.703459262630860338e-01 0.000000000000000000e+00
4.260000000000000000e+02 1.703983233374668504e-01 7.482931269913518646e-01 6.315430131998178709e-02 2.309968138370505075e-02 1.654528903049612976e-01 0.000000000000000000e+00
4.290000000000000000e+02 1.715983115299841710e-01 7.463586709148839482e-01 6.281292671825215723e-02 2.207555757851615771e-02 1.687528447883477334e-01 0.000000000000000000e+00
4.320000000000000000e+02 1.727982997225014916e-01 7.544378698224851743e-01 5.712335002275830548e-02 2.071005917159763482e-02 1.677287209831588577e-01 0.000000000000000000e+00
4.350000000000000000e+02 1.739982879150188122e-01 7.569412835685025431e-01 5.382339553937186966e-02 2.389622212107419055e-02 1.653390987710514348e-01 0.000000000000000000e+00
4.380000000000000000e+02 1.751982761075363548e-01 7.608101957214383759e-01 5.257168866636321991e-02 2.401001365498407064e-02 1.626081019572143960e-01 0.000000000000000000e+00
4.410000000000000000e+02 1.763982643000536754e-01 7.652480655439235502e-01 5.006827492034592736e-02 2.457897132453345374e-02 1.601046882111970826e-01 0.000000000000000000e+00
4.440000000000000000e+02 1.775982524925709960e-01 7.683204369594902605e-01 5.029585798816568060e-02 2.537551206190259354e-02 1.560081929904415243e-01 0.000000000000000000e+00
4.470000000000000000e+02 1.787982406850883166e-01 7.707100591715976279e-01 4.824761037778789452e-02 2.560309512972235024e-02 1.554392353208921274e-01 0.000000000000000000e+00
4.500000000000000000e+02 1.799982288776058592e-01 7.763996358670914866e-01 4.608557123350022489e-02 2.810650887573964626e-02 1.494082840236686527e-01 0.000000000000000000e+00
4.530000000000000000e+02 1.811982170701231798e-01 7.853891670459717256e-01 4.358215748748293233e-02 2.753755120619025970e-02 1.434911242603550408e-01 0.000000000000000000e+00
4.560000000000000000e+02 1.823982052626405004e-01 7.882339553937186549e-01 4.210286754665452935e-02 2.890304961310878606e-02 1.407601274465179741e-01 0.000000000000000000e+00
4.590000000000000000e+02 1.835981934551578210e-01 7.946062812926718566e-01 4.016841147018661989e-02 2.878925807919890598e-02 1.364360491579426626e-01 0.000000000000000000e+00
4.620000000000000000e+02 1.847981816476753636e-01 7.981338188438780179e-01 4.039599453800637313e-02 2.810650887573964626e-02 1.333636777423759801e-01 0.000000000000000000e+00
4.650000000000000000e+02 1.859981698401926842e-01 8.027992717341829731e-01 4.016841147018661989e-02 2.730996813837050646e-02 1.297223486572599005e-01 0.000000000000000000e+00
4.680000000000000000e+02 1.871981580327100048e-01 8.058716431497496835e-01 3.789258079198907364e-02 2.935821574874829254e-02 1.268775603095129711e-01 0.000000000000000000e+00
4.710000000000000000e+02 1.883981462252273253e-01 8.071233500227582569e-01 3.755120619025944378e-02 3.197542102867546865e-02 1.233500227583067821e-01 0.000000000000000000e+00
4.740000000000000000e+02 1.895981344177446459e-01 8.107646791078744197e-01 3.516158397815202785e-02 3.220300409649522189e-02 1.218707328174783860e-01 0.000000000000000000e+00
4.770000000000000000e+02 1.907981226102621886e-01 8.091715976331360638e-01 3.436504324078288458e-02 3.152025489303595523e-02 1.249431042330450548e-01 0.000000000000000000e+00
4.800000000000000000e+02 1.919981108027795091e-01 8.142922166590805810e-01 3.390987710514337811e-02 3.174783796085571541e-02 1.200500682749203463e-01 0.000000000000000000e+00
4.830000000000000000e+02 1.931980989952968297e-01 8.161128812016386069e-01 3.379608557123350149e-02 3.277196176604460498e-02 1.173190714610832935e-01 0.000000000000000000e+00
4.860000000000000000e+02 1.943980871878141503e-01 8.249886208466090665e-01 3.243058716431497512e-02 3.117888029130632538e-02 1.114019116977696816e-01 0.000000000000000000e+00
4.890000000000000000e+02 1.955980753803316929e-01 8.287437414656350088e-01 3.208921256258534527e-02 3.106508875739644876e-02 1.081019572143832458e-01 0.000000000000000000e+00
4.920000000000000000e+02 1.967980635728490135e-01 8.297678652708238012e-01 3.254437869822485174e-02 2.981338188438780248e-02 1.078743741465634925e-01 0.000000000000000000e+00
4.950000000000000000e+02 1.979980517653663341e-01 8.301092398725534727e-01 3.277196176604460498e-02 3.231679563040509851e-02 1.048020027309968100e-01 0.000000000000000000e+00
4.980000000000000000e+02 1.991980399578836547e-01 8.356850250341374409e-01 3.208921256258534527e-02 3.072371415566681890e-02 1.015020482476103741e-01 0.000000000000000000e+00
5.010000000000000000e+02 2.003980281504011973e-01 8.412608101957214091e-01 3.106508875739644876e-02 3.174783796085571541e-02 9.592626308602640595e-02 0.000000000000000000e+00
5.040000000000000000e+02 2.015980163429185179e-01 8.433090578060992160e-01 3.004096495220755572e-02 3.254437869822485174e-02 9.410559854346836617e-02 0.000000000000000000e+00
5.070000000000000000e+02 2.027980045354358385e-01 8.489986345015930747e-01 3.004096495220755572e-02 3.095129722348657214e-02 9.000910332271279402e-02 0.000000000000000000e+00
5.100000000000000000e+02 2.039979927279531591e-01 8.510468821119708815e-01 3.060992262175694228e-02 3.026854802002730896e-02 8.807464724624487762e-02 0.000000000000000000e+00
5.130000000000000000e+02 2.051979809204704797e-01 8.546882111970869333e-01 3.060992262175694228e-02 2.901684114701866268e-02 8.568502503413745475e-02 0.000000000000000000e+00
5.160000000000000000e+02 2.063979691129880223e-01 8.565088757396449592e-01 2.913063268092853930e-02 3.129267182521620200e-02 8.306781975421029252e-02 0.000000000000000000e+00
5.190000000000000000e+02 2.075979573055053429e-01 8.560537096040055083e-01 2.901684114701866268e-02 3.288575329995448160e-02 8.192990441511151245e-02 1.137915339098771066e-04
5.220000000000000000e+02 2.087979454980226635e-01 8.599226217569412301e-01 2.969959035047792587e-02 3.060992262175694228e-02 7.965407373691398007e-02 1.137915339098771066e-04
5.250000000000000000e+02 2.099979336905399840e-01 8.604915794264906825e-01 2.901684114701866268e-02 3.243058716431497512e-02 7.794720072826581692e-02 1.137915339098771066e-04
5.280000000000000000e+02 2.111979218830575267e-01 8.659535730541647602e-01 2.913063268092853930e-02 3.322712790168411146e-02 7.157487482931269851e-02 1.137915339098771066e-04
5.310000000000000000e+02 2.123979100755748473e-01 8.687983614019116896e-01 2.810650887573964626e-02 3.402366863905325473e-02 6.895766954938552240e-02 1.137915339098771066e-04
5.340000000000000000e+02 2.135978982680921678e-01 8.714155666818388379e-01 2.924442421483841592e-02 3.595812471552116418e-02 6.326809285389166371e-02 1.137915339098771066e-04
5.370000000000000000e+02 2.147978864606094884e-01 8.757396449704142327e-01 2.844788347746927612e-02 3.379608557123350149e-02 6.190259444697314428e-02 1.137915339098771066e-04
5.400000000000000000e+02 2.159978746531270311e-01 8.741465634956758768e-01 2.913063268092853930e-02 3.527537551206190447e-02 6.133363677742376119e-02 1.137915339098771066e-04
5.430000000000000000e+02 2.171978628456443516e-01 8.784706417842512716e-01 2.776513427401001294e-02 3.527537551206190447e-02 5.837505689576695522e-02 1.137915339098771066e-04
5.460000000000000000e+02 2.183978510381616722e-01 8.794947655894401750e-01 2.674101046882111990e-02 3.425125170687300796e-02 5.939918070095585173e-02 1.137915339098771066e-04
5.490000000000000000e+02 2.195978392306789928e-01 8.859808830223031562e-01 2.560309512972235024e-02 3.140646335912607862e-02 5.700955848884842886e-02 0.000000000000000000e+00
5.520000000000000000e+02 2.207978274231963134e-01 8.868912152935821691e-01 2.560309512972235024e-02 3.129267182521620200e-02 5.621301775147929253e-02 0.000000000000000000e+00
5.550000000000000000e+02 2.219978156157138560e-01 8.864360491579426071e-01 2.492034592626308706e-02 3.140646335912607862e-02 5.723714155666818210e-02 0.000000000000000000e+00
5.580000000000000000e+02 2.231978038082311766e-01 8.862084660901229372e-01 2.389622212107419055e-02 3.197542102867546865e-02 5.791989076012744875e-02 0.000000000000000000e+00
5.610000000000000000e+02 2.243977920007484972e-01 8.842740100136550208e-01 2.480655439235321044e-02 3.334091943559399501e-02 5.757851615839781195e-02 0.000000000000000000e+00
5.640000000000000000e+02 2.255977801932658178e-01 8.903049613108784399e-01 2.435138825671370050e-02 3.254437869822485174e-02 5.279927173418298009e-02 0.000000000000000000e+00
5.670000000000000000e+02 2.267977683857833604e-01 8.947428311333637252e-01 2.412380518889394726e-02 3.174783796085571541e-02 4.938552571688666071e-02 0.000000000000000000e+00
5.700000000000000000e+02 2.279977565783006810e-01 8.928083750568958088e-01 2.366863905325443732e-02 3.277196176604460498e-02 5.075102412380518707e-02 0.000000000000000000e+00
5.730000000000000000e+02 2.291977447708180016e-01 8.921256258534364658e-01 2.275830678197542090e-02 3.345471096950387163e-02 5.166135639508420696e-02 0.000000000000000000e+00
5.760000000000000000e+02 2.303977329633353222e-01 8.950842057350932857e-01 2.230314064633591095e-02 3.390987710514337811e-02 4.870277651342740100e-02 0.000000000000000000e+00
5.790000000000000000e+02 2.315977211558528648e-01 9.005461993627673634e-01 2.162039144287665124e-02 3.095129722348657214e-02 4.688211197086936816e-02 0.000000000000000000e+00
5.820000000000000000e+02 2.327977093483701854e-01 8.996358670914883504e-01 2.230314064633591095e-02 3.004096495220755572e-02 4.802002730996814128e-02 0.000000000000000000e+00
5.850000000000000000e+02 2.339976975408875060e-01 9.012289485662267063e-01 2.230314064633591095e-02 3.152025489303595523e-02 4.494765589440145870e-02 0.000000000000000000e+00
5.880000000000000000e+02 2.351976857334048265e-01 9.015703231679562668e-01 2.196176604460628110e-02 3.356850250341374825e-02 4.289940828402366568e-02 0.000000000000000000e+00
5.910000000000000000e+02 2.363976739259221471e-01 9.032771961766045132e-01 2.014110150204824826e-02 3.413746017296313134e-02 4.244424214838415921e-02 0.000000000000000000e+00
5.940000000000000000e+02 2.375976621184396897e-01 9.033909877105142927e-01 2.014110150204824826e-02 3.334091943559399501e-02 4.312699135184342586e-02 0.000000000000000000e+00
5.970000000000000000e+02 2.387976503109570103e-01 9.047564861174328676e-01 1.979972690031861493e-02 3.277196176604460498e-02 4.267182521620391245e-02 0.000000000000000000e+00
6.000000000000000000e+02 2.399976385034743309e-01 9.072598998634501255e-01 2.082385070550751144e-02 3.095129722348657214e-02 4.096495220755575623e-02 0.000000000000000000e+00
6.030000000000000000e+02 2.411976266959916515e-01 9.087391898042785909e-01 2.105143377332726468e-02 2.969959035047792587e-02 4.050978607191624975e-02 0.000000000000000000e+00
6.060000000000000000e+02 2.423976148885091941e-01 9.093081474738279324e-01 2.116522530723714129e-02 2.992717341829767910e-02 3.959945380063722986e-02 0.000000000000000000e+00
6.090000000000000000e+02 2.435976030810265147e-01 9.111288120163859583e-01 2.116522530723714129e-02 2.935821574874829254e-02 3.834774692762858705e-02 0.000000000000000000e+00
6.120000000000000000e+02 2.447975912735438353e-01 9.122667273554847522e-01 2.059626763768775473e-02 2.799271734182976618e-02 3.914428766499772339e-02 0.000000000000000000e+00
6.150000000000000000e+02 2.459975794660611559e-01 9.132908511606736557e-01 2.036868456986800149e-02 2.958579881656804578e-02 3.675466545289030745e-02 0.000000000000000000e+00
6.180000000000000000e+02 2.471975676585786985e-01 9.181838871187983919e-01 2.036868456986800149e-02 2.674101046882111990e-02 3.470641784251251444e-02 0.000000000000000000e+00
6.210000000000000000e+02 2.483975558510960191e-01 9.192080109239872954e-01 1.888939462903959851e-02 2.810650887573964626e-02 3.379608557123350149e-02 0.000000000000000000e+00
6.240000000000000000e+02 2.495975440436133397e-01 9.181838871187983919e-01 1.843422849340009204e-02 2.924442421483841592e-02 3.413746017296313134e-02 0.000000000000000000e+00
6.270000000000000000e+02 2.507975322361306603e-01 9.200045516613564178e-01 1.877560309512972189e-02 2.776513427401001294e-02 3.345471096950387163e-02 0.000000000000000000e+00
6.300000000000000000e+02 2.519975204286479809e-01 9.206873008648156498e-01 1.968593536640873831e-02 2.833409194355939950e-02 3.117888029130632538e-02 1.137915339098771066e-04
6.330000000000000000e+02 2.531975086211655235e-01 9.217114246700045532e-01 1.923076923076923184e-02 2.765134274010013632e-02 3.129267182521620200e-02 1.137915339098771066e-04
6.360000000000000000e+02 2.543974968136828441e-01 9.204597177969958688e-01 1.991351843422849502e-02 2.810650887573964626e-02 3.140646335912607862e-02 1.137915339098771066e-04
6.390000000000000000e+02 2.555974850062001646e-01 9.222803823395538947e-01 1.900318616294947513e-02 2.822030040964952288e-02 3.038233955393718558e-02 1.137915339098771066e-04
6.420000000000000000e+02 2.567974731987174852e-01 9.251251706873008240e-01 1.820664542558033533e-02 2.753755120619025970e-02 2.901684114701866268e-02 1.137915339098771066e-04
6.450000000000000000e+02 2.579974613912350279e-01 9.246700045516613731e-01 1.888939462903959851e-02 2.730996813837050646e-02 2.913063268092853930e-02 0.000000000000000000e+00
6.480000000000000000e+02 2.591974495837523484e-01 9.262630860263996180e-01 1.923076923076923184e-02 2.708238507055074976e-02 2.742375967228038308e-02 0.000000000000000000e+00
6.510000000000000000e+02 2.603974377762696690e-01 9.268320436959490705e-01 1.979972690031861493e-02 2.548930359581247015e-02 2.787892580791988956e-02 0.000000000000000000e+00
6.540000000000000000e+02 2.615974259687869896e-01 9.269458352298588499e-01 1.832043695949021542e-02 2.548930359581247015e-02 2.924442421483841592e-02 0.000000000000000000e+00
6.570000000000000000e+02 2.627974141613045322e-01 9.270596267637687404e-01 1.843422849340009204e-02 2.537551206190259354e-02 2.913063268092853930e-02 0.000000000000000000e+00
6.600000000000000000e+02 2.639974023538218528e-01 9.248975876194811541e-01 1.809285389167045871e-02 2.583067819754210348e-02 3.117888029130632538e-02 0.000000000000000000e+00
6.630000000000000000e+02 2.651973905463391734e-01 9.268320436959490705e-01 1.706873008648156567e-02 2.594446973145198010e-02 3.015475648611743234e-02 0.000000000000000000e+00
6.660000000000000000e+02 2.663973787388564940e-01 9.278561675011378629e-01 1.695493855257168905e-02 2.662721893491124328e-02 2.856167501137915274e-02 0.000000000000000000e+00
6.690000000000000000e+02 2.675973669313738146e-01 9.272872098315885214e-01 1.877560309512972189e-02 2.662721893491124328e-02 2.730996813837050646e-02 0.000000000000000000e+00
6.720000000000000000e+02 2.687973551238913572e-01 9.283113336367774249e-01 1.991351843422849502e-02 2.503413746017296368e-02 2.674101046882111990e-02 0.000000000000000000e+00
6.750000000000000000e+02 2.699973433164086778e-01 9.304733727810651223e-01 1.945835229858898507e-02 2.412380518889394726e-02 2.594446973145198010e-02 0.000000000000000000e+00
6.780000000000000000e+02 2.711973315089259984e-01 9.292216659080564378e-01 2.014110150204824826e-02 2.389622212107419055e-02 2.674101046882111990e-02 0.000000000000000000e+00
6.810000000000000000e+02 2.723973197014433190e-01 9.261492944924897275e-01 2.253072371415566766e-02 2.537551206190259354e-02 2.594446973145198010e-02 0.000000000000000000e+00
