# itime ezz other fcc hcp bcc ico
0.000000000000000000e+00 0.000000000000000000e+00 9.103322712790168532e-04 9.990896677287209870e-01 0.000000000000000000e+00 0.000000000000000000e+00 0.000000000000000000e+00
2.500000000000000000e+01 9.999361906134485167e-04 1.024123805188893906e-03 9.989758761948110966e-01 0.000000000000000000e+00 0.000000000000000000e+00 0.000000000000000000e+00
5.000000000000000000e+01 1.999872381226897033e-03 1.024123805188893906e-03 9.989758761948110966e-01 0.000000000000000000e+00 0.000000000000000000e+00 0.000000000000000000e+00
7.500000000000000000e+01 2.999808571840345550e-03 3.413746017296313199e-04 9.996586253982703285e-01 0.000000000000000000e+00 0.000000000000000000e+00 0.000000000000000000e+00
1.000000000000000000e+02 3.999744762453794067e-03 1.365498406918525280e-03 9.986345015930814251e-01 0.000000000000000000e+00 0.000000000000000000e+00 0.000000000000000000e+00
1.250000000000000000e+02 4.999680953067020539e-03 9.103322712790168532e-04 9.990896677287209870e-01 0.000000000000000000e+00 0.000000000000000000e+00 0.000000000000000000e+00
1.500000000000000000e+02 5.999617143680469056e-03 6.827492034592626399e-04 9.993172507965407680e-01 0.000000000000000000e+00 0.000000000000000000e+00 0.000000000000000000e+00
1.750000000000000000e+02 6.999553334293917572e-03 6.827492034592626399e-04 9.993172507965407680e-01 0.000000000000000000e+00 0.000000000000000000e+00 0.000000000000000000e+00
2.000000000000000000e+02 7.999489524907366089e-03 6.827492034592626399e-04 9.993172507965407680e-01 0.000000000000000000e+00 0.000000000000000000e+00 0.000000000000000000e+00
2.250000000000000000e+02 8.999425715520814606e-03 6.827492034592626399e-04 9.993172507965407680e-01 0.000000000000000000e+00 0.000000000000000000e+00 0.000000000000000000e+00
2.500000000000000000e+02 9.999361906134263123e-03 1.024123805188893906e-03 9.989758761948110966e-01 0.000000000000000000e+00 0.000000000000000000e+00 0.000000000000000000e+00
2.750000000000000000e+02 1.099929809674771164e-02 1.593081474738279385e-03 9.984069185252617551e-01 0.000000000000000000e+00 0.000000000000000000e+00 0.000000000000000000e+00
3.000000000000000000e+02 1.199923428736116016e-02 2.275830678197542133e-04 9.997724169321802190e-01 0.000000000000000000e+00 0.000000000000000000e+00 0.000000000000000000e+00
3.250000000000000000e+02 1.299917047797460867e-02 1.934456076467910759e-03 9.979517523896221931e-01 0.000000000000000000e+00 1.137915339098771066e-04 0.000000000000000000e+00
3.500000000000000000e+02 1.399910666858783514e-02 9.103322712790168532e-04 9.990896677287209870e-01 0.000000000000000000e+00 0.000000000000000000e+00 0.000000000000000000e+00
3.750000000000000000e+02 1.499904285920128366e-02 1.706873008648156654e-03 9.982931269913518646e-01 0.000000000000000000e+00 0.000000000000000000e+00 0.000000000000000000e+00
4.000000000000000000e+02 1.599897904981473218e-02 1.820664542558033706e-03 9.981793354574419741e-01 0.000000000000000000e+00 0.000000000000000000e+00 0.000000000000000000e+00
4.250000000000000000e+02 1.699891524042818070e-02 5.689576695493854790e-04 9.994310423304506585e-01 0.000000000000000000e+00 0.000000000000000000e+00 0.000000000000000000e+00
4.500000000000000000e+02 1.799885143104162921e-02 1.024123805188893906e-03 9.989758761948110966e-01 0.000000000000000000e+00 0.000000000000000000e+00 0.000000000000000000e+00
4.750000000000000000e+02 1.899878762165507773e-02 1.024123805188893906e-03 9.989758761948110966e-01 0.000000000000000000e+00 0.000000000000000000e+00 0.000000000000000000e+00
5.000000000000000000e+02 1.999872381226852625e-02 1.251706873008648227e-03 9.986345015930814251e-01 0.000000000000000000e+00 1.137915339098771066e-04 0.000000000000000000e+00
5.250000000000000000e+02 2.099866000288197476e-02 1.593081474738279385e-03 9.984069185252617551e-01 0.000000000000000000e+00 0.000000000000000000e+00 0.000000000000000000e+00
5.500000000000000000e+02 2.199859619349542328e-02 2.958579881656804664e-03 9.968138370505233992e-01 0.000000000000000000e+00 2.275830678197542133e-04 0.000000000000000000e+00
5.750000000000000000e+02 2.299853238410864975e-02 1.365498406918525280e-03 9.986345015930814251e-01 0.000000000000000000e+00 0.000000000000000000e+00 0.000000000000000000e+00
6.000000000000000000e+02 2.399846857472209827e-02 2.617205279927173507e-03 9.973827947200728516e-01 0.000000000000000000e+00 0.000000000000000000e+00 0.000000000000000000e+00
6.250000000000000000e+02 2.499840476533554678e-02 4.096495220755575623e-03 9.959035047792443862e-01 0.000000000000000000e+00 0.000000000000000000e+00 0.000000000000000000e+00
6.500000000000000000e+02 2.599834095594899530e-02 3.186162949476558769e-03 9.968138370505233992e-01 0.000000000000000000e+00 0.000000000000000000e+00 0.000000000000000000e+00
6.750000000000000000e+02 2.699827714656244382e-02 2.389622212107419402e-03 9.976103777878926326e-01 0.000000000000000000e+00 0.000000000000000000e+00 0.000000000000000000e+00
7.000000000000000000e+02 2.799821333717589233e-02 5.348202093764223633e-03 9.946517979062358128e-01 0.000000000000000000e+00 0.000000000000000000e+00 0.000000000000000000e+00
7.250000000000000000e+02 2.899814952778934085e-02 2.503413746017296455e-03 9.974965862539827421e-01 0.000000000000000000e+00 0.000000000000000000e+00 0.000000000000000000e+00
7.500000000000000000e+02 2.999808571840278937e-02 5.120619025944469528e-03 9.948793809740554828e-01 0.000000000000000000e+00 0.000000000000000000e+00 0.000000000000000000e+00
7.750000000000000000e+02 3.099802190901623788e-02 6.941283568502503235e-03 9.929449248975875664e-01 0.000000000000000000e+00 1.137915339098771066e-04 0.000000000000000000e+00
8.000000000000000000e+02 3.199795809962946436e-02 3.755120619025944465e-03 9.961310878470641672e-01 0.000000000000000000e+00 1.137915339098771066e-04 0.000000000000000000e+00
8.250000000000000000e+02 3.299789429024291287e-02 7.396449704142011444e-03 9.924897587619481154e-01 0.000000000000000000e+00 1.137915339098771066e-04 0.000000000000000000e+00
8.500000000000000000e+02 3.399783048085636139e-02 3.755120619025944465e-03 9.959035047792443862e-01 0.000000000000000000e+00 3.413746017296313199e-04 0.000000000000000000e+00
8.750000000000000000e+02 3.499776667146980991e-02 6.486117432862995025e-03 9.935138825671370189e-01 0.000000000000000000e+00 0.000000000000000000e+00 0.000000000000000000e+00
9.000000000000000000e+02 3.599770286208325842e-02 5.348202093764223633e-03 9.944242148384160318e-01 0.000000000000000000e+00 2.275830678197542133e-04 0.000000000000000000e+00
9.250000000000000000e+02 3.699763905269670694e-02 6.258534365043240920e-03 9.937414656349567998e-01 0.000000000000000000e+00 0.000000000000000000e+00 0.000000000000000000e+00
9.500000000000000000e+02 3.799757524331015546e-02 5.461993627674101119e-03 9.943104233045061413e-01 0.000000000000000000e+00 2.275830678197542133e-04 0.000000000000000000e+00
9.750000000000000000e+02 3.899751143392360397e-02 8.648156577150659455e-03 9.911242603550295405e-01 0.000000000000000000e+00 2.275830678197542133e-04 0.000000000000000000e+00
1.000000000000000000e+03 3.999744762453705249e-02 6.599908966772872511e-03 9.932862994993172379e-01 0.000000000000000000e+00 1.137915339098771066e-04 0.000000000000000000e+00
1.025000000000000000e+03 4.099738381515050101e-02 7.737824305871643035e-03 9.921483841602184439e-01 0.000000000000000000e+00 1.137915339098771066e-04 0.000000000000000000e+00
1.050000000000000000e+03 4.199732000576372748e-02 6.144742831133363434e-03 9.938552571688666903e-01 0.000000000000000000e+00 0.000000000000000000e+00 0.000000000000000000e+00
1.075000000000000000e+03 4.299725619637717600e-02 7.624032771961766417e-03 9.919208010923987739e-01 0.000000000000000000e+00 4.551661356395084266e-04 0.000000000000000000e+00
1.100000000000000000e+03 4.399719238699062451e-02 1.001365498406918582e-02 9.899863450159308575e-01 0.000000000000000000e+00 0.000000000000000000e+00 0.000000000000000000e+00
1.125000000000000000e+03 4.499712857760407303e-02 8.989531178880291046e-03 9.905553026854801990e-01 0.000000000000000000e+00 4.551661356395084266e-04 0.000000000000000000e+00
1.150000000000000000e+03 4.599706476821752155e-02 7.624032771961766417e-03 9.919208010923987739e-01 0.000000000000000000e+00 4.551661356395084266e-04 0.000000000000000000e+00
1.175000000000000000e+03 4.699700095883097006e-02 1.092398725534820224e-02 9.885070550751023921e-01 0.000000000000000000e+00 5.689576695493854790e-04 0.000000000000000000e+00
1.200000000000000000e+03 4.799693714944441858e-02 9.786071916249430847e-03 9.896449704142011861e-01 0.000000000000000000e+00 5.689576695493854790e-04 0.000000000000000000e+00
1.225000000000000000e+03 4.899687334005786710e-02 1.240327719617660522e-02 9.868001820664542567e-01 0.000000000000000000e+00 7.965407373691396923e-04 0.000000000000000000e+00
1.250000000000000000e+03 4.999680953067131561e-02 1.217569412835685025e-02 9.868001820664542567e-01 0.000000000000000000e+00 1.024123805188893906e-03 0.000000000000000000e+00
1.275000000000000000e+03 5.099674572128454209e-02 1.627218934911242587e-02 9.835002275830677654e-01 0.000000000000000000e+00 2.275830678197542133e-04 0.000000000000000000e+00
1.300000000000000000e+03 5.199668191189799060e-02 1.251706873008648184e-02 9.872553482020938187e-01 0.000000000000000000e+00 2.275830678197542133e-04 0.000000000000000000e+00
1.325000000000000000e+03 5.299661810251143912e-02 1.297223486572599005e-02 9.868001820664542567e-01 0.000000000000000000e+00 2.275830678197542133e-04 0.000000000000000000e+00
1.350000000000000000e+03 5.399655429312488764e-02 1.684114701866181243e-02 9.828174783796085334e-01 0.000000000000000000e+00 3.413746017296313199e-04 0.000000000000000000e+00
1.375000000000000000e+03 5.499649048373833615e-02 1.342740100136549826e-02 9.861174328629950248e-01 0.000000000000000000e+00 4.551661356395084266e-04 0.000000000000000000e+00
1.400000000000000000e+03 5.599642667435178467e-02 1.843422849340009204e-02 9.813381884387801790e-01 0.000000000000000000e+00 2.275830678197542133e-04 0.000000000000000000e+00
1.425000000000000000e+03 5.699636286496523319e-02 1.854802002730996865e-02 9.805416477014110566e-01 0.000000000000000000e+00 9.103322712790168532e-04 0.000000000000000000e+00
1.450000000000000000e+03 5.799629905557868170e-02 2.002730996813837164e-02 9.794037323623122626e-01 0.000000000000000000e+00 5.689576695493854790e-04 0.000000000000000000e+00
1.475000000000000000e+03 5.899623524619213022e-02 2.378243058716431393e-02 9.743969048702776359e-01 0.000000000000000000e+00 1.820664542558033706e-03 0.000000000000000000e+00
1.500000000000000000e+03 5.999617143680535669e-02 2.082385070550751144e-02 9.778106508875740177e-01 0.000000000000000000e+00 1.365498406918525280e-03 0.000000000000000000e+00
1.525000000000000000e+03 6.099610762741880521e-02 2.435138825671370050e-02 9.741693218024578549e-01 0.000000000000000000e+00 1.479289940828402332e-03 0.000000000000000000e+00
1.550000000000000000e+03 6.199604381803225372e-02 2.935821574874829254e-02 9.693900773782430091e-01 0.000000000000000000e+00 1.251706873008648227e-03 0.000000000000000000e+00
1.575000000000000000e+03 6.299598000864570224e-02 2.639963586709149004e-02 9.717796995903504875e-01 0.000000000000000000e+00 1.820664542558033706e-03 0.000000000000000000e+00
1.600000000000000000e+03 6.399591619925915076e-02 3.004096495220755572e-02 9.677969959035047642e-01 0.000000000000000000e+00 2.162039144287664864e-03 0.000000000000000000e+00
1.625000000000000000e+03 6.499585238987259928e-02 3.504779244424215123e-02 9.632453345471096995e-01 0.000000000000000000e+00 1.706873008648156654e-03 0.000000000000000000e+00
1.650000000000000000e+03 6.599578858048604779e-02 4.233045061447428259e-02 9.550523441055985829e-01 0.000000000000000000e+00 2.617205279927173507e-03 0.000000000000000000e+00
1.675000000000000000e+03 6.699572477109949631e-02 3.686845698680018407e-02 9.608557123350022211e-01 0.000000000000000000e+00 2.275830678197541916e-03 0.000000000000000000e+00
1.700000000000000000e+03 6.799566096171294483e-02 3.880291306326809353e-02 9.582385070550750727e-01 0.000000000000000000e+00 2.958579881656804664e-03 0.000000000000000000e+00
1.725000000000000000e+03 6.899559715232617130e-02 3.732362312243969055e-02 9.609695038689121116e-01 0.000000000000000000e+00 1.706873008648156654e-03 0.000000000000000000e+00
1.750000000000000000e+03 6.999553334293961981e-02 4.858898497951752438e-02 9.491351843422849432e-01 0.000000000000000000e+00 2.275830678197541916e-03 0.000000000000000000e+00
1.775000000000000000e+03 7.099546953355306833e-02 4.619936276741010150e-02 9.514110150204825311e-01 0.000000000000000000e+00 2.389622212107419402e-03 0.000000000000000000e+00
1.800000000000000000e+03 7.199540572416651685e-02 5.587164314974965573e-02 9.411697769685934967e-01 0.000000000000000000e+00 2.958579881656804664e-03 0.000000000000000000e+00
1.825000000000000000e+03 7.299534191477996536e-02 5.359581247155211642e-02 9.428766499772417431e-01 0.000000000000000000e+00 3.527537551206190360e-03 0.000000000000000000e+00
1.850000000000000000e+03 7.399527810539341388e-02 5.951297223486572835e-02 9.362767410104688715e-01 0.000000000000000000e+00 4.210286754665453109e-03 0.000000000000000000e+00
1.875000000000000000e+03 7.499521429600686240e-02 7.203004096495220498e-02 9.237596722803823601e-01 0.000000000000000000e+00 4.210286754665453109e-03 0.000000000000000000e+00
1.900000000000000000e+03 7.599515048662031091e-02 6.008192990441511144e-02 9.350250341374601870e-01 0.000000000000000000e+00 4.893035958124715423e-03 0.000000000000000000e+00
1.925000000000000000e+03 7.699508667723375943e-02 6.099226217569413133e-02 9.332043695949021611e-01 0.000000000000000000e+00 5.803368229403732710e-03 0.000000000000000000e+00
1.950000000000000000e+03 7.799502286784698590e-02 7.794720072826581692e-02 9.168183887118798170e-01 0.000000000000000000e+00 5.234410559854347014e-03 0.000000000000000000e+00
1.975000000000000000e+03 7.899495905846043442e-02 8.249886208466089554e-02 9.095357305416477134e-01 0.000000000000000000e+00 7.965407373691398007e-03 0.000000000000000000e+00
2.000000000000000000e+03 7.999489524907388294e-02 1.024123805188894010e-01 8.889394629039599760e-01 0.000000000000000000e+00 8.648156577150659455e-03 0.000000000000000000e+00
2.025000000000000000e+03 8.099483143968733145e-02 9.490213928083750250e-02 8.972462448793809831e-01 0.000000000000000000e+00 7.851615839781519654e-03 0.000000000000000000e+00
2.050000000000000000e+03 8.199476763030077997e-02 1.065088757396449731e-01 8.829085116067364458e-01 0.000000000000000000e+00 1.058261265361857065e-02 0.000000000000000000e+00
2.075000000000000000e+03 8.299470382091422849e-02 1.293809740555302568e-01 8.561675011379152878e-01 0.000000000000000000e+00 1.445152480655439303e-02 0.000000000000000000e+00
2.100000000000000000e+03 8.399464001152767700e-02 1.391670459717797015e-01 8.452435138825671324e-01 0.000000000000000000e+00 1.558944014565316269e-02 0.000000000000000000e+00
2.125000000000000000e+03 8.499457620214112552e-02 1.354119253527537592e-01 8.469503868912152678e-01 0.000000000000000000e+00 1.763768775603095224e-02 0.000000000000000000e+00
2.150000000000000000e+03 8.599451239275457404e-02 1.366636322257624159e-01 8.436504324078288874e-01 1.137915339098771066e-04 1.957214383249886169e-02 0.000000000000000000e+00
2.175000000000000000e+03 8.699444858336780051e-02 1.573736913973600438e-01 8.181611288120164138e-01 2.275830678197542133e-04 2.423759672280382388e-02 0.000000000000000000e+00
2.200000000000000000e+03 8.799438477398124903e-02 1.750113791533909890e-01 7.930131998179335007e-01 0.000000000000000000e+00 3.197542102867546865e-02 0.000000000000000000e+00
2.225000000000000000e+03 8.899432096459469754e-02 1.780837505689576716e-01 7.833409194355940297e-01 0.000000000000000000e+00 3.857532999544834029e-02 0.000000000000000000e+00
2.250000000000000000e+03 8.999425715520814606e-02 1.833181611288120239e-01 7.732134729176148857e-01 0.000000000000000000e+00 4.346836595357305572e-02 0.000000000000000000e+00
2.275000000000000000e+03 9.099419334582159458e-02 2.113108784706417831e-01 7.320209376422394110e-01 1.137915339098771066e-04 5.655439235320892238e-02 0.000000000000000000e+00
2.300000000000000000e+03 9.199412953643504309e-02 2.419208010923987184e-01 6.933318161128811941e-01 9.103322712790168532e-04 6.383705052344106068e-02 0.000000000000000000e+00
2.325000000000000000e+03 9.299406572704849161e-02 2.583067819754210070e-01 6.620391442876649712e-01 1.706873008648156654e-03 7.794720072826581692e-02 0.000000000000000000e+00
2.350000000000000000e+03 9.399400191766194013e-02 2.594446973145198010e-01 6.390532544378698665e-01 5.689576695493854790e-04 1.009330905780609910e-01 0.000000000000000000e+00
2.375000000000000000e+03 9.499393810827538864e-02 2.610377787892581014e-01 6.238051888939463163e-01 2.275830678197541916e-03 1.128812016385980915e-01 0.000000000000000000e+00
2.400000000000000000e+03 9.599387429888861512e-02 2.940373236231224596e-01 5.746472462448793950e-01 1.479289940828402332e-03 1.298361401911697632e-01 0.000000000000000000e+00
2.425000000000000000e+03 9.699381048950206363e-02 3.064406008192990249e-01 5.422166590805643782e-01 2.730996813837050560e-03 1.486117432862995025e-01 0.000000000000000000e+00
2.450000000000000000e+03 9.799374668011551215e-02 3.090578060992262288e-01 5.170687300864815761e-01 2.958579881656804664e-03 1.709148839326354030e-01 0.000000000000000000e+00
2.475000000000000000e+03 9.899368287072896067e-02 3.230541647701410946e-01 4.775830678197542367e-01 2.844788347746927612e-03 1.965179790623577671e-01 0.000000000000000000e+00
2.500000000000000000e+03 9.999361906134240918e-02 3.299954483386435822e-01 4.545971779699590209e-01 3.755120619025944465e-03 2.116522530723714268e-01 0.000000000000000000e+00
2.525000000000000000e+03 1.009935552519558577e-01 3.541192535275375364e-01 4.145425580336822846e-01 5.006827492034592909e-03 2.263313609467455523e-01 0.000000000000000000e+00
2.550000000000000000e+03 1.019934914425693062e-01 3.705052344105598805e-01 3.881429221665907980e-01 7.282658170232134826e-03 2.340691852526172179e-01 0.000000000000000000e+00
2.575000000000000000e+03 1.029934276331827547e-01 3.538916704597178109e-01 3.817705962676377074e-01 1.058261265361857065e-02 2.537551206190259423e-01 0.000000000000000000e+00
2.600000000000000000e+03 1.039933638237962032e-01 3.672052799271734447e-01 3.585571233500227661e-01 1.206190259444697363e-02 2.621756941283568398e-01 0.000000000000000000e+00
2.625000000000000000e+03 1.049933000144096518e-01 3.876877560309512916e-01 3.348884842967683184e-01 1.524806554392353283e-02 2.621756941283568398e-01 0.000000000000000000e+00
2.650000000000000000e+03 1.059932362050228782e-01 3.830223031406463363e-01 3.240782885753299980e-01 1.524806554392353283e-02 2.776513427401001155e-01 0.000000000000000000e+00
2.675000000000000000e+03 1.069931723956363268e-01 4.091943559399180974e-01 3.046199362767409990e-01 1.741010468821119553e-02 2.687756030951297115e-01 0.000000000000000000e+00
2.700000000000000000e+03 1.079931085862497753e-01 4.058944014565316616e-01 2.989303595812471404e-01 2.230314064633591095e-02 2.728720983158853253e-01 0.000000000000000000e+00
2.725000000000000000e+03 1.089930447768632238e-01 3.986117432862995025e-01 2.925580336822940497e-01 2.389622212107419055e-02 2.849340009103322746e-01 0.000000000000000000e+00
2.750000000000000000e+03 1.099929809674766723e-01 4.132908511606736557e-01 2.773099681383704995e-01 2.560309512972235024e-02 2.837960855712334807e-01 0.000000000000000000e+00
2.775000000000000000e+03 1.109929171580901208e-01 4.291078743741465473e-01 2.646791078743741532e-01 2.878925807919890598e-02 2.774237596722803900e-01 0.000000000000000000e+00
2.800000000000000000e+03 1.119928533487035693e-01 4.164770141101502010e-01 2.600136549840691980e-01 3.584433318161128756e-02 2.876649977241693135e-01 0.000000000000000000e+00
2.825000000000000000e+03 1.129927895393170179e-01 4.308147473827947382e-01 2.575102412380518846e-01 3.299954483386435822e-02 2.786754665452890189e-01 0.000000000000000000e+00
2.850000000000000000e+03 1.139927257299304664e-01 4.219390077378242787e-01 2.460172963131543045e-01 3.982703686845699004e-02 2.922166590805644337e-01 0.000000000000000000e+00
2.875000000000000000e+03 1.149926619205436928e-01 4.307009558488848477e-01 2.305416477014110288e-01 4.221665908056440597e-02 2.965407373691397175e-01 0.000000000000000000e+00
2.900000000000000000e+03 1.159925981111571414e-01 4.467455621301775204e-01 2.214383249886208438e-01 4.483386436049158208e-02 2.869822485207100815e-01 0.000000000000000000e+00
2.925000000000000000e+03 1.169925343017705899e-01 4.411697769685935522e-01 2.250796540737369233e-01 4.585798816568047165e-02 2.878925807919890945e-01 0.000000000000000000e+00
2.950000000000000000e+03 1.179924704923840384e-01 4.580109239872553473e-01 2.075557578516158408e-01 4.654073736913973830e-02 2.878925807919890945e-01 0.000000000000000000e+00
2.975000000000000000e+03 1.189924066829974869e-01 4.622212107419207960e-01 1.991351843422849432e-01 4.995448338643605074e-02 2.886891215293582169e-01 0.000000000000000000e+00
3.000000000000000000e+03 1.199923428736109354e-01 4.512972234865725851e-01 2.035730541647701453e-01 5.336822940373236318e-02 2.917614929449248717e-01 0.000000000000000000e+00
3.025000000000000000e+03 1.209922790642243839e-01 4.541420118343195145e-01 1.956076467910787542e-01 5.427856167501137613e-02 2.959717796995903760e-01 0.000000000000000000e+00
3.050000000000000000e+03 1.219922152548378325e-01 4.473145197997269173e-01 1.949248975876194945e-01 5.461993627674101293e-02 3.031406463359125891e-01 0.000000000000000000e+00
3.075000000000000000e+03 1.229921514454512810e-01 4.544833864360491305e-01 1.934456076467910846e-01 5.871643149749658508e-02 2.933545744196631722e-01 0.000000000000000000e+00
3.100000000000000000e+03 1.239920876360645074e-01 4.648384160218479999e-01 1.816112881201638607e-01 5.996813837050523482e-02 2.935821574874829532e-01 0.000000000000000000e+00
3.125000000000000000e+03 1.249920238266779560e-01 4.597177969959034827e-01 1.792216659080564378e-01 6.861629494765589254e-02 2.924442421483841592e-01 0.000000000000000000e+00
3.150000000000000000e+03 1.259919600172914045e-01 4.666590805644060258e-01 1.742148384160218388e-01 6.565771506599908658e-02 2.934683659535730627e-01 0.000000000000000000e+00
3.175000000000000000e+03 1.269918962079048530e-01 4.823623122439690269e-01 1.637460172963131622e-01 6.975421028675465873e-02 2.841374601729631522e-01 0.000000000000000000e+00
3.200000000000000000e+03 1.279918323985183015e-01 4.832726445152480399e-01 1.552116522530723741e-01 7.089212562585343880e-02 2.906235776058261333e-01 0.000000000000000000e+00
3.225000000000000000e+03 1.289917685891317500e-01 4.775830678197542367e-01 1.595357305416477134e-01 7.601274465179790052e-02 2.868684569868001910e-01 0.000000000000000000e+00
3.250000000000000000e+03 1.299917047797451986e-01 4.976103777878925771e-01 1.489531178880291185e-01 7.510241238051888757e-02 2.783340919435594030e-01 0.000000000000000000e+00
3.275000000000000000e+03 1.309916409703586471e-01 5.061447428311333097e-01 1.360946745562130189e-01 8.295402822030041590e-02 2.748065543923531862e-01 0.000000000000000000e+00
3.300000000000000000e+03 1.319915771609720956e-01 4.988620846609012061e-01 1.475876194811105990e-01 8.431952662721893532e-02 2.692307692307692180e-01 0.000000000000000000e+00
3.325000000000000000e+03 1.329915133515853221e-01 5.019344560764679164e-01 1.364360491579426626e-01 8.921256258534364381e-02 2.724169321802457633e-01 0.000000000000000000e+00
3.350000000000000000e+03 1.339914495421987706e-01 4.930587164314975124e-01 1.374601729631315383e-01 9.330905780609922984e-02 2.761720527992717611e-01 0.000000000000000000e+00
3.375000000000000000e+03 1.349913857328122191e-01 4.986345015930814806e-01 1.360946745562130189e-01 9.080564406008193035e-02 2.744651797906235702e-01 0.000000000000000000e+00
3.400000000000000000e+03 1.359913219234256676e-01 4.951069640418752638e-01 1.296085571233500100e-01 9.990896677287210148e-02 2.753755120619025831e-01 0.000000000000000000e+00
3.425000000000000000e+03 1.369912581140391161e-01 4.995448338643604935e-01 1.220983158852981393e-01 1.025261720527992776e-01 2.758306781975420896e-01 0.000000000000000000e+00
3.450000000000000000e+03 1.379911943046525646e-01 5.091033227127901295e-01 1.252844788347746985e-01 1.033227127901684139e-01 2.622894856622667303e-01 0.000000000000000000e+00
3.475000000000000000e+03 1.389911304952660132e-01 5.105826126536185949e-01 1.205052344105598527e-01 1.067364588074647264e-01 2.621756941283568398e-01 0.000000000000000000e+00
3.500000000000000000e+03 1.399910666858794617e-01 5.179790623577605890e-01 1.234638142922166587e-01 1.109467455621301751e-01 2.476103777878925771e-01 0.000000000000000000e+00
3.525000000000000000e+03 1.409910028764929102e-01 5.188893946290396020e-01 1.185707783340919502e-01 1.103777878925807920e-01 2.521620391442876419e-01 0.000000000000000000e+00
3.550000000000000000e+03 1.419909390671061367e-01 5.260582612653618151e-01 1.134501593081474746e-01 1.120846609012289552e-01 2.484069185252617273e-01 0.000000000000000000e+00
3.575000000000000000e+03 1.429908752577195852e-01 5.329995448338643582e-01 1.116294947655894348e-01 1.160673645880746507e-01 2.393035958124715423e-01 0.000000000000000000e+00
3.600000000000000000e+03 1.439908114483330337e-01 5.191169776968593830e-01 1.182294037323623065e-01 1.222121074192080159e-01 2.404415111515703363e-01 0.000000000000000000e+00
3.625000000000000000e+03 1.449907476389464822e-01 5.285616750113791840e-01 1.081019572143832458e-01 1.195949021392808398e-01 2.437414656349567721e-01 0.000000000000000000e+00
3.650000000000000000e+03 1.459906838295599307e-01 5.431269913518433912e-01 1.059399180700955900e-01 1.211879836140191125e-01 2.297451069640418786e-01 0.000000000000000000e+00
3.675000000000000000e+03 1.469906200201733792e-01 5.254893035958124736e-01 1.066226672735548497e-01 1.288120163859808875e-01 2.390760127446517891e-01 0.000000000000000000e+00
3.700000000000000000e+03 1.479905562107868278e-01 5.391442876649977789e-01 1.067364588074647264e-01 1.291533909877105035e-01 2.249658625398270329e-01 0.000000000000000000e+00
3.725000000000000000e+03 1.489904924014002763e-01 5.467683204369594430e-01 1.030951297223486607e-01 1.255120619025944517e-01 2.246244879380974169e-01 0.000000000000000000e+00
3.750000000000000000e+03 1.499904285920137248e-01 5.329995448338643582e-01 1.050295857988165632e-01 1.310878470641784199e-01 2.308830223031406448e-01 0.000000000000000000e+00
3.775000000000000000e+03 1.509903647826269513e-01 5.317478379608556738e-01 1.028675466545289074e-01 1.292671825216203940e-01 2.361174328629949970e-01 0.000000000000000000e+00
3.800000000000000000e+03 1.519903009732403998e-01 5.459717796995903205e-01 9.831588529813381494e-02 1.348429676832043622e-01 2.208693673190714746e-01 0.000000000000000000e+00
3.825000000000000000e+03 1.529902371638538483e-01 5.399408284023669014e-01 9.740555302685480199e-02 1.384842967683204418e-01 2.241693218024579104e-01 0.000000000000000000e+00
3.850000000000000000e+03 1.539901733544672968e-01 5.588302230314065033e-01 9.615384615384615918e-02 1.414428766499772339e-01 2.035730541647701453e-01 0.000000000000000000e+00
3.875000000000000000e+03 1.549901095450807453e-01 5.454028220300409791e-01 9.899863450159307465e-02 1.415566681838871244e-01 2.140418752844788219e-01 0.000000000000000000e+00
3.900000000000000000e+03 1.559900457356941939e-01 5.500682749203459343e-01 9.808830223031406170e-02 1.379153390987710448e-01 2.139280837505689592e-01 0.000000000000000000e+00
3.925000000000000000e+03 1.569899819263076424e-01 5.530268548020027541e-01 8.978152025489304078e-02 1.396222121074192080e-01 2.175694128356850388e-01 0.000000000000000000e+00
3.950000000000000000e+03 1.579899181169210909e-01 5.494993172507965928e-01 9.023668639053254725e-02 1.489531178880291185e-01 2.113108784706417831e-01 0.000000000000000000e+00
3.975000000000000000e+03 1.589898543075345394e-01 5.515475648611742887e-01 8.693673190714611143e-02 1.508875739644970349e-01 2.106281292671825234e-01 0.000000000000000000e+00
4.000000000000000000e+03 1.599897904981477659e-01 5.509786071916249472e-01 9.057806099226217711e-02 1.540737369139736079e-01 2.043695949021392677e-01 0.000000000000000000e+00
4.025000000000000000e+03 1.609897266887612144e-01 5.547337278106508895e-01 8.875739644970413733e-02 1.516841147018661851e-01 2.048247610377788019e-01 0.000000000000000000e+00
4.050000000000000000e+03 1.619896628793746629e-01 5.583750568957669413e-01 8.966772872098316416e-02 1.521392808375056915e-01 1.998179335457442030e-01 0.000000000000000000e+00
4.075000000000000000e+03 1.629895990699881114e-01 5.564406008192990249e-01 8.978152025489304078e-02 1.631770596267637652e-01 1.906008192990441552e-01 0.000000000000000000e+00
4.100000000000000000e+03 1.639895352606015599e-01 5.570095584888484774e-01 8.818843878015475424e-02 1.686390532544378706e-01 1.861629494765589532e-01 0.000000000000000000e+00
4.125000000000000000e+03 1.649894714512150085e-01 5.579198907601274904e-01 8.670914883932635819e-02 1.655666818388711881e-01 1.898042785616750050e-01 0.000000000000000000e+00
4.150000000000000000e+03 1.659894076418284570e-01 5.630405097860718966e-01 8.841602184797450747e-02 1.692080109239872676e-01 1.793354574419663283e-01 0.000000000000000000e+00
4.175000000000000000e+03 1.669893438324419055e-01 5.581474738279471604e-01 8.614019116977697510e-02 1.667045971779699542e-01 1.890077378243058825e-01 0.000000000000000000e+00
4.200000000000000000e+03 1.679892800230553540e-01 5.609922621756940897e-01 8.375056895766955223e-02 1.718252162039144160e-01 1.834319526627218866e-01 0.000000000000000000e+00
4.225000000000000000e+03 1.689892162136688025e-01 5.573509330905780379e-01 9.160218479745106668e-02 1.746700045516613453e-01 1.763768775603095085e-01 0.000000000000000000e+00
4.250000000000000000e+03 1.699891524042820290e-01 5.615612198452435422e-01 9.228493400091032639e-02 1.786527082385070686e-01 1.675011379153391045e-01 0.000000000000000000e+00
4.275000000000000000e+03 1.709890885948954775e-01 5.559854346836595740e-01 9.012289485662267063e-02 1.809285389167046010e-01 1.729631315430132099e-01 0.000000000000000000e+00
4.300000000000000000e+03 1.719890247855089260e-01 5.559854346836595740e-01 8.727810650887574129e-02 1.849112426035502965e-01 1.718252162039144160e-01 0.000000000000000000e+00
4.325000000000000000e+03 1.729889609761223745e-01 5.539371870732817671e-01 8.693673190714611143e-02 1.890077378243058825e-01 1.701183431952662806e-01 0.000000000000000000e+00
4.350000000000000000e+03 1.739888971667358231e-01 5.498406918525261533e-01 8.727810650887574129e-02 1.925352753755120716e-01 1.703459262630860338e-01 0.000000000000000000e+00
4.375000000000000000e+03 1.749888333573492716e-01 5.729403732362312596e-01 8.488848429676831842e-02 1.853664087391898030e-01 1.568047337278106468e-01 0.000000000000000000e+00
4.400000000000000000e+03 1.759887695479627201e-01 5.517751479289940697e-01 8.921256258534364381e-02 1.927628584433318248e-01 1.662494310423304478e-01 0.000000000000000000e+00
4.425000000000000000e+03 1.769887057385761686e-01 5.575785161583978189e-01 8.727810650887574129e-02 1.953800637232590010e-01 1.597633136094674666e-01 0.000000000000000000e+00
4.450000000000000000e+03 1.779886419291896171e-01 5.506372325898952758e-01 9.228493400091032639e-02 2.007282658170232159e-01 1.563495675921711403e-01 0.000000000000000000e+00
4.475000000000000000e+03 1.789885781198028436e-01 5.593991807009558448e-01 9.012289485662267063e-02 2.002730996813837094e-01 1.502048247610377751e-01 0.000000000000000000e+00
4.500000000000000000e+03 1.799885143104162921e-01 5.576923076923077094e-01 8.830223031406463086e-02 2.088074647246244975e-01 1.451979972690031762e-01 0.000000000000000000e+00
4.525000000000000000e+03 1.809884505010297406e-01 5.505234410559853853e-01 9.205735093309057315e-02 2.104005461993627701e-01 1.470186618115612298e-01 0.000000000000000000e+00
4.550000000000000000e+03 1.819883866916431892e-01 5.566681838871188059e-01 9.296768320436959998e-02 2.167728720983158885e-01 1.335912608101957333e-01 0.000000000000000000e+00
4.575000000000000000e+03 1.829883228822566377e-01 5.614474283113336517e-01 9.205735093309057315e-02 2.152935821574874786e-01 1.312016385980883104e-01 0.000000000000000000e+00
4.600000000000000000e+03 1.839882590728700862e-01 5.587164314974966128e-01 9.604005461993628257e-02 2.175694128356850388e-01 1.276741010468821214e-01 0.000000000000000000e+00
4.625000000000000000e+03 1.849881952634835347e-01 5.605370960400546387e-01 9.330905780609922984e-02 2.154073736913973691e-01 1.307464724624488039e-01 0.000000000000000000e+00
4.650000000000000000e+03 1.859881314540969832e-01 5.580336822940372699e-01 9.512972234865725574e-02 2.220072826581702408e-01 1.248293126991351781e-01 0.000000000000000000e+00
4.675000000000000000e+03 1.869880676447104317e-01 5.435821574874829532e-01 9.660901228948566566e-02 2.223486572598998567e-01 1.374601729631315383e-01 0.000000000000000000e+00
4.700000000000000000e+03 1.879880038353236582e-01 5.483614019116977989e-01 9.524351388256713236e-02 2.329312699135184239e-01 1.234638142922166587e-01 0.000000000000000000e+00
4.725000000000000000e+03 1.889879400259371067e-01 5.547337278106508895e-01 9.046426945835230049e-02 2.321347291761493015e-01 1.226672735548475224e-01 0.000000000000000000e+00
4.750000000000000000e+03 1.899878762165505552e-01 5.566681838871188059e-01 9.353664087391898307e-02 2.307692307692307820e-01 1.190259444697314567e-01 0.000000000000000000e+00
4.775000000000000000e+03 1.909878124071640038e-01 5.543923532089212181e-01 9.820209376422393832e-02 2.339553937187073274e-01 1.134501593081474746e-01 0.000000000000000000e+00
4.800000000000000000e+03 1.919877485977774523e-01 5.641784251251706905e-01 9.182976786527081992e-02 2.299726900318616318e-01 1.139053254437869811e-01 1.137915339098771066e-04
4.825000000000000000e+03 1.929876847883909008e-01 5.659990896677287164e-01 9.467455621301774926e-02 2.315657715065999045e-01 1.077605826126536159e-01 0.000000000000000000e+00
4.850000000000000000e+03 1.939876209790043493e-01 5.655439235320892655e-01 9.421939007737824279e-02 2.345243513882567243e-01 1.057123350022758368e-01 0.000000000000000000e+00
4.875000000000000000e+03 1.949875571696177978e-01 5.633818843878015681e-01 9.524351388256713236e-02 2.347519344560764776e-01 1.066226672735548497e-01 0.000000000000000000e+00
4.900000000000000000e+03 1.959874933602312463e-01 5.670232134729176199e-01 9.285389167045972336e-02 2.413518434228493492e-01 9.877105143377332142e-02 0.000000000000000000e+00
4.925000000000000000e+03 1.969874295508444728e-01 5.637232589895311285e-01 9.330905780609922984e-02 2.408966772872098427e-01 1.020710059171597572e-01 0.000000000000000000e+00
4.950000000000000000e+03 1.979873657414579213e-01 5.565543923532089154e-01 9.501593081474737912e-02 2.441966317705962786e-01 1.042330450614474269e-01 0.000000000000000000e+00
4.975000000000000000e+03 1.989873019320713698e-01 5.649749658625398130e-01 9.114701866181156020e-02 2.408966772872098427e-01 1.029813381884387841e-01 0.000000000000000000e+00
5.000000000000000000e+03 1.999872381226848184e-01 5.600819299044150767e-01 9.649522075557578904e-02 2.432862994993172379e-01 1.001365498406918547e-01 0.000000000000000000e+00
5.025000000000000000e+03 2.009871743132982669e-01 5.565543923532089154e-01 9.968138370505234824e-02 2.494310423304506030e-01 9.433318161128811941e-02 0.000000000000000000e+00
5.050000000000000000e+03 2.019871105039117154e-01 5.549613108784706705e-01 1.028675466545289074e-01 2.490896677287209870e-01 9.308147473827947660e-02 0.000000000000000000e+00
5.075000000000000000e+03 2.029870466945251639e-01 5.583750568957669413e-01 1.007055075102412378e-01 2.503413746017296160e-01 9.057806099226217711e-02 0.000000000000000000e+00
5.100000000000000000e+03 2.039869828851386124e-01 5.518889394629039602e-01 1.019572143832498806e-01 2.575102412380518846e-01 8.852981338188438409e-02 1.137915339098771066e-04
5.125000000000000000e+03 2.049869190757520609e-01 5.540509786071916576e-01 1.029813381884387841e-01 2.543240782885753393e-01 8.864360491579426071e-02 0.000000000000000000e+00
5.150000000000000000e+03 2.059868552663652874e-01 5.507510241238051663e-01 1.025261720527992776e-01 2.558033682294037492e-01 9.091943559399180697e-02 0.000000000000000000e+00
5.175000000000000000e+03 2.069867914569787359e-01 5.557578516158397930e-01 1.050295857988165632e-01 2.596722803823395265e-01 7.954028220300408958e-02 0.000000000000000000e+00
5.200000000000000000e+03 2.079867276475921845e-01 5.575785161583978189e-01 1.021847974510696339e-01 2.570550751024123781e-01 8.306781975421029252e-02 1.137915339098771066e-04
5.225000000000000000e+03 2.089866638382056330e-01 5.588302230314065033e-01 1.041192535275375503e-01 2.560309512972234747e-01 8.090578060992262288e-02 1.137915339098771066e-04
5.250000000000000000e+03 2.099866000288190815e-01 5.733955393718707105e-01 1.038916704597177970e-01 2.485207100591715901e-01 7.419208010923987462e-02 0.000000000000000000e+00
5.275000000000000000e+03 2.109865362194325300e-01 5.634956759217114586e-01 1.063950842057350965e-01 2.589895311788802945e-01 7.111970869367319203e-02 0.000000000000000000e+00
5.300000000000000000e+03 2.119864724100459785e-01 5.564406008192990249e-01 1.071916249431042328e-01 2.609239872553482109e-01 7.532999544833864081e-02 1.137915339098771066e-04
5.325000000000000000e+03 2.129864086006594270e-01 5.551888939462903405e-01 1.074192080109239861e-01 2.614929449248976079e-01 7.589895311788802390e-02 0.000000000000000000e+00
5.350000000000000000e+03 2.139863447912728756e-01 5.637232589895311285e-01 1.038916704597177970e-01 2.639963586709148657e-01 6.827492034592626269e-02 1.137915339098771066e-04
5.375000000000000000e+03 2.149862809818861020e-01 5.582612653618570508e-01 1.088984979517523960e-01 2.711652253072371344e-01 6.167501137915339104e-02 0.000000000000000000e+00
5.400000000000000000e+03 2.159862171724995505e-01 5.573509330905780379e-01 1.104915794264906687e-01 2.725307237141556538e-01 5.962676376877560497e-02 0.000000000000000000e+00
5.425000000000000000e+03 2.169861533631129991e-01 5.604233045061447482e-01 1.095812471552116557e-01 2.680928538916704795e-01 6.190259444697314428e-02 0.000000000000000000e+00
5.450000000000000000e+03 2.179860895537264476e-01 5.599681383705051863e-01 1.062812926718252199e-01 2.724169321802457633e-01 6.133363677742376119e-02 0.000000000000000000e+00
5.475000000000000000e+03 2.189860257443398961e-01 5.573509330905780379e-01 1.090122894856622726e-01 2.707100591715976279e-01 6.292671825216203385e-02 0.000000000000000000e+00
5.500000000000000000e+03 2.199859619349533446e-01 5.586026399635867223e-01 1.094674556213017791e-01 2.718479745106964218e-01 6.008192990441511144e-02 0.000000000000000000e+00
5.525000000000000000e+03 2.209858981255667931e-01 5.535958124715520956e-01 1.101502048247610388e-01 2.777651342740100060e-01 5.837505689576695522e-02 1.137915339098771066e-04
5.550000000000000000e+03 2.219858343161802416e-01 5.589440145653163938e-01 1.127674101046882149e-01 2.736686390532544477e-01 5.450614474283113631e-02 1.137915339098771066e-04
5.575000000000000000e+03 2.229857705067936902e-01 5.615612198452435422e-01 1.134501593081474746e-01 2.703686845698680119e-01 5.461993627674101293e-02 0.000000000000000000e+00
5.600000000000000000e+03 2.239857066974069166e-01 5.509786071916249472e-01 1.140191169776968577e-01 2.761720527992717611e-01 5.883022303140646170e-02 0.000000000000000000e+00
5.625000000000000000e+03 2.249856428880203651e-01 5.566681838871188059e-01 1.177742375967228000e-01 2.727583067819754348e-01 5.279927173418298009e-02 0.000000000000000000e+00
5.650000000000000000e+03 2.259855790786338137e-01 5.558716431497496835e-01 1.205052344105598527e-01 2.697997269003186149e-01 5.382339553937186966e-02 0.000000000000000000e+00
5.675000000000000000e+03 2.269855152692472622e-01 5.532544378698225351e-01 1.193673190714610866e-01 2.719617660446062568e-01 5.541647701411014926e-02 0.000000000000000000e+00
