# itime ezz other fcc hcp bcc ico
0.000000000000000000e+00 0.000000000000000000e+00 0.000000000000000000e+00 1.000000000000000000e+00 0.000000000000000000e+00 0.000000000000000000e+00 0.000000000000000000e+00
2.500000000000000000e+02 1.000061795332074510e-03 0.000000000000000000e+00 1.000000000000000000e+00 0.000000000000000000e+00 0.000000000000000000e+00 0.000000000000000000e+00
5.000000000000000000e+02 2.000123590664149020e-03 0.000000000000000000e+00 1.000000000000000000e+00 0.000000000000000000e+00 0.000000000000000000e+00 0.000000000000000000e+00
7.500000000000000000e+02 3.000185385996223530e-03 0.000000000000000000e+00 1.000000000000000000e+00 0.000000000000000000e+00 0.000000000000000000e+00 0.000000000000000000e+00
1.000000000000000000e+03 4.000247181328075996e-03 0.000000000000000000e+00 1.000000000000000000e+00 0.000000000000000000e+00 0.000000000000000000e+00 0.000000000000000000e+00
1.250000000000000000e+03 5.000308976660150506e-03 0.000000000000000000e+00 1.000000000000000000e+00 0.000000000000000000e+00 0.000000000000000000e+00 0.000000000000000000e+00
1.500000000000000000e+03 6.000370771992225016e-03 0.000000000000000000e+00 1.000000000000000000e+00 0.000000000000000000e+00 0.000000000000000000e+00 0.000000000000000000e+00
1.750000000000000000e+03 7.000432567324299526e-03 0.000000000000000000e+00 1.000000000000000000e+00 0.000000000000000000e+00 0.000000000000000000e+00 0.000000000000000000e+00
2.000000000000000000e+03 8.000494362656374037e-03 0.000000000000000000e+00 1.000000000000000000e+00 0.000000000000000000e+00 0.000000000000000000e+00 0.000000000000000000e+00
2.250000000000000000e+03 9.000556157988448547e-03 0.000000000000000000e+00 1.000000000000000000e+00 0.000000000000000000e+00 0.000000000000000000e+00 0.000000000000000000e+00
2.500000000000000000e+03 1.000061795332052306e-02 0.000000000000000000e+00 1.000000000000000000e+00 0.000000000000000000e+00 0.000000000000000000e+00 0.000000000000000000e+00
2.750000000000000000e+03 1.100067974865237552e-02 0.000000000000000000e+00 1.000000000000000000e+00 0.000000000000000000e+00 0.000000000000000000e+00 0.000000000000000000e+00
3.000000000000000000e+03 1.200074154398445003e-02 0.000000000000000000e+00 1.000000000000000000e+00 0.000000000000000000e+00 0.000000000000000000e+00 0.000000000000000000e+00
3.250000000000000000e+03 1.300080333931652454e-02 0.000000000000000000e+00 1.000000000000000000e+00 0.000000000000000000e+00 0.000000000000000000e+00 0.000000000000000000e+00
3.500000000000000000e+03 1.400086513464859905e-02 0.000000000000000000e+00 1.000000000000000000e+00 0.000000000000000000e+00 0.000000000000000000e+00 0.000000000000000000e+00
3.750000000000000000e+03 1.500092692998067356e-02 0.000000000000000000e+00 1.000000000000000000e+00 0.000000000000000000e+00 0.000000000000000000e+00 0.000000000000000000e+00
4.000000000000000000e+03 1.600098872531274807e-02 0.000000000000000000e+00 1.000000000000000000e+00 0.000000000000000000e+00 0.000000000000000000e+00 0.000000000000000000e+00
4.250000000000000000e+03 1.700105052064482258e-02 0.000000000000000000e+00 1.000000000000000000e+00 0.000000000000000000e+00 0.000000000000000000e+00 0.000000000000000000e+00
4.500000000000000000e+03 1.800111231597667505e-02 0.000000000000000000e+00 1.000000000000000000e+00 0.000000000000000000e+00 0.000000000000000000e+00 0.000000000000000000e+00
4.750000000000000000e+03 1.900117411130874956e-02 0.000000000000000000e+00 1.000000000000000000e+00 0.000000000000000000e+00 0.000000000000000000e+00 0.000000000000000000e+00
5.000000000000000000e+03 2.000123590664082407e-02 0.000000000000000000e+00 1.000000000000000000e+00 0.000000000000000000e+00 0.000000000000000000e+00 0.000000000000000000e+00
5.250000000000000000e+03 2.100129770197289858e-02 0.000000000000000000e+00 1.000000000000000000e+00 0.000000000000000000e+00 0.000000000000000000e+00 0.000000000000000000e+00
5.500000000000000000e+03 2.200135949730497309e-02 0.000000000000000000e+00 1.000000000000000000e+00 0.000000000000000000e+00 0.000000000000000000e+00 0.000000000000000000e+00
5.750000000000000000e+03 2.300142129263704760e-02 0.000000000000000000e+00 1.000000000000000000e+00 0.000000000000000000e+00 0.000000000000000000e+00 0.000000000000000000e+00
6.000000000000000000e+03 2.400148308796912211e-02 0.000000000000000000e+00 1.000000000000000000e+00 0.000000000000000000e+00 0.000000000000000000e+00 0.000000000000000000e+00
6.250000000000000000e+03 2.500154488330097458e-02 0.000000000000000000e+00 1.000000000000000000e+00 0.000000000000000000e+00 0.000000000000000000e+00 0.000000000000000000e+00
6.500000000000000000e+03 2.600160667863304909e-02 0.000000000000000000e+00 1.000000000000000000e+00 0.000000000000000000e+00 0.000000000000000000e+00 0.000000000000000000e+00
6.750000000000000000e+03 2.700166847396512360e-02 0.000000000000000000e+00 1.000000000000000000e+00 0.000000000000000000e+00 0.000000000000000000e+00 0.000000000000000000e+00
7.000000000000000000e+03 2.800173026929719811e-02 0.000000000000000000e+00 1.000000000000000000e+00 0.000000000000000000e+00 0.000000000000000000e+00 0.000000000000000000e+00
7.250000000000000000e+03 2.900179206462927262e-02 0.000000000000000000e+00 1.000000000000000000e+00 0.000000000000000000e+00 0.000000000000000000e+00 0.000000000000000000e+00
7.500000000000000000e+03 3.000185385996134713e-02 0.000000000000000000e+00 1.000000000000000000e+00 0.000000000000000000e+00 0.000000000000000000e+00 0.000000000000000000e+00
7.750000000000000000e+03 3.100191565529342164e-02 0.000000000000000000e+00 1.000000000000000000e+00 0.000000000000000000e+00 0.000000000000000000e+00 0.000000000000000000e+00
8.000000000000000000e+03 3.200197745062527410e-02 0.000000000000000000e+00 1.000000000000000000e+00 0.000000000000000000e+00 0.000000000000000000e+00 0.000000000000000000e+00
8.250000000000000000e+03 3.300203924595734861e-02 0.000000000000000000e+00 1.000000000000000000e+00 0.000000000000000000e+00 0.000000000000000000e+00 0.000000000000000000e+00
8.500000000000000000e+03 3.400210104128942312e-02 0.000000000000000000e+00 1.000000000000000000e+00 0.000000000000000000e+00 0.000000000000000000e+00 0.000000000000000000e+00
8.750000000000000000e+03 3.500216283662149763e-02 0.000000000000000000e+00 1.000000000000000000e+00 0.000000000000000000e+00 0.000000000000000000e+00 0.000000000000000000e+00
9.000000000000000000e+03 3.600222463195357214e-02 0.000000000000000000e+00 1.000000000000000000e+00 0.000000000000000000e+00 0.000000000000000000e+00 0.000000000000000000e+00
9.250000000000000000e+03 3.700228642728564665e-02 0.000000000000000000e+00 1.000000000000000000e+00 0.000000000000000000e+00 0.000000000000000000e+00 0.000000000000000000e+00
9.500000000000000000e+03 3.800234822261772116e-02 0.000000000000000000e+00 1.000000000000000000e+00 0.000000000000000000e+00 0.000000000000000000e+00 0.000000000000000000e+00
9.750000000000000000e+03 3.900241001794957363e-02 0.000000000000000000e+00 1.000000000000000000e+00 0.000000000000000000e+00 0.000000000000000000e+00 0.000000000000000000e+00
1.000000000000000000e+04 4.000247181328164814e-02 0.000000000000000000e+00 1.000000000000000000e+00 0.000000000000000000e+00 0.000000000000000000e+00 0.000000000000000000e+00
1.025000000000000000e+04 4.100253360861372265e-02 0.000000000000000000e+00 1.000000000000000000e+00 0.000000000000000000e+00 0.000000000000000000e+00 0.000000000000000000e+00
1.050000000000000000e+04 4.200259540394579716e-02 0.000000000000000000e+00 1.000000000000000000e+00 0.000000000000000000e+00 0.000000000000000000e+00 0.000000000000000000e+00
1.075000000000000000e+04 4.300265719927787167e-02 0.000000000000000000e+00 1.000000000000000000e+00 0.000000000000000000e+00 0.000000000000000000e+00 0.000000000000000000e+00
1.100000000000000000e+04 4.400271899460994618e-02 0.000000000000000000e+00 1.000000000000000000e+00 0.000000000000000000e+00 0.000000000000000000e+00 0.000000000000000000e+00
1.125000000000000000e+04 4.500278078994202069e-02 0.000000000000000000e+00 1.000000000000000000e+00 0.000000000000000000e+00 0.000000000000000000e+00 0.000000000000000000e+00
1.150000000000000000e+04 4.600284258527387315e-02 0.000000000000000000e+00 1.000000000000000000e+00 0.000000000000000000e+00 0.000000000000000000e+00 0.000000000000000000e+00
1.175000000000000000e+04 4.700290438060594767e-02 0.000000000000000000e+00 1.000000000000000000e+00 0.000000000000000000e+00 0.000000000000000000e+00 0.000000000000000000e+00
1.200000000000000000e+04 4.800296617593802218e-02 0.000000000000000000e+00 1.000000000000000000e+00 0.000000000000000000e+00 0.000000000000000000e+00 0.000000000000000000e+00
1.225000000000000000e+04 4.900302797127009669e-02 0.000000000000000000e+00 1.000000000000000000e+00 0.000000000000000000e+00 0.000000000000000000e+00 0.000000000000000000e+00
1.250000000000000000e+04 5.000308976660217120e-02 0.000000000000000000e+00 1.000000000000000000e+00 0.000000000000000000e+00 0.000000000000000000e+00 0.000000000000000000e+00
1.275000000000000000e+04 5.100315156193424571e-02 0.000000000000000000e+00 1.000000000000000000e+00 0.000000000000000000e+00 0.000000000000000000e+00 0.000000000000000000e+00
1.300000000000000000e+04 5.200321335726632022e-02 0.000000000000000000e+00 1.000000000000000000e+00 0.000000000000000000e+00 0.000000000000000000e+00 0.000000000000000000e+00
1.325000000000000000e+04 5.300327515259817268e-02 0.000000000000000000e+00 1.000000000000000000e+00 0.000000000000000000e+00 0.000000000000000000e+00 0.000000000000000000e+00
1.350000000000000000e+04 5.400333694793024719e-02 0.000000000000000000e+00 1.000000000000000000e+00 0.000000000000000000e+00 0.000000000000000000e+00 0.000000000000000000e+00
1.375000000000000000e+04 5.500339874326232170e-02 0.000000000000000000e+00 1.000000000000000000e+00 0.000000000000000000e+00 0.000000000000000000e+00 0.000000000000000000e+00
1.400000000000000000e+04 5.600346053859439621e-02 2.275830678197542133e-04 9.997724169321802190e-01 0.000000000000000000e+00 0.000000000000000000e+00 0.000000000000000000e+00
1.425000000000000000e+04 5.700352233392647072e-02 0.000000000000000000e+00 1.000000000000000000e+00 0.000000000000000000e+00 0.000000000000000000e+00 0.000000000000000000e+00
1.450000000000000000e+04 5.800358412925854523e-02 0.000000000000000000e+00 1.000000000000000000e+00 0.000000000000000000e+00 0.000000000000000000e+00 0.000000000000000000e+00
1.475000000000000000e+04 5.900364592459061974e-02 0.000000000000000000e+00 1.000000000000000000e+00 0.000000000000000000e+00 0.000000000000000000e+00 0.000000000000000000e+00
1.500000000000000000e+04 6.000370771992247221e-02 0.000000000000000000e+00 1.000000000000000000e+00 0.000000000000000000e+00 0.000000000000000000e+00 0.000000000000000000e+00
1.525000000000000000e+04 6.100376951525454672e-02 0.000000000000000000e+00 1.000000000000000000e+00 0.000000000000000000e+00 0.000000000000000000e+00 0.000000000000000000e+00
1.550000000000000000e+04 6.200383131058662123e-02 0.000000000000000000e+00 1.000000000000000000e+00 0.000000000000000000e+00 0.000000000000000000e+00 0.000000000000000000e+00
1.575000000000000000e+04 6.300389310591869574e-02 0.000000000000000000e+00 1.000000000000000000e+00 0.000000000000000000e+00 0.000000000000000000e+00 0.000000000000000000e+00
1.600000000000000000e+04 6.400395490125077025e-02 0.000000000000000000e+00 1.000000000000000000e+00 0.000000000000000000e+00 0.000000000000000000e+00 0.000000000000000000e+00
1.625000000000000000e+04 6.500401669658284476e-02 1.137915339098771066e-04 9.998862084660901095e-01 0.000000000000000000e+00 0.000000000000000000e+00 0.000000000000000000e+00
1.650000000000000000e+04 6.600407849191491927e-02 0.000000000000000000e+00 1.000000000000000000e+00 0.000000000000000000e+00 0.000000000000000000e+00 0.000000000000000000e+00
1.675000000000000000e+04 6.700414028724677173e-02 4.551661356395084266e-04 9.995448338643604380e-01 0.000000000000000000e+00 0.000000000000000000e+00 0.000000000000000000e+00
1.700000000000000000e+04 6.800420208257884624e-02 0.000000000000000000e+00 1.000000000000000000e+00 0.000000000000000000e+00 0.000000000000000000e+00 0.000000000000000000e+00
1.725000000000000000e+04 6.900426387791092075e-02 1.137915339098771066e-04 9.998862084660901095e-01 0.000000000000000000e+00 0.000000000000000000e+00 0.000000000000000000e+00
1.750000000000000000e+04 7.000432567324299526e-02 0.000000000000000000e+00 1.000000000000000000e+00 0.000000000000000000e+00 0.000000000000000000e+00 0.000000000000000000e+00
1.775000000000000000e+04 7.100438746857506978e-02 3.413746017296313199e-04 9.996586253982703285e-01 0.000000000000000000e+00 0.000000000000000000e+00 0.000000000000000000e+00
1.800000000000000000e+04 7.200444926390714429e-02 1.137915339098771066e-04 9.998862084660901095e-01 0.000000000000000000e+00 0.000000000000000000e+00 0.000000000000000000e+00
1.825000000000000000e+04 7.300451105923921880e-02 0.000000000000000000e+00 1.000000000000000000e+00 0.000000000000000000e+00 0.000000000000000000e+00 0.000000000000000000e+00
1.850000000000000000e+04 7.400457285457107126e-02 0.000000000000000000e+00 1.000000000000000000e+00 0.000000000000000000e+00 0.000000000000000000e+00 0.000000000000000000e+00
1.875000000000000000e+04 7.500463464990314577e-02 0.000000000000000000e+00 1.000000000000000000e+00 0.000000000000000000e+00 0.000000000000000000e+00 0.000000000000000000e+00
1.900000000000000000e+04 7.600469644523522028e-02 9.103322712790168532e-04 9.990896677287209870e-01 0.000000000000000000e+00 0.000000000000000000e+00 0.000000000000000000e+00
1.925000000000000000e+04 7.700475824056729479e-02 1.137915339098771066e-04 9.998862084660901095e-01 0.000000000000000000e+00 0.000000000000000000e+00 0.000000000000000000e+00
1.950000000000000000e+04 7.800482003589936930e-02 0.000000000000000000e+00 1.000000000000000000e+00 0.000000000000000000e+00 0.000000000000000000e+00 0.000000000000000000e+00
1.975000000000000000e+04 7.900488183123144381e-02 0.000000000000000000e+00 1.000000000000000000e+00 0.000000000000000000e+00 0.000000000000000000e+00 0.000000000000000000e+00
2.000000000000000000e+04 8.000494362656351832e-02 1.137915339098771066e-04 9.998862084660901095e-01 0.000000000000000000e+00 0.000000000000000000e+00 0.000000000000000000e+00
2.025000000000000000e+04 8.100500542189559283e-02 1.137915339098771066e-04 9.998862084660901095e-01 0.000000000000000000e+00 0.000000000000000000e+00 0.000000000000000000e+00
2.050000000000000000e+04 8.200506721722744530e-02 5.689576695493854790e-04 9.994310423304506585e-01 0.000000000000000000e+00 0.000000000000000000e+00 0.000000000000000000e+00
2.075000000000000000e+04 8.300512901255951981e-02 0.000000000000000000e+00 1.000000000000000000e+00 0.000000000000000000e+00 0.000000000000000000e+00 0.000000000000000000e+00
2.100000000000000000e+04 8.400519080789159432e-02 1.251706873008648227e-03 9.986345015930814251e-01 0.000000000000000000e+00 1.137915339098771066e-04 0.000000000000000000e+00
2.125000000000000000e+04 8.500525260322366883e-02 6.827492034592626399e-04 9.993172507965407680e-01 0.000000000000000000e+00 0.000000000000000000e+00 0.000000000000000000e+00
2.150000000000000000e+04 8.600531439855574334e-02 4.551661356395084266e-04 9.995448338643604380e-01 0.000000000000000000e+00 0.000000000000000000e+00 0.000000000000000000e+00
2.175000000000000000e+04 8.700537619388781785e-02 7.965407373691396923e-04 9.992034592626308775e-01 0.000000000000000000e+00 0.000000000000000000e+00 0.000000000000000000e+00
2.200000000000000000e+04 8.800543798921989236e-02 4.551661356395084266e-04 9.995448338643604380e-01 0.000000000000000000e+00 0.000000000000000000e+00 0.000000000000000000e+00
2.225000000000000000e+04 8.900549978455174482e-02 1.365498406918525280e-03 9.986345015930814251e-01 0.000000000000000000e+00 0.000000000000000000e+00 0.000000000000000000e+00
2.250000000000000000e+04 9.000556157988381933e-02 2.275830678197542133e-04 9.997724169321802190e-01 0.000000000000000000e+00 0.000000000000000000e+00 0.000000000000000000e+00
2.275000000000000000e+04 9.100562337521589384e-02 4.551661356395084266e-04 9.995448338643604380e-01 0.000000000000000000e+00 0.000000000000000000e+00 0.000000000000000000e+00
2.300000000000000000e+04 9.200568517054796835e-02 7.965407373691396923e-04 9.992034592626308775e-01 0.000000000000000000e+00 0.000000000000000000e+00 0.000000000000000000e+00
2.325000000000000000e+04 9.300574696588004286e-02 1.024123805188893906e-03 9.989758761948110966e-01 0.000000000000000000e+00 0.000000000000000000e+00 0.000000000000000000e+00
2.350000000000000000e+04 9.400580876121211737e-02 1.593081474738279385e-03 9.980655439235320836e-01 0.000000000000000000e+00 3.413746017296313199e-04 0.000000000000000000e+00
2.375000000000000000e+04 9.500587055654419188e-02 3.755120619025944465e-03 9.961310878470641672e-01 0.000000000000000000e+00 1.137915339098771066e-04 0.000000000000000000e+00
2.400000000000000000e+04 9.600593235187604435e-02 2.958579881656804664e-03 9.969276285844332897e-01 0.000000000000000000e+00 1.137915339098771066e-04 0.000000000000000000e+00
2.425000000000000000e+04 9.700599414720811886e-02 2.730996813837050560e-03 9.972690031861629611e-01 0.000000000000000000e+00 0.000000000000000000e+00 0.000000000000000000e+00
2.450000000000000000e+04 9.800605594254019337e-02 7.965407373691396923e-04 9.992034592626308775e-01 0.000000000000000000e+00 0.000000000000000000e+00 0.000000000000000000e+00
2.475000000000000000e+04 9.900611773787226788e-02 3.072371415566681717e-03 9.969276285844332897e-01 0.000000000000000000e+00 0.000000000000000000e+00 0.000000000000000000e+00
2.500000000000000000e+04 1.000061795332043424e-01 2.389622212107419402e-03 9.976103777878926326e-01 0.000000000000000000e+00 0.000000000000000000e+00 0.000000000000000000e+00
2.525000000000000000e+04 1.010062413285364169e-01 4.324078288575329727e-03 9.955621301775148257e-01 0.000000000000000000e+00 1.137915339098771066e-04 0.000000000000000000e+00
2.550000000000000000e+04 1.020063031238684914e-01 3.641329085116067413e-03 9.962448793809740577e-01 0.000000000000000000e+00 1.137915339098771066e-04 0.000000000000000000e+00
2.575000000000000000e+04 1.030063649192003439e-01 4.437869822485207214e-03 9.952207555757851543e-01 0.000000000000000000e+00 3.413746017296313199e-04 0.000000000000000000e+00
2.600000000000000000e+04 1.040064267145324184e-01 4.779244424214838804e-03 9.951069640418752638e-01 0.000000000000000000e+00 1.137915339098771066e-04 0.000000000000000000e+00
2.625000000000000000e+04 1.050064885098644929e-01 5.689576695493855224e-03 9.938552571688666903e-01 0.000000000000000000e+00 4.551661356395084266e-04 0.000000000000000000e+00
2.650000000000000000e+04 1.060065503051965674e-01 4.893035958124715423e-03 9.941966317705962508e-01 0.000000000000000000e+00 9.103322712790168532e-04 0.000000000000000000e+00
2.675000000000000000e+04 1.070066121005286419e-01 1.354119253527537488e-02 9.846381429221665593e-01 0.000000000000000000e+00 1.820664542558033706e-03 0.000000000000000000e+00
2.700000000000000000e+04 1.080066738958607164e-01 1.752389622212107562e-02 9.805416477014110566e-01 0.000000000000000000e+00 1.934456076467910759e-03 0.000000000000000000e+00
2.725000000000000000e+04 1.090067356911927909e-01 1.593081474738279601e-02 9.767865270823851143e-01 0.000000000000000000e+00 7.282658170232134826e-03 0.000000000000000000e+00
2.750000000000000000e+04 1.100067974865246434e-01 8.147473827947200598e-02 6.859353664087392000e-01 0.000000000000000000e+00 2.325898953117888079e-01 0.000000000000000000e+00
2.775000000000000000e+04 1.110068592818567179e-01 1.496358670914884059e-01 3.212335002275830687e-01 5.120619025944469528e-03 5.240100136549841192e-01 0.000000000000000000e+00
2.800000000000000000e+04 1.120069210771887924e-01 2.375967228038234069e-01 5.386891215293582169e-01 1.816112881201638607e-01 4.210286754665452935e-02 0.000000000000000000e+00
2.825000000000000000e+04 1.130069828725208669e-01 1.652253072371415443e-01 6.444014565316340537e-01 1.771734182976786587e-01 1.319981793354574502e-02 0.000000000000000000e+00
2.850000000000000000e+04 1.140070446678529414e-01 8.784706417842512438e-02 7.526172052799271484e-01 1.532771961766044577e-01 6.258534365043240920e-03 0.000000000000000000e+00
2.875000000000000000e+04 1.150071064631850160e-01 5.234410559854346667e-02 8.121301775147928836e-01 1.329085116067364458e-01 2.617205279927173507e-03 0.000000000000000000e+00
2.900000000000000000e+04 1.160071682585170905e-01 4.210286754665452935e-02 8.153163404642694845e-01 1.398497951752389612e-01 2.730996813837050560e-03 0.000000000000000000e+00
2.925000000000000000e+04 1.170072300538489429e-01 3.026854802002730896e-02 8.214610832954027941e-01 1.477014110150204895e-01 5.689576695493854790e-04 0.000000000000000000e+00
2.950000000000000000e+04 1.180072918491810174e-01 3.026854802002730896e-02 8.224852071005916976e-01 1.465634956759217233e-01 6.827492034592626399e-04 0.000000000000000000e+00
2.975000000000000000e+04 1.190073536445130920e-01 2.969959035047792587e-02 8.232817478379608200e-01 1.459945380063723264e-01 1.024123805188893906e-03 0.000000000000000000e+00
3.000000000000000000e+04 1.200074154398451665e-01 2.969959035047792587e-02 8.231679563040509295e-01 1.464497041420118328e-01 6.827492034592626399e-04 0.000000000000000000e+00
3.025000000000000000e+04 1.210074772351772410e-01 3.038233955393718558e-02 8.222576240327719166e-01 1.461083295402822169e-01 1.251706873008648227e-03 0.000000000000000000e+00
3.050000000000000000e+04 1.220075390305093155e-01 2.924442421483841592e-02 8.228265817023213691e-01 1.470186618115612298e-01 9.103322712790168532e-04 0.000000000000000000e+00
3.075000000000000000e+04 1.230076008258413900e-01 2.878925807919890598e-02 8.237369139736003820e-01 1.470186618115612298e-01 4.551661356395084266e-04 0.000000000000000000e+00
3.100000000000000000e+04 1.240076626211732425e-01 3.004096495220755572e-02 8.235093309057806010e-01 1.458807464724624359e-01 5.689576695493854790e-04 0.000000000000000000e+00
3.125000000000000000e+04 1.250077244165053170e-01 2.924442421483841592e-02 8.223714155666818071e-01 1.472462448793809831e-01 1.137915339098770958e-03 0.000000000000000000e+00
3.150000000000000000e+04 1.260077862118373915e-01 2.947200728265816916e-02 8.220300409649522466e-01 1.477014110150204895e-01 7.965407373691396923e-04 0.000000000000000000e+00
3.175000000000000000e+04 1.270078480071694660e-01 3.060992262175694228e-02 8.223714155666818071e-01 1.465634956759217233e-01 4.551661356395084266e-04 0.000000000000000000e+00
3.200000000000000000e+04 1.280079098025015405e-01 2.981338188438780248e-02 8.227127901684114786e-01 1.467910787437414766e-01 6.827492034592626399e-04 0.000000000000000000e+00
3.225000000000000000e+04 1.290079715978336150e-01 2.969959035047792587e-02 8.230541647701411501e-01 1.463359126081019701e-01 9.103322712790168532e-04 0.000000000000000000e+00
3.250000000000000000e+04 1.300080333931656895e-01 3.026854802002730896e-02 8.223714155666818071e-01 1.464497041420118328e-01 9.103322712790168532e-04 0.000000000000000000e+00
3.275000000000000000e+04 1.310080951884975420e-01 3.004096495220755572e-02 8.219162494310423561e-01 1.463359126081019701e-01 1.706873008648156654e-03 0.000000000000000000e+00
3.300000000000000000e+04 1.320081569838296165e-01 2.958579881656804578e-02 8.224852071005916976e-01 1.467910787437414766e-01 1.137915339098770958e-03 0.000000000000000000e+00
3.325000000000000000e+04 1.330082187791616910e-01 3.095129722348657214e-02 8.206645425580336717e-01 1.474738279472007363e-01 9.103322712790168532e-04 0.000000000000000000e+00
3.350000000000000000e+04 1.340082805744937655e-01 3.106508875739644876e-02 8.211197086936732337e-01 1.464497041420118328e-01 1.365498406918525280e-03 0.000000000000000000e+00
3.375000000000000000e+04 1.350083423698258400e-01 3.379608557123350149e-02 8.169094219390077294e-01 1.477014110150204895e-01 1.593081474738279385e-03 0.000000000000000000e+00
3.400000000000000000e+04 1.360084041651579145e-01 4.142011834319526964e-02 8.109922621756940897e-01 1.461083295402822169e-01 1.479289940828402332e-03 0.000000000000000000e+00
3.425000000000000000e+04 1.370084659604899890e-01 2.969959035047792587e-02 8.207783340919435622e-01 1.472462448793809831e-01 2.275830678197541916e-03 0.000000000000000000e+00
3.450000000000000000e+04 1.380085277558218415e-01 2.514792899408284030e-02 8.284023668639053373e-01 1.450842057350933134e-01 1.365498406918525280e-03 0.000000000000000000e+00
3.475000000000000000e+04 1.390085895511539160e-01 2.446517979062357712e-02 8.290851160673645692e-01 1.455393718707328199e-01 9.103322712790168532e-04 0.000000000000000000e+00
3.500000000000000000e+04 1.400086513464859905e-01 2.537551206190259354e-02 8.288575329995447882e-01 1.442876649977241632e-01 1.479289940828402332e-03 0.000000000000000000e+00
3.525000000000000000e+04 1.410087131418180650e-01 2.446517979062357712e-02 8.296540737369140217e-01 1.446290395994538069e-01 1.251706873008648227e-03 0.000000000000000000e+00
3.550000000000000000e+04 1.420087749371501396e-01 2.435138825671370050e-02 8.304506144742831442e-01 1.445152480655439164e-01 6.827492034592626399e-04 0.000000000000000000e+00
3.575000000000000000e+04 1.430088367324822141e-01 2.514792899408284030e-02 8.299954483386435822e-01 1.440600819299044100e-01 7.965407373691396923e-04 0.000000000000000000e+00
3.600000000000000000e+04 1.440088985278142886e-01 2.571688666363222686e-02 8.293126991351843502e-01 1.439462903959945472e-01 1.024123805188893906e-03 0.000000000000000000e+00
3.625000000000000000e+04 1.450089603231461410e-01 2.321347291761493084e-02 8.298816568047336917e-01 1.449704142011834229e-01 1.934456076467910759e-03 0.000000000000000000e+00
3.650000000000000000e+04 1.460090221184782155e-01 2.355484751934456070e-02 8.301092398725534727e-01 1.454255803368229294e-01 9.103322712790168532e-04 0.000000000000000000e+00
3.675000000000000000e+04 1.470090839138102901e-01 2.412380518889394726e-02 8.299954483386435822e-01 1.447428311333636697e-01 1.137915339098770958e-03 0.000000000000000000e+00
3.700000000000000000e+04 1.480091457091423646e-01 2.389622212107419055e-02 8.298816568047336917e-01 1.449704142011834229e-01 1.251706873008648227e-03 0.000000000000000000e+00
3.725000000000000000e+04 1.490092075044744391e-01 2.355484751934456070e-02 8.304506144742831442e-01 1.447428311333636697e-01 1.251706873008648227e-03 0.000000000000000000e+00
3.750000000000000000e+04 1.500092692998065136e-01 2.423759672280382388e-02 8.301092398725534727e-01 1.445152480655439164e-01 1.137915339098770958e-03 0.000000000000000000e+00
3.775000000000000000e+04 1.510093310951385881e-01 2.435138825671370050e-02 8.304506144742831442e-01 1.444014565316340537e-01 7.965407373691396923e-04 0.000000000000000000e+00
3.800000000000000000e+04 1.520093928904704406e-01 2.503413746017296368e-02 8.297678652708238012e-01 1.445152480655439164e-01 6.827492034592626399e-04 0.000000000000000000e+00
3.825000000000000000e+04 1.530094546858025151e-01 2.469276285844333035e-02 8.299954483386435822e-01 1.445152480655439164e-01 7.965407373691396923e-04 0.000000000000000000e+00
3.850000000000000000e+04 1.540095164811345896e-01 2.435138825671370050e-02 8.304506144742831442e-01 1.448566226672735602e-01 3.413746017296313199e-04 0.000000000000000000e+00
3.875000000000000000e+04 1.550095782764666641e-01 2.412380518889394726e-02 8.301092398725534727e-01 1.448566226672735602e-01 9.103322712790168532e-04 0.000000000000000000e+00
3.900000000000000000e+04 1.560096400717987386e-01 2.423759672280382388e-02 8.299954483386435822e-01 1.446290395994538069e-01 1.137915339098770958e-03 0.000000000000000000e+00
3.925000000000000000e+04 1.570097018671308131e-01 2.457897132453345374e-02 8.302230314064633632e-01 1.446290395994538069e-01 5.689576695493854790e-04 0.000000000000000000e+00
3.950000000000000000e+04 1.580097636624628876e-01 2.526172052799271692e-02 8.294264906690942407e-01 1.446290395994538069e-01 6.827492034592626399e-04 0.000000000000000000e+00
3.975000000000000000e+04 1.590098254577947401e-01 2.389622212107419055e-02 8.304506144742831442e-01 1.446290395994538069e-01 1.024123805188893906e-03 0.000000000000000000e+00
4.000000000000000000e+04 1.600098872531268146e-01 2.446517979062357712e-02 8.294264906690942407e-01 1.450842057350933134e-01 1.024123805188893906e-03 0.000000000000000000e+00
4.025000000000000000e+04 1.610099490484588891e-01 2.469276285844333035e-02 8.293126991351843502e-01 1.449704142011834229e-01 9.103322712790168532e-04 1.137915339098771066e-04
4.050000000000000000e+04 1.620100108437909636e-01 2.457897132453345374e-02 8.298816568047336917e-01 1.447428311333636697e-01 7.965407373691396923e-04 0.000000000000000000e+00
4.075000000000000000e+04 1.630100726391230381e-01 2.514792899408284030e-02 8.296540737369140217e-01 1.446290395994538069e-01 5.689576695493854790e-04 0.000000000000000000e+00
4.100000000000000000e+04 1.640101344344551126e-01 2.617205279927173334e-02 8.281747837960855563e-01 1.444014565316340537e-01 1.251706873008648227e-03 0.000000000000000000e+00
4.125000000000000000e+04 1.650101962297871871e-01 2.560309512972235024e-02 8.290851160673645692e-01 1.446290395994538069e-01 6.827492034592626399e-04 0.000000000000000000e+00
4.150000000000000000e+04 1.660102580251190396e-01 2.662721893491124328e-02 8.282885753299954468e-01 1.441738734638143005e-01 9.103322712790168532e-04 0.000000000000000000e+00
4.175000000000000000e+04 1.670103198204511141e-01 2.674101046882111990e-02 8.281747837960855563e-01 1.442876649977241632e-01 7.965407373691396923e-04 0.000000000000000000e+00
4.200000000000000000e+04 1.680103816157831886e-01 2.503413746017296368e-02 8.301092398725534727e-01 1.445152480655439164e-01 3.413746017296313199e-04 0.000000000000000000e+00
4.225000000000000000e+04 1.690104434111152631e-01 2.617205279927173334e-02 8.290851160673645692e-01 1.439462903959945472e-01 7.965407373691396923e-04 0.000000000000000000e+00
4.250000000000000000e+04 1.700105052064473377e-01 2.537551206190259354e-02 8.293126991351843502e-01 1.442876649977241632e-01 1.024123805188893906e-03 0.000000000000000000e+00
4.275000000000000000e+04 1.710105670017794122e-01 2.560309512972235024e-02 8.295402822030041312e-01 1.444014565316340537e-01 4.551661356395084266e-04 0.000000000000000000e+00
4.300000000000000000e+04 1.720106287971114867e-01 2.605826126536185672e-02 8.289713245334546787e-01 1.439462903959945472e-01 1.024123805188893906e-03 0.000000000000000000e+00
4.325000000000000000e+04 1.730106905924433391e-01 2.594446973145198010e-02 8.288575329995447882e-01 1.440600819299044100e-01 1.137915339098770958e-03 0.000000000000000000e+00
4.350000000000000000e+04 1.740107523877754137e-01 2.662721893491124328e-02 8.287437414656350088e-01 1.438324988620846567e-01 7.965407373691396923e-04 0.000000000000000000e+00
4.375000000000000000e+04 1.750108141831074882e-01 2.514792899408284030e-02 8.297678652708238012e-01 1.441738734638143005e-01 9.103322712790168532e-04 0.000000000000000000e+00
4.400000000000000000e+04 1.760108759784395627e-01 2.560309512972235024e-02 8.286299499317251183e-01 1.442876649977241632e-01 1.479289940828402332e-03 0.000000000000000000e+00
4.425000000000000000e+04 1.770109377737716372e-01 2.674101046882111990e-02 8.280609922621756658e-01 1.444014565316340537e-01 7.965407373691396923e-04 0.000000000000000000e+00
4.450000000000000000e+04 1.780109995691037117e-01 2.674101046882111990e-02 8.285161583978152278e-01 1.440600819299044100e-01 6.827492034592626399e-04 0.000000000000000000e+00
4.475000000000000000e+04 1.790110613644357862e-01 2.583067819754210348e-02 8.285161583978152278e-01 1.438324988620846567e-01 1.820664542558033706e-03 0.000000000000000000e+00
4.500000000000000000e+04 1.800111231597676387e-01 4.335457441966317910e-02 7.982476103777879084e-01 1.568047337278106468e-01 1.593081474738279385e-03 0.000000000000000000e+00
4.525000000000000000e+04 1.810111849550997132e-01 7.976786527082385669e-02 7.453345471096950448e-01 1.693218024578971304e-01 5.575785161583977738e-03 0.000000000000000000e+00
4.550000000000000000e+04 1.820112467504317877e-01 5.826126536185707860e-02 7.782203004096495125e-01 1.618115612198452458e-01 1.706873008648156654e-03 0.000000000000000000e+00
4.575000000000000000e+04 1.830113085457638622e-01 5.951297223486572835e-02 7.697997269003186149e-01 1.679563040509786109e-01 2.730996813837050560e-03 0.000000000000000000e+00
4.600000000000000000e+04 1.840113703410959367e-01 5.974055530268548159e-02 7.707100591715976279e-01 1.672735548475193512e-01 2.275830678197541916e-03 0.000000000000000000e+00
4.625000000000000000e+04 1.850114321364280112e-01 5.974055530268548159e-02 7.709376422394174089e-01 1.654528903049612976e-01 3.868912152935821518e-03 0.000000000000000000e+00
4.650000000000000000e+04 1.860114939317600857e-01 5.791989076012744875e-02 7.720755575785162028e-01 1.672735548475193512e-01 2.730996813837050560e-03 0.000000000000000000e+00
4.675000000000000000e+04 1.870115557270919382e-01 5.974055530268548159e-02 7.737824305871643382e-01 1.636322257624032717e-01 2.844788347746927612e-03 0.000000000000000000e+00
4.700000000000000000e+04 1.880116175224240127e-01 6.076467910787437116e-02 7.637687756030950847e-01 1.718252162039144160e-01 3.641329085116067413e-03 0.000000000000000000e+00
4.725000000000000000e+04 1.890116793177560872e-01 7.385070550751024476e-02 7.504551661356395620e-01 1.730769230769230727e-01 2.617205279927173507e-03 0.000000000000000000e+00
4.750000000000000000e+04 1.900117411130881617e-01 7.771961766044606368e-02 7.379380974055530507e-01 1.807009558488848477e-01 3.641329085116067413e-03 0.000000000000000000e+00
4.775000000000000000e+04 1.910118029084202362e-01 6.588529813381883982e-02 7.472690031861629611e-01 1.832043695949021334e-01 3.641329085116067413e-03 0.000000000000000000e+00
4.800000000000000000e+04 1.920118647037523107e-01 5.905780609922621494e-02 7.509103322712790130e-01 1.855939918070095562e-01 4.437869822485207214e-03 0.000000000000000000e+00
4.825000000000000000e+04 1.930119264990843853e-01 6.042330450614474130e-02 7.470414201183431802e-01 1.866181156121984597e-01 5.917159763313609329e-03 0.000000000000000000e+00
4.850000000000000000e+04 1.940119882944162377e-01 6.770596267637687959e-02 7.222348657259899385e-01 2.035730541647701453e-01 6.486117432862995025e-03 0.000000000000000000e+00
4.875000000000000000e+04 1.950120500897483122e-01 6.793354574419663283e-02 7.188211197086936677e-01 2.084660901228948537e-01 4.779244424214838804e-03 0.000000000000000000e+00
4.900000000000000000e+04 1.960121118850803867e-01 7.009558488848430247e-02 7.188211197086936677e-01 2.088074647246244975e-01 2.275830678197541916e-03 0.000000000000000000e+00
4.925000000000000000e+04 1.970121736804124613e-01 6.747837960855712636e-02 7.197314519799726806e-01 2.096040054619936199e-01 3.186162949476558769e-03 0.000000000000000000e+00
4.950000000000000000e+04 1.980122354757445358e-01 6.599908966772871644e-02 7.207555757851615841e-01 2.081247155211652378e-01 5.120619025944469528e-03 0.000000000000000000e+00
4.975000000000000000e+04 1.990122972710766103e-01 6.679563040509786664e-02 7.213245334547109255e-01 2.069868001820664438e-01 4.893035958124715423e-03 0.000000000000000000e+00
5.000000000000000000e+04 2.000123590664086848e-01 6.747837960855712636e-02 7.216659080564405970e-01 2.063040509786071841e-01 4.551661356395083832e-03 0.000000000000000000e+00
5.025000000000000000e+04 2.010124208617405372e-01 6.816112881201638607e-02 7.212107419208011461e-01 2.069868001820664438e-01 3.641329085116067413e-03 0.000000000000000000e+00
5.050000000000000000e+04 2.020124826570726118e-01 6.770596267637687959e-02 7.208693673190714746e-01 2.084660901228948537e-01 2.958579881656804664e-03 0.000000000000000000e+00
5.075000000000000000e+04 2.030125444524046863e-01 6.884387801547564578e-02 7.221210741920801590e-01 2.066454255803368278e-01 2.389622212107419402e-03 0.000000000000000000e+00
5.100000000000000000e+04 2.040126062477367608e-01 6.736458807464724974e-02 7.240555302685480754e-01 2.055075102412380617e-01 3.072371415566681717e-03 0.000000000000000000e+00
5.125000000000000000e+04 2.050126680430688353e-01 6.577150659990896320e-02 7.241693218024578549e-01 2.058488848429676776e-01 4.210286754665453109e-03 0.000000000000000000e+00
5.150000000000000000e+04 2.060127298384009098e-01 6.702321347291761988e-02 7.222348657259899385e-01 2.082385070550751005e-01 2.503413746017296455e-03 0.000000000000000000e+00
5.175000000000000000e+04 2.070127916337329843e-01 6.645425580336822291e-02 7.261037778789257713e-01 2.039144287664997612e-01 3.527537551206190360e-03 0.000000000000000000e+00
5.200000000000000000e+04 2.080128534290648368e-01 6.702321347291761988e-02 7.253072371415566488e-01 2.053937187073281712e-01 2.275830678197541916e-03 0.000000000000000000e+00
5.225000000000000000e+04 2.090129152243969113e-01 6.486117432862995025e-02 7.278106508875740177e-01 2.036868456986800080e-01 3.641329085116067413e-03 0.000000000000000000e+00
5.250000000000000000e+04 2.100129770197289858e-01 6.690942193900774326e-02 7.248520710059171979e-01 2.055075102412380617e-01 2.730996813837050560e-03 0.000000000000000000e+00
5.275000000000000000e+04 2.110130388150610603e-01 6.679563040509786664e-02 7.263313609467455523e-01 2.038006372325898985e-01 3.072371415566681717e-03 0.000000000000000000e+00
5.300000000000000000e+04 2.120131006103931348e-01 6.531634046426945672e-02 7.307692307692307265e-01 2.005006827492034627e-01 3.413746017296313308e-03 0.000000000000000000e+00
5.325000000000000000e+04 2.130131624057252093e-01 6.543013199817933334e-02 7.302002730996813851e-01 2.012972234865725851e-01 3.072371415566681717e-03 0.000000000000000000e+00
5.350000000000000000e+04 2.140132242010572838e-01 6.451979972690032039e-02 7.298588984979517136e-01 2.015248065543923661e-01 4.096495220755575623e-03 0.000000000000000000e+00
5.375000000000000000e+04 2.150132859963891363e-01 6.315430131998178709e-02 7.313381884387801790e-01 1.998179335457442030e-01 5.689576695493855224e-03 0.000000000000000000e+00
5.400000000000000000e+04 2.160133477917212108e-01 6.599908966772871644e-02 7.308830223031406170e-01 1.990213928083750528e-01 4.096495220755575623e-03 0.000000000000000000e+00
5.425000000000000000e+04 2.170134095870532853e-01 6.395084205735093730e-02 7.322485207100591920e-01 1.995903504779244497e-01 4.210286754665453109e-03 0.000000000000000000e+00
5.450000000000000000e+04 2.180134713823853598e-01 6.474738279472007363e-02 7.317933545744196300e-01 1.997041420118343125e-01 3.755120619025944465e-03 0.000000000000000000e+00
5.475000000000000000e+04 2.190135331777174343e-01 6.463359126081019701e-02 7.332726445152480954e-01 1.991351843422849432e-01 2.958579881656804664e-03 0.000000000000000000e+00
5.500000000000000000e+04 2.200135949730495089e-01 6.543013199817933334e-02 7.337278106508875464e-01 1.978834774692762866e-01 2.958579881656804664e-03 0.000000000000000000e+00
5.525000000000000000e+04 2.210136567683815834e-01 6.531634046426945672e-02 7.338416021847974369e-01 1.976558944014565333e-01 3.186162949476558769e-03 0.000000000000000000e+00
5.550000000000000000e+04 2.220137185637134358e-01 6.520254893035958010e-02 7.329312699135184239e-01 1.985662266727355463e-01 3.299954483386436255e-03 0.000000000000000000e+00
5.575000000000000000e+04 2.230137803590455103e-01 6.451979972690032039e-02 7.360036413290851343e-01 1.969731451979972736e-01 2.503413746017296455e-03 0.000000000000000000e+00
5.600000000000000000e+04 2.240138421543775848e-01 6.611288120163859305e-02 7.357760582612653533e-01 1.949248975876194945e-01 3.186162949476558769e-03 0.000000000000000000e+00
5.625000000000000000e+04 2.250139039497096594e-01 6.611288120163859305e-02 7.352071005917160118e-01 1.968593536640873831e-01 1.820664542558033706e-03 0.000000000000000000e+00
5.650000000000000000e+04 2.260139657450417339e-01 6.383705052344106068e-02 7.371415566681839282e-01 1.965179790623577671e-01 2.503413746017296455e-03 0.000000000000000000e+00
5.675000000000000000e+04 2.270140275403738084e-01 6.497496586253982687e-02 7.386208466090122826e-01 1.945835229858898507e-01 1.820664542558033706e-03 0.000000000000000000e+00
