# itime ezz other fcc hcp bcc ico
0.000000000000000000e+00 0.000000000000000000e+00 0.000000000000000000e+00 1.000000000000000000e+00 0.000000000000000000e+00 0.000000000000000000e+00 0.000000000000000000e+00
2.500000000000000000e+03 1.000001490272528493e-02 0.000000000000000000e+00 1.000000000000000000e+00 0.000000000000000000e+00 0.000000000000000000e+00 0.000000000000000000e+00
5.000000000000000000e+03 2.000002980545056985e-02 0.000000000000000000e+00 1.000000000000000000e+00 0.000000000000000000e+00 0.000000000000000000e+00 0.000000000000000000e+00
7.500000000000000000e+03 3.000004470817563273e-02 0.000000000000000000e+00 1.000000000000000000e+00 0.000000000000000000e+00 0.000000000000000000e+00 0.000000000000000000e+00
1.000000000000000000e+04 4.000005961090091766e-02 0.000000000000000000e+00 1.000000000000000000e+00 0.000000000000000000e+00 0.000000000000000000e+00 0.000000000000000000e+00
1.250000000000000000e+04 5.000007451362620259e-02 0.000000000000000000e+00 1.000000000000000000e+00 0.000000000000000000e+00 0.000000000000000000e+00 0.000000000000000000e+00
1.500000000000000000e+04 6.000008941635148751e-02 0.000000000000000000e+00 1.000000000000000000e+00 0.000000000000000000e+00 0.000000000000000000e+00 0.000000000000000000e+00
1.750000000000000000e+04 7.000010431907655040e-02 0.000000000000000000e+00 1.000000000000000000e+00 0.000000000000000000e+00 0.000000000000000000e+00 0.000000000000000000e+00
2.000000000000000000e+04 8.000011922180183532e-02 1.137915339098771066e-04 9.998862084660901095e-01 0.000000000000000000e+00 0.000000000000000000e+00 0.000000000000000000e+00
2.250000000000000000e+04 9.000013412452712025e-02 2.275830678197542133e-04 9.997724169321802190e-01 0.000000000000000000e+00 0.000000000000000000e+00 0.000000000000000000e+00
2.500000000000000000e+04 1.000001490272524052e-01 2.389622212107419402e-03 9.976103777878926326e-01 0.000000000000000000e+00 0.000000000000000000e+00 0.000000000000000000e+00
2.750000000000000000e+04 1.100001639299776901e-01 8.147473827947200598e-02 6.859353664087392000e-01 0.000000000000000000e+00 2.325898953117888079e-01 0.000000000000000000e+00
3.000000000000000000e+04 1.200001788327027530e-01 2.969959035047792587e-02 8.231679563040509295e-01 1.464497041420118328e-01 6.827492034592626399e-04 0.000000000000000000e+00
3.250000000000000000e+04 1.300001937354280379e-01 3.026854802002730896e-02 8.223714155666818071e-01 1.464497041420118328e-01 9.103322712790168532e-04 0.000000000000000000e+00
3.500000000000000000e+04 1.400002086381533228e-01 2.537551206190259354e-02 8.288575329995447882e-01 1.442876649977241632e-01 1.479289940828402332e-03 0.000000000000000000e+00
3.750000000000000000e+04 1.500002235408786078e-01 2.423759672280382388e-02 8.301092398725534727e-01 1.445152480655439164e-01 1.137915339098770958e-03 0.000000000000000000e+00
4.000000000000000000e+04 1.600002384436036706e-01 2.446517979062357712e-02 8.294264906690942407e-01 1.450842057350933134e-01 1.024123805188893906e-03 0.000000000000000000e+00
4.250000000000000000e+04 1.700002533463289556e-01 2.537551206190259354e-02 8.293126991351843502e-01 1.442876649977241632e-01 1.024123805188893906e-03 0.000000000000000000e+00
4.500000000000000000e+04 1.800002682490542405e-01 4.335457441966317910e-02 7.982476103777879084e-01 1.568047337278106468e-01 1.593081474738279385e-03 0.000000000000000000e+00
4.750000000000000000e+04 1.900002831517795254e-01 7.771961766044606368e-02 7.379380974055530507e-01 1.807009558488848477e-01 3.641329085116067413e-03 0.000000000000000000e+00
5.000000000000000000e+04 2.000002980545045883e-01 6.747837960855712636e-02 7.216659080564405970e-01 2.063040509786071841e-01 4.551661356395083832e-03 0.000000000000000000e+00
5.250000000000000000e+04 2.100003129572298732e-01 6.690942193900774326e-02 7.248520710059171979e-01 2.055075102412380617e-01 2.730996813837050560e-03 0.000000000000000000e+00
5.500000000000000000e+04 2.200003278599551582e-01 6.543013199817933334e-02 7.337278106508875464e-01 1.978834774692762866e-01 2.958579881656804664e-03 0.000000000000000000e+00
5.750000000000000000e+04 2.300003427626804431e-01 6.486117432862995025e-02 7.388484296768320636e-01 1.937869822485207005e-01 2.503413746017296455e-03 0.000000000000000000e+00
6.000000000000000000e+04 2.400003576654057280e-01 6.417842512517069054e-02 7.426035502958580059e-01 1.911697769685935244e-01 2.048247610377787811e-03 0.000000000000000000e+00
6.250000000000000000e+04 2.500003725681307909e-01 6.429221665908056715e-02 7.465862539827037292e-01 1.876422394173873354e-01 1.479289940828402332e-03 0.000000000000000000e+00
6.500000000000000000e+04 2.600003874708560758e-01 6.543013199817933334e-02 7.519344560764679164e-01 1.817250796540737234e-01 9.103322712790168532e-04 0.000000000000000000e+00
6.750000000000000000e+04 2.700004023735813607e-01 1.065088757396449731e-01 6.572598998634501255e-01 2.342967683204369711e-01 1.934456076467910759e-03 0.000000000000000000e+00
7.000000000000000000e+04 2.800004172763066457e-01 1.194811106053709632e-01 6.521392808375057193e-01 2.269003186162949492e-01 1.479289940828402332e-03 0.000000000000000000e+00
7.250000000000000000e+04 2.900004321790317086e-01 1.201638598088302229e-01 6.524806554392352798e-01 2.248520710059171701e-01 2.503413746017296455e-03 0.000000000000000000e+00
7.500000000000000000e+04 3.000004470817569935e-01 1.322257624032771861e-01 6.398497951752389890e-01 2.205279927173418308e-01 7.396449704142011444e-03 0.000000000000000000e+00
7.750000000000000000e+04 3.100004619844822784e-01 1.440600819299044100e-01 6.228948566226673034e-01 2.294037323623122349e-01 3.641329085116067413e-03 0.000000000000000000e+00
8.000000000000000000e+04 3.200004768872075633e-01 1.514565316340464318e-01 6.140191169776968438e-01 2.302002730996813851e-01 4.324078288575329727e-03 0.000000000000000000e+00
8.250000000000000000e+04 3.300004917899328483e-01 1.315430131998179264e-01 6.733045061447427981e-01 1.920801092398725651e-01 3.072371415566681717e-03 0.000000000000000000e+00
8.500000000000000000e+04 3.400005066926579111e-01 1.358670914883932657e-01 6.693218024578971859e-01 1.909421939007737712e-01 3.868912152935821518e-03 0.000000000000000000e+00
8.750000000000000000e+04 3.500005215953831961e-01 1.514565316340464318e-01 6.677287209831588299e-01 1.750113791533909890e-01 5.803368229403732710e-03 0.000000000000000000e+00
9.000000000000000000e+04 3.600005364981084810e-01 1.466772872098315861e-01 6.655666818388711325e-01 1.841147018661811463e-01 3.641329085116067413e-03 0.000000000000000000e+00
9.250000000000000000e+04 3.700005514008337659e-01 1.479289940828402428e-01 6.606736458807465073e-01 1.869594902139280757e-01 4.437869822485207214e-03 0.000000000000000000e+00
9.500000000000000000e+04 3.800005663035588288e-01 1.474738279472007363e-01 6.620391442876649712e-01 1.852526172052799402e-01 5.234410559854347014e-03 0.000000000000000000e+00
9.750000000000000000e+04 3.900005812062838917e-01 1.507737824305871721e-01 6.626081019572144237e-01 1.816112881201638607e-01 5.006827492034592909e-03 0.000000000000000000e+00
1.000000000000000000e+05 4.000005961090093987e-01 1.508875739644970349e-01 6.583978152025489194e-01 1.855939918070095562e-01 5.120619025944469528e-03 0.000000000000000000e+00
1.025000000000000000e+05 4.100006110117346836e-01 1.506599908966772816e-01 6.599908966772871644e-01 1.851388256713700498e-01 4.210286754665453109e-03 0.000000000000000000e+00
1.050000000000000000e+05 4.200006259144597465e-01 1.739872553482020856e-01 6.408739189804278924e-01 1.763768775603095085e-01 8.761948111060537808e-03 0.000000000000000000e+00
1.075000000000000000e+05 4.300006408171850314e-01 1.719390077378243065e-01 6.580564406008192480e-01 1.630632680928539024e-01 6.941283568502503235e-03 0.000000000000000000e+00
1.100000000000000000e+05 4.400006557199103163e-01 1.653390987710514348e-01 6.795630405097861093e-01 1.474738279472007363e-01 7.624032771961766417e-03 0.000000000000000000e+00
1.125000000000000000e+05 4.500006706226358233e-01 1.495220755575785154e-01 7.137005006827491504e-01 1.333636777423759801e-01 3.413746017296313308e-03 0.000000000000000000e+00
1.150000000000000000e+05 4.600006855253608862e-01 1.514565316340464318e-01 7.064178425125170468e-01 1.378015475648611821e-01 4.324078288575329727e-03 0.000000000000000000e+00
1.175000000000000000e+05 4.700007004280859491e-01 1.500910332271279124e-01 7.127901684114701375e-01 1.310878470641784199e-01 6.030951297223486815e-03 0.000000000000000000e+00
1.200000000000000000e+05 4.800007153308112340e-01 1.495220755575785154e-01 7.270141101502047842e-01 1.189121529358215801e-01 4.551661356395083832e-03 0.000000000000000000e+00
1.225000000000000000e+05 4.900007302335367410e-01 1.455393718707328199e-01 7.276968593536641272e-01 1.217569412835685094e-01 5.006827492034592909e-03 0.000000000000000000e+00
1.250000000000000000e+05 5.000007451362618038e-01 1.514565316340464318e-01 7.350933090578061213e-01 1.079881656804733692e-01 5.461993627674101119e-03 0.000000000000000000e+00
1.275000000000000000e+05 5.100007600389868667e-01 1.440600819299044100e-01 7.503413746017296715e-01 1.013882567137004975e-01 4.210286754665453109e-03 0.000000000000000000e+00
1.300000000000000000e+05 5.200007749417121516e-01 1.478152025489303523e-01 7.386208466090122826e-01 1.081019572143832458e-01 5.461993627674101119e-03 0.000000000000000000e+00
1.325000000000000000e+05 5.300007898444376586e-01 1.557806099226217433e-01 6.967455621301774649e-01 1.421256258534364936e-01 5.348202093764223633e-03 0.000000000000000000e+00
1.350000000000000000e+05 5.400008047471627215e-01 1.601046882111970826e-01 6.867319071461083224e-01 1.467910787437414766e-01 6.372325898953117539e-03 0.000000000000000000e+00
1.375000000000000000e+05 5.500008196498877844e-01 1.566909421939007840e-01 6.715976331360946627e-01 1.679563040509786109e-01 3.755120619025944465e-03 0.000000000000000000e+00
1.400000000000000000e+05 5.600008345526130693e-01 1.581702321347291662e-01 6.543013199817933057e-01 1.819526627218935044e-01 5.575785161583977738e-03 0.000000000000000000e+00
1.425000000000000000e+05 5.700008494553385763e-01 1.602184797451069731e-01 6.356395084205734847e-01 1.985662266727355463e-01 5.575785161583977738e-03 0.000000000000000000e+00
1.450000000000000000e+05 5.800008643580636392e-01 1.556668183887118806e-01 6.052571688666362748e-01 2.353208921256258468e-01 3.755120619025944465e-03 0.000000000000000000e+00
1.475000000000000000e+05 5.900008792607887020e-01 1.574874829312699065e-01 6.033227127901683584e-01 2.347519344560764776e-01 4.437869822485207214e-03 0.000000000000000000e+00
1.500000000000000000e+05 6.000008941635139870e-01 1.664770141101502010e-01 6.713700500682748817e-01 1.582840236686390567e-01 3.868912152935821518e-03 0.000000000000000000e+00
1.525000000000000000e+05 6.100009090662392719e-01 1.453117888029130667e-01 7.511379153390987939e-01 1.012744651797906209e-01 2.275830678197541916e-03 0.000000000000000000e+00
1.550000000000000000e+05 6.200009239689645568e-01 1.364360491579426626e-01 7.948338643604915266e-01 6.486117432862995025e-02 3.868912152935821518e-03 0.000000000000000000e+00
1.575000000000000000e+05 6.300009388716896197e-01 1.387118798361401950e-01 7.944924897587619661e-01 6.315430131998178709e-02 3.641329085116067413e-03 0.000000000000000000e+00
1.600000000000000000e+05 6.400009537744151267e-01 1.330223031406463363e-01 8.078060992262175999e-01 5.644060081929904577e-02 2.730996813837050560e-03 0.000000000000000000e+00
1.625000000000000000e+05 6.500009686771401896e-01 1.230086481565771522e-01 8.769913518434228061e-01 0.000000000000000000e+00 0.000000000000000000e+00 0.000000000000000000e+00
1.650000000000000000e+05 6.600009835798654745e-01 1.224396904870277691e-01 8.774465179790623681e-01 1.137915339098771066e-04 0.000000000000000000e+00 0.000000000000000000e+00
1.675000000000000000e+05 6.700009984825905374e-01 1.227810650887573990e-01 8.772189349112425871e-01 0.000000000000000000e+00 0.000000000000000000e+00 0.000000000000000000e+00
1.700000000000000000e+05 6.800010133853160443e-01 1.233500227583067821e-01 8.761948111060536837e-01 3.413746017296313199e-04 1.137915339098771066e-04 0.000000000000000000e+00
1.725000000000000000e+05 6.900010282880411072e-01 1.231224396904870289e-01 8.764223941738734647e-01 1.137915339098771066e-04 3.413746017296313199e-04 0.000000000000000000e+00
1.750000000000000000e+05 7.000010431907663921e-01 1.232362312243969055e-01 8.760810195721437932e-01 1.137915339098771066e-04 5.689576695493854790e-04 0.000000000000000000e+00
1.775000000000000000e+05 7.100010580934914550e-01 1.235776058261265353e-01 8.757396449704142327e-01 3.413746017296313199e-04 3.413746017296313199e-04 0.000000000000000000e+00
1.800000000000000000e+05 7.200010729962169620e-01 1.227810650887573990e-01 8.764223941738734647e-01 0.000000000000000000e+00 7.965407373691396923e-04 0.000000000000000000e+00
1.825000000000000000e+05 7.300010878989422469e-01 1.440600819299044100e-01 7.997269003186162628e-01 5.018206645425580398e-02 6.030951297223486815e-03 0.000000000000000000e+00
1.850000000000000000e+05 7.400011028016673098e-01 1.536185707783341015e-01 6.802457897132453413e-01 1.591943559399180697e-01 6.941283568502503235e-03 0.000000000000000000e+00
1.875000000000000000e+05 7.500011177043923727e-01 1.547564861174328676e-01 6.697769685935366368e-01 1.665908056440600915e-01 8.875739644970414427e-03 0.000000000000000000e+00
1.900000000000000000e+05 7.600011326071178797e-01 1.529358215748748417e-01 6.467910787437414211e-01 1.908284023668639084e-01 9.444697314519799256e-03 0.000000000000000000e+00
1.925000000000000000e+05 7.700011475098431646e-01 1.616977696859353553e-01 6.177742375967227861e-01 2.150659990896677254e-01 5.461993627674101119e-03 0.000000000000000000e+00
1.950000000000000000e+05 7.800011624125682275e-01 1.531634046426945950e-01 6.759217114246700575e-01 1.681838871187983642e-01 2.730996813837050560e-03 0.000000000000000000e+00
1.975000000000000000e+05 7.900011773152932903e-01 1.562357760582612776e-01 6.754665452890304955e-01 1.652253072371415443e-01 3.072371415566681717e-03 0.000000000000000000e+00
2.000000000000000000e+05 8.000011922180187973e-01 1.659080564406008318e-01 6.843422849340009551e-01 1.465634956759217233e-01 3.186162949476558769e-03 0.000000000000000000e+00
2.025000000000000000e+05 8.100012071207440822e-01 1.277878925807919841e-01 8.354574419663176599e-01 3.186162949476559203e-02 4.893035958124715423e-03 0.000000000000000000e+00
2.050000000000000000e+05 8.200012220234691451e-01 1.185707783340919502e-01 8.410332271279017391e-01 3.777878925807919702e-02 2.617205279927173507e-03 0.000000000000000000e+00
2.075000000000000000e+05 8.300012369261944301e-01 1.192535275375512099e-01 8.398953117888029452e-01 3.732362312243969055e-02 3.527537551206190360e-03 0.000000000000000000e+00
2.100000000000000000e+05 8.400012518289197150e-01 1.168639053254437871e-01 8.416021847974510806e-01 3.857532999544834029e-02 2.958579881656804664e-03 0.000000000000000000e+00
2.125000000000000000e+05 8.500012667316449999e-01 1.189121529358215801e-01 8.344333181611288675e-01 4.460628129267182190e-02 2.048247610377787811e-03 0.000000000000000000e+00
2.150000000000000000e+05 8.600012816343702848e-01 1.213017751479289891e-01 8.236231224396904915e-01 5.314064633591260994e-02 1.934456076467910759e-03 0.000000000000000000e+00
2.175000000000000000e+05 8.700012965370953477e-01 1.228948566226672756e-01 7.972234865725990050e-01 7.635411925352754425e-02 3.527537551206190360e-03 0.000000000000000000e+00
2.200000000000000000e+05 8.800013114398206326e-01 1.362084660901228816e-01 7.940373236231224041e-01 6.770596267637687959e-02 2.048247610377787811e-03 0.000000000000000000e+00
2.225000000000000000e+05 8.900013263425461396e-01 1.343878015475648557e-01 7.973372781065088954e-01 6.679563040509786664e-02 1.479289940828402332e-03 0.000000000000000000e+00
2.250000000000000000e+05 9.000013412452712025e-01 1.308602639963586667e-01 7.926718252162039402e-01 7.498862084660901095e-02 1.479289940828402332e-03 0.000000000000000000e+00
2.275000000000000000e+05 9.100013561479962654e-01 1.354119253527537592e-01 8.021165225307237412e-01 6.053709604005461792e-02 1.934456076467910759e-03 0.000000000000000000e+00
2.300000000000000000e+05 9.200013710507215503e-01 1.380291306326809353e-01 7.996131087847063723e-01 6.042330450614474130e-02 1.934456076467910759e-03 0.000000000000000000e+00
2.325000000000000000e+05 9.300013859534470573e-01 1.436049157942649035e-01 7.868684569868001910e-01 6.702321347291761988e-02 2.503413746017296455e-03 0.000000000000000000e+00
2.350000000000000000e+05 9.400014008561721202e-01 1.469048702776513393e-01 7.870960400546199720e-01 6.360946745562130744e-02 2.389622212107419402e-03 0.000000000000000000e+00
2.375000000000000000e+05 9.500014157588971830e-01 1.333636777423759801e-01 8.273782430587164338e-01 3.777878925807919702e-02 1.479289940828402332e-03 0.000000000000000000e+00
2.400000000000000000e+05 9.600014306616224680e-01 1.339326354119253493e-01 8.174783796085570708e-01 4.540282203004096517e-02 3.186162949476558769e-03 0.000000000000000000e+00
2.425000000000000000e+05 9.700014455643479749e-01 1.327947200728265831e-01 7.858443331816112876e-01 7.806099226217569353e-02 3.299954483386436255e-03 0.000000000000000000e+00
2.450000000000000000e+05 9.800014604670730378e-01 1.318843878015475701e-01 7.844788347746927126e-01 8.022303140646336317e-02 3.413746017296313308e-03 0.000000000000000000e+00
2.475000000000000000e+05 9.900014753697981007e-01 1.474738279472007363e-01 7.007282658170231882e-01 1.472462448793809831e-01 4.551661356395083832e-03 0.000000000000000000e+00
2.500000000000000000e+05 1.000001490272523608e+00 1.483841602184797492e-01 6.950386891215293295e-01 1.536185707783341015e-01 2.958579881656804664e-03 0.000000000000000000e+00
