# itime ezz other fcc hcp bcc ico
0.000000000000000000e+00 0.000000000000000000e+00 0.000000000000000000e+00 1.000000000000000000e+00 0.000000000000000000e+00 0.000000000000000000e+00 0.000000000000000000e+00
2.500000000000000000e+02 9.999846523982558466e-04 0.000000000000000000e+00 1.000000000000000000e+00 0.000000000000000000e+00 0.000000000000000000e+00 0.000000000000000000e+00
5.000000000000000000e+02 1.999969304796733738e-03 0.000000000000000000e+00 1.000000000000000000e+00 0.000000000000000000e+00 0.000000000000000000e+00 0.000000000000000000e+00
7.500000000000000000e+02 2.999953957194989584e-03 0.000000000000000000e+00 1.000000000000000000e+00 0.000000000000000000e+00 0.000000000000000000e+00 0.000000000000000000e+00
1.000000000000000000e+03 3.999938609593245431e-03 0.000000000000000000e+00 1.000000000000000000e+00 0.000000000000000000e+00 0.000000000000000000e+00 0.000000000000000000e+00
1.250000000000000000e+03 4.999923261991723322e-03 0.000000000000000000e+00 1.000000000000000000e+00 0.000000000000000000e+00 0.000000000000000000e+00 0.000000000000000000e+00
1.500000000000000000e+03 5.999907914389979169e-03 0.000000000000000000e+00 1.000000000000000000e+00 0.000000000000000000e+00 0.000000000000000000e+00 0.000000000000000000e+00
1.750000000000000000e+03 6.999892566788235015e-03 0.000000000000000000e+00 1.000000000000000000e+00 0.000000000000000000e+00 0.000000000000000000e+00 0.000000000000000000e+00
2.000000000000000000e+03 7.999877219186712907e-03 0.000000000000000000e+00 1.000000000000000000e+00 0.000000000000000000e+00 0.000000000000000000e+00 0.000000000000000000e+00
2.250000000000000000e+03 8.999861871584968753e-03 0.000000000000000000e+00 1.000000000000000000e+00 0.000000000000000000e+00 0.000000000000000000e+00 0.000000000000000000e+00
2.500000000000000000e+03 9.999846523983446644e-03 0.000000000000000000e+00 1.000000000000000000e+00 0.000000000000000000e+00 0.000000000000000000e+00 0.000000000000000000e+00
2.750000000000000000e+03 1.099983117638170249e-02 0.000000000000000000e+00 1.000000000000000000e+00 0.000000000000000000e+00 0.000000000000000000e+00 0.000000000000000000e+00
3.000000000000000000e+03 1.199981582877995834e-02 0.000000000000000000e+00 1.000000000000000000e+00 0.000000000000000000e+00 0.000000000000000000e+00 0.000000000000000000e+00
3.250000000000000000e+03 1.299980048117843623e-02 0.000000000000000000e+00 1.000000000000000000e+00 0.000000000000000000e+00 0.000000000000000000e+00 0.000000000000000000e+00
3.500000000000000000e+03 1.399978513357669208e-02 0.000000000000000000e+00 1.000000000000000000e+00 0.000000000000000000e+00 0.000000000000000000e+00 0.000000000000000000e+00
3.750000000000000000e+03 1.499976978597494792e-02 0.000000000000000000e+00 1.000000000000000000e+00 0.000000000000000000e+00 0.000000000000000000e+00 0.000000000000000000e+00
4.000000000000000000e+03 1.599975443837342581e-02 0.000000000000000000e+00 1.000000000000000000e+00 0.000000000000000000e+00 0.000000000000000000e+00 0.000000000000000000e+00
4.250000000000000000e+03 1.699973909077168166e-02 0.000000000000000000e+00 1.000000000000000000e+00 0.000000000000000000e+00 0.000000000000000000e+00 0.000000000000000000e+00
4.500000000000000000e+03 1.799972374316993751e-02 0.000000000000000000e+00 1.000000000000000000e+00 0.000000000000000000e+00 0.000000000000000000e+00 0.000000000000000000e+00
4.750000000000000000e+03 1.899970839556841540e-02 0.000000000000000000e+00 1.000000000000000000e+00 0.000000000000000000e+00 0.000000000000000000e+00 0.000000000000000000e+00
5.000000000000000000e+03 1.999969304796667124e-02 0.000000000000000000e+00 1.000000000000000000e+00 0.000000000000000000e+00 0.000000000000000000e+00 0.000000000000000000e+00
5.250000000000000000e+03 2.099967770036492709e-02 0.000000000000000000e+00 1.000000000000000000e+00 0.000000000000000000e+00 0.000000000000000000e+00 0.000000000000000000e+00
5.500000000000000000e+03 2.199966235276340498e-02 0.000000000000000000e+00 1.000000000000000000e+00 0.000000000000000000e+00 0.000000000000000000e+00 0.000000000000000000e+00
5.750000000000000000e+03 2.299964700516166083e-02 0.000000000000000000e+00 1.000000000000000000e+00 0.000000000000000000e+00 0.000000000000000000e+00 0.000000000000000000e+00
6.000000000000000000e+03 2.399963165755991668e-02 0.000000000000000000e+00 1.000000000000000000e+00 0.000000000000000000e+00 0.000000000000000000e+00 0.000000000000000000e+00
6.250000000000000000e+03 2.499961630995839457e-02 0.000000000000000000e+00 1.000000000000000000e+00 0.000000000000000000e+00 0.000000000000000000e+00 0.000000000000000000e+00
6.500000000000000000e+03 2.599960096235665041e-02 0.000000000000000000e+00 1.000000000000000000e+00 0.000000000000000000e+00 0.000000000000000000e+00 0.000000000000000000e+00
6.750000000000000000e+03 2.699958561475490626e-02 0.000000000000000000e+00 1.000000000000000000e+00 0.000000000000000000e+00 0.000000000000000000e+00 0.000000000000000000e+00
7.000000000000000000e+03 2.799957026715338415e-02 0.000000000000000000e+00 1.000000000000000000e+00 0.000000000000000000e+00 0.000000000000000000e+00 0.000000000000000000e+00
7.250000000000000000e+03 2.899955491955164000e-02 0.000000000000000000e+00 1.000000000000000000e+00 0.000000000000000000e+00 0.000000000000000000e+00 0.000000000000000000e+00
7.500000000000000000e+03 2.999953957195011789e-02 0.000000000000000000e+00 1.000000000000000000e+00 0.000000000000000000e+00 0.000000000000000000e+00 0.000000000000000000e+00
7.750000000000000000e+03 3.099952422434837374e-02 0.000000000000000000e+00 1.000000000000000000e+00 0.000000000000000000e+00 0.000000000000000000e+00 0.000000000000000000e+00
8.000000000000000000e+03 3.199950887674662958e-02 0.000000000000000000e+00 1.000000000000000000e+00 0.000000000000000000e+00 0.000000000000000000e+00 0.000000000000000000e+00
8.250000000000000000e+03 3.299949352914510747e-02 0.000000000000000000e+00 1.000000000000000000e+00 0.000000000000000000e+00 0.000000000000000000e+00 0.000000000000000000e+00
8.500000000000000000e+03 3.399947818154336332e-02 0.000000000000000000e+00 1.000000000000000000e+00 0.000000000000000000e+00 0.000000000000000000e+00 0.000000000000000000e+00
8.750000000000000000e+03 3.499946283394161917e-02 0.000000000000000000e+00 1.000000000000000000e+00 0.000000000000000000e+00 0.000000000000000000e+00 0.000000000000000000e+00
9.000000000000000000e+03 3.599944748634009706e-02 0.000000000000000000e+00 1.000000000000000000e+00 0.000000000000000000e+00 0.000000000000000000e+00 0.000000000000000000e+00
9.250000000000000000e+03 3.699943213873835290e-02 0.000000000000000000e+00 1.000000000000000000e+00 0.000000000000000000e+00 0.000000000000000000e+00 0.000000000000000000e+00
9.500000000000000000e+03 3.799941679113660875e-02 0.000000000000000000e+00 1.000000000000000000e+00 0.000000000000000000e+00 0.000000000000000000e+00 0.000000000000000000e+00
9.750000000000000000e+03 3.899940144353508664e-02 0.000000000000000000e+00 1.000000000000000000e+00 0.000000000000000000e+00 0.000000000000000000e+00 0.000000000000000000e+00
1.000000000000000000e+04 3.999938609593334249e-02 0.000000000000000000e+00 1.000000000000000000e+00 0.000000000000000000e+00 0.000000000000000000e+00 0.000000000000000000e+00
1.025000000000000000e+04 4.099937074833159834e-02 0.000000000000000000e+00 1.000000000000000000e+00 0.000000000000000000e+00 0.000000000000000000e+00 0.000000000000000000e+00
1.050000000000000000e+04 4.199935540073007623e-02 0.000000000000000000e+00 1.000000000000000000e+00 0.000000000000000000e+00 0.000000000000000000e+00 0.000000000000000000e+00
1.075000000000000000e+04 4.299934005312833207e-02 0.000000000000000000e+00 1.000000000000000000e+00 0.000000000000000000e+00 0.000000000000000000e+00 0.000000000000000000e+00
1.100000000000000000e+04 4.399932470552658792e-02 0.000000000000000000e+00 1.000000000000000000e+00 0.000000000000000000e+00 0.000000000000000000e+00 0.000000000000000000e+00
1.125000000000000000e+04 4.499930935792506581e-02 0.000000000000000000e+00 1.000000000000000000e+00 0.000000000000000000e+00 0.000000000000000000e+00 0.000000000000000000e+00
1.150000000000000000e+04 4.599929401032332166e-02 0.000000000000000000e+00 1.000000000000000000e+00 0.000000000000000000e+00 0.000000000000000000e+00 0.000000000000000000e+00
1.175000000000000000e+04 4.699927866272157750e-02 0.000000000000000000e+00 1.000000000000000000e+00 0.000000000000000000e+00 0.000000000000000000e+00 0.000000000000000000e+00
1.200000000000000000e+04 4.799926331512005540e-02 0.000000000000000000e+00 1.000000000000000000e+00 0.000000000000000000e+00 0.000000000000000000e+00 0.000000000000000000e+00
1.225000000000000000e+04 4.899924796751831124e-02 0.000000000000000000e+00 1.000000000000000000e+00 0.000000000000000000e+00 0.000000000000000000e+00 0.000000000000000000e+00
1.250000000000000000e+04 4.999923261991678913e-02 0.000000000000000000e+00 1.000000000000000000e+00 0.000000000000000000e+00 0.000000000000000000e+00 0.000000000000000000e+00
1.275000000000000000e+04 5.099921727231504498e-02 0.000000000000000000e+00 1.000000000000000000e+00 0.000000000000000000e+00 0.000000000000000000e+00 0.000000000000000000e+00
1.300000000000000000e+04 5.199920192471330083e-02 0.000000000000000000e+00 1.000000000000000000e+00 0.000000000000000000e+00 0.000000000000000000e+00 0.000000000000000000e+00
1.325000000000000000e+04 5.299918657711177872e-02 0.000000000000000000e+00 1.000000000000000000e+00 0.000000000000000000e+00 0.000000000000000000e+00 0.000000000000000000e+00
1.350000000000000000e+04 5.399917122951003456e-02 0.000000000000000000e+00 1.000000000000000000e+00 0.000000000000000000e+00 0.000000000000000000e+00 0.000000000000000000e+00
1.375000000000000000e+04 5.499915588190829041e-02 0.000000000000000000e+00 1.000000000000000000e+00 0.000000000000000000e+00 0.000000000000000000e+00 0.000000000000000000e+00
1.400000000000000000e+04 5.599914053430676830e-02 0.000000000000000000e+00 1.000000000000000000e+00 0.000000000000000000e+00 0.000000000000000000e+00 0.000000000000000000e+00
1.425000000000000000e+04 5.699912518670502415e-02 0.000000000000000000e+00 1.000000000000000000e+00 0.000000000000000000e+00 0.000000000000000000e+00 0.000000000000000000e+00
1.450000000000000000e+04 5.799910983910328000e-02 0.000000000000000000e+00 1.000000000000000000e+00 0.000000000000000000e+00 0.000000000000000000e+00 0.000000000000000000e+00
1.475000000000000000e+04 5.899909449150175789e-02 1.137915339098771066e-04 9.998862084660901095e-01 0.000000000000000000e+00 0.000000000000000000e+00 0.000000000000000000e+00
1.500000000000000000e+04 5.999907914390001373e-02 0.000000000000000000e+00 1.000000000000000000e+00 0.000000000000000000e+00 0.000000000000000000e+00 0.000000000000000000e+00
1.525000000000000000e+04 6.099906379629826958e-02 0.000000000000000000e+00 1.000000000000000000e+00 0.000000000000000000e+00 0.000000000000000000e+00 0.000000000000000000e+00
1.550000000000000000e+04 6.199904844869674747e-02 0.000000000000000000e+00 1.000000000000000000e+00 0.000000000000000000e+00 0.000000000000000000e+00 0.000000000000000000e+00
1.575000000000000000e+04 6.299903310109500332e-02 0.000000000000000000e+00 1.000000000000000000e+00 0.000000000000000000e+00 0.000000000000000000e+00 0.000000000000000000e+00
1.600000000000000000e+04 6.399901775349325916e-02 0.000000000000000000e+00 1.000000000000000000e+00 0.000000000000000000e+00 0.000000000000000000e+00 0.000000000000000000e+00
1.625000000000000000e+04 6.499900240589173706e-02 0.000000000000000000e+00 1.000000000000000000e+00 0.000000000000000000e+00 0.000000000000000000e+00 0.000000000000000000e+00
1.650000000000000000e+04 6.599898705828999290e-02 0.000000000000000000e+00 1.000000000000000000e+00 0.000000000000000000e+00 0.000000000000000000e+00 0.000000000000000000e+00
1.675000000000000000e+04 6.699897171068824875e-02 0.000000000000000000e+00 1.000000000000000000e+00 0.000000000000000000e+00 0.000000000000000000e+00 0.000000000000000000e+00
1.700000000000000000e+04 6.799895636308672664e-02 0.000000000000000000e+00 1.000000000000000000e+00 0.000000000000000000e+00 0.000000000000000000e+00 0.000000000000000000e+00
1.725000000000000000e+04 6.899894101548498249e-02 0.000000000000000000e+00 1.000000000000000000e+00 0.000000000000000000e+00 0.000000000000000000e+00 0.000000000000000000e+00
1.750000000000000000e+04 6.999892566788346038e-02 0.000000000000000000e+00 1.000000000000000000e+00 0.000000000000000000e+00 0.000000000000000000e+00 0.000000000000000000e+00
1.775000000000000000e+04 7.099891032028171622e-02 4.551661356395084266e-04 9.995448338643604380e-01 0.000000000000000000e+00 0.000000000000000000e+00 0.000000000000000000e+00
1.800000000000000000e+04 7.199889497267997207e-02 6.827492034592626399e-04 9.993172507965407680e-01 0.000000000000000000e+00 0.000000000000000000e+00 0.000000000000000000e+00
1.825000000000000000e+04 7.299887962507844996e-02 2.275830678197542133e-04 9.997724169321802190e-01 0.000000000000000000e+00 0.000000000000000000e+00 0.000000000000000000e+00
1.850000000000000000e+04 7.399886427747670581e-02 1.137915339098771066e-04 9.998862084660901095e-01 0.000000000000000000e+00 0.000000000000000000e+00 0.000000000000000000e+00
1.875000000000000000e+04 7.499884892987496166e-02 0.000000000000000000e+00 1.000000000000000000e+00 0.000000000000000000e+00 0.000000000000000000e+00 0.000000000000000000e+00
1.900000000000000000e+04 7.599883358227343955e-02 2.275830678197542133e-04 9.997724169321802190e-01 0.000000000000000000e+00 0.000000000000000000e+00 0.000000000000000000e+00
1.925000000000000000e+04 7.699881823467169539e-02 0.000000000000000000e+00 1.000000000000000000e+00 0.000000000000000000e+00 0.000000000000000000e+00 0.000000000000000000e+00
1.950000000000000000e+04 7.799880288706995124e-02 6.827492034592626399e-04 9.993172507965407680e-01 0.000000000000000000e+00 0.000000000000000000e+00 0.000000000000000000e+00
1.975000000000000000e+04 7.899878753946842913e-02 1.137915339098771066e-04 9.998862084660901095e-01 0.000000000000000000e+00 0.000000000000000000e+00 0.000000000000000000e+00
2.000000000000000000e+04 7.999877219186668498e-02 4.551661356395084266e-04 9.995448338643604380e-01 0.000000000000000000e+00 0.000000000000000000e+00 0.000000000000000000e+00
2.025000000000000000e+04 8.099875684426494082e-02 0.000000000000000000e+00 1.000000000000000000e+00 0.000000000000000000e+00 0.000000000000000000e+00 0.000000000000000000e+00
2.050000000000000000e+04 8.199874149666341872e-02 7.965407373691396923e-04 9.990896677287209870e-01 0.000000000000000000e+00 1.137915339098771066e-04 0.000000000000000000e+00
2.075000000000000000e+04 8.299872614906167456e-02 1.137915339098771066e-04 9.998862084660901095e-01 0.000000000000000000e+00 0.000000000000000000e+00 0.000000000000000000e+00
2.100000000000000000e+04 8.399871080145993041e-02 5.689576695493854790e-04 9.994310423304506585e-01 0.000000000000000000e+00 0.000000000000000000e+00 0.000000000000000000e+00
2.125000000000000000e+04 8.499869545385840830e-02 5.689576695493854790e-04 9.994310423304506585e-01 0.000000000000000000e+00 0.000000000000000000e+00 0.000000000000000000e+00
2.150000000000000000e+04 8.599868010625666415e-02 3.413746017296313199e-04 9.995448338643604380e-01 0.000000000000000000e+00 1.137915339098771066e-04 0.000000000000000000e+00
2.175000000000000000e+04 8.699866475865491999e-02 1.024123805188893906e-03 9.989758761948110966e-01 0.000000000000000000e+00 0.000000000000000000e+00 0.000000000000000000e+00
2.200000000000000000e+04 8.799864941105339788e-02 6.827492034592626399e-04 9.993172507965407680e-01 0.000000000000000000e+00 0.000000000000000000e+00 0.000000000000000000e+00
2.225000000000000000e+04 8.899863406345165373e-02 0.000000000000000000e+00 1.000000000000000000e+00 0.000000000000000000e+00 0.000000000000000000e+00 0.000000000000000000e+00
2.250000000000000000e+04 8.999861871585013162e-02 3.413746017296313199e-04 9.996586253982703285e-01 0.000000000000000000e+00 0.000000000000000000e+00 0.000000000000000000e+00
2.275000000000000000e+04 9.099860336824838747e-02 7.965407373691396923e-04 9.992034592626308775e-01 0.000000000000000000e+00 0.000000000000000000e+00 0.000000000000000000e+00
2.300000000000000000e+04 9.199858802064664332e-02 2.730996813837050560e-03 9.971552116522530707e-01 0.000000000000000000e+00 1.137915339098771066e-04 0.000000000000000000e+00
2.325000000000000000e+04 9.299857267304512121e-02 1.934456076467910759e-03 9.978379608557123026e-01 0.000000000000000000e+00 2.275830678197542133e-04 0.000000000000000000e+00
2.350000000000000000e+04 9.399855732544337705e-02 1.024123805188893906e-03 9.989758761948110966e-01 0.000000000000000000e+00 0.000000000000000000e+00 0.000000000000000000e+00
2.375000000000000000e+04 9.499854197784163290e-02 1.479289940828402332e-03 9.982931269913518646e-01 0.000000000000000000e+00 2.275830678197542133e-04 0.000000000000000000e+00
2.400000000000000000e+04 9.599852663024011079e-02 2.275830678197541916e-03 9.974965862539827421e-01 0.000000000000000000e+00 2.275830678197542133e-04 0.000000000000000000e+00
2.425000000000000000e+04 9.699851128263836664e-02 2.275830678197541916e-03 9.977241693218024121e-01 0.000000000000000000e+00 0.000000000000000000e+00 0.000000000000000000e+00
2.450000000000000000e+04 9.799849593503662248e-02 3.868912152935821518e-03 9.955621301775148257e-01 0.000000000000000000e+00 5.689576695493854790e-04 0.000000000000000000e+00
2.475000000000000000e+04 9.899848058743510038e-02 2.162039144287664864e-03 9.976103777878926326e-01 0.000000000000000000e+00 2.275830678197542133e-04 0.000000000000000000e+00
2.500000000000000000e+04 9.999846523983335622e-02 3.072371415566681717e-03 9.965862539827037292e-01 0.000000000000000000e+00 3.413746017296313199e-04 0.000000000000000000e+00
2.525000000000000000e+04 1.009984498922316121e-01 1.934456076467910759e-03 9.977241693218024121e-01 0.000000000000000000e+00 3.413746017296313199e-04 0.000000000000000000e+00
2.550000000000000000e+04 1.019984345446300900e-01 3.527537551206190360e-03 9.963586709148839482e-01 0.000000000000000000e+00 1.137915339098771066e-04 0.000000000000000000e+00
2.575000000000000000e+04 1.029984191970283458e-01 7.510241238051888930e-03 9.921483841602184439e-01 0.000000000000000000e+00 3.413746017296313199e-04 0.000000000000000000e+00
2.600000000000000000e+04 1.039984038494266017e-01 6.713700500682749130e-03 9.931725079654073474e-01 0.000000000000000000e+00 1.137915339098771066e-04 0.000000000000000000e+00
2.625000000000000000e+04 1.049983885018250795e-01 6.372325898953117539e-03 9.934000910332271284e-01 0.000000000000000000e+00 2.275830678197542133e-04 0.000000000000000000e+00
2.650000000000000000e+04 1.059983731542233354e-01 1.081019572143832562e-02 9.880518889394629412e-01 0.000000000000000000e+00 1.137915339098770958e-03 0.000000000000000000e+00
2.675000000000000000e+04 1.069983578066215912e-01 1.160673645880746542e-02 9.861174328629950248e-01 0.000000000000000000e+00 2.275830678197541916e-03 0.000000000000000000e+00
2.700000000000000000e+04 1.079983424590200691e-01 1.866181156121984527e-02 9.739417387346381849e-01 0.000000000000000000e+00 7.396449704142011444e-03 0.000000000000000000e+00
2.725000000000000000e+04 1.089983271114183250e-01 5.814747382794720199e-02 7.951752389622211981e-01 0.000000000000000000e+00 1.466772872098315861e-01 0.000000000000000000e+00
2.750000000000000000e+04 1.099983117638168029e-01 1.487255348202093652e-01 2.944924897587619661e-01 0.000000000000000000e+00 5.567819754210286964e-01 0.000000000000000000e+00
2.775000000000000000e+04 1.109982964162150587e-01 1.943559399180700975e-01 4.498179335457441752e-01 5.655439235320892238e-02 2.992717341829768118e-01 0.000000000000000000e+00
2.800000000000000000e+04 1.119982810686133146e-01 1.840009103322712836e-01 5.918297678652708615e-01 2.121074192080109333e-01 1.206190259444697363e-02 0.000000000000000000e+00
2.825000000000000000e+04 1.129982657210117925e-01 1.172052799271734169e-01 6.610150204824760678e-01 2.164314974965862448e-01 5.348202093764223633e-03 0.000000000000000000e+00
2.850000000000000000e+04 1.139982503734100483e-01 8.113336367774237612e-02 7.226900318616295005e-01 1.882111970869367323e-01 7.965407373691398007e-03 0.000000000000000000e+00
2.875000000000000000e+04 1.149982350258083041e-01 7.271279016841146470e-02 7.248520710059171979e-01 1.976558944014565333e-01 4.779244424214838804e-03 0.000000000000000000e+00
2.900000000000000000e+04 1.159982196782067820e-01 6.065088757396449454e-02 7.592171142467000200e-01 1.758079198907601393e-01 4.324078288575329727e-03 0.000000000000000000e+00
2.925000000000000000e+04 1.169982043306050379e-01 3.516158397815202785e-02 8.152025489303595940e-01 1.486117432862995025e-01 1.024123805188893906e-03 0.000000000000000000e+00
2.950000000000000000e+04 1.179981889830032937e-01 3.664087391898043083e-02 8.148611743286299225e-01 1.478152025489303523e-01 6.827492034592626399e-04 0.000000000000000000e+00
2.975000000000000000e+04 1.189981736354017716e-01 3.413746017296313134e-02 8.152025489303595940e-01 1.494082840236686527e-01 1.251706873008648227e-03 0.000000000000000000e+00
3.000000000000000000e+04 1.199981582878000275e-01 2.799271734182976618e-02 8.202093764223942207e-01 1.507737824305871721e-01 1.024123805188893906e-03 0.000000000000000000e+00
3.025000000000000000e+04 1.209981429401982833e-01 2.833409194355939950e-02 8.199817933545744397e-01 1.505461993627674189e-01 1.137915339098770958e-03 0.000000000000000000e+00
3.050000000000000000e+04 1.219981275925967612e-01 2.662721893491124328e-02 8.223714155666818071e-01 1.508875739644970349e-01 1.137915339098771066e-04 0.000000000000000000e+00
3.075000000000000000e+04 1.229981122449950171e-01 2.617205279927173334e-02 8.225989986345015881e-01 1.508875739644970349e-01 3.413746017296313199e-04 0.000000000000000000e+00
3.100000000000000000e+04 1.239980968973932729e-01 2.617205279927173334e-02 8.219162494310423561e-01 1.517979062357760478e-01 1.137915339098771066e-04 0.000000000000000000e+00
3.125000000000000000e+04 1.249980815497917508e-01 2.594446973145198010e-02 8.215748748293126846e-01 1.523668639053254448e-01 1.137915339098771066e-04 0.000000000000000000e+00
3.150000000000000000e+04 1.259980662021900066e-01 2.651342740100136666e-02 8.208921256258534527e-01 1.516841147018661851e-01 9.103322712790168532e-04 0.000000000000000000e+00
3.175000000000000000e+04 1.269980508545884845e-01 2.560309512972235024e-02 8.221438324988621371e-01 1.514565316340464318e-01 7.965407373691396923e-04 0.000000000000000000e+00
3.200000000000000000e+04 1.279980355069867404e-01 2.548930359581247015e-02 8.233955393718707105e-01 1.506599908966772816e-01 4.551661356395084266e-04 0.000000000000000000e+00
3.225000000000000000e+04 1.289980201593849962e-01 2.651342740100136666e-02 8.215748748293126846e-01 1.513427401001365413e-01 5.689576695493854790e-04 0.000000000000000000e+00
3.250000000000000000e+04 1.299980048117834741e-01 2.628584433318160996e-02 8.221438324988621371e-01 1.511151570323167881e-01 4.551661356395084266e-04 0.000000000000000000e+00
3.275000000000000000e+04 1.309979894641817300e-01 2.594446973145198010e-02 8.219162494310423561e-01 1.514565316340464318e-01 6.827492034592626399e-04 0.000000000000000000e+00
3.300000000000000000e+04 1.319979741165799858e-01 2.662721893491124328e-02 8.213472917614929036e-01 1.514565316340464318e-01 5.689576695493854790e-04 0.000000000000000000e+00
3.325000000000000000e+04 1.329979587689784637e-01 2.571688666363222686e-02 8.225989986345015881e-01 1.512289485662266786e-01 4.551661356395084266e-04 0.000000000000000000e+00
3.350000000000000000e+04 1.339979434213767195e-01 2.605826126536185672e-02 8.214610832954027941e-01 1.521392808375056915e-01 3.413746017296313199e-04 0.000000000000000000e+00
3.375000000000000000e+04 1.349979280737749754e-01 2.594446973145198010e-02 8.218024578971324656e-01 1.514565316340464318e-01 7.965407373691396923e-04 0.000000000000000000e+00
3.400000000000000000e+04 1.359979127261734533e-01 2.810650887573964626e-02 8.202093764223942207e-01 1.512289485662266786e-01 4.551661356395084266e-04 0.000000000000000000e+00
3.425000000000000000e+04 1.369978973785717091e-01 2.605826126536185672e-02 8.219162494310423561e-01 1.512289485662266786e-01 7.965407373691396923e-04 0.000000000000000000e+00
3.450000000000000000e+04 1.379978820309699650e-01 2.378243058716431393e-02 8.272644515248065433e-01 1.486117432862995025e-01 3.413746017296313199e-04 0.000000000000000000e+00
3.475000000000000000e+04 1.389978666833684429e-01 2.605826126536185672e-02 8.246472462448793950e-01 1.489531178880291185e-01 3.413746017296313199e-04 0.000000000000000000e+00
3.500000000000000000e+04 1.399978513357666987e-01 2.503413746017296368e-02 8.257851615839781889e-01 1.489531178880291185e-01 2.275830678197542133e-04 0.000000000000000000e+00
3.525000000000000000e+04 1.409978359881649546e-01 2.184797451069640448e-02 8.286299499317251183e-01 1.490669094219390090e-01 4.551661356395084266e-04 0.000000000000000000e+00
3.550000000000000000e+04 1.419978206405634324e-01 2.241693218024579104e-02 8.278334091943558848e-01 1.492944924897587622e-01 4.551661356395084266e-04 0.000000000000000000e+00
3.575000000000000000e+04 1.429978052929616883e-01 2.253072371415566766e-02 8.284023668639053373e-01 1.489531178880291185e-01 1.137915339098771066e-04 0.000000000000000000e+00
3.600000000000000000e+04 1.439977899453599441e-01 2.162039144287665124e-02 8.285161583978152278e-01 1.492944924897587622e-01 5.689576695493854790e-04 0.000000000000000000e+00
3.625000000000000000e+04 1.449977745977584220e-01 2.150659990896677115e-02 8.290851160673645692e-01 1.488393263541192557e-01 5.689576695493854790e-04 0.000000000000000000e+00
3.650000000000000000e+04 1.459977592501566779e-01 2.264451524806554428e-02 8.274920345926263243e-01 1.491807009558488717e-01 6.827492034592626399e-04 0.000000000000000000e+00
3.675000000000000000e+04 1.469977439025551558e-01 2.355484751934456070e-02 8.268092853891670924e-01 1.488393263541192557e-01 7.965407373691396923e-04 0.000000000000000000e+00
3.700000000000000000e+04 1.479977285549534116e-01 2.207555757851615771e-02 8.284023668639053373e-01 1.494082840236686527e-01 1.137915339098771066e-04 0.000000000000000000e+00
3.725000000000000000e+04 1.489977132073516675e-01 2.321347291761493084e-02 8.271506599908966528e-01 1.494082840236686527e-01 2.275830678197542133e-04 0.000000000000000000e+00
3.750000000000000000e+04 1.499976978597501454e-01 2.218934911242603433e-02 8.279472007282657753e-01 1.492944924897587622e-01 5.689576695493854790e-04 0.000000000000000000e+00
3.775000000000000000e+04 1.509976825121484012e-01 2.264451524806554428e-02 8.280609922621756658e-01 1.492944924897587622e-01 0.000000000000000000e+00 0.000000000000000000e+00
3.800000000000000000e+04 1.519976671645466570e-01 2.253072371415566766e-02 8.278334091943558848e-01 1.491807009558488717e-01 4.551661356395084266e-04 0.000000000000000000e+00
3.825000000000000000e+04 1.529976518169451349e-01 2.275830678197542090e-02 8.280609922621756658e-01 1.490669094219390090e-01 1.137915339098771066e-04 0.000000000000000000e+00
3.850000000000000000e+04 1.539976364693433908e-01 2.241693218024579104e-02 8.280609922621756658e-01 1.490669094219390090e-01 4.551661356395084266e-04 0.000000000000000000e+00
3.875000000000000000e+04 1.549976211217416466e-01 2.435138825671370050e-02 8.270368684569867623e-01 1.482703686845698587e-01 3.413746017296313199e-04 0.000000000000000000e+00
3.900000000000000000e+04 1.559976057741401245e-01 2.218934911242603433e-02 8.280609922621756658e-01 1.491807009558488717e-01 5.689576695493854790e-04 0.000000000000000000e+00
3.925000000000000000e+04 1.569975904265383804e-01 2.344105598543468408e-02 8.277196176604461053e-01 1.484979517523896120e-01 3.413746017296313199e-04 0.000000000000000000e+00
3.950000000000000000e+04 1.579975750789366362e-01 2.264451524806554428e-02 8.282885753299954468e-01 1.486117432862995025e-01 4.551661356395084266e-04 0.000000000000000000e+00
3.975000000000000000e+04 1.589975597313351141e-01 2.150659990896677115e-02 8.284023668639053373e-01 1.494082840236686527e-01 6.827492034592626399e-04 0.000000000000000000e+00
4.000000000000000000e+04 1.599975443837333700e-01 2.275830678197542090e-02 8.274920345926263243e-01 1.492944924897587622e-01 4.551661356395084266e-04 0.000000000000000000e+00
4.025000000000000000e+04 1.609975290361316258e-01 2.514792899408284030e-02 8.245334547109695045e-01 1.497496586253982687e-01 5.689576695493854790e-04 0.000000000000000000e+00
4.050000000000000000e+04 1.619975136885301037e-01 2.309968138370505075e-02 8.271506599908966528e-01 1.492944924897587622e-01 4.551661356395084266e-04 0.000000000000000000e+00
4.075000000000000000e+04 1.629974983409283595e-01 2.378243058716431393e-02 8.265817023213473114e-01 1.489531178880291185e-01 6.827492034592626399e-04 0.000000000000000000e+00
4.100000000000000000e+04 1.639974829933266154e-01 2.344105598543468408e-02 8.273782430587164338e-01 1.488393263541192557e-01 3.413746017296313199e-04 0.000000000000000000e+00
4.125000000000000000e+04 1.649974676457250933e-01 2.355484751934456070e-02 8.278334091943558848e-01 1.483841602184797492e-01 2.275830678197542133e-04 0.000000000000000000e+00
4.150000000000000000e+04 1.659974522981233491e-01 3.140646335912607862e-02 8.137232589895311285e-01 1.536185707783341015e-01 1.251706873008648227e-03 0.000000000000000000e+00
4.175000000000000000e+04 1.669974369505218270e-01 6.372325898953118406e-02 7.719617660446063123e-01 1.593081474738279601e-01 5.006827492034592909e-03 0.000000000000000000e+00
4.200000000000000000e+04 1.679974216029200829e-01 6.702321347291761988e-02 7.469276285844332897e-01 1.816112881201638607e-01 4.437869822485207214e-03 0.000000000000000000e+00
4.225000000000000000e+04 1.689974062553183387e-01 4.289940828402366568e-02 8.006372325898952758e-01 1.536185707783341015e-01 2.844788347746927612e-03 0.000000000000000000e+00
4.250000000000000000e+04 1.699973909077168166e-01 2.218934911242603433e-02 8.280609922621756658e-01 1.492944924897587622e-01 4.551661356395084266e-04 0.000000000000000000e+00
4.275000000000000000e+04 1.709973755601150724e-01 2.116522530723714129e-02 8.291989076012744597e-01 1.494082840236686527e-01 2.275830678197542133e-04 0.000000000000000000e+00
4.300000000000000000e+04 1.719973602125133283e-01 2.105143377332726468e-02 8.295402822030041312e-01 1.492944924897587622e-01 1.137915339098771066e-04 0.000000000000000000e+00
4.325000000000000000e+04 1.729973448649118062e-01 2.230314064633591095e-02 8.280609922621756658e-01 1.494082840236686527e-01 2.275830678197542133e-04 0.000000000000000000e+00
4.350000000000000000e+04 1.739973295173100620e-01 2.139280837505689453e-02 8.288575329995447882e-01 1.494082840236686527e-01 3.413746017296313199e-04 0.000000000000000000e+00
4.375000000000000000e+04 1.749973141697083179e-01 2.230314064633591095e-02 8.280609922621756658e-01 1.494082840236686527e-01 2.275830678197542133e-04 0.000000000000000000e+00
4.400000000000000000e+04 1.759972988221067958e-01 2.059626763768775473e-02 8.298816568047336917e-01 1.489531178880291185e-01 5.689576695493854790e-04 0.000000000000000000e+00
4.425000000000000000e+04 1.769972834745050516e-01 2.162039144287665124e-02 8.287437414656350088e-01 1.492944924897587622e-01 3.413746017296313199e-04 0.000000000000000000e+00
4.450000000000000000e+04 1.779972681269033075e-01 2.150659990896677115e-02 8.284023668639053373e-01 1.495220755575785154e-01 5.689576695493854790e-04 0.000000000000000000e+00
4.475000000000000000e+04 1.789972527793017854e-01 2.207555757851615771e-02 8.274920345926263243e-01 1.502048247610377751e-01 2.275830678197542133e-04 0.000000000000000000e+00
4.500000000000000000e+04 1.799972374317000412e-01 2.196176604460628110e-02 8.285161583978152278e-01 1.495220755575785154e-01 0.000000000000000000e+00 0.000000000000000000e+00
4.525000000000000000e+04 1.809972220840982970e-01 2.207555757851615771e-02 8.284023668639053373e-01 1.492944924897587622e-01 2.275830678197542133e-04 0.000000000000000000e+00
4.550000000000000000e+04 1.819972067364967749e-01 2.139280837505689453e-02 8.281747837960855563e-01 1.498634501593081592e-01 5.689576695493854790e-04 0.000000000000000000e+00
4.575000000000000000e+04 1.829971913888950308e-01 2.105143377332726468e-02 8.295402822030041312e-01 1.492944924897587622e-01 1.137915339098771066e-04 0.000000000000000000e+00
4.600000000000000000e+04 1.839971760412932866e-01 2.139280837505689453e-02 8.288575329995447882e-01 1.491807009558488717e-01 5.689576695493854790e-04 0.000000000000000000e+00
4.625000000000000000e+04 1.849971606936917645e-01 2.264451524806554428e-02 8.273782430587164338e-01 1.495220755575785154e-01 4.551661356395084266e-04 0.000000000000000000e+00
4.650000000000000000e+04 1.859971453460900204e-01 2.162039144287665124e-02 8.286299499317251183e-01 1.491807009558488717e-01 5.689576695493854790e-04 0.000000000000000000e+00
4.675000000000000000e+04 1.869971299984884983e-01 2.218934911242603433e-02 8.286299499317251183e-01 1.488393263541192557e-01 3.413746017296313199e-04 0.000000000000000000e+00
4.700000000000000000e+04 1.879971146508867541e-01 2.230314064633591095e-02 8.271506599908966528e-01 1.497496586253982687e-01 7.965407373691396923e-04 0.000000000000000000e+00
4.725000000000000000e+04 1.889970993032850100e-01 2.321347291761493084e-02 8.272644515248065433e-01 1.489531178880291185e-01 5.689576695493854790e-04 0.000000000000000000e+00
4.750000000000000000e+04 1.899970839556834878e-01 2.150659990896677115e-02 8.293126991351843502e-01 1.489531178880291185e-01 2.275830678197542133e-04 0.000000000000000000e+00
4.775000000000000000e+04 1.909970686080817437e-01 2.196176604460628110e-02 8.287437414656350088e-01 1.491807009558488717e-01 1.137915339098771066e-04 0.000000000000000000e+00
4.800000000000000000e+04 1.919970532604799995e-01 2.253072371415566766e-02 8.276058261265362148e-01 1.495220755575785154e-01 3.413746017296313199e-04 0.000000000000000000e+00
4.825000000000000000e+04 1.929970379128784774e-01 2.264451524806554428e-02 8.281747837960855563e-01 1.487255348202093652e-01 4.551661356395084266e-04 0.000000000000000000e+00
4.850000000000000000e+04 1.939970225652767333e-01 2.264451524806554428e-02 8.285161583978152278e-01 1.488393263541192557e-01 0.000000000000000000e+00 0.000000000000000000e+00
4.875000000000000000e+04 1.949970072176749891e-01 2.218934911242603433e-02 8.284023668639053373e-01 1.490669094219390090e-01 3.413746017296313199e-04 0.000000000000000000e+00
4.900000000000000000e+04 1.959969918700734670e-01 2.230314064633591095e-02 8.287437414656350088e-01 1.486117432862995025e-01 3.413746017296313199e-04 0.000000000000000000e+00
4.925000000000000000e+04 1.969969765224717229e-01 2.105143377332726468e-02 8.299954483386435822e-01 1.489531178880291185e-01 0.000000000000000000e+00 0.000000000000000000e+00
4.950000000000000000e+04 1.979969611748699787e-01 2.196176604460628110e-02 8.281747837960855563e-01 1.496358670914884059e-01 2.275830678197542133e-04 0.000000000000000000e+00
4.975000000000000000e+04 1.989969458272684566e-01 2.184797451069640448e-02 8.285161583978152278e-01 1.491807009558488717e-01 4.551661356395084266e-04 0.000000000000000000e+00
5.000000000000000000e+04 1.999969304796667124e-01 2.412380518889394726e-02 8.268092853891670924e-01 1.487255348202093652e-01 3.413746017296313199e-04 0.000000000000000000e+00
5.025000000000000000e+04 2.009969151320649683e-01 2.173418297678652786e-02 8.289713245334546787e-01 1.489531178880291185e-01 3.413746017296313199e-04 0.000000000000000000e+00
5.050000000000000000e+04 2.019968997844634462e-01 2.253072371415566766e-02 8.278334091943558848e-01 1.489531178880291185e-01 6.827492034592626399e-04 0.000000000000000000e+00
5.075000000000000000e+04 2.029968844368617020e-01 2.196176604460628110e-02 8.285161583978152278e-01 1.488393263541192557e-01 6.827492034592626399e-04 0.000000000000000000e+00
5.100000000000000000e+04 2.039968690892599579e-01 2.241693218024579104e-02 8.285161583978152278e-01 1.487255348202093652e-01 3.413746017296313199e-04 0.000000000000000000e+00
5.125000000000000000e+04 2.049968537416584358e-01 2.139280837505689453e-02 8.285161583978152278e-01 1.494082840236686527e-01 6.827492034592626399e-04 0.000000000000000000e+00
5.150000000000000000e+04 2.059968383940566916e-01 2.253072371415566766e-02 8.284023668639053373e-01 1.489531178880291185e-01 1.137915339098771066e-04 0.000000000000000000e+00
5.175000000000000000e+04 2.069968230464551695e-01 2.309968138370505075e-02 8.274920345926263243e-01 1.490669094219390090e-01 3.413746017296313199e-04 0.000000000000000000e+00
5.200000000000000000e+04 2.079968076988534254e-01 2.344105598543468408e-02 8.268092853891670924e-01 1.494082840236686527e-01 3.413746017296313199e-04 0.000000000000000000e+00
5.225000000000000000e+04 2.089967923512516812e-01 2.184797451069640448e-02 8.281747837960855563e-01 1.494082840236686527e-01 5.689576695493854790e-04 0.000000000000000000e+00
5.250000000000000000e+04 2.099967770036501591e-01 2.287209831588529751e-02 8.277196176604461053e-01 1.492944924897587622e-01 1.137915339098771066e-04 0.000000000000000000e+00
5.275000000000000000e+04 2.109967616560484149e-01 2.435138825671370050e-02 8.262403277196176399e-01 1.491807009558488717e-01 2.275830678197542133e-04 0.000000000000000000e+00
5.300000000000000000e+04 2.119967463084466708e-01 2.332726445152480746e-02 8.279472007282657753e-01 1.483841602184797492e-01 3.413746017296313199e-04 0.000000000000000000e+00
5.325000000000000000e+04 2.129967309608451487e-01 2.298588984979517413e-02 8.278334091943558848e-01 1.488393263541192557e-01 3.413746017296313199e-04 0.000000000000000000e+00
5.350000000000000000e+04 2.139967156132434045e-01 2.344105598543468408e-02 8.270368684569867623e-01 1.488393263541192557e-01 6.827492034592626399e-04 0.000000000000000000e+00
5.375000000000000000e+04 2.149967002656416604e-01 2.264451524806554428e-02 8.276058261265362148e-01 1.490669094219390090e-01 6.827492034592626399e-04 0.000000000000000000e+00
5.400000000000000000e+04 2.159966849180401383e-01 2.287209831588529751e-02 8.282885753299954468e-01 1.487255348202093652e-01 1.137915339098771066e-04 0.000000000000000000e+00
5.425000000000000000e+04 2.169966695704383941e-01 2.935821574874829254e-02 8.137232589895311285e-01 1.554392353208921274e-01 1.479289940828402332e-03 0.000000000000000000e+00
5.450000000000000000e+04 2.179966542228366500e-01 4.972690031861629750e-02 7.707100591715976279e-01 1.768320436959490149e-01 2.730996813837050560e-03 0.000000000000000000e+00
5.475000000000000000e+04 2.189966388752351278e-01 8.375056895766955223e-02 7.150659990896677254e-01 1.956076467910787542e-01 5.575785161583977738e-03 0.000000000000000000e+00
5.500000000000000000e+04 2.199966235276333837e-01 9.069185252617205373e-02 7.113108784706417831e-01 1.918525261720528119e-01 6.144742831133363434e-03 0.000000000000000000e+00
5.525000000000000000e+04 2.209966081800316395e-01 8.818843878015475424e-02 7.206417842512516936e-01 1.873008648156577194e-01 3.868912152935821518e-03 0.000000000000000000e+00
5.550000000000000000e+04 2.219965928324301174e-01 7.407828857532999800e-02 7.414656349567592120e-01 1.822940373236231204e-01 2.162039144287664864e-03 0.000000000000000000e+00
5.575000000000000000e+04 2.229965774848283733e-01 6.577150659990896320e-02 7.411242603550295405e-01 1.913973600364132777e-01 1.706873008648156654e-03 0.000000000000000000e+00
5.600000000000000000e+04 2.239965621372268512e-01 6.804733727810650945e-02 7.371415566681839282e-01 1.921939007737824279e-01 2.617205279927173507e-03 0.000000000000000000e+00
5.625000000000000000e+04 2.249965467896251070e-01 6.304050978607191047e-02 7.467000455166135087e-01 1.878698224852070886e-01 2.389622212107419402e-03 0.000000000000000000e+00
5.650000000000000000e+04 2.259965314420233629e-01 6.486117432862995025e-02 7.423759672280382249e-01 1.904870277651342647e-01 2.275830678197541916e-03 0.000000000000000000e+00
5.675000000000000000e+04 2.269965160944218407e-01 6.531634046426945672e-02 7.424897587619481154e-01 1.906008192990441552e-01 1.593081474738279385e-03 0.000000000000000000e+00
