# itime ezz other fcc hcp bcc ico
0.000000000000000000e+00 0.000000000000000000e+00 0.000000000000000000e+00 1.000000000000000000e+00 0.000000000000000000e+00 0.000000000000000000e+00 0.000000000000000000e+00
2.500000000000000000e+02 1.000000830710301436e-02 0.000000000000000000e+00 1.000000000000000000e+00 0.000000000000000000e+00 0.000000000000000000e+00 0.000000000000000000e+00
5.000000000000000000e+02 2.000001661420602872e-02 0.000000000000000000e+00 1.000000000000000000e+00 0.000000000000000000e+00 0.000000000000000000e+00 0.000000000000000000e+00
7.500000000000000000e+02 3.000002492130926512e-02 0.000000000000000000e+00 1.000000000000000000e+00 0.000000000000000000e+00 0.000000000000000000e+00 0.000000000000000000e+00
1.000000000000000000e+03 4.000003322841227948e-02 0.000000000000000000e+00 1.000000000000000000e+00 0.000000000000000000e+00 0.000000000000000000e+00 0.000000000000000000e+00
1.250000000000000000e+03 5.000004153551529384e-02 0.000000000000000000e+00 1.000000000000000000e+00 0.000000000000000000e+00 0.000000000000000000e+00 0.000000000000000000e+00
1.500000000000000000e+03 6.000004984261830820e-02 0.000000000000000000e+00 1.000000000000000000e+00 0.000000000000000000e+00 0.000000000000000000e+00 0.000000000000000000e+00
1.750000000000000000e+03 7.000005814972132256e-02 0.000000000000000000e+00 1.000000000000000000e+00 0.000000000000000000e+00 0.000000000000000000e+00 0.000000000000000000e+00
2.000000000000000000e+03 8.000006645682455897e-02 0.000000000000000000e+00 1.000000000000000000e+00 0.000000000000000000e+00 0.000000000000000000e+00 0.000000000000000000e+00
2.250000000000000000e+03 9.000007476392757333e-02 2.275830678197542133e-04 9.995448338643604380e-01 0.000000000000000000e+00 2.275830678197542133e-04 0.000000000000000000e+00
2.500000000000000000e+03 1.000000830710305877e-01 1.024123805188893906e-03 9.989758761948110966e-01 0.000000000000000000e+00 0.000000000000000000e+00 0.000000000000000000e+00
2.750000000000000000e+03 1.100000913781336020e-01 6.827492034592626616e-03 9.927173418297678964e-01 0.000000000000000000e+00 4.551661356395084266e-04 0.000000000000000000e+00
3.000000000000000000e+03 1.200000996852366164e-01 6.201638598088302090e-02 9.148839326354119006e-01 0.000000000000000000e+00 2.309968138370505075e-02 0.000000000000000000e+00
3.250000000000000000e+03 1.300001079923398528e-01 3.804050978607191880e-01 1.068502503413746030e-01 1.934456076467910759e-03 5.108101957214383759e-01 0.000000000000000000e+00
3.500000000000000000e+03 1.400001162994428672e-01 4.977241693218024676e-01 1.140191169776968577e-01 1.599908966772872199e-01 2.282658170232134687e-01 0.000000000000000000e+00
3.750000000000000000e+03 1.500001246065458815e-01 4.937414656349567443e-01 1.186845698680018268e-01 2.302002730996813851e-01 1.573736913973600438e-01 0.000000000000000000e+00
4.000000000000000000e+03 1.600001329136488959e-01 5.471096950386891145e-01 7.726445152480655720e-02 3.158852981338188259e-01 5.974055530268548159e-02 0.000000000000000000e+00
4.250000000000000000e+03 1.700001412207519103e-01 5.550751024123805610e-01 8.545744196631770151e-02 3.192990441511151523e-01 4.016841147018661989e-02 0.000000000000000000e+00
4.500000000000000000e+03 1.800001495278551467e-01 5.582612653618570508e-01 8.614019116977697510e-02 3.223714155666818626e-01 3.322712790168411146e-02 0.000000000000000000e+00
4.750000000000000000e+03 1.900001578349581610e-01 5.771506599908966528e-01 8.750568957669549452e-02 3.005234410559854408e-01 3.482020937642239106e-02 0.000000000000000000e+00
5.000000000000000000e+03 2.000001661420611754e-01 6.096950386891215601e-01 2.165452890304961353e-01 1.589667728720983164e-01 1.479289940828402289e-02 0.000000000000000000e+00
5.250000000000000000e+03 2.100001744491641897e-01 5.665680473372780579e-01 3.243058716431497235e-01 7.680928538916705073e-02 3.231679563040509851e-02 0.000000000000000000e+00
5.500000000000000000e+03 2.200001827562672041e-01 5.374374146563495325e-01 3.181611288120163583e-01 1.115157032316795582e-01 3.288575329995448160e-02 0.000000000000000000e+00
5.750000000000000000e+03 2.300001910633704405e-01 5.318616294947655643e-01 2.668411470186617951e-01 1.835457441966317771e-01 1.775147928994082885e-02 0.000000000000000000e+00
6.000000000000000000e+03 2.400001993704734549e-01 5.169549385525716856e-01 2.539827036868457233e-01 2.096040054619936199e-01 1.945835229858898507e-02 0.000000000000000000e+00
6.250000000000000000e+03 2.500002076775764692e-01 5.251479289940828021e-01 2.290623577605826189e-01 2.236003641329085134e-01 2.218934911242603433e-02 0.000000000000000000e+00
6.500000000000000000e+03 2.600002159846794836e-01 5.161583978152025631e-01 2.323623122439690547e-01 2.305416477014110288e-01 2.093764223941738806e-02 0.000000000000000000e+00
6.750000000000000000e+03 2.700002242917824979e-01 5.227583067819754348e-01 2.234865725989986229e-01 2.314519799726900418e-01 2.230314064633591095e-02 0.000000000000000000e+00
7.000000000000000000e+03 2.800002325988857343e-01 5.258306781975421451e-01 2.125625853436504398e-01 2.300864815657714946e-01 3.152025489303595523e-02 0.000000000000000000e+00
7.250000000000000000e+03 2.900002409059887487e-01 5.127446517979061813e-01 2.142694583522985752e-01 2.272416932180245652e-01 4.574419663177059503e-02 0.000000000000000000e+00
7.500000000000000000e+03 3.000002492130917631e-01 4.802002730996813851e-01 2.036868456986800080e-01 2.669549385525716856e-01 4.915794264906690747e-02 0.000000000000000000e+00
7.750000000000000000e+03 3.100002575201947774e-01 4.523213472917614886e-01 1.554392353208921274e-01 3.317023213472917731e-01 6.053709604005461792e-02 0.000000000000000000e+00
8.000000000000000000e+03 3.200002658272977918e-01 3.831360946745562268e-01 9.751934456076467861e-02 4.830450614474283144e-01 3.629949931725079404e-02 0.000000000000000000e+00
8.250000000000000000e+03 3.300002741344010282e-01 2.980200273099681274e-01 1.027537551206190308e-01 5.946745562130177909e-01 4.551661356395083832e-03 0.000000000000000000e+00
8.500000000000000000e+03 3.400002824415040426e-01 2.752617205279926926e-01 1.073054164770141095e-01 6.128812016385980499e-01 4.551661356395083832e-03 0.000000000000000000e+00
8.750000000000000000e+03 3.500002907486070569e-01 2.611515703231679364e-01 1.068502503413746030e-01 6.302913063268092975e-01 1.706873008648156654e-03 0.000000000000000000e+00
9.000000000000000000e+03 3.600002990557100713e-01 2.579654073736913911e-01 1.087847064178425194e-01 6.312016385980883104e-01 1.934456076467910759e-03 1.137915339098771066e-04
9.250000000000000000e+03 3.700003073628130856e-01 2.573964497041419941e-01 1.092398725534820259e-01 6.324533454710969949e-01 9.103322712790168532e-04 0.000000000000000000e+00
9.500000000000000000e+03 3.800003156699163220e-01 2.580791989076012816e-01 1.093536640873919025e-01 6.316568047337277614e-01 9.103322712790168532e-04 0.000000000000000000e+00
9.750000000000000000e+03 3.900003239770193364e-01 2.587619481110605135e-01 1.082157487482931224e-01 6.317705962676376519e-01 1.251706873008648227e-03 0.000000000000000000e+00
1.000000000000000000e+04 4.000003322841225728e-01 2.587619481110605135e-01 1.091260810195721492e-01 6.318843878015475424e-01 2.275830678197542133e-04 0.000000000000000000e+00
1.025000000000000000e+04 4.100003405912253651e-01 2.610377787892581014e-01 1.076467910787437393e-01 6.308602639963586389e-01 4.551661356395084266e-04 0.000000000000000000e+00
1.050000000000000000e+04 4.200003488983283795e-01 2.617205279927173334e-01 1.076467910787437393e-01 6.300637232589895165e-01 5.689576695493854790e-04 0.000000000000000000e+00
1.075000000000000000e+04 4.300003572054316159e-01 2.622894856622667303e-01 1.076467910787437393e-01 6.297223486572598450e-01 3.413746017296313199e-04 0.000000000000000000e+00
1.100000000000000000e+04 4.400003655125348523e-01 2.650204824761037692e-01 1.070778334091943562e-01 6.275603095129722586e-01 3.413746017296313199e-04 0.000000000000000000e+00
1.125000000000000000e+04 4.500003738196376446e-01 2.627446517979062368e-01 1.083295402822029990e-01 6.283568502503413811e-01 5.689576695493854790e-04 0.000000000000000000e+00
1.150000000000000000e+04 4.600003821267406590e-01 2.691169776968593275e-01 1.071916249431042328e-01 6.231224396904869733e-01 5.689576695493854790e-04 0.000000000000000000e+00
1.175000000000000000e+04 4.700003904338436733e-01 3.015475648611743442e-01 1.325671370050068298e-01 5.648611743286299225e-01 1.024123805188893906e-03 0.000000000000000000e+00
1.200000000000000000e+04 4.800003987409469097e-01 3.030268548020027541e-01 1.997041420118343125e-01 4.959035047792444417e-01 1.365498406918525280e-03 0.000000000000000000e+00
1.225000000000000000e+04 4.900004070480499241e-01 3.020027309968138507e-01 2.233727810650887602e-01 4.725762403277196100e-01 2.048247610377787811e-03 0.000000000000000000e+00
1.250000000000000000e+04 5.000004153551527164e-01 3.130405097860718966e-01 2.575102412380518846e-01 4.266044606281292895e-01 2.844788347746927612e-03 0.000000000000000000e+00
1.275000000000000000e+04 5.100004236622559528e-01 3.212335002275830687e-01 2.612653618570778269e-01 4.152253072371415721e-01 2.275830678197541916e-03 0.000000000000000000e+00
1.300000000000000000e+04 5.200004319693591892e-01 3.238507055075102170e-01 2.888029130632681074e-01 3.846153846153846367e-01 2.730996813837050560e-03 0.000000000000000000e+00
1.325000000000000000e+04 5.300004402764622036e-01 3.290851160673645692e-01 3.040509786071916021e-01 3.624260355029585989e-01 4.437869822485207214e-03 0.000000000000000000e+00
1.350000000000000000e+04 5.400004485835649959e-01 3.385298133818843702e-01 3.006372325898953313e-01 3.553709604005462208e-01 5.461993627674101119e-03 0.000000000000000000e+00
1.375000000000000000e+04 5.500004568906682323e-01 3.535502958579881394e-01 2.933545744196631722e-01 3.452435138825671324e-01 7.851615839781519654e-03 0.000000000000000000e+00
1.400000000000000000e+04 5.600004651977714687e-01 3.950842057350932857e-01 2.787892580791989094e-01 3.174783796085571264e-01 8.648156577150659455e-03 0.000000000000000000e+00
1.425000000000000000e+04 5.700004735048742610e-01 4.597177969959034827e-01 2.543240782885753393e-01 2.696859353664087244e-01 1.627218934911242587e-02 0.000000000000000000e+00
1.450000000000000000e+04 5.800004818119772754e-01 5.265134274010013771e-01 2.360036413290851065e-01 2.101729631315430169e-01 2.730996813837050646e-02 0.000000000000000000e+00
1.475000000000000000e+04 5.900004901190805118e-01 5.367546654528903005e-01 2.429449248975876219e-01 1.939007737824305910e-01 2.639963586709149004e-02 0.000000000000000000e+00
1.500000000000000000e+04 6.000004984261837482e-01 5.389167045971779979e-01 2.431725079654073751e-01 1.910559854346836617e-01 2.674101046882111990e-02 1.137915339098771066e-04
1.525000000000000000e+04 6.100005067332865405e-01 5.398270368684570109e-01 2.504551661356395065e-01 1.915111515703231682e-01 1.820664542558033533e-02 0.000000000000000000e+00
1.550000000000000000e+04 6.200005150403895549e-01 5.314064633591261133e-01 2.498862084660901095e-01 1.994765589440145592e-01 1.923076923076923184e-02 0.000000000000000000e+00
1.575000000000000000e+04 6.300005233474927913e-01 5.446062812926718566e-01 2.501137915339098905e-01 1.850250341374601593e-01 2.025489303595812488e-02 0.000000000000000000e+00
1.600000000000000000e+04 6.400005316545960277e-01 5.487027765134273594e-01 2.500000000000000000e-01 1.801319981793354508e-01 2.116522530723714129e-02 0.000000000000000000e+00
1.625000000000000000e+04 6.500005399616988200e-01 5.589440145653163938e-01 2.494310423304506030e-01 1.715976331360946627e-01 2.002730996813837164e-02 0.000000000000000000e+00
1.650000000000000000e+04 6.600005482688018343e-01 5.648611743286299225e-01 2.509103322712790130e-01 1.629494765589440120e-01 2.127901684114701791e-02 0.000000000000000000e+00
1.675000000000000000e+04 6.700005565759048487e-01 5.629267182521620061e-01 2.631998179335457433e-01 1.549840691852526209e-01 1.888939462903959851e-02 0.000000000000000000e+00
1.700000000000000000e+04 6.800005648830080851e-01 5.654301319981793750e-01 2.589895311788802945e-01 1.560081929904415243e-01 1.957214383249886169e-02 0.000000000000000000e+00
1.725000000000000000e+04 6.900005731901110995e-01 5.691852526172053173e-01 2.586481565771506785e-01 1.473600364132908458e-01 2.480655439235321044e-02 0.000000000000000000e+00
1.750000000000000000e+04 7.000005814972138918e-01 5.727127901684114786e-01 2.667273554847519601e-01 1.389394629039599482e-01 2.162039144287665124e-02 0.000000000000000000e+00
1.775000000000000000e+04 7.100005898043171282e-01 5.779472007282657753e-01 2.654756486117432757e-01 1.381429221665907980e-01 1.843422849340009204e-02 0.000000000000000000e+00
1.800000000000000000e+04 7.200005981114203646e-01 5.847746927628584279e-01 2.606964041875284299e-01 1.350705507510241155e-01 1.945835229858898507e-02 0.000000000000000000e+00
1.825000000000000000e+04 7.300006064185233789e-01 5.827264451524806210e-01 2.539827036868457233e-01 1.428083750568957533e-01 2.048247610377787811e-02 0.000000000000000000e+00
1.850000000000000000e+04 7.400006147256261713e-01 5.824988620846609511e-01 2.540964952207555583e-01 1.414428766499772339e-01 2.196176604460628110e-02 0.000000000000000000e+00
1.875000000000000000e+04 7.500006230327294077e-01 5.819299044151114986e-01 2.531861629494765453e-01 1.438324988620846567e-01 2.105143377332726468e-02 0.000000000000000000e+00
1.900000000000000000e+04 7.600006313398326441e-01 5.860263996358671124e-01 2.504551661356395065e-01 1.429221665908056438e-01 2.059626763768775473e-02 0.000000000000000000e+00
1.925000000000000000e+04 7.700006396469356584e-01 5.877332726445152478e-01 2.449931725079654010e-01 1.474738279472007363e-01 1.979972690031861493e-02 0.000000000000000000e+00
1.950000000000000000e+04 7.800006479540384507e-01 5.992262175694128556e-01 2.356622667273554905e-01 1.445152480655439164e-01 2.059626763768775473e-02 0.000000000000000000e+00
1.975000000000000000e+04 7.900006562611416872e-01 5.995675921711424161e-01 2.325898953117888079e-01 1.454255803368229294e-01 2.241693218024579104e-02 0.000000000000000000e+00
2.000000000000000000e+04 8.000006645682449236e-01 6.178880291306326766e-01 2.231451979972690070e-01 1.357532999544833752e-01 2.309968138370505075e-02 1.137915339098771066e-04
2.025000000000000000e+04 8.100006728753477159e-01 6.000227583067819781e-01 2.364588074647246130e-01 1.432635411925352875e-01 2.014110150204824826e-02 1.137915339098771066e-04
2.050000000000000000e+04 8.200006811824507302e-01 6.092398725534819981e-01 2.327036868456986707e-01 1.383705052344105513e-01 1.968593536640873831e-02 0.000000000000000000e+00
2.075000000000000000e+04 8.300006894895539666e-01 6.159535730541647602e-01 2.267865270823850588e-01 1.383705052344105513e-01 1.888939462903959851e-02 0.000000000000000000e+00
2.100000000000000000e+04 8.400006977966572030e-01 6.157259899863449792e-01 2.254210286754665393e-01 1.378015475648611821e-01 2.105143377332726468e-02 0.000000000000000000e+00
2.125000000000000000e+04 8.500007061037599954e-01 6.132225762403277214e-01 2.172280382339553950e-01 1.475876194811105990e-01 2.196176604460628110e-02 0.000000000000000000e+00
2.150000000000000000e+04 8.600007144108630097e-01 6.144742831133364058e-01 2.092626308602640040e-01 1.537323623122439642e-01 2.253072371415566766e-02 0.000000000000000000e+00
2.175000000000000000e+04 8.700007227179662461e-01 6.166363222576239922e-01 2.075557578516158408e-01 1.524806554392353075e-01 2.321347291761493084e-02 1.137915339098771066e-04
2.200000000000000000e+04 8.800007310250692605e-01 6.209604005461993870e-01 2.024351388256713791e-01 1.525944469731451980e-01 2.389622212107419055e-02 1.137915339098771066e-04
2.225000000000000000e+04 8.900007393321722748e-01 6.234638142922166448e-01 2.082385070550751005e-01 1.439462903959945472e-01 2.435138825671370050e-02 0.000000000000000000e+00
2.250000000000000000e+04 9.000007476392750672e-01 6.330223031406463363e-01 2.032316795630405015e-01 1.418980427856167403e-01 2.173418297678652786e-02 1.137915339098771066e-04
2.275000000000000000e+04 9.100007559463783036e-01 6.289258079198907225e-01 2.010696404187528319e-01 1.454255803368229294e-01 2.457897132453345374e-02 0.000000000000000000e+00
2.300000000000000000e+04 9.200007642534815400e-01 6.371187983614019501e-01 2.003868912152935722e-01 1.368912152935821691e-01 2.548930359581247015e-02 1.137915339098771066e-04
2.325000000000000000e+04 9.300007725605845543e-01 6.379153390987710726e-01 1.998179335457442030e-01 1.423532089212562468e-01 1.991351843422849502e-02 0.000000000000000000e+00
2.350000000000000000e+04 9.400007808676873466e-01 6.374601729631315106e-01 1.997041420118343125e-01 1.379153390987710448e-01 2.480655439235321044e-02 1.137915339098771066e-04
2.375000000000000000e+04 9.500007891747905830e-01 6.579426490669094685e-01 1.882111970869367323e-01 1.317705962676376796e-01 2.207555757851615771e-02 0.000000000000000000e+00
2.400000000000000000e+04 9.600007974818938195e-01 6.533909877105142927e-01 1.890077378243058825e-01 1.343878015475648557e-01 2.298588984979517413e-02 2.275830678197542133e-04
2.425000000000000000e+04 9.700008057889968338e-01 6.489531178880291185e-01 1.962903959945380139e-01 1.322257624032771861e-01 2.253072371415566766e-02 0.000000000000000000e+00
2.450000000000000000e+04 9.800008140960996261e-01 6.491807009558488994e-01 2.024351388256713791e-01 1.248293126991351781e-01 2.355484751934456070e-02 0.000000000000000000e+00
2.475000000000000000e+04 9.900008224032028625e-01 6.540737369139736357e-01 1.962903959945380139e-01 1.252844788347746985e-01 2.435138825671370050e-02 0.000000000000000000e+00
2.500000000000000000e+04 1.000000830710305877e+00 6.488393263541192280e-01 1.981110605370960398e-01 1.296085571233500100e-01 2.344105598543468408e-02 0.000000000000000000e+00
