# itime ezz other fcc hcp bcc ico
0.000000000000000000e+00 0.000000000000000000e+00 0.000000000000000000e+00 1.000000000000000000e+00 0.000000000000000000e+00 0.000000000000000000e+00 0.000000000000000000e+00
2.500000000000000000e+02 9.999972602648288245e-03 0.000000000000000000e+00 1.000000000000000000e+00 0.000000000000000000e+00 0.000000000000000000e+00 0.000000000000000000e+00
5.000000000000000000e+02 1.999994520529635444e-02 0.000000000000000000e+00 1.000000000000000000e+00 0.000000000000000000e+00 0.000000000000000000e+00 0.000000000000000000e+00
7.500000000000000000e+02 2.999991780794464269e-02 0.000000000000000000e+00 1.000000000000000000e+00 0.000000000000000000e+00 0.000000000000000000e+00 0.000000000000000000e+00
1.000000000000000000e+03 3.999989041059293093e-02 0.000000000000000000e+00 1.000000000000000000e+00 0.000000000000000000e+00 0.000000000000000000e+00 0.000000000000000000e+00
1.250000000000000000e+03 4.999986301324099713e-02 0.000000000000000000e+00 1.000000000000000000e+00 0.000000000000000000e+00 0.000000000000000000e+00 0.000000000000000000e+00
1.500000000000000000e+03 5.999983561588928538e-02 0.000000000000000000e+00 1.000000000000000000e+00 0.000000000000000000e+00 0.000000000000000000e+00 0.000000000000000000e+00
1.750000000000000000e+03 6.999980821853757362e-02 0.000000000000000000e+00 1.000000000000000000e+00 0.000000000000000000e+00 0.000000000000000000e+00 0.000000000000000000e+00
2.000000000000000000e+03 7.999978082118586187e-02 3.413746017296313199e-04 9.994310423304506585e-01 0.000000000000000000e+00 2.275830678197542133e-04 0.000000000000000000e+00
2.250000000000000000e+03 8.999975342383392807e-02 9.103322712790168532e-04 9.990896677287209870e-01 0.000000000000000000e+00 0.000000000000000000e+00 0.000000000000000000e+00
2.500000000000000000e+03 9.999972602648221631e-02 2.048247610377787811e-03 9.979517523896221931e-01 0.000000000000000000e+00 0.000000000000000000e+00 0.000000000000000000e+00
2.750000000000000000e+03 1.099996986291305046e-01 6.486117432862995025e-03 9.930587164314974569e-01 0.000000000000000000e+00 4.551661356395084266e-04 0.000000000000000000e+00
3.000000000000000000e+03 1.199996712317785708e-01 1.299499317250796537e-01 7.116522530723714546e-01 0.000000000000000000e+00 1.583978152025489194e-01 0.000000000000000000e+00
3.250000000000000000e+03 1.299996438344268590e-01 3.653846153846153633e-01 1.818388711879836139e-01 3.982703686845699004e-03 4.487938097405553273e-01 0.000000000000000000e+00
3.500000000000000000e+03 1.399996164370751472e-01 3.777878925807919841e-01 2.489758761948110966e-01 1.508875739644970349e-01 2.223486572598998567e-01 0.000000000000000000e+00
3.750000000000000000e+03 1.499995890397232134e-01 3.755120619025944517e-01 2.827719617660446327e-01 2.006144742831133254e-01 1.411015020482476179e-01 0.000000000000000000e+00
4.000000000000000000e+03 1.599995616423715017e-01 3.946290395994537792e-01 2.869822485207100815e-01 2.266727355484751960e-01 9.171597633136094330e-02 0.000000000000000000e+00
4.250000000000000000e+03 1.699995342450197899e-01 3.918980427856167403e-01 2.913063268092853653e-01 2.517068730086481354e-01 6.508875739644970349e-02 0.000000000000000000e+00
4.500000000000000000e+03 1.799995068476680782e-01 3.980427856167501055e-01 3.055302685480200120e-01 2.407828857532999522e-01 5.564406008192990249e-02 0.000000000000000000e+00
4.750000000000000000e+03 1.899994794503161444e-01 4.121529358215748617e-01 3.008648156577150568e-01 2.447655894401456478e-01 4.221665908056440597e-02 0.000000000000000000e+00
5.000000000000000000e+03 1.999994520529644326e-01 4.233045061447428536e-01 2.988165680473373054e-01 2.375967228038234069e-01 4.028220300409649651e-02 0.000000000000000000e+00
5.250000000000000000e+03 2.099994246556127209e-01 4.309285389167045732e-01 3.017751479289940697e-01 2.302002730996813851e-01 3.709604005461993731e-02 0.000000000000000000e+00
5.500000000000000000e+03 2.199993972582607871e-01 4.354802002730996935e-01 3.126991351843422806e-01 2.214383249886208438e-01 3.038233955393718558e-02 0.000000000000000000e+00
5.750000000000000000e+03 2.299993698609090753e-01 4.549385525716886924e-01 3.021165225307237412e-01 2.063040509786071841e-01 3.664087391898043083e-02 0.000000000000000000e+00
6.000000000000000000e+03 2.399993424635573636e-01 4.565316340464269373e-01 2.922166590805644337e-01 2.131315430131998090e-01 3.812016385980882688e-02 0.000000000000000000e+00
6.250000000000000000e+03 2.499993150662054298e-01 4.599453800637232637e-01 2.935821574874829532e-01 2.135867091488393155e-01 3.288575329995448160e-02 0.000000000000000000e+00
6.500000000000000000e+03 2.599992876688537180e-01 4.749658625398270329e-01 2.938097405553026786e-01 1.994765589440145592e-01 3.174783796085571541e-02 0.000000000000000000e+00
6.750000000000000000e+03 2.699992602715020062e-01 4.814519799726900140e-01 2.862994993172507940e-01 2.057350933090578149e-01 2.651342740100136666e-02 0.000000000000000000e+00
7.000000000000000000e+03 2.799992328741502945e-01 4.955621301775147702e-01 2.795857988165680319e-01 1.995903504779244497e-01 2.526172052799271692e-02 0.000000000000000000e+00
7.250000000000000000e+03 2.899992054767983607e-01 4.992034592626308775e-01 2.761720527992717611e-01 1.998179335457442030e-01 2.480655439235321044e-02 0.000000000000000000e+00
7.500000000000000000e+03 2.999991780794466489e-01 5.126308602639964018e-01 2.730996813837050508e-01 1.894629039599453890e-01 2.469276285844333035e-02 1.137915339098771066e-04
7.750000000000000000e+03 3.099991506820949372e-01 5.327719617660445772e-01 2.521620391442876419e-01 1.925352753755120716e-01 2.253072371415566766e-02 0.000000000000000000e+00
8.000000000000000000e+03 3.199991232847430034e-01 5.310650887573964418e-01 2.501137915339098905e-01 1.933318161128811941e-01 2.548930359581247015e-02 0.000000000000000000e+00
8.250000000000000000e+03 3.299990958873912916e-01 5.411925352753754748e-01 2.350933090578060936e-01 1.952662721893491105e-01 2.844788347746927612e-02 0.000000000000000000e+00
8.500000000000000000e+03 3.399990684900395799e-01 5.506372325898952758e-01 2.251934456076467861e-01 1.952662721893491105e-01 2.890304961310878606e-02 0.000000000000000000e+00
8.750000000000000000e+03 3.499990410926876461e-01 5.484751934456076894e-01 2.247382794720072796e-01 2.011834319526627224e-01 2.548930359581247015e-02 1.137915339098771066e-04
9.000000000000000000e+03 3.599990136953359343e-01 5.408511606736459143e-01 2.332726445152480677e-01 1.982248520710059303e-01 2.765134274010013632e-02 0.000000000000000000e+00
9.250000000000000000e+03 3.699989862979842226e-01 5.298133818843877574e-01 2.410104688211197055e-01 2.043695949021392677e-01 2.480655439235321044e-02 0.000000000000000000e+00
9.500000000000000000e+03 3.799989589006322888e-01 5.351615839781520556e-01 2.352071005917159841e-01 2.048247610377788019e-01 2.480655439235321044e-02 0.000000000000000000e+00
9.750000000000000000e+03 3.899989315032807990e-01 5.340236686390532617e-01 2.314519799726900418e-01 2.135867091488393155e-01 2.093764223941738806e-02 0.000000000000000000e+00
1.000000000000000000e+04 3.999989041059290873e-01 5.389167045971779979e-01 2.208693673190714746e-01 2.176832043695949015e-01 2.253072371415566766e-02 0.000000000000000000e+00
1.025000000000000000e+04 4.099988767085771535e-01 5.452890304961310886e-01 2.170004551661356418e-01 2.197314519799726806e-01 1.797906235776058209e-02 0.000000000000000000e+00
1.050000000000000000e+04 4.199988493112254417e-01 5.434683659535730627e-01 2.264451524806554428e-01 2.099453800637232637e-01 2.014110150204824826e-02 0.000000000000000000e+00
1.075000000000000000e+04 4.299988219138737300e-01 5.347064178425124936e-01 2.371415566681839004e-01 2.080109239872553473e-01 2.002730996813837164e-02 1.137915339098771066e-04
1.100000000000000000e+04 4.399987945165217962e-01 5.515475648611742887e-01 2.286071916249431124e-01 2.014110150204824756e-01 1.843422849340009204e-02 0.000000000000000000e+00
1.125000000000000000e+04 4.499987671191700844e-01 5.510923987255348377e-01 2.398725534820209393e-01 1.902594446973145115e-01 1.854802002730996865e-02 2.275830678197542133e-04
1.150000000000000000e+04 4.599987397218183727e-01 5.485889849795174689e-01 2.345243513882567243e-01 2.009558488848429691e-01 1.593081474738279601e-02 0.000000000000000000e+00
1.175000000000000000e+04 4.699987123244664389e-01 5.485889849795174689e-01 2.381656804733727761e-01 1.959490213928083702e-01 1.718252162039144229e-02 1.137915339098771066e-04
1.200000000000000000e+04 4.799986849271147271e-01 5.401684114701865713e-01 2.427173418297678686e-01 2.038006372325898985e-01 1.319981793354574502e-02 1.137915339098771066e-04
1.225000000000000000e+04 4.899986575297630154e-01 5.350477924442421651e-01 2.511379153390987939e-01 1.974283113336367801e-01 1.638598088302230249e-02 0.000000000000000000e+00
1.250000000000000000e+04 4.999986301324113036e-01 5.245789713245334607e-01 2.661583978152025631e-01 1.909421939007737712e-01 1.832043695949021542e-02 0.000000000000000000e+00
1.275000000000000000e+04 5.099986027350593698e-01 5.121756941283568398e-01 2.881201638598088199e-01 1.820664542558033672e-01 1.763768775603095224e-02 0.000000000000000000e+00
1.300000000000000000e+04 5.199985753377076581e-01 5.015930814747382449e-01 2.930131998179335562e-01 1.895766954938552518e-01 1.581702321347291593e-02 0.000000000000000000e+00
1.325000000000000000e+04 5.299985479403559463e-01 4.865725989986344757e-01 2.999544833864360438e-01 1.954938552571688637e-01 1.797906235776058209e-02 0.000000000000000000e+00
1.350000000000000000e+04 5.399985205430040125e-01 4.746244879380974169e-01 3.146335912608101970e-01 1.948111060537096040e-01 1.593081474738279601e-02 0.000000000000000000e+00
1.375000000000000000e+04 5.499984931456523007e-01 4.571005917159763343e-01 3.314747382794719921e-01 1.966317705962676299e-01 1.479289940828402289e-02 0.000000000000000000e+00
1.400000000000000000e+04 5.599984657483005890e-01 4.550523441055985274e-01 3.380746472462448637e-01 1.941283568502503443e-01 1.274465179790623508e-02 0.000000000000000000e+00
1.425000000000000000e+04 5.699984383509486552e-01 4.519799726900318726e-01 3.475193445607646647e-01 1.885525716886663761e-01 1.194811106053709528e-02 0.000000000000000000e+00
1.450000000000000000e+04 5.799984109535969434e-01 4.420801092398725651e-01 3.553709604005462208e-01 1.857077833409194467e-01 1.684114701866181243e-02 0.000000000000000000e+00
1.475000000000000000e+04 5.899983835562452317e-01 4.234182976786526886e-01 3.752844788347746707e-01 1.868456986800182129e-01 1.445152480655439303e-02 0.000000000000000000e+00
1.500000000000000000e+04 5.999983561588932979e-01 3.986117432862995025e-01 4.029358215748748417e-01 1.853664087391898030e-01 1.308602639963586667e-02 0.000000000000000000e+00
1.525000000000000000e+04 6.099983287615415861e-01 3.773327264451524776e-01 4.297906235776058348e-01 1.777423759672280279e-01 1.513427401001365448e-02 0.000000000000000000e+00
1.550000000000000000e+04 6.199983013641898744e-01 3.361401911697769473e-01 4.882794720072826666e-01 1.624943104233045055e-01 1.308602639963586667e-02 0.000000000000000000e+00
1.575000000000000000e+04 6.299982739668381626e-01 3.140646335912608000e-01 5.204824761037778469e-01 1.536185707783341015e-01 1.183431952662721866e-02 0.000000000000000000e+00
1.600000000000000000e+04 6.399982465694862288e-01 3.045061447428311086e-01 5.266272189349112676e-01 1.586253982703686727e-01 1.024123805188893906e-02 0.000000000000000000e+00
1.625000000000000000e+04 6.499982191721345171e-01 2.836822940373236457e-01 5.274237596722803900e-01 1.804733727810650945e-01 8.420573509330906217e-03 0.000000000000000000e+00
1.650000000000000000e+04 6.599981917747828053e-01 2.702548930359581214e-01 5.233272644515247762e-01 1.984524351388256835e-01 7.965407373691398007e-03 0.000000000000000000e+00
1.675000000000000000e+04 6.699981643774308715e-01 2.579654073736913911e-01 5.273099681383704995e-01 2.069868001820664438e-01 7.737824305871643035e-03 0.000000000000000000e+00
1.700000000000000000e+04 6.799981369800791597e-01 2.555757851615839682e-01 5.278789258079198410e-01 2.090350477924442507e-01 7.510241238051888930e-03 0.000000000000000000e+00
1.725000000000000000e+04 6.899981095827274480e-01 2.580791989076012816e-01 5.223031406463358728e-01 2.116522530723714268e-01 7.965407373691398007e-03 0.000000000000000000e+00
1.750000000000000000e+04 6.999980821853755142e-01 2.597860719162494170e-01 5.227583067819754348e-01 2.115384615384615363e-01 5.917159763313609329e-03 0.000000000000000000e+00
1.775000000000000000e+04 7.099980547880238024e-01 2.652480655439235502e-01 5.265134274010013771e-01 1.978834774692762866e-01 1.035502958579881741e-02 0.000000000000000000e+00
1.800000000000000000e+04 7.199980273906720907e-01 2.645653163404642627e-01 5.365270823850705195e-01 1.939007737824305910e-01 5.006827492034592909e-03 0.000000000000000000e+00
1.825000000000000000e+04 7.299979999933203789e-01 2.719617660446062568e-01 5.310650887573964418e-01 1.902594446973145115e-01 6.713700500682749130e-03 0.000000000000000000e+00
1.850000000000000000e+04 7.399979725959684451e-01 2.888029130632681074e-01 5.032999544833864913e-01 2.006144742831133254e-01 7.282658170232134826e-03 0.000000000000000000e+00
1.875000000000000000e+04 7.499979451986167334e-01 2.980200273099681274e-01 5.114929449248976079e-01 1.820664542558033672e-01 8.420573509330906217e-03 0.000000000000000000e+00
1.900000000000000000e+04 7.599979178012650216e-01 2.881201638598088199e-01 5.158170232134728916e-01 1.885525716886663761e-01 7.510241238051888930e-03 0.000000000000000000e+00
1.925000000000000000e+04 7.699978904039130878e-01 2.832271279016841392e-01 5.481338188438780179e-01 1.581702321347291662e-01 1.046882111970869403e-02 0.000000000000000000e+00
1.950000000000000000e+04 7.799978630065613761e-01 2.642239417387346467e-01 6.233500227583067543e-01 1.051433773327264398e-01 7.282658170232134826e-03 0.000000000000000000e+00
1.975000000000000000e+04 7.899978356092096643e-01 2.421483841602184717e-01 6.432635411925352598e-01 1.095812471552116557e-01 5.006827492034592909e-03 0.000000000000000000e+00
2.000000000000000000e+04 7.999978082118577305e-01 2.257624032771961831e-01 6.675011379153390489e-01 1.028675466545289074e-01 3.868912152935821518e-03 0.000000000000000000e+00
2.025000000000000000e+04 8.099977808145060187e-01 2.201866181156121871e-01 6.591943559399180419e-01 1.185707783340919502e-01 2.048247610377787811e-03 0.000000000000000000e+00
2.050000000000000000e+04 8.199977534171543070e-01 2.147246244879381094e-01 6.535047792444241832e-01 1.299499317250796537e-01 1.820664542558033706e-03 0.000000000000000000e+00
2.075000000000000000e+04 8.299977260198025952e-01 2.083522985889849910e-01 6.422394173873463563e-01 1.470186618115612298e-01 2.389622212107419402e-03 0.000000000000000000e+00
2.100000000000000000e+04 8.399976986224506614e-01 2.075557578516158408e-01 6.366636322257623881e-01 1.549840691852526209e-01 7.965407373691396923e-04 0.000000000000000000e+00
2.125000000000000000e+04 8.499976712250989497e-01 2.080109239872553473e-01 6.183431952662722386e-01 1.708010923987255403e-01 2.844788347746927612e-03 0.000000000000000000e+00
2.150000000000000000e+04 8.599976438277472379e-01 2.067592171142466906e-01 6.140191169776968438e-01 1.760355029585798925e-01 3.186162949476558769e-03 0.000000000000000000e+00
2.175000000000000000e+04 8.699976164303953041e-01 2.094902139280837572e-01 5.969503868912152678e-01 1.906008192990441552e-01 2.958579881656804664e-03 0.000000000000000000e+00
2.200000000000000000e+04 8.799975890330435924e-01 2.231451979972690070e-01 5.473372781065088954e-01 2.248520710059171701e-01 4.665452890304961318e-03 0.000000000000000000e+00
2.225000000000000000e+04 8.899975616356918806e-01 2.288347746927628656e-01 5.300409649522075384e-01 2.321347291761493015e-01 8.989531178880291046e-03 0.000000000000000000e+00
2.250000000000000000e+04 8.999975342383399468e-01 2.448793809740555383e-01 5.153618570778334407e-01 2.323623122439690547e-01 7.396449704142011444e-03 0.000000000000000000e+00
2.275000000000000000e+04 9.099975068409882351e-01 2.512517068730086289e-01 5.062585343650432002e-01 2.362312243969048597e-01 6.258534365043240920e-03 0.000000000000000000e+00
2.300000000000000000e+04 9.199974794436365233e-01 2.647928994082840437e-01 4.875967228038233792e-01 2.423759672280382249e-01 5.234410559854347014e-03 0.000000000000000000e+00
2.325000000000000000e+04 9.299974520462845895e-01 2.580791989076012816e-01 5.251479289940828021e-01 2.098315885298133732e-01 6.941283568502503235e-03 0.000000000000000000e+00
2.350000000000000000e+04 9.399974246489328777e-01 2.493172507965407403e-01 5.439235320892125136e-01 2.016385980883022289e-01 5.120619025944469528e-03 0.000000000000000000e+00
2.375000000000000000e+04 9.499973972515811660e-01 2.505689576695493970e-01 5.195721438324988339e-01 2.254210286754665393e-01 4.437869822485207214e-03 0.000000000000000000e+00
2.400000000000000000e+04 9.599973698542294542e-01 2.447655894401456478e-01 5.065999089667728716e-01 2.438552571688666348e-01 4.779244424214838804e-03 0.000000000000000000e+00
2.425000000000000000e+04 9.699973424568775204e-01 2.368001820664542567e-01 5.630405097860718966e-01 1.961766044606281234e-01 3.982703686845699004e-03 0.000000000000000000e+00
2.450000000000000000e+04 9.799973150595258087e-01 2.243969048702776636e-01 6.234638142922166448e-01 1.463359126081019701e-01 5.803368229403732710e-03 0.000000000000000000e+00
2.475000000000000000e+04 9.899972876621740969e-01 2.077833409194355940e-01 6.713700500682748817e-01 1.142467000455166110e-01 6.599908966772872511e-03 0.000000000000000000e+00
2.500000000000000000e+04 9.999972602648221631e-01 2.044833864360491582e-01 6.818388711879835862e-01 1.076467910787437393e-01 6.030951297223486815e-03 0.000000000000000000e+00
