# itime ezz other fcc hcp bcc ico
0.000000000000000000e+00 0.000000000000000000e+00 0.000000000000000000e+00 1.000000000000000000e+00 0.000000000000000000e+00 0.000000000000000000e+00 0.000000000000000000e+00
2.500000000000000000e+03 9.999978592166280933e-03 0.000000000000000000e+00 1.000000000000000000e+00 0.000000000000000000e+00 0.000000000000000000e+00 0.000000000000000000e+00
5.000000000000000000e+03 1.999995718433278391e-02 0.000000000000000000e+00 1.000000000000000000e+00 0.000000000000000000e+00 0.000000000000000000e+00 0.000000000000000000e+00
7.500000000000000000e+03 2.999993577649906484e-02 0.000000000000000000e+00 1.000000000000000000e+00 0.000000000000000000e+00 0.000000000000000000e+00 0.000000000000000000e+00
1.000000000000000000e+04 3.999991436866556782e-02 0.000000000000000000e+00 1.000000000000000000e+00 0.000000000000000000e+00 0.000000000000000000e+00 0.000000000000000000e+00
1.250000000000000000e+04 4.999989296083184875e-02 2.275830678197542133e-04 9.997724169321802190e-01 0.000000000000000000e+00 0.000000000000000000e+00 0.000000000000000000e+00
1.500000000000000000e+04 5.999987155299835173e-02 0.000000000000000000e+00 1.000000000000000000e+00 0.000000000000000000e+00 0.000000000000000000e+00 0.000000000000000000e+00
1.750000000000000000e+04 6.999985014516463266e-02 0.000000000000000000e+00 1.000000000000000000e+00 0.000000000000000000e+00 0.000000000000000000e+00 0.000000000000000000e+00
2.000000000000000000e+04 7.999982873733113564e-02 1.137915339098770958e-03 9.988620846609012061e-01 0.000000000000000000e+00 0.000000000000000000e+00 0.000000000000000000e+00
2.250000000000000000e+04 8.999980732949741657e-02 9.103322712790168532e-04 9.989758761948110966e-01 0.000000000000000000e+00 1.137915339098771066e-04 0.000000000000000000e+00
2.500000000000000000e+04 9.999978592166369751e-02 1.934456076467910759e-03 9.980655439235320836e-01 0.000000000000000000e+00 0.000000000000000000e+00 0.000000000000000000e+00
2.750000000000000000e+04 1.099997645138302005e-01 1.322257624032771861e-01 4.658625398270368478e-01 3.413746017296313199e-04 4.015703231679563223e-01 0.000000000000000000e+00
3.000000000000000000e+04 1.199997431059964814e-01 4.016841147018661989e-02 8.056440600819299025e-01 1.528220300409649512e-01 1.365498406918525280e-03 0.000000000000000000e+00
3.250000000000000000e+04 1.299997216981629844e-01 4.278561675011378906e-02 7.984751934456076894e-01 1.574874829312699065e-01 1.251706873008648227e-03 0.000000000000000000e+00
3.500000000000000000e+04 1.399997002903292653e-01 5.553026854802002588e-02 7.675238962221210270e-01 1.751251706873008518e-01 1.820664542558033706e-03 0.000000000000000000e+00
3.750000000000000000e+04 1.499996788824957683e-01 5.883022303140646170e-02 7.633136094674556338e-01 1.769458352298589054e-01 9.103322712790168532e-04 0.000000000000000000e+00
4.000000000000000000e+04 1.599996574746620492e-01 6.360946745562130744e-02 7.598998634501593630e-01 1.748975876194810986e-01 1.593081474738279385e-03 0.000000000000000000e+00
4.250000000000000000e+04 1.699996360668285522e-01 6.008192990441511144e-02 7.754893035958124736e-01 1.631770596267637652e-01 1.251706873008648227e-03 0.000000000000000000e+00
4.500000000000000000e+04 1.799996146589948331e-01 5.996813837050523482e-02 7.757168866636322546e-01 1.624943104233045055e-01 1.820664542558033706e-03 0.000000000000000000e+00
4.750000000000000000e+04 1.899995932511613361e-01 4.597177969959034827e-02 7.919890760127445972e-01 1.586253982703686727e-01 3.413746017296313308e-03 0.000000000000000000e+00
5.000000000000000000e+04 1.999995718433276171e-01 4.904415111515703085e-02 7.913063268092853653e-01 1.565771506599908935e-01 3.072371415566681717e-03 0.000000000000000000e+00
5.250000000000000000e+04 2.099995504354938980e-01 5.928538916704597511e-02 7.781065088757396220e-01 1.602184797451069731e-01 2.389622212107419402e-03 0.000000000000000000e+00
5.500000000000000000e+04 2.199995290276604010e-01 6.133363677742376119e-02 7.784478834774692935e-01 1.581702321347291662e-01 2.048247610377787811e-03 0.000000000000000000e+00
5.750000000000000000e+04 2.299995076198266819e-01 4.972690031861629750e-02 7.888029130632681074e-01 1.588529813381884259e-01 2.617205279927173507e-03 0.000000000000000000e+00
6.000000000000000000e+04 2.399994862119931849e-01 5.609922621756941591e-02 7.850477924442421651e-01 1.557806099226217433e-01 3.072371415566681717e-03 0.000000000000000000e+00
6.250000000000000000e+04 2.499994648041594658e-01 6.713700500682749650e-02 7.633136094674556338e-01 1.677287209831588577e-01 1.820664542558033706e-03 0.000000000000000000e+00
6.500000000000000000e+04 2.599994433963259688e-01 7.203004096495220498e-02 7.596722803823395820e-01 1.671597633136094607e-01 1.137915339098770958e-03 0.000000000000000000e+00
6.750000000000000000e+04 2.699994219884922497e-01 7.191624943104232837e-02 7.587619481110605690e-01 1.680700955848884737e-01 1.251706873008648227e-03 0.000000000000000000e+00
7.000000000000000000e+04 2.799994005806587527e-01 6.611288120163859305e-02 7.464724624487938387e-01 1.859353664087392000e-01 1.479289940828402332e-03 0.000000000000000000e+00
7.250000000000000000e+04 2.899993791728250336e-01 6.599908966772871644e-02 7.474965862539827421e-01 1.852526172052799402e-01 1.251706873008648227e-03 0.000000000000000000e+00
7.500000000000000000e+04 2.999993577649913146e-01 6.338188438780155420e-02 7.571688666363222131e-01 1.783113336367774249e-01 1.137915339098770958e-03 0.000000000000000000e+00
7.750000000000000000e+04 3.099993363571578175e-01 6.315430131998178709e-02 7.589895311788802390e-01 1.768320436959490149e-01 1.024123805188893906e-03 0.000000000000000000e+00
8.000000000000000000e+04 3.199993149493240985e-01 6.531634046426945672e-02 7.604688211197087044e-01 1.728493400091033194e-01 1.365498406918525280e-03 0.000000000000000000e+00
8.250000000000000000e+04 3.299992935414906015e-01 6.747837960855712636e-02 7.603550295857988139e-01 1.709148839326354030e-01 1.251706873008648227e-03 0.000000000000000000e+00
8.500000000000000000e+04 3.399992721336568824e-01 9.854346836595356818e-02 6.961766044606281234e-01 2.009558488848429691e-01 4.324078288575329727e-03 0.000000000000000000e+00
8.750000000000000000e+04 3.499992507258233854e-01 1.208466090122894826e-01 5.705507510241237812e-01 3.034820209376422606e-01 5.120619025944469528e-03 0.000000000000000000e+00
9.000000000000000000e+04 3.599992293179896663e-01 1.120846609012289552e-01 6.117432862994993670e-01 2.732134729176149412e-01 2.958579881656804664e-03 0.000000000000000000e+00
9.250000000000000000e+04 3.699992079101561693e-01 1.291533909877105035e-01 5.771506599908966528e-01 2.893718707328175044e-01 4.324078288575329727e-03 0.000000000000000000e+00
9.500000000000000000e+04 3.799991865023224502e-01 1.357532999544833752e-01 5.575785161583978189e-01 3.017751479289940697e-01 4.893035958124715423e-03 0.000000000000000000e+00
9.750000000000000000e+04 3.899991650944887311e-01 1.332498862084660896e-01 5.653163404642694845e-01 2.955166135639508695e-01 5.917159763313609329e-03 0.000000000000000000e+00
1.000000000000000000e+05 3.999991436866552341e-01 1.318843878015475701e-01 6.793354574419663283e-01 1.818388711879836139e-01 6.941283568502503235e-03 0.000000000000000000e+00
1.025000000000000000e+05 4.099991222788217371e-01 1.309740555302685572e-01 7.045971779699590209e-01 1.571461083295402905e-01 7.282658170232134826e-03 0.000000000000000000e+00
1.050000000000000000e+05 4.199991008709880180e-01 1.421256258534364936e-01 6.952662721893491105e-01 1.594219390077378229e-01 3.186162949476558769e-03 0.000000000000000000e+00
1.075000000000000000e+05 4.299990794631542990e-01 1.391670459717797015e-01 7.048247610377788019e-01 1.510013654984069253e-01 5.006827492034592909e-03 0.000000000000000000e+00
1.100000000000000000e+05 4.399990580553208019e-01 1.428083750568957533e-01 7.238279472007282944e-01 1.281292671825216278e-01 5.234410559854347014e-03 0.000000000000000000e+00
1.125000000000000000e+05 4.499990366474873049e-01 1.027537551206190308e-01 7.745789713245334607e-01 1.174328629949931702e-01 5.234410559854347014e-03 0.000000000000000000e+00
1.150000000000000000e+05 4.599990152396535859e-01 1.001365498406918547e-01 7.746927628584433512e-01 1.190259444697314567e-01 6.144742831133363434e-03 0.000000000000000000e+00
1.175000000000000000e+05 4.699989938318196447e-01 1.045744196631770567e-01 7.701411015020482864e-01 1.208466090122894826e-01 4.437869822485207214e-03 0.000000000000000000e+00
1.200000000000000000e+05 4.799989724239863698e-01 1.045744196631770567e-01 7.753755120619025831e-01 1.157259899863450209e-01 4.324078288575329727e-03 0.000000000000000000e+00
1.225000000000000000e+05 4.899989510161528727e-01 1.111743286299499284e-01 7.558033682294037492e-01 1.293809740555302568e-01 3.641329085116067413e-03 0.000000000000000000e+00
1.250000000000000000e+05 4.999989296083189316e-01 1.121984524351388318e-01 7.523896222121073674e-01 1.312016385980883104e-01 4.210286754665453109e-03 0.000000000000000000e+00
1.275000000000000000e+05 5.099989082004852126e-01 1.264223941738734647e-01 7.168866636322257513e-01 1.537323623122439642e-01 2.958579881656804664e-03 0.000000000000000000e+00
1.300000000000000000e+05 5.199988867926517155e-01 1.260810195721438209e-01 7.150659990896677254e-01 1.569185252617205373e-01 1.934456076467910759e-03 0.000000000000000000e+00
1.325000000000000000e+05 5.299988653848184406e-01 1.232362312243969055e-01 7.591033227127901295e-01 1.152708238507055144e-01 2.389622212107419402e-03 0.000000000000000000e+00
1.350000000000000000e+05 5.399988439769844994e-01 1.240327719617660418e-01 7.510241238051889034e-01 1.227810650887573990e-01 2.162039144287664864e-03 0.000000000000000000e+00
1.375000000000000000e+05 5.499988225691507804e-01 1.150432407828857473e-01 7.266727355484752238e-01 1.544151115157032239e-01 3.868912152935821518e-03 0.000000000000000000e+00
1.400000000000000000e+05 5.599988011613172834e-01 1.173190714610832935e-01 7.108557123350022211e-01 1.681838871187983642e-01 3.641329085116067413e-03 0.000000000000000000e+00
1.425000000000000000e+05 5.699987797534837863e-01 1.240327719617660418e-01 6.201638598088302645e-01 2.504551661356395065e-01 5.348202093764223633e-03 0.000000000000000000e+00
1.450000000000000000e+05 5.799987583456500673e-01 1.314292216659080637e-01 5.939918070095584479e-01 2.688893946290396020e-01 5.689576695493855224e-03 0.000000000000000000e+00
1.475000000000000000e+05 5.899987369378163482e-01 1.326809285389166926e-01 5.880746472462449193e-01 2.725307237141556538e-01 6.713700500682749130e-03 0.000000000000000000e+00
1.500000000000000000e+05 5.999987155299828512e-01 1.339326354119253493e-01 5.756713700500682984e-01 2.859581247155211781e-01 4.437869822485207214e-03 0.000000000000000000e+00
1.525000000000000000e+05 6.099986941221493542e-01 1.415566681838871244e-01 5.493855257168867023e-01 3.054164770141101770e-01 3.641329085116067413e-03 0.000000000000000000e+00
1.550000000000000000e+05 6.199986727143156351e-01 1.426945835229858905e-01 5.467683204369594430e-01 3.050751024123805055e-01 5.461993627674101119e-03 0.000000000000000000e+00
1.575000000000000000e+05 6.299986513064819160e-01 1.521392808375056915e-01 5.487027765134273594e-01 2.915339098771051463e-01 7.624032771961766417e-03 0.000000000000000000e+00
1.600000000000000000e+05 6.399986298986484190e-01 1.545289030496131144e-01 7.164314974965863003e-01 1.235776058261265353e-01 5.461993627674101119e-03 0.000000000000000000e+00
1.625000000000000000e+05 6.499986084908149220e-01 1.255120619025944517e-01 8.337505689576695245e-01 3.914428766499772339e-02 1.593081474738279385e-03 0.000000000000000000e+00
1.650000000000000000e+05 6.599985870829812029e-01 1.256258534365043145e-01 8.335229858898497435e-01 3.880291306326809353e-02 2.048247610377787811e-03 0.000000000000000000e+00
1.675000000000000000e+05 6.699985656751472618e-01 1.271051433773327244e-01 8.326126536185707305e-01 3.880291306326809353e-02 1.479289940828402332e-03 0.000000000000000000e+00
1.700000000000000000e+05 6.799985442673139868e-01 1.261948111060537114e-01 8.291989076012744597e-01 4.119253527537550946e-02 3.413746017296313308e-03 0.000000000000000000e+00
1.725000000000000000e+05 6.899985228594804898e-01 1.281292671825216278e-01 8.277196176604461053e-01 4.233045061447428259e-02 1.820664542558033706e-03 0.000000000000000000e+00
1.750000000000000000e+05 6.999985014516465487e-01 1.288120163859808875e-01 8.244196631770596140e-01 4.426490669094219205e-02 2.503413746017296455e-03 0.000000000000000000e+00
1.775000000000000000e+05 7.099984800438128296e-01 1.307464724624488039e-01 8.229403732362312596e-01 4.312699135184342586e-02 3.186162949476558769e-03 0.000000000000000000e+00
1.800000000000000000e+05 7.199984586359793326e-01 1.474738279472007363e-01 6.242603550295857673e-01 2.246244879380974169e-01 3.641329085116067413e-03 0.000000000000000000e+00
1.825000000000000000e+05 7.299984372281460576e-01 1.515703231679562946e-01 5.736231224396904915e-01 2.682066454255803145e-01 6.599908966772872511e-03 0.000000000000000000e+00
1.850000000000000000e+05 7.399984158203121165e-01 1.522530723714155543e-01 5.647473827947200320e-01 2.753755120619025831e-01 7.624032771961766417e-03 0.000000000000000000e+00
1.875000000000000000e+05 7.499983944124783974e-01 1.496358670914884059e-01 5.504096495220756058e-01 2.908511606736458588e-01 9.103322712790167665e-03 0.000000000000000000e+00
1.900000000000000000e+05 7.599983730046449004e-01 1.339326354119253493e-01 4.421939007737824556e-01 4.167045971779699820e-01 7.168866636322257339e-03 0.000000000000000000e+00
1.925000000000000000e+05 7.699983515968114034e-01 1.406463359126081114e-01 4.350250341374601870e-01 4.176149294492489950e-01 6.713700500682749130e-03 0.000000000000000000e+00
1.950000000000000000e+05 7.799983301889776843e-01 1.380291306326809353e-01 4.365043240782885969e-01 4.214838416021847722e-01 3.982703686845699004e-03 0.000000000000000000e+00
1.975000000000000000e+05 7.899983087811439653e-01 1.382567137005006885e-01 4.368456986800182129e-01 4.222803823395539502e-01 2.617205279927173507e-03 0.000000000000000000e+00
2.000000000000000000e+05 7.999982873733104682e-01 1.399635867091488517e-01 4.349112426035502965e-01 4.221665908056440597e-01 2.958579881656804664e-03 0.000000000000000000e+00
2.025000000000000000e+05 8.099982659654769712e-01 1.421256258534364936e-01 4.335457441966317771e-01 4.218252162039144437e-01 2.503413746017296455e-03 0.000000000000000000e+00
2.050000000000000000e+05 8.199982445576432522e-01 1.407601274465179741e-01 4.345698680018206805e-01 4.221665908056440597e-01 2.503413746017296455e-03 0.000000000000000000e+00
2.075000000000000000e+05 8.299982231498095331e-01 1.430359581247155343e-01 4.335457441966317771e-01 4.195493855257169113e-01 3.868912152935821518e-03 0.000000000000000000e+00
2.100000000000000000e+05 8.399982017419760361e-01 1.438324988620846567e-01 4.345698680018206805e-01 4.181838871187983364e-01 3.413746017296313308e-03 0.000000000000000000e+00
2.125000000000000000e+05 8.499981803341425390e-01 1.497496586253982687e-01 4.272872098315885214e-01 4.192080109239872399e-01 3.755120619025944465e-03 0.000000000000000000e+00
2.150000000000000000e+05 8.599981589263088200e-01 1.577150659990896597e-01 5.250341374601729116e-01 3.122439690487027741e-01 5.006827492034592909e-03 0.000000000000000000e+00
2.175000000000000000e+05 8.699981375184748789e-01 1.449704142011834229e-01 5.225307237141556538e-01 3.290851160673645692e-01 3.413746017296313308e-03 0.000000000000000000e+00
2.200000000000000000e+05 8.799981161106416039e-01 1.317705962676376796e-01 4.870277651342740377e-01 3.740327719617660418e-01 7.168866636322257339e-03 0.000000000000000000e+00
2.225000000000000000e+05 8.899980947028081069e-01 1.341602184797451025e-01 4.770141101502048397e-01 3.798361401911697910e-01 8.989531178880291046e-03 0.000000000000000000e+00
2.250000000000000000e+05 8.999980732949741657e-01 1.309740555302685572e-01 4.594902139280837572e-01 4.002048247610378029e-01 9.330905780609922637e-03 0.000000000000000000e+00
2.275000000000000000e+05 9.099980518871404467e-01 1.345015930814747462e-01 4.650659990896677254e-01 3.944014565316340537e-01 6.030951297223486815e-03 0.000000000000000000e+00
2.300000000000000000e+05 9.199980304793069497e-01 1.478152025489303523e-01 7.888029130632681074e-01 6.065088757396449454e-02 2.730996813837050560e-03 0.000000000000000000e+00
2.325000000000000000e+05 9.299980090714736747e-01 1.131087847064178448e-01 8.852981338188439242e-01 1.251706873008648227e-03 3.413746017296313199e-04 0.000000000000000000e+00
2.350000000000000000e+05 9.399979876636397336e-01 1.124260355029585851e-01 8.848429676832043622e-01 2.275830678197541916e-03 4.551661356395084266e-04 0.000000000000000000e+00
2.375000000000000000e+05 9.499979662558060145e-01 1.121984524351388318e-01 8.851843422849340337e-01 2.162039144287664864e-03 4.551661356395084266e-04 0.000000000000000000e+00
2.400000000000000000e+05 9.599979448479725175e-01 1.127674101046882149e-01 8.850705507510241432e-01 1.706873008648156654e-03 4.551661356395084266e-04 0.000000000000000000e+00
2.425000000000000000e+05 9.699979234401390205e-01 1.131087847064178448e-01 8.845015930814746907e-01 1.820664542558033706e-03 5.689576695493854790e-04 0.000000000000000000e+00
2.450000000000000000e+05 9.799979020323053014e-01 1.143604915794264876e-01 8.829085116067364458e-01 2.048247610377787811e-03 6.827492034592626399e-04 0.000000000000000000e+00
2.475000000000000000e+05 9.899978806244715823e-01 1.141329085116067343e-01 8.830223031406463363e-01 2.617205279927173507e-03 2.275830678197542133e-04 0.000000000000000000e+00
2.500000000000000000e+05 9.999978592166380853e-01 1.149294492489758707e-01 8.807464724624487484e-01 3.299954483386436255e-03 1.024123805188893906e-03 0.000000000000000000e+00
