# itime ezz other fcc hcp bcc ico
0.000000000000000000e+00 0.000000000000000000e+00 0.000000000000000000e+00 1.000000000000000000e+00 0.000000000000000000e+00 0.000000000000000000e+00 0.000000000000000000e+00
5.000000000000000000e+02 1.999994529833237777e-03 0.000000000000000000e+00 1.000000000000000000e+00 0.000000000000000000e+00 0.000000000000000000e+00 0.000000000000000000e+00
1.000000000000000000e+03 3.999989059666253510e-03 0.000000000000000000e+00 1.000000000000000000e+00 0.000000000000000000e+00 0.000000000000000000e+00 0.000000000000000000e+00
1.500000000000000000e+03 5.999983589499491288e-03 0.000000000000000000e+00 1.000000000000000000e+00 0.000000000000000000e+00 0.000000000000000000e+00 0.000000000000000000e+00
2.000000000000000000e+03 7.999978119332729065e-03 0.000000000000000000e+00 1.000000000000000000e+00 0.000000000000000000e+00 0.000000000000000000e+00 0.000000000000000000e+00
2.500000000000000000e+03 9.999972649165966843e-03 0.000000000000000000e+00 1.000000000000000000e+00 0.000000000000000000e+00 0.000000000000000000e+00 0.000000000000000000e+00
3.000000000000000000e+03 1.199996717899898258e-02 0.000000000000000000e+00 1.000000000000000000e+00 0.000000000000000000e+00 0.000000000000000000e+00 0.000000000000000000e+00
3.500000000000000000e+03 1.399996170883222035e-02 0.000000000000000000e+00 1.000000000000000000e+00 0.000000000000000000e+00 0.000000000000000000e+00 0.000000000000000000e+00
4.000000000000000000e+03 1.599995623866545813e-02 0.000000000000000000e+00 1.000000000000000000e+00 0.000000000000000000e+00 0.000000000000000000e+00 0.000000000000000000e+00
4.500000000000000000e+03 1.799995076849869591e-02 0.000000000000000000e+00 1.000000000000000000e+00 0.000000000000000000e+00 0.000000000000000000e+00 0.000000000000000000e+00
5.000000000000000000e+03 1.999994529833171164e-02 0.000000000000000000e+00 1.000000000000000000e+00 0.000000000000000000e+00 0.000000000000000000e+00 0.000000000000000000e+00
5.500000000000000000e+03 2.199993982816494942e-02 0.000000000000000000e+00 1.000000000000000000e+00 0.000000000000000000e+00 0.000000000000000000e+00 0.000000000000000000e+00
6.000000000000000000e+03 2.399993435799818720e-02 0.000000000000000000e+00 1.000000000000000000e+00 0.000000000000000000e+00 0.000000000000000000e+00 0.000000000000000000e+00
6.500000000000000000e+03 2.599992888783142497e-02 0.000000000000000000e+00 1.000000000000000000e+00 0.000000000000000000e+00 0.000000000000000000e+00 0.000000000000000000e+00
7.000000000000000000e+03 2.799992341766444071e-02 0.000000000000000000e+00 1.000000000000000000e+00 0.000000000000000000e+00 0.000000000000000000e+00 0.000000000000000000e+00
7.500000000000000000e+03 2.999991794749767848e-02 0.000000000000000000e+00 1.000000000000000000e+00 0.000000000000000000e+00 0.000000000000000000e+00 0.000000000000000000e+00
8.000000000000000000e+03 3.199991247733091626e-02 0.000000000000000000e+00 1.000000000000000000e+00 0.000000000000000000e+00 0.000000000000000000e+00 0.000000000000000000e+00
8.500000000000000000e+03 3.399990700716393199e-02 0.000000000000000000e+00 1.000000000000000000e+00 0.000000000000000000e+00 0.000000000000000000e+00 0.000000000000000000e+00
9.000000000000000000e+03 3.599990153699716977e-02 0.000000000000000000e+00 1.000000000000000000e+00 0.000000000000000000e+00 0.000000000000000000e+00 0.000000000000000000e+00
9.500000000000000000e+03 3.799989606683040755e-02 0.000000000000000000e+00 1.000000000000000000e+00 0.000000000000000000e+00 0.000000000000000000e+00 0.000000000000000000e+00
1.000000000000000000e+04 3.999989059666364533e-02 0.000000000000000000e+00 1.000000000000000000e+00 0.000000000000000000e+00 0.000000000000000000e+00 0.000000000000000000e+00
1.050000000000000000e+04 4.199988512649666106e-02 0.000000000000000000e+00 1.000000000000000000e+00 0.000000000000000000e+00 0.000000000000000000e+00 0.000000000000000000e+00
1.100000000000000000e+04 4.399987965632989884e-02 0.000000000000000000e+00 1.000000000000000000e+00 0.000000000000000000e+00 0.000000000000000000e+00 0.000000000000000000e+00
1.150000000000000000e+04 4.599987418616313661e-02 0.000000000000000000e+00 1.000000000000000000e+00 0.000000000000000000e+00 0.000000000000000000e+00 0.000000000000000000e+00
1.200000000000000000e+04 4.799986871599637439e-02 0.000000000000000000e+00 1.000000000000000000e+00 0.000000000000000000e+00 0.000000000000000000e+00 0.000000000000000000e+00
1.250000000000000000e+04 4.999986324582939012e-02 0.000000000000000000e+00 1.000000000000000000e+00 0.000000000000000000e+00 0.000000000000000000e+00 0.000000000000000000e+00
1.300000000000000000e+04 5.199985777566262790e-02 0.000000000000000000e+00 1.000000000000000000e+00 0.000000000000000000e+00 0.000000000000000000e+00 0.000000000000000000e+00
1.350000000000000000e+04 5.399985230549586568e-02 0.000000000000000000e+00 1.000000000000000000e+00 0.000000000000000000e+00 0.000000000000000000e+00 0.000000000000000000e+00
1.400000000000000000e+04 5.599984683532910346e-02 0.000000000000000000e+00 1.000000000000000000e+00 0.000000000000000000e+00 0.000000000000000000e+00 0.000000000000000000e+00
1.450000000000000000e+04 5.799984136516211919e-02 0.000000000000000000e+00 1.000000000000000000e+00 0.000000000000000000e+00 0.000000000000000000e+00 0.000000000000000000e+00
1.500000000000000000e+04 5.999983589499535697e-02 1.137915339098771066e-04 9.998862084660901095e-01 0.000000000000000000e+00 0.000000000000000000e+00 0.000000000000000000e+00
1.550000000000000000e+04 6.199983042482859474e-02 0.000000000000000000e+00 1.000000000000000000e+00 0.000000000000000000e+00 0.000000000000000000e+00 0.000000000000000000e+00
1.600000000000000000e+04 6.399982495466161048e-02 0.000000000000000000e+00 1.000000000000000000e+00 0.000000000000000000e+00 0.000000000000000000e+00 0.000000000000000000e+00
1.650000000000000000e+04 6.599981948449484825e-02 4.551661356395084266e-04 9.995448338643604380e-01 0.000000000000000000e+00 0.000000000000000000e+00 0.000000000000000000e+00
1.700000000000000000e+04 6.799981401432808603e-02 2.275830678197542133e-04 9.997724169321802190e-01 0.000000000000000000e+00 0.000000000000000000e+00 0.000000000000000000e+00
1.750000000000000000e+04 6.999980854416132381e-02 0.000000000000000000e+00 1.000000000000000000e+00 0.000000000000000000e+00 0.000000000000000000e+00 0.000000000000000000e+00
1.800000000000000000e+04 7.199980307399433954e-02 4.551661356395084266e-04 9.995448338643604380e-01 0.000000000000000000e+00 0.000000000000000000e+00 0.000000000000000000e+00
1.850000000000000000e+04 7.399979760382757732e-02 0.000000000000000000e+00 1.000000000000000000e+00 0.000000000000000000e+00 0.000000000000000000e+00 0.000000000000000000e+00
1.900000000000000000e+04 7.599979213366081510e-02 6.827492034592626399e-04 9.993172507965407680e-01 0.000000000000000000e+00 0.000000000000000000e+00 0.000000000000000000e+00
1.950000000000000000e+04 7.799978666349405287e-02 4.551661356395084266e-04 9.995448338643604380e-01 0.000000000000000000e+00 0.000000000000000000e+00 0.000000000000000000e+00
2.000000000000000000e+04 7.999978119332706861e-02 6.827492034592626399e-04 9.993172507965407680e-01 0.000000000000000000e+00 0.000000000000000000e+00 0.000000000000000000e+00
2.050000000000000000e+04 8.199977572316030638e-02 0.000000000000000000e+00 1.000000000000000000e+00 0.000000000000000000e+00 0.000000000000000000e+00 0.000000000000000000e+00
2.100000000000000000e+04 8.399977025299354416e-02 0.000000000000000000e+00 1.000000000000000000e+00 0.000000000000000000e+00 0.000000000000000000e+00 0.000000000000000000e+00
2.150000000000000000e+04 8.599976478282678194e-02 4.551661356395084266e-04 9.995448338643604380e-01 0.000000000000000000e+00 0.000000000000000000e+00 0.000000000000000000e+00
2.200000000000000000e+04 8.799975931265979767e-02 5.689576695493854790e-04 9.993172507965407680e-01 0.000000000000000000e+00 1.137915339098771066e-04 0.000000000000000000e+00
2.250000000000000000e+04 8.999975384249303545e-02 1.820664542558033706e-03 9.981793354574419741e-01 0.000000000000000000e+00 0.000000000000000000e+00 0.000000000000000000e+00
2.300000000000000000e+04 9.199974837232627323e-02 1.365498406918525280e-03 9.984069185252617551e-01 0.000000000000000000e+00 2.275830678197542133e-04 0.000000000000000000e+00
2.350000000000000000e+04 9.399974290215928896e-02 1.251706873008648227e-03 9.987482931269913156e-01 0.000000000000000000e+00 0.000000000000000000e+00 0.000000000000000000e+00
2.400000000000000000e+04 9.599973743199252674e-02 9.103322712790168532e-04 9.986345015930814251e-01 0.000000000000000000e+00 4.551661356395084266e-04 0.000000000000000000e+00
2.450000000000000000e+04 9.799973196182576451e-02 1.820664542558033706e-03 9.980655439235320836e-01 0.000000000000000000e+00 1.137915339098771066e-04 0.000000000000000000e+00
2.500000000000000000e+04 9.999972649165900229e-02 4.893035958124715423e-03 9.939690487027764698e-01 0.000000000000000000e+00 1.137915339098770958e-03 0.000000000000000000e+00
2.550000000000000000e+04 1.019997210214920180e-01 2.730996813837050560e-03 9.969276285844332897e-01 0.000000000000000000e+00 3.413746017296313199e-04 0.000000000000000000e+00
2.600000000000000000e+04 1.039997155513252558e-01 6.030951297223486815e-03 9.931725079654073474e-01 0.000000000000000000e+00 7.965407373691396923e-04 0.000000000000000000e+00
2.650000000000000000e+04 1.059997100811584936e-01 4.096495220755575623e-03 9.954483386436049352e-01 0.000000000000000000e+00 4.551661356395084266e-04 0.000000000000000000e+00
2.700000000000000000e+04 1.079997046109917314e-01 1.502048247610377786e-02 9.833864360491579859e-01 0.000000000000000000e+00 1.593081474738279385e-03 0.000000000000000000e+00
2.750000000000000000e+04 1.099996991408247471e-01 5.177514792899408358e-02 8.983841602184797770e-01 0.000000000000000000e+00 4.984069185252617412e-02 0.000000000000000000e+00
2.800000000000000000e+04 1.119996936706579849e-01 1.019572143832498806e-01 6.511151570323168158e-01 2.234865725989986229e-01 2.344105598543468408e-02 0.000000000000000000e+00
2.850000000000000000e+04 1.139996882004912226e-01 9.365043240782885969e-02 6.668183887118798170e-01 2.329312699135184239e-01 6.599908966772872511e-03 0.000000000000000000e+00
2.900000000000000000e+04 1.159996827303244604e-01 1.176604460628129234e-01 6.384842967683204140e-01 2.395311788802912956e-01 4.324078288575329727e-03 0.000000000000000000e+00
2.950000000000000000e+04 1.179996772601574762e-01 1.375739644970414288e-01 6.312016385980883104e-01 2.225762403277196100e-01 8.648156577150659455e-03 0.000000000000000000e+00
3.000000000000000000e+04 1.199996717899907139e-01 9.012289485662267063e-02 6.987938097405552718e-01 2.051661356395084179e-01 5.917159763313609329e-03 0.000000000000000000e+00
3.050000000000000000e+04 1.219996663198239517e-01 7.601274465179790052e-02 7.016385980883022011e-01 2.156349567592171224e-01 6.713700500682749130e-03 0.000000000000000000e+00
3.100000000000000000e+04 1.239996608496569674e-01 7.692307692307692735e-02 7.036868456986800080e-01 2.133591260810195622e-01 6.030951297223486815e-03 0.000000000000000000e+00
3.150000000000000000e+04 1.259996553794902052e-01 8.454710969503868856e-02 7.198452435138825711e-01 1.909421939007737712e-01 4.665452890304961318e-03 0.000000000000000000e+00
3.200000000000000000e+04 1.279996499093234430e-01 9.035047792444242387e-02 7.562585343650432002e-01 1.482703686845698587e-01 5.120619025944469528e-03 0.000000000000000000e+00
3.250000000000000000e+04 1.299996444391566808e-01 5.427856167501137613e-02 8.051888939462903405e-01 1.376877560309512916e-01 2.844788347746927612e-03 0.000000000000000000e+00
3.300000000000000000e+04 1.319996389689896965e-01 5.177514792899408358e-02 8.074647246244879284e-01 1.383705052344105513e-01 2.389622212107419402e-03 0.000000000000000000e+00
3.350000000000000000e+04 1.339996334988229343e-01 5.075102412380518707e-02 8.074647246244879284e-01 1.378015475648611821e-01 3.982703686845699004e-03 0.000000000000000000e+00
3.400000000000000000e+04 1.359996280286561721e-01 5.530268548020027264e-02 8.056440600819299025e-01 1.362084660901228816e-01 2.844788347746927612e-03 0.000000000000000000e+00
3.450000000000000000e+04 1.379996225584894098e-01 5.177514792899408358e-02 8.067819754210286964e-01 1.379153390987710448e-01 3.527537551206190360e-03 0.000000000000000000e+00
3.500000000000000000e+04 1.399996170883224256e-01 5.154756486117433034e-02 8.070095584888484774e-01 1.380291306326809353e-01 3.413746017296313308e-03 0.000000000000000000e+00
3.550000000000000000e+04 1.419996116181556634e-01 5.075102412380518707e-02 8.074647246244879284e-01 1.380291306326809353e-01 3.755120619025944465e-03 0.000000000000000000e+00
3.600000000000000000e+04 1.439996061479889011e-01 5.291306326809285671e-02 8.027992717341829731e-01 1.411015020482476179e-01 3.186162949476558769e-03 0.000000000000000000e+00
3.650000000000000000e+04 1.459996006778219169e-01 5.131998179335457710e-02 8.022303140646336317e-01 1.422394173873463841e-01 4.210286754665453109e-03 0.000000000000000000e+00
3.700000000000000000e+04 1.479995952076551546e-01 5.314064633591260994e-02 8.027992717341829731e-01 1.406463359126081114e-01 3.413746017296313308e-03 0.000000000000000000e+00
3.750000000000000000e+04 1.499995897374883924e-01 5.131998179335457710e-02 7.990441511151570309e-01 1.456531634046426826e-01 3.982703686845699004e-03 0.000000000000000000e+00
3.800000000000000000e+04 1.519995842673216302e-01 5.370960400546199304e-02 7.981338188438780179e-01 1.454255803368229294e-01 2.730996813837050560e-03 0.000000000000000000e+00
3.850000000000000000e+04 1.539995787971546459e-01 5.427856167501137613e-02 7.966545289030496635e-01 1.458807464724624359e-01 3.186162949476558769e-03 0.000000000000000000e+00
3.900000000000000000e+04 1.559995733269878837e-01 5.336822940373236318e-02 7.942649066909421851e-01 1.489531178880291185e-01 3.413746017296313308e-03 0.000000000000000000e+00
3.950000000000000000e+04 1.579995678568211215e-01 5.382339553937186966e-02 7.885753299954483264e-01 1.536185707783341015e-01 3.982703686845699004e-03 0.000000000000000000e+00
4.000000000000000000e+04 1.599995623866543593e-01 5.962676376877560497e-02 7.730996813837051063e-01 1.616977696859353553e-01 5.575785161583977738e-03 0.000000000000000000e+00
4.050000000000000000e+04 1.619995569164873750e-01 5.245789713245334329e-02 7.856167501137915066e-01 1.531634046426945950e-01 8.761948111060537808e-03 0.000000000000000000e+00
4.100000000000000000e+04 1.639995514463206128e-01 4.927173418297678409e-02 8.097405553026855163e-01 1.374601729631315383e-01 3.527537551206190360e-03 0.000000000000000000e+00
4.150000000000000000e+04 1.659995459761538505e-01 4.221665908056440597e-02 8.161128812016386069e-01 1.378015475648611821e-01 3.868912152935821518e-03 0.000000000000000000e+00
4.200000000000000000e+04 1.679995405059870883e-01 4.324078288575330248e-02 8.142922166590805810e-01 1.382567137005006885e-01 4.210286754665453109e-03 0.000000000000000000e+00
4.250000000000000000e+04 1.699995350358201041e-01 4.221665908056440597e-02 8.152025489303595940e-01 1.385980883022303045e-01 3.982703686845699004e-03 0.000000000000000000e+00
4.300000000000000000e+04 1.719995295656533418e-01 4.597177969959034827e-02 8.137232589895311285e-01 1.363222576240327721e-01 3.982703686845699004e-03 0.000000000000000000e+00
4.350000000000000000e+04 1.739995240954865796e-01 4.380974055530268557e-02 8.148611743286299225e-01 1.381429221665907980e-01 3.186162949476558769e-03 0.000000000000000000e+00
4.400000000000000000e+04 1.759995186253195953e-01 4.460628129267182190e-02 8.140646335912608000e-01 1.372325898953117851e-01 4.096495220755575623e-03 0.000000000000000000e+00
4.450000000000000000e+04 1.779995131551528331e-01 4.426490669094219205e-02 8.157715065999089354e-01 1.365498406918525254e-01 3.413746017296313308e-03 0.000000000000000000e+00
4.500000000000000000e+04 1.799995076849860709e-01 4.472007282658170546e-02 8.141784251251706905e-01 1.374601729631315383e-01 3.641329085116067413e-03 0.000000000000000000e+00
4.550000000000000000e+04 1.819995022148193087e-01 4.494765589440145870e-02 8.137232589895311285e-01 1.366636322257624159e-01 4.665452890304961318e-03 0.000000000000000000e+00
4.600000000000000000e+04 1.839994967446523244e-01 4.767865270823850449e-02 8.130405097860718966e-01 1.356395084205735124e-01 3.641329085116067413e-03 0.000000000000000000e+00
4.650000000000000000e+04 1.859994912744855622e-01 4.472007282658170546e-02 8.136094674556213491e-01 1.374601729631315383e-01 4.210286754665453109e-03 0.000000000000000000e+00
4.700000000000000000e+04 1.879994858043188000e-01 4.665452890304961492e-02 8.138370505234410190e-01 1.363222576240327721e-01 3.186162949476558769e-03 0.000000000000000000e+00
4.750000000000000000e+04 1.899994803341520377e-01 4.722348657259899801e-02 8.126991351843423361e-01 1.359808830223031284e-01 4.096495220755575623e-03 0.000000000000000000e+00
4.800000000000000000e+04 1.919994748639850535e-01 4.585798816568047165e-02 8.133818843878015681e-01 1.362084660901228816e-01 4.551661356395083832e-03 0.000000000000000000e+00
4.850000000000000000e+04 1.939994693938182913e-01 4.517523896222121194e-02 8.133818843878015681e-01 1.380291306326809353e-01 3.413746017296313308e-03 0.000000000000000000e+00
4.900000000000000000e+04 1.959994639236515290e-01 5.097860719162494031e-02 8.103095129722348577e-01 1.346153846153846090e-01 4.096495220755575623e-03 0.000000000000000000e+00
4.950000000000000000e+04 1.979994584534847668e-01 4.699590350477924477e-02 8.117888029130633232e-01 1.362084660901228816e-01 5.006827492034592909e-03 0.000000000000000000e+00
5.000000000000000000e+04 1.999994529833177825e-01 4.722348657259899801e-02 8.111060537096039802e-01 1.371187983614019223e-01 4.551661356395083832e-03 0.000000000000000000e+00
5.050000000000000000e+04 2.019994475131510203e-01 4.984069185252617412e-02 8.099681383705051863e-01 1.351843422849340060e-01 5.006827492034592909e-03 0.000000000000000000e+00
5.100000000000000000e+04 2.039994420429842581e-01 4.722348657259899801e-02 8.108784706417841992e-01 1.356395084205735124e-01 6.258534365043240920e-03 0.000000000000000000e+00
5.150000000000000000e+04 2.059994365728172738e-01 5.086481565771506369e-02 8.091715976331360638e-01 1.351843422849340060e-01 4.779244424214838804e-03 0.000000000000000000e+00
5.200000000000000000e+04 2.079994311026505116e-01 5.029585798816568060e-02 8.081474738279471604e-01 1.354119253527537592e-01 6.144742831133363434e-03 0.000000000000000000e+00
5.250000000000000000e+04 2.099994256324837494e-01 5.188893946290396020e-02 8.096267637687756258e-01 1.345015930814747462e-01 3.982703686845699004e-03 0.000000000000000000e+00
5.300000000000000000e+04 2.119994201623169872e-01 5.575785161583977911e-02 8.059854346836595740e-01 1.329085116067364458e-01 5.348202093764223633e-03 0.000000000000000000e+00
5.350000000000000000e+04 2.139994146921500029e-01 5.177514792899408358e-02 8.065543923532089154e-01 1.355257168866636219e-01 6.144742831133363434e-03 0.000000000000000000e+00
5.400000000000000000e+04 2.159994092219832407e-01 5.325443786982248656e-02 8.058716431497496835e-01 1.348429676832043622e-01 6.030951297223486815e-03 0.000000000000000000e+00
5.450000000000000000e+04 2.179994037518164784e-01 5.723714155666818210e-02 8.057578516158397930e-01 1.315430131998179264e-01 5.461993627674101119e-03 0.000000000000000000e+00
5.500000000000000000e+04 2.199993982816497162e-01 6.349567592171143082e-02 7.893718707328174489e-01 1.395084205735093175e-01 7.624032771961766417e-03 0.000000000000000000e+00
5.550000000000000000e+04 2.219993928114827320e-01 8.067819754210286964e-02 7.594446973145198010e-01 1.530496131087847045e-01 6.827492034592626616e-03 0.000000000000000000e+00
5.600000000000000000e+04 2.239993873413159697e-01 8.192990441511151245e-02 7.375967228038233792e-01 1.761492944924897552e-01 4.324078288575329727e-03 0.000000000000000000e+00
5.650000000000000000e+04 2.259993818711492075e-01 7.817478379608557015e-02 7.408966772872098705e-01 1.768320436959490149e-01 4.096495220755575623e-03 0.000000000000000000e+00
5.700000000000000000e+04 2.279993764009824453e-01 7.476103777878925771e-02 7.463586709148839482e-01 1.748975876194810986e-01 3.982703686845699004e-03 0.000000000000000000e+00
5.750000000000000000e+04 2.299993709308154610e-01 7.862994993172507663e-02 7.422621756941283344e-01 1.747837960855712358e-01 4.324078288575329727e-03 0.000000000000000000e+00
5.800000000000000000e+04 2.319993654606486988e-01 6.099226217569413133e-02 7.650204824761037692e-01 1.692080109239872676e-01 4.779244424214838804e-03 0.000000000000000000e+00
5.850000000000000000e+04 2.339993599904819366e-01 6.451979972690032039e-02 7.704824761037778469e-01 1.612426035502958488e-01 3.755120619025944465e-03 0.000000000000000000e+00
5.900000000000000000e+04 2.359993545203149523e-01 6.599908966772871644e-02 7.701411015020482864e-01 1.587391898042785632e-01 5.120619025944469528e-03 0.000000000000000000e+00
5.950000000000000000e+04 2.379993490501481901e-01 7.100591715976331542e-02 7.396449704142011861e-01 1.836595357305416398e-01 5.689576695493855224e-03 0.000000000000000000e+00
6.000000000000000000e+04 2.399993435799814279e-01 7.055075102412380894e-02 7.677514792899408080e-01 1.583978152025489194e-01 3.299954483386436255e-03 0.000000000000000000e+00
6.050000000000000000e+04 2.419993381098146656e-01 6.235776058261265076e-02 7.718479745106964218e-01 1.643149749658625314e-01 1.479289940828402332e-03 0.000000000000000000e+00
6.100000000000000000e+04 2.439993326396476814e-01 6.429221665908056715e-02 7.653618570778334407e-01 1.677287209831588577e-01 2.617205279927173507e-03 0.000000000000000000e+00
6.150000000000000000e+04 2.459993271694809192e-01 6.702321347291761988e-02 7.626308602639964018e-01 1.687528447883477334e-01 1.593081474738279385e-03 0.000000000000000000e+00
6.200000000000000000e+04 2.479993216993141569e-01 6.486117432862995025e-02 7.649066909421938787e-01 1.694355939918070209e-01 7.965407373691396923e-04 0.000000000000000000e+00
6.250000000000000000e+04 2.499993162291473947e-01 6.531634046426945672e-02 7.630860263996358528e-01 1.697769685935366368e-01 1.820664542558033706e-03 0.000000000000000000e+00
6.300000000000000000e+04 2.519993107589804104e-01 6.645425580336822291e-02 7.611515703231679364e-01 1.706873008648156498e-01 1.706873008648156654e-03 0.000000000000000000e+00
6.350000000000000000e+04 2.539993052888136482e-01 6.838871187983613931e-02 7.588757396449704595e-01 1.714838416021848000e-01 1.251706873008648227e-03 0.000000000000000000e+00
6.400000000000000000e+04 2.559992998186468860e-01 7.020937642239417908e-02 7.577378243058716656e-01 1.702321347291761433e-01 1.820664542558033706e-03 0.000000000000000000e+00
6.450000000000000000e+04 2.579992943484801238e-01 7.055075102412380894e-02 7.579654073736914466e-01 1.701183431952662806e-01 1.365498406918525280e-03 0.000000000000000000e+00
6.500000000000000000e+04 2.599992888783131395e-01 6.929904415111515226e-02 7.581929904415111166e-01 1.708010923987255403e-01 1.706873008648156654e-03 0.000000000000000000e+00
6.550000000000000000e+04 2.619992834081463773e-01 6.941283568502502888e-02 7.565999089667728716e-01 1.726217569412835662e-01 1.365498406918525280e-03 0.000000000000000000e+00
6.600000000000000000e+04 2.639992779379796151e-01 6.975421028675465873e-02 7.584205735093308975e-01 1.703459262630860338e-01 1.479289940828402332e-03 0.000000000000000000e+00
6.650000000000000000e+04 2.659992724678126308e-01 7.703686845698680397e-02 7.465862539827037292e-01 1.752389622212107423e-01 1.137915339098770958e-03 0.000000000000000000e+00
6.700000000000000000e+04 2.679992669976458686e-01 8.500227583067819503e-02 7.086936731907146347e-01 2.033454710969503920e-01 2.958579881656804664e-03 0.000000000000000000e+00
6.750000000000000000e+04 2.699992615274791063e-01 7.851615839781520001e-02 7.455621301775148257e-01 1.742148384160218388e-01 1.706873008648156654e-03 0.000000000000000000e+00
6.800000000000000000e+04 2.719992560573123441e-01 7.464724624487938109e-02 7.440828402366863603e-01 1.780837505689576716e-01 3.186162949476558769e-03 0.000000000000000000e+00
6.850000000000000000e+04 2.739992505871453599e-01 7.441966317705962786e-02 7.411242603550295405e-01 1.810423304506144637e-01 3.413746017296313308e-03 0.000000000000000000e+00
6.900000000000000000e+04 2.759992451169785976e-01 7.419208010923987462e-02 7.436276741010469093e-01 1.794492489758761911e-01 2.730996813837050560e-03 0.000000000000000000e+00
6.950000000000000000e+04 2.779992396468118354e-01 7.567137005006827066e-02 7.413518434228493215e-01 1.799044151115156975e-01 3.072371415566681717e-03 0.000000000000000000e+00
7.000000000000000000e+04 2.799992341766450732e-01 7.624032771961765376e-02 7.405553026854801990e-01 1.795630405097860816e-01 3.641329085116067413e-03 0.000000000000000000e+00
7.050000000000000000e+04 2.819992287064780889e-01 7.692307692307692735e-02 7.403277196176604180e-01 1.796768320436959443e-01 3.072371415566681717e-03 0.000000000000000000e+00
7.100000000000000000e+04 2.839992232363113267e-01 7.703686845698680397e-02 7.394173873463814051e-01 1.792216659080564378e-01 4.324078288575329727e-03 0.000000000000000000e+00
7.150000000000000000e+04 2.859992177661445645e-01 7.954028220300408958e-02 7.379380974055530507e-01 1.789940828402366846e-01 3.527537551206190360e-03 0.000000000000000000e+00
7.200000000000000000e+04 2.879992122959778023e-01 8.056440600819299303e-02 7.390760127446518446e-01 1.763768775603095085e-01 3.982703686845699004e-03 0.000000000000000000e+00
7.250000000000000000e+04 2.899992068258108180e-01 8.477469276285844180e-02 7.361174328629950248e-01 1.762630860263996457e-01 2.844788347746927612e-03 0.000000000000000000e+00
7.300000000000000000e+04 2.919992013556440558e-01 8.409194355939918208e-02 7.353208921256259023e-01 1.760355029585798925e-01 4.551661356395083832e-03 0.000000000000000000e+00
7.350000000000000000e+04 2.939991958854772935e-01 8.431952662721893532e-02 7.348657259899863403e-01 1.767182521620391522e-01 4.096495220755575623e-03 0.000000000000000000e+00
7.400000000000000000e+04 2.959991904153103093e-01 9.205735093309057315e-02 7.230314064633591720e-01 1.807009558488848477e-01 4.210286754665453109e-03 0.000000000000000000e+00
7.450000000000000000e+04 2.979991849451435471e-01 9.717796995903504875e-02 7.162039144287665193e-01 1.825216203914428736e-01 4.096495220755575623e-03 0.000000000000000000e+00
7.500000000000000000e+04 2.999991794749767848e-01 1.004779244424214846e-01 7.142694583522986029e-01 1.805871643149749572e-01 4.665452890304961318e-03 0.000000000000000000e+00
7.550000000000000000e+04 3.019991740048100226e-01 9.797451069640418508e-02 7.173418297678653133e-01 1.802457897132453413e-01 4.437869822485207214e-03 0.000000000000000000e+00
7.600000000000000000e+04 3.039991685346430383e-01 9.877105143377332142e-02 7.239417387346381849e-01 1.727355484751934567e-01 4.551661356395083832e-03 0.000000000000000000e+00
7.650000000000000000e+04 3.059991630644762761e-01 8.887118798361401395e-02 7.299726900318616041e-01 1.784251251706872876e-01 2.730996813837050560e-03 0.000000000000000000e+00
7.700000000000000000e+04 3.079991575943095139e-01 8.773327264451524776e-02 7.375967228038233792e-01 1.720527992717341692e-01 2.617205279927173507e-03 0.000000000000000000e+00
7.750000000000000000e+04 3.099991521241427517e-01 9.160218479745106668e-02 7.349795175238962308e-01 1.689804278561675144e-01 4.437869822485207214e-03 0.000000000000000000e+00
7.800000000000000000e+04 3.119991466539757674e-01 9.569868001820663883e-02 7.345243513882566688e-01 1.664770141101502010e-01 3.299954483386436255e-03 0.000000000000000000e+00
7.850000000000000000e+04 3.139991411838090052e-01 9.649522075557578904e-02 7.271279016841146747e-01 1.714838416021848000e-01 4.893035958124715423e-03 0.000000000000000000e+00
7.900000000000000000e+04 3.159991357136422430e-01 1.009330905780609910e-01 7.224624487938097195e-01 1.722803823395539502e-01 4.324078288575329727e-03 0.000000000000000000e+00
7.950000000000000000e+04 3.179991302434754807e-01 1.001365498406918547e-01 7.221210741920801590e-01 1.743286299499317293e-01 3.413746017296313308e-03 0.000000000000000000e+00
8.000000000000000000e+04 3.199991247733084965e-01 9.842967683204369156e-02 7.247382794720073074e-01 1.734182976786527164e-01 3.413746017296313308e-03 0.000000000000000000e+00
8.050000000000000000e+04 3.219991193031417342e-01 9.956759217114247162e-02 7.240555302685480754e-01 1.723941738734638129e-01 3.982703686845699004e-03 0.000000000000000000e+00
8.100000000000000000e+04 3.239991138329749720e-01 1.015020482476103741e-01 7.220072826581702685e-01 1.736458807464724696e-01 2.844788347746927612e-03 0.000000000000000000e+00
8.150000000000000000e+04 3.259991083628079878e-01 9.842967683204369156e-02 7.371415566681839282e-01 1.594219390077378229e-01 5.006827492034592909e-03 0.000000000000000000e+00
8.200000000000000000e+04 3.279991028926412255e-01 9.956759217114247162e-02 7.362312243969049153e-01 1.610150204824760956e-01 3.186162949476558769e-03 0.000000000000000000e+00
8.250000000000000000e+04 3.299990974224744633e-01 9.865725989986344480e-02 7.366863905325443662e-01 1.603322712790168358e-01 4.324078288575329727e-03 0.000000000000000000e+00
8.300000000000000000e+04 3.319990919523077011e-01 1.017296313154301274e-01 7.283796085571233592e-01 1.676149294492489672e-01 2.275830678197541916e-03 0.000000000000000000e+00
8.350000000000000000e+04 3.339990864821407168e-01 1.010468821119708677e-01 7.299726900318616041e-01 1.669321802457897075e-01 2.048247610377787811e-03 0.000000000000000000e+00
8.400000000000000000e+04 3.359990810119739546e-01 1.001365498406918547e-01 7.311106053709603980e-01 1.669321802457897075e-01 1.820664542558033706e-03 0.000000000000000000e+00
8.450000000000000000e+04 3.379990755418071924e-01 1.033227127901684139e-01 7.273554847519344557e-01 1.677287209831588577e-01 1.593081474738279385e-03 0.000000000000000000e+00
8.500000000000000000e+04 3.399990700716404302e-01 1.017296313154301274e-01 7.267865270823851143e-01 1.687528447883477334e-01 2.730996813837050560e-03 0.000000000000000000e+00
8.550000000000000000e+04 3.419990646014734459e-01 1.041192535275375503e-01 7.255348202093764298e-01 1.679563040509786109e-01 2.389622212107419402e-03 0.000000000000000000e+00
8.600000000000000000e+04 3.439990591313066837e-01 1.050295857988165632e-01 7.253072371415566488e-01 1.673873463814292140e-01 2.275830678197541916e-03 0.000000000000000000e+00
8.650000000000000000e+04 3.459990536611399214e-01 1.083295402822029990e-01 7.224624487938097195e-01 1.676149294492489672e-01 1.593081474738279385e-03 0.000000000000000000e+00
8.700000000000000000e+04 3.479990481909731592e-01 1.074192080109239861e-01 7.215521165225307065e-01 1.686390532544378706e-01 2.389622212107419402e-03 0.000000000000000000e+00
8.750000000000000000e+04 3.499990427208061750e-01 1.060537096040054666e-01 7.237141556668184039e-01 1.675011379153391045e-01 2.730996813837050560e-03 0.000000000000000000e+00
8.800000000000000000e+04 3.519990372506394127e-01 1.067364588074647264e-01 7.225762403277196100e-01 1.673873463814292140e-01 3.299954483386436255e-03 0.000000000000000000e+00
8.850000000000000000e+04 3.539990317804726505e-01 1.075329995448338627e-01 7.210969503868912556e-01 1.682976786527082269e-01 3.072371415566681717e-03 0.000000000000000000e+00
8.900000000000000000e+04 3.559990263103056662e-01 1.048020027309968100e-01 7.250796540737368678e-01 1.677287209831588577e-01 2.389622212107419402e-03 0.000000000000000000e+00
8.950000000000000000e+04 3.579990208401389040e-01 1.012744651797906209e-01 7.290623577605825911e-01 1.670459717796995980e-01 2.617205279927173507e-03 0.000000000000000000e+00
9.000000000000000000e+04 3.599990153699721418e-01 1.037778789258079204e-01 7.270141101502047842e-01 1.664770141101502010e-01 2.730996813837050560e-03 0.000000000000000000e+00
9.050000000000000000e+04 3.619990098998053796e-01 9.922621756941284177e-02 7.300864815657714946e-01 1.667045971779699542e-01 3.982703686845699004e-03 0.000000000000000000e+00
9.100000000000000000e+04 3.639990044296383953e-01 1.028675466545289074e-01 7.275830678197542367e-01 1.668183887118798447e-01 2.730996813837050560e-03 0.000000000000000000e+00
9.150000000000000000e+04 3.659989989594716331e-01 1.000227583067819781e-01 7.284934000910332497e-01 1.670459717796995980e-01 4.437869822485207214e-03 0.000000000000000000e+00
9.200000000000000000e+04 3.679989934893048709e-01 1.000227583067819781e-01 7.292899408284023721e-01 1.673873463814292140e-01 3.299954483386436255e-03 0.000000000000000000e+00
9.250000000000000000e+04 3.699989880191381086e-01 1.017296313154301274e-01 7.286071916249431402e-01 1.673873463814292140e-01 2.275830678197541916e-03 0.000000000000000000e+00
9.300000000000000000e+04 3.719989825489711244e-01 1.003641329085116080e-01 7.283796085571233592e-01 1.692080109239872676e-01 2.048247610377787811e-03 0.000000000000000000e+00
9.350000000000000000e+04 3.739989770788043622e-01 1.032089212562585373e-01 7.254210286754665393e-01 1.681838871187983642e-01 3.186162949476558769e-03 0.000000000000000000e+00
9.400000000000000000e+04 3.759989716086375999e-01 1.007055075102412378e-01 7.275830678197542367e-01 1.679563040509786109e-01 3.755120619025944465e-03 0.000000000000000000e+00
9.450000000000000000e+04 3.779989661384706157e-01 1.013882567137004975e-01 7.254210286754665393e-01 1.689804278561675144e-01 4.210286754665453109e-03 0.000000000000000000e+00
9.500000000000000000e+04 3.799989606683038534e-01 1.022985889849795244e-01 7.264451524806554428e-01 1.684114701866181174e-01 2.844788347746927612e-03 0.000000000000000000e+00
9.550000000000000000e+04 3.819989551981370912e-01 1.028675466545289074e-01 7.256486117432863203e-01 1.692080109239872676e-01 2.275830678197541916e-03 0.000000000000000000e+00
9.600000000000000000e+04 3.839989497279703290e-01 1.024123805188894010e-01 7.254210286754665393e-01 1.681838871187983642e-01 3.982703686845699004e-03 0.000000000000000000e+00
9.650000000000000000e+04 3.859989442578033447e-01 1.058261265361857134e-01 7.256486117432863203e-01 1.665908056440600915e-01 1.934456076467910759e-03 0.000000000000000000e+00
9.700000000000000000e+04 3.879989387876365825e-01 1.186845698680018268e-01 7.154073736913973969e-01 1.607874374146563423e-01 5.120619025944469528e-03 0.000000000000000000e+00
9.750000000000000000e+04 3.899989333174698203e-01 1.428083750568957533e-01 6.352981338188439242e-01 2.187073281747838049e-01 3.186162949476558769e-03 0.000000000000000000e+00
9.800000000000000000e+04 3.919989278473028360e-01 1.441738734638143005e-01 6.182294037323623481e-01 2.341829767865270806e-01 3.413746017296313308e-03 0.000000000000000000e+00
9.850000000000000000e+04 3.939989223771360738e-01 1.434911242603550408e-01 6.184569868001820181e-01 2.355484751934456000e-01 2.503413746017296455e-03 0.000000000000000000e+00
9.900000000000000000e+04 3.959989169069695336e-01 1.446290395994538069e-01 6.140191169776968438e-01 2.393035958124715423e-01 2.048247610377787811e-03 0.000000000000000000e+00
9.950000000000000000e+04 3.979989114368025493e-01 1.467910787437414766e-01 6.110605370960400240e-01 2.386208466090122826e-01 3.527537551206190360e-03 0.000000000000000000e+00
1.000000000000000000e+05 3.999989059666355651e-01 1.508875739644970349e-01 6.055985434683659463e-01 2.397587619481110488e-01 3.755120619025944465e-03 0.000000000000000000e+00
1.005000000000000000e+05 4.019989004964688029e-01 1.544151115157032239e-01 5.976331360946746107e-01 2.438552571688666348e-01 4.096495220755575623e-03 0.000000000000000000e+00
1.010000000000000000e+05 4.039988950263022627e-01 1.533909877105143482e-01 5.956986800182066943e-01 2.476103777878925771e-01 3.299954483386436255e-03 0.000000000000000000e+00
1.015000000000000000e+05 4.059988895561352784e-01 1.445152480655439164e-01 6.082157487482930946e-01 2.423759672280382249e-01 4.893035958124715423e-03 0.000000000000000000e+00
1.020000000000000000e+05 4.079988840859682941e-01 1.438324988620846567e-01 6.826354119253527086e-01 1.681838871187983642e-01 5.348202093764223633e-03 0.000000000000000000e+00
1.025000000000000000e+05 4.099988786158015319e-01 1.335912608101957333e-01 6.894629039599453613e-01 1.750113791533909890e-01 1.934456076467910759e-03 0.000000000000000000e+00
1.030000000000000000e+05 4.119988731456349917e-01 1.208466090122894826e-01 7.081247155211651823e-01 1.694355939918070209e-01 1.593081474738279385e-03 0.000000000000000000e+00
1.035000000000000000e+05 4.139988676754680075e-01 1.214155666818388657e-01 7.116522530723714546e-01 1.653390987710514348e-01 1.593081474738279385e-03 0.000000000000000000e+00
1.040000000000000000e+05 4.159988622053010232e-01 1.234638142922166587e-01 7.075557578516158408e-01 1.673873463814292140e-01 1.593081474738279385e-03 0.000000000000000000e+00
1.045000000000000000e+05 4.179988567351342610e-01 1.192535275375512099e-01 7.130177514792899185e-01 1.659080564406008318e-01 1.820664542558033706e-03 0.000000000000000000e+00
1.050000000000000000e+05 4.199988512649677208e-01 1.206190259444697294e-01 7.146108329540282744e-01 1.637460172963131622e-01 1.024123805188893906e-03 0.000000000000000000e+00
1.055000000000000000e+05 4.219988457948007365e-01 1.202776513427400995e-01 7.138142922166590409e-01 1.642011834319526686e-01 1.706873008648156654e-03 0.000000000000000000e+00
1.060000000000000000e+05 4.239988403246337523e-01 1.178880291306326766e-01 7.159763313609467383e-01 1.644287664997724219e-01 1.706873008648156654e-03 0.000000000000000000e+00
1.065000000000000000e+05 4.259988348544669901e-01 1.172052799271734169e-01 7.196176604460627901e-01 1.623805188893946427e-01 7.965407373691396923e-04 0.000000000000000000e+00
1.070000000000000000e+05 4.279988293843004499e-01 1.203914428766499761e-01 7.149522075557578349e-01 1.636322257624032717e-01 1.024123805188893906e-03 0.000000000000000000e+00
1.075000000000000000e+05 4.299988239141334656e-01 1.186845698680018268e-01 7.212107419208011461e-01 1.590805644060081792e-01 1.024123805188893906e-03 0.000000000000000000e+00
1.080000000000000000e+05 4.319988184439664813e-01 1.161811561219845274e-01 7.229176149294492815e-01 1.596495220755575761e-01 1.251706873008648227e-03 0.000000000000000000e+00
1.085000000000000000e+05 4.339988129737997191e-01 1.189121529358215801e-01 7.251934456076467583e-01 1.544151115157032239e-01 1.479289940828402332e-03 0.000000000000000000e+00
1.090000000000000000e+05 4.359988075036329569e-01 1.191397360036413333e-01 7.265589440145653333e-01 1.530496131087847045e-01 1.251706873008648227e-03 0.000000000000000000e+00
1.095000000000000000e+05 4.379988020334659726e-01 1.161811561219845274e-01 7.286071916249431402e-01 1.538461538461538547e-01 1.365498406918525280e-03 0.000000000000000000e+00
1.100000000000000000e+05 4.399987965632992104e-01 1.189121529358215801e-01 7.280382339553936877e-01 1.515703231679562946e-01 1.479289940828402332e-03 0.000000000000000000e+00
1.105000000000000000e+05 4.419987910931324482e-01 1.223258989531178925e-01 7.248520710059171979e-01 1.503186162949476656e-01 2.503413746017296455e-03 0.000000000000000000e+00
1.110000000000000000e+05 4.439987856229656860e-01 1.223258989531178925e-01 7.240555302685480754e-01 1.483841602184797492e-01 5.234410559854347014e-03 0.000000000000000000e+00
1.115000000000000000e+05 4.459987801527987017e-01 1.140191169776968577e-01 7.206417842512516936e-01 1.630632680928539024e-01 2.275830678197541916e-03 0.000000000000000000e+00
1.120000000000000000e+05 4.479987746826317174e-01 1.126536185707783383e-01 7.201866181156122426e-01 1.649977241693217911e-01 2.162039144287664864e-03 0.000000000000000000e+00
1.125000000000000000e+05 4.499987692124651772e-01 1.125398270368684617e-01 7.199590350477924616e-01 1.659080564406008318e-01 1.593081474738279385e-03 0.000000000000000000e+00
1.130000000000000000e+05 4.519987637422984150e-01 1.132225762403277214e-01 7.197314519799726806e-01 1.657942649066909413e-01 1.251706873008648227e-03 0.000000000000000000e+00
1.135000000000000000e+05 4.539987582721314308e-01 1.140191169776968577e-01 7.185935366408738867e-01 1.657942649066909413e-01 1.593081474738279385e-03 0.000000000000000000e+00
