# itime ezz other fcc hcp bcc ico
0.000000000000000000e+00 0.000000000000000000e+00 0.000000000000000000e+00 1.000000000000000000e+00 0.000000000000000000e+00 0.000000000000000000e+00 0.000000000000000000e+00
2.500000000000000000e+02 1.000060606775710070e-03 0.000000000000000000e+00 1.000000000000000000e+00 0.000000000000000000e+00 0.000000000000000000e+00 0.000000000000000000e+00
5.000000000000000000e+02 2.000121213551420141e-03 0.000000000000000000e+00 1.000000000000000000e+00 0.000000000000000000e+00 0.000000000000000000e+00 0.000000000000000000e+00
7.500000000000000000e+02 3.000181820326908166e-03 0.000000000000000000e+00 1.000000000000000000e+00 0.000000000000000000e+00 0.000000000000000000e+00 0.000000000000000000e+00
1.000000000000000000e+03 4.000242427102618237e-03 0.000000000000000000e+00 1.000000000000000000e+00 0.000000000000000000e+00 0.000000000000000000e+00 0.000000000000000000e+00
1.250000000000000000e+03 5.000303033878328307e-03 0.000000000000000000e+00 1.000000000000000000e+00 0.000000000000000000e+00 0.000000000000000000e+00 0.000000000000000000e+00
1.500000000000000000e+03 6.000363640654038377e-03 0.000000000000000000e+00 1.000000000000000000e+00 0.000000000000000000e+00 0.000000000000000000e+00 0.000000000000000000e+00
1.750000000000000000e+03 7.000424247429748448e-03 0.000000000000000000e+00 1.000000000000000000e+00 0.000000000000000000e+00 0.000000000000000000e+00 0.000000000000000000e+00
2.000000000000000000e+03 8.000484854205458518e-03 0.000000000000000000e+00 1.000000000000000000e+00 0.000000000000000000e+00 0.000000000000000000e+00 0.000000000000000000e+00
2.250000000000000000e+03 9.000545460980946544e-03 0.000000000000000000e+00 1.000000000000000000e+00 0.000000000000000000e+00 0.000000000000000000e+00 0.000000000000000000e+00
2.500000000000000000e+03 1.000060606775665661e-02 0.000000000000000000e+00 1.000000000000000000e+00 0.000000000000000000e+00 0.000000000000000000e+00 0.000000000000000000e+00
2.750000000000000000e+03 1.100066667453236668e-02 0.000000000000000000e+00 1.000000000000000000e+00 0.000000000000000000e+00 0.000000000000000000e+00 0.000000000000000000e+00
3.000000000000000000e+03 1.200072728130807675e-02 0.000000000000000000e+00 1.000000000000000000e+00 0.000000000000000000e+00 0.000000000000000000e+00 0.000000000000000000e+00
3.250000000000000000e+03 1.300078788808378683e-02 0.000000000000000000e+00 1.000000000000000000e+00 0.000000000000000000e+00 0.000000000000000000e+00 0.000000000000000000e+00
3.500000000000000000e+03 1.400084849485949690e-02 0.000000000000000000e+00 1.000000000000000000e+00 0.000000000000000000e+00 0.000000000000000000e+00 0.000000000000000000e+00
3.750000000000000000e+03 1.500090910163498492e-02 0.000000000000000000e+00 1.000000000000000000e+00 0.000000000000000000e+00 0.000000000000000000e+00 0.000000000000000000e+00
4.000000000000000000e+03 1.600096970841069499e-02 0.000000000000000000e+00 1.000000000000000000e+00 0.000000000000000000e+00 0.000000000000000000e+00 0.000000000000000000e+00
4.250000000000000000e+03 1.700103031518640506e-02 0.000000000000000000e+00 1.000000000000000000e+00 0.000000000000000000e+00 0.000000000000000000e+00 0.000000000000000000e+00
4.500000000000000000e+03 1.800109092196211513e-02 0.000000000000000000e+00 1.000000000000000000e+00 0.000000000000000000e+00 0.000000000000000000e+00 0.000000000000000000e+00
4.750000000000000000e+03 1.900115152873782520e-02 0.000000000000000000e+00 1.000000000000000000e+00 0.000000000000000000e+00 0.000000000000000000e+00 0.000000000000000000e+00
5.000000000000000000e+03 2.000121213551353527e-02 0.000000000000000000e+00 1.000000000000000000e+00 0.000000000000000000e+00 0.000000000000000000e+00 0.000000000000000000e+00
5.250000000000000000e+03 2.100127274228902330e-02 0.000000000000000000e+00 1.000000000000000000e+00 0.000000000000000000e+00 0.000000000000000000e+00 0.000000000000000000e+00
5.500000000000000000e+03 2.200133334906473337e-02 0.000000000000000000e+00 1.000000000000000000e+00 0.000000000000000000e+00 0.000000000000000000e+00 0.000000000000000000e+00
5.750000000000000000e+03 2.300139395584044344e-02 0.000000000000000000e+00 1.000000000000000000e+00 0.000000000000000000e+00 0.000000000000000000e+00 0.000000000000000000e+00
6.000000000000000000e+03 2.400145456261615351e-02 0.000000000000000000e+00 1.000000000000000000e+00 0.000000000000000000e+00 0.000000000000000000e+00 0.000000000000000000e+00
6.250000000000000000e+03 2.500151516939186358e-02 0.000000000000000000e+00 1.000000000000000000e+00 0.000000000000000000e+00 0.000000000000000000e+00 0.000000000000000000e+00
6.500000000000000000e+03 2.600157577616757365e-02 0.000000000000000000e+00 1.000000000000000000e+00 0.000000000000000000e+00 0.000000000000000000e+00 0.000000000000000000e+00
6.750000000000000000e+03 2.700163638294306168e-02 0.000000000000000000e+00 1.000000000000000000e+00 0.000000000000000000e+00 0.000000000000000000e+00 0.000000000000000000e+00
7.000000000000000000e+03 2.800169698971877175e-02 0.000000000000000000e+00 1.000000000000000000e+00 0.000000000000000000e+00 0.000000000000000000e+00 0.000000000000000000e+00
7.250000000000000000e+03 2.900175759649448182e-02 0.000000000000000000e+00 1.000000000000000000e+00 0.000000000000000000e+00 0.000000000000000000e+00 0.000000000000000000e+00
7.500000000000000000e+03 3.000181820327019189e-02 0.000000000000000000e+00 1.000000000000000000e+00 0.000000000000000000e+00 0.000000000000000000e+00 0.000000000000000000e+00
7.750000000000000000e+03 3.100187881004590196e-02 0.000000000000000000e+00 1.000000000000000000e+00 0.000000000000000000e+00 0.000000000000000000e+00 0.000000000000000000e+00
8.000000000000000000e+03 3.200193941682161203e-02 0.000000000000000000e+00 1.000000000000000000e+00 0.000000000000000000e+00 0.000000000000000000e+00 0.000000000000000000e+00
8.250000000000000000e+03 3.300200002359710005e-02 0.000000000000000000e+00 1.000000000000000000e+00 0.000000000000000000e+00 0.000000000000000000e+00 0.000000000000000000e+00
8.500000000000000000e+03 3.400206063037281012e-02 0.000000000000000000e+00 1.000000000000000000e+00 0.000000000000000000e+00 0.000000000000000000e+00 0.000000000000000000e+00
8.750000000000000000e+03 3.500212123714852019e-02 0.000000000000000000e+00 1.000000000000000000e+00 0.000000000000000000e+00 0.000000000000000000e+00 0.000000000000000000e+00
9.000000000000000000e+03 3.600218184392423026e-02 0.000000000000000000e+00 1.000000000000000000e+00 0.000000000000000000e+00 0.000000000000000000e+00 0.000000000000000000e+00
9.250000000000000000e+03 3.700224245069994033e-02 0.000000000000000000e+00 1.000000000000000000e+00 0.000000000000000000e+00 0.000000000000000000e+00 0.000000000000000000e+00
9.500000000000000000e+03 3.800230305747565041e-02 0.000000000000000000e+00 1.000000000000000000e+00 0.000000000000000000e+00 0.000000000000000000e+00 0.000000000000000000e+00
9.750000000000000000e+03 3.900236366425113843e-02 0.000000000000000000e+00 1.000000000000000000e+00 0.000000000000000000e+00 0.000000000000000000e+00 0.000000000000000000e+00
1.000000000000000000e+04 4.000242427102684850e-02 0.000000000000000000e+00 1.000000000000000000e+00 0.000000000000000000e+00 0.000000000000000000e+00 0.000000000000000000e+00
1.025000000000000000e+04 4.100248487780255857e-02 0.000000000000000000e+00 1.000000000000000000e+00 0.000000000000000000e+00 0.000000000000000000e+00 0.000000000000000000e+00
1.050000000000000000e+04 4.200254548457826864e-02 0.000000000000000000e+00 1.000000000000000000e+00 0.000000000000000000e+00 0.000000000000000000e+00 0.000000000000000000e+00
1.075000000000000000e+04 4.300260609135397871e-02 0.000000000000000000e+00 1.000000000000000000e+00 0.000000000000000000e+00 0.000000000000000000e+00 0.000000000000000000e+00
1.100000000000000000e+04 4.400266669812968878e-02 0.000000000000000000e+00 1.000000000000000000e+00 0.000000000000000000e+00 0.000000000000000000e+00 0.000000000000000000e+00
1.125000000000000000e+04 4.500272730490517681e-02 0.000000000000000000e+00 1.000000000000000000e+00 0.000000000000000000e+00 0.000000000000000000e+00 0.000000000000000000e+00
1.150000000000000000e+04 4.600278791168088688e-02 0.000000000000000000e+00 1.000000000000000000e+00 0.000000000000000000e+00 0.000000000000000000e+00 0.000000000000000000e+00
1.175000000000000000e+04 4.700284851845659695e-02 0.000000000000000000e+00 1.000000000000000000e+00 0.000000000000000000e+00 0.000000000000000000e+00 0.000000000000000000e+00
1.200000000000000000e+04 4.800290912523230702e-02 0.000000000000000000e+00 1.000000000000000000e+00 0.000000000000000000e+00 0.000000000000000000e+00 0.000000000000000000e+00
1.225000000000000000e+04 4.900296973200801709e-02 0.000000000000000000e+00 1.000000000000000000e+00 0.000000000000000000e+00 0.000000000000000000e+00 0.000000000000000000e+00
1.250000000000000000e+04 5.000303033878372716e-02 0.000000000000000000e+00 1.000000000000000000e+00 0.000000000000000000e+00 0.000000000000000000e+00 0.000000000000000000e+00
1.275000000000000000e+04 5.100309094555921519e-02 0.000000000000000000e+00 1.000000000000000000e+00 0.000000000000000000e+00 0.000000000000000000e+00 0.000000000000000000e+00
1.300000000000000000e+04 5.200315155233492526e-02 0.000000000000000000e+00 1.000000000000000000e+00 0.000000000000000000e+00 0.000000000000000000e+00 0.000000000000000000e+00
1.325000000000000000e+04 5.300321215911063533e-02 0.000000000000000000e+00 1.000000000000000000e+00 0.000000000000000000e+00 0.000000000000000000e+00 0.000000000000000000e+00
1.350000000000000000e+04 5.400327276588634540e-02 0.000000000000000000e+00 1.000000000000000000e+00 0.000000000000000000e+00 0.000000000000000000e+00 0.000000000000000000e+00
1.375000000000000000e+04 5.500333337266205547e-02 0.000000000000000000e+00 1.000000000000000000e+00 0.000000000000000000e+00 0.000000000000000000e+00 0.000000000000000000e+00
1.400000000000000000e+04 5.600339397943776554e-02 0.000000000000000000e+00 1.000000000000000000e+00 0.000000000000000000e+00 0.000000000000000000e+00 0.000000000000000000e+00
1.425000000000000000e+04 5.700345458621325356e-02 0.000000000000000000e+00 1.000000000000000000e+00 0.000000000000000000e+00 0.000000000000000000e+00 0.000000000000000000e+00
1.450000000000000000e+04 5.800351519298896363e-02 0.000000000000000000e+00 1.000000000000000000e+00 0.000000000000000000e+00 0.000000000000000000e+00 0.000000000000000000e+00
1.475000000000000000e+04 5.900357579976467370e-02 0.000000000000000000e+00 1.000000000000000000e+00 0.000000000000000000e+00 0.000000000000000000e+00 0.000000000000000000e+00
1.500000000000000000e+04 6.000363640654038377e-02 0.000000000000000000e+00 1.000000000000000000e+00 0.000000000000000000e+00 0.000000000000000000e+00 0.000000000000000000e+00
1.525000000000000000e+04 6.100369701331609384e-02 0.000000000000000000e+00 1.000000000000000000e+00 0.000000000000000000e+00 0.000000000000000000e+00 0.000000000000000000e+00
1.550000000000000000e+04 6.200375762009180391e-02 2.275830678197542133e-04 9.997724169321802190e-01 0.000000000000000000e+00 0.000000000000000000e+00 0.000000000000000000e+00
1.575000000000000000e+04 6.300381822686729194e-02 1.137915339098771066e-04 9.998862084660901095e-01 0.000000000000000000e+00 0.000000000000000000e+00 0.000000000000000000e+00
1.600000000000000000e+04 6.400387883364300201e-02 0.000000000000000000e+00 1.000000000000000000e+00 0.000000000000000000e+00 0.000000000000000000e+00 0.000000000000000000e+00
1.625000000000000000e+04 6.500393944041871208e-02 0.000000000000000000e+00 1.000000000000000000e+00 0.000000000000000000e+00 0.000000000000000000e+00 0.000000000000000000e+00
1.650000000000000000e+04 6.600400004719442215e-02 0.000000000000000000e+00 1.000000000000000000e+00 0.000000000000000000e+00 0.000000000000000000e+00 0.000000000000000000e+00
1.675000000000000000e+04 6.700406065397013222e-02 0.000000000000000000e+00 1.000000000000000000e+00 0.000000000000000000e+00 0.000000000000000000e+00 0.000000000000000000e+00
1.700000000000000000e+04 6.800412126074584229e-02 0.000000000000000000e+00 1.000000000000000000e+00 0.000000000000000000e+00 0.000000000000000000e+00 0.000000000000000000e+00
1.725000000000000000e+04 6.900418186752133032e-02 1.137915339098771066e-04 9.998862084660901095e-01 0.000000000000000000e+00 0.000000000000000000e+00 0.000000000000000000e+00
1.750000000000000000e+04 7.000424247429704039e-02 0.000000000000000000e+00 1.000000000000000000e+00 0.000000000000000000e+00 0.000000000000000000e+00 0.000000000000000000e+00
1.775000000000000000e+04 7.100430308107275046e-02 0.000000000000000000e+00 1.000000000000000000e+00 0.000000000000000000e+00 0.000000000000000000e+00 0.000000000000000000e+00
1.800000000000000000e+04 7.200436368784846053e-02 3.413746017296313199e-04 9.996586253982703285e-01 0.000000000000000000e+00 0.000000000000000000e+00 0.000000000000000000e+00
1.825000000000000000e+04 7.300442429462417060e-02 0.000000000000000000e+00 1.000000000000000000e+00 0.000000000000000000e+00 0.000000000000000000e+00 0.000000000000000000e+00
1.850000000000000000e+04 7.400448490139988067e-02 0.000000000000000000e+00 1.000000000000000000e+00 0.000000000000000000e+00 0.000000000000000000e+00 0.000000000000000000e+00
1.875000000000000000e+04 7.500454550817536870e-02 0.000000000000000000e+00 1.000000000000000000e+00 0.000000000000000000e+00 0.000000000000000000e+00 0.000000000000000000e+00
1.900000000000000000e+04 7.600460611495107877e-02 4.551661356395084266e-04 9.995448338643604380e-01 0.000000000000000000e+00 0.000000000000000000e+00 0.000000000000000000e+00
1.925000000000000000e+04 7.700466672172678884e-02 0.000000000000000000e+00 1.000000000000000000e+00 0.000000000000000000e+00 0.000000000000000000e+00 0.000000000000000000e+00
1.950000000000000000e+04 7.800472732850249891e-02 4.551661356395084266e-04 9.995448338643604380e-01 0.000000000000000000e+00 0.000000000000000000e+00 0.000000000000000000e+00
1.975000000000000000e+04 7.900478793527820898e-02 2.275830678197542133e-04 9.997724169321802190e-01 0.000000000000000000e+00 0.000000000000000000e+00 0.000000000000000000e+00
2.000000000000000000e+04 8.000484854205391905e-02 0.000000000000000000e+00 1.000000000000000000e+00 0.000000000000000000e+00 0.000000000000000000e+00 0.000000000000000000e+00
2.025000000000000000e+04 8.100490914882940707e-02 7.965407373691396923e-04 9.992034592626308775e-01 0.000000000000000000e+00 0.000000000000000000e+00 0.000000000000000000e+00
2.050000000000000000e+04 8.200496975560511714e-02 7.965407373691396923e-04 9.990896677287209870e-01 0.000000000000000000e+00 1.137915339098771066e-04 0.000000000000000000e+00
2.075000000000000000e+04 8.300503036238082721e-02 9.103322712790168532e-04 9.990896677287209870e-01 0.000000000000000000e+00 0.000000000000000000e+00 0.000000000000000000e+00
2.100000000000000000e+04 8.400509096915653728e-02 4.551661356395084266e-04 9.995448338643604380e-01 0.000000000000000000e+00 0.000000000000000000e+00 0.000000000000000000e+00
2.125000000000000000e+04 8.500515157593224735e-02 0.000000000000000000e+00 1.000000000000000000e+00 0.000000000000000000e+00 0.000000000000000000e+00 0.000000000000000000e+00
2.150000000000000000e+04 8.600521218270773538e-02 6.827492034592626399e-04 9.992034592626308775e-01 0.000000000000000000e+00 1.137915339098771066e-04 0.000000000000000000e+00
2.175000000000000000e+04 8.700527278948344545e-02 1.137915339098771066e-04 9.998862084660901095e-01 0.000000000000000000e+00 0.000000000000000000e+00 0.000000000000000000e+00
2.200000000000000000e+04 8.800533339625915552e-02 1.251706873008648227e-03 9.987482931269913156e-01 0.000000000000000000e+00 0.000000000000000000e+00 0.000000000000000000e+00
2.225000000000000000e+04 8.900539400303486559e-02 1.365498406918525280e-03 9.986345015930814251e-01 0.000000000000000000e+00 0.000000000000000000e+00 0.000000000000000000e+00
2.250000000000000000e+04 9.000545460981057566e-02 1.934456076467910759e-03 9.978379608557123026e-01 0.000000000000000000e+00 2.275830678197542133e-04 0.000000000000000000e+00
2.275000000000000000e+04 9.100551521658628573e-02 4.551661356395084266e-04 9.994310423304506585e-01 0.000000000000000000e+00 1.137915339098771066e-04 0.000000000000000000e+00
2.300000000000000000e+04 9.200557582336177376e-02 2.617205279927173507e-03 9.972690031861629611e-01 0.000000000000000000e+00 1.137915339098771066e-04 0.000000000000000000e+00
2.325000000000000000e+04 9.300563643013748383e-02 2.162039144287664864e-03 9.977241693218024121e-01 0.000000000000000000e+00 1.137915339098771066e-04 0.000000000000000000e+00
2.350000000000000000e+04 9.400569703691319390e-02 2.275830678197541916e-03 9.976103777878926326e-01 0.000000000000000000e+00 1.137915339098771066e-04 0.000000000000000000e+00
2.375000000000000000e+04 9.500575764368890397e-02 1.365498406918525280e-03 9.986345015930814251e-01 0.000000000000000000e+00 0.000000000000000000e+00 0.000000000000000000e+00
2.400000000000000000e+04 9.600581825046461404e-02 2.844788347746927612e-03 9.970414201183431802e-01 0.000000000000000000e+00 1.137915339098771066e-04 0.000000000000000000e+00
2.425000000000000000e+04 9.700587885724032411e-02 1.137915339098770958e-03 9.988620846609012061e-01 0.000000000000000000e+00 0.000000000000000000e+00 0.000000000000000000e+00
2.450000000000000000e+04 9.800593946401581213e-02 3.982703686845699004e-03 9.957897132453344957e-01 0.000000000000000000e+00 2.275830678197542133e-04 0.000000000000000000e+00
2.475000000000000000e+04 9.900600007079152221e-02 2.048247610377787811e-03 9.978379608557123026e-01 0.000000000000000000e+00 1.137915339098771066e-04 0.000000000000000000e+00
2.500000000000000000e+04 1.000060606775672323e-01 2.844788347746927612e-03 9.970414201183431802e-01 0.000000000000000000e+00 1.137915339098771066e-04 0.000000000000000000e+00
2.525000000000000000e+04 1.010061212843429423e-01 2.730996813837050560e-03 9.971552116522530707e-01 0.000000000000000000e+00 1.137915339098771066e-04 0.000000000000000000e+00
2.550000000000000000e+04 1.020061818911186524e-01 2.844788347746927612e-03 9.968138370505233992e-01 0.000000000000000000e+00 3.413746017296313199e-04 0.000000000000000000e+00
2.575000000000000000e+04 1.030062424978943625e-01 2.958579881656804664e-03 9.967000455166135087e-01 0.000000000000000000e+00 3.413746017296313199e-04 0.000000000000000000e+00
2.600000000000000000e+04 1.040063031046698505e-01 4.096495220755575623e-03 9.956759217114247162e-01 0.000000000000000000e+00 2.275830678197542133e-04 0.000000000000000000e+00
2.625000000000000000e+04 1.050063637114455606e-01 5.461993627674101119e-03 9.943104233045061413e-01 0.000000000000000000e+00 2.275830678197542133e-04 0.000000000000000000e+00
2.650000000000000000e+04 1.060064243182212707e-01 9.786071916249430847e-03 9.888484296768320636e-01 0.000000000000000000e+00 1.365498406918525280e-03 0.000000000000000000e+00
2.675000000000000000e+04 1.070064849249969807e-01 1.081019572143832562e-02 9.880518889394629412e-01 0.000000000000000000e+00 1.137915339098770958e-03 0.000000000000000000e+00
2.700000000000000000e+04 1.080065455317726908e-01 9.786071916249430847e-03 9.897587619481110766e-01 0.000000000000000000e+00 4.551661356395084266e-04 0.000000000000000000e+00
2.725000000000000000e+04 1.090066061385484009e-01 1.285844333181611343e-02 9.850933090578061213e-01 0.000000000000000000e+00 2.048247610377787811e-03 0.000000000000000000e+00
2.750000000000000000e+04 1.100066667453238889e-01 4.210286754665452935e-02 9.029358215748748417e-01 0.000000000000000000e+00 5.496131087847064278e-02 0.000000000000000000e+00
2.775000000000000000e+04 1.110067273520995990e-01 2.017523896222121194e-01 3.982703686845698865e-01 1.615839781520254925e-02 3.838188438780154588e-01 0.000000000000000000e+00
2.800000000000000000e+04 1.120067879588753090e-01 1.439462903959945472e-01 5.908056440600819581e-01 2.401001365498406925e-01 2.514792899408284030e-02 0.000000000000000000e+00
2.825000000000000000e+04 1.130068485656510191e-01 7.658170232134729749e-02 6.453117888029130667e-01 2.756030951297223641e-01 2.503413746017296455e-03 0.000000000000000000e+00
2.850000000000000000e+04 1.140069091724267292e-01 8.010923987255348655e-02 6.408739189804278924e-01 2.726445152480655443e-01 6.372325898953117539e-03 0.000000000000000000e+00
2.875000000000000000e+04 1.150069697792024392e-01 7.464724624487938109e-02 6.398497951752389890e-01 2.832271279016841392e-01 2.275830678197541916e-03 0.000000000000000000e+00
2.900000000000000000e+04 1.160070303859779273e-01 7.225762403277195822e-02 6.411015020482475624e-01 2.862994993172507940e-01 3.413746017296313199e-04 0.000000000000000000e+00
2.925000000000000000e+04 1.170070909927536373e-01 7.180245789713245175e-02 6.414428766499772339e-01 2.865270823850705750e-01 2.275830678197542133e-04 0.000000000000000000e+00
2.950000000000000000e+04 1.180071515995293474e-01 7.055075102412380894e-02 6.414428766499772339e-01 2.875512061902594230e-01 4.551661356395084266e-04 0.000000000000000000e+00
2.975000000000000000e+04 1.190072122063050575e-01 7.157487482931269851e-02 6.408739189804278924e-01 2.870960400546199165e-01 4.551661356395084266e-04 0.000000000000000000e+00
3.000000000000000000e+04 1.200072728130807675e-01 7.055075102412380894e-02 6.417842512517069054e-01 2.874374146563495880e-01 2.275830678197542133e-04 0.000000000000000000e+00
3.025000000000000000e+04 1.210073334198564776e-01 7.134729176149294527e-02 6.413290851160673434e-01 2.870960400546199165e-01 2.275830678197542133e-04 0.000000000000000000e+00
3.050000000000000000e+04 1.220073940266319656e-01 7.077833409194356218e-02 6.413290851160673434e-01 2.875512061902594230e-01 3.413746017296313199e-04 0.000000000000000000e+00
3.075000000000000000e+04 1.230074546334076757e-01 7.066454255803368556e-02 6.415566681838871244e-01 2.874374146563495880e-01 3.413746017296313199e-04 0.000000000000000000e+00
3.100000000000000000e+04 1.240075152401833858e-01 7.066454255803368556e-02 6.415566681838871244e-01 2.873236231224396975e-01 4.551661356395084266e-04 0.000000000000000000e+00
3.125000000000000000e+04 1.250075758469590959e-01 7.362312243969049153e-02 6.400773782430587699e-01 2.855029585798816716e-01 7.965407373691396923e-04 0.000000000000000000e+00
3.150000000000000000e+04 1.260076364537348059e-01 7.248520710059171146e-02 6.408739189804278924e-01 2.862994993172507940e-01 3.413746017296313199e-04 0.000000000000000000e+00
3.175000000000000000e+04 1.270076970605105160e-01 7.157487482931269851e-02 6.418980427856167958e-01 2.864132908511606845e-01 1.137915339098771066e-04 0.000000000000000000e+00
3.200000000000000000e+04 1.280077576672860040e-01 7.225762403277195822e-02 6.406463359126081114e-01 2.862994993172507940e-01 7.965407373691396923e-04 0.000000000000000000e+00
3.225000000000000000e+04 1.290078182740617141e-01 7.305416477014110843e-02 6.405325443786982209e-01 2.857305416477013971e-01 6.827492034592626399e-04 0.000000000000000000e+00
3.250000000000000000e+04 1.300078788808374242e-01 7.476103777878925771e-02 6.390532544378698665e-01 2.856167501137915066e-01 5.689576695493854790e-04 0.000000000000000000e+00
3.275000000000000000e+04 1.310079394876131342e-01 7.453345471096950448e-02 6.390532544378698665e-01 2.855029585798816716e-01 9.103322712790168532e-04 0.000000000000000000e+00
3.300000000000000000e+04 1.320080000943888443e-01 7.305416477014110843e-02 6.400773782430587699e-01 2.862994993172507940e-01 5.689576695493854790e-04 0.000000000000000000e+00
3.325000000000000000e+04 1.330080607011645544e-01 7.396449704142012138e-02 6.400773782430587699e-01 2.857305416477013971e-01 2.275830678197542133e-04 0.000000000000000000e+00
3.350000000000000000e+04 1.340081213079400424e-01 7.407828857532999800e-02 6.397360036413290985e-01 2.857305416477013971e-01 4.551661356395084266e-04 0.000000000000000000e+00
3.375000000000000000e+04 1.350081819147157525e-01 7.635411925352754425e-02 6.384842967683204140e-01 2.849340009103322746e-01 2.275830678197542133e-04 0.000000000000000000e+00
3.400000000000000000e+04 1.360082425214914625e-01 7.840236686390532339e-02 6.375739644970414011e-01 2.831133363677742487e-01 9.103322712790168532e-04 0.000000000000000000e+00
3.425000000000000000e+04 1.370083031282671726e-01 7.806099226217569353e-02 6.378015475648611821e-01 2.835685025034137552e-01 5.689576695493854790e-04 0.000000000000000000e+00
3.450000000000000000e+04 1.380083637350428827e-01 8.215748748293126569e-02 6.352981338188439242e-01 2.820892125625853453e-01 4.551661356395084266e-04 0.000000000000000000e+00
3.475000000000000000e+04 1.390084243418185928e-01 8.329540282203004575e-02 6.352981338188439242e-01 2.810650887573964418e-01 3.413746017296313199e-04 0.000000000000000000e+00
3.500000000000000000e+04 1.400084849485940808e-01 8.192990441511151245e-02 6.373463814292216201e-01 2.796995903504779224e-01 1.024123805188893906e-03 0.000000000000000000e+00
3.525000000000000000e+04 1.410085455553697908e-01 8.466090122894856518e-02 6.360946745562130467e-01 2.791306326809285254e-01 1.137915339098771066e-04 0.000000000000000000e+00
3.550000000000000000e+04 1.420086061621455009e-01 8.648156577150660496e-02 6.346153846153845812e-01 2.784478834774692935e-01 4.551661356395084266e-04 0.000000000000000000e+00
3.575000000000000000e+04 1.430086667689212110e-01 1.268775603095129711e-01 5.970641784251251583e-01 2.725307237141556538e-01 3.527537551206190360e-03 0.000000000000000000e+00
3.600000000000000000e+04 1.440087273756969211e-01 1.862767410104688159e-01 5.868229403732362348e-01 2.163177059626763821e-01 1.058261265361857065e-02 0.000000000000000000e+00
3.625000000000000000e+04 1.450087879824726311e-01 2.127901684114701930e-01 5.469959035047792240e-01 2.272416932180245652e-01 1.297223486572599005e-02 0.000000000000000000e+00
3.650000000000000000e+04 1.460088485892481192e-01 2.055075102412380617e-01 5.595129722348657353e-01 2.221210741920801035e-01 1.285844333181611343e-02 0.000000000000000000e+00
3.675000000000000000e+04 1.470089091960238292e-01 1.630632680928539024e-01 6.216431497496586189e-01 2.083522985889849910e-01 6.941283568502503235e-03 0.000000000000000000e+00
3.700000000000000000e+04 1.480089698027995393e-01 1.413290851160673711e-01 6.616977696859354108e-01 1.919663177059626746e-01 5.006827492034592909e-03 0.000000000000000000e+00
3.725000000000000000e+04 1.490090304095752494e-01 1.292671825216203940e-01 6.747837960855712636e-01 1.917387346381429214e-01 4.210286754665453109e-03 0.000000000000000000e+00
3.750000000000000000e+04 1.500090910163509594e-01 1.224396904870277691e-01 6.811561219845243542e-01 1.921939007737824279e-01 4.210286754665453109e-03 0.000000000000000000e+00
3.775000000000000000e+04 1.510091516231266695e-01 1.187983614019117035e-01 6.862767410104688715e-01 1.895766954938552518e-01 5.348202093764223633e-03 0.000000000000000000e+00
3.800000000000000000e+04 1.520092122299021575e-01 1.162949476558944040e-01 6.871870732817478844e-01 1.933318161128811941e-01 3.186162949476558769e-03 0.000000000000000000e+00
3.825000000000000000e+04 1.530092728366778676e-01 1.189121529358215801e-01 6.837733272644515026e-01 1.935593991807009473e-01 3.755120619025944465e-03 0.000000000000000000e+00
3.850000000000000000e+04 1.540093334434535777e-01 1.181156121984524299e-01 6.860491579426490905e-01 1.923076923076923184e-01 3.527537551206190360e-03 0.000000000000000000e+00
3.875000000000000000e+04 1.550093940502292877e-01 1.187983614019117035e-01 6.834319526627219421e-01 1.933318161128811941e-01 4.437869822485207214e-03 0.000000000000000000e+00
3.900000000000000000e+04 1.560094546570049978e-01 1.194811106053709632e-01 6.842284934000910646e-01 1.918525261720528119e-01 4.437869822485207214e-03 0.000000000000000000e+00
3.925000000000000000e+04 1.570095152637807079e-01 1.184569868001820597e-01 6.834319526627219421e-01 1.941283568502503443e-01 3.982703686845699004e-03 0.000000000000000000e+00
3.950000000000000000e+04 1.580095758705561959e-01 1.151570323167956239e-01 6.857077833409194190e-01 1.956076467910787542e-01 3.527537551206190360e-03 0.000000000000000000e+00
3.975000000000000000e+04 1.590096364773319060e-01 1.143604915794264876e-01 6.853664087391898585e-01 1.950386891215293572e-01 5.234410559854347014e-03 0.000000000000000000e+00
4.000000000000000000e+04 1.600096970841076160e-01 1.151570323167956239e-01 6.822940373236231482e-01 1.981110605370960398e-01 4.437869822485207214e-03 0.000000000000000000e+00
4.025000000000000000e+04 1.610097576908833261e-01 1.147018661811561174e-01 6.826354119253527086e-01 1.967455621301775204e-01 5.917159763313609329e-03 0.000000000000000000e+00
4.050000000000000000e+04 1.620098182976590362e-01 1.166363222576240338e-01 6.825216203914429292e-01 1.968593536640873831e-01 3.982703686845699004e-03 0.000000000000000000e+00
4.075000000000000000e+04 1.630098789044347463e-01 1.128812016385980915e-01 6.852526172052799680e-01 1.968593536640873831e-01 5.006827492034592909e-03 0.000000000000000000e+00
4.100000000000000000e+04 1.640099395112102343e-01 1.161811561219845274e-01 6.832043695949021611e-01 1.958352298588985074e-01 4.779244424214838804e-03 0.000000000000000000e+00
4.125000000000000000e+04 1.650100001179859444e-01 1.151570323167956239e-01 6.828629949931724896e-01 1.967455621301775204e-01 5.234410559854347014e-03 0.000000000000000000e+00
4.150000000000000000e+04 1.660100607247616544e-01 1.166363222576240338e-01 6.783113336367774249e-01 1.997041420118343125e-01 5.348202093764223633e-03 0.000000000000000000e+00
4.175000000000000000e+04 1.670101213315373645e-01 1.186845698680018268e-01 6.797906235776057793e-01 1.967455621301775204e-01 4.779244424214838804e-03 0.000000000000000000e+00
4.200000000000000000e+04 1.680101819383130746e-01 1.164087391898042806e-01 6.802457897132453413e-01 1.987938097405552995e-01 4.551661356395083832e-03 0.000000000000000000e+00
4.225000000000000000e+04 1.690102425450885626e-01 1.143604915794264876e-01 6.830905780609922706e-01 1.966317705962676299e-01 5.917159763313609329e-03 0.000000000000000000e+00
4.250000000000000000e+04 1.700103031518642727e-01 1.159535730541647741e-01 6.791078743741465473e-01 2.003868912152935722e-01 4.551661356395083832e-03 0.000000000000000000e+00
4.275000000000000000e+04 1.710103637586399827e-01 1.144742831133363642e-01 6.755803368229403860e-01 2.039144287664997612e-01 6.030951297223486815e-03 0.000000000000000000e+00
4.300000000000000000e+04 1.720104243654156928e-01 1.143604915794264876e-01 6.761492944924897275e-01 2.042558033682294050e-01 5.234410559854347014e-03 0.000000000000000000e+00
4.325000000000000000e+04 1.730104849721914029e-01 1.147018661811561174e-01 6.738734638142922506e-01 2.071005917159763343e-01 4.324078288575329727e-03 0.000000000000000000e+00
4.350000000000000000e+04 1.740105455789671129e-01 1.172052799271734169e-01 6.698907601274465273e-01 2.078971324533454845e-01 5.006827492034592909e-03 0.000000000000000000e+00
4.375000000000000000e+04 1.750106061857426010e-01 1.167501137915339104e-01 6.713700500682748817e-01 2.073281747837960876e-01 4.551661356395083832e-03 0.000000000000000000e+00
4.400000000000000000e+04 1.760106667925183110e-01 1.162949476558944040e-01 6.739872553482021411e-01 2.043695949021392677e-01 5.348202093764223633e-03 0.000000000000000000e+00
4.425000000000000000e+04 1.770107273992940211e-01 1.172052799271734169e-01 6.739872553482021411e-01 2.039144287664997612e-01 4.893035958124715423e-03 0.000000000000000000e+00
4.450000000000000000e+04 1.780107880060697312e-01 1.172052799271734169e-01 6.712562585343649912e-01 2.069868001820664438e-01 4.551661356395083832e-03 0.000000000000000000e+00
4.475000000000000000e+04 1.790108486128454413e-01 1.164087391898042806e-01 6.734182976786526886e-01 2.060764679107874309e-01 4.096495220755575623e-03 0.000000000000000000e+00
4.500000000000000000e+04 1.800109092196211513e-01 1.175466545289030468e-01 6.752389622212107145e-01 2.035730541647701453e-01 3.641329085116067413e-03 0.000000000000000000e+00
4.525000000000000000e+04 1.810109698263966393e-01 1.189121529358215801e-01 6.746700045516613731e-01 2.020937642239417353e-01 4.324078288575329727e-03 0.000000000000000000e+00
4.550000000000000000e+04 1.820110304331723494e-01 1.153846153846153910e-01 6.775147928994083024e-01 2.034592626308602548e-01 3.641329085116067413e-03 0.000000000000000000e+00
4.575000000000000000e+04 1.830110910399480595e-01 1.151570323167956239e-01 6.777423759672280834e-01 2.026627218934911323e-01 4.437869822485207214e-03 0.000000000000000000e+00
4.600000000000000000e+04 1.840111516467237696e-01 1.137915339098771045e-01 6.779699590350477534e-01 2.038006372325898985e-01 4.437869822485207214e-03 0.000000000000000000e+00
4.625000000000000000e+04 1.850112122534994796e-01 1.166363222576240338e-01 6.756941283568502765e-01 2.040282203004096517e-01 3.641329085116067413e-03 0.000000000000000000e+00
4.650000000000000000e+04 1.860112728602751897e-01 1.157259899863450209e-01 6.775147928994083024e-01 2.031178880291306388e-01 3.641329085116067413e-03 0.000000000000000000e+00
4.675000000000000000e+04 1.870113334670506777e-01 1.147018661811561174e-01 6.797906235776057793e-01 2.018661811561219821e-01 3.641329085116067413e-03 0.000000000000000000e+00
4.700000000000000000e+04 1.880113940738263878e-01 1.154984069185252676e-01 6.794492489758762188e-01 2.025489303595812418e-01 2.503413746017296455e-03 0.000000000000000000e+00
4.725000000000000000e+04 1.890114546806020979e-01 1.152708238507055144e-01 6.803595812471552318e-01 2.019799726900318726e-01 2.389622212107419402e-03 0.000000000000000000e+00
4.750000000000000000e+04 1.900115152873778079e-01 1.166363222576240338e-01 6.781975421028675344e-01 2.016385980883022289e-01 3.527537551206190360e-03 0.000000000000000000e+00
4.775000000000000000e+04 1.910115758941535180e-01 1.158397815202548975e-01 6.779699590350477534e-01 2.023213472917614886e-01 3.868912152935821518e-03 0.000000000000000000e+00
4.800000000000000000e+04 1.920116365009292281e-01 1.140191169776968577e-01 6.784251251706873154e-01 2.038006372325898985e-01 3.755120619025944465e-03 0.000000000000000000e+00
4.825000000000000000e+04 1.930116971077047161e-01 1.167501137915339104e-01 6.776285844333181929e-01 2.019799726900318726e-01 3.641329085116067413e-03 0.000000000000000000e+00
4.850000000000000000e+04 1.940117577144804262e-01 1.164087391898042806e-01 6.774010013654984119e-01 2.019799726900318726e-01 4.210286754665453109e-03 0.000000000000000000e+00
4.875000000000000000e+04 1.950118183212561362e-01 1.149294492489758707e-01 6.739872553482021411e-01 2.067592171142466906e-01 4.324078288575329727e-03 0.000000000000000000e+00
4.900000000000000000e+04 1.960118789280318463e-01 1.207328174783796060e-01 6.678425125170687204e-01 2.071005917159763343e-01 4.324078288575329727e-03 0.000000000000000000e+00
4.925000000000000000e+04 1.970119395348075564e-01 1.214155666818388657e-01 6.747837960855712636e-01 1.994765589440145592e-01 4.324078288575329727e-03 0.000000000000000000e+00
4.950000000000000000e+04 1.980120001415832665e-01 1.250568957669549452e-01 6.810423304506144637e-01 1.885525716886663761e-01 5.348202093764223633e-03 0.000000000000000000e+00
4.975000000000000000e+04 1.990120607483587545e-01 1.162949476558944040e-01 6.868456986800182129e-01 1.910559854346836617e-01 5.803368229403732710e-03 0.000000000000000000e+00
5.000000000000000000e+04 2.000121213551344646e-01 1.195949021392808398e-01 6.811561219845243542e-01 1.941283568502503443e-01 5.120619025944469528e-03 0.000000000000000000e+00
5.025000000000000000e+04 2.010121819619101746e-01 1.186845698680018268e-01 6.827492034592625991e-01 1.939007737824305910e-01 4.665452890304961318e-03 0.000000000000000000e+00
5.050000000000000000e+04 2.020122425686858847e-01 1.129949931725079681e-01 6.854802002730996380e-01 1.968593536640873831e-01 4.665452890304961318e-03 0.000000000000000000e+00
5.075000000000000000e+04 2.030123031754615948e-01 1.145880746472462408e-01 6.879836140191170069e-01 1.923076923076923184e-01 5.120619025944469528e-03 0.000000000000000000e+00
5.100000000000000000e+04 2.040123637822373048e-01 1.190259444697314567e-01 6.939007737824305355e-01 1.816112881201638607e-01 5.461993627674101119e-03 0.000000000000000000e+00
5.125000000000000000e+04 2.050124243890127929e-01 1.218707328174783860e-01 6.824078288575330387e-01 1.903732362312244020e-01 5.348202093764223633e-03 0.000000000000000000e+00
5.150000000000000000e+04 2.060124849957885029e-01 1.174328629949931702e-01 6.854802002730996380e-01 1.917387346381429214e-01 5.348202093764223633e-03 0.000000000000000000e+00
5.175000000000000000e+04 2.070125456025642130e-01 1.207328174783796060e-01 6.822940373236231482e-01 1.929904415111515781e-01 3.982703686845699004e-03 0.000000000000000000e+00
5.200000000000000000e+04 2.080126062093399231e-01 1.230086481565771522e-01 6.805871643149750128e-01 1.912835685025034149e-01 5.120619025944469528e-03 0.000000000000000000e+00
5.225000000000000000e+04 2.090126668161156331e-01 1.225534820209376458e-01 6.840009103322712836e-01 1.887801547564861293e-01 4.665452890304961318e-03 0.000000000000000000e+00
5.250000000000000000e+04 2.100127274228913432e-01 1.214155666818388657e-01 6.843422849340009551e-01 1.887801547564861293e-01 5.461993627674101119e-03 0.000000000000000000e+00
5.275000000000000000e+04 2.110127880296668312e-01 1.195949021392808398e-01 6.859353664087392000e-01 1.900318616294947582e-01 4.437869822485207214e-03 0.000000000000000000e+00
5.300000000000000000e+04 2.120128486364425413e-01 1.200500682749203463e-01 6.809285389167045732e-01 1.933318161128811941e-01 5.689576695493855224e-03 0.000000000000000000e+00
5.325000000000000000e+04 2.130129092432182514e-01 1.176604460628129234e-01 6.796768320436959998e-01 1.951524806554392477e-01 7.510241238051888930e-03 0.000000000000000000e+00
5.350000000000000000e+04 2.140129698499939614e-01 1.175466545289030468e-01 6.813837050523441352e-01 1.961766044606281234e-01 4.893035958124715423e-03 0.000000000000000000e+00
5.375000000000000000e+04 2.150130304567696715e-01 1.220983158852981393e-01 6.758079198907601670e-01 1.970869367319071364e-01 5.006827492034592909e-03 0.000000000000000000e+00
5.400000000000000000e+04 2.160130910635453816e-01 1.193673190714610866e-01 6.810423304506144637e-01 1.943559399180700975e-01 5.234410559854347014e-03 0.000000000000000000e+00
5.425000000000000000e+04 2.170131516703208696e-01 1.208466090122894826e-01 6.789940828402366568e-01 1.951524806554392477e-01 5.006827492034592909e-03 0.000000000000000000e+00
5.450000000000000000e+04 2.180132122770965797e-01 1.192535275375512099e-01 6.741010468821119206e-01 1.992489758761948060e-01 7.396449704142011444e-03 0.000000000000000000e+00
5.475000000000000000e+04 2.190132728838722898e-01 1.208466090122894826e-01 6.723941738734637852e-01 2.014110150204824756e-01 5.348202093764223633e-03 0.000000000000000000e+00
5.500000000000000000e+04 2.200133334906479998e-01 1.224396904870277691e-01 6.690942193900774049e-01 2.009558488848429691e-01 7.510241238051888930e-03 0.000000000000000000e+00
5.525000000000000000e+04 2.210133940974237099e-01 1.277878925807919841e-01 6.681838871187983919e-01 1.981110605370960398e-01 5.917159763313609329e-03 0.000000000000000000e+00
5.550000000000000000e+04 2.220134547041994200e-01 1.323395539371870766e-01 6.664770141101502565e-01 1.933318161128811941e-01 7.851615839781519654e-03 0.000000000000000000e+00
5.575000000000000000e+04 2.230135153109749080e-01 1.322257624032771861e-01 6.590805644060081514e-01 2.024351388256713791e-01 6.258534365043240920e-03 0.000000000000000000e+00
5.600000000000000000e+04 2.240135759177506181e-01 1.330223031406463363e-01 6.531634046426946227e-01 2.076695493855257035e-01 6.144742831133363434e-03 0.000000000000000000e+00
5.625000000000000000e+04 2.250136365245263281e-01 1.307464724624488039e-01 6.540737369139736357e-01 2.065316340464269373e-01 8.648156577150659455e-03 0.000000000000000000e+00
5.650000000000000000e+04 2.260136971313020382e-01 1.279016841147018746e-01 6.554392353208920996e-01 2.104005461993627701e-01 6.258534365043240920e-03 0.000000000000000000e+00
5.675000000000000000e+04 2.270137577380777483e-01 1.286982248520709970e-01 6.512289485662267063e-01 2.130177514792899462e-01 7.055075102412380721e-03 0.000000000000000000e+00
