# itime ezz other fcc hcp bcc ico
0.000000000000000000e+00 0.000000000000000000e+00 0.000000000000000000e+00 1.000000000000000000e+00 0.000000000000000000e+00 0.000000000000000000e+00 0.000000000000000000e+00
2.500000000000000000e+03 1.000002904630536982e-02 0.000000000000000000e+00 1.000000000000000000e+00 0.000000000000000000e+00 0.000000000000000000e+00 0.000000000000000000e+00
5.000000000000000000e+03 2.000005809261096168e-02 0.000000000000000000e+00 1.000000000000000000e+00 0.000000000000000000e+00 0.000000000000000000e+00 0.000000000000000000e+00
7.500000000000000000e+03 3.000008713891633150e-02 0.000000000000000000e+00 1.000000000000000000e+00 0.000000000000000000e+00 0.000000000000000000e+00 0.000000000000000000e+00
1.000000000000000000e+04 4.000011618522170131e-02 0.000000000000000000e+00 1.000000000000000000e+00 0.000000000000000000e+00 0.000000000000000000e+00 0.000000000000000000e+00
1.250000000000000000e+04 5.000014523152729318e-02 0.000000000000000000e+00 1.000000000000000000e+00 0.000000000000000000e+00 0.000000000000000000e+00 0.000000000000000000e+00
1.500000000000000000e+04 6.000017427783266299e-02 0.000000000000000000e+00 1.000000000000000000e+00 0.000000000000000000e+00 0.000000000000000000e+00 0.000000000000000000e+00
1.750000000000000000e+04 7.000020332413803281e-02 0.000000000000000000e+00 1.000000000000000000e+00 0.000000000000000000e+00 0.000000000000000000e+00 0.000000000000000000e+00
2.000000000000000000e+04 8.000023237044362467e-02 0.000000000000000000e+00 1.000000000000000000e+00 0.000000000000000000e+00 0.000000000000000000e+00 0.000000000000000000e+00
2.250000000000000000e+04 9.000026141674899449e-02 1.934456076467910759e-03 9.978379608557123026e-01 0.000000000000000000e+00 2.275830678197542133e-04 0.000000000000000000e+00
2.500000000000000000e+04 1.000002904630543643e-01 2.844788347746927612e-03 9.970414201183431802e-01 0.000000000000000000e+00 1.137915339098771066e-04 0.000000000000000000e+00
2.750000000000000000e+04 1.100003195093599562e-01 4.210286754665452935e-02 9.029358215748748417e-01 0.000000000000000000e+00 5.496131087847064278e-02 0.000000000000000000e+00
3.000000000000000000e+04 1.200003485556653260e-01 7.055075102412380894e-02 6.417842512517069054e-01 2.874374146563495880e-01 2.275830678197542133e-04 0.000000000000000000e+00
3.250000000000000000e+04 1.300003776019706958e-01 7.476103777878925771e-02 6.390532544378698665e-01 2.856167501137915066e-01 5.689576695493854790e-04 0.000000000000000000e+00
3.500000000000000000e+04 1.400004066482762877e-01 8.192990441511151245e-02 6.373463814292216201e-01 2.796995903504779224e-01 1.024123805188893906e-03 0.000000000000000000e+00
3.750000000000000000e+04 1.500004356945816575e-01 1.224396904870277691e-01 6.811561219845243542e-01 1.921939007737824279e-01 4.210286754665453109e-03 0.000000000000000000e+00
4.000000000000000000e+04 1.600004647408870273e-01 1.151570323167956239e-01 6.822940373236231482e-01 1.981110605370960398e-01 4.437869822485207214e-03 0.000000000000000000e+00
4.250000000000000000e+04 1.700004937871926192e-01 1.159535730541647741e-01 6.791078743741465473e-01 2.003868912152935722e-01 4.551661356395083832e-03 0.000000000000000000e+00
4.500000000000000000e+04 1.800005228334979890e-01 1.175466545289030468e-01 6.752389622212107145e-01 2.035730541647701453e-01 3.641329085116067413e-03 0.000000000000000000e+00
4.750000000000000000e+04 1.900005518798033588e-01 1.166363222576240338e-01 6.781975421028675344e-01 2.016385980883022289e-01 3.527537551206190360e-03 0.000000000000000000e+00
5.000000000000000000e+04 2.000005809261089507e-01 1.195949021392808398e-01 6.811561219845243542e-01 1.941283568502503443e-01 5.120619025944469528e-03 0.000000000000000000e+00
5.250000000000000000e+04 2.100006099724143205e-01 1.214155666818388657e-01 6.843422849340009551e-01 1.887801547564861293e-01 5.461993627674101119e-03 0.000000000000000000e+00
5.500000000000000000e+04 2.200006390187196903e-01 1.224396904870277691e-01 6.690942193900774049e-01 2.009558488848429691e-01 7.510241238051888930e-03 0.000000000000000000e+00
5.750000000000000000e+04 2.300006680650252822e-01 1.264223941738734647e-01 6.561219845243514426e-01 2.107419208010923861e-01 6.713700500682749130e-03 0.000000000000000000e+00
6.000000000000000000e+04 2.400006971113306520e-01 1.378015475648611821e-01 6.397360036413290985e-01 2.091488393263541135e-01 1.331360946745562164e-02 0.000000000000000000e+00
6.250000000000000000e+04 2.500007261576360218e-01 1.284706417842512438e-01 6.540737369139736357e-01 2.061902594446973214e-01 1.126536185707783383e-02 0.000000000000000000e+00
6.500000000000000000e+04 2.600007552039416137e-01 1.370050068274920319e-01 6.371187983614019501e-01 2.155211652253072319e-01 1.035502958579881741e-02 0.000000000000000000e+00
6.750000000000000000e+04 2.700007842502469835e-01 1.385980883022303045e-01 6.351843422849340337e-01 2.171142467000455045e-01 9.103322712790167665e-03 0.000000000000000000e+00
7.000000000000000000e+04 2.800008132965523533e-01 1.565771506599908935e-01 6.120846609012289274e-01 2.205279927173418308e-01 1.081019572143832562e-02 0.000000000000000000e+00
7.250000000000000000e+04 2.900008423428579452e-01 1.430359581247155343e-01 6.680700955848885014e-01 1.821802457897132577e-01 6.713700500682749130e-03 0.000000000000000000e+00
7.500000000000000000e+04 3.000008713891633150e-01 1.401911697769686049e-01 6.800182066454255603e-01 1.738734638142922229e-01 5.917159763313609329e-03 0.000000000000000000e+00
7.750000000000000000e+04 3.100009004354686848e-01 1.432635411925352875e-01 6.725079654073736757e-01 1.796768320436959443e-01 4.551661356395083832e-03 0.000000000000000000e+00
8.000000000000000000e+04 3.200009294817742767e-01 1.415566681838871244e-01 6.735320892125625791e-01 1.807009558488848477e-01 4.210286754665453109e-03 0.000000000000000000e+00
8.250000000000000000e+04 3.300009585280796465e-01 1.479289940828402428e-01 6.527082385070550608e-01 1.942421483841602070e-01 5.120619025944469528e-03 0.000000000000000000e+00
8.500000000000000000e+04 3.400009875743850163e-01 1.541875284478834707e-01 6.294947655894401750e-01 2.082385070550751005e-01 8.079198907601274626e-03 0.000000000000000000e+00
8.750000000000000000e+04 3.500010166206906081e-01 1.615839781520254925e-01 6.275603095129722586e-01 2.051661356395084179e-01 5.689576695493855224e-03 0.000000000000000000e+00
9.000000000000000000e+04 3.600010456669959780e-01 1.550978607191624836e-01 6.450842057350932857e-01 1.953800637232590010e-01 4.437869822485207214e-03 0.000000000000000000e+00
9.250000000000000000e+04 3.700010747133013478e-01 1.620391442876649990e-01 6.392808375056895365e-01 1.943559399180700975e-01 4.324078288575329727e-03 0.000000000000000000e+00
9.500000000000000000e+04 3.800011037596069396e-01 1.601046882111970826e-01 6.324533454710969949e-01 2.015248065543923661e-01 5.917159763313609329e-03 0.000000000000000000e+00
9.750000000000000000e+04 3.900011328059125315e-01 1.767182521620391522e-01 6.638598088302229971e-01 1.530496131087847045e-01 6.372325898953117539e-03 0.000000000000000000e+00
1.000000000000000000e+05 4.000011618522176793e-01 1.380291306326809353e-01 7.094902139280837572e-01 1.470186618115612298e-01 5.461993627674101119e-03 0.000000000000000000e+00
1.025000000000000000e+05 4.100011908985232711e-01 1.388256713700500578e-01 7.108557123350022211e-01 1.462221210741920796e-01 4.096495220755575623e-03 0.000000000000000000e+00
1.050000000000000000e+05 4.200012199448284189e-01 1.406463359126081114e-01 6.945835229858898785e-01 1.610150204824760956e-01 3.755120619025944465e-03 0.000000000000000000e+00
1.075000000000000000e+05 4.300012489911342328e-01 1.447428311333636697e-01 6.766044606281292895e-01 1.729631315430132099e-01 5.689576695493855224e-03 0.000000000000000000e+00
1.100000000000000000e+05 4.400012780374393806e-01 1.499772416932180219e-01 6.489531178880291185e-01 1.925352753755120716e-01 8.534365043240782836e-03 0.000000000000000000e+00
1.125000000000000000e+05 4.500013070837451945e-01 1.676149294492489672e-01 6.602184797451069453e-01 1.651115157032316816e-01 7.055075102412380721e-03 0.000000000000000000e+00
1.150000000000000000e+05 4.600013361300503423e-01 1.538461538461538547e-01 6.824078288575330387e-01 1.593081474738279601e-01 4.437869822485207214e-03 0.000000000000000000e+00
1.175000000000000000e+05 4.700013651763559341e-01 1.531634046426945950e-01 6.835457441966317216e-01 1.585116067364588099e-01 4.779244424214838804e-03 0.000000000000000000e+00
1.200000000000000000e+05 4.800013942226610819e-01 1.514565316340464318e-01 6.734182976786526886e-01 1.714838416021848000e-01 3.641329085116067413e-03 0.000000000000000000e+00
1.225000000000000000e+05 4.900014232689668958e-01 1.570323167956304000e-01 6.702321347291761988e-01 1.696631770596267741e-01 3.072371415566681717e-03 0.000000000000000000e+00
1.250000000000000000e+05 5.000014523152720436e-01 1.607874374146563423e-01 6.586253982703687004e-01 1.769458352298589054e-01 3.641329085116067413e-03 0.000000000000000000e+00
1.275000000000000000e+05 5.100014813615778575e-01 1.692080109239872676e-01 5.761265361857077494e-01 2.472690031861629611e-01 7.396449704142011444e-03 0.000000000000000000e+00
1.300000000000000000e+05 5.200015104078830053e-01 1.643149749658625314e-01 6.851388256713700775e-01 1.489531178880291185e-01 1.593081474738279385e-03 0.000000000000000000e+00
1.325000000000000000e+05 5.300015394541885971e-01 1.679563040509786109e-01 6.867319071461083224e-01 1.429221665908056438e-01 2.389622212107419402e-03 0.000000000000000000e+00
1.350000000000000000e+05 5.400015685004937449e-01 1.621529358215748617e-01 7.039144287664997890e-01 1.301775147928994070e-01 3.755120619025944465e-03 0.000000000000000000e+00
1.375000000000000000e+05 5.500015975467995588e-01 1.637460172963131622e-01 7.030040964952207760e-01 1.301775147928994070e-01 3.072371415566681717e-03 0.000000000000000000e+00
1.400000000000000000e+05 5.600016265931047066e-01 1.687528447883477334e-01 6.923076923076922906e-01 1.362084660901228816e-01 2.730996813837050560e-03 0.000000000000000000e+00
1.425000000000000000e+05 5.700016556394105205e-01 1.706873008648156498e-01 6.784251251706873154e-01 1.471324533454710926e-01 3.755120619025944465e-03 0.000000000000000000e+00
1.450000000000000000e+05 5.800016846857156683e-01 1.711424670004551563e-01 6.771734182976786309e-01 1.457669549385525731e-01 5.917159763313609329e-03 0.000000000000000000e+00
1.475000000000000000e+05 5.900017137320212601e-01 2.043695949021392677e-01 6.099226217569412301e-01 1.760355029585798925e-01 9.672280382339554228e-03 0.000000000000000000e+00
1.500000000000000000e+05 6.000017427783264079e-01 2.064178425125170746e-01 6.002503413746017591e-01 1.863905325443787064e-01 6.941283568502503235e-03 0.000000000000000000e+00
1.525000000000000000e+05 6.100017718246322218e-01 1.921939007737824279e-01 6.763768775603095085e-01 1.252844788347746985e-01 6.144742831133363434e-03 0.000000000000000000e+00
1.550000000000000000e+05 6.200018008709373696e-01 1.942421483841602070e-01 6.766044606281292895e-01 1.233500227583067821e-01 5.803368229403732710e-03 0.000000000000000000e+00
1.575000000000000000e+05 6.300018299172431835e-01 1.824078288575330109e-01 6.927628584433318526e-01 1.202776513427400995e-01 4.551661356395083832e-03 0.000000000000000000e+00
1.600000000000000000e+05 6.400018589635483313e-01 1.777423759672280279e-01 6.956076467910787819e-01 1.215293582157487423e-01 5.120619025944469528e-03 0.000000000000000000e+00
1.625000000000000000e+05 6.500018880098539231e-01 1.857077833409194467e-01 6.832043695949021611e-01 1.251706873008648080e-01 5.917159763313609329e-03 0.000000000000000000e+00
1.650000000000000000e+05 6.600019170561590709e-01 1.792216659080564378e-01 7.041420118343195700e-01 1.093536640873919025e-01 7.282658170232134826e-03 0.000000000000000000e+00
1.675000000000000000e+05 6.700019461024648848e-01 1.458807464724624359e-01 8.187300864815657553e-01 3.095129722348657214e-02 4.437869822485207214e-03 0.000000000000000000e+00
1.700000000000000000e+05 6.800019751487700326e-01 1.236913973600364119e-01 8.670914883932635542e-01 8.306781975421027864e-03 9.103322712790168532e-04 0.000000000000000000e+00
1.725000000000000000e+05 6.900020041950758465e-01 1.230086481565771522e-01 8.680018206645425671e-01 8.306781975421027864e-03 6.827492034592626399e-04 0.000000000000000000e+00
1.750000000000000000e+05 7.000020332413809943e-01 1.219845243513882627e-01 8.690259444697314706e-01 8.192990441511151245e-03 7.965407373691396923e-04 0.000000000000000000e+00
1.775000000000000000e+05 7.100020622876865861e-01 1.205052344105598527e-01 8.718707328174783999e-01 7.055075102412380721e-03 5.689576695493854790e-04 0.000000000000000000e+00
1.800000000000000000e+05 7.200020913339917339e-01 1.222121074192080159e-01 8.690259444697314706e-01 8.306781975421027864e-03 4.551661356395084266e-04 0.000000000000000000e+00
1.825000000000000000e+05 7.300021203802975478e-01 1.187983614019117035e-01 8.730086481565771939e-01 7.396449704142011444e-03 7.965407373691396923e-04 0.000000000000000000e+00
1.850000000000000000e+05 7.400021494266026956e-01 1.165225307237141572e-01 8.749431042330451103e-01 6.144742831133363434e-03 2.389622212107419402e-03 0.000000000000000000e+00
1.875000000000000000e+05 7.500021784729085095e-01 1.191397360036413333e-01 8.720983158852981809e-01 7.737824305871643035e-03 1.024123805188893906e-03 0.000000000000000000e+00
1.900000000000000000e+05 7.600022075192136572e-01 1.195949021392808398e-01 8.716431497496586189e-01 7.965407373691398007e-03 7.965407373691396923e-04 0.000000000000000000e+00
1.925000000000000000e+05 7.700022365655192491e-01 1.198224852071005930e-01 8.691397360036413611e-01 9.899863450159307465e-03 1.137915339098770958e-03 0.000000000000000000e+00
1.950000000000000000e+05 7.800022656118243969e-01 1.343878015475648557e-01 7.848202093764223841e-01 7.783340919435594030e-02 2.958579881656804664e-03 0.000000000000000000e+00
1.975000000000000000e+05 7.900022946581302108e-01 1.484979517523896120e-01 6.998179335457441752e-01 1.442876649977241632e-01 7.396449704142011444e-03 0.000000000000000000e+00
2.000000000000000000e+05 8.000023237044353586e-01 1.479289940828402428e-01 6.952662721893491105e-01 1.496358670914884059e-01 7.168866636322257339e-03 0.000000000000000000e+00
2.025000000000000000e+05 8.100023527507411725e-01 1.511151570323167881e-01 6.833181611288120516e-01 1.557806099226217433e-01 9.786071916249430847e-03 0.000000000000000000e+00
2.050000000000000000e+05 8.200023817970463202e-01 1.289258079198907503e-01 8.451297223486572419e-01 2.389622212107419055e-02 2.048247610377787811e-03 0.000000000000000000e+00
2.075000000000000000e+05 8.300024108433519121e-01 1.161811561219845274e-01 8.717569412835685094e-01 1.149294492489758707e-02 5.689576695493854790e-04 0.000000000000000000e+00
2.100000000000000000e+05 8.400024398896570599e-01 1.151570323167956239e-01 8.756258534365043422e-01 8.648156577150659455e-03 5.689576695493854790e-04 0.000000000000000000e+00
2.125000000000000000e+05 8.500024689359628738e-01 1.148156577150659940e-01 8.736913973600364258e-01 9.558488848429677609e-03 1.934456076467910759e-03 0.000000000000000000e+00
2.150000000000000000e+05 8.600024979822680216e-01 1.160673645880746507e-01 8.719845243513882904e-01 1.092398725534820224e-02 1.024123805188893906e-03 0.000000000000000000e+00
2.175000000000000000e+05 8.700025270285738355e-01 1.408739189804278646e-01 7.258761948111061013e-01 1.272189349112426149e-01 6.030951297223486815e-03 0.000000000000000000e+00
2.200000000000000000e+05 8.800025560748789832e-01 1.404187528447883582e-01 7.155211652253072874e-01 1.374601729631315383e-01 6.599908966772872511e-03 0.000000000000000000e+00
2.225000000000000000e+05 8.900025851211845751e-01 1.445152480655439164e-01 6.927628584433318526e-01 1.560081929904415243e-01 6.713700500682749130e-03 0.000000000000000000e+00
2.250000000000000000e+05 9.000026141674897229e-01 1.291533909877105035e-01 8.372781065088756858e-01 3.220300409649522189e-02 1.365498406918525280e-03 0.000000000000000000e+00
2.275000000000000000e+05 9.100026432137955368e-01 1.288120163859808875e-01 8.352298588984979899e-01 3.470641784251251444e-02 1.251706873008648227e-03 0.000000000000000000e+00
2.300000000000000000e+05 9.200026722601006846e-01 1.294947655894401473e-01 8.326126536185707305e-01 3.607191624943104080e-02 1.820664542558033706e-03 0.000000000000000000e+00
2.325000000000000000e+05 9.300027013064064985e-01 1.330223031406463363e-01 8.190714610832954268e-01 4.676832043695949154e-02 1.137915339098770958e-03 0.000000000000000000e+00
2.350000000000000000e+05 9.400027303527116462e-01 1.355257168866636219e-01 8.148611743286299225e-01 4.893035958124715423e-02 6.827492034592626399e-04 0.000000000000000000e+00
2.375000000000000000e+05 9.500027593990172381e-01 1.384842967683204418e-01 7.966545289030496635e-01 6.360946745562130744e-02 1.251706873008648227e-03 0.000000000000000000e+00
2.400000000000000000e+05 9.600027884453223859e-01 1.392808375056895642e-01 7.966545289030496635e-01 6.269913518434228061e-02 1.365498406918525280e-03 0.000000000000000000e+00
2.425000000000000000e+05 9.700028174916281998e-01 1.449704142011834229e-01 7.503413746017296715e-01 1.025261720527992776e-01 2.162039144287664864e-03 0.000000000000000000e+00
2.450000000000000000e+05 9.800028465379333475e-01 1.376877560309512916e-01 7.760582612653618151e-01 8.545744196631770151e-02 7.965407373691396923e-04 0.000000000000000000e+00
2.475000000000000000e+05 9.900028755842391615e-01 1.395084205735093175e-01 7.787892580791988539e-01 8.056440600819299303e-02 1.137915339098770958e-03 0.000000000000000000e+00
2.500000000000000000e+05 1.000002904630544087e+00 1.447428311333636697e-01 7.718479745106964218e-01 8.272644515248064878e-02 6.827492034592626399e-04 0.000000000000000000e+00
