# itime ezz other fcc hcp bcc ico
0.000000000000000000e+00 0.000000000000000000e+00 9.103322712790168532e-04 9.990896677287209870e-01 0.000000000000000000e+00 0.000000000000000000e+00 0.000000000000000000e+00
3.000000000000000000e+00 1.199966381710826369e-03 1.251706873008648227e-03 9.987482931269913156e-01 0.000000000000000000e+00 0.000000000000000000e+00 0.000000000000000000e+00
6.000000000000000000e+00 2.399932763421652737e-03 1.706873008648156654e-03 9.982931269913518646e-01 0.000000000000000000e+00 0.000000000000000000e+00 0.000000000000000000e+00
9.000000000000000000e+00 3.599899145132257061e-03 1.820664542558033706e-03 9.981793354574419741e-01 0.000000000000000000e+00 0.000000000000000000e+00 0.000000000000000000e+00
1.200000000000000000e+01 4.799865526843083430e-03 1.365498406918525280e-03 9.986345015930814251e-01 0.000000000000000000e+00 0.000000000000000000e+00 0.000000000000000000e+00
1.500000000000000000e+01 5.999831908553909798e-03 3.413746017296313199e-04 9.996586253982703285e-01 0.000000000000000000e+00 0.000000000000000000e+00 0.000000000000000000e+00
1.800000000000000000e+01 7.199798290264736167e-03 1.137915339098771066e-04 9.998862084660901095e-01 0.000000000000000000e+00 0.000000000000000000e+00 0.000000000000000000e+00
2.100000000000000000e+01 8.399764671975340491e-03 3.413746017296313199e-04 9.996586253982703285e-01 0.000000000000000000e+00 0.000000000000000000e+00 0.000000000000000000e+00
2.400000000000000000e+01 9.599731053686166860e-03 1.024123805188893906e-03 9.989758761948110966e-01 0.000000000000000000e+00 0.000000000000000000e+00 0.000000000000000000e+00
2.700000000000000000e+01 1.079969743539699323e-02 1.365498406918525280e-03 9.986345015930814251e-01 0.000000000000000000e+00 0.000000000000000000e+00 0.000000000000000000e+00
3.000000000000000000e+01 1.199966381710781960e-02 1.137915339098770958e-03 9.988620846609012061e-01 0.000000000000000000e+00 0.000000000000000000e+00 0.000000000000000000e+00
3.300000000000000000e+01 1.319963019881842392e-02 1.251706873008648227e-03 9.987482931269913156e-01 0.000000000000000000e+00 0.000000000000000000e+00 0.000000000000000000e+00
3.600000000000000000e+01 1.439959658052925029e-02 1.365498406918525280e-03 9.986345015930814251e-01 0.000000000000000000e+00 0.000000000000000000e+00 0.000000000000000000e+00
3.900000000000000000e+01 1.559956296224007666e-02 1.251706873008648227e-03 9.987482931269913156e-01 0.000000000000000000e+00 0.000000000000000000e+00 0.000000000000000000e+00
4.200000000000000000e+01 1.679952934395090303e-02 5.689576695493854790e-04 9.994310423304506585e-01 0.000000000000000000e+00 0.000000000000000000e+00 0.000000000000000000e+00
4.500000000000000000e+01 1.799949572566150735e-02 3.413746017296313199e-04 9.996586253982703285e-01 0.000000000000000000e+00 0.000000000000000000e+00 0.000000000000000000e+00
4.800000000000000000e+01 1.919946210737233372e-02 6.827492034592626399e-04 9.993172507965407680e-01 0.000000000000000000e+00 0.000000000000000000e+00 0.000000000000000000e+00
5.100000000000000000e+01 2.039942848908316009e-02 1.024123805188893906e-03 9.989758761948110966e-01 0.000000000000000000e+00 0.000000000000000000e+00 0.000000000000000000e+00
5.400000000000000000e+01 2.159939487079398646e-02 1.024123805188893906e-03 9.989758761948110966e-01 0.000000000000000000e+00 0.000000000000000000e+00 0.000000000000000000e+00
5.700000000000000000e+01 2.279936125250459078e-02 1.251706873008648227e-03 9.987482931269913156e-01 0.000000000000000000e+00 0.000000000000000000e+00 0.000000000000000000e+00
6.000000000000000000e+01 2.399932763421541715e-02 1.251706873008648227e-03 9.987482931269913156e-01 0.000000000000000000e+00 0.000000000000000000e+00 0.000000000000000000e+00
6.300000000000000000e+01 2.519929401592624352e-02 1.706873008648156654e-03 9.982931269913518646e-01 0.000000000000000000e+00 0.000000000000000000e+00 0.000000000000000000e+00
6.600000000000000000e+01 2.639926039763706989e-02 2.275830678197541916e-03 9.977241693218024121e-01 0.000000000000000000e+00 0.000000000000000000e+00 0.000000000000000000e+00
6.900000000000000000e+01 2.759922677934789625e-02 2.275830678197541916e-03 9.977241693218024121e-01 0.000000000000000000e+00 0.000000000000000000e+00 0.000000000000000000e+00
7.200000000000000000e+01 2.879919316105850058e-02 2.048247610377787811e-03 9.978379608557123026e-01 0.000000000000000000e+00 1.137915339098771066e-04 0.000000000000000000e+00
7.500000000000000000e+01 2.999915954276932695e-02 1.934456076467910759e-03 9.979517523896221931e-01 0.000000000000000000e+00 1.137915339098771066e-04 0.000000000000000000e+00
7.800000000000000000e+01 3.119912592448015332e-02 2.048247610377787811e-03 9.978379608557123026e-01 0.000000000000000000e+00 1.137915339098771066e-04 0.000000000000000000e+00
8.100000000000000000e+01 3.239909230619097968e-02 2.730996813837050560e-03 9.971552116522530707e-01 0.000000000000000000e+00 1.137915339098771066e-04 0.000000000000000000e+00
8.400000000000000000e+01 3.359905868790158401e-02 2.617205279927173507e-03 9.973827947200728516e-01 0.000000000000000000e+00 0.000000000000000000e+00 0.000000000000000000e+00
8.700000000000000000e+01 3.479902506961241038e-02 3.641329085116067413e-03 9.961310878470641672e-01 0.000000000000000000e+00 2.275830678197542133e-04 0.000000000000000000e+00
9.000000000000000000e+01 3.599899145132323675e-02 3.755120619025944465e-03 9.960172963131542767e-01 0.000000000000000000e+00 2.275830678197542133e-04 0.000000000000000000e+00
9.300000000000000000e+01 3.719895783303406311e-02 4.096495220755575623e-03 9.959035047792443862e-01 0.000000000000000000e+00 0.000000000000000000e+00 0.000000000000000000e+00
9.600000000000000000e+01 3.839892421474466744e-02 6.372325898953117539e-03 9.934000910332271284e-01 0.000000000000000000e+00 2.275830678197542133e-04 0.000000000000000000e+00
9.900000000000000000e+01 3.959889059645549381e-02 7.624032771961766417e-03 9.922621756941283344e-01 0.000000000000000000e+00 1.137915339098771066e-04 0.000000000000000000e+00
1.020000000000000000e+02 4.079885697816632018e-02 8.648156577150659455e-03 9.913518434228493215e-01 0.000000000000000000e+00 0.000000000000000000e+00 0.000000000000000000e+00
1.050000000000000000e+02 4.199882335987714654e-02 8.534365043240782836e-03 9.913518434228493215e-01 0.000000000000000000e+00 1.137915339098771066e-04 0.000000000000000000e+00
1.080000000000000000e+02 4.319878974158775087e-02 7.965407373691398007e-03 9.918070095584888834e-01 0.000000000000000000e+00 2.275830678197542133e-04 0.000000000000000000e+00
1.110000000000000000e+02 4.439875612329857724e-02 7.624032771961766417e-03 9.922621756941283344e-01 0.000000000000000000e+00 1.137915339098771066e-04 0.000000000000000000e+00
1.140000000000000000e+02 4.559872250500940360e-02 7.510241238051888930e-03 9.921483841602184439e-01 0.000000000000000000e+00 3.413746017296313199e-04 0.000000000000000000e+00
1.170000000000000000e+02 4.679868888672022997e-02 9.330905780609922637e-03 9.901001365498406370e-01 0.000000000000000000e+00 5.689576695493854790e-04 0.000000000000000000e+00
1.200000000000000000e+02 4.799865526843083430e-02 1.069640418752844727e-02 9.890760127446518446e-01 0.000000000000000000e+00 2.275830678197542133e-04 0.000000000000000000e+00
1.230000000000000000e+02 4.919862165014166067e-02 1.194811106053709528e-02 9.878243058716431602e-01 0.000000000000000000e+00 2.275830678197542133e-04 0.000000000000000000e+00
1.260000000000000000e+02 5.039858803185248703e-02 1.103777878925807886e-02 9.887346381429221731e-01 0.000000000000000000e+00 2.275830678197542133e-04 0.000000000000000000e+00
1.290000000000000000e+02 5.159855441356331340e-02 1.058261265361857065e-02 9.890760127446518446e-01 0.000000000000000000e+00 3.413746017296313199e-04 0.000000000000000000e+00
1.320000000000000000e+02 5.279852079527391773e-02 1.251706873008648184e-02 9.873691397360035982e-01 0.000000000000000000e+00 1.137915339098771066e-04 0.000000000000000000e+00
1.350000000000000000e+02 5.399848717698474410e-02 1.376877560309512985e-02 9.861174328629950248e-01 0.000000000000000000e+00 1.137915339098771066e-04 0.000000000000000000e+00
1.380000000000000000e+02 5.519845355869557046e-02 1.467910787437414627e-02 9.846381429221665593e-01 0.000000000000000000e+00 6.827492034592626399e-04 0.000000000000000000e+00
1.410000000000000000e+02 5.639841994040639683e-02 1.649977241693217911e-02 9.830450614474283144e-01 0.000000000000000000e+00 4.551661356395084266e-04 0.000000000000000000e+00
1.440000000000000000e+02 5.759838632211722320e-02 1.786527082385070547e-02 9.817933545744196300e-01 0.000000000000000000e+00 3.413746017296313199e-04 0.000000000000000000e+00
1.470000000000000000e+02 5.879835270382782753e-02 1.877560309512972189e-02 9.805416477014110566e-01 0.000000000000000000e+00 6.827492034592626399e-04 0.000000000000000000e+00
1.500000000000000000e+02 5.999831908553865389e-02 2.059626763768775473e-02 9.790623577605825911e-01 0.000000000000000000e+00 3.413746017296313199e-04 0.000000000000000000e+00
1.530000000000000000e+02 6.119828546724948026e-02 2.241693218024579104e-02 9.771279016841146747e-01 0.000000000000000000e+00 4.551661356395084266e-04 0.000000000000000000e+00
1.560000000000000000e+02 6.239825184896030663e-02 2.105143377332726468e-02 9.779244424214837972e-01 0.000000000000000000e+00 1.024123805188893906e-03 0.000000000000000000e+00
1.590000000000000000e+02 6.359821823067091096e-02 1.888939462903959851e-02 9.806554392353209471e-01 0.000000000000000000e+00 4.551661356395084266e-04 0.000000000000000000e+00
1.620000000000000000e+02 6.479818461238173732e-02 2.105143377332726468e-02 9.781520254893035782e-01 0.000000000000000000e+00 7.965407373691396923e-04 0.000000000000000000e+00
1.650000000000000000e+02 6.599815099409256369e-02 2.469276285844333035e-02 9.745106964041875264e-01 0.000000000000000000e+00 7.965407373691396923e-04 0.000000000000000000e+00
1.680000000000000000e+02 6.719811737580339006e-02 3.026854802002730896e-02 9.692762858443332297e-01 0.000000000000000000e+00 4.551661356395084266e-04 0.000000000000000000e+00
1.710000000000000000e+02 6.839808375751399439e-02 3.299954483386435822e-02 9.660901228948566288e-01 0.000000000000000000e+00 9.103322712790168532e-04 0.000000000000000000e+00
1.740000000000000000e+02 6.959805013922482075e-02 3.413746017296313134e-02 9.650659990896677254e-01 0.000000000000000000e+00 7.965407373691396923e-04 0.000000000000000000e+00
1.770000000000000000e+02 7.079801652093564712e-02 3.106508875739644876e-02 9.677969959035047642e-01 0.000000000000000000e+00 1.137915339098770958e-03 0.000000000000000000e+00
1.800000000000000000e+02 7.199798290264647349e-02 3.117888029130632538e-02 9.673418297678653133e-01 0.000000000000000000e+00 1.479289940828402332e-03 0.000000000000000000e+00
1.830000000000000000e+02 7.319794928435707781e-02 3.504779244424215123e-02 9.639280837505689314e-01 0.000000000000000000e+00 1.024123805188893906e-03 0.000000000000000000e+00
1.860000000000000000e+02 7.439791566606790418e-02 3.516158397815202785e-02 9.633591260810195900e-01 0.000000000000000000e+00 1.479289940828402332e-03 0.000000000000000000e+00
1.890000000000000000e+02 7.559788204777873055e-02 4.233045061447428259e-02 9.557350933090578149e-01 0.000000000000000000e+00 1.934456076467910759e-03 0.000000000000000000e+00
1.920000000000000000e+02 7.679784842948955692e-02 4.153390987710514626e-02 9.558488848429677054e-01 0.000000000000000000e+00 2.617205279927173507e-03 0.000000000000000000e+00
1.950000000000000000e+02 7.799781481120016124e-02 4.346836595357305572e-02 9.536868456986800080e-01 0.000000000000000000e+00 2.844788347746927612e-03 0.000000000000000000e+00
1.980000000000000000e+02 7.919778119291098761e-02 4.927173418297678409e-02 9.477696859353663683e-01 0.000000000000000000e+00 2.958579881656804664e-03 0.000000000000000000e+00
2.010000000000000000e+02 8.039774757462181398e-02 5.211652253072371344e-02 9.454938552571688914e-01 0.000000000000000000e+00 2.389622212107419402e-03 0.000000000000000000e+00
2.040000000000000000e+02 8.159771395633264035e-02 5.678197542102867562e-02 9.399180700955849233e-01 0.000000000000000000e+00 3.299954483386436255e-03 0.000000000000000000e+00
2.070000000000000000e+02 8.279768033804346672e-02 6.292671825216203385e-02 9.342284934000910646e-01 0.000000000000000000e+00 2.844788347746927612e-03 0.000000000000000000e+00
2.100000000000000000e+02 8.399764671975407104e-02 6.713700500682749650e-02 9.294492489758762188e-01 0.000000000000000000e+00 3.413746017296313308e-03 0.000000000000000000e+00
2.130000000000000000e+02 8.519761310146489741e-02 8.033682294037323979e-02 9.146563495675921196e-01 0.000000000000000000e+00 5.006827492034592909e-03 0.000000000000000000e+00
2.160000000000000000e+02 8.639757948317572378e-02 8.454710969503868856e-02 9.112426035502958488e-01 0.000000000000000000e+00 4.210286754665453109e-03 0.000000000000000000e+00
2.190000000000000000e+02 8.759754586488655015e-02 8.875739644970413733e-02 9.063495675921711126e-01 0.000000000000000000e+00 4.893035958124715423e-03 0.000000000000000000e+00
2.220000000000000000e+02 8.879751224659715447e-02 9.467455621301774926e-02 9.000910332271279124e-01 0.000000000000000000e+00 5.234410559854347014e-03 0.000000000000000000e+00
2.250000000000000000e+02 8.999747862830798084e-02 9.740555302685480199e-02 8.962221210741920796e-01 0.000000000000000000e+00 6.372325898953117539e-03 0.000000000000000000e+00
2.280000000000000000e+02 9.119744501001880721e-02 1.027537551206190308e-01 8.907601274465180019e-01 0.000000000000000000e+00 6.486117432862995025e-03 0.000000000000000000e+00
2.310000000000000000e+02 9.239741139172963358e-02 1.036640873918980438e-01 8.903049613108784399e-01 0.000000000000000000e+00 6.030951297223486815e-03 0.000000000000000000e+00
2.340000000000000000e+02 9.359737777344023790e-02 1.087847064178425194e-01 8.849567592171142527e-01 0.000000000000000000e+00 6.258534365043240920e-03 0.000000000000000000e+00
2.370000000000000000e+02 9.479734415515106427e-02 1.132225762403277214e-01 8.800637232589895165e-01 0.000000000000000000e+00 6.713700500682749130e-03 0.000000000000000000e+00
2.400000000000000000e+02 9.599731053686189064e-02 1.200500682749203463e-01 8.719845243513882904e-01 0.000000000000000000e+00 7.965407373691398007e-03 0.000000000000000000e+00
2.430000000000000000e+02 9.719727691857271701e-02 1.299499317250796537e-01 8.624260355029585989e-01 0.000000000000000000e+00 7.624032771961766417e-03 0.000000000000000000e+00
2.460000000000000000e+02 9.839724330028332133e-02 1.437187073281747940e-01 8.487710514337732937e-01 0.000000000000000000e+00 7.510241238051888930e-03 0.000000000000000000e+00
2.490000000000000000e+02 9.959720968199414770e-02 1.549840691852526209e-01 8.354574419663176599e-01 0.000000000000000000e+00 9.558488848429677609e-03 0.000000000000000000e+00
2.520000000000000000e+02 1.007971760637049741e-01 1.712562585343650468e-01 8.203231679563040002e-01 0.000000000000000000e+00 8.420573509330906217e-03 0.000000000000000000e+00
2.550000000000000000e+02 1.019971424454158004e-01 1.797906235776058348e-01 8.123577605826126646e-01 0.000000000000000000e+00 7.851615839781519654e-03 0.000000000000000000e+00
2.580000000000000000e+02 1.031971088271264048e-01 1.855939918070095562e-01 8.053026854802002310e-01 0.000000000000000000e+00 9.103322712790167665e-03 0.000000000000000000e+00
2.610000000000000000e+02 1.043970752088372311e-01 1.964041875284478766e-01 7.936959490213928436e-01 0.000000000000000000e+00 9.899863450159307465e-03 0.000000000000000000e+00
2.640000000000000000e+02 1.055970415905480575e-01 2.049385525716886647e-01 7.828857532999544677e-01 0.000000000000000000e+00 1.217569412835685025e-02 0.000000000000000000e+00
2.670000000000000000e+02 1.067970079722588839e-01 2.133591260810195622e-01 7.725307237141556538e-01 0.000000000000000000e+00 1.411015020482476144e-02 0.000000000000000000e+00
2.700000000000000000e+02 1.079969743539694882e-01 2.224624487938097472e-01 7.629722348657259623e-01 0.000000000000000000e+00 1.456531634046426965e-02 0.000000000000000000e+00
2.730000000000000000e+02 1.091969407356803146e-01 2.365725989986345035e-01 7.492034592626308775e-01 0.000000000000000000e+00 1.422394173873463806e-02 0.000000000000000000e+00
2.760000000000000000e+02 1.103969071173911409e-01 2.462448793809740577e-01 7.389622212107419541e-01 0.000000000000000000e+00 1.479289940828402289e-02 0.000000000000000000e+00
2.790000000000000000e+02 1.115968734991019673e-01 2.662721893491124536e-01 7.171142467000455323e-01 0.000000000000000000e+00 1.661356395084205573e-02 0.000000000000000000e+00
2.820000000000000000e+02 1.127968398808127937e-01 2.763996358670914866e-01 7.064178425125170468e-01 0.000000000000000000e+00 1.718252162039144229e-02 0.000000000000000000e+00
2.850000000000000000e+02 1.139968062625233980e-01 2.897132453345471204e-01 6.895766954938552518e-01 0.000000000000000000e+00 2.071005917159763482e-02 0.000000000000000000e+00
2.880000000000000000e+02 1.151967726442342244e-01 3.090578060992262288e-01 6.680700955848885014e-01 0.000000000000000000e+00 2.287209831588529751e-02 0.000000000000000000e+00
2.910000000000000000e+02 1.163967390259450507e-01 3.312471552116522666e-01 6.437187073281748217e-01 0.000000000000000000e+00 2.503413746017296368e-02 0.000000000000000000e+00
2.940000000000000000e+02 1.175967054076558771e-01 3.472917614929449392e-01 6.244879380974055483e-01 0.000000000000000000e+00 2.822030040964952288e-02 0.000000000000000000e+00
2.970000000000000000e+02 1.187966717893664814e-01 3.570778334091943562e-01 6.124260355029585989e-01 0.000000000000000000e+00 3.049613108784706567e-02 0.000000000000000000e+00
3.000000000000000000e+02 1.199966381710773078e-01 3.751706873008648357e-01 5.937642239417387779e-01 0.000000000000000000e+00 3.106508875739644876e-02 0.000000000000000000e+00
3.030000000000000000e+02 1.211966045527881342e-01 3.914428766499772339e-01 5.782885753299954468e-01 0.000000000000000000e+00 3.026854802002730896e-02 0.000000000000000000e+00
3.060000000000000000e+02 1.223965709344989605e-01 4.142011834319526686e-01 5.540509786071916576e-01 0.000000000000000000e+00 3.174783796085571541e-02 0.000000000000000000e+00
3.090000000000000000e+02 1.235965373162095648e-01 4.309285389167045732e-01 5.322030040964952358e-01 2.275830678197542133e-04 3.664087391898043083e-02 0.000000000000000000e+00
3.120000000000000000e+02 1.247965036979203912e-01 4.511834319526626946e-01 5.080791989076012261e-01 2.275830678197542133e-04 4.050978607191624975e-02 0.000000000000000000e+00
3.150000000000000000e+02 1.259964700796312176e-01 4.619936276741010706e-01 4.936276741010469093e-01 3.413746017296313199e-04 4.403732362312243881e-02 0.000000000000000000e+00
3.180000000000000000e+02 1.271964364613420440e-01 4.739417387346381294e-01 4.790623577605825911e-01 2.275830678197542133e-04 4.676832043695949154e-02 0.000000000000000000e+00
3.210000000000000000e+02 1.283964028430526483e-01 4.912380518889394865e-01 4.597177969959034827e-01 4.551661356395084266e-04 4.858898497951752438e-02 0.000000000000000000e+00
3.240000000000000000e+02 1.295963692247634746e-01 5.070550751024124336e-01 4.421939007737824556e-01 5.689576695493854790e-04 5.018206645425580398e-02 0.000000000000000000e+00
3.270000000000000000e+02 1.307963356064743010e-01 5.124032771961766208e-01 4.346836595357305155e-01 9.103322712790168532e-04 5.200273099681383682e-02 0.000000000000000000e+00
3.300000000000000000e+02 1.319963019881851274e-01 5.182066454255803700e-01 4.212562585343650468e-01 1.365498406918525280e-03 5.917159763313609155e-02 0.000000000000000000e+00
3.330000000000000000e+02 1.331962683698957317e-01 5.325443786982249073e-01 4.022530723714155543e-01 1.365498406918525280e-03 6.383705052344106068e-02 0.000000000000000000e+00
3.360000000000000000e+02 1.343962347516065581e-01 5.466545289030496635e-01 3.842740100136549652e-01 1.820664542558033706e-03 6.725079654073737312e-02 0.000000000000000000e+00
3.390000000000000000e+02 1.355962011333173844e-01 5.656577150659990449e-01 3.624260355029585989e-01 2.389622212107419402e-03 6.952662721893490549e-02 0.000000000000000000e+00
3.420000000000000000e+02 1.367961675150282108e-01 5.847746927628584279e-01 3.398953117888028896e-01 2.048247610377787811e-03 7.328174783796086167e-02 0.000000000000000000e+00
3.450000000000000000e+02 1.379961338967390372e-01 6.026399635867091265e-01 3.202093764223941652e-01 1.820664542558033706e-03 7.532999544833864081e-02 0.000000000000000000e+00
3.480000000000000000e+02 1.391961002784496415e-01 6.150432407828857473e-01 3.023441055985434667e-01 3.413746017296313308e-03 7.919890760127445972e-02 0.000000000000000000e+00
3.510000000000000000e+02 1.403960666601604679e-01 6.248293126991352198e-01 2.886891215293582169e-01 3.299954483386436255e-03 8.318161128812016913e-02 0.000000000000000000e+00
3.540000000000000000e+02 1.415960330418712942e-01 6.366636322257623881e-01 2.701411015020482309e-01 3.299954483386436255e-03 8.989531178880291740e-02 0.000000000000000000e+00
3.570000000000000000e+02 1.427959994235821206e-01 6.516841147018661573e-01 2.522758306781975324e-01 3.755120619025944465e-03 9.228493400091032639e-02 0.000000000000000000e+00
3.600000000000000000e+02 1.439959658052927249e-01 6.560081929904415521e-01 2.431725079654073751e-01 4.665452890304961318e-03 9.615384615384615918e-02 0.000000000000000000e+00
3.630000000000000000e+02 1.451959321870035513e-01 6.635184342284934367e-01 2.286071916249431124e-01 5.006827492034592909e-03 1.028675466545289074e-01 0.000000000000000000e+00
3.660000000000000000e+02 1.463958985687143777e-01 6.786527082385070964e-01 2.123350022758306865e-01 4.779244424214838804e-03 1.042330450614474269e-01 0.000000000000000000e+00
3.690000000000000000e+02 1.475958649504252040e-01 6.918525261720528396e-01 1.966317705962676299e-01 6.258534365043240920e-03 1.052571688666363164e-01 0.000000000000000000e+00
3.720000000000000000e+02 1.487958313321358084e-01 6.984524351388257113e-01 1.852526172052799402e-01 6.599908966772872511e-03 1.096950386891215323e-01 0.000000000000000000e+00
3.750000000000000000e+02 1.499957977138466347e-01 7.081247155211651823e-01 1.705735093309057870e-01 7.055075102412380721e-03 1.142467000455166110e-01 0.000000000000000000e+00
3.780000000000000000e+02 1.511957640955574611e-01 7.180245789713245452e-01 1.574874829312699065e-01 8.420573509330906217e-03 1.160673645880746507e-01 0.000000000000000000e+00
3.810000000000000000e+02 1.523957304772682875e-01 7.278106508875740177e-01 1.462221210741920796e-01 8.420573509330906217e-03 1.175466545289030468e-01 0.000000000000000000e+00
3.840000000000000000e+02 1.535956968589788918e-01 7.328174783796085334e-01 1.371187983614019223e-01 9.786071916249430847e-03 1.202776513427400995e-01 0.000000000000000000e+00
3.870000000000000000e+02 1.547956632406897182e-01 7.383932635411925016e-01 1.292671825216203940e-01 1.081019572143832562e-02 1.215293582157487423e-01 0.000000000000000000e+00
3.900000000000000000e+02 1.559956296224005445e-01 7.411242603550295405e-01 1.234638142922166587e-01 1.092398725534820224e-02 1.244879380974055483e-01 0.000000000000000000e+00
3.930000000000000000e+02 1.571955960041113709e-01 7.464724624487938387e-01 1.198224852071005930e-01 1.206190259444697363e-02 1.216431497496586189e-01 0.000000000000000000e+00
3.960000000000000000e+02 1.583955623858219752e-01 7.476103777878926326e-01 1.153846153846153910e-01 1.354119253527537488e-02 1.234638142922166587e-01 0.000000000000000000e+00
3.990000000000000000e+02 1.595955287675328016e-01 7.479517523896221931e-01 1.129949931725079681e-01 1.456531634046426965e-02 1.244879380974055483e-01 0.000000000000000000e+00
4.020000000000000000e+02 1.607954951492436280e-01 7.528447883477469293e-01 1.063950842057350965e-01 1.502048247610377786e-02 1.257396449704142050e-01 0.000000000000000000e+00
4.050000000000000000e+02 1.619954615309544543e-01 7.559171597633136397e-01 9.990896677287210148e-02 1.593081474738279601e-02 1.282430587164314906e-01 0.000000000000000000e+00
4.080000000000000000e+02 1.631954279126650587e-01 7.634274010013655243e-01 9.251251706873007963e-02 1.581702321347291593e-02 1.282430587164314906e-01 0.000000000000000000e+00
4.110000000000000000e+02 1.643953942943758850e-01 7.659308147473827821e-01 8.944014565316341092e-02 1.649977241693217911e-02 1.281292671825216278e-01 0.000000000000000000e+00
4.140000000000000000e+02 1.655953606760867114e-01 7.680928538916704795e-01 8.545744196631770151e-02 1.706873008648156567e-02 1.293809740555302568e-01 0.000000000000000000e+00
4.170000000000000000e+02 1.667953270577975378e-01 7.696859353664087244e-01 8.192990441511151245e-02 1.684114701866181243e-02 1.315430131998179264e-01 0.000000000000000000e+00
4.200000000000000000e+02 1.679952934395083641e-01 7.752617205279926926e-01 7.862994993172507663e-02 1.866181156121984527e-02 1.274465179790623681e-01 0.000000000000000000e+00
4.230000000000000000e+02 1.691952598212189685e-01 7.750341374601729116e-01 7.476103777878925771e-02 2.071005917159763482e-02 1.294947655894401473e-01 0.000000000000000000e+00
4.260000000000000000e+02 1.703952262029297948e-01 7.752617205279926926e-01 7.396449704142012138e-02 2.105143377332726468e-02 1.297223486572599005e-01 0.000000000000000000e+00
4.290000000000000000e+02 1.715951925846406212e-01 7.806099226217569909e-01 6.998179335457442585e-02 2.071005917159763482e-02 1.286982248520709970e-01 0.000000000000000000e+00
4.320000000000000000e+02 1.727951589663514476e-01 7.840236686390532617e-01 6.838871187983613931e-02 2.139280837505689453e-02 1.261948111060537114e-01 0.000000000000000000e+00
4.350000000000000000e+02 1.739951253480620519e-01 7.856167501137915066e-01 6.702321347291761988e-02 2.230314064633591095e-02 1.250568957669549452e-01 0.000000000000000000e+00
4.380000000000000000e+02 1.751950917297728783e-01 7.885753299954483264e-01 6.349567592171143082e-02 2.230314064633591095e-02 1.256258534365043145e-01 0.000000000000000000e+00
4.410000000000000000e+02 1.763950581114837046e-01 7.890304961310878884e-01 6.440600819299044377e-02 2.480655439235321044e-02 1.217569412835685094e-01 0.000000000000000000e+00
4.440000000000000000e+02 1.775950244931945310e-01 7.969959035047792240e-01 5.985434683659535821e-02 2.548930359581247015e-02 1.176604460628129234e-01 0.000000000000000000e+00
4.470000000000000000e+02 1.787949908749051353e-01 7.982476103777879084e-01 5.780609922621757213e-02 2.605826126536185672e-02 1.178880291306326766e-01 0.000000000000000000e+00
4.500000000000000000e+02 1.799949572566159617e-01 8.005234410559853853e-01 5.587164314974965573e-02 2.708238507055074976e-02 1.165225307237141572e-01 0.000000000000000000e+00
4.530000000000000000e+02 1.811949236383267881e-01 8.067819754210286964e-01 5.245789713245334329e-02 2.730996813837050646e-02 1.134501593081474746e-01 0.000000000000000000e+00
4.560000000000000000e+02 1.823948900200376144e-01 8.097405553026855163e-01 4.972690031861629750e-02 2.765134274010013632e-02 1.128812016385980915e-01 0.000000000000000000e+00
4.590000000000000000e+02 1.835948564017482187e-01 8.113336367774237612e-01 4.984069185252617412e-02 2.696859353664087314e-02 1.118570778334091881e-01 0.000000000000000000e+00
4.620000000000000000e+02 1.847948227834590451e-01 8.141784251251706905e-01 4.608557123350022489e-02 2.867546654528902936e-02 1.110605370960400518e-01 0.000000000000000000e+00
4.650000000000000000e+02 1.859947891651698715e-01 8.173645880746472914e-01 4.699590350477924477e-02 3.015475648611743234e-02 1.054847519344560697e-01 0.000000000000000000e+00
4.680000000000000000e+02 1.871947555468806978e-01 8.223714155666818071e-01 4.460628129267182190e-02 2.833409194355939950e-02 1.046882111970869333e-01 0.000000000000000000e+00
4.710000000000000000e+02 1.883947219285913022e-01 8.268092853891670924e-01 4.278561675011378906e-02 2.742375967228038308e-02 1.029813381884387841e-01 0.000000000000000000e+00
4.740000000000000000e+02 1.895946883103021285e-01 8.287437414656350088e-01 4.142011834319526964e-02 2.878925807919890598e-02 1.010468821119708677e-01 0.000000000000000000e+00
4.770000000000000000e+02 1.907946546920129549e-01 8.305644060081930347e-01 4.085116067364587961e-02 2.890304961310878606e-02 9.968138370505234824e-02 0.000000000000000000e+00
4.800000000000000000e+02 1.919946210737237813e-01 8.373918980427855763e-01 3.971324533454710648e-02 2.867546654528902936e-02 9.421939007737824279e-02 0.000000000000000000e+00
4.830000000000000000e+02 1.931945874554346076e-01 8.409194355939918486e-01 3.698224852071006069e-02 2.765134274010013632e-02 9.444697314519799602e-02 0.000000000000000000e+00
4.860000000000000000e+02 1.943945538371452120e-01 8.443331816112881194e-01 3.698224852071006069e-02 2.787892580791988956e-02 9.080564406008193035e-02 0.000000000000000000e+00
4.890000000000000000e+02 1.955945202188560383e-01 8.488848429676831842e-01 3.493400091033227461e-02 2.969959035047792587e-02 8.648156577150660496e-02 0.000000000000000000e+00
4.920000000000000000e+02 1.967944866005668647e-01 8.494538006372326366e-01 3.402366863905325473e-02 3.049613108784706567e-02 8.602639963586708460e-02 0.000000000000000000e+00
4.950000000000000000e+02 1.979944529822776911e-01 8.526399635867091265e-01 3.186162949476559203e-02 3.152025489303595523e-02 8.397815202548930547e-02 0.000000000000000000e+00
4.980000000000000000e+02 1.991944193639882954e-01 8.568502503413746307e-01 3.243058716431497512e-02 2.981338188438780248e-02 8.090578060992262288e-02 0.000000000000000000e+00
5.010000000000000000e+02 2.003943857456991218e-01 8.592398725534819981e-01 3.197542102867546865e-02 3.026854802002730896e-02 7.851615839781520001e-02 0.000000000000000000e+00
5.040000000000000000e+02 2.015943521274099481e-01 8.626536185707783799e-01 2.947200728265816916e-02 2.913063268092853930e-02 7.874374146563495325e-02 0.000000000000000000e+00
5.070000000000000000e+02 2.027943185091207745e-01 8.645880746472462963e-01 3.015475648611743234e-02 3.038233955393718558e-02 7.487482931269913433e-02 0.000000000000000000e+00
5.100000000000000000e+02 2.039942848908313788e-01 8.669776968593536637e-01 2.901684114701866268e-02 3.004096495220755572e-02 7.396449704142012138e-02 0.000000000000000000e+00
5.130000000000000000e+02 2.051942512725422052e-01 8.690259444697314706e-01 2.878925807919890598e-02 2.935821574874829254e-02 7.282658170232134132e-02 0.000000000000000000e+00
5.160000000000000000e+02 2.063942176542530316e-01 8.740327719617660973e-01 2.890304961310878606e-02 3.026854802002730896e-02 6.679563040509786664e-02 0.000000000000000000e+00
5.190000000000000000e+02 2.075941840359638579e-01 8.774465179790623681e-01 2.765134274010013632e-02 2.935821574874829254e-02 6.554392353208920996e-02 0.000000000000000000e+00
5.220000000000000000e+02 2.087941504176744623e-01 8.784706417842512716e-01 2.605826126536185672e-02 3.208921256258534527e-02 6.338188438780155420e-02 0.000000000000000000e+00
5.250000000000000000e+02 2.099941167993852886e-01 8.791533909877105035e-01 2.503413746017296368e-02 3.083750568957669552e-02 6.497496586253982687e-02 0.000000000000000000e+00
5.280000000000000000e+02 2.111940831810961150e-01 8.822257624032772139e-01 2.389622212107419055e-02 3.095129722348657214e-02 6.292671825216203385e-02 0.000000000000000000e+00
5.310000000000000000e+02 2.123940495628069414e-01 8.845015930814746907e-01 2.457897132453345374e-02 3.072371415566681890e-02 6.019572143832498806e-02 0.000000000000000000e+00
5.340000000000000000e+02 2.135940159445175457e-01 8.871187983614019501e-01 2.264451524806554428e-02 2.981338188438780248e-02 6.042330450614474130e-02 0.000000000000000000e+00
5.370000000000000000e+02 2.147939823262283721e-01 8.905325443786982209e-01 2.253072371415566766e-02 2.935821574874829254e-02 5.757851615839781195e-02 0.000000000000000000e+00
5.400000000000000000e+02 2.159939487079391984e-01 8.949704142011833952e-01 2.184797451069640448e-02 2.742375967228038308e-02 5.575785161583977911e-02 0.000000000000000000e+00
5.430000000000000000e+02 2.171939150896500248e-01 8.947428311333637252e-01 2.184797451069640448e-02 2.776513427401001294e-02 5.564406008192990249e-02 0.000000000000000000e+00
5.460000000000000000e+02 2.183938814713606291e-01 8.955393718707328476e-01 2.173418297678652786e-02 2.969959035047792587e-02 5.291306326809285671e-02 1.137915339098771066e-04
5.490000000000000000e+02 2.195938478530714555e-01 8.994082840236686804e-01 2.116522530723714129e-02 3.026854802002730896e-02 4.915794264906690747e-02 0.000000000000000000e+00
5.520000000000000000e+02 2.207938142347822819e-01 9.021392808375057193e-01 2.082385070550751144e-02 3.117888029130632538e-02 4.585798816568047165e-02 0.000000000000000000e+00
5.550000000000000000e+02 2.219937806164931082e-01 9.055530268548019901e-01 1.968593536640873831e-02 2.913063268092853930e-02 4.563040509786071841e-02 0.000000000000000000e+00
5.580000000000000000e+02 2.231937469982039346e-01 9.069185252617205650e-01 1.934456076467910846e-02 3.049613108784706567e-02 4.324078288575330248e-02 0.000000000000000000e+00
5.610000000000000000e+02 2.243937133799145389e-01 9.064633591260810030e-01 1.923076923076923184e-02 3.129267182521620200e-02 4.301319981793354230e-02 0.000000000000000000e+00
5.640000000000000000e+02 2.255936797616253653e-01 9.085116067364588099e-01 1.979972690031861493e-02 3.004096495220755572e-02 4.164770141101502288e-02 0.000000000000000000e+00
5.670000000000000000e+02 2.267936461433361917e-01 9.094219390077378229e-01 2.093764223941738806e-02 2.992717341829767910e-02 3.971324533454710648e-02 0.000000000000000000e+00
5.700000000000000000e+02 2.279936125250470180e-01 9.103322712790168358e-01 1.991351843422849502e-02 2.958579881656804578e-02 4.016841147018661989e-02 0.000000000000000000e+00
5.730000000000000000e+02 2.291935789067576223e-01 9.110150204824760678e-01 2.082385070550751144e-02 2.856167501137915274e-02 3.959945380063722986e-02 0.000000000000000000e+00
5.760000000000000000e+02 2.303935452884684487e-01 9.119253527537550807e-01 2.207555757851615771e-02 2.639963586709149004e-02 3.959945380063722986e-02 0.000000000000000000e+00
5.790000000000000000e+02 2.315935116701792751e-01 9.111288120163859583e-01 2.184797451069640448e-02 2.730996813837050646e-02 3.959945380063722986e-02 1.137915339098771066e-04
5.820000000000000000e+02 2.327934780518901015e-01 9.118115612198451903e-01 2.093764223941738806e-02 2.742375967228038308e-02 3.959945380063722986e-02 2.275830678197542133e-04
5.850000000000000000e+02 2.339934444336007058e-01 9.147701411015020101e-01 2.025489303595812488e-02 2.685480200273099652e-02 3.777878925807919702e-02 3.413746017296313199e-04
5.880000000000000000e+02 2.351934108153115321e-01 9.155666818388711325e-01 2.036868456986800149e-02 2.719617660446062984e-02 3.664087391898043083e-02 2.275830678197542133e-04
5.910000000000000000e+02 2.363933771970223585e-01 9.172735548475193790e-01 2.105143377332726468e-02 2.708238507055074976e-02 3.447883477469276120e-02 1.137915339098771066e-04
5.940000000000000000e+02 2.375933435787331849e-01 9.200045516613564178e-01 1.991351843422849502e-02 2.730996813837050646e-02 3.265817023213472836e-02 1.137915339098771066e-04
5.970000000000000000e+02 2.387933099604437892e-01 9.203459262630859783e-01 1.968593536640873831e-02 2.662721893491124328e-02 3.334091943559399501e-02 0.000000000000000000e+00
6.000000000000000000e+02 2.399932763421546156e-01 9.222803823395538947e-01 1.957214383249886169e-02 2.753755120619025970e-02 3.060992262175694228e-02 0.000000000000000000e+00
6.030000000000000000e+02 2.411932427238654419e-01 9.267182521620391800e-01 1.923076923076923184e-02 2.571688666363222686e-02 2.833409194355939950e-02 0.000000000000000000e+00
6.060000000000000000e+02 2.423932091055762683e-01 9.256941283568502765e-01 1.911697769685935522e-02 2.651342740100136666e-02 2.856167501137915274e-02 1.137915339098771066e-04
6.090000000000000000e+02 2.435931754872868726e-01 9.270596267637687404e-01 1.957214383249886169e-02 2.526172052799271692e-02 2.799271734182976618e-02 1.137915339098771066e-04
6.120000000000000000e+02 2.447931418689976990e-01 9.277423759672280834e-01 2.059626763768775473e-02 2.617205279927173334e-02 2.537551206190259354e-02 1.137915339098771066e-04
6.150000000000000000e+02 2.459931082507085254e-01 9.278561675011378629e-01 1.923076923076923184e-02 2.662721893491124328e-02 2.605826126536185672e-02 2.275830678197542133e-04
6.180000000000000000e+02 2.471930746324193517e-01 9.283113336367774249e-01 1.934456076467910846e-02 2.651342740100136666e-02 2.571688666363222686e-02 1.137915339098771066e-04
6.210000000000000000e+02 2.483930410141301781e-01 9.288802913063267663e-01 1.945835229858898507e-02 2.696859353664087314e-02 2.457897132453345374e-02 1.137915339098771066e-04
6.240000000000000000e+02 2.495930073958407824e-01 9.300182066454255603e-01 1.843422849340009204e-02 2.708238507055074976e-02 2.435138825671370050e-02 1.137915339098771066e-04
6.270000000000000000e+02 2.507929737775516088e-01 9.337733272644515026e-01 1.763768775603095224e-02 2.583067819754210348e-02 2.264451524806554428e-02 1.137915339098771066e-04
6.300000000000000000e+02 2.519929401592624352e-01 9.336595357305416121e-01 1.854802002730996865e-02 2.628584433318160996e-02 2.139280837505689453e-02 1.137915339098771066e-04
6.330000000000000000e+02 2.531929065409732615e-01 9.363905325443786509e-01 1.786527082385070547e-02 2.503413746017296368e-02 2.059626763768775473e-02 1.137915339098771066e-04
6.360000000000000000e+02 2.543928729226838659e-01 9.408284023668639362e-01 1.672735548475193582e-02 2.298588984979517413e-02 1.945835229858898507e-02 0.000000000000000000e+00
6.390000000000000000e+02 2.555928393043946922e-01 9.418525261720528396e-01 1.570323167956303931e-02 2.321347291761493084e-02 1.923076923076923184e-02 0.000000000000000000e+00
6.420000000000000000e+02 2.567928056861055186e-01 9.415111515703231682e-01 1.661356395084205573e-02 2.378243058716431393e-02 1.809285389167045871e-02 0.000000000000000000e+00
6.450000000000000000e+02 2.579927720678163450e-01 9.426490669094219621e-01 1.558944014565316269e-02 2.344105598543468408e-02 1.832043695949021542e-02 0.000000000000000000e+00
6.480000000000000000e+02 2.591927384495269493e-01 9.425352753755120716e-01 1.581702321347291593e-02 2.287209831588529751e-02 1.877560309512972189e-02 0.000000000000000000e+00
6.510000000000000000e+02 2.603927048312377757e-01 9.407146108329540457e-01 1.558944014565316269e-02 2.241693218024579104e-02 2.127901684114701791e-02 0.000000000000000000e+00
6.540000000000000000e+02 2.615926712129486020e-01 9.394629039599453613e-01 1.638598088302230249e-02 2.309968138370505075e-02 2.093764223941738806e-02 1.137915339098771066e-04
6.570000000000000000e+02 2.627926375946594284e-01 9.415111515703231682e-01 1.547564861174328607e-02 2.321347291761493084e-02 1.979972690031861493e-02 0.000000000000000000e+00
6.600000000000000000e+02 2.639926039763700327e-01 9.425352753755120716e-01 1.467910787437414627e-02 2.298588984979517413e-02 1.979972690031861493e-02 0.000000000000000000e+00
6.630000000000000000e+02 2.651925703580808591e-01 9.428766499772417431e-01 1.547564861174328607e-02 2.241693218024579104e-02 1.923076923076923184e-02 0.000000000000000000e+00
6.660000000000000000e+02 2.663925367397916855e-01 9.433318161128811941e-01 1.445152480655439303e-02 2.150659990896677115e-02 2.071005917159763482e-02 0.000000000000000000e+00
6.690000000000000000e+02 2.675925031215025118e-01 9.421939007737824001e-01 1.467910787437414627e-02 2.196176604460628110e-02 2.116522530723714129e-02 0.000000000000000000e+00
6.720000000000000000e+02 2.687924695032131162e-01 9.462903959945380139e-01 1.365498406918525323e-02 2.059626763768775473e-02 1.945835229858898507e-02 0.000000000000000000e+00
6.750000000000000000e+02 2.699924358849239425e-01 9.441283568502503165e-01 1.467910787437414627e-02 2.150659990896677115e-02 1.968593536640873831e-02 0.000000000000000000e+00
6.780000000000000000e+02 2.711924022666347689e-01 9.449248975876194390e-01 1.456531634046426965e-02 2.253072371415566766e-02 1.786527082385070547e-02 1.137915339098771066e-04
6.810000000000000000e+02 2.723923686483455953e-01 9.453800637232590010e-01 1.365498406918525323e-02 2.264451524806554428e-02 1.832043695949021542e-02 0.000000000000000000e+00
