# itime ezz other fcc hcp bcc ico
0.000000000000000000e+00 0.000000000000000000e+00 0.000000000000000000e+00 1.000000000000000000e+00 0.000000000000000000e+00 0.000000000000000000e+00 0.000000000000000000e+00
2.500000000000000000e+03 1.000002754585960218e-02 0.000000000000000000e+00 1.000000000000000000e+00 0.000000000000000000e+00 0.000000000000000000e+00 0.000000000000000000e+00
5.000000000000000000e+03 2.000005509171898233e-02 0.000000000000000000e+00 1.000000000000000000e+00 0.000000000000000000e+00 0.000000000000000000e+00 0.000000000000000000e+00
7.500000000000000000e+03 3.000008263757858451e-02 0.000000000000000000e+00 1.000000000000000000e+00 0.000000000000000000e+00 0.000000000000000000e+00 0.000000000000000000e+00
1.000000000000000000e+04 4.000011018343796465e-02 0.000000000000000000e+00 1.000000000000000000e+00 0.000000000000000000e+00 0.000000000000000000e+00 0.000000000000000000e+00
1.250000000000000000e+04 5.000013772929756684e-02 0.000000000000000000e+00 1.000000000000000000e+00 0.000000000000000000e+00 0.000000000000000000e+00 0.000000000000000000e+00
1.500000000000000000e+04 6.000016527515716902e-02 0.000000000000000000e+00 1.000000000000000000e+00 0.000000000000000000e+00 0.000000000000000000e+00 0.000000000000000000e+00
1.750000000000000000e+04 7.000019282101654916e-02 0.000000000000000000e+00 1.000000000000000000e+00 0.000000000000000000e+00 0.000000000000000000e+00 0.000000000000000000e+00
2.000000000000000000e+04 8.000022036687615135e-02 4.551661356395084266e-04 9.995448338643604380e-01 0.000000000000000000e+00 0.000000000000000000e+00 0.000000000000000000e+00
2.250000000000000000e+04 9.000024791273553149e-02 1.479289940828402332e-03 9.985207100591716456e-01 0.000000000000000000e+00 0.000000000000000000e+00 0.000000000000000000e+00
2.500000000000000000e+04 1.000002754585951337e-01 3.299954483386436255e-03 9.965862539827037292e-01 0.000000000000000000e+00 1.137915339098771066e-04 0.000000000000000000e+00
2.750000000000000000e+04 1.100003030044547359e-01 3.561675011379153433e-02 9.302457897132453413e-01 0.000000000000000000e+00 3.413746017296313134e-02 0.000000000000000000e+00
3.000000000000000000e+04 1.200003305503141160e-01 6.338188438780155420e-02 7.881201638598088755e-01 1.471324533454710926e-01 1.365498406918525280e-03 0.000000000000000000e+00
3.250000000000000000e+04 1.300003580961737182e-01 5.211652253072371344e-02 7.960855712335002110e-01 1.500910332271279124e-01 1.706873008648156654e-03 0.000000000000000000e+00
3.500000000000000000e+04 1.400003856420330983e-01 5.075102412380518707e-02 7.969959035047792240e-01 1.498634501593081592e-01 2.389622212107419402e-03 0.000000000000000000e+00
3.750000000000000000e+04 1.500004131878927005e-01 5.166135639508420696e-02 7.944924897587619661e-01 1.504324078288575284e-01 3.413746017296313308e-03 0.000000000000000000e+00
4.000000000000000000e+04 1.600004407337523027e-01 5.336822940373236318e-02 7.909649522075558048e-01 1.524806554392353075e-01 3.186162949476558769e-03 0.000000000000000000e+00
4.250000000000000000e+04 1.700004682796116828e-01 5.826126536185707860e-02 7.817478379608556738e-01 1.568047337278106468e-01 3.186162949476558769e-03 0.000000000000000000e+00
4.500000000000000000e+04 1.800004958254712850e-01 7.737824305871643382e-02 7.571688666363222131e-01 1.632908511606736557e-01 2.162039144287664864e-03 0.000000000000000000e+00
4.750000000000000000e+04 1.900005233713306652e-01 5.484751934456076616e-02 7.908511606736459143e-01 1.527082385070550885e-01 1.593081474738279385e-03 0.000000000000000000e+00
5.000000000000000000e+04 2.000005509171902673e-01 6.008192990441511144e-02 7.823167956304051263e-01 1.556668183887118806e-01 1.934456076467910759e-03 0.000000000000000000e+00
5.250000000000000000e+04 2.100005784630496475e-01 6.645425580336822291e-02 7.752617205279926926e-01 1.564633591260810308e-01 1.820664542558033706e-03 0.000000000000000000e+00
5.500000000000000000e+04 2.200006060089092497e-01 6.133363677742376119e-02 7.819754210286754548e-01 1.548702776513427304e-01 1.820664542558033706e-03 0.000000000000000000e+00
5.750000000000000000e+04 2.300006335547688519e-01 5.393718707328174627e-02 7.886891215293582169e-01 1.546426945835229771e-01 2.730996813837050560e-03 0.000000000000000000e+00
6.000000000000000000e+04 2.400006611006282320e-01 5.348202093764223980e-02 7.911925352753754748e-01 1.533909877105143482e-01 1.934456076467910759e-03 0.000000000000000000e+00
6.250000000000000000e+04 2.500006886464878342e-01 5.746472462448793533e-02 7.867546654528903005e-01 1.539599453800637174e-01 1.820664542558033706e-03 0.000000000000000000e+00
6.500000000000000000e+04 2.600007161923472143e-01 6.975421028675465873e-02 7.527309968138370389e-01 1.766044606281292617e-01 9.103322712790168532e-04 0.000000000000000000e+00
6.750000000000000000e+04 2.700007437382068165e-01 6.713700500682749650e-02 7.536413290851160518e-01 1.774010013654984119e-01 1.820664542558033706e-03 0.000000000000000000e+00
7.000000000000000000e+04 2.800007712840664187e-01 8.090578060992262288e-02 7.212107419208011461e-01 1.964041875284478766e-01 1.479289940828402332e-03 0.000000000000000000e+00
7.250000000000000000e+04 2.900007988299257988e-01 7.407828857532999800e-02 7.240555302685480754e-01 1.989076012744651900e-01 2.958579881656804664e-03 0.000000000000000000e+00
7.500000000000000000e+04 3.000008263757854010e-01 7.817478379608557015e-02 7.214383249886208160e-01 1.981110605370960398e-01 2.275830678197541916e-03 0.000000000000000000e+00
7.750000000000000000e+04 3.100008539216447812e-01 8.158852981338188259e-02 7.159763313609467383e-01 2.000455166135639562e-01 2.389622212107419402e-03 0.000000000000000000e+00
8.000000000000000000e+04 3.200008814675043833e-01 9.319526627218935322e-02 6.978834774692762588e-01 2.035730541647701453e-01 5.348202093764223633e-03 0.000000000000000000e+00
8.250000000000000000e+04 3.300009090133639855e-01 1.286982248520709970e-01 6.379153390987710726e-01 2.282658170232134687e-01 5.120619025944469528e-03 0.000000000000000000e+00
8.500000000000000000e+04 3.400009365592233657e-01 1.109467455621301751e-01 6.959490213928083424e-01 1.876422394173873354e-01 5.461993627674101119e-03 0.000000000000000000e+00
8.750000000000000000e+04 3.500009641050829678e-01 1.111743286299499284e-01 6.981110605370960398e-01 1.858215748748293095e-01 4.893035958124715423e-03 0.000000000000000000e+00
9.000000000000000000e+04 3.600009916509423480e-01 1.111743286299499284e-01 6.995903504779243942e-01 1.834319526627218866e-01 5.803368229403732710e-03 0.000000000000000000e+00
9.250000000000000000e+04 3.700010191968019502e-01 1.232362312243969055e-01 6.964041875284479044e-01 1.753527537551206328e-01 5.006827492034592909e-03 0.000000000000000000e+00
9.500000000000000000e+04 3.800010467426615524e-01 1.201638598088302229e-01 7.295175238962221531e-01 1.475876194811105990e-01 2.730996813837050560e-03 0.000000000000000000e+00
9.750000000000000000e+04 3.900010742885211545e-01 9.012289485662267063e-02 7.771961766044606090e-01 1.310878470641784199e-01 1.593081474738279385e-03 0.000000000000000000e+00
1.000000000000000000e+05 4.000011018343803126e-01 9.433318161128811941e-02 7.725307237141556538e-01 1.321119708693673234e-01 1.024123805188893906e-03 0.000000000000000000e+00
1.025000000000000000e+05 4.100011293802401369e-01 9.262630860263997012e-02 7.725307237141556538e-01 1.329085116067364458e-01 1.934456076467910759e-03 0.000000000000000000e+00
1.050000000000000000e+05 4.200011569260992950e-01 8.500227583067819503e-02 7.767410104688211581e-01 1.348429676832043622e-01 3.413746017296313308e-03 0.000000000000000000e+00
1.075000000000000000e+05 4.300011844719591192e-01 9.376422394173873631e-02 7.715065999089667503e-01 1.323395539371870766e-01 2.389622212107419402e-03 0.000000000000000000e+00
1.100000000000000000e+05 4.400012120178182773e-01 1.078743741465634925e-01 7.509103322712790130e-01 1.372325898953117851e-01 3.982703686845699004e-03 0.000000000000000000e+00
1.125000000000000000e+05 4.500012395636781015e-01 1.114019116977696816e-01 7.348657259899863403e-01 1.495220755575785154e-01 4.210286754665453109e-03 0.000000000000000000e+00
1.150000000000000000e+05 4.600012671095374817e-01 1.103777878925807920e-01 7.279244424214837972e-01 1.564633591260810308e-01 5.234410559854347014e-03 0.000000000000000000e+00
1.175000000000000000e+05 4.700012946553973059e-01 1.152708238507055144e-01 7.203004096495220221e-01 1.577150659990896597e-01 6.713700500682749130e-03 0.000000000000000000e+00
1.200000000000000000e+05 4.800013222012564640e-01 1.251706873008648080e-01 6.667045971779699265e-01 2.005006827492034627e-01 7.624032771961766417e-03 0.000000000000000000e+00
1.225000000000000000e+05 4.900013497471162882e-01 1.250568957669549452e-01 6.434911242603550408e-01 2.242831133363677731e-01 7.168866636322257339e-03 0.000000000000000000e+00
1.250000000000000000e+05 5.000013772929754463e-01 1.289258079198907503e-01 6.392808375056895365e-01 2.251934456076467861e-01 6.599908966772872511e-03 0.000000000000000000e+00
1.275000000000000000e+05 5.100014048388352705e-01 1.292671825216203940e-01 6.403049613108784399e-01 2.240555302685480199e-01 6.372325898953117539e-03 0.000000000000000000e+00
1.300000000000000000e+05 5.200014323846944286e-01 1.327947200728265831e-01 7.144970414201183839e-01 1.434911242603550408e-01 9.217114246700046018e-03 0.000000000000000000e+00
1.325000000000000000e+05 5.300014599305542529e-01 1.495220755575785154e-01 6.711424670004552118e-01 1.719390077378243065e-01 7.396449704142011444e-03 0.000000000000000000e+00
1.350000000000000000e+05 5.400014874764134110e-01 1.507737824305871721e-01 6.706873008648156498e-01 1.726217569412835662e-01 5.917159763313609329e-03 0.000000000000000000e+00
1.375000000000000000e+05 5.500015150222732352e-01 1.619253527537551085e-01 6.862767410104688715e-01 1.463359126081019701e-01 5.461993627674101119e-03 0.000000000000000000e+00
1.400000000000000000e+05 5.600015425681326153e-01 1.642011834319526686e-01 7.104005461993627701e-01 1.175466545289030468e-01 7.851615839781519654e-03 0.000000000000000000e+00
1.425000000000000000e+05 5.700015701139924396e-01 1.432635411925352875e-01 7.291761492944924816e-01 1.231224396904870289e-01 4.437869822485207214e-03 0.000000000000000000e+00
1.450000000000000000e+05 5.800015976598515977e-01 1.407601274465179741e-01 6.908284023668639362e-01 1.624943104233045055e-01 5.917159763313609329e-03 0.000000000000000000e+00
1.475000000000000000e+05 5.900016252057114219e-01 1.431497496586253970e-01 6.869594902139281034e-01 1.648839326354119283e-01 5.006827492034592909e-03 0.000000000000000000e+00
1.500000000000000000e+05 6.000016527515708020e-01 1.513427401001365413e-01 6.720527992717342247e-01 1.725079654073737034e-01 4.096495220755575623e-03 0.000000000000000000e+00
1.525000000000000000e+05 6.100016802974304042e-01 1.447428311333636697e-01 6.791078743741465473e-01 1.713700500682749095e-01 4.779244424214838804e-03 0.000000000000000000e+00
1.550000000000000000e+05 6.200017078432900064e-01 1.396222121074192080e-01 6.846836595357305155e-01 1.706873008648156498e-01 5.006827492034592909e-03 0.000000000000000000e+00
1.575000000000000000e+05 6.300017353891493865e-01 1.562357760582612776e-01 6.434911242603550408e-01 1.949248975876194945e-01 5.348202093764223633e-03 0.000000000000000000e+00
1.600000000000000000e+05 6.400017629350089887e-01 1.677287209831588577e-01 6.025261720527992360e-01 2.205279927173418308e-01 9.217114246700046018e-03 0.000000000000000000e+00
1.625000000000000000e+05 6.500017904808683689e-01 1.715976331360946627e-01 5.963814292216659263e-01 2.256486117432862926e-01 6.372325898953117539e-03 0.000000000000000000e+00
1.650000000000000000e+05 6.600018180267279710e-01 1.759217114246700020e-01 5.867091488393263443e-01 2.307692307692307820e-01 6.599908966772872511e-03 0.000000000000000000e+00
1.675000000000000000e+05 6.700018455725875732e-01 1.796768320436959443e-01 5.886436049157942607e-01 2.264451524806554428e-01 5.234410559854347014e-03 0.000000000000000000e+00
1.700000000000000000e+05 6.800018731184469534e-01 1.928766499772416876e-01 5.703231679563040002e-01 2.280382339553937154e-01 8.761948111060537808e-03 0.000000000000000000e+00
1.725000000000000000e+05 6.900019006643065556e-01 1.718252162039144160e-01 6.160673645880746507e-01 2.022075557578516258e-01 9.899863450159307465e-03 0.000000000000000000e+00
1.750000000000000000e+05 7.000019282101657137e-01 1.506599908966772816e-01 6.789940828402366568e-01 1.639736003641329154e-01 6.372325898953117539e-03 0.000000000000000000e+00
1.775000000000000000e+05 7.100019557560255379e-01 1.505461993627674189e-01 6.927628584433318526e-01 1.521392808375056915e-01 4.551661356395083832e-03 0.000000000000000000e+00
1.800000000000000000e+05 7.200019833018846960e-01 1.408739189804278646e-01 7.008420573509330787e-01 1.540737369139736079e-01 4.210286754665453109e-03 0.000000000000000000e+00
1.825000000000000000e+05 7.300020108477445202e-01 1.442876649977241632e-01 6.959490213928083424e-01 1.554392353208921274e-01 4.324078288575329727e-03 0.000000000000000000e+00
1.850000000000000000e+05 7.400020383936036783e-01 1.474738279472007363e-01 7.659308147473827821e-01 8.124715521165225274e-02 5.348202093764223633e-03 0.000000000000000000e+00
1.875000000000000000e+05 7.500020659394635025e-01 1.424670004551661373e-01 8.080336822940372699e-01 4.517523896222121194e-02 4.324078288575329727e-03 0.000000000000000000e+00
1.900000000000000000e+05 7.600020934853228827e-01 1.405325443786982209e-01 8.071233500227582569e-01 4.824761037778789452e-02 4.096495220755575623e-03 0.000000000000000000e+00
1.925000000000000000e+05 7.700021210311824849e-01 1.492944924897587622e-01 7.583067819754210070e-01 8.944014565316341092e-02 2.958579881656804664e-03 0.000000000000000000e+00
1.950000000000000000e+05 7.800021485770418650e-01 1.503186162949476656e-01 7.585343650432407880e-01 8.784706417842512438e-02 3.299954483386436255e-03 0.000000000000000000e+00
1.975000000000000000e+05 7.900021761229016892e-01 1.482703686845698587e-01 7.571688666363222131e-01 8.966772872098316416e-02 4.893035958124715423e-03 0.000000000000000000e+00
2.000000000000000000e+05 8.000022036687608473e-01 1.532771961766044577e-01 7.395311788802912956e-01 1.013882567137004975e-01 5.803368229403732710e-03 0.000000000000000000e+00
2.025000000000000000e+05 8.100022312146206716e-01 1.605598543468365891e-01 7.084660901228948537e-01 1.271051433773327244e-01 3.868912152935821518e-03 0.000000000000000000e+00
2.050000000000000000e+05 8.200022587604798296e-01 1.621529358215748617e-01 7.011834319526627501e-01 1.337050523441055960e-01 2.958579881656804664e-03 0.000000000000000000e+00
2.075000000000000000e+05 8.300022863063396539e-01 1.686390532544378706e-01 6.910559854346836062e-01 1.357532999544833752e-01 4.551661356395083832e-03 0.000000000000000000e+00
2.100000000000000000e+05 8.400023138521988120e-01 1.734182976786527164e-01 7.019799726900318726e-01 1.206190259444697294e-01 3.982703686845699004e-03 0.000000000000000000e+00
2.125000000000000000e+05 8.500023413980586362e-01 1.428083750568957533e-01 7.721893491124259823e-01 8.397815202548930547e-02 1.024123805188893906e-03 0.000000000000000000e+00
2.150000000000000000e+05 8.600023689439177943e-01 1.464497041420118328e-01 7.682066454255803700e-01 8.375056895766955223e-02 1.593081474738279385e-03 0.000000000000000000e+00
2.175000000000000000e+05 8.700023964897776185e-01 1.390532544378698110e-01 8.365953573054164538e-01 2.116522530723714129e-02 3.186162949476558769e-03 0.000000000000000000e+00
2.200000000000000000e+05 8.800024240356369987e-01 1.332498862084660896e-01 8.420573509330905315e-01 2.207555757851615771e-02 2.617205279927173507e-03 0.000000000000000000e+00
2.225000000000000000e+05 8.900024515814968229e-01 1.332498862084660896e-01 8.419435593991807520e-01 2.207555757851615771e-02 2.730996813837050560e-03 0.000000000000000000e+00
2.250000000000000000e+05 9.000024791273559810e-01 1.315430131998179264e-01 8.441055985434683384e-01 2.116522530723714129e-02 3.186162949476558769e-03 0.000000000000000000e+00
2.275000000000000000e+05 9.100025066732158052e-01 1.334774692762858428e-01 8.395539371870732737e-01 2.366863905325443732e-02 3.299954483386436255e-03 0.000000000000000000e+00
2.300000000000000000e+05 9.200025342190749633e-01 1.375739644970414288e-01 8.393263541192534927e-01 2.071005917159763482e-02 2.389622212107419402e-03 0.000000000000000000e+00
2.325000000000000000e+05 9.300025617649347875e-01 1.343878015475648557e-01 8.369367319071461253e-01 2.639963586709149004e-02 2.275830678197541916e-03 0.000000000000000000e+00
2.350000000000000000e+05 9.400025893107939456e-01 1.342740100136549930e-01 8.363677742375966728e-01 2.708238507055074976e-02 2.275830678197541916e-03 0.000000000000000000e+00
2.375000000000000000e+05 9.500026168566537699e-01 1.366636322257624159e-01 8.332954028220300735e-01 2.799271734182976618e-02 2.048247610377787811e-03 0.000000000000000000e+00
2.400000000000000000e+05 9.600026444025129280e-01 1.368912152935821691e-01 8.359126081019572219e-01 2.662721893491124328e-02 5.689576695493854790e-04 0.000000000000000000e+00
2.425000000000000000e+05 9.700026719483727522e-01 1.499772416932180219e-01 7.526172052799271484e-01 9.547109695038688559e-02 1.934456076467910759e-03 0.000000000000000000e+00
2.450000000000000000e+05 9.800026994942321323e-01 1.332498862084660896e-01 8.148611743286299225e-01 5.097860719162494031e-02 9.103322712790168532e-04 0.000000000000000000e+00
2.475000000000000000e+05 9.900027270400919566e-01 1.337050523441055960e-01 8.147473827947200320e-01 5.018206645425580398e-02 1.365498406918525280e-03 0.000000000000000000e+00
2.500000000000000000e+05 1.000002754585950893e+00 1.348429676832043622e-01 8.199817933545744397e-01 4.380974055530268557e-02 1.365498406918525280e-03 0.000000000000000000e+00
