# itime ezz other fcc hcp bcc ico
0.000000000000000000e+00 0.000000000000000000e+00 0.000000000000000000e+00 1.000000000000000000e+00 0.000000000000000000e+00 0.000000000000000000e+00 0.000000000000000000e+00
2.500000000000000000e+03 9.999995813370965436e-03 0.000000000000000000e+00 1.000000000000000000e+00 0.000000000000000000e+00 0.000000000000000000e+00 0.000000000000000000e+00
5.000000000000000000e+03 1.999999162674170883e-02 0.000000000000000000e+00 1.000000000000000000e+00 0.000000000000000000e+00 0.000000000000000000e+00 0.000000000000000000e+00
7.500000000000000000e+03 2.999998744011267426e-02 0.000000000000000000e+00 1.000000000000000000e+00 0.000000000000000000e+00 0.000000000000000000e+00 0.000000000000000000e+00
1.000000000000000000e+04 3.999998325348363970e-02 0.000000000000000000e+00 1.000000000000000000e+00 0.000000000000000000e+00 0.000000000000000000e+00 0.000000000000000000e+00
1.250000000000000000e+04 4.999997906685460514e-02 0.000000000000000000e+00 1.000000000000000000e+00 0.000000000000000000e+00 0.000000000000000000e+00 0.000000000000000000e+00
1.500000000000000000e+04 5.999997488022534853e-02 0.000000000000000000e+00 1.000000000000000000e+00 0.000000000000000000e+00 0.000000000000000000e+00 0.000000000000000000e+00
1.750000000000000000e+04 6.999997069359631396e-02 1.024123805188893906e-03 9.989758761948110966e-01 0.000000000000000000e+00 0.000000000000000000e+00 0.000000000000000000e+00
2.000000000000000000e+04 7.999996650696727940e-02 3.413746017296313199e-04 9.996586253982703285e-01 0.000000000000000000e+00 0.000000000000000000e+00 0.000000000000000000e+00
2.250000000000000000e+04 8.999996232033824484e-02 1.137915339098770958e-03 9.987482931269913156e-01 0.000000000000000000e+00 1.137915339098771066e-04 0.000000000000000000e+00
2.500000000000000000e+04 9.999995813370898823e-02 4.210286754665453109e-03 9.954483386436049352e-01 0.000000000000000000e+00 3.413746017296313199e-04 0.000000000000000000e+00
2.750000000000000000e+04 1.099999539470799537e-01 1.627218934911242587e-02 9.807692307692307265e-01 0.000000000000000000e+00 2.958579881656804664e-03 0.000000000000000000e+00
3.000000000000000000e+04 1.199999497604509191e-01 2.418070095584888557e-01 3.190714610832954268e-01 3.962221210741920796e-01 4.289940828402366568e-02 0.000000000000000000e+00
3.250000000000000000e+04 1.299999455738218845e-01 2.495448338643604935e-01 3.120163859808830487e-01 3.975876194811105990e-01 4.085116067364587961e-02 0.000000000000000000e+00
3.500000000000000000e+04 1.399999413871926279e-01 2.820892125625853453e-01 2.891442876649977234e-01 3.932635411925352598e-01 3.550295857988165771e-02 0.000000000000000000e+00
3.750000000000000000e+04 1.499999372005635934e-01 2.898270368684570109e-01 2.933545744196631722e-01 3.911015020482476179e-01 2.571688666363222686e-02 0.000000000000000000e+00
4.000000000000000000e+04 1.599999330139345588e-01 2.988165680473373054e-01 2.878925807919890945e-01 3.866636322257623881e-01 2.662721893491124328e-02 0.000000000000000000e+00
4.250000000000000000e+04 1.699999288273055242e-01 2.837960855712334807e-01 3.401228948566226706e-01 3.458124715521165293e-01 3.026854802002730896e-02 0.000000000000000000e+00
4.500000000000000000e+04 1.799999246406762676e-01 2.867546654528903005e-01 3.350022758306782089e-01 3.535502958579881394e-01 2.469276285844333035e-02 0.000000000000000000e+00
4.750000000000000000e+04 1.899999204540472331e-01 2.862994993172507940e-01 3.356850250341374409e-01 3.563950842057350687e-01 2.162039144287665124e-02 0.000000000000000000e+00
5.000000000000000000e+04 1.999999162674181985e-01 2.740100136549840637e-01 3.426263086026399840e-01 3.657259899863450348e-01 1.763768775603095224e-02 0.000000000000000000e+00
5.250000000000000000e+04 2.099999120807891639e-01 2.806099226217569353e-01 3.373918980427856318e-01 3.654984069185252538e-01 1.649977241693217911e-02 0.000000000000000000e+00
5.500000000000000000e+04 2.199999078941599073e-01 2.828857532999544677e-01 3.346609012289485929e-01 3.645880746472462408e-01 1.786527082385070547e-02 0.000000000000000000e+00
5.750000000000000000e+04 2.299999037075308728e-01 2.884615384615384359e-01 3.326126536185707860e-01 3.637915339098771184e-01 1.513427401001365448e-02 0.000000000000000000e+00
6.000000000000000000e+04 2.399998995209018382e-01 3.032544378698224796e-01 3.392125625853436577e-01 3.408056440600819026e-01 1.672735548475193582e-02 0.000000000000000000e+00
6.250000000000000000e+04 2.499998953342728036e-01 2.985889849795175244e-01 3.637915339098771184e-01 3.212335002275830687e-01 1.638598088302230249e-02 0.000000000000000000e+00
6.500000000000000000e+04 2.599998911476435470e-01 2.921028675466545432e-01 4.244424214838415921e-01 2.711652253072371344e-01 1.228948566226672687e-02 0.000000000000000000e+00
6.750000000000000000e+04 2.699998869610145125e-01 2.831133363677742487e-01 4.398042785616750328e-01 2.659308147473827821e-01 1.115157032316795548e-02 0.000000000000000000e+00
7.000000000000000000e+04 2.799998827743854779e-01 2.916477014110150368e-01 4.398042785616750328e-01 2.592171142467000200e-01 9.330905780609922637e-03 0.000000000000000000e+00
7.250000000000000000e+04 2.899998785877564433e-01 2.795857988165680319e-01 4.567592171142467183e-01 2.560309512972234747e-01 7.624032771961766417e-03 0.000000000000000000e+00
7.500000000000000000e+04 2.999998744011271867e-01 2.832271279016841392e-01 4.552799271734183084e-01 2.502275830678197810e-01 1.126536185707783383e-02 0.000000000000000000e+00
7.750000000000000000e+04 3.099998702144981522e-01 2.921028675466545432e-01 4.474283113336367523e-01 2.545516613563950648e-01 5.917159763313609329e-03 0.000000000000000000e+00
8.000000000000000000e+04 3.199998660278691176e-01 3.149749658625398130e-01 4.767865270823850588e-01 1.997041420118343125e-01 8.534365043240782836e-03 0.000000000000000000e+00
8.250000000000000000e+04 3.299998618412398610e-01 3.149749658625398130e-01 4.747382794720073074e-01 2.008420573509330787e-01 9.444697314519799256e-03 0.000000000000000000e+00
8.500000000000000000e+04 3.399998576546108264e-01 3.169094219390077294e-01 4.798588984979517691e-01 1.937869822485207005e-01 9.444697314519799256e-03 0.000000000000000000e+00
8.750000000000000000e+04 3.499998534679817919e-01 3.120163859808830487e-01 4.945380063723259223e-01 1.860491579426490627e-01 7.396449704142011444e-03 0.000000000000000000e+00
9.000000000000000000e+04 3.599998492813527573e-01 2.059626763768775681e-01 6.294947655894401750e-01 1.581702321347291662e-01 6.372325898953117539e-03 0.000000000000000000e+00
9.250000000000000000e+04 3.699998450947235007e-01 1.685252617205279801e-01 6.712562585343649912e-01 1.552116522530723741e-01 5.006827492034592909e-03 0.000000000000000000e+00
9.500000000000000000e+04 3.799998409080944661e-01 1.775147928994082747e-01 6.345015930814746907e-01 1.842284934000910368e-01 3.755120619025944465e-03 0.000000000000000000e+00
9.750000000000000000e+04 3.899998367214654316e-01 1.613563950842057393e-01 6.968593536640873554e-01 1.384842967683204418e-01 3.299954483386436255e-03 0.000000000000000000e+00
1.000000000000000000e+05 3.999998325348361750e-01 1.464497041420118328e-01 7.212107419208011461e-01 1.299499317250796537e-01 2.389622212107419402e-03 0.000000000000000000e+00
1.025000000000000000e+05 4.099998283482071404e-01 1.455393718707328199e-01 7.133591260810195900e-01 1.373463814292216756e-01 3.755120619025944465e-03 0.000000000000000000e+00
1.050000000000000000e+05 4.199998241615783279e-01 1.478152025489303523e-01 7.074419663177059503e-01 1.411015020482476179e-01 3.641329085116067413e-03 0.000000000000000000e+00
1.075000000000000000e+05 4.299998199749490713e-01 1.593081474738279601e-01 6.779699590350477534e-01 1.574874829312699065e-01 5.234410559854347014e-03 0.000000000000000000e+00
1.100000000000000000e+05 4.399998157883198147e-01 1.628356850250341492e-01 6.375739644970414011e-01 1.966317705962676299e-01 2.958579881656804664e-03 0.000000000000000000e+00
1.125000000000000000e+05 4.499998116016907801e-01 1.646563495675921751e-01 6.338188438780154588e-01 1.989076012744651900e-01 2.617205279927173507e-03 0.000000000000000000e+00
1.150000000000000000e+05 4.599998074150619676e-01 1.612426035502958488e-01 6.395084205735093175e-01 1.972007282658170269e-01 2.048247610377787811e-03 0.000000000000000000e+00
1.175000000000000000e+05 4.699998032284327110e-01 1.654528903049612976e-01 6.225534820209376319e-01 2.083522985889849910e-01 3.641329085116067413e-03 0.000000000000000000e+00
1.200000000000000000e+05 4.799997990418034544e-01 1.616977696859353553e-01 6.593081474738279324e-01 1.705735093309057870e-01 8.420573509330906217e-03 0.000000000000000000e+00
1.225000000000000000e+05 4.899997948551744198e-01 1.838871187983613931e-01 6.388256713700500855e-01 1.713700500682749095e-01 5.917159763313609329e-03 0.000000000000000000e+00
1.250000000000000000e+05 4.999997906685456073e-01 1.783113336367774249e-01 6.417842512517069054e-01 1.730769230769230727e-01 6.827492034592626616e-03 0.000000000000000000e+00
1.275000000000000000e+05 5.099997864819163507e-01 1.836595357305416398e-01 6.322257624032772139e-01 1.793354574419663283e-01 4.779244424214838804e-03 0.000000000000000000e+00
1.300000000000000000e+05 5.199997822952870941e-01 1.916249431042330587e-01 5.920573509330905315e-01 2.123350022758306865e-01 3.982703686845699004e-03 0.000000000000000000e+00
1.325000000000000000e+05 5.299997781086580595e-01 1.919663177059626746e-01 5.831816112881201830e-01 2.203004096495220776e-01 4.551661356395083832e-03 0.000000000000000000e+00
1.350000000000000000e+05 5.399997739220292470e-01 2.105143377332726329e-01 5.531406463359126446e-01 2.312243969048702885e-01 5.120619025944469528e-03 0.000000000000000000e+00
1.375000000000000000e+05 5.499997697353999904e-01 2.166590805644059980e-01 5.502958579881657153e-01 2.256486117432862926e-01 7.396449704142011444e-03 0.000000000000000000e+00
1.400000000000000000e+05 5.599997655487707338e-01 2.177969959035047920e-01 5.513199817933546187e-01 2.255348202093764298e-01 5.348202093764223633e-03 0.000000000000000000e+00
1.425000000000000000e+05 5.699997613621416992e-01 2.137005006827492060e-01 5.626991351843423361e-01 2.188211197086936677e-01 4.779244424214838804e-03 0.000000000000000000e+00
1.450000000000000000e+05 5.799997571755128867e-01 2.101729631315430169e-01 5.667956304050978389e-01 2.172280382339553950e-01 5.803368229403732710e-03 0.000000000000000000e+00
1.475000000000000000e+05 5.899997529888836301e-01 1.915111515703231682e-01 6.516841147018661573e-01 1.547564861174328676e-01 2.048247610377787811e-03 0.000000000000000000e+00
1.500000000000000000e+05 5.999997488022543735e-01 1.804733727810650945e-01 6.742148384160218111e-01 1.417842512517068776e-01 3.527537551206190360e-03 0.000000000000000000e+00
1.525000000000000000e+05 6.099997446156253389e-01 1.803595812471552040e-01 6.753527537551206050e-01 1.403049613108784677e-01 3.982703686845699004e-03 0.000000000000000000e+00
1.550000000000000000e+05 6.199997404289965264e-01 1.820664542558033672e-01 6.756941283568502765e-01 1.379153390987710448e-01 4.324078288575329727e-03 0.000000000000000000e+00
1.575000000000000000e+05 6.299997362423672698e-01 1.819526627218935044e-01 6.975421028675466983e-01 1.167501137915339104e-01 3.755120619025944465e-03 0.000000000000000000e+00
1.600000000000000000e+05 6.399997320557380132e-01 1.766044606281292617e-01 6.731907146108329076e-01 1.483841602184797492e-01 1.820664542558033706e-03 0.000000000000000000e+00
1.625000000000000000e+05 6.499997278691089786e-01 1.767182521620391522e-01 6.730769230769231282e-01 1.491807009558488717e-01 1.024123805188893906e-03 0.000000000000000000e+00
1.650000000000000000e+05 6.599997236824801661e-01 1.767182521620391522e-01 6.713700500682748817e-01 1.498634501593081592e-01 2.048247610377787811e-03 0.000000000000000000e+00
1.675000000000000000e+05 6.699997194958509095e-01 1.761492944924897552e-01 6.706873008648156498e-01 1.515703231679562946e-01 1.593081474738279385e-03 0.000000000000000000e+00
1.700000000000000000e+05 6.799997153092216529e-01 1.909421939007737712e-01 6.256258534365043422e-01 1.807009558488848477e-01 2.730996813837050560e-03 0.000000000000000000e+00
1.725000000000000000e+05 6.899997111225926183e-01 2.002730996813837094e-01 6.128812016385980499e-01 1.835457441966317771e-01 3.299954483386436255e-03 0.000000000000000000e+00
1.750000000000000000e+05 6.999997069359638058e-01 1.937869822485207005e-01 5.738507055075102725e-01 2.296313154301319881e-01 2.730996813837050560e-03 0.000000000000000000e+00
1.775000000000000000e+05 7.099997027493345492e-01 1.908284023668639084e-01 5.755575785161584079e-01 2.303140646335912478e-01 3.299954483386436255e-03 0.000000000000000000e+00
1.800000000000000000e+05 7.199996985627052926e-01 1.910559854346836617e-01 5.578060992262175999e-01 2.490896677287209870e-01 2.048247610377787811e-03 0.000000000000000000e+00
1.825000000000000000e+05 7.299996943760762580e-01 1.624943104233045055e-01 5.587164314974966128e-01 2.756030951297223641e-01 3.186162949476558769e-03 0.000000000000000000e+00
1.850000000000000000e+05 7.399996901894474455e-01 1.619253527537551085e-01 5.604233045061447482e-01 2.750341374601729671e-01 2.617205279927173507e-03 0.000000000000000000e+00
1.875000000000000000e+05 7.499996860028181889e-01 1.628356850250341492e-01 5.605370960400546387e-01 2.753755120619025831e-01 1.251706873008648227e-03 0.000000000000000000e+00
1.900000000000000000e+05 7.599996818161889323e-01 1.616977696859353553e-01 5.599681383705051863e-01 2.765134274010013771e-01 1.820664542558033706e-03 0.000000000000000000e+00
1.925000000000000000e+05 7.699996776295598977e-01 1.433773327264451503e-01 5.681611288120164138e-01 2.882339553937187104e-01 2.275830678197542133e-04 0.000000000000000000e+00
1.950000000000000000e+05 7.799996734429310852e-01 1.392808375056895642e-01 5.723714155666818071e-01 2.881201638598088199e-01 2.275830678197542133e-04 0.000000000000000000e+00
1.975000000000000000e+05 7.899996692563018286e-01 1.379153390987710448e-01 5.720300409649522466e-01 2.899408284023668458e-01 1.137915339098771066e-04 0.000000000000000000e+00
2.000000000000000000e+05 7.999996650696725720e-01 1.391670459717797015e-01 5.719162494310423561e-01 2.888029130632681074e-01 1.137915339098771066e-04 0.000000000000000000e+00
2.025000000000000000e+05 8.099996608830435374e-01 1.385980883022303045e-01 5.721438324988621371e-01 2.892580791989076139e-01 0.000000000000000000e+00 0.000000000000000000e+00
2.050000000000000000e+05 8.199996566964145028e-01 1.385980883022303045e-01 5.721438324988621371e-01 2.886891215293582169e-01 5.689576695493854790e-04 0.000000000000000000e+00
2.075000000000000000e+05 8.299996525097854683e-01 1.406463359126081114e-01 5.707783340919435622e-01 2.875512061902594230e-01 1.024123805188893906e-03 0.000000000000000000e+00
2.100000000000000000e+05 8.399996483231562117e-01 1.393946290395994547e-01 5.714610832954027941e-01 2.883477469276286009e-01 7.965407373691396923e-04 0.000000000000000000e+00
2.125000000000000000e+05 8.499996441365271771e-01 1.391670459717797015e-01 5.716886663632225751e-01 2.883477469276286009e-01 7.965407373691396923e-04 0.000000000000000000e+00
2.150000000000000000e+05 8.599996399498981425e-01 1.404187528447883582e-01 5.704369594902138907e-01 2.875512061902594230e-01 1.593081474738279385e-03 0.000000000000000000e+00
2.175000000000000000e+05 8.699996357632691080e-01 1.450842057350933134e-01 5.658852981338188259e-01 2.869822485207100815e-01 2.048247610377787811e-03 0.000000000000000000e+00
2.200000000000000000e+05 8.799996315766398514e-01 1.282430587164314906e-01 5.837505689576695245e-01 2.878925807919890945e-01 1.137915339098771066e-04 0.000000000000000000e+00
2.225000000000000000e+05 8.899996273900108168e-01 1.290395994538006408e-01 5.828402366863905115e-01 2.876649977241693135e-01 4.551661356395084266e-04 0.000000000000000000e+00
2.250000000000000000e+05 8.999996232033817822e-01 1.285844333181611343e-01 5.834091943559399640e-01 2.875512061902594230e-01 4.551661356395084266e-04 0.000000000000000000e+00
2.275000000000000000e+05 9.099996190167525256e-01 1.286982248520709970e-01 5.832954028220300735e-01 2.868684569868001910e-01 1.137915339098770958e-03 0.000000000000000000e+00
2.300000000000000000e+05 9.199996148301234911e-01 1.290395994538006408e-01 5.832954028220300735e-01 2.868684569868001910e-01 7.965407373691396923e-04 0.000000000000000000e+00
2.325000000000000000e+05 9.299996106434944565e-01 1.284706417842512438e-01 5.831816112881201830e-01 2.872098315885298070e-01 1.137915339098770958e-03 0.000000000000000000e+00
2.350000000000000000e+05 9.399996064568654219e-01 1.286982248520709970e-01 5.832954028220300735e-01 2.870960400546199165e-01 9.103322712790168532e-04 0.000000000000000000e+00
2.375000000000000000e+05 9.499996022702361653e-01 1.351843422849340060e-01 5.785161583978152278e-01 2.851615839781520001e-01 1.137915339098770958e-03 0.000000000000000000e+00
2.400000000000000000e+05 9.599995980836069087e-01 1.305188893946290507e-01 5.821574874829312796e-01 2.862994993172507940e-01 1.024123805188893906e-03 0.000000000000000000e+00
2.425000000000000000e+05 9.699995938969780962e-01 1.414428766499772339e-01 5.747610377787892855e-01 2.802685480200273194e-01 3.527537551206190360e-03 0.000000000000000000e+00
2.450000000000000000e+05 9.799995897103490616e-01 2.005006827492034627e-01 4.915794264906691025e-01 2.989303595812471404e-01 8.989531178880291046e-03 0.000000000000000000e+00
2.475000000000000000e+05 9.899995855237198050e-01 2.025489303595812418e-01 4.924897587619481154e-01 2.966545289030496080e-01 8.306781975421027864e-03 0.000000000000000000e+00
2.500000000000000000e+05 9.999995813370905484e-01 2.355484751934456000e-01 4.627901684114701930e-01 2.938097405553026786e-01 7.851615839781519654e-03 0.000000000000000000e+00
