# itime ezz other fcc hcp bcc ico
0.000000000000000000e+00 0.000000000000000000e+00 0.000000000000000000e+00 1.000000000000000000e+00 0.000000000000000000e+00 0.000000000000000000e+00 0.000000000000000000e+00
2.500000000000000000e+02 9.999806240956754522e-04 0.000000000000000000e+00 1.000000000000000000e+00 0.000000000000000000e+00 0.000000000000000000e+00 0.000000000000000000e+00
5.000000000000000000e+02 1.999961248191128860e-03 0.000000000000000000e+00 1.000000000000000000e+00 0.000000000000000000e+00 0.000000000000000000e+00 0.000000000000000000e+00
7.500000000000000000e+02 2.999941872286804312e-03 0.000000000000000000e+00 1.000000000000000000e+00 0.000000000000000000e+00 0.000000000000000000e+00 0.000000000000000000e+00
1.000000000000000000e+03 3.999922496382479764e-03 0.000000000000000000e+00 1.000000000000000000e+00 0.000000000000000000e+00 0.000000000000000000e+00 0.000000000000000000e+00
1.250000000000000000e+03 4.999903120477933172e-03 0.000000000000000000e+00 1.000000000000000000e+00 0.000000000000000000e+00 0.000000000000000000e+00 0.000000000000000000e+00
1.500000000000000000e+03 5.999883744573608624e-03 0.000000000000000000e+00 1.000000000000000000e+00 0.000000000000000000e+00 0.000000000000000000e+00 0.000000000000000000e+00
1.750000000000000000e+03 6.999864368669284076e-03 0.000000000000000000e+00 1.000000000000000000e+00 0.000000000000000000e+00 0.000000000000000000e+00 0.000000000000000000e+00
2.000000000000000000e+03 7.999844992764959528e-03 0.000000000000000000e+00 1.000000000000000000e+00 0.000000000000000000e+00 0.000000000000000000e+00 0.000000000000000000e+00
2.250000000000000000e+03 8.999825616860412936e-03 0.000000000000000000e+00 1.000000000000000000e+00 0.000000000000000000e+00 0.000000000000000000e+00 0.000000000000000000e+00
2.500000000000000000e+03 9.999806240956088388e-03 0.000000000000000000e+00 1.000000000000000000e+00 0.000000000000000000e+00 0.000000000000000000e+00 0.000000000000000000e+00
2.750000000000000000e+03 1.099978686505176384e-02 0.000000000000000000e+00 1.000000000000000000e+00 0.000000000000000000e+00 0.000000000000000000e+00 0.000000000000000000e+00
3.000000000000000000e+03 1.199976748914721725e-02 0.000000000000000000e+00 1.000000000000000000e+00 0.000000000000000000e+00 0.000000000000000000e+00 0.000000000000000000e+00
3.250000000000000000e+03 1.299974811324289270e-02 0.000000000000000000e+00 1.000000000000000000e+00 0.000000000000000000e+00 0.000000000000000000e+00 0.000000000000000000e+00
3.500000000000000000e+03 1.399972873733856815e-02 0.000000000000000000e+00 1.000000000000000000e+00 0.000000000000000000e+00 0.000000000000000000e+00 0.000000000000000000e+00
3.750000000000000000e+03 1.499970936143402156e-02 0.000000000000000000e+00 1.000000000000000000e+00 0.000000000000000000e+00 0.000000000000000000e+00 0.000000000000000000e+00
4.000000000000000000e+03 1.599968998552969701e-02 0.000000000000000000e+00 1.000000000000000000e+00 0.000000000000000000e+00 0.000000000000000000e+00 0.000000000000000000e+00
4.250000000000000000e+03 1.699967060962537246e-02 0.000000000000000000e+00 1.000000000000000000e+00 0.000000000000000000e+00 0.000000000000000000e+00 0.000000000000000000e+00
4.500000000000000000e+03 1.799965123372082587e-02 0.000000000000000000e+00 1.000000000000000000e+00 0.000000000000000000e+00 0.000000000000000000e+00 0.000000000000000000e+00
4.750000000000000000e+03 1.899963185781650132e-02 0.000000000000000000e+00 1.000000000000000000e+00 0.000000000000000000e+00 0.000000000000000000e+00 0.000000000000000000e+00
5.000000000000000000e+03 1.999961248191217678e-02 0.000000000000000000e+00 1.000000000000000000e+00 0.000000000000000000e+00 0.000000000000000000e+00 0.000000000000000000e+00
5.250000000000000000e+03 2.099959310600763018e-02 0.000000000000000000e+00 1.000000000000000000e+00 0.000000000000000000e+00 0.000000000000000000e+00 0.000000000000000000e+00
5.500000000000000000e+03 2.199957373010330564e-02 0.000000000000000000e+00 1.000000000000000000e+00 0.000000000000000000e+00 0.000000000000000000e+00 0.000000000000000000e+00
5.750000000000000000e+03 2.299955435419898109e-02 0.000000000000000000e+00 1.000000000000000000e+00 0.000000000000000000e+00 0.000000000000000000e+00 0.000000000000000000e+00
6.000000000000000000e+03 2.399953497829465654e-02 0.000000000000000000e+00 1.000000000000000000e+00 0.000000000000000000e+00 0.000000000000000000e+00 0.000000000000000000e+00
6.250000000000000000e+03 2.499951560239010995e-02 0.000000000000000000e+00 1.000000000000000000e+00 0.000000000000000000e+00 0.000000000000000000e+00 0.000000000000000000e+00
6.500000000000000000e+03 2.599949622648578540e-02 0.000000000000000000e+00 1.000000000000000000e+00 0.000000000000000000e+00 0.000000000000000000e+00 0.000000000000000000e+00
6.750000000000000000e+03 2.699947685058146085e-02 0.000000000000000000e+00 1.000000000000000000e+00 0.000000000000000000e+00 0.000000000000000000e+00 0.000000000000000000e+00
7.000000000000000000e+03 2.799945747467691426e-02 0.000000000000000000e+00 1.000000000000000000e+00 0.000000000000000000e+00 0.000000000000000000e+00 0.000000000000000000e+00
7.250000000000000000e+03 2.899943809877258971e-02 0.000000000000000000e+00 1.000000000000000000e+00 0.000000000000000000e+00 0.000000000000000000e+00 0.000000000000000000e+00
7.500000000000000000e+03 2.999941872286826516e-02 0.000000000000000000e+00 1.000000000000000000e+00 0.000000000000000000e+00 0.000000000000000000e+00 0.000000000000000000e+00
7.750000000000000000e+03 3.099939934696371857e-02 0.000000000000000000e+00 1.000000000000000000e+00 0.000000000000000000e+00 0.000000000000000000e+00 0.000000000000000000e+00
8.000000000000000000e+03 3.199937997105939402e-02 0.000000000000000000e+00 1.000000000000000000e+00 0.000000000000000000e+00 0.000000000000000000e+00 0.000000000000000000e+00
8.250000000000000000e+03 3.299936059515506948e-02 0.000000000000000000e+00 1.000000000000000000e+00 0.000000000000000000e+00 0.000000000000000000e+00 0.000000000000000000e+00
8.500000000000000000e+03 3.399934121925052288e-02 0.000000000000000000e+00 1.000000000000000000e+00 0.000000000000000000e+00 0.000000000000000000e+00 0.000000000000000000e+00
8.750000000000000000e+03 3.499932184334619834e-02 0.000000000000000000e+00 1.000000000000000000e+00 0.000000000000000000e+00 0.000000000000000000e+00 0.000000000000000000e+00
9.000000000000000000e+03 3.599930246744187379e-02 0.000000000000000000e+00 1.000000000000000000e+00 0.000000000000000000e+00 0.000000000000000000e+00 0.000000000000000000e+00
9.250000000000000000e+03 3.699928309153732719e-02 0.000000000000000000e+00 1.000000000000000000e+00 0.000000000000000000e+00 0.000000000000000000e+00 0.000000000000000000e+00
9.500000000000000000e+03 3.799926371563300265e-02 0.000000000000000000e+00 1.000000000000000000e+00 0.000000000000000000e+00 0.000000000000000000e+00 0.000000000000000000e+00
9.750000000000000000e+03 3.899924433972867810e-02 0.000000000000000000e+00 1.000000000000000000e+00 0.000000000000000000e+00 0.000000000000000000e+00 0.000000000000000000e+00
1.000000000000000000e+04 3.999922496382435355e-02 0.000000000000000000e+00 1.000000000000000000e+00 0.000000000000000000e+00 0.000000000000000000e+00 0.000000000000000000e+00
1.025000000000000000e+04 4.099920558791980696e-02 0.000000000000000000e+00 1.000000000000000000e+00 0.000000000000000000e+00 0.000000000000000000e+00 0.000000000000000000e+00
1.050000000000000000e+04 4.199918621201548241e-02 0.000000000000000000e+00 1.000000000000000000e+00 0.000000000000000000e+00 0.000000000000000000e+00 0.000000000000000000e+00
1.075000000000000000e+04 4.299916683611115786e-02 0.000000000000000000e+00 1.000000000000000000e+00 0.000000000000000000e+00 0.000000000000000000e+00 0.000000000000000000e+00
1.100000000000000000e+04 4.399914746020661127e-02 0.000000000000000000e+00 1.000000000000000000e+00 0.000000000000000000e+00 0.000000000000000000e+00 0.000000000000000000e+00
1.125000000000000000e+04 4.499912808430228672e-02 0.000000000000000000e+00 1.000000000000000000e+00 0.000000000000000000e+00 0.000000000000000000e+00 0.000000000000000000e+00
1.150000000000000000e+04 4.599910870839796218e-02 0.000000000000000000e+00 1.000000000000000000e+00 0.000000000000000000e+00 0.000000000000000000e+00 0.000000000000000000e+00
1.175000000000000000e+04 4.699908933249341558e-02 0.000000000000000000e+00 1.000000000000000000e+00 0.000000000000000000e+00 0.000000000000000000e+00 0.000000000000000000e+00
1.200000000000000000e+04 4.799906995658909103e-02 0.000000000000000000e+00 1.000000000000000000e+00 0.000000000000000000e+00 0.000000000000000000e+00 0.000000000000000000e+00
1.225000000000000000e+04 4.899905058068476649e-02 0.000000000000000000e+00 1.000000000000000000e+00 0.000000000000000000e+00 0.000000000000000000e+00 0.000000000000000000e+00
1.250000000000000000e+04 4.999903120478021989e-02 0.000000000000000000e+00 1.000000000000000000e+00 0.000000000000000000e+00 0.000000000000000000e+00 0.000000000000000000e+00
1.275000000000000000e+04 5.099901182887589535e-02 0.000000000000000000e+00 1.000000000000000000e+00 0.000000000000000000e+00 0.000000000000000000e+00 0.000000000000000000e+00
1.300000000000000000e+04 5.199899245297157080e-02 0.000000000000000000e+00 1.000000000000000000e+00 0.000000000000000000e+00 0.000000000000000000e+00 0.000000000000000000e+00
1.325000000000000000e+04 5.299897307706724625e-02 0.000000000000000000e+00 1.000000000000000000e+00 0.000000000000000000e+00 0.000000000000000000e+00 0.000000000000000000e+00
1.350000000000000000e+04 5.399895370116269966e-02 0.000000000000000000e+00 1.000000000000000000e+00 0.000000000000000000e+00 0.000000000000000000e+00 0.000000000000000000e+00
1.375000000000000000e+04 5.499893432525837511e-02 0.000000000000000000e+00 1.000000000000000000e+00 0.000000000000000000e+00 0.000000000000000000e+00 0.000000000000000000e+00
1.400000000000000000e+04 5.599891494935405056e-02 0.000000000000000000e+00 1.000000000000000000e+00 0.000000000000000000e+00 0.000000000000000000e+00 0.000000000000000000e+00
1.425000000000000000e+04 5.699889557344950397e-02 0.000000000000000000e+00 1.000000000000000000e+00 0.000000000000000000e+00 0.000000000000000000e+00 0.000000000000000000e+00
1.450000000000000000e+04 5.799887619754517942e-02 0.000000000000000000e+00 1.000000000000000000e+00 0.000000000000000000e+00 0.000000000000000000e+00 0.000000000000000000e+00
1.475000000000000000e+04 5.899885682164085487e-02 0.000000000000000000e+00 1.000000000000000000e+00 0.000000000000000000e+00 0.000000000000000000e+00 0.000000000000000000e+00
1.500000000000000000e+04 5.999883744573630828e-02 0.000000000000000000e+00 1.000000000000000000e+00 0.000000000000000000e+00 0.000000000000000000e+00 0.000000000000000000e+00
1.525000000000000000e+04 6.099881806983198373e-02 0.000000000000000000e+00 1.000000000000000000e+00 0.000000000000000000e+00 0.000000000000000000e+00 0.000000000000000000e+00
1.550000000000000000e+04 6.199879869392765919e-02 0.000000000000000000e+00 1.000000000000000000e+00 0.000000000000000000e+00 0.000000000000000000e+00 0.000000000000000000e+00
1.575000000000000000e+04 6.299877931802311259e-02 2.275830678197542133e-04 9.997724169321802190e-01 0.000000000000000000e+00 0.000000000000000000e+00 0.000000000000000000e+00
1.600000000000000000e+04 6.399875994211878805e-02 0.000000000000000000e+00 1.000000000000000000e+00 0.000000000000000000e+00 0.000000000000000000e+00 0.000000000000000000e+00
1.625000000000000000e+04 6.499874056621446350e-02 0.000000000000000000e+00 1.000000000000000000e+00 0.000000000000000000e+00 0.000000000000000000e+00 0.000000000000000000e+00
1.650000000000000000e+04 6.599872119030991691e-02 0.000000000000000000e+00 1.000000000000000000e+00 0.000000000000000000e+00 0.000000000000000000e+00 0.000000000000000000e+00
1.675000000000000000e+04 6.699870181440559236e-02 0.000000000000000000e+00 1.000000000000000000e+00 0.000000000000000000e+00 0.000000000000000000e+00 0.000000000000000000e+00
1.700000000000000000e+04 6.799868243850126781e-02 0.000000000000000000e+00 1.000000000000000000e+00 0.000000000000000000e+00 0.000000000000000000e+00 0.000000000000000000e+00
1.725000000000000000e+04 6.899866306259694326e-02 0.000000000000000000e+00 1.000000000000000000e+00 0.000000000000000000e+00 0.000000000000000000e+00 0.000000000000000000e+00
1.750000000000000000e+04 6.999864368669239667e-02 2.275830678197542133e-04 9.997724169321802190e-01 0.000000000000000000e+00 0.000000000000000000e+00 0.000000000000000000e+00
1.775000000000000000e+04 7.099862431078807212e-02 0.000000000000000000e+00 1.000000000000000000e+00 0.000000000000000000e+00 0.000000000000000000e+00 0.000000000000000000e+00
1.800000000000000000e+04 7.199860493488374757e-02 0.000000000000000000e+00 1.000000000000000000e+00 0.000000000000000000e+00 0.000000000000000000e+00 0.000000000000000000e+00
1.825000000000000000e+04 7.299858555897920098e-02 3.413746017296313199e-04 9.996586253982703285e-01 0.000000000000000000e+00 0.000000000000000000e+00 0.000000000000000000e+00
1.850000000000000000e+04 7.399856618307487643e-02 4.551661356395084266e-04 9.995448338643604380e-01 0.000000000000000000e+00 0.000000000000000000e+00 0.000000000000000000e+00
1.875000000000000000e+04 7.499854680717055189e-02 4.551661356395084266e-04 9.995448338643604380e-01 0.000000000000000000e+00 0.000000000000000000e+00 0.000000000000000000e+00
1.900000000000000000e+04 7.599852743126600529e-02 4.551661356395084266e-04 9.995448338643604380e-01 0.000000000000000000e+00 0.000000000000000000e+00 0.000000000000000000e+00
1.925000000000000000e+04 7.699850805536168075e-02 0.000000000000000000e+00 1.000000000000000000e+00 0.000000000000000000e+00 0.000000000000000000e+00 0.000000000000000000e+00
1.950000000000000000e+04 7.799848867945735620e-02 4.551661356395084266e-04 9.995448338643604380e-01 0.000000000000000000e+00 0.000000000000000000e+00 0.000000000000000000e+00
1.975000000000000000e+04 7.899846930355280961e-02 9.103322712790168532e-04 9.990896677287209870e-01 0.000000000000000000e+00 0.000000000000000000e+00 0.000000000000000000e+00
2.000000000000000000e+04 7.999844992764848506e-02 9.103322712790168532e-04 9.989758761948110966e-01 0.000000000000000000e+00 1.137915339098771066e-04 0.000000000000000000e+00
2.025000000000000000e+04 8.099843055174416051e-02 2.275830678197542133e-04 9.996586253982703285e-01 0.000000000000000000e+00 1.137915339098771066e-04 0.000000000000000000e+00
2.050000000000000000e+04 8.199841117583983596e-02 4.551661356395084266e-04 9.995448338643604380e-01 0.000000000000000000e+00 0.000000000000000000e+00 0.000000000000000000e+00
2.075000000000000000e+04 8.299839179993528937e-02 6.827492034592626399e-04 9.993172507965407680e-01 0.000000000000000000e+00 0.000000000000000000e+00 0.000000000000000000e+00
2.100000000000000000e+04 8.399837242403096482e-02 0.000000000000000000e+00 1.000000000000000000e+00 0.000000000000000000e+00 0.000000000000000000e+00 0.000000000000000000e+00
2.125000000000000000e+04 8.499835304812664027e-02 1.251706873008648227e-03 9.986345015930814251e-01 0.000000000000000000e+00 1.137915339098771066e-04 0.000000000000000000e+00
2.150000000000000000e+04 8.599833367222209368e-02 3.413746017296313199e-04 9.996586253982703285e-01 0.000000000000000000e+00 0.000000000000000000e+00 0.000000000000000000e+00
2.175000000000000000e+04 8.699831429631776913e-02 1.251706873008648227e-03 9.987482931269913156e-01 0.000000000000000000e+00 0.000000000000000000e+00 0.000000000000000000e+00
2.200000000000000000e+04 8.799829492041344459e-02 1.820664542558033706e-03 9.978379608557123026e-01 0.000000000000000000e+00 3.413746017296313199e-04 0.000000000000000000e+00
2.225000000000000000e+04 8.899827554450889799e-02 6.827492034592626399e-04 9.993172507965407680e-01 0.000000000000000000e+00 0.000000000000000000e+00 0.000000000000000000e+00
2.250000000000000000e+04 8.999825616860457345e-02 3.413746017296313199e-04 9.996586253982703285e-01 0.000000000000000000e+00 0.000000000000000000e+00 0.000000000000000000e+00
2.275000000000000000e+04 9.099823679270024890e-02 6.827492034592626399e-04 9.993172507965407680e-01 0.000000000000000000e+00 0.000000000000000000e+00 0.000000000000000000e+00
2.300000000000000000e+04 9.199821741679570231e-02 1.137915339098770958e-03 9.988620846609012061e-01 0.000000000000000000e+00 0.000000000000000000e+00 0.000000000000000000e+00
2.325000000000000000e+04 9.299819804089137776e-02 6.827492034592626399e-04 9.990896677287209870e-01 0.000000000000000000e+00 2.275830678197542133e-04 0.000000000000000000e+00
2.350000000000000000e+04 9.399817866498705321e-02 1.593081474738279385e-03 9.980655439235320836e-01 0.000000000000000000e+00 3.413746017296313199e-04 0.000000000000000000e+00
2.375000000000000000e+04 9.499815928908250662e-02 2.048247610377787811e-03 9.979517523896221931e-01 0.000000000000000000e+00 0.000000000000000000e+00 0.000000000000000000e+00
2.400000000000000000e+04 9.599813991317818207e-02 1.593081474738279385e-03 9.984069185252617551e-01 0.000000000000000000e+00 0.000000000000000000e+00 0.000000000000000000e+00
2.425000000000000000e+04 9.699812053727385752e-02 1.365498406918525280e-03 9.985207100591716456e-01 0.000000000000000000e+00 1.137915339098771066e-04 0.000000000000000000e+00
2.450000000000000000e+04 9.799810116136953297e-02 2.730996813837050560e-03 9.972690031861629611e-01 0.000000000000000000e+00 0.000000000000000000e+00 0.000000000000000000e+00
2.475000000000000000e+04 9.899808178546498638e-02 2.617205279927173507e-03 9.972690031861629611e-01 0.000000000000000000e+00 1.137915339098771066e-04 0.000000000000000000e+00
2.500000000000000000e+04 9.999806240956066183e-02 3.982703686845699004e-03 9.960172963131542767e-01 0.000000000000000000e+00 0.000000000000000000e+00 0.000000000000000000e+00
2.525000000000000000e+04 1.009980430336563373e-01 4.437869822485207214e-03 9.955621301775148257e-01 0.000000000000000000e+00 0.000000000000000000e+00 0.000000000000000000e+00
2.550000000000000000e+04 1.019980236577517907e-01 2.844788347746927612e-03 9.970414201183431802e-01 0.000000000000000000e+00 1.137915339098771066e-04 0.000000000000000000e+00
2.575000000000000000e+04 1.029980042818474661e-01 4.210286754665453109e-03 9.957897132453344957e-01 0.000000000000000000e+00 0.000000000000000000e+00 0.000000000000000000e+00
2.600000000000000000e+04 1.039979849059431416e-01 5.917159763313609329e-03 9.937414656349567998e-01 0.000000000000000000e+00 3.413746017296313199e-04 0.000000000000000000e+00
2.625000000000000000e+04 1.049979655300385950e-01 6.486117432862995025e-03 9.929449248975875664e-01 0.000000000000000000e+00 5.689576695493854790e-04 0.000000000000000000e+00
2.650000000000000000e+04 1.059979461541342705e-01 6.372325898953117539e-03 9.934000910332271284e-01 0.000000000000000000e+00 2.275830678197542133e-04 0.000000000000000000e+00
2.675000000000000000e+04 1.069979267782299459e-01 6.827492034592626616e-03 9.926035502958580059e-01 0.000000000000000000e+00 5.689576695493854790e-04 0.000000000000000000e+00
2.700000000000000000e+04 1.079979074023253993e-01 7.510241238051888930e-03 9.921483841602184439e-01 0.000000000000000000e+00 3.413746017296313199e-04 0.000000000000000000e+00
2.725000000000000000e+04 1.089978880264210748e-01 1.285844333181611343e-02 9.853208921256259023e-01 0.000000000000000000e+00 1.820664542558033706e-03 0.000000000000000000e+00
2.750000000000000000e+04 1.099978686505167502e-01 2.401001365498407064e-02 9.695038689121528996e-01 0.000000000000000000e+00 6.486117432862995025e-03 0.000000000000000000e+00
2.775000000000000000e+04 1.109978492746122036e-01 7.089212562585343880e-02 6.561219845243514426e-01 0.000000000000000000e+00 2.729858898497951603e-01 0.000000000000000000e+00
2.800000000000000000e+04 1.119978298987078791e-01 1.269913518434228616e-01 3.121301775147928836e-01 1.137915339098771066e-04 5.607646791078744197e-01 0.000000000000000000e+00
2.825000000000000000e+04 1.129978105228035545e-01 2.504551661356395065e-01 3.574192080109239722e-01 9.660901228948566566e-02 2.955166135639508695e-01 0.000000000000000000e+00
2.850000000000000000e+04 1.139977911468992300e-01 2.083522985889849910e-01 5.565543923532089154e-01 1.919663177059626746e-01 4.312699135184342586e-02 0.000000000000000000e+00
2.875000000000000000e+04 1.149977717709946834e-01 1.799044151115156975e-01 6.203914428766499345e-01 1.825216203914428736e-01 1.718252162039144229e-02 0.000000000000000000e+00
2.900000000000000000e+04 1.159977523950903588e-01 1.189121529358215801e-01 6.890077378243059103e-01 1.851388256713700498e-01 6.941283568502503235e-03 0.000000000000000000e+00
2.925000000000000000e+04 1.169977330191860343e-01 7.111970869367319203e-02 7.395311788802912956e-01 1.816112881201638607e-01 7.737824305871643035e-03 0.000000000000000000e+00
2.950000000000000000e+04 1.179977136432814877e-01 7.237141556668183484e-02 7.511379153390987939e-01 1.670459717796995980e-01 9.444697314519799256e-03 0.000000000000000000e+00
2.975000000000000000e+04 1.189976942673771632e-01 4.756486117432862787e-02 8.017751479289940697e-01 1.453117888029130667e-01 5.348202093764223633e-03 0.000000000000000000e+00
3.000000000000000000e+04 1.199976748914728386e-01 4.449248975876194528e-02 8.107646791078744197e-01 1.401911697769686049e-01 4.551661356395083832e-03 0.000000000000000000e+00
3.025000000000000000e+04 1.209976555155682920e-01 4.380974055530268557e-02 8.120163859808829931e-01 1.395084205735093175e-01 4.665452890304961318e-03 0.000000000000000000e+00
3.050000000000000000e+04 1.219976361396639675e-01 4.540282203004096517e-02 8.098543468365954068e-01 1.401911697769686049e-01 4.551661356395083832e-03 0.000000000000000000e+00
3.075000000000000000e+04 1.229976167637596429e-01 4.574419663177059503e-02 8.098543468365954068e-01 1.390532544378698110e-01 5.348202093764223633e-03 0.000000000000000000e+00
3.100000000000000000e+04 1.239975973878550963e-01 3.049613108784706567e-02 8.198680018206645492e-01 1.494082840236686527e-01 2.275830678197542133e-04 0.000000000000000000e+00
3.125000000000000000e+04 1.249975780119507718e-01 2.890304961310878606e-02 8.203231679563040002e-01 1.499772416932180219e-01 7.965407373691396923e-04 0.000000000000000000e+00
3.150000000000000000e+04 1.259975586360464472e-01 3.038233955393718558e-02 8.190714610832954268e-01 1.498634501593081592e-01 6.827492034592626399e-04 0.000000000000000000e+00
3.175000000000000000e+04 1.269975392601421227e-01 2.742375967228038308e-02 8.219162494310423561e-01 1.498634501593081592e-01 7.965407373691396923e-04 0.000000000000000000e+00
3.200000000000000000e+04 1.279975198842375761e-01 2.844788347746927612e-02 8.214610832954027941e-01 1.495220755575785154e-01 5.689576695493854790e-04 0.000000000000000000e+00
3.225000000000000000e+04 1.289975005083332515e-01 2.901684114701866268e-02 8.202093764223942207e-01 1.497496586253982687e-01 1.024123805188893906e-03 0.000000000000000000e+00
3.250000000000000000e+04 1.299974811324289270e-01 2.787892580791988956e-02 8.214610832954027941e-01 1.497496586253982687e-01 9.103322712790168532e-04 0.000000000000000000e+00
3.275000000000000000e+04 1.309974617565243804e-01 2.844788347746927612e-02 8.208921256258534527e-01 1.498634501593081592e-01 7.965407373691396923e-04 0.000000000000000000e+00
3.300000000000000000e+04 1.319974423806200559e-01 2.822030040964952288e-02 8.215748748293126846e-01 1.494082840236686527e-01 7.965407373691396923e-04 0.000000000000000000e+00
3.325000000000000000e+04 1.329974230047157313e-01 2.822030040964952288e-02 8.198680018206645492e-01 1.510013654984069253e-01 9.103322712790168532e-04 0.000000000000000000e+00
3.350000000000000000e+04 1.339974036288111847e-01 2.935821574874829254e-02 8.198680018206645492e-01 1.500910332271279124e-01 6.827492034592626399e-04 0.000000000000000000e+00
3.375000000000000000e+04 1.349973842529068602e-01 2.844788347746927612e-02 8.214610832954027941e-01 1.492944924897587622e-01 7.965407373691396923e-04 0.000000000000000000e+00
3.400000000000000000e+04 1.359973648770025356e-01 2.742375967228038308e-02 8.215748748293126846e-01 1.506599908966772816e-01 3.413746017296313199e-04 0.000000000000000000e+00
3.425000000000000000e+04 1.369973455010979890e-01 2.867546654528902936e-02 8.194128356850249872e-01 1.508875739644970349e-01 1.024123805188893906e-03 0.000000000000000000e+00
3.450000000000000000e+04 1.379973261251936645e-01 3.049613108784706567e-02 8.198680018206645492e-01 1.491807009558488717e-01 4.551661356395084266e-04 0.000000000000000000e+00
3.475000000000000000e+04 1.389973067492893399e-01 2.890304961310878606e-02 8.213472917614929036e-01 1.494082840236686527e-01 3.413746017296313199e-04 0.000000000000000000e+00
3.500000000000000000e+04 1.399972873733847933e-01 2.719617660446062984e-02 8.215748748293126846e-01 1.503186162949476656e-01 9.103322712790168532e-04 0.000000000000000000e+00
3.525000000000000000e+04 1.409972679974804688e-01 2.969959035047792587e-02 8.207783340919435622e-01 1.490669094219390090e-01 4.551661356395084266e-04 0.000000000000000000e+00
3.550000000000000000e+04 1.419972486215761442e-01 2.708238507055074976e-02 8.222576240327719166e-01 1.497496586253982687e-01 9.103322712790168532e-04 0.000000000000000000e+00
3.575000000000000000e+04 1.429972292456718197e-01 2.969959035047792587e-02 8.194128356850249872e-01 1.498634501593081592e-01 1.024123805188893906e-03 0.000000000000000000e+00
3.600000000000000000e+04 1.439972098697672731e-01 2.969959035047792587e-02 8.199817933545744397e-01 1.498634501593081592e-01 4.551661356395084266e-04 0.000000000000000000e+00
3.625000000000000000e+04 1.449971904938629486e-01 2.913063268092853930e-02 8.212335002275830131e-01 1.492944924897587622e-01 3.413746017296313199e-04 0.000000000000000000e+00
3.650000000000000000e+04 1.459971711179586240e-01 2.867546654528902936e-02 8.215748748293126846e-01 1.489531178880291185e-01 7.965407373691396923e-04 0.000000000000000000e+00
3.675000000000000000e+04 1.469971517420540774e-01 2.969959035047792587e-02 8.225989986345015881e-01 1.473600364132908458e-01 3.413746017296313199e-04 0.000000000000000000e+00
3.700000000000000000e+04 1.479971323661497529e-01 2.890304961310878606e-02 8.230541647701411501e-01 1.477014110150204895e-01 3.413746017296313199e-04 0.000000000000000000e+00
3.725000000000000000e+04 1.489971129902454283e-01 2.651342740100136666e-02 8.253299954483386269e-01 1.479289940828402428e-01 2.275830678197542133e-04 0.000000000000000000e+00
3.750000000000000000e+04 1.499970936143408817e-01 2.696859353664087314e-02 8.247610377787892855e-01 1.479289940828402428e-01 3.413746017296313199e-04 0.000000000000000000e+00
3.775000000000000000e+04 1.509970742384365572e-01 2.583067819754210348e-02 8.256713700500682984e-01 1.482703686845698587e-01 2.275830678197542133e-04 0.000000000000000000e+00
3.800000000000000000e+04 1.519970548625322326e-01 2.685480200273099652e-02 8.243058716431497235e-01 1.482703686845698587e-01 5.689576695493854790e-04 0.000000000000000000e+00
3.825000000000000000e+04 1.529970354866276860e-01 2.639963586709149004e-02 8.245334547109695045e-01 1.487255348202093652e-01 3.413746017296313199e-04 0.000000000000000000e+00
3.850000000000000000e+04 1.539970161107233615e-01 2.730996813837050646e-02 8.240782885753299425e-01 1.482703686845698587e-01 3.413746017296313199e-04 0.000000000000000000e+00
3.875000000000000000e+04 1.549969967348190369e-01 2.708238507055074976e-02 8.236231224396904915e-01 1.490669094219390090e-01 2.275830678197542133e-04 0.000000000000000000e+00
3.900000000000000000e+04 1.559969773589147124e-01 2.765134274010013632e-02 8.233955393718707105e-01 1.483841602184797492e-01 5.689576695493854790e-04 0.000000000000000000e+00
3.925000000000000000e+04 1.569969579830101658e-01 2.696859353664087314e-02 8.243058716431497235e-01 1.482703686845698587e-01 4.551661356395084266e-04 0.000000000000000000e+00
3.950000000000000000e+04 1.579969386071058413e-01 2.878925807919890598e-02 8.228265817023213691e-01 1.481565771506599960e-01 2.275830678197542133e-04 0.000000000000000000e+00
3.975000000000000000e+04 1.589969192312015167e-01 2.935821574874829254e-02 8.220300409649522466e-01 1.482703686845698587e-01 3.413746017296313199e-04 0.000000000000000000e+00
4.000000000000000000e+04 1.599968998552969701e-01 2.799271734182976618e-02 8.227127901684114786e-01 1.484979517523896120e-01 7.965407373691396923e-04 0.000000000000000000e+00
4.025000000000000000e+04 1.609968804793926456e-01 2.810650887573964626e-02 8.231679563040509295e-01 1.479289940828402428e-01 7.965407373691396923e-04 0.000000000000000000e+00
4.050000000000000000e+04 1.619968611034883210e-01 2.856167501137915274e-02 8.225989986345015881e-01 1.483841602184797492e-01 4.551661356395084266e-04 0.000000000000000000e+00
4.075000000000000000e+04 1.629968417275837744e-01 3.004096495220755572e-02 8.215748748293126846e-01 1.475876194811105990e-01 7.965407373691396923e-04 0.000000000000000000e+00
4.100000000000000000e+04 1.639968223516794499e-01 2.833409194355939950e-02 8.221438324988621371e-01 1.486117432862995025e-01 9.103322712790168532e-04 0.000000000000000000e+00
4.125000000000000000e+04 1.649968029757751253e-01 3.220300409649522189e-02 8.188438780154756458e-01 1.483841602184797492e-01 5.689576695493854790e-04 0.000000000000000000e+00
4.150000000000000000e+04 1.659967835998705787e-01 3.026854802002730896e-02 8.212335002275830131e-01 1.482703686845698587e-01 2.275830678197542133e-04 0.000000000000000000e+00
4.175000000000000000e+04 1.669967642239662542e-01 3.038233955393718558e-02 8.202093764223942207e-01 1.483841602184797492e-01 1.024123805188893906e-03 0.000000000000000000e+00
4.200000000000000000e+04 1.679967448480619296e-01 2.981338188438780248e-02 8.214610832954027941e-01 1.480427856167501055e-01 6.827492034592626399e-04 0.000000000000000000e+00
4.225000000000000000e+04 1.689967254721573831e-01 3.254437869822485174e-02 8.189576695493855363e-01 1.473600364132908458e-01 1.137915339098770958e-03 0.000000000000000000e+00
4.250000000000000000e+04 1.699967060962530585e-01 4.233045061447428259e-02 7.974510696404187859e-01 1.576012744651797970e-01 2.617205279927173507e-03 0.000000000000000000e+00
4.275000000000000000e+04 1.709966867203487340e-01 7.555757851615839404e-02 7.455621301775148257e-01 1.725079654073737034e-01 6.372325898953117539e-03 0.000000000000000000e+00
4.300000000000000000e+04 1.719966673444444094e-01 6.133363677742376119e-02 7.793582157487483064e-01 1.566909421939007840e-01 2.617205279927173507e-03 0.000000000000000000e+00
4.325000000000000000e+04 1.729966479685398628e-01 6.178880291306326766e-02 7.793582157487483064e-01 1.570323167956304000e-01 1.820664542558033706e-03 0.000000000000000000e+00
4.350000000000000000e+04 1.739966285926355383e-01 5.780609922621757213e-02 7.801547564861174289e-01 1.595357305416477134e-01 2.503413746017296455e-03 0.000000000000000000e+00
4.375000000000000000e+04 1.749966092167312137e-01 5.678197542102867562e-02 7.853891670459717256e-01 1.553254437869822369e-01 2.503413746017296455e-03 0.000000000000000000e+00
4.400000000000000000e+04 1.759965898408266671e-01 5.484751934456076616e-02 7.860719162494310686e-01 1.565771506599908935e-01 2.503413746017296455e-03 0.000000000000000000e+00
4.425000000000000000e+04 1.769965704649223426e-01 5.564406008192990249e-02 7.842512517068730427e-01 1.573736913973600438e-01 2.730996813837050560e-03 0.000000000000000000e+00
4.450000000000000000e+04 1.779965510890180180e-01 5.541647701411014926e-02 7.828857532999544677e-01 1.595357305416477134e-01 2.162039144287664864e-03 0.000000000000000000e+00
4.475000000000000000e+04 1.789965317131134714e-01 5.450614474283113631e-02 7.864132908511606290e-01 1.557806099226217433e-01 3.299954483386436255e-03 0.000000000000000000e+00
4.500000000000000000e+04 1.799965123372091469e-01 5.575785161583977911e-02 7.849340009103322746e-01 1.564633591260810308e-01 2.844788347746927612e-03 0.000000000000000000e+00
4.525000000000000000e+04 1.809964929613048223e-01 5.632680928538916915e-02 7.836822940373235902e-01 1.577150659990896597e-01 2.275830678197541916e-03 0.000000000000000000e+00
4.550000000000000000e+04 1.819964735854002758e-01 5.518889394629039602e-02 7.859581247155211781e-01 1.564633591260810308e-01 2.389622212107419402e-03 0.000000000000000000e+00
4.575000000000000000e+04 1.829964542094959512e-01 5.723714155666818210e-02 7.834547109695039202e-01 1.569185252617205373e-01 2.389622212107419402e-03 0.000000000000000000e+00
4.600000000000000000e+04 1.839964348335916267e-01 5.564406008192990249e-02 7.853891670459717256e-01 1.557806099226217433e-01 3.186162949476558769e-03 0.000000000000000000e+00
4.625000000000000000e+04 1.849964154576870801e-01 5.780609922621757213e-02 7.819754210286754548e-01 1.571461083295402905e-01 3.072371415566681717e-03 0.000000000000000000e+00
4.650000000000000000e+04 1.859963960817827555e-01 5.700955848884842886e-02 7.828857532999544677e-01 1.580564406008193035e-01 2.048247610377787811e-03 0.000000000000000000e+00
4.675000000000000000e+04 1.869963767058784310e-01 5.644060081929904577e-02 7.822030040964952358e-01 1.569185252617205373e-01 4.437869822485207214e-03 0.000000000000000000e+00
4.700000000000000000e+04 1.879963573299741064e-01 5.518889394629039602e-02 7.836822940373235902e-01 1.571461083295402905e-01 3.982703686845699004e-03 0.000000000000000000e+00
4.725000000000000000e+04 1.889963379540695598e-01 5.689576695493855224e-02 7.823167956304051263e-01 1.577150659990896597e-01 3.072371415566681717e-03 0.000000000000000000e+00
4.750000000000000000e+04 1.899963185781652353e-01 5.632680928538916915e-02 7.828857532999544677e-01 1.572598998634501533e-01 3.527537551206190360e-03 0.000000000000000000e+00
4.775000000000000000e+04 1.909962992022609107e-01 5.746472462448793533e-02 7.825443786982249073e-01 1.570323167956304000e-01 2.958579881656804664e-03 0.000000000000000000e+00
4.800000000000000000e+04 1.919962798263563641e-01 5.791989076012744875e-02 7.800409649522075384e-01 1.574874829312699065e-01 4.551661356395083832e-03 0.000000000000000000e+00
4.825000000000000000e+04 1.929962604504520396e-01 5.575785161583977911e-02 7.807237141556667703e-01 1.591943559399180697e-01 4.324078288575329727e-03 0.000000000000000000e+00
4.850000000000000000e+04 1.939962410745477150e-01 5.587164314974965573e-02 7.835685025034136997e-01 1.570323167956304000e-01 3.527537551206190360e-03 0.000000000000000000e+00
4.875000000000000000e+04 1.949962216986431685e-01 5.814747382794720199e-02 7.817478379608556738e-01 1.566909421939007840e-01 3.413746017296313308e-03 0.000000000000000000e+00
4.900000000000000000e+04 1.959962023227388439e-01 5.917159763313609155e-02 7.798133818843877574e-01 1.571461083295402905e-01 3.868912152935821518e-03 0.000000000000000000e+00
4.925000000000000000e+04 1.969961829468345194e-01 5.666818388711879900e-02 7.798133818843877574e-01 1.602184797451069731e-01 3.299954483386436255e-03 0.000000000000000000e+00
4.950000000000000000e+04 1.979961635709299728e-01 5.769230769230769551e-02 7.809512972234865513e-01 1.569185252617205373e-01 4.437869822485207214e-03 0.000000000000000000e+00
4.975000000000000000e+04 1.989961441950256482e-01 5.700955848884842886e-02 7.800409649522075384e-01 1.580564406008193035e-01 4.893035958124715423e-03 0.000000000000000000e+00
5.000000000000000000e+04 1.999961248191213237e-01 6.019572143832498806e-02 7.778789258079198410e-01 1.583978152025489194e-01 3.527537551206190360e-03 0.000000000000000000e+00
5.025000000000000000e+04 2.009961054432169991e-01 5.871643149749658508e-02 7.793582157487483064e-01 1.582840236686390567e-01 3.641329085116067413e-03 0.000000000000000000e+00
5.050000000000000000e+04 2.019960860673124525e-01 6.042330450614474130e-02 7.781065088757396220e-01 1.585116067364588099e-01 2.958579881656804664e-03 0.000000000000000000e+00
5.075000000000000000e+04 2.029960666914081280e-01 5.951297223486572835e-02 7.754893035958124736e-01 1.611288120163859861e-01 3.868912152935821518e-03 0.000000000000000000e+00
5.100000000000000000e+04 2.039960473155038034e-01 5.746472462448793533e-02 7.786754665452890745e-01 1.586253982703686727e-01 5.234410559854347014e-03 0.000000000000000000e+00
5.125000000000000000e+04 2.049960279395992568e-01 6.042330450614474130e-02 7.753755120619025831e-01 1.601046882111970826e-01 4.096495220755575623e-03 0.000000000000000000e+00
5.150000000000000000e+04 2.059960085636949323e-01 5.780609922621757213e-02 7.769685935366408280e-01 1.614701866181156020e-01 3.755120619025944465e-03 0.000000000000000000e+00
5.175000000000000000e+04 2.069959891877906077e-01 5.757851615839781195e-02 7.777651342740100615e-01 1.594219390077378229e-01 5.234410559854347014e-03 0.000000000000000000e+00
5.200000000000000000e+04 2.079959698118860612e-01 6.998179335457442585e-02 7.669549385525716856e-01 1.585116067364588099e-01 4.551661356395083832e-03 0.000000000000000000e+00
5.225000000000000000e+04 2.089959504359817366e-01 8.443331816112881194e-02 7.481793354574419741e-01 1.620391442876649990e-01 5.348202093764223633e-03 0.000000000000000000e+00
5.250000000000000000e+04 2.099959310600774121e-01 7.134729176149294527e-02 7.445380063723259223e-01 1.789940828402366846e-01 5.120619025944469528e-03 0.000000000000000000e+00
5.275000000000000000e+04 2.109959116841728655e-01 7.555757851615839404e-02 7.381656804733728316e-01 1.816112881201638607e-01 4.665452890304961318e-03 0.000000000000000000e+00
5.300000000000000000e+04 2.119958923082685409e-01 7.532999544833864081e-02 7.408966772872098705e-01 1.799044151115156975e-01 3.868912152935821518e-03 0.000000000000000000e+00
5.325000000000000000e+04 2.129958729323642164e-01 7.146108329540282189e-02 7.440828402366863603e-01 1.803595812471552040e-01 4.096495220755575623e-03 0.000000000000000000e+00
5.350000000000000000e+04 2.139958535564596698e-01 7.282658170232134132e-02 7.423759672280382249e-01 1.816112881201638607e-01 3.186162949476558769e-03 0.000000000000000000e+00
5.375000000000000000e+04 2.149958341805553452e-01 7.066454255803368556e-02 7.451069640418752638e-01 1.802457897132453413e-01 3.982703686845699004e-03 0.000000000000000000e+00
5.400000000000000000e+04 2.159958148046510207e-01 7.077833409194356218e-02 7.445380063723259223e-01 1.799044151115156975e-01 4.779244424214838804e-03 0.000000000000000000e+00
5.425000000000000000e+04 2.169957954287466961e-01 7.180245789713245175e-02 7.432862994993172379e-01 1.810423304506144637e-01 3.868912152935821518e-03 0.000000000000000000e+00
5.450000000000000000e+04 2.179957760528421495e-01 7.248520710059171146e-02 7.416932180245789930e-01 1.817250796540737234e-01 4.096495220755575623e-03 0.000000000000000000e+00
5.475000000000000000e+04 2.189957566769378250e-01 7.203004096495220498e-02 7.443104233045061413e-01 1.809285389167046010e-01 2.730996813837050560e-03 0.000000000000000000e+00
5.500000000000000000e+04 2.199957373010335004e-01 7.168866636322257513e-02 7.469276285844332897e-01 1.785389167045971781e-01 2.844788347746927612e-03 0.000000000000000000e+00
5.525000000000000000e+04 2.209957179251289539e-01 7.214383249886208160e-02 7.449931725079653733e-01 1.803595812471552040e-01 2.503413746017296455e-03 0.000000000000000000e+00
5.550000000000000000e+04 2.219956985492246293e-01 7.043695949021393232e-02 7.452207555757851543e-01 1.807009558488848477e-01 3.641329085116067413e-03 0.000000000000000000e+00
5.575000000000000000e+04 2.229956791733203048e-01 7.111970869367319203e-02 7.465862539827037292e-01 1.799044151115156975e-01 2.389622212107419402e-03 0.000000000000000000e+00
5.600000000000000000e+04 2.239956597974157582e-01 7.282658170232134132e-02 7.455621301775148257e-01 1.800182066454255880e-01 1.593081474738279385e-03 0.000000000000000000e+00
5.625000000000000000e+04 2.249956404215114336e-01 7.077833409194356218e-02 7.459035047792443862e-01 1.802457897132453413e-01 3.072371415566681717e-03 0.000000000000000000e+00
5.650000000000000000e+04 2.259956210456071091e-01 7.168866636322257513e-02 7.465862539827037292e-01 1.792216659080564378e-01 2.503413746017296455e-03 0.000000000000000000e+00
5.675000000000000000e+04 2.269956016697025625e-01 7.134729176149294527e-02 7.460172963131542767e-01 1.807009558488848477e-01 1.934456076467910759e-03 0.000000000000000000e+00
