# itime ezz other fcc hcp bcc ico
0.000000000000000000e+00 0.000000000000000000e+00 0.000000000000000000e+00 1.000000000000000000e+00 0.000000000000000000e+00 0.000000000000000000e+00 0.000000000000000000e+00
2.500000000000000000e+03 9.999988589824537755e-03 0.000000000000000000e+00 1.000000000000000000e+00 0.000000000000000000e+00 0.000000000000000000e+00 0.000000000000000000e+00
5.000000000000000000e+03 1.999997717964885346e-02 0.000000000000000000e+00 1.000000000000000000e+00 0.000000000000000000e+00 0.000000000000000000e+00 0.000000000000000000e+00
7.500000000000000000e+03 2.999996576947339122e-02 0.000000000000000000e+00 1.000000000000000000e+00 0.000000000000000000e+00 0.000000000000000000e+00 0.000000000000000000e+00
1.000000000000000000e+04 3.999995435929770693e-02 0.000000000000000000e+00 1.000000000000000000e+00 0.000000000000000000e+00 0.000000000000000000e+00 0.000000000000000000e+00
1.250000000000000000e+04 4.999994294912224468e-02 0.000000000000000000e+00 1.000000000000000000e+00 0.000000000000000000e+00 0.000000000000000000e+00 0.000000000000000000e+00
1.500000000000000000e+04 5.999993153894678244e-02 0.000000000000000000e+00 1.000000000000000000e+00 0.000000000000000000e+00 0.000000000000000000e+00 0.000000000000000000e+00
1.750000000000000000e+04 6.999992012877109815e-02 0.000000000000000000e+00 1.000000000000000000e+00 0.000000000000000000e+00 0.000000000000000000e+00 0.000000000000000000e+00
2.000000000000000000e+04 7.999990871859563590e-02 1.137915339098771066e-04 9.998862084660901095e-01 0.000000000000000000e+00 0.000000000000000000e+00 0.000000000000000000e+00
2.250000000000000000e+04 8.999989730842017366e-02 3.413746017296313199e-04 9.996586253982703285e-01 0.000000000000000000e+00 0.000000000000000000e+00 0.000000000000000000e+00
2.500000000000000000e+04 9.999988589824448937e-02 4.779244424214838804e-03 9.947655894401457033e-01 0.000000000000000000e+00 4.551661356395084266e-04 0.000000000000000000e+00
2.750000000000000000e+04 1.099998744880690271e-01 5.826126536185707860e-02 8.550295857988166048e-01 0.000000000000000000e+00 8.670914883932635819e-02 0.000000000000000000e+00
3.000000000000000000e+04 1.199998630778933428e-01 7.942649066909421296e-02 7.814064633591261133e-01 1.371187983614019223e-01 2.048247610377787811e-03 0.000000000000000000e+00
3.250000000000000000e+04 1.299998516677178806e-01 5.553026854802002588e-02 8.076923076923077094e-01 1.362084660901228816e-01 5.689576695493854790e-04 0.000000000000000000e+00
3.500000000000000000e+04 1.399998402575424183e-01 5.712335002275830548e-02 8.023441055985435222e-01 1.396222121074192080e-01 9.103322712790168532e-04 0.000000000000000000e+00
3.750000000000000000e+04 1.499998288473667341e-01 5.723714155666818210e-02 8.025716886663631922e-01 1.391670459717797015e-01 1.024123805188893906e-03 0.000000000000000000e+00
4.000000000000000000e+04 1.599998174371912718e-01 5.871643149749658508e-02 7.982476103777879084e-01 1.417842512517068776e-01 1.251706873008648227e-03 0.000000000000000000e+00
4.250000000000000000e+04 1.699998060270158096e-01 6.008192990441511144e-02 7.963131543013199920e-01 1.409877105143377274e-01 2.617205279927173507e-03 0.000000000000000000e+00
4.500000000000000000e+04 1.799997946168401253e-01 8.363677742375967561e-02 7.890304961310878884e-01 1.239189804278561652e-01 3.413746017296313308e-03 0.000000000000000000e+00
4.750000000000000000e+04 1.899997832066646630e-01 8.921256258534364381e-02 7.862994993172508496e-01 1.214155666818388657e-01 3.072371415566681717e-03 0.000000000000000000e+00
5.000000000000000000e+04 1.999997717964889787e-01 6.053709604005461792e-02 7.971096950386891145e-01 1.415566681838871244e-01 7.965407373691396923e-04 0.000000000000000000e+00
5.250000000000000000e+04 2.099997603863135165e-01 6.224396904870277414e-02 7.957441966317706505e-01 1.415566681838871244e-01 4.551661356395084266e-04 0.000000000000000000e+00
5.500000000000000000e+04 2.199997489761380542e-01 6.099226217569413133e-02 7.793582157487483064e-01 1.538461538461538547e-01 5.803368229403732710e-03 0.000000000000000000e+00
5.750000000000000000e+04 2.299997375659623700e-01 7.851615839781520001e-02 7.370277651342740377e-01 1.799044151115156975e-01 4.551661356395083832e-03 0.000000000000000000e+00
6.000000000000000000e+04 2.399997261557869077e-01 8.477469276285844180e-02 7.238279472007282944e-01 1.854802002730996935e-01 5.917159763313609329e-03 0.000000000000000000e+00
6.250000000000000000e+04 2.499997147456114455e-01 9.797451069640418508e-02 7.377105143377332697e-01 1.622667273554847522e-01 2.048247610377787811e-03 0.000000000000000000e+00
6.500000000000000000e+04 2.599997033354357612e-01 9.626763768775603580e-02 7.423759672280382249e-01 1.594219390077378229e-01 1.934456076467910759e-03 0.000000000000000000e+00
6.750000000000000000e+04 2.699996919252602989e-01 1.077605826126536159e-01 7.319071461083295205e-01 1.582840236686390567e-01 2.048247610377787811e-03 0.000000000000000000e+00
7.000000000000000000e+04 2.799996805150846146e-01 1.030951297223486607e-01 7.279244424214837972e-01 1.659080564406008318e-01 3.072371415566681717e-03 0.000000000000000000e+00
7.250000000000000000e+04 2.899996691049091524e-01 8.761948111060537114e-02 7.635411925352754148e-01 1.469048702776513393e-01 1.934456076467910759e-03 0.000000000000000000e+00
7.500000000000000000e+04 2.999996576947336901e-01 8.773327264451524776e-02 7.703686845698679564e-01 1.413290851160673711e-01 5.689576695493854790e-04 0.000000000000000000e+00
7.750000000000000000e+04 3.099996462845580059e-01 8.750568957669549452e-02 7.717341829767865313e-01 1.404187528447883582e-01 3.413746017296313199e-04 0.000000000000000000e+00
8.000000000000000000e+04 3.199996348743825436e-01 8.534365043240782489e-02 7.735548475193445572e-01 1.407601274465179741e-01 3.413746017296313199e-04 0.000000000000000000e+00
8.250000000000000000e+04 3.299996234642070814e-01 8.477469276285844180e-02 7.766272189349112676e-01 1.383705052344105513e-01 2.275830678197542133e-04 0.000000000000000000e+00
8.500000000000000000e+04 3.399996120540313971e-01 8.818843878015475424e-02 7.763996358670914866e-01 1.348429676832043622e-01 5.689576695493854790e-04 0.000000000000000000e+00
8.750000000000000000e+04 3.499996006438559348e-01 8.693673190714611143e-02 7.769685935366408280e-01 1.354119253527537592e-01 6.827492034592626399e-04 0.000000000000000000e+00
9.000000000000000000e+04 3.599995892336802505e-01 8.625398270368685172e-02 7.776513427401001710e-01 1.352981338188438687e-01 7.965407373691396923e-04 0.000000000000000000e+00
9.250000000000000000e+04 3.699995778235047883e-01 9.046426945835230049e-02 7.760582612653618151e-01 1.324533454710969393e-01 1.024123805188893906e-03 0.000000000000000000e+00
9.500000000000000000e+04 3.799995664133293261e-01 9.763313609467455523e-02 7.622894856622667303e-01 1.388256713700500578e-01 1.251706873008648227e-03 0.000000000000000000e+00
9.750000000000000000e+04 3.899995550031536418e-01 1.115157032316795582e-01 7.467000455166135087e-01 1.391670459717797015e-01 2.617205279927173507e-03 0.000000000000000000e+00
1.000000000000000000e+05 3.999995435929781795e-01 1.134501593081474746e-01 7.430587164314974569e-01 1.412152935821574806e-01 2.275830678197541916e-03 0.000000000000000000e+00
1.025000000000000000e+05 4.099995321828024952e-01 1.151570323167956239e-01 7.451069640418752638e-01 1.368912152935821691e-01 2.844788347746927612e-03 0.000000000000000000e+00
1.050000000000000000e+05 4.199995207726270330e-01 1.233500227583067821e-01 7.193900773782430091e-01 1.541875284478834707e-01 3.072371415566681717e-03 0.000000000000000000e+00
1.075000000000000000e+05 4.299995093624515707e-01 1.748975876194810986e-01 6.581702321347291385e-01 1.616977696859353553e-01 5.234410559854347014e-03 0.000000000000000000e+00
1.100000000000000000e+05 4.399994979522758864e-01 1.693218024578971304e-01 6.739872553482021411e-01 1.499772416932180219e-01 6.713700500682749130e-03 0.000000000000000000e+00
1.125000000000000000e+05 4.499994865421004242e-01 1.589667728720983164e-01 6.865043240782885414e-01 1.479289940828402428e-01 6.599908966772872511e-03 0.000000000000000000e+00
1.150000000000000000e+05 4.599994751319249620e-01 1.552116522530723741e-01 7.000455166135639562e-01 1.371187983614019223e-01 7.624032771961766417e-03 0.000000000000000000e+00
1.175000000000000000e+05 4.699994637217492777e-01 1.357532999544833752e-01 7.134729176149294805e-01 1.423532089212562468e-01 8.420573509330906217e-03 0.000000000000000000e+00
1.200000000000000000e+05 4.799994523115738154e-01 1.360946745562130189e-01 7.125625853436504675e-01 1.413290851160673711e-01 1.001365498406918582e-02 0.000000000000000000e+00
1.225000000000000000e+05 4.899994409013981311e-01 1.348429676832043622e-01 7.156349567592170668e-01 1.412152935821574806e-01 8.306781975421027864e-03 0.000000000000000000e+00
1.250000000000000000e+05 4.999994294912226689e-01 1.381429221665907980e-01 7.102867546654528796e-01 1.425807919890760000e-01 8.989531178880291046e-03 0.000000000000000000e+00
1.275000000000000000e+05 5.099994180810472066e-01 1.423532089212562468e-01 7.074419663177059503e-01 1.438324988620846567e-01 6.372325898953117539e-03 0.000000000000000000e+00
1.300000000000000000e+05 5.199994066708715224e-01 1.409877105143377274e-01 6.862767410104688715e-01 1.632908511606736557e-01 9.444697314519799256e-03 0.000000000000000000e+00
1.325000000000000000e+05 5.299993952606960601e-01 1.339326354119253493e-01 7.192762858443332297e-01 1.441738734638143005e-01 2.617205279927173507e-03 0.000000000000000000e+00
1.350000000000000000e+05 5.399993838505205979e-01 1.309740555302685572e-01 7.218934911242603780e-01 1.434911242603550408e-01 3.641329085116067413e-03 0.000000000000000000e+00
1.375000000000000000e+05 5.499993724403449136e-01 1.309740555302685572e-01 7.243969048702776359e-01 1.428083750568957533e-01 1.820664542558033706e-03 0.000000000000000000e+00
1.400000000000000000e+05 5.599993610301694513e-01 1.330223031406463363e-01 7.228038233955393910e-01 1.421256258534364936e-01 2.048247610377787811e-03 0.000000000000000000e+00
1.425000000000000000e+05 5.699993496199937670e-01 1.200500682749203463e-01 7.311106053709603980e-01 1.480427856167501055e-01 7.965407373691396923e-04 0.000000000000000000e+00
1.450000000000000000e+05 5.799993382098183048e-01 1.209604005461993592e-01 7.269003186162948937e-01 1.513427401001365413e-01 7.965407373691396923e-04 0.000000000000000000e+00
1.475000000000000000e+05 5.899993267996428425e-01 1.261948111060537114e-01 7.243969048702776359e-01 1.483841602184797492e-01 1.024123805188893906e-03 0.000000000000000000e+00
1.500000000000000000e+05 5.999993153894671583e-01 1.266499772416932179e-01 7.203004096495220221e-01 1.519116977696859383e-01 1.137915339098770958e-03 0.000000000000000000e+00
1.525000000000000000e+05 6.099993039792916960e-01 1.290395994538006408e-01 7.185935366408738867e-01 1.507737824305871721e-01 1.593081474738279385e-03 0.000000000000000000e+00
1.550000000000000000e+05 6.199992925691162338e-01 1.296085571233500100e-01 7.167728720983158608e-01 1.520254893035958010e-01 1.593081474738279385e-03 0.000000000000000000e+00
1.575000000000000000e+05 6.299992811589405495e-01 1.317705962676376796e-01 7.131315430131998090e-01 1.532771961766044577e-01 1.820664542558033706e-03 0.000000000000000000e+00
1.600000000000000000e+05 6.399992697487650872e-01 1.313154301319981732e-01 7.127901684114701375e-01 1.535047792444242110e-01 2.389622212107419402e-03 0.000000000000000000e+00
1.625000000000000000e+05 6.499992583385894029e-01 1.305188893946290507e-01 7.262175694128356618e-01 1.418980427856167403e-01 1.365498406918525280e-03 0.000000000000000000e+00
1.650000000000000000e+05 6.599992469284139407e-01 1.272189349112426149e-01 7.329312699135184239e-01 1.388256713700500578e-01 1.024123805188893906e-03 0.000000000000000000e+00
1.675000000000000000e+05 6.699992355182384784e-01 1.277878925807919841e-01 7.319071461083295205e-01 1.395084205735093175e-01 7.965407373691396923e-04 0.000000000000000000e+00
1.700000000000000000e+05 6.799992241080627942e-01 1.258534365043240677e-01 7.338416021847974369e-01 1.395084205735093175e-01 7.965407373691396923e-04 0.000000000000000000e+00
1.725000000000000000e+05 6.899992126978873319e-01 1.267637687756031084e-01 7.292899408284023721e-01 1.424670004551661373e-01 1.479289940828402332e-03 0.000000000000000000e+00
1.750000000000000000e+05 6.999992012877118697e-01 1.292671825216203940e-01 7.233727810650887324e-01 1.467910787437414766e-01 5.689576695493854790e-04 0.000000000000000000e+00
1.775000000000000000e+05 7.099991898775361854e-01 1.313154301319981732e-01 7.224624487938097195e-01 1.454255803368229294e-01 7.965407373691396923e-04 0.000000000000000000e+00
1.800000000000000000e+05 7.199991784673607231e-01 1.372325898953117851e-01 7.141556668183887124e-01 1.482703686845698587e-01 3.413746017296313199e-04 0.000000000000000000e+00
1.825000000000000000e+05 7.299991670571850388e-01 1.795630405097860816e-01 6.263086026399635742e-01 1.917387346381429214e-01 2.389622212107419402e-03 0.000000000000000000e+00
1.850000000000000000e+05 7.399991556470095766e-01 1.786527082385070686e-01 6.304050978607191880e-01 1.895766954938552518e-01 1.365498406918525280e-03 0.000000000000000000e+00
1.875000000000000000e+05 7.499991442368341144e-01 1.797906235776058348e-01 6.325671370050067743e-01 1.851388256713700498e-01 2.503413746017296455e-03 0.000000000000000000e+00
1.900000000000000000e+05 7.599991328266584301e-01 1.768320436959490149e-01 6.366636322257623881e-01 1.849112426035502965e-01 1.593081474738279385e-03 0.000000000000000000e+00
1.925000000000000000e+05 7.699991214164829678e-01 1.959490213928083702e-01 6.220983158852981809e-01 1.777423759672280279e-01 4.210286754665453109e-03 0.000000000000000000e+00
1.950000000000000000e+05 7.799991100063072835e-01 1.957214383249886169e-01 6.316568047337277614e-01 1.692080109239872676e-01 3.413746017296313308e-03 0.000000000000000000e+00
1.975000000000000000e+05 7.899990985961318213e-01 2.000455166135639562e-01 6.249431042330451103e-01 1.723941738734638129e-01 2.617205279927173507e-03 0.000000000000000000e+00
2.000000000000000000e+05 7.999990871859563590e-01 1.974283113336367801e-01 6.289258079198907225e-01 1.704597177969958965e-01 3.186162949476558769e-03 0.000000000000000000e+00
2.025000000000000000e+05 8.099990757757806747e-01 2.140418752844788219e-01 6.296085571233500655e-01 1.530496131087847045e-01 3.299954483386436255e-03 0.000000000000000000e+00
2.050000000000000000e+05 8.199990643656052125e-01 1.688666363222576239e-01 6.987938097405552718e-01 1.283568502503413811e-01 3.982703686845699004e-03 0.000000000000000000e+00
2.075000000000000000e+05 8.299990529554297503e-01 1.671597633136094607e-01 6.973145197997269173e-01 1.293809740555302568e-01 6.144742831133363434e-03 0.000000000000000000e+00
2.100000000000000000e+05 8.399990415452540660e-01 1.543013199817933612e-01 7.072143832498861693e-01 1.299499317250796537e-01 8.534365043240782836e-03 0.000000000000000000e+00
2.125000000000000000e+05 8.499990301350786037e-01 1.332498862084660896e-01 7.267865270823851143e-01 1.397360036413290985e-01 2.275830678197542133e-04 0.000000000000000000e+00
2.150000000000000000e+05 8.599990187249029194e-01 1.264223941738734647e-01 7.254210286754665393e-01 1.477014110150204895e-01 4.551661356395084266e-04 0.000000000000000000e+00
2.175000000000000000e+05 8.699990073147274572e-01 1.285844333181611343e-01 7.185935366408738867e-01 1.522530723714155543e-01 5.689576695493854790e-04 0.000000000000000000e+00
2.200000000000000000e+05 8.799989959045519949e-01 1.290395994538006408e-01 7.175694128356849832e-01 1.533909877105143482e-01 0.000000000000000000e+00 0.000000000000000000e+00
2.225000000000000000e+05 8.899989844943763106e-01 1.315430131998179264e-01 7.156349567592170668e-01 1.522530723714155543e-01 5.689576695493854790e-04 0.000000000000000000e+00
2.250000000000000000e+05 8.999989730842008484e-01 1.283568502503413811e-01 7.166590805644059703e-01 1.535047792444242110e-01 1.479289940828402332e-03 0.000000000000000000e+00
2.275000000000000000e+05 9.099989616740253862e-01 1.294947655894401473e-01 7.133591260810195900e-01 1.558944014565316338e-01 1.251706873008648227e-03 0.000000000000000000e+00
2.300000000000000000e+05 9.199989502638497019e-01 1.290395994538006408e-01 7.126763768775603580e-01 1.578288575329995502e-01 4.551661356395084266e-04 0.000000000000000000e+00
2.325000000000000000e+05 9.299989388536742396e-01 1.327947200728265831e-01 7.085798816568047442e-01 1.572598998634501533e-01 1.365498406918525280e-03 0.000000000000000000e+00
2.350000000000000000e+05 9.399989274434985553e-01 1.467910787437414766e-01 6.776285844333181929e-01 1.738734638142922229e-01 1.706873008648156654e-03 0.000000000000000000e+00
2.375000000000000000e+05 9.499989160333230931e-01 1.541875284478834707e-01 6.829767865270823801e-01 1.619253527537551085e-01 9.103322712790168532e-04 0.000000000000000000e+00
2.400000000000000000e+05 9.599989046231476308e-01 1.451979972690031762e-01 6.830905780609922706e-01 1.708010923987255403e-01 9.103322712790168532e-04 0.000000000000000000e+00
2.425000000000000000e+05 9.699988932129719466e-01 1.429221665908056438e-01 6.829767865270823801e-01 1.728493400091033194e-01 1.251706873008648227e-03 0.000000000000000000e+00
2.450000000000000000e+05 9.799988818027964843e-01 1.451979972690031762e-01 6.814974965862540257e-01 1.725079654073737034e-01 7.965407373691396923e-04 0.000000000000000000e+00
2.475000000000000000e+05 9.899988703926210221e-01 1.447428311333636697e-01 6.776285844333181929e-01 1.759217114246700020e-01 1.706873008648156654e-03 0.000000000000000000e+00
2.500000000000000000e+05 9.999988589824453378e-01 1.491807009558488717e-01 6.728493400091033472e-01 1.756941283568502488e-01 2.275830678197541916e-03 0.000000000000000000e+00
