# itime ezz other fcc hcp bcc ico
0.000000000000000000e+00 0.000000000000000000e+00 0.000000000000000000e+00 1.000000000000000000e+00 0.000000000000000000e+00 0.000000000000000000e+00 0.000000000000000000e+00
8.000000000000000000e+03 1.999991597403161236e-03 0.000000000000000000e+00 1.000000000000000000e+00 0.000000000000000000e+00 0.000000000000000000e+00 0.000000000000000000e+00
1.600000000000000000e+04 3.999983194806322473e-03 0.000000000000000000e+00 1.000000000000000000e+00 0.000000000000000000e+00 0.000000000000000000e+00 0.000000000000000000e+00
2.400000000000000000e+04 5.999974792209483709e-03 0.000000000000000000e+00 1.000000000000000000e+00 0.000000000000000000e+00 0.000000000000000000e+00 0.000000000000000000e+00
3.200000000000000000e+04 7.999966389612644946e-03 0.000000000000000000e+00 1.000000000000000000e+00 0.000000000000000000e+00 0.000000000000000000e+00 0.000000000000000000e+00
4.000000000000000000e+04 9.999957987015806182e-03 0.000000000000000000e+00 1.000000000000000000e+00 0.000000000000000000e+00 0.000000000000000000e+00 0.000000000000000000e+00
4.800000000000000000e+04 1.199994958441896742e-02 0.000000000000000000e+00 1.000000000000000000e+00 0.000000000000000000e+00 0.000000000000000000e+00 0.000000000000000000e+00
5.600000000000000000e+04 1.399994118182212866e-02 0.000000000000000000e+00 1.000000000000000000e+00 0.000000000000000000e+00 0.000000000000000000e+00 0.000000000000000000e+00
6.400000000000000000e+04 1.599993277922528989e-02 0.000000000000000000e+00 1.000000000000000000e+00 0.000000000000000000e+00 0.000000000000000000e+00 0.000000000000000000e+00
7.200000000000000000e+04 1.799992437662845113e-02 0.000000000000000000e+00 1.000000000000000000e+00 0.000000000000000000e+00 0.000000000000000000e+00 0.000000000000000000e+00
8.000000000000000000e+04 1.999991597403161236e-02 0.000000000000000000e+00 1.000000000000000000e+00 0.000000000000000000e+00 0.000000000000000000e+00 0.000000000000000000e+00
8.800000000000000000e+04 2.199990757143477360e-02 0.000000000000000000e+00 1.000000000000000000e+00 0.000000000000000000e+00 0.000000000000000000e+00 0.000000000000000000e+00
9.600000000000000000e+04 2.399989916883793484e-02 0.000000000000000000e+00 1.000000000000000000e+00 0.000000000000000000e+00 0.000000000000000000e+00 0.000000000000000000e+00
1.040000000000000000e+05 2.599989076624109607e-02 0.000000000000000000e+00 1.000000000000000000e+00 0.000000000000000000e+00 0.000000000000000000e+00 0.000000000000000000e+00
1.120000000000000000e+05 2.799988236364425731e-02 0.000000000000000000e+00 1.000000000000000000e+00 0.000000000000000000e+00 0.000000000000000000e+00 0.000000000000000000e+00
1.200000000000000000e+05 2.999987396104741855e-02 0.000000000000000000e+00 1.000000000000000000e+00 0.000000000000000000e+00 0.000000000000000000e+00 0.000000000000000000e+00
1.280000000000000000e+05 3.199986555845057978e-02 0.000000000000000000e+00 1.000000000000000000e+00 0.000000000000000000e+00 0.000000000000000000e+00 0.000000000000000000e+00
1.360000000000000000e+05 3.399985715585374102e-02 0.000000000000000000e+00 1.000000000000000000e+00 0.000000000000000000e+00 0.000000000000000000e+00 0.000000000000000000e+00
1.440000000000000000e+05 3.599984875325690226e-02 0.000000000000000000e+00 1.000000000000000000e+00 0.000000000000000000e+00 0.000000000000000000e+00 0.000000000000000000e+00
1.520000000000000000e+05 3.799984035066006349e-02 0.000000000000000000e+00 1.000000000000000000e+00 0.000000000000000000e+00 0.000000000000000000e+00 0.000000000000000000e+00
1.600000000000000000e+05 3.999983194806322473e-02 0.000000000000000000e+00 1.000000000000000000e+00 0.000000000000000000e+00 0.000000000000000000e+00 0.000000000000000000e+00
1.680000000000000000e+05 4.199982354546638597e-02 0.000000000000000000e+00 1.000000000000000000e+00 0.000000000000000000e+00 0.000000000000000000e+00 0.000000000000000000e+00
1.760000000000000000e+05 4.399981514286954720e-02 0.000000000000000000e+00 1.000000000000000000e+00 0.000000000000000000e+00 0.000000000000000000e+00 0.000000000000000000e+00
1.840000000000000000e+05 4.599980674027270844e-02 0.000000000000000000e+00 1.000000000000000000e+00 0.000000000000000000e+00 0.000000000000000000e+00 0.000000000000000000e+00
1.920000000000000000e+05 4.799979833767586967e-02 0.000000000000000000e+00 1.000000000000000000e+00 0.000000000000000000e+00 0.000000000000000000e+00 0.000000000000000000e+00
2.000000000000000000e+05 4.999978993507903091e-02 0.000000000000000000e+00 1.000000000000000000e+00 0.000000000000000000e+00 0.000000000000000000e+00 0.000000000000000000e+00
2.080000000000000000e+05 5.199978153248219215e-02 0.000000000000000000e+00 1.000000000000000000e+00 0.000000000000000000e+00 0.000000000000000000e+00 0.000000000000000000e+00
2.160000000000000000e+05 5.399977312988535338e-02 0.000000000000000000e+00 1.000000000000000000e+00 0.000000000000000000e+00 0.000000000000000000e+00 0.000000000000000000e+00
2.240000000000000000e+05 5.599976472728851462e-02 0.000000000000000000e+00 1.000000000000000000e+00 0.000000000000000000e+00 0.000000000000000000e+00 0.000000000000000000e+00
2.320000000000000000e+05 5.799975632469167586e-02 1.137915339098771066e-04 9.998862084660901095e-01 0.000000000000000000e+00 0.000000000000000000e+00 0.000000000000000000e+00
2.400000000000000000e+05 5.999974792209483709e-02 0.000000000000000000e+00 1.000000000000000000e+00 0.000000000000000000e+00 0.000000000000000000e+00 0.000000000000000000e+00
2.480000000000000000e+05 6.199973951949799833e-02 0.000000000000000000e+00 1.000000000000000000e+00 0.000000000000000000e+00 0.000000000000000000e+00 0.000000000000000000e+00
2.560000000000000000e+05 6.399973111690115957e-02 0.000000000000000000e+00 1.000000000000000000e+00 0.000000000000000000e+00 0.000000000000000000e+00 0.000000000000000000e+00
2.640000000000000000e+05 6.599972271430432080e-02 0.000000000000000000e+00 1.000000000000000000e+00 0.000000000000000000e+00 0.000000000000000000e+00 0.000000000000000000e+00
2.720000000000000000e+05 6.799971431170748204e-02 0.000000000000000000e+00 1.000000000000000000e+00 0.000000000000000000e+00 0.000000000000000000e+00 0.000000000000000000e+00
2.800000000000000000e+05 6.999970590911064328e-02 0.000000000000000000e+00 1.000000000000000000e+00 0.000000000000000000e+00 0.000000000000000000e+00 0.000000000000000000e+00
2.880000000000000000e+05 7.199969750651380451e-02 0.000000000000000000e+00 1.000000000000000000e+00 0.000000000000000000e+00 0.000000000000000000e+00 0.000000000000000000e+00
2.960000000000000000e+05 7.399968910391696575e-02 0.000000000000000000e+00 1.000000000000000000e+00 0.000000000000000000e+00 0.000000000000000000e+00 0.000000000000000000e+00
3.040000000000000000e+05 7.599968070132012699e-02 2.275830678197542133e-04 9.997724169321802190e-01 0.000000000000000000e+00 0.000000000000000000e+00 0.000000000000000000e+00
3.120000000000000000e+05 7.799967229872328822e-02 0.000000000000000000e+00 1.000000000000000000e+00 0.000000000000000000e+00 0.000000000000000000e+00 0.000000000000000000e+00
3.200000000000000000e+05 7.999966389612644946e-02 4.551661356395084266e-04 9.995448338643604380e-01 0.000000000000000000e+00 0.000000000000000000e+00 0.000000000000000000e+00
3.280000000000000000e+05 8.199965549352983274e-02 4.551661356395084266e-04 9.995448338643604380e-01 0.000000000000000000e+00 0.000000000000000000e+00 0.000000000000000000e+00
3.360000000000000000e+05 8.399964709093299398e-02 0.000000000000000000e+00 1.000000000000000000e+00 0.000000000000000000e+00 0.000000000000000000e+00 0.000000000000000000e+00
3.440000000000000000e+05 8.599963868833615521e-02 4.551661356395084266e-04 9.995448338643604380e-01 0.000000000000000000e+00 0.000000000000000000e+00 0.000000000000000000e+00
3.520000000000000000e+05 8.799963028573931645e-02 2.275830678197542133e-04 9.997724169321802190e-01 0.000000000000000000e+00 0.000000000000000000e+00 0.000000000000000000e+00
3.600000000000000000e+05 8.999962188314247769e-02 4.551661356395084266e-04 9.995448338643604380e-01 0.000000000000000000e+00 0.000000000000000000e+00 0.000000000000000000e+00
3.680000000000000000e+05 9.199961348054563892e-02 7.965407373691396923e-04 9.992034592626308775e-01 0.000000000000000000e+00 0.000000000000000000e+00 0.000000000000000000e+00
3.760000000000000000e+05 9.399960507794880016e-02 1.593081474738279385e-03 9.982931269913518646e-01 0.000000000000000000e+00 1.137915339098771066e-04 0.000000000000000000e+00
3.840000000000000000e+05 9.599959667535196139e-02 1.251706873008648227e-03 9.985207100591716456e-01 0.000000000000000000e+00 2.275830678197542133e-04 0.000000000000000000e+00
3.920000000000000000e+05 9.799958827275512263e-02 1.706873008648156654e-03 9.982931269913518646e-01 0.000000000000000000e+00 0.000000000000000000e+00 0.000000000000000000e+00
4.000000000000000000e+05 9.999957987015828387e-02 3.527537551206190360e-03 9.962448793809740577e-01 0.000000000000000000e+00 2.275830678197542133e-04 0.000000000000000000e+00
4.080000000000000000e+05 1.019995714675614451e-01 3.527537551206190360e-03 9.963586709148839482e-01 0.000000000000000000e+00 1.137915339098771066e-04 0.000000000000000000e+00
4.160000000000000000e+05 1.039995630649646063e-01 3.527537551206190360e-03 9.960172963131542767e-01 0.000000000000000000e+00 4.551661356395084266e-04 0.000000000000000000e+00
4.240000000000000000e+05 1.059995546623677676e-01 8.648156577150659455e-03 9.905553026854801990e-01 0.000000000000000000e+00 7.965407373691396923e-04 0.000000000000000000e+00
4.320000000000000000e+05 1.079995462597709288e-01 7.680928538916705073e-02 6.005917159763313196e-01 3.212335002275830687e-01 1.365498406918525280e-03 0.000000000000000000e+00
4.400000000000000000e+05 1.099995378571740900e-01 7.726445152480655720e-02 5.999089667728720876e-01 3.223714155666818626e-01 4.551661356395084266e-04 0.000000000000000000e+00
4.480000000000000000e+05 1.119995294545772513e-01 8.249886208466089554e-02 5.979745106964041712e-01 3.189576695493855363e-01 5.689576695493854790e-04 0.000000000000000000e+00
4.560000000000000000e+05 1.139995210519804125e-01 8.545744196631770151e-02 5.972917614929449392e-01 3.156577150659991005e-01 1.593081474738279385e-03 0.000000000000000000e+00
4.640000000000000000e+05 1.159995126493835738e-01 8.921256258534364381e-02 5.779472007282657753e-01 3.268092853891670369e-01 6.030951297223486815e-03 0.000000000000000000e+00
4.720000000000000000e+05 1.179995042467867350e-01 8.921256258534364381e-02 5.777196176604461053e-01 3.262403277196176399e-01 6.827492034592626616e-03 0.000000000000000000e+00
4.800000000000000000e+05 1.199994958441898962e-01 8.818843878015475424e-02 5.780609922621756658e-01 3.266954938552571464e-01 7.055075102412380721e-03 0.000000000000000000e+00
4.880000000000000000e+05 1.219994874415930575e-01 8.818843878015475424e-02 5.787437414656350088e-01 3.282885753299954468e-01 4.779244424214838804e-03 0.000000000000000000e+00
4.960000000000000000e+05 1.239994790389962187e-01 8.898497951752389057e-02 5.778334091943558848e-01 3.270368684569868178e-01 6.144742831133363434e-03 0.000000000000000000e+00
5.040000000000000000e+05 1.259994706363993799e-01 9.353664087391898307e-02 5.752162039144287364e-01 3.227127901684114786e-01 8.534365043240782836e-03 0.000000000000000000e+00
5.120000000000000000e+05 1.279994622338025412e-01 1.148156577150659940e-01 5.598543468365954068e-01 3.177059626763768518e-01 7.624032771961766417e-03 0.000000000000000000e+00
5.200000000000000000e+05 1.299994538312057024e-01 1.133363677742375980e-01 5.417614929449249273e-01 3.442193900773782289e-01 6.827492034592626399e-04 0.000000000000000000e+00
5.280000000000000000e+05 1.319994454286088637e-01 1.143604915794264876e-01 5.409649522075558048e-01 3.431952662721893255e-01 1.479289940828402332e-03 0.000000000000000000e+00
5.360000000000000000e+05 1.339994370260120249e-01 1.157259899863450209e-01 5.444924897587619661e-01 3.367091488393263443e-01 3.072371415566681717e-03 0.000000000000000000e+00
5.440000000000000000e+05 1.359994286234151861e-01 1.145880746472462408e-01 5.406235776058261333e-01 3.417159763313609711e-01 3.072371415566681717e-03 0.000000000000000000e+00
5.520000000000000000e+05 1.379994202208183474e-01 1.121984524351388318e-01 5.450614474283113076e-01 3.410332271279016836e-01 1.706873008648156654e-03 0.000000000000000000e+00
5.600000000000000000e+05 1.399994118182215086e-01 1.136777423759672279e-01 5.450614474283113076e-01 3.394401456531633832e-01 1.820664542558033706e-03 0.000000000000000000e+00
5.680000000000000000e+05 1.419994034156246698e-01 1.154984069185252676e-01 5.457441966317706505e-01 3.356850250341374409e-01 3.072371415566681717e-03 0.000000000000000000e+00
5.760000000000000000e+05 1.439993950130278311e-01 1.194811106053709632e-01 5.438097405553027341e-01 3.337505689576695245e-01 2.958579881656804664e-03 0.000000000000000000e+00
5.840000000000000000e+05 1.459993866104309923e-01 1.199362767410104696e-01 5.456304050978607600e-01 3.318161128812016636e-01 2.617205279927173507e-03 0.000000000000000000e+00
5.920000000000000000e+05 1.479993782078341535e-01 1.286982248520709970e-01 5.405097860719162428e-01 3.269230769230769273e-01 3.868912152935821518e-03 0.000000000000000000e+00
6.000000000000000000e+05 1.499993698052373148e-01 1.302913063268092975e-01 5.309512972234865513e-01 3.342057350933090309e-01 4.551661356395083832e-03 0.000000000000000000e+00
6.080000000000000000e+05 1.519993614026404760e-01 1.363222576240327721e-01 5.954710969503869133e-01 2.577378243058716656e-01 1.046882111970869403e-02 0.000000000000000000e+00
6.160000000000000000e+05 1.539993530000436373e-01 1.165225307237141572e-01 7.135867091488393710e-01 1.653390987710514348e-01 4.551661356395083832e-03 0.000000000000000000e+00
6.240000000000000000e+05 1.559993445974467985e-01 1.172052799271734169e-01 7.132453345471096995e-01 1.659080564406008318e-01 3.641329085116067413e-03 0.000000000000000000e+00
6.320000000000000000e+05 1.579993361948499597e-01 1.185707783340919502e-01 7.123350022758306865e-01 1.661356395084205850e-01 2.958579881656804664e-03 0.000000000000000000e+00
6.400000000000000000e+05 1.599993277922531210e-01 1.180018206645425533e-01 7.137005006827491504e-01 1.657942649066909413e-01 2.503413746017296455e-03 0.000000000000000000e+00
6.480000000000000000e+05 1.619993193896562822e-01 1.178880291306326766e-01 7.148384160218479444e-01 1.651115157032316816e-01 2.162039144287664864e-03 0.000000000000000000e+00
6.560000000000000000e+05 1.639993109870594434e-01 1.197086936731907164e-01 7.146108329540282744e-01 1.655666818388711881e-01 1.137915339098771066e-04 0.000000000000000000e+00
6.640000000000000000e+05 1.659993025844626047e-01 1.187983614019117035e-01 7.152935821574875064e-01 1.655666818388711881e-01 3.413746017296313199e-04 0.000000000000000000e+00
6.720000000000000000e+05 1.679992941818657659e-01 1.193673190714610866e-01 7.149522075557578349e-01 1.655666818388711881e-01 1.137915339098771066e-04 0.000000000000000000e+00
6.800000000000000000e+05 1.699992857792689271e-01 1.202776513427400995e-01 7.144970414201183839e-01 1.652253072371415443e-01 0.000000000000000000e+00 0.000000000000000000e+00
6.880000000000000000e+05 1.719992773766720884e-01 1.193673190714610866e-01 7.149522075557578349e-01 1.653390987710514348e-01 3.413746017296313199e-04 0.000000000000000000e+00
6.960000000000000000e+05 1.739992689740752496e-01 1.213017751479289891e-01 7.131315430131998090e-01 1.651115157032316816e-01 4.551661356395084266e-04 0.000000000000000000e+00
7.040000000000000000e+05 1.759992605714784109e-01 1.209604005461993592e-01 7.131315430131998090e-01 1.651115157032316816e-01 7.965407373691396923e-04 0.000000000000000000e+00
7.120000000000000000e+05 1.779992521688815721e-01 1.194811106053709632e-01 7.152935821574875064e-01 1.649977241693217911e-01 2.275830678197542133e-04 0.000000000000000000e+00
7.200000000000000000e+05 1.799992437662847333e-01 1.321119708693673234e-01 6.927628584433318526e-01 1.651115157032316816e-01 1.001365498406918582e-02 0.000000000000000000e+00
7.280000000000000000e+05 1.819992353636878946e-01 3.550295857988165771e-02 7.751479289940828021e-01 1.893491124260354985e-01 0.000000000000000000e+00 0.000000000000000000e+00
7.360000000000000000e+05 1.839992269610910558e-01 3.550295857988165771e-02 7.751479289940828021e-01 1.893491124260354985e-01 0.000000000000000000e+00 0.000000000000000000e+00
7.440000000000000000e+05 1.859992185584942170e-01 3.538916704597178109e-02 7.751479289940828021e-01 1.893491124260354985e-01 1.137915339098771066e-04 0.000000000000000000e+00
7.520000000000000000e+05 1.879992101558973783e-01 3.550295857988165771e-02 7.751479289940828021e-01 1.893491124260354985e-01 0.000000000000000000e+00 0.000000000000000000e+00
7.600000000000000000e+05 1.899992017533005395e-01 3.629949931725079404e-02 7.743513882567136797e-01 1.893491124260354985e-01 0.000000000000000000e+00 0.000000000000000000e+00
7.680000000000000000e+05 1.919991933507037007e-01 3.561675011379153433e-02 7.750341374601729116e-01 1.893491124260354985e-01 0.000000000000000000e+00 0.000000000000000000e+00
7.760000000000000000e+05 1.939991849481068620e-01 3.550295857988165771e-02 7.751479289940828021e-01 1.893491124260354985e-01 0.000000000000000000e+00 0.000000000000000000e+00
7.840000000000000000e+05 1.959991765455100232e-01 3.550295857988165771e-02 7.751479289940828021e-01 1.893491124260354985e-01 0.000000000000000000e+00 0.000000000000000000e+00
7.920000000000000000e+05 1.979991681429131845e-01 3.573054164770141095e-02 7.750341374601729116e-01 1.892353208921256358e-01 0.000000000000000000e+00 0.000000000000000000e+00
8.000000000000000000e+05 1.999991597403163457e-01 3.595812471552116418e-02 7.746927628584433512e-01 1.893491124260354985e-01 0.000000000000000000e+00 0.000000000000000000e+00
8.080000000000000000e+05 2.019991513377195069e-01 3.550295857988165771e-02 7.751479289940828021e-01 1.893491124260354985e-01 0.000000000000000000e+00 0.000000000000000000e+00
8.160000000000000000e+05 2.039991429351226682e-01 3.561675011379153433e-02 7.750341374601729116e-01 1.893491124260354985e-01 0.000000000000000000e+00 0.000000000000000000e+00
8.240000000000000000e+05 2.059991345325258294e-01 3.550295857988165771e-02 7.751479289940828021e-01 1.893491124260354985e-01 0.000000000000000000e+00 0.000000000000000000e+00
8.320000000000000000e+05 2.079991261299289906e-01 3.595812471552116418e-02 7.746927628584433512e-01 1.893491124260354985e-01 0.000000000000000000e+00 0.000000000000000000e+00
8.400000000000000000e+05 2.099991177273321519e-01 3.573054164770141095e-02 7.749203459262631322e-01 1.893491124260354985e-01 0.000000000000000000e+00 0.000000000000000000e+00
8.480000000000000000e+05 2.119991093247353131e-01 3.573054164770141095e-02 7.751479289940828021e-01 1.891215293582157453e-01 0.000000000000000000e+00 0.000000000000000000e+00
8.560000000000000000e+05 2.139991009221384743e-01 3.595812471552116418e-02 7.746927628584433512e-01 1.893491124260354985e-01 0.000000000000000000e+00 0.000000000000000000e+00
8.640000000000000000e+05 2.159990925195416356e-01 3.618570778334091742e-02 7.749203459262631322e-01 1.888939462903959920e-01 0.000000000000000000e+00 0.000000000000000000e+00
8.720000000000000000e+05 2.179990841169447968e-01 3.629949931725079404e-02 7.745789713245334607e-01 1.891215293582157453e-01 0.000000000000000000e+00 0.000000000000000000e+00
8.800000000000000000e+05 2.199990757143479581e-01 3.607191624943104080e-02 7.745789713245334607e-01 1.893491124260354985e-01 0.000000000000000000e+00 0.000000000000000000e+00
8.880000000000000000e+05 2.219990673117511193e-01 3.607191624943104080e-02 7.746927628584433512e-01 1.892353208921256358e-01 0.000000000000000000e+00 0.000000000000000000e+00
8.960000000000000000e+05 2.239990589091542805e-01 3.743741465634956717e-02 7.732134729176148857e-01 1.893491124260354985e-01 0.000000000000000000e+00 0.000000000000000000e+00
9.040000000000000000e+05 2.259990505065574418e-01 5.223031406463359005e-02 7.118798361401911245e-01 2.357760582612653533e-01 1.137915339098771066e-04 0.000000000000000000e+00
9.120000000000000000e+05 2.279990421039606030e-01 5.109239872553481693e-02 7.126763768775603580e-01 2.360036413290851065e-01 2.275830678197542133e-04 0.000000000000000000e+00
9.200000000000000000e+05 2.299990337013637642e-01 5.211652253072371344e-02 7.122212107419207960e-01 2.356622667273554905e-01 0.000000000000000000e+00 0.000000000000000000e+00
9.280000000000000000e+05 2.319990252987669255e-01 5.086481565771506369e-02 7.131315430131998090e-01 2.360036413290851065e-01 0.000000000000000000e+00 0.000000000000000000e+00
9.360000000000000000e+05 2.339990168961700867e-01 5.188893946290396020e-02 7.125625853436504675e-01 2.355484751934456000e-01 0.000000000000000000e+00 0.000000000000000000e+00
9.440000000000000000e+05 2.359990084935732479e-01 5.291306326809285671e-02 7.115384615384615641e-01 2.355484751934456000e-01 0.000000000000000000e+00 0.000000000000000000e+00
9.520000000000000000e+05 2.379990000909764092e-01 6.224396904870277414e-02 6.952662721893491105e-01 2.421483841602184717e-01 3.413746017296313199e-04 0.000000000000000000e+00
9.600000000000000000e+05 2.399989916883795704e-01 6.315430131998178709e-02 6.319981793354574329e-01 3.048475193445607800e-01 0.000000000000000000e+00 0.000000000000000000e+00
9.680000000000000000e+05 2.419989832857827317e-01 6.224396904870277414e-02 6.318843878015475424e-01 3.058716431497496835e-01 0.000000000000000000e+00 0.000000000000000000e+00
9.760000000000000000e+05 2.439989748831858929e-01 6.383705052344106068e-02 6.313154301319982009e-01 3.048475193445607800e-01 0.000000000000000000e+00 0.000000000000000000e+00
9.840000000000000000e+05 2.459989664805892762e-01 6.372325898953118406e-02 6.308602639963586389e-01 3.053026854802002865e-01 1.137915339098771066e-04 0.000000000000000000e+00
9.920000000000000000e+05 2.479989580779924374e-01 6.554392353208920996e-02 6.301775147928994070e-01 3.041647701411014926e-01 1.137915339098771066e-04 0.000000000000000000e+00
1.000000000000000000e+06 2.499989496753955986e-01 6.895766954938552240e-02 6.282430587164314906e-01 3.022303140646335762e-01 5.689576695493854790e-04 0.000000000000000000e+00
1.008000000000000000e+06 2.519989412727987599e-01 1.170914883932635403e-01 6.552116522530723186e-01 2.257624032771961831e-01 1.934456076467910759e-03 0.000000000000000000e+00
1.016000000000000000e+06 2.539989328702019211e-01 1.198224852071005930e-01 6.510013654984069253e-01 2.275830678197542090e-01 1.593081474738279385e-03 0.000000000000000000e+00
1.024000000000000000e+06 2.559989244676050824e-01 1.217569412835685094e-01 6.488393263541192280e-01 2.273554847519344557e-01 2.048247610377787811e-03 0.000000000000000000e+00
1.032000000000000000e+06 2.579989160650082436e-01 1.184569868001820597e-01 6.594219390077378229e-01 2.199590350477924339e-01 2.162039144287664864e-03 0.000000000000000000e+00
1.040000000000000000e+06 2.599989076624114048e-01 1.242603550295857950e-01 6.405325443786982209e-01 2.314519799726900418e-01 3.755120619025944465e-03 0.000000000000000000e+00
1.048000000000000000e+06 2.619988992598145661e-01 1.260810195721438209e-01 6.376877560309512916e-01 2.336140191169776836e-01 2.617205279927173507e-03 0.000000000000000000e+00
1.056000000000000000e+06 2.639988908572177273e-01 1.533909877105143482e-01 6.533909877105142927e-01 1.884387801547564856e-01 4.779244424214838804e-03 0.000000000000000000e+00
1.064000000000000000e+06 2.659988824546208885e-01 1.672735548475193512e-01 6.479289940828402150e-01 1.794492489758761911e-01 5.348202093764223633e-03 0.000000000000000000e+00
1.072000000000000000e+06 2.679988740520240498e-01 1.618115612198452458e-01 6.527082385070550608e-01 1.797906235776058348e-01 5.689576695493855224e-03 0.000000000000000000e+00
1.080000000000000000e+06 2.699988656494272110e-01 1.672735548475193512e-01 6.524806554392352798e-01 1.745562130177514826e-01 5.689576695493855224e-03 0.000000000000000000e+00
1.088000000000000000e+06 2.719988572468303722e-01 1.560081929904415243e-01 6.906008192990441552e-01 1.489531178880291185e-01 4.437869822485207214e-03 0.000000000000000000e+00
1.096000000000000000e+06 2.739988488442335335e-01 1.525944469731451980e-01 6.916249431042330587e-01 1.502048247610377751e-01 5.575785161583977738e-03 0.000000000000000000e+00
1.104000000000000000e+06 2.759988404416366947e-01 1.555530268548019901e-01 6.885525716886663483e-01 1.497496586253982687e-01 6.144742831133363434e-03 0.000000000000000000e+00
1.112000000000000000e+06 2.779988320390398560e-01 1.506599908966772816e-01 6.910559854346836062e-01 1.520254893035958010e-01 6.258534365043240920e-03 0.000000000000000000e+00
1.120000000000000000e+06 2.799988236364430172e-01 1.538461538461538547e-01 6.892353208921255803e-01 1.524806554392353075e-01 4.437869822485207214e-03 0.000000000000000000e+00
1.128000000000000000e+06 2.819988152338461784e-01 1.541875284478834707e-01 6.893491124260354708e-01 1.511151570323167881e-01 5.348202093764223633e-03 0.000000000000000000e+00
1.136000000000000000e+06 2.839988068312493397e-01 1.553254437869822369e-01 6.910559854346836062e-01 1.495220755575785154e-01 4.096495220755575623e-03 0.000000000000000000e+00
1.144000000000000000e+06 2.859987984286525009e-01 1.541875284478834707e-01 6.901456531634045932e-01 1.494082840236686527e-01 6.258534365043240920e-03 0.000000000000000000e+00
1.152000000000000000e+06 2.879987900260556621e-01 1.478152025489303523e-01 7.066454255803368278e-01 1.414428766499772339e-01 4.096495220755575623e-03 0.000000000000000000e+00
1.160000000000000000e+06 2.899987816234588234e-01 1.389394629039599482e-01 7.350933090578061213e-01 1.230086481565771522e-01 2.958579881656804664e-03 0.000000000000000000e+00
1.168000000000000000e+06 2.919987732208619846e-01 1.133363677742375980e-01 8.154301319981793750e-01 7.032316795630405570e-02 9.103322712790168532e-04 0.000000000000000000e+00
1.176000000000000000e+06 2.939987648182651458e-01 1.129949931725079681e-01 8.147473827947200320e-01 7.077833409194356218e-02 1.479289940828402332e-03 0.000000000000000000e+00
1.184000000000000000e+06 2.959987564156683071e-01 1.150432407828857473e-01 8.132680928538916776e-01 7.089212562585343880e-02 7.965407373691396923e-04 0.000000000000000000e+00
1.192000000000000000e+06 2.979987480130714683e-01 1.134501593081474746e-01 8.145197997269003620e-01 7.089212562585343880e-02 1.137915339098770958e-03 0.000000000000000000e+00
1.200000000000000000e+06 2.999987396104746296e-01 1.142467000455166110e-01 8.141784251251706905e-01 7.043695949021393232e-02 1.137915339098770958e-03 0.000000000000000000e+00
1.208000000000000000e+06 3.019987312078777908e-01 1.148156577150659940e-01 8.138370505234410190e-01 7.055075102412380894e-02 7.965407373691396923e-04 0.000000000000000000e+00
1.216000000000000000e+06 3.039987228052809520e-01 1.141329085116067343e-01 8.141784251251706905e-01 7.032316795630405570e-02 1.365498406918525280e-03 0.000000000000000000e+00
1.224000000000000000e+06 3.059987144026841133e-01 1.149294492489758707e-01 8.142922166590805810e-01 6.975421028675465873e-02 1.024123805188893906e-03 0.000000000000000000e+00
1.232000000000000000e+06 3.079987060000872745e-01 1.133363677742375980e-01 8.144060081929904715e-01 7.077833409194356218e-02 1.479289940828402332e-03 0.000000000000000000e+00
1.240000000000000000e+06 3.099986975974904357e-01 1.133363677742375980e-01 8.142922166590805810e-01 7.077833409194356218e-02 1.593081474738279385e-03 0.000000000000000000e+00
1.248000000000000000e+06 3.119986891948935970e-01 1.129949931725079681e-01 8.153163404642694845e-01 6.986800182066454923e-02 1.820664542558033706e-03 0.000000000000000000e+00
1.256000000000000000e+06 3.139986807922967582e-01 1.165225307237141572e-01 8.115612198452435422e-01 7.134729176149294527e-02 5.689576695493854790e-04 0.000000000000000000e+00
1.264000000000000000e+06 3.159986723896999194e-01 1.142467000455166110e-01 8.145197997269003620e-01 7.020937642239417908e-02 1.024123805188893906e-03 0.000000000000000000e+00
1.272000000000000000e+06 3.179986639871030807e-01 1.144742831133363642e-01 8.136094674556213491e-01 7.077833409194356218e-02 1.137915339098770958e-03 0.000000000000000000e+00
1.280000000000000000e+06 3.199986555845062419e-01 1.159535730541647741e-01 8.130405097860718966e-01 7.009558488848430247e-02 9.103322712790168532e-04 0.000000000000000000e+00
1.288000000000000000e+06 3.219986471819094032e-01 1.134501593081474746e-01 8.140646335912608000e-01 7.123350022758306865e-02 1.251706873008648227e-03 0.000000000000000000e+00
1.296000000000000000e+06 3.239986387793125644e-01 1.141329085116067343e-01 8.145197997269003620e-01 6.998179335457442585e-02 1.365498406918525280e-03 0.000000000000000000e+00
1.304000000000000000e+06 3.259986303767157256e-01 1.135639508420573512e-01 8.152025489303595940e-01 7.032316795630405570e-02 9.103322712790168532e-04 0.000000000000000000e+00
1.312000000000000000e+06 3.279986219741188869e-01 1.142467000455166110e-01 8.145197997269003620e-01 7.077833409194356218e-02 4.551661356395084266e-04 0.000000000000000000e+00
1.320000000000000000e+06 3.299986135715220481e-01 1.126536185707783383e-01 8.150887573964497035e-01 7.111970869367319203e-02 1.137915339098770958e-03 0.000000000000000000e+00
1.328000000000000000e+06 3.319986051689252093e-01 1.149294492489758707e-01 8.136094674556213491e-01 7.020937642239417908e-02 1.251706873008648227e-03 0.000000000000000000e+00
1.336000000000000000e+06 3.339985967663283706e-01 1.140191169776968577e-01 8.145197997269003620e-01 7.009558488848430247e-02 1.365498406918525280e-03 0.000000000000000000e+00
1.344000000000000000e+06 3.359985883637315318e-01 1.132225762403277214e-01 8.156577150659990449e-01 7.032316795630405570e-02 7.965407373691396923e-04 0.000000000000000000e+00
1.352000000000000000e+06 3.379985799611346931e-01 1.152708238507055144e-01 8.134956759217114586e-01 7.009558488848430247e-02 1.137915339098770958e-03 0.000000000000000000e+00
1.360000000000000000e+06 3.399985715585378543e-01 1.205052344105598527e-01 7.761720527992717056e-01 1.026399635867091542e-01 6.827492034592626399e-04 0.000000000000000000e+00
1.368000000000000000e+06 3.419985631559410155e-01 1.195949021392808398e-01 7.768548020027310486e-01 1.025261720527992776e-01 1.024123805188893906e-03 0.000000000000000000e+00
1.376000000000000000e+06 3.439985547533441768e-01 1.236913973600364119e-01 7.664997724169322346e-01 1.093536640873919025e-01 4.551661356395084266e-04 0.000000000000000000e+00
1.384000000000000000e+06 3.459985463507473380e-01 1.223258989531178925e-01 7.668411470186617951e-01 1.101502048247610388e-01 6.827492034592626399e-04 0.000000000000000000e+00
1.392000000000000000e+06 3.479985379481504992e-01 1.252844788347746985e-01 7.652480655439235502e-01 1.086709148839326289e-01 7.965407373691396923e-04 0.000000000000000000e+00
1.400000000000000000e+06 3.499985295455536605e-01 1.239189804278561652e-01 7.662721893491124536e-01 1.094674556213017791e-01 3.413746017296313199e-04 0.000000000000000000e+00
1.408000000000000000e+06 3.519985211429568217e-01 1.240327719617660418e-01 7.667273554847519046e-01 1.091260810195721492e-01 1.137915339098771066e-04 0.000000000000000000e+00
1.416000000000000000e+06 3.539985127403599829e-01 1.243741465634956717e-01 7.669549385525716856e-01 1.076467910787437393e-01 1.024123805188893906e-03 0.000000000000000000e+00
1.424000000000000000e+06 3.559985043377631442e-01 1.230086481565771522e-01 7.677514792899408080e-01 1.084433318161128756e-01 7.965407373691396923e-04 0.000000000000000000e+00
1.432000000000000000e+06 3.579984959351663054e-01 1.244879380974055483e-01 7.676376877560309175e-01 1.077605826126536159e-01 1.137915339098771066e-04 0.000000000000000000e+00
1.440000000000000000e+06 3.599984875325694667e-01 1.250568957669549452e-01 7.661583978152025631e-01 1.081019572143832458e-01 6.827492034592626399e-04 0.000000000000000000e+00
1.448000000000000000e+06 3.619984791299726279e-01 1.244879380974055483e-01 7.663859808830223441e-01 1.088984979517523960e-01 2.275830678197542133e-04 0.000000000000000000e+00
1.456000000000000000e+06 3.639984707273757891e-01 1.249431042330450548e-01 7.660446062812926726e-01 1.087847064178425194e-01 2.275830678197542133e-04 0.000000000000000000e+00
1.464000000000000000e+06 3.659984623247789504e-01 1.249431042330450548e-01 7.660446062812926726e-01 1.085571233500227523e-01 4.551661356395084266e-04 0.000000000000000000e+00
1.472000000000000000e+06 3.679984539221821116e-01 1.259672280382339582e-01 7.663859808830223441e-01 1.073054164770141095e-01 3.413746017296313199e-04 0.000000000000000000e+00
1.480000000000000000e+06 3.699984455195852728e-01 1.243741465634956717e-01 7.683204369594902605e-01 1.070778334091943562e-01 2.275830678197542133e-04 0.000000000000000000e+00
1.488000000000000000e+06 3.719984371169884341e-01 1.240327719617660418e-01 7.675238962221210270e-01 1.082157487482931224e-01 2.275830678197542133e-04 0.000000000000000000e+00
1.496000000000000000e+06 3.739984287143915953e-01 1.248293126991351781e-01 7.671825216203914666e-01 1.074192080109239861e-01 5.689576695493854790e-04 0.000000000000000000e+00
1.504000000000000000e+06 3.759984203117947565e-01 1.244879380974055483e-01 7.669549385525716856e-01 1.077605826126536159e-01 7.965407373691396923e-04 0.000000000000000000e+00
1.512000000000000000e+06 3.779984119091979178e-01 1.247155211652253015e-01 7.686618115612198210e-01 1.059399180700955900e-01 6.827492034592626399e-04 0.000000000000000000e+00
1.520000000000000000e+06 3.799984035066010790e-01 1.250568957669549452e-01 7.680928538916704795e-01 1.063950842057350965e-01 4.551661356395084266e-04 0.000000000000000000e+00
1.528000000000000000e+06 3.819983951040042403e-01 1.248293126991351781e-01 7.682066454255803700e-01 1.067364588074647264e-01 2.275830678197542133e-04 0.000000000000000000e+00
1.536000000000000000e+06 3.839983867014074015e-01 1.243741465634956717e-01 7.685480200273099305e-01 1.066226672735548497e-01 4.551661356395084266e-04 0.000000000000000000e+00
1.544000000000000000e+06 3.859983782988105627e-01 1.263086026399635742e-01 7.675238962221210270e-01 1.055985434683659602e-01 5.689576695493854790e-04 0.000000000000000000e+00
1.552000000000000000e+06 3.879983698962137240e-01 1.251706873008648080e-01 7.691169776968593830e-01 1.052571688666363164e-01 4.551661356395084266e-04 0.000000000000000000e+00
1.560000000000000000e+06 3.899983614936168852e-01 1.256258534365043145e-01 7.678652708238506985e-01 1.060537096040054666e-01 4.551661356395084266e-04 0.000000000000000000e+00
1.568000000000000000e+06 3.919983530910200464e-01 1.250568957669549452e-01 7.703686845698679564e-01 1.036640873918980438e-01 9.103322712790168532e-04 0.000000000000000000e+00
1.576000000000000000e+06 3.939983446884232077e-01 1.244879380974055483e-01 7.708238507055075184e-01 1.038916704597177970e-01 7.965407373691396923e-04 0.000000000000000000e+00
1.584000000000000000e+06 3.959983362858265910e-01 1.248293126991351781e-01 7.717341829767865313e-01 1.026399635867091542e-01 7.965407373691396923e-04 0.000000000000000000e+00
1.592000000000000000e+06 3.979983278832295301e-01 1.250568957669549452e-01 7.712790168411469693e-01 1.025261720527992776e-01 1.137915339098770958e-03 0.000000000000000000e+00
1.600000000000000000e+06 3.999983194806326914e-01 1.250568957669549452e-01 7.725307237141556538e-01 1.020710059171597572e-01 3.413746017296313199e-04 0.000000000000000000e+00
1.608000000000000000e+06 4.019983110780358526e-01 1.293809740555302568e-01 7.653618570778334407e-01 1.048020027309968100e-01 4.551661356395084266e-04 0.000000000000000000e+00
1.616000000000000000e+06 4.039983026754392359e-01 1.347291761492944995e-01 6.964041875284479044e-01 1.682976786527082269e-01 5.689576695493854790e-04 0.000000000000000000e+00
1.624000000000000000e+06 4.059982942728421751e-01 1.330223031406463363e-01 6.985662266727356018e-01 1.670459717796995980e-01 1.365498406918525280e-03 0.000000000000000000e+00
1.632000000000000000e+06 4.079982858702453363e-01 1.342740100136549930e-01 6.978834774692762588e-01 1.671597633136094607e-01 6.827492034592626399e-04 0.000000000000000000e+00
1.640000000000000000e+06 4.099982774676487196e-01 1.346153846153846090e-01 6.981110605370960398e-01 1.667045971779699542e-01 5.689576695493854790e-04 0.000000000000000000e+00
1.648000000000000000e+06 4.119982690650518808e-01 1.365498406918525254e-01 6.974283113336368078e-01 1.657942649066909413e-01 2.275830678197542133e-04 0.000000000000000000e+00
1.656000000000000000e+06 4.139982606624550421e-01 1.359808830223031284e-01 6.967455621301774649e-01 1.671597633136094607e-01 1.137915339098771066e-04 0.000000000000000000e+00
1.664000000000000000e+06 4.159982522598579813e-01 1.371187983614019223e-01 6.969731451979972459e-01 1.656804733727810786e-01 2.275830678197542133e-04 0.000000000000000000e+00
1.672000000000000000e+06 4.179982438572613646e-01 1.373463814292216756e-01 6.961766044606281234e-01 1.655666818388711881e-01 9.103322712790168532e-04 0.000000000000000000e+00
1.680000000000000000e+06 4.199982354546645258e-01 1.574874829312699065e-01 6.873008648156576639e-01 1.545289030496131144e-01 6.827492034592626399e-04 0.000000000000000000e+00
1.688000000000000000e+06 4.219982270520676870e-01 1.532771961766044577e-01 6.894629039599453613e-01 1.565771506599908935e-01 6.827492034592626399e-04 0.000000000000000000e+00
1.696000000000000000e+06 4.239982186494706262e-01 1.548702776513427304e-01 6.885525716886663483e-01 1.560081929904415243e-01 5.689576695493854790e-04 0.000000000000000000e+00
1.704000000000000000e+06 4.259982102468740095e-01 1.537323623122439642e-01 6.891215293582158008e-01 1.570323167956304000e-01 1.137915339098771066e-04 0.000000000000000000e+00
1.712000000000000000e+06 4.279982018442771707e-01 1.527082385070550885e-01 6.903732362312243742e-01 1.561219845243513871e-01 7.965407373691396923e-04 0.000000000000000000e+00
1.720000000000000000e+06 4.299981934416803320e-01 1.530496131087847045e-01 6.901456531634045932e-01 1.564633591260810308e-01 3.413746017296313199e-04 0.000000000000000000e+00
1.728000000000000000e+06 4.319981850390832712e-01 1.536185707783341015e-01 6.886663632225762388e-01 1.573736913973600438e-01 3.413746017296313199e-04 0.000000000000000000e+00
1.736000000000000000e+06 4.339981766364866544e-01 1.539599453800637174e-01 6.883249886208465673e-01 1.577150659990896597e-01 0.000000000000000000e+00 0.000000000000000000e+00
1.744000000000000000e+06 4.359981682338898157e-01 1.538461538461538547e-01 6.885525716886663483e-01 1.573736913973600438e-01 2.275830678197542133e-04 0.000000000000000000e+00
1.752000000000000000e+06 4.379981598312929769e-01 1.540737369139736079e-01 6.882111970869366768e-01 1.577150659990896597e-01 0.000000000000000000e+00 0.000000000000000000e+00
1.760000000000000000e+06 4.399981514286959161e-01 1.532771961766044577e-01 6.878698224852071164e-01 1.585116067364588099e-01 3.413746017296313199e-04 0.000000000000000000e+00
1.768000000000000000e+06 4.419981430260992994e-01 1.550978607191624836e-01 6.875284478834774449e-01 1.571461083295402905e-01 2.275830678197542133e-04 0.000000000000000000e+00
1.776000000000000000e+06 4.439981346235024606e-01 1.566909421939007840e-01 6.846836595357305155e-01 1.582840236686390567e-01 3.413746017296313199e-04 0.000000000000000000e+00
1.784000000000000000e+06 4.459981262209056219e-01 1.546426945835229771e-01 6.867319071461083224e-01 1.582840236686390567e-01 3.413746017296313199e-04 0.000000000000000000e+00
1.792000000000000000e+06 4.479981178183085611e-01 1.556668183887118806e-01 6.862767410104688715e-01 1.579426490669094130e-01 1.137915339098771066e-04 0.000000000000000000e+00
1.800000000000000000e+06 4.499981094157119443e-01 1.613563950842057393e-01 6.727355484751934567e-01 1.653390987710514348e-01 5.689576695493854790e-04 0.000000000000000000e+00
1.808000000000000000e+06 4.519981010131151056e-01 1.578288575329995502e-01 6.750113791533909335e-01 1.661356395084205850e-01 1.024123805188893906e-03 0.000000000000000000e+00
1.816000000000000000e+06 4.539980926105182668e-01 1.585116067364588099e-01 6.739872553482021411e-01 1.662494310423304478e-01 1.251706873008648227e-03 0.000000000000000000e+00
