# itime ezz other fcc hcp bcc ico
0.000000000000000000e+00 0.000000000000000000e+00 0.000000000000000000e+00 1.000000000000000000e+00 0.000000000000000000e+00 0.000000000000000000e+00 0.000000000000000000e+00
4.000000000000000000e+03 9.999785547509798533e-04 0.000000000000000000e+00 1.000000000000000000e+00 0.000000000000000000e+00 0.000000000000000000e+00 0.000000000000000000e+00
8.000000000000000000e+03 1.999957109501959707e-03 0.000000000000000000e+00 1.000000000000000000e+00 0.000000000000000000e+00 0.000000000000000000e+00 0.000000000000000000e+00
1.200000000000000000e+04 2.999935664252939560e-03 0.000000000000000000e+00 1.000000000000000000e+00 0.000000000000000000e+00 0.000000000000000000e+00 0.000000000000000000e+00
1.600000000000000000e+04 3.999914219003919413e-03 0.000000000000000000e+00 1.000000000000000000e+00 0.000000000000000000e+00 0.000000000000000000e+00 0.000000000000000000e+00
2.000000000000000000e+04 4.999892773754899267e-03 0.000000000000000000e+00 1.000000000000000000e+00 0.000000000000000000e+00 0.000000000000000000e+00 0.000000000000000000e+00
2.400000000000000000e+04 5.999871328505879120e-03 0.000000000000000000e+00 1.000000000000000000e+00 0.000000000000000000e+00 0.000000000000000000e+00 0.000000000000000000e+00
2.800000000000000000e+04 6.999849883256858973e-03 0.000000000000000000e+00 1.000000000000000000e+00 0.000000000000000000e+00 0.000000000000000000e+00 0.000000000000000000e+00
3.200000000000000000e+04 7.999828438007616782e-03 0.000000000000000000e+00 1.000000000000000000e+00 0.000000000000000000e+00 0.000000000000000000e+00 0.000000000000000000e+00
3.600000000000000000e+04 8.999806992758596635e-03 0.000000000000000000e+00 1.000000000000000000e+00 0.000000000000000000e+00 0.000000000000000000e+00 0.000000000000000000e+00
4.000000000000000000e+04 9.999785547509576489e-03 0.000000000000000000e+00 1.000000000000000000e+00 0.000000000000000000e+00 0.000000000000000000e+00 0.000000000000000000e+00
4.400000000000000000e+04 1.099976410226055634e-02 0.000000000000000000e+00 1.000000000000000000e+00 0.000000000000000000e+00 0.000000000000000000e+00 0.000000000000000000e+00
4.800000000000000000e+04 1.199974265701153620e-02 0.000000000000000000e+00 1.000000000000000000e+00 0.000000000000000000e+00 0.000000000000000000e+00 0.000000000000000000e+00
5.200000000000000000e+04 1.299972121176251605e-02 0.000000000000000000e+00 1.000000000000000000e+00 0.000000000000000000e+00 0.000000000000000000e+00 0.000000000000000000e+00
5.600000000000000000e+04 1.399969976651349590e-02 0.000000000000000000e+00 1.000000000000000000e+00 0.000000000000000000e+00 0.000000000000000000e+00 0.000000000000000000e+00
6.000000000000000000e+04 1.499967832126447576e-02 0.000000000000000000e+00 1.000000000000000000e+00 0.000000000000000000e+00 0.000000000000000000e+00 0.000000000000000000e+00
6.400000000000000000e+04 1.599965687601545561e-02 0.000000000000000000e+00 1.000000000000000000e+00 0.000000000000000000e+00 0.000000000000000000e+00 0.000000000000000000e+00
6.800000000000000000e+04 1.699963543076643546e-02 0.000000000000000000e+00 1.000000000000000000e+00 0.000000000000000000e+00 0.000000000000000000e+00 0.000000000000000000e+00
7.200000000000000000e+04 1.799961398551741532e-02 0.000000000000000000e+00 1.000000000000000000e+00 0.000000000000000000e+00 0.000000000000000000e+00 0.000000000000000000e+00
7.600000000000000000e+04 1.899959254026839517e-02 0.000000000000000000e+00 1.000000000000000000e+00 0.000000000000000000e+00 0.000000000000000000e+00 0.000000000000000000e+00
8.000000000000000000e+04 1.999957109501937502e-02 0.000000000000000000e+00 1.000000000000000000e+00 0.000000000000000000e+00 0.000000000000000000e+00 0.000000000000000000e+00
8.400000000000000000e+04 2.099954964977035488e-02 0.000000000000000000e+00 1.000000000000000000e+00 0.000000000000000000e+00 0.000000000000000000e+00 0.000000000000000000e+00
8.800000000000000000e+04 2.199952820452133473e-02 0.000000000000000000e+00 1.000000000000000000e+00 0.000000000000000000e+00 0.000000000000000000e+00 0.000000000000000000e+00
9.200000000000000000e+04 2.299950675927231458e-02 0.000000000000000000e+00 1.000000000000000000e+00 0.000000000000000000e+00 0.000000000000000000e+00 0.000000000000000000e+00
9.600000000000000000e+04 2.399948531402307239e-02 0.000000000000000000e+00 1.000000000000000000e+00 0.000000000000000000e+00 0.000000000000000000e+00 0.000000000000000000e+00
1.000000000000000000e+05 2.499946386877405224e-02 0.000000000000000000e+00 1.000000000000000000e+00 0.000000000000000000e+00 0.000000000000000000e+00 0.000000000000000000e+00
1.040000000000000000e+05 2.599944242352503210e-02 0.000000000000000000e+00 1.000000000000000000e+00 0.000000000000000000e+00 0.000000000000000000e+00 0.000000000000000000e+00
1.080000000000000000e+05 2.699942097827601195e-02 0.000000000000000000e+00 1.000000000000000000e+00 0.000000000000000000e+00 0.000000000000000000e+00 0.000000000000000000e+00
1.120000000000000000e+05 2.799939953302699180e-02 0.000000000000000000e+00 1.000000000000000000e+00 0.000000000000000000e+00 0.000000000000000000e+00 0.000000000000000000e+00
1.160000000000000000e+05 2.899937808777797166e-02 0.000000000000000000e+00 1.000000000000000000e+00 0.000000000000000000e+00 0.000000000000000000e+00 0.000000000000000000e+00
1.200000000000000000e+05 2.999935664252895151e-02 0.000000000000000000e+00 1.000000000000000000e+00 0.000000000000000000e+00 0.000000000000000000e+00 0.000000000000000000e+00
1.240000000000000000e+05 3.099933519727993136e-02 0.000000000000000000e+00 1.000000000000000000e+00 0.000000000000000000e+00 0.000000000000000000e+00 0.000000000000000000e+00
1.280000000000000000e+05 3.199931375203091122e-02 0.000000000000000000e+00 1.000000000000000000e+00 0.000000000000000000e+00 0.000000000000000000e+00 0.000000000000000000e+00
1.320000000000000000e+05 3.299929230678189107e-02 0.000000000000000000e+00 1.000000000000000000e+00 0.000000000000000000e+00 0.000000000000000000e+00 0.000000000000000000e+00
1.360000000000000000e+05 3.399927086153287092e-02 0.000000000000000000e+00 1.000000000000000000e+00 0.000000000000000000e+00 0.000000000000000000e+00 0.000000000000000000e+00
1.400000000000000000e+05 3.499924941628385078e-02 0.000000000000000000e+00 1.000000000000000000e+00 0.000000000000000000e+00 0.000000000000000000e+00 0.000000000000000000e+00
1.440000000000000000e+05 3.599922797103483063e-02 0.000000000000000000e+00 1.000000000000000000e+00 0.000000000000000000e+00 0.000000000000000000e+00 0.000000000000000000e+00
1.480000000000000000e+05 3.699920652578581048e-02 0.000000000000000000e+00 1.000000000000000000e+00 0.000000000000000000e+00 0.000000000000000000e+00 0.000000000000000000e+00
1.520000000000000000e+05 3.799918508053679034e-02 0.000000000000000000e+00 1.000000000000000000e+00 0.000000000000000000e+00 0.000000000000000000e+00 0.000000000000000000e+00
1.560000000000000000e+05 3.899916363528777019e-02 0.000000000000000000e+00 1.000000000000000000e+00 0.000000000000000000e+00 0.000000000000000000e+00 0.000000000000000000e+00
1.600000000000000000e+05 3.999914219003852800e-02 0.000000000000000000e+00 1.000000000000000000e+00 0.000000000000000000e+00 0.000000000000000000e+00 0.000000000000000000e+00
1.640000000000000000e+05 4.099912074478950785e-02 0.000000000000000000e+00 1.000000000000000000e+00 0.000000000000000000e+00 0.000000000000000000e+00 0.000000000000000000e+00
1.680000000000000000e+05 4.199909929954048771e-02 0.000000000000000000e+00 1.000000000000000000e+00 0.000000000000000000e+00 0.000000000000000000e+00 0.000000000000000000e+00
1.720000000000000000e+05 4.299907785429146756e-02 0.000000000000000000e+00 1.000000000000000000e+00 0.000000000000000000e+00 0.000000000000000000e+00 0.000000000000000000e+00
1.760000000000000000e+05 4.399905640904244741e-02 0.000000000000000000e+00 1.000000000000000000e+00 0.000000000000000000e+00 0.000000000000000000e+00 0.000000000000000000e+00
1.800000000000000000e+05 4.499903496379342727e-02 0.000000000000000000e+00 1.000000000000000000e+00 0.000000000000000000e+00 0.000000000000000000e+00 0.000000000000000000e+00
1.840000000000000000e+05 4.599901351854440712e-02 0.000000000000000000e+00 1.000000000000000000e+00 0.000000000000000000e+00 0.000000000000000000e+00 0.000000000000000000e+00
1.880000000000000000e+05 4.699899207329538697e-02 0.000000000000000000e+00 1.000000000000000000e+00 0.000000000000000000e+00 0.000000000000000000e+00 0.000000000000000000e+00
1.920000000000000000e+05 4.799897062804636683e-02 0.000000000000000000e+00 1.000000000000000000e+00 0.000000000000000000e+00 0.000000000000000000e+00 0.000000000000000000e+00
1.960000000000000000e+05 4.899894918279734668e-02 0.000000000000000000e+00 1.000000000000000000e+00 0.000000000000000000e+00 0.000000000000000000e+00 0.000000000000000000e+00
2.000000000000000000e+05 4.999892773754832653e-02 0.000000000000000000e+00 1.000000000000000000e+00 0.000000000000000000e+00 0.000000000000000000e+00 0.000000000000000000e+00
2.040000000000000000e+05 5.099890629229930639e-02 0.000000000000000000e+00 1.000000000000000000e+00 0.000000000000000000e+00 0.000000000000000000e+00 0.000000000000000000e+00
2.080000000000000000e+05 5.199888484705028624e-02 0.000000000000000000e+00 1.000000000000000000e+00 0.000000000000000000e+00 0.000000000000000000e+00 0.000000000000000000e+00
2.120000000000000000e+05 5.299886340180126609e-02 0.000000000000000000e+00 1.000000000000000000e+00 0.000000000000000000e+00 0.000000000000000000e+00 0.000000000000000000e+00
2.160000000000000000e+05 5.399884195655224595e-02 0.000000000000000000e+00 1.000000000000000000e+00 0.000000000000000000e+00 0.000000000000000000e+00 0.000000000000000000e+00
2.200000000000000000e+05 5.499882051130322580e-02 0.000000000000000000e+00 1.000000000000000000e+00 0.000000000000000000e+00 0.000000000000000000e+00 0.000000000000000000e+00
2.240000000000000000e+05 5.599879906605398361e-02 0.000000000000000000e+00 1.000000000000000000e+00 0.000000000000000000e+00 0.000000000000000000e+00 0.000000000000000000e+00
2.280000000000000000e+05 5.699877762080496346e-02 0.000000000000000000e+00 1.000000000000000000e+00 0.000000000000000000e+00 0.000000000000000000e+00 0.000000000000000000e+00
2.320000000000000000e+05 5.799875617555594332e-02 3.413746017296313199e-04 9.996586253982703285e-01 0.000000000000000000e+00 0.000000000000000000e+00 0.000000000000000000e+00
2.360000000000000000e+05 5.899873473030692317e-02 0.000000000000000000e+00 1.000000000000000000e+00 0.000000000000000000e+00 0.000000000000000000e+00 0.000000000000000000e+00
2.400000000000000000e+05 5.999871328505790302e-02 0.000000000000000000e+00 1.000000000000000000e+00 0.000000000000000000e+00 0.000000000000000000e+00 0.000000000000000000e+00
2.440000000000000000e+05 6.099869183980888288e-02 1.137915339098771066e-04 9.998862084660901095e-01 0.000000000000000000e+00 0.000000000000000000e+00 0.000000000000000000e+00
2.480000000000000000e+05 6.199867039455986273e-02 0.000000000000000000e+00 1.000000000000000000e+00 0.000000000000000000e+00 0.000000000000000000e+00 0.000000000000000000e+00
2.520000000000000000e+05 6.299864894931084258e-02 0.000000000000000000e+00 1.000000000000000000e+00 0.000000000000000000e+00 0.000000000000000000e+00 0.000000000000000000e+00
2.560000000000000000e+05 6.399862750406182244e-02 1.137915339098771066e-04 9.998862084660901095e-01 0.000000000000000000e+00 0.000000000000000000e+00 0.000000000000000000e+00
2.600000000000000000e+05 6.499860605881280229e-02 4.551661356395084266e-04 9.995448338643604380e-01 0.000000000000000000e+00 0.000000000000000000e+00 0.000000000000000000e+00
2.640000000000000000e+05 6.599858461356378214e-02 0.000000000000000000e+00 1.000000000000000000e+00 0.000000000000000000e+00 0.000000000000000000e+00 0.000000000000000000e+00
2.680000000000000000e+05 6.699856316831476200e-02 0.000000000000000000e+00 1.000000000000000000e+00 0.000000000000000000e+00 0.000000000000000000e+00 0.000000000000000000e+00
2.720000000000000000e+05 6.799854172306574185e-02 0.000000000000000000e+00 1.000000000000000000e+00 0.000000000000000000e+00 0.000000000000000000e+00 0.000000000000000000e+00
2.760000000000000000e+05 6.899852027781672170e-02 0.000000000000000000e+00 1.000000000000000000e+00 0.000000000000000000e+00 0.000000000000000000e+00 0.000000000000000000e+00
2.800000000000000000e+05 6.999849883256770156e-02 0.000000000000000000e+00 1.000000000000000000e+00 0.000000000000000000e+00 0.000000000000000000e+00 0.000000000000000000e+00
2.840000000000000000e+05 7.099847738731868141e-02 1.137915339098771066e-04 9.998862084660901095e-01 0.000000000000000000e+00 0.000000000000000000e+00 0.000000000000000000e+00
2.880000000000000000e+05 7.199845594206943922e-02 0.000000000000000000e+00 1.000000000000000000e+00 0.000000000000000000e+00 0.000000000000000000e+00 0.000000000000000000e+00
2.920000000000000000e+05 7.299843449682041907e-02 6.827492034592626399e-04 9.993172507965407680e-01 0.000000000000000000e+00 0.000000000000000000e+00 0.000000000000000000e+00
2.960000000000000000e+05 7.399841305157139892e-02 0.000000000000000000e+00 1.000000000000000000e+00 0.000000000000000000e+00 0.000000000000000000e+00 0.000000000000000000e+00
3.000000000000000000e+05 7.499839160632237878e-02 0.000000000000000000e+00 1.000000000000000000e+00 0.000000000000000000e+00 0.000000000000000000e+00 0.000000000000000000e+00
3.040000000000000000e+05 7.599837016107335863e-02 0.000000000000000000e+00 1.000000000000000000e+00 0.000000000000000000e+00 0.000000000000000000e+00 0.000000000000000000e+00
3.080000000000000000e+05 7.699834871582433848e-02 4.551661356395084266e-04 9.995448338643604380e-01 0.000000000000000000e+00 0.000000000000000000e+00 0.000000000000000000e+00
3.120000000000000000e+05 7.799832727057531834e-02 4.551661356395084266e-04 9.995448338643604380e-01 0.000000000000000000e+00 0.000000000000000000e+00 0.000000000000000000e+00
3.160000000000000000e+05 7.899830582532629819e-02 7.965407373691396923e-04 9.992034592626308775e-01 0.000000000000000000e+00 0.000000000000000000e+00 0.000000000000000000e+00
3.200000000000000000e+05 7.999828438007727804e-02 5.689576695493854790e-04 9.994310423304506585e-01 0.000000000000000000e+00 0.000000000000000000e+00 0.000000000000000000e+00
3.240000000000000000e+05 8.099826293482825790e-02 0.000000000000000000e+00 1.000000000000000000e+00 0.000000000000000000e+00 0.000000000000000000e+00 0.000000000000000000e+00
3.280000000000000000e+05 8.199824148957923775e-02 1.137915339098770958e-03 9.988620846609012061e-01 0.000000000000000000e+00 0.000000000000000000e+00 0.000000000000000000e+00
3.320000000000000000e+05 8.299822004433021760e-02 3.413746017296313199e-04 9.996586253982703285e-01 0.000000000000000000e+00 0.000000000000000000e+00 0.000000000000000000e+00
3.360000000000000000e+05 8.399819859908119746e-02 6.827492034592626399e-04 9.993172507965407680e-01 0.000000000000000000e+00 0.000000000000000000e+00 0.000000000000000000e+00
3.400000000000000000e+05 8.499817715383217731e-02 2.275830678197542133e-04 9.997724169321802190e-01 0.000000000000000000e+00 0.000000000000000000e+00 0.000000000000000000e+00
3.440000000000000000e+05 8.599815570858315716e-02 2.275830678197542133e-04 9.997724169321802190e-01 0.000000000000000000e+00 0.000000000000000000e+00 0.000000000000000000e+00
3.480000000000000000e+05 8.699813426333413702e-02 5.689576695493854790e-04 9.993172507965407680e-01 0.000000000000000000e+00 1.137915339098771066e-04 0.000000000000000000e+00
3.520000000000000000e+05 8.799811281808489483e-02 6.827492034592626399e-04 9.993172507965407680e-01 0.000000000000000000e+00 0.000000000000000000e+00 0.000000000000000000e+00
3.560000000000000000e+05 8.899809137283587468e-02 5.689576695493854790e-04 9.993172507965407680e-01 0.000000000000000000e+00 1.137915339098771066e-04 0.000000000000000000e+00
3.600000000000000000e+05 8.999806992758685453e-02 1.137915339098770958e-03 9.988620846609012061e-01 0.000000000000000000e+00 0.000000000000000000e+00 0.000000000000000000e+00
3.640000000000000000e+05 9.099804848233783439e-02 2.162039144287664864e-03 9.976103777878926326e-01 0.000000000000000000e+00 2.275830678197542133e-04 0.000000000000000000e+00
3.680000000000000000e+05 9.199802703708881424e-02 4.551661356395084266e-04 9.995448338643604380e-01 0.000000000000000000e+00 0.000000000000000000e+00 0.000000000000000000e+00
3.720000000000000000e+05 9.299800559183979409e-02 1.820664542558033706e-03 9.981793354574419741e-01 0.000000000000000000e+00 0.000000000000000000e+00 0.000000000000000000e+00
3.760000000000000000e+05 9.399798414659077395e-02 1.593081474738279385e-03 9.981793354574419741e-01 0.000000000000000000e+00 2.275830678197542133e-04 0.000000000000000000e+00
3.800000000000000000e+05 9.499796270134175380e-02 1.365498406918525280e-03 9.984069185252617551e-01 0.000000000000000000e+00 2.275830678197542133e-04 0.000000000000000000e+00
3.840000000000000000e+05 9.599794125609273365e-02 1.820664542558033706e-03 9.981793354574419741e-01 0.000000000000000000e+00 0.000000000000000000e+00 0.000000000000000000e+00
3.880000000000000000e+05 9.699791981084371351e-02 2.048247610377787811e-03 9.977241693218024121e-01 0.000000000000000000e+00 2.275830678197542133e-04 0.000000000000000000e+00
3.920000000000000000e+05 9.799789836559469336e-02 2.844788347746927612e-03 9.970414201183431802e-01 0.000000000000000000e+00 1.137915339098771066e-04 0.000000000000000000e+00
3.960000000000000000e+05 9.899787692034567321e-02 2.389622212107419402e-03 9.972690031861629611e-01 0.000000000000000000e+00 3.413746017296313199e-04 0.000000000000000000e+00
4.000000000000000000e+05 9.999785547509665307e-02 4.551661356395083832e-03 9.954483386436049352e-01 0.000000000000000000e+00 0.000000000000000000e+00 0.000000000000000000e+00
4.040000000000000000e+05 1.009978340298476329e-01 2.275830678197541916e-03 9.972690031861629611e-01 0.000000000000000000e+00 4.551661356395084266e-04 0.000000000000000000e+00
4.080000000000000000e+05 1.019978125845986128e-01 4.210286754665453109e-03 9.956759217114247162e-01 0.000000000000000000e+00 1.137915339098771066e-04 0.000000000000000000e+00
4.120000000000000000e+05 1.029977911393495926e-01 4.551661356395083832e-03 9.952207555757851543e-01 0.000000000000000000e+00 2.275830678197542133e-04 0.000000000000000000e+00
4.160000000000000000e+05 1.039977696941003504e-01 4.665452890304961318e-03 9.953345471096950448e-01 0.000000000000000000e+00 0.000000000000000000e+00 0.000000000000000000e+00
4.200000000000000000e+05 1.049977482488513303e-01 5.689576695493855224e-03 9.935138825671370189e-01 0.000000000000000000e+00 7.965407373691396923e-04 0.000000000000000000e+00
4.240000000000000000e+05 1.059977268036023101e-01 1.035502958579881741e-02 9.874829312699134887e-01 0.000000000000000000e+00 2.162039144287664864e-03 0.000000000000000000e+00
4.280000000000000000e+05 1.069977053583532900e-01 8.784706417842512438e-02 7.073281747837960598e-01 1.978834774692762866e-01 6.941283568502503235e-03 0.000000000000000000e+00
4.320000000000000000e+05 1.079976839131042698e-01 6.554392353208920996e-02 7.281520254893035782e-01 1.984524351388256835e-01 7.851615839781519654e-03 0.000000000000000000e+00
4.360000000000000000e+05 1.089976624678552497e-01 7.237141556668183484e-02 7.196176604460627901e-01 2.006144742831133254e-01 7.396449704142011444e-03 0.000000000000000000e+00
4.400000000000000000e+05 1.099976410226062296e-01 7.077833409194356218e-02 7.207555757851615841e-01 2.028903049613108855e-01 5.575785161583977738e-03 0.000000000000000000e+00
4.440000000000000000e+05 1.109976195773572094e-01 7.077833409194356218e-02 7.207555757851615841e-01 1.995903504779244497e-01 8.875739644970414427e-03 0.000000000000000000e+00
4.480000000000000000e+05 1.119975981321081893e-01 7.191624943104232837e-02 7.193900773782430091e-01 2.035730541647701453e-01 5.120619025944469528e-03 0.000000000000000000e+00
4.520000000000000000e+05 1.129975766868591691e-01 6.884387801547564578e-02 7.167728720983158608e-01 2.059626763768775681e-01 8.420573509330906217e-03 0.000000000000000000e+00
4.560000000000000000e+05 1.139975552416101490e-01 7.168866636322257513e-02 7.185935366408738867e-01 2.032316795630405015e-01 6.486117432862995025e-03 0.000000000000000000e+00
4.600000000000000000e+05 1.149975337963611288e-01 7.009558488848430247e-02 7.165452890304960798e-01 2.056213017751479244e-01 7.737824305871643035e-03 0.000000000000000000e+00
4.640000000000000000e+05 1.159975123511121087e-01 6.804733727810650945e-02 7.213245334547109255e-01 2.032316795630405015e-01 7.396449704142011444e-03 0.000000000000000000e+00
4.680000000000000000e+05 1.169974909058630885e-01 6.986800182066454923e-02 7.199590350477924616e-01 2.038006372325898985e-01 6.372325898953117539e-03 0.000000000000000000e+00
4.720000000000000000e+05 1.179974694606140684e-01 6.463359126081019701e-02 7.577378243058716656e-01 1.753527537551206328e-01 2.275830678197541916e-03 0.000000000000000000e+00
4.760000000000000000e+05 1.189974480153650482e-01 6.247155211652252738e-02 7.585343650432407880e-01 1.750113791533909890e-01 3.982703686845699004e-03 0.000000000000000000e+00
4.800000000000000000e+05 1.199974265701158060e-01 6.315430131998178709e-02 7.584205735093308975e-01 1.755803368229403860e-01 2.844788347746927612e-03 0.000000000000000000e+00
4.840000000000000000e+05 1.209974051248667859e-01 6.565771506599908658e-02 7.583067819754210070e-01 1.737596722803823324e-01 2.275830678197541916e-03 0.000000000000000000e+00
4.880000000000000000e+05 1.219973836796177658e-01 6.213017751479289752e-02 7.591033227127901295e-01 1.752389622212107423e-01 3.527537551206190360e-03 0.000000000000000000e+00
4.920000000000000000e+05 1.229973622343687456e-01 3.629949931725079404e-02 8.139508420573509095e-01 1.494082840236686527e-01 3.413746017296313199e-04 0.000000000000000000e+00
4.960000000000000000e+05 1.239973407891197255e-01 3.538916704597178109e-02 8.148611743286299225e-01 1.497496586253982687e-01 0.000000000000000000e+00 0.000000000000000000e+00
5.000000000000000000e+05 1.249973193438707053e-01 3.447883477469276120e-02 8.161128812016386069e-01 1.494082840236686527e-01 0.000000000000000000e+00 0.000000000000000000e+00
5.040000000000000000e+05 1.259972978986216852e-01 3.527537551206190447e-02 8.150887573964497035e-01 1.492944924897587622e-01 3.413746017296313199e-04 0.000000000000000000e+00
5.080000000000000000e+05 1.269972764533726650e-01 3.527537551206190447e-02 8.153163404642694845e-01 1.491807009558488717e-01 2.275830678197542133e-04 0.000000000000000000e+00
5.120000000000000000e+05 1.279972550081236449e-01 3.493400091033227461e-02 8.157715065999089354e-01 1.492944924897587622e-01 0.000000000000000000e+00 0.000000000000000000e+00
5.160000000000000000e+05 1.289972335628746247e-01 3.641329085116067066e-02 8.140646335912608000e-01 1.491807009558488717e-01 3.413746017296313199e-04 0.000000000000000000e+00
5.200000000000000000e+05 1.299972121176256046e-01 3.561675011379153433e-02 8.144060081929904715e-01 1.495220755575785154e-01 4.551661356395084266e-04 0.000000000000000000e+00
5.240000000000000000e+05 1.309971906723765844e-01 3.595812471552116418e-02 8.147473827947200320e-01 1.487255348202093652e-01 5.689576695493854790e-04 0.000000000000000000e+00
5.280000000000000000e+05 1.319971692271275643e-01 3.686845698680018407e-02 8.138370505234410190e-01 1.487255348202093652e-01 5.689576695493854790e-04 0.000000000000000000e+00
5.320000000000000000e+05 1.329971477818785441e-01 3.573054164770141095e-02 8.150887573964497035e-01 1.490669094219390090e-01 1.137915339098771066e-04 0.000000000000000000e+00
5.360000000000000000e+05 1.339971263366295240e-01 3.675466545289030745e-02 8.138370505234410190e-01 1.491807009558488717e-01 2.275830678197542133e-04 0.000000000000000000e+00
5.400000000000000000e+05 1.349971048913805038e-01 3.538916704597178109e-02 8.156577150659990449e-01 1.488393263541192557e-01 1.137915339098771066e-04 0.000000000000000000e+00
5.440000000000000000e+05 1.359970834461312617e-01 3.641329085116067066e-02 8.146335912608101415e-01 1.488393263541192557e-01 1.137915339098771066e-04 0.000000000000000000e+00
5.480000000000000000e+05 1.369970620008822415e-01 3.538916704597178109e-02 8.144060081929904715e-01 1.496358670914884059e-01 5.689576695493854790e-04 0.000000000000000000e+00
5.520000000000000000e+05 1.379970405556332214e-01 3.607191624943104080e-02 8.147473827947200320e-01 1.489531178880291185e-01 2.275830678197542133e-04 0.000000000000000000e+00
5.560000000000000000e+05 1.389970191103842012e-01 3.607191624943104080e-02 8.141784251251706905e-01 1.496358670914884059e-01 1.137915339098771066e-04 0.000000000000000000e+00
5.600000000000000000e+05 1.399969976651351811e-01 3.561675011379153433e-02 8.146335912608101415e-01 1.496358670914884059e-01 1.137915339098771066e-04 0.000000000000000000e+00
5.640000000000000000e+05 1.409969762198861609e-01 3.720983158852981393e-02 8.137232589895311285e-01 1.489531178880291185e-01 1.137915339098771066e-04 0.000000000000000000e+00
5.680000000000000000e+05 1.419969547746371408e-01 3.766499772416932040e-02 8.136094674556213491e-01 1.486117432862995025e-01 1.137915339098771066e-04 0.000000000000000000e+00
5.720000000000000000e+05 1.429969333293881206e-01 3.743741465634956717e-02 8.139508420573509095e-01 1.484979517523896120e-01 1.137915339098771066e-04 0.000000000000000000e+00
5.760000000000000000e+05 1.439969118841391005e-01 3.550295857988165771e-02 8.152025489303595940e-01 1.490669094219390090e-01 2.275830678197542133e-04 0.000000000000000000e+00
5.800000000000000000e+05 1.449968904388900803e-01 3.573054164770141095e-02 8.148611743286299225e-01 1.490669094219390090e-01 3.413746017296313199e-04 0.000000000000000000e+00
5.840000000000000000e+05 1.459968689936410602e-01 3.629949931725079404e-02 8.145197997269003620e-01 1.490669094219390090e-01 1.137915339098771066e-04 0.000000000000000000e+00
5.880000000000000000e+05 1.469968475483920400e-01 3.447883477469276120e-02 8.155439235320892655e-01 1.496358670914884059e-01 3.413746017296313199e-04 0.000000000000000000e+00
5.920000000000000000e+05 1.479968261031430199e-01 3.618570778334091742e-02 8.145197997269003620e-01 1.489531178880291185e-01 3.413746017296313199e-04 0.000000000000000000e+00
5.960000000000000000e+05 1.489968046578939997e-01 3.709604005461993731e-02 8.128129267182521156e-01 1.495220755575785154e-01 5.689576695493854790e-04 0.000000000000000000e+00
6.000000000000000000e+05 1.499967832126449796e-01 3.812016385980882688e-02 8.125853436504324456e-01 1.488393263541192557e-01 4.551661356395084266e-04 0.000000000000000000e+00
6.040000000000000000e+05 1.509967617673959595e-01 3.652708238507055422e-02 8.144060081929904715e-01 1.489531178880291185e-01 1.137915339098771066e-04 0.000000000000000000e+00
6.080000000000000000e+05 1.519967403221467173e-01 3.595812471552116418e-02 8.142922166590805810e-01 1.490669094219390090e-01 6.827492034592626399e-04 0.000000000000000000e+00
6.120000000000000000e+05 1.529967188768976971e-01 3.732362312243969055e-02 8.137232589895311285e-01 1.486117432862995025e-01 3.413746017296313199e-04 0.000000000000000000e+00
6.160000000000000000e+05 1.539966974316486770e-01 4.585798816568047165e-02 7.973372781065088954e-01 1.545289030496131144e-01 2.275830678197541916e-03 0.000000000000000000e+00
6.200000000000000000e+05 1.549966759863996568e-01 4.517523896222121194e-02 7.998406918525261533e-01 1.536185707783341015e-01 1.365498406918525280e-03 0.000000000000000000e+00
6.240000000000000000e+05 1.559966545411506367e-01 4.517523896222121194e-02 7.997269003186162628e-01 1.531634046426945950e-01 1.934456076467910759e-03 0.000000000000000000e+00
6.280000000000000000e+05 1.569966330959016165e-01 4.426490669094219205e-02 8.007510241238051663e-01 1.532771961766044577e-01 1.706873008648156654e-03 0.000000000000000000e+00
6.320000000000000000e+05 1.579966116506525964e-01 4.506144742831133532e-02 8.005234410559853853e-01 1.527082385070550885e-01 1.706873008648156654e-03 0.000000000000000000e+00
6.360000000000000000e+05 1.589965902054035762e-01 4.244424214838415921e-02 8.002958579881657153e-01 1.539599453800637174e-01 3.299954483386436255e-03 0.000000000000000000e+00
6.400000000000000000e+05 1.599965687601545561e-01 4.494765589440145870e-02 7.993855257168867023e-01 1.535047792444242110e-01 2.162039144287664864e-03 0.000000000000000000e+00
6.440000000000000000e+05 1.609965473149055359e-01 4.437869822485206867e-02 7.994993172507965928e-01 1.547564861174328676e-01 1.365498406918525280e-03 0.000000000000000000e+00
6.480000000000000000e+05 1.619965258696565158e-01 4.380974055530268557e-02 7.998406918525261533e-01 1.543013199817933612e-01 2.048247610377787811e-03 0.000000000000000000e+00
6.520000000000000000e+05 1.629965044244074956e-01 4.597177969959034827e-02 7.998406918525261533e-01 1.527082385070550885e-01 1.479289940828402332e-03 0.000000000000000000e+00
6.560000000000000000e+05 1.639964829791584755e-01 4.380974055530268557e-02 7.999544833864360438e-01 1.545289030496131144e-01 1.706873008648156654e-03 0.000000000000000000e+00
6.600000000000000000e+05 1.649964615339094554e-01 4.176149294492489950e-02 8.017751479289940697e-01 1.546426945835229771e-01 1.820664542558033706e-03 0.000000000000000000e+00
6.640000000000000000e+05 1.659964400886604352e-01 4.494765589440145870e-02 7.994993172507965928e-01 1.541875284478834707e-01 1.365498406918525280e-03 0.000000000000000000e+00
6.680000000000000000e+05 1.669964186434114151e-01 4.392353208921256219e-02 8.000682749203459343e-01 1.544151115157032239e-01 1.593081474738279385e-03 0.000000000000000000e+00
6.720000000000000000e+05 1.679963971981621729e-01 4.563040509786071841e-02 7.992717341829768118e-01 1.531634046426945950e-01 1.934456076467910759e-03 0.000000000000000000e+00
6.760000000000000000e+05 1.689963757529131527e-01 4.563040509786071841e-02 7.997269003186162628e-01 1.530496131087847045e-01 1.593081474738279385e-03 0.000000000000000000e+00
6.800000000000000000e+05 1.699963543076641326e-01 4.619936276741010150e-02 7.988165680473372499e-01 1.531634046426945950e-01 1.820664542558033706e-03 0.000000000000000000e+00
6.840000000000000000e+05 1.709963328624151124e-01 4.665452890304961492e-02 7.989303595812471404e-01 1.531634046426945950e-01 1.251706873008648227e-03 0.000000000000000000e+00
6.880000000000000000e+05 1.719963114171660923e-01 4.767865270823850449e-02 7.976786527082384559e-01 1.536185707783341015e-01 1.024123805188893906e-03 0.000000000000000000e+00
6.920000000000000000e+05 1.729962899719170721e-01 4.722348657259899801e-02 7.977924442421483464e-01 1.531634046426945950e-01 1.820664542558033706e-03 0.000000000000000000e+00
6.960000000000000000e+05 1.739962685266680520e-01 4.858898497951752438e-02 7.971096950386891145e-01 1.525944469731451980e-01 1.706873008648156654e-03 0.000000000000000000e+00
7.000000000000000000e+05 1.749962470814190318e-01 4.790623577605826466e-02 7.976786527082384559e-01 1.525944469731451980e-01 1.820664542558033706e-03 0.000000000000000000e+00
7.040000000000000000e+05 1.759962256361700117e-01 4.984069185252617412e-02 7.963131543013199920e-01 1.522530723714155543e-01 1.593081474738279385e-03 0.000000000000000000e+00
7.080000000000000000e+05 1.769962041909209916e-01 5.814747382794720199e-02 7.916477014110150368e-01 1.488393263541192557e-01 1.365498406918525280e-03 0.000000000000000000e+00
7.120000000000000000e+05 1.779961827456719714e-01 5.917159763313609155e-02 7.900546199362767918e-01 1.494082840236686527e-01 1.365498406918525280e-03 0.000000000000000000e+00
7.160000000000000000e+05 1.789961613004229513e-01 5.803368229403732537e-02 7.899408284023669014e-01 1.500910332271279124e-01 1.934456076467910759e-03 0.000000000000000000e+00
7.200000000000000000e+05 1.799961398551739311e-01 5.905780609922621494e-02 7.901684114701865713e-01 1.492944924897587622e-01 1.479289940828402332e-03 0.000000000000000000e+00
7.240000000000000000e+05 1.809961184099249110e-01 4.779244424214838111e-02 7.939235320892125136e-01 1.553254437869822369e-01 2.958579881656804664e-03 0.000000000000000000e+00
7.280000000000000000e+05 1.819960969646758908e-01 4.802002730996814128e-02 7.930131998179335007e-01 1.563495675921711403e-01 2.617205279927173507e-03 0.000000000000000000e+00
7.320000000000000000e+05 1.829960755194266486e-01 4.927173418297678409e-02 7.935821574874829532e-01 1.556668183887118806e-01 1.479289940828402332e-03 0.000000000000000000e+00
7.360000000000000000e+05 1.839960540741776285e-01 4.722348657259899801e-02 7.946062812926718566e-01 1.562357760582612776e-01 1.934456076467910759e-03 0.000000000000000000e+00
7.400000000000000000e+05 1.849960326289286083e-01 4.745106964041875125e-02 7.950614474283113076e-01 1.554392353208921274e-01 2.048247610377787811e-03 0.000000000000000000e+00
7.440000000000000000e+05 1.859960111836795882e-01 4.858898497951752438e-02 7.938097405553027341e-01 1.553254437869822369e-01 2.275830678197541916e-03 0.000000000000000000e+00
7.480000000000000000e+05 1.869959897384305680e-01 4.790623577605826466e-02 7.955166135639508695e-01 1.546426945835229771e-01 1.934456076467910759e-03 0.000000000000000000e+00
7.520000000000000000e+05 1.879959682931815479e-01 4.722348657259899801e-02 7.974510696404187859e-01 1.541875284478834707e-01 1.137915339098770958e-03 0.000000000000000000e+00
7.560000000000000000e+05 1.889959468479325277e-01 4.676832043695949154e-02 7.966545289030496635e-01 1.549840691852526209e-01 1.593081474738279385e-03 0.000000000000000000e+00
7.600000000000000000e+05 1.899959254026835076e-01 4.779244424214838111e-02 7.949476558944014171e-01 1.549840691852526209e-01 2.275830678197541916e-03 0.000000000000000000e+00
7.640000000000000000e+05 1.909959039574344875e-01 4.847519344560764776e-02 7.955166135639508695e-01 1.546426945835229771e-01 1.365498406918525280e-03 0.000000000000000000e+00
7.680000000000000000e+05 1.919958825121854673e-01 4.699590350477924477e-02 7.956304050978607600e-01 1.555530268548019901e-01 1.820664542558033706e-03 0.000000000000000000e+00
7.720000000000000000e+05 1.929958610669364472e-01 4.870277651342740100e-02 7.961993627674101015e-01 1.538461538461538547e-01 1.251706873008648227e-03 0.000000000000000000e+00
7.760000000000000000e+05 1.939958396216874270e-01 4.745106964041875125e-02 7.963131543013199920e-01 1.541875284478834707e-01 2.048247610377787811e-03 0.000000000000000000e+00
7.800000000000000000e+05 1.949958181764384069e-01 4.733727810650887463e-02 7.967683204369594430e-01 1.538461538461538547e-01 2.048247610377787811e-03 0.000000000000000000e+00
7.840000000000000000e+05 1.959957967311893867e-01 4.779244424214838111e-02 7.963131543013199920e-01 1.544151115157032239e-01 1.479289940828402332e-03 0.000000000000000000e+00
7.880000000000000000e+05 1.969957752859403666e-01 4.847519344560764776e-02 7.972234865725990050e-01 1.531634046426945950e-01 1.137915339098770958e-03 0.000000000000000000e+00
7.920000000000000000e+05 1.979957538406913464e-01 4.563040509786071841e-02 7.981338188438780179e-01 1.544151115157032239e-01 1.820664542558033706e-03 0.000000000000000000e+00
7.960000000000000000e+05 1.989957323954421042e-01 4.733727810650887463e-02 7.969959035047792240e-01 1.537323623122439642e-01 1.934456076467910759e-03 0.000000000000000000e+00
8.000000000000000000e+05 1.999957109501930841e-01 4.824761037778789452e-02 7.969959035047792240e-01 1.522530723714155543e-01 2.503413746017296455e-03 0.000000000000000000e+00
8.040000000000000000e+05 2.009956895049440639e-01 4.904415111515703085e-02 7.960855712335002110e-01 1.537323623122439642e-01 1.137915339098770958e-03 0.000000000000000000e+00
8.080000000000000000e+05 2.019956680596950438e-01 4.767865270823850449e-02 7.983614019116977989e-01 1.516841147018661851e-01 2.275830678197541916e-03 0.000000000000000000e+00
8.120000000000000000e+05 2.029956466144460236e-01 4.733727810650887463e-02 7.988165680473372499e-01 1.523668639053254448e-01 1.479289940828402332e-03 0.000000000000000000e+00
8.160000000000000000e+05 2.039956251691970035e-01 4.802002730996814128e-02 7.979062357760582369e-01 1.519116977696859383e-01 2.162039144287664864e-03 0.000000000000000000e+00
8.200000000000000000e+05 2.049956037239479834e-01 4.858898497951752438e-02 7.977924442421483464e-01 1.524806554392353075e-01 1.137915339098770958e-03 0.000000000000000000e+00
8.240000000000000000e+05 2.059955822786989632e-01 4.949931725079653733e-02 7.969959035047792240e-01 1.512289485662266786e-01 2.275830678197541916e-03 0.000000000000000000e+00
8.280000000000000000e+05 2.069955608334499431e-01 4.915794264906690747e-02 7.982476103777879084e-01 1.519116977696859383e-01 6.827492034592626399e-04 0.000000000000000000e+00
8.320000000000000000e+05 2.079955393882009229e-01 5.018206645425580398e-02 7.959717796995903205e-01 1.523668639053254448e-01 1.479289940828402332e-03 0.000000000000000000e+00
8.360000000000000000e+05 2.089955179429519028e-01 4.949931725079653733e-02 7.977924442421483464e-01 1.517979062357760478e-01 9.103322712790168532e-04 0.000000000000000000e+00
8.400000000000000000e+05 2.099954964977028826e-01 5.735093309057805872e-02 7.803823395539372099e-01 1.603322712790168358e-01 1.934456076467910759e-03 0.000000000000000000e+00
8.440000000000000000e+05 2.109954750524538625e-01 6.110605370960400795e-02 7.675238962221210270e-01 1.696631770596267741e-01 1.706873008648156654e-03 0.000000000000000000e+00
8.480000000000000000e+05 2.119954536072048423e-01 5.985434683659535821e-02 7.713928083750568598e-01 1.676149294492489672e-01 1.137915339098770958e-03 0.000000000000000000e+00
8.520000000000000000e+05 2.129954321619558222e-01 6.292671825216203385e-02 7.668411470186617951e-01 1.692080109239872676e-01 1.024123805188893906e-03 0.000000000000000000e+00
8.560000000000000000e+05 2.139954107167068020e-01 6.827492034592626269e-02 7.621756941283568398e-01 1.680700955848884737e-01 1.479289940828402332e-03 0.000000000000000000e+00
8.600000000000000000e+05 2.149953892714575598e-01 6.645425580336822291e-02 7.633136094674556338e-01 1.694355939918070209e-01 7.965407373691396923e-04 0.000000000000000000e+00
8.640000000000000000e+05 2.159953678262085397e-01 6.599908966772871644e-02 7.627446517979061813e-01 1.694355939918070209e-01 1.820664542558033706e-03 0.000000000000000000e+00
8.680000000000000000e+05 2.169953463809595195e-01 6.645425580336822291e-02 7.630860263996358528e-01 1.685252617205279801e-01 1.934456076467910759e-03 0.000000000000000000e+00
8.720000000000000000e+05 2.179953249357104994e-01 6.634046426945834629e-02 7.621756941283568398e-01 1.698907601274465273e-01 1.593081474738279385e-03 0.000000000000000000e+00
8.760000000000000000e+05 2.189953034904614793e-01 6.588529813381883982e-02 7.627446517979061813e-01 1.695493855257168836e-01 1.820664542558033706e-03 0.000000000000000000e+00
8.800000000000000000e+05 2.199952820452124591e-01 6.634046426945834629e-02 7.612653618570778269e-01 1.700045516613563901e-01 2.389622212107419402e-03 0.000000000000000000e+00
8.840000000000000000e+05 2.209952605999634390e-01 6.861629494765589254e-02 7.606964041875284854e-01 1.695493855257168836e-01 1.137915339098770958e-03 0.000000000000000000e+00
8.880000000000000000e+05 2.219952391547144188e-01 6.918525261720527564e-02 7.585343650432407880e-01 1.703459262630860338e-01 1.934456076467910759e-03 0.000000000000000000e+00
8.920000000000000000e+05 2.229952177094653987e-01 6.690942193900774326e-02 7.595584888484296915e-01 1.719390077378243065e-01 1.593081474738279385e-03 0.000000000000000000e+00
8.960000000000000000e+05 2.239951962642163785e-01 6.929904415111515226e-02 7.576240327719617751e-01 1.717114246700045532e-01 1.365498406918525280e-03 0.000000000000000000e+00
9.000000000000000000e+05 2.249951748189673584e-01 6.804733727810650945e-02 7.609239872553481554e-01 1.695493855257168836e-01 1.479289940828402332e-03 0.000000000000000000e+00
9.040000000000000000e+05 2.259951533737183382e-01 6.918525261720527564e-02 7.552344105598542967e-01 1.741010468821119761e-01 1.479289940828402332e-03 0.000000000000000000e+00
9.080000000000000000e+05 2.269951319284693181e-01 6.929904415111515226e-02 7.605826126536185949e-01 1.685252617205279801e-01 1.593081474738279385e-03 0.000000000000000000e+00
