# itime ezz other fcc hcp bcc ico
0.000000000000000000e+00 0.000000000000000000e+00 0.000000000000000000e+00 1.000000000000000000e+00 0.000000000000000000e+00 0.000000000000000000e+00 0.000000000000000000e+00
4.000000000000000000e+04 9.999962324958922011e-03 0.000000000000000000e+00 1.000000000000000000e+00 0.000000000000000000e+00 0.000000000000000000e+00 0.000000000000000000e+00
8.000000000000000000e+04 1.999992464991784402e-02 0.000000000000000000e+00 1.000000000000000000e+00 0.000000000000000000e+00 0.000000000000000000e+00 0.000000000000000000e+00
1.200000000000000000e+05 2.999988697487698808e-02 0.000000000000000000e+00 1.000000000000000000e+00 0.000000000000000000e+00 0.000000000000000000e+00 0.000000000000000000e+00
1.600000000000000000e+05 3.999984929983591009e-02 0.000000000000000000e+00 1.000000000000000000e+00 0.000000000000000000e+00 0.000000000000000000e+00 0.000000000000000000e+00
2.000000000000000000e+05 4.999981162479483210e-02 0.000000000000000000e+00 1.000000000000000000e+00 0.000000000000000000e+00 0.000000000000000000e+00 0.000000000000000000e+00
2.400000000000000000e+05 5.999977394975375411e-02 0.000000000000000000e+00 1.000000000000000000e+00 0.000000000000000000e+00 0.000000000000000000e+00 0.000000000000000000e+00
2.800000000000000000e+05 6.999973627471267612e-02 0.000000000000000000e+00 1.000000000000000000e+00 0.000000000000000000e+00 0.000000000000000000e+00 0.000000000000000000e+00
3.200000000000000000e+05 7.999969859967182018e-02 4.551661356395084266e-04 9.995448338643604380e-01 0.000000000000000000e+00 0.000000000000000000e+00 0.000000000000000000e+00
3.600000000000000000e+05 8.999966092463074219e-02 4.551661356395084266e-04 9.995448338643604380e-01 0.000000000000000000e+00 0.000000000000000000e+00 0.000000000000000000e+00
4.000000000000000000e+05 9.999962324958966420e-02 3.527537551206190360e-03 9.962448793809740577e-01 0.000000000000000000e+00 2.275830678197542133e-04 0.000000000000000000e+00
4.400000000000000000e+05 1.099995855745485862e-01 7.726445152480655720e-02 5.999089667728720876e-01 3.223714155666818626e-01 4.551661356395084266e-04 0.000000000000000000e+00
4.800000000000000000e+05 1.199995478995075082e-01 8.818843878015475424e-02 5.780609922621756658e-01 3.266954938552571464e-01 7.055075102412380721e-03 0.000000000000000000e+00
5.200000000000000000e+05 1.299995102244666523e-01 1.133363677742375980e-01 5.417614929449249273e-01 3.442193900773782289e-01 6.827492034592626399e-04 0.000000000000000000e+00
5.600000000000000000e+05 1.399994725494255743e-01 1.136777423759672279e-01 5.450614474283113076e-01 3.394401456531633832e-01 1.820664542558033706e-03 0.000000000000000000e+00
6.000000000000000000e+05 1.499994348743844963e-01 1.302913063268092975e-01 5.309512972234865513e-01 3.342057350933090309e-01 4.551661356395083832e-03 0.000000000000000000e+00
6.400000000000000000e+05 1.599993971993434183e-01 1.180018206645425533e-01 7.137005006827491504e-01 1.657942649066909413e-01 2.503413746017296455e-03 0.000000000000000000e+00
6.800000000000000000e+05 1.699993595243023403e-01 1.202776513427400995e-01 7.144970414201183839e-01 1.652253072371415443e-01 0.000000000000000000e+00 0.000000000000000000e+00
7.200000000000000000e+05 1.799993218492614844e-01 1.321119708693673234e-01 6.927628584433318526e-01 1.651115157032316816e-01 1.001365498406918582e-02 0.000000000000000000e+00
7.600000000000000000e+05 1.899992841742204064e-01 3.629949931725079404e-02 7.743513882567136797e-01 1.893491124260354985e-01 0.000000000000000000e+00 0.000000000000000000e+00
8.000000000000000000e+05 1.999992464991793284e-01 3.595812471552116418e-02 7.746927628584433512e-01 1.893491124260354985e-01 0.000000000000000000e+00 0.000000000000000000e+00
8.400000000000000000e+05 2.099992088241382504e-01 3.573054164770141095e-02 7.749203459262631322e-01 1.893491124260354985e-01 0.000000000000000000e+00 0.000000000000000000e+00
8.800000000000000000e+05 2.199991711490973945e-01 3.607191624943104080e-02 7.745789713245334607e-01 1.893491124260354985e-01 0.000000000000000000e+00 0.000000000000000000e+00
9.200000000000000000e+05 2.299991334740563165e-01 5.211652253072371344e-02 7.122212107419207960e-01 2.356622667273554905e-01 0.000000000000000000e+00 0.000000000000000000e+00
9.600000000000000000e+05 2.399990957990152385e-01 6.315430131998178709e-02 6.319981793354574329e-01 3.048475193445607800e-01 0.000000000000000000e+00 0.000000000000000000e+00
1.000000000000000000e+06 2.499990581239741605e-01 6.895766954938552240e-02 6.282430587164314906e-01 3.022303140646335762e-01 5.689576695493854790e-04 0.000000000000000000e+00
1.040000000000000000e+06 2.599990204489330825e-01 1.242603550295857950e-01 6.405325443786982209e-01 2.314519799726900418e-01 3.755120619025944465e-03 0.000000000000000000e+00
1.080000000000000000e+06 2.699989827738922266e-01 1.672735548475193512e-01 6.524806554392352798e-01 1.745562130177514826e-01 5.689576695493855224e-03 0.000000000000000000e+00
1.120000000000000000e+06 2.799989450988511486e-01 1.538461538461538547e-01 6.892353208921255803e-01 1.524806554392353075e-01 4.437869822485207214e-03 0.000000000000000000e+00
1.160000000000000000e+06 2.899989074238100706e-01 1.389394629039599482e-01 7.350933090578061213e-01 1.230086481565771522e-01 2.958579881656804664e-03 0.000000000000000000e+00
1.200000000000000000e+06 2.999988697487689926e-01 1.142467000455166110e-01 8.141784251251706905e-01 7.043695949021393232e-02 1.137915339098770958e-03 0.000000000000000000e+00
1.240000000000000000e+06 3.099988320737279146e-01 1.133363677742375980e-01 8.142922166590805810e-01 7.077833409194356218e-02 1.593081474738279385e-03 0.000000000000000000e+00
1.280000000000000000e+06 3.199987943986870587e-01 1.159535730541647741e-01 8.130405097860718966e-01 7.009558488848430247e-02 9.103322712790168532e-04 0.000000000000000000e+00
1.320000000000000000e+06 3.299987567236459807e-01 1.126536185707783383e-01 8.150887573964497035e-01 7.111970869367319203e-02 1.137915339098770958e-03 0.000000000000000000e+00
1.360000000000000000e+06 3.399987190486049027e-01 1.205052344105598527e-01 7.761720527992717056e-01 1.026399635867091542e-01 6.827492034592626399e-04 0.000000000000000000e+00
1.400000000000000000e+06 3.499986813735638247e-01 1.239189804278561652e-01 7.662721893491124536e-01 1.094674556213017791e-01 3.413746017296313199e-04 0.000000000000000000e+00
1.440000000000000000e+06 3.599986436985227467e-01 1.250568957669549452e-01 7.661583978152025631e-01 1.081019572143832458e-01 6.827492034592626399e-04 0.000000000000000000e+00
1.480000000000000000e+06 3.699986060234818908e-01 1.243741465634956717e-01 7.683204369594902605e-01 1.070778334091943562e-01 2.275830678197542133e-04 0.000000000000000000e+00
1.520000000000000000e+06 3.799985683484408128e-01 1.250568957669549452e-01 7.680928538916704795e-01 1.063950842057350965e-01 4.551661356395084266e-04 0.000000000000000000e+00
1.560000000000000000e+06 3.899985306733997348e-01 1.256258534365043145e-01 7.678652708238506985e-01 1.060537096040054666e-01 4.551661356395084266e-04 0.000000000000000000e+00
1.600000000000000000e+06 3.999984929983586568e-01 1.250568957669549452e-01 7.725307237141556538e-01 1.020710059171597572e-01 3.413746017296313199e-04 0.000000000000000000e+00
1.640000000000000000e+06 4.099984553233175788e-01 1.346153846153846090e-01 6.981110605370960398e-01 1.667045971779699542e-01 5.689576695493854790e-04 0.000000000000000000e+00
1.680000000000000000e+06 4.199984176482767229e-01 1.574874829312699065e-01 6.873008648156576639e-01 1.545289030496131144e-01 6.827492034592626399e-04 0.000000000000000000e+00
1.720000000000000000e+06 4.299983799732356449e-01 1.530496131087847045e-01 6.901456531634045932e-01 1.564633591260810308e-01 3.413746017296313199e-04 0.000000000000000000e+00
1.760000000000000000e+06 4.399983422981943448e-01 1.532771961766044577e-01 6.878698224852071164e-01 1.585116067364588099e-01 3.413746017296313199e-04 0.000000000000000000e+00
1.800000000000000000e+06 4.499983046231534889e-01 1.613563950842057393e-01 6.727355484751934567e-01 1.653390987710514348e-01 5.689576695493854790e-04 0.000000000000000000e+00
1.840000000000000000e+06 4.599982669481126329e-01 1.593081474738279601e-01 6.745562130177514826e-01 1.649977241693217911e-01 1.137915339098770958e-03 0.000000000000000000e+00
1.880000000000000000e+06 4.699982292730715550e-01 1.527082385070550885e-01 6.918525261720528396e-01 1.547564861174328676e-01 6.827492034592626399e-04 0.000000000000000000e+00
1.920000000000000000e+06 4.799981915980302549e-01 1.521392808375056915e-01 6.917387346381429492e-01 1.552116522530723741e-01 9.103322712790168532e-04 0.000000000000000000e+00
1.960000000000000000e+06 4.899981539229893990e-01 1.543013199817933612e-01 6.932180245789713036e-01 1.519116977696859383e-01 5.689576695493854790e-04 0.000000000000000000e+00
2.000000000000000000e+06 4.999981162479485430e-01 1.589667728720983164e-01 6.885525716886663483e-01 1.520254893035958010e-01 4.551661356395084266e-04 0.000000000000000000e+00
2.040000000000000000e+06 5.099980785729072430e-01 1.601046882111970826e-01 6.853664087391898585e-01 1.540737369139736079e-01 4.551661356395084266e-04 0.000000000000000000e+00
2.080000000000000000e+06 5.199980408978661650e-01 1.569185252617205373e-01 6.838871187983613931e-01 1.587391898042785632e-01 4.551661356395084266e-04 0.000000000000000000e+00
2.120000000000000000e+06 5.299980032228253091e-01 1.516841147018661851e-01 6.849112426035502965e-01 1.634046426945835184e-01 0.000000000000000000e+00 0.000000000000000000e+00
2.160000000000000000e+06 5.399979655477844531e-01 1.678425125170687204e-01 6.517979062357760478e-01 1.802457897132453413e-01 1.137915339098771066e-04 0.000000000000000000e+00
2.200000000000000000e+06 5.499979278727431531e-01 1.700045516613563901e-01 6.532771961766045132e-01 1.762630860263996457e-01 4.551661356395084266e-04 0.000000000000000000e+00
2.240000000000000000e+06 5.599978901977020751e-01 1.697769685935366368e-01 6.668183887118798170e-01 1.613563950842057393e-01 2.048247610377787811e-03 0.000000000000000000e+00
2.280000000000000000e+06 5.699978525226612192e-01 1.705735093309057870e-01 6.722803823395538947e-01 1.563495675921711403e-01 7.965407373691396923e-04 0.000000000000000000e+00
2.320000000000000000e+06 5.799978148476203632e-01 1.777423759672280279e-01 6.359808830223031562e-01 1.849112426035502965e-01 1.365498406918525280e-03 0.000000000000000000e+00
2.360000000000000000e+06 5.899977771725790632e-01 1.626081019572143960e-01 6.505461993627673634e-01 1.854802002730996935e-01 1.365498406918525280e-03 0.000000000000000000e+00
2.400000000000000000e+06 5.999977394975379852e-01 1.540737369139736079e-01 6.753527537551206050e-01 1.695493855257168836e-01 1.024123805188893906e-03 0.000000000000000000e+00
2.440000000000000000e+06 6.099977018224971292e-01 1.517979062357760478e-01 6.785389167045972059e-01 1.690942193900773771e-01 5.689576695493854790e-04 0.000000000000000000e+00
2.480000000000000000e+06 6.199976641474560513e-01 1.521392808375056915e-01 6.779699590350477534e-01 1.687528447883477334e-01 1.137915339098770958e-03 0.000000000000000000e+00
2.520000000000000000e+06 6.299976264724149733e-01 1.563495675921711403e-01 6.721665908056441152e-01 1.710286754665452935e-01 4.551661356395084266e-04 0.000000000000000000e+00
2.560000000000000000e+06 6.399975887973736732e-01 1.589667728720983164e-01 6.677287209831588299e-01 1.725079654073737034e-01 7.965407373691396923e-04 0.000000000000000000e+00
2.600000000000000000e+06 6.499975511223328173e-01 1.510013654984069253e-01 7.395311788802912956e-01 1.081019572143832458e-01 1.365498406918525280e-03 0.000000000000000000e+00
2.640000000000000000e+06 6.599975134472919613e-01 1.519116977696859383e-01 7.404415111515703085e-01 1.065088757396449731e-01 1.137915339098770958e-03 0.000000000000000000e+00
2.680000000000000000e+06 6.699974757722508834e-01 1.515703231679562946e-01 7.398725534820209671e-01 1.066226672735548497e-01 1.934456076467910759e-03 0.000000000000000000e+00
2.720000000000000000e+06 6.799974380972095833e-01 1.550978607191624836e-01 7.380518889394629412e-01 1.051433773327264398e-01 1.706873008648156654e-03 0.000000000000000000e+00
2.760000000000000000e+06 6.899974004221687274e-01 1.807009558488848477e-01 6.969731451979972459e-01 1.202776513427400995e-01 2.048247610377787811e-03 0.000000000000000000e+00
2.800000000000000000e+06 6.999973627471278714e-01 1.565771506599908935e-01 7.344105598543468894e-01 1.078743741465634925e-01 1.137915339098770958e-03 0.000000000000000000e+00
2.840000000000000000e+06 7.099973250720867934e-01 1.577150659990896597e-01 7.358898497951752438e-01 1.059399180700955900e-01 4.551661356395084266e-04 0.000000000000000000e+00
2.880000000000000000e+06 7.199972873970454934e-01 1.591943559399180697e-01 7.018661811561219821e-01 1.373463814292216756e-01 1.593081474738279385e-03 0.000000000000000000e+00
2.920000000000000000e+06 7.299972497220046375e-01 1.579426490669094130e-01 7.011834319526627501e-01 1.391670459717797015e-01 1.706873008648156654e-03 0.000000000000000000e+00
2.960000000000000000e+06 7.399972120469637815e-01 1.619253527537551085e-01 7.003868912152936277e-01 1.363222576240327721e-01 1.365498406918525280e-03 0.000000000000000000e+00
3.000000000000000000e+06 7.499971743719224815e-01 1.614701866181156020e-01 6.962903959945380139e-01 1.413290851160673711e-01 9.103322712790168532e-04 0.000000000000000000e+00
3.040000000000000000e+06 7.599971366968814035e-01 1.614701866181156020e-01 6.953800637232590010e-01 1.423532089212562468e-01 7.965407373691396923e-04 0.000000000000000000e+00
3.080000000000000000e+06 7.699970990218405476e-01 1.762630860263996457e-01 6.687528447883477334e-01 1.536185707783341015e-01 1.365498406918525280e-03 0.000000000000000000e+00
3.120000000000000000e+06 7.799970613467996916e-01 1.591943559399180697e-01 7.247382794720073074e-01 1.135639508420573512e-01 2.503413746017296455e-03 0.000000000000000000e+00
3.160000000000000000e+06 7.899970236717583916e-01 1.566909421939007840e-01 7.335002275830677654e-01 1.068502503413746030e-01 2.958579881656804664e-03 0.000000000000000000e+00
3.200000000000000000e+06 7.999969859967173136e-01 1.544151115157032239e-01 7.341829767865271084e-01 1.076467910787437393e-01 3.755120619025944465e-03 0.000000000000000000e+00
3.240000000000000000e+06 8.099969483216764576e-01 1.563495675921711403e-01 7.344105598543468894e-01 1.059399180700955900e-01 3.299954483386436255e-03 0.000000000000000000e+00
3.280000000000000000e+06 8.199969106466356017e-01 1.696631770596267741e-01 6.870732817478379939e-01 1.406463359126081114e-01 2.617205279927173507e-03 0.000000000000000000e+00
3.320000000000000000e+06 8.299968729715943017e-01 1.720527992717341692e-01 6.943559399180700975e-01 1.305188893946290507e-01 3.072371415566681717e-03 0.000000000000000000e+00
3.360000000000000000e+06 8.399968352965532237e-01 1.719390077378243065e-01 6.985662266727356018e-01 1.271051433773327244e-01 2.389622212107419402e-03 0.000000000000000000e+00
3.400000000000000000e+06 8.499967976215121457e-01 1.769458352298589054e-01 6.926490669094219621e-01 1.271051433773327244e-01 3.299954483386436255e-03 0.000000000000000000e+00
3.440000000000000000e+06 8.599967599464712897e-01 1.827492034592626269e-01 6.643149749658625591e-01 1.479289940828402428e-01 5.006827492034592909e-03 0.000000000000000000e+00
3.480000000000000000e+06 8.699967222714302117e-01 1.795630405097860816e-01 6.670459717796995980e-01 1.507737824305871721e-01 2.617205279927173507e-03 0.000000000000000000e+00
3.520000000000000000e+06 8.799966845963889117e-01 1.862767410104688159e-01 6.511151570323168158e-01 1.603322712790168358e-01 2.275830678197541916e-03 0.000000000000000000e+00
3.560000000000000000e+06 8.899966469213480558e-01 2.026627218934911323e-01 6.167501137915338827e-01 1.780837505689576716e-01 2.503413746017296455e-03 0.000000000000000000e+00
3.600000000000000000e+06 8.999966092463071998e-01 2.068730086481565811e-01 6.152708238507055283e-01 1.744424214838415921e-01 3.413746017296313308e-03 0.000000000000000000e+00
3.640000000000000000e+06 9.099965715712661218e-01 1.998179335457442030e-01 6.207328174783796060e-01 1.758079198907601393e-01 3.641329085116067413e-03 0.000000000000000000e+00
3.680000000000000000e+06 9.199965338962248218e-01 2.091488393263541135e-01 6.187983614019116896e-01 1.680700955848884737e-01 3.982703686845699004e-03 0.000000000000000000e+00
3.720000000000000000e+06 9.299964962211839659e-01 2.047109695038689114e-01 6.568047337278106745e-01 1.349567592171142527e-01 3.527537551206190360e-03 0.000000000000000000e+00
3.760000000000000000e+06 9.399964585461431099e-01 2.174556213017751483e-01 6.249431042330451103e-01 1.545289030496131144e-01 3.072371415566681717e-03 0.000000000000000000e+00
3.800000000000000000e+06 9.499964208711020319e-01 2.179107874374146547e-01 6.174328629949932257e-01 1.603322712790168358e-01 4.324078288575329727e-03 0.000000000000000000e+00
3.840000000000000000e+06 9.599963831960607319e-01 2.218934911242603503e-01 6.148156577150659663e-01 1.590805644060081792e-01 4.210286754665453109e-03 0.000000000000000000e+00
3.880000000000000000e+06 9.699963455210198759e-01 2.179107874374146547e-01 6.181156121984524576e-01 1.587391898042785632e-01 5.234410559854347014e-03 0.000000000000000000e+00
3.920000000000000000e+06 9.799963078459790200e-01 2.055075102412380617e-01 6.362084660901229372e-01 1.539599453800637174e-01 4.324078288575329727e-03 0.000000000000000000e+00
3.960000000000000000e+06 9.899962701709377200e-01 1.761492944924897552e-01 6.440600819299043822e-01 1.792216659080564378e-01 5.689576695493854790e-04 0.000000000000000000e+00
4.000000000000000000e+06 9.999962324958966420e-01 1.777423759672280279e-01 6.446290395994538347e-01 1.770596267637687682e-01 5.689576695493854790e-04 0.000000000000000000e+00
