# itime ezz other fcc hcp bcc ico
0.000000000000000000e+00 0.000000000000000000e+00 0.000000000000000000e+00 1.000000000000000000e+00 0.000000000000000000e+00 0.000000000000000000e+00 0.000000000000000000e+00
4.000000000000000000e+03 1.000060135758484847e-03 0.000000000000000000e+00 1.000000000000000000e+00 0.000000000000000000e+00 0.000000000000000000e+00 0.000000000000000000e+00
8.000000000000000000e+03 2.000120271516969694e-03 0.000000000000000000e+00 1.000000000000000000e+00 0.000000000000000000e+00 0.000000000000000000e+00 0.000000000000000000e+00
1.200000000000000000e+04 3.000180407275454542e-03 0.000000000000000000e+00 1.000000000000000000e+00 0.000000000000000000e+00 0.000000000000000000e+00 0.000000000000000000e+00
1.600000000000000000e+04 4.000240543033939389e-03 0.000000000000000000e+00 1.000000000000000000e+00 0.000000000000000000e+00 0.000000000000000000e+00 0.000000000000000000e+00
2.000000000000000000e+04 5.000300678792424236e-03 0.000000000000000000e+00 1.000000000000000000e+00 0.000000000000000000e+00 0.000000000000000000e+00 0.000000000000000000e+00
2.400000000000000000e+04 6.000360814550909083e-03 0.000000000000000000e+00 1.000000000000000000e+00 0.000000000000000000e+00 0.000000000000000000e+00 0.000000000000000000e+00
2.800000000000000000e+04 7.000420950309393930e-03 0.000000000000000000e+00 1.000000000000000000e+00 0.000000000000000000e+00 0.000000000000000000e+00 0.000000000000000000e+00
3.200000000000000000e+04 8.000481086067878778e-03 0.000000000000000000e+00 1.000000000000000000e+00 0.000000000000000000e+00 0.000000000000000000e+00 0.000000000000000000e+00
3.600000000000000000e+04 9.000541221826363625e-03 0.000000000000000000e+00 1.000000000000000000e+00 0.000000000000000000e+00 0.000000000000000000e+00 0.000000000000000000e+00
4.000000000000000000e+04 1.000060135758484847e-02 0.000000000000000000e+00 1.000000000000000000e+00 0.000000000000000000e+00 0.000000000000000000e+00 0.000000000000000000e+00
4.400000000000000000e+04 1.100066149334333332e-02 0.000000000000000000e+00 1.000000000000000000e+00 0.000000000000000000e+00 0.000000000000000000e+00 0.000000000000000000e+00
4.800000000000000000e+04 1.200072162910181817e-02 0.000000000000000000e+00 1.000000000000000000e+00 0.000000000000000000e+00 0.000000000000000000e+00 0.000000000000000000e+00
5.200000000000000000e+04 1.300078176486030301e-02 0.000000000000000000e+00 1.000000000000000000e+00 0.000000000000000000e+00 0.000000000000000000e+00 0.000000000000000000e+00
5.600000000000000000e+04 1.400084190061878786e-02 0.000000000000000000e+00 1.000000000000000000e+00 0.000000000000000000e+00 0.000000000000000000e+00 0.000000000000000000e+00
6.000000000000000000e+04 1.500090203637727271e-02 0.000000000000000000e+00 1.000000000000000000e+00 0.000000000000000000e+00 0.000000000000000000e+00 0.000000000000000000e+00
6.400000000000000000e+04 1.600096217213575756e-02 0.000000000000000000e+00 1.000000000000000000e+00 0.000000000000000000e+00 0.000000000000000000e+00 0.000000000000000000e+00
6.800000000000000000e+04 1.700102230789424240e-02 0.000000000000000000e+00 1.000000000000000000e+00 0.000000000000000000e+00 0.000000000000000000e+00 0.000000000000000000e+00
7.200000000000000000e+04 1.800108244365272725e-02 0.000000000000000000e+00 1.000000000000000000e+00 0.000000000000000000e+00 0.000000000000000000e+00 0.000000000000000000e+00
7.600000000000000000e+04 1.900114257941121210e-02 0.000000000000000000e+00 1.000000000000000000e+00 0.000000000000000000e+00 0.000000000000000000e+00 0.000000000000000000e+00
8.000000000000000000e+04 2.000120271516969694e-02 0.000000000000000000e+00 1.000000000000000000e+00 0.000000000000000000e+00 0.000000000000000000e+00 0.000000000000000000e+00
8.400000000000000000e+04 2.100126285092840384e-02 0.000000000000000000e+00 1.000000000000000000e+00 0.000000000000000000e+00 0.000000000000000000e+00 0.000000000000000000e+00
8.800000000000000000e+04 2.200132298668688868e-02 0.000000000000000000e+00 1.000000000000000000e+00 0.000000000000000000e+00 0.000000000000000000e+00 0.000000000000000000e+00
9.200000000000000000e+04 2.300138312244537353e-02 0.000000000000000000e+00 1.000000000000000000e+00 0.000000000000000000e+00 0.000000000000000000e+00 0.000000000000000000e+00
9.600000000000000000e+04 2.400144325820385838e-02 0.000000000000000000e+00 1.000000000000000000e+00 0.000000000000000000e+00 0.000000000000000000e+00 0.000000000000000000e+00
1.000000000000000000e+05 2.500150339396234322e-02 0.000000000000000000e+00 1.000000000000000000e+00 0.000000000000000000e+00 0.000000000000000000e+00 0.000000000000000000e+00
1.040000000000000000e+05 2.600156352972082807e-02 0.000000000000000000e+00 1.000000000000000000e+00 0.000000000000000000e+00 0.000000000000000000e+00 0.000000000000000000e+00
1.080000000000000000e+05 2.700162366547931292e-02 0.000000000000000000e+00 1.000000000000000000e+00 0.000000000000000000e+00 0.000000000000000000e+00 0.000000000000000000e+00
1.120000000000000000e+05 2.800168380123779777e-02 0.000000000000000000e+00 1.000000000000000000e+00 0.000000000000000000e+00 0.000000000000000000e+00 0.000000000000000000e+00
1.160000000000000000e+05 2.900174393699628261e-02 0.000000000000000000e+00 1.000000000000000000e+00 0.000000000000000000e+00 0.000000000000000000e+00 0.000000000000000000e+00
1.200000000000000000e+05 3.000180407275476746e-02 0.000000000000000000e+00 1.000000000000000000e+00 0.000000000000000000e+00 0.000000000000000000e+00 0.000000000000000000e+00
1.240000000000000000e+05 3.100186420851325231e-02 0.000000000000000000e+00 1.000000000000000000e+00 0.000000000000000000e+00 0.000000000000000000e+00 0.000000000000000000e+00
1.280000000000000000e+05 3.200192434427173716e-02 0.000000000000000000e+00 1.000000000000000000e+00 0.000000000000000000e+00 0.000000000000000000e+00 0.000000000000000000e+00
1.320000000000000000e+05 3.300198448003022200e-02 0.000000000000000000e+00 1.000000000000000000e+00 0.000000000000000000e+00 0.000000000000000000e+00 0.000000000000000000e+00
1.360000000000000000e+05 3.400204461578870685e-02 0.000000000000000000e+00 1.000000000000000000e+00 0.000000000000000000e+00 0.000000000000000000e+00 0.000000000000000000e+00
1.400000000000000000e+05 3.500210475154719170e-02 0.000000000000000000e+00 1.000000000000000000e+00 0.000000000000000000e+00 0.000000000000000000e+00 0.000000000000000000e+00
1.440000000000000000e+05 3.600216488730567654e-02 0.000000000000000000e+00 1.000000000000000000e+00 0.000000000000000000e+00 0.000000000000000000e+00 0.000000000000000000e+00
1.480000000000000000e+05 3.700222502306416139e-02 0.000000000000000000e+00 1.000000000000000000e+00 0.000000000000000000e+00 0.000000000000000000e+00 0.000000000000000000e+00
1.520000000000000000e+05 3.800228515882264624e-02 0.000000000000000000e+00 1.000000000000000000e+00 0.000000000000000000e+00 0.000000000000000000e+00 0.000000000000000000e+00
1.560000000000000000e+05 3.900234529458113109e-02 0.000000000000000000e+00 1.000000000000000000e+00 0.000000000000000000e+00 0.000000000000000000e+00 0.000000000000000000e+00
1.600000000000000000e+05 4.000240543033961593e-02 0.000000000000000000e+00 1.000000000000000000e+00 0.000000000000000000e+00 0.000000000000000000e+00 0.000000000000000000e+00
1.640000000000000000e+05 4.100246556609810078e-02 0.000000000000000000e+00 1.000000000000000000e+00 0.000000000000000000e+00 0.000000000000000000e+00 0.000000000000000000e+00
1.680000000000000000e+05 4.200252570185658563e-02 0.000000000000000000e+00 1.000000000000000000e+00 0.000000000000000000e+00 0.000000000000000000e+00 0.000000000000000000e+00
1.720000000000000000e+05 4.300258583761507047e-02 0.000000000000000000e+00 1.000000000000000000e+00 0.000000000000000000e+00 0.000000000000000000e+00 0.000000000000000000e+00
1.760000000000000000e+05 4.400264597337355532e-02 0.000000000000000000e+00 1.000000000000000000e+00 0.000000000000000000e+00 0.000000000000000000e+00 0.000000000000000000e+00
1.800000000000000000e+05 4.500270610913204017e-02 0.000000000000000000e+00 1.000000000000000000e+00 0.000000000000000000e+00 0.000000000000000000e+00 0.000000000000000000e+00
1.840000000000000000e+05 4.600276624489052502e-02 0.000000000000000000e+00 1.000000000000000000e+00 0.000000000000000000e+00 0.000000000000000000e+00 0.000000000000000000e+00
1.880000000000000000e+05 4.700282638064900986e-02 0.000000000000000000e+00 1.000000000000000000e+00 0.000000000000000000e+00 0.000000000000000000e+00 0.000000000000000000e+00
1.920000000000000000e+05 4.800288651640749471e-02 0.000000000000000000e+00 1.000000000000000000e+00 0.000000000000000000e+00 0.000000000000000000e+00 0.000000000000000000e+00
1.960000000000000000e+05 4.900294665216597956e-02 0.000000000000000000e+00 1.000000000000000000e+00 0.000000000000000000e+00 0.000000000000000000e+00 0.000000000000000000e+00
2.000000000000000000e+05 5.000300678792446440e-02 0.000000000000000000e+00 1.000000000000000000e+00 0.000000000000000000e+00 0.000000000000000000e+00 0.000000000000000000e+00
2.040000000000000000e+05 5.100306692368294925e-02 0.000000000000000000e+00 1.000000000000000000e+00 0.000000000000000000e+00 0.000000000000000000e+00 0.000000000000000000e+00
2.080000000000000000e+05 5.200312705944143410e-02 0.000000000000000000e+00 1.000000000000000000e+00 0.000000000000000000e+00 0.000000000000000000e+00 0.000000000000000000e+00
2.120000000000000000e+05 5.300318719519991895e-02 0.000000000000000000e+00 1.000000000000000000e+00 0.000000000000000000e+00 0.000000000000000000e+00 0.000000000000000000e+00
2.160000000000000000e+05 5.400324733095840379e-02 0.000000000000000000e+00 1.000000000000000000e+00 0.000000000000000000e+00 0.000000000000000000e+00 0.000000000000000000e+00
2.200000000000000000e+05 5.500330746671688864e-02 0.000000000000000000e+00 1.000000000000000000e+00 0.000000000000000000e+00 0.000000000000000000e+00 0.000000000000000000e+00
2.240000000000000000e+05 5.600336760247537349e-02 0.000000000000000000e+00 1.000000000000000000e+00 0.000000000000000000e+00 0.000000000000000000e+00 0.000000000000000000e+00
2.280000000000000000e+05 5.700342773823385834e-02 0.000000000000000000e+00 1.000000000000000000e+00 0.000000000000000000e+00 0.000000000000000000e+00 0.000000000000000000e+00
2.320000000000000000e+05 5.800348787399234318e-02 0.000000000000000000e+00 1.000000000000000000e+00 0.000000000000000000e+00 0.000000000000000000e+00 0.000000000000000000e+00
2.360000000000000000e+05 5.900354800975082803e-02 0.000000000000000000e+00 1.000000000000000000e+00 0.000000000000000000e+00 0.000000000000000000e+00 0.000000000000000000e+00
2.400000000000000000e+05 6.000360814550931288e-02 0.000000000000000000e+00 1.000000000000000000e+00 0.000000000000000000e+00 0.000000000000000000e+00 0.000000000000000000e+00
2.440000000000000000e+05 6.100366828126779772e-02 0.000000000000000000e+00 1.000000000000000000e+00 0.000000000000000000e+00 0.000000000000000000e+00 0.000000000000000000e+00
2.480000000000000000e+05 6.200372841702650462e-02 0.000000000000000000e+00 1.000000000000000000e+00 0.000000000000000000e+00 0.000000000000000000e+00 0.000000000000000000e+00
2.520000000000000000e+05 6.300378855278498946e-02 0.000000000000000000e+00 1.000000000000000000e+00 0.000000000000000000e+00 0.000000000000000000e+00 0.000000000000000000e+00
2.560000000000000000e+05 6.400384868854347431e-02 0.000000000000000000e+00 1.000000000000000000e+00 0.000000000000000000e+00 0.000000000000000000e+00 0.000000000000000000e+00
2.600000000000000000e+05 6.500390882430195916e-02 0.000000000000000000e+00 1.000000000000000000e+00 0.000000000000000000e+00 0.000000000000000000e+00 0.000000000000000000e+00
2.640000000000000000e+05 6.600396896006044400e-02 0.000000000000000000e+00 1.000000000000000000e+00 0.000000000000000000e+00 0.000000000000000000e+00 0.000000000000000000e+00
2.680000000000000000e+05 6.700402909581892885e-02 0.000000000000000000e+00 1.000000000000000000e+00 0.000000000000000000e+00 0.000000000000000000e+00 0.000000000000000000e+00
2.720000000000000000e+05 6.800408923157741370e-02 0.000000000000000000e+00 1.000000000000000000e+00 0.000000000000000000e+00 0.000000000000000000e+00 0.000000000000000000e+00
2.760000000000000000e+05 6.900414936733589855e-02 0.000000000000000000e+00 1.000000000000000000e+00 0.000000000000000000e+00 0.000000000000000000e+00 0.000000000000000000e+00
2.800000000000000000e+05 7.000420950309438339e-02 0.000000000000000000e+00 1.000000000000000000e+00 0.000000000000000000e+00 0.000000000000000000e+00 0.000000000000000000e+00
2.840000000000000000e+05 7.100426963885286824e-02 3.413746017296313199e-04 9.995448338643604380e-01 0.000000000000000000e+00 1.137915339098771066e-04 0.000000000000000000e+00
2.880000000000000000e+05 7.200432977461135309e-02 0.000000000000000000e+00 1.000000000000000000e+00 0.000000000000000000e+00 0.000000000000000000e+00 0.000000000000000000e+00
2.920000000000000000e+05 7.300438991036983793e-02 0.000000000000000000e+00 1.000000000000000000e+00 0.000000000000000000e+00 0.000000000000000000e+00 0.000000000000000000e+00
2.960000000000000000e+05 7.400445004612832278e-02 1.137915339098771066e-04 9.998862084660901095e-01 0.000000000000000000e+00 0.000000000000000000e+00 0.000000000000000000e+00
3.000000000000000000e+05 7.500451018188680763e-02 1.137915339098771066e-04 9.998862084660901095e-01 0.000000000000000000e+00 0.000000000000000000e+00 0.000000000000000000e+00
3.040000000000000000e+05 7.600457031764529248e-02 2.275830678197542133e-04 9.997724169321802190e-01 0.000000000000000000e+00 0.000000000000000000e+00 0.000000000000000000e+00
3.080000000000000000e+05 7.700463045340377732e-02 0.000000000000000000e+00 1.000000000000000000e+00 0.000000000000000000e+00 0.000000000000000000e+00 0.000000000000000000e+00
3.120000000000000000e+05 7.800469058916226217e-02 1.137915339098771066e-04 9.998862084660901095e-01 0.000000000000000000e+00 0.000000000000000000e+00 0.000000000000000000e+00
3.160000000000000000e+05 7.900475072492074702e-02 7.965407373691396923e-04 9.990896677287209870e-01 0.000000000000000000e+00 1.137915339098771066e-04 0.000000000000000000e+00
3.200000000000000000e+05 8.000481086067923187e-02 1.137915339098771066e-04 9.998862084660901095e-01 0.000000000000000000e+00 0.000000000000000000e+00 0.000000000000000000e+00
3.240000000000000000e+05 8.100487099643771671e-02 7.965407373691396923e-04 9.992034592626308775e-01 0.000000000000000000e+00 0.000000000000000000e+00 0.000000000000000000e+00
3.280000000000000000e+05 8.200493113219620156e-02 4.551661356395084266e-04 9.995448338643604380e-01 0.000000000000000000e+00 0.000000000000000000e+00 0.000000000000000000e+00
3.320000000000000000e+05 8.300499126795468641e-02 1.024123805188893906e-03 9.989758761948110966e-01 0.000000000000000000e+00 0.000000000000000000e+00 0.000000000000000000e+00
3.360000000000000000e+05 8.400505140371317125e-02 1.137915339098771066e-04 9.998862084660901095e-01 0.000000000000000000e+00 0.000000000000000000e+00 0.000000000000000000e+00
3.400000000000000000e+05 8.500511153947165610e-02 4.551661356395084266e-04 9.995448338643604380e-01 0.000000000000000000e+00 0.000000000000000000e+00 0.000000000000000000e+00
3.440000000000000000e+05 8.600517167523014095e-02 1.251706873008648227e-03 9.986345015930814251e-01 0.000000000000000000e+00 1.137915339098771066e-04 0.000000000000000000e+00
3.480000000000000000e+05 8.700523181098862580e-02 1.251706873008648227e-03 9.987482931269913156e-01 0.000000000000000000e+00 0.000000000000000000e+00 0.000000000000000000e+00
3.520000000000000000e+05 8.800529194674711064e-02 3.413746017296313199e-04 9.995448338643604380e-01 0.000000000000000000e+00 1.137915339098771066e-04 0.000000000000000000e+00
3.560000000000000000e+05 8.900535208250559549e-02 6.827492034592626399e-04 9.993172507965407680e-01 0.000000000000000000e+00 0.000000000000000000e+00 0.000000000000000000e+00
3.600000000000000000e+05 9.000541221826408034e-02 5.689576695493854790e-04 9.994310423304506585e-01 0.000000000000000000e+00 0.000000000000000000e+00 0.000000000000000000e+00
3.640000000000000000e+05 9.100547235402256518e-02 9.103322712790168532e-04 9.990896677287209870e-01 0.000000000000000000e+00 0.000000000000000000e+00 0.000000000000000000e+00
3.680000000000000000e+05 9.200553248978105003e-02 4.551661356395084266e-04 9.995448338643604380e-01 0.000000000000000000e+00 0.000000000000000000e+00 0.000000000000000000e+00
3.720000000000000000e+05 9.300559262553953488e-02 2.275830678197541916e-03 9.976103777878926326e-01 0.000000000000000000e+00 1.137915339098771066e-04 0.000000000000000000e+00
3.760000000000000000e+05 9.400565276129801973e-02 5.689576695493854790e-04 9.994310423304506585e-01 0.000000000000000000e+00 0.000000000000000000e+00 0.000000000000000000e+00
3.800000000000000000e+05 9.500571289705650457e-02 1.251706873008648227e-03 9.987482931269913156e-01 0.000000000000000000e+00 0.000000000000000000e+00 0.000000000000000000e+00
3.840000000000000000e+05 9.600577303281498942e-02 2.389622212107419402e-03 9.973827947200728516e-01 0.000000000000000000e+00 2.275830678197542133e-04 0.000000000000000000e+00
3.880000000000000000e+05 9.700583316857347427e-02 2.503413746017296455e-03 9.973827947200728516e-01 0.000000000000000000e+00 1.137915339098771066e-04 0.000000000000000000e+00
3.920000000000000000e+05 9.800589330433195911e-02 2.389622212107419402e-03 9.976103777878926326e-01 0.000000000000000000e+00 0.000000000000000000e+00 0.000000000000000000e+00
3.960000000000000000e+05 9.900595344009044396e-02 2.844788347746927612e-03 9.968138370505233992e-01 0.000000000000000000e+00 3.413746017296313199e-04 0.000000000000000000e+00
4.000000000000000000e+05 1.000060135758489288e-01 6.258534365043240920e-03 9.936276741010469093e-01 0.000000000000000000e+00 1.137915339098771066e-04 0.000000000000000000e+00
4.040000000000000000e+05 1.010060737116074137e-01 4.096495220755575623e-03 9.955621301775148257e-01 0.000000000000000000e+00 3.413746017296313199e-04 0.000000000000000000e+00
4.080000000000000000e+05 1.020061338473661205e-01 4.893035958124715423e-03 9.949931725079653733e-01 0.000000000000000000e+00 1.137915339098771066e-04 0.000000000000000000e+00
4.120000000000000000e+05 1.030061939831246054e-01 5.120619025944469528e-03 9.948793809740554828e-01 0.000000000000000000e+00 0.000000000000000000e+00 0.000000000000000000e+00
4.160000000000000000e+05 1.040062541188830902e-01 7.624032771961766417e-03 9.922621756941283344e-01 0.000000000000000000e+00 1.137915339098771066e-04 0.000000000000000000e+00
4.200000000000000000e+05 1.050063142546415751e-01 7.282658170232134826e-03 9.916932180245789930e-01 0.000000000000000000e+00 1.024123805188893906e-03 0.000000000000000000e+00
4.240000000000000000e+05 1.060063743904000599e-01 1.046882111970869403e-02 9.874829312699134887e-01 0.000000000000000000e+00 2.048247610377787811e-03 0.000000000000000000e+00
4.280000000000000000e+05 1.070064345261585448e-01 4.733727810650887463e-02 7.636549840691853053e-01 1.842284934000910368e-01 4.779244424214838804e-03 0.000000000000000000e+00
4.320000000000000000e+05 1.080064946619170296e-01 4.836140191169777114e-02 7.652480655439235502e-01 1.809285389167046010e-01 5.461993627674101119e-03 0.000000000000000000e+00
4.360000000000000000e+05 1.090065547976755145e-01 5.075102412380518707e-02 7.650204824761037692e-01 1.792216659080564378e-01 5.006827492034592909e-03 0.000000000000000000e+00
4.400000000000000000e+05 1.100066149334339993e-01 4.870277651342740100e-02 7.664997724169322346e-01 1.796768320436959443e-01 5.120619025944469528e-03 0.000000000000000000e+00
4.440000000000000000e+05 1.110066750691924842e-01 4.836140191169777114e-02 7.680928538916704795e-01 1.786527082385070686e-01 4.893035958124715423e-03 0.000000000000000000e+00
4.480000000000000000e+05 1.120067352049509690e-01 5.154756486117433034e-02 7.657032316795630011e-01 1.775147928994082747e-01 5.234410559854347014e-03 0.000000000000000000e+00
4.520000000000000000e+05 1.130067953407094539e-01 5.052344105598543383e-02 7.664997724169322346e-01 1.785389167045971781e-01 4.437869822485207214e-03 0.000000000000000000e+00
4.560000000000000000e+05 1.140068554764679387e-01 5.075102412380518707e-02 7.659308147473827821e-01 1.788802913063268218e-01 4.437869822485207214e-03 0.000000000000000000e+00
4.600000000000000000e+05 1.150069156122264236e-01 4.938552571688666071e-02 7.666135639508420141e-01 1.789940828402366846e-01 5.006827492034592909e-03 0.000000000000000000e+00
4.640000000000000000e+05 1.160069757479849084e-01 4.858898497951752438e-02 7.672963131543013571e-01 1.786527082385070686e-01 5.461993627674101119e-03 0.000000000000000000e+00
4.680000000000000000e+05 1.170070358837433933e-01 5.018206645425580398e-02 7.661583978152025631e-01 1.808147473827947105e-01 2.844788347746927612e-03 0.000000000000000000e+00
4.720000000000000000e+05 1.180070960195018781e-01 4.346836595357305572e-02 7.777651342740100615e-01 1.763768775603095085e-01 2.389622212107419402e-03 0.000000000000000000e+00
4.760000000000000000e+05 1.190071561552603630e-01 4.483386436049158208e-02 7.765134274010013771e-01 1.763768775603095085e-01 2.275830678197541916e-03 0.000000000000000000e+00
4.800000000000000000e+05 1.200072162910188478e-01 4.312699135184342586e-02 7.794720072826581969e-01 1.743286299499317293e-01 3.072371415566681717e-03 0.000000000000000000e+00
4.840000000000000000e+05 1.210072764267773326e-01 4.289940828402366568e-02 7.768548020027310486e-01 1.767182521620391522e-01 3.527537551206190360e-03 0.000000000000000000e+00
4.880000000000000000e+05 1.220073365625358175e-01 4.426490669094219205e-02 7.775375512061902805e-01 1.762630860263996457e-01 1.934456076467910759e-03 0.000000000000000000e+00
4.920000000000000000e+05 1.230073966982943023e-01 4.369594902139280895e-02 7.766272189349112676e-01 1.775147928994082747e-01 2.162039144287664864e-03 0.000000000000000000e+00
4.960000000000000000e+05 1.240074568340527872e-01 4.324078288575330248e-02 7.757168866636322546e-01 1.784251251706872876e-01 2.617205279927173507e-03 0.000000000000000000e+00
5.000000000000000000e+05 1.250075169698112720e-01 4.472007282658170546e-02 7.758306781975421451e-01 1.774010013654984119e-01 2.048247610377787811e-03 0.000000000000000000e+00
5.040000000000000000e+05 1.260075771055697569e-01 4.278561675011378906e-02 7.767410104688211581e-01 1.783113336367774249e-01 2.162039144287664864e-03 0.000000000000000000e+00
5.080000000000000000e+05 1.270076372413282417e-01 4.460628129267182190e-02 7.765134274010013771e-01 1.766044606281292617e-01 2.275830678197541916e-03 0.000000000000000000e+00
5.120000000000000000e+05 1.280076973770867266e-01 4.403732362312243881e-02 7.758306781975421451e-01 1.768320436959490149e-01 3.299954483386436255e-03 0.000000000000000000e+00
5.160000000000000000e+05 1.290077575128452114e-01 4.437869822485206867e-02 7.754893035958124736e-01 1.781975421028675344e-01 1.934456076467910759e-03 0.000000000000000000e+00
5.200000000000000000e+05 1.300078176486036963e-01 4.278561675011378906e-02 7.775375512061902805e-01 1.771734182976786587e-01 2.503413746017296455e-03 0.000000000000000000e+00
5.240000000000000000e+05 1.310078777843621811e-01 4.392353208921256219e-02 7.761720527992717056e-01 1.768320436959490149e-01 3.072371415566681717e-03 0.000000000000000000e+00
5.280000000000000000e+05 1.320079379201206660e-01 4.415111515703231543e-02 7.758306781975421451e-01 1.768320436959490149e-01 3.186162949476558769e-03 0.000000000000000000e+00
5.320000000000000000e+05 1.330079980558791508e-01 4.324078288575330248e-02 7.760582612653618151e-01 1.772872098315885214e-01 3.413746017296313308e-03 0.000000000000000000e+00
5.360000000000000000e+05 1.340080581916376357e-01 4.517523896222121194e-02 7.737824305871643382e-01 1.781975421028675344e-01 2.844788347746927612e-03 0.000000000000000000e+00
5.400000000000000000e+05 1.350081183273961205e-01 4.540282203004096517e-02 7.753755120619025831e-01 1.767182521620391522e-01 2.503413746017296455e-03 0.000000000000000000e+00
5.440000000000000000e+05 1.360081784631546054e-01 4.426490669094219205e-02 7.754893035958124736e-01 1.771734182976786587e-01 3.072371415566681717e-03 0.000000000000000000e+00
5.480000000000000000e+05 1.370082385989130902e-01 4.574419663177059503e-02 7.742375967228037892e-01 1.771734182976786587e-01 2.844788347746927612e-03 0.000000000000000000e+00
5.520000000000000000e+05 1.380082987346715750e-01 4.380974055530268557e-02 7.759444697314519246e-01 1.774010013654984119e-01 2.844788347746927612e-03 0.000000000000000000e+00
5.560000000000000000e+05 1.390083588704300599e-01 4.494765589440145870e-02 7.746927628584433512e-01 1.778561675011379184e-01 2.503413746017296455e-03 0.000000000000000000e+00
5.600000000000000000e+05 1.400084190061885447e-01 4.540282203004096517e-02 7.750341374601729116e-01 1.766044606281292617e-01 2.958579881656804664e-03 0.000000000000000000e+00
5.640000000000000000e+05 1.410084791419470296e-01 4.619936276741010150e-02 7.741238051888938987e-01 1.766044606281292617e-01 3.072371415566681717e-03 0.000000000000000000e+00
5.680000000000000000e+05 1.420085392777055144e-01 4.528903049613108855e-02 7.730996813837051063e-01 1.786527082385070686e-01 2.958579881656804664e-03 0.000000000000000000e+00
5.720000000000000000e+05 1.430085994134642213e-01 4.802002730996814128e-02 7.726445152480655443e-01 1.772872098315885214e-01 2.048247610377787811e-03 0.000000000000000000e+00
5.760000000000000000e+05 1.440086595492227062e-01 4.597177969959034827e-02 7.735548475193445572e-01 1.770596267637687682e-01 3.413746017296313308e-03 0.000000000000000000e+00
5.800000000000000000e+05 1.450087196849811910e-01 4.574419663177059503e-02 7.732134729176148857e-01 1.780837505689576716e-01 2.958579881656804664e-03 0.000000000000000000e+00
5.840000000000000000e+05 1.460087798207396759e-01 4.585798816568047165e-02 7.733272644515247762e-01 1.774010013654984119e-01 3.413746017296313308e-03 0.000000000000000000e+00
5.880000000000000000e+05 1.470088399564981607e-01 4.551661356395084179e-02 7.754893035958124736e-01 1.768320436959490149e-01 2.162039144287664864e-03 0.000000000000000000e+00
5.920000000000000000e+05 1.480089000922566456e-01 4.563040509786071841e-02 7.737824305871643382e-01 1.767182521620391522e-01 3.868912152935821518e-03 0.000000000000000000e+00
5.960000000000000000e+05 1.490089602280151304e-01 4.585798816568047165e-02 7.734410559854346667e-01 1.784251251706872876e-01 2.275830678197541916e-03 0.000000000000000000e+00
6.000000000000000000e+05 1.500090203637736153e-01 4.631315430131998506e-02 7.728720983158853253e-01 1.777423759672280279e-01 3.072371415566681717e-03 0.000000000000000000e+00
6.040000000000000000e+05 1.510090804995321001e-01 4.654073736913973830e-02 7.732134729176148857e-01 1.771734182976786587e-01 3.072371415566681717e-03 0.000000000000000000e+00
6.080000000000000000e+05 1.520091406352905850e-01 4.676832043695949154e-02 7.732134729176148857e-01 1.775147928994082747e-01 2.503413746017296455e-03 0.000000000000000000e+00
6.120000000000000000e+05 1.530092007710490698e-01 4.676832043695949154e-02 7.725307237141556538e-01 1.787664997724169313e-01 1.934456076467910759e-03 0.000000000000000000e+00
6.160000000000000000e+05 1.540092609068075546e-01 4.858898497951752438e-02 7.725307237141556538e-01 1.768320436959490149e-01 2.048247610377787811e-03 0.000000000000000000e+00
6.200000000000000000e+05 1.550093210425660395e-01 4.779244424214838111e-02 7.720755575785162028e-01 1.768320436959490149e-01 3.299954483386436255e-03 0.000000000000000000e+00
6.240000000000000000e+05 1.560093811783245243e-01 4.699590350477924477e-02 7.732134729176148857e-01 1.766044606281292617e-01 3.186162949476558769e-03 0.000000000000000000e+00
6.280000000000000000e+05 1.570094413140830092e-01 4.631315430131998506e-02 7.737824305871643382e-01 1.772872098315885214e-01 2.617205279927173507e-03 0.000000000000000000e+00
6.320000000000000000e+05 1.580095014498414940e-01 5.188893946290396020e-02 7.702548930359581769e-01 1.755803368229403860e-01 2.275830678197541916e-03 0.000000000000000000e+00
6.360000000000000000e+05 1.590095615855999789e-01 2.901684114701866268e-02 8.225989986345015881e-01 1.483841602184797492e-01 0.000000000000000000e+00 0.000000000000000000e+00
6.400000000000000000e+05 1.600096217213584637e-01 2.878925807919890598e-02 8.228265817023213691e-01 1.483841602184797492e-01 0.000000000000000000e+00 0.000000000000000000e+00
6.440000000000000000e+05 1.610096818571169486e-01 2.890304961310878606e-02 8.227127901684114786e-01 1.483841602184797492e-01 0.000000000000000000e+00 0.000000000000000000e+00
6.480000000000000000e+05 1.620097419928754334e-01 2.913063268092853930e-02 8.224852071005916976e-01 1.483841602184797492e-01 0.000000000000000000e+00 0.000000000000000000e+00
6.520000000000000000e+05 1.630098021286339183e-01 2.913063268092853930e-02 8.222576240327719166e-01 1.484979517523896120e-01 1.137915339098771066e-04 0.000000000000000000e+00
6.560000000000000000e+05 1.640098622643924031e-01 2.947200728265816916e-02 8.222576240327719166e-01 1.482703686845698587e-01 0.000000000000000000e+00 0.000000000000000000e+00
6.600000000000000000e+05 1.650099224001508880e-01 2.924442421483841592e-02 8.225989986345015881e-01 1.481565771506599960e-01 0.000000000000000000e+00 0.000000000000000000e+00
6.640000000000000000e+05 1.660099825359093728e-01 2.935821574874829254e-02 8.224852071005916976e-01 1.481565771506599960e-01 0.000000000000000000e+00 0.000000000000000000e+00
6.680000000000000000e+05 1.670100426716678577e-01 2.958579881656804578e-02 8.220300409649522466e-01 1.483841602184797492e-01 0.000000000000000000e+00 0.000000000000000000e+00
6.720000000000000000e+05 1.680101028074263425e-01 2.901684114701866268e-02 8.227127901684114786e-01 1.482703686845698587e-01 0.000000000000000000e+00 0.000000000000000000e+00
6.760000000000000000e+05 1.690101629431848274e-01 2.935821574874829254e-02 8.225989986345015881e-01 1.480427856167501055e-01 0.000000000000000000e+00 0.000000000000000000e+00
6.800000000000000000e+05 1.700102230789433122e-01 2.947200728265816916e-02 8.222576240327719166e-01 1.482703686845698587e-01 0.000000000000000000e+00 0.000000000000000000e+00
6.840000000000000000e+05 1.710102832147017970e-01 2.913063268092853930e-02 8.224852071005916976e-01 1.483841602184797492e-01 0.000000000000000000e+00 0.000000000000000000e+00
6.880000000000000000e+05 1.720103433504602819e-01 2.992717341829767910e-02 8.216886663632225751e-01 1.483841602184797492e-01 0.000000000000000000e+00 0.000000000000000000e+00
6.920000000000000000e+05 1.730104034862187667e-01 2.935821574874829254e-02 8.223714155666818071e-01 1.482703686845698587e-01 0.000000000000000000e+00 0.000000000000000000e+00
6.960000000000000000e+05 1.740104636219772516e-01 2.981338188438780248e-02 8.219162494310423561e-01 1.482703686845698587e-01 0.000000000000000000e+00 0.000000000000000000e+00
7.000000000000000000e+05 1.750105237577357364e-01 3.060992262175694228e-02 8.211197086936732337e-01 1.480427856167501055e-01 2.275830678197542133e-04 0.000000000000000000e+00
7.040000000000000000e+05 1.760105838934942213e-01 3.026854802002730896e-02 8.212335002275830131e-01 1.483841602184797492e-01 1.137915339098771066e-04 0.000000000000000000e+00
7.080000000000000000e+05 1.770106440292527061e-01 5.678197542102867562e-02 7.674101046882112476e-01 1.739872553482020856e-01 1.820664542558033706e-03 0.000000000000000000e+00
7.120000000000000000e+05 1.780107041650111910e-01 5.609922621756941591e-02 7.662721893491124536e-01 1.762630860263996457e-01 1.365498406918525280e-03 0.000000000000000000e+00
7.160000000000000000e+05 1.790107643007696758e-01 5.700955848884842886e-02 7.659308147473827821e-01 1.752389622212107423e-01 1.820664542558033706e-03 0.000000000000000000e+00
7.200000000000000000e+05 1.800108244365281607e-01 5.757851615839781195e-02 7.653618570778334407e-01 1.755803368229403860e-01 1.479289940828402332e-03 0.000000000000000000e+00
7.240000000000000000e+05 1.810108845722866455e-01 5.791989076012744875e-02 7.652480655439235502e-01 1.753527537551206328e-01 1.479289940828402332e-03 0.000000000000000000e+00
7.280000000000000000e+05 1.820109447080451304e-01 5.871643149749658508e-02 7.645653163404643182e-01 1.747837960855712358e-01 1.934456076467910759e-03 0.000000000000000000e+00
7.320000000000000000e+05 1.830110048438036152e-01 5.769230769230769551e-02 7.630860263996358528e-01 1.769458352298589054e-01 2.275830678197541916e-03 0.000000000000000000e+00
7.360000000000000000e+05 1.840110649795623221e-01 5.803368229403732537e-02 7.851615839781520556e-01 1.533909877105143482e-01 3.413746017296313308e-03 0.000000000000000000e+00
7.400000000000000000e+05 1.850111251153208070e-01 5.086481565771506369e-02 7.933545744196631722e-01 1.539599453800637174e-01 1.820664542558033706e-03 0.000000000000000000e+00
7.440000000000000000e+05 1.860111852510792918e-01 5.200273099681383682e-02 7.915339098771051463e-01 1.544151115157032239e-01 2.048247610377787811e-03 0.000000000000000000e+00
7.480000000000000000e+05 1.870112453868377766e-01 5.063723258989531045e-02 7.924442421483841592e-01 1.544151115157032239e-01 2.503413746017296455e-03 0.000000000000000000e+00
7.520000000000000000e+05 1.880113055225962615e-01 5.052344105598543383e-02 7.924442421483841592e-01 1.555530268548019901e-01 1.479289940828402332e-03 0.000000000000000000e+00
7.560000000000000000e+05 1.890113656583547463e-01 4.949931725079653733e-02 7.948338643604915266e-01 1.540737369139736079e-01 1.593081474738279385e-03 0.000000000000000000e+00
7.600000000000000000e+05 1.900114257941132312e-01 5.223031406463359005e-02 7.922166590805643782e-01 1.533909877105143482e-01 2.162039144287664864e-03 0.000000000000000000e+00
7.640000000000000000e+05 1.910114859298717160e-01 5.018206645425580398e-02 7.928994082840237212e-01 1.550978607191624836e-01 1.820664542558033706e-03 0.000000000000000000e+00
7.680000000000000000e+05 1.920115460656302009e-01 5.063723258989531045e-02 7.940373236231224041e-01 1.530496131087847045e-01 2.275830678197541916e-03 0.000000000000000000e+00
7.720000000000000000e+05 1.930116062013886857e-01 4.972690031861629750e-02 7.944924897587619661e-01 1.538461538461538547e-01 1.934456076467910759e-03 0.000000000000000000e+00
7.760000000000000000e+05 1.940116663371471706e-01 5.006827492034592736e-02 7.948338643604915266e-01 1.537323623122439642e-01 1.365498406918525280e-03 0.000000000000000000e+00
7.800000000000000000e+05 1.950117264729056554e-01 4.984069185252617412e-02 7.948338643604915266e-01 1.529358215748748417e-01 2.389622212107419402e-03 0.000000000000000000e+00
7.840000000000000000e+05 1.960117866086641403e-01 5.211652253072371344e-02 7.923304506144742687e-01 1.528220300409649512e-01 2.730996813837050560e-03 0.000000000000000000e+00
7.880000000000000000e+05 1.970118467444226251e-01 4.915794264906690747e-02 7.968821119708693335e-01 1.512289485662266786e-01 2.730996813837050560e-03 0.000000000000000000e+00
7.920000000000000000e+05 1.980119068801811100e-01 5.166135639508420696e-02 7.942649066909421851e-01 1.527082385070550885e-01 1.365498406918525280e-03 0.000000000000000000e+00
7.960000000000000000e+05 1.990119670159395948e-01 4.904415111515703085e-02 7.959717796995903205e-01 1.524806554392353075e-01 2.503413746017296455e-03 0.000000000000000000e+00
8.000000000000000000e+05 2.000120271516980797e-01 5.063723258989531045e-02 7.949476558944014171e-01 1.522530723714155543e-01 2.162039144287664864e-03 0.000000000000000000e+00
8.040000000000000000e+05 2.010120872874565645e-01 4.904415111515703085e-02 7.958579881656804300e-01 1.525944469731451980e-01 2.503413746017296455e-03 0.000000000000000000e+00
8.080000000000000000e+05 2.020121474232150494e-01 5.063723258989531045e-02 7.950614474283113076e-01 1.524806554392353075e-01 1.820664542558033706e-03 0.000000000000000000e+00
8.120000000000000000e+05 2.030122075589735342e-01 5.314064633591260994e-02 7.939235320892125136e-01 1.506599908966772816e-01 2.275830678197541916e-03 0.000000000000000000e+00
8.160000000000000000e+05 2.040122676947320191e-01 4.961310878470642088e-02 7.973372781065088954e-01 1.514565316340464318e-01 1.593081474738279385e-03 0.000000000000000000e+00
8.200000000000000000e+05 2.050123278304905039e-01 5.109239872553481693e-02 7.966545289030496635e-01 1.512289485662266786e-01 1.024123805188893906e-03 0.000000000000000000e+00
8.240000000000000000e+05 2.060123879662489887e-01 5.109239872553481693e-02 7.967683204369594430e-01 1.506599908966772816e-01 1.479289940828402332e-03 0.000000000000000000e+00
8.280000000000000000e+05 2.070124481020074736e-01 5.006827492034592736e-02 7.957441966317706505e-01 1.516841147018661851e-01 2.503413746017296455e-03 0.000000000000000000e+00
8.320000000000000000e+05 2.080125082377659584e-01 5.109239872553481693e-02 7.944924897587619661e-01 1.522530723714155543e-01 2.162039144287664864e-03 0.000000000000000000e+00
8.360000000000000000e+05 2.090125683735244433e-01 4.995448338643605074e-02 7.971096950386891145e-01 1.512289485662266786e-01 1.706873008648156654e-03 0.000000000000000000e+00
8.400000000000000000e+05 2.100126285092829281e-01 5.200273099681383682e-02 7.944924897587619661e-01 1.511151570323167881e-01 2.389622212107419402e-03 0.000000000000000000e+00
8.440000000000000000e+05 2.110126886450414130e-01 5.086481565771506369e-02 7.955166135639508695e-01 1.517979062357760478e-01 1.820664542558033706e-03 0.000000000000000000e+00
8.480000000000000000e+05 2.120127487807998978e-01 5.757851615839781195e-02 7.818616294947655643e-01 1.587391898042785632e-01 1.820664542558033706e-03 0.000000000000000000e+00
8.520000000000000000e+05 2.130128089165583827e-01 6.895766954938552240e-02 7.456759217114247162e-01 1.849112426035502965e-01 4.551661356395084266e-04 0.000000000000000000e+00
8.560000000000000000e+05 2.140128690523168675e-01 6.736458807464724974e-02 7.469276285844332897e-01 1.847974510696404060e-01 9.103322712790168532e-04 0.000000000000000000e+00
8.600000000000000000e+05 2.150129291880753524e-01 6.838871187983613931e-02 7.470414201183431802e-01 1.840009103322712836e-01 5.689576695493854790e-04 0.000000000000000000e+00
8.640000000000000000e+05 2.160129893238338372e-01 6.781975421028675621e-02 7.435138825671370189e-01 1.876422394173873354e-01 1.024123805188893906e-03 0.000000000000000000e+00
8.680000000000000000e+05 2.170130494595923221e-01 6.850250341374601593e-02 7.478379608557123026e-01 1.835457441966317771e-01 1.137915339098771066e-04 0.000000000000000000e+00
8.720000000000000000e+05 2.180131095953508069e-01 6.895766954938552240e-02 7.469276285844332897e-01 1.835457441966317771e-01 5.689576695493854790e-04 0.000000000000000000e+00
8.760000000000000000e+05 2.190131697311092918e-01 6.907146108329539902e-02 7.455621301775148257e-01 1.847974510696404060e-01 5.689576695493854790e-04 0.000000000000000000e+00
8.800000000000000000e+05 2.200132298668677766e-01 6.884387801547564578e-02 7.454483386436049352e-01 1.846836595357305433e-01 1.024123805188893906e-03 0.000000000000000000e+00
8.840000000000000000e+05 2.210132900026262615e-01 6.736458807464724974e-02 7.479517523896221931e-01 1.840009103322712836e-01 6.827492034592626399e-04 0.000000000000000000e+00
8.880000000000000000e+05 2.220133501383847463e-01 6.850250341374601593e-02 7.444242148384160318e-01 1.863905325443787064e-01 6.827492034592626399e-04 0.000000000000000000e+00
8.920000000000000000e+05 2.230134102741432311e-01 6.952662721893490549e-02 7.456759217114247162e-01 1.841147018661811463e-01 6.827492034592626399e-04 0.000000000000000000e+00
8.960000000000000000e+05 2.240134704099019380e-01 6.804733727810650945e-02 7.474965862539827421e-01 1.837733272644515303e-01 6.827492034592626399e-04 0.000000000000000000e+00
9.000000000000000000e+05 2.250135305456604229e-01 6.816112881201638607e-02 7.484069185252617551e-01 1.821802457897132577e-01 1.251706873008648227e-03 0.000000000000000000e+00
9.040000000000000000e+05 2.260135906814189077e-01 6.918525261720527564e-02 7.492034592626308775e-01 1.812699135184342170e-01 3.413746017296313199e-04 0.000000000000000000e+00
9.080000000000000000e+05 2.270136508171773926e-01 6.725079654073737312e-02 7.506827492034592320e-01 1.820664542558033672e-01 0.000000000000000000e+00 0.000000000000000000e+00
