# itime ezz other fcc hcp bcc ico
0.000000000000000000e+00 0.000000000000000000e+00 0.000000000000000000e+00 1.000000000000000000e+00 0.000000000000000000e+00 0.000000000000000000e+00 0.000000000000000000e+00
8.000000000000000000e+03 2.000062626197118831e-03 0.000000000000000000e+00 1.000000000000000000e+00 0.000000000000000000e+00 0.000000000000000000e+00 0.000000000000000000e+00
1.600000000000000000e+04 4.000125252394237663e-03 0.000000000000000000e+00 1.000000000000000000e+00 0.000000000000000000e+00 0.000000000000000000e+00 0.000000000000000000e+00
2.400000000000000000e+04 6.000187878591356494e-03 0.000000000000000000e+00 1.000000000000000000e+00 0.000000000000000000e+00 0.000000000000000000e+00 0.000000000000000000e+00
3.200000000000000000e+04 8.000250504788475325e-03 0.000000000000000000e+00 1.000000000000000000e+00 0.000000000000000000e+00 0.000000000000000000e+00 0.000000000000000000e+00
4.000000000000000000e+04 1.000031313098559416e-02 0.000000000000000000e+00 1.000000000000000000e+00 0.000000000000000000e+00 0.000000000000000000e+00 0.000000000000000000e+00
4.800000000000000000e+04 1.200037575718271299e-02 0.000000000000000000e+00 1.000000000000000000e+00 0.000000000000000000e+00 0.000000000000000000e+00 0.000000000000000000e+00
5.600000000000000000e+04 1.400043838337960977e-02 0.000000000000000000e+00 1.000000000000000000e+00 0.000000000000000000e+00 0.000000000000000000e+00 0.000000000000000000e+00
6.400000000000000000e+04 1.600050100957672861e-02 0.000000000000000000e+00 1.000000000000000000e+00 0.000000000000000000e+00 0.000000000000000000e+00 0.000000000000000000e+00
7.200000000000000000e+04 1.800056363577384744e-02 0.000000000000000000e+00 1.000000000000000000e+00 0.000000000000000000e+00 0.000000000000000000e+00 0.000000000000000000e+00
8.000000000000000000e+04 2.000062626197096627e-02 0.000000000000000000e+00 1.000000000000000000e+00 0.000000000000000000e+00 0.000000000000000000e+00 0.000000000000000000e+00
8.800000000000000000e+04 2.200068888816808510e-02 0.000000000000000000e+00 1.000000000000000000e+00 0.000000000000000000e+00 0.000000000000000000e+00 0.000000000000000000e+00
9.600000000000000000e+04 2.400075151436520393e-02 0.000000000000000000e+00 1.000000000000000000e+00 0.000000000000000000e+00 0.000000000000000000e+00 0.000000000000000000e+00
1.040000000000000000e+05 2.600081414056232276e-02 0.000000000000000000e+00 1.000000000000000000e+00 0.000000000000000000e+00 0.000000000000000000e+00 0.000000000000000000e+00
1.120000000000000000e+05 2.800087676675944159e-02 0.000000000000000000e+00 1.000000000000000000e+00 0.000000000000000000e+00 0.000000000000000000e+00 0.000000000000000000e+00
1.200000000000000000e+05 3.000093939295656043e-02 0.000000000000000000e+00 1.000000000000000000e+00 0.000000000000000000e+00 0.000000000000000000e+00 0.000000000000000000e+00
1.280000000000000000e+05 3.200100201915367926e-02 0.000000000000000000e+00 1.000000000000000000e+00 0.000000000000000000e+00 0.000000000000000000e+00 0.000000000000000000e+00
1.360000000000000000e+05 3.400106464535079809e-02 0.000000000000000000e+00 1.000000000000000000e+00 0.000000000000000000e+00 0.000000000000000000e+00 0.000000000000000000e+00
1.440000000000000000e+05 3.600112727154791692e-02 0.000000000000000000e+00 1.000000000000000000e+00 0.000000000000000000e+00 0.000000000000000000e+00 0.000000000000000000e+00
1.520000000000000000e+05 3.800118989774481371e-02 0.000000000000000000e+00 1.000000000000000000e+00 0.000000000000000000e+00 0.000000000000000000e+00 0.000000000000000000e+00
1.600000000000000000e+05 4.000125252394193254e-02 0.000000000000000000e+00 1.000000000000000000e+00 0.000000000000000000e+00 0.000000000000000000e+00 0.000000000000000000e+00
1.680000000000000000e+05 4.200131515013905137e-02 0.000000000000000000e+00 1.000000000000000000e+00 0.000000000000000000e+00 0.000000000000000000e+00 0.000000000000000000e+00
1.760000000000000000e+05 4.400137777633617020e-02 0.000000000000000000e+00 1.000000000000000000e+00 0.000000000000000000e+00 0.000000000000000000e+00 0.000000000000000000e+00
1.840000000000000000e+05 4.600144040253328903e-02 0.000000000000000000e+00 1.000000000000000000e+00 0.000000000000000000e+00 0.000000000000000000e+00 0.000000000000000000e+00
1.920000000000000000e+05 4.800150302873040786e-02 0.000000000000000000e+00 1.000000000000000000e+00 0.000000000000000000e+00 0.000000000000000000e+00 0.000000000000000000e+00
2.000000000000000000e+05 5.000156565492752669e-02 0.000000000000000000e+00 1.000000000000000000e+00 0.000000000000000000e+00 0.000000000000000000e+00 0.000000000000000000e+00
2.080000000000000000e+05 5.200162828112464553e-02 0.000000000000000000e+00 1.000000000000000000e+00 0.000000000000000000e+00 0.000000000000000000e+00 0.000000000000000000e+00
2.160000000000000000e+05 5.400169090732176436e-02 0.000000000000000000e+00 1.000000000000000000e+00 0.000000000000000000e+00 0.000000000000000000e+00 0.000000000000000000e+00
2.240000000000000000e+05 5.600175353351888319e-02 0.000000000000000000e+00 1.000000000000000000e+00 0.000000000000000000e+00 0.000000000000000000e+00 0.000000000000000000e+00
2.320000000000000000e+05 5.800181615971600202e-02 0.000000000000000000e+00 1.000000000000000000e+00 0.000000000000000000e+00 0.000000000000000000e+00 0.000000000000000000e+00
2.400000000000000000e+05 6.000187878591312085e-02 1.137915339098771066e-04 9.998862084660901095e-01 0.000000000000000000e+00 0.000000000000000000e+00 0.000000000000000000e+00
2.480000000000000000e+05 6.200194141211001764e-02 0.000000000000000000e+00 1.000000000000000000e+00 0.000000000000000000e+00 0.000000000000000000e+00 0.000000000000000000e+00
2.560000000000000000e+05 6.400200403830713647e-02 0.000000000000000000e+00 1.000000000000000000e+00 0.000000000000000000e+00 0.000000000000000000e+00 0.000000000000000000e+00
2.640000000000000000e+05 6.600206666450425530e-02 0.000000000000000000e+00 1.000000000000000000e+00 0.000000000000000000e+00 0.000000000000000000e+00 0.000000000000000000e+00
2.720000000000000000e+05 6.800212929070137413e-02 0.000000000000000000e+00 1.000000000000000000e+00 0.000000000000000000e+00 0.000000000000000000e+00 0.000000000000000000e+00
2.800000000000000000e+05 7.000219191689849296e-02 1.137915339098771066e-04 9.998862084660901095e-01 0.000000000000000000e+00 0.000000000000000000e+00 0.000000000000000000e+00
2.880000000000000000e+05 7.200225454309561179e-02 0.000000000000000000e+00 1.000000000000000000e+00 0.000000000000000000e+00 0.000000000000000000e+00 0.000000000000000000e+00
2.960000000000000000e+05 7.400231716929273063e-02 1.137915339098771066e-04 9.998862084660901095e-01 0.000000000000000000e+00 0.000000000000000000e+00 0.000000000000000000e+00
3.040000000000000000e+05 7.600237979548984946e-02 2.275830678197542133e-04 9.997724169321802190e-01 0.000000000000000000e+00 0.000000000000000000e+00 0.000000000000000000e+00
3.120000000000000000e+05 7.800244242168696829e-02 1.024123805188893906e-03 9.989758761948110966e-01 0.000000000000000000e+00 0.000000000000000000e+00 0.000000000000000000e+00
3.200000000000000000e+05 8.000250504788408712e-02 4.551661356395084266e-04 9.995448338643604380e-01 0.000000000000000000e+00 0.000000000000000000e+00 0.000000000000000000e+00
3.280000000000000000e+05 8.200256767408120595e-02 4.551661356395084266e-04 9.995448338643604380e-01 0.000000000000000000e+00 0.000000000000000000e+00 0.000000000000000000e+00
3.360000000000000000e+05 8.400263030027832478e-02 2.275830678197542133e-04 9.997724169321802190e-01 0.000000000000000000e+00 0.000000000000000000e+00 0.000000000000000000e+00
3.440000000000000000e+05 8.600269292647522157e-02 3.413746017296313199e-04 9.996586253982703285e-01 0.000000000000000000e+00 0.000000000000000000e+00 0.000000000000000000e+00
3.520000000000000000e+05 8.800275555267234040e-02 2.048247610377787811e-03 9.977241693218024121e-01 0.000000000000000000e+00 2.275830678197542133e-04 0.000000000000000000e+00
3.600000000000000000e+05 9.000281817886945923e-02 2.275830678197542133e-04 9.997724169321802190e-01 0.000000000000000000e+00 0.000000000000000000e+00 0.000000000000000000e+00
3.680000000000000000e+05 9.200288080506657806e-02 5.689576695493854790e-04 9.994310423304506585e-01 0.000000000000000000e+00 0.000000000000000000e+00 0.000000000000000000e+00
3.760000000000000000e+05 9.400294343126369689e-02 1.593081474738279385e-03 9.984069185252617551e-01 0.000000000000000000e+00 0.000000000000000000e+00 0.000000000000000000e+00
3.840000000000000000e+05 9.600300605746081573e-02 2.275830678197541916e-03 9.976103777878926326e-01 0.000000000000000000e+00 1.137915339098771066e-04 0.000000000000000000e+00
3.920000000000000000e+05 9.800306868365793456e-02 3.755120619025944465e-03 9.960172963131542767e-01 0.000000000000000000e+00 2.275830678197542133e-04 0.000000000000000000e+00
4.000000000000000000e+05 1.000031313098550534e-01 1.593081474738279385e-03 9.980655439235320836e-01 0.000000000000000000e+00 3.413746017296313199e-04 0.000000000000000000e+00
4.080000000000000000e+05 1.020031939360521722e-01 2.048247610377787811e-03 9.977241693218024121e-01 0.000000000000000000e+00 2.275830678197542133e-04 0.000000000000000000e+00
4.160000000000000000e+05 1.040032565622492911e-01 5.006827492034592909e-03 9.948793809740554828e-01 0.000000000000000000e+00 1.137915339098771066e-04 0.000000000000000000e+00
4.240000000000000000e+05 1.060033191884464099e-01 7.624032771961766417e-03 9.911242603550295405e-01 0.000000000000000000e+00 1.251706873008648227e-03 0.000000000000000000e+00
4.320000000000000000e+05 1.080033818146435287e-01 6.372325898953118406e-02 7.038006372325898985e-01 2.294037323623122349e-01 3.072371415566681717e-03 0.000000000000000000e+00
4.400000000000000000e+05 1.100034444408404255e-01 4.244424214838415921e-02 7.616067364588074984e-01 1.948111060537096040e-01 1.137915339098770958e-03 0.000000000000000000e+00
4.480000000000000000e+05 1.120035070670375443e-01 1.342740100136549826e-02 8.367091488393263443e-01 1.497496586253982687e-01 1.137915339098771066e-04 0.000000000000000000e+00
4.560000000000000000e+05 1.140035696932346632e-01 1.354119253527537488e-02 8.367091488393263443e-01 1.497496586253982687e-01 0.000000000000000000e+00 0.000000000000000000e+00
4.640000000000000000e+05 1.160036323194317820e-01 1.354119253527537488e-02 8.367091488393263443e-01 1.497496586253982687e-01 0.000000000000000000e+00 0.000000000000000000e+00
4.720000000000000000e+05 1.180036949456289008e-01 1.342740100136549826e-02 8.368229403732362348e-01 1.497496586253982687e-01 0.000000000000000000e+00 0.000000000000000000e+00
4.800000000000000000e+05 1.200037575718260197e-01 1.365498406918525323e-02 8.365953573054164538e-01 1.497496586253982687e-01 0.000000000000000000e+00 0.000000000000000000e+00
4.880000000000000000e+05 1.220038201980231385e-01 1.354119253527537488e-02 8.367091488393263443e-01 1.497496586253982687e-01 0.000000000000000000e+00 0.000000000000000000e+00
4.960000000000000000e+05 1.240038828242202573e-01 1.342740100136549826e-02 8.368229403732362348e-01 1.497496586253982687e-01 0.000000000000000000e+00 0.000000000000000000e+00
5.040000000000000000e+05 1.260039454504173762e-01 1.365498406918525323e-02 8.365953573054164538e-01 1.497496586253982687e-01 0.000000000000000000e+00 0.000000000000000000e+00
5.120000000000000000e+05 1.280040080766144950e-01 1.365498406918525323e-02 8.367091488393263443e-01 1.496358670914884059e-01 0.000000000000000000e+00 0.000000000000000000e+00
5.200000000000000000e+05 1.300040707028116138e-01 1.354119253527537488e-02 8.367091488393263443e-01 1.497496586253982687e-01 0.000000000000000000e+00 0.000000000000000000e+00
5.280000000000000000e+05 1.320041333290087326e-01 1.388256713700500647e-02 8.363677742375966728e-01 1.497496586253982687e-01 0.000000000000000000e+00 0.000000000000000000e+00
5.360000000000000000e+05 1.340041959552056294e-01 1.354119253527537488e-02 8.367091488393263443e-01 1.497496586253982687e-01 0.000000000000000000e+00 0.000000000000000000e+00
5.440000000000000000e+05 1.360042585814027483e-01 2.332726445152480746e-02 8.150887573964497035e-01 1.597633136094674666e-01 1.820664542558033706e-03 0.000000000000000000e+00
5.520000000000000000e+05 1.380043212075998671e-01 3.868912152935821691e-02 7.743513882567136797e-01 1.853664087391898030e-01 1.593081474738279385e-03 0.000000000000000000e+00
5.600000000000000000e+05 1.400043838337969859e-01 3.971324533454710648e-02 7.738962221210742287e-01 1.847974510696404060e-01 1.593081474738279385e-03 0.000000000000000000e+00
5.680000000000000000e+05 1.420044464599941048e-01 3.755120619025944378e-02 7.740100136549841192e-01 1.866181156121984597e-01 1.820664542558033706e-03 0.000000000000000000e+00
5.760000000000000000e+05 1.440045090861912236e-01 3.823395539371871044e-02 7.740100136549841192e-01 1.862767410104688159e-01 1.479289940828402332e-03 0.000000000000000000e+00
5.840000000000000000e+05 1.460045717123883424e-01 4.028220300409649651e-02 7.733272644515247762e-01 1.847974510696404060e-01 1.593081474738279385e-03 0.000000000000000000e+00
5.920000000000000000e+05 1.480046343385854613e-01 4.142011834319526964e-02 7.727583067819754348e-01 1.842284934000910368e-01 1.593081474738279385e-03 0.000000000000000000e+00
6.000000000000000000e+05 1.500046969647825801e-01 4.380974055530268557e-02 7.713928083750568598e-01 1.832043695949021334e-01 1.593081474738279385e-03 0.000000000000000000e+00
6.080000000000000000e+05 1.520047595909796989e-01 4.335457441966317910e-02 7.709376422394174089e-01 1.842284934000910368e-01 1.479289940828402332e-03 0.000000000000000000e+00
6.160000000000000000e+05 1.540048222171768177e-01 4.085116067364587961e-02 7.721893491124259823e-01 1.840009103322712836e-01 2.958579881656804664e-03 0.000000000000000000e+00
6.240000000000000000e+05 1.560048848433739366e-01 4.528903049613108855e-02 7.686618115612198210e-01 1.832043695949021334e-01 2.844788347746927612e-03 0.000000000000000000e+00
6.320000000000000000e+05 1.580049474695708334e-01 4.585798816568047165e-02 7.683204369594902605e-01 1.826354119253527641e-01 3.186162949476558769e-03 0.000000000000000000e+00
6.400000000000000000e+05 1.600050100957679522e-01 5.075102412380518707e-02 7.624032771961766208e-01 1.807009558488848477e-01 6.144742831133363434e-03 0.000000000000000000e+00
6.480000000000000000e+05 1.620050727219650710e-01 1.243741465634956717e-01 6.795630405097861093e-01 1.904870277651342647e-01 5.575785161583977738e-03 0.000000000000000000e+00
6.560000000000000000e+05 1.640051353481621899e-01 1.275603095129722309e-01 6.747837960855712636e-01 1.931042330450614408e-01 4.551661356395083832e-03 0.000000000000000000e+00
6.640000000000000000e+05 1.660051979743593087e-01 1.286982248520709970e-01 6.734182976786526886e-01 1.916249431042330587e-01 6.258534365043240920e-03 0.000000000000000000e+00
6.720000000000000000e+05 1.680052606005564275e-01 1.326809285389166926e-01 6.774010013654984119e-01 1.842284934000910368e-01 5.689576695493855224e-03 0.000000000000000000e+00
6.800000000000000000e+05 1.700053232267535464e-01 1.321119708693673234e-01 6.785389167045972059e-01 1.849112426035502965e-01 4.437869822485207214e-03 0.000000000000000000e+00
6.880000000000000000e+05 1.720053858529506652e-01 1.326809285389166926e-01 6.763768775603095085e-01 1.836595357305416398e-01 7.282658170232134826e-03 0.000000000000000000e+00
6.960000000000000000e+05 1.740054484791477840e-01 1.349567592171142527e-01 6.767182521620391800e-01 1.830905780609922706e-01 5.234410559854347014e-03 0.000000000000000000e+00
7.040000000000000000e+05 1.760055111053449028e-01 1.414428766499772339e-01 6.738734638142922506e-01 1.795630405097860816e-01 5.120619025944469528e-03 0.000000000000000000e+00
7.120000000000000000e+05 1.780055737315420217e-01 1.397360036413290985e-01 6.745562130177514826e-01 1.794492489758761911e-01 6.258534365043240920e-03 0.000000000000000000e+00
7.200000000000000000e+05 1.800056363577391405e-01 1.407601274465179741e-01 6.739872553482021411e-01 1.792216659080564378e-01 6.030951297223486815e-03 0.000000000000000000e+00
7.280000000000000000e+05 1.820056989839360373e-01 1.471324533454710926e-01 6.667045971779699265e-01 1.768320436959490149e-01 9.330905780609922637e-03 0.000000000000000000e+00
7.360000000000000000e+05 1.840057616101331561e-01 1.511151570323167881e-01 6.655666818388711325e-01 1.750113791533909890e-01 8.306781975421027864e-03 0.000000000000000000e+00
7.440000000000000000e+05 1.860058242363302750e-01 1.519116977696859383e-01 6.663632225762403660e-01 1.729631315430132099e-01 8.761948111060537808e-03 0.000000000000000000e+00
7.520000000000000000e+05 1.880058868625273938e-01 1.516841147018661851e-01 6.645425580336823401e-01 1.739872553482020856e-01 9.786071916249430847e-03 0.000000000000000000e+00
7.600000000000000000e+05 1.900059494887245126e-01 1.574874829312699065e-01 6.601046882111970548e-01 1.721665908056440597e-01 1.024123805188893906e-02 0.000000000000000000e+00
7.680000000000000000e+05 1.920060121149216315e-01 1.644287664997724219e-01 6.594219390077378229e-01 1.701183431952662806e-01 6.030951297223486815e-03 0.000000000000000000e+00
7.760000000000000000e+05 1.940060747411187503e-01 1.614701866181156020e-01 6.636322257624033272e-01 1.649977241693217911e-01 9.899863450159307465e-03 0.000000000000000000e+00
7.840000000000000000e+05 1.960061373673158691e-01 1.634046426945835184e-01 6.636322257624033272e-01 1.652253072371415443e-01 7.737824305871643035e-03 0.000000000000000000e+00
7.920000000000000000e+05 1.980061999935129879e-01 1.614701866181156020e-01 6.669321802457897075e-01 1.648839326354119283e-01 6.713700500682749130e-03 0.000000000000000000e+00
8.000000000000000000e+05 2.000062626197101068e-01 1.631770596267637652e-01 6.640873918980427781e-01 1.624943104233045055e-01 1.024123805188893906e-02 0.000000000000000000e+00
8.080000000000000000e+05 2.020063252459072256e-01 1.680700955848884737e-01 6.619253527537550807e-01 1.612426035502958488e-01 8.761948111060537808e-03 0.000000000000000000e+00
8.160000000000000000e+05 2.040063878721043444e-01 1.640873918980427781e-01 6.686390532544378429e-01 1.577150659990896597e-01 9.558488848429677609e-03 0.000000000000000000e+00
8.240000000000000000e+05 2.060064504983012412e-01 1.673873463814292140e-01 6.687528447883477334e-01 1.543013199817933612e-01 9.558488848429677609e-03 0.000000000000000000e+00
8.320000000000000000e+05 2.080065131244983601e-01 1.731907146108329631e-01 6.678425125170687204e-01 1.511151570323167881e-01 7.851615839781519654e-03 0.000000000000000000e+00
8.400000000000000000e+05 2.100065757506954789e-01 1.776285844333181652e-01 6.647701411015020101e-01 1.502048247610377751e-01 7.396449704142011444e-03 0.000000000000000000e+00
8.480000000000000000e+05 2.120066383768925977e-01 1.775147928994082747e-01 6.659080564406008040e-01 1.475876194811105990e-01 8.989531178880291046e-03 0.000000000000000000e+00
8.560000000000000000e+05 2.140067010030897166e-01 1.705735093309057870e-01 6.067364588074647402e-01 2.184797451069640517e-01 4.210286754665453109e-03 0.000000000000000000e+00
8.640000000000000000e+05 2.160067636292868354e-01 1.690942193900773771e-01 6.069640418752845212e-01 2.175694128356850388e-01 6.372325898953117539e-03 0.000000000000000000e+00
8.720000000000000000e+05 2.180068262554839542e-01 1.712562585343650468e-01 6.046882111970869333e-01 2.176832043695949015e-01 6.372325898953117539e-03 0.000000000000000000e+00
8.800000000000000000e+05 2.200068888816810730e-01 1.684114701866181174e-01 6.084433318161128756e-01 2.177969959035047920e-01 5.348202093764223633e-03 0.000000000000000000e+00
8.880000000000000000e+05 2.220069515078781919e-01 1.664770141101502010e-01 6.076467910787437532e-01 2.190487027765134209e-01 6.827492034592626616e-03 0.000000000000000000e+00
8.960000000000000000e+05 2.240070141340753107e-01 1.698907601274465273e-01 6.073054164770140817e-01 2.170004551661356418e-01 5.803368229403732710e-03 0.000000000000000000e+00
9.040000000000000000e+05 2.260070767602724295e-01 1.736458807464724696e-01 6.061675011379152878e-01 2.146108329540282189e-01 5.575785161583977738e-03 0.000000000000000000e+00
9.120000000000000000e+05 2.280071393864695484e-01 1.730769230769230727e-01 6.068502503413746307e-01 2.119936276741010428e-01 8.079198907601274626e-03 0.000000000000000000e+00
9.200000000000000000e+05 2.300072020126664452e-01 1.697769685935366368e-01 6.074192080109239722e-01 2.147246244879381094e-01 8.079198907601274626e-03 0.000000000000000000e+00
9.280000000000000000e+05 2.320072646388635640e-01 1.753527537551206328e-01 6.038916704597178109e-01 2.143832498862084657e-01 6.372325898953117539e-03 0.000000000000000000e+00
9.360000000000000000e+05 2.340073272650606828e-01 1.803595812471552040e-01 6.027537551206190169e-01 2.111970869367319203e-01 5.689576695493855224e-03 0.000000000000000000e+00
9.440000000000000000e+05 2.360073898912578017e-01 1.860491579426490627e-01 6.026399635867091265e-01 2.068730086481565811e-01 4.437869822485207214e-03 0.000000000000000000e+00
9.520000000000000000e+05 2.380074525174549205e-01 1.877560309512972259e-01 5.992262175694128556e-01 2.102867546654528796e-01 2.730996813837050560e-03 0.000000000000000000e+00
9.600000000000000000e+05 2.400075151436520393e-01 1.865043240782885692e-01 5.999089667728720876e-01 2.097177969959035104e-01 3.868912152935821518e-03 0.000000000000000000e+00
9.680000000000000000e+05 2.420075777698491581e-01 1.908284023668639084e-01 5.969503868912152678e-01 2.085798816568047442e-01 3.641329085116067413e-03 0.000000000000000000e+00
9.760000000000000000e+05 2.440076403960462770e-01 1.888939462903959920e-01 5.887573964497041512e-01 2.180245789713245452e-01 4.324078288575329727e-03 0.000000000000000000e+00
9.840000000000000000e+05 2.460077030222433958e-01 1.913973600364132777e-01 5.854574419663176599e-01 2.198452435138825711e-01 3.299954483386436255e-03 0.000000000000000000e+00
9.920000000000000000e+05 2.480077656484405146e-01 1.926490669094219343e-01 5.824988620846609511e-01 2.200728265817023244e-01 4.779244424214838804e-03 0.000000000000000000e+00
1.000000000000000000e+06 2.500078282746376335e-01 2.027765134274009950e-01 5.795402822030041312e-01 2.127901684114701930e-01 4.893035958124715423e-03 0.000000000000000000e+00
1.008000000000000000e+06 2.520078909008347523e-01 2.034592626308602548e-01 5.788575329995447882e-01 2.130177514792899462e-01 4.665452890304961318e-03 0.000000000000000000e+00
1.016000000000000000e+06 2.540079535270318711e-01 2.058488848429676776e-01 5.791989076012744597e-01 2.105143377332726329e-01 4.437869822485207214e-03 0.000000000000000000e+00
1.024000000000000000e+06 2.560080161532287679e-01 2.077833409194355940e-01 5.777196176604461053e-01 2.085798816568047442e-01 5.917159763313609329e-03 0.000000000000000000e+00
1.032000000000000000e+06 2.580080787794258868e-01 2.048247610377788019e-01 5.804506144742831442e-01 2.093764223941738667e-01 5.348202093764223633e-03 0.000000000000000000e+00
1.040000000000000000e+06 2.600081414056230056e-01 2.068730086481565811e-01 5.793126991351843502e-01 2.081247155211652378e-01 5.689576695493855224e-03 0.000000000000000000e+00
1.048000000000000000e+06 2.620082040318201244e-01 2.096040054619936199e-01 5.774920345926263243e-01 2.057350933090578149e-01 7.168866636322257339e-03 0.000000000000000000e+00
1.056000000000000000e+06 2.640082666580172432e-01 2.077833409194355940e-01 5.774920345926263243e-01 2.081247155211652378e-01 6.599908966772872511e-03 0.000000000000000000e+00
1.064000000000000000e+06 2.660083292842143621e-01 2.084660901228948537e-01 5.797678652708238012e-01 2.047109695038689114e-01 7.055075102412380721e-03 0.000000000000000000e+00
1.072000000000000000e+06 2.680083919104114809e-01 1.800182066454255880e-01 5.794264906690942407e-01 2.350933090578060936e-01 5.461993627674101119e-03 0.000000000000000000e+00
1.080000000000000000e+06 2.700084545366085997e-01 1.771734182976786587e-01 5.843195266272189770e-01 2.341829767865270806e-01 4.324078288575329727e-03 0.000000000000000000e+00
1.088000000000000000e+06 2.720085171628057186e-01 1.783113336367774249e-01 5.817023213472917176e-01 2.337278106508875741e-01 6.258534365043240920e-03 0.000000000000000000e+00
1.096000000000000000e+06 2.740085797890028374e-01 1.776285844333181652e-01 5.815885298133819381e-01 2.368001820664542567e-01 3.982703686845699004e-03 0.000000000000000000e+00
1.104000000000000000e+06 2.760086424151999562e-01 1.797906235776058348e-01 5.802230314064633632e-01 2.349795175238962308e-01 5.006827492034592909e-03 0.000000000000000000e+00
1.112000000000000000e+06 2.780087050413970751e-01 1.814974965862539702e-01 5.785161583978152278e-01 2.348657259899863403e-01 5.120619025944469528e-03 0.000000000000000000e+00
1.120000000000000000e+06 2.800087676675939719e-01 1.818388711879836139e-01 5.795402822030041312e-01 2.330450614474283144e-01 5.575785161583977738e-03 0.000000000000000000e+00
1.128000000000000000e+06 2.820088302937910907e-01 1.851388256713700498e-01 5.773782430587164338e-01 2.335002275830678209e-01 3.982703686845699004e-03 0.000000000000000000e+00
1.136000000000000000e+06 2.840088929199882095e-01 1.840009103322712836e-01 5.746472462448793950e-01 2.358898497951752438e-01 5.461993627674101119e-03 0.000000000000000000e+00
1.144000000000000000e+06 2.860089555461853283e-01 1.690942193900773771e-01 5.878470641784251383e-01 2.375967228038234069e-01 5.461993627674101119e-03 0.000000000000000000e+00
1.152000000000000000e+06 2.880090181723824472e-01 1.718252162039144160e-01 5.903504779244423961e-01 2.317933545744196577e-01 6.030951297223486815e-03 0.000000000000000000e+00
1.160000000000000000e+06 2.900090807985795660e-01 1.680700955848884737e-01 6.363222576240327166e-01 1.915111515703231682e-01 4.096495220755575623e-03 0.000000000000000000e+00
1.168000000000000000e+06 2.920091434247766848e-01 1.698907601274465273e-01 6.362084660901229372e-01 1.904870277651342647e-01 3.413746017296313308e-03 0.000000000000000000e+00
1.176000000000000000e+06 2.940092060509738037e-01 1.700045516613563901e-01 6.329085116067364458e-01 1.941283568502503443e-01 2.958579881656804664e-03 0.000000000000000000e+00
1.184000000000000000e+06 2.960092686771709225e-01 1.688666363222576239e-01 6.327947200728265553e-01 1.940145653163404538e-01 4.324078288575329727e-03 0.000000000000000000e+00
1.192000000000000000e+06 2.980093313033680413e-01 1.741010468821119761e-01 6.246017296313154388e-01 1.965179790623577671e-01 4.779244424214838804e-03 0.000000000000000000e+00
1.200000000000000000e+06 3.000093939295651602e-01 1.614701866181156020e-01 6.247155211652253293e-01 2.094902139280837572e-01 4.324078288575329727e-03 0.000000000000000000e+00
1.208000000000000000e+06 3.020094565557622790e-01 1.596495220755575761e-01 6.274465179790623681e-01 2.099453800637232637e-01 2.958579881656804664e-03 0.000000000000000000e+00
1.216000000000000000e+06 3.040095191819591758e-01 1.594219390077378229e-01 6.258534365043241232e-01 2.110832954028220299e-01 3.641329085116067413e-03 0.000000000000000000e+00
1.224000000000000000e+06 3.060095818081562946e-01 1.554392353208921274e-01 6.290395994538006130e-01 2.121074192080109333e-01 3.413746017296313308e-03 0.000000000000000000e+00
1.232000000000000000e+06 3.080096444343534134e-01 1.554392353208921274e-01 6.187983614019116896e-01 2.206417842512516936e-01 5.120619025944469528e-03 0.000000000000000000e+00
1.240000000000000000e+06 3.100097070605505323e-01 1.562357760582612776e-01 6.172052799271734447e-01 2.212107419208010906e-01 5.348202093764223633e-03 0.000000000000000000e+00
1.248000000000000000e+06 3.120097696867476511e-01 1.562357760582612776e-01 6.141329085116067343e-01 2.248520710059171701e-01 4.779244424214838804e-03 0.000000000000000000e+00
1.256000000000000000e+06 3.140098323129447699e-01 1.606736458807464796e-01 6.131087847064178309e-01 2.207555757851615841e-01 5.461993627674101119e-03 0.000000000000000000e+00
1.264000000000000000e+06 3.160098949391418888e-01 1.576012744651797970e-01 6.106053709604005730e-01 2.256486117432862926e-01 6.144742831133363434e-03 0.000000000000000000e+00
1.272000000000000000e+06 3.180099575653390076e-01 1.434911242603550408e-01 6.855939918070095285e-01 1.680700955848884737e-01 2.844788347746927612e-03 0.000000000000000000e+00
1.280000000000000000e+06 3.200100201915361264e-01 1.429221665908056438e-01 6.804733727810651223e-01 1.735320892125625791e-01 3.072371415566681717e-03 0.000000000000000000e+00
1.288000000000000000e+06 3.220100828177332453e-01 1.437187073281747940e-01 6.826354119253527086e-01 1.713700500682749095e-01 2.275830678197541916e-03 0.000000000000000000e+00
1.296000000000000000e+06 3.240101454439303641e-01 1.338188438780154865e-01 6.893491124260354708e-01 1.720527992717341692e-01 4.779244424214838804e-03 0.000000000000000000e+00
1.304000000000000000e+06 3.260102080701274829e-01 1.358670914883932657e-01 6.878698224852071164e-01 1.723941738734638129e-01 3.868912152935821518e-03 0.000000000000000000e+00
1.312000000000000000e+06 3.280102706963243797e-01 1.366636322257624159e-01 6.819526627218934767e-01 1.779699590350477811e-01 3.413746017296313308e-03 0.000000000000000000e+00
1.320000000000000000e+06 3.300103333225214985e-01 1.396222121074192080e-01 6.791078743741465473e-01 1.775147928994082747e-01 3.755120619025944465e-03 0.000000000000000000e+00
1.328000000000000000e+06 3.320103959487186174e-01 1.393946290395994547e-01 6.781975421028675344e-01 1.789940828402366846e-01 3.413746017296313308e-03 0.000000000000000000e+00
1.336000000000000000e+06 3.340104585749157362e-01 1.297223486572599005e-01 7.335002275830677654e-01 1.355257168866636219e-01 1.251706873008648227e-03 0.000000000000000000e+00
1.344000000000000000e+06 3.360105212011128550e-01 1.332498862084660896e-01 7.291761492944924816e-01 1.358670914883932657e-01 1.706873008648156654e-03 0.000000000000000000e+00
1.352000000000000000e+06 3.380105838273099739e-01 1.282430587164314906e-01 7.368001820664542567e-01 1.338188438780154865e-01 1.137915339098770958e-03 0.000000000000000000e+00
1.360000000000000000e+06 3.400106464535070927e-01 1.293809740555302568e-01 7.368001820664542567e-01 1.325671370050068298e-01 1.251706873008648227e-03 0.000000000000000000e+00
1.368000000000000000e+06 3.420107090797042115e-01 1.345015930814747462e-01 7.375967228038233792e-01 1.268775603095129711e-01 1.024123805188893906e-03 0.000000000000000000e+00
1.376000000000000000e+06 3.440107717059013304e-01 1.359808830223031284e-01 7.414656349567592120e-01 1.215293582157487423e-01 1.024123805188893906e-03 0.000000000000000000e+00
1.384000000000000000e+06 3.460108343320984492e-01 1.375739644970414288e-01 7.418070095584888834e-01 1.197086936731907164e-01 9.103322712790168532e-04 0.000000000000000000e+00
1.392000000000000000e+06 3.480108969582955680e-01 1.392808375056895642e-01 7.401001365498406370e-01 1.189121529358215801e-01 1.706873008648156654e-03 0.000000000000000000e+00
1.400000000000000000e+06 3.500109595844926869e-01 1.382567137005006885e-01 7.373691397360035982e-01 1.226672735548475224e-01 1.706873008648156654e-03 0.000000000000000000e+00
1.408000000000000000e+06 3.520110222106895836e-01 1.395084205735093175e-01 7.375967228038233792e-01 1.213017751479289891e-01 1.593081474738279385e-03 0.000000000000000000e+00
1.416000000000000000e+06 3.540110848368867025e-01 1.412152935821574806e-01 7.378243058716431602e-01 1.199362767410104696e-01 1.024123805188893906e-03 0.000000000000000000e+00
1.424000000000000000e+06 3.560111474630838213e-01 1.389394629039599482e-01 7.404415111515703085e-01 1.192535275375512099e-01 1.365498406918525280e-03 0.000000000000000000e+00
1.432000000000000000e+06 3.580112100892809401e-01 1.400773782430587144e-01 7.348657259899863403e-01 1.241465634956759184e-01 9.103322712790168532e-04 0.000000000000000000e+00
1.440000000000000000e+06 3.600112727154780590e-01 1.388256713700500578e-01 7.355484751934455723e-01 1.249431042330450548e-01 6.827492034592626399e-04 0.000000000000000000e+00
1.448000000000000000e+06 3.620113353416751778e-01 1.391670459717797015e-01 7.353208921256259023e-01 1.246017296313154249e-01 9.103322712790168532e-04 0.000000000000000000e+00
1.456000000000000000e+06 3.640113979678722966e-01 1.388256713700500578e-01 7.365725989986344757e-01 1.239189804278561652e-01 6.827492034592626399e-04 0.000000000000000000e+00
1.464000000000000000e+06 3.660114605940694155e-01 1.430359581247155343e-01 7.353208921256259023e-01 1.202776513427400995e-01 1.365498406918525280e-03 0.000000000000000000e+00
1.472000000000000000e+06 3.680115232202665343e-01 1.398497951752389612e-01 7.366863905325443662e-01 1.227810650887573990e-01 6.827492034592626399e-04 0.000000000000000000e+00
1.480000000000000000e+06 3.700115858464636531e-01 1.404187528447883582e-01 7.379380974055530507e-01 1.210741920801092358e-01 5.689576695493854790e-04 0.000000000000000000e+00
1.488000000000000000e+06 3.720116484726607720e-01 1.414428766499772339e-01 7.370277651342740377e-01 1.206190259444697294e-01 9.103322712790168532e-04 0.000000000000000000e+00
1.496000000000000000e+06 3.740117110988578908e-01 1.423532089212562468e-01 7.377105143377332697e-01 1.189121529358215801e-01 1.024123805188893906e-03 0.000000000000000000e+00
1.504000000000000000e+06 3.760117737250547876e-01 1.430359581247155343e-01 7.355484751934455723e-01 1.203914428766499761e-01 1.024123805188893906e-03 0.000000000000000000e+00
1.512000000000000000e+06 3.780118363512519064e-01 1.429221665908056438e-01 7.360036413290851343e-01 1.203914428766499761e-01 6.827492034592626399e-04 0.000000000000000000e+00
1.520000000000000000e+06 3.800118989774490252e-01 1.469048702776513393e-01 7.356622667273554628e-01 1.161811561219845274e-01 1.251706873008648227e-03 0.000000000000000000e+00
1.528000000000000000e+06 3.820119616036461441e-01 1.470186618115612298e-01 6.865043240782885414e-01 1.649977241693217911e-01 1.479289940828402332e-03 0.000000000000000000e+00
1.536000000000000000e+06 3.840120242298432629e-01 1.487255348202093652e-01 6.871870732817478844e-01 1.619253527537551085e-01 2.162039144287664864e-03 0.000000000000000000e+00
1.544000000000000000e+06 3.860120868560403817e-01 1.469048702776513393e-01 6.863905325443786509e-01 1.647701411015020379e-01 1.934456076467910759e-03 0.000000000000000000e+00
1.552000000000000000e+06 3.880121494822375006e-01 1.477014110150204895e-01 6.879836140191170069e-01 1.630632680928539024e-01 1.251706873008648227e-03 0.000000000000000000e+00
1.560000000000000000e+06 3.900122121084348414e-01 1.474738279472007363e-01 6.877560309512972259e-01 1.626081019572143960e-01 2.162039144287664864e-03 0.000000000000000000e+00
1.568000000000000000e+06 3.920122747346315162e-01 1.433773327264451503e-01 6.900318616294948137e-01 1.661356395084205850e-01 4.551661356395084266e-04 0.000000000000000000e+00
1.576000000000000000e+06 3.940123373608288571e-01 1.418980427856167403e-01 6.899180700955849233e-01 1.675011379153391045e-01 6.827492034592626399e-04 0.000000000000000000e+00
1.584000000000000000e+06 3.960123999870257538e-01 1.415566681838871244e-01 6.909421939007738267e-01 1.665908056440600915e-01 9.103322712790168532e-04 0.000000000000000000e+00
1.592000000000000000e+06 3.980124626132230947e-01 1.426945835229858905e-01 6.904870277651342647e-01 1.657942649066909413e-01 1.024123805188893906e-03 0.000000000000000000e+00
1.600000000000000000e+06 4.000125252394199915e-01 1.439462903959945472e-01 6.896904870277651423e-01 1.648839326354119283e-01 1.479289940828402332e-03 0.000000000000000000e+00
1.608000000000000000e+06 4.020125878656173324e-01 1.449704142011834229e-01 6.888939462903960198e-01 1.655666818388711881e-01 5.689576695493854790e-04 0.000000000000000000e+00
1.616000000000000000e+06 4.040126504918142292e-01 1.478152025489303523e-01 6.870732817478379939e-01 1.645425580336822846e-01 5.689576695493854790e-04 0.000000000000000000e+00
1.624000000000000000e+06 4.060127131180115700e-01 1.430359581247155343e-01 6.895766954938552518e-01 1.659080564406008318e-01 1.479289940828402332e-03 0.000000000000000000e+00
1.632000000000000000e+06 4.080127757442082448e-01 1.463359126081019701e-01 6.882111970869366768e-01 1.644287664997724219e-01 1.024123805188893906e-03 0.000000000000000000e+00
1.640000000000000000e+06 4.100128383704058077e-01 1.472462448793809831e-01 6.862767410104688715e-01 1.653390987710514348e-01 1.137915339098770958e-03 0.000000000000000000e+00
1.648000000000000000e+06 4.120129009966024825e-01 1.480427856167501055e-01 6.870732817478379939e-01 1.638598088302230249e-01 1.024123805188893906e-03 0.000000000000000000e+00
1.656000000000000000e+06 4.140129636228000454e-01 1.481565771506599960e-01 6.859353664087392000e-01 1.648839326354119283e-01 1.024123805188893906e-03 0.000000000000000000e+00
1.664000000000000000e+06 4.160130262489967201e-01 1.486117432862995025e-01 6.862767410104688715e-01 1.646563495675921751e-01 4.551661356395084266e-04 0.000000000000000000e+00
1.672000000000000000e+06 4.180130888751940610e-01 1.492944924897587622e-01 6.858215748748293095e-01 1.643149749658625314e-01 5.689576695493854790e-04 0.000000000000000000e+00
1.680000000000000000e+06 4.200131515013909578e-01 1.742148384160218388e-01 6.613563950842057393e-01 1.626081019572143960e-01 1.820664542558033706e-03 0.000000000000000000e+00
1.688000000000000000e+06 4.220132141275882987e-01 1.875284478834774726e-01 6.705735093309057593e-01 1.381429221665907980e-01 3.755120619025944465e-03 0.000000000000000000e+00
1.696000000000000000e+06 4.240132767537851954e-01 1.879836140191169791e-01 6.692080109239872954e-01 1.382567137005006885e-01 4.551661356395083832e-03 0.000000000000000000e+00
1.704000000000000000e+06 4.260133393799825363e-01 1.937869822485207005e-01 6.444014565316340537e-01 1.589667728720983164e-01 2.844788347746927612e-03 0.000000000000000000e+00
1.712000000000000000e+06 4.280134020061794331e-01 1.972007282658170269e-01 6.367774237596722786e-01 1.619253527537551085e-01 4.096495220755575623e-03 0.000000000000000000e+00
1.720000000000000000e+06 4.300134646323767740e-01 1.970869367319071364e-01 6.389394629039599760e-01 1.599908966772872199e-01 3.982703686845699004e-03 0.000000000000000000e+00
1.728000000000000000e+06 4.320135272585734487e-01 2.001593081474738189e-01 6.374601729631315106e-01 1.591943559399180697e-01 3.186162949476558769e-03 0.000000000000000000e+00
1.736000000000000000e+06 4.340135898847710116e-01 1.984524351388256835e-01 6.399635867091488795e-01 1.569185252617205373e-01 4.665452890304961318e-03 0.000000000000000000e+00
1.744000000000000000e+06 4.360136525109676864e-01 2.002730996813837094e-01 6.395084205735093175e-01 1.571461083295402905e-01 3.072371415566681717e-03 0.000000000000000000e+00
1.752000000000000000e+06 4.380137151371652493e-01 1.995903504779244497e-01 6.397360036413290985e-01 1.578288575329995502e-01 2.844788347746927612e-03 0.000000000000000000e+00
1.760000000000000000e+06 4.400137777633619240e-01 1.990213928083750528e-01 6.389394629039599760e-01 1.591943559399180697e-01 2.844788347746927612e-03 0.000000000000000000e+00
1.768000000000000000e+06 4.420138403895592649e-01 1.992489758761948060e-01 6.398497951752389890e-01 1.572598998634501533e-01 3.641329085116067413e-03 0.000000000000000000e+00
1.776000000000000000e+06 4.440139030157561617e-01 2.003868912152935722e-01 6.416704597177970149e-01 1.554392353208921274e-01 2.503413746017296455e-03 0.000000000000000000e+00
1.784000000000000000e+06 4.460139656419535026e-01 1.972007282658170269e-01 6.420118343195265753e-01 1.565771506599908935e-01 4.210286754665453109e-03 0.000000000000000000e+00
1.792000000000000000e+06 4.480140282681503994e-01 2.011834319526627224e-01 6.417842512517069054e-01 1.544151115157032239e-01 2.617205279927173507e-03 0.000000000000000000e+00
1.800000000000000000e+06 4.500140908943477402e-01 1.720527992717341692e-01 7.231451979972689514e-01 1.010468821119708677e-01 3.755120619025944465e-03 0.000000000000000000e+00
1.808000000000000000e+06 4.520141535205446370e-01 1.715976331360946627e-01 7.229176149294492815e-01 1.030951297223486607e-01 2.389622212107419402e-03 0.000000000000000000e+00
1.816000000000000000e+06 4.540142161467419779e-01 1.718252162039144160e-01 7.238279472007282944e-01 1.016158397815202508e-01 2.730996813837050560e-03 0.000000000000000000e+00
