# itime ezz other fcc hcp bcc ico
0.000000000000000000e+00 0.000000000000000000e+00 0.000000000000000000e+00 1.000000000000000000e+00 0.000000000000000000e+00 0.000000000000000000e+00 0.000000000000000000e+00
4.000000000000000000e+03 9.999911875653300086e-04 0.000000000000000000e+00 1.000000000000000000e+00 0.000000000000000000e+00 0.000000000000000000e+00 0.000000000000000000e+00
8.000000000000000000e+03 1.999982375130882062e-03 0.000000000000000000e+00 1.000000000000000000e+00 0.000000000000000000e+00 0.000000000000000000e+00 0.000000000000000000e+00
1.200000000000000000e+04 2.999973562696212070e-03 0.000000000000000000e+00 1.000000000000000000e+00 0.000000000000000000e+00 0.000000000000000000e+00 0.000000000000000000e+00
1.600000000000000000e+04 3.999964750261542079e-03 0.000000000000000000e+00 1.000000000000000000e+00 0.000000000000000000e+00 0.000000000000000000e+00 0.000000000000000000e+00
2.000000000000000000e+04 4.999955937826872088e-03 0.000000000000000000e+00 1.000000000000000000e+00 0.000000000000000000e+00 0.000000000000000000e+00 0.000000000000000000e+00
2.400000000000000000e+04 5.999947125392424141e-03 0.000000000000000000e+00 1.000000000000000000e+00 0.000000000000000000e+00 0.000000000000000000e+00 0.000000000000000000e+00
2.800000000000000000e+04 6.999938312957754150e-03 0.000000000000000000e+00 1.000000000000000000e+00 0.000000000000000000e+00 0.000000000000000000e+00 0.000000000000000000e+00
3.200000000000000000e+04 7.999929500523084158e-03 0.000000000000000000e+00 1.000000000000000000e+00 0.000000000000000000e+00 0.000000000000000000e+00 0.000000000000000000e+00
3.600000000000000000e+04 8.999920688088414167e-03 0.000000000000000000e+00 1.000000000000000000e+00 0.000000000000000000e+00 0.000000000000000000e+00 0.000000000000000000e+00
4.000000000000000000e+04 9.999911875653966220e-03 0.000000000000000000e+00 1.000000000000000000e+00 0.000000000000000000e+00 0.000000000000000000e+00 0.000000000000000000e+00
4.400000000000000000e+04 1.099990306321929623e-02 0.000000000000000000e+00 1.000000000000000000e+00 0.000000000000000000e+00 0.000000000000000000e+00 0.000000000000000000e+00
4.800000000000000000e+04 1.199989425078462624e-02 0.000000000000000000e+00 1.000000000000000000e+00 0.000000000000000000e+00 0.000000000000000000e+00 0.000000000000000000e+00
5.200000000000000000e+04 1.299988543835017829e-02 0.000000000000000000e+00 1.000000000000000000e+00 0.000000000000000000e+00 0.000000000000000000e+00 0.000000000000000000e+00
5.600000000000000000e+04 1.399987662591550830e-02 0.000000000000000000e+00 1.000000000000000000e+00 0.000000000000000000e+00 0.000000000000000000e+00 0.000000000000000000e+00
6.000000000000000000e+04 1.499986781348083831e-02 0.000000000000000000e+00 1.000000000000000000e+00 0.000000000000000000e+00 0.000000000000000000e+00 0.000000000000000000e+00
6.400000000000000000e+04 1.599985900104616832e-02 0.000000000000000000e+00 1.000000000000000000e+00 0.000000000000000000e+00 0.000000000000000000e+00 0.000000000000000000e+00
6.800000000000000000e+04 1.699985018861172037e-02 0.000000000000000000e+00 1.000000000000000000e+00 0.000000000000000000e+00 0.000000000000000000e+00 0.000000000000000000e+00
7.200000000000000000e+04 1.799984137617705038e-02 0.000000000000000000e+00 1.000000000000000000e+00 0.000000000000000000e+00 0.000000000000000000e+00 0.000000000000000000e+00
7.600000000000000000e+04 1.899983256374238039e-02 0.000000000000000000e+00 1.000000000000000000e+00 0.000000000000000000e+00 0.000000000000000000e+00 0.000000000000000000e+00
8.000000000000000000e+04 1.999982375130793244e-02 0.000000000000000000e+00 1.000000000000000000e+00 0.000000000000000000e+00 0.000000000000000000e+00 0.000000000000000000e+00
8.400000000000000000e+04 2.099981493887326245e-02 0.000000000000000000e+00 1.000000000000000000e+00 0.000000000000000000e+00 0.000000000000000000e+00 0.000000000000000000e+00
8.800000000000000000e+04 2.199980612643859246e-02 0.000000000000000000e+00 1.000000000000000000e+00 0.000000000000000000e+00 0.000000000000000000e+00 0.000000000000000000e+00
9.200000000000000000e+04 2.299979731400392247e-02 0.000000000000000000e+00 1.000000000000000000e+00 0.000000000000000000e+00 0.000000000000000000e+00 0.000000000000000000e+00
9.600000000000000000e+04 2.399978850156947452e-02 0.000000000000000000e+00 1.000000000000000000e+00 0.000000000000000000e+00 0.000000000000000000e+00 0.000000000000000000e+00
1.000000000000000000e+05 2.499977968913480453e-02 0.000000000000000000e+00 1.000000000000000000e+00 0.000000000000000000e+00 0.000000000000000000e+00 0.000000000000000000e+00
1.040000000000000000e+05 2.599977087670013454e-02 0.000000000000000000e+00 1.000000000000000000e+00 0.000000000000000000e+00 0.000000000000000000e+00 0.000000000000000000e+00
1.080000000000000000e+05 2.699976206426546455e-02 0.000000000000000000e+00 1.000000000000000000e+00 0.000000000000000000e+00 0.000000000000000000e+00 0.000000000000000000e+00
1.120000000000000000e+05 2.799975325183101660e-02 0.000000000000000000e+00 1.000000000000000000e+00 0.000000000000000000e+00 0.000000000000000000e+00 0.000000000000000000e+00
1.160000000000000000e+05 2.899974443939634661e-02 0.000000000000000000e+00 1.000000000000000000e+00 0.000000000000000000e+00 0.000000000000000000e+00 0.000000000000000000e+00
1.200000000000000000e+05 2.999973562696167662e-02 0.000000000000000000e+00 1.000000000000000000e+00 0.000000000000000000e+00 0.000000000000000000e+00 0.000000000000000000e+00
1.240000000000000000e+05 3.099972681452722867e-02 0.000000000000000000e+00 1.000000000000000000e+00 0.000000000000000000e+00 0.000000000000000000e+00 0.000000000000000000e+00
1.280000000000000000e+05 3.199971800209255868e-02 0.000000000000000000e+00 1.000000000000000000e+00 0.000000000000000000e+00 0.000000000000000000e+00 0.000000000000000000e+00
1.320000000000000000e+05 3.299970918965788869e-02 0.000000000000000000e+00 1.000000000000000000e+00 0.000000000000000000e+00 0.000000000000000000e+00 0.000000000000000000e+00
1.360000000000000000e+05 3.399970037722321869e-02 0.000000000000000000e+00 1.000000000000000000e+00 0.000000000000000000e+00 0.000000000000000000e+00 0.000000000000000000e+00
1.400000000000000000e+05 3.499969156478877075e-02 0.000000000000000000e+00 1.000000000000000000e+00 0.000000000000000000e+00 0.000000000000000000e+00 0.000000000000000000e+00
1.440000000000000000e+05 3.599968275235410076e-02 0.000000000000000000e+00 1.000000000000000000e+00 0.000000000000000000e+00 0.000000000000000000e+00 0.000000000000000000e+00
1.480000000000000000e+05 3.699967393991943077e-02 0.000000000000000000e+00 1.000000000000000000e+00 0.000000000000000000e+00 0.000000000000000000e+00 0.000000000000000000e+00
1.520000000000000000e+05 3.799966512748476077e-02 0.000000000000000000e+00 1.000000000000000000e+00 0.000000000000000000e+00 0.000000000000000000e+00 0.000000000000000000e+00
1.560000000000000000e+05 3.899965631505031283e-02 0.000000000000000000e+00 1.000000000000000000e+00 0.000000000000000000e+00 0.000000000000000000e+00 0.000000000000000000e+00
1.600000000000000000e+05 3.999964750261564284e-02 0.000000000000000000e+00 1.000000000000000000e+00 0.000000000000000000e+00 0.000000000000000000e+00 0.000000000000000000e+00
1.640000000000000000e+05 4.099963869018097284e-02 0.000000000000000000e+00 1.000000000000000000e+00 0.000000000000000000e+00 0.000000000000000000e+00 0.000000000000000000e+00
1.680000000000000000e+05 4.199962987774652490e-02 0.000000000000000000e+00 1.000000000000000000e+00 0.000000000000000000e+00 0.000000000000000000e+00 0.000000000000000000e+00
1.720000000000000000e+05 4.299962106531185491e-02 0.000000000000000000e+00 1.000000000000000000e+00 0.000000000000000000e+00 0.000000000000000000e+00 0.000000000000000000e+00
1.760000000000000000e+05 4.399961225287718491e-02 0.000000000000000000e+00 1.000000000000000000e+00 0.000000000000000000e+00 0.000000000000000000e+00 0.000000000000000000e+00
1.800000000000000000e+05 4.499960344044251492e-02 4.551661356395084266e-04 9.995448338643604380e-01 0.000000000000000000e+00 0.000000000000000000e+00 0.000000000000000000e+00
1.840000000000000000e+05 4.599959462800806698e-02 0.000000000000000000e+00 1.000000000000000000e+00 0.000000000000000000e+00 0.000000000000000000e+00 0.000000000000000000e+00
1.880000000000000000e+05 4.699958581557339699e-02 0.000000000000000000e+00 1.000000000000000000e+00 0.000000000000000000e+00 0.000000000000000000e+00 0.000000000000000000e+00
1.920000000000000000e+05 4.799957700313872699e-02 0.000000000000000000e+00 1.000000000000000000e+00 0.000000000000000000e+00 0.000000000000000000e+00 0.000000000000000000e+00
1.960000000000000000e+05 4.899956819070405700e-02 0.000000000000000000e+00 1.000000000000000000e+00 0.000000000000000000e+00 0.000000000000000000e+00 0.000000000000000000e+00
2.000000000000000000e+05 4.999955937826960906e-02 0.000000000000000000e+00 1.000000000000000000e+00 0.000000000000000000e+00 0.000000000000000000e+00 0.000000000000000000e+00
2.040000000000000000e+05 5.099955056583493906e-02 0.000000000000000000e+00 1.000000000000000000e+00 0.000000000000000000e+00 0.000000000000000000e+00 0.000000000000000000e+00
2.080000000000000000e+05 5.199954175340026907e-02 0.000000000000000000e+00 1.000000000000000000e+00 0.000000000000000000e+00 0.000000000000000000e+00 0.000000000000000000e+00
2.120000000000000000e+05 5.299953294096582113e-02 0.000000000000000000e+00 1.000000000000000000e+00 0.000000000000000000e+00 0.000000000000000000e+00 0.000000000000000000e+00
2.160000000000000000e+05 5.399952412853115113e-02 0.000000000000000000e+00 1.000000000000000000e+00 0.000000000000000000e+00 0.000000000000000000e+00 0.000000000000000000e+00
2.200000000000000000e+05 5.499951531609648114e-02 4.551661356395084266e-04 9.995448338643604380e-01 0.000000000000000000e+00 0.000000000000000000e+00 0.000000000000000000e+00
2.240000000000000000e+05 5.599950650366181115e-02 0.000000000000000000e+00 1.000000000000000000e+00 0.000000000000000000e+00 0.000000000000000000e+00 0.000000000000000000e+00
2.280000000000000000e+05 5.699949769122736321e-02 0.000000000000000000e+00 1.000000000000000000e+00 0.000000000000000000e+00 0.000000000000000000e+00 0.000000000000000000e+00
2.320000000000000000e+05 5.799948887879269321e-02 0.000000000000000000e+00 1.000000000000000000e+00 0.000000000000000000e+00 0.000000000000000000e+00 0.000000000000000000e+00
2.360000000000000000e+05 5.899948006635802322e-02 0.000000000000000000e+00 1.000000000000000000e+00 0.000000000000000000e+00 0.000000000000000000e+00 0.000000000000000000e+00
2.400000000000000000e+05 5.999947125392357528e-02 1.137915339098771066e-04 9.998862084660901095e-01 0.000000000000000000e+00 0.000000000000000000e+00 0.000000000000000000e+00
2.440000000000000000e+05 6.099946244148890528e-02 0.000000000000000000e+00 1.000000000000000000e+00 0.000000000000000000e+00 0.000000000000000000e+00 0.000000000000000000e+00
2.480000000000000000e+05 6.199945362905423529e-02 0.000000000000000000e+00 1.000000000000000000e+00 0.000000000000000000e+00 0.000000000000000000e+00 0.000000000000000000e+00
2.520000000000000000e+05 6.299944481661956530e-02 0.000000000000000000e+00 1.000000000000000000e+00 0.000000000000000000e+00 0.000000000000000000e+00 0.000000000000000000e+00
2.560000000000000000e+05 6.399943600418511735e-02 0.000000000000000000e+00 1.000000000000000000e+00 0.000000000000000000e+00 0.000000000000000000e+00 0.000000000000000000e+00
2.600000000000000000e+05 6.499942719175044736e-02 0.000000000000000000e+00 1.000000000000000000e+00 0.000000000000000000e+00 0.000000000000000000e+00 0.000000000000000000e+00
2.640000000000000000e+05 6.599941837931577737e-02 0.000000000000000000e+00 1.000000000000000000e+00 0.000000000000000000e+00 0.000000000000000000e+00 0.000000000000000000e+00
2.680000000000000000e+05 6.699940956688110738e-02 0.000000000000000000e+00 1.000000000000000000e+00 0.000000000000000000e+00 0.000000000000000000e+00 0.000000000000000000e+00
2.720000000000000000e+05 6.799940075444665943e-02 0.000000000000000000e+00 1.000000000000000000e+00 0.000000000000000000e+00 0.000000000000000000e+00 0.000000000000000000e+00
2.760000000000000000e+05 6.899939194201198944e-02 0.000000000000000000e+00 1.000000000000000000e+00 0.000000000000000000e+00 0.000000000000000000e+00 0.000000000000000000e+00
2.800000000000000000e+05 6.999938312957731945e-02 1.137915339098771066e-04 9.998862084660901095e-01 0.000000000000000000e+00 0.000000000000000000e+00 0.000000000000000000e+00
2.840000000000000000e+05 7.099937431714287150e-02 0.000000000000000000e+00 1.000000000000000000e+00 0.000000000000000000e+00 0.000000000000000000e+00 0.000000000000000000e+00
2.880000000000000000e+05 7.199936550470820151e-02 0.000000000000000000e+00 1.000000000000000000e+00 0.000000000000000000e+00 0.000000000000000000e+00 0.000000000000000000e+00
2.920000000000000000e+05 7.299935669227353152e-02 0.000000000000000000e+00 1.000000000000000000e+00 0.000000000000000000e+00 0.000000000000000000e+00 0.000000000000000000e+00
2.960000000000000000e+05 7.399934787983886153e-02 1.137915339098771066e-04 9.998862084660901095e-01 0.000000000000000000e+00 0.000000000000000000e+00 0.000000000000000000e+00
3.000000000000000000e+05 7.499933906740441358e-02 0.000000000000000000e+00 1.000000000000000000e+00 0.000000000000000000e+00 0.000000000000000000e+00 0.000000000000000000e+00
3.040000000000000000e+05 7.599933025496974359e-02 2.275830678197542133e-04 9.997724169321802190e-01 0.000000000000000000e+00 0.000000000000000000e+00 0.000000000000000000e+00
3.080000000000000000e+05 7.699932144253507360e-02 0.000000000000000000e+00 1.000000000000000000e+00 0.000000000000000000e+00 0.000000000000000000e+00 0.000000000000000000e+00
3.120000000000000000e+05 7.799931263010040361e-02 1.024123805188893906e-03 9.989758761948110966e-01 0.000000000000000000e+00 0.000000000000000000e+00 0.000000000000000000e+00
3.160000000000000000e+05 7.899930381766595566e-02 1.137915339098770958e-03 9.987482931269913156e-01 0.000000000000000000e+00 1.137915339098771066e-04 0.000000000000000000e+00
3.200000000000000000e+05 7.999929500523128567e-02 4.551661356395084266e-04 9.995448338643604380e-01 0.000000000000000000e+00 0.000000000000000000e+00 0.000000000000000000e+00
3.240000000000000000e+05 8.099928619279661568e-02 3.413746017296313199e-04 9.995448338643604380e-01 0.000000000000000000e+00 1.137915339098771066e-04 0.000000000000000000e+00
3.280000000000000000e+05 8.199927738036216773e-02 4.551661356395084266e-04 9.995448338643604380e-01 0.000000000000000000e+00 0.000000000000000000e+00 0.000000000000000000e+00
3.320000000000000000e+05 8.299926856792749774e-02 4.551661356395084266e-04 9.995448338643604380e-01 0.000000000000000000e+00 0.000000000000000000e+00 0.000000000000000000e+00
3.360000000000000000e+05 8.399925975549282775e-02 2.275830678197542133e-04 9.997724169321802190e-01 0.000000000000000000e+00 0.000000000000000000e+00 0.000000000000000000e+00
3.400000000000000000e+05 8.499925094305815776e-02 1.137915339098771066e-04 9.998862084660901095e-01 0.000000000000000000e+00 0.000000000000000000e+00 0.000000000000000000e+00
3.440000000000000000e+05 8.599924213062370981e-02 3.413746017296313199e-04 9.996586253982703285e-01 0.000000000000000000e+00 0.000000000000000000e+00 0.000000000000000000e+00
3.480000000000000000e+05 8.699923331818903982e-02 7.965407373691396923e-04 9.992034592626308775e-01 0.000000000000000000e+00 0.000000000000000000e+00 0.000000000000000000e+00
3.520000000000000000e+05 8.799922450575436983e-02 2.048247610377787811e-03 9.977241693218024121e-01 0.000000000000000000e+00 2.275830678197542133e-04 0.000000000000000000e+00
3.560000000000000000e+05 8.899921569331992188e-02 9.103322712790168532e-04 9.989758761948110966e-01 0.000000000000000000e+00 1.137915339098771066e-04 0.000000000000000000e+00
3.600000000000000000e+05 8.999920688088525189e-02 2.275830678197542133e-04 9.997724169321802190e-01 0.000000000000000000e+00 0.000000000000000000e+00 0.000000000000000000e+00
3.640000000000000000e+05 9.099919806845058190e-02 9.103322712790168532e-04 9.989758761948110966e-01 0.000000000000000000e+00 1.137915339098771066e-04 0.000000000000000000e+00
3.680000000000000000e+05 9.199918925601591191e-02 5.689576695493854790e-04 9.994310423304506585e-01 0.000000000000000000e+00 0.000000000000000000e+00 0.000000000000000000e+00
3.720000000000000000e+05 9.299918044358146396e-02 2.389622212107419402e-03 9.974965862539827421e-01 0.000000000000000000e+00 1.137915339098771066e-04 0.000000000000000000e+00
3.760000000000000000e+05 9.399917163114679397e-02 1.593081474738279385e-03 9.984069185252617551e-01 0.000000000000000000e+00 0.000000000000000000e+00 0.000000000000000000e+00
3.800000000000000000e+05 9.499916281871212398e-02 1.934456076467910759e-03 9.980655439235320836e-01 0.000000000000000000e+00 0.000000000000000000e+00 0.000000000000000000e+00
3.840000000000000000e+05 9.599915400627745399e-02 2.275830678197541916e-03 9.976103777878926326e-01 0.000000000000000000e+00 1.137915339098771066e-04 0.000000000000000000e+00
3.880000000000000000e+05 9.699914519384300604e-02 1.593081474738279385e-03 9.984069185252617551e-01 0.000000000000000000e+00 0.000000000000000000e+00 0.000000000000000000e+00
3.920000000000000000e+05 9.799913638140833605e-02 3.755120619025944465e-03 9.960172963131542767e-01 0.000000000000000000e+00 2.275830678197542133e-04 0.000000000000000000e+00
3.960000000000000000e+05 9.899912756897366606e-02 3.641329085116067413e-03 9.962448793809740577e-01 0.000000000000000000e+00 1.137915339098771066e-04 0.000000000000000000e+00
4.000000000000000000e+05 9.999911875653921811e-02 1.593081474738279385e-03 9.980655439235320836e-01 0.000000000000000000e+00 3.413746017296313199e-04 0.000000000000000000e+00
4.040000000000000000e+05 1.009991099441045481e-01 1.934456076467910759e-03 9.979517523896221931e-01 0.000000000000000000e+00 1.137915339098771066e-04 0.000000000000000000e+00
4.080000000000000000e+05 1.019991011316698781e-01 2.048247610377787811e-03 9.977241693218024121e-01 0.000000000000000000e+00 2.275830678197542133e-04 0.000000000000000000e+00
4.120000000000000000e+05 1.029990923192352081e-01 5.461993627674101119e-03 9.941966317705962508e-01 0.000000000000000000e+00 3.413746017296313199e-04 0.000000000000000000e+00
4.160000000000000000e+05 1.039990835068007602e-01 5.006827492034592909e-03 9.948793809740554828e-01 0.000000000000000000e+00 1.137915339098771066e-04 0.000000000000000000e+00
4.200000000000000000e+05 1.049990746943660902e-01 1.137915339098771045e-02 9.866863905325443662e-01 0.000000000000000000e+00 1.934456076467910759e-03 0.000000000000000000e+00
4.240000000000000000e+05 1.059990658819314202e-01 7.624032771961766417e-03 9.911242603550295405e-01 0.000000000000000000e+00 1.251706873008648227e-03 0.000000000000000000e+00
4.280000000000000000e+05 1.069990570694967502e-01 1.546426945835229771e-01 2.802685480200273194e-01 1.524806554392353283e-02 5.498406918525261533e-01 0.000000000000000000e+00
4.320000000000000000e+05 1.079990482570623023e-01 6.372325898953118406e-02 7.038006372325898985e-01 2.294037323623122349e-01 3.072371415566681717e-03 0.000000000000000000e+00
4.360000000000000000e+05 1.089990394446276323e-01 6.269913518434228061e-02 7.212107419208011461e-01 2.104005461993627701e-01 5.689576695493855224e-03 0.000000000000000000e+00
4.400000000000000000e+05 1.099990306321929623e-01 4.244424214838415921e-02 7.616067364588074984e-01 1.948111060537096040e-01 1.137915339098770958e-03 0.000000000000000000e+00
4.440000000000000000e+05 1.109990218197585143e-01 1.342740100136549826e-02 8.368229403732362348e-01 1.497496586253982687e-01 0.000000000000000000e+00 0.000000000000000000e+00
4.480000000000000000e+05 1.119990130073238443e-01 1.342740100136549826e-02 8.367091488393263443e-01 1.497496586253982687e-01 1.137915339098771066e-04 0.000000000000000000e+00
4.520000000000000000e+05 1.129990041948891744e-01 1.342740100136549826e-02 8.368229403732362348e-01 1.497496586253982687e-01 0.000000000000000000e+00 0.000000000000000000e+00
4.560000000000000000e+05 1.139989953824545044e-01 1.354119253527537488e-02 8.367091488393263443e-01 1.497496586253982687e-01 0.000000000000000000e+00 0.000000000000000000e+00
4.600000000000000000e+05 1.149989865700200564e-01 1.342740100136549826e-02 8.368229403732362348e-01 1.497496586253982687e-01 0.000000000000000000e+00 0.000000000000000000e+00
4.640000000000000000e+05 1.159989777575853864e-01 1.354119253527537488e-02 8.367091488393263443e-01 1.497496586253982687e-01 0.000000000000000000e+00 0.000000000000000000e+00
4.680000000000000000e+05 1.169989689451507164e-01 1.354119253527537488e-02 8.367091488393263443e-01 1.497496586253982687e-01 0.000000000000000000e+00 0.000000000000000000e+00
4.720000000000000000e+05 1.179989601327160464e-01 1.342740100136549826e-02 8.368229403732362348e-01 1.497496586253982687e-01 0.000000000000000000e+00 0.000000000000000000e+00
4.760000000000000000e+05 1.189989513202815985e-01 1.354119253527537488e-02 8.365953573054164538e-01 1.497496586253982687e-01 1.137915339098771066e-04 0.000000000000000000e+00
4.800000000000000000e+05 1.199989425078469285e-01 1.365498406918525323e-02 8.365953573054164538e-01 1.497496586253982687e-01 0.000000000000000000e+00 0.000000000000000000e+00
4.840000000000000000e+05 1.209989336954122585e-01 1.342740100136549826e-02 8.368229403732362348e-01 1.497496586253982687e-01 0.000000000000000000e+00 0.000000000000000000e+00
4.880000000000000000e+05 1.219989248829778106e-01 1.354119253527537488e-02 8.367091488393263443e-01 1.497496586253982687e-01 0.000000000000000000e+00 0.000000000000000000e+00
4.920000000000000000e+05 1.229989160705431406e-01 1.354119253527537488e-02 8.367091488393263443e-01 1.497496586253982687e-01 0.000000000000000000e+00 0.000000000000000000e+00
4.960000000000000000e+05 1.239989072581084706e-01 1.342740100136549826e-02 8.368229403732362348e-01 1.497496586253982687e-01 0.000000000000000000e+00 0.000000000000000000e+00
5.000000000000000000e+05 1.249988984456738006e-01 1.342740100136549826e-02 8.368229403732362348e-01 1.497496586253982687e-01 0.000000000000000000e+00 0.000000000000000000e+00
5.040000000000000000e+05 1.259988896332393526e-01 1.365498406918525323e-02 8.365953573054164538e-01 1.497496586253982687e-01 0.000000000000000000e+00 0.000000000000000000e+00
5.080000000000000000e+05 1.269988808208046827e-01 1.354119253527537488e-02 8.367091488393263443e-01 1.497496586253982687e-01 0.000000000000000000e+00 0.000000000000000000e+00
5.120000000000000000e+05 1.279988720083700127e-01 1.365498406918525323e-02 8.367091488393263443e-01 1.496358670914884059e-01 0.000000000000000000e+00 0.000000000000000000e+00
5.160000000000000000e+05 1.289988631959355647e-01 1.354119253527537488e-02 8.367091488393263443e-01 1.497496586253982687e-01 0.000000000000000000e+00 0.000000000000000000e+00
5.200000000000000000e+05 1.299988543835008947e-01 1.354119253527537488e-02 8.367091488393263443e-01 1.497496586253982687e-01 0.000000000000000000e+00 0.000000000000000000e+00
5.240000000000000000e+05 1.309988455710662247e-01 1.422394173873463806e-02 8.360263996358671124e-01 1.497496586253982687e-01 0.000000000000000000e+00 0.000000000000000000e+00
5.280000000000000000e+05 1.319988367586315547e-01 1.388256713700500647e-02 8.363677742375966728e-01 1.497496586253982687e-01 0.000000000000000000e+00 0.000000000000000000e+00
5.320000000000000000e+05 1.329988279461971068e-01 1.354119253527537488e-02 8.367091488393263443e-01 1.497496586253982687e-01 0.000000000000000000e+00 0.000000000000000000e+00
5.360000000000000000e+05 1.339988191337624368e-01 1.354119253527537488e-02 8.367091488393263443e-01 1.497496586253982687e-01 0.000000000000000000e+00 0.000000000000000000e+00
5.400000000000000000e+05 1.349988103213277668e-01 2.344105598543468408e-02 8.180473372781065233e-01 1.572598998634501533e-01 1.251706873008648227e-03 0.000000000000000000e+00
5.440000000000000000e+05 1.359988015088930968e-01 2.332726445152480746e-02 8.150887573964497035e-01 1.597633136094674666e-01 1.820664542558033706e-03 0.000000000000000000e+00
5.480000000000000000e+05 1.369987926964586489e-01 3.971324533454710648e-02 7.744651797906235702e-01 1.852526172052799402e-01 5.689576695493854790e-04 0.000000000000000000e+00
5.520000000000000000e+05 1.379987838840239789e-01 3.868912152935821691e-02 7.743513882567136797e-01 1.853664087391898030e-01 1.593081474738279385e-03 0.000000000000000000e+00
5.560000000000000000e+05 1.389987750715893089e-01 3.948566226672735324e-02 7.736686390532544477e-01 1.851388256713700498e-01 1.706873008648156654e-03 0.000000000000000000e+00
5.600000000000000000e+05 1.399987662591548609e-01 3.971324533454710648e-02 7.738962221210742287e-01 1.847974510696404060e-01 1.593081474738279385e-03 0.000000000000000000e+00
5.640000000000000000e+05 1.409987574467201910e-01 3.891670459717797015e-02 7.741238051888938987e-01 1.857077833409194467e-01 1.251706873008648227e-03 0.000000000000000000e+00
5.680000000000000000e+05 1.419987486342855210e-01 3.755120619025944378e-02 7.740100136549841192e-01 1.866181156121984597e-01 1.820664542558033706e-03 0.000000000000000000e+00
5.720000000000000000e+05 1.429987398218508510e-01 3.834774692762858705e-02 7.736686390532544477e-01 1.863905325443787064e-01 1.593081474738279385e-03 0.000000000000000000e+00
5.760000000000000000e+05 1.439987310094164030e-01 3.823395539371871044e-02 7.740100136549841192e-01 1.862767410104688159e-01 1.479289940828402332e-03 0.000000000000000000e+00
5.800000000000000000e+05 1.449987221969817330e-01 3.903049613108784677e-02 7.740100136549841192e-01 1.859353664087392000e-01 1.024123805188893906e-03 0.000000000000000000e+00
5.840000000000000000e+05 1.459987133845470630e-01 4.028220300409649651e-02 7.733272644515247762e-01 1.847974510696404060e-01 1.593081474738279385e-03 0.000000000000000000e+00
5.880000000000000000e+05 1.469987045721123931e-01 3.857532999544834029e-02 7.737824305871643382e-01 1.852526172052799402e-01 2.389622212107419402e-03 0.000000000000000000e+00
5.920000000000000000e+05 1.479986957596779451e-01 4.142011834319526964e-02 7.727583067819754348e-01 1.842284934000910368e-01 1.593081474738279385e-03 0.000000000000000000e+00
5.960000000000000000e+05 1.489986869472432751e-01 4.107874374146563284e-02 7.717341829767865313e-01 1.838871187983613931e-01 3.299954483386436255e-03 0.000000000000000000e+00
6.000000000000000000e+05 1.499986781348086051e-01 4.380974055530268557e-02 7.713928083750568598e-01 1.832043695949021334e-01 1.593081474738279385e-03 0.000000000000000000e+00
6.040000000000000000e+05 1.509986693223741572e-01 4.119253527537550946e-02 7.721893491124259823e-01 1.844560764679107900e-01 2.162039144287664864e-03 0.000000000000000000e+00
6.080000000000000000e+05 1.519986605099394872e-01 4.335457441966317910e-02 7.709376422394174089e-01 1.842284934000910368e-01 1.479289940828402332e-03 0.000000000000000000e+00
6.120000000000000000e+05 1.529986516975048172e-01 4.312699135184342586e-02 7.713928083750568598e-01 1.827492034592626269e-01 2.730996813837050560e-03 0.000000000000000000e+00
6.160000000000000000e+05 1.539986428850701472e-01 4.085116067364587961e-02 7.721893491124259823e-01 1.840009103322712836e-01 2.958579881656804664e-03 0.000000000000000000e+00
6.200000000000000000e+05 1.549986340726356993e-01 4.472007282658170546e-02 7.704824761037778469e-01 1.826354119253527641e-01 2.162039144287664864e-03 0.000000000000000000e+00
6.240000000000000000e+05 1.559986252602010293e-01 4.528903049613108855e-02 7.686618115612198210e-01 1.832043695949021334e-01 2.844788347746927612e-03 0.000000000000000000e+00
6.280000000000000000e+05 1.569986164477663593e-01 4.506144742831133532e-02 7.684342284934000400e-01 1.828629949931725174e-01 3.641329085116067413e-03 0.000000000000000000e+00
6.320000000000000000e+05 1.579986076353319113e-01 4.585798816568047165e-02 7.683204369594902605e-01 1.826354119253527641e-01 3.186162949476558769e-03 0.000000000000000000e+00
6.360000000000000000e+05 1.589985988228972413e-01 4.676832043695949154e-02 7.657032316795630011e-01 1.827492034592626269e-01 4.779244424214838804e-03 0.000000000000000000e+00
6.400000000000000000e+05 1.599985900104625713e-01 5.075102412380518707e-02 7.624032771961766208e-01 1.807009558488848477e-01 6.144742831133363434e-03 0.000000000000000000e+00
6.440000000000000000e+05 1.609985811980279014e-01 5.075102412380518707e-02 7.639963586709148657e-01 1.805871643149749572e-01 4.665452890304961318e-03 0.000000000000000000e+00
6.480000000000000000e+05 1.619985723855934534e-01 1.243741465634956717e-01 6.795630405097861093e-01 1.904870277651342647e-01 5.575785161583977738e-03 0.000000000000000000e+00
6.520000000000000000e+05 1.629985635731587834e-01 1.266499772416932179e-01 6.746700045516613731e-01 1.912835685025034149e-01 7.396449704142011444e-03 0.000000000000000000e+00
6.560000000000000000e+05 1.639985547607241134e-01 1.275603095129722309e-01 6.747837960855712636e-01 1.931042330450614408e-01 4.551661356395083832e-03 0.000000000000000000e+00
6.600000000000000000e+05 1.649985459482894434e-01 1.300637232589895442e-01 6.730769230769231282e-01 1.924214838416021811e-01 4.437869822485207214e-03 0.000000000000000000e+00
6.640000000000000000e+05 1.659985371358549955e-01 1.286982248520709970e-01 6.734182976786526886e-01 1.916249431042330587e-01 6.258534365043240920e-03 0.000000000000000000e+00
6.680000000000000000e+05 1.669985283234203255e-01 1.327947200728265831e-01 6.696631770596267463e-01 1.895766954938552518e-01 7.965407373691398007e-03 0.000000000000000000e+00
6.720000000000000000e+05 1.679985195109856555e-01 1.326809285389166926e-01 6.774010013654984119e-01 1.842284934000910368e-01 5.689576695493855224e-03 0.000000000000000000e+00
6.760000000000000000e+05 1.689985106985512076e-01 1.307464724624488039e-01 6.784251251706873154e-01 1.858215748748293095e-01 5.006827492034592909e-03 0.000000000000000000e+00
6.800000000000000000e+05 1.699985018861165376e-01 1.321119708693673234e-01 6.785389167045972059e-01 1.849112426035502965e-01 4.437869822485207214e-03 0.000000000000000000e+00
6.840000000000000000e+05 1.709984930736818676e-01 1.332498862084660896e-01 6.776285844333181929e-01 1.845698680018206528e-01 4.551661356395083832e-03 0.000000000000000000e+00
6.880000000000000000e+05 1.719984842612471976e-01 1.326809285389166926e-01 6.763768775603095085e-01 1.836595357305416398e-01 7.282658170232134826e-03 0.000000000000000000e+00
6.920000000000000000e+05 1.729984754488127496e-01 1.319981793354574329e-01 6.772872098315885214e-01 1.853664087391898030e-01 5.348202093764223633e-03 0.000000000000000000e+00
6.960000000000000000e+05 1.739984666363780796e-01 1.349567592171142527e-01 6.767182521620391800e-01 1.830905780609922706e-01 5.234410559854347014e-03 0.000000000000000000e+00
7.000000000000000000e+05 1.749984578239434097e-01 1.368912152935821691e-01 6.753527537551206050e-01 1.814974965862539702e-01 6.258534365043240920e-03 0.000000000000000000e+00
7.040000000000000000e+05 1.759984490115087397e-01 1.414428766499772339e-01 6.738734638142922506e-01 1.795630405097860816e-01 5.120619025944469528e-03 0.000000000000000000e+00
7.080000000000000000e+05 1.769984401990742917e-01 1.439462903959945472e-01 6.703459262630859783e-01 1.783113336367774249e-01 7.396449704142011444e-03 0.000000000000000000e+00
7.120000000000000000e+05 1.779984313866396217e-01 1.397360036413290985e-01 6.745562130177514826e-01 1.794492489758761911e-01 6.258534365043240920e-03 0.000000000000000000e+00
7.160000000000000000e+05 1.789984225742049517e-01 1.404187528447883582e-01 6.715976331360946627e-01 1.801319981793354508e-01 7.851615839781519654e-03 0.000000000000000000e+00
7.200000000000000000e+05 1.799984137617705038e-01 1.407601274465179741e-01 6.739872553482021411e-01 1.792216659080564378e-01 6.030951297223486815e-03 0.000000000000000000e+00
7.240000000000000000e+05 1.809984049493358338e-01 1.510013654984069253e-01 6.669321802457897075e-01 1.761492944924897552e-01 5.917159763313609329e-03 0.000000000000000000e+00
7.280000000000000000e+05 1.819983961369011638e-01 1.471324533454710926e-01 6.667045971779699265e-01 1.768320436959490149e-01 9.330905780609922637e-03 0.000000000000000000e+00
7.320000000000000000e+05 1.829983873244664938e-01 1.523668639053254448e-01 6.662494310423304755e-01 1.758079198907601393e-01 5.575785161583977738e-03 0.000000000000000000e+00
7.360000000000000000e+05 1.839983785120320459e-01 1.511151570323167881e-01 6.655666818388711325e-01 1.750113791533909890e-01 8.306781975421027864e-03 0.000000000000000000e+00
7.400000000000000000e+05 1.849983696995973759e-01 1.524806554392353075e-01 6.655666818388711325e-01 1.738734638142922229e-01 8.079198907601274626e-03 0.000000000000000000e+00
7.440000000000000000e+05 1.859983608871627059e-01 1.519116977696859383e-01 6.663632225762403660e-01 1.729631315430132099e-01 8.761948111060537808e-03 0.000000000000000000e+00
7.480000000000000000e+05 1.869983520747280359e-01 1.570323167956304000e-01 6.646563495675921196e-01 1.720527992717341692e-01 6.258534365043240920e-03 0.000000000000000000e+00
7.520000000000000000e+05 1.879983432622935879e-01 1.516841147018661851e-01 6.645425580336823401e-01 1.739872553482020856e-01 9.786071916249430847e-03 0.000000000000000000e+00
7.560000000000000000e+05 1.889983344498589179e-01 1.546426945835229771e-01 6.624943104233045332e-01 1.729631315430132099e-01 9.899863450159307465e-03 0.000000000000000000e+00
7.600000000000000000e+05 1.899983256374242480e-01 1.574874829312699065e-01 6.601046882111970548e-01 1.721665908056440597e-01 1.024123805188893906e-02 0.000000000000000000e+00
7.640000000000000000e+05 1.909983168249898000e-01 1.622667273554847522e-01 6.593081474738279324e-01 1.703459262630860338e-01 8.079198907601274626e-03 0.000000000000000000e+00
7.680000000000000000e+05 1.919983080125551300e-01 1.644287664997724219e-01 6.594219390077378229e-01 1.701183431952662806e-01 6.030951297223486815e-03 0.000000000000000000e+00
7.720000000000000000e+05 1.929982992001204600e-01 1.601046882111970826e-01 6.655666818388711325e-01 1.677287209831588577e-01 6.599908966772872511e-03 0.000000000000000000e+00
7.760000000000000000e+05 1.939982903876857900e-01 1.614701866181156020e-01 6.636322257624033272e-01 1.649977241693217911e-01 9.899863450159307465e-03 0.000000000000000000e+00
7.800000000000000000e+05 1.949982815752513421e-01 1.635184342284934089e-01 6.644287664997724496e-01 1.636322257624032717e-01 8.420573509330906217e-03 0.000000000000000000e+00
7.840000000000000000e+05 1.959982727628166721e-01 1.634046426945835184e-01 6.636322257624033272e-01 1.652253072371415443e-01 7.737824305871643035e-03 0.000000000000000000e+00
7.880000000000000000e+05 1.969982639503820021e-01 1.615839781520254925e-01 6.652253072371415721e-01 1.655666818388711881e-01 7.624032771961766417e-03 0.000000000000000000e+00
7.920000000000000000e+05 1.979982551379475542e-01 1.614701866181156020e-01 6.669321802457897075e-01 1.648839326354119283e-01 6.713700500682749130e-03 0.000000000000000000e+00
7.960000000000000000e+05 1.989982463255128842e-01 1.619253527537551085e-01 6.636322257624033272e-01 1.659080564406008318e-01 8.534365043240782836e-03 0.000000000000000000e+00
8.000000000000000000e+05 1.999982375130782142e-01 1.631770596267637652e-01 6.640873918980427781e-01 1.624943104233045055e-01 1.024123805188893906e-02 0.000000000000000000e+00
8.040000000000000000e+05 2.009982287006435442e-01 1.646563495675921751e-01 6.652253072371415721e-01 1.624943104233045055e-01 7.624032771961766417e-03 0.000000000000000000e+00
8.080000000000000000e+05 2.019982198882090962e-01 1.680700955848884737e-01 6.619253527537550807e-01 1.612426035502958488e-01 8.761948111060537808e-03 0.000000000000000000e+00
8.120000000000000000e+05 2.029982110757744262e-01 1.668183887118798447e-01 6.636322257624033272e-01 1.596495220755575761e-01 9.899863450159307465e-03 0.000000000000000000e+00
8.160000000000000000e+05 2.039982022633397563e-01 1.640873918980427781e-01 6.686390532544378429e-01 1.577150659990896597e-01 9.558488848429677609e-03 0.000000000000000000e+00
8.200000000000000000e+05 2.049981934509050863e-01 1.662494310423304478e-01 6.668183887118798170e-01 1.556668183887118806e-01 1.126536185707783383e-02 0.000000000000000000e+00
8.240000000000000000e+05 2.059981846384706383e-01 1.673873463814292140e-01 6.687528447883477334e-01 1.543013199817933612e-01 9.558488848429677609e-03 0.000000000000000000e+00
8.280000000000000000e+05 2.069981758260359683e-01 1.730769230769230727e-01 6.692080109239872954e-01 1.507737824305871721e-01 6.941283568502503235e-03 0.000000000000000000e+00
8.320000000000000000e+05 2.079981670136012983e-01 1.731907146108329631e-01 6.678425125170687204e-01 1.511151570323167881e-01 7.851615839781519654e-03 0.000000000000000000e+00
8.360000000000000000e+05 2.089981582011668504e-01 1.742148384160218388e-01 6.684114701866180619e-01 1.506599908966772816e-01 6.713700500682749130e-03 0.000000000000000000e+00
8.400000000000000000e+05 2.099981493887321804e-01 1.776285844333181652e-01 6.647701411015020101e-01 1.502048247610377751e-01 7.396449704142011444e-03 0.000000000000000000e+00
8.440000000000000000e+05 2.109981405762975104e-01 1.808147473827947105e-01 6.637460172963131066e-01 1.487255348202093652e-01 6.713700500682749130e-03 0.000000000000000000e+00
8.480000000000000000e+05 2.119981317638628404e-01 1.775147928994082747e-01 6.659080564406008040e-01 1.475876194811105990e-01 8.989531178880291046e-03 0.000000000000000000e+00
8.520000000000000000e+05 2.129981229514283925e-01 1.868456986800182129e-01 6.153846153846154188e-01 1.886663632225762388e-01 9.103322712790167665e-03 0.000000000000000000e+00
8.560000000000000000e+05 2.139981141389937225e-01 1.705735093309057870e-01 6.067364588074647402e-01 2.184797451069640517e-01 4.210286754665453109e-03 0.000000000000000000e+00
8.600000000000000000e+05 2.149981053265590525e-01 1.672735548475193512e-01 6.087847064178425471e-01 2.184797451069640517e-01 5.461993627674101119e-03 0.000000000000000000e+00
8.640000000000000000e+05 2.159980965141243825e-01 1.690942193900773771e-01 6.069640418752845212e-01 2.175694128356850388e-01 6.372325898953117539e-03 0.000000000000000000e+00
8.680000000000000000e+05 2.169980877016899345e-01 1.701183431952662806e-01 6.078743741465635342e-01 2.167728720983158885e-01 5.234410559854347014e-03 0.000000000000000000e+00
8.720000000000000000e+05 2.179980788892552646e-01 1.712562585343650468e-01 6.046882111970869333e-01 2.176832043695949015e-01 6.372325898953117539e-03 0.000000000000000000e+00
8.760000000000000000e+05 2.189980700768205946e-01 1.693218024578971304e-01 6.081019572143832042e-01 2.160901228948566288e-01 6.486117432862995025e-03 0.000000000000000000e+00
8.800000000000000000e+05 2.199980612643861466e-01 1.684114701866181174e-01 6.084433318161128756e-01 2.177969959035047920e-01 5.348202093764223633e-03 0.000000000000000000e+00
8.840000000000000000e+05 2.209980524519514766e-01 1.685252617205279801e-01 6.084433318161128756e-01 2.166590805644059980e-01 6.372325898953117539e-03 0.000000000000000000e+00
8.880000000000000000e+05 2.219980436395168066e-01 1.664770141101502010e-01 6.076467910787437532e-01 2.190487027765134209e-01 6.827492034592626616e-03 0.000000000000000000e+00
8.920000000000000000e+05 2.229980348270821366e-01 1.672735548475193512e-01 6.086709148839326566e-01 2.190487027765134209e-01 5.006827492034592909e-03 0.000000000000000000e+00
8.960000000000000000e+05 2.239980260146476887e-01 1.698907601274465273e-01 6.073054164770140817e-01 2.170004551661356418e-01 5.803368229403732710e-03 0.000000000000000000e+00
9.000000000000000000e+05 2.249980172022130187e-01 1.696631770596267741e-01 6.077605826126536437e-01 2.171142467000455045e-01 5.461993627674101119e-03 0.000000000000000000e+00
9.040000000000000000e+05 2.259980083897783487e-01 1.736458807464724696e-01 6.061675011379152878e-01 2.146108329540282189e-01 5.575785161583977738e-03 0.000000000000000000e+00
9.080000000000000000e+05 2.269979995773439008e-01 1.720527992717341692e-01 6.053709604005461653e-01 2.150659990896677254e-01 7.510241238051888930e-03 0.000000000000000000e+00
