# itime ezz other fcc hcp bcc ico
0.000000000000000000e+00 0.000000000000000000e+00 0.000000000000000000e+00 1.000000000000000000e+00 0.000000000000000000e+00 0.000000000000000000e+00 0.000000000000000000e+00
4.000000000000000000e+03 9.999732879999445601e-04 0.000000000000000000e+00 1.000000000000000000e+00 0.000000000000000000e+00 0.000000000000000000e+00 0.000000000000000000e+00
8.000000000000000000e+03 1.999946575999889120e-03 0.000000000000000000e+00 1.000000000000000000e+00 0.000000000000000000e+00 0.000000000000000000e+00 0.000000000000000000e+00
1.200000000000000000e+04 2.999919863999833680e-03 0.000000000000000000e+00 1.000000000000000000e+00 0.000000000000000000e+00 0.000000000000000000e+00 0.000000000000000000e+00
1.600000000000000000e+04 3.999893151999778240e-03 0.000000000000000000e+00 1.000000000000000000e+00 0.000000000000000000e+00 0.000000000000000000e+00 0.000000000000000000e+00
2.000000000000000000e+04 4.999866439999722800e-03 0.000000000000000000e+00 1.000000000000000000e+00 0.000000000000000000e+00 0.000000000000000000e+00 0.000000000000000000e+00
2.400000000000000000e+04 5.999839727999667360e-03 0.000000000000000000e+00 1.000000000000000000e+00 0.000000000000000000e+00 0.000000000000000000e+00 0.000000000000000000e+00
2.800000000000000000e+04 6.999813015999611920e-03 0.000000000000000000e+00 1.000000000000000000e+00 0.000000000000000000e+00 0.000000000000000000e+00 0.000000000000000000e+00
3.200000000000000000e+04 7.999786303999556480e-03 0.000000000000000000e+00 1.000000000000000000e+00 0.000000000000000000e+00 0.000000000000000000e+00 0.000000000000000000e+00
3.600000000000000000e+04 8.999759591999501041e-03 0.000000000000000000e+00 1.000000000000000000e+00 0.000000000000000000e+00 0.000000000000000000e+00 0.000000000000000000e+00
4.000000000000000000e+04 9.999732879999445601e-03 0.000000000000000000e+00 1.000000000000000000e+00 0.000000000000000000e+00 0.000000000000000000e+00 0.000000000000000000e+00
4.400000000000000000e+04 1.099970616799939016e-02 0.000000000000000000e+00 1.000000000000000000e+00 0.000000000000000000e+00 0.000000000000000000e+00 0.000000000000000000e+00
4.800000000000000000e+04 1.199967945599933472e-02 0.000000000000000000e+00 1.000000000000000000e+00 0.000000000000000000e+00 0.000000000000000000e+00 0.000000000000000000e+00
5.200000000000000000e+04 1.299965274399927928e-02 0.000000000000000000e+00 1.000000000000000000e+00 0.000000000000000000e+00 0.000000000000000000e+00 0.000000000000000000e+00
5.600000000000000000e+04 1.399962603199922384e-02 0.000000000000000000e+00 1.000000000000000000e+00 0.000000000000000000e+00 0.000000000000000000e+00 0.000000000000000000e+00
6.000000000000000000e+04 1.499959931999916840e-02 0.000000000000000000e+00 1.000000000000000000e+00 0.000000000000000000e+00 0.000000000000000000e+00 0.000000000000000000e+00
6.400000000000000000e+04 1.599957260799911296e-02 0.000000000000000000e+00 1.000000000000000000e+00 0.000000000000000000e+00 0.000000000000000000e+00 0.000000000000000000e+00
6.800000000000000000e+04 1.699954589599905752e-02 0.000000000000000000e+00 1.000000000000000000e+00 0.000000000000000000e+00 0.000000000000000000e+00 0.000000000000000000e+00
7.200000000000000000e+04 1.799951918399900208e-02 0.000000000000000000e+00 1.000000000000000000e+00 0.000000000000000000e+00 0.000000000000000000e+00 0.000000000000000000e+00
7.600000000000000000e+04 1.899949247199894664e-02 0.000000000000000000e+00 1.000000000000000000e+00 0.000000000000000000e+00 0.000000000000000000e+00 0.000000000000000000e+00
8.000000000000000000e+04 1.999946575999889120e-02 0.000000000000000000e+00 1.000000000000000000e+00 0.000000000000000000e+00 0.000000000000000000e+00 0.000000000000000000e+00
8.400000000000000000e+04 2.099943904799883576e-02 0.000000000000000000e+00 1.000000000000000000e+00 0.000000000000000000e+00 0.000000000000000000e+00 0.000000000000000000e+00
8.800000000000000000e+04 2.199941233599878032e-02 0.000000000000000000e+00 1.000000000000000000e+00 0.000000000000000000e+00 0.000000000000000000e+00 0.000000000000000000e+00
9.200000000000000000e+04 2.299938562399872488e-02 0.000000000000000000e+00 1.000000000000000000e+00 0.000000000000000000e+00 0.000000000000000000e+00 0.000000000000000000e+00
9.600000000000000000e+04 2.399935891199866944e-02 0.000000000000000000e+00 1.000000000000000000e+00 0.000000000000000000e+00 0.000000000000000000e+00 0.000000000000000000e+00
1.000000000000000000e+05 2.499933219999861400e-02 0.000000000000000000e+00 1.000000000000000000e+00 0.000000000000000000e+00 0.000000000000000000e+00 0.000000000000000000e+00
1.040000000000000000e+05 2.599930548799855856e-02 0.000000000000000000e+00 1.000000000000000000e+00 0.000000000000000000e+00 0.000000000000000000e+00 0.000000000000000000e+00
1.080000000000000000e+05 2.699927877599850312e-02 0.000000000000000000e+00 1.000000000000000000e+00 0.000000000000000000e+00 0.000000000000000000e+00 0.000000000000000000e+00
1.120000000000000000e+05 2.799925206399844768e-02 0.000000000000000000e+00 1.000000000000000000e+00 0.000000000000000000e+00 0.000000000000000000e+00 0.000000000000000000e+00
1.160000000000000000e+05 2.899922535199839224e-02 0.000000000000000000e+00 1.000000000000000000e+00 0.000000000000000000e+00 0.000000000000000000e+00 0.000000000000000000e+00
1.200000000000000000e+05 2.999919863999833680e-02 0.000000000000000000e+00 1.000000000000000000e+00 0.000000000000000000e+00 0.000000000000000000e+00 0.000000000000000000e+00
1.240000000000000000e+05 3.099917192799828136e-02 0.000000000000000000e+00 1.000000000000000000e+00 0.000000000000000000e+00 0.000000000000000000e+00 0.000000000000000000e+00
1.280000000000000000e+05 3.199914521599822592e-02 0.000000000000000000e+00 1.000000000000000000e+00 0.000000000000000000e+00 0.000000000000000000e+00 0.000000000000000000e+00
1.320000000000000000e+05 3.299911850399817048e-02 0.000000000000000000e+00 1.000000000000000000e+00 0.000000000000000000e+00 0.000000000000000000e+00 0.000000000000000000e+00
1.360000000000000000e+05 3.399909179199811504e-02 0.000000000000000000e+00 1.000000000000000000e+00 0.000000000000000000e+00 0.000000000000000000e+00 0.000000000000000000e+00
1.400000000000000000e+05 3.499906507999805960e-02 0.000000000000000000e+00 1.000000000000000000e+00 0.000000000000000000e+00 0.000000000000000000e+00 0.000000000000000000e+00
1.440000000000000000e+05 3.599903836799800416e-02 0.000000000000000000e+00 1.000000000000000000e+00 0.000000000000000000e+00 0.000000000000000000e+00 0.000000000000000000e+00
1.480000000000000000e+05 3.699901165599794872e-02 0.000000000000000000e+00 1.000000000000000000e+00 0.000000000000000000e+00 0.000000000000000000e+00 0.000000000000000000e+00
1.520000000000000000e+05 3.799898494399789328e-02 0.000000000000000000e+00 1.000000000000000000e+00 0.000000000000000000e+00 0.000000000000000000e+00 0.000000000000000000e+00
1.560000000000000000e+05 3.899895823199783784e-02 0.000000000000000000e+00 1.000000000000000000e+00 0.000000000000000000e+00 0.000000000000000000e+00 0.000000000000000000e+00
1.600000000000000000e+05 3.999893151999778240e-02 0.000000000000000000e+00 1.000000000000000000e+00 0.000000000000000000e+00 0.000000000000000000e+00 0.000000000000000000e+00
1.640000000000000000e+05 4.099890480799772696e-02 0.000000000000000000e+00 1.000000000000000000e+00 0.000000000000000000e+00 0.000000000000000000e+00 0.000000000000000000e+00
1.680000000000000000e+05 4.199887809599767152e-02 0.000000000000000000e+00 1.000000000000000000e+00 0.000000000000000000e+00 0.000000000000000000e+00 0.000000000000000000e+00
1.720000000000000000e+05 4.299885138399761608e-02 0.000000000000000000e+00 1.000000000000000000e+00 0.000000000000000000e+00 0.000000000000000000e+00 0.000000000000000000e+00
1.760000000000000000e+05 4.399882467199756064e-02 0.000000000000000000e+00 1.000000000000000000e+00 0.000000000000000000e+00 0.000000000000000000e+00 0.000000000000000000e+00
1.800000000000000000e+05 4.499879795999750520e-02 0.000000000000000000e+00 1.000000000000000000e+00 0.000000000000000000e+00 0.000000000000000000e+00 0.000000000000000000e+00
1.840000000000000000e+05 4.599877124799744976e-02 0.000000000000000000e+00 1.000000000000000000e+00 0.000000000000000000e+00 0.000000000000000000e+00 0.000000000000000000e+00
1.880000000000000000e+05 4.699874453599739432e-02 0.000000000000000000e+00 1.000000000000000000e+00 0.000000000000000000e+00 0.000000000000000000e+00 0.000000000000000000e+00
1.920000000000000000e+05 4.799871782399733888e-02 0.000000000000000000e+00 1.000000000000000000e+00 0.000000000000000000e+00 0.000000000000000000e+00 0.000000000000000000e+00
1.960000000000000000e+05 4.899869111199728344e-02 0.000000000000000000e+00 1.000000000000000000e+00 0.000000000000000000e+00 0.000000000000000000e+00 0.000000000000000000e+00
2.000000000000000000e+05 4.999866439999722800e-02 0.000000000000000000e+00 1.000000000000000000e+00 0.000000000000000000e+00 0.000000000000000000e+00 0.000000000000000000e+00
2.040000000000000000e+05 5.099863768799717256e-02 0.000000000000000000e+00 1.000000000000000000e+00 0.000000000000000000e+00 0.000000000000000000e+00 0.000000000000000000e+00
2.080000000000000000e+05 5.199861097599711712e-02 0.000000000000000000e+00 1.000000000000000000e+00 0.000000000000000000e+00 0.000000000000000000e+00 0.000000000000000000e+00
2.120000000000000000e+05 5.299858426399706168e-02 0.000000000000000000e+00 1.000000000000000000e+00 0.000000000000000000e+00 0.000000000000000000e+00 0.000000000000000000e+00
2.160000000000000000e+05 5.399855755199700624e-02 0.000000000000000000e+00 1.000000000000000000e+00 0.000000000000000000e+00 0.000000000000000000e+00 0.000000000000000000e+00
2.200000000000000000e+05 5.499853083999695080e-02 0.000000000000000000e+00 1.000000000000000000e+00 0.000000000000000000e+00 0.000000000000000000e+00 0.000000000000000000e+00
2.240000000000000000e+05 5.599850412799689536e-02 0.000000000000000000e+00 1.000000000000000000e+00 0.000000000000000000e+00 0.000000000000000000e+00 0.000000000000000000e+00
2.280000000000000000e+05 5.699847741599683992e-02 0.000000000000000000e+00 1.000000000000000000e+00 0.000000000000000000e+00 0.000000000000000000e+00 0.000000000000000000e+00
2.320000000000000000e+05 5.799845070399678448e-02 0.000000000000000000e+00 1.000000000000000000e+00 0.000000000000000000e+00 0.000000000000000000e+00 0.000000000000000000e+00
2.360000000000000000e+05 5.899842399199672904e-02 0.000000000000000000e+00 1.000000000000000000e+00 0.000000000000000000e+00 0.000000000000000000e+00 0.000000000000000000e+00
2.400000000000000000e+05 5.999839727999667360e-02 0.000000000000000000e+00 1.000000000000000000e+00 0.000000000000000000e+00 0.000000000000000000e+00 0.000000000000000000e+00
2.440000000000000000e+05 6.099837056799661816e-02 0.000000000000000000e+00 1.000000000000000000e+00 0.000000000000000000e+00 0.000000000000000000e+00 0.000000000000000000e+00
2.480000000000000000e+05 6.199834385599656272e-02 0.000000000000000000e+00 1.000000000000000000e+00 0.000000000000000000e+00 0.000000000000000000e+00 0.000000000000000000e+00
2.520000000000000000e+05 6.299831714399650728e-02 1.137915339098771066e-04 9.998862084660901095e-01 0.000000000000000000e+00 0.000000000000000000e+00 0.000000000000000000e+00
2.560000000000000000e+05 6.399829043199645184e-02 0.000000000000000000e+00 1.000000000000000000e+00 0.000000000000000000e+00 0.000000000000000000e+00 0.000000000000000000e+00
2.600000000000000000e+05 6.499826371999639640e-02 0.000000000000000000e+00 1.000000000000000000e+00 0.000000000000000000e+00 0.000000000000000000e+00 0.000000000000000000e+00
2.640000000000000000e+05 6.599823700799634096e-02 0.000000000000000000e+00 1.000000000000000000e+00 0.000000000000000000e+00 0.000000000000000000e+00 0.000000000000000000e+00
2.680000000000000000e+05 6.699821029599628552e-02 0.000000000000000000e+00 1.000000000000000000e+00 0.000000000000000000e+00 0.000000000000000000e+00 0.000000000000000000e+00
2.720000000000000000e+05 6.799818358399623008e-02 0.000000000000000000e+00 1.000000000000000000e+00 0.000000000000000000e+00 0.000000000000000000e+00 0.000000000000000000e+00
2.760000000000000000e+05 6.899815687199617464e-02 0.000000000000000000e+00 1.000000000000000000e+00 0.000000000000000000e+00 0.000000000000000000e+00 0.000000000000000000e+00
2.800000000000000000e+05 6.999813015999611920e-02 2.275830678197542133e-04 9.997724169321802190e-01 0.000000000000000000e+00 0.000000000000000000e+00 0.000000000000000000e+00
2.840000000000000000e+05 7.099810344799606376e-02 0.000000000000000000e+00 1.000000000000000000e+00 0.000000000000000000e+00 0.000000000000000000e+00 0.000000000000000000e+00
2.880000000000000000e+05 7.199807673599600832e-02 0.000000000000000000e+00 1.000000000000000000e+00 0.000000000000000000e+00 0.000000000000000000e+00 0.000000000000000000e+00
2.920000000000000000e+05 7.299805002399595288e-02 0.000000000000000000e+00 1.000000000000000000e+00 0.000000000000000000e+00 0.000000000000000000e+00 0.000000000000000000e+00
2.960000000000000000e+05 7.399802331199589744e-02 2.275830678197542133e-04 9.997724169321802190e-01 0.000000000000000000e+00 0.000000000000000000e+00 0.000000000000000000e+00
3.000000000000000000e+05 7.499799659999584200e-02 2.275830678197542133e-04 9.997724169321802190e-01 0.000000000000000000e+00 0.000000000000000000e+00 0.000000000000000000e+00
3.040000000000000000e+05 7.599796988799578656e-02 0.000000000000000000e+00 1.000000000000000000e+00 0.000000000000000000e+00 0.000000000000000000e+00 0.000000000000000000e+00
3.080000000000000000e+05 7.699794317599573112e-02 5.689576695493854790e-04 9.994310423304506585e-01 0.000000000000000000e+00 0.000000000000000000e+00 0.000000000000000000e+00
3.120000000000000000e+05 7.799791646399567568e-02 1.137915339098771066e-04 9.998862084660901095e-01 0.000000000000000000e+00 0.000000000000000000e+00 0.000000000000000000e+00
3.160000000000000000e+05 7.899788975199562024e-02 0.000000000000000000e+00 1.000000000000000000e+00 0.000000000000000000e+00 0.000000000000000000e+00 0.000000000000000000e+00
3.200000000000000000e+05 7.999786303999556480e-02 4.551661356395084266e-04 9.995448338643604380e-01 0.000000000000000000e+00 0.000000000000000000e+00 0.000000000000000000e+00
3.240000000000000000e+05 8.099783632799550936e-02 3.413746017296313199e-04 9.995448338643604380e-01 0.000000000000000000e+00 1.137915339098771066e-04 0.000000000000000000e+00
3.280000000000000000e+05 8.199780961599545392e-02 6.827492034592626399e-04 9.993172507965407680e-01 0.000000000000000000e+00 0.000000000000000000e+00 0.000000000000000000e+00
3.320000000000000000e+05 8.299778290399539848e-02 3.413746017296313199e-04 9.996586253982703285e-01 0.000000000000000000e+00 0.000000000000000000e+00 0.000000000000000000e+00
3.360000000000000000e+05 8.399775619199534304e-02 5.689576695493854790e-04 9.994310423304506585e-01 0.000000000000000000e+00 0.000000000000000000e+00 0.000000000000000000e+00
3.400000000000000000e+05 8.499772947999528760e-02 0.000000000000000000e+00 1.000000000000000000e+00 0.000000000000000000e+00 0.000000000000000000e+00 0.000000000000000000e+00
3.440000000000000000e+05 8.599770276799523216e-02 0.000000000000000000e+00 1.000000000000000000e+00 0.000000000000000000e+00 0.000000000000000000e+00 0.000000000000000000e+00
3.480000000000000000e+05 8.699767605599517672e-02 1.024123805188893906e-03 9.989758761948110966e-01 0.000000000000000000e+00 0.000000000000000000e+00 0.000000000000000000e+00
3.520000000000000000e+05 8.799764934399512128e-02 6.827492034592626399e-04 9.993172507965407680e-01 0.000000000000000000e+00 0.000000000000000000e+00 0.000000000000000000e+00
3.560000000000000000e+05 8.899762263199506584e-02 9.103322712790168532e-04 9.990896677287209870e-01 0.000000000000000000e+00 0.000000000000000000e+00 0.000000000000000000e+00
3.600000000000000000e+05 8.999759591999501041e-02 1.024123805188893906e-03 9.988620846609012061e-01 0.000000000000000000e+00 1.137915339098771066e-04 0.000000000000000000e+00
3.640000000000000000e+05 9.099756920799495497e-02 2.275830678197542133e-04 9.997724169321802190e-01 0.000000000000000000e+00 0.000000000000000000e+00 0.000000000000000000e+00
3.680000000000000000e+05 9.199754249599489953e-02 5.689576695493854790e-04 9.994310423304506585e-01 0.000000000000000000e+00 0.000000000000000000e+00 0.000000000000000000e+00
3.720000000000000000e+05 9.299751578399484409e-02 9.103322712790168532e-04 9.987482931269913156e-01 0.000000000000000000e+00 3.413746017296313199e-04 0.000000000000000000e+00
3.760000000000000000e+05 9.399748907199478865e-02 9.103322712790168532e-04 9.990896677287209870e-01 0.000000000000000000e+00 0.000000000000000000e+00 0.000000000000000000e+00
3.800000000000000000e+05 9.499746235999473321e-02 3.186162949476558769e-03 9.968138370505233992e-01 0.000000000000000000e+00 0.000000000000000000e+00 0.000000000000000000e+00
3.840000000000000000e+05 9.599743564799467777e-02 2.162039144287664864e-03 9.978379608557123026e-01 0.000000000000000000e+00 0.000000000000000000e+00 0.000000000000000000e+00
3.880000000000000000e+05 9.699740893599462233e-02 3.072371415566681717e-03 9.969276285844332897e-01 0.000000000000000000e+00 0.000000000000000000e+00 0.000000000000000000e+00
3.920000000000000000e+05 9.799738222399456689e-02 2.389622212107419402e-03 9.973827947200728516e-01 0.000000000000000000e+00 2.275830678197542133e-04 0.000000000000000000e+00
3.960000000000000000e+05 9.899735551199451145e-02 1.820664542558033706e-03 9.980655439235320836e-01 0.000000000000000000e+00 1.137915339098771066e-04 0.000000000000000000e+00
4.000000000000000000e+05 9.999732879999445601e-02 3.186162949476558769e-03 9.967000455166135087e-01 0.000000000000000000e+00 1.137915339098771066e-04 0.000000000000000000e+00
4.040000000000000000e+05 1.009973020879944006e-01 5.234410559854347014e-03 9.944242148384160318e-01 0.000000000000000000e+00 3.413746017296313199e-04 0.000000000000000000e+00
4.080000000000000000e+05 1.019972753759943451e-01 4.210286754665453109e-03 9.954483386436049352e-01 0.000000000000000000e+00 3.413746017296313199e-04 0.000000000000000000e+00
4.120000000000000000e+05 1.029972486639942897e-01 4.437869822485207214e-03 9.954483386436049352e-01 0.000000000000000000e+00 1.137915339098771066e-04 0.000000000000000000e+00
4.160000000000000000e+05 1.039972219519942342e-01 6.144742831133363434e-03 9.931725079654073474e-01 0.000000000000000000e+00 6.827492034592626399e-04 0.000000000000000000e+00
4.200000000000000000e+05 1.049971952399941788e-01 6.372325898953117539e-03 9.934000910332271284e-01 0.000000000000000000e+00 2.275830678197542133e-04 0.000000000000000000e+00
4.240000000000000000e+05 1.059971685279941234e-01 1.081019572143832562e-02 9.868001820664542567e-01 0.000000000000000000e+00 2.389622212107419402e-03 0.000000000000000000e+00
4.280000000000000000e+05 1.069971418159940679e-01 9.786071916249430847e-02 7.203004096495220221e-01 1.792216659080564378e-01 2.617205279927173507e-03 0.000000000000000000e+00
4.320000000000000000e+05 1.079971151039940125e-01 4.301319981793354230e-02 8.072371415566681474e-01 1.495220755575785154e-01 2.275830678197542133e-04 0.000000000000000000e+00
4.360000000000000000e+05 1.089970883919939570e-01 4.073736913973600299e-02 8.089440145653163938e-01 1.495220755575785154e-01 7.965407373691396923e-04 0.000000000000000000e+00
4.400000000000000000e+05 1.099970616799939016e-01 4.085116067364587961e-02 8.091715976331360638e-01 1.496358670914884059e-01 3.413746017296313199e-04 0.000000000000000000e+00
4.440000000000000000e+05 1.109970349679938462e-01 4.107874374146563284e-02 8.093991807009558448e-01 1.494082840236686527e-01 1.137915339098771066e-04 0.000000000000000000e+00
4.480000000000000000e+05 1.119970082559937907e-01 4.107874374146563284e-02 8.090578060992261733e-01 1.496358670914884059e-01 2.275830678197542133e-04 0.000000000000000000e+00
4.520000000000000000e+05 1.129969815439937353e-01 4.119253527537550946e-02 8.087164314974966128e-01 1.495220755575785154e-01 5.689576695493854790e-04 0.000000000000000000e+00
4.560000000000000000e+05 1.139969548319936798e-01 4.198907601274465273e-02 8.081474738279471604e-01 1.498634501593081592e-01 0.000000000000000000e+00 0.000000000000000000e+00
4.600000000000000000e+05 1.149969281199936244e-01 4.198907601274465273e-02 8.080336822940372699e-01 1.496358670914884059e-01 3.413746017296313199e-04 0.000000000000000000e+00
4.640000000000000000e+05 1.159969014079935690e-01 4.119253527537550946e-02 8.089440145653163938e-01 1.495220755575785154e-01 3.413746017296313199e-04 0.000000000000000000e+00
4.680000000000000000e+05 1.169968746959935135e-01 4.221665908056440597e-02 8.079198907601274904e-01 1.494082840236686527e-01 4.551661356395084266e-04 0.000000000000000000e+00
4.720000000000000000e+05 1.179968479839934581e-01 4.312699135184342586e-02 8.072371415566681474e-01 1.494082840236686527e-01 2.275830678197542133e-04 0.000000000000000000e+00
4.760000000000000000e+05 1.189968212719934026e-01 4.221665908056440597e-02 8.073509330905780379e-01 1.498634501593081592e-01 5.689576695493854790e-04 0.000000000000000000e+00
4.800000000000000000e+05 1.199967945599933472e-01 4.107874374146563284e-02 8.084888484296768318e-01 1.500910332271279124e-01 3.413746017296313199e-04 0.000000000000000000e+00
4.840000000000000000e+05 1.209967678479932918e-01 4.198907601274465273e-02 8.078060992262175999e-01 1.496358670914884059e-01 5.689576695493854790e-04 0.000000000000000000e+00
4.880000000000000000e+05 1.219967411359932363e-01 4.289940828402366568e-02 8.064406008192990249e-01 1.502048247610377751e-01 4.551661356395084266e-04 0.000000000000000000e+00
4.920000000000000000e+05 1.229967144239931809e-01 4.187528447883477611e-02 8.075785161583978189e-01 1.502048247610377751e-01 3.413746017296313199e-04 0.000000000000000000e+00
4.960000000000000000e+05 1.239966877119931254e-01 4.119253527537550946e-02 8.087164314974966128e-01 1.498634501593081592e-01 2.275830678197542133e-04 0.000000000000000000e+00
5.000000000000000000e+05 1.249966609999930700e-01 4.142011834319526964e-02 8.079198907601274904e-01 1.498634501593081592e-01 7.965407373691396923e-04 0.000000000000000000e+00
5.040000000000000000e+05 1.259966342879930146e-01 4.244424214838415921e-02 8.067819754210286964e-01 1.500910332271279124e-01 6.827492034592626399e-04 0.000000000000000000e+00
5.080000000000000000e+05 1.269966075759929591e-01 4.278561675011378906e-02 8.070095584888484774e-01 1.497496586253982687e-01 4.551661356395084266e-04 0.000000000000000000e+00
5.120000000000000000e+05 1.279965808639929037e-01 4.210286754665452935e-02 8.070095584888484774e-01 1.502048247610377751e-01 6.827492034592626399e-04 0.000000000000000000e+00
5.160000000000000000e+05 1.289965541519928482e-01 4.267182521620391245e-02 8.066681838871188059e-01 1.498634501593081592e-01 7.965407373691396923e-04 0.000000000000000000e+00
5.200000000000000000e+05 1.299965274399927928e-01 4.153390987710514626e-02 8.079198907601274904e-01 1.495220755575785154e-01 1.024123805188893906e-03 0.000000000000000000e+00
5.240000000000000000e+05 1.309965007279927374e-01 4.176149294492489950e-02 8.075785161583978189e-01 1.495220755575785154e-01 1.137915339098770958e-03 0.000000000000000000e+00
5.280000000000000000e+05 1.319964740159926819e-01 4.335457441966317910e-02 8.063268092853891345e-01 1.495220755575785154e-01 7.965407373691396923e-04 0.000000000000000000e+00
5.320000000000000000e+05 1.329964473039926265e-01 4.198907601274465273e-02 8.072371415566681474e-01 1.505461993627674189e-01 2.275830678197542133e-04 0.000000000000000000e+00
5.360000000000000000e+05 1.339964205919925710e-01 4.335457441966317910e-02 8.073509330905780379e-01 1.484979517523896120e-01 7.965407373691396923e-04 0.000000000000000000e+00
5.400000000000000000e+05 1.349963938799925156e-01 4.187528447883477611e-02 8.075785161583978189e-01 1.499772416932180219e-01 5.689576695493854790e-04 0.000000000000000000e+00
5.440000000000000000e+05 1.359963671679924602e-01 4.415111515703231543e-02 8.053026854802002310e-01 1.489531178880291185e-01 1.593081474738279385e-03 0.000000000000000000e+00
5.480000000000000000e+05 1.369963404559924047e-01 4.312699135184342586e-02 8.064406008192990249e-01 1.499772416932180219e-01 4.551661356395084266e-04 0.000000000000000000e+00
5.520000000000000000e+05 1.379963137439923493e-01 4.289940828402366568e-02 8.059854346836595740e-01 1.504324078288575284e-01 6.827492034592626399e-04 0.000000000000000000e+00
5.560000000000000000e+05 1.389962870319922938e-01 4.187528447883477611e-02 8.068957669549385869e-01 1.500910332271279124e-01 1.137915339098770958e-03 0.000000000000000000e+00
5.600000000000000000e+05 1.399962603199922384e-01 4.380974055530268557e-02 8.049613108784706705e-01 1.504324078288575284e-01 7.965407373691396923e-04 0.000000000000000000e+00
5.640000000000000000e+05 1.409962336079921830e-01 4.301319981793354230e-02 8.064406008192990249e-01 1.499772416932180219e-01 5.689576695493854790e-04 0.000000000000000000e+00
5.680000000000000000e+05 1.419962068959921275e-01 4.494765589440145870e-02 8.045061447428311086e-01 1.497496586253982687e-01 7.965407373691396923e-04 0.000000000000000000e+00
5.720000000000000000e+05 1.429961801839920721e-01 4.301319981793354230e-02 8.063268092853891345e-01 1.491807009558488717e-01 1.479289940828402332e-03 0.000000000000000000e+00
5.760000000000000000e+05 1.439961534719920166e-01 4.233045061447428259e-02 8.056440600819299025e-01 1.502048247610377751e-01 1.820664542558033706e-03 0.000000000000000000e+00
5.800000000000000000e+05 1.449961267599919612e-01 4.460628129267182190e-02 8.053026854802002310e-01 1.496358670914884059e-01 4.551661356395084266e-04 0.000000000000000000e+00
5.840000000000000000e+05 1.459961000479919058e-01 4.301319981793354230e-02 8.058716431497496835e-01 1.498634501593081592e-01 1.251706873008648227e-03 0.000000000000000000e+00
5.880000000000000000e+05 1.469960733359918503e-01 4.437869822485206867e-02 8.074647246244879284e-01 1.475876194811105990e-01 5.689576695493854790e-04 0.000000000000000000e+00
5.920000000000000000e+05 1.479960466239917949e-01 4.426490669094219205e-02 8.075785161583978189e-01 1.477014110150204895e-01 4.551661356395084266e-04 0.000000000000000000e+00
5.960000000000000000e+05 1.489960199119917394e-01 4.483386436049158208e-02 8.062130177514792440e-01 1.479289940828402428e-01 1.024123805188893906e-03 0.000000000000000000e+00
6.000000000000000000e+05 1.499959931999916840e-01 4.631315430131998506e-02 8.054164770141101215e-01 1.479289940828402428e-01 3.413746017296313199e-04 0.000000000000000000e+00
6.040000000000000000e+05 1.509959664879916286e-01 4.551661356395084179e-02 8.058716431497496835e-01 1.480427856167501055e-01 5.689576695493854790e-04 0.000000000000000000e+00
6.080000000000000000e+05 1.519959397759915731e-01 4.665452890304961492e-02 8.035958124715520956e-01 1.487255348202093652e-01 1.024123805188893906e-03 0.000000000000000000e+00
6.120000000000000000e+05 1.529959130639915177e-01 4.426490669094219205e-02 8.054164770141101215e-01 1.482703686845698587e-01 2.048247610377787811e-03 0.000000000000000000e+00
6.160000000000000000e+05 1.539958863519914622e-01 4.676832043695949154e-02 8.030268548020027541e-01 1.488393263541192557e-01 1.365498406918525280e-03 0.000000000000000000e+00
6.200000000000000000e+05 1.549958596399914068e-01 4.642694583522986168e-02 8.042785616750113276e-01 1.481565771506599960e-01 1.137915339098770958e-03 0.000000000000000000e+00
6.240000000000000000e+05 1.559958329279913514e-01 4.631315430131998506e-02 8.034820209376422051e-01 1.482703686845698587e-01 1.934456076467910759e-03 0.000000000000000000e+00
6.280000000000000000e+05 1.569958062159912959e-01 4.779244424214838111e-02 8.029130632680928636e-01 1.484979517523896120e-01 7.965407373691396923e-04 0.000000000000000000e+00
6.320000000000000000e+05 1.579957795039912405e-01 4.619936276741010150e-02 8.026854802002730827e-01 1.497496586253982687e-01 1.365498406918525280e-03 0.000000000000000000e+00
6.360000000000000000e+05 1.589957527919911850e-01 4.915794264906690747e-02 7.999544833864360438e-01 1.494082840236686527e-01 1.479289940828402332e-03 0.000000000000000000e+00
6.400000000000000000e+05 1.599957260799911296e-01 5.257168866636321991e-02 7.895994538006372299e-01 1.553254437869822369e-01 2.503413746017296455e-03 0.000000000000000000e+00
6.440000000000000000e+05 1.609956993679910742e-01 4.824761037778789452e-02 7.981338188438780179e-01 1.515703231679562946e-01 2.048247610377787811e-03 0.000000000000000000e+00
6.480000000000000000e+05 1.619956726559910187e-01 4.779244424214838111e-02 7.983614019116977989e-01 1.511151570323167881e-01 2.730996813837050560e-03 0.000000000000000000e+00
6.520000000000000000e+05 1.629956459439909633e-01 8.090578060992262288e-02 7.305416477014110566e-01 1.860491579426490627e-01 2.503413746017296455e-03 0.000000000000000000e+00
6.560000000000000000e+05 1.639956192319909078e-01 6.907146108329539902e-02 7.472690031861629611e-01 1.827492034592626269e-01 9.103322712790168532e-04 0.000000000000000000e+00
6.600000000000000000e+05 1.649955925199908524e-01 6.873008648156576916e-02 7.461310878470641672e-01 1.843422849340008995e-01 7.965407373691396923e-04 0.000000000000000000e+00
6.640000000000000000e+05 1.659955658079907970e-01 7.043695949021393232e-02 7.463586709148839482e-01 1.826354119253527641e-01 5.689576695493854790e-04 0.000000000000000000e+00
6.680000000000000000e+05 1.669955390959907415e-01 6.998179335457442585e-02 7.459035047792443862e-01 1.836595357305416398e-01 4.551661356395084266e-04 0.000000000000000000e+00
6.720000000000000000e+05 1.679955123839906861e-01 7.020937642239417908e-02 7.445380063723259223e-01 1.845698680018206528e-01 6.827492034592626399e-04 0.000000000000000000e+00
6.760000000000000000e+05 1.689954856719906306e-01 6.964041875284478211e-02 7.432862994993172379e-01 1.867319071461083224e-01 3.413746017296313199e-04 0.000000000000000000e+00
6.800000000000000000e+05 1.699954589599905752e-01 6.918525261720527564e-02 7.438552571688666903e-01 1.863905325443787064e-01 5.689576695493854790e-04 0.000000000000000000e+00
6.840000000000000000e+05 1.709954322479905198e-01 7.146108329540282189e-02 7.439690487027764698e-01 1.840009103322712836e-01 5.689576695493854790e-04 0.000000000000000000e+00
6.880000000000000000e+05 1.719954055359904643e-01 7.134729176149294527e-02 7.413518434228493215e-01 1.867319071461083224e-01 5.689576695493854790e-04 0.000000000000000000e+00
6.920000000000000000e+05 1.729953788239904089e-01 7.453345471096950448e-02 7.424897587619481154e-01 1.821802457897132577e-01 7.965407373691396923e-04 0.000000000000000000e+00
6.960000000000000000e+05 1.739953521119903534e-01 7.248520710059171146e-02 7.424897587619481154e-01 1.840009103322712836e-01 1.024123805188893906e-03 0.000000000000000000e+00
7.000000000000000000e+05 1.749953253999902980e-01 7.271279016841146470e-02 7.413518434228493215e-01 1.843422849340008995e-01 1.593081474738279385e-03 0.000000000000000000e+00
7.040000000000000000e+05 1.759952986879902426e-01 6.008192990441511144e-02 7.882339553937186549e-01 1.494082840236686527e-01 2.275830678197541916e-03 0.000000000000000000e+00
7.080000000000000000e+05 1.769952719759901871e-01 6.019572143832498806e-02 7.891442876649977789e-01 1.473600364132908458e-01 3.299954483386436255e-03 0.000000000000000000e+00
7.120000000000000000e+05 1.779952452639901317e-01 5.883022303140646170e-02 7.880063723258989850e-01 1.503186162949476656e-01 2.844788347746927612e-03 0.000000000000000000e+00
7.160000000000000000e+05 1.789952185519900763e-01 6.167501137915339104e-02 7.864132908511606290e-01 1.483841602184797492e-01 3.527537551206190360e-03 0.000000000000000000e+00
7.200000000000000000e+05 1.799951918399900208e-01 6.087847064178425471e-02 7.883477469276285454e-01 1.474738279472007363e-01 3.299954483386436255e-03 0.000000000000000000e+00
7.240000000000000000e+05 1.809951651279899654e-01 5.666818388711879900e-02 7.905097860719162428e-01 1.487255348202093652e-01 4.096495220755575623e-03 0.000000000000000000e+00
7.280000000000000000e+05 1.819951384159899099e-01 5.871643149749658508e-02 7.905097860719162428e-01 1.487255348202093652e-01 2.048247610377787811e-03 0.000000000000000000e+00
7.320000000000000000e+05 1.829951117039898545e-01 4.858898497951752438e-02 8.004096495220756058e-01 1.475876194811105990e-01 3.413746017296313308e-03 0.000000000000000000e+00
7.360000000000000000e+05 1.839950849919897991e-01 4.904415111515703085e-02 7.998406918525261533e-01 1.481565771506599960e-01 2.958579881656804664e-03 0.000000000000000000e+00
7.400000000000000000e+05 1.849950582799897436e-01 5.257168866636321991e-02 7.969959035047792240e-01 1.474738279472007363e-01 2.958579881656804664e-03 0.000000000000000000e+00
7.440000000000000000e+05 1.859950315679896882e-01 4.927173418297678409e-02 7.975648611743286764e-01 1.495220755575785154e-01 3.641329085116067413e-03 0.000000000000000000e+00
7.480000000000000000e+05 1.869950048559896327e-01 4.938552571688666071e-02 7.972234865725990050e-01 1.488393263541192557e-01 4.551661356395083832e-03 0.000000000000000000e+00
7.520000000000000000e+05 1.879949781439895773e-01 5.177514792899408358e-02 7.961993627674101015e-01 1.491807009558488717e-01 2.844788347746927612e-03 0.000000000000000000e+00
7.560000000000000000e+05 1.889949514319895219e-01 5.063723258989531045e-02 7.981338188438780179e-01 1.480427856167501055e-01 3.186162949476558769e-03 0.000000000000000000e+00
7.600000000000000000e+05 1.899949247199894664e-01 5.223031406463359005e-02 7.975648611743286764e-01 1.475876194811105990e-01 2.617205279927173507e-03 0.000000000000000000e+00
7.640000000000000000e+05 1.909948980079894110e-01 5.166135639508420696e-02 7.964269458352298825e-01 1.486117432862995025e-01 3.299954483386436255e-03 0.000000000000000000e+00
7.680000000000000000e+05 1.919948712959893555e-01 5.097860719162494031e-02 7.971096950386891145e-01 1.487255348202093652e-01 3.186162949476558769e-03 0.000000000000000000e+00
7.720000000000000000e+05 1.929948445839893001e-01 5.143377332726445372e-02 7.971096950386891145e-01 1.472462448793809831e-01 4.210286754665453109e-03 0.000000000000000000e+00
7.760000000000000000e+05 1.939948178719892447e-01 5.188893946290396020e-02 7.965407373691397730e-01 1.494082840236686527e-01 2.162039144287664864e-03 0.000000000000000000e+00
7.800000000000000000e+05 1.949947911599891892e-01 5.393718707328174627e-02 7.944924897587619661e-01 1.479289940828402428e-01 3.641329085116067413e-03 0.000000000000000000e+00
7.840000000000000000e+05 1.959947644479891338e-01 5.473372781065088954e-02 7.941511151570322946e-01 1.482703686845698587e-01 2.844788347746927612e-03 0.000000000000000000e+00
7.880000000000000000e+05 1.969947377359890783e-01 5.200273099681383682e-02 7.947200728265817471e-01 1.495220755575785154e-01 3.755120619025944465e-03 0.000000000000000000e+00
7.920000000000000000e+05 1.979947110239890229e-01 5.234410559854346667e-02 7.943786982248520756e-01 1.500910332271279124e-01 3.186162949476558769e-03 0.000000000000000000e+00
7.960000000000000000e+05 1.989946843119889675e-01 5.348202093764223980e-02 7.947200728265817471e-01 1.496358670914884059e-01 2.162039144287664864e-03 0.000000000000000000e+00
8.000000000000000000e+05 1.999946575999889120e-01 5.234410559854346667e-02 7.935821574874829532e-01 1.503186162949476656e-01 3.755120619025944465e-03 0.000000000000000000e+00
8.040000000000000000e+05 2.009946308879888566e-01 5.461993627674101293e-02 7.917614929449249273e-01 1.498634501593081592e-01 3.755120619025944465e-03 0.000000000000000000e+00
8.080000000000000000e+05 2.019946041759888011e-01 5.564406008192990249e-02 7.965407373691397730e-01 1.461083295402822169e-01 1.706873008648156654e-03 0.000000000000000000e+00
8.120000000000000000e+05 2.029945774639887457e-01 5.621301775147929253e-02 7.988165680473372499e-01 1.433773327264451503e-01 1.593081474738279385e-03 0.000000000000000000e+00
8.160000000000000000e+05 2.039945507519886903e-01 5.644060081929904577e-02 7.964269458352298825e-01 1.454255803368229294e-01 1.706873008648156654e-03 0.000000000000000000e+00
8.200000000000000000e+05 2.049945240399886348e-01 5.564406008192990249e-02 7.984751934456076894e-01 1.441738734638143005e-01 1.706873008648156654e-03 0.000000000000000000e+00
8.240000000000000000e+05 2.059944973279885794e-01 5.461993627674101293e-02 7.983614019116977989e-01 1.449704142011834229e-01 2.048247610377787811e-03 0.000000000000000000e+00
8.280000000000000000e+05 2.069944706159885239e-01 5.416477014110149951e-02 7.989303595812471404e-01 1.448566226672735602e-01 2.048247610377787811e-03 0.000000000000000000e+00
8.320000000000000000e+05 2.079944439039884685e-01 5.507510241238051940e-02 7.969959035047792240e-01 1.464497041420118328e-01 1.479289940828402332e-03 0.000000000000000000e+00
8.360000000000000000e+05 2.089944171919884131e-01 5.746472462448793533e-02 7.965407373691397730e-01 1.442876649977241632e-01 1.706873008648156654e-03 0.000000000000000000e+00
8.400000000000000000e+05 2.099943904799883576e-01 5.473372781065088954e-02 7.993855257168867023e-01 1.444014565316340537e-01 1.479289940828402332e-03 0.000000000000000000e+00
8.440000000000000000e+05 2.109943637679883022e-01 5.507510241238051940e-02 7.977924442421483464e-01 1.453117888029130667e-01 1.820664542558033706e-03 0.000000000000000000e+00
8.480000000000000000e+05 2.119943370559882467e-01 5.496131087847064278e-02 7.990441511151570309e-01 1.442876649977241632e-01 1.706873008648156654e-03 0.000000000000000000e+00
8.520000000000000000e+05 2.129943103439881913e-01 5.678197542102867562e-02 7.954028220300409791e-01 1.458807464724624359e-01 1.934456076467910759e-03 0.000000000000000000e+00
8.560000000000000000e+05 2.139942836319881359e-01 5.575785161583977911e-02 7.964269458352298825e-01 1.455393718707328199e-01 2.275830678197541916e-03 0.000000000000000000e+00
8.600000000000000000e+05 2.149942569199880804e-01 5.632680928538916915e-02 7.954028220300409791e-01 1.458807464724624359e-01 2.389622212107419402e-03 0.000000000000000000e+00
8.640000000000000000e+05 2.159942302079880250e-01 5.644060081929904577e-02 7.956304050978607600e-01 1.446290395994538069e-01 3.299954483386436255e-03 0.000000000000000000e+00
8.680000000000000000e+05 2.169942034959879695e-01 5.473372781065088954e-02 7.968821119708693335e-01 1.463359126081019701e-01 2.048247610377787811e-03 0.000000000000000000e+00
8.720000000000000000e+05 2.179941767839879141e-01 5.496131087847064278e-02 7.975648611743286764e-01 1.449704142011834229e-01 2.503413746017296455e-03 0.000000000000000000e+00
8.760000000000000000e+05 2.189941500719878587e-01 5.587164314974965573e-02 7.948338643604915266e-01 1.469048702776513393e-01 2.389622212107419402e-03 0.000000000000000000e+00
8.800000000000000000e+05 2.199941233599878032e-01 5.700955848884842886e-02 7.944924897587619661e-01 1.471324533454710926e-01 1.365498406918525280e-03 0.000000000000000000e+00
8.840000000000000000e+05 2.209940966479877478e-01 5.575785161583977911e-02 7.955166135639508695e-01 1.461083295402822169e-01 2.617205279927173507e-03 0.000000000000000000e+00
8.880000000000000000e+05 2.219940699359876923e-01 5.621301775147929253e-02 7.952890304961310886e-01 1.466772872098315861e-01 1.820664542558033706e-03 0.000000000000000000e+00
8.920000000000000000e+05 2.229940432239876369e-01 5.723714155666818210e-02 7.930131998179335007e-01 1.479289940828402428e-01 1.820664542558033706e-03 0.000000000000000000e+00
8.960000000000000000e+05 2.239940165119875815e-01 5.723714155666818210e-02 7.949476558944014171e-01 1.454255803368229294e-01 2.389622212107419402e-03 0.000000000000000000e+00
9.000000000000000000e+05 2.249939897999875260e-01 5.564406008192990249e-02 7.948338643604915266e-01 1.466772872098315861e-01 2.844788347746927612e-03 0.000000000000000000e+00
9.040000000000000000e+05 2.259939630879874706e-01 5.666818388711879900e-02 7.936959490213928436e-01 1.470186618115612298e-01 2.617205279927173507e-03 0.000000000000000000e+00
9.080000000000000000e+05 2.269939363759874151e-01 5.575785161583977911e-02 7.946062812926718566e-01 1.471324533454710926e-01 2.503413746017296455e-03 0.000000000000000000e+00
