# itime ezz other fcc hcp bcc ico
0.000000000000000000e+00 0.000000000000000000e+00 0.000000000000000000e+00 1.000000000000000000e+00 0.000000000000000000e+00 0.000000000000000000e+00 0.000000000000000000e+00
4.000000000000000000e+04 1.000002004386324472e-02 0.000000000000000000e+00 1.000000000000000000e+00 0.000000000000000000e+00 0.000000000000000000e+00 0.000000000000000000e+00
8.000000000000000000e+04 2.000004008772648945e-02 0.000000000000000000e+00 1.000000000000000000e+00 0.000000000000000000e+00 0.000000000000000000e+00 0.000000000000000000e+00
1.200000000000000000e+05 3.000006013158995621e-02 0.000000000000000000e+00 1.000000000000000000e+00 0.000000000000000000e+00 0.000000000000000000e+00 0.000000000000000000e+00
1.600000000000000000e+05 4.000008017545320094e-02 0.000000000000000000e+00 1.000000000000000000e+00 0.000000000000000000e+00 0.000000000000000000e+00 0.000000000000000000e+00
2.000000000000000000e+05 5.000010021931644566e-02 0.000000000000000000e+00 1.000000000000000000e+00 0.000000000000000000e+00 0.000000000000000000e+00 0.000000000000000000e+00
2.400000000000000000e+05 6.000012026317969038e-02 0.000000000000000000e+00 1.000000000000000000e+00 0.000000000000000000e+00 0.000000000000000000e+00 0.000000000000000000e+00
2.800000000000000000e+05 7.000014030704293511e-02 0.000000000000000000e+00 1.000000000000000000e+00 0.000000000000000000e+00 0.000000000000000000e+00 0.000000000000000000e+00
3.200000000000000000e+05 8.000016035090640187e-02 5.689576695493854790e-04 9.994310423304506585e-01 0.000000000000000000e+00 0.000000000000000000e+00 0.000000000000000000e+00
3.600000000000000000e+05 9.000018039476964660e-02 1.479289940828402332e-03 9.985207100591716456e-01 0.000000000000000000e+00 0.000000000000000000e+00 0.000000000000000000e+00
4.000000000000000000e+05 1.000002004386328913e-01 4.779244424214838804e-03 9.949931725079653733e-01 0.000000000000000000e+00 2.275830678197542133e-04 0.000000000000000000e+00
4.400000000000000000e+05 1.100002204824961360e-01 6.258534365043240920e-03 8.409194355939918486e-01 1.527082385070550885e-01 1.137915339098771066e-04 0.000000000000000000e+00
4.800000000000000000e+05 1.200002405263593808e-01 6.486117432862995025e-03 8.408056440600819581e-01 1.527082385070550885e-01 0.000000000000000000e+00 0.000000000000000000e+00
5.200000000000000000e+05 1.300002605702228475e-01 6.827492034592626616e-03 8.404642694583522866e-01 1.527082385070550885e-01 0.000000000000000000e+00 0.000000000000000000e+00
5.600000000000000000e+05 1.400002806140860923e-01 7.510241238051888930e-03 8.401228948566226151e-01 1.523668639053254448e-01 0.000000000000000000e+00 0.000000000000000000e+00
6.000000000000000000e+05 1.500003006579493370e-01 7.396449704142011444e-03 8.402366863905325056e-01 1.523668639053254448e-01 0.000000000000000000e+00 0.000000000000000000e+00
6.400000000000000000e+05 1.600003207018125817e-01 7.282658170232134826e-03 8.401228948566226151e-01 1.525944469731451980e-01 0.000000000000000000e+00 0.000000000000000000e+00
6.800000000000000000e+05 1.700003407456758264e-01 8.192990441511151245e-03 8.393263541192534927e-01 1.523668639053254448e-01 1.137915339098771066e-04 0.000000000000000000e+00
7.200000000000000000e+05 1.800003607895392932e-01 8.648156577150659455e-03 8.392125625853436022e-01 1.521392808375056915e-01 0.000000000000000000e+00 0.000000000000000000e+00
7.600000000000000000e+05 1.900003808334025379e-01 9.217114246700046018e-03 8.383022303140645892e-01 1.524806554392353075e-01 0.000000000000000000e+00 0.000000000000000000e+00
8.000000000000000000e+05 2.000004008772657826e-01 3.470641784251251444e-02 8.078060992262175999e-01 1.558944014565316338e-01 1.593081474738279385e-03 0.000000000000000000e+00
8.400000000000000000e+05 2.100004209211290274e-01 3.254437869822485174e-02 8.119025944469731026e-01 1.530496131087847045e-01 2.503413746017296455e-03 0.000000000000000000e+00
8.800000000000000000e+05 2.200004409649922721e-01 3.641329085116067066e-02 8.080336822940372699e-01 1.531634046426945950e-01 2.389622212107419402e-03 0.000000000000000000e+00
