# itime ezz other fcc hcp bcc ico
0.000000000000000000e+00 0.000000000000000000e+00 6.827492034592626399e-04 9.992034592626308775e-01 0.000000000000000000e+00 1.137915339098771066e-04 0.000000000000000000e+00
2.500000000000000000e+01 1.000022917951204349e-03 4.551661356395084266e-04 9.995448338643604380e-01 0.000000000000000000e+00 0.000000000000000000e+00 0.000000000000000000e+00
5.000000000000000000e+01 2.000045835902408697e-03 4.551661356395084266e-04 9.994310423304506585e-01 0.000000000000000000e+00 1.137915339098771066e-04 0.000000000000000000e+00
7.500000000000000000e+01 3.000068753853835091e-03 1.365498406918525280e-03 9.986345015930814251e-01 0.000000000000000000e+00 0.000000000000000000e+00 0.000000000000000000e+00
1.000000000000000000e+02 4.000091671805039439e-03 1.365498406918525280e-03 9.986345015930814251e-01 0.000000000000000000e+00 0.000000000000000000e+00 0.000000000000000000e+00
1.250000000000000000e+02 5.000114589756243788e-03 4.551661356395084266e-04 9.995448338643604380e-01 0.000000000000000000e+00 0.000000000000000000e+00 0.000000000000000000e+00
1.500000000000000000e+02 6.000137507707448137e-03 1.820664542558033706e-03 9.981793354574419741e-01 0.000000000000000000e+00 0.000000000000000000e+00 0.000000000000000000e+00
1.750000000000000000e+02 7.000160425658652485e-03 3.413746017296313199e-04 9.996586253982703285e-01 0.000000000000000000e+00 0.000000000000000000e+00 0.000000000000000000e+00
2.000000000000000000e+02 8.000183343609856834e-03 2.389622212107419402e-03 9.976103777878926326e-01 0.000000000000000000e+00 0.000000000000000000e+00 0.000000000000000000e+00
2.250000000000000000e+02 9.000206261561283227e-03 1.820664542558033706e-03 9.980655439235320836e-01 0.000000000000000000e+00 1.137915339098771066e-04 0.000000000000000000e+00
2.500000000000000000e+02 1.000022917951248758e-02 2.162039144287664864e-03 9.978379608557123026e-01 0.000000000000000000e+00 0.000000000000000000e+00 0.000000000000000000e+00
2.750000000000000000e+02 1.100025209746369192e-02 1.251706873008648227e-03 9.987482931269913156e-01 0.000000000000000000e+00 0.000000000000000000e+00 0.000000000000000000e+00
3.000000000000000000e+02 1.200027501541489627e-02 5.689576695493854790e-04 9.994310423304506585e-01 0.000000000000000000e+00 0.000000000000000000e+00 0.000000000000000000e+00
3.250000000000000000e+02 1.300029793336610062e-02 9.103322712790168532e-04 9.990896677287209870e-01 0.000000000000000000e+00 0.000000000000000000e+00 0.000000000000000000e+00
3.500000000000000000e+02 1.400032085131730497e-02 1.024123805188893906e-03 9.988620846609012061e-01 0.000000000000000000e+00 1.137915339098771066e-04 0.000000000000000000e+00
3.750000000000000000e+02 1.500034376926873136e-02 1.137915339098770958e-03 9.988620846609012061e-01 0.000000000000000000e+00 0.000000000000000000e+00 0.000000000000000000e+00
4.000000000000000000e+02 1.600036668721993571e-02 1.820664542558033706e-03 9.981793354574419741e-01 0.000000000000000000e+00 0.000000000000000000e+00 0.000000000000000000e+00
4.250000000000000000e+02 1.700038960517114006e-02 2.048247610377787811e-03 9.979517523896221931e-01 0.000000000000000000e+00 0.000000000000000000e+00 0.000000000000000000e+00
4.500000000000000000e+02 1.800041252312234441e-02 2.162039144287664864e-03 9.978379608557123026e-01 0.000000000000000000e+00 0.000000000000000000e+00 0.000000000000000000e+00
4.750000000000000000e+02 1.900043544107354876e-02 3.527537551206190360e-03 9.962448793809740577e-01 0.000000000000000000e+00 2.275830678197542133e-04 0.000000000000000000e+00
5.000000000000000000e+02 2.000045835902475311e-02 2.048247610377787811e-03 9.979517523896221931e-01 0.000000000000000000e+00 0.000000000000000000e+00 0.000000000000000000e+00
5.250000000000000000e+02 2.100048127697617950e-02 3.072371415566681717e-03 9.969276285844332897e-01 0.000000000000000000e+00 0.000000000000000000e+00 0.000000000000000000e+00
5.500000000000000000e+02 2.200050419492738385e-02 3.527537551206190360e-03 9.964724624487938387e-01 0.000000000000000000e+00 0.000000000000000000e+00 0.000000000000000000e+00
5.750000000000000000e+02 2.300052711287858820e-02 3.527537551206190360e-03 9.963586709148839482e-01 0.000000000000000000e+00 1.137915339098771066e-04 0.000000000000000000e+00
6.000000000000000000e+02 2.400055003082979255e-02 3.755120619025944465e-03 9.960172963131542767e-01 0.000000000000000000e+00 2.275830678197542133e-04 0.000000000000000000e+00
6.250000000000000000e+02 2.500057294878099690e-02 1.479289940828402332e-03 9.985207100591716456e-01 0.000000000000000000e+00 0.000000000000000000e+00 0.000000000000000000e+00
6.500000000000000000e+02 2.600059586673220124e-02 2.730996813837050560e-03 9.972690031861629611e-01 0.000000000000000000e+00 0.000000000000000000e+00 0.000000000000000000e+00
6.750000000000000000e+02 2.700061878468362764e-02 3.186162949476558769e-03 9.967000455166135087e-01 0.000000000000000000e+00 1.137915339098771066e-04 0.000000000000000000e+00
7.000000000000000000e+02 2.800064170263483199e-02 5.006827492034592909e-03 9.948793809740554828e-01 0.000000000000000000e+00 1.137915339098771066e-04 0.000000000000000000e+00
7.250000000000000000e+02 2.900066462058603634e-02 3.982703686845699004e-03 9.960172963131542767e-01 0.000000000000000000e+00 0.000000000000000000e+00 0.000000000000000000e+00
7.500000000000000000e+02 3.000068753853724068e-02 3.527537551206190360e-03 9.964724624487938387e-01 0.000000000000000000e+00 0.000000000000000000e+00 0.000000000000000000e+00
7.750000000000000000e+02 3.100071045648844503e-02 2.503413746017296455e-03 9.973827947200728516e-01 0.000000000000000000e+00 1.137915339098771066e-04 0.000000000000000000e+00
8.000000000000000000e+02 3.200073337443964938e-02 5.575785161583977738e-03 9.944242148384160318e-01 0.000000000000000000e+00 0.000000000000000000e+00 0.000000000000000000e+00
8.250000000000000000e+02 3.300075629239107577e-02 4.665452890304961318e-03 9.947655894401457033e-01 0.000000000000000000e+00 5.689576695493854790e-04 0.000000000000000000e+00
8.500000000000000000e+02 3.400077921034228012e-02 7.396449704142011444e-03 9.924897587619481154e-01 0.000000000000000000e+00 1.137915339098771066e-04 0.000000000000000000e+00
8.750000000000000000e+02 3.500080212829348447e-02 4.096495220755575623e-03 9.957897132453344957e-01 0.000000000000000000e+00 1.137915339098771066e-04 0.000000000000000000e+00
9.000000000000000000e+02 3.600082504624468882e-02 8.534365043240782836e-03 9.905553026854801990e-01 0.000000000000000000e+00 9.103322712790168532e-04 0.000000000000000000e+00
9.250000000000000000e+02 3.700084796419589317e-02 7.055075102412380721e-03 9.927173418297678964e-01 0.000000000000000000e+00 2.275830678197542133e-04 0.000000000000000000e+00
9.500000000000000000e+02 3.800087088214709752e-02 7.396449704142011444e-03 9.926035502958580059e-01 0.000000000000000000e+00 0.000000000000000000e+00 0.000000000000000000e+00
9.750000000000000000e+02 3.900089380009852391e-02 8.192990441511151245e-03 9.916932180245789930e-01 0.000000000000000000e+00 1.137915339098771066e-04 0.000000000000000000e+00
1.000000000000000000e+03 4.000091671804972826e-02 1.092398725534820224e-02 9.885070550751023921e-01 0.000000000000000000e+00 5.689576695493854790e-04 0.000000000000000000e+00
1.025000000000000000e+03 4.100093963600093261e-02 1.058261265361857065e-02 9.893035958124715146e-01 0.000000000000000000e+00 1.137915339098771066e-04 0.000000000000000000e+00
1.050000000000000000e+03 4.200096255395213696e-02 9.330905780609922637e-03 9.906690942193900895e-01 0.000000000000000000e+00 0.000000000000000000e+00 0.000000000000000000e+00
1.075000000000000000e+03 4.300098547190334131e-02 7.965407373691398007e-03 9.918070095584888834e-01 0.000000000000000000e+00 2.275830678197542133e-04 0.000000000000000000e+00
1.100000000000000000e+03 4.400100838985454565e-02 1.058261265361857065e-02 9.894173873463814051e-01 0.000000000000000000e+00 0.000000000000000000e+00 0.000000000000000000e+00
1.125000000000000000e+03 4.500103130780597205e-02 1.160673645880746542e-02 9.878243058716431602e-01 0.000000000000000000e+00 5.689576695493854790e-04 0.000000000000000000e+00
1.150000000000000000e+03 4.600105422575717640e-02 1.285844333181611343e-02 9.868001820664542567e-01 0.000000000000000000e+00 3.413746017296313199e-04 0.000000000000000000e+00
1.175000000000000000e+03 4.700107714370838075e-02 1.024123805188893906e-02 9.895311788802912956e-01 0.000000000000000000e+00 2.275830678197542133e-04 0.000000000000000000e+00
1.200000000000000000e+03 4.800110006165958509e-02 1.354119253527537488e-02 9.862312243969049153e-01 0.000000000000000000e+00 2.275830678197542133e-04 0.000000000000000000e+00
1.225000000000000000e+03 4.900112297961078944e-02 1.354119253527537488e-02 9.860036413290851343e-01 0.000000000000000000e+00 4.551661356395084266e-04 0.000000000000000000e+00
1.250000000000000000e+03 5.000114589756199379e-02 1.365498406918525323e-02 9.860036413290851343e-01 0.000000000000000000e+00 3.413746017296313199e-04 0.000000000000000000e+00
1.275000000000000000e+03 5.100116881551342018e-02 1.342740100136549826e-02 9.861174328629950248e-01 0.000000000000000000e+00 4.551661356395084266e-04 0.000000000000000000e+00
1.300000000000000000e+03 5.200119173346462453e-02 1.695493855257168905e-02 9.823623122439690825e-01 0.000000000000000000e+00 6.827492034592626399e-04 0.000000000000000000e+00
1.325000000000000000e+03 5.300121465141582888e-02 2.241693218024579104e-02 9.767865270823851143e-01 0.000000000000000000e+00 7.965407373691396923e-04 0.000000000000000000e+00
1.350000000000000000e+03 5.400123756936703323e-02 1.854802002730996865e-02 9.807692307692307265e-01 0.000000000000000000e+00 6.827492034592626399e-04 0.000000000000000000e+00
1.375000000000000000e+03 5.500126048731823758e-02 1.763768775603095224e-02 9.820209376422394110e-01 0.000000000000000000e+00 3.413746017296313199e-04 0.000000000000000000e+00
1.400000000000000000e+03 5.600128340526966397e-02 2.036868456986800149e-02 9.789485662266727006e-01 0.000000000000000000e+00 6.827492034592626399e-04 0.000000000000000000e+00
1.425000000000000000e+03 5.700130632322086832e-02 2.048247610377787811e-02 9.781520254893035782e-01 0.000000000000000000e+00 1.365498406918525280e-03 0.000000000000000000e+00
1.450000000000000000e+03 5.800132924117207267e-02 2.344105598543468408e-02 9.755348202093764298e-01 0.000000000000000000e+00 1.024123805188893906e-03 0.000000000000000000e+00
1.475000000000000000e+03 5.900135215912327702e-02 2.446517979062357712e-02 9.747382794720073074e-01 0.000000000000000000e+00 7.965407373691396923e-04 0.000000000000000000e+00
1.500000000000000000e+03 6.000137507707448137e-02 2.401001365498407064e-02 9.743969048702776359e-01 0.000000000000000000e+00 1.593081474738279385e-03 0.000000000000000000e+00
1.525000000000000000e+03 6.100139799502568572e-02 2.913063268092853930e-02 9.695038689121528996e-01 0.000000000000000000e+00 1.365498406918525280e-03 0.000000000000000000e+00
1.550000000000000000e+03 6.200142091297711211e-02 2.787892580791988956e-02 9.710969503868912556e-01 0.000000000000000000e+00 1.024123805188893906e-03 0.000000000000000000e+00
1.575000000000000000e+03 6.300144383092831646e-02 3.220300409649522189e-02 9.663177059626764098e-01 0.000000000000000000e+00 1.479289940828402332e-03 0.000000000000000000e+00
1.600000000000000000e+03 6.400146674887952081e-02 3.095129722348657214e-02 9.666590805644059703e-01 0.000000000000000000e+00 2.389622212107419402e-03 0.000000000000000000e+00
1.625000000000000000e+03 6.500148966683072516e-02 3.982703686845699004e-02 9.576695493855257313e-01 0.000000000000000000e+00 2.503413746017296455e-03 0.000000000000000000e+00
1.650000000000000000e+03 6.600151258478192950e-02 4.221665908056440597e-02 9.558488848429677054e-01 0.000000000000000000e+00 1.934456076467910759e-03 0.000000000000000000e+00
1.675000000000000000e+03 6.700153550273313385e-02 3.732362312243969055e-02 9.607419208010924416e-01 0.000000000000000000e+00 1.934456076467910759e-03 0.000000000000000000e+00
1.700000000000000000e+03 6.800155842068456025e-02 4.028220300409649651e-02 9.573281747837960598e-01 0.000000000000000000e+00 2.389622212107419402e-03 0.000000000000000000e+00
1.725000000000000000e+03 6.900158133863576460e-02 3.470641784251251444e-02 9.632453345471096995e-01 0.000000000000000000e+00 2.048247610377787811e-03 0.000000000000000000e+00
1.750000000000000000e+03 7.000160425658696894e-02 5.063723258989531045e-02 9.465179790623577949e-01 0.000000000000000000e+00 2.844788347746927612e-03 0.000000000000000000e+00
1.775000000000000000e+03 7.100162717453817329e-02 5.735093309057805872e-02 9.383249886208465673e-01 0.000000000000000000e+00 4.324078288575329727e-03 0.000000000000000000e+00
1.800000000000000000e+03 7.200165009248937764e-02 6.201638598088302090e-02 9.332043695949021611e-01 0.000000000000000000e+00 4.779244424214838804e-03 0.000000000000000000e+00
1.825000000000000000e+03 7.300167301044058199e-02 6.861629494765589254e-02 9.270596267637687404e-01 0.000000000000000000e+00 4.324078288575329727e-03 0.000000000000000000e+00
1.850000000000000000e+03 7.400169592839200838e-02 6.599908966772871644e-02 9.294492489758762188e-01 0.000000000000000000e+00 4.551661356395083832e-03 0.000000000000000000e+00
1.875000000000000000e+03 7.500171884634321273e-02 7.043695949021393232e-02 9.264906690942193990e-01 0.000000000000000000e+00 3.072371415566681717e-03 0.000000000000000000e+00
1.900000000000000000e+03 7.600174176429441708e-02 7.237141556668183484e-02 9.233045061447427981e-01 0.000000000000000000e+00 4.324078288575329727e-03 0.000000000000000000e+00
1.925000000000000000e+03 7.700176468224562143e-02 7.009558488848430247e-02 9.254665452890304955e-01 0.000000000000000000e+00 4.437869822485207214e-03 0.000000000000000000e+00
1.950000000000000000e+03 7.800178760019682578e-02 8.420573509330905870e-02 9.088529813381884814e-01 0.000000000000000000e+00 6.941283568502503235e-03 0.000000000000000000e+00
1.975000000000000000e+03 7.900181051814803013e-02 8.238507055075101893e-02 9.103322712790168358e-01 0.000000000000000000e+00 7.282658170232134826e-03 0.000000000000000000e+00
2.000000000000000000e+03 8.000183343609945652e-02 9.239872553482020301e-02 9.006599908966772539e-01 0.000000000000000000e+00 6.941283568502503235e-03 0.000000000000000000e+00
2.025000000000000000e+03 8.100185635405066087e-02 1.066226672735548497e-01 8.868912152935821691e-01 0.000000000000000000e+00 6.486117432862995025e-03 0.000000000000000000e+00
2.050000000000000000e+03 8.200187927200186522e-02 1.197086936731907164e-01 8.686845698680017991e-01 0.000000000000000000e+00 1.160673645880746542e-02 0.000000000000000000e+00
2.075000000000000000e+03 8.300190218995306957e-02 1.326809285389166926e-01 8.563950842057350687e-01 0.000000000000000000e+00 1.092398725534820224e-02 0.000000000000000000e+00
2.100000000000000000e+03 8.400192510790427391e-02 1.307464724624488039e-01 8.562812926718251783e-01 0.000000000000000000e+00 1.297223486572599005e-02 0.000000000000000000e+00
2.125000000000000000e+03 8.500194802585547826e-02 1.309740555302685572e-01 8.560537096040055083e-01 0.000000000000000000e+00 1.297223486572599005e-02 0.000000000000000000e+00
2.150000000000000000e+03 8.600197094380690466e-02 1.536185707783341015e-01 8.276058261265362148e-01 0.000000000000000000e+00 1.877560309512972189e-02 0.000000000000000000e+00
2.175000000000000000e+03 8.700199386175810901e-02 1.735320892125625791e-01 8.025716886663631922e-01 0.000000000000000000e+00 2.389622212107419055e-02 0.000000000000000000e+00
2.200000000000000000e+03 8.800201677970931335e-02 1.774010013654984119e-01 7.910787437414655843e-01 2.275830678197542133e-04 3.129267182521620200e-02 0.000000000000000000e+00
2.225000000000000000e+03 8.900203969766051770e-02 1.961766044606281234e-01 7.727583067819754348e-01 1.137915339098771066e-04 3.095129722348657214e-02 0.000000000000000000e+00
2.250000000000000000e+03 9.000206261561172205e-02 1.909421939007737712e-01 7.711652253072371899e-01 1.137915339098771066e-04 3.777878925807919702e-02 0.000000000000000000e+00
2.275000000000000000e+03 9.100208553356292640e-02 2.015248065543923661e-01 7.562585343650432002e-01 1.137915339098771066e-04 4.210286754665452935e-02 0.000000000000000000e+00
2.300000000000000000e+03 9.200210845151435279e-02 2.267865270823850588e-01 7.276968593536641272e-01 1.137915339098771066e-04 4.540282203004096517e-02 0.000000000000000000e+00
2.325000000000000000e+03 9.300213136946555714e-02 2.395311788802912956e-01 7.063040509786071564e-01 2.275830678197542133e-04 5.393718707328174627e-02 0.000000000000000000e+00
2.350000000000000000e+03 9.400215428741676149e-02 2.452207555757851543e-01 6.868456986800182129e-01 4.551661356395084266e-04 6.747837960855712636e-02 0.000000000000000000e+00
2.375000000000000000e+03 9.500217720536796584e-02 2.651342740100136597e-01 6.623805188893946427e-01 2.275830678197542133e-04 7.225762403277195822e-02 0.000000000000000000e+00
2.400000000000000000e+03 9.600220012331917019e-02 2.892580791989076139e-01 6.222121074192079604e-01 1.593081474738279385e-03 8.693673190714611143e-02 0.000000000000000000e+00
2.425000000000000000e+03 9.700222304127037454e-02 2.984751934456076339e-01 5.939918070095584479e-01 2.048247610377787811e-03 1.054847519344560697e-01 0.000000000000000000e+00
2.450000000000000000e+03 9.800224595922180093e-02 3.057578516158397930e-01 5.685025034137459743e-01 5.006827492034592909e-03 1.207328174783796060e-01 0.000000000000000000e+00
2.475000000000000000e+03 9.900226887717300528e-02 3.224852071005916976e-01 5.259444697314519246e-01 9.558488848429677609e-03 1.420118343195266308e-01 0.000000000000000000e+00
2.500000000000000000e+03 1.000022917951242096e-01 3.409194355939917931e-01 4.874829312699135442e-01 1.297223486572599005e-02 1.586253982703686727e-01 0.000000000000000000e+00
2.525000000000000000e+03 1.010023147130754140e-01 3.385298133818843702e-01 4.734865725989986229e-01 2.412380518889394726e-02 1.638598088302230249e-01 0.000000000000000000e+00
2.550000000000000000e+03 1.020023376310266183e-01 3.530951297223486329e-01 4.329767865270823801e-01 2.719617660446062984e-02 1.867319071461083224e-01 0.000000000000000000e+00
2.575000000000000000e+03 1.030023605489780447e-01 3.558261265361857273e-01 4.205735093309057593e-01 3.334091943559399501e-02 1.902594446973145115e-01 0.000000000000000000e+00
2.600000000000000000e+03 1.040023834669292491e-01 3.549157942649067143e-01 4.047564861174328676e-01 3.425125170687300796e-02 2.060764679107874309e-01 0.000000000000000000e+00
2.625000000000000000e+03 1.050024063848804534e-01 3.573054164770141372e-01 3.951979972690031762e-01 4.016841147018661989e-02 2.073281747837960876e-01 0.000000000000000000e+00
2.650000000000000000e+03 1.060024293028316578e-01 3.573054164770141372e-01 3.889394629039599205e-01 4.904415111515703085e-02 2.047109695038689114e-01 0.000000000000000000e+00
2.675000000000000000e+03 1.070024522207828621e-01 3.675466545289030607e-01 3.654984069185252538e-01 5.177514792899408358e-02 2.151797906235776159e-01 0.000000000000000000e+00
2.700000000000000000e+03 1.080024751387340665e-01 3.585571233500227661e-01 3.524123805188894010e-01 4.949931725079653733e-02 2.395311788802912956e-01 0.000000000000000000e+00
2.725000000000000000e+03 1.090024980566854929e-01 3.764223941738734647e-01 3.434228493400091065e-01 5.154756486117433034e-02 2.286071916249431124e-01 0.000000000000000000e+00
2.750000000000000000e+03 1.100025209746366972e-01 3.858670914883932657e-01 3.254437869822485174e-01 5.712335002275830548e-02 2.315657715065999045e-01 0.000000000000000000e+00
2.775000000000000000e+03 1.110025438925879016e-01 3.915566681838871244e-01 3.144060081929904160e-01 5.894401456531633832e-02 2.350933090578060936e-01 0.000000000000000000e+00
2.800000000000000000e+03 1.120025668105391059e-01 4.017979062357760478e-01 2.981338188438780179e-01 6.577150659990896320e-02 2.342967683204369711e-01 0.000000000000000000e+00
2.825000000000000000e+03 1.130025897284903103e-01 4.101046882111971104e-01 2.969959035047792240e-01 6.224396904870277414e-02 2.306554392353208915e-01 0.000000000000000000e+00
2.850000000000000000e+03 1.140026126464415146e-01 3.994082840236686249e-01 2.959717796995903760e-01 6.304050978607191047e-02 2.415794264906691025e-01 0.000000000000000000e+00
2.875000000000000000e+03 1.150026355643929410e-01 3.969048702776513671e-01 2.839098771051433712e-01 6.952662721893490549e-02 2.496586253982703563e-01 0.000000000000000000e+00
2.900000000000000000e+03 1.160026584823441453e-01 4.136322257624032717e-01 2.723031406463359283e-01 7.874374146563495325e-02 2.353208921256258468e-01 0.000000000000000000e+00
2.925000000000000000e+03 1.170026814002953497e-01 4.142011834319526686e-01 2.647928994082840437e-01 7.430587164314975124e-02 2.467000455166135642e-01 0.000000000000000000e+00
2.950000000000000000e+03 1.180027043182465540e-01 4.173873463814292140e-01 2.532999544833864358e-01 8.306781975421029252e-02 2.462448793809740577e-01 0.000000000000000000e+00
2.975000000000000000e+03 1.190027272361977584e-01 4.217114246700045532e-01 2.509103322712790130e-01 8.761948111060537114e-02 2.397587619481110488e-01 0.000000000000000000e+00
3.000000000000000000e+03 1.200027501541489627e-01 4.283113336367774249e-01 2.402139280837505553e-01 9.160218479745106668e-02 2.398725534820209393e-01 0.000000000000000000e+00
3.025000000000000000e+03 1.210027730721003891e-01 4.346836595357305155e-01 2.412380518889394587e-01 9.490213928083750250e-02 2.291761492944924816e-01 0.000000000000000000e+00
3.050000000000000000e+03 1.220027959900515935e-01 4.295630405097860538e-01 2.315657715065999045e-01 1.019572143832498806e-01 2.369139736003641195e-01 0.000000000000000000e+00
3.075000000000000000e+03 1.230028189080027978e-01 4.337733272644515026e-01 2.286071916249431124e-01 1.001365498406918547e-01 2.374829312699135164e-01 0.000000000000000000e+00
3.100000000000000000e+03 1.240028418259540022e-01 4.435593991807009751e-01 2.225762403277196100e-01 1.046882111970869333e-01 2.291761492944924816e-01 0.000000000000000000e+00
3.125000000000000000e+03 1.250028647439052065e-01 4.443559399180700975e-01 2.165452890304961353e-01 1.088984979517523960e-01 2.302002730996813851e-01 0.000000000000000000e+00
3.150000000000000000e+03 1.260028876618564109e-01 4.478834774692762588e-01 2.114246700045516736e-01 1.172052799271734169e-01 2.234865725989986229e-01 0.000000000000000000e+00
3.175000000000000000e+03 1.270029105798078373e-01 4.518661811561219821e-01 2.049385525716886647e-01 1.096950386891215323e-01 2.335002275830678209e-01 0.000000000000000000e+00
3.200000000000000000e+03 1.280029334977590416e-01 4.359353664087392000e-01 2.064178425125170746e-01 1.174328629949931702e-01 2.402139280837505553e-01 0.000000000000000000e+00
3.225000000000000000e+03 1.290029564157102460e-01 4.492489758761948337e-01 1.948111060537096040e-01 1.161811561219845274e-01 2.397587619481110488e-01 0.000000000000000000e+00
3.250000000000000000e+03 1.300029793336614503e-01 4.404870277651342647e-01 1.956076467910787542e-01 1.158397815202548975e-01 2.480655439235320836e-01 0.000000000000000000e+00
3.275000000000000000e+03 1.310030022516126547e-01 4.575557578516158408e-01 1.843422849340008995e-01 1.224396904870277691e-01 2.356622667273554905e-01 0.000000000000000000e+00
3.300000000000000000e+03 1.320030251695638590e-01 4.514110150204824756e-01 1.789940828402366846e-01 1.263086026399635742e-01 2.432862994993172379e-01 0.000000000000000000e+00
3.325000000000000000e+03 1.330030480875152854e-01 4.627901684114701930e-01 1.747837960855712358e-01 1.304050978607191602e-01 2.320209376422394110e-01 0.000000000000000000e+00
3.350000000000000000e+03 1.340030710054664898e-01 4.647246244879381094e-01 1.750113791533909890e-01 1.317705962676376796e-01 2.284934000910332219e-01 0.000000000000000000e+00
3.375000000000000000e+03 1.350030939234176941e-01 4.590350477924442507e-01 1.688666363222576239e-01 1.393946290395994547e-01 2.327036868456986707e-01 0.000000000000000000e+00
3.400000000000000000e+03 1.360031168413688984e-01 4.599453800637232637e-01 1.712562585343650468e-01 1.422394173873463841e-01 2.265589440145653055e-01 0.000000000000000000e+00
3.425000000000000000e+03 1.370031397593201028e-01 4.646108329540282189e-01 1.661356395084205850e-01 1.399635867091488517e-01 2.292899408284023721e-01 0.000000000000000000e+00
3.450000000000000000e+03 1.380031626772713071e-01 4.569868001820664438e-01 1.680700955848884737e-01 1.433773327264451503e-01 2.315657715065999045e-01 0.000000000000000000e+00
3.475000000000000000e+03 1.390031855952227335e-01 4.717796995903504875e-01 1.615839781520254925e-01 1.462221210741920796e-01 2.204142011834319403e-01 0.000000000000000000e+00
3.500000000000000000e+03 1.400032085131739379e-01 4.731451979972690070e-01 1.621529358215748617e-01 1.511151570323167881e-01 2.135867091488393155e-01 0.000000000000000000e+00
3.525000000000000000e+03 1.410032314311251422e-01 4.685935366408739422e-01 1.660218479745106945e-01 1.528220300409649512e-01 2.125625853436504398e-01 0.000000000000000000e+00
3.550000000000000000e+03 1.420032543490763466e-01 4.658625398270368478e-01 1.597633136094674666e-01 1.566909421939007840e-01 2.176832043695949015e-01 0.000000000000000000e+00
3.575000000000000000e+03 1.430032772670275509e-01 4.692762858443331742e-01 1.570323167956304000e-01 1.585116067364588099e-01 2.151797906235776159e-01 0.000000000000000000e+00
3.600000000000000000e+03 1.440033001849787553e-01 4.808830223031406725e-01 1.506599908966772816e-01 1.532771961766044577e-01 2.151797906235776159e-01 0.000000000000000000e+00
3.625000000000000000e+03 1.450033231029301817e-01 4.803140646335912756e-01 1.544151115157032239e-01 1.548702776513427304e-01 2.104005461993627701e-01 0.000000000000000000e+00
3.650000000000000000e+03 1.460033460208813860e-01 4.960172963131542767e-01 1.513427401001365413e-01 1.482703686845698587e-01 2.043695949021392677e-01 0.000000000000000000e+00
3.675000000000000000e+03 1.470033689388325904e-01 4.918070095584888279e-01 1.479289940828402428e-01 1.474738279472007363e-01 2.127901684114701930e-01 0.000000000000000000e+00
3.700000000000000000e+03 1.480033918567837947e-01 5.079654073736914466e-01 1.403049613108784677e-01 1.456531634046426826e-01 2.060764679107874309e-01 0.000000000000000000e+00
3.725000000000000000e+03 1.490034147747349991e-01 4.971552116522530707e-01 1.390532544378698110e-01 1.494082840236686527e-01 2.143832498862084657e-01 0.000000000000000000e+00
3.750000000000000000e+03 1.500034376926862034e-01 5.112653618570778269e-01 1.357532999544833752e-01 1.491807009558488717e-01 2.038006372325898985e-01 0.000000000000000000e+00
3.775000000000000000e+03 1.510034606106376298e-01 5.068274920345926526e-01 1.370050068274920319e-01 1.533909877105143482e-01 2.027765134274009950e-01 0.000000000000000000e+00
3.800000000000000000e+03 1.520034835285888342e-01 4.994310423304506030e-01 1.265361857077833274e-01 1.522530723714155543e-01 2.217796995903504875e-01 0.000000000000000000e+00
3.825000000000000000e+03 1.530035064465400385e-01 5.086481565771506785e-01 1.266499772416932179e-01 1.540737369139736079e-01 2.106281292671825234e-01 0.000000000000000000e+00
3.850000000000000000e+03 1.540035293644912429e-01 5.168411470186617951e-01 1.142467000455166110e-01 1.582840236686390567e-01 2.106281292671825234e-01 0.000000000000000000e+00
3.875000000000000000e+03 1.550035522824424472e-01 5.227583067819754348e-01 1.143604915794264876e-01 1.449704142011834229e-01 2.179107874374146547e-01 0.000000000000000000e+00
3.900000000000000000e+03 1.560035752003938736e-01 5.282203004096495125e-01 1.088984979517523960e-01 1.445152480655439164e-01 2.183659535730541612e-01 0.000000000000000000e+00
3.925000000000000000e+03 1.570035981183450779e-01 5.382339553937186549e-01 1.053709604005461931e-01 1.462221210741920796e-01 2.101729631315430169e-01 0.000000000000000000e+00
3.950000000000000000e+03 1.580036210362962823e-01 5.392580791989075584e-01 1.045744196631770567e-01 1.473600364132908458e-01 2.088074647246244975e-01 0.000000000000000000e+00
3.975000000000000000e+03 1.590036439542474866e-01 5.444924897587619661e-01 1.019572143832498806e-01 1.473600364132908458e-01 2.061902594446973214e-01 0.000000000000000000e+00
4.000000000000000000e+03 1.600036668721986910e-01 5.460855712335002110e-01 1.026399635867091542e-01 1.547564861174328676e-01 1.965179790623577671e-01 0.000000000000000000e+00
4.025000000000000000e+03 1.610036897901498953e-01 5.469959035047792240e-01 1.034365043240782905e-01 1.573736913973600438e-01 1.921939007737824279e-01 0.000000000000000000e+00
4.050000000000000000e+03 1.620037127081013217e-01 5.459717796995903205e-01 1.032089212562585373e-01 1.541875284478834707e-01 1.966317705962676299e-01 0.000000000000000000e+00
4.075000000000000000e+03 1.630037356260525261e-01 5.455166135639508695e-01 1.052571688666363164e-01 1.621529358215748617e-01 1.870732817478379661e-01 0.000000000000000000e+00
4.100000000000000000e+03 1.640037585440037304e-01 5.631543013199817871e-01 1.011606736458807443e-01 1.616977696859353553e-01 1.738734638142922229e-01 1.137915339098771066e-04
4.125000000000000000e+03 1.650037814619549348e-01 5.644060081929904715e-01 9.615384615384615918e-02 1.616977696859353553e-01 1.776285844333181652e-01 1.137915339098771066e-04
4.150000000000000000e+03 1.660038043799061391e-01 5.494993172507965928e-01 9.740555302685480199e-02 1.621529358215748617e-01 1.909421939007737712e-01 0.000000000000000000e+00
4.175000000000000000e+03 1.670038272978573435e-01 5.566681838871188059e-01 9.911242603550296515e-02 1.595357305416477134e-01 1.846836595357305433e-01 0.000000000000000000e+00
4.200000000000000000e+03 1.680038502158087699e-01 5.634956759217114586e-01 9.660901228948566566e-02 1.628356850250341492e-01 1.770596267637687682e-01 0.000000000000000000e+00
4.225000000000000000e+03 1.690038731337599742e-01 5.600819299044150767e-01 1.008192990441511144e-01 1.678425125170687204e-01 1.711424670004551563e-01 1.137915339098771066e-04
4.250000000000000000e+03 1.700038960517111786e-01 5.677059626763768518e-01 9.615384615384615918e-02 1.677287209831588577e-01 1.684114701866181174e-01 0.000000000000000000e+00
4.275000000000000000e+03 1.710039189696623829e-01 5.681611288120164138e-01 9.695038689121529552e-02 1.700045516613563901e-01 1.648839326354119283e-01 0.000000000000000000e+00
4.300000000000000000e+03 1.720039418876135873e-01 5.733955393718707105e-01 1.032089212562585373e-01 1.752389622212107423e-01 1.481565771506599960e-01 0.000000000000000000e+00
4.325000000000000000e+03 1.730039648055647916e-01 5.665680473372780579e-01 1.037778789258079204e-01 1.860491579426490627e-01 1.436049157942649035e-01 0.000000000000000000e+00
4.350000000000000000e+03 1.740039877235162180e-01 5.661128812016386069e-01 1.015020482476103741e-01 1.811561219845243542e-01 1.512289485662266786e-01 0.000000000000000000e+00
4.375000000000000000e+03 1.750040106414674224e-01 5.731679563040509295e-01 1.035502958579881672e-01 1.834319526627218866e-01 1.397360036413290985e-01 1.137915339098771066e-04
4.400000000000000000e+03 1.760040335594186267e-01 5.857988165680473314e-01 1.024123805188894010e-01 1.754665452890304955e-01 1.362084660901228816e-01 1.137915339098771066e-04
4.425000000000000000e+03 1.770040564773698311e-01 5.807919890760127046e-01 1.063950842057350965e-01 1.770596267637687682e-01 1.357532999544833752e-01 0.000000000000000000e+00
4.450000000000000000e+03 1.780040793953210354e-01 5.820436959490213891e-01 1.035502958579881672e-01 1.825216203914428736e-01 1.318843878015475701e-01 0.000000000000000000e+00
4.475000000000000000e+03 1.790041023132722398e-01 5.807919890760127046e-01 1.066226672735548497e-01 1.778561675011379184e-01 1.347291761492944995e-01 0.000000000000000000e+00
4.500000000000000000e+03 1.800041252312236661e-01 5.739644970414201630e-01 1.111743286299499284e-01 1.858215748748293095e-01 1.290395994538006408e-01 0.000000000000000000e+00
4.525000000000000000e+03 1.810041481491748705e-01 5.847746927628584279e-01 1.083295402822029990e-01 1.752389622212107423e-01 1.316568047337278169e-01 0.000000000000000000e+00
4.550000000000000000e+03 1.820041710671260748e-01 5.761265361857077494e-01 1.069640418752844796e-01 1.849112426035502965e-01 1.319981793354574329e-01 0.000000000000000000e+00
4.575000000000000000e+03 1.830041939850772792e-01 5.847746927628584279e-01 1.061675011379153433e-01 1.860491579426490627e-01 1.230086481565771522e-01 0.000000000000000000e+00
4.600000000000000000e+03 1.840042169030284835e-01 5.999089667728720876e-01 1.030951297223486607e-01 1.816112881201638607e-01 1.153846153846153910e-01 0.000000000000000000e+00
4.625000000000000000e+03 1.850042398209796879e-01 5.893263541192534927e-01 1.061675011379153433e-01 1.849112426035502965e-01 1.195949021392808398e-01 0.000000000000000000e+00
4.650000000000000000e+03 1.860042627389311143e-01 5.987710514337732937e-01 1.053709604005461931e-01 1.850250341374601593e-01 1.108329540282202985e-01 0.000000000000000000e+00
4.675000000000000000e+03 1.870042856568823186e-01 5.944469731451980099e-01 1.111743286299499284e-01 1.895766954938552518e-01 1.048020027309968100e-01 0.000000000000000000e+00
4.700000000000000000e+03 1.880043085748335230e-01 5.911470186618115186e-01 1.067364588074647264e-01 1.865043240782885692e-01 1.156121984524351443e-01 0.000000000000000000e+00
4.725000000000000000e+03 1.890043314927847273e-01 5.890987710514338227e-01 1.076467910787437393e-01 1.875284478834774726e-01 1.157259899863450209e-01 0.000000000000000000e+00
4.750000000000000000e+03 1.900043544107359317e-01 5.876194811106053573e-01 1.133363677742375980e-01 1.911697769685935244e-01 1.078743741465634925e-01 0.000000000000000000e+00
4.775000000000000000e+03 1.910043773286871360e-01 5.916021847974510806e-01 1.111743286299499284e-01 1.908284023668639084e-01 1.063950842057350965e-01 0.000000000000000000e+00
4.800000000000000000e+03 1.920044002466385624e-01 5.978607191624942807e-01 1.043468365953573035e-01 1.952662721893491105e-01 1.025261720527992776e-01 0.000000000000000000e+00
4.825000000000000000e+03 1.930044231645897668e-01 5.999089667728720876e-01 1.044606281292671801e-01 1.957214383249886169e-01 9.990896677287210148e-02 0.000000000000000000e+00
4.850000000000000000e+03 1.940044460825409711e-01 5.974055530268548297e-01 1.051433773327264398e-01 1.956076467910787542e-01 1.018434228493400040e-01 0.000000000000000000e+00
4.875000000000000000e+03 1.950044690004921755e-01 5.997951752389621971e-01 1.025261720527992776e-01 1.965179790623577671e-01 1.011606736458807443e-01 0.000000000000000000e+00
4.900000000000000000e+03 1.960044919184433798e-01 5.964952207555758168e-01 1.110605370960400518e-01 2.000455166135639562e-01 9.239872553482020301e-02 0.000000000000000000e+00
4.925000000000000000e+03 1.970045148363945842e-01 6.087847064178425471e-01 1.076467910787437393e-01 1.965179790623577671e-01 8.705052344105598805e-02 0.000000000000000000e+00
4.950000000000000000e+03 1.980045377543460106e-01 5.992262175694128556e-01 1.115157032316795582e-01 1.973145197997268896e-01 9.182976786527081992e-02 1.137915339098771066e-04
4.975000000000000000e+03 1.990045606722972149e-01 6.061675011379152878e-01 1.112881201638598050e-01 1.999317250796540657e-01 8.261265361857077216e-02 0.000000000000000000e+00
5.000000000000000000e+03 2.000045835902484193e-01 6.109467455621301335e-01 1.117432862994993115e-01 1.962903959945380139e-01 8.101957214383249950e-02 0.000000000000000000e+00
5.025000000000000000e+03 2.010046065081996236e-01 6.118570778334091465e-01 1.082157487482931224e-01 1.986800182066454368e-01 8.124715521165225274e-02 0.000000000000000000e+00
5.050000000000000000e+03 2.020046294261508280e-01 6.061675011379152878e-01 1.098088302230314089e-01 2.011834319526627224e-01 8.284023668639053928e-02 0.000000000000000000e+00
5.075000000000000000e+03 2.030046523441022543e-01 6.116294947655894765e-01 1.073054164770141095e-01 2.032316795630405015e-01 7.771961766044606368e-02 1.137915339098771066e-04
5.100000000000000000e+03 2.040046752620534587e-01 6.011606736458807720e-01 1.078743741465634925e-01 2.068730086481565811e-01 8.409194355939918208e-02 0.000000000000000000e+00
5.125000000000000000e+03 2.050046981800046630e-01 6.042330450614474824e-01 1.082157487482931224e-01 2.039144287664997612e-01 8.363677742375967561e-02 0.000000000000000000e+00
5.150000000000000000e+03 2.060047210979558674e-01 6.137915339098770628e-01 1.096950386891215323e-01 1.981110605370960398e-01 7.840236686390532339e-02 0.000000000000000000e+00
5.175000000000000000e+03 2.070047440159070717e-01 5.992262175694128556e-01 1.129949931725079681e-01 2.082385070550751005e-01 7.954028220300408958e-02 0.000000000000000000e+00
5.200000000000000000e+03 2.080047669338582761e-01 5.964952207555758168e-01 1.117432862994993115e-01 2.117660446062812896e-01 7.999544833864360993e-02 0.000000000000000000e+00
5.225000000000000000e+03 2.090047898518097025e-01 6.104915794264906825e-01 1.073054164770141095e-01 2.083522985889849910e-01 7.385070550751024476e-02 0.000000000000000000e+00
5.250000000000000000e+03 2.100048127697609068e-01 6.123122439690487084e-01 1.063950842057350965e-01 2.053937187073281712e-01 7.589895311788802390e-02 0.000000000000000000e+00
5.275000000000000000e+03 2.110048356877121112e-01 6.049157942649067143e-01 1.101502048247610388e-01 2.107419208010923861e-01 7.419208010923987462e-02 0.000000000000000000e+00
5.300000000000000000e+03 2.120048586056633155e-01 6.184569868001820181e-01 1.061675011379153433e-01 2.034592626308602548e-01 7.191624943104232837e-02 0.000000000000000000e+00
5.325000000000000000e+03 2.130048815236145199e-01 6.175466545289030051e-01 1.043468365953573035e-01 2.064178425125170746e-01 7.168866636322257513e-02 0.000000000000000000e+00
5.350000000000000000e+03 2.140049044415657242e-01 6.083295402822029851e-01 1.053709604005461931e-01 2.110832954028220299e-01 7.521620391442876419e-02 0.000000000000000000e+00
5.375000000000000000e+03 2.150049273595171506e-01 6.121984524351388179e-01 1.043468365953573035e-01 2.063040509786071841e-01 7.715065999089668058e-02 0.000000000000000000e+00
5.400000000000000000e+03 2.160049502774683550e-01 6.210741920801092775e-01 9.888484296768319803e-02 2.018661811561219821e-01 7.817478379608557015e-02 0.000000000000000000e+00
5.425000000000000000e+03 2.170049731954195593e-01 6.304050978607191880e-01 9.456076467910787264e-02 2.033454710969503920e-01 7.168866636322257513e-02 0.000000000000000000e+00
5.450000000000000000e+03 2.180049961133707637e-01 6.251706873008647802e-01 9.649522075557578904e-02 2.031178880291306388e-01 7.510241238051888757e-02 1.137915339098771066e-04
5.475000000000000000e+03 2.190050190313219680e-01 6.247155211652253293e-01 9.490213928083750250e-02 2.056213017751479244e-01 7.476103777878925771e-02 0.000000000000000000e+00
5.500000000000000000e+03 2.200050419492731724e-01 6.335912608101956778e-01 9.433318161128811941e-02 2.020937642239417353e-01 6.998179335457442585e-02 0.000000000000000000e+00
5.525000000000000000e+03 2.210050648672245988e-01 6.304050978607191880e-01 9.740555302685480199e-02 2.041420118343195145e-01 6.804733727810650945e-02 0.000000000000000000e+00
5.550000000000000000e+03 2.220050877851758031e-01 6.261948111060536837e-01 1.009330905780609910e-01 2.047109695038689114e-01 6.816112881201638607e-02 0.000000000000000000e+00
5.575000000000000000e+03 2.230051107031270075e-01 6.347291761492944717e-01 9.558488848429676221e-02 2.053937187073281712e-01 6.429221665908056715e-02 0.000000000000000000e+00
5.600000000000000000e+03 2.240051336210782118e-01 6.323395539371871044e-01 9.695038689121529552e-02 2.032316795630405015e-01 6.736458807464724974e-02 1.137915339098771066e-04
5.625000000000000000e+03 2.250051565390294162e-01 6.281292671825216001e-01 9.751934456076467861e-02 2.053937187073281712e-01 6.884387801547564578e-02 1.137915339098771066e-04
5.650000000000000000e+03 2.260051794569806205e-01 6.359808830223031562e-01 9.365043240782885969e-02 2.047109695038689114e-01 6.554392353208920996e-02 1.137915339098771066e-04
5.675000000000000000e+03 2.270052023749320469e-01 6.280154756486117096e-01 9.296768320436959998e-02 2.053937187073281712e-01 7.350933090578061491e-02 1.137915339098771066e-04
