# itime ezz other fcc hcp bcc ico
0.000000000000000000e+00 0.000000000000000000e+00 5.689576695493854790e-04 9.994310423304506585e-01 0.000000000000000000e+00 0.000000000000000000e+00 0.000000000000000000e+00
2.500000000000000000e+02 1.000001648187187619e-02 2.958579881656804664e-03 9.970414201183431802e-01 0.000000000000000000e+00 0.000000000000000000e+00 0.000000000000000000e+00
5.000000000000000000e+02 2.000003296374397443e-02 5.461993627674101119e-03 9.941966317705962508e-01 0.000000000000000000e+00 3.413746017296313199e-04 0.000000000000000000e+00
7.500000000000000000e+02 3.000004944561585063e-02 4.096495220755575623e-03 9.959035047792443862e-01 0.000000000000000000e+00 0.000000000000000000e+00 0.000000000000000000e+00
1.000000000000000000e+03 4.000006592748794887e-02 3.641329085116067413e-03 9.961310878470641672e-01 0.000000000000000000e+00 2.275830678197542133e-04 0.000000000000000000e+00
1.250000000000000000e+03 5.000008240935982506e-02 1.399635867091488309e-02 9.857760582612653533e-01 0.000000000000000000e+00 2.275830678197542133e-04 0.000000000000000000e+00
1.500000000000000000e+03 6.000009889123170126e-02 2.275830678197542090e-02 9.756486117432863203e-01 0.000000000000000000e+00 1.593081474738279385e-03 0.000000000000000000e+00
1.750000000000000000e+03 7.000011537310379950e-02 5.257168866636321991e-02 9.451524806554392200e-01 0.000000000000000000e+00 2.275830678197541916e-03 0.000000000000000000e+00
2.000000000000000000e+03 8.000013185497567569e-02 1.027537551206190308e-01 8.885980883022303045e-01 0.000000000000000000e+00 8.648156577150659455e-03 0.000000000000000000e+00
2.250000000000000000e+03 9.000014833684777393e-02 1.756941283568502488e-01 7.931269913518433912e-01 0.000000000000000000e+00 3.117888029130632538e-02 0.000000000000000000e+00
2.500000000000000000e+03 1.000001648187196501e-01 3.475193445607646647e-01 4.690487027765134487e-01 3.186162949476558769e-03 1.802457897132453413e-01 0.000000000000000000e+00
2.750000000000000000e+03 1.100001813005917484e-01 4.080564406008193035e-01 2.801547564861174289e-01 3.038233955393718558e-02 2.814064633591260578e-01 0.000000000000000000e+00
3.000000000000000000e+03 1.200001977824636246e-01 4.369594902139281034e-01 2.127901684114701930e-01 5.359581247155211642e-02 2.966545289030496080e-01 0.000000000000000000e+00
3.250000000000000000e+03 1.300002142643355008e-01 4.736003641329085134e-01 1.628356850250341492e-01 8.010923987255348655e-02 2.834547109695038647e-01 0.000000000000000000e+00
3.500000000000000000e+03 1.400002307462075990e-01 5.171825216203914666e-01 1.086709148839326289e-01 8.204369594902138907e-02 2.921028675466545432e-01 0.000000000000000000e+00
3.750000000000000000e+03 1.500002472280794752e-01 5.267410104688211581e-01 7.965407373691398007e-02 9.751934456076467861e-02 2.960855712335002110e-01 0.000000000000000000e+00
4.000000000000000000e+03 1.600002637099515734e-01 5.530268548020027541e-01 6.543013199817933334e-02 1.207328174783796060e-01 2.608101957214383204e-01 0.000000000000000000e+00
4.250000000000000000e+03 1.700002801918234496e-01 5.893263541192534927e-01 5.075102412380518707e-02 1.489531178880291185e-01 2.109695038689121394e-01 0.000000000000000000e+00
4.500000000000000000e+03 1.800002966736953258e-01 6.043468365953572619e-01 5.359581247155211642e-02 1.744424214838415921e-01 1.676149294492489672e-01 0.000000000000000000e+00
4.750000000000000000e+03 1.900003131555674241e-01 6.144742831133364058e-01 6.304050978607191047e-02 1.879836140191169791e-01 1.345015930814747462e-01 0.000000000000000000e+00
5.000000000000000000e+03 2.000003296374393003e-01 6.338188438780154588e-01 7.020937642239417908e-02 1.849112426035502965e-01 1.110605370960400518e-01 0.000000000000000000e+00
5.250000000000000000e+03 2.100003461193113985e-01 6.259672280382339027e-01 7.931269913518433634e-02 2.020937642239417353e-01 9.262630860263997012e-02 0.000000000000000000e+00
5.500000000000000000e+03 2.200003626011832747e-01 6.483841602184797770e-01 7.715065999089668058e-02 1.976558944014565333e-01 7.680928538916705073e-02 0.000000000000000000e+00
5.750000000000000000e+03 2.300003790830553729e-01 6.555530268548019901e-01 7.794720072826581692e-02 2.028903049613108855e-01 6.349567592171143082e-02 1.137915339098771066e-04
6.000000000000000000e+03 2.400003955649272491e-01 6.689804278561675144e-01 8.727810650887574129e-02 1.936731907146108378e-01 4.995448338643605074e-02 1.137915339098771066e-04
6.250000000000000000e+03 2.500004120467991253e-01 6.654528903049613531e-01 9.126081019572143682e-02 1.944697314519799602e-01 4.847519344560764776e-02 3.413746017296313199e-04
6.500000000000000000e+03 2.600004285286712236e-01 6.537323623122439642e-01 1.022985889849795244e-01 2.035730541647701453e-01 4.028220300409649651e-02 1.137915339098771066e-04
6.750000000000000000e+03 2.700004450105430998e-01 6.718252162039144437e-01 1.024123805188894010e-01 1.890077378243058825e-01 3.664087391898043083e-02 1.137915339098771066e-04
7.000000000000000000e+03 2.800004614924151980e-01 6.661356395084205850e-01 1.016158397815202508e-01 2.032316795630405015e-01 2.901684114701866268e-02 0.000000000000000000e+00
7.250000000000000000e+03 2.900004779742870742e-01 6.800182066454255603e-01 9.626763768775603580e-02 2.035730541647701453e-01 1.991351843422849502e-02 2.275830678197542133e-04
7.500000000000000000e+03 3.000004944561589504e-01 6.891215293582158008e-01 9.467455621301774926e-02 1.921939007737824279e-01 2.389622212107419055e-02 1.137915339098771066e-04
7.750000000000000000e+03 3.100005109380310486e-01 7.009558488848429691e-01 8.852981338188438409e-02 1.878698224852070886e-01 2.264451524806554428e-02 0.000000000000000000e+00
8.000000000000000000e+03 3.200005274199029248e-01 7.058488848429677054e-01 9.069185252617205373e-02 1.847974510696404060e-01 1.854802002730996865e-02 1.137915339098771066e-04
8.250000000000000000e+03 3.300005439017750231e-01 7.116522530723714546e-01 9.160218479745106668e-02 1.780837505689576716e-01 1.843422849340009204e-02 2.275830678197542133e-04
8.500000000000000000e+03 3.400005603836468993e-01 7.258761948111061013e-01 9.035047792444242387e-02 1.698907601274465273e-01 1.342740100136549826e-02 4.551661356395084266e-04
8.750000000000000000e+03 3.500005768655189975e-01 7.440828402366863603e-01 8.318161128812016913e-02 1.604460628129267263e-01 1.206190259444697363e-02 2.275830678197542133e-04
9.000000000000000000e+03 3.600005933473908737e-01 7.659308147473827821e-01 7.521620391442876419e-02 1.442876649977241632e-01 1.422394173873463806e-02 3.413746017296313199e-04
9.250000000000000000e+03 3.700006098292627499e-01 7.824305871643150168e-01 6.895766954938552240e-02 1.335912608101957333e-01 1.490669094219390124e-02 1.137915339098771066e-04
9.500000000000000000e+03 3.800006263111348481e-01 8.024578971324533017e-01 6.451979972690032039e-02 1.216431497496586189e-01 1.092398725534820224e-02 4.551661356395084266e-04
9.750000000000000000e+03 3.900006427930067243e-01 8.185025034137459743e-01 5.757851615839781195e-02 1.109467455621301751e-01 1.263086026399635846e-02 3.413746017296313199e-04
1.000000000000000000e+04 4.000006592748786005e-01 8.278334091943558848e-01 5.757851615839781195e-02 1.025261720527992776e-01 1.160673645880746542e-02 4.551661356395084266e-04
1.025000000000000000e+04 4.100006757567506988e-01 8.454710969503869133e-01 5.268548020027309653e-02 9.126081019572143682e-02 1.012744651797906244e-02 4.551661356395084266e-04
1.050000000000000000e+04 4.200006922386227970e-01 8.576467910787437532e-01 4.927173418297678409e-02 8.340919435593992237e-02 9.103322712790167665e-03 5.689576695493854790e-04
1.075000000000000000e+04 4.300007087204946732e-01 8.689121529358215801e-01 4.312699135184342586e-02 7.817478379608557015e-02 9.217114246700046018e-03 5.689576695493854790e-04
1.100000000000000000e+04 4.400007252023665494e-01 8.774465179790623681e-01 4.221665908056440597e-02 7.203004096495220498e-02 7.737824305871643035e-03 5.689576695493854790e-04
1.125000000000000000e+04 4.500007416842386476e-01 8.806326809285389690e-01 3.903049613108784677e-02 7.237141556668183484e-02 7.624032771961766417e-03 3.413746017296313199e-04
1.150000000000000000e+04 4.600007581661107459e-01 8.856395084205734847e-01 3.982703686845699004e-02 6.474738279472007363e-02 8.989531178880291046e-03 7.965407373691396923e-04
1.175000000000000000e+04 4.700007746479824000e-01 9.017979062357760478e-01 3.629949931725079404e-02 5.621301775147929253e-02 4.779244424214838804e-03 9.103322712790168532e-04
1.200000000000000000e+04 4.800007911298542762e-01 9.083978152025489194e-01 3.106508875739644876e-02 5.279927173418298009e-02 6.599908966772872511e-03 1.137915339098770958e-03
1.225000000000000000e+04 4.900008076117263744e-01 9.152253072371415721e-01 2.822030040964952288e-02 4.949931725079653733e-02 5.917159763313609329e-03 1.137915339098770958e-03
1.250000000000000000e+04 5.000008240935984727e-01 9.247837960855712636e-01 2.344105598543468408e-02 4.415111515703231543e-02 6.372325898953117539e-03 1.251706873008648227e-03
1.275000000000000000e+04 5.100008405754703489e-01 9.287664997724169869e-01 2.401001365498407064e-02 4.050978607191624975e-02 5.461993627674101119e-03 1.251706873008648227e-03
1.300000000000000000e+04 5.200008570573422251e-01 9.336595357305416121e-01 2.275830678197542090e-02 3.732362312243969055e-02 4.665452890304961318e-03 1.593081474738279385e-03
1.325000000000000000e+04 5.300008735392143233e-01 9.358215748748293095e-01 2.230314064633591095e-02 3.732362312243969055e-02 3.868912152935821518e-03 6.827492034592626399e-04
1.350000000000000000e+04 5.400008900210864216e-01 9.409421939007738267e-01 2.014110150204824826e-02 3.140646335912607862e-02 6.258534365043240920e-03 1.251706873008648227e-03
1.375000000000000000e+04 5.500009065029582978e-01 9.418525261720528396e-01 1.843422849340009204e-02 3.493400091033227461e-02 3.527537551206190360e-03 1.251706873008648227e-03
1.400000000000000000e+04 5.600009229848301739e-01 9.464041875284479044e-01 1.570323167956303931e-02 3.152025489303595523e-02 5.575785161583977738e-03 7.965407373691396923e-04
1.425000000000000000e+04 5.700009394667022722e-01 9.499317250796540657e-01 1.581702321347291593e-02 2.844788347746927612e-02 4.210286754665453109e-03 1.593081474738279385e-03
1.450000000000000000e+04 5.800009559485743704e-01 9.581247155211651823e-01 1.285844333181611343e-02 2.366863905325443732e-02 4.324078288575329727e-03 1.024123805188893906e-03
1.475000000000000000e+04 5.900009724304460246e-01 9.624487938097405770e-01 1.172052799271734204e-02 2.127901684114701791e-02 3.413746017296313308e-03 1.137915339098770958e-03
1.500000000000000000e+04 6.000009889123179008e-01 9.665452890304960798e-01 1.126536185707783383e-02 1.752389622212107562e-02 3.413746017296313308e-03 1.251706873008648227e-03
1.525000000000000000e+04 6.100010053941899990e-01 9.684797451069639962e-01 9.899863450159307465e-03 1.695493855257168905e-02 3.299954483386436255e-03 1.365498406918525280e-03
1.550000000000000000e+04 6.200010218760620972e-01 9.724624487938097195e-01 8.534365043240782836e-03 1.558944014565316269e-02 2.503413746017296455e-03 9.103322712790168532e-04
1.575000000000000000e+04 6.300010383579339734e-01 9.739417387346381849e-01 8.192990441511151245e-03 1.388256713700500647e-02 2.503413746017296455e-03 1.479289940828402332e-03
1.600000000000000000e+04 6.400010548398058496e-01 9.763313609467455523e-01 8.989531178880291046e-03 1.183431952662721866e-02 1.479289940828402332e-03 1.365498406918525280e-03
1.625000000000000000e+04 6.500010713216779479e-01 9.788347746927628101e-01 5.917159763313609329e-03 1.183431952662721866e-02 2.389622212107419402e-03 1.024123805188893906e-03
1.650000000000000000e+04 6.600010878035500461e-01 9.824761037778789730e-01 5.917159763313609329e-03 8.192990441511151245e-03 1.820664542558033706e-03 1.593081474738279385e-03
1.675000000000000000e+04 6.700011042854219223e-01 9.822485207100591920e-01 6.144742831133363434e-03 8.420573509330906217e-03 1.479289940828402332e-03 1.706873008648156654e-03
1.700000000000000000e+04 6.800011207672935765e-01 9.836140191169776559e-01 6.144742831133363434e-03 7.510241238051888930e-03 1.365498406918525280e-03 1.365498406918525280e-03
1.725000000000000000e+04 6.900011372491658967e-01 9.842967683204369989e-01 5.348202093764223633e-03 8.420573509330906217e-03 1.024123805188893906e-03 9.103322712790168532e-04
1.750000000000000000e+04 7.000011537310379950e-01 9.840691852526172179e-01 5.120619025944469528e-03 7.965407373691398007e-03 1.706873008648156654e-03 1.137915339098770958e-03
1.775000000000000000e+04 7.100011702129096491e-01 9.835002275830677654e-01 4.893035958124715423e-03 8.420573509330906217e-03 1.024123805188893906e-03 2.162039144287664864e-03
1.800000000000000000e+04 7.200011866947815253e-01 9.857760582612653533e-01 4.437869822485207214e-03 7.624032771961766417e-03 7.965407373691396923e-04 1.365498406918525280e-03
1.825000000000000000e+04 7.300012031766536236e-01 9.861174328629950248e-01 4.665452890304961318e-03 6.713700500682749130e-03 1.024123805188893906e-03 1.479289940828402332e-03
1.850000000000000000e+04 7.400012196585257218e-01 9.860036413290851343e-01 4.437869822485207214e-03 6.144742831133363434e-03 1.365498406918525280e-03 2.048247610377787811e-03
1.875000000000000000e+04 7.500012361403975980e-01 9.864588074647245852e-01 5.006827492034592909e-03 5.348202093764223633e-03 1.593081474738279385e-03 1.593081474738279385e-03
1.900000000000000000e+04 7.600012526222694742e-01 9.888484296768320636e-01 3.641329085116067413e-03 4.551661356395083832e-03 1.137915339098770958e-03 1.820664542558033706e-03
1.925000000000000000e+04 7.700012691041415724e-01 9.903277196176604180e-01 2.617205279927173507e-03 4.324078288575329727e-03 1.365498406918525280e-03 1.365498406918525280e-03
1.950000000000000000e+04 7.800012855860136707e-01 9.906690942193900895e-01 2.844788347746927612e-03 3.527537551206190360e-03 7.965407373691396923e-04 2.162039144287664864e-03
1.975000000000000000e+04 7.900013020678855469e-01 9.920345926263085534e-01 2.275830678197541916e-03 3.186162949476558769e-03 1.137915339098770958e-03 1.365498406918525280e-03
2.000000000000000000e+04 8.000013185497572010e-01 9.913518434228493215e-01 2.048247610377787811e-03 3.072371415566681717e-03 1.251706873008648227e-03 2.275830678197541916e-03
2.025000000000000000e+04 8.100013350316295213e-01 9.927173418297678964e-01 2.275830678197541916e-03 2.503413746017296455e-03 7.965407373691396923e-04 1.706873008648156654e-03
2.050000000000000000e+04 8.200013515135016196e-01 9.935138825671370189e-01 1.365498406918525280e-03 2.844788347746927612e-03 7.965407373691396923e-04 1.479289940828402332e-03
2.075000000000000000e+04 8.300013679953732737e-01 9.919208010923987739e-01 2.048247610377787811e-03 2.844788347746927612e-03 1.137915339098770958e-03 2.048247610377787811e-03
2.100000000000000000e+04 8.400013844772451499e-01 9.938552571688666903e-01 1.479289940828402332e-03 2.275830678197541916e-03 9.103322712790168532e-04 1.479289940828402332e-03
2.125000000000000000e+04 8.500014009591172481e-01 9.959035047792443862e-01 7.965407373691396923e-04 1.820664542558033706e-03 1.137915339098771066e-04 1.365498406918525280e-03
2.150000000000000000e+04 8.600014174409893464e-01 9.940828402366863603e-01 1.479289940828402332e-03 2.048247610377787811e-03 3.413746017296313199e-04 2.048247610377787811e-03
2.175000000000000000e+04 8.700014339228612226e-01 9.938552571688666903e-01 1.479289940828402332e-03 2.503413746017296455e-03 4.551661356395084266e-04 1.706873008648156654e-03
2.200000000000000000e+04 8.800014504047330988e-01 9.938552571688666903e-01 1.365498406918525280e-03 1.934456076467910759e-03 4.551661356395084266e-04 2.389622212107419402e-03
2.225000000000000000e+04 8.900014668866051970e-01 9.944242148384160318e-01 9.103322712790168532e-04 1.820664542558033706e-03 5.689576695493854790e-04 2.275830678197541916e-03
2.250000000000000000e+04 9.000014833684772952e-01 9.939690487027764698e-01 7.965407373691396923e-04 1.934456076467910759e-03 2.275830678197542133e-04 3.072371415566681717e-03
2.275000000000000000e+04 9.100014998503491714e-01 9.937414656349567998e-01 9.103322712790168532e-04 2.617205279927173507e-03 4.551661356395084266e-04 2.275830678197541916e-03
2.300000000000000000e+04 9.200015163322208256e-01 9.938552571688666903e-01 6.827492034592626399e-04 2.730996813837050560e-03 2.275830678197542133e-04 2.503413746017296455e-03
2.325000000000000000e+04 9.300015328140931459e-01 9.946517979062358128e-01 4.551661356395084266e-04 1.593081474738279385e-03 4.551661356395084266e-04 2.844788347746927612e-03
2.350000000000000000e+04 9.400015492959652441e-01 9.948793809740554828e-01 2.275830678197542133e-04 1.934456076467910759e-03 1.137915339098771066e-04 2.844788347746927612e-03
2.375000000000000000e+04 9.500015657778368983e-01 9.953345471096950448e-01 5.689576695493854790e-04 1.706873008648156654e-03 1.137915339098771066e-04 2.275830678197541916e-03
2.400000000000000000e+04 9.600015822597087745e-01 9.953345471096950448e-01 5.689576695493854790e-04 1.251706873008648227e-03 2.275830678197542133e-04 2.617205279927173507e-03
2.425000000000000000e+04 9.700015987415808727e-01 9.938552571688666903e-01 9.103322712790168532e-04 1.706873008648156654e-03 4.551661356395084266e-04 3.072371415566681717e-03
2.450000000000000000e+04 9.800016152234529709e-01 9.946517979062358128e-01 7.965407373691396923e-04 1.479289940828402332e-03 3.413746017296313199e-04 2.730996813837050560e-03
2.475000000000000000e+04 9.900016317053248471e-01 9.949931725079653733e-01 5.689576695493854790e-04 1.137915339098770958e-03 4.551661356395084266e-04 2.844788347746927612e-03
2.500000000000000000e+04 1.000001648187196501e+00 9.948793809740554828e-01 4.551661356395084266e-04 2.162039144287664864e-03 3.413746017296313199e-04 2.162039144287664864e-03
