# itime ezz other fcc hcp bcc ico
0.000000000000000000e+00 0.000000000000000000e+00 7.965407373691396923e-04 9.992034592626308775e-01 0.000000000000000000e+00 0.000000000000000000e+00 0.000000000000000000e+00
2.500000000000000000e+01 1.000005039978324461e-03 1.479289940828402332e-03 9.985207100591716456e-01 0.000000000000000000e+00 0.000000000000000000e+00 0.000000000000000000e+00
5.000000000000000000e+01 2.000010079956648923e-03 7.965407373691396923e-04 9.992034592626308775e-01 0.000000000000000000e+00 0.000000000000000000e+00 0.000000000000000000e+00
7.500000000000000000e+01 3.000015119934751340e-03 3.413746017296313199e-04 9.996586253982703285e-01 0.000000000000000000e+00 0.000000000000000000e+00 0.000000000000000000e+00
1.000000000000000000e+02 4.000020159913075801e-03 6.827492034592626399e-04 9.993172507965407680e-01 0.000000000000000000e+00 0.000000000000000000e+00 0.000000000000000000e+00
1.250000000000000000e+02 5.000025199891400263e-03 1.137915339098770958e-03 9.988620846609012061e-01 0.000000000000000000e+00 0.000000000000000000e+00 0.000000000000000000e+00
1.500000000000000000e+02 6.000030239869724724e-03 9.103322712790168532e-04 9.990896677287209870e-01 0.000000000000000000e+00 0.000000000000000000e+00 0.000000000000000000e+00
1.750000000000000000e+02 7.000035279848049186e-03 1.593081474738279385e-03 9.984069185252617551e-01 0.000000000000000000e+00 0.000000000000000000e+00 0.000000000000000000e+00
2.000000000000000000e+02 8.000040319826151602e-03 1.251706873008648227e-03 9.987482931269913156e-01 0.000000000000000000e+00 0.000000000000000000e+00 0.000000000000000000e+00
2.250000000000000000e+02 9.000045359804476064e-03 1.820664542558033706e-03 9.981793354574419741e-01 0.000000000000000000e+00 0.000000000000000000e+00 0.000000000000000000e+00
2.500000000000000000e+02 1.000005039978280053e-02 0.000000000000000000e+00 1.000000000000000000e+00 0.000000000000000000e+00 0.000000000000000000e+00 0.000000000000000000e+00
2.750000000000000000e+02 1.100005543976112499e-02 1.593081474738279385e-03 9.984069185252617551e-01 0.000000000000000000e+00 0.000000000000000000e+00 0.000000000000000000e+00
3.000000000000000000e+02 1.200006047973922740e-02 3.413746017296313199e-04 9.996586253982703285e-01 0.000000000000000000e+00 0.000000000000000000e+00 0.000000000000000000e+00
3.250000000000000000e+02 1.300006551971755187e-02 5.689576695493854790e-04 9.994310423304506585e-01 0.000000000000000000e+00 0.000000000000000000e+00 0.000000000000000000e+00
3.500000000000000000e+02 1.400007055969587633e-02 3.413746017296313199e-04 9.996586253982703285e-01 0.000000000000000000e+00 0.000000000000000000e+00 0.000000000000000000e+00
3.750000000000000000e+02 1.500007559967420079e-02 2.048247610377787811e-03 9.979517523896221931e-01 0.000000000000000000e+00 0.000000000000000000e+00 0.000000000000000000e+00
4.000000000000000000e+02 1.600008063965252525e-02 1.706873008648156654e-03 9.982931269913518646e-01 0.000000000000000000e+00 0.000000000000000000e+00 0.000000000000000000e+00
4.250000000000000000e+02 1.700008567963062767e-02 1.820664542558033706e-03 9.980655439235320836e-01 0.000000000000000000e+00 1.137915339098771066e-04 0.000000000000000000e+00
4.500000000000000000e+02 1.800009071960895213e-02 2.617205279927173507e-03 9.973827947200728516e-01 0.000000000000000000e+00 0.000000000000000000e+00 0.000000000000000000e+00
4.750000000000000000e+02 1.900009575958727659e-02 1.593081474738279385e-03 9.982931269913518646e-01 0.000000000000000000e+00 1.137915339098771066e-04 0.000000000000000000e+00
5.000000000000000000e+02 2.000010079956560105e-02 2.730996813837050560e-03 9.972690031861629611e-01 0.000000000000000000e+00 0.000000000000000000e+00 0.000000000000000000e+00
5.250000000000000000e+02 2.100010583954392551e-02 2.503413746017296455e-03 9.973827947200728516e-01 0.000000000000000000e+00 1.137915339098771066e-04 0.000000000000000000e+00
5.500000000000000000e+02 2.200011087952202793e-02 1.934456076467910759e-03 9.980655439235320836e-01 0.000000000000000000e+00 0.000000000000000000e+00 0.000000000000000000e+00
5.750000000000000000e+02 2.300011591950035239e-02 2.958579881656804664e-03 9.970414201183431802e-01 0.000000000000000000e+00 0.000000000000000000e+00 0.000000000000000000e+00
6.000000000000000000e+02 2.400012095947867685e-02 3.299954483386436255e-03 9.967000455166135087e-01 0.000000000000000000e+00 0.000000000000000000e+00 0.000000000000000000e+00
6.250000000000000000e+02 2.500012599945700131e-02 3.755120619025944465e-03 9.962448793809740577e-01 0.000000000000000000e+00 0.000000000000000000e+00 0.000000000000000000e+00
6.500000000000000000e+02 2.600013103943510373e-02 2.503413746017296455e-03 9.974965862539827421e-01 0.000000000000000000e+00 0.000000000000000000e+00 0.000000000000000000e+00
6.750000000000000000e+02 2.700013607941342819e-02 3.982703686845699004e-03 9.959035047792443862e-01 0.000000000000000000e+00 1.137915339098771066e-04 0.000000000000000000e+00
7.000000000000000000e+02 2.800014111939175265e-02 6.372325898953117539e-03 9.935138825671370189e-01 0.000000000000000000e+00 1.137915339098771066e-04 0.000000000000000000e+00
7.250000000000000000e+02 2.900014615937007711e-02 2.617205279927173507e-03 9.972690031861629611e-01 0.000000000000000000e+00 1.137915339098771066e-04 0.000000000000000000e+00
7.500000000000000000e+02 3.000015119934840158e-02 6.030951297223486815e-03 9.939690487027764698e-01 0.000000000000000000e+00 0.000000000000000000e+00 0.000000000000000000e+00
7.750000000000000000e+02 3.100015623932650399e-02 3.982703686845699004e-03 9.960172963131542767e-01 0.000000000000000000e+00 0.000000000000000000e+00 0.000000000000000000e+00
8.000000000000000000e+02 3.200016127930482845e-02 4.210286754665453109e-03 9.957897132453344957e-01 0.000000000000000000e+00 0.000000000000000000e+00 0.000000000000000000e+00
8.250000000000000000e+02 3.300016631928315292e-02 3.982703686845699004e-03 9.957897132453344957e-01 0.000000000000000000e+00 2.275830678197542133e-04 0.000000000000000000e+00
8.500000000000000000e+02 3.400017135926147738e-02 5.917159763313609329e-03 9.939690487027764698e-01 0.000000000000000000e+00 1.137915339098771066e-04 0.000000000000000000e+00
8.750000000000000000e+02 3.500017639923980184e-02 6.030951297223486815e-03 9.939690487027764698e-01 0.000000000000000000e+00 0.000000000000000000e+00 0.000000000000000000e+00
9.000000000000000000e+02 3.600018143921790426e-02 3.982703686845699004e-03 9.957897132453344957e-01 0.000000000000000000e+00 2.275830678197542133e-04 0.000000000000000000e+00
9.250000000000000000e+02 3.700018647919622872e-02 5.006827492034592909e-03 9.946517979062358128e-01 0.000000000000000000e+00 3.413746017296313199e-04 0.000000000000000000e+00
9.500000000000000000e+02 3.800019151917455318e-02 6.030951297223486815e-03 9.932862994993172379e-01 0.000000000000000000e+00 6.827492034592626399e-04 0.000000000000000000e+00
9.750000000000000000e+02 3.900019655915287764e-02 8.079198907601274626e-03 9.916932180245789930e-01 0.000000000000000000e+00 2.275830678197542133e-04 0.000000000000000000e+00
1.000000000000000000e+03 4.000020159913120210e-02 7.965407373691398007e-03 9.918070095584888834e-01 0.000000000000000000e+00 2.275830678197542133e-04 0.000000000000000000e+00
1.025000000000000000e+03 4.100020663910930452e-02 8.761948111060537808e-03 9.905553026854801990e-01 0.000000000000000000e+00 6.827492034592626399e-04 0.000000000000000000e+00
1.050000000000000000e+03 4.200021167908762898e-02 6.941283568502503235e-03 9.930587164314974569e-01 0.000000000000000000e+00 0.000000000000000000e+00 0.000000000000000000e+00
1.075000000000000000e+03 4.300021671906595344e-02 7.282658170232134826e-03 9.924897587619481154e-01 0.000000000000000000e+00 2.275830678197542133e-04 0.000000000000000000e+00
1.100000000000000000e+03 4.400022175904427790e-02 9.444697314519799256e-03 9.902139280837505275e-01 0.000000000000000000e+00 3.413746017296313199e-04 0.000000000000000000e+00
1.125000000000000000e+03 4.500022679902238032e-02 1.228948566226672687e-02 9.874829312699134887e-01 0.000000000000000000e+00 2.275830678197542133e-04 0.000000000000000000e+00
1.150000000000000000e+03 4.600023183900070478e-02 1.160673645880746542e-02 9.878243058716431602e-01 0.000000000000000000e+00 5.689576695493854790e-04 0.000000000000000000e+00
1.175000000000000000e+03 4.700023687897902924e-02 1.046882111970869403e-02 9.891898042785616241e-01 0.000000000000000000e+00 3.413746017296313199e-04 0.000000000000000000e+00
1.200000000000000000e+03 4.800024191895735370e-02 1.479289940828402289e-02 9.848657259899863403e-01 0.000000000000000000e+00 3.413746017296313199e-04 0.000000000000000000e+00
1.225000000000000000e+03 4.900024695893567817e-02 1.820664542558033533e-02 9.813381884387801790e-01 0.000000000000000000e+00 4.551661356395084266e-04 0.000000000000000000e+00
1.250000000000000000e+03 5.000025199891378058e-02 1.741010468821119553e-02 9.815657715065999600e-01 0.000000000000000000e+00 1.024123805188893906e-03 0.000000000000000000e+00
1.275000000000000000e+03 5.100025703889210504e-02 1.570323167956303931e-02 9.839553937187073274e-01 0.000000000000000000e+00 3.413746017296313199e-04 0.000000000000000000e+00
1.300000000000000000e+03 5.200026207887042951e-02 1.172052799271734204e-02 9.874829312699134887e-01 0.000000000000000000e+00 7.965407373691396923e-04 0.000000000000000000e+00
1.325000000000000000e+03 5.300026711884875397e-02 1.706873008648156567e-02 9.825898953117887524e-01 0.000000000000000000e+00 3.413746017296313199e-04 0.000000000000000000e+00
1.350000000000000000e+03 5.400027215882707843e-02 1.593081474738279601e-02 9.832726445152480954e-01 0.000000000000000000e+00 7.965407373691396923e-04 0.000000000000000000e+00
1.375000000000000000e+03 5.500027719880518084e-02 2.366863905325443732e-02 9.757624032771962108e-01 0.000000000000000000e+00 5.689576695493854790e-04 0.000000000000000000e+00
1.400000000000000000e+03 5.600028223878350531e-02 2.787892580791988956e-02 9.709831588529813651e-01 0.000000000000000000e+00 1.137915339098770958e-03 0.000000000000000000e+00
1.425000000000000000e+03 5.700028727876182977e-02 2.298588984979517413e-02 9.759899863450158808e-01 0.000000000000000000e+00 1.024123805188893906e-03 0.000000000000000000e+00
1.450000000000000000e+03 5.800029231874015423e-02 2.651342740100136666e-02 9.725762403277196100e-01 0.000000000000000000e+00 9.103322712790168532e-04 0.000000000000000000e+00
1.475000000000000000e+03 5.900029735871825665e-02 3.174783796085571541e-02 9.670004551661356418e-01 0.000000000000000000e+00 1.251706873008648227e-03 0.000000000000000000e+00
1.500000000000000000e+03 6.000030239869658111e-02 2.366863905325443732e-02 9.750796540737368678e-01 0.000000000000000000e+00 1.251706873008648227e-03 0.000000000000000000e+00
1.525000000000000000e+03 6.100030743867490557e-02 2.218934911242603433e-02 9.766727355484752238e-01 0.000000000000000000e+00 1.137915339098770958e-03 0.000000000000000000e+00
1.550000000000000000e+03 6.200031247865323003e-02 3.254437869822485174e-02 9.662039144287665193e-01 0.000000000000000000e+00 1.251706873008648227e-03 0.000000000000000000e+00
1.575000000000000000e+03 6.300031751863155449e-02 3.709604005461993731e-02 9.605143377332726606e-01 0.000000000000000000e+00 2.389622212107419402e-03 0.000000000000000000e+00
1.600000000000000000e+03 6.400032255860965691e-02 3.447883477469276120e-02 9.635867091488393710e-01 0.000000000000000000e+00 1.934456076467910759e-03 0.000000000000000000e+00
1.625000000000000000e+03 6.500032759858798137e-02 3.390987710514337811e-02 9.649522075557578349e-01 0.000000000000000000e+00 1.137915339098770958e-03 0.000000000000000000e+00
1.650000000000000000e+03 6.600033263856630583e-02 3.436504324078288458e-02 9.640418752844788219e-01 0.000000000000000000e+00 1.593081474738279385e-03 0.000000000000000000e+00
1.675000000000000000e+03 6.700033767854463029e-02 4.460628129267182190e-02 9.530040964952207760e-01 0.000000000000000000e+00 2.389622212107419402e-03 0.000000000000000000e+00
1.700000000000000000e+03 6.800034271852295475e-02 3.891670459717797015e-02 9.597177969959035382e-01 0.000000000000000000e+00 1.365498406918525280e-03 0.000000000000000000e+00
1.725000000000000000e+03 6.900034775850105717e-02 4.050978607191624975e-02 9.575557578516158408e-01 0.000000000000000000e+00 1.934456076467910759e-03 0.000000000000000000e+00
1.750000000000000000e+03 7.000035279847938163e-02 4.870277651342740100e-02 9.484524351388257113e-01 0.000000000000000000e+00 2.844788347746927612e-03 0.000000000000000000e+00
1.775000000000000000e+03 7.100035783845770609e-02 6.019572143832498806e-02 9.354802002730996380e-01 0.000000000000000000e+00 4.324078288575329727e-03 0.000000000000000000e+00
1.800000000000000000e+03 7.200036287843603056e-02 5.632680928538916915e-02 9.392353208921255803e-01 0.000000000000000000e+00 4.437869822485207214e-03 0.000000000000000000e+00
1.825000000000000000e+03 7.300036791841435502e-02 6.258534365043240399e-02 9.325216203914429292e-01 0.000000000000000000e+00 4.893035958124715423e-03 0.000000000000000000e+00
1.850000000000000000e+03 7.400037295839245743e-02 6.952662721893490549e-02 9.260355029585798370e-01 0.000000000000000000e+00 4.437869822485207214e-03 0.000000000000000000e+00
1.875000000000000000e+03 7.500037799837078190e-02 7.328174783796086167e-02 9.214838416021847722e-01 0.000000000000000000e+00 5.234410559854347014e-03 0.000000000000000000e+00
1.900000000000000000e+03 7.600038303834910636e-02 7.806099226217569353e-02 9.162494310423304755e-01 0.000000000000000000e+00 5.689576695493855224e-03 0.000000000000000000e+00
1.925000000000000000e+03 7.700038807832743082e-02 7.339553937187073829e-02 9.198907601274465273e-01 0.000000000000000000e+00 6.713700500682749130e-03 0.000000000000000000e+00
1.950000000000000000e+03 7.800039311830553324e-02 7.703686845698680397e-02 9.178425125170687204e-01 0.000000000000000000e+00 5.120619025944469528e-03 0.000000000000000000e+00
1.975000000000000000e+03 7.900039815828385770e-02 8.511606736458807165e-02 9.094219390077378229e-01 0.000000000000000000e+00 5.461993627674101119e-03 0.000000000000000000e+00
2.000000000000000000e+03 8.000040319826218216e-02 9.182976786527081992e-02 9.007737824305871444e-01 0.000000000000000000e+00 7.396449704142011444e-03 0.000000000000000000e+00
2.025000000000000000e+03 8.100040823824050662e-02 1.042330450614474269e-01 8.887118798361401950e-01 0.000000000000000000e+00 7.055075102412380721e-03 0.000000000000000000e+00
2.050000000000000000e+03 8.200041327821883108e-02 1.036640873918980438e-01 8.883705052344105235e-01 0.000000000000000000e+00 7.965407373691398007e-03 0.000000000000000000e+00
2.075000000000000000e+03 8.300041831819693350e-02 1.153846153846153910e-01 8.774465179790623681e-01 0.000000000000000000e+00 7.168866636322257339e-03 0.000000000000000000e+00
2.100000000000000000e+03 8.400042335817525796e-02 1.144742831133363642e-01 8.727810650887574129e-01 0.000000000000000000e+00 1.274465179790623508e-02 0.000000000000000000e+00
2.125000000000000000e+03 8.500042839815358242e-02 1.330223031406463363e-01 8.500227583067819781e-01 0.000000000000000000e+00 1.695493855257168905e-02 0.000000000000000000e+00
2.150000000000000000e+03 8.600043343813190688e-02 1.309740555302685572e-01 8.518434228493400040e-01 0.000000000000000000e+00 1.718252162039144229e-02 0.000000000000000000e+00
2.175000000000000000e+03 8.700043847811023134e-02 1.497496586253982687e-01 8.314747382794720476e-01 0.000000000000000000e+00 1.877560309512972189e-02 0.000000000000000000e+00
2.200000000000000000e+03 8.800044351808833376e-02 1.758079198907601393e-01 8.023441055985435222e-01 0.000000000000000000e+00 2.184797451069640448e-02 0.000000000000000000e+00
2.225000000000000000e+03 8.900044855806665822e-02 1.855939918070095562e-01 7.855029585798816161e-01 0.000000000000000000e+00 2.890304961310878606e-02 0.000000000000000000e+00
2.250000000000000000e+03 9.000045359804498268e-02 1.949248975876194945e-01 7.701411015020482864e-01 0.000000000000000000e+00 3.493400091033227461e-02 0.000000000000000000e+00
2.275000000000000000e+03 9.100045863802330715e-02 2.069868001820664438e-01 7.532999544833864913e-01 0.000000000000000000e+00 3.971324533454710648e-02 0.000000000000000000e+00
2.300000000000000000e+03 9.200046367800163161e-02 2.177969959035047920e-01 7.388484296768320636e-01 1.137915339098771066e-04 4.324078288575330248e-02 0.000000000000000000e+00
2.325000000000000000e+03 9.300046871797973402e-02 2.290623577605826189e-01 7.230314064633591720e-01 4.551661356395084266e-04 4.745106964041875125e-02 0.000000000000000000e+00
2.350000000000000000e+03 9.400047375795805848e-02 2.406690942193900895e-01 7.045971779699590209e-01 3.413746017296313199e-04 5.439235320892125969e-02 0.000000000000000000e+00
2.375000000000000000e+03 9.500047879793638295e-02 2.572826581702321591e-01 6.812699135184342447e-01 1.137915339098771066e-04 6.133363677742376119e-02 0.000000000000000000e+00
2.400000000000000000e+03 9.600048383791470741e-02 2.652480655439235502e-01 6.720527992717342247e-01 2.275830678197542133e-04 6.247155211652252738e-02 0.000000000000000000e+00
2.425000000000000000e+03 9.700048887789280982e-02 2.860719162494310686e-01 6.321119708693673234e-01 3.413746017296313199e-04 8.147473827947200598e-02 0.000000000000000000e+00
2.450000000000000000e+03 9.800049391787113429e-02 2.951752389622211981e-01 6.096950386891215601e-01 7.965407373691396923e-04 9.433318161128811941e-02 0.000000000000000000e+00
2.475000000000000000e+03 9.900049895784945875e-02 3.216886663632225751e-01 5.692990441511152078e-01 1.251706873008648227e-03 1.077605826126536159e-01 0.000000000000000000e+00
2.500000000000000000e+03 1.000005039978277832e-01 3.298816568047337472e-01 5.461993627674101015e-01 1.365498406918525280e-03 1.225534820209376458e-01 0.000000000000000000e+00
2.525000000000000000e+03 1.010005090378061077e-01 3.575329995448338627e-01 4.997724169321802190e-01 3.641329085116067413e-03 1.390532544378698110e-01 0.000000000000000000e+00
2.550000000000000000e+03 1.020005140777842101e-01 3.716431497496586189e-01 4.593764223941738667e-01 4.551661356395083832e-03 1.644287664997724219e-01 0.000000000000000000e+00
2.575000000000000000e+03 1.030005191177625345e-01 3.895084205735093175e-01 4.202321347291761433e-01 9.217114246700046018e-03 1.810423304506144637e-01 0.000000000000000000e+00
2.600000000000000000e+03 1.040005241577408590e-01 4.066909421939007840e-01 3.867774237596722786e-01 1.092398725534820224e-02 1.956076467910787542e-01 0.000000000000000000e+00
2.625000000000000000e+03 1.050005291977191835e-01 4.063495675921711681e-01 3.599226217569412856e-01 1.752389622212107562e-02 2.162039144287664916e-01 0.000000000000000000e+00
2.650000000000000000e+03 1.060005342376975079e-01 4.129494765589440397e-01 3.429676832043696000e-01 2.753755120619025970e-02 2.165452890304961353e-01 0.000000000000000000e+00
2.675000000000000000e+03 1.070005392776756104e-01 4.137460172963131622e-01 3.150887573964497035e-01 3.550295857988165771e-02 2.356622667273554905e-01 0.000000000000000000e+00
2.700000000000000000e+03 1.080005443176539348e-01 4.098771051433773294e-01 2.988165680473373054e-01 4.289940828402366568e-02 2.484069185252617273e-01 0.000000000000000000e+00
2.725000000000000000e+03 1.090005493576322593e-01 4.093081474738279324e-01 2.886891215293582169e-01 4.039599453800637313e-02 2.616067364588074429e-01 0.000000000000000000e+00
2.750000000000000000e+03 1.100005543976105837e-01 4.012289485662266508e-01 2.836822940373236457e-01 4.255803368229403583e-02 2.725307237141556538e-01 0.000000000000000000e+00
2.775000000000000000e+03 1.110005594375886862e-01 4.142011834319526686e-01 2.746927628584433512e-01 4.597177969959034827e-02 2.651342740100136597e-01 0.000000000000000000e+00
2.800000000000000000e+03 1.120005644775670106e-01 4.220527992717341692e-01 2.573964497041419941e-01 5.029585798816568060e-02 2.702548930359581214e-01 0.000000000000000000e+00
2.825000000000000000e+03 1.130005695175453351e-01 4.236458807464724696e-01 2.534137460172963263e-01 5.507510241238051940e-02 2.678652708238506985e-01 0.000000000000000000e+00
2.850000000000000000e+03 1.140005745575236595e-01 4.229631315430131822e-01 2.534137460172963263e-01 5.871643149749658508e-02 2.649066909421938787e-01 0.000000000000000000e+00
2.875000000000000000e+03 1.150005795975019840e-01 4.270596267637687959e-01 2.501137915339098905e-01 5.860263996358670846e-02 2.642239417387346467e-01 0.000000000000000000e+00
2.900000000000000000e+03 1.160005846374800864e-01 4.351388256713700775e-01 2.439690487027765253e-01 6.474738279472007363e-02 2.561447428311333652e-01 0.000000000000000000e+00
2.925000000000000000e+03 1.170005896774584109e-01 4.357077833409194190e-01 2.385070550751024199e-01 7.077833409194356218e-02 2.550068274920345712e-01 0.000000000000000000e+00
2.950000000000000000e+03 1.180005947174367353e-01 4.371870732817478289e-01 2.279244424214838527e-01 7.111970869367319203e-02 2.637687756030951403e-01 0.000000000000000000e+00
2.975000000000000000e+03 1.190005997574150598e-01 4.369594902139281034e-01 2.179107874374146547e-01 7.669549385525717411e-02 2.684342284934000955e-01 0.000000000000000000e+00
3.000000000000000000e+03 1.200006047973933843e-01 4.506144742831133532e-01 2.057350933090578149e-01 7.737824305871643382e-02 2.662721893491124536e-01 0.000000000000000000e+00
3.025000000000000000e+03 1.210006098373714867e-01 4.344560764679107900e-01 2.009558488848429691e-01 8.978152025489304078e-02 2.748065543923531862e-01 0.000000000000000000e+00
3.050000000000000000e+03 1.220006148773498111e-01 4.288802913063268218e-01 1.976558944014565333e-01 9.342284934000910646e-02 2.800409649522075384e-01 0.000000000000000000e+00
3.075000000000000000e+03 1.230006199173281356e-01 4.309285389167045732e-01 1.868456986800182129e-01 9.160218479745106668e-02 2.906235776058261333e-01 0.000000000000000000e+00
3.100000000000000000e+03 1.240006249573064601e-01 4.376422394173873354e-01 1.746700045516613453e-01 9.035047792444242387e-02 2.973372781065088954e-01 0.000000000000000000e+00
3.125000000000000000e+03 1.250006299972847845e-01 4.534592626308602825e-01 1.637460172963131622e-01 9.524351388256713236e-02 2.875512061902594230e-01 0.000000000000000000e+00
3.150000000000000000e+03 1.260006350372628869e-01 4.468593536640874109e-01 1.558944014565316338e-01 9.717796995903504875e-02 3.000682749203459343e-01 0.000000000000000000e+00
3.175000000000000000e+03 1.270006400772412114e-01 4.458352298588985074e-01 1.513427401001365413e-01 1.062812926718252199e-01 2.965407373691397175e-01 0.000000000000000000e+00
3.200000000000000000e+03 1.280006451172195359e-01 4.526627218934911046e-01 1.382567137005006885e-01 1.045744196631770567e-01 3.045061447428311086e-01 0.000000000000000000e+00
3.225000000000000000e+03 1.290006501571978603e-01 4.427628584433317971e-01 1.308602639963586667e-01 1.019572143832498806e-01 3.244196631770596140e-01 0.000000000000000000e+00
3.250000000000000000e+03 1.300006551971759627e-01 4.490213928083750528e-01 1.284706417842512438e-01 1.011606736458807443e-01 3.213472917614929592e-01 0.000000000000000000e+00
3.275000000000000000e+03 1.310006602371542872e-01 4.538006372325898985e-01 1.231224396904870289e-01 1.011606736458807443e-01 3.219162494310423561e-01 0.000000000000000000e+00
3.300000000000000000e+03 1.320006652771326117e-01 4.505006827492034627e-01 1.158397815202548975e-01 1.028675466545289074e-01 3.307919890760127601e-01 0.000000000000000000e+00
3.325000000000000000e+03 1.330006703171109361e-01 4.643832498862084934e-01 1.088984979517523960e-01 9.751934456076467861e-02 3.291989076012744597e-01 0.000000000000000000e+00
3.350000000000000000e+03 1.340006753570892606e-01 4.680245789713245452e-01 1.019572143832498806e-01 9.877105143377332142e-02 3.312471552116522666e-01 0.000000000000000000e+00
3.375000000000000000e+03 1.350006803970673630e-01 4.672280382339553673e-01 1.009330905780609910e-01 9.535730541647700897e-02 3.364815657715066188e-01 0.000000000000000000e+00
3.400000000000000000e+03 1.360006854370456875e-01 4.556213017751479244e-01 9.865725989986344480e-02 9.205735093309057315e-02 3.536640873918980299e-01 0.000000000000000000e+00
3.425000000000000000e+03 1.370006904770240119e-01 4.763313609467455523e-01 8.852981338188438409e-02 9.296768320436959998e-02 3.421711424670004775e-01 0.000000000000000000e+00
3.450000000000000000e+03 1.380006955170023364e-01 4.792899408284023721e-01 8.944014565316341092e-02 9.308147473827947660e-02 3.381884387801547542e-01 0.000000000000000000e+00
3.475000000000000000e+03 1.390007005569806608e-01 4.662039144287665193e-01 8.318161128812016913e-02 9.558488848429676221e-02 3.550295857988165493e-01 0.000000000000000000e+00
3.500000000000000000e+03 1.400007055969587633e-01 4.631315430131998090e-01 7.976786527082385669e-02 9.126081019572143682e-02 3.658397815202548697e-01 0.000000000000000000e+00
3.525000000000000000e+03 1.410007106369370877e-01 4.725762403277196100e-01 7.453345471096950448e-02 9.399180700955848955e-02 3.588984979517523821e-01 0.000000000000000000e+00
3.550000000000000000e+03 1.420007156769154122e-01 4.782658170232134687e-01 7.146108329540282189e-02 9.376422394173873631e-02 3.565088757396449592e-01 0.000000000000000000e+00
3.575000000000000000e+03 1.430007207168937367e-01 4.814519799726900140e-01 6.372325898953118406e-02 9.604005461993628257e-02 3.587847064178424916e-01 0.000000000000000000e+00
3.600000000000000000e+03 1.440007257568718391e-01 5.029585798816568198e-01 5.951297223486572835e-02 9.626763768775603580e-02 3.412608101957214646e-01 0.000000000000000000e+00
3.625000000000000000e+03 1.450007307968501635e-01 4.977241693218024676e-01 5.917159763313609155e-02 9.478834774692762588e-02 3.483158852981338427e-01 0.000000000000000000e+00
3.650000000000000000e+03 1.460007358368284880e-01 4.896449704142011861e-01 5.848884842967683184e-02 1.012744651797906209e-01 3.505917159763313751e-01 0.000000000000000000e+00
3.675000000000000000e+03 1.470007408768068125e-01 5.044378698224851743e-01 6.167501137915339104e-02 1.073054164770141095e-01 3.265817023213473114e-01 0.000000000000000000e+00
3.700000000000000000e+03 1.480007459167851369e-01 4.982931269913518646e-01 5.883022303140646170e-02 1.107191624943104219e-01 3.321574874829312796e-01 0.000000000000000000e+00
3.725000000000000000e+03 1.490007509567632393e-01 5.053482020937641872e-01 5.746472462448793533e-02 1.070778334091943562e-01 3.301092398725534727e-01 0.000000000000000000e+00
3.750000000000000000e+03 1.500007559967415638e-01 4.877105143377332697e-01 5.530268548020027264e-02 1.084433318161128756e-01 3.485434683659535682e-01 0.000000000000000000e+00
3.775000000000000000e+03 1.510007610367198883e-01 5.055757851615839682e-01 5.678197542102867562e-02 1.136777423759672279e-01 3.239644970414201075e-01 0.000000000000000000e+00
3.800000000000000000e+03 1.520007660766982127e-01 5.072826581702321036e-01 5.723714155666818210e-02 1.125398270368684617e-01 3.229403732362312041e-01 0.000000000000000000e+00
3.825000000000000000e+03 1.530007711166765372e-01 5.040964952207556138e-01 5.461993627674101293e-02 1.227810650887573990e-01 3.185025034137460298e-01 0.000000000000000000e+00
3.850000000000000000e+03 1.540007761566546396e-01 5.139963586709148657e-01 5.131998179335457710e-02 1.210741920801092358e-01 3.136094674556212936e-01 0.000000000000000000e+00
3.875000000000000000e+03 1.550007811966329641e-01 5.220755575785162028e-01 4.858898497951752438e-02 1.197086936731907164e-01 3.096267637687756258e-01 0.000000000000000000e+00
3.900000000000000000e+03 1.560007862366112885e-01 5.356167501137915066e-01 4.483386436049158208e-02 1.194811106053709632e-01 3.000682749203459343e-01 0.000000000000000000e+00
3.925000000000000000e+03 1.570007912765896130e-01 5.204824761037778469e-01 4.676832043695949154e-02 1.239189804278561652e-01 3.088302230314064478e-01 0.000000000000000000e+00
3.950000000000000000e+03 1.580007963165679374e-01 5.374374146563495325e-01 4.972690031861629750e-02 1.273327264451524776e-01 2.855029585798816716e-01 0.000000000000000000e+00
3.975000000000000000e+03 1.590008013565460399e-01 5.546199362767409990e-01 4.688211197086936816e-02 1.256258534365043145e-01 2.728720983158853253e-01 0.000000000000000000e+00
4.000000000000000000e+03 1.600008063965243643e-01 5.393718707328174489e-01 4.904415111515703085e-02 1.285844333181611343e-01 2.829995448338643582e-01 0.000000000000000000e+00
4.025000000000000000e+03 1.610008114365026888e-01 5.575785161583978189e-01 4.915794264906690747e-02 1.290395994538006408e-01 2.642239417387346467e-01 0.000000000000000000e+00
4.050000000000000000e+03 1.620008164764810132e-01 5.438097405553027341e-01 5.063723258989531045e-02 1.316568047337278169e-01 2.738962221210741732e-01 0.000000000000000000e+00
4.075000000000000000e+03 1.630008215164591157e-01 5.543923532089212181e-01 4.961310878470642088e-02 1.345015930814747462e-01 2.614929449248976079e-01 0.000000000000000000e+00
4.100000000000000000e+03 1.640008265564374401e-01 5.583750568957669413e-01 5.086481565771506369e-02 1.420118343195266308e-01 2.487482931269913433e-01 0.000000000000000000e+00
4.125000000000000000e+03 1.650008315964157646e-01 5.473372781065088954e-01 5.473372781065088954e-02 1.398497951752389612e-01 2.580791989076012816e-01 0.000000000000000000e+00
4.150000000000000000e+03 1.660008366363940890e-01 5.343650432407829332e-01 5.473372781065088954e-02 1.448566226672735602e-01 2.660446062812926726e-01 0.000000000000000000e+00
4.175000000000000000e+03 1.670008416763724135e-01 5.482476103777879084e-01 5.336822940373236318e-02 1.457669549385525731e-01 2.526172052799271484e-01 0.000000000000000000e+00
4.200000000000000000e+03 1.680008467163505159e-01 5.499544833864360438e-01 5.109239872553481693e-02 1.531634046426945950e-01 2.457897132453345512e-01 0.000000000000000000e+00
4.225000000000000000e+03 1.690008517563288404e-01 5.526854802002730827e-01 4.904415111515703085e-02 1.548702776513427304e-01 2.434000910332271284e-01 0.000000000000000000e+00
4.250000000000000000e+03 1.700008567963071648e-01 5.558716431497496835e-01 5.040964952207555722e-02 1.566909421939007840e-01 2.370277651342740100e-01 0.000000000000000000e+00
4.275000000000000000e+03 1.710008618362854893e-01 5.613336367774237612e-01 5.131998179335457710e-02 1.611288120163859861e-01 2.262175694128356895e-01 0.000000000000000000e+00
4.300000000000000000e+03 1.720008668762638138e-01 5.807919890760127046e-01 5.154756486117433034e-02 1.762630860263996457e-01 1.913973600364132777e-01 0.000000000000000000e+00
4.325000000000000000e+03 1.730008719162419162e-01 5.542785616750113276e-01 5.518889394629039602e-02 1.784251251706872876e-01 2.121074192080109333e-01 0.000000000000000000e+00
4.350000000000000000e+03 1.740008769562202406e-01 5.642922166590805810e-01 5.609922621756941591e-02 1.816112881201638607e-01 1.979972690031861493e-01 0.000000000000000000e+00
4.375000000000000000e+03 1.750008819961985651e-01 5.664542558033682784e-01 5.587164314974965573e-02 1.868456986800182129e-01 1.908284023668639084e-01 0.000000000000000000e+00
4.400000000000000000e+03 1.760008870361768896e-01 5.751024123805188459e-01 5.484751934456076616e-02 1.884387801547564856e-01 1.816112881201638607e-01 0.000000000000000000e+00
4.425000000000000000e+03 1.770008920761549920e-01 5.749886208466090665e-01 5.439235320892125969e-02 1.890077378243058825e-01 1.816112881201638607e-01 0.000000000000000000e+00
4.450000000000000000e+03 1.780008971161333164e-01 5.748748293126991760e-01 5.564406008192990249e-02 1.870732817478379661e-01 1.824078288575330109e-01 0.000000000000000000e+00
4.475000000000000000e+03 1.790009021561116409e-01 5.729403732362312596e-01 5.985434683659535821e-02 1.912835685025034149e-01 1.759217114246700020e-01 0.000000000000000000e+00
4.500000000000000000e+03 1.800009071960899654e-01 5.751024123805188459e-01 5.678197542102867562e-02 1.926490669094219343e-01 1.754665452890304955e-01 0.000000000000000000e+00
4.525000000000000000e+03 1.810009122360682898e-01 5.733955393718707105e-01 5.416477014110149951e-02 1.983386436049157930e-01 1.741010468821119761e-01 0.000000000000000000e+00
4.550000000000000000e+03 1.820009172760463922e-01 5.677059626763768518e-01 5.473372781065088954e-02 2.030040964952207483e-01 1.745562130177514826e-01 0.000000000000000000e+00
4.575000000000000000e+03 1.830009223160247167e-01 5.695266272189348777e-01 5.951297223486572835e-02 2.075557578516158408e-01 1.634046426945835184e-01 0.000000000000000000e+00
4.600000000000000000e+03 1.840009273560030412e-01 5.747610377787892855e-01 5.905780609922621494e-02 2.034592626308602548e-01 1.627218934911242587e-01 0.000000000000000000e+00
4.625000000000000000e+03 1.850009323959813656e-01 5.689576695493855363e-01 6.235776058261265076e-02 2.105143377332726329e-01 1.581702321347291662e-01 0.000000000000000000e+00
4.650000000000000000e+03 1.860009374359596901e-01 5.745334547109695045e-01 6.099226217569413133e-02 2.088074647246244975e-01 1.556668183887118806e-01 0.000000000000000000e+00
4.675000000000000000e+03 1.870009424759377925e-01 5.697542102867546587e-01 6.497496586253982687e-02 2.148384160218479721e-01 1.504324078288575284e-01 0.000000000000000000e+00
4.700000000000000000e+03 1.880009475159161170e-01 5.854574419663176599e-01 5.985434683659535821e-02 2.175694128356850388e-01 1.371187983614019223e-01 0.000000000000000000e+00
4.725000000000000000e+03 1.890009525558944414e-01 5.789713245334546787e-01 6.099226217569413133e-02 2.195038689121529274e-01 1.405325443786982209e-01 0.000000000000000000e+00
4.750000000000000000e+03 1.900009575958727659e-01 5.798816568047336917e-01 6.133363677742376119e-02 2.280382339553937154e-01 1.307464724624488039e-01 0.000000000000000000e+00
4.775000000000000000e+03 1.910009626358510904e-01 5.712335002275830131e-01 6.030951297223486468e-02 2.317933545744196577e-01 1.366636322257624159e-01 0.000000000000000000e+00
4.800000000000000000e+03 1.920009676758291928e-01 5.716886663632225751e-01 6.008192990441511144e-02 2.315657715065999045e-01 1.366636322257624159e-01 0.000000000000000000e+00
4.825000000000000000e+03 1.930009727158075172e-01 5.773782430587164338e-01 5.883022303140646170e-02 2.340691852526172179e-01 1.297223486572599005e-01 0.000000000000000000e+00
4.850000000000000000e+03 1.940009777557858417e-01 5.730541647701411501e-01 6.451979972690032039e-02 2.378243058716431602e-01 1.246017296313154249e-01 0.000000000000000000e+00
4.875000000000000000e+03 1.950009827957641662e-01 5.842057350933090865e-01 6.315430131998178709e-02 2.325898953117888079e-01 1.200500682749203463e-01 0.000000000000000000e+00
4.900000000000000000e+03 1.960009878357422686e-01 5.781747837960855563e-01 6.565771506599908658e-02 2.380518889394629134e-01 1.181156121984524299e-01 0.000000000000000000e+00
4.925000000000000000e+03 1.970009928757205930e-01 5.735093309057806010e-01 6.406463359126081392e-02 2.446517979062357850e-01 1.177742375967228000e-01 0.000000000000000000e+00
4.950000000000000000e+03 1.980009979156989175e-01 5.757851615839781889e-01 6.338188438780155420e-02 2.477241693218024676e-01 1.131087847064178448e-01 0.000000000000000000e+00
4.975000000000000000e+03 1.990010029556772420e-01 5.615612198452435422e-01 6.599908966772871644e-02 2.573964497041419941e-01 1.150432407828857473e-01 0.000000000000000000e+00
5.000000000000000000e+03 2.000010079956555664e-01 5.678197542102867423e-01 6.326809285389166371e-02 2.614929449248976079e-01 1.074192080109239861e-01 0.000000000000000000e+00
5.025000000000000000e+03 2.010010130356336688e-01 5.650887573964497035e-01 6.668183887118799003e-02 2.671825216203914666e-01 1.010468821119708677e-01 0.000000000000000000e+00
5.050000000000000000e+03 2.020010180756119933e-01 5.739644970414201630e-01 6.395084205735093730e-02 2.704824761037779024e-01 9.160218479745106668e-02 0.000000000000000000e+00
5.075000000000000000e+03 2.030010231155903178e-01 5.654301319981793750e-01 6.781975421028675621e-02 2.765134274010013771e-01 9.023668639053254725e-02 0.000000000000000000e+00
5.100000000000000000e+03 2.040010281555686422e-01 5.623577605826126646e-01 6.577150659990896320e-02 2.881201638598088199e-01 8.375056895766955223e-02 0.000000000000000000e+00
5.125000000000000000e+03 2.050010331955469667e-01 5.624715521165225551e-01 6.486117432862995025e-02 2.903959945380063523e-01 8.227127901684114231e-02 0.000000000000000000e+00
5.150000000000000000e+03 2.060010382355250691e-01 5.630405097860718966e-01 6.281292671825215723e-02 2.894856622667273394e-01 8.466090122894856518e-02 0.000000000000000000e+00
5.175000000000000000e+03 2.070010432755033936e-01 5.657715065999089354e-01 6.451979972690032039e-02 2.891442876649977234e-01 8.056440600819299303e-02 0.000000000000000000e+00
5.200000000000000000e+03 2.080010483154817180e-01 5.559854346836595740e-01 7.020937642239417908e-02 2.948338643604915821e-01 7.897132453345470648e-02 0.000000000000000000e+00
5.225000000000000000e+03 2.090010533554600425e-01 5.609922621756940897e-01 6.781975421028675621e-02 2.943786982248520756e-01 7.669549385525717411e-02 1.137915339098771066e-04
5.250000000000000000e+03 2.100010583954383669e-01 5.639508420573509095e-01 6.838871187983613931e-02 2.979062357760582369e-01 6.975421028675465873e-02 0.000000000000000000e+00
5.275000000000000000e+03 2.110010634354164694e-01 5.540509786071916576e-01 6.804733727810650945e-02 2.988165680473373054e-01 7.908511606736458310e-02 0.000000000000000000e+00
5.300000000000000000e+03 2.120010684753947938e-01 5.550751024123805610e-01 7.123350022758306865e-02 3.010923987255348377e-01 7.259899863450158808e-02 0.000000000000000000e+00
5.325000000000000000e+03 2.130010735153731183e-01 5.637232589895311285e-01 7.111970869367319203e-02 2.999544833864360438e-01 6.520254893035958010e-02 0.000000000000000000e+00
5.350000000000000000e+03 2.140010785553514427e-01 5.573509330905780379e-01 7.248520710059171146e-02 3.017751479289940697e-01 6.838871187983613931e-02 0.000000000000000000e+00
5.375000000000000000e+03 2.150010835953295452e-01 5.695266272189348777e-01 7.032316795630405570e-02 3.015475648611743442e-01 5.860263996358670846e-02 0.000000000000000000e+00
5.400000000000000000e+03 2.160010886353078696e-01 5.588302230314065033e-01 7.191624943104232837e-02 3.136094674556212936e-01 5.564406008192990249e-02 0.000000000000000000e+00
5.425000000000000000e+03 2.170010936752861941e-01 5.620163859808829931e-01 7.055075102412380894e-02 3.128129267182521711e-01 5.439235320892125969e-02 2.275830678197542133e-04
5.450000000000000000e+03 2.180010987152645185e-01 5.538233955393718766e-01 7.259899863450158808e-02 3.186162949476559203e-01 5.496131087847064278e-02 0.000000000000000000e+00
5.475000000000000000e+03 2.190011037552428430e-01 5.507510241238051663e-01 7.066454255803368556e-02 3.214610832954028496e-01 5.712335002275830548e-02 0.000000000000000000e+00
5.500000000000000000e+03 2.200011087952209454e-01 5.560992262175694645e-01 6.543013199817933334e-02 3.284023668639053373e-01 5.006827492034592736e-02 0.000000000000000000e+00
5.525000000000000000e+03 2.210011138351992699e-01 5.447200728265817471e-01 6.634046426945834629e-02 3.340919435593991960e-01 5.484751934456076616e-02 0.000000000000000000e+00
5.550000000000000000e+03 2.220011188751775943e-01 5.419890760127445972e-01 6.679563040509786664e-02 3.446745562130177354e-01 4.654073736913973830e-02 0.000000000000000000e+00
5.575000000000000000e+03 2.230011239151559188e-01 5.464269458352298825e-01 6.622667273554846967e-02 3.450159308147474069e-01 4.233045061447428259e-02 0.000000000000000000e+00
5.600000000000000000e+03 2.240011289551342433e-01 5.421028675466544877e-01 6.497496586253982687e-02 3.458124715521165293e-01 4.710969503868912139e-02 0.000000000000000000e+00
5.625000000000000000e+03 2.250011339951123457e-01 5.314064633591261133e-01 6.372325898953118406e-02 3.606053709604005730e-01 4.426490669094219205e-02 0.000000000000000000e+00
5.650000000000000000e+03 2.260011390350906701e-01 5.356167501137915066e-01 6.725079654073737312e-02 3.565088757396449592e-01 4.039599453800637313e-02 2.275830678197542133e-04
5.675000000000000000e+03 2.270011440750689946e-01 5.355029585798816161e-01 6.508875739644970349e-02 3.538916704597178109e-01 4.540282203004096517e-02 1.137915339098771066e-04
