# itime ezz other fcc hcp bcc ico
0.000000000000000000e+00 0.000000000000000000e+00 9.103322712790168532e-04 9.990896677287209870e-01 0.000000000000000000e+00 0.000000000000000000e+00 0.000000000000000000e+00
3.000000000000000000e+00 1.199995583139212840e-03 1.706873008648156654e-03 9.982931269913518646e-01 0.000000000000000000e+00 0.000000000000000000e+00 0.000000000000000000e+00
6.000000000000000000e+00 2.399991166278425681e-03 1.024123805188893906e-03 9.989758761948110966e-01 0.000000000000000000e+00 0.000000000000000000e+00 0.000000000000000000e+00
9.000000000000000000e+00 3.599986749417638521e-03 4.551661356395084266e-04 9.995448338643604380e-01 0.000000000000000000e+00 0.000000000000000000e+00 0.000000000000000000e+00
1.200000000000000000e+01 4.799982332556629316e-03 4.551661356395084266e-04 9.995448338643604380e-01 0.000000000000000000e+00 0.000000000000000000e+00 0.000000000000000000e+00
1.500000000000000000e+01 5.999977915695842157e-03 7.965407373691396923e-04 9.992034592626308775e-01 0.000000000000000000e+00 0.000000000000000000e+00 0.000000000000000000e+00
1.800000000000000000e+01 7.199973498835054997e-03 1.137915339098770958e-03 9.988620846609012061e-01 0.000000000000000000e+00 0.000000000000000000e+00 0.000000000000000000e+00
2.100000000000000000e+01 8.399969081974267837e-03 1.137915339098770958e-03 9.988620846609012061e-01 0.000000000000000000e+00 0.000000000000000000e+00 0.000000000000000000e+00
2.400000000000000000e+01 9.599964665113480677e-03 9.103322712790168532e-04 9.990896677287209870e-01 0.000000000000000000e+00 0.000000000000000000e+00 0.000000000000000000e+00
2.700000000000000000e+01 1.079996024825269352e-02 6.827492034592626399e-04 9.993172507965407680e-01 0.000000000000000000e+00 0.000000000000000000e+00 0.000000000000000000e+00
3.000000000000000000e+01 1.199995583139190636e-02 1.479289940828402332e-03 9.985207100591716456e-01 0.000000000000000000e+00 0.000000000000000000e+00 0.000000000000000000e+00
3.300000000000000000e+01 1.319995141453089715e-02 1.706873008648156654e-03 9.982931269913518646e-01 0.000000000000000000e+00 0.000000000000000000e+00 0.000000000000000000e+00
3.600000000000000000e+01 1.439994699767010999e-02 1.251706873008648227e-03 9.987482931269913156e-01 0.000000000000000000e+00 0.000000000000000000e+00 0.000000000000000000e+00
3.900000000000000000e+01 1.559994258080932283e-02 1.024123805188893906e-03 9.989758761948110966e-01 0.000000000000000000e+00 0.000000000000000000e+00 0.000000000000000000e+00
4.200000000000000000e+01 1.679993816394853567e-02 1.479289940828402332e-03 9.985207100591716456e-01 0.000000000000000000e+00 0.000000000000000000e+00 0.000000000000000000e+00
4.500000000000000000e+01 1.799993374708774851e-02 1.820664542558033706e-03 9.981793354574419741e-01 0.000000000000000000e+00 0.000000000000000000e+00 0.000000000000000000e+00
4.800000000000000000e+01 1.919992933022696135e-02 1.251706873008648227e-03 9.987482931269913156e-01 0.000000000000000000e+00 0.000000000000000000e+00 0.000000000000000000e+00
5.100000000000000000e+01 2.039992491336617420e-02 1.820664542558033706e-03 9.981793354574419741e-01 0.000000000000000000e+00 0.000000000000000000e+00 0.000000000000000000e+00
5.400000000000000000e+01 2.159992049650516499e-02 2.162039144287664864e-03 9.977241693218024121e-01 0.000000000000000000e+00 1.137915339098771066e-04 0.000000000000000000e+00
5.700000000000000000e+01 2.279991607964437783e-02 1.934456076467910759e-03 9.978379608557123026e-01 0.000000000000000000e+00 2.275830678197542133e-04 0.000000000000000000e+00
6.000000000000000000e+01 2.399991166278359067e-02 1.706873008648156654e-03 9.980655439235320836e-01 0.000000000000000000e+00 2.275830678197542133e-04 0.000000000000000000e+00
6.300000000000000000e+01 2.519990724592280351e-02 1.934456076467910759e-03 9.980655439235320836e-01 0.000000000000000000e+00 0.000000000000000000e+00 0.000000000000000000e+00
6.600000000000000000e+01 2.639990282906201635e-02 2.275830678197541916e-03 9.977241693218024121e-01 0.000000000000000000e+00 0.000000000000000000e+00 0.000000000000000000e+00
6.900000000000000000e+01 2.759989841220122919e-02 2.275830678197541916e-03 9.977241693218024121e-01 0.000000000000000000e+00 0.000000000000000000e+00 0.000000000000000000e+00
7.200000000000000000e+01 2.879989399534044203e-02 2.048247610377787811e-03 9.979517523896221931e-01 0.000000000000000000e+00 0.000000000000000000e+00 0.000000000000000000e+00
7.500000000000000000e+01 2.999988957847943283e-02 2.503413746017296455e-03 9.973827947200728516e-01 0.000000000000000000e+00 1.137915339098771066e-04 0.000000000000000000e+00
7.800000000000000000e+01 3.119988516161864567e-02 2.503413746017296455e-03 9.972690031861629611e-01 0.000000000000000000e+00 2.275830678197542133e-04 0.000000000000000000e+00
8.100000000000000000e+01 3.239988074475785851e-02 2.162039144287664864e-03 9.976103777878926326e-01 0.000000000000000000e+00 2.275830678197542133e-04 0.000000000000000000e+00
8.400000000000000000e+01 3.359987632789707135e-02 2.389622212107419402e-03 9.976103777878926326e-01 0.000000000000000000e+00 0.000000000000000000e+00 0.000000000000000000e+00
8.700000000000000000e+01 3.479987191103628419e-02 2.958579881656804664e-03 9.970414201183431802e-01 0.000000000000000000e+00 0.000000000000000000e+00 0.000000000000000000e+00
9.000000000000000000e+01 3.599986749417549703e-02 3.755120619025944465e-03 9.960172963131542767e-01 0.000000000000000000e+00 2.275830678197542133e-04 0.000000000000000000e+00
9.300000000000000000e+01 3.719986307731470987e-02 5.006827492034592909e-03 9.948793809740554828e-01 0.000000000000000000e+00 1.137915339098771066e-04 0.000000000000000000e+00
9.600000000000000000e+01 3.839985866045370067e-02 6.486117432862995025e-03 9.931725079654073474e-01 0.000000000000000000e+00 3.413746017296313199e-04 0.000000000000000000e+00
9.900000000000000000e+01 3.959985424359291351e-02 6.258534365043240920e-03 9.935138825671370189e-01 0.000000000000000000e+00 2.275830678197542133e-04 0.000000000000000000e+00
1.020000000000000000e+02 4.079984982673212635e-02 5.006827492034592909e-03 9.947655894401457033e-01 0.000000000000000000e+00 2.275830678197542133e-04 0.000000000000000000e+00
1.050000000000000000e+02 4.199984540987133919e-02 4.324078288575329727e-03 9.955621301775148257e-01 0.000000000000000000e+00 1.137915339098771066e-04 0.000000000000000000e+00
1.080000000000000000e+02 4.319984099301055203e-02 3.413746017296313308e-03 9.965862539827037292e-01 0.000000000000000000e+00 0.000000000000000000e+00 0.000000000000000000e+00
1.110000000000000000e+02 4.439983657614976487e-02 6.372325898953117539e-03 9.936276741010469093e-01 0.000000000000000000e+00 0.000000000000000000e+00 0.000000000000000000e+00
1.140000000000000000e+02 4.559983215928897771e-02 7.055075102412380721e-03 9.929449248975875664e-01 0.000000000000000000e+00 0.000000000000000000e+00 0.000000000000000000e+00
1.170000000000000000e+02 4.679982774242796850e-02 7.055075102412380721e-03 9.926035502958580059e-01 0.000000000000000000e+00 3.413746017296313199e-04 0.000000000000000000e+00
1.200000000000000000e+02 4.799982332556718134e-02 7.396449704142011444e-03 9.921483841602184439e-01 0.000000000000000000e+00 4.551661356395084266e-04 0.000000000000000000e+00
1.230000000000000000e+02 4.919981890870639418e-02 8.761948111060537808e-03 9.910104688211197610e-01 0.000000000000000000e+00 2.275830678197542133e-04 0.000000000000000000e+00
1.260000000000000000e+02 5.039981449184560702e-02 9.899863450159307465e-03 9.901001365498406370e-01 0.000000000000000000e+00 0.000000000000000000e+00 0.000000000000000000e+00
1.290000000000000000e+02 5.159981007498481986e-02 1.012744651797906244e-02 9.897587619481110766e-01 0.000000000000000000e+00 1.137915339098771066e-04 0.000000000000000000e+00
1.320000000000000000e+02 5.279980565812403270e-02 1.251706873008648184e-02 9.870277651342740377e-01 0.000000000000000000e+00 4.551661356395084266e-04 0.000000000000000000e+00
1.350000000000000000e+02 5.399980124126324554e-02 1.331360946745562164e-02 9.861174328629950248e-01 0.000000000000000000e+00 5.689576695493854790e-04 0.000000000000000000e+00
1.380000000000000000e+02 5.519979682440223634e-02 1.297223486572599005e-02 9.864588074647245852e-01 0.000000000000000000e+00 5.689576695493854790e-04 0.000000000000000000e+00
1.410000000000000000e+02 5.639979240754144918e-02 1.638598088302230249e-02 9.831588529813382049e-01 0.000000000000000000e+00 4.551661356395084266e-04 0.000000000000000000e+00
1.440000000000000000e+02 5.759978799068066202e-02 1.570323167956303931e-02 9.838416021847974369e-01 0.000000000000000000e+00 4.551661356395084266e-04 0.000000000000000000e+00
1.470000000000000000e+02 5.879978357381987486e-02 1.399635867091488309e-02 9.857760582612653533e-01 0.000000000000000000e+00 2.275830678197542133e-04 0.000000000000000000e+00
1.500000000000000000e+02 5.999977915695908770e-02 1.433773327264451468e-02 9.850933090578061213e-01 0.000000000000000000e+00 5.689576695493854790e-04 0.000000000000000000e+00
1.530000000000000000e+02 6.119977474009830054e-02 1.661356395084205573e-02 9.825898953117887524e-01 0.000000000000000000e+00 7.965407373691396923e-04 0.000000000000000000e+00
1.560000000000000000e+02 6.239977032323751338e-02 1.775147928994082885e-02 9.809968138370505075e-01 0.000000000000000000e+00 1.251706873008648227e-03 0.000000000000000000e+00
1.590000000000000000e+02 6.359976590637650418e-02 2.048247610377787811e-02 9.783796085571233592e-01 0.000000000000000000e+00 1.137915339098770958e-03 0.000000000000000000e+00
1.620000000000000000e+02 6.479976148951571702e-02 2.492034592626308706e-02 9.732589895311788419e-01 0.000000000000000000e+00 1.820664542558033706e-03 0.000000000000000000e+00
1.650000000000000000e+02 6.599975707265492986e-02 2.787892580791988956e-02 9.705279927173418031e-01 0.000000000000000000e+00 1.593081474738279385e-03 0.000000000000000000e+00
1.680000000000000000e+02 6.719975265579414270e-02 2.833409194355939950e-02 9.706417842512516936e-01 0.000000000000000000e+00 1.024123805188893906e-03 0.000000000000000000e+00
1.710000000000000000e+02 6.839974823893335554e-02 3.197542102867546865e-02 9.668866636322257513e-01 0.000000000000000000e+00 1.137915339098770958e-03 0.000000000000000000e+00
1.740000000000000000e+02 6.959974382207256838e-02 3.368229403732362487e-02 9.656349567592170668e-01 0.000000000000000000e+00 6.827492034592626399e-04 0.000000000000000000e+00
1.770000000000000000e+02 7.079973940521178122e-02 3.413746017296313134e-02 9.646108329540282744e-01 0.000000000000000000e+00 1.251706873008648227e-03 0.000000000000000000e+00
1.800000000000000000e+02 7.199973498835077201e-02 3.482020937642239106e-02 9.634729176149294805e-01 0.000000000000000000e+00 1.706873008648156654e-03 0.000000000000000000e+00
1.830000000000000000e+02 7.319973057148998485e-02 4.016841147018661989e-02 9.581247155211651823e-01 0.000000000000000000e+00 1.706873008648156654e-03 0.000000000000000000e+00
1.860000000000000000e+02 7.439972615462919769e-02 3.857532999544834029e-02 9.594902139280837572e-01 0.000000000000000000e+00 1.934456076467910759e-03 0.000000000000000000e+00
1.890000000000000000e+02 7.559972173776841053e-02 3.868912152935821691e-02 9.598315885298134287e-01 0.000000000000000000e+00 1.479289940828402332e-03 0.000000000000000000e+00
1.920000000000000000e+02 7.679971732090762337e-02 3.903049613108784677e-02 9.594902139280837572e-01 0.000000000000000000e+00 1.479289940828402332e-03 0.000000000000000000e+00
1.950000000000000000e+02 7.799971290404683621e-02 4.358215748748293233e-02 9.545971779699590209e-01 0.000000000000000000e+00 1.820664542558033706e-03 0.000000000000000000e+00
1.980000000000000000e+02 7.919970848718604906e-02 4.710969503868912139e-02 9.502730996813837372e-01 0.000000000000000000e+00 2.617205279927173507e-03 0.000000000000000000e+00
2.010000000000000000e+02 8.039970407032503985e-02 4.915794264906690747e-02 9.492489758761948337e-01 0.000000000000000000e+00 1.593081474738279385e-03 0.000000000000000000e+00
2.040000000000000000e+02 8.159969965346425269e-02 5.302685480200273332e-02 9.444697314519799880e-01 0.000000000000000000e+00 2.503413746017296455e-03 0.000000000000000000e+00
2.070000000000000000e+02 8.279969523660346553e-02 5.530268548020027264e-02 9.426490669094219621e-01 0.000000000000000000e+00 2.048247610377787811e-03 0.000000000000000000e+00
2.100000000000000000e+02 8.399969081974267837e-02 5.336822940373236318e-02 9.446973145197997690e-01 0.000000000000000000e+00 1.934456076467910759e-03 0.000000000000000000e+00
2.130000000000000000e+02 8.519968640288189121e-02 6.042330450614474130e-02 9.375284478834774449e-01 0.000000000000000000e+00 2.048247610377787811e-03 0.000000000000000000e+00
2.160000000000000000e+02 8.639968198602110405e-02 6.349567592171143082e-02 9.342284934000910646e-01 0.000000000000000000e+00 2.275830678197541916e-03 0.000000000000000000e+00
2.190000000000000000e+02 8.759967756916031689e-02 7.305416477014110843e-02 9.239872553482021411e-01 0.000000000000000000e+00 2.958579881656804664e-03 0.000000000000000000e+00
2.220000000000000000e+02 8.879967315229930769e-02 7.350933090578061491e-02 9.226217569412835662e-01 0.000000000000000000e+00 3.868912152935821518e-03 0.000000000000000000e+00
2.250000000000000000e+02 8.999966873543852053e-02 7.840236686390532339e-02 9.180700955848885014e-01 0.000000000000000000e+00 3.527537551206190360e-03 0.000000000000000000e+00
2.280000000000000000e+02 9.119966431857773337e-02 8.830223031406463086e-02 9.078288575329995780e-01 0.000000000000000000e+00 3.868912152935821518e-03 0.000000000000000000e+00
2.310000000000000000e+02 9.239965990171694621e-02 9.353664087391898307e-02 9.014565316340463763e-01 0.000000000000000000e+00 5.006827492034592909e-03 0.000000000000000000e+00
2.340000000000000000e+02 9.359965548485615905e-02 9.717796995903504875e-02 8.974738279472007640e-01 0.000000000000000000e+00 5.348202093764223633e-03 0.000000000000000000e+00
2.370000000000000000e+02 9.479965106799537189e-02 1.007055075102412378e-01 8.936049157942649313e-01 0.000000000000000000e+00 5.689576695493855224e-03 0.000000000000000000e+00
2.400000000000000000e+02 9.599964665113458473e-02 1.134501593081474746e-01 8.805188893946290785e-01 0.000000000000000000e+00 6.030951297223486815e-03 0.000000000000000000e+00
2.430000000000000000e+02 9.719964223427357553e-02 1.181156121984524299e-01 8.753982703686845612e-01 0.000000000000000000e+00 6.486117432862995025e-03 0.000000000000000000e+00
2.460000000000000000e+02 9.839963781741278837e-02 1.335912608101957333e-01 8.583295402822029851e-01 0.000000000000000000e+00 8.079198907601274626e-03 0.000000000000000000e+00
2.490000000000000000e+02 9.959963340055200121e-02 1.489531178880291185e-01 8.422849340009103125e-01 0.000000000000000000e+00 8.761948111060537808e-03 0.000000000000000000e+00
2.520000000000000000e+02 1.007996289836912140e-01 1.652253072371415443e-01 8.247610377787892855e-01 0.000000000000000000e+00 1.001365498406918582e-02 0.000000000000000000e+00
2.550000000000000000e+02 1.019996245668304269e-01 1.787664997724169313e-01 8.116750113791534327e-01 0.000000000000000000e+00 9.558488848429677609e-03 0.000000000000000000e+00
2.580000000000000000e+02 1.031996201499696397e-01 1.857077833409194467e-01 8.041647701411015481e-01 0.000000000000000000e+00 1.012744651797906244e-02 0.000000000000000000e+00
2.610000000000000000e+02 1.043996157331088526e-01 1.886663632225762388e-01 7.985889849795174689e-01 0.000000000000000000e+00 1.274465179790623508e-02 0.000000000000000000e+00
2.640000000000000000e+02 1.055996113162478434e-01 1.993627674101046965e-01 7.878925807919890945e-01 0.000000000000000000e+00 1.274465179790623508e-02 0.000000000000000000e+00
2.670000000000000000e+02 1.067996068993870562e-01 2.114246700045516736e-01 7.744651797906235702e-01 1.137915339098771066e-04 1.399635867091488309e-02 0.000000000000000000e+00
2.700000000000000000e+02 1.079996024825262690e-01 2.322485207100591642e-01 7.528447883477469293e-01 0.000000000000000000e+00 1.490669094219390124e-02 0.000000000000000000e+00
2.730000000000000000e+02 1.091995980656654819e-01 2.487482931269913433e-01 7.361174328629950248e-01 0.000000000000000000e+00 1.513427401001365448e-02 0.000000000000000000e+00
2.760000000000000000e+02 1.103995936488046947e-01 2.638825671370050308e-01 7.191624943104233392e-01 0.000000000000000000e+00 1.695493855257168905e-02 0.000000000000000000e+00
2.790000000000000000e+02 1.115995892319439076e-01 2.727583067819754348e-01 7.089212562585344157e-01 0.000000000000000000e+00 1.832043695949021542e-02 0.000000000000000000e+00
2.820000000000000000e+02 1.127995848150831204e-01 2.847064178425124936e-01 6.970869367319071364e-01 0.000000000000000000e+00 1.820664542558033533e-02 0.000000000000000000e+00
2.850000000000000000e+02 1.139995803982221112e-01 2.960855712335002110e-01 6.860491579426490905e-01 0.000000000000000000e+00 1.786527082385070547e-02 0.000000000000000000e+00
2.880000000000000000e+02 1.151995759813613240e-01 3.149749658625398130e-01 6.669321802457897075e-01 0.000000000000000000e+00 1.809285389167045871e-02 0.000000000000000000e+00
2.910000000000000000e+02 1.163995715645005369e-01 3.256713700500682984e-01 6.517979062357760478e-01 1.137915339098771066e-04 2.241693218024579104e-02 0.000000000000000000e+00
2.940000000000000000e+02 1.175995671476397497e-01 3.368229403732362348e-01 6.392808375056895365e-01 1.137915339098771066e-04 2.378243058716431393e-02 0.000000000000000000e+00
2.970000000000000000e+02 1.187995627307789626e-01 3.477469276285844457e-01 6.274465179790623681e-01 1.137915339098771066e-04 2.469276285844333035e-02 0.000000000000000000e+00
3.000000000000000000e+02 1.199995583139181754e-01 3.592398725534819981e-01 6.154984069185253093e-01 1.137915339098771066e-04 2.514792899408284030e-02 0.000000000000000000e+00
3.030000000000000000e+02 1.211995538970573882e-01 3.732362312243969193e-01 5.987710514337732937e-01 0.000000000000000000e+00 2.799271734182976618e-02 0.000000000000000000e+00
3.060000000000000000e+02 1.223995494801963790e-01 3.930359581247155343e-01 5.781747837960855563e-01 0.000000000000000000e+00 2.878925807919890598e-02 0.000000000000000000e+00
3.090000000000000000e+02 1.235995450633355919e-01 4.056668183887118806e-01 5.620163859808829931e-01 0.000000000000000000e+00 3.231679563040509851e-02 0.000000000000000000e+00
3.120000000000000000e+02 1.247995406464748047e-01 4.168183887118798170e-01 5.485889849795174689e-01 0.000000000000000000e+00 3.459262630860263782e-02 0.000000000000000000e+00
3.150000000000000000e+02 1.259995362296140176e-01 4.335457441966317771e-01 5.298133818843877574e-01 0.000000000000000000e+00 3.664087391898043083e-02 0.000000000000000000e+00
3.180000000000000000e+02 1.271995318127532304e-01 4.515248065543923661e-01 5.097860719162494725e-01 0.000000000000000000e+00 3.868912152935821691e-02 0.000000000000000000e+00
3.210000000000000000e+02 1.283995273958924432e-01 4.659763313609467383e-01 4.894173873463814051e-01 1.137915339098771066e-04 4.449248975876194528e-02 0.000000000000000000e+00
3.240000000000000000e+02 1.295995229790316561e-01 4.755348202093764298e-01 4.756486117432863203e-01 0.000000000000000000e+00 4.881656804733727761e-02 0.000000000000000000e+00
3.270000000000000000e+02 1.307995185621706469e-01 4.902139280837505830e-01 4.601729631315429891e-01 0.000000000000000000e+00 4.961310878470642088e-02 0.000000000000000000e+00
3.300000000000000000e+02 1.319995141453098597e-01 5.039827036868457233e-01 4.436731907146108100e-01 1.137915339098771066e-04 5.223031406463359005e-02 0.000000000000000000e+00
3.330000000000000000e+02 1.331995097284490726e-01 5.196859353664087244e-01 4.246700045516613731e-01 3.413746017296313199e-04 5.530268548020027264e-02 0.000000000000000000e+00
3.360000000000000000e+02 1.343995053115882854e-01 5.441511151570322946e-01 4.004324078288575284e-01 3.413746017296313199e-04 5.507510241238051940e-02 0.000000000000000000e+00
3.390000000000000000e+02 1.355995008947274982e-01 5.558716431497496835e-01 3.842740100136549652e-01 4.551661356395084266e-04 5.939918070095585173e-02 0.000000000000000000e+00
3.420000000000000000e+02 1.367994964778667111e-01 5.751024123805188459e-01 3.636777423759672279e-01 2.275830678197542133e-04 6.099226217569413133e-02 0.000000000000000000e+00
3.450000000000000000e+02 1.379994920610059239e-01 5.847746927628584279e-01 3.503641329085115941e-01 5.689576695493854790e-04 6.429221665908056715e-02 0.000000000000000000e+00
3.480000000000000000e+02 1.391994876441449147e-01 6.020710059171597850e-01 3.330678197542102925e-01 1.024123805188893906e-03 6.383705052344106068e-02 0.000000000000000000e+00
3.510000000000000000e+02 1.403994832272841276e-01 6.193673190714610310e-01 3.130405097860718966e-01 1.365498406918525280e-03 6.622667273554846967e-02 0.000000000000000000e+00
3.540000000000000000e+02 1.415994788104233404e-01 6.345015930814746907e-01 2.918752844788347622e-01 1.365498406918525280e-03 7.225762403277195822e-02 0.000000000000000000e+00
3.570000000000000000e+02 1.427994743935625532e-01 6.455393718707328476e-01 2.768548020027309930e-01 2.048247610377787811e-03 7.555757851615839404e-02 0.000000000000000000e+00
3.600000000000000000e+02 1.439994699767017661e-01 6.530496131087847322e-01 2.645653163404642627e-01 2.389622212107419402e-03 7.999544833864360993e-02 0.000000000000000000e+00
3.630000000000000000e+02 1.451994655598409789e-01 6.634046426945835462e-01 2.517068730086481354e-01 2.048247610377787811e-03 8.284023668639053928e-02 0.000000000000000000e+00
3.660000000000000000e+02 1.463994611429801918e-01 6.725079654073736757e-01 2.383932635411925294e-01 3.072371415566681717e-03 8.602639963586708460e-02 0.000000000000000000e+00
3.690000000000000000e+02 1.475994567261191825e-01 6.817250796540736957e-01 2.266727355484751960e-01 3.072371415566681717e-03 8.852981338188438409e-02 0.000000000000000000e+00
3.720000000000000000e+02 1.487994523092583954e-01 6.907146108329540457e-01 2.139280837505689592e-01 3.641329085116067413e-03 9.171597633136094330e-02 0.000000000000000000e+00
3.750000000000000000e+02 1.499994478923976082e-01 6.941283568502503165e-01 2.069868001820664438e-01 4.437869822485207214e-03 9.444697314519799602e-02 0.000000000000000000e+00
3.780000000000000000e+02 1.511994434755368211e-01 7.016385980883022011e-01 1.929904415111515781e-01 4.665452890304961318e-03 1.007055075102412378e-01 0.000000000000000000e+00
3.810000000000000000e+02 1.523994390586760339e-01 7.064178425125170468e-01 1.820664542558033672e-01 5.006827492034592909e-03 1.065088757396449731e-01 0.000000000000000000e+00
3.840000000000000000e+02 1.535994346418152467e-01 7.122212107419207960e-01 1.709148839326354030e-01 6.030951297223486815e-03 1.108329540282202985e-01 0.000000000000000000e+00
3.870000000000000000e+02 1.547994302249544596e-01 7.192762858443332297e-01 1.628356850250341492e-01 5.803368229403732710e-03 1.120846609012289552e-01 0.000000000000000000e+00
3.900000000000000000e+02 1.559994258080934504e-01 7.291761492944924816e-01 1.507737824305871721e-01 5.917159763313609329e-03 1.141329085116067343e-01 0.000000000000000000e+00
3.930000000000000000e+02 1.571994213912326632e-01 7.370277651342740377e-01 1.418980427856167403e-01 5.803368229403732710e-03 1.152708238507055144e-01 0.000000000000000000e+00
3.960000000000000000e+02 1.583994169743718761e-01 7.439690487027764698e-01 1.323395539371870766e-01 8.534365043240782836e-03 1.151570323167956239e-01 0.000000000000000000e+00
3.990000000000000000e+02 1.595994125575110889e-01 7.500000000000000000e-01 1.258534365043240677e-01 9.103322712790167665e-03 1.150432407828857473e-01 0.000000000000000000e+00
4.020000000000000000e+02 1.607994081406503017e-01 7.543240782885752838e-01 1.172052799271734169e-01 1.092398725534820224e-02 1.175466545289030468e-01 0.000000000000000000e+00
4.050000000000000000e+02 1.619994037237895146e-01 7.580791989076012261e-01 1.112881201638598050e-01 1.274465179790623508e-02 1.178880291306326766e-01 0.000000000000000000e+00
4.080000000000000000e+02 1.631993993069287274e-01 7.571688666363222131e-01 1.060537096040054666e-01 1.479289940828402289e-02 1.219845243513882627e-01 0.000000000000000000e+00
4.110000000000000000e+02 1.643993948900677182e-01 7.577378243058716656e-01 1.005917159763313612e-01 1.536185707783340945e-02 1.263086026399635742e-01 0.000000000000000000e+00
4.140000000000000000e+02 1.655993904732069311e-01 7.598998634501593630e-01 9.581247155211652933e-02 1.581702321347291593e-02 1.284706417842512438e-01 0.000000000000000000e+00
4.170000000000000000e+02 1.667993860563461439e-01 7.638825671370049752e-01 8.887118798361401395e-02 1.661356395084205573e-02 1.306326809285389134e-01 0.000000000000000000e+00
4.200000000000000000e+02 1.679993816394853567e-01 7.728720983158853253e-01 8.249886208466089554e-02 1.843422849340009204e-02 1.261948111060537114e-01 0.000000000000000000e+00
4.230000000000000000e+02 1.691993772226245696e-01 7.733272644515247762e-01 7.669549385525717411e-02 1.888939462903959851e-02 1.310878470641784199e-01 0.000000000000000000e+00
4.260000000000000000e+02 1.703993728057637824e-01 7.783340919435594030e-01 7.305416477014110843e-02 1.945835229858898507e-02 1.291533909877105035e-01 0.000000000000000000e+00
4.290000000000000000e+02 1.715993683889029953e-01 7.823167956304051263e-01 6.816112881201638607e-02 1.991351843422849502e-02 1.296085571233500100e-01 0.000000000000000000e+00
4.320000000000000000e+02 1.727993639720419861e-01 7.858443331816112876e-01 6.543013199817933334e-02 2.105143377332726468e-02 1.276741010468821214e-01 0.000000000000000000e+00
4.350000000000000000e+02 1.739993595551811989e-01 7.872098315885298625e-01 6.133363677742376119e-02 2.184797451069640448e-02 1.296085571233500100e-01 0.000000000000000000e+00
4.380000000000000000e+02 1.751993551383204117e-01 7.935821574874829532e-01 5.757851615839781195e-02 2.230314064633591095e-02 1.265361857077833274e-01 0.000000000000000000e+00
4.410000000000000000e+02 1.763993507214596246e-01 8.041647701411015481e-01 5.427856167501137613e-02 2.184797451069640448e-02 1.197086936731907164e-01 0.000000000000000000e+00
4.440000000000000000e+02 1.775993463045988374e-01 8.087164314974966128e-01 5.109239872553481693e-02 2.332726445152480746e-02 1.168639053254437871e-01 0.000000000000000000e+00
4.470000000000000000e+02 1.787993418877380503e-01 8.112198452435138707e-01 4.893035958124715423e-02 2.321347291761493084e-02 1.166363222576240338e-01 0.000000000000000000e+00
4.500000000000000000e+02 1.799993374708772631e-01 8.124715521165225551e-01 4.619936276741010150e-02 2.389622212107419055e-02 1.174328629949931702e-01 0.000000000000000000e+00
4.530000000000000000e+02 1.811993330540162539e-01 8.178197542102867423e-01 4.449248975876194528e-02 2.127901684114701791e-02 1.164087391898042806e-01 0.000000000000000000e+00
4.560000000000000000e+02 1.823993286371554667e-01 8.218024578971324656e-01 4.267182521620391245e-02 1.945835229858898507e-02 1.160673645880746507e-01 0.000000000000000000e+00
4.590000000000000000e+02 1.835993242202946796e-01 8.213472917614929036e-01 4.073736913973600299e-02 2.127901684114701791e-02 1.166363222576240338e-01 0.000000000000000000e+00
4.620000000000000000e+02 1.847993198034338924e-01 8.255575785161584079e-01 4.028220300409649651e-02 2.127901684114701791e-02 1.128812016385980915e-01 0.000000000000000000e+00
4.650000000000000000e+02 1.859993153865731053e-01 8.240782885753299425e-01 3.800637232589895026e-02 2.275830678197542090e-02 1.151570323167956239e-01 0.000000000000000000e+00
4.680000000000000000e+02 1.871993109697123181e-01 8.297678652708238012e-01 3.368229403732362487e-02 2.253072371415566766e-02 1.140191169776968577e-01 0.000000000000000000e+00
4.710000000000000000e+02 1.883993065528515309e-01 8.334091943559399640e-01 3.220300409649522189e-02 2.355484751934456070e-02 1.108329540282202985e-01 0.000000000000000000e+00
4.740000000000000000e+02 1.895993021359907438e-01 8.342057350933090865e-01 3.174783796085571541e-02 2.287209831588529751e-02 1.111743286299499284e-01 0.000000000000000000e+00
4.770000000000000000e+02 1.907992977191297346e-01 8.371643149749659063e-01 3.060992262175694228e-02 2.275830678197542090e-02 1.094674556213017791e-01 0.000000000000000000e+00
4.800000000000000000e+02 1.919992933022689474e-01 8.338643604915794150e-01 3.083750568957669552e-02 2.389622212107419055e-02 1.114019116977696816e-01 0.000000000000000000e+00
4.830000000000000000e+02 1.931992888854081603e-01 8.372781065088756858e-01 2.992717341829767910e-02 2.469276285844333035e-02 1.081019572143832458e-01 0.000000000000000000e+00
4.860000000000000000e+02 1.943992844685473731e-01 8.421711424670004220e-01 2.719617660446062984e-02 2.503413746017296368e-02 1.055985434683659602e-01 0.000000000000000000e+00
4.890000000000000000e+02 1.955992800516865859e-01 8.453573054164770229e-01 2.719617660446062984e-02 2.401001365498407064e-02 1.034365043240782905e-01 0.000000000000000000e+00
4.920000000000000000e+02 1.967992756348257988e-01 8.509330905780609910e-01 2.628584433318160996e-02 2.298588984979517413e-02 9.979517523896222486e-02 0.000000000000000000e+00
4.950000000000000000e+02 1.979992712179650116e-01 8.558261265361857273e-01 2.480655439235321044e-02 2.355484751934456070e-02 9.581247155211652933e-02 0.000000000000000000e+00
4.980000000000000000e+02 1.991992668011040024e-01 8.529813381884387979e-01 2.492034592626308706e-02 2.537551206190259354e-02 9.672280382339554228e-02 0.000000000000000000e+00
5.010000000000000000e+02 2.003992623842432153e-01 8.555985434683659463e-01 2.389622212107419055e-02 2.583067819754210348e-02 9.467455621301774926e-02 0.000000000000000000e+00
5.040000000000000000e+02 2.015992579673824281e-01 8.606053709604005730e-01 2.275830678197542090e-02 2.389622212107419055e-02 9.274010013654984674e-02 0.000000000000000000e+00
5.070000000000000000e+02 2.027992535505216409e-01 8.642467000455166248e-01 2.196176604460628110e-02 2.298588984979517413e-02 9.080564406008193035e-02 0.000000000000000000e+00
5.100000000000000000e+02 2.039992491336608538e-01 8.702776513427401550e-01 2.184797451069640448e-02 2.253072371415566766e-02 8.534365043240782489e-02 0.000000000000000000e+00
5.130000000000000000e+02 2.051992447168000666e-01 8.717569412835685094e-01 2.036868456986800149e-02 2.321347291761493084e-02 8.466090122894856518e-02 0.000000000000000000e+00
5.160000000000000000e+02 2.063992402999392795e-01 8.750568957669548897e-01 1.911697769685935522e-02 2.218934911242603433e-02 8.363677742375967561e-02 0.000000000000000000e+00
5.190000000000000000e+02 2.075992358830782702e-01 8.766499772416932457e-01 1.991351843422849502e-02 2.173418297678652786e-02 8.170232134729175921e-02 0.000000000000000000e+00
5.220000000000000000e+02 2.087992314662174831e-01 8.800637232589895165e-01 1.934456076467910846e-02 2.309968138370505075e-02 7.749203459262631044e-02 0.000000000000000000e+00
5.250000000000000000e+02 2.099992270493566959e-01 8.804050978607191880e-01 1.900318616294947513e-02 2.492034592626308706e-02 7.567137005006827066e-02 0.000000000000000000e+00
5.280000000000000000e+02 2.111992226324959088e-01 8.814292216659080914e-01 1.900318616294947513e-02 2.594446973145198010e-02 7.362312243969049153e-02 0.000000000000000000e+00
5.310000000000000000e+02 2.123992182156351216e-01 8.817705962676376519e-01 1.979972690031861493e-02 2.548930359581247015e-02 7.294037323623121793e-02 0.000000000000000000e+00
5.340000000000000000e+02 2.135992137987743344e-01 8.842740100136550208e-01 2.025489303595812488e-02 2.537551206190259354e-02 7.009558488848430247e-02 0.000000000000000000e+00
5.370000000000000000e+02 2.147992093819135473e-01 8.847291761492944717e-01 2.082385070550751144e-02 2.526172052799271692e-02 6.918525261720527564e-02 0.000000000000000000e+00
5.400000000000000000e+02 2.159992049650525381e-01 8.865498406918524976e-01 2.071005917159763482e-02 2.594446973145198010e-02 6.679563040509786664e-02 0.000000000000000000e+00
5.430000000000000000e+02 2.171992005481917509e-01 8.858670914883932657e-01 2.036868456986800149e-02 2.492034592626308706e-02 6.884387801547564578e-02 0.000000000000000000e+00
5.460000000000000000e+02 2.183991961313309638e-01 8.884842967683204140e-01 1.979972690031861493e-02 2.617205279927173334e-02 6.554392353208920996e-02 0.000000000000000000e+00
5.490000000000000000e+02 2.195991917144701766e-01 8.873463814292216201e-01 2.139280837505689453e-02 2.674101046882111990e-02 6.451979972690032039e-02 0.000000000000000000e+00
5.520000000000000000e+02 2.207991872976093894e-01 8.940600819299043822e-01 2.139280837505689453e-02 2.639963586709149004e-02 5.814747382794720199e-02 0.000000000000000000e+00
5.550000000000000000e+02 2.219991828807486023e-01 8.967910787437414211e-01 2.082385070550751144e-02 2.583067819754210348e-02 5.655439235320892238e-02 0.000000000000000000e+00
5.580000000000000000e+02 2.231991784638878151e-01 9.015703231679562668e-01 1.877560309512972189e-02 2.457897132453345374e-02 5.507510241238051940e-02 0.000000000000000000e+00
5.610000000000000000e+02 2.243991740470268059e-01 9.032771961766045132e-01 1.900318616294947513e-02 2.344105598543468408e-02 5.416477014110149951e-02 1.137915339098771066e-04
5.640000000000000000e+02 2.255991696301660188e-01 9.062357760582612221e-01 1.877560309512972189e-02 2.264451524806554428e-02 5.234410559854346667e-02 0.000000000000000000e+00
5.670000000000000000e+02 2.267991652133052316e-01 9.073736913973600160e-01 1.945835229858898507e-02 2.253072371415566766e-02 5.063723258989531045e-02 0.000000000000000000e+00
5.700000000000000000e+02 2.279991607964444444e-01 9.057806099226217711e-01 2.093764223941738806e-02 2.264451524806554428e-02 5.063723258989531045e-02 0.000000000000000000e+00
5.730000000000000000e+02 2.291991563795836573e-01 9.087391898042785909e-01 1.923076923076923184e-02 2.230314064633591095e-02 4.972690031861629750e-02 0.000000000000000000e+00
5.760000000000000000e+02 2.303991519627228701e-01 9.050978607191625391e-01 1.945835229858898507e-02 2.309968138370505075e-02 5.234410559854346667e-02 0.000000000000000000e+00
5.790000000000000000e+02 2.315991475458620830e-01 9.040737369139736357e-01 1.945835229858898507e-02 2.389622212107419055e-02 5.257168866636321991e-02 0.000000000000000000e+00
5.820000000000000000e+02 2.327991431290010738e-01 9.043013199817933057e-01 1.968593536640873831e-02 2.514792899408284030e-02 5.086481565771506369e-02 0.000000000000000000e+00
5.850000000000000000e+02 2.339991387121402866e-01 9.091943559399180419e-01 1.797906235776058209e-02 2.412380518889394726e-02 4.870277651342740100e-02 0.000000000000000000e+00
5.880000000000000000e+02 2.351991342952794994e-01 9.122667273554847522e-01 1.661356395084205573e-02 2.298588984979517413e-02 4.813381884387801790e-02 0.000000000000000000e+00
5.910000000000000000e+02 2.363991298784187123e-01 9.134046426945835462e-01 1.627218934911242587e-02 2.332726445152480746e-02 4.699590350477924477e-02 0.000000000000000000e+00
5.940000000000000000e+02 2.375991254615579251e-01 9.143149749658625591e-01 1.695493855257168905e-02 2.378243058716431393e-02 4.494765589440145870e-02 0.000000000000000000e+00
5.970000000000000000e+02 2.387991210446971380e-01 9.179563040509786109e-01 1.570323167956303931e-02 2.196176604460628110e-02 4.426490669094219205e-02 1.137915339098771066e-04
6.000000000000000000e+02 2.399991166278363508e-01 9.204597177969958688e-01 1.570323167956303931e-02 2.309968138370505075e-02 4.062357760582612637e-02 1.137915339098771066e-04
6.030000000000000000e+02 2.411991122109753416e-01 9.171597633136094885e-01 1.706873008648156567e-02 2.457897132453345374e-02 4.119253527537550946e-02 0.000000000000000000e+00
6.060000000000000000e+02 2.423991077941145544e-01 9.217114246700045532e-01 1.558944014565316269e-02 2.492034592626308706e-02 3.777878925807919702e-02 0.000000000000000000e+00
6.090000000000000000e+02 2.435991033772537673e-01 9.228493400091033472e-01 1.615839781520254925e-02 2.366863905325443732e-02 3.732362312243969055e-02 0.000000000000000000e+00
6.120000000000000000e+02 2.447990989603929801e-01 9.225079654073736757e-01 1.581702321347291593e-02 2.423759672280382388e-02 3.743741465634956717e-02 0.000000000000000000e+00
6.150000000000000000e+02 2.459990945435321930e-01 9.195493855257168558e-01 1.706873008648156567e-02 2.537551206190259354e-02 3.800637232589895026e-02 0.000000000000000000e+00
6.180000000000000000e+02 2.471990901266714058e-01 9.195493855257168558e-01 1.649977241693217911e-02 2.605826126536185672e-02 3.789258079198907364e-02 0.000000000000000000e+00
6.210000000000000000e+02 2.483990857098106186e-01 9.239872553482021411e-01 1.604460628129267263e-02 2.480655439235321044e-02 3.516158397815202785e-02 0.000000000000000000e+00
6.240000000000000000e+02 2.495990812929496094e-01 9.255803368229403860e-01 1.638598088302230249e-02 2.480655439235321044e-02 3.322712790168411146e-02 0.000000000000000000e+00
6.270000000000000000e+02 2.507990768760888223e-01 9.253527537551206050e-01 1.627218934911242587e-02 2.605826126536185672e-02 3.231679563040509851e-02 0.000000000000000000e+00
6.300000000000000000e+02 2.519990724592280351e-01 9.277423759672280834e-01 1.627218934911242587e-02 2.469276285844333035e-02 3.129267182521620200e-02 0.000000000000000000e+00
6.330000000000000000e+02 2.531990680423672480e-01 9.267182521620391800e-01 1.661356395084205573e-02 2.526172052799271692e-02 3.140646335912607862e-02 0.000000000000000000e+00
6.360000000000000000e+02 2.543990636255064608e-01 9.289940828402366568e-01 1.615839781520254925e-02 2.435138825671370050e-02 3.049613108784706567e-02 0.000000000000000000e+00
6.390000000000000000e+02 2.555990592086456736e-01 9.303595812471552318e-01 1.615839781520254925e-02 2.423759672280382388e-02 2.924442421483841592e-02 0.000000000000000000e+00
6.420000000000000000e+02 2.567990547917848865e-01 9.324078288575330387e-01 1.593081474738279601e-02 2.401001365498407064e-02 2.765134274010013632e-02 0.000000000000000000e+00
6.450000000000000000e+02 2.579990503749238773e-01 9.333181611288120516e-01 1.570323167956303931e-02 2.355484751934456070e-02 2.742375967228038308e-02 0.000000000000000000e+00
6.480000000000000000e+02 2.591990459580630901e-01 9.344560764679107345e-01 1.593081474738279601e-02 2.230314064633591095e-02 2.730996813837050646e-02 0.000000000000000000e+00
6.510000000000000000e+02 2.603990415412023030e-01 9.354802002730996380e-01 1.695493855257168905e-02 2.253072371415566766e-02 2.492034592626308706e-02 1.137915339098771066e-04
6.540000000000000000e+02 2.615990371243415158e-01 9.341147018661811741e-01 1.706873008648156567e-02 2.332726445152480746e-02 2.537551206190259354e-02 1.137915339098771066e-04
6.570000000000000000e+02 2.627990327074807286e-01 9.327492034592625991e-01 1.729631315430131891e-02 2.412380518889394726e-02 2.571688666363222686e-02 1.137915339098771066e-04
6.600000000000000000e+02 2.639990282906199415e-01 9.346836595357305155e-01 1.570323167956303931e-02 2.355484751934456070e-02 2.605826126536185672e-02 0.000000000000000000e+00
6.630000000000000000e+02 2.651990238737591543e-01 9.377560309512972259e-01 1.536185707783340945e-02 2.093764223941738806e-02 2.594446973145198010e-02 0.000000000000000000e+00
6.660000000000000000e+02 2.663990194568981451e-01 9.412835685025033872e-01 1.433773327264451468e-02 2.036868456986800149e-02 2.389622212107419055e-02 1.137915339098771066e-04
6.690000000000000000e+02 2.675990150400373579e-01 9.417387346381429492e-01 1.467910787437414627e-02 1.934456076467910846e-02 2.401001365498407064e-02 2.275830678197542133e-04
6.720000000000000000e+02 2.687990106231765708e-01 9.433318161128811941e-01 1.388256713700500647e-02 2.014110150204824826e-02 2.253072371415566766e-02 1.137915339098771066e-04
6.750000000000000000e+02 2.699990062063157836e-01 9.436731907146108655e-01 1.308602639963586667e-02 1.968593536640873831e-02 2.344105598543468408e-02 1.137915339098771066e-04
6.780000000000000000e+02 2.711990017894549965e-01 9.439007737824305355e-01 1.297223486572599005e-02 2.082385070550751144e-02 2.230314064633591095e-02 0.000000000000000000e+00
6.810000000000000000e+02 2.723989973725942093e-01 9.445835229858898785e-01 1.308602639963586667e-02 2.093764223941738806e-02 2.139280837505689453e-02 0.000000000000000000e+00
