# itime ezz other fcc hcp bcc ico
0.000000000000000000e+00 0.000000000000000000e+00 0.000000000000000000e+00 1.000000000000000000e+00 0.000000000000000000e+00 0.000000000000000000e+00 0.000000000000000000e+00
3.000000000000000000e+00 1.199942421818311900e-03 0.000000000000000000e+00 1.000000000000000000e+00 0.000000000000000000e+00 0.000000000000000000e+00 0.000000000000000000e+00
6.000000000000000000e+00 2.399884843636845844e-03 0.000000000000000000e+00 1.000000000000000000e+00 0.000000000000000000e+00 0.000000000000000000e+00 0.000000000000000000e+00
9.000000000000000000e+00 3.599827265455157743e-03 0.000000000000000000e+00 1.000000000000000000e+00 0.000000000000000000e+00 0.000000000000000000e+00 0.000000000000000000e+00
1.200000000000000000e+01 4.799769687273691687e-03 0.000000000000000000e+00 1.000000000000000000e+00 0.000000000000000000e+00 0.000000000000000000e+00 0.000000000000000000e+00
1.500000000000000000e+01 5.999712109092003587e-03 0.000000000000000000e+00 1.000000000000000000e+00 0.000000000000000000e+00 0.000000000000000000e+00 0.000000000000000000e+00
1.800000000000000000e+01 7.199654530910537531e-03 0.000000000000000000e+00 1.000000000000000000e+00 0.000000000000000000e+00 0.000000000000000000e+00 0.000000000000000000e+00
2.100000000000000000e+01 8.399596952728849431e-03 0.000000000000000000e+00 1.000000000000000000e+00 0.000000000000000000e+00 0.000000000000000000e+00 0.000000000000000000e+00
2.400000000000000000e+01 9.599539374547383375e-03 0.000000000000000000e+00 1.000000000000000000e+00 0.000000000000000000e+00 0.000000000000000000e+00 0.000000000000000000e+00
2.700000000000000000e+01 1.079948179636569527e-02 0.000000000000000000e+00 1.000000000000000000e+00 0.000000000000000000e+00 0.000000000000000000e+00 0.000000000000000000e+00
3.000000000000000000e+01 1.199942421818422922e-02 0.000000000000000000e+00 1.000000000000000000e+00 0.000000000000000000e+00 0.000000000000000000e+00 0.000000000000000000e+00
3.300000000000000000e+01 1.319936664000254112e-02 0.000000000000000000e+00 1.000000000000000000e+00 0.000000000000000000e+00 0.000000000000000000e+00 0.000000000000000000e+00
3.600000000000000000e+01 1.439930906182107506e-02 0.000000000000000000e+00 1.000000000000000000e+00 0.000000000000000000e+00 0.000000000000000000e+00 0.000000000000000000e+00
3.900000000000000000e+01 1.559925148363938696e-02 0.000000000000000000e+00 1.000000000000000000e+00 0.000000000000000000e+00 0.000000000000000000e+00 0.000000000000000000e+00
4.200000000000000000e+01 1.679919390545769886e-02 0.000000000000000000e+00 1.000000000000000000e+00 0.000000000000000000e+00 0.000000000000000000e+00 0.000000000000000000e+00
4.500000000000000000e+01 1.799913632727623281e-02 0.000000000000000000e+00 1.000000000000000000e+00 0.000000000000000000e+00 0.000000000000000000e+00 0.000000000000000000e+00
4.800000000000000000e+01 1.919907874909454470e-02 0.000000000000000000e+00 1.000000000000000000e+00 0.000000000000000000e+00 0.000000000000000000e+00 0.000000000000000000e+00
5.100000000000000000e+01 2.039902117091307865e-02 0.000000000000000000e+00 1.000000000000000000e+00 0.000000000000000000e+00 0.000000000000000000e+00 0.000000000000000000e+00
5.400000000000000000e+01 2.159896359273139055e-02 0.000000000000000000e+00 1.000000000000000000e+00 0.000000000000000000e+00 0.000000000000000000e+00 0.000000000000000000e+00
5.700000000000000000e+01 2.279890601454992449e-02 0.000000000000000000e+00 1.000000000000000000e+00 0.000000000000000000e+00 0.000000000000000000e+00 0.000000000000000000e+00
6.000000000000000000e+01 2.399884843636823639e-02 0.000000000000000000e+00 1.000000000000000000e+00 0.000000000000000000e+00 0.000000000000000000e+00 0.000000000000000000e+00
6.300000000000000000e+01 2.519879085818677034e-02 0.000000000000000000e+00 1.000000000000000000e+00 0.000000000000000000e+00 0.000000000000000000e+00 0.000000000000000000e+00
6.600000000000000000e+01 2.639873328000508224e-02 0.000000000000000000e+00 1.000000000000000000e+00 0.000000000000000000e+00 0.000000000000000000e+00 0.000000000000000000e+00
6.900000000000000000e+01 2.759867570182361618e-02 0.000000000000000000e+00 1.000000000000000000e+00 0.000000000000000000e+00 0.000000000000000000e+00 0.000000000000000000e+00
7.200000000000000000e+01 2.879861812364192808e-02 0.000000000000000000e+00 1.000000000000000000e+00 0.000000000000000000e+00 0.000000000000000000e+00 0.000000000000000000e+00
7.500000000000000000e+01 2.999856054546046202e-02 0.000000000000000000e+00 1.000000000000000000e+00 0.000000000000000000e+00 0.000000000000000000e+00 0.000000000000000000e+00
7.800000000000000000e+01 3.119850296727877392e-02 0.000000000000000000e+00 1.000000000000000000e+00 0.000000000000000000e+00 0.000000000000000000e+00 0.000000000000000000e+00
8.100000000000000000e+01 3.239844538909708582e-02 0.000000000000000000e+00 1.000000000000000000e+00 0.000000000000000000e+00 0.000000000000000000e+00 0.000000000000000000e+00
8.400000000000000000e+01 3.359838781091561977e-02 0.000000000000000000e+00 1.000000000000000000e+00 0.000000000000000000e+00 0.000000000000000000e+00 0.000000000000000000e+00
8.700000000000000000e+01 3.479833023273393167e-02 0.000000000000000000e+00 1.000000000000000000e+00 0.000000000000000000e+00 0.000000000000000000e+00 0.000000000000000000e+00
9.000000000000000000e+01 3.599827265455246561e-02 0.000000000000000000e+00 1.000000000000000000e+00 0.000000000000000000e+00 0.000000000000000000e+00 0.000000000000000000e+00
9.300000000000000000e+01 3.719821507637077751e-02 0.000000000000000000e+00 1.000000000000000000e+00 0.000000000000000000e+00 0.000000000000000000e+00 0.000000000000000000e+00
9.600000000000000000e+01 3.839815749818931145e-02 0.000000000000000000e+00 1.000000000000000000e+00 0.000000000000000000e+00 0.000000000000000000e+00 0.000000000000000000e+00
9.900000000000000000e+01 3.959809992000762335e-02 0.000000000000000000e+00 1.000000000000000000e+00 0.000000000000000000e+00 0.000000000000000000e+00 0.000000000000000000e+00
1.020000000000000000e+02 4.079804234182615730e-02 0.000000000000000000e+00 1.000000000000000000e+00 0.000000000000000000e+00 0.000000000000000000e+00 0.000000000000000000e+00
1.050000000000000000e+02 4.199798476364446920e-02 0.000000000000000000e+00 1.000000000000000000e+00 0.000000000000000000e+00 0.000000000000000000e+00 0.000000000000000000e+00
1.080000000000000000e+02 4.319792718546300314e-02 0.000000000000000000e+00 1.000000000000000000e+00 0.000000000000000000e+00 0.000000000000000000e+00 0.000000000000000000e+00
1.110000000000000000e+02 4.439786960728131504e-02 0.000000000000000000e+00 1.000000000000000000e+00 0.000000000000000000e+00 0.000000000000000000e+00 0.000000000000000000e+00
1.140000000000000000e+02 4.559781202909984898e-02 0.000000000000000000e+00 1.000000000000000000e+00 0.000000000000000000e+00 0.000000000000000000e+00 0.000000000000000000e+00
1.170000000000000000e+02 4.679775445091816088e-02 0.000000000000000000e+00 1.000000000000000000e+00 0.000000000000000000e+00 0.000000000000000000e+00 0.000000000000000000e+00
1.200000000000000000e+02 4.799769687273647278e-02 0.000000000000000000e+00 1.000000000000000000e+00 0.000000000000000000e+00 0.000000000000000000e+00 0.000000000000000000e+00
1.230000000000000000e+02 4.919763929455500673e-02 0.000000000000000000e+00 1.000000000000000000e+00 0.000000000000000000e+00 0.000000000000000000e+00 0.000000000000000000e+00
1.260000000000000000e+02 5.039758171637331863e-02 0.000000000000000000e+00 1.000000000000000000e+00 0.000000000000000000e+00 0.000000000000000000e+00 0.000000000000000000e+00
1.290000000000000000e+02 5.159752413819185257e-02 0.000000000000000000e+00 1.000000000000000000e+00 0.000000000000000000e+00 0.000000000000000000e+00 0.000000000000000000e+00
1.320000000000000000e+02 5.279746656001016447e-02 0.000000000000000000e+00 1.000000000000000000e+00 0.000000000000000000e+00 0.000000000000000000e+00 0.000000000000000000e+00
1.350000000000000000e+02 5.399740898182869842e-02 0.000000000000000000e+00 1.000000000000000000e+00 0.000000000000000000e+00 0.000000000000000000e+00 0.000000000000000000e+00
1.380000000000000000e+02 5.519735140364701032e-02 0.000000000000000000e+00 1.000000000000000000e+00 0.000000000000000000e+00 0.000000000000000000e+00 0.000000000000000000e+00
1.410000000000000000e+02 5.639729382546554426e-02 0.000000000000000000e+00 1.000000000000000000e+00 0.000000000000000000e+00 0.000000000000000000e+00 0.000000000000000000e+00
1.440000000000000000e+02 5.759723624728385616e-02 0.000000000000000000e+00 1.000000000000000000e+00 0.000000000000000000e+00 0.000000000000000000e+00 0.000000000000000000e+00
1.470000000000000000e+02 5.879717866910239010e-02 0.000000000000000000e+00 1.000000000000000000e+00 0.000000000000000000e+00 0.000000000000000000e+00 0.000000000000000000e+00
1.500000000000000000e+02 5.999712109092070200e-02 0.000000000000000000e+00 1.000000000000000000e+00 0.000000000000000000e+00 0.000000000000000000e+00 0.000000000000000000e+00
1.530000000000000000e+02 6.119706351273923595e-02 0.000000000000000000e+00 1.000000000000000000e+00 0.000000000000000000e+00 0.000000000000000000e+00 0.000000000000000000e+00
1.560000000000000000e+02 6.239700593455754785e-02 0.000000000000000000e+00 1.000000000000000000e+00 0.000000000000000000e+00 0.000000000000000000e+00 0.000000000000000000e+00
1.590000000000000000e+02 6.359694835637585975e-02 0.000000000000000000e+00 1.000000000000000000e+00 0.000000000000000000e+00 0.000000000000000000e+00 0.000000000000000000e+00
1.620000000000000000e+02 6.479689077819439369e-02 0.000000000000000000e+00 1.000000000000000000e+00 0.000000000000000000e+00 0.000000000000000000e+00 0.000000000000000000e+00
1.650000000000000000e+02 6.599683320001270559e-02 0.000000000000000000e+00 1.000000000000000000e+00 0.000000000000000000e+00 0.000000000000000000e+00 0.000000000000000000e+00
1.680000000000000000e+02 6.719677562183123953e-02 0.000000000000000000e+00 1.000000000000000000e+00 0.000000000000000000e+00 0.000000000000000000e+00 0.000000000000000000e+00
1.710000000000000000e+02 6.839671804364955143e-02 0.000000000000000000e+00 1.000000000000000000e+00 0.000000000000000000e+00 0.000000000000000000e+00 0.000000000000000000e+00
1.740000000000000000e+02 6.959666046546808538e-02 0.000000000000000000e+00 1.000000000000000000e+00 0.000000000000000000e+00 0.000000000000000000e+00 0.000000000000000000e+00
1.770000000000000000e+02 7.079660288728639728e-02 0.000000000000000000e+00 1.000000000000000000e+00 0.000000000000000000e+00 0.000000000000000000e+00 0.000000000000000000e+00
1.800000000000000000e+02 7.199654530910493122e-02 0.000000000000000000e+00 1.000000000000000000e+00 0.000000000000000000e+00 0.000000000000000000e+00 0.000000000000000000e+00
1.830000000000000000e+02 7.319648773092324312e-02 0.000000000000000000e+00 1.000000000000000000e+00 0.000000000000000000e+00 0.000000000000000000e+00 0.000000000000000000e+00
1.860000000000000000e+02 7.439643015274177706e-02 1.137915339098771066e-04 9.998862084660901095e-01 0.000000000000000000e+00 0.000000000000000000e+00 0.000000000000000000e+00
1.890000000000000000e+02 7.559637257456008896e-02 2.275830678197542133e-04 9.996586253982703285e-01 0.000000000000000000e+00 1.137915339098771066e-04 0.000000000000000000e+00
1.920000000000000000e+02 7.679631499637862291e-02 1.137915339098771066e-04 9.998862084660901095e-01 0.000000000000000000e+00 0.000000000000000000e+00 0.000000000000000000e+00
1.950000000000000000e+02 7.799625741819693481e-02 0.000000000000000000e+00 1.000000000000000000e+00 0.000000000000000000e+00 0.000000000000000000e+00 0.000000000000000000e+00
1.980000000000000000e+02 7.919619984001524671e-02 0.000000000000000000e+00 1.000000000000000000e+00 0.000000000000000000e+00 0.000000000000000000e+00 0.000000000000000000e+00
2.010000000000000000e+02 8.039614226183378065e-02 0.000000000000000000e+00 1.000000000000000000e+00 0.000000000000000000e+00 0.000000000000000000e+00 0.000000000000000000e+00
2.040000000000000000e+02 8.159608468365209255e-02 0.000000000000000000e+00 1.000000000000000000e+00 0.000000000000000000e+00 0.000000000000000000e+00 0.000000000000000000e+00
2.070000000000000000e+02 8.279602710547062649e-02 0.000000000000000000e+00 1.000000000000000000e+00 0.000000000000000000e+00 0.000000000000000000e+00 0.000000000000000000e+00
2.100000000000000000e+02 8.399596952728893839e-02 0.000000000000000000e+00 1.000000000000000000e+00 0.000000000000000000e+00 0.000000000000000000e+00 0.000000000000000000e+00
2.130000000000000000e+02 8.519591194910747234e-02 0.000000000000000000e+00 1.000000000000000000e+00 0.000000000000000000e+00 0.000000000000000000e+00 0.000000000000000000e+00
2.160000000000000000e+02 8.639585437092578424e-02 0.000000000000000000e+00 1.000000000000000000e+00 0.000000000000000000e+00 0.000000000000000000e+00 0.000000000000000000e+00
2.190000000000000000e+02 8.759579679274431818e-02 0.000000000000000000e+00 1.000000000000000000e+00 0.000000000000000000e+00 0.000000000000000000e+00 0.000000000000000000e+00
2.220000000000000000e+02 8.879573921456263008e-02 4.551661356395084266e-04 9.995448338643604380e-01 0.000000000000000000e+00 0.000000000000000000e+00 0.000000000000000000e+00
2.250000000000000000e+02 8.999568163638116403e-02 6.827492034592626399e-04 9.993172507965407680e-01 0.000000000000000000e+00 0.000000000000000000e+00 0.000000000000000000e+00
2.280000000000000000e+02 9.119562405819947593e-02 6.827492034592626399e-04 9.993172507965407680e-01 0.000000000000000000e+00 0.000000000000000000e+00 0.000000000000000000e+00
2.310000000000000000e+02 9.239556648001800987e-02 6.827492034592626399e-04 9.993172507965407680e-01 0.000000000000000000e+00 0.000000000000000000e+00 0.000000000000000000e+00
2.340000000000000000e+02 9.359550890183632177e-02 1.137915339098771066e-04 9.998862084660901095e-01 0.000000000000000000e+00 0.000000000000000000e+00 0.000000000000000000e+00
2.370000000000000000e+02 9.479545132365463367e-02 2.275830678197542133e-04 9.997724169321802190e-01 0.000000000000000000e+00 0.000000000000000000e+00 0.000000000000000000e+00
2.400000000000000000e+02 9.599539374547316761e-02 3.413746017296313199e-04 9.996586253982703285e-01 0.000000000000000000e+00 0.000000000000000000e+00 0.000000000000000000e+00
2.430000000000000000e+02 9.719533616729147951e-02 0.000000000000000000e+00 1.000000000000000000e+00 0.000000000000000000e+00 0.000000000000000000e+00 0.000000000000000000e+00
2.460000000000000000e+02 9.839527858911001346e-02 2.275830678197542133e-04 9.997724169321802190e-01 0.000000000000000000e+00 0.000000000000000000e+00 0.000000000000000000e+00
2.490000000000000000e+02 9.959522101092832536e-02 5.689576695493854790e-04 9.994310423304506585e-01 0.000000000000000000e+00 0.000000000000000000e+00 0.000000000000000000e+00
2.520000000000000000e+02 1.007951634327468593e-01 7.965407373691396923e-04 9.992034592626308775e-01 0.000000000000000000e+00 0.000000000000000000e+00 0.000000000000000000e+00
2.550000000000000000e+02 1.019951058545651712e-01 9.103322712790168532e-04 9.990896677287209870e-01 0.000000000000000000e+00 0.000000000000000000e+00 0.000000000000000000e+00
2.580000000000000000e+02 1.031950482763837051e-01 1.024123805188893906e-03 9.989758761948110966e-01 0.000000000000000000e+00 0.000000000000000000e+00 0.000000000000000000e+00
2.610000000000000000e+02 1.043949906982020170e-01 1.479289940828402332e-03 9.985207100591716456e-01 0.000000000000000000e+00 0.000000000000000000e+00 0.000000000000000000e+00
2.640000000000000000e+02 1.055949331200205510e-01 1.137915339098770958e-03 9.987482931269913156e-01 0.000000000000000000e+00 1.137915339098771066e-04 0.000000000000000000e+00
2.670000000000000000e+02 1.067948755418388629e-01 1.479289940828402332e-03 9.985207100591716456e-01 0.000000000000000000e+00 0.000000000000000000e+00 0.000000000000000000e+00
2.700000000000000000e+02 1.079948179636573968e-01 2.275830678197541916e-03 9.977241693218024121e-01 0.000000000000000000e+00 0.000000000000000000e+00 0.000000000000000000e+00
2.730000000000000000e+02 1.091947603854757087e-01 2.162039144287664864e-03 9.977241693218024121e-01 0.000000000000000000e+00 1.137915339098771066e-04 0.000000000000000000e+00
2.760000000000000000e+02 1.103947028072940206e-01 2.389622212107419402e-03 9.976103777878926326e-01 0.000000000000000000e+00 0.000000000000000000e+00 0.000000000000000000e+00
2.790000000000000000e+02 1.115946452291125546e-01 1.593081474738279385e-03 9.984069185252617551e-01 0.000000000000000000e+00 0.000000000000000000e+00 0.000000000000000000e+00
2.820000000000000000e+02 1.127945876509308665e-01 1.251706873008648227e-03 9.987482931269913156e-01 0.000000000000000000e+00 0.000000000000000000e+00 0.000000000000000000e+00
2.850000000000000000e+02 1.139945300727494004e-01 1.365498406918525280e-03 9.986345015930814251e-01 0.000000000000000000e+00 0.000000000000000000e+00 0.000000000000000000e+00
2.880000000000000000e+02 1.151944724945677123e-01 2.730996813837050560e-03 9.971552116522530707e-01 0.000000000000000000e+00 1.137915339098771066e-04 0.000000000000000000e+00
2.910000000000000000e+02 1.163944149163862463e-01 3.868912152935821518e-03 9.960172963131542767e-01 0.000000000000000000e+00 1.137915339098771066e-04 0.000000000000000000e+00
2.940000000000000000e+02 1.175943573382045582e-01 2.617205279927173507e-03 9.973827947200728516e-01 0.000000000000000000e+00 0.000000000000000000e+00 0.000000000000000000e+00
2.970000000000000000e+02 1.187942997600230921e-01 3.413746017296313308e-03 9.964724624487938387e-01 0.000000000000000000e+00 1.137915339098771066e-04 0.000000000000000000e+00
3.000000000000000000e+02 1.199942421818414040e-01 5.234410559854347014e-03 9.944242148384160318e-01 0.000000000000000000e+00 3.413746017296313199e-04 0.000000000000000000e+00
3.030000000000000000e+02 1.211941846036599379e-01 5.575785161583977738e-03 9.940828402366863603e-01 0.000000000000000000e+00 3.413746017296313199e-04 0.000000000000000000e+00
3.060000000000000000e+02 1.223941270254782498e-01 5.120619025944469528e-03 9.941966317705962508e-01 0.000000000000000000e+00 6.827492034592626399e-04 0.000000000000000000e+00
3.090000000000000000e+02 1.235940694472967838e-01 7.282658170232134826e-03 9.924897587619481154e-01 0.000000000000000000e+00 2.275830678197542133e-04 0.000000000000000000e+00
3.120000000000000000e+02 1.247940118691150957e-01 9.444697314519799256e-03 9.903277196176604180e-01 0.000000000000000000e+00 2.275830678197542133e-04 0.000000000000000000e+00
3.150000000000000000e+02 1.259939542909334076e-01 8.989531178880291046e-03 9.907828857532999800e-01 0.000000000000000000e+00 2.275830678197542133e-04 0.000000000000000000e+00
3.180000000000000000e+02 1.271938967127519415e-01 8.989531178880291046e-03 9.905553026854801990e-01 0.000000000000000000e+00 4.551661356395084266e-04 0.000000000000000000e+00
3.210000000000000000e+02 1.283938391345702534e-01 1.126536185707783383e-02 9.881656804733728316e-01 0.000000000000000000e+00 5.689576695493854790e-04 0.000000000000000000e+00
3.240000000000000000e+02 1.295937815563887874e-01 1.536185707783340945e-02 9.841829767865271084e-01 0.000000000000000000e+00 4.551661356395084266e-04 0.000000000000000000e+00
3.270000000000000000e+02 1.307937239782070993e-01 1.775147928994082885e-02 9.820209376422394110e-01 0.000000000000000000e+00 2.275830678197542133e-04 0.000000000000000000e+00
3.300000000000000000e+02 1.319936664000256332e-01 1.820664542558033533e-02 9.816795630405097395e-01 0.000000000000000000e+00 1.137915339098771066e-04 0.000000000000000000e+00
3.330000000000000000e+02 1.331936088218439451e-01 1.581702321347291593e-02 9.837278106508875464e-01 0.000000000000000000e+00 4.551661356395084266e-04 0.000000000000000000e+00
3.360000000000000000e+02 1.343935512436624791e-01 1.752389622212107562e-02 9.819071461083295205e-01 0.000000000000000000e+00 5.689576695493854790e-04 0.000000000000000000e+00
3.390000000000000000e+02 1.355934936654807910e-01 2.082385070550751144e-02 9.783796085571233592e-01 0.000000000000000000e+00 7.965407373691396923e-04 0.000000000000000000e+00
3.420000000000000000e+02 1.367934360872993249e-01 2.651342740100136666e-02 9.730314064633591720e-01 0.000000000000000000e+00 4.551661356395084266e-04 0.000000000000000000e+00
3.450000000000000000e+02 1.379933785091176368e-01 3.231679563040509851e-02 9.668866636322257513e-01 0.000000000000000000e+00 7.965407373691396923e-04 0.000000000000000000e+00
3.480000000000000000e+02 1.391933209309361708e-01 3.561675011379153433e-02 9.626763768775603580e-01 0.000000000000000000e+00 1.706873008648156654e-03 0.000000000000000000e+00
3.510000000000000000e+02 1.403932633527544827e-01 3.846153846153846367e-02 9.602867546654528796e-01 0.000000000000000000e+00 1.251706873008648227e-03 0.000000000000000000e+00
3.540000000000000000e+02 1.415932057745727946e-01 4.278561675011378906e-02 9.558488848429677054e-01 0.000000000000000000e+00 1.365498406918525280e-03 0.000000000000000000e+00
3.570000000000000000e+02 1.427931481963913285e-01 5.040964952207555722e-02 9.475421028675466983e-01 0.000000000000000000e+00 2.048247610377787811e-03 0.000000000000000000e+00
3.600000000000000000e+02 1.439930906182096404e-01 5.621301775147929253e-02 9.424214838416021811e-01 0.000000000000000000e+00 1.365498406918525280e-03 0.000000000000000000e+00
3.630000000000000000e+02 1.451930330400281743e-01 6.770596267637687959e-02 9.301319981793354508e-01 0.000000000000000000e+00 2.162039144287664864e-03 0.000000000000000000e+00
3.660000000000000000e+02 1.463929754618464862e-01 8.010923987255348655e-02 9.170459717796995980e-01 0.000000000000000000e+00 2.844788347746927612e-03 0.000000000000000000e+00
3.690000000000000000e+02 1.475929178836650202e-01 9.182976786527081992e-02 9.032771961766045132e-01 0.000000000000000000e+00 4.893035958124715423e-03 0.000000000000000000e+00
3.720000000000000000e+02 1.487928603054833321e-01 1.059399180700955900e-01 8.872325898953118406e-01 0.000000000000000000e+00 6.827492034592626616e-03 0.000000000000000000e+00
3.750000000000000000e+02 1.499928027273018660e-01 1.294947655894401473e-01 8.621984524351388179e-01 0.000000000000000000e+00 8.306781975421027864e-03 0.000000000000000000e+00
3.780000000000000000e+02 1.511927451491201779e-01 1.527082385070550885e-01 8.375056895766954668e-01 0.000000000000000000e+00 9.786071916249430847e-03 0.000000000000000000e+00
3.810000000000000000e+02 1.523926875709387119e-01 1.809285389167046010e-01 8.058716431497496835e-01 0.000000000000000000e+00 1.319981793354574502e-02 0.000000000000000000e+00
3.840000000000000000e+02 1.535926299927570238e-01 2.158625398270368756e-01 7.675238962221210270e-01 0.000000000000000000e+00 1.661356395084205573e-02 0.000000000000000000e+00
3.870000000000000000e+02 1.547925724145755577e-01 2.517068730086481354e-01 7.274692762858443462e-01 0.000000000000000000e+00 2.082385070550751144e-02 0.000000000000000000e+00
3.900000000000000000e+02 1.559925148363938696e-01 2.949476558944014726e-01 6.761492944924897275e-01 0.000000000000000000e+00 2.890304961310878606e-02 0.000000000000000000e+00
3.930000000000000000e+02 1.571924572582121815e-01 3.421711424670004775e-01 6.216431497496586189e-01 0.000000000000000000e+00 3.618570778334091742e-02 0.000000000000000000e+00
3.960000000000000000e+02 1.583923996800307155e-01 3.899635867091488239e-01 5.659990896677287164e-01 0.000000000000000000e+00 4.403732362312243881e-02 0.000000000000000000e+00
3.990000000000000000e+02 1.595923421018490274e-01 4.410559854346836617e-01 5.034137460172962708e-01 1.137915339098771066e-04 5.541647701411014926e-02 0.000000000000000000e+00
4.020000000000000000e+02 1.607922845236675613e-01 4.916932180245789930e-01 4.413973600364132777e-01 2.275830678197542133e-04 6.668183887118799003e-02 0.000000000000000000e+00
4.050000000000000000e+02 1.619922269454858732e-01 5.418752844788348177e-01 3.780154756486117651e-01 3.413746017296313199e-04 7.976786527082385669e-02 0.000000000000000000e+00
4.080000000000000000e+02 1.631921693673044071e-01 5.920573509330905315e-01 3.162266727355484974e-01 4.551661356395084266e-04 9.126081019572143682e-02 0.000000000000000000e+00
4.110000000000000000e+02 1.643921117891227190e-01 6.310878470641784199e-01 2.645653163404642627e-01 5.689576695493854790e-04 1.037778789258079204e-01 0.000000000000000000e+00
4.140000000000000000e+02 1.655920542109412530e-01 6.675011379153390489e-01 2.152935821574874786e-01 9.103322712790168532e-04 1.162949476558944040e-01 0.000000000000000000e+00
4.170000000000000000e+02 1.667919966327595649e-01 6.974283113336368078e-01 1.698907601274465273e-01 1.365498406918525280e-03 1.313154301319981732e-01 0.000000000000000000e+00
4.200000000000000000e+02 1.679919390545780988e-01 7.206417842512516936e-01 1.335912608101957333e-01 1.365498406918525280e-03 1.444014565316340537e-01 0.000000000000000000e+00
4.230000000000000000e+02 1.691918814763964107e-01 7.408966772872098705e-01 1.028675466545289074e-01 2.048247610377787811e-03 1.541875284478834707e-01 0.000000000000000000e+00
4.260000000000000000e+02 1.703918238982149447e-01 7.532999544833864913e-01 7.885753299954482987e-02 2.389622212107419402e-03 1.654528903049612976e-01 0.000000000000000000e+00
4.290000000000000000e+02 1.715917663200332566e-01 7.662721893491124536e-01 5.894401456531633832e-02 3.755120619025944465e-03 1.710286754665452935e-01 0.000000000000000000e+00
4.320000000000000000e+02 1.727917087418515685e-01 7.717341829767865313e-01 4.619936276741010150e-02 4.665452890304961318e-03 1.774010013654984119e-01 0.000000000000000000e+00
4.350000000000000000e+02 1.739916511636701024e-01 7.746927628584433512e-01 3.686845698680018407e-02 4.665452890304961318e-03 1.837733272644515303e-01 0.000000000000000000e+00
4.380000000000000000e+02 1.751915935854884143e-01 7.823167956304051263e-01 2.856167501137915274e-02 6.258534365043240920e-03 1.828629949931725174e-01 0.000000000000000000e+00
4.410000000000000000e+02 1.763915360073069483e-01 7.844788347746927126e-01 2.287209831588529751e-02 7.510241238051888930e-03 1.851388256713700498e-01 0.000000000000000000e+00
4.440000000000000000e+02 1.775914784291252602e-01 7.891442876649977789e-01 1.911697769685935522e-02 8.989531178880291046e-03 1.827492034592626269e-01 0.000000000000000000e+00
4.470000000000000000e+02 1.787914208509437941e-01 7.934683659535730627e-01 1.684114701866181243e-02 9.217114246700046018e-03 1.804733727810650945e-01 0.000000000000000000e+00
4.500000000000000000e+02 1.799913632727621060e-01 7.925580336822940497e-01 1.649977241693217911e-02 1.024123805188893906e-02 1.807009558488848477e-01 0.000000000000000000e+00
4.530000000000000000e+02 1.811913056945806400e-01 7.976786527082384559e-01 1.490669094219390124e-02 1.081019572143832562e-02 1.766044606281292617e-01 0.000000000000000000e+00
4.560000000000000000e+02 1.823912481163989519e-01 7.985889849795174689e-01 1.581702321347291593e-02 1.149294492489758707e-02 1.741010468821119761e-01 0.000000000000000000e+00
4.590000000000000000e+02 1.835911905382174858e-01 7.977924442421483464e-01 1.649977241693217911e-02 1.126536185707783383e-02 1.744424214838415921e-01 0.000000000000000000e+00
4.620000000000000000e+02 1.847911329600357977e-01 8.039371870732817671e-01 1.752389622212107562e-02 1.297223486572599005e-02 1.655666818388711881e-01 0.000000000000000000e+00
4.650000000000000000e+02 1.859910753818543316e-01 8.049613108784706705e-01 2.116522530723714129e-02 1.217569412835685025e-02 1.616977696859353553e-01 0.000000000000000000e+00
4.680000000000000000e+02 1.871910178036726435e-01 8.018889394629039602e-01 2.207555757851615771e-02 1.502048247610377786e-02 1.610150204824760956e-01 0.000000000000000000e+00
4.710000000000000000e+02 1.883909602254909554e-01 7.996131087847063723e-01 2.287209831588529751e-02 1.752389622212107562e-02 1.599908966772872199e-01 0.000000000000000000e+00
4.740000000000000000e+02 1.895909026473094894e-01 7.963131543013199920e-01 2.457897132453345374e-02 1.866181156121984527e-02 1.604460628129267263e-01 0.000000000000000000e+00
4.770000000000000000e+02 1.907908450691278013e-01 7.957441966317706505e-01 2.344105598543468408e-02 1.866181156121984527e-02 1.621529358215748617e-01 0.000000000000000000e+00
4.800000000000000000e+02 1.919907874909463352e-01 7.942649066909421851e-01 2.560309512972235024e-02 2.139280837505689453e-02 1.587391898042785632e-01 0.000000000000000000e+00
4.830000000000000000e+02 1.931907299127646471e-01 7.997269003186162628e-01 2.492034592626308706e-02 2.218934911242603433e-02 1.531634046426945950e-01 0.000000000000000000e+00
4.860000000000000000e+02 1.943906723345831811e-01 7.999544833864360438e-01 2.401001365498407064e-02 2.321347291761493084e-02 1.528220300409649512e-01 0.000000000000000000e+00
4.890000000000000000e+02 1.955906147564014930e-01 7.973372781065088954e-01 2.446517979062357712e-02 2.469276285844333035e-02 1.535047792444242110e-01 0.000000000000000000e+00
4.920000000000000000e+02 1.967905571782200269e-01 7.925580336822940497e-01 2.708238507055074976e-02 2.787892580791988956e-02 1.524806554392353075e-01 0.000000000000000000e+00
4.950000000000000000e+02 1.979904996000383388e-01 7.942649066909421851e-01 2.787892580791988956e-02 2.833409194355939950e-02 1.495220755575785154e-01 0.000000000000000000e+00
4.980000000000000000e+02 1.991904420218568728e-01 7.919890760127445972e-01 2.867546654528902936e-02 3.117888029130632538e-02 1.481565771506599960e-01 0.000000000000000000e+00
5.010000000000000000e+02 2.003903844436751847e-01 7.907373691397360238e-01 3.015475648611743234e-02 3.288575329995448160e-02 1.462221210741920796e-01 0.000000000000000000e+00
5.040000000000000000e+02 2.015903268654937186e-01 7.914201183431952558e-01 3.083750568957669552e-02 3.504779244424215123e-02 1.426945835229858905e-01 0.000000000000000000e+00
5.070000000000000000e+02 2.027902692873120305e-01 7.925580336822940497e-01 3.425125170687300796e-02 3.527537551206190447e-02 1.379153390987710448e-01 0.000000000000000000e+00
5.100000000000000000e+02 2.039902117091303424e-01 7.949476558944014171e-01 3.573054164770141095e-02 3.652708238507055422e-02 1.327947200728265831e-01 0.000000000000000000e+00
5.130000000000000000e+02 2.051901541309488763e-01 7.997269003186162628e-01 3.777878925807919702e-02 3.743741465634956717e-02 1.250568957669549452e-01 0.000000000000000000e+00
5.160000000000000000e+02 2.063900965527671882e-01 8.026854802002730827e-01 3.948566226672735324e-02 3.720983158852981393e-02 1.206190259444697294e-01 0.000000000000000000e+00
5.190000000000000000e+02 2.075900389745857222e-01 8.070095584888484774e-01 4.096495220755575623e-02 3.846153846153846367e-02 1.135639508420573512e-01 0.000000000000000000e+00
5.220000000000000000e+02 2.087899813964040341e-01 8.065543923532089154e-01 4.164770141101502288e-02 4.028220300409649651e-02 1.115157032316795582e-01 0.000000000000000000e+00
5.250000000000000000e+02 2.099899238182225680e-01 8.068957669549385869e-01 4.392353208921256219e-02 4.096495220755575623e-02 1.082157487482931224e-01 0.000000000000000000e+00
5.280000000000000000e+02 2.111898662400408799e-01 8.079198907601274904e-01 4.506144742831133532e-02 4.233045061447428259e-02 1.046882111970869333e-01 0.000000000000000000e+00
5.310000000000000000e+02 2.123898086618594139e-01 8.075785161583978189e-01 4.619936276741010150e-02 4.437869822485206867e-02 1.018434228493400040e-01 0.000000000000000000e+00
5.340000000000000000e+02 2.135897510836777258e-01 8.051888939462903405e-01 4.881656804733727761e-02 4.699590350477924477e-02 9.899863450159307465e-02 0.000000000000000000e+00
5.370000000000000000e+02 2.147896935054962597e-01 8.097405553026855163e-01 4.927173418297678409e-02 4.802002730996814128e-02 9.296768320436959998e-02 0.000000000000000000e+00
5.400000000000000000e+02 2.159896359273145716e-01 8.126991351843423361e-01 4.813381884387801790e-02 4.824761037778789452e-02 9.091943559399180697e-02 0.000000000000000000e+00
5.430000000000000000e+02 2.171895783491331056e-01 8.153163404642694845e-01 4.893035958124715423e-02 4.619936276741010150e-02 8.955393718707328754e-02 0.000000000000000000e+00
5.460000000000000000e+02 2.183895207709514175e-01 8.166818388711879484e-01 5.040964952207555722e-02 4.540282203004096517e-02 8.750568957669549452e-02 0.000000000000000000e+00
5.490000000000000000e+02 2.195894631927697294e-01 8.187300864815657553e-01 5.143377332726445372e-02 4.449248975876194528e-02 8.534365043240782489e-02 0.000000000000000000e+00
5.520000000000000000e+02 2.207894056145882633e-01 8.164542558033682784e-01 5.234410559854346667e-02 4.483386436049158208e-02 8.636777423759672834e-02 0.000000000000000000e+00
5.550000000000000000e+02 2.219893480364065752e-01 8.147473827947200320e-01 5.223031406463359005e-02 4.608557123350022489e-02 8.693673190714611143e-02 0.000000000000000000e+00
5.580000000000000000e+02 2.231892904582251091e-01 8.162266727355484974e-01 5.200273099681383682e-02 4.608557123350022489e-02 8.568502503413745475e-02 0.000000000000000000e+00
5.610000000000000000e+02 2.243892328800434210e-01 8.181611288120164138e-01 5.257168866636321991e-02 4.619936276741010150e-02 8.306781975421029252e-02 0.000000000000000000e+00
5.640000000000000000e+02 2.255891753018619550e-01 8.171370050068275104e-01 5.291306326809285671e-02 4.722348657259899801e-02 8.272644515248064878e-02 0.000000000000000000e+00
5.670000000000000000e+02 2.267891177236802669e-01 8.173645880746472914e-01 5.359581247155211642e-02 4.938552571688666071e-02 7.965407373691398007e-02 0.000000000000000000e+00
5.700000000000000000e+02 2.279890601454988008e-01 8.150887573964497035e-01 5.393718707328174627e-02 5.086481565771506369e-02 8.010923987255348655e-02 0.000000000000000000e+00
5.730000000000000000e+02 2.291890025673171127e-01 8.173645880746472914e-01 5.359581247155211642e-02 5.086481565771506369e-02 7.817478379608557015e-02 0.000000000000000000e+00
5.760000000000000000e+02 2.303889449891356467e-01 8.230541647701411501e-01 5.382339553937186966e-02 4.915794264906690747e-02 7.396449704142012138e-02 0.000000000000000000e+00
5.790000000000000000e+02 2.315888874109539586e-01 8.286299499317251183e-01 5.325443786982248656e-02 4.733727810650887463e-02 7.077833409194356218e-02 0.000000000000000000e+00
5.820000000000000000e+02 2.327888298327724925e-01 8.293126991351843502e-01 5.314064633591260994e-02 4.870277651342740100e-02 6.884387801547564578e-02 0.000000000000000000e+00
5.850000000000000000e+02 2.339887722545908044e-01 8.320436959490213891e-01 5.314064633591260994e-02 4.984069185252617412e-02 6.497496586253982687e-02 0.000000000000000000e+00
5.880000000000000000e+02 2.351887146764091163e-01 8.337505689576695245e-01 5.348202093764223980e-02 4.790623577605826466e-02 6.486117432862995025e-02 0.000000000000000000e+00
5.910000000000000000e+02 2.363886570982276503e-01 8.334091943559399640e-01 5.291306326809285671e-02 4.904415111515703085e-02 6.463359126081019701e-02 0.000000000000000000e+00
5.940000000000000000e+02 2.375885995200459622e-01 8.330678197542102925e-01 5.484751934456076616e-02 4.847519344560764776e-02 6.360946745562130744e-02 0.000000000000000000e+00
5.970000000000000000e+02 2.387885419418644961e-01 8.335229858898497435e-01 5.564406008192990249e-02 4.858898497951752438e-02 6.224396904870277414e-02 0.000000000000000000e+00
6.000000000000000000e+02 2.399884843636828080e-01 8.321574874829312796e-01 5.575785161583977911e-02 5.075102412380518707e-02 6.133363677742376119e-02 0.000000000000000000e+00
6.030000000000000000e+02 2.411884267855013420e-01 8.289713245334546787e-01 5.860263996358670846e-02 5.131998179335457710e-02 6.110605370960400795e-02 0.000000000000000000e+00
6.060000000000000000e+02 2.423883692073196539e-01 8.279472007282657753e-01 5.917159763313609155e-02 5.166135639508420696e-02 6.121984524351388457e-02 0.000000000000000000e+00
6.090000000000000000e+02 2.435883116291381878e-01 8.273782430587164338e-01 6.008192990441511144e-02 5.223031406463359005e-02 6.030951297223486468e-02 0.000000000000000000e+00
6.120000000000000000e+02 2.447882540509564997e-01 8.269230769230768718e-01 6.213017751479289752e-02 5.370960400546199304e-02 5.723714155666818210e-02 0.000000000000000000e+00
6.150000000000000000e+02 2.459881964727750336e-01 8.232817478379608200e-01 6.577150659990896320e-02 5.427856167501137613e-02 5.666818388711879900e-02 0.000000000000000000e+00
6.180000000000000000e+02 2.471881388945933455e-01 8.232817478379608200e-01 6.645425580336822291e-02 5.666818388711879900e-02 5.359581247155211642e-02 0.000000000000000000e+00
6.210000000000000000e+02 2.483880813164118795e-01 8.247610377787892855e-01 6.793354574419663283e-02 5.735093309057805872e-02 4.995448338643605074e-02 0.000000000000000000e+00
6.240000000000000000e+02 2.495880237382301914e-01 8.251024123805188459e-01 6.884387801547564578e-02 5.894401456531633832e-02 4.710969503868912139e-02 0.000000000000000000e+00
6.270000000000000000e+02 2.507879661600485033e-01 8.269230769230768718e-01 6.873008648156576916e-02 5.826126536185707860e-02 4.597177969959034827e-02 1.137915339098771066e-04
6.300000000000000000e+02 2.519879085818670372e-01 8.298816568047336917e-01 6.952662721893490549e-02 5.712335002275830548e-02 4.346836595357305572e-02 0.000000000000000000e+00
6.330000000000000000e+02 2.531878510036853491e-01 8.280609922621756658e-01 7.020937642239417908e-02 5.689576695493855224e-02 4.483386436049158208e-02 0.000000000000000000e+00
6.360000000000000000e+02 2.543877934255038831e-01 8.251024123805188459e-01 7.146108329540282189e-02 5.621301775147929253e-02 4.722348657259899801e-02 0.000000000000000000e+00
6.390000000000000000e+02 2.555877358473221950e-01 8.235093309057806010e-01 7.089212562585343880e-02 5.598543468365953235e-02 4.961310878470642088e-02 0.000000000000000000e+00
6.420000000000000000e+02 2.567876782691407289e-01 8.248748293126991760e-01 7.123350022758306865e-02 5.632680928538916915e-02 4.756486117432862787e-02 0.000000000000000000e+00
6.450000000000000000e+02 2.579876206909590408e-01 8.254437869822485174e-01 6.986800182066454923e-02 5.564406008192990249e-02 4.904415111515703085e-02 0.000000000000000000e+00
6.480000000000000000e+02 2.591875631127775748e-01 8.258989531178880794e-01 7.055075102412380894e-02 5.632680928538916915e-02 4.722348657259899801e-02 0.000000000000000000e+00
6.510000000000000000e+02 2.603875055345958867e-01 8.262403277196176399e-01 7.111970869367319203e-02 5.553026854802002588e-02 4.699590350477924477e-02 1.137915339098771066e-04
6.540000000000000000e+02 2.615874479564144206e-01 8.245334547109695045e-01 7.191624943104232837e-02 5.609922621756941591e-02 4.733727810650887463e-02 1.137915339098771066e-04
6.570000000000000000e+02 2.627873903782327325e-01 8.277196176604461053e-01 7.100591715976331542e-02 5.700955848884842886e-02 4.415111515703231543e-02 1.137915339098771066e-04
6.600000000000000000e+02 2.639873328000512664e-01 8.278334091943558848e-01 7.225762403277195822e-02 5.609922621756941591e-02 4.369594902139280895e-02 1.137915339098771066e-04
6.630000000000000000e+02 2.651872752218695783e-01 8.298816568047336917e-01 6.986800182066454923e-02 5.746472462448793533e-02 4.267182521620391245e-02 1.137915339098771066e-04
6.660000000000000000e+02 2.663872176436878902e-01 8.253299954483386269e-01 7.339553937187073829e-02 5.826126536185707860e-02 4.289940828402366568e-02 1.137915339098771066e-04
6.690000000000000000e+02 2.675871600655064242e-01 8.235093309057806010e-01 7.692307692307692735e-02 5.860263996358670846e-02 4.085116067364587961e-02 1.137915339098771066e-04
6.720000000000000000e+02 2.687871024873247361e-01 8.266954938552572019e-01 7.624032771961765376e-02 5.632680928538916915e-02 4.073736913973600299e-02 0.000000000000000000e+00
6.750000000000000000e+02 2.699870449091432700e-01 8.269230769230768718e-01 7.692307692307692735e-02 5.598543468365953235e-02 4.016841147018661989e-02 0.000000000000000000e+00
6.780000000000000000e+02 2.711869873309615819e-01 8.265817023213473114e-01 7.760582612653618706e-02 5.609922621756941591e-02 3.971324533454710648e-02 0.000000000000000000e+00
6.810000000000000000e+02 2.723869297527801159e-01 8.273782430587164338e-01 7.726445152480655720e-02 5.564406008192990249e-02 3.971324533454710648e-02 0.000000000000000000e+00
