# itime ezz other fcc hcp bcc ico
0.000000000000000000e+00 0.000000000000000000e+00 9.103322712790168532e-04 9.990896677287209870e-01 0.000000000000000000e+00 0.000000000000000000e+00 0.000000000000000000e+00
3.000000000000000000e+01 1.200001617877854976e-02 2.048247610377787811e-03 9.979517523896221931e-01 0.000000000000000000e+00 0.000000000000000000e+00 0.000000000000000000e+00
6.000000000000000000e+01 2.400003235755709952e-02 1.820664542558033706e-03 9.981793354574419741e-01 0.000000000000000000e+00 0.000000000000000000e+00 0.000000000000000000e+00
9.000000000000000000e+01 3.600004853633542723e-02 3.299954483386436255e-03 9.967000455166135087e-01 0.000000000000000000e+00 0.000000000000000000e+00 0.000000000000000000e+00
1.200000000000000000e+02 4.800006471511397699e-02 6.827492034592626616e-03 9.928311333636777869e-01 0.000000000000000000e+00 3.413746017296313199e-04 0.000000000000000000e+00
1.500000000000000000e+02 6.000008089389252675e-02 2.207555757851615771e-02 9.772416932180245652e-01 0.000000000000000000e+00 6.827492034592626399e-04 0.000000000000000000e+00
1.800000000000000000e+02 7.200009707267107650e-02 3.436504324078288458e-02 9.635867091488393710e-01 0.000000000000000000e+00 2.048247610377787811e-03 0.000000000000000000e+00
2.100000000000000000e+02 8.400011325144940422e-02 7.453345471096950448e-02 9.195493855257168558e-01 0.000000000000000000e+00 5.917159763313609329e-03 0.000000000000000000e+00
2.400000000000000000e+02 9.600012943022795397e-02 1.357532999544833752e-01 8.555985434683659463e-01 0.000000000000000000e+00 8.648156577150659455e-03 0.000000000000000000e+00
2.700000000000000000e+02 1.080001456090065037e-01 2.342967683204369711e-01 7.457897132453344957e-01 0.000000000000000000e+00 1.991351843422849502e-02 0.000000000000000000e+00
3.000000000000000000e+02 1.200001617877850535e-01 3.711879836140191125e-01 5.888711879836140417e-01 0.000000000000000000e+00 3.994082840236686666e-02 0.000000000000000000e+00
3.300000000000000000e+02 1.320001779665636032e-01 5.199135184342285054e-01 3.954255803368229572e-01 1.479289940828402332e-03 8.318161128812016913e-02 0.000000000000000000e+00
3.600000000000000000e+02 1.440001941453419310e-01 6.370050068274920596e-01 2.193900773782430647e-01 4.779244424214838804e-03 1.388256713700500578e-01 0.000000000000000000e+00
3.900000000000000000e+02 1.560002103241204807e-01 7.010696404187528596e-01 1.088984979517523960e-01 1.103777878925807886e-02 1.789940828402366846e-01 0.000000000000000000e+00
4.200000000000000000e+02 1.680002265028990305e-01 7.586481565771506785e-01 5.393718707328174627e-02 1.797906235776058209e-02 1.694355939918070209e-01 0.000000000000000000e+00
4.500000000000000000e+02 1.800002426816775802e-01 7.924442421483841592e-01 3.982703686845699004e-02 2.218934911242603433e-02 1.455393718707328199e-01 0.000000000000000000e+00
4.800000000000000000e+02 1.920002588604559079e-01 8.260127446517978589e-01 2.958579881656804578e-02 2.651342740100136666e-02 1.178880291306326766e-01 0.000000000000000000e+00
5.100000000000000000e+02 2.040002750392344577e-01 8.549157942649067143e-01 2.355484751934456070e-02 2.981338188438780248e-02 9.171597633136094330e-02 0.000000000000000000e+00
5.400000000000000000e+02 2.160002912180130075e-01 8.814292216659080914e-01 2.230314064633591095e-02 3.288575329995448160e-02 6.338188438780155420e-02 0.000000000000000000e+00
5.700000000000000000e+02 2.280003073967915572e-01 9.040737369139736357e-01 1.900318616294947513e-02 3.265817023213472836e-02 4.426490669094219205e-02 0.000000000000000000e+00
6.000000000000000000e+02 2.400003235755701070e-01 9.155666818388711325e-01 1.695493855257168905e-02 3.220300409649522189e-02 3.527537551206190447e-02 0.000000000000000000e+00
6.300000000000000000e+02 2.520003397543484347e-01 9.321802457897132577e-01 1.490669094219390124e-02 2.810650887573964626e-02 2.480655439235321044e-02 0.000000000000000000e+00
6.600000000000000000e+02 2.640003559331269845e-01 9.435593991807009751e-01 1.467910787437414627e-02 2.207555757851615771e-02 1.945835229858898507e-02 2.275830678197542133e-04
6.900000000000000000e+02 2.760003721119055342e-01 9.487938097405552718e-01 1.354119253527537488e-02 1.991351843422849502e-02 1.763768775603095224e-02 1.137915339098771066e-04
7.200000000000000000e+02 2.880003882906840840e-01 9.564178425125170468e-01 1.263086026399635846e-02 1.832043695949021542e-02 1.251706873008648184e-02 1.137915339098771066e-04
7.500000000000000000e+02 3.000004044694624117e-01 9.594902139280837572e-01 1.149294492489758707e-02 1.786527082385070547e-02 1.103777878925807886e-02 1.137915339098771066e-04
7.800000000000000000e+02 3.120004206482409614e-01 9.609695038689121116e-01 1.251706873008648184e-02 1.593081474738279601e-02 1.046882111970869403e-02 1.137915339098771066e-04
8.100000000000000000e+02 3.240004368270195112e-01 9.673418297678653133e-01 1.172052799271734204e-02 1.388256713700500647e-02 6.827492034592626616e-03 2.275830678197542133e-04
8.400000000000000000e+02 3.360004530057980610e-01 9.682521620391443262e-01 1.137915339098771045e-02 1.365498406918525323e-02 6.713700500682749130e-03 0.000000000000000000e+00
8.700000000000000000e+02 3.480004691845766107e-01 9.721210741920801590e-01 8.989531178880291046e-03 1.297223486572599005e-02 5.689576695493855224e-03 2.275830678197542133e-04
9.000000000000000000e+02 3.600004853633549384e-01 9.736003641329085134e-01 9.103322712790167665e-03 1.194811106053709528e-02 5.234410559854347014e-03 1.137915339098771066e-04
9.300000000000000000e+02 3.720005015421337102e-01 9.731451979972689514e-01 1.012744651797906244e-02 1.160673645880746542e-02 5.006827492034592909e-03 1.137915339098771066e-04
9.600000000000000000e+02 3.840005177209122600e-01 9.754210286754665393e-01 8.761948111060537808e-03 1.001365498406918582e-02 5.575785161583977738e-03 2.275830678197542133e-04
9.900000000000000000e+02 3.960005338996905877e-01 9.761037778789257713e-01 7.510241238051888930e-03 1.046882111970869403e-02 5.461993627674101119e-03 4.551661356395084266e-04
1.020000000000000000e+03 4.080005500784691375e-01 9.786071916249431402e-01 6.486117432862995025e-03 8.875739644970414427e-03 5.575785161583977738e-03 4.551661356395084266e-04
1.050000000000000000e+03 4.200005662572476872e-01 9.803140646335912756e-01 5.461993627674101119e-03 1.115157032316795548e-02 2.958579881656804664e-03 1.137915339098771066e-04
1.080000000000000000e+03 4.320005824360262370e-01 9.819071461083295205e-01 6.372325898953117539e-03 7.851615839781519654e-03 3.413746017296313308e-03 4.551661356395084266e-04
1.110000000000000000e+03 4.440005986148045647e-01 9.850933090578061213e-01 4.893035958124715423e-03 7.055075102412380721e-03 2.730996813837050560e-03 2.275830678197542133e-04
1.140000000000000000e+03 4.560006147935831144e-01 9.888484296768320636e-01 3.641329085116067413e-03 5.461993627674101119e-03 1.706873008648156654e-03 3.413746017296313199e-04
1.170000000000000000e+03 4.680006309723616642e-01 9.877105143377332697e-01 4.324078288575329727e-03 5.575785161583977738e-03 2.048247610377787811e-03 3.413746017296313199e-04
1.200000000000000000e+03 4.800006471511402140e-01 9.907828857532999800e-01 2.503413746017296455e-03 4.779244424214838804e-03 1.024123805188893906e-03 9.103322712790168532e-04
1.230000000000000000e+03 4.920006633299187637e-01 9.882794720072826111e-01 3.299954483386436255e-03 5.234410559854347014e-03 2.162039144287664864e-03 1.024123805188893906e-03
1.260000000000000000e+03 5.040006795086970914e-01 9.907828857532999800e-01 2.275830678197541916e-03 4.096495220755575623e-03 2.275830678197541916e-03 5.689576695493854790e-04
1.290000000000000000e+03 5.160006956874756412e-01 9.901001365498406370e-01 2.503413746017296455e-03 4.665452890304961318e-03 2.048247610377787811e-03 6.827492034592626399e-04
1.320000000000000000e+03 5.280007118662541910e-01 9.899863450159308575e-01 3.868912152935821518e-03 4.893035958124715423e-03 9.103322712790168532e-04 3.413746017296313199e-04
1.350000000000000000e+03 5.400007280450327407e-01 9.910104688211197610e-01 2.389622212107419402e-03 4.096495220755575623e-03 1.479289940828402332e-03 1.024123805188893906e-03
1.380000000000000000e+03 5.520007442238110684e-01 9.915794264906691025e-01 2.503413746017296455e-03 4.437869822485207214e-03 7.965407373691396923e-04 6.827492034592626399e-04
1.410000000000000000e+03 5.640007604025896182e-01 9.931725079654073474e-01 2.617205279927173507e-03 2.503413746017296455e-03 1.137915339098770958e-03 5.689576695493854790e-04
1.440000000000000000e+03 5.760007765813681679e-01 9.941966317705962508e-01 1.365498406918525280e-03 2.844788347746927612e-03 7.965407373691396923e-04 7.965407373691396923e-04
1.470000000000000000e+03 5.880007927601467177e-01 9.946517979062358128e-01 1.934456076467910759e-03 1.934456076467910759e-03 9.103322712790168532e-04 5.689576695493854790e-04
1.500000000000000000e+03 6.000008089389250454e-01 9.943104233045061413e-01 1.593081474738279385e-03 2.389622212107419402e-03 7.965407373691396923e-04 9.103322712790168532e-04
1.530000000000000000e+03 6.120008251177035952e-01 9.951069640418752638e-01 1.593081474738279385e-03 2.275830678197541916e-03 3.413746017296313199e-04 6.827492034592626399e-04
1.560000000000000000e+03 6.240008412964821449e-01 9.960172963131542767e-01 1.251706873008648227e-03 1.479289940828402332e-03 3.413746017296313199e-04 9.103322712790168532e-04
1.590000000000000000e+03 6.360008574752606947e-01 9.959035047792443862e-01 1.137915339098770958e-03 2.275830678197541916e-03 5.689576695493854790e-04 1.137915339098771066e-04
1.620000000000000000e+03 6.480008736540392444e-01 9.955621301775148257e-01 1.365498406918525280e-03 1.820664542558033706e-03 9.103322712790168532e-04 3.413746017296313199e-04
1.650000000000000000e+03 6.600008898328175722e-01 9.955621301775148257e-01 1.365498406918525280e-03 1.479289940828402332e-03 1.137915339098770958e-03 4.551661356395084266e-04
1.680000000000000000e+03 6.720009060115961219e-01 9.965862539827037292e-01 6.827492034592626399e-04 1.479289940828402332e-03 5.689576695493854790e-04 6.827492034592626399e-04
1.710000000000000000e+03 6.840009221903746717e-01 9.969276285844332897e-01 5.689576695493854790e-04 1.479289940828402332e-03 2.275830678197542133e-04 7.965407373691396923e-04
1.740000000000000000e+03 6.960009383691532214e-01 9.965862539827037292e-01 6.827492034592626399e-04 1.365498406918525280e-03 4.551661356395084266e-04 9.103322712790168532e-04
1.770000000000000000e+03 7.080009545479315491e-01 9.972690031861629611e-01 9.103322712790168532e-04 1.137915339098770958e-03 0.000000000000000000e+00 6.827492034592626399e-04
1.800000000000000000e+03 7.200009707267100989e-01 9.965862539827037292e-01 6.827492034592626399e-04 1.479289940828402332e-03 5.689576695493854790e-04 6.827492034592626399e-04
1.830000000000000000e+03 7.320009869054886487e-01 9.964724624487938387e-01 1.024123805188893906e-03 1.251706873008648227e-03 4.551661356395084266e-04 7.965407373691396923e-04
1.860000000000000000e+03 7.440010030842671984e-01 9.976103777878926326e-01 4.551661356395084266e-04 1.024123805188893906e-03 2.275830678197542133e-04 6.827492034592626399e-04
1.890000000000000000e+03 7.560010192630457482e-01 9.963586709148839482e-01 6.827492034592626399e-04 1.479289940828402332e-03 6.827492034592626399e-04 7.965407373691396923e-04
1.920000000000000000e+03 7.680010354418240759e-01 9.973827947200728516e-01 3.413746017296313199e-04 1.479289940828402332e-03 1.137915339098771066e-04 6.827492034592626399e-04
1.950000000000000000e+03 7.800010516206026256e-01 9.980655439235320836e-01 2.275830678197542133e-04 7.965407373691396923e-04 3.413746017296313199e-04 5.689576695493854790e-04
1.980000000000000000e+03 7.920010677993811754e-01 9.973827947200728516e-01 4.551661356395084266e-04 1.251706873008648227e-03 0.000000000000000000e+00 9.103322712790168532e-04
2.010000000000000000e+03 8.040010839781597252e-01 9.969276285844332897e-01 1.137915339098771066e-04 1.365498406918525280e-03 3.413746017296313199e-04 1.251706873008648227e-03
2.040000000000000000e+03 8.160011001569380529e-01 9.969276285844332897e-01 2.275830678197542133e-04 9.103322712790168532e-04 4.551661356395084266e-04 1.479289940828402332e-03
2.070000000000000000e+03 8.280011163357166026e-01 9.972690031861629611e-01 2.275830678197542133e-04 7.965407373691396923e-04 3.413746017296313199e-04 1.365498406918525280e-03
2.100000000000000000e+03 8.400011325144951524e-01 9.982931269913518646e-01 3.413746017296313199e-04 6.827492034592626399e-04 0.000000000000000000e+00 6.827492034592626399e-04
2.130000000000000000e+03 8.520011486932737022e-01 9.979517523896221931e-01 3.413746017296313199e-04 7.965407373691396923e-04 1.137915339098771066e-04 7.965407373691396923e-04
2.160000000000000000e+03 8.640011648720522519e-01 9.987482931269913156e-01 3.413746017296313199e-04 4.551661356395084266e-04 0.000000000000000000e+00 4.551661356395084266e-04
2.190000000000000000e+03 8.760011810508305796e-01 9.976103777878926326e-01 1.137915339098771066e-04 4.551661356395084266e-04 3.413746017296313199e-04 1.479289940828402332e-03
2.220000000000000000e+03 8.880011972296091294e-01 9.976103777878926326e-01 5.689576695493854790e-04 5.689576695493854790e-04 1.137915339098771066e-04 1.137915339098770958e-03
2.250000000000000000e+03 9.000012134083876791e-01 9.974965862539827421e-01 3.413746017296313199e-04 5.689576695493854790e-04 2.275830678197542133e-04 1.365498406918525280e-03
2.280000000000000000e+03 9.120012295871662289e-01 9.976103777878926326e-01 1.137915339098771066e-04 1.024123805188893906e-03 1.137915339098771066e-04 1.137915339098770958e-03
2.310000000000000000e+03 9.240012457659445566e-01 9.979517523896221931e-01 2.275830678197542133e-04 9.103322712790168532e-04 3.413746017296313199e-04 5.689576695493854790e-04
2.340000000000000000e+03 9.360012619447231064e-01 9.981793354574419741e-01 3.413746017296313199e-04 6.827492034592626399e-04 4.551661356395084266e-04 3.413746017296313199e-04
2.370000000000000000e+03 9.480012781235016561e-01 9.978379608557123026e-01 2.275830678197542133e-04 5.689576695493854790e-04 1.137915339098771066e-04 1.251706873008648227e-03
2.400000000000000000e+03 9.600012943022802059e-01 9.982931269913518646e-01 1.137915339098771066e-04 9.103322712790168532e-04 1.137915339098771066e-04 5.689576695493854790e-04
2.430000000000000000e+03 9.720013104810587556e-01 9.984069185252617551e-01 1.137915339098771066e-04 6.827492034592626399e-04 1.137915339098771066e-04 6.827492034592626399e-04
2.460000000000000000e+03 9.840013266598370834e-01 9.979517523896221931e-01 2.275830678197542133e-04 6.827492034592626399e-04 2.275830678197542133e-04 9.103322712790168532e-04
2.490000000000000000e+03 9.960013428386156331e-01 9.981793354574419741e-01 1.137915339098771066e-04 6.827492034592626399e-04 2.275830678197542133e-04 7.965407373691396923e-04
