# itime ezz other fcc hcp bcc ico
0.000000000000000000e+00 0.000000000000000000e+00 1.593081474738279385e-03 9.984069185252617551e-01 0.000000000000000000e+00 0.000000000000000000e+00 0.000000000000000000e+00
3.000000000000000000e+00 1.200009365689647112e-03 2.048247610377787811e-03 9.979517523896221931e-01 0.000000000000000000e+00 0.000000000000000000e+00 0.000000000000000000e+00
6.000000000000000000e+00 2.400018731379516268e-03 2.048247610377787811e-03 9.979517523896221931e-01 0.000000000000000000e+00 0.000000000000000000e+00 0.000000000000000000e+00
9.000000000000000000e+00 3.600028097069163380e-03 1.365498406918525280e-03 9.986345015930814251e-01 0.000000000000000000e+00 0.000000000000000000e+00 0.000000000000000000e+00
1.200000000000000000e+01 4.800037462758810491e-03 9.103322712790168532e-04 9.990896677287209870e-01 0.000000000000000000e+00 0.000000000000000000e+00 0.000000000000000000e+00
1.500000000000000000e+01 6.000046828448679648e-03 0.000000000000000000e+00 1.000000000000000000e+00 0.000000000000000000e+00 0.000000000000000000e+00 0.000000000000000000e+00
1.800000000000000000e+01 7.200056194138326759e-03 5.689576695493854790e-04 9.994310423304506585e-01 0.000000000000000000e+00 0.000000000000000000e+00 0.000000000000000000e+00
2.100000000000000000e+01 8.400065559827973871e-03 5.689576695493854790e-04 9.994310423304506585e-01 0.000000000000000000e+00 0.000000000000000000e+00 0.000000000000000000e+00
2.400000000000000000e+01 9.600074925517843027e-03 1.024123805188893906e-03 9.989758761948110966e-01 0.000000000000000000e+00 0.000000000000000000e+00 0.000000000000000000e+00
2.700000000000000000e+01 1.080008429120749014e-02 7.965407373691396923e-04 9.992034592626308775e-01 0.000000000000000000e+00 0.000000000000000000e+00 0.000000000000000000e+00
3.000000000000000000e+01 1.200009365689713725e-02 7.965407373691396923e-04 9.992034592626308775e-01 0.000000000000000000e+00 0.000000000000000000e+00 0.000000000000000000e+00
3.300000000000000000e+01 1.320010302258700641e-02 6.827492034592626399e-04 9.993172507965407680e-01 0.000000000000000000e+00 0.000000000000000000e+00 0.000000000000000000e+00
3.600000000000000000e+01 1.440011238827665352e-02 1.934456076467910759e-03 9.980655439235320836e-01 0.000000000000000000e+00 0.000000000000000000e+00 0.000000000000000000e+00
3.900000000000000000e+01 1.560012175396630063e-02 2.617205279927173507e-03 9.973827947200728516e-01 0.000000000000000000e+00 0.000000000000000000e+00 0.000000000000000000e+00
4.200000000000000000e+01 1.680013111965594774e-02 2.617205279927173507e-03 9.973827947200728516e-01 0.000000000000000000e+00 0.000000000000000000e+00 0.000000000000000000e+00
4.500000000000000000e+01 1.800014048534581690e-02 2.617205279927173507e-03 9.972690031861629611e-01 0.000000000000000000e+00 1.137915339098771066e-04 0.000000000000000000e+00
4.800000000000000000e+01 1.920014985103546401e-02 1.934456076467910759e-03 9.979517523896221931e-01 0.000000000000000000e+00 1.137915339098771066e-04 0.000000000000000000e+00
5.100000000000000000e+01 2.040015921672511112e-02 2.958579881656804664e-03 9.969276285844332897e-01 0.000000000000000000e+00 1.137915339098771066e-04 0.000000000000000000e+00
5.400000000000000000e+01 2.160016858241498028e-02 1.934456076467910759e-03 9.980655439235320836e-01 0.000000000000000000e+00 0.000000000000000000e+00 0.000000000000000000e+00
5.700000000000000000e+01 2.280017794810462739e-02 2.389622212107419402e-03 9.976103777878926326e-01 0.000000000000000000e+00 0.000000000000000000e+00 0.000000000000000000e+00
6.000000000000000000e+01 2.400018731379427450e-02 2.275830678197541916e-03 9.977241693218024121e-01 0.000000000000000000e+00 0.000000000000000000e+00 0.000000000000000000e+00
6.300000000000000000e+01 2.520019667948414366e-02 1.479289940828402332e-03 9.985207100591716456e-01 0.000000000000000000e+00 0.000000000000000000e+00 0.000000000000000000e+00
6.600000000000000000e+01 2.640020604517379077e-02 3.299954483386436255e-03 9.964724624487938387e-01 0.000000000000000000e+00 2.275830678197542133e-04 0.000000000000000000e+00
6.900000000000000000e+01 2.760021541086343788e-02 5.234410559854347014e-03 9.945380063723259223e-01 0.000000000000000000e+00 2.275830678197542133e-04 0.000000000000000000e+00
7.200000000000000000e+01 2.880022477655330704e-02 5.120619025944469528e-03 9.947655894401457033e-01 0.000000000000000000e+00 1.137915339098771066e-04 0.000000000000000000e+00
7.500000000000000000e+01 3.000023414224295415e-02 4.665452890304961318e-03 9.952207555757851543e-01 0.000000000000000000e+00 1.137915339098771066e-04 0.000000000000000000e+00
7.800000000000000000e+01 3.120024350793260126e-02 4.665452890304961318e-03 9.953345471096950448e-01 0.000000000000000000e+00 0.000000000000000000e+00 0.000000000000000000e+00
8.100000000000000000e+01 3.240025287362247042e-02 5.120619025944469528e-03 9.948793809740554828e-01 0.000000000000000000e+00 0.000000000000000000e+00 0.000000000000000000e+00
8.400000000000000000e+01 3.360026223931211753e-02 7.055075102412380721e-03 9.929449248975875664e-01 0.000000000000000000e+00 0.000000000000000000e+00 0.000000000000000000e+00
8.700000000000000000e+01 3.480027160500176464e-02 5.803368229403732710e-03 9.940828402366863603e-01 0.000000000000000000e+00 1.137915339098771066e-04 0.000000000000000000e+00
9.000000000000000000e+01 3.600028097069163380e-02 5.689576695493855224e-03 9.939690487027764698e-01 0.000000000000000000e+00 3.413746017296313199e-04 0.000000000000000000e+00
9.300000000000000000e+01 3.720029033638128091e-02 6.599908966772872511e-03 9.934000910332271284e-01 0.000000000000000000e+00 0.000000000000000000e+00 0.000000000000000000e+00
9.600000000000000000e+01 3.840029970207092802e-02 6.030951297223486815e-03 9.939690487027764698e-01 0.000000000000000000e+00 0.000000000000000000e+00 0.000000000000000000e+00
9.900000000000000000e+01 3.960030906776079718e-02 6.827492034592626616e-03 9.931725079654073474e-01 0.000000000000000000e+00 0.000000000000000000e+00 0.000000000000000000e+00
1.020000000000000000e+02 4.080031843345044429e-02 5.575785161583977738e-03 9.943104233045061413e-01 0.000000000000000000e+00 1.137915339098771066e-04 0.000000000000000000e+00
1.050000000000000000e+02 4.200032779914009140e-02 5.234410559854347014e-03 9.947655894401457033e-01 0.000000000000000000e+00 0.000000000000000000e+00 0.000000000000000000e+00
1.080000000000000000e+02 4.320033716482996056e-02 6.030951297223486815e-03 9.936276741010469093e-01 0.000000000000000000e+00 3.413746017296313199e-04 0.000000000000000000e+00
1.110000000000000000e+02 4.440034653051960767e-02 6.827492034592626616e-03 9.928311333636777869e-01 0.000000000000000000e+00 3.413746017296313199e-04 0.000000000000000000e+00
1.140000000000000000e+02 4.560035589620925478e-02 7.055075102412380721e-03 9.926035502958580059e-01 0.000000000000000000e+00 3.413746017296313199e-04 0.000000000000000000e+00
1.170000000000000000e+02 4.680036526189890189e-02 8.306781975421027864e-03 9.914656349567592120e-01 0.000000000000000000e+00 2.275830678197542133e-04 0.000000000000000000e+00
1.200000000000000000e+02 4.800037462758877105e-02 9.217114246700046018e-03 9.903277196176604180e-01 0.000000000000000000e+00 4.551661356395084266e-04 0.000000000000000000e+00
1.230000000000000000e+02 4.920038399327841816e-02 1.092398725534820224e-02 9.886208466090122826e-01 0.000000000000000000e+00 4.551661356395084266e-04 0.000000000000000000e+00
1.260000000000000000e+02 5.040039335896806527e-02 1.035502958579881741e-02 9.894173873463814051e-01 0.000000000000000000e+00 2.275830678197542133e-04 0.000000000000000000e+00
1.290000000000000000e+02 5.160040272465793443e-02 9.672280382339554228e-03 9.903277196176604180e-01 0.000000000000000000e+00 0.000000000000000000e+00 0.000000000000000000e+00
1.320000000000000000e+02 5.280041209034758154e-02 9.103322712790167665e-03 9.907828857532999800e-01 0.000000000000000000e+00 1.137915339098771066e-04 0.000000000000000000e+00
1.350000000000000000e+02 5.400042145603722865e-02 1.046882111970869403e-02 9.893035958124715146e-01 0.000000000000000000e+00 2.275830678197542133e-04 0.000000000000000000e+00
1.380000000000000000e+02 5.520043082172709781e-02 1.160673645880746542e-02 9.880518889394629412e-01 0.000000000000000000e+00 3.413746017296313199e-04 0.000000000000000000e+00
1.410000000000000000e+02 5.640044018741674492e-02 1.319981793354574502e-02 9.863450159308146947e-01 0.000000000000000000e+00 4.551661356395084266e-04 0.000000000000000000e+00
1.440000000000000000e+02 5.760044955310639203e-02 1.376877560309512985e-02 9.858898497951752438e-01 0.000000000000000000e+00 3.413746017296313199e-04 0.000000000000000000e+00
1.470000000000000000e+02 5.880045891879626119e-02 1.570323167956303931e-02 9.838416021847974369e-01 0.000000000000000000e+00 4.551661356395084266e-04 0.000000000000000000e+00
1.500000000000000000e+02 6.000046828448590830e-02 1.775147928994082885e-02 9.816795630405097395e-01 0.000000000000000000e+00 5.689576695493854790e-04 0.000000000000000000e+00
1.530000000000000000e+02 6.120047765017555541e-02 1.968593536640873831e-02 9.798588984979517136e-01 0.000000000000000000e+00 4.551661356395084266e-04 0.000000000000000000e+00
1.560000000000000000e+02 6.240048701586542457e-02 2.184797451069640448e-02 9.775830678197542367e-01 0.000000000000000000e+00 5.689576695493854790e-04 0.000000000000000000e+00
1.590000000000000000e+02 6.360049638155507168e-02 2.298588984979517413e-02 9.762175694128356618e-01 0.000000000000000000e+00 7.965407373691396923e-04 0.000000000000000000e+00
1.620000000000000000e+02 6.480050574724471879e-02 2.412380518889394726e-02 9.748520710059171979e-01 0.000000000000000000e+00 1.024123805188893906e-03 0.000000000000000000e+00
1.650000000000000000e+02 6.600051511293458795e-02 2.765134274010013632e-02 9.712107419208011461e-01 0.000000000000000000e+00 1.137915339098770958e-03 0.000000000000000000e+00
1.680000000000000000e+02 6.720052447862423506e-02 3.152025489303595523e-02 9.672280382339554228e-01 0.000000000000000000e+00 1.251706873008648227e-03 0.000000000000000000e+00
1.710000000000000000e+02 6.840053384431388217e-02 3.595812471552116418e-02 9.627901684114701375e-01 0.000000000000000000e+00 1.251706873008648227e-03 0.000000000000000000e+00
1.740000000000000000e+02 6.960054321000375133e-02 3.959945380063722986e-02 9.591488393263540857e-01 0.000000000000000000e+00 1.251706873008648227e-03 0.000000000000000000e+00
1.770000000000000000e+02 7.080055257569339844e-02 4.198907601274465273e-02 9.564178425125170468e-01 0.000000000000000000e+00 1.593081474738279385e-03 0.000000000000000000e+00
1.800000000000000000e+02 7.200056194138304555e-02 4.551661356395084179e-02 9.526627218934911046e-01 0.000000000000000000e+00 1.820664542558033706e-03 0.000000000000000000e+00
1.830000000000000000e+02 7.320057130707291471e-02 5.257168866636321991e-02 9.458352298588984519e-01 0.000000000000000000e+00 1.593081474738279385e-03 0.000000000000000000e+00
1.860000000000000000e+02 7.440058067276256182e-02 5.530268548020027264e-02 9.423076923076922906e-01 0.000000000000000000e+00 2.389622212107419402e-03 0.000000000000000000e+00
1.890000000000000000e+02 7.560059003845220893e-02 5.746472462448793533e-02 9.396904870277651423e-01 0.000000000000000000e+00 2.844788347746927612e-03 0.000000000000000000e+00
1.920000000000000000e+02 7.680059940414185604e-02 5.939918070095585173e-02 9.374146563495675544e-01 0.000000000000000000e+00 3.186162949476558769e-03 0.000000000000000000e+00
1.950000000000000000e+02 7.800060876983172520e-02 6.042330450614474130e-02 9.363905325443786509e-01 0.000000000000000000e+00 3.186162949476558769e-03 0.000000000000000000e+00
1.980000000000000000e+02 7.920061813552137231e-02 6.451979972690032039e-02 9.320664542558033672e-01 0.000000000000000000e+00 3.413746017296313308e-03 0.000000000000000000e+00
2.010000000000000000e+02 8.040062750121101942e-02 6.315430131998178709e-02 9.340009103322712836e-01 0.000000000000000000e+00 2.844788347746927612e-03 0.000000000000000000e+00
2.040000000000000000e+02 8.160063686690088858e-02 6.508875739644970349e-02 9.319526627218934767e-01 0.000000000000000000e+00 2.958579881656804664e-03 0.000000000000000000e+00
2.070000000000000000e+02 8.280064623259053569e-02 7.055075102412380894e-02 9.259217114246700575e-01 0.000000000000000000e+00 3.527537551206190360e-03 0.000000000000000000e+00
2.100000000000000000e+02 8.400065559828018280e-02 7.464724624487938109e-02 9.211424670004552118e-01 0.000000000000000000e+00 4.210286754665453109e-03 0.000000000000000000e+00
2.130000000000000000e+02 8.520066496397005196e-02 8.113336367774237612e-02 9.144287664997724496e-01 0.000000000000000000e+00 4.437869822485207214e-03 0.000000000000000000e+00
2.160000000000000000e+02 8.640067432965969907e-02 8.443331816112881194e-02 9.113563950842057393e-01 0.000000000000000000e+00 4.210286754665453109e-03 0.000000000000000000e+00
2.190000000000000000e+02 8.760068369534934618e-02 9.126081019572143682e-02 9.036185707783340737e-01 0.000000000000000000e+00 5.120619025944469528e-03 0.000000000000000000e+00
2.220000000000000000e+02 8.880069306103921534e-02 9.763313609467455523e-02 8.962221210741920796e-01 0.000000000000000000e+00 6.144742831133363434e-03 0.000000000000000000e+00
2.250000000000000000e+02 9.000070242672886245e-02 1.061675011379153433e-01 8.870050068274920596e-01 0.000000000000000000e+00 6.827492034592626616e-03 0.000000000000000000e+00
2.280000000000000000e+02 9.120071179241850956e-02 1.137915339098771045e-01 8.806326809285389690e-01 0.000000000000000000e+00 5.575785161583977738e-03 0.000000000000000000e+00
2.310000000000000000e+02 9.240072115810837872e-02 1.201638598088302229e-01 8.722121074192079604e-01 0.000000000000000000e+00 7.624032771961766417e-03 0.000000000000000000e+00
2.340000000000000000e+02 9.360073052379802583e-02 1.275603095129722309e-01 8.656121984524350887e-01 0.000000000000000000e+00 6.827492034592626616e-03 0.000000000000000000e+00
2.370000000000000000e+02 9.480073988948767294e-02 1.341602184797451025e-01 8.571916249431041912e-01 0.000000000000000000e+00 8.648156577150659455e-03 0.000000000000000000e+00
2.400000000000000000e+02 9.600074925517754210e-02 1.444014565316340537e-01 8.463814292216659263e-01 0.000000000000000000e+00 9.217114246700046018e-03 0.000000000000000000e+00
2.430000000000000000e+02 9.720075862086718921e-02 1.494082840236686527e-01 8.403504779244423961e-01 0.000000000000000000e+00 1.024123805188893906e-02 0.000000000000000000e+00
2.460000000000000000e+02 9.840076798655683632e-02 1.552116522530723741e-01 8.334091943559399640e-01 0.000000000000000000e+00 1.137915339098771045e-02 0.000000000000000000e+00
2.490000000000000000e+02 9.960077735224670548e-02 1.612426035502958488e-01 8.257851615839781889e-01 0.000000000000000000e+00 1.297223486572599005e-02 0.000000000000000000e+00
2.520000000000000000e+02 1.008007867179363526e-01 1.746700045516613453e-01 8.139508420573509095e-01 0.000000000000000000e+00 1.137915339098771045e-02 0.000000000000000000e+00
2.550000000000000000e+02 1.020007960836259997e-01 1.792216659080564378e-01 8.071233500227582569e-01 0.000000000000000000e+00 1.365498406918525323e-02 0.000000000000000000e+00
2.580000000000000000e+02 1.032008054493158689e-01 1.892353208921256358e-01 7.965407373691397730e-01 0.000000000000000000e+00 1.422394173873463806e-02 0.000000000000000000e+00
2.610000000000000000e+02 1.044008148150055160e-01 2.027765134274009950e-01 7.808375056895766608e-01 0.000000000000000000e+00 1.638598088302230249e-02 0.000000000000000000e+00
2.640000000000000000e+02 1.056008241806951631e-01 2.196176604460628179e-01 7.643377332726445372e-01 0.000000000000000000e+00 1.604460628129267263e-02 0.000000000000000000e+00
2.670000000000000000e+02 1.068008335463848102e-01 2.308830223031406448e-01 7.520482476103778069e-01 1.137915339098771066e-04 1.695493855257168905e-02 0.000000000000000000e+00
2.700000000000000000e+02 1.080008429120746793e-01 2.371415566681839004e-01 7.424897587619481154e-01 1.137915339098771066e-04 2.025489303595812488e-02 0.000000000000000000e+00
2.730000000000000000e+02 1.092008522777643265e-01 2.456759217114246607e-01 7.323623122439690825e-01 1.137915339098771066e-04 2.184797451069640448e-02 0.000000000000000000e+00
2.760000000000000000e+02 1.104008616434539736e-01 2.604688211197087044e-01 7.159763313609467383e-01 1.137915339098771066e-04 2.344105598543468408e-02 0.000000000000000000e+00
2.790000000000000000e+02 1.116008710091438427e-01 2.766272189349112676e-01 7.007282658170231882e-01 1.137915339098771066e-04 2.253072371415566766e-02 0.000000000000000000e+00
2.820000000000000000e+02 1.128008803748334898e-01 2.900546199362767363e-01 6.844560764679107345e-01 1.137915339098771066e-04 2.537551206190259354e-02 0.000000000000000000e+00
2.850000000000000000e+02 1.140008897405231370e-01 3.013199817933545632e-01 6.733045061447427981e-01 1.137915339098771066e-04 2.526172052799271692e-02 0.000000000000000000e+00
2.880000000000000000e+02 1.152008991062130061e-01 3.137232589895311841e-01 6.589667728720982609e-01 1.137915339098771066e-04 2.719617660446062984e-02 0.000000000000000000e+00
2.910000000000000000e+02 1.164009084719026532e-01 3.309057806099225951e-01 6.405325443786982209e-01 1.137915339098771066e-04 2.844788347746927612e-02 0.000000000000000000e+00
2.940000000000000000e+02 1.176009178375923003e-01 3.464952207555757613e-01 6.213017751479289474e-01 1.137915339098771066e-04 3.208921256258534527e-02 0.000000000000000000e+00
2.970000000000000000e+02 1.188009272032821695e-01 3.645880746472462408e-01 5.991124260355029651e-01 4.551661356395084266e-04 3.584433318161128756e-02 0.000000000000000000e+00
3.000000000000000000e+02 1.200009365689718166e-01 3.826809285389167203e-01 5.788575329995447882e-01 3.413746017296313199e-04 3.812016385980882688e-02 0.000000000000000000e+00
3.030000000000000000e+02 1.212009459346614637e-01 4.013427401001365413e-01 5.550751024123805610e-01 4.551661356395084266e-04 4.312699135184342586e-02 0.000000000000000000e+00
3.060000000000000000e+02 1.224009553003513329e-01 4.185252617205280079e-01 5.328857532999544677e-01 4.551661356395084266e-04 4.813381884387801790e-02 0.000000000000000000e+00
3.090000000000000000e+02 1.236009646660409800e-01 4.338871187983613931e-01 5.130860263996358528e-01 1.137915339098770958e-03 5.188893946290396020e-02 0.000000000000000000e+00
3.120000000000000000e+02 1.248009740317306271e-01 4.482248520710059303e-01 4.963586709148839482e-01 1.137915339098770958e-03 5.427856167501137613e-02 0.000000000000000000e+00
3.150000000000000000e+02 1.260009833974204962e-01 4.586936731907146347e-01 4.846381429221666148e-01 1.934456076467910759e-03 5.473372781065088954e-02 0.000000000000000000e+00
3.180000000000000000e+02 1.272009927631101434e-01 4.778106508875739622e-01 4.582385070550751283e-01 2.048247610377787811e-03 6.190259444697314428e-02 0.000000000000000000e+00
3.210000000000000000e+02 1.284010021287997905e-01 4.932862994993172379e-01 4.406008192990441552e-01 2.162039144287664864e-03 6.395084205735093730e-02 0.000000000000000000e+00
3.240000000000000000e+02 1.296010114944896596e-01 5.093309057806099105e-01 4.226217569412835662e-01 2.844788347746927612e-03 6.520254893035958010e-02 0.000000000000000000e+00
3.270000000000000000e+02 1.308010208601793067e-01 5.269685935366408280e-01 4.027082385070550608e-01 3.755120619025944465e-03 6.656804733727811341e-02 0.000000000000000000e+00
3.300000000000000000e+02 1.320010302258689538e-01 5.370960400546199720e-01 3.879153390987710726e-01 3.982703686845699004e-03 7.100591715976331542e-02 0.000000000000000000e+00
3.330000000000000000e+02 1.332010395915586010e-01 5.494993172507965928e-01 3.722121074192080159e-01 3.527537551206190360e-03 7.476103777878925771e-02 0.000000000000000000e+00
3.360000000000000000e+02 1.344010489572484701e-01 5.539371870732817671e-01 3.637915339098771184e-01 3.641329085116067413e-03 7.862994993172507663e-02 0.000000000000000000e+00
3.390000000000000000e+02 1.356010583229381172e-01 5.662266727355484974e-01 3.454710969503869133e-01 4.779244424214838804e-03 8.352298588984979899e-02 0.000000000000000000e+00
3.420000000000000000e+02 1.368010676886277643e-01 5.765817023213473114e-01 3.293126991351843502e-01 4.210286754665453109e-03 8.989531178880291740e-02 0.000000000000000000e+00
3.450000000000000000e+02 1.380010770543176335e-01 5.853436504324078804e-01 3.154301319981793195e-01 4.779244424214838804e-03 9.444697314519799602e-02 0.000000000000000000e+00
3.480000000000000000e+02 1.392010864200072806e-01 5.945607646791079004e-01 2.976786527082385114e-01 4.437869822485207214e-03 1.033227127901684139e-01 0.000000000000000000e+00
3.510000000000000000e+02 1.404010957856969277e-01 6.093536640873918886e-01 2.792444242148384159e-01 5.234410559854347014e-03 1.061675011379153433e-01 0.000000000000000000e+00
3.540000000000000000e+02 1.416011051513867969e-01 6.173190714610833352e-01 2.635411925352753593e-01 6.486117432862995025e-03 1.126536185707783383e-01 0.000000000000000000e+00
3.570000000000000000e+02 1.428011145170764440e-01 6.220983158852981809e-01 2.570550751024123781e-01 7.168866636322257339e-03 1.136777423759672279e-01 0.000000000000000000e+00
3.600000000000000000e+02 1.440011238827660911e-01 6.293809740555302845e-01 2.436276741010468816e-01 8.192990441511151245e-03 1.187983614019117035e-01 0.000000000000000000e+00
3.630000000000000000e+02 1.452011332484559603e-01 6.391670459717796460e-01 2.259899863450159363e-01 8.079198907601274626e-03 1.267637687756031084e-01 0.000000000000000000e+00
3.660000000000000000e+02 1.464011426141456074e-01 6.504324078288575839e-01 2.119936276741010428e-01 8.079198907601274626e-03 1.294947655894401473e-01 0.000000000000000000e+00
3.690000000000000000e+02 1.476011519798352545e-01 6.616977696859354108e-01 1.990213928083750528e-01 8.079198907601274626e-03 1.312016385980883104e-01 0.000000000000000000e+00
3.720000000000000000e+02 1.488011613455251236e-01 6.742148384160218111e-01 1.857077833409194467e-01 8.989531178880291046e-03 1.310878470641784199e-01 0.000000000000000000e+00
3.750000000000000000e+02 1.500011707112147707e-01 6.802457897132453413e-01 1.768320436959490149e-01 9.786071916249430847e-03 1.331360946745562268e-01 0.000000000000000000e+00
3.780000000000000000e+02 1.512011800769044179e-01 6.810423304506144637e-01 1.686390532544378706e-01 1.115157032316795548e-02 1.391670459717797015e-01 0.000000000000000000e+00
3.810000000000000000e+02 1.524011894425942870e-01 6.853664087391898585e-01 1.591943559399180697e-01 1.228948566226672687e-02 1.431497496586253970e-01 0.000000000000000000e+00
3.840000000000000000e+02 1.536011988082839341e-01 6.887801547564861293e-01 1.515703231679562946e-01 1.319981793354574502e-02 1.464497041420118328e-01 0.000000000000000000e+00
3.870000000000000000e+02 1.548012081739735812e-01 6.920801092398725096e-01 1.453117888029130667e-01 1.365498406918525323e-02 1.489531178880291185e-01 0.000000000000000000e+00
3.900000000000000000e+02 1.560012175396634504e-01 6.948111060537096595e-01 1.364360491579426626e-01 1.513427401001365448e-02 1.536185707783341015e-01 0.000000000000000000e+00
3.930000000000000000e+02 1.572012269053530975e-01 6.998179335457441752e-01 1.263086026399635742e-01 1.604460628129267263e-02 1.578288575329995502e-01 0.000000000000000000e+00
3.960000000000000000e+02 1.584012362710427446e-01 7.102867546654528796e-01 1.190259444697314567e-01 1.627218934911242587e-02 1.544151115157032239e-01 0.000000000000000000e+00
3.990000000000000000e+02 1.596012456367326138e-01 7.192762858443332297e-01 1.081019572143832458e-01 1.661356395084205573e-02 1.560081929904415243e-01 0.000000000000000000e+00
4.020000000000000000e+02 1.608012550024222609e-01 7.224624487938097195e-01 1.016158397815202508e-01 1.752389622212107562e-02 1.583978152025489194e-01 0.000000000000000000e+00
4.050000000000000000e+02 1.620012643681119080e-01 7.243969048702776359e-01 9.649522075557578904e-02 1.900318616294947513e-02 1.601046882111970826e-01 0.000000000000000000e+00
4.080000000000000000e+02 1.632012737338015551e-01 7.267865270823851143e-01 8.989531178880291740e-02 1.934456076467910846e-02 1.639736003641329154e-01 0.000000000000000000e+00
4.110000000000000000e+02 1.644012830994914243e-01 7.319071461083295205e-01 8.534365043240782489e-02 2.116522530723714129e-02 1.615839781520254925e-01 0.000000000000000000e+00
4.140000000000000000e+02 1.656012924651810714e-01 7.338416021847974369e-01 7.919890760127445972e-02 2.287209831588529751e-02 1.640873918980427781e-01 0.000000000000000000e+00
4.170000000000000000e+02 1.668013018308707185e-01 7.368001820664542567e-01 7.555757851615839404e-02 2.184797451069640448e-02 1.657942649066909413e-01 0.000000000000000000e+00
4.200000000000000000e+02 1.680013111965605876e-01 7.391898042785616241e-01 7.328174783796086167e-02 2.162039144287665124e-02 1.659080564406008318e-01 0.000000000000000000e+00
4.230000000000000000e+02 1.692013205622502348e-01 7.449931725079653733e-01 6.884387801547564578e-02 2.309968138370505075e-02 1.630632680928539024e-01 0.000000000000000000e+00
4.260000000000000000e+02 1.704013299279398819e-01 7.482931269913518646e-01 6.611288120163859305e-02 2.230314064633591095e-02 1.632908511606736557e-01 0.000000000000000000e+00
4.290000000000000000e+02 1.716013392936297510e-01 7.465862539827037292e-01 6.360946745562130744e-02 2.355484751934456070e-02 1.662494310423304478e-01 0.000000000000000000e+00
4.320000000000000000e+02 1.728013486593193981e-01 7.494310423304506585e-01 6.133363677742376119e-02 2.389622212107419055e-02 1.653390987710514348e-01 0.000000000000000000e+00
4.350000000000000000e+02 1.740013580250090452e-01 7.506827492034592320e-01 6.042330450614474130e-02 2.344105598543468408e-02 1.654528903049612976e-01 0.000000000000000000e+00
4.380000000000000000e+02 1.752013673906989144e-01 7.556895766954938587e-01 5.860263996358670846e-02 2.287209831588529751e-02 1.628356850250341492e-01 0.000000000000000000e+00
4.410000000000000000e+02 1.764013767563885615e-01 7.589895311788802390e-01 5.530268548020027264e-02 2.514792899408284030e-02 1.605598543468365891e-01 0.000000000000000000e+00
4.440000000000000000e+02 1.776013861220782086e-01 7.625170687300865113e-01 5.427856167501137613e-02 2.685480200273099652e-02 1.563495675921711403e-01 0.000000000000000000e+00
4.470000000000000000e+02 1.788013954877680778e-01 7.669549385525716856e-01 5.427856167501137613e-02 2.674101046882111990e-02 1.520254893035958010e-01 0.000000000000000000e+00
4.500000000000000000e+02 1.800014048534577249e-01 7.680928538916704795e-01 5.348202093764223980e-02 2.787892580791988956e-02 1.505461993627674189e-01 0.000000000000000000e+00
4.530000000000000000e+02 1.812014142191473720e-01 7.728720983158853253e-01 5.097860719162494031e-02 2.810650887573964626e-02 1.480427856167501055e-01 0.000000000000000000e+00
4.560000000000000000e+02 1.824014235848372412e-01 7.765134274010013771e-01 4.642694583522986168e-02 2.947200728265816916e-02 1.475876194811105990e-01 0.000000000000000000e+00
4.590000000000000000e+02 1.836014329505268883e-01 7.845926263086026031e-01 4.540282203004096517e-02 2.947200728265816916e-02 1.405325443786982209e-01 0.000000000000000000e+00
4.620000000000000000e+02 1.848014423162165354e-01 7.907373691397360238e-01 4.460628129267182190e-02 2.901684114701866268e-02 1.356395084205735124e-01 0.000000000000000000e+00
4.650000000000000000e+02 1.860014516819064045e-01 7.949476558944014171e-01 4.255803368229403583e-02 3.038233955393718558e-02 1.321119708693673234e-01 0.000000000000000000e+00
4.680000000000000000e+02 1.872014610475960517e-01 7.948338643604915266e-01 4.358215748748293233e-02 3.152025489303595523e-02 1.300637232589895442e-01 0.000000000000000000e+00
4.710000000000000000e+02 1.884014704132856988e-01 7.984751934456076894e-01 4.107874374146563284e-02 3.231679563040509851e-02 1.281292671825216278e-01 0.000000000000000000e+00
4.740000000000000000e+02 1.896014797789755679e-01 8.033682294037323146e-01 3.959945380063722986e-02 3.208921256258534527e-02 1.249431042330450548e-01 0.000000000000000000e+00
4.770000000000000000e+02 1.908014891446652150e-01 8.045061447428311086e-01 3.880291306326809353e-02 3.516158397815202785e-02 1.215293582157487423e-01 0.000000000000000000e+00
4.800000000000000000e+02 1.920014985103548621e-01 8.082612653618570508e-01 4.039599453800637313e-02 3.425125170687300796e-02 1.170914883932635403e-01 0.000000000000000000e+00
4.830000000000000000e+02 1.932015078760445093e-01 8.096267637687756258e-01 3.880291306326809353e-02 3.334091943559399501e-02 1.182294037323623065e-01 0.000000000000000000e+00
4.860000000000000000e+02 1.944015172417343784e-01 8.132680928538916776e-01 3.618570778334091742e-02 3.311333636777423484e-02 1.174328629949931702e-01 0.000000000000000000e+00
4.890000000000000000e+02 1.956015266074240255e-01 8.145197997269003620e-01 3.618570778334091742e-02 3.470641784251251444e-02 1.145880746472462408e-01 0.000000000000000000e+00
4.920000000000000000e+02 1.968015359731136726e-01 8.148611743286299225e-01 3.675466545289030745e-02 3.641329085116067066e-02 1.119708693673190647e-01 0.000000000000000000e+00
4.950000000000000000e+02 1.980015453388035418e-01 8.134956759217114586e-01 3.584433318161128756e-02 3.709604005461993731e-02 1.135639508420573512e-01 0.000000000000000000e+00
4.980000000000000000e+02 1.992015547044931889e-01 8.199817933545744397e-01 3.413746017296313134e-02 3.561675011379153433e-02 1.102639963586709154e-01 0.000000000000000000e+00
5.010000000000000000e+02 2.004015640701828360e-01 8.273782430587164338e-01 3.379608557123350149e-02 3.641329085116067066e-02 1.024123805188894010e-01 0.000000000000000000e+00
5.040000000000000000e+02 2.016015734358727052e-01 8.309057806099225951e-01 3.265817023213472836e-02 3.618570778334091742e-02 1.002503413746017313e-01 0.000000000000000000e+00
5.070000000000000000e+02 2.028015828015623523e-01 8.328402366863905115e-01 3.208921256258534527e-02 3.834774692762858705e-02 9.672280382339554228e-02 0.000000000000000000e+00
5.100000000000000000e+02 2.040015921672519994e-01 8.347746927628584279e-01 3.152025489303595523e-02 3.857532999544834029e-02 9.512972234865725574e-02 0.000000000000000000e+00
5.130000000000000000e+02 2.052016015329418686e-01 8.353436504324078804e-01 3.163404642694583185e-02 4.005461993627674328e-02 9.296768320436959998e-02 0.000000000000000000e+00
5.160000000000000000e+02 2.064016108986315157e-01 8.369367319071461253e-01 3.311333636777423484e-02 3.857532999544834029e-02 9.137460172963131344e-02 0.000000000000000000e+00
5.190000000000000000e+02 2.076016202643211628e-01 8.413746017296312996e-01 3.163404642694583185e-02 3.925807919890760000e-02 8.773327264451524776e-02 0.000000000000000000e+00
5.220000000000000000e+02 2.088016296300110319e-01 8.451297223486572419e-01 3.117888029130632538e-02 3.868912152935821691e-02 8.500227583067819503e-02 0.000000000000000000e+00
5.250000000000000000e+02 2.100016389957006790e-01 8.474055530268548297e-01 3.072371415566681890e-02 3.561675011379153433e-02 8.625398270368685172e-02 0.000000000000000000e+00
5.280000000000000000e+02 2.112016483613903262e-01 8.495675921711424161e-01 3.072371415566681890e-02 3.425125170687300796e-02 8.545744196631770151e-02 0.000000000000000000e+00
5.310000000000000000e+02 2.124016577270801953e-01 8.518434228493400040e-01 3.117888029130632538e-02 3.368229403732362487e-02 8.329540282203004575e-02 0.000000000000000000e+00
5.340000000000000000e+02 2.136016670927698424e-01 8.567364588074647402e-01 2.924442421483841592e-02 3.322712790168411146e-02 8.079198907601274626e-02 0.000000000000000000e+00
5.370000000000000000e+02 2.148016764584594895e-01 8.569640418752845212e-01 2.913063268092853930e-02 3.470641784251251444e-02 7.919890760127445972e-02 0.000000000000000000e+00
5.400000000000000000e+02 2.160016858241493587e-01 8.619708693673190369e-01 2.787892580791988956e-02 3.504779244424215123e-02 7.510241238051888757e-02 0.000000000000000000e+00
5.430000000000000000e+02 2.172016951898390058e-01 8.658397815202548697e-01 2.571688666363222686e-02 3.470641784251251444e-02 7.373691397360036814e-02 0.000000000000000000e+00
5.460000000000000000e+02 2.184017045555286529e-01 8.665225307237141017e-01 2.548930359581247015e-02 3.504779244424215123e-02 7.294037323623121793e-02 0.000000000000000000e+00
5.490000000000000000e+02 2.196017139212185221e-01 8.685707783340919086e-01 2.662721893491124328e-02 3.425125170687300796e-02 7.055075102412380894e-02 0.000000000000000000e+00
5.520000000000000000e+02 2.208017232869081692e-01 8.722121074192079604e-01 2.605826126536185672e-02 3.504779244424215123e-02 6.668183887118799003e-02 0.000000000000000000e+00
5.550000000000000000e+02 2.220017326525978163e-01 8.728948566226673034e-01 2.822030040964952288e-02 3.459262630860263782e-02 6.429221665908056715e-02 0.000000000000000000e+00
5.580000000000000000e+02 2.232017420182874634e-01 8.760810195721437932e-01 2.651342740100136666e-02 3.356850250341374825e-02 6.383705052344106068e-02 0.000000000000000000e+00
5.610000000000000000e+02 2.244017513839773326e-01 8.794947655894401750e-01 2.662721893491124328e-02 3.288575329995448160e-02 6.099226217569413133e-02 0.000000000000000000e+00
5.640000000000000000e+02 2.256017607496669797e-01 8.810878470641784199e-01 2.685480200273099652e-02 3.152025489303595523e-02 6.053709604005461792e-02 0.000000000000000000e+00
5.670000000000000000e+02 2.268017701153566268e-01 8.839326354119253493e-01 2.628584433318160996e-02 3.231679563040509851e-02 5.746472462448793533e-02 0.000000000000000000e+00
5.700000000000000000e+02 2.280017794810464959e-01 8.834774692762858983e-01 2.571688666363222686e-02 3.140646335912607862e-02 5.939918070095585173e-02 0.000000000000000000e+00
5.730000000000000000e+02 2.292017888467361431e-01 8.892808375056895365e-01 2.412380518889394726e-02 3.220300409649522189e-02 5.439235320892125969e-02 0.000000000000000000e+00
5.760000000000000000e+02 2.304017982124257902e-01 8.911015020482475624e-01 2.344105598543468408e-02 3.345471096950387163e-02 5.200273099681383682e-02 0.000000000000000000e+00
5.790000000000000000e+02 2.316018075781156593e-01 8.938324988620847122e-01 2.401001365498407064e-02 3.106508875739644876e-02 5.109239872553481693e-02 0.000000000000000000e+00
5.820000000000000000e+02 2.328018169438053064e-01 8.949704142011833952e-01 2.503413746017296368e-02 3.197542102867546865e-02 4.802002730996814128e-02 0.000000000000000000e+00
5.850000000000000000e+02 2.340018263094949535e-01 9.000910332271279124e-01 2.321347291761493084e-02 3.197542102867546865e-02 4.472007282658170546e-02 0.000000000000000000e+00
5.880000000000000000e+02 2.352018356751848227e-01 9.036185707783340737e-01 2.321347291761493084e-02 3.083750568957669552e-02 4.233045061447428259e-02 0.000000000000000000e+00
5.910000000000000000e+02 2.364018450408744698e-01 9.024806554392352798e-01 2.298588984979517413e-02 3.220300409649522189e-02 4.233045061447428259e-02 0.000000000000000000e+00
5.940000000000000000e+02 2.376018544065641169e-01 9.013427401001365968e-01 2.298588984979517413e-02 3.379608557123350149e-02 4.187528447883477611e-02 0.000000000000000000e+00
5.970000000000000000e+02 2.388018637722539861e-01 9.021392808375057193e-01 2.412380518889394726e-02 3.231679563040509851e-02 4.142011834319526964e-02 0.000000000000000000e+00
6.000000000000000000e+02 2.400018731379436332e-01 9.017979062357760478e-01 2.389622212107419055e-02 3.288575329995448160e-02 4.142011834319526964e-02 0.000000000000000000e+00
6.030000000000000000e+02 2.412018825036332803e-01 9.014565316340463763e-01 2.423759672280382388e-02 3.163404642694583185e-02 4.267182521620391245e-02 0.000000000000000000e+00
6.060000000000000000e+02 2.424018918693231495e-01 9.013427401001365968e-01 2.423759672280382388e-02 3.186162949476559203e-02 4.255803368229403583e-02 0.000000000000000000e+00
6.090000000000000000e+02 2.436019012350127966e-01 9.028220300409649512e-01 2.503413746017296368e-02 3.163404642694583185e-02 4.050978607191624975e-02 0.000000000000000000e+00
6.120000000000000000e+02 2.448019106007024437e-01 9.040737369139736357e-01 2.423759672280382388e-02 3.140646335912607862e-02 4.028220300409649651e-02 0.000000000000000000e+00
6.150000000000000000e+02 2.460019199663923128e-01 9.069185252617205650e-01 2.332726445152480746e-02 2.992717341829767910e-02 3.982703686845699004e-02 0.000000000000000000e+00
6.180000000000000000e+02 2.472019293320819600e-01 9.071461083295402350e-01 2.366863905325443732e-02 3.015475648611743234e-02 3.903049613108784677e-02 0.000000000000000000e+00
6.210000000000000000e+02 2.484019386977716071e-01 9.086253982703687004e-01 2.401001365498407064e-02 3.015475648611743234e-02 3.720983158852981393e-02 0.000000000000000000e+00
6.240000000000000000e+02 2.496019480634614762e-01 9.106736458807465073e-01 2.309968138370505075e-02 3.060992262175694228e-02 3.561675011379153433e-02 0.000000000000000000e+00
6.270000000000000000e+02 2.508019574291511233e-01 9.104460628129267263e-01 2.218934911242603433e-02 2.890304961310878606e-02 3.846153846153846367e-02 0.000000000000000000e+00
6.300000000000000000e+02 2.520019667948407704e-01 9.146563495675921196e-01 2.093764223941738806e-02 2.878925807919890598e-02 3.561675011379153433e-02 0.000000000000000000e+00
6.330000000000000000e+02 2.532019761605304176e-01 9.197769685935366368e-01 1.979972690031861493e-02 2.730996813837050646e-02 3.311333636777423484e-02 0.000000000000000000e+00
6.360000000000000000e+02 2.544019855262202867e-01 9.180700955848885014e-01 2.002730996813837164e-02 2.935821574874829254e-02 3.254437869822485174e-02 0.000000000000000000e+00
6.390000000000000000e+02 2.556019948919099338e-01 9.221665908056441152e-01 1.957214383249886169e-02 2.913063268092853930e-02 2.913063268092853930e-02 0.000000000000000000e+00
6.420000000000000000e+02 2.568020042575995809e-01 9.245562130177514826e-01 1.900318616294947513e-02 2.856167501137915274e-02 2.787892580791988956e-02 0.000000000000000000e+00
6.450000000000000000e+02 2.580020136232894501e-01 9.234182976786526886e-01 1.968593536640873831e-02 2.867546654528902936e-02 2.822030040964952288e-02 0.000000000000000000e+00
6.480000000000000000e+02 2.592020229889790972e-01 9.246700045516613731e-01 1.900318616294947513e-02 2.958579881656804578e-02 2.674101046882111990e-02 0.000000000000000000e+00
6.510000000000000000e+02 2.604020323546687443e-01 9.276285844333181929e-01 1.832043695949021542e-02 2.844788347746927612e-02 2.560309512972235024e-02 0.000000000000000000e+00
6.540000000000000000e+02 2.616020417203586135e-01 9.275147928994083024e-01 1.820664542558033533e-02 2.833409194355939950e-02 2.594446973145198010e-02 0.000000000000000000e+00
6.570000000000000000e+02 2.628020510860482606e-01 9.289940828402366568e-01 1.809285389167045871e-02 2.730996813837050646e-02 2.560309512972235024e-02 0.000000000000000000e+00
6.600000000000000000e+02 2.640020604517379077e-01 9.297906235776057793e-01 1.775147928994082885e-02 2.685480200273099652e-02 2.548930359581247015e-02 1.137915339098771066e-04
6.630000000000000000e+02 2.652020698174277769e-01 9.269458352298588499e-01 1.843422849340009204e-02 2.730996813837050646e-02 2.719617660446062984e-02 1.137915339098771066e-04
6.660000000000000000e+02 2.664020791831174240e-01 9.244424214838415921e-01 1.820664542558033533e-02 2.844788347746927612e-02 2.890304961310878606e-02 0.000000000000000000e+00
6.690000000000000000e+02 2.676020885488070711e-01 9.254665452890304955e-01 1.866181156121984527e-02 2.730996813837050646e-02 2.856167501137915274e-02 0.000000000000000000e+00
6.720000000000000000e+02 2.688020979144969402e-01 9.252389622212107145e-01 1.934456076467910846e-02 2.651342740100136666e-02 2.890304961310878606e-02 0.000000000000000000e+00
6.750000000000000000e+02 2.700021072801865873e-01 9.269458352298588499e-01 1.888939462903959851e-02 2.639963586709149004e-02 2.776513427401001294e-02 0.000000000000000000e+00
6.780000000000000000e+02 2.712021166458762345e-01 9.275147928994083024e-01 1.877560309512972189e-02 2.594446973145198010e-02 2.776513427401001294e-02 0.000000000000000000e+00
6.810000000000000000e+02 2.724021260115661036e-01 9.278561675011378629e-01 1.854802002730996865e-02 2.560309512972235024e-02 2.799271734182976618e-02 0.000000000000000000e+00
