# itime ezz other fcc hcp bcc ico
0.000000000000000000e+00 0.000000000000000000e+00 0.000000000000000000e+00 1.000000000000000000e+00 0.000000000000000000e+00 0.000000000000000000e+00 0.000000000000000000e+00
2.500000000000000000e+02 9.999641971385475614e-04 9.103322712790168532e-04 9.990896677287209870e-01 0.000000000000000000e+00 0.000000000000000000e+00 0.000000000000000000e+00
5.000000000000000000e+02 1.999928394277317167e-03 7.965407373691396923e-04 9.992034592626308775e-01 0.000000000000000000e+00 0.000000000000000000e+00 0.000000000000000000e+00
7.500000000000000000e+02 2.999892591415864729e-03 1.137915339098770958e-03 9.988620846609012061e-01 0.000000000000000000e+00 0.000000000000000000e+00 0.000000000000000000e+00
1.000000000000000000e+03 3.999856788554634335e-03 1.137915339098770958e-03 9.988620846609012061e-01 0.000000000000000000e+00 0.000000000000000000e+00 0.000000000000000000e+00
1.250000000000000000e+03 4.999820985693181896e-03 1.137915339098770958e-03 9.988620846609012061e-01 0.000000000000000000e+00 0.000000000000000000e+00 0.000000000000000000e+00
1.500000000000000000e+03 5.999785182831951502e-03 5.689576695493854790e-04 9.994310423304506585e-01 0.000000000000000000e+00 0.000000000000000000e+00 0.000000000000000000e+00
1.750000000000000000e+03 6.999749379970499064e-03 1.479289940828402332e-03 9.985207100591716456e-01 0.000000000000000000e+00 0.000000000000000000e+00 0.000000000000000000e+00
2.000000000000000000e+03 7.999713577109046625e-03 1.251706873008648227e-03 9.987482931269913156e-01 0.000000000000000000e+00 0.000000000000000000e+00 0.000000000000000000e+00
2.250000000000000000e+03 8.999677774247816231e-03 1.934456076467910759e-03 9.980655439235320836e-01 0.000000000000000000e+00 0.000000000000000000e+00 0.000000000000000000e+00
2.500000000000000000e+03 9.999641971386363792e-03 1.251706873008648227e-03 9.987482931269913156e-01 0.000000000000000000e+00 0.000000000000000000e+00 0.000000000000000000e+00
2.750000000000000000e+03 1.099960616852513340e-02 7.965407373691396923e-04 9.992034592626308775e-01 0.000000000000000000e+00 0.000000000000000000e+00 0.000000000000000000e+00
3.000000000000000000e+03 1.199957036566368096e-02 1.593081474738279385e-03 9.982931269913518646e-01 0.000000000000000000e+00 1.137915339098771066e-04 0.000000000000000000e+00
3.250000000000000000e+03 1.299953456280222852e-02 9.103322712790168532e-04 9.990896677287209870e-01 0.000000000000000000e+00 0.000000000000000000e+00 0.000000000000000000e+00
3.500000000000000000e+03 1.399949875994099813e-02 1.365498406918525280e-03 9.986345015930814251e-01 0.000000000000000000e+00 0.000000000000000000e+00 0.000000000000000000e+00
3.750000000000000000e+03 1.499946295707954569e-02 2.162039144287664864e-03 9.978379608557123026e-01 0.000000000000000000e+00 0.000000000000000000e+00 0.000000000000000000e+00
4.000000000000000000e+03 1.599942715421831529e-02 1.024123805188893906e-03 9.989758761948110966e-01 0.000000000000000000e+00 0.000000000000000000e+00 0.000000000000000000e+00
4.250000000000000000e+03 1.699939135135686286e-02 2.844788347746927612e-03 9.970414201183431802e-01 0.000000000000000000e+00 1.137915339098771066e-04 0.000000000000000000e+00
4.500000000000000000e+03 1.799935554849563246e-02 5.689576695493854790e-04 9.994310423304506585e-01 0.000000000000000000e+00 0.000000000000000000e+00 0.000000000000000000e+00
4.750000000000000000e+03 1.899931974563418002e-02 3.072371415566681717e-03 9.969276285844332897e-01 0.000000000000000000e+00 0.000000000000000000e+00 0.000000000000000000e+00
5.000000000000000000e+03 1.999928394277272758e-02 2.617205279927173507e-03 9.973827947200728516e-01 0.000000000000000000e+00 0.000000000000000000e+00 0.000000000000000000e+00
5.250000000000000000e+03 2.099924813991149719e-02 1.706873008648156654e-03 9.982931269913518646e-01 0.000000000000000000e+00 0.000000000000000000e+00 0.000000000000000000e+00
5.500000000000000000e+03 2.199921233705004475e-02 2.162039144287664864e-03 9.978379608557123026e-01 0.000000000000000000e+00 0.000000000000000000e+00 0.000000000000000000e+00
5.750000000000000000e+03 2.299917653418881436e-02 2.048247610377787811e-03 9.979517523896221931e-01 0.000000000000000000e+00 0.000000000000000000e+00 0.000000000000000000e+00
6.000000000000000000e+03 2.399914073132736192e-02 1.593081474738279385e-03 9.984069185252617551e-01 0.000000000000000000e+00 0.000000000000000000e+00 0.000000000000000000e+00
6.250000000000000000e+03 2.499910492846613153e-02 3.755120619025944465e-03 9.962448793809740577e-01 0.000000000000000000e+00 0.000000000000000000e+00 0.000000000000000000e+00
6.500000000000000000e+03 2.599906912560467909e-02 3.072371415566681717e-03 9.969276285844332897e-01 0.000000000000000000e+00 0.000000000000000000e+00 0.000000000000000000e+00
6.750000000000000000e+03 2.699903332274322665e-02 3.072371415566681717e-03 9.969276285844332897e-01 0.000000000000000000e+00 0.000000000000000000e+00 0.000000000000000000e+00
7.000000000000000000e+03 2.799899751988199625e-02 3.413746017296313308e-03 9.964724624487938387e-01 0.000000000000000000e+00 1.137915339098771066e-04 0.000000000000000000e+00
7.250000000000000000e+03 2.899896171702054382e-02 5.006827492034592909e-03 9.948793809740554828e-01 0.000000000000000000e+00 1.137915339098771066e-04 0.000000000000000000e+00
7.500000000000000000e+03 2.999892591415931342e-02 2.617205279927173507e-03 9.973827947200728516e-01 0.000000000000000000e+00 0.000000000000000000e+00 0.000000000000000000e+00
7.750000000000000000e+03 3.099889011129786098e-02 3.755120619025944465e-03 9.961310878470641672e-01 0.000000000000000000e+00 1.137915339098771066e-04 0.000000000000000000e+00
8.000000000000000000e+03 3.199885430843663059e-02 3.755120619025944465e-03 9.962448793809740577e-01 0.000000000000000000e+00 0.000000000000000000e+00 0.000000000000000000e+00
8.250000000000000000e+03 3.299881850557517815e-02 4.210286754665453109e-03 9.957897132453344957e-01 0.000000000000000000e+00 0.000000000000000000e+00 0.000000000000000000e+00
8.500000000000000000e+03 3.399878270271372571e-02 6.030951297223486815e-03 9.938552571688666903e-01 0.000000000000000000e+00 1.137915339098771066e-04 0.000000000000000000e+00
8.750000000000000000e+03 3.499874689985249532e-02 7.737824305871643035e-03 9.921483841602184439e-01 0.000000000000000000e+00 1.137915339098771066e-04 0.000000000000000000e+00
9.000000000000000000e+03 3.599871109699104288e-02 2.617205279927173507e-03 9.971552116522530707e-01 0.000000000000000000e+00 2.275830678197542133e-04 0.000000000000000000e+00
9.250000000000000000e+03 3.699867529412981249e-02 5.917159763313609329e-03 9.937414656349567998e-01 0.000000000000000000e+00 3.413746017296313199e-04 0.000000000000000000e+00
9.500000000000000000e+03 3.799863949126836005e-02 4.779244424214838804e-03 9.951069640418752638e-01 0.000000000000000000e+00 1.137915339098771066e-04 0.000000000000000000e+00
9.750000000000000000e+03 3.899860368840690761e-02 6.486117432862995025e-03 9.932862994993172379e-01 0.000000000000000000e+00 2.275830678197542133e-04 0.000000000000000000e+00
1.000000000000000000e+04 3.999856788554567721e-02 4.893035958124715423e-03 9.951069640418752638e-01 0.000000000000000000e+00 0.000000000000000000e+00 0.000000000000000000e+00
1.025000000000000000e+04 4.099853208268422478e-02 7.396449704142011444e-03 9.926035502958580059e-01 0.000000000000000000e+00 0.000000000000000000e+00 0.000000000000000000e+00
1.050000000000000000e+04 4.199849627982299438e-02 9.558488848429677609e-03 9.899863450159308575e-01 0.000000000000000000e+00 4.551661356395084266e-04 0.000000000000000000e+00
1.075000000000000000e+04 4.299846047696154194e-02 1.046882111970869403e-02 9.890760127446518446e-01 0.000000000000000000e+00 4.551661356395084266e-04 0.000000000000000000e+00
1.100000000000000000e+04 4.399842467410031155e-02 1.172052799271734204e-02 9.879380974055530507e-01 0.000000000000000000e+00 3.413746017296313199e-04 0.000000000000000000e+00
1.125000000000000000e+04 4.499838887123885911e-02 6.486117432862995025e-03 9.931725079654073474e-01 0.000000000000000000e+00 3.413746017296313199e-04 0.000000000000000000e+00
1.150000000000000000e+04 4.599835306837740667e-02 1.183431952662721866e-02 9.875967228038233792e-01 0.000000000000000000e+00 5.689576695493854790e-04 0.000000000000000000e+00
1.175000000000000000e+04 4.699831726551617628e-02 9.103322712790167665e-03 9.906690942193900895e-01 0.000000000000000000e+00 2.275830678197542133e-04 0.000000000000000000e+00
1.200000000000000000e+04 4.799828146265472384e-02 1.558944014565316269e-02 9.837278106508875464e-01 0.000000000000000000e+00 6.827492034592626399e-04 0.000000000000000000e+00
1.225000000000000000e+04 4.899824565979349345e-02 1.297223486572599005e-02 9.861174328629950248e-01 0.000000000000000000e+00 9.103322712790168532e-04 0.000000000000000000e+00
1.250000000000000000e+04 4.999820985693204101e-02 1.411015020482476144e-02 9.853208921256259023e-01 0.000000000000000000e+00 5.689576695493854790e-04 0.000000000000000000e+00
1.275000000000000000e+04 5.099817405407081061e-02 1.502048247610377786e-02 9.847519344560764498e-01 0.000000000000000000e+00 2.275830678197542133e-04 0.000000000000000000e+00
1.300000000000000000e+04 5.199813825120935817e-02 2.264451524806554428e-02 9.765589440145653333e-01 0.000000000000000000e+00 7.965407373691396923e-04 0.000000000000000000e+00
1.325000000000000000e+04 5.299810244834790574e-02 2.082385070550751144e-02 9.784934000910332497e-01 0.000000000000000000e+00 6.827492034592626399e-04 0.000000000000000000e+00
1.350000000000000000e+04 5.399806664548667534e-02 1.900318616294947513e-02 9.798588984979517136e-01 0.000000000000000000e+00 1.137915339098770958e-03 0.000000000000000000e+00
1.375000000000000000e+04 5.499803084262522290e-02 1.900318616294947513e-02 9.798588984979517136e-01 0.000000000000000000e+00 1.137915339098770958e-03 0.000000000000000000e+00
1.400000000000000000e+04 5.599799503976399251e-02 2.207555757851615771e-02 9.766727355484752238e-01 0.000000000000000000e+00 1.251706873008648227e-03 0.000000000000000000e+00
1.425000000000000000e+04 5.699795923690254007e-02 2.480655439235321044e-02 9.743969048702776359e-01 0.000000000000000000e+00 7.965407373691396923e-04 0.000000000000000000e+00
1.450000000000000000e+04 5.799792343404130968e-02 2.833409194355939950e-02 9.706417842512516936e-01 0.000000000000000000e+00 1.024123805188893906e-03 0.000000000000000000e+00
1.475000000000000000e+04 5.899788763117985724e-02 3.174783796085571541e-02 9.654073736913973969e-01 0.000000000000000000e+00 2.844788347746927612e-03 0.000000000000000000e+00
1.500000000000000000e+04 5.999785182831840480e-02 3.004096495220755572e-02 9.676832043695948737e-01 0.000000000000000000e+00 2.275830678197541916e-03 0.000000000000000000e+00
1.525000000000000000e+04 6.099781602545717440e-02 2.230314064633591095e-02 9.765589440145653333e-01 0.000000000000000000e+00 1.137915339098770958e-03 0.000000000000000000e+00
1.550000000000000000e+04 6.199778022259572197e-02 3.470641784251251444e-02 9.639280837505689314e-01 0.000000000000000000e+00 1.365498406918525280e-03 0.000000000000000000e+00
1.575000000000000000e+04 6.299774441973449157e-02 3.379608557123350149e-02 9.642694583522986029e-01 0.000000000000000000e+00 1.934456076467910759e-03 0.000000000000000000e+00
1.600000000000000000e+04 6.399770861687303913e-02 3.277196176604460498e-02 9.656349567592170668e-01 0.000000000000000000e+00 1.593081474738279385e-03 0.000000000000000000e+00
1.625000000000000000e+04 6.499767281401158669e-02 3.641329085116067066e-02 9.615384615384615641e-01 0.000000000000000000e+00 2.048247610377787811e-03 0.000000000000000000e+00
1.650000000000000000e+04 6.599763701115035630e-02 3.777878925807919702e-02 9.594902139280837572e-01 0.000000000000000000e+00 2.730996813837050560e-03 0.000000000000000000e+00
1.675000000000000000e+04 6.699760120828890386e-02 3.527537551206190447e-02 9.623350022758306865e-01 0.000000000000000000e+00 2.389622212107419402e-03 0.000000000000000000e+00
1.700000000000000000e+04 6.799756540542767347e-02 5.143377332726445372e-02 9.468593536640873554e-01 0.000000000000000000e+00 1.706873008648156654e-03 0.000000000000000000e+00
1.725000000000000000e+04 6.899752960256622103e-02 4.198907601274465273e-02 9.542558033682293495e-01 0.000000000000000000e+00 3.755120619025944465e-03 0.000000000000000000e+00
1.750000000000000000e+04 6.999749379970499064e-02 5.496131087847064278e-02 9.419663177059627301e-01 0.000000000000000000e+00 3.072371415566681717e-03 0.000000000000000000e+00
1.775000000000000000e+04 7.099745799684353820e-02 5.678197542102867562e-02 9.392353208921255803e-01 0.000000000000000000e+00 3.982703686845699004e-03 0.000000000000000000e+00
1.800000000000000000e+04 7.199742219398208576e-02 6.304050978607191047e-02 9.310423304506144637e-01 0.000000000000000000e+00 5.917159763313609329e-03 0.000000000000000000e+00
1.825000000000000000e+04 7.299738639112085536e-02 6.634046426945834629e-02 9.277423759672280834e-01 0.000000000000000000e+00 5.917159763313609329e-03 0.000000000000000000e+00
1.850000000000000000e+04 7.399735058825940293e-02 6.827492034592626269e-02 9.267182521620391800e-01 0.000000000000000000e+00 5.006827492034592909e-03 0.000000000000000000e+00
1.875000000000000000e+04 7.499731478539817253e-02 6.998179335457442585e-02 9.229631315430132377e-01 0.000000000000000000e+00 7.055075102412380721e-03 0.000000000000000000e+00
1.900000000000000000e+04 7.599727898253672009e-02 9.308147473827947660e-02 8.992944924897587899e-01 0.000000000000000000e+00 7.624032771961766417e-03 0.000000000000000000e+00
1.925000000000000000e+04 7.699724317967548970e-02 9.865725989986344480e-02 8.929221665908056993e-01 0.000000000000000000e+00 8.420573509330906217e-03 0.000000000000000000e+00
1.950000000000000000e+04 7.799720737681403726e-02 1.055985434683659602e-01 8.812016385980883104e-01 1.137915339098771066e-04 1.308602639963586667e-02 0.000000000000000000e+00
1.975000000000000000e+04 7.899717157395258482e-02 1.073054164770141095e-01 8.812016385980883104e-01 0.000000000000000000e+00 1.149294492489758707e-02 0.000000000000000000e+00
2.000000000000000000e+04 7.999713577109135443e-02 9.865725989986344480e-02 8.920118343195265753e-01 0.000000000000000000e+00 9.330905780609922637e-03 0.000000000000000000e+00
2.025000000000000000e+04 8.099709996822990199e-02 1.224396904870277691e-01 8.641329085116067343e-01 0.000000000000000000e+00 1.342740100136549826e-02 0.000000000000000000e+00
2.050000000000000000e+04 8.199706416536867160e-02 1.437187073281747940e-01 8.331816112881201830e-01 0.000000000000000000e+00 2.309968138370505075e-02 0.000000000000000000e+00
2.075000000000000000e+04 8.299702836250721916e-02 1.365498406918525254e-01 8.429676832043695445e-01 0.000000000000000000e+00 2.048247610377787811e-02 0.000000000000000000e+00
2.100000000000000000e+04 8.399699255964598876e-02 1.794492489758761911e-01 7.789030496131087444e-01 5.689576695493854790e-04 4.107874374146563284e-02 0.000000000000000000e+00
2.125000000000000000e+04 8.499695675678453632e-02 1.902594446973145115e-01 7.633136094674556338e-01 4.551661356395084266e-04 4.597177969959034827e-02 0.000000000000000000e+00
2.150000000000000000e+04 8.599692095392308389e-02 2.188211197086936677e-01 7.132453345471096995e-01 4.551661356395084266e-04 6.747837960855712636e-02 0.000000000000000000e+00
2.175000000000000000e+04 8.699688515106185349e-02 2.401001365498406925e-01 6.665908056440600360e-01 2.389622212107419402e-03 9.091943559399180697e-02 0.000000000000000000e+00
2.200000000000000000e+04 8.799684934820040105e-02 2.692307692307692180e-01 5.991124260355029651e-01 4.324078288575329727e-03 1.273327264451524776e-01 0.000000000000000000e+00
2.225000000000000000e+04 8.899681354533917066e-02 2.835685025034137552e-01 5.333409194355940297e-01 1.741010468821119553e-02 1.656804733727810786e-01 0.000000000000000000e+00
2.250000000000000000e+04 8.999677774247771822e-02 3.009786071916249472e-01 4.825898953117888079e-01 2.537551206190259354e-02 1.910559854346836617e-01 0.000000000000000000e+00
2.275000000000000000e+04 9.099674193961626578e-02 3.022303140646335762e-01 4.320664542558033672e-01 4.358215748748293233e-02 2.221210741920801035e-01 0.000000000000000000e+00
2.300000000000000000e+04 9.199670613675503539e-02 3.008648156577150568e-01 3.963359126081019701e-01 7.715065999089668058e-02 2.256486117432862926e-01 0.000000000000000000e+00
2.325000000000000000e+04 9.299667033389358295e-02 3.062130177514792995e-01 4.170459717796995980e-01 9.046426945835230049e-02 1.862767410104688159e-01 0.000000000000000000e+00
2.350000000000000000e+04 9.399663453103235256e-02 3.068957669549385314e-01 3.918980427856167403e-01 1.264223941738734647e-01 1.747837960855712358e-01 0.000000000000000000e+00
2.375000000000000000e+04 9.499659872817090012e-02 2.979062357760582369e-01 3.897360036413290985e-01 1.490669094219390090e-01 1.632908511606736557e-01 0.000000000000000000e+00
2.400000000000000000e+04 9.599656292530966972e-02 2.724169321802457633e-01 4.161356395084205850e-01 2.012972234865725851e-01 1.101502048247610388e-01 0.000000000000000000e+00
2.425000000000000000e+04 9.699652712244821728e-02 2.411242603550295960e-01 4.479972690031861493e-01 2.150659990896677254e-01 9.581247155211652933e-02 0.000000000000000000e+00
2.450000000000000000e+04 9.799649131958676485e-02 2.269003186162949492e-01 4.544833864360491305e-01 2.388484296768320359e-01 7.976786527082385669e-02 0.000000000000000000e+00
2.475000000000000000e+04 9.899645551672553445e-02 2.028903049613108855e-01 4.623350022758306865e-01 2.726445152480655443e-01 6.213017751479289752e-02 0.000000000000000000e+00
2.500000000000000000e+04 9.999641971386408201e-02 1.927628584433318248e-01 4.677969959035047642e-01 2.818616294947655643e-01 5.757851615839781195e-02 0.000000000000000000e+00
2.525000000000000000e+04 1.009963839110028516e-01 1.886663632225762388e-01 4.533454710969503920e-01 3.144060081929904160e-01 4.358215748748293233e-02 0.000000000000000000e+00
2.550000000000000000e+04 1.019963481081413992e-01 1.663632225762403383e-01 4.604005461993627701e-01 3.359126081019572219e-01 3.732362312243969055e-02 0.000000000000000000e+00
2.575000000000000000e+04 1.029963123052801688e-01 1.709148839326354030e-01 4.660901228948566288e-01 3.359126081019572219e-01 2.708238507055074976e-02 0.000000000000000000e+00
2.600000000000000000e+04 1.039962765024187163e-01 1.430359581247155343e-01 4.815657715065999045e-01 3.499089667728720876e-01 2.548930359581247015e-02 0.000000000000000000e+00
2.625000000000000000e+04 1.049962406995572639e-01 1.409877105143377274e-01 4.890760127446517891e-01 3.478607191624943362e-01 2.207555757851615771e-02 0.000000000000000000e+00
2.650000000000000000e+04 1.059962048966960335e-01 1.512289485662266786e-01 4.822485207100591920e-01 3.474055530268548297e-01 1.911697769685935522e-02 0.000000000000000000e+00
2.675000000000000000e+04 1.069961690938345811e-01 1.480427856167501055e-01 4.806554392353208915e-01 3.518434228493400040e-01 1.945835229858898507e-02 0.000000000000000000e+00
2.700000000000000000e+04 1.079961332909733507e-01 1.475876194811105990e-01 4.832726445152480399e-01 3.482020937642239522e-01 2.093764223941738806e-02 0.000000000000000000e+00
2.725000000000000000e+04 1.089960974881118982e-01 1.470186618115612298e-01 4.846381429221666148e-01 3.516158397815202785e-01 1.672735548475193582e-02 0.000000000000000000e+00
2.750000000000000000e+04 1.099960616852506678e-01 1.679563040509786109e-01 4.679107874374146547e-01 3.437642239417387224e-01 2.036868456986800149e-02 0.000000000000000000e+00
2.775000000000000000e+04 1.109960258823892154e-01 1.527082385070550885e-01 4.795175238962220976e-01 3.493400091033226906e-01 1.843422849340009204e-02 0.000000000000000000e+00
2.800000000000000000e+04 1.119959900795277630e-01 1.602184797451069731e-01 4.733727810650887324e-01 3.472917614929449392e-01 1.911697769685935522e-02 0.000000000000000000e+00
2.825000000000000000e+04 1.129959542766665326e-01 1.759217114246700020e-01 4.582385070550751283e-01 3.439918070095585034e-01 2.184797451069640448e-02 0.000000000000000000e+00
2.850000000000000000e+04 1.139959184738050801e-01 1.800182066454255880e-01 4.558488848429677054e-01 3.436504324078288319e-01 2.048247610377787811e-02 0.000000000000000000e+00
2.875000000000000000e+04 1.149958826709438497e-01 1.844560764679107900e-01 4.503868912152935722e-01 3.427401001365498190e-01 2.241693218024579104e-02 0.000000000000000000e+00
2.900000000000000000e+04 1.159958468680823973e-01 1.870732817478379661e-01 4.497041420118343402e-01 3.413746017296312996e-01 2.184797451069640448e-02 0.000000000000000000e+00
2.925000000000000000e+04 1.169958110652209449e-01 1.987938097405552995e-01 4.369594902139281034e-01 3.419435593991806965e-01 2.230314064633591095e-02 0.000000000000000000e+00
2.950000000000000000e+04 1.179957752623597145e-01 2.071005917159763343e-01 4.292216659080564378e-01 3.392125625853436577e-01 2.446517979062357712e-02 0.000000000000000000e+00
2.975000000000000000e+04 1.189957394594982620e-01 1.994765589440145592e-01 4.353664087391898030e-01 3.372781065088757413e-01 2.787892580791988956e-02 0.000000000000000000e+00
3.000000000000000000e+04 1.199957036566370316e-01 2.200728265817023244e-01 4.087391898042785354e-01 3.329540282203004020e-01 3.823395539371871044e-02 0.000000000000000000e+00
3.025000000000000000e+04 1.209956678537755792e-01 2.423759672280382249e-01 3.912152935821575084e-01 3.262403277196176399e-01 4.016841147018661989e-02 0.000000000000000000e+00
3.050000000000000000e+04 1.219956320509143488e-01 2.263313609467455523e-01 4.089667728720983164e-01 3.266954938552571464e-01 3.800637232589895026e-02 0.000000000000000000e+00
3.075000000000000000e+04 1.229955962480528964e-01 2.358898497951752438e-01 3.885980883022303045e-01 3.289713245334547342e-01 4.654073736913973830e-02 0.000000000000000000e+00
3.100000000000000000e+04 1.239955604451914439e-01 2.471552116522530707e-01 3.882567137005006885e-01 3.273782430587164338e-01 3.720983158852981393e-02 0.000000000000000000e+00
3.125000000000000000e+04 1.249955246423302135e-01 2.461310878470641672e-01 3.783568502503413811e-01 3.218024578971324656e-01 5.370960400546199304e-02 0.000000000000000000e+00
3.150000000000000000e+04 1.259954888394687611e-01 2.641101502048247562e-01 3.669776968593536637e-01 3.129267182521620616e-01 5.598543468365953235e-02 0.000000000000000000e+00
3.175000000000000000e+04 1.269954530366075307e-01 2.693445607646791085e-01 3.510468821119708815e-01 3.053026854802002865e-01 7.430587164314975124e-02 0.000000000000000000e+00
3.200000000000000000e+04 1.279954172337460783e-01 2.598998634501593075e-01 3.559399180700955623e-01 3.131543013199817871e-01 7.100591715976331542e-02 0.000000000000000000e+00
3.225000000000000000e+04 1.289953814308848479e-01 2.775375512061902805e-01 3.237369139736003820e-01 3.139508420573509095e-01 8.477469276285844180e-02 0.000000000000000000e+00
3.250000000000000000e+04 1.299953456280233954e-01 2.690031861629494925e-01 2.987027765134274149e-01 3.376194811106053573e-01 9.467455621301774926e-02 0.000000000000000000e+00
3.275000000000000000e+04 1.309953098251619430e-01 2.616067364588074429e-01 2.874374146563495880e-01 3.290851160673645692e-01 1.218707328174783860e-01 0.000000000000000000e+00
3.300000000000000000e+04 1.319952740223007126e-01 2.696859353664087244e-01 2.522758306781975324e-01 3.107646791078743642e-01 1.672735548475193512e-01 0.000000000000000000e+00
3.325000000000000000e+04 1.329952382194392602e-01 2.930131998179335562e-01 2.142694583522985752e-01 3.032544378698224796e-01 1.894629039599453890e-01 0.000000000000000000e+00
3.350000000000000000e+04 1.339952024165780298e-01 3.066681838871188059e-01 1.891215293582157453e-01 2.947200728265816916e-01 2.094902139280837572e-01 0.000000000000000000e+00
3.375000000000000000e+04 1.349951666137165773e-01 3.009786071916249472e-01 1.797906235776058348e-01 2.988165680473373054e-01 2.204142011834319403e-01 0.000000000000000000e+00
3.400000000000000000e+04 1.359951308108551249e-01 3.146335912608101970e-01 2.026627218934911323e-01 2.960855712335002110e-01 1.866181156121984597e-01 0.000000000000000000e+00
3.425000000000000000e+04 1.369950950079938945e-01 2.925580336822940497e-01 2.486345015930814806e-01 3.224852071005916976e-01 1.363222576240327721e-01 0.000000000000000000e+00
3.450000000000000000e+04 1.379950592051324421e-01 2.756030951297223641e-01 2.680928538916704795e-01 3.370505234410559603e-01 1.192535275375512099e-01 0.000000000000000000e+00
3.475000000000000000e+04 1.389950234022712117e-01 2.733272644515248317e-01 2.695721438324988894e-01 3.401228948566226706e-01 1.169776968593536637e-01 0.000000000000000000e+00
3.500000000000000000e+04 1.399949875994097592e-01 2.833409194355939742e-01 2.677514792899408080e-01 3.390987710514337672e-01 1.098088302230314089e-01 0.000000000000000000e+00
3.525000000000000000e+04 1.409949517965485288e-01 2.775375512061902805e-01 2.687756030951297115e-01 3.525261720527992915e-01 1.011606736458807443e-01 0.000000000000000000e+00
3.550000000000000000e+04 1.419949159936870764e-01 2.795857988165680319e-01 2.685480200273099860e-01 3.499089667728720876e-01 1.019572143832498806e-01 0.000000000000000000e+00
3.575000000000000000e+04 1.429948801908256240e-01 2.697997269003186149e-01 2.808375056895767163e-01 3.486572598998634587e-01 1.007055075102412378e-01 0.000000000000000000e+00
3.600000000000000000e+04 1.439948443879643936e-01 2.630860263996358528e-01 2.981338188438780179e-01 3.527537551206190169e-01 8.602639963586708460e-02 0.000000000000000000e+00
3.625000000000000000e+04 1.449948085851029411e-01 2.505689576695493970e-01 3.057578516158397930e-01 3.475193445607646647e-01 9.615384615384615918e-02 0.000000000000000000e+00
3.650000000000000000e+04 1.459947727822417107e-01 2.465862539827036737e-01 3.079198907601274349e-01 3.489986345015930747e-01 9.649522075557578904e-02 0.000000000000000000e+00
3.675000000000000000e+04 1.469947369793802583e-01 2.453345471096950448e-01 3.129267182521620616e-01 3.513882567137004975e-01 9.035047792444242387e-02 0.000000000000000000e+00
3.700000000000000000e+04 1.479947011765190279e-01 2.437414656349567721e-01 3.075785161583978189e-01 3.573054164770141372e-01 9.137460172963131344e-02 0.000000000000000000e+00
3.725000000000000000e+04 1.489946653736575755e-01 2.337278106508875741e-01 3.161128812016386069e-01 3.642467000455166248e-01 8.591260810195720798e-02 0.000000000000000000e+00
3.750000000000000000e+04 1.499946295707961230e-01 2.264451524806554428e-01 3.171370050068275104e-01 3.647018661811561313e-01 9.171597633136094330e-02 0.000000000000000000e+00
3.775000000000000000e+04 1.509945937679348926e-01 2.303140646335912478e-01 3.172507965407373454e-01 3.657259899863450348e-01 8.670914883932635819e-02 0.000000000000000000e+00
3.800000000000000000e+04 1.519945579650734402e-01 2.233727810650887602e-01 3.147473827947200875e-01 3.676604460628129512e-01 9.421939007737824279e-02 0.000000000000000000e+00
3.825000000000000000e+04 1.529945221622122098e-01 2.396449704142011861e-01 3.116750113791533772e-01 3.608329540282202985e-01 8.784706417842512438e-02 0.000000000000000000e+00
3.850000000000000000e+04 1.539944863593507574e-01 2.377105143377332697e-01 3.108784706417842547e-01 3.700500682749203185e-01 8.136094674556212936e-02 0.000000000000000000e+00
3.875000000000000000e+04 1.549944505564895270e-01 2.321347291761493015e-01 3.111060537096039802e-01 3.609467455621301890e-01 9.581247155211652933e-02 0.000000000000000000e+00
3.900000000000000000e+04 1.559944147536280745e-01 2.387346381429221731e-01 3.058716431497496835e-01 3.648156577150660218e-01 9.057806099226217711e-02 0.000000000000000000e+00
3.925000000000000000e+04 1.569943789507666221e-01 2.354346836595357373e-01 3.122439690487027741e-01 3.714155666818388934e-01 8.090578060992262288e-02 0.000000000000000000e+00
3.950000000000000000e+04 1.579943431479053917e-01 2.438552571688666348e-01 3.092853891670459543e-01 3.752844788347746707e-01 7.157487482931269851e-02 0.000000000000000000e+00
3.975000000000000000e+04 1.589943073450439393e-01 2.430587164314974846e-01 3.056440600819299025e-01 3.699362767410104835e-01 8.136094674556212936e-02 0.000000000000000000e+00
4.000000000000000000e+04 1.599942715421827089e-01 2.463586709148839204e-01 2.996131087847064278e-01 3.687983614019116896e-01 8.522985889849794827e-02 0.000000000000000000e+00
4.025000000000000000e+04 1.609942357393212564e-01 2.441966317705962786e-01 3.065543923532089154e-01 3.716431497496586189e-01 7.760582612653618706e-02 0.000000000000000000e+00
4.050000000000000000e+04 1.619941999364598040e-01 2.455621301775147980e-01 3.015475648611743442e-01 3.725534820209376319e-01 8.033682294037323979e-02 0.000000000000000000e+00
4.075000000000000000e+04 1.629941641335985736e-01 2.512517068730086289e-01 2.998406918525261533e-01 3.627674101046882149e-01 8.614019116977697510e-02 0.000000000000000000e+00
4.100000000000000000e+04 1.639941283307371211e-01 2.489758761948110966e-01 2.990441511151570309e-01 3.675466545289030607e-01 8.443331816112881194e-02 0.000000000000000000e+00
4.125000000000000000e+04 1.649940925278758908e-01 2.588757396449704040e-01 2.939235320892125691e-01 3.617432862994993115e-01 8.545744196631770151e-02 0.000000000000000000e+00
4.150000000000000000e+04 1.659940567250144383e-01 2.605826126536185949e-01 2.911925352753755303e-01 3.683431952662721831e-01 7.988165680473373331e-02 0.000000000000000000e+00
4.175000000000000000e+04 1.669940209221532079e-01 2.664997724169321791e-01 2.850477924442421651e-01 3.734638142922166448e-01 7.498862084660901095e-02 0.000000000000000000e+00
4.200000000000000000e+04 1.679939851192917555e-01 2.579654073736913911e-01 2.876649977241693135e-01 3.819981793354574329e-01 7.237141556668183484e-02 0.000000000000000000e+00
4.225000000000000000e+04 1.689939493164303030e-01 2.538689121529358328e-01 2.847064178425124936e-01 3.823395539371870488e-01 7.908511606736458310e-02 0.000000000000000000e+00
4.250000000000000000e+04 1.699939135135690726e-01 2.596722803823395265e-01 2.841374601729631522e-01 3.789258079198907780e-01 7.726445152480655720e-02 0.000000000000000000e+00
4.275000000000000000e+04 1.709938777107076202e-01 2.522758306781975324e-01 2.872098315885298070e-01 3.850705507510241432e-01 7.544378698224851743e-02 0.000000000000000000e+00
4.300000000000000000e+04 1.719938419078463898e-01 2.667273554847519601e-01 2.832271279016841392e-01 3.789258079198907780e-01 7.111970869367319203e-02 0.000000000000000000e+00
4.325000000000000000e+04 1.729938061049849374e-01 2.667273554847519601e-01 2.844788347746927681e-01 3.843878015475648557e-01 6.440600819299044377e-02 0.000000000000000000e+00
4.350000000000000000e+04 1.739937703021237070e-01 2.556895766954938587e-01 2.826581702321347422e-01 3.911015020482476179e-01 7.055075102412380894e-02 0.000000000000000000e+00
4.375000000000000000e+04 1.749937344992622545e-01 2.650204824761037692e-01 2.814064633591260578e-01 3.890532544378698110e-01 6.451979972690032039e-02 0.000000000000000000e+00
4.400000000000000000e+04 1.759936986964008021e-01 2.691169776968593275e-01 2.745789713245334607e-01 3.865498406918525531e-01 6.975421028675465873e-02 0.000000000000000000e+00
4.425000000000000000e+04 1.769936628935395717e-01 2.715065999089667503e-01 2.741238051888939542e-01 3.860946745562129911e-01 6.827492034592626269e-02 0.000000000000000000e+00
4.450000000000000000e+04 1.779936270906781193e-01 2.690031861629494925e-01 2.734410559854346667e-01 3.846153846153846367e-01 7.294037323623121793e-02 0.000000000000000000e+00
4.475000000000000000e+04 1.789935912878168889e-01 2.720755575785161473e-01 2.719617660446062568e-01 3.827947200728265553e-01 7.316795630405098505e-02 0.000000000000000000e+00
4.500000000000000000e+04 1.799935554849554364e-01 2.735548475193445572e-01 2.749203459262630767e-01 3.857532999544833752e-01 6.577150659990896320e-02 0.000000000000000000e+00
4.525000000000000000e+04 1.809935196820942060e-01 2.862994993172507940e-01 2.642239417387346467e-01 3.857532999544833752e-01 6.372325898953118406e-02 0.000000000000000000e+00
4.550000000000000000e+04 1.819934838792327536e-01 2.866408739189804100e-01 2.679790623577605890e-01 3.821119708693673234e-01 6.326809285389166371e-02 0.000000000000000000e+00
4.575000000000000000e+04 1.829934480763713012e-01 2.869822485207100815e-01 2.572826581702321591e-01 3.810878470641784199e-01 7.464724624487938109e-02 0.000000000000000000e+00
4.600000000000000000e+04 1.839934122735100708e-01 2.802685480200273194e-01 2.651342740100136597e-01 3.851843422849339782e-01 6.941283568502502888e-02 0.000000000000000000e+00
4.625000000000000000e+04 1.849933764706486183e-01 2.910787437414656398e-01 2.604688211197087044e-01 3.809740555302685294e-01 6.747837960855712636e-02 0.000000000000000000e+00
4.650000000000000000e+04 1.859933406677873879e-01 2.836822940373236457e-01 2.627446517979062368e-01 3.847291761492944717e-01 6.884387801547564578e-02 0.000000000000000000e+00
4.675000000000000000e+04 1.869933048649259355e-01 2.919890760127446527e-01 2.649066909421938787e-01 3.837050523441056238e-01 5.939918070095585173e-02 0.000000000000000000e+00
4.700000000000000000e+04 1.879932690620644831e-01 2.931269913518434467e-01 2.560309512972234747e-01 3.840464269458352398e-01 6.679563040509786664e-02 0.000000000000000000e+00
4.725000000000000000e+04 1.889932332592032527e-01 3.034820209376422606e-01 2.560309512972234747e-01 3.776741010468820936e-01 6.281292671825215723e-02 0.000000000000000000e+00
4.750000000000000000e+04 1.899931974563418002e-01 3.040509786071916021e-01 2.503413746017296160e-01 3.817705962676377074e-01 6.383705052344106068e-02 0.000000000000000000e+00
4.775000000000000000e+04 1.909931616534805698e-01 3.023441055985434667e-01 2.490896677287209870e-01 3.800637232589895165e-01 6.850250341374601593e-02 0.000000000000000000e+00
4.800000000000000000e+04 1.919931258506191174e-01 3.039371870732817671e-01 2.437414656349567721e-01 3.815430131998179264e-01 7.077833409194356218e-02 0.000000000000000000e+00
4.825000000000000000e+04 1.929930900477578870e-01 3.016613563950841792e-01 2.403277196176604458e-01 3.814292216659080359e-01 7.658170232134729749e-02 0.000000000000000000e+00
4.850000000000000000e+04 1.939930542448964346e-01 3.188438780154756458e-01 2.255348202093764298e-01 3.771051433773327521e-01 7.851615839781520001e-02 0.000000000000000000e+00
4.875000000000000000e+04 1.949930184420349821e-01 2.959717796995903760e-01 2.077833409194355940e-01 4.230769230769230727e-01 7.316795630405098505e-02 0.000000000000000000e+00
4.900000000000000000e+04 1.959929826391737517e-01 2.976786527082385114e-01 1.987938097405552995e-01 4.303595812471552318e-01 7.316795630405098505e-02 0.000000000000000000e+00
4.925000000000000000e+04 1.969929468363122993e-01 3.067819754210286964e-01 1.917387346381429214e-01 4.285389167045971504e-01 7.294037323623121793e-02 0.000000000000000000e+00
4.950000000000000000e+04 1.979929110334510689e-01 3.010923987255348377e-01 1.913973600364132777e-01 4.487938097405553273e-01 5.871643149749658508e-02 0.000000000000000000e+00
4.975000000000000000e+04 1.989928752305896165e-01 3.070095584888484219e-01 1.844560764679107900e-01 4.478834774692762588e-01 6.065088757396449454e-02 0.000000000000000000e+00
5.000000000000000000e+04 1.999928394277283861e-01 3.137232589895311841e-01 1.837733272644515303e-01 4.460628129267182329e-01 5.644060081929904577e-02 0.000000000000000000e+00
5.025000000000000000e+04 2.009928036248669336e-01 3.120163859808830487e-01 1.811561219845243542e-01 4.473145197997269173e-01 5.951297223486572835e-02 0.000000000000000000e+00
5.050000000000000000e+04 2.019927678220054812e-01 3.132680928538916776e-01 1.784251251706872876e-01 4.479972690031861493e-01 6.030951297223486468e-02 0.000000000000000000e+00
5.075000000000000000e+04 2.029927320191442508e-01 3.047337278106508895e-01 1.802457897132453413e-01 4.555075102412380339e-01 5.951297223486572835e-02 0.000000000000000000e+00
5.100000000000000000e+04 2.039926962162827984e-01 3.222576240327719721e-01 1.783113336367774249e-01 4.481110605370960398e-01 5.131998179335457710e-02 0.000000000000000000e+00
5.125000000000000000e+04 2.049926604134215680e-01 3.203231679563040557e-01 1.792216659080564378e-01 4.497041420118343402e-01 5.075102412380518707e-02 0.000000000000000000e+00
5.150000000000000000e+04 2.059926246105601155e-01 3.134956759217114031e-01 1.785389167045971781e-01 4.505006827492034627e-01 5.746472462448793533e-02 0.000000000000000000e+00
5.175000000000000000e+04 2.069925888076988851e-01 3.240782885753299980e-01 1.837733272644515303e-01 4.415111515703231682e-01 5.063723258989531045e-02 0.000000000000000000e+00
5.200000000000000000e+04 2.079925530048374327e-01 3.219162494310423561e-01 1.912835685025034149e-01 4.346836595357305155e-01 5.211652253072371344e-02 0.000000000000000000e+00
5.225000000000000000e+04 2.089925172019759803e-01 3.169094219390077294e-01 2.025489303595812418e-01 4.371870732817478289e-01 4.335457441966317910e-02 0.000000000000000000e+00
5.250000000000000000e+04 2.099924813991147499e-01 3.042785616750113831e-01 2.215521165225307343e-01 4.287664997724169313e-01 4.540282203004096517e-02 0.000000000000000000e+00
5.275000000000000000e+04 2.109924455962532974e-01 2.954028220300409791e-01 2.229176149294492537e-01 4.420801092398725651e-01 3.959945380063722986e-02 0.000000000000000000e+00
5.300000000000000000e+04 2.119924097933920670e-01 3.053026854802002865e-01 2.182521620391442985e-01 4.404870277651342647e-01 3.595812471552116418e-02 0.000000000000000000e+00
5.325000000000000000e+04 2.129923739905306146e-01 2.954028220300409791e-01 2.288347746927628656e-01 4.395766954938552518e-01 3.618570778334091742e-02 0.000000000000000000e+00
5.350000000000000000e+04 2.139923381876691622e-01 3.004096495220755503e-01 2.148384160218479721e-01 4.436731907146108100e-01 4.107874374146563284e-02 0.000000000000000000e+00
5.375000000000000000e+04 2.149923023848079318e-01 3.015475648611743442e-01 2.151797906235776159e-01 4.461766044606281234e-01 3.709604005461993731e-02 0.000000000000000000e+00
5.400000000000000000e+04 2.159922665819464793e-01 2.955166135639508695e-01 2.156349567592171224e-01 4.484524351388256558e-01 4.039599453800637313e-02 0.000000000000000000e+00
5.425000000000000000e+04 2.169922307790852489e-01 3.020027309968138507e-01 2.133591260810195622e-01 4.459490213928083979e-01 3.868912152935821691e-02 0.000000000000000000e+00
5.450000000000000000e+04 2.179921949762237965e-01 3.042785616750113831e-01 2.116522530723714268e-01 4.491351843422849432e-01 3.493400091033227461e-02 0.000000000000000000e+00
5.475000000000000000e+04 2.189921591733625661e-01 3.079198907601274349e-01 2.125625853436504398e-01 4.441283568502503165e-01 3.538916704597178109e-02 0.000000000000000000e+00
5.500000000000000000e+04 2.199921233705011137e-01 3.086026399635867223e-01 2.053937187073281712e-01 4.431042330450614686e-01 4.289940828402366568e-02 0.000000000000000000e+00
5.525000000000000000e+04 2.209920875676396612e-01 3.140646335912608000e-01 2.040282203004096517e-01 4.383249886208466228e-01 4.358215748748293233e-02 0.000000000000000000e+00
5.550000000000000000e+04 2.219920517647784308e-01 3.169094219390077294e-01 2.033454710969503920e-01 4.400318616294947582e-01 3.971324533454710648e-02 0.000000000000000000e+00
5.575000000000000000e+04 2.229920159619169784e-01 3.099681383705052418e-01 2.036868456986800080e-01 4.506144742831133532e-01 3.573054164770141095e-02 0.000000000000000000e+00
5.600000000000000000e+04 2.239919801590557480e-01 3.171370050068275104e-01 1.986800182066454368e-01 4.428766499772416876e-01 4.130632680928538608e-02 0.000000000000000000e+00
5.625000000000000000e+04 2.249919443561942956e-01 3.050751024123805055e-01 2.033454710969503920e-01 4.451524806554392200e-01 4.642694583522986168e-02 0.000000000000000000e+00
5.650000000000000000e+04 2.259919085533330652e-01 3.197542102867546587e-01 1.960628129267182607e-01 4.391215293582157453e-01 4.506144742831133532e-02 0.000000000000000000e+00
5.675000000000000000e+04 2.269918727504716127e-01 3.257851615839781334e-01 1.918525261720528119e-01 4.390077378243058548e-01 4.335457441966317910e-02 0.000000000000000000e+00
