# itime ezz other fcc hcp bcc ico
0.000000000000000000e+00 0.000000000000000000e+00 7.965407373691396923e-04 9.992034592626308775e-01 0.000000000000000000e+00 0.000000000000000000e+00 0.000000000000000000e+00
4.000000000000000000e+03 9.999148435653193445e-04 4.551661356395084266e-04 9.995448338643604380e-01 0.000000000000000000e+00 0.000000000000000000e+00 0.000000000000000000e+00
8.000000000000000000e+03 1.999829687130638689e-03 5.689576695493854790e-04 9.994310423304506585e-01 0.000000000000000000e+00 0.000000000000000000e+00 0.000000000000000000e+00
1.200000000000000000e+04 2.999744530695958034e-03 9.103322712790168532e-04 9.990896677287209870e-01 0.000000000000000000e+00 0.000000000000000000e+00 0.000000000000000000e+00
1.600000000000000000e+04 3.999659374261277378e-03 1.365498406918525280e-03 9.986345015930814251e-01 0.000000000000000000e+00 0.000000000000000000e+00 0.000000000000000000e+00
2.000000000000000000e+04 4.999574217826596723e-03 2.617205279927173507e-03 9.973827947200728516e-01 0.000000000000000000e+00 0.000000000000000000e+00 0.000000000000000000e+00
2.400000000000000000e+04 5.999489061391694023e-03 1.593081474738279385e-03 9.984069185252617551e-01 0.000000000000000000e+00 0.000000000000000000e+00 0.000000000000000000e+00
2.800000000000000000e+04 6.999403904957013367e-03 2.275830678197542133e-04 9.997724169321802190e-01 0.000000000000000000e+00 0.000000000000000000e+00 0.000000000000000000e+00
3.200000000000000000e+04 7.999318748522332712e-03 1.024123805188893906e-03 9.989758761948110966e-01 0.000000000000000000e+00 0.000000000000000000e+00 0.000000000000000000e+00
3.600000000000000000e+04 8.999233592087652056e-03 7.965407373691396923e-04 9.992034592626308775e-01 0.000000000000000000e+00 0.000000000000000000e+00 0.000000000000000000e+00
4.000000000000000000e+04 9.999148435652971401e-03 1.706873008648156654e-03 9.981793354574419741e-01 0.000000000000000000e+00 1.137915339098771066e-04 0.000000000000000000e+00
4.400000000000000000e+04 1.099906327921829075e-02 7.965407373691396923e-04 9.992034592626308775e-01 0.000000000000000000e+00 0.000000000000000000e+00 0.000000000000000000e+00
4.800000000000000000e+04 1.199897812278361009e-02 6.827492034592626399e-04 9.993172507965407680e-01 0.000000000000000000e+00 0.000000000000000000e+00 0.000000000000000000e+00
5.200000000000000000e+04 1.299889296634892943e-02 2.617205279927173507e-03 9.972690031861629611e-01 0.000000000000000000e+00 1.137915339098771066e-04 0.000000000000000000e+00
5.600000000000000000e+04 1.399880780991424878e-02 9.103322712790168532e-04 9.990896677287209870e-01 0.000000000000000000e+00 0.000000000000000000e+00 0.000000000000000000e+00
6.000000000000000000e+04 1.499872265347956812e-02 1.934456076467910759e-03 9.980655439235320836e-01 0.000000000000000000e+00 0.000000000000000000e+00 0.000000000000000000e+00
6.400000000000000000e+04 1.599863749704488747e-02 3.072371415566681717e-03 9.969276285844332897e-01 0.000000000000000000e+00 0.000000000000000000e+00 0.000000000000000000e+00
6.800000000000000000e+04 1.699855234060998477e-02 9.103322712790168532e-04 9.990896677287209870e-01 0.000000000000000000e+00 0.000000000000000000e+00 0.000000000000000000e+00
7.200000000000000000e+04 1.799846718417530411e-02 2.617205279927173507e-03 9.973827947200728516e-01 0.000000000000000000e+00 0.000000000000000000e+00 0.000000000000000000e+00
7.600000000000000000e+04 1.899838202774062346e-02 2.048247610377787811e-03 9.979517523896221931e-01 0.000000000000000000e+00 0.000000000000000000e+00 0.000000000000000000e+00
8.000000000000000000e+04 1.999829687130594280e-02 3.641329085116067413e-03 9.962448793809740577e-01 0.000000000000000000e+00 1.137915339098771066e-04 0.000000000000000000e+00
8.400000000000000000e+04 2.099821171487126215e-02 2.730996813837050560e-03 9.972690031861629611e-01 0.000000000000000000e+00 0.000000000000000000e+00 0.000000000000000000e+00
8.800000000000000000e+04 2.199812655843658149e-02 3.413746017296313308e-03 9.965862539827037292e-01 0.000000000000000000e+00 0.000000000000000000e+00 0.000000000000000000e+00
9.200000000000000000e+04 2.299804140200190083e-02 1.365498406918525280e-03 9.986345015930814251e-01 0.000000000000000000e+00 0.000000000000000000e+00 0.000000000000000000e+00
9.600000000000000000e+04 2.399795624556722018e-02 2.503413746017296455e-03 9.974965862539827421e-01 0.000000000000000000e+00 0.000000000000000000e+00 0.000000000000000000e+00
1.000000000000000000e+05 2.499787108913253952e-02 2.048247610377787811e-03 9.979517523896221931e-01 0.000000000000000000e+00 0.000000000000000000e+00 0.000000000000000000e+00
1.040000000000000000e+05 2.599778593269785887e-02 6.372325898953117539e-03 9.934000910332271284e-01 0.000000000000000000e+00 2.275830678197542133e-04 0.000000000000000000e+00
1.080000000000000000e+05 2.699770077626317821e-02 6.258534365043240920e-03 9.936276741010469093e-01 0.000000000000000000e+00 1.137915339098771066e-04 0.000000000000000000e+00
1.120000000000000000e+05 2.799761561982849756e-02 2.958579881656804664e-03 9.969276285844332897e-01 0.000000000000000000e+00 1.137915339098771066e-04 0.000000000000000000e+00
1.160000000000000000e+05 2.899753046339359486e-02 2.730996813837050560e-03 9.972690031861629611e-01 0.000000000000000000e+00 0.000000000000000000e+00 0.000000000000000000e+00
1.200000000000000000e+05 2.999744530695891420e-02 3.072371415566681717e-03 9.968138370505233992e-01 0.000000000000000000e+00 1.137915339098771066e-04 0.000000000000000000e+00
1.240000000000000000e+05 3.099736015052423355e-02 4.551661356395083832e-03 9.953345471096950448e-01 0.000000000000000000e+00 1.137915339098771066e-04 0.000000000000000000e+00
1.280000000000000000e+05 3.199727499408955289e-02 6.599908966772872511e-03 9.930587164314974569e-01 0.000000000000000000e+00 3.413746017296313199e-04 0.000000000000000000e+00
1.320000000000000000e+05 3.299718983765487224e-02 7.168866636322257339e-03 9.928311333636777869e-01 0.000000000000000000e+00 0.000000000000000000e+00 0.000000000000000000e+00
1.360000000000000000e+05 3.399710468122019158e-02 5.234410559854347014e-03 9.944242148384160318e-01 0.000000000000000000e+00 3.413746017296313199e-04 0.000000000000000000e+00
1.400000000000000000e+05 3.499701952478551092e-02 6.144742831133363434e-03 9.938552571688666903e-01 0.000000000000000000e+00 0.000000000000000000e+00 0.000000000000000000e+00
1.440000000000000000e+05 3.599693436835083027e-02 6.486117432862995025e-03 9.934000910332271284e-01 0.000000000000000000e+00 1.137915339098771066e-04 0.000000000000000000e+00
1.480000000000000000e+05 3.699684921191614961e-02 6.713700500682749130e-03 9.926035502958580059e-01 0.000000000000000000e+00 6.827492034592626399e-04 0.000000000000000000e+00
1.520000000000000000e+05 3.799676405548146896e-02 9.103322712790167665e-03 9.906690942193900895e-01 0.000000000000000000e+00 2.275830678197542133e-04 0.000000000000000000e+00
1.560000000000000000e+05 3.899667889904678830e-02 8.875739644970414427e-03 9.908966772872098705e-01 0.000000000000000000e+00 2.275830678197542133e-04 0.000000000000000000e+00
1.600000000000000000e+05 3.999659374261188560e-02 8.875739644970414427e-03 9.910104688211197610e-01 0.000000000000000000e+00 1.137915339098771066e-04 0.000000000000000000e+00
1.640000000000000000e+05 4.099650858617720495e-02 1.103777878925807886e-02 9.885070550751023921e-01 0.000000000000000000e+00 4.551661356395084266e-04 0.000000000000000000e+00
1.680000000000000000e+05 4.199642342974252429e-02 8.989531178880291046e-03 9.907828857532999800e-01 0.000000000000000000e+00 2.275830678197542133e-04 0.000000000000000000e+00
1.720000000000000000e+05 4.299633827330784364e-02 9.899863450159307465e-03 9.899863450159308575e-01 0.000000000000000000e+00 1.137915339098771066e-04 0.000000000000000000e+00
1.760000000000000000e+05 4.399625311687316298e-02 8.420573509330906217e-03 9.911242603550295405e-01 0.000000000000000000e+00 4.551661356395084266e-04 0.000000000000000000e+00
1.800000000000000000e+05 4.499616796043848233e-02 1.206190259444697363e-02 9.877105143377332697e-01 0.000000000000000000e+00 2.275830678197542133e-04 0.000000000000000000e+00
1.840000000000000000e+05 4.599608280400380167e-02 8.534365043240782836e-03 9.910104688211197610e-01 0.000000000000000000e+00 4.551661356395084266e-04 0.000000000000000000e+00
1.880000000000000000e+05 4.699599764756912101e-02 1.570323167956303931e-02 9.839553937187073274e-01 0.000000000000000000e+00 3.413746017296313199e-04 0.000000000000000000e+00
1.920000000000000000e+05 4.799591249113444036e-02 9.786071916249430847e-03 9.899863450159308575e-01 0.000000000000000000e+00 2.275830678197542133e-04 0.000000000000000000e+00
1.960000000000000000e+05 4.899582733469975970e-02 1.706873008648156567e-02 9.817933545744196300e-01 0.000000000000000000e+00 1.137915339098770958e-03 0.000000000000000000e+00
2.000000000000000000e+05 4.999574217826507905e-02 1.399635867091488309e-02 9.857760582612653533e-01 0.000000000000000000e+00 2.275830678197542133e-04 0.000000000000000000e+00
2.040000000000000000e+05 5.099565702183017635e-02 1.490669094219390124e-02 9.848657259899863403e-01 0.000000000000000000e+00 2.275830678197542133e-04 0.000000000000000000e+00
2.080000000000000000e+05 5.199557186539549569e-02 1.866181156121984527e-02 9.808830223031406170e-01 0.000000000000000000e+00 4.551661356395084266e-04 0.000000000000000000e+00
2.120000000000000000e+05 5.299548670896081504e-02 1.490669094219390124e-02 9.845243513882566688e-01 0.000000000000000000e+00 5.689576695493854790e-04 0.000000000000000000e+00
2.160000000000000000e+05 5.399540155252613438e-02 2.241693218024579104e-02 9.770141101502047842e-01 0.000000000000000000e+00 5.689576695493854790e-04 0.000000000000000000e+00
2.200000000000000000e+05 5.499531639609145373e-02 1.923076923076923184e-02 9.806554392353209471e-01 0.000000000000000000e+00 1.137915339098771066e-04 0.000000000000000000e+00
2.240000000000000000e+05 5.599523123965677307e-02 2.253072371415566766e-02 9.763313609467455523e-01 0.000000000000000000e+00 1.137915339098770958e-03 0.000000000000000000e+00
2.280000000000000000e+05 5.699514608322209241e-02 2.696859353664087314e-02 9.720072826581702685e-01 0.000000000000000000e+00 1.024123805188893906e-03 0.000000000000000000e+00
2.320000000000000000e+05 5.799506092678741176e-02 2.639963586709149004e-02 9.724624487938097195e-01 0.000000000000000000e+00 1.137915339098770958e-03 0.000000000000000000e+00
2.360000000000000000e+05 5.899497577035273110e-02 2.913063268092853930e-02 9.696176604460627901e-01 0.000000000000000000e+00 1.251706873008648227e-03 0.000000000000000000e+00
2.400000000000000000e+05 5.999489061391805045e-02 3.129267182521620200e-02 9.671142467000455323e-01 0.000000000000000000e+00 1.593081474738279385e-03 0.000000000000000000e+00
2.440000000000000000e+05 6.099480545748336979e-02 3.129267182521620200e-02 9.673418297678653133e-01 0.000000000000000000e+00 1.365498406918525280e-03 0.000000000000000000e+00
2.480000000000000000e+05 6.199472030104868914e-02 3.459262630860263782e-02 9.639280837505689314e-01 0.000000000000000000e+00 1.479289940828402332e-03 0.000000000000000000e+00
2.520000000000000000e+05 6.299463514461378644e-02 4.073736913973600299e-02 9.571005917159762788e-01 0.000000000000000000e+00 2.162039144287664864e-03 0.000000000000000000e+00
2.560000000000000000e+05 6.399454998817910578e-02 3.459262630860263782e-02 9.633591260810195900e-01 0.000000000000000000e+00 2.048247610377787811e-03 0.000000000000000000e+00
2.600000000000000000e+05 6.499446483174442513e-02 4.415111515703231543e-02 9.539144287664997890e-01 0.000000000000000000e+00 1.934456076467910759e-03 0.000000000000000000e+00
2.640000000000000000e+05 6.599437967530974447e-02 4.472007282658170546e-02 9.534592626308602270e-01 0.000000000000000000e+00 1.820664542558033706e-03 0.000000000000000000e+00
2.680000000000000000e+05 6.699429451887506382e-02 3.891670459717797015e-02 9.599453800637232082e-01 0.000000000000000000e+00 1.137915339098770958e-03 0.000000000000000000e+00
2.720000000000000000e+05 6.799420936244038316e-02 5.416477014110149951e-02 9.436731907146108655e-01 0.000000000000000000e+00 2.162039144287664864e-03 0.000000000000000000e+00
2.760000000000000000e+05 6.899412420600570250e-02 5.575785161583977911e-02 9.404870277651342647e-01 0.000000000000000000e+00 3.755120619025944465e-03 0.000000000000000000e+00
2.800000000000000000e+05 6.999403904957102185e-02 5.860263996358670846e-02 9.377560309512972259e-01 0.000000000000000000e+00 3.641329085116067413e-03 0.000000000000000000e+00
2.840000000000000000e+05 7.099395389313634119e-02 5.439235320892125969e-02 9.420801092398725096e-01 0.000000000000000000e+00 3.527537551206190360e-03 0.000000000000000000e+00
2.880000000000000000e+05 7.199386873670166054e-02 6.019572143832498806e-02 9.367319071461083224e-01 0.000000000000000000e+00 3.072371415566681717e-03 0.000000000000000000e+00
2.920000000000000000e+05 7.299378358026697988e-02 6.634046426945834629e-02 9.288802913063267663e-01 0.000000000000000000e+00 4.779244424214838804e-03 0.000000000000000000e+00
2.960000000000000000e+05 7.399369842383207718e-02 6.451979972690032039e-02 9.297906235776057793e-01 0.000000000000000000e+00 5.689576695493855224e-03 0.000000000000000000e+00
3.000000000000000000e+05 7.499361326739739653e-02 7.066454255803368556e-02 9.252389622212107145e-01 0.000000000000000000e+00 4.096495220755575623e-03 0.000000000000000000e+00
3.040000000000000000e+05 7.599352811096271587e-02 6.804733727810650945e-02 9.260355029585798370e-01 0.000000000000000000e+00 5.917159763313609329e-03 0.000000000000000000e+00
3.080000000000000000e+05 7.699344295452803522e-02 7.828857532999544677e-02 9.120391442876649712e-01 0.000000000000000000e+00 9.672280382339554228e-03 0.000000000000000000e+00
3.120000000000000000e+05 7.799335779809335456e-02 1.087847064178425194e-01 8.810878470641784199e-01 0.000000000000000000e+00 1.012744651797906244e-02 0.000000000000000000e+00
3.160000000000000000e+05 7.899327264165867390e-02 1.008192990441511144e-01 8.911015020482475624e-01 0.000000000000000000e+00 8.079198907601274626e-03 0.000000000000000000e+00
3.200000000000000000e+05 7.999318748522399325e-02 1.026399635867091542e-01 8.883705052344105235e-01 0.000000000000000000e+00 8.989531178880291046e-03 0.000000000000000000e+00
3.240000000000000000e+05 8.099310232878931259e-02 1.227810650887573990e-01 8.656121984524350887e-01 4.551661356395084266e-04 1.115157032316795548e-02 0.000000000000000000e+00
3.280000000000000000e+05 8.199301717235463194e-02 1.166363222576240338e-01 8.699362767410104835e-01 0.000000000000000000e+00 1.342740100136549826e-02 0.000000000000000000e+00
3.320000000000000000e+05 8.299293201591995128e-02 1.648839326354119283e-01 8.101957214383249672e-01 0.000000000000000000e+00 2.492034592626308706e-02 0.000000000000000000e+00
3.360000000000000000e+05 8.399284685948527063e-02 1.631770596267637652e-01 8.004096495220756058e-01 0.000000000000000000e+00 3.641329085116067066e-02 0.000000000000000000e+00
3.400000000000000000e+05 8.499276170305036793e-02 2.050523441055985552e-01 6.244879380974055483e-01 6.383705052344106068e-02 1.066226672735548497e-01 0.000000000000000000e+00
3.440000000000000000e+05 8.599267654661568727e-02 9.820209376422393832e-02 6.531634046426946227e-01 2.280382339553937154e-01 2.059626763768775473e-02 0.000000000000000000e+00
3.480000000000000000e+05 8.699259139018100662e-02 8.852981338188438409e-02 6.601046882111970548e-01 2.302002730996813851e-01 2.116522530723714129e-02 0.000000000000000000e+00
3.520000000000000000e+05 8.799250623374632596e-02 9.524351388256713236e-02 6.579426490669094685e-01 2.257624032771961831e-01 2.105143377332726468e-02 0.000000000000000000e+00
3.560000000000000000e+05 8.899242107731164531e-02 9.046426945835230049e-02 6.557806099226217711e-01 2.311106053709603980e-01 2.264451524806554428e-02 0.000000000000000000e+00
3.600000000000000000e+05 8.999233592087696465e-02 8.966772872098316416e-02 6.569185252617205650e-01 2.379380974055530229e-01 1.547564861174328607e-02 0.000000000000000000e+00
3.640000000000000000e+05 9.099225076444228399e-02 9.558488848429676221e-02 6.530496131087847322e-01 2.315657715065999045e-01 1.979972690031861493e-02 0.000000000000000000e+00
3.680000000000000000e+05 9.199216560800760334e-02 1.010468821119708677e-01 6.517979062357760478e-01 2.344105598543468338e-01 1.274465179790623508e-02 0.000000000000000000e+00
3.720000000000000000e+05 9.299208045157292268e-02 9.956759217114247162e-02 6.489531178880291185e-01 2.317933545744196577e-01 1.968593536640873831e-02 0.000000000000000000e+00
3.760000000000000000e+05 9.399199529513824203e-02 1.082157487482931224e-01 6.395084205735093175e-01 2.312243969048702885e-01 2.105143377332726468e-02 0.000000000000000000e+00
3.800000000000000000e+05 9.499191013870356137e-02 1.151570323167956239e-01 6.329085116067364458e-01 2.333864360491579304e-01 1.854802002730996865e-02 0.000000000000000000e+00
3.840000000000000000e+05 9.599182498226888072e-02 9.820209376422393832e-02 6.481565771506599960e-01 2.372553482020937632e-01 1.638598088302230249e-02 0.000000000000000000e+00
3.880000000000000000e+05 9.699173982583397802e-02 1.053709604005461931e-01 6.434911242603550408e-01 2.323623122439690547e-01 1.877560309512972189e-02 0.000000000000000000e+00
3.920000000000000000e+05 9.799165466939929736e-02 1.300637232589895442e-01 6.213017751479289474e-01 2.264451524806554428e-01 2.218934911242603433e-02 0.000000000000000000e+00
3.960000000000000000e+05 9.899156951296461671e-02 1.182294037323623065e-01 6.265361857077833552e-01 2.319071461083295482e-01 2.332726445152480746e-02 0.000000000000000000e+00
4.000000000000000000e+05 9.999148435652993605e-02 1.200500682749203463e-01 6.324533454710969949e-01 2.280382339553937154e-01 1.945835229858898507e-02 0.000000000000000000e+00
4.040000000000000000e+05 1.009913992000952554e-01 1.401911697769686049e-01 6.029813381884387979e-01 2.242831133363677731e-01 3.254437869822485174e-02 0.000000000000000000e+00
4.080000000000000000e+05 1.019913140436605747e-01 1.478152025489303523e-01 5.864815657715065633e-01 2.255348202093764298e-01 4.016841147018661989e-02 0.000000000000000000e+00
4.120000000000000000e+05 1.029912288872258941e-01 1.462221210741920796e-01 5.299271734182976479e-01 2.815202548930359483e-01 4.233045061447428259e-02 0.000000000000000000e+00
4.160000000000000000e+05 1.039911437307912134e-01 1.332498862084660896e-01 5.424442421483841592e-01 2.784478834774692935e-01 4.585798816568047165e-02 0.000000000000000000e+00
4.200000000000000000e+05 1.049910585743565328e-01 1.393946290395994547e-01 5.403959945380063523e-01 2.778789258079198965e-01 4.233045061447428259e-02 0.000000000000000000e+00
4.240000000000000000e+05 1.059909734179218521e-01 1.589667728720983164e-01 5.262858443331815961e-01 2.767410104688211026e-01 3.800637232589895026e-02 0.000000000000000000e+00
4.280000000000000000e+05 1.069908882614871715e-01 1.615839781520254925e-01 5.219617660446063123e-01 2.750341374601729671e-01 4.142011834319526964e-02 0.000000000000000000e+00
4.320000000000000000e+05 1.079908031050522688e-01 1.669321802457897075e-01 5.155894401456531106e-01 2.718479745106964218e-01 4.563040509786071841e-02 0.000000000000000000e+00
4.360000000000000000e+05 1.089907179486175881e-01 1.654528903049612976e-01 5.230996813837051063e-01 2.685480200273099860e-01 4.289940828402366568e-02 0.000000000000000000e+00
4.400000000000000000e+05 1.099906327921829075e-01 1.837733272644515303e-01 4.977241693218024676e-01 2.695721438324988894e-01 4.893035958124715423e-02 0.000000000000000000e+00
4.440000000000000000e+05 1.109905476357482268e-01 1.801319981793354508e-01 4.969276285844333452e-01 2.629722348657259623e-01 5.996813837050523482e-02 0.000000000000000000e+00
4.480000000000000000e+05 1.119904624793135461e-01 2.032316795630405015e-01 4.773554847519344557e-01 2.583067819754210070e-01 6.110605370960400795e-02 0.000000000000000000e+00
4.520000000000000000e+05 1.129903773228788655e-01 2.195038689121529274e-01 4.576695493855257313e-01 2.494310423304506030e-01 7.339553937187073829e-02 0.000000000000000000e+00
4.560000000000000000e+05 1.139902921664441848e-01 2.111970869367319203e-01 4.363905325443787064e-01 2.899408284023668458e-01 6.247155211652252738e-02 0.000000000000000000e+00
4.600000000000000000e+05 1.149902070100095042e-01 1.362084660901228816e-01 5.459717796995903205e-01 2.842512517068729871e-01 3.356850250341374825e-02 0.000000000000000000e+00
4.640000000000000000e+05 1.159901218535748235e-01 1.473600364132908458e-01 5.277651342740100615e-01 2.996131087847064278e-01 2.526172052799271692e-02 0.000000000000000000e+00
4.680000000000000000e+05 1.169900366971401429e-01 1.490669094219390090e-01 5.159308147473827821e-01 3.076923076923077094e-01 2.730996813837050646e-02 0.000000000000000000e+00
4.720000000000000000e+05 1.179899515407054622e-01 1.490669094219390090e-01 5.180928538916704795e-01 3.068957669549385314e-01 2.594446973145198010e-02 0.000000000000000000e+00
4.760000000000000000e+05 1.189898663842705595e-01 1.507737824305871721e-01 5.171825216203914666e-01 3.091715976331361193e-01 2.287209831588529751e-02 0.000000000000000000e+00
4.800000000000000000e+05 1.199897812278358789e-01 1.471324533454710926e-01 5.167273554847519046e-01 3.071233500227583124e-01 2.901684114701866268e-02 0.000000000000000000e+00
4.840000000000000000e+05 1.209896960714011982e-01 1.428083750568957533e-01 5.995675921711424161e-01 2.403277196176604458e-01 1.729631315430131891e-02 0.000000000000000000e+00
4.880000000000000000e+05 1.219896109149665175e-01 1.127674101046882149e-01 6.124260355029585989e-01 2.597860719162494170e-01 1.502048247610377786e-02 0.000000000000000000e+00
4.920000000000000000e+05 1.229895257585318369e-01 1.032089212562585373e-01 6.343878015475649113e-01 2.490896677287209870e-01 1.331360946745562164e-02 0.000000000000000000e+00
4.960000000000000000e+05 1.239894406020971562e-01 1.085571233500227523e-01 6.291533909877105035e-01 2.520482476103778069e-01 1.024123805188893906e-02 0.000000000000000000e+00
5.000000000000000000e+05 1.249893554456624756e-01 1.060537096040054666e-01 6.333636777423760078e-01 2.502275830678197810e-01 1.035502958579881741e-02 0.000000000000000000e+00
5.040000000000000000e+05 1.259892702892277949e-01 1.027537551206190308e-01 6.338188438780154588e-01 2.517068730086481354e-01 1.172052799271734204e-02 0.000000000000000000e+00
5.080000000000000000e+05 1.269891851327931143e-01 1.050295857988165632e-01 6.385980883022303045e-01 2.477241693218024676e-01 8.648156577150659455e-03 0.000000000000000000e+00
5.120000000000000000e+05 1.279890999763584336e-01 1.033227127901684139e-01 6.358670914883932657e-01 2.522758306781975324e-01 8.534365043240782836e-03 0.000000000000000000e+00
5.160000000000000000e+05 1.289890148199237530e-01 1.046882111970869333e-01 6.363222576240327166e-01 2.476103777878925771e-01 1.137915339098771045e-02 0.000000000000000000e+00
5.200000000000000000e+05 1.299889296634888503e-01 1.036640873918980438e-01 6.422394173873463563e-01 2.439690487027765253e-01 1.012744651797906244e-02 0.000000000000000000e+00
5.240000000000000000e+05 1.309888445070541696e-01 7.225762403277195822e-02 6.696631770596267463e-01 2.490896677287209870e-01 8.989531178880291046e-03 0.000000000000000000e+00
5.280000000000000000e+05 1.319887593506194889e-01 7.510241238051888757e-02 6.767182521620391800e-01 2.388484296768320359e-01 9.330905780609922637e-03 0.000000000000000000e+00
5.320000000000000000e+05 1.329886741941848083e-01 6.599908966772871644e-02 6.858215748748293095e-01 2.395311788802912956e-01 8.648156577150659455e-03 0.000000000000000000e+00
5.360000000000000000e+05 1.339885890377501276e-01 6.736458807464724974e-02 6.841147018661811741e-01 2.411242603550295960e-01 7.396449704142011444e-03 0.000000000000000000e+00
5.400000000000000000e+05 1.349885038813154470e-01 6.793354574419663283e-02 6.860491579426490905e-01 2.382794720072826666e-01 7.737824305871643035e-03 0.000000000000000000e+00
5.440000000000000000e+05 1.359884187248807663e-01 7.089212562585343880e-02 6.845698680018206250e-01 2.379380974055530229e-01 6.599908966772872511e-03 0.000000000000000000e+00
5.480000000000000000e+05 1.369883335684460857e-01 6.975421028675465873e-02 6.838871187983613931e-01 2.386208466090122826e-01 7.737824305871643035e-03 0.000000000000000000e+00
5.520000000000000000e+05 1.379882484120114050e-01 6.759217114246700298e-02 6.840009103322712836e-01 2.397587619481110488e-01 8.648156577150659455e-03 0.000000000000000000e+00
5.560000000000000000e+05 1.389881632555767244e-01 6.781975421028675621e-02 6.832043695949021611e-01 2.404415111515703363e-01 8.534365043240782836e-03 0.000000000000000000e+00
5.600000000000000000e+05 1.399880780991420437e-01 7.305416477014110843e-02 6.802457897132453413e-01 2.389622212107419263e-01 7.737824305871643035e-03 0.000000000000000000e+00
5.640000000000000000e+05 1.409879929427073630e-01 6.781975421028675621e-02 6.834319526627219421e-01 2.426035502958579781e-01 6.144742831133363434e-03 0.000000000000000000e+00
5.680000000000000000e+05 1.419879077862724603e-01 7.100591715976331542e-02 6.811561219845243542e-01 2.410104688211197055e-01 6.827492034592626616e-03 0.000000000000000000e+00
5.720000000000000000e+05 1.429878226298377797e-01 7.055075102412380894e-02 6.819526627218934767e-01 2.406690942193900895e-01 6.827492034592626616e-03 0.000000000000000000e+00
5.760000000000000000e+05 1.439877374734030990e-01 6.884387801547564578e-02 6.842284934000910646e-01 2.416932180245789652e-01 5.234410559854347014e-03 0.000000000000000000e+00
5.800000000000000000e+05 1.449876523169684184e-01 7.043695949021393232e-02 6.833181611288120516e-01 2.406690942193900895e-01 5.575785161583977738e-03 0.000000000000000000e+00
5.840000000000000000e+05 1.459875671605337377e-01 7.066454255803368556e-02 6.813837050523441352e-01 2.404415111515703363e-01 7.510241238051888930e-03 0.000000000000000000e+00
5.880000000000000000e+05 1.469874820040990571e-01 7.430587164314975124e-02 6.795630405097861093e-01 2.396449704142011861e-01 6.486117432862995025e-03 0.000000000000000000e+00
5.920000000000000000e+05 1.479873968476643764e-01 6.622667273554846967e-02 6.852526172052799680e-01 2.418070095584888557e-01 6.713700500682749130e-03 0.000000000000000000e+00
5.960000000000000000e+05 1.489873116912296958e-01 7.578516158397814728e-02 6.784251251706873154e-01 2.410104688211197055e-01 4.779244424214838804e-03 0.000000000000000000e+00
6.000000000000000000e+05 1.499872265347950151e-01 7.111970869367319203e-02 6.800182066454255603e-01 2.411242603550295960e-01 7.737824305871643035e-03 0.000000000000000000e+00
6.040000000000000000e+05 1.509871413783603344e-01 7.282658170232134132e-02 6.801319981793354508e-01 2.420345926263086089e-01 5.006827492034592909e-03 0.000000000000000000e+00
6.080000000000000000e+05 1.519870562219256538e-01 7.578516158397814728e-02 6.767182521620391800e-01 2.427173418297678686e-01 4.779244424214838804e-03 0.000000000000000000e+00
6.120000000000000000e+05 1.529869710654907511e-01 7.453345471096950448e-02 6.758079198907601670e-01 2.420345926263086089e-01 7.624032771961766417e-03 0.000000000000000000e+00
6.160000000000000000e+05 1.539868859090560704e-01 7.203004096495220498e-02 6.789940828402366568e-01 2.441966317705962786e-01 4.779244424214838804e-03 0.000000000000000000e+00
6.200000000000000000e+05 1.549868007526213898e-01 7.237141556668183484e-02 6.781975421028675344e-01 2.415794264906691025e-01 7.851615839781519654e-03 0.000000000000000000e+00
6.240000000000000000e+05 1.559867155961867091e-01 7.988165680473373331e-02 6.713700500682748817e-01 2.408966772872098427e-01 7.851615839781519654e-03 0.000000000000000000e+00
6.280000000000000000e+05 1.569866304397520285e-01 7.692307692307692735e-02 6.736458807464724696e-01 2.426035502958579781e-01 6.827492034592626616e-03 0.000000000000000000e+00
6.320000000000000000e+05 1.579865452833173478e-01 7.817478379608557015e-02 6.733045061447427981e-01 2.418070095584888557e-01 6.713700500682749130e-03 0.000000000000000000e+00
6.360000000000000000e+05 1.589864601268826672e-01 7.885753299954482987e-02 6.709148839326354308e-01 2.437414656349567721e-01 6.486117432862995025e-03 0.000000000000000000e+00
6.400000000000000000e+05 1.599863749704479865e-01 7.794720072826581692e-02 6.700045516613564178e-01 2.446517979062357850e-01 7.396449704142011444e-03 0.000000000000000000e+00
6.440000000000000000e+05 1.609862898140133058e-01 7.726445152480655720e-02 6.695493855257168558e-01 2.447655894401456478e-01 8.420573509330906217e-03 0.000000000000000000e+00
6.480000000000000000e+05 1.619862046575786252e-01 8.215748748293126569e-02 6.680700955848885014e-01 2.447655894401456478e-01 5.006827492034592909e-03 0.000000000000000000e+00
6.520000000000000000e+05 1.629861195011439445e-01 8.500227583067819503e-02 6.675011379153390489e-01 2.396449704142011861e-01 7.851615839781519654e-03 0.000000000000000000e+00
6.560000000000000000e+05 1.639860343447090418e-01 9.194355939918069653e-02 6.548702776513427581e-01 2.429449248975876219e-01 1.024123805188893906e-02 0.000000000000000000e+00
6.600000000000000000e+05 1.649859491882743612e-01 8.727810650887574129e-02 6.611288120163859583e-01 2.449931725079654010e-01 6.599908966772872511e-03 0.000000000000000000e+00
6.640000000000000000e+05 1.659858640318396805e-01 8.648156577150660496e-02 6.611288120163859583e-01 2.441966317705962786e-01 8.192990441511151245e-03 0.000000000000000000e+00
6.680000000000000000e+05 1.669857788754049999e-01 8.693673190714611143e-02 6.627218934911243142e-01 2.427173418297678686e-01 7.624032771961766417e-03 0.000000000000000000e+00
6.720000000000000000e+05 1.679856937189703192e-01 9.638142922166591242e-02 6.522530723714156098e-01 2.434000910332271284e-01 7.965407373691398007e-03 0.000000000000000000e+00
6.760000000000000000e+05 1.689856085625356386e-01 9.103322712790168358e-02 6.587391898042785909e-01 2.429449248975876219e-01 7.282658170232134826e-03 0.000000000000000000e+00
6.800000000000000000e+05 1.699855234061009579e-01 9.387801547564861293e-02 6.528220300409649512e-01 2.429449248975876219e-01 1.035502958579881741e-02 0.000000000000000000e+00
6.840000000000000000e+05 1.709854382496662772e-01 1.067364588074647264e-01 6.434911242603550408e-01 2.416932180245789652e-01 8.079198907601274626e-03 0.000000000000000000e+00
6.880000000000000000e+05 1.719853530932315966e-01 1.034365043240782905e-01 6.442876649977241632e-01 2.435138825671370189e-01 8.761948111060537808e-03 0.000000000000000000e+00
6.920000000000000000e+05 1.729852679367969159e-01 1.060537096040054666e-01 6.327947200728265553e-01 2.525034137460173134e-01 8.648156577150659455e-03 0.000000000000000000e+00
6.960000000000000000e+05 1.739851827803622353e-01 1.143604915794264876e-01 6.203914428766499345e-01 2.565999089667728716e-01 8.648156577150659455e-03 0.000000000000000000e+00
7.000000000000000000e+05 1.749850976239275546e-01 1.147018661811561174e-01 6.183431952662722386e-01 2.531861629494765453e-01 1.376877560309512985e-02 0.000000000000000000e+00
7.040000000000000000e+05 1.759850124674926519e-01 1.318843878015475701e-01 5.779472007282657753e-01 2.708238507055075184e-01 1.934456076467910846e-02 0.000000000000000000e+00
7.080000000000000000e+05 1.769849273110579713e-01 1.432635411925352875e-01 5.485889849795174689e-01 2.893718707328175044e-01 1.877560309512972189e-02 0.000000000000000000e+00
7.120000000000000000e+05 1.779848421546232906e-01 1.354119253527537592e-01 5.517751479289940697e-01 2.946062812926718011e-01 1.820664542558033533e-02 0.000000000000000000e+00
7.160000000000000000e+05 1.789847569981886100e-01 1.378015475648611821e-01 5.505234410559853853e-01 2.942649066909421851e-01 1.741010468821119553e-02 0.000000000000000000e+00
7.200000000000000000e+05 1.799846718417539293e-01 1.339326354119253493e-01 5.514337733272643982e-01 2.941511151570322946e-01 2.048247610377787811e-02 0.000000000000000000e+00
7.240000000000000000e+05 1.809845866853192486e-01 1.362084660901228816e-01 5.485889849795174689e-01 2.972234865725990050e-01 1.797906235776058209e-02 0.000000000000000000e+00
7.280000000000000000e+05 1.819845015288845680e-01 1.430359581247155343e-01 5.441511151570322946e-01 2.950614474283113076e-01 1.775147928994082885e-02 0.000000000000000000e+00
7.320000000000000000e+05 1.829844163724498873e-01 1.463359126081019701e-01 5.401684114701865713e-01 2.950614474283113076e-01 1.843422849340009204e-02 0.000000000000000000e+00
7.360000000000000000e+05 1.839843312160152067e-01 1.483841602184797492e-01 5.389167045971779979e-01 2.906235776058261333e-01 2.207555757851615771e-02 0.000000000000000000e+00
7.400000000000000000e+05 1.849842460595805260e-01 1.454255803368229294e-01 5.837505689576695245e-01 2.555757851615839682e-01 1.524806554392353283e-02 0.000000000000000000e+00
7.440000000000000000e+05 1.859841609031458454e-01 1.329085116067364458e-01 5.568957669549385869e-01 3.008648156577150568e-01 9.330905780609922637e-03 0.000000000000000000e+00
7.480000000000000000e+05 1.869840757467109427e-01 1.341602184797451025e-01 5.425580336822940497e-01 3.068957669549385314e-01 1.638598088302230249e-02 0.000000000000000000e+00
7.520000000000000000e+05 1.879839905902762620e-01 1.388256713700500578e-01 5.325443786982249073e-01 3.170232134729176199e-01 1.160673645880746542e-02 0.000000000000000000e+00
7.560000000000000000e+05 1.889839054338415814e-01 1.266499772416932179e-01 5.524578971324533017e-01 3.100819299044151323e-01 1.081019572143832562e-02 0.000000000000000000e+00
7.600000000000000000e+05 1.899838202774069007e-01 1.305188893946290507e-01 5.485889849795174689e-01 3.113336367774237612e-01 9.558488848429677609e-03 0.000000000000000000e+00
7.640000000000000000e+05 1.909837351209722200e-01 1.191397360036413333e-01 5.600819299044150767e-01 3.105370960400546387e-01 1.024123805188893906e-02 0.000000000000000000e+00
7.680000000000000000e+05 1.919836499645375394e-01 1.159535730541647741e-01 5.747610377787892855e-01 2.997269003186163183e-01 9.558488848429677609e-03 0.000000000000000000e+00
7.720000000000000000e+05 1.929835648081028587e-01 1.141329085116067343e-01 5.753299954483386269e-01 3.024578971324533572e-01 8.079198907601274626e-03 0.000000000000000000e+00
7.760000000000000000e+05 1.939834796516681781e-01 1.133363677742375980e-01 5.781747837960855563e-01 3.022303140646335762e-01 6.258534365043240920e-03 0.000000000000000000e+00
7.800000000000000000e+05 1.949833944952334974e-01 1.157259899863450209e-01 5.762403277196176399e-01 2.999544833864360438e-01 8.079198907601274626e-03 0.000000000000000000e+00
7.840000000000000000e+05 1.959833093387988168e-01 1.135639508420573512e-01 5.787437414656350088e-01 2.994993172507965373e-01 8.192990441511151245e-03 0.000000000000000000e+00
7.880000000000000000e+05 1.969832241823641361e-01 1.142467000455166110e-01 5.757851615839781889e-01 3.029130632680928636e-01 7.055075102412380721e-03 0.000000000000000000e+00
7.920000000000000000e+05 1.979831390259292334e-01 1.137915339098771045e-01 5.773782430587164338e-01 3.001820664542558248e-01 8.648156577150659455e-03 0.000000000000000000e+00
7.960000000000000000e+05 1.989830538694945528e-01 1.195949021392808398e-01 5.744196631770596140e-01 2.983614019116977434e-01 7.624032771961766417e-03 0.000000000000000000e+00
8.000000000000000000e+05 1.999829687130598721e-01 1.168639053254437871e-01 5.764679107874374209e-01 2.992717341829768118e-01 7.396449704142011444e-03 0.000000000000000000e+00
8.040000000000000000e+05 2.009828835566251914e-01 1.201638598088302229e-01 5.748748293126991760e-01 2.983614019116977434e-01 6.599908966772872511e-03 0.000000000000000000e+00
8.080000000000000000e+05 2.019827984001905108e-01 1.215293582157487423e-01 5.748748293126991760e-01 2.941511151570322946e-01 9.444697314519799256e-03 0.000000000000000000e+00
8.120000000000000000e+05 2.029827132437558301e-01 1.213017751479289891e-01 5.725989986345015881e-01 2.993855257168866468e-01 6.713700500682749130e-03 0.000000000000000000e+00
8.160000000000000000e+05 2.039826280873211495e-01 1.225534820209376458e-01 5.724852071005916976e-01 2.959717796995903760e-01 8.989531178880291046e-03 0.000000000000000000e+00
8.200000000000000000e+05 2.049825429308864688e-01 1.259672280382339582e-01 5.731679563040509295e-01 2.924442421483841592e-01 8.420573509330906217e-03 0.000000000000000000e+00
8.240000000000000000e+05 2.059824577744517882e-01 1.197086936731907164e-01 5.730541647701411501e-01 2.967683204369594985e-01 1.046882111970869403e-02 0.000000000000000000e+00
8.280000000000000000e+05 2.069823726180171075e-01 1.231224396904870289e-01 5.730541647701411501e-01 2.956304050978607045e-01 8.192990441511151245e-03 0.000000000000000000e+00
8.320000000000000000e+05 2.079822874615824269e-01 1.203914428766499761e-01 5.716886663632225751e-01 3.006372325898953313e-01 7.282658170232134826e-03 0.000000000000000000e+00
8.360000000000000000e+05 2.089822023051477462e-01 1.202776513427400995e-01 5.732817478379608200e-01 2.993855257168866468e-01 7.055075102412380721e-03 0.000000000000000000e+00
8.400000000000000000e+05 2.099821171487128435e-01 1.233500227583067821e-01 5.716886663632225751e-01 2.969959035047792240e-01 7.965407373691398007e-03 0.000000000000000000e+00
8.440000000000000000e+05 2.109820319922781628e-01 1.285844333181611343e-01 5.712335002275830131e-01 2.926718252162039402e-01 7.510241238051888930e-03 0.000000000000000000e+00
8.480000000000000000e+05 2.119819468358434822e-01 1.286982248520709970e-01 5.686162949476558648e-01 2.956304050978607045e-01 7.055075102412380721e-03 0.000000000000000000e+00
8.520000000000000000e+05 2.129818616794088015e-01 1.330223031406463363e-01 5.628129267182521156e-01 2.960855712335002110e-01 8.079198907601274626e-03 0.000000000000000000e+00
8.560000000000000000e+05 2.139817765229741209e-01 1.330223031406463363e-01 5.631543013199817871e-01 2.946062812926718011e-01 9.217114246700046018e-03 0.000000000000000000e+00
8.600000000000000000e+05 2.149816913665394402e-01 1.296085571233500100e-01 5.630405097860718966e-01 2.971096950386891145e-01 1.024123805188893906e-02 0.000000000000000000e+00
8.640000000000000000e+05 2.159816062101047596e-01 1.269913518434228616e-01 5.663404642694583879e-01 2.975648611743286209e-01 9.103322712790167665e-03 0.000000000000000000e+00
8.680000000000000000e+05 2.169815210536700789e-01 1.337050523441055960e-01 5.609922621756940897e-01 2.973372781065088954e-01 7.965407373691398007e-03 0.000000000000000000e+00
8.720000000000000000e+05 2.179814358972353983e-01 1.265361857077833274e-01 5.622439690487027741e-01 3.014337733272644537e-01 9.786071916249430847e-03 0.000000000000000000e+00
8.760000000000000000e+05 2.189813507408007176e-01 1.308602639963586667e-01 5.619025944469731026e-01 2.985889849795175244e-01 8.648156577150659455e-03 0.000000000000000000e+00
8.800000000000000000e+05 2.199812655843660369e-01 1.309740555302685572e-01 5.595129722348657353e-01 3.004096495220755503e-01 9.103322712790167665e-03 0.000000000000000000e+00
8.840000000000000000e+05 2.209811804279311342e-01 1.370050068274920319e-01 5.570095584888484774e-01 2.985889849795175244e-01 7.396449704142011444e-03 0.000000000000000000e+00
8.880000000000000000e+05 2.219810952714964536e-01 1.345015930814747462e-01 5.554164770141101215e-01 3.016613563950841792e-01 8.420573509330906217e-03 0.000000000000000000e+00
8.920000000000000000e+05 2.229810101150617729e-01 1.390532544378698110e-01 5.525716886663631922e-01 2.991579426490669213e-01 9.217114246700046018e-03 0.000000000000000000e+00
8.960000000000000000e+05 2.239809249586270923e-01 1.305188893946290507e-01 5.557578516158397930e-01 3.049613108784706150e-01 8.761948111060537808e-03 0.000000000000000000e+00
9.000000000000000000e+05 2.249808398021924116e-01 1.368912152935821691e-01 5.494993172507965928e-01 3.051888939462903960e-01 8.420573509330906217e-03 0.000000000000000000e+00
9.040000000000000000e+05 2.259807546457577310e-01 1.390532544378698110e-01 5.523441055985435222e-01 3.001820664542558248e-01 8.420573509330906217e-03 0.000000000000000000e+00
9.080000000000000000e+05 2.269806694893230503e-01 1.421256258534364936e-01 5.501820664542558248e-01 2.977924442421484019e-01 9.899863450159307465e-03 0.000000000000000000e+00
