# itime ezz other fcc hcp bcc ico
0.000000000000000000e+00 0.000000000000000000e+00 0.000000000000000000e+00 1.000000000000000000e+00 0.000000000000000000e+00 0.000000000000000000e+00 0.000000000000000000e+00
3.000000000000000000e+00 1.199939253017090479e-03 0.000000000000000000e+00 1.000000000000000000e+00 0.000000000000000000e+00 0.000000000000000000e+00 0.000000000000000000e+00
6.000000000000000000e+00 2.399878506034180958e-03 0.000000000000000000e+00 1.000000000000000000e+00 0.000000000000000000e+00 0.000000000000000000e+00 0.000000000000000000e+00
9.000000000000000000e+00 3.599817759051049393e-03 0.000000000000000000e+00 1.000000000000000000e+00 0.000000000000000000e+00 0.000000000000000000e+00 0.000000000000000000e+00
1.200000000000000000e+01 4.799757012068139872e-03 0.000000000000000000e+00 1.000000000000000000e+00 0.000000000000000000e+00 0.000000000000000000e+00 0.000000000000000000e+00
1.500000000000000000e+01 5.999696265085230351e-03 0.000000000000000000e+00 1.000000000000000000e+00 0.000000000000000000e+00 0.000000000000000000e+00 0.000000000000000000e+00
1.800000000000000000e+01 7.199635518102320830e-03 0.000000000000000000e+00 1.000000000000000000e+00 0.000000000000000000e+00 0.000000000000000000e+00 0.000000000000000000e+00
2.100000000000000000e+01 8.399574771119411309e-03 0.000000000000000000e+00 1.000000000000000000e+00 0.000000000000000000e+00 0.000000000000000000e+00 0.000000000000000000e+00
2.400000000000000000e+01 9.599514024136279744e-03 0.000000000000000000e+00 1.000000000000000000e+00 0.000000000000000000e+00 0.000000000000000000e+00 0.000000000000000000e+00
2.700000000000000000e+01 1.079945327715337022e-02 0.000000000000000000e+00 1.000000000000000000e+00 0.000000000000000000e+00 0.000000000000000000e+00 0.000000000000000000e+00
3.000000000000000000e+01 1.199939253017046070e-02 0.000000000000000000e+00 1.000000000000000000e+00 0.000000000000000000e+00 0.000000000000000000e+00 0.000000000000000000e+00
3.300000000000000000e+01 1.319933178318755118e-02 0.000000000000000000e+00 1.000000000000000000e+00 0.000000000000000000e+00 0.000000000000000000e+00 0.000000000000000000e+00
3.600000000000000000e+01 1.439927103620464166e-02 0.000000000000000000e+00 1.000000000000000000e+00 0.000000000000000000e+00 0.000000000000000000e+00 0.000000000000000000e+00
3.900000000000000000e+01 1.559921028922151010e-02 0.000000000000000000e+00 1.000000000000000000e+00 0.000000000000000000e+00 0.000000000000000000e+00 0.000000000000000000e+00
4.200000000000000000e+01 1.679914954223860057e-02 0.000000000000000000e+00 1.000000000000000000e+00 0.000000000000000000e+00 0.000000000000000000e+00 0.000000000000000000e+00
4.500000000000000000e+01 1.799908879525569105e-02 0.000000000000000000e+00 1.000000000000000000e+00 0.000000000000000000e+00 0.000000000000000000e+00 0.000000000000000000e+00
4.800000000000000000e+01 1.919902804827278153e-02 0.000000000000000000e+00 1.000000000000000000e+00 0.000000000000000000e+00 0.000000000000000000e+00 0.000000000000000000e+00
5.100000000000000000e+01 2.039896730128987201e-02 0.000000000000000000e+00 1.000000000000000000e+00 0.000000000000000000e+00 0.000000000000000000e+00 0.000000000000000000e+00
5.400000000000000000e+01 2.159890655430674045e-02 0.000000000000000000e+00 1.000000000000000000e+00 0.000000000000000000e+00 0.000000000000000000e+00 0.000000000000000000e+00
5.700000000000000000e+01 2.279884580732383093e-02 0.000000000000000000e+00 1.000000000000000000e+00 0.000000000000000000e+00 0.000000000000000000e+00 0.000000000000000000e+00
6.000000000000000000e+01 2.399878506034092140e-02 0.000000000000000000e+00 1.000000000000000000e+00 0.000000000000000000e+00 0.000000000000000000e+00 0.000000000000000000e+00
6.300000000000000000e+01 2.519872431335801188e-02 0.000000000000000000e+00 1.000000000000000000e+00 0.000000000000000000e+00 0.000000000000000000e+00 0.000000000000000000e+00
6.600000000000000000e+01 2.639866356637510236e-02 0.000000000000000000e+00 1.000000000000000000e+00 0.000000000000000000e+00 0.000000000000000000e+00 0.000000000000000000e+00
6.900000000000000000e+01 2.759860281939197080e-02 0.000000000000000000e+00 1.000000000000000000e+00 0.000000000000000000e+00 0.000000000000000000e+00 0.000000000000000000e+00
7.200000000000000000e+01 2.879854207240906128e-02 0.000000000000000000e+00 1.000000000000000000e+00 0.000000000000000000e+00 0.000000000000000000e+00 0.000000000000000000e+00
7.500000000000000000e+01 2.999848132542615176e-02 0.000000000000000000e+00 1.000000000000000000e+00 0.000000000000000000e+00 0.000000000000000000e+00 0.000000000000000000e+00
7.800000000000000000e+01 3.119842057844324223e-02 0.000000000000000000e+00 1.000000000000000000e+00 0.000000000000000000e+00 0.000000000000000000e+00 0.000000000000000000e+00
8.100000000000000000e+01 3.239835983146033271e-02 0.000000000000000000e+00 1.000000000000000000e+00 0.000000000000000000e+00 0.000000000000000000e+00 0.000000000000000000e+00
8.400000000000000000e+01 3.359829908447720115e-02 0.000000000000000000e+00 1.000000000000000000e+00 0.000000000000000000e+00 0.000000000000000000e+00 0.000000000000000000e+00
8.700000000000000000e+01 3.479823833749429163e-02 0.000000000000000000e+00 1.000000000000000000e+00 0.000000000000000000e+00 0.000000000000000000e+00 0.000000000000000000e+00
9.000000000000000000e+01 3.599817759051138211e-02 0.000000000000000000e+00 1.000000000000000000e+00 0.000000000000000000e+00 0.000000000000000000e+00 0.000000000000000000e+00
9.300000000000000000e+01 3.719811684352847259e-02 0.000000000000000000e+00 1.000000000000000000e+00 0.000000000000000000e+00 0.000000000000000000e+00 0.000000000000000000e+00
9.600000000000000000e+01 3.839805609654556307e-02 0.000000000000000000e+00 1.000000000000000000e+00 0.000000000000000000e+00 0.000000000000000000e+00 0.000000000000000000e+00
9.900000000000000000e+01 3.959799534956243150e-02 0.000000000000000000e+00 1.000000000000000000e+00 0.000000000000000000e+00 0.000000000000000000e+00 0.000000000000000000e+00
1.020000000000000000e+02 4.079793460257952198e-02 0.000000000000000000e+00 1.000000000000000000e+00 0.000000000000000000e+00 0.000000000000000000e+00 0.000000000000000000e+00
1.050000000000000000e+02 4.199787385559661246e-02 0.000000000000000000e+00 1.000000000000000000e+00 0.000000000000000000e+00 0.000000000000000000e+00 0.000000000000000000e+00
1.080000000000000000e+02 4.319781310861370294e-02 0.000000000000000000e+00 1.000000000000000000e+00 0.000000000000000000e+00 0.000000000000000000e+00 0.000000000000000000e+00
1.110000000000000000e+02 4.439775236163079342e-02 0.000000000000000000e+00 1.000000000000000000e+00 0.000000000000000000e+00 0.000000000000000000e+00 0.000000000000000000e+00
1.140000000000000000e+02 4.559769161464766185e-02 0.000000000000000000e+00 1.000000000000000000e+00 0.000000000000000000e+00 0.000000000000000000e+00 0.000000000000000000e+00
1.170000000000000000e+02 4.679763086766475233e-02 0.000000000000000000e+00 1.000000000000000000e+00 0.000000000000000000e+00 0.000000000000000000e+00 0.000000000000000000e+00
1.200000000000000000e+02 4.799757012068184281e-02 0.000000000000000000e+00 1.000000000000000000e+00 0.000000000000000000e+00 0.000000000000000000e+00 0.000000000000000000e+00
1.230000000000000000e+02 4.919750937369893329e-02 0.000000000000000000e+00 1.000000000000000000e+00 0.000000000000000000e+00 0.000000000000000000e+00 0.000000000000000000e+00
1.260000000000000000e+02 5.039744862671580172e-02 0.000000000000000000e+00 1.000000000000000000e+00 0.000000000000000000e+00 0.000000000000000000e+00 0.000000000000000000e+00
1.290000000000000000e+02 5.159738787973289220e-02 0.000000000000000000e+00 1.000000000000000000e+00 0.000000000000000000e+00 0.000000000000000000e+00 0.000000000000000000e+00
1.320000000000000000e+02 5.279732713274998268e-02 0.000000000000000000e+00 1.000000000000000000e+00 0.000000000000000000e+00 0.000000000000000000e+00 0.000000000000000000e+00
1.350000000000000000e+02 5.399726638576707316e-02 0.000000000000000000e+00 1.000000000000000000e+00 0.000000000000000000e+00 0.000000000000000000e+00 0.000000000000000000e+00
1.380000000000000000e+02 5.519720563878416364e-02 0.000000000000000000e+00 1.000000000000000000e+00 0.000000000000000000e+00 0.000000000000000000e+00 0.000000000000000000e+00
1.410000000000000000e+02 5.639714489180103207e-02 0.000000000000000000e+00 1.000000000000000000e+00 0.000000000000000000e+00 0.000000000000000000e+00 0.000000000000000000e+00
1.440000000000000000e+02 5.759708414481812255e-02 0.000000000000000000e+00 1.000000000000000000e+00 0.000000000000000000e+00 0.000000000000000000e+00 0.000000000000000000e+00
1.470000000000000000e+02 5.879702339783521303e-02 0.000000000000000000e+00 1.000000000000000000e+00 0.000000000000000000e+00 0.000000000000000000e+00 0.000000000000000000e+00
1.500000000000000000e+02 5.999696265085230351e-02 0.000000000000000000e+00 1.000000000000000000e+00 0.000000000000000000e+00 0.000000000000000000e+00 0.000000000000000000e+00
1.530000000000000000e+02 6.119690190386939399e-02 0.000000000000000000e+00 1.000000000000000000e+00 0.000000000000000000e+00 0.000000000000000000e+00 0.000000000000000000e+00
1.560000000000000000e+02 6.239684115688626243e-02 0.000000000000000000e+00 1.000000000000000000e+00 0.000000000000000000e+00 0.000000000000000000e+00 0.000000000000000000e+00
1.590000000000000000e+02 6.359678040990335290e-02 0.000000000000000000e+00 1.000000000000000000e+00 0.000000000000000000e+00 0.000000000000000000e+00 0.000000000000000000e+00
1.620000000000000000e+02 6.479671966292044338e-02 0.000000000000000000e+00 1.000000000000000000e+00 0.000000000000000000e+00 0.000000000000000000e+00 0.000000000000000000e+00
1.650000000000000000e+02 6.599665891593753386e-02 0.000000000000000000e+00 1.000000000000000000e+00 0.000000000000000000e+00 0.000000000000000000e+00 0.000000000000000000e+00
1.680000000000000000e+02 6.719659816895462434e-02 0.000000000000000000e+00 1.000000000000000000e+00 0.000000000000000000e+00 0.000000000000000000e+00 0.000000000000000000e+00
1.710000000000000000e+02 6.839653742197149278e-02 0.000000000000000000e+00 1.000000000000000000e+00 0.000000000000000000e+00 0.000000000000000000e+00 0.000000000000000000e+00
1.740000000000000000e+02 6.959647667498858326e-02 0.000000000000000000e+00 1.000000000000000000e+00 0.000000000000000000e+00 0.000000000000000000e+00 0.000000000000000000e+00
1.770000000000000000e+02 7.079641592800567373e-02 0.000000000000000000e+00 1.000000000000000000e+00 0.000000000000000000e+00 0.000000000000000000e+00 0.000000000000000000e+00
1.800000000000000000e+02 7.199635518102276421e-02 0.000000000000000000e+00 1.000000000000000000e+00 0.000000000000000000e+00 0.000000000000000000e+00 0.000000000000000000e+00
1.830000000000000000e+02 7.319629443403985469e-02 0.000000000000000000e+00 1.000000000000000000e+00 0.000000000000000000e+00 0.000000000000000000e+00 0.000000000000000000e+00
1.860000000000000000e+02 7.439623368705672313e-02 0.000000000000000000e+00 1.000000000000000000e+00 0.000000000000000000e+00 0.000000000000000000e+00 0.000000000000000000e+00
1.890000000000000000e+02 7.559617294007381361e-02 0.000000000000000000e+00 1.000000000000000000e+00 0.000000000000000000e+00 0.000000000000000000e+00 0.000000000000000000e+00
1.920000000000000000e+02 7.679611219309090409e-02 0.000000000000000000e+00 1.000000000000000000e+00 0.000000000000000000e+00 0.000000000000000000e+00 0.000000000000000000e+00
1.950000000000000000e+02 7.799605144610799456e-02 0.000000000000000000e+00 1.000000000000000000e+00 0.000000000000000000e+00 0.000000000000000000e+00 0.000000000000000000e+00
1.980000000000000000e+02 7.919599069912508504e-02 0.000000000000000000e+00 1.000000000000000000e+00 0.000000000000000000e+00 0.000000000000000000e+00 0.000000000000000000e+00
2.010000000000000000e+02 8.039592995214195348e-02 0.000000000000000000e+00 1.000000000000000000e+00 0.000000000000000000e+00 0.000000000000000000e+00 0.000000000000000000e+00
2.040000000000000000e+02 8.159586920515904396e-02 0.000000000000000000e+00 1.000000000000000000e+00 0.000000000000000000e+00 0.000000000000000000e+00 0.000000000000000000e+00
2.070000000000000000e+02 8.279580845817613444e-02 0.000000000000000000e+00 1.000000000000000000e+00 0.000000000000000000e+00 0.000000000000000000e+00 0.000000000000000000e+00
2.100000000000000000e+02 8.399574771119322492e-02 0.000000000000000000e+00 1.000000000000000000e+00 0.000000000000000000e+00 0.000000000000000000e+00 0.000000000000000000e+00
2.130000000000000000e+02 8.519568696421031540e-02 0.000000000000000000e+00 1.000000000000000000e+00 0.000000000000000000e+00 0.000000000000000000e+00 0.000000000000000000e+00
2.160000000000000000e+02 8.639562621722718383e-02 0.000000000000000000e+00 1.000000000000000000e+00 0.000000000000000000e+00 0.000000000000000000e+00 0.000000000000000000e+00
2.190000000000000000e+02 8.759556547024427431e-02 0.000000000000000000e+00 1.000000000000000000e+00 0.000000000000000000e+00 0.000000000000000000e+00 0.000000000000000000e+00
2.220000000000000000e+02 8.879550472326136479e-02 0.000000000000000000e+00 1.000000000000000000e+00 0.000000000000000000e+00 0.000000000000000000e+00 0.000000000000000000e+00
2.250000000000000000e+02 8.999544397627845527e-02 0.000000000000000000e+00 1.000000000000000000e+00 0.000000000000000000e+00 0.000000000000000000e+00 0.000000000000000000e+00
2.280000000000000000e+02 9.119538322929554575e-02 0.000000000000000000e+00 1.000000000000000000e+00 0.000000000000000000e+00 0.000000000000000000e+00 0.000000000000000000e+00
2.310000000000000000e+02 9.239532248231241418e-02 4.551661356395084266e-04 9.994310423304506585e-01 0.000000000000000000e+00 1.137915339098771066e-04 0.000000000000000000e+00
2.340000000000000000e+02 9.359526173532950466e-02 5.689576695493854790e-04 9.994310423304506585e-01 0.000000000000000000e+00 0.000000000000000000e+00 0.000000000000000000e+00
2.370000000000000000e+02 9.479520098834659514e-02 0.000000000000000000e+00 1.000000000000000000e+00 0.000000000000000000e+00 0.000000000000000000e+00 0.000000000000000000e+00
2.400000000000000000e+02 9.599514024136368562e-02 3.413746017296313199e-04 9.996586253982703285e-01 0.000000000000000000e+00 0.000000000000000000e+00 0.000000000000000000e+00
2.430000000000000000e+02 9.719507949438077610e-02 0.000000000000000000e+00 1.000000000000000000e+00 0.000000000000000000e+00 0.000000000000000000e+00 0.000000000000000000e+00
2.460000000000000000e+02 9.839501874739764453e-02 5.689576695493854790e-04 9.994310423304506585e-01 0.000000000000000000e+00 0.000000000000000000e+00 0.000000000000000000e+00
2.490000000000000000e+02 9.959495800041473501e-02 1.251706873008648227e-03 9.987482931269913156e-01 0.000000000000000000e+00 0.000000000000000000e+00 0.000000000000000000e+00
2.520000000000000000e+02 1.007948972534318255e-01 1.706873008648156654e-03 9.982931269913518646e-01 0.000000000000000000e+00 0.000000000000000000e+00 0.000000000000000000e+00
2.550000000000000000e+02 1.019948365064489160e-01 1.934456076467910759e-03 9.980655439235320836e-01 0.000000000000000000e+00 0.000000000000000000e+00 0.000000000000000000e+00
2.580000000000000000e+02 1.031947757594660064e-01 6.827492034592626399e-04 9.993172507965407680e-01 0.000000000000000000e+00 0.000000000000000000e+00 0.000000000000000000e+00
2.610000000000000000e+02 1.043947150124828749e-01 7.965407373691396923e-04 9.990896677287209870e-01 0.000000000000000000e+00 1.137915339098771066e-04 0.000000000000000000e+00
2.640000000000000000e+02 1.055946542654999654e-01 1.137915339098770958e-03 9.988620846609012061e-01 0.000000000000000000e+00 0.000000000000000000e+00 0.000000000000000000e+00
2.670000000000000000e+02 1.067945935185170558e-01 1.251706873008648227e-03 9.986345015930814251e-01 0.000000000000000000e+00 1.137915339098771066e-04 0.000000000000000000e+00
2.700000000000000000e+02 1.079945327715341463e-01 7.965407373691396923e-04 9.992034592626308775e-01 0.000000000000000000e+00 0.000000000000000000e+00 0.000000000000000000e+00
2.730000000000000000e+02 1.091944720245512368e-01 7.965407373691396923e-04 9.990896677287209870e-01 0.000000000000000000e+00 1.137915339098771066e-04 0.000000000000000000e+00
2.760000000000000000e+02 1.103944112775681052e-01 6.827492034592626399e-04 9.992034592626308775e-01 0.000000000000000000e+00 1.137915339098771066e-04 0.000000000000000000e+00
2.790000000000000000e+02 1.115943505305851957e-01 4.551661356395084266e-04 9.994310423304506585e-01 0.000000000000000000e+00 1.137915339098771066e-04 0.000000000000000000e+00
2.820000000000000000e+02 1.127942897836022862e-01 9.103322712790168532e-04 9.990896677287209870e-01 0.000000000000000000e+00 0.000000000000000000e+00 0.000000000000000000e+00
2.850000000000000000e+02 1.139942290366193767e-01 2.048247610377787811e-03 9.979517523896221931e-01 0.000000000000000000e+00 0.000000000000000000e+00 0.000000000000000000e+00
2.880000000000000000e+02 1.151941682896364672e-01 2.389622212107419402e-03 9.976103777878926326e-01 0.000000000000000000e+00 0.000000000000000000e+00 0.000000000000000000e+00
2.910000000000000000e+02 1.163941075426533356e-01 4.551661356395083832e-03 9.954483386436049352e-01 0.000000000000000000e+00 0.000000000000000000e+00 0.000000000000000000e+00
2.940000000000000000e+02 1.175940467956704261e-01 6.486117432862995025e-03 9.934000910332271284e-01 0.000000000000000000e+00 1.137915339098771066e-04 0.000000000000000000e+00
2.970000000000000000e+02 1.187939860486875165e-01 5.803368229403732710e-03 9.939690487027764698e-01 0.000000000000000000e+00 2.275830678197542133e-04 0.000000000000000000e+00
3.000000000000000000e+02 1.199939253017046070e-01 6.144742831133363434e-03 9.937414656349567998e-01 0.000000000000000000e+00 1.137915339098771066e-04 0.000000000000000000e+00
3.030000000000000000e+02 1.211938645547216975e-01 5.006827492034592909e-03 9.948793809740554828e-01 0.000000000000000000e+00 1.137915339098771066e-04 0.000000000000000000e+00
3.060000000000000000e+02 1.223938038077385659e-01 5.234410559854347014e-03 9.947655894401457033e-01 0.000000000000000000e+00 0.000000000000000000e+00 0.000000000000000000e+00
3.090000000000000000e+02 1.235937430607556564e-01 4.779244424214838804e-03 9.951069640418752638e-01 0.000000000000000000e+00 1.137915339098771066e-04 0.000000000000000000e+00
3.120000000000000000e+02 1.247936823137727469e-01 6.713700500682749130e-03 9.930587164314974569e-01 0.000000000000000000e+00 2.275830678197542133e-04 0.000000000000000000e+00
3.150000000000000000e+02 1.259936215667898374e-01 7.737824305871643035e-03 9.921483841602184439e-01 0.000000000000000000e+00 1.137915339098771066e-04 0.000000000000000000e+00
3.180000000000000000e+02 1.271935608198069279e-01 9.558488848429677609e-03 9.903277196176604180e-01 0.000000000000000000e+00 1.137915339098771066e-04 0.000000000000000000e+00
3.210000000000000000e+02 1.283935000728237963e-01 1.001365498406918582e-02 9.888484296768320636e-01 0.000000000000000000e+00 1.137915339098770958e-03 0.000000000000000000e+00
3.240000000000000000e+02 1.295934393258408868e-01 1.103777878925807886e-02 9.885070550751023921e-01 0.000000000000000000e+00 4.551661356395084266e-04 0.000000000000000000e+00
3.270000000000000000e+02 1.307933785788579772e-01 1.365498406918525323e-02 9.856622667273554628e-01 0.000000000000000000e+00 6.827492034592626399e-04 0.000000000000000000e+00
3.300000000000000000e+02 1.319933178318750677e-01 1.604460628129267263e-02 9.837278106508875464e-01 0.000000000000000000e+00 2.275830678197542133e-04 0.000000000000000000e+00
3.330000000000000000e+02 1.331932570848921582e-01 2.218934911242603433e-02 9.770141101502047842e-01 0.000000000000000000e+00 7.965407373691396923e-04 0.000000000000000000e+00
3.360000000000000000e+02 1.343931963379090266e-01 2.287209831588529751e-02 9.756486117432863203e-01 0.000000000000000000e+00 1.479289940828402332e-03 0.000000000000000000e+00
3.390000000000000000e+02 1.355931355909261171e-01 2.480655439235321044e-02 9.743969048702776359e-01 0.000000000000000000e+00 7.965407373691396923e-04 0.000000000000000000e+00
3.420000000000000000e+02 1.367930748439432076e-01 2.913063268092853930e-02 9.697314519799726806e-01 0.000000000000000000e+00 1.137915339098770958e-03 0.000000000000000000e+00
3.450000000000000000e+02 1.379930140969602981e-01 3.129267182521620200e-02 9.668866636322257513e-01 0.000000000000000000e+00 1.820664542558033706e-03 0.000000000000000000e+00
3.480000000000000000e+02 1.391929533499771665e-01 3.618570778334091742e-02 9.614246700045516736e-01 0.000000000000000000e+00 2.389622212107419402e-03 0.000000000000000000e+00
3.510000000000000000e+02 1.403928926029942570e-01 4.369594902139280895e-02 9.534592626308602270e-01 0.000000000000000000e+00 2.844788347746927612e-03 0.000000000000000000e+00
3.540000000000000000e+02 1.415928318560113475e-01 5.325443786982248656e-02 9.434456076467910846e-01 0.000000000000000000e+00 3.299954483386436255e-03 0.000000000000000000e+00
3.570000000000000000e+02 1.427927711090284379e-01 5.962676376877560497e-02 9.360491579426490905e-01 0.000000000000000000e+00 4.324078288575329727e-03 0.000000000000000000e+00
3.600000000000000000e+02 1.439927103620455284e-01 6.793354574419663283e-02 9.267182521620391800e-01 0.000000000000000000e+00 5.348202093764223633e-03 0.000000000000000000e+00
3.630000000000000000e+02 1.451926496150623969e-01 8.466090122894856518e-02 9.096495220755576039e-01 0.000000000000000000e+00 5.689576695493855224e-03 0.000000000000000000e+00
3.660000000000000000e+02 1.463925888680794873e-01 9.638142922166591242e-02 8.959945380063722986e-01 0.000000000000000000e+00 7.624032771961766417e-03 0.000000000000000000e+00
3.690000000000000000e+02 1.475925281210965778e-01 1.152708238507055144e-01 8.750568957669548897e-01 0.000000000000000000e+00 9.672280382339554228e-03 0.000000000000000000e+00
3.720000000000000000e+02 1.487924673741136683e-01 1.450842057350933134e-01 8.421711424670004220e-01 0.000000000000000000e+00 1.274465179790623508e-02 0.000000000000000000e+00
3.750000000000000000e+02 1.499924066271307588e-01 1.723941738734638129e-01 8.120163859808829931e-01 0.000000000000000000e+00 1.558944014565316269e-02 0.000000000000000000e+00
3.780000000000000000e+02 1.511923458801476272e-01 2.027765134274009950e-01 7.774237596722803900e-01 0.000000000000000000e+00 1.979972690031861493e-02 0.000000000000000000e+00
3.810000000000000000e+02 1.523922851331647177e-01 2.339553937187073274e-01 7.391898042785616241e-01 0.000000000000000000e+00 2.685480200273099652e-02 0.000000000000000000e+00
3.840000000000000000e+02 1.535922243861818082e-01 2.744651797906235702e-01 6.943559399180700975e-01 0.000000000000000000e+00 3.117888029130632538e-02 0.000000000000000000e+00
3.870000000000000000e+02 1.547921636391988987e-01 3.200955848884842747e-01 6.396222121074192080e-01 0.000000000000000000e+00 4.028220300409649651e-02 0.000000000000000000e+00
3.900000000000000000e+02 1.559921028922159891e-01 3.626536185707783244e-01 5.864815657715065633e-01 0.000000000000000000e+00 5.086481565771506369e-02 0.000000000000000000e+00
3.930000000000000000e+02 1.571920421452328576e-01 4.111288120163859583e-01 5.302685480200273194e-01 0.000000000000000000e+00 5.860263996358670846e-02 0.000000000000000000e+00
3.960000000000000000e+02 1.583919813982499480e-01 4.591488393263541412e-01 4.705279927173418031e-01 0.000000000000000000e+00 7.032316795630405570e-02 0.000000000000000000e+00
3.990000000000000000e+02 1.595919206512670385e-01 5.023896222121073674e-01 4.152253072371415721e-01 0.000000000000000000e+00 8.238507055075101893e-02 0.000000000000000000e+00
4.020000000000000000e+02 1.607918599042841290e-01 5.460855712335002110e-01 3.537778789258079204e-01 2.275830678197542133e-04 9.990896677287210148e-02 0.000000000000000000e+00
4.050000000000000000e+02 1.619917991573012195e-01 5.956986800182066943e-01 2.877787892580792040e-01 5.689576695493854790e-04 1.159535730541647741e-01 0.000000000000000000e+00
4.080000000000000000e+02 1.631917384103180879e-01 6.302913063268092975e-01 2.338416021847974646e-01 6.827492034592626399e-04 1.351843422849340060e-01 0.000000000000000000e+00
4.110000000000000000e+02 1.643916776633351784e-01 6.586253982703687004e-01 1.894629039599453890e-01 9.103322712790168532e-04 1.510013654984069253e-01 0.000000000000000000e+00
4.140000000000000000e+02 1.655916169163522689e-01 6.843422849340009551e-01 1.486117432862995025e-01 1.024123805188893906e-03 1.660218479745106945e-01 0.000000000000000000e+00
4.170000000000000000e+02 1.667915561693693594e-01 7.047109695038689114e-01 1.150432407828857473e-01 1.137915339098770958e-03 1.791078743741465751e-01 0.000000000000000000e+00
4.200000000000000000e+02 1.679914954223864498e-01 7.232589895311788419e-01 8.693673190714611143e-02 7.965407373691396923e-04 1.890077378243058825e-01 0.000000000000000000e+00
4.230000000000000000e+02 1.691914346754033183e-01 7.373691397360035982e-01 6.360946745562130744e-02 1.365498406918525280e-03 1.976558944014565333e-01 0.000000000000000000e+00
4.260000000000000000e+02 1.703913739284204087e-01 7.385070550751023921e-01 5.200273099681383682e-02 1.934456076467910759e-03 2.075557578516158408e-01 0.000000000000000000e+00
4.290000000000000000e+02 1.715913131814374992e-01 7.422621756941283344e-01 4.073736913973600299e-02 2.162039144287664864e-03 2.148384160218479721e-01 0.000000000000000000e+00
4.320000000000000000e+02 1.727912524344545897e-01 7.422621756941283344e-01 3.231679563040509851e-02 3.413746017296313308e-03 2.220072826581702408e-01 0.000000000000000000e+00
4.350000000000000000e+02 1.739911916874716802e-01 7.470414201183431802e-01 2.503413746017296368e-02 3.982703686845699004e-03 2.239417387346381294e-01 0.000000000000000000e+00
4.380000000000000000e+02 1.751911309404885486e-01 7.478379608557123026e-01 2.093764223941738806e-02 5.006827492034592909e-03 2.262175694128356895e-01 0.000000000000000000e+00
4.410000000000000000e+02 1.763910701935056391e-01 7.545516613563950648e-01 1.797906235776058209e-02 6.372325898953117539e-03 2.210969503868912278e-01 0.000000000000000000e+00
4.440000000000000000e+02 1.775910094465227296e-01 7.556895766954938587e-01 1.604460628129267263e-02 7.737824305871643035e-03 2.205279927173418308e-01 0.000000000000000000e+00
4.470000000000000000e+02 1.787909486995398201e-01 7.571688666363222131e-01 1.536185707783340945e-02 7.396449704142011444e-03 2.200728265817023244e-01 0.000000000000000000e+00
4.500000000000000000e+02 1.799908879525569105e-01 7.631998179335457433e-01 1.502048247610377786e-02 7.965407373691398007e-03 2.138142922166590687e-01 0.000000000000000000e+00
4.530000000000000000e+02 1.811908272055737790e-01 7.666135639508420141e-01 1.490669094219390124e-02 9.558488848429677609e-03 2.089212562585343602e-01 0.000000000000000000e+00
4.560000000000000000e+02 1.823907664585908694e-01 7.688893946290396020e-01 1.638598088302230249e-02 9.330905780609922637e-03 2.053937187073281712e-01 0.000000000000000000e+00
4.590000000000000000e+02 1.835907057116079599e-01 7.697997269003186149e-01 1.638598088302230249e-02 1.115157032316795548e-02 2.026627218934911323e-01 0.000000000000000000e+00
4.620000000000000000e+02 1.847906449646250504e-01 7.684342284934000400e-01 1.547564861174328607e-02 1.422394173873463806e-02 2.018661811561219821e-01 0.000000000000000000e+00
4.650000000000000000e+02 1.859905842176421409e-01 7.670687300864815761e-01 1.832043695949021542e-02 1.627218934911242587e-02 1.983386436049157930e-01 0.000000000000000000e+00
4.680000000000000000e+02 1.871905234706590093e-01 7.646791078743740977e-01 1.934456076467910846e-02 1.968593536640873831e-02 1.962903959945380139e-01 0.000000000000000000e+00
4.710000000000000000e+02 1.883904627236760998e-01 7.626308602639964018e-01 1.979972690031861493e-02 2.230314064633591095e-02 1.952662721893491105e-01 0.000000000000000000e+00
4.740000000000000000e+02 1.895904019766931903e-01 7.655894401456531106e-01 2.116522530723714129e-02 2.332726445152480746e-02 1.899180700955848955e-01 0.000000000000000000e+00
4.770000000000000000e+02 1.907903412297102808e-01 7.686618115612198210e-01 2.207555757851615771e-02 2.492034592626308706e-02 1.843422849340008995e-01 0.000000000000000000e+00
4.800000000000000000e+02 1.919902804827273712e-01 7.702548930359581769e-01 2.162039144287665124e-02 2.696859353664087314e-02 1.811561219845243542e-01 0.000000000000000000e+00
4.830000000000000000e+02 1.931902197357442397e-01 7.728720983158853253e-01 2.355484751934456070e-02 3.095129722348657214e-02 1.726217569412835662e-01 0.000000000000000000e+00
4.860000000000000000e+02 1.943901589887613301e-01 7.723031406463358728e-01 2.583067819754210348e-02 3.277196176604460498e-02 1.690942193900773771e-01 0.000000000000000000e+00
4.890000000000000000e+02 1.955900982417784206e-01 7.692307692307692735e-01 2.628584433318160996e-02 3.436504324078288458e-02 1.701183431952662806e-01 0.000000000000000000e+00
4.920000000000000000e+02 1.967900374947955111e-01 7.686618115612198210e-01 2.867546654528902936e-02 3.823395539371871044e-02 1.644287664997724219e-01 0.000000000000000000e+00
4.950000000000000000e+02 1.979899767478126016e-01 7.727583067819754348e-01 3.060992262175694228e-02 4.016841147018661989e-02 1.564633591260810308e-01 0.000000000000000000e+00
4.980000000000000000e+02 1.991899160008294700e-01 7.786754665452890745e-01 3.060992262175694228e-02 4.198907601274465273e-02 1.487255348202093652e-01 0.000000000000000000e+00
5.010000000000000000e+02 2.003898552538465605e-01 7.768548020027310486e-01 3.174783796085571541e-02 4.324078288575330248e-02 1.481565771506599960e-01 0.000000000000000000e+00
5.040000000000000000e+02 2.015897945068636510e-01 7.803823395539372099e-01 3.186162949476559203e-02 4.369594902139280895e-02 1.440600819299044100e-01 0.000000000000000000e+00
5.070000000000000000e+02 2.027897337598807415e-01 7.845926263086026031e-01 3.231679563040509851e-02 4.540282203004096517e-02 1.376877560309512916e-01 0.000000000000000000e+00
5.100000000000000000e+02 2.039896730128978319e-01 7.902822030040964618e-01 3.299954483386435822e-02 4.631315430131998506e-02 1.304050978607191602e-01 0.000000000000000000e+00
5.130000000000000000e+02 2.051896122659147004e-01 7.968821119708693335e-01 3.334091943559399501e-02 4.676832043695949154e-02 1.230086481565771522e-01 0.000000000000000000e+00
5.160000000000000000e+02 2.063895515189317909e-01 7.999544833864360438e-01 3.334091943559399501e-02 4.779244424214838111e-02 1.189121529358215801e-01 0.000000000000000000e+00
5.190000000000000000e+02 2.075894907719488813e-01 8.016613563950841792e-01 3.470641784251251444e-02 4.904415111515703085e-02 1.145880746472462408e-01 0.000000000000000000e+00
5.220000000000000000e+02 2.087894300249659718e-01 8.072371415566681474e-01 3.482020937642239106e-02 5.097860719162494031e-02 1.069640418752844796e-01 0.000000000000000000e+00
5.250000000000000000e+02 2.099893692779830623e-01 8.095129722348657353e-01 3.595812471552116418e-02 5.120619025944470049e-02 1.033227127901684139e-01 0.000000000000000000e+00
5.280000000000000000e+02 2.111893085309999307e-01 8.156577150659990449e-01 3.527537551206190447e-02 5.188893946290396020e-02 9.717796995903504875e-02 0.000000000000000000e+00
5.310000000000000000e+02 2.123892477840170212e-01 8.161128812016386069e-01 3.470641784251251444e-02 5.518889394629039602e-02 9.399180700955848955e-02 0.000000000000000000e+00
5.340000000000000000e+02 2.135891870370341117e-01 8.188438780154756458e-01 3.629949931725079404e-02 5.791989076012744875e-02 8.693673190714611143e-02 0.000000000000000000e+00
5.370000000000000000e+02 2.147891262900512022e-01 8.191852526172053173e-01 3.664087391898043083e-02 6.087847064178425471e-02 8.329540282203004575e-02 0.000000000000000000e+00
5.400000000000000000e+02 2.159890655430682926e-01 8.224852071005916976e-01 3.675466545289030745e-02 6.304050978607191047e-02 7.771961766044606368e-02 0.000000000000000000e+00
5.430000000000000000e+02 2.171890047960851611e-01 8.290851160673645692e-01 3.629949931725079404e-02 6.349567592171143082e-02 7.111970869367319203e-02 0.000000000000000000e+00
5.460000000000000000e+02 2.183889440491022516e-01 8.293126991351843502e-01 3.698224852071006069e-02 6.463359126081019701e-02 6.907146108329539902e-02 0.000000000000000000e+00
5.490000000000000000e+02 2.195888833021193420e-01 8.354574419663176599e-01 3.675466545289030745e-02 6.383705052344106068e-02 6.395084205735093730e-02 0.000000000000000000e+00
5.520000000000000000e+02 2.207888225551364325e-01 8.361401911697770029e-01 3.561675011379153433e-02 6.360946745562130744e-02 6.463359126081019701e-02 0.000000000000000000e+00
5.550000000000000000e+02 2.219887618081535230e-01 8.345471096950386469e-01 3.789258079198907364e-02 6.702321347291761988e-02 6.053709604005461792e-02 0.000000000000000000e+00
5.580000000000000000e+02 2.231887010611703914e-01 8.318161128812016081e-01 4.073736913973600299e-02 6.759217114246700298e-02 5.985434683659535821e-02 0.000000000000000000e+00
5.610000000000000000e+02 2.243886403141874819e-01 8.350022758306782089e-01 4.107874374146563284e-02 6.850250341374601593e-02 5.541647701411014926e-02 0.000000000000000000e+00
5.640000000000000000e+02 2.255885795672045724e-01 8.351160673645880994e-01 4.187528447883477611e-02 7.055075102412380894e-02 5.245789713245334329e-02 0.000000000000000000e+00
5.670000000000000000e+02 2.267885188202216629e-01 8.345471096950386469e-01 4.278561675011378906e-02 7.180245789713245175e-02 5.086481565771506369e-02 0.000000000000000000e+00
5.700000000000000000e+02 2.279884580732385313e-01 8.360263996358671124e-01 4.358215748748293233e-02 7.407828857532999800e-02 4.631315430131998506e-02 0.000000000000000000e+00
5.730000000000000000e+02 2.291883973262556218e-01 8.354574419663176599e-01 4.358215748748293233e-02 7.521620391442876419e-02 4.574419663177059503e-02 0.000000000000000000e+00
5.760000000000000000e+02 2.303883365792727123e-01 8.350022758306782089e-01 4.369594902139280895e-02 7.532999544833864081e-02 4.597177969959034827e-02 0.000000000000000000e+00
5.790000000000000000e+02 2.315882758322898027e-01 8.321574874829312796e-01 4.494765589440145870e-02 7.726445152480655720e-02 4.563040509786071841e-02 0.000000000000000000e+00
5.820000000000000000e+02 2.327882150853068932e-01 8.327264451524806210e-01 4.472007282658170546e-02 7.635411925352754425e-02 4.619936276741010150e-02 0.000000000000000000e+00
5.850000000000000000e+02 2.339881543383237616e-01 8.350022758306782089e-01 4.335457441966317910e-02 7.498862084660901095e-02 4.665452890304961492e-02 0.000000000000000000e+00
5.880000000000000000e+02 2.351880935913408521e-01 8.373918980427855763e-01 4.346836595357305572e-02 7.419208010923987462e-02 4.494765589440145870e-02 0.000000000000000000e+00
5.910000000000000000e+02 2.363880328443579426e-01 8.390987710514338227e-01 4.267182521620391245e-02 7.487482931269913433e-02 4.335457441966317910e-02 0.000000000000000000e+00
5.940000000000000000e+02 2.375879720973750331e-01 8.441055985434683384e-01 4.130632680928538608e-02 7.203004096495220498e-02 4.255803368229403583e-02 0.000000000000000000e+00
5.970000000000000000e+02 2.387879113503921236e-01 8.460400546199362548e-01 4.085116067364587961e-02 7.100591715976331542e-02 4.210286754665452935e-02 0.000000000000000000e+00
6.000000000000000000e+02 2.399878506034089920e-01 8.436504324078288874e-01 4.278561675011378906e-02 7.089212562585343880e-02 4.267182521620391245e-02 0.000000000000000000e+00
6.030000000000000000e+02 2.411877898564260825e-01 8.398953117888029452e-01 4.346836595357305572e-02 7.157487482931269851e-02 4.506144742831133532e-02 0.000000000000000000e+00
6.060000000000000000e+02 2.423877291094431730e-01 8.419435593991807520e-01 4.369594902139280895e-02 7.191624943104232837e-02 4.244424214838415921e-02 0.000000000000000000e+00
6.090000000000000000e+02 2.435876683624602634e-01 8.434228493400091065e-01 4.324078288575330248e-02 7.157487482931269851e-02 4.176149294492489950e-02 0.000000000000000000e+00
6.120000000000000000e+02 2.447876076154773539e-01 8.431952662721893255e-01 4.460628129267182190e-02 7.237141556668183484e-02 3.982703686845699004e-02 0.000000000000000000e+00
6.150000000000000000e+02 2.459875468684942224e-01 8.439918070095584479e-01 4.437869822485206867e-02 6.998179335457442585e-02 4.164770141101502288e-02 0.000000000000000000e+00
6.180000000000000000e+02 2.471874861215113128e-01 8.419435593991807520e-01 4.563040509786071841e-02 7.009558488848430247e-02 4.233045061447428259e-02 0.000000000000000000e+00
6.210000000000000000e+02 2.483874253745284033e-01 8.385298133818843702e-01 4.813381884387801790e-02 7.146108329540282189e-02 4.187528447883477611e-02 0.000000000000000000e+00
6.240000000000000000e+02 2.495873646275454938e-01 8.404642694583522866e-01 4.722348657259899801e-02 7.180245789713245175e-02 4.050978607191624975e-02 0.000000000000000000e+00
6.270000000000000000e+02 2.507873038805625843e-01 8.340919435593991960e-01 4.847519344560764776e-02 7.441966317705962786e-02 4.301319981793354230e-02 0.000000000000000000e+00
6.300000000000000000e+02 2.519872431335794527e-01 8.330678197542102925e-01 4.995448338643605074e-02 7.624032771961765376e-02 4.073736913973600299e-02 0.000000000000000000e+00
6.330000000000000000e+02 2.531871823865965432e-01 8.311333636777423761e-01 5.257168866636321991e-02 7.544378698224851743e-02 4.085116067364587961e-02 0.000000000000000000e+00
6.360000000000000000e+02 2.543871216396136337e-01 8.324988620846609511e-01 5.257168866636321991e-02 7.555757851615839404e-02 3.937187073281747662e-02 0.000000000000000000e+00
6.390000000000000000e+02 2.555870608926307241e-01 8.313609467455621571e-01 5.177514792899408358e-02 7.680928538916705073e-02 4.005461993627674328e-02 0.000000000000000000e+00
6.420000000000000000e+02 2.567870001456478146e-01 8.309057806099225951e-01 5.120619025944470049e-02 7.612653618570777714e-02 4.176149294492489950e-02 0.000000000000000000e+00
6.450000000000000000e+02 2.579869393986646831e-01 8.319299044151114986e-01 5.109239872553481693e-02 7.544378698224851743e-02 4.153390987710514626e-02 0.000000000000000000e+00
6.480000000000000000e+02 2.591868786516817735e-01 8.338643604915794150e-01 5.097860719162494031e-02 7.532999544833864081e-02 3.982703686845699004e-02 0.000000000000000000e+00
6.510000000000000000e+02 2.603868179046988640e-01 8.324988620846609511e-01 5.279927173418298009e-02 7.703686845698680397e-02 3.766499772416932040e-02 0.000000000000000000e+00
6.540000000000000000e+02 2.615867571577159545e-01 8.345471096950386469e-01 5.234410559854346667e-02 7.430587164314975124e-02 3.880291306326809353e-02 0.000000000000000000e+00
6.570000000000000000e+02 2.627866964107330450e-01 8.326126536185707305e-01 5.188893946290396020e-02 7.589895311788802390e-02 3.959945380063722986e-02 0.000000000000000000e+00
6.600000000000000000e+02 2.639866356637499134e-01 8.346609012289485374e-01 5.052344105598543383e-02 7.669549385525717411e-02 3.812016385980882688e-02 0.000000000000000000e+00
6.630000000000000000e+02 2.651865749167670039e-01 8.337505689576695245e-01 4.949931725079653733e-02 7.897132453345470648e-02 3.777878925807919702e-02 0.000000000000000000e+00
6.660000000000000000e+02 2.663865141697840944e-01 8.327264451524806210e-01 4.984069185252617412e-02 8.022303140646336317e-02 3.720983158852981393e-02 0.000000000000000000e+00
6.690000000000000000e+02 2.675864534228011848e-01 8.286299499317251183e-01 5.143377332726445372e-02 8.136094674556212936e-02 3.846153846153846367e-02 1.137915339098771066e-04
6.720000000000000000e+02 2.687863926758182753e-01 8.293126991351843502e-01 5.348202093764223980e-02 8.090578060992262288e-02 3.629949931725079404e-02 0.000000000000000000e+00
6.750000000000000000e+02 2.699863319288351438e-01 8.297678652708238012e-01 5.223031406463359005e-02 8.033682294037323979e-02 3.766499772416932040e-02 0.000000000000000000e+00
6.780000000000000000e+02 2.711862711818522342e-01 8.293126991351843502e-01 5.109239872553481693e-02 8.204369594902138907e-02 3.755120619025944378e-02 0.000000000000000000e+00
6.810000000000000000e+02 2.723862104348693247e-01 8.297678652708238012e-01 5.177514792899408358e-02 8.136094674556212936e-02 3.709604005461993731e-02 0.000000000000000000e+00
