# itime ezz other fcc hcp bcc ico
0.000000000000000000e+00 0.000000000000000000e+00 0.000000000000000000e+00 1.000000000000000000e+00 0.000000000000000000e+00 0.000000000000000000e+00 0.000000000000000000e+00
2.500000000000000000e+03 9.999974145791235003e-03 0.000000000000000000e+00 1.000000000000000000e+00 0.000000000000000000e+00 0.000000000000000000e+00 0.000000000000000000e+00
5.000000000000000000e+03 1.999994829158247001e-02 0.000000000000000000e+00 1.000000000000000000e+00 0.000000000000000000e+00 0.000000000000000000e+00 0.000000000000000000e+00
7.500000000000000000e+03 2.999992243737370501e-02 0.000000000000000000e+00 1.000000000000000000e+00 0.000000000000000000e+00 0.000000000000000000e+00 0.000000000000000000e+00
1.000000000000000000e+04 3.999989658316494001e-02 0.000000000000000000e+00 1.000000000000000000e+00 0.000000000000000000e+00 0.000000000000000000e+00 0.000000000000000000e+00
1.250000000000000000e+04 4.999987072895617501e-02 0.000000000000000000e+00 1.000000000000000000e+00 0.000000000000000000e+00 0.000000000000000000e+00 0.000000000000000000e+00
1.500000000000000000e+04 5.999984487474741002e-02 0.000000000000000000e+00 1.000000000000000000e+00 0.000000000000000000e+00 0.000000000000000000e+00 0.000000000000000000e+00
1.750000000000000000e+04 6.999981902053864502e-02 0.000000000000000000e+00 9.998862084660901095e-01 0.000000000000000000e+00 1.137915339098771066e-04 0.000000000000000000e+00
2.000000000000000000e+04 7.999979316632988002e-02 5.689576695493854790e-04 9.994310423304506585e-01 0.000000000000000000e+00 0.000000000000000000e+00 0.000000000000000000e+00
2.250000000000000000e+04 8.999976731212111503e-02 1.251706873008648227e-03 9.987482931269913156e-01 0.000000000000000000e+00 0.000000000000000000e+00 0.000000000000000000e+00
2.500000000000000000e+04 9.999974145791235003e-02 5.006827492034592909e-03 9.949931725079653733e-01 0.000000000000000000e+00 0.000000000000000000e+00 0.000000000000000000e+00
2.750000000000000000e+04 1.099997156037035850e-01 3.925807919890760000e-02 9.136322257624033272e-01 0.000000000000000000e+00 4.710969503868912139e-02 0.000000000000000000e+00
3.000000000000000000e+04 1.199996897494948200e-01 4.608557123350022489e-02 8.010923987255348377e-01 1.520254893035958010e-01 7.965407373691396923e-04 0.000000000000000000e+00
3.250000000000000000e+04 1.299996638952858330e-01 4.380974055530268557e-02 8.041647701411015481e-01 1.517979062357760478e-01 2.275830678197542133e-04 0.000000000000000000e+00
3.500000000000000000e+04 1.399996380410770680e-01 4.346836595357305572e-02 8.004096495220756058e-01 1.545289030496131144e-01 1.593081474738279385e-03 0.000000000000000000e+00
3.750000000000000000e+04 1.499996121868683030e-01 4.984069185252617412e-02 7.816340464269457833e-01 1.665908056440600915e-01 1.934456076467910759e-03 0.000000000000000000e+00
4.000000000000000000e+04 1.599995863326595380e-01 5.393718707328174627e-02 7.705962676376877374e-01 1.719390077378243065e-01 3.527537551206190360e-03 0.000000000000000000e+00
4.250000000000000000e+04 1.699995604784507730e-01 6.133363677742376119e-02 7.371415566681839282e-01 1.995903504779244497e-01 1.934456076467910759e-03 0.000000000000000000e+00
4.500000000000000000e+04 1.799995346242420080e-01 6.861629494765589254e-02 7.265589440145653333e-01 2.034592626308602548e-01 1.365498406918525280e-03 0.000000000000000000e+00
4.750000000000000000e+04 1.899995087700332430e-01 7.555757851615839404e-02 7.125625853436504675e-01 2.094902139280837572e-01 2.389622212107419402e-03 0.000000000000000000e+00
5.000000000000000000e+04 1.999994829158244780e-01 1.375739644970414288e-01 6.733045061447427981e-01 1.807009558488848477e-01 8.420573509330906217e-03 0.000000000000000000e+00
5.250000000000000000e+04 2.099994570616157130e-01 8.659535730541648157e-02 7.455621301775148257e-01 1.667045971779699542e-01 1.137915339098770958e-03 0.000000000000000000e+00
5.500000000000000000e+04 2.199994312074069480e-01 9.217114246700044977e-02 7.324761037778789730e-01 1.744424214838415921e-01 9.103322712790168532e-04 0.000000000000000000e+00
5.750000000000000000e+04 2.299994053531981830e-01 9.945380063723259501e-02 7.148384160218479444e-01 1.842284934000910368e-01 1.479289940828402332e-03 0.000000000000000000e+00
6.000000000000000000e+04 2.399993794989894180e-01 1.100364132908511622e-01 6.883249886208465673e-01 2.007282658170232159e-01 9.103322712790168532e-04 0.000000000000000000e+00
6.250000000000000000e+04 2.499993536447806530e-01 1.112881201638598050e-01 6.863905325443786509e-01 2.016385980883022289e-01 6.827492034592626399e-04 0.000000000000000000e+00
6.500000000000000000e+04 2.599993277905718880e-01 1.210741920801092358e-01 6.713700500682748817e-01 2.064178425125170746e-01 1.137915339098770958e-03 0.000000000000000000e+00
6.750000000000000000e+04 2.699993019363631230e-01 1.226672735548475224e-01 6.687528447883477334e-01 2.071005917159763343e-01 1.479289940828402332e-03 0.000000000000000000e+00
7.000000000000000000e+04 2.799992760821543580e-01 1.603322712790168358e-01 6.220983158852981809e-01 2.133591260810195622e-01 4.210286754665453109e-03 0.000000000000000000e+00
7.250000000000000000e+04 2.899992502279455930e-01 1.398497951752389612e-01 6.442876649977241632e-01 2.134729176149294527e-01 2.389622212107419402e-03 0.000000000000000000e+00
7.500000000000000000e+04 2.999992243737368280e-01 1.398497951752389612e-01 6.442876649977241632e-01 2.122212107419207960e-01 3.641329085116067413e-03 0.000000000000000000e+00
7.750000000000000000e+04 3.099991985195280630e-01 1.478152025489303523e-01 6.264223941738734647e-01 2.213245334547109811e-01 4.437869822485207214e-03 0.000000000000000000e+00
8.000000000000000000e+04 3.199991726653192980e-01 1.503186162949476656e-01 6.084433318161128756e-01 2.387346381429221731e-01 2.503413746017296455e-03 0.000000000000000000e+00
8.250000000000000000e+04 3.299991468111105331e-01 1.507737824305871721e-01 5.925125170687300935e-01 2.515930814747383004e-01 5.120619025944469528e-03 0.000000000000000000e+00
8.500000000000000000e+04 3.399991209569017681e-01 1.565771506599908935e-01 5.753299954483386269e-01 2.650204824761037692e-01 3.072371415566681717e-03 0.000000000000000000e+00
8.750000000000000000e+04 3.499990951026930031e-01 1.604460628129267263e-01 5.720300409649522466e-01 2.646791078743741532e-01 2.844788347746927612e-03 0.000000000000000000e+00
9.000000000000000000e+04 3.599990692484842381e-01 1.803595812471552040e-01 5.502958579881657153e-01 2.657032316795630567e-01 3.641329085116067413e-03 0.000000000000000000e+00
9.250000000000000000e+04 3.699990433942752510e-01 1.456531634046426826e-01 6.210741920801092775e-01 2.292899408284023721e-01 3.982703686845699004e-03 0.000000000000000000e+00
9.500000000000000000e+04 3.799990175400664860e-01 1.438324988620846567e-01 6.214155666818388379e-01 2.337278106508875741e-01 1.024123805188893906e-03 0.000000000000000000e+00
9.750000000000000000e+04 3.899989916858577210e-01 1.450842057350933134e-01 6.213017751479289474e-01 2.322485207100591642e-01 1.365498406918525280e-03 0.000000000000000000e+00
1.000000000000000000e+05 3.999989658316489560e-01 1.473600364132908458e-01 6.215293582157487284e-01 2.294037323623122349e-01 1.706873008648156654e-03 0.000000000000000000e+00
1.025000000000000000e+05 4.099989399774401910e-01 1.566909421939007840e-01 6.310878470641784199e-01 2.104005461993627701e-01 1.820664542558033706e-03 0.000000000000000000e+00
1.050000000000000000e+05 4.199989141232316481e-01 1.226672735548475224e-01 7.399863450159308575e-01 1.331360946745562268e-01 4.210286754665453109e-03 0.000000000000000000e+00
1.075000000000000000e+05 4.299988882690226610e-01 1.213017751479289891e-01 7.420345926263085534e-01 1.305188893946290507e-01 6.144742831133363434e-03 0.000000000000000000e+00
1.100000000000000000e+05 4.399988624148138960e-01 1.211879836140191125e-01 7.410104688211197610e-01 1.337050523441055960e-01 4.096495220755575623e-03 0.000000000000000000e+00
1.125000000000000000e+05 4.499988365606051310e-01 1.358670914883932657e-01 6.936731907146108655e-01 1.678425125170687204e-01 2.617205279927173507e-03 0.000000000000000000e+00
1.150000000000000000e+05 4.599988107063965881e-01 1.389394629039599482e-01 6.874146563495675544e-01 1.702321347291761433e-01 3.413746017296313308e-03 0.000000000000000000e+00
1.175000000000000000e+05 4.699987848521876010e-01 1.449704142011834229e-01 6.817250796540736957e-01 1.696631770596267741e-01 3.641329085116067413e-03 0.000000000000000000e+00
1.200000000000000000e+05 4.799987589979786140e-01 1.510013654984069253e-01 6.457669549385525176e-01 2.005006827492034627e-01 2.730996813837050560e-03 0.000000000000000000e+00
1.225000000000000000e+05 4.899987331437700711e-01 1.525944469731451980e-01 6.393946290395994270e-01 2.061902594446973214e-01 1.820664542558033706e-03 0.000000000000000000e+00
1.250000000000000000e+05 4.999987072895615281e-01 1.544151115157032239e-01 6.406463359126081114e-01 2.030040964952207483e-01 1.934456076467910759e-03 0.000000000000000000e+00
1.275000000000000000e+05 5.099986814353525411e-01 1.598771051433773294e-01 6.580564406008192480e-01 1.777423759672280279e-01 4.324078288575329727e-03 0.000000000000000000e+00
1.300000000000000000e+05 5.199986555811435540e-01 1.847974510696404060e-01 6.240327719617660973e-01 1.866181156121984597e-01 4.551661356395083832e-03 0.000000000000000000e+00
1.325000000000000000e+05 5.299986297269350111e-01 1.811561219845243542e-01 6.421256258534364658e-01 1.718252162039144160e-01 4.893035958124715423e-03 0.000000000000000000e+00
1.350000000000000000e+05 5.399986038727264681e-01 1.820664542558033672e-01 6.395084205735093175e-01 1.750113791533909890e-01 3.413746017296313308e-03 0.000000000000000000e+00
1.375000000000000000e+05 5.499985780185174811e-01 1.802457897132453413e-01 6.388256713700500855e-01 1.763768775603095085e-01 4.551661356395083832e-03 0.000000000000000000e+00
1.400000000000000000e+05 5.599985521643084940e-01 1.880974055530268418e-01 6.415566681838871244e-01 1.663632225762403383e-01 3.982703686845699004e-03 0.000000000000000000e+00
1.425000000000000000e+05 5.699985263100999511e-01 1.907146108329540179e-01 6.391670459717796460e-01 1.662494310423304478e-01 3.868912152935821518e-03 0.000000000000000000e+00
1.450000000000000000e+05 5.799985004558911861e-01 2.100591715976331264e-01 6.425807919890760278e-01 1.424670004551661373e-01 4.893035958124715423e-03 0.000000000000000000e+00
1.475000000000000000e+05 5.899984746016824211e-01 2.050523441055985552e-01 6.473600364132908735e-01 1.421256258534364936e-01 5.461993627674101119e-03 0.000000000000000000e+00
1.500000000000000000e+05 5.999984487474734340e-01 1.868456986800182129e-01 6.729631315430132377e-01 1.380291306326809353e-01 2.162039144287664864e-03 0.000000000000000000e+00
1.525000000000000000e+05 6.099984228932648911e-01 1.807009558488848477e-01 6.734182976786526886e-01 1.437187073281747940e-01 2.162039144287664864e-03 0.000000000000000000e+00
1.550000000000000000e+05 6.199983970390559040e-01 1.810423304506144637e-01 6.722803823395538947e-01 1.439462903959945472e-01 2.730996813837050560e-03 0.000000000000000000e+00
1.575000000000000000e+05 6.299983711848471390e-01 1.776285844333181652e-01 6.719390077378243342e-01 1.466772872098315861e-01 3.755120619025944465e-03 0.000000000000000000e+00
1.600000000000000000e+05 6.399983453306383741e-01 1.810423304506144637e-01 6.698907601274465273e-01 1.454255803368229294e-01 3.641329085116067413e-03 0.000000000000000000e+00
1.625000000000000000e+05 6.499983194764296091e-01 1.911697769685935244e-01 6.347291761492944717e-01 1.647701411015020379e-01 9.330905780609922637e-03 0.000000000000000000e+00
1.650000000000000000e+05 6.599982936222208441e-01 1.892353208921256358e-01 6.457669549385525176e-01 1.596495220755575761e-01 5.348202093764223633e-03 0.000000000000000000e+00
1.675000000000000000e+05 6.699982677680120791e-01 1.907146108329540179e-01 6.648839326354119006e-01 1.412152935821574806e-01 3.186162949476558769e-03 0.000000000000000000e+00
1.700000000000000000e+05 6.799982419138033141e-01 1.920801092398725651e-01 6.632908511606736557e-01 1.392808375056895642e-01 5.348202093764223633e-03 0.000000000000000000e+00
1.725000000000000000e+05 6.899982160595945491e-01 1.961766044606281234e-01 6.514565316340463763e-01 1.464497041420118328e-01 5.917159763313609329e-03 0.000000000000000000e+00
1.750000000000000000e+05 6.999981902053860061e-01 2.044833864360491582e-01 6.461083295402821891e-01 1.431497496586253970e-01 6.258534365043240920e-03 0.000000000000000000e+00
1.775000000000000000e+05 7.099981643511770191e-01 2.082385070550751005e-01 6.273327264451524776e-01 1.591943559399180697e-01 5.234410559854347014e-03 0.000000000000000000e+00
1.800000000000000000e+05 7.199981384969680320e-01 2.018661811561219821e-01 6.352981338188439242e-01 1.577150659990896597e-01 5.120619025944469528e-03 0.000000000000000000e+00
1.825000000000000000e+05 7.299981126427594891e-01 1.970869367319071364e-01 6.450842057350932857e-01 1.555530268548019901e-01 2.275830678197541916e-03 0.000000000000000000e+00
1.850000000000000000e+05 7.399980867885509461e-01 1.712562585343650468e-01 6.758079198907601670e-01 1.489531178880291185e-01 3.982703686845699004e-03 0.000000000000000000e+00
1.875000000000000000e+05 7.499980609343419591e-01 1.688666363222576239e-01 6.762630860263996180e-01 1.497496586253982687e-01 5.120619025944469528e-03 0.000000000000000000e+00
1.900000000000000000e+05 7.599980350801329720e-01 1.718252162039144160e-01 6.496358670914883504e-01 1.758079198907601393e-01 2.730996813837050560e-03 0.000000000000000000e+00
1.925000000000000000e+05 7.699980092259244291e-01 1.684114701866181174e-01 6.503186162949476934e-01 1.794492489758761911e-01 1.820664542558033706e-03 0.000000000000000000e+00
1.950000000000000000e+05 7.799979833717158861e-01 1.795630405097860816e-01 6.477014110150204340e-01 1.711424670004551563e-01 1.593081474738279385e-03 0.000000000000000000e+00
1.975000000000000000e+05 7.899979575175068991e-01 1.871870732817478289e-01 6.393946290395994270e-01 1.714838416021848000e-01 1.934456076467910759e-03 0.000000000000000000e+00
2.000000000000000000e+05 7.999979316632979121e-01 2.276968593536640995e-01 5.680473372781065233e-01 1.995903504779244497e-01 4.665452890304961318e-03 0.000000000000000000e+00
2.025000000000000000e+05 8.099979058090893691e-01 2.295175238962221254e-01 5.754437869822485174e-01 1.904870277651342647e-01 4.551661356395083832e-03 0.000000000000000000e+00
2.050000000000000000e+05 8.199978799548806041e-01 2.329312699135184239e-01 5.753299954483386269e-01 1.863905325443787064e-01 5.348202093764223633e-03 0.000000000000000000e+00
2.075000000000000000e+05 8.299978541006718391e-01 2.419208010923987184e-01 5.558716431497496835e-01 1.957214383249886169e-01 6.486117432862995025e-03 0.000000000000000000e+00
2.100000000000000000e+05 8.399978282464628521e-01 2.500000000000000000e-01 5.543923532089212181e-01 1.919663177059626746e-01 3.641329085116067413e-03 0.000000000000000000e+00
2.125000000000000000e+05 8.499978023922543091e-01 2.480655439235320836e-01 5.554164770141101215e-01 1.904870277651342647e-01 6.030951297223486815e-03 0.000000000000000000e+00
2.150000000000000000e+05 8.599977765380455441e-01 2.489758761948110966e-01 5.493855257168867023e-01 1.964041875284478766e-01 5.234410559854347014e-03 0.000000000000000000e+00
2.175000000000000000e+05 8.699977506838365571e-01 2.514792899408284099e-01 5.473372781065088954e-01 1.961766044606281234e-01 5.006827492034592909e-03 0.000000000000000000e+00
2.200000000000000000e+05 8.799977248296277921e-01 2.597860719162494170e-01 5.448338643604915266e-01 1.900318616294947582e-01 5.348202093764223633e-03 0.000000000000000000e+00
2.225000000000000000e+05 8.899976989754190271e-01 2.559171597633135842e-01 5.523441055985435222e-01 1.861629494765589532e-01 5.575785161583977738e-03 0.000000000000000000e+00
2.250000000000000000e+05 8.999976731212104841e-01 2.573964497041419941e-01 5.533682294037323146e-01 1.826354119253527641e-01 6.599908966772872511e-03 0.000000000000000000e+00
2.275000000000000000e+05 9.099976472670014971e-01 2.588757396449704040e-01 5.446062812926718566e-01 1.898042785616750050e-01 6.713700500682749130e-03 0.000000000000000000e+00
2.300000000000000000e+05 9.199976214127927321e-01 2.587619481110605135e-01 5.433545744196631722e-01 1.919663177059626746e-01 5.917159763313609329e-03 0.000000000000000000e+00
2.325000000000000000e+05 9.299975955585839671e-01 2.661583978152025631e-01 5.458579881656804300e-01 1.814974965862539702e-01 6.486117432862995025e-03 0.000000000000000000e+00
2.350000000000000000e+05 9.399975697043754241e-01 2.573964497041419941e-01 5.773782430587164338e-01 1.586253982703686727e-01 6.599908966772872511e-03 0.000000000000000000e+00
2.375000000000000000e+05 9.499975438501664371e-01 2.448793809740555383e-01 5.869367319071461253e-01 1.652253072371415443e-01 2.958579881656804664e-03 0.000000000000000000e+00
2.400000000000000000e+05 9.599975179959574501e-01 2.477241693218024676e-01 5.830678197542102925e-01 1.654528903049612976e-01 3.755120619025944465e-03 0.000000000000000000e+00
2.425000000000000000e+05 9.699974921417489071e-01 2.420345926263086089e-01 5.943331816112881194e-01 1.578288575329995502e-01 5.803368229403732710e-03 0.000000000000000000e+00
2.450000000000000000e+05 9.799974662875403641e-01 2.199590350477924339e-01 6.255120619025944517e-01 1.504324078288575284e-01 4.096495220755575623e-03 0.000000000000000000e+00
2.475000000000000000e+05 9.899974404333313771e-01 1.949248975876194945e-01 6.554392353208920996e-01 1.471324533454710926e-01 2.503413746017296455e-03 0.000000000000000000e+00
2.500000000000000000e+05 9.999974145791223901e-01 1.733045061447428259e-01 6.669321802457897075e-01 1.577150659990896597e-01 2.048247610377787811e-03 0.000000000000000000e+00
