# itime ezz other fcc hcp bcc ico
0.000000000000000000e+00 0.000000000000000000e+00 0.000000000000000000e+00 1.000000000000000000e+00 0.000000000000000000e+00 0.000000000000000000e+00 0.000000000000000000e+00
2.500000000000000000e+03 9.999965834153412558e-03 0.000000000000000000e+00 1.000000000000000000e+00 0.000000000000000000e+00 0.000000000000000000e+00 0.000000000000000000e+00
5.000000000000000000e+03 1.999993166830704716e-02 0.000000000000000000e+00 1.000000000000000000e+00 0.000000000000000000e+00 0.000000000000000000e+00 0.000000000000000000e+00
7.500000000000000000e+03 2.999989750246045972e-02 0.000000000000000000e+00 1.000000000000000000e+00 0.000000000000000000e+00 0.000000000000000000e+00 0.000000000000000000e+00
1.000000000000000000e+04 3.999986333661387228e-02 0.000000000000000000e+00 1.000000000000000000e+00 0.000000000000000000e+00 0.000000000000000000e+00 0.000000000000000000e+00
1.250000000000000000e+04 4.999982917076750688e-02 0.000000000000000000e+00 1.000000000000000000e+00 0.000000000000000000e+00 0.000000000000000000e+00 0.000000000000000000e+00
1.500000000000000000e+04 5.999979500492091944e-02 0.000000000000000000e+00 1.000000000000000000e+00 0.000000000000000000e+00 0.000000000000000000e+00 0.000000000000000000e+00
1.750000000000000000e+04 6.999976083907455404e-02 0.000000000000000000e+00 1.000000000000000000e+00 0.000000000000000000e+00 0.000000000000000000e+00 0.000000000000000000e+00
2.000000000000000000e+04 7.999972667322796660e-02 1.137915339098771066e-04 9.998862084660901095e-01 0.000000000000000000e+00 0.000000000000000000e+00 0.000000000000000000e+00
2.250000000000000000e+04 8.999969250738137916e-02 1.365498406918525280e-03 9.985207100591716456e-01 0.000000000000000000e+00 1.137915339098771066e-04 0.000000000000000000e+00
2.500000000000000000e+04 9.999965834153501376e-02 2.617205279927173507e-03 9.972690031861629611e-01 0.000000000000000000e+00 1.137915339098771066e-04 0.000000000000000000e+00
2.750000000000000000e+04 1.099996241756884263e-01 6.201638598088302090e-02 8.111060537096039802e-01 0.000000000000000000e+00 1.268775603095129711e-01 0.000000000000000000e+00
3.000000000000000000e+04 1.199995900098418389e-01 7.521620391442876419e-02 7.542102867546655043e-01 1.622667273554847522e-01 8.306781975421027864e-03 0.000000000000000000e+00
3.250000000000000000e+04 1.299995558439954735e-01 7.487482931269913433e-02 7.528447883477469293e-01 1.665908056440600915e-01 5.689576695493855224e-03 0.000000000000000000e+00
3.500000000000000000e+04 1.399995216781488860e-01 4.073736913973600299e-02 8.115612198452435422e-01 1.471324533454710926e-01 5.689576695493854790e-04 0.000000000000000000e+00
3.750000000000000000e+04 1.499994875123022986e-01 4.164770141101502288e-02 8.104233045061447482e-01 1.470186618115612298e-01 9.103322712790168532e-04 0.000000000000000000e+00
4.000000000000000000e+04 1.599994533464559332e-01 4.369594902139280895e-02 8.079198907601274904e-01 1.483841602184797492e-01 0.000000000000000000e+00 0.000000000000000000e+00
4.250000000000000000e+04 1.699994191806093458e-01 5.052344105598543383e-02 7.924442421483841592e-01 1.541875284478834707e-01 2.844788347746927612e-03 0.000000000000000000e+00
4.500000000000000000e+04 1.799993850147629804e-01 5.541647701411014926e-02 7.844788347746927126e-01 1.577150659990896597e-01 2.389622212107419402e-03 0.000000000000000000e+00
4.750000000000000000e+04 1.899993508489163929e-01 6.110605370960400795e-02 7.740100136549841192e-01 1.614701866181156020e-01 3.413746017296313308e-03 0.000000000000000000e+00
5.000000000000000000e+04 1.999993166830698055e-01 6.873008648156576916e-02 7.578516158397815561e-01 1.715976331360946627e-01 1.820664542558033706e-03 0.000000000000000000e+00
5.250000000000000000e+04 2.099992825172234401e-01 7.089212562585343880e-02 7.536413290851160518e-01 1.737596722803823324e-01 1.706873008648156654e-03 0.000000000000000000e+00
5.500000000000000000e+04 2.199992483513768526e-01 7.510241238051888757e-02 7.408966772872098705e-01 1.822940373236231204e-01 1.706873008648156654e-03 0.000000000000000000e+00
5.750000000000000000e+04 2.299992141855302652e-01 8.204369594902138907e-02 7.209831588529813651e-01 1.928766499772416876e-01 4.096495220755575623e-03 0.000000000000000000e+00
6.000000000000000000e+04 2.399991800196838998e-01 9.888484296768319803e-02 6.979972690031861493e-01 2.001593081474738189e-01 2.958579881656804664e-03 0.000000000000000000e+00
6.250000000000000000e+04 2.499991458538373124e-01 9.387801547564861293e-02 7.251934456076467583e-01 1.792216659080564378e-01 1.706873008648156654e-03 0.000000000000000000e+00
6.500000000000000000e+04 2.599991116879909470e-01 9.592626308602640595e-02 7.270141101502047842e-01 1.755803368229403860e-01 1.479289940828402332e-03 0.000000000000000000e+00
6.750000000000000000e+04 2.699990775221443595e-01 9.512972234865725574e-02 7.271279016841146747e-01 1.772872098315885214e-01 4.551661356395084266e-04 0.000000000000000000e+00
7.000000000000000000e+04 2.799990433562977721e-01 9.968138370505234824e-02 7.187073281747837772e-01 1.794492489758761911e-01 2.162039144287664864e-03 0.000000000000000000e+00
7.250000000000000000e+04 2.899990091904514067e-01 1.074192080109239861e-01 7.036868456986800080e-01 1.857077833409194467e-01 3.186162949476558769e-03 0.000000000000000000e+00
7.500000000000000000e+04 2.999989750246048192e-01 1.060537096040054666e-01 7.068730086481566088e-01 1.837733272644515303e-01 3.299954483386436255e-03 0.000000000000000000e+00
7.750000000000000000e+04 3.099989408587582318e-01 1.109467455621301751e-01 7.146108329540282744e-01 1.725079654073737034e-01 1.934456076467910759e-03 0.000000000000000000e+00
8.000000000000000000e+04 3.199989066929118664e-01 1.304050978607191602e-01 6.869594902139281034e-01 1.772872098315885214e-01 5.348202093764223633e-03 0.000000000000000000e+00
8.250000000000000000e+04 3.299988725270652790e-01 1.464497041420118328e-01 6.456531634046427381e-01 2.038006372325898985e-01 4.096495220755575623e-03 0.000000000000000000e+00
8.500000000000000000e+04 3.399988383612186915e-01 1.447428311333636697e-01 6.498634501593081314e-01 1.999317250796540657e-01 5.461993627674101119e-03 0.000000000000000000e+00
8.750000000000000000e+04 3.499988041953723261e-01 1.248293126991351781e-01 6.909421939007738267e-01 1.819526627218935044e-01 2.275830678197541916e-03 0.000000000000000000e+00
9.000000000000000000e+04 3.599987700295257387e-01 1.255120619025944517e-01 6.921939007737824001e-01 1.809285389167046010e-01 1.365498406918525280e-03 0.000000000000000000e+00
9.250000000000000000e+04 3.699987358636793733e-01 1.197086936731907164e-01 6.950386891215293295e-01 1.816112881201638607e-01 3.641329085116067413e-03 0.000000000000000000e+00
9.500000000000000000e+04 3.799987016978327858e-01 1.298361401911697632e-01 6.977696859353663683e-01 1.692080109239872676e-01 3.186162949476558769e-03 0.000000000000000000e+00
9.750000000000000000e+04 3.899986675319861984e-01 8.124715521165225274e-02 7.823167956304051263e-01 1.363222576240327721e-01 1.137915339098771066e-04 0.000000000000000000e+00
1.000000000000000000e+05 3.999986333661398330e-01 8.204369594902138907e-02 7.822030040964952358e-01 1.351843422849340060e-01 5.689576695493854790e-04 0.000000000000000000e+00
1.025000000000000000e+05 4.099985992002930235e-01 1.069640418752844796e-01 7.484069185252617551e-01 1.434911242603550408e-01 1.137915339098770958e-03 0.000000000000000000e+00
1.050000000000000000e+05 4.199985650344468802e-01 9.956759217114247162e-02 7.446517979062358128e-01 1.524806554392353075e-01 3.299954483386436255e-03 0.000000000000000000e+00
1.075000000000000000e+05 4.299985308686000707e-01 1.018434228493400040e-01 7.446517979062358128e-01 1.517979062357760478e-01 1.706873008648156654e-03 0.000000000000000000e+00
1.100000000000000000e+05 4.399984967027539273e-01 1.025261720527992776e-01 7.439690487027764698e-01 1.514565316340464318e-01 2.048247610377787811e-03 0.000000000000000000e+00
1.125000000000000000e+05 4.499984625369071178e-01 1.177742375967228000e-01 7.141556668183887124e-01 1.637460172963131622e-01 4.324078288575329727e-03 0.000000000000000000e+00
1.150000000000000000e+05 4.599984283710609745e-01 1.362084660901228816e-01 7.174556213017750927e-01 1.429221665908056438e-01 3.413746017296313308e-03 0.000000000000000000e+00
1.175000000000000000e+05 4.699983942052141650e-01 1.376877560309512916e-01 7.067592171142467183e-01 1.532771961766044577e-01 2.275830678197541916e-03 0.000000000000000000e+00
1.200000000000000000e+05 4.799983600393677996e-01 1.304050978607191602e-01 7.201866181156122426e-01 1.487255348202093652e-01 6.827492034592626399e-04 0.000000000000000000e+00
1.225000000000000000e+05 4.899983258735209901e-01 1.219845243513882627e-01 7.262175694128356618e-01 1.486117432862995025e-01 3.186162949476558769e-03 0.000000000000000000e+00
1.250000000000000000e+05 4.999982917076748468e-01 1.154984069185252676e-01 7.308830223031406170e-01 1.511151570323167881e-01 2.503413746017296455e-03 0.000000000000000000e+00
1.275000000000000000e+05 5.099982575418280373e-01 1.154984069185252676e-01 7.309968138370505075e-01 1.514565316340464318e-01 2.048247610377787811e-03 0.000000000000000000e+00
1.300000000000000000e+05 5.199982233759818939e-01 1.154984069185252676e-01 7.312243969048702885e-01 1.516841147018661851e-01 1.593081474738279385e-03 0.000000000000000000e+00
1.325000000000000000e+05 5.299981892101350844e-01 1.159535730541647741e-01 7.317933545744196300e-01 1.504324078288575284e-01 1.820664542558033706e-03 0.000000000000000000e+00
1.350000000000000000e+05 5.399981550442887190e-01 1.125398270368684617e-01 7.210969503868912556e-01 1.651115157032316816e-01 1.251706873008648227e-03 0.000000000000000000e+00
1.375000000000000000e+05 5.499981208784419096e-01 1.120846609012289552e-01 7.212107419208011461e-01 1.655666818388711881e-01 1.137915339098770958e-03 0.000000000000000000e+00
1.400000000000000000e+05 5.599980867125957662e-01 1.150432407828857473e-01 7.170004551661356418e-01 1.664770141101502010e-01 1.479289940828402332e-03 0.000000000000000000e+00
1.425000000000000000e+05 5.699980525467489567e-01 1.209604005461993592e-01 7.090350477924441952e-01 1.686390532544378706e-01 1.365498406918525280e-03 0.000000000000000000e+00
1.450000000000000000e+05 5.799980183809028134e-01 1.272189349112426149e-01 7.000455166135639562e-01 1.698907601274465273e-01 2.844788347746927612e-03 0.000000000000000000e+00
1.475000000000000000e+05 5.899979842150560039e-01 1.321119708693673234e-01 6.858215748748293095e-01 1.777423759672280279e-01 4.324078288575329727e-03 0.000000000000000000e+00
1.500000000000000000e+05 5.999979500492098605e-01 1.714838416021848000e-01 6.645425580336823401e-01 1.595357305416477134e-01 4.437869822485207214e-03 0.000000000000000000e+00
1.525000000000000000e+05 6.099979158833630510e-01 1.703459262630860338e-01 6.570323167956304555e-01 1.700045516613563901e-01 2.617205279927173507e-03 0.000000000000000000e+00
1.550000000000000000e+05 6.199978817175166856e-01 1.687528447883477334e-01 6.558944014565316616e-01 1.728493400091033194e-01 2.503413746017296455e-03 0.000000000000000000e+00
1.575000000000000000e+05 6.299978475516698762e-01 1.554392353208921274e-01 6.771734182976786309e-01 1.647701411015020379e-01 2.617205279927173507e-03 0.000000000000000000e+00
1.600000000000000000e+05 6.399978133858237328e-01 1.549840691852526209e-01 6.784251251706873154e-01 1.644287664997724219e-01 2.162039144287664864e-03 0.000000000000000000e+00
1.625000000000000000e+05 6.499977792199769233e-01 1.548702776513427304e-01 6.778561675011378629e-01 1.648839326354119283e-01 2.389622212107419402e-03 0.000000000000000000e+00
1.650000000000000000e+05 6.599977450541307800e-01 1.659080564406008318e-01 6.528220300409649512e-01 1.793354574419663283e-01 1.934456076467910759e-03 0.000000000000000000e+00
1.675000000000000000e+05 6.699977108882839705e-01 1.706873008648156498e-01 6.433773327264451503e-01 1.827492034592626269e-01 3.186162949476558769e-03 0.000000000000000000e+00
1.700000000000000000e+05 6.799976767224378271e-01 1.802457897132453413e-01 6.170914883932635542e-01 2.001593081474738189e-01 2.503413746017296455e-03 0.000000000000000000e+00
1.725000000000000000e+05 6.899976425565910176e-01 1.803595812471552040e-01 6.286982248520710526e-01 1.887801547564861293e-01 2.162039144287664864e-03 0.000000000000000000e+00
1.750000000000000000e+05 6.999976083907446522e-01 1.838871187983613931e-01 6.202776513427401550e-01 1.932180245789713313e-01 2.617205279927173507e-03 0.000000000000000000e+00
1.775000000000000000e+05 7.099975742248978428e-01 1.886663632225762388e-01 6.125398270368684894e-01 1.956076467910787542e-01 3.186162949476558769e-03 0.000000000000000000e+00
1.800000000000000000e+05 7.199975400590516994e-01 1.873008648156577194e-01 6.211879836140191680e-01 1.885525716886663761e-01 2.958579881656804664e-03 0.000000000000000000e+00
1.825000000000000000e+05 7.299975058932048899e-01 1.852526172052799402e-01 6.236913973600364258e-01 1.886663632225762388e-01 2.389622212107419402e-03 0.000000000000000000e+00
1.850000000000000000e+05 7.399974717273587466e-01 1.850250341374601593e-01 6.224396904870277414e-01 1.898042785616750050e-01 2.730996813837050560e-03 0.000000000000000000e+00
1.875000000000000000e+05 7.499974375615119371e-01 1.939007737824305910e-01 6.399635867091488795e-01 1.607874374146563423e-01 5.348202093764223633e-03 0.000000000000000000e+00
1.900000000000000000e+05 7.599974033956657937e-01 1.877560309512972259e-01 6.428083750568958088e-01 1.667045971779699542e-01 2.730996813837050560e-03 0.000000000000000000e+00
1.925000000000000000e+05 7.699973692298189842e-01 1.902594446973145115e-01 6.497496586253982409e-01 1.573736913973600438e-01 2.617205279927173507e-03 0.000000000000000000e+00
1.950000000000000000e+05 7.799973350639726188e-01 1.915111515703231682e-01 6.492944924897587899e-01 1.558944014565316338e-01 3.299954483386436255e-03 0.000000000000000000e+00
1.975000000000000000e+05 7.899973008981258094e-01 1.954938552571688637e-01 6.463359126081019701e-01 1.549840691852526209e-01 3.186162949476558769e-03 0.000000000000000000e+00
2.000000000000000000e+05 7.999972667322796660e-01 1.979972690031861493e-01 6.537323623122439642e-01 1.447428311333636697e-01 3.527537551206190360e-03 0.000000000000000000e+00
2.025000000000000000e+05 8.099972325664328565e-01 1.950386891215293572e-01 6.587391898042785909e-01 1.434911242603550408e-01 2.730996813837050560e-03 0.000000000000000000e+00
2.050000000000000000e+05 8.199971984005867132e-01 2.031178880291306388e-01 6.282430587164314906e-01 1.639736003641329154e-01 4.665452890304961318e-03 0.000000000000000000e+00
2.075000000000000000e+05 8.299971642347399037e-01 1.946973145197997135e-01 6.588529813381884814e-01 1.420118343195266308e-01 4.437869822485207214e-03 0.000000000000000000e+00
2.100000000000000000e+05 8.399971300688935383e-01 1.781975421028675344e-01 6.676149294492489394e-01 1.515703231679562946e-01 2.617205279927173507e-03 0.000000000000000000e+00
2.125000000000000000e+05 8.499970959030467288e-01 1.800182066454255880e-01 6.656804733727810230e-01 1.517979062357760478e-01 2.503413746017296455e-03 0.000000000000000000e+00
2.150000000000000000e+05 8.599970617372005854e-01 1.804733727810650945e-01 6.605598543468366168e-01 1.562357760582612776e-01 2.730996813837050560e-03 0.000000000000000000e+00
2.175000000000000000e+05 8.699970275713537760e-01 1.784251251706872876e-01 6.604460628129267263e-01 1.586253982703686727e-01 2.503413746017296455e-03 0.000000000000000000e+00
2.200000000000000000e+05 8.799969934055076326e-01 1.785389167045971781e-01 6.620391442876649712e-01 1.569185252617205373e-01 2.503413746017296455e-03 0.000000000000000000e+00
2.225000000000000000e+05 8.899969592396608231e-01 1.801319981793354508e-01 6.602184797451069453e-01 1.572598998634501533e-01 2.389622212107419402e-03 0.000000000000000000e+00
2.250000000000000000e+05 8.999969250738146798e-01 1.820664542558033672e-01 6.578288575329995780e-01 1.582840236686390567e-01 1.820664542558033706e-03 0.000000000000000000e+00
2.275000000000000000e+05 9.099968909079678703e-01 1.990213928083750528e-01 6.290395994538006130e-01 1.673873463814292140e-01 4.551661356395083832e-03 0.000000000000000000e+00
2.300000000000000000e+05 9.199968567421215049e-01 1.868456986800182129e-01 6.489531178880291185e-01 1.606736458807464796e-01 3.527537551206190360e-03 0.000000000000000000e+00
2.325000000000000000e+05 9.299968225762746954e-01 1.931042330450614408e-01 6.466772872098316416e-01 1.555530268548019901e-01 4.665452890304961318e-03 0.000000000000000000e+00
2.350000000000000000e+05 9.399967884104285520e-01 2.051661356395084179e-01 6.372325898953118406e-01 1.539599453800637174e-01 3.641329085116067413e-03 0.000000000000000000e+00
2.375000000000000000e+05 9.499967542445817426e-01 2.086936731907146070e-01 6.292671825216203940e-01 1.574874829312699065e-01 4.551661356395083832e-03 0.000000000000000000e+00
2.400000000000000000e+05 9.599967200787355992e-01 2.075557578516158408e-01 6.205052344105598250e-01 1.680700955848884737e-01 3.868912152935821518e-03 0.000000000000000000e+00
2.425000000000000000e+05 9.699966859128887897e-01 2.003868912152935722e-01 6.217569412835685094e-01 1.748975876194810986e-01 2.958579881656804664e-03 0.000000000000000000e+00
2.450000000000000000e+05 9.799966517470426464e-01 2.030040964952207483e-01 6.206190259444697155e-01 1.738734638142922229e-01 2.503413746017296455e-03 0.000000000000000000e+00
2.475000000000000000e+05 9.899966175811958369e-01 2.034592626308602548e-01 6.193673190714610310e-01 1.744424214838415921e-01 2.730996813837050560e-03 0.000000000000000000e+00
2.500000000000000000e+05 9.999965834153494715e-01 2.094902139280837572e-01 6.090122894856622171e-01 1.792216659080564378e-01 2.275830678197541916e-03 0.000000000000000000e+00
