# itime ezz other fcc hcp bcc ico
0.000000000000000000e+00 0.000000000000000000e+00 0.000000000000000000e+00 1.000000000000000000e+00 0.000000000000000000e+00 0.000000000000000000e+00 0.000000000000000000e+00
2.500000000000000000e+03 9.999982385540562291e-03 0.000000000000000000e+00 1.000000000000000000e+00 0.000000000000000000e+00 0.000000000000000000e+00 0.000000000000000000e+00
5.000000000000000000e+03 1.999996477108112458e-02 0.000000000000000000e+00 1.000000000000000000e+00 0.000000000000000000e+00 0.000000000000000000e+00 0.000000000000000000e+00
7.500000000000000000e+03 2.999994715662168687e-02 0.000000000000000000e+00 1.000000000000000000e+00 0.000000000000000000e+00 0.000000000000000000e+00 0.000000000000000000e+00
1.000000000000000000e+04 3.999992954216224916e-02 0.000000000000000000e+00 1.000000000000000000e+00 0.000000000000000000e+00 0.000000000000000000e+00 0.000000000000000000e+00
1.250000000000000000e+04 4.999991192770281145e-02 0.000000000000000000e+00 1.000000000000000000e+00 0.000000000000000000e+00 0.000000000000000000e+00 0.000000000000000000e+00
1.500000000000000000e+04 5.999989431324337374e-02 0.000000000000000000e+00 1.000000000000000000e+00 0.000000000000000000e+00 0.000000000000000000e+00 0.000000000000000000e+00
1.750000000000000000e+04 6.999987669878415808e-02 0.000000000000000000e+00 1.000000000000000000e+00 0.000000000000000000e+00 0.000000000000000000e+00 0.000000000000000000e+00
2.000000000000000000e+04 7.999985908432472037e-02 1.137915339098771066e-04 9.998862084660901095e-01 0.000000000000000000e+00 0.000000000000000000e+00 0.000000000000000000e+00
2.250000000000000000e+04 8.999984146986528266e-02 5.689576695493854790e-04 9.994310423304506585e-01 0.000000000000000000e+00 0.000000000000000000e+00 0.000000000000000000e+00
2.500000000000000000e+04 9.999982385540584495e-02 5.006827492034592909e-03 9.948793809740554828e-01 0.000000000000000000e+00 1.137915339098771066e-04 0.000000000000000000e+00
2.750000000000000000e+04 1.099998062409464072e-01 4.460628129267182190e-02 9.024806554392352798e-01 0.000000000000000000e+00 5.291306326809285671e-02 0.000000000000000000e+00
3.000000000000000000e+04 1.199997886264869695e-01 3.732362312243969055e-02 8.045061447428311086e-01 1.576012744651797970e-01 5.689576695493854790e-04 0.000000000000000000e+00
3.250000000000000000e+04 1.299997710120275318e-01 4.335457441966317910e-02 7.951752389622211981e-01 1.609012289485662328e-01 5.689576695493854790e-04 0.000000000000000000e+00
3.500000000000000000e+04 1.399997533975680941e-01 5.257168866636321991e-02 7.686618115612198210e-01 1.770596267637687682e-01 1.706873008648156654e-03 0.000000000000000000e+00
3.750000000000000000e+04 1.499997357831086564e-01 7.760582612653618706e-02 7.069868001820664993e-01 2.106281292671825234e-01 4.779244424214838804e-03 0.000000000000000000e+00
4.000000000000000000e+04 1.599997181686492187e-01 8.636777423759672834e-02 6.975421028675466983e-01 2.113108784706417831e-01 4.779244424214838804e-03 0.000000000000000000e+00
4.250000000000000000e+04 1.699997005541897810e-01 1.025261720527992776e-01 6.636322257624033272e-01 2.324761037778789174e-01 1.365498406918525280e-03 0.000000000000000000e+00
4.500000000000000000e+04 1.799996829397303433e-01 1.075329995448338627e-01 6.593081474738279324e-01 2.316795630405097950e-01 1.479289940828402332e-03 0.000000000000000000e+00
4.750000000000000000e+04 1.899996653252709056e-01 1.104915794264906687e-01 6.472462448793809831e-01 2.385070550751024199e-01 3.755120619025944465e-03 0.000000000000000000e+00
5.000000000000000000e+04 1.999996477108116899e-01 1.454255803368229294e-01 6.571461083295402350e-01 1.919663177059626746e-01 5.461993627674101119e-03 0.000000000000000000e+00
5.250000000000000000e+04 2.099996300963522522e-01 1.378015475648611821e-01 6.547564861174328676e-01 2.008420573509330787e-01 6.599908966772872511e-03 0.000000000000000000e+00
5.500000000000000000e+04 2.199996124818928145e-01 1.411015020482476179e-01 6.480427856167501055e-01 2.065316340464269373e-01 4.324078288575329727e-03 0.000000000000000000e+00
5.750000000000000000e+04 2.299995948674333768e-01 1.467910787437414766e-01 6.433773327264451503e-01 2.045971779699590487e-01 5.234410559854347014e-03 0.000000000000000000e+00
6.000000000000000000e+04 2.399995772529739391e-01 1.480427856167501055e-01 6.429221665908056993e-01 2.031178880291306388e-01 5.917159763313609329e-03 0.000000000000000000e+00
6.250000000000000000e+04 2.499995596385145014e-01 1.446290395994538069e-01 6.932180245789713036e-01 1.566909421939007840e-01 5.461993627674101119e-03 0.000000000000000000e+00
6.500000000000000000e+04 2.599995420240550636e-01 1.541875284478834707e-01 6.993627674101047242e-01 1.420118343195266308e-01 4.437869822485207214e-03 0.000000000000000000e+00
6.750000000000000000e+04 2.699995244095956259e-01 1.546426945835229771e-01 6.953800637232590010e-01 1.472462448793809831e-01 2.730996813837050560e-03 0.000000000000000000e+00
7.000000000000000000e+04 2.799995067951361882e-01 1.573736913973600438e-01 6.877560309512972259e-01 1.495220755575785154e-01 5.348202093764223633e-03 0.000000000000000000e+00
7.250000000000000000e+04 2.899994891806767505e-01 1.653390987710514348e-01 6.750113791533909335e-01 1.556668183887118806e-01 3.982703686845699004e-03 0.000000000000000000e+00
7.500000000000000000e+04 2.999994715662173128e-01 1.774010013654984119e-01 6.593081474738279324e-01 1.554392353208921274e-01 7.851615839781519654e-03 0.000000000000000000e+00
7.750000000000000000e+04 3.099994539517578751e-01 1.888939462903959920e-01 6.602184797451069453e-01 1.448566226672735602e-01 6.030951297223486815e-03 0.000000000000000000e+00
8.000000000000000000e+04 3.199994363372984374e-01 1.385980883022303045e-01 7.842512517068730427e-01 7.532999544833864081e-02 1.820664542558033706e-03 0.000000000000000000e+00
8.250000000000000000e+04 3.299994187228392217e-01 1.408739189804278646e-01 7.850477924442421651e-01 7.180245789713245175e-02 2.275830678197541916e-03 0.000000000000000000e+00
8.500000000000000000e+04 3.399994011083797840e-01 1.383705052344105513e-01 7.215521165225307065e-01 1.346153846153846090e-01 5.461993627674101119e-03 0.000000000000000000e+00
8.750000000000000000e+04 3.499993834939203463e-01 1.379153390987710448e-01 6.890077378243059103e-01 1.682976786527082269e-01 4.779244424214838804e-03 0.000000000000000000e+00
9.000000000000000000e+04 3.599993658794609086e-01 1.429221665908056438e-01 6.879836140191170069e-01 1.649977241693217911e-01 4.096495220755575623e-03 0.000000000000000000e+00
9.250000000000000000e+04 3.699993482650014709e-01 1.420118343195266308e-01 6.787664997724169869e-01 1.743286299499317293e-01 4.893035958124715423e-03 0.000000000000000000e+00
9.500000000000000000e+04 3.799993306505420332e-01 1.486117432862995025e-01 6.616977696859354108e-01 1.834319526627218866e-01 6.258534365043240920e-03 0.000000000000000000e+00
9.750000000000000000e+04 3.899993130360825955e-01 1.481565771506599960e-01 6.461083295402821891e-01 1.967455621301775204e-01 8.989531178880291046e-03 0.000000000000000000e+00
1.000000000000000000e+05 3.999992954216233798e-01 1.520254893035958010e-01 6.333636777423760078e-01 2.056213017751479244e-01 8.989531178880291046e-03 0.000000000000000000e+00
1.025000000000000000e+05 4.099992778071637201e-01 1.578288575329995502e-01 6.393946290395994270e-01 1.944697314519799602e-01 8.306781975421027864e-03 0.000000000000000000e+00
1.050000000000000000e+05 4.199992601927042823e-01 1.519116977696859383e-01 6.623805188893946427e-01 1.762630860263996457e-01 9.444697314519799256e-03 0.000000000000000000e+00
1.075000000000000000e+05 4.299992425782448446e-01 1.589667728720983164e-01 6.281292671825216001e-01 2.055075102412380617e-01 7.396449704142011444e-03 0.000000000000000000e+00
1.100000000000000000e+05 4.399992249637856290e-01 1.585116067364588099e-01 5.604233045061447482e-01 2.768548020027309930e-01 4.210286754665453109e-03 0.000000000000000000e+00
1.125000000000000000e+05 4.499992073493259692e-01 1.593081474738279601e-01 5.615612198452435422e-01 2.736686390532544477e-01 5.461993627674101119e-03 0.000000000000000000e+00
1.150000000000000000e+05 4.599991897348665315e-01 1.635184342284934089e-01 5.541647701411015481e-01 2.775375512061902805e-01 4.779244424214838804e-03 0.000000000000000000e+00
1.175000000000000000e+05 4.699991721204073158e-01 1.884387801547564856e-01 5.639508420573509095e-01 2.431725079654073751e-01 4.437869822485207214e-03 0.000000000000000000e+00
1.200000000000000000e+05 4.799991545059478781e-01 1.383705052344105513e-01 6.818388711879835862e-01 1.787664997724169313e-01 1.024123805188893906e-03 0.000000000000000000e+00
1.225000000000000000e+05 4.899991368914884404e-01 1.378015475648611821e-01 6.819526627218934767e-01 1.786527082385070686e-01 1.593081474738279385e-03 0.000000000000000000e+00
1.250000000000000000e+05 4.999991192770287807e-01 1.318843878015475701e-01 6.834319526627219421e-01 1.821802457897132577e-01 2.503413746017296455e-03 0.000000000000000000e+00
1.275000000000000000e+05 5.099991016625695650e-01 1.365498406918525254e-01 6.800182066454255603e-01 1.812699135184342170e-01 2.162039144287664864e-03 0.000000000000000000e+00
1.300000000000000000e+05 5.199990840481103493e-01 1.371187983614019223e-01 6.775147928994083024e-01 1.824078288575330109e-01 2.958579881656804664e-03 0.000000000000000000e+00
1.325000000000000000e+05 5.299990664336506896e-01 1.382567137005006885e-01 6.737596722803823601e-01 1.842284934000910368e-01 3.755120619025944465e-03 0.000000000000000000e+00
1.350000000000000000e+05 5.399990488191910298e-01 1.393946290395994547e-01 6.580564406008192480e-01 1.969731451979972736e-01 5.575785161583977738e-03 0.000000000000000000e+00
1.375000000000000000e+05 5.499990312047318142e-01 1.489531178880291185e-01 5.620163859808829931e-01 2.822030040964952358e-01 6.827492034592626616e-03 0.000000000000000000e+00
1.400000000000000000e+05 5.599990135902723765e-01 1.445152480655439164e-01 5.475648611743286764e-01 3.029130632680928636e-01 5.006827492034592909e-03 0.000000000000000000e+00
1.425000000000000000e+05 5.699989959758129388e-01 1.528220300409649512e-01 5.303823395539372099e-01 3.123577605826126646e-01 4.437869822485207214e-03 0.000000000000000000e+00
1.450000000000000000e+05 5.799989783613535010e-01 1.558944014565316338e-01 5.237824305871643382e-01 3.165680473372781134e-01 3.755120619025944465e-03 0.000000000000000000e+00
1.475000000000000000e+05 5.899989607468942854e-01 1.747837960855712358e-01 4.961310878470641672e-01 3.212335002275830687e-01 7.851615839781519654e-03 0.000000000000000000e+00
1.500000000000000000e+05 5.999989431324346256e-01 1.774010013654984119e-01 4.902139280837505830e-01 3.261265361857078049e-01 6.258534365043240920e-03 0.000000000000000000e+00
1.525000000000000000e+05 6.099989255179754100e-01 2.363450159308147502e-01 4.517523896222120916e-01 2.974510696404187304e-01 1.445152480655439303e-02 0.000000000000000000e+00
1.550000000000000000e+05 6.199989079035157502e-01 1.621529358215748617e-01 5.376649977241693135e-01 2.965407373691397175e-01 3.641329085116067413e-03 0.000000000000000000e+00
1.575000000000000000e+05 6.299988902890565345e-01 1.642011834319526686e-01 5.384615384615384359e-01 2.951752389622211981e-01 2.162039144287664864e-03 0.000000000000000000e+00
1.600000000000000000e+05 6.399988726745968748e-01 1.646563495675921751e-01 5.351615839781520556e-01 2.958579881656804855e-01 4.324078288575329727e-03 0.000000000000000000e+00
1.625000000000000000e+05 6.499988550601376591e-01 1.684114701866181174e-01 5.341374601729631522e-01 2.933545744196631722e-01 4.096495220755575623e-03 0.000000000000000000e+00
1.650000000000000000e+05 6.599988374456779994e-01 1.705735093309057870e-01 5.299271734182976479e-01 2.947200728265816916e-01 4.779244424214838804e-03 0.000000000000000000e+00
1.675000000000000000e+05 6.699988198312187837e-01 1.877560309512972259e-01 5.221893491124259823e-01 2.861857077833409035e-01 3.868912152935821518e-03 0.000000000000000000e+00
1.700000000000000000e+05 6.799988022167593460e-01 2.078971324533454845e-01 5.467683204369594430e-01 2.405553026854801990e-01 4.779244424214838804e-03 0.000000000000000000e+00
1.725000000000000000e+05 6.899987846022999083e-01 1.967455621301775204e-01 5.648611743286299225e-01 2.346381429221665871e-01 3.755120619025944465e-03 0.000000000000000000e+00
1.750000000000000000e+05 6.999987669878404706e-01 1.904870277651342647e-01 6.152708238507055283e-01 1.923076923076923184e-01 1.934456076467910759e-03 0.000000000000000000e+00
1.775000000000000000e+05 7.099987493733810329e-01 1.816112881201638607e-01 6.280154756486117096e-01 1.875284478834774726e-01 2.844788347746927612e-03 0.000000000000000000e+00
1.800000000000000000e+05 7.199987317589218172e-01 1.833181611288120239e-01 6.286982248520710526e-01 1.850250341374601593e-01 2.958579881656804664e-03 0.000000000000000000e+00
1.825000000000000000e+05 7.299987141444623795e-01 1.857077833409194467e-01 6.319981793354574329e-01 1.800182066454255880e-01 2.275830678197541916e-03 0.000000000000000000e+00
1.850000000000000000e+05 7.399986965300027197e-01 1.877560309512972259e-01 6.291533909877105035e-01 1.807009558488848477e-01 2.389622212107419402e-03 0.000000000000000000e+00
1.875000000000000000e+05 7.499986789155435041e-01 1.887801547564861293e-01 6.350705507510241432e-01 1.742148384160218388e-01 1.934456076467910759e-03 0.000000000000000000e+00
1.900000000000000000e+05 7.599986613010842884e-01 1.923076923076923184e-01 6.323395539371871044e-01 1.719390077378243065e-01 3.413746017296313308e-03 0.000000000000000000e+00
1.925000000000000000e+05 7.699986436866246287e-01 1.964041875284478766e-01 6.315430131998179819e-01 1.695493855257168836e-01 2.503413746017296455e-03 0.000000000000000000e+00
1.950000000000000000e+05 7.799986260721649689e-01 1.964041875284478766e-01 6.298361401911697355e-01 1.706873008648156498e-01 3.072371415566681717e-03 0.000000000000000000e+00
1.975000000000000000e+05 7.899986084577057532e-01 2.014110150204824756e-01 6.180018206645425671e-01 1.771734182976786587e-01 3.413746017296313308e-03 0.000000000000000000e+00
2.000000000000000000e+05 7.999985908432465376e-01 2.074419663177059503e-01 6.112881201638598050e-01 1.772872098315885214e-01 3.982703686845699004e-03 0.000000000000000000e+00
2.025000000000000000e+05 8.099985732287868778e-01 1.775147928994082747e-01 6.622667273554847522e-01 1.581702321347291662e-01 2.048247610377787811e-03 0.000000000000000000e+00
2.050000000000000000e+05 8.199985556143274401e-01 1.742148384160218388e-01 6.578288575329995780e-01 1.656804733727810786e-01 2.275830678197541916e-03 0.000000000000000000e+00
2.075000000000000000e+05 8.299985379998680024e-01 1.739872553482020856e-01 6.577150659990896875e-01 1.665908056440600915e-01 1.706873008648156654e-03 0.000000000000000000e+00
2.100000000000000000e+05 8.399985203854087867e-01 1.756941283568502488e-01 6.574874829312699065e-01 1.652253072371415443e-01 1.593081474738279385e-03 0.000000000000000000e+00
2.125000000000000000e+05 8.499985027709493490e-01 1.791078743741465751e-01 6.523668639053253893e-01 1.673873463814292140e-01 1.137915339098770958e-03 0.000000000000000000e+00
2.150000000000000000e+05 8.599984851564896893e-01 1.789940828402366846e-01 6.579426490669094685e-01 1.610150204824760956e-01 2.048247610377787811e-03 0.000000000000000000e+00
2.175000000000000000e+05 8.699984675420304736e-01 1.816112881201638607e-01 6.529358215748748417e-01 1.634046426945835184e-01 2.048247610377787811e-03 0.000000000000000000e+00
2.200000000000000000e+05 8.799984499275710359e-01 1.871870732817478289e-01 6.464497041420118606e-01 1.624943104233045055e-01 3.868912152935821518e-03 0.000000000000000000e+00
2.225000000000000000e+05 8.899984323131115982e-01 2.146108329540282189e-01 6.051433773327264953e-01 1.752389622212107423e-01 5.006827492034592909e-03 0.000000000000000000e+00
2.250000000000000000e+05 8.999984146986519384e-01 2.180245789713245452e-01 6.032089212562585789e-01 1.743286299499317293e-01 4.437869822485207214e-03 0.000000000000000000e+00
2.275000000000000000e+05 9.099983970841927228e-01 2.229176149294492537e-01 5.951297223486572419e-01 1.758079198907601393e-01 6.144742831133363434e-03 0.000000000000000000e+00
2.300000000000000000e+05 9.199983794697335071e-01 2.249658625398270329e-01 5.939918070095584479e-01 1.752389622212107423e-01 5.803368229403732710e-03 0.000000000000000000e+00
2.325000000000000000e+05 9.299983618552738474e-01 2.249658625398270329e-01 5.888711879836140417e-01 1.799044151115156975e-01 6.258534365043240920e-03 0.000000000000000000e+00
2.350000000000000000e+05 9.399983442408144096e-01 2.307692307692307820e-01 5.735093309057806010e-01 1.892353208921256358e-01 6.486117432862995025e-03 0.000000000000000000e+00
2.375000000000000000e+05 9.499983266263549719e-01 2.374829312699135164e-01 5.677059626763768518e-01 1.875284478834774726e-01 7.282658170232134826e-03 0.000000000000000000e+00
2.400000000000000000e+05 9.599983090118957563e-01 2.397587619481110488e-01 5.639508420573509095e-01 1.899180700955848955e-01 6.372325898953117539e-03 0.000000000000000000e+00
2.425000000000000000e+05 9.699982913974360965e-01 2.357760582612653533e-01 5.807919890760127046e-01 1.772872098315885214e-01 6.144742831133363434e-03 0.000000000000000000e+00
2.450000000000000000e+05 9.799982737829766588e-01 2.307692307692307820e-01 5.942193900773782289e-01 1.692080109239872676e-01 5.803368229403732710e-03 0.000000000000000000e+00
2.475000000000000000e+05 9.899982561685174431e-01 2.337278106508875741e-01 6.029813381884387979e-01 1.573736913973600438e-01 5.917159763313609329e-03 0.000000000000000000e+00
2.500000000000000000e+05 9.999982385540580054e-01 2.232589895311788697e-01 6.082157487482930946e-01 1.635184342284934089e-01 5.006827492034592909e-03 0.000000000000000000e+00
