# itime ezz other fcc hcp bcc ico
0.000000000000000000e+00 0.000000000000000000e+00 0.000000000000000000e+00 1.000000000000000000e+00 0.000000000000000000e+00 0.000000000000000000e+00 0.000000000000000000e+00
2.500000000000000000e+02 9.999828367484031588e-04 0.000000000000000000e+00 1.000000000000000000e+00 0.000000000000000000e+00 0.000000000000000000e+00 0.000000000000000000e+00
5.000000000000000000e+02 1.999965673496806318e-03 0.000000000000000000e+00 1.000000000000000000e+00 0.000000000000000000e+00 0.000000000000000000e+00 0.000000000000000000e+00
7.500000000000000000e+02 2.999948510245209476e-03 0.000000000000000000e+00 1.000000000000000000e+00 0.000000000000000000e+00 0.000000000000000000e+00 0.000000000000000000e+00
1.000000000000000000e+03 3.999931346993612635e-03 0.000000000000000000e+00 1.000000000000000000e+00 0.000000000000000000e+00 0.000000000000000000e+00 0.000000000000000000e+00
1.250000000000000000e+03 4.999914183742015794e-03 0.000000000000000000e+00 1.000000000000000000e+00 0.000000000000000000e+00 0.000000000000000000e+00 0.000000000000000000e+00
1.500000000000000000e+03 5.999897020490418953e-03 0.000000000000000000e+00 1.000000000000000000e+00 0.000000000000000000e+00 0.000000000000000000e+00 0.000000000000000000e+00
1.750000000000000000e+03 6.999879857238822112e-03 0.000000000000000000e+00 1.000000000000000000e+00 0.000000000000000000e+00 0.000000000000000000e+00 0.000000000000000000e+00
2.000000000000000000e+03 7.999862693987225271e-03 0.000000000000000000e+00 1.000000000000000000e+00 0.000000000000000000e+00 0.000000000000000000e+00 0.000000000000000000e+00
2.250000000000000000e+03 8.999845530735628429e-03 0.000000000000000000e+00 1.000000000000000000e+00 0.000000000000000000e+00 0.000000000000000000e+00 0.000000000000000000e+00
2.500000000000000000e+03 9.999828367484031588e-03 0.000000000000000000e+00 1.000000000000000000e+00 0.000000000000000000e+00 0.000000000000000000e+00 0.000000000000000000e+00
2.750000000000000000e+03 1.099981120423243475e-02 0.000000000000000000e+00 1.000000000000000000e+00 0.000000000000000000e+00 0.000000000000000000e+00 0.000000000000000000e+00
3.000000000000000000e+03 1.199979404098083791e-02 0.000000000000000000e+00 1.000000000000000000e+00 0.000000000000000000e+00 0.000000000000000000e+00 0.000000000000000000e+00
3.250000000000000000e+03 1.299977687772924106e-02 0.000000000000000000e+00 1.000000000000000000e+00 0.000000000000000000e+00 0.000000000000000000e+00 0.000000000000000000e+00
3.500000000000000000e+03 1.399975971447764422e-02 0.000000000000000000e+00 1.000000000000000000e+00 0.000000000000000000e+00 0.000000000000000000e+00 0.000000000000000000e+00
3.750000000000000000e+03 1.499974255122604738e-02 0.000000000000000000e+00 1.000000000000000000e+00 0.000000000000000000e+00 0.000000000000000000e+00 0.000000000000000000e+00
4.000000000000000000e+03 1.599972538797445054e-02 0.000000000000000000e+00 1.000000000000000000e+00 0.000000000000000000e+00 0.000000000000000000e+00 0.000000000000000000e+00
4.250000000000000000e+03 1.699970822472285370e-02 0.000000000000000000e+00 1.000000000000000000e+00 0.000000000000000000e+00 0.000000000000000000e+00 0.000000000000000000e+00
4.500000000000000000e+03 1.799969106147125686e-02 0.000000000000000000e+00 1.000000000000000000e+00 0.000000000000000000e+00 0.000000000000000000e+00 0.000000000000000000e+00
4.750000000000000000e+03 1.899967389821966002e-02 0.000000000000000000e+00 1.000000000000000000e+00 0.000000000000000000e+00 0.000000000000000000e+00 0.000000000000000000e+00
5.000000000000000000e+03 1.999965673496806318e-02 0.000000000000000000e+00 1.000000000000000000e+00 0.000000000000000000e+00 0.000000000000000000e+00 0.000000000000000000e+00
5.250000000000000000e+03 2.099963957171646634e-02 0.000000000000000000e+00 1.000000000000000000e+00 0.000000000000000000e+00 0.000000000000000000e+00 0.000000000000000000e+00
5.500000000000000000e+03 2.199962240846486949e-02 0.000000000000000000e+00 1.000000000000000000e+00 0.000000000000000000e+00 0.000000000000000000e+00 0.000000000000000000e+00
5.750000000000000000e+03 2.299960524521327265e-02 0.000000000000000000e+00 1.000000000000000000e+00 0.000000000000000000e+00 0.000000000000000000e+00 0.000000000000000000e+00
6.000000000000000000e+03 2.399958808196167581e-02 0.000000000000000000e+00 1.000000000000000000e+00 0.000000000000000000e+00 0.000000000000000000e+00 0.000000000000000000e+00
6.250000000000000000e+03 2.499957091871007897e-02 0.000000000000000000e+00 1.000000000000000000e+00 0.000000000000000000e+00 0.000000000000000000e+00 0.000000000000000000e+00
6.500000000000000000e+03 2.599955375545848213e-02 0.000000000000000000e+00 1.000000000000000000e+00 0.000000000000000000e+00 0.000000000000000000e+00 0.000000000000000000e+00
6.750000000000000000e+03 2.699953659220688529e-02 0.000000000000000000e+00 1.000000000000000000e+00 0.000000000000000000e+00 0.000000000000000000e+00 0.000000000000000000e+00
7.000000000000000000e+03 2.799951942895528845e-02 0.000000000000000000e+00 1.000000000000000000e+00 0.000000000000000000e+00 0.000000000000000000e+00 0.000000000000000000e+00
7.250000000000000000e+03 2.899950226570369161e-02 0.000000000000000000e+00 1.000000000000000000e+00 0.000000000000000000e+00 0.000000000000000000e+00 0.000000000000000000e+00
7.500000000000000000e+03 2.999948510245187272e-02 0.000000000000000000e+00 1.000000000000000000e+00 0.000000000000000000e+00 0.000000000000000000e+00 0.000000000000000000e+00
7.750000000000000000e+03 3.099946793920027588e-02 0.000000000000000000e+00 1.000000000000000000e+00 0.000000000000000000e+00 0.000000000000000000e+00 0.000000000000000000e+00
8.000000000000000000e+03 3.199945077594867904e-02 0.000000000000000000e+00 1.000000000000000000e+00 0.000000000000000000e+00 0.000000000000000000e+00 0.000000000000000000e+00
8.250000000000000000e+03 3.299943361269708220e-02 0.000000000000000000e+00 1.000000000000000000e+00 0.000000000000000000e+00 0.000000000000000000e+00 0.000000000000000000e+00
8.500000000000000000e+03 3.399941644944548536e-02 0.000000000000000000e+00 1.000000000000000000e+00 0.000000000000000000e+00 0.000000000000000000e+00 0.000000000000000000e+00
8.750000000000000000e+03 3.499939928619388851e-02 0.000000000000000000e+00 1.000000000000000000e+00 0.000000000000000000e+00 0.000000000000000000e+00 0.000000000000000000e+00
9.000000000000000000e+03 3.599938212294229167e-02 0.000000000000000000e+00 1.000000000000000000e+00 0.000000000000000000e+00 0.000000000000000000e+00 0.000000000000000000e+00
9.250000000000000000e+03 3.699936495969069483e-02 0.000000000000000000e+00 1.000000000000000000e+00 0.000000000000000000e+00 0.000000000000000000e+00 0.000000000000000000e+00
9.500000000000000000e+03 3.799934779643909799e-02 0.000000000000000000e+00 1.000000000000000000e+00 0.000000000000000000e+00 0.000000000000000000e+00 0.000000000000000000e+00
9.750000000000000000e+03 3.899933063318750115e-02 0.000000000000000000e+00 1.000000000000000000e+00 0.000000000000000000e+00 0.000000000000000000e+00 0.000000000000000000e+00
1.000000000000000000e+04 3.999931346993590431e-02 0.000000000000000000e+00 1.000000000000000000e+00 0.000000000000000000e+00 0.000000000000000000e+00 0.000000000000000000e+00
1.025000000000000000e+04 4.099929630668430747e-02 0.000000000000000000e+00 1.000000000000000000e+00 0.000000000000000000e+00 0.000000000000000000e+00 0.000000000000000000e+00
1.050000000000000000e+04 4.199927914343271063e-02 0.000000000000000000e+00 1.000000000000000000e+00 0.000000000000000000e+00 0.000000000000000000e+00 0.000000000000000000e+00
1.075000000000000000e+04 4.299926198018111378e-02 0.000000000000000000e+00 1.000000000000000000e+00 0.000000000000000000e+00 0.000000000000000000e+00 0.000000000000000000e+00
1.100000000000000000e+04 4.399924481692951694e-02 0.000000000000000000e+00 1.000000000000000000e+00 0.000000000000000000e+00 0.000000000000000000e+00 0.000000000000000000e+00
1.125000000000000000e+04 4.499922765367792010e-02 0.000000000000000000e+00 1.000000000000000000e+00 0.000000000000000000e+00 0.000000000000000000e+00 0.000000000000000000e+00
1.150000000000000000e+04 4.599921049042632326e-02 0.000000000000000000e+00 1.000000000000000000e+00 0.000000000000000000e+00 0.000000000000000000e+00 0.000000000000000000e+00
1.175000000000000000e+04 4.699919332717472642e-02 0.000000000000000000e+00 1.000000000000000000e+00 0.000000000000000000e+00 0.000000000000000000e+00 0.000000000000000000e+00
1.200000000000000000e+04 4.799917616392312958e-02 0.000000000000000000e+00 1.000000000000000000e+00 0.000000000000000000e+00 0.000000000000000000e+00 0.000000000000000000e+00
1.225000000000000000e+04 4.899915900067153274e-02 0.000000000000000000e+00 1.000000000000000000e+00 0.000000000000000000e+00 0.000000000000000000e+00 0.000000000000000000e+00
1.250000000000000000e+04 4.999914183741993590e-02 0.000000000000000000e+00 1.000000000000000000e+00 0.000000000000000000e+00 0.000000000000000000e+00 0.000000000000000000e+00
1.275000000000000000e+04 5.099912467416833906e-02 0.000000000000000000e+00 1.000000000000000000e+00 0.000000000000000000e+00 0.000000000000000000e+00 0.000000000000000000e+00
1.300000000000000000e+04 5.199910751091674221e-02 0.000000000000000000e+00 1.000000000000000000e+00 0.000000000000000000e+00 0.000000000000000000e+00 0.000000000000000000e+00
1.325000000000000000e+04 5.299909034766514537e-02 0.000000000000000000e+00 1.000000000000000000e+00 0.000000000000000000e+00 0.000000000000000000e+00 0.000000000000000000e+00
1.350000000000000000e+04 5.399907318441354853e-02 0.000000000000000000e+00 1.000000000000000000e+00 0.000000000000000000e+00 0.000000000000000000e+00 0.000000000000000000e+00
1.375000000000000000e+04 5.499905602116195169e-02 0.000000000000000000e+00 1.000000000000000000e+00 0.000000000000000000e+00 0.000000000000000000e+00 0.000000000000000000e+00
1.400000000000000000e+04 5.599903885791035485e-02 0.000000000000000000e+00 1.000000000000000000e+00 0.000000000000000000e+00 0.000000000000000000e+00 0.000000000000000000e+00
1.425000000000000000e+04 5.699902169465875801e-02 0.000000000000000000e+00 1.000000000000000000e+00 0.000000000000000000e+00 0.000000000000000000e+00 0.000000000000000000e+00
1.450000000000000000e+04 5.799900453140716117e-02 0.000000000000000000e+00 1.000000000000000000e+00 0.000000000000000000e+00 0.000000000000000000e+00 0.000000000000000000e+00
1.475000000000000000e+04 5.899898736815556433e-02 0.000000000000000000e+00 1.000000000000000000e+00 0.000000000000000000e+00 0.000000000000000000e+00 0.000000000000000000e+00
1.500000000000000000e+04 5.999897020490396748e-02 0.000000000000000000e+00 1.000000000000000000e+00 0.000000000000000000e+00 0.000000000000000000e+00 0.000000000000000000e+00
1.525000000000000000e+04 6.099895304165237064e-02 3.413746017296313199e-04 9.996586253982703285e-01 0.000000000000000000e+00 0.000000000000000000e+00 0.000000000000000000e+00
1.550000000000000000e+04 6.199893587840077380e-02 0.000000000000000000e+00 1.000000000000000000e+00 0.000000000000000000e+00 0.000000000000000000e+00 0.000000000000000000e+00
1.575000000000000000e+04 6.299891871514917696e-02 0.000000000000000000e+00 1.000000000000000000e+00 0.000000000000000000e+00 0.000000000000000000e+00 0.000000000000000000e+00
1.600000000000000000e+04 6.399890155189758012e-02 0.000000000000000000e+00 1.000000000000000000e+00 0.000000000000000000e+00 0.000000000000000000e+00 0.000000000000000000e+00
1.625000000000000000e+04 6.499888438864598328e-02 1.137915339098771066e-04 9.998862084660901095e-01 0.000000000000000000e+00 0.000000000000000000e+00 0.000000000000000000e+00
1.650000000000000000e+04 6.599886722539438644e-02 0.000000000000000000e+00 1.000000000000000000e+00 0.000000000000000000e+00 0.000000000000000000e+00 0.000000000000000000e+00
1.675000000000000000e+04 6.699885006214278960e-02 7.965407373691396923e-04 9.992034592626308775e-01 0.000000000000000000e+00 0.000000000000000000e+00 0.000000000000000000e+00
1.700000000000000000e+04 6.799883289889119276e-02 0.000000000000000000e+00 1.000000000000000000e+00 0.000000000000000000e+00 0.000000000000000000e+00 0.000000000000000000e+00
1.725000000000000000e+04 6.899881573563959591e-02 2.275830678197542133e-04 9.997724169321802190e-01 0.000000000000000000e+00 0.000000000000000000e+00 0.000000000000000000e+00
1.750000000000000000e+04 6.999879857238799907e-02 0.000000000000000000e+00 1.000000000000000000e+00 0.000000000000000000e+00 0.000000000000000000e+00 0.000000000000000000e+00
1.775000000000000000e+04 7.099878140913640223e-02 0.000000000000000000e+00 1.000000000000000000e+00 0.000000000000000000e+00 0.000000000000000000e+00 0.000000000000000000e+00
1.800000000000000000e+04 7.199876424588480539e-02 0.000000000000000000e+00 1.000000000000000000e+00 0.000000000000000000e+00 0.000000000000000000e+00 0.000000000000000000e+00
1.825000000000000000e+04 7.299874708263320855e-02 3.413746017296313199e-04 9.995448338643604380e-01 0.000000000000000000e+00 1.137915339098771066e-04 0.000000000000000000e+00
1.850000000000000000e+04 7.399872991938161171e-02 0.000000000000000000e+00 1.000000000000000000e+00 0.000000000000000000e+00 0.000000000000000000e+00 0.000000000000000000e+00
1.875000000000000000e+04 7.499871275613001487e-02 4.551661356395084266e-04 9.995448338643604380e-01 0.000000000000000000e+00 0.000000000000000000e+00 0.000000000000000000e+00
1.900000000000000000e+04 7.599869559287841803e-02 2.275830678197542133e-04 9.997724169321802190e-01 0.000000000000000000e+00 0.000000000000000000e+00 0.000000000000000000e+00
1.925000000000000000e+04 7.699867842962682118e-02 0.000000000000000000e+00 1.000000000000000000e+00 0.000000000000000000e+00 0.000000000000000000e+00 0.000000000000000000e+00
1.950000000000000000e+04 7.799866126637522434e-02 2.275830678197542133e-04 9.997724169321802190e-01 0.000000000000000000e+00 0.000000000000000000e+00 0.000000000000000000e+00
1.975000000000000000e+04 7.899864410312362750e-02 0.000000000000000000e+00 1.000000000000000000e+00 0.000000000000000000e+00 0.000000000000000000e+00 0.000000000000000000e+00
2.000000000000000000e+04 7.999862693987203066e-02 1.137915339098771066e-04 9.998862084660901095e-01 0.000000000000000000e+00 0.000000000000000000e+00 0.000000000000000000e+00
2.025000000000000000e+04 8.099860977662043382e-02 1.024123805188893906e-03 9.989758761948110966e-01 0.000000000000000000e+00 0.000000000000000000e+00 0.000000000000000000e+00
2.050000000000000000e+04 8.199859261336883698e-02 6.827492034592626399e-04 9.993172507965407680e-01 0.000000000000000000e+00 0.000000000000000000e+00 0.000000000000000000e+00
2.075000000000000000e+04 8.299857545011724014e-02 0.000000000000000000e+00 1.000000000000000000e+00 0.000000000000000000e+00 0.000000000000000000e+00 0.000000000000000000e+00
2.100000000000000000e+04 8.399855828686564330e-02 0.000000000000000000e+00 1.000000000000000000e+00 0.000000000000000000e+00 0.000000000000000000e+00 0.000000000000000000e+00
2.125000000000000000e+04 8.499854112361404646e-02 4.551661356395084266e-04 9.995448338643604380e-01 0.000000000000000000e+00 0.000000000000000000e+00 0.000000000000000000e+00
2.150000000000000000e+04 8.599852396036244961e-02 1.251706873008648227e-03 9.987482931269913156e-01 0.000000000000000000e+00 0.000000000000000000e+00 0.000000000000000000e+00
2.175000000000000000e+04 8.699850679711085277e-02 7.965407373691396923e-04 9.992034592626308775e-01 0.000000000000000000e+00 0.000000000000000000e+00 0.000000000000000000e+00
2.200000000000000000e+04 8.799848963385925593e-02 1.137915339098770958e-03 9.987482931269913156e-01 0.000000000000000000e+00 1.137915339098771066e-04 0.000000000000000000e+00
2.225000000000000000e+04 8.899847247060765909e-02 1.024123805188893906e-03 9.989758761948110966e-01 0.000000000000000000e+00 0.000000000000000000e+00 0.000000000000000000e+00
2.250000000000000000e+04 8.999845530735584020e-02 5.689576695493854790e-04 9.994310423304506585e-01 0.000000000000000000e+00 0.000000000000000000e+00 0.000000000000000000e+00
2.275000000000000000e+04 9.099843814410424336e-02 3.299954483386436255e-03 9.965862539827037292e-01 0.000000000000000000e+00 1.137915339098771066e-04 0.000000000000000000e+00
2.300000000000000000e+04 9.199842098085264652e-02 5.689576695493854790e-04 9.994310423304506585e-01 0.000000000000000000e+00 0.000000000000000000e+00 0.000000000000000000e+00
2.325000000000000000e+04 9.299840381760104968e-02 3.413746017296313308e-03 9.964724624487938387e-01 0.000000000000000000e+00 1.137915339098771066e-04 0.000000000000000000e+00
2.350000000000000000e+04 9.399838665434945284e-02 6.827492034592626399e-04 9.993172507965407680e-01 0.000000000000000000e+00 0.000000000000000000e+00 0.000000000000000000e+00
2.375000000000000000e+04 9.499836949109785600e-02 1.479289940828402332e-03 9.985207100591716456e-01 0.000000000000000000e+00 0.000000000000000000e+00 0.000000000000000000e+00
2.400000000000000000e+04 9.599835232784625916e-02 3.413746017296313199e-04 9.996586253982703285e-01 0.000000000000000000e+00 0.000000000000000000e+00 0.000000000000000000e+00
2.425000000000000000e+04 9.699833516459466232e-02 2.275830678197541916e-03 9.973827947200728516e-01 0.000000000000000000e+00 3.413746017296313199e-04 0.000000000000000000e+00
2.450000000000000000e+04 9.799831800134306548e-02 1.934456076467910759e-03 9.979517523896221931e-01 0.000000000000000000e+00 1.137915339098771066e-04 0.000000000000000000e+00
2.475000000000000000e+04 9.899830083809146863e-02 1.137915339098770958e-03 9.988620846609012061e-01 0.000000000000000000e+00 0.000000000000000000e+00 0.000000000000000000e+00
2.500000000000000000e+04 9.999828367483987179e-02 5.006827492034592909e-03 9.948793809740554828e-01 0.000000000000000000e+00 1.137915339098771066e-04 0.000000000000000000e+00
2.525000000000000000e+04 1.009982665115882750e-01 2.048247610377787811e-03 9.978379608557123026e-01 0.000000000000000000e+00 1.137915339098771066e-04 0.000000000000000000e+00
2.550000000000000000e+04 1.019982493483366781e-01 1.706873008648156654e-03 9.981793354574419741e-01 0.000000000000000000e+00 1.137915339098771066e-04 0.000000000000000000e+00
2.575000000000000000e+04 1.029982321850850813e-01 1.137915339098770958e-03 9.986345015930814251e-01 0.000000000000000000e+00 2.275830678197542133e-04 0.000000000000000000e+00
2.600000000000000000e+04 1.039982150218334844e-01 3.868912152935821518e-03 9.961310878470641672e-01 0.000000000000000000e+00 0.000000000000000000e+00 0.000000000000000000e+00
2.625000000000000000e+04 1.049981978585818876e-01 5.120619025944469528e-03 9.943104233045061413e-01 0.000000000000000000e+00 5.689576695493854790e-04 0.000000000000000000e+00
2.650000000000000000e+04 1.059981806953302907e-01 6.827492034592626616e-03 9.923759672280382249e-01 0.000000000000000000e+00 7.965407373691396923e-04 0.000000000000000000e+00
2.675000000000000000e+04 1.069981635320786939e-01 8.079198907601274626e-03 9.913518434228493215e-01 0.000000000000000000e+00 5.689576695493854790e-04 0.000000000000000000e+00
2.700000000000000000e+04 1.079981463688270971e-01 5.006827492034592909e-03 9.944242148384160318e-01 0.000000000000000000e+00 5.689576695493854790e-04 0.000000000000000000e+00
2.725000000000000000e+04 1.089981292055755002e-01 1.706873008648156567e-02 9.803140646335912756e-01 0.000000000000000000e+00 2.617205279927173507e-03 0.000000000000000000e+00
2.750000000000000000e+04 1.099981120423239034e-01 4.460628129267182190e-02 9.024806554392352798e-01 0.000000000000000000e+00 5.291306326809285671e-02 0.000000000000000000e+00
2.775000000000000000e+04 1.109980948790723065e-01 1.890077378243058825e-01 3.344333181611288119e-01 3.777878925807919702e-02 4.387801547564861293e-01 0.000000000000000000e+00
2.800000000000000000e+04 1.119980777158207097e-01 1.694355939918070209e-01 5.584888484296768318e-01 2.464724624487938109e-01 2.560309512972235024e-02 0.000000000000000000e+00
2.825000000000000000e+04 1.129980605525691129e-01 1.151570323167956239e-01 6.725079654073736757e-01 2.007282658170232159e-01 1.160673645880746542e-02 0.000000000000000000e+00
2.850000000000000000e+04 1.139980433893175160e-01 6.292671825216203385e-02 7.473827947200728516e-01 1.822940373236231204e-01 7.396449704142011444e-03 0.000000000000000000e+00
2.875000000000000000e+04 1.149980262260659192e-01 5.712335002275830548e-02 7.550068274920346267e-01 1.807009558488848477e-01 7.168866636322257339e-03 0.000000000000000000e+00
2.900000000000000000e+04 1.159980090628143223e-01 4.312699135184342586e-02 7.891442876649977789e-01 1.643149749658625314e-01 3.413746017296313308e-03 0.000000000000000000e+00
2.925000000000000000e+04 1.169979918995627255e-01 3.948566226672735324e-02 8.088302230314065033e-01 1.513427401001365413e-01 3.413746017296313199e-04 0.000000000000000000e+00
2.950000000000000000e+04 1.179979747363111287e-01 3.846153846153846367e-02 8.051888939462903405e-01 1.558944014565316338e-01 4.551661356395084266e-04 0.000000000000000000e+00
2.975000000000000000e+04 1.189979575730595318e-01 4.039599453800637313e-02 8.023441055985435222e-01 1.565771506599908935e-01 6.827492034592626399e-04 0.000000000000000000e+00
3.000000000000000000e+04 1.199979404098079350e-01 3.732362312243969055e-02 8.045061447428311086e-01 1.576012744651797970e-01 5.689576695493854790e-04 0.000000000000000000e+00
3.025000000000000000e+04 1.209979232465563381e-01 3.720983158852981393e-02 8.045061447428311086e-01 1.572598998634501533e-01 1.024123805188893906e-03 0.000000000000000000e+00
3.050000000000000000e+04 1.219979060833047413e-01 3.903049613108784677e-02 8.027992717341829731e-01 1.581702321347291662e-01 0.000000000000000000e+00 0.000000000000000000e+00
3.075000000000000000e+04 1.229978889200531444e-01 3.755120619025944378e-02 8.046199362767409990e-01 1.574874829312699065e-01 3.413746017296313199e-04 0.000000000000000000e+00
3.100000000000000000e+04 1.239978717568015476e-01 4.028220300409649651e-02 8.013199817933546187e-01 1.582840236686390567e-01 1.137915339098771066e-04 0.000000000000000000e+00
3.125000000000000000e+04 1.249978545935499508e-01 3.925807919890760000e-02 8.009786071916249472e-01 1.591943559399180697e-01 5.689576695493854790e-04 0.000000000000000000e+00
3.150000000000000000e+04 1.259978374302983539e-01 4.073736913973600299e-02 7.982476103777879084e-01 1.606736458807464796e-01 3.413746017296313199e-04 0.000000000000000000e+00
3.175000000000000000e+04 1.269978202670467571e-01 4.005461993627674328e-02 7.982476103777879084e-01 1.611288120163859861e-01 5.689576695493854790e-04 0.000000000000000000e+00
3.200000000000000000e+04 1.279978031037951602e-01 4.130632680928538608e-02 7.996131087847063723e-01 1.589667728720983164e-01 1.137915339098771066e-04 0.000000000000000000e+00
3.225000000000000000e+04 1.289977859405435634e-01 4.324078288575330248e-02 7.961993627674101015e-01 1.602184797451069731e-01 3.413746017296313199e-04 0.000000000000000000e+00
3.250000000000000000e+04 1.299977687772919666e-01 4.335457441966317910e-02 7.951752389622211981e-01 1.609012289485662328e-01 5.689576695493854790e-04 0.000000000000000000e+00
3.275000000000000000e+04 1.309977516140403697e-01 4.403732362312243881e-02 7.927856167501138307e-01 1.626081019572143960e-01 5.689576695493854790e-04 0.000000000000000000e+00
3.300000000000000000e+04 1.319977344507887729e-01 4.233045061447428259e-02 7.931269913518433912e-01 1.637460172963131622e-01 7.965407373691396923e-04 0.000000000000000000e+00
3.325000000000000000e+04 1.329977172875371760e-01 4.563040509786071841e-02 7.888029130632681074e-01 1.646563495675921751e-01 9.103322712790168532e-04 0.000000000000000000e+00
3.350000000000000000e+04 1.339977001242855792e-01 4.472007282658170546e-02 7.881201638598088755e-01 1.667045971779699542e-01 4.551661356395084266e-04 0.000000000000000000e+00
3.375000000000000000e+04 1.349976829610339824e-01 4.642694583522986168e-02 7.866408739189804100e-01 1.664770141101502010e-01 4.551661356395084266e-04 0.000000000000000000e+00
3.400000000000000000e+04 1.359976657977823855e-01 4.870277651342740100e-02 7.809512972234865513e-01 1.702321347291761433e-01 1.137915339098771066e-04 0.000000000000000000e+00
3.425000000000000000e+04 1.369976486345307887e-01 4.995448338643605074e-02 7.770823850705507185e-01 1.722803823395539502e-01 6.827492034592626399e-04 0.000000000000000000e+00
3.450000000000000000e+04 1.379976314712791918e-01 5.257168866636321991e-02 7.699135184342285054e-01 1.755803368229403860e-01 1.934456076467910759e-03 0.000000000000000000e+00
3.475000000000000000e+04 1.389976143080275950e-01 5.211652253072371344e-02 7.712790168411469693e-01 1.753527537551206328e-01 1.251706873008648227e-03 0.000000000000000000e+00
3.500000000000000000e+04 1.399975971447759981e-01 5.257168866636321991e-02 7.686618115612198210e-01 1.770596267637687682e-01 1.706873008648156654e-03 0.000000000000000000e+00
3.525000000000000000e+04 1.409975799815244013e-01 5.177514792899408358e-02 7.703686845698679564e-01 1.763768775603095085e-01 1.479289940828402332e-03 0.000000000000000000e+00
3.550000000000000000e+04 1.419975628182728045e-01 5.154756486117433034e-02 7.701411015020482864e-01 1.771734182976786587e-01 1.137915339098770958e-03 0.000000000000000000e+00
3.575000000000000000e+04 1.429975456550212076e-01 5.348202093764223980e-02 7.688893946290396020e-01 1.761492944924897552e-01 1.479289940828402332e-03 0.000000000000000000e+00
3.600000000000000000e+04 1.439975284917696108e-01 5.450614474283113631e-02 7.662721893491124536e-01 1.775147928994082747e-01 1.706873008648156654e-03 0.000000000000000000e+00
3.625000000000000000e+04 1.449975113285180139e-01 5.439235320892125969e-02 7.670687300864815761e-01 1.771734182976786587e-01 1.365498406918525280e-03 0.000000000000000000e+00
3.650000000000000000e+04 1.459974941652664171e-01 5.268548020027309653e-02 7.678652708238506985e-01 1.775147928994082747e-01 1.934456076467910759e-03 0.000000000000000000e+00
3.675000000000000000e+04 1.469974770020148203e-01 5.234410559854346667e-02 7.687756030951297115e-01 1.780837505689576716e-01 7.965407373691396923e-04 0.000000000000000000e+00
3.700000000000000000e+04 1.479974598387632234e-01 5.803368229403732537e-02 7.571688666363222131e-01 1.811561219845243542e-01 3.641329085116067413e-03 0.000000000000000000e+00
3.725000000000000000e+04 1.489974426755114045e-01 7.419208010923987462e-02 7.185935366408738867e-01 2.030040964952207483e-01 4.210286754665453109e-03 0.000000000000000000e+00
3.750000000000000000e+04 1.499974255122598077e-01 7.760582612653618706e-02 7.069868001820664993e-01 2.106281292671825234e-01 4.779244424214838804e-03 0.000000000000000000e+00
3.775000000000000000e+04 1.509974083490082108e-01 8.056440600819299303e-02 7.047109695038689114e-01 2.109695038689121394e-01 3.755120619025944465e-03 0.000000000000000000e+00
3.800000000000000000e+04 1.519973911857566140e-01 7.885753299954482987e-02 7.064178425125170468e-01 2.093764223941738667e-01 5.348202093764223633e-03 0.000000000000000000e+00
3.825000000000000000e+04 1.529973740225050172e-01 8.056440600819299303e-02 7.035730541647701175e-01 2.105143377332726329e-01 5.348202093764223633e-03 0.000000000000000000e+00
3.850000000000000000e+04 1.539973568592534203e-01 8.375056895766955223e-02 7.006144742831132977e-01 2.114246700045516736e-01 4.210286754665453109e-03 0.000000000000000000e+00
3.875000000000000000e+04 1.549973396960018235e-01 8.272644515248064878e-02 7.008420573509330787e-01 2.106281292671825234e-01 5.803368229403732710e-03 0.000000000000000000e+00
3.900000000000000000e+04 1.559973225327502266e-01 8.079198907601274626e-02 7.032316795630405570e-01 2.102867546654528796e-01 5.689576695493855224e-03 0.000000000000000000e+00
3.925000000000000000e+04 1.569973053694986298e-01 7.919890760127445972e-02 7.032316795630405570e-01 2.124487938097405493e-01 5.120619025944469528e-03 0.000000000000000000e+00
3.950000000000000000e+04 1.579972882062470330e-01 8.466090122894856518e-02 6.992489758761948337e-01 2.113108784706417831e-01 4.779244424214838804e-03 0.000000000000000000e+00
3.975000000000000000e+04 1.589972710429954361e-01 8.579881656804733137e-02 6.982248520710059303e-01 2.109695038689121394e-01 5.006827492034592909e-03 0.000000000000000000e+00
4.000000000000000000e+04 1.599972538797438393e-01 8.636777423759672834e-02 6.975421028675466983e-01 2.113108784706417831e-01 4.779244424214838804e-03 0.000000000000000000e+00
4.025000000000000000e+04 1.609972367164922424e-01 8.887118798361401395e-02 6.969731451979972459e-01 2.088074647246244975e-01 5.348202093764223633e-03 0.000000000000000000e+00
4.050000000000000000e+04 1.619972195532406456e-01 9.365043240782885969e-02 6.954938552571688914e-01 2.059626763768775681e-01 4.893035958124715423e-03 0.000000000000000000e+00
4.075000000000000000e+04 1.629972023899890488e-01 9.786071916249430847e-02 6.895766954938552518e-01 2.084660901228948537e-01 4.096495220755575623e-03 0.000000000000000000e+00
4.100000000000000000e+04 1.639971852267374519e-01 9.569868001820663883e-02 6.886663632225762388e-01 2.118798361401911801e-01 3.755120619025944465e-03 0.000000000000000000e+00
4.125000000000000000e+04 1.649971680634858551e-01 9.103322712790168358e-02 6.892353208921255803e-01 2.168866636322257513e-01 2.844788347746927612e-03 0.000000000000000000e+00
4.150000000000000000e+04 1.659971509002342582e-01 9.137460172963131344e-02 6.870732817478379939e-01 2.197314519799726806e-01 1.820664542558033706e-03 0.000000000000000000e+00
4.175000000000000000e+04 1.669971337369826614e-01 8.682294037323623481e-02 6.929904415111515226e-01 2.187073281747838049e-01 1.479289940828402332e-03 0.000000000000000000e+00
4.200000000000000000e+04 1.679971165737310645e-01 9.194355939918069653e-02 6.861629494765589810e-01 2.204142011834319403e-01 1.479289940828402332e-03 0.000000000000000000e+00
4.225000000000000000e+04 1.689970994104794677e-01 9.956759217114247162e-02 6.737596722803823601e-01 2.248520710059171701e-01 1.820664542558033706e-03 0.000000000000000000e+00
4.250000000000000000e+04 1.699970822472278709e-01 1.025261720527992776e-01 6.636322257624033272e-01 2.324761037778789174e-01 1.365498406918525280e-03 0.000000000000000000e+00
4.275000000000000000e+04 1.709970650839762740e-01 1.041192535275375503e-01 6.646563495675921196e-01 2.291761492944924816e-01 2.048247610377787811e-03 0.000000000000000000e+00
4.300000000000000000e+04 1.719970479207246772e-01 1.035502958579881672e-01 6.665908056440600360e-01 2.288347746927628656e-01 1.024123805188893906e-03 0.000000000000000000e+00
4.325000000000000000e+04 1.729970307574730803e-01 1.040054619936276736e-01 6.630632680928538747e-01 2.312243969048702885e-01 1.706873008648156654e-03 0.000000000000000000e+00
4.350000000000000000e+04 1.739970135942214835e-01 1.040054619936276736e-01 6.637460172963131066e-01 2.315657715065999045e-01 6.827492034592626399e-04 0.000000000000000000e+00
4.375000000000000000e+04 1.749969964309698867e-01 1.067364588074647264e-01 6.632908511606736557e-01 2.283796085571233592e-01 1.593081474738279385e-03 0.000000000000000000e+00
4.400000000000000000e+04 1.759969792677182898e-01 1.054847519344560697e-01 6.638598088302229971e-01 2.297451069640418786e-01 9.103322712790168532e-04 0.000000000000000000e+00
4.425000000000000000e+04 1.769969621044666930e-01 1.027537551206190308e-01 6.622667273554847522e-01 2.333864360491579304e-01 1.593081474738279385e-03 0.000000000000000000e+00
4.450000000000000000e+04 1.779969449412150961e-01 1.062812926718252199e-01 6.595357305416477134e-01 2.328174783796085612e-01 1.365498406918525280e-03 0.000000000000000000e+00
4.475000000000000000e+04 1.789969277779634993e-01 1.054847519344560697e-01 6.610150204824760678e-01 2.309968138370505353e-01 2.503413746017296455e-03 0.000000000000000000e+00
4.500000000000000000e+04 1.799969106147119025e-01 1.075329995448338627e-01 6.593081474738279324e-01 2.316795630405097950e-01 1.479289940828402332e-03 0.000000000000000000e+00
4.525000000000000000e+04 1.809968934514603056e-01 1.076467910787437393e-01 6.639736003641328876e-01 2.259899863450159363e-01 2.389622212107419402e-03 0.000000000000000000e+00
4.550000000000000000e+04 1.819968762882087088e-01 1.083295402822029990e-01 6.603322712790168358e-01 2.290623577605826189e-01 2.275830678197541916e-03 0.000000000000000000e+00
4.575000000000000000e+04 1.829968591249571119e-01 1.117432862994993115e-01 6.570323167956304555e-01 2.291761492944924816e-01 2.048247610377787811e-03 0.000000000000000000e+00
4.600000000000000000e+04 1.839968419617055151e-01 1.098088302230314089e-01 6.562357760582612221e-01 2.322485207100591642e-01 1.706873008648156654e-03 0.000000000000000000e+00
4.625000000000000000e+04 1.849968247984539182e-01 1.112881201638598050e-01 6.557806099226217711e-01 2.308830223031406448e-01 2.048247610377787811e-03 0.000000000000000000e+00
4.650000000000000000e+04 1.859968076352023214e-01 1.102639963586709154e-01 6.508875739644970349e-01 2.372553482020937632e-01 1.593081474738279385e-03 0.000000000000000000e+00
4.675000000000000000e+04 1.869967904719507246e-01 1.149294492489758707e-01 6.465634956759217511e-01 2.365725989986345035e-01 1.934456076467910759e-03 0.000000000000000000e+00
4.700000000000000000e+04 1.879967733086991277e-01 1.150432407828857473e-01 6.479289940828402150e-01 2.349795175238962308e-01 2.048247610377787811e-03 0.000000000000000000e+00
4.725000000000000000e+04 1.889967561454475309e-01 1.132225762403277214e-01 6.441738734638142727e-01 2.401001365498406925e-01 2.503413746017296455e-03 0.000000000000000000e+00
4.750000000000000000e+04 1.899967389821959340e-01 1.104915794264906687e-01 6.472462448793809831e-01 2.385070550751024199e-01 3.755120619025944465e-03 0.000000000000000000e+00
4.775000000000000000e+04 1.909967218189443372e-01 1.135639508420573512e-01 6.420118343195265753e-01 2.413518434228493492e-01 3.072371415566681717e-03 0.000000000000000000e+00
4.800000000000000000e+04 1.919967046556927404e-01 1.152708238507055144e-01 6.415566681838871244e-01 2.399863450159308020e-01 3.186162949476558769e-03 0.000000000000000000e+00
4.825000000000000000e+04 1.929966874924411435e-01 1.190259444697314567e-01 6.360946745562130467e-01 2.426035502958579781e-01 2.275830678197541916e-03 0.000000000000000000e+00
4.850000000000000000e+04 1.939966703291895467e-01 1.243741465634956717e-01 6.362084660901229372e-01 2.353208921256258468e-01 4.096495220755575623e-03 0.000000000000000000e+00
4.875000000000000000e+04 1.949966531659379498e-01 1.355257168866636219e-01 6.119708693673190369e-01 2.485207100591715901e-01 3.982703686845699004e-03 0.000000000000000000e+00
4.900000000000000000e+04 1.959966360026863530e-01 1.539599453800637174e-01 6.401911697769685494e-01 1.977696859353663961e-01 8.079198907601274626e-03 0.000000000000000000e+00
4.925000000000000000e+04 1.969966188394347562e-01 1.604460628129267263e-01 6.374601729631315106e-01 1.912835685025034149e-01 1.081019572143832562e-02 0.000000000000000000e+00
4.950000000000000000e+04 1.979966016761831593e-01 1.474738279472007363e-01 6.429221665908056993e-01 2.009558488848429691e-01 8.648156577150659455e-03 0.000000000000000000e+00
4.975000000000000000e+04 1.989965845129315625e-01 1.474738279472007363e-01 6.554392353208920996e-01 1.883249886208466228e-01 8.761948111060537808e-03 0.000000000000000000e+00
5.000000000000000000e+04 1.999965673496799656e-01 1.454255803368229294e-01 6.571461083295402350e-01 1.919663177059626746e-01 5.461993627674101119e-03 0.000000000000000000e+00
5.025000000000000000e+04 2.009965501864283688e-01 1.465634956759217233e-01 6.522530723714156098e-01 1.941283568502503443e-01 7.055075102412380721e-03 0.000000000000000000e+00
5.050000000000000000e+04 2.019965330231767719e-01 1.451979972690031762e-01 6.529358215748748417e-01 1.962903959945380139e-01 5.575785161583977738e-03 0.000000000000000000e+00
5.075000000000000000e+04 2.029965158599251751e-01 1.471324533454710926e-01 6.603322712790168358e-01 1.808147473827947105e-01 1.172052799271734204e-02 0.000000000000000000e+00
5.100000000000000000e+04 2.039964986966735783e-01 1.423532089212562468e-01 6.660218479745106945e-01 1.830905780609922706e-01 8.534365043240782836e-03 0.000000000000000000e+00
5.125000000000000000e+04 2.049964815334219814e-01 1.337050523441055960e-01 6.680700955848885014e-01 1.906008192990441552e-01 7.624032771961766417e-03 0.000000000000000000e+00
5.150000000000000000e+04 2.059964643701703846e-01 1.346153846153846090e-01 6.604460628129267263e-01 1.957214383249886169e-01 9.217114246700046018e-03 0.000000000000000000e+00
5.175000000000000000e+04 2.069964472069187877e-01 1.324533454710969393e-01 6.602184797451069453e-01 1.997041420118343125e-01 7.624032771961766417e-03 0.000000000000000000e+00
5.200000000000000000e+04 2.079964300436671909e-01 1.338188438780154865e-01 6.602184797451069453e-01 1.983386436049157930e-01 7.624032771961766417e-03 0.000000000000000000e+00
5.225000000000000000e+04 2.089964128804153720e-01 1.334774692762858428e-01 6.583978152025489194e-01 1.997041420118343125e-01 8.420573509330906217e-03 0.000000000000000000e+00
5.250000000000000000e+04 2.099963957171637752e-01 1.378015475648611821e-01 6.547564861174328676e-01 2.008420573509330787e-01 6.599908966772872511e-03 0.000000000000000000e+00
5.275000000000000000e+04 2.109963785539121783e-01 1.378015475648611821e-01 6.576012744651797970e-01 1.981110605370960398e-01 6.486117432862995025e-03 0.000000000000000000e+00
5.300000000000000000e+04 2.119963613906605815e-01 1.415566681838871244e-01 6.494082840236686804e-01 1.993627674101046965e-01 9.672280382339554228e-03 0.000000000000000000e+00
5.325000000000000000e+04 2.129963442274089847e-01 1.424670004551661373e-01 6.441738734638142727e-01 2.082385070550751005e-01 5.120619025944469528e-03 0.000000000000000000e+00
5.350000000000000000e+04 2.139963270641573878e-01 1.411015020482476179e-01 6.477014110150204340e-01 2.081247155211652378e-01 3.072371415566681717e-03 0.000000000000000000e+00
5.375000000000000000e+04 2.149963099009057910e-01 1.416704597177969871e-01 6.507737824305871444e-01 2.031178880291306388e-01 4.437869822485207214e-03 0.000000000000000000e+00
5.400000000000000000e+04 2.159962927376541941e-01 1.409877105143377274e-01 6.461083295402821891e-01 2.084660901228948537e-01 4.437869822485207214e-03 0.000000000000000000e+00
5.425000000000000000e+04 2.169962755744025973e-01 1.389394629039599482e-01 6.510013654984069253e-01 2.059626763768775681e-01 4.096495220755575623e-03 0.000000000000000000e+00
5.450000000000000000e+04 2.179962584111510004e-01 1.422394173873463841e-01 6.459945380063722986e-01 2.072143832498861971e-01 4.551661356395083832e-03 0.000000000000000000e+00
5.475000000000000000e+04 2.189962412478994036e-01 1.416704597177969871e-01 6.464497041420118606e-01 2.064178425125170746e-01 5.461993627674101119e-03 0.000000000000000000e+00
5.500000000000000000e+04 2.199962240846478068e-01 1.411015020482476179e-01 6.480427856167501055e-01 2.065316340464269373e-01 4.324078288575329727e-03 0.000000000000000000e+00
5.525000000000000000e+04 2.209962069213962099e-01 1.424670004551661373e-01 6.480427856167501055e-01 2.060764679107874309e-01 3.413746017296313308e-03 0.000000000000000000e+00
5.550000000000000000e+04 2.219961897581446131e-01 1.409877105143377274e-01 6.459945380063722986e-01 2.092626308602640040e-01 3.755120619025944465e-03 0.000000000000000000e+00
5.575000000000000000e+04 2.229961725948930162e-01 1.424670004551661373e-01 6.464497041420118606e-01 2.063040509786071841e-01 4.779244424214838804e-03 0.000000000000000000e+00
5.600000000000000000e+04 2.239961554316414194e-01 1.430359581247155343e-01 6.459945380063722986e-01 2.069868001820664438e-01 3.982703686845699004e-03 0.000000000000000000e+00
5.625000000000000000e+04 2.249961382683898226e-01 1.442876649977241632e-01 6.445152480655439442e-01 2.056213017751479244e-01 5.575785161583977738e-03 0.000000000000000000e+00
5.650000000000000000e+04 2.259961211051382257e-01 1.432635411925352875e-01 6.457669549385525176e-01 2.072143832498861971e-01 3.755120619025944465e-03 0.000000000000000000e+00
5.675000000000000000e+04 2.269961039418866289e-01 1.450842057350933134e-01 6.417842512517069054e-01 2.088074647246244975e-01 4.324078288575329727e-03 0.000000000000000000e+00
