# itime ezz other fcc hcp bcc ico
0.000000000000000000e+00 0.000000000000000000e+00 6.827492034592626399e-04 9.993172507965407680e-01 0.000000000000000000e+00 0.000000000000000000e+00 0.000000000000000000e+00
3.000000000000000000e+01 1.200000562857139741e-02 1.479289940828402332e-03 9.985207100591716456e-01 0.000000000000000000e+00 0.000000000000000000e+00 0.000000000000000000e+00
6.000000000000000000e+01 2.400001125714257277e-02 3.186162949476558769e-03 9.965862539827037292e-01 0.000000000000000000e+00 2.275830678197542133e-04 0.000000000000000000e+00
9.000000000000000000e+01 3.600001688571397018e-02 3.641329085116067413e-03 9.963586709148839482e-01 0.000000000000000000e+00 0.000000000000000000e+00 0.000000000000000000e+00
1.200000000000000000e+02 4.800002251428514555e-02 1.046882111970869403e-02 9.895311788802912956e-01 0.000000000000000000e+00 0.000000000000000000e+00 0.000000000000000000e+00
1.500000000000000000e+02 6.000002814285654296e-02 1.866181156121984527e-02 9.803140646335912756e-01 0.000000000000000000e+00 1.024123805188893906e-03 0.000000000000000000e+00
1.800000000000000000e+02 7.200003377142794037e-02 3.527537551206190447e-02 9.642694583522986029e-01 0.000000000000000000e+00 4.551661356395084266e-04 0.000000000000000000e+00
2.100000000000000000e+02 8.400003939999911573e-02 6.292671825216203385e-02 9.343422849340009551e-01 0.000000000000000000e+00 2.730996813837050560e-03 0.000000000000000000e+00
2.400000000000000000e+02 9.600004502857051314e-02 1.416704597177969871e-01 8.509330905780609910e-01 0.000000000000000000e+00 7.396449704142011444e-03 0.000000000000000000e+00
2.700000000000000000e+02 1.080000506571416885e-01 2.388484296768320359e-01 7.441966317705962508e-01 0.000000000000000000e+00 1.695493855257168905e-02 0.000000000000000000e+00
3.000000000000000000e+02 1.200000562857130859e-01 3.920118343195266308e-01 5.712335002275830131e-01 2.275830678197542133e-04 3.652708238507055422e-02 0.000000000000000000e+00
3.300000000000000000e+02 1.320000619142842613e-01 5.496131087847063723e-01 3.819981793354574329e-01 5.689576695493854790e-04 6.781975421028675621e-02 0.000000000000000000e+00
3.600000000000000000e+02 1.440000675428556587e-01 6.555530268548019901e-01 2.294037323623122349e-01 6.258534365043240920e-03 1.087847064178425194e-01 0.000000000000000000e+00
3.900000000000000000e+02 1.560000731714270561e-01 7.139280837505689314e-01 1.290395994538006408e-01 1.285844333181611343e-02 1.441738734638143005e-01 0.000000000000000000e+00
4.200000000000000000e+02 1.680000787999982315e-01 7.492034592626308775e-01 7.601274465179790052e-02 1.854802002730996865e-02 1.562357760582612776e-01 0.000000000000000000e+00
4.500000000000000000e+02 1.800000844285696289e-01 7.906235776058261333e-01 5.029585798816568060e-02 2.492034592626308706e-02 1.341602184797451025e-01 0.000000000000000000e+00
4.800000000000000000e+02 1.920000900571408042e-01 8.216886663632225751e-01 3.903049613108784677e-02 2.935821574874829254e-02 1.099226217569412856e-01 0.000000000000000000e+00
5.100000000000000000e+02 2.040000956857122016e-01 8.445607646791079004e-01 3.277196176604460498e-02 3.334091943559399501e-02 8.932635411925353430e-02 0.000000000000000000e+00
5.400000000000000000e+02 2.160001013142835991e-01 8.678880291306326766e-01 2.981338188438780248e-02 3.550295857988165771e-02 6.679563040509786664e-02 0.000000000000000000e+00
5.700000000000000000e+02 2.280001069428547744e-01 8.939462903959944917e-01 2.127901684114701791e-02 3.174783796085571541e-02 5.302685480200273332e-02 0.000000000000000000e+00
6.000000000000000000e+02 2.400001125714261718e-01 9.078288575329995780e-01 1.957214383249886169e-02 3.299954483386435822e-02 3.959945380063722986e-02 0.000000000000000000e+00
6.300000000000000000e+02 2.520001181999973472e-01 9.187528447883477334e-01 1.843422849340009204e-02 3.345471096950387163e-02 2.935821574874829254e-02 0.000000000000000000e+00
6.600000000000000000e+02 2.640001238285687446e-01 9.310423304506144637e-01 1.638598088302230249e-02 2.651342740100136666e-02 2.605826126536185672e-02 0.000000000000000000e+00
6.900000000000000000e+02 2.760001294571401420e-01 9.374146563495675544e-01 1.638598088302230249e-02 2.674101046882111990e-02 1.934456076467910846e-02 1.137915339098771066e-04
7.200000000000000000e+02 2.880001350857113174e-01 9.451524806554392200e-01 1.308602639963586667e-02 2.378243058716431393e-02 1.786527082385070547e-02 1.137915339098771066e-04
7.500000000000000000e+02 3.000001407142827148e-01 9.462903959945380139e-01 1.388256713700500647e-02 2.514792899408284030e-02 1.456531634046426965e-02 1.137915339098771066e-04
7.800000000000000000e+02 3.120001463428538901e-01 9.522075557578516536e-01 1.206190259444697363e-02 2.173418297678652786e-02 1.388256713700500647e-02 1.137915339098771066e-04
8.100000000000000000e+02 3.240001519714252876e-01 9.560764679107874864e-01 1.228948566226672687e-02 2.036868456986800149e-02 1.126536185707783383e-02 0.000000000000000000e+00
8.400000000000000000e+02 3.360001575999964629e-01 9.589212562585344157e-01 1.149294492489758707e-02 1.832043695949021542e-02 1.115157032316795548e-02 1.137915339098771066e-04
8.700000000000000000e+02 3.480001632285678603e-01 9.641556668183887124e-01 8.989531178880291046e-03 1.661356395084205573e-02 1.012744651797906244e-02 1.137915339098771066e-04
9.000000000000000000e+02 3.600001688571392577e-01 9.685935366408738867e-01 8.534365043240782836e-03 1.445152480655439303e-02 8.420573509330906217e-03 0.000000000000000000e+00
9.300000000000000000e+02 3.720001744857104331e-01 9.695038689121528996e-01 8.192990441511151245e-03 1.445152480655439303e-02 7.737824305871643035e-03 1.137915339098771066e-04
9.600000000000000000e+02 3.840001801142818305e-01 9.726900318616295005e-01 7.737824305871643035e-03 1.319981793354574502e-02 6.030951297223486815e-03 3.413746017296313199e-04
9.900000000000000000e+02 3.960001857428530059e-01 9.761037778789257713e-01 6.144742831133363434e-03 1.206190259444697363e-02 5.006827492034592909e-03 6.827492034592626399e-04
1.020000000000000000e+03 4.080001913714244033e-01 9.762175694128356618e-01 6.599908966772872511e-03 1.160673645880746542e-02 4.779244424214838804e-03 7.965407373691396923e-04
1.050000000000000000e+03 4.200001969999958007e-01 9.798588984979517136e-01 5.803368229403732710e-03 1.092398725534820224e-02 2.958579881656804664e-03 4.551661356395084266e-04
1.080000000000000000e+03 4.320002026285669761e-01 9.821347291761493015e-01 4.551661356395083832e-03 8.875739644970414427e-03 3.755120619025944465e-03 6.827492034592626399e-04
1.110000000000000000e+03 4.440002082571383735e-01 9.862312243969049153e-01 3.299954483386436255e-03 7.851615839781519654e-03 2.389622212107419402e-03 2.275830678197542133e-04
1.140000000000000000e+03 4.560002138857095488e-01 9.850933090578061213e-01 4.210286754665453109e-03 7.737824305871643035e-03 2.389622212107419402e-03 5.689576695493854790e-04
1.170000000000000000e+03 4.680002195142809462e-01 9.874829312699134887e-01 4.779244424214838804e-03 6.144742831133363434e-03 1.365498406918525280e-03 2.275830678197542133e-04
1.200000000000000000e+03 4.800002251428523437e-01 9.877105143377332697e-01 4.096495220755575623e-03 6.486117432862995025e-03 1.251706873008648227e-03 4.551661356395084266e-04
1.230000000000000000e+03 4.920002307714235190e-01 9.899863450159308575e-01 2.844788347746927612e-03 4.893035958124715423e-03 1.706873008648156654e-03 5.689576695493854790e-04
1.260000000000000000e+03 5.040002363999949164e-01 9.914656349567592120e-01 2.275830678197541916e-03 4.324078288575329727e-03 1.365498406918525280e-03 5.689576695493854790e-04
1.290000000000000000e+03 5.160002420285660918e-01 9.910104688211197610e-01 2.730996813837050560e-03 4.096495220755575623e-03 1.706873008648156654e-03 4.551661356395084266e-04
1.320000000000000000e+03 5.280002476571374892e-01 9.908966772872098705e-01 2.389622212107419402e-03 4.665452890304961318e-03 1.593081474738279385e-03 4.551661356395084266e-04
1.350000000000000000e+03 5.400002532857086646e-01 9.935138825671370189e-01 2.162039144287664864e-03 3.527537551206190360e-03 7.965407373691396923e-04 0.000000000000000000e+00
1.380000000000000000e+03 5.520002589142800620e-01 9.941966317705962508e-01 1.934456076467910759e-03 3.072371415566681717e-03 6.827492034592626399e-04 1.137915339098771066e-04
1.410000000000000000e+03 5.640002645428514594e-01 9.946517979062358128e-01 2.048247610377787811e-03 1.820664542558033706e-03 1.137915339098770958e-03 3.413746017296313199e-04
1.440000000000000000e+03 5.760002701714226347e-01 9.944242148384160318e-01 1.024123805188893906e-03 2.730996813837050560e-03 1.593081474738279385e-03 2.275830678197542133e-04
1.470000000000000000e+03 5.880002757999940322e-01 9.952207555757851543e-01 1.251706873008648227e-03 2.048247610377787811e-03 1.137915339098770958e-03 3.413746017296313199e-04
1.500000000000000000e+03 6.000002814285652075e-01 9.951069640418752638e-01 1.365498406918525280e-03 2.617205279927173507e-03 4.551661356395084266e-04 4.551661356395084266e-04
1.530000000000000000e+03 6.120002870571366049e-01 9.948793809740554828e-01 1.479289940828402332e-03 2.048247610377787811e-03 9.103322712790168532e-04 6.827492034592626399e-04
1.560000000000000000e+03 6.240002926857080023e-01 9.936276741010469093e-01 1.593081474738279385e-03 2.389622212107419402e-03 1.137915339098770958e-03 1.251706873008648227e-03
1.590000000000000000e+03 6.360002983142791777e-01 9.960172963131542767e-01 1.024123805188893906e-03 1.934456076467910759e-03 5.689576695493854790e-04 4.551661356395084266e-04
1.620000000000000000e+03 6.480003039428505751e-01 9.954483386436049352e-01 1.024123805188893906e-03 1.706873008648156654e-03 1.024123805188893906e-03 7.965407373691396923e-04
1.650000000000000000e+03 6.600003095714217505e-01 9.964724624487938387e-01 1.251706873008648227e-03 1.024123805188893906e-03 4.551661356395084266e-04 7.965407373691396923e-04
1.680000000000000000e+03 6.720003151999931479e-01 9.972690031861629611e-01 9.103322712790168532e-04 5.689576695493854790e-04 6.827492034592626399e-04 5.689576695493854790e-04
1.710000000000000000e+03 6.840003208285645453e-01 9.974965862539827421e-01 4.551661356395084266e-04 7.965407373691396923e-04 2.275830678197542133e-04 1.024123805188893906e-03
1.740000000000000000e+03 6.960003264571357207e-01 9.969276285844332897e-01 3.413746017296313199e-04 1.251706873008648227e-03 3.413746017296313199e-04 1.137915339098770958e-03
1.770000000000000000e+03 7.080003320857071181e-01 9.964724624487938387e-01 6.827492034592626399e-04 1.479289940828402332e-03 5.689576695493854790e-04 7.965407373691396923e-04
1.800000000000000000e+03 7.200003377142782934e-01 9.973827947200728516e-01 5.689576695493854790e-04 1.137915339098770958e-03 2.275830678197542133e-04 6.827492034592626399e-04
1.830000000000000000e+03 7.320003433428496908e-01 9.962448793809740577e-01 5.689576695493854790e-04 9.103322712790168532e-04 9.103322712790168532e-04 1.365498406918525280e-03
1.860000000000000000e+03 7.440003489714208662e-01 9.963586709148839482e-01 4.551661356395084266e-04 1.024123805188893906e-03 5.689576695493854790e-04 1.593081474738279385e-03
1.890000000000000000e+03 7.560003545999922636e-01 9.971552116522530707e-01 4.551661356395084266e-04 1.137915339098770958e-03 2.275830678197542133e-04 1.024123805188893906e-03
1.920000000000000000e+03 7.680003602285636610e-01 9.967000455166135087e-01 7.965407373691396923e-04 1.137915339098770958e-03 4.551661356395084266e-04 9.103322712790168532e-04
1.950000000000000000e+03 7.800003658571348364e-01 9.969276285844332897e-01 4.551661356395084266e-04 7.965407373691396923e-04 5.689576695493854790e-04 1.251706873008648227e-03
1.980000000000000000e+03 7.920003714857062338e-01 9.972690031861629611e-01 3.413746017296313199e-04 1.365498406918525280e-03 1.137915339098771066e-04 9.103322712790168532e-04
2.010000000000000000e+03 8.040003771142774092e-01 9.963586709148839482e-01 5.689576695493854790e-04 1.251706873008648227e-03 6.827492034592626399e-04 1.137915339098770958e-03
2.040000000000000000e+03 8.160003827428488066e-01 9.979517523896221931e-01 4.551661356395084266e-04 9.103322712790168532e-04 1.137915339098771066e-04 5.689576695493854790e-04
2.070000000000000000e+03 8.280003883714202040e-01 9.976103777878926326e-01 5.689576695493854790e-04 1.024123805188893906e-03 1.137915339098771066e-04 6.827492034592626399e-04
2.100000000000000000e+03 8.400003939999913793e-01 9.973827947200728516e-01 4.551661356395084266e-04 7.965407373691396923e-04 3.413746017296313199e-04 1.024123805188893906e-03
2.130000000000000000e+03 8.520003996285627768e-01 9.978379608557123026e-01 2.275830678197542133e-04 9.103322712790168532e-04 2.275830678197542133e-04 7.965407373691396923e-04
2.160000000000000000e+03 8.640004052571339521e-01 9.963586709148839482e-01 6.827492034592626399e-04 1.479289940828402332e-03 1.137915339098771066e-04 1.365498406918525280e-03
2.190000000000000000e+03 8.760004108857053495e-01 9.972690031861629611e-01 3.413746017296313199e-04 1.706873008648156654e-03 2.275830678197542133e-04 4.551661356395084266e-04
2.220000000000000000e+03 8.880004165142767469e-01 9.962448793809740577e-01 3.413746017296313199e-04 1.251706873008648227e-03 0.000000000000000000e+00 2.162039144287664864e-03
2.250000000000000000e+03 9.000004221428479223e-01 9.963586709148839482e-01 3.413746017296313199e-04 1.137915339098770958e-03 1.137915339098771066e-04 2.048247610377787811e-03
2.280000000000000000e+03 9.120004277714193197e-01 9.976103777878926326e-01 3.413746017296313199e-04 3.413746017296313199e-04 1.137915339098771066e-04 1.593081474738279385e-03
2.310000000000000000e+03 9.240004333999904951e-01 9.972690031861629611e-01 3.413746017296313199e-04 5.689576695493854790e-04 0.000000000000000000e+00 1.820664542558033706e-03
2.340000000000000000e+03 9.360004390285618925e-01 9.980655439235320836e-01 2.275830678197542133e-04 5.689576695493854790e-04 2.275830678197542133e-04 9.103322712790168532e-04
2.370000000000000000e+03 9.480004446571332899e-01 9.974965862539827421e-01 2.275830678197542133e-04 7.965407373691396923e-04 0.000000000000000000e+00 1.479289940828402332e-03
2.400000000000000000e+03 9.600004502857044653e-01 9.976103777878926326e-01 4.551661356395084266e-04 6.827492034592626399e-04 2.275830678197542133e-04 1.024123805188893906e-03
2.430000000000000000e+03 9.720004559142758627e-01 9.977241693218024121e-01 2.275830678197542133e-04 1.024123805188893906e-03 2.275830678197542133e-04 7.965407373691396923e-04
2.460000000000000000e+03 9.840004615428470380e-01 9.973827947200728516e-01 5.689576695493854790e-04 6.827492034592626399e-04 1.137915339098771066e-04 1.251706873008648227e-03
2.490000000000000000e+03 9.960004671714184354e-01 9.980655439235320836e-01 1.137915339098771066e-04 6.827492034592626399e-04 1.137915339098771066e-04 1.024123805188893906e-03
