# itime ezz other fcc hcp bcc ico
0.000000000000000000e+00 0.000000000000000000e+00 9.103322712790168532e-04 9.990896677287209870e-01 0.000000000000000000e+00 0.000000000000000000e+00 0.000000000000000000e+00
3.000000000000000000e+01 1.199997708499900284e-02 1.251706873008648227e-03 9.987482931269913156e-01 0.000000000000000000e+00 0.000000000000000000e+00 0.000000000000000000e+00
6.000000000000000000e+01 2.399995416999822773e-02 1.024123805188893906e-03 9.988620846609012061e-01 0.000000000000000000e+00 1.137915339098771066e-04 0.000000000000000000e+00
9.000000000000000000e+01 3.599993125499723057e-02 6.144742831133363434e-03 9.938552571688666903e-01 0.000000000000000000e+00 0.000000000000000000e+00 0.000000000000000000e+00
1.200000000000000000e+02 4.799990833999623341e-02 7.851615839781519654e-03 9.918070095584888834e-01 0.000000000000000000e+00 3.413746017296313199e-04 0.000000000000000000e+00
1.500000000000000000e+02 5.999988542499545829e-02 1.467910787437414627e-02 9.850933090578061213e-01 0.000000000000000000e+00 2.275830678197542133e-04 0.000000000000000000e+00
1.800000000000000000e+02 7.199986250999446113e-02 2.969959035047792587e-02 9.691624943104233392e-01 0.000000000000000000e+00 1.137915339098770958e-03 0.000000000000000000e+00
2.100000000000000000e+02 8.399983959499346398e-02 7.020937642239417908e-02 9.268320436959490705e-01 0.000000000000000000e+00 2.958579881656804664e-03 0.000000000000000000e+00
2.400000000000000000e+02 9.599981667999268886e-02 1.263086026399635742e-01 8.659535730541647602e-01 0.000000000000000000e+00 7.737824305871643035e-03 0.000000000000000000e+00
2.700000000000000000e+02 1.079997937649916917e-01 2.187073281747838049e-01 7.666135639508420141e-01 0.000000000000000000e+00 1.467910787437414627e-02 0.000000000000000000e+00
3.000000000000000000e+02 1.199997708499906945e-01 3.426263086026399840e-01 6.243741465634956578e-01 3.413746017296313199e-04 3.265817023213472836e-02 0.000000000000000000e+00
3.300000000000000000e+02 1.319997479349899194e-01 5.055757851615839682e-01 4.275147928994083024e-01 3.413746017296313199e-04 6.656804733727811341e-02 0.000000000000000000e+00
3.600000000000000000e+02 1.439997250199889223e-01 6.643149749658625591e-01 2.306554392353208915e-01 2.048247610377787811e-03 1.029813381884387841e-01 0.000000000000000000e+00
3.900000000000000000e+02 1.559997021049879251e-01 7.314519799726900695e-01 1.157259899863450209e-01 8.989531178880291046e-03 1.438324988620846567e-01 0.000000000000000000e+00
4.200000000000000000e+02 1.679996791899871500e-01 7.619481110605370588e-01 5.791989076012744875e-02 1.661356395084205573e-02 1.635184342284934089e-01 0.000000000000000000e+00
4.500000000000000000e+02 1.799996562749861528e-01 8.024578971324533017e-01 4.050978607191624975e-02 2.036868456986800149e-02 1.366636322257624159e-01 0.000000000000000000e+00
4.800000000000000000e+02 1.919996333599851557e-01 8.443331816112881194e-01 2.856167501137915274e-02 1.968593536640873831e-02 1.074192080109239861e-01 0.000000000000000000e+00
5.100000000000000000e+02 2.039996104449843806e-01 8.746017296313154388e-01 2.230314064633591095e-02 2.059626763768775473e-02 8.249886208466089554e-02 0.000000000000000000e+00
5.400000000000000000e+02 2.159995875299833834e-01 8.882567137005006330e-01 2.162039144287665124e-02 2.537551206190259354e-02 6.474738279472007363e-02 0.000000000000000000e+00
5.700000000000000000e+02 2.279995646149823862e-01 9.033909877105142927e-01 2.059626763768775473e-02 2.309968138370505075e-02 5.291306326809285671e-02 0.000000000000000000e+00
6.000000000000000000e+02 2.399995416999816111e-01 9.195493855257168558e-01 1.627218934911242587e-02 2.492034592626308706e-02 3.925807919890760000e-02 0.000000000000000000e+00
6.300000000000000000e+02 2.519995187849806140e-01 9.366181156121984319e-01 1.467910787437414627e-02 2.139280837505689453e-02 2.730996813837050646e-02 0.000000000000000000e+00
6.600000000000000000e+02 2.639994958699796168e-01 9.347974510696404060e-01 1.741010468821119553e-02 2.196176604460628110e-02 2.583067819754210348e-02 0.000000000000000000e+00
6.900000000000000000e+02 2.759994729549788417e-01 9.478834774692762588e-01 1.297223486572599005e-02 1.877560309512972189e-02 2.036868456986800149e-02 0.000000000000000000e+00
7.200000000000000000e+02 2.879994500399778445e-01 9.531178880291306665e-01 1.319981793354574502e-02 1.479289940828402289e-02 1.888939462903959851e-02 0.000000000000000000e+00
7.500000000000000000e+02 2.999994271249768474e-01 9.576695493855257313e-01 1.115157032316795548e-02 1.604460628129267263e-02 1.513427401001365448e-02 0.000000000000000000e+00
7.800000000000000000e+02 3.119994042099760723e-01 9.581247155211651823e-01 1.263086026399635846e-02 1.615839781520254925e-02 1.285844333181611343e-02 2.275830678197542133e-04
8.100000000000000000e+02 3.239993812949750751e-01 9.624487938097405770e-01 1.137915339098771045e-02 1.547564861174328607e-02 1.058261265361857065e-02 1.137915339098771066e-04
8.400000000000000000e+02 3.359993583799740779e-01 9.676832043695948737e-01 9.330905780609922637e-03 1.308602639963586667e-02 9.899863450159307465e-03 0.000000000000000000e+00
8.700000000000000000e+02 3.479993354649733028e-01 9.733727810650887324e-01 6.713700500682749130e-03 1.092398725534820224e-02 8.761948111060537808e-03 2.275830678197542133e-04
9.000000000000000000e+02 3.599993125499723057e-01 9.712107419208011461e-01 7.396449704142011444e-03 1.399635867091488309e-02 7.396449704142011444e-03 0.000000000000000000e+00
9.300000000000000000e+02 3.719992896349715306e-01 9.781520254893035782e-01 4.096495220755575623e-03 1.092398725534820224e-02 6.827492034592626616e-03 0.000000000000000000e+00
9.600000000000000000e+02 3.839992667199705334e-01 9.767865270823851143e-01 5.689576695493855224e-03 1.160673645880746542e-02 5.575785161583977738e-03 3.413746017296313199e-04
9.900000000000000000e+02 3.959992438049697583e-01 9.795175238962221531e-01 5.348202093764223633e-03 8.761948111060537808e-03 5.803368229403732710e-03 5.689576695493854790e-04
1.020000000000000000e+03 4.079992208899687611e-01 9.796313154301320436e-01 5.120619025944469528e-03 1.046882111970869403e-02 4.437869822485207214e-03 3.413746017296313199e-04
1.050000000000000000e+03 4.199991979749677640e-01 9.840691852526172179e-01 5.234410559854347014e-03 6.941283568502503235e-03 3.527537551206190360e-03 2.275830678197542133e-04
1.080000000000000000e+03 4.319991750599669889e-01 9.839553937187073274e-01 4.437869822485207214e-03 7.737824305871643035e-03 3.527537551206190360e-03 3.413746017296313199e-04
1.110000000000000000e+03 4.439991521449659917e-01 9.857760582612653533e-01 3.755120619025944465e-03 6.941283568502503235e-03 3.186162949476558769e-03 3.413746017296313199e-04
1.140000000000000000e+03 4.559991292299649945e-01 9.860036413290851343e-01 3.527537551206190360e-03 6.713700500682749130e-03 3.072371415566681717e-03 6.827492034592626399e-04
1.170000000000000000e+03 4.679991063149642194e-01 9.879380974055530507e-01 3.186162949476558769e-03 7.510241238051888930e-03 1.365498406918525280e-03 0.000000000000000000e+00
1.200000000000000000e+03 4.799990833999632223e-01 9.878243058716431602e-01 3.868912152935821518e-03 5.234410559854347014e-03 2.503413746017296455e-03 5.689576695493854790e-04
1.230000000000000000e+03 4.919990604849622251e-01 9.889622212107419541e-01 3.186162949476558769e-03 4.665452890304961318e-03 2.730996813837050560e-03 4.551661356395084266e-04
1.260000000000000000e+03 5.039990375699614500e-01 9.907828857532999800e-01 1.706873008648156654e-03 5.120619025944469528e-03 1.934456076467910759e-03 4.551661356395084266e-04
1.290000000000000000e+03 5.159990146549602308e-01 9.928311333636777869e-01 2.162039144287664864e-03 3.641329085116067413e-03 1.137915339098770958e-03 2.275830678197542133e-04
1.320000000000000000e+03 5.279989917399592336e-01 9.923759672280382249e-01 1.820664542558033706e-03 2.958579881656804664e-03 2.503413746017296455e-03 3.413746017296313199e-04
1.350000000000000000e+03 5.399989688249582365e-01 9.936276741010469093e-01 1.024123805188893906e-03 2.503413746017296455e-03 2.162039144287664864e-03 6.827492034592626399e-04
1.380000000000000000e+03 5.519989459099574614e-01 9.937414656349567998e-01 1.593081474738279385e-03 2.730996813837050560e-03 1.593081474738279385e-03 3.413746017296313199e-04
1.410000000000000000e+03 5.639989229949564642e-01 9.949931725079653733e-01 1.137915339098770958e-03 1.934456076467910759e-03 9.103322712790168532e-04 1.024123805188893906e-03
1.440000000000000000e+03 5.759989000799554670e-01 9.949931725079653733e-01 1.024123805188893906e-03 2.389622212107419402e-03 1.137915339098770958e-03 4.551661356395084266e-04
1.470000000000000000e+03 5.879988771649546919e-01 9.948793809740554828e-01 9.103322712790168532e-04 2.730996813837050560e-03 4.551661356395084266e-04 1.024123805188893906e-03
1.500000000000000000e+03 5.999988542499536948e-01 9.938552571688666903e-01 1.137915339098770958e-03 3.413746017296313308e-03 1.024123805188893906e-03 5.689576695493854790e-04
1.530000000000000000e+03 6.119988313349526976e-01 9.953345471096950448e-01 1.137915339098770958e-03 2.048247610377787811e-03 5.689576695493854790e-04 9.103322712790168532e-04
1.560000000000000000e+03 6.239988084199519225e-01 9.947655894401457033e-01 1.137915339098770958e-03 2.844788347746927612e-03 4.551661356395084266e-04 7.965407373691396923e-04
1.590000000000000000e+03 6.359987855049509253e-01 9.953345471096950448e-01 2.275830678197542133e-04 2.503413746017296455e-03 1.024123805188893906e-03 9.103322712790168532e-04
1.620000000000000000e+03 6.479987625899499282e-01 9.953345471096950448e-01 3.413746017296313199e-04 2.503413746017296455e-03 1.251706873008648227e-03 5.689576695493854790e-04
1.650000000000000000e+03 6.599987396749491531e-01 9.959035047792443862e-01 5.689576695493854790e-04 1.593081474738279385e-03 1.024123805188893906e-03 9.103322712790168532e-04
1.680000000000000000e+03 6.719987167599481559e-01 9.956759217114247162e-01 2.275830678197542133e-04 2.275830678197541916e-03 9.103322712790168532e-04 9.103322712790168532e-04
1.710000000000000000e+03 6.839986938449476028e-01 9.963586709148839482e-01 4.551661356395084266e-04 1.706873008648156654e-03 9.103322712790168532e-04 5.689576695493854790e-04
1.740000000000000000e+03 6.959986709299466057e-01 9.968138370505233992e-01 2.275830678197542133e-04 1.706873008648156654e-03 6.827492034592626399e-04 5.689576695493854790e-04
1.770000000000000000e+03 7.079986480149456085e-01 9.969276285844332897e-01 3.413746017296313199e-04 1.479289940828402332e-03 5.689576695493854790e-04 6.827492034592626399e-04
1.800000000000000000e+03 7.199986250999448334e-01 9.980655439235320836e-01 3.413746017296313199e-04 7.965407373691396923e-04 5.689576695493854790e-04 2.275830678197542133e-04
1.830000000000000000e+03 7.319986021849438362e-01 9.967000455166135087e-01 3.413746017296313199e-04 1.137915339098770958e-03 1.024123805188893906e-03 7.965407373691396923e-04
1.860000000000000000e+03 7.439985792699428391e-01 9.973827947200728516e-01 5.689576695493854790e-04 7.965407373691396923e-04 5.689576695493854790e-04 6.827492034592626399e-04
1.890000000000000000e+03 7.559985563549420640e-01 9.969276285844332897e-01 2.275830678197542133e-04 1.251706873008648227e-03 5.689576695493854790e-04 1.024123805188893906e-03
1.920000000000000000e+03 7.679985334399410668e-01 9.972690031861629611e-01 4.551661356395084266e-04 1.251706873008648227e-03 2.275830678197542133e-04 7.965407373691396923e-04
1.950000000000000000e+03 7.799985105249400696e-01 9.979517523896221931e-01 3.413746017296313199e-04 9.103322712790168532e-04 1.137915339098771066e-04 6.827492034592626399e-04
1.980000000000000000e+03 7.919984876099392945e-01 9.973827947200728516e-01 6.827492034592626399e-04 9.103322712790168532e-04 3.413746017296313199e-04 6.827492034592626399e-04
2.010000000000000000e+03 8.039984646949382974e-01 9.978379608557123026e-01 2.275830678197542133e-04 6.827492034592626399e-04 6.827492034592626399e-04 5.689576695493854790e-04
2.040000000000000000e+03 8.159984417799373002e-01 9.979517523896221931e-01 1.137915339098771066e-04 6.827492034592626399e-04 2.275830678197542133e-04 1.024123805188893906e-03
2.070000000000000000e+03 8.279984188649365251e-01 9.980655439235320836e-01 5.689576695493854790e-04 6.827492034592626399e-04 2.275830678197542133e-04 4.551661356395084266e-04
2.100000000000000000e+03 8.399983959499355279e-01 9.984069185252617551e-01 1.137915339098771066e-04 2.275830678197542133e-04 3.413746017296313199e-04 9.103322712790168532e-04
2.130000000000000000e+03 8.519983730349345308e-01 9.979517523896221931e-01 4.551661356395084266e-04 2.275830678197542133e-04 1.137915339098771066e-04 1.251706873008648227e-03
2.160000000000000000e+03 8.639983501199337557e-01 9.982931269913518646e-01 1.137915339098771066e-04 4.551661356395084266e-04 2.275830678197542133e-04 9.103322712790168532e-04
2.190000000000000000e+03 8.759983272049327585e-01 9.978379608557123026e-01 5.689576695493854790e-04 3.413746017296313199e-04 0.000000000000000000e+00 1.251706873008648227e-03
2.220000000000000000e+03 8.879983042899317613e-01 9.976103777878926326e-01 3.413746017296313199e-04 9.103322712790168532e-04 1.137915339098771066e-04 1.024123805188893906e-03
2.250000000000000000e+03 8.999982813749309862e-01 9.978379608557123026e-01 2.275830678197542133e-04 9.103322712790168532e-04 1.137915339098771066e-04 9.103322712790168532e-04
2.280000000000000000e+03 9.119982584599299891e-01 9.970414201183431802e-01 6.827492034592626399e-04 9.103322712790168532e-04 2.275830678197542133e-04 1.137915339098770958e-03
2.310000000000000000e+03 9.239982355449289919e-01 9.973827947200728516e-01 5.689576695493854790e-04 5.689576695493854790e-04 3.413746017296313199e-04 1.137915339098770958e-03
2.340000000000000000e+03 9.359982126299282168e-01 9.973827947200728516e-01 4.551661356395084266e-04 6.827492034592626399e-04 4.551661356395084266e-04 1.024123805188893906e-03
2.370000000000000000e+03 9.479981897149272196e-01 9.980655439235320836e-01 6.827492034592626399e-04 5.689576695493854790e-04 1.137915339098771066e-04 5.689576695493854790e-04
2.400000000000000000e+03 9.599981667999262225e-01 9.977241693218024121e-01 4.551661356395084266e-04 1.024123805188893906e-03 2.275830678197542133e-04 5.689576695493854790e-04
2.430000000000000000e+03 9.719981438849254474e-01 9.972690031861629611e-01 6.827492034592626399e-04 6.827492034592626399e-04 3.413746017296313199e-04 1.024123805188893906e-03
2.460000000000000000e+03 9.839981209699244502e-01 9.967000455166135087e-01 9.103322712790168532e-04 1.251706873008648227e-03 2.275830678197542133e-04 9.103322712790168532e-04
2.490000000000000000e+03 9.959980980549234530e-01 9.969276285844332897e-01 4.551661356395084266e-04 5.689576695493854790e-04 1.137915339098771066e-04 1.934456076467910759e-03
