# itime ezz other fcc hcp bcc ico
0.000000000000000000e+00 0.000000000000000000e+00 6.827492034592626399e-04 9.993172507965407680e-01 0.000000000000000000e+00 0.000000000000000000e+00 0.000000000000000000e+00
2.500000000000000000e+01 9.999846738373285859e-04 1.024123805188893906e-03 9.989758761948110966e-01 0.000000000000000000e+00 0.000000000000000000e+00 0.000000000000000000e+00
5.000000000000000000e+01 1.999969347674879216e-03 9.103322712790168532e-04 9.990896677287209870e-01 0.000000000000000000e+00 0.000000000000000000e+00 0.000000000000000000e+00
7.500000000000000000e+01 2.999954021512207802e-03 1.251706873008648227e-03 9.987482931269913156e-01 0.000000000000000000e+00 0.000000000000000000e+00 0.000000000000000000e+00
1.000000000000000000e+02 3.999938695349758433e-03 0.000000000000000000e+00 1.000000000000000000e+00 0.000000000000000000e+00 0.000000000000000000e+00 0.000000000000000000e+00
1.250000000000000000e+02 4.999923369187087019e-03 9.103322712790168532e-04 9.990896677287209870e-01 0.000000000000000000e+00 0.000000000000000000e+00 0.000000000000000000e+00
1.500000000000000000e+02 5.999908043024415605e-03 9.103322712790168532e-04 9.990896677287209870e-01 0.000000000000000000e+00 0.000000000000000000e+00 0.000000000000000000e+00
1.750000000000000000e+02 6.999892716861966235e-03 1.820664542558033706e-03 9.981793354574419741e-01 0.000000000000000000e+00 0.000000000000000000e+00 0.000000000000000000e+00
2.000000000000000000e+02 7.999877390699294821e-03 1.706873008648156654e-03 9.981793354574419741e-01 0.000000000000000000e+00 1.137915339098771066e-04 0.000000000000000000e+00
2.250000000000000000e+02 8.999862064536845452e-03 1.479289940828402332e-03 9.985207100591716456e-01 0.000000000000000000e+00 0.000000000000000000e+00 0.000000000000000000e+00
2.500000000000000000e+02 9.999846738374174038e-03 5.689576695493854790e-04 9.994310423304506585e-01 0.000000000000000000e+00 0.000000000000000000e+00 0.000000000000000000e+00
2.750000000000000000e+02 1.099983141221150262e-02 1.593081474738279385e-03 9.984069185252617551e-01 0.000000000000000000e+00 0.000000000000000000e+00 0.000000000000000000e+00
3.000000000000000000e+02 1.199981608604905325e-02 7.965407373691396923e-04 9.992034592626308775e-01 0.000000000000000000e+00 0.000000000000000000e+00 0.000000000000000000e+00
3.250000000000000000e+02 1.299980075988638184e-02 5.689576695493854790e-04 9.994310423304506585e-01 0.000000000000000000e+00 0.000000000000000000e+00 0.000000000000000000e+00
3.500000000000000000e+02 1.399978543372393247e-02 1.479289940828402332e-03 9.984069185252617551e-01 0.000000000000000000e+00 1.137915339098771066e-04 0.000000000000000000e+00
3.750000000000000000e+02 1.499977010756126106e-02 3.413746017296313199e-04 9.996586253982703285e-01 0.000000000000000000e+00 0.000000000000000000e+00 0.000000000000000000e+00
4.000000000000000000e+02 1.599975478139858964e-02 4.551661356395084266e-04 9.995448338643604380e-01 0.000000000000000000e+00 0.000000000000000000e+00 0.000000000000000000e+00
4.250000000000000000e+02 1.699973945523614027e-02 9.103322712790168532e-04 9.990896677287209870e-01 0.000000000000000000e+00 0.000000000000000000e+00 0.000000000000000000e+00
4.500000000000000000e+02 1.799972412907346886e-02 2.275830678197541916e-03 9.977241693218024121e-01 0.000000000000000000e+00 0.000000000000000000e+00 0.000000000000000000e+00
4.750000000000000000e+02 1.899970880291101949e-02 7.965407373691396923e-04 9.992034592626308775e-01 0.000000000000000000e+00 0.000000000000000000e+00 0.000000000000000000e+00
5.000000000000000000e+02 1.999969347674834808e-02 2.162039144287664864e-03 9.978379608557123026e-01 0.000000000000000000e+00 0.000000000000000000e+00 0.000000000000000000e+00
5.250000000000000000e+02 2.099967815058567666e-02 1.137915339098770958e-03 9.988620846609012061e-01 0.000000000000000000e+00 0.000000000000000000e+00 0.000000000000000000e+00
5.500000000000000000e+02 2.199966282442322729e-02 1.593081474738279385e-03 9.982931269913518646e-01 0.000000000000000000e+00 1.137915339098771066e-04 0.000000000000000000e+00
5.750000000000000000e+02 2.299964749826055588e-02 2.162039144287664864e-03 9.978379608557123026e-01 0.000000000000000000e+00 0.000000000000000000e+00 0.000000000000000000e+00
6.000000000000000000e+02 2.399963217209810651e-02 2.617205279927173507e-03 9.973827947200728516e-01 0.000000000000000000e+00 0.000000000000000000e+00 0.000000000000000000e+00
6.250000000000000000e+02 2.499961684593543509e-02 4.324078288575329727e-03 9.955621301775148257e-01 0.000000000000000000e+00 1.137915339098771066e-04 0.000000000000000000e+00
6.500000000000000000e+02 2.599960151977276368e-02 3.641329085116067413e-03 9.962448793809740577e-01 0.000000000000000000e+00 1.137915339098771066e-04 0.000000000000000000e+00
6.750000000000000000e+02 2.699958619361031431e-02 3.186162949476558769e-03 9.967000455166135087e-01 0.000000000000000000e+00 1.137915339098771066e-04 0.000000000000000000e+00
7.000000000000000000e+02 2.799957086744764290e-02 2.844788347746927612e-03 9.970414201183431802e-01 0.000000000000000000e+00 1.137915339098771066e-04 0.000000000000000000e+00
7.250000000000000000e+02 2.899955554128519353e-02 1.251706873008648227e-03 9.987482931269913156e-01 0.000000000000000000e+00 0.000000000000000000e+00 0.000000000000000000e+00
7.500000000000000000e+02 2.999954021512252211e-02 4.096495220755575623e-03 9.957897132453344957e-01 0.000000000000000000e+00 1.137915339098771066e-04 0.000000000000000000e+00
7.750000000000000000e+02 3.099952488895985070e-02 5.006827492034592909e-03 9.949931725079653733e-01 0.000000000000000000e+00 0.000000000000000000e+00 0.000000000000000000e+00
8.000000000000000000e+02 3.199950956279740133e-02 6.030951297223486815e-03 9.938552571688666903e-01 0.000000000000000000e+00 1.137915339098771066e-04 0.000000000000000000e+00
8.250000000000000000e+02 3.299949423663472992e-02 3.299954483386436255e-03 9.964724624487938387e-01 0.000000000000000000e+00 2.275830678197542133e-04 0.000000000000000000e+00
8.500000000000000000e+02 3.399947891047205850e-02 3.641329085116067413e-03 9.963586709148839482e-01 0.000000000000000000e+00 0.000000000000000000e+00 0.000000000000000000e+00
8.750000000000000000e+02 3.499946358430960913e-02 2.617205279927173507e-03 9.972690031861629611e-01 0.000000000000000000e+00 1.137915339098771066e-04 0.000000000000000000e+00
9.000000000000000000e+02 3.599944825814693772e-02 2.730996813837050560e-03 9.972690031861629611e-01 0.000000000000000000e+00 0.000000000000000000e+00 0.000000000000000000e+00
9.250000000000000000e+02 3.699943293198448835e-02 6.372325898953117539e-03 9.934000910332271284e-01 0.000000000000000000e+00 2.275830678197542133e-04 0.000000000000000000e+00
9.500000000000000000e+02 3.799941760582181693e-02 6.258534365043240920e-03 9.935138825671370189e-01 0.000000000000000000e+00 2.275830678197542133e-04 0.000000000000000000e+00
9.750000000000000000e+02 3.899940227965914552e-02 3.641329085116067413e-03 9.961310878470641672e-01 0.000000000000000000e+00 2.275830678197542133e-04 0.000000000000000000e+00
1.000000000000000000e+03 3.999938695349669615e-02 6.372325898953117539e-03 9.936276741010469093e-01 0.000000000000000000e+00 0.000000000000000000e+00 0.000000000000000000e+00
1.025000000000000000e+03 4.099937162733402474e-02 7.624032771961766417e-03 9.919208010923987739e-01 0.000000000000000000e+00 4.551661356395084266e-04 0.000000000000000000e+00
1.050000000000000000e+03 4.199935630117157537e-02 8.534365043240782836e-03 9.910104688211197610e-01 0.000000000000000000e+00 4.551661356395084266e-04 0.000000000000000000e+00
1.075000000000000000e+03 4.299934097500890395e-02 5.461993627674101119e-03 9.944242148384160318e-01 0.000000000000000000e+00 1.137915339098771066e-04 0.000000000000000000e+00
1.100000000000000000e+03 4.399932564884623254e-02 7.055075102412380721e-03 9.922621756941283344e-01 0.000000000000000000e+00 6.827492034592626399e-04 0.000000000000000000e+00
1.125000000000000000e+03 4.499931032268378317e-02 1.001365498406918582e-02 9.897587619481110766e-01 0.000000000000000000e+00 2.275830678197542133e-04 0.000000000000000000e+00
1.150000000000000000e+03 4.599929499652111176e-02 6.599908966772872511e-03 9.931725079654073474e-01 0.000000000000000000e+00 2.275830678197542133e-04 0.000000000000000000e+00
1.175000000000000000e+03 4.699927967035866239e-02 9.899863450159307465e-03 9.901001365498406370e-01 0.000000000000000000e+00 0.000000000000000000e+00 0.000000000000000000e+00
1.200000000000000000e+03 4.799926434419599097e-02 1.217569412835685025e-02 9.875967228038233792e-01 0.000000000000000000e+00 2.275830678197542133e-04 0.000000000000000000e+00
1.225000000000000000e+03 4.899924901803331956e-02 1.376877560309512985e-02 9.857760582612653533e-01 0.000000000000000000e+00 4.551661356395084266e-04 0.000000000000000000e+00
1.250000000000000000e+03 4.999923369187087019e-02 1.206190259444697363e-02 9.878243058716431602e-01 0.000000000000000000e+00 1.137915339098771066e-04 0.000000000000000000e+00
1.275000000000000000e+03 5.099921836570819877e-02 1.194811106053709528e-02 9.879380974055530507e-01 0.000000000000000000e+00 1.137915339098771066e-04 0.000000000000000000e+00
1.300000000000000000e+03 5.199920303954574941e-02 1.547564861174328607e-02 9.835002275830677654e-01 0.000000000000000000e+00 1.024123805188893906e-03 0.000000000000000000e+00
1.325000000000000000e+03 5.299918771338307799e-02 1.752389622212107562e-02 9.817933545744196300e-01 0.000000000000000000e+00 6.827492034592626399e-04 0.000000000000000000e+00
1.350000000000000000e+03 5.399917238722040658e-02 2.059626763768775473e-02 9.788347746927628101e-01 0.000000000000000000e+00 5.689576695493854790e-04 0.000000000000000000e+00
1.375000000000000000e+03 5.499915706105795721e-02 1.820664542558033533e-02 9.812243969048702885e-01 0.000000000000000000e+00 5.689576695493854790e-04 0.000000000000000000e+00
1.400000000000000000e+03 5.599914173489528579e-02 2.071005917159763482e-02 9.784934000910332497e-01 0.000000000000000000e+00 7.965407373691396923e-04 0.000000000000000000e+00
1.425000000000000000e+03 5.699912640873283642e-02 1.661356395084205573e-02 9.819071461083295205e-01 0.000000000000000000e+00 1.479289940828402332e-03 0.000000000000000000e+00
1.450000000000000000e+03 5.799911108257016501e-02 2.503413746017296368e-02 9.738279472007282944e-01 0.000000000000000000e+00 1.137915339098770958e-03 0.000000000000000000e+00
1.475000000000000000e+03 5.899909575640749360e-02 2.423759672280382388e-02 9.746244879380974169e-01 0.000000000000000000e+00 1.137915339098770958e-03 0.000000000000000000e+00
1.500000000000000000e+03 5.999908043024504423e-02 2.230314064633591095e-02 9.761037778789257713e-01 0.000000000000000000e+00 1.593081474738279385e-03 0.000000000000000000e+00
1.525000000000000000e+03 6.099906510408237281e-02 1.957214383249886169e-02 9.792899408284023721e-01 0.000000000000000000e+00 1.137915339098770958e-03 0.000000000000000000e+00
1.550000000000000000e+03 6.199904977791992344e-02 3.379608557123350149e-02 9.654073736913973969e-01 0.000000000000000000e+00 7.965407373691396923e-04 0.000000000000000000e+00
1.575000000000000000e+03 6.299903445175725203e-02 3.083750568957669552e-02 9.672280382339554228e-01 0.000000000000000000e+00 1.934456076467910759e-03 0.000000000000000000e+00
1.600000000000000000e+03 6.399901912559458061e-02 3.197542102867546865e-02 9.658625398270368478e-01 0.000000000000000000e+00 2.162039144287664864e-03 0.000000000000000000e+00
1.625000000000000000e+03 6.499900379943213125e-02 3.174783796085571541e-02 9.666590805644059703e-01 0.000000000000000000e+00 1.593081474738279385e-03 0.000000000000000000e+00
1.650000000000000000e+03 6.599898847326945983e-02 3.345471096950387163e-02 9.652935821574875064e-01 0.000000000000000000e+00 1.251706873008648227e-03 0.000000000000000000e+00
1.675000000000000000e+03 6.699897314710701046e-02 3.243058716431497512e-02 9.663177059626764098e-01 0.000000000000000000e+00 1.251706873008648227e-03 0.000000000000000000e+00
1.700000000000000000e+03 6.799895782094433905e-02 4.016841147018661989e-02 9.575557578516158408e-01 0.000000000000000000e+00 2.275830678197541916e-03 0.000000000000000000e+00
1.725000000000000000e+03 6.899894249478166763e-02 3.880291306326809353e-02 9.594902139280837572e-01 0.000000000000000000e+00 1.706873008648156654e-03 0.000000000000000000e+00
1.750000000000000000e+03 6.999892716861921826e-02 4.619936276741010150e-02 9.522075557578516536e-01 0.000000000000000000e+00 1.593081474738279385e-03 0.000000000000000000e+00
1.775000000000000000e+03 7.099891184245654685e-02 4.676832043695949154e-02 9.510696404187528596e-01 0.000000000000000000e+00 2.162039144287664864e-03 0.000000000000000000e+00
1.800000000000000000e+03 7.199889651629409748e-02 4.699590350477924477e-02 9.497041420118342847e-01 0.000000000000000000e+00 3.299954483386436255e-03 0.000000000000000000e+00
1.825000000000000000e+03 7.299888119013142607e-02 4.995448338643605074e-02 9.468593536640873554e-01 0.000000000000000000e+00 3.186162949476558769e-03 0.000000000000000000e+00
1.850000000000000000e+03 7.399886586396875465e-02 6.531634046426945672e-02 9.301319981793354508e-01 0.000000000000000000e+00 4.551661356395083832e-03 0.000000000000000000e+00
1.875000000000000000e+03 7.499885053780630528e-02 6.554392353208920996e-02 9.299044151115156698e-01 0.000000000000000000e+00 4.551661356395083832e-03 0.000000000000000000e+00
1.900000000000000000e+03 7.599883521164363387e-02 6.451979972690032039e-02 9.307009558488847922e-01 0.000000000000000000e+00 4.779244424214838804e-03 0.000000000000000000e+00
1.925000000000000000e+03 7.699881988548118450e-02 7.624032771961765376e-02 9.189804278561675144e-01 0.000000000000000000e+00 4.779244424214838804e-03 0.000000000000000000e+00
1.950000000000000000e+03 7.799880455931851309e-02 8.454710969503868856e-02 9.106736458807465073e-01 0.000000000000000000e+00 4.779244424214838804e-03 0.000000000000000000e+00
1.975000000000000000e+03 7.899878923315584167e-02 7.771961766044606368e-02 9.149977241693217911e-01 0.000000000000000000e+00 7.282658170232134826e-03 0.000000000000000000e+00
2.000000000000000000e+03 7.999877390699339230e-02 8.124715521165225274e-02 9.116977696859354108e-01 0.000000000000000000e+00 7.055075102412380721e-03 0.000000000000000000e+00
2.025000000000000000e+03 8.099875858083072089e-02 1.066226672735548497e-01 8.825671370050067743e-01 0.000000000000000000e+00 1.081019572143832562e-02 0.000000000000000000e+00
2.050000000000000000e+03 8.199874325466827152e-02 1.051433773327264398e-01 8.840464269458352398e-01 0.000000000000000000e+00 1.081019572143832562e-02 0.000000000000000000e+00
2.075000000000000000e+03 8.299872792850560010e-02 1.062812926718252199e-01 8.833636777423760078e-01 0.000000000000000000e+00 1.035502958579881741e-02 0.000000000000000000e+00
2.100000000000000000e+03 8.399871260234292869e-02 1.186845698680018268e-01 8.695949021392808120e-01 0.000000000000000000e+00 1.172052799271734204e-02 0.000000000000000000e+00
2.125000000000000000e+03 8.499869727618047932e-02 1.265361857077833274e-01 8.574192080109239722e-01 0.000000000000000000e+00 1.604460628129267263e-02 0.000000000000000000e+00
2.150000000000000000e+03 8.599868195001780791e-02 1.455393718707328199e-01 8.357988165680473314e-01 0.000000000000000000e+00 1.866181156121984527e-02 0.000000000000000000e+00
2.175000000000000000e+03 8.699866662385535854e-02 1.491807009558488717e-01 8.306781975421028141e-01 0.000000000000000000e+00 2.014110150204824826e-02 0.000000000000000000e+00
2.200000000000000000e+03 8.799865129769268712e-02 1.609012289485662328e-01 8.192990441511152078e-01 0.000000000000000000e+00 1.979972690031861493e-02 0.000000000000000000e+00
2.225000000000000000e+03 8.899863597153001571e-02 1.667045971779699542e-01 8.078060992262175999e-01 1.137915339098771066e-04 2.537551206190259354e-02 0.000000000000000000e+00
2.250000000000000000e+03 8.999862064536756634e-02 1.785389167045971781e-01 7.894856622667273394e-01 2.275830678197542133e-04 3.174783796085571541e-02 0.000000000000000000e+00
2.275000000000000000e+03 9.099860531920489493e-02 1.920801092398725651e-01 7.743513882567136797e-01 1.137915339098771066e-04 3.345471096950387163e-02 0.000000000000000000e+00
2.300000000000000000e+03 9.199858999304244556e-02 2.243969048702776636e-01 7.341829767865271084e-01 2.275830678197542133e-04 4.119253527537550946e-02 0.000000000000000000e+00
2.325000000000000000e+03 9.299857466687977414e-02 2.373691397360036537e-01 7.123350022758306865e-01 0.000000000000000000e+00 5.029585798816568060e-02 0.000000000000000000e+00
2.350000000000000000e+03 9.399855934071710273e-02 2.548930359581247362e-01 6.800182066454255603e-01 5.689576695493854790e-04 6.451979972690032039e-02 0.000000000000000000e+00
2.375000000000000000e+03 9.499854401455465336e-02 2.495448338643604935e-01 6.779699590350477534e-01 7.965407373691396923e-04 7.168866636322257513e-02 0.000000000000000000e+00
2.400000000000000000e+03 9.599852868839198194e-02 2.679790623577605890e-01 6.495220755575785709e-01 1.593081474738279385e-03 8.090578060992262288e-02 0.000000000000000000e+00
2.425000000000000000e+03 9.699851336222953258e-02 3.047337278106508895e-01 6.040054619936277014e-01 2.162039144287664864e-03 8.909877105143376719e-02 0.000000000000000000e+00
2.450000000000000000e+03 9.799849803606686116e-02 3.227127901684114786e-01 5.642922166590805810e-01 2.503413746017296455e-03 1.104915794264906687e-01 0.000000000000000000e+00
2.475000000000000000e+03 9.899848270990418975e-02 3.174783796085571264e-01 5.442649066909421851e-01 3.755120619025944465e-03 1.345015930814747462e-01 0.000000000000000000e+00
2.500000000000000000e+03 9.999846738374174038e-02 3.365953573054164538e-01 5.063723258989530907e-01 7.168866636322257339e-03 1.498634501593081592e-01 0.000000000000000000e+00
2.525000000000000000e+03 1.009984520575790690e-01 3.503641329085115941e-01 4.675694128356850388e-01 1.081019572143832562e-02 1.712562585343650468e-01 0.000000000000000000e+00
2.550000000000000000e+03 1.019984367314163975e-01 3.604915794264906825e-01 4.304733727810650668e-01 1.524806554392353283e-02 1.937869822485207005e-01 0.000000000000000000e+00
2.575000000000000000e+03 1.029984214052539482e-01 3.526399635867091265e-01 4.110150204824761233e-01 1.752389622212107562e-02 2.188211197086936677e-01 0.000000000000000000e+00
2.600000000000000000e+03 1.039984060790912768e-01 3.600364132908511761e-01 3.777878925807919841e-01 1.843422849340009204e-02 2.437414656349567721e-01 0.000000000000000000e+00
2.625000000000000000e+03 1.049983907529288274e-01 3.751706873008648357e-01 3.418297678652708060e-01 2.150659990896677115e-02 2.614929449248976079e-01 0.000000000000000000e+00
2.650000000000000000e+03 1.059983754267661560e-01 3.950842057350932857e-01 3.107646791078743642e-01 2.696859353664087314e-02 2.671825216203914666e-01 0.000000000000000000e+00
2.675000000000000000e+03 1.069983601006034846e-01 3.864360491579426626e-01 3.026854802002730827e-01 2.787892580791988956e-02 2.829995448338643582e-01 0.000000000000000000e+00
2.700000000000000000e+03 1.079983447744410352e-01 3.779016841147018746e-01 2.973372781065088954e-01 2.992717341829767910e-02 2.948338643604915821e-01 0.000000000000000000e+00
2.725000000000000000e+03 1.089983294482783638e-01 3.855257168866636497e-01 2.806099226217569353e-01 2.913063268092853930e-02 3.047337278106508895e-01 0.000000000000000000e+00
2.750000000000000000e+03 1.099983141221159144e-01 3.878015475648611821e-01 2.757168866636321991e-01 3.140646335912607862e-02 3.050751024123805055e-01 0.000000000000000000e+00
2.775000000000000000e+03 1.109982987959532430e-01 3.892808375056895920e-01 2.622894856622667303e-01 3.140646335912607862e-02 3.170232134729176199e-01 0.000000000000000000e+00
2.800000000000000000e+03 1.119982834697905716e-01 3.912152935821575084e-01 2.477241693218024676e-01 4.289940828402366568e-02 3.181611288120163583e-01 0.000000000000000000e+00
2.825000000000000000e+03 1.129982681436281222e-01 3.945152480655439442e-01 2.501137915339098905e-01 4.255803368229403583e-02 3.128129267182521711e-01 0.000000000000000000e+00
2.850000000000000000e+03 1.139982528174654508e-01 4.052116522530723741e-01 2.403277196176604458e-01 4.494765589440145870e-02 3.095129722348657353e-01 0.000000000000000000e+00
2.875000000000000000e+03 1.149982374913030014e-01 3.964497041420118606e-01 2.430587164314974846e-01 4.904415111515703085e-02 3.114474283113336517e-01 0.000000000000000000e+00
2.900000000000000000e+03 1.159982221651403300e-01 3.996358670914884059e-01 2.410104688211197055e-01 5.120619025944470049e-02 3.081474738279472159e-01 0.000000000000000000e+00
2.925000000000000000e+03 1.169982068389776586e-01 3.957669549385525731e-01 2.337278106508875741e-01 5.700955848884842886e-02 3.134956759217114031e-01 0.000000000000000000e+00
2.950000000000000000e+03 1.179981915128152092e-01 4.182976786527082269e-01 2.220072826581702408e-01 6.030951297223486468e-02 2.993855257168866468e-01 0.000000000000000000e+00
2.975000000000000000e+03 1.189981761866525378e-01 4.161356395084205850e-01 2.082385070550751005e-01 5.974055530268548159e-02 3.158852981338188259e-01 0.000000000000000000e+00
3.000000000000000000e+03 1.199981608604900885e-01 4.214838416021847722e-01 2.033454710969503920e-01 6.747837960855712636e-02 3.076923076923077094e-01 0.000000000000000000e+00
3.025000000000000000e+03 1.209981455343274170e-01 4.251251706873008795e-01 1.982248520710059303e-01 6.781975421028675621e-02 3.088302230314064478e-01 0.000000000000000000e+00
3.050000000000000000e+03 1.219981302081647456e-01 4.264906690942193990e-01 2.041420118343195145e-01 6.759217114246700298e-02 3.017751479289940697e-01 0.000000000000000000e+00
3.075000000000000000e+03 1.229981148820022963e-01 4.230769230769230727e-01 2.010696404187528319e-01 6.873008648156576916e-02 3.071233500227583124e-01 0.000000000000000000e+00
3.100000000000000000e+03 1.239980995558396248e-01 4.294492489758762188e-01 1.944697314519799602e-01 6.725079654073737312e-02 3.088302230314064478e-01 0.000000000000000000e+00
3.125000000000000000e+03 1.249980842296771755e-01 4.363905325443787064e-01 1.931042330450614408e-01 7.373691397360036814e-02 2.967683204369594985e-01 0.000000000000000000e+00
3.150000000000000000e+03 1.259980689035145041e-01 4.341147018661811741e-01 1.819526627218935044e-01 7.680928538916705073e-02 3.071233500227583124e-01 0.000000000000000000e+00
3.175000000000000000e+03 1.269980535773518326e-01 4.466317705962676299e-01 1.809285389167046010e-01 7.942649066909421296e-02 2.930131998179335562e-01 0.000000000000000000e+00
3.200000000000000000e+03 1.279980382511893833e-01 4.424214838416021811e-01 1.830905780609922706e-01 8.261265361857077216e-02 2.918752844788347622e-01 0.000000000000000000e+00
3.225000000000000000e+03 1.289980229250267119e-01 4.454938552571688914e-01 1.743286299499317293e-01 8.010923987255348655e-02 3.000682749203459343e-01 0.000000000000000000e+00
3.250000000000000000e+03 1.299980075988642625e-01 4.509558488848429691e-01 1.689804278561675144e-01 8.420573509330905870e-02 2.958579881656804855e-01 0.000000000000000000e+00
3.275000000000000000e+03 1.309979922727015911e-01 4.591488393263541412e-01 1.635184342284934089e-01 8.670914883932635819e-02 2.906235776058261333e-01 0.000000000000000000e+00
3.300000000000000000e+03 1.319979769465389197e-01 4.563040509786072119e-01 1.576012744651797970e-01 9.035047792444242387e-02 2.957441966317705950e-01 0.000000000000000000e+00
3.325000000000000000e+03 1.329979616203764703e-01 4.515248065543923661e-01 1.550978607191624836e-01 9.069185252617205373e-02 3.026854802002730827e-01 0.000000000000000000e+00
3.350000000000000000e+03 1.339979462942137989e-01 4.611970869367318926e-01 1.500910332271279124e-01 9.148839326354119006e-02 2.972234865725990050e-01 0.000000000000000000e+00
3.375000000000000000e+03 1.349979309680513495e-01 4.667728720983158608e-01 1.426945835229858905e-01 8.909877105143376719e-02 3.014337733272644537e-01 0.000000000000000000e+00
3.400000000000000000e+03 1.359979156418886781e-01 4.578971324533454568e-01 1.474738279472007363e-01 9.535730541647700897e-02 2.992717341829768118e-01 0.000000000000000000e+00
3.425000000000000000e+03 1.369979003157260067e-01 4.854346836595357373e-01 1.365498406918525254e-01 9.262630860263997012e-02 2.853891670459717811e-01 0.000000000000000000e+00
3.450000000000000000e+03 1.379978849895635573e-01 4.839553937187073274e-01 1.390532544378698110e-01 9.421939007737824279e-02 2.827719617660446327e-01 0.000000000000000000e+00
3.475000000000000000e+03 1.389978696634008859e-01 4.823623122439690269e-01 1.349567592171142527e-01 9.683659535730541890e-02 2.858443331816112876e-01 0.000000000000000000e+00
3.500000000000000000e+03 1.399978543372384365e-01 4.963586709148839482e-01 1.288120163859808875e-01 1.017296313154301274e-01 2.730996813837050508e-01 0.000000000000000000e+00
3.525000000000000000e+03 1.409978390110757651e-01 5.013654984069185749e-01 1.187983614019117035e-01 9.717796995903504875e-02 2.826581702321347422e-01 0.000000000000000000e+00
3.550000000000000000e+03 1.419978236849130937e-01 4.936276741010469093e-01 1.209604005461993592e-01 1.019572143832498806e-01 2.834547109695038647e-01 0.000000000000000000e+00
3.575000000000000000e+03 1.429978083587506443e-01 5.022758306781975879e-01 1.125398270368684617e-01 1.044606281292671801e-01 2.807237141556668258e-01 0.000000000000000000e+00
3.600000000000000000e+03 1.439977930325879729e-01 5.178652708238506985e-01 1.083295402822029990e-01 1.033227127901684139e-01 2.704824761037779024e-01 0.000000000000000000e+00
3.625000000000000000e+03 1.449977777064255235e-01 5.104688211197087044e-01 1.110605370960400518e-01 1.109467455621301751e-01 2.675238962221210826e-01 0.000000000000000000e+00
3.650000000000000000e+03 1.459977623802628521e-01 5.170687300864815761e-01 1.032089212562585373e-01 1.071916249431042328e-01 2.725307237141556538e-01 0.000000000000000000e+00
3.675000000000000000e+03 1.469977470541001807e-01 5.287892580791988539e-01 1.021847974510696339e-01 1.076467910787437393e-01 2.613791533909877174e-01 0.000000000000000000e+00
3.700000000000000000e+03 1.479977317279377313e-01 5.268548020027310486e-01 1.038916704597177970e-01 1.055985434683659602e-01 2.636549840691852498e-01 0.000000000000000000e+00
3.725000000000000000e+03 1.489977164017750599e-01 5.271961766044606090e-01 9.217114246700044977e-02 1.076467910787437393e-01 2.729858898497951603e-01 0.000000000000000000e+00
3.750000000000000000e+03 1.499977010756126106e-01 5.433545744196631722e-01 9.444697314519799602e-02 1.099226217569412856e-01 2.522758306781975324e-01 0.000000000000000000e+00
3.775000000000000000e+03 1.509976857494499392e-01 5.407373691397360238e-01 9.547109695038688559e-02 1.151570323167956239e-01 2.486345015930814806e-01 0.000000000000000000e+00
3.800000000000000000e+03 1.519976704232872677e-01 5.564406008192990249e-01 9.217114246700044977e-02 1.103777878925807920e-01 2.410104688211197055e-01 0.000000000000000000e+00
3.825000000000000000e+03 1.529976550971248184e-01 5.498406918525261533e-01 9.012289485662267063e-02 1.164087391898042806e-01 2.436276741010468816e-01 0.000000000000000000e+00
3.850000000000000000e+03 1.539976397709621470e-01 5.751024123805188459e-01 8.534365043240782489e-02 1.176604460628129234e-01 2.218934911242603503e-01 0.000000000000000000e+00
3.875000000000000000e+03 1.549976244447996976e-01 5.682749203459263043e-01 8.409194355939918208e-02 1.203914428766499761e-01 2.272416932180245652e-01 0.000000000000000000e+00
3.900000000000000000e+03 1.559976091186370262e-01 5.616750113791534327e-01 8.181611288120163583e-02 1.236913973600364119e-01 2.328174783796085612e-01 0.000000000000000000e+00
3.925000000000000000e+03 1.569975937924743548e-01 5.694128356850249872e-01 8.579881656804733137e-02 1.222121074192080159e-01 2.225762403277196100e-01 0.000000000000000000e+00
3.950000000000000000e+03 1.579975784663119054e-01 5.686162949476558648e-01 8.648156577150660496e-02 1.216431497496586189e-01 2.232589895311788697e-01 0.000000000000000000e+00
3.975000000000000000e+03 1.589975631401492340e-01 5.743058716431497235e-01 8.204369594902138907e-02 1.334774692762858428e-01 2.101729631315430169e-01 0.000000000000000000e+00
4.000000000000000000e+03 1.599975478139867846e-01 5.822712790168411701e-01 8.147473827947200598e-02 1.261948111060537114e-01 2.100591715976331264e-01 0.000000000000000000e+00
4.025000000000000000e+03 1.609975324878241132e-01 5.761265361857077494e-01 7.771961766044606368e-02 1.285844333181611343e-01 2.175694128356850388e-01 0.000000000000000000e+00
4.050000000000000000e+03 1.619975171616614418e-01 5.828402366863905115e-01 7.419208010923987462e-02 1.323395539371870766e-01 2.106281292671825234e-01 0.000000000000000000e+00
4.075000000000000000e+03 1.629975018354989924e-01 5.840919435593991960e-01 7.885753299954482987e-02 1.351843422849340060e-01 2.018661811561219821e-01 0.000000000000000000e+00
4.100000000000000000e+03 1.639974865093363210e-01 5.832954028220300735e-01 7.874374146563495325e-02 1.338188438780154865e-01 2.041420118343195145e-01 0.000000000000000000e+00
4.125000000000000000e+03 1.649974711831736496e-01 5.818161128812016081e-01 7.703686845698680397e-02 1.385980883022303045e-01 2.025489303595812418e-01 0.000000000000000000e+00
4.150000000000000000e+03 1.659974558570112002e-01 5.837505689576695245e-01 7.350933090578061491e-02 1.478152025489303523e-01 1.949248975876194945e-01 0.000000000000000000e+00
4.175000000000000000e+03 1.669974405308485288e-01 5.959262630860263643e-01 6.918525261720527564e-02 1.408739189804278646e-01 1.940145653163404538e-01 0.000000000000000000e+00
4.200000000000000000e+03 1.679974252046860794e-01 5.834091943559399640e-01 6.884387801547564578e-02 1.444014565316340537e-01 2.033454710969503920e-01 0.000000000000000000e+00
4.225000000000000000e+03 1.689974098785234080e-01 6.071916249431041912e-01 6.292671825216203385e-02 1.536185707783341015e-01 1.762630860263996457e-01 0.000000000000000000e+00
4.250000000000000000e+03 1.699973945523607366e-01 6.104915794264906825e-01 6.451979972690032039e-02 1.543013199817933612e-01 1.706873008648156498e-01 0.000000000000000000e+00
4.275000000000000000e+03 1.709973792261982872e-01 6.082157487482930946e-01 6.156121984524351443e-02 1.599908966772872199e-01 1.702321347291761433e-01 0.000000000000000000e+00
4.300000000000000000e+03 1.719973639000356158e-01 5.987710514337732937e-01 6.543013199817933334e-02 1.644287664997724219e-01 1.713700500682749095e-01 0.000000000000000000e+00
4.325000000000000000e+03 1.729973485738731664e-01 6.052571688666362748e-01 6.736458807464724974e-02 1.610150204824760956e-01 1.663632225762403383e-01 0.000000000000000000e+00
4.350000000000000000e+03 1.739973332477104950e-01 6.046882111970869333e-01 6.770596267637687959e-02 1.631770596267637652e-01 1.644287664997724219e-01 0.000000000000000000e+00
4.375000000000000000e+03 1.749973179215478236e-01 6.092398725534819981e-01 6.599908966772871644e-02 1.626081019572143960e-01 1.621529358215748617e-01 0.000000000000000000e+00
4.400000000000000000e+03 1.759973025953853742e-01 6.162949476558944317e-01 6.702321347291761988e-02 1.647701411015020379e-01 1.519116977696859383e-01 0.000000000000000000e+00
4.425000000000000000e+03 1.769972872692227028e-01 6.087847064178425471e-01 6.759217114246700298e-02 1.659080564406008318e-01 1.577150659990896597e-01 0.000000000000000000e+00
4.450000000000000000e+03 1.779972719430602535e-01 6.087847064178425471e-01 7.157487482931269851e-02 1.682976786527082269e-01 1.513427401001365413e-01 0.000000000000000000e+00
4.475000000000000000e+03 1.789972566168975820e-01 6.199362767410104835e-01 6.770596267637687959e-02 1.667045971779699542e-01 1.456531634046426826e-01 0.000000000000000000e+00
4.500000000000000000e+03 1.799972412907349106e-01 6.070778334091943007e-01 6.986800182066454923e-02 1.785389167045971781e-01 1.445152480655439164e-01 0.000000000000000000e+00
4.525000000000000000e+03 1.809972259645724613e-01 6.240327719617660973e-01 6.804733727810650945e-02 1.718252162039144160e-01 1.360946745562130189e-01 0.000000000000000000e+00
4.550000000000000000e+03 1.819972106384097899e-01 6.275603095129722586e-01 6.952662721893490549e-02 1.727355484751934567e-01 1.301775147928994070e-01 0.000000000000000000e+00
4.575000000000000000e+03 1.829971953122473405e-01 6.272189349112425871e-01 7.225762403277195822e-02 1.788802913063268218e-01 1.216431497496586189e-01 0.000000000000000000e+00
4.600000000000000000e+03 1.839971799860846691e-01 6.292671825216203940e-01 6.975421028675465873e-02 1.800182066454255880e-01 1.209604005461993592e-01 0.000000000000000000e+00
4.625000000000000000e+03 1.849971646599219977e-01 6.338188438780154588e-01 7.055075102412380894e-02 1.754665452890304955e-01 1.201638598088302229e-01 0.000000000000000000e+00
4.650000000000000000e+03 1.859971493337595483e-01 6.325671370050067743e-01 6.702321347291761988e-02 1.770596267637687682e-01 1.233500227583067821e-01 0.000000000000000000e+00
4.675000000000000000e+03 1.869971340075968769e-01 6.335912608101956778e-01 6.713700500682749650e-02 1.843422849340008995e-01 1.149294492489758707e-01 0.000000000000000000e+00
4.700000000000000000e+03 1.879971186814344275e-01 6.294947655894401750e-01 6.736458807464724974e-02 1.876422394173873354e-01 1.153846153846153910e-01 1.137915339098771066e-04
4.725000000000000000e+03 1.889971033552717561e-01 6.490669094219390090e-01 6.554392353208920996e-02 1.834319526627218866e-01 1.019572143832498806e-01 0.000000000000000000e+00
4.750000000000000000e+03 1.899970880291090847e-01 6.411015020482475624e-01 6.941283568502502888e-02 1.903732362312244020e-01 9.911242603550296515e-02 0.000000000000000000e+00
4.775000000000000000e+03 1.909970727029466353e-01 6.422394173873463563e-01 7.009558488848430247e-02 1.857077833409194467e-01 1.019572143832498806e-01 0.000000000000000000e+00
4.800000000000000000e+03 1.919970573767839639e-01 6.455393718707328476e-01 7.237141556668183484e-02 1.852526172052799402e-01 9.683659535730541890e-02 0.000000000000000000e+00
4.825000000000000000e+03 1.929970420506215145e-01 6.448566226672735047e-01 7.237141556668183484e-02 1.820664542558033672e-01 1.007055075102412378e-01 0.000000000000000000e+00
4.850000000000000000e+03 1.939970267244588431e-01 6.502048247610378029e-01 7.043695949021393232e-02 1.833181611288120239e-01 9.604005461993628257e-02 0.000000000000000000e+00
4.875000000000000000e+03 1.949970113982961717e-01 6.553254437869822091e-01 6.759217114246700298e-02 1.841147018661811463e-01 9.296768320436959998e-02 0.000000000000000000e+00
4.900000000000000000e+03 1.959969960721337223e-01 6.442876649977241632e-01 7.464724624487938109e-02 1.907146108329540179e-01 9.035047792444242387e-02 0.000000000000000000e+00
4.925000000000000000e+03 1.969969807459710509e-01 6.513427401001365968e-01 7.271279016841146470e-02 1.822940373236231204e-01 9.365043240782885969e-02 0.000000000000000000e+00
4.950000000000000000e+03 1.979969654198086015e-01 6.535047792444241832e-01 7.191624943104232837e-02 1.880974055530268418e-01 8.648156577150660496e-02 0.000000000000000000e+00
4.975000000000000000e+03 1.989969500936459301e-01 6.525944469731451703e-01 7.419208010923987462e-02 1.924214838416021811e-01 8.079198907601274626e-02 0.000000000000000000e+00
5.000000000000000000e+03 1.999969347674832587e-01 6.479289940828402150e-01 7.532999544833864081e-02 1.957214383249886169e-01 8.101957214383249950e-02 0.000000000000000000e+00
5.025000000000000000e+03 2.009969194413208093e-01 6.504324078288575839e-01 7.817478379608557015e-02 1.978834774692762866e-01 7.350933090578061491e-02 0.000000000000000000e+00
5.050000000000000000e+03 2.019969041151581379e-01 6.521392808375057193e-01 7.532999544833864081e-02 1.966317705962676299e-01 7.589895311788802390e-02 0.000000000000000000e+00
5.075000000000000000e+03 2.029968887889956886e-01 6.506599908966772539e-01 7.783340919435594030e-02 1.945835229858898507e-01 7.692307692307692735e-02 0.000000000000000000e+00
5.100000000000000000e+03 2.039968734628330171e-01 6.557806099226217711e-01 7.737824305871643382e-02 1.936731907146108378e-01 7.316795630405098505e-02 0.000000000000000000e+00
5.125000000000000000e+03 2.049968581366703457e-01 6.529358215748748417e-01 7.783340919435594030e-02 1.968593536640873831e-01 7.237141556668183484e-02 0.000000000000000000e+00
5.150000000000000000e+03 2.059968428105078964e-01 6.513427401001365968e-01 7.976786527082385669e-02 1.979972690031861493e-01 7.089212562585343880e-02 0.000000000000000000e+00
5.175000000000000000e+03 2.069968274843452249e-01 6.561219845243514426e-01 8.010923987255348655e-02 1.984524351388256835e-01 6.531634046426945672e-02 0.000000000000000000e+00
5.200000000000000000e+03 2.079968121581827756e-01 6.565771506599908935e-01 7.965407373691398007e-02 1.969731451979972736e-01 6.679563040509786664e-02 0.000000000000000000e+00
5.225000000000000000e+03 2.089967968320201042e-01 6.541875284478835262e-01 8.033682294037323979e-02 1.997041420118343125e-01 6.577150659990896320e-02 0.000000000000000000e+00
5.250000000000000000e+03 2.099967815058574327e-01 6.491807009558488994e-01 8.306781975421029252e-02 2.043695949021392677e-01 6.338188438780155420e-02 0.000000000000000000e+00
5.275000000000000000e+03 2.109967661796949834e-01 6.579426490669094685e-01 8.170232134729175921e-02 1.995903504779244497e-01 6.076467910787437116e-02 0.000000000000000000e+00
5.300000000000000000e+03 2.119967508535323120e-01 6.561219845243514426e-01 7.862994993172507663e-02 1.983386436049157930e-01 6.690942193900774326e-02 0.000000000000000000e+00
5.325000000000000000e+03 2.129967355273698626e-01 6.582840236686390289e-01 8.113336367774237612e-02 2.011834319526627224e-01 5.939918070095585173e-02 0.000000000000000000e+00
5.350000000000000000e+03 2.139967202012071912e-01 6.519116977696859383e-01 8.090578060992262288e-02 2.024351388256713791e-01 6.474738279472007363e-02 0.000000000000000000e+00
5.375000000000000000e+03 2.149967048750445198e-01 6.530496131087847322e-01 8.022303140646336317e-02 2.045971779699590487e-01 6.213017751479289752e-02 0.000000000000000000e+00
5.400000000000000000e+03 2.159966895488820704e-01 6.560081929904415521e-01 8.101957214383249950e-02 2.019799726900318726e-01 6.099226217569413133e-02 0.000000000000000000e+00
5.425000000000000000e+03 2.169966742227193990e-01 6.568047337278106745e-01 8.136094674556212936e-02 2.030040964952207483e-01 5.883022303140646170e-02 0.000000000000000000e+00
5.450000000000000000e+03 2.179966588965569496e-01 6.615839781520255203e-01 7.760582612653618706e-02 2.017523896222121194e-01 5.905780609922621494e-02 0.000000000000000000e+00
5.475000000000000000e+03 2.189966435703942782e-01 6.529358215748748417e-01 8.352298588984979899e-02 2.000455166135639562e-01 6.349567592171143082e-02 0.000000000000000000e+00
5.500000000000000000e+03 2.199966282442316068e-01 6.527082385070550608e-01 8.227127901684114231e-02 2.044833864360491582e-01 6.053709604005461792e-02 0.000000000000000000e+00
5.525000000000000000e+03 2.209966129180691574e-01 6.549840691852526486e-01 7.999544833864360993e-02 2.073281747837960876e-01 5.757851615839781195e-02 1.137915339098771066e-04
5.550000000000000000e+03 2.219965975919064860e-01 6.525944469731451703e-01 8.227127901684114231e-02 2.064178425125170746e-01 5.871643149749658508e-02 0.000000000000000000e+00
5.575000000000000000e+03 2.229965822657440366e-01 6.568047337278106745e-01 8.170232134729175921e-02 2.100591715976331264e-01 5.143377332726445372e-02 0.000000000000000000e+00
5.600000000000000000e+03 2.239965669395813652e-01 6.555530268548019901e-01 8.420573509330905870e-02 2.094902139280837572e-01 5.063723258989531045e-02 1.137915339098771066e-04
5.625000000000000000e+03 2.249965516134186938e-01 6.525944469731451703e-01 8.420573509330905870e-02 2.113108784706417831e-01 5.188893946290396020e-02 0.000000000000000000e+00
5.650000000000000000e+03 2.259965362872562444e-01 6.597633136094674944e-01 8.056440600819299303e-02 2.066454255803368278e-01 5.302685480200273332e-02 0.000000000000000000e+00
5.675000000000000000e+03 2.269965209610935730e-01 6.585116067364588099e-01 8.249886208466089554e-02 2.068730086481565811e-01 5.211652253072371344e-02 0.000000000000000000e+00
