# itime ezz other fcc hcp bcc ico
0.000000000000000000e+00 0.000000000000000000e+00 1.365498406918525280e-03 9.986345015930814251e-01 0.000000000000000000e+00 0.000000000000000000e+00 0.000000000000000000e+00
3.000000000000000000e+01 1.199994474527277255e-02 7.965407373691396923e-04 9.992034592626308775e-01 0.000000000000000000e+00 0.000000000000000000e+00 0.000000000000000000e+00
6.000000000000000000e+01 2.399988949054554510e-02 1.820664542558033706e-03 9.981793354574419741e-01 0.000000000000000000e+00 0.000000000000000000e+00 0.000000000000000000e+00
9.000000000000000000e+01 3.599983423581831765e-02 2.275830678197541916e-03 9.977241693218024121e-01 0.000000000000000000e+00 0.000000000000000000e+00 0.000000000000000000e+00
1.200000000000000000e+02 4.799977898109109020e-02 1.194811106053709528e-02 9.877105143377332697e-01 0.000000000000000000e+00 3.413746017296313199e-04 0.000000000000000000e+00
1.500000000000000000e+02 5.999972372636386275e-02 1.604460628129267263e-02 9.832726445152480954e-01 0.000000000000000000e+00 6.827492034592626399e-04 0.000000000000000000e+00
1.800000000000000000e+02 7.199966847163663530e-02 3.527537551206190447e-02 9.637005006827491504e-01 0.000000000000000000e+00 1.024123805188893906e-03 0.000000000000000000e+00
2.100000000000000000e+02 8.399961321690940785e-02 6.975421028675465873e-02 9.271734182976786309e-01 0.000000000000000000e+00 3.072371415566681717e-03 0.000000000000000000e+00
2.400000000000000000e+02 9.599955796218195836e-02 1.272189349112426149e-01 8.642467000455166248e-01 0.000000000000000000e+00 8.534365043240782836e-03 0.000000000000000000e+00
2.700000000000000000e+02 1.079995027074547309e-01 2.354346836595357373e-01 7.479517523896221931e-01 0.000000000000000000e+00 1.661356395084205573e-02 0.000000000000000000e+00
3.000000000000000000e+02 1.199994474527275035e-01 3.809740555302685294e-01 5.745334547109695045e-01 0.000000000000000000e+00 4.449248975876194528e-02 0.000000000000000000e+00
3.300000000000000000e+02 1.319993921980002760e-01 5.271961766044606090e-01 3.805188893946290229e-01 1.251706873008648227e-03 9.103322712790168358e-02 0.000000000000000000e+00
3.600000000000000000e+02 1.439993369432730486e-01 6.456531634046427381e-01 2.104005461993627701e-01 3.413746017296313308e-03 1.405325443786982209e-01 0.000000000000000000e+00
3.900000000000000000e+02 1.559992816885458211e-01 7.005006827492034072e-01 1.108329540282202985e-01 9.672280382339554228e-03 1.789940828402366846e-01 0.000000000000000000e+00
4.200000000000000000e+02 1.679992264338185937e-01 7.478379608557123026e-01 5.678197542102867562e-02 1.888939462903959851e-02 1.764906690942193990e-01 0.000000000000000000e+00
4.500000000000000000e+02 1.799991711790913662e-01 7.758306781975421451e-01 3.584433318161128756e-02 2.435138825671370050e-02 1.639736003641329154e-01 0.000000000000000000e+00
4.800000000000000000e+02 1.919991159243641388e-01 8.177059626763768518e-01 2.685480200273099652e-02 2.298588984979517413e-02 1.324533454710969393e-01 0.000000000000000000e+00
5.100000000000000000e+02 2.039990606696369113e-01 8.471779699590350488e-01 2.048247610377787811e-02 2.753755120619025970e-02 1.048020027309968100e-01 0.000000000000000000e+00
5.400000000000000000e+02 2.159990054149096839e-01 8.830223031406463363e-01 2.071005917159763482e-02 2.810650887573964626e-02 6.816112881201638607e-02 0.000000000000000000e+00
5.700000000000000000e+02 2.279989501601824564e-01 9.091943559399180419e-01 1.615839781520254925e-02 2.969959035047792587e-02 4.494765589440145870e-02 0.000000000000000000e+00
6.000000000000000000e+02 2.399988949054552290e-01 9.220527992717342247e-01 1.467910787437414627e-02 2.708238507055074976e-02 3.607191624943104080e-02 1.137915339098771066e-04
6.300000000000000000e+02 2.519988396507280015e-01 9.335457441966317216e-01 1.513427401001365448e-02 2.253072371415566766e-02 2.878925807919890598e-02 0.000000000000000000e+00
6.600000000000000000e+02 2.639987843960007741e-01 9.392353208921255803e-01 1.627218934911242587e-02 2.036868456986800149e-02 2.412380518889394726e-02 0.000000000000000000e+00
6.900000000000000000e+02 2.759987291412735466e-01 9.440145653163404260e-01 1.331360946745562164e-02 2.116522530723714129e-02 2.150659990896677115e-02 0.000000000000000000e+00
7.200000000000000000e+02 2.879986738865460971e-01 9.545971779699590209e-01 1.160673645880746542e-02 1.832043695949021542e-02 1.547564861174328607e-02 0.000000000000000000e+00
7.500000000000000000e+02 2.999986186318188697e-01 9.573281747837960598e-01 1.217569412835685025e-02 1.684114701866181243e-02 1.365498406918525323e-02 0.000000000000000000e+00
7.800000000000000000e+02 3.119985633770916422e-01 9.621074192080109055e-01 9.899863450159307465e-03 1.502048247610377786e-02 1.297223486572599005e-02 0.000000000000000000e+00
8.100000000000000000e+02 3.239985081223644148e-01 9.647246244879380539e-01 8.534365043240782836e-03 1.365498406918525323e-02 1.297223486572599005e-02 1.137915339098771066e-04
8.400000000000000000e+02 3.359984528676371873e-01 9.709831588529813651e-01 7.624032771961766417e-03 1.319981793354574502e-02 8.079198907601274626e-03 1.137915339098771066e-04
8.700000000000000000e+02 3.479983976129099599e-01 9.715521165225307065e-01 6.372325898953117539e-03 1.308602639963586667e-02 8.875739644970414427e-03 1.137915339098771066e-04
9.000000000000000000e+02 3.599983423581827324e-01 9.745106964041875264e-01 6.258534365043240920e-03 9.558488848429677609e-03 9.444697314519799256e-03 2.275830678197542133e-04
9.300000000000000000e+02 3.719982871034552829e-01 9.778106508875740177e-01 5.689576695493855224e-03 1.126536185707783383e-02 4.893035958124715423e-03 3.413746017296313199e-04
9.600000000000000000e+02 3.839982318487282775e-01 9.819071461083295205e-01 5.234410559854347014e-03 7.737824305871643035e-03 4.779244424214838804e-03 3.413746017296313199e-04
9.900000000000000000e+02 3.959981765940012721e-01 9.831588529813382049e-01 5.006827492034592909e-03 7.624032771961766417e-03 3.868912152935821518e-03 3.413746017296313199e-04
1.020000000000000000e+03 4.079981213392738226e-01 9.809968138370505075e-01 5.348202093764223633e-03 9.786071916249430847e-03 3.413746017296313308e-03 4.551661356395084266e-04
1.050000000000000000e+03 4.199980660845463731e-01 9.838416021847974369e-01 4.893035958124715423e-03 8.079198907601274626e-03 2.958579881656804664e-03 2.275830678197542133e-04
1.080000000000000000e+03 4.319980108298193677e-01 9.841829767865271084e-01 3.868912152935821518e-03 8.420573509330906217e-03 2.730996813837050560e-03 7.965407373691396923e-04
1.110000000000000000e+03 4.439979555750921403e-01 9.874829312699134887e-01 3.868912152935821518e-03 5.689576695493855224e-03 2.617205279927173507e-03 3.413746017296313199e-04
1.140000000000000000e+03 4.559979003203649128e-01 9.880518889394629412e-01 3.527537551206190360e-03 5.803368229403732710e-03 2.389622212107419402e-03 2.275830678197542133e-04
1.170000000000000000e+03 4.679978450656374633e-01 9.890760127446518446e-01 3.186162949476558769e-03 5.348202093764223633e-03 2.048247610377787811e-03 3.413746017296313199e-04
1.200000000000000000e+03 4.799977898109102359e-01 9.911242603550295405e-01 2.503413746017296455e-03 5.006827492034592909e-03 9.103322712790168532e-04 4.551661356395084266e-04
1.230000000000000000e+03 4.919977345561832305e-01 9.921483841602184439e-01 2.844788347746927612e-03 4.096495220755575623e-03 4.551661356395084266e-04 4.551661356395084266e-04
1.260000000000000000e+03 5.039976793014557810e-01 9.936276741010469093e-01 2.048247610377787811e-03 3.527537551206190360e-03 4.551661356395084266e-04 3.413746017296313199e-04
1.290000000000000000e+03 5.159976240467285535e-01 9.928311333636777869e-01 2.730996813837050560e-03 3.072371415566681717e-03 6.827492034592626399e-04 6.827492034592626399e-04
1.320000000000000000e+03 5.279975687920013261e-01 9.922621756941283344e-01 2.048247610377787811e-03 3.868912152935821518e-03 9.103322712790168532e-04 9.103322712790168532e-04
1.350000000000000000e+03 5.399975135372743207e-01 9.921483841602184439e-01 2.048247610377787811e-03 4.096495220755575623e-03 4.551661356395084266e-04 1.251706873008648227e-03
1.380000000000000000e+03 5.519974582825468712e-01 9.935138825671370189e-01 1.479289940828402332e-03 3.413746017296313308e-03 5.689576695493854790e-04 1.024123805188893906e-03
1.410000000000000000e+03 5.639974030278194217e-01 9.945380063723259223e-01 1.137915339098770958e-03 2.958579881656804664e-03 1.024123805188893906e-03 3.413746017296313199e-04
1.440000000000000000e+03 5.759973477730924163e-01 9.959035047792443862e-01 6.827492034592626399e-04 2.503413746017296455e-03 2.275830678197542133e-04 6.827492034592626399e-04
1.470000000000000000e+03 5.879972925183654109e-01 9.965862539827037292e-01 6.827492034592626399e-04 1.820664542558033706e-03 3.413746017296313199e-04 5.689576695493854790e-04
1.500000000000000000e+03 5.999972372636379614e-01 9.976103777878926326e-01 4.551661356395084266e-04 1.251706873008648227e-03 4.551661356395084266e-04 2.275830678197542133e-04
1.530000000000000000e+03 6.119971820089105119e-01 9.962448793809740577e-01 5.689576695493854790e-04 1.365498406918525280e-03 9.103322712790168532e-04 9.103322712790168532e-04
1.560000000000000000e+03 6.239971267541835065e-01 9.962448793809740577e-01 6.827492034592626399e-04 1.706873008648156654e-03 6.827492034592626399e-04 6.827492034592626399e-04
1.590000000000000000e+03 6.359970714994562790e-01 9.970414201183431802e-01 4.551661356395084266e-04 1.593081474738279385e-03 1.137915339098771066e-04 7.965407373691396923e-04
1.620000000000000000e+03 6.479970162447290516e-01 9.967000455166135087e-01 5.689576695493854790e-04 1.593081474738279385e-03 2.275830678197542133e-04 9.103322712790168532e-04
1.650000000000000000e+03 6.599969609900016021e-01 9.977241693218024121e-01 1.137915339098771066e-04 1.137915339098770958e-03 3.413746017296313199e-04 6.827492034592626399e-04
1.680000000000000000e+03 6.719969057352743746e-01 9.974965862539827421e-01 6.827492034592626399e-04 9.103322712790168532e-04 2.275830678197542133e-04 6.827492034592626399e-04
1.710000000000000000e+03 6.839968504805473692e-01 9.970414201183431802e-01 1.024123805188893906e-03 1.024123805188893906e-03 1.137915339098771066e-04 7.965407373691396923e-04
1.740000000000000000e+03 6.959967952258199198e-01 9.974965862539827421e-01 1.137915339098771066e-04 1.251706873008648227e-03 2.275830678197542133e-04 9.103322712790168532e-04
1.770000000000000000e+03 7.079967399710926923e-01 9.981793354574419741e-01 4.551661356395084266e-04 4.551661356395084266e-04 2.275830678197542133e-04 6.827492034592626399e-04
1.800000000000000000e+03 7.199966847163654649e-01 9.977241693218024121e-01 0.000000000000000000e+00 1.251706873008648227e-03 2.275830678197542133e-04 7.965407373691396923e-04
1.830000000000000000e+03 7.319966294616384594e-01 9.969276285844332897e-01 3.413746017296313199e-04 1.137915339098770958e-03 5.689576695493854790e-04 1.024123805188893906e-03
1.860000000000000000e+03 7.439965742069110100e-01 9.979517523896221931e-01 1.137915339098771066e-04 6.827492034592626399e-04 1.137915339098771066e-04 1.137915339098770958e-03
1.890000000000000000e+03 7.559965189521835605e-01 9.976103777878926326e-01 4.551661356395084266e-04 9.103322712790168532e-04 2.275830678197542133e-04 7.965407373691396923e-04
1.920000000000000000e+03 7.679964636974565551e-01 9.979517523896221931e-01 0.000000000000000000e+00 7.965407373691396923e-04 1.137915339098771066e-04 1.137915339098770958e-03
1.950000000000000000e+03 7.799964084427295496e-01 9.976103777878926326e-01 1.137915339098771066e-04 1.251706873008648227e-03 1.137915339098771066e-04 9.103322712790168532e-04
1.980000000000000000e+03 7.919963531880021002e-01 9.982931269913518646e-01 0.000000000000000000e+00 2.275830678197542133e-04 2.275830678197542133e-04 1.251706873008648227e-03
2.010000000000000000e+03 8.039962979332746507e-01 9.977241693218024121e-01 1.137915339098771066e-04 9.103322712790168532e-04 2.275830678197542133e-04 1.024123805188893906e-03
2.040000000000000000e+03 8.159962426785476453e-01 9.978379608557123026e-01 3.413746017296313199e-04 5.689576695493854790e-04 1.137915339098771066e-04 1.137915339098770958e-03
2.070000000000000000e+03 8.279961874238204178e-01 9.978379608557123026e-01 0.000000000000000000e+00 5.689576695493854790e-04 0.000000000000000000e+00 1.593081474738279385e-03
2.100000000000000000e+03 8.399961321690931904e-01 9.977241693218024121e-01 0.000000000000000000e+00 5.689576695493854790e-04 1.137915339098771066e-04 1.593081474738279385e-03
2.130000000000000000e+03 8.519960769143657409e-01 9.981793354574419741e-01 0.000000000000000000e+00 7.965407373691396923e-04 4.551661356395084266e-04 5.689576695493854790e-04
2.160000000000000000e+03 8.639960216596385134e-01 9.980655439235320836e-01 1.137915339098771066e-04 1.024123805188893906e-03 2.275830678197542133e-04 5.689576695493854790e-04
2.190000000000000000e+03 8.759959664049115080e-01 9.961310878470641672e-01 5.689576695493854790e-04 1.706873008648156654e-03 3.413746017296313199e-04 1.251706873008648227e-03
2.220000000000000000e+03 8.879959111501840585e-01 9.971552116522530707e-01 5.689576695493854790e-04 7.965407373691396923e-04 1.137915339098771066e-04 1.365498406918525280e-03
2.250000000000000000e+03 8.999958558954568311e-01 9.972690031861629611e-01 3.413746017296313199e-04 7.965407373691396923e-04 3.413746017296313199e-04 1.251706873008648227e-03
2.280000000000000000e+03 9.119958006407296036e-01 9.982931269913518646e-01 4.551661356395084266e-04 4.551661356395084266e-04 0.000000000000000000e+00 7.965407373691396923e-04
2.310000000000000000e+03 9.239957453860025982e-01 9.979517523896221931e-01 1.137915339098771066e-04 1.137915339098771066e-04 3.413746017296313199e-04 1.479289940828402332e-03
2.340000000000000000e+03 9.359956901312751487e-01 9.980655439235320836e-01 2.275830678197542133e-04 5.689576695493854790e-04 2.275830678197542133e-04 9.103322712790168532e-04
2.370000000000000000e+03 9.479956348765476992e-01 9.976103777878926326e-01 2.275830678197542133e-04 6.827492034592626399e-04 2.275830678197542133e-04 1.251706873008648227e-03
2.400000000000000000e+03 9.599955796218206938e-01 9.974965862539827421e-01 4.551661356395084266e-04 1.024123805188893906e-03 0.000000000000000000e+00 1.024123805188893906e-03
2.430000000000000000e+03 9.719955243670936884e-01 9.979517523896221931e-01 2.275830678197542133e-04 5.689576695493854790e-04 1.137915339098771066e-04 1.137915339098770958e-03
2.460000000000000000e+03 9.839954691123662389e-01 9.981793354574419741e-01 5.689576695493854790e-04 5.689576695493854790e-04 2.275830678197542133e-04 4.551661356395084266e-04
2.490000000000000000e+03 9.959954138576387894e-01 9.974965862539827421e-01 1.137915339098771066e-04 1.251706873008648227e-03 2.275830678197542133e-04 9.103322712790168532e-04
