# itime ezz other fcc hcp bcc ico
0.000000000000000000e+00 0.000000000000000000e+00 1.024123805188893906e-03 9.989758761948110966e-01 0.000000000000000000e+00 0.000000000000000000e+00 0.000000000000000000e+00
3.000000000000000000e+00 1.200068284029631727e-03 9.103322712790168532e-04 9.990896677287209870e-01 0.000000000000000000e+00 0.000000000000000000e+00 0.000000000000000000e+00
6.000000000000000000e+00 2.400136568059485498e-03 1.024123805188893906e-03 9.989758761948110966e-01 0.000000000000000000e+00 0.000000000000000000e+00 0.000000000000000000e+00
9.000000000000000000e+00 3.600204852089117225e-03 4.551661356395084266e-04 9.995448338643604380e-01 0.000000000000000000e+00 0.000000000000000000e+00 0.000000000000000000e+00
1.200000000000000000e+01 4.800273136118970996e-03 1.137915339098771066e-04 9.998862084660901095e-01 0.000000000000000000e+00 0.000000000000000000e+00 0.000000000000000000e+00
1.500000000000000000e+01 6.000341420148602722e-03 1.137915339098771066e-04 9.998862084660901095e-01 0.000000000000000000e+00 0.000000000000000000e+00 0.000000000000000000e+00
1.800000000000000000e+01 7.200409704178456494e-03 9.103322712790168532e-04 9.990896677287209870e-01 0.000000000000000000e+00 0.000000000000000000e+00 0.000000000000000000e+00
2.100000000000000000e+01 8.400477988208088220e-03 9.103322712790168532e-04 9.990896677287209870e-01 0.000000000000000000e+00 0.000000000000000000e+00 0.000000000000000000e+00
2.400000000000000000e+01 9.600546272237719947e-03 4.551661356395084266e-04 9.995448338643604380e-01 0.000000000000000000e+00 0.000000000000000000e+00 0.000000000000000000e+00
2.700000000000000000e+01 1.080061455626757372e-02 6.827492034592626399e-04 9.993172507965407680e-01 0.000000000000000000e+00 0.000000000000000000e+00 0.000000000000000000e+00
3.000000000000000000e+01 1.200068284029720544e-02 9.103322712790168532e-04 9.990896677287209870e-01 0.000000000000000000e+00 0.000000000000000000e+00 0.000000000000000000e+00
3.300000000000000000e+01 1.320075112432705922e-02 1.024123805188893906e-03 9.989758761948110966e-01 0.000000000000000000e+00 0.000000000000000000e+00 0.000000000000000000e+00
3.600000000000000000e+01 1.440081940835669094e-02 1.820664542558033706e-03 9.981793354574419741e-01 0.000000000000000000e+00 0.000000000000000000e+00 0.000000000000000000e+00
3.900000000000000000e+01 1.560088769238654471e-02 2.162039144287664864e-03 9.978379608557123026e-01 0.000000000000000000e+00 0.000000000000000000e+00 0.000000000000000000e+00
4.200000000000000000e+01 1.680095597641617644e-02 1.251706873008648227e-03 9.987482931269913156e-01 0.000000000000000000e+00 0.000000000000000000e+00 0.000000000000000000e+00
4.500000000000000000e+01 1.800102426044580817e-02 5.689576695493854790e-04 9.994310423304506585e-01 0.000000000000000000e+00 0.000000000000000000e+00 0.000000000000000000e+00
4.800000000000000000e+01 1.920109254447566194e-02 4.551661356395084266e-04 9.995448338643604380e-01 0.000000000000000000e+00 0.000000000000000000e+00 0.000000000000000000e+00
5.100000000000000000e+01 2.040116082850529367e-02 6.827492034592626399e-04 9.993172507965407680e-01 0.000000000000000000e+00 0.000000000000000000e+00 0.000000000000000000e+00
5.400000000000000000e+01 2.160122911253514744e-02 1.137915339098770958e-03 9.988620846609012061e-01 0.000000000000000000e+00 0.000000000000000000e+00 0.000000000000000000e+00
5.700000000000000000e+01 2.280129739656477916e-02 1.365498406918525280e-03 9.986345015930814251e-01 0.000000000000000000e+00 0.000000000000000000e+00 0.000000000000000000e+00
6.000000000000000000e+01 2.400136568059463293e-02 2.048247610377787811e-03 9.979517523896221931e-01 0.000000000000000000e+00 0.000000000000000000e+00 0.000000000000000000e+00
6.300000000000000000e+01 2.520143396462426466e-02 2.617205279927173507e-03 9.973827947200728516e-01 0.000000000000000000e+00 0.000000000000000000e+00 0.000000000000000000e+00
6.600000000000000000e+01 2.640150224865389639e-02 2.730996813837050560e-03 9.972690031861629611e-01 0.000000000000000000e+00 0.000000000000000000e+00 0.000000000000000000e+00
6.900000000000000000e+01 2.760157053268375016e-02 2.844788347746927612e-03 9.971552116522530707e-01 0.000000000000000000e+00 0.000000000000000000e+00 0.000000000000000000e+00
7.200000000000000000e+01 2.880163881671338189e-02 2.617205279927173507e-03 9.973827947200728516e-01 0.000000000000000000e+00 0.000000000000000000e+00 0.000000000000000000e+00
7.500000000000000000e+01 3.000170710074323566e-02 2.844788347746927612e-03 9.971552116522530707e-01 0.000000000000000000e+00 0.000000000000000000e+00 0.000000000000000000e+00
7.800000000000000000e+01 3.120177538477286738e-02 3.072371415566681717e-03 9.969276285844332897e-01 0.000000000000000000e+00 0.000000000000000000e+00 0.000000000000000000e+00
8.100000000000000000e+01 3.240184366880249911e-02 3.527537551206190360e-03 9.962448793809740577e-01 0.000000000000000000e+00 2.275830678197542133e-04 0.000000000000000000e+00
8.400000000000000000e+01 3.360191195283235288e-02 3.641329085116067413e-03 9.961310878470641672e-01 0.000000000000000000e+00 2.275830678197542133e-04 0.000000000000000000e+00
8.700000000000000000e+01 3.480198023686198461e-02 3.413746017296313308e-03 9.963586709148839482e-01 0.000000000000000000e+00 2.275830678197542133e-04 0.000000000000000000e+00
9.000000000000000000e+01 3.600204852089183838e-02 3.299954483386436255e-03 9.965862539827037292e-01 0.000000000000000000e+00 1.137915339098771066e-04 0.000000000000000000e+00
9.300000000000000000e+01 3.720211680492147011e-02 4.210286754665453109e-03 9.957897132453344957e-01 0.000000000000000000e+00 0.000000000000000000e+00 0.000000000000000000e+00
9.600000000000000000e+01 3.840218508895132388e-02 3.186162949476558769e-03 9.965862539827037292e-01 0.000000000000000000e+00 2.275830678197542133e-04 0.000000000000000000e+00
9.900000000000000000e+01 3.960225337298095560e-02 2.958579881656804664e-03 9.969276285844332897e-01 0.000000000000000000e+00 1.137915339098771066e-04 0.000000000000000000e+00
1.020000000000000000e+02 4.080232165701058733e-02 4.665452890304961318e-03 9.953345471096950448e-01 0.000000000000000000e+00 0.000000000000000000e+00 0.000000000000000000e+00
1.050000000000000000e+02 4.200238994104044110e-02 4.324078288575329727e-03 9.955621301775148257e-01 0.000000000000000000e+00 1.137915339098771066e-04 0.000000000000000000e+00
1.080000000000000000e+02 4.320245822507007283e-02 4.665452890304961318e-03 9.953345471096950448e-01 0.000000000000000000e+00 0.000000000000000000e+00 0.000000000000000000e+00
1.110000000000000000e+02 4.440252650909992660e-02 6.030951297223486815e-03 9.937414656349567998e-01 0.000000000000000000e+00 2.275830678197542133e-04 0.000000000000000000e+00
1.140000000000000000e+02 4.560259479312955833e-02 7.624032771961766417e-03 9.922621756941283344e-01 0.000000000000000000e+00 1.137915339098771066e-04 0.000000000000000000e+00
1.170000000000000000e+02 4.680266307715941210e-02 1.012744651797906244e-02 9.898725534820209671e-01 0.000000000000000000e+00 0.000000000000000000e+00 0.000000000000000000e+00
1.200000000000000000e+02 4.800273136118904382e-02 1.160673645880746542e-02 9.881656804733728316e-01 0.000000000000000000e+00 2.275830678197542133e-04 0.000000000000000000e+00
1.230000000000000000e+02 4.920279964521867555e-02 1.069640418752844727e-02 9.888484296768320636e-01 0.000000000000000000e+00 4.551661356395084266e-04 0.000000000000000000e+00
1.260000000000000000e+02 5.040286792924852932e-02 9.217114246700046018e-03 9.903277196176604180e-01 0.000000000000000000e+00 4.551661356395084266e-04 0.000000000000000000e+00
1.290000000000000000e+02 5.160293621327816105e-02 9.103322712790167665e-03 9.906690942193900895e-01 0.000000000000000000e+00 2.275830678197542133e-04 0.000000000000000000e+00
1.320000000000000000e+02 5.280300449730801482e-02 8.192990441511151245e-03 9.913518434228493215e-01 0.000000000000000000e+00 4.551661356395084266e-04 0.000000000000000000e+00
1.350000000000000000e+02 5.400307278133764655e-02 1.001365498406918582e-02 9.890760127446518446e-01 0.000000000000000000e+00 9.103322712790168532e-04 0.000000000000000000e+00
1.380000000000000000e+02 5.520314106536750032e-02 1.285844333181611343e-02 9.863450159308146947e-01 0.000000000000000000e+00 7.965407373691396923e-04 0.000000000000000000e+00
1.410000000000000000e+02 5.640320934939713204e-02 1.365498406918525323e-02 9.857760582612653533e-01 0.000000000000000000e+00 5.689576695493854790e-04 0.000000000000000000e+00
1.440000000000000000e+02 5.760327763342676377e-02 1.888939462903959851e-02 9.806554392353209471e-01 0.000000000000000000e+00 4.551661356395084266e-04 0.000000000000000000e+00
1.470000000000000000e+02 5.880334591745661754e-02 2.162039144287665124e-02 9.776968593536641272e-01 0.000000000000000000e+00 6.827492034592626399e-04 0.000000000000000000e+00
1.500000000000000000e+02 6.000341420148624927e-02 1.968593536640873831e-02 9.794037323623122626e-01 0.000000000000000000e+00 9.103322712790168532e-04 0.000000000000000000e+00
1.530000000000000000e+02 6.120348248551610304e-02 1.832043695949021542e-02 9.811106053709603980e-01 0.000000000000000000e+00 5.689576695493854790e-04 0.000000000000000000e+00
1.560000000000000000e+02 6.240355076954573477e-02 1.706873008648156567e-02 9.820209376422394110e-01 0.000000000000000000e+00 9.103322712790168532e-04 0.000000000000000000e+00
1.590000000000000000e+02 6.360361905357558854e-02 1.593081474738279601e-02 9.829312699135184239e-01 0.000000000000000000e+00 1.137915339098770958e-03 0.000000000000000000e+00
1.620000000000000000e+02 6.480368733760522026e-02 1.763768775603095224e-02 9.815657715065999600e-01 0.000000000000000000e+00 7.965407373691396923e-04 0.000000000000000000e+00
1.650000000000000000e+02 6.600375562163485199e-02 2.309968138370505075e-02 9.759899863450158808e-01 0.000000000000000000e+00 9.103322712790168532e-04 0.000000000000000000e+00
1.680000000000000000e+02 6.720382390566470576e-02 2.708238507055074976e-02 9.717796995903504875e-01 0.000000000000000000e+00 1.137915339098770958e-03 0.000000000000000000e+00
1.710000000000000000e+02 6.840389218969433749e-02 3.106508875739644876e-02 9.674556213017750927e-01 0.000000000000000000e+00 1.479289940828402332e-03 0.000000000000000000e+00
1.740000000000000000e+02 6.960396047372419126e-02 3.208921256258534527e-02 9.670004551661356418e-01 0.000000000000000000e+00 9.103322712790168532e-04 0.000000000000000000e+00
1.770000000000000000e+02 7.080402875775382299e-02 3.618570778334091742e-02 9.624487938097405770e-01 0.000000000000000000e+00 1.365498406918525280e-03 0.000000000000000000e+00
1.800000000000000000e+02 7.200409704178367676e-02 3.812016385980882688e-02 9.601729631315429891e-01 0.000000000000000000e+00 1.706873008648156654e-03 0.000000000000000000e+00
1.830000000000000000e+02 7.320416532581330848e-02 3.959945380063722986e-02 9.583522985889849632e-01 0.000000000000000000e+00 2.048247610377787811e-03 0.000000000000000000e+00
1.860000000000000000e+02 7.440423360984294021e-02 4.085116067364587961e-02 9.567592171142467183e-01 0.000000000000000000e+00 2.389622212107419402e-03 0.000000000000000000e+00
1.890000000000000000e+02 7.560430189387279398e-02 4.665452890304961492e-02 9.519799726900318726e-01 0.000000000000000000e+00 1.365498406918525280e-03 0.000000000000000000e+00
1.920000000000000000e+02 7.680437017790242571e-02 5.018206645425580398e-02 9.484524351388257113e-01 0.000000000000000000e+00 1.365498406918525280e-03 0.000000000000000000e+00
1.950000000000000000e+02 7.800443846193227948e-02 5.439235320892125969e-02 9.436731907146108655e-01 0.000000000000000000e+00 1.934456076467910759e-03 0.000000000000000000e+00
1.980000000000000000e+02 7.920450674596191121e-02 5.871643149749658508e-02 9.388939462903960198e-01 0.000000000000000000e+00 2.389622212107419402e-03 0.000000000000000000e+00
2.010000000000000000e+02 8.040457502999154293e-02 6.577150659990896320e-02 9.324078288575330387e-01 0.000000000000000000e+00 1.820664542558033706e-03 0.000000000000000000e+00
2.040000000000000000e+02 8.160464331402139671e-02 6.770596267637687959e-02 9.293354574419663283e-01 0.000000000000000000e+00 2.958579881656804664e-03 0.000000000000000000e+00
2.070000000000000000e+02 8.280471159805102843e-02 6.543013199817933334e-02 9.314974965862540257e-01 0.000000000000000000e+00 3.072371415566681717e-03 0.000000000000000000e+00
2.100000000000000000e+02 8.400477988208088220e-02 6.725079654073737312e-02 9.293354574419663283e-01 0.000000000000000000e+00 3.413746017296313308e-03 0.000000000000000000e+00
2.130000000000000000e+02 8.520484816611051393e-02 7.077833409194356218e-02 9.247837960855712636e-01 0.000000000000000000e+00 4.437869822485207214e-03 0.000000000000000000e+00
2.160000000000000000e+02 8.640491645014036770e-02 7.658170232134729749e-02 9.193218024578971859e-01 0.000000000000000000e+00 4.096495220755575623e-03 0.000000000000000000e+00
2.190000000000000000e+02 8.760498473416999943e-02 7.908511606736458310e-02 9.165908056440600360e-01 0.000000000000000000e+00 4.324078288575329727e-03 0.000000000000000000e+00
2.220000000000000000e+02 8.880505301819963115e-02 8.739189804278561791e-02 9.078288575329995780e-01 0.000000000000000000e+00 4.779244424214838804e-03 0.000000000000000000e+00
2.250000000000000000e+02 9.000512130222948493e-02 9.558488848429676221e-02 8.994082840236686804e-01 0.000000000000000000e+00 5.006827492034592909e-03 0.000000000000000000e+00
2.280000000000000000e+02 9.120518958625911665e-02 9.797451069640418508e-02 8.958807464724624081e-01 0.000000000000000000e+00 6.144742831133363434e-03 0.000000000000000000e+00
2.310000000000000000e+02 9.240525787028897042e-02 1.013882567137004975e-01 8.921256258534364658e-01 0.000000000000000000e+00 6.486117432862995025e-03 0.000000000000000000e+00
2.340000000000000000e+02 9.360532615431860215e-02 1.082157487482931224e-01 8.845015930814746907e-01 0.000000000000000000e+00 7.282658170232134826e-03 0.000000000000000000e+00
2.370000000000000000e+02 9.480539443834845592e-02 1.217569412835685094e-01 8.710741920801092775e-01 0.000000000000000000e+00 7.168866636322257339e-03 0.000000000000000000e+00
2.400000000000000000e+02 9.600546272237808765e-02 1.349567592171142527e-01 8.563950842057350687e-01 0.000000000000000000e+00 8.648156577150659455e-03 0.000000000000000000e+00
2.430000000000000000e+02 9.720553100640771937e-02 1.444014565316340537e-01 8.454710969503869133e-01 0.000000000000000000e+00 1.012744651797906244e-02 0.000000000000000000e+00
2.460000000000000000e+02 9.840559929043757315e-02 1.554392353208921274e-01 8.338643604915794150e-01 0.000000000000000000e+00 1.069640418752844727e-02 0.000000000000000000e+00
2.490000000000000000e+02 9.960566757446720487e-02 1.670459717796995980e-01 8.219162494310423561e-01 0.000000000000000000e+00 1.103777878925807886e-02 0.000000000000000000e+00
2.520000000000000000e+02 1.008057358584970586e-01 1.777423759672280279e-01 8.092853891670459543e-01 0.000000000000000000e+00 1.297223486572599005e-02 0.000000000000000000e+00
2.550000000000000000e+02 1.020058041425266904e-01 1.812699135184342170e-01 8.042785616750113276e-01 0.000000000000000000e+00 1.445152480655439303e-02 0.000000000000000000e+00
2.580000000000000000e+02 1.032058724265565441e-01 1.921939007737824279e-01 7.939235320892125136e-01 0.000000000000000000e+00 1.388256713700500647e-02 0.000000000000000000e+00
2.610000000000000000e+02 1.044059407105861759e-01 2.025489303595812418e-01 7.839098771051433712e-01 0.000000000000000000e+00 1.354119253527537488e-02 0.000000000000000000e+00
2.640000000000000000e+02 1.056060089946158076e-01 2.146108329540282189e-01 7.712790168411469693e-01 0.000000000000000000e+00 1.411015020482476144e-02 0.000000000000000000e+00
2.670000000000000000e+02 1.068060772786456614e-01 2.261037778789257990e-01 7.585343650432407880e-01 0.000000000000000000e+00 1.536185707783340945e-02 0.000000000000000000e+00
2.700000000000000000e+02 1.080061455626752931e-01 2.348657259899863403e-01 7.480655439235320836e-01 0.000000000000000000e+00 1.706873008648156567e-02 0.000000000000000000e+00
2.730000000000000000e+02 1.092062138467051469e-01 2.393035958124715423e-01 7.407828857532999800e-01 0.000000000000000000e+00 1.991351843422849502e-02 0.000000000000000000e+00
2.760000000000000000e+02 1.104062821307347786e-01 2.418070095584888557e-01 7.378243058716431602e-01 0.000000000000000000e+00 2.036868456986800149e-02 0.000000000000000000e+00
2.790000000000000000e+02 1.116063504147646324e-01 2.444242148384160318e-01 7.345243513882566688e-01 0.000000000000000000e+00 2.105143377332726468e-02 0.000000000000000000e+00
2.820000000000000000e+02 1.128064186987942641e-01 2.500000000000000000e-01 7.278106508875740177e-01 0.000000000000000000e+00 2.218934911242603433e-02 0.000000000000000000e+00
2.850000000000000000e+02 1.140064869828238958e-01 2.652480655439235502e-01 7.105143377332726606e-01 0.000000000000000000e+00 2.423759672280382388e-02 0.000000000000000000e+00
2.880000000000000000e+02 1.152065552668537496e-01 2.779927173418297870e-01 6.961766044606281234e-01 0.000000000000000000e+00 2.583067819754210348e-02 0.000000000000000000e+00
2.910000000000000000e+02 1.164066235508833813e-01 2.866408739189804100e-01 6.860491579426490905e-01 0.000000000000000000e+00 2.730996813837050646e-02 0.000000000000000000e+00
2.940000000000000000e+02 1.176066918349132351e-01 3.065543923532089154e-01 6.668183887118798170e-01 0.000000000000000000e+00 2.662721893491124328e-02 0.000000000000000000e+00
2.970000000000000000e+02 1.188067601189428668e-01 3.149749658625398130e-01 6.556668183887118806e-01 0.000000000000000000e+00 2.935821574874829254e-02 0.000000000000000000e+00
3.000000000000000000e+02 1.200068284029727206e-01 3.263541192535275304e-01 6.414428766499772339e-01 0.000000000000000000e+00 3.220300409649522189e-02 0.000000000000000000e+00
3.030000000000000000e+02 1.212068966870023523e-01 3.487710514337733492e-01 6.181156121984524576e-01 0.000000000000000000e+00 3.311333636777423484e-02 0.000000000000000000e+00
3.060000000000000000e+02 1.224069649710319840e-01 3.648156577150660218e-01 6.008192990441511006e-01 0.000000000000000000e+00 3.436504324078288458e-02 0.000000000000000000e+00
3.090000000000000000e+02 1.236070332550618378e-01 3.766499772416932457e-01 5.860263996358671124e-01 3.413746017296313199e-04 3.698224852071006069e-02 0.000000000000000000e+00
3.120000000000000000e+02 1.248071015390914695e-01 3.912152935821575084e-01 5.686162949476558648e-01 2.275830678197542133e-04 3.994082840236686666e-02 0.000000000000000000e+00
3.150000000000000000e+02 1.260071698231213233e-01 4.073736913973600160e-01 5.520027309968138507e-01 1.137915339098771066e-04 4.050978607191624975e-02 0.000000000000000000e+00
3.180000000000000000e+02 1.272072381071509550e-01 4.250113791533909890e-01 5.301547564861174289e-01 1.137915339098771066e-04 4.472007282658170546e-02 0.000000000000000000e+00
3.210000000000000000e+02 1.284073063911808088e-01 4.454938552571688914e-01 5.073964497041419941e-01 1.137915339098771066e-04 4.699590350477924477e-02 0.000000000000000000e+00
3.240000000000000000e+02 1.296073746752104405e-01 4.593764223941738667e-01 4.890760127446517891e-01 2.275830678197542133e-04 5.131998179335457710e-02 0.000000000000000000e+00
3.270000000000000000e+02 1.308074429592400723e-01 4.724624487938097195e-01 4.720072826581702130e-01 3.413746017296313199e-04 5.518889394629039602e-02 0.000000000000000000e+00
3.300000000000000000e+02 1.320075112432699260e-01 4.852071005917159563e-01 4.563040509786072119e-01 2.275830678197542133e-04 5.826126536185707860e-02 0.000000000000000000e+00
3.330000000000000000e+02 1.332075795272995578e-01 5.054619936276740777e-01 4.352526172052799125e-01 4.551661356395084266e-04 5.883022303140646170e-02 0.000000000000000000e+00
3.360000000000000000e+02 1.344076478113294115e-01 5.159308147473827821e-01 4.184114701866181174e-01 3.413746017296313199e-04 6.531634046426945672e-02 0.000000000000000000e+00
3.390000000000000000e+02 1.356077160953590433e-01 5.310650887573964418e-01 3.998634501593081314e-01 6.827492034592626399e-04 6.838871187983613931e-02 0.000000000000000000e+00
3.420000000000000000e+02 1.368077843793886750e-01 5.491579426490669213e-01 3.797223486572599005e-01 9.103322712790168532e-04 7.020937642239417908e-02 0.000000000000000000e+00
3.450000000000000000e+02 1.380078526634185287e-01 5.642922166590805810e-01 3.606053709604005730e-01 1.251706873008648227e-03 7.385070550751024476e-02 0.000000000000000000e+00
3.480000000000000000e+02 1.392079209474481605e-01 5.819299044151114986e-01 3.403504779244423961e-01 1.365498406918525280e-03 7.635411925352754425e-02 0.000000000000000000e+00
3.510000000000000000e+02 1.404079892314780142e-01 6.016158397815202230e-01 3.158852981338188259e-01 1.251706873008648227e-03 8.124715521165225274e-02 0.000000000000000000e+00
3.540000000000000000e+02 1.416080575155076460e-01 6.139053254437869533e-01 2.992717341829768118e-01 1.593081474738279385e-03 8.522985889849794827e-02 0.000000000000000000e+00
3.570000000000000000e+02 1.428081257995374997e-01 6.268775603095130267e-01 2.827719617660446327e-01 1.593081474738279385e-03 8.875739644970413733e-02 0.000000000000000000e+00
3.600000000000000000e+02 1.440081940835671315e-01 6.351843422849340337e-01 2.670687300864815761e-01 1.706873008648156654e-03 9.604005461993628257e-02 0.000000000000000000e+00
3.630000000000000000e+02 1.452082623675967632e-01 6.457669549385525176e-01 2.527309968138370389e-01 2.503413746017296455e-03 9.899863450159307465e-02 0.000000000000000000e+00
3.660000000000000000e+02 1.464083306516266170e-01 6.562357760582612221e-01 2.381656804733727761e-01 3.186162949476558769e-03 1.024123805188894010e-01 0.000000000000000000e+00
3.690000000000000000e+02 1.476083989356562487e-01 6.653390987710514626e-01 2.236003641329085134e-01 3.755120619025944465e-03 1.073054164770141095e-01 0.000000000000000000e+00
3.720000000000000000e+02 1.488084672196861025e-01 6.752389622212107145e-01 2.104005461993627701e-01 4.324078288575329727e-03 1.100364132908511622e-01 0.000000000000000000e+00
3.750000000000000000e+02 1.500085355037157342e-01 6.801319981793354508e-01 1.984524351388256835e-01 5.575785161583977738e-03 1.158397815202548975e-01 0.000000000000000000e+00
3.780000000000000000e+02 1.512086037877455880e-01 6.846836595357305155e-01 1.890077378243058825e-01 5.803368229403732710e-03 1.205052344105598527e-01 0.000000000000000000e+00
3.810000000000000000e+02 1.524086720717752197e-01 6.920801092398725096e-01 1.774010013654984119e-01 7.055075102412380721e-03 1.234638142922166587e-01 0.000000000000000000e+00
3.840000000000000000e+02 1.536087403558048514e-01 6.941283568502503165e-01 1.721665908056440597e-01 7.396449704142011444e-03 1.263086026399635742e-01 0.000000000000000000e+00
3.870000000000000000e+02 1.548088086398347052e-01 7.007282658170231882e-01 1.606736458807464796e-01 8.306781975421027864e-03 1.302913063268092975e-01 0.000000000000000000e+00
3.900000000000000000e+02 1.560088769238643369e-01 7.115384615384615641e-01 1.486117432862995025e-01 9.330905780609922637e-03 1.305188893946290507e-01 0.000000000000000000e+00
3.930000000000000000e+02 1.572089452078941907e-01 7.197314519799726806e-01 1.368912152935821691e-01 1.092398725534820224e-02 1.324533454710969393e-01 0.000000000000000000e+00
3.960000000000000000e+02 1.584090134919238224e-01 7.278106508875740177e-01 1.246017296313154249e-01 1.046882111970869403e-02 1.371187983614019223e-01 0.000000000000000000e+00
3.990000000000000000e+02 1.596090817759536762e-01 7.331588529813382049e-01 1.174328629949931702e-01 1.069640418752844727e-02 1.387118798361401950e-01 0.000000000000000000e+00
4.020000000000000000e+02 1.608091500599833079e-01 7.357760582612653533e-01 1.100364132908511622e-01 1.092398725534820224e-02 1.432635411925352875e-01 0.000000000000000000e+00
4.050000000000000000e+02 1.620092183440129396e-01 7.372553482020938187e-01 1.075329995448338627e-01 1.388256713700500647e-02 1.413290851160673711e-01 0.000000000000000000e+00
4.080000000000000000e+02 1.632092866280427934e-01 7.415794264906691025e-01 1.021847974510696339e-01 1.376877560309512985e-02 1.424670004551661373e-01 0.000000000000000000e+00
4.110000000000000000e+02 1.644093549120724251e-01 7.479517523896221931e-01 9.569868001820663883e-02 1.456531634046426965e-02 1.417842512517068776e-01 0.000000000000000000e+00
4.140000000000000000e+02 1.656094231961022789e-01 7.495448338643604380e-01 9.103322712790168358e-02 1.593081474738279601e-02 1.434911242603550408e-01 0.000000000000000000e+00
4.170000000000000000e+02 1.668094914801319106e-01 7.529585798816568198e-01 8.534365043240782489e-02 1.752389622212107562e-02 1.441738734638143005e-01 0.000000000000000000e+00
4.200000000000000000e+02 1.680095597641617644e-01 7.614929449248976079e-01 7.897132453345470648e-02 1.843422849340009204e-02 1.411015020482476179e-01 0.000000000000000000e+00
4.230000000000000000e+02 1.692096280481913961e-01 7.674101046882112476e-01 7.316795630405098505e-02 1.888939462903959851e-02 1.405325443786982209e-01 0.000000000000000000e+00
4.260000000000000000e+02 1.704096963322210279e-01 7.690031861629494925e-01 6.975421028675465873e-02 1.945835229858898507e-02 1.417842512517068776e-01 0.000000000000000000e+00
4.290000000000000000e+02 1.716097646162508816e-01 7.744651797906235702e-01 6.565771506599908658e-02 1.945835229858898507e-02 1.404187528447883582e-01 0.000000000000000000e+00
4.320000000000000000e+02 1.728098329002805134e-01 7.849340009103322746e-01 6.360946745562130744e-02 1.923076923076923184e-02 1.322257624032771861e-01 0.000000000000000000e+00
4.350000000000000000e+02 1.740099011843103671e-01 7.893718707328174489e-01 5.951297223486572835e-02 2.048247610377787811e-02 1.306326809285389134e-01 0.000000000000000000e+00
4.380000000000000000e+02 1.752099694683399989e-01 7.925580336822940497e-01 5.917159763313609155e-02 2.162039144287665124e-02 1.266499772416932179e-01 0.000000000000000000e+00
4.410000000000000000e+02 1.764100377523698526e-01 7.938097405553027341e-01 5.780609922621757213e-02 2.162039144287665124e-02 1.267637687756031084e-01 0.000000000000000000e+00
4.440000000000000000e+02 1.776101060363994844e-01 8.004096495220756058e-01 5.450614474283113631e-02 2.082385070550751144e-02 1.242603550295857950e-01 0.000000000000000000e+00
4.470000000000000000e+02 1.788101743204291161e-01 8.032544378698225351e-01 5.120619025944470049e-02 2.207555757851615771e-02 1.234638142922166587e-01 0.000000000000000000e+00
4.500000000000000000e+02 1.800102426044589699e-01 8.027992717341829731e-01 5.188893946290396020e-02 2.241693218024579104e-02 1.228948566226672756e-01 0.000000000000000000e+00
4.530000000000000000e+02 1.812103108884886016e-01 8.057578516158397930e-01 4.984069185252617412e-02 2.321347291761493084e-02 1.211879836140191125e-01 0.000000000000000000e+00
4.560000000000000000e+02 1.824103791725184553e-01 8.045061447428311086e-01 4.938552571688666071e-02 2.412380518889394726e-02 1.219845243513882627e-01 0.000000000000000000e+00
4.590000000000000000e+02 1.836104474565480871e-01 8.033682294037323146e-01 4.813381884387801790e-02 2.537551206190259354e-02 1.231224396904870289e-01 0.000000000000000000e+00
4.620000000000000000e+02 1.848105157405777188e-01 8.064406008192990249e-01 4.631315430131998506e-02 2.651342740100136666e-02 1.207328174783796060e-01 0.000000000000000000e+00
4.650000000000000000e+02 1.860105840246075726e-01 8.117888029130633232e-01 4.517523896222121194e-02 2.765134274010013632e-02 1.153846153846153910e-01 0.000000000000000000e+00
4.680000000000000000e+02 1.872106523086372043e-01 8.162266727355484974e-01 4.335457441966317910e-02 2.674101046882111990e-02 1.136777423759672279e-01 0.000000000000000000e+00
4.710000000000000000e+02 1.884107205926670581e-01 8.156577150659990449e-01 4.164770141101502288e-02 2.719617660446062984e-02 1.154984069185252676e-01 0.000000000000000000e+00
4.740000000000000000e+02 1.896107888766966898e-01 8.154301319981793750e-01 3.994082840236686666e-02 2.787892580791988956e-02 1.167501137915339104e-01 0.000000000000000000e+00
4.770000000000000000e+02 1.908108571607265436e-01 8.174783796085570708e-01 3.959945380063722986e-02 2.822030040964952288e-02 1.147018661811561174e-01 0.000000000000000000e+00
4.800000000000000000e+02 1.920109254447561753e-01 8.218024578971324656e-01 3.755120619025944378e-02 2.924442421483841592e-02 1.114019116977696816e-01 0.000000000000000000e+00
4.830000000000000000e+02 1.932109937287858070e-01 8.240782885753299425e-01 3.834774692762858705e-02 2.992717341829767910e-02 1.076467910787437393e-01 0.000000000000000000e+00
4.860000000000000000e+02 1.944110620128156608e-01 8.268092853891670924e-01 3.789258079198907364e-02 2.913063268092853930e-02 1.061675011379153433e-01 0.000000000000000000e+00
4.890000000000000000e+02 1.956111302968452925e-01 8.305644060081930347e-01 3.743741465634956717e-02 2.969959035047792587e-02 1.021847974510696339e-01 1.137915339098771066e-04
4.920000000000000000e+02 1.968111985808751463e-01 8.350022758306782089e-01 3.607191624943104080e-02 2.742375967228038308e-02 1.013882567137004975e-01 1.137915339098771066e-04
4.950000000000000000e+02 1.980112668649047780e-01 8.336367774237596340e-01 3.504779244424215123e-02 2.765134274010013632e-02 1.035502958579881672e-01 1.137915339098771066e-04
4.980000000000000000e+02 1.992113351489346318e-01 8.370505234410560158e-01 3.459262630860263782e-02 2.810650887573964626e-02 1.002503413746017313e-01 0.000000000000000000e+00
5.010000000000000000e+02 2.004114034329642635e-01 8.394401456531633832e-01 3.470641784251251444e-02 2.696859353664087314e-02 9.888484296768319803e-02 0.000000000000000000e+00
5.040000000000000000e+02 2.016114717169938952e-01 8.437642239417387779e-01 3.436504324078288458e-02 2.628584433318160996e-02 9.558488848429676221e-02 0.000000000000000000e+00
5.070000000000000000e+02 2.028115400010237490e-01 8.422849340009103125e-01 3.482020937642239106e-02 2.913063268092853930e-02 9.376422394173873631e-02 0.000000000000000000e+00
5.100000000000000000e+02 2.040116082850533807e-01 8.463814292216659263e-01 3.413746017296313134e-02 2.799271734182976618e-02 9.148839326354119006e-02 0.000000000000000000e+00
5.130000000000000000e+02 2.052116765690832345e-01 8.482020937642239522e-01 3.208921256258534527e-02 2.947200728265816916e-02 9.012289485662267063e-02 1.137915339098771066e-04
5.160000000000000000e+02 2.064117448531128662e-01 8.486572598998634032e-01 3.038233955393718558e-02 3.060992262175694228e-02 9.035047792444242387e-02 0.000000000000000000e+00
5.190000000000000000e+02 2.076118131371427200e-01 8.526399635867091265e-01 3.026854802002730896e-02 2.958579881656804578e-02 8.750568957669549452e-02 0.000000000000000000e+00
5.220000000000000000e+02 2.088118814211723517e-01 8.550295857988166048e-01 2.992717341829767910e-02 2.958579881656804578e-02 8.545744196631770151e-02 0.000000000000000000e+00
5.250000000000000000e+02 2.100119497052019835e-01 8.624260355029585989e-01 2.833409194355939950e-02 2.935821574874829254e-02 7.988165680473373331e-02 0.000000000000000000e+00
5.280000000000000000e+02 2.112120179892318372e-01 8.660673645880746507e-01 2.787892580791988956e-02 2.901684114701866268e-02 7.703686845698680397e-02 0.000000000000000000e+00
5.310000000000000000e+02 2.124120862732614690e-01 8.680018206645425671e-01 2.719617660446062984e-02 3.038233955393718558e-02 7.441966317705962786e-02 0.000000000000000000e+00
5.340000000000000000e+02 2.136121545572913227e-01 8.669776968593536637e-01 2.708238507055074976e-02 2.992717341829767910e-02 7.601274465179790052e-02 0.000000000000000000e+00
5.370000000000000000e+02 2.148122228413209545e-01 8.702776513427401550e-01 2.537551206190259354e-02 3.038233955393718558e-02 7.396449704142012138e-02 0.000000000000000000e+00
5.400000000000000000e+02 2.160122911253508082e-01 8.741465634956758768e-01 2.537551206190259354e-02 3.152025489303595523e-02 6.895766954938552240e-02 0.000000000000000000e+00
5.430000000000000000e+02 2.172123594093804400e-01 8.747155211652253293e-01 2.526172052799271692e-02 3.174783796085571541e-02 6.827492034592626269e-02 0.000000000000000000e+00
5.460000000000000000e+02 2.184124276934100717e-01 8.759672280382339027e-01 2.537551206190259354e-02 3.174783796085571541e-02 6.690942193900774326e-02 0.000000000000000000e+00
5.490000000000000000e+02 2.196124959774399255e-01 8.793809740555302845e-01 2.674101046882111990e-02 2.958579881656804578e-02 6.429221665908056715e-02 0.000000000000000000e+00
5.520000000000000000e+02 2.208125642614695572e-01 8.814292216659080914e-01 2.617205279927173334e-02 2.992717341829767910e-02 6.247155211652252738e-02 0.000000000000000000e+00
5.550000000000000000e+02 2.220126325454994110e-01 8.813154301319982009e-01 2.560309512972235024e-02 3.049613108784706567e-02 6.258534365043240399e-02 0.000000000000000000e+00
5.580000000000000000e+02 2.232127008295290427e-01 8.860946745562130467e-01 2.389622212107419055e-02 2.924442421483841592e-02 6.076467910787437116e-02 0.000000000000000000e+00
5.610000000000000000e+02 2.244127691135588964e-01 8.876877560309512916e-01 2.298588984979517413e-02 2.947200728265816916e-02 5.985434683659535821e-02 0.000000000000000000e+00
5.640000000000000000e+02 2.256128373975885282e-01 8.874601729631315106e-01 2.344105598543468408e-02 3.015475648611743234e-02 5.894401456531633832e-02 0.000000000000000000e+00
5.670000000000000000e+02 2.268129056816181599e-01 8.901911697769685494e-01 2.241693218024579104e-02 3.106508875739644876e-02 5.632680928538916915e-02 0.000000000000000000e+00
5.700000000000000000e+02 2.280129739656480137e-01 8.916704597177970149e-01 2.321347291761493084e-02 3.220300409649522189e-02 5.291306326809285671e-02 0.000000000000000000e+00
5.730000000000000000e+02 2.292130422496776454e-01 8.941738734638142727e-01 2.309968138370505075e-02 3.163404642694583185e-02 5.109239872553481693e-02 0.000000000000000000e+00
5.760000000000000000e+02 2.304131105337074992e-01 8.963359126081019701e-01 2.309968138370505075e-02 2.981338188438780248e-02 5.075102412380518707e-02 0.000000000000000000e+00
5.790000000000000000e+02 2.316131788177371309e-01 8.970186618115612021e-01 2.287209831588529751e-02 3.015475648611743234e-02 4.995448338643605074e-02 0.000000000000000000e+00
5.820000000000000000e+02 2.328132471017667626e-01 8.987255348202093375e-01 2.139280837505689453e-02 3.083750568957669552e-02 4.904415111515703085e-02 0.000000000000000000e+00
5.850000000000000000e+02 2.340133153857966164e-01 9.011151570323168158e-01 2.082385070550751144e-02 3.163404642694583185e-02 4.642694583522986168e-02 0.000000000000000000e+00
5.880000000000000000e+02 2.352133836698262481e-01 9.087391898042785909e-01 1.900318616294947513e-02 2.969959035047792587e-02 4.244424214838415921e-02 1.137915339098771066e-04
5.910000000000000000e+02 2.364134519538561019e-01 9.085116067364588099e-01 1.832043695949021542e-02 3.026854802002730896e-02 4.289940828402366568e-02 0.000000000000000000e+00
5.940000000000000000e+02 2.376135202378857336e-01 9.081702321347291385e-01 1.763768775603095224e-02 3.220300409649522189e-02 4.198907601274465273e-02 0.000000000000000000e+00
5.970000000000000000e+02 2.388135885219155874e-01 9.103322712790168358e-01 1.763768775603095224e-02 3.265817023213472836e-02 3.937187073281747662e-02 0.000000000000000000e+00
6.000000000000000000e+02 2.400136568059452191e-01 9.097633136094674944e-01 1.900318616294947513e-02 3.277196176604460498e-02 3.846153846153846367e-02 0.000000000000000000e+00
6.030000000000000000e+02 2.412137250899748508e-01 9.093081474738279324e-01 2.002730996813837164e-02 3.322712790168411146e-02 3.743741465634956717e-02 0.000000000000000000e+00
6.060000000000000000e+02 2.424137933740047046e-01 9.083978152025489194e-01 2.082385070550751144e-02 3.345471096950387163e-02 3.732362312243969055e-02 0.000000000000000000e+00
6.090000000000000000e+02 2.436138616580343363e-01 9.055530268548019901e-01 2.127901684114701791e-02 3.550295857988165771e-02 3.755120619025944378e-02 1.137915339098771066e-04
6.120000000000000000e+02 2.448139299420641901e-01 9.079426490669094685e-01 2.184797451069640448e-02 3.390987710514337811e-02 3.629949931725079404e-02 0.000000000000000000e+00
6.150000000000000000e+02 2.460139982260938218e-01 9.088529813381884814e-01 2.173418297678652786e-02 3.379608557123350149e-02 3.561675011379153433e-02 0.000000000000000000e+00
6.180000000000000000e+02 2.472140665101236756e-01 9.098771051433773849e-01 2.082385070550751144e-02 3.425125170687300796e-02 3.493400091033227461e-02 1.137915339098771066e-04
6.210000000000000000e+02 2.484141347941533073e-01 9.111288120163859583e-01 2.173418297678652786e-02 3.311333636777423484e-02 3.390987710514337811e-02 1.137915339098771066e-04
6.240000000000000000e+02 2.496142030781829391e-01 9.115839781520255203e-01 2.139280837505689453e-02 3.311333636777423484e-02 3.379608557123350149e-02 1.137915339098771066e-04
6.270000000000000000e+02 2.508142713622127928e-01 9.155666818388711325e-01 2.105143377332726468e-02 3.174783796085571541e-02 3.152025489303595523e-02 1.137915339098771066e-04
6.300000000000000000e+02 2.520143396462424246e-01 9.180700955848885014e-01 2.002730996813837164e-02 3.208921256258534527e-02 2.981338188438780248e-02 0.000000000000000000e+00
6.330000000000000000e+02 2.532144079302722783e-01 9.165908056440600360e-01 2.059626763768775473e-02 3.413746017296313134e-02 2.867546654528902936e-02 0.000000000000000000e+00
6.360000000000000000e+02 2.544144762143019101e-01 9.173873463814292695e-01 2.036868456986800149e-02 3.527537551206190447e-02 2.696859353664087314e-02 0.000000000000000000e+00
6.390000000000000000e+02 2.556145444983317638e-01 9.169321802457897075e-01 2.071005917159763482e-02 3.504779244424215123e-02 2.730996813837050646e-02 0.000000000000000000e+00
6.420000000000000000e+02 2.568146127823613956e-01 9.190942193900774049e-01 1.991351843422849502e-02 3.470641784251251444e-02 2.628584433318160996e-02 0.000000000000000000e+00
6.450000000000000000e+02 2.580146810663910273e-01 9.169321802457897075e-01 2.036868456986800149e-02 3.561675011379153433e-02 2.708238507055074976e-02 0.000000000000000000e+00
6.480000000000000000e+02 2.592147493504208811e-01 9.206873008648156498e-01 1.991351843422849502e-02 3.504779244424215123e-02 2.435138825671370050e-02 0.000000000000000000e+00
6.510000000000000000e+02 2.604148176344505128e-01 9.214838416021847722e-01 1.957214383249886169e-02 3.527537551206190447e-02 2.366863905325443732e-02 0.000000000000000000e+00
6.540000000000000000e+02 2.616148859184803666e-01 9.241010468821119206e-01 1.923076923076923184e-02 3.402366863905325473e-02 2.264451524806554428e-02 0.000000000000000000e+00
6.570000000000000000e+02 2.628149542025099983e-01 9.243286299499317016e-01 1.945835229858898507e-02 3.470641784251251444e-02 2.150659990896677115e-02 0.000000000000000000e+00
6.600000000000000000e+02 2.640150224865398521e-01 9.277423759672280834e-01 1.820664542558033533e-02 3.425125170687300796e-02 1.979972690031861493e-02 0.000000000000000000e+00
6.630000000000000000e+02 2.652150907705694838e-01 9.308147473827946827e-01 1.718252162039144229e-02 3.413746017296313134e-02 1.786527082385070547e-02 0.000000000000000000e+00
6.660000000000000000e+02 2.664151590545991155e-01 9.316112881201638052e-01 1.706873008648156567e-02 3.334091943559399501e-02 1.797906235776058209e-02 0.000000000000000000e+00
6.690000000000000000e+02 2.676152273386289693e-01 9.314974965862540257e-01 1.661356395084205573e-02 3.322712790168411146e-02 1.866181156121984527e-02 0.000000000000000000e+00
6.720000000000000000e+02 2.688152956226586010e-01 9.322940373236231482e-01 1.627218934911242587e-02 3.117888029130632538e-02 2.025489303595812488e-02 0.000000000000000000e+00
6.750000000000000000e+02 2.700153639066884548e-01 9.312699135184342447e-01 1.672735548475193582e-02 3.095129722348657214e-02 2.105143377332726468e-02 0.000000000000000000e+00
6.780000000000000000e+02 2.712154321907180865e-01 9.351388256713700775e-01 1.741010468821119553e-02 2.844788347746927612e-02 1.900318616294947513e-02 0.000000000000000000e+00
6.810000000000000000e+02 2.724155004747479403e-01 9.341147018661811741e-01 1.729631315430131891e-02 2.969959035047792587e-02 1.888939462903959851e-02 0.000000000000000000e+00
