# itime ezz other fcc hcp bcc ico
0.000000000000000000e+00 0.000000000000000000e+00 4.551661356395084266e-04 9.995448338643604380e-01 0.000000000000000000e+00 0.000000000000000000e+00 0.000000000000000000e+00
2.500000000000000000e+02 1.000000752602114851e-02 1.479289940828402332e-03 9.985207100591716456e-01 0.000000000000000000e+00 0.000000000000000000e+00 0.000000000000000000e+00
5.000000000000000000e+02 2.000001505204229701e-02 1.479289940828402332e-03 9.984069185252617551e-01 0.000000000000000000e+00 1.137915339098771066e-04 0.000000000000000000e+00
7.500000000000000000e+02 3.000002257806344552e-02 5.120619025944469528e-03 9.946517979062358128e-01 0.000000000000000000e+00 2.275830678197542133e-04 0.000000000000000000e+00
1.000000000000000000e+03 4.000003010408459403e-02 8.306781975421027864e-03 9.916932180245789930e-01 0.000000000000000000e+00 0.000000000000000000e+00 0.000000000000000000e+00
1.250000000000000000e+03 5.000003763010552049e-02 1.490669094219390124e-02 9.847519344560764498e-01 0.000000000000000000e+00 3.413746017296313199e-04 0.000000000000000000e+00
1.500000000000000000e+03 6.000004515612666900e-02 2.810650887573964626e-02 9.705279927173418031e-01 0.000000000000000000e+00 1.365498406918525280e-03 0.000000000000000000e+00
1.750000000000000000e+03 7.000005268214781751e-02 5.188893946290396020e-02 9.459490213928083424e-01 0.000000000000000000e+00 2.162039144287664864e-03 0.000000000000000000e+00
2.000000000000000000e+03 8.000006020816896601e-02 9.899863450159307465e-02 8.916704597177970149e-01 0.000000000000000000e+00 9.330905780609922637e-03 0.000000000000000000e+00
2.250000000000000000e+03 9.000006773419011452e-02 2.022075557578516258e-01 7.669549385525716856e-01 0.000000000000000000e+00 3.083750568957669552e-02 0.000000000000000000e+00
2.500000000000000000e+03 1.000000752602112630e-01 3.588984979517523821e-01 4.403732362312243742e-01 7.851615839781519654e-03 1.928766499772416876e-01 0.000000000000000000e+00
2.750000000000000000e+03 1.100000827862324115e-01 4.096495220755576039e-01 2.711652253072371344e-01 3.288575329995448160e-02 2.862994993172507940e-01 0.000000000000000000e+00
3.000000000000000000e+03 1.200000903122535600e-01 4.465179790623577394e-01 2.133591260810195622e-01 5.496131087847064278e-02 2.851615839781520001e-01 0.000000000000000000e+00
3.250000000000000000e+03 1.300000978382744865e-01 4.865725989986344757e-01 1.436049157942649035e-01 8.796085571233500100e-02 2.818616294947655643e-01 0.000000000000000000e+00
3.500000000000000000e+03 1.400001053642956350e-01 5.109239872553481554e-01 9.751934456076467861e-02 1.051433773327264398e-01 2.864132908511606845e-01 0.000000000000000000e+00
3.750000000000000000e+03 1.500001128903167835e-01 5.391442876649977789e-01 6.281292671825215723e-02 1.448566226672735602e-01 2.531861629494765453e-01 0.000000000000000000e+00
4.000000000000000000e+03 1.600001204163379320e-01 5.702093764223942207e-01 4.722348657259899801e-02 1.514565316340464318e-01 2.311106053709603980e-01 0.000000000000000000e+00
4.250000000000000000e+03 1.700001279423590805e-01 5.937642239417387779e-01 4.688211197086936816e-02 1.725079654073737034e-01 1.868456986800182129e-01 0.000000000000000000e+00
4.500000000000000000e+03 1.800001354683802290e-01 6.046882111970869333e-01 5.496131087847064278e-02 1.923076923076923184e-01 1.480427856167501055e-01 0.000000000000000000e+00
4.750000000000000000e+03 1.900001429944013775e-01 6.348429676832043622e-01 5.837505689576695522e-02 1.959490213928083702e-01 1.108329540282202985e-01 0.000000000000000000e+00
5.000000000000000000e+03 2.000001505204225261e-01 6.484979517523896675e-01 6.668183887118799003e-02 2.167728720983158885e-01 6.804733727810650945e-02 0.000000000000000000e+00
5.250000000000000000e+03 2.100001580464436746e-01 6.474738279472007640e-01 7.760582612653618706e-02 2.322485207100591642e-01 4.267182521620391245e-02 0.000000000000000000e+00
5.500000000000000000e+03 2.200001655724646010e-01 6.540737369139736357e-01 8.431952662721893532e-02 2.336140191169776836e-01 2.787892580791988956e-02 1.137915339098771066e-04
5.750000000000000000e+03 2.300001730984857495e-01 6.552116522530723186e-01 8.727810650887574129e-02 2.344105598543468338e-01 2.298588984979517413e-02 1.137915339098771066e-04
6.000000000000000000e+03 2.400001806245068980e-01 6.613563950842057393e-01 8.318161128812016913e-02 2.373691397360036537e-01 1.797906235776058209e-02 1.137915339098771066e-04
6.250000000000000000e+03 2.500001881505280465e-01 6.594219390077378229e-01 8.431952662721893532e-02 2.391898042785616796e-01 1.706873008648156567e-02 0.000000000000000000e+00
6.500000000000000000e+03 2.600001956765491951e-01 6.662494310423304755e-01 8.329540282203004575e-02 2.339553937187073274e-01 1.615839781520254925e-02 3.413746017296313199e-04
6.750000000000000000e+03 2.700002032025703436e-01 6.737596722803823601e-01 8.670914883932635819e-02 2.216659080564405970e-01 1.763768775603095224e-02 2.275830678197542133e-04
7.000000000000000000e+03 2.800002107285914921e-01 6.862767410104688715e-01 8.284023668639053928e-02 2.132453345471096995e-01 1.752389622212107562e-02 1.137915339098771066e-04
7.250000000000000000e+03 2.900002182546126406e-01 6.983386436049158208e-01 7.999544833864360993e-02 2.030040964952207483e-01 1.854802002730996865e-02 1.137915339098771066e-04
7.500000000000000000e+03 3.000002257806335670e-01 7.086936731907146347e-01 7.669549385525717411e-02 1.937869822485207005e-01 2.059626763768775473e-02 2.275830678197542133e-04
7.750000000000000000e+03 3.100002333066547155e-01 7.284934000910332497e-01 7.089212562585343880e-02 1.826354119253527641e-01 1.786527082385070547e-02 1.137915339098771066e-04
8.000000000000000000e+03 3.200002408326758641e-01 7.431725079654073474e-01 6.964041875284478211e-02 1.688666363222576239e-01 1.820664542558033533e-02 1.137915339098771066e-04
8.250000000000000000e+03 3.300002483586970126e-01 7.663859808830223441e-01 6.235776058261265076e-02 1.531634046426945950e-01 1.786527082385070547e-02 2.275830678197542133e-04
8.500000000000000000e+03 3.400002558847181611e-01 7.754893035958124736e-01 6.042330450614474130e-02 1.466772872098315861e-01 1.706873008648156567e-02 3.413746017296313199e-04
8.750000000000000000e+03 3.500002634107393096e-01 7.888029130632681074e-01 5.860263996358670846e-02 1.323395539371870766e-01 1.968593536640873831e-02 5.689576695493854790e-04
9.000000000000000000e+03 3.600002709367604581e-01 8.002958579881657153e-01 5.632680928538916915e-02 1.279016841147018746e-01 1.524806554392353283e-02 2.275830678197542133e-04
9.250000000000000000e+03 3.700002784627816066e-01 8.059854346836595740e-01 5.200273099681383682e-02 1.265361857077833274e-01 1.479289940828402289e-02 6.827492034592626399e-04
9.500000000000000000e+03 3.800002859888025331e-01 8.132680928538916776e-01 4.824761037778789452e-02 1.225534820209376458e-01 1.547564861174328607e-02 4.551661356395084266e-04
9.750000000000000000e+03 3.900002935148236816e-01 8.352298588984979899e-01 4.460628129267182190e-02 1.065088757396449731e-01 1.342740100136549826e-02 2.275830678197542133e-04
1.000000000000000000e+04 4.000003010408450521e-01 8.369367319071461253e-01 4.346836595357305572e-02 1.060537096040054666e-01 1.331360946745562164e-02 2.275830678197542133e-04
1.025000000000000000e+04 4.100003085668659786e-01 8.480883022303140617e-01 4.164770141101502288e-02 9.683659535730541890e-02 1.274465179790623508e-02 6.827492034592626399e-04
1.050000000000000000e+04 4.200003160928869050e-01 8.555985434683659463e-01 4.335457441966317910e-02 8.944014565316341092e-02 1.092398725534820224e-02 6.827492034592626399e-04
1.075000000000000000e+04 4.300003236189082756e-01 8.714155666818388379e-01 3.789258079198907364e-02 8.090578060992262288e-02 9.103322712790167665e-03 6.827492034592626399e-04
1.100000000000000000e+04 4.400003311449294241e-01 8.777878925807920396e-01 3.766499772416932040e-02 7.680928538916705073e-02 7.055075102412380721e-03 6.827492034592626399e-04
1.125000000000000000e+04 4.500003386709505726e-01 8.799499317250796260e-01 3.538916704597178109e-02 7.225762403277195822e-02 1.126536185707783383e-02 1.137915339098770958e-03
1.150000000000000000e+04 4.600003461969714991e-01 8.870050068274920596e-01 3.368229403732362487e-02 7.066454255803368556e-02 7.737824305871643035e-03 9.103322712790168532e-04
1.175000000000000000e+04 4.700003537229926476e-01 8.892808375056895365e-01 3.231679563040509851e-02 6.884387801547564578e-02 9.103322712790167665e-03 4.551661356395084266e-04
1.200000000000000000e+04 4.800003612490140181e-01 8.961083295402821891e-01 2.708238507055074976e-02 6.816112881201638607e-02 8.306781975421027864e-03 3.413746017296313199e-04
1.225000000000000000e+04 4.900003687750349446e-01 9.046426945835229771e-01 2.617205279927173334e-02 6.156121984524351443e-02 6.941283568502503235e-03 6.827492034592626399e-04
1.250000000000000000e+04 5.000003763010558711e-01 9.089667728720982609e-01 2.537551206190259354e-02 5.723714155666818210e-02 8.079198907601274626e-03 3.413746017296313199e-04
1.275000000000000000e+04 5.100003838270772416e-01 9.127218934911243142e-01 2.412380518889394726e-02 5.689576695493855224e-02 5.803368229403732710e-03 4.551661356395084266e-04
1.300000000000000000e+04 5.200003913530986122e-01 9.175011379153390489e-01 2.378243058716431393e-02 4.824761037778789452e-02 9.558488848429677609e-03 9.103322712790168532e-04
1.325000000000000000e+04 5.300003988791195386e-01 9.234182976786526886e-01 2.036868456986800149e-02 4.961310878470642088e-02 6.030951297223486815e-03 5.689576695493854790e-04
1.350000000000000000e+04 5.400004064051404651e-01 9.278561675011378629e-01 1.832043695949021542e-02 4.335457441966317910e-02 8.761948111060537808e-03 1.706873008648156654e-03
1.375000000000000000e+04 5.500004139311618356e-01 9.327492034592625991e-01 1.672735548475193582e-02 4.312699135184342586e-02 5.917159763313609329e-03 1.479289940828402332e-03
1.400000000000000000e+04 5.600004214571829841e-01 9.363905325443786509e-01 1.649977241693217911e-02 3.891670459717797015e-02 6.599908966772872511e-03 1.593081474738279385e-03
1.425000000000000000e+04 5.700004289832039106e-01 9.418525261720528396e-01 1.479289940828402289e-02 3.698224852071006069e-02 5.120619025944469528e-03 1.251706873008648227e-03
1.450000000000000000e+04 5.800004365092248371e-01 9.490213928083750528e-01 1.445152480655439303e-02 3.095129722348657214e-02 4.893035958124715423e-03 6.827492034592626399e-04
1.475000000000000000e+04 5.900004440352462076e-01 9.518661811561219821e-01 1.308602639963586667e-02 2.867546654528902936e-02 5.689576695493855224e-03 6.827492034592626399e-04
1.500000000000000000e+04 6.000004515612675782e-01 9.541420118343195700e-01 1.399635867091488309e-02 2.389622212107419055e-02 7.282658170232134826e-03 6.827492034592626399e-04
1.525000000000000000e+04 6.100004590872885046e-01 9.532316795630405570e-01 1.285844333181611343e-02 2.685480200273099652e-02 6.144742831133363434e-03 9.103322712790168532e-04
1.550000000000000000e+04 6.200004666133094311e-01 9.588074647246245252e-01 1.069640418752844727e-02 2.503413746017296368e-02 5.006827492034592909e-03 4.551661356395084266e-04
1.575000000000000000e+04 6.300004741393308016e-01 9.602867546654528796e-01 1.160673645880746542e-02 2.184797451069640448e-02 5.348202093764223633e-03 9.103322712790168532e-04
1.600000000000000000e+04 6.400004816653519502e-01 9.589212562585344157e-01 1.251706873008648184e-02 2.287209831588529751e-02 5.348202093764223633e-03 3.413746017296313199e-04
1.625000000000000000e+04 6.500004891913728766e-01 9.630177514792899185e-01 1.194811106053709528e-02 1.934456076467910846e-02 4.779244424214838804e-03 9.103322712790168532e-04
1.650000000000000000e+04 6.600004967173940251e-01 9.668866636322257513e-01 1.035502958579881741e-02 1.866181156121984527e-02 3.299954483386436255e-03 7.965407373691396923e-04
1.675000000000000000e+04 6.700005042434151736e-01 9.697314519799726806e-01 9.558488848429677609e-03 1.661356395084205573e-02 3.072371415566681717e-03 1.024123805188893906e-03
1.700000000000000000e+04 6.800005117694365442e-01 9.695038689121528996e-01 1.046882111970869403e-02 1.513427401001365448e-02 4.096495220755575623e-03 7.965407373691396923e-04
1.725000000000000000e+04 6.900005192954574706e-01 9.710969503868912556e-01 8.648156577150659455e-03 1.502048247610377786e-02 4.324078288575329727e-03 9.103322712790168532e-04
1.750000000000000000e+04 7.000005268214783971e-01 9.726900318616295005e-01 6.713700500682749130e-03 1.502048247610377786e-02 3.641329085116067413e-03 1.934456076467910759e-03
1.775000000000000000e+04 7.100005343474997677e-01 9.776968593536641272e-01 6.258534365043240920e-03 1.217569412835685025e-02 3.299954483386436255e-03 5.689576695493854790e-04
1.800000000000000000e+04 7.200005418735209162e-01 9.784934000910332497e-01 4.893035958124715423e-03 1.115157032316795548e-02 3.641329085116067413e-03 1.820664542558033706e-03
1.825000000000000000e+04 7.300005493995418426e-01 9.779244424214837972e-01 6.030951297223486815e-03 1.115157032316795548e-02 3.186162949476558769e-03 1.706873008648156654e-03
1.850000000000000000e+04 7.400005569255629911e-01 9.767865270823851143e-01 6.713700500682749130e-03 1.183431952662721866e-02 3.186162949476558769e-03 1.479289940828402332e-03
1.875000000000000000e+04 7.500005644515841396e-01 9.780382339553936877e-01 5.234410559854347014e-03 1.115157032316795548e-02 3.527537551206190360e-03 2.048247610377787811e-03
1.900000000000000000e+04 7.600005719776055102e-01 9.792899408284023721e-01 5.461993627674101119e-03 1.012744651797906244e-02 3.299954483386436255e-03 1.820664542558033706e-03
1.925000000000000000e+04 7.700005795036264367e-01 9.816795630405097395e-01 5.575785161583977738e-03 9.899863450159307465e-03 1.479289940828402332e-03 1.365498406918525280e-03
1.950000000000000000e+04 7.800005870296473631e-01 9.821347291761493015e-01 4.324078288575329727e-03 1.012744651797906244e-02 1.820664542558033706e-03 1.593081474738279385e-03
1.975000000000000000e+04 7.900005945556687337e-01 9.809968138370505075e-01 5.461993627674101119e-03 9.217114246700046018e-03 1.479289940828402332e-03 2.844788347746927612e-03
2.000000000000000000e+04 8.000006020816898822e-01 9.835002275830677654e-01 5.234410559854347014e-03 8.079198907601274626e-03 1.365498406918525280e-03 1.820664542558033706e-03
2.025000000000000000e+04 8.100006096077108086e-01 9.881656804733728316e-01 3.072371415566681717e-03 6.599908966772872511e-03 1.024123805188893906e-03 1.137915339098770958e-03
2.050000000000000000e+04 8.200006171337319572e-01 9.878243058716431602e-01 3.641329085116067413e-03 5.689576695493855224e-03 9.103322712790168532e-04 1.934456076467910759e-03
2.075000000000000000e+04 8.300006246597531057e-01 9.877105143377332697e-01 3.413746017296313308e-03 5.461993627674101119e-03 9.103322712790168532e-04 2.503413746017296455e-03
2.100000000000000000e+04 8.400006321857744762e-01 9.878243058716431602e-01 3.072371415566681717e-03 6.599908966772872511e-03 5.689576695493854790e-04 1.934456076467910759e-03
2.125000000000000000e+04 8.500006397117954027e-01 9.899863450159308575e-01 2.162039144287664864e-03 5.689576695493855224e-03 4.551661356395084266e-04 1.706873008648156654e-03
2.150000000000000000e+04 8.600006472378163291e-01 9.881656804733728316e-01 2.958579881656804664e-03 6.486117432862995025e-03 4.551661356395084266e-04 1.934456076467910759e-03
2.175000000000000000e+04 8.700006547638376997e-01 9.905553026854801990e-01 2.617205279927173507e-03 4.437869822485207214e-03 4.551661356395084266e-04 1.934456076467910759e-03
2.200000000000000000e+04 8.800006622898588482e-01 9.887346381429221731e-01 3.413746017296313308e-03 5.120619025944469528e-03 6.827492034592626399e-04 2.048247610377787811e-03
2.225000000000000000e+04 8.900006698158799967e-01 9.918070095584888834e-01 2.048247610377787811e-03 4.096495220755575623e-03 5.689576695493854790e-04 1.479289940828402332e-03
2.250000000000000000e+04 9.000006773419009232e-01 9.912380518889394310e-01 2.162039144287664864e-03 3.868912152935821518e-03 3.413746017296313199e-04 2.389622212107419402e-03
2.275000000000000000e+04 9.100006848679220717e-01 9.907828857532999800e-01 2.162039144287664864e-03 3.982703686845699004e-03 1.024123805188893906e-03 2.048247610377787811e-03
2.300000000000000000e+04 9.200006923939434422e-01 9.906690942193900895e-01 2.730996813837050560e-03 3.755120619025944465e-03 3.413746017296313199e-04 2.503413746017296455e-03
2.325000000000000000e+04 9.300006999199643687e-01 9.910104688211197610e-01 1.820664542558033706e-03 4.324078288575329727e-03 7.965407373691396923e-04 2.048247610377787811e-03
2.350000000000000000e+04 9.400007074459852952e-01 9.901001365498406370e-01 2.048247610377787811e-03 4.324078288575329727e-03 3.413746017296313199e-04 3.186162949476558769e-03
2.375000000000000000e+04 9.500007149720066657e-01 9.920345926263085534e-01 1.251706873008648227e-03 4.096495220755575623e-03 6.827492034592626399e-04 1.934456076467910759e-03
2.400000000000000000e+04 9.600007224980278142e-01 9.922621756941283344e-01 6.827492034592626399e-04 3.072371415566681717e-03 6.827492034592626399e-04 3.299954483386436255e-03
2.425000000000000000e+04 9.700007300240489627e-01 9.931725079654073474e-01 4.551661356395084266e-04 2.275830678197541916e-03 9.103322712790168532e-04 3.186162949476558769e-03
2.450000000000000000e+04 9.800007375500698892e-01 9.931725079654073474e-01 1.137915339098770958e-03 1.820664542558033706e-03 6.827492034592626399e-04 3.186162949476558769e-03
2.475000000000000000e+04 9.900007450760910377e-01 9.945380063723259223e-01 4.551661356395084266e-04 1.820664542558033706e-03 5.689576695493854790e-04 2.617205279927173507e-03
2.500000000000000000e+04 1.000000752602112186e+00 9.936276741010469093e-01 9.103322712790168532e-04 1.820664542558033706e-03 9.103322712790168532e-04 2.730996813837050560e-03
