# itime ezz other fcc hcp bcc ico
0.000000000000000000e+00 0.000000000000000000e+00 0.000000000000000000e+00 1.000000000000000000e+00 0.000000000000000000e+00 0.000000000000000000e+00 0.000000000000000000e+00
3.000000000000000000e+01 1.200003081129819016e-02 0.000000000000000000e+00 1.000000000000000000e+00 0.000000000000000000e+00 0.000000000000000000e+00 0.000000000000000000e+00
6.000000000000000000e+01 2.400006162259638032e-02 0.000000000000000000e+00 1.000000000000000000e+00 0.000000000000000000e+00 0.000000000000000000e+00 0.000000000000000000e+00
9.000000000000000000e+01 3.600009243389457048e-02 0.000000000000000000e+00 1.000000000000000000e+00 0.000000000000000000e+00 0.000000000000000000e+00 0.000000000000000000e+00
1.200000000000000000e+02 4.800012324519253859e-02 1.137915339098771066e-04 9.998862084660901095e-01 0.000000000000000000e+00 0.000000000000000000e+00 0.000000000000000000e+00
1.500000000000000000e+02 6.000015405649072875e-02 1.593081474738279385e-03 9.984069185252617551e-01 0.000000000000000000e+00 0.000000000000000000e+00 0.000000000000000000e+00
1.800000000000000000e+02 7.200018486778891891e-02 1.365498406918525280e-03 9.986345015930814251e-01 0.000000000000000000e+00 0.000000000000000000e+00 0.000000000000000000e+00
2.100000000000000000e+02 8.400021567908710907e-02 1.365498406918525280e-03 9.986345015930814251e-01 0.000000000000000000e+00 0.000000000000000000e+00 0.000000000000000000e+00
2.400000000000000000e+02 9.600024649038529923e-02 3.413746017296313308e-03 9.965862539827037292e-01 0.000000000000000000e+00 0.000000000000000000e+00 0.000000000000000000e+00
2.700000000000000000e+02 1.080002773016834894e-01 7.624032771961766417e-03 9.923759672280382249e-01 0.000000000000000000e+00 0.000000000000000000e+00 0.000000000000000000e+00
3.000000000000000000e+02 1.200003081129814575e-01 9.330905780609922637e-03 9.906690942193900895e-01 0.000000000000000000e+00 0.000000000000000000e+00 0.000000000000000000e+00
3.300000000000000000e+02 1.320003389242796477e-01 2.139280837505689453e-02 9.786071916249431402e-01 0.000000000000000000e+00 0.000000000000000000e+00 0.000000000000000000e+00
3.600000000000000000e+02 1.440003697355778378e-01 3.186162949476559203e-02 9.681383705052344357e-01 0.000000000000000000e+00 0.000000000000000000e+00 0.000000000000000000e+00
3.900000000000000000e+02 1.560004005468760280e-01 6.201638598088302090e-02 9.379836140191170069e-01 0.000000000000000000e+00 0.000000000000000000e+00 0.000000000000000000e+00
4.200000000000000000e+02 1.680004313581742181e-01 9.194355939918069653e-02 9.080564406008192480e-01 0.000000000000000000e+00 0.000000000000000000e+00 0.000000000000000000e+00
4.500000000000000000e+02 1.800004621694724083e-01 1.379153390987710448e-01 8.619708693673190369e-01 0.000000000000000000e+00 1.137915339098771066e-04 0.000000000000000000e+00
4.800000000000000000e+02 1.920004929807705985e-01 2.089212562585343602e-01 7.910787437414655843e-01 0.000000000000000000e+00 0.000000000000000000e+00 0.000000000000000000e+00
5.100000000000000000e+02 2.040005237920685666e-01 2.824305871643149612e-01 7.175694128356849832e-01 0.000000000000000000e+00 0.000000000000000000e+00 0.000000000000000000e+00
5.400000000000000000e+02 2.160005546033667567e-01 3.821119708693673234e-01 6.178880291306326766e-01 0.000000000000000000e+00 0.000000000000000000e+00 0.000000000000000000e+00
5.700000000000000000e+02 2.280005854146649469e-01 5.014792899408283544e-01 4.985207100591715901e-01 0.000000000000000000e+00 0.000000000000000000e+00 0.000000000000000000e+00
6.000000000000000000e+02 2.400006162259631370e-01 6.107191624943104635e-01 3.891670459717797015e-01 1.137915339098771066e-04 0.000000000000000000e+00 0.000000000000000000e+00
6.300000000000000000e+02 2.520006470372613272e-01 7.106281292671825511e-01 2.886891215293582169e-01 3.413746017296313199e-04 3.413746017296313199e-04 0.000000000000000000e+00
6.600000000000000000e+02 2.640006778485595174e-01 7.791306326809285254e-01 2.189349112426035582e-01 1.024123805188893906e-03 9.103322712790168532e-04 0.000000000000000000e+00
6.900000000000000000e+02 2.760007086598574855e-01 8.477469276285843902e-01 1.469048702776513393e-01 3.413746017296313308e-03 1.934456076467910759e-03 0.000000000000000000e+00
7.200000000000000000e+02 2.880007394711556756e-01 8.722121074192079604e-01 1.110605370960400518e-01 8.761948111060537808e-03 7.965407373691398007e-03 0.000000000000000000e+00
7.500000000000000000e+02 3.000007702824538658e-01 8.875739644970414011e-01 8.875739644970413733e-02 1.183431952662721866e-02 1.183431952662721866e-02 0.000000000000000000e+00
7.800000000000000000e+02 3.120008010937520559e-01 8.945152480655439442e-01 8.022303140646336317e-02 1.422394173873463806e-02 1.103777878925807886e-02 0.000000000000000000e+00
8.100000000000000000e+02 3.240008319050502461e-01 9.008875739644970349e-01 7.282658170232134132e-02 1.593081474738279601e-02 1.035502958579881741e-02 0.000000000000000000e+00
8.400000000000000000e+02 3.360008627163484363e-01 9.060081929904415521e-01 6.713700500682749650e-02 1.741010468821119553e-02 9.444697314519799256e-03 0.000000000000000000e+00
8.700000000000000000e+02 3.480008935276466264e-01 9.070323167956304555e-01 6.201638598088302090e-02 2.230314064633591095e-02 8.648156577150659455e-03 0.000000000000000000e+00
9.000000000000000000e+02 3.600009243389445945e-01 9.094219390077378229e-01 5.803368229403732537e-02 2.298588984979517413e-02 9.558488848429677609e-03 0.000000000000000000e+00
9.300000000000000000e+02 3.720009551502427847e-01 9.131770596267637652e-01 5.166135639508420696e-02 2.765134274010013632e-02 7.510241238051888930e-03 0.000000000000000000e+00
9.600000000000000000e+02 3.840009859615411969e-01 9.190942193900774049e-01 4.938552571688666071e-02 2.366863905325443732e-02 7.851615839781519654e-03 0.000000000000000000e+00
9.900000000000000000e+02 3.960010167728389430e-01 9.181838871187983919e-01 4.824761037778789452e-02 2.765134274010013632e-02 5.917159763313609329e-03 0.000000000000000000e+00
1.020000000000000000e+03 4.080010475841375772e-01 9.173873463814292695e-01 4.756486117432862787e-02 2.776513427401001294e-02 7.282658170232134826e-03 0.000000000000000000e+00
1.050000000000000000e+03 4.200010783954353233e-01 9.227355484751934567e-01 4.176149294492489950e-02 2.844788347746927612e-02 7.055075102412380721e-03 0.000000000000000000e+00
1.080000000000000000e+03 4.320011092067337355e-01 9.239872553482021411e-01 4.107874374146563284e-02 2.913063268092853930e-02 5.803368229403732710e-03 0.000000000000000000e+00
1.110000000000000000e+03 4.440011400180317036e-01 9.297906235776057793e-01 3.755120619025944378e-02 2.719617660446062984e-02 5.461993627674101119e-03 0.000000000000000000e+00
1.140000000000000000e+03 4.560011708293301158e-01 9.300182066454255603e-01 3.777878925807919702e-02 2.583067819754210348e-02 6.372325898953117539e-03 0.000000000000000000e+00
1.170000000000000000e+03 4.680012016406278619e-01 9.296768320436959998e-01 3.777878925807919702e-02 2.742375967228038308e-02 5.120619025944469528e-03 0.000000000000000000e+00
1.200000000000000000e+03 4.800012324519264961e-01 9.363905325443786509e-01 3.117888029130632538e-02 2.514792899408284030e-02 7.282658170232134826e-03 0.000000000000000000e+00
1.230000000000000000e+03 4.920012632632242422e-01 9.392353208921255803e-01 2.913063268092853930e-02 2.571688666363222686e-02 5.917159763313609329e-03 0.000000000000000000e+00
1.260000000000000000e+03 5.040012940745226544e-01 9.406008192990441552e-01 2.844788347746927612e-02 2.560309512972235024e-02 5.348202093764223633e-03 0.000000000000000000e+00
1.290000000000000000e+03 5.160013248858206225e-01 9.365043240782885414e-01 2.992717341829767910e-02 2.719617660446062984e-02 6.258534365043240920e-03 1.137915339098771066e-04
1.320000000000000000e+03 5.280013556971190347e-01 9.421939007737824001e-01 2.719617660446062984e-02 2.514792899408284030e-02 5.461993627674101119e-03 0.000000000000000000e+00
1.350000000000000000e+03 5.400013865084167808e-01 9.400318616294948137e-01 2.867546654528902936e-02 2.583067819754210348e-02 5.461993627674101119e-03 0.000000000000000000e+00
1.380000000000000000e+03 5.520014173197154150e-01 9.421939007737824001e-01 2.685480200273099652e-02 2.674101046882111990e-02 4.210286754665453109e-03 0.000000000000000000e+00
1.410000000000000000e+03 5.640014481310131611e-01 9.453800637232590010e-01 2.469276285844333035e-02 2.287209831588529751e-02 7.055075102412380721e-03 0.000000000000000000e+00
1.440000000000000000e+03 5.760014789423115733e-01 9.436731907146108655e-01 2.514792899408284030e-02 2.480655439235321044e-02 6.372325898953117539e-03 0.000000000000000000e+00
1.470000000000000000e+03 5.880015097536095414e-01 9.478834774692762588e-01 2.378243058716431393e-02 2.275830678197542090e-02 5.575785161583977738e-03 0.000000000000000000e+00
1.500000000000000000e+03 6.000015405649079536e-01 9.436731907146108655e-01 2.480655439235321044e-02 2.560309512972235024e-02 5.917159763313609329e-03 0.000000000000000000e+00
1.530000000000000000e+03 6.120015713762059217e-01 9.474283113336368078e-01 2.412380518889394726e-02 2.298588984979517413e-02 5.348202093764223633e-03 1.137915339098771066e-04
1.560000000000000000e+03 6.240016021875043339e-01 9.473145197997269173e-01 2.344105598543468408e-02 2.457897132453345374e-02 4.665452890304961318e-03 0.000000000000000000e+00
1.590000000000000000e+03 6.360016329988020800e-01 9.505006827492034072e-01 2.116522530723714129e-02 2.332726445152480746e-02 5.006827492034592909e-03 0.000000000000000000e+00
1.620000000000000000e+03 6.480016638101004922e-01 9.495903504779243942e-01 2.207555757851615771e-02 2.389622212107419055e-02 4.437869822485207214e-03 0.000000000000000000e+00
1.650000000000000000e+03 6.600016946213984603e-01 9.550523441055985829e-01 2.025489303595812488e-02 2.150659990896677115e-02 2.958579881656804664e-03 2.275830678197542133e-04
1.680000000000000000e+03 6.720017254326968725e-01 9.535730541647701175e-01 2.002730996813837164e-02 2.207555757851615771e-02 4.324078288575329727e-03 0.000000000000000000e+00
1.710000000000000000e+03 6.840017562439948406e-01 9.560764679107874864e-01 2.048247610377787811e-02 2.105143377332726468e-02 2.389622212107419402e-03 0.000000000000000000e+00
1.740000000000000000e+03 6.960017870552932528e-01 9.557350933090578149e-01 2.025489303595812488e-02 2.036868456986800149e-02 3.641329085116067413e-03 0.000000000000000000e+00
1.770000000000000000e+03 7.080018178665909989e-01 9.577833409194356218e-01 1.832043695949021542e-02 2.036868456986800149e-02 3.527537551206190360e-03 0.000000000000000000e+00
1.800000000000000000e+03 7.200018486778896332e-01 9.608557123350022211e-01 1.797906235776058209e-02 1.945835229858898507e-02 1.706873008648156654e-03 0.000000000000000000e+00
1.830000000000000000e+03 7.320018794891873792e-01 9.614246700045516736e-01 1.661356395084205573e-02 1.888939462903959851e-02 3.072371415566681717e-03 0.000000000000000000e+00
1.860000000000000000e+03 7.440019103004857914e-01 9.617660446062813451e-01 1.820664542558033533e-02 1.695493855257168905e-02 3.072371415566681717e-03 0.000000000000000000e+00
1.890000000000000000e+03 7.560019411117837596e-01 9.606281292671825511e-01 1.854802002730996865e-02 1.832043695949021542e-02 2.389622212107419402e-03 1.137915339098771066e-04
1.920000000000000000e+03 7.680019719230821718e-01 9.647246244879380539e-01 1.593081474738279601e-02 1.763768775603095224e-02 1.706873008648156654e-03 0.000000000000000000e+00
1.950000000000000000e+03 7.800020027343799178e-01 9.629039599453800280e-01 1.718252162039144229e-02 1.729631315430131891e-02 2.617205279927173507e-03 0.000000000000000000e+00
1.980000000000000000e+03 7.920020335456785521e-01 9.652935821574875064e-01 1.536185707783340945e-02 1.672735548475193582e-02 2.617205279927173507e-03 0.000000000000000000e+00
2.010000000000000000e+03 8.040020643569762981e-01 9.647246244879380539e-01 1.661356395084205573e-02 1.672735548475193582e-02 1.934456076467910759e-03 0.000000000000000000e+00
2.040000000000000000e+03 8.160020951682747103e-01 9.670004551661356418e-01 1.456531634046426965e-02 1.558944014565316269e-02 2.844788347746927612e-03 0.000000000000000000e+00
2.070000000000000000e+03 8.280021259795726785e-01 9.681383705052344357e-01 1.570323167956303931e-02 1.456531634046426965e-02 1.479289940828402332e-03 1.137915339098771066e-04
2.100000000000000000e+03 8.400021567908710907e-01 9.671142467000455323e-01 1.649977241693217911e-02 1.354119253527537488e-02 2.844788347746927612e-03 0.000000000000000000e+00
2.130000000000000000e+03 8.520021876021688367e-01 9.665452890304960798e-01 1.627218934911242587e-02 1.513427401001365448e-02 2.048247610377787811e-03 0.000000000000000000e+00
2.160000000000000000e+03 8.640022184134674710e-01 9.690487027765134487e-01 1.536185707783340945e-02 1.411015020482476144e-02 1.479289940828402332e-03 0.000000000000000000e+00
2.190000000000000000e+03 8.760022492247652171e-01 9.696176604460627901e-01 1.627218934911242587e-02 1.194811106053709528e-02 2.162039144287664864e-03 0.000000000000000000e+00
2.220000000000000000e+03 8.880022800360636293e-01 9.698452435138825711e-01 1.649977241693217911e-02 1.183431952662721866e-02 1.820664542558033706e-03 0.000000000000000000e+00
2.250000000000000000e+03 9.000023108473615974e-01 9.728038233955393910e-01 1.354119253527537488e-02 1.160673645880746542e-02 2.048247610377787811e-03 0.000000000000000000e+00
2.280000000000000000e+03 9.120023416586600096e-01 9.725762403277196100e-01 1.411015020482476144e-02 1.172052799271734204e-02 1.479289940828402332e-03 1.137915339098771066e-04
2.310000000000000000e+03 9.240023724699579777e-01 9.698452435138825711e-01 1.479289940828402289e-02 1.354119253527537488e-02 1.820664542558033706e-03 0.000000000000000000e+00
2.340000000000000000e+03 9.360024032812563899e-01 9.706417842512516936e-01 1.490669094219390124e-02 1.263086026399635846e-02 1.820664542558033706e-03 0.000000000000000000e+00
2.370000000000000000e+03 9.480024340925541360e-01 9.720072826581702685e-01 1.354119253527537488e-02 1.274465179790623508e-02 1.706873008648156654e-03 0.000000000000000000e+00
2.400000000000000000e+03 9.600024649038525482e-01 9.725762403277196100e-01 1.342740100136549826e-02 1.285844333181611343e-02 1.137915339098770958e-03 0.000000000000000000e+00
2.430000000000000000e+03 9.720024957151505163e-01 9.731451979972689514e-01 1.365498406918525323e-02 1.137915339098771045e-02 1.820664542558033706e-03 0.000000000000000000e+00
2.460000000000000000e+03 9.840025265264489285e-01 9.718934911242603780e-01 1.411015020482476144e-02 1.172052799271734204e-02 2.275830678197541916e-03 0.000000000000000000e+00
2.490000000000000000e+03 9.960025573377468966e-01 9.733727810650887324e-01 1.297223486572599005e-02 1.217569412835685025e-02 1.479289940828402332e-03 0.000000000000000000e+00
