# itime ezz other fcc hcp bcc ico
0.000000000000000000e+00 0.000000000000000000e+00 0.000000000000000000e+00 1.000000000000000000e+00 0.000000000000000000e+00 0.000000000000000000e+00 0.000000000000000000e+00
4.000000000000000000e+03 9.999741275856788292e-04 0.000000000000000000e+00 1.000000000000000000e+00 0.000000000000000000e+00 0.000000000000000000e+00 0.000000000000000000e+00
8.000000000000000000e+03 1.999948255171357658e-03 0.000000000000000000e+00 1.000000000000000000e+00 0.000000000000000000e+00 0.000000000000000000e+00 0.000000000000000000e+00
1.200000000000000000e+04 2.999922382757258532e-03 0.000000000000000000e+00 1.000000000000000000e+00 0.000000000000000000e+00 0.000000000000000000e+00 0.000000000000000000e+00
1.600000000000000000e+04 3.999896510342937361e-03 0.000000000000000000e+00 1.000000000000000000e+00 0.000000000000000000e+00 0.000000000000000000e+00 0.000000000000000000e+00
2.000000000000000000e+04 4.999870637928616190e-03 0.000000000000000000e+00 1.000000000000000000e+00 0.000000000000000000e+00 0.000000000000000000e+00 0.000000000000000000e+00
2.400000000000000000e+04 5.999844765514295020e-03 0.000000000000000000e+00 1.000000000000000000e+00 0.000000000000000000e+00 0.000000000000000000e+00 0.000000000000000000e+00
2.800000000000000000e+04 6.999818893100195893e-03 0.000000000000000000e+00 1.000000000000000000e+00 0.000000000000000000e+00 0.000000000000000000e+00 0.000000000000000000e+00
3.200000000000000000e+04 7.999793020685874723e-03 0.000000000000000000e+00 1.000000000000000000e+00 0.000000000000000000e+00 0.000000000000000000e+00 0.000000000000000000e+00
3.600000000000000000e+04 8.999767148271553552e-03 0.000000000000000000e+00 1.000000000000000000e+00 0.000000000000000000e+00 0.000000000000000000e+00 0.000000000000000000e+00
4.000000000000000000e+04 9.999741275857232381e-03 0.000000000000000000e+00 1.000000000000000000e+00 0.000000000000000000e+00 0.000000000000000000e+00 0.000000000000000000e+00
4.400000000000000000e+04 1.099971540344313325e-02 0.000000000000000000e+00 1.000000000000000000e+00 0.000000000000000000e+00 0.000000000000000000e+00 0.000000000000000000e+00
4.800000000000000000e+04 1.199968953102881208e-02 0.000000000000000000e+00 1.000000000000000000e+00 0.000000000000000000e+00 0.000000000000000000e+00 0.000000000000000000e+00
5.200000000000000000e+04 1.299966365861449091e-02 0.000000000000000000e+00 1.000000000000000000e+00 0.000000000000000000e+00 0.000000000000000000e+00 0.000000000000000000e+00
5.600000000000000000e+04 1.399963778620016974e-02 0.000000000000000000e+00 1.000000000000000000e+00 0.000000000000000000e+00 0.000000000000000000e+00 0.000000000000000000e+00
6.000000000000000000e+04 1.499961191378607062e-02 0.000000000000000000e+00 1.000000000000000000e+00 0.000000000000000000e+00 0.000000000000000000e+00 0.000000000000000000e+00
6.400000000000000000e+04 1.599958604137174945e-02 0.000000000000000000e+00 1.000000000000000000e+00 0.000000000000000000e+00 0.000000000000000000e+00 0.000000000000000000e+00
6.800000000000000000e+04 1.699956016895742827e-02 0.000000000000000000e+00 1.000000000000000000e+00 0.000000000000000000e+00 0.000000000000000000e+00 0.000000000000000000e+00
7.200000000000000000e+04 1.799953429654310710e-02 0.000000000000000000e+00 1.000000000000000000e+00 0.000000000000000000e+00 0.000000000000000000e+00 0.000000000000000000e+00
7.600000000000000000e+04 1.899950842412900798e-02 0.000000000000000000e+00 1.000000000000000000e+00 0.000000000000000000e+00 0.000000000000000000e+00 0.000000000000000000e+00
8.000000000000000000e+04 1.999948255171468681e-02 0.000000000000000000e+00 1.000000000000000000e+00 0.000000000000000000e+00 0.000000000000000000e+00 0.000000000000000000e+00
8.400000000000000000e+04 2.099945667930036564e-02 0.000000000000000000e+00 1.000000000000000000e+00 0.000000000000000000e+00 0.000000000000000000e+00 0.000000000000000000e+00
8.800000000000000000e+04 2.199943080688604446e-02 0.000000000000000000e+00 1.000000000000000000e+00 0.000000000000000000e+00 0.000000000000000000e+00 0.000000000000000000e+00
9.200000000000000000e+04 2.299940493447194534e-02 0.000000000000000000e+00 1.000000000000000000e+00 0.000000000000000000e+00 0.000000000000000000e+00 0.000000000000000000e+00
9.600000000000000000e+04 2.399937906205762417e-02 0.000000000000000000e+00 1.000000000000000000e+00 0.000000000000000000e+00 0.000000000000000000e+00 0.000000000000000000e+00
1.000000000000000000e+05 2.499935318964330300e-02 0.000000000000000000e+00 1.000000000000000000e+00 0.000000000000000000e+00 0.000000000000000000e+00 0.000000000000000000e+00
1.040000000000000000e+05 2.599932731722898183e-02 0.000000000000000000e+00 1.000000000000000000e+00 0.000000000000000000e+00 0.000000000000000000e+00 0.000000000000000000e+00
1.080000000000000000e+05 2.699930144481466066e-02 0.000000000000000000e+00 1.000000000000000000e+00 0.000000000000000000e+00 0.000000000000000000e+00 0.000000000000000000e+00
1.120000000000000000e+05 2.799927557240056153e-02 0.000000000000000000e+00 1.000000000000000000e+00 0.000000000000000000e+00 0.000000000000000000e+00 0.000000000000000000e+00
1.160000000000000000e+05 2.899924969998624036e-02 0.000000000000000000e+00 1.000000000000000000e+00 0.000000000000000000e+00 0.000000000000000000e+00 0.000000000000000000e+00
1.200000000000000000e+05 2.999922382757191919e-02 0.000000000000000000e+00 1.000000000000000000e+00 0.000000000000000000e+00 0.000000000000000000e+00 0.000000000000000000e+00
1.240000000000000000e+05 3.099919795515759802e-02 0.000000000000000000e+00 1.000000000000000000e+00 0.000000000000000000e+00 0.000000000000000000e+00 0.000000000000000000e+00
1.280000000000000000e+05 3.199917208274349889e-02 0.000000000000000000e+00 1.000000000000000000e+00 0.000000000000000000e+00 0.000000000000000000e+00 0.000000000000000000e+00
1.320000000000000000e+05 3.299914621032917772e-02 0.000000000000000000e+00 1.000000000000000000e+00 0.000000000000000000e+00 0.000000000000000000e+00 0.000000000000000000e+00
1.360000000000000000e+05 3.399912033791485655e-02 0.000000000000000000e+00 1.000000000000000000e+00 0.000000000000000000e+00 0.000000000000000000e+00 0.000000000000000000e+00
1.400000000000000000e+05 3.499909446550053538e-02 0.000000000000000000e+00 1.000000000000000000e+00 0.000000000000000000e+00 0.000000000000000000e+00 0.000000000000000000e+00
1.440000000000000000e+05 3.599906859308643625e-02 0.000000000000000000e+00 1.000000000000000000e+00 0.000000000000000000e+00 0.000000000000000000e+00 0.000000000000000000e+00
1.480000000000000000e+05 3.699904272067211508e-02 0.000000000000000000e+00 1.000000000000000000e+00 0.000000000000000000e+00 0.000000000000000000e+00 0.000000000000000000e+00
1.520000000000000000e+05 3.799901684825779391e-02 0.000000000000000000e+00 1.000000000000000000e+00 0.000000000000000000e+00 0.000000000000000000e+00 0.000000000000000000e+00
1.560000000000000000e+05 3.899899097584347274e-02 0.000000000000000000e+00 1.000000000000000000e+00 0.000000000000000000e+00 0.000000000000000000e+00 0.000000000000000000e+00
1.600000000000000000e+05 3.999896510342937361e-02 0.000000000000000000e+00 1.000000000000000000e+00 0.000000000000000000e+00 0.000000000000000000e+00 0.000000000000000000e+00
1.640000000000000000e+05 4.099893923101505244e-02 0.000000000000000000e+00 1.000000000000000000e+00 0.000000000000000000e+00 0.000000000000000000e+00 0.000000000000000000e+00
1.680000000000000000e+05 4.199891335860073127e-02 0.000000000000000000e+00 1.000000000000000000e+00 0.000000000000000000e+00 0.000000000000000000e+00 0.000000000000000000e+00
1.720000000000000000e+05 4.299888748618641010e-02 0.000000000000000000e+00 1.000000000000000000e+00 0.000000000000000000e+00 0.000000000000000000e+00 0.000000000000000000e+00
1.760000000000000000e+05 4.399886161377231097e-02 2.275830678197542133e-04 9.997724169321802190e-01 0.000000000000000000e+00 0.000000000000000000e+00 0.000000000000000000e+00
1.800000000000000000e+05 4.499883574135798980e-02 0.000000000000000000e+00 1.000000000000000000e+00 0.000000000000000000e+00 0.000000000000000000e+00 0.000000000000000000e+00
1.840000000000000000e+05 4.599880986894366863e-02 0.000000000000000000e+00 1.000000000000000000e+00 0.000000000000000000e+00 0.000000000000000000e+00 0.000000000000000000e+00
1.880000000000000000e+05 4.699878399652934746e-02 0.000000000000000000e+00 1.000000000000000000e+00 0.000000000000000000e+00 0.000000000000000000e+00 0.000000000000000000e+00
1.920000000000000000e+05 4.799875812411524834e-02 0.000000000000000000e+00 1.000000000000000000e+00 0.000000000000000000e+00 0.000000000000000000e+00 0.000000000000000000e+00
1.960000000000000000e+05 4.899873225170092716e-02 0.000000000000000000e+00 1.000000000000000000e+00 0.000000000000000000e+00 0.000000000000000000e+00 0.000000000000000000e+00
2.000000000000000000e+05 4.999870637928660599e-02 0.000000000000000000e+00 1.000000000000000000e+00 0.000000000000000000e+00 0.000000000000000000e+00 0.000000000000000000e+00
2.040000000000000000e+05 5.099868050687228482e-02 0.000000000000000000e+00 1.000000000000000000e+00 0.000000000000000000e+00 0.000000000000000000e+00 0.000000000000000000e+00
2.080000000000000000e+05 5.199865463445796365e-02 0.000000000000000000e+00 1.000000000000000000e+00 0.000000000000000000e+00 0.000000000000000000e+00 0.000000000000000000e+00
2.120000000000000000e+05 5.299862876204386453e-02 0.000000000000000000e+00 1.000000000000000000e+00 0.000000000000000000e+00 0.000000000000000000e+00 0.000000000000000000e+00
2.160000000000000000e+05 5.399860288962954336e-02 0.000000000000000000e+00 1.000000000000000000e+00 0.000000000000000000e+00 0.000000000000000000e+00 0.000000000000000000e+00
2.200000000000000000e+05 5.499857701721522218e-02 0.000000000000000000e+00 1.000000000000000000e+00 0.000000000000000000e+00 0.000000000000000000e+00 0.000000000000000000e+00
2.240000000000000000e+05 5.599855114480090101e-02 0.000000000000000000e+00 1.000000000000000000e+00 0.000000000000000000e+00 0.000000000000000000e+00 0.000000000000000000e+00
2.280000000000000000e+05 5.699852527238680189e-02 0.000000000000000000e+00 1.000000000000000000e+00 0.000000000000000000e+00 0.000000000000000000e+00 0.000000000000000000e+00
2.320000000000000000e+05 5.799849939997248072e-02 0.000000000000000000e+00 1.000000000000000000e+00 0.000000000000000000e+00 0.000000000000000000e+00 0.000000000000000000e+00
2.360000000000000000e+05 5.899847352755815955e-02 0.000000000000000000e+00 1.000000000000000000e+00 0.000000000000000000e+00 0.000000000000000000e+00 0.000000000000000000e+00
2.400000000000000000e+05 5.999844765514383838e-02 0.000000000000000000e+00 1.000000000000000000e+00 0.000000000000000000e+00 0.000000000000000000e+00 0.000000000000000000e+00
2.440000000000000000e+05 6.099842178272973925e-02 0.000000000000000000e+00 1.000000000000000000e+00 0.000000000000000000e+00 0.000000000000000000e+00 0.000000000000000000e+00
2.480000000000000000e+05 6.199839591031541808e-02 4.551661356395084266e-04 9.995448338643604380e-01 0.000000000000000000e+00 0.000000000000000000e+00 0.000000000000000000e+00
2.520000000000000000e+05 6.299837003790109691e-02 0.000000000000000000e+00 1.000000000000000000e+00 0.000000000000000000e+00 0.000000000000000000e+00 0.000000000000000000e+00
2.560000000000000000e+05 6.399834416548677574e-02 0.000000000000000000e+00 1.000000000000000000e+00 0.000000000000000000e+00 0.000000000000000000e+00 0.000000000000000000e+00
2.600000000000000000e+05 6.499831829307267661e-02 0.000000000000000000e+00 1.000000000000000000e+00 0.000000000000000000e+00 0.000000000000000000e+00 0.000000000000000000e+00
2.640000000000000000e+05 6.599829242065835544e-02 0.000000000000000000e+00 1.000000000000000000e+00 0.000000000000000000e+00 0.000000000000000000e+00 0.000000000000000000e+00
2.680000000000000000e+05 6.699826654824403427e-02 0.000000000000000000e+00 1.000000000000000000e+00 0.000000000000000000e+00 0.000000000000000000e+00 0.000000000000000000e+00
2.720000000000000000e+05 6.799824067582971310e-02 0.000000000000000000e+00 1.000000000000000000e+00 0.000000000000000000e+00 0.000000000000000000e+00 0.000000000000000000e+00
2.760000000000000000e+05 6.899821480341561397e-02 4.551661356395084266e-04 9.995448338643604380e-01 0.000000000000000000e+00 0.000000000000000000e+00 0.000000000000000000e+00
2.800000000000000000e+05 6.999818893100129280e-02 0.000000000000000000e+00 1.000000000000000000e+00 0.000000000000000000e+00 0.000000000000000000e+00 0.000000000000000000e+00
2.840000000000000000e+05 7.099816305858697163e-02 0.000000000000000000e+00 1.000000000000000000e+00 0.000000000000000000e+00 0.000000000000000000e+00 0.000000000000000000e+00
2.880000000000000000e+05 7.199813718617265046e-02 4.551661356395084266e-04 9.995448338643604380e-01 0.000000000000000000e+00 0.000000000000000000e+00 0.000000000000000000e+00
2.920000000000000000e+05 7.299811131375855133e-02 0.000000000000000000e+00 1.000000000000000000e+00 0.000000000000000000e+00 0.000000000000000000e+00 0.000000000000000000e+00
2.960000000000000000e+05 7.399808544134423016e-02 0.000000000000000000e+00 1.000000000000000000e+00 0.000000000000000000e+00 0.000000000000000000e+00 0.000000000000000000e+00
3.000000000000000000e+05 7.499805956892990899e-02 2.275830678197542133e-04 9.997724169321802190e-01 0.000000000000000000e+00 0.000000000000000000e+00 0.000000000000000000e+00
3.040000000000000000e+05 7.599803369651558782e-02 2.275830678197542133e-04 9.997724169321802190e-01 0.000000000000000000e+00 0.000000000000000000e+00 0.000000000000000000e+00
3.080000000000000000e+05 7.699800782410126665e-02 1.137915339098771066e-04 9.997724169321802190e-01 0.000000000000000000e+00 1.137915339098771066e-04 0.000000000000000000e+00
3.120000000000000000e+05 7.799798195168716752e-02 0.000000000000000000e+00 1.000000000000000000e+00 0.000000000000000000e+00 0.000000000000000000e+00 0.000000000000000000e+00
3.160000000000000000e+05 7.899795607927284635e-02 2.275830678197542133e-04 9.997724169321802190e-01 0.000000000000000000e+00 0.000000000000000000e+00 0.000000000000000000e+00
3.200000000000000000e+05 7.999793020685852518e-02 1.137915339098771066e-04 9.998862084660901095e-01 0.000000000000000000e+00 0.000000000000000000e+00 0.000000000000000000e+00
3.240000000000000000e+05 8.099790433444420401e-02 7.965407373691396923e-04 9.990896677287209870e-01 0.000000000000000000e+00 1.137915339098771066e-04 0.000000000000000000e+00
3.280000000000000000e+05 8.199787846203010488e-02 3.413746017296313199e-04 9.996586253982703285e-01 0.000000000000000000e+00 0.000000000000000000e+00 0.000000000000000000e+00
3.320000000000000000e+05 8.299785258961578371e-02 6.827492034592626399e-04 9.993172507965407680e-01 0.000000000000000000e+00 0.000000000000000000e+00 0.000000000000000000e+00
3.360000000000000000e+05 8.399782671720146254e-02 7.965407373691396923e-04 9.992034592626308775e-01 0.000000000000000000e+00 0.000000000000000000e+00 0.000000000000000000e+00
3.400000000000000000e+05 8.499780084478714137e-02 4.551661356395084266e-04 9.994310423304506585e-01 0.000000000000000000e+00 1.137915339098771066e-04 0.000000000000000000e+00
3.440000000000000000e+05 8.599777497237304225e-02 4.551661356395084266e-04 9.995448338643604380e-01 0.000000000000000000e+00 0.000000000000000000e+00 0.000000000000000000e+00
3.480000000000000000e+05 8.699774909995872108e-02 1.251706873008648227e-03 9.986345015930814251e-01 0.000000000000000000e+00 1.137915339098771066e-04 0.000000000000000000e+00
3.520000000000000000e+05 8.799772322754439990e-02 1.251706873008648227e-03 9.987482931269913156e-01 0.000000000000000000e+00 0.000000000000000000e+00 0.000000000000000000e+00
3.560000000000000000e+05 8.899769735513007873e-02 7.965407373691396923e-04 9.992034592626308775e-01 0.000000000000000000e+00 0.000000000000000000e+00 0.000000000000000000e+00
3.600000000000000000e+05 8.999767148271597961e-02 5.689576695493854790e-04 9.993172507965407680e-01 0.000000000000000000e+00 1.137915339098771066e-04 0.000000000000000000e+00
3.640000000000000000e+05 9.099764561030165844e-02 2.275830678197542133e-04 9.997724169321802190e-01 0.000000000000000000e+00 0.000000000000000000e+00 0.000000000000000000e+00
3.680000000000000000e+05 9.199761973788733727e-02 1.251706873008648227e-03 9.986345015930814251e-01 0.000000000000000000e+00 1.137915339098771066e-04 0.000000000000000000e+00
3.720000000000000000e+05 9.299759386547301609e-02 1.820664542558033706e-03 9.981793354574419741e-01 0.000000000000000000e+00 0.000000000000000000e+00 0.000000000000000000e+00
3.760000000000000000e+05 9.399756799305891697e-02 1.251706873008648227e-03 9.987482931269913156e-01 0.000000000000000000e+00 0.000000000000000000e+00 0.000000000000000000e+00
3.800000000000000000e+05 9.499754212064459580e-02 1.479289940828402332e-03 9.982931269913518646e-01 0.000000000000000000e+00 2.275830678197542133e-04 0.000000000000000000e+00
3.840000000000000000e+05 9.599751624823027463e-02 7.965407373691396923e-04 9.990896677287209870e-01 0.000000000000000000e+00 1.137915339098771066e-04 0.000000000000000000e+00
3.880000000000000000e+05 9.699749037581595346e-02 3.072371415566681717e-03 9.965862539827037292e-01 0.000000000000000000e+00 3.413746017296313199e-04 0.000000000000000000e+00
3.920000000000000000e+05 9.799746450340185433e-02 5.234410559854347014e-03 9.940828402366863603e-01 0.000000000000000000e+00 6.827492034592626399e-04 0.000000000000000000e+00
3.960000000000000000e+05 9.899743863098753316e-02 2.617205279927173507e-03 9.971552116522530707e-01 0.000000000000000000e+00 2.275830678197542133e-04 0.000000000000000000e+00
4.000000000000000000e+05 9.999741275857321199e-02 1.934456076467910759e-03 9.980655439235320836e-01 0.000000000000000000e+00 0.000000000000000000e+00 0.000000000000000000e+00
4.040000000000000000e+05 1.009973868861588908e-01 3.072371415566681717e-03 9.968138370505233992e-01 0.000000000000000000e+00 1.137915339098771066e-04 0.000000000000000000e+00
4.080000000000000000e+05 1.019973610137445696e-01 3.299954483386436255e-03 9.964724624487938387e-01 0.000000000000000000e+00 2.275830678197542133e-04 0.000000000000000000e+00
4.120000000000000000e+05 1.029973351413304705e-01 3.072371415566681717e-03 9.969276285844332897e-01 0.000000000000000000e+00 0.000000000000000000e+00 0.000000000000000000e+00
4.160000000000000000e+05 1.039973092689161493e-01 4.437869822485207214e-03 9.954483386436049352e-01 0.000000000000000000e+00 1.137915339098771066e-04 0.000000000000000000e+00
4.200000000000000000e+05 1.049972833965018282e-01 7.624032771961766417e-03 9.919208010923987739e-01 0.000000000000000000e+00 4.551661356395084266e-04 0.000000000000000000e+00
4.240000000000000000e+05 1.059972575240875070e-01 6.486117432862995025e-03 9.927173418297678964e-01 0.000000000000000000e+00 7.965407373691396923e-04 0.000000000000000000e+00
4.280000000000000000e+05 1.069972316516734079e-01 4.767865270823850449e-02 6.726217569412835662e-01 2.779927173418297870e-01 1.706873008648156654e-03 0.000000000000000000e+00
4.320000000000000000e+05 1.079972057792590867e-01 4.858898497951752438e-02 6.715976331360946627e-01 2.765134274010013771e-01 3.299954483386436255e-03 0.000000000000000000e+00
4.360000000000000000e+05 1.089971799068447655e-01 4.745106964041875125e-02 6.738734638142922506e-01 2.771961766044606090e-01 1.479289940828402332e-03 0.000000000000000000e+00
4.400000000000000000e+05 1.099971540344304444e-01 4.813381884387801790e-02 6.731907146108329076e-01 2.768548020027309930e-01 1.820664542558033706e-03 0.000000000000000000e+00
4.440000000000000000e+05 1.109971281620163452e-01 4.938552571688666071e-02 6.720527992717342247e-01 2.766272189349112676e-01 1.934456076467910759e-03 0.000000000000000000e+00
4.480000000000000000e+05 1.119971022896020241e-01 4.881656804733727761e-02 6.715976331360946627e-01 2.766272189349112676e-01 2.958579881656804664e-03 0.000000000000000000e+00
4.520000000000000000e+05 1.129970764171877029e-01 5.143377332726445372e-02 6.713700500682748817e-01 2.751479289940828576e-01 2.048247610377787811e-03 0.000000000000000000e+00
4.560000000000000000e+05 1.139970505447733817e-01 5.382339553937186966e-02 6.692080109239872954e-01 2.742375967228038447e-01 2.730996813837050560e-03 0.000000000000000000e+00
4.600000000000000000e+05 1.149970246723592826e-01 5.484751934456076616e-02 6.676149294492489394e-01 2.741238051888939542e-01 3.413746017296313308e-03 0.000000000000000000e+00
4.640000000000000000e+05 1.159969987999449614e-01 5.314064633591260994e-02 6.710286754665453213e-01 2.738962221210741732e-01 1.934456076467910759e-03 0.000000000000000000e+00
4.680000000000000000e+05 1.169969729275306403e-01 5.143377332726445372e-02 6.706873008648156498e-01 2.744651797906235702e-01 3.413746017296313308e-03 0.000000000000000000e+00
4.720000000000000000e+05 1.179969470551163191e-01 5.393718707328174627e-02 6.705735093309057593e-01 2.738962221210741732e-01 1.593081474738279385e-03 0.000000000000000000e+00
4.760000000000000000e+05 1.189969211827022200e-01 5.484751934456076616e-02 6.695493855257168558e-01 2.729858898497951603e-01 2.617205279927173507e-03 0.000000000000000000e+00
4.800000000000000000e+05 1.199968953102878988e-01 5.644060081929904577e-02 6.678425125170687204e-01 2.709376422394174089e-01 4.779244424214838804e-03 0.000000000000000000e+00
4.840000000000000000e+05 1.209968694378735776e-01 6.008192990441511144e-02 6.638598088302229971e-01 2.717341829767865313e-01 4.324078288575329727e-03 0.000000000000000000e+00
4.880000000000000000e+05 1.219968435654592565e-01 6.087847064178425471e-02 6.640873918980427781e-01 2.709376422394174089e-01 4.096495220755575623e-03 0.000000000000000000e+00
4.920000000000000000e+05 1.229968176930449353e-01 6.406463359126081392e-02 6.621529358215748617e-01 2.686618115612198210e-01 5.120619025944469528e-03 0.000000000000000000e+00
4.960000000000000000e+05 1.239967918206308362e-01 6.144742831133363781e-02 6.627218934911243142e-01 2.705962676376877374e-01 5.234410559854347014e-03 0.000000000000000000e+00
5.000000000000000000e+05 1.249967659482165150e-01 7.339553937187073829e-02 6.564633591260810030e-01 2.629722348657259623e-01 7.168866636322257339e-03 0.000000000000000000e+00
5.040000000000000000e+05 1.259967400758021938e-01 8.568502503413745475e-02 6.830905780609922706e-01 2.258761948111060458e-01 5.348202093764223633e-03 0.000000000000000000e+00
5.080000000000000000e+05 1.269967142033878726e-01 8.488848429676831842e-02 6.837733272644515026e-01 2.265589440145653055e-01 4.779244424214838804e-03 0.000000000000000000e+00
5.120000000000000000e+05 1.279966883309737735e-01 8.500227583067819503e-02 6.844560764679107345e-01 2.250796540737369233e-01 5.461993627674101119e-03 0.000000000000000000e+00
5.160000000000000000e+05 1.289966624585594523e-01 8.500227583067819503e-02 6.833181611288120516e-01 2.256486117432862926e-01 6.030951297223486815e-03 0.000000000000000000e+00
5.200000000000000000e+05 1.299966365861451312e-01 8.363677742375967561e-02 6.822940373236231482e-01 2.275830678197542090e-01 6.486117432862995025e-03 0.000000000000000000e+00
5.240000000000000000e+05 1.309966107137308100e-01 8.511606736458807165e-02 6.817250796540736957e-01 2.278106508875739622e-01 5.348202093764223633e-03 0.000000000000000000e+00
5.280000000000000000e+05 1.319965848413167109e-01 8.466090122894856518e-02 6.825216203914429292e-01 2.282658170232134687e-01 4.551661356395083832e-03 0.000000000000000000e+00
5.320000000000000000e+05 1.329965589689023897e-01 8.716431497496586467e-02 6.808147473827946827e-01 2.274692762858443462e-01 4.551661356395083832e-03 0.000000000000000000e+00
5.360000000000000000e+05 1.339965330964880685e-01 8.477469276285844180e-02 6.818388711879835862e-01 2.269003186162949492e-01 6.486117432862995025e-03 0.000000000000000000e+00
5.400000000000000000e+05 1.349965072240737474e-01 8.761948111060537114e-02 6.799044151115156698e-01 2.265589440145653055e-01 5.917159763313609329e-03 0.000000000000000000e+00
5.440000000000000000e+05 1.359964813516596482e-01 8.727810650887574129e-02 6.802457897132453413e-01 2.262175694128356895e-01 6.258534365043240920e-03 0.000000000000000000e+00
5.480000000000000000e+05 1.369964554792453271e-01 8.557123350022757813e-02 6.804733727810651223e-01 2.271279016841147025e-01 6.827492034592626616e-03 0.000000000000000000e+00
5.520000000000000000e+05 1.379964296068310059e-01 8.636777423759672834e-02 6.800182066454255603e-01 2.280382339553937154e-01 5.575785161583977738e-03 0.000000000000000000e+00
5.560000000000000000e+05 1.389964037344166847e-01 8.693673190714611143e-02 6.796768320436959998e-01 2.269003186162949492e-01 6.486117432862995025e-03 0.000000000000000000e+00
5.600000000000000000e+05 1.399963778620025856e-01 8.784706417842512438e-02 6.780837505689576439e-01 2.276968593536640995e-01 6.372325898953117539e-03 0.000000000000000000e+00
5.640000000000000000e+05 1.409963519895882644e-01 8.761948111060537114e-02 6.788802913063267663e-01 2.279244424214838527e-01 5.575785161583977738e-03 0.000000000000000000e+00
5.680000000000000000e+05 1.419963261171739433e-01 8.477469276285844180e-02 6.792216659080564378e-01 2.289485662266727284e-01 7.055075102412380721e-03 0.000000000000000000e+00
5.720000000000000000e+05 1.429963002447596221e-01 8.784706417842512438e-02 6.714838416021847722e-01 2.328174783796085612e-01 7.851615839781519654e-03 0.000000000000000000e+00
5.760000000000000000e+05 1.439962743723455230e-01 9.421939007737824279e-02 6.694355939918069653e-01 2.284934000910332219e-01 7.851615839781519654e-03 0.000000000000000000e+00
5.800000000000000000e+05 1.449962484999312018e-01 9.194355939918069653e-02 6.717114246700045532e-01 2.302002730996813851e-01 6.144742831133363434e-03 0.000000000000000000e+00
5.840000000000000000e+05 1.459962226275168806e-01 9.046426945835230049e-02 6.720527992717342247e-01 2.309968138370505353e-01 6.486117432862995025e-03 0.000000000000000000e+00
5.880000000000000000e+05 1.469961967551025595e-01 9.524351388256713236e-02 6.688666363222576239e-01 2.287209831588529751e-01 7.168866636322257339e-03 0.000000000000000000e+00
5.920000000000000000e+05 1.479961708826882383e-01 9.319526627218935322e-02 6.700045516613564178e-01 2.282658170232134687e-01 8.534365043240782836e-03 0.000000000000000000e+00
5.960000000000000000e+05 1.489961450102741392e-01 8.693673190714611143e-02 6.828629949931724896e-01 2.256486117432862926e-01 4.551661356395083832e-03 0.000000000000000000e+00
6.000000000000000000e+05 1.499961191378598180e-01 8.864360491579426071e-02 6.842284934000910646e-01 2.221210741920801035e-01 5.006827492034592909e-03 0.000000000000000000e+00
6.040000000000000000e+05 1.509960932654454968e-01 8.727810650887574129e-02 6.877560309512972259e-01 2.195038689121529274e-01 5.461993627674101119e-03 0.000000000000000000e+00
6.080000000000000000e+05 1.519960673930311756e-01 8.773327264451524776e-02 6.901456531634045932e-01 2.181383705052344080e-01 3.982703686845699004e-03 0.000000000000000000e+00
6.120000000000000000e+05 1.529960415206170765e-01 8.875739644970413733e-02 6.884387801547564578e-01 2.180245789713245452e-01 4.779244424214838804e-03 0.000000000000000000e+00
6.160000000000000000e+05 1.539960156482027553e-01 9.046426945835230049e-02 6.901456531634045932e-01 2.152935821574874786e-01 4.096495220755575623e-03 0.000000000000000000e+00
6.200000000000000000e+05 1.549959897757884342e-01 8.807464724624487762e-02 6.878698224852071164e-01 2.185935366408739144e-01 5.461993627674101119e-03 0.000000000000000000e+00
6.240000000000000000e+05 1.559959639033741130e-01 9.114701866181156020e-02 6.904870277651342647e-01 2.126763768775603025e-01 5.689576695493855224e-03 0.000000000000000000e+00
6.280000000000000000e+05 1.569959380309600139e-01 9.182976786527081992e-02 6.878698224852071164e-01 2.157487482931269851e-01 4.551661356395083832e-03 0.000000000000000000e+00
6.320000000000000000e+05 1.579959121585456927e-01 8.375056895766955223e-02 7.131315430131998090e-01 1.972007282658170269e-01 5.917159763313609329e-03 0.000000000000000000e+00
6.360000000000000000e+05 1.589958862861313715e-01 8.443331816112881194e-02 7.126763768775603580e-01 1.981110605370960398e-01 4.779244424214838804e-03 0.000000000000000000e+00
6.400000000000000000e+05 1.599958604137170504e-01 8.409194355939918208e-02 7.141556668183887124e-01 1.975421028675466428e-01 4.210286754665453109e-03 0.000000000000000000e+00
6.440000000000000000e+05 1.609958345413029512e-01 8.375056895766955223e-02 7.144970414201183839e-01 1.968593536640873831e-01 4.893035958124715423e-03 0.000000000000000000e+00
6.480000000000000000e+05 1.619958086688886301e-01 8.409194355939918208e-02 7.148384160218479444e-01 1.950386891215293572e-01 6.030951297223486815e-03 0.000000000000000000e+00
6.520000000000000000e+05 1.629957827964743089e-01 8.249886208466089554e-02 7.147246244879380539e-01 1.981110605370960398e-01 4.665452890304961318e-03 0.000000000000000000e+00
6.560000000000000000e+05 1.639957569240599877e-01 8.443331816112881194e-02 7.132453345471096995e-01 1.976558944014565333e-01 4.665452890304961318e-03 0.000000000000000000e+00
6.600000000000000000e+05 1.649957310516458886e-01 8.454710969503868856e-02 7.139280837505689314e-01 1.974283113336367801e-01 4.096495220755575623e-03 0.000000000000000000e+00
6.640000000000000000e+05 1.659957051792315674e-01 8.443331816112881194e-02 7.155211652253072874e-01 1.944697314519799602e-01 5.575785161583977738e-03 0.000000000000000000e+00
6.680000000000000000e+05 1.669956793068172463e-01 8.386436049157942885e-02 7.132453345471096995e-01 1.972007282658170269e-01 5.689576695493855224e-03 0.000000000000000000e+00
6.720000000000000000e+05 1.679956534344029251e-01 8.511606736458807165e-02 7.125625853436504675e-01 1.972007282658170269e-01 5.120619025944469528e-03 0.000000000000000000e+00
6.760000000000000000e+05 1.689956275619888260e-01 8.705052344105598805e-02 7.118798361401911245e-01 1.962903959945380139e-01 4.779244424214838804e-03 0.000000000000000000e+00
6.800000000000000000e+05 1.699956016895745048e-01 8.306781975421029252e-02 7.131315430131998090e-01 1.981110605370960398e-01 5.689576695493855224e-03 0.000000000000000000e+00
6.840000000000000000e+05 1.709955758171601836e-01 8.386436049157942885e-02 7.147246244879380539e-01 1.961766044606281234e-01 5.234410559854347014e-03 0.000000000000000000e+00
6.880000000000000000e+05 1.719955499447458624e-01 8.670914883932635819e-02 7.115384615384615641e-01 1.966317705962676299e-01 5.120619025944469528e-03 0.000000000000000000e+00
6.920000000000000000e+05 1.729955240723315413e-01 8.648156577150660496e-02 7.110832954028220021e-01 1.965179790623577671e-01 5.917159763313609329e-03 0.000000000000000000e+00
6.960000000000000000e+05 1.739954981999174422e-01 8.318161128812016913e-02 7.146108329540282744e-01 2.003868912152935722e-01 1.820664542558033706e-03 0.000000000000000000e+00
7.000000000000000000e+05 1.749954723275031210e-01 8.636777423759672834e-02 7.106281292671825511e-01 2.010696404187528319e-01 1.934456076467910759e-03 0.000000000000000000e+00
7.040000000000000000e+05 1.759954464550887998e-01 8.568502503413745475e-02 7.108557123350022211e-01 2.012972234865725851e-01 2.162039144287664864e-03 0.000000000000000000e+00
7.080000000000000000e+05 1.769954205826744786e-01 8.284023668639053928e-02 7.137005006827491504e-01 2.014110150204824756e-01 2.048247610377787811e-03 0.000000000000000000e+00
7.120000000000000000e+05 1.779953947102603795e-01 8.375056895766955223e-02 7.115384615384615641e-01 2.024351388256713791e-01 2.275830678197541916e-03 0.000000000000000000e+00
7.160000000000000000e+05 1.789953688378460583e-01 8.727810650887574129e-02 7.097177969959035382e-01 2.006144742831133254e-01 2.389622212107419402e-03 0.000000000000000000e+00
7.200000000000000000e+05 1.799953429654317372e-01 8.534365043240782489e-02 7.107419208010924416e-01 2.018661811561219821e-01 2.048247610377787811e-03 0.000000000000000000e+00
7.240000000000000000e+05 1.809953170930174160e-01 8.841602184797450747e-02 7.106281292671825511e-01 1.978834774692762866e-01 3.072371415566681717e-03 0.000000000000000000e+00
7.280000000000000000e+05 1.819952912206033169e-01 1.034365043240782905e-01 6.799044151115156698e-01 2.132453345471096995e-01 3.413746017296313308e-03 0.000000000000000000e+00
7.320000000000000000e+05 1.829952653481889957e-01 1.027537551206190308e-01 6.809285389167045732e-01 2.123350022758306865e-01 3.982703686845699004e-03 0.000000000000000000e+00
7.360000000000000000e+05 1.839952394757746745e-01 1.042330450614474269e-01 6.819526627218934767e-01 2.113108784706417831e-01 2.503413746017296455e-03 0.000000000000000000e+00
7.400000000000000000e+05 1.849952136033603534e-01 1.033227127901684139e-01 6.807009558488847922e-01 2.132453345471096995e-01 2.730996813837050560e-03 0.000000000000000000e+00
7.440000000000000000e+05 1.859951877309462542e-01 1.043468365953573035e-01 6.843422849340009551e-01 2.091488393263541135e-01 2.162039144287664864e-03 0.000000000000000000e+00
7.480000000000000000e+05 1.869951618585319331e-01 1.061675011379153433e-01 6.827492034592625991e-01 2.090350477924442507e-01 2.048247610377787811e-03 0.000000000000000000e+00
7.520000000000000000e+05 1.879951359861176119e-01 1.060537096040054666e-01 6.841147018661811741e-01 2.073281747837960876e-01 2.503413746017296455e-03 0.000000000000000000e+00
7.560000000000000000e+05 1.889951101137032907e-01 1.059399180700955900e-01 6.841147018661811741e-01 2.073281747837960876e-01 2.617205279927173507e-03 0.000000000000000000e+00
7.600000000000000000e+05 1.899950842412891916e-01 1.076467910787437393e-01 6.824078288575330387e-01 2.084660901228948537e-01 1.479289940828402332e-03 0.000000000000000000e+00
7.640000000000000000e+05 1.909950583688748704e-01 1.070778334091943562e-01 6.833181611288120516e-01 2.071005917159763343e-01 2.503413746017296455e-03 0.000000000000000000e+00
7.680000000000000000e+05 1.919950324964605493e-01 1.079881656804733692e-01 6.819526627218934767e-01 2.075557578516158408e-01 2.503413746017296455e-03 0.000000000000000000e+00
7.720000000000000000e+05 1.929950066240462281e-01 1.083295402822029990e-01 6.816112881201638052e-01 2.073281747837960876e-01 2.730996813837050560e-03 0.000000000000000000e+00
7.760000000000000000e+05 1.939949807516321290e-01 1.052571688666363164e-01 6.837733272644515026e-01 2.080109239872553473e-01 2.958579881656804664e-03 0.000000000000000000e+00
7.800000000000000000e+05 1.949949548792178078e-01 1.090122894856622726e-01 6.822940373236231482e-01 2.068730086481565811e-01 1.820664542558033706e-03 0.000000000000000000e+00
7.840000000000000000e+05 1.959949290068034866e-01 1.096950386891215323e-01 6.796768320436959998e-01 2.076695493855257035e-01 2.958579881656804664e-03 0.000000000000000000e+00
7.880000000000000000e+05 1.969949031343891654e-01 1.165225307237141572e-01 6.871870732817478844e-01 1.939007737824305910e-01 2.389622212107419402e-03 0.000000000000000000e+00
7.920000000000000000e+05 1.979948772619748443e-01 1.153846153846153910e-01 6.886663632225762388e-01 1.932180245789713313e-01 2.730996813837050560e-03 0.000000000000000000e+00
7.960000000000000000e+05 1.989948513895607451e-01 1.187983614019117035e-01 6.879836140191170069e-01 1.911697769685935244e-01 2.048247610377787811e-03 0.000000000000000000e+00
8.000000000000000000e+05 1.999948255171464240e-01 1.206190259444697294e-01 6.867319071461083224e-01 1.910559854346836617e-01 1.593081474738279385e-03 0.000000000000000000e+00
8.040000000000000000e+05 2.009947996447321028e-01 1.189121529358215801e-01 6.871870732817478844e-01 1.916249431042330587e-01 2.275830678197541916e-03 0.000000000000000000e+00
8.080000000000000000e+05 2.019947737723177816e-01 1.190259444697314567e-01 6.901456531634045932e-01 1.885525716886663761e-01 2.275830678197541916e-03 0.000000000000000000e+00
8.120000000000000000e+05 2.029947478999036825e-01 1.214155666818388657e-01 6.990213928083750528e-01 1.774010013654984119e-01 2.162039144287664864e-03 0.000000000000000000e+00
8.160000000000000000e+05 2.039947220274893613e-01 1.230086481565771522e-01 6.981110605370960398e-01 1.760355029585798925e-01 2.844788347746927612e-03 0.000000000000000000e+00
8.200000000000000000e+05 2.049946961550750402e-01 1.203914428766499761e-01 6.999317250796540657e-01 1.770596267637687682e-01 2.617205279927173507e-03 0.000000000000000000e+00
8.240000000000000000e+05 2.059946702826607190e-01 1.235776058261265353e-01 6.973145197997269173e-01 1.759217114246700020e-01 3.186162949476558769e-03 0.000000000000000000e+00
8.280000000000000000e+05 2.069946444102466199e-01 1.230086481565771522e-01 6.982248520710059303e-01 1.764906690942193990e-01 2.275830678197541916e-03 0.000000000000000000e+00
8.320000000000000000e+05 2.079946185378322987e-01 1.251706873008648080e-01 6.962903959945380139e-01 1.754665452890304955e-01 3.072371415566681717e-03 0.000000000000000000e+00
8.360000000000000000e+05 2.089945926654179775e-01 1.250568957669549452e-01 6.976558944014564778e-01 1.750113791533909890e-01 2.275830678197541916e-03 0.000000000000000000e+00
8.400000000000000000e+05 2.099945667930036564e-01 1.234638142922166587e-01 6.982248520710059303e-01 1.759217114246700020e-01 2.389622212107419402e-03 0.000000000000000000e+00
8.440000000000000000e+05 2.109945409205895572e-01 1.210741920801092358e-01 7.001593081474738467e-01 1.762630860263996457e-01 2.503413746017296455e-03 0.000000000000000000e+00
8.480000000000000000e+05 2.119945150481752361e-01 1.363222576240327721e-01 6.962903959945380139e-01 1.651115157032316816e-01 2.275830678197541916e-03 0.000000000000000000e+00
8.520000000000000000e+05 2.129944891757609149e-01 1.358670914883932657e-01 6.991351843422849432e-01 1.634046426945835184e-01 1.593081474738279385e-03 0.000000000000000000e+00
8.560000000000000000e+05 2.139944633033465937e-01 1.359808830223031284e-01 6.997041420118342847e-01 1.623805188893946427e-01 1.934456076467910759e-03 0.000000000000000000e+00
8.600000000000000000e+05 2.149944374309324946e-01 1.426945835229858905e-01 6.844560764679107345e-01 1.709148839326354030e-01 1.934456076467910759e-03 0.000000000000000000e+00
8.640000000000000000e+05 2.159944115585181734e-01 1.430359581247155343e-01 6.834319526627219421e-01 1.714838416021848000e-01 2.048247610377787811e-03 0.000000000000000000e+00
8.680000000000000000e+05 2.169943856861038523e-01 1.415566681838871244e-01 6.829767865270823801e-01 1.722803823395539502e-01 3.186162949476558769e-03 0.000000000000000000e+00
8.720000000000000000e+05 2.179943598136895311e-01 1.447428311333636697e-01 6.791078743741465473e-01 1.741010468821119761e-01 2.048247610377787811e-03 0.000000000000000000e+00
8.760000000000000000e+05 2.189943339412754320e-01 1.424670004551661373e-01 6.814974965862540257e-01 1.725079654073737034e-01 3.527537551206190360e-03 0.000000000000000000e+00
8.800000000000000000e+05 2.199943080688611108e-01 1.442876649977241632e-01 6.784251251706873154e-01 1.753527537551206328e-01 1.934456076467910759e-03 0.000000000000000000e+00
8.840000000000000000e+05 2.209942821964467896e-01 1.433773327264451503e-01 6.805871643149750128e-01 1.729631315430132099e-01 3.072371415566681717e-03 0.000000000000000000e+00
8.880000000000000000e+05 2.219942563240324684e-01 1.432635411925352875e-01 6.796768320436959998e-01 1.742148384160218388e-01 2.844788347746927612e-03 0.000000000000000000e+00
8.920000000000000000e+05 2.229942304516181473e-01 1.514565316340464318e-01 6.928766499772417431e-01 1.520254893035958010e-01 3.641329085116067413e-03 0.000000000000000000e+00
8.960000000000000000e+05 2.239942045792040481e-01 1.457669549385525731e-01 7.053937187073281434e-01 1.449704142011834229e-01 3.868912152935821518e-03 0.000000000000000000e+00
9.000000000000000000e+05 2.249941787067897270e-01 1.487255348202093652e-01 7.023213472917615441e-01 1.448566226672735602e-01 4.096495220755575623e-03 0.000000000000000000e+00
9.040000000000000000e+05 2.259941528343754058e-01 1.424670004551661373e-01 7.322485207100591920e-01 1.226672735548475224e-01 2.617205279927173507e-03 0.000000000000000000e+00
9.080000000000000000e+05 2.269941269619610846e-01 1.366636322257624159e-01 7.236003641329085134e-01 1.363222576240327721e-01 3.413746017296313308e-03 0.000000000000000000e+00
