# itime ezz other fcc hcp bcc ico
0.000000000000000000e+00 0.000000000000000000e+00 0.000000000000000000e+00 1.000000000000000000e+00 0.000000000000000000e+00 0.000000000000000000e+00 0.000000000000000000e+00
4.000000000000000000e+04 9.999967291867140062e-03 0.000000000000000000e+00 1.000000000000000000e+00 0.000000000000000000e+00 0.000000000000000000e+00 0.000000000000000000e+00
8.000000000000000000e+04 1.999993458373405808e-02 0.000000000000000000e+00 1.000000000000000000e+00 0.000000000000000000e+00 0.000000000000000000e+00 0.000000000000000000e+00
1.200000000000000000e+05 2.999990187560119814e-02 0.000000000000000000e+00 1.000000000000000000e+00 0.000000000000000000e+00 0.000000000000000000e+00 0.000000000000000000e+00
1.600000000000000000e+05 3.999986916746833820e-02 0.000000000000000000e+00 1.000000000000000000e+00 0.000000000000000000e+00 0.000000000000000000e+00 0.000000000000000000e+00
2.000000000000000000e+05 4.999983645933525622e-02 0.000000000000000000e+00 1.000000000000000000e+00 0.000000000000000000e+00 0.000000000000000000e+00 0.000000000000000000e+00
2.400000000000000000e+05 5.999980375120239628e-02 0.000000000000000000e+00 1.000000000000000000e+00 0.000000000000000000e+00 0.000000000000000000e+00 0.000000000000000000e+00
2.800000000000000000e+05 6.999977104306953635e-02 2.275830678197542133e-04 9.996586253982703285e-01 0.000000000000000000e+00 1.137915339098771066e-04 0.000000000000000000e+00
3.200000000000000000e+05 7.999973833493645436e-02 0.000000000000000000e+00 1.000000000000000000e+00 0.000000000000000000e+00 0.000000000000000000e+00 0.000000000000000000e+00
3.600000000000000000e+05 8.999970562680359443e-02 2.503413746017296455e-03 9.974965862539827421e-01 0.000000000000000000e+00 0.000000000000000000e+00 0.000000000000000000e+00
4.000000000000000000e+05 9.999967291867073449e-02 3.982703686845699004e-03 9.956759217114247162e-01 0.000000000000000000e+00 3.413746017296313199e-04 0.000000000000000000e+00
4.400000000000000000e+05 1.099996402105376525e-01 9.877105143377332142e-02 6.703459262630859783e-01 2.288347746927628656e-01 2.048247610377787811e-03 0.000000000000000000e+00
4.800000000000000000e+05 1.199996075024047926e-01 8.557123350022757813e-02 6.887801547564861293e-01 2.223486572598998567e-01 3.299954483386436255e-03 0.000000000000000000e+00
5.200000000000000000e+05 1.299995747942719326e-01 8.796085571233500100e-02 6.860491579426490905e-01 2.216659080564405970e-01 4.324078288575329727e-03 0.000000000000000000e+00
5.600000000000000000e+05 1.399995420861390727e-01 5.644060081929904577e-02 7.990441511151570309e-01 1.385980883022303045e-01 5.917159763313609329e-03 0.000000000000000000e+00
6.000000000000000000e+05 1.499995093780059907e-01 5.814747382794720199e-02 7.958579881656804300e-01 1.391670459717797015e-01 6.827492034592626616e-03 0.000000000000000000e+00
6.400000000000000000e+05 1.599994766698731308e-01 6.349567592171143082e-02 7.919890760127445972e-01 1.387118798361401950e-01 5.803368229403732710e-03 0.000000000000000000e+00
6.800000000000000000e+05 1.699994439617402708e-01 7.203004096495220498e-02 7.874374146563495325e-01 1.338188438780154865e-01 6.713700500682749130e-03 0.000000000000000000e+00
7.200000000000000000e+05 1.799994112536071889e-01 7.692307692307692735e-02 7.635411925352754148e-01 1.507737824305871721e-01 8.761948111060537808e-03 0.000000000000000000e+00
7.600000000000000000e+05 1.899993785454743289e-01 7.294037323623121793e-02 7.259899863450158808e-01 1.920801092398725651e-01 8.989531178880291046e-03 0.000000000000000000e+00
8.000000000000000000e+05 1.999993458373414690e-01 7.328174783796086167e-02 7.283796085571233592e-01 1.916249431042330587e-01 6.713700500682749130e-03 0.000000000000000000e+00
8.400000000000000000e+05 2.099993131292083870e-01 7.180245789713245175e-02 7.288347746927628101e-01 1.912835685025034149e-01 8.079198907601274626e-03 0.000000000000000000e+00
8.800000000000000000e+05 2.199992804210755271e-01 7.350933090578061491e-02 7.265589440145653333e-01 1.921939007737824279e-01 7.737824305871643035e-03 0.000000000000000000e+00
9.200000000000000000e+05 2.299992477129426671e-01 7.828857532999544677e-02 7.385070550751023921e-01 1.772872098315885214e-01 5.917159763313609329e-03 0.000000000000000000e+00
9.600000000000000000e+05 2.399992150048095851e-01 8.511606736458807165e-02 7.066454255803368278e-01 2.009558488848429691e-01 7.282658170232134826e-03 0.000000000000000000e+00
1.000000000000000000e+06 2.499991822966767252e-01 8.113336367774237612e-02 7.007282658170231882e-01 2.108557123350022766e-01 7.282658170232134826e-03 0.000000000000000000e+00
1.040000000000000000e+06 2.599991495885438653e-01 8.909877105143376719e-02 6.797906235776057793e-01 2.254210286754665393e-01 5.689576695493855224e-03 0.000000000000000000e+00
1.080000000000000000e+06 2.699991168804107833e-01 7.908511606736458310e-02 7.494310423304506585e-01 1.636322257624032717e-01 7.851615839781519654e-03 0.000000000000000000e+00
1.120000000000000000e+06 2.799990841722779233e-01 8.101957214383249950e-02 7.473827947200728516e-01 1.632908511606736557e-01 8.306781975421027864e-03 0.000000000000000000e+00
1.160000000000000000e+06 2.899990514641450634e-01 7.862994993172507663e-02 7.456759217114247162e-01 1.669321802457897075e-01 8.761948111060537808e-03 0.000000000000000000e+00
1.200000000000000000e+06 2.999990187560119814e-01 8.181611288120163583e-02 7.428311333636777869e-01 1.654528903049612976e-01 9.899863450159307465e-03 0.000000000000000000e+00
1.240000000000000000e+06 3.099989860478791215e-01 7.726445152480655720e-02 7.492034592626308775e-01 1.639736003641329154e-01 9.558488848429677609e-03 0.000000000000000000e+00
1.280000000000000000e+06 3.199989533397462615e-01 8.397815202548930547e-02 8.197542102867546587e-01 9.387801547564861293e-02 2.389622212107419402e-03 0.000000000000000000e+00
1.320000000000000000e+06 3.299989206316131796e-01 8.534365043240782489e-02 8.187300864815657553e-01 9.376422394173873631e-02 2.162039144287664864e-03 0.000000000000000000e+00
1.360000000000000000e+06 3.399988879234803196e-01 1.157259899863450209e-01 6.816112881201638052e-01 1.995903504779244497e-01 3.072371415566681717e-03 0.000000000000000000e+00
1.400000000000000000e+06 3.499988552153474597e-01 1.137915339098771045e-01 6.546426945835229771e-01 2.261037778789257990e-01 5.461993627674101119e-03 0.000000000000000000e+00
1.440000000000000000e+06 3.599988225072143777e-01 1.121984524351388318e-01 6.152708238507055283e-01 2.659308147473827821e-01 6.599908966772872511e-03 0.000000000000000000e+00
1.480000000000000000e+06 3.699987897990815178e-01 1.154984069185252676e-01 5.968365953573053773e-01 2.781065088757396220e-01 9.558488848429677609e-03 0.000000000000000000e+00
1.520000000000000000e+06 3.799987570909486578e-01 1.144742831133363642e-01 6.649977241693217911e-01 2.166590805644059980e-01 3.868912152935821518e-03 0.000000000000000000e+00
1.560000000000000000e+06 3.899987243828157979e-01 1.184569868001820597e-01 6.663632225762403660e-01 2.091488393263541135e-01 6.030951297223486815e-03 0.000000000000000000e+00
1.600000000000000000e+06 3.999986916746829380e-01 1.235776058261265353e-01 6.298361401911697355e-01 2.393035958124715423e-01 7.282658170232134826e-03 0.000000000000000000e+00
1.640000000000000000e+06 4.099986589665498560e-01 1.095812471552116557e-01 6.573736913973600160e-01 2.309968138370505353e-01 2.048247610377787811e-03 0.000000000000000000e+00
1.680000000000000000e+06 4.199986262584167740e-01 1.091260810195721492e-01 6.643149749658625591e-01 2.243969048702776636e-01 2.162039144287664864e-03 0.000000000000000000e+00
1.720000000000000000e+06 4.299985935502839141e-01 1.079881656804733692e-01 6.726217569412835662e-01 2.156349567592171224e-01 3.755120619025944465e-03 0.000000000000000000e+00
1.760000000000000000e+06 4.399985608421512762e-01 1.126536185707783383e-01 6.761492944924897275e-01 2.080109239872553473e-01 3.186162949476558769e-03 0.000000000000000000e+00
1.800000000000000000e+06 4.499985281340181942e-01 1.153846153846153910e-01 6.597633136094674944e-01 2.220072826581702408e-01 2.844788347746927612e-03 0.000000000000000000e+00
1.840000000000000000e+06 4.599984954258851122e-01 8.705052344105598805e-02 8.926945835229859183e-01 1.843422849340009204e-02 1.820664542558033706e-03 0.000000000000000000e+00
1.880000000000000000e+06 4.699984627177522523e-01 8.716431497496586467e-02 8.950842057350932857e-01 1.604460628129267263e-02 1.706873008648156654e-03 0.000000000000000000e+00
1.920000000000000000e+06 4.799984300096193923e-01 9.057806099226217711e-02 8.848429676832043622e-01 2.275830678197542090e-02 1.820664542558033706e-03 0.000000000000000000e+00
1.960000000000000000e+06 4.899983973014863103e-01 9.274010013654984674e-02 8.807464724624487484e-01 2.503413746017296368e-02 1.479289940828402332e-03 0.000000000000000000e+00
2.000000000000000000e+06 4.999983645933532284e-01 9.262630860263997012e-02 8.798361401911697355e-01 2.571688666363222686e-02 1.820664542558033706e-03 0.000000000000000000e+00
2.040000000000000000e+06 5.099983318852205905e-01 9.695038689121529552e-02 8.484296768320437332e-01 5.302685480200273332e-02 1.593081474738279385e-03 0.000000000000000000e+00
2.080000000000000000e+06 5.199982991770877305e-01 1.009330905780609910e-01 8.467228038233954868e-01 5.063723258989531045e-02 1.706873008648156654e-03 0.000000000000000000e+00
2.120000000000000000e+06 5.299982664689546485e-01 1.019572143832498806e-01 8.472917614929449392e-01 4.915794264906690747e-02 1.593081474738279385e-03 0.000000000000000000e+00
2.160000000000000000e+06 5.399982337608215666e-01 9.182976786527081992e-02 8.732362312243968638e-01 3.265817023213472836e-02 2.275830678197541916e-03 0.000000000000000000e+00
2.200000000000000000e+06 5.499982010526887066e-01 8.989531178880291740e-02 8.760810195721437932e-01 3.220300409649522189e-02 1.820664542558033706e-03 0.000000000000000000e+00
2.240000000000000000e+06 5.599981683445560687e-01 9.171597633136094330e-02 8.760810195721437932e-01 3.060992262175694228e-02 1.593081474738279385e-03 0.000000000000000000e+00
2.280000000000000000e+06 5.699981356364229867e-01 9.160218479745106668e-02 8.777878925807920396e-01 2.958579881656804578e-02 1.024123805188893906e-03 0.000000000000000000e+00
2.320000000000000000e+06 5.799981029282899048e-01 9.148839326354119006e-02 8.782430587164314906e-01 2.958579881656804578e-02 6.827492034592626399e-04 0.000000000000000000e+00
2.360000000000000000e+06 5.899980702201570448e-01 9.080564406008193035e-02 8.810878470641784199e-01 2.753755120619025970e-02 5.689576695493854790e-04 0.000000000000000000e+00
2.400000000000000000e+06 5.999980375120241849e-01 9.057806099226217711e-02 8.827947200728265553e-01 2.571688666363222686e-02 9.103322712790168532e-04 0.000000000000000000e+00
2.440000000000000000e+06 6.099980048038911029e-01 9.114701866181156020e-02 8.832498862084661173e-01 2.480655439235321044e-02 7.965407373691396923e-04 0.000000000000000000e+00
2.480000000000000000e+06 6.199979720957580209e-01 9.228493400091032639e-02 8.819981793354574329e-01 2.503413746017296368e-02 6.827492034592626399e-04 0.000000000000000000e+00
2.520000000000000000e+06 6.299979393876253830e-01 8.750568957669549452e-02 8.923532089212562468e-01 1.900318616294947513e-02 1.137915339098770958e-03 0.000000000000000000e+00
2.560000000000000000e+06 6.399979066794925231e-01 8.807464724624487762e-02 8.914428766499772339e-01 1.911697769685935522e-02 1.365498406918525280e-03 0.000000000000000000e+00
2.600000000000000000e+06 6.499978739713594411e-01 8.921256258534364381e-02 8.917842512517069054e-01 1.820664542558033533e-02 7.965407373691396923e-04 0.000000000000000000e+00
2.640000000000000000e+06 6.599978412632263591e-01 8.978152025489304078e-02 8.951979972690031762e-01 1.422394173873463806e-02 7.965407373691396923e-04 0.000000000000000000e+00
2.680000000000000000e+06 6.699978085550937212e-01 9.160218479745106668e-02 8.901911697769685494e-01 1.649977241693217911e-02 1.706873008648156654e-03 0.000000000000000000e+00
2.720000000000000000e+06 6.799977758469608613e-01 9.228493400091032639e-02 8.868912152935821691e-01 1.934456076467910846e-02 1.479289940828402332e-03 0.000000000000000000e+00
2.760000000000000000e+06 6.899977431388277793e-01 9.626763768775603580e-02 8.699362767410104835e-01 3.095129722348657214e-02 2.844788347746927612e-03 0.000000000000000000e+00
2.800000000000000000e+06 6.999977104306946973e-01 9.592626308602640595e-02 8.931497496586253693e-01 1.046882111970869403e-02 4.551661356395084266e-04 0.000000000000000000e+00
2.840000000000000000e+06 7.099976777225618374e-01 8.830223031406463086e-02 9.044151115157031962e-01 7.168866636322257339e-03 1.137915339098771066e-04 0.000000000000000000e+00
2.880000000000000000e+06 7.199976450144291995e-01 8.272644515248064878e-02 9.106736458807465073e-01 6.599908966772872511e-03 0.000000000000000000e+00 0.000000000000000000e+00
2.920000000000000000e+06 7.299976123062961175e-01 8.363677742375967561e-02 9.109012289485661773e-01 5.120619025944469528e-03 3.413746017296313199e-04 0.000000000000000000e+00
2.960000000000000000e+06 7.399975795981630355e-01 8.272644515248064878e-02 9.129494765589439842e-01 3.755120619025944465e-03 5.689576695493854790e-04 0.000000000000000000e+00
3.000000000000000000e+06 7.499975468900301756e-01 8.272644515248064878e-02 9.131770596267637652e-01 3.641329085116067413e-03 4.551661356395084266e-04 0.000000000000000000e+00
3.040000000000000000e+06 7.599975141818973157e-01 8.249886208466089554e-02 9.129494765589439842e-01 4.096495220755575623e-03 4.551661356395084266e-04 0.000000000000000000e+00
3.080000000000000000e+06 7.699974814737642337e-01 8.272644515248064878e-02 9.126081019572144237e-01 3.982703686845699004e-03 6.827492034592626399e-04 0.000000000000000000e+00
3.120000000000000000e+06 7.799974487656311517e-01 8.227127901684114231e-02 9.143149749658625591e-01 2.958579881656804664e-03 4.551661356395084266e-04 0.000000000000000000e+00
3.160000000000000000e+06 7.899974160574985138e-01 8.363677742375967561e-02 9.138598088302229971e-01 1.820664542558033706e-03 6.827492034592626399e-04 0.000000000000000000e+00
3.200000000000000000e+06 7.999973833493656539e-01 8.238507055075101893e-02 9.139736003641328876e-01 2.730996813837050560e-03 9.103322712790168532e-04 0.000000000000000000e+00
3.240000000000000000e+06 8.099973506412325719e-01 8.591260810195720798e-02 9.113563950842057393e-01 2.048247610377787811e-03 6.827492034592626399e-04 0.000000000000000000e+00
3.280000000000000000e+06 8.199973179330994899e-01 1.096950386891215323e-01 7.193900773782430091e-01 1.628356850250341492e-01 8.079198907601274626e-03 0.000000000000000000e+00
3.320000000000000000e+06 8.299972852249666300e-01 1.182294037323623065e-01 6.994765589440146147e-01 1.785389167045971781e-01 3.755120619025944465e-03 0.000000000000000000e+00
3.360000000000000000e+06 8.399972525168339921e-01 9.842967683204369156e-02 8.373918980427855763e-01 5.905780609922621494e-02 5.120619025944469528e-03 0.000000000000000000e+00
3.400000000000000000e+06 8.499972198087009101e-01 1.061675011379153433e-01 7.915339098771051463e-01 9.763313609467455523e-02 4.665452890304961318e-03 0.000000000000000000e+00
3.440000000000000000e+06 8.599971871005678281e-01 1.070778334091943562e-01 7.429449248975875664e-01 1.444014565316340537e-01 5.575785161583977738e-03 0.000000000000000000e+00
3.480000000000000000e+06 8.699971543924349682e-01 1.073054164770141095e-01 7.404415111515703085e-01 1.467910787437414766e-01 5.461993627674101119e-03 0.000000000000000000e+00
3.520000000000000000e+06 8.799971216843023303e-01 1.094674556213017791e-01 7.380518889394629412e-01 1.449704142011834229e-01 7.510241238051888930e-03 0.000000000000000000e+00
3.560000000000000000e+06 8.899970889761692483e-01 1.104915794264906687e-01 7.352071005917160118e-01 1.487255348202093652e-01 5.575785161583977738e-03 0.000000000000000000e+00
3.600000000000000000e+06 8.999970562680361663e-01 1.114019116977696816e-01 7.394173873463814051e-01 1.444014565316340537e-01 4.779244424214838804e-03 0.000000000000000000e+00
3.640000000000000000e+06 9.099970235599033064e-01 1.202776513427400995e-01 7.005006827492034072e-01 1.774010013654984119e-01 1.820664542558033706e-03 0.000000000000000000e+00
3.680000000000000000e+06 9.199969908517704464e-01 1.255120619025944517e-01 7.057350933090578149e-01 1.671597633136094607e-01 1.593081474738279385e-03 0.000000000000000000e+00
3.720000000000000000e+06 9.299969581436373645e-01 1.272189349112426149e-01 7.042558033682293495e-01 1.663632225762403383e-01 2.162039144287664864e-03 0.000000000000000000e+00
3.760000000000000000e+06 9.399969254355042825e-01 1.316568047337278169e-01 6.925352753755120716e-01 1.736458807464724696e-01 2.162039144287664864e-03 0.000000000000000000e+00
3.800000000000000000e+06 9.499968927273716446e-01 1.331360946745562268e-01 6.902594446973144837e-01 1.751251706873008518e-01 1.479289940828402332e-03 0.000000000000000000e+00
3.840000000000000000e+06 9.599968600192387846e-01 1.348429676832043622e-01 6.875284478834774449e-01 1.754665452890304955e-01 2.162039144287664864e-03 0.000000000000000000e+00
3.880000000000000000e+06 9.699968273111057027e-01 1.385980883022303045e-01 6.965179790623577949e-01 1.640873918980427781e-01 7.965407373691396923e-04 0.000000000000000000e+00
3.920000000000000000e+06 9.799967946029726207e-01 1.405325443786982209e-01 6.946973145197997690e-01 1.643149749658625314e-01 4.551661356395084266e-04 0.000000000000000000e+00
3.960000000000000000e+06 9.899967618948397607e-01 1.491807009558488717e-01 6.574874829312699065e-01 1.910559854346836617e-01 2.275830678197541916e-03 0.000000000000000000e+00
4.000000000000000000e+06 9.999967291867071228e-01 1.457669549385525731e-01 6.607874374146563978e-01 1.920801092398725651e-01 1.365498406918525280e-03 0.000000000000000000e+00
