# itime ezz other fcc hcp bcc ico
0.000000000000000000e+00 0.000000000000000000e+00 0.000000000000000000e+00 1.000000000000000000e+00 0.000000000000000000e+00 0.000000000000000000e+00 0.000000000000000000e+00
4.000000000000000000e+03 9.999829669025128709e-04 0.000000000000000000e+00 1.000000000000000000e+00 0.000000000000000000e+00 0.000000000000000000e+00 0.000000000000000000e+00
8.000000000000000000e+03 1.999965933804803697e-03 0.000000000000000000e+00 1.000000000000000000e+00 0.000000000000000000e+00 0.000000000000000000e+00 0.000000000000000000e+00
1.200000000000000000e+04 2.999948900707316568e-03 0.000000000000000000e+00 1.000000000000000000e+00 0.000000000000000000e+00 0.000000000000000000e+00 0.000000000000000000e+00
1.600000000000000000e+04 3.999931867609829439e-03 0.000000000000000000e+00 1.000000000000000000e+00 0.000000000000000000e+00 0.000000000000000000e+00 0.000000000000000000e+00
2.000000000000000000e+04 4.999914834512120265e-03 0.000000000000000000e+00 1.000000000000000000e+00 0.000000000000000000e+00 0.000000000000000000e+00 0.000000000000000000e+00
2.400000000000000000e+04 5.999897801414633136e-03 0.000000000000000000e+00 1.000000000000000000e+00 0.000000000000000000e+00 0.000000000000000000e+00 0.000000000000000000e+00
2.800000000000000000e+04 6.999880768317146007e-03 0.000000000000000000e+00 1.000000000000000000e+00 0.000000000000000000e+00 0.000000000000000000e+00 0.000000000000000000e+00
3.200000000000000000e+04 7.999863735219436833e-03 0.000000000000000000e+00 1.000000000000000000e+00 0.000000000000000000e+00 0.000000000000000000e+00 0.000000000000000000e+00
3.600000000000000000e+04 8.999846702121949704e-03 0.000000000000000000e+00 1.000000000000000000e+00 0.000000000000000000e+00 0.000000000000000000e+00 0.000000000000000000e+00
4.000000000000000000e+04 9.999829669024462575e-03 0.000000000000000000e+00 1.000000000000000000e+00 0.000000000000000000e+00 0.000000000000000000e+00 0.000000000000000000e+00
4.400000000000000000e+04 1.099981263592675340e-02 0.000000000000000000e+00 1.000000000000000000e+00 0.000000000000000000e+00 0.000000000000000000e+00 0.000000000000000000e+00
4.800000000000000000e+04 1.199979560282926627e-02 0.000000000000000000e+00 1.000000000000000000e+00 0.000000000000000000e+00 0.000000000000000000e+00 0.000000000000000000e+00
5.200000000000000000e+04 1.299977856973177914e-02 0.000000000000000000e+00 1.000000000000000000e+00 0.000000000000000000e+00 0.000000000000000000e+00 0.000000000000000000e+00
5.600000000000000000e+04 1.399976153663406997e-02 0.000000000000000000e+00 1.000000000000000000e+00 0.000000000000000000e+00 0.000000000000000000e+00 0.000000000000000000e+00
6.000000000000000000e+04 1.499974450353658284e-02 0.000000000000000000e+00 1.000000000000000000e+00 0.000000000000000000e+00 0.000000000000000000e+00 0.000000000000000000e+00
6.400000000000000000e+04 1.599972747043909571e-02 0.000000000000000000e+00 1.000000000000000000e+00 0.000000000000000000e+00 0.000000000000000000e+00 0.000000000000000000e+00
6.800000000000000000e+04 1.699971043734138654e-02 0.000000000000000000e+00 1.000000000000000000e+00 0.000000000000000000e+00 0.000000000000000000e+00 0.000000000000000000e+00
7.200000000000000000e+04 1.799969340424389941e-02 0.000000000000000000e+00 1.000000000000000000e+00 0.000000000000000000e+00 0.000000000000000000e+00 0.000000000000000000e+00
7.600000000000000000e+04 1.899967637114641228e-02 0.000000000000000000e+00 1.000000000000000000e+00 0.000000000000000000e+00 0.000000000000000000e+00 0.000000000000000000e+00
8.000000000000000000e+04 1.999965933804870311e-02 0.000000000000000000e+00 1.000000000000000000e+00 0.000000000000000000e+00 0.000000000000000000e+00 0.000000000000000000e+00
8.400000000000000000e+04 2.099964230495121598e-02 0.000000000000000000e+00 1.000000000000000000e+00 0.000000000000000000e+00 0.000000000000000000e+00 0.000000000000000000e+00
8.800000000000000000e+04 2.199962527185372885e-02 0.000000000000000000e+00 1.000000000000000000e+00 0.000000000000000000e+00 0.000000000000000000e+00 0.000000000000000000e+00
9.200000000000000000e+04 2.299960823875601967e-02 0.000000000000000000e+00 1.000000000000000000e+00 0.000000000000000000e+00 0.000000000000000000e+00 0.000000000000000000e+00
9.600000000000000000e+04 2.399959120565853254e-02 0.000000000000000000e+00 1.000000000000000000e+00 0.000000000000000000e+00 0.000000000000000000e+00 0.000000000000000000e+00
1.000000000000000000e+05 2.499957417256104542e-02 0.000000000000000000e+00 1.000000000000000000e+00 0.000000000000000000e+00 0.000000000000000000e+00 0.000000000000000000e+00
1.040000000000000000e+05 2.599955713946355829e-02 0.000000000000000000e+00 1.000000000000000000e+00 0.000000000000000000e+00 0.000000000000000000e+00 0.000000000000000000e+00
1.080000000000000000e+05 2.699954010636584911e-02 0.000000000000000000e+00 1.000000000000000000e+00 0.000000000000000000e+00 0.000000000000000000e+00 0.000000000000000000e+00
1.120000000000000000e+05 2.799952307326836198e-02 0.000000000000000000e+00 1.000000000000000000e+00 0.000000000000000000e+00 0.000000000000000000e+00 0.000000000000000000e+00
1.160000000000000000e+05 2.899950604017087485e-02 0.000000000000000000e+00 1.000000000000000000e+00 0.000000000000000000e+00 0.000000000000000000e+00 0.000000000000000000e+00
1.200000000000000000e+05 2.999948900707316568e-02 0.000000000000000000e+00 1.000000000000000000e+00 0.000000000000000000e+00 0.000000000000000000e+00 0.000000000000000000e+00
1.240000000000000000e+05 3.099947197397567855e-02 0.000000000000000000e+00 1.000000000000000000e+00 0.000000000000000000e+00 0.000000000000000000e+00 0.000000000000000000e+00
1.280000000000000000e+05 3.199945494087819142e-02 0.000000000000000000e+00 1.000000000000000000e+00 0.000000000000000000e+00 0.000000000000000000e+00 0.000000000000000000e+00
1.320000000000000000e+05 3.299943790778048225e-02 0.000000000000000000e+00 1.000000000000000000e+00 0.000000000000000000e+00 0.000000000000000000e+00 0.000000000000000000e+00
1.360000000000000000e+05 3.399942087468299512e-02 0.000000000000000000e+00 1.000000000000000000e+00 0.000000000000000000e+00 0.000000000000000000e+00 0.000000000000000000e+00
1.400000000000000000e+05 3.499940384158550799e-02 0.000000000000000000e+00 1.000000000000000000e+00 0.000000000000000000e+00 0.000000000000000000e+00 0.000000000000000000e+00
1.440000000000000000e+05 3.599938680848779882e-02 0.000000000000000000e+00 1.000000000000000000e+00 0.000000000000000000e+00 0.000000000000000000e+00 0.000000000000000000e+00
1.480000000000000000e+05 3.699936977539031169e-02 0.000000000000000000e+00 1.000000000000000000e+00 0.000000000000000000e+00 0.000000000000000000e+00 0.000000000000000000e+00
1.520000000000000000e+05 3.799935274229282456e-02 0.000000000000000000e+00 1.000000000000000000e+00 0.000000000000000000e+00 0.000000000000000000e+00 0.000000000000000000e+00
1.560000000000000000e+05 3.899933570919511538e-02 0.000000000000000000e+00 1.000000000000000000e+00 0.000000000000000000e+00 0.000000000000000000e+00 0.000000000000000000e+00
1.600000000000000000e+05 3.999931867609762826e-02 0.000000000000000000e+00 1.000000000000000000e+00 0.000000000000000000e+00 0.000000000000000000e+00 0.000000000000000000e+00
1.640000000000000000e+05 4.099930164300014113e-02 0.000000000000000000e+00 1.000000000000000000e+00 0.000000000000000000e+00 0.000000000000000000e+00 0.000000000000000000e+00
1.680000000000000000e+05 4.199928460990243195e-02 0.000000000000000000e+00 1.000000000000000000e+00 0.000000000000000000e+00 0.000000000000000000e+00 0.000000000000000000e+00
1.720000000000000000e+05 4.299926757680494482e-02 0.000000000000000000e+00 1.000000000000000000e+00 0.000000000000000000e+00 0.000000000000000000e+00 0.000000000000000000e+00
1.760000000000000000e+05 4.399925054370745769e-02 0.000000000000000000e+00 1.000000000000000000e+00 0.000000000000000000e+00 0.000000000000000000e+00 0.000000000000000000e+00
1.800000000000000000e+05 4.499923351060974852e-02 0.000000000000000000e+00 1.000000000000000000e+00 0.000000000000000000e+00 0.000000000000000000e+00 0.000000000000000000e+00
1.840000000000000000e+05 4.599921647751226139e-02 0.000000000000000000e+00 1.000000000000000000e+00 0.000000000000000000e+00 0.000000000000000000e+00 0.000000000000000000e+00
1.880000000000000000e+05 4.699919944441477426e-02 0.000000000000000000e+00 1.000000000000000000e+00 0.000000000000000000e+00 0.000000000000000000e+00 0.000000000000000000e+00
1.920000000000000000e+05 4.799918241131706509e-02 0.000000000000000000e+00 1.000000000000000000e+00 0.000000000000000000e+00 0.000000000000000000e+00 0.000000000000000000e+00
1.960000000000000000e+05 4.899916537821957796e-02 0.000000000000000000e+00 1.000000000000000000e+00 0.000000000000000000e+00 0.000000000000000000e+00 0.000000000000000000e+00
2.000000000000000000e+05 4.999914834512209083e-02 0.000000000000000000e+00 1.000000000000000000e+00 0.000000000000000000e+00 0.000000000000000000e+00 0.000000000000000000e+00
2.040000000000000000e+05 5.099913131202438166e-02 0.000000000000000000e+00 1.000000000000000000e+00 0.000000000000000000e+00 0.000000000000000000e+00 0.000000000000000000e+00
2.080000000000000000e+05 5.199911427892689453e-02 0.000000000000000000e+00 1.000000000000000000e+00 0.000000000000000000e+00 0.000000000000000000e+00 0.000000000000000000e+00
2.120000000000000000e+05 5.299909724582940740e-02 0.000000000000000000e+00 1.000000000000000000e+00 0.000000000000000000e+00 0.000000000000000000e+00 0.000000000000000000e+00
2.160000000000000000e+05 5.399908021273169823e-02 0.000000000000000000e+00 1.000000000000000000e+00 0.000000000000000000e+00 0.000000000000000000e+00 0.000000000000000000e+00
2.200000000000000000e+05 5.499906317963421110e-02 0.000000000000000000e+00 1.000000000000000000e+00 0.000000000000000000e+00 0.000000000000000000e+00 0.000000000000000000e+00
2.240000000000000000e+05 5.599904614653672397e-02 4.551661356395084266e-04 9.995448338643604380e-01 0.000000000000000000e+00 0.000000000000000000e+00 0.000000000000000000e+00
2.280000000000000000e+05 5.699902911343901479e-02 0.000000000000000000e+00 1.000000000000000000e+00 0.000000000000000000e+00 0.000000000000000000e+00 0.000000000000000000e+00
2.320000000000000000e+05 5.799901208034152766e-02 0.000000000000000000e+00 1.000000000000000000e+00 0.000000000000000000e+00 0.000000000000000000e+00 0.000000000000000000e+00
2.360000000000000000e+05 5.899899504724404053e-02 0.000000000000000000e+00 1.000000000000000000e+00 0.000000000000000000e+00 0.000000000000000000e+00 0.000000000000000000e+00
2.400000000000000000e+05 5.999897801414633136e-02 0.000000000000000000e+00 1.000000000000000000e+00 0.000000000000000000e+00 0.000000000000000000e+00 0.000000000000000000e+00
2.440000000000000000e+05 6.099896098104884423e-02 0.000000000000000000e+00 1.000000000000000000e+00 0.000000000000000000e+00 0.000000000000000000e+00 0.000000000000000000e+00
2.480000000000000000e+05 6.199894394795135710e-02 0.000000000000000000e+00 1.000000000000000000e+00 0.000000000000000000e+00 0.000000000000000000e+00 0.000000000000000000e+00
2.520000000000000000e+05 6.299892691485364793e-02 0.000000000000000000e+00 1.000000000000000000e+00 0.000000000000000000e+00 0.000000000000000000e+00 0.000000000000000000e+00
2.560000000000000000e+05 6.399890988175616080e-02 0.000000000000000000e+00 1.000000000000000000e+00 0.000000000000000000e+00 0.000000000000000000e+00 0.000000000000000000e+00
2.600000000000000000e+05 6.499889284865867367e-02 0.000000000000000000e+00 1.000000000000000000e+00 0.000000000000000000e+00 0.000000000000000000e+00 0.000000000000000000e+00
2.640000000000000000e+05 6.599887581556096450e-02 0.000000000000000000e+00 1.000000000000000000e+00 0.000000000000000000e+00 0.000000000000000000e+00 0.000000000000000000e+00
2.680000000000000000e+05 6.699885878246347737e-02 0.000000000000000000e+00 1.000000000000000000e+00 0.000000000000000000e+00 0.000000000000000000e+00 0.000000000000000000e+00
2.720000000000000000e+05 6.799884174936599024e-02 0.000000000000000000e+00 1.000000000000000000e+00 0.000000000000000000e+00 0.000000000000000000e+00 0.000000000000000000e+00
2.760000000000000000e+05 6.899882471626828107e-02 0.000000000000000000e+00 1.000000000000000000e+00 0.000000000000000000e+00 0.000000000000000000e+00 0.000000000000000000e+00
2.800000000000000000e+05 6.999880768317079394e-02 0.000000000000000000e+00 1.000000000000000000e+00 0.000000000000000000e+00 0.000000000000000000e+00 0.000000000000000000e+00
2.840000000000000000e+05 7.099879065007330681e-02 4.551661356395084266e-04 9.995448338643604380e-01 0.000000000000000000e+00 0.000000000000000000e+00 0.000000000000000000e+00
2.880000000000000000e+05 7.199877361697581968e-02 0.000000000000000000e+00 1.000000000000000000e+00 0.000000000000000000e+00 0.000000000000000000e+00 0.000000000000000000e+00
2.920000000000000000e+05 7.299875658387811050e-02 0.000000000000000000e+00 1.000000000000000000e+00 0.000000000000000000e+00 0.000000000000000000e+00 0.000000000000000000e+00
2.960000000000000000e+05 7.399873955078062338e-02 0.000000000000000000e+00 1.000000000000000000e+00 0.000000000000000000e+00 0.000000000000000000e+00 0.000000000000000000e+00
3.000000000000000000e+05 7.499872251768313625e-02 0.000000000000000000e+00 1.000000000000000000e+00 0.000000000000000000e+00 0.000000000000000000e+00 0.000000000000000000e+00
3.040000000000000000e+05 7.599870548458542707e-02 0.000000000000000000e+00 1.000000000000000000e+00 0.000000000000000000e+00 0.000000000000000000e+00 0.000000000000000000e+00
3.080000000000000000e+05 7.699868845148793994e-02 3.413746017296313199e-04 9.996586253982703285e-01 0.000000000000000000e+00 0.000000000000000000e+00 0.000000000000000000e+00
3.120000000000000000e+05 7.799867141839045281e-02 0.000000000000000000e+00 1.000000000000000000e+00 0.000000000000000000e+00 0.000000000000000000e+00 0.000000000000000000e+00
3.160000000000000000e+05 7.899865438529274364e-02 3.413746017296313199e-04 9.996586253982703285e-01 0.000000000000000000e+00 0.000000000000000000e+00 0.000000000000000000e+00
3.200000000000000000e+05 7.999863735219525651e-02 3.413746017296313199e-04 9.996586253982703285e-01 0.000000000000000000e+00 0.000000000000000000e+00 0.000000000000000000e+00
3.240000000000000000e+05 8.099862031909776938e-02 2.275830678197542133e-04 9.997724169321802190e-01 0.000000000000000000e+00 0.000000000000000000e+00 0.000000000000000000e+00
3.280000000000000000e+05 8.199860328600006021e-02 6.827492034592626399e-04 9.992034592626308775e-01 0.000000000000000000e+00 1.137915339098771066e-04 0.000000000000000000e+00
3.320000000000000000e+05 8.299858625290257308e-02 1.479289940828402332e-03 9.985207100591716456e-01 0.000000000000000000e+00 0.000000000000000000e+00 0.000000000000000000e+00
3.360000000000000000e+05 8.399856921980508595e-02 2.275830678197542133e-04 9.996586253982703285e-01 0.000000000000000000e+00 1.137915339098771066e-04 0.000000000000000000e+00
3.400000000000000000e+05 8.499855218670737678e-02 1.934456076467910759e-03 9.979517523896221931e-01 0.000000000000000000e+00 1.137915339098771066e-04 0.000000000000000000e+00
3.440000000000000000e+05 8.599853515360988965e-02 4.551661356395084266e-04 9.994310423304506585e-01 0.000000000000000000e+00 1.137915339098771066e-04 0.000000000000000000e+00
3.480000000000000000e+05 8.699851812051240252e-02 0.000000000000000000e+00 1.000000000000000000e+00 0.000000000000000000e+00 0.000000000000000000e+00 0.000000000000000000e+00
3.520000000000000000e+05 8.799850108741469334e-02 4.551661356395084266e-04 9.995448338643604380e-01 0.000000000000000000e+00 0.000000000000000000e+00 0.000000000000000000e+00
3.560000000000000000e+05 8.899848405431720622e-02 1.251706873008648227e-03 9.987482931269913156e-01 0.000000000000000000e+00 0.000000000000000000e+00 0.000000000000000000e+00
3.600000000000000000e+05 8.999846702121971909e-02 1.365498406918525280e-03 9.986345015930814251e-01 0.000000000000000000e+00 0.000000000000000000e+00 0.000000000000000000e+00
3.640000000000000000e+05 9.099844998812200991e-02 1.137915339098770958e-03 9.988620846609012061e-01 0.000000000000000000e+00 0.000000000000000000e+00 0.000000000000000000e+00
3.680000000000000000e+05 9.199843295502452278e-02 1.820664542558033706e-03 9.979517523896221931e-01 0.000000000000000000e+00 2.275830678197542133e-04 0.000000000000000000e+00
3.720000000000000000e+05 9.299841592192703565e-02 2.162039144287664864e-03 9.978379608557123026e-01 0.000000000000000000e+00 0.000000000000000000e+00 0.000000000000000000e+00
3.760000000000000000e+05 9.399839888882932648e-02 1.820664542558033706e-03 9.981793354574419741e-01 0.000000000000000000e+00 0.000000000000000000e+00 0.000000000000000000e+00
3.800000000000000000e+05 9.499838185573183935e-02 1.820664542558033706e-03 9.981793354574419741e-01 0.000000000000000000e+00 0.000000000000000000e+00 0.000000000000000000e+00
3.840000000000000000e+05 9.599836482263435222e-02 1.137915339098770958e-03 9.988620846609012061e-01 0.000000000000000000e+00 0.000000000000000000e+00 0.000000000000000000e+00
3.880000000000000000e+05 9.699834778953664305e-02 1.137915339098770958e-03 9.988620846609012061e-01 0.000000000000000000e+00 0.000000000000000000e+00 0.000000000000000000e+00
3.920000000000000000e+05 9.799833075643915592e-02 1.593081474738279385e-03 9.982931269913518646e-01 0.000000000000000000e+00 1.137915339098771066e-04 0.000000000000000000e+00
3.960000000000000000e+05 9.899831372334166879e-02 1.479289940828402332e-03 9.985207100591716456e-01 0.000000000000000000e+00 0.000000000000000000e+00 0.000000000000000000e+00
4.000000000000000000e+05 9.999829669024395962e-02 2.844788347746927612e-03 9.965862539827037292e-01 0.000000000000000000e+00 5.689576695493854790e-04 0.000000000000000000e+00
4.040000000000000000e+05 1.009982796571464725e-01 3.186162949476558769e-03 9.967000455166135087e-01 0.000000000000000000e+00 1.137915339098771066e-04 0.000000000000000000e+00
4.080000000000000000e+05 1.019982626240489854e-01 5.348202093764223633e-03 9.945380063723259223e-01 0.000000000000000000e+00 1.137915339098771066e-04 0.000000000000000000e+00
4.120000000000000000e+05 1.029982455909512762e-01 5.234410559854347014e-03 9.945380063723259223e-01 0.000000000000000000e+00 2.275830678197542133e-04 0.000000000000000000e+00
4.160000000000000000e+05 1.039982285578537891e-01 5.689576695493855224e-03 9.939690487027764698e-01 0.000000000000000000e+00 3.413746017296313199e-04 0.000000000000000000e+00
4.200000000000000000e+05 1.049982115247563019e-01 9.330905780609922637e-03 9.902139280837505275e-01 0.000000000000000000e+00 4.551661356395084266e-04 0.000000000000000000e+00
4.240000000000000000e+05 1.059981944916585928e-01 1.217569412835685025e-02 9.855484751934455723e-01 0.000000000000000000e+00 2.275830678197541916e-03 0.000000000000000000e+00
4.280000000000000000e+05 1.069981774585611056e-01 7.976786527082385669e-02 6.099226217569412301e-01 3.039371870732817671e-01 6.372325898953117539e-03 0.000000000000000000e+00
4.320000000000000000e+05 1.079981604254636185e-01 7.567137005006827066e-02 6.042330450614474824e-01 3.123577605826126646e-01 7.737824305871643035e-03 0.000000000000000000e+00
4.360000000000000000e+05 1.089981433923659093e-01 7.601274465179790052e-02 6.034365043240782489e-01 3.132680928538916776e-01 7.282658170232134826e-03 0.000000000000000000e+00
4.400000000000000000e+05 1.099981263592684222e-01 7.828857532999544677e-02 6.041192535275375919e-01 3.121301775147928836e-01 5.461993627674101119e-03 0.000000000000000000e+00
4.440000000000000000e+05 1.109981093261709351e-01 7.840236686390532339e-02 6.040054619936277014e-01 3.123577605826126646e-01 5.234410559854347014e-03 0.000000000000000000e+00
4.480000000000000000e+05 1.119980922930732259e-01 8.033682294037323979e-02 6.033227127901683584e-01 3.103095129722348577e-01 6.030951297223486815e-03 0.000000000000000000e+00
4.520000000000000000e+05 1.129980752599757388e-01 8.181611288120163583e-02 6.044606281292671524e-01 3.099681383705052418e-01 3.755120619025944465e-03 0.000000000000000000e+00
4.560000000000000000e+05 1.139980582268782516e-01 7.874374146563495325e-02 6.029813381884387979e-01 3.100819299044151323e-01 8.192990441511151245e-03 0.000000000000000000e+00
4.600000000000000000e+05 1.149980411937805425e-01 8.227127901684114231e-02 6.030951297223486884e-01 3.104233045061447482e-01 4.210286754665453109e-03 0.000000000000000000e+00
4.640000000000000000e+05 1.159980241606830553e-01 8.591260810195720798e-02 6.008192990441511006e-01 3.100819299044151323e-01 3.186162949476558769e-03 0.000000000000000000e+00
4.680000000000000000e+05 1.169980071275855682e-01 8.272644515248064878e-02 6.024123805188893455e-01 3.097405553026854608e-01 5.120619025944469528e-03 0.000000000000000000e+00
4.720000000000000000e+05 1.179979900944878590e-01 8.363677742375967561e-02 6.008192990441511006e-01 3.096267637687756258e-01 5.917159763313609329e-03 0.000000000000000000e+00
4.760000000000000000e+05 1.189979730613903719e-01 8.306781975421029252e-02 6.009330905780609910e-01 3.093991807009558448e-01 6.599908966772872511e-03 0.000000000000000000e+00
4.800000000000000000e+05 1.199979560282928848e-01 8.716431497496586467e-02 6.002503413746017591e-01 3.082612653618570508e-01 4.324078288575329727e-03 0.000000000000000000e+00
4.840000000000000000e+05 1.209979389951953976e-01 8.602639963586708460e-02 6.010468821119708815e-01 3.079198907601274349e-01 5.006827492034592909e-03 0.000000000000000000e+00
4.880000000000000000e+05 1.219979219620976885e-01 8.887118798361401395e-02 5.988848429676831842e-01 3.060992262175694090e-01 6.144742831133363434e-03 0.000000000000000000e+00
4.920000000000000000e+05 1.229979049290002013e-01 8.727810650887574129e-02 6.027537551206190169e-01 3.073509330905780379e-01 2.617205279927173507e-03 0.000000000000000000e+00
4.960000000000000000e+05 1.239978878959027142e-01 8.978152025489304078e-02 6.020710059171597850e-01 3.057578516158397930e-01 2.389622212107419402e-03 0.000000000000000000e+00
5.000000000000000000e+05 1.249978708628050050e-01 8.898497951752389057e-02 6.011606736458807720e-01 3.060992262175694090e-01 3.755120619025944465e-03 0.000000000000000000e+00
5.040000000000000000e+05 1.259978538297075179e-01 8.864360491579426071e-02 6.017296313154301135e-01 3.055302685480200120e-01 4.096495220755575623e-03 0.000000000000000000e+00
5.080000000000000000e+05 1.269978367966100308e-01 8.750568957669549452e-02 6.026399635867091265e-01 3.063268092853891900e-01 3.527537551206190360e-03 0.000000000000000000e+00
5.120000000000000000e+05 1.279978197635123216e-01 9.035047792444242387e-02 6.004779244424214291e-01 3.047337278106508895e-01 4.437869822485207214e-03 0.000000000000000000e+00
5.160000000000000000e+05 1.289978027304148345e-01 9.205735093309057315e-02 6.011606736458807720e-01 3.035958124715520956e-01 3.186162949476558769e-03 0.000000000000000000e+00
5.200000000000000000e+05 1.299977856973173473e-01 9.330905780609922984e-02 5.994538006372326366e-01 3.030268548020027541e-01 4.210286754665453109e-03 0.000000000000000000e+00
5.240000000000000000e+05 1.309977686642196382e-01 9.581247155211652933e-02 5.966090122894857073e-01 3.023441055985434667e-01 5.234410559854347014e-03 0.000000000000000000e+00
5.280000000000000000e+05 1.319977516311221510e-01 9.649522075557578904e-02 5.964952207555758168e-01 3.001820664542558248e-01 6.827492034592626616e-03 0.000000000000000000e+00
5.320000000000000000e+05 1.329977345980246639e-01 9.456076467910787264e-02 5.984296768320437332e-01 3.022303140646335762e-01 4.779244424214838804e-03 0.000000000000000000e+00
5.360000000000000000e+05 1.339977175649269547e-01 9.615384615384615918e-02 5.949021392808374609e-01 3.006372325898953313e-01 8.306781975421027864e-03 0.000000000000000000e+00
5.400000000000000000e+05 1.349977005318294676e-01 9.695038689121529552e-02 5.969503868912152678e-01 2.994993172507965373e-01 6.599908966772872511e-03 0.000000000000000000e+00
5.440000000000000000e+05 1.359976834987319805e-01 1.261948111060537114e-01 5.889849795175239322e-01 2.746927628584433512e-01 1.012744651797906244e-02 0.000000000000000000e+00
5.480000000000000000e+05 1.369976664656342713e-01 1.211879836140191125e-01 5.880746472462449193e-01 2.752617205279926926e-01 1.547564861174328607e-02 0.000000000000000000e+00
5.520000000000000000e+05 1.379976494325367842e-01 1.266499772416932179e-01 5.903504779244423961e-01 2.726445152480655443e-01 1.035502958579881741e-02 0.000000000000000000e+00
5.560000000000000000e+05 1.389976323994392970e-01 1.258534365043240677e-01 5.884160218479744797e-01 2.738962221210741732e-01 1.183431952662721866e-02 0.000000000000000000e+00
5.600000000000000000e+05 1.399976153663415879e-01 1.291533909877105035e-01 5.884160218479744797e-01 2.712790168411470249e-01 1.115157032316795548e-02 0.000000000000000000e+00
5.640000000000000000e+05 1.409975983332441007e-01 1.319981793354574329e-01 5.830678197542102925e-01 2.705962676376877374e-01 1.433773327264451468e-02 0.000000000000000000e+00
5.680000000000000000e+05 1.419975813001466136e-01 1.358670914883932657e-01 5.803368229403732537e-01 2.703686845698680119e-01 1.342740100136549826e-02 0.000000000000000000e+00
5.720000000000000000e+05 1.429975642670489044e-01 1.376877560309512916e-01 5.763541192535275304e-01 2.688893946290396020e-01 1.706873008648156567e-02 0.000000000000000000e+00
5.760000000000000000e+05 1.439975472339514173e-01 1.644287664997724219e-01 5.836367774237596340e-01 2.257624032771961831e-01 2.617205279927173334e-02 0.000000000000000000e+00
5.800000000000000000e+05 1.449975302008539302e-01 1.464497041420118328e-01 6.504324078288575839e-01 2.000455166135639562e-01 3.072371415566681717e-03 0.000000000000000000e+00
5.840000000000000000e+05 1.459975131677562210e-01 1.465634956759217233e-01 6.529358215748748417e-01 1.981110605370960398e-01 2.389622212107419402e-03 0.000000000000000000e+00
5.880000000000000000e+05 1.469974961346587339e-01 1.437187073281747940e-01 6.558944014565316616e-01 1.984524351388256835e-01 1.934456076467910759e-03 0.000000000000000000e+00
5.920000000000000000e+05 1.479974791015612468e-01 1.458807464724624359e-01 6.543013199817933057e-01 1.982248520710059303e-01 1.593081474738279385e-03 0.000000000000000000e+00
5.960000000000000000e+05 1.489974620684635376e-01 1.474738279472007363e-01 6.530496131087847322e-01 1.974283113336367801e-01 2.048247610377787811e-03 0.000000000000000000e+00
6.000000000000000000e+05 1.499974450353660504e-01 1.484979517523896120e-01 6.514565316340463763e-01 1.975421028675466428e-01 2.503413746017296455e-03 0.000000000000000000e+00
6.040000000000000000e+05 1.509974280022685633e-01 1.411015020482476179e-01 6.557806099226217711e-01 2.015248065543923661e-01 1.593081474738279385e-03 0.000000000000000000e+00
6.080000000000000000e+05 1.519974109691708541e-01 1.535047792444242110e-01 6.484979517523896675e-01 1.954938552571688637e-01 2.503413746017296455e-03 0.000000000000000000e+00
6.120000000000000000e+05 1.529973939360733670e-01 1.481565771506599960e-01 6.519116977696859383e-01 1.965179790623577671e-01 3.413746017296313308e-03 0.000000000000000000e+00
6.160000000000000000e+05 1.539973769029758799e-01 1.495220755575785154e-01 6.521392808375057193e-01 1.956076467910787542e-01 2.730996813837050560e-03 0.000000000000000000e+00
6.200000000000000000e+05 1.549973598698781707e-01 1.545289030496131144e-01 6.505461993627673634e-01 1.927628584433318248e-01 2.162039144287664864e-03 0.000000000000000000e+00
6.240000000000000000e+05 1.559973428367806836e-01 1.536185707783341015e-01 6.516841147018661573e-01 1.909421939007737712e-01 3.755120619025944465e-03 0.000000000000000000e+00
6.280000000000000000e+05 1.569973258036831965e-01 1.564633591260810308e-01 6.484979517523896675e-01 1.926490669094219343e-01 2.389622212107419402e-03 0.000000000000000000e+00
6.320000000000000000e+05 1.579973087705854873e-01 1.546426945835229771e-01 6.477014110150204340e-01 1.951524806554392477e-01 2.503413746017296455e-03 0.000000000000000000e+00
6.360000000000000000e+05 1.589972917374880002e-01 1.550978607191624836e-01 6.502048247610378029e-01 1.923076923076923184e-01 2.389622212107419402e-03 0.000000000000000000e+00
6.400000000000000000e+05 1.599972747043905130e-01 1.560081929904415243e-01 6.487255348202093375e-01 1.936731907146108378e-01 1.593081474738279385e-03 0.000000000000000000e+00
6.440000000000000000e+05 1.609972576712928038e-01 1.555530268548019901e-01 6.498634501593081314e-01 1.912835685025034149e-01 3.299954483386436255e-03 0.000000000000000000e+00
6.480000000000000000e+05 1.619972406381953167e-01 1.554392353208921274e-01 6.494082840236686804e-01 1.919663177059626746e-01 3.186162949476558769e-03 0.000000000000000000e+00
6.520000000000000000e+05 1.629972236050978296e-01 1.762630860263996457e-01 6.243741465634956578e-01 1.972007282658170269e-01 2.162039144287664864e-03 0.000000000000000000e+00
6.560000000000000000e+05 1.639972065720001204e-01 1.742148384160218388e-01 6.271051433773326966e-01 1.958352298588985074e-01 2.844788347746927612e-03 0.000000000000000000e+00
6.600000000000000000e+05 1.649971895389026333e-01 1.758079198907601393e-01 6.261948111060536837e-01 1.950386891215293572e-01 2.958579881656804664e-03 0.000000000000000000e+00
6.640000000000000000e+05 1.659971725058051462e-01 1.793354574419663283e-01 6.235776058261265353e-01 1.953800637232590010e-01 1.706873008648156654e-03 0.000000000000000000e+00
6.680000000000000000e+05 1.669971554727076590e-01 1.735320892125625791e-01 6.280154756486117096e-01 1.940145653163404538e-01 4.437869822485207214e-03 0.000000000000000000e+00
6.720000000000000000e+05 1.679971384396099499e-01 1.448566226672735602e-01 6.701183431952663083e-01 1.843422849340008995e-01 6.827492034592626399e-04 0.000000000000000000e+00
6.760000000000000000e+05 1.689971214065124627e-01 1.422394173873463841e-01 6.723941738734637852e-01 1.850250341374601593e-01 3.413746017296313199e-04 0.000000000000000000e+00
6.800000000000000000e+05 1.699971043734149756e-01 1.433773327264451503e-01 6.718252162039144437e-01 1.832043695949021334e-01 1.593081474738279385e-03 0.000000000000000000e+00
6.840000000000000000e+05 1.709970873403172664e-01 1.424670004551661373e-01 6.727355484751934567e-01 1.837733272644515303e-01 1.024123805188893906e-03 0.000000000000000000e+00
6.880000000000000000e+05 1.719970703072197793e-01 1.426945835229858905e-01 6.720527992717342247e-01 1.837733272644515303e-01 1.479289940828402332e-03 0.000000000000000000e+00
6.920000000000000000e+05 1.729970532741222922e-01 1.430359581247155343e-01 6.723941738734637852e-01 1.832043695949021334e-01 1.365498406918525280e-03 0.000000000000000000e+00
6.960000000000000000e+05 1.739970362410245830e-01 1.407601274465179741e-01 6.746700045516613731e-01 1.837733272644515303e-01 7.965407373691396923e-04 0.000000000000000000e+00
7.000000000000000000e+05 1.749970192079270959e-01 1.437187073281747940e-01 6.714838416021847722e-01 1.835457441966317771e-01 1.251706873008648227e-03 0.000000000000000000e+00
7.040000000000000000e+05 1.759970021748296087e-01 1.422394173873463841e-01 6.734182976786526886e-01 1.835457441966317771e-01 7.965407373691396923e-04 0.000000000000000000e+00
7.080000000000000000e+05 1.769969851417318996e-01 1.422394173873463841e-01 6.720527992717342247e-01 1.844560764679107900e-01 1.251706873008648227e-03 0.000000000000000000e+00
7.120000000000000000e+05 1.779969681086344124e-01 1.408739189804278646e-01 6.734182976786526886e-01 1.844560764679107900e-01 1.251706873008648227e-03 0.000000000000000000e+00
7.160000000000000000e+05 1.789969510755369253e-01 1.421256258534364936e-01 6.727355484751934567e-01 1.838871187983613931e-01 1.251706873008648227e-03 0.000000000000000000e+00
7.200000000000000000e+05 1.799969340424392161e-01 1.432635411925352875e-01 6.726217569412835662e-01 1.830905780609922706e-01 1.024123805188893906e-03 0.000000000000000000e+00
7.240000000000000000e+05 1.809969170093417290e-01 1.430359581247155343e-01 6.723941738734637852e-01 1.837733272644515303e-01 7.965407373691396923e-04 0.000000000000000000e+00
7.280000000000000000e+05 1.819968999762442419e-01 1.425807919890760000e-01 6.735320892125625791e-01 1.824078288575330109e-01 1.479289940828402332e-03 0.000000000000000000e+00
7.320000000000000000e+05 1.829968829431465327e-01 1.444014565316340537e-01 6.712562585343649912e-01 1.835457441966317771e-01 7.965407373691396923e-04 0.000000000000000000e+00
7.360000000000000000e+05 1.839968659100490456e-01 1.422394173873463841e-01 6.726217569412835662e-01 1.840009103322712836e-01 1.137915339098770958e-03 0.000000000000000000e+00
7.400000000000000000e+05 1.849968488769515584e-01 1.418980427856167403e-01 6.736458807464724696e-01 1.837733272644515303e-01 6.827492034592626399e-04 0.000000000000000000e+00
7.440000000000000000e+05 1.859968318438538493e-01 1.439462903959945472e-01 6.703459262630859783e-01 1.843422849340008995e-01 1.365498406918525280e-03 0.000000000000000000e+00
7.480000000000000000e+05 1.869968148107563621e-01 1.441738734638143005e-01 6.717114246700045532e-01 1.827492034592626269e-01 1.365498406918525280e-03 0.000000000000000000e+00
7.520000000000000000e+05 1.879967977776588750e-01 1.416704597177969871e-01 6.734182976786526886e-01 1.837733272644515303e-01 1.137915339098770958e-03 0.000000000000000000e+00
7.560000000000000000e+05 1.889967807445611658e-01 1.414428766499772339e-01 6.739872553482021411e-01 1.835457441966317771e-01 1.024123805188893906e-03 0.000000000000000000e+00
7.600000000000000000e+05 1.899967637114636787e-01 1.412152935821574806e-01 6.743286299499317016e-01 1.829767865270823801e-01 1.479289940828402332e-03 0.000000000000000000e+00
7.640000000000000000e+05 1.909967466783661916e-01 1.415566681838871244e-01 6.744424214838415921e-01 1.829767865270823801e-01 1.024123805188893906e-03 0.000000000000000000e+00
7.680000000000000000e+05 1.919967296452684824e-01 1.383705052344105513e-01 6.759217114246700575e-01 1.836595357305416398e-01 2.048247610377787811e-03 0.000000000000000000e+00
7.720000000000000000e+05 1.929967126121709953e-01 1.397360036413290985e-01 6.754665452890304955e-01 1.834319526627218866e-01 1.365498406918525280e-03 0.000000000000000000e+00
7.760000000000000000e+05 1.939966955790735081e-01 1.411015020482476179e-01 6.746700045516613731e-01 1.814974965862539702e-01 2.730996813837050560e-03 0.000000000000000000e+00
7.800000000000000000e+05 1.949966785459757990e-01 1.408739189804278646e-01 6.755803368229403860e-01 1.818388711879836139e-01 1.706873008648156654e-03 0.000000000000000000e+00
7.840000000000000000e+05 1.959966615128783118e-01 1.397360036413290985e-01 6.753527537551206050e-01 1.824078288575330109e-01 2.503413746017296455e-03 0.000000000000000000e+00
7.880000000000000000e+05 1.969966444797808247e-01 1.404187528447883582e-01 6.754665452890304955e-01 1.825216203914428736e-01 1.593081474738279385e-03 0.000000000000000000e+00
7.920000000000000000e+05 1.979966274466831155e-01 1.453117888029130667e-01 6.705735093309057593e-01 1.813837050523441075e-01 2.730996813837050560e-03 0.000000000000000000e+00
7.960000000000000000e+05 1.989966104135856284e-01 1.475876194811105990e-01 6.660218479745106945e-01 1.827492034592626269e-01 3.641329085116067413e-03 0.000000000000000000e+00
8.000000000000000000e+05 1.999965933804881413e-01 1.473600364132908458e-01 6.682976786527082824e-01 1.802457897132453413e-01 4.096495220755575623e-03 0.000000000000000000e+00
8.040000000000000000e+05 2.009965763473904321e-01 1.490669094219390090e-01 6.657942649066909135e-01 1.817250796540737234e-01 3.413746017296313308e-03 0.000000000000000000e+00
8.080000000000000000e+05 2.019965593142929450e-01 1.557806099226217433e-01 6.243741465634956578e-01 2.158625398270368756e-01 3.982703686845699004e-03 0.000000000000000000e+00
8.120000000000000000e+05 2.029965422811954578e-01 1.568047337278106468e-01 6.149294492489758568e-01 2.257624032771961831e-01 2.503413746017296455e-03 0.000000000000000000e+00
8.160000000000000000e+05 2.039965252480977487e-01 1.538461538461538547e-01 6.099226217569412301e-01 2.335002275830678209e-01 2.730996813837050560e-03 0.000000000000000000e+00
8.200000000000000000e+05 2.049965082150002615e-01 1.548702776513427304e-01 6.066226672735548497e-01 2.355484751934456000e-01 2.958579881656804664e-03 0.000000000000000000e+00
8.240000000000000000e+05 2.059964911819027744e-01 1.554392353208921274e-01 6.081019572143832042e-01 2.340691852526172179e-01 2.389622212107419402e-03 0.000000000000000000e+00
8.280000000000000000e+05 2.069964741488050652e-01 1.558944014565316338e-01 6.099226217569412301e-01 2.315657715065999045e-01 2.617205279927173507e-03 0.000000000000000000e+00
8.320000000000000000e+05 2.079964571157075781e-01 1.550978607191624836e-01 6.083295402822029851e-01 2.335002275830678209e-01 3.072371415566681717e-03 0.000000000000000000e+00
8.360000000000000000e+05 2.089964400826100910e-01 1.546426945835229771e-01 6.086709148839326566e-01 2.342967683204369711e-01 2.389622212107419402e-03 0.000000000000000000e+00
8.400000000000000000e+05 2.099964230495123818e-01 1.539599453800637174e-01 6.111743286299499145e-01 2.331588529813381772e-01 1.706873008648156654e-03 0.000000000000000000e+00
8.440000000000000000e+05 2.109964060164148947e-01 1.556668183887118806e-01 6.082157487482930946e-01 2.338416021847974646e-01 2.275830678197541916e-03 0.000000000000000000e+00
8.480000000000000000e+05 2.119963889833174076e-01 1.540737369139736079e-01 6.088984979517524376e-01 2.349795175238962308e-01 2.048247610377787811e-03 0.000000000000000000e+00
8.520000000000000000e+05 2.129963719502196984e-01 1.532771961766044577e-01 6.107191624943104635e-01 2.333864360491579304e-01 2.617205279927173507e-03 0.000000000000000000e+00
8.560000000000000000e+05 2.139963549171222112e-01 1.554392353208921274e-01 6.078743741465635342e-01 2.345243513882567243e-01 2.162039144287664864e-03 0.000000000000000000e+00
8.600000000000000000e+05 2.149963378840247241e-01 1.558944014565316338e-01 6.093536640873918886e-01 2.325898953117888079e-01 2.162039144287664864e-03 0.000000000000000000e+00
8.640000000000000000e+05 2.159963208509272370e-01 1.558944014565316338e-01 6.082157487482930946e-01 2.338416021847974646e-01 2.048247610377787811e-03 0.000000000000000000e+00
8.680000000000000000e+05 2.169963038178295278e-01 1.579426490669094130e-01 6.046882111970869333e-01 2.349795175238962308e-01 2.389622212107419402e-03 0.000000000000000000e+00
8.720000000000000000e+05 2.179962867847320407e-01 1.570323167956304000e-01 6.082157487482930946e-01 2.323623122439690547e-01 2.389622212107419402e-03 0.000000000000000000e+00
8.760000000000000000e+05 2.189962697516345536e-01 1.552116522530723741e-01 6.069640418752845212e-01 2.346381429221665871e-01 3.186162949476558769e-03 0.000000000000000000e+00
8.800000000000000000e+05 2.199962527185368444e-01 1.578288575329995502e-01 6.069640418752845212e-01 2.331588529813381772e-01 2.048247610377787811e-03 0.000000000000000000e+00
8.840000000000000000e+05 2.209962356854393573e-01 1.586253982703686727e-01 6.058261265361857273e-01 2.322485207100591642e-01 3.299954483386436255e-03 0.000000000000000000e+00
8.880000000000000000e+05 2.219962186523418701e-01 1.593081474738279601e-01 6.065088757396449592e-01 2.311106053709603980e-01 3.072371415566681717e-03 0.000000000000000000e+00
8.920000000000000000e+05 2.229962016192441610e-01 1.566909421939007840e-01 6.100364132908511205e-01 2.306554392353208915e-01 2.617205279927173507e-03 0.000000000000000000e+00
8.960000000000000000e+05 2.239961845861466738e-01 1.587391898042785632e-01 6.059399180700956178e-01 2.335002275830678209e-01 1.820664542558033706e-03 0.000000000000000000e+00
9.000000000000000000e+05 2.249961675530491867e-01 1.595357305416477134e-01 6.066226672735548497e-01 2.305416477014110288e-01 3.299954483386436255e-03 0.000000000000000000e+00
9.040000000000000000e+05 2.259961505199514775e-01 1.638598088302230249e-01 6.035502958579881394e-01 2.289485662266727284e-01 3.641329085116067413e-03 0.000000000000000000e+00
9.080000000000000000e+05 2.269961334868539904e-01 1.645425580336822846e-01 5.999089667728720876e-01 2.296313154301319881e-01 5.917159763313609329e-03 0.000000000000000000e+00
