# itime ezz other fcc hcp bcc ico
0.000000000000000000e+00 0.000000000000000000e+00 0.000000000000000000e+00 1.000000000000000000e+00 0.000000000000000000e+00 0.000000000000000000e+00 0.000000000000000000e+00
3.000000000000000000e+00 1.200017352930737857e-03 0.000000000000000000e+00 1.000000000000000000e+00 0.000000000000000000e+00 0.000000000000000000e+00 0.000000000000000000e+00
6.000000000000000000e+00 2.400034705861697759e-03 0.000000000000000000e+00 1.000000000000000000e+00 0.000000000000000000e+00 0.000000000000000000e+00 0.000000000000000000e+00
9.000000000000000000e+00 3.600052058792435616e-03 0.000000000000000000e+00 1.000000000000000000e+00 0.000000000000000000e+00 0.000000000000000000e+00 0.000000000000000000e+00
1.200000000000000000e+01 4.800069411723173474e-03 0.000000000000000000e+00 1.000000000000000000e+00 0.000000000000000000e+00 0.000000000000000000e+00 0.000000000000000000e+00
1.500000000000000000e+01 6.000086764654133376e-03 0.000000000000000000e+00 1.000000000000000000e+00 0.000000000000000000e+00 0.000000000000000000e+00 0.000000000000000000e+00
1.800000000000000000e+01 7.200104117584871233e-03 0.000000000000000000e+00 1.000000000000000000e+00 0.000000000000000000e+00 0.000000000000000000e+00 0.000000000000000000e+00
2.100000000000000000e+01 8.400121470515831135e-03 0.000000000000000000e+00 1.000000000000000000e+00 0.000000000000000000e+00 0.000000000000000000e+00 0.000000000000000000e+00
2.400000000000000000e+01 9.600138823446568992e-03 0.000000000000000000e+00 1.000000000000000000e+00 0.000000000000000000e+00 0.000000000000000000e+00 0.000000000000000000e+00
2.700000000000000000e+01 1.080015617637730685e-02 0.000000000000000000e+00 1.000000000000000000e+00 0.000000000000000000e+00 0.000000000000000000e+00 0.000000000000000000e+00
3.000000000000000000e+01 1.200017352930826675e-02 0.000000000000000000e+00 1.000000000000000000e+00 0.000000000000000000e+00 0.000000000000000000e+00 0.000000000000000000e+00
3.300000000000000000e+01 1.320019088223900461e-02 0.000000000000000000e+00 1.000000000000000000e+00 0.000000000000000000e+00 0.000000000000000000e+00 0.000000000000000000e+00
3.600000000000000000e+01 1.440020823516974247e-02 0.000000000000000000e+00 1.000000000000000000e+00 0.000000000000000000e+00 0.000000000000000000e+00 0.000000000000000000e+00
3.900000000000000000e+01 1.560022558810070237e-02 0.000000000000000000e+00 1.000000000000000000e+00 0.000000000000000000e+00 0.000000000000000000e+00 0.000000000000000000e+00
4.200000000000000000e+01 1.680024294103144022e-02 0.000000000000000000e+00 1.000000000000000000e+00 0.000000000000000000e+00 0.000000000000000000e+00 0.000000000000000000e+00
4.500000000000000000e+01 1.800026029396217808e-02 0.000000000000000000e+00 1.000000000000000000e+00 0.000000000000000000e+00 0.000000000000000000e+00 0.000000000000000000e+00
4.800000000000000000e+01 1.920027764689313798e-02 0.000000000000000000e+00 1.000000000000000000e+00 0.000000000000000000e+00 0.000000000000000000e+00 0.000000000000000000e+00
5.100000000000000000e+01 2.040029499982387584e-02 0.000000000000000000e+00 1.000000000000000000e+00 0.000000000000000000e+00 0.000000000000000000e+00 0.000000000000000000e+00
5.400000000000000000e+01 2.160031235275483574e-02 0.000000000000000000e+00 1.000000000000000000e+00 0.000000000000000000e+00 0.000000000000000000e+00 0.000000000000000000e+00
5.700000000000000000e+01 2.280032970568557360e-02 0.000000000000000000e+00 1.000000000000000000e+00 0.000000000000000000e+00 0.000000000000000000e+00 0.000000000000000000e+00
6.000000000000000000e+01 2.400034705861631146e-02 0.000000000000000000e+00 1.000000000000000000e+00 0.000000000000000000e+00 0.000000000000000000e+00 0.000000000000000000e+00
6.300000000000000000e+01 2.520036441154727136e-02 0.000000000000000000e+00 1.000000000000000000e+00 0.000000000000000000e+00 0.000000000000000000e+00 0.000000000000000000e+00
6.600000000000000000e+01 2.640038176447800922e-02 0.000000000000000000e+00 1.000000000000000000e+00 0.000000000000000000e+00 0.000000000000000000e+00 0.000000000000000000e+00
6.900000000000000000e+01 2.760039911740874707e-02 0.000000000000000000e+00 1.000000000000000000e+00 0.000000000000000000e+00 0.000000000000000000e+00 0.000000000000000000e+00
7.200000000000000000e+01 2.880041647033970698e-02 0.000000000000000000e+00 1.000000000000000000e+00 0.000000000000000000e+00 0.000000000000000000e+00 0.000000000000000000e+00
7.500000000000000000e+01 3.000043382327044483e-02 0.000000000000000000e+00 1.000000000000000000e+00 0.000000000000000000e+00 0.000000000000000000e+00 0.000000000000000000e+00
7.800000000000000000e+01 3.120045117620118269e-02 0.000000000000000000e+00 1.000000000000000000e+00 0.000000000000000000e+00 0.000000000000000000e+00 0.000000000000000000e+00
8.100000000000000000e+01 3.240046852913214259e-02 0.000000000000000000e+00 1.000000000000000000e+00 0.000000000000000000e+00 0.000000000000000000e+00 0.000000000000000000e+00
8.400000000000000000e+01 3.360048588206288045e-02 0.000000000000000000e+00 1.000000000000000000e+00 0.000000000000000000e+00 0.000000000000000000e+00 0.000000000000000000e+00
8.700000000000000000e+01 3.480050323499384035e-02 0.000000000000000000e+00 1.000000000000000000e+00 0.000000000000000000e+00 0.000000000000000000e+00 0.000000000000000000e+00
9.000000000000000000e+01 3.600052058792457821e-02 0.000000000000000000e+00 1.000000000000000000e+00 0.000000000000000000e+00 0.000000000000000000e+00 0.000000000000000000e+00
9.300000000000000000e+01 3.720053794085531607e-02 0.000000000000000000e+00 1.000000000000000000e+00 0.000000000000000000e+00 0.000000000000000000e+00 0.000000000000000000e+00
9.600000000000000000e+01 3.840055529378627597e-02 0.000000000000000000e+00 1.000000000000000000e+00 0.000000000000000000e+00 0.000000000000000000e+00 0.000000000000000000e+00
9.900000000000000000e+01 3.960057264671701382e-02 0.000000000000000000e+00 1.000000000000000000e+00 0.000000000000000000e+00 0.000000000000000000e+00 0.000000000000000000e+00
1.020000000000000000e+02 4.080058999964775168e-02 0.000000000000000000e+00 1.000000000000000000e+00 0.000000000000000000e+00 0.000000000000000000e+00 0.000000000000000000e+00
1.050000000000000000e+02 4.200060735257871158e-02 0.000000000000000000e+00 1.000000000000000000e+00 0.000000000000000000e+00 0.000000000000000000e+00 0.000000000000000000e+00
1.080000000000000000e+02 4.320062470550944944e-02 0.000000000000000000e+00 1.000000000000000000e+00 0.000000000000000000e+00 0.000000000000000000e+00 0.000000000000000000e+00
1.110000000000000000e+02 4.440064205844018730e-02 0.000000000000000000e+00 1.000000000000000000e+00 0.000000000000000000e+00 0.000000000000000000e+00 0.000000000000000000e+00
1.140000000000000000e+02 4.560065941137114720e-02 0.000000000000000000e+00 1.000000000000000000e+00 0.000000000000000000e+00 0.000000000000000000e+00 0.000000000000000000e+00
1.170000000000000000e+02 4.680067676430188506e-02 0.000000000000000000e+00 1.000000000000000000e+00 0.000000000000000000e+00 0.000000000000000000e+00 0.000000000000000000e+00
1.200000000000000000e+02 4.800069411723284496e-02 0.000000000000000000e+00 1.000000000000000000e+00 0.000000000000000000e+00 0.000000000000000000e+00 0.000000000000000000e+00
1.230000000000000000e+02 4.920071147016358282e-02 0.000000000000000000e+00 1.000000000000000000e+00 0.000000000000000000e+00 0.000000000000000000e+00 0.000000000000000000e+00
1.260000000000000000e+02 5.040072882309432067e-02 0.000000000000000000e+00 1.000000000000000000e+00 0.000000000000000000e+00 0.000000000000000000e+00 0.000000000000000000e+00
1.290000000000000000e+02 5.160074617602528058e-02 0.000000000000000000e+00 1.000000000000000000e+00 0.000000000000000000e+00 0.000000000000000000e+00 0.000000000000000000e+00
1.320000000000000000e+02 5.280076352895601843e-02 0.000000000000000000e+00 1.000000000000000000e+00 0.000000000000000000e+00 0.000000000000000000e+00 0.000000000000000000e+00
1.350000000000000000e+02 5.400078088188675629e-02 0.000000000000000000e+00 1.000000000000000000e+00 0.000000000000000000e+00 0.000000000000000000e+00 0.000000000000000000e+00
1.380000000000000000e+02 5.520079823481771619e-02 0.000000000000000000e+00 1.000000000000000000e+00 0.000000000000000000e+00 0.000000000000000000e+00 0.000000000000000000e+00
1.410000000000000000e+02 5.640081558774845405e-02 0.000000000000000000e+00 1.000000000000000000e+00 0.000000000000000000e+00 0.000000000000000000e+00 0.000000000000000000e+00
1.440000000000000000e+02 5.760083294067919191e-02 0.000000000000000000e+00 1.000000000000000000e+00 0.000000000000000000e+00 0.000000000000000000e+00 0.000000000000000000e+00
1.470000000000000000e+02 5.880085029361015181e-02 0.000000000000000000e+00 1.000000000000000000e+00 0.000000000000000000e+00 0.000000000000000000e+00 0.000000000000000000e+00
1.500000000000000000e+02 6.000086764654088967e-02 0.000000000000000000e+00 1.000000000000000000e+00 0.000000000000000000e+00 0.000000000000000000e+00 0.000000000000000000e+00
1.530000000000000000e+02 6.120088499947162752e-02 0.000000000000000000e+00 1.000000000000000000e+00 0.000000000000000000e+00 0.000000000000000000e+00 0.000000000000000000e+00
1.560000000000000000e+02 6.240090235240258743e-02 0.000000000000000000e+00 1.000000000000000000e+00 0.000000000000000000e+00 0.000000000000000000e+00 0.000000000000000000e+00
1.590000000000000000e+02 6.360091970533332528e-02 0.000000000000000000e+00 1.000000000000000000e+00 0.000000000000000000e+00 0.000000000000000000e+00 0.000000000000000000e+00
1.620000000000000000e+02 6.480093705826428518e-02 0.000000000000000000e+00 1.000000000000000000e+00 0.000000000000000000e+00 0.000000000000000000e+00 0.000000000000000000e+00
1.650000000000000000e+02 6.600095441119502304e-02 0.000000000000000000e+00 1.000000000000000000e+00 0.000000000000000000e+00 0.000000000000000000e+00 0.000000000000000000e+00
1.680000000000000000e+02 6.720097176412576090e-02 0.000000000000000000e+00 1.000000000000000000e+00 0.000000000000000000e+00 0.000000000000000000e+00 0.000000000000000000e+00
1.710000000000000000e+02 6.840098911705672080e-02 0.000000000000000000e+00 1.000000000000000000e+00 0.000000000000000000e+00 0.000000000000000000e+00 0.000000000000000000e+00
1.740000000000000000e+02 6.960100646998745866e-02 2.275830678197542133e-04 9.997724169321802190e-01 0.000000000000000000e+00 0.000000000000000000e+00 0.000000000000000000e+00
1.770000000000000000e+02 7.080102382291819652e-02 0.000000000000000000e+00 1.000000000000000000e+00 0.000000000000000000e+00 0.000000000000000000e+00 0.000000000000000000e+00
1.800000000000000000e+02 7.200104117584915642e-02 0.000000000000000000e+00 1.000000000000000000e+00 0.000000000000000000e+00 0.000000000000000000e+00 0.000000000000000000e+00
1.830000000000000000e+02 7.320105852877989427e-02 0.000000000000000000e+00 1.000000000000000000e+00 0.000000000000000000e+00 0.000000000000000000e+00 0.000000000000000000e+00
1.860000000000000000e+02 7.440107588171063213e-02 0.000000000000000000e+00 1.000000000000000000e+00 0.000000000000000000e+00 0.000000000000000000e+00 0.000000000000000000e+00
1.890000000000000000e+02 7.560109323464159203e-02 0.000000000000000000e+00 1.000000000000000000e+00 0.000000000000000000e+00 0.000000000000000000e+00 0.000000000000000000e+00
1.920000000000000000e+02 7.680111058757232989e-02 0.000000000000000000e+00 1.000000000000000000e+00 0.000000000000000000e+00 0.000000000000000000e+00 0.000000000000000000e+00
1.950000000000000000e+02 7.800112794050328979e-02 0.000000000000000000e+00 1.000000000000000000e+00 0.000000000000000000e+00 0.000000000000000000e+00 0.000000000000000000e+00
1.980000000000000000e+02 7.920114529343402765e-02 0.000000000000000000e+00 1.000000000000000000e+00 0.000000000000000000e+00 0.000000000000000000e+00 0.000000000000000000e+00
2.010000000000000000e+02 8.040116264636476551e-02 0.000000000000000000e+00 1.000000000000000000e+00 0.000000000000000000e+00 0.000000000000000000e+00 0.000000000000000000e+00
2.040000000000000000e+02 8.160117999929572541e-02 0.000000000000000000e+00 1.000000000000000000e+00 0.000000000000000000e+00 0.000000000000000000e+00 0.000000000000000000e+00
2.070000000000000000e+02 8.280119735222646327e-02 0.000000000000000000e+00 1.000000000000000000e+00 0.000000000000000000e+00 0.000000000000000000e+00 0.000000000000000000e+00
2.100000000000000000e+02 8.400121470515720112e-02 0.000000000000000000e+00 1.000000000000000000e+00 0.000000000000000000e+00 0.000000000000000000e+00 0.000000000000000000e+00
2.130000000000000000e+02 8.520123205808816103e-02 0.000000000000000000e+00 1.000000000000000000e+00 0.000000000000000000e+00 0.000000000000000000e+00 0.000000000000000000e+00
2.160000000000000000e+02 8.640124941101889888e-02 0.000000000000000000e+00 1.000000000000000000e+00 0.000000000000000000e+00 0.000000000000000000e+00 0.000000000000000000e+00
2.190000000000000000e+02 8.760126676394963674e-02 0.000000000000000000e+00 1.000000000000000000e+00 0.000000000000000000e+00 0.000000000000000000e+00 0.000000000000000000e+00
2.220000000000000000e+02 8.880128411688059664e-02 0.000000000000000000e+00 1.000000000000000000e+00 0.000000000000000000e+00 0.000000000000000000e+00 0.000000000000000000e+00
2.250000000000000000e+02 9.000130146981133450e-02 0.000000000000000000e+00 1.000000000000000000e+00 0.000000000000000000e+00 0.000000000000000000e+00 0.000000000000000000e+00
2.280000000000000000e+02 9.120131882274229440e-02 0.000000000000000000e+00 1.000000000000000000e+00 0.000000000000000000e+00 0.000000000000000000e+00 0.000000000000000000e+00
2.310000000000000000e+02 9.240133617567303226e-02 0.000000000000000000e+00 1.000000000000000000e+00 0.000000000000000000e+00 0.000000000000000000e+00 0.000000000000000000e+00
2.340000000000000000e+02 9.360135352860377012e-02 0.000000000000000000e+00 1.000000000000000000e+00 0.000000000000000000e+00 0.000000000000000000e+00 0.000000000000000000e+00
2.370000000000000000e+02 9.480137088153473002e-02 0.000000000000000000e+00 1.000000000000000000e+00 0.000000000000000000e+00 0.000000000000000000e+00 0.000000000000000000e+00
2.400000000000000000e+02 9.600138823446546787e-02 4.551661356395084266e-04 9.995448338643604380e-01 0.000000000000000000e+00 0.000000000000000000e+00 0.000000000000000000e+00
2.430000000000000000e+02 9.720140558739620573e-02 3.413746017296313199e-04 9.995448338643604380e-01 0.000000000000000000e+00 1.137915339098771066e-04 0.000000000000000000e+00
2.460000000000000000e+02 9.840142294032716563e-02 1.137915339098771066e-04 9.998862084660901095e-01 0.000000000000000000e+00 0.000000000000000000e+00 0.000000000000000000e+00
2.490000000000000000e+02 9.960144029325790349e-02 1.137915339098771066e-04 9.998862084660901095e-01 0.000000000000000000e+00 0.000000000000000000e+00 0.000000000000000000e+00
2.520000000000000000e+02 1.008014576461886413e-01 2.275830678197542133e-04 9.997724169321802190e-01 0.000000000000000000e+00 0.000000000000000000e+00 0.000000000000000000e+00
2.550000000000000000e+02 1.020014749991196013e-01 0.000000000000000000e+00 1.000000000000000000e+00 0.000000000000000000e+00 0.000000000000000000e+00 0.000000000000000000e+00
2.580000000000000000e+02 1.032014923520503391e-01 5.689576695493854790e-04 9.994310423304506585e-01 0.000000000000000000e+00 0.000000000000000000e+00 0.000000000000000000e+00
2.610000000000000000e+02 1.044015097049812990e-01 9.103322712790168532e-04 9.990896677287209870e-01 0.000000000000000000e+00 0.000000000000000000e+00 0.000000000000000000e+00
2.640000000000000000e+02 1.056015270579120369e-01 1.137915339098770958e-03 9.988620846609012061e-01 0.000000000000000000e+00 0.000000000000000000e+00 0.000000000000000000e+00
2.670000000000000000e+02 1.068015444108427747e-01 5.689576695493854790e-04 9.992034592626308775e-01 0.000000000000000000e+00 2.275830678197542133e-04 0.000000000000000000e+00
2.700000000000000000e+02 1.080015617637737346e-01 1.024123805188893906e-03 9.988620846609012061e-01 0.000000000000000000e+00 1.137915339098771066e-04 0.000000000000000000e+00
2.730000000000000000e+02 1.092015791167044725e-01 1.593081474738279385e-03 9.984069185252617551e-01 0.000000000000000000e+00 0.000000000000000000e+00 0.000000000000000000e+00
2.760000000000000000e+02 1.104015964696352103e-01 2.048247610377787811e-03 9.979517523896221931e-01 0.000000000000000000e+00 0.000000000000000000e+00 0.000000000000000000e+00
2.790000000000000000e+02 1.116016138225661702e-01 2.162039144287664864e-03 9.978379608557123026e-01 0.000000000000000000e+00 0.000000000000000000e+00 0.000000000000000000e+00
2.820000000000000000e+02 1.128016311754969081e-01 2.503413746017296455e-03 9.972690031861629611e-01 0.000000000000000000e+00 2.275830678197542133e-04 0.000000000000000000e+00
2.850000000000000000e+02 1.140016485284276460e-01 3.413746017296313308e-03 9.963586709148839482e-01 0.000000000000000000e+00 2.275830678197542133e-04 0.000000000000000000e+00
2.880000000000000000e+02 1.152016658813586059e-01 3.413746017296313308e-03 9.964724624487938387e-01 0.000000000000000000e+00 1.137915339098771066e-04 0.000000000000000000e+00
2.910000000000000000e+02 1.164016832342893437e-01 3.186162949476558769e-03 9.968138370505233992e-01 0.000000000000000000e+00 0.000000000000000000e+00 0.000000000000000000e+00
2.940000000000000000e+02 1.176017005872203036e-01 3.413746017296313308e-03 9.964724624487938387e-01 0.000000000000000000e+00 1.137915339098771066e-04 0.000000000000000000e+00
2.970000000000000000e+02 1.188017179401510415e-01 3.072371415566681717e-03 9.969276285844332897e-01 0.000000000000000000e+00 0.000000000000000000e+00 0.000000000000000000e+00
3.000000000000000000e+02 1.200017352930817793e-01 3.299954483386436255e-03 9.967000455166135087e-01 0.000000000000000000e+00 0.000000000000000000e+00 0.000000000000000000e+00
3.030000000000000000e+02 1.212017526460127392e-01 4.665452890304961318e-03 9.953345471096950448e-01 0.000000000000000000e+00 0.000000000000000000e+00 0.000000000000000000e+00
3.060000000000000000e+02 1.224017699989434771e-01 5.917159763313609329e-03 9.940828402366863603e-01 0.000000000000000000e+00 0.000000000000000000e+00 0.000000000000000000e+00
3.090000000000000000e+02 1.236017873518742149e-01 4.893035958124715423e-03 9.949931725079653733e-01 0.000000000000000000e+00 1.137915339098771066e-04 0.000000000000000000e+00
3.120000000000000000e+02 1.248018047048051749e-01 6.144742831133363434e-03 9.938552571688666903e-01 0.000000000000000000e+00 0.000000000000000000e+00 0.000000000000000000e+00
3.150000000000000000e+02 1.260018220577359127e-01 7.396449704142011444e-03 9.924897587619481154e-01 0.000000000000000000e+00 1.137915339098771066e-04 0.000000000000000000e+00
3.180000000000000000e+02 1.272018394106666506e-01 8.875739644970414427e-03 9.910104688211197610e-01 0.000000000000000000e+00 1.137915339098771066e-04 0.000000000000000000e+00
3.210000000000000000e+02 1.284018567635976105e-01 1.035502958579881741e-02 9.894173873463814051e-01 0.000000000000000000e+00 2.275830678197542133e-04 0.000000000000000000e+00
3.240000000000000000e+02 1.296018741165283483e-01 1.285844333181611343e-02 9.869139736003641472e-01 0.000000000000000000e+00 2.275830678197542133e-04 0.000000000000000000e+00
3.270000000000000000e+02 1.308018914694593082e-01 1.467910787437414627e-02 9.852071005917160118e-01 0.000000000000000000e+00 1.137915339098771066e-04 0.000000000000000000e+00
3.300000000000000000e+02 1.320019088223900461e-01 1.706873008648156567e-02 9.824761037778789730e-01 0.000000000000000000e+00 4.551661356395084266e-04 0.000000000000000000e+00
3.330000000000000000e+02 1.332019261753207839e-01 1.900318616294947513e-02 9.802002730996813851e-01 0.000000000000000000e+00 7.965407373691396923e-04 0.000000000000000000e+00
3.360000000000000000e+02 1.344019435282517438e-01 1.923076923076923184e-02 9.803140646335912756e-01 0.000000000000000000e+00 4.551661356395084266e-04 0.000000000000000000e+00
3.390000000000000000e+02 1.356019608811824817e-01 2.127901684114701791e-02 9.782658170232134687e-01 0.000000000000000000e+00 4.551661356395084266e-04 0.000000000000000000e+00
3.420000000000000000e+02 1.368019782341132196e-01 2.287209831588529751e-02 9.765589440145653333e-01 0.000000000000000000e+00 5.689576695493854790e-04 0.000000000000000000e+00
3.450000000000000000e+02 1.380019955870441795e-01 2.492034592626308706e-02 9.743969048702776359e-01 0.000000000000000000e+00 6.827492034592626399e-04 0.000000000000000000e+00
3.480000000000000000e+02 1.392020129399749173e-01 2.708238507055074976e-02 9.718934911242603780e-01 0.000000000000000000e+00 1.024123805188893906e-03 0.000000000000000000e+00
3.510000000000000000e+02 1.404020302929056552e-01 3.254437869822485174e-02 9.666590805644059703e-01 0.000000000000000000e+00 7.965407373691396923e-04 0.000000000000000000e+00
3.540000000000000000e+02 1.416020476458366151e-01 3.482020937642239106e-02 9.644970414201183839e-01 0.000000000000000000e+00 6.827492034592626399e-04 0.000000000000000000e+00
3.570000000000000000e+02 1.428020649987673529e-01 4.198907601274465273e-02 9.567592171142467183e-01 0.000000000000000000e+00 1.251706873008648227e-03 0.000000000000000000e+00
3.600000000000000000e+02 1.440020823516983128e-01 5.086481565771506369e-02 9.482248520710059303e-01 0.000000000000000000e+00 9.103322712790168532e-04 0.000000000000000000e+00
3.630000000000000000e+02 1.452020997046290507e-01 6.315430131998178709e-02 9.347974510696404060e-01 0.000000000000000000e+00 2.048247610377787811e-03 0.000000000000000000e+00
3.660000000000000000e+02 1.464021170575597885e-01 7.897132453345470648e-02 9.178425125170687204e-01 0.000000000000000000e+00 3.186162949476558769e-03 0.000000000000000000e+00
3.690000000000000000e+02 1.476021344104907485e-01 9.535730541647700897e-02 9.013427401001365968e-01 0.000000000000000000e+00 3.299954483386436255e-03 0.000000000000000000e+00
3.720000000000000000e+02 1.488021517634214863e-01 1.145880746472462408e-01 8.796085571233500655e-01 0.000000000000000000e+00 5.803368229403732710e-03 0.000000000000000000e+00
3.750000000000000000e+02 1.500021691163522242e-01 1.349567592171142527e-01 8.573054164770140817e-01 0.000000000000000000e+00 7.737824305871643035e-03 0.000000000000000000e+00
3.780000000000000000e+02 1.512021864692831841e-01 1.574874829312699065e-01 8.326126536185707305e-01 0.000000000000000000e+00 9.899863450159307465e-03 0.000000000000000000e+00
3.810000000000000000e+02 1.524022038222139219e-01 1.888939462903959920e-01 7.975648611743286764e-01 0.000000000000000000e+00 1.354119253527537488e-02 0.000000000000000000e+00
3.840000000000000000e+02 1.536022211751446598e-01 2.288347746927628656e-01 7.534137460172962708e-01 0.000000000000000000e+00 1.775147928994082885e-02 0.000000000000000000e+00
3.870000000000000000e+02 1.548022385280756197e-01 2.741238051888939542e-01 7.036868456986800080e-01 0.000000000000000000e+00 2.218934911242603433e-02 0.000000000000000000e+00
3.900000000000000000e+02 1.560022558810063575e-01 3.190714610832954268e-01 6.512289485662267063e-01 0.000000000000000000e+00 2.969959035047792587e-02 0.000000000000000000e+00
3.930000000000000000e+02 1.572022732339373174e-01 3.639053254437870089e-01 5.982020937642239522e-01 0.000000000000000000e+00 3.789258079198907364e-02 0.000000000000000000e+00
3.960000000000000000e+02 1.584022905868680553e-01 4.157942649066909691e-01 5.369822485207100815e-01 0.000000000000000000e+00 4.722348657259899801e-02 0.000000000000000000e+00
3.990000000000000000e+02 1.596023079397987932e-01 4.560764679107874309e-01 4.839553937187073274e-01 0.000000000000000000e+00 5.996813837050523482e-02 0.000000000000000000e+00
4.020000000000000000e+02 1.608023252927297531e-01 5.109239872553481554e-01 4.185252617205280079e-01 0.000000000000000000e+00 7.055075102412380894e-02 0.000000000000000000e+00
4.050000000000000000e+02 1.620023426456604909e-01 5.685025034137459743e-01 3.439918070095585034e-01 1.137915339098771066e-04 8.739189804278561791e-02 0.000000000000000000e+00
4.080000000000000000e+02 1.632023599985912288e-01 6.095812471552116696e-01 2.870960400546199165e-01 1.137915339098771066e-04 1.032089212562585373e-01 0.000000000000000000e+00
4.110000000000000000e+02 1.644023773515221887e-01 6.492944924897587899e-01 2.339553937187073274e-01 1.137915339098771066e-04 1.166363222576240338e-01 0.000000000000000000e+00
4.140000000000000000e+02 1.656023947044529265e-01 6.873008648156576639e-01 1.834319526627218866e-01 3.413746017296313199e-04 1.289258079198907503e-01 0.000000000000000000e+00
4.170000000000000000e+02 1.668024120573836644e-01 7.124487938097405770e-01 1.453117888029130667e-01 4.551661356395084266e-04 1.417842512517068776e-01 0.000000000000000000e+00
4.200000000000000000e+02 1.680024294103146243e-01 7.356622667273554628e-01 1.111743286299499284e-01 2.275830678197542133e-04 1.529358215748748417e-01 0.000000000000000000e+00
4.230000000000000000e+02 1.692024467632453621e-01 7.493172507965407680e-01 8.340919435593992237e-02 7.965407373691396923e-04 1.664770141101502010e-01 0.000000000000000000e+00
4.260000000000000000e+02 1.704024641161761000e-01 7.611515703231679364e-01 6.520254893035958010e-02 1.365498406918525280e-03 1.722803823395539502e-01 0.000000000000000000e+00
4.290000000000000000e+02 1.716024814691070599e-01 7.692307692307692735e-01 5.018206645425580398e-02 2.162039144287664864e-03 1.784251251706872876e-01 0.000000000000000000e+00
4.320000000000000000e+02 1.728024988220377978e-01 7.734410559854346667e-01 3.937187073281747662e-02 2.275830678197541916e-03 1.849112426035502965e-01 0.000000000000000000e+00
4.350000000000000000e+02 1.740025161749687577e-01 7.776513427401001710e-01 2.935821574874829254e-02 3.527537551206190360e-03 1.894629039599453890e-01 0.000000000000000000e+00
4.380000000000000000e+02 1.752025335278994955e-01 7.793582157487483064e-01 2.571688666363222686e-02 3.755120619025944465e-03 1.911697769685935244e-01 0.000000000000000000e+00
4.410000000000000000e+02 1.764025508808302334e-01 7.835685025034136997e-01 2.218934911242603433e-02 4.779244424214838804e-03 1.894629039599453890e-01 0.000000000000000000e+00
4.440000000000000000e+02 1.776025682337611933e-01 7.840236686390532617e-01 2.059626763768775473e-02 4.893035958124715423e-03 1.904870277651342647e-01 0.000000000000000000e+00
4.470000000000000000e+02 1.788025855866919311e-01 7.847064178425124936e-01 1.866181156121984527e-02 5.120619025944469528e-03 1.915111515703231682e-01 0.000000000000000000e+00
4.500000000000000000e+02 1.800026029396226690e-01 7.884615384615384359e-01 1.615839781520254925e-02 5.006827492034592909e-03 1.903732362312244020e-01 0.000000000000000000e+00
4.530000000000000000e+02 1.812026202925536289e-01 7.872098315885298625e-01 1.752389622212107562e-02 6.030951297223486815e-03 1.892353208921256358e-01 0.000000000000000000e+00
4.560000000000000000e+02 1.824026376454843668e-01 7.886891215293582169e-01 1.684114701866181243e-02 6.827492034592626616e-03 1.876422394173873354e-01 0.000000000000000000e+00
4.590000000000000000e+02 1.836026549984151046e-01 7.891442876649977789e-01 1.752389622212107562e-02 7.510241238051888930e-03 1.858215748748293095e-01 0.000000000000000000e+00
4.620000000000000000e+02 1.848026723513460645e-01 7.875512061902594230e-01 1.911697769685935522e-02 8.875739644970414427e-03 1.844560764679107900e-01 0.000000000000000000e+00
4.650000000000000000e+02 1.860026897042768024e-01 7.836822940373235902e-01 2.093764223941738806e-02 1.035502958579881741e-02 1.850250341374601593e-01 0.000000000000000000e+00
4.680000000000000000e+02 1.872027070572077623e-01 7.817478379608556738e-01 2.173418297678652786e-02 1.137915339098771045e-02 1.851388256713700498e-01 0.000000000000000000e+00
4.710000000000000000e+02 1.884027244101385001e-01 7.794720072826581969e-01 2.309968138370505075e-02 1.206190259444697363e-02 1.853664087391898030e-01 0.000000000000000000e+00
4.740000000000000000e+02 1.896027417630692380e-01 7.769685935366408280e-01 2.469276285844333035e-02 1.297223486572599005e-02 1.853664087391898030e-01 0.000000000000000000e+00
4.770000000000000000e+02 1.908027591160001979e-01 7.782203004096495125e-01 2.560309512972235024e-02 1.365498406918525323e-02 1.825216203914428736e-01 0.000000000000000000e+00
4.800000000000000000e+02 1.920027764689309357e-01 7.781065088757396220e-01 2.571688666363222686e-02 1.638598088302230249e-02 1.797906235776058348e-01 0.000000000000000000e+00
4.830000000000000000e+02 1.932027938218616736e-01 7.848202093764223841e-01 2.594446973145198010e-02 1.547564861174328607e-02 1.737596722803823324e-01 0.000000000000000000e+00
4.860000000000000000e+02 1.944028111747926335e-01 7.876649977241693135e-01 2.583067819754210348e-02 1.706873008648156567e-02 1.694355939918070209e-01 0.000000000000000000e+00
4.890000000000000000e+02 1.956028285277233714e-01 7.954028220300409791e-01 2.469276285844333035e-02 1.638598088302230249e-02 1.635184342284934089e-01 0.000000000000000000e+00
4.920000000000000000e+02 1.968028458806541092e-01 7.965407373691397730e-01 2.514792899408284030e-02 1.797906235776058209e-02 1.603322712790168358e-01 0.000000000000000000e+00
4.950000000000000000e+02 1.980028632335850691e-01 7.965407373691397730e-01 2.435138825671370050e-02 2.105143377332726468e-02 1.580564406008193035e-01 0.000000000000000000e+00
4.980000000000000000e+02 1.992028805865158070e-01 8.018889394629039602e-01 2.469276285844333035e-02 2.048247610377787811e-02 1.529358215748748417e-01 0.000000000000000000e+00
5.010000000000000000e+02 2.004028979394467669e-01 8.056440600819299025e-01 2.548930359581247015e-02 2.093764223941738806e-02 1.479289940828402428e-01 0.000000000000000000e+00
5.040000000000000000e+02 2.016029152923775047e-01 8.091715976331360638e-01 2.651342740100136666e-02 2.082385070550751144e-02 1.434911242603550408e-01 0.000000000000000000e+00
5.070000000000000000e+02 2.028029326453082426e-01 8.157715065999089354e-01 2.617205279927173334e-02 2.127901684114701791e-02 1.367774237596722786e-01 0.000000000000000000e+00
5.100000000000000000e+02 2.040029499982392025e-01 8.200955848884843302e-01 2.605826126536185672e-02 2.196176604460628110e-02 1.318843878015475701e-01 0.000000000000000000e+00
5.130000000000000000e+02 2.052029673511699404e-01 8.218024578971324656e-01 2.674101046882111990e-02 2.423759672280382388e-02 1.272189349112426149e-01 0.000000000000000000e+00
5.160000000000000000e+02 2.064029847041006782e-01 8.264679107874374209e-01 2.639963586709149004e-02 2.537551206190259354e-02 1.217569412835685094e-01 0.000000000000000000e+00
5.190000000000000000e+02 2.076030020570316381e-01 8.274920345926263243e-01 2.867546654528902936e-02 2.628584433318160996e-02 1.175466545289030468e-01 0.000000000000000000e+00
5.220000000000000000e+02 2.088030194099623760e-01 8.345471096950386469e-01 2.901684114701866268e-02 2.765134274010013632e-02 1.087847064178425194e-01 0.000000000000000000e+00
5.250000000000000000e+02 2.100030367628931138e-01 8.351160673645880994e-01 2.992717341829767910e-02 2.935821574874829254e-02 1.055985434683659602e-01 0.000000000000000000e+00
5.280000000000000000e+02 2.112030541158240737e-01 8.345471096950386469e-01 3.299954483386435822e-02 2.981338188438780248e-02 1.026399635867091542e-01 0.000000000000000000e+00
5.310000000000000000e+02 2.124030714687548116e-01 8.378470641784251383e-01 3.265817023213472836e-02 3.060992262175694228e-02 9.888484296768319803e-02 0.000000000000000000e+00
5.340000000000000000e+02 2.136030888216857715e-01 8.422849340009103125e-01 3.254437869822485174e-02 2.969959035047792587e-02 9.547109695038688559e-02 0.000000000000000000e+00
5.370000000000000000e+02 2.148031061746165093e-01 8.458124715521164738e-01 3.152025489303595523e-02 3.186162949476559203e-02 9.080564406008193035e-02 0.000000000000000000e+00
5.400000000000000000e+02 2.160031235275472472e-01 8.479745106964041712e-01 3.356850250341374825e-02 3.117888029130632538e-02 8.727810650887574129e-02 0.000000000000000000e+00
5.430000000000000000e+02 2.172031408804782071e-01 8.485434683659536237e-01 3.311333636777423484e-02 3.174783796085571541e-02 8.659535730541648157e-02 0.000000000000000000e+00
5.460000000000000000e+02 2.184031582334089450e-01 8.487710514337732937e-01 3.436504324078288458e-02 3.299954483386435822e-02 8.386436049157942885e-02 0.000000000000000000e+00
5.490000000000000000e+02 2.196031755863396828e-01 8.508192990441511006e-01 3.493400091033227461e-02 3.390987710514337811e-02 8.033682294037323979e-02 0.000000000000000000e+00
5.520000000000000000e+02 2.208031929392706427e-01 8.548020027309968238e-01 3.482020937642239106e-02 3.436504324078288458e-02 7.601274465179790052e-02 0.000000000000000000e+00
5.550000000000000000e+02 2.220032102922013806e-01 8.536640873918980299e-01 3.561675011379153433e-02 3.584433318161128756e-02 7.487482931269913433e-02 0.000000000000000000e+00
5.580000000000000000e+02 2.232032276451321184e-01 8.554847519344560558e-01 3.368229403732362487e-02 3.584433318161128756e-02 7.498862084660901095e-02 0.000000000000000000e+00
5.610000000000000000e+02 2.244032449980630783e-01 8.577605826126536437e-01 3.470641784251251444e-02 3.482020937642239106e-02 7.271279016841146470e-02 0.000000000000000000e+00
5.640000000000000000e+02 2.256032623509938162e-01 8.548020027309968238e-01 3.482020937642239106e-02 3.686845698680018407e-02 7.350933090578061491e-02 0.000000000000000000e+00
5.670000000000000000e+02 2.268032797039247761e-01 8.570778334091943007e-01 3.538916704597178109e-02 3.755120619025944378e-02 6.998179335457442585e-02 0.000000000000000000e+00
5.700000000000000000e+02 2.280032970568555140e-01 8.578743741465635342e-01 3.664087391898043083e-02 3.777878925807919702e-02 6.770596267637687959e-02 0.000000000000000000e+00
5.730000000000000000e+02 2.292033144097862518e-01 8.568502503413746307e-01 3.743741465634956717e-02 4.050978607191624975e-02 6.520254893035958010e-02 0.000000000000000000e+00
5.760000000000000000e+02 2.304033317627172117e-01 8.620846609012289274e-01 3.447883477469276120e-02 3.891670459717797015e-02 6.451979972690032039e-02 0.000000000000000000e+00
5.790000000000000000e+02 2.316033491156479496e-01 8.624260355029585989e-01 3.584433318161128756e-02 3.903049613108784677e-02 6.269913518434228061e-02 0.000000000000000000e+00
5.820000000000000000e+02 2.328033664685786874e-01 8.656121984524350887e-01 3.493400091033227461e-02 3.846153846153846367e-02 6.099226217569413133e-02 0.000000000000000000e+00
5.850000000000000000e+02 2.340033838215096473e-01 8.606053709604005730e-01 3.629949931725079404e-02 4.028220300409649651e-02 6.281292671825215723e-02 0.000000000000000000e+00
5.880000000000000000e+02 2.352034011744403852e-01 8.634501593081475024e-01 3.595812471552116418e-02 3.948566226672735324e-02 6.110605370960400795e-02 0.000000000000000000e+00
5.910000000000000000e+02 2.364034185273711230e-01 8.637915339098770628e-01 3.618570778334091742e-02 3.959945380063722986e-02 6.042330450614474130e-02 0.000000000000000000e+00
5.940000000000000000e+02 2.376034358803020829e-01 8.651570323167956378e-01 3.755120619025944378e-02 3.834774692762858705e-02 5.894401456531633832e-02 0.000000000000000000e+00
5.970000000000000000e+02 2.388034532332328208e-01 8.661811561219845412e-01 3.868912152935821691e-02 3.914428766499772339e-02 5.598543468365953235e-02 0.000000000000000000e+00
6.000000000000000000e+02 2.400034705861637807e-01 8.672052799271734447e-01 3.959945380063722986e-02 3.891670459717797015e-02 5.427856167501137613e-02 0.000000000000000000e+00
6.030000000000000000e+02 2.412034879390945186e-01 8.628812016385980499e-01 4.085116067364587961e-02 4.050978607191624975e-02 5.575785161583977911e-02 0.000000000000000000e+00
6.060000000000000000e+02 2.424035052920252564e-01 8.660673645880746507e-01 3.982703686845699004e-02 4.028220300409649651e-02 5.382339553937186966e-02 0.000000000000000000e+00
6.090000000000000000e+02 2.436035226449562163e-01 8.651570323167956378e-01 3.994082840236686666e-02 4.221665908056440597e-02 5.268548020027309653e-02 0.000000000000000000e+00
6.120000000000000000e+02 2.448035399978869542e-01 8.683431952662722386e-01 3.971324533454710648e-02 4.153390987710514626e-02 5.040964952207555722e-02 0.000000000000000000e+00
6.150000000000000000e+02 2.460035573508176920e-01 8.656121984524350887e-01 4.164770141101502288e-02 4.301319981793354230e-02 4.972690031861629750e-02 0.000000000000000000e+00
6.180000000000000000e+02 2.472035747037486519e-01 8.629949931725079404e-01 4.415111515703231543e-02 4.597177969959034827e-02 4.688211197086936816e-02 0.000000000000000000e+00
6.210000000000000000e+02 2.484035920566793898e-01 8.614019116977696955e-01 4.619936276741010150e-02 4.688211197086936816e-02 4.551661356395084179e-02 0.000000000000000000e+00
6.240000000000000000e+02 2.496036094096101277e-01 8.612881201638598050e-01 4.710969503868912139e-02 4.745106964041875125e-02 4.415111515703231543e-02 0.000000000000000000e+00
6.270000000000000000e+02 2.508036267625410876e-01 8.621984524351388179e-01 4.767865270823850449e-02 4.608557123350022489e-02 4.403732362312243881e-02 0.000000000000000000e+00
6.300000000000000000e+02 2.520036441154718254e-01 8.621984524351388179e-01 4.790623577605826466e-02 4.949931725079653733e-02 4.039599453800637313e-02 0.000000000000000000e+00
6.330000000000000000e+02 2.532036614684027853e-01 8.627674101046881594e-01 4.893035958124715423e-02 4.927173418297678409e-02 3.903049613108784677e-02 0.000000000000000000e+00
6.360000000000000000e+02 2.544036788213335232e-01 8.608329540282203540e-01 5.109239872553481693e-02 5.143377332726445372e-02 3.664087391898043083e-02 0.000000000000000000e+00
6.390000000000000000e+02 2.556036961742642610e-01 8.632225762403277214e-01 4.961310878470642088e-02 4.961310878470642088e-02 3.755120619025944378e-02 0.000000000000000000e+00
6.420000000000000000e+02 2.568037135271952209e-01 8.645880746472462963e-01 4.984069185252617412e-02 4.972690031861629750e-02 3.584433318161128756e-02 0.000000000000000000e+00
6.450000000000000000e+02 2.580037308801259588e-01 8.657259899863449792e-01 4.927173418297678409e-02 4.949931725079653733e-02 3.550295857988165771e-02 0.000000000000000000e+00
6.480000000000000000e+02 2.592037482330566966e-01 8.649294492489758568e-01 5.097860719162494031e-02 4.893035958124715423e-02 3.516158397815202785e-02 0.000000000000000000e+00
6.510000000000000000e+02 2.604037655859876566e-01 8.631087847064178309e-01 5.188893946290396020e-02 4.972690031861629750e-02 3.527537551206190447e-02 0.000000000000000000e+00
6.540000000000000000e+02 2.616037829389183944e-01 8.586709148839326566e-01 5.314064633591260994e-02 5.177514792899408358e-02 3.641329085116067066e-02 0.000000000000000000e+00
6.570000000000000000e+02 2.628038002918491323e-01 8.578743741465635342e-01 5.439235320892125969e-02 5.166135639508420696e-02 3.607191624943104080e-02 0.000000000000000000e+00
6.600000000000000000e+02 2.640038176447800922e-01 8.561675011379152878e-01 5.427856167501137613e-02 5.166135639508420696e-02 3.789258079198907364e-02 0.000000000000000000e+00
6.630000000000000000e+02 2.652038349977108300e-01 8.590122894856622171e-01 5.541647701411014926e-02 5.120619025944470049e-02 3.436504324078288458e-02 0.000000000000000000e+00
6.660000000000000000e+02 2.664038523506417899e-01 8.558261265361857273e-01 5.632680928538916915e-02 5.325443786982248656e-02 3.459262630860263782e-02 0.000000000000000000e+00
6.690000000000000000e+02 2.676038697035725278e-01 8.570778334091943007e-01 5.587164314974965573e-02 5.234410559854346667e-02 3.470641784251251444e-02 0.000000000000000000e+00
6.720000000000000000e+02 2.688038870565032656e-01 8.592398725534819981e-01 5.621301775147929253e-02 5.234410559854346667e-02 3.220300409649522189e-02 0.000000000000000000e+00
6.750000000000000000e+02 2.700039044094342255e-01 8.586709148839326566e-01 5.791989076012744875e-02 5.063723258989531045e-02 3.277196176604460498e-02 0.000000000000000000e+00
6.780000000000000000e+02 2.712039217623649634e-01 8.559399180700956178e-01 5.996813837050523482e-02 5.029585798816568060e-02 3.379608557123350149e-02 0.000000000000000000e+00
6.810000000000000000e+02 2.724039391152957013e-01 8.549157942649067143e-01 6.087847064178425471e-02 5.075102412380518707e-02 3.345471096950387163e-02 0.000000000000000000e+00
