# itime ezz other fcc hcp bcc ico
0.000000000000000000e+00 0.000000000000000000e+00 0.000000000000000000e+00 1.000000000000000000e+00 0.000000000000000000e+00 0.000000000000000000e+00 0.000000000000000000e+00
4.000000000000000000e+03 9.999764333212812772e-04 0.000000000000000000e+00 1.000000000000000000e+00 0.000000000000000000e+00 0.000000000000000000e+00 0.000000000000000000e+00
8.000000000000000000e+03 1.999952866642562554e-03 0.000000000000000000e+00 1.000000000000000000e+00 0.000000000000000000e+00 0.000000000000000000e+00 0.000000000000000000e+00
1.200000000000000000e+04 2.999929299963843832e-03 0.000000000000000000e+00 1.000000000000000000e+00 0.000000000000000000e+00 0.000000000000000000e+00 0.000000000000000000e+00
1.600000000000000000e+04 3.999905733285125109e-03 0.000000000000000000e+00 1.000000000000000000e+00 0.000000000000000000e+00 0.000000000000000000e+00 0.000000000000000000e+00
2.000000000000000000e+04 4.999882166606628431e-03 0.000000000000000000e+00 1.000000000000000000e+00 0.000000000000000000e+00 0.000000000000000000e+00 0.000000000000000000e+00
2.400000000000000000e+04 5.999858599927909708e-03 0.000000000000000000e+00 1.000000000000000000e+00 0.000000000000000000e+00 0.000000000000000000e+00 0.000000000000000000e+00
2.800000000000000000e+04 6.999835033249190985e-03 0.000000000000000000e+00 1.000000000000000000e+00 0.000000000000000000e+00 0.000000000000000000e+00 0.000000000000000000e+00
3.200000000000000000e+04 7.999811466570472263e-03 0.000000000000000000e+00 1.000000000000000000e+00 0.000000000000000000e+00 0.000000000000000000e+00 0.000000000000000000e+00
3.600000000000000000e+04 8.999787899891753540e-03 0.000000000000000000e+00 1.000000000000000000e+00 0.000000000000000000e+00 0.000000000000000000e+00 0.000000000000000000e+00
4.000000000000000000e+04 9.999764333213034817e-03 0.000000000000000000e+00 1.000000000000000000e+00 0.000000000000000000e+00 0.000000000000000000e+00 0.000000000000000000e+00
4.400000000000000000e+04 1.099974076653431609e-02 0.000000000000000000e+00 1.000000000000000000e+00 0.000000000000000000e+00 0.000000000000000000e+00 0.000000000000000000e+00
4.800000000000000000e+04 1.199971719985559737e-02 0.000000000000000000e+00 1.000000000000000000e+00 0.000000000000000000e+00 0.000000000000000000e+00 0.000000000000000000e+00
5.200000000000000000e+04 1.299969363317710069e-02 0.000000000000000000e+00 1.000000000000000000e+00 0.000000000000000000e+00 0.000000000000000000e+00 0.000000000000000000e+00
5.600000000000000000e+04 1.399967006649838197e-02 0.000000000000000000e+00 1.000000000000000000e+00 0.000000000000000000e+00 0.000000000000000000e+00 0.000000000000000000e+00
6.000000000000000000e+04 1.499964649981966325e-02 0.000000000000000000e+00 1.000000000000000000e+00 0.000000000000000000e+00 0.000000000000000000e+00 0.000000000000000000e+00
6.400000000000000000e+04 1.599962293314094453e-02 0.000000000000000000e+00 1.000000000000000000e+00 0.000000000000000000e+00 0.000000000000000000e+00 0.000000000000000000e+00
6.800000000000000000e+04 1.699959936646222580e-02 0.000000000000000000e+00 1.000000000000000000e+00 0.000000000000000000e+00 0.000000000000000000e+00 0.000000000000000000e+00
7.200000000000000000e+04 1.799957579978350708e-02 0.000000000000000000e+00 1.000000000000000000e+00 0.000000000000000000e+00 0.000000000000000000e+00 0.000000000000000000e+00
7.600000000000000000e+04 1.899955223310478836e-02 0.000000000000000000e+00 1.000000000000000000e+00 0.000000000000000000e+00 0.000000000000000000e+00 0.000000000000000000e+00
8.000000000000000000e+04 1.999952866642606963e-02 0.000000000000000000e+00 1.000000000000000000e+00 0.000000000000000000e+00 0.000000000000000000e+00 0.000000000000000000e+00
8.400000000000000000e+04 2.099950509974735091e-02 0.000000000000000000e+00 1.000000000000000000e+00 0.000000000000000000e+00 0.000000000000000000e+00 0.000000000000000000e+00
8.800000000000000000e+04 2.199948153306885423e-02 0.000000000000000000e+00 1.000000000000000000e+00 0.000000000000000000e+00 0.000000000000000000e+00 0.000000000000000000e+00
9.200000000000000000e+04 2.299945796639013551e-02 0.000000000000000000e+00 1.000000000000000000e+00 0.000000000000000000e+00 0.000000000000000000e+00 0.000000000000000000e+00
9.600000000000000000e+04 2.399943439971141679e-02 0.000000000000000000e+00 1.000000000000000000e+00 0.000000000000000000e+00 0.000000000000000000e+00 0.000000000000000000e+00
1.000000000000000000e+05 2.499941083303269806e-02 0.000000000000000000e+00 1.000000000000000000e+00 0.000000000000000000e+00 0.000000000000000000e+00 0.000000000000000000e+00
1.040000000000000000e+05 2.599938726635397934e-02 0.000000000000000000e+00 1.000000000000000000e+00 0.000000000000000000e+00 0.000000000000000000e+00 0.000000000000000000e+00
1.080000000000000000e+05 2.699936369967526062e-02 0.000000000000000000e+00 1.000000000000000000e+00 0.000000000000000000e+00 0.000000000000000000e+00 0.000000000000000000e+00
1.120000000000000000e+05 2.799934013299654190e-02 0.000000000000000000e+00 1.000000000000000000e+00 0.000000000000000000e+00 0.000000000000000000e+00 0.000000000000000000e+00
1.160000000000000000e+05 2.899931656631782317e-02 0.000000000000000000e+00 1.000000000000000000e+00 0.000000000000000000e+00 0.000000000000000000e+00 0.000000000000000000e+00
1.200000000000000000e+05 2.999929299963932650e-02 0.000000000000000000e+00 1.000000000000000000e+00 0.000000000000000000e+00 0.000000000000000000e+00 0.000000000000000000e+00
1.240000000000000000e+05 3.099926943296060777e-02 0.000000000000000000e+00 1.000000000000000000e+00 0.000000000000000000e+00 0.000000000000000000e+00 0.000000000000000000e+00
1.280000000000000000e+05 3.199924586628188905e-02 0.000000000000000000e+00 1.000000000000000000e+00 0.000000000000000000e+00 0.000000000000000000e+00 0.000000000000000000e+00
1.320000000000000000e+05 3.299922229960317033e-02 0.000000000000000000e+00 1.000000000000000000e+00 0.000000000000000000e+00 0.000000000000000000e+00 0.000000000000000000e+00
1.360000000000000000e+05 3.399919873292445160e-02 0.000000000000000000e+00 1.000000000000000000e+00 0.000000000000000000e+00 0.000000000000000000e+00 0.000000000000000000e+00
1.400000000000000000e+05 3.499917516624573288e-02 0.000000000000000000e+00 1.000000000000000000e+00 0.000000000000000000e+00 0.000000000000000000e+00 0.000000000000000000e+00
1.440000000000000000e+05 3.599915159956701416e-02 0.000000000000000000e+00 1.000000000000000000e+00 0.000000000000000000e+00 0.000000000000000000e+00 0.000000000000000000e+00
1.480000000000000000e+05 3.699912803288829544e-02 0.000000000000000000e+00 1.000000000000000000e+00 0.000000000000000000e+00 0.000000000000000000e+00 0.000000000000000000e+00
1.520000000000000000e+05 3.799910446620979876e-02 0.000000000000000000e+00 1.000000000000000000e+00 0.000000000000000000e+00 0.000000000000000000e+00 0.000000000000000000e+00
1.560000000000000000e+05 3.899908089953108004e-02 0.000000000000000000e+00 1.000000000000000000e+00 0.000000000000000000e+00 0.000000000000000000e+00 0.000000000000000000e+00
1.600000000000000000e+05 3.999905733285236131e-02 0.000000000000000000e+00 1.000000000000000000e+00 0.000000000000000000e+00 0.000000000000000000e+00 0.000000000000000000e+00
1.640000000000000000e+05 4.099903376617364259e-02 0.000000000000000000e+00 1.000000000000000000e+00 0.000000000000000000e+00 0.000000000000000000e+00 0.000000000000000000e+00
1.680000000000000000e+05 4.199901019949492387e-02 0.000000000000000000e+00 1.000000000000000000e+00 0.000000000000000000e+00 0.000000000000000000e+00 0.000000000000000000e+00
1.720000000000000000e+05 4.299898663281620514e-02 0.000000000000000000e+00 1.000000000000000000e+00 0.000000000000000000e+00 0.000000000000000000e+00 0.000000000000000000e+00
1.760000000000000000e+05 4.399896306613748642e-02 0.000000000000000000e+00 1.000000000000000000e+00 0.000000000000000000e+00 0.000000000000000000e+00 0.000000000000000000e+00
1.800000000000000000e+05 4.499893949945876770e-02 0.000000000000000000e+00 1.000000000000000000e+00 0.000000000000000000e+00 0.000000000000000000e+00 0.000000000000000000e+00
1.840000000000000000e+05 4.599891593278004898e-02 0.000000000000000000e+00 1.000000000000000000e+00 0.000000000000000000e+00 0.000000000000000000e+00 0.000000000000000000e+00
1.880000000000000000e+05 4.699889236610155230e-02 0.000000000000000000e+00 1.000000000000000000e+00 0.000000000000000000e+00 0.000000000000000000e+00 0.000000000000000000e+00
1.920000000000000000e+05 4.799886879942283358e-02 0.000000000000000000e+00 1.000000000000000000e+00 0.000000000000000000e+00 0.000000000000000000e+00 0.000000000000000000e+00
1.960000000000000000e+05 4.899884523274411485e-02 0.000000000000000000e+00 1.000000000000000000e+00 0.000000000000000000e+00 0.000000000000000000e+00 0.000000000000000000e+00
2.000000000000000000e+05 4.999882166606539613e-02 0.000000000000000000e+00 1.000000000000000000e+00 0.000000000000000000e+00 0.000000000000000000e+00 0.000000000000000000e+00
2.040000000000000000e+05 5.099879809938667741e-02 0.000000000000000000e+00 1.000000000000000000e+00 0.000000000000000000e+00 0.000000000000000000e+00 0.000000000000000000e+00
2.080000000000000000e+05 5.199877453270795868e-02 0.000000000000000000e+00 1.000000000000000000e+00 0.000000000000000000e+00 0.000000000000000000e+00 0.000000000000000000e+00
2.120000000000000000e+05 5.299875096602923996e-02 0.000000000000000000e+00 1.000000000000000000e+00 0.000000000000000000e+00 0.000000000000000000e+00 0.000000000000000000e+00
2.160000000000000000e+05 5.399872739935052124e-02 0.000000000000000000e+00 1.000000000000000000e+00 0.000000000000000000e+00 0.000000000000000000e+00 0.000000000000000000e+00
2.200000000000000000e+05 5.499870383267202456e-02 0.000000000000000000e+00 1.000000000000000000e+00 0.000000000000000000e+00 0.000000000000000000e+00 0.000000000000000000e+00
2.240000000000000000e+05 5.599868026599330584e-02 0.000000000000000000e+00 1.000000000000000000e+00 0.000000000000000000e+00 0.000000000000000000e+00 0.000000000000000000e+00
2.280000000000000000e+05 5.699865669931458712e-02 0.000000000000000000e+00 1.000000000000000000e+00 0.000000000000000000e+00 0.000000000000000000e+00 0.000000000000000000e+00
2.320000000000000000e+05 5.799863313263586839e-02 0.000000000000000000e+00 1.000000000000000000e+00 0.000000000000000000e+00 0.000000000000000000e+00 0.000000000000000000e+00
2.360000000000000000e+05 5.899860956595714967e-02 0.000000000000000000e+00 1.000000000000000000e+00 0.000000000000000000e+00 0.000000000000000000e+00 0.000000000000000000e+00
2.400000000000000000e+05 5.999858599927843095e-02 1.137915339098771066e-04 9.998862084660901095e-01 0.000000000000000000e+00 0.000000000000000000e+00 0.000000000000000000e+00
2.440000000000000000e+05 6.099856243259971222e-02 0.000000000000000000e+00 1.000000000000000000e+00 0.000000000000000000e+00 0.000000000000000000e+00 0.000000000000000000e+00
2.480000000000000000e+05 6.199853886592099350e-02 0.000000000000000000e+00 1.000000000000000000e+00 0.000000000000000000e+00 0.000000000000000000e+00 0.000000000000000000e+00
2.520000000000000000e+05 6.299851529924227478e-02 0.000000000000000000e+00 1.000000000000000000e+00 0.000000000000000000e+00 0.000000000000000000e+00 0.000000000000000000e+00
2.560000000000000000e+05 6.399849173256377810e-02 0.000000000000000000e+00 1.000000000000000000e+00 0.000000000000000000e+00 0.000000000000000000e+00 0.000000000000000000e+00
2.600000000000000000e+05 6.499846816588505938e-02 0.000000000000000000e+00 1.000000000000000000e+00 0.000000000000000000e+00 0.000000000000000000e+00 0.000000000000000000e+00
2.640000000000000000e+05 6.599844459920634065e-02 0.000000000000000000e+00 1.000000000000000000e+00 0.000000000000000000e+00 0.000000000000000000e+00 0.000000000000000000e+00
2.680000000000000000e+05 6.699842103252762193e-02 0.000000000000000000e+00 1.000000000000000000e+00 0.000000000000000000e+00 0.000000000000000000e+00 0.000000000000000000e+00
2.720000000000000000e+05 6.799839746584890321e-02 2.275830678197542133e-04 9.997724169321802190e-01 0.000000000000000000e+00 0.000000000000000000e+00 0.000000000000000000e+00
2.760000000000000000e+05 6.899837389917018449e-02 0.000000000000000000e+00 1.000000000000000000e+00 0.000000000000000000e+00 0.000000000000000000e+00 0.000000000000000000e+00
2.800000000000000000e+05 6.999835033249146576e-02 0.000000000000000000e+00 1.000000000000000000e+00 0.000000000000000000e+00 0.000000000000000000e+00 0.000000000000000000e+00
2.840000000000000000e+05 7.099832676581274704e-02 0.000000000000000000e+00 1.000000000000000000e+00 0.000000000000000000e+00 0.000000000000000000e+00 0.000000000000000000e+00
2.880000000000000000e+05 7.199830319913425036e-02 3.413746017296313199e-04 9.996586253982703285e-01 0.000000000000000000e+00 0.000000000000000000e+00 0.000000000000000000e+00
2.920000000000000000e+05 7.299827963245553164e-02 1.137915339098771066e-04 9.998862084660901095e-01 0.000000000000000000e+00 0.000000000000000000e+00 0.000000000000000000e+00
2.960000000000000000e+05 7.399825606577681292e-02 1.137915339098771066e-04 9.998862084660901095e-01 0.000000000000000000e+00 0.000000000000000000e+00 0.000000000000000000e+00
3.000000000000000000e+05 7.499823249909809419e-02 0.000000000000000000e+00 1.000000000000000000e+00 0.000000000000000000e+00 0.000000000000000000e+00 0.000000000000000000e+00
3.040000000000000000e+05 7.599820893241937547e-02 4.551661356395084266e-04 9.995448338643604380e-01 0.000000000000000000e+00 0.000000000000000000e+00 0.000000000000000000e+00
3.080000000000000000e+05 7.699818536574065675e-02 3.413746017296313199e-04 9.996586253982703285e-01 0.000000000000000000e+00 0.000000000000000000e+00 0.000000000000000000e+00
3.120000000000000000e+05 7.799816179906193803e-02 3.413746017296313199e-04 9.996586253982703285e-01 0.000000000000000000e+00 0.000000000000000000e+00 0.000000000000000000e+00
3.160000000000000000e+05 7.899813823238321930e-02 2.275830678197542133e-04 9.997724169321802190e-01 0.000000000000000000e+00 0.000000000000000000e+00 0.000000000000000000e+00
3.200000000000000000e+05 7.999811466570472263e-02 0.000000000000000000e+00 1.000000000000000000e+00 0.000000000000000000e+00 0.000000000000000000e+00 0.000000000000000000e+00
3.240000000000000000e+05 8.099809109902600390e-02 1.137915339098771066e-04 9.998862084660901095e-01 0.000000000000000000e+00 0.000000000000000000e+00 0.000000000000000000e+00
3.280000000000000000e+05 8.199806753234728518e-02 1.251706873008648227e-03 9.987482931269913156e-01 0.000000000000000000e+00 0.000000000000000000e+00 0.000000000000000000e+00
3.320000000000000000e+05 8.299804396566856646e-02 2.275830678197542133e-04 9.997724169321802190e-01 0.000000000000000000e+00 0.000000000000000000e+00 0.000000000000000000e+00
3.360000000000000000e+05 8.399802039898984773e-02 3.413746017296313199e-04 9.996586253982703285e-01 0.000000000000000000e+00 0.000000000000000000e+00 0.000000000000000000e+00
3.400000000000000000e+05 8.499799683231112901e-02 4.551661356395084266e-04 9.995448338643604380e-01 0.000000000000000000e+00 0.000000000000000000e+00 0.000000000000000000e+00
3.440000000000000000e+05 8.599797326563241029e-02 3.413746017296313199e-04 9.996586253982703285e-01 0.000000000000000000e+00 0.000000000000000000e+00 0.000000000000000000e+00
3.480000000000000000e+05 8.699794969895369157e-02 7.965407373691396923e-04 9.990896677287209870e-01 0.000000000000000000e+00 1.137915339098771066e-04 0.000000000000000000e+00
3.520000000000000000e+05 8.799792613227497284e-02 3.413746017296313199e-04 9.996586253982703285e-01 0.000000000000000000e+00 0.000000000000000000e+00 0.000000000000000000e+00
3.560000000000000000e+05 8.899790256559647617e-02 1.137915339098771066e-04 9.997724169321802190e-01 0.000000000000000000e+00 1.137915339098771066e-04 0.000000000000000000e+00
3.600000000000000000e+05 8.999787899891775744e-02 1.365498406918525280e-03 9.986345015930814251e-01 0.000000000000000000e+00 0.000000000000000000e+00 0.000000000000000000e+00
3.640000000000000000e+05 9.099785543223903872e-02 6.827492034592626399e-04 9.992034592626308775e-01 0.000000000000000000e+00 1.137915339098771066e-04 0.000000000000000000e+00
3.680000000000000000e+05 9.199783186556032000e-02 2.162039144287664864e-03 9.978379608557123026e-01 0.000000000000000000e+00 0.000000000000000000e+00 0.000000000000000000e+00
3.720000000000000000e+05 9.299780829888160127e-02 1.934456076467910759e-03 9.979517523896221931e-01 0.000000000000000000e+00 1.137915339098771066e-04 0.000000000000000000e+00
3.760000000000000000e+05 9.399778473220288255e-02 6.827492034592626399e-04 9.993172507965407680e-01 0.000000000000000000e+00 0.000000000000000000e+00 0.000000000000000000e+00
3.800000000000000000e+05 9.499776116552416383e-02 2.389622212107419402e-03 9.976103777878926326e-01 0.000000000000000000e+00 0.000000000000000000e+00 0.000000000000000000e+00
3.840000000000000000e+05 9.599773759884544511e-02 6.827492034592626399e-04 9.992034592626308775e-01 0.000000000000000000e+00 1.137915339098771066e-04 0.000000000000000000e+00
3.880000000000000000e+05 9.699771403216694843e-02 1.593081474738279385e-03 9.982931269913518646e-01 0.000000000000000000e+00 1.137915339098771066e-04 0.000000000000000000e+00
3.920000000000000000e+05 9.799769046548822971e-02 1.251706873008648227e-03 9.987482931269913156e-01 0.000000000000000000e+00 0.000000000000000000e+00 0.000000000000000000e+00
3.960000000000000000e+05 9.899766689880951098e-02 2.617205279927173507e-03 9.970414201183431802e-01 0.000000000000000000e+00 3.413746017296313199e-04 0.000000000000000000e+00
4.000000000000000000e+05 9.999764333213079226e-02 2.503413746017296455e-03 9.974965862539827421e-01 0.000000000000000000e+00 0.000000000000000000e+00 0.000000000000000000e+00
4.040000000000000000e+05 1.009976197654520735e-01 2.958579881656804664e-03 9.968138370505233992e-01 0.000000000000000000e+00 2.275830678197542133e-04 0.000000000000000000e+00
4.080000000000000000e+05 1.019975961987733548e-01 2.389622212107419402e-03 9.973827947200728516e-01 0.000000000000000000e+00 2.275830678197542133e-04 0.000000000000000000e+00
4.120000000000000000e+05 1.029975726320946361e-01 6.713700500682749130e-03 9.923759672280382249e-01 0.000000000000000000e+00 9.103322712790168532e-04 0.000000000000000000e+00
4.160000000000000000e+05 1.039975490654159174e-01 5.234410559854347014e-03 9.943104233045061413e-01 0.000000000000000000e+00 4.551661356395084266e-04 0.000000000000000000e+00
4.200000000000000000e+05 1.049975254987371986e-01 5.917159763313609329e-03 9.932862994993172379e-01 0.000000000000000000e+00 7.965407373691396923e-04 0.000000000000000000e+00
4.240000000000000000e+05 1.059975019320587020e-01 5.917159763313609329e-03 9.936276741010469093e-01 0.000000000000000000e+00 4.551661356395084266e-04 0.000000000000000000e+00
4.280000000000000000e+05 1.069974783653799832e-01 4.949931725079653733e-02 6.521392808375057193e-01 2.971096950386891145e-01 1.251706873008648227e-03 0.000000000000000000e+00
4.320000000000000000e+05 1.079974547987012645e-01 4.858898497951752438e-02 6.536185707783340737e-01 2.977924442421484019e-01 0.000000000000000000e+00 0.000000000000000000e+00
4.360000000000000000e+05 1.089974312320225458e-01 4.654073736913973830e-02 6.533909877105142927e-01 2.997269003186163183e-01 3.413746017296313199e-04 0.000000000000000000e+00
4.400000000000000000e+05 1.099974076653438271e-01 4.733727810650887463e-02 6.538461538461538547e-01 2.988165680473373054e-01 0.000000000000000000e+00 0.000000000000000000e+00
4.440000000000000000e+05 1.109973840986651084e-01 4.904415111515703085e-02 6.523668639053253893e-01 2.984751934456076339e-01 1.137915339098771066e-04 0.000000000000000000e+00
4.480000000000000000e+05 1.119973605319863896e-01 4.847519344560764776e-02 6.530496131087847322e-01 2.983614019116977434e-01 1.137915339098771066e-04 0.000000000000000000e+00
4.520000000000000000e+05 1.129973369653076709e-01 4.870277651342740100e-02 6.527082385070550608e-01 2.980200273099681274e-01 5.689576695493854790e-04 0.000000000000000000e+00
4.560000000000000000e+05 1.139973133986291742e-01 4.938552571688666071e-02 6.525944469731451703e-01 2.980200273099681274e-01 0.000000000000000000e+00 0.000000000000000000e+00
4.600000000000000000e+05 1.149972898319504555e-01 5.029585798816568060e-02 6.522530723714156098e-01 2.973372781065088954e-01 1.137915339098771066e-04 0.000000000000000000e+00
4.640000000000000000e+05 1.159972662652717368e-01 4.756486117432862787e-02 6.536185707783340737e-01 2.983614019116977434e-01 4.551661356395084266e-04 0.000000000000000000e+00
4.680000000000000000e+05 1.169972426985930181e-01 6.224396904870277414e-02 7.138142922166590409e-01 2.232589895311788697e-01 6.827492034592626399e-04 0.000000000000000000e+00
4.720000000000000000e+05 1.179972191319142993e-01 7.134729176149294527e-02 6.503186162949476934e-01 2.736686390532544477e-01 4.665452890304961318e-03 0.000000000000000000e+00
4.760000000000000000e+05 1.189971955652355806e-01 6.952662721893490549e-02 6.507737824305871444e-01 2.757168866636321991e-01 3.982703686845699004e-03 0.000000000000000000e+00
4.800000000000000000e+05 1.199971719985568619e-01 6.964041875284478211e-02 6.512289485662267063e-01 2.745789713245334607e-01 4.551661356395083832e-03 0.000000000000000000e+00
4.840000000000000000e+05 1.209971484318781432e-01 6.850250341374601593e-02 6.504324078288575839e-01 2.750341374601729671e-01 6.030951297223486815e-03 0.000000000000000000e+00
4.880000000000000000e+05 1.219971248651994244e-01 7.237141556668183484e-02 6.486117432862994470e-01 2.740100136549840637e-01 5.006827492034592909e-03 0.000000000000000000e+00
4.920000000000000000e+05 1.229971012985209278e-01 7.316795630405098505e-02 6.490669094219390090e-01 2.735548475193445572e-01 4.210286754665453109e-03 0.000000000000000000e+00
4.960000000000000000e+05 1.239970777318422090e-01 7.419208010923987462e-02 6.478152025489303245e-01 2.732134729176149412e-01 4.779244424214838804e-03 0.000000000000000000e+00
5.000000000000000000e+05 1.249970541651634903e-01 7.305416477014110843e-02 6.486117432862994470e-01 2.737824305871643382e-01 4.551661356395083832e-03 0.000000000000000000e+00
5.040000000000000000e+05 1.259970305984847716e-01 7.157487482931269851e-02 6.482703686845698865e-01 2.758306781975420896e-01 4.324078288575329727e-03 0.000000000000000000e+00
5.080000000000000000e+05 1.269970070318060529e-01 6.952662721893490549e-02 6.499772416932180219e-01 2.746927628584433512e-01 5.803368229403732710e-03 0.000000000000000000e+00
5.120000000000000000e+05 1.279969834651273342e-01 7.271279016841146470e-02 6.499772416932180219e-01 2.729858898497951603e-01 4.324078288575329727e-03 0.000000000000000000e+00
5.160000000000000000e+05 1.289969598984486154e-01 7.225762403277195822e-02 6.489531178880291185e-01 2.746927628584433512e-01 4.096495220755575623e-03 0.000000000000000000e+00
5.200000000000000000e+05 1.299969363317698967e-01 7.362312243969049153e-02 6.477014110150204340e-01 2.728720983158853253e-01 5.803368229403732710e-03 0.000000000000000000e+00
5.240000000000000000e+05 1.309969127650914000e-01 7.168866636322257513e-02 6.488393263541192280e-01 2.738962221210741732e-01 5.575785161583977738e-03 0.000000000000000000e+00
5.280000000000000000e+05 1.319968891984126813e-01 7.214383249886208160e-02 6.488393263541192280e-01 2.734410559854346667e-01 5.575785161583977738e-03 0.000000000000000000e+00
5.320000000000000000e+05 1.329968656317339626e-01 7.350933090578061491e-02 6.492944924897587899e-01 2.729858898497951603e-01 4.210286754665453109e-03 0.000000000000000000e+00
5.360000000000000000e+05 1.339968420650552439e-01 7.339553937187073829e-02 6.484979517523896675e-01 2.719617660446062568e-01 6.144742831133363434e-03 0.000000000000000000e+00
5.400000000000000000e+05 1.349968184983765251e-01 7.464724624487938109e-02 6.480427856167501055e-01 2.719617660446062568e-01 5.348202093764223633e-03 0.000000000000000000e+00
5.440000000000000000e+05 1.359967949316978064e-01 7.214383249886208160e-02 6.495220755575785709e-01 2.726445152480655443e-01 5.689576695493855224e-03 0.000000000000000000e+00
5.480000000000000000e+05 1.369967713650190877e-01 7.111970869367319203e-02 6.488393263541192280e-01 2.741238051888939542e-01 5.917159763313609329e-03 0.000000000000000000e+00
5.520000000000000000e+05 1.379967477983403690e-01 7.624032771961765376e-02 6.488393263541192280e-01 2.702548930359581214e-01 4.665452890304961318e-03 0.000000000000000000e+00
5.560000000000000000e+05 1.389967242316618723e-01 7.282658170232134132e-02 6.473600364132908735e-01 2.718479745106964218e-01 7.965407373691398007e-03 0.000000000000000000e+00
5.600000000000000000e+05 1.399967006649831536e-01 7.419208010923987462e-02 6.475876194811106545e-01 2.718479745106964218e-01 6.372325898953117539e-03 0.000000000000000000e+00
5.640000000000000000e+05 1.409966770983044348e-01 7.760582612653618706e-02 6.461083295402821891e-01 2.704824761037779024e-01 5.803368229403732710e-03 0.000000000000000000e+00
5.680000000000000000e+05 1.419966535316257161e-01 7.487482931269913433e-02 6.481565771506599960e-01 2.703686845698680119e-01 6.599908966772872511e-03 0.000000000000000000e+00
5.720000000000000000e+05 1.429966299649469974e-01 7.498862084660901095e-02 6.463359126081019701e-01 2.727583067819754348e-01 5.917159763313609329e-03 0.000000000000000000e+00
5.760000000000000000e+05 1.439966063982682787e-01 7.578516158397814728e-02 6.465634956759217511e-01 2.704824761037779024e-01 7.168866636322257339e-03 0.000000000000000000e+00
5.800000000000000000e+05 1.449965828315895600e-01 7.521620391442876419e-02 6.486117432862994470e-01 2.700273099681383959e-01 6.144742831133363434e-03 0.000000000000000000e+00
5.840000000000000000e+05 1.459965592649108412e-01 7.601274465179790052e-02 6.472462448793809831e-01 2.694583522985889990e-01 7.282658170232134826e-03 0.000000000000000000e+00
5.880000000000000000e+05 1.469965356982321225e-01 7.999544833864360993e-02 6.454255803368229572e-01 2.663859808830222886e-01 8.192990441511151245e-03 0.000000000000000000e+00
5.920000000000000000e+05 1.479965121315536258e-01 7.840236686390532339e-02 6.469048702776513116e-01 2.691169776968593275e-01 5.575785161583977738e-03 0.000000000000000000e+00
5.960000000000000000e+05 1.489964885648749071e-01 7.840236686390532339e-02 6.554392353208920996e-01 2.601274465179790885e-01 6.030951297223486815e-03 0.000000000000000000e+00
6.000000000000000000e+05 1.499964649981961884e-01 8.113336367774237612e-02 6.516841147018661573e-01 2.604688211197087044e-01 6.713700500682749130e-03 0.000000000000000000e+00
6.040000000000000000e+05 1.509964414315174697e-01 7.726445152480655720e-02 6.552116522530723186e-01 2.594446973145198010e-01 8.079198907601274626e-03 0.000000000000000000e+00
6.080000000000000000e+05 1.519964178648387509e-01 8.113336367774237612e-02 6.549840691852526486e-01 2.554619936276740777e-01 8.420573509330906217e-03 0.000000000000000000e+00
6.120000000000000000e+05 1.529963942981600322e-01 7.976786527082385669e-02 6.540737369139736357e-01 2.589895311788802945e-01 7.168866636322257339e-03 0.000000000000000000e+00
6.160000000000000000e+05 1.539963707314813135e-01 7.919890760127445972e-02 6.547564861174328676e-01 2.587619481110605135e-01 7.282658170232134826e-03 0.000000000000000000e+00
6.200000000000000000e+05 1.549963471648025948e-01 8.113336367774237612e-02 6.609012289485661773e-01 2.514792899408284099e-01 6.486117432862995025e-03 0.000000000000000000e+00
6.240000000000000000e+05 1.559963235981240981e-01 8.295402822030041590e-02 6.595357305416477134e-01 2.503413746017296160e-01 7.168866636322257339e-03 0.000000000000000000e+00
6.280000000000000000e+05 1.569963000314453794e-01 8.249886208466089554e-02 6.594219390077378229e-01 2.517068730086481354e-01 6.372325898953117539e-03 0.000000000000000000e+00
6.320000000000000000e+05 1.579962764647666607e-01 8.579881656804733137e-02 6.569185252617205650e-01 2.473827947200728239e-01 9.899863450159307465e-03 0.000000000000000000e+00
6.360000000000000000e+05 1.589962528980879419e-01 8.272644515248064878e-02 6.573736913973600160e-01 2.502275830678197810e-01 9.672280382339554228e-03 0.000000000000000000e+00
6.400000000000000000e+05 1.599962293314092232e-01 8.261265361857077216e-02 6.585116067364588099e-01 2.503413746017296160e-01 8.534365043240782836e-03 0.000000000000000000e+00
6.440000000000000000e+05 1.609962057647305045e-01 8.739189804278561791e-02 6.583978152025489194e-01 2.449931725079654010e-01 9.217114246700046018e-03 0.000000000000000000e+00
6.480000000000000000e+05 1.619961821980517858e-01 8.761948111060537114e-02 6.580564406008192480e-01 2.459035047792444140e-01 8.420573509330906217e-03 0.000000000000000000e+00
6.520000000000000000e+05 1.629961586313730670e-01 8.591260810195720798e-02 6.586253982703687004e-01 2.452207555757851543e-01 1.024123805188893906e-02 0.000000000000000000e+00
6.560000000000000000e+05 1.639961350646943483e-01 8.784706417842512438e-02 6.585116067364588099e-01 2.456759217114246607e-01 7.965407373691398007e-03 0.000000000000000000e+00
6.600000000000000000e+05 1.649961114980158516e-01 9.182976786527081992e-02 6.560081929904415521e-01 2.434000910332271284e-01 8.761948111060537808e-03 0.000000000000000000e+00
6.640000000000000000e+05 1.659960879313371329e-01 8.898497951752389057e-02 6.599908966772871644e-01 2.398725534820209393e-01 1.115157032316795548e-02 0.000000000000000000e+00
6.680000000000000000e+05 1.669960643646584142e-01 8.693673190714611143e-02 6.620391442876649712e-01 2.430587164314974846e-01 7.965407373691398007e-03 0.000000000000000000e+00
6.720000000000000000e+05 1.679960407979796955e-01 9.205735093309057315e-02 6.604460628129267263e-01 2.377105143377332697e-01 9.786071916249430847e-03 0.000000000000000000e+00
6.760000000000000000e+05 1.689960172313009767e-01 9.854346836595356818e-02 6.523668639053253893e-01 2.361174328629949970e-01 1.297223486572599005e-02 0.000000000000000000e+00
6.800000000000000000e+05 1.699959936646222580e-01 1.017296313154301274e-01 6.513427401001365968e-01 2.321347291761493015e-01 1.479289940828402289e-02 0.000000000000000000e+00
6.840000000000000000e+05 1.709959700979435393e-01 1.025261720527992776e-01 6.496358670914883504e-01 2.332726445152480677e-01 1.456531634046426965e-02 0.000000000000000000e+00
6.880000000000000000e+05 1.719959465312648206e-01 1.260810195721438209e-01 6.774010013654984119e-01 1.911697769685935244e-01 5.348202093764223633e-03 0.000000000000000000e+00
6.920000000000000000e+05 1.729959229645863239e-01 1.260810195721438209e-01 6.934456076467910846e-01 1.747837960855712358e-01 5.689576695493855224e-03 0.000000000000000000e+00
6.960000000000000000e+05 1.739958993979076052e-01 1.081019572143832458e-01 7.365725989986344757e-01 1.517979062357760478e-01 3.527537551206190360e-03 0.000000000000000000e+00
7.000000000000000000e+05 1.749958758312288865e-01 1.085571233500227523e-01 7.469276285844332897e-01 1.415566681838871244e-01 2.958579881656804664e-03 0.000000000000000000e+00
7.040000000000000000e+05 1.759958522645501677e-01 1.063950842057350965e-01 7.500000000000000000e-01 1.407601274465179741e-01 2.844788347746927612e-03 0.000000000000000000e+00
7.080000000000000000e+05 1.769958286978714490e-01 1.088984979517523960e-01 7.487482931269913156e-01 1.403049613108784677e-01 2.048247610377787811e-03 0.000000000000000000e+00
7.120000000000000000e+05 1.779958051311927303e-01 1.092398725534820259e-01 7.487482931269913156e-01 1.399635867091488517e-01 2.048247610377787811e-03 0.000000000000000000e+00
7.160000000000000000e+05 1.789957815645140116e-01 1.127674101046882149e-01 7.478379608557123026e-01 1.365498406918525254e-01 2.844788347746927612e-03 0.000000000000000000e+00
7.200000000000000000e+05 1.799957579978352928e-01 1.106053709604005453e-01 7.474965862539827421e-01 1.397360036413290985e-01 2.162039144287664864e-03 0.000000000000000000e+00
7.240000000000000000e+05 1.809957344311567962e-01 1.100364132908511622e-01 7.494310423304506585e-01 1.371187983614019223e-01 3.413746017296313308e-03 0.000000000000000000e+00
7.280000000000000000e+05 1.819957108644780774e-01 1.099226217569412856e-01 7.474965862539827421e-01 1.393946290395994547e-01 3.186162949476558769e-03 0.000000000000000000e+00
7.320000000000000000e+05 1.829956872977993587e-01 1.107191624943104219e-01 7.487482931269913156e-01 1.366636322257624159e-01 3.868912152935821518e-03 0.000000000000000000e+00
7.360000000000000000e+05 1.839956637311206400e-01 1.084433318161128756e-01 7.500000000000000000e-01 1.375739644970414288e-01 3.982703686845699004e-03 0.000000000000000000e+00
7.400000000000000000e+05 1.849956401644419213e-01 1.100364132908511622e-01 7.480655439235320836e-01 1.375739644970414288e-01 4.324078288575329727e-03 0.000000000000000000e+00
7.440000000000000000e+05 1.859956165977632025e-01 1.125398270368684617e-01 7.477241693218024121e-01 1.366636322257624159e-01 3.072371415566681717e-03 0.000000000000000000e+00
7.480000000000000000e+05 1.869955930310844838e-01 1.086709148839326289e-01 7.498862084660901095e-01 1.379153390987710448e-01 3.527537551206190360e-03 0.000000000000000000e+00
7.520000000000000000e+05 1.879955694644057651e-01 1.110605370960400518e-01 7.488620846609012061e-01 1.359808830223031284e-01 4.096495220755575623e-03 0.000000000000000000e+00
7.560000000000000000e+05 1.889955458977270464e-01 1.114019116977696816e-01 7.480655439235320836e-01 1.370050068274920319e-01 3.527537551206190360e-03 0.000000000000000000e+00
7.600000000000000000e+05 1.899955223310485497e-01 1.042330450614474269e-01 7.536413290851160518e-01 1.397360036413290985e-01 2.389622212107419402e-03 0.000000000000000000e+00
7.640000000000000000e+05 1.909954987643698310e-01 1.032089212562585373e-01 7.547792444242148457e-01 1.404187528447883582e-01 1.593081474738279385e-03 0.000000000000000000e+00
7.680000000000000000e+05 1.919954751976911123e-01 1.026399635867091542e-01 7.538689121529358328e-01 1.412152935821574806e-01 2.275830678197541916e-03 0.000000000000000000e+00
7.720000000000000000e+05 1.929954516310123935e-01 1.069640418752844796e-01 7.497724169321802190e-01 1.407601274465179741e-01 2.503413746017296455e-03 0.000000000000000000e+00
7.760000000000000000e+05 1.939954280643336748e-01 1.063950842057350965e-01 7.488620846609012061e-01 1.418980427856167403e-01 2.844788347746927612e-03 0.000000000000000000e+00
7.800000000000000000e+05 1.949954044976549561e-01 1.058261265361857134e-01 7.492034592626308775e-01 1.431497496586253970e-01 1.820664542558033706e-03 0.000000000000000000e+00
7.840000000000000000e+05 1.959953809309762374e-01 1.068502503413746030e-01 7.474965862539827421e-01 1.433773327264451503e-01 2.275830678197541916e-03 0.000000000000000000e+00
7.880000000000000000e+05 1.969953573642975186e-01 1.061675011379153433e-01 7.477241693218024121e-01 1.436049157942649035e-01 2.503413746017296455e-03 0.000000000000000000e+00
7.920000000000000000e+05 1.979953337976190220e-01 1.057123350022758368e-01 7.473827947200728516e-01 1.440600819299044100e-01 2.844788347746927612e-03 0.000000000000000000e+00
7.960000000000000000e+05 1.989953102309403032e-01 1.061675011379153433e-01 7.448793809740554828e-01 1.462221210741920796e-01 2.730996813837050560e-03 0.000000000000000000e+00
8.000000000000000000e+05 1.999952866642615845e-01 1.079881656804733692e-01 7.419208010923987739e-01 1.479289940828402428e-01 2.162039144287664864e-03 0.000000000000000000e+00
8.040000000000000000e+05 2.009952630975828658e-01 1.078743741465634925e-01 7.436276741010469093e-01 1.462221210741920796e-01 2.275830678197541916e-03 0.000000000000000000e+00
8.080000000000000000e+05 2.019952395309041471e-01 1.115157032316795582e-01 7.393035958124715146e-01 1.467910787437414766e-01 2.389622212107419402e-03 0.000000000000000000e+00
8.120000000000000000e+05 2.029952159642254284e-01 1.102639963586709154e-01 7.393035958124715146e-01 1.478152025489303523e-01 2.617205279927173507e-03 0.000000000000000000e+00
8.160000000000000000e+05 2.039951923975467096e-01 1.085571233500227523e-01 7.412380518889394310e-01 1.475876194811105990e-01 2.617205279927173507e-03 0.000000000000000000e+00
8.200000000000000000e+05 2.049951688308679909e-01 1.111743286299499284e-01 7.363450159308146947e-01 1.504324078288575284e-01 2.048247610377787811e-03 0.000000000000000000e+00
8.240000000000000000e+05 2.059951452641892722e-01 1.102639963586709154e-01 7.349795175238962308e-01 1.520254893035958010e-01 2.730996813837050560e-03 0.000000000000000000e+00
8.280000000000000000e+05 2.069951216975107755e-01 1.124260355029585851e-01 7.342967683204369989e-01 1.517979062357760478e-01 1.479289940828402332e-03 0.000000000000000000e+00
8.320000000000000000e+05 2.079950981308320568e-01 1.118570778334091881e-01 7.365725989986344757e-01 1.499772416932180219e-01 1.593081474738279385e-03 0.000000000000000000e+00
8.360000000000000000e+05 2.089950745641533381e-01 1.107191624943104219e-01 7.350933090578061213e-01 1.527082385070550885e-01 1.479289940828402332e-03 0.000000000000000000e+00
8.400000000000000000e+05 2.099950509974746193e-01 1.106053709604005453e-01 7.345243513882566688e-01 1.531634046426945950e-01 1.706873008648156654e-03 0.000000000000000000e+00
8.440000000000000000e+05 2.109950274307959006e-01 1.107191624943104219e-01 7.337278106508875464e-01 1.528220300409649512e-01 2.730996813837050560e-03 0.000000000000000000e+00
8.480000000000000000e+05 2.119950038641171819e-01 1.124260355029585851e-01 7.332726445152480954e-01 1.524806554392353075e-01 1.820664542558033706e-03 0.000000000000000000e+00
8.520000000000000000e+05 2.129949802974384632e-01 1.145880746472462408e-01 7.306554392353209471e-01 1.531634046426945950e-01 1.593081474738279385e-03 0.000000000000000000e+00
8.560000000000000000e+05 2.139949567307597444e-01 1.136777423759672279e-01 7.298588984979517136e-01 1.546426945835229771e-01 1.820664542558033706e-03 0.000000000000000000e+00
8.600000000000000000e+05 2.149949331640812478e-01 1.120846609012289552e-01 7.241693218024578549e-01 1.609012289485662328e-01 2.844788347746927612e-03 0.000000000000000000e+00
8.640000000000000000e+05 2.159949095974025290e-01 1.126536185707783383e-01 7.209831588529813651e-01 1.629494765589440120e-01 3.413746017296313308e-03 0.000000000000000000e+00
8.680000000000000000e+05 2.169948860307238103e-01 1.129949931725079681e-01 7.213245334547109255e-01 1.621529358215748617e-01 3.527537551206190360e-03 0.000000000000000000e+00
8.720000000000000000e+05 2.179948624640450916e-01 1.107191624943104219e-01 7.249658625398270884e-01 1.610150204824760956e-01 3.299954483386436255e-03 0.000000000000000000e+00
8.760000000000000000e+05 2.189948388973663729e-01 1.134501593081474746e-01 7.205279927173418031e-01 1.622667273554847522e-01 3.755120619025944465e-03 0.000000000000000000e+00
8.800000000000000000e+05 2.199948153306876542e-01 1.127674101046882149e-01 7.245106964041875264e-01 1.609012289485662328e-01 1.820664542558033706e-03 0.000000000000000000e+00
8.840000000000000000e+05 2.209947917640089354e-01 1.100364132908511622e-01 7.232589895311788419e-01 1.629494765589440120e-01 3.755120619025944465e-03 0.000000000000000000e+00
8.880000000000000000e+05 2.219947681973302167e-01 1.116294947655894348e-01 7.247382794720073074e-01 1.599908966772872199e-01 3.641329085116067413e-03 0.000000000000000000e+00
8.920000000000000000e+05 2.229947446306514980e-01 1.144742831133363642e-01 7.214383249886208160e-01 1.604460628129267263e-01 3.641329085116067413e-03 0.000000000000000000e+00
8.960000000000000000e+05 2.239947210639730013e-01 1.168639053254437871e-01 7.214383249886208160e-01 1.596495220755575761e-01 2.048247610377787811e-03 0.000000000000000000e+00
9.000000000000000000e+05 2.249946974972942826e-01 1.162949476558944040e-01 7.216659080564405970e-01 1.583978152025489194e-01 3.641329085116067413e-03 0.000000000000000000e+00
9.040000000000000000e+05 2.259946739306155639e-01 1.153846153846153910e-01 7.192762858443332297e-01 1.619253527537551085e-01 3.413746017296313308e-03 0.000000000000000000e+00
9.080000000000000000e+05 2.269946503639368451e-01 1.189121529358215801e-01 7.147246244879380539e-01 1.629494765589440120e-01 3.413746017296313308e-03 0.000000000000000000e+00
