# itime ezz other fcc hcp bcc ico
0.000000000000000000e+00 0.000000000000000000e+00 0.000000000000000000e+00 1.000000000000000000e+00 0.000000000000000000e+00 0.000000000000000000e+00 0.000000000000000000e+00
8.000000000000000000e+03 1.999985363887013534e-03 0.000000000000000000e+00 1.000000000000000000e+00 0.000000000000000000e+00 0.000000000000000000e+00 0.000000000000000000e+00
1.600000000000000000e+04 3.999970727774249113e-03 0.000000000000000000e+00 1.000000000000000000e+00 0.000000000000000000e+00 0.000000000000000000e+00 0.000000000000000000e+00
2.400000000000000000e+04 5.999956091661262647e-03 0.000000000000000000e+00 1.000000000000000000e+00 0.000000000000000000e+00 0.000000000000000000e+00 0.000000000000000000e+00
3.200000000000000000e+04 7.999941455548498226e-03 0.000000000000000000e+00 1.000000000000000000e+00 0.000000000000000000e+00 0.000000000000000000e+00 0.000000000000000000e+00
4.000000000000000000e+04 9.999926819435511760e-03 0.000000000000000000e+00 1.000000000000000000e+00 0.000000000000000000e+00 0.000000000000000000e+00 0.000000000000000000e+00
4.800000000000000000e+04 1.199991218332252529e-02 0.000000000000000000e+00 1.000000000000000000e+00 0.000000000000000000e+00 0.000000000000000000e+00 0.000000000000000000e+00
5.600000000000000000e+04 1.399989754720976087e-02 0.000000000000000000e+00 1.000000000000000000e+00 0.000000000000000000e+00 0.000000000000000000e+00 0.000000000000000000e+00
6.400000000000000000e+04 1.599988291109677441e-02 0.000000000000000000e+00 1.000000000000000000e+00 0.000000000000000000e+00 0.000000000000000000e+00 0.000000000000000000e+00
7.200000000000000000e+04 1.799986827498400999e-02 0.000000000000000000e+00 1.000000000000000000e+00 0.000000000000000000e+00 0.000000000000000000e+00 0.000000000000000000e+00
8.000000000000000000e+04 1.999985363887102352e-02 0.000000000000000000e+00 1.000000000000000000e+00 0.000000000000000000e+00 0.000000000000000000e+00 0.000000000000000000e+00
8.800000000000000000e+04 2.199983900275803705e-02 0.000000000000000000e+00 1.000000000000000000e+00 0.000000000000000000e+00 0.000000000000000000e+00 0.000000000000000000e+00
9.600000000000000000e+04 2.399982436664527263e-02 0.000000000000000000e+00 1.000000000000000000e+00 0.000000000000000000e+00 0.000000000000000000e+00 0.000000000000000000e+00
1.040000000000000000e+05 2.599980973053228617e-02 0.000000000000000000e+00 1.000000000000000000e+00 0.000000000000000000e+00 0.000000000000000000e+00 0.000000000000000000e+00
1.120000000000000000e+05 2.799979509441952175e-02 0.000000000000000000e+00 1.000000000000000000e+00 0.000000000000000000e+00 0.000000000000000000e+00 0.000000000000000000e+00
1.200000000000000000e+05 2.999978045830653528e-02 0.000000000000000000e+00 1.000000000000000000e+00 0.000000000000000000e+00 0.000000000000000000e+00 0.000000000000000000e+00
1.280000000000000000e+05 3.199976582219354881e-02 0.000000000000000000e+00 1.000000000000000000e+00 0.000000000000000000e+00 0.000000000000000000e+00 0.000000000000000000e+00
1.360000000000000000e+05 3.399975118608078439e-02 0.000000000000000000e+00 1.000000000000000000e+00 0.000000000000000000e+00 0.000000000000000000e+00 0.000000000000000000e+00
1.440000000000000000e+05 3.599973654996779793e-02 0.000000000000000000e+00 1.000000000000000000e+00 0.000000000000000000e+00 0.000000000000000000e+00 0.000000000000000000e+00
1.520000000000000000e+05 3.799972191385503351e-02 0.000000000000000000e+00 1.000000000000000000e+00 0.000000000000000000e+00 0.000000000000000000e+00 0.000000000000000000e+00
1.600000000000000000e+05 3.999970727774204704e-02 0.000000000000000000e+00 1.000000000000000000e+00 0.000000000000000000e+00 0.000000000000000000e+00 0.000000000000000000e+00
1.680000000000000000e+05 4.199969264162906057e-02 0.000000000000000000e+00 1.000000000000000000e+00 0.000000000000000000e+00 0.000000000000000000e+00 0.000000000000000000e+00
1.760000000000000000e+05 4.399967800551629615e-02 0.000000000000000000e+00 1.000000000000000000e+00 0.000000000000000000e+00 0.000000000000000000e+00 0.000000000000000000e+00
1.840000000000000000e+05 4.599966336940330969e-02 0.000000000000000000e+00 1.000000000000000000e+00 0.000000000000000000e+00 0.000000000000000000e+00 0.000000000000000000e+00
1.920000000000000000e+05 4.799964873329054527e-02 0.000000000000000000e+00 1.000000000000000000e+00 0.000000000000000000e+00 0.000000000000000000e+00 0.000000000000000000e+00
2.000000000000000000e+05 4.999963409717755880e-02 0.000000000000000000e+00 1.000000000000000000e+00 0.000000000000000000e+00 0.000000000000000000e+00 0.000000000000000000e+00
2.080000000000000000e+05 5.199961946106479438e-02 0.000000000000000000e+00 1.000000000000000000e+00 0.000000000000000000e+00 0.000000000000000000e+00 0.000000000000000000e+00
2.160000000000000000e+05 5.399960482495180791e-02 0.000000000000000000e+00 1.000000000000000000e+00 0.000000000000000000e+00 0.000000000000000000e+00 0.000000000000000000e+00
2.240000000000000000e+05 5.599959018883882145e-02 0.000000000000000000e+00 1.000000000000000000e+00 0.000000000000000000e+00 0.000000000000000000e+00 0.000000000000000000e+00
2.320000000000000000e+05 5.799957555272605703e-02 0.000000000000000000e+00 1.000000000000000000e+00 0.000000000000000000e+00 0.000000000000000000e+00 0.000000000000000000e+00
2.400000000000000000e+05 5.999956091661307056e-02 0.000000000000000000e+00 1.000000000000000000e+00 0.000000000000000000e+00 0.000000000000000000e+00 0.000000000000000000e+00
2.480000000000000000e+05 6.199954628050030614e-02 0.000000000000000000e+00 1.000000000000000000e+00 0.000000000000000000e+00 0.000000000000000000e+00 0.000000000000000000e+00
2.560000000000000000e+05 6.399953164438731967e-02 0.000000000000000000e+00 1.000000000000000000e+00 0.000000000000000000e+00 0.000000000000000000e+00 0.000000000000000000e+00
2.640000000000000000e+05 6.599951700827433321e-02 0.000000000000000000e+00 1.000000000000000000e+00 0.000000000000000000e+00 0.000000000000000000e+00 0.000000000000000000e+00
2.720000000000000000e+05 6.799950237216156879e-02 0.000000000000000000e+00 1.000000000000000000e+00 0.000000000000000000e+00 0.000000000000000000e+00 0.000000000000000000e+00
2.800000000000000000e+05 6.999948773604858232e-02 0.000000000000000000e+00 1.000000000000000000e+00 0.000000000000000000e+00 0.000000000000000000e+00 0.000000000000000000e+00
2.880000000000000000e+05 7.199947309993581790e-02 0.000000000000000000e+00 1.000000000000000000e+00 0.000000000000000000e+00 0.000000000000000000e+00 0.000000000000000000e+00
2.960000000000000000e+05 7.399945846382283143e-02 0.000000000000000000e+00 1.000000000000000000e+00 0.000000000000000000e+00 0.000000000000000000e+00 0.000000000000000000e+00
3.040000000000000000e+05 7.599944382770984497e-02 2.275830678197542133e-04 9.997724169321802190e-01 0.000000000000000000e+00 0.000000000000000000e+00 0.000000000000000000e+00
3.120000000000000000e+05 7.799942919159708055e-02 0.000000000000000000e+00 1.000000000000000000e+00 0.000000000000000000e+00 0.000000000000000000e+00 0.000000000000000000e+00
3.200000000000000000e+05 7.999941455548409408e-02 0.000000000000000000e+00 1.000000000000000000e+00 0.000000000000000000e+00 0.000000000000000000e+00 0.000000000000000000e+00
3.280000000000000000e+05 8.199939991937132966e-02 2.275830678197542133e-04 9.997724169321802190e-01 0.000000000000000000e+00 0.000000000000000000e+00 0.000000000000000000e+00
3.360000000000000000e+05 8.399938528325834319e-02 1.137915339098770958e-03 9.988620846609012061e-01 0.000000000000000000e+00 0.000000000000000000e+00 0.000000000000000000e+00
3.440000000000000000e+05 8.599937064714535673e-02 4.551661356395084266e-04 9.995448338643604380e-01 0.000000000000000000e+00 0.000000000000000000e+00 0.000000000000000000e+00
3.520000000000000000e+05 8.799935601103259231e-02 1.137915339098771066e-04 9.998862084660901095e-01 0.000000000000000000e+00 0.000000000000000000e+00 0.000000000000000000e+00
3.600000000000000000e+05 8.999934137491960584e-02 7.965407373691396923e-04 9.992034592626308775e-01 0.000000000000000000e+00 0.000000000000000000e+00 0.000000000000000000e+00
3.680000000000000000e+05 9.199932673880684142e-02 7.965407373691396923e-04 9.992034592626308775e-01 0.000000000000000000e+00 0.000000000000000000e+00 0.000000000000000000e+00
3.760000000000000000e+05 9.399931210269385495e-02 1.137915339098771066e-04 9.998862084660901095e-01 0.000000000000000000e+00 0.000000000000000000e+00 0.000000000000000000e+00
3.840000000000000000e+05 9.599929746658086849e-02 1.365498406918525280e-03 9.985207100591716456e-01 0.000000000000000000e+00 1.137915339098771066e-04 0.000000000000000000e+00
3.920000000000000000e+05 9.799928283046810407e-02 2.958579881656804664e-03 9.967000455166135087e-01 0.000000000000000000e+00 3.413746017296313199e-04 0.000000000000000000e+00
4.000000000000000000e+05 9.999926819435511760e-02 1.934456076467910759e-03 9.979517523896221931e-01 0.000000000000000000e+00 1.137915339098771066e-04 0.000000000000000000e+00
4.080000000000000000e+05 1.019992535582423532e-01 2.162039144287664864e-03 9.973827947200728516e-01 0.000000000000000000e+00 4.551661356395084266e-04 0.000000000000000000e+00
4.160000000000000000e+05 1.039992389221293667e-01 2.389622212107419402e-03 9.973827947200728516e-01 0.000000000000000000e+00 2.275830678197542133e-04 0.000000000000000000e+00
4.240000000000000000e+05 1.059992242860163802e-01 1.115157032316795548e-02 9.877105143377332697e-01 0.000000000000000000e+00 1.137915339098770958e-03 0.000000000000000000e+00
4.320000000000000000e+05 1.079992096499036158e-01 8.978152025489304078e-02 7.732134729176148857e-01 1.332498862084660896e-01 3.755120619025944465e-03 0.000000000000000000e+00
4.400000000000000000e+05 1.099991950137906294e-01 5.097860719162494031e-02 8.014337733272643982e-01 1.473600364132908458e-01 2.275830678197542133e-04 0.000000000000000000e+00
4.480000000000000000e+05 1.119991803776778649e-01 5.154756486117433034e-02 8.012061902594447282e-01 1.469048702776513393e-01 3.413746017296313199e-04 0.000000000000000000e+00
4.560000000000000000e+05 1.139991657415648785e-01 5.120619025944470049e-02 8.007510241238051663e-01 1.475876194811105990e-01 4.551661356395084266e-04 0.000000000000000000e+00
4.640000000000000000e+05 1.159991511054518920e-01 5.143377332726445372e-02 8.001820664542558248e-01 1.477014110150204895e-01 6.827492034592626399e-04 0.000000000000000000e+00
4.720000000000000000e+05 1.179991364693391276e-01 5.006827492034592736e-02 8.022303140646336317e-01 1.475876194811105990e-01 1.137915339098771066e-04 0.000000000000000000e+00
4.800000000000000000e+05 1.199991218332261411e-01 5.211652253072371344e-02 7.997269003186162628e-01 1.478152025489303523e-01 3.413746017296313199e-04 0.000000000000000000e+00
4.880000000000000000e+05 1.219991071971133767e-01 5.040964952207555722e-02 8.008648156577150568e-01 1.483841602184797492e-01 3.413746017296313199e-04 0.000000000000000000e+00
4.960000000000000000e+05 1.239990925610003902e-01 5.143377332726445372e-02 8.005234410559853853e-01 1.478152025489303523e-01 2.275830678197542133e-04 0.000000000000000000e+00
5.040000000000000000e+05 1.259990779248874038e-01 5.200273099681383682e-02 7.997269003186162628e-01 1.479289940828402428e-01 3.413746017296313199e-04 0.000000000000000000e+00
5.120000000000000000e+05 1.279990632887746393e-01 4.938552571688666071e-02 8.010923987255348377e-01 1.487255348202093652e-01 7.965407373691396923e-04 0.000000000000000000e+00
5.200000000000000000e+05 1.299990486526616529e-01 5.336822940373236318e-02 7.990441511151570309e-01 1.474738279472007363e-01 1.137915339098771066e-04 0.000000000000000000e+00
5.280000000000000000e+05 1.319990340165488885e-01 5.234410559854346667e-02 7.989303595812471404e-01 1.477014110150204895e-01 1.024123805188893906e-03 0.000000000000000000e+00
5.360000000000000000e+05 1.339990193804359020e-01 7.954028220300408958e-02 7.147246244879380539e-01 2.034592626308602548e-01 2.275830678197541916e-03 0.000000000000000000e+00
5.440000000000000000e+05 1.359990047443229155e-01 7.874374146563495325e-02 7.189349112426035582e-01 2.002730996813837094e-01 2.048247610377787811e-03 0.000000000000000000e+00
5.520000000000000000e+05 1.379989901082101511e-01 7.874374146563495325e-02 7.196176604460627901e-01 2.005006827492034627e-01 1.137915339098770958e-03 0.000000000000000000e+00
5.600000000000000000e+05 1.399989754720971646e-01 7.885753299954482987e-02 7.192762858443332297e-01 2.001593081474738189e-01 1.706873008648156654e-03 0.000000000000000000e+00
5.680000000000000000e+05 1.419989608359844002e-01 5.006827492034592736e-02 7.987027765134273594e-01 1.506599908966772816e-01 5.689576695493854790e-04 0.000000000000000000e+00
5.760000000000000000e+05 1.439989461998714138e-01 4.904415111515703085e-02 7.975648611743286764e-01 1.519116977696859383e-01 1.479289940828402332e-03 0.000000000000000000e+00
5.840000000000000000e+05 1.459989315637586493e-01 4.961310878470642088e-02 7.991579426490669213e-01 1.504324078288575284e-01 7.965407373691396923e-04 0.000000000000000000e+00
5.920000000000000000e+05 1.479989169276456629e-01 4.870277651342740100e-02 7.994993172507965928e-01 1.505461993627674189e-01 1.251706873008648227e-03 0.000000000000000000e+00
6.000000000000000000e+05 1.499989022915326764e-01 4.949931725079653733e-02 7.973372781065088954e-01 1.514565316340464318e-01 1.706873008648156654e-03 0.000000000000000000e+00
6.080000000000000000e+05 1.519988876554199120e-01 5.063723258989531045e-02 7.971096950386891145e-01 1.507737824305871721e-01 1.479289940828402332e-03 0.000000000000000000e+00
6.160000000000000000e+05 1.539988730193069255e-01 4.904415111515703085e-02 7.990441511151570309e-01 1.505461993627674189e-01 1.365498406918525280e-03 0.000000000000000000e+00
6.240000000000000000e+05 1.559988583831941611e-01 4.984069185252617412e-02 7.987027765134273594e-01 1.505461993627674189e-01 9.103322712790168532e-04 0.000000000000000000e+00
6.320000000000000000e+05 1.579988437470811746e-01 4.995448338643605074e-02 7.994993172507965928e-01 1.492944924897587622e-01 1.251706873008648227e-03 0.000000000000000000e+00
6.400000000000000000e+05 1.599988291109681882e-01 4.893035958124715423e-02 7.985889849795174689e-01 1.514565316340464318e-01 1.024123805188893906e-03 0.000000000000000000e+00
6.480000000000000000e+05 1.619988144748554237e-01 5.109239872553481693e-02 7.974510696404187859e-01 1.498634501593081592e-01 1.593081474738279385e-03 0.000000000000000000e+00
6.560000000000000000e+05 1.639987998387424373e-01 5.040964952207555722e-02 7.974510696404187859e-01 1.506599908966772816e-01 1.479289940828402332e-03 0.000000000000000000e+00
6.640000000000000000e+05 1.659987852026296729e-01 4.767865270823850449e-02 7.998406918525261533e-01 1.505461993627674189e-01 1.934456076467910759e-03 0.000000000000000000e+00
6.720000000000000000e+05 1.679987705665166864e-01 4.813381884387801790e-02 8.002958579881657153e-01 1.503186162949476656e-01 1.251706873008648227e-03 0.000000000000000000e+00
6.800000000000000000e+05 1.699987559304036999e-01 4.961310878470642088e-02 7.985889849795174689e-01 1.504324078288575284e-01 1.365498406918525280e-03 0.000000000000000000e+00
6.880000000000000000e+05 1.719987412942909355e-01 4.995448338643605074e-02 7.893718707328174489e-01 1.564633591260810308e-01 4.210286754665453109e-03 0.000000000000000000e+00
6.960000000000000000e+05 1.739987266581779490e-01 5.200273099681383682e-02 7.868684569868001910e-01 1.572598998634501533e-01 3.868912152935821518e-03 0.000000000000000000e+00
7.040000000000000000e+05 1.759987120220651846e-01 5.029585798816568060e-02 7.883477469276285454e-01 1.577150659990896597e-01 3.641329085116067413e-03 0.000000000000000000e+00
7.120000000000000000e+05 1.779986973859521981e-01 5.325443786982248656e-02 7.881201638598088755e-01 1.555530268548019901e-01 3.072371415566681717e-03 0.000000000000000000e+00
7.200000000000000000e+05 1.799986827498392117e-01 5.245789713245334329e-02 7.890304961310878884e-01 1.553254437869822369e-01 3.186162949476558769e-03 0.000000000000000000e+00
7.280000000000000000e+05 1.819986681137264473e-01 5.188893946290396020e-02 7.888029130632681074e-01 1.553254437869822369e-01 3.982703686845699004e-03 0.000000000000000000e+00
7.360000000000000000e+05 1.839986534776134608e-01 5.268548020027309653e-02 7.909649522075558048e-01 1.532771961766044577e-01 3.072371415566681717e-03 0.000000000000000000e+00
7.440000000000000000e+05 1.859986388415006964e-01 5.461993627674101293e-02 7.868684569868001910e-01 1.560081929904415243e-01 2.503413746017296455e-03 0.000000000000000000e+00
7.520000000000000000e+05 1.879986242053877099e-01 5.302685480200273332e-02 7.892580791989075584e-01 1.537323623122439642e-01 3.982703686845699004e-03 0.000000000000000000e+00
7.600000000000000000e+05 1.899986095692747234e-01 5.621301775147929253e-02 7.859581247155211781e-01 1.537323623122439642e-01 4.096495220755575623e-03 0.000000000000000000e+00
7.680000000000000000e+05 1.919985949331619590e-01 5.735093309057805872e-02 7.867546654528903005e-01 1.531634046426945950e-01 2.730996813837050560e-03 0.000000000000000000e+00
7.760000000000000000e+05 1.939985802970489726e-01 6.133363677742376119e-02 7.804961310878471004e-01 1.560081929904415243e-01 2.162039144287664864e-03 0.000000000000000000e+00
7.840000000000000000e+05 1.959985656609362081e-01 5.473372781065088954e-02 7.958579881656804300e-01 1.474738279472007363e-01 1.934456076467910759e-03 0.000000000000000000e+00
7.920000000000000000e+05 1.979985510248232217e-01 5.712335002275830548e-02 7.907373691397360238e-01 1.511151570323167881e-01 1.024123805188893906e-03 0.000000000000000000e+00
8.000000000000000000e+05 1.999985363887102352e-01 5.530268548020027264e-02 7.909649522075558048e-01 1.517979062357760478e-01 1.934456076467910759e-03 0.000000000000000000e+00
8.080000000000000000e+05 2.019985217525974708e-01 5.655439235320892238e-02 7.922166590805643782e-01 1.499772416932180219e-01 1.251706873008648227e-03 0.000000000000000000e+00
8.160000000000000000e+05 2.039985071164844843e-01 5.325443786982248656e-02 7.930131998179335007e-01 1.512289485662266786e-01 2.503413746017296455e-03 0.000000000000000000e+00
8.240000000000000000e+05 2.059984924803717199e-01 5.700955848884842886e-02 7.914201183431952558e-01 1.500910332271279124e-01 1.479289940828402332e-03 0.000000000000000000e+00
8.320000000000000000e+05 2.079984778442587334e-01 5.450614474283113631e-02 7.923304506144742687e-01 1.512289485662266786e-01 1.934456076467910759e-03 0.000000000000000000e+00
8.400000000000000000e+05 2.099984632081457470e-01 5.518889394629039602e-02 7.900546199362767918e-01 1.530496131087847045e-01 1.706873008648156654e-03 0.000000000000000000e+00
8.480000000000000000e+05 2.119984485720329825e-01 5.291306326809285671e-02 7.870960400546199720e-01 1.577150659990896597e-01 2.275830678197541916e-03 0.000000000000000000e+00
8.560000000000000000e+05 2.139984339359199961e-01 5.439235320892125969e-02 7.867546654528903005e-01 1.570323167956304000e-01 1.820664542558033706e-03 0.000000000000000000e+00
8.640000000000000000e+05 2.159984192998072317e-01 5.211652253072371344e-02 7.872098315885298625e-01 1.578288575329995502e-01 2.844788347746927612e-03 0.000000000000000000e+00
8.720000000000000000e+05 2.179984046636942452e-01 5.314064633591260994e-02 7.868684569868001910e-01 1.579426490669094130e-01 2.048247610377787811e-03 0.000000000000000000e+00
8.800000000000000000e+05 2.199983900275812587e-01 5.370960400546199304e-02 7.860719162494310686e-01 1.590805644060081792e-01 1.137915339098770958e-03 0.000000000000000000e+00
8.880000000000000000e+05 2.219983753914684943e-01 4.938552571688666071e-02 7.865270823850705195e-01 1.612426035502958488e-01 2.844788347746927612e-03 0.000000000000000000e+00
8.960000000000000000e+05 2.239983607553555078e-01 5.302685480200273332e-02 7.828857532999544677e-01 1.616977696859353553e-01 2.389622212107419402e-03 0.000000000000000000e+00
9.040000000000000000e+05 2.259983461192427434e-01 5.166135639508420696e-02 7.861857077833409591e-01 1.611288120163859861e-01 1.024123805188893906e-03 0.000000000000000000e+00
9.120000000000000000e+05 2.279983314831297569e-01 5.757851615839781195e-02 7.874374146563495325e-01 1.533909877105143482e-01 1.593081474738279385e-03 0.000000000000000000e+00
9.200000000000000000e+05 2.299983168470167705e-01 5.587164314974965573e-02 7.888029130632681074e-01 1.527082385070550885e-01 2.617205279927173507e-03 0.000000000000000000e+00
9.280000000000000000e+05 2.319983022109040061e-01 5.712335002275830548e-02 7.890304961310878884e-01 1.520254893035958010e-01 1.820664542558033706e-03 0.000000000000000000e+00
9.360000000000000000e+05 2.339982875747910196e-01 5.837505689576695522e-02 7.883477469276285454e-01 1.514565316340464318e-01 1.820664542558033706e-03 0.000000000000000000e+00
9.440000000000000000e+05 2.359982729386782552e-01 5.757851615839781195e-02 7.897132453345471204e-01 1.510013654984069253e-01 1.706873008648156654e-03 0.000000000000000000e+00
9.520000000000000000e+05 2.379982583025652687e-01 5.837505689576695522e-02 7.895994538006372299e-01 1.503186162949476656e-01 1.706873008648156654e-03 0.000000000000000000e+00
9.600000000000000000e+05 2.399982436664525043e-01 5.917159763313609155e-02 7.866408739189804100e-01 1.522530723714155543e-01 1.934456076467910759e-03 0.000000000000000000e+00
9.680000000000000000e+05 2.419982290303395178e-01 5.814747382794720199e-02 7.872098315885298625e-01 1.520254893035958010e-01 2.617205279927173507e-03 0.000000000000000000e+00
9.760000000000000000e+05 2.439982143942265314e-01 5.757851615839781195e-02 7.897132453345471204e-01 1.512289485662266786e-01 1.479289940828402332e-03 0.000000000000000000e+00
9.840000000000000000e+05 2.459981997581137669e-01 5.962676376877560497e-02 7.895994538006372299e-01 1.498634501593081592e-01 9.103322712790168532e-04 0.000000000000000000e+00
9.920000000000000000e+05 2.479981851220007805e-01 5.655439235320892238e-02 7.905097860719162428e-01 1.508875739644970349e-01 2.048247610377787811e-03 0.000000000000000000e+00
1.000000000000000000e+06 2.499981704858880160e-01 6.349567592171143082e-02 7.738962221210742287e-01 1.605598543468365891e-01 2.048247610377787811e-03 0.000000000000000000e+00
1.008000000000000000e+06 2.519981558497750296e-01 6.474738279472007363e-02 7.704824761037778469e-01 1.627218934911242587e-01 2.048247610377787811e-03 0.000000000000000000e+00
1.016000000000000000e+06 2.539981412136620431e-01 6.292671825216203385e-02 7.713928083750568598e-01 1.622667273554847522e-01 3.413746017296313308e-03 0.000000000000000000e+00
1.024000000000000000e+06 2.559981265775492787e-01 6.747837960855712636e-02 7.654756486117433312e-01 1.649977241693217911e-01 2.048247610377787811e-03 0.000000000000000000e+00
1.032000000000000000e+06 2.579981119414362922e-01 6.873008648156576916e-02 7.647928994082839882e-01 1.636322257624032717e-01 2.844788347746927612e-03 0.000000000000000000e+00
1.040000000000000000e+06 2.599980973053235278e-01 6.759217114246700298e-02 7.633136094674556338e-01 1.649977241693217911e-01 4.096495220755575623e-03 0.000000000000000000e+00
1.048000000000000000e+06 2.619980826692105413e-01 6.918525261720527564e-02 7.593309057806099105e-01 1.687528447883477334e-01 2.730996813837050560e-03 0.000000000000000000e+00
1.056000000000000000e+06 2.639980680330975549e-01 6.747837960855712636e-02 7.562585343650432002e-01 1.743286299499317293e-01 1.934456076467910759e-03 0.000000000000000000e+00
1.064000000000000000e+06 2.659980533969847905e-01 6.656804733727811341e-02 7.572826581702321036e-01 1.747837960855712358e-01 1.365498406918525280e-03 0.000000000000000000e+00
1.072000000000000000e+06 2.679980387608718040e-01 6.850250341374601593e-02 7.561447428311333097e-01 1.746700045516613453e-01 6.827492034592626399e-04 0.000000000000000000e+00
1.080000000000000000e+06 2.699980241247590396e-01 6.634046426945834629e-02 7.581929904415111166e-01 1.744424214838415921e-01 1.024123805188893906e-03 0.000000000000000000e+00
1.088000000000000000e+06 2.719980094886460531e-01 6.497496586253982687e-02 7.595584888484296915e-01 1.742148384160218388e-01 1.251706873008648227e-03 0.000000000000000000e+00
1.096000000000000000e+06 2.739979948525330666e-01 6.508875739644970349e-02 7.617205279927173889e-01 1.727355484751934567e-01 4.551661356395084266e-04 0.000000000000000000e+00
1.104000000000000000e+06 2.759979802164203022e-01 6.315430131998178709e-02 7.616067364588074984e-01 1.741010468821119761e-01 1.137915339098770958e-03 0.000000000000000000e+00
1.112000000000000000e+06 2.779979655803073157e-01 6.417842512517069054e-02 7.637687756030950847e-01 1.711424670004551563e-01 9.103322712790168532e-04 0.000000000000000000e+00
1.120000000000000000e+06 2.799979509441945513e-01 6.463359126081019701e-02 7.624032771961766208e-01 1.721665908056440597e-01 7.965407373691396923e-04 0.000000000000000000e+00
1.128000000000000000e+06 2.819979363080815649e-01 6.224396904870277414e-02 7.657032316795630011e-01 1.710286754665452935e-01 1.024123805188893906e-03 0.000000000000000000e+00
1.136000000000000000e+06 2.839979216719685784e-01 6.360946745562130744e-02 7.647928994082839882e-01 1.712562585343650468e-01 3.413746017296313199e-04 0.000000000000000000e+00
1.144000000000000000e+06 2.859979070358558140e-01 6.395084205735093730e-02 7.655894401456531106e-01 1.698907601274465273e-01 5.689576695493854790e-04 0.000000000000000000e+00
1.152000000000000000e+06 2.879978923997428275e-01 6.338188438780155420e-02 7.662721893491124536e-01 1.693218024578971304e-01 1.024123805188893906e-03 0.000000000000000000e+00
1.160000000000000000e+06 2.899978777636300631e-01 6.429221665908056715e-02 7.667273554847519046e-01 1.682976786527082269e-01 6.827492034592626399e-04 0.000000000000000000e+00
1.168000000000000000e+06 2.919978631275170766e-01 6.531634046426945672e-02 7.672963131543013571e-01 1.662494310423304478e-01 1.137915339098770958e-03 0.000000000000000000e+00
1.176000000000000000e+06 2.939978484914040902e-01 6.486117432862995025e-02 7.677514792899408080e-01 1.667045971779699542e-01 6.827492034592626399e-04 0.000000000000000000e+00
1.184000000000000000e+06 2.959978338552913257e-01 6.440600819299044377e-02 7.672963131543013571e-01 1.672735548475193512e-01 1.024123805188893906e-03 0.000000000000000000e+00
1.192000000000000000e+06 2.979978192191783393e-01 6.577150659990896320e-02 7.725307237141556538e-01 1.614701866181156020e-01 2.275830678197542133e-04 0.000000000000000000e+00
1.200000000000000000e+06 2.999978045830655748e-01 6.588529813381883982e-02 7.697997269003186149e-01 1.631770596267637652e-01 1.137915339098770958e-03 0.000000000000000000e+00
1.208000000000000000e+06 3.019977899469525884e-01 6.497496586253982687e-02 7.721893491124259823e-01 1.619253527537551085e-01 9.103322712790168532e-04 0.000000000000000000e+00
1.216000000000000000e+06 3.039977753108396019e-01 6.588529813381883982e-02 7.733272644515247762e-01 1.593081474738279601e-01 1.479289940828402332e-03 0.000000000000000000e+00
1.224000000000000000e+06 3.059977606747268375e-01 7.248520710059171146e-02 7.603550295857988139e-01 1.664770141101502010e-01 6.827492034592626399e-04 0.000000000000000000e+00
1.232000000000000000e+06 3.079977460386138510e-01 7.646791078743742087e-02 7.459035047792443862e-01 1.772872098315885214e-01 3.413746017296313199e-04 0.000000000000000000e+00
1.240000000000000000e+06 3.099977314025010866e-01 7.726445152480655720e-02 7.429449248975875664e-01 1.788802913063268218e-01 9.103322712790168532e-04 0.000000000000000000e+00
1.248000000000000000e+06 3.119977167663881001e-01 7.715065999089668058e-02 7.460172963131542767e-01 1.761492944924897552e-01 6.827492034592626399e-04 0.000000000000000000e+00
1.256000000000000000e+06 3.139977021302751137e-01 7.771961766044606368e-02 7.421483841602184439e-01 1.796768320436959443e-01 4.551661356395084266e-04 0.000000000000000000e+00
1.264000000000000000e+06 3.159976874941623493e-01 7.567137005006827066e-02 7.438552571688666903e-01 1.796768320436959443e-01 7.965407373691396923e-04 0.000000000000000000e+00
1.272000000000000000e+06 3.179976728580493628e-01 7.441966317705962786e-02 7.455621301775148257e-01 1.795630405097860816e-01 4.551661356395084266e-04 0.000000000000000000e+00
1.280000000000000000e+06 3.199976582219365984e-01 7.578516158397814728e-02 7.435138825671370189e-01 1.799044151115156975e-01 7.965407373691396923e-04 0.000000000000000000e+00
1.288000000000000000e+06 3.219976435858236119e-01 7.612653618570777714e-02 7.447655894401457033e-01 1.787664997724169313e-01 3.413746017296313199e-04 0.000000000000000000e+00
1.296000000000000000e+06 3.239976289497106254e-01 7.612653618570777714e-02 7.437414656349567998e-01 1.792216659080564378e-01 9.103322712790168532e-04 0.000000000000000000e+00
1.304000000000000000e+06 3.259976143135978610e-01 7.760582612653618706e-02 7.420345926263085534e-01 1.795630405097860816e-01 7.965407373691396923e-04 0.000000000000000000e+00
1.312000000000000000e+06 3.279975996774848745e-01 7.669549385525717411e-02 7.430587164314974569e-01 1.796768320436959443e-01 5.689576695493854790e-04 0.000000000000000000e+00
1.320000000000000000e+06 3.299975850413721101e-01 7.749203459262631044e-02 7.436276741010469093e-01 1.779699590350477811e-01 9.103322712790168532e-04 0.000000000000000000e+00
1.328000000000000000e+06 3.319975704052591237e-01 7.885753299954482987e-02 7.405553026854801990e-01 1.803595812471552040e-01 2.275830678197542133e-04 0.000000000000000000e+00
1.336000000000000000e+06 3.339975557691463592e-01 7.680928538916705073e-02 7.410104688211197610e-01 1.811561219845243542e-01 1.024123805188893906e-03 0.000000000000000000e+00
1.344000000000000000e+06 3.359975411330333728e-01 7.680928538916705073e-02 7.413518434228493215e-01 1.809285389167046010e-01 9.103322712790168532e-04 0.000000000000000000e+00
1.352000000000000000e+06 3.379975264969203863e-01 7.692307692307692735e-02 7.410104688211197610e-01 1.812699135184342170e-01 7.965407373691396923e-04 0.000000000000000000e+00
1.360000000000000000e+06 3.399975118608076219e-01 7.794720072826581692e-02 7.414656349567592120e-01 1.797906235776058348e-01 7.965407373691396923e-04 0.000000000000000000e+00
1.368000000000000000e+06 3.419974972246946354e-01 7.669549385525717411e-02 7.396449704142011861e-01 1.819526627218935044e-01 1.706873008648156654e-03 0.000000000000000000e+00
1.376000000000000000e+06 3.439974825885818710e-01 7.840236686390532339e-02 7.402139280837505275e-01 1.804733727810650945e-01 9.103322712790168532e-04 0.000000000000000000e+00
1.384000000000000000e+06 3.459974679524688845e-01 7.942649066909421296e-02 7.402139280837505275e-01 1.789940828402366846e-01 1.365498406918525280e-03 0.000000000000000000e+00
1.392000000000000000e+06 3.479974533163558981e-01 7.919890760127445972e-02 7.382794720072826111e-01 1.810423304506144637e-01 1.479289940828402332e-03 0.000000000000000000e+00
1.400000000000000000e+06 3.499974386802431336e-01 7.794720072826581692e-02 7.393035958124715146e-01 1.812699135184342170e-01 1.479289940828402332e-03 0.000000000000000000e+00
1.408000000000000000e+06 3.519974240441301472e-01 6.986800182066454923e-02 7.695721438324988339e-01 1.589667728720983164e-01 1.593081474738279385e-03 0.000000000000000000e+00
1.416000000000000000e+06 3.539974094080173828e-01 7.020937642239417908e-02 7.680928538916704795e-01 1.609012289485662328e-01 7.965407373691396923e-04 0.000000000000000000e+00
1.424000000000000000e+06 3.559973947719043963e-01 7.237141556668183484e-02 7.651342740100136597e-01 1.612426035502958488e-01 1.251706873008648227e-03 0.000000000000000000e+00
1.432000000000000000e+06 3.579973801357914098e-01 7.214383249886208160e-02 7.658170232134728916e-01 1.607874374146563423e-01 1.251706873008648227e-03 0.000000000000000000e+00
1.440000000000000000e+06 3.599973654996786454e-01 7.157487482931269851e-02 7.660446062812926726e-01 1.604460628129267263e-01 1.934456076467910759e-03 0.000000000000000000e+00
1.448000000000000000e+06 3.619973508635656589e-01 7.180245789713245175e-02 7.655894401456531106e-01 1.602184797451069731e-01 2.389622212107419402e-03 0.000000000000000000e+00
1.456000000000000000e+06 3.639973362274528945e-01 7.134729176149294527e-02 7.670687300864815761e-01 1.599908966772872199e-01 1.593081474738279385e-03 0.000000000000000000e+00
1.464000000000000000e+06 3.659973215913399081e-01 7.259899863450158808e-02 7.667273554847519046e-01 1.583978152025489194e-01 2.275830678197541916e-03 0.000000000000000000e+00
1.472000000000000000e+06 3.679973069552269216e-01 7.191624943104232837e-02 7.691169776968593830e-01 1.572598998634501533e-01 1.706873008648156654e-03 0.000000000000000000e+00
1.480000000000000000e+06 3.699972923191141572e-01 7.328174783796086167e-02 7.679790623577605890e-01 1.568047337278106468e-01 1.934456076467910759e-03 0.000000000000000000e+00
1.488000000000000000e+06 3.719972776830011707e-01 7.350933090578061491e-02 7.670687300864815761e-01 1.566909421939007840e-01 2.730996813837050560e-03 0.000000000000000000e+00
1.496000000000000000e+06 3.739972630468884063e-01 7.635411925352754425e-02 7.708238507055075184e-01 1.519116977696859383e-01 9.103322712790168532e-04 0.000000000000000000e+00
1.504000000000000000e+06 3.759972484107754198e-01 7.635411925352754425e-02 7.730996813837051063e-01 1.497496586253982687e-01 7.965407373691396923e-04 0.000000000000000000e+00
1.512000000000000000e+06 3.779972337746624333e-01 7.089212562585343880e-02 7.886891215293582169e-01 1.397360036413290985e-01 6.827492034592626399e-04 0.000000000000000000e+00
1.520000000000000000e+06 3.799972191385496689e-01 6.998179335457442585e-02 7.893718707328174489e-01 1.395084205735093175e-01 1.137915339098770958e-03 0.000000000000000000e+00
1.528000000000000000e+06 3.819972045024366825e-01 7.043695949021393232e-02 7.893718707328174489e-01 1.396222121074192080e-01 5.689576695493854790e-04 0.000000000000000000e+00
1.536000000000000000e+06 3.839971898663239180e-01 7.089212562585343880e-02 7.883477469276285454e-01 1.397360036413290985e-01 1.024123805188893906e-03 0.000000000000000000e+00
1.544000000000000000e+06 3.859971752302109316e-01 6.873008648156576916e-02 7.901684114701865713e-01 1.404187528447883582e-01 6.827492034592626399e-04 0.000000000000000000e+00
1.552000000000000000e+06 3.879971605940979451e-01 6.929904415111515226e-02 7.894856622667273394e-01 1.400773782430587144e-01 1.137915339098770958e-03 0.000000000000000000e+00
1.560000000000000000e+06 3.899971459579854027e-01 8.113336367774237612e-02 7.579654073736914466e-01 1.580564406008193035e-01 2.844788347746927612e-03 0.000000000000000000e+00
1.568000000000000000e+06 3.919971313218721942e-01 8.511606736458807165e-02 7.540964952207556138e-01 1.599908966772872199e-01 7.965407373691396923e-04 0.000000000000000000e+00
1.576000000000000000e+06 3.939971166857594298e-01 8.557123350022757813e-02 7.536413290851160518e-01 1.594219390077378229e-01 1.365498406918525280e-03 0.000000000000000000e+00
1.584000000000000000e+06 3.959971020496462213e-01 8.124715521165225274e-02 7.564861174328629811e-01 1.598771051433773294e-01 2.389622212107419402e-03 0.000000000000000000e+00
1.592000000000000000e+06 3.979970874135336789e-01 8.272644515248064878e-02 7.548930359581247362e-01 1.615839781520254925e-01 7.965407373691396923e-04 0.000000000000000000e+00
1.600000000000000000e+06 3.999970727774204704e-01 8.443331816112881194e-02 7.546654528903049552e-01 1.596495220755575761e-01 1.251706873008648227e-03 0.000000000000000000e+00
1.608000000000000000e+06 4.019970581413079280e-01 8.568502503413745475e-02 7.536413290851160518e-01 1.587391898042785632e-01 1.934456076467910759e-03 0.000000000000000000e+00
1.616000000000000000e+06 4.039970435051947195e-01 8.614019116977697510e-02 7.517068730086481354e-01 1.603322712790168358e-01 1.820664542558033706e-03 0.000000000000000000e+00
1.624000000000000000e+06 4.059970288690821771e-01 8.534365043240782489e-02 7.535275375512061613e-01 1.597633136094674666e-01 1.365498406918525280e-03 0.000000000000000000e+00
1.632000000000000000e+06 4.079970142329689686e-01 8.545744196631770151e-02 7.487482931269913156e-01 1.639736003641329154e-01 1.820664542558033706e-03 0.000000000000000000e+00
1.640000000000000000e+06 4.099969995968564263e-01 8.591260810195720798e-02 7.471552116522530707e-01 1.654528903049612976e-01 1.479289940828402332e-03 0.000000000000000000e+00
1.648000000000000000e+06 4.119969849607432177e-01 8.818843878015475424e-02 7.437414656349567998e-01 1.669321802457897075e-01 1.137915339098770958e-03 0.000000000000000000e+00
1.656000000000000000e+06 4.139969703246304533e-01 8.648156577150660496e-02 7.452207555757851543e-01 1.662494310423304478e-01 2.048247610377787811e-03 0.000000000000000000e+00
1.664000000000000000e+06 4.159969556885172448e-01 9.217114246700044977e-02 7.312243969048702885e-01 1.759217114246700020e-01 6.827492034592626399e-04 0.000000000000000000e+00
1.672000000000000000e+06 4.179969410524047024e-01 9.626763768775603580e-02 7.230314064633591720e-01 1.803595812471552040e-01 3.413746017296313199e-04 0.000000000000000000e+00
1.680000000000000000e+06 4.199969264162914939e-01 9.478834774692762588e-02 7.217796995903504875e-01 1.824078288575330109e-01 1.024123805188893906e-03 0.000000000000000000e+00
1.688000000000000000e+06 4.219969117801789515e-01 1.010468821119708677e-01 7.047109695038689114e-01 1.937869822485207005e-01 4.551661356395084266e-04 0.000000000000000000e+00
1.696000000000000000e+06 4.239968971440657430e-01 1.005917159763313612e-01 7.040282203004096795e-01 1.944697314519799602e-01 9.103322712790168532e-04 0.000000000000000000e+00
1.704000000000000000e+06 4.259968825079532007e-01 1.004779244424214846e-01 7.036868456986800080e-01 1.949248975876194945e-01 9.103322712790168532e-04 0.000000000000000000e+00
1.712000000000000000e+06 4.279968678718399921e-01 1.164087391898042806e-01 7.183659535730542167e-01 1.628356850250341492e-01 2.389622212107419402e-03 0.000000000000000000e+00
1.720000000000000000e+06 4.299968532357274498e-01 1.099226217569412856e-01 7.216659080564405970e-01 1.646563495675921751e-01 3.755120619025944465e-03 0.000000000000000000e+00
1.728000000000000000e+06 4.319968385996142413e-01 1.106053709604005453e-01 7.197314519799726806e-01 1.665908056440600915e-01 3.072371415566681717e-03 0.000000000000000000e+00
1.736000000000000000e+06 4.339968239635014768e-01 1.161811561219845274e-01 7.100591715976330986e-01 1.682976786527082269e-01 5.461993627674101119e-03 0.000000000000000000e+00
1.744000000000000000e+06 4.359968093273882683e-01 1.147018661811561174e-01 7.084660901228948537e-01 1.730769230769230727e-01 3.755120619025944465e-03 0.000000000000000000e+00
1.752000000000000000e+06 4.379967946912757260e-01 1.160673645880746507e-01 7.099453800637232082e-01 1.698907601274465273e-01 4.096495220755575623e-03 0.000000000000000000e+00
1.760000000000000000e+06 4.399967800551625174e-01 1.136777423759672279e-01 7.092626308602639762e-01 1.726217569412835662e-01 4.437869822485207214e-03 0.000000000000000000e+00
1.768000000000000000e+06 4.419967654190499751e-01 1.061675011379153433e-01 7.331588529813382049e-01 1.570323167956304000e-01 3.641329085116067413e-03 0.000000000000000000e+00
1.776000000000000000e+06 4.439967507829367666e-01 1.111743286299499284e-01 7.270141101502047842e-01 1.572598998634501533e-01 4.551661356395083832e-03 0.000000000000000000e+00
1.784000000000000000e+06 4.459967361468242242e-01 1.161811561219845274e-01 7.027765134274009950e-01 1.742148384160218388e-01 6.827492034592626616e-03 0.000000000000000000e+00
1.792000000000000000e+06 4.479967215107110157e-01 1.160673645880746507e-01 7.052799271734182529e-01 1.738734638142922229e-01 4.779244424214838804e-03 0.000000000000000000e+00
1.800000000000000000e+06 4.499967068745984733e-01 1.141329085116067343e-01 7.209831588529813651e-01 1.614701866181156020e-01 3.413746017296313308e-03 0.000000000000000000e+00
1.808000000000000000e+06 4.519966922384852648e-01 9.911242603550296515e-02 7.299726900318616041e-01 1.686390532544378706e-01 2.275830678197541916e-03 0.000000000000000000e+00
1.816000000000000000e+06 4.539966776023725004e-01 9.990896677287210148e-02 7.266727355484752238e-01 1.714838416021848000e-01 1.934456076467910759e-03 0.000000000000000000e+00
