# itime ezz other fcc hcp bcc ico
0.000000000000000000e+00 0.000000000000000000e+00 2.275830678197542133e-04 9.997724169321802190e-01 0.000000000000000000e+00 0.000000000000000000e+00 0.000000000000000000e+00
2.500000000000000000e+02 1.000000788910671012e-02 1.024123805188893906e-03 9.989758761948110966e-01 0.000000000000000000e+00 0.000000000000000000e+00 0.000000000000000000e+00
5.000000000000000000e+02 2.000001577821342025e-02 1.934456076467910759e-03 9.980655439235320836e-01 0.000000000000000000e+00 0.000000000000000000e+00 0.000000000000000000e+00
7.500000000000000000e+02 3.000002366732013037e-02 3.072371415566681717e-03 9.969276285844332897e-01 0.000000000000000000e+00 0.000000000000000000e+00 0.000000000000000000e+00
1.000000000000000000e+03 4.000003155642684050e-02 5.234410559854347014e-03 9.946517979062358128e-01 0.000000000000000000e+00 1.137915339098771066e-04 0.000000000000000000e+00
1.250000000000000000e+03 5.000003944553377266e-02 1.923076923076923184e-02 9.799726900318616041e-01 0.000000000000000000e+00 7.965407373691396923e-04 0.000000000000000000e+00
1.500000000000000000e+03 6.000004733464048279e-02 2.492034592626308706e-02 9.738279472007282944e-01 0.000000000000000000e+00 1.251706873008648227e-03 0.000000000000000000e+00
1.750000000000000000e+03 7.000005522374719291e-02 4.949931725079653733e-02 9.474283113336368078e-01 0.000000000000000000e+00 3.072371415566681717e-03 0.000000000000000000e+00
2.000000000000000000e+03 8.000006311285390304e-02 9.057806099226217711e-02 9.006599908966772539e-01 0.000000000000000000e+00 8.761948111060537808e-03 0.000000000000000000e+00
2.250000000000000000e+03 9.000007100196061316e-02 1.668183887118798447e-01 8.133818843878015681e-01 0.000000000000000000e+00 1.979972690031861493e-02 0.000000000000000000e+00
2.500000000000000000e+03 1.000000788910673233e-01 3.611743286299499145e-01 4.749658625398270329e-01 3.641329085116067413e-03 1.602184797451069731e-01 0.000000000000000000e+00
2.750000000000000000e+03 1.100000867801740334e-01 3.948566226672735602e-01 2.547792444242148457e-01 3.482020937642239106e-02 3.155439235320892100e-01 0.000000000000000000e+00
3.000000000000000000e+03 1.200000946692807435e-01 4.281975421028675344e-01 1.475876194811105990e-01 8.579881656804733137e-02 3.384160218479745352e-01 0.000000000000000000e+00
3.250000000000000000e+03 1.300001025583876757e-01 4.633591260810195900e-01 9.854346836595356818e-02 1.165225307237141572e-01 3.215748748293126846e-01 0.000000000000000000e+00
3.500000000000000000e+03 1.400001104474943858e-01 4.680245789713245452e-01 9.069185252617205373e-02 1.423532089212562468e-01 2.989303595812471404e-01 0.000000000000000000e+00
3.750000000000000000e+03 1.500001183366010959e-01 5.164997724169322346e-01 8.670914883932635819e-02 1.659080564406008318e-01 2.308830223031406448e-01 0.000000000000000000e+00
4.000000000000000000e+03 1.600001262257078061e-01 5.499544833864360438e-01 7.737824305871643382e-02 1.779699590350477811e-01 1.946973145197997135e-01 0.000000000000000000e+00
4.250000000000000000e+03 1.700001341148145162e-01 5.885298133818843702e-01 7.282658170232134132e-02 1.853664087391898030e-01 1.532771961766044577e-01 0.000000000000000000e+00
4.500000000000000000e+03 1.800001420039212263e-01 6.093536640873918886e-01 7.316795630405098505e-02 2.003868912152935722e-01 1.170914883932635403e-01 0.000000000000000000e+00
4.750000000000000000e+03 1.900001498930279364e-01 6.198224852071005930e-01 7.737824305871643382e-02 2.127901684114701930e-01 9.000910332271279402e-02 0.000000000000000000e+00
5.000000000000000000e+03 2.000001577821346466e-01 6.318843878015475424e-01 8.443331816112881194e-02 2.279244424214838527e-01 5.575785161583977911e-02 0.000000000000000000e+00
5.250000000000000000e+03 2.100001656712415787e-01 6.370050068274920596e-01 9.114701866181156020e-02 2.206417842512516936e-01 5.120619025944470049e-02 0.000000000000000000e+00
5.500000000000000000e+03 2.200001735603482889e-01 6.627218934911243142e-01 9.410559854346836617e-02 2.053937187073281712e-01 3.777878925807919702e-02 0.000000000000000000e+00
5.750000000000000000e+03 2.300001814494549990e-01 6.728493400091033472e-01 9.649522075557578904e-02 1.945835229858898507e-01 3.595812471552116418e-02 1.137915339098771066e-04
6.000000000000000000e+03 2.400001893385617091e-01 6.843422849340009551e-01 9.387801547564861293e-02 1.942421483841602070e-01 2.753755120619025970e-02 0.000000000000000000e+00
6.250000000000000000e+03 2.500001972276684192e-01 6.944697314519799880e-01 9.751934456076467861e-02 1.845698680018206528e-01 2.344105598543468408e-02 0.000000000000000000e+00
6.500000000000000000e+03 2.600002051167751294e-01 6.883249886208465673e-01 1.054847519344560697e-01 1.827492034592626269e-01 2.344105598543468408e-02 0.000000000000000000e+00
6.750000000000000000e+03 2.700002130058818395e-01 7.151797906235776159e-01 9.456076467910787264e-02 1.717114246700045532e-01 1.843422849340009204e-02 1.137915339098771066e-04
7.000000000000000000e+03 2.800002208949885496e-01 7.192762858443332297e-01 9.592626308602640595e-02 1.590805644060081792e-01 2.560309512972235024e-02 1.137915339098771066e-04
7.250000000000000000e+03 2.900002287840954818e-01 7.454483386436049352e-01 8.750568957669549452e-02 1.479289940828402428e-01 1.900318616294947513e-02 1.137915339098771066e-04
7.500000000000000000e+03 3.000002366732021919e-01 7.386208466090122826e-01 9.160218479745106668e-02 1.519116977696859383e-01 1.786527082385070547e-02 0.000000000000000000e+00
7.750000000000000000e+03 3.100002445623089020e-01 7.419208010923987739e-01 9.012289485662267063e-02 1.489531178880291185e-01 1.888939462903959851e-02 1.137915339098771066e-04
8.000000000000000000e+03 3.200002524514156121e-01 7.485207100591716456e-01 8.818843878015475424e-02 1.456531634046426826e-01 1.763768775603095224e-02 0.000000000000000000e+00
8.250000000000000000e+03 3.300002603405223223e-01 7.672963131543013571e-01 8.158852981338188259e-02 1.346153846153846090e-01 1.638598088302230249e-02 1.137915339098771066e-04
8.500000000000000000e+03 3.400002682296290324e-01 7.858443331816112876e-01 7.339553937187073829e-02 1.260810195721438209e-01 1.456531634046426965e-02 1.137915339098771066e-04
8.750000000000000000e+03 3.500002761187357425e-01 7.958579881656804300e-01 7.248520710059171146e-02 1.184569868001820597e-01 1.297223486572599005e-02 2.275830678197542133e-04
9.000000000000000000e+03 3.600002840078424526e-01 8.088302230314065033e-01 6.884387801547564578e-02 1.074192080109239861e-01 1.445152480655439303e-02 4.551661356395084266e-04
9.250000000000000000e+03 3.700002918969491628e-01 8.205507510241237812e-01 6.531634046426945672e-02 9.865725989986344480e-02 1.536185707783340945e-02 1.137915339098771066e-04
9.500000000000000000e+03 3.800002997860558729e-01 8.299954483386435822e-01 6.372325898953118406e-02 9.399180700955848955e-02 1.217569412835685025e-02 1.137915339098771066e-04
9.750000000000000000e+03 3.900003076751628051e-01 8.403504779244423961e-01 6.065088757396449454e-02 8.818843878015475424e-02 1.035502958579881741e-02 4.551661356395084266e-04
1.000000000000000000e+04 4.000003155642697372e-01 8.456986800182066943e-01 5.723714155666818210e-02 8.363677742375967561e-02 1.297223486572599005e-02 4.551661356395084266e-04
1.025000000000000000e+04 4.100003234533762253e-01 8.513882567137005530e-01 5.541647701411014926e-02 8.033682294037323979e-02 1.251706873008648184e-02 3.413746017296313199e-04
1.050000000000000000e+04 4.200003313424827134e-01 8.650432407828857473e-01 5.120619025944470049e-02 7.350933090578061491e-02 9.786071916249430847e-03 4.551661356395084266e-04
1.075000000000000000e+04 4.300003392315896456e-01 8.662949476558944317e-01 4.756486117432862787e-02 7.373691397360036814e-02 1.183431952662721866e-02 5.689576695493854790e-04
1.100000000000000000e+04 4.400003471206965777e-01 8.791533909877105035e-01 4.665452890304961492e-02 6.372325898953118406e-02 9.786071916249430847e-03 6.827492034592626399e-04
1.125000000000000000e+04 4.500003550098030658e-01 8.874601729631315106e-01 4.346836595357305572e-02 5.735093309057805872e-02 1.149294492489758707e-02 2.275830678197542133e-04
1.150000000000000000e+04 4.600003628989097759e-01 8.970186618115612021e-01 4.016841147018661989e-02 5.348202093764223980e-02 8.875739644970414427e-03 4.551661356395084266e-04
1.175000000000000000e+04 4.700003707880167081e-01 8.986117432862994470e-01 3.891670459717797015e-02 5.200273099681383682e-02 1.012744651797906244e-02 3.413746017296313199e-04
1.200000000000000000e+04 4.800003786771234182e-01 9.022530723714156098e-01 3.732362312243969055e-02 5.075102412380518707e-02 9.103322712790167665e-03 5.689576695493854790e-04
1.225000000000000000e+04 4.900003865662301283e-01 9.179563040509786109e-01 3.117888029130632538e-02 4.198907601274465273e-02 7.851615839781519654e-03 1.024123805188893906e-03
1.250000000000000000e+04 5.000003944553366164e-01 9.181838871187983919e-01 3.174783796085571541e-02 4.164770141101502288e-02 7.624032771961766417e-03 7.965407373691396923e-04
1.275000000000000000e+04 5.100004023444435486e-01 9.268320436959490705e-01 2.685480200273099652e-02 3.937187073281747662e-02 6.144742831133363434e-03 7.965407373691396923e-04
1.300000000000000000e+04 5.200004102335504808e-01 9.319526627218934767e-01 2.275830678197542090e-02 3.652708238507055422e-02 7.851615839781519654e-03 9.103322712790168532e-04
1.325000000000000000e+04 5.300004181226569688e-01 9.383249886208465673e-01 1.979972690031861493e-02 3.447883477469276120e-02 6.372325898953117539e-03 1.024123805188893906e-03
1.350000000000000000e+04 5.400004260117636790e-01 9.431042330450614131e-01 1.820664542558033533e-02 3.197542102867546865e-02 5.803368229403732710e-03 9.103322712790168532e-04
1.375000000000000000e+04 5.500004339008706111e-01 9.448111060537096595e-01 1.877560309512972189e-02 3.049613108784706567e-02 5.120619025944469528e-03 7.965407373691396923e-04
1.400000000000000000e+04 5.600004417899773212e-01 9.495903504779243942e-01 1.490669094219390124e-02 2.924442421483841592e-02 5.006827492034592909e-03 1.251706873008648227e-03
1.425000000000000000e+04 5.700004496790840314e-01 9.512972234865726406e-01 1.661356395084205573e-02 2.651342740100136666e-02 4.324078288575329727e-03 1.251706873008648227e-03
1.450000000000000000e+04 5.800004575681905195e-01 9.586936731907146347e-01 1.263086026399635846e-02 2.435138825671370050e-02 3.413746017296313308e-03 9.103322712790168532e-04
1.475000000000000000e+04 5.900004654572974516e-01 9.572143832498861693e-01 1.479289940828402289e-02 2.116522530723714129e-02 5.917159763313609329e-03 9.103322712790168532e-04
1.500000000000000000e+04 6.000004733464043838e-01 9.606281292671825511e-01 1.433773327264451468e-02 1.934456076467910846e-02 4.779244424214838804e-03 9.103322712790168532e-04
1.525000000000000000e+04 6.100004812355108719e-01 9.600591715976330986e-01 1.467910787437414627e-02 1.991351843422849502e-02 3.755120619025944465e-03 1.593081474738279385e-03
1.550000000000000000e+04 6.200004891246175820e-01 9.610832954028220021e-01 1.354119253527537488e-02 1.968593536640873831e-02 4.665452890304961318e-03 1.024123805188893906e-03
1.575000000000000000e+04 6.300004970137245142e-01 9.646108329540282744e-01 1.240327719617660522e-02 1.900318616294947513e-02 2.730996813837050560e-03 1.251706873008648227e-03
1.600000000000000000e+04 6.400005049028312243e-01 9.688211197086936677e-01 1.194811106053709528e-02 1.524806554392353283e-02 3.072371415566681717e-03 9.103322712790168532e-04
1.625000000000000000e+04 6.500005127919379344e-01 9.680245789713245452e-01 1.206190259444697363e-02 1.604460628129267263e-02 2.617205279927173507e-03 1.251706873008648227e-03
1.650000000000000000e+04 6.600005206810444225e-01 9.715521165225307065e-01 1.126536185707783383e-02 1.217569412835685025e-02 3.641329085116067413e-03 1.365498406918525280e-03
1.675000000000000000e+04 6.700005285701513547e-01 9.736003641329085134e-01 9.672280382339554228e-03 1.194811106053709528e-02 3.755120619025944465e-03 1.024123805188893906e-03
1.700000000000000000e+04 6.800005364592582868e-01 9.746244879380974169e-01 1.046882111970869403e-02 1.172052799271734204e-02 2.503413746017296455e-03 6.827492034592626399e-04
1.725000000000000000e+04 6.900005443483647749e-01 9.766727355484752238e-01 9.330905780609922637e-03 1.137915339098771045e-02 1.820664542558033706e-03 7.965407373691396923e-04
1.750000000000000000e+04 7.000005522374714850e-01 9.764451524806554428e-01 8.648156577150659455e-03 1.172052799271734204e-02 2.048247610377787811e-03 1.137915339098770958e-03
1.775000000000000000e+04 7.100005601265784172e-01 9.762175694128356618e-01 7.510241238051888930e-03 1.115157032316795548e-02 3.755120619025944465e-03 1.365498406918525280e-03
1.800000000000000000e+04 7.200005680156851273e-01 9.781520254893035782e-01 7.737824305871643035e-03 9.786071916249430847e-03 2.958579881656804664e-03 1.365498406918525280e-03
1.825000000000000000e+04 7.300005759047918374e-01 9.820209376422394110e-01 6.599908966772872511e-03 8.306781975421027864e-03 1.934456076467910759e-03 1.137915339098770958e-03
1.850000000000000000e+04 7.400005837938983255e-01 9.802002730996813851e-01 6.372325898953117539e-03 7.965407373691398007e-03 3.755120619025944465e-03 1.706873008648156654e-03
1.875000000000000000e+04 7.500005916830052577e-01 9.819071461083295205e-01 6.372325898953117539e-03 8.420573509330906217e-03 1.820664542558033706e-03 1.479289940828402332e-03
1.900000000000000000e+04 7.600005995721121899e-01 9.822485207100591920e-01 5.803368229403732710e-03 8.648156577150659455e-03 1.934456076467910759e-03 1.365498406918525280e-03
1.925000000000000000e+04 7.700006074612186779e-01 9.820209376422394110e-01 6.599908966772872511e-03 8.648156577150659455e-03 1.365498406918525280e-03 1.365498406918525280e-03
1.950000000000000000e+04 7.800006153503253881e-01 9.803140646335912756e-01 6.372325898953117539e-03 1.069640418752844727e-02 6.827492034592626399e-04 1.934456076467910759e-03
1.975000000000000000e+04 7.900006232394323202e-01 9.844105598543468894e-01 5.234410559854347014e-03 8.192990441511151245e-03 5.689576695493854790e-04 1.593081474738279385e-03
2.000000000000000000e+04 8.000006311285390304e-01 9.852071005917160118e-01 4.893035958124715423e-03 6.486117432862995025e-03 1.479289940828402332e-03 1.934456076467910759e-03
2.025000000000000000e+04 8.100006390176457405e-01 9.842967683204369989e-01 4.096495220755575623e-03 8.648156577150659455e-03 7.965407373691396923e-04 2.162039144287664864e-03
2.050000000000000000e+04 8.200006469067522286e-01 9.857760582612653533e-01 3.755120619025944465e-03 7.168866636322257339e-03 1.479289940828402332e-03 1.820664542558033706e-03
2.075000000000000000e+04 8.300006547958591607e-01 9.853208921256259023e-01 4.665452890304961318e-03 8.420573509330906217e-03 6.827492034592626399e-04 9.103322712790168532e-04
2.100000000000000000e+04 8.400006626849660929e-01 9.857760582612653533e-01 5.234410559854347014e-03 6.486117432862995025e-03 1.024123805188893906e-03 1.479289940828402332e-03
2.125000000000000000e+04 8.500006705740725810e-01 9.853208921256259023e-01 6.030951297223486815e-03 5.917159763313609329e-03 1.251706873008648227e-03 1.479289940828402332e-03
2.150000000000000000e+04 8.600006784631792911e-01 9.880518889394629412e-01 5.461993627674101119e-03 4.096495220755575623e-03 1.024123805188893906e-03 1.365498406918525280e-03
2.175000000000000000e+04 8.700006863522862233e-01 9.863450159308146947e-01 5.689576695493855224e-03 5.120619025944469528e-03 1.365498406918525280e-03 1.479289940828402332e-03
2.200000000000000000e+04 8.800006942413929334e-01 9.874829312699134887e-01 4.893035958124715423e-03 4.437869822485207214e-03 1.593081474738279385e-03 1.593081474738279385e-03
2.225000000000000000e+04 8.900007021304996435e-01 9.880518889394629412e-01 5.006827492034592909e-03 3.527537551206190360e-03 1.137915339098770958e-03 2.275830678197541916e-03
2.250000000000000000e+04 9.000007100196061316e-01 9.894173873463814051e-01 4.551661356395083832e-03 3.413746017296313308e-03 3.413746017296313199e-04 2.275830678197541916e-03
2.275000000000000000e+04 9.100007179087130638e-01 9.899863450159308575e-01 4.324078288575329727e-03 3.299954483386436255e-03 7.965407373691396923e-04 1.593081474738279385e-03
2.300000000000000000e+04 9.200007257978199959e-01 9.899863450159308575e-01 3.755120619025944465e-03 3.527537551206190360e-03 6.827492034592626399e-04 2.048247610377787811e-03
2.325000000000000000e+04 9.300007336869264840e-01 9.916932180245789930e-01 2.389622212107419402e-03 3.186162949476558769e-03 7.965407373691396923e-04 1.934456076467910759e-03
2.350000000000000000e+04 9.400007415760331941e-01 9.913518434228493215e-01 2.503413746017296455e-03 3.186162949476558769e-03 7.965407373691396923e-04 2.162039144287664864e-03
2.375000000000000000e+04 9.500007494651399043e-01 9.921483841602184439e-01 1.820664542558033706e-03 2.503413746017296455e-03 7.965407373691396923e-04 2.730996813837050560e-03
2.400000000000000000e+04 9.600007573542468364e-01 9.916932180245789930e-01 2.048247610377787811e-03 2.617205279927173507e-03 7.965407373691396923e-04 2.844788347746927612e-03
2.425000000000000000e+04 9.700007652433535466e-01 9.928311333636777869e-01 1.934456076467910759e-03 1.365498406918525280e-03 4.551661356395084266e-04 3.413746017296313308e-03
2.450000000000000000e+04 9.800007731324600346e-01 9.931725079654073474e-01 1.593081474738279385e-03 1.137915339098770958e-03 7.965407373691396923e-04 3.299954483386436255e-03
2.475000000000000000e+04 9.900007810215669668e-01 9.929449248975875664e-01 1.706873008648156654e-03 1.820664542558033706e-03 4.551661356395084266e-04 3.072371415566681717e-03
2.500000000000000000e+04 1.000000788910673677e+00 9.946517979062358128e-01 7.965407373691396923e-04 1.251706873008648227e-03 3.413746017296313199e-04 2.958579881656804664e-03
