# itime ezz other fcc hcp bcc ico
0.000000000000000000e+00 0.000000000000000000e+00 2.275830678197542133e-04 9.997724169321802190e-01 0.000000000000000000e+00 0.000000000000000000e+00 0.000000000000000000e+00
2.500000000000000000e+01 9.999784009049328404e-04 2.275830678197542133e-04 9.997724169321802190e-01 0.000000000000000000e+00 0.000000000000000000e+00 0.000000000000000000e+00
5.000000000000000000e+01 1.999956801809643636e-03 1.820664542558033706e-03 9.981793354574419741e-01 0.000000000000000000e+00 0.000000000000000000e+00 0.000000000000000000e+00
7.500000000000000000e+01 2.999935202714576477e-03 1.251706873008648227e-03 9.987482931269913156e-01 0.000000000000000000e+00 0.000000000000000000e+00 0.000000000000000000e+00
1.000000000000000000e+02 3.999913603619509317e-03 1.365498406918525280e-03 9.986345015930814251e-01 0.000000000000000000e+00 0.000000000000000000e+00 0.000000000000000000e+00
1.250000000000000000e+02 4.999892004524220113e-03 2.389622212107419402e-03 9.976103777878926326e-01 0.000000000000000000e+00 0.000000000000000000e+00 0.000000000000000000e+00
1.500000000000000000e+02 5.999870405429152953e-03 4.551661356395084266e-04 9.995448338643604380e-01 0.000000000000000000e+00 0.000000000000000000e+00 0.000000000000000000e+00
1.750000000000000000e+02 6.999848806334085793e-03 1.024123805188893906e-03 9.989758761948110966e-01 0.000000000000000000e+00 0.000000000000000000e+00 0.000000000000000000e+00
2.000000000000000000e+02 7.999827207239018634e-03 1.137915339098771066e-04 9.998862084660901095e-01 0.000000000000000000e+00 0.000000000000000000e+00 0.000000000000000000e+00
2.250000000000000000e+02 8.999805608143729430e-03 7.965407373691396923e-04 9.992034592626308775e-01 0.000000000000000000e+00 0.000000000000000000e+00 0.000000000000000000e+00
2.500000000000000000e+02 9.999784009048662270e-03 1.024123805188893906e-03 9.989758761948110966e-01 0.000000000000000000e+00 0.000000000000000000e+00 0.000000000000000000e+00
2.750000000000000000e+02 1.099976240995359511e-02 1.137915339098770958e-03 9.988620846609012061e-01 0.000000000000000000e+00 0.000000000000000000e+00 0.000000000000000000e+00
3.000000000000000000e+02 1.199974081085830591e-02 1.251706873008648227e-03 9.987482931269913156e-01 0.000000000000000000e+00 0.000000000000000000e+00 0.000000000000000000e+00
3.250000000000000000e+02 1.299971921176323875e-02 1.479289940828402332e-03 9.985207100591716456e-01 0.000000000000000000e+00 0.000000000000000000e+00 0.000000000000000000e+00
3.500000000000000000e+02 1.399969761266817159e-02 1.934456076467910759e-03 9.980655439235320836e-01 0.000000000000000000e+00 0.000000000000000000e+00 0.000000000000000000e+00
3.750000000000000000e+02 1.499967601357288238e-02 9.103322712790168532e-04 9.990896677287209870e-01 0.000000000000000000e+00 0.000000000000000000e+00 0.000000000000000000e+00
4.000000000000000000e+02 1.599965441447781522e-02 1.706873008648156654e-03 9.981793354574419741e-01 0.000000000000000000e+00 1.137915339098771066e-04 0.000000000000000000e+00
4.250000000000000000e+02 1.699963281538274806e-02 2.730996813837050560e-03 9.972690031861629611e-01 0.000000000000000000e+00 0.000000000000000000e+00 0.000000000000000000e+00
4.500000000000000000e+02 1.799961121628745886e-02 1.820664542558033706e-03 9.980655439235320836e-01 0.000000000000000000e+00 1.137915339098771066e-04 0.000000000000000000e+00
4.750000000000000000e+02 1.899958961719239170e-02 1.706873008648156654e-03 9.982931269913518646e-01 0.000000000000000000e+00 0.000000000000000000e+00 0.000000000000000000e+00
5.000000000000000000e+02 1.999956801809732454e-02 1.934456076467910759e-03 9.980655439235320836e-01 0.000000000000000000e+00 0.000000000000000000e+00 0.000000000000000000e+00
5.250000000000000000e+02 2.099954641900203534e-02 2.958579881656804664e-03 9.970414201183431802e-01 0.000000000000000000e+00 0.000000000000000000e+00 0.000000000000000000e+00
5.500000000000000000e+02 2.199952481990696818e-02 3.868912152935821518e-03 9.961310878470641672e-01 0.000000000000000000e+00 0.000000000000000000e+00 0.000000000000000000e+00
5.750000000000000000e+02 2.299950322081190102e-02 1.479289940828402332e-03 9.985207100591716456e-01 0.000000000000000000e+00 0.000000000000000000e+00 0.000000000000000000e+00
6.000000000000000000e+02 2.399948162171683386e-02 3.299954483386436255e-03 9.967000455166135087e-01 0.000000000000000000e+00 0.000000000000000000e+00 0.000000000000000000e+00
6.250000000000000000e+02 2.499946002262154465e-02 4.893035958124715423e-03 9.951069640418752638e-01 0.000000000000000000e+00 0.000000000000000000e+00 0.000000000000000000e+00
6.500000000000000000e+02 2.599943842352647749e-02 2.844788347746927612e-03 9.971552116522530707e-01 0.000000000000000000e+00 0.000000000000000000e+00 0.000000000000000000e+00
6.750000000000000000e+02 2.699941682443141033e-02 4.210286754665453109e-03 9.956759217114247162e-01 0.000000000000000000e+00 1.137915339098771066e-04 0.000000000000000000e+00
7.000000000000000000e+02 2.799939522533612113e-02 4.096495220755575623e-03 9.957897132453344957e-01 0.000000000000000000e+00 1.137915339098771066e-04 0.000000000000000000e+00
7.250000000000000000e+02 2.899937362624105397e-02 3.868912152935821518e-03 9.959035047792443862e-01 0.000000000000000000e+00 2.275830678197542133e-04 0.000000000000000000e+00
7.500000000000000000e+02 2.999935202714598681e-02 3.072371415566681717e-03 9.969276285844332897e-01 0.000000000000000000e+00 0.000000000000000000e+00 0.000000000000000000e+00
7.750000000000000000e+02 3.099933042805069761e-02 2.730996813837050560e-03 9.971552116522530707e-01 0.000000000000000000e+00 1.137915339098771066e-04 0.000000000000000000e+00
8.000000000000000000e+02 3.199930882895563045e-02 7.396449704142011444e-03 9.924897587619481154e-01 0.000000000000000000e+00 1.137915339098771066e-04 0.000000000000000000e+00
8.250000000000000000e+02 3.299928722986056329e-02 5.461993627674101119e-03 9.945380063723259223e-01 0.000000000000000000e+00 0.000000000000000000e+00 0.000000000000000000e+00
8.500000000000000000e+02 3.399926563076527408e-02 3.868912152935821518e-03 9.959035047792443862e-01 0.000000000000000000e+00 2.275830678197542133e-04 0.000000000000000000e+00
8.750000000000000000e+02 3.499924403167020692e-02 4.210286754665453109e-03 9.954483386436049352e-01 0.000000000000000000e+00 3.413746017296313199e-04 0.000000000000000000e+00
9.000000000000000000e+02 3.599922243257513976e-02 4.665452890304961318e-03 9.952207555757851543e-01 0.000000000000000000e+00 1.137915339098771066e-04 0.000000000000000000e+00
9.250000000000000000e+02 3.699920083348007260e-02 4.551661356395083832e-03 9.954483386436049352e-01 0.000000000000000000e+00 0.000000000000000000e+00 0.000000000000000000e+00
9.500000000000000000e+02 3.799917923438478340e-02 4.779244424214838804e-03 9.951069640418752638e-01 0.000000000000000000e+00 1.137915339098771066e-04 0.000000000000000000e+00
9.750000000000000000e+02 3.899915763528971624e-02 5.461993627674101119e-03 9.944242148384160318e-01 0.000000000000000000e+00 1.137915339098771066e-04 0.000000000000000000e+00
1.000000000000000000e+03 3.999913603619464908e-02 5.234410559854347014e-03 9.946517979062358128e-01 0.000000000000000000e+00 1.137915339098771066e-04 0.000000000000000000e+00
1.025000000000000000e+03 4.099911443709935988e-02 5.575785161583977738e-03 9.943104233045061413e-01 0.000000000000000000e+00 1.137915339098771066e-04 0.000000000000000000e+00
1.050000000000000000e+03 4.199909283800429272e-02 1.251706873008648184e-02 9.868001820664542567e-01 0.000000000000000000e+00 6.827492034592626399e-04 0.000000000000000000e+00
1.075000000000000000e+03 4.299907123890922556e-02 9.103322712790167665e-03 9.907828857532999800e-01 0.000000000000000000e+00 1.137915339098771066e-04 0.000000000000000000e+00
1.100000000000000000e+03 4.399904963981393635e-02 9.558488848429677609e-03 9.899863450159308575e-01 0.000000000000000000e+00 4.551661356395084266e-04 0.000000000000000000e+00
1.125000000000000000e+03 4.499902804071886919e-02 1.160673645880746542e-02 9.880518889394629412e-01 0.000000000000000000e+00 3.413746017296313199e-04 0.000000000000000000e+00
1.150000000000000000e+03 4.599900644162380203e-02 1.194811106053709528e-02 9.878243058716431602e-01 0.000000000000000000e+00 2.275830678197542133e-04 0.000000000000000000e+00
1.175000000000000000e+03 4.699898484252851283e-02 1.126536185707783383e-02 9.885070550751023921e-01 0.000000000000000000e+00 2.275830678197542133e-04 0.000000000000000000e+00
1.200000000000000000e+03 4.799896324343344567e-02 1.137915339098771045e-02 9.882794720072826111e-01 0.000000000000000000e+00 3.413746017296313199e-04 0.000000000000000000e+00
1.225000000000000000e+03 4.899894164433837851e-02 1.672735548475193582e-02 9.829312699135184239e-01 0.000000000000000000e+00 3.413746017296313199e-04 0.000000000000000000e+00
1.250000000000000000e+03 4.999892004524308931e-02 1.923076923076923184e-02 9.799726900318616041e-01 0.000000000000000000e+00 7.965407373691396923e-04 0.000000000000000000e+00
1.275000000000000000e+03 5.099889844614802215e-02 1.467910787437414627e-02 9.848657259899863403e-01 0.000000000000000000e+00 4.551661356395084266e-04 0.000000000000000000e+00
1.300000000000000000e+03 5.199887684705295499e-02 1.741010468821119553e-02 9.819071461083295205e-01 0.000000000000000000e+00 6.827492034592626399e-04 0.000000000000000000e+00
1.325000000000000000e+03 5.299885524795788783e-02 1.547564861174328607e-02 9.838416021847974369e-01 0.000000000000000000e+00 6.827492034592626399e-04 0.000000000000000000e+00
1.350000000000000000e+03 5.399883364886259862e-02 1.593081474738279601e-02 9.837278106508875464e-01 0.000000000000000000e+00 3.413746017296313199e-04 0.000000000000000000e+00
1.375000000000000000e+03 5.499881204976753146e-02 1.695493855257168905e-02 9.820209376422394110e-01 0.000000000000000000e+00 1.024123805188893906e-03 0.000000000000000000e+00
1.400000000000000000e+03 5.599879045067246430e-02 1.991351843422849502e-02 9.794037323623122626e-01 0.000000000000000000e+00 6.827492034592626399e-04 0.000000000000000000e+00
1.425000000000000000e+03 5.699876885157717510e-02 1.843422849340009204e-02 9.809968138370505075e-01 0.000000000000000000e+00 5.689576695493854790e-04 0.000000000000000000e+00
1.450000000000000000e+03 5.799874725248210794e-02 2.230314064633591095e-02 9.762175694128356618e-01 0.000000000000000000e+00 1.479289940828402332e-03 0.000000000000000000e+00
1.475000000000000000e+03 5.899872565338704078e-02 1.843422849340009204e-02 9.803140646335912756e-01 0.000000000000000000e+00 1.251706873008648227e-03 0.000000000000000000e+00
1.500000000000000000e+03 5.999870405429175158e-02 2.492034592626308706e-02 9.738279472007282944e-01 0.000000000000000000e+00 1.251706873008648227e-03 0.000000000000000000e+00
1.525000000000000000e+03 6.099868245519668442e-02 2.651342740100136666e-02 9.724624487938097195e-01 0.000000000000000000e+00 1.024123805188893906e-03 0.000000000000000000e+00
1.550000000000000000e+03 6.199866085610161726e-02 3.004096495220755572e-02 9.689349112426035582e-01 0.000000000000000000e+00 1.024123805188893906e-03 0.000000000000000000e+00
1.575000000000000000e+03 6.299863925700632805e-02 3.265817023213472836e-02 9.657487482931269573e-01 0.000000000000000000e+00 1.593081474738279385e-03 0.000000000000000000e+00
1.600000000000000000e+03 6.399861765791126089e-02 2.753755120619025970e-02 9.708693673190714746e-01 0.000000000000000000e+00 1.593081474738279385e-03 0.000000000000000000e+00
1.625000000000000000e+03 6.499859605881619373e-02 3.516158397815202785e-02 9.627901684114701375e-01 0.000000000000000000e+00 2.048247610377787811e-03 0.000000000000000000e+00
1.650000000000000000e+03 6.599857445972112657e-02 3.538916704597178109e-02 9.625625853436504675e-01 0.000000000000000000e+00 2.048247610377787811e-03 0.000000000000000000e+00
1.675000000000000000e+03 6.699855286062583737e-02 4.016841147018661989e-02 9.576695493855257313e-01 0.000000000000000000e+00 2.162039144287664864e-03 0.000000000000000000e+00
1.700000000000000000e+03 6.799853126153077021e-02 4.221665908056440597e-02 9.550523441055985829e-01 0.000000000000000000e+00 2.730996813837050560e-03 0.000000000000000000e+00
1.725000000000000000e+03 6.899850966243570305e-02 4.938552571688666071e-02 9.478834774692762588e-01 0.000000000000000000e+00 2.730996813837050560e-03 0.000000000000000000e+00
1.750000000000000000e+03 6.999848806334041385e-02 4.949931725079653733e-02 9.474283113336368078e-01 0.000000000000000000e+00 3.072371415566681717e-03 0.000000000000000000e+00
1.775000000000000000e+03 7.099846646424534669e-02 5.678197542102867562e-02 9.390077378243059103e-01 0.000000000000000000e+00 4.210286754665453109e-03 0.000000000000000000e+00
1.800000000000000000e+03 7.199844486515027953e-02 6.508875739644970349e-02 9.304733727810651223e-01 0.000000000000000000e+00 4.437869822485207214e-03 0.000000000000000000e+00
1.825000000000000000e+03 7.299842326605499032e-02 5.439235320892125969e-02 9.417387346381429492e-01 0.000000000000000000e+00 3.868912152935821518e-03 0.000000000000000000e+00
1.850000000000000000e+03 7.399840166695992316e-02 6.907146108329539902e-02 9.271734182976786309e-01 0.000000000000000000e+00 3.755120619025944465e-03 0.000000000000000000e+00
1.875000000000000000e+03 7.499838006786485600e-02 7.692307692307692735e-02 9.171597633136094885e-01 0.000000000000000000e+00 5.917159763313609329e-03 0.000000000000000000e+00
1.900000000000000000e+03 7.599835846876956680e-02 7.066454255803368556e-02 9.241010468821119206e-01 0.000000000000000000e+00 5.234410559854347014e-03 0.000000000000000000e+00
1.925000000000000000e+03 7.699833686967449964e-02 7.931269913518433634e-02 9.164770141101502565e-01 0.000000000000000000e+00 4.210286754665453109e-03 0.000000000000000000e+00
1.950000000000000000e+03 7.799831527057943248e-02 7.828857532999544677e-02 9.143149749658625591e-01 0.000000000000000000e+00 7.396449704142011444e-03 0.000000000000000000e+00
1.975000000000000000e+03 7.899829367148414327e-02 7.840236686390532339e-02 9.154528903049613531e-01 0.000000000000000000e+00 6.144742831133363434e-03 0.000000000000000000e+00
2.000000000000000000e+03 7.999827207238907611e-02 9.057806099226217711e-02 9.006599908966772539e-01 0.000000000000000000e+00 8.761948111060537808e-03 0.000000000000000000e+00
2.025000000000000000e+03 8.099825047329400896e-02 9.604005461993628257e-02 8.963359126081019701e-01 0.000000000000000000e+00 7.624032771961766417e-03 0.000000000000000000e+00
2.050000000000000000e+03 8.199822887419894180e-02 1.116294947655894348e-01 8.786982248520710526e-01 0.000000000000000000e+00 9.672280382339554228e-03 0.000000000000000000e+00
2.075000000000000000e+03 8.299820727510365259e-02 1.118570778334091881e-01 8.789258079198907225e-01 0.000000000000000000e+00 9.217114246700046018e-03 0.000000000000000000e+00
2.100000000000000000e+03 8.399818567600858543e-02 1.175466545289030468e-01 8.717569412835685094e-01 0.000000000000000000e+00 1.069640418752844727e-02 0.000000000000000000e+00
2.125000000000000000e+03 8.499816407691351827e-02 1.218707328174783860e-01 8.665225307237141017e-01 0.000000000000000000e+00 1.160673645880746542e-02 0.000000000000000000e+00
2.150000000000000000e+03 8.599814247781822907e-02 1.333636777423759801e-01 8.557123350022758368e-01 0.000000000000000000e+00 1.092398725534820224e-02 0.000000000000000000e+00
2.175000000000000000e+03 8.699812087872316191e-02 1.288120163859808875e-01 8.571916249431041912e-01 0.000000000000000000e+00 1.399635867091488309e-02 0.000000000000000000e+00
2.200000000000000000e+03 8.799809927962809475e-02 1.399635867091488517e-01 8.435366408739189970e-01 2.275830678197542133e-04 1.627218934911242587e-02 0.000000000000000000e+00
2.225000000000000000e+03 8.899807768053280554e-02 1.753527537551206328e-01 8.068957669549385869e-01 0.000000000000000000e+00 1.775147928994082885e-02 0.000000000000000000e+00
2.250000000000000000e+03 8.999805608143773838e-02 1.668183887118798447e-01 8.133818843878015681e-01 0.000000000000000000e+00 1.979972690031861493e-02 0.000000000000000000e+00
2.275000000000000000e+03 9.099803448234267123e-02 1.788802913063268218e-01 7.928994082840237212e-01 2.275830678197542133e-04 2.799271734182976618e-02 0.000000000000000000e+00
2.300000000000000000e+03 9.199801288324738202e-02 2.025489303595812418e-01 7.666135639508420141e-01 1.137915339098771066e-04 3.072371415566681890e-02 0.000000000000000000e+00
2.325000000000000000e+03 9.299799128415231486e-02 2.212107419208010906e-01 7.388484296768320636e-01 4.551661356395084266e-04 3.948566226672735324e-02 0.000000000000000000e+00
2.350000000000000000e+03 9.399796968505724770e-02 2.439690487027765253e-01 7.010696404187528596e-01 2.275830678197542133e-04 5.473372781065088954e-02 0.000000000000000000e+00
2.375000000000000000e+03 9.499794808596218054e-02 2.826581702321347422e-01 6.539599453800637452e-01 3.413746017296313199e-04 6.304050978607191047e-02 0.000000000000000000e+00
2.400000000000000000e+03 9.599792648686689134e-02 2.877787892580792040e-01 6.309740555302685294e-01 1.706873008648156654e-03 7.954028220300408958e-02 0.000000000000000000e+00
2.425000000000000000e+03 9.699790488777182418e-02 3.121301775147928836e-01 5.856850250341374409e-01 1.137915339098770958e-03 1.010468821119708677e-01 0.000000000000000000e+00
2.450000000000000000e+03 9.799788328867675702e-02 3.348884842967683184e-01 5.450614474283113076e-01 2.048247610377787811e-03 1.180018206645425533e-01 0.000000000000000000e+00
2.475000000000000000e+03 9.899786168958146781e-02 3.494538006372325811e-01 5.118343195266271684e-01 2.844788347746927612e-03 1.358670914883932657e-01 0.000000000000000000e+00
2.500000000000000000e+03 9.999784009048640065e-02 3.611743286299499145e-01 4.749658625398270329e-01 3.641329085116067413e-03 1.602184797451069731e-01 0.000000000000000000e+00
2.525000000000000000e+03 1.009978184913913335e-01 3.600364132908511761e-01 4.518661811561219821e-01 3.755120619025944465e-03 1.843422849340008995e-01 0.000000000000000000e+00
2.550000000000000000e+03 1.019977968922960443e-01 3.850705507510241432e-01 4.112426035502958488e-01 5.120619025944469528e-03 1.985662266727355463e-01 0.000000000000000000e+00
2.575000000000000000e+03 1.029977752932009771e-01 4.088529813381884259e-01 3.642467000455166248e-01 7.510241238051888930e-03 2.193900773782430647e-01 0.000000000000000000e+00
2.600000000000000000e+03 1.039977536941059100e-01 3.942876649977241632e-01 3.521847974510696200e-01 1.126536185707783383e-02 2.422621756941283622e-01 0.000000000000000000e+00
2.625000000000000000e+03 1.049977320950106208e-01 3.973600364132908735e-01 3.282885753299954468e-01 1.490669094219390124e-02 2.594446973145198010e-01 0.000000000000000000e+00
2.650000000000000000e+03 1.059977104959155536e-01 3.959945380063722986e-01 3.147473827947200875e-01 2.025489303595812488e-02 2.690031861629494925e-01 0.000000000000000000e+00
2.675000000000000000e+03 1.069976888968204864e-01 3.936049157942649313e-01 2.967683204369594985e-01 2.514792899408284030e-02 2.844788347746927681e-01 0.000000000000000000e+00
2.700000000000000000e+03 1.079976672977251972e-01 3.986117432862995025e-01 2.736686390532544477e-01 2.856167501137915274e-02 2.991579426490669213e-01 0.000000000000000000e+00
2.725000000000000000e+03 1.089976456986301301e-01 3.946290395994537792e-01 2.585343650432407880e-01 3.083750568957669552e-02 3.159990896677287164e-01 0.000000000000000000e+00
2.750000000000000000e+03 1.099976240995350629e-01 3.948566226672735602e-01 2.547792444242148457e-01 3.482020937642239106e-02 3.155439235320892100e-01 0.000000000000000000e+00
2.775000000000000000e+03 1.109976025004399958e-01 4.074874829312699065e-01 2.393035958124715423e-01 3.800637232589895026e-02 3.152025489303595940e-01 0.000000000000000000e+00
2.800000000000000000e+03 1.119975809013447066e-01 4.045289030496130867e-01 2.313381884387801513e-01 3.994082840236686666e-02 3.241920801092398885e-01 0.000000000000000000e+00
2.825000000000000000e+03 1.129975593022496394e-01 4.073736913973600160e-01 2.104005461993627701e-01 4.460628129267182190e-02 3.376194811106053573e-01 0.000000000000000000e+00
2.850000000000000000e+03 1.139975377031545722e-01 4.105598543468366168e-01 2.064178425125170746e-01 5.325443786982248656e-02 3.297678652708238567e-01 0.000000000000000000e+00
2.875000000000000000e+03 1.149975161040592830e-01 4.259217114246700020e-01 1.909421939007737712e-01 6.019572143832498806e-02 3.229403732362312041e-01 0.000000000000000000e+00
2.900000000000000000e+03 1.159974945049642159e-01 4.149977241693217911e-01 1.869594902139280757e-01 6.964041875284478211e-02 3.284023668639053373e-01 0.000000000000000000e+00
2.925000000000000000e+03 1.169974729058691487e-01 4.153390987710514071e-01 1.819526627218935044e-01 7.476103777878925771e-02 3.279472007282658308e-01 0.000000000000000000e+00
2.950000000000000000e+03 1.179974513067738595e-01 4.172735548475193235e-01 1.619253527537551085e-01 7.430587164314975124e-02 3.464952207555757613e-01 0.000000000000000000e+00
2.975000000000000000e+03 1.189974297076787924e-01 4.107874374146563423e-01 1.589667728720983164e-01 8.067819754210286964e-02 3.495675921711424716e-01 0.000000000000000000e+00
3.000000000000000000e+03 1.199974081085837252e-01 4.281975421028675344e-01 1.475876194811105990e-01 8.579881656804733137e-02 3.384160218479745352e-01 0.000000000000000000e+00
3.025000000000000000e+03 1.209973865094884360e-01 4.378698224852071164e-01 1.420118343195266308e-01 9.217114246700044977e-02 3.279472007282658308e-01 0.000000000000000000e+00
3.050000000000000000e+03 1.219973649103933688e-01 4.383249886208466228e-01 1.362084660901228816e-01 9.626763768775603580e-02 3.291989076012744597e-01 0.000000000000000000e+00
3.075000000000000000e+03 1.229973433112983017e-01 4.254665452890304955e-01 1.324533454710969393e-01 1.007055075102412378e-01 3.413746017296312996e-01 0.000000000000000000e+00
3.100000000000000000e+03 1.239973217122032345e-01 4.511834319526626946e-01 1.192535275375512099e-01 9.968138370505234824e-02 3.298816568047337472e-01 0.000000000000000000e+00
3.125000000000000000e+03 1.249973001131079453e-01 4.566454255803368278e-01 1.111743286299499284e-01 1.079881656804733692e-01 3.241920801092398885e-01 0.000000000000000000e+00
3.150000000000000000e+03 1.259972785140128781e-01 4.425352753755120716e-01 1.133363677742375980e-01 1.108329540282202985e-01 3.332954028220300180e-01 0.000000000000000000e+00
3.175000000000000000e+03 1.269972569149178110e-01 4.451524806554392200e-01 1.101502048247610388e-01 1.156121984524351443e-01 3.290851160673645692e-01 0.000000000000000000e+00
3.200000000000000000e+03 1.279972353158225218e-01 4.553937187073281989e-01 1.053709604005461931e-01 1.115157032316795582e-01 3.277196176604460498e-01 0.000000000000000000e+00
3.225000000000000000e+03 1.289972137167274546e-01 4.701866181156121871e-01 9.695038689121529552e-02 1.104915794264906687e-01 3.223714155666818626e-01 0.000000000000000000e+00
3.250000000000000000e+03 1.299971921176323875e-01 4.633591260810195900e-01 9.854346836595356818e-02 1.165225307237141572e-01 3.215748748293126846e-01 0.000000000000000000e+00
3.275000000000000000e+03 1.309971705185370983e-01 4.584660901228948537e-01 1.020710059171597572e-01 1.210741920801092358e-01 3.183887118798361393e-01 0.000000000000000000e+00
3.300000000000000000e+03 1.319971489194420311e-01 4.551661356395084179e-01 9.854346836595356818e-02 1.227810650887573990e-01 3.235093309057806010e-01 0.000000000000000000e+00
3.325000000000000000e+03 1.329971273203469639e-01 4.692762858443331742e-01 9.660901228948566566e-02 1.238051888939462886e-01 3.103095129722348577e-01 0.000000000000000000e+00
3.350000000000000000e+03 1.339971057212516747e-01 4.756486117432863203e-01 9.729176149294492537e-02 1.291533909877105035e-01 2.979062357760582369e-01 0.000000000000000000e+00
3.375000000000000000e+03 1.349970841221566076e-01 4.742831133363678009e-01 9.569868001820663883e-02 1.288120163859808875e-01 3.012061902594446727e-01 0.000000000000000000e+00
3.400000000000000000e+03 1.359970625230615404e-01 4.651797906235776159e-01 9.729176149294492537e-02 1.312016385980883104e-01 3.063268092853891900e-01 0.000000000000000000e+00
3.425000000000000000e+03 1.369970409239662512e-01 4.592626308602639762e-01 9.899863450159307465e-02 1.365498406918525254e-01 3.051888939462903960e-01 0.000000000000000000e+00
3.450000000000000000e+03 1.379970193248711841e-01 4.639280837505689314e-01 9.604005461993628257e-02 1.349567592171142527e-01 3.050751024123805055e-01 0.000000000000000000e+00
3.475000000000000000e+03 1.389969977257761169e-01 4.716659080564405970e-01 9.274010013654984674e-02 1.347291761492944995e-01 3.008648156577150568e-01 0.000000000000000000e+00
3.500000000000000000e+03 1.399969761266810497e-01 4.680245789713245452e-01 9.069185252617205373e-02 1.423532089212562468e-01 2.989303595812471404e-01 0.000000000000000000e+00
3.525000000000000000e+03 1.409969545275857605e-01 4.841829767865271084e-01 8.966772872098316416e-02 1.430359581247155343e-01 2.831133363677742487e-01 0.000000000000000000e+00
3.550000000000000000e+03 1.419969329284906934e-01 4.850933090578061213e-01 9.251251706873007963e-02 1.482703686845698587e-01 2.741238051888939542e-01 0.000000000000000000e+00
3.575000000000000000e+03 1.429969113293956262e-01 4.932862994993172379e-01 9.228493400091032639e-02 1.528220300409649512e-01 2.616067364588074429e-01 0.000000000000000000e+00
3.600000000000000000e+03 1.439968897303003370e-01 4.888484296768320636e-01 9.217114246700044977e-02 1.549840691852526209e-01 2.639963586709148657e-01 0.000000000000000000e+00
3.625000000000000000e+03 1.449968681312052698e-01 5.026172052799271484e-01 9.091943559399180697e-02 1.555530268548019901e-01 2.509103322712790130e-01 0.000000000000000000e+00
3.650000000000000000e+03 1.459968465321102027e-01 4.932862994993172379e-01 8.716431497496586467e-02 1.570323167956304000e-01 2.625170687300864558e-01 0.000000000000000000e+00
3.675000000000000000e+03 1.469968249330149135e-01 4.995448338643604935e-01 8.500227583067819503e-02 1.606736458807464796e-01 2.547792444242148457e-01 0.000000000000000000e+00
3.700000000000000000e+03 1.479968033339198463e-01 5.085343650432407880e-01 8.773327264451524776e-02 1.635184342284934089e-01 2.402139280837505553e-01 0.000000000000000000e+00
3.725000000000000000e+03 1.489967817348247792e-01 5.080791989076012261e-01 8.602639963586708460e-02 1.684114701866181174e-01 2.374829312699135164e-01 0.000000000000000000e+00
3.750000000000000000e+03 1.499967601357294900e-01 5.164997724169322346e-01 8.670914883932635819e-02 1.659080564406008318e-01 2.308830223031406448e-01 0.000000000000000000e+00
3.775000000000000000e+03 1.509967385366344228e-01 5.314064633591261133e-01 8.079198907601274626e-02 1.594219390077378229e-01 2.283796085571233592e-01 0.000000000000000000e+00
3.800000000000000000e+03 1.519967169375393556e-01 5.258306781975421451e-01 8.045061447428311641e-02 1.646563495675921751e-01 2.290623577605826189e-01 0.000000000000000000e+00
3.825000000000000000e+03 1.529966953384442885e-01 5.319754210286754548e-01 7.931269913518433634e-02 1.656804733727810786e-01 2.230314064633591165e-01 0.000000000000000000e+00
3.850000000000000000e+03 1.539966737393489993e-01 5.309512972234865513e-01 7.840236686390532339e-02 1.669321802457897075e-01 2.237141556668183762e-01 0.000000000000000000e+00
3.875000000000000000e+03 1.549966521402539321e-01 5.339098771051433712e-01 7.862994993172507663e-02 1.684114701866181174e-01 2.190487027765134209e-01 0.000000000000000000e+00
3.900000000000000000e+03 1.559966305411588650e-01 5.299271734182976479e-01 7.487482931269913433e-02 1.709148839326354030e-01 2.242831133363677731e-01 0.000000000000000000e+00
3.925000000000000000e+03 1.569966089420635758e-01 5.325443786982249073e-01 7.840236686390532339e-02 1.729631315430132099e-01 2.160901228948566288e-01 0.000000000000000000e+00
3.950000000000000000e+03 1.579965873429685086e-01 5.501820664542558248e-01 7.874374146563495325e-02 1.777423759672280279e-01 1.933318161128811941e-01 0.000000000000000000e+00
3.975000000000000000e+03 1.589965657438734414e-01 5.510923987255348377e-01 7.965407373691398007e-02 1.774010013654984119e-01 1.918525261720528119e-01 0.000000000000000000e+00
4.000000000000000000e+03 1.599965441447781522e-01 5.499544833864360438e-01 7.737824305871643382e-02 1.779699590350477811e-01 1.946973145197997135e-01 0.000000000000000000e+00
4.025000000000000000e+03 1.609965225456830851e-01 5.625853436504324456e-01 7.521620391442876419e-02 1.708010923987255403e-01 1.913973600364132777e-01 0.000000000000000000e+00
4.050000000000000000e+03 1.619965009465880179e-01 5.546199362767409990e-01 7.612653618570777714e-02 1.764906690942193990e-01 1.927628584433318248e-01 0.000000000000000000e+00
4.075000000000000000e+03 1.629964793474927287e-01 5.729403732362312596e-01 6.884387801547564578e-02 1.708010923987255403e-01 1.874146563495675821e-01 0.000000000000000000e+00
4.100000000000000000e+03 1.639964577483976615e-01 5.671370050068275104e-01 7.237141556668183484e-02 1.775147928994082747e-01 1.829767865270823801e-01 0.000000000000000000e+00
4.125000000000000000e+03 1.649964361493025944e-01 5.765817023213473114e-01 7.191624943104232837e-02 1.750113791533909890e-01 1.764906690942193990e-01 0.000000000000000000e+00
4.150000000000000000e+03 1.659964145502073052e-01 5.638370505234410190e-01 7.282658170232134132e-02 1.783113336367774249e-01 1.850250341374601593e-01 0.000000000000000000e+00
4.175000000000000000e+03 1.669963929511122380e-01 5.744196631770596140e-01 7.510241238051888757e-02 1.741010468821119761e-01 1.763768775603095085e-01 0.000000000000000000e+00
4.200000000000000000e+03 1.679963713520171709e-01 5.694128356850249872e-01 6.998179335457442585e-02 1.809285389167046010e-01 1.796768320436959443e-01 0.000000000000000000e+00
4.225000000000000000e+03 1.689963497529221037e-01 5.768092853891670924e-01 6.895766954938552240e-02 1.822940373236231204e-01 1.719390077378243065e-01 0.000000000000000000e+00
4.250000000000000000e+03 1.699963281538268145e-01 5.885298133818843702e-01 7.282658170232134132e-02 1.853664087391898030e-01 1.532771961766044577e-01 0.000000000000000000e+00
4.275000000000000000e+03 1.709963065547317473e-01 5.782885753299954468e-01 7.441966317705962786e-02 1.894629039599453890e-01 1.578288575329995502e-01 0.000000000000000000e+00
4.300000000000000000e+03 1.719962849556366802e-01 5.887573964497041512e-01 7.487482931269913433e-02 1.906008192990441552e-01 1.457669549385525731e-01 0.000000000000000000e+00
4.325000000000000000e+03 1.729962633565413910e-01 5.840919435593991960e-01 7.612653618570777714e-02 1.990213928083750528e-01 1.407601274465179741e-01 0.000000000000000000e+00
4.350000000000000000e+03 1.739962417574463238e-01 5.853436504324078804e-01 7.658170232134729749e-02 1.974283113336367801e-01 1.406463359126081114e-01 0.000000000000000000e+00
4.375000000000000000e+03 1.749962201583512567e-01 5.984296768320437332e-01 7.532999544833864081e-02 1.954938552571688637e-01 1.307464724624488039e-01 0.000000000000000000e+00
4.400000000000000000e+03 1.759961985592559675e-01 5.945607646791079004e-01 7.965407373691398007e-02 2.002730996813837094e-01 1.255120619025944517e-01 0.000000000000000000e+00
4.425000000000000000e+03 1.769961769601609003e-01 5.855712335002275504e-01 7.726445152480655720e-02 1.957214383249886169e-01 1.414428766499772339e-01 0.000000000000000000e+00
4.450000000000000000e+03 1.779961553610658331e-01 6.041192535275375919e-01 7.487482931269913433e-02 1.950386891215293572e-01 1.259672280382339582e-01 0.000000000000000000e+00
4.475000000000000000e+03 1.789961337619705439e-01 6.076467910787437532e-01 7.305416477014110843e-02 2.000455166135639562e-01 1.192535275375512099e-01 0.000000000000000000e+00
4.500000000000000000e+03 1.799961121628754768e-01 6.093536640873918886e-01 7.316795630405098505e-02 2.003868912152935722e-01 1.170914883932635403e-01 0.000000000000000000e+00
4.525000000000000000e+03 1.809960905637804096e-01 6.141329085116067343e-01 7.305416477014110843e-02 1.961766044606281234e-01 1.166363222576240338e-01 0.000000000000000000e+00
4.550000000000000000e+03 1.819960689646853425e-01 6.203914428766499345e-01 7.009558488848430247e-02 1.949248975876194945e-01 1.145880746472462408e-01 0.000000000000000000e+00
4.575000000000000000e+03 1.829960473655900532e-01 6.131087847064178309e-01 7.419208010923987462e-02 1.974283113336367801e-01 1.152708238507055144e-01 0.000000000000000000e+00
4.600000000000000000e+03 1.839960257664949861e-01 6.205052344105598250e-01 7.373691397360036814e-02 1.981110605370960398e-01 1.076467910787437393e-01 0.000000000000000000e+00
4.625000000000000000e+03 1.849960041673999189e-01 6.087847064178425471e-01 7.350933090578061491e-02 2.023213472917614886e-01 1.153846153846153910e-01 0.000000000000000000e+00
4.650000000000000000e+03 1.859959825683046297e-01 6.247155211652253293e-01 7.191624943104232837e-02 2.031178880291306388e-01 1.002503413746017313e-01 0.000000000000000000e+00
4.675000000000000000e+03 1.869959609692095626e-01 6.173190714610833352e-01 7.692307692307692735e-02 2.071005917159763343e-01 9.865725989986344480e-02 0.000000000000000000e+00
4.700000000000000000e+03 1.879959393701144954e-01 6.195949021392808120e-01 7.589895311788802390e-02 2.100591715976331264e-01 9.444697314519799602e-02 0.000000000000000000e+00
4.725000000000000000e+03 1.889959177710192062e-01 6.158397815202548697e-01 7.851615839781520001e-02 2.125625853436504398e-01 9.308147473827947660e-02 0.000000000000000000e+00
4.750000000000000000e+03 1.899958961719241390e-01 6.198224852071005930e-01 7.737824305871643382e-02 2.127901684114701930e-01 9.000910332271279402e-02 0.000000000000000000e+00
4.775000000000000000e+03 1.909958745728290719e-01 6.177742375967227861e-01 7.817478379608557015e-02 2.170004551661356418e-01 8.705052344105598805e-02 0.000000000000000000e+00
4.800000000000000000e+03 1.919958529737337827e-01 6.225534820209376319e-01 7.783340919435594030e-02 2.135867091488393155e-01 8.602639963586708460e-02 0.000000000000000000e+00
4.825000000000000000e+03 1.929958313746387155e-01 6.226672735548475224e-01 7.874374146563495325e-02 2.107419208010923861e-01 8.784706417842512438e-02 0.000000000000000000e+00
4.850000000000000000e+03 1.939958097755436484e-01 6.213017751479289474e-01 8.215748748293126569e-02 2.170004551661356418e-01 7.954028220300408958e-02 0.000000000000000000e+00
4.875000000000000000e+03 1.949957881764483592e-01 6.173190714610833352e-01 8.409194355939918208e-02 2.254210286754665393e-01 7.305416477014110843e-02 1.137915339098771066e-04
4.900000000000000000e+03 1.959957665773532920e-01 6.220983158852981809e-01 8.477469276285844180e-02 2.228038233955393632e-01 7.032316795630405570e-02 0.000000000000000000e+00
4.925000000000000000e+03 1.969957449782582248e-01 6.210741920801092775e-01 8.431952662721893532e-02 2.203004096495220776e-01 7.430587164314975124e-02 0.000000000000000000e+00
4.950000000000000000e+03 1.979957233791631577e-01 6.253982703686845612e-01 8.477469276285844180e-02 2.243969048702776636e-01 6.543013199817933334e-02 0.000000000000000000e+00
4.975000000000000000e+03 1.989957017800678685e-01 6.264223941738734647e-01 8.511606736458807165e-02 2.261037778789257990e-01 6.224396904870277414e-02 1.137915339098771066e-04
5.000000000000000000e+03 1.999956801809728013e-01 6.318843878015475424e-01 8.443331816112881194e-02 2.279244424214838527e-01 5.575785161583977911e-02 0.000000000000000000e+00
5.025000000000000000e+03 2.009956585818777342e-01 6.348429676832043622e-01 8.215748748293126569e-02 2.240555302685480199e-01 5.894401456531633832e-02 0.000000000000000000e+00
5.050000000000000000e+03 2.019956369827824449e-01 6.253982703686845612e-01 8.545744196631770151e-02 2.295175238962221254e-01 5.962676376877560497e-02 0.000000000000000000e+00
5.075000000000000000e+03 2.029956153836873778e-01 6.330223031406463363e-01 8.352298588984979899e-02 2.278106508875739622e-01 5.564406008192990249e-02 0.000000000000000000e+00
5.100000000000000000e+03 2.039955937845923106e-01 6.330223031406463363e-01 8.306781975421029252e-02 2.264451524806554428e-01 5.746472462448793533e-02 0.000000000000000000e+00
5.125000000000000000e+03 2.049955721854970214e-01 6.347291761492944717e-01 8.522985889849794827e-02 2.258761948111060458e-01 5.416477014110149951e-02 0.000000000000000000e+00
5.150000000000000000e+03 2.059955505864019543e-01 6.283568502503413811e-01 8.807464724624487762e-02 2.307692307692307820e-01 5.279927173418298009e-02 0.000000000000000000e+00
5.175000000000000000e+03 2.069955289873068871e-01 6.290395994538006130e-01 8.705052344105598805e-02 2.265589440145653055e-01 5.735093309057805872e-02 0.000000000000000000e+00
5.200000000000000000e+03 2.079955073882115979e-01 6.327947200728265553e-01 8.659535730541648157e-02 2.280382339553937154e-01 5.257168866636321991e-02 0.000000000000000000e+00
5.225000000000000000e+03 2.089954857891165307e-01 6.400773782430587699e-01 8.966772872098316416e-02 2.191624943104233114e-01 5.109239872553481693e-02 0.000000000000000000e+00
5.250000000000000000e+03 2.099954641900214636e-01 6.370050068274920596e-01 9.114701866181156020e-02 2.206417842512516936e-01 5.120619025944470049e-02 0.000000000000000000e+00
5.275000000000000000e+03 2.109954425909263964e-01 6.494082840236686804e-01 8.944014565316341092e-02 2.166590805644059980e-01 4.449248975876194528e-02 0.000000000000000000e+00
5.300000000000000000e+03 2.119954209918311072e-01 6.412152935821574529e-01 9.080564406008193035e-02 2.185935366408739144e-01 4.938552571688666071e-02 0.000000000000000000e+00
5.325000000000000000e+03 2.129953993927360401e-01 6.396222121074192080e-01 9.126081019572143682e-02 2.230314064633591165e-01 4.608557123350022489e-02 0.000000000000000000e+00
5.350000000000000000e+03 2.139953777936409729e-01 6.488393263541192280e-01 8.864360491579426071e-02 2.199590350477924339e-01 4.255803368229403583e-02 0.000000000000000000e+00
5.375000000000000000e+03 2.149953561945456837e-01 6.425807919890760278e-01 9.239872553482020301e-02 2.216659080564405970e-01 4.335457441966317910e-02 0.000000000000000000e+00
5.400000000000000000e+03 2.159953345954506165e-01 6.536185707783340737e-01 9.012289485662267063e-02 2.130177514792899462e-01 4.324078288575330248e-02 0.000000000000000000e+00
5.425000000000000000e+03 2.169953129963555494e-01 6.505461993627673634e-01 9.456076467910787264e-02 2.122212107419207960e-01 4.267182521620391245e-02 0.000000000000000000e+00
5.450000000000000000e+03 2.179952913972602602e-01 6.512289485662267063e-01 9.490213928083750250e-02 2.144970414201183562e-01 3.937187073281747662e-02 0.000000000000000000e+00
5.475000000000000000e+03 2.189952697981651930e-01 6.513427401001365968e-01 9.638142922166591242e-02 2.116522530723714268e-01 4.062357760582612637e-02 0.000000000000000000e+00
5.500000000000000000e+03 2.199952481990701258e-01 6.627218934911243142e-01 9.410559854346836617e-02 2.053937187073281712e-01 3.777878925807919702e-02 0.000000000000000000e+00
5.525000000000000000e+03 2.209952265999748366e-01 6.667045971779699265e-01 9.353664087391898307e-02 1.985662266727355463e-01 4.107874374146563284e-02 1.137915339098771066e-04
5.550000000000000000e+03 2.219952050008797695e-01 6.618115612198451903e-01 9.478834774692762588e-02 2.035730541647701453e-01 3.982703686845699004e-02 0.000000000000000000e+00
5.575000000000000000e+03 2.229951834017847023e-01 6.597633136094674944e-01 9.695038689121529552e-02 2.082385070550751005e-01 3.493400091033227461e-02 1.137915339098771066e-04
5.600000000000000000e+03 2.239951618026894131e-01 6.654528903049613531e-01 9.968138370505234824e-02 2.028903049613108855e-01 3.197542102867546865e-02 0.000000000000000000e+00
5.625000000000000000e+03 2.249951402035943460e-01 6.741010468821119206e-01 9.569868001820663883e-02 1.923076923076923184e-01 3.777878925807919702e-02 1.137915339098771066e-04
5.650000000000000000e+03 2.259951186044992788e-01 6.637460172963131066e-01 9.638142922166591242e-02 1.975421028675466428e-01 4.233045061447428259e-02 0.000000000000000000e+00
5.675000000000000000e+03 2.269950970054042116e-01 6.688666363222576239e-01 9.444697314519799602e-02 1.991351843422849432e-01 3.755120619025944378e-02 0.000000000000000000e+00
