# itime ezz other fcc hcp bcc ico
0.000000000000000000e+00 0.000000000000000000e+00 0.000000000000000000e+00 1.000000000000000000e+00 0.000000000000000000e+00 0.000000000000000000e+00 0.000000000000000000e+00
2.500000000000000000e+03 1.000005757230404413e-02 0.000000000000000000e+00 1.000000000000000000e+00 0.000000000000000000e+00 0.000000000000000000e+00 0.000000000000000000e+00
5.000000000000000000e+03 2.000011514460808826e-02 0.000000000000000000e+00 1.000000000000000000e+00 0.000000000000000000e+00 0.000000000000000000e+00 0.000000000000000000e+00
7.500000000000000000e+03 3.000017271691213239e-02 0.000000000000000000e+00 1.000000000000000000e+00 0.000000000000000000e+00 0.000000000000000000e+00 0.000000000000000000e+00
1.000000000000000000e+04 4.000023028921639856e-02 0.000000000000000000e+00 1.000000000000000000e+00 0.000000000000000000e+00 0.000000000000000000e+00 0.000000000000000000e+00
1.250000000000000000e+04 5.000028786152044269e-02 0.000000000000000000e+00 1.000000000000000000e+00 0.000000000000000000e+00 0.000000000000000000e+00 0.000000000000000000e+00
1.500000000000000000e+04 6.000034543382448682e-02 0.000000000000000000e+00 1.000000000000000000e+00 0.000000000000000000e+00 0.000000000000000000e+00 0.000000000000000000e+00
1.750000000000000000e+04 7.000040300612853095e-02 0.000000000000000000e+00 9.998862084660901095e-01 0.000000000000000000e+00 1.137915339098771066e-04 0.000000000000000000e+00
2.000000000000000000e+04 8.000046057843257508e-02 2.275830678197542133e-04 9.997724169321802190e-01 0.000000000000000000e+00 0.000000000000000000e+00 0.000000000000000000e+00
2.250000000000000000e+04 9.000051815073661921e-02 1.593081474738279385e-03 9.982931269913518646e-01 0.000000000000000000e+00 1.137915339098771066e-04 0.000000000000000000e+00
2.500000000000000000e+04 1.000005757230406633e-01 2.844788347746927612e-03 9.969276285844332897e-01 0.000000000000000000e+00 2.275830678197542133e-04 0.000000000000000000e+00
2.750000000000000000e+04 1.100006332953447075e-01 1.217569412835685094e-01 5.626991351843423361e-01 4.551661356395084266e-04 3.150887573964497035e-01 0.000000000000000000e+00
3.000000000000000000e+04 1.200006908676489736e-01 6.611288120163859305e-02 7.181383705052344357e-01 2.096040054619936199e-01 6.144742831133363434e-03 0.000000000000000000e+00
3.250000000000000000e+04 1.300007484399530178e-01 6.440600819299044377e-02 7.157487482931269573e-01 2.148384160218479721e-01 5.006827492034592909e-03 0.000000000000000000e+00
3.500000000000000000e+04 1.400008060122570619e-01 6.873008648156576916e-02 7.113108784706417831e-01 2.142694583522985752e-01 5.689576695493855224e-03 0.000000000000000000e+00
3.750000000000000000e+04 1.500008635845611060e-01 7.453345471096950448e-02 7.081247155211651823e-01 2.110832954028220299e-01 6.258534365043240920e-03 0.000000000000000000e+00
4.000000000000000000e+04 1.600009211568651502e-01 1.061675011379153433e-01 6.812699135184342447e-01 2.049385525716886647e-01 7.624032771961766417e-03 0.000000000000000000e+00
4.250000000000000000e+04 1.700009787291691943e-01 6.588529813381883982e-02 7.388484296768320636e-01 1.909421939007737712e-01 4.324078288575329727e-03 0.000000000000000000e+00
4.500000000000000000e+04 1.800010363014732384e-01 1.124260355029585851e-01 7.028903049613108855e-01 1.772872098315885214e-01 7.396449704142011444e-03 0.000000000000000000e+00
4.750000000000000000e+04 1.900010938737772825e-01 6.952662721893490549e-02 7.847064178425124936e-01 1.453117888029130667e-01 4.551661356395084266e-04 0.000000000000000000e+00
5.000000000000000000e+04 2.000011514460815487e-01 6.759217114246700298e-02 7.873236231224396420e-01 1.449704142011834229e-01 1.137915339098771066e-04 0.000000000000000000e+00
5.250000000000000000e+04 2.100012090183855928e-01 6.838871187983613931e-02 7.868684569868001910e-01 1.446290395994538069e-01 1.137915339098771066e-04 0.000000000000000000e+00
5.500000000000000000e+04 2.200012665906896370e-01 6.816112881201638607e-02 7.869822485207100815e-01 1.447428311333636697e-01 1.137915339098771066e-04 0.000000000000000000e+00
5.750000000000000000e+04 2.300013241629936811e-01 7.476103777878925771e-02 7.771961766044606090e-01 1.470186618115612298e-01 1.024123805188893906e-03 0.000000000000000000e+00
6.000000000000000000e+04 2.400013817352977252e-01 7.726445152480655720e-02 7.753755120619025831e-01 1.464497041420118328e-01 9.103322712790168532e-04 0.000000000000000000e+00
6.250000000000000000e+04 2.500014393076017694e-01 7.624032771961765376e-02 7.752617205279926926e-01 1.473600364132908458e-01 1.137915339098770958e-03 0.000000000000000000e+00
6.500000000000000000e+04 2.600014968799058135e-01 1.079881656804733692e-01 7.061902594446972659e-01 1.789940828402366846e-01 6.827492034592626616e-03 0.000000000000000000e+00
6.750000000000000000e+04 2.700015544522098576e-01 1.017296313154301274e-01 7.357760582612653533e-01 1.590805644060081792e-01 3.413746017296313308e-03 0.000000000000000000e+00
7.000000000000000000e+04 2.800016120245141238e-01 1.033227127901684139e-01 7.214383249886208160e-01 1.715976331360946627e-01 3.641329085116067413e-03 0.000000000000000000e+00
7.250000000000000000e+04 2.900016695968181679e-01 9.171597633136094330e-02 7.509103322712790130e-01 1.566909421939007840e-01 6.827492034592626399e-04 0.000000000000000000e+00
7.500000000000000000e+04 3.000017271691222120e-01 9.285389167045972336e-02 7.522758306781975879e-01 1.540737369139736079e-01 7.965407373691396923e-04 0.000000000000000000e+00
7.750000000000000000e+04 3.100017847414262562e-01 9.456076467910787264e-02 7.471552116522530707e-01 1.574874829312699065e-01 7.965407373691396923e-04 0.000000000000000000e+00
8.000000000000000000e+04 3.200018423137303003e-01 9.376422394173873631e-02 7.558033682294037492e-01 1.497496586253982687e-01 6.827492034592626399e-04 0.000000000000000000e+00
8.250000000000000000e+04 3.300018998860343444e-01 8.648156577150660496e-02 7.705962676376877374e-01 1.409877105143377274e-01 1.934456076467910759e-03 0.000000000000000000e+00
8.500000000000000000e+04 3.400019574583383886e-01 8.750568957669549452e-02 7.678652708238506985e-01 1.429221665908056438e-01 1.706873008648156654e-03 0.000000000000000000e+00
8.750000000000000000e+04 3.500020150306424327e-01 8.750568957669549452e-02 7.666135639508420141e-01 1.441738734638143005e-01 1.706873008648156654e-03 0.000000000000000000e+00
9.000000000000000000e+04 3.600020726029466989e-01 1.065088757396449731e-01 7.307692307692307265e-01 1.613563950842057393e-01 1.365498406918525280e-03 0.000000000000000000e+00
9.250000000000000000e+04 3.700021301752507430e-01 1.086709148839326289e-01 7.283796085571233592e-01 1.619253527537551085e-01 1.024123805188893906e-03 0.000000000000000000e+00
9.500000000000000000e+04 3.800021877475547871e-01 1.112881201638598050e-01 7.253072371415566488e-01 1.613563950842057393e-01 2.048247610377787811e-03 0.000000000000000000e+00
9.750000000000000000e+04 3.900022453198588313e-01 1.070778334091943562e-01 7.207555757851615841e-01 1.717114246700045532e-01 4.551661356395084266e-04 0.000000000000000000e+00
1.000000000000000000e+05 4.000023028921628754e-01 1.085571233500227523e-01 7.187073281747837772e-01 1.719390077378243065e-01 7.965407373691396923e-04 0.000000000000000000e+00
1.025000000000000000e+05 4.100023604644669195e-01 1.127674101046882149e-01 7.122212107419207960e-01 1.739872553482020856e-01 1.024123805188893906e-03 0.000000000000000000e+00
1.050000000000000000e+05 4.200024180367709636e-01 1.471324533454710926e-01 6.531634046426946227e-01 1.939007737824305910e-01 5.803368229403732710e-03 0.000000000000000000e+00
1.075000000000000000e+05 4.300024756090750078e-01 1.718252162039144160e-01 6.198224852071005930e-01 2.022075557578516258e-01 6.144742831133363434e-03 0.000000000000000000e+00
1.100000000000000000e+05 4.400025331813792739e-01 1.520254893035958010e-01 6.465634956759217511e-01 1.990213928083750528e-01 2.389622212107419402e-03 0.000000000000000000e+00
1.125000000000000000e+05 4.500025907536833181e-01 1.552116522530723741e-01 6.466772872098316416e-01 1.959490213928083702e-01 2.162039144287664864e-03 0.000000000000000000e+00
1.150000000000000000e+05 4.600026483259873622e-01 1.505461993627674189e-01 6.637460172963131066e-01 1.820664542558033672e-01 3.641329085116067413e-03 0.000000000000000000e+00
1.175000000000000000e+05 4.700027058982914063e-01 1.553254437869822369e-01 6.597633136094674944e-01 1.817250796540737234e-01 3.186162949476558769e-03 0.000000000000000000e+00
1.200000000000000000e+05 4.800027634705954505e-01 1.745562130177514826e-01 6.619253527537550807e-01 1.576012744651797970e-01 5.917159763313609329e-03 0.000000000000000000e+00
1.225000000000000000e+05 4.900028210428994946e-01 1.556668183887118806e-01 6.862767410104688715e-01 1.531634046426945950e-01 4.893035958124715423e-03 0.000000000000000000e+00
1.250000000000000000e+05 5.000028786152035387e-01 1.583978152025489194e-01 6.830905780609922706e-01 1.517979062357760478e-01 6.713700500682749130e-03 0.000000000000000000e+00
1.275000000000000000e+05 5.100029361875078049e-01 1.576012744651797970e-01 6.867319071461083224e-01 1.514565316340464318e-01 4.210286754665453109e-03 0.000000000000000000e+00
1.300000000000000000e+05 5.200029937598118490e-01 1.553254437869822369e-01 6.803595812471552318e-01 1.613563950842057393e-01 2.958579881656804664e-03 0.000000000000000000e+00
1.325000000000000000e+05 5.300030513321158931e-01 1.510013654984069253e-01 6.893491124260354708e-01 1.558944014565316338e-01 3.755120619025944465e-03 0.000000000000000000e+00
1.350000000000000000e+05 5.400031089044199373e-01 1.553254437869822369e-01 6.804733727810651223e-01 1.582840236686390567e-01 5.917159763313609329e-03 0.000000000000000000e+00
1.375000000000000000e+05 5.500031664767239814e-01 1.560081929904415243e-01 6.624943104233045332e-01 1.738734638142922229e-01 7.624032771961766417e-03 0.000000000000000000e+00
1.400000000000000000e+05 5.600032240490280255e-01 1.626081019572143960e-01 6.945835229858898785e-01 1.393946290395994547e-01 3.413746017296313308e-03 0.000000000000000000e+00
1.425000000000000000e+05 5.700032816213320697e-01 1.610150204824760956e-01 6.962903959945380139e-01 1.382567137005006885e-01 4.437869822485207214e-03 0.000000000000000000e+00
1.450000000000000000e+05 5.800033391936361138e-01 1.613563950842057393e-01 6.997041420118342847e-01 1.365498406918525254e-01 2.389622212107419402e-03 0.000000000000000000e+00
1.475000000000000000e+05 5.900033967659403800e-01 1.631770596267637652e-01 6.994765589440146147e-01 1.359808830223031284e-01 1.365498406918525280e-03 0.000000000000000000e+00
1.500000000000000000e+05 6.000034543382444241e-01 1.673873463814292140e-01 6.964041875284479044e-01 1.335912608101957333e-01 2.617205279927173507e-03 0.000000000000000000e+00
1.525000000000000000e+05 6.100035119105484682e-01 1.588529813381884259e-01 7.034592626308602270e-01 1.341602184797451025e-01 3.413746017296313308e-03 1.137915339098771066e-04
1.550000000000000000e+05 6.200035694828525124e-01 1.627218934911242587e-01 6.987938097405552718e-01 1.335912608101957333e-01 4.893035958124715423e-03 0.000000000000000000e+00
1.575000000000000000e+05 6.300036270551565565e-01 1.837733272644515303e-01 5.642922166590805810e-01 2.465862539827036737e-01 5.348202093764223633e-03 0.000000000000000000e+00
1.600000000000000000e+05 6.400036846274606006e-01 1.694355939918070209e-01 5.692990441511152078e-01 2.572826581702321591e-01 3.982703686845699004e-03 0.000000000000000000e+00
1.625000000000000000e+05 6.500037421997646447e-01 1.734182976786527164e-01 5.680473372781065233e-01 2.543240782885753393e-01 4.210286754665453109e-03 0.000000000000000000e+00
1.650000000000000000e+05 6.600037997720686889e-01 1.774010013654984119e-01 6.152708238507055283e-01 2.042558033682294050e-01 3.072371415566681717e-03 0.000000000000000000e+00
1.675000000000000000e+05 6.700038573443729550e-01 1.643149749658625314e-01 6.488393263541192280e-01 1.824078288575330109e-01 4.437869822485207214e-03 0.000000000000000000e+00
1.700000000000000000e+05 6.800039149166769992e-01 1.676149294492489672e-01 6.733045061447427981e-01 1.560081929904415243e-01 3.072371415566681717e-03 0.000000000000000000e+00
1.725000000000000000e+05 6.900039724889810433e-01 1.755803368229403860e-01 6.737596722803823601e-01 1.477014110150204895e-01 2.958579881656804664e-03 0.000000000000000000e+00
1.750000000000000000e+05 7.000040300612850874e-01 1.748975876194810986e-01 6.729631315430132377e-01 1.491807009558488717e-01 2.958579881656804664e-03 0.000000000000000000e+00
1.775000000000000000e+05 7.100040876335891316e-01 1.560081929904415243e-01 6.918525261720528396e-01 1.495220755575785154e-01 2.617205279927173507e-03 0.000000000000000000e+00
1.800000000000000000e+05 7.200041452058931757e-01 1.596495220755575761e-01 6.728493400091033472e-01 1.636322257624032717e-01 3.868912152935821518e-03 0.000000000000000000e+00
1.825000000000000000e+05 7.300042027781972198e-01 1.598771051433773294e-01 6.739872553482021411e-01 1.634046426945835184e-01 2.730996813837050560e-03 0.000000000000000000e+00
1.850000000000000000e+05 7.400042603505012639e-01 1.616977696859353553e-01 6.735320892125625791e-01 1.619253527537551085e-01 2.844788347746927612e-03 0.000000000000000000e+00
1.875000000000000000e+05 7.500043179228055301e-01 1.598771051433773294e-01 6.796768320436959998e-01 1.576012744651797970e-01 2.844788347746927612e-03 0.000000000000000000e+00
1.900000000000000000e+05 7.600043754951095742e-01 1.643149749658625314e-01 6.478152025489303245e-01 1.840009103322712836e-01 3.868912152935821518e-03 0.000000000000000000e+00
1.925000000000000000e+05 7.700044330674136184e-01 1.675011379153391045e-01 6.457669549385525176e-01 1.830905780609922706e-01 3.641329085116067413e-03 0.000000000000000000e+00
1.950000000000000000e+05 7.800044906397176625e-01 1.665908056440600915e-01 6.465634956759217511e-01 1.833181611288120239e-01 3.527537551206190360e-03 0.000000000000000000e+00
1.975000000000000000e+05 7.900045482120217066e-01 1.667045971779699542e-01 6.479289940828402150e-01 1.821802457897132577e-01 3.186162949476558769e-03 0.000000000000000000e+00
2.000000000000000000e+05 8.000046057843257508e-01 1.672735548475193512e-01 6.735320892125625791e-01 1.565771506599908935e-01 2.617205279927173507e-03 0.000000000000000000e+00
2.025000000000000000e+05 8.100046633566297949e-01 1.563495675921711403e-01 6.880974055530268974e-01 1.533909877105143482e-01 2.162039144287664864e-03 0.000000000000000000e+00
2.050000000000000000e+05 8.200047209289338390e-01 1.560081929904415243e-01 6.895766954938552518e-01 1.521392808375056915e-01 2.275830678197541916e-03 0.000000000000000000e+00
2.075000000000000000e+05 8.300047785012381052e-01 1.578288575329995502e-01 6.884387801547564578e-01 1.515703231679562946e-01 2.162039144287664864e-03 0.000000000000000000e+00
2.100000000000000000e+05 8.400048360735421493e-01 1.590805644060081792e-01 6.862767410104688715e-01 1.529358215748748417e-01 1.706873008648156654e-03 0.000000000000000000e+00
2.125000000000000000e+05 8.500048936458461935e-01 1.642011834319526686e-01 6.869594902139281034e-01 1.444014565316340537e-01 4.437869822485207214e-03 0.000000000000000000e+00
2.150000000000000000e+05 8.600049512181502376e-01 1.640873918980427781e-01 6.816112881201638052e-01 1.512289485662266786e-01 3.072371415566681717e-03 0.000000000000000000e+00
2.175000000000000000e+05 8.700050087904542817e-01 1.659080564406008318e-01 6.852526172052799680e-01 1.471324533454710926e-01 1.706873008648156654e-03 0.000000000000000000e+00
2.200000000000000000e+05 8.800050663627583258e-01 1.634046426945835184e-01 6.939007737824305355e-01 1.404187528447883582e-01 2.275830678197541916e-03 0.000000000000000000e+00
2.225000000000000000e+05 8.900051239350623700e-01 1.632908511606736557e-01 6.896904870277651423e-01 1.449704142011834229e-01 2.048247610377787811e-03 0.000000000000000000e+00
2.250000000000000000e+05 9.000051815073666361e-01 1.659080564406008318e-01 6.793354574419663283e-01 1.513427401001365413e-01 3.413746017296313308e-03 0.000000000000000000e+00
2.275000000000000000e+05 9.100052390796706803e-01 1.744424214838415921e-01 6.618115612198451903e-01 1.603322712790168358e-01 3.413746017296313308e-03 0.000000000000000000e+00
2.300000000000000000e+05 9.200052966519747244e-01 1.768320436959490149e-01 6.611288120163859583e-01 1.586253982703686727e-01 3.413746017296313308e-03 0.000000000000000000e+00
2.325000000000000000e+05 9.300053542242787685e-01 1.819526627218935044e-01 6.537323623122439642e-01 1.622667273554847522e-01 2.048247610377787811e-03 0.000000000000000000e+00
2.350000000000000000e+05 9.400054117965828127e-01 1.791078743741465751e-01 6.302913063268092975e-01 1.869594902139280757e-01 3.641329085116067413e-03 0.000000000000000000e+00
2.375000000000000000e+05 9.500054693688868568e-01 1.644287664997724219e-01 5.656577150659990449e-01 2.672963131543013016e-01 2.617205279927173507e-03 0.000000000000000000e+00
2.400000000000000000e+05 9.600055269411909009e-01 1.474738279472007363e-01 5.741920801092398330e-01 2.756030951297223641e-01 2.730996813837050560e-03 0.000000000000000000e+00
2.425000000000000000e+05 9.700055845134949450e-01 1.484979517523896120e-01 5.732817478379608200e-01 2.759444697314519801e-01 2.275830678197541916e-03 0.000000000000000000e+00
2.450000000000000000e+05 9.800056420857992112e-01 1.474738279472007363e-01 5.724852071005916976e-01 2.781065088757396220e-01 1.934456076467910759e-03 0.000000000000000000e+00
2.475000000000000000e+05 9.900056996581032553e-01 1.471324533454710926e-01 5.724852071005916976e-01 2.782203004096495125e-01 2.162039144287664864e-03 0.000000000000000000e+00
2.500000000000000000e+05 1.000005757230407077e+00 1.436049157942649035e-01 5.556440600819299025e-01 2.989303595812471404e-01 1.820664542558033706e-03 0.000000000000000000e+00
