# itime ezz other fcc hcp bcc ico
0.000000000000000000e+00 0.000000000000000000e+00 0.000000000000000000e+00 1.000000000000000000e+00 0.000000000000000000e+00 0.000000000000000000e+00 0.000000000000000000e+00
2.500000000000000000e+03 9.999987810513477626e-03 0.000000000000000000e+00 1.000000000000000000e+00 0.000000000000000000e+00 0.000000000000000000e+00 0.000000000000000000e+00
5.000000000000000000e+03 1.999997562102695525e-02 0.000000000000000000e+00 1.000000000000000000e+00 0.000000000000000000e+00 0.000000000000000000e+00 0.000000000000000000e+00
7.500000000000000000e+03 2.999996343154065492e-02 0.000000000000000000e+00 1.000000000000000000e+00 0.000000000000000000e+00 0.000000000000000000e+00 0.000000000000000000e+00
1.000000000000000000e+04 3.999995124205413255e-02 0.000000000000000000e+00 1.000000000000000000e+00 0.000000000000000000e+00 0.000000000000000000e+00 0.000000000000000000e+00
1.250000000000000000e+04 4.999993905256761018e-02 0.000000000000000000e+00 1.000000000000000000e+00 0.000000000000000000e+00 0.000000000000000000e+00 0.000000000000000000e+00
1.500000000000000000e+04 5.999992686308108780e-02 0.000000000000000000e+00 1.000000000000000000e+00 0.000000000000000000e+00 0.000000000000000000e+00 0.000000000000000000e+00
1.750000000000000000e+04 6.999991467359478747e-02 0.000000000000000000e+00 1.000000000000000000e+00 0.000000000000000000e+00 0.000000000000000000e+00 0.000000000000000000e+00
2.000000000000000000e+04 7.999990248410826510e-02 1.137915339098771066e-04 9.998862084660901095e-01 0.000000000000000000e+00 0.000000000000000000e+00 0.000000000000000000e+00
2.250000000000000000e+04 8.999989029462174273e-02 7.965407373691396923e-04 9.992034592626308775e-01 0.000000000000000000e+00 0.000000000000000000e+00 0.000000000000000000e+00
2.500000000000000000e+04 9.999987810513522035e-02 2.389622212107419402e-03 9.974965862539827421e-01 0.000000000000000000e+00 1.137915339098771066e-04 0.000000000000000000e+00
2.750000000000000000e+04 1.099998659156489200e-01 5.587164314974965573e-02 8.623122439690487084e-01 0.000000000000000000e+00 8.181611288120163583e-02 0.000000000000000000e+00
3.000000000000000000e+04 1.199998537261623976e-01 7.032316795630405570e-02 7.233727810650887324e-01 1.999317250796540657e-01 6.372325898953117539e-03 0.000000000000000000e+00
3.250000000000000000e+04 1.299998415366758753e-01 3.743741465634956717e-02 8.133818843878015681e-01 1.491807009558488717e-01 0.000000000000000000e+00 0.000000000000000000e+00
3.500000000000000000e+04 1.399998293471893529e-01 3.880291306326809353e-02 8.106508875739645292e-01 1.498634501593081592e-01 6.827492034592626399e-04 0.000000000000000000e+00
3.750000000000000000e+04 1.499998171577030526e-01 4.130632680928538608e-02 8.056440600819299025e-01 1.527082385070550885e-01 3.413746017296313199e-04 0.000000000000000000e+00
4.000000000000000000e+04 1.599998049682165302e-01 5.803368229403732537e-02 7.649066909421938787e-01 1.761492944924897552e-01 9.103322712790168532e-04 0.000000000000000000e+00
4.250000000000000000e+04 1.699997927787300078e-01 6.372325898953118406e-02 7.611515703231679364e-01 1.726217569412835662e-01 2.503413746017296455e-03 0.000000000000000000e+00
4.500000000000000000e+04 1.799997805892434855e-01 8.454710969503868856e-02 7.490896677287209870e-01 1.639736003641329154e-01 2.389622212107419402e-03 0.000000000000000000e+00
4.750000000000000000e+04 1.899997683997569631e-01 1.268775603095129711e-01 6.959490213928083424e-01 1.696631770596267741e-01 7.510241238051888930e-03 0.000000000000000000e+00
5.000000000000000000e+04 1.999997562102706627e-01 8.591260810195720798e-02 7.177969959035047642e-01 1.927628584433318248e-01 3.527537551206190360e-03 0.000000000000000000e+00
5.250000000000000000e+04 2.099997440207841404e-01 8.830223031406463086e-02 7.173418297678653133e-01 1.924214838416021811e-01 1.934456076467910759e-03 0.000000000000000000e+00
5.500000000000000000e+04 2.199997318312976180e-01 8.545744196631770151e-02 7.190487027765134487e-01 1.913973600364132777e-01 4.096495220755575623e-03 0.000000000000000000e+00
5.750000000000000000e+04 2.299997196418110956e-01 8.227127901684114231e-02 7.045971779699590209e-01 2.093764223941738667e-01 3.755120619025944465e-03 0.000000000000000000e+00
6.000000000000000000e+04 2.399997074523247953e-01 8.147473827947200598e-02 7.074419663177059503e-01 2.086936731907146070e-01 2.389622212107419402e-03 0.000000000000000000e+00
6.250000000000000000e+04 2.499996952628382729e-01 9.000910332271279402e-02 6.925352753755120716e-01 2.150659990896677254e-01 2.389622212107419402e-03 0.000000000000000000e+00
6.500000000000000000e+04 2.599996830733517506e-01 9.478834774692762588e-02 6.728493400091033472e-01 2.314519799726900418e-01 9.103322712790168532e-04 0.000000000000000000e+00
6.750000000000000000e+04 2.699996708838652282e-01 8.409194355939918208e-02 7.109695038689121116e-01 2.042558033682294050e-01 6.827492034592626399e-04 0.000000000000000000e+00
7.000000000000000000e+04 2.799996586943789278e-01 8.522985889849794827e-02 7.126763768775603580e-01 2.006144742831133254e-01 1.479289940828402332e-03 0.000000000000000000e+00
7.250000000000000000e+04 2.899996465048924055e-01 8.944014565316341092e-02 7.106281292671825511e-01 1.990213928083750528e-01 9.103322712790168532e-04 0.000000000000000000e+00
7.500000000000000000e+04 2.999996343154058831e-01 8.932635411925353430e-02 7.115384615384615641e-01 1.979972690031861493e-01 1.137915339098770958e-03 0.000000000000000000e+00
7.750000000000000000e+04 3.099996221259193607e-01 9.114701866181156020e-02 7.132453345471096995e-01 1.937869822485207005e-01 1.820664542558033706e-03 0.000000000000000000e+00
8.000000000000000000e+04 3.199996099364328384e-01 1.050295857988165632e-01 7.006144742831132977e-01 1.915111515703231682e-01 2.844788347746927612e-03 0.000000000000000000e+00
8.250000000000000000e+04 3.299995977469465380e-01 1.018434228493400040e-01 7.232589895311788419e-01 1.712562585343650468e-01 3.641329085116067413e-03 0.000000000000000000e+00
8.500000000000000000e+04 3.399995855574600157e-01 1.290395994538006408e-01 7.188211197086936677e-01 1.471324533454710926e-01 5.006827492034592909e-03 0.000000000000000000e+00
8.750000000000000000e+04 3.499995733679734933e-01 1.283568502503413811e-01 7.250796540737368678e-01 1.429221665908056438e-01 3.641329085116067413e-03 0.000000000000000000e+00
9.000000000000000000e+04 3.599995611784869709e-01 1.299499317250796537e-01 7.246244879380974169e-01 1.420118343195266308e-01 3.413746017296313308e-03 0.000000000000000000e+00
9.250000000000000000e+04 3.699995489890006706e-01 1.282430587164314906e-01 7.269003186162948937e-01 1.384842967683204418e-01 6.372325898953117539e-03 0.000000000000000000e+00
9.500000000000000000e+04 3.799995367995141482e-01 1.347291761492944995e-01 7.294037323623122626e-01 1.305188893946290507e-01 5.348202093764223633e-03 0.000000000000000000e+00
9.750000000000000000e+04 3.899995246100276258e-01 1.364360491579426626e-01 7.273554847519344557e-01 1.305188893946290507e-01 5.689576695493855224e-03 0.000000000000000000e+00
1.000000000000000000e+05 3.999995124205411035e-01 1.432635411925352875e-01 7.143832498862084934e-01 1.368912152935821691e-01 5.461993627674101119e-03 0.000000000000000000e+00
1.025000000000000000e+05 4.099995002310548031e-01 1.589667728720983164e-01 7.109695038689121116e-01 1.231224396904870289e-01 6.941283568502503235e-03 0.000000000000000000e+00
1.050000000000000000e+05 4.199994880415682807e-01 1.459945380063723264e-01 7.189349112426035582e-01 1.308602639963586667e-01 4.210286754665453109e-03 0.000000000000000000e+00
1.075000000000000000e+05 4.299994758520817584e-01 1.499772416932180219e-01 7.216659080564405970e-01 1.231224396904870289e-01 5.234410559854347014e-03 0.000000000000000000e+00
1.100000000000000000e+05 4.399994636625952360e-01 1.555530268548019901e-01 7.247382794720073074e-01 1.148156577150659940e-01 4.893035958124715423e-03 0.000000000000000000e+00
1.125000000000000000e+05 4.499994514731089357e-01 1.556668183887118806e-01 7.283796085571233592e-01 1.117432862994993115e-01 4.210286754665453109e-03 0.000000000000000000e+00
1.150000000000000000e+05 4.599994392836224133e-01 1.331360946745562268e-01 8.246472462448793950e-01 3.948566226672735324e-02 2.730996813837050560e-03 0.000000000000000000e+00
1.175000000000000000e+05 4.699994270941358909e-01 1.261948111060537114e-01 8.344333181611288675e-01 3.800637232589895026e-02 1.365498406918525280e-03 0.000000000000000000e+00
1.200000000000000000e+05 4.799994149046493686e-01 1.236913973600364119e-01 8.405780609922621771e-01 3.436504324078288458e-02 1.365498406918525280e-03 0.000000000000000000e+00
1.225000000000000000e+05 4.899994027151628462e-01 1.226672735548475224e-01 8.469503868912152678e-01 2.935821574874829254e-02 1.024123805188893906e-03 0.000000000000000000e+00
1.250000000000000000e+05 4.999993905256765458e-01 1.230086481565771522e-01 8.411470186618115186e-01 3.470641784251251444e-02 1.137915339098770958e-03 0.000000000000000000e+00
1.275000000000000000e+05 5.099993783361900235e-01 1.264223941738734647e-01 8.395539371870732737e-01 3.345471096950387163e-02 5.689576695493854790e-04 0.000000000000000000e+00
1.300000000000000000e+05 5.199993661467035011e-01 1.248293126991351781e-01 8.482020937642239522e-01 2.639963586709149004e-02 5.689576695493854790e-04 0.000000000000000000e+00
1.325000000000000000e+05 5.299993539572169787e-01 1.268775603095129711e-01 8.474055530268548297e-01 2.435138825671370050e-02 1.365498406918525280e-03 0.000000000000000000e+00
1.350000000000000000e+05 5.399993417677306784e-01 1.253982703686845612e-01 8.472917614929449392e-01 2.571688666363222686e-02 1.593081474738279385e-03 0.000000000000000000e+00
1.375000000000000000e+05 5.499993295782441560e-01 1.323395539371870766e-01 8.278334091943558848e-01 3.766499772416932040e-02 2.162039144287664864e-03 0.000000000000000000e+00
1.400000000000000000e+05 5.599993173887576337e-01 1.251706873008648080e-01 8.229403732362312596e-01 4.927173418297678409e-02 2.617205279927173507e-03 0.000000000000000000e+00
1.425000000000000000e+05 5.699993051992711113e-01 1.258534365043240677e-01 8.246472462448793950e-01 4.802002730996814128e-02 1.479289940828402332e-03 0.000000000000000000e+00
1.450000000000000000e+05 5.799992930097848109e-01 1.272189349112426149e-01 8.266954938552572019e-01 4.494765589440145870e-02 1.137915339098770958e-03 0.000000000000000000e+00
1.475000000000000000e+05 5.899992808202982886e-01 1.315430131998179264e-01 8.215748748293126846e-01 4.608557123350022489e-02 7.965407373691396923e-04 0.000000000000000000e+00
1.500000000000000000e+05 5.999992686308117662e-01 1.306326809285389134e-01 8.210059171597633432e-01 4.688211197086936816e-02 1.479289940828402332e-03 0.000000000000000000e+00
1.525000000000000000e+05 6.099992564413252438e-01 1.325671370050068298e-01 8.182749203459263043e-01 4.654073736913973830e-02 2.617205279927173507e-03 0.000000000000000000e+00
1.550000000000000000e+05 6.199992442518387215e-01 1.334774692762858428e-01 8.268092853891670924e-01 3.664087391898043083e-02 3.072371415566681717e-03 0.000000000000000000e+00
1.575000000000000000e+05 6.299992320623524211e-01 1.363222576240327721e-01 8.219162494310423561e-01 3.937187073281747662e-02 2.389622212107419402e-03 0.000000000000000000e+00
1.600000000000000000e+05 6.399992198728658988e-01 1.382567137005006885e-01 7.224624487938097195e-01 1.364360491579426626e-01 2.844788347746927612e-03 0.000000000000000000e+00
1.625000000000000000e+05 6.499992076833793764e-01 1.325671370050068298e-01 7.456759217114247162e-01 1.207328174783796060e-01 1.024123805188893906e-03 0.000000000000000000e+00
1.650000000000000000e+05 6.599991954938928540e-01 1.329085116067364458e-01 7.468138370505233992e-01 1.190259444697314567e-01 1.251706873008648227e-03 0.000000000000000000e+00
1.675000000000000000e+05 6.699991833044065537e-01 1.354119253527537592e-01 7.438552571688666903e-01 1.177742375967228000e-01 2.958579881656804664e-03 0.000000000000000000e+00
1.700000000000000000e+05 6.799991711149200313e-01 1.337050523441055960e-01 6.852526172052799680e-01 1.776285844333181652e-01 3.413746017296313308e-03 0.000000000000000000e+00
1.725000000000000000e+05 6.899991589254335089e-01 1.030951297223486607e-01 6.959490213928083424e-01 2.002730996813837094e-01 6.827492034592626399e-04 0.000000000000000000e+00
1.750000000000000000e+05 6.999991467359469866e-01 1.025261720527992776e-01 6.952662721893491105e-01 2.012972234865725851e-01 9.103322712790168532e-04 0.000000000000000000e+00
1.775000000000000000e+05 7.099991345464606862e-01 1.026399635867091542e-01 6.944697314519799880e-01 2.019799726900318726e-01 9.103322712790168532e-04 0.000000000000000000e+00
1.800000000000000000e+05 7.199991223569741638e-01 1.049157942649066866e-01 6.940145653163404260e-01 1.995903504779244497e-01 1.479289940828402332e-03 0.000000000000000000e+00
1.825000000000000000e+05 7.299991101674876415e-01 1.042330450614474269e-01 6.954938552571688914e-01 1.999317250796540657e-01 3.413746017296313199e-04 0.000000000000000000e+00
1.850000000000000000e+05 7.399990979780011191e-01 1.043468365953573035e-01 6.943559399180700975e-01 1.997041420118343125e-01 1.593081474738279385e-03 0.000000000000000000e+00
1.875000000000000000e+05 7.499990857885148188e-01 1.055985434683659602e-01 6.934456076467910846e-01 1.992489758761948060e-01 1.706873008648156654e-03 0.000000000000000000e+00
1.900000000000000000e+05 7.599990735990282964e-01 1.075329995448338627e-01 6.917387346381429492e-01 1.981110605370960398e-01 2.617205279927173507e-03 0.000000000000000000e+00
1.925000000000000000e+05 7.699990614095417740e-01 1.065088757396449731e-01 6.924214838416021811e-01 1.977696859353663961e-01 3.299954483386436255e-03 0.000000000000000000e+00
1.950000000000000000e+05 7.799990492200552517e-01 1.248293126991351781e-01 6.665908056440600360e-01 1.968593536640873831e-01 1.172052799271734204e-02 0.000000000000000000e+00
1.975000000000000000e+05 7.899990370305687293e-01 1.205052344105598527e-01 6.795630405097861093e-01 1.982248520710059303e-01 1.706873008648156654e-03 0.000000000000000000e+00
2.000000000000000000e+05 7.999990248410824289e-01 1.182294037323623065e-01 6.890077378243059103e-01 1.903732362312244020e-01 2.389622212107419402e-03 0.000000000000000000e+00
2.025000000000000000e+05 8.099990126515959066e-01 1.167501137915339104e-01 6.868456986800182129e-01 1.941283568502503443e-01 2.275830678197541916e-03 0.000000000000000000e+00
2.050000000000000000e+05 8.199990004621093842e-01 1.233500227583067821e-01 6.818388711879835862e-01 1.916249431042330587e-01 3.186162949476558769e-03 0.000000000000000000e+00
2.075000000000000000e+05 8.299989882726228618e-01 1.127674101046882149e-01 6.907146108329540457e-01 1.945835229858898507e-01 1.934456076467910759e-03 0.000000000000000000e+00
2.100000000000000000e+05 8.399989760831365615e-01 1.116294947655894348e-01 6.895766954938552518e-01 1.957214383249886169e-01 3.072371415566681717e-03 0.000000000000000000e+00
2.125000000000000000e+05 8.499989638936500391e-01 1.133363677742375980e-01 6.879836140191170069e-01 1.954938552571688637e-01 3.186162949476558769e-03 0.000000000000000000e+00
2.150000000000000000e+05 8.599989517041635168e-01 1.145880746472462408e-01 6.934456076467910846e-01 1.912835685025034149e-01 6.827492034592626399e-04 0.000000000000000000e+00
2.175000000000000000e+05 8.699989395146769944e-01 1.132225762403277214e-01 6.946973145197997690e-01 1.913973600364132777e-01 6.827492034592626399e-04 0.000000000000000000e+00
2.200000000000000000e+05 8.799989273251906940e-01 1.173190714610832935e-01 6.898042785616750328e-01 1.923076923076923184e-01 5.689576695493854790e-04 0.000000000000000000e+00
2.225000000000000000e+05 8.899989151357041717e-01 1.218707328174783860e-01 6.878698224852071164e-01 1.894629039599453890e-01 7.965407373691396923e-04 0.000000000000000000e+00
2.250000000000000000e+05 8.999989029462176493e-01 1.244879380974055483e-01 6.873008648156576639e-01 1.875284478834774726e-01 6.827492034592626399e-04 0.000000000000000000e+00
2.275000000000000000e+05 9.099988907567311269e-01 1.066226672735548497e-01 6.994765589440146147e-01 1.926490669094219343e-01 1.251706873008648227e-03 0.000000000000000000e+00
2.300000000000000000e+05 9.199988785672448266e-01 1.071916249431042328e-01 6.990213928083750528e-01 1.932180245789713313e-01 5.689576695493854790e-04 0.000000000000000000e+00
2.325000000000000000e+05 9.299988663777583042e-01 1.060537096040054666e-01 6.998179335457441752e-01 1.933318161128811941e-01 7.965407373691396923e-04 0.000000000000000000e+00
2.350000000000000000e+05 9.399988541882717819e-01 1.073054164770141095e-01 6.984524351388257113e-01 1.936731907146108378e-01 5.689576695493854790e-04 0.000000000000000000e+00
2.375000000000000000e+05 9.499988419987852595e-01 1.071916249431042328e-01 6.979972690031861493e-01 1.941283568502503443e-01 6.827492034592626399e-04 0.000000000000000000e+00
2.400000000000000000e+05 9.599988298092987371e-01 1.078743741465634925e-01 6.962903959945380139e-01 1.951524806554392477e-01 6.827492034592626399e-04 0.000000000000000000e+00
2.425000000000000000e+05 9.699988176198124368e-01 1.250568957669549452e-01 6.865043240782885414e-01 1.863905325443787064e-01 2.048247610377787811e-03 0.000000000000000000e+00
2.450000000000000000e+05 9.799988054303259144e-01 1.206190259444697294e-01 6.887801547564861293e-01 1.901456531634046487e-01 4.551661356395084266e-04 0.000000000000000000e+00
2.475000000000000000e+05 9.899987932408393920e-01 1.125398270368684617e-01 6.959490213928083424e-01 1.907146108329540179e-01 7.965407373691396923e-04 0.000000000000000000e+00
2.500000000000000000e+05 9.999987810513528697e-01 1.127674101046882149e-01 6.954938552571688914e-01 1.912835685025034149e-01 4.551661356395084266e-04 0.000000000000000000e+00
