# itime ezz other fcc hcp bcc ico
0.000000000000000000e+00 0.000000000000000000e+00 0.000000000000000000e+00 1.000000000000000000e+00 0.000000000000000000e+00 0.000000000000000000e+00 0.000000000000000000e+00
2.500000000000000000e+02 9.999827998341537239e-04 0.000000000000000000e+00 1.000000000000000000e+00 0.000000000000000000e+00 0.000000000000000000e+00 0.000000000000000000e+00
5.000000000000000000e+02 1.999965599668307448e-03 0.000000000000000000e+00 1.000000000000000000e+00 0.000000000000000000e+00 0.000000000000000000e+00 0.000000000000000000e+00
7.500000000000000000e+02 2.999948399502461172e-03 0.000000000000000000e+00 1.000000000000000000e+00 0.000000000000000000e+00 0.000000000000000000e+00 0.000000000000000000e+00
1.000000000000000000e+03 3.999931199336614895e-03 0.000000000000000000e+00 1.000000000000000000e+00 0.000000000000000000e+00 0.000000000000000000e+00 0.000000000000000000e+00
1.250000000000000000e+03 4.999913999170768619e-03 0.000000000000000000e+00 1.000000000000000000e+00 0.000000000000000000e+00 0.000000000000000000e+00 0.000000000000000000e+00
1.500000000000000000e+03 5.999896799004700298e-03 0.000000000000000000e+00 1.000000000000000000e+00 0.000000000000000000e+00 0.000000000000000000e+00 0.000000000000000000e+00
1.750000000000000000e+03 6.999879598838854022e-03 0.000000000000000000e+00 1.000000000000000000e+00 0.000000000000000000e+00 0.000000000000000000e+00 0.000000000000000000e+00
2.000000000000000000e+03 7.999862398673007746e-03 0.000000000000000000e+00 1.000000000000000000e+00 0.000000000000000000e+00 0.000000000000000000e+00 0.000000000000000000e+00
2.250000000000000000e+03 8.999845198507161470e-03 0.000000000000000000e+00 1.000000000000000000e+00 0.000000000000000000e+00 0.000000000000000000e+00 0.000000000000000000e+00
2.500000000000000000e+03 9.999827998341315194e-03 0.000000000000000000e+00 1.000000000000000000e+00 0.000000000000000000e+00 0.000000000000000000e+00 0.000000000000000000e+00
2.750000000000000000e+03 1.099981079817546892e-02 0.000000000000000000e+00 1.000000000000000000e+00 0.000000000000000000e+00 0.000000000000000000e+00 0.000000000000000000e+00
3.000000000000000000e+03 1.199979359800962264e-02 0.000000000000000000e+00 1.000000000000000000e+00 0.000000000000000000e+00 0.000000000000000000e+00 0.000000000000000000e+00
3.250000000000000000e+03 1.299977639784377637e-02 0.000000000000000000e+00 1.000000000000000000e+00 0.000000000000000000e+00 0.000000000000000000e+00 0.000000000000000000e+00
3.500000000000000000e+03 1.399975919767793009e-02 0.000000000000000000e+00 1.000000000000000000e+00 0.000000000000000000e+00 0.000000000000000000e+00 0.000000000000000000e+00
3.750000000000000000e+03 1.499974199751208381e-02 0.000000000000000000e+00 1.000000000000000000e+00 0.000000000000000000e+00 0.000000000000000000e+00 0.000000000000000000e+00
4.000000000000000000e+03 1.599972479734623754e-02 0.000000000000000000e+00 1.000000000000000000e+00 0.000000000000000000e+00 0.000000000000000000e+00 0.000000000000000000e+00
4.250000000000000000e+03 1.699970759718016922e-02 0.000000000000000000e+00 1.000000000000000000e+00 0.000000000000000000e+00 0.000000000000000000e+00 0.000000000000000000e+00
4.500000000000000000e+03 1.799969039701432294e-02 0.000000000000000000e+00 1.000000000000000000e+00 0.000000000000000000e+00 0.000000000000000000e+00 0.000000000000000000e+00
4.750000000000000000e+03 1.899967319684847666e-02 0.000000000000000000e+00 1.000000000000000000e+00 0.000000000000000000e+00 0.000000000000000000e+00 0.000000000000000000e+00
5.000000000000000000e+03 1.999965599668263039e-02 0.000000000000000000e+00 1.000000000000000000e+00 0.000000000000000000e+00 0.000000000000000000e+00 0.000000000000000000e+00
5.250000000000000000e+03 2.099963879651678411e-02 0.000000000000000000e+00 1.000000000000000000e+00 0.000000000000000000e+00 0.000000000000000000e+00 0.000000000000000000e+00
5.500000000000000000e+03 2.199962159635093784e-02 0.000000000000000000e+00 1.000000000000000000e+00 0.000000000000000000e+00 0.000000000000000000e+00 0.000000000000000000e+00
5.750000000000000000e+03 2.299960439618509156e-02 0.000000000000000000e+00 1.000000000000000000e+00 0.000000000000000000e+00 0.000000000000000000e+00 0.000000000000000000e+00
6.000000000000000000e+03 2.399958719601924528e-02 0.000000000000000000e+00 1.000000000000000000e+00 0.000000000000000000e+00 0.000000000000000000e+00 0.000000000000000000e+00
6.250000000000000000e+03 2.499956999585339901e-02 0.000000000000000000e+00 1.000000000000000000e+00 0.000000000000000000e+00 0.000000000000000000e+00 0.000000000000000000e+00
6.500000000000000000e+03 2.599955279568755273e-02 0.000000000000000000e+00 1.000000000000000000e+00 0.000000000000000000e+00 0.000000000000000000e+00 0.000000000000000000e+00
6.750000000000000000e+03 2.699953559552170645e-02 0.000000000000000000e+00 1.000000000000000000e+00 0.000000000000000000e+00 0.000000000000000000e+00 0.000000000000000000e+00
7.000000000000000000e+03 2.799951839535586018e-02 0.000000000000000000e+00 1.000000000000000000e+00 0.000000000000000000e+00 0.000000000000000000e+00 0.000000000000000000e+00
7.250000000000000000e+03 2.899950119518979186e-02 0.000000000000000000e+00 1.000000000000000000e+00 0.000000000000000000e+00 0.000000000000000000e+00 0.000000000000000000e+00
7.500000000000000000e+03 2.999948399502394558e-02 0.000000000000000000e+00 1.000000000000000000e+00 0.000000000000000000e+00 0.000000000000000000e+00 0.000000000000000000e+00
7.750000000000000000e+03 3.099946679485809931e-02 0.000000000000000000e+00 1.000000000000000000e+00 0.000000000000000000e+00 0.000000000000000000e+00 0.000000000000000000e+00
8.000000000000000000e+03 3.199944959469225303e-02 0.000000000000000000e+00 1.000000000000000000e+00 0.000000000000000000e+00 0.000000000000000000e+00 0.000000000000000000e+00
8.250000000000000000e+03 3.299943239452640675e-02 0.000000000000000000e+00 1.000000000000000000e+00 0.000000000000000000e+00 0.000000000000000000e+00 0.000000000000000000e+00
8.500000000000000000e+03 3.399941519436056048e-02 0.000000000000000000e+00 1.000000000000000000e+00 0.000000000000000000e+00 0.000000000000000000e+00 0.000000000000000000e+00
8.750000000000000000e+03 3.499939799419471420e-02 0.000000000000000000e+00 1.000000000000000000e+00 0.000000000000000000e+00 0.000000000000000000e+00 0.000000000000000000e+00
9.000000000000000000e+03 3.599938079402886792e-02 0.000000000000000000e+00 1.000000000000000000e+00 0.000000000000000000e+00 0.000000000000000000e+00 0.000000000000000000e+00
9.250000000000000000e+03 3.699936359386302165e-02 0.000000000000000000e+00 1.000000000000000000e+00 0.000000000000000000e+00 0.000000000000000000e+00 0.000000000000000000e+00
9.500000000000000000e+03 3.799934639369717537e-02 0.000000000000000000e+00 1.000000000000000000e+00 0.000000000000000000e+00 0.000000000000000000e+00 0.000000000000000000e+00
9.750000000000000000e+03 3.899932919353132910e-02 0.000000000000000000e+00 1.000000000000000000e+00 0.000000000000000000e+00 0.000000000000000000e+00 0.000000000000000000e+00
1.000000000000000000e+04 3.999931199336526078e-02 0.000000000000000000e+00 1.000000000000000000e+00 0.000000000000000000e+00 0.000000000000000000e+00 0.000000000000000000e+00
1.025000000000000000e+04 4.099929479319941450e-02 0.000000000000000000e+00 1.000000000000000000e+00 0.000000000000000000e+00 0.000000000000000000e+00 0.000000000000000000e+00
1.050000000000000000e+04 4.199927759303356822e-02 0.000000000000000000e+00 1.000000000000000000e+00 0.000000000000000000e+00 0.000000000000000000e+00 0.000000000000000000e+00
1.075000000000000000e+04 4.299926039286772195e-02 0.000000000000000000e+00 1.000000000000000000e+00 0.000000000000000000e+00 0.000000000000000000e+00 0.000000000000000000e+00
1.100000000000000000e+04 4.399924319270187567e-02 0.000000000000000000e+00 1.000000000000000000e+00 0.000000000000000000e+00 0.000000000000000000e+00 0.000000000000000000e+00
1.125000000000000000e+04 4.499922599253602939e-02 0.000000000000000000e+00 1.000000000000000000e+00 0.000000000000000000e+00 0.000000000000000000e+00 0.000000000000000000e+00
1.150000000000000000e+04 4.599920879237018312e-02 0.000000000000000000e+00 1.000000000000000000e+00 0.000000000000000000e+00 0.000000000000000000e+00 0.000000000000000000e+00
1.175000000000000000e+04 4.699919159220433684e-02 0.000000000000000000e+00 1.000000000000000000e+00 0.000000000000000000e+00 0.000000000000000000e+00 0.000000000000000000e+00
1.200000000000000000e+04 4.799917439203849057e-02 0.000000000000000000e+00 1.000000000000000000e+00 0.000000000000000000e+00 0.000000000000000000e+00 0.000000000000000000e+00
1.225000000000000000e+04 4.899915719187264429e-02 0.000000000000000000e+00 1.000000000000000000e+00 0.000000000000000000e+00 0.000000000000000000e+00 0.000000000000000000e+00
1.250000000000000000e+04 4.999913999170679801e-02 0.000000000000000000e+00 1.000000000000000000e+00 0.000000000000000000e+00 0.000000000000000000e+00 0.000000000000000000e+00
1.275000000000000000e+04 5.099912279154072969e-02 0.000000000000000000e+00 1.000000000000000000e+00 0.000000000000000000e+00 0.000000000000000000e+00 0.000000000000000000e+00
1.300000000000000000e+04 5.199910559137488342e-02 0.000000000000000000e+00 1.000000000000000000e+00 0.000000000000000000e+00 0.000000000000000000e+00 0.000000000000000000e+00
1.325000000000000000e+04 5.299908839120903714e-02 0.000000000000000000e+00 1.000000000000000000e+00 0.000000000000000000e+00 0.000000000000000000e+00 0.000000000000000000e+00
1.350000000000000000e+04 5.399907119104319086e-02 0.000000000000000000e+00 1.000000000000000000e+00 0.000000000000000000e+00 0.000000000000000000e+00 0.000000000000000000e+00
1.375000000000000000e+04 5.499905399087734459e-02 0.000000000000000000e+00 1.000000000000000000e+00 0.000000000000000000e+00 0.000000000000000000e+00 0.000000000000000000e+00
1.400000000000000000e+04 5.599903679071149831e-02 0.000000000000000000e+00 1.000000000000000000e+00 0.000000000000000000e+00 0.000000000000000000e+00 0.000000000000000000e+00
1.425000000000000000e+04 5.699901959054565204e-02 0.000000000000000000e+00 1.000000000000000000e+00 0.000000000000000000e+00 0.000000000000000000e+00 0.000000000000000000e+00
1.450000000000000000e+04 5.799900239037980576e-02 0.000000000000000000e+00 1.000000000000000000e+00 0.000000000000000000e+00 0.000000000000000000e+00 0.000000000000000000e+00
1.475000000000000000e+04 5.899898519021395948e-02 0.000000000000000000e+00 1.000000000000000000e+00 0.000000000000000000e+00 0.000000000000000000e+00 0.000000000000000000e+00
1.500000000000000000e+04 5.999896799004811321e-02 0.000000000000000000e+00 1.000000000000000000e+00 0.000000000000000000e+00 0.000000000000000000e+00 0.000000000000000000e+00
1.525000000000000000e+04 6.099895078988226693e-02 0.000000000000000000e+00 1.000000000000000000e+00 0.000000000000000000e+00 0.000000000000000000e+00 0.000000000000000000e+00
1.550000000000000000e+04 6.199893358971619861e-02 0.000000000000000000e+00 1.000000000000000000e+00 0.000000000000000000e+00 0.000000000000000000e+00 0.000000000000000000e+00
1.575000000000000000e+04 6.299891638955035233e-02 0.000000000000000000e+00 1.000000000000000000e+00 0.000000000000000000e+00 0.000000000000000000e+00 0.000000000000000000e+00
1.600000000000000000e+04 6.399889918938450606e-02 1.137915339098771066e-04 9.998862084660901095e-01 0.000000000000000000e+00 0.000000000000000000e+00 0.000000000000000000e+00
1.625000000000000000e+04 6.499888198921865978e-02 0.000000000000000000e+00 1.000000000000000000e+00 0.000000000000000000e+00 0.000000000000000000e+00 0.000000000000000000e+00
1.650000000000000000e+04 6.599886478905281351e-02 0.000000000000000000e+00 1.000000000000000000e+00 0.000000000000000000e+00 0.000000000000000000e+00 0.000000000000000000e+00
1.675000000000000000e+04 6.699884758888696723e-02 0.000000000000000000e+00 1.000000000000000000e+00 0.000000000000000000e+00 0.000000000000000000e+00 0.000000000000000000e+00
1.700000000000000000e+04 6.799883038872112095e-02 0.000000000000000000e+00 1.000000000000000000e+00 0.000000000000000000e+00 0.000000000000000000e+00 0.000000000000000000e+00
1.725000000000000000e+04 6.899881318855527468e-02 0.000000000000000000e+00 1.000000000000000000e+00 0.000000000000000000e+00 0.000000000000000000e+00 0.000000000000000000e+00
1.750000000000000000e+04 6.999879598838942840e-02 0.000000000000000000e+00 1.000000000000000000e+00 0.000000000000000000e+00 0.000000000000000000e+00 0.000000000000000000e+00
1.775000000000000000e+04 7.099877878822358213e-02 0.000000000000000000e+00 1.000000000000000000e+00 0.000000000000000000e+00 0.000000000000000000e+00 0.000000000000000000e+00
1.800000000000000000e+04 7.199876158805773585e-02 6.827492034592626399e-04 9.993172507965407680e-01 0.000000000000000000e+00 0.000000000000000000e+00 0.000000000000000000e+00
1.825000000000000000e+04 7.299874438789188957e-02 0.000000000000000000e+00 1.000000000000000000e+00 0.000000000000000000e+00 0.000000000000000000e+00 0.000000000000000000e+00
1.850000000000000000e+04 7.399872718772582125e-02 0.000000000000000000e+00 1.000000000000000000e+00 0.000000000000000000e+00 0.000000000000000000e+00 0.000000000000000000e+00
1.875000000000000000e+04 7.499870998755997498e-02 0.000000000000000000e+00 1.000000000000000000e+00 0.000000000000000000e+00 0.000000000000000000e+00 0.000000000000000000e+00
1.900000000000000000e+04 7.599869278739412870e-02 0.000000000000000000e+00 1.000000000000000000e+00 0.000000000000000000e+00 0.000000000000000000e+00 0.000000000000000000e+00
1.925000000000000000e+04 7.699867558722828242e-02 0.000000000000000000e+00 1.000000000000000000e+00 0.000000000000000000e+00 0.000000000000000000e+00 0.000000000000000000e+00
1.950000000000000000e+04 7.799865838706243615e-02 9.103322712790168532e-04 9.989758761948110966e-01 0.000000000000000000e+00 1.137915339098771066e-04 0.000000000000000000e+00
1.975000000000000000e+04 7.899864118689658987e-02 0.000000000000000000e+00 1.000000000000000000e+00 0.000000000000000000e+00 0.000000000000000000e+00 0.000000000000000000e+00
2.000000000000000000e+04 7.999862398673074360e-02 0.000000000000000000e+00 1.000000000000000000e+00 0.000000000000000000e+00 0.000000000000000000e+00 0.000000000000000000e+00
2.025000000000000000e+04 8.099860678656489732e-02 4.551661356395084266e-04 9.995448338643604380e-01 0.000000000000000000e+00 0.000000000000000000e+00 0.000000000000000000e+00
2.050000000000000000e+04 8.199858958639905104e-02 6.827492034592626399e-04 9.993172507965407680e-01 0.000000000000000000e+00 0.000000000000000000e+00 0.000000000000000000e+00
2.075000000000000000e+04 8.299857238623320477e-02 2.275830678197542133e-04 9.997724169321802190e-01 0.000000000000000000e+00 0.000000000000000000e+00 0.000000000000000000e+00
2.100000000000000000e+04 8.399855518606735849e-02 5.689576695493854790e-04 9.992034592626308775e-01 0.000000000000000000e+00 2.275830678197542133e-04 0.000000000000000000e+00
2.125000000000000000e+04 8.499853798590129017e-02 0.000000000000000000e+00 1.000000000000000000e+00 0.000000000000000000e+00 0.000000000000000000e+00 0.000000000000000000e+00
2.150000000000000000e+04 8.599852078573544389e-02 0.000000000000000000e+00 1.000000000000000000e+00 0.000000000000000000e+00 0.000000000000000000e+00 0.000000000000000000e+00
2.175000000000000000e+04 8.699850358556959762e-02 4.551661356395084266e-04 9.994310423304506585e-01 0.000000000000000000e+00 1.137915339098771066e-04 0.000000000000000000e+00
2.200000000000000000e+04 8.799848638540375134e-02 9.103322712790168532e-04 9.990896677287209870e-01 0.000000000000000000e+00 0.000000000000000000e+00 0.000000000000000000e+00
2.225000000000000000e+04 8.899846918523790507e-02 4.551661356395084266e-04 9.995448338643604380e-01 0.000000000000000000e+00 0.000000000000000000e+00 0.000000000000000000e+00
2.250000000000000000e+04 8.999845198507205879e-02 2.275830678197542133e-04 9.997724169321802190e-01 0.000000000000000000e+00 0.000000000000000000e+00 0.000000000000000000e+00
2.275000000000000000e+04 9.099843478490621251e-02 6.827492034592626399e-04 9.993172507965407680e-01 0.000000000000000000e+00 0.000000000000000000e+00 0.000000000000000000e+00
2.300000000000000000e+04 9.199841758474036624e-02 1.024123805188893906e-03 9.989758761948110966e-01 0.000000000000000000e+00 0.000000000000000000e+00 0.000000000000000000e+00
2.325000000000000000e+04 9.299840038457451996e-02 1.251706873008648227e-03 9.986345015930814251e-01 0.000000000000000000e+00 1.137915339098771066e-04 0.000000000000000000e+00
2.350000000000000000e+04 9.399838318440867369e-02 1.137915339098770958e-03 9.987482931269913156e-01 0.000000000000000000e+00 1.137915339098771066e-04 0.000000000000000000e+00
2.375000000000000000e+04 9.499836598424282741e-02 1.706873008648156654e-03 9.981793354574419741e-01 0.000000000000000000e+00 1.137915339098771066e-04 0.000000000000000000e+00
2.400000000000000000e+04 9.599834878407675909e-02 1.251706873008648227e-03 9.987482931269913156e-01 0.000000000000000000e+00 0.000000000000000000e+00 0.000000000000000000e+00
2.425000000000000000e+04 9.699833158391091281e-02 1.479289940828402332e-03 9.981793354574419741e-01 0.000000000000000000e+00 3.413746017296313199e-04 0.000000000000000000e+00
2.450000000000000000e+04 9.799831438374506654e-02 2.048247610377787811e-03 9.977241693218024121e-01 0.000000000000000000e+00 2.275830678197542133e-04 0.000000000000000000e+00
2.475000000000000000e+04 9.899829718357922026e-02 3.641329085116067413e-03 9.963586709148839482e-01 0.000000000000000000e+00 0.000000000000000000e+00 0.000000000000000000e+00
2.500000000000000000e+04 9.999827998341337398e-02 2.389622212107419402e-03 9.973827947200728516e-01 0.000000000000000000e+00 2.275830678197542133e-04 0.000000000000000000e+00
2.525000000000000000e+04 1.009982627832475277e-01 5.689576695493855224e-03 9.939690487027764698e-01 0.000000000000000000e+00 3.413746017296313199e-04 0.000000000000000000e+00
2.550000000000000000e+04 1.019982455830816814e-01 5.689576695493855224e-03 9.941966317705962508e-01 0.000000000000000000e+00 1.137915339098771066e-04 0.000000000000000000e+00
2.575000000000000000e+04 1.029982283829158352e-01 1.137915339098770958e-03 9.988620846609012061e-01 0.000000000000000000e+00 0.000000000000000000e+00 0.000000000000000000e+00
2.600000000000000000e+04 1.039982111827499889e-01 4.665452890304961318e-03 9.952207555757851543e-01 0.000000000000000000e+00 1.137915339098771066e-04 0.000000000000000000e+00
2.625000000000000000e+04 1.049981939825841426e-01 8.875739644970414427e-03 9.908966772872098705e-01 0.000000000000000000e+00 2.275830678197542133e-04 0.000000000000000000e+00
2.650000000000000000e+04 1.059981767824182963e-01 7.737824305871643035e-03 9.913518434228493215e-01 0.000000000000000000e+00 9.103322712790168532e-04 0.000000000000000000e+00
2.675000000000000000e+04 1.069981595822522280e-01 5.803368229403732710e-03 9.939690487027764698e-01 0.000000000000000000e+00 2.275830678197542133e-04 0.000000000000000000e+00
2.700000000000000000e+04 1.079981423820863817e-01 1.092398725534820224e-02 9.875967228038233792e-01 0.000000000000000000e+00 1.479289940828402332e-03 0.000000000000000000e+00
2.725000000000000000e+04 1.089981251819205355e-01 1.843422849340009204e-02 9.792899408284023721e-01 0.000000000000000000e+00 2.275830678197541916e-03 0.000000000000000000e+00
2.750000000000000000e+04 1.099981079817546892e-01 4.836140191169777114e-02 8.924670004551661373e-01 0.000000000000000000e+00 5.917159763313609155e-02 0.000000000000000000e+00
2.775000000000000000e+04 1.109980907815888429e-01 1.602184797451069731e-01 3.059854346836595185e-01 0.000000000000000000e+00 5.337960855712334807e-01 0.000000000000000000e+00
2.800000000000000000e+04 1.119980735814229966e-01 1.827492034592626269e-01 4.129494765589440397e-01 3.368229403732362487e-02 3.706190259444697155e-01 0.000000000000000000e+00
2.825000000000000000e+04 1.129980563812571503e-01 2.622894856622667303e-01 4.811106053709603980e-01 1.852526172052799402e-01 7.134729176149294527e-02 0.000000000000000000e+00
2.850000000000000000e+04 1.139980391810913041e-01 2.247382794720072796e-01 5.335685025034136997e-01 2.200728265817023244e-01 2.162039144287665124e-02 0.000000000000000000e+00
2.875000000000000000e+04 1.149980219809254578e-01 1.778561675011379184e-01 5.870505234410560158e-01 2.248520710059171701e-01 1.024123805188893906e-02 0.000000000000000000e+00
2.900000000000000000e+04 1.159980047807596115e-01 1.564633591260810308e-01 6.019572143832498945e-01 2.330450614474283144e-01 8.534365043240782836e-03 0.000000000000000000e+00
2.925000000000000000e+04 1.169979875805937652e-01 1.495220755575785154e-01 6.117432862994993670e-01 2.264451524806554428e-01 1.228948566226672687e-02 0.000000000000000000e+00
2.950000000000000000e+04 1.179979703804279190e-01 1.107191624943104219e-01 6.689804278561675144e-01 2.115384615384615363e-01 8.761948111060537808e-03 0.000000000000000000e+00
2.975000000000000000e+04 1.189979531802618506e-01 9.467455621301774926e-02 6.974283113336368078e-01 2.025489303595812418e-01 5.348202093764223633e-03 0.000000000000000000e+00
3.000000000000000000e+04 1.199979359800960044e-01 8.101957214383249950e-02 7.074419663177059503e-01 2.020937642239417353e-01 9.444697314519799256e-03 0.000000000000000000e+00
3.025000000000000000e+04 1.209979187799301581e-01 8.090578060992262288e-02 7.050523441055985829e-01 2.076695493855257035e-01 6.372325898953117539e-03 0.000000000000000000e+00
3.050000000000000000e+04 1.219979015797643118e-01 8.318161128812016913e-02 7.024351388256713236e-01 2.044833864360491582e-01 9.899863450159307465e-03 0.000000000000000000e+00
3.075000000000000000e+04 1.229978843795984655e-01 8.204369594902138907e-02 7.016385980883022011e-01 2.049385525716886647e-01 1.137915339098771045e-02 0.000000000000000000e+00
3.100000000000000000e+04 1.239978671794326193e-01 8.249886208466089554e-02 7.058488848429677054e-01 2.039144287664997612e-01 7.737824305871643035e-03 0.000000000000000000e+00
3.125000000000000000e+04 1.249978499792667730e-01 8.318161128812016913e-02 7.058488848429677054e-01 2.042558033682294050e-01 6.713700500682749130e-03 0.000000000000000000e+00
3.150000000000000000e+04 1.259978327791009267e-01 8.500227583067819503e-02 7.030040964952207760e-01 2.050523441055985552e-01 6.941283568502503235e-03 0.000000000000000000e+00
3.175000000000000000e+04 1.269978155789350804e-01 8.284023668639053928e-02 7.024351388256713236e-01 2.063040509786071841e-01 8.420573509330906217e-03 0.000000000000000000e+00
3.200000000000000000e+04 1.279977983787692342e-01 8.454710969503868856e-02 7.030040964952207760e-01 2.052799271734183084e-01 7.168866636322257339e-03 0.000000000000000000e+00
3.225000000000000000e+04 1.289977811786033879e-01 8.420573509330905870e-02 7.000455166135639562e-01 2.061902594446973214e-01 9.558488848429677609e-03 0.000000000000000000e+00
3.250000000000000000e+04 1.299977639784373196e-01 8.522985889849794827e-02 7.007282658170231882e-01 2.068730086481565811e-01 7.168866636322257339e-03 0.000000000000000000e+00
3.275000000000000000e+04 1.309977467782714733e-01 8.488848429676831842e-02 6.994765589440146147e-01 2.059626763768775681e-01 9.672280382339554228e-03 0.000000000000000000e+00
3.300000000000000000e+04 1.319977295781056270e-01 8.807464724624487762e-02 7.014110150204825311e-01 2.043695949021392677e-01 6.144742831133363434e-03 0.000000000000000000e+00
3.325000000000000000e+04 1.329977123779397807e-01 7.532999544833864081e-02 7.254210286754665393e-01 1.952662721893491105e-01 3.982703686845699004e-03 0.000000000000000000e+00
3.350000000000000000e+04 1.339976951777739345e-01 7.237141556668183484e-02 7.453345471096950448e-01 1.784251251706872876e-01 3.868912152935821518e-03 0.000000000000000000e+00
3.375000000000000000e+04 1.349976779776080882e-01 6.952662721893490549e-02 7.660446062812926726e-01 1.599908966772872199e-01 4.437869822485207214e-03 0.000000000000000000e+00
3.400000000000000000e+04 1.359976607774422419e-01 6.349567592171143082e-02 7.851615839781520556e-01 1.483841602184797492e-01 2.958579881656804664e-03 0.000000000000000000e+00
3.425000000000000000e+04 1.369976435772763956e-01 4.426490669094219205e-02 8.091715976331360638e-01 1.462221210741920796e-01 3.413746017296313199e-04 0.000000000000000000e+00
3.450000000000000000e+04 1.379976263771105494e-01 4.176149294492489950e-02 8.113336367774237612e-01 1.464497041420118328e-01 4.551661356395084266e-04 0.000000000000000000e+00
3.475000000000000000e+04 1.389976091769447031e-01 4.096495220755575623e-02 8.116750113791534327e-01 1.471324533454710926e-01 2.275830678197542133e-04 0.000000000000000000e+00
3.500000000000000000e+04 1.399975919767788568e-01 3.652708238507055422e-02 8.162266727355484974e-01 1.470186618115612298e-01 2.275830678197542133e-04 0.000000000000000000e+00
3.525000000000000000e+04 1.409975747766127885e-01 3.823395539371871044e-02 8.150887573964497035e-01 1.464497041420118328e-01 2.275830678197542133e-04 0.000000000000000000e+00
3.550000000000000000e+04 1.419975575764469422e-01 3.812016385980882688e-02 8.146335912608101415e-01 1.472462448793809831e-01 0.000000000000000000e+00 0.000000000000000000e+00
3.575000000000000000e+04 1.429975403762810959e-01 3.937187073281747662e-02 8.140646335912608000e-01 1.459945380063723264e-01 5.689576695493854790e-04 0.000000000000000000e+00
3.600000000000000000e+04 1.439975231761152497e-01 3.914428766499772339e-02 8.145197997269003620e-01 1.458807464724624359e-01 4.551661356395084266e-04 0.000000000000000000e+00
3.625000000000000000e+04 1.449975059759494034e-01 3.698224852071006069e-02 8.155439235320892655e-01 1.470186618115612298e-01 4.551661356395084266e-04 0.000000000000000000e+00
3.650000000000000000e+04 1.459974887757835571e-01 3.959945380063722986e-02 8.136094674556213491e-01 1.465634956759217233e-01 2.275830678197542133e-04 0.000000000000000000e+00
3.675000000000000000e+04 1.469974715756177108e-01 3.937187073281747662e-02 8.142922166590805810e-01 1.461083295402822169e-01 2.275830678197542133e-04 0.000000000000000000e+00
3.700000000000000000e+04 1.479974543754518645e-01 3.994082840236686666e-02 8.142922166590805810e-01 1.449704142011834229e-01 7.965407373691396923e-04 0.000000000000000000e+00
3.725000000000000000e+04 1.489974371752860183e-01 3.891670459717797015e-02 8.147473827947200320e-01 1.458807464724624359e-01 4.551661356395084266e-04 0.000000000000000000e+00
3.750000000000000000e+04 1.499974199751201720e-01 3.959945380063722986e-02 8.136094674556213491e-01 1.459945380063723264e-01 7.965407373691396923e-04 0.000000000000000000e+00
3.775000000000000000e+04 1.509974027749543257e-01 3.948566226672735324e-02 8.144060081929904715e-01 1.456531634046426826e-01 4.551661356395084266e-04 0.000000000000000000e+00
3.800000000000000000e+04 1.519973855747882574e-01 4.005461993627674328e-02 8.138370505234410190e-01 1.457669549385525731e-01 3.413746017296313199e-04 0.000000000000000000e+00
3.825000000000000000e+04 1.529973683746224111e-01 4.107874374146563284e-02 8.129267182521620061e-01 1.455393718707328199e-01 4.551661356395084266e-04 0.000000000000000000e+00
3.850000000000000000e+04 1.539973511744565648e-01 4.016841147018661989e-02 8.128129267182521156e-01 1.457669549385525731e-01 1.251706873008648227e-03 0.000000000000000000e+00
3.875000000000000000e+04 1.549973339742907186e-01 4.107874374146563284e-02 8.138370505234410190e-01 1.448566226672735602e-01 2.275830678197542133e-04 0.000000000000000000e+00
3.900000000000000000e+04 1.559973167741248723e-01 4.301319981793354230e-02 8.105370960400546387e-01 1.457669549385525731e-01 6.827492034592626399e-04 0.000000000000000000e+00
3.925000000000000000e+04 1.569972995739590260e-01 5.985434683659535821e-02 7.847064178425124936e-01 1.527082385070550885e-01 2.730996813837050560e-03 0.000000000000000000e+00
3.950000000000000000e+04 1.579972823737931797e-01 7.965407373691398007e-02 7.405553026854801990e-01 1.781975421028675344e-01 1.593081474738279385e-03 0.000000000000000000e+00
3.975000000000000000e+04 1.589972651736273335e-01 7.476103777878925771e-02 7.674101046882112476e-01 1.558944014565316338e-01 1.934456076467910759e-03 0.000000000000000000e+00
4.000000000000000000e+04 1.599972479734614872e-01 4.369594902139280895e-02 8.053026854802002310e-01 1.496358670914884059e-01 1.365498406918525280e-03 0.000000000000000000e+00
4.025000000000000000e+04 1.609972307732956409e-01 3.777878925807919702e-02 8.153163404642694845e-01 1.466772872098315861e-01 2.275830678197542133e-04 0.000000000000000000e+00
4.050000000000000000e+04 1.619972135731297946e-01 3.743741465634956717e-02 8.157715065999089354e-01 1.466772872098315861e-01 1.137915339098771066e-04 0.000000000000000000e+00
4.075000000000000000e+04 1.629971963729639484e-01 3.903049613108784677e-02 8.139508420573509095e-01 1.462221210741920796e-01 7.965407373691396923e-04 0.000000000000000000e+00
4.100000000000000000e+04 1.639971791727978800e-01 3.823395539371871044e-02 8.155439235320892655e-01 1.455393718707328199e-01 6.827492034592626399e-04 0.000000000000000000e+00
4.125000000000000000e+04 1.649971619726320338e-01 3.652708238507055422e-02 8.164542558033682784e-01 1.462221210741920796e-01 7.965407373691396923e-04 0.000000000000000000e+00
4.150000000000000000e+04 1.659971447724661875e-01 3.629949931725079404e-02 8.170232134729176199e-01 1.461083295402822169e-01 5.689576695493854790e-04 0.000000000000000000e+00
4.175000000000000000e+04 1.669971275723003412e-01 3.561675011379153433e-02 8.165680473372780579e-01 1.469048702776513393e-01 9.103322712790168532e-04 0.000000000000000000e+00
4.200000000000000000e+04 1.679971103721344949e-01 3.698224852071006069e-02 8.154301319981793750e-01 1.473600364132908458e-01 2.275830678197542133e-04 0.000000000000000000e+00
4.225000000000000000e+04 1.689970931719686487e-01 3.732362312243969055e-02 8.149749658625398130e-01 1.470186618115612298e-01 6.827492034592626399e-04 0.000000000000000000e+00
4.250000000000000000e+04 1.699970759718028024e-01 3.595812471552116418e-02 8.162266727355484974e-01 1.473600364132908458e-01 4.551661356395084266e-04 0.000000000000000000e+00
4.275000000000000000e+04 1.709970587716369561e-01 3.789258079198907364e-02 8.153163404642694845e-01 1.462221210741920796e-01 5.689576695493854790e-04 0.000000000000000000e+00
4.300000000000000000e+04 1.719970415714711098e-01 3.755120619025944378e-02 8.142922166590805810e-01 1.475876194811105990e-01 5.689576695493854790e-04 0.000000000000000000e+00
4.325000000000000000e+04 1.729970243713052636e-01 3.368229403732362487e-02 8.179335457441966328e-01 1.475876194811105990e-01 7.965407373691396923e-04 0.000000000000000000e+00
4.350000000000000000e+04 1.739970071711394173e-01 3.436504324078288458e-02 8.179335457441966328e-01 1.470186618115612298e-01 6.827492034592626399e-04 0.000000000000000000e+00
4.375000000000000000e+04 1.749969899709733490e-01 3.402366863905325473e-02 8.181611288120164138e-01 1.469048702776513393e-01 9.103322712790168532e-04 0.000000000000000000e+00
4.400000000000000000e+04 1.759969727708075027e-01 3.402366863905325473e-02 8.175921711424669613e-01 1.478152025489303523e-01 5.689576695493854790e-04 0.000000000000000000e+00
4.425000000000000000e+04 1.769969555706416564e-01 3.425125170687300796e-02 8.177059626763768518e-01 1.470186618115612298e-01 1.024123805188893906e-03 0.000000000000000000e+00
4.450000000000000000e+04 1.779969383704758101e-01 3.379608557123350149e-02 8.180473372781065233e-01 1.478152025489303523e-01 3.413746017296313199e-04 0.000000000000000000e+00
4.475000000000000000e+04 1.789969211703099639e-01 3.334091943559399501e-02 8.182749203459263043e-01 1.477014110150204895e-01 6.827492034592626399e-04 0.000000000000000000e+00
4.500000000000000000e+04 1.799969039701441176e-01 3.379608557123350149e-02 8.178197542102867423e-01 1.472462448793809831e-01 1.137915339098770958e-03 0.000000000000000000e+00
4.525000000000000000e+04 1.809968867699782713e-01 3.459262630860263782e-02 8.174783796085570708e-01 1.474738279472007363e-01 4.551661356395084266e-04 0.000000000000000000e+00
4.550000000000000000e+04 1.819968695698124250e-01 3.436504324078288458e-02 8.174783796085570708e-01 1.475876194811105990e-01 5.689576695493854790e-04 0.000000000000000000e+00
4.575000000000000000e+04 1.829968523696465788e-01 3.470641784251251444e-02 8.171370050068275104e-01 1.475876194811105990e-01 5.689576695493854790e-04 0.000000000000000000e+00
4.600000000000000000e+04 1.839968351694807325e-01 3.413746017296313134e-02 8.178197542102867423e-01 1.477014110150204895e-01 3.413746017296313199e-04 0.000000000000000000e+00
4.625000000000000000e+04 1.849968179693148862e-01 3.470641784251251444e-02 8.175921711424669613e-01 1.467910787437414766e-01 9.103322712790168532e-04 0.000000000000000000e+00
4.650000000000000000e+04 1.859968007691488179e-01 3.493400091033227461e-02 8.175921711424669613e-01 1.466772872098315861e-01 7.965407373691396923e-04 0.000000000000000000e+00
4.675000000000000000e+04 1.869967835689829716e-01 3.447883477469276120e-02 8.169094219390077294e-01 1.475876194811105990e-01 1.024123805188893906e-03 0.000000000000000000e+00
4.700000000000000000e+04 1.879967663688171253e-01 3.390987710514337811e-02 8.187300864815657553e-01 1.467910787437414766e-01 5.689576695493854790e-04 0.000000000000000000e+00
4.725000000000000000e+04 1.889967491686512790e-01 3.288575329995448160e-02 8.190714610832954268e-01 1.472462448793809831e-01 7.965407373691396923e-04 0.000000000000000000e+00
4.750000000000000000e+04 1.899967319684854328e-01 3.334091943559399501e-02 8.185025034137459743e-01 1.479289940828402428e-01 2.275830678197542133e-04 0.000000000000000000e+00
4.775000000000000000e+04 1.909967147683195865e-01 3.265817023213472836e-02 8.187300864815657553e-01 1.478152025489303523e-01 7.965407373691396923e-04 0.000000000000000000e+00
4.800000000000000000e+04 1.919966975681537402e-01 3.345471096950387163e-02 8.180473372781065233e-01 1.475876194811105990e-01 9.103322712790168532e-04 0.000000000000000000e+00
4.825000000000000000e+04 1.929966803679878939e-01 3.379608557123350149e-02 8.182749203459263043e-01 1.470186618115612298e-01 9.103322712790168532e-04 0.000000000000000000e+00
4.850000000000000000e+04 1.939966631678220477e-01 3.402366863905325473e-02 8.174783796085570708e-01 1.473600364132908458e-01 1.137915339098770958e-03 0.000000000000000000e+00
4.875000000000000000e+04 1.949966459676562014e-01 3.299954483386435822e-02 8.185025034137459743e-01 1.471324533454710926e-01 1.365498406918525280e-03 0.000000000000000000e+00
4.900000000000000000e+04 1.959966287674903551e-01 3.311333636777423484e-02 8.180473372781065233e-01 1.478152025489303523e-01 1.024123805188893906e-03 0.000000000000000000e+00
4.925000000000000000e+04 1.969966115673242868e-01 3.288575329995448160e-02 8.194128356850249872e-01 1.469048702776513393e-01 7.965407373691396923e-04 0.000000000000000000e+00
4.950000000000000000e+04 1.979965943671584405e-01 3.288575329995448160e-02 8.191852526172053173e-01 1.470186618115612298e-01 9.103322712790168532e-04 0.000000000000000000e+00
4.975000000000000000e+04 1.989965771669925942e-01 3.732362312243969055e-02 8.159990896677287164e-01 1.465634956759217233e-01 1.137915339098771066e-04 0.000000000000000000e+00
5.000000000000000000e+04 1.999965599668267480e-01 3.470641784251251444e-02 8.182749203459263043e-01 1.464497041420118328e-01 5.689576695493854790e-04 0.000000000000000000e+00
5.025000000000000000e+04 2.009965427666609017e-01 3.482020937642239106e-02 8.181611288120164138e-01 1.466772872098315861e-01 3.413746017296313199e-04 0.000000000000000000e+00
5.050000000000000000e+04 2.019965255664950554e-01 3.493400091033227461e-02 8.177059626763768518e-01 1.466772872098315861e-01 6.827492034592626399e-04 0.000000000000000000e+00
5.075000000000000000e+04 2.029965083663292091e-01 3.390987710514337811e-02 8.185025034137459743e-01 1.464497041420118328e-01 1.137915339098770958e-03 0.000000000000000000e+00
5.100000000000000000e+04 2.039964911661633629e-01 3.538916704597178109e-02 8.166818388711879484e-01 1.470186618115612298e-01 9.103322712790168532e-04 0.000000000000000000e+00
5.125000000000000000e+04 2.049964739659975166e-01 3.573054164770141095e-02 8.179335457441966328e-01 1.457669549385525731e-01 5.689576695493854790e-04 0.000000000000000000e+00
5.150000000000000000e+04 2.059964567658316703e-01 3.823395539371871044e-02 8.152025489303595940e-01 1.447428311333636697e-01 1.820664542558033706e-03 0.000000000000000000e+00
5.175000000000000000e+04 2.069964395656658240e-01 4.028220300409649651e-02 8.123577605826126646e-01 1.447428311333636697e-01 2.617205279927173507e-03 0.000000000000000000e+00
5.200000000000000000e+04 2.079964223654999778e-01 5.666818388711879900e-02 7.704824761037778469e-01 1.711424670004551563e-01 1.706873008648156654e-03 0.000000000000000000e+00
5.225000000000000000e+04 2.089964051653339094e-01 7.248520710059171146e-02 7.677514792899408080e-01 1.561219845243513871e-01 3.641329085116067413e-03 0.000000000000000000e+00
5.250000000000000000e+04 2.099963879651680632e-01 5.928538916704597511e-02 7.769685935366408280e-01 1.609012289485662328e-01 2.844788347746927612e-03 0.000000000000000000e+00
5.275000000000000000e+04 2.109963707650022169e-01 5.951297223486572835e-02 7.724169321802457633e-01 1.660218479745106945e-01 2.048247610377787811e-03 0.000000000000000000e+00
5.300000000000000000e+04 2.119963535648363706e-01 6.190259444697314428e-02 7.732134729176148857e-01 1.638598088302230249e-01 1.024123805188893906e-03 0.000000000000000000e+00
5.325000000000000000e+04 2.129963363646705243e-01 6.520254893035958010e-02 7.637687756030950847e-01 1.689804278561675144e-01 2.048247610377787811e-03 0.000000000000000000e+00
5.350000000000000000e+04 2.139963191645046781e-01 6.918525261720527564e-02 7.481793354574419741e-01 1.808147473827947105e-01 1.820664542558033706e-03 0.000000000000000000e+00
5.375000000000000000e+04 2.149963019643388318e-01 6.907146108329539902e-02 7.493172507965407680e-01 1.791078743741465751e-01 2.503413746017296455e-03 0.000000000000000000e+00
5.400000000000000000e+04 2.159962847641729855e-01 7.009558488848430247e-02 7.457897132453344957e-01 1.821802457897132577e-01 1.934456076467910759e-03 0.000000000000000000e+00
5.425000000000000000e+04 2.169962675640071392e-01 6.827492034592626269e-02 7.485207100591716456e-01 1.820664542558033672e-01 1.137915339098770958e-03 0.000000000000000000e+00
5.450000000000000000e+04 2.179962503638412930e-01 6.861629494765589254e-02 7.510241238051889034e-01 1.788802913063268218e-01 1.479289940828402332e-03 0.000000000000000000e+00
5.475000000000000000e+04 2.189962331636754467e-01 7.009558488848430247e-02 7.486345015930814251e-01 1.796768320436959443e-01 1.593081474738279385e-03 0.000000000000000000e+00
5.500000000000000000e+04 2.199962159635093784e-01 6.736458807464724974e-02 7.490896677287209870e-01 1.809285389167046010e-01 2.617205279927173507e-03 0.000000000000000000e+00
5.525000000000000000e+04 2.209961987633435321e-01 6.816112881201638607e-02 7.517068730086481354e-01 1.777423759672280279e-01 2.389622212107419402e-03 0.000000000000000000e+00
5.550000000000000000e+04 2.219961815631776858e-01 6.804733727810650945e-02 7.535275375512061613e-01 1.768320436959490149e-01 1.593081474738279385e-03 0.000000000000000000e+00
5.575000000000000000e+04 2.229961643630118395e-01 6.941283568502502888e-02 7.503413746017296715e-01 1.781975421028675344e-01 2.048247610377787811e-03 0.000000000000000000e+00
5.600000000000000000e+04 2.239961471628459933e-01 6.816112881201638607e-02 7.528447883477469293e-01 1.759217114246700020e-01 3.072371415566681717e-03 0.000000000000000000e+00
5.625000000000000000e+04 2.249961299626801470e-01 6.827492034592626269e-02 7.528447883477469293e-01 1.769458352298589054e-01 1.934456076467910759e-03 0.000000000000000000e+00
5.650000000000000000e+04 2.259961127625143007e-01 6.781975421028675621e-02 7.554619936276740777e-01 1.753527537551206328e-01 1.365498406918525280e-03 0.000000000000000000e+00
5.675000000000000000e+04 2.269960955623484544e-01 6.759217114246700298e-02 7.573964497041419941e-01 1.730769230769230727e-01 1.934456076467910759e-03 0.000000000000000000e+00
