# itime ezz other fcc hcp bcc ico
0.000000000000000000e+00 0.000000000000000000e+00 0.000000000000000000e+00 1.000000000000000000e+00 0.000000000000000000e+00 0.000000000000000000e+00 0.000000000000000000e+00
3.000000000000000000e+00 1.200021063428868828e-03 0.000000000000000000e+00 1.000000000000000000e+00 0.000000000000000000e+00 0.000000000000000000e+00 0.000000000000000000e+00
6.000000000000000000e+00 2.400042126857737657e-03 0.000000000000000000e+00 1.000000000000000000e+00 0.000000000000000000e+00 0.000000000000000000e+00 0.000000000000000000e+00
9.000000000000000000e+00 3.600063190286606485e-03 0.000000000000000000e+00 1.000000000000000000e+00 0.000000000000000000e+00 0.000000000000000000e+00 0.000000000000000000e+00
1.200000000000000000e+01 4.800084253715253269e-03 0.000000000000000000e+00 1.000000000000000000e+00 0.000000000000000000e+00 0.000000000000000000e+00 0.000000000000000000e+00
1.500000000000000000e+01 6.000105317144122097e-03 0.000000000000000000e+00 1.000000000000000000e+00 0.000000000000000000e+00 0.000000000000000000e+00 0.000000000000000000e+00
1.800000000000000000e+01 7.200126380572990925e-03 0.000000000000000000e+00 1.000000000000000000e+00 0.000000000000000000e+00 0.000000000000000000e+00 0.000000000000000000e+00
2.100000000000000000e+01 8.400147444001859753e-03 0.000000000000000000e+00 1.000000000000000000e+00 0.000000000000000000e+00 0.000000000000000000e+00 0.000000000000000000e+00
2.400000000000000000e+01 9.600168507430728582e-03 0.000000000000000000e+00 1.000000000000000000e+00 0.000000000000000000e+00 0.000000000000000000e+00 0.000000000000000000e+00
2.700000000000000000e+01 1.080018957085959741e-02 0.000000000000000000e+00 1.000000000000000000e+00 0.000000000000000000e+00 0.000000000000000000e+00 0.000000000000000000e+00
3.000000000000000000e+01 1.200021063428824419e-02 0.000000000000000000e+00 1.000000000000000000e+00 0.000000000000000000e+00 0.000000000000000000e+00 0.000000000000000000e+00
3.300000000000000000e+01 1.320023169771711302e-02 0.000000000000000000e+00 1.000000000000000000e+00 0.000000000000000000e+00 0.000000000000000000e+00 0.000000000000000000e+00
3.600000000000000000e+01 1.440025276114598185e-02 0.000000000000000000e+00 1.000000000000000000e+00 0.000000000000000000e+00 0.000000000000000000e+00 0.000000000000000000e+00
3.900000000000000000e+01 1.560027382457485068e-02 0.000000000000000000e+00 1.000000000000000000e+00 0.000000000000000000e+00 0.000000000000000000e+00 0.000000000000000000e+00
4.200000000000000000e+01 1.680029488800371951e-02 0.000000000000000000e+00 1.000000000000000000e+00 0.000000000000000000e+00 0.000000000000000000e+00 0.000000000000000000e+00
4.500000000000000000e+01 1.800031595143258834e-02 0.000000000000000000e+00 1.000000000000000000e+00 0.000000000000000000e+00 0.000000000000000000e+00 0.000000000000000000e+00
4.800000000000000000e+01 1.920033701486123512e-02 0.000000000000000000e+00 1.000000000000000000e+00 0.000000000000000000e+00 0.000000000000000000e+00 0.000000000000000000e+00
5.100000000000000000e+01 2.040035807829010395e-02 0.000000000000000000e+00 1.000000000000000000e+00 0.000000000000000000e+00 0.000000000000000000e+00 0.000000000000000000e+00
5.400000000000000000e+01 2.160037914171897278e-02 0.000000000000000000e+00 1.000000000000000000e+00 0.000000000000000000e+00 0.000000000000000000e+00 0.000000000000000000e+00
5.700000000000000000e+01 2.280040020514784160e-02 0.000000000000000000e+00 1.000000000000000000e+00 0.000000000000000000e+00 0.000000000000000000e+00 0.000000000000000000e+00
6.000000000000000000e+01 2.400042126857671043e-02 0.000000000000000000e+00 1.000000000000000000e+00 0.000000000000000000e+00 0.000000000000000000e+00 0.000000000000000000e+00
6.300000000000000000e+01 2.520044233200557926e-02 0.000000000000000000e+00 1.000000000000000000e+00 0.000000000000000000e+00 0.000000000000000000e+00 0.000000000000000000e+00
6.600000000000000000e+01 2.640046339543422604e-02 0.000000000000000000e+00 1.000000000000000000e+00 0.000000000000000000e+00 0.000000000000000000e+00 0.000000000000000000e+00
6.900000000000000000e+01 2.760048445886309487e-02 0.000000000000000000e+00 1.000000000000000000e+00 0.000000000000000000e+00 0.000000000000000000e+00 0.000000000000000000e+00
7.200000000000000000e+01 2.880050552229196370e-02 0.000000000000000000e+00 1.000000000000000000e+00 0.000000000000000000e+00 0.000000000000000000e+00 0.000000000000000000e+00
7.500000000000000000e+01 3.000052658572083253e-02 0.000000000000000000e+00 1.000000000000000000e+00 0.000000000000000000e+00 0.000000000000000000e+00 0.000000000000000000e+00
7.800000000000000000e+01 3.120054764914970136e-02 0.000000000000000000e+00 1.000000000000000000e+00 0.000000000000000000e+00 0.000000000000000000e+00 0.000000000000000000e+00
8.100000000000000000e+01 3.240056871257857019e-02 0.000000000000000000e+00 1.000000000000000000e+00 0.000000000000000000e+00 0.000000000000000000e+00 0.000000000000000000e+00
8.400000000000000000e+01 3.360058977600743901e-02 0.000000000000000000e+00 1.000000000000000000e+00 0.000000000000000000e+00 0.000000000000000000e+00 0.000000000000000000e+00
8.700000000000000000e+01 3.480061083943608580e-02 0.000000000000000000e+00 1.000000000000000000e+00 0.000000000000000000e+00 0.000000000000000000e+00 0.000000000000000000e+00
9.000000000000000000e+01 3.600063190286495463e-02 0.000000000000000000e+00 1.000000000000000000e+00 0.000000000000000000e+00 0.000000000000000000e+00 0.000000000000000000e+00
9.300000000000000000e+01 3.720065296629382345e-02 0.000000000000000000e+00 1.000000000000000000e+00 0.000000000000000000e+00 0.000000000000000000e+00 0.000000000000000000e+00
9.600000000000000000e+01 3.840067402972269228e-02 0.000000000000000000e+00 1.000000000000000000e+00 0.000000000000000000e+00 0.000000000000000000e+00 0.000000000000000000e+00
9.900000000000000000e+01 3.960069509315156111e-02 0.000000000000000000e+00 1.000000000000000000e+00 0.000000000000000000e+00 0.000000000000000000e+00 0.000000000000000000e+00
1.020000000000000000e+02 4.080071615658042994e-02 0.000000000000000000e+00 1.000000000000000000e+00 0.000000000000000000e+00 0.000000000000000000e+00 0.000000000000000000e+00
1.050000000000000000e+02 4.200073722000907672e-02 0.000000000000000000e+00 1.000000000000000000e+00 0.000000000000000000e+00 0.000000000000000000e+00 0.000000000000000000e+00
1.080000000000000000e+02 4.320075828343794555e-02 0.000000000000000000e+00 1.000000000000000000e+00 0.000000000000000000e+00 0.000000000000000000e+00 0.000000000000000000e+00
1.110000000000000000e+02 4.440077934686681438e-02 0.000000000000000000e+00 1.000000000000000000e+00 0.000000000000000000e+00 0.000000000000000000e+00 0.000000000000000000e+00
1.140000000000000000e+02 4.560080041029568321e-02 0.000000000000000000e+00 1.000000000000000000e+00 0.000000000000000000e+00 0.000000000000000000e+00 0.000000000000000000e+00
1.170000000000000000e+02 4.680082147372455204e-02 0.000000000000000000e+00 1.000000000000000000e+00 0.000000000000000000e+00 0.000000000000000000e+00 0.000000000000000000e+00
1.200000000000000000e+02 4.800084253715342086e-02 0.000000000000000000e+00 1.000000000000000000e+00 0.000000000000000000e+00 0.000000000000000000e+00 0.000000000000000000e+00
1.230000000000000000e+02 4.920086360058206765e-02 0.000000000000000000e+00 1.000000000000000000e+00 0.000000000000000000e+00 0.000000000000000000e+00 0.000000000000000000e+00
1.260000000000000000e+02 5.040088466401093648e-02 0.000000000000000000e+00 1.000000000000000000e+00 0.000000000000000000e+00 0.000000000000000000e+00 0.000000000000000000e+00
1.290000000000000000e+02 5.160090572743980530e-02 0.000000000000000000e+00 1.000000000000000000e+00 0.000000000000000000e+00 0.000000000000000000e+00 0.000000000000000000e+00
1.320000000000000000e+02 5.280092679086867413e-02 0.000000000000000000e+00 1.000000000000000000e+00 0.000000000000000000e+00 0.000000000000000000e+00 0.000000000000000000e+00
1.350000000000000000e+02 5.400094785429754296e-02 0.000000000000000000e+00 1.000000000000000000e+00 0.000000000000000000e+00 0.000000000000000000e+00 0.000000000000000000e+00
1.380000000000000000e+02 5.520096891772641179e-02 0.000000000000000000e+00 1.000000000000000000e+00 0.000000000000000000e+00 0.000000000000000000e+00 0.000000000000000000e+00
1.410000000000000000e+02 5.640098998115505857e-02 0.000000000000000000e+00 1.000000000000000000e+00 0.000000000000000000e+00 0.000000000000000000e+00 0.000000000000000000e+00
1.440000000000000000e+02 5.760101104458392740e-02 0.000000000000000000e+00 1.000000000000000000e+00 0.000000000000000000e+00 0.000000000000000000e+00 0.000000000000000000e+00
1.470000000000000000e+02 5.880103210801279623e-02 0.000000000000000000e+00 1.000000000000000000e+00 0.000000000000000000e+00 0.000000000000000000e+00 0.000000000000000000e+00
1.500000000000000000e+02 6.000105317144166506e-02 0.000000000000000000e+00 1.000000000000000000e+00 0.000000000000000000e+00 0.000000000000000000e+00 0.000000000000000000e+00
1.530000000000000000e+02 6.120107423487053389e-02 0.000000000000000000e+00 1.000000000000000000e+00 0.000000000000000000e+00 0.000000000000000000e+00 0.000000000000000000e+00
1.560000000000000000e+02 6.240109529829940271e-02 0.000000000000000000e+00 1.000000000000000000e+00 0.000000000000000000e+00 0.000000000000000000e+00 0.000000000000000000e+00
1.590000000000000000e+02 6.360111636172827154e-02 0.000000000000000000e+00 1.000000000000000000e+00 0.000000000000000000e+00 0.000000000000000000e+00 0.000000000000000000e+00
1.620000000000000000e+02 6.480113742515691833e-02 0.000000000000000000e+00 1.000000000000000000e+00 0.000000000000000000e+00 0.000000000000000000e+00 0.000000000000000000e+00
1.650000000000000000e+02 6.600115848858578715e-02 2.275830678197542133e-04 9.997724169321802190e-01 0.000000000000000000e+00 0.000000000000000000e+00 0.000000000000000000e+00
1.680000000000000000e+02 6.720117955201465598e-02 0.000000000000000000e+00 1.000000000000000000e+00 0.000000000000000000e+00 0.000000000000000000e+00 0.000000000000000000e+00
1.710000000000000000e+02 6.840120061544352481e-02 0.000000000000000000e+00 1.000000000000000000e+00 0.000000000000000000e+00 0.000000000000000000e+00 0.000000000000000000e+00
1.740000000000000000e+02 6.960122167887239364e-02 0.000000000000000000e+00 1.000000000000000000e+00 0.000000000000000000e+00 0.000000000000000000e+00 0.000000000000000000e+00
1.770000000000000000e+02 7.080124274230126247e-02 0.000000000000000000e+00 1.000000000000000000e+00 0.000000000000000000e+00 0.000000000000000000e+00 0.000000000000000000e+00
1.800000000000000000e+02 7.200126380572990925e-02 1.137915339098771066e-04 9.998862084660901095e-01 0.000000000000000000e+00 0.000000000000000000e+00 0.000000000000000000e+00
1.830000000000000000e+02 7.320128486915877808e-02 0.000000000000000000e+00 1.000000000000000000e+00 0.000000000000000000e+00 0.000000000000000000e+00 0.000000000000000000e+00
1.860000000000000000e+02 7.440130593258764691e-02 0.000000000000000000e+00 1.000000000000000000e+00 0.000000000000000000e+00 0.000000000000000000e+00 0.000000000000000000e+00
1.890000000000000000e+02 7.560132699601651574e-02 0.000000000000000000e+00 1.000000000000000000e+00 0.000000000000000000e+00 0.000000000000000000e+00 0.000000000000000000e+00
1.920000000000000000e+02 7.680134805944538456e-02 0.000000000000000000e+00 1.000000000000000000e+00 0.000000000000000000e+00 0.000000000000000000e+00 0.000000000000000000e+00
1.950000000000000000e+02 7.800136912287425339e-02 0.000000000000000000e+00 1.000000000000000000e+00 0.000000000000000000e+00 0.000000000000000000e+00 0.000000000000000000e+00
1.980000000000000000e+02 7.920139018630290018e-02 0.000000000000000000e+00 1.000000000000000000e+00 0.000000000000000000e+00 0.000000000000000000e+00 0.000000000000000000e+00
2.010000000000000000e+02 8.040141124973176900e-02 0.000000000000000000e+00 1.000000000000000000e+00 0.000000000000000000e+00 0.000000000000000000e+00 0.000000000000000000e+00
2.040000000000000000e+02 8.160143231316063783e-02 0.000000000000000000e+00 1.000000000000000000e+00 0.000000000000000000e+00 0.000000000000000000e+00 0.000000000000000000e+00
2.070000000000000000e+02 8.280145337658950666e-02 0.000000000000000000e+00 1.000000000000000000e+00 0.000000000000000000e+00 0.000000000000000000e+00 0.000000000000000000e+00
2.100000000000000000e+02 8.400147444001837549e-02 0.000000000000000000e+00 1.000000000000000000e+00 0.000000000000000000e+00 0.000000000000000000e+00 0.000000000000000000e+00
2.130000000000000000e+02 8.520149550344724432e-02 4.551661356395084266e-04 9.995448338643604380e-01 0.000000000000000000e+00 0.000000000000000000e+00 0.000000000000000000e+00
2.160000000000000000e+02 8.640151656687589110e-02 0.000000000000000000e+00 1.000000000000000000e+00 0.000000000000000000e+00 0.000000000000000000e+00 0.000000000000000000e+00
2.190000000000000000e+02 8.760153763030475993e-02 0.000000000000000000e+00 1.000000000000000000e+00 0.000000000000000000e+00 0.000000000000000000e+00 0.000000000000000000e+00
2.220000000000000000e+02 8.880155869373362876e-02 0.000000000000000000e+00 1.000000000000000000e+00 0.000000000000000000e+00 0.000000000000000000e+00 0.000000000000000000e+00
2.250000000000000000e+02 9.000157975716249759e-02 1.137915339098771066e-04 9.998862084660901095e-01 0.000000000000000000e+00 0.000000000000000000e+00 0.000000000000000000e+00
2.280000000000000000e+02 9.120160082059136641e-02 0.000000000000000000e+00 1.000000000000000000e+00 0.000000000000000000e+00 0.000000000000000000e+00 0.000000000000000000e+00
2.310000000000000000e+02 9.240162188402023524e-02 0.000000000000000000e+00 1.000000000000000000e+00 0.000000000000000000e+00 0.000000000000000000e+00 0.000000000000000000e+00
2.340000000000000000e+02 9.360164294744910407e-02 2.275830678197542133e-04 9.997724169321802190e-01 0.000000000000000000e+00 0.000000000000000000e+00 0.000000000000000000e+00
2.370000000000000000e+02 9.480166401087775085e-02 5.689576695493854790e-04 9.994310423304506585e-01 0.000000000000000000e+00 0.000000000000000000e+00 0.000000000000000000e+00
2.400000000000000000e+02 9.600168507430661968e-02 4.551661356395084266e-04 9.995448338643604380e-01 0.000000000000000000e+00 0.000000000000000000e+00 0.000000000000000000e+00
2.430000000000000000e+02 9.720170613773548851e-02 4.551661356395084266e-04 9.995448338643604380e-01 0.000000000000000000e+00 0.000000000000000000e+00 0.000000000000000000e+00
2.460000000000000000e+02 9.840172720116435734e-02 2.275830678197542133e-04 9.997724169321802190e-01 0.000000000000000000e+00 0.000000000000000000e+00 0.000000000000000000e+00
2.490000000000000000e+02 9.960174826459322617e-02 0.000000000000000000e+00 1.000000000000000000e+00 0.000000000000000000e+00 0.000000000000000000e+00 0.000000000000000000e+00
2.520000000000000000e+02 1.008017693280220950e-01 1.137915339098771066e-04 9.998862084660901095e-01 0.000000000000000000e+00 0.000000000000000000e+00 0.000000000000000000e+00
2.550000000000000000e+02 1.020017903914507418e-01 2.275830678197542133e-04 9.997724169321802190e-01 0.000000000000000000e+00 0.000000000000000000e+00 0.000000000000000000e+00
2.580000000000000000e+02 1.032018114548796106e-01 2.275830678197542133e-04 9.997724169321802190e-01 0.000000000000000000e+00 0.000000000000000000e+00 0.000000000000000000e+00
2.610000000000000000e+02 1.044018325183084794e-01 1.137915339098771066e-04 9.998862084660901095e-01 0.000000000000000000e+00 0.000000000000000000e+00 0.000000000000000000e+00
2.640000000000000000e+02 1.056018535817373483e-01 5.689576695493854790e-04 9.994310423304506585e-01 0.000000000000000000e+00 0.000000000000000000e+00 0.000000000000000000e+00
2.670000000000000000e+02 1.068018746451662171e-01 1.251706873008648227e-03 9.987482931269913156e-01 0.000000000000000000e+00 0.000000000000000000e+00 0.000000000000000000e+00
2.700000000000000000e+02 1.080018957085950859e-01 1.820664542558033706e-03 9.981793354574419741e-01 0.000000000000000000e+00 0.000000000000000000e+00 0.000000000000000000e+00
2.730000000000000000e+02 1.092019167720237327e-01 1.706873008648156654e-03 9.982931269913518646e-01 0.000000000000000000e+00 0.000000000000000000e+00 0.000000000000000000e+00
2.760000000000000000e+02 1.104019378354526015e-01 1.706873008648156654e-03 9.982931269913518646e-01 0.000000000000000000e+00 0.000000000000000000e+00 0.000000000000000000e+00
2.790000000000000000e+02 1.116019588988814704e-01 1.024123805188893906e-03 9.989758761948110966e-01 0.000000000000000000e+00 0.000000000000000000e+00 0.000000000000000000e+00
2.820000000000000000e+02 1.128019799623103392e-01 1.365498406918525280e-03 9.986345015930814251e-01 0.000000000000000000e+00 0.000000000000000000e+00 0.000000000000000000e+00
2.850000000000000000e+02 1.140020010257392080e-01 2.162039144287664864e-03 9.978379608557123026e-01 0.000000000000000000e+00 0.000000000000000000e+00 0.000000000000000000e+00
2.880000000000000000e+02 1.152020220891680768e-01 1.934456076467910759e-03 9.980655439235320836e-01 0.000000000000000000e+00 0.000000000000000000e+00 0.000000000000000000e+00
2.910000000000000000e+02 1.164020431525969457e-01 2.617205279927173507e-03 9.973827947200728516e-01 0.000000000000000000e+00 0.000000000000000000e+00 0.000000000000000000e+00
2.940000000000000000e+02 1.176020642160255925e-01 2.503413746017296455e-03 9.974965862539827421e-01 0.000000000000000000e+00 0.000000000000000000e+00 0.000000000000000000e+00
2.970000000000000000e+02 1.188020852794544613e-01 3.413746017296313308e-03 9.964724624487938387e-01 0.000000000000000000e+00 1.137915339098771066e-04 0.000000000000000000e+00
3.000000000000000000e+02 1.200021063428833301e-01 3.527537551206190360e-03 9.963586709148839482e-01 0.000000000000000000e+00 1.137915339098771066e-04 0.000000000000000000e+00
3.030000000000000000e+02 1.212021274063121989e-01 2.275830678197541916e-03 9.977241693218024121e-01 0.000000000000000000e+00 0.000000000000000000e+00 0.000000000000000000e+00
3.060000000000000000e+02 1.224021484697410678e-01 1.934456076467910759e-03 9.980655439235320836e-01 0.000000000000000000e+00 0.000000000000000000e+00 0.000000000000000000e+00
3.090000000000000000e+02 1.236021695331699366e-01 4.324078288575329727e-03 9.955621301775148257e-01 0.000000000000000000e+00 1.137915339098771066e-04 0.000000000000000000e+00
3.120000000000000000e+02 1.248021905965985834e-01 6.258534365043240920e-03 9.936276741010469093e-01 0.000000000000000000e+00 1.137915339098771066e-04 0.000000000000000000e+00
3.150000000000000000e+02 1.260022116600274522e-01 6.941283568502503235e-03 9.928311333636777869e-01 0.000000000000000000e+00 2.275830678197542133e-04 0.000000000000000000e+00
3.180000000000000000e+02 1.272022327234563210e-01 8.192990441511151245e-03 9.914656349567592120e-01 0.000000000000000000e+00 3.413746017296313199e-04 0.000000000000000000e+00
3.210000000000000000e+02 1.284022537868851899e-01 8.875739644970414427e-03 9.905553026854801990e-01 0.000000000000000000e+00 5.689576695493854790e-04 0.000000000000000000e+00
3.240000000000000000e+02 1.296022748503140587e-01 8.192990441511151245e-03 9.914656349567592120e-01 0.000000000000000000e+00 3.413746017296313199e-04 0.000000000000000000e+00
3.270000000000000000e+02 1.308022959137429275e-01 9.558488848429677609e-03 9.898725534820209671e-01 0.000000000000000000e+00 5.689576695493854790e-04 0.000000000000000000e+00
3.300000000000000000e+02 1.320023169771715743e-01 1.297223486572599005e-02 9.866863905325443662e-01 0.000000000000000000e+00 3.413746017296313199e-04 0.000000000000000000e+00
3.330000000000000000e+02 1.332023380406004431e-01 1.706873008648156567e-02 9.824761037778789730e-01 0.000000000000000000e+00 4.551661356395084266e-04 0.000000000000000000e+00
3.360000000000000000e+02 1.344023591040293120e-01 2.105143377332726468e-02 9.783796085571233592e-01 0.000000000000000000e+00 5.689576695493854790e-04 0.000000000000000000e+00
3.390000000000000000e+02 1.356023801674581808e-01 1.979972690031861493e-02 9.797451069640418231e-01 0.000000000000000000e+00 4.551661356395084266e-04 0.000000000000000000e+00
3.420000000000000000e+02 1.368024012308870496e-01 1.843422849340009204e-02 9.812243969048702885e-01 0.000000000000000000e+00 3.413746017296313199e-04 0.000000000000000000e+00
3.450000000000000000e+02 1.380024222943159184e-01 2.218934911242603433e-02 9.770141101502047842e-01 0.000000000000000000e+00 7.965407373691396923e-04 0.000000000000000000e+00
3.480000000000000000e+02 1.392024433577445652e-01 2.958579881656804578e-02 9.693900773782430091e-01 0.000000000000000000e+00 1.024123805188893906e-03 0.000000000000000000e+00
3.510000000000000000e+02 1.404024644211734341e-01 3.982703686845699004e-02 9.583522985889849632e-01 0.000000000000000000e+00 1.820664542558033706e-03 0.000000000000000000e+00
3.540000000000000000e+02 1.416024854846023029e-01 4.642694583522986168e-02 9.519799726900318726e-01 0.000000000000000000e+00 1.593081474738279385e-03 0.000000000000000000e+00
3.570000000000000000e+02 1.428025065480311717e-01 5.405097860719162289e-02 9.442421483841602070e-01 0.000000000000000000e+00 1.706873008648156654e-03 0.000000000000000000e+00
3.600000000000000000e+02 1.440025276114600405e-01 6.474738279472007363e-02 9.330905780609922706e-01 0.000000000000000000e+00 2.162039144287664864e-03 0.000000000000000000e+00
3.630000000000000000e+02 1.452025486748889094e-01 7.487482931269913433e-02 9.211424670004552118e-01 0.000000000000000000e+00 3.982703686845699004e-03 0.000000000000000000e+00
3.660000000000000000e+02 1.464025697383177782e-01 8.557123350022757813e-02 9.096495220755576039e-01 0.000000000000000000e+00 4.779244424214838804e-03 0.000000000000000000e+00
3.690000000000000000e+02 1.476025908017464250e-01 1.038916704597177970e-01 8.912152935821574529e-01 0.000000000000000000e+00 4.893035958124715423e-03 0.000000000000000000e+00
3.720000000000000000e+02 1.488026118651752938e-01 1.225534820209376458e-01 8.716431497496586189e-01 0.000000000000000000e+00 5.803368229403732710e-03 0.000000000000000000e+00
3.750000000000000000e+02 1.500026329286041626e-01 1.403049613108784677e-01 8.510468821119708815e-01 0.000000000000000000e+00 8.648156577150659455e-03 0.000000000000000000e+00
3.780000000000000000e+02 1.512026539920330315e-01 1.615839781520254925e-01 8.291989076012744597e-01 0.000000000000000000e+00 9.217114246700046018e-03 0.000000000000000000e+00
3.810000000000000000e+02 1.524026750554619003e-01 1.896904870277651423e-01 7.972234865725990050e-01 0.000000000000000000e+00 1.308602639963586667e-02 0.000000000000000000e+00
3.840000000000000000e+02 1.536026961188907691e-01 2.221210741920801035e-01 7.608101957214383759e-01 0.000000000000000000e+00 1.706873008648156567e-02 0.000000000000000000e+00
3.870000000000000000e+02 1.548027171823194159e-01 2.594446973145198010e-01 7.168866636322257513e-01 0.000000000000000000e+00 2.366863905325443732e-02 0.000000000000000000e+00
3.900000000000000000e+02 1.560027382457482847e-01 3.029130632680928636e-01 6.660218479745106945e-01 0.000000000000000000e+00 3.106508875739644876e-02 0.000000000000000000e+00
3.930000000000000000e+02 1.572027593091771536e-01 3.425125170687300935e-01 6.147018661811560758e-01 0.000000000000000000e+00 4.278561675011378906e-02 0.000000000000000000e+00
3.960000000000000000e+02 1.584027803726060224e-01 3.896222121074192080e-01 5.568957669549385869e-01 0.000000000000000000e+00 5.348202093764223980e-02 0.000000000000000000e+00
3.990000000000000000e+02 1.596028014360348912e-01 4.474283113336367523e-01 4.852071005917159563e-01 0.000000000000000000e+00 6.736458807464724974e-02 0.000000000000000000e+00
4.020000000000000000e+02 1.608028224994637601e-01 5.000000000000000000e-01 4.196631770596267463e-01 0.000000000000000000e+00 8.033682294037323979e-02 0.000000000000000000e+00
4.050000000000000000e+02 1.620028435628924068e-01 5.506372325898952758e-01 3.522985889849795105e-01 0.000000000000000000e+00 9.706417842512517213e-02 0.000000000000000000e+00
4.080000000000000000e+02 1.632028646263212757e-01 5.900091033227128356e-01 3.000682749203459343e-01 0.000000000000000000e+00 1.099226217569412856e-01 0.000000000000000000e+00
4.110000000000000000e+02 1.644028856897501445e-01 6.263086026399635742e-01 2.487482931269913433e-01 2.275830678197542133e-04 1.247155211652253015e-01 0.000000000000000000e+00
4.140000000000000000e+02 1.656029067531790133e-01 6.607874374146563978e-01 1.973145197997268896e-01 6.827492034592626399e-04 1.412152935821574806e-01 0.000000000000000000e+00
4.170000000000000000e+02 1.668029278166078821e-01 6.882111970869366768e-01 1.546426945835229771e-01 1.137915339098770958e-03 1.560081929904415243e-01 0.000000000000000000e+00
4.200000000000000000e+02 1.680029488800367510e-01 7.027765134274009950e-01 1.259672280382339582e-01 1.137915339098770958e-03 1.701183431952662806e-01 0.000000000000000000e+00
4.230000000000000000e+02 1.692029699434653978e-01 7.205279927173418031e-01 9.421939007737824279e-02 1.706873008648156654e-03 1.835457441966317771e-01 0.000000000000000000e+00
4.260000000000000000e+02 1.704029910068942666e-01 7.315657715065999600e-01 7.100591715976331542e-02 2.617205279927173507e-03 1.948111060537096040e-01 0.000000000000000000e+00
4.290000000000000000e+02 1.716030120703231354e-01 7.380518889394629412e-01 5.655439235320892238e-02 3.868912152935821518e-03 2.015248065543923661e-01 0.000000000000000000e+00
4.320000000000000000e+02 1.728030331337520042e-01 7.411242603550295405e-01 4.722348657259899801e-02 4.096495220755575623e-03 2.075557578516158408e-01 0.000000000000000000e+00
4.350000000000000000e+02 1.740030541971808731e-01 7.432862994993172379e-01 3.834774692762858705e-02 4.665452890304961318e-03 2.137005006827492060e-01 0.000000000000000000e+00
4.380000000000000000e+02 1.752030752606097419e-01 7.465862539827037292e-01 3.095129722348657214e-02 5.461993627674101119e-03 2.170004551661356418e-01 0.000000000000000000e+00
4.410000000000000000e+02 1.764030963240386107e-01 7.510241238051889034e-01 2.492034592626308706e-02 6.144742831133363434e-03 2.179107874374146547e-01 0.000000000000000000e+00
4.440000000000000000e+02 1.776031173874672575e-01 7.567137005006827621e-01 2.048247610377787811e-02 6.599908966772872511e-03 2.162039144287664916e-01 0.000000000000000000e+00
4.470000000000000000e+02 1.788031384508961263e-01 7.609239872553481554e-01 1.706873008648156567e-02 7.055075102412380721e-03 2.149522075557578626e-01 0.000000000000000000e+00
4.500000000000000000e+02 1.800031595143249952e-01 7.610377787892580459e-01 1.593081474738279601e-02 8.306781975421027864e-03 2.147246244879381094e-01 0.000000000000000000e+00
4.530000000000000000e+02 1.812031805777538640e-01 7.619481110605370588e-01 1.547564861174328607e-02 9.558488848429677609e-03 2.130177514792899462e-01 0.000000000000000000e+00
4.560000000000000000e+02 1.824032016411827328e-01 7.642239417387346467e-01 1.524806554392353283e-02 1.081019572143832562e-02 2.097177969959035104e-01 0.000000000000000000e+00
4.590000000000000000e+02 1.836032227046116017e-01 7.647928994082839882e-01 1.456531634046426965e-02 1.194811106053709528e-02 2.086936731907146070e-01 0.000000000000000000e+00
4.620000000000000000e+02 1.848032437680402484e-01 7.642239417387346467e-01 1.593081474738279601e-02 1.456531634046426965e-02 2.052799271734183084e-01 0.000000000000000000e+00
4.650000000000000000e+02 1.860032648314691173e-01 7.606964041875284854e-01 1.615839781520254925e-02 1.786527082385070547e-02 2.052799271734183084e-01 0.000000000000000000e+00
4.680000000000000000e+02 1.872032858948979861e-01 7.586481565771506785e-01 1.832043695949021542e-02 1.957214383249886169e-02 2.034592626308602548e-01 0.000000000000000000e+00
4.710000000000000000e+02 1.884033069583268549e-01 7.626308602639964018e-01 1.809285389167045871e-02 2.196176604460628110e-02 1.973145197997268896e-01 0.000000000000000000e+00
4.740000000000000000e+02 1.896033280217557238e-01 7.628584433318160718e-01 1.797906235776058209e-02 2.366863905325443732e-02 1.954938552571688637e-01 0.000000000000000000e+00
4.770000000000000000e+02 1.908033490851845926e-01 7.608101957214383759e-01 1.763768775603095224e-02 2.605826126536185672e-02 1.954938552571688637e-01 0.000000000000000000e+00
4.800000000000000000e+02 1.920033701486132394e-01 7.595584888484296915e-01 1.809285389167045871e-02 2.867546654528902936e-02 1.936731907146108378e-01 0.000000000000000000e+00
4.830000000000000000e+02 1.932033912120421082e-01 7.568274920345926526e-01 2.002730996813837164e-02 3.152025489303595523e-02 1.916249431042330587e-01 0.000000000000000000e+00
4.860000000000000000e+02 1.944034122754709770e-01 7.600136549840691425e-01 2.196176604460628110e-02 3.334091943559399501e-02 1.846836595357305433e-01 0.000000000000000000e+00
4.890000000000000000e+02 1.956034333388998459e-01 7.626308602639964018e-01 2.366863905325443732e-02 3.516158397815202785e-02 1.785389167045971781e-01 0.000000000000000000e+00
4.920000000000000000e+02 1.968034544023287147e-01 7.670687300864815761e-01 2.480655439235321044e-02 3.584433318161128756e-02 1.722803823395539502e-01 0.000000000000000000e+00
4.950000000000000000e+02 1.980034754657575835e-01 7.709376422394174089e-01 2.583067819754210348e-02 3.664087391898043083e-02 1.665908056440600915e-01 0.000000000000000000e+00
4.980000000000000000e+02 1.992034965291862303e-01 7.759444697314519246e-01 2.526172052799271692e-02 3.789258079198907364e-02 1.609012289485662328e-01 0.000000000000000000e+00
5.010000000000000000e+02 2.004035175926150991e-01 7.779927173418297315e-01 2.605826126536185672e-02 4.005461993627674328e-02 1.558944014565316338e-01 0.000000000000000000e+00
5.040000000000000000e+02 2.016035386560439679e-01 7.836822940373235902e-01 2.708238507055074976e-02 4.164770141101502288e-02 1.475876194811105990e-01 0.000000000000000000e+00
5.070000000000000000e+02 2.028035597194728368e-01 7.837960855712334807e-01 2.833409194355939950e-02 4.312699135184342586e-02 1.447428311333636697e-01 0.000000000000000000e+00
5.100000000000000000e+02 2.040035807829017056e-01 7.909649522075558048e-01 2.890304961310878606e-02 4.187528447883477611e-02 1.382567137005006885e-01 0.000000000000000000e+00
5.130000000000000000e+02 2.052036018463305744e-01 7.934683659535730627e-01 3.129267182521620200e-02 4.267182521620391245e-02 1.325671370050068298e-01 0.000000000000000000e+00
5.160000000000000000e+02 2.064036229097594433e-01 7.927856167501138307e-01 3.527537551206190447e-02 4.472007282658170546e-02 1.272189349112426149e-01 0.000000000000000000e+00
5.190000000000000000e+02 2.076036439731880900e-01 7.983614019116977989e-01 3.652708238507055422e-02 4.289940828402366568e-02 1.222121074192080159e-01 0.000000000000000000e+00
5.220000000000000000e+02 2.088036650366169589e-01 8.045061447428311086e-01 3.584433318161128756e-02 4.198907601274465273e-02 1.176604460628129234e-01 0.000000000000000000e+00
5.250000000000000000e+02 2.100036861000458277e-01 8.084888484296768318e-01 3.868912152935821691e-02 4.164770141101502288e-02 1.111743286299499284e-01 0.000000000000000000e+00
5.280000000000000000e+02 2.112037071634746965e-01 8.107646791078744197e-01 3.880291306326809353e-02 4.244424214838415921e-02 1.079881656804733692e-01 0.000000000000000000e+00
5.310000000000000000e+02 2.124037282269035654e-01 8.137232589895311285e-01 4.107874374146563284e-02 4.255803368229403583e-02 1.026399635867091542e-01 0.000000000000000000e+00
5.340000000000000000e+02 2.136037492903324342e-01 8.178197542102867423e-01 4.016841147018661989e-02 4.574419663177059503e-02 9.626763768775603580e-02 0.000000000000000000e+00
5.370000000000000000e+02 2.148037703537610810e-01 8.192990441511152078e-01 4.142011834319526964e-02 4.528903049613108855e-02 9.399180700955848955e-02 0.000000000000000000e+00
5.400000000000000000e+02 2.160037914171899498e-01 8.237369139736003820e-01 4.096495220755575623e-02 4.563040509786071841e-02 8.966772872098316416e-02 0.000000000000000000e+00
5.430000000000000000e+02 2.172038124806188186e-01 8.254437869822485174e-01 4.130632680928538608e-02 4.688211197086936816e-02 8.636777423759672834e-02 0.000000000000000000e+00
5.460000000000000000e+02 2.184038335440476875e-01 8.237369139736003820e-01 4.312699135184342586e-02 4.676832043695949154e-02 8.636777423759672834e-02 0.000000000000000000e+00
5.490000000000000000e+02 2.196038546074765563e-01 8.247610377787892855e-01 4.301319981793354230e-02 4.779244424214838111e-02 8.443331816112881194e-02 0.000000000000000000e+00
5.520000000000000000e+02 2.208038756709054251e-01 8.265817023213473114e-01 4.369594902139280895e-02 4.858898497951752438e-02 8.113336367774237612e-02 0.000000000000000000e+00
5.550000000000000000e+02 2.220038967343340719e-01 8.265817023213473114e-01 4.528903049613108855e-02 5.029585798816568060e-02 7.783340919435594030e-02 0.000000000000000000e+00
5.580000000000000000e+02 2.232039177977629407e-01 8.294264906690942407e-01 4.654073736913973830e-02 5.052344105598543383e-02 7.350933090578061491e-02 0.000000000000000000e+00
5.610000000000000000e+02 2.244039388611918096e-01 8.297678652708238012e-01 4.710969503868912139e-02 5.291306326809285671e-02 7.020937642239417908e-02 0.000000000000000000e+00
5.640000000000000000e+02 2.256039599246206784e-01 8.307919890760127046e-01 4.972690031861629750e-02 5.302685480200273332e-02 6.645425580336822291e-02 0.000000000000000000e+00
5.670000000000000000e+02 2.268039809880495472e-01 8.318161128812016081e-01 5.029585798816568060e-02 5.427856167501137613e-02 6.360946745562130744e-02 0.000000000000000000e+00
5.700000000000000000e+02 2.280040020514784160e-01 8.287437414656350088e-01 5.234410559854346667e-02 5.564406008192990249e-02 6.326809285389166371e-02 0.000000000000000000e+00
5.730000000000000000e+02 2.292040231149070628e-01 8.312471552116522666e-01 5.382339553937186966e-02 5.314064633591260994e-02 6.178880291306326766e-02 0.000000000000000000e+00
5.760000000000000000e+02 2.304040441783359316e-01 8.327264451524806210e-01 5.530268548020027264e-02 5.291306326809285671e-02 5.905780609922621494e-02 0.000000000000000000e+00
5.790000000000000000e+02 2.316040652417648005e-01 8.345471096950386469e-01 5.541647701411014926e-02 5.268548020027309653e-02 5.735093309057805872e-02 0.000000000000000000e+00
5.820000000000000000e+02 2.328040863051936693e-01 8.338643604915794150e-01 5.518889394629039602e-02 5.268548020027309653e-02 5.826126536185707860e-02 0.000000000000000000e+00
5.850000000000000000e+02 2.340041073686225381e-01 8.301092398725534727e-01 5.587164314974965573e-02 5.370960400546199304e-02 6.030951297223486468e-02 0.000000000000000000e+00
5.880000000000000000e+02 2.352041284320514070e-01 8.303368229403732537e-01 5.735093309057805872e-02 5.507510241238051940e-02 5.723714155666818210e-02 0.000000000000000000e+00
5.910000000000000000e+02 2.364041494954802758e-01 8.318161128812016081e-01 5.678197542102867562e-02 5.553026854802002588e-02 5.587164314974965573e-02 0.000000000000000000e+00
5.940000000000000000e+02 2.376041705589089226e-01 8.298816568047336917e-01 5.746472462448793533e-02 5.666818388711879900e-02 5.598543468365953235e-02 0.000000000000000000e+00
5.970000000000000000e+02 2.388041916223377914e-01 8.321574874829312796e-01 5.723714155666818210e-02 5.632680928538916915e-02 5.427856167501137613e-02 0.000000000000000000e+00
6.000000000000000000e+02 2.400042126857666602e-01 8.339781520254893055e-01 5.848884842967683184e-02 5.632680928538916915e-02 5.120619025944470049e-02 0.000000000000000000e+00
6.030000000000000000e+02 2.412042337491955291e-01 8.384160218479744797e-01 5.803368229403732537e-02 5.609922621756941591e-02 4.745106964041875125e-02 0.000000000000000000e+00
6.060000000000000000e+02 2.424042548126243979e-01 8.342057350933090865e-01 6.133363677742376119e-02 5.712335002275830548e-02 4.733727810650887463e-02 0.000000000000000000e+00
6.090000000000000000e+02 2.436042758760532667e-01 8.326126536185707305e-01 6.269913518434228061e-02 5.632680928538916915e-02 4.836140191169777114e-02 0.000000000000000000e+00
6.120000000000000000e+02 2.448042969394819135e-01 8.330678197542102925e-01 6.224396904870277414e-02 5.553026854802002588e-02 4.915794264906690747e-02 0.000000000000000000e+00
6.150000000000000000e+02 2.460043180029107823e-01 8.346609012289485374e-01 6.065088757396449454e-02 5.553026854802002588e-02 4.915794264906690747e-02 0.000000000000000000e+00
6.180000000000000000e+02 2.472043390663396512e-01 8.345471096950386469e-01 5.974055530268548159e-02 5.609922621756941591e-02 4.961310878470642088e-02 0.000000000000000000e+00
6.210000000000000000e+02 2.484043601297685200e-01 8.351160673645880994e-01 5.917159763313609155e-02 5.928538916704597511e-02 4.642694583522986168e-02 0.000000000000000000e+00
6.240000000000000000e+02 2.496043811931973888e-01 8.367091488393263443e-01 5.826126536185707860e-02 6.065088757396449454e-02 4.437869822485206867e-02 0.000000000000000000e+00
6.270000000000000000e+02 2.508044022566262576e-01 8.356850250341374409e-01 5.826126536185707860e-02 6.167501137915339104e-02 4.437869822485206867e-02 0.000000000000000000e+00
6.300000000000000000e+02 2.520044233200549044e-01 8.355712335002275504e-01 5.985434683659535821e-02 6.019572143832498806e-02 4.437869822485206867e-02 0.000000000000000000e+00
6.330000000000000000e+02 2.532044443834837733e-01 8.346609012289485374e-01 6.121984524351388457e-02 5.939918070095585173e-02 4.472007282658170546e-02 0.000000000000000000e+00
6.360000000000000000e+02 2.544044654469126421e-01 8.356850250341374409e-01 6.133363677742376119e-02 5.905780609922621494e-02 4.392353208921256219e-02 0.000000000000000000e+00
6.390000000000000000e+02 2.556044865103415109e-01 8.367091488393263443e-01 6.383705052344106068e-02 5.723714155666818210e-02 4.221665908056440597e-02 0.000000000000000000e+00
6.420000000000000000e+02 2.568045075737703797e-01 8.337505689576695245e-01 6.622667273554846967e-02 5.791989076012744875e-02 4.210286754665452935e-02 0.000000000000000000e+00
6.450000000000000000e+02 2.580045286371992486e-01 8.324988620846609511e-01 6.508875739644970349e-02 5.928538916704597511e-02 4.312699135184342586e-02 0.000000000000000000e+00
6.480000000000000000e+02 2.592045497006278953e-01 8.347746927628584279e-01 6.429221665908056715e-02 5.985434683659535821e-02 4.107874374146563284e-02 0.000000000000000000e+00
6.510000000000000000e+02 2.604045707640567642e-01 8.355712335002275504e-01 6.531634046426945672e-02 5.939918070095585173e-02 3.971324533454710648e-02 0.000000000000000000e+00
6.540000000000000000e+02 2.616045918274856330e-01 8.331816112881201830e-01 6.702321347291761988e-02 5.996813837050523482e-02 3.982703686845699004e-02 0.000000000000000000e+00
6.570000000000000000e+02 2.628046128909145018e-01 8.335229858898497435e-01 6.873008648156576916e-02 6.076467910787437116e-02 3.698224852071006069e-02 0.000000000000000000e+00
6.600000000000000000e+02 2.640046339543433707e-01 8.280609922621756658e-01 6.998179335457442585e-02 6.167501137915339104e-02 4.028220300409649651e-02 0.000000000000000000e+00
6.630000000000000000e+02 2.652046550177722395e-01 8.258989531178880794e-01 7.020937642239417908e-02 6.315430131998178709e-02 4.073736913973600299e-02 0.000000000000000000e+00
6.660000000000000000e+02 2.664046760812011083e-01 8.318161128812016081e-01 6.793354574419663283e-02 6.406463359126081392e-02 3.618570778334091742e-02 0.000000000000000000e+00
6.690000000000000000e+02 2.676046971446297551e-01 8.329540282203004020e-01 6.816112881201638607e-02 6.486117432862995025e-02 3.402366863905325473e-02 0.000000000000000000e+00
6.720000000000000000e+02 2.688047182080586239e-01 8.334091943559399640e-01 6.747837960855712636e-02 6.520254893035958010e-02 3.390987710514337811e-02 0.000000000000000000e+00
6.750000000000000000e+02 2.700047392714874928e-01 8.331816112881201830e-01 6.725079654073737312e-02 6.702321347291761988e-02 3.254437869822485174e-02 0.000000000000000000e+00
6.780000000000000000e+02 2.712047603349163616e-01 8.328402366863905115e-01 6.679563040509786664e-02 6.577150659990896320e-02 3.459262630860263782e-02 0.000000000000000000e+00
6.810000000000000000e+02 2.724047813983452304e-01 8.298816568047336917e-01 6.793354574419663283e-02 6.713700500682749650e-02 3.493400091033227461e-02 1.137915339098771066e-04
