# itime ezz other fcc hcp bcc ico
0.000000000000000000e+00 0.000000000000000000e+00 0.000000000000000000e+00 1.000000000000000000e+00 0.000000000000000000e+00 0.000000000000000000e+00 0.000000000000000000e+00
5.000000000000000000e+01 1.999987016592319478e-03 0.000000000000000000e+00 1.000000000000000000e+00 0.000000000000000000e+00 0.000000000000000000e+00 0.000000000000000000e+00
1.000000000000000000e+02 3.999974033184416911e-03 0.000000000000000000e+00 1.000000000000000000e+00 0.000000000000000000e+00 0.000000000000000000e+00 0.000000000000000000e+00
1.500000000000000000e+02 5.999961049776736388e-03 0.000000000000000000e+00 1.000000000000000000e+00 0.000000000000000000e+00 0.000000000000000000e+00 0.000000000000000000e+00
2.000000000000000000e+02 7.999948066369055866e-03 0.000000000000000000e+00 1.000000000000000000e+00 0.000000000000000000e+00 0.000000000000000000e+00 0.000000000000000000e+00
2.500000000000000000e+02 9.999935082961153299e-03 0.000000000000000000e+00 1.000000000000000000e+00 0.000000000000000000e+00 0.000000000000000000e+00 0.000000000000000000e+00
3.000000000000000000e+02 1.199992209955347278e-02 0.000000000000000000e+00 1.000000000000000000e+00 0.000000000000000000e+00 0.000000000000000000e+00 0.000000000000000000e+00
3.500000000000000000e+02 1.399990911614579225e-02 0.000000000000000000e+00 1.000000000000000000e+00 0.000000000000000000e+00 0.000000000000000000e+00 0.000000000000000000e+00
4.000000000000000000e+02 1.599989613273788969e-02 0.000000000000000000e+00 1.000000000000000000e+00 0.000000000000000000e+00 0.000000000000000000e+00 0.000000000000000000e+00
4.500000000000000000e+02 1.799988314933020916e-02 0.000000000000000000e+00 1.000000000000000000e+00 0.000000000000000000e+00 0.000000000000000000e+00 0.000000000000000000e+00
5.000000000000000000e+02 1.999987016592252864e-02 0.000000000000000000e+00 1.000000000000000000e+00 0.000000000000000000e+00 0.000000000000000000e+00 0.000000000000000000e+00
5.500000000000000000e+02 2.199985718251462607e-02 0.000000000000000000e+00 1.000000000000000000e+00 0.000000000000000000e+00 0.000000000000000000e+00 0.000000000000000000e+00
6.000000000000000000e+02 2.399984419910694555e-02 0.000000000000000000e+00 1.000000000000000000e+00 0.000000000000000000e+00 0.000000000000000000e+00 0.000000000000000000e+00
6.500000000000000000e+02 2.599983121569926503e-02 0.000000000000000000e+00 1.000000000000000000e+00 0.000000000000000000e+00 0.000000000000000000e+00 0.000000000000000000e+00
7.000000000000000000e+02 2.799981823229136246e-02 0.000000000000000000e+00 1.000000000000000000e+00 0.000000000000000000e+00 0.000000000000000000e+00 0.000000000000000000e+00
7.500000000000000000e+02 2.999980524888368194e-02 0.000000000000000000e+00 1.000000000000000000e+00 0.000000000000000000e+00 0.000000000000000000e+00 0.000000000000000000e+00
8.000000000000000000e+02 3.199979226547577937e-02 0.000000000000000000e+00 1.000000000000000000e+00 0.000000000000000000e+00 0.000000000000000000e+00 0.000000000000000000e+00
8.500000000000000000e+02 3.399977928206809885e-02 0.000000000000000000e+00 1.000000000000000000e+00 0.000000000000000000e+00 0.000000000000000000e+00 0.000000000000000000e+00
9.000000000000000000e+02 3.599976629866041833e-02 0.000000000000000000e+00 1.000000000000000000e+00 0.000000000000000000e+00 0.000000000000000000e+00 0.000000000000000000e+00
9.500000000000000000e+02 3.799975331525251576e-02 0.000000000000000000e+00 1.000000000000000000e+00 0.000000000000000000e+00 0.000000000000000000e+00 0.000000000000000000e+00
1.000000000000000000e+03 3.999974033184483524e-02 0.000000000000000000e+00 1.000000000000000000e+00 0.000000000000000000e+00 0.000000000000000000e+00 0.000000000000000000e+00
1.050000000000000000e+03 4.199972734843715472e-02 1.137915339098771066e-04 9.998862084660901095e-01 0.000000000000000000e+00 0.000000000000000000e+00 0.000000000000000000e+00
1.100000000000000000e+03 4.399971436502925215e-02 0.000000000000000000e+00 1.000000000000000000e+00 0.000000000000000000e+00 0.000000000000000000e+00 0.000000000000000000e+00
1.150000000000000000e+03 4.599970138162157163e-02 0.000000000000000000e+00 1.000000000000000000e+00 0.000000000000000000e+00 0.000000000000000000e+00 0.000000000000000000e+00
1.200000000000000000e+03 4.799968839821389111e-02 0.000000000000000000e+00 1.000000000000000000e+00 0.000000000000000000e+00 0.000000000000000000e+00 0.000000000000000000e+00
1.250000000000000000e+03 4.999967541480598854e-02 0.000000000000000000e+00 1.000000000000000000e+00 0.000000000000000000e+00 0.000000000000000000e+00 0.000000000000000000e+00
1.300000000000000000e+03 5.199966243139830802e-02 0.000000000000000000e+00 1.000000000000000000e+00 0.000000000000000000e+00 0.000000000000000000e+00 0.000000000000000000e+00
1.350000000000000000e+03 5.399964944799062749e-02 0.000000000000000000e+00 1.000000000000000000e+00 0.000000000000000000e+00 0.000000000000000000e+00 0.000000000000000000e+00
1.400000000000000000e+03 5.599963646458272493e-02 0.000000000000000000e+00 1.000000000000000000e+00 0.000000000000000000e+00 0.000000000000000000e+00 0.000000000000000000e+00
1.450000000000000000e+03 5.799962348117504440e-02 0.000000000000000000e+00 1.000000000000000000e+00 0.000000000000000000e+00 0.000000000000000000e+00 0.000000000000000000e+00
1.500000000000000000e+03 5.999961049776736388e-02 0.000000000000000000e+00 1.000000000000000000e+00 0.000000000000000000e+00 0.000000000000000000e+00 0.000000000000000000e+00
1.550000000000000000e+03 6.199959751435946131e-02 0.000000000000000000e+00 1.000000000000000000e+00 0.000000000000000000e+00 0.000000000000000000e+00 0.000000000000000000e+00
1.600000000000000000e+03 6.399958453095178079e-02 0.000000000000000000e+00 1.000000000000000000e+00 0.000000000000000000e+00 0.000000000000000000e+00 0.000000000000000000e+00
1.650000000000000000e+03 6.599957154754410027e-02 0.000000000000000000e+00 1.000000000000000000e+00 0.000000000000000000e+00 0.000000000000000000e+00 0.000000000000000000e+00
1.700000000000000000e+03 6.799955856413619770e-02 0.000000000000000000e+00 1.000000000000000000e+00 0.000000000000000000e+00 0.000000000000000000e+00 0.000000000000000000e+00
1.750000000000000000e+03 6.999954558072851718e-02 0.000000000000000000e+00 1.000000000000000000e+00 0.000000000000000000e+00 0.000000000000000000e+00 0.000000000000000000e+00
1.800000000000000000e+03 7.199953259732083666e-02 1.137915339098771066e-04 9.998862084660901095e-01 0.000000000000000000e+00 0.000000000000000000e+00 0.000000000000000000e+00
1.850000000000000000e+03 7.399951961391293409e-02 0.000000000000000000e+00 1.000000000000000000e+00 0.000000000000000000e+00 0.000000000000000000e+00 0.000000000000000000e+00
1.900000000000000000e+03 7.599950663050525357e-02 3.413746017296313199e-04 9.995448338643604380e-01 0.000000000000000000e+00 1.137915339098771066e-04 0.000000000000000000e+00
1.950000000000000000e+03 7.799949364709757305e-02 0.000000000000000000e+00 1.000000000000000000e+00 0.000000000000000000e+00 0.000000000000000000e+00 0.000000000000000000e+00
2.000000000000000000e+03 7.999948066368967048e-02 6.827492034592626399e-04 9.993172507965407680e-01 0.000000000000000000e+00 0.000000000000000000e+00 0.000000000000000000e+00
2.050000000000000000e+03 8.199946768028198996e-02 3.413746017296313199e-04 9.996586253982703285e-01 0.000000000000000000e+00 0.000000000000000000e+00 0.000000000000000000e+00
2.100000000000000000e+03 8.399945469687408739e-02 0.000000000000000000e+00 1.000000000000000000e+00 0.000000000000000000e+00 0.000000000000000000e+00 0.000000000000000000e+00
2.150000000000000000e+03 8.599944171346640687e-02 2.275830678197542133e-04 9.997724169321802190e-01 0.000000000000000000e+00 0.000000000000000000e+00 0.000000000000000000e+00
2.200000000000000000e+03 8.799942873005872634e-02 0.000000000000000000e+00 1.000000000000000000e+00 0.000000000000000000e+00 0.000000000000000000e+00 0.000000000000000000e+00
2.250000000000000000e+03 8.999941574665082378e-02 1.593081474738279385e-03 9.984069185252617551e-01 0.000000000000000000e+00 0.000000000000000000e+00 0.000000000000000000e+00
2.300000000000000000e+03 9.199940276324314326e-02 3.413746017296313199e-04 9.996586253982703285e-01 0.000000000000000000e+00 0.000000000000000000e+00 0.000000000000000000e+00
2.350000000000000000e+03 9.399938977983546273e-02 2.275830678197542133e-04 9.997724169321802190e-01 0.000000000000000000e+00 0.000000000000000000e+00 0.000000000000000000e+00
2.400000000000000000e+03 9.599937679642756017e-02 1.137915339098770958e-03 9.988620846609012061e-01 0.000000000000000000e+00 0.000000000000000000e+00 0.000000000000000000e+00
2.450000000000000000e+03 9.799936381301987964e-02 2.048247610377787811e-03 9.978379608557123026e-01 0.000000000000000000e+00 1.137915339098771066e-04 0.000000000000000000e+00
2.500000000000000000e+03 9.999935082961219912e-02 1.820664542558033706e-03 9.981793354574419741e-01 0.000000000000000000e+00 0.000000000000000000e+00 0.000000000000000000e+00
2.550000000000000000e+03 1.019993378462042966e-01 4.551661356395083832e-03 9.952207555757851543e-01 0.000000000000000000e+00 2.275830678197542133e-04 0.000000000000000000e+00
2.600000000000000000e+03 1.039993248627966160e-01 4.096495220755575623e-03 9.957897132453344957e-01 0.000000000000000000e+00 1.137915339098771066e-04 0.000000000000000000e+00
2.650000000000000000e+03 1.059993118793889355e-01 4.551661356395083832e-03 9.953345471096950448e-01 0.000000000000000000e+00 1.137915339098771066e-04 0.000000000000000000e+00
2.700000000000000000e+03 1.079992988959810329e-01 5.917159763313609329e-03 9.939690487027764698e-01 0.000000000000000000e+00 1.137915339098771066e-04 0.000000000000000000e+00
2.750000000000000000e+03 1.099992859125733524e-01 1.297223486572599005e-02 9.860036413290851343e-01 0.000000000000000000e+00 1.024123805188893906e-03 0.000000000000000000e+00
2.800000000000000000e+03 1.119992729291656719e-01 1.206190259444697363e-02 9.870277651342740377e-01 0.000000000000000000e+00 9.103322712790168532e-04 0.000000000000000000e+00
2.850000000000000000e+03 1.139992599457577693e-01 1.672735548475193582e-02 9.812243969048702885e-01 0.000000000000000000e+00 2.048247610377787811e-03 0.000000000000000000e+00
2.900000000000000000e+03 1.159992469623500888e-01 2.992717341829767910e-02 9.637005006827491504e-01 0.000000000000000000e+00 6.372325898953117539e-03 0.000000000000000000e+00
2.950000000000000000e+03 1.179992339789424083e-01 6.338188438780155420e-02 9.073736913973600160e-01 0.000000000000000000e+00 2.924442421483841592e-02 0.000000000000000000e+00
3.000000000000000000e+03 1.199992209955345057e-01 1.239189804278561652e-01 7.261037778789257713e-01 0.000000000000000000e+00 1.499772416932180219e-01 0.000000000000000000e+00
3.050000000000000000e+03 1.219992080121268252e-01 2.521620391442876419e-01 3.660673645880746507e-01 4.551661356395084266e-04 3.813154301319982009e-01 0.000000000000000000e+00
3.100000000000000000e+03 1.239991950287191447e-01 3.342057350933090309e-01 1.280154756486117373e-01 1.365498406918525280e-03 5.364132908511606290e-01 0.000000000000000000e+00
3.150000000000000000e+03 1.259991820453112421e-01 3.298816568047337472e-01 9.387801547564861293e-02 5.689576695493855224e-03 5.705507510241237812e-01 0.000000000000000000e+00
3.200000000000000000e+03 1.279991690619035616e-01 3.431952662721893255e-01 1.505461993627674189e-01 2.321347291761493084e-02 4.830450614474283144e-01 0.000000000000000000e+00
3.250000000000000000e+03 1.299991560784958811e-01 3.508192990441511006e-01 2.172280382339553950e-01 8.397815202548930547e-02 3.479745106964041712e-01 0.000000000000000000e+00
3.300000000000000000e+03 1.319991430950879785e-01 3.332954028220300180e-01 2.829995448338643582e-01 1.581702321347291662e-01 2.255348202093764298e-01 0.000000000000000000e+00
3.350000000000000000e+03 1.339991301116802980e-01 3.386436049157942607e-01 3.271506599908966528e-01 2.168866636322257513e-01 1.173190714610832935e-01 0.000000000000000000e+00
3.400000000000000000e+03 1.359991171282726174e-01 3.252162039144287919e-01 3.378470641784251383e-01 2.506827492034592875e-01 8.625398270368685172e-02 0.000000000000000000e+00
3.450000000000000000e+03 1.379991041448647149e-01 3.348884842967683184e-01 3.388711879836140417e-01 2.643377332726445372e-01 6.190259444697314428e-02 0.000000000000000000e+00
3.500000000000000000e+03 1.399990911614570344e-01 3.398953117888028896e-01 3.314747382794719921e-01 2.636549840691852498e-01 6.497496586253982687e-02 0.000000000000000000e+00
3.550000000000000000e+03 1.419990781780491318e-01 3.529813381884387979e-01 3.054164770141101770e-01 2.677514792899408080e-01 7.385070550751024476e-02 0.000000000000000000e+00
3.600000000000000000e+03 1.439990651946414513e-01 3.171370050068275104e-01 2.853891670459717811e-01 3.134956759217114031e-01 8.397815202548930547e-02 0.000000000000000000e+00
3.650000000000000000e+03 1.459990522112337707e-01 3.203231679563040557e-01 2.686618115612198210e-01 3.370505234410559603e-01 7.396449704142012138e-02 0.000000000000000000e+00
3.700000000000000000e+03 1.479990392278258682e-01 3.253299954483386269e-01 2.453345471096950448e-01 3.563950842057350687e-01 7.294037323623121793e-02 0.000000000000000000e+00
3.750000000000000000e+03 1.499990262444181877e-01 3.328402366863905115e-01 2.331588529813381772e-01 3.649294492489758568e-01 6.907146108329539902e-02 0.000000000000000000e+00
3.800000000000000000e+03 1.519990132610105071e-01 3.455848884842967483e-01 2.254210286754665393e-01 3.690259444697314706e-01 5.996813837050523482e-02 0.000000000000000000e+00
3.850000000000000000e+03 1.539990002776026046e-01 3.484296768320436777e-01 2.381656804733727761e-01 3.504779244424214846e-01 6.292671825216203385e-02 0.000000000000000000e+00
3.900000000000000000e+03 1.559989872941949240e-01 3.607191624943104080e-01 2.537551206190259423e-01 3.411470186618115741e-01 4.437869822485206867e-02 0.000000000000000000e+00
3.950000000000000000e+03 1.579989743107872435e-01 3.623122439690487084e-01 2.695721438324988894e-01 3.290851160673645692e-01 3.903049613108784677e-02 0.000000000000000000e+00
4.000000000000000000e+03 1.599989613273793410e-01 3.581019572143832597e-01 2.878925807919890945e-01 3.206645425580336717e-01 3.334091943559399501e-02 0.000000000000000000e+00
4.050000000000000000e+03 1.619989483439716604e-01 3.427401001365498190e-01 3.081474738279472159e-01 3.150887573964497035e-01 3.402366863905325473e-02 0.000000000000000000e+00
4.100000000000000000e+03 1.639989353605639799e-01 3.441055985434683384e-01 3.286299499317250628e-01 3.000682749203459343e-01 2.719617660446062984e-02 0.000000000000000000e+00
4.150000000000000000e+03 1.659989223771560773e-01 3.436504324078288319e-01 3.392125625853436577e-01 2.875512061902594230e-01 2.958579881656804578e-02 0.000000000000000000e+00
4.200000000000000000e+03 1.679989093937483968e-01 3.287437414656349532e-01 3.694811106053709771e-01 2.685480200273099860e-01 3.322712790168411146e-02 0.000000000000000000e+00
4.250000000000000000e+03 1.699988964103407163e-01 3.022303140646335762e-01 4.225079654073736757e-01 2.488620846609012338e-01 2.639963586709149004e-02 0.000000000000000000e+00
4.300000000000000000e+03 1.719988834269328137e-01 2.760582612653618706e-01 4.712107419208010906e-01 2.259899863450159363e-01 2.674101046882111990e-02 0.000000000000000000e+00
4.350000000000000000e+03 1.739988704435251332e-01 2.559171597633135842e-01 5.138825671370049752e-01 2.123350022758306865e-01 1.786527082385070547e-02 0.000000000000000000e+00
4.400000000000000000e+03 1.759988574601174527e-01 2.419208010923987184e-01 5.457441966317706505e-01 1.961766044606281234e-01 1.615839781520254925e-02 0.000000000000000000e+00
4.450000000000000000e+03 1.779988444767095501e-01 2.303140646335912478e-01 5.706645425580336717e-01 1.854802002730996935e-01 1.354119253527537488e-02 0.000000000000000000e+00
4.500000000000000000e+03 1.799988314933018696e-01 2.200728265817023244e-01 5.985434683659536237e-01 1.698907601274465273e-01 1.149294492489758707e-02 0.000000000000000000e+00
4.550000000000000000e+03 1.819988185098941891e-01 2.014110150204824756e-01 6.274465179790623681e-01 1.581702321347291662e-01 1.297223486572599005e-02 0.000000000000000000e+00
4.600000000000000000e+03 1.839988055264862865e-01 1.923076923076923184e-01 6.430359581247154788e-01 1.536185707783341015e-01 1.103777878925807886e-02 0.000000000000000000e+00
4.650000000000000000e+03 1.859987925430786060e-01 1.738734638142922229e-01 6.647701411015020101e-01 1.495220755575785154e-01 1.183431952662721866e-02 0.000000000000000000e+00
4.700000000000000000e+03 1.879987795596709255e-01 1.687528447883477334e-01 6.713700500682748817e-01 1.477014110150204895e-01 1.217569412835685025e-02 0.000000000000000000e+00
4.750000000000000000e+03 1.899987665762630229e-01 1.668183887118798447e-01 6.640873918980427781e-01 1.563495675921711403e-01 1.274465179790623508e-02 0.000000000000000000e+00
4.800000000000000000e+03 1.919987535928553424e-01 1.646563495675921751e-01 6.734182976786526886e-01 1.524806554392353075e-01 9.444697314519799256e-03 0.000000000000000000e+00
4.850000000000000000e+03 1.939987406094474398e-01 1.647701411015020379e-01 6.754665452890304955e-01 1.499772416932180219e-01 9.786071916249430847e-03 0.000000000000000000e+00
4.900000000000000000e+03 1.959987276260397593e-01 1.639736003641329154e-01 6.807009558488847922e-01 1.479289940828402428e-01 7.396449704142011444e-03 0.000000000000000000e+00
4.950000000000000000e+03 1.979987146426320788e-01 1.631770596267637652e-01 6.814974965862540257e-01 1.486117432862995025e-01 6.713700500682749130e-03 0.000000000000000000e+00
5.000000000000000000e+03 1.999987016592241762e-01 1.508875739644970349e-01 6.907146108329540457e-01 1.515703231679562946e-01 6.827492034592626616e-03 0.000000000000000000e+00
5.050000000000000000e+03 2.019986886758164957e-01 1.550978607191624836e-01 6.961766044606281234e-01 1.432635411925352875e-01 5.461993627674101119e-03 0.000000000000000000e+00
5.100000000000000000e+03 2.039986756924088152e-01 1.481565771506599960e-01 7.036868456986800080e-01 1.432635411925352875e-01 4.893035958124715423e-03 0.000000000000000000e+00
5.150000000000000000e+03 2.059986627090009126e-01 1.404187528447883582e-01 7.026627218934911046e-01 1.517979062357760478e-01 5.120619025944469528e-03 0.000000000000000000e+00
5.200000000000000000e+03 2.079986497255932321e-01 1.388256713700500578e-01 7.030040964952207760e-01 1.527082385070550885e-01 5.461993627674101119e-03 0.000000000000000000e+00
5.250000000000000000e+03 2.099986367421855515e-01 1.329085116067364458e-01 7.049385525716886924e-01 1.573736913973600438e-01 4.779244424214838804e-03 0.000000000000000000e+00
5.300000000000000000e+03 2.119986237587776490e-01 1.300637232589895442e-01 7.065316340464269373e-01 1.583978152025489194e-01 5.006827492034592909e-03 0.000000000000000000e+00
5.350000000000000000e+03 2.139986107753699685e-01 1.334774692762858428e-01 7.039144287664997890e-01 1.590805644060081792e-01 3.527537551206190360e-03 0.000000000000000000e+00
5.400000000000000000e+03 2.159985977919622879e-01 1.345015930814747462e-01 6.999317250796540657e-01 1.613563950842057393e-01 4.210286754665453109e-03 0.000000000000000000e+00
5.450000000000000000e+03 2.179985848085543854e-01 1.367774237596722786e-01 6.972007282658170269e-01 1.626081019572143960e-01 3.413746017296313308e-03 0.000000000000000000e+00
5.500000000000000000e+03 2.199985718251467048e-01 1.348429676832043622e-01 6.983386436049158208e-01 1.635184342284934089e-01 3.299954483386436255e-03 0.000000000000000000e+00
5.550000000000000000e+03 2.219985588417390243e-01 1.393946290395994547e-01 6.967455621301774649e-01 1.594219390077378229e-01 4.437869822485207214e-03 0.000000000000000000e+00
5.600000000000000000e+03 2.239985458583311217e-01 1.406463359126081114e-01 6.934456076467910846e-01 1.620391442876649990e-01 3.868912152935821518e-03 0.000000000000000000e+00
5.650000000000000000e+03 2.259985328749234412e-01 1.365498406918525254e-01 6.954938552571688914e-01 1.640873918980427781e-01 3.868912152935821518e-03 0.000000000000000000e+00
5.700000000000000000e+03 2.279985198915157607e-01 1.381429221665907980e-01 6.960628129267182329e-01 1.628356850250341492e-01 2.958579881656804664e-03 0.000000000000000000e+00
5.750000000000000000e+03 2.299985069081078581e-01 1.385980883022303045e-01 6.958352298588984519e-01 1.614701866181156020e-01 4.096495220755575623e-03 0.000000000000000000e+00
5.800000000000000000e+03 2.319984939247001776e-01 1.375739644970414288e-01 6.952662721893491105e-01 1.629494765589440120e-01 4.210286754665453109e-03 0.000000000000000000e+00
5.850000000000000000e+03 2.339984809412924971e-01 1.384842967683204418e-01 6.908284023668639362e-01 1.647701411015020379e-01 5.917159763313609329e-03 0.000000000000000000e+00
5.900000000000000000e+03 2.359984679578845945e-01 1.416704597177969871e-01 6.901456531634045932e-01 1.632908511606736557e-01 4.893035958124715423e-03 0.000000000000000000e+00
5.950000000000000000e+03 2.379984549744769140e-01 1.441738734638143005e-01 6.852526172052799680e-01 1.644287664997724219e-01 6.144742831133363434e-03 0.000000000000000000e+00
6.000000000000000000e+03 2.399984419910692335e-01 1.428083750568957533e-01 6.825216203914429292e-01 1.694355939918070209e-01 5.234410559854347014e-03 0.000000000000000000e+00
6.050000000000000000e+03 2.419984290076613309e-01 1.479289940828402428e-01 6.781975421028675344e-01 1.690942193900773771e-01 4.779244424214838804e-03 0.000000000000000000e+00
6.100000000000000000e+03 2.439984160242536504e-01 1.478152025489303523e-01 6.756941283568502765e-01 1.694355939918070209e-01 7.055075102412380721e-03 0.000000000000000000e+00
6.150000000000000000e+03 2.459984030408457478e-01 1.500910332271279124e-01 6.712562585343649912e-01 1.725079654073737034e-01 6.144742831133363434e-03 0.000000000000000000e+00
6.200000000000000000e+03 2.479983900574380673e-01 1.520254893035958010e-01 6.684114701866180619e-01 1.747837960855712358e-01 4.779244424214838804e-03 0.000000000000000000e+00
6.250000000000000000e+03 2.499983770740303868e-01 1.594219390077378229e-01 6.595357305416477134e-01 1.753527537551206328e-01 5.689576695493855224e-03 0.000000000000000000e+00
6.300000000000000000e+03 2.519983640906224842e-01 1.679563040509786109e-01 6.624943104233045332e-01 1.630632680928539024e-01 6.486117432862995025e-03 0.000000000000000000e+00
6.350000000000000000e+03 2.539983511072148037e-01 1.643149749658625314e-01 6.745562130177514826e-01 1.564633591260810308e-01 4.665452890304961318e-03 0.000000000000000000e+00
6.400000000000000000e+03 2.559983381238071232e-01 1.596495220755575761e-01 6.812699135184342447e-01 1.540737369139736079e-01 5.006827492034592909e-03 0.000000000000000000e+00
6.450000000000000000e+03 2.579983251403992206e-01 1.614701866181156020e-01 6.788802913063267663e-01 1.561219845243513871e-01 3.527537551206190360e-03 0.000000000000000000e+00
6.500000000000000000e+03 2.599983121569915401e-01 1.637460172963131622e-01 6.688666363222576239e-01 1.603322712790168358e-01 7.055075102412380721e-03 0.000000000000000000e+00
6.550000000000000000e+03 2.619982991735838596e-01 1.624943104233045055e-01 6.612426035502958488e-01 1.684114701866181174e-01 7.851615839781519654e-03 0.000000000000000000e+00
6.600000000000000000e+03 2.639982861901759570e-01 1.566909421939007840e-01 6.714838416021847722e-01 1.661356395084205850e-01 5.689576695493855224e-03 0.000000000000000000e+00
6.650000000000000000e+03 2.659982732067682765e-01 1.520254893035958010e-01 6.791078743741465473e-01 1.645425580336822846e-01 4.324078288575329727e-03 0.000000000000000000e+00
6.700000000000000000e+03 2.679982602233605959e-01 1.498634501593081592e-01 6.802457897132453413e-01 1.645425580336822846e-01 5.348202093764223633e-03 0.000000000000000000e+00
6.750000000000000000e+03 2.699982472399526934e-01 1.492944924897587622e-01 6.783113336367774249e-01 1.671597633136094607e-01 5.234410559854347014e-03 0.000000000000000000e+00
6.800000000000000000e+03 2.719982342565450129e-01 1.491807009558488717e-01 6.730769230769231282e-01 1.738734638142922229e-01 3.868912152935821518e-03 0.000000000000000000e+00
6.850000000000000000e+03 2.739982212731373323e-01 1.484979517523896120e-01 6.711424670004552118e-01 1.759217114246700020e-01 4.437869822485207214e-03 0.000000000000000000e+00
6.900000000000000000e+03 2.759982082897294298e-01 1.515703231679562946e-01 6.670459717796995980e-01 1.780837505689576716e-01 3.299954483386436255e-03 0.000000000000000000e+00
6.950000000000000000e+03 2.779981953063217492e-01 1.488393263541192557e-01 6.643149749658625591e-01 1.813837050523441075e-01 5.461993627674101119e-03 0.000000000000000000e+00
7.000000000000000000e+03 2.799981823229140687e-01 1.515703231679562946e-01 6.578288575329995780e-01 1.865043240782885692e-01 4.096495220755575623e-03 0.000000000000000000e+00
7.050000000000000000e+03 2.819981693395061662e-01 1.547564861174328676e-01 6.543013199817933057e-01 1.844560764679107900e-01 6.486117432862995025e-03 0.000000000000000000e+00
7.100000000000000000e+03 2.839981563560984856e-01 1.543013199817933612e-01 6.511151570323168158e-01 1.877560309512972259e-01 6.827492034592626616e-03 0.000000000000000000e+00
7.150000000000000000e+03 2.859981433726908051e-01 1.573736913973600438e-01 6.467910787437414211e-01 1.893491124260354985e-01 6.486117432862995025e-03 0.000000000000000000e+00
7.200000000000000000e+03 2.879981303892829025e-01 1.620391442876649990e-01 6.373463814292216201e-01 1.946973145197997135e-01 5.917159763313609329e-03 0.000000000000000000e+00
7.250000000000000000e+03 2.899981174058752220e-01 1.664770141101502010e-01 6.211879836140191680e-01 2.067592171142466906e-01 5.575785161583977738e-03 0.000000000000000000e+00
7.300000000000000000e+03 2.919981044224675415e-01 1.702321347291761433e-01 6.070778334091943007e-01 2.168866636322257513e-01 5.803368229403732710e-03 0.000000000000000000e+00
7.350000000000000000e+03 2.939980914390596389e-01 1.778561675011379184e-01 5.917159763313609711e-01 2.233727810650887602e-01 7.055075102412380721e-03 0.000000000000000000e+00
7.400000000000000000e+03 2.959980784556519584e-01 1.906008192990441552e-01 5.778334091943558848e-01 2.253072371415566766e-01 6.258534365043240920e-03 0.000000000000000000e+00
7.450000000000000000e+03 2.979980654722442779e-01 1.990213928083750528e-01 5.805644060081930347e-01 2.162039144287664916e-01 4.210286754665453109e-03 0.000000000000000000e+00
7.500000000000000000e+03 2.999980524888363753e-01 1.976558944014565333e-01 5.853436504324078804e-01 2.117660446062812896e-01 5.234410559854347014e-03 0.000000000000000000e+00
7.550000000000000000e+03 3.019980395054286948e-01 1.986800182066454368e-01 6.019572143832498945e-01 1.932180245789713313e-01 6.144742831133363434e-03 0.000000000000000000e+00
7.600000000000000000e+03 3.039980265220207922e-01 1.892353208921256358e-01 6.263086026399635742e-01 1.787664997724169313e-01 5.689576695493855224e-03 0.000000000000000000e+00
7.650000000000000000e+03 3.059980135386131117e-01 1.900318616294947582e-01 6.403049613108784399e-01 1.649977241693217911e-01 4.665452890304961318e-03 0.000000000000000000e+00
7.700000000000000000e+03 3.079980005552054312e-01 1.769458352298589054e-01 6.678425125170687204e-01 1.514565316340464318e-01 3.755120619025944465e-03 0.000000000000000000e+00
7.750000000000000000e+03 3.099979875717975286e-01 1.759217114246700020e-01 6.827492034592625991e-01 1.387118798361401950e-01 2.617205279927173507e-03 0.000000000000000000e+00
7.800000000000000000e+03 3.119979745883898481e-01 1.712562585343650468e-01 6.910559854346836062e-01 1.360946745562130189e-01 1.593081474738279385e-03 0.000000000000000000e+00
7.850000000000000000e+03 3.139979616049821676e-01 1.706873008648156498e-01 6.918525261720528396e-01 1.352981338188438687e-01 2.162039144287664864e-03 0.000000000000000000e+00
7.900000000000000000e+03 3.159979486215742650e-01 1.679563040509786109e-01 6.943559399180700975e-01 1.348429676832043622e-01 2.844788347746927612e-03 0.000000000000000000e+00
7.950000000000000000e+03 3.179979356381665845e-01 1.623805188893946427e-01 6.958352298588984519e-01 1.397360036413290985e-01 2.048247610377787811e-03 0.000000000000000000e+00
8.000000000000000000e+03 3.199979226547589040e-01 1.564633591260810308e-01 6.995903504779243942e-01 1.423532089212562468e-01 1.593081474738279385e-03 0.000000000000000000e+00
8.050000000000000000e+03 3.219979096713510014e-01 1.521392808375056915e-01 7.020937642239417631e-01 1.440600819299044100e-01 1.706873008648156654e-03 0.000000000000000000e+00
8.100000000000000000e+03 3.239978966879433209e-01 1.522530723714155543e-01 7.015248065543923106e-01 1.438324988620846567e-01 2.389622212107419402e-03 0.000000000000000000e+00
8.150000000000000000e+03 3.259978837045356403e-01 1.515703231679562946e-01 7.073281747837960598e-01 1.392808375056895642e-01 1.820664542558033706e-03 0.000000000000000000e+00
8.200000000000000000e+03 3.279978707211277378e-01 1.464497041420118328e-01 7.127901684114701375e-01 1.392808375056895642e-01 1.479289940828402332e-03 0.000000000000000000e+00
8.250000000000000000e+03 3.299978577377200573e-01 1.475876194811105990e-01 7.131315430131998090e-01 1.378015475648611821e-01 1.479289940828402332e-03 0.000000000000000000e+00
8.300000000000000000e+03 3.319978447543123767e-01 1.467910787437414766e-01 7.152935821574875064e-01 1.355257168866636219e-01 2.389622212107419402e-03 0.000000000000000000e+00
8.350000000000000000e+03 3.339978317709044742e-01 1.467910787437414766e-01 7.158625398270368478e-01 1.350705507510241155e-01 2.275830678197541916e-03 0.000000000000000000e+00
8.400000000000000000e+03 3.359978187874967936e-01 1.447428311333636697e-01 7.192762858443332297e-01 1.351843422849340060e-01 7.965407373691396923e-04 0.000000000000000000e+00
8.450000000000000000e+03 3.379978058040891131e-01 1.433773327264451503e-01 7.212107419208011461e-01 1.334774692762858428e-01 1.934456076467910759e-03 0.000000000000000000e+00
8.500000000000000000e+03 3.399977928206812106e-01 1.438324988620846567e-01 7.222348657259899385e-01 1.324533454710969393e-01 1.479289940828402332e-03 0.000000000000000000e+00
8.550000000000000000e+03 3.419977798372735300e-01 1.436049157942649035e-01 7.236003641329085134e-01 1.319981793354574329e-01 7.965407373691396923e-04 0.000000000000000000e+00
8.600000000000000000e+03 3.439977668538658495e-01 1.464497041420118328e-01 7.226900318616295005e-01 1.296085571233500100e-01 1.251706873008648227e-03 0.000000000000000000e+00
8.650000000000000000e+03 3.459977538704579469e-01 1.434911242603550408e-01 7.267865270823851143e-01 1.285844333181611343e-01 1.137915339098770958e-03 0.000000000000000000e+00
8.700000000000000000e+03 3.479977408870502664e-01 1.469048702776513393e-01 7.223486572598998290e-01 1.286982248520709970e-01 2.048247610377787811e-03 0.000000000000000000e+00
8.750000000000000000e+03 3.499977279036425859e-01 1.448566226672735602e-01 7.226900318616295005e-01 1.315430131998179264e-01 9.103322712790168532e-04 0.000000000000000000e+00
8.800000000000000000e+03 3.519977149202346833e-01 1.451979972690031762e-01 7.224624487938097195e-01 1.310878470641784199e-01 1.251706873008648227e-03 0.000000000000000000e+00
8.850000000000000000e+03 3.539977019368270028e-01 1.441738734638143005e-01 7.243969048702776359e-01 1.307464724624488039e-01 6.827492034592626399e-04 0.000000000000000000e+00
8.900000000000000000e+03 3.559976889534191002e-01 1.458807464724624359e-01 7.197314519799726806e-01 1.332498862084660896e-01 1.137915339098770958e-03 0.000000000000000000e+00
8.950000000000000000e+03 3.579976759700114197e-01 1.447428311333636697e-01 7.160901228948566288e-01 1.375739644970414288e-01 1.593081474738279385e-03 0.000000000000000000e+00
9.000000000000000000e+03 3.599976629866037392e-01 1.462221210741920796e-01 7.121074192080109055e-01 1.389394629039599482e-01 2.730996813837050560e-03 0.000000000000000000e+00
9.050000000000000000e+03 3.619976500031958366e-01 1.474738279472007363e-01 7.115384615384615641e-01 1.391670459717797015e-01 1.820664542558033706e-03 0.000000000000000000e+00
9.100000000000000000e+03 3.639976370197881561e-01 1.497496586253982687e-01 7.083522985889849632e-01 1.398497951752389612e-01 2.048247610377787811e-03 0.000000000000000000e+00
9.150000000000000000e+03 3.659976240363804756e-01 1.520254893035958010e-01 7.032316795630405570e-01 1.433773327264451503e-01 1.365498406918525280e-03 0.000000000000000000e+00
9.200000000000000000e+03 3.679976110529725730e-01 1.540737369139736079e-01 7.000455166135639562e-01 1.428083750568957533e-01 3.072371415566681717e-03 0.000000000000000000e+00
9.250000000000000000e+03 3.699975980695648925e-01 1.540737369139736079e-01 7.038006372325898985e-01 1.395084205735093175e-01 2.617205279927173507e-03 0.000000000000000000e+00
9.300000000000000000e+03 3.719975850861572120e-01 1.541875284478834707e-01 7.019799726900318726e-01 1.422394173873463841e-01 1.593081474738279385e-03 0.000000000000000000e+00
9.350000000000000000e+03 3.739975721027493094e-01 1.524806554392353075e-01 7.023213472917615441e-01 1.438324988620846567e-01 1.365498406918525280e-03 0.000000000000000000e+00
9.400000000000000000e+03 3.759975591193416289e-01 1.539599453800637174e-01 7.014110150204825311e-01 1.430359581247155343e-01 1.593081474738279385e-03 0.000000000000000000e+00
9.450000000000000000e+03 3.779975461359339484e-01 1.552116522530723741e-01 6.992489758761948337e-01 1.439462903959945472e-01 1.593081474738279385e-03 0.000000000000000000e+00
9.500000000000000000e+03 3.799975331525260458e-01 1.550978607191624836e-01 6.999317250796540657e-01 1.422394173873463841e-01 2.730996813837050560e-03 0.000000000000000000e+00
9.550000000000000000e+03 3.819975201691183653e-01 1.558944014565316338e-01 7.001593081474738467e-01 1.421256258534364936e-01 1.820664542558033706e-03 0.000000000000000000e+00
9.600000000000000000e+03 3.839975071857106848e-01 1.553254437869822369e-01 6.977696859353663683e-01 1.447428311333636697e-01 2.162039144287664864e-03 0.000000000000000000e+00
9.650000000000000000e+03 3.859974942023027822e-01 1.557806099226217433e-01 6.941283568502503165e-01 1.471324533454710926e-01 2.958579881656804664e-03 0.000000000000000000e+00
9.700000000000000000e+03 3.879974812188951017e-01 1.586253982703686727e-01 6.925352753755120716e-01 1.450842057350933134e-01 3.755120619025944465e-03 0.000000000000000000e+00
9.750000000000000000e+03 3.899974682354871991e-01 1.589667728720983164e-01 6.935593991807009751e-01 1.448566226672735602e-01 2.617205279927173507e-03 0.000000000000000000e+00
9.800000000000000000e+03 3.919974552520795186e-01 1.593081474738279601e-01 6.924214838416021811e-01 1.457669549385525731e-01 2.503413746017296455e-03 0.000000000000000000e+00
9.850000000000000000e+03 3.939974422686720601e-01 1.589667728720983164e-01 6.918525261720528396e-01 1.458807464724624359e-01 3.299954483386436255e-03 0.000000000000000000e+00
9.900000000000000000e+03 3.959974292852641575e-01 1.639736003641329154e-01 6.880974055530268974e-01 1.457669549385525731e-01 2.162039144287664864e-03 0.000000000000000000e+00
9.950000000000000000e+03 3.979974163018562550e-01 1.631770596267637652e-01 6.862767410104688715e-01 1.470186618115612298e-01 3.527537551206190360e-03 0.000000000000000000e+00
1.000000000000000000e+04 3.999974033184485744e-01 1.628356850250341492e-01 6.843422849340009551e-01 1.483841602184797492e-01 4.437869822485207214e-03 0.000000000000000000e+00
1.005000000000000000e+04 4.019973903350408939e-01 1.646563495675921751e-01 6.830905780609922706e-01 1.492944924897587622e-01 2.958579881656804664e-03 0.000000000000000000e+00
1.010000000000000000e+04 4.039973773516329913e-01 1.698907601274465273e-01 6.785389167045972059e-01 1.471324533454710926e-01 4.437869822485207214e-03 0.000000000000000000e+00
1.015000000000000000e+04 4.059973643682250888e-01 1.708010923987255403e-01 6.767182521620391800e-01 1.478152025489303523e-01 4.665452890304961318e-03 0.000000000000000000e+00
1.020000000000000000e+04 4.079973513848176303e-01 1.812699135184342170e-01 6.640873918980427781e-01 1.497496586253982687e-01 4.893035958124715423e-03 0.000000000000000000e+00
1.025000000000000000e+04 4.099973384014099498e-01 1.890077378243058825e-01 6.475876194811106545e-01 1.578288575329995502e-01 5.575785161583977738e-03 0.000000000000000000e+00
1.030000000000000000e+04 4.119973254180020472e-01 1.942421483841602070e-01 6.319981793354574329e-01 1.694355939918070209e-01 4.324078288575329727e-03 0.000000000000000000e+00
1.035000000000000000e+04 4.139973124345941446e-01 1.975421028675466428e-01 6.193673190714610310e-01 1.761492944924897552e-01 6.941283568502503235e-03 0.000000000000000000e+00
1.040000000000000000e+04 4.159972994511864641e-01 2.092626308602640040e-01 6.118570778334091465e-01 1.735320892125625791e-01 5.348202093764223633e-03 0.000000000000000000e+00
1.045000000000000000e+04 4.179972864677787836e-01 2.172280382339553950e-01 6.084433318161128756e-01 1.696631770596267741e-01 4.665452890304961318e-03 0.000000000000000000e+00
1.050000000000000000e+04 4.199972734843708810e-01 2.245106964041875264e-01 6.091260810195721076e-01 1.595357305416477134e-01 6.827492034592626616e-03 0.000000000000000000e+00
1.055000000000000000e+04 4.219972605009629785e-01 2.311106053709603980e-01 6.085571233500227661e-01 1.540737369139736079e-01 6.258534365043240920e-03 0.000000000000000000e+00
1.060000000000000000e+04 4.239972475175555200e-01 2.330450614474283144e-01 6.137915339098770628e-01 1.453117888029130667e-01 7.851615839781519654e-03 0.000000000000000000e+00
1.065000000000000000e+04 4.259972345341478395e-01 2.234865725989986229e-01 6.279016841147018191e-01 1.409877105143377274e-01 7.624032771961766417e-03 0.000000000000000000e+00
1.070000000000000000e+04 4.279972215507399369e-01 2.182521620391442985e-01 6.330223031406463363e-01 1.414428766499772339e-01 7.282658170232134826e-03 0.000000000000000000e+00
1.075000000000000000e+04 4.299972085673320343e-01 2.146108329540282189e-01 6.416704597177970149e-01 1.379153390987710448e-01 5.803368229403732710e-03 0.000000000000000000e+00
1.080000000000000000e+04 4.319971955839243538e-01 2.099453800637232637e-01 6.480427856167501055e-01 1.365498406918525254e-01 5.461993627674101119e-03 0.000000000000000000e+00
1.085000000000000000e+04 4.339971826005168953e-01 2.068730086481565811e-01 6.490669094219390090e-01 1.396222121074192080e-01 4.437869822485207214e-03 0.000000000000000000e+00
1.090000000000000000e+04 4.359971696171089928e-01 2.038006372325898985e-01 6.473600364132908735e-01 1.436049157942649035e-01 5.234410559854347014e-03 0.000000000000000000e+00
1.095000000000000000e+04 4.379971566337010902e-01 2.110832954028220299e-01 6.399635867091488795e-01 1.422394173873463841e-01 6.713700500682749130e-03 0.000000000000000000e+00
1.100000000000000000e+04 4.399971436502934097e-01 2.137005006827492060e-01 6.387118798361401950e-01 1.409877105143377274e-01 6.599908966772872511e-03 0.000000000000000000e+00
1.105000000000000000e+04 4.419971306668857292e-01 2.154073736913973691e-01 6.385980883022303045e-01 1.403049613108784677e-01 5.689576695493855224e-03 0.000000000000000000e+00
1.110000000000000000e+04 4.439971176834778266e-01 2.175694128356850388e-01 6.371187983614019501e-01 1.383705052344105513e-01 6.941283568502503235e-03 0.000000000000000000e+00
1.115000000000000000e+04 4.459971047000699240e-01 2.097177969959035104e-01 6.415566681838871244e-01 1.432635411925352875e-01 5.461993627674101119e-03 0.000000000000000000e+00
1.120000000000000000e+04 4.479970917166624655e-01 2.140418752844788219e-01 6.423532089212562468e-01 1.380291306326809353e-01 5.575785161583977738e-03 0.000000000000000000e+00
1.125000000000000000e+04 4.499970787332547850e-01 2.156349567592171224e-01 6.413290851160673434e-01 1.383705052344105513e-01 4.665452890304961318e-03 0.000000000000000000e+00
1.130000000000000000e+04 4.519970657498468825e-01 2.113108784706417831e-01 6.412152935821574529e-01 1.411015020482476179e-01 6.372325898953117539e-03 0.000000000000000000e+00
1.135000000000000000e+04 4.539970527664389799e-01 2.131315430131998090e-01 6.388256713700500855e-01 1.418980427856167403e-01 6.144742831133363434e-03 0.000000000000000000e+00
