# itime ezz other fcc hcp bcc ico
0.000000000000000000e+00 0.000000000000000000e+00 0.000000000000000000e+00 1.000000000000000000e+00 0.000000000000000000e+00 0.000000000000000000e+00 0.000000000000000000e+00
2.500000000000000000e+01 9.999935082962707611e-04 0.000000000000000000e+00 1.000000000000000000e+00 0.000000000000000000e+00 0.000000000000000000e+00 0.000000000000000000e+00
5.000000000000000000e+01 1.999987016592319478e-03 0.000000000000000000e+00 1.000000000000000000e+00 0.000000000000000000e+00 0.000000000000000000e+00 0.000000000000000000e+00
7.500000000000000000e+01 2.999980524888590239e-03 0.000000000000000000e+00 1.000000000000000000e+00 0.000000000000000000e+00 0.000000000000000000e+00 0.000000000000000000e+00
1.000000000000000000e+02 3.999974033184861000e-03 0.000000000000000000e+00 1.000000000000000000e+00 0.000000000000000000e+00 0.000000000000000000e+00 0.000000000000000000e+00
1.250000000000000000e+02 4.999967541480909716e-03 0.000000000000000000e+00 1.000000000000000000e+00 0.000000000000000000e+00 0.000000000000000000e+00 0.000000000000000000e+00
1.500000000000000000e+02 5.999961049777180477e-03 0.000000000000000000e+00 1.000000000000000000e+00 0.000000000000000000e+00 0.000000000000000000e+00 0.000000000000000000e+00
1.750000000000000000e+02 6.999954558073451238e-03 0.000000000000000000e+00 1.000000000000000000e+00 0.000000000000000000e+00 0.000000000000000000e+00 0.000000000000000000e+00
2.000000000000000000e+02 7.999948066369499955e-03 0.000000000000000000e+00 1.000000000000000000e+00 0.000000000000000000e+00 0.000000000000000000e+00 0.000000000000000000e+00
2.250000000000000000e+02 8.999941574665770716e-03 0.000000000000000000e+00 1.000000000000000000e+00 0.000000000000000000e+00 0.000000000000000000e+00 0.000000000000000000e+00
2.500000000000000000e+02 9.999935082962041477e-03 0.000000000000000000e+00 1.000000000000000000e+00 0.000000000000000000e+00 0.000000000000000000e+00 0.000000000000000000e+00
2.750000000000000000e+02 1.099992859125809019e-02 0.000000000000000000e+00 1.000000000000000000e+00 0.000000000000000000e+00 0.000000000000000000e+00 0.000000000000000000e+00
3.000000000000000000e+02 1.199992209955436095e-02 0.000000000000000000e+00 1.000000000000000000e+00 0.000000000000000000e+00 0.000000000000000000e+00 0.000000000000000000e+00
3.250000000000000000e+02 1.299991560785063172e-02 0.000000000000000000e+00 1.000000000000000000e+00 0.000000000000000000e+00 0.000000000000000000e+00 0.000000000000000000e+00
3.500000000000000000e+02 1.399990911614668043e-02 0.000000000000000000e+00 1.000000000000000000e+00 0.000000000000000000e+00 0.000000000000000000e+00 0.000000000000000000e+00
3.750000000000000000e+02 1.499990262444295119e-02 0.000000000000000000e+00 1.000000000000000000e+00 0.000000000000000000e+00 0.000000000000000000e+00 0.000000000000000000e+00
4.000000000000000000e+02 1.599989613273922195e-02 0.000000000000000000e+00 1.000000000000000000e+00 0.000000000000000000e+00 0.000000000000000000e+00 0.000000000000000000e+00
4.250000000000000000e+02 1.699988964103527067e-02 0.000000000000000000e+00 1.000000000000000000e+00 0.000000000000000000e+00 0.000000000000000000e+00 0.000000000000000000e+00
4.500000000000000000e+02 1.799988314933154143e-02 0.000000000000000000e+00 1.000000000000000000e+00 0.000000000000000000e+00 0.000000000000000000e+00 0.000000000000000000e+00
4.750000000000000000e+02 1.899987665762781219e-02 1.137915339098771066e-04 9.998862084660901095e-01 0.000000000000000000e+00 0.000000000000000000e+00 0.000000000000000000e+00
5.000000000000000000e+02 1.999987016592386091e-02 0.000000000000000000e+00 1.000000000000000000e+00 0.000000000000000000e+00 0.000000000000000000e+00 0.000000000000000000e+00
5.250000000000000000e+02 2.099986367422013167e-02 0.000000000000000000e+00 1.000000000000000000e+00 0.000000000000000000e+00 0.000000000000000000e+00 0.000000000000000000e+00
5.500000000000000000e+02 2.199985718251640243e-02 0.000000000000000000e+00 1.000000000000000000e+00 0.000000000000000000e+00 0.000000000000000000e+00 0.000000000000000000e+00
5.750000000000000000e+02 2.299985069081267319e-02 0.000000000000000000e+00 1.000000000000000000e+00 0.000000000000000000e+00 0.000000000000000000e+00 0.000000000000000000e+00
6.000000000000000000e+02 2.399984419910872191e-02 0.000000000000000000e+00 1.000000000000000000e+00 0.000000000000000000e+00 0.000000000000000000e+00 0.000000000000000000e+00
6.250000000000000000e+02 2.499983770740499267e-02 0.000000000000000000e+00 1.000000000000000000e+00 0.000000000000000000e+00 0.000000000000000000e+00 0.000000000000000000e+00
6.500000000000000000e+02 2.599983121570126343e-02 0.000000000000000000e+00 1.000000000000000000e+00 0.000000000000000000e+00 0.000000000000000000e+00 0.000000000000000000e+00
6.750000000000000000e+02 2.699982472399731215e-02 0.000000000000000000e+00 1.000000000000000000e+00 0.000000000000000000e+00 0.000000000000000000e+00 0.000000000000000000e+00
7.000000000000000000e+02 2.799981823229358291e-02 0.000000000000000000e+00 1.000000000000000000e+00 0.000000000000000000e+00 0.000000000000000000e+00 0.000000000000000000e+00
7.250000000000000000e+02 2.899981174058985367e-02 0.000000000000000000e+00 1.000000000000000000e+00 0.000000000000000000e+00 0.000000000000000000e+00 0.000000000000000000e+00
7.500000000000000000e+02 2.999980524888590239e-02 0.000000000000000000e+00 1.000000000000000000e+00 0.000000000000000000e+00 0.000000000000000000e+00 0.000000000000000000e+00
7.750000000000000000e+02 3.099979875718217315e-02 0.000000000000000000e+00 1.000000000000000000e+00 0.000000000000000000e+00 0.000000000000000000e+00 0.000000000000000000e+00
8.000000000000000000e+02 3.199979226547844391e-02 0.000000000000000000e+00 1.000000000000000000e+00 0.000000000000000000e+00 0.000000000000000000e+00 0.000000000000000000e+00
8.250000000000000000e+02 3.299978577377449263e-02 0.000000000000000000e+00 1.000000000000000000e+00 0.000000000000000000e+00 0.000000000000000000e+00 0.000000000000000000e+00
8.500000000000000000e+02 3.399977928207076339e-02 0.000000000000000000e+00 1.000000000000000000e+00 0.000000000000000000e+00 0.000000000000000000e+00 0.000000000000000000e+00
8.750000000000000000e+02 3.499977279036703415e-02 0.000000000000000000e+00 1.000000000000000000e+00 0.000000000000000000e+00 0.000000000000000000e+00 0.000000000000000000e+00
9.000000000000000000e+02 3.599976629866308286e-02 0.000000000000000000e+00 1.000000000000000000e+00 0.000000000000000000e+00 0.000000000000000000e+00 0.000000000000000000e+00
9.250000000000000000e+02 3.699975980695935363e-02 0.000000000000000000e+00 1.000000000000000000e+00 0.000000000000000000e+00 0.000000000000000000e+00 0.000000000000000000e+00
9.500000000000000000e+02 3.799975331525562439e-02 0.000000000000000000e+00 1.000000000000000000e+00 0.000000000000000000e+00 0.000000000000000000e+00 0.000000000000000000e+00
9.750000000000000000e+02 3.899974682355167310e-02 0.000000000000000000e+00 1.000000000000000000e+00 0.000000000000000000e+00 0.000000000000000000e+00 0.000000000000000000e+00
1.000000000000000000e+03 3.999974033184794386e-02 0.000000000000000000e+00 1.000000000000000000e+00 0.000000000000000000e+00 0.000000000000000000e+00 0.000000000000000000e+00
1.025000000000000000e+03 4.099973384014421462e-02 0.000000000000000000e+00 1.000000000000000000e+00 0.000000000000000000e+00 0.000000000000000000e+00 0.000000000000000000e+00
1.050000000000000000e+03 4.199972734844026334e-02 1.137915339098771066e-04 9.998862084660901095e-01 0.000000000000000000e+00 0.000000000000000000e+00 0.000000000000000000e+00
1.075000000000000000e+03 4.299972085673653410e-02 0.000000000000000000e+00 1.000000000000000000e+00 0.000000000000000000e+00 0.000000000000000000e+00 0.000000000000000000e+00
1.100000000000000000e+03 4.399971436503280486e-02 0.000000000000000000e+00 1.000000000000000000e+00 0.000000000000000000e+00 0.000000000000000000e+00 0.000000000000000000e+00
1.125000000000000000e+03 4.499970787332885358e-02 0.000000000000000000e+00 1.000000000000000000e+00 0.000000000000000000e+00 0.000000000000000000e+00 0.000000000000000000e+00
1.150000000000000000e+03 4.599970138162512434e-02 0.000000000000000000e+00 1.000000000000000000e+00 0.000000000000000000e+00 0.000000000000000000e+00 0.000000000000000000e+00
1.175000000000000000e+03 4.699969488992139510e-02 0.000000000000000000e+00 1.000000000000000000e+00 0.000000000000000000e+00 0.000000000000000000e+00 0.000000000000000000e+00
1.200000000000000000e+03 4.799968839821744382e-02 0.000000000000000000e+00 1.000000000000000000e+00 0.000000000000000000e+00 0.000000000000000000e+00 0.000000000000000000e+00
1.225000000000000000e+03 4.899968190651371458e-02 0.000000000000000000e+00 1.000000000000000000e+00 0.000000000000000000e+00 0.000000000000000000e+00 0.000000000000000000e+00
1.250000000000000000e+03 4.999967541480998534e-02 0.000000000000000000e+00 1.000000000000000000e+00 0.000000000000000000e+00 0.000000000000000000e+00 0.000000000000000000e+00
1.275000000000000000e+03 5.099966892310603406e-02 0.000000000000000000e+00 1.000000000000000000e+00 0.000000000000000000e+00 0.000000000000000000e+00 0.000000000000000000e+00
1.300000000000000000e+03 5.199966243140230482e-02 0.000000000000000000e+00 1.000000000000000000e+00 0.000000000000000000e+00 0.000000000000000000e+00 0.000000000000000000e+00
1.325000000000000000e+03 5.299965593969857558e-02 0.000000000000000000e+00 1.000000000000000000e+00 0.000000000000000000e+00 0.000000000000000000e+00 0.000000000000000000e+00
1.350000000000000000e+03 5.399964944799462430e-02 0.000000000000000000e+00 1.000000000000000000e+00 0.000000000000000000e+00 0.000000000000000000e+00 0.000000000000000000e+00
1.375000000000000000e+03 5.499964295629089506e-02 0.000000000000000000e+00 1.000000000000000000e+00 0.000000000000000000e+00 0.000000000000000000e+00 0.000000000000000000e+00
1.400000000000000000e+03 5.599963646458716582e-02 0.000000000000000000e+00 1.000000000000000000e+00 0.000000000000000000e+00 0.000000000000000000e+00 0.000000000000000000e+00
1.425000000000000000e+03 5.699962997288321453e-02 0.000000000000000000e+00 1.000000000000000000e+00 0.000000000000000000e+00 0.000000000000000000e+00 0.000000000000000000e+00
1.450000000000000000e+03 5.799962348117948530e-02 0.000000000000000000e+00 1.000000000000000000e+00 0.000000000000000000e+00 0.000000000000000000e+00 0.000000000000000000e+00
1.475000000000000000e+03 5.899961698947575606e-02 0.000000000000000000e+00 1.000000000000000000e+00 0.000000000000000000e+00 0.000000000000000000e+00 0.000000000000000000e+00
1.500000000000000000e+03 5.999961049777180477e-02 0.000000000000000000e+00 1.000000000000000000e+00 0.000000000000000000e+00 0.000000000000000000e+00 0.000000000000000000e+00
1.525000000000000000e+03 6.099960400606807553e-02 0.000000000000000000e+00 1.000000000000000000e+00 0.000000000000000000e+00 0.000000000000000000e+00 0.000000000000000000e+00
1.550000000000000000e+03 6.199959751436434630e-02 0.000000000000000000e+00 1.000000000000000000e+00 0.000000000000000000e+00 0.000000000000000000e+00 0.000000000000000000e+00
1.575000000000000000e+03 6.299959102266039501e-02 0.000000000000000000e+00 1.000000000000000000e+00 0.000000000000000000e+00 0.000000000000000000e+00 0.000000000000000000e+00
1.600000000000000000e+03 6.399958453095666577e-02 0.000000000000000000e+00 1.000000000000000000e+00 0.000000000000000000e+00 0.000000000000000000e+00 0.000000000000000000e+00
1.625000000000000000e+03 6.499957803925293653e-02 0.000000000000000000e+00 1.000000000000000000e+00 0.000000000000000000e+00 0.000000000000000000e+00 0.000000000000000000e+00
1.650000000000000000e+03 6.599957154754898525e-02 0.000000000000000000e+00 1.000000000000000000e+00 0.000000000000000000e+00 0.000000000000000000e+00 0.000000000000000000e+00
1.675000000000000000e+03 6.699956505584525601e-02 0.000000000000000000e+00 1.000000000000000000e+00 0.000000000000000000e+00 0.000000000000000000e+00 0.000000000000000000e+00
1.700000000000000000e+03 6.799955856414152677e-02 0.000000000000000000e+00 1.000000000000000000e+00 0.000000000000000000e+00 0.000000000000000000e+00 0.000000000000000000e+00
1.725000000000000000e+03 6.899955207243779753e-02 2.275830678197542133e-04 9.997724169321802190e-01 0.000000000000000000e+00 0.000000000000000000e+00 0.000000000000000000e+00
1.750000000000000000e+03 6.999954558073384625e-02 0.000000000000000000e+00 1.000000000000000000e+00 0.000000000000000000e+00 0.000000000000000000e+00 0.000000000000000000e+00
1.775000000000000000e+03 7.099953908903011701e-02 0.000000000000000000e+00 1.000000000000000000e+00 0.000000000000000000e+00 0.000000000000000000e+00 0.000000000000000000e+00
1.800000000000000000e+03 7.199953259732638777e-02 1.137915339098771066e-04 9.998862084660901095e-01 0.000000000000000000e+00 0.000000000000000000e+00 0.000000000000000000e+00
1.825000000000000000e+03 7.299952610562243649e-02 0.000000000000000000e+00 1.000000000000000000e+00 0.000000000000000000e+00 0.000000000000000000e+00 0.000000000000000000e+00
1.850000000000000000e+03 7.399951961391870725e-02 0.000000000000000000e+00 1.000000000000000000e+00 0.000000000000000000e+00 0.000000000000000000e+00 0.000000000000000000e+00
1.875000000000000000e+03 7.499951312221497801e-02 0.000000000000000000e+00 1.000000000000000000e+00 0.000000000000000000e+00 0.000000000000000000e+00 0.000000000000000000e+00
1.900000000000000000e+03 7.599950663051102673e-02 3.413746017296313199e-04 9.995448338643604380e-01 0.000000000000000000e+00 1.137915339098771066e-04 0.000000000000000000e+00
1.925000000000000000e+03 7.699950013880729749e-02 0.000000000000000000e+00 1.000000000000000000e+00 0.000000000000000000e+00 0.000000000000000000e+00 0.000000000000000000e+00
1.950000000000000000e+03 7.799949364710356825e-02 0.000000000000000000e+00 1.000000000000000000e+00 0.000000000000000000e+00 0.000000000000000000e+00 0.000000000000000000e+00
1.975000000000000000e+03 7.899948715539961697e-02 0.000000000000000000e+00 1.000000000000000000e+00 0.000000000000000000e+00 0.000000000000000000e+00 0.000000000000000000e+00
2.000000000000000000e+03 7.999948066369588773e-02 6.827492034592626399e-04 9.993172507965407680e-01 0.000000000000000000e+00 0.000000000000000000e+00 0.000000000000000000e+00
2.025000000000000000e+03 8.099947417199215849e-02 0.000000000000000000e+00 1.000000000000000000e+00 0.000000000000000000e+00 0.000000000000000000e+00 0.000000000000000000e+00
2.050000000000000000e+03 8.199946768028820721e-02 3.413746017296313199e-04 9.996586253982703285e-01 0.000000000000000000e+00 0.000000000000000000e+00 0.000000000000000000e+00
2.075000000000000000e+03 8.299946118858447797e-02 4.551661356395084266e-04 9.995448338643604380e-01 0.000000000000000000e+00 0.000000000000000000e+00 0.000000000000000000e+00
2.100000000000000000e+03 8.399945469688074873e-02 0.000000000000000000e+00 1.000000000000000000e+00 0.000000000000000000e+00 0.000000000000000000e+00 0.000000000000000000e+00
2.125000000000000000e+03 8.499944820517679744e-02 0.000000000000000000e+00 1.000000000000000000e+00 0.000000000000000000e+00 0.000000000000000000e+00 0.000000000000000000e+00
2.150000000000000000e+03 8.599944171347306821e-02 2.275830678197542133e-04 9.997724169321802190e-01 0.000000000000000000e+00 0.000000000000000000e+00 0.000000000000000000e+00
2.175000000000000000e+03 8.699943522176933897e-02 6.827492034592626399e-04 9.993172507965407680e-01 0.000000000000000000e+00 0.000000000000000000e+00 0.000000000000000000e+00
2.200000000000000000e+03 8.799942873006538768e-02 0.000000000000000000e+00 1.000000000000000000e+00 0.000000000000000000e+00 0.000000000000000000e+00 0.000000000000000000e+00
2.225000000000000000e+03 8.899942223836165844e-02 6.827492034592626399e-04 9.992034592626308775e-01 0.000000000000000000e+00 1.137915339098771066e-04 0.000000000000000000e+00
2.250000000000000000e+03 8.999941574665792920e-02 1.593081474738279385e-03 9.984069185252617551e-01 0.000000000000000000e+00 0.000000000000000000e+00 0.000000000000000000e+00
2.275000000000000000e+03 9.099940925495397792e-02 7.965407373691396923e-04 9.992034592626308775e-01 0.000000000000000000e+00 0.000000000000000000e+00 0.000000000000000000e+00
2.300000000000000000e+03 9.199940276325024868e-02 3.413746017296313199e-04 9.996586253982703285e-01 0.000000000000000000e+00 0.000000000000000000e+00 0.000000000000000000e+00
2.325000000000000000e+03 9.299939627154651944e-02 3.413746017296313199e-04 9.996586253982703285e-01 0.000000000000000000e+00 0.000000000000000000e+00 0.000000000000000000e+00
2.350000000000000000e+03 9.399938977984256816e-02 2.275830678197542133e-04 9.997724169321802190e-01 0.000000000000000000e+00 0.000000000000000000e+00 0.000000000000000000e+00
2.375000000000000000e+03 9.499938328813883892e-02 1.593081474738279385e-03 9.981793354574419741e-01 0.000000000000000000e+00 2.275830678197542133e-04 0.000000000000000000e+00
2.400000000000000000e+03 9.599937679643510968e-02 1.137915339098770958e-03 9.988620846609012061e-01 0.000000000000000000e+00 0.000000000000000000e+00 0.000000000000000000e+00
2.425000000000000000e+03 9.699937030473115840e-02 1.820664542558033706e-03 9.980655439235320836e-01 0.000000000000000000e+00 1.137915339098771066e-04 0.000000000000000000e+00
2.450000000000000000e+03 9.799936381302742916e-02 2.048247610377787811e-03 9.978379608557123026e-01 0.000000000000000000e+00 1.137915339098771066e-04 0.000000000000000000e+00
2.475000000000000000e+03 9.899935732132369992e-02 2.275830678197541916e-03 9.977241693218024121e-01 0.000000000000000000e+00 0.000000000000000000e+00 0.000000000000000000e+00
2.500000000000000000e+03 9.999935082961974864e-02 1.820664542558033706e-03 9.981793354574419741e-01 0.000000000000000000e+00 0.000000000000000000e+00 0.000000000000000000e+00
2.525000000000000000e+03 1.009993443379160194e-01 3.527537551206190360e-03 9.964724624487938387e-01 0.000000000000000000e+00 0.000000000000000000e+00 0.000000000000000000e+00
2.550000000000000000e+03 1.019993378462122902e-01 4.551661356395083832e-03 9.952207555757851543e-01 0.000000000000000000e+00 2.275830678197542133e-04 0.000000000000000000e+00
2.575000000000000000e+03 1.029993313545083389e-01 4.324078288575329727e-03 9.955621301775148257e-01 0.000000000000000000e+00 1.137915339098771066e-04 0.000000000000000000e+00
2.600000000000000000e+03 1.039993248628046096e-01 4.096495220755575623e-03 9.957897132453344957e-01 0.000000000000000000e+00 1.137915339098771066e-04 0.000000000000000000e+00
2.625000000000000000e+03 1.049993183711008804e-01 3.299954483386436255e-03 9.962448793809740577e-01 0.000000000000000000e+00 4.551661356395084266e-04 0.000000000000000000e+00
2.650000000000000000e+03 1.059993118793969291e-01 4.551661356395083832e-03 9.953345471096950448e-01 0.000000000000000000e+00 1.137915339098771066e-04 0.000000000000000000e+00
2.675000000000000000e+03 1.069993053876931999e-01 6.372325898953117539e-03 9.932862994993172379e-01 0.000000000000000000e+00 3.413746017296313199e-04 0.000000000000000000e+00
2.700000000000000000e+03 1.079992988959894706e-01 5.917159763313609329e-03 9.939690487027764698e-01 0.000000000000000000e+00 1.137915339098771066e-04 0.000000000000000000e+00
2.725000000000000000e+03 1.089992924042855194e-01 1.058261265361857065e-02 9.888484296768320636e-01 0.000000000000000000e+00 5.689576695493854790e-04 0.000000000000000000e+00
2.750000000000000000e+03 1.099992859125817901e-01 1.297223486572599005e-02 9.860036413290851343e-01 0.000000000000000000e+00 1.024123805188893906e-03 0.000000000000000000e+00
2.775000000000000000e+03 1.109992794208780609e-01 1.092398725534820224e-02 9.877105143377332697e-01 0.000000000000000000e+00 1.365498406918525280e-03 0.000000000000000000e+00
2.800000000000000000e+03 1.119992729291743316e-01 1.206190259444697363e-02 9.870277651342740377e-01 0.000000000000000000e+00 9.103322712790168532e-04 0.000000000000000000e+00
2.825000000000000000e+03 1.129992664374703804e-01 1.240327719617660522e-02 9.869139736003641472e-01 0.000000000000000000e+00 6.827492034592626399e-04 0.000000000000000000e+00
2.850000000000000000e+03 1.139992599457666511e-01 1.672735548475193582e-02 9.812243969048702885e-01 0.000000000000000000e+00 2.048247610377787811e-03 0.000000000000000000e+00
2.875000000000000000e+03 1.149992534540629219e-01 2.355484751934456070e-02 9.725762403277196100e-01 0.000000000000000000e+00 3.868912152935821518e-03 0.000000000000000000e+00
2.900000000000000000e+03 1.159992469623589706e-01 2.992717341829767910e-02 9.637005006827491504e-01 0.000000000000000000e+00 6.372325898953117539e-03 0.000000000000000000e+00
2.925000000000000000e+03 1.169992404706552414e-01 3.550295857988165771e-02 9.506144742831132977e-01 0.000000000000000000e+00 1.388256713700500647e-02 0.000000000000000000e+00
2.950000000000000000e+03 1.179992339789515121e-01 6.338188438780155420e-02 9.073736913973600160e-01 0.000000000000000000e+00 2.924442421483841592e-02 0.000000000000000000e+00
2.975000000000000000e+03 1.189992274872475608e-01 9.205735093309057315e-02 8.340919435593991960e-01 0.000000000000000000e+00 7.385070550751024476e-02 0.000000000000000000e+00
3.000000000000000000e+03 1.199992209955438316e-01 1.239189804278561652e-01 7.261037778789257713e-01 0.000000000000000000e+00 1.499772416932180219e-01 0.000000000000000000e+00
3.025000000000000000e+03 1.209992145038401024e-01 1.818388711879836139e-01 5.581474738279471604e-01 0.000000000000000000e+00 2.600136549840691980e-01 0.000000000000000000e+00
3.050000000000000000e+03 1.219992080121361511e-01 2.521620391442876419e-01 3.660673645880746507e-01 4.551661356395084266e-04 3.813154301319982009e-01 0.000000000000000000e+00
3.075000000000000000e+03 1.229992015204324218e-01 3.112198452435138707e-01 2.092626308602640040e-01 1.706873008648156654e-03 4.778106508875739622e-01 0.000000000000000000e+00
3.100000000000000000e+03 1.239991950287286926e-01 3.342057350933090309e-01 1.280154756486117373e-01 1.365498406918525280e-03 5.364132908511606290e-01 0.000000000000000000e+00
3.125000000000000000e+03 1.249991885370247413e-01 3.392125625853436577e-01 8.966772872098316416e-02 4.893035958124715423e-03 5.662266727355484974e-01 0.000000000000000000e+00
3.150000000000000000e+03 1.259991820453210121e-01 3.298816568047337472e-01 9.387801547564861293e-02 5.689576695493855224e-03 5.705507510241237812e-01 0.000000000000000000e+00
3.175000000000000000e+03 1.269991755536172828e-01 3.304506144742830887e-01 1.137915339098771045e-01 1.069640418752844727e-02 5.450614474283113076e-01 0.000000000000000000e+00
3.200000000000000000e+03 1.279991690619133315e-01 3.431952662721893255e-01 1.505461993627674189e-01 2.321347291761493084e-02 4.830450614474283144e-01 0.000000000000000000e+00
3.225000000000000000e+03 1.289991625702096023e-01 3.534365043240783044e-01 1.744424214838415921e-01 4.870277651342740100e-02 4.234182976786526886e-01 0.000000000000000000e+00
3.250000000000000000e+03 1.299991560785058731e-01 3.508192990441511006e-01 2.172280382339553950e-01 8.397815202548930547e-02 3.479745106964041712e-01 0.000000000000000000e+00
3.275000000000000000e+03 1.309991495868019218e-01 3.430814747382794905e-01 2.563723258989530907e-01 1.234638142922166587e-01 2.770823850705507740e-01 0.000000000000000000e+00
3.300000000000000000e+03 1.319991430950981925e-01 3.332954028220300180e-01 2.829995448338643582e-01 1.581702321347291662e-01 2.255348202093764298e-01 0.000000000000000000e+00
3.325000000000000000e+03 1.329991366033944633e-01 3.385298133818843702e-01 3.079198907601274349e-01 1.898042785616750050e-01 1.637460172963131622e-01 0.000000000000000000e+00
3.350000000000000000e+03 1.339991301116905120e-01 3.386436049157942607e-01 3.271506599908966528e-01 2.168866636322257513e-01 1.173190714610832935e-01 0.000000000000000000e+00
3.375000000000000000e+03 1.349991236199867828e-01 3.311333636777423761e-01 3.362539827036868378e-01 2.368001820664542567e-01 9.581247155211652933e-02 0.000000000000000000e+00
3.400000000000000000e+03 1.359991171282830535e-01 3.252162039144287919e-01 3.378470641784251383e-01 2.506827492034592875e-01 8.625398270368685172e-02 0.000000000000000000e+00
3.425000000000000000e+03 1.369991106365791023e-01 3.310195721438324856e-01 3.361401911697769473e-01 2.564861174328629811e-01 7.635411925352754425e-02 0.000000000000000000e+00
3.450000000000000000e+03 1.379991041448753730e-01 3.348884842967683184e-01 3.388711879836140417e-01 2.643377332726445372e-01 6.190259444697314428e-02 0.000000000000000000e+00
3.475000000000000000e+03 1.389990976531716438e-01 3.233955393718707105e-01 3.439918070095585034e-01 2.758306781975420896e-01 5.678197542102867562e-02 0.000000000000000000e+00
3.500000000000000000e+03 1.399990911614676925e-01 3.398953117888028896e-01 3.314747382794719921e-01 2.636549840691852498e-01 6.497496586253982687e-02 0.000000000000000000e+00
3.525000000000000000e+03 1.409990846697639633e-01 3.573054164770141372e-01 3.125853436504323901e-01 2.639963586709148657e-01 6.611288120163859305e-02 0.000000000000000000e+00
3.550000000000000000e+03 1.419990781780602340e-01 3.529813381884387979e-01 3.054164770141101770e-01 2.677514792899408080e-01 7.385070550751024476e-02 0.000000000000000000e+00
3.575000000000000000e+03 1.429990716863562827e-01 3.406918525261720676e-01 2.849340009103322746e-01 2.898270368684570109e-01 8.454710969503868856e-02 0.000000000000000000e+00
3.600000000000000000e+03 1.439990651946525535e-01 3.171370050068275104e-01 2.853891670459717811e-01 3.134956759217114031e-01 8.397815202548930547e-02 0.000000000000000000e+00
3.625000000000000000e+03 1.449990587029488243e-01 3.082612653618570508e-01 2.779927173418297870e-01 3.246472462448793950e-01 8.909877105143376719e-02 0.000000000000000000e+00
3.650000000000000000e+03 1.459990522112448730e-01 3.203231679563040557e-01 2.686618115612198210e-01 3.370505234410559603e-01 7.396449704142012138e-02 0.000000000000000000e+00
3.675000000000000000e+03 1.469990457195411437e-01 3.125853436504323901e-01 2.577378243058716656e-01 3.468365953573054328e-01 8.284023668639053928e-02 0.000000000000000000e+00
3.700000000000000000e+03 1.479990392278374145e-01 3.253299954483386269e-01 2.453345471096950448e-01 3.563950842057350687e-01 7.294037323623121793e-02 0.000000000000000000e+00
3.725000000000000000e+03 1.489990327361334632e-01 3.314747382794719921e-01 2.348657259899863403e-01 3.609467455621301890e-01 7.271279016841146470e-02 0.000000000000000000e+00
3.750000000000000000e+03 1.499990262444297340e-01 3.328402366863905115e-01 2.331588529813381772e-01 3.649294492489758568e-01 6.907146108329539902e-02 0.000000000000000000e+00
3.775000000000000000e+03 1.509990197527260047e-01 3.369367319071461253e-01 2.299726900318616318e-01 3.644742831133363503e-01 6.861629494765589254e-02 0.000000000000000000e+00
3.800000000000000000e+03 1.519990132610220535e-01 3.455848884842967483e-01 2.254210286754665393e-01 3.690259444697314706e-01 5.996813837050523482e-02 0.000000000000000000e+00
3.825000000000000000e+03 1.529990067693183242e-01 3.502503413746017036e-01 2.295175238962221254e-01 3.579881656804733692e-01 6.224396904870277414e-02 0.000000000000000000e+00
3.850000000000000000e+03 1.539990002776145950e-01 3.484296768320436777e-01 2.381656804733727761e-01 3.504779244424214846e-01 6.292671825216203385e-02 0.000000000000000000e+00
3.875000000000000000e+03 1.549989937859108657e-01 3.497951752389621971e-01 2.482931269913518368e-01 3.492262175694128556e-01 5.268548020027309653e-02 0.000000000000000000e+00
3.900000000000000000e+03 1.559989872942069145e-01 3.607191624943104080e-01 2.537551206190259423e-01 3.411470186618115741e-01 4.437869822485206867e-02 0.000000000000000000e+00
3.925000000000000000e+03 1.569989808025031852e-01 3.551433773327264398e-01 2.629722348657259623e-01 3.365953573054164538e-01 4.528903049613108855e-02 0.000000000000000000e+00
3.950000000000000000e+03 1.579989743107994560e-01 3.623122439690487084e-01 2.695721438324988894e-01 3.290851160673645692e-01 3.903049613108784677e-02 0.000000000000000000e+00
3.975000000000000000e+03 1.589989678190955047e-01 3.610605370960400795e-01 2.785616750113791285e-01 3.244196631770596140e-01 3.595812471552116418e-02 0.000000000000000000e+00
4.000000000000000000e+03 1.599989613273917755e-01 3.581019572143832597e-01 2.878925807919890945e-01 3.206645425580336717e-01 3.334091943559399501e-02 0.000000000000000000e+00
4.025000000000000000e+03 1.609989548356880462e-01 3.459262630860264198e-01 2.944924897587619661e-01 3.232817478379608755e-01 3.629949931725079404e-02 0.000000000000000000e+00
4.050000000000000000e+03 1.619989483439840949e-01 3.427401001365498190e-01 3.081474738279472159e-01 3.150887573964497035e-01 3.402366863905325473e-02 0.000000000000000000e+00
4.075000000000000000e+03 1.629989418522803657e-01 3.405780609922621771e-01 3.203231679563040557e-01 3.099681383705052418e-01 2.913063268092853930e-02 0.000000000000000000e+00
4.100000000000000000e+03 1.639989353605766365e-01 3.441055985434683384e-01 3.286299499317250628e-01 3.000682749203459343e-01 2.719617660446062984e-02 0.000000000000000000e+00
4.125000000000000000e+03 1.649989288688726852e-01 3.442193900773782289e-01 3.351160673645880994e-01 2.914201183431952558e-01 2.924442421483841592e-02 0.000000000000000000e+00
4.150000000000000000e+03 1.659989223771689559e-01 3.436504324078288319e-01 3.392125625853436577e-01 2.875512061902594230e-01 2.958579881656804578e-02 0.000000000000000000e+00
4.175000000000000000e+03 1.669989158854652267e-01 3.386436049157942607e-01 3.528675466545289074e-01 2.789030496131087999e-01 2.958579881656804578e-02 0.000000000000000000e+00
4.200000000000000000e+03 1.679989093937612754e-01 3.287437414656349532e-01 3.694811106053709771e-01 2.685480200273099860e-01 3.322712790168411146e-02 0.000000000000000000e+00
4.225000000000000000e+03 1.689989029020575462e-01 3.124715521165225551e-01 3.946290395994537792e-01 2.610377787892581014e-01 3.186162949476559203e-02 0.000000000000000000e+00
4.250000000000000000e+03 1.699988964103538169e-01 3.022303140646335762e-01 4.225079654073736757e-01 2.488620846609012338e-01 2.639963586709149004e-02 0.000000000000000000e+00
4.275000000000000000e+03 1.709988899186498656e-01 2.870960400546199165e-01 4.462903959945380139e-01 2.411242603550295960e-01 2.548930359581247015e-02 0.000000000000000000e+00
4.300000000000000000e+03 1.719988834269461364e-01 2.760582612653618706e-01 4.712107419208010906e-01 2.259899863450159363e-01 2.674101046882111990e-02 0.000000000000000000e+00
4.325000000000000000e+03 1.729988769352424072e-01 2.635411925352753593e-01 4.988620846609012061e-01 2.168866636322257513e-01 2.071005917159763482e-02 0.000000000000000000e+00
4.350000000000000000e+03 1.739988704435384559e-01 2.559171597633135842e-01 5.138825671370049752e-01 2.123350022758306865e-01 1.786527082385070547e-02 0.000000000000000000e+00
4.375000000000000000e+03 1.749988639518347266e-01 2.560309512972234747e-01 5.268548020027310486e-01 2.006144742831133254e-01 1.649977241693217911e-02 0.000000000000000000e+00
4.400000000000000000e+03 1.759988574601309974e-01 2.419208010923987184e-01 5.457441966317706505e-01 1.961766044606281234e-01 1.615839781520254925e-02 0.000000000000000000e+00
4.425000000000000000e+03 1.769988509684270461e-01 2.325898953117888079e-01 5.625853436504324456e-01 1.896904870277651423e-01 1.513427401001365448e-02 0.000000000000000000e+00
4.450000000000000000e+03 1.779988444767233169e-01 2.303140646335912478e-01 5.706645425580336717e-01 1.854802002730996935e-01 1.354119253527537488e-02 0.000000000000000000e+00
4.475000000000000000e+03 1.789988379850195876e-01 2.212107419208010906e-01 5.851160673645880994e-01 1.796768320436959443e-01 1.399635867091488309e-02 0.000000000000000000e+00
4.500000000000000000e+03 1.799988314933156364e-01 2.200728265817023244e-01 5.985434683659536237e-01 1.698907601274465273e-01 1.149294492489758707e-02 0.000000000000000000e+00
4.525000000000000000e+03 1.809988250016119071e-01 2.075557578516158408e-01 6.127674101046881594e-01 1.653390987710514348e-01 1.433773327264451468e-02 0.000000000000000000e+00
4.550000000000000000e+03 1.819988185099081779e-01 2.014110150204824756e-01 6.274465179790623681e-01 1.581702321347291662e-01 1.297223486572599005e-02 0.000000000000000000e+00
4.575000000000000000e+03 1.829988120182042266e-01 2.001593081474738189e-01 6.348429676832043622e-01 1.548702776513427304e-01 1.012744651797906244e-02 0.000000000000000000e+00
4.600000000000000000e+03 1.839988055265004974e-01 1.923076923076923184e-01 6.430359581247154788e-01 1.536185707783341015e-01 1.103777878925807886e-02 0.000000000000000000e+00
4.625000000000000000e+03 1.849987990347967681e-01 1.797906235776058348e-01 6.572598998634501255e-01 1.535047792444242110e-01 9.444697314519799256e-03 0.000000000000000000e+00
4.650000000000000000e+03 1.859987925430928168e-01 1.738734638142922229e-01 6.647701411015020101e-01 1.495220755575785154e-01 1.183431952662721866e-02 0.000000000000000000e+00
4.675000000000000000e+03 1.869987860513890876e-01 1.698907601274465273e-01 6.684114701866180619e-01 1.481565771506599960e-01 1.354119253527537488e-02 0.000000000000000000e+00
4.700000000000000000e+03 1.879987795596853584e-01 1.687528447883477334e-01 6.713700500682748817e-01 1.477014110150204895e-01 1.217569412835685025e-02 0.000000000000000000e+00
4.725000000000000000e+03 1.889987730679814071e-01 1.700045516613563901e-01 6.669321802457897075e-01 1.525944469731451980e-01 1.046882111970869403e-02 0.000000000000000000e+00
4.750000000000000000e+03 1.899987665762776778e-01 1.668183887118798447e-01 6.640873918980427781e-01 1.563495675921711403e-01 1.274465179790623508e-02 0.000000000000000000e+00
4.775000000000000000e+03 1.909987600845739486e-01 1.662494310423304478e-01 6.681838871187983919e-01 1.560081929904415243e-01 9.558488848429677609e-03 0.000000000000000000e+00
4.800000000000000000e+03 1.919987535928699973e-01 1.646563495675921751e-01 6.734182976786526886e-01 1.524806554392353075e-01 9.444697314519799256e-03 0.000000000000000000e+00
4.825000000000000000e+03 1.929987471011662681e-01 1.657942649066909413e-01 6.741010468821119206e-01 1.514565316340464318e-01 8.648156577150659455e-03 0.000000000000000000e+00
4.850000000000000000e+03 1.939987406094625388e-01 1.647701411015020379e-01 6.754665452890304955e-01 1.499772416932180219e-01 9.786071916249430847e-03 0.000000000000000000e+00
4.875000000000000000e+03 1.949987341177585876e-01 1.597633136094674666e-01 6.809285389167045732e-01 1.510013654984069253e-01 8.306781975421027864e-03 0.000000000000000000e+00
4.900000000000000000e+03 1.959987276260548583e-01 1.639736003641329154e-01 6.807009558488847922e-01 1.479289940828402428e-01 7.396449704142011444e-03 0.000000000000000000e+00
4.925000000000000000e+03 1.969987211343511291e-01 1.613563950842057393e-01 6.810423304506144637e-01 1.490669094219390090e-01 8.534365043240782836e-03 0.000000000000000000e+00
4.950000000000000000e+03 1.979987146426471778e-01 1.631770596267637652e-01 6.814974965862540257e-01 1.486117432862995025e-01 6.713700500682749130e-03 0.000000000000000000e+00
4.975000000000000000e+03 1.989987081509434486e-01 1.564633591260810308e-01 6.867319071461083224e-01 1.516841147018661851e-01 5.120619025944469528e-03 0.000000000000000000e+00
5.000000000000000000e+03 1.999987016592397193e-01 1.508875739644970349e-01 6.907146108329540457e-01 1.515703231679562946e-01 6.827492034592626616e-03 0.000000000000000000e+00
5.025000000000000000e+03 2.009986951675359901e-01 1.539599453800637174e-01 6.936731907146108655e-01 1.467910787437414766e-01 5.575785161583977738e-03 0.000000000000000000e+00
5.050000000000000000e+03 2.019986886758320388e-01 1.550978607191624836e-01 6.961766044606281234e-01 1.432635411925352875e-01 5.461993627674101119e-03 0.000000000000000000e+00
5.075000000000000000e+03 2.029986821841283096e-01 1.511151570323167881e-01 7.011834319526627501e-01 1.436049157942649035e-01 4.096495220755575623e-03 0.000000000000000000e+00
5.100000000000000000e+03 2.039986756924245803e-01 1.481565771506599960e-01 7.036868456986800080e-01 1.432635411925352875e-01 4.893035958124715423e-03 0.000000000000000000e+00
5.125000000000000000e+03 2.049986692007206290e-01 1.384842967683204418e-01 7.052799271734182529e-01 1.522530723714155543e-01 3.982703686845699004e-03 0.000000000000000000e+00
5.150000000000000000e+03 2.059986627090168998e-01 1.404187528447883582e-01 7.026627218934911046e-01 1.517979062357760478e-01 5.120619025944469528e-03 0.000000000000000000e+00
5.175000000000000000e+03 2.069986562173131706e-01 1.379153390987710448e-01 7.043695949021392400e-01 1.517979062357760478e-01 5.917159763313609329e-03 0.000000000000000000e+00
5.200000000000000000e+03 2.079986497256092193e-01 1.388256713700500578e-01 7.030040964952207760e-01 1.527082385070550885e-01 5.461993627674101119e-03 0.000000000000000000e+00
5.225000000000000000e+03 2.089986432339054900e-01 1.362084660901228816e-01 7.047109695038689114e-01 1.544151115157032239e-01 4.665452890304961318e-03 0.000000000000000000e+00
5.250000000000000000e+03 2.099986367422017608e-01 1.329085116067364458e-01 7.049385525716886924e-01 1.573736913973600438e-01 4.779244424214838804e-03 0.000000000000000000e+00
5.275000000000000000e+03 2.109986302504978095e-01 1.352981338188438687e-01 7.039144287664997890e-01 1.562357760582612776e-01 4.551661356395083832e-03 0.000000000000000000e+00
5.300000000000000000e+03 2.119986237587940803e-01 1.300637232589895442e-01 7.065316340464269373e-01 1.583978152025489194e-01 5.006827492034592909e-03 0.000000000000000000e+00
5.325000000000000000e+03 2.129986172670903510e-01 1.345015930814747462e-01 7.049385525716886924e-01 1.569185252617205373e-01 3.641329085116067413e-03 0.000000000000000000e+00
5.350000000000000000e+03 2.139986107753863998e-01 1.334774692762858428e-01 7.039144287664997890e-01 1.590805644060081792e-01 3.527537551206190360e-03 0.000000000000000000e+00
5.375000000000000000e+03 2.149986042836826705e-01 1.327947200728265831e-01 7.025489303595812141e-01 1.611288120163859861e-01 3.527537551206190360e-03 0.000000000000000000e+00
5.400000000000000000e+03 2.159985977919789413e-01 1.345015930814747462e-01 6.999317250796540657e-01 1.613563950842057393e-01 4.210286754665453109e-03 0.000000000000000000e+00
5.425000000000000000e+03 2.169985913002749900e-01 1.337050523441055960e-01 6.995903504779243942e-01 1.634046426945835184e-01 3.299954483386436255e-03 0.000000000000000000e+00
5.450000000000000000e+03 2.179985848085712608e-01 1.367774237596722786e-01 6.972007282658170269e-01 1.626081019572143960e-01 3.413746017296313308e-03 0.000000000000000000e+00
5.475000000000000000e+03 2.189985783168675315e-01 1.355257168866636219e-01 6.983386436049158208e-01 1.628356850250341492e-01 3.299954483386436255e-03 0.000000000000000000e+00
5.500000000000000000e+03 2.199985718251635802e-01 1.348429676832043622e-01 6.983386436049158208e-01 1.635184342284934089e-01 3.299954483386436255e-03 0.000000000000000000e+00
5.525000000000000000e+03 2.209985653334598510e-01 1.405325443786982209e-01 6.968593536640873554e-01 1.603322712790168358e-01 2.275830678197541916e-03 0.000000000000000000e+00
5.550000000000000000e+03 2.219985588417561218e-01 1.393946290395994547e-01 6.967455621301774649e-01 1.594219390077378229e-01 4.437869822485207214e-03 0.000000000000000000e+00
5.575000000000000000e+03 2.229985523500521705e-01 1.385980883022303045e-01 6.943559399180700975e-01 1.632908511606736557e-01 3.755120619025944465e-03 0.000000000000000000e+00
5.600000000000000000e+03 2.239985458583484412e-01 1.406463359126081114e-01 6.934456076467910846e-01 1.620391442876649990e-01 3.868912152935821518e-03 0.000000000000000000e+00
5.625000000000000000e+03 2.249985393666447120e-01 1.398497951752389612e-01 6.944697314519799880e-01 1.632908511606736557e-01 2.389622212107419402e-03 0.000000000000000000e+00
5.650000000000000000e+03 2.259985328749407607e-01 1.365498406918525254e-01 6.954938552571688914e-01 1.640873918980427781e-01 3.868912152935821518e-03 0.000000000000000000e+00
5.675000000000000000e+03 2.269985263832370315e-01 1.404187528447883582e-01 6.936731907146108655e-01 1.629494765589440120e-01 2.958579881656804664e-03 0.000000000000000000e+00
