# itime ezz other fcc hcp bcc ico
0.000000000000000000e+00 0.000000000000000000e+00 0.000000000000000000e+00 1.000000000000000000e+00 0.000000000000000000e+00 0.000000000000000000e+00 0.000000000000000000e+00
2.500000000000000000e+02 1.000002184144910267e-02 0.000000000000000000e+00 1.000000000000000000e+00 0.000000000000000000e+00 0.000000000000000000e+00 0.000000000000000000e+00
5.000000000000000000e+02 2.000004368289820533e-02 0.000000000000000000e+00 1.000000000000000000e+00 0.000000000000000000e+00 0.000000000000000000e+00 0.000000000000000000e+00
7.500000000000000000e+02 3.000006552434753004e-02 0.000000000000000000e+00 1.000000000000000000e+00 0.000000000000000000e+00 0.000000000000000000e+00 0.000000000000000000e+00
1.000000000000000000e+03 4.000008736579663271e-02 0.000000000000000000e+00 1.000000000000000000e+00 0.000000000000000000e+00 0.000000000000000000e+00 0.000000000000000000e+00
1.250000000000000000e+03 5.000010920724573538e-02 0.000000000000000000e+00 1.000000000000000000e+00 0.000000000000000000e+00 0.000000000000000000e+00 0.000000000000000000e+00
1.500000000000000000e+03 6.000013104869483804e-02 0.000000000000000000e+00 1.000000000000000000e+00 0.000000000000000000e+00 0.000000000000000000e+00 0.000000000000000000e+00
1.750000000000000000e+03 7.000015289014394071e-02 0.000000000000000000e+00 1.000000000000000000e+00 0.000000000000000000e+00 0.000000000000000000e+00 0.000000000000000000e+00
2.000000000000000000e+03 8.000017473159326542e-02 6.827492034592626399e-04 9.993172507965407680e-01 0.000000000000000000e+00 0.000000000000000000e+00 0.000000000000000000e+00
2.250000000000000000e+03 9.000019657304236809e-02 1.593081474738279385e-03 9.984069185252617551e-01 0.000000000000000000e+00 0.000000000000000000e+00 0.000000000000000000e+00
2.500000000000000000e+03 1.000002184144914708e-01 1.820664542558033706e-03 9.981793354574419741e-01 0.000000000000000000e+00 0.000000000000000000e+00 0.000000000000000000e+00
2.750000000000000000e+03 1.100002402559405734e-01 1.297223486572599005e-02 9.860036413290851343e-01 0.000000000000000000e+00 1.024123805188893906e-03 0.000000000000000000e+00
3.000000000000000000e+03 1.200002620973896761e-01 1.239189804278561652e-01 7.261037778789257713e-01 0.000000000000000000e+00 1.499772416932180219e-01 0.000000000000000000e+00
3.250000000000000000e+03 1.300002839388390008e-01 3.508192990441511006e-01 2.172280382339553950e-01 8.397815202548930547e-02 3.479745106964041712e-01 0.000000000000000000e+00
3.500000000000000000e+03 1.400003057802881035e-01 3.398953117888028896e-01 3.314747382794719921e-01 2.636549840691852498e-01 6.497496586253982687e-02 0.000000000000000000e+00
3.750000000000000000e+03 1.500003276217372061e-01 3.328402366863905115e-01 2.331588529813381772e-01 3.649294492489758568e-01 6.907146108329539902e-02 0.000000000000000000e+00
4.000000000000000000e+03 1.600003494631863088e-01 3.581019572143832597e-01 2.878925807919890945e-01 3.206645425580336717e-01 3.334091943559399501e-02 0.000000000000000000e+00
4.250000000000000000e+03 1.700003713046354115e-01 3.022303140646335762e-01 4.225079654073736757e-01 2.488620846609012338e-01 2.639963586709149004e-02 0.000000000000000000e+00
4.500000000000000000e+03 1.800003931460847362e-01 2.200728265817023244e-01 5.985434683659536237e-01 1.698907601274465273e-01 1.149294492489758707e-02 0.000000000000000000e+00
4.750000000000000000e+03 1.900004149875338388e-01 1.668183887118798447e-01 6.640873918980427781e-01 1.563495675921711403e-01 1.274465179790623508e-02 0.000000000000000000e+00
5.000000000000000000e+03 2.000004368289829415e-01 1.508875739644970349e-01 6.907146108329540457e-01 1.515703231679562946e-01 6.827492034592626616e-03 0.000000000000000000e+00
5.250000000000000000e+03 2.100004586704320442e-01 1.329085116067364458e-01 7.049385525716886924e-01 1.573736913973600438e-01 4.779244424214838804e-03 0.000000000000000000e+00
5.500000000000000000e+03 2.200004805118811468e-01 1.348429676832043622e-01 6.983386436049158208e-01 1.635184342284934089e-01 3.299954483386436255e-03 0.000000000000000000e+00
5.750000000000000000e+03 2.300005023533304715e-01 1.385980883022303045e-01 6.958352298588984519e-01 1.614701866181156020e-01 4.096495220755575623e-03 0.000000000000000000e+00
6.000000000000000000e+03 2.400005241947795742e-01 1.428083750568957533e-01 6.825216203914429292e-01 1.694355939918070209e-01 5.234410559854347014e-03 0.000000000000000000e+00
6.250000000000000000e+03 2.500005460362286769e-01 1.594219390077378229e-01 6.595357305416477134e-01 1.753527537551206328e-01 5.689576695493855224e-03 0.000000000000000000e+00
6.500000000000000000e+03 2.600005678776777795e-01 1.637460172963131622e-01 6.688666363222576239e-01 1.603322712790168358e-01 7.055075102412380721e-03 0.000000000000000000e+00
6.750000000000000000e+03 2.700005897191268822e-01 1.492944924897587622e-01 6.783113336367774249e-01 1.671597633136094607e-01 5.234410559854347014e-03 0.000000000000000000e+00
7.000000000000000000e+03 2.800006115605762069e-01 1.515703231679562946e-01 6.578288575329995780e-01 1.865043240782885692e-01 4.096495220755575623e-03 0.000000000000000000e+00
7.250000000000000000e+03 2.900006334020253096e-01 1.664770141101502010e-01 6.211879836140191680e-01 2.067592171142466906e-01 5.575785161583977738e-03 0.000000000000000000e+00
7.500000000000000000e+03 3.000006552434744123e-01 1.976558944014565333e-01 5.853436504324078804e-01 2.117660446062812896e-01 5.234410559854347014e-03 0.000000000000000000e+00
7.750000000000000000e+03 3.100006770849235149e-01 1.759217114246700020e-01 6.827492034592625991e-01 1.387118798361401950e-01 2.617205279927173507e-03 0.000000000000000000e+00
8.000000000000000000e+03 3.200006989263726176e-01 1.564633591260810308e-01 6.995903504779243942e-01 1.423532089212562468e-01 1.593081474738279385e-03 0.000000000000000000e+00
8.250000000000000000e+03 3.300007207678219423e-01 1.475876194811105990e-01 7.131315430131998090e-01 1.378015475648611821e-01 1.479289940828402332e-03 0.000000000000000000e+00
8.500000000000000000e+03 3.400007426092710450e-01 1.438324988620846567e-01 7.222348657259899385e-01 1.324533454710969393e-01 1.479289940828402332e-03 0.000000000000000000e+00
8.750000000000000000e+03 3.500007644507201476e-01 1.448566226672735602e-01 7.226900318616295005e-01 1.315430131998179264e-01 9.103322712790168532e-04 0.000000000000000000e+00
9.000000000000000000e+03 3.600007862921692503e-01 1.462221210741920796e-01 7.121074192080109055e-01 1.389394629039599482e-01 2.730996813837050560e-03 0.000000000000000000e+00
9.250000000000000000e+03 3.700008081336183530e-01 1.540737369139736079e-01 7.038006372325898985e-01 1.395084205735093175e-01 2.617205279927173507e-03 0.000000000000000000e+00
9.500000000000000000e+03 3.800008299750676777e-01 1.550978607191624836e-01 6.999317250796540657e-01 1.422394173873463841e-01 2.730996813837050560e-03 0.000000000000000000e+00
9.750000000000000000e+03 3.900008518165167803e-01 1.589667728720983164e-01 6.935593991807009751e-01 1.448566226672735602e-01 2.617205279927173507e-03 0.000000000000000000e+00
1.000000000000000000e+04 4.000008736579658830e-01 1.628356850250341492e-01 6.843422849340009551e-01 1.483841602184797492e-01 4.437869822485207214e-03 0.000000000000000000e+00
1.025000000000000000e+04 4.100008954994149857e-01 1.890077378243058825e-01 6.475876194811106545e-01 1.578288575329995502e-01 5.575785161583977738e-03 0.000000000000000000e+00
1.050000000000000000e+04 4.200009173408640883e-01 2.245106964041875264e-01 6.091260810195721076e-01 1.595357305416477134e-01 6.827492034592626616e-03 0.000000000000000000e+00
1.075000000000000000e+04 4.300009391823134131e-01 2.146108329540282189e-01 6.416704597177970149e-01 1.379153390987710448e-01 5.803368229403732710e-03 0.000000000000000000e+00
1.100000000000000000e+04 4.400009610237625157e-01 2.137005006827492060e-01 6.387118798361401950e-01 1.409877105143377274e-01 6.599908966772872511e-03 0.000000000000000000e+00
1.125000000000000000e+04 4.500009828652116184e-01 2.156349567592171224e-01 6.413290851160673434e-01 1.383705052344105513e-01 4.665452890304961318e-03 0.000000000000000000e+00
1.150000000000000000e+04 4.600010047066607211e-01 2.123350022758306865e-01 6.418980427856167958e-01 1.392808375056895642e-01 6.486117432862995025e-03 0.000000000000000000e+00
1.175000000000000000e+04 4.700010265481098237e-01 2.233727810650887602e-01 6.284706417842512716e-01 1.434911242603550408e-01 4.665452890304961318e-03 0.000000000000000000e+00
1.200000000000000000e+04 4.800010483895591484e-01 2.245106964041875264e-01 6.203914428766499345e-01 1.503186162949476656e-01 4.779244424214838804e-03 0.000000000000000000e+00
1.225000000000000000e+04 4.900010702310082511e-01 2.434000910332271284e-01 5.773782430587164338e-01 1.714838416021848000e-01 7.737824305871643035e-03 0.000000000000000000e+00
1.250000000000000000e+04 5.000010920724573538e-01 2.522758306781975324e-01 5.813609467455621571e-01 1.583978152025489194e-01 7.965407373691398007e-03 0.000000000000000000e+00
1.275000000000000000e+04 5.100011139139064564e-01 2.454483386436049075e-01 5.716886663632225751e-01 1.788802913063268218e-01 3.982703686845699004e-03 0.000000000000000000e+00
1.300000000000000000e+04 5.200011357553555591e-01 2.484069185252617273e-01 5.790851160673645692e-01 1.678425125170687204e-01 4.665452890304961318e-03 0.000000000000000000e+00
1.325000000000000000e+04 5.300011575968048838e-01 2.568274920345926526e-01 5.818161128812016081e-01 1.545289030496131144e-01 6.827492034592626616e-03 0.000000000000000000e+00
1.350000000000000000e+04 5.400011794382539865e-01 2.481793354574419741e-01 5.890987710514338227e-01 1.546426945835229771e-01 8.079198907601274626e-03 0.000000000000000000e+00
1.375000000000000000e+04 5.500012012797030891e-01 2.432862994993172379e-01 6.017296313154301135e-01 1.503186162949476656e-01 4.665452890304961318e-03 0.000000000000000000e+00
1.400000000000000000e+04 5.600012231211521918e-01 2.478379608557123304e-01 5.929676832043695445e-01 1.527082385070550885e-01 6.486117432862995025e-03 0.000000000000000000e+00
1.425000000000000000e+04 5.700012449626012945e-01 2.415794264906691025e-01 5.898953117888029452e-01 1.637460172963131622e-01 4.779244424214838804e-03 0.000000000000000000e+00
1.450000000000000000e+04 5.800012668040506192e-01 2.428311333636777314e-01 5.851160673645880994e-01 1.680700955848884737e-01 3.982703686845699004e-03 0.000000000000000000e+00
1.475000000000000000e+04 5.900012886454997219e-01 2.462448793809740577e-01 5.873918980427855763e-01 1.644287664997724219e-01 1.934456076467910759e-03 0.000000000000000000e+00
1.500000000000000000e+04 6.000013104869488245e-01 2.630860263996358528e-01 5.741920801092398330e-01 1.573736913973600438e-01 5.348202093764223633e-03 0.000000000000000000e+00
1.525000000000000000e+04 6.100013323283979272e-01 2.685480200273099860e-01 5.622439690487027741e-01 1.634046426945835184e-01 5.803368229403732710e-03 0.000000000000000000e+00
1.550000000000000000e+04 6.200013541698470299e-01 2.685480200273099860e-01 5.597405553026855163e-01 1.670459717796995980e-01 4.665452890304961318e-03 0.000000000000000000e+00
1.575000000000000000e+04 6.300013760112963546e-01 2.687756030951297115e-01 5.632680928538916776e-01 1.604460628129267263e-01 7.510241238051888930e-03 0.000000000000000000e+00
1.600000000000000000e+04 6.400013978527454572e-01 2.687756030951297115e-01 5.705507510241237812e-01 1.541875284478834707e-01 6.486117432862995025e-03 0.000000000000000000e+00
1.625000000000000000e+04 6.500014196941945599e-01 2.596722803823395265e-01 5.896677287209831642e-01 1.461083295402822169e-01 4.551661356395083832e-03 0.000000000000000000e+00
1.650000000000000000e+04 6.600014415356436626e-01 2.558033682294037492e-01 5.954710969503869133e-01 1.445152480655439164e-01 4.210286754665453109e-03 0.000000000000000000e+00
1.675000000000000000e+04 6.700014633770927652e-01 2.490896677287209870e-01 6.005917159763313196e-01 1.469048702776513393e-01 3.413746017296313308e-03 0.000000000000000000e+00
1.700000000000000000e+04 6.800014852185420899e-01 2.486345015930814806e-01 6.002503413746017591e-01 1.457669549385525731e-01 5.348202093764223633e-03 0.000000000000000000e+00
1.725000000000000000e+04 6.900015070599911926e-01 2.472690031861629611e-01 6.005917159763313196e-01 1.475876194811105990e-01 4.551661356395083832e-03 0.000000000000000000e+00
1.750000000000000000e+04 7.000015289014402953e-01 2.571688666363222686e-01 5.921711424670004220e-01 1.431497496586253970e-01 7.510241238051888930e-03 0.000000000000000000e+00
1.775000000000000000e+04 7.100015507428893979e-01 2.571688666363222686e-01 5.964952207555758168e-01 1.376877560309512916e-01 8.648156577150659455e-03 0.000000000000000000e+00
1.800000000000000000e+04 7.200015725843385006e-01 2.580791989076012816e-01 6.017296313154301135e-01 1.315430131998179264e-01 8.648156577150659455e-03 0.000000000000000000e+00
1.825000000000000000e+04 7.300015944257878253e-01 2.671825216203914666e-01 5.873918980427855763e-01 1.401911697769686049e-01 5.234410559854347014e-03 0.000000000000000000e+00
1.850000000000000000e+04 7.400016162672369280e-01 2.762858443331815961e-01 5.757851615839781889e-01 1.421256258534364936e-01 5.803368229403732710e-03 0.000000000000000000e+00
1.875000000000000000e+04 7.500016381086860306e-01 2.762858443331815961e-01 5.766954938552572019e-01 1.434911242603550408e-01 3.527537551206190360e-03 0.000000000000000000e+00
1.900000000000000000e+04 7.600016599501351333e-01 2.682066454255803145e-01 5.799954483386435822e-01 1.486117432862995025e-01 3.186162949476558769e-03 0.000000000000000000e+00
1.925000000000000000e+04 7.700016817915842360e-01 2.634274010013655243e-01 5.850022758306782089e-01 1.480427856167501055e-01 3.527537551206190360e-03 0.000000000000000000e+00
1.950000000000000000e+04 7.800017036330335607e-01 2.526172052799271484e-01 5.954710969503869133e-01 1.487255348202093652e-01 3.186162949476558769e-03 0.000000000000000000e+00
1.975000000000000000e+04 7.900017254744826634e-01 2.309968138370505353e-01 6.226672735548475224e-01 1.423532089212562468e-01 3.982703686845699004e-03 0.000000000000000000e+00
2.000000000000000000e+04 8.000017473159317660e-01 2.358898497951752438e-01 6.201638598088302645e-01 1.396222121074192080e-01 4.324078288575329727e-03 0.000000000000000000e+00
2.025000000000000000e+04 8.100017691573808687e-01 2.406690942193900895e-01 6.061675011379152878e-01 1.481565771506599960e-01 5.006827492034592909e-03 0.000000000000000000e+00
2.050000000000000000e+04 8.200017909988299714e-01 2.428311333636777314e-01 6.068502503413746307e-01 1.445152480655439164e-01 5.803368229403732710e-03 0.000000000000000000e+00
2.075000000000000000e+04 8.300018128402792961e-01 2.473827947200728239e-01 5.974055530268548297e-01 1.497496586253982687e-01 5.461993627674101119e-03 0.000000000000000000e+00
2.100000000000000000e+04 8.400018346817283987e-01 2.562585343650432557e-01 5.715748748293126846e-01 1.639736003641329154e-01 8.192990441511151245e-03 0.000000000000000000e+00
2.125000000000000000e+04 8.500018565231775014e-01 2.661583978152025631e-01 5.584888484296768318e-01 1.663632225762403383e-01 8.989531178880291046e-03 0.000000000000000000e+00
2.150000000000000000e+04 8.600018783646266041e-01 2.730996813837050508e-01 5.488165680473372499e-01 1.734182976786527164e-01 4.665452890304961318e-03 0.000000000000000000e+00
2.175000000000000000e+04 8.700019002060757067e-01 2.769685935366408835e-01 5.370960400546199720e-01 1.762630860263996457e-01 9.672280382339554228e-03 0.000000000000000000e+00
2.200000000000000000e+04 8.800019220475250314e-01 2.814064633591260578e-01 5.386891215293582169e-01 1.734182976786527164e-01 6.486117432862995025e-03 0.000000000000000000e+00
2.225000000000000000e+04 8.900019438889741341e-01 2.861857077833409035e-01 5.410787437414655843e-01 1.675011379153391045e-01 5.234410559854347014e-03 0.000000000000000000e+00
2.250000000000000000e+04 9.000019657304232368e-01 2.860719162494310686e-01 5.501820664542558248e-01 1.591943559399180697e-01 4.551661356395083832e-03 0.000000000000000000e+00
2.275000000000000000e+04 9.100019875718723394e-01 2.785616750113791285e-01 5.576923076923077094e-01 1.582840236686390567e-01 5.461993627674101119e-03 0.000000000000000000e+00
2.300000000000000000e+04 9.200020094133214421e-01 2.840236686390532617e-01 5.440373236231224041e-01 1.646563495675921751e-01 7.282658170232134826e-03 0.000000000000000000e+00
2.325000000000000000e+04 9.300020312547707668e-01 2.881201638598088199e-01 5.494993172507965928e-01 1.561219845243513871e-01 6.258534365043240920e-03 0.000000000000000000e+00
2.350000000000000000e+04 9.400020530962198695e-01 2.874374146563495880e-01 5.658852981338188259e-01 1.379153390987710448e-01 8.761948111060537808e-03 0.000000000000000000e+00
2.375000000000000000e+04 9.500020749376689722e-01 2.837960855712334807e-01 5.718024578971324656e-01 1.390532544378698110e-01 5.348202093764223633e-03 0.000000000000000000e+00
2.400000000000000000e+04 9.600020967791180748e-01 2.693445607646791085e-01 5.798816568047336917e-01 1.445152480655439164e-01 6.258534365043240920e-03 0.000000000000000000e+00
2.425000000000000000e+04 9.700021186205671775e-01 2.528447883477469293e-01 5.856850250341374409e-01 1.563495675921711403e-01 5.120619025944469528e-03 0.000000000000000000e+00
2.450000000000000000e+04 9.800021404620165022e-01 2.487482931269913433e-01 5.956986800182066943e-01 1.502048247610377751e-01 5.348202093764223633e-03 0.000000000000000000e+00
2.475000000000000000e+04 9.900021623034656049e-01 2.435138825671370189e-01 6.054847519344560558e-01 1.478152025489303523e-01 3.186162949476558769e-03 0.000000000000000000e+00
2.500000000000000000e+04 1.000002184144914708e+00 2.439690487027765253e-01 6.107191624943104635e-01 1.426945835229858905e-01 2.617205279927173507e-03 0.000000000000000000e+00
