# itime ezz other fcc hcp bcc ico
0.000000000000000000e+00 0.000000000000000000e+00 0.000000000000000000e+00 1.000000000000000000e+00 0.000000000000000000e+00 0.000000000000000000e+00 0.000000000000000000e+00
2.500000000000000000e+01 1.000054035400044228e-03 0.000000000000000000e+00 1.000000000000000000e+00 0.000000000000000000e+00 0.000000000000000000e+00 0.000000000000000000e+00
5.000000000000000000e+01 2.000108070799866411e-03 0.000000000000000000e+00 1.000000000000000000e+00 0.000000000000000000e+00 0.000000000000000000e+00 0.000000000000000000e+00
7.500000000000000000e+01 3.000162106199910639e-03 0.000000000000000000e+00 1.000000000000000000e+00 0.000000000000000000e+00 0.000000000000000000e+00 0.000000000000000000e+00
1.000000000000000000e+02 4.000216141599954867e-03 0.000000000000000000e+00 1.000000000000000000e+00 0.000000000000000000e+00 0.000000000000000000e+00 0.000000000000000000e+00
1.250000000000000000e+02 5.000270176999777050e-03 0.000000000000000000e+00 1.000000000000000000e+00 0.000000000000000000e+00 0.000000000000000000e+00 0.000000000000000000e+00
1.500000000000000000e+02 6.000324212399821278e-03 0.000000000000000000e+00 1.000000000000000000e+00 0.000000000000000000e+00 0.000000000000000000e+00 0.000000000000000000e+00
1.750000000000000000e+02 7.000378247799865505e-03 0.000000000000000000e+00 1.000000000000000000e+00 0.000000000000000000e+00 0.000000000000000000e+00 0.000000000000000000e+00
2.000000000000000000e+02 8.000432283199687689e-03 0.000000000000000000e+00 1.000000000000000000e+00 0.000000000000000000e+00 0.000000000000000000e+00 0.000000000000000000e+00
2.250000000000000000e+02 9.000486318599731916e-03 0.000000000000000000e+00 1.000000000000000000e+00 0.000000000000000000e+00 0.000000000000000000e+00 0.000000000000000000e+00
2.500000000000000000e+02 1.000054035399977614e-02 0.000000000000000000e+00 1.000000000000000000e+00 0.000000000000000000e+00 0.000000000000000000e+00 0.000000000000000000e+00
2.750000000000000000e+02 1.100059438939959833e-02 0.000000000000000000e+00 1.000000000000000000e+00 0.000000000000000000e+00 0.000000000000000000e+00 0.000000000000000000e+00
3.000000000000000000e+02 1.200064842479964256e-02 0.000000000000000000e+00 1.000000000000000000e+00 0.000000000000000000e+00 0.000000000000000000e+00 0.000000000000000000e+00
3.250000000000000000e+02 1.300070246019968678e-02 0.000000000000000000e+00 1.000000000000000000e+00 0.000000000000000000e+00 0.000000000000000000e+00 0.000000000000000000e+00
3.500000000000000000e+02 1.400075649559950897e-02 0.000000000000000000e+00 1.000000000000000000e+00 0.000000000000000000e+00 0.000000000000000000e+00 0.000000000000000000e+00
3.750000000000000000e+02 1.500081053099955319e-02 0.000000000000000000e+00 1.000000000000000000e+00 0.000000000000000000e+00 0.000000000000000000e+00 0.000000000000000000e+00
4.000000000000000000e+02 1.600086456639937538e-02 0.000000000000000000e+00 1.000000000000000000e+00 0.000000000000000000e+00 0.000000000000000000e+00 0.000000000000000000e+00
4.250000000000000000e+02 1.700091860179941960e-02 0.000000000000000000e+00 1.000000000000000000e+00 0.000000000000000000e+00 0.000000000000000000e+00 0.000000000000000000e+00
4.500000000000000000e+02 1.800097263719946383e-02 0.000000000000000000e+00 1.000000000000000000e+00 0.000000000000000000e+00 0.000000000000000000e+00 0.000000000000000000e+00
4.750000000000000000e+02 1.900102667259928602e-02 0.000000000000000000e+00 1.000000000000000000e+00 0.000000000000000000e+00 0.000000000000000000e+00 0.000000000000000000e+00
5.000000000000000000e+02 2.000108070799933024e-02 0.000000000000000000e+00 1.000000000000000000e+00 0.000000000000000000e+00 0.000000000000000000e+00 0.000000000000000000e+00
5.250000000000000000e+02 2.100113474339937447e-02 0.000000000000000000e+00 1.000000000000000000e+00 0.000000000000000000e+00 0.000000000000000000e+00 0.000000000000000000e+00
5.500000000000000000e+02 2.200118877879919665e-02 0.000000000000000000e+00 1.000000000000000000e+00 0.000000000000000000e+00 0.000000000000000000e+00 0.000000000000000000e+00
5.750000000000000000e+02 2.300124281419924088e-02 0.000000000000000000e+00 1.000000000000000000e+00 0.000000000000000000e+00 0.000000000000000000e+00 0.000000000000000000e+00
6.000000000000000000e+02 2.400129684959928511e-02 0.000000000000000000e+00 1.000000000000000000e+00 0.000000000000000000e+00 0.000000000000000000e+00 0.000000000000000000e+00
6.250000000000000000e+02 2.500135088499910729e-02 0.000000000000000000e+00 1.000000000000000000e+00 0.000000000000000000e+00 0.000000000000000000e+00 0.000000000000000000e+00
6.500000000000000000e+02 2.600140492039915152e-02 0.000000000000000000e+00 1.000000000000000000e+00 0.000000000000000000e+00 0.000000000000000000e+00 0.000000000000000000e+00
6.750000000000000000e+02 2.700145895579919575e-02 0.000000000000000000e+00 1.000000000000000000e+00 0.000000000000000000e+00 0.000000000000000000e+00 0.000000000000000000e+00
7.000000000000000000e+02 2.800151299119901793e-02 0.000000000000000000e+00 1.000000000000000000e+00 0.000000000000000000e+00 0.000000000000000000e+00 0.000000000000000000e+00
7.250000000000000000e+02 2.900156702659906216e-02 0.000000000000000000e+00 1.000000000000000000e+00 0.000000000000000000e+00 0.000000000000000000e+00 0.000000000000000000e+00
7.500000000000000000e+02 3.000162106199910639e-02 0.000000000000000000e+00 1.000000000000000000e+00 0.000000000000000000e+00 0.000000000000000000e+00 0.000000000000000000e+00
7.750000000000000000e+02 3.100167509739892857e-02 0.000000000000000000e+00 1.000000000000000000e+00 0.000000000000000000e+00 0.000000000000000000e+00 0.000000000000000000e+00
8.000000000000000000e+02 3.200172913279897280e-02 0.000000000000000000e+00 1.000000000000000000e+00 0.000000000000000000e+00 0.000000000000000000e+00 0.000000000000000000e+00
8.250000000000000000e+02 3.300178316819901703e-02 0.000000000000000000e+00 1.000000000000000000e+00 0.000000000000000000e+00 0.000000000000000000e+00 0.000000000000000000e+00
8.500000000000000000e+02 3.400183720359883921e-02 0.000000000000000000e+00 1.000000000000000000e+00 0.000000000000000000e+00 0.000000000000000000e+00 0.000000000000000000e+00
8.750000000000000000e+02 3.500189123899888344e-02 0.000000000000000000e+00 1.000000000000000000e+00 0.000000000000000000e+00 0.000000000000000000e+00 0.000000000000000000e+00
9.000000000000000000e+02 3.600194527439892767e-02 0.000000000000000000e+00 1.000000000000000000e+00 0.000000000000000000e+00 0.000000000000000000e+00 0.000000000000000000e+00
9.250000000000000000e+02 3.700199930979874985e-02 0.000000000000000000e+00 1.000000000000000000e+00 0.000000000000000000e+00 0.000000000000000000e+00 0.000000000000000000e+00
9.500000000000000000e+02 3.800205334519879408e-02 0.000000000000000000e+00 1.000000000000000000e+00 0.000000000000000000e+00 0.000000000000000000e+00 0.000000000000000000e+00
9.750000000000000000e+02 3.900210738059883830e-02 0.000000000000000000e+00 1.000000000000000000e+00 0.000000000000000000e+00 0.000000000000000000e+00 0.000000000000000000e+00
1.000000000000000000e+03 4.000216141599866049e-02 0.000000000000000000e+00 1.000000000000000000e+00 0.000000000000000000e+00 0.000000000000000000e+00 0.000000000000000000e+00
1.025000000000000000e+03 4.100221545139870472e-02 0.000000000000000000e+00 1.000000000000000000e+00 0.000000000000000000e+00 0.000000000000000000e+00 0.000000000000000000e+00
1.050000000000000000e+03 4.200226948679852690e-02 0.000000000000000000e+00 1.000000000000000000e+00 0.000000000000000000e+00 0.000000000000000000e+00 0.000000000000000000e+00
1.075000000000000000e+03 4.300232352219857113e-02 2.275830678197542133e-04 9.997724169321802190e-01 0.000000000000000000e+00 0.000000000000000000e+00 0.000000000000000000e+00
1.100000000000000000e+03 4.400237755759861535e-02 0.000000000000000000e+00 1.000000000000000000e+00 0.000000000000000000e+00 0.000000000000000000e+00 0.000000000000000000e+00
1.125000000000000000e+03 4.500243159299843754e-02 0.000000000000000000e+00 1.000000000000000000e+00 0.000000000000000000e+00 0.000000000000000000e+00 0.000000000000000000e+00
1.150000000000000000e+03 4.600248562839848177e-02 0.000000000000000000e+00 1.000000000000000000e+00 0.000000000000000000e+00 0.000000000000000000e+00 0.000000000000000000e+00
1.175000000000000000e+03 4.700253966379852599e-02 0.000000000000000000e+00 1.000000000000000000e+00 0.000000000000000000e+00 0.000000000000000000e+00 0.000000000000000000e+00
1.200000000000000000e+03 4.800259369919834818e-02 0.000000000000000000e+00 1.000000000000000000e+00 0.000000000000000000e+00 0.000000000000000000e+00 0.000000000000000000e+00
1.225000000000000000e+03 4.900264773459839240e-02 0.000000000000000000e+00 1.000000000000000000e+00 0.000000000000000000e+00 0.000000000000000000e+00 0.000000000000000000e+00
1.250000000000000000e+03 5.000270176999843663e-02 0.000000000000000000e+00 1.000000000000000000e+00 0.000000000000000000e+00 0.000000000000000000e+00 0.000000000000000000e+00
1.275000000000000000e+03 5.100275580539825881e-02 0.000000000000000000e+00 1.000000000000000000e+00 0.000000000000000000e+00 0.000000000000000000e+00 0.000000000000000000e+00
1.300000000000000000e+03 5.200280984079830304e-02 0.000000000000000000e+00 1.000000000000000000e+00 0.000000000000000000e+00 0.000000000000000000e+00 0.000000000000000000e+00
1.325000000000000000e+03 5.300286387619834727e-02 0.000000000000000000e+00 1.000000000000000000e+00 0.000000000000000000e+00 0.000000000000000000e+00 0.000000000000000000e+00
1.350000000000000000e+03 5.400291791159816945e-02 0.000000000000000000e+00 1.000000000000000000e+00 0.000000000000000000e+00 0.000000000000000000e+00 0.000000000000000000e+00
1.375000000000000000e+03 5.500297194699821368e-02 0.000000000000000000e+00 1.000000000000000000e+00 0.000000000000000000e+00 0.000000000000000000e+00 0.000000000000000000e+00
1.400000000000000000e+03 5.600302598239825791e-02 0.000000000000000000e+00 1.000000000000000000e+00 0.000000000000000000e+00 0.000000000000000000e+00 0.000000000000000000e+00
1.425000000000000000e+03 5.700308001779808009e-02 0.000000000000000000e+00 1.000000000000000000e+00 0.000000000000000000e+00 0.000000000000000000e+00 0.000000000000000000e+00
1.450000000000000000e+03 5.800313405319812432e-02 0.000000000000000000e+00 1.000000000000000000e+00 0.000000000000000000e+00 0.000000000000000000e+00 0.000000000000000000e+00
1.475000000000000000e+03 5.900318808859816855e-02 1.137915339098771066e-04 9.998862084660901095e-01 0.000000000000000000e+00 0.000000000000000000e+00 0.000000000000000000e+00
1.500000000000000000e+03 6.000324212399799073e-02 0.000000000000000000e+00 1.000000000000000000e+00 0.000000000000000000e+00 0.000000000000000000e+00 0.000000000000000000e+00
1.525000000000000000e+03 6.100329615939803496e-02 0.000000000000000000e+00 1.000000000000000000e+00 0.000000000000000000e+00 0.000000000000000000e+00 0.000000000000000000e+00
1.550000000000000000e+03 6.200335019479807919e-02 0.000000000000000000e+00 1.000000000000000000e+00 0.000000000000000000e+00 0.000000000000000000e+00 0.000000000000000000e+00
1.575000000000000000e+03 6.300340423019790137e-02 0.000000000000000000e+00 1.000000000000000000e+00 0.000000000000000000e+00 0.000000000000000000e+00 0.000000000000000000e+00
1.600000000000000000e+03 6.400345826559794560e-02 0.000000000000000000e+00 1.000000000000000000e+00 0.000000000000000000e+00 0.000000000000000000e+00 0.000000000000000000e+00
1.625000000000000000e+03 6.500351230099798983e-02 0.000000000000000000e+00 1.000000000000000000e+00 0.000000000000000000e+00 0.000000000000000000e+00 0.000000000000000000e+00
1.650000000000000000e+03 6.600356633639781201e-02 1.137915339098771066e-04 9.998862084660901095e-01 0.000000000000000000e+00 0.000000000000000000e+00 0.000000000000000000e+00
1.675000000000000000e+03 6.700362037179785624e-02 0.000000000000000000e+00 1.000000000000000000e+00 0.000000000000000000e+00 0.000000000000000000e+00 0.000000000000000000e+00
1.700000000000000000e+03 6.800367440719790046e-02 0.000000000000000000e+00 1.000000000000000000e+00 0.000000000000000000e+00 0.000000000000000000e+00 0.000000000000000000e+00
1.725000000000000000e+03 6.900372844259772265e-02 0.000000000000000000e+00 1.000000000000000000e+00 0.000000000000000000e+00 0.000000000000000000e+00 0.000000000000000000e+00
1.750000000000000000e+03 7.000378247799776688e-02 0.000000000000000000e+00 1.000000000000000000e+00 0.000000000000000000e+00 0.000000000000000000e+00 0.000000000000000000e+00
1.775000000000000000e+03 7.100383651339758906e-02 0.000000000000000000e+00 1.000000000000000000e+00 0.000000000000000000e+00 0.000000000000000000e+00 0.000000000000000000e+00
1.800000000000000000e+03 7.200389054879763329e-02 1.137915339098771066e-04 9.998862084660901095e-01 0.000000000000000000e+00 0.000000000000000000e+00 0.000000000000000000e+00
1.825000000000000000e+03 7.300394458419767751e-02 1.137915339098771066e-04 9.998862084660901095e-01 0.000000000000000000e+00 0.000000000000000000e+00 0.000000000000000000e+00
1.850000000000000000e+03 7.400399861959749970e-02 0.000000000000000000e+00 1.000000000000000000e+00 0.000000000000000000e+00 0.000000000000000000e+00 0.000000000000000000e+00
1.875000000000000000e+03 7.500405265499754393e-02 0.000000000000000000e+00 1.000000000000000000e+00 0.000000000000000000e+00 0.000000000000000000e+00 0.000000000000000000e+00
1.900000000000000000e+03 7.600410669039758815e-02 0.000000000000000000e+00 1.000000000000000000e+00 0.000000000000000000e+00 0.000000000000000000e+00 0.000000000000000000e+00
1.925000000000000000e+03 7.700416072579741034e-02 3.413746017296313199e-04 9.996586253982703285e-01 0.000000000000000000e+00 0.000000000000000000e+00 0.000000000000000000e+00
1.950000000000000000e+03 7.800421476119745456e-02 0.000000000000000000e+00 1.000000000000000000e+00 0.000000000000000000e+00 0.000000000000000000e+00 0.000000000000000000e+00
1.975000000000000000e+03 7.900426879659749879e-02 9.103322712790168532e-04 9.990896677287209870e-01 0.000000000000000000e+00 0.000000000000000000e+00 0.000000000000000000e+00
2.000000000000000000e+03 8.000432283199732098e-02 1.137915339098771066e-04 9.998862084660901095e-01 0.000000000000000000e+00 0.000000000000000000e+00 0.000000000000000000e+00
2.025000000000000000e+03 8.100437686739736520e-02 2.275830678197542133e-04 9.997724169321802190e-01 0.000000000000000000e+00 0.000000000000000000e+00 0.000000000000000000e+00
2.050000000000000000e+03 8.200443090279740943e-02 5.689576695493854790e-04 9.993172507965407680e-01 0.000000000000000000e+00 1.137915339098771066e-04 0.000000000000000000e+00
2.075000000000000000e+03 8.300448493819723161e-02 4.551661356395084266e-04 9.995448338643604380e-01 0.000000000000000000e+00 0.000000000000000000e+00 0.000000000000000000e+00
2.100000000000000000e+03 8.400453897359727584e-02 1.137915339098771066e-04 9.998862084660901095e-01 0.000000000000000000e+00 0.000000000000000000e+00 0.000000000000000000e+00
2.125000000000000000e+03 8.500459300899732007e-02 2.275830678197542133e-04 9.997724169321802190e-01 0.000000000000000000e+00 0.000000000000000000e+00 0.000000000000000000e+00
2.150000000000000000e+03 8.600464704439714225e-02 2.275830678197542133e-04 9.997724169321802190e-01 0.000000000000000000e+00 0.000000000000000000e+00 0.000000000000000000e+00
2.175000000000000000e+03 8.700470107979718648e-02 0.000000000000000000e+00 1.000000000000000000e+00 0.000000000000000000e+00 0.000000000000000000e+00 0.000000000000000000e+00
2.200000000000000000e+03 8.800475511519723071e-02 2.048247610377787811e-03 9.979517523896221931e-01 0.000000000000000000e+00 0.000000000000000000e+00 0.000000000000000000e+00
2.225000000000000000e+03 8.900480915059705289e-02 9.103322712790168532e-04 9.990896677287209870e-01 0.000000000000000000e+00 0.000000000000000000e+00 0.000000000000000000e+00
2.250000000000000000e+03 9.000486318599709712e-02 4.551661356395084266e-04 9.995448338643604380e-01 0.000000000000000000e+00 0.000000000000000000e+00 0.000000000000000000e+00
2.275000000000000000e+03 9.100491722139714135e-02 7.965407373691396923e-04 9.992034592626308775e-01 0.000000000000000000e+00 0.000000000000000000e+00 0.000000000000000000e+00
2.300000000000000000e+03 9.200497125679696353e-02 9.103322712790168532e-04 9.990896677287209870e-01 0.000000000000000000e+00 0.000000000000000000e+00 0.000000000000000000e+00
2.325000000000000000e+03 9.300502529219700776e-02 4.551661356395084266e-04 9.994310423304506585e-01 0.000000000000000000e+00 1.137915339098771066e-04 0.000000000000000000e+00
2.350000000000000000e+03 9.400507932759705199e-02 7.965407373691396923e-04 9.992034592626308775e-01 0.000000000000000000e+00 0.000000000000000000e+00 0.000000000000000000e+00
2.375000000000000000e+03 9.500513336299687417e-02 6.827492034592626399e-04 9.993172507965407680e-01 0.000000000000000000e+00 0.000000000000000000e+00 0.000000000000000000e+00
2.400000000000000000e+03 9.600518739839691840e-02 2.617205279927173507e-03 9.972690031861629611e-01 0.000000000000000000e+00 1.137915339098771066e-04 0.000000000000000000e+00
2.425000000000000000e+03 9.700524143379674058e-02 6.827492034592626399e-04 9.992034592626308775e-01 0.000000000000000000e+00 1.137915339098771066e-04 0.000000000000000000e+00
2.450000000000000000e+03 9.800529546919678481e-02 2.844788347746927612e-03 9.970414201183431802e-01 0.000000000000000000e+00 1.137915339098771066e-04 0.000000000000000000e+00
2.475000000000000000e+03 9.900534950459682904e-02 9.103322712790168532e-04 9.990896677287209870e-01 0.000000000000000000e+00 0.000000000000000000e+00 0.000000000000000000e+00
2.500000000000000000e+03 1.000054035399966512e-01 2.275830678197541916e-03 9.974965862539827421e-01 0.000000000000000000e+00 2.275830678197542133e-04 0.000000000000000000e+00
2.525000000000000000e+03 1.010054575753966954e-01 2.503413746017296455e-03 9.974965862539827421e-01 0.000000000000000000e+00 0.000000000000000000e+00 0.000000000000000000e+00
2.550000000000000000e+03 1.020055116107967397e-01 3.527537551206190360e-03 9.963586709148839482e-01 0.000000000000000000e+00 1.137915339098771066e-04 0.000000000000000000e+00
2.575000000000000000e+03 1.030055656461965619e-01 6.827492034592626399e-04 9.993172507965407680e-01 0.000000000000000000e+00 0.000000000000000000e+00 0.000000000000000000e+00
2.600000000000000000e+03 1.040056196815966061e-01 3.641329085116067413e-03 9.962448793809740577e-01 0.000000000000000000e+00 1.137915339098771066e-04 0.000000000000000000e+00
2.625000000000000000e+03 1.050056737169966503e-01 3.186162949476558769e-03 9.965862539827037292e-01 0.000000000000000000e+00 2.275830678197542133e-04 0.000000000000000000e+00
2.650000000000000000e+03 1.060057277523964725e-01 3.072371415566681717e-03 9.968138370505233992e-01 0.000000000000000000e+00 1.137915339098771066e-04 0.000000000000000000e+00
2.675000000000000000e+03 1.070057817877965167e-01 7.168866636322257339e-03 9.927173418297678964e-01 0.000000000000000000e+00 1.137915339098771066e-04 0.000000000000000000e+00
2.700000000000000000e+03 1.080058358231965610e-01 5.917159763313609329e-03 9.939690487027764698e-01 0.000000000000000000e+00 1.137915339098771066e-04 0.000000000000000000e+00
2.725000000000000000e+03 1.090058898585963831e-01 7.168866636322257339e-03 9.926035502958580059e-01 0.000000000000000000e+00 2.275830678197542133e-04 0.000000000000000000e+00
2.750000000000000000e+03 1.100059438939964274e-01 6.599908966772872511e-03 9.930587164314974569e-01 0.000000000000000000e+00 3.413746017296313199e-04 0.000000000000000000e+00
2.775000000000000000e+03 1.110059979293964716e-01 1.058261265361857065e-02 9.890760127446518446e-01 0.000000000000000000e+00 3.413746017296313199e-04 0.000000000000000000e+00
2.800000000000000000e+03 1.120060519647962938e-01 9.672280382339554228e-03 9.901001365498406370e-01 0.000000000000000000e+00 2.275830678197542133e-04 0.000000000000000000e+00
2.825000000000000000e+03 1.130061060001963380e-01 1.388256713700500647e-02 9.853208921256259023e-01 0.000000000000000000e+00 7.965407373691396923e-04 0.000000000000000000e+00
2.850000000000000000e+03 1.140061600355963822e-01 1.467910787437414627e-02 9.845243513882566688e-01 0.000000000000000000e+00 7.965407373691396923e-04 0.000000000000000000e+00
2.875000000000000000e+03 1.150062140709962044e-01 1.297223486572599005e-02 9.868001820664542567e-01 0.000000000000000000e+00 2.275830678197542133e-04 0.000000000000000000e+00
2.900000000000000000e+03 1.160062681063962486e-01 2.127901684114701791e-02 9.770141101502047842e-01 0.000000000000000000e+00 1.706873008648156654e-03 0.000000000000000000e+00
2.925000000000000000e+03 1.170063221417962929e-01 2.332726445152480746e-02 9.729176149294492815e-01 0.000000000000000000e+00 3.755120619025944465e-03 0.000000000000000000e+00
2.950000000000000000e+03 1.180063761771961151e-01 3.004096495220755572e-02 9.650659990896677254e-01 0.000000000000000000e+00 4.893035958124715423e-03 0.000000000000000000e+00
2.975000000000000000e+03 1.190064302125961593e-01 4.631315430131998506e-02 9.427628584433318526e-01 0.000000000000000000e+00 1.092398725534820224e-02 0.000000000000000000e+00
3.000000000000000000e+03 1.200064842479962035e-01 6.827492034592626269e-02 8.934911242603550408e-01 0.000000000000000000e+00 3.823395539371871044e-02 0.000000000000000000e+00
3.025000000000000000e+03 1.210065382833960257e-01 1.182294037323623065e-01 7.719617660446063123e-01 0.000000000000000000e+00 1.098088302230314089e-01 0.000000000000000000e+00
3.050000000000000000e+03 1.220065923187960699e-01 1.878698224852070886e-01 5.724852071005916976e-01 0.000000000000000000e+00 2.396449704142011861e-01 0.000000000000000000e+00
3.075000000000000000e+03 1.230066463541958921e-01 2.930131998179335562e-01 3.343195266272189214e-01 0.000000000000000000e+00 3.726672735548475224e-01 0.000000000000000000e+00
3.100000000000000000e+03 1.240067003895959363e-01 3.714155666818388934e-01 1.787664997724169313e-01 5.689576695493854790e-04 4.492489758761948337e-01 0.000000000000000000e+00
3.125000000000000000e+03 1.250067544249959806e-01 3.904187528447883304e-01 1.284706417842512438e-01 6.827492034592626399e-04 4.804278561675011106e-01 0.000000000000000000e+00
3.150000000000000000e+03 1.260068084603958027e-01 3.788120163859808875e-01 1.464497041420118328e-01 4.551661356395084266e-04 4.742831133363678009e-01 0.000000000000000000e+00
3.175000000000000000e+03 1.270068624957958470e-01 3.546882111970869333e-01 1.982248520710059303e-01 2.275830678197542133e-04 4.468593536640874109e-01 0.000000000000000000e+00
3.200000000000000000e+03 1.280069165311958912e-01 3.715293582157487284e-01 2.048247610377788019e-01 0.000000000000000000e+00 4.236458807464724696e-01 0.000000000000000000e+00
3.225000000000000000e+03 1.290069705665957134e-01 4.219390077378242787e-01 1.736458807464724696e-01 0.000000000000000000e+00 4.044151115157032517e-01 0.000000000000000000e+00
3.250000000000000000e+03 1.300070246019957576e-01 4.390077378243058548e-01 1.661356395084205850e-01 2.275830678197542133e-04 3.946290395994537792e-01 0.000000000000000000e+00
3.275000000000000000e+03 1.310070786373958018e-01 4.420801092398725651e-01 1.565771506599908935e-01 1.593081474738279385e-03 3.997496586253982964e-01 0.000000000000000000e+00
3.300000000000000000e+03 1.320071326727956240e-01 4.346836595357305155e-01 1.516841147018661851e-01 2.617205279927173507e-03 4.110150204824761233e-01 0.000000000000000000e+00
3.325000000000000000e+03 1.330071867081956682e-01 4.165908056440600915e-01 1.316568047337278169e-01 6.713700500682749130e-03 4.450386891215293850e-01 0.000000000000000000e+00
3.350000000000000000e+03 1.340072407435957125e-01 4.173873463814292140e-01 1.030951297223486607e-01 1.354119253527537488e-02 4.659763313609467383e-01 0.000000000000000000e+00
3.375000000000000000e+03 1.350072947789955347e-01 4.278561675011379184e-01 9.069185252617205373e-02 2.560309512972235024e-02 4.558488848429677054e-01 0.000000000000000000e+00
3.400000000000000000e+03 1.360073488143955789e-01 4.341147018661811741e-01 9.171597633136094330e-02 3.720983158852981393e-02 4.369594902139281034e-01 0.000000000000000000e+00
3.425000000000000000e+03 1.370074028497956231e-01 4.387801547564861293e-01 9.990896677287210148e-02 5.143377332726445372e-02 4.098771051433773294e-01 0.000000000000000000e+00
3.450000000000000000e+03 1.380074568851954453e-01 4.556213017751479244e-01 1.125398270368684617e-01 7.567137005006827066e-02 3.561675011379153433e-01 0.000000000000000000e+00
3.475000000000000000e+03 1.390075109205954895e-01 4.712107419208010906e-01 1.300637232589895442e-01 1.017296313154301274e-01 2.969959035047792240e-01 0.000000000000000000e+00
3.500000000000000000e+03 1.400075649559955338e-01 4.930587164314975124e-01 1.340464269458352398e-01 1.214155666818388657e-01 2.514792899408284099e-01 0.000000000000000000e+00
3.525000000000000000e+03 1.410076189913953559e-01 4.996586253982703840e-01 1.487255348202093652e-01 1.424670004551661373e-01 2.091488393263541135e-01 0.000000000000000000e+00
3.550000000000000000e+03 1.420076730267954002e-01 4.943104233045061413e-01 1.546426945835229771e-01 1.561219845243513871e-01 1.949248975876194945e-01 0.000000000000000000e+00
3.575000000000000000e+03 1.430077270621954444e-01 5.080791989076012261e-01 1.637460172963131622e-01 1.738734638142922229e-01 1.543013199817933612e-01 0.000000000000000000e+00
3.600000000000000000e+03 1.440077810975952666e-01 5.143377332726445372e-01 1.706873008648156498e-01 1.956076467910787542e-01 1.193673190714610866e-01 0.000000000000000000e+00
3.625000000000000000e+03 1.450078351329953108e-01 5.072826581702321036e-01 1.747837960855712358e-01 2.101729631315430169e-01 1.077605826126536159e-01 0.000000000000000000e+00
3.650000000000000000e+03 1.460078891683953550e-01 5.162721893491124536e-01 1.703459262630860338e-01 2.147246244879381094e-01 9.865725989986344480e-02 0.000000000000000000e+00
3.675000000000000000e+03 1.470079432037951772e-01 5.184342284934000400e-01 1.698907601274465273e-01 2.184797451069640517e-01 9.319526627218935322e-02 0.000000000000000000e+00
3.700000000000000000e+03 1.480079972391952214e-01 5.243513882567136797e-01 1.678425125170687204e-01 2.130177514792899462e-01 9.478834774692762588e-02 0.000000000000000000e+00
3.725000000000000000e+03 1.490080512745952657e-01 5.145653163404643182e-01 1.729631315430132099e-01 2.188211197086936677e-01 9.365043240782885969e-02 0.000000000000000000e+00
3.750000000000000000e+03 1.500081053099950879e-01 5.195721438324988339e-01 1.780837505689576716e-01 2.212107419208010906e-01 8.113336367774237612e-02 0.000000000000000000e+00
3.775000000000000000e+03 1.510081593453951321e-01 5.161583978152025631e-01 1.801319981793354508e-01 2.314519799726900418e-01 7.225762403277195822e-02 0.000000000000000000e+00
3.800000000000000000e+03 1.520082133807949543e-01 5.201411015020482864e-01 1.855939918070095562e-01 2.287209831588529751e-01 6.554392353208920996e-02 0.000000000000000000e+00
3.825000000000000000e+03 1.530082674161949985e-01 5.256030951297223641e-01 1.818388711879836139e-01 2.324761037778789174e-01 6.008192990441511144e-02 0.000000000000000000e+00
3.850000000000000000e+03 1.540083214515950427e-01 5.188893946290396020e-01 1.832043695949021334e-01 2.330450614474283144e-01 6.486117432862995025e-02 0.000000000000000000e+00
3.875000000000000000e+03 1.550083754869948649e-01 5.201411015020482864e-01 1.794492489758761911e-01 2.322485207100591642e-01 6.816112881201638607e-02 0.000000000000000000e+00
3.900000000000000000e+03 1.560084295223949091e-01 5.195721438324988339e-01 1.793354574419663283e-01 2.347519344560764776e-01 6.634046426945834629e-02 0.000000000000000000e+00
3.925000000000000000e+03 1.570084835577949534e-01 5.224169321802457633e-01 1.783113336367774249e-01 2.303140646335912478e-01 6.895766954938552240e-02 0.000000000000000000e+00
3.950000000000000000e+03 1.580085375931947755e-01 5.244651797906235702e-01 1.772872098315885214e-01 2.249658625398270329e-01 7.328174783796086167e-02 0.000000000000000000e+00
3.975000000000000000e+03 1.590085916285948198e-01 5.196859353664087244e-01 1.810423304506144637e-01 2.302002730996813851e-01 6.907146108329539902e-02 0.000000000000000000e+00
4.000000000000000000e+03 1.600086456639948640e-01 5.227583067819754348e-01 1.829767865270823801e-01 2.280382339553937154e-01 6.622667273554846967e-02 0.000000000000000000e+00
4.025000000000000000e+03 1.610086996993946862e-01 5.334547109695039202e-01 1.767182521620391522e-01 2.304278561675011383e-01 5.939918070095585173e-02 0.000000000000000000e+00
4.050000000000000000e+03 1.620087537347947304e-01 5.276513427401001710e-01 1.795630405097860816e-01 2.314519799726900418e-01 6.133363677742376119e-02 0.000000000000000000e+00
4.075000000000000000e+03 1.630088077701947746e-01 5.317478379608556738e-01 1.759217114246700020e-01 2.284934000910332219e-01 6.383705052344106068e-02 0.000000000000000000e+00
4.100000000000000000e+03 1.640088618055945968e-01 5.341374601729631522e-01 1.795630405097860816e-01 2.270141101502048120e-01 5.928538916704597511e-02 0.000000000000000000e+00
4.125000000000000000e+03 1.650089158409946410e-01 5.350477924442421651e-01 1.770596267637687682e-01 2.289485662266727284e-01 5.894401456531633832e-02 0.000000000000000000e+00
4.150000000000000000e+03 1.660089698763946853e-01 5.298133818843877574e-01 1.802457897132453413e-01 2.328174783796085612e-01 5.712335002275830548e-02 0.000000000000000000e+00
4.175000000000000000e+03 1.670090239117945075e-01 5.294720072826581969e-01 1.796768320436959443e-01 2.386208466090122826e-01 5.223031406463359005e-02 0.000000000000000000e+00
4.200000000000000000e+03 1.680090779471945517e-01 5.337960855712334807e-01 1.776285844333181652e-01 2.360036413290851065e-01 5.257168866636321991e-02 0.000000000000000000e+00
4.225000000000000000e+03 1.690091319825945959e-01 5.312926718252162228e-01 1.762630860263996457e-01 2.405553026854801990e-01 5.188893946290396020e-02 0.000000000000000000e+00
4.250000000000000000e+03 1.700091860179944181e-01 5.326581702321346867e-01 1.772872098315885214e-01 2.366863905325443662e-01 5.336822940373236318e-02 0.000000000000000000e+00
4.275000000000000000e+03 1.710092400533944623e-01 5.238962221210742287e-01 1.791078743741465751e-01 2.373691397360036537e-01 5.962676376877560497e-02 0.000000000000000000e+00
4.300000000000000000e+03 1.720092940887945065e-01 5.320892125625853453e-01 1.787664997724169313e-01 2.389622212107419263e-01 5.018206645425580398e-02 0.000000000000000000e+00
4.325000000000000000e+03 1.730093481241943287e-01 5.368684569868001910e-01 1.771734182976786587e-01 2.345243513882567243e-01 5.143377332726445372e-02 0.000000000000000000e+00
4.350000000000000000e+03 1.740094021595943730e-01 5.285616750113791840e-01 1.759217114246700020e-01 2.387346381429221731e-01 5.678197542102867562e-02 0.000000000000000000e+00
4.375000000000000000e+03 1.750094561949944172e-01 5.391442876649977789e-01 1.713700500682749095e-01 2.344105598543468338e-01 5.507510241238051940e-02 0.000000000000000000e+00
4.400000000000000000e+03 1.760095102303942394e-01 5.316340464269457833e-01 1.745562130177514826e-01 2.404415111515703363e-01 5.336822940373236318e-02 0.000000000000000000e+00
4.425000000000000000e+03 1.770095642657942836e-01 5.406235776058261333e-01 1.730769230769230727e-01 2.347519344560764776e-01 5.154756486117433034e-02 0.000000000000000000e+00
4.450000000000000000e+03 1.780096183011941058e-01 5.424442421483841592e-01 1.689804278561675144e-01 2.338416021847974646e-01 5.473372781065088954e-02 0.000000000000000000e+00
4.475000000000000000e+03 1.790096723365941500e-01 5.377787892580792040e-01 1.703459262630860338e-01 2.345243513882567243e-01 5.735093309057805872e-02 0.000000000000000000e+00
4.500000000000000000e+03 1.800097263719941942e-01 5.494993172507965928e-01 1.656804733727810786e-01 2.312243969048702885e-01 5.359581247155211642e-02 0.000000000000000000e+00
4.525000000000000000e+03 1.810097804073940164e-01 5.578060992262175999e-01 1.634046426945835184e-01 2.282658170232134687e-01 5.052344105598543383e-02 0.000000000000000000e+00
4.550000000000000000e+03 1.820098344427940606e-01 5.477924442421483464e-01 1.678425125170687204e-01 2.337278106508875741e-01 5.063723258989531045e-02 0.000000000000000000e+00
4.575000000000000000e+03 1.830098884781941049e-01 5.532544378698225351e-01 1.648839326354119283e-01 2.352071005917159841e-01 4.665452890304961492e-02 0.000000000000000000e+00
4.600000000000000000e+03 1.840099425135939271e-01 5.565543923532089154e-01 1.595357305416477134e-01 2.358898497951752438e-01 4.802002730996814128e-02 0.000000000000000000e+00
4.625000000000000000e+03 1.850099965489939713e-01 5.509786071916249472e-01 1.607874374146563423e-01 2.363450159308147502e-01 5.188893946290396020e-02 0.000000000000000000e+00
4.650000000000000000e+03 1.860100505843940155e-01 5.646335912608101415e-01 1.565771506599908935e-01 2.322485207100591642e-01 4.654073736913973830e-02 0.000000000000000000e+00
4.675000000000000000e+03 1.870101046197938377e-01 5.623577605826126646e-01 1.561219845243513871e-01 2.272416932180245652e-01 5.427856167501137613e-02 0.000000000000000000e+00
4.700000000000000000e+03 1.880101586551938819e-01 5.631543013199817871e-01 1.556668183887118806e-01 2.269003186162949492e-01 5.427856167501137613e-02 0.000000000000000000e+00
4.725000000000000000e+03 1.890102126905939262e-01 5.649749658625398130e-01 1.538461538461538547e-01 2.243969048702776636e-01 5.678197542102867562e-02 0.000000000000000000e+00
4.750000000000000000e+03 1.900102667259937483e-01 5.748748293126991760e-01 1.539599453800637174e-01 2.141556668183887124e-01 5.700955848884842886e-02 0.000000000000000000e+00
4.775000000000000000e+03 1.910103207613937926e-01 5.773782430587164338e-01 1.581702321347291662e-01 2.100591715976331264e-01 5.439235320892125969e-02 0.000000000000000000e+00
4.800000000000000000e+03 1.920103747967938368e-01 5.875056895766954668e-01 1.664770141101502010e-01 1.969731451979972736e-01 4.904415111515703085e-02 0.000000000000000000e+00
4.825000000000000000e+03 1.930104288321936590e-01 5.947883477469276814e-01 1.759217114246700020e-01 1.817250796540737234e-01 4.756486117432862787e-02 0.000000000000000000e+00
4.850000000000000000e+03 1.940104828675937032e-01 5.931952662721893255e-01 1.875284478834774726e-01 1.722803823395539502e-01 4.699590350477924477e-02 0.000000000000000000e+00
4.875000000000000000e+03 1.950105369029937474e-01 6.022985889849795660e-01 1.953800637232590010e-01 1.594219390077378229e-01 4.289940828402366568e-02 0.000000000000000000e+00
4.900000000000000000e+03 1.960105909383935696e-01 6.100364132908511205e-01 2.058488848429676776e-01 1.405325443786982209e-01 4.358215748748293233e-02 0.000000000000000000e+00
4.925000000000000000e+03 1.970106449737936138e-01 6.103777878925807920e-01 2.163177059626763821e-01 1.301775147928994070e-01 4.312699135184342586e-02 0.000000000000000000e+00
4.950000000000000000e+03 1.980106990091936581e-01 6.053709604005461653e-01 2.313381884387801513e-01 1.222121074192080159e-01 4.107874374146563284e-02 0.000000000000000000e+00
4.975000000000000000e+03 1.990107530445934803e-01 6.032089212562585789e-01 2.476103777878925771e-01 1.166363222576240338e-01 3.254437869822485174e-02 0.000000000000000000e+00
5.000000000000000000e+03 2.000108070799935245e-01 5.953573054164770229e-01 2.627446517979062368e-01 1.094674556213017791e-01 3.243058716431497512e-02 0.000000000000000000e+00
5.025000000000000000e+03 2.010108611153935687e-01 5.840919435593991960e-01 2.812926718252162228e-01 1.037778789258079204e-01 3.083750568957669552e-02 0.000000000000000000e+00
5.050000000000000000e+03 2.020109151507933909e-01 5.903504779244423961e-01 2.870960400546199165e-01 9.421939007737824279e-02 2.833409194355939950e-02 0.000000000000000000e+00
5.075000000000000000e+03 2.030109691861934351e-01 5.851160673645880994e-01 2.915339098771051463e-01 9.046426945835230049e-02 3.288575329995448160e-02 0.000000000000000000e+00
5.100000000000000000e+03 2.040110232215934793e-01 5.793126991351843502e-01 3.029130632680928636e-01 8.739189804278561791e-02 3.038233955393718558e-02 0.000000000000000000e+00
5.125000000000000000e+03 2.050110772569933015e-01 5.828402366863905115e-01 3.065543923532089154e-01 8.272644515248064878e-02 2.787892580791988956e-02 0.000000000000000000e+00
5.150000000000000000e+03 2.060111312923933458e-01 5.664542558033682784e-01 3.191852526172052618e-01 8.022303140646336317e-02 3.413746017296313134e-02 0.000000000000000000e+00
5.175000000000000000e+03 2.070111853277931679e-01 5.647473827947200320e-01 3.229403732362312041e-01 7.783340919435594030e-02 3.447883477469276120e-02 0.000000000000000000e+00
5.200000000000000000e+03 2.080112393631932122e-01 5.634956759217114586e-01 3.301092398725534727e-01 7.464724624487938109e-02 3.174783796085571541e-02 0.000000000000000000e+00
5.225000000000000000e+03 2.090112933985932564e-01 5.615612198452435422e-01 3.304506144742830887e-01 7.521620391442876419e-02 3.277196176604460498e-02 0.000000000000000000e+00
5.250000000000000000e+03 2.100113474339930786e-01 5.567819754210286964e-01 3.347746927628584279e-01 7.259899863450158808e-02 3.584433318161128756e-02 0.000000000000000000e+00
5.275000000000000000e+03 2.110114014693931228e-01 5.493855257168867023e-01 3.384160218479745352e-01 7.362312243969049153e-02 3.857532999544834029e-02 0.000000000000000000e+00
5.300000000000000000e+03 2.120114555047931670e-01 5.456304050978607600e-01 3.463814292216659263e-01 7.532999544833864081e-02 3.265817023213472836e-02 0.000000000000000000e+00
5.325000000000000000e+03 2.130115095401929892e-01 5.414201183431952558e-01 3.470641784251251583e-01 7.555757851615839404e-02 3.595812471552116418e-02 0.000000000000000000e+00
5.350000000000000000e+03 2.140115635755930334e-01 5.468821119708693335e-01 3.387573964497041512e-01 7.305416477014110843e-02 4.130632680928538608e-02 0.000000000000000000e+00
5.375000000000000000e+03 2.150116176109930777e-01 5.415339098771051463e-01 3.430814747382794905e-01 7.316795630405098505e-02 4.221665908056440597e-02 0.000000000000000000e+00
5.400000000000000000e+03 2.160116716463928999e-01 5.370960400546199720e-01 3.423987255348202030e-01 7.703686845698680397e-02 4.346836595357305572e-02 0.000000000000000000e+00
5.425000000000000000e+03 2.170117256817929441e-01 5.374374146563495325e-01 3.417159763313609711e-01 7.942649066909421296e-02 4.142011834319526964e-02 0.000000000000000000e+00
5.450000000000000000e+03 2.180117797171929883e-01 5.496131087847063723e-01 3.340919435593991960e-01 7.544378698224851743e-02 4.085116067364587961e-02 0.000000000000000000e+00
5.475000000000000000e+03 2.190118337525928105e-01 5.403959945380063523e-01 3.369367319071461253e-01 7.612653618570777714e-02 4.654073736913973830e-02 0.000000000000000000e+00
5.500000000000000000e+03 2.200118877879928547e-01 5.415339098771051463e-01 3.387573964497041512e-01 7.806099226217569353e-02 4.164770141101502288e-02 0.000000000000000000e+00
5.525000000000000000e+03 2.210119418233928990e-01 5.308375056895766608e-01 3.386436049157942607e-01 8.636777423759672834e-02 4.415111515703231543e-02 0.000000000000000000e+00
5.550000000000000000e+03 2.220119958587927211e-01 5.290168411470186349e-01 3.343195266272189214e-01 8.978152025489304078e-02 4.688211197086936816e-02 0.000000000000000000e+00
5.575000000000000000e+03 2.230120498941927654e-01 5.341374601729631522e-01 3.268092853891670369e-01 9.558488848429676221e-02 4.346836595357305572e-02 0.000000000000000000e+00
5.600000000000000000e+03 2.240121039295928096e-01 5.385753299954483264e-01 3.196404187528447682e-01 9.421939007737824279e-02 4.756486117432862787e-02 0.000000000000000000e+00
5.625000000000000000e+03 2.250121579649926318e-01 5.386891215293582169e-01 3.139508420573509095e-01 9.638142922166591242e-02 5.097860719162494031e-02 0.000000000000000000e+00
5.650000000000000000e+03 2.260122120003926760e-01 5.372098315885298625e-01 3.100819299044151323e-01 1.030951297223486607e-01 4.961310878470642088e-02 0.000000000000000000e+00
5.675000000000000000e+03 2.270122660357927202e-01 5.347064178425124936e-01 3.066681838871188059e-01 1.070778334091943562e-01 5.154756486117433034e-02 0.000000000000000000e+00
