# itime ezz other fcc hcp bcc ico
0.000000000000000000e+00 0.000000000000000000e+00 0.000000000000000000e+00 1.000000000000000000e+00 0.000000000000000000e+00 0.000000000000000000e+00 0.000000000000000000e+00
2.500000000000000000e+02 9.999955991570885772e-04 0.000000000000000000e+00 1.000000000000000000e+00 0.000000000000000000e+00 0.000000000000000000e+00 0.000000000000000000e+00
5.000000000000000000e+02 1.999991198314177154e-03 0.000000000000000000e+00 1.000000000000000000e+00 0.000000000000000000e+00 0.000000000000000000e+00 0.000000000000000000e+00
7.500000000000000000e+02 2.999986797471487776e-03 0.000000000000000000e+00 1.000000000000000000e+00 0.000000000000000000e+00 0.000000000000000000e+00 0.000000000000000000e+00
1.000000000000000000e+03 3.999982396628576353e-03 0.000000000000000000e+00 1.000000000000000000e+00 0.000000000000000000e+00 0.000000000000000000e+00 0.000000000000000000e+00
1.250000000000000000e+03 4.999977995785664930e-03 0.000000000000000000e+00 1.000000000000000000e+00 0.000000000000000000e+00 0.000000000000000000e+00 0.000000000000000000e+00
1.500000000000000000e+03 5.999973594942753508e-03 0.000000000000000000e+00 1.000000000000000000e+00 0.000000000000000000e+00 0.000000000000000000e+00 0.000000000000000000e+00
1.750000000000000000e+03 6.999969194099842085e-03 0.000000000000000000e+00 1.000000000000000000e+00 0.000000000000000000e+00 0.000000000000000000e+00 0.000000000000000000e+00
2.000000000000000000e+03 7.999964793256930662e-03 0.000000000000000000e+00 1.000000000000000000e+00 0.000000000000000000e+00 0.000000000000000000e+00 0.000000000000000000e+00
2.250000000000000000e+03 8.999960392414241284e-03 0.000000000000000000e+00 1.000000000000000000e+00 0.000000000000000000e+00 0.000000000000000000e+00 0.000000000000000000e+00
2.500000000000000000e+03 9.999955991571329861e-03 0.000000000000000000e+00 1.000000000000000000e+00 0.000000000000000000e+00 0.000000000000000000e+00 0.000000000000000000e+00
2.750000000000000000e+03 1.099995159072841844e-02 0.000000000000000000e+00 1.000000000000000000e+00 0.000000000000000000e+00 0.000000000000000000e+00 0.000000000000000000e+00
3.000000000000000000e+03 1.199994718988550702e-02 0.000000000000000000e+00 1.000000000000000000e+00 0.000000000000000000e+00 0.000000000000000000e+00 0.000000000000000000e+00
3.250000000000000000e+03 1.299994278904259559e-02 0.000000000000000000e+00 1.000000000000000000e+00 0.000000000000000000e+00 0.000000000000000000e+00 0.000000000000000000e+00
3.500000000000000000e+03 1.399993838819968417e-02 0.000000000000000000e+00 1.000000000000000000e+00 0.000000000000000000e+00 0.000000000000000000e+00 0.000000000000000000e+00
3.750000000000000000e+03 1.499993398735699479e-02 0.000000000000000000e+00 1.000000000000000000e+00 0.000000000000000000e+00 0.000000000000000000e+00 0.000000000000000000e+00
4.000000000000000000e+03 1.599992958651408337e-02 0.000000000000000000e+00 1.000000000000000000e+00 0.000000000000000000e+00 0.000000000000000000e+00 0.000000000000000000e+00
4.250000000000000000e+03 1.699992518567117195e-02 0.000000000000000000e+00 1.000000000000000000e+00 0.000000000000000000e+00 0.000000000000000000e+00 0.000000000000000000e+00
4.500000000000000000e+03 1.799992078482826052e-02 0.000000000000000000e+00 1.000000000000000000e+00 0.000000000000000000e+00 0.000000000000000000e+00 0.000000000000000000e+00
4.750000000000000000e+03 1.899991638398534910e-02 0.000000000000000000e+00 1.000000000000000000e+00 0.000000000000000000e+00 0.000000000000000000e+00 0.000000000000000000e+00
5.000000000000000000e+03 1.999991198314243768e-02 0.000000000000000000e+00 1.000000000000000000e+00 0.000000000000000000e+00 0.000000000000000000e+00 0.000000000000000000e+00
5.250000000000000000e+03 2.099990758229974830e-02 0.000000000000000000e+00 1.000000000000000000e+00 0.000000000000000000e+00 0.000000000000000000e+00 0.000000000000000000e+00
5.500000000000000000e+03 2.199990318145683688e-02 0.000000000000000000e+00 1.000000000000000000e+00 0.000000000000000000e+00 0.000000000000000000e+00 0.000000000000000000e+00
5.750000000000000000e+03 2.299989878061392545e-02 0.000000000000000000e+00 1.000000000000000000e+00 0.000000000000000000e+00 0.000000000000000000e+00 0.000000000000000000e+00
6.000000000000000000e+03 2.399989437977101403e-02 0.000000000000000000e+00 1.000000000000000000e+00 0.000000000000000000e+00 0.000000000000000000e+00 0.000000000000000000e+00
6.250000000000000000e+03 2.499988997892810261e-02 0.000000000000000000e+00 1.000000000000000000e+00 0.000000000000000000e+00 0.000000000000000000e+00 0.000000000000000000e+00
6.500000000000000000e+03 2.599988557808519118e-02 0.000000000000000000e+00 1.000000000000000000e+00 0.000000000000000000e+00 0.000000000000000000e+00 0.000000000000000000e+00
6.750000000000000000e+03 2.699988117724250181e-02 0.000000000000000000e+00 1.000000000000000000e+00 0.000000000000000000e+00 0.000000000000000000e+00 0.000000000000000000e+00
7.000000000000000000e+03 2.799987677639959038e-02 0.000000000000000000e+00 1.000000000000000000e+00 0.000000000000000000e+00 0.000000000000000000e+00 0.000000000000000000e+00
7.250000000000000000e+03 2.899987237555667896e-02 0.000000000000000000e+00 1.000000000000000000e+00 0.000000000000000000e+00 0.000000000000000000e+00 0.000000000000000000e+00
7.500000000000000000e+03 2.999986797471376754e-02 0.000000000000000000e+00 1.000000000000000000e+00 0.000000000000000000e+00 0.000000000000000000e+00 0.000000000000000000e+00
7.750000000000000000e+03 3.099986357387085611e-02 0.000000000000000000e+00 1.000000000000000000e+00 0.000000000000000000e+00 0.000000000000000000e+00 0.000000000000000000e+00
8.000000000000000000e+03 3.199985917302794469e-02 0.000000000000000000e+00 1.000000000000000000e+00 0.000000000000000000e+00 0.000000000000000000e+00 0.000000000000000000e+00
8.250000000000000000e+03 3.299985477218525531e-02 0.000000000000000000e+00 1.000000000000000000e+00 0.000000000000000000e+00 0.000000000000000000e+00 0.000000000000000000e+00
8.500000000000000000e+03 3.399985037134234389e-02 0.000000000000000000e+00 1.000000000000000000e+00 0.000000000000000000e+00 0.000000000000000000e+00 0.000000000000000000e+00
8.750000000000000000e+03 3.499984597049943247e-02 0.000000000000000000e+00 1.000000000000000000e+00 0.000000000000000000e+00 0.000000000000000000e+00 0.000000000000000000e+00
9.000000000000000000e+03 3.599984156965652105e-02 0.000000000000000000e+00 1.000000000000000000e+00 0.000000000000000000e+00 0.000000000000000000e+00 0.000000000000000000e+00
9.250000000000000000e+03 3.699983716881360962e-02 0.000000000000000000e+00 1.000000000000000000e+00 0.000000000000000000e+00 0.000000000000000000e+00 0.000000000000000000e+00
9.500000000000000000e+03 3.799983276797069820e-02 0.000000000000000000e+00 1.000000000000000000e+00 0.000000000000000000e+00 0.000000000000000000e+00 0.000000000000000000e+00
9.750000000000000000e+03 3.899982836712800882e-02 0.000000000000000000e+00 1.000000000000000000e+00 0.000000000000000000e+00 0.000000000000000000e+00 0.000000000000000000e+00
1.000000000000000000e+04 3.999982396628509740e-02 0.000000000000000000e+00 1.000000000000000000e+00 0.000000000000000000e+00 0.000000000000000000e+00 0.000000000000000000e+00
1.025000000000000000e+04 4.099981956544218598e-02 0.000000000000000000e+00 1.000000000000000000e+00 0.000000000000000000e+00 0.000000000000000000e+00 0.000000000000000000e+00
1.050000000000000000e+04 4.199981516459927455e-02 0.000000000000000000e+00 1.000000000000000000e+00 0.000000000000000000e+00 0.000000000000000000e+00 0.000000000000000000e+00
1.075000000000000000e+04 4.299981076375636313e-02 0.000000000000000000e+00 1.000000000000000000e+00 0.000000000000000000e+00 0.000000000000000000e+00 0.000000000000000000e+00
1.100000000000000000e+04 4.399980636291345171e-02 0.000000000000000000e+00 1.000000000000000000e+00 0.000000000000000000e+00 0.000000000000000000e+00 0.000000000000000000e+00
1.125000000000000000e+04 4.499980196207076233e-02 0.000000000000000000e+00 1.000000000000000000e+00 0.000000000000000000e+00 0.000000000000000000e+00 0.000000000000000000e+00
1.150000000000000000e+04 4.599979756122785091e-02 0.000000000000000000e+00 1.000000000000000000e+00 0.000000000000000000e+00 0.000000000000000000e+00 0.000000000000000000e+00
1.175000000000000000e+04 4.699979316038493948e-02 2.275830678197542133e-04 9.997724169321802190e-01 0.000000000000000000e+00 0.000000000000000000e+00 0.000000000000000000e+00
1.200000000000000000e+04 4.799978875954202806e-02 0.000000000000000000e+00 1.000000000000000000e+00 0.000000000000000000e+00 0.000000000000000000e+00 0.000000000000000000e+00
1.225000000000000000e+04 4.899978435869911664e-02 0.000000000000000000e+00 1.000000000000000000e+00 0.000000000000000000e+00 0.000000000000000000e+00 0.000000000000000000e+00
1.250000000000000000e+04 4.999977995785642726e-02 0.000000000000000000e+00 1.000000000000000000e+00 0.000000000000000000e+00 0.000000000000000000e+00 0.000000000000000000e+00
1.275000000000000000e+04 5.099977555701351584e-02 0.000000000000000000e+00 1.000000000000000000e+00 0.000000000000000000e+00 0.000000000000000000e+00 0.000000000000000000e+00
1.300000000000000000e+04 5.199977115617060441e-02 0.000000000000000000e+00 1.000000000000000000e+00 0.000000000000000000e+00 0.000000000000000000e+00 0.000000000000000000e+00
1.325000000000000000e+04 5.299976675532769299e-02 0.000000000000000000e+00 1.000000000000000000e+00 0.000000000000000000e+00 0.000000000000000000e+00 0.000000000000000000e+00
1.350000000000000000e+04 5.399976235448478157e-02 0.000000000000000000e+00 1.000000000000000000e+00 0.000000000000000000e+00 0.000000000000000000e+00 0.000000000000000000e+00
1.375000000000000000e+04 5.499975795364187015e-02 0.000000000000000000e+00 1.000000000000000000e+00 0.000000000000000000e+00 0.000000000000000000e+00 0.000000000000000000e+00
1.400000000000000000e+04 5.599975355279918077e-02 0.000000000000000000e+00 1.000000000000000000e+00 0.000000000000000000e+00 0.000000000000000000e+00 0.000000000000000000e+00
1.425000000000000000e+04 5.699974915195626934e-02 0.000000000000000000e+00 1.000000000000000000e+00 0.000000000000000000e+00 0.000000000000000000e+00 0.000000000000000000e+00
1.450000000000000000e+04 5.799974475111335792e-02 0.000000000000000000e+00 1.000000000000000000e+00 0.000000000000000000e+00 0.000000000000000000e+00 0.000000000000000000e+00
1.475000000000000000e+04 5.899974035027044650e-02 0.000000000000000000e+00 1.000000000000000000e+00 0.000000000000000000e+00 0.000000000000000000e+00 0.000000000000000000e+00
1.500000000000000000e+04 5.999973594942753508e-02 0.000000000000000000e+00 1.000000000000000000e+00 0.000000000000000000e+00 0.000000000000000000e+00 0.000000000000000000e+00
1.525000000000000000e+04 6.099973154858462365e-02 0.000000000000000000e+00 1.000000000000000000e+00 0.000000000000000000e+00 0.000000000000000000e+00 0.000000000000000000e+00
1.550000000000000000e+04 6.199972714774193427e-02 0.000000000000000000e+00 1.000000000000000000e+00 0.000000000000000000e+00 0.000000000000000000e+00 0.000000000000000000e+00
1.575000000000000000e+04 6.299972274689902285e-02 0.000000000000000000e+00 1.000000000000000000e+00 0.000000000000000000e+00 0.000000000000000000e+00 0.000000000000000000e+00
1.600000000000000000e+04 6.399971834605611143e-02 0.000000000000000000e+00 1.000000000000000000e+00 0.000000000000000000e+00 0.000000000000000000e+00 0.000000000000000000e+00
1.625000000000000000e+04 6.499971394521320001e-02 0.000000000000000000e+00 1.000000000000000000e+00 0.000000000000000000e+00 0.000000000000000000e+00 0.000000000000000000e+00
1.650000000000000000e+04 6.599970954437028858e-02 0.000000000000000000e+00 1.000000000000000000e+00 0.000000000000000000e+00 0.000000000000000000e+00 0.000000000000000000e+00
1.675000000000000000e+04 6.699970514352737716e-02 0.000000000000000000e+00 1.000000000000000000e+00 0.000000000000000000e+00 0.000000000000000000e+00 0.000000000000000000e+00
1.700000000000000000e+04 6.799970074268468778e-02 0.000000000000000000e+00 1.000000000000000000e+00 0.000000000000000000e+00 0.000000000000000000e+00 0.000000000000000000e+00
1.725000000000000000e+04 6.899969634184177636e-02 4.551661356395084266e-04 9.995448338643604380e-01 0.000000000000000000e+00 0.000000000000000000e+00 0.000000000000000000e+00
1.750000000000000000e+04 6.999969194099886494e-02 0.000000000000000000e+00 1.000000000000000000e+00 0.000000000000000000e+00 0.000000000000000000e+00 0.000000000000000000e+00
1.775000000000000000e+04 7.099968754015595351e-02 0.000000000000000000e+00 1.000000000000000000e+00 0.000000000000000000e+00 0.000000000000000000e+00 0.000000000000000000e+00
1.800000000000000000e+04 7.199968313931304209e-02 0.000000000000000000e+00 1.000000000000000000e+00 0.000000000000000000e+00 0.000000000000000000e+00 0.000000000000000000e+00
1.825000000000000000e+04 7.299967873847013067e-02 0.000000000000000000e+00 1.000000000000000000e+00 0.000000000000000000e+00 0.000000000000000000e+00 0.000000000000000000e+00
1.850000000000000000e+04 7.399967433762744129e-02 3.413746017296313199e-04 9.996586253982703285e-01 0.000000000000000000e+00 0.000000000000000000e+00 0.000000000000000000e+00
1.875000000000000000e+04 7.499966993678452987e-02 0.000000000000000000e+00 1.000000000000000000e+00 0.000000000000000000e+00 0.000000000000000000e+00 0.000000000000000000e+00
1.900000000000000000e+04 7.599966553594161844e-02 5.689576695493854790e-04 9.994310423304506585e-01 0.000000000000000000e+00 0.000000000000000000e+00 0.000000000000000000e+00
1.925000000000000000e+04 7.699966113509870702e-02 2.275830678197542133e-04 9.997724169321802190e-01 0.000000000000000000e+00 0.000000000000000000e+00 0.000000000000000000e+00
1.950000000000000000e+04 7.799965673425579560e-02 0.000000000000000000e+00 1.000000000000000000e+00 0.000000000000000000e+00 0.000000000000000000e+00 0.000000000000000000e+00
1.975000000000000000e+04 7.899965233341288418e-02 3.413746017296313199e-04 9.996586253982703285e-01 0.000000000000000000e+00 0.000000000000000000e+00 0.000000000000000000e+00
2.000000000000000000e+04 7.999964793257019480e-02 1.137915339098771066e-04 9.998862084660901095e-01 0.000000000000000000e+00 0.000000000000000000e+00 0.000000000000000000e+00
2.025000000000000000e+04 8.099964353172728337e-02 9.103322712790168532e-04 9.989758761948110966e-01 0.000000000000000000e+00 1.137915339098771066e-04 0.000000000000000000e+00
2.050000000000000000e+04 8.199963913088437195e-02 4.551661356395084266e-04 9.995448338643604380e-01 0.000000000000000000e+00 0.000000000000000000e+00 0.000000000000000000e+00
2.075000000000000000e+04 8.299963473004146053e-02 4.551661356395084266e-04 9.993172507965407680e-01 0.000000000000000000e+00 2.275830678197542133e-04 0.000000000000000000e+00
2.100000000000000000e+04 8.399963032919854911e-02 0.000000000000000000e+00 1.000000000000000000e+00 0.000000000000000000e+00 0.000000000000000000e+00 0.000000000000000000e+00
2.125000000000000000e+04 8.499962592835563768e-02 6.827492034592626399e-04 9.993172507965407680e-01 0.000000000000000000e+00 0.000000000000000000e+00 0.000000000000000000e+00
2.150000000000000000e+04 8.599962152751294830e-02 2.275830678197542133e-04 9.997724169321802190e-01 0.000000000000000000e+00 0.000000000000000000e+00 0.000000000000000000e+00
2.175000000000000000e+04 8.699961712667003688e-02 2.275830678197542133e-04 9.997724169321802190e-01 0.000000000000000000e+00 0.000000000000000000e+00 0.000000000000000000e+00
2.200000000000000000e+04 8.799961272582712546e-02 4.551661356395084266e-04 9.995448338643604380e-01 0.000000000000000000e+00 0.000000000000000000e+00 0.000000000000000000e+00
2.225000000000000000e+04 8.899960832498421404e-02 3.413746017296313199e-04 9.995448338643604380e-01 0.000000000000000000e+00 1.137915339098771066e-04 0.000000000000000000e+00
2.250000000000000000e+04 8.999960392414130261e-02 1.137915339098770958e-03 9.988620846609012061e-01 0.000000000000000000e+00 0.000000000000000000e+00 0.000000000000000000e+00
2.275000000000000000e+04 9.099959952329839119e-02 1.365498406918525280e-03 9.986345015930814251e-01 0.000000000000000000e+00 0.000000000000000000e+00 0.000000000000000000e+00
2.300000000000000000e+04 9.199959512245570181e-02 1.593081474738279385e-03 9.984069185252617551e-01 0.000000000000000000e+00 0.000000000000000000e+00 0.000000000000000000e+00
2.325000000000000000e+04 9.299959072161279039e-02 1.706873008648156654e-03 9.979517523896221931e-01 0.000000000000000000e+00 3.413746017296313199e-04 0.000000000000000000e+00
2.350000000000000000e+04 9.399958632076987897e-02 1.479289940828402332e-03 9.984069185252617551e-01 0.000000000000000000e+00 1.137915339098771066e-04 0.000000000000000000e+00
2.375000000000000000e+04 9.499958191992696754e-02 1.593081474738279385e-03 9.984069185252617551e-01 0.000000000000000000e+00 0.000000000000000000e+00 0.000000000000000000e+00
2.400000000000000000e+04 9.599957751908405612e-02 2.048247610377787811e-03 9.979517523896221931e-01 0.000000000000000000e+00 0.000000000000000000e+00 0.000000000000000000e+00
2.425000000000000000e+04 9.699957311824136674e-02 1.137915339098770958e-03 9.986345015930814251e-01 0.000000000000000000e+00 2.275830678197542133e-04 0.000000000000000000e+00
2.450000000000000000e+04 9.799956871739845532e-02 2.275830678197541916e-03 9.974965862539827421e-01 0.000000000000000000e+00 2.275830678197542133e-04 0.000000000000000000e+00
2.475000000000000000e+04 9.899956431655554390e-02 2.730996813837050560e-03 9.972690031861629611e-01 0.000000000000000000e+00 0.000000000000000000e+00 0.000000000000000000e+00
2.500000000000000000e+04 9.999955991571263247e-02 2.275830678197541916e-03 9.977241693218024121e-01 0.000000000000000000e+00 0.000000000000000000e+00 0.000000000000000000e+00
2.525000000000000000e+04 1.009995555148697211e-01 2.162039144287664864e-03 9.976103777878926326e-01 0.000000000000000000e+00 2.275830678197542133e-04 0.000000000000000000e+00
2.550000000000000000e+04 1.019995511140268096e-01 3.299954483386436255e-03 9.965862539827037292e-01 0.000000000000000000e+00 1.137915339098771066e-04 0.000000000000000000e+00
2.575000000000000000e+04 1.029995467131841203e-01 5.120619025944469528e-03 9.945380063723259223e-01 0.000000000000000000e+00 3.413746017296313199e-04 0.000000000000000000e+00
2.600000000000000000e+04 1.039995423123412088e-01 2.730996813837050560e-03 9.970414201183431802e-01 0.000000000000000000e+00 2.275830678197542133e-04 0.000000000000000000e+00
2.625000000000000000e+04 1.049995379114982974e-01 5.575785161583977738e-03 9.939690487027764698e-01 0.000000000000000000e+00 4.551661356395084266e-04 0.000000000000000000e+00
2.650000000000000000e+04 1.059995335106553860e-01 8.306781975421027864e-03 9.911242603550295405e-01 0.000000000000000000e+00 5.689576695493854790e-04 0.000000000000000000e+00
2.675000000000000000e+04 1.069995291098124746e-01 7.851615839781519654e-03 9.918070095584888834e-01 0.000000000000000000e+00 3.413746017296313199e-04 0.000000000000000000e+00
2.700000000000000000e+04 1.079995247089695631e-01 1.046882111970869403e-02 9.879380974055530507e-01 0.000000000000000000e+00 1.593081474738279385e-03 0.000000000000000000e+00
2.725000000000000000e+04 1.089995203081268738e-01 1.183431952662721866e-02 9.846381429221665593e-01 0.000000000000000000e+00 3.527537551206190360e-03 0.000000000000000000e+00
2.750000000000000000e+04 1.099995159072839623e-01 7.259899863450158808e-02 7.586481565771506785e-01 0.000000000000000000e+00 1.687528447883477334e-01 0.000000000000000000e+00
2.775000000000000000e+04 1.109995115064410509e-01 1.609012289485662328e-01 2.954028220300409791e-01 9.330905780609922637e-03 5.343650432407829332e-01 0.000000000000000000e+00
2.800000000000000000e+04 1.119995071055981395e-01 2.411242603550295960e-01 5.089895311788802390e-01 1.820664542558033672e-01 6.781975421028675621e-02 0.000000000000000000e+00
2.825000000000000000e+04 1.129995027047552281e-01 1.761492944924897552e-01 5.995675921711424161e-01 2.173418297678652578e-01 6.941283568502503235e-03 0.000000000000000000e+00
2.850000000000000000e+04 1.139994983039123166e-01 1.246017296313154249e-01 6.781975421028675344e-01 1.939007737824305910e-01 3.299954483386436255e-03 0.000000000000000000e+00
2.875000000000000000e+04 1.149994939030696273e-01 9.672280382339554228e-02 6.985662266727356018e-01 2.026627218934911323e-01 2.048247610377787811e-03 0.000000000000000000e+00
2.900000000000000000e+04 1.159994895022267158e-01 8.716431497496586467e-02 7.094902139280837572e-01 2.009558488848429691e-01 2.389622212107419402e-03 0.000000000000000000e+00
2.925000000000000000e+04 1.169994851013838044e-01 8.966772872098316416e-02 7.081247155211651823e-01 1.990213928083750528e-01 3.186162949476558769e-03 0.000000000000000000e+00
2.950000000000000000e+04 1.179994807005408930e-01 8.773327264451524776e-02 7.067592171142467183e-01 2.025489303595812418e-01 2.958579881656804664e-03 0.000000000000000000e+00
2.975000000000000000e+04 1.189994762996979816e-01 9.035047792444242387e-02 7.049385525716886924e-01 2.020937642239417353e-01 2.617205279927173507e-03 0.000000000000000000e+00
3.000000000000000000e+04 1.199994718988550702e-01 8.591260810195720798e-02 7.044833864360491305e-01 2.051661356395084179e-01 4.437869822485207214e-03 0.000000000000000000e+00
3.025000000000000000e+04 1.209994674980123808e-01 8.978152025489304078e-02 7.033454710969503365e-01 2.028903049613108855e-01 3.982703686845699004e-03 0.000000000000000000e+00
3.050000000000000000e+04 1.219994630971694693e-01 9.091943559399180697e-02 7.033454710969503365e-01 2.032316795630405015e-01 2.503413746017296455e-03 0.000000000000000000e+00
3.075000000000000000e+04 1.229994586963265579e-01 8.761948111060537114e-02 7.040282203004096795e-01 2.040282203004096517e-01 4.324078288575329727e-03 0.000000000000000000e+00
3.100000000000000000e+04 1.239994542954836465e-01 8.909877105143376719e-02 7.038006372325898985e-01 2.042558033682294050e-01 2.844788347746927612e-03 0.000000000000000000e+00
3.125000000000000000e+04 1.249994498946407351e-01 8.909877105143376719e-02 7.030040964952207760e-01 2.045971779699590487e-01 3.299954483386436255e-03 0.000000000000000000e+00
3.150000000000000000e+04 1.259994454937978237e-01 8.784706417842512438e-02 7.044833864360491305e-01 2.031178880291306388e-01 4.551661356395083832e-03 0.000000000000000000e+00
3.175000000000000000e+04 1.269994410929551343e-01 9.285389167045972336e-02 7.006144742831132977e-01 2.026627218934911323e-01 3.868912152935821518e-03 0.000000000000000000e+00
3.200000000000000000e+04 1.279994366921122229e-01 9.182976786527081992e-02 7.000455166135639562e-01 2.030040964952207483e-01 5.120619025944469528e-03 0.000000000000000000e+00
3.225000000000000000e+04 1.289994322912693114e-01 9.046426945835230049e-02 6.987938097405552718e-01 2.041420118343195145e-01 6.599908966772872511e-03 0.000000000000000000e+00
3.250000000000000000e+04 1.299994278904264000e-01 9.194355939918069653e-02 6.985662266727356018e-01 2.034592626308602548e-01 6.030951297223486815e-03 0.000000000000000000e+00
3.275000000000000000e+04 1.309994234895834886e-01 9.319526627218935322e-02 6.986800182066453813e-01 2.036868456986800080e-01 4.437869822485207214e-03 0.000000000000000000e+00
3.300000000000000000e+04 1.319994190887405772e-01 9.467455621301774926e-02 6.936731907146108655e-01 2.075557578516158408e-01 4.096495220755575623e-03 0.000000000000000000e+00
3.325000000000000000e+04 1.329994146878978878e-01 9.865725989986344480e-02 6.821802457897132577e-01 2.129039599453800558e-01 6.258534365043240920e-03 0.000000000000000000e+00
3.350000000000000000e+04 1.339994102870549764e-01 8.716431497496586467e-02 7.134729176149294805e-01 1.919663177059626746e-01 7.396449704142011444e-03 0.000000000000000000e+00
3.375000000000000000e+04 1.349994058862120649e-01 7.931269913518433634e-02 6.991351843422849432e-01 2.125625853436504398e-01 8.989531178880291046e-03 0.000000000000000000e+00
3.400000000000000000e+04 1.359994014853691535e-01 7.658170232134729749e-02 6.803595812471552318e-01 2.361174328629949970e-01 6.941283568502503235e-03 0.000000000000000000e+00
3.425000000000000000e+04 1.369993970845262421e-01 7.294037323623121793e-02 6.836595357305416121e-01 2.387346381429221731e-01 4.665452890304961318e-03 0.000000000000000000e+00
3.450000000000000000e+04 1.379993926836833307e-01 7.328174783796086167e-02 6.895766954938552518e-01 2.337278106508875741e-01 3.413746017296313308e-03 0.000000000000000000e+00
3.475000000000000000e+04 1.389993882828406413e-01 7.259899863450158808e-02 6.900318616294948137e-01 2.332726445152480677e-01 4.096495220755575623e-03 0.000000000000000000e+00
3.500000000000000000e+04 1.399993838819977299e-01 7.328174783796086167e-02 6.873008648156576639e-01 2.317933545744196577e-01 7.624032771961766417e-03 0.000000000000000000e+00
3.525000000000000000e+04 1.409993794811548184e-01 6.952662721893490549e-02 6.902594446973144837e-01 2.332726445152480677e-01 6.941283568502503235e-03 0.000000000000000000e+00
3.550000000000000000e+04 1.419993750803119070e-01 6.986800182066454923e-02 6.904870277651342647e-01 2.340691852526172179e-01 5.575785161583977738e-03 0.000000000000000000e+00
3.575000000000000000e+04 1.429993706794689956e-01 7.203004096495220498e-02 6.903732362312243742e-01 2.337278106508875741e-01 3.868912152935821518e-03 0.000000000000000000e+00
3.600000000000000000e+04 1.439993662786260842e-01 7.134729176149294527e-02 6.898042785616750328e-01 2.348657259899863403e-01 3.982703686845699004e-03 0.000000000000000000e+00
3.625000000000000000e+04 1.449993618777833948e-01 7.237141556668183484e-02 6.900318616294948137e-01 2.337278106508875741e-01 3.868912152935821518e-03 0.000000000000000000e+00
3.650000000000000000e+04 1.459993574769404834e-01 7.328174783796086167e-02 6.892353208921255803e-01 2.330450614474283144e-01 4.437869822485207214e-03 0.000000000000000000e+00
3.675000000000000000e+04 1.469993530760975720e-01 7.089212562585343880e-02 6.903732362312243742e-01 2.350933090578060936e-01 3.641329085116067413e-03 0.000000000000000000e+00
3.700000000000000000e+04 1.479993486752546605e-01 7.294037323623121793e-02 6.874146563495675544e-01 2.350933090578060936e-01 4.551661356395083832e-03 0.000000000000000000e+00
3.725000000000000000e+04 1.489993442744117491e-01 7.180245789713245175e-02 6.898042785616750328e-01 2.341829767865270806e-01 4.210286754665453109e-03 0.000000000000000000e+00
3.750000000000000000e+04 1.499993398735690597e-01 7.134729176149294527e-02 6.895766954938552518e-01 2.352071005917159841e-01 3.868912152935821518e-03 0.000000000000000000e+00
3.775000000000000000e+04 1.509993354727261483e-01 7.316795630405098505e-02 6.883249886208465673e-01 2.355484751934456000e-01 2.958579881656804664e-03 0.000000000000000000e+00
3.800000000000000000e+04 1.519993310718832369e-01 7.430587164314975124e-02 6.882111970869366768e-01 2.348657259899863403e-01 2.617205279927173507e-03 0.000000000000000000e+00
3.825000000000000000e+04 1.529993266710403255e-01 6.975421028675465873e-02 6.904870277651342647e-01 2.355484751934456000e-01 4.210286754665453109e-03 0.000000000000000000e+00
3.850000000000000000e+04 1.539993222701974140e-01 7.282658170232134132e-02 6.868456986800182129e-01 2.364588074647246130e-01 3.868912152935821518e-03 0.000000000000000000e+00
3.875000000000000000e+04 1.549993178693545026e-01 7.214383249886208160e-02 6.875284478834774449e-01 2.368001820664542567e-01 3.527537551206190360e-03 0.000000000000000000e+00
3.900000000000000000e+04 1.559993134685118132e-01 7.282658170232134132e-02 6.868456986800182129e-01 2.365725989986345035e-01 3.755120619025944465e-03 0.000000000000000000e+00
3.925000000000000000e+04 1.569993090676689018e-01 7.350933090578061491e-02 6.876422394173873354e-01 2.356622667273554905e-01 3.186162949476558769e-03 0.000000000000000000e+00
3.950000000000000000e+04 1.579993046668259904e-01 7.248520710059171146e-02 6.877560309512972259e-01 2.361174328629949970e-01 3.641329085116067413e-03 0.000000000000000000e+00
3.975000000000000000e+04 1.589993002659830790e-01 7.305416477014110843e-02 6.871870732817478844e-01 2.365725989986345035e-01 3.186162949476558769e-03 0.000000000000000000e+00
4.000000000000000000e+04 1.599992958651401675e-01 7.294037323623121793e-02 6.854802002730996380e-01 2.375967228038234069e-01 3.982703686845699004e-03 0.000000000000000000e+00
4.025000000000000000e+04 1.609992914642972561e-01 7.464724624487938109e-02 6.855939918070095285e-01 2.358898497951752438e-01 3.868912152935821518e-03 0.000000000000000000e+00
4.050000000000000000e+04 1.619992870634545667e-01 7.589895311788802390e-02 6.851388256713700775e-01 2.364588074647246130e-01 2.503413746017296455e-03 0.000000000000000000e+00
4.075000000000000000e+04 1.629992826626116553e-01 7.669549385525717411e-02 6.838871187983613931e-01 2.358898497951752438e-01 3.527537551206190360e-03 0.000000000000000000e+00
4.100000000000000000e+04 1.639992782617687439e-01 7.589895311788802390e-02 6.846836595357305155e-01 2.357760582612653533e-01 3.641329085116067413e-03 0.000000000000000000e+00
4.125000000000000000e+04 1.649992738609258325e-01 7.646791078743742087e-02 6.809285389167045732e-01 2.394173873463814328e-01 3.186162949476558769e-03 0.000000000000000000e+00
4.150000000000000000e+04 1.659992694600829211e-01 7.703686845698680397e-02 6.845698680018206250e-01 2.352071005917159841e-01 3.186162949476558769e-03 0.000000000000000000e+00
4.175000000000000000e+04 1.669992650592400096e-01 8.568502503413745475e-02 7.280382339553936877e-01 1.825216203914428736e-01 3.755120619025944465e-03 0.000000000000000000e+00
4.200000000000000000e+04 1.679992606583973203e-01 8.796085571233500100e-02 7.624032771961766208e-01 1.458807464724624359e-01 3.755120619025944465e-03 0.000000000000000000e+00
4.225000000000000000e+04 1.689992562575544088e-01 7.794720072826581692e-02 7.645653163404643182e-01 1.531634046426945950e-01 4.324078288575329727e-03 0.000000000000000000e+00
4.250000000000000000e+04 1.699992518567114974e-01 7.385070550751024476e-02 7.536413290851160518e-01 1.687528447883477334e-01 3.755120619025944465e-03 0.000000000000000000e+00
4.275000000000000000e+04 1.709992474558685860e-01 6.486117432862995025e-02 7.690031861629494925e-01 1.631770596267637652e-01 2.958579881656804664e-03 0.000000000000000000e+00
4.300000000000000000e+04 1.719992430550256746e-01 5.883022303140646170e-02 7.754893035958124736e-01 1.618115612198452458e-01 3.868912152935821518e-03 0.000000000000000000e+00
4.325000000000000000e+04 1.729992386541827631e-01 5.700955848884842886e-02 7.707100591715976279e-01 1.701183431952662806e-01 2.162039144287664864e-03 0.000000000000000000e+00
4.350000000000000000e+04 1.739992342533400738e-01 5.814747382794720199e-02 7.655894401456531106e-01 1.727355484751934567e-01 3.527537551206190360e-03 0.000000000000000000e+00
4.375000000000000000e+04 1.749992298524971623e-01 5.780609922621757213e-02 7.677514792899408080e-01 1.717114246700045532e-01 2.730996813837050560e-03 0.000000000000000000e+00
4.400000000000000000e+04 1.759992254516542509e-01 5.632680928538916915e-02 7.701411015020482864e-01 1.711424670004551563e-01 2.389622212107419402e-03 0.000000000000000000e+00
4.425000000000000000e+04 1.769992210508113395e-01 5.621301775147929253e-02 7.692307692307692735e-01 1.712562585343650468e-01 3.299954483386436255e-03 0.000000000000000000e+00
4.450000000000000000e+04 1.779992166499684281e-01 5.757851615839781195e-02 7.676376877560309175e-01 1.721665908056440597e-01 2.617205279927173507e-03 0.000000000000000000e+00
4.475000000000000000e+04 1.789992122491255166e-01 5.598543468365953235e-02 7.703686845698679564e-01 1.711424670004551563e-01 2.503413746017296455e-03 0.000000000000000000e+00
4.500000000000000000e+04 1.799992078482828273e-01 5.473372781065088954e-02 7.682066454255803700e-01 1.730769230769230727e-01 3.982703686845699004e-03 0.000000000000000000e+00
4.525000000000000000e+04 1.809992034474399158e-01 5.826126536185707860e-02 7.675238962221210270e-01 1.715976331360946627e-01 2.617205279927173507e-03 0.000000000000000000e+00
4.550000000000000000e+04 1.819991990465970044e-01 5.723714155666818210e-02 7.657032316795630011e-01 1.723941738734638129e-01 4.665452890304961318e-03 0.000000000000000000e+00
4.575000000000000000e+04 1.829991946457540930e-01 5.791989076012744875e-02 7.659308147473827821e-01 1.729631315430132099e-01 3.186162949476558769e-03 0.000000000000000000e+00
4.600000000000000000e+04 1.839991902449111816e-01 5.780609922621757213e-02 7.651342740100136597e-01 1.746700045516613453e-01 2.389622212107419402e-03 0.000000000000000000e+00
4.625000000000000000e+04 1.849991858440682702e-01 5.678197542102867562e-02 7.641101502048247562e-01 1.759217114246700020e-01 3.186162949476558769e-03 0.000000000000000000e+00
4.650000000000000000e+04 1.859991814432255808e-01 5.735093309057805872e-02 7.677514792899408080e-01 1.711424670004551563e-01 3.755120619025944465e-03 0.000000000000000000e+00
4.675000000000000000e+04 1.869991770423826694e-01 5.985434683659535821e-02 7.657032316795630011e-01 1.714838416021848000e-01 2.958579881656804664e-03 0.000000000000000000e+00
4.700000000000000000e+04 1.879991726415397579e-01 5.780609922621757213e-02 7.627446517979061813e-01 1.750113791533909890e-01 4.437869822485207214e-03 0.000000000000000000e+00
4.725000000000000000e+04 1.889991682406968465e-01 5.826126536185707860e-02 7.638825671370049752e-01 1.746700045516613453e-01 3.186162949476558769e-03 0.000000000000000000e+00
4.750000000000000000e+04 1.899991638398539351e-01 5.962676376877560497e-02 7.629722348657259623e-01 1.733045061447428259e-01 4.096495220755575623e-03 0.000000000000000000e+00
4.775000000000000000e+04 1.909991594390110237e-01 5.883022303140646170e-02 7.631998179335457433e-01 1.750113791533909890e-01 2.958579881656804664e-03 0.000000000000000000e+00
4.800000000000000000e+04 1.919991550381683343e-01 5.666818388711879900e-02 7.621756941283568398e-01 1.752389622212107423e-01 5.917159763313609329e-03 0.000000000000000000e+00
4.825000000000000000e+04 1.929991506373254229e-01 5.666818388711879900e-02 7.637687756030950847e-01 1.733045061447428259e-01 6.258534365043240920e-03 0.000000000000000000e+00
4.850000000000000000e+04 1.939991462364825114e-01 5.712335002275830548e-02 7.657032316795630011e-01 1.730769230769230727e-01 4.096495220755575623e-03 0.000000000000000000e+00
4.875000000000000000e+04 1.949991418356396000e-01 6.167501137915339104e-02 7.611515703231679364e-01 1.734182976786527164e-01 3.755120619025944465e-03 0.000000000000000000e+00
4.900000000000000000e+04 1.959991374347966886e-01 5.917159763313609155e-02 7.624032771961766208e-01 1.734182976786527164e-01 5.006827492034592909e-03 0.000000000000000000e+00
4.925000000000000000e+04 1.969991330339539992e-01 5.951297223486572835e-02 7.603550295857988139e-01 1.755803368229403860e-01 4.551661356395083832e-03 0.000000000000000000e+00
4.950000000000000000e+04 1.979991286331110878e-01 5.962676376877560497e-02 7.595584888484296915e-01 1.756941283568502488e-01 5.120619025944469528e-03 0.000000000000000000e+00
4.975000000000000000e+04 1.989991242322681764e-01 6.030951297223486468e-02 7.572826581702321036e-01 1.772872098315885214e-01 5.120619025944469528e-03 0.000000000000000000e+00
5.000000000000000000e+04 1.999991198314252649e-01 5.860263996358670846e-02 7.605826126536185949e-01 1.741010468821119761e-01 6.713700500682749130e-03 0.000000000000000000e+00
5.025000000000000000e+04 2.009991154305823535e-01 6.065088757396449454e-02 7.576240327719617751e-01 1.771734182976786587e-01 4.551661356395083832e-03 0.000000000000000000e+00
5.050000000000000000e+04 2.019991110297394421e-01 5.894401456531633832e-02 7.601274465179790329e-01 1.762630860263996457e-01 4.665452890304961318e-03 0.000000000000000000e+00
5.075000000000000000e+04 2.029991066288967527e-01 6.269913518434228061e-02 7.561447428311333097e-01 1.764906690942193990e-01 4.665452890304961318e-03 0.000000000000000000e+00
5.100000000000000000e+04 2.039991022280538413e-01 6.087847064178425471e-02 7.537551206190259423e-01 1.795630405097860816e-01 5.803368229403732710e-03 0.000000000000000000e+00
5.125000000000000000e+04 2.049990978272109299e-01 6.395084205735093730e-02 7.502275830678197810e-01 1.812699135184342170e-01 4.551661356395083832e-03 0.000000000000000000e+00
5.150000000000000000e+04 2.059990934263680185e-01 6.565771506599908658e-02 7.465862539827037292e-01 1.828629949931725174e-01 4.893035958124715423e-03 0.000000000000000000e+00
5.175000000000000000e+04 2.069990890255251070e-01 6.486117432862995025e-02 7.496586253982703285e-01 1.793354574419663283e-01 6.144742831133363434e-03 0.000000000000000000e+00
5.200000000000000000e+04 2.079990846246821956e-01 6.235776058261265076e-02 7.510241238051889034e-01 1.818388711879836139e-01 4.779244424214838804e-03 0.000000000000000000e+00
5.225000000000000000e+04 2.089990802238395062e-01 6.531634046426945672e-02 7.487482931269913156e-01 1.811561219845243542e-01 4.779244424214838804e-03 0.000000000000000000e+00
5.250000000000000000e+04 2.099990758229965948e-01 6.451979972690032039e-02 7.494310423304506585e-01 1.805871643149749572e-01 5.461993627674101119e-03 0.000000000000000000e+00
5.275000000000000000e+04 2.109990714221536834e-01 6.474738279472007363e-02 7.489758761948110966e-01 1.819526627218935044e-01 4.324078288575329727e-03 0.000000000000000000e+00
5.300000000000000000e+04 2.119990670213107720e-01 6.793354574419663283e-02 7.430587164314974569e-01 1.849112426035502965e-01 4.096495220755575623e-03 0.000000000000000000e+00
5.325000000000000000e+04 2.129990626204678605e-01 6.770596267637687959e-02 7.437414656349567998e-01 1.832043695949021334e-01 5.348202093764223633e-03 0.000000000000000000e+00
5.350000000000000000e+04 2.139990582196249491e-01 6.827492034592626269e-02 7.418070095584888834e-01 1.851388256713700498e-01 4.779244424214838804e-03 0.000000000000000000e+00
5.375000000000000000e+04 2.149990538187822597e-01 6.861629494765589254e-02 7.403277196176604180e-01 1.849112426035502965e-01 6.144742831133363434e-03 0.000000000000000000e+00
5.400000000000000000e+04 2.159990494179393483e-01 6.884387801547564578e-02 7.393035958124715146e-01 1.858215748748293095e-01 6.030951297223486815e-03 0.000000000000000000e+00
5.425000000000000000e+04 2.169990450170964369e-01 6.884387801547564578e-02 7.401001365498406370e-01 1.866181156121984597e-01 4.437869822485207214e-03 0.000000000000000000e+00
5.450000000000000000e+04 2.179990406162535255e-01 6.850250341374601593e-02 7.443104233045061413e-01 1.818388711879836139e-01 5.348202093764223633e-03 0.000000000000000000e+00
5.475000000000000000e+04 2.189990362154106140e-01 6.952662721893490549e-02 7.420345926263085534e-01 1.828629949931725174e-01 5.575785161583977738e-03 0.000000000000000000e+00
5.500000000000000000e+04 2.199990318145677026e-01 6.429221665908056715e-02 7.546654528903049552e-01 1.739872553482020856e-01 7.055075102412380721e-03 0.000000000000000000e+00
5.525000000000000000e+04 2.209990274137250132e-01 6.781975421028675621e-02 7.514792899408283544e-01 1.758079198907601393e-01 4.893035958124715423e-03 0.000000000000000000e+00
5.550000000000000000e+04 2.219990230128821018e-01 6.554392353208920996e-02 7.525034137460172579e-01 1.762630860263996457e-01 5.689576695493855224e-03 0.000000000000000000e+00
5.575000000000000000e+04 2.229990186120391904e-01 6.690942193900774326e-02 7.522758306781975879e-01 1.744424214838415921e-01 6.372325898953117539e-03 0.000000000000000000e+00
5.600000000000000000e+04 2.239990142111962790e-01 6.463359126081019701e-02 7.563723258989530907e-01 1.743286299499317293e-01 4.665452890304961318e-03 0.000000000000000000e+00
5.625000000000000000e+04 2.249990098103533676e-01 6.816112881201638607e-02 7.559171597633136397e-01 1.713700500682749095e-01 4.551661356395083832e-03 0.000000000000000000e+00
5.650000000000000000e+04 2.259990054095104561e-01 6.656804733727811341e-02 7.583067819754210070e-01 1.688666363222576239e-01 6.258534365043240920e-03 0.000000000000000000e+00
5.675000000000000000e+04 2.269990010086677668e-01 6.986800182066454923e-02 7.522758306781975879e-01 1.727355484751934567e-01 5.120619025944469528e-03 0.000000000000000000e+00
