# itime ezz other fcc hcp bcc ico
0.000000000000000000e+00 0.000000000000000000e+00 0.000000000000000000e+00 1.000000000000000000e+00 0.000000000000000000e+00 0.000000000000000000e+00 0.000000000000000000e+00
2.500000000000000000e+03 9.999971387890216334e-03 0.000000000000000000e+00 1.000000000000000000e+00 0.000000000000000000e+00 0.000000000000000000e+00 0.000000000000000000e+00
5.000000000000000000e+03 1.999994277578065471e-02 0.000000000000000000e+00 1.000000000000000000e+00 0.000000000000000000e+00 0.000000000000000000e+00 0.000000000000000000e+00
7.500000000000000000e+03 2.999991416367087105e-02 0.000000000000000000e+00 1.000000000000000000e+00 0.000000000000000000e+00 0.000000000000000000e+00 0.000000000000000000e+00
1.000000000000000000e+04 3.999988555156130943e-02 0.000000000000000000e+00 1.000000000000000000e+00 0.000000000000000000e+00 0.000000000000000000e+00 0.000000000000000000e+00
1.250000000000000000e+04 4.999985693945152576e-02 0.000000000000000000e+00 1.000000000000000000e+00 0.000000000000000000e+00 0.000000000000000000e+00 0.000000000000000000e+00
1.500000000000000000e+04 5.999982832734196414e-02 0.000000000000000000e+00 1.000000000000000000e+00 0.000000000000000000e+00 0.000000000000000000e+00 0.000000000000000000e+00
1.750000000000000000e+04 6.999979971523218047e-02 0.000000000000000000e+00 1.000000000000000000e+00 0.000000000000000000e+00 0.000000000000000000e+00 0.000000000000000000e+00
2.000000000000000000e+04 7.999977110312261885e-02 4.551661356395084266e-04 9.995448338643604380e-01 0.000000000000000000e+00 0.000000000000000000e+00 0.000000000000000000e+00
2.250000000000000000e+04 8.999974249101283519e-02 1.365498406918525280e-03 9.986345015930814251e-01 0.000000000000000000e+00 0.000000000000000000e+00 0.000000000000000000e+00
2.500000000000000000e+04 9.999971387890305152e-02 1.365498406918525280e-03 9.986345015930814251e-01 0.000000000000000000e+00 0.000000000000000000e+00 0.000000000000000000e+00
2.750000000000000000e+04 1.099996852667934899e-01 3.903049613108784677e-02 9.218252162039144437e-01 0.000000000000000000e+00 3.914428766499772339e-02 0.000000000000000000e+00
3.000000000000000000e+04 1.199996566546837062e-01 4.119253527537550946e-02 8.119025944469731026e-01 1.454255803368229294e-01 1.479289940828402332e-03 0.000000000000000000e+00
3.250000000000000000e+04 1.299996280425741446e-01 4.176149294492489950e-02 8.121301775147928836e-01 1.449704142011834229e-01 1.137915339098770958e-03 0.000000000000000000e+00
3.500000000000000000e+04 1.399995994304643609e-01 4.164770141101502288e-02 8.117888029130633232e-01 1.455393718707328199e-01 1.024123805188893906e-03 0.000000000000000000e+00
3.750000000000000000e+04 1.499995708183547993e-01 4.062357760582612637e-02 8.133818843878015681e-01 1.449704142011834229e-01 1.024123805188893906e-03 0.000000000000000000e+00
4.000000000000000000e+04 1.599995422062450157e-01 4.107874374146563284e-02 8.128129267182521156e-01 1.450842057350933134e-01 1.024123805188893906e-03 0.000000000000000000e+00
4.250000000000000000e+04 1.699995135941354540e-01 4.096495220755575623e-02 8.144060081929904715e-01 1.444014565316340537e-01 2.275830678197542133e-04 0.000000000000000000e+00
4.500000000000000000e+04 1.799994849820256704e-01 6.508875739644970349e-02 7.837960855712334807e-01 1.498634501593081592e-01 1.251706873008648227e-03 0.000000000000000000e+00
4.750000000000000000e+04 1.899994563699158867e-01 7.669549385525717411e-02 7.550068274920346267e-01 1.663632225762403383e-01 1.934456076467910759e-03 0.000000000000000000e+00
5.000000000000000000e+04 1.999994277578063251e-01 7.043695949021393232e-02 7.625170687300865113e-01 1.624943104233045055e-01 4.551661356395083832e-03 0.000000000000000000e+00
5.250000000000000000e+04 2.099993991456965414e-01 6.235776058261265076e-02 7.840236686390532617e-01 1.513427401001365413e-01 2.275830678197541916e-03 0.000000000000000000e+00
5.500000000000000000e+04 2.199993705335869798e-01 6.747837960855712636e-02 7.828857532999544677e-01 1.486117432862995025e-01 1.024123805188893906e-03 0.000000000000000000e+00
5.750000000000000000e+04 2.299993419214771961e-01 7.737824305871643382e-02 7.446517979062358128e-01 1.774010013654984119e-01 5.689576695493854790e-04 0.000000000000000000e+00
6.000000000000000000e+04 2.399993133093676345e-01 7.715065999089668058e-02 7.564861174328629811e-01 1.651115157032316816e-01 1.251706873008648227e-03 0.000000000000000000e+00
6.250000000000000000e+04 2.499992846972578509e-01 7.885753299954482987e-02 7.672963131543013571e-01 1.530496131087847045e-01 7.965407373691396923e-04 0.000000000000000000e+00
6.500000000000000000e+04 2.599992560851482892e-01 7.453345471096950448e-02 7.682066454255803700e-01 1.529358215748748417e-01 4.324078288575329727e-03 0.000000000000000000e+00
6.750000000000000000e+04 2.699992274730385056e-01 8.010923987255348655e-02 7.705962676376877374e-01 1.471324533454710926e-01 2.162039144287664864e-03 0.000000000000000000e+00
7.000000000000000000e+04 2.799991988609287219e-01 9.979517523896222486e-02 7.193900773782430091e-01 1.775147928994082747e-01 3.299954483386436255e-03 0.000000000000000000e+00
7.250000000000000000e+04 2.899991702488191603e-01 1.009330905780609910e-01 7.160901228948566288e-01 1.799044151115156975e-01 3.072371415566681717e-03 0.000000000000000000e+00
7.500000000000000000e+04 2.999991416367093766e-01 1.037778789258079204e-01 7.104005461993627701e-01 1.834319526627218866e-01 2.389622212107419402e-03 0.000000000000000000e+00
7.750000000000000000e+04 3.099991130245998150e-01 1.082157487482931224e-01 7.069868001820664993e-01 1.812699135184342170e-01 3.527537551206190360e-03 0.000000000000000000e+00
8.000000000000000000e+04 3.199990844124900313e-01 1.132225762403277214e-01 7.005006827492034072e-01 1.828629949931725174e-01 3.413746017296313308e-03 0.000000000000000000e+00
8.250000000000000000e+04 3.299990558003804697e-01 1.112881201638598050e-01 6.925352753755120716e-01 1.944697314519799602e-01 1.706873008648156654e-03 0.000000000000000000e+00
8.500000000000000000e+04 3.399990271882706860e-01 1.231224396904870289e-01 6.673873463814292695e-01 2.030040964952207483e-01 6.486117432862995025e-03 0.000000000000000000e+00
8.750000000000000000e+04 3.499989985761611244e-01 1.161811561219845274e-01 6.997041420118342847e-01 1.809285389167046010e-01 3.186162949476558769e-03 0.000000000000000000e+00
9.000000000000000000e+04 3.599989699640513408e-01 1.202776513427400995e-01 6.901456531634045932e-01 1.859353664087392000e-01 3.641329085116067413e-03 0.000000000000000000e+00
9.250000000000000000e+04 3.699989413519417791e-01 1.277878925807919841e-01 6.965179790623577949e-01 1.719390077378243065e-01 3.755120619025944465e-03 0.000000000000000000e+00
9.500000000000000000e+04 3.799989127398319955e-01 1.264223941738734647e-01 6.933318161128811941e-01 1.775147928994082747e-01 2.730996813837050560e-03 0.000000000000000000e+00
9.750000000000000000e+04 3.899988841277224338e-01 1.301775147928994070e-01 6.876422394173873354e-01 1.786527082385070686e-01 3.527537551206190360e-03 0.000000000000000000e+00
1.000000000000000000e+05 3.999988555156124281e-01 1.539599453800637174e-01 6.738734638142922506e-01 1.642011834319526686e-01 7.965407373691398007e-03 0.000000000000000000e+00
1.025000000000000000e+05 4.099988269035030886e-01 1.354119253527537592e-01 7.016385980883022011e-01 1.587391898042785632e-01 4.210286754665453109e-03 0.000000000000000000e+00
1.050000000000000000e+05 4.199987982913930828e-01 1.055985434683659602e-01 7.441966317705962508e-01 1.471324533454710926e-01 3.072371415566681717e-03 0.000000000000000000e+00
1.075000000000000000e+05 4.299987696792837433e-01 1.063950842057350965e-01 7.430587164314974569e-01 1.484979517523896120e-01 2.048247610377787811e-03 0.000000000000000000e+00
1.100000000000000000e+05 4.399987410671737376e-01 1.092398725534820259e-01 7.390760127446518446e-01 1.469048702776513393e-01 4.779244424214838804e-03 0.000000000000000000e+00
1.125000000000000000e+05 4.499987124550643980e-01 9.899863450159307465e-02 7.540964952207556138e-01 1.456531634046426826e-01 1.251706873008648227e-03 0.000000000000000000e+00
1.150000000000000000e+05 4.599986838429543923e-01 1.007055075102412378e-01 7.522758306781975879e-01 1.455393718707328199e-01 1.479289940828402332e-03 0.000000000000000000e+00
1.175000000000000000e+05 4.699986552308450527e-01 1.002503413746017313e-01 7.514792899408283544e-01 1.471324533454710926e-01 1.137915339098770958e-03 0.000000000000000000e+00
1.200000000000000000e+05 4.799986266187350470e-01 1.021847974510696339e-01 7.501137915339098905e-01 1.470186618115612298e-01 6.827492034592626399e-04 0.000000000000000000e+00
1.225000000000000000e+05 4.899985980066257074e-01 1.022985889849795244e-01 7.489758761948110966e-01 1.478152025489303523e-01 9.103322712790168532e-04 0.000000000000000000e+00
1.250000000000000000e+05 4.999985693945157017e-01 1.041192535275375503e-01 7.457897132453344957e-01 1.486117432862995025e-01 1.479289940828402332e-03 0.000000000000000000e+00
1.275000000000000000e+05 5.099985407824061401e-01 1.108329540282202985e-01 7.407828857532999800e-01 1.469048702776513393e-01 1.479289940828402332e-03 0.000000000000000000e+00
1.300000000000000000e+05 5.199985121702963564e-01 1.109467455621301751e-01 7.399863450159308575e-01 1.472462448793809831e-01 1.820664542558033706e-03 0.000000000000000000e+00
1.325000000000000000e+05 5.299984835581867948e-01 1.135639508420573512e-01 7.373691397360035982e-01 1.472462448793809831e-01 1.820664542558033706e-03 0.000000000000000000e+00
1.350000000000000000e+05 5.399984549460767891e-01 1.214155666818388657e-01 7.239417387346381849e-01 1.512289485662266786e-01 3.413746017296313308e-03 0.000000000000000000e+00
1.375000000000000000e+05 5.499984263339674495e-01 1.459945380063723264e-01 6.811561219845243542e-01 1.695493855257168836e-01 3.299954483386436255e-03 0.000000000000000000e+00
1.400000000000000000e+05 5.599983977218574438e-01 1.500910332271279124e-01 6.720527992717342247e-01 1.739872553482020856e-01 3.868912152935821518e-03 0.000000000000000000e+00
1.425000000000000000e+05 5.699983691097481042e-01 1.861629494765589532e-01 6.470186618115612021e-01 1.610150204824760956e-01 5.803368229403732710e-03 0.000000000000000000e+00
1.450000000000000000e+05 5.799983404976380985e-01 1.809285389167046010e-01 6.487255348202093375e-01 1.663632225762403383e-01 3.982703686845699004e-03 0.000000000000000000e+00
1.475000000000000000e+05 5.899983118855287589e-01 1.752389622212107423e-01 6.506599908966772539e-01 1.693218024578971304e-01 4.779244424214838804e-03 0.000000000000000000e+00
1.500000000000000000e+05 5.999982832734187532e-01 1.828629949931725174e-01 6.412152935821574529e-01 1.715976331360946627e-01 4.324078288575329727e-03 0.000000000000000000e+00
1.525000000000000000e+05 6.099982546613094136e-01 1.754665452890304955e-01 6.566909421939007840e-01 1.621529358215748617e-01 5.689576695493855224e-03 0.000000000000000000e+00
1.550000000000000000e+05 6.199982260491994079e-01 1.660218479745106945e-01 6.645425580336823401e-01 1.656804733727810786e-01 3.755120619025944465e-03 0.000000000000000000e+00
1.575000000000000000e+05 6.299981974370900684e-01 1.632908511606736557e-01 6.791078743741465473e-01 1.497496586253982687e-01 7.851615839781519654e-03 0.000000000000000000e+00
1.600000000000000000e+05 6.399981688249800627e-01 1.566909421939007840e-01 6.832043695949021611e-01 1.548702776513427304e-01 5.234410559854347014e-03 0.000000000000000000e+00
1.625000000000000000e+05 6.499981402128707231e-01 1.640873918980427781e-01 6.788802913063267663e-01 1.515703231679562946e-01 5.461993627674101119e-03 0.000000000000000000e+00
1.650000000000000000e+05 6.599981116007607174e-01 1.668183887118798447e-01 6.758079198907601670e-01 1.521392808375056915e-01 5.234410559854347014e-03 0.000000000000000000e+00
1.675000000000000000e+05 6.699980829886513778e-01 1.764906690942193990e-01 6.560081929904415521e-01 1.635184342284934089e-01 3.982703686845699004e-03 0.000000000000000000e+00
1.700000000000000000e+05 6.799980543765413721e-01 1.811561219845243542e-01 6.500910332271279124e-01 1.637460172963131622e-01 5.006827492034592909e-03 0.000000000000000000e+00
1.725000000000000000e+05 6.899980257644318105e-01 1.730769230769230727e-01 6.609012289485661773e-01 1.624943104233045055e-01 3.527537551206190360e-03 0.000000000000000000e+00
1.750000000000000000e+05 6.999979971523220268e-01 1.745562130177514826e-01 6.615839781520255203e-01 1.611288120163859861e-01 2.730996813837050560e-03 0.000000000000000000e+00
1.775000000000000000e+05 7.099979685402124652e-01 1.903732362312244020e-01 6.399635867091488795e-01 1.643149749658625314e-01 5.348202093764223633e-03 0.000000000000000000e+00
1.800000000000000000e+05 7.199979399281024595e-01 2.000455166135639562e-01 6.342740100136550208e-01 1.579426490669094130e-01 7.737824305871643035e-03 0.000000000000000000e+00
1.825000000000000000e+05 7.299979113159931199e-01 2.080109239872553473e-01 6.286982248520710526e-01 1.543013199817933612e-01 8.989531178880291046e-03 0.000000000000000000e+00
1.850000000000000000e+05 7.399978827038831142e-01 2.051661356395084179e-01 6.304050978607191880e-01 1.585116067364588099e-01 5.917159763313609329e-03 0.000000000000000000e+00
1.875000000000000000e+05 7.499978540917737746e-01 2.024351388256713791e-01 6.339326354119253493e-01 1.548702776513427304e-01 8.761948111060537808e-03 0.000000000000000000e+00
1.900000000000000000e+05 7.599978254796637689e-01 2.005006827492034627e-01 6.352981338188439242e-01 1.548702776513427304e-01 9.330905780609922637e-03 0.000000000000000000e+00
1.925000000000000000e+05 7.699977968675544293e-01 1.768320436959490149e-01 6.686390532544378429e-01 1.467910787437414766e-01 7.737824305871643035e-03 0.000000000000000000e+00
1.950000000000000000e+05 7.799977682554444236e-01 1.776285844333181652e-01 6.634046426945835462e-01 1.516841147018661851e-01 7.282658170232134826e-03 0.000000000000000000e+00
1.975000000000000000e+05 7.899977396433350840e-01 1.686390532544378706e-01 6.874146563495675544e-01 1.412152935821574806e-01 2.730996813837050560e-03 0.000000000000000000e+00
2.000000000000000000e+05 7.999977110312250783e-01 1.502048247610377751e-01 7.024351388256713236e-01 1.453117888029130667e-01 2.048247610377787811e-03 0.000000000000000000e+00
2.025000000000000000e+05 8.099976824191157387e-01 1.516841147018661851e-01 7.006144742831132977e-01 1.461083295402822169e-01 1.593081474738279385e-03 0.000000000000000000e+00
2.050000000000000000e+05 8.199976538070057330e-01 1.504324078288575284e-01 6.990213928083750528e-01 1.481565771506599960e-01 2.389622212107419402e-03 0.000000000000000000e+00
2.075000000000000000e+05 8.299976251948963935e-01 1.538461538461538547e-01 6.931042330450614131e-01 1.502048247610377751e-01 2.844788347746927612e-03 0.000000000000000000e+00
2.100000000000000000e+05 8.399975965827863877e-01 1.516841147018661851e-01 6.931042330450614131e-01 1.517979062357760478e-01 3.413746017296313308e-03 0.000000000000000000e+00
2.125000000000000000e+05 8.499975679706770482e-01 1.525944469731451980e-01 6.945835229858898785e-01 1.497496586253982687e-01 3.072371415566681717e-03 0.000000000000000000e+00
2.150000000000000000e+05 8.599975393585670425e-01 1.499772416932180219e-01 6.960628129267182329e-01 1.508875739644970349e-01 3.072371415566681717e-03 0.000000000000000000e+00
2.175000000000000000e+05 8.699975107464577029e-01 1.512289485662266786e-01 6.931042330450614131e-01 1.517979062357760478e-01 3.868912152935821518e-03 0.000000000000000000e+00
2.200000000000000000e+05 8.799974821343476972e-01 1.594219390077378229e-01 6.869594902139281034e-01 1.491807009558488717e-01 4.437869822485207214e-03 0.000000000000000000e+00
2.225000000000000000e+05 8.899974535222381355e-01 1.504324078288575284e-01 6.626081019572144237e-01 1.846836595357305433e-01 2.275830678197541916e-03 0.000000000000000000e+00
2.250000000000000000e+05 8.999974249101281298e-01 1.517979062357760478e-01 6.591943559399180419e-01 1.874146563495675821e-01 1.593081474738279385e-03 0.000000000000000000e+00
2.275000000000000000e+05 9.099973962980187903e-01 1.591943559399180697e-01 6.529358215748748417e-01 1.842284934000910368e-01 3.641329085116067413e-03 0.000000000000000000e+00
2.300000000000000000e+05 9.199973676859087846e-01 1.657942649066909413e-01 6.312016385980883104e-01 1.981110605370960398e-01 4.893035958124715423e-03 0.000000000000000000e+00
2.325000000000000000e+05 9.299973390737994450e-01 1.701183431952662806e-01 6.263086026399635742e-01 1.970869367319071364e-01 6.486117432862995025e-03 0.000000000000000000e+00
2.350000000000000000e+05 9.399973104616894393e-01 1.852526172052799402e-01 6.176604460628128956e-01 1.941283568502503443e-01 2.958579881656804664e-03 0.000000000000000000e+00
2.375000000000000000e+05 9.499972818495800997e-01 1.933318161128811941e-01 6.292671825216203940e-01 1.747837960855712358e-01 2.617205279927173507e-03 0.000000000000000000e+00
2.400000000000000000e+05 9.599972532374700940e-01 1.926490669094219343e-01 6.301775147928994070e-01 1.744424214838415921e-01 2.730996813837050560e-03 0.000000000000000000e+00
2.425000000000000000e+05 9.699972246253607544e-01 1.951524806554392477e-01 6.266499772416932457e-01 1.742148384160218388e-01 3.982703686845699004e-03 0.000000000000000000e+00
2.450000000000000000e+05 9.799971960132507487e-01 1.957214383249886169e-01 6.240327719617660973e-01 1.762630860263996457e-01 3.982703686845699004e-03 0.000000000000000000e+00
2.475000000000000000e+05 9.899971674011414091e-01 2.027765134274009950e-01 6.182294037323623481e-01 1.766044606281292617e-01 2.389622212107419402e-03 0.000000000000000000e+00
2.500000000000000000e+05 9.999971387890314034e-01 2.221210741920801035e-01 5.986572598998634032e-01 1.752389622212107423e-01 3.982703686845699004e-03 0.000000000000000000e+00
