# itime ezz other fcc hcp bcc ico
0.000000000000000000e+00 0.000000000000000000e+00 0.000000000000000000e+00 1.000000000000000000e+00 0.000000000000000000e+00 0.000000000000000000e+00 0.000000000000000000e+00
5.000000000000000000e+02 1.999993367285402002e-03 0.000000000000000000e+00 1.000000000000000000e+00 0.000000000000000000e+00 0.000000000000000000e+00 0.000000000000000000e+00
1.000000000000000000e+03 3.999986734570804003e-03 0.000000000000000000e+00 1.000000000000000000e+00 0.000000000000000000e+00 0.000000000000000000e+00 0.000000000000000000e+00
1.500000000000000000e+03 5.999980101856206005e-03 0.000000000000000000e+00 1.000000000000000000e+00 0.000000000000000000e+00 0.000000000000000000e+00 0.000000000000000000e+00
2.000000000000000000e+03 7.999973469141608007e-03 0.000000000000000000e+00 1.000000000000000000e+00 0.000000000000000000e+00 0.000000000000000000e+00 0.000000000000000000e+00
2.500000000000000000e+03 9.999966836427010008e-03 0.000000000000000000e+00 1.000000000000000000e+00 0.000000000000000000e+00 0.000000000000000000e+00 0.000000000000000000e+00
3.000000000000000000e+03 1.199996020371241201e-02 0.000000000000000000e+00 1.000000000000000000e+00 0.000000000000000000e+00 0.000000000000000000e+00 0.000000000000000000e+00
3.500000000000000000e+03 1.399995357099781401e-02 0.000000000000000000e+00 1.000000000000000000e+00 0.000000000000000000e+00 0.000000000000000000e+00 0.000000000000000000e+00
4.000000000000000000e+03 1.599994693828321601e-02 0.000000000000000000e+00 1.000000000000000000e+00 0.000000000000000000e+00 0.000000000000000000e+00 0.000000000000000000e+00
4.500000000000000000e+03 1.799994030556861802e-02 0.000000000000000000e+00 1.000000000000000000e+00 0.000000000000000000e+00 0.000000000000000000e+00 0.000000000000000000e+00
5.000000000000000000e+03 1.999993367285402002e-02 0.000000000000000000e+00 1.000000000000000000e+00 0.000000000000000000e+00 0.000000000000000000e+00 0.000000000000000000e+00
5.500000000000000000e+03 2.199992704013942202e-02 0.000000000000000000e+00 1.000000000000000000e+00 0.000000000000000000e+00 0.000000000000000000e+00 0.000000000000000000e+00
6.000000000000000000e+03 2.399992040742482402e-02 0.000000000000000000e+00 1.000000000000000000e+00 0.000000000000000000e+00 0.000000000000000000e+00 0.000000000000000000e+00
6.500000000000000000e+03 2.599991377471022602e-02 0.000000000000000000e+00 1.000000000000000000e+00 0.000000000000000000e+00 0.000000000000000000e+00 0.000000000000000000e+00
7.000000000000000000e+03 2.799990714199540598e-02 0.000000000000000000e+00 1.000000000000000000e+00 0.000000000000000000e+00 0.000000000000000000e+00 0.000000000000000000e+00
7.500000000000000000e+03 2.999990050928080798e-02 0.000000000000000000e+00 1.000000000000000000e+00 0.000000000000000000e+00 0.000000000000000000e+00 0.000000000000000000e+00
8.000000000000000000e+03 3.199989387656620998e-02 0.000000000000000000e+00 1.000000000000000000e+00 0.000000000000000000e+00 0.000000000000000000e+00 0.000000000000000000e+00
8.500000000000000000e+03 3.399988724385161198e-02 0.000000000000000000e+00 1.000000000000000000e+00 0.000000000000000000e+00 0.000000000000000000e+00 0.000000000000000000e+00
9.000000000000000000e+03 3.599988061113701399e-02 0.000000000000000000e+00 1.000000000000000000e+00 0.000000000000000000e+00 0.000000000000000000e+00 0.000000000000000000e+00
9.500000000000000000e+03 3.799987397842241599e-02 0.000000000000000000e+00 1.000000000000000000e+00 0.000000000000000000e+00 0.000000000000000000e+00 0.000000000000000000e+00
1.000000000000000000e+04 3.999986734570781799e-02 0.000000000000000000e+00 1.000000000000000000e+00 0.000000000000000000e+00 0.000000000000000000e+00 0.000000000000000000e+00
1.050000000000000000e+04 4.199986071299321999e-02 0.000000000000000000e+00 1.000000000000000000e+00 0.000000000000000000e+00 0.000000000000000000e+00 0.000000000000000000e+00
1.100000000000000000e+04 4.399985408027862199e-02 0.000000000000000000e+00 1.000000000000000000e+00 0.000000000000000000e+00 0.000000000000000000e+00 0.000000000000000000e+00
1.150000000000000000e+04 4.599984744756402399e-02 0.000000000000000000e+00 1.000000000000000000e+00 0.000000000000000000e+00 0.000000000000000000e+00 0.000000000000000000e+00
1.200000000000000000e+04 4.799984081484942600e-02 0.000000000000000000e+00 1.000000000000000000e+00 0.000000000000000000e+00 0.000000000000000000e+00 0.000000000000000000e+00
1.250000000000000000e+04 4.999983418213482800e-02 0.000000000000000000e+00 1.000000000000000000e+00 0.000000000000000000e+00 0.000000000000000000e+00 0.000000000000000000e+00
1.300000000000000000e+04 5.199982754942023000e-02 0.000000000000000000e+00 1.000000000000000000e+00 0.000000000000000000e+00 0.000000000000000000e+00 0.000000000000000000e+00
1.350000000000000000e+04 5.399982091670563200e-02 0.000000000000000000e+00 1.000000000000000000e+00 0.000000000000000000e+00 0.000000000000000000e+00 0.000000000000000000e+00
1.400000000000000000e+04 5.599981428399103400e-02 0.000000000000000000e+00 1.000000000000000000e+00 0.000000000000000000e+00 0.000000000000000000e+00 0.000000000000000000e+00
1.450000000000000000e+04 5.799980765127643600e-02 0.000000000000000000e+00 1.000000000000000000e+00 0.000000000000000000e+00 0.000000000000000000e+00 0.000000000000000000e+00
1.500000000000000000e+04 5.999980101856183801e-02 0.000000000000000000e+00 1.000000000000000000e+00 0.000000000000000000e+00 0.000000000000000000e+00 0.000000000000000000e+00
1.550000000000000000e+04 6.199979438584724001e-02 0.000000000000000000e+00 1.000000000000000000e+00 0.000000000000000000e+00 0.000000000000000000e+00 0.000000000000000000e+00
1.600000000000000000e+04 6.399978775313264201e-02 0.000000000000000000e+00 1.000000000000000000e+00 0.000000000000000000e+00 0.000000000000000000e+00 0.000000000000000000e+00
1.650000000000000000e+04 6.599978112041804401e-02 0.000000000000000000e+00 1.000000000000000000e+00 0.000000000000000000e+00 0.000000000000000000e+00 0.000000000000000000e+00
1.700000000000000000e+04 6.799977448770344601e-02 0.000000000000000000e+00 1.000000000000000000e+00 0.000000000000000000e+00 0.000000000000000000e+00 0.000000000000000000e+00
1.750000000000000000e+04 6.999976785498884801e-02 0.000000000000000000e+00 1.000000000000000000e+00 0.000000000000000000e+00 0.000000000000000000e+00 0.000000000000000000e+00
1.800000000000000000e+04 7.199976122227425002e-02 0.000000000000000000e+00 1.000000000000000000e+00 0.000000000000000000e+00 0.000000000000000000e+00 0.000000000000000000e+00
1.850000000000000000e+04 7.399975458955965202e-02 3.413746017296313199e-04 9.996586253982703285e-01 0.000000000000000000e+00 0.000000000000000000e+00 0.000000000000000000e+00
1.900000000000000000e+04 7.599974795684505402e-02 5.689576695493854790e-04 9.994310423304506585e-01 0.000000000000000000e+00 0.000000000000000000e+00 0.000000000000000000e+00
1.950000000000000000e+04 7.799974132413045602e-02 0.000000000000000000e+00 1.000000000000000000e+00 0.000000000000000000e+00 0.000000000000000000e+00 0.000000000000000000e+00
2.000000000000000000e+04 7.999973469141585802e-02 1.137915339098771066e-04 9.998862084660901095e-01 0.000000000000000000e+00 0.000000000000000000e+00 0.000000000000000000e+00
2.050000000000000000e+04 8.199972805870103798e-02 4.551661356395084266e-04 9.995448338643604380e-01 0.000000000000000000e+00 0.000000000000000000e+00 0.000000000000000000e+00
2.100000000000000000e+04 8.399972142598643998e-02 0.000000000000000000e+00 1.000000000000000000e+00 0.000000000000000000e+00 0.000000000000000000e+00 0.000000000000000000e+00
2.150000000000000000e+04 8.599971479327184198e-02 2.275830678197542133e-04 9.997724169321802190e-01 0.000000000000000000e+00 0.000000000000000000e+00 0.000000000000000000e+00
2.200000000000000000e+04 8.799970816055724399e-02 4.551661356395084266e-04 9.995448338643604380e-01 0.000000000000000000e+00 0.000000000000000000e+00 0.000000000000000000e+00
2.250000000000000000e+04 8.999970152784264599e-02 1.137915339098770958e-03 9.988620846609012061e-01 0.000000000000000000e+00 0.000000000000000000e+00 0.000000000000000000e+00
2.300000000000000000e+04 9.199969489512804799e-02 1.593081474738279385e-03 9.984069185252617551e-01 0.000000000000000000e+00 0.000000000000000000e+00 0.000000000000000000e+00
2.350000000000000000e+04 9.399968826241344999e-02 1.479289940828402332e-03 9.984069185252617551e-01 0.000000000000000000e+00 1.137915339098771066e-04 0.000000000000000000e+00
2.400000000000000000e+04 9.599968162969885199e-02 2.048247610377787811e-03 9.979517523896221931e-01 0.000000000000000000e+00 0.000000000000000000e+00 0.000000000000000000e+00
2.450000000000000000e+04 9.799967499698425399e-02 2.275830678197541916e-03 9.974965862539827421e-01 0.000000000000000000e+00 2.275830678197542133e-04 0.000000000000000000e+00
2.500000000000000000e+04 9.999966836426965600e-02 2.275830678197541916e-03 9.977241693218024121e-01 0.000000000000000000e+00 0.000000000000000000e+00 0.000000000000000000e+00
2.550000000000000000e+04 1.019996617315550580e-01 3.299954483386436255e-03 9.965862539827037292e-01 0.000000000000000000e+00 1.137915339098771066e-04 0.000000000000000000e+00
2.600000000000000000e+04 1.039996550988404600e-01 2.730996813837050560e-03 9.970414201183431802e-01 0.000000000000000000e+00 2.275830678197542133e-04 0.000000000000000000e+00
2.650000000000000000e+04 1.059996484661258620e-01 8.306781975421027864e-03 9.911242603550295405e-01 0.000000000000000000e+00 5.689576695493854790e-04 0.000000000000000000e+00
2.700000000000000000e+04 1.079996418334112640e-01 1.046882111970869403e-02 9.879380974055530507e-01 0.000000000000000000e+00 1.593081474738279385e-03 0.000000000000000000e+00
2.750000000000000000e+04 1.099996352006966660e-01 7.259899863450158808e-02 7.586481565771506785e-01 0.000000000000000000e+00 1.687528447883477334e-01 0.000000000000000000e+00
2.800000000000000000e+04 1.119996285679820680e-01 2.411242603550295960e-01 5.089895311788802390e-01 1.820664542558033672e-01 6.781975421028675621e-02 0.000000000000000000e+00
2.850000000000000000e+04 1.139996219352674700e-01 1.246017296313154249e-01 6.781975421028675344e-01 1.939007737824305910e-01 3.299954483386436255e-03 0.000000000000000000e+00
2.900000000000000000e+04 1.159996153025528720e-01 8.716431497496586467e-02 7.094902139280837572e-01 2.009558488848429691e-01 2.389622212107419402e-03 0.000000000000000000e+00
2.950000000000000000e+04 1.179996086698382740e-01 8.773327264451524776e-02 7.067592171142467183e-01 2.025489303595812418e-01 2.958579881656804664e-03 0.000000000000000000e+00
3.000000000000000000e+04 1.199996020371236760e-01 8.591260810195720798e-02 7.044833864360491305e-01 2.051661356395084179e-01 4.437869822485207214e-03 0.000000000000000000e+00
3.050000000000000000e+04 1.219995954044090780e-01 9.091943559399180697e-02 7.033454710969503365e-01 2.032316795630405015e-01 2.503413746017296455e-03 0.000000000000000000e+00
3.100000000000000000e+04 1.239995887716944800e-01 8.909877105143376719e-02 7.038006372325898985e-01 2.042558033682294050e-01 2.844788347746927612e-03 0.000000000000000000e+00
3.150000000000000000e+04 1.259995821389798820e-01 8.784706417842512438e-02 7.044833864360491305e-01 2.031178880291306388e-01 4.551661356395083832e-03 0.000000000000000000e+00
3.200000000000000000e+04 1.279995755062652840e-01 9.182976786527081992e-02 7.000455166135639562e-01 2.030040964952207483e-01 5.120619025944469528e-03 0.000000000000000000e+00
3.250000000000000000e+04 1.299995688735506860e-01 9.194355939918069653e-02 6.985662266727356018e-01 2.034592626308602548e-01 6.030951297223486815e-03 0.000000000000000000e+00
3.300000000000000000e+04 1.319995622408360880e-01 9.467455621301774926e-02 6.936731907146108655e-01 2.075557578516158408e-01 4.096495220755575623e-03 0.000000000000000000e+00
3.350000000000000000e+04 1.339995556081214900e-01 8.716431497496586467e-02 7.134729176149294805e-01 1.919663177059626746e-01 7.396449704142011444e-03 0.000000000000000000e+00
3.400000000000000000e+04 1.359995489754068920e-01 7.658170232134729749e-02 6.803595812471552318e-01 2.361174328629949970e-01 6.941283568502503235e-03 0.000000000000000000e+00
3.450000000000000000e+04 1.379995423426920720e-01 7.328174783796086167e-02 6.895766954938552518e-01 2.337278106508875741e-01 3.413746017296313308e-03 0.000000000000000000e+00
3.500000000000000000e+04 1.399995357099774740e-01 7.328174783796086167e-02 6.873008648156576639e-01 2.317933545744196577e-01 7.624032771961766417e-03 0.000000000000000000e+00
3.550000000000000000e+04 1.419995290772628760e-01 6.986800182066454923e-02 6.904870277651342647e-01 2.340691852526172179e-01 5.575785161583977738e-03 0.000000000000000000e+00
3.600000000000000000e+04 1.439995224445482780e-01 7.134729176149294527e-02 6.898042785616750328e-01 2.348657259899863403e-01 3.982703686845699004e-03 0.000000000000000000e+00
3.650000000000000000e+04 1.459995158118336800e-01 7.328174783796086167e-02 6.892353208921255803e-01 2.330450614474283144e-01 4.437869822485207214e-03 0.000000000000000000e+00
3.700000000000000000e+04 1.479995091791190820e-01 7.294037323623121793e-02 6.874146563495675544e-01 2.350933090578060936e-01 4.551661356395083832e-03 0.000000000000000000e+00
3.750000000000000000e+04 1.499995025464044840e-01 7.134729176149294527e-02 6.895766954938552518e-01 2.352071005917159841e-01 3.868912152935821518e-03 0.000000000000000000e+00
3.800000000000000000e+04 1.519994959136898860e-01 7.430587164314975124e-02 6.882111970869366768e-01 2.348657259899863403e-01 2.617205279927173507e-03 0.000000000000000000e+00
3.850000000000000000e+04 1.539994892809752880e-01 7.282658170232134132e-02 6.868456986800182129e-01 2.364588074647246130e-01 3.868912152935821518e-03 0.000000000000000000e+00
3.900000000000000000e+04 1.559994826482606900e-01 7.282658170232134132e-02 6.868456986800182129e-01 2.365725989986345035e-01 3.755120619025944465e-03 0.000000000000000000e+00
3.950000000000000000e+04 1.579994760155460920e-01 7.248520710059171146e-02 6.877560309512972259e-01 2.361174328629949970e-01 3.641329085116067413e-03 0.000000000000000000e+00
4.000000000000000000e+04 1.599994693828314940e-01 7.294037323623121793e-02 6.854802002730996380e-01 2.375967228038234069e-01 3.982703686845699004e-03 0.000000000000000000e+00
4.050000000000000000e+04 1.619994627501168960e-01 7.589895311788802390e-02 6.851388256713700775e-01 2.364588074647246130e-01 2.503413746017296455e-03 0.000000000000000000e+00
4.100000000000000000e+04 1.639994561174022980e-01 7.589895311788802390e-02 6.846836595357305155e-01 2.357760582612653533e-01 3.641329085116067413e-03 0.000000000000000000e+00
4.150000000000000000e+04 1.659994494846877000e-01 7.703686845698680397e-02 6.845698680018206250e-01 2.352071005917159841e-01 3.186162949476558769e-03 0.000000000000000000e+00
4.200000000000000000e+04 1.679994428519731020e-01 8.796085571233500100e-02 7.624032771961766208e-01 1.458807464724624359e-01 3.755120619025944465e-03 0.000000000000000000e+00
4.250000000000000000e+04 1.699994362192585040e-01 7.385070550751024476e-02 7.536413290851160518e-01 1.687528447883477334e-01 3.755120619025944465e-03 0.000000000000000000e+00
4.300000000000000000e+04 1.719994295865439060e-01 5.883022303140646170e-02 7.754893035958124736e-01 1.618115612198452458e-01 3.868912152935821518e-03 0.000000000000000000e+00
4.350000000000000000e+04 1.739994229538293080e-01 5.814747382794720199e-02 7.655894401456531106e-01 1.727355484751934567e-01 3.527537551206190360e-03 0.000000000000000000e+00
4.400000000000000000e+04 1.759994163211147100e-01 5.632680928538916915e-02 7.701411015020482864e-01 1.711424670004551563e-01 2.389622212107419402e-03 0.000000000000000000e+00
4.450000000000000000e+04 1.779994096884001120e-01 5.757851615839781195e-02 7.676376877560309175e-01 1.721665908056440597e-01 2.617205279927173507e-03 0.000000000000000000e+00
4.500000000000000000e+04 1.799994030556855140e-01 5.473372781065088954e-02 7.682066454255803700e-01 1.730769230769230727e-01 3.982703686845699004e-03 0.000000000000000000e+00
4.550000000000000000e+04 1.819993964229709160e-01 5.723714155666818210e-02 7.657032316795630011e-01 1.723941738734638129e-01 4.665452890304961318e-03 0.000000000000000000e+00
4.600000000000000000e+04 1.839993897902563180e-01 5.780609922621757213e-02 7.651342740100136597e-01 1.746700045516613453e-01 2.389622212107419402e-03 0.000000000000000000e+00
4.650000000000000000e+04 1.859993831575417200e-01 5.735093309057805872e-02 7.677514792899408080e-01 1.711424670004551563e-01 3.755120619025944465e-03 0.000000000000000000e+00
4.700000000000000000e+04 1.879993765248271220e-01 5.780609922621757213e-02 7.627446517979061813e-01 1.750113791533909890e-01 4.437869822485207214e-03 0.000000000000000000e+00
4.750000000000000000e+04 1.899993698921125240e-01 5.962676376877560497e-02 7.629722348657259623e-01 1.733045061447428259e-01 4.096495220755575623e-03 0.000000000000000000e+00
4.800000000000000000e+04 1.919993632593977040e-01 5.666818388711879900e-02 7.621756941283568398e-01 1.752389622212107423e-01 5.917159763313609329e-03 0.000000000000000000e+00
4.850000000000000000e+04 1.939993566266831060e-01 5.712335002275830548e-02 7.657032316795630011e-01 1.730769230769230727e-01 4.096495220755575623e-03 0.000000000000000000e+00
4.900000000000000000e+04 1.959993499939685080e-01 5.917159763313609155e-02 7.624032771961766208e-01 1.734182976786527164e-01 5.006827492034592909e-03 0.000000000000000000e+00
4.950000000000000000e+04 1.979993433612539100e-01 5.962676376877560497e-02 7.595584888484296915e-01 1.756941283568502488e-01 5.120619025944469528e-03 0.000000000000000000e+00
5.000000000000000000e+04 1.999993367285393120e-01 5.860263996358670846e-02 7.605826126536185949e-01 1.741010468821119761e-01 6.713700500682749130e-03 0.000000000000000000e+00
5.050000000000000000e+04 2.019993300958247140e-01 5.894401456531633832e-02 7.601274465179790329e-01 1.762630860263996457e-01 4.665452890304961318e-03 0.000000000000000000e+00
5.100000000000000000e+04 2.039993234631101160e-01 6.087847064178425471e-02 7.537551206190259423e-01 1.795630405097860816e-01 5.803368229403732710e-03 0.000000000000000000e+00
5.150000000000000000e+04 2.059993168303955180e-01 6.565771506599908658e-02 7.465862539827037292e-01 1.828629949931725174e-01 4.893035958124715423e-03 0.000000000000000000e+00
5.200000000000000000e+04 2.079993101976809200e-01 6.235776058261265076e-02 7.510241238051889034e-01 1.818388711879836139e-01 4.779244424214838804e-03 0.000000000000000000e+00
5.250000000000000000e+04 2.099993035649663220e-01 6.451979972690032039e-02 7.494310423304506585e-01 1.805871643149749572e-01 5.461993627674101119e-03 0.000000000000000000e+00
5.300000000000000000e+04 2.119992969322517240e-01 6.793354574419663283e-02 7.430587164314974569e-01 1.849112426035502965e-01 4.096495220755575623e-03 0.000000000000000000e+00
5.350000000000000000e+04 2.139992902995371260e-01 6.827492034592626269e-02 7.418070095584888834e-01 1.851388256713700498e-01 4.779244424214838804e-03 0.000000000000000000e+00
5.400000000000000000e+04 2.159992836668225280e-01 6.884387801547564578e-02 7.393035958124715146e-01 1.858215748748293095e-01 6.030951297223486815e-03 0.000000000000000000e+00
5.450000000000000000e+04 2.179992770341079300e-01 6.850250341374601593e-02 7.443104233045061413e-01 1.818388711879836139e-01 5.348202093764223633e-03 0.000000000000000000e+00
5.500000000000000000e+04 2.199992704013933320e-01 6.429221665908056715e-02 7.546654528903049552e-01 1.739872553482020856e-01 7.055075102412380721e-03 0.000000000000000000e+00
5.550000000000000000e+04 2.219992637686787340e-01 6.554392353208920996e-02 7.525034137460172579e-01 1.762630860263996457e-01 5.689576695493855224e-03 0.000000000000000000e+00
5.600000000000000000e+04 2.239992571359641360e-01 6.463359126081019701e-02 7.563723258989530907e-01 1.743286299499317293e-01 4.665452890304961318e-03 0.000000000000000000e+00
5.650000000000000000e+04 2.259992505032495380e-01 6.656804733727811341e-02 7.583067819754210070e-01 1.688666363222576239e-01 6.258534365043240920e-03 0.000000000000000000e+00
5.700000000000000000e+04 2.279992438705349400e-01 7.111970869367319203e-02 7.526172052799271484e-01 1.700045516613563901e-01 6.258534365043240920e-03 0.000000000000000000e+00
5.750000000000000000e+04 2.299992372378203420e-01 8.716431497496586467e-02 7.284934000910332497e-01 1.784251251706872876e-01 5.917159763313609329e-03 0.000000000000000000e+00
5.800000000000000000e+04 2.319992306051057440e-01 8.932635411925353430e-02 7.288347746927628101e-01 1.776285844333181652e-01 4.210286754665453109e-03 0.000000000000000000e+00
5.850000000000000000e+04 2.339992239723911460e-01 8.443331816112881194e-02 7.245106964041875264e-01 1.885525716886663761e-01 2.503413746017296455e-03 0.000000000000000000e+00
5.900000000000000000e+04 2.359992173396765480e-01 7.794720072826581692e-02 7.393035958124715146e-01 1.783113336367774249e-01 4.437869822485207214e-03 0.000000000000000000e+00
5.950000000000000000e+04 2.379992107069619500e-01 7.669549385525717411e-02 7.448793809740554828e-01 1.750113791533909890e-01 3.413746017296313308e-03 0.000000000000000000e+00
6.000000000000000000e+04 2.399992040742473520e-01 7.578516158397814728e-02 7.469276285844332897e-01 1.751251706873008518e-01 2.162039144287664864e-03 0.000000000000000000e+00
6.050000000000000000e+04 2.419991974415327540e-01 7.692307692307692735e-02 7.411242603550295405e-01 1.793354574419663283e-01 2.617205279927173507e-03 0.000000000000000000e+00
6.100000000000000000e+04 2.439991908088181560e-01 8.295402822030041590e-02 7.333864360491579859e-01 1.801319981793354508e-01 3.527537551206190360e-03 0.000000000000000000e+00
6.150000000000000000e+04 2.459991841761033360e-01 7.908511606736458310e-02 7.360036413290851343e-01 1.835457441966317771e-01 1.365498406918525280e-03 0.000000000000000000e+00
6.200000000000000000e+04 2.479991775433887380e-01 7.954028220300408958e-02 7.378243058716431602e-01 1.812699135184342170e-01 1.365498406918525280e-03 0.000000000000000000e+00
6.250000000000000000e+04 2.499991709106741400e-01 8.067819754210286964e-02 7.380518889394629412e-01 1.789940828402366846e-01 2.275830678197541916e-03 0.000000000000000000e+00
6.300000000000000000e+04 2.519991642779595420e-01 7.999544833864360993e-02 7.372553482020938187e-01 1.810423304506144637e-01 1.706873008648156654e-03 0.000000000000000000e+00
6.350000000000000000e+04 2.539991576452449440e-01 7.862994993172507663e-02 7.401001365498406370e-01 1.796768320436959443e-01 1.593081474738279385e-03 0.000000000000000000e+00
6.400000000000000000e+04 2.559991510125303460e-01 7.976786527082385669e-02 7.403277196176604180e-01 1.786527082385070686e-01 1.251706873008648227e-03 0.000000000000000000e+00
6.450000000000000000e+04 2.579991443798157480e-01 7.851615839781520001e-02 7.403277196176604180e-01 1.791078743741465751e-01 2.048247610377787811e-03 0.000000000000000000e+00
6.500000000000000000e+04 2.599991377471011500e-01 7.862994993172507663e-02 7.410104688211197610e-01 1.784251251706872876e-01 1.934456076467910759e-03 0.000000000000000000e+00
6.550000000000000000e+04 2.619991311143865520e-01 7.749203459262631044e-02 7.426035502958580059e-01 1.786527082385070686e-01 1.251706873008648227e-03 0.000000000000000000e+00
6.600000000000000000e+04 2.639991244816719540e-01 7.715065999089668058e-02 7.423759672280382249e-01 1.795630405097860816e-01 9.103322712790168532e-04 0.000000000000000000e+00
6.650000000000000000e+04 2.659991178489573560e-01 7.760582612653618706e-02 7.445380063723259223e-01 1.764906690942193990e-01 1.365498406918525280e-03 0.000000000000000000e+00
6.700000000000000000e+04 2.679991112162427580e-01 7.726445152480655720e-02 7.439690487027764698e-01 1.771734182976786587e-01 1.593081474738279385e-03 0.000000000000000000e+00
6.750000000000000000e+04 2.699991045835281600e-01 7.692307692307692735e-02 7.435138825671370189e-01 1.780837505689576716e-01 1.479289940828402332e-03 0.000000000000000000e+00
6.800000000000000000e+04 2.719990979508135620e-01 7.749203459262631044e-02 7.455621301775148257e-01 1.752389622212107423e-01 1.706873008648156654e-03 0.000000000000000000e+00
6.850000000000000000e+04 2.739990913180989640e-01 7.828857532999544677e-02 7.467000455166135087e-01 1.738734638142922229e-01 1.137915339098770958e-03 0.000000000000000000e+00
6.900000000000000000e+04 2.759990846853843660e-01 8.090578060992262288e-02 7.477241693218024121e-01 1.701183431952662806e-01 1.251706873008648227e-03 0.000000000000000000e+00
6.950000000000000000e+04 2.779990780526697680e-01 7.919890760127445972e-02 7.480655439235320836e-01 1.706873008648156498e-01 2.048247610377787811e-03 0.000000000000000000e+00
7.000000000000000000e+04 2.799990714199551700e-01 8.318161128812016913e-02 7.430587164314974569e-01 1.722803823395539502e-01 1.479289940828402332e-03 0.000000000000000000e+00
7.050000000000000000e+04 2.819990647872405720e-01 8.431952662721893532e-02 7.437414656349567998e-01 1.695493855257168836e-01 2.389622212107419402e-03 0.000000000000000000e+00
7.100000000000000000e+04 2.839990581545259740e-01 8.204369594902138907e-02 7.437414656349567998e-01 1.717114246700045532e-01 2.503413746017296455e-03 0.000000000000000000e+00
7.150000000000000000e+04 2.859990515218113760e-01 8.272644515248064878e-02 7.411242603550295405e-01 1.718252162039144160e-01 4.324078288575329727e-03 0.000000000000000000e+00
7.200000000000000000e+04 2.879990448890967780e-01 8.045061447428311641e-02 7.464724624487938387e-01 1.694355939918070209e-01 3.641329085116067413e-03 0.000000000000000000e+00
7.250000000000000000e+04 2.899990382563821800e-01 8.420573509330905870e-02 7.461310878470641672e-01 1.667045971779699542e-01 2.958579881656804664e-03 0.000000000000000000e+00
7.300000000000000000e+04 2.919990316236675820e-01 7.874374146563495325e-02 7.459035047792443862e-01 1.702321347291761433e-01 5.120619025944469528e-03 0.000000000000000000e+00
7.350000000000000000e+04 2.939990249909529840e-01 8.363677742375967561e-02 7.467000455166135087e-01 1.667045971779699542e-01 2.958579881656804664e-03 0.000000000000000000e+00
7.400000000000000000e+04 2.959990183582383860e-01 8.249886208466089554e-02 7.467000455166135087e-01 1.676149294492489672e-01 3.186162949476558769e-03 0.000000000000000000e+00
7.450000000000000000e+04 2.979990117255237880e-01 8.215748748293126569e-02 7.482931269913518646e-01 1.659080564406008318e-01 3.641329085116067413e-03 0.000000000000000000e+00
7.500000000000000000e+04 2.999990050928089680e-01 8.124715521165225274e-02 7.500000000000000000e-01 1.644287664997724219e-01 4.324078288575329727e-03 0.000000000000000000e+00
7.550000000000000000e+04 3.019989984600943700e-01 8.306781975421029252e-02 7.507965407373691225e-01 1.635184342284934089e-01 2.617205279927173507e-03 0.000000000000000000e+00
7.600000000000000000e+04 3.039989918273797720e-01 8.238507055075101893e-02 7.504551661356395620e-01 1.630632680928539024e-01 4.096495220755575623e-03 0.000000000000000000e+00
7.650000000000000000e+04 3.059989851946651740e-01 8.443331816112881194e-02 7.519344560764679164e-01 1.606736458807464796e-01 2.958579881656804664e-03 0.000000000000000000e+00
7.700000000000000000e+04 3.079989785619505760e-01 8.363677742375967561e-02 7.521620391442876974e-01 1.610150204824760956e-01 3.186162949476558769e-03 0.000000000000000000e+00
7.750000000000000000e+04 3.099989719292359780e-01 8.204369594902138907e-02 7.534137460172962708e-01 1.619253527537551085e-01 2.617205279927173507e-03 0.000000000000000000e+00
7.800000000000000000e+04 3.119989652965213800e-01 8.295402822030041590e-02 7.548930359581247362e-01 1.596495220755575761e-01 2.503413746017296455e-03 0.000000000000000000e+00
7.850000000000000000e+04 3.139989586638067820e-01 8.295402822030041590e-02 7.547792444242148457e-01 1.596495220755575761e-01 2.617205279927173507e-03 0.000000000000000000e+00
7.900000000000000000e+04 3.159989520310921840e-01 8.431952662721893532e-02 7.543240782885752838e-01 1.589667728720983164e-01 2.389622212107419402e-03 0.000000000000000000e+00
7.950000000000000000e+04 3.179989453983775860e-01 1.116294947655894348e-01 6.919663177059627301e-01 1.937869822485207005e-01 2.617205279927173507e-03 0.000000000000000000e+00
8.000000000000000000e+04 3.199989387656629880e-01 1.215293582157487423e-01 6.733045061447427981e-01 2.022075557578516258e-01 2.958579881656804664e-03 0.000000000000000000e+00
8.050000000000000000e+04 3.219989321329483900e-01 1.162949476558944040e-01 6.846836595357305155e-01 1.969731451979972736e-01 2.048247610377787811e-03 0.000000000000000000e+00
8.100000000000000000e+04 3.239989255002337920e-01 1.199362767410104696e-01 6.976558944014564778e-01 1.795630405097860816e-01 2.844788347746927612e-03 0.000000000000000000e+00
8.150000000000000000e+04 3.259989188675191940e-01 1.231224396904870289e-01 6.978834774692762588e-01 1.767182521620391522e-01 2.275830678197541916e-03 0.000000000000000000e+00
8.200000000000000000e+04 3.279989122348045960e-01 1.208466090122894826e-01 6.953800637232590010e-01 1.801319981793354508e-01 3.641329085116067413e-03 0.000000000000000000e+00
8.250000000000000000e+04 3.299989056020899980e-01 1.216431497496586189e-01 7.254210286754665393e-01 1.464497041420118328e-01 6.486117432862995025e-03 0.000000000000000000e+00
8.300000000000000000e+04 3.319988989693754000e-01 1.182294037323623065e-01 7.314519799726900695e-01 1.462221210741920796e-01 4.096495220755575623e-03 0.000000000000000000e+00
8.350000000000000000e+04 3.339988923366608020e-01 1.045744196631770567e-01 7.412380518889394310e-01 1.528220300409649512e-01 1.365498406918525280e-03 0.000000000000000000e+00
8.400000000000000000e+04 3.359988857039462040e-01 1.057123350022758368e-01 7.422621756941283344e-01 1.500910332271279124e-01 1.934456076467910759e-03 0.000000000000000000e+00
8.450000000000000000e+04 3.379988790712316060e-01 1.030951297223486607e-01 7.435138825671370189e-01 1.505461993627674189e-01 2.844788347746927612e-03 0.000000000000000000e+00
8.500000000000000000e+04 3.399988724385170080e-01 1.021847974510696339e-01 7.436276741010469093e-01 1.500910332271279124e-01 4.096495220755575623e-03 0.000000000000000000e+00
8.550000000000000000e+04 3.419988658058024100e-01 1.043468365953573035e-01 7.436276741010469093e-01 1.492944924897587622e-01 2.730996813837050560e-03 0.000000000000000000e+00
8.600000000000000000e+04 3.439988591730878120e-01 1.038916704597177970e-01 7.445380063723259223e-01 1.486117432862995025e-01 2.958579881656804664e-03 0.000000000000000000e+00
8.650000000000000000e+04 3.459988525403732140e-01 1.055985434683659602e-01 7.416932180245789930e-01 1.505461993627674189e-01 2.162039144287664864e-03 0.000000000000000000e+00
8.700000000000000000e+04 3.479988459076586160e-01 1.028675466545289074e-01 7.431725079654073474e-01 1.510013654984069253e-01 2.958579881656804664e-03 0.000000000000000000e+00
8.750000000000000000e+04 3.499988392749440180e-01 9.524351388256713236e-02 7.502275830678197810e-01 1.527082385070550885e-01 1.820664542558033706e-03 0.000000000000000000e+00
8.800000000000000000e+04 3.519988326422294200e-01 9.501593081474737912e-02 7.502275830678197810e-01 1.532771961766044577e-01 1.479289940828402332e-03 0.000000000000000000e+00
8.850000000000000000e+04 3.539988260095146000e-01 1.009330905780609910e-01 7.525034137460172579e-01 1.450842057350933134e-01 1.479289940828402332e-03 0.000000000000000000e+00
8.900000000000000000e+04 3.559988193768000020e-01 9.979517523896222486e-02 7.515930814747382449e-01 1.455393718707328199e-01 3.072371415566681717e-03 0.000000000000000000e+00
8.950000000000000000e+04 3.579988127440854040e-01 9.945380063723259501e-02 7.527309968138370389e-01 1.455393718707328199e-01 2.275830678197541916e-03 0.000000000000000000e+00
9.000000000000000000e+04 3.599988061113708060e-01 9.922621756941284177e-02 7.494310423304506585e-01 1.489531178880291185e-01 2.389622212107419402e-03 0.000000000000000000e+00
9.050000000000000000e+04 3.619987994786562080e-01 1.000227583067819781e-01 7.514792899408283544e-01 1.462221210741920796e-01 2.275830678197541916e-03 0.000000000000000000e+00
9.100000000000000000e+04 3.639987928459416100e-01 9.934000910332271839e-02 7.520482476103778069e-01 1.467910787437414766e-01 1.820664542558033706e-03 0.000000000000000000e+00
9.150000000000000000e+04 3.659987862132270120e-01 1.000227583067819781e-01 7.509103322712790130e-01 1.463359126081019701e-01 2.730996813837050560e-03 0.000000000000000000e+00
9.200000000000000000e+04 3.679987795805124140e-01 9.911242603550296515e-02 7.520482476103778069e-01 1.461083295402822169e-01 2.730996813837050560e-03 0.000000000000000000e+00
9.250000000000000000e+04 3.699987729477978160e-01 1.003641329085116080e-01 7.509103322712790130e-01 1.466772872098315861e-01 2.048247610377787811e-03 0.000000000000000000e+00
9.300000000000000000e+04 3.719987663150832180e-01 1.003641329085116080e-01 7.504551661356395620e-01 1.463359126081019701e-01 2.844788347746927612e-03 0.000000000000000000e+00
9.350000000000000000e+04 3.739987596823686200e-01 1.029813381884387841e-01 7.490896677287209870e-01 1.450842057350933134e-01 2.844788347746927612e-03 0.000000000000000000e+00
9.400000000000000000e+04 3.759987530496540220e-01 1.053709604005461931e-01 7.474965862539827421e-01 1.453117888029130667e-01 1.820664542558033706e-03 0.000000000000000000e+00
9.450000000000000000e+04 3.779987464169394240e-01 1.022985889849795244e-01 7.490896677287209870e-01 1.458807464724624359e-01 2.730996813837050560e-03 0.000000000000000000e+00
9.500000000000000000e+04 3.799987397842248260e-01 1.124260355029585851e-01 7.401001365498406370e-01 1.448566226672735602e-01 2.617205279927173507e-03 0.000000000000000000e+00
9.550000000000000000e+04 3.819987331515102280e-01 1.099226217569412856e-01 7.389622212107419541e-01 1.484979517523896120e-01 2.617205279927173507e-03 0.000000000000000000e+00
9.600000000000000000e+04 3.839987265187956300e-01 1.104915794264906687e-01 7.306554392353209471e-01 1.556668183887118806e-01 3.186162949476558769e-03 0.000000000000000000e+00
9.650000000000000000e+04 3.859987198860810320e-01 1.099226217569412856e-01 7.305416477014110566e-01 1.568047337278106468e-01 2.730996813837050560e-03 0.000000000000000000e+00
9.700000000000000000e+04 3.879987132533664340e-01 1.115157032316795582e-01 7.295175238962221531e-01 1.558944014565316338e-01 3.072371415566681717e-03 0.000000000000000000e+00
9.750000000000000000e+04 3.899987066206520581e-01 1.131087847064178448e-01 7.271279016841146747e-01 1.574874829312699065e-01 2.275830678197541916e-03 0.000000000000000000e+00
9.800000000000000000e+04 3.919986999879372380e-01 1.135639508420573512e-01 7.279244424214837972e-01 1.564633591260810308e-01 2.048247610377787811e-03 0.000000000000000000e+00
9.850000000000000000e+04 3.939986933552224180e-01 1.125398270368684617e-01 7.262175694128356618e-01 1.590805644060081792e-01 2.162039144287664864e-03 0.000000000000000000e+00
9.900000000000000000e+04 3.959986867225080420e-01 1.158397815202548975e-01 7.232589895311788419e-01 1.580564406008193035e-01 2.844788347746927612e-03 0.000000000000000000e+00
9.950000000000000000e+04 3.979986800897934440e-01 1.151570323167956239e-01 7.195038689121528996e-01 1.628356850250341492e-01 2.503413746017296455e-03 0.000000000000000000e+00
1.000000000000000000e+05 3.999986734570788460e-01 1.168639053254437871e-01 7.198452435138825711e-01 1.610150204824760956e-01 2.275830678197541916e-03 0.000000000000000000e+00
1.005000000000000000e+05 4.019986668243640260e-01 1.205052344105598527e-01 7.113108784706417831e-01 1.654528903049612976e-01 2.730996813837050560e-03 0.000000000000000000e+00
1.010000000000000000e+05 4.039986601916496500e-01 1.203914428766499761e-01 7.092626308602639762e-01 1.682976786527082269e-01 2.048247610377787811e-03 0.000000000000000000e+00
1.015000000000000000e+05 4.059986535589350520e-01 1.217569412835685094e-01 7.069868001820664993e-01 1.685252617205279801e-01 2.730996813837050560e-03 0.000000000000000000e+00
1.020000000000000000e+05 4.079986469262204540e-01 1.218707328174783860e-01 7.065316340464269373e-01 1.687528447883477334e-01 2.844788347746927612e-03 0.000000000000000000e+00
1.025000000000000000e+05 4.099986402935056340e-01 1.231224396904870289e-01 7.028903049613108855e-01 1.708010923987255403e-01 3.186162949476558769e-03 0.000000000000000000e+00
1.030000000000000000e+05 4.119986336607910360e-01 1.207328174783796060e-01 7.071005917159762788e-01 1.696631770596267741e-01 2.503413746017296455e-03 0.000000000000000000e+00
1.035000000000000000e+05 4.139986270280766600e-01 1.220983158852981393e-01 7.071005917159762788e-01 1.679563040509786109e-01 2.844788347746927612e-03 0.000000000000000000e+00
1.040000000000000000e+05 4.159986203953618400e-01 1.242603550295857950e-01 7.067592171142467183e-01 1.660218479745106945e-01 2.958579881656804664e-03 0.000000000000000000e+00
1.045000000000000000e+05 4.179986137626472420e-01 1.239189804278561652e-01 7.077833409194356218e-01 1.664770141101502010e-01 1.820664542558033706e-03 0.000000000000000000e+00
1.050000000000000000e+05 4.199986071299326440e-01 1.235776058261265353e-01 7.107419208010924416e-01 1.626081019572143960e-01 3.072371415566681717e-03 0.000000000000000000e+00
1.055000000000000000e+05 4.219986004972182680e-01 1.274465179790623681e-01 7.193900773782430091e-01 1.502048247610377751e-01 2.958579881656804664e-03 0.000000000000000000e+00
1.060000000000000000e+05 4.239985938645034480e-01 1.273327264451524776e-01 7.278106508875740177e-01 1.426945835229858905e-01 2.162039144287664864e-03 0.000000000000000000e+00
1.065000000000000000e+05 4.259985872317886280e-01 1.323395539371870766e-01 7.456759217114247162e-01 1.199362767410104696e-01 2.048247610377787811e-03 0.000000000000000000e+00
1.070000000000000000e+05 4.279985805990742520e-01 1.568047337278106468e-01 6.912835685025033872e-01 1.488393263541192557e-01 3.072371415566681717e-03 0.000000000000000000e+00
1.075000000000000000e+05 4.299985739663598761e-01 1.644287664997724219e-01 6.754665452890304955e-01 1.561219845243513871e-01 3.982703686845699004e-03 0.000000000000000000e+00
1.080000000000000000e+05 4.319985673336450560e-01 1.637460172963131622e-01 6.927628584433318526e-01 1.391670459717797015e-01 4.324078288575329727e-03 0.000000000000000000e+00
1.085000000000000000e+05 4.339985607009302360e-01 1.530496131087847045e-01 7.033454710969503365e-01 1.408739189804278646e-01 2.730996813837050560e-03 0.000000000000000000e+00
1.090000000000000000e+05 4.359985540682158600e-01 1.455393718707328199e-01 7.081247155211651823e-01 1.421256258534364936e-01 4.210286754665453109e-03 0.000000000000000000e+00
1.095000000000000000e+05 4.379985474355014841e-01 1.564633591260810308e-01 6.810423304506144637e-01 1.568047337278106468e-01 5.689576695493855224e-03 0.000000000000000000e+00
1.100000000000000000e+05 4.399985408027866640e-01 1.513427401001365413e-01 6.910559854346836062e-01 1.524806554392353075e-01 5.120619025944469528e-03 0.000000000000000000e+00
1.105000000000000000e+05 4.419985341700718440e-01 1.475876194811105990e-01 6.862767410104688715e-01 1.611288120163859861e-01 5.006827492034592909e-03 0.000000000000000000e+00
1.110000000000000000e+05 4.439985275373574680e-01 1.478152025489303523e-01 6.857077833409194190e-01 1.602184797451069731e-01 6.258534365043240920e-03 0.000000000000000000e+00
1.115000000000000000e+05 4.459985209046430921e-01 1.474738279472007363e-01 6.873008648156576639e-01 1.604460628129267263e-01 4.779244424214838804e-03 0.000000000000000000e+00
1.120000000000000000e+05 4.479985142719282720e-01 1.458807464724624359e-01 6.863905325443786509e-01 1.623805188893946427e-01 5.348202093764223633e-03 0.000000000000000000e+00
1.125000000000000000e+05 4.499985076392134520e-01 1.488393263541192557e-01 6.868456986800182129e-01 1.589667728720983164e-01 5.348202093764223633e-03 0.000000000000000000e+00
1.130000000000000000e+05 4.519985010064990760e-01 1.483841602184797492e-01 6.874146563495675544e-01 1.595357305416477134e-01 4.665452890304961318e-03 0.000000000000000000e+00
1.135000000000000000e+05 4.539984943737844780e-01 1.499772416932180219e-01 6.869594902139281034e-01 1.581702321347291662e-01 4.893035958124715423e-03 0.000000000000000000e+00
