# itime ezz other fcc hcp bcc ico
0.000000000000000000e+00 0.000000000000000000e+00 0.000000000000000000e+00 1.000000000000000000e+00 0.000000000000000000e+00 0.000000000000000000e+00 0.000000000000000000e+00
2.500000000000000000e+03 1.000004275042676305e-02 0.000000000000000000e+00 1.000000000000000000e+00 0.000000000000000000e+00 0.000000000000000000e+00 0.000000000000000000e+00
5.000000000000000000e+03 2.000008550085352610e-02 0.000000000000000000e+00 1.000000000000000000e+00 0.000000000000000000e+00 0.000000000000000000e+00 0.000000000000000000e+00
7.500000000000000000e+03 3.000012825128028915e-02 0.000000000000000000e+00 1.000000000000000000e+00 0.000000000000000000e+00 0.000000000000000000e+00 0.000000000000000000e+00
1.000000000000000000e+04 4.000017100170705220e-02 0.000000000000000000e+00 1.000000000000000000e+00 0.000000000000000000e+00 0.000000000000000000e+00 0.000000000000000000e+00
1.250000000000000000e+04 5.000021375213381525e-02 0.000000000000000000e+00 1.000000000000000000e+00 0.000000000000000000e+00 0.000000000000000000e+00 0.000000000000000000e+00
1.500000000000000000e+04 6.000025650256057830e-02 0.000000000000000000e+00 1.000000000000000000e+00 0.000000000000000000e+00 0.000000000000000000e+00 0.000000000000000000e+00
1.750000000000000000e+04 7.000029925298734135e-02 0.000000000000000000e+00 1.000000000000000000e+00 0.000000000000000000e+00 0.000000000000000000e+00 0.000000000000000000e+00
2.000000000000000000e+04 8.000034200341410440e-02 1.137915339098771066e-04 9.998862084660901095e-01 0.000000000000000000e+00 0.000000000000000000e+00 0.000000000000000000e+00
2.250000000000000000e+04 9.000038475384086745e-02 1.137915339098770958e-03 9.988620846609012061e-01 0.000000000000000000e+00 0.000000000000000000e+00 0.000000000000000000e+00
2.500000000000000000e+04 1.000004275042676305e-01 2.275830678197541916e-03 9.977241693218024121e-01 0.000000000000000000e+00 0.000000000000000000e+00 0.000000000000000000e+00
2.750000000000000000e+04 1.100004702546943935e-01 7.259899863450158808e-02 7.586481565771506785e-01 0.000000000000000000e+00 1.687528447883477334e-01 0.000000000000000000e+00
3.000000000000000000e+04 1.200005130051211566e-01 8.591260810195720798e-02 7.044833864360491305e-01 2.051661356395084179e-01 4.437869822485207214e-03 0.000000000000000000e+00
3.250000000000000000e+04 1.300005557555481417e-01 9.194355939918069653e-02 6.985662266727356018e-01 2.034592626308602548e-01 6.030951297223486815e-03 0.000000000000000000e+00
3.500000000000000000e+04 1.400005985059749047e-01 7.328174783796086167e-02 6.873008648156576639e-01 2.317933545744196577e-01 7.624032771961766417e-03 0.000000000000000000e+00
3.750000000000000000e+04 1.500006412564016678e-01 7.134729176149294527e-02 6.895766954938552518e-01 2.352071005917159841e-01 3.868912152935821518e-03 0.000000000000000000e+00
4.000000000000000000e+04 1.600006840068284308e-01 7.294037323623121793e-02 6.854802002730996380e-01 2.375967228038234069e-01 3.982703686845699004e-03 0.000000000000000000e+00
4.250000000000000000e+04 1.700007267572551939e-01 7.385070550751024476e-02 7.536413290851160518e-01 1.687528447883477334e-01 3.755120619025944465e-03 0.000000000000000000e+00
4.500000000000000000e+04 1.800007695076819569e-01 5.473372781065088954e-02 7.682066454255803700e-01 1.730769230769230727e-01 3.982703686845699004e-03 0.000000000000000000e+00
4.750000000000000000e+04 1.900008122581087200e-01 5.962676376877560497e-02 7.629722348657259623e-01 1.733045061447428259e-01 4.096495220755575623e-03 0.000000000000000000e+00
5.000000000000000000e+04 2.000008550085354830e-01 5.860263996358670846e-02 7.605826126536185949e-01 1.741010468821119761e-01 6.713700500682749130e-03 0.000000000000000000e+00
5.250000000000000000e+04 2.100008977589622461e-01 6.451979972690032039e-02 7.494310423304506585e-01 1.805871643149749572e-01 5.461993627674101119e-03 0.000000000000000000e+00
5.500000000000000000e+04 2.200009405093890091e-01 6.429221665908056715e-02 7.546654528903049552e-01 1.739872553482020856e-01 7.055075102412380721e-03 0.000000000000000000e+00
5.750000000000000000e+04 2.300009832598157722e-01 8.716431497496586467e-02 7.284934000910332497e-01 1.784251251706872876e-01 5.917159763313609329e-03 0.000000000000000000e+00
6.000000000000000000e+04 2.400010260102425352e-01 7.578516158397814728e-02 7.469276285844332897e-01 1.751251706873008518e-01 2.162039144287664864e-03 0.000000000000000000e+00
6.250000000000000000e+04 2.500010687606692983e-01 8.067819754210286964e-02 7.380518889394629412e-01 1.789940828402366846e-01 2.275830678197541916e-03 0.000000000000000000e+00
6.500000000000000000e+04 2.600011115110960613e-01 7.862994993172507663e-02 7.410104688211197610e-01 1.784251251706872876e-01 1.934456076467910759e-03 0.000000000000000000e+00
6.750000000000000000e+04 2.700011542615228244e-01 7.692307692307692735e-02 7.435138825671370189e-01 1.780837505689576716e-01 1.479289940828402332e-03 0.000000000000000000e+00
7.000000000000000000e+04 2.800011970119495874e-01 8.318161128812016913e-02 7.430587164314974569e-01 1.722803823395539502e-01 1.479289940828402332e-03 0.000000000000000000e+00
7.250000000000000000e+04 2.900012397623763505e-01 8.420573509330905870e-02 7.461310878470641672e-01 1.667045971779699542e-01 2.958579881656804664e-03 0.000000000000000000e+00
7.500000000000000000e+04 3.000012825128031135e-01 8.124715521165225274e-02 7.500000000000000000e-01 1.644287664997724219e-01 4.324078288575329727e-03 0.000000000000000000e+00
7.750000000000000000e+04 3.100013252632298766e-01 8.204369594902138907e-02 7.534137460172962708e-01 1.619253527537551085e-01 2.617205279927173507e-03 0.000000000000000000e+00
8.000000000000000000e+04 3.200013680136566396e-01 1.215293582157487423e-01 6.733045061447427981e-01 2.022075557578516258e-01 2.958579881656804664e-03 0.000000000000000000e+00
8.250000000000000000e+04 3.300014107640834027e-01 1.216431497496586189e-01 7.254210286754665393e-01 1.464497041420118328e-01 6.486117432862995025e-03 0.000000000000000000e+00
8.500000000000000000e+04 3.400014535145101657e-01 1.021847974510696339e-01 7.436276741010469093e-01 1.500910332271279124e-01 4.096495220755575623e-03 0.000000000000000000e+00
8.750000000000000000e+04 3.500014962649369288e-01 9.524351388256713236e-02 7.502275830678197810e-01 1.527082385070550885e-01 1.820664542558033706e-03 0.000000000000000000e+00
9.000000000000000000e+04 3.600015390153636918e-01 9.922621756941284177e-02 7.494310423304506585e-01 1.489531178880291185e-01 2.389622212107419402e-03 0.000000000000000000e+00
9.250000000000000000e+04 3.700015817657906769e-01 1.003641329085116080e-01 7.509103322712790130e-01 1.466772872098315861e-01 2.048247610377787811e-03 0.000000000000000000e+00
9.500000000000000000e+04 3.800016245162174400e-01 1.124260355029585851e-01 7.401001365498406370e-01 1.448566226672735602e-01 2.617205279927173507e-03 0.000000000000000000e+00
9.750000000000000000e+04 3.900016672666442030e-01 1.131087847064178448e-01 7.271279016841146747e-01 1.574874829312699065e-01 2.275830678197541916e-03 0.000000000000000000e+00
1.000000000000000000e+05 4.000017100170709661e-01 1.168639053254437871e-01 7.198452435138825711e-01 1.610150204824760956e-01 2.275830678197541916e-03 0.000000000000000000e+00
1.025000000000000000e+05 4.100017527674977291e-01 1.231224396904870289e-01 7.028903049613108855e-01 1.708010923987255403e-01 3.186162949476558769e-03 0.000000000000000000e+00
1.050000000000000000e+05 4.200017955179244922e-01 1.235776058261265353e-01 7.107419208010924416e-01 1.626081019572143960e-01 3.072371415566681717e-03 0.000000000000000000e+00
1.075000000000000000e+05 4.300018382683512552e-01 1.644287664997724219e-01 6.754665452890304955e-01 1.561219845243513871e-01 3.982703686845699004e-03 0.000000000000000000e+00
1.100000000000000000e+05 4.400018810187780183e-01 1.513427401001365413e-01 6.910559854346836062e-01 1.524806554392353075e-01 5.120619025944469528e-03 0.000000000000000000e+00
1.125000000000000000e+05 4.500019237692047813e-01 1.488393263541192557e-01 6.868456986800182129e-01 1.589667728720983164e-01 5.348202093764223633e-03 0.000000000000000000e+00
1.150000000000000000e+05 4.600019665196315444e-01 1.504324078288575284e-01 6.871870732817478844e-01 1.571461083295402905e-01 5.234410559854347014e-03 0.000000000000000000e+00
1.175000000000000000e+05 4.700020092700583074e-01 1.532771961766044577e-01 6.867319071461083224e-01 1.549840691852526209e-01 5.006827492034592909e-03 0.000000000000000000e+00
1.200000000000000000e+05 4.800020520204850705e-01 1.527082385070550885e-01 6.837733272644515026e-01 1.590805644060081792e-01 4.437869822485207214e-03 0.000000000000000000e+00
1.225000000000000000e+05 4.900020947709118335e-01 1.555530268548019901e-01 6.779699590350477534e-01 1.630632680928539024e-01 3.413746017296313308e-03 0.000000000000000000e+00
1.250000000000000000e+05 5.000021375213385966e-01 1.570323167956304000e-01 6.728493400091033472e-01 1.635184342284934089e-01 6.599908966772872511e-03 0.000000000000000000e+00
1.275000000000000000e+05 5.100021802717653596e-01 1.726217569412835662e-01 6.645425580336823401e-01 1.553254437869822369e-01 7.510241238051888930e-03 0.000000000000000000e+00
1.300000000000000000e+05 5.200022230221921227e-01 1.521392808375056915e-01 7.140418752844788219e-01 1.288120163859808875e-01 5.006827492034592909e-03 0.000000000000000000e+00
1.325000000000000000e+05 5.300022657726188857e-01 1.168639053254437871e-01 7.200728265817023521e-01 1.624943104233045055e-01 5.689576695493854790e-04 0.000000000000000000e+00
1.350000000000000000e+05 5.400023085230456488e-01 1.160673645880746507e-01 7.208693673190714746e-01 1.628356850250341492e-01 2.275830678197542133e-04 0.000000000000000000e+00
1.375000000000000000e+05 5.500023512734724118e-01 1.168639053254437871e-01 7.198452435138825711e-01 1.628356850250341492e-01 4.551661356395084266e-04 0.000000000000000000e+00
1.400000000000000000e+05 5.600023940238991749e-01 1.186845698680018268e-01 7.163177059626764098e-01 1.644287664997724219e-01 5.689576695493854790e-04 0.000000000000000000e+00
1.425000000000000000e+05 5.700024367743259379e-01 1.366636322257624159e-01 6.869594902139281034e-01 1.755803368229403860e-01 7.965407373691396923e-04 0.000000000000000000e+00
1.450000000000000000e+05 5.800024795247527010e-01 1.382567137005006885e-01 6.654528903049613531e-01 1.957214383249886169e-01 5.689576695493854790e-04 0.000000000000000000e+00
1.475000000000000000e+05 5.900025222751794640e-01 1.424670004551661373e-01 6.741010468821119206e-01 1.828629949931725174e-01 5.689576695493854790e-04 0.000000000000000000e+00
1.500000000000000000e+05 6.000025650256062271e-01 1.430359581247155343e-01 6.916249431042330587e-01 1.646563495675921751e-01 6.827492034592626399e-04 0.000000000000000000e+00
1.525000000000000000e+05 6.100026077760332122e-01 1.448566226672735602e-01 6.986800182066453813e-01 1.555530268548019901e-01 9.103322712790168532e-04 0.000000000000000000e+00
1.550000000000000000e+05 6.200026505264599752e-01 1.456531634046426826e-01 6.969731451979972459e-01 1.555530268548019901e-01 1.820664542558033706e-03 0.000000000000000000e+00
1.575000000000000000e+05 6.300026932768867383e-01 1.478152025489303523e-01 7.479517523896221931e-01 1.026399635867091542e-01 1.593081474738279385e-03 0.000000000000000000e+00
1.600000000000000000e+05 6.400027360273135013e-01 1.477014110150204895e-01 7.349795175238962308e-01 1.133363677742375980e-01 3.982703686845699004e-03 0.000000000000000000e+00
1.625000000000000000e+05 6.500027787777402644e-01 1.817250796540737234e-01 6.158397815202548697e-01 1.935593991807009473e-01 8.875739644970414427e-03 0.000000000000000000e+00
1.650000000000000000e+05 6.600028215281670274e-01 1.771734182976786587e-01 6.337050523441055683e-01 1.781975421028675344e-01 1.092398725534820224e-02 0.000000000000000000e+00
1.675000000000000000e+05 6.700028642785937905e-01 1.737596722803823324e-01 6.300637232589895165e-01 1.834319526627218866e-01 1.274465179790623508e-02 0.000000000000000000e+00
1.700000000000000000e+05 6.800029070290205535e-01 1.789940828402366846e-01 6.315430131998179819e-01 1.775147928994082747e-01 1.194811106053709528e-02 0.000000000000000000e+00
1.725000000000000000e+05 6.900029497794473166e-01 1.867319071461083224e-01 6.226672735548475224e-01 1.850250341374601593e-01 5.575785161583977738e-03 0.000000000000000000e+00
1.750000000000000000e+05 7.000029925298740796e-01 2.014110150204824756e-01 6.068502503413746307e-01 1.865043240782885692e-01 5.234410559854347014e-03 0.000000000000000000e+00
1.775000000000000000e+05 7.100030352803008427e-01 2.045971779699590487e-01 6.004779244424214291e-01 1.907146108329540179e-01 4.210286754665453109e-03 0.000000000000000000e+00
1.800000000000000000e+05 7.200030780307276057e-01 2.199590350477924339e-01 5.784023668639053373e-01 1.936731907146108378e-01 7.965407373691398007e-03 0.000000000000000000e+00
1.825000000000000000e+05 7.300031207811543688e-01 2.203004096495220776e-01 5.755575785161584079e-01 1.974283113336367801e-01 6.713700500682749130e-03 0.000000000000000000e+00
1.850000000000000000e+05 7.400031635315811318e-01 2.193900773782430647e-01 6.136777423759672834e-01 1.578288575329995502e-01 9.103322712790167665e-03 0.000000000000000000e+00
1.875000000000000000e+05 7.500032062820078949e-01 2.166590805644059980e-01 6.112881201638598050e-01 1.653390987710514348e-01 6.713700500682749130e-03 0.000000000000000000e+00
1.900000000000000000e+05 7.600032490324346579e-01 2.173418297678652578e-01 5.916021847974510806e-01 1.844560764679107900e-01 6.599908966772872511e-03 0.000000000000000000e+00
1.925000000000000000e+05 7.700032917828614210e-01 2.115384615384615363e-01 6.132225762403277214e-01 1.684114701866181174e-01 6.827492034592626616e-03 0.000000000000000000e+00
1.950000000000000000e+05 7.800033345332881840e-01 2.045971779699590487e-01 6.289258079198907225e-01 1.597633136094674666e-01 6.713700500682749130e-03 0.000000000000000000e+00
1.975000000000000000e+05 7.900033772837149471e-01 2.190487027765134209e-01 6.388256713700500855e-01 1.375739644970414288e-01 4.551661356395083832e-03 0.000000000000000000e+00
2.000000000000000000e+05 8.000034200341417101e-01 1.582840236686390567e-01 7.906235776058261333e-01 5.063723258989531045e-02 4.551661356395084266e-04 0.000000000000000000e+00
2.025000000000000000e+05 8.100034627845684732e-01 1.555530268548019901e-01 7.881201638598088755e-01 5.461993627674101293e-02 1.706873008648156654e-03 0.000000000000000000e+00
2.050000000000000000e+05 8.200035055349952362e-01 1.351843422849340060e-01 8.405780609922621771e-01 2.412380518889394726e-02 1.137915339098771066e-04 0.000000000000000000e+00
2.075000000000000000e+05 8.300035482854219993e-01 1.350705507510241155e-01 8.403504779244423961e-01 2.423759672280382388e-02 3.413746017296313199e-04 0.000000000000000000e+00
2.100000000000000000e+05 8.400035910358487623e-01 1.358670914883932657e-01 8.408056440600819581e-01 2.309968138370505075e-02 2.275830678197542133e-04 0.000000000000000000e+00
2.125000000000000000e+05 8.500036337862757474e-01 1.364360491579426626e-01 8.395539371870732737e-01 2.366863905325443732e-02 3.413746017296313199e-04 0.000000000000000000e+00
2.150000000000000000e+05 8.600036765367025104e-01 1.362084660901228816e-01 8.403504779244423961e-01 2.241693218024579104e-02 1.024123805188893906e-03 0.000000000000000000e+00
2.175000000000000000e+05 8.700037192871292735e-01 1.348429676832043622e-01 8.476331360946746107e-01 1.627218934911242587e-02 1.251706873008648227e-03 0.000000000000000000e+00
2.200000000000000000e+05 8.800037620375560365e-01 1.365498406918525254e-01 8.469503868912152678e-01 1.433773327264451468e-02 2.162039144287664864e-03 0.000000000000000000e+00
2.225000000000000000e+05 8.900038047879827996e-01 1.367774237596722786e-01 8.464952207555758168e-01 1.467910787437414627e-02 2.048247610377787811e-03 0.000000000000000000e+00
2.250000000000000000e+05 9.000038475384095626e-01 1.381429221665907980e-01 8.403504779244423961e-01 1.832043695949021542e-02 3.186162949476558769e-03 0.000000000000000000e+00
2.275000000000000000e+05 9.100038902888363257e-01 1.697769685935366368e-01 6.286982248520710526e-01 1.933318161128811941e-01 8.192990441511151245e-03 0.000000000000000000e+00
2.300000000000000000e+05 9.200039330392630887e-01 1.822940373236231204e-01 5.650887573964497035e-01 2.452207555757851543e-01 7.396449704142011444e-03 0.000000000000000000e+00
2.325000000000000000e+05 9.300039757896898518e-01 1.829767865270823801e-01 5.595129722348657353e-01 2.501137915339098905e-01 7.396449704142011444e-03 0.000000000000000000e+00
2.350000000000000000e+05 9.400040185401166148e-01 1.849112426035502965e-01 5.532544378698225351e-01 2.528447883477469293e-01 8.989531178880291046e-03 0.000000000000000000e+00
2.375000000000000000e+05 9.500040612905433779e-01 1.919663177059626746e-01 5.460855712335002110e-01 2.532999544833864358e-01 8.648156577150659455e-03 0.000000000000000000e+00
2.400000000000000000e+05 9.600041040409701409e-01 1.781975421028675344e-01 4.965862539827036737e-01 3.167956304050978389e-01 8.420573509330906217e-03 0.000000000000000000e+00
2.425000000000000000e+05 9.700041467913969040e-01 1.774010013654984119e-01 4.986345015930814806e-01 3.148611743286299225e-01 9.103322712790167665e-03 0.000000000000000000e+00
2.450000000000000000e+05 9.800041895418236670e-01 1.849112426035502965e-01 5.126308602639964018e-01 2.942649066909421851e-01 8.192990441511151245e-03 0.000000000000000000e+00
2.475000000000000000e+05 9.900042322922504301e-01 1.819526627218935044e-01 5.098998634501593630e-01 2.949476558944014726e-01 1.319981793354574502e-02 0.000000000000000000e+00
2.500000000000000000e+05 1.000004275042677193e+00 1.956076467910787542e-01 4.977241693218024676e-01 2.922166590805644337e-01 1.445152480655439303e-02 0.000000000000000000e+00
