# itime ezz other fcc hcp bcc ico
0.000000000000000000e+00 0.000000000000000000e+00 0.000000000000000000e+00 1.000000000000000000e+00 0.000000000000000000e+00 0.000000000000000000e+00 0.000000000000000000e+00
2.500000000000000000e+02 9.999803703812926159e-04 0.000000000000000000e+00 1.000000000000000000e+00 0.000000000000000000e+00 0.000000000000000000e+00 0.000000000000000000e+00
5.000000000000000000e+02 1.999960740762585232e-03 0.000000000000000000e+00 1.000000000000000000e+00 0.000000000000000000e+00 0.000000000000000000e+00 0.000000000000000000e+00
7.500000000000000000e+02 2.999941111143877848e-03 0.000000000000000000e+00 1.000000000000000000e+00 0.000000000000000000e+00 0.000000000000000000e+00 0.000000000000000000e+00
1.000000000000000000e+03 3.999921481524948419e-03 0.000000000000000000e+00 1.000000000000000000e+00 0.000000000000000000e+00 0.000000000000000000e+00 0.000000000000000000e+00
1.250000000000000000e+03 4.999901851906241035e-03 0.000000000000000000e+00 1.000000000000000000e+00 0.000000000000000000e+00 0.000000000000000000e+00 0.000000000000000000e+00
1.500000000000000000e+03 5.999882222287533651e-03 0.000000000000000000e+00 1.000000000000000000e+00 0.000000000000000000e+00 0.000000000000000000e+00 0.000000000000000000e+00
1.750000000000000000e+03 6.999862592668826267e-03 0.000000000000000000e+00 1.000000000000000000e+00 0.000000000000000000e+00 0.000000000000000000e+00 0.000000000000000000e+00
2.000000000000000000e+03 7.999842963050118883e-03 0.000000000000000000e+00 1.000000000000000000e+00 0.000000000000000000e+00 0.000000000000000000e+00 0.000000000000000000e+00
2.250000000000000000e+03 8.999823333431411498e-03 0.000000000000000000e+00 1.000000000000000000e+00 0.000000000000000000e+00 0.000000000000000000e+00 0.000000000000000000e+00
2.500000000000000000e+03 9.999803703812482070e-03 0.000000000000000000e+00 1.000000000000000000e+00 0.000000000000000000e+00 0.000000000000000000e+00 0.000000000000000000e+00
2.750000000000000000e+03 1.099978407419377469e-02 0.000000000000000000e+00 1.000000000000000000e+00 0.000000000000000000e+00 0.000000000000000000e+00 0.000000000000000000e+00
3.000000000000000000e+03 1.199976444457506730e-02 0.000000000000000000e+00 1.000000000000000000e+00 0.000000000000000000e+00 0.000000000000000000e+00 0.000000000000000000e+00
3.250000000000000000e+03 1.299974481495635992e-02 0.000000000000000000e+00 1.000000000000000000e+00 0.000000000000000000e+00 0.000000000000000000e+00 0.000000000000000000e+00
3.500000000000000000e+03 1.399972518533765253e-02 0.000000000000000000e+00 1.000000000000000000e+00 0.000000000000000000e+00 0.000000000000000000e+00 0.000000000000000000e+00
3.750000000000000000e+03 1.499970555571894515e-02 0.000000000000000000e+00 1.000000000000000000e+00 0.000000000000000000e+00 0.000000000000000000e+00 0.000000000000000000e+00
4.000000000000000000e+03 1.599968592610001572e-02 0.000000000000000000e+00 1.000000000000000000e+00 0.000000000000000000e+00 0.000000000000000000e+00 0.000000000000000000e+00
4.250000000000000000e+03 1.699966629648130834e-02 0.000000000000000000e+00 1.000000000000000000e+00 0.000000000000000000e+00 0.000000000000000000e+00 0.000000000000000000e+00
4.500000000000000000e+03 1.799964666686260095e-02 0.000000000000000000e+00 1.000000000000000000e+00 0.000000000000000000e+00 0.000000000000000000e+00 0.000000000000000000e+00
4.750000000000000000e+03 1.899962703724389357e-02 0.000000000000000000e+00 1.000000000000000000e+00 0.000000000000000000e+00 0.000000000000000000e+00 0.000000000000000000e+00
5.000000000000000000e+03 1.999960740762518618e-02 0.000000000000000000e+00 1.000000000000000000e+00 0.000000000000000000e+00 0.000000000000000000e+00 0.000000000000000000e+00
5.250000000000000000e+03 2.099958777800647880e-02 0.000000000000000000e+00 1.000000000000000000e+00 0.000000000000000000e+00 0.000000000000000000e+00 0.000000000000000000e+00
5.500000000000000000e+03 2.199956814838777142e-02 0.000000000000000000e+00 1.000000000000000000e+00 0.000000000000000000e+00 0.000000000000000000e+00 0.000000000000000000e+00
5.750000000000000000e+03 2.299954851876884199e-02 0.000000000000000000e+00 1.000000000000000000e+00 0.000000000000000000e+00 0.000000000000000000e+00 0.000000000000000000e+00
6.000000000000000000e+03 2.399952888915013460e-02 0.000000000000000000e+00 1.000000000000000000e+00 0.000000000000000000e+00 0.000000000000000000e+00 0.000000000000000000e+00
6.250000000000000000e+03 2.499950925953142722e-02 0.000000000000000000e+00 1.000000000000000000e+00 0.000000000000000000e+00 0.000000000000000000e+00 0.000000000000000000e+00
6.500000000000000000e+03 2.599948962991271983e-02 0.000000000000000000e+00 1.000000000000000000e+00 0.000000000000000000e+00 0.000000000000000000e+00 0.000000000000000000e+00
6.750000000000000000e+03 2.699947000029401245e-02 0.000000000000000000e+00 1.000000000000000000e+00 0.000000000000000000e+00 0.000000000000000000e+00 0.000000000000000000e+00
7.000000000000000000e+03 2.799945037067530507e-02 0.000000000000000000e+00 1.000000000000000000e+00 0.000000000000000000e+00 0.000000000000000000e+00 0.000000000000000000e+00
7.250000000000000000e+03 2.899943074105637564e-02 0.000000000000000000e+00 1.000000000000000000e+00 0.000000000000000000e+00 0.000000000000000000e+00 0.000000000000000000e+00
7.500000000000000000e+03 2.999941111143766825e-02 0.000000000000000000e+00 1.000000000000000000e+00 0.000000000000000000e+00 0.000000000000000000e+00 0.000000000000000000e+00
7.750000000000000000e+03 3.099939148181896087e-02 0.000000000000000000e+00 1.000000000000000000e+00 0.000000000000000000e+00 0.000000000000000000e+00 0.000000000000000000e+00
8.000000000000000000e+03 3.199937185220025349e-02 0.000000000000000000e+00 1.000000000000000000e+00 0.000000000000000000e+00 0.000000000000000000e+00 0.000000000000000000e+00
8.250000000000000000e+03 3.299935222258154610e-02 0.000000000000000000e+00 1.000000000000000000e+00 0.000000000000000000e+00 0.000000000000000000e+00 0.000000000000000000e+00
8.500000000000000000e+03 3.399933259296283872e-02 0.000000000000000000e+00 1.000000000000000000e+00 0.000000000000000000e+00 0.000000000000000000e+00 0.000000000000000000e+00
8.750000000000000000e+03 3.499931296334390929e-02 0.000000000000000000e+00 1.000000000000000000e+00 0.000000000000000000e+00 0.000000000000000000e+00 0.000000000000000000e+00
9.000000000000000000e+03 3.599929333372520190e-02 0.000000000000000000e+00 1.000000000000000000e+00 0.000000000000000000e+00 0.000000000000000000e+00 0.000000000000000000e+00
9.250000000000000000e+03 3.699927370410649452e-02 0.000000000000000000e+00 1.000000000000000000e+00 0.000000000000000000e+00 0.000000000000000000e+00 0.000000000000000000e+00
9.500000000000000000e+03 3.799925407448778714e-02 0.000000000000000000e+00 1.000000000000000000e+00 0.000000000000000000e+00 0.000000000000000000e+00 0.000000000000000000e+00
9.750000000000000000e+03 3.899923444486907975e-02 0.000000000000000000e+00 1.000000000000000000e+00 0.000000000000000000e+00 0.000000000000000000e+00 0.000000000000000000e+00
1.000000000000000000e+04 3.999921481525037237e-02 0.000000000000000000e+00 1.000000000000000000e+00 0.000000000000000000e+00 0.000000000000000000e+00 0.000000000000000000e+00
1.025000000000000000e+04 4.099919518563166498e-02 0.000000000000000000e+00 1.000000000000000000e+00 0.000000000000000000e+00 0.000000000000000000e+00 0.000000000000000000e+00
1.050000000000000000e+04 4.199917555601273556e-02 0.000000000000000000e+00 1.000000000000000000e+00 0.000000000000000000e+00 0.000000000000000000e+00 0.000000000000000000e+00
1.075000000000000000e+04 4.299915592639402817e-02 0.000000000000000000e+00 1.000000000000000000e+00 0.000000000000000000e+00 0.000000000000000000e+00 0.000000000000000000e+00
1.100000000000000000e+04 4.399913629677532079e-02 0.000000000000000000e+00 1.000000000000000000e+00 0.000000000000000000e+00 0.000000000000000000e+00 0.000000000000000000e+00
1.125000000000000000e+04 4.499911666715661340e-02 0.000000000000000000e+00 1.000000000000000000e+00 0.000000000000000000e+00 0.000000000000000000e+00 0.000000000000000000e+00
1.150000000000000000e+04 4.599909703753790602e-02 0.000000000000000000e+00 1.000000000000000000e+00 0.000000000000000000e+00 0.000000000000000000e+00 0.000000000000000000e+00
1.175000000000000000e+04 4.699907740791919863e-02 0.000000000000000000e+00 1.000000000000000000e+00 0.000000000000000000e+00 0.000000000000000000e+00 0.000000000000000000e+00
1.200000000000000000e+04 4.799905777830026921e-02 0.000000000000000000e+00 1.000000000000000000e+00 0.000000000000000000e+00 0.000000000000000000e+00 0.000000000000000000e+00
1.225000000000000000e+04 4.899903814868156182e-02 0.000000000000000000e+00 1.000000000000000000e+00 0.000000000000000000e+00 0.000000000000000000e+00 0.000000000000000000e+00
1.250000000000000000e+04 4.999901851906285444e-02 0.000000000000000000e+00 1.000000000000000000e+00 0.000000000000000000e+00 0.000000000000000000e+00 0.000000000000000000e+00
1.275000000000000000e+04 5.099899888944414705e-02 0.000000000000000000e+00 1.000000000000000000e+00 0.000000000000000000e+00 0.000000000000000000e+00 0.000000000000000000e+00
1.300000000000000000e+04 5.199897925982543967e-02 0.000000000000000000e+00 1.000000000000000000e+00 0.000000000000000000e+00 0.000000000000000000e+00 0.000000000000000000e+00
1.325000000000000000e+04 5.299895963020673229e-02 0.000000000000000000e+00 1.000000000000000000e+00 0.000000000000000000e+00 0.000000000000000000e+00 0.000000000000000000e+00
1.350000000000000000e+04 5.399894000058802490e-02 0.000000000000000000e+00 1.000000000000000000e+00 0.000000000000000000e+00 0.000000000000000000e+00 0.000000000000000000e+00
1.375000000000000000e+04 5.499892037096909547e-02 0.000000000000000000e+00 1.000000000000000000e+00 0.000000000000000000e+00 0.000000000000000000e+00 0.000000000000000000e+00
1.400000000000000000e+04 5.599890074135038809e-02 0.000000000000000000e+00 1.000000000000000000e+00 0.000000000000000000e+00 0.000000000000000000e+00 0.000000000000000000e+00
1.425000000000000000e+04 5.699888111173168070e-02 0.000000000000000000e+00 1.000000000000000000e+00 0.000000000000000000e+00 0.000000000000000000e+00 0.000000000000000000e+00
1.450000000000000000e+04 5.799886148211297332e-02 0.000000000000000000e+00 1.000000000000000000e+00 0.000000000000000000e+00 0.000000000000000000e+00 0.000000000000000000e+00
1.475000000000000000e+04 5.899884185249426594e-02 0.000000000000000000e+00 1.000000000000000000e+00 0.000000000000000000e+00 0.000000000000000000e+00 0.000000000000000000e+00
1.500000000000000000e+04 5.999882222287555855e-02 0.000000000000000000e+00 1.000000000000000000e+00 0.000000000000000000e+00 0.000000000000000000e+00 0.000000000000000000e+00
1.525000000000000000e+04 6.099880259325662912e-02 0.000000000000000000e+00 1.000000000000000000e+00 0.000000000000000000e+00 0.000000000000000000e+00 0.000000000000000000e+00
1.550000000000000000e+04 6.199878296363792174e-02 0.000000000000000000e+00 1.000000000000000000e+00 0.000000000000000000e+00 0.000000000000000000e+00 0.000000000000000000e+00
1.575000000000000000e+04 6.299876333401921435e-02 0.000000000000000000e+00 1.000000000000000000e+00 0.000000000000000000e+00 0.000000000000000000e+00 0.000000000000000000e+00
1.600000000000000000e+04 6.399874370440050697e-02 0.000000000000000000e+00 1.000000000000000000e+00 0.000000000000000000e+00 0.000000000000000000e+00 0.000000000000000000e+00
1.625000000000000000e+04 6.499872407478179959e-02 0.000000000000000000e+00 1.000000000000000000e+00 0.000000000000000000e+00 0.000000000000000000e+00 0.000000000000000000e+00
1.650000000000000000e+04 6.599870444516309220e-02 0.000000000000000000e+00 1.000000000000000000e+00 0.000000000000000000e+00 0.000000000000000000e+00 0.000000000000000000e+00
1.675000000000000000e+04 6.699868481554416277e-02 2.275830678197542133e-04 9.997724169321802190e-01 0.000000000000000000e+00 0.000000000000000000e+00 0.000000000000000000e+00
1.700000000000000000e+04 6.799866518592545539e-02 0.000000000000000000e+00 1.000000000000000000e+00 0.000000000000000000e+00 0.000000000000000000e+00 0.000000000000000000e+00
1.725000000000000000e+04 6.899864555630674801e-02 0.000000000000000000e+00 1.000000000000000000e+00 0.000000000000000000e+00 0.000000000000000000e+00 0.000000000000000000e+00
1.750000000000000000e+04 6.999862592668804062e-02 3.413746017296313199e-04 9.996586253982703285e-01 0.000000000000000000e+00 0.000000000000000000e+00 0.000000000000000000e+00
1.775000000000000000e+04 7.099860629706933324e-02 4.551661356395084266e-04 9.995448338643604380e-01 0.000000000000000000e+00 0.000000000000000000e+00 0.000000000000000000e+00
1.800000000000000000e+04 7.199858666745062585e-02 3.413746017296313199e-04 9.995448338643604380e-01 0.000000000000000000e+00 1.137915339098771066e-04 0.000000000000000000e+00
1.825000000000000000e+04 7.299856703783191847e-02 0.000000000000000000e+00 1.000000000000000000e+00 0.000000000000000000e+00 0.000000000000000000e+00 0.000000000000000000e+00
1.850000000000000000e+04 7.399854740821298904e-02 2.275830678197542133e-04 9.997724169321802190e-01 0.000000000000000000e+00 0.000000000000000000e+00 0.000000000000000000e+00
1.875000000000000000e+04 7.499852777859428166e-02 0.000000000000000000e+00 1.000000000000000000e+00 0.000000000000000000e+00 0.000000000000000000e+00 0.000000000000000000e+00
1.900000000000000000e+04 7.599850814897557427e-02 1.137915339098771066e-04 9.998862084660901095e-01 0.000000000000000000e+00 0.000000000000000000e+00 0.000000000000000000e+00
1.925000000000000000e+04 7.699848851935686689e-02 4.551661356395084266e-04 9.995448338643604380e-01 0.000000000000000000e+00 0.000000000000000000e+00 0.000000000000000000e+00
1.950000000000000000e+04 7.799846888973815950e-02 7.965407373691396923e-04 9.992034592626308775e-01 0.000000000000000000e+00 0.000000000000000000e+00 0.000000000000000000e+00
1.975000000000000000e+04 7.899844926011945212e-02 0.000000000000000000e+00 1.000000000000000000e+00 0.000000000000000000e+00 0.000000000000000000e+00 0.000000000000000000e+00
2.000000000000000000e+04 7.999842963050052269e-02 2.275830678197542133e-04 9.996586253982703285e-01 0.000000000000000000e+00 1.137915339098771066e-04 0.000000000000000000e+00
2.025000000000000000e+04 8.099841000088181531e-02 0.000000000000000000e+00 1.000000000000000000e+00 0.000000000000000000e+00 0.000000000000000000e+00 0.000000000000000000e+00
2.050000000000000000e+04 8.199839037126310792e-02 3.413746017296313199e-04 9.996586253982703285e-01 0.000000000000000000e+00 0.000000000000000000e+00 0.000000000000000000e+00
2.075000000000000000e+04 8.299837074164440054e-02 9.103322712790168532e-04 9.990896677287209870e-01 0.000000000000000000e+00 0.000000000000000000e+00 0.000000000000000000e+00
2.100000000000000000e+04 8.399835111202569315e-02 3.413746017296313199e-04 9.996586253982703285e-01 0.000000000000000000e+00 0.000000000000000000e+00 0.000000000000000000e+00
2.125000000000000000e+04 8.499833148240698577e-02 3.413746017296313199e-04 9.996586253982703285e-01 0.000000000000000000e+00 0.000000000000000000e+00 0.000000000000000000e+00
2.150000000000000000e+04 8.599831185278805634e-02 1.251706873008648227e-03 9.986345015930814251e-01 0.000000000000000000e+00 1.137915339098771066e-04 0.000000000000000000e+00
2.175000000000000000e+04 8.699829222316934896e-02 3.413746017296313199e-04 9.995448338643604380e-01 0.000000000000000000e+00 1.137915339098771066e-04 0.000000000000000000e+00
2.200000000000000000e+04 8.799827259355064157e-02 6.827492034592626399e-04 9.993172507965407680e-01 0.000000000000000000e+00 0.000000000000000000e+00 0.000000000000000000e+00
2.225000000000000000e+04 8.899825296393193419e-02 5.689576695493854790e-04 9.993172507965407680e-01 0.000000000000000000e+00 1.137915339098771066e-04 0.000000000000000000e+00
2.250000000000000000e+04 8.999823333431322681e-02 0.000000000000000000e+00 1.000000000000000000e+00 0.000000000000000000e+00 0.000000000000000000e+00 0.000000000000000000e+00
2.275000000000000000e+04 9.099821370469451942e-02 7.965407373691396923e-04 9.992034592626308775e-01 0.000000000000000000e+00 0.000000000000000000e+00 0.000000000000000000e+00
2.300000000000000000e+04 9.199819407507581204e-02 1.251706873008648227e-03 9.986345015930814251e-01 0.000000000000000000e+00 1.137915339098771066e-04 0.000000000000000000e+00
2.325000000000000000e+04 9.299817444545688261e-02 1.365498406918525280e-03 9.982931269913518646e-01 0.000000000000000000e+00 3.413746017296313199e-04 0.000000000000000000e+00
2.350000000000000000e+04 9.399815481583817522e-02 2.730996813837050560e-03 9.972690031861629611e-01 0.000000000000000000e+00 0.000000000000000000e+00 0.000000000000000000e+00
2.375000000000000000e+04 9.499813518621946784e-02 3.982703686845699004e-03 9.960172963131542767e-01 0.000000000000000000e+00 0.000000000000000000e+00 0.000000000000000000e+00
2.400000000000000000e+04 9.599811555660076046e-02 2.503413746017296455e-03 9.971552116522530707e-01 0.000000000000000000e+00 3.413746017296313199e-04 0.000000000000000000e+00
2.425000000000000000e+04 9.699809592698205307e-02 2.275830678197541916e-03 9.977241693218024121e-01 0.000000000000000000e+00 0.000000000000000000e+00 0.000000000000000000e+00
2.450000000000000000e+04 9.799807629736334569e-02 2.162039144287664864e-03 9.978379608557123026e-01 0.000000000000000000e+00 0.000000000000000000e+00 0.000000000000000000e+00
2.475000000000000000e+04 9.899805666774441626e-02 2.275830678197541916e-03 9.974965862539827421e-01 0.000000000000000000e+00 2.275830678197542133e-04 0.000000000000000000e+00
2.500000000000000000e+04 9.999803703812570888e-02 3.072371415566681717e-03 9.968138370505233992e-01 0.000000000000000000e+00 1.137915339098771066e-04 0.000000000000000000e+00
2.525000000000000000e+04 1.009980174085070015e-01 4.665452890304961318e-03 9.951069640418752638e-01 0.000000000000000000e+00 2.275830678197542133e-04 0.000000000000000000e+00
2.550000000000000000e+04 1.019979977788882941e-01 6.372325898953117539e-03 9.932862994993172379e-01 0.000000000000000000e+00 3.413746017296313199e-04 0.000000000000000000e+00
2.575000000000000000e+04 1.029979781492695867e-01 3.641329085116067413e-03 9.954483386436049352e-01 0.000000000000000000e+00 9.103322712790168532e-04 0.000000000000000000e+00
2.600000000000000000e+04 1.039979585196508793e-01 6.372325898953117539e-03 9.931725079654073474e-01 0.000000000000000000e+00 4.551661356395084266e-04 0.000000000000000000e+00
2.625000000000000000e+04 1.049979388900319499e-01 6.144742831133363434e-03 9.935138825671370189e-01 0.000000000000000000e+00 3.413746017296313199e-04 0.000000000000000000e+00
2.650000000000000000e+04 1.059979192604132425e-01 7.396449704142011444e-03 9.923759672280382249e-01 0.000000000000000000e+00 2.275830678197542133e-04 0.000000000000000000e+00
2.675000000000000000e+04 1.069978996307945351e-01 1.081019572143832562e-02 9.886208466090122826e-01 0.000000000000000000e+00 5.689576695493854790e-04 0.000000000000000000e+00
2.700000000000000000e+04 1.079978800011758278e-01 1.012744651797906244e-02 9.883932635411925016e-01 0.000000000000000000e+00 1.479289940828402332e-03 0.000000000000000000e+00
2.725000000000000000e+04 1.089978603715571204e-01 1.422394173873463806e-02 9.830450614474283144e-01 0.000000000000000000e+00 2.730996813837050560e-03 0.000000000000000000e+00
2.750000000000000000e+04 1.099978407419384130e-01 5.052344105598543383e-02 8.989531178880291185e-01 0.000000000000000000e+00 5.052344105598543383e-02 0.000000000000000000e+00
2.775000000000000000e+04 1.109978211123197056e-01 1.744424214838415921e-01 2.810650887573964418e-01 2.173418297678652786e-02 5.227583067819754348e-01 0.000000000000000000e+00
2.800000000000000000e+04 1.119978014827007762e-01 1.034365043240782905e-01 6.281292671825216001e-01 2.448793809740555383e-01 2.355484751934456070e-02 0.000000000000000000e+00
2.825000000000000000e+04 1.129977818530820688e-01 8.045061447428311641e-02 6.847974510696404060e-01 2.274692762858443462e-01 7.282658170232134826e-03 0.000000000000000000e+00
2.850000000000000000e+04 1.139977622234633614e-01 7.817478379608557015e-02 6.945835229858898785e-01 2.203004096495220776e-01 6.941283568502503235e-03 0.000000000000000000e+00
2.875000000000000000e+04 1.149977425938446540e-01 6.645425580336822291e-02 7.003868912152936277e-01 2.261037778789257990e-01 7.055075102412380721e-03 0.000000000000000000e+00
2.900000000000000000e+04 1.159977229642259466e-01 7.157487482931269851e-02 6.993627674101047242e-01 2.253072371415566766e-01 3.755120619025944465e-03 0.000000000000000000e+00
2.925000000000000000e+04 1.169977033346072393e-01 7.635411925352754425e-02 6.958352298588984519e-01 2.240555302685480199e-01 3.755120619025944465e-03 0.000000000000000000e+00
2.950000000000000000e+04 1.179976837049883098e-01 7.225762403277195822e-02 6.997041420118342847e-01 2.245106964041875264e-01 3.527537551206190360e-03 0.000000000000000000e+00
2.975000000000000000e+04 1.189976640753696024e-01 7.225762403277195822e-02 6.978834774692762588e-01 2.239417387346381294e-01 5.917159763313609329e-03 0.000000000000000000e+00
3.000000000000000000e+04 1.199976444457508951e-01 7.248520710059171146e-02 6.987938097405552718e-01 2.254210286754665393e-01 3.299954483386436255e-03 0.000000000000000000e+00
3.025000000000000000e+04 1.209976248161321877e-01 7.259899863450158808e-02 6.977696859353663683e-01 2.238279472007282667e-01 5.803368229403732710e-03 0.000000000000000000e+00
3.050000000000000000e+04 1.219976051865134803e-01 6.668183887118799003e-02 7.005006827492034072e-01 2.263313609467455523e-01 6.486117432862995025e-03 0.000000000000000000e+00
3.075000000000000000e+04 1.229975855568947729e-01 7.271279016841146470e-02 6.997041420118342847e-01 2.237141556668183762e-01 3.868912152935821518e-03 0.000000000000000000e+00
3.100000000000000000e+04 1.239975659272760655e-01 7.123350022758306865e-02 7.008420573509330787e-01 2.243969048702776636e-01 3.527537551206190360e-03 0.000000000000000000e+00
3.125000000000000000e+04 1.249975462976571361e-01 7.328174783796086167e-02 6.987938097405552718e-01 2.236003641329085134e-01 4.324078288575329727e-03 0.000000000000000000e+00
3.150000000000000000e+04 1.259975266680384287e-01 6.816112881201638607e-02 6.983386436049158208e-01 2.274692762858443462e-01 6.030951297223486815e-03 0.000000000000000000e+00
3.175000000000000000e+04 1.269975070384197213e-01 7.271279016841146470e-02 6.984524351388257113e-01 2.237141556668183762e-01 5.120619025944469528e-03 0.000000000000000000e+00
3.200000000000000000e+04 1.279974874088010139e-01 7.498862084660901095e-02 6.992489758761948337e-01 2.242831133363677731e-01 1.479289940828402332e-03 0.000000000000000000e+00
3.225000000000000000e+04 1.289974677791823066e-01 7.237141556668183484e-02 6.984524351388257113e-01 2.258761948111060458e-01 3.299954483386436255e-03 0.000000000000000000e+00
3.250000000000000000e+04 1.299974481495635992e-01 7.521620391442876419e-02 6.977696859353663683e-01 2.247382794720072796e-01 2.275830678197541916e-03 0.000000000000000000e+00
3.275000000000000000e+04 1.309974285199446697e-01 7.658170232134729749e-02 6.968593536640873554e-01 2.215521165225307343e-01 5.006827492034592909e-03 0.000000000000000000e+00
3.300000000000000000e+04 1.319974088903259624e-01 7.794720072826581692e-02 6.973145197997269173e-01 2.228038233955393632e-01 1.934456076467910759e-03 0.000000000000000000e+00
3.325000000000000000e+04 1.329973892607072550e-01 7.703686845698680397e-02 6.962903959945380139e-01 2.242831133363677731e-01 2.389622212107419402e-03 0.000000000000000000e+00
3.350000000000000000e+04 1.339973696310885476e-01 7.555757851615839404e-02 6.977696859353663683e-01 2.237141556668183762e-01 2.958579881656804664e-03 0.000000000000000000e+00
3.375000000000000000e+04 1.349973500014698402e-01 7.703686845698680397e-02 6.974283113336368078e-01 2.237141556668183762e-01 1.820664542558033706e-03 0.000000000000000000e+00
3.400000000000000000e+04 1.359973303718511328e-01 8.181611288120163583e-02 6.966317705962676854e-01 2.185935366408739144e-01 2.958579881656804664e-03 0.000000000000000000e+00
3.425000000000000000e+04 1.369973107422322034e-01 8.284023668639053928e-02 6.960628129267182329e-01 2.182521620391442985e-01 2.844788347746927612e-03 0.000000000000000000e+00
3.450000000000000000e+04 1.379972911126134960e-01 8.534365043240782489e-02 6.944697314519799880e-01 2.181383705052344080e-01 2.048247610377787811e-03 0.000000000000000000e+00
3.475000000000000000e+04 1.389972714829947886e-01 8.807464724624487762e-02 6.935593991807009751e-01 2.162039144287664916e-01 2.162039144287664864e-03 0.000000000000000000e+00
3.500000000000000000e+04 1.399972518533760812e-01 9.410559854346836617e-02 6.913973600364132777e-01 2.129039599453800558e-01 1.593081474738279385e-03 0.000000000000000000e+00
3.525000000000000000e+04 1.409972322237573739e-01 9.239872553482020301e-02 6.928766499772417431e-01 2.133591260810195622e-01 1.365498406918525280e-03 0.000000000000000000e+00
3.550000000000000000e+04 1.419972125941386665e-01 9.626763768775603580e-02 6.901456531634045932e-01 2.107419208010923861e-01 2.844788347746927612e-03 0.000000000000000000e+00
3.575000000000000000e+04 1.429971929645199591e-01 1.099226217569412856e-01 6.807009558488847922e-01 2.069868001820664438e-01 2.389622212107419402e-03 0.000000000000000000e+00
3.600000000000000000e+04 1.439971733349010297e-01 1.334774692762858428e-01 6.748975876194811541e-01 1.845698680018206528e-01 7.055075102412380721e-03 0.000000000000000000e+00
3.625000000000000000e+04 1.449971537052823223e-01 1.653390987710514348e-01 6.779699590350477534e-01 1.474738279472007363e-01 9.217114246700046018e-03 0.000000000000000000e+00
3.650000000000000000e+04 1.459971340756636149e-01 1.491807009558488717e-01 6.813837050523441352e-01 1.573736913973600438e-01 1.206190259444697363e-02 0.000000000000000000e+00
3.675000000000000000e+04 1.469971144460449075e-01 1.218707328174783860e-01 6.884387801547564578e-01 1.793354574419663283e-01 1.035502958579881741e-02 0.000000000000000000e+00
3.700000000000000000e+04 1.479970948164262001e-01 1.166363222576240338e-01 6.484979517523896675e-01 2.255348202093764298e-01 9.330905780609922637e-03 0.000000000000000000e+00
3.725000000000000000e+04 1.489970751868074927e-01 1.067364588074647264e-01 6.639736003641328876e-01 2.213245334547109811e-01 7.965407373691398007e-03 0.000000000000000000e+00
3.750000000000000000e+04 1.499970555571885633e-01 9.569868001820663883e-02 6.752389622212107145e-01 2.261037778789257990e-01 2.958579881656804664e-03 0.000000000000000000e+00
3.775000000000000000e+04 1.509970359275698559e-01 9.319526627218935322e-02 6.802457897132453413e-01 2.246244879380974169e-01 1.934456076467910759e-03 0.000000000000000000e+00
3.800000000000000000e+04 1.519970162979511485e-01 9.012289485662267063e-02 6.832043695949021611e-01 2.243969048702776636e-01 2.275830678197541916e-03 0.000000000000000000e+00
3.825000000000000000e+04 1.529969966683324412e-01 8.864360491579426071e-02 6.821802457897132577e-01 2.272416932180245652e-01 1.934456076467910759e-03 0.000000000000000000e+00
3.850000000000000000e+04 1.539969770387137338e-01 8.750568957669549452e-02 6.811561219845243542e-01 2.281520254893036059e-01 3.186162949476558769e-03 0.000000000000000000e+00
3.875000000000000000e+04 1.549969574090950264e-01 8.944014565316341092e-02 6.834319526627219421e-01 2.248520710059171701e-01 2.275830678197541916e-03 0.000000000000000000e+00
3.900000000000000000e+04 1.559969377794760970e-01 8.887118798361401395e-02 6.818388711879835862e-01 2.254210286754665393e-01 3.868912152935821518e-03 0.000000000000000000e+00
3.925000000000000000e+04 1.569969181498573896e-01 9.023668639053254725e-02 6.816112881201638052e-01 2.256486117432862926e-01 2.503413746017296455e-03 0.000000000000000000e+00
3.950000000000000000e+04 1.579968985202386822e-01 8.887118798361401395e-02 6.826354119253527086e-01 2.267865270823850588e-01 1.706873008648156654e-03 0.000000000000000000e+00
3.975000000000000000e+04 1.589968788906199748e-01 8.784706417842512438e-02 6.807009558488847922e-01 2.280382339553937154e-01 3.413746017296313308e-03 0.000000000000000000e+00
4.000000000000000000e+04 1.599968592610012674e-01 8.932635411925353430e-02 6.794492489758762188e-01 2.294037323623122349e-01 1.820664542558033706e-03 0.000000000000000000e+00
4.025000000000000000e+04 1.609968396313825600e-01 8.989531178880291740e-02 6.778561675011378629e-01 2.295175238962221254e-01 2.730996813837050560e-03 0.000000000000000000e+00
4.050000000000000000e+04 1.619968200017638527e-01 8.898497951752389057e-02 6.804733727810651223e-01 2.273554847519344557e-01 3.186162949476558769e-03 0.000000000000000000e+00
4.075000000000000000e+04 1.629968003721449232e-01 8.921256258534364381e-02 6.781975421028675344e-01 2.299726900318616318e-01 2.617205279927173507e-03 0.000000000000000000e+00
4.100000000000000000e+04 1.639967807425262158e-01 9.023668639053254725e-02 6.785389167045972059e-01 2.283796085571233592e-01 2.844788347746927612e-03 0.000000000000000000e+00
4.125000000000000000e+04 1.649967611129075085e-01 9.057806099226217711e-02 6.792216659080564378e-01 2.279244424214838527e-01 2.275830678197541916e-03 0.000000000000000000e+00
4.150000000000000000e+04 1.659967414832888011e-01 8.989531178880291740e-02 6.786527082385070964e-01 2.283796085571233592e-01 3.072371415566681717e-03 0.000000000000000000e+00
4.175000000000000000e+04 1.669967218536700937e-01 8.852981338188438409e-02 6.788802913063267663e-01 2.295175238962221254e-01 3.072371415566681717e-03 0.000000000000000000e+00
4.200000000000000000e+04 1.679967022240513863e-01 9.182976786527081992e-02 6.725079654073736757e-01 2.317933545744196577e-01 3.868912152935821518e-03 0.000000000000000000e+00
4.225000000000000000e+04 1.689966825944324569e-01 8.978152025489304078e-02 6.778561675011378629e-01 2.291761492944924816e-01 3.186162949476558769e-03 0.000000000000000000e+00
4.250000000000000000e+04 1.699966629648137495e-01 8.784706417842512438e-02 6.753527537551206050e-01 2.330450614474283144e-01 3.755120619025944465e-03 0.000000000000000000e+00
4.275000000000000000e+04 1.709966433351950421e-01 8.875739644970413733e-02 6.761492944924897275e-01 2.313381884387801513e-01 3.755120619025944465e-03 0.000000000000000000e+00
4.300000000000000000e+04 1.719966237055763347e-01 9.365043240782885969e-02 6.713700500682748817e-01 2.325898953117888079e-01 2.389622212107419402e-03 0.000000000000000000e+00
4.325000000000000000e+04 1.729966040759576273e-01 9.137460172963131344e-02 6.748975876194811541e-01 2.314519799726900418e-01 2.275830678197541916e-03 0.000000000000000000e+00
4.350000000000000000e+04 1.739965844463389200e-01 9.114701866181156020e-02 6.728493400091033472e-01 2.322485207100591642e-01 3.755120619025944465e-03 0.000000000000000000e+00
4.375000000000000000e+04 1.749965648167199905e-01 9.194355939918069653e-02 6.723941738734637852e-01 2.322485207100591642e-01 3.413746017296313308e-03 0.000000000000000000e+00
4.400000000000000000e+04 1.759965451871012831e-01 9.251251706873007963e-02 6.690942193900774049e-01 2.344105598543468338e-01 3.982703686845699004e-03 0.000000000000000000e+00
4.425000000000000000e+04 1.769965255574825758e-01 9.456076467910787264e-02 6.693218024578971859e-01 2.329312699135184239e-01 3.186162949476558769e-03 0.000000000000000000e+00
4.450000000000000000e+04 1.779965059278638684e-01 9.387801547564861293e-02 6.672735548475193790e-01 2.350933090578060936e-01 3.755120619025944465e-03 0.000000000000000000e+00
4.475000000000000000e+04 1.789964862982451610e-01 9.751934456076467861e-02 6.636322257624033272e-01 2.350933090578060936e-01 3.755120619025944465e-03 0.000000000000000000e+00
4.500000000000000000e+04 1.799964666686264536e-01 9.490213928083750250e-02 6.669321802457897075e-01 2.338416021847974646e-01 4.324078288575329727e-03 0.000000000000000000e+00
4.525000000000000000e+04 1.809964470390077462e-01 9.649522075557578904e-02 6.648839326354119006e-01 2.354346836595357373e-01 3.186162949476558769e-03 0.000000000000000000e+00
4.550000000000000000e+04 1.819964274093888168e-01 9.797451069640418508e-02 6.642011834319526686e-01 2.333864360491579304e-01 4.437869822485207214e-03 0.000000000000000000e+00
4.575000000000000000e+04 1.829964077797701094e-01 9.842967683204369156e-02 6.618115612198451903e-01 2.329312699135184239e-01 6.827492034592626616e-03 0.000000000000000000e+00
4.600000000000000000e+04 1.839963881501514020e-01 1.076467910787437393e-01 6.566909421939007840e-01 2.299726900318616318e-01 5.689576695493855224e-03 0.000000000000000000e+00
4.625000000000000000e+04 1.849963685205326946e-01 1.088984979517523960e-01 6.618115612198451903e-01 2.198452435138825711e-01 9.444697314519799256e-03 0.000000000000000000e+00
4.650000000000000000e+04 1.859963488909139873e-01 1.099226217569412856e-01 6.766044606281292895e-01 2.061902594446973214e-01 7.282658170232134826e-03 0.000000000000000000e+00
4.675000000000000000e+04 1.869963292612952799e-01 1.051433773327264398e-01 6.791078743741465473e-01 2.065316340464269373e-01 9.217114246700046018e-03 0.000000000000000000e+00
4.700000000000000000e+04 1.879963096316763504e-01 1.055985434683659602e-01 6.807009558488847922e-01 2.059626763768775681e-01 7.737824305871643035e-03 0.000000000000000000e+00
4.725000000000000000e+04 1.889962900020576431e-01 1.051433773327264398e-01 6.846836595357305155e-01 2.041420118343195145e-01 6.030951297223486815e-03 0.000000000000000000e+00
4.750000000000000000e+04 1.899962703724389357e-01 1.042330450614474269e-01 6.824078288575330387e-01 2.053937187073281712e-01 7.965407373691398007e-03 0.000000000000000000e+00
4.775000000000000000e+04 1.909962507428202283e-01 1.048020027309968100e-01 6.804733727810651223e-01 2.060764679107874309e-01 8.648156577150659455e-03 0.000000000000000000e+00
4.800000000000000000e+04 1.919962311132015209e-01 1.055985434683659602e-01 6.824078288575330387e-01 2.064178425125170746e-01 5.575785161583977738e-03 0.000000000000000000e+00
4.825000000000000000e+04 1.929962114835828135e-01 1.041192535275375503e-01 6.829767865270823801e-01 2.051661356395084179e-01 7.737824305871643035e-03 0.000000000000000000e+00
4.850000000000000000e+04 1.939961918539641061e-01 1.082157487482931224e-01 6.764906690942193990e-01 2.091488393263541135e-01 6.144742831133363434e-03 0.000000000000000000e+00
4.875000000000000000e+04 1.949961722243451767e-01 1.279016841147018746e-01 6.264223941738734647e-01 2.396449704142011861e-01 6.030951297223486815e-03 0.000000000000000000e+00
4.900000000000000000e+04 1.959961525947264693e-01 1.305188893946290507e-01 6.137915339098770628e-01 2.498862084660901095e-01 5.803368229403732710e-03 0.000000000000000000e+00
4.925000000000000000e+04 1.969961329651077619e-01 1.329085116067364458e-01 6.335912608101956778e-01 2.271279016841147025e-01 6.372325898953117539e-03 0.000000000000000000e+00
4.950000000000000000e+04 1.979961133354890546e-01 1.363222576240327721e-01 6.586253982703687004e-01 1.984524351388256835e-01 6.599908966772872511e-03 0.000000000000000000e+00
4.975000000000000000e+04 1.989960937058703472e-01 1.331360946745562268e-01 6.529358215748748417e-01 2.065316340464269373e-01 7.396449704142011444e-03 0.000000000000000000e+00
5.000000000000000000e+04 1.999960740762516398e-01 1.308602639963586667e-01 6.532771961766045132e-01 2.088074647246244975e-01 7.055075102412380721e-03 0.000000000000000000e+00
5.025000000000000000e+04 2.009960544466327104e-01 1.310878470641784199e-01 6.553254437869822091e-01 2.077833409194355940e-01 5.803368229403732710e-03 0.000000000000000000e+00
5.050000000000000000e+04 2.019960348170140030e-01 1.294947655894401473e-01 6.547564861174328676e-01 2.098315885298133732e-01 5.917159763313609329e-03 0.000000000000000000e+00
5.075000000000000000e+04 2.029960151873952956e-01 1.276741010468821214e-01 6.553254437869822091e-01 2.101729631315430169e-01 6.827492034592626616e-03 0.000000000000000000e+00
5.100000000000000000e+04 2.039959955577765882e-01 1.283568502503413811e-01 6.545289030496130867e-01 2.122212107419207960e-01 4.893035958124715423e-03 0.000000000000000000e+00
5.125000000000000000e+04 2.049959759281578808e-01 1.297223486572599005e-01 6.536185707783340737e-01 2.088074647246244975e-01 7.851615839781519654e-03 0.000000000000000000e+00
5.150000000000000000e+04 2.059959562985391734e-01 1.273327264451524776e-01 6.557806099226217711e-01 2.093764223941738667e-01 7.510241238051888930e-03 0.000000000000000000e+00
5.175000000000000000e+04 2.069959366689202440e-01 1.315430131998179264e-01 6.585116067364588099e-01 2.024351388256713791e-01 7.510241238051888930e-03 0.000000000000000000e+00
5.200000000000000000e+04 2.079959170393015366e-01 1.374601729631315383e-01 6.704597177969958688e-01 1.862767410104688159e-01 5.803368229403732710e-03 0.000000000000000000e+00
5.225000000000000000e+04 2.089958974096828292e-01 1.418980427856167403e-01 6.910559854346836062e-01 1.614701866181156020e-01 5.575785161583977738e-03 0.000000000000000000e+00
5.250000000000000000e+04 2.099958777800641219e-01 1.307464724624488039e-01 7.076695493855257313e-01 1.543013199817933612e-01 7.282658170232134826e-03 0.000000000000000000e+00
5.275000000000000000e+04 2.109958581504454145e-01 1.276741010468821214e-01 7.022075557578516536e-01 1.627218934911242587e-01 7.396449704142011444e-03 0.000000000000000000e+00
5.300000000000000000e+04 2.119958385208267071e-01 1.312016385980883104e-01 6.887801547564861293e-01 1.721665908056440597e-01 7.851615839781519654e-03 0.000000000000000000e+00
5.325000000000000000e+04 2.129958188912079997e-01 1.292671825216203940e-01 6.944697314519799880e-01 1.688666363222576239e-01 7.396449704142011444e-03 0.000000000000000000e+00
5.350000000000000000e+04 2.139957992615890703e-01 1.231224396904870289e-01 7.039144287664997890e-01 1.636322257624032717e-01 9.330905780609922637e-03 0.000000000000000000e+00
5.375000000000000000e+04 2.149957796319703629e-01 1.261948111060537114e-01 6.985662266727356018e-01 1.644287664997724219e-01 1.081019572143832562e-02 0.000000000000000000e+00
5.400000000000000000e+04 2.159957600023516555e-01 1.226672735548475224e-01 7.099453800637232082e-01 1.579426490669094130e-01 9.444697314519799256e-03 0.000000000000000000e+00
5.425000000000000000e+04 2.169957403727329481e-01 1.252844788347746985e-01 7.056213017751479244e-01 1.614701866181156020e-01 7.624032771961766417e-03 0.000000000000000000e+00
5.450000000000000000e+04 2.179957207431142407e-01 1.209604005461993592e-01 7.134729176149294805e-01 1.588529813381884259e-01 6.713700500682749130e-03 0.000000000000000000e+00
5.475000000000000000e+04 2.189957011134955334e-01 1.225534820209376458e-01 7.088074647246245252e-01 1.614701866181156020e-01 7.168866636322257339e-03 0.000000000000000000e+00
5.500000000000000000e+04 2.199956814838766039e-01 1.239189804278561652e-01 7.105143377332726606e-01 1.577150659990896597e-01 7.851615839781519654e-03 0.000000000000000000e+00
5.525000000000000000e+04 2.209956618542578966e-01 1.255120619025944517e-01 7.100591715976330986e-01 1.579426490669094130e-01 6.486117432862995025e-03 0.000000000000000000e+00
5.550000000000000000e+04 2.219956422246391892e-01 1.256258534365043145e-01 7.047109695038689114e-01 1.632908511606736557e-01 6.372325898953117539e-03 0.000000000000000000e+00
5.575000000000000000e+04 2.229956225950204818e-01 1.205052344105598527e-01 7.090350477924441952e-01 1.626081019572143960e-01 7.851615839781519654e-03 0.000000000000000000e+00
5.600000000000000000e+04 2.239956029654017744e-01 1.222121074192080159e-01 7.072143832498861693e-01 1.637460172963131622e-01 6.827492034592626616e-03 0.000000000000000000e+00
5.625000000000000000e+04 2.249955833357830670e-01 1.228948566226672756e-01 7.090350477924441952e-01 1.615839781520254925e-01 6.486117432862995025e-03 0.000000000000000000e+00
5.650000000000000000e+04 2.259955637061641376e-01 1.230086481565771522e-01 7.075557578516158408e-01 1.636322257624032717e-01 5.803368229403732710e-03 0.000000000000000000e+00
5.675000000000000000e+04 2.269955440765454302e-01 1.233500227583067821e-01 7.075557578516158408e-01 1.612426035502958488e-01 7.851615839781519654e-03 0.000000000000000000e+00
