# itime ezz other fcc hcp bcc ico
0.000000000000000000e+00 0.000000000000000000e+00 1.137915339098770958e-03 9.988620846609012061e-01 0.000000000000000000e+00 0.000000000000000000e+00 0.000000000000000000e+00
2.500000000000000000e+02 9.999746056603697753e-04 1.934456076467910759e-03 9.980655439235320836e-01 0.000000000000000000e+00 0.000000000000000000e+00 0.000000000000000000e+00
5.000000000000000000e+02 1.999949211320961595e-03 1.479289940828402332e-03 9.985207100591716456e-01 0.000000000000000000e+00 0.000000000000000000e+00 0.000000000000000000e+00
7.500000000000000000e+02 2.999923816981331370e-03 5.689576695493854790e-04 9.994310423304506585e-01 0.000000000000000000e+00 0.000000000000000000e+00 0.000000000000000000e+00
1.000000000000000000e+03 3.999898422641701146e-03 1.593081474738279385e-03 9.982931269913518646e-01 0.000000000000000000e+00 1.137915339098771066e-04 0.000000000000000000e+00
1.250000000000000000e+03 4.999873028302070921e-03 5.689576695493854790e-04 9.994310423304506585e-01 0.000000000000000000e+00 0.000000000000000000e+00 0.000000000000000000e+00
1.500000000000000000e+03 5.999847633962662741e-03 1.251706873008648227e-03 9.986345015930814251e-01 0.000000000000000000e+00 1.137915339098771066e-04 0.000000000000000000e+00
1.750000000000000000e+03 6.999822239623032516e-03 9.103322712790168532e-04 9.990896677287209870e-01 0.000000000000000000e+00 0.000000000000000000e+00 0.000000000000000000e+00
2.000000000000000000e+03 7.999796845283402291e-03 1.137915339098770958e-03 9.988620846609012061e-01 0.000000000000000000e+00 0.000000000000000000e+00 0.000000000000000000e+00
2.250000000000000000e+03 8.999771450943772066e-03 4.551661356395084266e-04 9.995448338643604380e-01 0.000000000000000000e+00 0.000000000000000000e+00 0.000000000000000000e+00
2.500000000000000000e+03 9.999746056604363886e-03 1.251706873008648227e-03 9.987482931269913156e-01 0.000000000000000000e+00 0.000000000000000000e+00 0.000000000000000000e+00
2.750000000000000000e+03 1.099972066226473366e-02 1.934456076467910759e-03 9.980655439235320836e-01 0.000000000000000000e+00 0.000000000000000000e+00 0.000000000000000000e+00
3.000000000000000000e+03 1.199969526792510344e-02 7.965407373691396923e-04 9.992034592626308775e-01 0.000000000000000000e+00 0.000000000000000000e+00 0.000000000000000000e+00
3.250000000000000000e+03 1.299966987358547321e-02 2.048247610377787811e-03 9.978379608557123026e-01 0.000000000000000000e+00 1.137915339098771066e-04 0.000000000000000000e+00
3.500000000000000000e+03 1.399964447924606503e-02 9.103322712790168532e-04 9.990896677287209870e-01 0.000000000000000000e+00 0.000000000000000000e+00 0.000000000000000000e+00
3.750000000000000000e+03 1.499961908490643481e-02 2.730996813837050560e-03 9.971552116522530707e-01 0.000000000000000000e+00 1.137915339098771066e-04 0.000000000000000000e+00
4.000000000000000000e+03 1.599959369056680458e-02 2.275830678197542133e-04 9.997724169321802190e-01 0.000000000000000000e+00 0.000000000000000000e+00 0.000000000000000000e+00
4.250000000000000000e+03 1.699956829622717436e-02 7.965407373691396923e-04 9.992034592626308775e-01 0.000000000000000000e+00 0.000000000000000000e+00 0.000000000000000000e+00
4.500000000000000000e+03 1.799954290188776618e-02 1.479289940828402332e-03 9.985207100591716456e-01 0.000000000000000000e+00 0.000000000000000000e+00 0.000000000000000000e+00
4.750000000000000000e+03 1.899951750754813595e-02 5.006827492034592909e-03 9.948793809740554828e-01 0.000000000000000000e+00 1.137915339098771066e-04 0.000000000000000000e+00
5.000000000000000000e+03 1.999949211320850573e-02 1.251706873008648227e-03 9.985207100591716456e-01 0.000000000000000000e+00 2.275830678197542133e-04 0.000000000000000000e+00
5.250000000000000000e+03 2.099946671886887550e-02 1.706873008648156654e-03 9.982931269913518646e-01 0.000000000000000000e+00 0.000000000000000000e+00 0.000000000000000000e+00
5.500000000000000000e+03 2.199944132452946732e-02 2.844788347746927612e-03 9.970414201183431802e-01 0.000000000000000000e+00 1.137915339098771066e-04 0.000000000000000000e+00
5.750000000000000000e+03 2.299941593018983710e-02 2.389622212107419402e-03 9.976103777878926326e-01 0.000000000000000000e+00 0.000000000000000000e+00 0.000000000000000000e+00
6.000000000000000000e+03 2.399939053585020687e-02 2.617205279927173507e-03 9.973827947200728516e-01 0.000000000000000000e+00 0.000000000000000000e+00 0.000000000000000000e+00
6.250000000000000000e+03 2.499936514151057665e-02 1.934456076467910759e-03 9.980655439235320836e-01 0.000000000000000000e+00 0.000000000000000000e+00 0.000000000000000000e+00
6.500000000000000000e+03 2.599933974717116847e-02 1.365498406918525280e-03 9.986345015930814251e-01 0.000000000000000000e+00 0.000000000000000000e+00 0.000000000000000000e+00
6.750000000000000000e+03 2.699931435283153824e-02 5.006827492034592909e-03 9.949931725079653733e-01 0.000000000000000000e+00 0.000000000000000000e+00 0.000000000000000000e+00
7.000000000000000000e+03 2.799928895849190802e-02 3.186162949476558769e-03 9.968138370505233992e-01 0.000000000000000000e+00 0.000000000000000000e+00 0.000000000000000000e+00
7.250000000000000000e+03 2.899926356415227779e-02 2.162039144287664864e-03 9.978379608557123026e-01 0.000000000000000000e+00 0.000000000000000000e+00 0.000000000000000000e+00
7.500000000000000000e+03 2.999923816981286961e-02 2.389622212107419402e-03 9.974965862539827421e-01 0.000000000000000000e+00 1.137915339098771066e-04 0.000000000000000000e+00
7.750000000000000000e+03 3.099921277547323939e-02 3.527537551206190360e-03 9.962448793809740577e-01 0.000000000000000000e+00 2.275830678197542133e-04 0.000000000000000000e+00
8.000000000000000000e+03 3.199918738113360916e-02 4.551661356395083832e-03 9.953345471096950448e-01 0.000000000000000000e+00 1.137915339098771066e-04 0.000000000000000000e+00
8.250000000000000000e+03 3.299916198679397894e-02 5.120619025944469528e-03 9.947655894401457033e-01 0.000000000000000000e+00 1.137915339098771066e-04 0.000000000000000000e+00
8.500000000000000000e+03 3.399913659245457076e-02 7.055075102412380721e-03 9.928311333636777869e-01 0.000000000000000000e+00 1.137915339098771066e-04 0.000000000000000000e+00
8.750000000000000000e+03 3.499911119811494054e-02 3.413746017296313308e-03 9.964724624487938387e-01 0.000000000000000000e+00 1.137915339098771066e-04 0.000000000000000000e+00
9.000000000000000000e+03 3.599908580377531031e-02 6.486117432862995025e-03 9.931725079654073474e-01 0.000000000000000000e+00 3.413746017296313199e-04 0.000000000000000000e+00
9.250000000000000000e+03 3.699906040943568009e-02 8.761948111060537808e-03 9.906690942193900895e-01 0.000000000000000000e+00 5.689576695493854790e-04 0.000000000000000000e+00
9.500000000000000000e+03 3.799903501509627191e-02 4.096495220755575623e-03 9.957897132453344957e-01 0.000000000000000000e+00 1.137915339098771066e-04 0.000000000000000000e+00
9.750000000000000000e+03 3.899900962075664168e-02 9.672280382339554228e-03 9.901001365498406370e-01 0.000000000000000000e+00 2.275830678197542133e-04 0.000000000000000000e+00
1.000000000000000000e+04 3.999898422641701146e-02 8.989531178880291046e-03 9.901001365498406370e-01 0.000000000000000000e+00 9.103322712790168532e-04 0.000000000000000000e+00
1.025000000000000000e+04 4.099895883207738123e-02 8.875739644970414427e-03 9.904415111515703085e-01 0.000000000000000000e+00 6.827492034592626399e-04 0.000000000000000000e+00
1.050000000000000000e+04 4.199893343773797305e-02 1.001365498406918582e-02 9.896449704142011861e-01 0.000000000000000000e+00 3.413746017296313199e-04 0.000000000000000000e+00
1.075000000000000000e+04 4.299890804339834283e-02 1.001365498406918582e-02 9.893035958124715146e-01 0.000000000000000000e+00 6.827492034592626399e-04 0.000000000000000000e+00
1.100000000000000000e+04 4.399888264905871260e-02 1.035502958579881741e-02 9.894173873463814051e-01 0.000000000000000000e+00 2.275830678197542133e-04 0.000000000000000000e+00
1.125000000000000000e+04 4.499885725471908238e-02 1.126536185707783383e-02 9.881656804733728316e-01 0.000000000000000000e+00 5.689576695493854790e-04 0.000000000000000000e+00
1.150000000000000000e+04 4.599883186037967420e-02 1.297223486572599005e-02 9.865725989986344757e-01 0.000000000000000000e+00 4.551661356395084266e-04 0.000000000000000000e+00
1.175000000000000000e+04 4.699880646604004397e-02 1.502048247610377786e-02 9.847519344560764498e-01 0.000000000000000000e+00 2.275830678197542133e-04 0.000000000000000000e+00
1.200000000000000000e+04 4.799878107170041375e-02 1.331360946745562164e-02 9.861174328629950248e-01 0.000000000000000000e+00 5.689576695493854790e-04 0.000000000000000000e+00
1.225000000000000000e+04 4.899875567736078352e-02 1.308602639963586667e-02 9.864588074647245852e-01 0.000000000000000000e+00 4.551661356395084266e-04 0.000000000000000000e+00
1.250000000000000000e+04 4.999873028302137534e-02 1.183431952662721866e-02 9.877105143377332697e-01 0.000000000000000000e+00 4.551661356395084266e-04 0.000000000000000000e+00
1.275000000000000000e+04 5.099870488868174512e-02 2.093764223941738806e-02 9.783796085571233592e-01 0.000000000000000000e+00 6.827492034592626399e-04 0.000000000000000000e+00
1.300000000000000000e+04 5.199867949434211489e-02 2.207555757851615771e-02 9.771279016841146747e-01 0.000000000000000000e+00 7.965407373691396923e-04 0.000000000000000000e+00
1.325000000000000000e+04 5.299865410000248467e-02 1.672735548475193582e-02 9.823623122439690825e-01 0.000000000000000000e+00 9.103322712790168532e-04 0.000000000000000000e+00
1.350000000000000000e+04 5.399862870566307649e-02 1.843422849340009204e-02 9.803140646335912756e-01 0.000000000000000000e+00 1.251706873008648227e-03 0.000000000000000000e+00
1.375000000000000000e+04 5.499860331132344626e-02 1.843422849340009204e-02 9.811106053709603980e-01 0.000000000000000000e+00 4.551661356395084266e-04 0.000000000000000000e+00
1.400000000000000000e+04 5.599857791698381604e-02 1.968593536640873831e-02 9.786071916249431402e-01 0.000000000000000000e+00 1.706873008648156654e-03 0.000000000000000000e+00
1.425000000000000000e+04 5.699855252264418581e-02 1.934456076467910846e-02 9.790623577605825911e-01 0.000000000000000000e+00 1.593081474738279385e-03 0.000000000000000000e+00
1.450000000000000000e+04 5.799852712830477763e-02 2.389622212107419055e-02 9.748520710059171979e-01 0.000000000000000000e+00 1.251706873008648227e-03 0.000000000000000000e+00
1.475000000000000000e+04 5.899850173396514741e-02 2.253072371415566766e-02 9.767865270823851143e-01 0.000000000000000000e+00 6.827492034592626399e-04 0.000000000000000000e+00
1.500000000000000000e+04 5.999847633962551718e-02 2.753755120619025970e-02 9.706417842512516936e-01 0.000000000000000000e+00 1.820664542558033706e-03 0.000000000000000000e+00
1.525000000000000000e+04 6.099845094528588696e-02 2.765134274010013632e-02 9.703004096495220221e-01 0.000000000000000000e+00 2.048247610377787811e-03 0.000000000000000000e+00
1.550000000000000000e+04 6.199842555094647878e-02 3.595812471552116418e-02 9.614246700045516736e-01 0.000000000000000000e+00 2.617205279927173507e-03 0.000000000000000000e+00
1.575000000000000000e+04 6.299840015660684855e-02 3.390987710514337811e-02 9.639280837505689314e-01 0.000000000000000000e+00 2.162039144287664864e-03 0.000000000000000000e+00
1.600000000000000000e+04 6.399837476226721833e-02 4.085116067364587961e-02 9.572143832498861693e-01 0.000000000000000000e+00 1.934456076467910759e-03 0.000000000000000000e+00
1.625000000000000000e+04 6.499834936792758810e-02 3.618570778334091742e-02 9.619936276741010150e-01 0.000000000000000000e+00 1.820664542558033706e-03 0.000000000000000000e+00
1.650000000000000000e+04 6.599832397358817992e-02 3.129267182521620200e-02 9.662039144287665193e-01 0.000000000000000000e+00 2.503413746017296455e-03 0.000000000000000000e+00
1.675000000000000000e+04 6.699829857924854970e-02 4.324078288575330248e-02 9.538006372325898985e-01 0.000000000000000000e+00 2.958579881656804664e-03 0.000000000000000000e+00
1.700000000000000000e+04 6.799827318490891948e-02 3.994082840236686666e-02 9.564178425125170468e-01 0.000000000000000000e+00 3.641329085116067413e-03 0.000000000000000000e+00
1.725000000000000000e+04 6.899824779056928925e-02 4.392353208921256219e-02 9.526627218934911046e-01 0.000000000000000000e+00 3.413746017296313308e-03 0.000000000000000000e+00
1.750000000000000000e+04 6.999822239622988107e-02 5.120619025944470049e-02 9.461766044606281234e-01 0.000000000000000000e+00 2.617205279927173507e-03 0.000000000000000000e+00
1.775000000000000000e+04 7.099819700189025085e-02 5.678197542102867562e-02 9.396904870277651423e-01 0.000000000000000000e+00 3.527537551206190360e-03 0.000000000000000000e+00
1.800000000000000000e+04 7.199817160755062062e-02 5.450614474283113631e-02 9.418525261720528396e-01 0.000000000000000000e+00 3.641329085116067413e-03 0.000000000000000000e+00
1.825000000000000000e+04 7.299814621321121244e-02 5.712335002275830548e-02 9.383249886208465673e-01 0.000000000000000000e+00 4.551661356395083832e-03 0.000000000000000000e+00
1.850000000000000000e+04 7.399812081887158222e-02 7.020937642239417908e-02 9.241010468821119206e-01 0.000000000000000000e+00 5.689576695493855224e-03 0.000000000000000000e+00
1.875000000000000000e+04 7.499809542453195199e-02 7.385070550751024476e-02 9.196631770596267463e-01 0.000000000000000000e+00 6.486117432862995025e-03 0.000000000000000000e+00
1.900000000000000000e+04 7.599807003019232177e-02 7.032316795630405570e-02 9.242148384160218111e-01 0.000000000000000000e+00 5.461993627674101119e-03 0.000000000000000000e+00
1.925000000000000000e+04 7.699804463585291359e-02 7.259899863450158808e-02 9.212562585343649912e-01 0.000000000000000000e+00 6.144742831133363434e-03 0.000000000000000000e+00
1.950000000000000000e+04 7.799801924151328336e-02 8.864360491579426071e-02 9.054392353208920996e-01 0.000000000000000000e+00 5.917159763313609329e-03 0.000000000000000000e+00
1.975000000000000000e+04 7.899799384717365314e-02 8.966772872098316416e-02 9.023668639053253893e-01 0.000000000000000000e+00 7.965407373691398007e-03 0.000000000000000000e+00
2.000000000000000000e+04 7.999796845283402291e-02 9.797451069640418508e-02 8.938324988620847122e-01 0.000000000000000000e+00 8.192990441511151245e-03 0.000000000000000000e+00
2.025000000000000000e+04 8.099794305849461473e-02 1.071916249431042328e-01 8.818843878015475424e-01 0.000000000000000000e+00 1.092398725534820224e-02 0.000000000000000000e+00
2.050000000000000000e+04 8.199791766415498451e-02 1.104915794264906687e-01 8.758534365043241232e-01 0.000000000000000000e+00 1.365498406918525323e-02 0.000000000000000000e+00
2.075000000000000000e+04 8.299789226981535428e-02 1.398497951752389612e-01 8.420573509330905315e-01 0.000000000000000000e+00 1.809285389167045871e-02 0.000000000000000000e+00
2.100000000000000000e+04 8.399786687547572406e-02 1.375739644970414288e-01 8.376194811106053573e-01 0.000000000000000000e+00 2.480655439235321044e-02 0.000000000000000000e+00
2.125000000000000000e+04 8.499784148113631588e-02 1.635184342284934089e-01 8.020027309968138507e-01 1.137915339098771066e-04 3.436504324078288458e-02 0.000000000000000000e+00
2.150000000000000000e+04 8.599781608679668565e-02 1.852526172052799402e-01 7.565999089667728716e-01 3.527537551206190360e-03 5.461993627674101293e-02 0.000000000000000000e+00
2.175000000000000000e+04 8.699779069245705543e-02 2.020937642239417353e-01 7.143832498862084934e-01 2.844788347746927612e-03 8.067819754210286964e-02 0.000000000000000000e+00
2.200000000000000000e+04 8.799776529811742520e-02 2.538689121529358328e-01 6.021847974510696755e-01 1.581702321347291593e-02 1.281292671825216278e-01 0.000000000000000000e+00
2.225000000000000000e+04 8.899773990377801702e-02 2.734410559854346667e-01 5.147928994082839882e-01 6.508875739644970349e-02 1.466772872098315861e-01 0.000000000000000000e+00
2.250000000000000000e+04 8.999771450943838680e-02 2.471552116522530707e-01 4.860036413290851343e-01 1.183431952662721831e-01 1.484979517523896120e-01 0.000000000000000000e+00
2.275000000000000000e+04 9.099768911509875657e-02 2.254210286754665393e-01 5.260582612653618151e-01 1.715976331360946627e-01 7.692307692307692735e-02 0.000000000000000000e+00
2.300000000000000000e+04 9.199766372075912635e-02 2.053937187073281712e-01 5.266272189349112676e-01 1.932180245789713313e-01 7.476103777878925771e-02 0.000000000000000000e+00
2.325000000000000000e+04 9.299763832641971817e-02 1.975421028675466428e-01 5.216203914428766408e-01 2.069868001820664438e-01 7.385070550751024476e-02 0.000000000000000000e+00
2.350000000000000000e+04 9.399761293208008794e-02 1.797906235776058348e-01 5.342512517068730427e-01 2.173418297678652578e-01 6.861629494765589254e-02 0.000000000000000000e+00
2.375000000000000000e+04 9.499758753774045772e-02 1.629494765589440120e-01 5.532544378698225351e-01 2.308830223031406448e-01 5.291306326809285671e-02 0.000000000000000000e+00
2.400000000000000000e+04 9.599756214340082749e-02 1.505461993627674189e-01 5.631543013199817871e-01 2.462448793809740577e-01 4.005461993627674328e-02 0.000000000000000000e+00
2.425000000000000000e+04 9.699753674906141931e-02 1.454255803368229294e-01 5.639508420573509095e-01 2.496586253982703563e-01 4.096495220755575623e-02 0.000000000000000000e+00
2.450000000000000000e+04 9.799751135472178909e-02 1.463359126081019701e-01 5.583750568957669413e-01 2.547792444242148457e-01 4.050978607191624975e-02 0.000000000000000000e+00
2.475000000000000000e+04 9.899748596038215886e-02 1.499772416932180219e-01 5.526854802002730827e-01 2.564861174328629811e-01 4.085116067364587961e-02 0.000000000000000000e+00
2.500000000000000000e+04 9.999746056604252864e-02 1.554392353208921274e-01 5.490441511151570309e-01 2.569412835685024876e-01 3.857532999544834029e-02 0.000000000000000000e+00
2.525000000000000000e+04 1.009974351717031205e-01 1.524806554392353075e-01 5.522303140646336317e-01 2.562585343650432557e-01 3.903049613108784677e-02 0.000000000000000000e+00
2.550000000000000000e+04 1.019974097773634902e-01 1.616977696859353553e-01 5.415339098771051463e-01 2.565999089667728716e-01 4.016841147018661989e-02 0.000000000000000000e+00
2.575000000000000000e+04 1.029973843830238600e-01 1.657942649066909413e-01 5.385753299954483264e-01 2.487482931269913433e-01 4.688211197086936816e-02 0.000000000000000000e+00
2.600000000000000000e+04 1.039973589886842298e-01 1.668183887118798447e-01 5.402822030040964618e-01 2.517068730086481354e-01 4.119253527537550946e-02 0.000000000000000000e+00
2.625000000000000000e+04 1.049973335943448216e-01 1.727355484751934567e-01 5.370960400546199720e-01 2.505689576695493970e-01 3.959945380063722986e-02 0.000000000000000000e+00
2.650000000000000000e+04 1.059973082000051914e-01 1.787664997724169313e-01 5.392580791989075584e-01 2.470414201183432079e-01 3.493400091033227461e-02 0.000000000000000000e+00
2.675000000000000000e+04 1.069972828056655612e-01 1.792216659080564378e-01 5.285616750113791840e-01 2.532999544833864358e-01 3.891670459717797015e-02 0.000000000000000000e+00
2.700000000000000000e+04 1.079972574113259309e-01 1.735320892125625791e-01 5.352753755120619461e-01 2.528447883477469293e-01 3.834774692762858705e-02 0.000000000000000000e+00
2.725000000000000000e+04 1.089972320169865228e-01 1.870732817478379661e-01 5.240100136549841192e-01 2.485207100591715901e-01 4.039599453800637313e-02 0.000000000000000000e+00
2.750000000000000000e+04 1.099972066226468925e-01 1.870732817478379661e-01 5.210514337733272994e-01 2.495448338643604935e-01 4.233045061447428259e-02 0.000000000000000000e+00
2.775000000000000000e+04 1.109971812283072623e-01 1.882111970869367323e-01 5.202548930359581769e-01 2.470414201183432079e-01 4.449248975876194528e-02 0.000000000000000000e+00
2.800000000000000000e+04 1.119971558339676321e-01 1.933318161128811941e-01 5.160446062812926726e-01 2.448793809740555383e-01 4.574419663177059503e-02 0.000000000000000000e+00
2.825000000000000000e+04 1.129971304396282239e-01 1.939007737824305910e-01 5.110377787892580459e-01 2.484069185252617273e-01 4.665452890304961492e-02 0.000000000000000000e+00
2.850000000000000000e+04 1.139971050452885937e-01 2.080109239872553473e-01 5.005689576695493415e-01 2.383932635411925294e-01 5.302685480200273332e-02 0.000000000000000000e+00
2.875000000000000000e+04 1.149970796509489634e-01 2.237141556668183762e-01 4.747382794720073074e-01 2.372553482020937632e-01 6.429221665908056715e-02 0.000000000000000000e+00
2.900000000000000000e+04 1.159970542566093332e-01 2.239417387346381294e-01 4.720072826581702130e-01 2.382794720072826666e-01 6.577150659990896320e-02 0.000000000000000000e+00
2.925000000000000000e+04 1.169970288622699250e-01 2.496586253982703563e-01 4.426490669094219621e-01 2.280382339553937154e-01 7.965407373691398007e-02 0.000000000000000000e+00
2.950000000000000000e+04 1.179970034679302948e-01 2.669549385525716856e-01 3.981565771506599960e-01 2.205279927173418308e-01 1.143604915794264876e-01 0.000000000000000000e+00
2.975000000000000000e+04 1.189969780735906646e-01 2.774237596722803900e-01 3.690259444697314706e-01 2.080109239872553473e-01 1.455393718707328199e-01 0.000000000000000000e+00
3.000000000000000000e+04 1.199969526792510344e-01 2.844788347746927681e-01 3.303368229403732537e-01 2.248520710059171701e-01 1.603322712790168358e-01 0.000000000000000000e+00
3.025000000000000000e+04 1.209969272849116262e-01 2.926718252162039402e-01 2.899408284023668458e-01 2.218934911242603503e-01 1.954938552571688637e-01 0.000000000000000000e+00
3.050000000000000000e+04 1.219969018905719960e-01 3.090578060992262288e-01 2.390760127446517891e-01 2.092626308602640040e-01 2.426035502958579781e-01 0.000000000000000000e+00
3.075000000000000000e+04 1.229968764962323657e-01 3.260127446517979144e-01 2.239417387346381294e-01 2.082385070550751005e-01 2.418070095584888557e-01 0.000000000000000000e+00
3.100000000000000000e+04 1.239968511018927355e-01 3.246472462448793950e-01 2.050523441055985552e-01 2.071005917159763343e-01 2.631998179335457433e-01 0.000000000000000000e+00
3.125000000000000000e+04 1.249968257075533273e-01 3.192990441511151523e-01 1.758079198907601393e-01 2.133591260810195622e-01 2.915339098771051463e-01 0.000000000000000000e+00
3.150000000000000000e+04 1.259968003132136971e-01 3.205507510241237812e-01 1.643149749658625314e-01 2.247382794720072796e-01 2.903959945380063523e-01 0.000000000000000000e+00
3.175000000000000000e+04 1.269967749188740669e-01 3.174783796085571264e-01 1.484979517523896120e-01 2.313381884387801513e-01 3.026854802002730827e-01 0.000000000000000000e+00
3.200000000000000000e+04 1.279967495245344367e-01 3.053026854802002865e-01 1.376877560309512916e-01 2.507965407373691225e-01 3.062130177514792995e-01 0.000000000000000000e+00
3.225000000000000000e+04 1.289967241301950285e-01 3.141784251251706905e-01 1.248293126991351781e-01 2.662721893491124536e-01 2.947200728265816916e-01 0.000000000000000000e+00
3.250000000000000000e+04 1.299966987358553983e-01 3.188438780154756458e-01 1.184569868001820597e-01 2.677514792899408080e-01 2.949476558944014726e-01 0.000000000000000000e+00
3.275000000000000000e+04 1.309966733415157680e-01 3.138370505234410746e-01 1.228948566226672756e-01 2.743513882567136797e-01 2.889167045971779424e-01 0.000000000000000000e+00
3.300000000000000000e+04 1.319966479471761378e-01 3.220300409649521911e-01 1.216431497496586189e-01 2.763996358670914866e-01 2.799271734182977034e-01 0.000000000000000000e+00
3.325000000000000000e+04 1.329966225528367296e-01 3.086026399635867223e-01 1.165225307237141572e-01 2.799271734182977034e-01 2.949476558944014726e-01 0.000000000000000000e+00
3.350000000000000000e+04 1.339965971584970994e-01 2.998406918525261533e-01 1.110605370960400518e-01 2.864132908511606845e-01 3.026854802002730827e-01 0.000000000000000000e+00
3.375000000000000000e+04 1.349965717641574692e-01 2.957441966317705950e-01 1.159535730541647741e-01 2.990441511151570309e-01 2.892580791989076139e-01 0.000000000000000000e+00
3.400000000000000000e+04 1.359965463698178390e-01 3.100819299044151323e-01 1.132225762403277214e-01 3.167956304050978389e-01 2.598998634501593075e-01 0.000000000000000000e+00
3.425000000000000000e+04 1.369965209754784308e-01 2.984751934456076339e-01 1.059399180700955900e-01 3.567364588074647402e-01 2.388484296768320359e-01 0.000000000000000000e+00
3.450000000000000000e+04 1.379964955811388005e-01 3.138370505234410746e-01 1.083295402822029990e-01 3.604915794264906825e-01 2.173418297678652578e-01 0.000000000000000000e+00
3.475000000000000000e+04 1.389964701867991703e-01 2.958579881656804855e-01 1.027537551206190308e-01 3.674328629949931702e-01 2.339553937187073274e-01 0.000000000000000000e+00
3.500000000000000000e+04 1.399964447924597621e-01 3.014337733272644537e-01 1.061675011379153433e-01 3.753982703686845612e-01 2.170004551661356418e-01 0.000000000000000000e+00
3.525000000000000000e+04 1.409964193981201319e-01 3.006372325898953313e-01 1.091260810195721492e-01 3.898497951752389890e-01 2.003868912152935722e-01 0.000000000000000000e+00
3.550000000000000000e+04 1.419963940037805017e-01 3.014337733272644537e-01 1.096950386891215323e-01 4.019116977696859383e-01 1.869594902139280757e-01 0.000000000000000000e+00
3.575000000000000000e+04 1.429963686094408715e-01 2.944924897587619661e-01 1.124260355029585851e-01 3.964497041420118606e-01 1.966317705962676299e-01 0.000000000000000000e+00
3.600000000000000000e+04 1.439963432151014633e-01 2.997269003186163183e-01 1.121984524351388318e-01 3.948566226672735602e-01 1.932180245789713313e-01 0.000000000000000000e+00
3.625000000000000000e+04 1.449963178207618331e-01 2.899408284023668458e-01 1.154984069185252676e-01 4.019116977696859383e-01 1.926490669094219343e-01 0.000000000000000000e+00
3.650000000000000000e+04 1.459962924264222028e-01 2.880063723258989294e-01 1.115157032316795582e-01 4.069185252617205095e-01 1.935593991807009473e-01 0.000000000000000000e+00
3.675000000000000000e+04 1.469962670320825726e-01 2.906235776058261333e-01 1.175466545289030468e-01 4.135184342284933812e-01 1.783113336367774249e-01 0.000000000000000000e+00
3.700000000000000000e+04 1.479962416377431644e-01 2.815202548930359483e-01 1.140191169776968577e-01 4.233045061447428536e-01 1.811561219845243542e-01 0.000000000000000000e+00
3.725000000000000000e+04 1.489962162434035342e-01 2.895994538006372299e-01 1.169776968593536637e-01 4.238734638142921951e-01 1.695493855257168836e-01 0.000000000000000000e+00
3.750000000000000000e+04 1.499961908490639040e-01 2.860719162494310686e-01 1.238051888939462886e-01 4.248975876194810986e-01 1.652253072371415443e-01 0.000000000000000000e+00
3.775000000000000000e+04 1.509961654547242738e-01 2.856167501137915066e-01 1.209604005461993592e-01 4.271734182976786309e-01 1.662494310423304478e-01 0.000000000000000000e+00
3.800000000000000000e+04 1.519961400603848656e-01 2.859581247155211781e-01 1.233500227583067821e-01 4.280837505689576439e-01 1.626081019572143960e-01 0.000000000000000000e+00
3.825000000000000000e+04 1.529961146660452354e-01 2.773099681383704995e-01 1.232362312243969055e-01 4.313837050523440797e-01 1.680700955848884737e-01 0.000000000000000000e+00
3.850000000000000000e+04 1.539960892717056051e-01 2.865270823850705750e-01 1.162949476558944040e-01 4.299044151115157253e-01 1.672735548475193512e-01 0.000000000000000000e+00
3.875000000000000000e+04 1.549960638773659749e-01 2.955166135639508695e-01 1.207328174783796060e-01 4.359353664087392000e-01 1.478152025489303523e-01 0.000000000000000000e+00
3.900000000000000000e+04 1.559960384830265667e-01 2.757168866636321991e-01 1.263086026399635742e-01 4.361629494765589254e-01 1.618115612198452458e-01 0.000000000000000000e+00
3.925000000000000000e+04 1.569960130886869365e-01 2.876649977241693135e-01 1.253982703686845612e-01 4.402594446973145392e-01 1.466772872098315861e-01 0.000000000000000000e+00
3.950000000000000000e+04 1.579959876943473063e-01 2.732134729176149412e-01 1.284706417842512438e-01 4.443559399180700975e-01 1.539599453800637174e-01 0.000000000000000000e+00
3.975000000000000000e+04 1.589959623000076760e-01 2.783340919435594030e-01 1.283568502503413811e-01 4.417387346381429492e-01 1.515703231679562946e-01 0.000000000000000000e+00
4.000000000000000000e+04 1.599959369056682679e-01 2.781065088757396220e-01 1.305188893946290507e-01 4.482248520710059303e-01 1.431497496586253970e-01 0.000000000000000000e+00
4.025000000000000000e+04 1.609959115113286376e-01 2.637687756030951403e-01 1.337050523441055960e-01 4.533454710969503920e-01 1.491807009558488717e-01 0.000000000000000000e+00
4.050000000000000000e+04 1.619958861169890074e-01 2.606964041875284299e-01 1.390532544378698110e-01 4.593764223941738667e-01 1.408739189804278646e-01 0.000000000000000000e+00
4.075000000000000000e+04 1.629958607226493772e-01 2.649066909421938787e-01 1.370050068274920319e-01 4.623350022758306865e-01 1.357532999544833752e-01 0.000000000000000000e+00
4.100000000000000000e+04 1.639958353283099690e-01 2.704824761037779024e-01 1.384842967683204418e-01 4.582385070550751283e-01 1.327947200728265831e-01 0.000000000000000000e+00
4.125000000000000000e+04 1.649958099339703388e-01 2.616067364588074429e-01 1.448566226672735602e-01 4.641556668183887124e-01 1.293809740555302568e-01 0.000000000000000000e+00
4.150000000000000000e+04 1.659957845396307086e-01 2.603550295857988139e-01 1.450842057350933134e-01 4.564178425125170468e-01 1.381429221665907980e-01 0.000000000000000000e+00
4.175000000000000000e+04 1.669957591452910783e-01 2.761720527992717611e-01 1.472462448793809831e-01 4.581247155211652378e-01 1.184569868001820597e-01 0.000000000000000000e+00
4.200000000000000000e+04 1.679957337509516702e-01 2.655894401456531662e-01 1.496358670914884059e-01 4.624487938097405770e-01 1.223258989531178925e-01 0.000000000000000000e+00
4.225000000000000000e+04 1.689957083566120399e-01 2.671825216203914666e-01 1.564633591260810308e-01 4.605143377332726606e-01 1.158397815202548975e-01 0.000000000000000000e+00
4.250000000000000000e+04 1.699956829622724097e-01 2.592171142467000200e-01 1.577150659990896597e-01 4.606281292671824956e-01 1.224396904870277691e-01 0.000000000000000000e+00
4.275000000000000000e+04 1.709956575679327795e-01 2.701411015020482309e-01 1.590805644060081792e-01 4.555075102412380339e-01 1.152708238507055144e-01 0.000000000000000000e+00
4.300000000000000000e+04 1.719956321735933713e-01 2.643377332726445372e-01 1.570323167956304000e-01 4.616522530723713991e-01 1.169776968593536637e-01 0.000000000000000000e+00
4.325000000000000000e+04 1.729956067792537411e-01 2.642239417387346467e-01 1.589667728720983164e-01 4.657487482931270129e-01 1.110605370960400518e-01 0.000000000000000000e+00
4.350000000000000000e+04 1.739955813849141109e-01 2.716203914428766408e-01 1.589667728720983164e-01 4.659763313609467383e-01 1.034365043240782905e-01 0.000000000000000000e+00
4.375000000000000000e+04 1.749955559905744806e-01 2.712790168411470249e-01 1.570323167956304000e-01 4.657487482931270129e-01 1.059399180700955900e-01 0.000000000000000000e+00
4.400000000000000000e+04 1.759955305962350725e-01 2.618343195266272239e-01 1.585116067364588099e-01 4.684797451069640517e-01 1.111743286299499284e-01 0.000000000000000000e+00
4.425000000000000000e+04 1.769955052018954422e-01 2.730996813837050508e-01 1.622667273554847522e-01 4.652935821574875064e-01 9.934000910332271839e-02 0.000000000000000000e+00
4.450000000000000000e+04 1.779954798075558120e-01 2.707100591715976279e-01 1.639736003641329154e-01 4.599453800637232637e-01 1.053709604005461931e-01 0.000000000000000000e+00
4.475000000000000000e+04 1.789954544132161818e-01 2.635411925352753593e-01 1.646563495675921751e-01 4.665452890304961353e-01 1.052571688666363164e-01 0.000000000000000000e+00
4.500000000000000000e+04 1.799954290188767736e-01 2.745789713245334607e-01 1.648839326354119283e-01 4.700728265817022966e-01 9.046426945835230049e-02 0.000000000000000000e+00
4.525000000000000000e+04 1.809954036245371434e-01 2.719617660446062568e-01 1.639736003641329154e-01 4.675694128356850388e-01 9.649522075557578904e-02 0.000000000000000000e+00
4.550000000000000000e+04 1.819953782301975131e-01 2.642239417387346467e-01 1.689804278561675144e-01 4.693900773782430647e-01 9.740555302685480199e-02 0.000000000000000000e+00
4.575000000000000000e+04 1.829953528358578829e-01 2.697997269003186149e-01 1.680700955848884737e-01 4.691624943104232837e-01 9.296768320436959998e-02 0.000000000000000000e+00
4.600000000000000000e+04 1.839953274415184747e-01 2.650204824761037692e-01 1.720527992717341692e-01 4.731451979972690070e-01 8.978152025489304078e-02 0.000000000000000000e+00
4.625000000000000000e+04 1.849953020471788445e-01 2.611515703231679364e-01 1.717114246700045532e-01 4.762175694128356618e-01 9.091943559399180697e-02 0.000000000000000000e+00
4.650000000000000000e+04 1.859952766528392143e-01 2.642239417387346467e-01 1.722803823395539502e-01 4.703004096495220776e-01 9.319526627218935322e-02 0.000000000000000000e+00
4.675000000000000000e+04 1.869952512584995841e-01 2.647928994082840437e-01 1.726217569412835662e-01 4.742831133363678009e-01 8.830223031406463086e-02 0.000000000000000000e+00
4.700000000000000000e+04 1.879952258641601759e-01 2.546654528903049552e-01 1.775147928994082747e-01 4.784934000910332497e-01 8.932635411925353430e-02 0.000000000000000000e+00
4.725000000000000000e+04 1.889952004698205457e-01 2.538689121529358328e-01 1.783113336367774249e-01 4.779244424214838527e-01 8.989531178880291740e-02 0.000000000000000000e+00
4.750000000000000000e+04 1.899951750754809154e-01 2.622894856622667303e-01 1.807009558488848477e-01 4.757624032771961553e-01 8.124715521165225274e-02 0.000000000000000000e+00
4.775000000000000000e+04 1.909951496811412852e-01 2.430587164314974846e-01 1.913973600364132777e-01 4.798588984979517691e-01 8.568502503413745475e-02 0.000000000000000000e+00
4.800000000000000000e+04 1.919951242868018770e-01 2.506827492034592875e-01 1.926490669094219343e-01 4.847519344560764498e-01 7.191624943104232837e-02 0.000000000000000000e+00
4.825000000000000000e+04 1.929950988924622468e-01 2.490896677287209870e-01 1.944697314519799602e-01 4.929449248975876219e-01 6.349567592171143082e-02 0.000000000000000000e+00
4.850000000000000000e+04 1.939950734981226166e-01 2.382794720072826666e-01 1.924214838416021811e-01 4.946517979062357573e-01 7.464724624487938109e-02 0.000000000000000000e+00
4.875000000000000000e+04 1.949950481037829864e-01 2.413518434228493492e-01 1.924214838416021811e-01 4.982931269913518646e-01 6.793354574419663283e-02 0.000000000000000000e+00
4.900000000000000000e+04 1.959950227094435782e-01 2.360036413290851065e-01 1.908284023668639084e-01 5.139963586709148657e-01 5.917159763313609155e-02 0.000000000000000000e+00
4.925000000000000000e+04 1.969949973151039480e-01 2.411242603550295960e-01 1.849112426035502965e-01 5.164997724169322346e-01 5.746472462448793533e-02 0.000000000000000000e+00
4.950000000000000000e+04 1.979949719207643177e-01 2.271279016841147025e-01 1.835457441966317771e-01 5.433545744196631722e-01 4.597177969959034827e-02 0.000000000000000000e+00
4.975000000000000000e+04 1.989949465264246875e-01 2.232589895311788697e-01 1.819526627218935044e-01 5.498406918525261533e-01 4.494765589440145870e-02 0.000000000000000000e+00
5.000000000000000000e+04 1.999949211320852793e-01 2.216659080564405970e-01 1.909421939007737712e-01 5.476786527082384559e-01 3.971324533454710648e-02 0.000000000000000000e+00
5.025000000000000000e+04 2.009948957377456491e-01 1.999317250796540657e-01 2.092626308602640040e-01 5.562130177514792440e-01 3.459262630860263782e-02 0.000000000000000000e+00
5.050000000000000000e+04 2.019948703434060189e-01 1.830905780609922706e-01 2.113108784706417831e-01 5.653163404642694845e-01 4.028220300409649651e-02 0.000000000000000000e+00
5.075000000000000000e+04 2.029948449490663887e-01 1.846836595357305433e-01 2.187073281747838049e-01 5.609922621756940897e-01 3.561675011379153433e-02 0.000000000000000000e+00
5.100000000000000000e+04 2.039948195547269805e-01 1.758079198907601393e-01 2.158625398270368756e-01 5.796540737369140217e-01 2.867546654528902936e-02 0.000000000000000000e+00
5.125000000000000000e+04 2.049947941603873502e-01 1.368912152935821691e-01 2.223486572598998567e-01 6.147018661811560758e-01 2.605826126536185672e-02 0.000000000000000000e+00
5.150000000000000000e+04 2.059947687660477200e-01 1.323395539371870766e-01 2.246244879380974169e-01 6.149294492489758568e-01 2.810650887573964626e-02 0.000000000000000000e+00
5.175000000000000000e+04 2.069947433717080898e-01 1.264223941738734647e-01 2.323623122439690547e-01 6.148156577150659663e-01 2.639963586709149004e-02 0.000000000000000000e+00
5.200000000000000000e+04 2.079947179773686816e-01 1.175466545289030468e-01 2.353208921256258468e-01 6.147018661811560758e-01 3.243058716431497512e-02 0.000000000000000000e+00
5.225000000000000000e+04 2.089946925830290514e-01 1.191397360036413333e-01 2.401001365498406925e-01 6.126536185707783799e-01 2.810650887573964626e-02 0.000000000000000000e+00
5.250000000000000000e+04 2.099946671886894212e-01 1.209604005461993592e-01 2.435138825671370189e-01 6.107191624943104635e-01 2.480655439235321044e-02 0.000000000000000000e+00
5.275000000000000000e+04 2.109946417943500130e-01 1.173190714610832935e-01 2.490896677287209870e-01 6.121984524351388179e-01 2.139280837505689453e-02 0.000000000000000000e+00
5.300000000000000000e+04 2.119946164000103828e-01 1.173190714610832935e-01 2.535275375512062168e-01 6.110605370960400240e-01 1.809285389167045871e-02 0.000000000000000000e+00
5.325000000000000000e+04 2.129945910056707525e-01 1.161811561219845274e-01 2.558033682294037492e-01 6.095812471552116696e-01 1.843422849340009204e-02 0.000000000000000000e+00
5.350000000000000000e+04 2.139945656113311223e-01 1.136777423759672279e-01 2.560309512972234747e-01 6.090122894856622171e-01 2.127901684114701791e-02 0.000000000000000000e+00
5.375000000000000000e+04 2.149945402169917141e-01 1.119708693673190647e-01 2.592171142467000200e-01 6.114019116977696955e-01 1.741010468821119553e-02 0.000000000000000000e+00
5.400000000000000000e+04 2.159945148226520839e-01 1.092398725534820259e-01 2.583067819754210070e-01 6.143604915794265153e-01 1.809285389167045871e-02 0.000000000000000000e+00
5.425000000000000000e+04 2.169944894283124537e-01 1.107191624943104219e-01 2.589895311788802945e-01 6.126536185707783799e-01 1.763768775603095224e-02 0.000000000000000000e+00
5.450000000000000000e+04 2.179944640339728235e-01 1.121984524351388318e-01 2.592171142467000200e-01 6.114019116977696955e-01 1.718252162039144229e-02 0.000000000000000000e+00
5.475000000000000000e+04 2.189944386396334153e-01 1.083295402822029990e-01 2.630860263996358528e-01 6.128812016385980499e-01 1.570323167956303931e-02 0.000000000000000000e+00
5.500000000000000000e+04 2.199944132452937851e-01 1.114019116977696816e-01 2.592171142467000200e-01 6.137915339098770628e-01 1.558944014565316269e-02 0.000000000000000000e+00
5.525000000000000000e+04 2.209943878509541548e-01 1.116294947655894348e-01 2.598998634501593075e-01 6.137915339098770628e-01 1.467910787437414627e-02 0.000000000000000000e+00
5.550000000000000000e+04 2.219943624566145246e-01 1.118570778334091881e-01 2.597860719162494170e-01 6.127674101046881594e-01 1.558944014565316269e-02 0.000000000000000000e+00
5.575000000000000000e+04 2.229943370622751164e-01 1.157259899863450209e-01 2.583067819754210070e-01 6.134501593081475024e-01 1.251706873008648184e-02 0.000000000000000000e+00
5.600000000000000000e+04 2.239943116679354862e-01 1.111743286299499284e-01 2.602412380518889234e-01 6.139053254437869533e-01 1.467910787437414627e-02 0.000000000000000000e+00
5.625000000000000000e+04 2.249942862735958560e-01 1.108329540282202985e-01 2.604688211197087044e-01 6.118570778334091465e-01 1.684114701866181243e-02 0.000000000000000000e+00
5.650000000000000000e+04 2.259942608792562257e-01 1.120846609012289552e-01 2.598998634501593075e-01 6.139053254437869533e-01 1.411015020482476144e-02 0.000000000000000000e+00
5.675000000000000000e+04 2.269942354849168176e-01 1.092398725534820259e-01 2.613791533909877174e-01 6.165225307237141017e-01 1.285844333181611343e-02 0.000000000000000000e+00
