# itime ezz other fcc hcp bcc ico
0.000000000000000000e+00 0.000000000000000000e+00 0.000000000000000000e+00 1.000000000000000000e+00 0.000000000000000000e+00 0.000000000000000000e+00 0.000000000000000000e+00
5.000000000000000000e+02 1.999985880079657719e-03 0.000000000000000000e+00 1.000000000000000000e+00 0.000000000000000000e+00 0.000000000000000000e+00 0.000000000000000000e+00
1.000000000000000000e+03 3.999971760159093392e-03 0.000000000000000000e+00 1.000000000000000000e+00 0.000000000000000000e+00 0.000000000000000000e+00 0.000000000000000000e+00
1.500000000000000000e+03 5.999957640238751111e-03 0.000000000000000000e+00 1.000000000000000000e+00 0.000000000000000000e+00 0.000000000000000000e+00 0.000000000000000000e+00
2.000000000000000000e+03 7.999943520318186785e-03 0.000000000000000000e+00 1.000000000000000000e+00 0.000000000000000000e+00 0.000000000000000000e+00 0.000000000000000000e+00
2.500000000000000000e+03 9.999929400397844503e-03 0.000000000000000000e+00 1.000000000000000000e+00 0.000000000000000000e+00 0.000000000000000000e+00 0.000000000000000000e+00
3.000000000000000000e+03 1.199991528047750222e-02 0.000000000000000000e+00 1.000000000000000000e+00 0.000000000000000000e+00 0.000000000000000000e+00 0.000000000000000000e+00
3.500000000000000000e+03 1.399990116055693790e-02 0.000000000000000000e+00 1.000000000000000000e+00 0.000000000000000000e+00 0.000000000000000000e+00 0.000000000000000000e+00
4.000000000000000000e+03 1.599988704063659561e-02 0.000000000000000000e+00 1.000000000000000000e+00 0.000000000000000000e+00 0.000000000000000000e+00 0.000000000000000000e+00
4.500000000000000000e+03 1.799987292071625333e-02 0.000000000000000000e+00 1.000000000000000000e+00 0.000000000000000000e+00 0.000000000000000000e+00 0.000000000000000000e+00
5.000000000000000000e+03 1.999985880079568901e-02 0.000000000000000000e+00 1.000000000000000000e+00 0.000000000000000000e+00 0.000000000000000000e+00 0.000000000000000000e+00
5.500000000000000000e+03 2.199984468087534673e-02 0.000000000000000000e+00 1.000000000000000000e+00 0.000000000000000000e+00 0.000000000000000000e+00 0.000000000000000000e+00
6.000000000000000000e+03 2.399983056095478240e-02 0.000000000000000000e+00 1.000000000000000000e+00 0.000000000000000000e+00 0.000000000000000000e+00 0.000000000000000000e+00
6.500000000000000000e+03 2.599981644103444012e-02 0.000000000000000000e+00 1.000000000000000000e+00 0.000000000000000000e+00 0.000000000000000000e+00 0.000000000000000000e+00
7.000000000000000000e+03 2.799980232111409784e-02 0.000000000000000000e+00 1.000000000000000000e+00 0.000000000000000000e+00 0.000000000000000000e+00 0.000000000000000000e+00
7.500000000000000000e+03 2.999978820119353351e-02 0.000000000000000000e+00 1.000000000000000000e+00 0.000000000000000000e+00 0.000000000000000000e+00 0.000000000000000000e+00
8.000000000000000000e+03 3.199977408127319123e-02 0.000000000000000000e+00 1.000000000000000000e+00 0.000000000000000000e+00 0.000000000000000000e+00 0.000000000000000000e+00
8.500000000000000000e+03 3.399975996135284895e-02 0.000000000000000000e+00 1.000000000000000000e+00 0.000000000000000000e+00 0.000000000000000000e+00 0.000000000000000000e+00
9.000000000000000000e+03 3.599974584143228462e-02 0.000000000000000000e+00 1.000000000000000000e+00 0.000000000000000000e+00 0.000000000000000000e+00 0.000000000000000000e+00
9.500000000000000000e+03 3.799973172151194234e-02 0.000000000000000000e+00 1.000000000000000000e+00 0.000000000000000000e+00 0.000000000000000000e+00 0.000000000000000000e+00
1.000000000000000000e+04 3.999971760159137801e-02 0.000000000000000000e+00 1.000000000000000000e+00 0.000000000000000000e+00 0.000000000000000000e+00 0.000000000000000000e+00
1.050000000000000000e+04 4.199970348167103573e-02 0.000000000000000000e+00 1.000000000000000000e+00 0.000000000000000000e+00 0.000000000000000000e+00 0.000000000000000000e+00
1.100000000000000000e+04 4.399968936175069345e-02 0.000000000000000000e+00 1.000000000000000000e+00 0.000000000000000000e+00 0.000000000000000000e+00 0.000000000000000000e+00
1.150000000000000000e+04 4.599967524183012912e-02 0.000000000000000000e+00 1.000000000000000000e+00 0.000000000000000000e+00 0.000000000000000000e+00 0.000000000000000000e+00
1.200000000000000000e+04 4.799966112190978684e-02 0.000000000000000000e+00 1.000000000000000000e+00 0.000000000000000000e+00 0.000000000000000000e+00 0.000000000000000000e+00
1.250000000000000000e+04 4.999964700198944456e-02 0.000000000000000000e+00 1.000000000000000000e+00 0.000000000000000000e+00 0.000000000000000000e+00 0.000000000000000000e+00
1.300000000000000000e+04 5.199963288206888024e-02 0.000000000000000000e+00 1.000000000000000000e+00 0.000000000000000000e+00 0.000000000000000000e+00 0.000000000000000000e+00
1.350000000000000000e+04 5.399961876214853795e-02 0.000000000000000000e+00 1.000000000000000000e+00 0.000000000000000000e+00 0.000000000000000000e+00 0.000000000000000000e+00
1.400000000000000000e+04 5.599960464222797363e-02 0.000000000000000000e+00 1.000000000000000000e+00 0.000000000000000000e+00 0.000000000000000000e+00 0.000000000000000000e+00
1.450000000000000000e+04 5.799959052230763135e-02 0.000000000000000000e+00 1.000000000000000000e+00 0.000000000000000000e+00 0.000000000000000000e+00 0.000000000000000000e+00
1.500000000000000000e+04 5.999957640238728906e-02 0.000000000000000000e+00 1.000000000000000000e+00 0.000000000000000000e+00 0.000000000000000000e+00 0.000000000000000000e+00
1.550000000000000000e+04 6.199956228246672474e-02 0.000000000000000000e+00 1.000000000000000000e+00 0.000000000000000000e+00 0.000000000000000000e+00 0.000000000000000000e+00
1.600000000000000000e+04 6.399954816254638246e-02 0.000000000000000000e+00 1.000000000000000000e+00 0.000000000000000000e+00 0.000000000000000000e+00 0.000000000000000000e+00
1.650000000000000000e+04 6.599953404262604018e-02 0.000000000000000000e+00 1.000000000000000000e+00 0.000000000000000000e+00 0.000000000000000000e+00 0.000000000000000000e+00
1.700000000000000000e+04 6.799951992270547585e-02 0.000000000000000000e+00 1.000000000000000000e+00 0.000000000000000000e+00 0.000000000000000000e+00 0.000000000000000000e+00
1.750000000000000000e+04 6.999950580278513357e-02 2.275830678197542133e-04 9.997724169321802190e-01 0.000000000000000000e+00 0.000000000000000000e+00 0.000000000000000000e+00
1.800000000000000000e+04 7.199949168286456924e-02 0.000000000000000000e+00 1.000000000000000000e+00 0.000000000000000000e+00 0.000000000000000000e+00 0.000000000000000000e+00
1.850000000000000000e+04 7.399947756294422696e-02 1.137915339098771066e-04 9.998862084660901095e-01 0.000000000000000000e+00 0.000000000000000000e+00 0.000000000000000000e+00
1.900000000000000000e+04 7.599946344302388468e-02 0.000000000000000000e+00 1.000000000000000000e+00 0.000000000000000000e+00 0.000000000000000000e+00 0.000000000000000000e+00
1.950000000000000000e+04 7.799944932310332035e-02 0.000000000000000000e+00 1.000000000000000000e+00 0.000000000000000000e+00 0.000000000000000000e+00 0.000000000000000000e+00
2.000000000000000000e+04 7.999943520318297807e-02 5.689576695493854790e-04 9.993172507965407680e-01 0.000000000000000000e+00 1.137915339098771066e-04 0.000000000000000000e+00
2.050000000000000000e+04 8.199942108326263579e-02 4.551661356395084266e-04 9.995448338643604380e-01 0.000000000000000000e+00 0.000000000000000000e+00 0.000000000000000000e+00
2.100000000000000000e+04 8.399940696334207146e-02 1.137915339098771066e-04 9.998862084660901095e-01 0.000000000000000000e+00 0.000000000000000000e+00 0.000000000000000000e+00
2.150000000000000000e+04 8.599939284342172918e-02 6.827492034592626399e-04 9.993172507965407680e-01 0.000000000000000000e+00 0.000000000000000000e+00 0.000000000000000000e+00
2.200000000000000000e+04 8.799937872350116486e-02 1.137915339098771066e-04 9.998862084660901095e-01 0.000000000000000000e+00 0.000000000000000000e+00 0.000000000000000000e+00
2.250000000000000000e+04 8.999936460358082257e-02 1.137915339098770958e-03 9.988620846609012061e-01 0.000000000000000000e+00 0.000000000000000000e+00 0.000000000000000000e+00
2.300000000000000000e+04 9.199935048366048029e-02 7.965407373691396923e-04 9.992034592626308775e-01 0.000000000000000000e+00 0.000000000000000000e+00 0.000000000000000000e+00
2.350000000000000000e+04 9.399933636373991597e-02 9.103322712790168532e-04 9.989758761948110966e-01 0.000000000000000000e+00 1.137915339098771066e-04 0.000000000000000000e+00
2.400000000000000000e+04 9.599932224381957369e-02 2.730996813837050560e-03 9.971552116522530707e-01 0.000000000000000000e+00 1.137915339098771066e-04 0.000000000000000000e+00
2.450000000000000000e+04 9.799930812389923140e-02 2.389622212107419402e-03 9.973827947200728516e-01 0.000000000000000000e+00 2.275830678197542133e-04 0.000000000000000000e+00
2.500000000000000000e+04 9.999929400397866708e-02 2.048247610377787811e-03 9.977241693218024121e-01 0.000000000000000000e+00 2.275830678197542133e-04 0.000000000000000000e+00
2.550000000000000000e+04 1.019992798840583248e-01 5.689576695493855224e-03 9.939690487027764698e-01 0.000000000000000000e+00 3.413746017296313199e-04 0.000000000000000000e+00
2.600000000000000000e+04 1.039992657641377605e-01 5.917159763313609329e-03 9.936276741010469093e-01 0.000000000000000000e+00 4.551661356395084266e-04 0.000000000000000000e+00
2.650000000000000000e+04 1.059992516442174182e-01 6.258534365043240920e-03 9.932862994993172379e-01 0.000000000000000000e+00 4.551661356395084266e-04 0.000000000000000000e+00
2.700000000000000000e+04 1.079992375242970759e-01 1.092398725534820224e-02 9.882794720072826111e-01 0.000000000000000000e+00 7.965407373691396923e-04 0.000000000000000000e+00
2.750000000000000000e+04 1.099992234043765116e-01 6.998179335457442585e-02 7.646791078743740977e-01 0.000000000000000000e+00 1.653390987710514348e-01 0.000000000000000000e+00
2.800000000000000000e+04 1.119992092844561693e-01 2.496586253982703563e-01 3.994082840236686249e-01 1.490669094219390090e-01 2.018661811561219821e-01 0.000000000000000000e+00
2.850000000000000000e+04 1.139991951645358270e-01 1.535047792444242110e-01 5.949021392808374609e-01 2.403277196176604458e-01 1.126536185707783383e-02 0.000000000000000000e+00
2.900000000000000000e+04 1.159991810446152627e-01 1.343878015475648557e-01 6.628356850250340937e-01 1.915111515703231682e-01 1.126536185707783383e-02 0.000000000000000000e+00
2.950000000000000000e+04 1.179991669246949204e-01 8.158852981338188259e-02 7.039144287664997890e-01 2.056213017751479244e-01 8.875739644970414427e-03 0.000000000000000000e+00
3.000000000000000000e+04 1.199991528047743561e-01 8.500227583067819503e-02 7.027765134274009950e-01 2.066454255803368278e-01 5.575785161583977738e-03 0.000000000000000000e+00
3.050000000000000000e+04 1.219991386848540138e-01 8.557123350022757813e-02 7.019799726900318726e-01 2.056213017751479244e-01 6.827492034592626616e-03 0.000000000000000000e+00
3.100000000000000000e+04 1.239991245649336715e-01 8.397815202548930547e-02 7.008420573509330787e-01 2.067592171142466906e-01 8.420573509330906217e-03 0.000000000000000000e+00
3.150000000000000000e+04 1.259991104450131072e-01 8.045061447428311641e-02 7.020937642239417631e-01 2.084660901228948537e-01 8.989531178880291046e-03 0.000000000000000000e+00
3.200000000000000000e+04 1.279990963250927649e-01 8.227127901684114231e-02 7.014110150204825311e-01 2.077833409194355940e-01 8.534365043240782836e-03 0.000000000000000000e+00
3.250000000000000000e+04 1.299990822051724226e-01 8.249886208466089554e-02 7.016385980883022011e-01 2.081247155211652378e-01 7.737824305871643035e-03 0.000000000000000000e+00
3.300000000000000000e+04 1.319990680852518583e-01 8.124715521165225274e-02 7.019799726900318726e-01 2.090350477924442507e-01 7.737824305871643035e-03 0.000000000000000000e+00
3.350000000000000000e+04 1.339990539653315160e-01 8.158852981338188259e-02 7.019799726900318726e-01 2.093764223941738667e-01 7.055075102412380721e-03 0.000000000000000000e+00
3.400000000000000000e+04 1.359990398454109517e-01 8.101957214383249950e-02 7.015248065543923106e-01 2.089212562585343602e-01 8.534365043240782836e-03 0.000000000000000000e+00
3.450000000000000000e+04 1.379990257254906094e-01 8.204369594902138907e-02 6.997041420118342847e-01 2.075557578516158408e-01 1.069640418752844727e-02 0.000000000000000000e+00
3.500000000000000000e+04 1.399990116055702671e-01 8.318161128812016913e-02 7.012972234865726406e-01 2.080109239872553473e-01 7.510241238051888930e-03 0.000000000000000000e+00
3.550000000000000000e+04 1.419989974856497028e-01 8.261265361857077216e-02 6.992489758761948337e-01 2.092626308602640040e-01 8.875739644970414427e-03 0.000000000000000000e+00
3.600000000000000000e+04 1.439989833657293605e-01 8.511606736458807165e-02 6.995903504779243942e-01 2.061902594446973214e-01 9.103322712790167665e-03 0.000000000000000000e+00
3.650000000000000000e+04 1.459989692458090182e-01 8.431952662721893532e-02 6.999317250796540657e-01 2.061902594446973214e-01 9.558488848429677609e-03 0.000000000000000000e+00
3.700000000000000000e+04 1.479989551258884539e-01 8.602639963586708460e-02 6.999317250796540657e-01 2.051661356395084179e-01 8.875739644970414427e-03 0.000000000000000000e+00
3.750000000000000000e+04 1.499989410059681116e-01 8.705052344105598805e-02 6.981110605370960398e-01 2.057350933090578149e-01 9.103322712790167665e-03 0.000000000000000000e+00
3.800000000000000000e+04 1.519989268860475473e-01 8.955393718707328754e-02 6.976558944014564778e-01 2.050523441055985552e-01 7.737824305871643035e-03 0.000000000000000000e+00
3.850000000000000000e+04 1.539989127661272050e-01 8.500227583067819503e-02 6.981110605370960398e-01 2.059626763768775681e-01 1.092398725534820224e-02 0.000000000000000000e+00
3.900000000000000000e+04 1.559988986462068628e-01 9.137460172963131344e-02 6.976558944014564778e-01 2.028903049613108855e-01 8.079198907601274626e-03 0.000000000000000000e+00
3.950000000000000000e+04 1.579988845262862984e-01 9.706417842512517213e-02 6.973145197997269173e-01 1.970869367319071364e-01 8.534365043240782836e-03 0.000000000000000000e+00
4.000000000000000000e+04 1.599988704063659561e-01 1.008192990441511144e-01 7.082385070550750727e-01 1.787664997724169313e-01 1.217569412835685025e-02 0.000000000000000000e+00
4.050000000000000000e+04 1.619988562864456139e-01 9.103322712790168358e-02 7.228038233955393910e-01 1.742148384160218388e-01 1.194811106053709528e-02 0.000000000000000000e+00
4.100000000000000000e+04 1.639988421665250495e-01 8.841602184797450747e-02 7.249658625398270884e-01 1.728493400091033194e-01 1.376877560309512985e-02 0.000000000000000000e+00
4.150000000000000000e+04 1.659988280466047073e-01 9.000910332271279402e-02 7.275830678197542367e-01 1.705735093309057870e-01 1.183431952662721866e-02 0.000000000000000000e+00
4.200000000000000000e+04 1.679988139266841429e-01 9.399180700955848955e-02 7.242831133363677454e-01 1.669321802457897075e-01 1.479289940828402289e-02 0.000000000000000000e+00
4.250000000000000000e+04 1.699987998067638006e-01 9.103322712790168358e-02 7.258761948111061013e-01 1.704597177969958965e-01 1.263086026399635846e-02 0.000000000000000000e+00
4.300000000000000000e+04 1.719987856868434584e-01 9.353664087391898307e-02 7.259899863450158808e-01 1.696631770596267741e-01 1.081019572143832562e-02 0.000000000000000000e+00
4.350000000000000000e+04 1.739987715669228940e-01 8.966772872098316416e-02 7.302002730996813851e-01 1.714838416021848000e-01 8.648156577150659455e-03 0.000000000000000000e+00
4.400000000000000000e+04 1.759987574470025518e-01 8.818843878015475424e-02 7.330450614474283144e-01 1.704597177969958965e-01 8.306781975421027864e-03 0.000000000000000000e+00
4.450000000000000000e+04 1.779987433270822095e-01 8.568502503413745475e-02 7.336140191169776559e-01 1.719390077378243065e-01 8.761948111060537808e-03 0.000000000000000000e+00
4.500000000000000000e+04 1.799987292071616451e-01 8.875739644970413733e-02 7.336140191169776559e-01 1.695493855257168836e-01 8.079198907601274626e-03 0.000000000000000000e+00
4.550000000000000000e+04 1.819987150872413029e-01 8.511606736458807165e-02 7.372553482020938187e-01 1.706873008648156498e-01 6.941283568502503235e-03 0.000000000000000000e+00
4.600000000000000000e+04 1.839987009673207385e-01 8.431952662721893532e-02 7.379380974055530507e-01 1.692080109239872676e-01 8.534365043240782836e-03 0.000000000000000000e+00
4.650000000000000000e+04 1.859986868474003963e-01 8.591260810195720798e-02 7.436276741010469093e-01 1.631770596267637652e-01 7.282658170232134826e-03 0.000000000000000000e+00
4.700000000000000000e+04 1.879986727274800540e-01 8.363677742375967561e-02 7.435138825671370189e-01 1.639736003641329154e-01 8.875739644970414427e-03 0.000000000000000000e+00
4.750000000000000000e+04 1.899986586075594897e-01 8.545744196631770151e-02 7.500000000000000000e-01 1.568047337278106468e-01 7.737824305871643035e-03 0.000000000000000000e+00
4.800000000000000000e+04 1.919986444876391474e-01 8.522985889849794827e-02 7.531861629494766008e-01 1.532771961766044577e-01 8.306781975421027864e-03 0.000000000000000000e+00
4.850000000000000000e+04 1.939986303677188051e-01 8.659535730541648157e-02 7.492034592626308775e-01 1.550978607191624836e-01 9.103322712790167665e-03 0.000000000000000000e+00
4.900000000000000000e+04 1.959986162477982408e-01 8.500227583067819503e-02 7.535275375512061613e-01 1.532771961766044577e-01 8.192990441511151245e-03 0.000000000000000000e+00
4.950000000000000000e+04 1.979986021278778985e-01 8.557123350022757813e-02 7.520482476103778069e-01 1.541875284478834707e-01 8.192990441511151245e-03 0.000000000000000000e+00
5.000000000000000000e+04 1.999985880079573342e-01 8.978152025489304078e-02 7.525034137460172579e-01 1.510013654984069253e-01 6.713700500682749130e-03 0.000000000000000000e+00
5.050000000000000000e+04 2.019985738880369919e-01 8.557123350022757813e-02 7.540964952207556138e-01 1.520254893035958010e-01 8.306781975421027864e-03 0.000000000000000000e+00
5.100000000000000000e+04 2.039985597681166496e-01 8.887118798361401395e-02 7.543240782885752838e-01 1.483841602184797492e-01 8.420573509330906217e-03 0.000000000000000000e+00
5.150000000000000000e+04 2.059985456481960853e-01 8.864360491579426071e-02 7.520482476103778069e-01 1.516841147018661851e-01 7.624032771961766417e-03 0.000000000000000000e+00
5.200000000000000000e+04 2.079985315282757430e-01 9.137460172963131344e-02 7.540964952207556138e-01 1.480427856167501055e-01 6.486117432862995025e-03 0.000000000000000000e+00
5.250000000000000000e+04 2.099985174083554007e-01 9.274010013654984674e-02 7.553482020937641872e-01 1.441738734638143005e-01 7.737824305871643035e-03 0.000000000000000000e+00
5.300000000000000000e+04 2.119985032884348364e-01 9.376422394173873631e-02 7.570550751024124336e-01 1.434911242603550408e-01 5.689576695493855224e-03 0.000000000000000000e+00
5.350000000000000000e+04 2.139984891685144941e-01 9.342284934000910646e-02 7.700273099681383959e-01 1.306326809285389134e-01 5.917159763313609329e-03 0.000000000000000000e+00
5.400000000000000000e+04 2.159984750485939298e-01 9.467455621301774926e-02 7.713928083750568598e-01 1.284706417842512438e-01 5.461993627674101119e-03 0.000000000000000000e+00
5.450000000000000000e+04 2.179984609286735875e-01 9.501593081474737912e-02 7.759444697314519246e-01 1.258534365043240677e-01 3.186162949476558769e-03 0.000000000000000000e+00
5.500000000000000000e+04 2.199984468087532452e-01 1.041192535275375503e-01 7.763996358670914866e-01 1.152708238507055144e-01 4.210286754665453109e-03 0.000000000000000000e+00
5.550000000000000000e+04 2.219984326888326809e-01 1.306326809285389134e-01 7.060764679107874864e-01 1.577150659990896597e-01 5.575785161583977738e-03 0.000000000000000000e+00
5.600000000000000000e+04 2.239984185689123386e-01 1.545289030496131144e-01 6.795630405097861093e-01 1.602184797451069731e-01 5.689576695493855224e-03 0.000000000000000000e+00
5.650000000000000000e+04 2.259984044489919963e-01 1.309740555302685572e-01 7.257624032771962108e-01 1.383705052344105513e-01 4.893035958124715423e-03 0.000000000000000000e+00
5.700000000000000000e+04 2.279983903290714320e-01 1.256258534365043145e-01 7.401001365498406370e-01 1.288120163859808875e-01 5.461993627674101119e-03 0.000000000000000000e+00
5.750000000000000000e+04 2.299983762091510897e-01 1.186845698680018268e-01 7.452207555757851543e-01 1.296085571233500100e-01 6.486117432862995025e-03 0.000000000000000000e+00
5.800000000000000000e+04 2.319983620892305254e-01 1.222121074192080159e-01 7.477241693218024121e-01 1.235776058261265353e-01 6.486117432862995025e-03 0.000000000000000000e+00
5.850000000000000000e+04 2.339983479693101831e-01 1.264223941738734647e-01 7.685480200273099305e-01 9.934000910332271839e-02 5.689576695493855224e-03 0.000000000000000000e+00
5.900000000000000000e+04 2.359983338493898408e-01 1.228948566226672756e-01 7.683204369594902605e-01 1.038916704597177970e-01 4.893035958124715423e-03 0.000000000000000000e+00
5.950000000000000000e+04 2.379983197294692765e-01 1.230086481565771522e-01 7.725307237141556538e-01 9.706417842512517213e-02 7.396449704142011444e-03 0.000000000000000000e+00
6.000000000000000000e+04 2.399983056095489342e-01 1.267637687756031084e-01 7.740100136549841192e-01 9.365043240782885969e-02 5.575785161583977738e-03 0.000000000000000000e+00
6.050000000000000000e+04 2.419982914896285919e-01 1.310878470641784199e-01 7.823167956304051263e-01 7.908511606736458310e-02 7.510241238051888930e-03 0.000000000000000000e+00
6.100000000000000000e+04 2.439982773697080276e-01 1.285844333181611343e-01 8.048475193445607800e-01 6.076467910787437116e-02 5.803368229403732710e-03 0.000000000000000000e+00
6.150000000000000000e+04 2.459982632497876853e-01 1.161811561219845274e-01 8.482020937642239522e-01 2.935821574874829254e-02 6.258534365043240920e-03 0.000000000000000000e+00
6.200000000000000000e+04 2.479982491298671210e-01 8.500227583067819503e-02 8.998634501593081314e-01 1.251706873008648184e-02 2.617205279927173507e-03 0.000000000000000000e+00
6.250000000000000000e+04 2.499982350099467787e-01 7.043695949021393232e-02 9.152253072371415721e-01 1.399635867091488309e-02 3.413746017296313199e-04 0.000000000000000000e+00
6.300000000000000000e+04 2.519982208900264364e-01 7.032316795630405570e-02 9.153390987710514626e-01 1.319981793354574502e-02 1.137915339098770958e-03 0.000000000000000000e+00
6.350000000000000000e+04 2.539982067701058721e-01 7.089212562585343880e-02 9.144287664997724496e-01 1.399635867091488309e-02 6.827492034592626399e-04 0.000000000000000000e+00
6.400000000000000000e+04 2.559981926501855298e-01 7.111970869367319203e-02 9.165908056440600360e-01 1.194811106053709528e-02 3.413746017296313199e-04 0.000000000000000000e+00
6.450000000000000000e+04 2.579981785302651875e-01 7.077833409194356218e-02 9.162494310423304755e-01 1.206190259444697363e-02 9.103322712790168532e-04 0.000000000000000000e+00
6.500000000000000000e+04 2.599981644103446232e-01 7.146108329540282189e-02 9.139736003641328876e-01 1.376877560309512985e-02 7.965407373691396923e-04 0.000000000000000000e+00
6.550000000000000000e+04 2.619981502904242809e-01 7.191624943104232837e-02 9.161356395084205850e-01 1.160673645880746542e-02 3.413746017296313199e-04 0.000000000000000000e+00
6.600000000000000000e+04 2.639981361705037166e-01 7.009558488848430247e-02 9.160218479745106945e-01 1.240327719617660522e-02 1.479289940828402332e-03 0.000000000000000000e+00
6.650000000000000000e+04 2.659981220505833743e-01 7.077833409194356218e-02 9.163632225762403660e-01 1.183431952662721866e-02 1.024123805188893906e-03 0.000000000000000000e+00
6.700000000000000000e+04 2.679981079306630321e-01 7.248520710059171146e-02 9.164770141101502565e-01 1.046882111970869403e-02 5.689576695493854790e-04 0.000000000000000000e+00
6.750000000000000000e+04 2.699980938107424677e-01 7.203004096495220498e-02 9.151115157032316816e-01 1.149294492489758707e-02 1.365498406918525280e-03 0.000000000000000000e+00
6.800000000000000000e+04 2.719980796908221254e-01 7.191624943104232837e-02 9.155666818388711325e-01 1.069640418752844727e-02 1.820664542558033706e-03 0.000000000000000000e+00
6.850000000000000000e+04 2.739980655709017832e-01 7.271279016841146470e-02 9.152253072371415721e-01 1.058261265361857065e-02 1.479289940828402332e-03 0.000000000000000000e+00
6.900000000000000000e+04 2.759980514509812188e-01 7.441966317705962786e-02 9.127218934911243142e-01 1.149294492489758707e-02 1.365498406918525280e-03 0.000000000000000000e+00
6.950000000000000000e+04 2.779980373310608766e-01 7.578516158397814728e-02 9.109012289485661773e-01 1.081019572143832562e-02 2.503413746017296455e-03 0.000000000000000000e+00
7.000000000000000000e+04 2.799980232111403122e-01 7.862994993172507663e-02 9.058944014565316616e-01 1.183431952662721866e-02 3.641329085116067413e-03 0.000000000000000000e+00
7.050000000000000000e+04 2.819980090912199699e-01 7.954028220300408958e-02 9.004324078288575839e-01 1.820664542558033533e-02 1.820664542558033706e-03 0.000000000000000000e+00
7.100000000000000000e+04 2.839979949712996277e-01 8.045061447428311641e-02 8.905325443786982209e-01 2.696859353664087314e-02 2.048247610377787811e-03 0.000000000000000000e+00
7.150000000000000000e+04 2.859979808513790633e-01 8.067819754210286964e-02 8.920118343195265753e-01 2.503413746017296368e-02 2.275830678197541916e-03 0.000000000000000000e+00
7.200000000000000000e+04 2.879979667314587211e-01 7.931269913518433634e-02 8.915566681838871244e-01 2.719617660446062984e-02 1.934456076467910759e-03 0.000000000000000000e+00
7.250000000000000000e+04 2.899979526115383788e-01 8.375056895766955223e-02 8.868912152935821691e-01 2.799271734182976618e-02 1.365498406918525280e-03 0.000000000000000000e+00
7.300000000000000000e+04 2.919979384916178144e-01 8.238507055075101893e-02 8.880291306326809631e-01 2.662721893491124328e-02 2.958579881656804664e-03 0.000000000000000000e+00
7.350000000000000000e+04 2.939979243716974722e-01 8.409194355939918208e-02 8.822257624032772139e-01 3.049613108784706567e-02 3.186162949476558769e-03 0.000000000000000000e+00
7.400000000000000000e+04 2.959979102517769078e-01 8.909877105143376719e-02 8.697086936731907025e-01 3.766499772416932040e-02 3.527537551206190360e-03 0.000000000000000000e+00
7.450000000000000000e+04 2.979978961318565656e-01 9.160218479745106668e-02 8.540054619936277014e-01 4.836140191169777114e-02 6.030951297223486815e-03 0.000000000000000000e+00
7.500000000000000000e+04 2.999978820119362233e-01 7.077833409194356218e-02 9.258079198907601670e-01 3.072371415566681717e-03 3.413746017296313199e-04 0.000000000000000000e+00
7.550000000000000000e+04 3.019978678920156590e-01 6.781975421028675621e-02 9.302457897132453413e-01 1.479289940828402332e-03 4.551661356395084266e-04 0.000000000000000000e+00
7.600000000000000000e+04 3.039978537720953167e-01 6.929904415111515226e-02 9.295630405097861093e-01 1.024123805188893906e-03 1.137915339098771066e-04 0.000000000000000000e+00
7.650000000000000000e+04 3.059978396521749744e-01 6.827492034592626269e-02 9.303595812471552318e-01 1.251706873008648227e-03 1.137915339098771066e-04 0.000000000000000000e+00
7.700000000000000000e+04 3.079978255322544101e-01 6.827492034592626269e-02 9.302457897132453413e-01 1.137915339098770958e-03 3.413746017296313199e-04 0.000000000000000000e+00
7.750000000000000000e+04 3.099978114123340678e-01 6.759217114246700298e-02 9.299044151115156698e-01 2.389622212107419402e-03 1.137915339098771066e-04 0.000000000000000000e+00
7.800000000000000000e+04 3.119977972924135035e-01 6.736458807464724974e-02 9.305871643149750128e-01 1.706873008648156654e-03 3.413746017296313199e-04 0.000000000000000000e+00
7.850000000000000000e+04 3.139977831724931612e-01 6.679563040509786664e-02 9.303595812471552318e-01 2.503413746017296455e-03 3.413746017296313199e-04 0.000000000000000000e+00
7.900000000000000000e+04 3.159977690525728189e-01 6.929904415111515226e-02 9.292216659080564378e-01 1.479289940828402332e-03 0.000000000000000000e+00 0.000000000000000000e+00
7.950000000000000000e+04 3.179977549326522546e-01 6.816112881201638607e-02 9.297906235776057793e-01 1.934456076467910759e-03 1.137915339098771066e-04 0.000000000000000000e+00
8.000000000000000000e+04 3.199977408127319123e-01 6.372325898953118406e-02 9.346836595357305155e-01 1.251706873008648227e-03 3.413746017296313199e-04 0.000000000000000000e+00
8.050000000000000000e+04 3.219977266928115700e-01 6.804733727810650945e-02 9.288802913063267663e-01 2.844788347746927612e-03 2.275830678197542133e-04 0.000000000000000000e+00
8.100000000000000000e+04 3.239977125728910057e-01 5.416477014110149951e-02 9.458352298588984519e-01 0.000000000000000000e+00 0.000000000000000000e+00 0.000000000000000000e+00
8.150000000000000000e+04 3.259976984529706634e-01 5.405097860719162289e-02 9.459490213928083424e-01 0.000000000000000000e+00 0.000000000000000000e+00 0.000000000000000000e+00
8.200000000000000000e+04 3.279976843330500991e-01 5.416477014110149951e-02 9.458352298588984519e-01 0.000000000000000000e+00 0.000000000000000000e+00 0.000000000000000000e+00
8.250000000000000000e+04 3.299976702131297568e-01 5.461993627674101293e-02 9.453800637232590010e-01 0.000000000000000000e+00 0.000000000000000000e+00 0.000000000000000000e+00
8.300000000000000000e+04 3.319976560932094145e-01 5.370960400546199304e-02 9.462903959945380139e-01 0.000000000000000000e+00 0.000000000000000000e+00 0.000000000000000000e+00
8.350000000000000000e+04 3.339976419732888502e-01 5.370960400546199304e-02 9.462903959945380139e-01 0.000000000000000000e+00 0.000000000000000000e+00 0.000000000000000000e+00
8.400000000000000000e+04 3.359976278533685079e-01 5.393718707328174627e-02 9.459490213928083424e-01 0.000000000000000000e+00 1.137915339098771066e-04 0.000000000000000000e+00
8.450000000000000000e+04 3.379976137334481656e-01 5.405097860719162289e-02 9.459490213928083424e-01 0.000000000000000000e+00 0.000000000000000000e+00 0.000000000000000000e+00
8.500000000000000000e+04 3.399975996135276013e-01 5.382339553937186966e-02 9.461766044606281234e-01 0.000000000000000000e+00 0.000000000000000000e+00 0.000000000000000000e+00
8.550000000000000000e+04 3.419975854936072590e-01 5.427856167501137613e-02 9.457214383249886724e-01 0.000000000000000000e+00 0.000000000000000000e+00 0.000000000000000000e+00
8.600000000000000000e+04 3.439975713736866947e-01 5.416477014110149951e-02 9.457214383249886724e-01 0.000000000000000000e+00 1.137915339098771066e-04 0.000000000000000000e+00
8.650000000000000000e+04 3.459975572537663524e-01 5.405097860719162289e-02 9.459490213928083424e-01 0.000000000000000000e+00 0.000000000000000000e+00 0.000000000000000000e+00
8.700000000000000000e+04 3.479975431338460101e-01 5.382339553937186966e-02 9.459490213928083424e-01 0.000000000000000000e+00 2.275830678197542133e-04 0.000000000000000000e+00
8.750000000000000000e+04 3.499975290139254458e-01 5.359581247155211642e-02 9.464041875284479044e-01 0.000000000000000000e+00 0.000000000000000000e+00 0.000000000000000000e+00
8.800000000000000000e+04 3.519975148940051035e-01 5.370960400546199304e-02 9.461766044606281234e-01 0.000000000000000000e+00 1.137915339098771066e-04 0.000000000000000000e+00
8.850000000000000000e+04 3.539975007740847612e-01 5.348202093764223980e-02 9.462903959945380139e-01 0.000000000000000000e+00 2.275830678197542133e-04 0.000000000000000000e+00
8.900000000000000000e+04 3.559974866541641969e-01 5.416477014110149951e-02 9.456076467910787819e-01 0.000000000000000000e+00 2.275830678197542133e-04 0.000000000000000000e+00
8.950000000000000000e+04 3.579974725342438546e-01 5.427856167501137613e-02 9.454938552571688914e-01 0.000000000000000000e+00 2.275830678197542133e-04 0.000000000000000000e+00
9.000000000000000000e+04 3.599974584143232903e-01 5.461993627674101293e-02 9.452662721893491105e-01 0.000000000000000000e+00 1.137915339098771066e-04 0.000000000000000000e+00
9.050000000000000000e+04 3.619974442944029480e-01 5.439235320892125969e-02 9.452662721893491105e-01 0.000000000000000000e+00 3.413746017296313199e-04 0.000000000000000000e+00
9.100000000000000000e+04 3.639974301744826057e-01 5.496131087847064278e-02 9.444697314519799880e-01 0.000000000000000000e+00 5.689576695493854790e-04 0.000000000000000000e+00
9.150000000000000000e+04 3.659974160545620414e-01 5.484751934456076616e-02 9.446973145197997690e-01 0.000000000000000000e+00 4.551661356395084266e-04 0.000000000000000000e+00
9.200000000000000000e+04 3.679974019346416991e-01 5.644060081929904577e-02 9.421939007737824001e-01 2.275830678197542133e-04 1.137915339098770958e-03 0.000000000000000000e+00
9.250000000000000000e+04 3.699973878147213568e-01 5.666818388711879900e-02 9.420801092398725096e-01 0.000000000000000000e+00 1.251706873008648227e-03 0.000000000000000000e+00
9.300000000000000000e+04 3.719973736948007925e-01 5.826126536185707860e-02 9.403732362312243742e-01 2.275830678197542133e-04 1.137915339098770958e-03 0.000000000000000000e+00
9.350000000000000000e+04 3.739973595748804502e-01 5.917159763313609155e-02 9.387801547564861293e-01 4.551661356395084266e-04 1.593081474738279385e-03 0.000000000000000000e+00
9.400000000000000000e+04 3.759973454549598859e-01 6.827492034592626269e-02 9.217114246700045532e-01 6.599908966772872511e-03 3.413746017296313308e-03 0.000000000000000000e+00
9.450000000000000000e+04 3.779973313350395436e-01 7.851615839781520001e-02 7.581929904415111166e-01 1.569185252617205373e-01 6.372325898953117539e-03 0.000000000000000000e+00
9.500000000000000000e+04 3.799973172151192014e-01 7.624032771961765376e-02 7.316795630405097395e-01 1.829767865270823801e-01 9.103322712790167665e-03 0.000000000000000000e+00
9.550000000000000000e+04 3.819973030951986370e-01 7.362312243969049153e-02 7.323623122439690825e-01 1.862767410104688159e-01 7.737824305871643035e-03 0.000000000000000000e+00
9.600000000000000000e+04 3.839972889752782947e-01 7.840236686390532339e-02 6.850250341374601870e-01 2.270141101502048120e-01 9.558488848429677609e-03 0.000000000000000000e+00
9.650000000000000000e+04 3.859972748553579525e-01 7.931269913518433634e-02 6.502048247610378029e-01 2.677514792899408080e-01 2.730996813837050560e-03 0.000000000000000000e+00
9.700000000000000000e+04 3.879972607354373881e-01 7.908511606736458310e-02 6.147018661811560758e-01 3.053026854802002865e-01 9.103322712790168532e-04 0.000000000000000000e+00
9.750000000000000000e+04 3.899972466155172679e-01 7.544378698224851743e-02 6.232362312243968638e-01 3.004096495220755503e-01 9.103322712790168532e-04 0.000000000000000000e+00
9.800000000000000000e+04 3.919972324955964815e-01 7.510241238051888757e-02 6.185707783340919086e-01 3.058716431497496835e-01 4.551661356395084266e-04 0.000000000000000000e+00
9.850000000000000000e+04 3.939972183756759172e-01 7.498862084660901095e-02 6.183431952662722386e-01 3.058716431497496835e-01 7.965407373691396923e-04 0.000000000000000000e+00
9.900000000000000000e+04 3.959972042557557970e-01 7.487482931269913433e-02 6.170914883932635542e-01 3.072371415566682029e-01 7.965407373691396923e-04 0.000000000000000000e+00
9.950000000000000000e+04 3.979971901358354547e-01 7.544378698224851743e-02 6.134501593081475024e-01 3.097405553026854608e-01 1.365498406918525280e-03 0.000000000000000000e+00
1.000000000000000000e+05 3.999971760159148904e-01 7.464724624487938109e-02 6.144742831133364058e-01 3.095129722348657353e-01 1.365498406918525280e-03 0.000000000000000000e+00
1.005000000000000000e+05 4.019971618959943260e-01 7.601274465179790052e-02 6.078743741465635342e-01 3.138370505234410746e-01 2.275830678197541916e-03 0.000000000000000000e+00
1.010000000000000000e+05 4.039971477760739837e-01 7.692307692307692735e-02 6.051433773327264953e-01 3.170232134729176199e-01 9.103322712790168532e-04 0.000000000000000000e+00
1.015000000000000000e+05 4.059971336561538635e-01 7.635411925352754425e-02 5.987710514337732937e-01 3.241920801092398885e-01 6.827492034592626399e-04 0.000000000000000000e+00
1.020000000000000000e+05 4.079971195362330771e-01 7.646791078743742087e-02 5.962676376877560358e-01 3.263541192535275304e-01 9.103322712790168532e-04 0.000000000000000000e+00
1.025000000000000000e+05 4.099971054163125128e-01 7.567137005006827066e-02 5.968365953573053773e-01 3.265817023213473114e-01 9.103322712790168532e-04 0.000000000000000000e+00
1.030000000000000000e+05 4.119970912963923926e-01 7.430587164314975124e-02 5.897815202548930547e-01 3.350022758306782089e-01 9.103322712790168532e-04 0.000000000000000000e+00
1.035000000000000000e+05 4.139970771764720503e-01 7.294037323623121793e-02 5.875056895766954668e-01 3.384160218479745352e-01 1.137915339098770958e-03 0.000000000000000000e+00
1.040000000000000000e+05 4.159970630565514860e-01 7.464724624487938109e-02 5.860263996358671124e-01 3.388711879836140417e-01 4.551661356395084266e-04 0.000000000000000000e+00
1.045000000000000000e+05 4.179970489366309216e-01 7.430587164314975124e-02 5.875056895766954668e-01 3.370505234410559603e-01 1.137915339098770958e-03 0.000000000000000000e+00
1.050000000000000000e+05 4.199970348167105794e-01 7.373691397360036814e-02 5.878470641784251383e-01 3.375056895766954668e-01 9.103322712790168532e-04 0.000000000000000000e+00
1.055000000000000000e+05 4.219970206967904591e-01 7.316795630405098505e-02 5.875056895766954668e-01 3.380746472462448637e-01 1.251706873008648227e-03 0.000000000000000000e+00
1.060000000000000000e+05 4.239970065768696728e-01 7.441966317705962786e-02 5.830678197542102925e-01 3.411470186618115741e-01 1.365498406918525280e-03 0.000000000000000000e+00
1.065000000000000000e+05 4.259969924569491084e-01 7.510241238051888757e-02 5.817023213472917176e-01 3.418297678652708060e-01 1.365498406918525280e-03 0.000000000000000000e+00
1.070000000000000000e+05 4.279969783370289882e-01 7.680928538916705073e-02 5.785161583978152278e-01 3.431952662721893255e-01 1.479289940828402332e-03 0.000000000000000000e+00
1.075000000000000000e+05 4.299969642171086459e-01 7.589895311788802390e-02 5.771506599908966528e-01 3.454710969503869133e-01 1.479289940828402332e-03 0.000000000000000000e+00
1.080000000000000000e+05 4.319969500971880816e-01 7.419208010923987462e-02 5.770368684569867623e-01 3.468365953573054328e-01 1.934456076467910759e-03 0.000000000000000000e+00
1.085000000000000000e+05 4.339969359772675173e-01 7.737824305871643382e-02 5.747610377787892855e-01 3.461538461538461453e-01 1.706873008648156654e-03 0.000000000000000000e+00
1.090000000000000000e+05 4.359969218573471750e-01 7.737824305871643382e-02 5.753299954483386269e-01 3.455848884842967483e-01 1.706873008648156654e-03 0.000000000000000000e+00
1.095000000000000000e+05 4.379969077374270547e-01 7.612653618570777714e-02 5.725989986345015881e-01 3.478607191624943362e-01 3.413746017296313308e-03 0.000000000000000000e+00
1.100000000000000000e+05 4.399968936175062684e-01 7.726445152480655720e-02 5.729403732362312596e-01 3.472917614929449392e-01 2.503413746017296455e-03 0.000000000000000000e+00
1.105000000000000000e+05 4.419968794975857040e-01 7.885753299954482987e-02 5.706645425580336717e-01 3.470641784251251583e-01 3.413746017296313308e-03 0.000000000000000000e+00
1.110000000000000000e+05 4.439968653776655838e-01 8.170232134729175921e-02 5.634956759217114586e-01 3.500227583067819781e-01 4.779244424214838804e-03 0.000000000000000000e+00
1.115000000000000000e+05 4.459968512577452415e-01 8.887118798361401395e-02 5.398270368684570109e-01 3.602639963586709015e-01 1.103777878925807886e-02 0.000000000000000000e+00
1.120000000000000000e+05 4.479968371378246772e-01 1.214155666818388657e-01 3.975876194811105990e-01 4.334319526627218866e-01 4.756486117432862787e-02 0.000000000000000000e+00
1.125000000000000000e+05 4.499968230179041129e-01 1.502048247610377751e-01 4.730314064633591165e-01 3.620846609012289274e-01 1.467910787437414627e-02 0.000000000000000000e+00
1.130000000000000000e+05 4.519968088979837706e-01 1.139053254437869811e-01 5.691852526172053173e-01 3.074647246244879284e-01 9.444697314519799256e-03 0.000000000000000000e+00
1.135000000000000000e+05 4.539967947780636504e-01 1.059399180700955900e-01 5.638370505234410190e-01 3.232817478379608755e-01 6.941283568502503235e-03 0.000000000000000000e+00
