# itime ezz other fcc hcp bcc ico
0.000000000000000000e+00 0.000000000000000000e+00 0.000000000000000000e+00 1.000000000000000000e+00 0.000000000000000000e+00 0.000000000000000000e+00 0.000000000000000000e+00
2.500000000000000000e+03 1.000001182082432827e-02 0.000000000000000000e+00 1.000000000000000000e+00 0.000000000000000000e+00 0.000000000000000000e+00 0.000000000000000000e+00
5.000000000000000000e+03 2.000002364164887858e-02 0.000000000000000000e+00 1.000000000000000000e+00 0.000000000000000000e+00 0.000000000000000000e+00 0.000000000000000000e+00
7.500000000000000000e+03 3.000003546247320685e-02 0.000000000000000000e+00 1.000000000000000000e+00 0.000000000000000000e+00 0.000000000000000000e+00 0.000000000000000000e+00
1.000000000000000000e+04 4.000004728329753512e-02 0.000000000000000000e+00 1.000000000000000000e+00 0.000000000000000000e+00 0.000000000000000000e+00 0.000000000000000000e+00
1.250000000000000000e+04 5.000005910412186338e-02 0.000000000000000000e+00 1.000000000000000000e+00 0.000000000000000000e+00 0.000000000000000000e+00 0.000000000000000000e+00
1.500000000000000000e+04 6.000007092494641370e-02 0.000000000000000000e+00 1.000000000000000000e+00 0.000000000000000000e+00 0.000000000000000000e+00 0.000000000000000000e+00
1.750000000000000000e+04 7.000008274577074197e-02 2.275830678197542133e-04 9.997724169321802190e-01 0.000000000000000000e+00 0.000000000000000000e+00 0.000000000000000000e+00
2.000000000000000000e+04 8.000009456659507023e-02 5.689576695493854790e-04 9.993172507965407680e-01 0.000000000000000000e+00 1.137915339098771066e-04 0.000000000000000000e+00
2.250000000000000000e+04 9.000010638741962055e-02 1.137915339098770958e-03 9.988620846609012061e-01 0.000000000000000000e+00 0.000000000000000000e+00 0.000000000000000000e+00
2.500000000000000000e+04 1.000001182082439488e-01 2.048247610377787811e-03 9.977241693218024121e-01 0.000000000000000000e+00 2.275830678197542133e-04 0.000000000000000000e+00
2.750000000000000000e+04 1.100001300290682771e-01 6.998179335457442585e-02 7.646791078743740977e-01 0.000000000000000000e+00 1.653390987710514348e-01 0.000000000000000000e+00
3.000000000000000000e+04 1.200001418498928274e-01 8.500227583067819503e-02 7.027765134274009950e-01 2.066454255803368278e-01 5.575785161583977738e-03 0.000000000000000000e+00
3.250000000000000000e+04 1.300001536707171557e-01 8.249886208466089554e-02 7.016385980883022011e-01 2.081247155211652378e-01 7.737824305871643035e-03 0.000000000000000000e+00
3.500000000000000000e+04 1.400001654915414839e-01 8.318161128812016913e-02 7.012972234865726406e-01 2.080109239872553473e-01 7.510241238051888930e-03 0.000000000000000000e+00
3.750000000000000000e+04 1.500001773123658122e-01 8.705052344105598805e-02 6.981110605370960398e-01 2.057350933090578149e-01 9.103322712790167665e-03 0.000000000000000000e+00
4.000000000000000000e+04 1.600001891331903625e-01 1.008192990441511144e-01 7.082385070550750727e-01 1.787664997724169313e-01 1.217569412835685025e-02 0.000000000000000000e+00
4.250000000000000000e+04 1.700002009540146908e-01 9.103322712790168358e-02 7.258761948111061013e-01 1.704597177969958965e-01 1.263086026399635846e-02 0.000000000000000000e+00
4.500000000000000000e+04 1.800002127748390190e-01 8.875739644970413733e-02 7.336140191169776559e-01 1.695493855257168836e-01 8.079198907601274626e-03 0.000000000000000000e+00
4.750000000000000000e+04 1.900002245956635694e-01 8.545744196631770151e-02 7.500000000000000000e-01 1.568047337278106468e-01 7.737824305871643035e-03 0.000000000000000000e+00
5.000000000000000000e+04 2.000002364164878976e-01 8.978152025489304078e-02 7.525034137460172579e-01 1.510013654984069253e-01 6.713700500682749130e-03 0.000000000000000000e+00
5.250000000000000000e+04 2.100002482373122259e-01 9.274010013654984674e-02 7.553482020937641872e-01 1.441738734638143005e-01 7.737824305871643035e-03 0.000000000000000000e+00
5.500000000000000000e+04 2.200002600581367762e-01 1.041192535275375503e-01 7.763996358670914866e-01 1.152708238507055144e-01 4.210286754665453109e-03 0.000000000000000000e+00
5.750000000000000000e+04 2.300002718789611045e-01 1.186845698680018268e-01 7.452207555757851543e-01 1.296085571233500100e-01 6.486117432862995025e-03 0.000000000000000000e+00
6.000000000000000000e+04 2.400002836997854327e-01 1.267637687756031084e-01 7.740100136549841192e-01 9.365043240782885969e-02 5.575785161583977738e-03 0.000000000000000000e+00
6.250000000000000000e+04 2.500002955206097610e-01 7.043695949021393232e-02 9.152253072371415721e-01 1.399635867091488309e-02 3.413746017296313199e-04 0.000000000000000000e+00
6.500000000000000000e+04 2.600003073414343113e-01 7.146108329540282189e-02 9.139736003641328876e-01 1.376877560309512985e-02 7.965407373691396923e-04 0.000000000000000000e+00
6.750000000000000000e+04 2.700003191622586396e-01 7.203004096495220498e-02 9.151115157032316816e-01 1.149294492489758707e-02 1.365498406918525280e-03 0.000000000000000000e+00
7.000000000000000000e+04 2.800003309830829679e-01 7.862994993172507663e-02 9.058944014565316616e-01 1.183431952662721866e-02 3.641329085116067413e-03 0.000000000000000000e+00
7.250000000000000000e+04 2.900003428039075182e-01 8.375056895766955223e-02 8.868912152935821691e-01 2.799271734182976618e-02 1.365498406918525280e-03 0.000000000000000000e+00
7.500000000000000000e+04 3.000003546247318464e-01 7.077833409194356218e-02 9.258079198907601670e-01 3.072371415566681717e-03 3.413746017296313199e-04 0.000000000000000000e+00
7.750000000000000000e+04 3.100003664455561747e-01 6.759217114246700298e-02 9.299044151115156698e-01 2.389622212107419402e-03 1.137915339098771066e-04 0.000000000000000000e+00
8.000000000000000000e+04 3.200003782663807250e-01 6.372325898953118406e-02 9.346836595357305155e-01 1.251706873008648227e-03 3.413746017296313199e-04 0.000000000000000000e+00
8.250000000000000000e+04 3.300003900872050533e-01 5.461993627674101293e-02 9.453800637232590010e-01 0.000000000000000000e+00 0.000000000000000000e+00 0.000000000000000000e+00
8.500000000000000000e+04 3.400004019080293816e-01 5.382339553937186966e-02 9.461766044606281234e-01 0.000000000000000000e+00 0.000000000000000000e+00 0.000000000000000000e+00
8.750000000000000000e+04 3.500004137288537098e-01 5.359581247155211642e-02 9.464041875284479044e-01 0.000000000000000000e+00 0.000000000000000000e+00 0.000000000000000000e+00
9.000000000000000000e+04 3.600004255496782601e-01 5.461993627674101293e-02 9.452662721893491105e-01 0.000000000000000000e+00 1.137915339098771066e-04 0.000000000000000000e+00
9.250000000000000000e+04 3.700004373705025884e-01 5.666818388711879900e-02 9.420801092398725096e-01 0.000000000000000000e+00 1.251706873008648227e-03 0.000000000000000000e+00
9.500000000000000000e+04 3.800004491913269167e-01 7.624032771961765376e-02 7.316795630405097395e-01 1.829767865270823801e-01 9.103322712790167665e-03 0.000000000000000000e+00
9.750000000000000000e+04 3.900004610121512449e-01 7.544378698224851743e-02 6.232362312243968638e-01 3.004096495220755503e-01 9.103322712790168532e-04 0.000000000000000000e+00
1.000000000000000000e+05 4.000004728329757953e-01 7.464724624487938109e-02 6.144742831133364058e-01 3.095129722348657353e-01 1.365498406918525280e-03 0.000000000000000000e+00
1.025000000000000000e+05 4.100004846538003456e-01 7.567137005006827066e-02 5.968365953573053773e-01 3.265817023213473114e-01 9.103322712790168532e-04 0.000000000000000000e+00
1.050000000000000000e+05 4.200004964746246738e-01 7.373691397360036814e-02 5.878470641784251383e-01 3.375056895766954668e-01 9.103322712790168532e-04 0.000000000000000000e+00
1.075000000000000000e+05 4.300005082954487801e-01 7.589895311788802390e-02 5.771506599908966528e-01 3.454710969503869133e-01 1.479289940828402332e-03 0.000000000000000000e+00
1.100000000000000000e+05 4.400005201162733304e-01 7.726445152480655720e-02 5.729403732362312596e-01 3.472917614929449392e-01 2.503413746017296455e-03 0.000000000000000000e+00
1.125000000000000000e+05 4.500005319370978807e-01 1.502048247610377751e-01 4.730314064633591165e-01 3.620846609012289274e-01 1.467910787437414627e-02 0.000000000000000000e+00
1.150000000000000000e+05 4.600005437579222090e-01 9.717796995903504875e-02 5.847746927628584279e-01 3.163404642694583324e-01 1.706873008648156654e-03 0.000000000000000000e+00
1.175000000000000000e+05 4.700005555787463152e-01 9.990896677287210148e-02 5.819299044151114986e-01 3.167956304050978389e-01 1.365498406918525280e-03 0.000000000000000000e+00
1.200000000000000000e+05 4.800005673995708655e-01 1.033227127901684139e-01 5.796540737369140217e-01 3.145197997269003065e-01 2.503413746017296455e-03 0.000000000000000000e+00
1.225000000000000000e+05 4.900005792203954158e-01 1.132225762403277214e-01 5.754437869822485174e-01 3.092853891670459543e-01 2.048247610377787811e-03 0.000000000000000000e+00
1.250000000000000000e+05 5.000005910412197441e-01 1.065088757396449731e-01 5.743058716431497235e-01 3.166818388711880039e-01 2.503413746017296455e-03 0.000000000000000000e+00
1.275000000000000000e+05 5.100006028620440723e-01 1.081019572143832458e-01 5.732817478379608200e-01 3.174783796085571264e-01 1.137915339098770958e-03 0.000000000000000000e+00
1.300000000000000000e+05 5.200006146828686227e-01 1.099226217569412856e-01 5.700955848884843302e-01 3.172507965407373454e-01 2.730996813837050560e-03 0.000000000000000000e+00
1.325000000000000000e+05 5.300006265036931730e-01 1.280154756486117373e-01 5.489303595812471404e-01 3.212335002275830687e-01 1.820664542558033706e-03 0.000000000000000000e+00
1.350000000000000000e+05 5.400006383245172792e-01 1.279016841147018746e-01 5.480200273099681274e-01 3.220300409649521911e-01 2.048247610377787811e-03 0.000000000000000000e+00
1.375000000000000000e+05 5.500006501453416075e-01 1.346153846153846090e-01 5.314064633591261133e-01 3.279472007282658308e-01 6.030951297223486815e-03 0.000000000000000000e+00
1.400000000000000000e+05 5.600006619661661578e-01 1.313154301319981732e-01 5.601957214383249672e-01 3.026854802002730827e-01 5.803368229403732710e-03 0.000000000000000000e+00
1.425000000000000000e+05 5.700006737869907081e-01 1.337050523441055960e-01 5.587164314974966128e-01 3.021165225307237412e-01 5.461993627674101119e-03 0.000000000000000000e+00
1.450000000000000000e+05 5.800006856078148143e-01 1.346153846153846090e-01 5.614474283113336517e-01 3.008648156577150568e-01 3.072371415566681717e-03 0.000000000000000000e+00
1.475000000000000000e+05 5.900006974286391426e-01 1.433773327264451503e-01 5.497269003186162628e-01 3.032544378698224796e-01 3.641329085116067413e-03 0.000000000000000000e+00
1.500000000000000000e+05 6.000007092494636929e-01 1.520254893035958010e-01 5.613336367774237612e-01 2.828857532999544677e-01 3.755120619025944465e-03 0.000000000000000000e+00
1.525000000000000000e+05 6.100007210702882432e-01 1.359808830223031284e-01 7.115384615384615641e-01 1.488393263541192557e-01 3.641329085116067413e-03 0.000000000000000000e+00
1.550000000000000000e+05 6.200007328911125715e-01 1.337050523441055960e-01 7.138142922166590409e-01 1.483841602184797492e-01 4.096495220755575623e-03 0.000000000000000000e+00
1.575000000000000000e+05 6.300007447119366777e-01 1.354119253527537592e-01 7.114246700045516736e-01 1.503186162949476656e-01 2.844788347746927612e-03 0.000000000000000000e+00
1.600000000000000000e+05 6.400007565327612280e-01 1.341602184797451025e-01 7.050523441055985829e-01 1.585116067364588099e-01 2.275830678197541916e-03 0.000000000000000000e+00
1.625000000000000000e+05 6.500007683535857783e-01 1.372325898953117851e-01 7.020937642239417631e-01 1.579426490669094130e-01 2.730996813837050560e-03 0.000000000000000000e+00
1.650000000000000000e+05 6.600007801744101066e-01 1.235776058261265353e-01 7.044833864360491305e-01 1.706873008648156498e-01 1.251706873008648227e-03 0.000000000000000000e+00
1.675000000000000000e+05 6.700007919952342128e-01 1.263086026399635742e-01 7.015248065543923106e-01 1.710286754665452935e-01 1.137915339098770958e-03 0.000000000000000000e+00
1.700000000000000000e+05 6.800008038160587631e-01 1.239189804278561652e-01 5.579198907601274904e-01 3.166818388711880039e-01 1.479289940828402332e-03 0.000000000000000000e+00
1.725000000000000000e+05 6.900008156368833134e-01 1.259672280382339582e-01 5.527992717341829731e-01 3.202093764223941652e-01 1.024123805188893906e-03 0.000000000000000000e+00
1.750000000000000000e+05 7.000008274577076417e-01 1.257396449704142050e-01 5.518889394629039602e-01 3.210059171597632877e-01 1.365498406918525280e-03 0.000000000000000000e+00
1.775000000000000000e+05 7.100008392785317479e-01 1.265361857077833274e-01 5.517751479289940697e-01 3.205507510241237812e-01 1.137915339098770958e-03 0.000000000000000000e+00
1.800000000000000000e+05 7.200008510993562982e-01 1.343878015475648557e-01 5.226445152480655443e-01 3.416021847974510806e-01 1.365498406918525280e-03 0.000000000000000000e+00
1.825000000000000000e+05 7.300008629201808485e-01 1.367774237596722786e-01 5.215065999089667503e-01 3.400091033227127801e-01 1.706873008648156654e-03 0.000000000000000000e+00
1.850000000000000000e+05 7.400008747410051768e-01 1.404187528447883582e-01 5.164997724169322346e-01 3.413746017296312996e-01 1.706873008648156654e-03 0.000000000000000000e+00
1.875000000000000000e+05 7.500008865618295051e-01 1.434911242603550408e-01 5.207100591715976279e-01 3.343195266272189214e-01 1.479289940828402332e-03 0.000000000000000000e+00
1.900000000000000000e+05 7.600008983826540554e-01 1.455393718707328199e-01 5.194583522985889434e-01 3.336367774237596895e-01 1.365498406918525280e-03 0.000000000000000000e+00
1.925000000000000000e+05 7.700009102034786057e-01 1.470186618115612298e-01 5.210514337733272994e-01 3.302230314064633632e-01 1.706873008648156654e-03 0.000000000000000000e+00
1.950000000000000000e+05 7.800009220243027119e-01 1.832043695949021334e-01 6.061675011379152878e-01 2.058488848429676776e-01 4.779244424214838804e-03 0.000000000000000000e+00
1.975000000000000000e+05 7.900009338451270402e-01 2.057350933090578149e-01 5.813609467455621571e-01 2.102867546654528796e-01 2.617205279927173507e-03 0.000000000000000000e+00
2.000000000000000000e+05 8.000009456659515905e-01 1.909421939007737712e-01 5.983158852981338427e-01 2.078971324533454845e-01 2.844788347746927612e-03 0.000000000000000000e+00
2.025000000000000000e+05 8.100009574867761408e-01 1.926490669094219343e-01 5.929676832043695445e-01 2.114246700045516736e-01 2.958579881656804664e-03 0.000000000000000000e+00
2.050000000000000000e+05 8.200009693076002470e-01 1.945835229858898507e-01 5.794264906690942407e-01 2.231451979972690070e-01 2.844788347746927612e-03 0.000000000000000000e+00
2.075000000000000000e+05 8.300009811284245753e-01 1.974283113336367801e-01 5.864815657715065633e-01 2.131315430131998090e-01 2.958579881656804664e-03 0.000000000000000000e+00
2.100000000000000000e+05 8.400009929492491256e-01 1.981110605370960398e-01 5.843195266272189770e-01 2.154073736913973691e-01 2.162039144287664864e-03 0.000000000000000000e+00
2.125000000000000000e+05 8.500010047700736759e-01 2.035730541647701453e-01 6.698907601274465273e-01 1.168639053254437871e-01 9.672280382339554228e-03 0.000000000000000000e+00
2.150000000000000000e+05 8.600010165908980042e-01 2.066454255803368278e-01 6.183431952662722386e-01 1.692080109239872676e-01 5.803368229403732710e-03 0.000000000000000000e+00
2.175000000000000000e+05 8.700010284117221104e-01 2.008420573509330787e-01 6.182294037323623481e-01 1.743286299499317293e-01 6.599908966772872511e-03 0.000000000000000000e+00
2.200000000000000000e+05 8.800010402325466607e-01 2.018661811561219821e-01 6.189121529358215801e-01 1.744424214838415921e-01 4.779244424214838804e-03 0.000000000000000000e+00
2.225000000000000000e+05 8.900010520533712111e-01 2.060764679107874309e-01 5.746472462448793950e-01 2.134729176149294527e-01 5.803368229403732710e-03 0.000000000000000000e+00
2.250000000000000000e+05 9.000010638741955393e-01 2.069868001820664438e-01 5.754437869822485174e-01 2.129039599453800558e-01 4.665452890304961318e-03 0.000000000000000000e+00
2.275000000000000000e+05 9.100010756950196456e-01 2.117660446062812896e-01 5.751024123805188459e-01 2.085798816568047442e-01 4.551661356395083832e-03 0.000000000000000000e+00
2.300000000000000000e+05 9.200010875158441959e-01 2.119936276741010428e-01 5.763541192535275304e-01 2.071005917159763343e-01 4.551661356395083832e-03 0.000000000000000000e+00
2.325000000000000000e+05 9.300010993366687462e-01 2.163177059626763821e-01 5.781747837960855563e-01 2.012972234865725851e-01 4.210286754665453109e-03 0.000000000000000000e+00
2.350000000000000000e+05 9.400011111574930744e-01 2.232589895311788697e-01 5.810195721438324856e-01 1.923076923076923184e-01 3.413746017296313308e-03 0.000000000000000000e+00
2.375000000000000000e+05 9.500011229783174027e-01 2.390760127446517891e-01 6.042330450614474824e-01 1.465634956759217233e-01 1.012744651797906244e-02 0.000000000000000000e+00
2.400000000000000000e+05 9.600011347991419530e-01 2.025489303595812418e-01 7.139280837505689314e-01 7.999544833864360993e-02 3.527537551206190360e-03 0.000000000000000000e+00
2.425000000000000000e+05 9.700011466199665033e-01 1.906008192990441552e-01 6.853664087391898585e-01 1.203914428766499761e-01 3.641329085116067413e-03 0.000000000000000000e+00
2.450000000000000000e+05 9.800011584407906096e-01 1.860491579426490627e-01 6.754665452890304955e-01 1.360946745562130189e-01 2.389622212107419402e-03 0.000000000000000000e+00
2.475000000000000000e+05 9.900011702616149378e-01 1.858215748748293095e-01 6.751251706873008240e-01 1.362084660901228816e-01 2.844788347746927612e-03 0.000000000000000000e+00
2.500000000000000000e+05 1.000001182082439488e+00 1.886663632225762388e-01 6.647701411015020101e-01 1.446290395994538069e-01 1.934456076467910759e-03 0.000000000000000000e+00
