# itime ezz other fcc hcp bcc ico
0.000000000000000000e+00 0.000000000000000000e+00 0.000000000000000000e+00 1.000000000000000000e+00 0.000000000000000000e+00 0.000000000000000000e+00 0.000000000000000000e+00
2.500000000000000000e+02 9.999940245191130117e-04 0.000000000000000000e+00 1.000000000000000000e+00 0.000000000000000000e+00 0.000000000000000000e+00 0.000000000000000000e+00
5.000000000000000000e+02 1.999988049038226023e-03 0.000000000000000000e+00 1.000000000000000000e+00 0.000000000000000000e+00 0.000000000000000000e+00 0.000000000000000000e+00
7.500000000000000000e+02 2.999982073557339035e-03 0.000000000000000000e+00 1.000000000000000000e+00 0.000000000000000000e+00 0.000000000000000000e+00 0.000000000000000000e+00
1.000000000000000000e+03 3.999976098076452047e-03 0.000000000000000000e+00 1.000000000000000000e+00 0.000000000000000000e+00 0.000000000000000000e+00 0.000000000000000000e+00
1.250000000000000000e+03 4.999970122595565059e-03 0.000000000000000000e+00 1.000000000000000000e+00 0.000000000000000000e+00 0.000000000000000000e+00 0.000000000000000000e+00
1.500000000000000000e+03 5.999964147114678070e-03 0.000000000000000000e+00 1.000000000000000000e+00 0.000000000000000000e+00 0.000000000000000000e+00 0.000000000000000000e+00
1.750000000000000000e+03 6.999958171633791082e-03 0.000000000000000000e+00 1.000000000000000000e+00 0.000000000000000000e+00 0.000000000000000000e+00 0.000000000000000000e+00
2.000000000000000000e+03 7.999952196152904094e-03 0.000000000000000000e+00 1.000000000000000000e+00 0.000000000000000000e+00 0.000000000000000000e+00 0.000000000000000000e+00
2.250000000000000000e+03 8.999946220671795061e-03 0.000000000000000000e+00 1.000000000000000000e+00 0.000000000000000000e+00 0.000000000000000000e+00 0.000000000000000000e+00
2.500000000000000000e+03 9.999940245190908072e-03 0.000000000000000000e+00 1.000000000000000000e+00 0.000000000000000000e+00 0.000000000000000000e+00 0.000000000000000000e+00
2.750000000000000000e+03 1.099993426971002108e-02 0.000000000000000000e+00 1.000000000000000000e+00 0.000000000000000000e+00 0.000000000000000000e+00 0.000000000000000000e+00
3.000000000000000000e+03 1.199992829422913410e-02 0.000000000000000000e+00 1.000000000000000000e+00 0.000000000000000000e+00 0.000000000000000000e+00 0.000000000000000000e+00
3.250000000000000000e+03 1.299992231874824711e-02 0.000000000000000000e+00 1.000000000000000000e+00 0.000000000000000000e+00 0.000000000000000000e+00 0.000000000000000000e+00
3.500000000000000000e+03 1.399991634326736012e-02 0.000000000000000000e+00 1.000000000000000000e+00 0.000000000000000000e+00 0.000000000000000000e+00 0.000000000000000000e+00
3.750000000000000000e+03 1.499991036778647313e-02 0.000000000000000000e+00 1.000000000000000000e+00 0.000000000000000000e+00 0.000000000000000000e+00 0.000000000000000000e+00
4.000000000000000000e+03 1.599990439230558614e-02 0.000000000000000000e+00 1.000000000000000000e+00 0.000000000000000000e+00 0.000000000000000000e+00 0.000000000000000000e+00
4.250000000000000000e+03 1.699989841682469915e-02 0.000000000000000000e+00 1.000000000000000000e+00 0.000000000000000000e+00 0.000000000000000000e+00 0.000000000000000000e+00
4.500000000000000000e+03 1.799989244134381217e-02 0.000000000000000000e+00 1.000000000000000000e+00 0.000000000000000000e+00 0.000000000000000000e+00 0.000000000000000000e+00
4.750000000000000000e+03 1.899988646586292518e-02 0.000000000000000000e+00 1.000000000000000000e+00 0.000000000000000000e+00 0.000000000000000000e+00 0.000000000000000000e+00
5.000000000000000000e+03 1.999988049038203819e-02 0.000000000000000000e+00 1.000000000000000000e+00 0.000000000000000000e+00 0.000000000000000000e+00 0.000000000000000000e+00
5.250000000000000000e+03 2.099987451490115120e-02 0.000000000000000000e+00 1.000000000000000000e+00 0.000000000000000000e+00 0.000000000000000000e+00 0.000000000000000000e+00
5.500000000000000000e+03 2.199986853942026421e-02 0.000000000000000000e+00 1.000000000000000000e+00 0.000000000000000000e+00 0.000000000000000000e+00 0.000000000000000000e+00
5.750000000000000000e+03 2.299986256393937722e-02 0.000000000000000000e+00 1.000000000000000000e+00 0.000000000000000000e+00 0.000000000000000000e+00 0.000000000000000000e+00
6.000000000000000000e+03 2.399985658845849024e-02 0.000000000000000000e+00 1.000000000000000000e+00 0.000000000000000000e+00 0.000000000000000000e+00 0.000000000000000000e+00
6.250000000000000000e+03 2.499985061297760325e-02 0.000000000000000000e+00 1.000000000000000000e+00 0.000000000000000000e+00 0.000000000000000000e+00 0.000000000000000000e+00
6.500000000000000000e+03 2.599984463749649422e-02 0.000000000000000000e+00 1.000000000000000000e+00 0.000000000000000000e+00 0.000000000000000000e+00 0.000000000000000000e+00
6.750000000000000000e+03 2.699983866201560723e-02 0.000000000000000000e+00 1.000000000000000000e+00 0.000000000000000000e+00 0.000000000000000000e+00 0.000000000000000000e+00
7.000000000000000000e+03 2.799983268653472024e-02 0.000000000000000000e+00 1.000000000000000000e+00 0.000000000000000000e+00 0.000000000000000000e+00 0.000000000000000000e+00
7.250000000000000000e+03 2.899982671105383325e-02 0.000000000000000000e+00 1.000000000000000000e+00 0.000000000000000000e+00 0.000000000000000000e+00 0.000000000000000000e+00
7.500000000000000000e+03 2.999982073557294626e-02 0.000000000000000000e+00 1.000000000000000000e+00 0.000000000000000000e+00 0.000000000000000000e+00 0.000000000000000000e+00
7.750000000000000000e+03 3.099981476009205927e-02 0.000000000000000000e+00 1.000000000000000000e+00 0.000000000000000000e+00 0.000000000000000000e+00 0.000000000000000000e+00
8.000000000000000000e+03 3.199980878461117229e-02 0.000000000000000000e+00 1.000000000000000000e+00 0.000000000000000000e+00 0.000000000000000000e+00 0.000000000000000000e+00
8.250000000000000000e+03 3.299980280913028530e-02 0.000000000000000000e+00 1.000000000000000000e+00 0.000000000000000000e+00 0.000000000000000000e+00 0.000000000000000000e+00
8.500000000000000000e+03 3.399979683364939831e-02 0.000000000000000000e+00 1.000000000000000000e+00 0.000000000000000000e+00 0.000000000000000000e+00 0.000000000000000000e+00
8.750000000000000000e+03 3.499979085816851132e-02 0.000000000000000000e+00 1.000000000000000000e+00 0.000000000000000000e+00 0.000000000000000000e+00 0.000000000000000000e+00
9.000000000000000000e+03 3.599978488268762433e-02 0.000000000000000000e+00 1.000000000000000000e+00 0.000000000000000000e+00 0.000000000000000000e+00 0.000000000000000000e+00
9.250000000000000000e+03 3.699977890720673734e-02 0.000000000000000000e+00 1.000000000000000000e+00 0.000000000000000000e+00 0.000000000000000000e+00 0.000000000000000000e+00
9.500000000000000000e+03 3.799977293172585036e-02 0.000000000000000000e+00 1.000000000000000000e+00 0.000000000000000000e+00 0.000000000000000000e+00 0.000000000000000000e+00
9.750000000000000000e+03 3.899976695624496337e-02 0.000000000000000000e+00 1.000000000000000000e+00 0.000000000000000000e+00 0.000000000000000000e+00 0.000000000000000000e+00
1.000000000000000000e+04 3.999976098076407638e-02 0.000000000000000000e+00 1.000000000000000000e+00 0.000000000000000000e+00 0.000000000000000000e+00 0.000000000000000000e+00
1.025000000000000000e+04 4.099975500528318939e-02 0.000000000000000000e+00 1.000000000000000000e+00 0.000000000000000000e+00 0.000000000000000000e+00 0.000000000000000000e+00
1.050000000000000000e+04 4.199974902980208036e-02 0.000000000000000000e+00 1.000000000000000000e+00 0.000000000000000000e+00 0.000000000000000000e+00 0.000000000000000000e+00
1.075000000000000000e+04 4.299974305432119337e-02 0.000000000000000000e+00 1.000000000000000000e+00 0.000000000000000000e+00 0.000000000000000000e+00 0.000000000000000000e+00
1.100000000000000000e+04 4.399973707884030638e-02 0.000000000000000000e+00 1.000000000000000000e+00 0.000000000000000000e+00 0.000000000000000000e+00 0.000000000000000000e+00
1.125000000000000000e+04 4.499973110335941939e-02 0.000000000000000000e+00 1.000000000000000000e+00 0.000000000000000000e+00 0.000000000000000000e+00 0.000000000000000000e+00
1.150000000000000000e+04 4.599972512787853240e-02 0.000000000000000000e+00 1.000000000000000000e+00 0.000000000000000000e+00 0.000000000000000000e+00 0.000000000000000000e+00
1.175000000000000000e+04 4.699971915239764542e-02 0.000000000000000000e+00 1.000000000000000000e+00 0.000000000000000000e+00 0.000000000000000000e+00 0.000000000000000000e+00
1.200000000000000000e+04 4.799971317691675843e-02 0.000000000000000000e+00 1.000000000000000000e+00 0.000000000000000000e+00 0.000000000000000000e+00 0.000000000000000000e+00
1.225000000000000000e+04 4.899970720143587144e-02 0.000000000000000000e+00 1.000000000000000000e+00 0.000000000000000000e+00 0.000000000000000000e+00 0.000000000000000000e+00
1.250000000000000000e+04 4.999970122595498445e-02 0.000000000000000000e+00 1.000000000000000000e+00 0.000000000000000000e+00 0.000000000000000000e+00 0.000000000000000000e+00
1.275000000000000000e+04 5.099969525047409746e-02 0.000000000000000000e+00 1.000000000000000000e+00 0.000000000000000000e+00 0.000000000000000000e+00 0.000000000000000000e+00
1.300000000000000000e+04 5.199968927499321047e-02 0.000000000000000000e+00 1.000000000000000000e+00 0.000000000000000000e+00 0.000000000000000000e+00 0.000000000000000000e+00
1.325000000000000000e+04 5.299968329951232349e-02 0.000000000000000000e+00 1.000000000000000000e+00 0.000000000000000000e+00 0.000000000000000000e+00 0.000000000000000000e+00
1.350000000000000000e+04 5.399967732403143650e-02 0.000000000000000000e+00 1.000000000000000000e+00 0.000000000000000000e+00 0.000000000000000000e+00 0.000000000000000000e+00
1.375000000000000000e+04 5.499967134855054951e-02 0.000000000000000000e+00 1.000000000000000000e+00 0.000000000000000000e+00 0.000000000000000000e+00 0.000000000000000000e+00
1.400000000000000000e+04 5.599966537306966252e-02 0.000000000000000000e+00 1.000000000000000000e+00 0.000000000000000000e+00 0.000000000000000000e+00 0.000000000000000000e+00
1.425000000000000000e+04 5.699965939758877553e-02 0.000000000000000000e+00 1.000000000000000000e+00 0.000000000000000000e+00 0.000000000000000000e+00 0.000000000000000000e+00
1.450000000000000000e+04 5.799965342210788855e-02 0.000000000000000000e+00 1.000000000000000000e+00 0.000000000000000000e+00 0.000000000000000000e+00 0.000000000000000000e+00
1.475000000000000000e+04 5.899964744662677951e-02 0.000000000000000000e+00 1.000000000000000000e+00 0.000000000000000000e+00 0.000000000000000000e+00 0.000000000000000000e+00
1.500000000000000000e+04 5.999964147114589252e-02 0.000000000000000000e+00 1.000000000000000000e+00 0.000000000000000000e+00 0.000000000000000000e+00 0.000000000000000000e+00
1.525000000000000000e+04 6.099963549566500554e-02 0.000000000000000000e+00 1.000000000000000000e+00 0.000000000000000000e+00 0.000000000000000000e+00 0.000000000000000000e+00
1.550000000000000000e+04 6.199962952018411855e-02 0.000000000000000000e+00 1.000000000000000000e+00 0.000000000000000000e+00 0.000000000000000000e+00 0.000000000000000000e+00
1.575000000000000000e+04 6.299962354470323156e-02 0.000000000000000000e+00 1.000000000000000000e+00 0.000000000000000000e+00 0.000000000000000000e+00 0.000000000000000000e+00
1.600000000000000000e+04 6.399961756922234457e-02 0.000000000000000000e+00 1.000000000000000000e+00 0.000000000000000000e+00 0.000000000000000000e+00 0.000000000000000000e+00
1.625000000000000000e+04 6.499961159374145758e-02 0.000000000000000000e+00 1.000000000000000000e+00 0.000000000000000000e+00 0.000000000000000000e+00 0.000000000000000000e+00
1.650000000000000000e+04 6.599960561826057059e-02 0.000000000000000000e+00 1.000000000000000000e+00 0.000000000000000000e+00 0.000000000000000000e+00 0.000000000000000000e+00
1.675000000000000000e+04 6.699959964277968361e-02 0.000000000000000000e+00 1.000000000000000000e+00 0.000000000000000000e+00 0.000000000000000000e+00 0.000000000000000000e+00
1.700000000000000000e+04 6.799959366729879662e-02 0.000000000000000000e+00 1.000000000000000000e+00 0.000000000000000000e+00 0.000000000000000000e+00 0.000000000000000000e+00
1.725000000000000000e+04 6.899958769181790963e-02 0.000000000000000000e+00 1.000000000000000000e+00 0.000000000000000000e+00 0.000000000000000000e+00 0.000000000000000000e+00
1.750000000000000000e+04 6.999958171633702264e-02 2.275830678197542133e-04 9.997724169321802190e-01 0.000000000000000000e+00 0.000000000000000000e+00 0.000000000000000000e+00
1.775000000000000000e+04 7.099957574085613565e-02 0.000000000000000000e+00 1.000000000000000000e+00 0.000000000000000000e+00 0.000000000000000000e+00 0.000000000000000000e+00
1.800000000000000000e+04 7.199956976537524866e-02 0.000000000000000000e+00 1.000000000000000000e+00 0.000000000000000000e+00 0.000000000000000000e+00 0.000000000000000000e+00
1.825000000000000000e+04 7.299956378989436168e-02 0.000000000000000000e+00 1.000000000000000000e+00 0.000000000000000000e+00 0.000000000000000000e+00 0.000000000000000000e+00
1.850000000000000000e+04 7.399955781441347469e-02 1.137915339098771066e-04 9.998862084660901095e-01 0.000000000000000000e+00 0.000000000000000000e+00 0.000000000000000000e+00
1.875000000000000000e+04 7.499955183893258770e-02 1.137915339098771066e-04 9.998862084660901095e-01 0.000000000000000000e+00 0.000000000000000000e+00 0.000000000000000000e+00
1.900000000000000000e+04 7.599954586345147867e-02 0.000000000000000000e+00 1.000000000000000000e+00 0.000000000000000000e+00 0.000000000000000000e+00 0.000000000000000000e+00
1.925000000000000000e+04 7.699953988797059168e-02 1.137915339098771066e-04 9.998862084660901095e-01 0.000000000000000000e+00 0.000000000000000000e+00 0.000000000000000000e+00
1.950000000000000000e+04 7.799953391248970469e-02 0.000000000000000000e+00 1.000000000000000000e+00 0.000000000000000000e+00 0.000000000000000000e+00 0.000000000000000000e+00
1.975000000000000000e+04 7.899952793700881770e-02 0.000000000000000000e+00 1.000000000000000000e+00 0.000000000000000000e+00 0.000000000000000000e+00 0.000000000000000000e+00
2.000000000000000000e+04 7.999952196152793071e-02 5.689576695493854790e-04 9.993172507965407680e-01 0.000000000000000000e+00 1.137915339098771066e-04 0.000000000000000000e+00
2.025000000000000000e+04 8.099951598604704373e-02 3.413746017296313199e-04 9.996586253982703285e-01 0.000000000000000000e+00 0.000000000000000000e+00 0.000000000000000000e+00
2.050000000000000000e+04 8.199951001056615674e-02 4.551661356395084266e-04 9.995448338643604380e-01 0.000000000000000000e+00 0.000000000000000000e+00 0.000000000000000000e+00
2.075000000000000000e+04 8.299950403508526975e-02 0.000000000000000000e+00 1.000000000000000000e+00 0.000000000000000000e+00 0.000000000000000000e+00 0.000000000000000000e+00
2.100000000000000000e+04 8.399949805960438276e-02 1.137915339098771066e-04 9.998862084660901095e-01 0.000000000000000000e+00 0.000000000000000000e+00 0.000000000000000000e+00
2.125000000000000000e+04 8.499949208412349577e-02 9.103322712790168532e-04 9.990896677287209870e-01 0.000000000000000000e+00 0.000000000000000000e+00 0.000000000000000000e+00
2.150000000000000000e+04 8.599948610864260878e-02 6.827492034592626399e-04 9.993172507965407680e-01 0.000000000000000000e+00 0.000000000000000000e+00 0.000000000000000000e+00
2.175000000000000000e+04 8.699948013316172180e-02 7.965407373691396923e-04 9.990896677287209870e-01 0.000000000000000000e+00 1.137915339098771066e-04 0.000000000000000000e+00
2.200000000000000000e+04 8.799947415768083481e-02 1.137915339098771066e-04 9.998862084660901095e-01 0.000000000000000000e+00 0.000000000000000000e+00 0.000000000000000000e+00
2.225000000000000000e+04 8.899946818219994782e-02 4.551661356395084266e-04 9.994310423304506585e-01 0.000000000000000000e+00 1.137915339098771066e-04 0.000000000000000000e+00
2.250000000000000000e+04 8.999946220671906083e-02 1.137915339098770958e-03 9.988620846609012061e-01 0.000000000000000000e+00 0.000000000000000000e+00 0.000000000000000000e+00
2.275000000000000000e+04 9.099945623123817384e-02 1.137915339098770958e-03 9.988620846609012061e-01 0.000000000000000000e+00 0.000000000000000000e+00 0.000000000000000000e+00
2.300000000000000000e+04 9.199945025575728685e-02 7.965407373691396923e-04 9.992034592626308775e-01 0.000000000000000000e+00 0.000000000000000000e+00 0.000000000000000000e+00
2.325000000000000000e+04 9.299944428027617782e-02 9.103322712790168532e-04 9.988620846609012061e-01 0.000000000000000000e+00 2.275830678197542133e-04 0.000000000000000000e+00
2.350000000000000000e+04 9.399943830479529083e-02 9.103322712790168532e-04 9.989758761948110966e-01 0.000000000000000000e+00 1.137915339098771066e-04 0.000000000000000000e+00
2.375000000000000000e+04 9.499943232931440384e-02 1.479289940828402332e-03 9.982931269913518646e-01 0.000000000000000000e+00 2.275830678197542133e-04 0.000000000000000000e+00
2.400000000000000000e+04 9.599942635383351686e-02 2.730996813837050560e-03 9.971552116522530707e-01 0.000000000000000000e+00 1.137915339098771066e-04 0.000000000000000000e+00
2.425000000000000000e+04 9.699942037835262987e-02 1.706873008648156654e-03 9.981793354574419741e-01 0.000000000000000000e+00 1.137915339098771066e-04 0.000000000000000000e+00
2.450000000000000000e+04 9.799941440287174288e-02 2.389622212107419402e-03 9.973827947200728516e-01 0.000000000000000000e+00 2.275830678197542133e-04 0.000000000000000000e+00
2.475000000000000000e+04 9.899940842739085589e-02 1.934456076467910759e-03 9.980655439235320836e-01 0.000000000000000000e+00 0.000000000000000000e+00 0.000000000000000000e+00
2.500000000000000000e+04 9.999940245190996890e-02 2.048247610377787811e-03 9.977241693218024121e-01 0.000000000000000000e+00 2.275830678197542133e-04 0.000000000000000000e+00
2.525000000000000000e+04 1.009993964764290819e-01 4.665452890304961318e-03 9.945380063723259223e-01 0.000000000000000000e+00 7.965407373691396923e-04 0.000000000000000000e+00
2.550000000000000000e+04 1.019993905009481949e-01 5.689576695493855224e-03 9.939690487027764698e-01 0.000000000000000000e+00 3.413746017296313199e-04 0.000000000000000000e+00
2.575000000000000000e+04 1.029993845254673079e-01 7.965407373691398007e-03 9.916932180245789930e-01 0.000000000000000000e+00 3.413746017296313199e-04 0.000000000000000000e+00
2.600000000000000000e+04 1.039993785499864209e-01 5.917159763313609329e-03 9.936276741010469093e-01 0.000000000000000000e+00 4.551661356395084266e-04 0.000000000000000000e+00
2.625000000000000000e+04 1.049993725745055340e-01 5.689576695493855224e-03 9.940828402366863603e-01 0.000000000000000000e+00 2.275830678197542133e-04 0.000000000000000000e+00
2.650000000000000000e+04 1.059993665990246470e-01 6.258534365043240920e-03 9.932862994993172379e-01 0.000000000000000000e+00 4.551661356395084266e-04 0.000000000000000000e+00
2.675000000000000000e+04 1.069993606235437600e-01 4.324078288575329727e-03 9.955621301775148257e-01 0.000000000000000000e+00 1.137915339098771066e-04 0.000000000000000000e+00
2.700000000000000000e+04 1.079993546480628730e-01 1.092398725534820224e-02 9.882794720072826111e-01 0.000000000000000000e+00 7.965407373691396923e-04 0.000000000000000000e+00
2.725000000000000000e+04 1.089993486725819860e-01 2.355484751934456070e-02 9.720072826581702685e-01 0.000000000000000000e+00 4.437869822485207214e-03 0.000000000000000000e+00
2.750000000000000000e+04 1.099993426971008770e-01 6.998179335457442585e-02 7.646791078743740977e-01 0.000000000000000000e+00 1.653390987710514348e-01 0.000000000000000000e+00
2.775000000000000000e+04 1.109993367216199900e-01 1.424670004551661373e-01 2.849340009103322746e-01 1.137915339098771066e-04 5.724852071005916976e-01 0.000000000000000000e+00
2.800000000000000000e+04 1.119993307461391030e-01 2.496586253982703563e-01 3.994082840236686249e-01 1.490669094219390090e-01 2.018661811561219821e-01 0.000000000000000000e+00
2.825000000000000000e+04 1.129993247706582160e-01 1.604460628129267263e-01 5.765817023213473114e-01 2.383932635411925294e-01 2.457897132453345374e-02 0.000000000000000000e+00
2.850000000000000000e+04 1.139993187951773290e-01 1.535047792444242110e-01 5.949021392808374609e-01 2.403277196176604458e-01 1.126536185707783383e-02 0.000000000000000000e+00
2.875000000000000000e+04 1.149993128196964420e-01 1.783113336367774249e-01 5.905780609922621771e-01 2.188211197086936677e-01 1.228948566226672687e-02 0.000000000000000000e+00
2.900000000000000000e+04 1.159993068442155550e-01 1.343878015475648557e-01 6.628356850250340937e-01 1.915111515703231682e-01 1.126536185707783383e-02 0.000000000000000000e+00
2.925000000000000000e+04 1.169993008687346681e-01 9.171597633136094330e-02 6.973145197997269173e-01 2.027765134274009950e-01 8.192990441511151245e-03 0.000000000000000000e+00
2.950000000000000000e+04 1.179992948932537811e-01 8.158852981338188259e-02 7.039144287664997890e-01 2.056213017751479244e-01 8.875739644970414427e-03 0.000000000000000000e+00
2.975000000000000000e+04 1.189992889177728941e-01 8.420573509330905870e-02 7.035730541647701175e-01 2.049385525716886647e-01 7.282658170232134826e-03 0.000000000000000000e+00
3.000000000000000000e+04 1.199992829422920071e-01 8.500227583067819503e-02 7.027765134274009950e-01 2.066454255803368278e-01 5.575785161583977738e-03 0.000000000000000000e+00
3.025000000000000000e+04 1.209992769668111201e-01 8.716431497496586467e-02 7.001593081474738467e-01 2.065316340464269373e-01 6.144742831133363434e-03 0.000000000000000000e+00
3.050000000000000000e+04 1.219992709913302331e-01 8.557123350022757813e-02 7.019799726900318726e-01 2.056213017751479244e-01 6.827492034592626616e-03 0.000000000000000000e+00
3.075000000000000000e+04 1.229992650158493461e-01 8.204369594902138907e-02 7.012972234865726406e-01 2.094902139280837572e-01 7.168866636322257339e-03 0.000000000000000000e+00
3.100000000000000000e+04 1.239992590403684591e-01 8.397815202548930547e-02 7.008420573509330787e-01 2.067592171142466906e-01 8.420573509330906217e-03 0.000000000000000000e+00
3.125000000000000000e+04 1.249992530648875722e-01 8.249886208466089554e-02 7.014110150204825311e-01 2.084660901228948537e-01 7.624032771961766417e-03 0.000000000000000000e+00
3.150000000000000000e+04 1.259992470894064631e-01 8.045061447428311641e-02 7.020937642239417631e-01 2.084660901228948537e-01 8.989531178880291046e-03 0.000000000000000000e+00
3.175000000000000000e+04 1.269992411139255761e-01 8.204369594902138907e-02 7.025489303595812141e-01 2.085798816568047442e-01 6.827492034592626616e-03 0.000000000000000000e+00
3.200000000000000000e+04 1.279992351384446891e-01 8.227127901684114231e-02 7.014110150204825311e-01 2.077833409194355940e-01 8.534365043240782836e-03 0.000000000000000000e+00
3.225000000000000000e+04 1.289992291629638022e-01 8.158852981338188259e-02 7.020937642239417631e-01 2.075557578516158408e-01 8.761948111060537808e-03 0.000000000000000000e+00
3.250000000000000000e+04 1.299992231874829152e-01 8.249886208466089554e-02 7.016385980883022011e-01 2.081247155211652378e-01 7.737824305871643035e-03 0.000000000000000000e+00
3.275000000000000000e+04 1.309992172120020282e-01 8.306781975421029252e-02 7.000455166135639562e-01 2.074419663177059503e-01 9.444697314519799256e-03 0.000000000000000000e+00
3.300000000000000000e+04 1.319992112365211412e-01 8.124715521165225274e-02 7.019799726900318726e-01 2.090350477924442507e-01 7.737824305871643035e-03 0.000000000000000000e+00
3.325000000000000000e+04 1.329992052610402542e-01 8.329540282203004575e-02 7.022075557578516536e-01 2.073281747837960876e-01 7.168866636322257339e-03 0.000000000000000000e+00
3.350000000000000000e+04 1.339991992855593672e-01 8.158852981338188259e-02 7.019799726900318726e-01 2.093764223941738667e-01 7.055075102412380721e-03 0.000000000000000000e+00
3.375000000000000000e+04 1.349991933100784802e-01 8.204369594902138907e-02 7.008420573509330787e-01 2.086936731907146070e-01 8.420573509330906217e-03 0.000000000000000000e+00
3.400000000000000000e+04 1.359991873345975932e-01 8.101957214383249950e-02 7.015248065543923106e-01 2.089212562585343602e-01 8.534365043240782836e-03 0.000000000000000000e+00
3.425000000000000000e+04 1.369991813591167062e-01 7.988165680473373331e-02 7.009558488848429691e-01 2.100591715976331264e-01 9.103322712790167665e-03 0.000000000000000000e+00
3.450000000000000000e+04 1.379991753836358193e-01 8.204369594902138907e-02 6.997041420118342847e-01 2.075557578516158408e-01 1.069640418752844727e-02 0.000000000000000000e+00
3.475000000000000000e+04 1.389991694081549323e-01 8.238507055075101893e-02 7.011834319526627501e-01 2.080109239872553473e-01 8.420573509330906217e-03 0.000000000000000000e+00
3.500000000000000000e+04 1.399991634326740453e-01 8.318161128812016913e-02 7.012972234865726406e-01 2.080109239872553473e-01 7.510241238051888930e-03 0.000000000000000000e+00
3.525000000000000000e+04 1.409991574571931583e-01 8.579881656804733137e-02 6.993627674101047242e-01 2.065316340464269373e-01 8.306781975421027864e-03 0.000000000000000000e+00
3.550000000000000000e+04 1.419991514817122713e-01 8.261265361857077216e-02 6.992489758761948337e-01 2.092626308602640040e-01 8.875739644970414427e-03 0.000000000000000000e+00
3.575000000000000000e+04 1.429991455062311623e-01 8.375056895766955223e-02 6.992489758761948337e-01 2.089212562585343602e-01 8.079198907601274626e-03 0.000000000000000000e+00
3.600000000000000000e+04 1.439991395307502753e-01 8.511606736458807165e-02 6.995903504779243942e-01 2.061902594446973214e-01 9.103322712790167665e-03 0.000000000000000000e+00
3.625000000000000000e+04 1.449991335552693883e-01 9.035047792444242387e-02 6.977696859353663683e-01 2.039144287664997612e-01 7.965407373691398007e-03 0.000000000000000000e+00
3.650000000000000000e+04 1.459991275797885013e-01 8.431952662721893532e-02 6.999317250796540657e-01 2.061902594446973214e-01 9.558488848429677609e-03 0.000000000000000000e+00
3.675000000000000000e+04 1.469991216043076143e-01 8.363677742375967561e-02 7.002730996813837372e-01 2.066454255803368278e-01 9.444697314519799256e-03 0.000000000000000000e+00
3.700000000000000000e+04 1.479991156288267273e-01 8.602639963586708460e-02 6.999317250796540657e-01 2.051661356395084179e-01 8.875739644970414427e-03 0.000000000000000000e+00
3.725000000000000000e+04 1.489991096533458403e-01 8.841602184797450747e-02 6.983386436049158208e-01 2.050523441055985552e-01 8.192990441511151245e-03 0.000000000000000000e+00
3.750000000000000000e+04 1.499991036778649534e-01 8.705052344105598805e-02 6.981110605370960398e-01 2.057350933090578149e-01 9.103322712790167665e-03 0.000000000000000000e+00
3.775000000000000000e+04 1.509990977023840664e-01 8.420573509330905870e-02 6.984524351388257113e-01 2.077833409194355940e-01 9.558488848429677609e-03 0.000000000000000000e+00
3.800000000000000000e+04 1.519990917269031794e-01 8.955393718707328754e-02 6.976558944014564778e-01 2.050523441055985552e-01 7.737824305871643035e-03 0.000000000000000000e+00
3.825000000000000000e+04 1.529990857514222924e-01 8.670914883932635819e-02 6.981110605370960398e-01 2.048247610377788019e-01 1.035502958579881741e-02 0.000000000000000000e+00
3.850000000000000000e+04 1.539990797759414054e-01 8.500227583067819503e-02 6.981110605370960398e-01 2.059626763768775681e-01 1.092398725534820224e-02 0.000000000000000000e+00
3.875000000000000000e+04 1.549990738004605184e-01 8.705052344105598805e-02 7.005006827492034072e-01 2.028903049613108855e-01 9.558488848429677609e-03 0.000000000000000000e+00
3.900000000000000000e+04 1.559990678249796314e-01 9.137460172963131344e-02 6.976558944014564778e-01 2.028903049613108855e-01 8.079198907601274626e-03 0.000000000000000000e+00
3.925000000000000000e+04 1.569990618494987444e-01 8.887118798361401395e-02 7.005006827492034072e-01 1.997041420118343125e-01 1.092398725534820224e-02 0.000000000000000000e+00
3.950000000000000000e+04 1.579990558740178574e-01 9.706417842512517213e-02 6.973145197997269173e-01 1.970869367319071364e-01 8.534365043240782836e-03 0.000000000000000000e+00
3.975000000000000000e+04 1.589990498985369705e-01 1.005917159763313612e-01 6.925352753755120716e-01 1.983386436049157930e-01 8.534365043240782836e-03 0.000000000000000000e+00
4.000000000000000000e+04 1.599990439230558614e-01 1.008192990441511144e-01 7.082385070550750727e-01 1.787664997724169313e-01 1.217569412835685025e-02 0.000000000000000000e+00
4.025000000000000000e+04 1.609990379475749744e-01 9.831588529813381494e-02 7.129039599453800280e-01 1.754665452890304955e-01 1.331360946745562164e-02 0.000000000000000000e+00
4.050000000000000000e+04 1.619990319720940875e-01 9.103322712790168358e-02 7.228038233955393910e-01 1.742148384160218388e-01 1.194811106053709528e-02 0.000000000000000000e+00
4.075000000000000000e+04 1.629990259966132005e-01 8.784706417842512438e-02 7.276968593536641272e-01 1.723941738734638129e-01 1.206190259444697363e-02 0.000000000000000000e+00
4.100000000000000000e+04 1.639990200211323135e-01 8.841602184797450747e-02 7.249658625398270884e-01 1.728493400091033194e-01 1.376877560309512985e-02 0.000000000000000000e+00
4.125000000000000000e+04 1.649990140456514265e-01 9.137460172963131344e-02 7.257624032771962108e-01 1.709148839326354030e-01 1.194811106053709528e-02 0.000000000000000000e+00
4.150000000000000000e+04 1.659990080701705395e-01 9.000910332271279402e-02 7.275830678197542367e-01 1.705735093309057870e-01 1.183431952662721866e-02 0.000000000000000000e+00
4.175000000000000000e+04 1.669990020946896525e-01 9.387801547564861293e-02 7.240555302685480754e-01 1.697769685935366368e-01 1.228948566226672687e-02 0.000000000000000000e+00
4.200000000000000000e+04 1.679989961192087655e-01 9.399180700955848955e-02 7.242831133363677454e-01 1.669321802457897075e-01 1.479289940828402289e-02 0.000000000000000000e+00
4.225000000000000000e+04 1.689989901437278785e-01 9.342284934000910646e-02 7.255348202093764298e-01 1.680700955848884737e-01 1.297223486572599005e-02 0.000000000000000000e+00
4.250000000000000000e+04 1.699989841682469915e-01 9.103322712790168358e-02 7.258761948111061013e-01 1.704597177969958965e-01 1.263086026399635846e-02 0.000000000000000000e+00
4.275000000000000000e+04 1.709989781927661046e-01 9.057806099226217711e-02 7.294037323623122626e-01 1.663632225762403383e-01 1.365498406918525323e-02 0.000000000000000000e+00
4.300000000000000000e+04 1.719989722172852176e-01 9.353664087391898307e-02 7.259899863450158808e-01 1.696631770596267741e-01 1.081019572143832562e-02 0.000000000000000000e+00
4.325000000000000000e+04 1.729989662418043306e-01 9.126081019572143682e-02 7.273554847519344557e-01 1.692080109239872676e-01 1.217569412835685025e-02 0.000000000000000000e+00
4.350000000000000000e+04 1.739989602663234436e-01 8.966772872098316416e-02 7.302002730996813851e-01 1.714838416021848000e-01 8.648156577150659455e-03 0.000000000000000000e+00
4.375000000000000000e+04 1.749989542908425566e-01 8.614019116977697510e-02 7.346381429221665593e-01 1.698907601274465273e-01 9.330905780609922637e-03 0.000000000000000000e+00
4.400000000000000000e+04 1.759989483153616696e-01 8.818843878015475424e-02 7.330450614474283144e-01 1.704597177969958965e-01 8.306781975421027864e-03 0.000000000000000000e+00
4.425000000000000000e+04 1.769989423398805606e-01 8.841602184797450747e-02 7.325898953117887524e-01 1.709148839326354030e-01 8.079198907601274626e-03 0.000000000000000000e+00
4.450000000000000000e+04 1.779989363643996736e-01 8.568502503413745475e-02 7.336140191169776559e-01 1.719390077378243065e-01 8.761948111060537808e-03 0.000000000000000000e+00
4.475000000000000000e+04 1.789989303889187866e-01 8.807464724624487762e-02 7.317933545744196300e-01 1.719390077378243065e-01 8.192990441511151245e-03 0.000000000000000000e+00
4.500000000000000000e+04 1.799989244134378996e-01 8.875739644970413733e-02 7.336140191169776559e-01 1.695493855257168836e-01 8.079198907601274626e-03 0.000000000000000000e+00
4.525000000000000000e+04 1.809989184379570126e-01 8.739189804278561791e-02 7.346381429221665593e-01 1.703459262630860338e-01 7.624032771961766417e-03 0.000000000000000000e+00
4.550000000000000000e+04 1.819989124624761256e-01 8.511606736458807165e-02 7.372553482020938187e-01 1.706873008648156498e-01 6.941283568502503235e-03 0.000000000000000000e+00
4.575000000000000000e+04 1.829989064869952387e-01 8.454710969503868856e-02 7.365725989986344757e-01 1.705735093309057870e-01 8.306781975421027864e-03 0.000000000000000000e+00
4.600000000000000000e+04 1.839989005115143517e-01 8.431952662721893532e-02 7.379380974055530507e-01 1.692080109239872676e-01 8.534365043240782836e-03 0.000000000000000000e+00
4.625000000000000000e+04 1.849988945360334647e-01 8.705052344105598805e-02 7.370277651342740377e-01 1.670459717796995980e-01 8.875739644970414427e-03 0.000000000000000000e+00
4.650000000000000000e+04 1.859988885605525777e-01 8.591260810195720798e-02 7.436276741010469093e-01 1.631770596267637652e-01 7.282658170232134826e-03 0.000000000000000000e+00
4.675000000000000000e+04 1.869988825850716907e-01 8.500227583067819503e-02 7.447655894401457033e-01 1.602184797451069731e-01 1.001365498406918582e-02 0.000000000000000000e+00
4.700000000000000000e+04 1.879988766095908037e-01 8.363677742375967561e-02 7.435138825671370189e-01 1.639736003641329154e-01 8.875739644970414427e-03 0.000000000000000000e+00
4.725000000000000000e+04 1.889988706341099167e-01 8.625398270368685172e-02 7.504551661356395620e-01 1.555530268548019901e-01 7.737824305871643035e-03 0.000000000000000000e+00
4.750000000000000000e+04 1.899988646586290297e-01 8.545744196631770151e-02 7.500000000000000000e-01 1.568047337278106468e-01 7.737824305871643035e-03 0.000000000000000000e+00
4.775000000000000000e+04 1.909988586831481427e-01 8.727810650887574129e-02 7.509103322712790130e-01 1.539599453800637174e-01 7.851615839781519654e-03 0.000000000000000000e+00
4.800000000000000000e+04 1.919988527076672558e-01 8.522985889849794827e-02 7.531861629494766008e-01 1.532771961766044577e-01 8.306781975421027864e-03 0.000000000000000000e+00
4.825000000000000000e+04 1.929988467321861467e-01 8.761948111060537114e-02 7.509103322712790130e-01 1.525944469731451980e-01 8.875739644970414427e-03 0.000000000000000000e+00
4.850000000000000000e+04 1.939988407567052597e-01 8.659535730541648157e-02 7.492034592626308775e-01 1.550978607191624836e-01 9.103322712790167665e-03 0.000000000000000000e+00
4.875000000000000000e+04 1.949988347812243727e-01 8.807464724624487762e-02 7.493172507965407680e-01 1.536185707783341015e-01 8.989531178880291046e-03 0.000000000000000000e+00
4.900000000000000000e+04 1.959988288057434858e-01 8.500227583067819503e-02 7.535275375512061613e-01 1.532771961766044577e-01 8.192990441511151245e-03 0.000000000000000000e+00
4.925000000000000000e+04 1.969988228302625988e-01 8.454710969503868856e-02 7.552344105598542967e-01 1.516841147018661851e-01 8.534365043240782836e-03 0.000000000000000000e+00
4.950000000000000000e+04 1.979988168547817118e-01 8.557123350022757813e-02 7.520482476103778069e-01 1.541875284478834707e-01 8.192990441511151245e-03 0.000000000000000000e+00
4.975000000000000000e+04 1.989988108793008248e-01 8.568502503413745475e-02 7.520482476103778069e-01 1.529358215748748417e-01 9.330905780609922637e-03 0.000000000000000000e+00
5.000000000000000000e+04 1.999988049038199378e-01 8.978152025489304078e-02 7.525034137460172579e-01 1.510013654984069253e-01 6.713700500682749130e-03 0.000000000000000000e+00
5.025000000000000000e+04 2.009987989283390508e-01 8.830223031406463086e-02 7.531861629494766008e-01 1.494082840236686527e-01 9.103322712790167665e-03 0.000000000000000000e+00
5.050000000000000000e+04 2.019987929528581638e-01 8.557123350022757813e-02 7.540964952207556138e-01 1.520254893035958010e-01 8.306781975421027864e-03 0.000000000000000000e+00
5.075000000000000000e+04 2.029987869773772768e-01 8.966772872098316416e-02 7.528447883477469293e-01 1.500910332271279124e-01 7.396449704142011444e-03 0.000000000000000000e+00
5.100000000000000000e+04 2.039987810018963899e-01 8.887118798361401395e-02 7.543240782885752838e-01 1.483841602184797492e-01 8.420573509330906217e-03 0.000000000000000000e+00
5.125000000000000000e+04 2.049987750264155029e-01 8.864360491579426071e-02 7.520482476103778069e-01 1.497496586253982687e-01 9.558488848429677609e-03 0.000000000000000000e+00
5.150000000000000000e+04 2.059987690509346159e-01 8.864360491579426071e-02 7.520482476103778069e-01 1.516841147018661851e-01 7.624032771961766417e-03 0.000000000000000000e+00
5.175000000000000000e+04 2.069987630754537289e-01 9.217114246700044977e-02 7.530723714155667103e-01 1.469048702776513393e-01 7.851615839781519654e-03 0.000000000000000000e+00
5.200000000000000000e+04 2.079987570999728419e-01 9.137460172963131344e-02 7.540964952207556138e-01 1.480427856167501055e-01 6.486117432862995025e-03 0.000000000000000000e+00
5.225000000000000000e+04 2.089987511244919549e-01 9.080564406008193035e-02 7.529585798816568198e-01 1.483841602184797492e-01 7.851615839781519654e-03 0.000000000000000000e+00
5.250000000000000000e+04 2.099987451490108459e-01 9.274010013654984674e-02 7.553482020937641872e-01 1.441738734638143005e-01 7.737824305871643035e-03 0.000000000000000000e+00
5.275000000000000000e+04 2.109987391735299589e-01 9.547109695038688559e-02 7.553482020937641872e-01 1.444014565316340537e-01 4.779244424214838804e-03 0.000000000000000000e+00
5.300000000000000000e+04 2.119987331980490719e-01 9.376422394173873631e-02 7.570550751024124336e-01 1.434911242603550408e-01 5.689576695493855224e-03 0.000000000000000000e+00
5.325000000000000000e+04 2.129987272225681849e-01 9.137460172963131344e-02 7.713928083750568598e-01 1.313154301319981732e-01 5.917159763313609329e-03 0.000000000000000000e+00
5.350000000000000000e+04 2.139987212470872979e-01 9.342284934000910646e-02 7.700273099681383959e-01 1.306326809285389134e-01 5.917159763313609329e-03 0.000000000000000000e+00
5.375000000000000000e+04 2.149987152716064109e-01 8.921256258534364381e-02 7.746927628584433512e-01 1.306326809285389134e-01 5.461993627674101119e-03 0.000000000000000000e+00
5.400000000000000000e+04 2.159987092961255239e-01 9.467455621301774926e-02 7.713928083750568598e-01 1.284706417842512438e-01 5.461993627674101119e-03 0.000000000000000000e+00
5.425000000000000000e+04 2.169987033206446370e-01 9.239872553482020301e-02 7.777651342740100615e-01 1.249431042330450548e-01 4.893035958124715423e-03 0.000000000000000000e+00
5.450000000000000000e+04 2.179986973451637500e-01 9.501593081474737912e-02 7.759444697314519246e-01 1.258534365043240677e-01 3.186162949476558769e-03 0.000000000000000000e+00
5.475000000000000000e+04 2.189986913696828630e-01 9.547109695038688559e-02 7.783340919435594030e-01 1.214155666818388657e-01 4.779244424214838804e-03 0.000000000000000000e+00
5.500000000000000000e+04 2.199986853942019760e-01 1.041192535275375503e-01 7.763996358670914866e-01 1.152708238507055144e-01 4.210286754665453109e-03 0.000000000000000000e+00
5.525000000000000000e+04 2.209986794187210890e-01 1.205052344105598527e-01 7.517068730086481354e-01 1.220983158852981393e-01 5.689576695493855224e-03 0.000000000000000000e+00
5.550000000000000000e+04 2.219986734432402020e-01 1.306326809285389134e-01 7.060764679107874864e-01 1.577150659990896597e-01 5.575785161583977738e-03 0.000000000000000000e+00
5.575000000000000000e+04 2.229986674677593150e-01 1.570323167956304000e-01 6.675011379153390489e-01 1.679563040509786109e-01 7.510241238051888930e-03 0.000000000000000000e+00
5.600000000000000000e+04 2.239986614922784280e-01 1.545289030496131144e-01 6.795630405097861093e-01 1.602184797451069731e-01 5.689576695493855224e-03 0.000000000000000000e+00
5.625000000000000000e+04 2.249986555167975411e-01 1.396222121074192080e-01 7.085798816568047442e-01 1.450842057350933134e-01 6.713700500682749130e-03 0.000000000000000000e+00
5.650000000000000000e+04 2.259986495413166541e-01 1.309740555302685572e-01 7.257624032771962108e-01 1.383705052344105513e-01 4.893035958124715423e-03 0.000000000000000000e+00
5.675000000000000000e+04 2.269986435658355450e-01 1.250568957669549452e-01 7.390760127446518446e-01 1.317705962676376796e-01 4.096495220755575623e-03 0.000000000000000000e+00
