# itime ezz other fcc hcp bcc ico
0.000000000000000000e+00 0.000000000000000000e+00 0.000000000000000000e+00 1.000000000000000000e+00 0.000000000000000000e+00 0.000000000000000000e+00 0.000000000000000000e+00
2.500000000000000000e+02 9.999754246470260455e-04 0.000000000000000000e+00 1.000000000000000000e+00 0.000000000000000000e+00 0.000000000000000000e+00 0.000000000000000000e+00
5.000000000000000000e+02 1.999950849294274136e-03 0.000000000000000000e+00 1.000000000000000000e+00 0.000000000000000000e+00 0.000000000000000000e+00 0.000000000000000000e+00
7.500000000000000000e+02 2.999926273941300181e-03 0.000000000000000000e+00 1.000000000000000000e+00 0.000000000000000000e+00 0.000000000000000000e+00 0.000000000000000000e+00
1.000000000000000000e+03 3.999901698588548271e-03 0.000000000000000000e+00 1.000000000000000000e+00 0.000000000000000000e+00 0.000000000000000000e+00 0.000000000000000000e+00
1.250000000000000000e+03 4.999877123235574317e-03 0.000000000000000000e+00 1.000000000000000000e+00 0.000000000000000000e+00 0.000000000000000000e+00 0.000000000000000000e+00
1.500000000000000000e+03 5.999852547882822407e-03 0.000000000000000000e+00 1.000000000000000000e+00 0.000000000000000000e+00 0.000000000000000000e+00 0.000000000000000000e+00
1.750000000000000000e+03 6.999827972529848452e-03 0.000000000000000000e+00 1.000000000000000000e+00 0.000000000000000000e+00 0.000000000000000000e+00 0.000000000000000000e+00
2.000000000000000000e+03 7.999803397177096542e-03 0.000000000000000000e+00 1.000000000000000000e+00 0.000000000000000000e+00 0.000000000000000000e+00 0.000000000000000000e+00
2.250000000000000000e+03 8.999778821824122588e-03 0.000000000000000000e+00 1.000000000000000000e+00 0.000000000000000000e+00 0.000000000000000000e+00 0.000000000000000000e+00
2.500000000000000000e+03 9.999754246471370678e-03 0.000000000000000000e+00 1.000000000000000000e+00 0.000000000000000000e+00 0.000000000000000000e+00 0.000000000000000000e+00
2.750000000000000000e+03 1.099972967111839672e-02 0.000000000000000000e+00 1.000000000000000000e+00 0.000000000000000000e+00 0.000000000000000000e+00 0.000000000000000000e+00
3.000000000000000000e+03 1.199970509576564481e-02 0.000000000000000000e+00 1.000000000000000000e+00 0.000000000000000000e+00 0.000000000000000000e+00 0.000000000000000000e+00
3.250000000000000000e+03 1.299968052041267086e-02 0.000000000000000000e+00 1.000000000000000000e+00 0.000000000000000000e+00 0.000000000000000000e+00 0.000000000000000000e+00
3.500000000000000000e+03 1.399965594505969690e-02 0.000000000000000000e+00 1.000000000000000000e+00 0.000000000000000000e+00 0.000000000000000000e+00 0.000000000000000000e+00
3.750000000000000000e+03 1.499963136970694499e-02 0.000000000000000000e+00 1.000000000000000000e+00 0.000000000000000000e+00 0.000000000000000000e+00 0.000000000000000000e+00
4.000000000000000000e+03 1.599960679435397104e-02 0.000000000000000000e+00 1.000000000000000000e+00 0.000000000000000000e+00 0.000000000000000000e+00 0.000000000000000000e+00
4.250000000000000000e+03 1.699958221900121913e-02 0.000000000000000000e+00 1.000000000000000000e+00 0.000000000000000000e+00 0.000000000000000000e+00 0.000000000000000000e+00
4.500000000000000000e+03 1.799955764364824518e-02 0.000000000000000000e+00 1.000000000000000000e+00 0.000000000000000000e+00 0.000000000000000000e+00 0.000000000000000000e+00
4.750000000000000000e+03 1.899953306829549327e-02 0.000000000000000000e+00 1.000000000000000000e+00 0.000000000000000000e+00 0.000000000000000000e+00 0.000000000000000000e+00
5.000000000000000000e+03 1.999950849294251931e-02 0.000000000000000000e+00 1.000000000000000000e+00 0.000000000000000000e+00 0.000000000000000000e+00 0.000000000000000000e+00
5.250000000000000000e+03 2.099948391758976740e-02 0.000000000000000000e+00 1.000000000000000000e+00 0.000000000000000000e+00 0.000000000000000000e+00 0.000000000000000000e+00
5.500000000000000000e+03 2.199945934223679345e-02 0.000000000000000000e+00 1.000000000000000000e+00 0.000000000000000000e+00 0.000000000000000000e+00 0.000000000000000000e+00
5.750000000000000000e+03 2.299943476688404154e-02 0.000000000000000000e+00 1.000000000000000000e+00 0.000000000000000000e+00 0.000000000000000000e+00 0.000000000000000000e+00
6.000000000000000000e+03 2.399941019153106758e-02 0.000000000000000000e+00 1.000000000000000000e+00 0.000000000000000000e+00 0.000000000000000000e+00 0.000000000000000000e+00
6.250000000000000000e+03 2.499938561617831567e-02 0.000000000000000000e+00 1.000000000000000000e+00 0.000000000000000000e+00 0.000000000000000000e+00 0.000000000000000000e+00
6.500000000000000000e+03 2.599936104082534172e-02 0.000000000000000000e+00 1.000000000000000000e+00 0.000000000000000000e+00 0.000000000000000000e+00 0.000000000000000000e+00
6.750000000000000000e+03 2.699933646547258981e-02 0.000000000000000000e+00 1.000000000000000000e+00 0.000000000000000000e+00 0.000000000000000000e+00 0.000000000000000000e+00
7.000000000000000000e+03 2.799931189011961585e-02 0.000000000000000000e+00 1.000000000000000000e+00 0.000000000000000000e+00 0.000000000000000000e+00 0.000000000000000000e+00
7.250000000000000000e+03 2.899928731476664190e-02 0.000000000000000000e+00 1.000000000000000000e+00 0.000000000000000000e+00 0.000000000000000000e+00 0.000000000000000000e+00
7.500000000000000000e+03 2.999926273941388999e-02 0.000000000000000000e+00 1.000000000000000000e+00 0.000000000000000000e+00 0.000000000000000000e+00 0.000000000000000000e+00
7.750000000000000000e+03 3.099923816406091603e-02 0.000000000000000000e+00 1.000000000000000000e+00 0.000000000000000000e+00 0.000000000000000000e+00 0.000000000000000000e+00
8.000000000000000000e+03 3.199921358870816412e-02 0.000000000000000000e+00 1.000000000000000000e+00 0.000000000000000000e+00 0.000000000000000000e+00 0.000000000000000000e+00
8.250000000000000000e+03 3.299918901335519017e-02 0.000000000000000000e+00 1.000000000000000000e+00 0.000000000000000000e+00 0.000000000000000000e+00 0.000000000000000000e+00
8.500000000000000000e+03 3.399916443800243826e-02 0.000000000000000000e+00 1.000000000000000000e+00 0.000000000000000000e+00 0.000000000000000000e+00 0.000000000000000000e+00
8.750000000000000000e+03 3.499913986264946431e-02 0.000000000000000000e+00 1.000000000000000000e+00 0.000000000000000000e+00 0.000000000000000000e+00 0.000000000000000000e+00
9.000000000000000000e+03 3.599911528729671240e-02 0.000000000000000000e+00 1.000000000000000000e+00 0.000000000000000000e+00 0.000000000000000000e+00 0.000000000000000000e+00
9.250000000000000000e+03 3.699909071194373844e-02 0.000000000000000000e+00 1.000000000000000000e+00 0.000000000000000000e+00 0.000000000000000000e+00 0.000000000000000000e+00
9.500000000000000000e+03 3.799906613659098653e-02 0.000000000000000000e+00 1.000000000000000000e+00 0.000000000000000000e+00 0.000000000000000000e+00 0.000000000000000000e+00
9.750000000000000000e+03 3.899904156123801258e-02 0.000000000000000000e+00 1.000000000000000000e+00 0.000000000000000000e+00 0.000000000000000000e+00 0.000000000000000000e+00
1.000000000000000000e+04 3.999901698588526067e-02 0.000000000000000000e+00 1.000000000000000000e+00 0.000000000000000000e+00 0.000000000000000000e+00 0.000000000000000000e+00
1.025000000000000000e+04 4.099899241053228671e-02 0.000000000000000000e+00 1.000000000000000000e+00 0.000000000000000000e+00 0.000000000000000000e+00 0.000000000000000000e+00
1.050000000000000000e+04 4.199896783517931276e-02 0.000000000000000000e+00 1.000000000000000000e+00 0.000000000000000000e+00 0.000000000000000000e+00 0.000000000000000000e+00
1.075000000000000000e+04 4.299894325982656085e-02 0.000000000000000000e+00 1.000000000000000000e+00 0.000000000000000000e+00 0.000000000000000000e+00 0.000000000000000000e+00
1.100000000000000000e+04 4.399891868447358689e-02 0.000000000000000000e+00 1.000000000000000000e+00 0.000000000000000000e+00 0.000000000000000000e+00 0.000000000000000000e+00
1.125000000000000000e+04 4.499889410912083498e-02 0.000000000000000000e+00 1.000000000000000000e+00 0.000000000000000000e+00 0.000000000000000000e+00 0.000000000000000000e+00
1.150000000000000000e+04 4.599886953376786103e-02 0.000000000000000000e+00 1.000000000000000000e+00 0.000000000000000000e+00 0.000000000000000000e+00 0.000000000000000000e+00
1.175000000000000000e+04 4.699884495841510912e-02 0.000000000000000000e+00 1.000000000000000000e+00 0.000000000000000000e+00 0.000000000000000000e+00 0.000000000000000000e+00
1.200000000000000000e+04 4.799882038306213516e-02 0.000000000000000000e+00 1.000000000000000000e+00 0.000000000000000000e+00 0.000000000000000000e+00 0.000000000000000000e+00
1.225000000000000000e+04 4.899879580770938325e-02 0.000000000000000000e+00 1.000000000000000000e+00 0.000000000000000000e+00 0.000000000000000000e+00 0.000000000000000000e+00
1.250000000000000000e+04 4.999877123235640930e-02 0.000000000000000000e+00 1.000000000000000000e+00 0.000000000000000000e+00 0.000000000000000000e+00 0.000000000000000000e+00
1.275000000000000000e+04 5.099874665700365739e-02 0.000000000000000000e+00 1.000000000000000000e+00 0.000000000000000000e+00 0.000000000000000000e+00 0.000000000000000000e+00
1.300000000000000000e+04 5.199872208165068344e-02 0.000000000000000000e+00 1.000000000000000000e+00 0.000000000000000000e+00 0.000000000000000000e+00 0.000000000000000000e+00
1.325000000000000000e+04 5.299869750629793153e-02 0.000000000000000000e+00 1.000000000000000000e+00 0.000000000000000000e+00 0.000000000000000000e+00 0.000000000000000000e+00
1.350000000000000000e+04 5.399867293094495757e-02 0.000000000000000000e+00 1.000000000000000000e+00 0.000000000000000000e+00 0.000000000000000000e+00 0.000000000000000000e+00
1.375000000000000000e+04 5.499864835559220566e-02 1.137915339098771066e-04 9.998862084660901095e-01 0.000000000000000000e+00 0.000000000000000000e+00 0.000000000000000000e+00
1.400000000000000000e+04 5.599862378023923171e-02 0.000000000000000000e+00 1.000000000000000000e+00 0.000000000000000000e+00 0.000000000000000000e+00 0.000000000000000000e+00
1.425000000000000000e+04 5.699859920488625775e-02 0.000000000000000000e+00 1.000000000000000000e+00 0.000000000000000000e+00 0.000000000000000000e+00 0.000000000000000000e+00
1.450000000000000000e+04 5.799857462953350584e-02 0.000000000000000000e+00 1.000000000000000000e+00 0.000000000000000000e+00 0.000000000000000000e+00 0.000000000000000000e+00
1.475000000000000000e+04 5.899855005418053189e-02 0.000000000000000000e+00 1.000000000000000000e+00 0.000000000000000000e+00 0.000000000000000000e+00 0.000000000000000000e+00
1.500000000000000000e+04 5.999852547882777998e-02 0.000000000000000000e+00 1.000000000000000000e+00 0.000000000000000000e+00 0.000000000000000000e+00 0.000000000000000000e+00
1.525000000000000000e+04 6.099850090347480602e-02 0.000000000000000000e+00 1.000000000000000000e+00 0.000000000000000000e+00 0.000000000000000000e+00 0.000000000000000000e+00
1.550000000000000000e+04 6.199847632812205411e-02 0.000000000000000000e+00 1.000000000000000000e+00 0.000000000000000000e+00 0.000000000000000000e+00 0.000000000000000000e+00
1.575000000000000000e+04 6.299845175276908016e-02 0.000000000000000000e+00 1.000000000000000000e+00 0.000000000000000000e+00 0.000000000000000000e+00 0.000000000000000000e+00
1.600000000000000000e+04 6.399842717741632825e-02 4.551661356395084266e-04 9.995448338643604380e-01 0.000000000000000000e+00 0.000000000000000000e+00 0.000000000000000000e+00
1.625000000000000000e+04 6.499840260206335429e-02 7.965407373691396923e-04 9.992034592626308775e-01 0.000000000000000000e+00 0.000000000000000000e+00 0.000000000000000000e+00
1.650000000000000000e+04 6.599837802671060238e-02 0.000000000000000000e+00 1.000000000000000000e+00 0.000000000000000000e+00 0.000000000000000000e+00 0.000000000000000000e+00
1.675000000000000000e+04 6.699835345135762843e-02 0.000000000000000000e+00 1.000000000000000000e+00 0.000000000000000000e+00 0.000000000000000000e+00 0.000000000000000000e+00
1.700000000000000000e+04 6.799832887600487652e-02 0.000000000000000000e+00 1.000000000000000000e+00 0.000000000000000000e+00 0.000000000000000000e+00 0.000000000000000000e+00
1.725000000000000000e+04 6.899830430065190257e-02 0.000000000000000000e+00 1.000000000000000000e+00 0.000000000000000000e+00 0.000000000000000000e+00 0.000000000000000000e+00
1.750000000000000000e+04 6.999827972529892861e-02 0.000000000000000000e+00 1.000000000000000000e+00 0.000000000000000000e+00 0.000000000000000000e+00 0.000000000000000000e+00
1.775000000000000000e+04 7.099825514994617670e-02 1.137915339098771066e-04 9.998862084660901095e-01 0.000000000000000000e+00 0.000000000000000000e+00 0.000000000000000000e+00
1.800000000000000000e+04 7.199823057459320275e-02 0.000000000000000000e+00 1.000000000000000000e+00 0.000000000000000000e+00 0.000000000000000000e+00 0.000000000000000000e+00
1.825000000000000000e+04 7.299820599924045084e-02 1.137915339098771066e-04 9.998862084660901095e-01 0.000000000000000000e+00 0.000000000000000000e+00 0.000000000000000000e+00
1.850000000000000000e+04 7.399818142388747688e-02 0.000000000000000000e+00 1.000000000000000000e+00 0.000000000000000000e+00 0.000000000000000000e+00 0.000000000000000000e+00
1.875000000000000000e+04 7.499815684853472497e-02 0.000000000000000000e+00 1.000000000000000000e+00 0.000000000000000000e+00 0.000000000000000000e+00 0.000000000000000000e+00
1.900000000000000000e+04 7.599813227318175102e-02 0.000000000000000000e+00 1.000000000000000000e+00 0.000000000000000000e+00 0.000000000000000000e+00 0.000000000000000000e+00
1.925000000000000000e+04 7.699810769782899911e-02 1.137915339098771066e-04 9.998862084660901095e-01 0.000000000000000000e+00 0.000000000000000000e+00 0.000000000000000000e+00
1.950000000000000000e+04 7.799808312247602515e-02 3.413746017296313199e-04 9.996586253982703285e-01 0.000000000000000000e+00 0.000000000000000000e+00 0.000000000000000000e+00
1.975000000000000000e+04 7.899805854712327324e-02 1.137915339098771066e-04 9.998862084660901095e-01 0.000000000000000000e+00 0.000000000000000000e+00 0.000000000000000000e+00
2.000000000000000000e+04 7.999803397177029929e-02 0.000000000000000000e+00 1.000000000000000000e+00 0.000000000000000000e+00 0.000000000000000000e+00 0.000000000000000000e+00
2.025000000000000000e+04 8.099800939641754738e-02 6.827492034592626399e-04 9.993172507965407680e-01 0.000000000000000000e+00 0.000000000000000000e+00 0.000000000000000000e+00
2.050000000000000000e+04 8.199798482106457342e-02 4.551661356395084266e-04 9.995448338643604380e-01 0.000000000000000000e+00 0.000000000000000000e+00 0.000000000000000000e+00
2.075000000000000000e+04 8.299796024571159947e-02 1.137915339098770958e-03 9.988620846609012061e-01 0.000000000000000000e+00 0.000000000000000000e+00 0.000000000000000000e+00
2.100000000000000000e+04 8.399793567035884756e-02 4.551661356395084266e-04 9.995448338643604380e-01 0.000000000000000000e+00 0.000000000000000000e+00 0.000000000000000000e+00
2.125000000000000000e+04 8.499791109500587361e-02 5.689576695493854790e-04 9.994310423304506585e-01 0.000000000000000000e+00 0.000000000000000000e+00 0.000000000000000000e+00
2.150000000000000000e+04 8.599788651965312170e-02 7.965407373691396923e-04 9.992034592626308775e-01 0.000000000000000000e+00 0.000000000000000000e+00 0.000000000000000000e+00
2.175000000000000000e+04 8.699786194430014774e-02 9.103322712790168532e-04 9.990896677287209870e-01 0.000000000000000000e+00 0.000000000000000000e+00 0.000000000000000000e+00
2.200000000000000000e+04 8.799783736894739583e-02 1.024123805188893906e-03 9.989758761948110966e-01 0.000000000000000000e+00 0.000000000000000000e+00 0.000000000000000000e+00
2.225000000000000000e+04 8.899781279359442188e-02 1.706873008648156654e-03 9.982931269913518646e-01 0.000000000000000000e+00 0.000000000000000000e+00 0.000000000000000000e+00
2.250000000000000000e+04 8.999778821824166997e-02 4.551661356395084266e-04 9.995448338643604380e-01 0.000000000000000000e+00 0.000000000000000000e+00 0.000000000000000000e+00
2.275000000000000000e+04 9.099776364288869601e-02 1.593081474738279385e-03 9.982931269913518646e-01 0.000000000000000000e+00 1.137915339098771066e-04 0.000000000000000000e+00
2.300000000000000000e+04 9.199773906753594410e-02 2.503413746017296455e-03 9.974965862539827421e-01 0.000000000000000000e+00 0.000000000000000000e+00 0.000000000000000000e+00
2.325000000000000000e+04 9.299771449218297015e-02 1.479289940828402332e-03 9.982931269913518646e-01 0.000000000000000000e+00 2.275830678197542133e-04 0.000000000000000000e+00
2.350000000000000000e+04 9.399768991683021824e-02 3.186162949476558769e-03 9.959035047792443862e-01 0.000000000000000000e+00 9.103322712790168532e-04 0.000000000000000000e+00
2.375000000000000000e+04 9.499766534147724428e-02 1.820664542558033706e-03 9.980655439235320836e-01 0.000000000000000000e+00 1.137915339098771066e-04 0.000000000000000000e+00
2.400000000000000000e+04 9.599764076612449237e-02 3.755120619025944465e-03 9.961310878470641672e-01 0.000000000000000000e+00 1.137915339098771066e-04 0.000000000000000000e+00
2.425000000000000000e+04 9.699761619077151842e-02 2.048247610377787811e-03 9.979517523896221931e-01 0.000000000000000000e+00 0.000000000000000000e+00 0.000000000000000000e+00
2.450000000000000000e+04 9.799759161541854446e-02 1.479289940828402332e-03 9.985207100591716456e-01 0.000000000000000000e+00 0.000000000000000000e+00 0.000000000000000000e+00
2.475000000000000000e+04 9.899756704006579255e-02 2.730996813837050560e-03 9.972690031861629611e-01 0.000000000000000000e+00 0.000000000000000000e+00 0.000000000000000000e+00
2.500000000000000000e+04 9.999754246471281860e-02 4.437869822485207214e-03 9.953345471096950448e-01 0.000000000000000000e+00 2.275830678197542133e-04 0.000000000000000000e+00
2.525000000000000000e+04 1.009975178893600667e-01 2.389622212107419402e-03 9.974965862539827421e-01 0.000000000000000000e+00 1.137915339098771066e-04 0.000000000000000000e+00
2.550000000000000000e+04 1.019974933140070927e-01 2.958579881656804664e-03 9.969276285844332897e-01 0.000000000000000000e+00 1.137915339098771066e-04 0.000000000000000000e+00
2.575000000000000000e+04 1.029974687386543408e-01 6.030951297223486815e-03 9.937414656349567998e-01 0.000000000000000000e+00 2.275830678197542133e-04 0.000000000000000000e+00
2.600000000000000000e+04 1.039974441633013669e-01 6.713700500682749130e-03 9.923759672280382249e-01 0.000000000000000000e+00 9.103322712790168532e-04 0.000000000000000000e+00
2.625000000000000000e+04 1.049974195879486150e-01 6.827492034592626616e-03 9.928311333636777869e-01 0.000000000000000000e+00 3.413746017296313199e-04 0.000000000000000000e+00
2.650000000000000000e+04 1.059973950125956410e-01 8.534365043240782836e-03 9.911242603550295405e-01 0.000000000000000000e+00 3.413746017296313199e-04 0.000000000000000000e+00
2.675000000000000000e+04 1.069973704372428891e-01 1.274465179790623508e-02 9.862312243969049153e-01 0.000000000000000000e+00 1.024123805188893906e-03 0.000000000000000000e+00
2.700000000000000000e+04 1.079973458618899151e-01 1.524806554392353283e-02 9.809968138370505075e-01 0.000000000000000000e+00 3.755120619025944465e-03 0.000000000000000000e+00
2.725000000000000000e+04 1.089973212865371632e-01 3.755120619025944378e-02 9.121529358215748617e-01 0.000000000000000000e+00 5.029585798816568060e-02 0.000000000000000000e+00
2.750000000000000000e+04 1.099972967111841893e-01 1.560081929904415243e-01 3.353436504324078249e-01 0.000000000000000000e+00 5.086481565771506785e-01 0.000000000000000000e+00
2.775000000000000000e+04 1.109972721358312153e-01 1.599908966772872199e-01 4.457214383249886169e-01 1.092398725534820224e-02 3.833636777423759523e-01 0.000000000000000000e+00
2.800000000000000000e+04 1.119972475604784634e-01 2.247382794720072796e-01 5.340236686390532617e-01 1.978834774692762866e-01 4.335457441966317910e-02 0.000000000000000000e+00
2.825000000000000000e+04 1.129972229851254895e-01 1.428083750568957533e-01 6.679563040509786109e-01 1.816112881201638607e-01 7.624032771961766417e-03 0.000000000000000000e+00
2.850000000000000000e+04 1.139971984097727375e-01 8.602639963586708460e-02 7.159763313609467383e-01 1.920801092398725651e-01 5.917159763313609329e-03 0.000000000000000000e+00
2.875000000000000000e+04 1.149971738344197636e-01 7.532999544833864081e-02 7.090350477924441952e-01 2.132453345471096995e-01 2.389622212107419402e-03 0.000000000000000000e+00
2.900000000000000000e+04 1.159971492590670117e-01 6.998179335457442585e-02 7.157487482931269573e-01 2.110832954028220299e-01 3.186162949476558769e-03 0.000000000000000000e+00
2.925000000000000000e+04 1.169971246837140377e-01 6.793354574419663283e-02 7.163177059626764098e-01 2.132453345471096995e-01 2.503413746017296455e-03 0.000000000000000000e+00
2.950000000000000000e+04 1.179971001083612858e-01 6.622667273554846967e-02 7.173418297678653133e-01 2.143832498862084657e-01 2.048247610377787811e-03 0.000000000000000000e+00
2.975000000000000000e+04 1.189970755330083119e-01 6.554392353208920996e-02 7.162039144287665193e-01 2.168866636322257513e-01 1.365498406918525280e-03 0.000000000000000000e+00
3.000000000000000000e+04 1.199970509576555600e-01 6.372325898953118406e-02 7.174556213017750927e-01 2.168866636322257513e-01 1.934456076467910759e-03 0.000000000000000000e+00
3.025000000000000000e+04 1.209970263823025860e-01 6.395084205735093730e-02 7.193900773782430091e-01 2.148384160218479721e-01 1.820664542558033706e-03 0.000000000000000000e+00
3.050000000000000000e+04 1.219970018069498341e-01 6.338188438780155420e-02 7.176832043695948737e-01 2.157487482931269851e-01 3.186162949476558769e-03 0.000000000000000000e+00
3.075000000000000000e+04 1.229969772315968601e-01 6.486117432862995025e-02 7.173418297678653133e-01 2.159763313609467383e-01 1.820664542558033706e-03 0.000000000000000000e+00
3.100000000000000000e+04 1.239969526562441082e-01 6.474738279472007363e-02 7.173418297678653133e-01 2.155211652253072319e-01 2.389622212107419402e-03 0.000000000000000000e+00
3.125000000000000000e+04 1.249969280808911343e-01 6.577150659990896320e-02 7.170004551661356418e-01 2.154073736913973691e-01 1.820664542558033706e-03 0.000000000000000000e+00
3.150000000000000000e+04 1.259969035055381603e-01 6.554392353208920996e-02 7.163177059626764098e-01 2.162039144287664916e-01 1.934456076467910759e-03 0.000000000000000000e+00
3.175000000000000000e+04 1.269968789301854084e-01 6.429221665908056715e-02 7.166590805644059703e-01 2.173418297678652578e-01 1.706873008648156654e-03 0.000000000000000000e+00
3.200000000000000000e+04 1.279968543548324345e-01 6.383705052344106068e-02 7.183659535730542167e-01 2.166590805644059980e-01 1.137915339098770958e-03 0.000000000000000000e+00
3.225000000000000000e+04 1.289968297794796825e-01 6.497496586253982687e-02 7.172280382339554228e-01 2.159763313609467383e-01 1.820664542558033706e-03 0.000000000000000000e+00
3.250000000000000000e+04 1.299968052041267086e-01 6.679563040509786664e-02 7.160901228948566288e-01 2.158625398270368756e-01 1.251706873008648227e-03 0.000000000000000000e+00
3.275000000000000000e+04 1.309967806287739567e-01 6.383705052344106068e-02 7.170004551661356418e-01 2.168866636322257513e-01 2.275830678197541916e-03 0.000000000000000000e+00
3.300000000000000000e+04 1.319967560534209827e-01 6.372325898953118406e-02 7.164314974965863003e-01 2.181383705052344080e-01 1.706873008648156654e-03 0.000000000000000000e+00
3.325000000000000000e+04 1.329967314780682308e-01 6.668183887118799003e-02 7.158625398270368478e-01 2.164314974965862448e-01 1.024123805188893906e-03 0.000000000000000000e+00
3.350000000000000000e+04 1.339967069027152569e-01 6.554392353208920996e-02 7.149522075557578349e-01 2.174556213017751483e-01 2.048247610377787811e-03 0.000000000000000000e+00
3.375000000000000000e+04 1.349966823273625049e-01 6.531634046426945672e-02 7.163177059626764098e-01 2.167728720983158885e-01 1.593081474738279385e-03 0.000000000000000000e+00
3.400000000000000000e+04 1.359966577520095310e-01 6.622667273554846967e-02 7.147246244879380539e-01 2.167728720983158885e-01 2.275830678197541916e-03 0.000000000000000000e+00
3.425000000000000000e+04 1.369966331766567791e-01 6.508875739644970349e-02 7.151797906235776159e-01 2.171142467000455045e-01 2.617205279927173507e-03 0.000000000000000000e+00
3.450000000000000000e+04 1.379966086013038051e-01 6.520254893035958010e-02 7.154073736913973969e-01 2.170004551661356418e-01 2.389622212107419402e-03 0.000000000000000000e+00
3.475000000000000000e+04 1.389965840259508312e-01 6.417842512517069054e-02 7.174556213017750927e-01 2.151797906235776159e-01 3.186162949476558769e-03 0.000000000000000000e+00
3.500000000000000000e+04 1.399965594505980793e-01 6.656804733727811341e-02 7.146108329540282744e-01 2.172280382339553950e-01 1.593081474738279385e-03 0.000000000000000000e+00
3.525000000000000000e+04 1.409965348752451053e-01 6.372325898953118406e-02 7.174556213017750927e-01 2.164314974965862448e-01 2.389622212107419402e-03 0.000000000000000000e+00
3.550000000000000000e+04 1.419965102998923534e-01 6.508875739644970349e-02 7.151797906235776159e-01 2.167728720983158885e-01 2.958579881656804664e-03 0.000000000000000000e+00
3.575000000000000000e+04 1.429964857245393794e-01 6.645425580336822291e-02 7.151797906235776159e-01 2.166590805644059980e-01 1.706873008648156654e-03 0.000000000000000000e+00
3.600000000000000000e+04 1.439964611491866275e-01 6.804733727810650945e-02 7.134729176149294805e-01 2.164314974965862448e-01 2.048247610377787811e-03 0.000000000000000000e+00
3.625000000000000000e+04 1.449964365738336536e-01 6.702321347291761988e-02 7.148384160218479444e-01 2.160901228948566288e-01 2.048247610377787811e-03 0.000000000000000000e+00
3.650000000000000000e+04 1.459964119984809017e-01 6.656804733727811341e-02 7.149522075557578349e-01 2.154073736913973691e-01 3.072371415566681717e-03 0.000000000000000000e+00
3.675000000000000000e+04 1.469963874231279277e-01 6.577150659990896320e-02 7.157487482931269573e-01 2.166590805644059980e-01 1.820664542558033706e-03 0.000000000000000000e+00
3.700000000000000000e+04 1.479963628477751758e-01 6.690942193900774326e-02 7.143832498862084934e-01 2.171142467000455045e-01 1.593081474738279385e-03 0.000000000000000000e+00
3.725000000000000000e+04 1.489963382724222019e-01 6.770596267637687959e-02 7.130177514792899185e-01 2.170004551661356418e-01 2.275830678197541916e-03 0.000000000000000000e+00
3.750000000000000000e+04 1.499963136970694499e-01 6.816112881201638607e-02 7.150659990896677254e-01 2.129039599453800558e-01 3.868912152935821518e-03 0.000000000000000000e+00
3.775000000000000000e+04 1.509962891217164760e-01 6.497496586253982687e-02 7.238279472007282944e-01 2.086936731907146070e-01 2.503413746017296455e-03 0.000000000000000000e+00
3.800000000000000000e+04 1.519962645463637241e-01 6.406463359126081392e-02 7.236003641329085134e-01 2.096040054619936199e-01 2.730996813837050560e-03 0.000000000000000000e+00
3.825000000000000000e+04 1.529962399710107501e-01 6.543013199817933334e-02 7.228038233955393910e-01 2.099453800637232637e-01 1.820664542558033706e-03 0.000000000000000000e+00
3.850000000000000000e+04 1.539962153956577762e-01 6.417842512517069054e-02 7.250796540737368678e-01 2.092626308602640040e-01 1.479289940828402332e-03 0.000000000000000000e+00
3.875000000000000000e+04 1.549961908203050243e-01 6.440600819299044377e-02 7.240555302685480754e-01 2.099453800637232637e-01 1.593081474738279385e-03 0.000000000000000000e+00
3.900000000000000000e+04 1.559961662449520503e-01 6.634046426945834629e-02 7.233727810650887324e-01 2.077833409194355940e-01 2.503413746017296455e-03 0.000000000000000000e+00
3.925000000000000000e+04 1.569961416695992984e-01 6.429221665908056715e-02 7.234865725989986229e-01 2.102867546654528796e-01 1.934456076467910759e-03 0.000000000000000000e+00
3.950000000000000000e+04 1.579961170942463244e-01 6.486117432862995025e-02 7.221210741920801590e-01 2.106281292671825234e-01 2.389622212107419402e-03 0.000000000000000000e+00
3.975000000000000000e+04 1.589960925188935725e-01 6.611288120163859305e-02 7.214383249886208160e-01 2.092626308602640040e-01 3.186162949476558769e-03 0.000000000000000000e+00
4.000000000000000000e+04 1.599960679435405986e-01 6.622667273554846967e-02 7.228038233955393910e-01 2.089212562585343602e-01 2.048247610377787811e-03 0.000000000000000000e+00
4.025000000000000000e+04 1.609960433681878467e-01 6.395084205735093730e-02 7.231451979972689514e-01 2.107419208010923861e-01 2.162039144287664864e-03 0.000000000000000000e+00
4.050000000000000000e+04 1.619960187928348727e-01 6.713700500682749650e-02 7.213245334547109255e-01 2.096040054619936199e-01 1.934456076467910759e-03 0.000000000000000000e+00
4.075000000000000000e+04 1.629959942174821208e-01 6.565771506599908658e-02 7.217796995903504875e-01 2.100591715976331264e-01 2.503413746017296455e-03 0.000000000000000000e+00
4.100000000000000000e+04 1.639959696421291468e-01 6.747837960855712636e-02 7.209831588529813651e-01 2.096040054619936199e-01 1.934456076467910759e-03 0.000000000000000000e+00
4.125000000000000000e+04 1.649959450667763949e-01 6.543013199817933334e-02 7.210969503868912556e-01 2.104005461993627701e-01 3.072371415566681717e-03 0.000000000000000000e+00
4.150000000000000000e+04 1.659959204914234210e-01 6.645425580336822291e-02 7.200728265817023521e-01 2.113108784706417831e-01 2.162039144287664864e-03 0.000000000000000000e+00
4.175000000000000000e+04 1.669958959160704470e-01 6.588529813381883982e-02 7.205279927173418031e-01 2.117660446062812896e-01 1.820664542558033706e-03 0.000000000000000000e+00
4.200000000000000000e+04 1.679958713407176951e-01 6.543013199817933334e-02 7.208693673190714746e-01 2.107419208010923861e-01 2.958579881656804664e-03 0.000000000000000000e+00
4.225000000000000000e+04 1.689958467653647212e-01 6.577150659990896320e-02 7.201866181156122426e-01 2.123350022758306865e-01 1.706873008648156654e-03 0.000000000000000000e+00
4.250000000000000000e+04 1.699958221900119693e-01 6.440600819299044377e-02 7.216659080564405970e-01 2.123350022758306865e-01 1.593081474738279385e-03 0.000000000000000000e+00
4.275000000000000000e+04 1.709957976146589953e-01 6.338188438780155420e-02 7.215521165225307065e-01 2.132453345471096995e-01 1.820664542558033706e-03 0.000000000000000000e+00
4.300000000000000000e+04 1.719957730393062434e-01 6.213017751479289752e-02 7.209831588529813651e-01 2.147246244879381094e-01 2.162039144287664864e-03 0.000000000000000000e+00
4.325000000000000000e+04 1.729957484639532694e-01 6.360946745562130744e-02 7.201866181156122426e-01 2.146108329540282189e-01 1.593081474738279385e-03 0.000000000000000000e+00
4.350000000000000000e+04 1.739957238886005175e-01 6.520254893035958010e-02 7.182521620391443262e-01 2.148384160218479721e-01 1.706873008648156654e-03 0.000000000000000000e+00
4.375000000000000000e+04 1.749956993132475436e-01 6.634046426945834629e-02 7.151797906235776159e-01 2.160901228948566288e-01 2.389622212107419402e-03 0.000000000000000000e+00
4.400000000000000000e+04 1.759956747378947917e-01 6.508875739644970349e-02 7.182521620391443262e-01 2.137005006827492060e-01 2.958579881656804664e-03 0.000000000000000000e+00
4.425000000000000000e+04 1.769956501625418177e-01 6.611288120163859305e-02 7.168866636322257513e-01 2.150659990896677254e-01 1.934456076467910759e-03 0.000000000000000000e+00
4.450000000000000000e+04 1.779956255871890658e-01 6.463359126081019701e-02 7.167728720983158608e-01 2.156349567592171224e-01 2.958579881656804664e-03 0.000000000000000000e+00
4.475000000000000000e+04 1.789956010118360918e-01 6.645425580336822291e-02 7.159763313609467383e-01 2.159763313609467383e-01 1.593081474738279385e-03 0.000000000000000000e+00
4.500000000000000000e+04 1.799955764364831179e-01 6.508875739644970349e-02 7.179107874374146547e-01 2.162039144287664916e-01 7.965407373691396923e-04 0.000000000000000000e+00
4.525000000000000000e+04 1.809955518611303660e-01 6.781975421028675621e-02 7.149522075557578349e-01 2.154073736913973691e-01 1.820664542558033706e-03 0.000000000000000000e+00
4.550000000000000000e+04 1.819955272857773920e-01 6.770596267637687959e-02 7.131315430131998090e-01 2.167728720983158885e-01 2.389622212107419402e-03 0.000000000000000000e+00
4.575000000000000000e+04 1.829955027104246401e-01 6.725079654073737312e-02 7.156349567592170668e-01 2.143832498862084657e-01 2.730996813837050560e-03 0.000000000000000000e+00
4.600000000000000000e+04 1.839954781350716662e-01 6.599908966772871644e-02 7.135867091488393710e-01 2.175694128356850388e-01 2.844788347746927612e-03 0.000000000000000000e+00
4.625000000000000000e+04 1.849954535597189142e-01 6.918525261720527564e-02 7.131315430131998090e-01 2.152935821574874786e-01 2.389622212107419402e-03 0.000000000000000000e+00
4.650000000000000000e+04 1.859954289843659403e-01 7.510241238051888757e-02 7.107419208010924416e-01 2.119936276741010428e-01 2.162039144287664864e-03 0.000000000000000000e+00
4.675000000000000000e+04 1.869954044090131884e-01 7.373691397360036814e-02 7.210969503868912556e-01 2.035730541647701453e-01 1.593081474738279385e-03 0.000000000000000000e+00
4.700000000000000000e+04 1.879953798336602144e-01 7.726445152480655720e-02 7.108557123350022211e-01 2.088074647246244975e-01 3.072371415566681717e-03 0.000000000000000000e+00
4.725000000000000000e+04 1.889953552583074625e-01 9.137460172963131344e-02 6.900318616294948137e-01 2.154073736913973691e-01 3.186162949476558769e-03 0.000000000000000000e+00
4.750000000000000000e+04 1.899953306829544886e-01 1.258534365043240677e-01 6.340464269458352398e-01 2.348657259899863403e-01 5.234410559854347014e-03 0.000000000000000000e+00
4.775000000000000000e+04 1.909953061076017367e-01 1.554392353208921274e-01 6.076467910787437532e-01 2.294037323623122349e-01 7.510241238051888930e-03 0.000000000000000000e+00
4.800000000000000000e+04 1.919952815322487627e-01 1.609012289485662328e-01 6.502048247610378029e-01 1.799044151115156975e-01 8.989531178880291046e-03 0.000000000000000000e+00
4.825000000000000000e+04 1.929952569568960108e-01 1.359808830223031284e-01 7.172280382339554228e-01 1.426945835229858905e-01 4.096495220755575623e-03 0.000000000000000000e+00
4.850000000000000000e+04 1.939952323815430368e-01 1.194811106053709632e-01 7.299726900318616041e-01 1.457669549385525731e-01 4.779244424214838804e-03 0.000000000000000000e+00
4.875000000000000000e+04 1.949952078061900629e-01 1.104915794264906687e-01 7.374829312699134887e-01 1.465634956759217233e-01 5.461993627674101119e-03 0.000000000000000000e+00
4.900000000000000000e+04 1.959951832308373110e-01 1.114019116977696816e-01 7.337278106508875464e-01 1.496358670914884059e-01 5.234410559854347014e-03 0.000000000000000000e+00
4.925000000000000000e+04 1.969951586554843370e-01 1.027537551206190308e-01 7.493172507965407680e-01 1.416704597177969871e-01 6.258534365043240920e-03 0.000000000000000000e+00
4.950000000000000000e+04 1.979951340801315851e-01 9.979517523896222486e-02 7.497724169321802190e-01 1.473600364132908458e-01 3.072371415566681717e-03 0.000000000000000000e+00
4.975000000000000000e+04 1.989951095047786112e-01 9.342284934000910646e-02 7.649066909421938787e-01 1.374601729631315383e-01 4.210286754665453109e-03 0.000000000000000000e+00
5.000000000000000000e+04 1.999950849294258592e-01 8.887118798361401395e-02 7.711652253072371899e-01 1.371187983614019223e-01 2.844788347746927612e-03 0.000000000000000000e+00
5.025000000000000000e+04 2.009950603540728853e-01 8.602639963586708460e-02 7.696859353664087244e-01 1.422394173873463841e-01 2.048247610377787811e-03 0.000000000000000000e+00
5.050000000000000000e+04 2.019950357787201334e-01 8.454710969503868856e-02 7.695721438324988339e-01 1.433773327264451503e-01 2.503413746017296455e-03 0.000000000000000000e+00
5.075000000000000000e+04 2.029950112033671594e-01 8.375056895766955223e-02 7.734410559854346667e-01 1.400773782430587144e-01 2.730996813837050560e-03 0.000000000000000000e+00
5.100000000000000000e+04 2.039949866280144075e-01 8.352298588984979899e-02 7.693445607646790529e-01 1.442876649977241632e-01 2.844788347746927612e-03 0.000000000000000000e+00
5.125000000000000000e+04 2.049949620526614336e-01 8.227127901684114231e-02 7.708238507055075184e-01 1.436049157942649035e-01 3.299954483386436255e-03 0.000000000000000000e+00
5.150000000000000000e+04 2.059949374773086817e-01 7.999544833864360993e-02 7.733272644515247762e-01 1.433773327264451503e-01 3.299954483386436255e-03 0.000000000000000000e+00
5.175000000000000000e+04 2.069949129019557077e-01 8.181611288120163583e-02 7.736686390532544477e-01 1.425807919890760000e-01 1.934456076467910759e-03 0.000000000000000000e+00
5.200000000000000000e+04 2.079948883266027337e-01 7.760582612653618706e-02 7.790168411470186349e-01 1.408739189804278646e-01 2.503413746017296455e-03 0.000000000000000000e+00
5.225000000000000000e+04 2.089948637512499818e-01 7.806099226217569353e-02 7.769685935366408280e-01 1.434911242603550408e-01 1.479289940828402332e-03 0.000000000000000000e+00
5.250000000000000000e+04 2.099948391758970079e-01 7.851615839781520001e-02 7.774237596722803900e-01 1.431497496586253970e-01 9.103322712790168532e-04 0.000000000000000000e+00
5.275000000000000000e+04 2.109948146005442560e-01 7.532999544833864081e-02 7.793582157487483064e-01 1.424670004551661373e-01 2.844788347746927612e-03 0.000000000000000000e+00
5.300000000000000000e+04 2.119947900251912820e-01 7.726445152480655720e-02 7.746927628584433512e-01 1.454255803368229294e-01 2.617205279927173507e-03 0.000000000000000000e+00
5.325000000000000000e+04 2.129947654498385301e-01 7.521620391442876419e-02 7.791306326809285254e-01 1.433773327264451503e-01 2.275830678197541916e-03 0.000000000000000000e+00
5.350000000000000000e+04 2.139947408744855561e-01 7.567137005006827066e-02 7.758306781975421451e-01 1.463359126081019701e-01 2.162039144287664864e-03 0.000000000000000000e+00
5.375000000000000000e+04 2.149947162991328042e-01 7.430587164314975124e-02 7.810650887573964418e-01 1.430359581247155343e-01 1.593081474738279385e-03 0.000000000000000000e+00
5.400000000000000000e+04 2.159946917237798303e-01 7.350933090578061491e-02 7.791306326809285254e-01 1.456531634046426826e-01 1.706873008648156654e-03 0.000000000000000000e+00
5.425000000000000000e+04 2.169946671484270784e-01 7.385070550751024476e-02 7.790168411470186349e-01 1.451979972690031762e-01 1.934456076467910759e-03 0.000000000000000000e+00
5.450000000000000000e+04 2.179946425730741044e-01 7.373691397360036814e-02 7.793582157487483064e-01 1.444014565316340537e-01 2.503413746017296455e-03 0.000000000000000000e+00
5.475000000000000000e+04 2.189946179977213525e-01 7.339553937187073829e-02 7.800409649522075384e-01 1.450842057350933134e-01 1.479289940828402332e-03 0.000000000000000000e+00
5.500000000000000000e+04 2.199945934223683786e-01 7.464724624487938109e-02 7.778789258079198410e-01 1.445152480655439164e-01 2.958579881656804664e-03 0.000000000000000000e+00
5.525000000000000000e+04 2.209945688470156266e-01 7.510241238051888757e-02 7.779927173418297315e-01 1.448566226672735602e-01 2.048247610377787811e-03 0.000000000000000000e+00
5.550000000000000000e+04 2.219945442716626527e-01 7.521620391442876419e-02 7.793582157487483064e-01 1.432635411925352875e-01 2.162039144287664864e-03 0.000000000000000000e+00
5.575000000000000000e+04 2.229945196963096787e-01 7.874374146563495325e-02 7.748065543923532417e-01 1.444014565316340537e-01 2.048247610377787811e-03 0.000000000000000000e+00
5.600000000000000000e+04 2.239944951209569268e-01 8.101957214383249950e-02 7.725307237141556538e-01 1.449704142011834229e-01 1.479289940828402332e-03 0.000000000000000000e+00
5.625000000000000000e+04 2.249944705456039529e-01 8.761948111060537114e-02 7.529585798816568198e-01 1.578288575329995502e-01 1.593081474738279385e-03 0.000000000000000000e+00
5.650000000000000000e+04 2.259944459702512010e-01 9.569868001820663883e-02 7.336140191169776559e-01 1.669321802457897075e-01 3.755120619025944465e-03 0.000000000000000000e+00
5.675000000000000000e+04 2.269944213948982270e-01 9.376422394173873631e-02 7.429449248975875664e-01 1.622667273554847522e-01 1.024123805188893906e-03 0.000000000000000000e+00
