# itime ezz other fcc hcp bcc ico
0.000000000000000000e+00 0.000000000000000000e+00 0.000000000000000000e+00 1.000000000000000000e+00 0.000000000000000000e+00 0.000000000000000000e+00 0.000000000000000000e+00
2.500000000000000000e+03 1.000004787556862951e-02 0.000000000000000000e+00 1.000000000000000000e+00 0.000000000000000000e+00 0.000000000000000000e+00 0.000000000000000000e+00
5.000000000000000000e+03 2.000009575113725901e-02 0.000000000000000000e+00 1.000000000000000000e+00 0.000000000000000000e+00 0.000000000000000000e+00 0.000000000000000000e+00
7.500000000000000000e+03 3.000014362670566648e-02 0.000000000000000000e+00 1.000000000000000000e+00 0.000000000000000000e+00 0.000000000000000000e+00 0.000000000000000000e+00
1.000000000000000000e+04 4.000019150227429598e-02 0.000000000000000000e+00 1.000000000000000000e+00 0.000000000000000000e+00 0.000000000000000000e+00 0.000000000000000000e+00
1.250000000000000000e+04 5.000023937784292549e-02 0.000000000000000000e+00 1.000000000000000000e+00 0.000000000000000000e+00 0.000000000000000000e+00 0.000000000000000000e+00
1.500000000000000000e+04 6.000028725341155500e-02 0.000000000000000000e+00 1.000000000000000000e+00 0.000000000000000000e+00 0.000000000000000000e+00 0.000000000000000000e+00
1.750000000000000000e+04 7.000033512898018451e-02 1.137915339098771066e-04 9.998862084660901095e-01 0.000000000000000000e+00 0.000000000000000000e+00 0.000000000000000000e+00
2.000000000000000000e+04 8.000038300454859197e-02 1.137915339098771066e-04 9.998862084660901095e-01 0.000000000000000000e+00 0.000000000000000000e+00 0.000000000000000000e+00
2.250000000000000000e+04 9.000043088011722148e-02 1.137915339098770958e-03 9.988620846609012061e-01 0.000000000000000000e+00 0.000000000000000000e+00 0.000000000000000000e+00
2.500000000000000000e+04 1.000004787556858510e-01 2.617205279927173507e-03 9.972690031861629611e-01 0.000000000000000000e+00 1.137915339098771066e-04 0.000000000000000000e+00
2.750000000000000000e+04 1.100005266312544805e-01 5.985434683659535821e-02 8.090578060992261733e-01 0.000000000000000000e+00 1.310878470641784199e-01 0.000000000000000000e+00
3.000000000000000000e+04 1.200005745068231100e-01 8.181611288120163583e-02 6.998179335457441752e-01 2.165452890304961353e-01 1.820664542558033706e-03 0.000000000000000000e+00
3.250000000000000000e+04 1.300006223823917395e-01 6.975421028675465873e-02 7.696859353664087244e-01 1.599908966772872199e-01 5.689576695493854790e-04 0.000000000000000000e+00
3.500000000000000000e+04 1.400006702579601470e-01 6.907146108329539902e-02 7.844788347746927126e-01 1.456531634046426826e-01 7.965407373691396923e-04 0.000000000000000000e+00
3.750000000000000000e+04 1.500007181335287765e-01 7.851615839781520001e-02 7.567137005006827621e-01 1.642011834319526686e-01 5.689576695493854790e-04 0.000000000000000000e+00
4.000000000000000000e+04 1.600007660090974060e-01 7.316795630405098505e-02 7.749203459262631322e-01 1.512289485662266786e-01 6.827492034592626399e-04 0.000000000000000000e+00
4.250000000000000000e+04 1.700008138846660355e-01 6.998179335457442585e-02 7.857305416477013971e-01 1.442876649977241632e-01 0.000000000000000000e+00 0.000000000000000000e+00
4.500000000000000000e+04 1.800008617602346650e-01 7.248520710059171146e-02 7.808375056895766608e-01 1.448566226672735602e-01 1.820664542558033706e-03 0.000000000000000000e+00
4.750000000000000000e+04 1.900009096358030725e-01 7.077833409194356218e-02 7.733272644515247762e-01 1.556668183887118806e-01 2.275830678197542133e-04 0.000000000000000000e+00
5.000000000000000000e+04 2.000009575113717020e-01 6.998179335457442585e-02 7.710514337733272994e-01 1.578288575329995502e-01 1.137915339098770958e-03 0.000000000000000000e+00
5.250000000000000000e+04 2.100010053869403315e-01 7.271279016841146470e-02 7.659308147473827821e-01 1.601046882111970826e-01 1.251706873008648227e-03 0.000000000000000000e+00
5.500000000000000000e+04 2.200010532625089610e-01 1.619253527537551085e-01 6.104915794264906825e-01 2.200728265817023244e-01 7.510241238051888930e-03 0.000000000000000000e+00
5.750000000000000000e+04 2.300011011380775905e-01 1.466772872098315861e-01 6.220983158852981809e-01 2.223486572598998567e-01 8.875739644970414427e-03 0.000000000000000000e+00
6.000000000000000000e+04 2.400011490136459980e-01 1.545289030496131144e-01 6.205052344105598250e-01 2.172280382339553950e-01 7.737824305871643035e-03 0.000000000000000000e+00
6.250000000000000000e+04 2.500011968892146275e-01 1.511151570323167881e-01 6.142467000455166248e-01 2.282658170232134687e-01 6.372325898953117539e-03 0.000000000000000000e+00
6.500000000000000000e+04 2.600012447647832570e-01 1.607874374146563423e-01 6.302913063268092975e-01 2.001593081474738189e-01 8.761948111060537808e-03 0.000000000000000000e+00
6.750000000000000000e+04 2.700012926403518865e-01 1.150432407828857473e-01 7.072143832498861693e-01 1.754665452890304955e-01 2.275830678197541916e-03 0.000000000000000000e+00
7.000000000000000000e+04 2.800013405159205160e-01 1.098088302230314089e-01 7.053937187073281434e-01 1.814974965862539702e-01 3.299954483386436255e-03 0.000000000000000000e+00
7.250000000000000000e+04 2.900013883914889234e-01 1.116294947655894348e-01 7.061902594446972659e-01 1.786527082385070686e-01 3.527537551206190360e-03 0.000000000000000000e+00
7.500000000000000000e+04 3.000014362670575530e-01 1.103777878925807920e-01 7.009558488848429691e-01 1.820664542558033672e-01 6.599908966772872511e-03 0.000000000000000000e+00
7.750000000000000000e+04 3.100014841426261825e-01 1.140191169776968577e-01 6.981110605370960398e-01 1.824078288575330109e-01 5.461993627674101119e-03 0.000000000000000000e+00
8.000000000000000000e+04 3.200015320181948120e-01 1.156121984524351443e-01 6.924214838416021811e-01 1.873008648156577194e-01 4.665452890304961318e-03 0.000000000000000000e+00
8.250000000000000000e+04 3.300015798937634415e-01 1.233500227583067821e-01 6.797906235776057793e-01 1.901456531634046487e-01 6.713700500682749130e-03 0.000000000000000000e+00
8.500000000000000000e+04 3.400016277693318489e-01 1.322257624032771861e-01 7.215521165225307065e-01 1.368912152935821691e-01 9.330905780609922637e-03 0.000000000000000000e+00
8.750000000000000000e+04 3.500016756449004784e-01 1.125398270368684617e-01 7.375967228038233792e-01 1.376877560309512916e-01 1.217569412835685025e-02 0.000000000000000000e+00
9.000000000000000000e+04 3.600017235204691080e-01 1.223258989531178925e-01 7.039144287664997890e-01 1.639736003641329154e-01 9.786071916249430847e-03 0.000000000000000000e+00
9.250000000000000000e+04 3.700017713960377375e-01 1.351843422849340060e-01 6.719390077378243342e-01 1.829767865270823801e-01 9.899863450159307465e-03 0.000000000000000000e+00
9.500000000000000000e+04 3.800018192716063670e-01 1.385980883022303045e-01 6.530496131087847322e-01 1.997041420118343125e-01 8.648156577150659455e-03 0.000000000000000000e+00
9.750000000000000000e+04 3.900018671471749965e-01 1.382567137005006885e-01 6.529358215748748417e-01 2.014110150204824756e-01 7.396449704142011444e-03 0.000000000000000000e+00
1.000000000000000000e+05 4.000019150227434039e-01 1.481565771506599960e-01 6.390532544378698665e-01 2.055075102412380617e-01 7.282658170232134826e-03 0.000000000000000000e+00
1.025000000000000000e+05 4.100019628983120334e-01 1.451979972690031762e-01 6.346153846153845812e-01 2.147246244879381094e-01 5.461993627674101119e-03 0.000000000000000000e+00
1.050000000000000000e+05 4.200020107738806630e-01 1.544151115157032239e-01 6.035502958579881394e-01 2.348657259899863403e-01 7.168866636322257339e-03 0.000000000000000000e+00
1.075000000000000000e+05 4.300020586494492925e-01 1.555530268548019901e-01 6.127674101046881594e-01 2.226900318616295005e-01 8.989531178880291046e-03 0.000000000000000000e+00
1.100000000000000000e+05 4.400021065250179220e-01 1.623805188893946427e-01 6.268775603095130267e-01 2.052799271734183084e-01 5.461993627674101119e-03 0.000000000000000000e+00
1.125000000000000000e+05 4.500021544005863294e-01 1.481565771506599960e-01 6.286982248520710526e-01 2.129039599453800558e-01 1.024123805188893906e-02 0.000000000000000000e+00
1.150000000000000000e+05 4.600022022761549589e-01 1.520254893035958010e-01 6.214155666818388379e-01 2.188211197086936677e-01 7.737824305871643035e-03 0.000000000000000000e+00
1.175000000000000000e+05 4.700022501517235884e-01 1.555530268548019901e-01 6.007055075102412101e-01 2.349795175238962308e-01 8.761948111060537808e-03 0.000000000000000000e+00
1.200000000000000000e+05 4.800022980272922180e-01 1.510013654984069253e-01 5.562130177514792440e-01 2.850477924442421651e-01 7.737824305871643035e-03 0.000000000000000000e+00
1.225000000000000000e+05 4.900023459028608475e-01 1.528220300409649512e-01 5.596267637687756258e-01 2.803823395539372099e-01 7.168866636322257339e-03 0.000000000000000000e+00
1.250000000000000000e+05 5.000023937784292549e-01 1.607874374146563423e-01 5.553026854802002310e-01 2.736686390532544477e-01 1.024123805188893906e-02 0.000000000000000000e+00
1.275000000000000000e+05 5.100024416539978844e-01 1.676149294492489672e-01 5.692990441511152078e-01 2.561447428311333652e-01 6.941283568502503235e-03 0.000000000000000000e+00
1.300000000000000000e+05 5.200024895295665139e-01 1.596495220755575761e-01 5.827264451524806210e-01 2.514792899408284099e-01 6.144742831133363434e-03 0.000000000000000000e+00
1.325000000000000000e+05 5.300025374051351434e-01 1.636322257624032717e-01 5.739644970414201630e-01 2.552344105598543522e-01 7.168866636322257339e-03 0.000000000000000000e+00
1.350000000000000000e+05 5.400025852807037730e-01 1.760355029585798925e-01 5.578060992262175999e-01 2.597860719162494170e-01 6.372325898953117539e-03 0.000000000000000000e+00
1.375000000000000000e+05 5.500026331562721804e-01 1.891215293582157453e-01 5.160446062812926726e-01 2.898270368684570109e-01 5.006827492034592909e-03 0.000000000000000000e+00
1.400000000000000000e+05 5.600026810318408099e-01 1.717114246700045532e-01 5.350477924442421651e-01 2.866408739189804100e-01 6.599908966772872511e-03 0.000000000000000000e+00
1.425000000000000000e+05 5.700027289074094394e-01 1.959490213928083702e-01 5.479062357760582369e-01 2.484069185252617273e-01 7.737824305871643035e-03 0.000000000000000000e+00
1.450000000000000000e+05 5.800027767829780689e-01 1.877560309512972259e-01 5.765817023213473114e-01 2.292899408284023721e-01 6.372325898953117539e-03 0.000000000000000000e+00
1.475000000000000000e+05 5.900028246585466984e-01 1.883249886208466228e-01 5.803368229403732537e-01 2.273554847519344557e-01 3.982703686845699004e-03 0.000000000000000000e+00
1.500000000000000000e+05 6.000028725341151059e-01 1.935593991807009473e-01 5.815885298133819381e-01 2.197314519799726806e-01 5.120619025944469528e-03 0.000000000000000000e+00
1.525000000000000000e+05 6.100029204096837354e-01 1.959490213928083702e-01 6.421256258534364658e-01 1.543013199817933612e-01 7.624032771961766417e-03 0.000000000000000000e+00
1.550000000000000000e+05 6.200029682852523649e-01 1.531634046426945950e-01 7.147246244879380539e-01 1.284706417842512438e-01 3.641329085116067413e-03 0.000000000000000000e+00
1.575000000000000000e+05 6.300030161608209944e-01 1.512289485662266786e-01 7.135867091488393710e-01 1.304050978607191602e-01 4.779244424214838804e-03 0.000000000000000000e+00
1.600000000000000000e+05 6.400030640363896239e-01 1.514565316340464318e-01 7.044833864360491305e-01 1.405325443786982209e-01 3.527537551206190360e-03 0.000000000000000000e+00
1.625000000000000000e+05 6.500031119119582534e-01 1.420118343195266308e-01 7.266727355484752238e-01 1.280154756486117373e-01 3.299954483386436255e-03 0.000000000000000000e+00
1.650000000000000000e+05 6.600031597875266609e-01 1.350705507510241155e-01 7.848202093764223841e-01 7.521620391442876419e-02 4.893035958124715423e-03 0.000000000000000000e+00
1.675000000000000000e+05 6.700032076630952904e-01 9.251251706873007963e-02 8.982703686845698865e-01 7.737824305871643035e-03 1.479289940828402332e-03 0.000000000000000000e+00
1.700000000000000000e+05 6.800032555386639199e-01 9.365043240782885969e-02 8.986117432862994470e-01 6.941283568502503235e-03 7.965407373691396923e-04 0.000000000000000000e+00
1.725000000000000000e+05 6.900033034142325494e-01 9.137460172963131344e-02 8.964497041420118606e-01 1.103777878925807886e-02 1.137915339098770958e-03 0.000000000000000000e+00
1.750000000000000000e+05 7.000033512898011789e-01 9.080564406008193035e-02 8.955393718707328476e-01 1.228948566226672687e-02 1.365498406918525280e-03 0.000000000000000000e+00
1.775000000000000000e+05 7.100033991653695864e-01 9.217114246700044977e-02 8.934911242603550408e-01 1.274465179790623508e-02 1.593081474738279385e-03 0.000000000000000000e+00
1.800000000000000000e+05 7.200034470409382159e-01 1.003641329085116080e-01 7.975648611743286764e-01 9.934000910332271839e-02 2.730996813837050560e-03 0.000000000000000000e+00
1.825000000000000000e+05 7.300034949165068454e-01 1.005917159763313612e-01 7.932407828857532817e-01 1.030951297223486607e-01 3.072371415566681717e-03 0.000000000000000000e+00
1.850000000000000000e+05 7.400035427920754749e-01 1.073054164770141095e-01 7.669549385525716856e-01 1.218707328174783860e-01 3.868912152935821518e-03 0.000000000000000000e+00
1.875000000000000000e+05 7.500035906676441044e-01 1.073054164770141095e-01 7.241693218024578549e-01 1.630632680928539024e-01 5.461993627674101119e-03 0.000000000000000000e+00
1.900000000000000000e+05 7.600036385432125119e-01 1.104915794264906687e-01 7.142694583522986029e-01 1.684114701866181174e-01 6.827492034592626616e-03 0.000000000000000000e+00
1.925000000000000000e+05 7.700036864187811414e-01 1.152708238507055144e-01 7.033454710969503365e-01 1.736458807464724696e-01 7.737824305871643035e-03 0.000000000000000000e+00
1.950000000000000000e+05 7.800037342943497709e-01 1.250568957669549452e-01 7.544378698224851743e-01 1.189121529358215801e-01 1.593081474738279385e-03 0.000000000000000000e+00
1.975000000000000000e+05 7.900037821699184004e-01 1.247155211652253015e-01 7.538689121529358328e-01 1.190259444697314567e-01 2.389622212107419402e-03 0.000000000000000000e+00
2.000000000000000000e+05 8.000038300454870299e-01 1.271051433773327244e-01 7.490896677287209870e-01 1.225534820209376458e-01 1.251706873008648227e-03 0.000000000000000000e+00
2.025000000000000000e+05 8.100038779210554374e-01 1.279016841147018746e-01 7.435138825671370189e-01 1.265361857077833274e-01 2.048247610377787811e-03 0.000000000000000000e+00
2.050000000000000000e+05 8.200039257966240669e-01 1.282430587164314906e-01 7.336140191169776559e-01 1.350705507510241155e-01 3.072371415566681717e-03 0.000000000000000000e+00
2.075000000000000000e+05 8.300039736721926964e-01 1.434911242603550408e-01 7.167728720983158608e-01 1.364360491579426626e-01 3.299954483386436255e-03 0.000000000000000000e+00
2.100000000000000000e+05 8.400040215477613259e-01 1.409877105143377274e-01 6.832043695949021611e-01 1.728493400091033194e-01 2.958579881656804664e-03 0.000000000000000000e+00
2.125000000000000000e+05 8.500040694233299554e-01 1.583978152025489194e-01 6.308602639963586389e-01 2.077833409194355940e-01 2.958579881656804664e-03 0.000000000000000000e+00
2.150000000000000000e+05 8.600041172988983629e-01 1.613563950842057393e-01 5.766954938552572019e-01 2.576240327719617751e-01 4.324078288575329727e-03 0.000000000000000000e+00
2.175000000000000000e+05 8.700041651744669924e-01 1.655666818388711881e-01 5.700955848884843302e-01 2.612653618570778269e-01 3.072371415566681717e-03 0.000000000000000000e+00
2.200000000000000000e+05 8.800042130500356219e-01 1.676149294492489672e-01 5.655439235320892655e-01 2.619481110605371144e-01 4.893035958124715423e-03 0.000000000000000000e+00
2.225000000000000000e+05 8.900042609256042514e-01 1.690942193900773771e-01 6.671597633136094885e-01 1.583978152025489194e-01 5.348202093764223633e-03 0.000000000000000000e+00
2.250000000000000000e+05 9.000043088011728809e-01 1.246017296313154249e-01 8.450159308147473514e-01 2.708238507055074976e-02 3.299954483386436255e-03 0.000000000000000000e+00
2.275000000000000000e+05 9.100043566767415104e-01 1.255120619025944517e-01 8.420573509330905315e-01 2.913063268092853930e-02 3.299954483386436255e-03 0.000000000000000000e+00
2.300000000000000000e+05 9.200044045523099179e-01 1.289258079198907503e-01 8.370505234410560158e-01 3.311333636777423484e-02 9.103322712790168532e-04 0.000000000000000000e+00
2.325000000000000000e+05 9.300044524278785474e-01 1.256258534365043145e-01 8.422849340009103125e-01 3.038233955393718558e-02 1.706873008648156654e-03 0.000000000000000000e+00
2.350000000000000000e+05 9.400045003034471769e-01 1.230086481565771522e-01 8.444469731451980099e-01 3.072371415566681890e-02 1.820664542558033706e-03 0.000000000000000000e+00
2.375000000000000000e+05 9.500045481790158064e-01 1.234638142922166587e-01 8.461538461538461453e-01 2.935821574874829254e-02 1.024123805188893906e-03 0.000000000000000000e+00
2.400000000000000000e+05 9.600045960545844359e-01 1.257396449704142050e-01 8.460400546199362548e-01 2.765134274010013632e-02 5.689576695493854790e-04 0.000000000000000000e+00
2.425000000000000000e+05 9.700046439301528434e-01 1.249431042330450548e-01 8.477469276285843902e-01 2.662721893491124328e-02 6.827492034592626399e-04 0.000000000000000000e+00
2.450000000000000000e+05 9.800046918057214729e-01 1.238051888939462886e-01 8.484296768320437332e-01 2.708238507055074976e-02 6.827492034592626399e-04 0.000000000000000000e+00
2.475000000000000000e+05 9.900047396812901024e-01 1.247155211652253015e-01 8.483158852981338427e-01 2.605826126536185672e-02 9.103322712790168532e-04 0.000000000000000000e+00
2.500000000000000000e+05 1.000004787556858510e+00 1.250568957669549452e-01 8.497951752389621971e-01 2.401001365498407064e-02 1.137915339098770958e-03 0.000000000000000000e+00
