# itime ezz other fcc hcp bcc ico
0.000000000000000000e+00 0.000000000000000000e+00 3.413746017296313199e-04 9.996586253982703285e-01 0.000000000000000000e+00 0.000000000000000000e+00 0.000000000000000000e+00
2.500000000000000000e+01 1.000048603007064330e-03 9.103322712790168532e-04 9.990896677287209870e-01 0.000000000000000000e+00 0.000000000000000000e+00 0.000000000000000000e+00
5.000000000000000000e+01 2.000097206014128659e-03 1.593081474738279385e-03 9.984069185252617551e-01 0.000000000000000000e+00 0.000000000000000000e+00 0.000000000000000000e+00
7.500000000000000000e+01 3.000145809021192989e-03 7.965407373691396923e-04 9.992034592626308775e-01 0.000000000000000000e+00 0.000000000000000000e+00 0.000000000000000000e+00
1.000000000000000000e+02 4.000194412028257318e-03 1.137915339098771066e-04 9.998862084660901095e-01 0.000000000000000000e+00 0.000000000000000000e+00 0.000000000000000000e+00
1.250000000000000000e+02 5.000243015035321648e-03 1.706873008648156654e-03 9.982931269913518646e-01 0.000000000000000000e+00 0.000000000000000000e+00 0.000000000000000000e+00
1.500000000000000000e+02 6.000291618042163933e-03 1.593081474738279385e-03 9.984069185252617551e-01 0.000000000000000000e+00 0.000000000000000000e+00 0.000000000000000000e+00
1.750000000000000000e+02 7.000340221049228262e-03 3.413746017296313199e-04 9.996586253982703285e-01 0.000000000000000000e+00 0.000000000000000000e+00 0.000000000000000000e+00
2.000000000000000000e+02 8.000388824056292592e-03 9.103322712790168532e-04 9.990896677287209870e-01 0.000000000000000000e+00 0.000000000000000000e+00 0.000000000000000000e+00
2.250000000000000000e+02 9.000437427063356921e-03 1.820664542558033706e-03 9.981793354574419741e-01 0.000000000000000000e+00 0.000000000000000000e+00 0.000000000000000000e+00
2.500000000000000000e+02 1.000048603007042125e-02 1.251706873008648227e-03 9.987482931269913156e-01 0.000000000000000000e+00 0.000000000000000000e+00 0.000000000000000000e+00
2.750000000000000000e+02 1.100053463307748558e-02 1.365498406918525280e-03 9.985207100591716456e-01 0.000000000000000000e+00 1.137915339098771066e-04 0.000000000000000000e+00
3.000000000000000000e+02 1.200058323608454991e-02 3.413746017296313199e-04 9.996586253982703285e-01 0.000000000000000000e+00 0.000000000000000000e+00 0.000000000000000000e+00
3.250000000000000000e+02 1.300063183909161424e-02 1.251706873008648227e-03 9.985207100591716456e-01 0.000000000000000000e+00 2.275830678197542133e-04 0.000000000000000000e+00
3.500000000000000000e+02 1.400068044209867857e-02 9.103322712790168532e-04 9.990896677287209870e-01 0.000000000000000000e+00 0.000000000000000000e+00 0.000000000000000000e+00
3.750000000000000000e+02 1.500072904510574290e-02 3.299954483386436255e-03 9.965862539827037292e-01 0.000000000000000000e+00 1.137915339098771066e-04 0.000000000000000000e+00
4.000000000000000000e+02 1.600077764811280723e-02 2.275830678197541916e-03 9.977241693218024121e-01 0.000000000000000000e+00 0.000000000000000000e+00 0.000000000000000000e+00
4.250000000000000000e+02 1.700082625111987156e-02 6.827492034592626399e-04 9.992034592626308775e-01 0.000000000000000000e+00 1.137915339098771066e-04 0.000000000000000000e+00
4.500000000000000000e+02 1.800087485412671384e-02 1.365498406918525280e-03 9.986345015930814251e-01 0.000000000000000000e+00 0.000000000000000000e+00 0.000000000000000000e+00
4.750000000000000000e+02 1.900092345713377817e-02 1.365498406918525280e-03 9.985207100591716456e-01 0.000000000000000000e+00 1.137915339098771066e-04 0.000000000000000000e+00
5.000000000000000000e+02 2.000097206014084250e-02 1.706873008648156654e-03 9.982931269913518646e-01 0.000000000000000000e+00 0.000000000000000000e+00 0.000000000000000000e+00
5.250000000000000000e+02 2.100102066314790683e-02 6.827492034592626399e-04 9.993172507965407680e-01 0.000000000000000000e+00 0.000000000000000000e+00 0.000000000000000000e+00
5.500000000000000000e+02 2.200106926615497116e-02 2.617205279927173507e-03 9.973827947200728516e-01 0.000000000000000000e+00 0.000000000000000000e+00 0.000000000000000000e+00
5.750000000000000000e+02 2.300111786916203549e-02 2.389622212107419402e-03 9.976103777878926326e-01 0.000000000000000000e+00 0.000000000000000000e+00 0.000000000000000000e+00
6.000000000000000000e+02 2.400116647216909982e-02 3.072371415566681717e-03 9.969276285844332897e-01 0.000000000000000000e+00 0.000000000000000000e+00 0.000000000000000000e+00
6.250000000000000000e+02 2.500121507517616415e-02 3.527537551206190360e-03 9.962448793809740577e-01 0.000000000000000000e+00 2.275830678197542133e-04 0.000000000000000000e+00
6.500000000000000000e+02 2.600126367818322848e-02 3.527537551206190360e-03 9.964724624487938387e-01 0.000000000000000000e+00 0.000000000000000000e+00 0.000000000000000000e+00
6.750000000000000000e+02 2.700131228119029281e-02 2.844788347746927612e-03 9.971552116522530707e-01 0.000000000000000000e+00 0.000000000000000000e+00 0.000000000000000000e+00
7.000000000000000000e+02 2.800136088419735714e-02 3.186162949476558769e-03 9.968138370505233992e-01 0.000000000000000000e+00 0.000000000000000000e+00 0.000000000000000000e+00
7.250000000000000000e+02 2.900140948720442147e-02 2.844788347746927612e-03 9.970414201183431802e-01 0.000000000000000000e+00 1.137915339098771066e-04 0.000000000000000000e+00
7.500000000000000000e+02 3.000145809021126375e-02 4.551661356395083832e-03 9.954483386436049352e-01 0.000000000000000000e+00 0.000000000000000000e+00 0.000000000000000000e+00
7.750000000000000000e+02 3.100150669321832808e-02 3.868912152935821518e-03 9.960172963131542767e-01 0.000000000000000000e+00 1.137915339098771066e-04 0.000000000000000000e+00
8.000000000000000000e+02 3.200155529622539241e-02 5.120619025944469528e-03 9.946517979062358128e-01 0.000000000000000000e+00 2.275830678197542133e-04 0.000000000000000000e+00
8.250000000000000000e+02 3.300160389923245674e-02 6.030951297223486815e-03 9.938552571688666903e-01 0.000000000000000000e+00 1.137915339098771066e-04 0.000000000000000000e+00
8.500000000000000000e+02 3.400165250223952107e-02 6.258534365043240920e-03 9.936276741010469093e-01 0.000000000000000000e+00 1.137915339098771066e-04 0.000000000000000000e+00
8.750000000000000000e+02 3.500170110524658540e-02 4.779244424214838804e-03 9.952207555757851543e-01 0.000000000000000000e+00 0.000000000000000000e+00 0.000000000000000000e+00
9.000000000000000000e+02 3.600174970825364973e-02 5.803368229403732710e-03 9.939690487027764698e-01 0.000000000000000000e+00 2.275830678197542133e-04 0.000000000000000000e+00
9.250000000000000000e+02 3.700179831126071406e-02 8.192990441511151245e-03 9.912380518889394310e-01 0.000000000000000000e+00 5.689576695493854790e-04 0.000000000000000000e+00
9.500000000000000000e+02 3.800184691426777839e-02 7.624032771961766417e-03 9.922621756941283344e-01 0.000000000000000000e+00 1.137915339098771066e-04 0.000000000000000000e+00
9.750000000000000000e+02 3.900189551727484272e-02 5.120619025944469528e-03 9.948793809740554828e-01 0.000000000000000000e+00 0.000000000000000000e+00 0.000000000000000000e+00
1.000000000000000000e+03 4.000194412028190705e-02 8.989531178880291046e-03 9.910104688211197610e-01 0.000000000000000000e+00 0.000000000000000000e+00 0.000000000000000000e+00
1.025000000000000000e+03 4.100199272328874933e-02 7.851615839781519654e-03 9.919208010923987739e-01 0.000000000000000000e+00 2.275830678197542133e-04 0.000000000000000000e+00
1.050000000000000000e+03 4.200204132629581366e-02 7.737824305871643035e-03 9.920345926263085534e-01 0.000000000000000000e+00 2.275830678197542133e-04 0.000000000000000000e+00
1.075000000000000000e+03 4.300208992930287799e-02 1.012744651797906244e-02 9.896449704142011861e-01 0.000000000000000000e+00 2.275830678197542133e-04 0.000000000000000000e+00
1.100000000000000000e+03 4.400213853230994232e-02 9.558488848429677609e-03 9.901001365498406370e-01 0.000000000000000000e+00 3.413746017296313199e-04 0.000000000000000000e+00
1.125000000000000000e+03 4.500218713531700665e-02 1.593081474738279601e-02 9.837278106508875464e-01 0.000000000000000000e+00 3.413746017296313199e-04 0.000000000000000000e+00
1.150000000000000000e+03 4.600223573832407098e-02 1.206190259444697363e-02 9.872553482020938187e-01 0.000000000000000000e+00 6.827492034592626399e-04 0.000000000000000000e+00
1.175000000000000000e+03 4.700228434133113531e-02 9.786071916249430847e-03 9.897587619481110766e-01 0.000000000000000000e+00 4.551661356395084266e-04 0.000000000000000000e+00
1.200000000000000000e+03 4.800233294433819964e-02 1.433773327264451468e-02 9.853208921256259023e-01 0.000000000000000000e+00 3.413746017296313199e-04 0.000000000000000000e+00
1.225000000000000000e+03 4.900238154734526397e-02 1.467910787437414627e-02 9.848657259899863403e-01 0.000000000000000000e+00 4.551661356395084266e-04 0.000000000000000000e+00
1.250000000000000000e+03 5.000243015035232830e-02 1.001365498406918582e-02 9.896449704142011861e-01 0.000000000000000000e+00 3.413746017296313199e-04 0.000000000000000000e+00
1.275000000000000000e+03 5.100247875335939263e-02 1.593081474738279601e-02 9.835002275830677654e-01 0.000000000000000000e+00 5.689576695493854790e-04 0.000000000000000000e+00
1.300000000000000000e+03 5.200252735636645696e-02 1.547564861174328607e-02 9.837278106508875464e-01 0.000000000000000000e+00 7.965407373691396923e-04 0.000000000000000000e+00
1.325000000000000000e+03 5.300257595937329924e-02 1.399635867091488309e-02 9.852071005917160118e-01 0.000000000000000000e+00 7.965407373691396923e-04 0.000000000000000000e+00
1.350000000000000000e+03 5.400262456238036357e-02 1.558944014565316269e-02 9.836140191169776559e-01 0.000000000000000000e+00 7.965407373691396923e-04 0.000000000000000000e+00
1.375000000000000000e+03 5.500267316538742790e-02 2.321347291761493084e-02 9.746244879380974169e-01 0.000000000000000000e+00 2.162039144287664864e-03 0.000000000000000000e+00
1.400000000000000000e+03 5.600272176839449223e-02 2.344105598543468408e-02 9.745106964041875264e-01 0.000000000000000000e+00 2.048247610377787811e-03 0.000000000000000000e+00
1.425000000000000000e+03 5.700277037140155656e-02 1.991351843422849502e-02 9.791761492944924816e-01 0.000000000000000000e+00 9.103322712790168532e-04 0.000000000000000000e+00
1.450000000000000000e+03 5.800281897440862089e-02 2.639963586709149004e-02 9.723486572598998290e-01 0.000000000000000000e+00 1.251706873008648227e-03 0.000000000000000000e+00
1.475000000000000000e+03 5.900286757741568522e-02 2.173418297678652786e-02 9.775830678197542367e-01 0.000000000000000000e+00 6.827492034592626399e-04 0.000000000000000000e+00
1.500000000000000000e+03 6.000291618042274955e-02 2.719617660446062984e-02 9.717796995903504875e-01 0.000000000000000000e+00 1.024123805188893906e-03 0.000000000000000000e+00
1.525000000000000000e+03 6.100296478342981388e-02 2.992717341829767910e-02 9.685935366408738867e-01 0.000000000000000000e+00 1.479289940828402332e-03 0.000000000000000000e+00
1.550000000000000000e+03 6.200301338643687821e-02 2.844788347746927612e-02 9.692762858443332297e-01 0.000000000000000000e+00 2.275830678197541916e-03 0.000000000000000000e+00
1.575000000000000000e+03 6.300306198944394254e-02 3.265817023213472836e-02 9.658625398270368478e-01 0.000000000000000000e+00 1.479289940828402332e-03 0.000000000000000000e+00
1.600000000000000000e+03 6.400311059245100687e-02 2.492034592626308706e-02 9.745106964041875264e-01 0.000000000000000000e+00 5.689576695493854790e-04 0.000000000000000000e+00
1.625000000000000000e+03 6.500315919545784915e-02 3.174783796085571541e-02 9.676832043695948737e-01 0.000000000000000000e+00 5.689576695493854790e-04 0.000000000000000000e+00
1.650000000000000000e+03 6.600320779846491348e-02 4.198907601274465273e-02 9.557350933090578149e-01 0.000000000000000000e+00 2.275830678197541916e-03 0.000000000000000000e+00
1.675000000000000000e+03 6.700325640147197781e-02 4.301319981793354230e-02 9.547109695038689114e-01 0.000000000000000000e+00 2.275830678197541916e-03 0.000000000000000000e+00
1.700000000000000000e+03 6.800330500447904214e-02 4.619936276741010150e-02 9.516385980883022011e-01 0.000000000000000000e+00 2.162039144287664864e-03 0.000000000000000000e+00
1.725000000000000000e+03 6.900335360748610647e-02 4.915794264906690747e-02 9.478834774692762588e-01 0.000000000000000000e+00 2.958579881656804664e-03 0.000000000000000000e+00
1.750000000000000000e+03 7.000340221049317080e-02 5.063723258989531045e-02 9.464041875284479044e-01 0.000000000000000000e+00 2.958579881656804664e-03 0.000000000000000000e+00
1.775000000000000000e+03 7.100345081350023513e-02 5.211652253072371344e-02 9.440145653163404260e-01 0.000000000000000000e+00 3.868912152935821518e-03 0.000000000000000000e+00
1.800000000000000000e+03 7.200349941650729946e-02 6.611288120163859305e-02 9.300182066454255603e-01 0.000000000000000000e+00 3.868912152935821518e-03 0.000000000000000000e+00
1.825000000000000000e+03 7.300354801951436379e-02 6.577150659990896320e-02 9.295630405097861093e-01 0.000000000000000000e+00 4.665452890304961318e-03 0.000000000000000000e+00
1.850000000000000000e+03 7.400359662252142812e-02 6.360946745562130744e-02 9.312699135184342447e-01 0.000000000000000000e+00 5.120619025944469528e-03 0.000000000000000000e+00
1.875000000000000000e+03 7.500364522552849245e-02 6.986800182066454923e-02 9.241010468821119206e-01 1.137915339098771066e-04 5.917159763313609329e-03 0.000000000000000000e+00
1.900000000000000000e+03 7.600369382853533473e-02 7.385070550751024476e-02 9.197769685935366368e-01 0.000000000000000000e+00 6.372325898953117539e-03 0.000000000000000000e+00
1.925000000000000000e+03 7.700374243154239906e-02 8.318161128812016913e-02 9.109012289485661773e-01 0.000000000000000000e+00 5.917159763313609329e-03 0.000000000000000000e+00
1.950000000000000000e+03 7.800379103454946339e-02 8.124715521165225274e-02 9.112426035502958488e-01 0.000000000000000000e+00 7.510241238051888930e-03 0.000000000000000000e+00
1.975000000000000000e+03 7.900383963755652772e-02 8.716431497496586467e-02 9.043013199817933057e-01 0.000000000000000000e+00 8.534365043240782836e-03 0.000000000000000000e+00
2.000000000000000000e+03 8.000388824056359205e-02 9.615384615384615918e-02 8.942876649977241632e-01 0.000000000000000000e+00 9.558488848429677609e-03 0.000000000000000000e+00
2.025000000000000000e+03 8.100393684357065638e-02 1.125398270368684617e-01 8.780154756486117096e-01 0.000000000000000000e+00 9.444697314519799256e-03 0.000000000000000000e+00
2.050000000000000000e+03 8.200398544657772071e-02 1.205052344105598527e-01 8.675466545289030051e-01 0.000000000000000000e+00 1.194811106053709528e-02 0.000000000000000000e+00
2.075000000000000000e+03 8.300403404958478504e-02 1.168639053254437871e-01 8.719845243513882904e-01 0.000000000000000000e+00 1.115157032316795548e-02 0.000000000000000000e+00
2.100000000000000000e+03 8.400408265259184937e-02 1.251706873008648080e-01 8.617432862994993670e-01 0.000000000000000000e+00 1.308602639963586667e-02 0.000000000000000000e+00
2.125000000000000000e+03 8.500413125559891370e-02 1.453117888029130667e-01 8.362539827036868934e-01 0.000000000000000000e+00 1.843422849340009204e-02 0.000000000000000000e+00
2.150000000000000000e+03 8.600417985860597803e-02 1.422394173873463841e-01 8.396677287209831642e-01 0.000000000000000000e+00 1.809285389167045871e-02 0.000000000000000000e+00
2.175000000000000000e+03 8.700422846161304236e-02 1.499772416932180219e-01 8.320436959490213891e-01 0.000000000000000000e+00 1.797906235776058209e-02 0.000000000000000000e+00
2.200000000000000000e+03 8.800427706461988464e-02 1.687528447883477334e-01 8.068957669549385869e-01 0.000000000000000000e+00 2.435138825671370050e-02 0.000000000000000000e+00
2.225000000000000000e+03 8.900432566762694897e-02 1.590805644060081792e-01 8.163404642694583879e-01 3.413746017296313199e-04 2.423759672280382388e-02 0.000000000000000000e+00
2.250000000000000000e+03 9.000437427063401330e-02 1.769458352298589054e-01 7.941511151570322946e-01 6.827492034592626399e-04 2.822030040964952288e-02 0.000000000000000000e+00
2.275000000000000000e+03 9.100442287364107763e-02 1.726217569412835662e-01 7.956304050978607600e-01 1.479289940828402332e-03 3.026854802002730896e-02 0.000000000000000000e+00
2.300000000000000000e+03 9.200447147664814196e-02 2.018661811561219821e-01 7.606964041875284854e-01 1.365498406918525280e-03 3.607191624943104080e-02 0.000000000000000000e+00
2.325000000000000000e+03 9.300452007965520629e-02 2.283796085571233592e-01 7.259899863450158808e-01 7.965407373691396923e-04 4.483386436049158208e-02 0.000000000000000000e+00
2.350000000000000000e+03 9.400456868266227062e-02 2.543240782885753393e-01 6.883249886208465673e-01 9.103322712790168532e-04 5.644060081929904577e-02 0.000000000000000000e+00
2.375000000000000000e+03 9.500461728566933495e-02 2.593309057806099105e-01 6.687528447883477334e-01 4.551661356395084266e-04 7.146108329540282189e-02 0.000000000000000000e+00
2.400000000000000000e+03 9.600466588867639928e-02 2.703686845698680119e-01 6.439462903959944917e-01 3.413746017296313199e-04 8.534365043240782489e-02 0.000000000000000000e+00
2.425000000000000000e+03 9.700471449168346361e-02 2.858443331816112876e-01 6.145880746472462963e-01 2.275830678197542133e-04 9.934000910332271839e-02 0.000000000000000000e+00
2.450000000000000000e+03 9.800476309469052794e-02 3.219162494310423561e-01 5.630405097860718966e-01 7.965407373691396923e-04 1.142467000455166110e-01 0.000000000000000000e+00
2.475000000000000000e+03 9.900481169769759227e-02 3.147473827947200875e-01 5.421028675466544877e-01 2.617205279927173507e-03 1.405325443786982209e-01 0.000000000000000000e+00
2.500000000000000000e+03 1.000048603007044346e-01 3.264679107874374209e-01 5.005689576695493415e-01 5.689576695493855224e-03 1.672735548475193512e-01 0.000000000000000000e+00
2.525000000000000000e+03 1.010049089037114989e-01 3.433090578060992160e-01 4.606281292671824956e-01 1.092398725534820224e-02 1.851388256713700498e-01 0.000000000000000000e+00
2.550000000000000000e+03 1.020049575067185632e-01 3.384160218479745352e-01 4.349112426035502965e-01 1.991351843422849502e-02 2.067592171142466906e-01 0.000000000000000000e+00
2.575000000000000000e+03 1.030050061097256275e-01 3.427401001365498190e-01 4.041875284478834707e-01 2.822030040964952288e-02 2.248520710059171701e-01 0.000000000000000000e+00
2.600000000000000000e+03 1.040050547127326919e-01 3.467228038233955423e-01 3.857532999544833752e-01 3.345471096950387163e-02 2.340691852526172179e-01 0.000000000000000000e+00
2.625000000000000000e+03 1.050051033157397562e-01 3.475193445607646647e-01 3.670914883932635542e-01 4.176149294492489950e-02 2.436276741010468816e-01 0.000000000000000000e+00
2.650000000000000000e+03 1.060051519187468205e-01 3.468365953573054328e-01 3.555985434683659463e-01 4.802002730996814128e-02 2.495448338643604935e-01 0.000000000000000000e+00
2.675000000000000000e+03 1.070052005217538849e-01 3.552571688666363303e-01 3.392125625853436577e-01 5.427856167501137613e-02 2.512517068730086289e-01 0.000000000000000000e+00
2.700000000000000000e+03 1.080052491247609492e-01 3.534365043240783044e-01 3.240782885753299980e-01 5.791989076012744875e-02 2.645653163404642627e-01 0.000000000000000000e+00
2.725000000000000000e+03 1.090052977277680135e-01 3.629949931725079404e-01 3.023441055985434667e-01 6.838871187983613931e-02 2.662721893491124536e-01 0.000000000000000000e+00
2.750000000000000000e+03 1.100053463307750778e-01 3.544606281292672079e-01 2.961993627674101015e-01 7.885753299954482987e-02 2.704824761037779024e-01 0.000000000000000000e+00
2.775000000000000000e+03 1.110053949337819201e-01 3.649294492489758568e-01 2.802685480200273194e-01 8.079198907601274626e-02 2.740100136549840637e-01 0.000000000000000000e+00
2.800000000000000000e+03 1.120054435367889845e-01 3.598088302230313951e-01 2.695721438324988894e-01 9.080564406008193035e-02 2.798133818843878129e-01 0.000000000000000000e+00
2.825000000000000000e+03 1.130054921397960488e-01 3.620846609012289274e-01 2.579654073736913911e-01 8.932635411925353430e-02 2.906235776058261333e-01 0.000000000000000000e+00
2.850000000000000000e+03 1.140055407428031131e-01 3.743741465634956578e-01 2.434000910332271284e-01 9.581247155211652933e-02 2.864132908511606845e-01 0.000000000000000000e+00
2.875000000000000000e+03 1.150055893458101774e-01 3.710741920801092220e-01 2.332726445152480677e-01 9.751934456076467861e-02 2.981338188438780179e-01 0.000000000000000000e+00
2.900000000000000000e+03 1.160056379488172418e-01 3.777878925807919841e-01 2.328174783796085612e-01 9.729176149294492537e-02 2.921028675466545432e-01 0.000000000000000000e+00
2.925000000000000000e+03 1.170056865518243061e-01 3.766499772416932457e-01 2.340691852526172179e-01 1.050295857988165632e-01 2.842512517068729871e-01 0.000000000000000000e+00
2.950000000000000000e+03 1.180057351548313704e-01 3.703914428766499900e-01 2.282658170232134687e-01 1.149294492489758707e-01 2.864132908511606845e-01 0.000000000000000000e+00
2.975000000000000000e+03 1.190057837578384348e-01 3.792671825216203940e-01 2.275830678197542090e-01 1.192535275375512099e-01 2.738962221210741732e-01 0.000000000000000000e+00
3.000000000000000000e+03 1.200058323608454991e-01 3.945152480655439442e-01 2.296313154301319881e-01 1.251706873008648080e-01 2.506827492034592875e-01 0.000000000000000000e+00
3.025000000000000000e+03 1.210058809638525634e-01 3.848429676832043622e-01 2.314519799726900418e-01 1.242603550295857950e-01 2.594446973145198010e-01 0.000000000000000000e+00
3.050000000000000000e+03 1.220059295668596278e-01 3.864360491579426626e-01 2.243969048702776636e-01 1.258534365043240677e-01 2.633136094674556338e-01 0.000000000000000000e+00
3.075000000000000000e+03 1.230059781698664700e-01 4.184114701866181174e-01 2.096040054619936199e-01 1.289258079198907503e-01 2.430587164314974846e-01 0.000000000000000000e+00
3.100000000000000000e+03 1.240060267728735344e-01 3.945152480655439442e-01 2.152935821574874786e-01 1.286982248520709970e-01 2.614929449248976079e-01 0.000000000000000000e+00
3.125000000000000000e+03 1.250060753758805987e-01 4.050978607191624836e-01 2.051661356395084179e-01 1.317705962676376796e-01 2.579654073736913911e-01 0.000000000000000000e+00
3.150000000000000000e+03 1.260061239788876630e-01 4.127218934911242587e-01 1.993627674101046965e-01 1.350705507510241155e-01 2.528447883477469293e-01 0.000000000000000000e+00
3.175000000000000000e+03 1.270061725818947274e-01 4.154528903049612976e-01 1.958352298588985074e-01 1.274465179790623681e-01 2.612653618570778269e-01 0.000000000000000000e+00
3.200000000000000000e+03 1.280062211849017917e-01 4.060081929904414966e-01 1.937869822485207005e-01 1.273327264451524776e-01 2.728720983158853253e-01 0.000000000000000000e+00
3.225000000000000000e+03 1.290062697879088560e-01 3.989531178880291185e-01 1.871870732817478289e-01 1.305188893946290507e-01 2.833409194355939742e-01 0.000000000000000000e+00
3.250000000000000000e+03 1.300063183909159203e-01 4.160218479745106945e-01 1.805871643149749572e-01 1.249431042330450548e-01 2.784478834774692935e-01 0.000000000000000000e+00
3.275000000000000000e+03 1.310063669939229847e-01 4.175011379153391045e-01 1.675011379153391045e-01 1.211879836140191125e-01 2.938097405553026786e-01 0.000000000000000000e+00
3.300000000000000000e+03 1.320064155969300490e-01 4.225079654073736757e-01 1.615839781520254925e-01 1.240327719617660418e-01 2.918752844788347622e-01 0.000000000000000000e+00
3.325000000000000000e+03 1.330064641999371133e-01 4.283113336367774249e-01 1.549840691852526209e-01 1.214155666818388657e-01 2.952890304961310886e-01 0.000000000000000000e+00
3.350000000000000000e+03 1.340065128029441777e-01 4.253527537551206050e-01 1.491807009558488717e-01 1.208466090122894826e-01 3.046199362767409990e-01 0.000000000000000000e+00
3.375000000000000000e+03 1.350065614059510199e-01 4.254665452890304955e-01 1.391670459717797015e-01 1.190259444697314567e-01 3.163404642694583324e-01 0.000000000000000000e+00
3.400000000000000000e+03 1.360066100089580843e-01 4.267182521620391245e-01 1.283568502503413811e-01 1.208466090122894826e-01 3.240782885753299980e-01 0.000000000000000000e+00
3.425000000000000000e+03 1.370066586119651486e-01 4.413973600364132777e-01 1.238051888939462886e-01 1.219845243513882627e-01 3.128129267182521711e-01 0.000000000000000000e+00
3.450000000000000000e+03 1.380067072149722129e-01 4.437869822485207005e-01 1.160673645880746507e-01 1.225534820209376458e-01 3.175921711424670169e-01 0.000000000000000000e+00
3.475000000000000000e+03 1.390067558179792773e-01 4.489076012744651623e-01 1.083295402822029990e-01 1.249431042330450548e-01 3.178197542102867423e-01 0.000000000000000000e+00
3.500000000000000000e+03 1.400068044209863416e-01 4.635867091488393155e-01 1.033227127901684139e-01 1.244879380974055483e-01 3.086026399635867223e-01 0.000000000000000000e+00
3.525000000000000000e+03 1.410068530239934059e-01 4.662039144287665193e-01 9.740555302685480199e-02 1.214155666818388657e-01 3.149749658625398130e-01 0.000000000000000000e+00
3.550000000000000000e+03 1.420069016270004703e-01 4.698452435138825711e-01 9.012289485662267063e-02 1.187983614019117035e-01 3.212335002275830687e-01 0.000000000000000000e+00
3.575000000000000000e+03 1.430069502300075346e-01 4.600591715976331542e-01 8.989531178880291740e-02 1.214155666818388657e-01 3.286299499317250628e-01 0.000000000000000000e+00
3.600000000000000000e+03 1.440069988330145989e-01 4.528903049613108855e-01 8.978152025489304078e-02 1.211879836140191125e-01 3.361401911697769473e-01 0.000000000000000000e+00
3.625000000000000000e+03 1.450070474360216632e-01 4.607419208010923861e-01 8.693673190714611143e-02 1.189121529358215801e-01 3.334091943559399085e-01 0.000000000000000000e+00
3.650000000000000000e+03 1.460070960390285055e-01 4.775830678197542367e-01 8.340919435593992237e-02 1.243741465634956717e-01 3.146335912608101970e-01 0.000000000000000000e+00
3.675000000000000000e+03 1.470071446420355699e-01 4.800864815657714946e-01 7.840236686390532339e-02 1.296085571233500100e-01 3.119025944469731582e-01 0.000000000000000000e+00
3.700000000000000000e+03 1.480071932450426342e-01 4.791761492944924816e-01 7.692307692307692735e-02 1.277878925807919841e-01 3.161128812016386069e-01 0.000000000000000000e+00
3.725000000000000000e+03 1.490072418480496985e-01 4.827036868456986984e-01 7.396449704142012138e-02 1.331360946745562268e-01 3.101957214383249672e-01 0.000000000000000000e+00
3.750000000000000000e+03 1.500072904510567628e-01 4.955621301775147702e-01 6.702321347291761988e-02 1.266499772416932179e-01 3.107646791078743642e-01 0.000000000000000000e+00
3.775000000000000000e+03 1.510073390540638272e-01 4.893035958124715701e-01 6.850250341374601593e-02 1.304050978607191602e-01 3.117888029130632677e-01 0.000000000000000000e+00
3.800000000000000000e+03 1.520073876570708915e-01 5.160446062812926726e-01 6.861629494765589254e-02 1.337050523441055960e-01 2.816340464269458388e-01 0.000000000000000000e+00
3.825000000000000000e+03 1.530074362600779558e-01 4.972690031861629611e-01 6.725079654073737312e-02 1.331360946745562268e-01 3.023441055985434667e-01 0.000000000000000000e+00
3.850000000000000000e+03 1.540074848630850202e-01 4.984069185252616996e-01 6.235776058261265076e-02 1.357532999544833752e-01 3.034820209376422606e-01 0.000000000000000000e+00
3.875000000000000000e+03 1.550075334660920845e-01 5.060309512972235302e-01 6.292671825216203385e-02 1.378015475648611821e-01 2.932407828857532817e-01 0.000000000000000000e+00
3.900000000000000000e+03 1.560075820690991488e-01 4.980655439235320836e-01 6.326809285389166371e-02 1.496358670914884059e-01 2.890304961310878329e-01 0.000000000000000000e+00
3.925000000000000000e+03 1.570076306721062132e-01 5.128584433318160718e-01 6.087847064178425471e-02 1.471324533454710926e-01 2.791306326809285254e-01 0.000000000000000000e+00
3.950000000000000000e+03 1.580076792751130554e-01 5.136549840691853053e-01 5.939918070095585173e-02 1.449704142011834229e-01 2.819754210286754548e-01 0.000000000000000000e+00
3.975000000000000000e+03 1.590077278781201198e-01 5.183204369594902605e-01 6.235776058261265076e-02 1.524806554392353075e-01 2.668411470186617951e-01 0.000000000000000000e+00
4.000000000000000000e+03 1.600077764811271841e-01 5.228720983158853253e-01 6.121984524351388457e-02 1.611288120163859861e-01 2.547792444242148457e-01 0.000000000000000000e+00
4.025000000000000000e+03 1.610078250841342484e-01 5.257168866636322546e-01 6.281292671825215723e-02 1.719390077378243065e-01 2.395311788802912956e-01 0.000000000000000000e+00
4.050000000000000000e+03 1.620078736871413128e-01 5.282203004096495125e-01 6.110605370960400795e-02 1.696631770596267741e-01 2.410104688211197055e-01 0.000000000000000000e+00
4.075000000000000000e+03 1.630079222901483771e-01 5.308375056895766608e-01 6.315430131998178709e-02 1.762630860263996457e-01 2.297451069640418786e-01 0.000000000000000000e+00
4.100000000000000000e+03 1.640079708931554414e-01 5.296995903504779779e-01 6.816112881201638607e-02 1.859353664087392000e-01 2.162039144287664916e-01 0.000000000000000000e+00
4.125000000000000000e+03 1.650080194961625057e-01 5.248065543923532417e-01 6.645425580336822291e-02 1.865043240782885692e-01 2.222348657259899940e-01 0.000000000000000000e+00
4.150000000000000000e+03 1.660080680991695701e-01 5.364132908511606290e-01 6.429221665908056715e-02 1.878698224852070886e-01 2.114246700045516736e-01 0.000000000000000000e+00
4.175000000000000000e+03 1.670081167021766344e-01 5.373236231224396420e-01 6.941283568502502888e-02 1.968593536640873831e-01 1.964041875284478766e-01 0.000000000000000000e+00
4.200000000000000000e+03 1.680081653051836987e-01 5.425580336822940497e-01 7.043695949021393232e-02 1.939007737824305910e-01 1.931042330450614408e-01 0.000000000000000000e+00
4.225000000000000000e+03 1.690082139081907631e-01 5.469959035047792240e-01 6.884387801547564578e-02 1.969731451979972736e-01 1.871870732817478289e-01 0.000000000000000000e+00
4.250000000000000000e+03 1.700082625111976053e-01 5.286754665452890745e-01 7.396449704142012138e-02 2.012972234865725851e-01 1.960628129267182607e-01 0.000000000000000000e+00
4.275000000000000000e+03 1.710083111142046697e-01 5.322030040964952358e-01 7.328174783796086167e-02 1.990213928083750528e-01 1.954938552571688637e-01 0.000000000000000000e+00
4.300000000000000000e+03 1.720083597172117340e-01 5.397132453345471204e-01 7.589895311788802390e-02 2.077833409194355940e-01 1.766044606281292617e-01 0.000000000000000000e+00
4.325000000000000000e+03 1.730084083202187983e-01 5.426718252162039402e-01 7.544378698224851743e-02 2.067592171142466906e-01 1.751251706873008518e-01 0.000000000000000000e+00
4.350000000000000000e+03 1.740084569232258627e-01 5.291306326809285254e-01 7.441966317705962786e-02 2.113108784706417831e-01 1.851388256713700498e-01 0.000000000000000000e+00
4.375000000000000000e+03 1.750085055262329270e-01 5.452890304961310886e-01 7.862994993172507663e-02 2.058488848429676776e-01 1.702321347291761433e-01 0.000000000000000000e+00
4.400000000000000000e+03 1.760085541292399913e-01 5.342512517068730427e-01 8.306781975421029252e-02 2.123350022758306865e-01 1.703459262630860338e-01 0.000000000000000000e+00
4.425000000000000000e+03 1.770086027322470557e-01 5.381201638598088755e-01 8.534365043240782489e-02 2.160901228948566288e-01 1.604460628129267263e-01 0.000000000000000000e+00
4.450000000000000000e+03 1.780086513352541200e-01 5.394856622667273394e-01 8.705052344105598805e-02 2.089212562585343602e-01 1.645425580336822846e-01 0.000000000000000000e+00
4.475000000000000000e+03 1.790086999382611843e-01 5.334547109695039202e-01 8.955393718707328754e-02 2.175694128356850388e-01 1.594219390077378229e-01 0.000000000000000000e+00
4.500000000000000000e+03 1.800087485412682486e-01 5.482476103777879084e-01 8.466090122894856518e-02 2.110832954028220299e-01 1.560081929904415243e-01 0.000000000000000000e+00
4.525000000000000000e+03 1.810087971442750909e-01 5.473372781065088954e-01 8.557123350022757813e-02 2.157487482931269851e-01 1.513427401001365413e-01 0.000000000000000000e+00
4.550000000000000000e+03 1.820088457472821553e-01 5.439235320892125136e-01 8.739189804278561791e-02 2.200728265817023244e-01 1.486117432862995025e-01 0.000000000000000000e+00
4.575000000000000000e+03 1.830088943502892196e-01 5.373236231224396420e-01 9.057806099226217711e-02 2.216659080564405970e-01 1.504324078288575284e-01 0.000000000000000000e+00
4.600000000000000000e+03 1.840089429532962839e-01 5.340236686390532617e-01 9.342284934000910646e-02 2.208693673190714746e-01 1.516841147018661851e-01 0.000000000000000000e+00
4.625000000000000000e+03 1.850089915563033482e-01 5.451752389622211981e-01 9.171597633136094330e-02 2.182521620391442985e-01 1.448566226672735602e-01 0.000000000000000000e+00
4.650000000000000000e+03 1.860090401593104126e-01 5.374374146563495325e-01 9.421939007737824279e-02 2.212107419208010906e-01 1.471324533454710926e-01 0.000000000000000000e+00
4.675000000000000000e+03 1.870090887623174769e-01 5.366408739189804100e-01 9.512972234865725574e-02 2.214383249886208438e-01 1.467910787437414766e-01 0.000000000000000000e+00
4.700000000000000000e+03 1.880091373653245412e-01 5.348202093764223841e-01 9.877105143377332142e-02 2.279244424214838527e-01 1.384842967683204418e-01 0.000000000000000000e+00
4.725000000000000000e+03 1.890091859683316056e-01 5.201411015020482864e-01 9.842967683204369156e-02 2.387346381429221731e-01 1.426945835229858905e-01 0.000000000000000000e+00
4.750000000000000000e+03 1.900092345713386699e-01 5.314064633591261133e-01 1.010468821119708677e-01 2.356622667273554905e-01 1.318843878015475701e-01 0.000000000000000000e+00
4.775000000000000000e+03 1.910092831743457342e-01 5.161583978152025631e-01 1.050295857988165632e-01 2.432862994993172379e-01 1.354119253527537592e-01 1.137915339098771066e-04
4.800000000000000000e+03 1.920093317773527986e-01 5.241238051888938987e-01 1.057123350022758368e-01 2.407828857532999522e-01 1.293809740555302568e-01 0.000000000000000000e+00
4.825000000000000000e+03 1.930093803803596408e-01 5.258306781975421451e-01 1.098088302230314089e-01 2.416932180245789652e-01 1.226672735548475224e-01 0.000000000000000000e+00
4.850000000000000000e+03 1.940094289833667052e-01 5.174101046882112476e-01 1.184569868001820597e-01 2.526172052799271484e-01 1.115157032316795582e-01 0.000000000000000000e+00
4.875000000000000000e+03 1.950094775863737695e-01 5.027309968138370389e-01 1.201638598088302229e-01 2.545516613563950648e-01 1.225534820209376458e-01 0.000000000000000000e+00
4.900000000000000000e+03 1.960095261893808338e-01 5.199135184342285054e-01 1.233500227583067821e-01 2.570550751024123781e-01 9.968138370505234824e-02 0.000000000000000000e+00
4.925000000000000000e+03 1.970095747923878982e-01 5.139963586709148657e-01 1.268775603095129711e-01 2.504551661356395065e-01 1.086709148839326289e-01 0.000000000000000000e+00
4.950000000000000000e+03 1.980096233953949625e-01 4.982931269913518646e-01 1.335912608101957333e-01 2.626308602639963463e-01 1.054847519344560697e-01 0.000000000000000000e+00
4.975000000000000000e+03 1.990096719984020268e-01 4.888484296768320636e-01 1.403049613108784677e-01 2.668411470186617951e-01 1.040054619936276736e-01 0.000000000000000000e+00
5.000000000000000000e+03 2.000097206014090911e-01 4.881656804733727761e-01 1.444014565316340537e-01 2.781065088757396220e-01 8.932635411925353430e-02 0.000000000000000000e+00
5.025000000000000000e+03 2.010097692044161555e-01 4.751934456076468138e-01 1.525944469731451980e-01 2.899408284023668458e-01 8.227127901684114231e-02 0.000000000000000000e+00
5.050000000000000000e+03 2.020098178074232198e-01 4.775830678197542367e-01 1.595357305416477134e-01 2.847064178425124936e-01 7.817478379608557015e-02 0.000000000000000000e+00
5.075000000000000000e+03 2.030098664104302841e-01 4.664314974965862448e-01 1.642011834319526686e-01 2.894856622667273394e-01 7.988165680473373331e-02 0.000000000000000000e+00
5.100000000000000000e+03 2.040099150134373485e-01 4.720072826581702130e-01 1.656804733727810786e-01 2.875512061902594230e-01 7.476103777878925771e-02 0.000000000000000000e+00
5.125000000000000000e+03 2.050099636164441907e-01 4.689349112426035582e-01 1.738734638142922229e-01 2.905097860719162428e-01 6.668183887118799003e-02 0.000000000000000000e+00
5.150000000000000000e+03 2.060100122194512551e-01 4.583522985889849632e-01 1.771734182976786587e-01 2.961993627674101015e-01 6.827492034592626269e-02 0.000000000000000000e+00
5.175000000000000000e+03 2.070100608224583194e-01 4.442421483841602070e-01 1.909421939007737712e-01 3.015475648611743442e-01 6.326809285389166371e-02 0.000000000000000000e+00
5.200000000000000000e+03 2.080101094254653837e-01 4.443559399180700975e-01 1.952662721893491105e-01 3.022303140646335762e-01 5.814747382794720199e-02 0.000000000000000000e+00
5.225000000000000000e+03 2.090101580284724481e-01 4.313837050523440797e-01 2.027765134274009950e-01 3.041647701411014926e-01 6.167501137915339104e-02 0.000000000000000000e+00
5.250000000000000000e+03 2.100102066314795124e-01 4.376422394173873354e-01 2.032316795630405015e-01 3.070095584888484219e-01 5.211652253072371344e-02 0.000000000000000000e+00
5.275000000000000000e+03 2.110102552344865767e-01 4.246700045516613731e-01 2.106281292671825234e-01 3.139508420573509095e-01 5.075102412380518707e-02 0.000000000000000000e+00
5.300000000000000000e+03 2.120103038374936411e-01 4.302457897132453413e-01 2.141556668183887124e-01 3.123577605826126646e-01 4.324078288575330248e-02 0.000000000000000000e+00
5.325000000000000000e+03 2.130103524405007054e-01 4.129494765589440397e-01 2.213245334547109811e-01 3.268092853891670369e-01 3.891670459717797015e-02 0.000000000000000000e+00
5.350000000000000000e+03 2.140104010435077697e-01 4.035047792444242387e-01 2.272416932180245652e-01 3.322712790168411701e-01 3.698224852071006069e-02 0.000000000000000000e+00
5.375000000000000000e+03 2.150104496465148340e-01 3.933773327264451503e-01 2.364588074647246130e-01 3.377332726445152478e-01 3.243058716431497512e-02 0.000000000000000000e+00
5.400000000000000000e+03 2.160104982495216763e-01 3.825671370050068298e-01 2.444242148384160318e-01 3.433090578060992160e-01 2.969959035047792587e-02 0.000000000000000000e+00
5.425000000000000000e+03 2.170105468525287407e-01 3.702776513427400995e-01 2.560309512972234747e-01 3.478607191624943362e-01 2.583067819754210348e-02 0.000000000000000000e+00
5.450000000000000000e+03 2.180105954555358050e-01 3.529813381884387979e-01 2.642239417387346467e-01 3.591260810195721631e-01 2.366863905325443732e-02 0.000000000000000000e+00
5.475000000000000000e+03 2.190106440585428693e-01 3.460400546199362548e-01 2.685480200273099860e-01 3.609467455621301890e-01 2.446517979062357712e-02 0.000000000000000000e+00
5.500000000000000000e+03 2.200106926615499336e-01 3.373918980427856318e-01 2.740100136549840637e-01 3.691397360036413056e-01 1.945835229858898507e-02 0.000000000000000000e+00
5.525000000000000000e+03 2.210107412645569980e-01 3.404642694583522866e-01 2.738962221210741732e-01 3.684569868001820736e-01 1.718252162039144229e-02 0.000000000000000000e+00
5.550000000000000000e+03 2.220107898675640623e-01 3.305644060081929791e-01 2.833409194355939742e-01 3.700500682749203185e-01 1.593081474738279601e-02 1.137915339098771066e-04
5.575000000000000000e+03 2.230108384705711266e-01 3.197542102867546587e-01 2.922166590805644337e-01 3.715293582157487284e-01 1.649977241693217911e-02 0.000000000000000000e+00
5.600000000000000000e+03 2.240108870735781910e-01 3.150887573964497035e-01 2.966545289030496080e-01 3.711879836140191125e-01 1.706873008648156567e-02 0.000000000000000000e+00
5.625000000000000000e+03 2.250109356765852553e-01 3.022303140646335762e-01 3.053026854802002865e-01 3.760810195721438487e-01 1.638598088302230249e-02 0.000000000000000000e+00
5.650000000000000000e+03 2.260109842795923196e-01 3.068957669549385314e-01 3.066681838871188059e-01 3.709604005461993870e-01 1.547564861174328607e-02 0.000000000000000000e+00
5.675000000000000000e+03 2.270110328825993840e-01 2.967683204369594985e-01 3.109922621756941452e-01 3.775603095129722586e-01 1.467910787437414627e-02 0.000000000000000000e+00
