# itime ezz other fcc hcp bcc ico
0.000000000000000000e+00 0.000000000000000000e+00 1.137915339098771066e-04 9.998862084660901095e-01 0.000000000000000000e+00 0.000000000000000000e+00 0.000000000000000000e+00
2.500000000000000000e+02 1.000069548792392737e-03 9.103322712790168532e-04 9.990896677287209870e-01 0.000000000000000000e+00 0.000000000000000000e+00 0.000000000000000000e+00
5.000000000000000000e+02 2.000139097584563430e-03 1.024123805188893906e-03 9.989758761948110966e-01 0.000000000000000000e+00 0.000000000000000000e+00 0.000000000000000000e+00
7.500000000000000000e+02 3.000208646376956168e-03 2.275830678197541916e-03 9.977241693218024121e-01 0.000000000000000000e+00 0.000000000000000000e+00 0.000000000000000000e+00
1.000000000000000000e+03 4.000278195169126860e-03 9.103322712790168532e-04 9.990896677287209870e-01 0.000000000000000000e+00 0.000000000000000000e+00 0.000000000000000000e+00
1.250000000000000000e+03 5.000347743961519598e-03 2.275830678197541916e-03 9.977241693218024121e-01 0.000000000000000000e+00 0.000000000000000000e+00 0.000000000000000000e+00
1.500000000000000000e+03 6.000417292753690290e-03 1.593081474738279385e-03 9.984069185252617551e-01 0.000000000000000000e+00 0.000000000000000000e+00 0.000000000000000000e+00
1.750000000000000000e+03 7.000486841546083028e-03 1.820664542558033706e-03 9.981793354574419741e-01 0.000000000000000000e+00 0.000000000000000000e+00 0.000000000000000000e+00
2.000000000000000000e+03 8.000556390338475765e-03 1.934456076467910759e-03 9.980655439235320836e-01 0.000000000000000000e+00 0.000000000000000000e+00 0.000000000000000000e+00
2.250000000000000000e+03 9.000625939130646458e-03 1.479289940828402332e-03 9.985207100591716456e-01 0.000000000000000000e+00 0.000000000000000000e+00 0.000000000000000000e+00
2.500000000000000000e+03 1.000069548792303920e-02 1.706873008648156654e-03 9.982931269913518646e-01 0.000000000000000000e+00 0.000000000000000000e+00 0.000000000000000000e+00
2.750000000000000000e+03 1.100076503671520989e-02 6.827492034592626399e-04 9.993172507965407680e-01 0.000000000000000000e+00 0.000000000000000000e+00 0.000000000000000000e+00
3.000000000000000000e+03 1.200083458550760263e-02 1.137915339098770958e-03 9.988620846609012061e-01 0.000000000000000000e+00 0.000000000000000000e+00 0.000000000000000000e+00
3.250000000000000000e+03 1.300090413429999536e-02 5.689576695493854790e-04 9.994310423304506585e-01 0.000000000000000000e+00 0.000000000000000000e+00 0.000000000000000000e+00
3.500000000000000000e+03 1.400097368309216606e-02 1.137915339098770958e-03 9.988620846609012061e-01 0.000000000000000000e+00 0.000000000000000000e+00 0.000000000000000000e+00
3.750000000000000000e+03 1.500104323188455879e-02 9.103322712790168532e-04 9.990896677287209870e-01 0.000000000000000000e+00 0.000000000000000000e+00 0.000000000000000000e+00
4.000000000000000000e+03 1.600111278067672949e-02 2.275830678197541916e-03 9.977241693218024121e-01 0.000000000000000000e+00 0.000000000000000000e+00 0.000000000000000000e+00
4.250000000000000000e+03 1.700118232946912222e-02 3.186162949476558769e-03 9.967000455166135087e-01 0.000000000000000000e+00 1.137915339098771066e-04 0.000000000000000000e+00
4.500000000000000000e+03 1.800125187826129292e-02 1.706873008648156654e-03 9.982931269913518646e-01 0.000000000000000000e+00 0.000000000000000000e+00 0.000000000000000000e+00
4.750000000000000000e+03 1.900132142705368565e-02 1.479289940828402332e-03 9.985207100591716456e-01 0.000000000000000000e+00 0.000000000000000000e+00 0.000000000000000000e+00
5.000000000000000000e+03 2.000139097584607839e-02 1.365498406918525280e-03 9.986345015930814251e-01 0.000000000000000000e+00 0.000000000000000000e+00 0.000000000000000000e+00
5.250000000000000000e+03 2.100146052463824908e-02 2.048247610377787811e-03 9.979517523896221931e-01 0.000000000000000000e+00 0.000000000000000000e+00 0.000000000000000000e+00
5.500000000000000000e+03 2.200153007343064182e-02 2.162039144287664864e-03 9.978379608557123026e-01 0.000000000000000000e+00 0.000000000000000000e+00 0.000000000000000000e+00
5.750000000000000000e+03 2.300159962222281251e-02 2.958579881656804664e-03 9.970414201183431802e-01 0.000000000000000000e+00 0.000000000000000000e+00 0.000000000000000000e+00
6.000000000000000000e+03 2.400166917101520525e-02 1.706873008648156654e-03 9.981793354574419741e-01 0.000000000000000000e+00 1.137915339098771066e-04 0.000000000000000000e+00
6.250000000000000000e+03 2.500173871980737594e-02 4.551661356395083832e-03 9.953345471096950448e-01 0.000000000000000000e+00 1.137915339098771066e-04 0.000000000000000000e+00
6.500000000000000000e+03 2.600180826859976868e-02 3.072371415566681717e-03 9.968138370505233992e-01 0.000000000000000000e+00 1.137915339098771066e-04 0.000000000000000000e+00
6.750000000000000000e+03 2.700187781739216142e-02 1.479289940828402332e-03 9.985207100591716456e-01 0.000000000000000000e+00 0.000000000000000000e+00 0.000000000000000000e+00
7.000000000000000000e+03 2.800194736618433211e-02 5.120619025944469528e-03 9.946517979062358128e-01 0.000000000000000000e+00 2.275830678197542133e-04 0.000000000000000000e+00
7.250000000000000000e+03 2.900201691497672485e-02 3.868912152935821518e-03 9.961310878470641672e-01 0.000000000000000000e+00 0.000000000000000000e+00 0.000000000000000000e+00
7.500000000000000000e+03 3.000208646376889554e-02 4.324078288575329727e-03 9.955621301775148257e-01 0.000000000000000000e+00 1.137915339098771066e-04 0.000000000000000000e+00
7.750000000000000000e+03 3.100215601256128828e-02 4.893035958124715423e-03 9.951069640418752638e-01 0.000000000000000000e+00 0.000000000000000000e+00 0.000000000000000000e+00
8.000000000000000000e+03 3.200222556135345897e-02 3.982703686845699004e-03 9.959035047792443862e-01 0.000000000000000000e+00 1.137915339098771066e-04 0.000000000000000000e+00
8.250000000000000000e+03 3.300229511014585171e-02 4.665452890304961318e-03 9.951069640418752638e-01 0.000000000000000000e+00 2.275830678197542133e-04 0.000000000000000000e+00
8.500000000000000000e+03 3.400236465893824445e-02 8.306781975421027864e-03 9.913518434228493215e-01 0.000000000000000000e+00 3.413746017296313199e-04 0.000000000000000000e+00
8.750000000000000000e+03 3.500243420773041514e-02 7.396449704142011444e-03 9.924897587619481154e-01 0.000000000000000000e+00 1.137915339098771066e-04 0.000000000000000000e+00
9.000000000000000000e+03 3.600250375652280788e-02 5.575785161583977738e-03 9.943104233045061413e-01 0.000000000000000000e+00 1.137915339098771066e-04 0.000000000000000000e+00
9.250000000000000000e+03 3.700257330531497857e-02 4.893035958124715423e-03 9.948793809740554828e-01 0.000000000000000000e+00 2.275830678197542133e-04 0.000000000000000000e+00
9.500000000000000000e+03 3.800264285410737131e-02 4.779244424214838804e-03 9.951069640418752638e-01 0.000000000000000000e+00 1.137915339098771066e-04 0.000000000000000000e+00
9.750000000000000000e+03 3.900271240289976404e-02 6.599908966772872511e-03 9.929449248975875664e-01 0.000000000000000000e+00 4.551661356395084266e-04 0.000000000000000000e+00
1.000000000000000000e+04 4.000278195169193474e-02 8.534365043240782836e-03 9.910104688211197610e-01 0.000000000000000000e+00 4.551661356395084266e-04 0.000000000000000000e+00
1.025000000000000000e+04 4.100285150048432747e-02 7.624032771961766417e-03 9.920345926263085534e-01 0.000000000000000000e+00 3.413746017296313199e-04 0.000000000000000000e+00
1.050000000000000000e+04 4.200292104927649817e-02 9.786071916249430847e-03 9.899863450159308575e-01 0.000000000000000000e+00 2.275830678197542133e-04 0.000000000000000000e+00
1.075000000000000000e+04 4.300299059806889090e-02 9.558488848429677609e-03 9.901001365498406370e-01 0.000000000000000000e+00 3.413746017296313199e-04 0.000000000000000000e+00
1.100000000000000000e+04 4.400306014686106160e-02 1.103777878925807886e-02 9.888484296768320636e-01 0.000000000000000000e+00 1.137915339098771066e-04 0.000000000000000000e+00
1.125000000000000000e+04 4.500312969565345433e-02 6.941283568502503235e-03 9.930587164314974569e-01 0.000000000000000000e+00 0.000000000000000000e+00 0.000000000000000000e+00
1.150000000000000000e+04 4.600319924444584707e-02 8.648156577150659455e-03 9.907828857532999800e-01 0.000000000000000000e+00 5.689576695493854790e-04 0.000000000000000000e+00
1.175000000000000000e+04 4.700326879323801776e-02 9.672280382339554228e-03 9.903277196176604180e-01 0.000000000000000000e+00 0.000000000000000000e+00 0.000000000000000000e+00
1.200000000000000000e+04 4.800333834203041050e-02 1.365498406918525323e-02 9.861174328629950248e-01 0.000000000000000000e+00 2.275830678197542133e-04 0.000000000000000000e+00
1.225000000000000000e+04 4.900340789082258119e-02 6.372325898953117539e-03 9.934000910332271284e-01 0.000000000000000000e+00 2.275830678197542133e-04 0.000000000000000000e+00
1.250000000000000000e+04 5.000347743961497393e-02 1.285844333181611343e-02 9.862312243969049153e-01 0.000000000000000000e+00 9.103322712790168532e-04 0.000000000000000000e+00
1.275000000000000000e+04 5.100354698840714462e-02 2.139280837505689453e-02 9.783796085571233592e-01 0.000000000000000000e+00 2.275830678197542133e-04 0.000000000000000000e+00
1.300000000000000000e+04 5.200361653719953736e-02 1.957214383249886169e-02 9.794037323623122626e-01 0.000000000000000000e+00 1.024123805188893906e-03 0.000000000000000000e+00
1.325000000000000000e+04 5.300368608599193010e-02 1.502048247610377786e-02 9.840691852526172179e-01 0.000000000000000000e+00 9.103322712790168532e-04 0.000000000000000000e+00
1.350000000000000000e+04 5.400375563478410079e-02 2.036868456986800149e-02 9.782658170232134687e-01 0.000000000000000000e+00 1.365498406918525280e-03 0.000000000000000000e+00
1.375000000000000000e+04 5.500382518357649353e-02 1.991351843422849502e-02 9.796313154301320436e-01 0.000000000000000000e+00 4.551661356395084266e-04 0.000000000000000000e+00
1.400000000000000000e+04 5.600389473236866422e-02 2.196176604460628110e-02 9.769003186162948937e-01 0.000000000000000000e+00 1.137915339098770958e-03 0.000000000000000000e+00
1.425000000000000000e+04 5.700396428116105696e-02 2.560309512972235024e-02 9.733727810650887324e-01 0.000000000000000000e+00 1.024123805188893906e-03 0.000000000000000000e+00
1.450000000000000000e+04 5.800403382995322765e-02 2.730996813837050646e-02 9.716659080564405970e-01 0.000000000000000000e+00 1.024123805188893906e-03 0.000000000000000000e+00
1.475000000000000000e+04 5.900410337874562039e-02 2.378243058716431393e-02 9.747382794720073074e-01 0.000000000000000000e+00 1.479289940828402332e-03 0.000000000000000000e+00
1.500000000000000000e+04 6.000417292753801313e-02 2.480655439235321044e-02 9.737141556668184039e-01 0.000000000000000000e+00 1.479289940828402332e-03 0.000000000000000000e+00
1.525000000000000000e+04 6.100424247633018382e-02 2.913063268092853930e-02 9.691624943104233392e-01 0.000000000000000000e+00 1.706873008648156654e-03 0.000000000000000000e+00
1.550000000000000000e+04 6.200431202512257656e-02 2.969959035047792587e-02 9.690487027765134487e-01 0.000000000000000000e+00 1.251706873008648227e-03 0.000000000000000000e+00
1.575000000000000000e+04 6.300438157391474725e-02 3.390987710514337811e-02 9.629039599453800280e-01 0.000000000000000000e+00 3.186162949476558769e-03 0.000000000000000000e+00
1.600000000000000000e+04 6.400445112270713999e-02 3.573054164770141095e-02 9.622212107419207960e-01 0.000000000000000000e+00 2.048247610377787811e-03 0.000000000000000000e+00
1.625000000000000000e+04 6.500452067149953272e-02 3.709604005461993731e-02 9.614246700045516736e-01 0.000000000000000000e+00 1.479289940828402332e-03 0.000000000000000000e+00
1.650000000000000000e+04 6.600459022029170342e-02 4.142011834319526964e-02 9.567592171142467183e-01 0.000000000000000000e+00 1.820664542558033706e-03 0.000000000000000000e+00
1.675000000000000000e+04 6.700465976908409615e-02 4.130632680928538608e-02 9.573281747837960598e-01 0.000000000000000000e+00 1.365498406918525280e-03 0.000000000000000000e+00
1.700000000000000000e+04 6.800472931787626685e-02 4.460628129267182190e-02 9.532316795630405570e-01 0.000000000000000000e+00 2.162039144287664864e-03 0.000000000000000000e+00
1.725000000000000000e+04 6.900479886666865958e-02 4.449248975876194528e-02 9.523213472917615441e-01 0.000000000000000000e+00 3.186162949476558769e-03 0.000000000000000000e+00
1.750000000000000000e+04 7.000486841546083028e-02 5.018206645425580398e-02 9.468593536640873554e-01 0.000000000000000000e+00 2.958579881656804664e-03 0.000000000000000000e+00
1.775000000000000000e+04 7.100493796425322302e-02 6.269913518434228061e-02 9.329767865270823801e-01 0.000000000000000000e+00 4.324078288575329727e-03 0.000000000000000000e+00
1.800000000000000000e+04 7.200500751304561575e-02 6.281292671825215723e-02 9.320664542558033672e-01 0.000000000000000000e+00 5.120619025944469528e-03 0.000000000000000000e+00
1.825000000000000000e+04 7.300507706183778645e-02 6.053709604005461792e-02 9.340009103322712836e-01 0.000000000000000000e+00 5.461993627674101119e-03 0.000000000000000000e+00
1.850000000000000000e+04 7.400514661063017918e-02 6.304050978607191047e-02 9.332043695949021611e-01 0.000000000000000000e+00 3.755120619025944465e-03 0.000000000000000000e+00
1.875000000000000000e+04 7.500521615942234988e-02 7.669549385525717411e-02 9.180700955848885014e-01 0.000000000000000000e+00 5.234410559854347014e-03 0.000000000000000000e+00
1.900000000000000000e+04 7.600528570821474261e-02 7.919890760127445972e-02 9.152253072371415721e-01 0.000000000000000000e+00 5.575785161583977738e-03 0.000000000000000000e+00
1.925000000000000000e+04 7.700535525700691331e-02 8.409194355939918208e-02 9.090805644060081514e-01 0.000000000000000000e+00 6.827492034592626616e-03 0.000000000000000000e+00
1.950000000000000000e+04 7.800542480579930604e-02 8.079198907601274626e-02 9.130632680928538747e-01 0.000000000000000000e+00 6.144742831133363434e-03 0.000000000000000000e+00
1.975000000000000000e+04 7.900549435459169878e-02 9.148839326354119006e-02 9.007737824305871444e-01 0.000000000000000000e+00 7.737824305871643035e-03 0.000000000000000000e+00
2.000000000000000000e+04 8.000556390338386947e-02 9.547109695038688559e-02 8.962221210741920796e-01 0.000000000000000000e+00 8.306781975421027864e-03 0.000000000000000000e+00
2.025000000000000000e+04 8.100563345217626221e-02 9.194355939918069653e-02 8.990669094219390090e-01 0.000000000000000000e+00 8.989531178880291046e-03 0.000000000000000000e+00
2.050000000000000000e+04 8.200570300096843290e-02 1.159535730541647741e-01 8.685707783340919086e-01 0.000000000000000000e+00 1.547564861174328607e-02 0.000000000000000000e+00
2.075000000000000000e+04 8.300577254976082564e-02 1.404187528447883582e-01 8.390987710514338227e-01 0.000000000000000000e+00 2.048247610377787811e-02 0.000000000000000000e+00
2.100000000000000000e+04 8.400584209855321838e-02 1.462221210741920796e-01 8.298816568047336917e-01 0.000000000000000000e+00 2.389622212107419055e-02 0.000000000000000000e+00
2.125000000000000000e+04 8.500591164734538907e-02 1.473600364132908458e-01 8.310195721438324856e-01 0.000000000000000000e+00 2.162039144287665124e-02 0.000000000000000000e+00
2.150000000000000000e+04 8.600598119613778181e-02 1.753527537551206328e-01 7.865270823850705195e-01 0.000000000000000000e+00 3.812016385980882688e-02 0.000000000000000000e+00
2.175000000000000000e+04 8.700605074492995250e-02 1.898042785616750050e-01 7.663859808830223441e-01 0.000000000000000000e+00 4.380974055530268557e-02 0.000000000000000000e+00
2.200000000000000000e+04 8.800612029372234524e-02 2.216659080564405970e-01 6.896904870277651423e-01 5.689576695493854790e-04 8.807464724624487762e-02 0.000000000000000000e+00
2.225000000000000000e+04 8.900618984251451593e-02 2.588757396449704040e-01 5.803368229403732537e-01 6.030951297223486815e-03 1.547564861174328676e-01 0.000000000000000000e+00
2.250000000000000000e+04 9.000625939130690867e-02 2.834547109695038647e-01 4.758761948111060458e-01 2.639963586709149004e-02 2.142694583522985752e-01 0.000000000000000000e+00
2.275000000000000000e+04 9.100632894009930141e-02 2.832271279016841392e-01 4.376422394173873354e-01 6.326809285389166371e-02 2.158625398270368756e-01 0.000000000000000000e+00
2.300000000000000000e+04 9.200639848889147210e-02 2.745789713245334607e-01 4.287664997724169313e-01 1.205052344105598527e-01 1.761492944924897552e-01 0.000000000000000000e+00
2.325000000000000000e+04 9.300646803768386484e-02 2.771961766044606090e-01 4.317250796540737512e-01 1.449704142011834229e-01 1.461083295402822169e-01 0.000000000000000000e+00
2.350000000000000000e+04 9.400653758647603553e-02 2.468138370505234547e-01 4.600591715976331542e-01 1.817250796540737234e-01 1.114019116977696816e-01 0.000000000000000000e+00
2.375000000000000000e+04 9.500660713526842827e-02 2.094902139280837572e-01 5.059171597633136397e-01 2.090350477924442507e-01 7.555757851615839404e-02 0.000000000000000000e+00
2.400000000000000000e+04 9.600667668406059896e-02 1.898042785616750050e-01 5.334547109695039202e-01 2.232589895311788697e-01 5.348202093764223980e-02 0.000000000000000000e+00
2.425000000000000000e+04 9.700674623285299170e-02 1.647701411015020379e-01 5.426718252162039402e-01 2.300864815657714946e-01 6.247155211652252738e-02 0.000000000000000000e+00
2.450000000000000000e+04 9.800681578164538443e-02 1.689804278561675144e-01 5.164997724169322346e-01 2.472690031861629611e-01 6.725079654073737312e-02 0.000000000000000000e+00
2.475000000000000000e+04 9.900688533043755513e-02 1.710286754665452935e-01 4.948793809740555383e-01 2.661583978152025631e-01 6.793354574419663283e-02 0.000000000000000000e+00
2.500000000000000000e+04 1.000069548792299479e-01 1.787664997724169313e-01 4.805416477014110010e-01 2.740100136549840637e-01 6.668183887118799003e-02 0.000000000000000000e+00
2.525000000000000000e+04 1.010070244280221186e-01 1.693218024578971304e-01 4.858898497951752438e-01 2.765134274010013771e-01 6.827492034592626269e-02 0.000000000000000000e+00
2.550000000000000000e+04 1.020070939768145113e-01 1.746700045516613453e-01 4.805416477014110010e-01 2.749203459262630767e-01 6.986800182066454923e-02 0.000000000000000000e+00
2.575000000000000000e+04 1.030071635256066820e-01 1.709148839326354030e-01 4.701866181156121871e-01 2.914201183431952558e-01 6.747837960855712636e-02 0.000000000000000000e+00
2.600000000000000000e+04 1.040072330743990747e-01 1.847974510696404060e-01 4.432180245789713036e-01 2.907373691397360238e-01 8.124715521165225274e-02 0.000000000000000000e+00
2.625000000000000000e+04 1.050073026231914675e-01 1.862767410104688159e-01 4.231907146108329631e-01 2.974510696404187304e-01 9.308147473827947660e-02 0.000000000000000000e+00
2.650000000000000000e+04 1.060073721719836382e-01 1.771734182976786587e-01 4.027082385070550608e-01 3.162266727355484974e-01 1.038916704597177970e-01 0.000000000000000000e+00
2.675000000000000000e+04 1.070074417207760309e-01 1.824078288575330109e-01 3.880291306326809075e-01 3.445607646791079004e-01 8.500227583067819503e-02 0.000000000000000000e+00
2.700000000000000000e+04 1.080075112695682016e-01 1.639736003641329154e-01 3.780154756486117651e-01 3.780154756486117651e-01 7.999544833864360993e-02 0.000000000000000000e+00
2.725000000000000000e+04 1.090075808183605943e-01 1.595357305416477134e-01 3.776741010468820936e-01 3.781292671825216001e-01 8.466090122894856518e-02 0.000000000000000000e+00
2.750000000000000000e+04 1.100076503671529871e-01 1.621529358215748617e-01 3.709604005461993870e-01 3.713017751479290030e-01 9.558488848429676221e-02 0.000000000000000000e+00
2.775000000000000000e+04 1.110077199159451578e-01 1.672735548475193512e-01 3.676604460628129512e-01 3.771051433773327521e-01 8.796085571233500100e-02 0.000000000000000000e+00
2.800000000000000000e+04 1.120077894647375505e-01 1.626081019572143960e-01 3.768775603095129711e-01 3.757396449704141772e-01 8.477469276285844180e-02 0.000000000000000000e+00
2.825000000000000000e+04 1.130078590135297212e-01 1.689804278561675144e-01 3.693673190714610866e-01 3.800637232589895165e-01 8.158852981338188259e-02 0.000000000000000000e+00
2.850000000000000000e+04 1.140079285623221139e-01 1.561219845243513871e-01 3.849567592171142527e-01 3.950842057350932857e-01 6.383705052344106068e-02 0.000000000000000000e+00
2.875000000000000000e+04 1.150079981111142846e-01 1.455393718707328199e-01 3.947428311333636697e-01 4.037323623122439642e-01 5.598543468365953235e-02 0.000000000000000000e+00
2.900000000000000000e+04 1.160080676599066773e-01 1.688666363222576239e-01 3.741465634956759323e-01 3.906463359126081114e-01 6.634046426945834629e-02 0.000000000000000000e+00
2.925000000000000000e+04 1.170081372086990701e-01 1.589667728720983164e-01 3.810878470641784199e-01 3.918980427856167403e-01 6.804733727810650945e-02 0.000000000000000000e+00
2.950000000000000000e+04 1.180082067574912408e-01 1.725079654073737034e-01 3.602639963586709015e-01 3.865498406918525531e-01 8.067819754210286964e-02 0.000000000000000000e+00
2.975000000000000000e+04 1.190082763062836335e-01 1.711424670004551563e-01 3.625398270368684339e-01 3.903049613108784954e-01 7.601274465179790052e-02 0.000000000000000000e+00
3.000000000000000000e+04 1.200083458550758042e-01 1.850250341374601593e-01 3.565088757396449592e-01 3.767637687756030807e-01 8.170232134729175921e-02 0.000000000000000000e+00
3.025000000000000000e+04 1.210084154038681969e-01 1.917387346381429214e-01 3.543468365953573174e-01 3.691397360036413056e-01 8.477469276285844180e-02 0.000000000000000000e+00
3.050000000000000000e+04 1.220084849526603676e-01 1.960628129267182607e-01 3.411470186618115741e-01 3.728948566226672479e-01 8.989531178880291740e-02 0.000000000000000000e+00
3.075000000000000000e+04 1.230085545014527604e-01 1.916249431042330587e-01 3.429676832043696000e-01 3.604915794264906825e-01 1.049157942649066866e-01 0.000000000000000000e+00
3.100000000000000000e+04 1.240086240502451531e-01 2.009558488848429691e-01 3.335229858898497990e-01 3.579881656804733692e-01 1.075329995448338627e-01 0.000000000000000000e+00
3.125000000000000000e+04 1.250086935990373238e-01 2.156349567592171224e-01 3.138370505234410746e-01 3.429676832043696000e-01 1.275603095129722309e-01 0.000000000000000000e+00
3.150000000000000000e+04 1.260087631478297165e-01 2.220072826581702408e-01 3.030268548020027541e-01 3.362539827036868378e-01 1.387118798361401950e-01 0.000000000000000000e+00
3.175000000000000000e+04 1.270088326966218872e-01 2.465862539827036737e-01 2.702548930359581214e-01 3.303368229403732537e-01 1.528220300409649512e-01 0.000000000000000000e+00
3.200000000000000000e+04 1.280089022454142800e-01 2.646791078743741532e-01 2.287209831588529751e-01 3.144060081929904160e-01 1.921939007737824279e-01 0.000000000000000000e+00
3.225000000000000000e+04 1.290089717942064507e-01 2.935821574874829532e-01 2.006144742831133254e-01 2.917614929449248717e-01 2.140418752844788219e-01 0.000000000000000000e+00
3.250000000000000000e+04 1.300090413429988434e-01 2.972234865725990050e-01 2.154073736913973691e-01 2.697997269003186149e-01 2.175694128356850388e-01 0.000000000000000000e+00
3.275000000000000000e+04 1.310091108917912361e-01 2.946062812926718011e-01 2.198452435138825711e-01 2.659308147473827821e-01 2.196176604460628179e-01 0.000000000000000000e+00
3.300000000000000000e+04 1.320091804405834068e-01 2.972234865725990050e-01 2.333864360491579304e-01 2.501137915339098905e-01 2.192762858443331742e-01 0.000000000000000000e+00
3.325000000000000000e+04 1.330092499893757996e-01 2.958579881656804855e-01 2.379380974055530229e-01 2.693445607646791085e-01 1.968593536640873831e-01 0.000000000000000000e+00
3.350000000000000000e+04 1.340093195381679703e-01 2.890304961310878329e-01 2.395311788802912956e-01 2.738962221210741732e-01 1.975421028675466428e-01 0.000000000000000000e+00
3.375000000000000000e+04 1.350093890869603630e-01 2.987027765134274149e-01 2.311106053709603980e-01 2.791306326809285254e-01 1.910559854346836617e-01 0.000000000000000000e+00
3.400000000000000000e+04 1.360094586357527557e-01 3.001820664542558248e-01 2.250796540737369233e-01 2.932407828857532817e-01 1.814974965862539702e-01 0.000000000000000000e+00
3.425000000000000000e+04 1.370095281845449264e-01 2.965407373691397175e-01 2.073281747837960876e-01 2.971096950386891145e-01 1.990213928083750528e-01 0.000000000000000000e+00
3.450000000000000000e+04 1.380095977333373192e-01 3.006372325898953313e-01 2.127901684114701930e-01 3.067819754210286964e-01 1.797906235776058348e-01 0.000000000000000000e+00
3.475000000000000000e+04 1.390096672821294899e-01 3.119025944469731582e-01 2.040282203004096517e-01 3.008648156577150568e-01 1.832043695949021334e-01 0.000000000000000000e+00
3.500000000000000000e+04 1.400097368309218826e-01 2.985889849795175244e-01 2.030040964952207483e-01 2.998406918525261533e-01 1.985662266727355463e-01 0.000000000000000000e+00
3.525000000000000000e+04 1.410098063797140533e-01 2.941511151570322946e-01 1.975421028675466428e-01 3.009786071916249472e-01 2.073281747837960876e-01 0.000000000000000000e+00
3.550000000000000000e+04 1.420098759285064460e-01 2.948338643604915821e-01 1.942421483841602070e-01 2.967683204369594985e-01 2.141556668183887124e-01 0.000000000000000000e+00
3.575000000000000000e+04 1.430099454772988388e-01 3.071233500227583124e-01 1.793354574419663283e-01 2.998406918525261533e-01 2.137005006827492060e-01 0.000000000000000000e+00
3.600000000000000000e+04 1.440100150260910095e-01 3.095129722348657353e-01 1.653390987710514348e-01 3.048475193445607800e-01 2.203004096495220776e-01 0.000000000000000000e+00
3.625000000000000000e+04 1.450100845748834022e-01 3.045061447428311086e-01 1.703459262630860338e-01 3.361401911697769473e-01 1.890077378243058825e-01 0.000000000000000000e+00
3.650000000000000000e+04 1.460101541236755729e-01 3.079198907601274349e-01 1.636322257624032717e-01 3.648156577150660218e-01 1.636322257624032717e-01 0.000000000000000000e+00
3.675000000000000000e+04 1.470102236724679656e-01 3.146335912608101970e-01 1.462221210741920796e-01 3.587847064178424916e-01 1.803595812471552040e-01 0.000000000000000000e+00
3.700000000000000000e+04 1.480102932212601363e-01 3.087164314974966128e-01 1.461083295402822169e-01 3.806326809285389134e-01 1.645425580336822846e-01 0.000000000000000000e+00
3.725000000000000000e+04 1.490103627700525291e-01 3.035958124715520956e-01 1.503186162949476656e-01 3.821119708693673234e-01 1.639736003641329154e-01 0.000000000000000000e+00
3.750000000000000000e+04 1.500104323188449218e-01 2.989303595812471404e-01 1.474738279472007363e-01 3.901911697769686049e-01 1.634046426945835184e-01 0.000000000000000000e+00
3.775000000000000000e+04 1.510105018676370925e-01 2.952890304961310886e-01 1.566909421939007840e-01 4.031634046426945672e-01 1.448566226672735602e-01 0.000000000000000000e+00
3.800000000000000000e+04 1.520105714164294852e-01 2.872098315885298070e-01 1.652253072371415443e-01 4.246700045516613731e-01 1.228948566226672756e-01 0.000000000000000000e+00
3.825000000000000000e+04 1.530106409652216559e-01 2.866408739189804100e-01 1.660218479745106945e-01 4.426490669094219621e-01 1.046882111970869333e-01 0.000000000000000000e+00
3.850000000000000000e+04 1.540107105140140487e-01 2.699135184342285054e-01 1.767182521620391522e-01 4.565316340464269373e-01 9.683659535730541890e-02 0.000000000000000000e+00
3.875000000000000000e+04 1.550107800628064414e-01 2.716203914428766408e-01 1.698907601274465273e-01 4.555075102412380339e-01 1.029813381884387841e-01 0.000000000000000000e+00
3.900000000000000000e+04 1.560108496115986121e-01 2.713928083750569153e-01 1.743286299499317293e-01 4.627901684114701930e-01 9.148839326354119006e-02 0.000000000000000000e+00
3.925000000000000000e+04 1.570109191603910048e-01 2.712790168411470249e-01 1.750113791533909890e-01 4.673418297678652578e-01 8.636777423759672834e-02 0.000000000000000000e+00
3.950000000000000000e+04 1.580109887091831755e-01 2.687756030951297115e-01 1.797906235776058348e-01 4.749658625398270329e-01 7.646791078743742087e-02 0.000000000000000000e+00
3.975000000000000000e+04 1.590110582579755683e-01 2.605826126536185949e-01 1.925352753755120716e-01 4.804278561675011106e-01 6.645425580336822291e-02 0.000000000000000000e+00
4.000000000000000000e+04 1.600111278067677389e-01 2.495448338643604935e-01 1.917387346381429214e-01 4.823623122439690269e-01 7.635411925352754425e-02 0.000000000000000000e+00
4.025000000000000000e+04 1.610111973555601317e-01 2.608101957214383204e-01 1.927628584433318248e-01 4.837278106508875464e-01 6.269913518434228061e-02 0.000000000000000000e+00
4.050000000000000000e+04 1.620112669043525244e-01 2.659308147473827821e-01 1.902594446973145115e-01 4.854346836595357373e-01 5.837505689576695522e-02 0.000000000000000000e+00
4.075000000000000000e+04 1.630113364531446951e-01 2.583067819754210070e-01 1.911697769685935244e-01 4.866863905325443662e-01 6.383705052344106068e-02 0.000000000000000000e+00
4.100000000000000000e+04 1.640114060019370879e-01 2.616067364588074429e-01 1.917387346381429214e-01 4.890760127446517891e-01 5.757851615839781195e-02 0.000000000000000000e+00
4.125000000000000000e+04 1.650114755507292585e-01 2.636549840691852498e-01 1.866181156121984597e-01 4.861174328629949692e-01 6.360946745562130744e-02 0.000000000000000000e+00
4.150000000000000000e+04 1.660115450995216513e-01 2.601274465179790885e-01 1.911697769685935244e-01 4.885070550751023921e-01 6.019572143832498806e-02 0.000000000000000000e+00
4.175000000000000000e+04 1.670116146483138220e-01 2.568274920345926526e-01 1.943559399180700975e-01 4.919208010923987184e-01 5.689576695493855224e-02 0.000000000000000000e+00
4.200000000000000000e+04 1.680116841971062147e-01 2.634274010013655243e-01 1.894629039599453890e-01 4.970414201183431802e-01 5.006827492034592736e-02 0.000000000000000000e+00
4.225000000000000000e+04 1.690117537458986074e-01 2.584205735093308975e-01 1.903732362312244020e-01 5.039827036868457233e-01 4.722348657259899801e-02 0.000000000000000000e+00
4.250000000000000000e+04 1.700118232946907781e-01 2.594446973145198010e-01 1.812699135184342170e-01 5.092171142467000200e-01 5.006827492034592736e-02 0.000000000000000000e+00
4.275000000000000000e+04 1.710118928434831709e-01 2.587619481110605135e-01 1.786527082385070686e-01 5.035275375512061613e-01 5.905780609922621494e-02 0.000000000000000000e+00
4.300000000000000000e+04 1.720119623922753416e-01 2.601274465179790885e-01 1.753527537551206328e-01 5.143377332726445372e-01 5.018206645425580398e-02 0.000000000000000000e+00
4.325000000000000000e+04 1.730120319410677343e-01 2.440828402366863881e-01 1.718252162039144160e-01 5.309512972234865513e-01 5.314064633591260994e-02 0.000000000000000000e+00
4.350000000000000000e+04 1.740121014898599050e-01 2.536413290851160518e-01 1.708010923987255403e-01 5.292444242148384159e-01 4.631315430131998506e-02 0.000000000000000000e+00
4.375000000000000000e+04 1.750121710386522977e-01 2.437414656349567721e-01 1.810423304506144637e-01 5.218479745106964218e-01 5.336822940373236318e-02 0.000000000000000000e+00
4.400000000000000000e+04 1.760122405874446905e-01 2.426035502958579781e-01 1.968593536640873831e-01 5.188893946290396020e-01 4.164770141101502288e-02 0.000000000000000000e+00
4.425000000000000000e+04 1.770123101362368612e-01 2.421483841602184717e-01 1.973145197997268896e-01 5.233272644515247762e-01 3.720983158852981393e-02 0.000000000000000000e+00
4.450000000000000000e+04 1.780123796850292539e-01 2.454483386436049075e-01 1.975421028675466428e-01 5.213928083750568598e-01 3.561675011379153433e-02 0.000000000000000000e+00
4.475000000000000000e+04 1.790124492338214246e-01 2.434000910332271284e-01 1.976558944014565333e-01 5.229858898497952158e-01 3.595812471552116418e-02 0.000000000000000000e+00
4.500000000000000000e+04 1.800125187826138173e-01 2.399863450159308020e-01 2.010696404187528319e-01 5.257168866636322546e-01 3.322712790168411146e-02 0.000000000000000000e+00
4.525000000000000000e+04 1.810125883314062101e-01 2.377105143377332697e-01 2.060764679107874309e-01 5.259444697314519246e-01 3.026854802002730896e-02 0.000000000000000000e+00
4.550000000000000000e+04 1.820126578801983808e-01 2.393035958124715423e-01 2.033454710969503920e-01 5.234410559854346667e-01 3.390987710514337811e-02 0.000000000000000000e+00
4.575000000000000000e+04 1.830127274289907735e-01 2.447655894401456478e-01 1.991351843422849432e-01 5.225307237141556538e-01 3.356850250341374825e-02 0.000000000000000000e+00
4.600000000000000000e+04 1.840127969777829442e-01 2.465862539827036737e-01 2.012972234865725851e-01 5.191169776968593830e-01 3.299954483386435822e-02 0.000000000000000000e+00
4.625000000000000000e+04 1.850128665265753369e-01 2.427173418297678686e-01 2.043695949021392677e-01 5.192307692307692735e-01 3.368229403732362487e-02 0.000000000000000000e+00
4.650000000000000000e+04 1.860129360753675076e-01 2.449931725079654010e-01 2.000455166135639562e-01 5.194583522985889434e-01 3.550295857988165771e-02 0.000000000000000000e+00
4.675000000000000000e+04 1.870130056241599004e-01 2.394173873463814328e-01 2.049385525716886647e-01 5.244651797906235702e-01 3.117888029130632538e-02 0.000000000000000000e+00
4.700000000000000000e+04 1.880130751729522931e-01 2.431725079654073751e-01 2.011834319526627224e-01 5.225307237141556538e-01 3.311333636777423484e-02 0.000000000000000000e+00
4.725000000000000000e+04 1.890131447217444638e-01 2.335002275830678209e-01 2.149522075557578626e-01 5.179790623577605890e-01 3.356850250341374825e-02 0.000000000000000000e+00
4.750000000000000000e+04 1.900132142705368565e-01 2.262175694128356895e-01 2.158625398270368756e-01 5.258306781975421451e-01 3.208921256258534527e-02 0.000000000000000000e+00
4.775000000000000000e+04 1.910132838193290272e-01 2.119936276741010428e-01 2.233727810650887602e-01 5.377787892580792040e-01 2.685480200273099652e-02 0.000000000000000000e+00
4.800000000000000000e+04 1.920133533681214200e-01 2.139280837505689592e-01 2.250796540737369233e-01 5.366408739189804100e-01 2.435138825671370050e-02 0.000000000000000000e+00
4.825000000000000000e+04 1.930134229169135907e-01 2.108557123350022766e-01 2.261037778789257990e-01 5.392580791989075584e-01 2.378243058716431393e-02 0.000000000000000000e+00
4.850000000000000000e+04 1.940134924657059834e-01 2.131315430131998090e-01 2.312243969048702885e-01 5.368684569868001910e-01 1.877560309512972189e-02 0.000000000000000000e+00
4.875000000000000000e+04 1.950135620144983761e-01 2.198452435138825711e-01 2.286071916249431124e-01 5.287892580791988539e-01 2.275830678197542090e-02 0.000000000000000000e+00
4.900000000000000000e+04 1.960136315632905468e-01 2.168866636322257513e-01 2.302002730996813851e-01 5.314064633591261133e-01 2.150659990896677115e-02 0.000000000000000000e+00
4.925000000000000000e+04 1.970137011120829396e-01 2.154073736913973691e-01 2.314519799726900418e-01 5.310650887573964418e-01 2.207555757851615771e-02 0.000000000000000000e+00
4.950000000000000000e+04 1.980137706608751103e-01 2.172280382339553950e-01 2.294037323623122349e-01 5.342512517068730427e-01 1.911697769685935522e-02 0.000000000000000000e+00
4.975000000000000000e+04 1.990138402096675030e-01 2.167728720983158885e-01 2.289485662266727284e-01 5.334547109695039202e-01 2.082385070550751144e-02 0.000000000000000000e+00
5.000000000000000000e+04 2.000139097584596737e-01 2.139280837505689592e-01 2.275830678197542090e-01 5.357305416477013971e-01 2.275830678197542090e-02 0.000000000000000000e+00
5.025000000000000000e+04 2.010139793072520664e-01 2.218934911242603503e-01 2.281520254893036059e-01 5.295857988165680874e-01 2.036868456986800149e-02 0.000000000000000000e+00
5.050000000000000000e+04 2.020140488560444592e-01 2.155211652253072319e-01 2.314519799726900418e-01 5.324305871643150168e-01 2.059626763768775473e-02 0.000000000000000000e+00
5.075000000000000000e+04 2.030141184048366298e-01 2.165452890304961353e-01 2.315657715065999045e-01 5.296995903504779779e-01 2.218934911242603433e-02 0.000000000000000000e+00
5.100000000000000000e+04 2.040141879536290226e-01 2.162039144287664916e-01 2.307692307692307820e-01 5.336822940373235902e-01 1.934456076467910846e-02 0.000000000000000000e+00
5.125000000000000000e+04 2.050142575024211933e-01 2.225762403277196100e-01 2.296313154301319881e-01 5.287892580791988539e-01 1.900318616294947513e-02 0.000000000000000000e+00
5.150000000000000000e+04 2.060143270512135860e-01 2.242831133363677731e-01 2.297451069640418786e-01 5.257168866636322546e-01 2.025489303595812488e-02 0.000000000000000000e+00
5.175000000000000000e+04 2.070143966000059788e-01 2.210969503868912278e-01 2.304278561675011383e-01 5.282203004096495125e-01 2.025489303595812488e-02 0.000000000000000000e+00
5.200000000000000000e+04 2.080144661487981494e-01 2.198452435138825711e-01 2.319071461083295482e-01 5.307237141556667703e-01 1.752389622212107562e-02 0.000000000000000000e+00
5.225000000000000000e+04 2.090145356975905422e-01 2.234865725989986229e-01 2.324761037778789174e-01 5.278789258079198410e-01 1.615839781520254925e-02 0.000000000000000000e+00
5.250000000000000000e+04 2.100146052463827129e-01 2.266727355484751960e-01 2.311106053709603980e-01 5.236686390532544477e-01 1.854802002730996865e-02 0.000000000000000000e+00
5.275000000000000000e+04 2.110146747951751056e-01 2.251934456076467861e-01 2.278106508875739622e-01 5.261720527992717056e-01 2.082385070550751144e-02 0.000000000000000000e+00
5.300000000000000000e+04 2.120147443439672763e-01 2.302002730996813851e-01 2.304278561675011383e-01 5.200273099681383959e-01 1.934456076467910846e-02 0.000000000000000000e+00
5.325000000000000000e+04 2.130148138927596690e-01 2.302002730996813851e-01 2.292899408284023721e-01 5.233272644515247762e-01 1.718252162039144229e-02 0.000000000000000000e+00
5.350000000000000000e+04 2.140148834415520618e-01 2.276968593536640995e-01 2.294037323623122349e-01 5.249203459262631322e-01 1.797906235776058209e-02 0.000000000000000000e+00
5.375000000000000000e+04 2.150149529903442325e-01 2.322485207100591642e-01 2.299726900318616318e-01 5.221893491124259823e-01 1.558944014565316269e-02 0.000000000000000000e+00
5.400000000000000000e+04 2.160150225391366252e-01 2.323623122439690547e-01 2.324761037778789174e-01 5.191169776968593830e-01 1.604460628129267263e-02 0.000000000000000000e+00
5.425000000000000000e+04 2.170150920879287959e-01 2.279244424214838527e-01 2.281520254893036059e-01 5.227583067819754348e-01 2.116522530723714129e-02 0.000000000000000000e+00
5.450000000000000000e+04 2.180151616367211886e-01 2.410104688211197055e-01 2.296313154301319881e-01 5.149066909421938787e-01 1.445152480655439303e-02 0.000000000000000000e+00
5.475000000000000000e+04 2.190152311855133593e-01 2.389622212107419263e-01 2.391898042785616796e-01 5.063723258989530907e-01 1.547564861174328607e-02 0.000000000000000000e+00
5.500000000000000000e+04 2.200153007343057521e-01 2.209831588529813373e-01 2.685480200273099860e-01 4.962448793809740577e-01 1.422394173873463806e-02 0.000000000000000000e+00
5.525000000000000000e+04 2.210153702830981448e-01 2.182521620391442985e-01 2.753755120619025831e-01 4.939690487027765253e-01 1.240327719617660522e-02 0.000000000000000000e+00
5.550000000000000000e+04 2.220154398318903155e-01 2.148384160218479721e-01 2.814064633591260578e-01 4.908966772872098150e-01 1.285844333181611343e-02 0.000000000000000000e+00
5.575000000000000000e+04 2.230155093806827082e-01 2.055075102412380617e-01 2.837960855712334807e-01 4.959035047792444417e-01 1.479289940828402289e-02 0.000000000000000000e+00
5.600000000000000000e+04 2.240155789294748789e-01 2.042558033682294050e-01 2.811788802913063323e-01 4.973827947200728516e-01 1.718252162039144229e-02 0.000000000000000000e+00
5.625000000000000000e+04 2.250156484782672717e-01 2.122212107419207960e-01 2.818616294947655643e-01 4.893035958124715701e-01 1.661356395084205573e-02 0.000000000000000000e+00
5.650000000000000000e+04 2.260157180270596644e-01 1.945835229858898507e-01 2.885753299954483264e-01 5.045516613563950648e-01 1.228948566226672687e-02 0.000000000000000000e+00
5.675000000000000000e+04 2.270157875758518351e-01 1.956076467910787542e-01 2.866408739189804100e-01 5.036413290851160518e-01 1.411015020482476144e-02 0.000000000000000000e+00
