# itime ezz other fcc hcp bcc ico
0.000000000000000000e+00 0.000000000000000000e+00 2.275830678197542133e-04 9.997724169321802190e-01 0.000000000000000000e+00 0.000000000000000000e+00 0.000000000000000000e+00
2.500000000000000000e+02 9.999867673546880553e-04 2.389622212107419402e-03 9.976103777878926326e-01 0.000000000000000000e+00 0.000000000000000000e+00 0.000000000000000000e+00
5.000000000000000000e+02 1.999973534709376111e-03 3.413746017296313199e-04 9.996586253982703285e-01 0.000000000000000000e+00 0.000000000000000000e+00 0.000000000000000000e+00
7.500000000000000000e+02 2.999960302064064166e-03 9.103322712790168532e-04 9.990896677287209870e-01 0.000000000000000000e+00 0.000000000000000000e+00 0.000000000000000000e+00
1.000000000000000000e+03 3.999947069418752221e-03 4.551661356395084266e-04 9.995448338643604380e-01 0.000000000000000000e+00 0.000000000000000000e+00 0.000000000000000000e+00
1.250000000000000000e+03 4.999933836773218232e-03 3.413746017296313199e-04 9.996586253982703285e-01 0.000000000000000000e+00 0.000000000000000000e+00 0.000000000000000000e+00
1.500000000000000000e+03 5.999920604127906287e-03 1.251706873008648227e-03 9.987482931269913156e-01 0.000000000000000000e+00 0.000000000000000000e+00 0.000000000000000000e+00
1.750000000000000000e+03 6.999907371482594343e-03 7.965407373691396923e-04 9.992034592626308775e-01 0.000000000000000000e+00 0.000000000000000000e+00 0.000000000000000000e+00
2.000000000000000000e+03 7.999894138837282398e-03 7.965407373691396923e-04 9.992034592626308775e-01 0.000000000000000000e+00 0.000000000000000000e+00 0.000000000000000000e+00
2.250000000000000000e+03 8.999880906191970453e-03 1.934456076467910759e-03 9.980655439235320836e-01 0.000000000000000000e+00 0.000000000000000000e+00 0.000000000000000000e+00
2.500000000000000000e+03 9.999867673546658509e-03 7.965407373691396923e-04 9.992034592626308775e-01 0.000000000000000000e+00 0.000000000000000000e+00 0.000000000000000000e+00
2.750000000000000000e+03 1.099985444090134656e-02 2.275830678197541916e-03 9.977241693218024121e-01 0.000000000000000000e+00 0.000000000000000000e+00 0.000000000000000000e+00
3.000000000000000000e+03 1.199984120825603462e-02 3.413746017296313199e-04 9.996586253982703285e-01 0.000000000000000000e+00 0.000000000000000000e+00 0.000000000000000000e+00
3.250000000000000000e+03 1.299982797561072267e-02 7.965407373691396923e-04 9.992034592626308775e-01 0.000000000000000000e+00 0.000000000000000000e+00 0.000000000000000000e+00
3.500000000000000000e+03 1.399981474296518869e-02 2.503413746017296455e-03 9.974965862539827421e-01 0.000000000000000000e+00 0.000000000000000000e+00 0.000000000000000000e+00
3.750000000000000000e+03 1.499980151031987674e-02 2.048247610377787811e-03 9.978379608557123026e-01 0.000000000000000000e+00 1.137915339098771066e-04 0.000000000000000000e+00
4.000000000000000000e+03 1.599978827767456480e-02 4.551661356395084266e-04 9.995448338643604380e-01 0.000000000000000000e+00 0.000000000000000000e+00 0.000000000000000000e+00
4.250000000000000000e+03 1.699977504502925285e-02 1.137915339098770958e-03 9.988620846609012061e-01 0.000000000000000000e+00 0.000000000000000000e+00 0.000000000000000000e+00
4.500000000000000000e+03 1.799976181238394091e-02 4.551661356395084266e-04 9.995448338643604380e-01 0.000000000000000000e+00 0.000000000000000000e+00 0.000000000000000000e+00
4.750000000000000000e+03 1.899974857973862896e-02 1.593081474738279385e-03 9.984069185252617551e-01 0.000000000000000000e+00 0.000000000000000000e+00 0.000000000000000000e+00
5.000000000000000000e+03 1.999973534709331702e-02 7.965407373691396923e-04 9.992034592626308775e-01 0.000000000000000000e+00 0.000000000000000000e+00 0.000000000000000000e+00
5.250000000000000000e+03 2.099972211444800507e-02 3.299954483386436255e-03 9.967000455166135087e-01 0.000000000000000000e+00 0.000000000000000000e+00 0.000000000000000000e+00
5.500000000000000000e+03 2.199970888180269313e-02 1.024123805188893906e-03 9.989758761948110966e-01 0.000000000000000000e+00 0.000000000000000000e+00 0.000000000000000000e+00
5.750000000000000000e+03 2.299969564915715914e-02 2.503413746017296455e-03 9.974965862539827421e-01 0.000000000000000000e+00 0.000000000000000000e+00 0.000000000000000000e+00
6.000000000000000000e+03 2.399968241651184719e-02 2.389622212107419402e-03 9.976103777878926326e-01 0.000000000000000000e+00 0.000000000000000000e+00 0.000000000000000000e+00
6.250000000000000000e+03 2.499966918386653525e-02 2.275830678197541916e-03 9.977241693218024121e-01 0.000000000000000000e+00 0.000000000000000000e+00 0.000000000000000000e+00
6.500000000000000000e+03 2.599965595122122330e-02 2.617205279927173507e-03 9.973827947200728516e-01 0.000000000000000000e+00 0.000000000000000000e+00 0.000000000000000000e+00
6.750000000000000000e+03 2.699964271857591136e-02 3.186162949476558769e-03 9.968138370505233992e-01 0.000000000000000000e+00 0.000000000000000000e+00 0.000000000000000000e+00
7.000000000000000000e+03 2.799962948593059942e-02 2.162039144287664864e-03 9.978379608557123026e-01 0.000000000000000000e+00 0.000000000000000000e+00 0.000000000000000000e+00
7.250000000000000000e+03 2.899961625328528747e-02 1.365498406918525280e-03 9.986345015930814251e-01 0.000000000000000000e+00 0.000000000000000000e+00 0.000000000000000000e+00
7.500000000000000000e+03 2.999960302063997553e-02 2.617205279927173507e-03 9.973827947200728516e-01 0.000000000000000000e+00 0.000000000000000000e+00 0.000000000000000000e+00
7.750000000000000000e+03 3.099958978799466358e-02 2.275830678197541916e-03 9.977241693218024121e-01 0.000000000000000000e+00 0.000000000000000000e+00 0.000000000000000000e+00
8.000000000000000000e+03 3.199957655534912959e-02 6.144742831133363434e-03 9.936276741010469093e-01 0.000000000000000000e+00 2.275830678197542133e-04 0.000000000000000000e+00
8.250000000000000000e+03 3.299956332270381765e-02 3.755120619025944465e-03 9.961310878470641672e-01 0.000000000000000000e+00 1.137915339098771066e-04 0.000000000000000000e+00
8.500000000000000000e+03 3.399955009005850570e-02 3.299954483386436255e-03 9.963586709148839482e-01 0.000000000000000000e+00 3.413746017296313199e-04 0.000000000000000000e+00
8.750000000000000000e+03 3.499953685741319376e-02 5.348202093764223633e-03 9.943104233045061413e-01 0.000000000000000000e+00 3.413746017296313199e-04 0.000000000000000000e+00
9.000000000000000000e+03 3.599952362476788181e-02 8.534365043240782836e-03 9.912380518889394310e-01 0.000000000000000000e+00 2.275830678197542133e-04 0.000000000000000000e+00
9.250000000000000000e+03 3.699951039212256987e-02 6.030951297223486815e-03 9.937414656349567998e-01 0.000000000000000000e+00 2.275830678197542133e-04 0.000000000000000000e+00
9.500000000000000000e+03 3.799949715947725792e-02 4.096495220755575623e-03 9.959035047792443862e-01 0.000000000000000000e+00 0.000000000000000000e+00 0.000000000000000000e+00
9.750000000000000000e+03 3.899948392683194598e-02 8.875739644970414427e-03 9.908966772872098705e-01 0.000000000000000000e+00 2.275830678197542133e-04 0.000000000000000000e+00
1.000000000000000000e+04 3.999947069418663403e-02 5.689576695493855224e-03 9.940828402366863603e-01 0.000000000000000000e+00 2.275830678197542133e-04 0.000000000000000000e+00
1.025000000000000000e+04 4.099945746154110005e-02 1.126536185707783383e-02 9.883932635411925016e-01 0.000000000000000000e+00 3.413746017296313199e-04 0.000000000000000000e+00
1.050000000000000000e+04 4.199944422889578810e-02 7.851615839781519654e-03 9.919208010923987739e-01 0.000000000000000000e+00 2.275830678197542133e-04 0.000000000000000000e+00
1.075000000000000000e+04 4.299943099625047616e-02 8.420573509330906217e-03 9.914656349567592120e-01 0.000000000000000000e+00 1.137915339098771066e-04 0.000000000000000000e+00
1.100000000000000000e+04 4.399941776360516421e-02 1.012744651797906244e-02 9.896449704142011861e-01 0.000000000000000000e+00 2.275830678197542133e-04 0.000000000000000000e+00
1.125000000000000000e+04 4.499940453095985227e-02 1.035502958579881741e-02 9.895311788802912956e-01 0.000000000000000000e+00 1.137915339098771066e-04 0.000000000000000000e+00
1.150000000000000000e+04 4.599939129831454032e-02 8.420573509330906217e-03 9.912380518889394310e-01 0.000000000000000000e+00 3.413746017296313199e-04 0.000000000000000000e+00
1.175000000000000000e+04 4.699937806566922838e-02 1.149294492489758707e-02 9.883932635411925016e-01 0.000000000000000000e+00 1.137915339098771066e-04 0.000000000000000000e+00
1.200000000000000000e+04 4.799936483302391643e-02 1.217569412835685025e-02 9.874829312699134887e-01 0.000000000000000000e+00 3.413746017296313199e-04 0.000000000000000000e+00
1.225000000000000000e+04 4.899935160037838244e-02 9.558488848429677609e-03 9.902139280837505275e-01 0.000000000000000000e+00 2.275830678197542133e-04 0.000000000000000000e+00
1.250000000000000000e+04 4.999933836773307050e-02 1.479289940828402289e-02 9.844105598543468894e-01 0.000000000000000000e+00 7.965407373691396923e-04 0.000000000000000000e+00
1.275000000000000000e+04 5.099932513508775855e-02 1.137915339098771045e-02 9.881656804733728316e-01 0.000000000000000000e+00 4.551661356395084266e-04 0.000000000000000000e+00
1.300000000000000000e+04 5.199931190244244661e-02 1.763768775603095224e-02 9.817933545744196300e-01 0.000000000000000000e+00 5.689576695493854790e-04 0.000000000000000000e+00
1.325000000000000000e+04 5.299929866979713466e-02 9.103322712790167665e-03 9.902139280837505275e-01 0.000000000000000000e+00 6.827492034592626399e-04 0.000000000000000000e+00
1.350000000000000000e+04 5.399928543715182272e-02 1.649977241693217911e-02 9.825898953117887524e-01 0.000000000000000000e+00 9.103322712790168532e-04 0.000000000000000000e+00
1.375000000000000000e+04 5.499927220450651077e-02 2.059626763768775473e-02 9.790623577605825911e-01 0.000000000000000000e+00 3.413746017296313199e-04 0.000000000000000000e+00
1.400000000000000000e+04 5.599925897186119883e-02 1.763768775603095224e-02 9.815657715065999600e-01 0.000000000000000000e+00 7.965407373691396923e-04 0.000000000000000000e+00
1.425000000000000000e+04 5.699924573921588689e-02 2.298588984979517413e-02 9.763313609467455523e-01 0.000000000000000000e+00 6.827492034592626399e-04 0.000000000000000000e+00
1.450000000000000000e+04 5.799923250657035290e-02 2.059626763768775473e-02 9.784934000910332497e-01 0.000000000000000000e+00 9.103322712790168532e-04 0.000000000000000000e+00
1.475000000000000000e+04 5.899921927392504095e-02 2.139280837505689453e-02 9.776968593536641272e-01 0.000000000000000000e+00 9.103322712790168532e-04 0.000000000000000000e+00
1.500000000000000000e+04 5.999920604127972901e-02 2.082385070550751144e-02 9.779244424214837972e-01 0.000000000000000000e+00 1.251706873008648227e-03 0.000000000000000000e+00
1.525000000000000000e+04 6.099919280863441706e-02 2.765134274010013632e-02 9.707555757851615841e-01 0.000000000000000000e+00 1.593081474738279385e-03 0.000000000000000000e+00
1.550000000000000000e+04 6.199917957598910512e-02 2.708238507055074976e-02 9.720072826581702685e-01 0.000000000000000000e+00 9.103322712790168532e-04 0.000000000000000000e+00
1.575000000000000000e+04 6.299916634334379317e-02 3.413746017296313134e-02 9.643832498862084934e-01 0.000000000000000000e+00 1.479289940828402332e-03 0.000000000000000000e+00
1.600000000000000000e+04 6.399915311069848123e-02 3.299954483386435822e-02 9.654073736913973969e-01 0.000000000000000000e+00 1.593081474738279385e-03 0.000000000000000000e+00
1.625000000000000000e+04 6.499913987805316928e-02 2.708238507055074976e-02 9.717796995903504875e-01 0.000000000000000000e+00 1.137915339098770958e-03 0.000000000000000000e+00
1.650000000000000000e+04 6.599912664540785734e-02 4.039599453800637313e-02 9.565316340464269373e-01 0.000000000000000000e+00 3.072371415566681717e-03 0.000000000000000000e+00
1.675000000000000000e+04 6.699911341276232335e-02 3.390987710514337811e-02 9.644970414201183839e-01 0.000000000000000000e+00 1.593081474738279385e-03 0.000000000000000000e+00
1.700000000000000000e+04 6.799910018011701140e-02 4.210286754665452935e-02 9.558488848429677054e-01 0.000000000000000000e+00 2.048247610377787811e-03 0.000000000000000000e+00
1.725000000000000000e+04 6.899908694747169946e-02 4.392353208921256219e-02 9.538006372325898985e-01 0.000000000000000000e+00 2.275830678197541916e-03 0.000000000000000000e+00
1.750000000000000000e+04 6.999907371482638752e-02 5.040964952207555722e-02 9.474283113336368078e-01 0.000000000000000000e+00 2.162039144287664864e-03 0.000000000000000000e+00
1.775000000000000000e+04 7.099906048218107557e-02 5.018206645425580398e-02 9.464041875284479044e-01 0.000000000000000000e+00 3.413746017296313308e-03 0.000000000000000000e+00
1.800000000000000000e+04 7.199904724953576363e-02 5.837505689576695522e-02 9.391215293582158008e-01 0.000000000000000000e+00 2.503413746017296455e-03 0.000000000000000000e+00
1.825000000000000000e+04 7.299903401689045168e-02 4.984069185252617412e-02 9.479972690031861493e-01 0.000000000000000000e+00 2.162039144287664864e-03 0.000000000000000000e+00
1.850000000000000000e+04 7.399902078424513974e-02 5.473372781065088954e-02 9.421939007737824001e-01 0.000000000000000000e+00 3.072371415566681717e-03 0.000000000000000000e+00
1.875000000000000000e+04 7.499900755159982779e-02 7.123350022758306865e-02 9.238734638142922506e-01 0.000000000000000000e+00 4.893035958124715423e-03 0.000000000000000000e+00
1.900000000000000000e+04 7.599899431895429380e-02 7.441966317705962786e-02 9.206873008648156498e-01 0.000000000000000000e+00 4.893035958124715423e-03 0.000000000000000000e+00
1.925000000000000000e+04 7.699898108630898186e-02 8.932635411925353430e-02 9.046426945835229771e-01 0.000000000000000000e+00 6.030951297223486815e-03 0.000000000000000000e+00
1.950000000000000000e+04 7.799896785366366991e-02 8.693673190714611143e-02 9.061219845243514426e-01 0.000000000000000000e+00 6.941283568502503235e-03 0.000000000000000000e+00
1.975000000000000000e+04 7.899895462101835797e-02 8.181611288120163583e-02 9.132908511606736557e-01 0.000000000000000000e+00 4.893035958124715423e-03 0.000000000000000000e+00
2.000000000000000000e+04 7.999894138837304602e-02 9.934000910332271839e-02 8.922394173873463563e-01 0.000000000000000000e+00 8.420573509330906217e-03 0.000000000000000000e+00
2.025000000000000000e+04 8.099892815572773408e-02 1.013882567137004975e-01 8.878015475648611821e-01 0.000000000000000000e+00 1.081019572143832562e-02 0.000000000000000000e+00
2.050000000000000000e+04 8.199891492308242213e-02 1.160673645880746507e-01 8.718707328174783999e-01 0.000000000000000000e+00 1.206190259444697363e-02 0.000000000000000000e+00
2.075000000000000000e+04 8.299890169043711019e-02 1.282430587164314906e-01 8.553709604005461653e-01 4.551661356395084266e-04 1.593081474738279601e-02 0.000000000000000000e+00
2.100000000000000000e+04 8.399888845779179825e-02 1.363222576240327721e-01 8.420573509330905315e-01 0.000000000000000000e+00 2.162039144287665124e-02 0.000000000000000000e+00
2.125000000000000000e+04 8.499887522514626426e-02 1.678425125170687204e-01 7.894856622667273394e-01 0.000000000000000000e+00 4.267182521620391245e-02 0.000000000000000000e+00
2.150000000000000000e+04 8.599886199250095231e-02 2.102867546654528796e-01 7.171142467000455323e-01 1.934456076467910759e-03 7.066454255803368556e-02 0.000000000000000000e+00
2.175000000000000000e+04 8.699884875985564037e-02 2.340691852526172179e-01 6.519116977696859383e-01 1.183431952662721866e-02 1.021847974510696339e-01 0.000000000000000000e+00
2.200000000000000000e+04 8.799883552721032842e-02 2.457897132453345512e-01 5.987710514337732937e-01 3.800637232589895026e-02 1.174328629949931702e-01 0.000000000000000000e+00
2.225000000000000000e+04 8.899882229456501648e-02 2.150659990896677254e-01 5.803368229403732537e-01 1.079881656804733692e-01 9.660901228948566566e-02 0.000000000000000000e+00
2.250000000000000000e+04 8.999880906191970453e-02 1.866181156121984597e-01 6.077605826126536437e-01 1.447428311333636697e-01 6.087847064178425471e-02 0.000000000000000000e+00
2.275000000000000000e+04 9.099879582927439259e-02 1.859353664087392000e-01 5.802230314064633632e-01 1.663632225762403383e-01 6.747837960855712636e-02 0.000000000000000000e+00
2.300000000000000000e+04 9.199878259662908064e-02 1.812699135184342170e-01 5.622439690487027741e-01 1.900318616294947582e-01 6.645425580336822291e-02 0.000000000000000000e+00
2.325000000000000000e+04 9.299876936398376870e-02 1.535047792444242110e-01 5.855712335002275504e-01 2.154073736913973691e-01 4.551661356395084179e-02 0.000000000000000000e+00
2.350000000000000000e+04 9.399875613133823471e-02 1.541875284478834707e-01 5.867091488393263443e-01 2.226900318616295005e-01 3.641329085116067066e-02 0.000000000000000000e+00
2.375000000000000000e+04 9.499874289869292276e-02 1.445152480655439164e-01 5.942193900773782289e-01 2.302002730996813851e-01 3.106508875739644876e-02 0.000000000000000000e+00
2.400000000000000000e+04 9.599872966604761082e-02 1.433773327264451503e-01 5.951297223486572419e-01 2.329312699135184239e-01 2.856167501137915274e-02 0.000000000000000000e+00
2.425000000000000000e+04 9.699871643340229888e-02 1.415566681838871244e-01 5.949021392808374609e-01 2.424897587619481154e-01 2.105143377332726468e-02 0.000000000000000000e+00
2.450000000000000000e+04 9.799870320075698693e-02 1.282430587164314906e-01 5.997951752389621971e-01 2.435138825671370189e-01 2.844788347746927612e-02 0.000000000000000000e+00
2.475000000000000000e+04 9.899868996811167499e-02 1.384842967683204418e-01 5.938780154756485574e-01 2.478379608557123304e-01 1.979972690031861493e-02 0.000000000000000000e+00
2.500000000000000000e+04 9.999867673546636304e-02 1.473600364132908458e-01 5.847746927628584279e-01 2.489758761948110966e-01 1.888939462903959851e-02 0.000000000000000000e+00
2.525000000000000000e+04 1.009986635028210511e-01 1.557806099226217433e-01 5.745334547109695045e-01 2.489758761948110966e-01 2.071005917159763482e-02 0.000000000000000000e+00
2.550000000000000000e+04 1.019986502701757392e-01 1.519116977696859383e-01 5.822712790168411701e-01 2.467000455166135642e-01 1.911697769685935522e-02 0.000000000000000000e+00
2.575000000000000000e+04 1.029986370375302052e-01 1.662494310423304478e-01 5.648611743286299225e-01 2.456759217114246607e-01 2.321347291761493084e-02 0.000000000000000000e+00
2.600000000000000000e+04 1.039986238048848932e-01 1.703459262630860338e-01 5.526854802002730827e-01 2.435138825671370189e-01 3.345471096950387163e-02 0.000000000000000000e+00
2.625000000000000000e+04 1.049986105722395813e-01 1.722803823395539502e-01 5.522303140646336317e-01 2.420345926263086089e-01 3.345471096950387163e-02 0.000000000000000000e+00
2.650000000000000000e+04 1.059985973395942693e-01 1.837733272644515303e-01 5.360719162494310686e-01 2.398725534820209393e-01 4.016841147018661989e-02 1.137915339098771066e-04
2.675000000000000000e+04 1.069985841069489574e-01 1.902594446973145115e-01 5.328857532999544677e-01 2.363450159308147502e-01 4.039599453800637313e-02 1.137915339098771066e-04
2.700000000000000000e+04 1.079985708743036454e-01 1.946973145197997135e-01 5.213928083750568598e-01 2.374829312699135164e-01 4.642694583522986168e-02 0.000000000000000000e+00
2.725000000000000000e+04 1.089985576416583335e-01 1.974283113336367801e-01 5.175238962221210270e-01 2.399863450159308020e-01 4.494765589440145870e-02 1.137915339098771066e-04
2.750000000000000000e+04 1.099985444090130215e-01 2.127901684114701930e-01 4.902139280837505830e-01 2.419208010923987184e-01 5.507510241238051940e-02 0.000000000000000000e+00
2.775000000000000000e+04 1.109985311763677096e-01 2.216659080564405970e-01 4.730314064633591165e-01 2.418070095584888557e-01 6.349567592171143082e-02 0.000000000000000000e+00
2.800000000000000000e+04 1.119985179437221756e-01 2.437414656349567721e-01 4.295630405097860538e-01 2.316795630405097950e-01 9.501593081474737912e-02 0.000000000000000000e+00
2.825000000000000000e+04 1.129985047110768637e-01 2.705962676376877374e-01 3.799499317250796815e-01 2.164314974965862448e-01 1.330223031406463363e-01 0.000000000000000000e+00
2.850000000000000000e+04 1.139984914784315517e-01 2.741238051888939542e-01 3.393263541192535482e-01 2.142694583522985752e-01 1.722803823395539502e-01 0.000000000000000000e+00
2.875000000000000000e+04 1.149984782457862398e-01 2.853891670459717811e-01 3.207783340919435622e-01 2.291761492944924816e-01 1.646563495675921751e-01 0.000000000000000000e+00
2.900000000000000000e+04 1.159984650131409278e-01 2.763996358670914866e-01 3.142922166590805810e-01 2.300864815657714946e-01 1.792216659080564378e-01 0.000000000000000000e+00
2.925000000000000000e+04 1.169984517804956159e-01 2.786754665452890189e-01 3.121301775147928836e-01 2.386208466090122826e-01 1.705735093309057870e-01 0.000000000000000000e+00
2.950000000000000000e+04 1.179984385478503039e-01 2.703686845698680119e-01 3.388711879836140417e-01 2.644515248065543722e-01 1.263086026399635742e-01 0.000000000000000000e+00
2.975000000000000000e+04 1.189984253152049920e-01 2.738962221210741732e-01 3.446745562130177354e-01 2.752617205279926926e-01 1.061675011379153433e-01 0.000000000000000000e+00
3.000000000000000000e+04 1.199984120825596801e-01 2.757168866636321991e-01 3.247610377787892855e-01 2.650204824761037692e-01 1.345015930814747462e-01 0.000000000000000000e+00
3.025000000000000000e+04 1.209983988499141461e-01 2.860719162494310686e-01 3.157715065999089910e-01 2.538689121529358328e-01 1.442876649977241632e-01 0.000000000000000000e+00
3.050000000000000000e+04 1.219983856172688341e-01 2.971096950386891145e-01 3.147473827947200875e-01 2.564861174328629811e-01 1.316568047337278169e-01 0.000000000000000000e+00
3.075000000000000000e+04 1.229983723846235222e-01 3.010923987255348377e-01 2.990441511151570309e-01 2.479517523896222209e-01 1.519116977696859383e-01 0.000000000000000000e+00
3.100000000000000000e+04 1.239983591519782102e-01 3.065543923532089154e-01 2.850477924442421651e-01 2.457897132453345512e-01 1.626081019572143960e-01 0.000000000000000000e+00
3.125000000000000000e+04 1.249983459193328983e-01 2.974510696404187304e-01 2.960855712335002110e-01 2.517068730086481354e-01 1.547564861174328676e-01 0.000000000000000000e+00
3.150000000000000000e+04 1.259983326866875863e-01 3.010923987255348377e-01 2.874374146563495880e-01 2.441966317705962786e-01 1.672735548475193512e-01 0.000000000000000000e+00
3.175000000000000000e+04 1.269983194540422744e-01 3.200955848884842747e-01 2.683204369594902050e-01 2.397587619481110488e-01 1.718252162039144160e-01 0.000000000000000000e+00
3.200000000000000000e+04 1.279983062213969625e-01 3.359126081019572219e-01 2.525034137460173134e-01 2.266727355484751960e-01 1.849112426035502965e-01 0.000000000000000000e+00
3.225000000000000000e+04 1.289982929887516505e-01 3.252162039144287919e-01 2.511379153390987939e-01 2.276968593536640995e-01 1.959490213928083702e-01 0.000000000000000000e+00
3.250000000000000000e+04 1.299982797561061165e-01 3.356850250341374409e-01 2.414656349567592120e-01 2.347519344560764776e-01 1.880974055530268418e-01 0.000000000000000000e+00
3.275000000000000000e+04 1.309982665234608046e-01 3.435366408739189970e-01 2.142694583522985752e-01 2.208693673190714746e-01 2.213245334547109811e-01 0.000000000000000000e+00
3.300000000000000000e+04 1.319982532908154926e-01 3.291989076012744597e-01 2.067592171142466906e-01 2.278106508875739622e-01 2.362312243969048597e-01 0.000000000000000000e+00
3.325000000000000000e+04 1.329982400581701807e-01 3.344333181611288119e-01 2.043695949021392677e-01 2.339553937187073274e-01 2.272416932180245652e-01 0.000000000000000000e+00
3.350000000000000000e+04 1.339982268255248687e-01 3.290851160673645692e-01 1.954938552571688637e-01 2.314519799726900418e-01 2.439690487027765253e-01 0.000000000000000000e+00
3.375000000000000000e+04 1.349982135928795568e-01 3.430814747382794905e-01 1.909421939007737712e-01 2.309968138370505353e-01 2.349795175238962308e-01 0.000000000000000000e+00
3.400000000000000000e+04 1.359982003602342449e-01 3.321574874829312796e-01 1.943559399180700975e-01 2.381656804733727761e-01 2.353208921256258468e-01 0.000000000000000000e+00
3.425000000000000000e+04 1.369981871275889329e-01 3.491124260355029651e-01 1.845698680018206528e-01 2.387346381429221731e-01 2.275830678197542090e-01 0.000000000000000000e+00
3.450000000000000000e+04 1.379981738949433989e-01 3.335229858898497990e-01 1.754665452890304955e-01 2.429449248975876219e-01 2.480655439235320836e-01 0.000000000000000000e+00
3.475000000000000000e+04 1.389981606622980870e-01 3.551433773327264398e-01 1.669321802457897075e-01 2.496586253982703563e-01 2.282658170232134687e-01 0.000000000000000000e+00
3.500000000000000000e+04 1.399981474296527750e-01 3.445607646791079004e-01 1.622667273554847522e-01 2.546654528903049552e-01 2.385070550751024199e-01 0.000000000000000000e+00
3.525000000000000000e+04 1.409981341970074631e-01 3.637915339098771184e-01 1.407601274465179741e-01 2.588757396449704040e-01 2.365725989986345035e-01 0.000000000000000000e+00
3.550000000000000000e+04 1.419981209643621511e-01 3.525261720527992915e-01 1.418980427856167403e-01 2.552344105598543522e-01 2.503413746017296160e-01 0.000000000000000000e+00
3.575000000000000000e+04 1.429981077317168392e-01 3.559399180700955623e-01 1.417842512517068776e-01 2.578516158397815006e-01 2.444242148384160318e-01 0.000000000000000000e+00
3.600000000000000000e+04 1.439980944990715273e-01 3.421711424670004775e-01 1.248293126991351781e-01 2.690031861629494925e-01 2.639963586709148657e-01 0.000000000000000000e+00
3.625000000000000000e+04 1.449980812664262153e-01 3.685707783340919641e-01 1.211879836140191125e-01 2.806099226217569353e-01 2.296313154301319881e-01 0.000000000000000000e+00
3.650000000000000000e+04 1.459980680337809034e-01 3.600364132908511761e-01 1.153846153846153910e-01 2.789030496131087999e-01 2.456759217114246607e-01 0.000000000000000000e+00
3.675000000000000000e+04 1.469980548011353694e-01 3.422849340009103125e-01 1.141329085116067343e-01 2.820892125625853453e-01 2.614929449248976079e-01 0.000000000000000000e+00
3.700000000000000000e+04 1.479980415684900574e-01 3.474055530268548297e-01 1.016158397815202508e-01 2.798133818843878129e-01 2.711652253072371344e-01 0.000000000000000000e+00
3.725000000000000000e+04 1.489980283358447455e-01 3.519572143832498945e-01 1.002503413746017313e-01 2.856167501137915066e-01 2.621756941283568398e-01 0.000000000000000000e+00
3.750000000000000000e+04 1.499980151031994335e-01 3.373918980427856318e-01 1.033227127901684139e-01 2.960855712335002110e-01 2.631998179335457433e-01 0.000000000000000000e+00
3.775000000000000000e+04 1.509980018705541216e-01 3.317023213472917731e-01 9.797451069640418508e-02 2.954028220300409791e-01 2.749203459262630767e-01 0.000000000000000000e+00
3.800000000000000000e+04 1.519979886379088097e-01 3.422849340009103125e-01 9.091943559399180697e-02 2.966545289030496080e-01 2.701411015020482309e-01 0.000000000000000000e+00
3.825000000000000000e+04 1.529979754052634977e-01 3.360263996358671124e-01 8.670914883932635819e-02 2.974510696404187304e-01 2.798133818843878129e-01 0.000000000000000000e+00
3.850000000000000000e+04 1.539979621726181858e-01 3.420573509330905870e-01 8.909877105143376719e-02 3.070095584888484219e-01 2.618343195266272239e-01 0.000000000000000000e+00
3.875000000000000000e+04 1.549979489399728738e-01 3.451297223486572419e-01 9.649522075557578904e-02 3.130405097860718966e-01 2.453345471096950448e-01 0.000000000000000000e+00
3.900000000000000000e+04 1.559979357073273398e-01 3.232817478379608755e-01 9.831588529813381494e-02 3.238507055075102170e-01 2.545516613563950648e-01 0.000000000000000000e+00
3.925000000000000000e+04 1.569979224746820279e-01 3.335229858898497990e-01 1.021847974510696339e-01 3.384160218479745352e-01 2.258761948111060458e-01 0.000000000000000000e+00
3.950000000000000000e+04 1.579979092420367159e-01 3.207783340919435622e-01 1.038916704597177970e-01 3.607191624943104080e-01 2.146108329540282189e-01 0.000000000000000000e+00
3.975000000000000000e+04 1.589978960093914040e-01 3.002958579881656598e-01 1.101502048247610388e-01 3.741465634956759323e-01 2.154073736913973691e-01 0.000000000000000000e+00
4.000000000000000000e+04 1.599978827767460920e-01 3.035958124715520956e-01 1.201638598088302229e-01 4.045289030496130867e-01 1.717114246700045532e-01 0.000000000000000000e+00
4.025000000000000000e+04 1.609978695441007801e-01 2.903959945380063523e-01 1.304050978607191602e-01 4.260355029585798925e-01 1.531634046426945950e-01 0.000000000000000000e+00
4.050000000000000000e+04 1.619978563114554682e-01 3.015475648611743442e-01 1.305188893946290507e-01 4.319526627218934767e-01 1.359808830223031284e-01 0.000000000000000000e+00
4.075000000000000000e+04 1.629978430788101562e-01 2.981338188438780179e-01 1.340464269458352398e-01 4.484524351388256558e-01 1.193673190714610866e-01 0.000000000000000000e+00
4.100000000000000000e+04 1.639978298461648443e-01 2.874374146563495880e-01 1.388256713700500578e-01 4.553937187073281989e-01 1.183431952662721831e-01 0.000000000000000000e+00
4.125000000000000000e+04 1.649978166135193103e-01 2.889167045971779424e-01 1.418980427856167403e-01 4.563040509786072119e-01 1.128812016385980915e-01 0.000000000000000000e+00
4.150000000000000000e+04 1.659978033808739983e-01 2.991579426490669213e-01 1.383705052344105513e-01 4.679107874374146547e-01 9.456076467910787264e-02 0.000000000000000000e+00
4.175000000000000000e+04 1.669977901482286864e-01 2.891442876649977234e-01 1.360946745562130189e-01 4.913518434228493215e-01 8.340919435593992237e-02 0.000000000000000000e+00
4.200000000000000000e+04 1.679977769155833744e-01 2.960855712335002110e-01 1.358670914883932657e-01 4.935138825671370189e-01 7.453345471096950448e-02 0.000000000000000000e+00
4.225000000000000000e+04 1.689977636829380625e-01 2.899408284023668458e-01 1.383705052344105513e-01 4.957897132453345512e-01 7.589895311788802390e-02 0.000000000000000000e+00
4.250000000000000000e+04 1.699977504502927506e-01 2.832271279016841392e-01 1.424670004551661373e-01 5.068274920345926526e-01 6.747837960855712636e-02 0.000000000000000000e+00
4.275000000000000000e+04 1.709977372176474386e-01 2.928994082840236657e-01 1.373463814292216756e-01 5.042102867546655043e-01 6.554392353208920996e-02 0.000000000000000000e+00
4.300000000000000000e+04 1.719977239850021267e-01 2.828857532999544677e-01 1.438324988620846567e-01 5.163859808830223441e-01 5.689576695493855224e-02 0.000000000000000000e+00
4.325000000000000000e+04 1.729977107523568147e-01 2.787892580791989094e-01 1.547564861174328676e-01 5.158170232134728916e-01 5.063723258989531045e-02 0.000000000000000000e+00
4.350000000000000000e+04 1.739976975197112807e-01 2.573964497041419941e-01 1.571461083295402905e-01 5.367546654528903005e-01 4.870277651342740100e-02 0.000000000000000000e+00
4.375000000000000000e+04 1.749976842870659688e-01 2.410104688211197055e-01 1.762630860263996457e-01 5.465407373691397730e-01 3.618570778334091742e-02 0.000000000000000000e+00
4.400000000000000000e+04 1.759976710544206568e-01 2.325898953117888079e-01 1.902594446973145115e-01 5.443786982248520756e-01 3.277196176604460498e-02 0.000000000000000000e+00
4.425000000000000000e+04 1.769976578217753449e-01 2.286071916249431124e-01 1.879836140191169791e-01 5.535958124715520956e-01 2.981338188438780248e-02 0.000000000000000000e+00
4.450000000000000000e+04 1.779976445891300330e-01 2.246244879380974169e-01 1.877560309512972259e-01 5.522303140646336317e-01 3.538916704597178109e-02 0.000000000000000000e+00
4.475000000000000000e+04 1.789976313564847210e-01 2.280382339553937154e-01 1.913973600364132777e-01 5.541647701411015481e-01 2.639963586709149004e-02 0.000000000000000000e+00
4.500000000000000000e+04 1.799976181238394091e-01 2.302002730996813851e-01 1.883249886208466228e-01 5.525716886663631922e-01 2.890304961310878606e-02 0.000000000000000000e+00
4.525000000000000000e+04 1.809976048911940971e-01 2.353208921256258468e-01 1.904870277651342647e-01 5.482476103777879084e-01 2.594446973145198010e-02 0.000000000000000000e+00
4.550000000000000000e+04 1.819975916585487852e-01 2.339553937187073274e-01 1.906008192990441552e-01 5.518889394629039602e-01 2.355484751934456070e-02 0.000000000000000000e+00
4.575000000000000000e+04 1.829975784259032512e-01 2.321347291761493015e-01 1.907146108329540179e-01 5.520027309968138507e-01 2.514792899408284030e-02 0.000000000000000000e+00
4.600000000000000000e+04 1.839975651932579392e-01 2.273554847519344557e-01 1.939007737824305910e-01 5.456304050978607600e-01 3.311333636777423484e-02 0.000000000000000000e+00
4.625000000000000000e+04 1.849975519606126273e-01 2.274692762858443462e-01 1.932180245789713313e-01 5.494993172507965928e-01 2.981338188438780248e-02 0.000000000000000000e+00
4.650000000000000000e+04 1.859975387279673154e-01 2.374829312699135164e-01 1.941283568502503443e-01 5.421028675466544877e-01 2.628584433318160996e-02 0.000000000000000000e+00
4.675000000000000000e+04 1.869975254953220034e-01 2.286071916249431124e-01 1.965179790623577671e-01 5.480200273099681274e-01 2.685480200273099652e-02 0.000000000000000000e+00
4.700000000000000000e+04 1.879975122626766915e-01 2.370277651342740100e-01 1.927628584433318248e-01 5.450614474283113076e-01 2.514792899408284030e-02 0.000000000000000000e+00
4.725000000000000000e+04 1.889974990300313795e-01 2.371415566681839004e-01 1.943559399180700975e-01 5.475648611743286764e-01 2.093764223941738806e-02 0.000000000000000000e+00
4.750000000000000000e+04 1.899974857973860676e-01 2.339553937187073274e-01 1.921939007737824279e-01 5.499544833864360438e-01 2.389622212107419055e-02 0.000000000000000000e+00
4.775000000000000000e+04 1.909974725647407556e-01 2.340691852526172179e-01 1.952662721893491105e-01 5.471096950386891145e-01 2.355484751934456070e-02 0.000000000000000000e+00
4.800000000000000000e+04 1.919974593320952216e-01 2.348657259899863403e-01 1.916249431042330587e-01 5.460855712335002110e-01 2.742375967228038308e-02 0.000000000000000000e+00
4.825000000000000000e+04 1.929974460994499097e-01 2.322485207100591642e-01 1.950386891215293572e-01 5.485889849795174689e-01 2.412380518889394726e-02 0.000000000000000000e+00
4.850000000000000000e+04 1.939974328668045978e-01 2.324761037778789174e-01 1.946973145197997135e-01 5.427856167501138307e-01 3.004096495220755572e-02 0.000000000000000000e+00
4.875000000000000000e+04 1.949974196341592858e-01 2.361174328629949970e-01 1.972007282658170269e-01 5.454028220300409791e-01 2.127901684114701791e-02 0.000000000000000000e+00
4.900000000000000000e+04 1.959974064015139739e-01 2.320209376422394110e-01 1.962903959945380139e-01 5.446062812926718566e-01 2.708238507055074976e-02 0.000000000000000000e+00
4.925000000000000000e+04 1.969973931688686619e-01 2.292899408284023721e-01 2.009558488848429691e-01 5.472234865725990050e-01 2.253072371415566766e-02 0.000000000000000000e+00
4.950000000000000000e+04 1.979973799362233500e-01 2.225762403277196100e-01 2.030040964952207483e-01 5.473372781065088954e-01 2.708238507055074976e-02 0.000000000000000000e+00
4.975000000000000000e+04 1.989973667035780380e-01 2.271279016841147025e-01 2.040282203004096517e-01 5.468821119708693335e-01 2.196176604460628110e-02 0.000000000000000000e+00
5.000000000000000000e+04 1.999973534709327261e-01 2.286071916249431124e-01 2.049385525716886647e-01 5.414201183431952558e-01 2.503413746017296368e-02 0.000000000000000000e+00
5.025000000000000000e+04 2.009973402382871921e-01 2.266727355484751960e-01 2.049385525716886647e-01 5.455166135639508695e-01 2.287209831588529751e-02 0.000000000000000000e+00
5.050000000000000000e+04 2.019973270056418801e-01 2.361174328629949970e-01 2.040282203004096517e-01 5.374374146563495325e-01 2.241693218024579104e-02 0.000000000000000000e+00
5.075000000000000000e+04 2.029973137729965682e-01 2.362312243969048597e-01 2.056213017751479244e-01 5.341374601729631522e-01 2.401001365498407064e-02 0.000000000000000000e+00
5.100000000000000000e+04 2.039973005403512563e-01 2.352071005917159841e-01 2.043695949021392677e-01 5.299271734182976479e-01 3.049613108784706567e-02 0.000000000000000000e+00
5.125000000000000000e+04 2.049972873077059443e-01 2.377105143377332697e-01 2.069868001820664438e-01 5.326581702321346867e-01 2.264451524806554428e-02 0.000000000000000000e+00
5.150000000000000000e+04 2.059972740750606324e-01 2.370277651342740100e-01 2.092626308602640040e-01 5.256030951297223641e-01 2.810650887573964626e-02 0.000000000000000000e+00
5.175000000000000000e+04 2.069972608424153204e-01 2.341829767865270806e-01 2.085798816568047442e-01 5.287892580791988539e-01 2.844788347746927612e-02 0.000000000000000000e+00
5.200000000000000000e+04 2.079972476097700085e-01 2.441966317705962786e-01 2.068730086481565811e-01 5.281065088757396220e-01 2.082385070550751144e-02 0.000000000000000000e+00
5.225000000000000000e+04 2.089972343771246965e-01 2.365725989986345035e-01 2.094902139280837572e-01 5.315202548930360038e-01 2.241693218024579104e-02 0.000000000000000000e+00
5.250000000000000000e+04 2.099972211444791625e-01 2.371415566681839004e-01 2.099453800637232637e-01 5.273099681383704995e-01 2.560309512972235024e-02 0.000000000000000000e+00
5.275000000000000000e+04 2.109972079118338506e-01 2.386208466090122826e-01 2.131315430131998090e-01 5.271961766044606090e-01 2.105143377332726468e-02 0.000000000000000000e+00
5.300000000000000000e+04 2.119971946791885387e-01 2.429449248975876219e-01 2.102867546654528796e-01 5.212790168411469693e-01 2.548930359581247015e-02 0.000000000000000000e+00
5.325000000000000000e+04 2.129971814465432267e-01 2.476103777878925771e-01 2.098315885298133732e-01 5.204824761037778469e-01 2.207555757851615771e-02 0.000000000000000000e+00
5.350000000000000000e+04 2.139971682138979148e-01 2.436276741010468816e-01 2.111970869367319203e-01 5.194583522985889434e-01 2.571688666363222686e-02 0.000000000000000000e+00
5.375000000000000000e+04 2.149971549812526028e-01 2.447655894401456478e-01 2.143832498862084657e-01 5.142239417387346467e-01 2.662721893491124328e-02 0.000000000000000000e+00
5.400000000000000000e+04 2.159971417486072909e-01 2.394173873463814328e-01 2.187073281747838049e-01 5.188893946290396020e-01 2.298588984979517413e-02 0.000000000000000000e+00
5.425000000000000000e+04 2.169971285159619789e-01 2.374829312699135164e-01 2.330450614474283144e-01 5.035275375512061613e-01 2.594446973145198010e-02 0.000000000000000000e+00
5.450000000000000000e+04 2.179971152833164449e-01 2.349795175238962308e-01 2.437414656349567721e-01 4.995448338643604935e-01 2.173418297678652786e-02 0.000000000000000000e+00
5.475000000000000000e+04 2.189971020506711330e-01 2.241693218024579104e-01 2.462448793809740577e-01 5.086481565771506785e-01 2.093764223941738806e-02 0.000000000000000000e+00
5.500000000000000000e+04 2.199970888180258211e-01 1.949248975876194945e-01 2.511379153390987939e-01 5.380063723258989850e-01 1.593081474738279601e-02 0.000000000000000000e+00
5.525000000000000000e+04 2.209970755853805091e-01 1.855939918070095562e-01 2.572826581702321591e-01 5.431269913518433912e-01 1.399635867091488309e-02 0.000000000000000000e+00
5.550000000000000000e+04 2.219970623527351972e-01 1.621529358215748617e-01 2.536413290851160518e-01 5.710059171597633432e-01 1.319981793354574502e-02 0.000000000000000000e+00
5.575000000000000000e+04 2.229970491200898852e-01 1.408739189804278646e-01 2.712790168411470249e-01 5.757851615839781889e-01 1.206190259444697363e-02 0.000000000000000000e+00
5.600000000000000000e+04 2.239970358874445733e-01 1.439462903959945472e-01 2.721893491124260378e-01 5.729403732362312596e-01 1.092398725534820224e-02 0.000000000000000000e+00
5.625000000000000000e+04 2.249970226547992613e-01 1.444014565316340537e-01 2.715065999089667503e-01 5.728265817023213691e-01 1.126536185707783383e-02 0.000000000000000000e+00
5.650000000000000000e+04 2.259970094221539494e-01 1.400773782430587144e-01 2.742375967228038447e-01 5.765817023213473114e-01 9.103322712790167665e-03 0.000000000000000000e+00
5.675000000000000000e+04 2.269969961895084154e-01 1.381429221665907980e-01 2.765134274010013771e-01 5.762403277196176399e-01 9.103322712790167665e-03 0.000000000000000000e+00
