# itime ezz other fcc hcp bcc ico
0.000000000000000000e+00 0.000000000000000000e+00 0.000000000000000000e+00 1.000000000000000000e+00 0.000000000000000000e+00 0.000000000000000000e+00 0.000000000000000000e+00
2.500000000000000000e+03 9.999986529459103934e-03 0.000000000000000000e+00 1.000000000000000000e+00 0.000000000000000000e+00 0.000000000000000000e+00 0.000000000000000000e+00
5.000000000000000000e+03 1.999997305891798582e-02 0.000000000000000000e+00 1.000000000000000000e+00 0.000000000000000000e+00 0.000000000000000000e+00 0.000000000000000000e+00
7.500000000000000000e+03 2.999995958837708976e-02 0.000000000000000000e+00 1.000000000000000000e+00 0.000000000000000000e+00 0.000000000000000000e+00 0.000000000000000000e+00
1.000000000000000000e+04 3.999994611783619369e-02 0.000000000000000000e+00 1.000000000000000000e+00 0.000000000000000000e+00 0.000000000000000000e+00 0.000000000000000000e+00
1.250000000000000000e+04 4.999993264729507558e-02 2.275830678197542133e-04 9.997724169321802190e-01 0.000000000000000000e+00 0.000000000000000000e+00 0.000000000000000000e+00
1.500000000000000000e+04 5.999991917675417952e-02 3.413746017296313199e-04 9.996586253982703285e-01 0.000000000000000000e+00 0.000000000000000000e+00 0.000000000000000000e+00
1.750000000000000000e+04 6.999990570621306141e-02 4.551661356395084266e-04 9.995448338643604380e-01 0.000000000000000000e+00 0.000000000000000000e+00 0.000000000000000000e+00
2.000000000000000000e+04 7.999989223567216534e-02 2.389622212107419402e-03 9.976103777878926326e-01 0.000000000000000000e+00 0.000000000000000000e+00 0.000000000000000000e+00
2.250000000000000000e+04 8.999987876513126928e-02 5.234410559854347014e-03 9.947655894401457033e-01 0.000000000000000000e+00 0.000000000000000000e+00 0.000000000000000000e+00
2.500000000000000000e+04 9.999986529459015117e-02 6.713700500682749130e-03 9.932862994993172379e-01 0.000000000000000000e+00 0.000000000000000000e+00 0.000000000000000000e+00
2.750000000000000000e+04 1.099998518240492551e-01 6.713700500682749130e-03 9.932862994993172379e-01 0.000000000000000000e+00 0.000000000000000000e+00 0.000000000000000000e+00
3.000000000000000000e+04 1.199998383535083590e-01 1.411015020482476144e-02 9.858898497951752438e-01 0.000000000000000000e+00 0.000000000000000000e+00 0.000000000000000000e+00
3.250000000000000000e+04 1.299998248829672409e-01 2.389622212107419055e-02 9.761037778789257713e-01 0.000000000000000000e+00 0.000000000000000000e+00 0.000000000000000000e+00
3.500000000000000000e+04 1.399998114124263449e-01 2.890304961310878606e-02 9.708693673190714746e-01 0.000000000000000000e+00 2.275830678197542133e-04 0.000000000000000000e+00
3.750000000000000000e+04 1.499997979418854488e-01 4.460628129267182190e-02 9.553937187073281434e-01 0.000000000000000000e+00 0.000000000000000000e+00 0.000000000000000000e+00
4.000000000000000000e+04 1.599997844713443307e-01 6.929904415111515226e-02 9.305871643149750128e-01 0.000000000000000000e+00 1.137915339098771066e-04 0.000000000000000000e+00
4.250000000000000000e+04 1.699997710008034346e-01 1.276741010468821214e-01 8.689121529358215801e-01 3.413746017296313308e-03 0.000000000000000000e+00 0.000000000000000000e+00
4.500000000000000000e+04 1.799997575302625386e-01 3.387573964497041512e-01 5.185480200273099305e-01 1.355257168866636219e-01 7.168866636322257339e-03 0.000000000000000000e+00
4.750000000000000000e+04 1.899997440597214204e-01 3.053026854802002865e-01 5.309512972234865513e-01 1.555530268548019901e-01 8.192990441511151245e-03 0.000000000000000000e+00
5.000000000000000000e+04 1.999997305891805244e-01 2.694583522985889990e-01 5.747610377787892855e-01 1.492944924897587622e-01 6.486117432862995025e-03 0.000000000000000000e+00
5.250000000000000000e+04 2.099997171186394063e-01 2.572826581702321591e-01 5.769230769230768718e-01 1.598771051433773294e-01 5.917159763313609329e-03 0.000000000000000000e+00
5.500000000000000000e+04 2.199997036480985102e-01 2.639963586709148657e-01 5.633818843878015681e-01 1.673873463814292140e-01 5.234410559854347014e-03 0.000000000000000000e+00
5.750000000000000000e+04 2.299996901775576141e-01 2.728720983158853253e-01 5.546199362767409990e-01 1.645425580336822846e-01 7.965407373691398007e-03 0.000000000000000000e+00
6.000000000000000000e+04 2.399996767070164960e-01 2.872098315885298070e-01 5.315202548930360038e-01 1.743286299499317293e-01 6.941283568502503235e-03 0.000000000000000000e+00
6.250000000000000000e+04 2.499996632364756000e-01 2.860719162494310686e-01 5.293582157487483064e-01 1.778561675011379184e-01 6.713700500682749130e-03 0.000000000000000000e+00
6.500000000000000000e+04 2.599996497659347039e-01 2.823167956304050707e-01 5.397132453345471204e-01 1.726217569412835662e-01 5.348202093764223633e-03 0.000000000000000000e+00
6.750000000000000000e+04 2.699996362953935858e-01 2.868684569868001910e-01 5.327719617660445772e-01 1.728493400091033194e-01 7.510241238051888930e-03 0.000000000000000000e+00
7.000000000000000000e+04 2.799996228248526897e-01 2.844788347746927681e-01 5.441511151570322946e-01 1.653390987710514348e-01 6.030951297223486815e-03 0.000000000000000000e+00
7.250000000000000000e+04 2.899996093543117937e-01 2.773099681383704995e-01 5.546199362767409990e-01 1.609012289485662328e-01 7.168866636322257339e-03 0.000000000000000000e+00
7.500000000000000000e+04 2.999995958837706755e-01 2.944924897587619661e-01 5.554164770141101215e-01 1.437187073281747940e-01 6.372325898953117539e-03 0.000000000000000000e+00
7.750000000000000000e+04 3.099995824132297795e-01 2.935821574874829532e-01 5.580336822940372699e-01 1.406463359126081114e-01 7.737824305871643035e-03 0.000000000000000000e+00
8.000000000000000000e+04 3.199995689426886614e-01 2.959717796995903760e-01 5.501820664542558248e-01 1.438324988620846567e-01 1.001365498406918582e-02 0.000000000000000000e+00
8.250000000000000000e+04 3.299995554721477653e-01 3.056440600819299025e-01 5.229858898497952158e-01 1.616977696859353553e-01 9.672280382339554228e-03 0.000000000000000000e+00
8.500000000000000000e+04 3.399995420016068692e-01 3.088302230314064478e-01 5.208238507055075184e-01 1.629494765589440120e-01 7.396449704142011444e-03 0.000000000000000000e+00
8.750000000000000000e+04 3.499995285310657511e-01 2.988165680473373054e-01 5.400546199362767918e-01 1.531634046426945950e-01 7.965407373691398007e-03 0.000000000000000000e+00
9.000000000000000000e+04 3.599995150605248551e-01 3.027992717341829731e-01 5.318616294947655643e-01 1.590805644060081792e-01 6.258534365043240920e-03 0.000000000000000000e+00
9.250000000000000000e+04 3.699995015899839590e-01 3.089440145653163383e-01 5.197997269003186149e-01 1.621529358215748617e-01 9.103322712790167665e-03 0.000000000000000000e+00
9.500000000000000000e+04 3.799994881194428409e-01 3.042785616750113831e-01 5.245789713245334607e-01 1.618115612198452458e-01 9.330905780609922637e-03 0.000000000000000000e+00
9.750000000000000000e+04 3.899994746489019448e-01 3.025716886663632477e-01 5.323167956304051263e-01 1.579426490669094130e-01 7.168866636322257339e-03 0.000000000000000000e+00
1.000000000000000000e+05 3.999994611783610488e-01 3.033682294037323701e-01 5.124032771961766208e-01 1.771734182976786587e-01 7.055075102412380721e-03 0.000000000000000000e+00
1.025000000000000000e+05 4.099994477078199306e-01 2.971096950386891145e-01 5.364132908511606290e-01 1.593081474738279601e-01 7.168866636322257339e-03 0.000000000000000000e+00
1.050000000000000000e+05 4.199994342372790346e-01 3.006372325898953313e-01 5.376649977241693135e-01 1.572598998634501533e-01 4.437869822485207214e-03 0.000000000000000000e+00
1.075000000000000000e+05 4.299994207667381385e-01 3.041647701411014926e-01 5.325443786982249073e-01 1.578288575329995502e-01 5.461993627674101119e-03 0.000000000000000000e+00
1.100000000000000000e+05 4.399994072961970204e-01 3.050751024123805055e-01 5.188893946290396020e-01 1.693218024578971304e-01 6.713700500682749130e-03 0.000000000000000000e+00
1.125000000000000000e+05 4.499993938256561243e-01 2.924442421483841592e-01 5.415339098771051463e-01 1.597633136094674666e-01 6.258534365043240920e-03 0.000000000000000000e+00
1.150000000000000000e+05 4.599993803551150062e-01 2.905097860719162428e-01 5.444924897587619661e-01 1.579426490669094130e-01 7.055075102412380721e-03 0.000000000000000000e+00
1.175000000000000000e+05 4.699993668845741102e-01 2.882339553937187104e-01 5.388029130632681074e-01 1.644287664997724219e-01 8.534365043240782836e-03 0.000000000000000000e+00
1.200000000000000000e+05 4.799993534140332141e-01 2.931269913518434467e-01 5.314064633591261133e-01 1.659080564406008318e-01 9.558488848429677609e-03 0.000000000000000000e+00
1.225000000000000000e+05 4.899993399434920960e-01 2.954028220300409791e-01 5.301547564861174289e-01 1.657942649066909413e-01 8.648156577150659455e-03 0.000000000000000000e+00
1.250000000000000000e+05 4.999993264729511999e-01 3.095129722348657353e-01 5.144515248065544277e-01 1.662494310423304478e-01 9.786071916249430847e-03 0.000000000000000000e+00
1.275000000000000000e+05 5.099993130024103039e-01 3.231679563040509851e-01 5.226445152480655443e-01 1.447428311333636697e-01 9.444697314519799256e-03 0.000000000000000000e+00
1.300000000000000000e+05 5.199992995318691857e-01 3.162266727355484974e-01 5.457441966317706505e-01 1.308602639963586667e-01 7.168866636322257339e-03 0.000000000000000000e+00
1.325000000000000000e+05 5.299992860613282897e-01 3.123577605826126646e-01 5.463131543013199920e-01 1.313154301319981732e-01 1.001365498406918582e-02 0.000000000000000000e+00
1.350000000000000000e+05 5.399992725907873936e-01 3.309057806099225951e-01 5.287892580791988539e-01 1.319981793354574329e-01 8.306781975421027864e-03 0.000000000000000000e+00
1.375000000000000000e+05 5.499992591202462755e-01 3.346609012289485929e-01 5.177514792899408080e-01 1.387118798361401950e-01 8.875739644970414427e-03 0.000000000000000000e+00
1.400000000000000000e+05 5.599992456497053794e-01 3.383022303140646447e-01 5.052344105598542967e-01 1.480427856167501055e-01 8.420573509330906217e-03 0.000000000000000000e+00
1.425000000000000000e+05 5.699992321791644834e-01 3.383022303140646447e-01 4.998862084660901095e-01 1.569185252617205373e-01 4.893035958124715423e-03 0.000000000000000000e+00
1.450000000000000000e+05 5.799992187086233653e-01 3.163404642694583324e-01 5.154756486117433312e-01 1.624943104233045055e-01 5.575785161583977738e-03 1.137915339098771066e-04
1.475000000000000000e+05 5.899992052380824692e-01 3.055302685480200120e-01 5.201411015020482864e-01 1.688666363222576239e-01 5.461993627674101119e-03 0.000000000000000000e+00
1.500000000000000000e+05 5.999991917675413511e-01 3.109922621756941452e-01 5.052344105598542967e-01 1.774010013654984119e-01 6.372325898953117539e-03 0.000000000000000000e+00
1.525000000000000000e+05 6.099991782970004550e-01 3.116750113791533772e-01 4.990896677287209870e-01 1.822940373236231204e-01 6.827492034592626616e-03 1.137915339098771066e-04
1.550000000000000000e+05 6.199991648264595590e-01 3.106508875739644737e-01 4.877105143377332697e-01 1.942421483841602070e-01 7.396449704142011444e-03 0.000000000000000000e+00
1.575000000000000000e+05 6.299991513559184408e-01 3.134956759217114031e-01 4.742831133363678009e-01 2.043695949021392677e-01 7.851615839781519654e-03 0.000000000000000000e+00
1.600000000000000000e+05 6.399991378853775448e-01 3.203231679563040557e-01 4.732589895311788974e-01 1.997041420118343125e-01 6.713700500682749130e-03 0.000000000000000000e+00
1.625000000000000000e+05 6.499991244148366487e-01 3.107646791078743642e-01 4.891898042785616796e-01 1.901456531634046487e-01 9.899863450159307465e-03 0.000000000000000000e+00
1.650000000000000000e+05 6.599991109442955306e-01 3.180473372781065233e-01 4.868001820664542567e-01 1.851388256713700498e-01 1.001365498406918582e-02 0.000000000000000000e+00
1.675000000000000000e+05 6.699990974737546345e-01 3.203231679563040557e-01 4.737141556668184039e-01 1.989076012744651900e-01 7.055075102412380721e-03 0.000000000000000000e+00
1.700000000000000000e+05 6.799990840032137385e-01 3.281747837960855563e-01 4.715521165225307065e-01 1.933318161128811941e-01 6.941283568502503235e-03 0.000000000000000000e+00
1.725000000000000000e+05 6.899990705326726204e-01 3.277196176604460498e-01 4.710969503868912001e-01 1.915111515703231682e-01 9.672280382339554228e-03 0.000000000000000000e+00
1.750000000000000000e+05 6.999990570621317243e-01 3.121301775147928836e-01 4.852071005917159563e-01 1.942421483841602070e-01 8.420573509330906217e-03 0.000000000000000000e+00
1.775000000000000000e+05 7.099990435915906062e-01 3.120163859808830487e-01 4.848657259899863403e-01 1.956076467910787542e-01 7.510241238051888930e-03 0.000000000000000000e+00
1.800000000000000000e+05 7.199990301210497101e-01 3.161128812016386069e-01 4.746244879380974169e-01 2.024351388256713791e-01 6.827492034592626616e-03 0.000000000000000000e+00
1.825000000000000000e+05 7.299990166505088141e-01 3.144060081929904160e-01 4.772416932180245652e-01 2.001593081474738189e-01 8.192990441511151245e-03 0.000000000000000000e+00
1.850000000000000000e+05 7.399990031799676959e-01 3.248748293126991205e-01 4.729176149294492260e-01 1.937869822485207005e-01 8.420573509330906217e-03 0.000000000000000000e+00
1.875000000000000000e+05 7.499989897094267999e-01 3.388711879836140417e-01 4.634729176149294250e-01 1.915111515703231682e-01 6.144742831133363434e-03 0.000000000000000000e+00
1.900000000000000000e+05 7.599989762388859038e-01 3.361401911697769473e-01 4.616522530723713991e-01 1.948111060537096040e-01 7.396449704142011444e-03 0.000000000000000000e+00
1.925000000000000000e+05 7.699989627683447857e-01 3.486572598998634587e-01 4.419663177059626746e-01 2.020937642239417353e-01 7.282658170232134826e-03 0.000000000000000000e+00
1.950000000000000000e+05 7.799989492978038896e-01 3.471779699590350488e-01 4.406008192990441552e-01 2.033454710969503920e-01 8.875739644970414427e-03 0.000000000000000000e+00
1.975000000000000000e+05 7.899989358272629936e-01 3.513882567137004975e-01 4.418525261720527841e-01 1.981110605370960398e-01 8.648156577150659455e-03 0.000000000000000000e+00
2.000000000000000000e+05 7.999989223567218755e-01 3.322712790168411701e-01 4.575557578516158408e-01 2.011834319526627224e-01 8.989531178880291046e-03 0.000000000000000000e+00
2.025000000000000000e+05 8.099989088861809794e-01 3.460400546199362548e-01 4.550523441055985274e-01 1.898042785616750050e-01 9.103322712790167665e-03 0.000000000000000000e+00
2.050000000000000000e+05 8.199988954156400833e-01 3.406918525261720676e-01 4.690487027765134487e-01 1.810423304506144637e-01 9.217114246700046018e-03 0.000000000000000000e+00
2.075000000000000000e+05 8.299988819450989652e-01 3.505917159763313751e-01 4.539144287664997890e-01 1.880974055530268418e-01 7.396449704142011444e-03 0.000000000000000000e+00
2.100000000000000000e+05 8.399988684745580692e-01 3.428538916704597095e-01 4.555075102412380339e-01 1.891215293582157453e-01 1.251706873008648184e-02 0.000000000000000000e+00
2.125000000000000000e+05 8.499988550040169510e-01 3.438780154756486129e-01 4.527765134274009950e-01 1.949248975876194945e-01 8.420573509330906217e-03 0.000000000000000000e+00
2.150000000000000000e+05 8.599988415334760550e-01 3.395539371870732737e-01 4.726900318616295005e-01 1.792216659080564378e-01 8.534365043240782836e-03 0.000000000000000000e+00
2.175000000000000000e+05 8.699988280629351589e-01 3.350022758306782089e-01 4.742831133363678009e-01 1.814974965862539702e-01 9.217114246700046018e-03 0.000000000000000000e+00
2.200000000000000000e+05 8.799988145923940408e-01 3.271506599908966528e-01 4.715521165225307065e-01 1.933318161128811941e-01 7.965407373691398007e-03 0.000000000000000000e+00
2.225000000000000000e+05 8.899988011218531447e-01 3.352298588984979344e-01 4.641556668183887124e-01 1.942421483841602070e-01 6.372325898953117539e-03 0.000000000000000000e+00
2.250000000000000000e+05 8.999987876513122487e-01 3.354574419663177154e-01 4.597177969959034827e-01 1.979972690031861493e-01 6.827492034592626616e-03 0.000000000000000000e+00
2.275000000000000000e+05 9.099987741807711306e-01 3.357988165680473314e-01 4.527765134274009950e-01 2.031178880291306388e-01 8.306781975421027864e-03 0.000000000000000000e+00
2.300000000000000000e+05 9.199987607102302345e-01 3.376194811106053573e-01 4.553937187073281989e-01 1.989076012744651900e-01 8.079198907601274626e-03 0.000000000000000000e+00
2.325000000000000000e+05 9.299987472396893384e-01 3.327264451524806765e-01 4.608557123350022766e-01 1.976558944014565333e-01 8.761948111060537808e-03 0.000000000000000000e+00
2.350000000000000000e+05 9.399987337691482203e-01 3.439918070095585034e-01 4.437869822485207005e-01 2.023213472917614886e-01 9.899863450159307465e-03 0.000000000000000000e+00
2.375000000000000000e+05 9.499987202986073243e-01 3.188438780154756458e-01 4.572143832498862248e-01 2.162039144287664916e-01 7.737824305871643035e-03 0.000000000000000000e+00
2.400000000000000000e+05 9.599987068280662061e-01 3.236231224396904915e-01 4.442421483841602070e-01 2.234865725989986229e-01 8.648156577150659455e-03 0.000000000000000000e+00
2.425000000000000000e+05 9.699986933575253101e-01 3.355712335002276059e-01 4.328629949931724896e-01 2.233727810650887602e-01 8.192990441511151245e-03 0.000000000000000000e+00
2.450000000000000000e+05 9.799986798869844140e-01 3.305644060081929791e-01 4.319526627218934767e-01 2.292899408284023721e-01 8.192990441511151245e-03 0.000000000000000000e+00
2.475000000000000000e+05 9.899986664164432959e-01 3.350022758306782089e-01 4.383249886208466228e-01 2.191624943104233114e-01 7.510241238051888930e-03 0.000000000000000000e+00
2.500000000000000000e+05 9.999986529459023998e-01 3.265817023213473114e-01 4.295630405097860538e-01 2.358898497951752438e-01 7.965407373691398007e-03 0.000000000000000000e+00
