# itime ezz other fcc hcp bcc ico
0.000000000000000000e+00 0.000000000000000000e+00 0.000000000000000000e+00 1.000000000000000000e+00 0.000000000000000000e+00 0.000000000000000000e+00 0.000000000000000000e+00
3.000000000000000000e+00 1.200022385829058180e-03 0.000000000000000000e+00 1.000000000000000000e+00 0.000000000000000000e+00 0.000000000000000000e+00 0.000000000000000000e+00
6.000000000000000000e+00 2.400044771658116360e-03 0.000000000000000000e+00 1.000000000000000000e+00 0.000000000000000000e+00 0.000000000000000000e+00 0.000000000000000000e+00
9.000000000000000000e+00 3.600067157486952496e-03 0.000000000000000000e+00 1.000000000000000000e+00 0.000000000000000000e+00 0.000000000000000000e+00 0.000000000000000000e+00
1.200000000000000000e+01 4.800089543316010676e-03 0.000000000000000000e+00 1.000000000000000000e+00 0.000000000000000000e+00 0.000000000000000000e+00 0.000000000000000000e+00
1.500000000000000000e+01 6.000111929145068856e-03 0.000000000000000000e+00 1.000000000000000000e+00 0.000000000000000000e+00 0.000000000000000000e+00 0.000000000000000000e+00
1.800000000000000000e+01 7.200134314974127037e-03 0.000000000000000000e+00 1.000000000000000000e+00 0.000000000000000000e+00 0.000000000000000000e+00 0.000000000000000000e+00
2.100000000000000000e+01 8.400156700802963172e-03 0.000000000000000000e+00 1.000000000000000000e+00 0.000000000000000000e+00 0.000000000000000000e+00 0.000000000000000000e+00
2.400000000000000000e+01 9.600179086632021352e-03 0.000000000000000000e+00 1.000000000000000000e+00 0.000000000000000000e+00 0.000000000000000000e+00 0.000000000000000000e+00
2.700000000000000000e+01 1.080020147246107953e-02 0.000000000000000000e+00 1.000000000000000000e+00 0.000000000000000000e+00 0.000000000000000000e+00 0.000000000000000000e+00
3.000000000000000000e+01 1.200022385829013771e-02 0.000000000000000000e+00 1.000000000000000000e+00 0.000000000000000000e+00 0.000000000000000000e+00 0.000000000000000000e+00
3.300000000000000000e+01 1.320024624411919589e-02 0.000000000000000000e+00 1.000000000000000000e+00 0.000000000000000000e+00 0.000000000000000000e+00 0.000000000000000000e+00
3.600000000000000000e+01 1.440026862994803203e-02 0.000000000000000000e+00 1.000000000000000000e+00 0.000000000000000000e+00 0.000000000000000000e+00 0.000000000000000000e+00
3.900000000000000000e+01 1.560029101577709021e-02 0.000000000000000000e+00 1.000000000000000000e+00 0.000000000000000000e+00 0.000000000000000000e+00 0.000000000000000000e+00
4.200000000000000000e+01 1.680031340160614839e-02 0.000000000000000000e+00 1.000000000000000000e+00 0.000000000000000000e+00 0.000000000000000000e+00 0.000000000000000000e+00
4.500000000000000000e+01 1.800033578743520657e-02 0.000000000000000000e+00 1.000000000000000000e+00 0.000000000000000000e+00 0.000000000000000000e+00 0.000000000000000000e+00
4.800000000000000000e+01 1.920035817326404270e-02 0.000000000000000000e+00 1.000000000000000000e+00 0.000000000000000000e+00 0.000000000000000000e+00 0.000000000000000000e+00
5.100000000000000000e+01 2.040038055909310089e-02 0.000000000000000000e+00 1.000000000000000000e+00 0.000000000000000000e+00 0.000000000000000000e+00 0.000000000000000000e+00
5.400000000000000000e+01 2.160040294492215907e-02 0.000000000000000000e+00 1.000000000000000000e+00 0.000000000000000000e+00 0.000000000000000000e+00 0.000000000000000000e+00
5.700000000000000000e+01 2.280042533075121725e-02 0.000000000000000000e+00 1.000000000000000000e+00 0.000000000000000000e+00 0.000000000000000000e+00 0.000000000000000000e+00
6.000000000000000000e+01 2.400044771658005338e-02 0.000000000000000000e+00 1.000000000000000000e+00 0.000000000000000000e+00 0.000000000000000000e+00 0.000000000000000000e+00
6.300000000000000000e+01 2.520047010240911156e-02 0.000000000000000000e+00 1.000000000000000000e+00 0.000000000000000000e+00 0.000000000000000000e+00 0.000000000000000000e+00
6.600000000000000000e+01 2.640049248823816974e-02 0.000000000000000000e+00 1.000000000000000000e+00 0.000000000000000000e+00 0.000000000000000000e+00 0.000000000000000000e+00
6.900000000000000000e+01 2.760051487406722792e-02 0.000000000000000000e+00 1.000000000000000000e+00 0.000000000000000000e+00 0.000000000000000000e+00 0.000000000000000000e+00
7.200000000000000000e+01 2.880053725989628610e-02 0.000000000000000000e+00 1.000000000000000000e+00 0.000000000000000000e+00 0.000000000000000000e+00 0.000000000000000000e+00
7.500000000000000000e+01 3.000055964572512224e-02 0.000000000000000000e+00 1.000000000000000000e+00 0.000000000000000000e+00 0.000000000000000000e+00 0.000000000000000000e+00
7.800000000000000000e+01 3.120058203155418042e-02 0.000000000000000000e+00 1.000000000000000000e+00 0.000000000000000000e+00 0.000000000000000000e+00 0.000000000000000000e+00
8.100000000000000000e+01 3.240060441738323860e-02 0.000000000000000000e+00 1.000000000000000000e+00 0.000000000000000000e+00 0.000000000000000000e+00 0.000000000000000000e+00
8.400000000000000000e+01 3.360062680321229678e-02 0.000000000000000000e+00 1.000000000000000000e+00 0.000000000000000000e+00 0.000000000000000000e+00 0.000000000000000000e+00
8.700000000000000000e+01 3.480064918904113291e-02 0.000000000000000000e+00 1.000000000000000000e+00 0.000000000000000000e+00 0.000000000000000000e+00 0.000000000000000000e+00
9.000000000000000000e+01 3.600067157487019109e-02 0.000000000000000000e+00 1.000000000000000000e+00 0.000000000000000000e+00 0.000000000000000000e+00 0.000000000000000000e+00
9.300000000000000000e+01 3.720069396069924927e-02 0.000000000000000000e+00 1.000000000000000000e+00 0.000000000000000000e+00 0.000000000000000000e+00 0.000000000000000000e+00
9.600000000000000000e+01 3.840071634652830745e-02 0.000000000000000000e+00 1.000000000000000000e+00 0.000000000000000000e+00 0.000000000000000000e+00 0.000000000000000000e+00
9.900000000000000000e+01 3.960073873235736563e-02 0.000000000000000000e+00 1.000000000000000000e+00 0.000000000000000000e+00 0.000000000000000000e+00 0.000000000000000000e+00
1.020000000000000000e+02 4.080076111818620177e-02 0.000000000000000000e+00 1.000000000000000000e+00 0.000000000000000000e+00 0.000000000000000000e+00 0.000000000000000000e+00
1.050000000000000000e+02 4.200078350401525995e-02 0.000000000000000000e+00 1.000000000000000000e+00 0.000000000000000000e+00 0.000000000000000000e+00 0.000000000000000000e+00
1.080000000000000000e+02 4.320080588984431813e-02 0.000000000000000000e+00 1.000000000000000000e+00 0.000000000000000000e+00 0.000000000000000000e+00 0.000000000000000000e+00
1.110000000000000000e+02 4.440082827567337631e-02 0.000000000000000000e+00 1.000000000000000000e+00 0.000000000000000000e+00 0.000000000000000000e+00 0.000000000000000000e+00
1.140000000000000000e+02 4.560085066150221245e-02 0.000000000000000000e+00 1.000000000000000000e+00 0.000000000000000000e+00 0.000000000000000000e+00 0.000000000000000000e+00
1.170000000000000000e+02 4.680087304733127063e-02 0.000000000000000000e+00 1.000000000000000000e+00 0.000000000000000000e+00 0.000000000000000000e+00 0.000000000000000000e+00
1.200000000000000000e+02 4.800089543316032881e-02 0.000000000000000000e+00 1.000000000000000000e+00 0.000000000000000000e+00 0.000000000000000000e+00 0.000000000000000000e+00
1.230000000000000000e+02 4.920091781898938699e-02 0.000000000000000000e+00 1.000000000000000000e+00 0.000000000000000000e+00 0.000000000000000000e+00 0.000000000000000000e+00
1.260000000000000000e+02 5.040094020481822312e-02 0.000000000000000000e+00 1.000000000000000000e+00 0.000000000000000000e+00 0.000000000000000000e+00 0.000000000000000000e+00
1.290000000000000000e+02 5.160096259064728130e-02 0.000000000000000000e+00 1.000000000000000000e+00 0.000000000000000000e+00 0.000000000000000000e+00 0.000000000000000000e+00
1.320000000000000000e+02 5.280098497647633948e-02 0.000000000000000000e+00 1.000000000000000000e+00 0.000000000000000000e+00 0.000000000000000000e+00 0.000000000000000000e+00
1.350000000000000000e+02 5.400100736230539766e-02 0.000000000000000000e+00 1.000000000000000000e+00 0.000000000000000000e+00 0.000000000000000000e+00 0.000000000000000000e+00
1.380000000000000000e+02 5.520102974813445584e-02 0.000000000000000000e+00 1.000000000000000000e+00 0.000000000000000000e+00 0.000000000000000000e+00 0.000000000000000000e+00
1.410000000000000000e+02 5.640105213396329198e-02 0.000000000000000000e+00 1.000000000000000000e+00 0.000000000000000000e+00 0.000000000000000000e+00 0.000000000000000000e+00
1.440000000000000000e+02 5.760107451979235016e-02 0.000000000000000000e+00 1.000000000000000000e+00 0.000000000000000000e+00 0.000000000000000000e+00 0.000000000000000000e+00
1.470000000000000000e+02 5.880109690562140834e-02 0.000000000000000000e+00 1.000000000000000000e+00 0.000000000000000000e+00 0.000000000000000000e+00 0.000000000000000000e+00
1.500000000000000000e+02 6.000111929145046652e-02 0.000000000000000000e+00 1.000000000000000000e+00 0.000000000000000000e+00 0.000000000000000000e+00 0.000000000000000000e+00
1.530000000000000000e+02 6.120114167727930266e-02 0.000000000000000000e+00 1.000000000000000000e+00 0.000000000000000000e+00 0.000000000000000000e+00 0.000000000000000000e+00
1.560000000000000000e+02 6.240116406310836084e-02 0.000000000000000000e+00 1.000000000000000000e+00 0.000000000000000000e+00 0.000000000000000000e+00 0.000000000000000000e+00
1.590000000000000000e+02 6.360118644893741902e-02 0.000000000000000000e+00 1.000000000000000000e+00 0.000000000000000000e+00 0.000000000000000000e+00 0.000000000000000000e+00
1.620000000000000000e+02 6.480120883476647720e-02 0.000000000000000000e+00 1.000000000000000000e+00 0.000000000000000000e+00 0.000000000000000000e+00 0.000000000000000000e+00
1.650000000000000000e+02 6.600123122059553538e-02 0.000000000000000000e+00 1.000000000000000000e+00 0.000000000000000000e+00 0.000000000000000000e+00 0.000000000000000000e+00
1.680000000000000000e+02 6.720125360642437151e-02 0.000000000000000000e+00 1.000000000000000000e+00 0.000000000000000000e+00 0.000000000000000000e+00 0.000000000000000000e+00
1.710000000000000000e+02 6.840127599225342969e-02 0.000000000000000000e+00 1.000000000000000000e+00 0.000000000000000000e+00 0.000000000000000000e+00 0.000000000000000000e+00
1.740000000000000000e+02 6.960129837808248787e-02 0.000000000000000000e+00 1.000000000000000000e+00 0.000000000000000000e+00 0.000000000000000000e+00 0.000000000000000000e+00
1.770000000000000000e+02 7.080132076391154605e-02 0.000000000000000000e+00 1.000000000000000000e+00 0.000000000000000000e+00 0.000000000000000000e+00 0.000000000000000000e+00
1.800000000000000000e+02 7.200134314974038219e-02 0.000000000000000000e+00 1.000000000000000000e+00 0.000000000000000000e+00 0.000000000000000000e+00 0.000000000000000000e+00
1.830000000000000000e+02 7.320136553556944037e-02 0.000000000000000000e+00 1.000000000000000000e+00 0.000000000000000000e+00 0.000000000000000000e+00 0.000000000000000000e+00
1.860000000000000000e+02 7.440138792139849855e-02 0.000000000000000000e+00 1.000000000000000000e+00 0.000000000000000000e+00 0.000000000000000000e+00 0.000000000000000000e+00
1.890000000000000000e+02 7.560141030722755673e-02 0.000000000000000000e+00 1.000000000000000000e+00 0.000000000000000000e+00 0.000000000000000000e+00 0.000000000000000000e+00
1.920000000000000000e+02 7.680143269305639286e-02 0.000000000000000000e+00 1.000000000000000000e+00 0.000000000000000000e+00 0.000000000000000000e+00 0.000000000000000000e+00
1.950000000000000000e+02 7.800145507888545104e-02 0.000000000000000000e+00 1.000000000000000000e+00 0.000000000000000000e+00 0.000000000000000000e+00 0.000000000000000000e+00
1.980000000000000000e+02 7.920147746471450922e-02 1.137915339098771066e-04 9.998862084660901095e-01 0.000000000000000000e+00 0.000000000000000000e+00 0.000000000000000000e+00
2.010000000000000000e+02 8.040149985054356740e-02 0.000000000000000000e+00 1.000000000000000000e+00 0.000000000000000000e+00 0.000000000000000000e+00 0.000000000000000000e+00
2.040000000000000000e+02 8.160152223637262558e-02 0.000000000000000000e+00 1.000000000000000000e+00 0.000000000000000000e+00 0.000000000000000000e+00 0.000000000000000000e+00
2.070000000000000000e+02 8.280154462220146172e-02 0.000000000000000000e+00 1.000000000000000000e+00 0.000000000000000000e+00 0.000000000000000000e+00 0.000000000000000000e+00
2.100000000000000000e+02 8.400156700803051990e-02 1.137915339098771066e-04 9.997724169321802190e-01 0.000000000000000000e+00 1.137915339098771066e-04 0.000000000000000000e+00
2.130000000000000000e+02 8.520158939385957808e-02 0.000000000000000000e+00 1.000000000000000000e+00 0.000000000000000000e+00 0.000000000000000000e+00 0.000000000000000000e+00
2.160000000000000000e+02 8.640161177968863626e-02 0.000000000000000000e+00 1.000000000000000000e+00 0.000000000000000000e+00 0.000000000000000000e+00 0.000000000000000000e+00
2.190000000000000000e+02 8.760163416551747240e-02 0.000000000000000000e+00 1.000000000000000000e+00 0.000000000000000000e+00 0.000000000000000000e+00 0.000000000000000000e+00
2.220000000000000000e+02 8.880165655134653058e-02 1.137915339098771066e-04 9.998862084660901095e-01 0.000000000000000000e+00 0.000000000000000000e+00 0.000000000000000000e+00
2.250000000000000000e+02 9.000167893717558876e-02 3.413746017296313199e-04 9.996586253982703285e-01 0.000000000000000000e+00 0.000000000000000000e+00 0.000000000000000000e+00
2.280000000000000000e+02 9.120170132300464694e-02 5.689576695493854790e-04 9.994310423304506585e-01 0.000000000000000000e+00 0.000000000000000000e+00 0.000000000000000000e+00
2.310000000000000000e+02 9.240172370883370512e-02 6.827492034592626399e-04 9.993172507965407680e-01 0.000000000000000000e+00 0.000000000000000000e+00 0.000000000000000000e+00
2.340000000000000000e+02 9.360174609466254125e-02 2.275830678197542133e-04 9.997724169321802190e-01 0.000000000000000000e+00 0.000000000000000000e+00 0.000000000000000000e+00
2.370000000000000000e+02 9.480176848049159943e-02 0.000000000000000000e+00 1.000000000000000000e+00 0.000000000000000000e+00 0.000000000000000000e+00 0.000000000000000000e+00
2.400000000000000000e+02 9.600179086632065761e-02 1.137915339098771066e-04 9.998862084660901095e-01 0.000000000000000000e+00 0.000000000000000000e+00 0.000000000000000000e+00
2.430000000000000000e+02 9.720181325214971579e-02 0.000000000000000000e+00 1.000000000000000000e+00 0.000000000000000000e+00 0.000000000000000000e+00 0.000000000000000000e+00
2.460000000000000000e+02 9.840183563797855193e-02 1.137915339098771066e-04 9.998862084660901095e-01 0.000000000000000000e+00 0.000000000000000000e+00 0.000000000000000000e+00
2.490000000000000000e+02 9.960185802380761011e-02 6.827492034592626399e-04 9.993172507965407680e-01 0.000000000000000000e+00 0.000000000000000000e+00 0.000000000000000000e+00
2.520000000000000000e+02 1.008018804096366683e-01 9.103322712790168532e-04 9.990896677287209870e-01 0.000000000000000000e+00 0.000000000000000000e+00 0.000000000000000000e+00
2.550000000000000000e+02 1.020019027954657265e-01 7.965407373691396923e-04 9.992034592626308775e-01 0.000000000000000000e+00 0.000000000000000000e+00 0.000000000000000000e+00
2.580000000000000000e+02 1.032019251812945626e-01 9.103322712790168532e-04 9.990896677287209870e-01 0.000000000000000000e+00 0.000000000000000000e+00 0.000000000000000000e+00
2.610000000000000000e+02 1.044019475671236208e-01 1.024123805188893906e-03 9.989758761948110966e-01 0.000000000000000000e+00 0.000000000000000000e+00 0.000000000000000000e+00
2.640000000000000000e+02 1.056019699529526790e-01 1.251706873008648227e-03 9.987482931269913156e-01 0.000000000000000000e+00 0.000000000000000000e+00 0.000000000000000000e+00
2.670000000000000000e+02 1.068019923387817371e-01 7.965407373691396923e-04 9.992034592626308775e-01 0.000000000000000000e+00 0.000000000000000000e+00 0.000000000000000000e+00
2.700000000000000000e+02 1.080020147246107953e-01 1.137915339098770958e-03 9.988620846609012061e-01 0.000000000000000000e+00 0.000000000000000000e+00 0.000000000000000000e+00
2.730000000000000000e+02 1.092020371104396315e-01 1.251706873008648227e-03 9.987482931269913156e-01 0.000000000000000000e+00 0.000000000000000000e+00 0.000000000000000000e+00
2.760000000000000000e+02 1.104020594962686896e-01 1.593081474738279385e-03 9.984069185252617551e-01 0.000000000000000000e+00 0.000000000000000000e+00 0.000000000000000000e+00
2.790000000000000000e+02 1.116020818820977478e-01 1.593081474738279385e-03 9.982931269913518646e-01 0.000000000000000000e+00 1.137915339098771066e-04 0.000000000000000000e+00
2.820000000000000000e+02 1.128021042679268060e-01 2.617205279927173507e-03 9.971552116522530707e-01 0.000000000000000000e+00 2.275830678197542133e-04 0.000000000000000000e+00
2.850000000000000000e+02 1.140021266537556421e-01 2.844788347746927612e-03 9.971552116522530707e-01 0.000000000000000000e+00 0.000000000000000000e+00 0.000000000000000000e+00
2.880000000000000000e+02 1.152021490395847003e-01 3.527537551206190360e-03 9.963586709148839482e-01 0.000000000000000000e+00 1.137915339098771066e-04 0.000000000000000000e+00
2.910000000000000000e+02 1.164021714254137585e-01 2.617205279927173507e-03 9.972690031861629611e-01 0.000000000000000000e+00 1.137915339098771066e-04 0.000000000000000000e+00
2.940000000000000000e+02 1.176021938112428167e-01 3.982703686845699004e-03 9.960172963131542767e-01 0.000000000000000000e+00 0.000000000000000000e+00 0.000000000000000000e+00
2.970000000000000000e+02 1.188022161970718749e-01 3.868912152935821518e-03 9.961310878470641672e-01 0.000000000000000000e+00 0.000000000000000000e+00 0.000000000000000000e+00
3.000000000000000000e+02 1.200022385829007110e-01 4.210286754665453109e-03 9.956759217114247162e-01 0.000000000000000000e+00 1.137915339098771066e-04 0.000000000000000000e+00
3.030000000000000000e+02 1.212022609687297692e-01 5.689576695493855224e-03 9.939690487027764698e-01 0.000000000000000000e+00 3.413746017296313199e-04 0.000000000000000000e+00
3.060000000000000000e+02 1.224022833545588274e-01 4.437869822485207214e-03 9.952207555757851543e-01 0.000000000000000000e+00 3.413746017296313199e-04 0.000000000000000000e+00
3.090000000000000000e+02 1.236023057403878855e-01 4.893035958124715423e-03 9.948793809740554828e-01 0.000000000000000000e+00 2.275830678197542133e-04 0.000000000000000000e+00
3.120000000000000000e+02 1.248023281262167217e-01 7.510241238051888930e-03 9.920345926263085534e-01 0.000000000000000000e+00 4.551661356395084266e-04 0.000000000000000000e+00
3.150000000000000000e+02 1.260023505120457799e-01 8.420573509330906217e-03 9.914656349567592120e-01 0.000000000000000000e+00 1.137915339098771066e-04 0.000000000000000000e+00
3.180000000000000000e+02 1.272023728978748380e-01 9.330905780609922637e-03 9.904415111515703085e-01 0.000000000000000000e+00 2.275830678197542133e-04 0.000000000000000000e+00
3.210000000000000000e+02 1.284023952837038962e-01 1.081019572143832562e-02 9.889622212107419541e-01 0.000000000000000000e+00 2.275830678197542133e-04 0.000000000000000000e+00
3.240000000000000000e+02 1.296024176695327323e-01 1.115157032316795548e-02 9.883932635411925016e-01 0.000000000000000000e+00 4.551661356395084266e-04 0.000000000000000000e+00
3.270000000000000000e+02 1.308024400553617905e-01 1.046882111970869403e-02 9.893035958124715146e-01 0.000000000000000000e+00 2.275830678197542133e-04 0.000000000000000000e+00
3.300000000000000000e+02 1.320024624411908487e-01 1.513427401001365448e-02 9.845243513882566688e-01 0.000000000000000000e+00 3.413746017296313199e-04 0.000000000000000000e+00
3.330000000000000000e+02 1.332024848270199069e-01 1.843422849340009204e-02 9.808830223031406170e-01 0.000000000000000000e+00 6.827492034592626399e-04 0.000000000000000000e+00
3.360000000000000000e+02 1.344025072128489651e-01 2.457897132453345374e-02 9.739417387346381849e-01 0.000000000000000000e+00 1.479289940828402332e-03 0.000000000000000000e+00
3.390000000000000000e+02 1.356025295986778012e-01 2.514792899408284030e-02 9.729176149294492815e-01 0.000000000000000000e+00 1.934456076467910759e-03 0.000000000000000000e+00
3.420000000000000000e+02 1.368025519845068594e-01 2.412380518889394726e-02 9.745106964041875264e-01 0.000000000000000000e+00 1.365498406918525280e-03 0.000000000000000000e+00
3.450000000000000000e+02 1.380025743703359176e-01 2.913063268092853930e-02 9.699590350477924616e-01 0.000000000000000000e+00 9.103322712790168532e-04 0.000000000000000000e+00
3.480000000000000000e+02 1.392025967561649757e-01 3.686845698680018407e-02 9.618798361401911245e-01 0.000000000000000000e+00 1.251706873008648227e-03 0.000000000000000000e+00
3.510000000000000000e+02 1.404026191419938119e-01 4.654073736913973830e-02 9.519799726900318726e-01 0.000000000000000000e+00 1.479289940828402332e-03 0.000000000000000000e+00
3.540000000000000000e+02 1.416026415278228701e-01 5.257168866636321991e-02 9.457214383249886724e-01 0.000000000000000000e+00 1.706873008648156654e-03 0.000000000000000000e+00
3.570000000000000000e+02 1.428026639136519282e-01 5.905780609922621494e-02 9.379836140191170069e-01 0.000000000000000000e+00 2.958579881656804664e-03 0.000000000000000000e+00
3.600000000000000000e+02 1.440026862994809864e-01 7.089212562585343880e-02 9.256941283568502765e-01 0.000000000000000000e+00 3.413746017296313308e-03 0.000000000000000000e+00
3.630000000000000000e+02 1.452027086853100446e-01 8.648156577150660496e-02 9.093081474738279324e-01 0.000000000000000000e+00 4.210286754665453109e-03 0.000000000000000000e+00
3.660000000000000000e+02 1.464027310711388807e-01 1.065088757396449731e-01 8.873463814292216201e-01 0.000000000000000000e+00 6.144742831133363434e-03 0.000000000000000000e+00
3.690000000000000000e+02 1.476027534569679389e-01 1.298361401911697632e-01 8.624260355029585989e-01 0.000000000000000000e+00 7.737824305871643035e-03 0.000000000000000000e+00
3.720000000000000000e+02 1.488027758427969971e-01 1.478152025489303523e-01 8.427401001365498745e-01 0.000000000000000000e+00 9.444697314519799256e-03 0.000000000000000000e+00
3.750000000000000000e+02 1.500027982286260553e-01 1.713700500682749095e-01 8.178197542102867423e-01 0.000000000000000000e+00 1.081019572143832562e-02 0.000000000000000000e+00
3.780000000000000000e+02 1.512028206144548914e-01 2.007282658170232159e-01 7.858443331816112876e-01 0.000000000000000000e+00 1.342740100136549826e-02 0.000000000000000000e+00
3.810000000000000000e+02 1.524028430002839496e-01 2.345243513882567243e-01 7.471552116522530707e-01 0.000000000000000000e+00 1.832043695949021542e-02 0.000000000000000000e+00
3.840000000000000000e+02 1.536028653861130078e-01 2.684342284934000955e-01 7.092626308602639762e-01 0.000000000000000000e+00 2.230314064633591095e-02 0.000000000000000000e+00
3.870000000000000000e+02 1.548028877719420660e-01 3.100819299044151323e-01 6.588529813381884814e-01 0.000000000000000000e+00 3.106508875739644876e-02 0.000000000000000000e+00
3.900000000000000000e+02 1.560029101577709021e-01 3.625398270368684339e-01 5.997951752389621971e-01 0.000000000000000000e+00 3.766499772416932040e-02 0.000000000000000000e+00
3.930000000000000000e+02 1.572029325435999603e-01 4.131770596267637652e-01 5.400546199362767918e-01 0.000000000000000000e+00 4.676832043695949154e-02 0.000000000000000000e+00
3.960000000000000000e+02 1.584029549294290184e-01 4.656349567592171224e-01 4.738279472007282389e-01 0.000000000000000000e+00 6.053709604005461792e-02 0.000000000000000000e+00
3.990000000000000000e+02 1.596029773152580766e-01 5.079654073736914466e-01 4.193218024578971304e-01 0.000000000000000000e+00 7.271279016841146470e-02 0.000000000000000000e+00
4.020000000000000000e+02 1.608029997010871348e-01 5.505234410559853853e-01 3.616294947655894210e-01 0.000000000000000000e+00 8.784706417842512438e-02 0.000000000000000000e+00
4.050000000000000000e+02 1.620030220869159709e-01 5.946745562130177909e-01 3.025716886663632477e-01 1.137915339098771066e-04 1.026399635867091542e-01 0.000000000000000000e+00
4.080000000000000000e+02 1.632030444727450291e-01 6.317705962676376519e-01 2.467000455166135642e-01 1.137915339098771066e-04 1.214155666818388657e-01 0.000000000000000000e+00
4.110000000000000000e+02 1.644030668585740873e-01 6.645425580336823401e-01 1.979972690031861493e-01 5.689576695493854790e-04 1.368912152935821691e-01 0.000000000000000000e+00
4.140000000000000000e+02 1.656030892444031455e-01 6.909421939007738267e-01 1.566909421939007840e-01 7.965407373691396923e-04 1.515703231679562946e-01 0.000000000000000000e+00
4.170000000000000000e+02 1.668031116302319816e-01 7.106281292671825511e-01 1.209604005461993592e-01 1.137915339098770958e-03 1.672735548475193512e-01 0.000000000000000000e+00
4.200000000000000000e+02 1.680031340160610398e-01 7.239417387346381849e-01 9.456076467910787264e-02 1.934456076467910759e-03 1.795630405097860816e-01 0.000000000000000000e+00
4.230000000000000000e+02 1.692031564018900980e-01 7.325898953117887524e-01 7.669549385525717411e-02 3.755120619025944465e-03 1.869594902139280757e-01 0.000000000000000000e+00
4.260000000000000000e+02 1.704031787877191562e-01 7.428311333636777869e-01 5.769230769230769551e-02 5.006827492034592909e-03 1.944697314519799602e-01 0.000000000000000000e+00
4.290000000000000000e+02 1.716032011735482143e-01 7.448793809740554828e-01 4.676832043695949154e-02 4.893035958124715423e-03 2.034592626308602548e-01 0.000000000000000000e+00
4.320000000000000000e+02 1.728032235593770505e-01 7.441966317705962508e-01 3.812016385980882688e-02 5.234410559854347014e-03 2.124487938097405493e-01 0.000000000000000000e+00
4.350000000000000000e+02 1.740032459452061087e-01 7.476103777878926326e-01 3.095129722348657214e-02 5.234410559854347014e-03 2.162039144287664916e-01 0.000000000000000000e+00
4.380000000000000000e+02 1.752032683310351668e-01 7.481793354574419741e-01 2.605826126536185672e-02 6.372325898953117539e-03 2.193900773782430647e-01 0.000000000000000000e+00
4.410000000000000000e+02 1.764032907168642250e-01 7.486345015930814251e-01 2.139280837505689453e-02 7.168866636322257339e-03 2.228038233955393632e-01 0.000000000000000000e+00
4.440000000000000000e+02 1.776033131026930612e-01 7.443104233045061413e-01 1.923076923076923184e-02 8.079198907601274626e-03 2.283796085571233592e-01 0.000000000000000000e+00
4.470000000000000000e+02 1.788033354885221193e-01 7.398725534820209671e-01 1.832043695949021542e-02 8.306781975421027864e-03 2.335002275830678209e-01 0.000000000000000000e+00
4.500000000000000000e+02 1.800033578743511775e-01 7.354346836595356818e-01 1.593081474738279601e-02 8.875739644970414427e-03 2.397587619481110488e-01 0.000000000000000000e+00
4.530000000000000000e+02 1.812033802601802357e-01 7.324761037778789730e-01 1.752389622212107562e-02 1.046882111970869403e-02 2.395311788802912956e-01 0.000000000000000000e+00
4.560000000000000000e+02 1.824034026460090718e-01 7.287209831588530307e-01 1.820664542558033533e-02 1.183431952662721866e-02 2.412380518889394587e-01 0.000000000000000000e+00
4.590000000000000000e+02 1.836034250318381300e-01 7.274692762858443462e-01 1.672735548475193582e-02 1.228948566226672687e-02 2.435138825671370189e-01 0.000000000000000000e+00
4.620000000000000000e+02 1.848034474176671882e-01 7.239417387346381849e-01 1.695493855257168905e-02 1.206190259444697363e-02 2.470414201183432079e-01 0.000000000000000000e+00
4.650000000000000000e+02 1.860034698034962464e-01 7.226900318616295005e-01 1.581702321347291593e-02 1.479289940828402289e-02 2.467000455166135642e-01 0.000000000000000000e+00
4.680000000000000000e+02 1.872034921893253046e-01 7.221210741920801590e-01 1.627218934911242587e-02 1.741010468821119553e-02 2.441966317705962786e-01 0.000000000000000000e+00
4.710000000000000000e+02 1.884035145751541407e-01 7.199590350477924616e-01 1.752389622212107562e-02 1.888939462903959851e-02 2.436276741010468816e-01 0.000000000000000000e+00
4.740000000000000000e+02 1.896035369609831989e-01 7.204142011834319126e-01 1.627218934911242587e-02 1.957214383249886169e-02 2.437414656349567721e-01 0.000000000000000000e+00
4.770000000000000000e+02 1.908035593468122570e-01 7.198452435138825711e-01 1.752389622212107562e-02 2.298588984979517413e-02 2.396449704142011861e-01 0.000000000000000000e+00
4.800000000000000000e+02 1.920035817326413152e-01 7.198452435138825711e-01 1.945835229858898507e-02 2.492034592626308706e-02 2.357760582612653533e-01 0.000000000000000000e+00
4.830000000000000000e+02 1.932036041184701514e-01 7.199590350477924616e-01 1.968593536640873831e-02 2.753755120619025970e-02 2.328174783796085612e-01 0.000000000000000000e+00
4.860000000000000000e+02 1.944036265042992095e-01 7.231451979972689514e-01 2.002730996813837164e-02 3.322712790168411146e-02 2.236003641329085134e-01 0.000000000000000000e+00
4.890000000000000000e+02 1.956036488901282677e-01 7.304278561675011661e-01 2.105143377332726468e-02 3.607191624943104080e-02 2.124487938097405493e-01 0.000000000000000000e+00
4.920000000000000000e+02 1.968036712759573259e-01 7.350933090578061213e-01 2.116522530723714129e-02 4.050978607191624975e-02 2.032316795630405015e-01 0.000000000000000000e+00
4.950000000000000000e+02 1.980036936617863841e-01 7.336140191169776559e-01 2.332726445152480746e-02 4.449248975876194528e-02 1.985662266727355463e-01 0.000000000000000000e+00
4.980000000000000000e+02 1.992037160476152202e-01 7.394173873463814051e-01 2.321347291761493084e-02 4.745106964041875125e-02 1.899180700955848955e-01 0.000000000000000000e+00
5.010000000000000000e+02 2.004037384334442784e-01 7.426035502958580059e-01 2.469276285844333035e-02 4.961310878470642088e-02 1.830905780609922706e-01 0.000000000000000000e+00
5.040000000000000000e+02 2.016037608192733366e-01 7.507965407373691225e-01 2.583067819754210348e-02 5.405097860719162289e-02 1.693218024578971304e-01 0.000000000000000000e+00
5.070000000000000000e+02 2.028037832051023948e-01 7.585343650432407880e-01 2.787892580791988956e-02 5.757851615839781195e-02 1.560081929904415243e-01 0.000000000000000000e+00
5.100000000000000000e+02 2.040038055909312309e-01 7.682066454255803700e-01 2.753755120619025970e-02 6.042330450614474130e-02 1.438324988620846567e-01 0.000000000000000000e+00
5.130000000000000000e+02 2.052038279767602891e-01 7.717341829767865313e-01 2.674101046882111990e-02 6.372325898953118406e-02 1.378015475648611821e-01 0.000000000000000000e+00
5.160000000000000000e+02 2.064038503625893473e-01 7.735548475193445572e-01 2.742375967228038308e-02 6.634046426945834629e-02 1.326809285389166926e-01 0.000000000000000000e+00
5.190000000000000000e+02 2.076038727484184054e-01 7.726445152480655443e-01 2.878925807919890598e-02 6.998179335457442585e-02 1.285844333181611343e-01 0.000000000000000000e+00
5.220000000000000000e+02 2.088038951342472416e-01 7.792444242148384159e-01 2.992717341829767910e-02 7.089212562585343880e-02 1.199362767410104696e-01 0.000000000000000000e+00
5.250000000000000000e+02 2.100039175200762998e-01 7.815202548930360038e-01 3.095129722348657214e-02 7.294037323623121793e-02 1.145880746472462408e-01 0.000000000000000000e+00
5.280000000000000000e+02 2.112039399059053579e-01 7.875512061902594230e-01 3.095129722348657214e-02 7.567137005006827066e-02 1.058261265361857134e-01 0.000000000000000000e+00
5.310000000000000000e+02 2.124039622917344161e-01 7.963131543013199920e-01 3.015475648611743234e-02 7.385070550751024476e-02 9.968138370505234824e-02 0.000000000000000000e+00
5.340000000000000000e+02 2.136039846775634743e-01 7.968821119708693335e-01 3.095129722348657214e-02 7.624032771961765376e-02 9.592626308602640595e-02 0.000000000000000000e+00
5.370000000000000000e+02 2.148040070633923104e-01 7.987027765134273594e-01 3.197542102867546865e-02 7.851615839781520001e-02 9.080564406008193035e-02 0.000000000000000000e+00
5.400000000000000000e+02 2.160040294492213686e-01 8.048475193445607800e-01 3.265817023213472836e-02 7.646791078743742087e-02 8.602639963586708460e-02 0.000000000000000000e+00
5.430000000000000000e+02 2.172040518350504268e-01 8.137232589895311285e-01 3.243058716431497512e-02 7.248520710059171146e-02 8.136094674556212936e-02 0.000000000000000000e+00
5.460000000000000000e+02 2.184040742208794850e-01 8.169094219390077294e-01 3.254437869822485174e-02 7.191624943104232837e-02 7.862994993172507663e-02 0.000000000000000000e+00
5.490000000000000000e+02 2.196040966067083211e-01 8.129267182521620061e-01 3.459262630860263782e-02 7.305416477014110843e-02 7.942649066909421296e-02 0.000000000000000000e+00
5.520000000000000000e+02 2.208041189925373793e-01 8.166818388711879484e-01 3.436504324078288458e-02 7.043695949021393232e-02 7.851615839781520001e-02 0.000000000000000000e+00
5.550000000000000000e+02 2.220041413783664375e-01 8.164542558033682784e-01 3.390987710514337811e-02 7.180245789713245175e-02 7.783340919435594030e-02 0.000000000000000000e+00
5.580000000000000000e+02 2.232041637641954956e-01 8.179335457441966328e-01 3.561675011379153433e-02 7.066454255803368556e-02 7.578516158397814728e-02 0.000000000000000000e+00
5.610000000000000000e+02 2.244041861500245538e-01 8.198680018206645492e-01 3.607191624943104080e-02 6.941283568502502888e-02 7.464724624487938109e-02 0.000000000000000000e+00
5.640000000000000000e+02 2.256042085358533900e-01 8.245334547109695045e-01 3.664087391898043083e-02 6.645425580336822291e-02 7.237141556668183484e-02 0.000000000000000000e+00
5.670000000000000000e+02 2.268042309216824481e-01 8.256713700500682984e-01 3.777878925807919702e-02 6.508875739644970349e-02 7.146108329540282189e-02 0.000000000000000000e+00
5.700000000000000000e+02 2.280042533075115063e-01 8.287437414656350088e-01 3.766499772416932040e-02 6.451979972690032039e-02 6.907146108329539902e-02 0.000000000000000000e+00
5.730000000000000000e+02 2.292042756933405645e-01 8.335229858898497435e-01 3.607191624943104080e-02 6.315430131998178709e-02 6.725079654073737312e-02 0.000000000000000000e+00
5.760000000000000000e+02 2.304042980791694006e-01 8.348884842967683184e-01 3.812016385980882688e-02 6.372325898953118406e-02 6.326809285389166371e-02 0.000000000000000000e+00
5.790000000000000000e+02 2.316043204649984588e-01 8.385298133818843702e-01 3.789258079198907364e-02 6.281292671825215723e-02 6.076467910787437116e-02 0.000000000000000000e+00
5.820000000000000000e+02 2.328043428508275170e-01 8.404642694583522866e-01 3.686845698680018407e-02 6.315430131998178709e-02 5.951297223486572835e-02 0.000000000000000000e+00
5.850000000000000000e+02 2.340043652366565752e-01 8.421711424670004220e-01 3.584433318161128756e-02 6.554392353208920996e-02 5.644060081929904577e-02 0.000000000000000000e+00
5.880000000000000000e+02 2.352043876224854113e-01 8.438780154756485574e-01 3.755120619025944378e-02 6.406463359126081392e-02 5.450614474283113631e-02 0.000000000000000000e+00
5.910000000000000000e+02 2.364044100083144695e-01 8.431952662721893255e-01 3.629949931725079404e-02 6.543013199817933334e-02 5.507510241238051940e-02 0.000000000000000000e+00
5.940000000000000000e+02 2.376044323941435277e-01 8.431952662721893255e-01 3.937187073281747662e-02 6.463359126081019701e-02 5.279927173418298009e-02 0.000000000000000000e+00
5.970000000000000000e+02 2.388044547799725859e-01 8.402366863905325056e-01 3.925807919890760000e-02 6.599908966772871644e-02 5.450614474283113631e-02 0.000000000000000000e+00
6.000000000000000000e+02 2.400044771658016440e-01 8.430814747382794350e-01 3.834774692762858705e-02 6.508875739644970349e-02 5.348202093764223980e-02 0.000000000000000000e+00
6.030000000000000000e+02 2.412044995516304802e-01 8.431952662721893255e-01 3.914428766499772339e-02 6.440600819299044377e-02 5.325443786982248656e-02 0.000000000000000000e+00
6.060000000000000000e+02 2.424045219374595383e-01 8.466090122894857073e-01 3.800637232589895026e-02 6.247155211652252738e-02 5.291306326809285671e-02 0.000000000000000000e+00
6.090000000000000000e+02 2.436045443232885965e-01 8.471779699590350488e-01 3.732362312243969055e-02 6.338188438780155420e-02 5.211652253072371344e-02 0.000000000000000000e+00
6.120000000000000000e+02 2.448045667091176547e-01 8.476331360946746107e-01 3.709604005461993731e-02 6.281292671825215723e-02 5.245789713245334329e-02 0.000000000000000000e+00
6.150000000000000000e+02 2.460045890949464908e-01 8.495675921711424161e-01 3.561675011379153433e-02 6.167501137915339104e-02 5.314064633591260994e-02 0.000000000000000000e+00
6.180000000000000000e+02 2.472046114807755490e-01 8.518434228493400040e-01 3.538916704597178109e-02 6.167501137915339104e-02 5.109239872553481693e-02 0.000000000000000000e+00
6.210000000000000000e+02 2.484046338666046072e-01 8.518434228493400040e-01 3.641329085116067066e-02 6.144742831133363781e-02 5.029585798816568060e-02 0.000000000000000000e+00
6.240000000000000000e+02 2.496046562524336654e-01 8.527537551206190169e-01 3.573054164770141095e-02 6.247155211652252738e-02 4.904415111515703085e-02 0.000000000000000000e+00
6.270000000000000000e+02 2.508046786382627236e-01 8.512744651797906625e-01 3.584433318161128756e-02 6.292671825216203385e-02 4.995448338643605074e-02 0.000000000000000000e+00
6.300000000000000000e+02 2.520047010240915597e-01 8.500227583067819781e-01 3.618570778334091742e-02 6.463359126081019701e-02 4.915794264906690747e-02 0.000000000000000000e+00
6.330000000000000000e+02 2.532047234099206179e-01 8.477469276285843902e-01 3.698224852071006069e-02 6.486117432862995025e-02 5.040964952207555722e-02 0.000000000000000000e+00
6.360000000000000000e+02 2.544047457957496761e-01 8.474055530268548297e-01 3.777878925807919702e-02 6.668183887118799003e-02 4.813381884387801790e-02 0.000000000000000000e+00
6.390000000000000000e+02 2.556047681815787342e-01 8.488848429676831842e-01 3.789258079198907364e-02 6.588529813381883982e-02 4.733727810650887463e-02 0.000000000000000000e+00
6.420000000000000000e+02 2.568047905674075704e-01 8.475193445607647202e-01 3.812016385980882688e-02 6.645425580336822291e-02 4.790623577605826466e-02 0.000000000000000000e+00
6.450000000000000000e+02 2.580048129532366286e-01 8.480883022303140617e-01 3.982703686845699004e-02 6.565771506599908658e-02 4.642694583522986168e-02 0.000000000000000000e+00
6.480000000000000000e+02 2.592048353390656867e-01 8.519572143832498945e-01 3.914428766499772339e-02 6.463359126081019701e-02 4.426490669094219205e-02 0.000000000000000000e+00
6.510000000000000000e+02 2.604048577248947449e-01 8.534365043240782489e-01 3.948566226672735324e-02 6.451979972690032039e-02 4.255803368229403583e-02 0.000000000000000000e+00
6.540000000000000000e+02 2.616048801107235811e-01 8.509330905780609910e-01 3.948566226672735324e-02 6.486117432862995025e-02 4.472007282658170546e-02 0.000000000000000000e+00
6.570000000000000000e+02 2.628049024965526392e-01 8.502503413746017591e-01 3.732362312243969055e-02 6.679563040509786664e-02 4.563040509786071841e-02 0.000000000000000000e+00
6.600000000000000000e+02 2.640049248823816974e-01 8.485434683659536237e-01 3.846153846153846367e-02 6.713700500682749650e-02 4.585798816568047165e-02 0.000000000000000000e+00
6.630000000000000000e+02 2.652049472682107556e-01 8.425125170687300935e-01 4.005461993627674328e-02 6.941283568502502888e-02 4.802002730996814128e-02 0.000000000000000000e+00
6.660000000000000000e+02 2.664049696540398138e-01 8.433090578060992160e-01 4.005461993627674328e-02 7.066454255803368556e-02 4.597177969959034827e-02 0.000000000000000000e+00
6.690000000000000000e+02 2.676049920398686499e-01 8.439918070095584479e-01 4.176149294492489950e-02 6.952662721893490549e-02 4.472007282658170546e-02 0.000000000000000000e+00
6.720000000000000000e+02 2.688050144256977081e-01 8.428538916704597650e-01 4.358215748748293233e-02 7.020937642239417908e-02 4.335457441966317910e-02 0.000000000000000000e+00
6.750000000000000000e+02 2.700050368115267663e-01 8.444469731451980099e-01 4.335457441966317910e-02 7.066454255803368556e-02 4.153390987710514626e-02 0.000000000000000000e+00
6.780000000000000000e+02 2.712050591973558245e-01 8.419435593991807520e-01 4.494765589440145870e-02 7.055075102412380894e-02 4.255803368229403583e-02 0.000000000000000000e+00
6.810000000000000000e+02 2.724050815831846606e-01 8.421711424670004220e-01 4.483386436049158208e-02 7.032316795630405570e-02 4.267182521620391245e-02 0.000000000000000000e+00
