# itime ezz other fcc hcp bcc ico
0.000000000000000000e+00 0.000000000000000000e+00 0.000000000000000000e+00 1.000000000000000000e+00 0.000000000000000000e+00 0.000000000000000000e+00 0.000000000000000000e+00
2.500000000000000000e+02 9.999539956218050918e-04 1.593081474738279385e-03 9.984069185252617551e-01 0.000000000000000000e+00 0.000000000000000000e+00 0.000000000000000000e+00
5.000000000000000000e+02 1.999907991243610184e-03 4.551661356395084266e-04 9.995448338643604380e-01 0.000000000000000000e+00 0.000000000000000000e+00 0.000000000000000000e+00
7.500000000000000000e+02 2.999861986865415275e-03 1.251706873008648227e-03 9.987482931269913156e-01 0.000000000000000000e+00 0.000000000000000000e+00 0.000000000000000000e+00
1.000000000000000000e+03 3.999815982487220367e-03 9.103322712790168532e-04 9.989758761948110966e-01 0.000000000000000000e+00 1.137915339098771066e-04 0.000000000000000000e+00
1.250000000000000000e+03 4.999769978109025459e-03 1.479289940828402332e-03 9.985207100591716456e-01 0.000000000000000000e+00 0.000000000000000000e+00 0.000000000000000000e+00
1.500000000000000000e+03 5.999723973730830551e-03 2.162039144287664864e-03 9.978379608557123026e-01 0.000000000000000000e+00 0.000000000000000000e+00 0.000000000000000000e+00
1.750000000000000000e+03 6.999677969352635643e-03 2.275830678197542133e-04 9.997724169321802190e-01 0.000000000000000000e+00 0.000000000000000000e+00 0.000000000000000000e+00
2.000000000000000000e+03 7.999631964974440734e-03 1.024123805188893906e-03 9.989758761948110966e-01 0.000000000000000000e+00 0.000000000000000000e+00 0.000000000000000000e+00
2.250000000000000000e+03 8.999585960596245826e-03 2.275830678197542133e-04 9.997724169321802190e-01 0.000000000000000000e+00 0.000000000000000000e+00 0.000000000000000000e+00
2.500000000000000000e+03 9.999539956218050918e-03 1.137915339098770958e-03 9.988620846609012061e-01 0.000000000000000000e+00 0.000000000000000000e+00 0.000000000000000000e+00
2.750000000000000000e+03 1.099949395183985601e-02 1.024123805188893906e-03 9.989758761948110966e-01 0.000000000000000000e+00 0.000000000000000000e+00 0.000000000000000000e+00
3.000000000000000000e+03 1.199944794746166110e-02 7.965407373691396923e-04 9.992034592626308775e-01 0.000000000000000000e+00 0.000000000000000000e+00 0.000000000000000000e+00
3.250000000000000000e+03 1.299940194308346619e-02 7.965407373691396923e-04 9.992034592626308775e-01 0.000000000000000000e+00 0.000000000000000000e+00 0.000000000000000000e+00
3.500000000000000000e+03 1.399935593870527129e-02 1.365498406918525280e-03 9.986345015930814251e-01 0.000000000000000000e+00 0.000000000000000000e+00 0.000000000000000000e+00
3.750000000000000000e+03 1.499930993432707638e-02 2.617205279927173507e-03 9.972690031861629611e-01 0.000000000000000000e+00 1.137915339098771066e-04 0.000000000000000000e+00
4.000000000000000000e+03 1.599926392994888147e-02 4.551661356395084266e-04 9.995448338643604380e-01 0.000000000000000000e+00 0.000000000000000000e+00 0.000000000000000000e+00
4.250000000000000000e+03 1.699921792557068656e-02 2.048247610377787811e-03 9.979517523896221931e-01 0.000000000000000000e+00 0.000000000000000000e+00 0.000000000000000000e+00
4.500000000000000000e+03 1.799917192119249165e-02 1.593081474738279385e-03 9.984069185252617551e-01 0.000000000000000000e+00 0.000000000000000000e+00 0.000000000000000000e+00
4.750000000000000000e+03 1.899912591681429674e-02 1.934456076467910759e-03 9.980655439235320836e-01 0.000000000000000000e+00 0.000000000000000000e+00 0.000000000000000000e+00
5.000000000000000000e+03 1.999907991243610184e-02 2.162039144287664864e-03 9.978379608557123026e-01 0.000000000000000000e+00 0.000000000000000000e+00 0.000000000000000000e+00
5.250000000000000000e+03 2.099903390805790693e-02 2.048247610377787811e-03 9.978379608557123026e-01 0.000000000000000000e+00 1.137915339098771066e-04 0.000000000000000000e+00
5.500000000000000000e+03 2.199898790367971202e-02 2.275830678197541916e-03 9.977241693218024121e-01 0.000000000000000000e+00 0.000000000000000000e+00 0.000000000000000000e+00
5.750000000000000000e+03 2.299894189930151711e-02 1.820664542558033706e-03 9.980655439235320836e-01 0.000000000000000000e+00 1.137915339098771066e-04 0.000000000000000000e+00
6.000000000000000000e+03 2.399889589492332220e-02 4.779244424214838804e-03 9.952207555757851543e-01 0.000000000000000000e+00 0.000000000000000000e+00 0.000000000000000000e+00
6.250000000000000000e+03 2.499884989054534934e-02 1.479289940828402332e-03 9.985207100591716456e-01 0.000000000000000000e+00 0.000000000000000000e+00 0.000000000000000000e+00
6.500000000000000000e+03 2.599880388616715443e-02 5.803368229403732710e-03 9.937414656349567998e-01 0.000000000000000000e+00 4.551661356395084266e-04 0.000000000000000000e+00
6.750000000000000000e+03 2.699875788178895952e-02 3.186162949476558769e-03 9.965862539827037292e-01 0.000000000000000000e+00 2.275830678197542133e-04 0.000000000000000000e+00
7.000000000000000000e+03 2.799871187741076461e-02 3.186162949476558769e-03 9.967000455166135087e-01 0.000000000000000000e+00 1.137915339098771066e-04 0.000000000000000000e+00
7.250000000000000000e+03 2.899866587303256971e-02 3.413746017296313308e-03 9.964724624487938387e-01 0.000000000000000000e+00 1.137915339098771066e-04 0.000000000000000000e+00
7.500000000000000000e+03 2.999861986865437480e-02 3.527537551206190360e-03 9.964724624487938387e-01 0.000000000000000000e+00 0.000000000000000000e+00 0.000000000000000000e+00
7.750000000000000000e+03 3.099857386427617989e-02 4.893035958124715423e-03 9.949931725079653733e-01 0.000000000000000000e+00 1.137915339098771066e-04 0.000000000000000000e+00
8.000000000000000000e+03 3.199852785989798498e-02 6.827492034592626616e-03 9.929449248975875664e-01 0.000000000000000000e+00 2.275830678197542133e-04 0.000000000000000000e+00
8.250000000000000000e+03 3.299848185551979007e-02 4.551661356395083832e-03 9.954483386436049352e-01 0.000000000000000000e+00 0.000000000000000000e+00 0.000000000000000000e+00
8.500000000000000000e+03 3.399843585114159517e-02 4.210286754665453109e-03 9.953345471096950448e-01 0.000000000000000000e+00 4.551661356395084266e-04 0.000000000000000000e+00
8.750000000000000000e+03 3.499838984676340026e-02 9.217114246700046018e-03 9.905553026854801990e-01 0.000000000000000000e+00 2.275830678197542133e-04 0.000000000000000000e+00
9.000000000000000000e+03 3.599834384238520535e-02 6.713700500682749130e-03 9.931725079654073474e-01 0.000000000000000000e+00 1.137915339098771066e-04 0.000000000000000000e+00
9.250000000000000000e+03 3.699829783800701044e-02 6.713700500682749130e-03 9.931725079654073474e-01 0.000000000000000000e+00 1.137915339098771066e-04 0.000000000000000000e+00
9.500000000000000000e+03 3.799825183362881553e-02 7.851615839781519654e-03 9.916932180245789930e-01 0.000000000000000000e+00 4.551661356395084266e-04 0.000000000000000000e+00
9.750000000000000000e+03 3.899820582925062062e-02 1.024123805188893906e-02 9.895311788802912956e-01 0.000000000000000000e+00 2.275830678197542133e-04 0.000000000000000000e+00
1.000000000000000000e+04 3.999815982487242572e-02 1.388256713700500647e-02 9.854346836595356818e-01 0.000000000000000000e+00 6.827492034592626399e-04 0.000000000000000000e+00
1.025000000000000000e+04 4.099811382049423081e-02 9.786071916249430847e-03 9.899863450159308575e-01 0.000000000000000000e+00 2.275830678197542133e-04 0.000000000000000000e+00
1.050000000000000000e+04 4.199806781611603590e-02 7.282658170232134826e-03 9.923759672280382249e-01 0.000000000000000000e+00 3.413746017296313199e-04 0.000000000000000000e+00
1.075000000000000000e+04 4.299802181173784099e-02 1.001365498406918582e-02 9.896449704142011861e-01 0.000000000000000000e+00 3.413746017296313199e-04 0.000000000000000000e+00
1.100000000000000000e+04 4.399797580735964608e-02 1.217569412835685025e-02 9.868001820664542567e-01 0.000000000000000000e+00 1.024123805188893906e-03 0.000000000000000000e+00
1.125000000000000000e+04 4.499792980298145118e-02 1.206190259444697363e-02 9.875967228038233792e-01 0.000000000000000000e+00 3.413746017296313199e-04 0.000000000000000000e+00
1.150000000000000000e+04 4.599788379860325627e-02 9.444697314519799256e-03 9.902139280837505275e-01 0.000000000000000000e+00 3.413746017296313199e-04 0.000000000000000000e+00
1.175000000000000000e+04 4.699783779422506136e-02 1.342740100136549826e-02 9.858898497951752438e-01 0.000000000000000000e+00 6.827492034592626399e-04 0.000000000000000000e+00
1.200000000000000000e+04 4.799779178984686645e-02 1.490669094219390124e-02 9.844105598543468894e-01 0.000000000000000000e+00 6.827492034592626399e-04 0.000000000000000000e+00
1.225000000000000000e+04 4.899774578546867154e-02 1.149294492489758707e-02 9.880518889394629412e-01 0.000000000000000000e+00 4.551661356395084266e-04 0.000000000000000000e+00
1.250000000000000000e+04 4.999769978109047663e-02 1.001365498406918582e-02 9.897587619481110766e-01 0.000000000000000000e+00 2.275830678197542133e-04 0.000000000000000000e+00
1.275000000000000000e+04 5.099765377671228173e-02 1.661356395084205573e-02 9.824761037778789730e-01 0.000000000000000000e+00 9.103322712790168532e-04 0.000000000000000000e+00
1.300000000000000000e+04 5.199760777233408682e-02 2.105143377332726468e-02 9.781520254893035782e-01 0.000000000000000000e+00 7.965407373691396923e-04 0.000000000000000000e+00
1.325000000000000000e+04 5.299756176795589191e-02 1.877560309512972189e-02 9.797451069640418231e-01 0.000000000000000000e+00 1.479289940828402332e-03 0.000000000000000000e+00
1.350000000000000000e+04 5.399751576357769700e-02 2.014110150204824826e-02 9.787209831588530307e-01 0.000000000000000000e+00 1.137915339098770958e-03 0.000000000000000000e+00
1.375000000000000000e+04 5.499746975919950209e-02 2.127901684114701791e-02 9.779244424214837972e-01 0.000000000000000000e+00 7.965407373691396923e-04 0.000000000000000000e+00
1.400000000000000000e+04 5.599742375482130718e-02 1.684114701866181243e-02 9.824761037778789730e-01 0.000000000000000000e+00 6.827492034592626399e-04 0.000000000000000000e+00
1.425000000000000000e+04 5.699737775044311228e-02 2.492034592626308706e-02 9.745106964041875264e-01 0.000000000000000000e+00 5.689576695493854790e-04 0.000000000000000000e+00
1.450000000000000000e+04 5.799733174606491737e-02 2.469276285844333035e-02 9.740555302685480754e-01 0.000000000000000000e+00 1.251706873008648227e-03 0.000000000000000000e+00
1.475000000000000000e+04 5.899728574168672246e-02 2.548930359581247015e-02 9.720072826581702685e-01 0.000000000000000000e+00 2.503413746017296455e-03 0.000000000000000000e+00
1.500000000000000000e+04 5.999723973730852755e-02 2.423759672280382388e-02 9.736003641329085134e-01 0.000000000000000000e+00 2.162039144287664864e-03 0.000000000000000000e+00
1.525000000000000000e+04 6.099719373293033264e-02 3.629949931725079404e-02 9.623350022758306865e-01 0.000000000000000000e+00 1.365498406918525280e-03 0.000000000000000000e+00
1.550000000000000000e+04 6.199714772855213774e-02 3.004096495220755572e-02 9.683659535730542167e-01 0.000000000000000000e+00 1.593081474738279385e-03 0.000000000000000000e+00
1.575000000000000000e+04 6.299710172417394283e-02 3.664087391898043083e-02 9.613108784706417831e-01 0.000000000000000000e+00 2.048247610377787811e-03 0.000000000000000000e+00
1.600000000000000000e+04 6.399705571979574792e-02 4.324078288575330248e-02 9.548247610377788019e-01 0.000000000000000000e+00 1.934456076467910759e-03 0.000000000000000000e+00
1.625000000000000000e+04 6.499700971541755301e-02 3.607191624943104080e-02 9.621074192080109055e-01 0.000000000000000000e+00 1.820664542558033706e-03 0.000000000000000000e+00
1.650000000000000000e+04 6.599696371103935810e-02 3.038233955393718558e-02 9.680245789713245452e-01 0.000000000000000000e+00 1.593081474738279385e-03 0.000000000000000000e+00
1.675000000000000000e+04 6.699691770666116319e-02 3.834774692762858705e-02 9.596040054619936477e-01 0.000000000000000000e+00 2.048247610377787811e-03 0.000000000000000000e+00
1.700000000000000000e+04 6.799687170228296829e-02 4.676832043695949154e-02 9.501593081474738467e-01 0.000000000000000000e+00 3.072371415566681717e-03 0.000000000000000000e+00
1.725000000000000000e+04 6.899682569790477338e-02 4.870277651342740100e-02 9.490213928083750528e-01 0.000000000000000000e+00 2.275830678197541916e-03 0.000000000000000000e+00
1.750000000000000000e+04 6.999677969352657847e-02 4.824761037778789452e-02 9.491351843422849432e-01 0.000000000000000000e+00 2.617205279927173507e-03 0.000000000000000000e+00
1.775000000000000000e+04 7.099673368914838356e-02 5.416477014110149951e-02 9.420801092398725096e-01 0.000000000000000000e+00 3.755120619025944465e-03 0.000000000000000000e+00
1.800000000000000000e+04 7.199668768477018865e-02 6.349567592171143082e-02 9.320664542558033672e-01 0.000000000000000000e+00 4.437869822485207214e-03 0.000000000000000000e+00
1.825000000000000000e+04 7.299664168039199375e-02 7.385070550751024476e-02 9.200045516613564178e-01 0.000000000000000000e+00 6.144742831133363434e-03 0.000000000000000000e+00
1.850000000000000000e+04 7.399659567601402088e-02 6.622667273554846967e-02 9.297906235776057793e-01 0.000000000000000000e+00 3.982703686845699004e-03 0.000000000000000000e+00
1.875000000000000000e+04 7.499654967163582597e-02 7.111970869367319203e-02 9.214838416021847722e-01 0.000000000000000000e+00 7.396449704142011444e-03 0.000000000000000000e+00
1.900000000000000000e+04 7.599650366725763107e-02 7.328174783796086167e-02 9.211424670004552118e-01 0.000000000000000000e+00 5.575785161583977738e-03 0.000000000000000000e+00
1.925000000000000000e+04 7.699645766287943616e-02 8.375056895766955223e-02 9.105598543468366168e-01 0.000000000000000000e+00 5.689576695493855224e-03 0.000000000000000000e+00
1.950000000000000000e+04 7.799641165850124125e-02 1.054847519344560697e-01 8.837050523441055683e-01 0.000000000000000000e+00 1.081019572143832562e-02 0.000000000000000000e+00
1.975000000000000000e+04 7.899636565412304634e-02 1.040054619936276736e-01 8.845015930814746907e-01 0.000000000000000000e+00 1.149294492489758707e-02 0.000000000000000000e+00
2.000000000000000000e+04 7.999631964974485143e-02 1.060537096040054666e-01 8.835912608101956778e-01 0.000000000000000000e+00 1.035502958579881741e-02 0.000000000000000000e+00
2.025000000000000000e+04 8.099627364536665652e-02 1.440600819299044100e-01 8.378470641784251383e-01 0.000000000000000000e+00 1.809285389167045871e-02 0.000000000000000000e+00
2.050000000000000000e+04 8.199622764098846162e-02 1.380291306326809353e-01 8.411470186618115186e-01 0.000000000000000000e+00 2.082385070550751144e-02 0.000000000000000000e+00
2.075000000000000000e+04 8.299618163661026671e-02 1.391670459717797015e-01 8.392125625853436022e-01 0.000000000000000000e+00 2.162039144287665124e-02 0.000000000000000000e+00
2.100000000000000000e+04 8.399613563223207180e-02 1.667045971779699542e-01 7.985889849795174689e-01 0.000000000000000000e+00 3.470641784251251444e-02 0.000000000000000000e+00
2.125000000000000000e+04 8.499608962785387689e-02 2.031178880291306388e-01 7.135867091488393710e-01 2.617205279927173507e-03 8.067819754210286964e-02 0.000000000000000000e+00
2.150000000000000000e+04 8.599604362347568198e-02 2.195038689121529274e-01 6.207328174783796060e-01 7.396449704142011444e-03 1.523668639053254448e-01 0.000000000000000000e+00
2.175000000000000000e+04 8.699599761909748707e-02 2.446517979062357850e-01 5.443786982248520756e-01 1.445152480655439303e-02 1.965179790623577671e-01 0.000000000000000000e+00
2.200000000000000000e+04 8.799595161471929217e-02 2.669549385525716856e-01 5.121756941283568398e-01 3.152025489303595523e-02 1.893491124260354985e-01 0.000000000000000000e+00
2.225000000000000000e+04 8.899590561034109726e-02 2.754893035958124736e-01 4.819071461083295205e-01 4.949931725079653733e-02 1.931042330450614408e-01 0.000000000000000000e+00
2.250000000000000000e+04 8.999585960596290235e-02 2.827719617660446327e-01 4.630177514792899185e-01 7.498862084660901095e-02 1.792216659080564378e-01 0.000000000000000000e+00
2.275000000000000000e+04 9.099581360158470744e-02 2.910787437414656398e-01 4.500455166135639562e-01 9.467455621301774926e-02 1.642011834319526686e-01 0.000000000000000000e+00
2.300000000000000000e+04 9.199576759720651253e-02 2.831133363677742487e-01 4.494765589440145592e-01 1.140191169776968577e-01 1.533909877105143482e-01 0.000000000000000000e+00
2.325000000000000000e+04 9.299572159282831763e-02 2.662721893491124536e-01 4.693900773782430647e-01 1.538461538461538547e-01 1.104915794264906687e-01 0.000000000000000000e+00
2.350000000000000000e+04 9.399567558845012272e-02 2.587619481110605135e-01 4.855484751934456278e-01 1.700045516613563901e-01 8.568502503413745475e-02 0.000000000000000000e+00
2.375000000000000000e+04 9.499562958407192781e-02 2.355484751934456000e-01 5.026172052799271484e-01 1.957214383249886169e-01 6.611288120163859305e-02 0.000000000000000000e+00
2.400000000000000000e+04 9.599558357969373290e-02 2.251934456076467861e-01 4.981793354574419741e-01 2.188211197086936677e-01 5.780609922621757213e-02 0.000000000000000000e+00
2.425000000000000000e+04 9.699553757531553799e-02 2.032316795630405015e-01 4.956759217114246607e-01 2.534137460172963263e-01 4.767865270823850449e-02 0.000000000000000000e+00
2.450000000000000000e+04 9.799549157093734308e-02 1.858215748748293095e-01 5.153618570778334407e-01 2.636549840691852498e-01 3.516158397815202785e-02 0.000000000000000000e+00
2.475000000000000000e+04 9.899544556655914818e-02 1.838871187983613931e-01 5.058033682294037492e-01 2.724169321802457633e-01 3.789258079198907364e-02 0.000000000000000000e+00
2.500000000000000000e+04 9.999539956218095327e-02 1.984524351388256835e-01 4.792899408284023721e-01 2.676376877560309731e-01 5.461993627674101293e-02 0.000000000000000000e+00
2.525000000000000000e+04 1.009953535578027584e-01 1.978834774692762866e-01 4.865725989986344757e-01 2.769685935366408835e-01 3.857532999544834029e-02 0.000000000000000000e+00
2.550000000000000000e+04 1.019953075534245635e-01 1.926490669094219343e-01 4.911242603550295960e-01 2.810650887573964418e-01 3.516158397815202785e-02 0.000000000000000000e+00
2.575000000000000000e+04 1.029952615490463685e-01 2.019799726900318726e-01 5.060309512972235302e-01 2.622894856622667303e-01 2.969959035047792587e-02 0.000000000000000000e+00
2.600000000000000000e+04 1.039952155446681736e-01 1.718252162039144160e-01 5.648611743286299225e-01 2.423759672280382249e-01 2.093764223941738806e-02 0.000000000000000000e+00
2.625000000000000000e+04 1.049951695402899787e-01 1.354119253527537592e-01 6.193673190714610310e-01 2.316795630405097950e-01 1.354119253527537488e-02 0.000000000000000000e+00
2.650000000000000000e+04 1.059951235359117838e-01 1.156121984524351443e-01 6.269913518434228061e-01 2.428311333636777314e-01 1.456531634046426965e-02 0.000000000000000000e+00
2.675000000000000000e+04 1.069950775315335889e-01 1.216431497496586189e-01 6.275603095129722586e-01 2.370277651342740100e-01 1.376877560309512985e-02 0.000000000000000000e+00
2.700000000000000000e+04 1.079950315271553940e-01 1.195949021392808398e-01 6.249431042330451103e-01 2.414656349567592120e-01 1.399635867091488309e-02 0.000000000000000000e+00
2.725000000000000000e+04 1.089949855227771991e-01 1.243741465634956717e-01 6.253982703686845612e-01 2.348657259899863403e-01 1.536185707783340945e-02 0.000000000000000000e+00
2.750000000000000000e+04 1.099949395183990042e-01 1.030951297223486607e-01 6.472462448793809831e-01 2.369139736003641195e-01 1.274465179790623508e-02 0.000000000000000000e+00
2.775000000000000000e+04 1.109948935140208093e-01 1.175466545289030468e-01 6.294947655894401750e-01 2.314519799726900418e-01 2.150659990896677115e-02 0.000000000000000000e+00
2.800000000000000000e+04 1.119948475096426144e-01 1.107191624943104219e-01 6.434911242603550408e-01 2.296313154301319881e-01 1.615839781520254925e-02 0.000000000000000000e+00
2.825000000000000000e+04 1.129948015052644195e-01 1.068502503413746030e-01 6.363222576240327166e-01 2.386208466090122826e-01 1.820664542558033533e-02 0.000000000000000000e+00
2.850000000000000000e+04 1.139947555008862246e-01 1.176604460628129234e-01 6.238051888939463163e-01 2.420345926263086089e-01 1.649977241693217911e-02 0.000000000000000000e+00
2.875000000000000000e+04 1.149947094965080296e-01 1.118570778334091881e-01 6.157259899863449792e-01 2.536413290851160518e-01 1.877560309512972189e-02 0.000000000000000000e+00
2.900000000000000000e+04 1.159946634921298347e-01 1.065088757396449731e-01 6.203914428766499345e-01 2.530723714155666548e-01 2.002730996813837164e-02 0.000000000000000000e+00
2.925000000000000000e+04 1.169946174877516398e-01 1.162949476558944040e-01 6.174328629949932257e-01 2.515930814747383004e-01 1.467910787437414627e-02 0.000000000000000000e+00
2.950000000000000000e+04 1.179945714833734449e-01 1.213017751479289891e-01 6.143604915794265153e-01 2.480655439235320836e-01 1.627218934911242587e-02 0.000000000000000000e+00
2.975000000000000000e+04 1.189945254789952500e-01 1.145880746472462408e-01 6.150432407828857473e-01 2.536413290851160518e-01 1.672735548475193582e-02 0.000000000000000000e+00
3.000000000000000000e+04 1.199944794746170551e-01 1.081019572143832458e-01 6.202776513427401550e-01 2.543240782885753393e-01 1.729631315430131891e-02 0.000000000000000000e+00
3.025000000000000000e+04 1.209944334702388602e-01 1.198224852071005930e-01 6.057123350022758368e-01 2.586481565771506785e-01 1.581702321347291593e-02 0.000000000000000000e+00
3.050000000000000000e+04 1.219943874658606653e-01 1.273327264451524776e-01 6.028675466545289074e-01 2.512517068730086289e-01 1.854802002730996865e-02 0.000000000000000000e+00
3.075000000000000000e+04 1.229943414614824704e-01 1.226672735548475224e-01 6.083295402822029851e-01 2.494310423304506030e-01 1.957214383249886169e-02 0.000000000000000000e+00
3.100000000000000000e+04 1.239942954571044975e-01 1.265361857077833274e-01 6.046882111970869333e-01 2.502275830678197810e-01 1.854802002730996865e-02 0.000000000000000000e+00
3.125000000000000000e+04 1.249942494527263026e-01 1.239189804278561652e-01 6.011606736458807720e-01 2.512517068730086289e-01 2.366863905325443732e-02 0.000000000000000000e+00
3.150000000000000000e+04 1.259942034483481077e-01 1.241465634956759184e-01 6.055985434683659463e-01 2.517068730086481354e-01 1.854802002730996865e-02 0.000000000000000000e+00
3.175000000000000000e+04 1.269941574439699128e-01 1.338188438780154865e-01 5.923987255348202030e-01 2.521620391442876419e-01 2.162039144287665124e-02 0.000000000000000000e+00
3.200000000000000000e+04 1.279941114395917179e-01 1.465634956759217233e-01 5.720300409649522466e-01 2.554619936276740777e-01 2.594446973145198010e-02 0.000000000000000000e+00
3.225000000000000000e+04 1.289940654352135230e-01 1.459945380063723264e-01 5.583750568957669413e-01 2.633136094674556338e-01 3.231679563040509851e-02 0.000000000000000000e+00
3.250000000000000000e+04 1.299940194308353281e-01 1.354119253527537592e-01 5.455166135639508695e-01 2.926718252162039402e-01 2.639963586709149004e-02 0.000000000000000000e+00
3.275000000000000000e+04 1.309939734264571332e-01 1.407601274465179741e-01 5.446062812926718566e-01 2.886891215293582169e-01 2.594446973145198010e-02 0.000000000000000000e+00
3.300000000000000000e+04 1.319939274220789382e-01 1.340464269458352398e-01 5.489303595812471404e-01 2.892580791989076139e-01 2.776513427401001294e-02 0.000000000000000000e+00
3.325000000000000000e+04 1.329938814177007433e-01 1.473600364132908458e-01 5.372098315885298625e-01 2.883477469276286009e-01 2.708238507055074976e-02 0.000000000000000000e+00
3.350000000000000000e+04 1.339938354133225484e-01 1.411015020482476179e-01 5.408511606736459143e-01 2.943786982248520756e-01 2.366863905325443732e-02 0.000000000000000000e+00
3.375000000000000000e+04 1.349937894089443535e-01 1.337050523441055960e-01 5.405097860719162428e-01 3.023441055985434667e-01 2.344105598543468408e-02 0.000000000000000000e+00
3.400000000000000000e+04 1.359937434045661586e-01 1.416704597177969871e-01 5.312926718252162228e-01 2.979062357760582369e-01 2.913063268092853930e-02 0.000000000000000000e+00
3.425000000000000000e+04 1.369936974001879637e-01 1.409877105143377274e-01 5.416477014110150368e-01 2.908511606736458588e-01 2.651342740100136666e-02 0.000000000000000000e+00
3.450000000000000000e+04 1.379936513958097688e-01 1.349567592171142527e-01 5.459717796995903205e-01 2.941511151570322946e-01 2.492034592626308706e-02 0.000000000000000000e+00
3.475000000000000000e+04 1.389936053914315739e-01 1.366636322257624159e-01 5.611060537096039802e-01 2.860719162494310686e-01 1.615839781520254925e-02 0.000000000000000000e+00
3.500000000000000000e+04 1.399935593870533790e-01 1.317705962676376796e-01 5.751024123805188459e-01 2.787892580791989094e-01 1.433773327264451468e-02 0.000000000000000000e+00
3.525000000000000000e+04 1.409935133826751841e-01 1.173190714610832935e-01 6.255120619025944517e-01 2.443104233045061413e-01 1.285844333181611343e-02 0.000000000000000000e+00
3.550000000000000000e+04 1.419934673782969892e-01 1.114019116977696816e-01 6.444014565316340537e-01 2.337278106508875741e-01 1.046882111970869403e-02 0.000000000000000000e+00
3.575000000000000000e+04 1.429934213739187943e-01 9.877105143377332142e-02 6.426945835229859183e-01 2.546654528903049552e-01 3.868912152935821518e-03 0.000000000000000000e+00
3.600000000000000000e+04 1.439933753695405994e-01 8.522985889849794827e-02 6.222121074192079604e-01 2.884615384615384359e-01 4.096495220755575623e-03 0.000000000000000000e+00
3.625000000000000000e+04 1.449933293651624044e-01 9.046426945835230049e-02 6.187983614019116896e-01 2.853891670459717811e-01 5.348202093764223633e-03 0.000000000000000000e+00
3.650000000000000000e+04 1.459932833607842095e-01 8.170232134729175921e-02 6.203914428766499345e-01 2.921028675466545432e-01 5.803368229403732710e-03 0.000000000000000000e+00
3.675000000000000000e+04 1.469932373564060146e-01 8.397815202548930547e-02 6.186845698680017991e-01 2.923304506144742687e-01 5.006827492034592909e-03 0.000000000000000000e+00
3.700000000000000000e+04 1.479931913520278197e-01 8.249886208466089554e-02 6.213017751479289474e-01 2.926718252162039402e-01 3.527537551206190360e-03 0.000000000000000000e+00
3.725000000000000000e+04 1.489931453476496248e-01 7.897132453345470648e-02 6.231224396904869733e-01 2.934683659535730627e-01 4.437869822485207214e-03 0.000000000000000000e+00
3.750000000000000000e+04 1.499930993432714299e-01 8.557123350022757813e-02 6.191397360036413611e-01 2.903959945380063523e-01 4.893035958124715423e-03 0.000000000000000000e+00
3.775000000000000000e+04 1.509930533388932350e-01 8.670914883932635819e-02 6.211879836140191680e-01 2.877787892580792040e-01 4.324078288575329727e-03 0.000000000000000000e+00
3.800000000000000000e+04 1.519930073345150401e-01 8.284023668639053928e-02 6.207328174783796060e-01 2.916477014110150368e-01 4.779244424214838804e-03 0.000000000000000000e+00
3.825000000000000000e+04 1.529929613301368452e-01 8.932635411925353430e-02 6.158397815202548697e-01 2.900546199362767363e-01 4.779244424214838804e-03 0.000000000000000000e+00
3.850000000000000000e+04 1.539929153257586503e-01 8.352298588984979899e-02 6.193673190714610310e-01 2.902822030040965173e-01 6.827492034592626616e-03 0.000000000000000000e+00
3.875000000000000000e+04 1.549928693213804554e-01 8.921256258534364381e-02 6.162949476558944317e-01 2.880063723258989294e-01 6.486117432862995025e-03 0.000000000000000000e+00
3.900000000000000000e+04 1.559928233170022605e-01 8.670914883932635819e-02 6.180018206645425671e-01 2.892580791989076139e-01 6.030951297223486815e-03 0.000000000000000000e+00
3.925000000000000000e+04 1.569927773126240655e-01 8.909877105143376719e-02 6.164087391898043222e-01 2.878925807919890945e-01 6.599908966772872511e-03 0.000000000000000000e+00
3.950000000000000000e+04 1.579927313082458706e-01 8.932635411925353430e-02 6.158397815202548697e-01 2.897132453345471204e-01 5.120619025944469528e-03 0.000000000000000000e+00
3.975000000000000000e+04 1.589926853038676757e-01 9.683659535730541890e-02 6.107191624943104635e-01 2.877787892580792040e-01 4.665452890304961318e-03 0.000000000000000000e+00
4.000000000000000000e+04 1.599926392994894808e-01 9.387801547564861293e-02 6.102639963586709015e-01 2.880063723258989294e-01 7.851615839781519654e-03 0.000000000000000000e+00
4.025000000000000000e+04 1.609925932951112859e-01 9.456076467910787264e-02 6.121984524351388179e-01 2.873236231224396975e-01 5.917159763313609329e-03 0.000000000000000000e+00
4.050000000000000000e+04 1.619925472907330910e-01 1.024123805188894010e-01 6.069640418752845212e-01 2.843650432407828776e-01 6.258534365043240920e-03 0.000000000000000000e+00
4.075000000000000000e+04 1.629925012863548961e-01 1.027537551206190308e-01 6.040054619936277014e-01 2.858443331816112876e-01 7.396449704142011444e-03 0.000000000000000000e+00
4.100000000000000000e+04 1.639924552819767012e-01 9.922621756941284177e-02 6.073054164770140817e-01 2.873236231224396975e-01 6.144742831133363434e-03 0.000000000000000000e+00
4.125000000000000000e+04 1.649924092775985063e-01 9.376422394173873631e-02 6.077605826126536437e-01 2.894856622667273394e-01 8.989531178880291046e-03 0.000000000000000000e+00
4.150000000000000000e+04 1.659923632732203114e-01 1.020710059171597572e-01 6.073054164770140817e-01 2.848202093764223841e-01 5.803368229403732710e-03 0.000000000000000000e+00
4.175000000000000000e+04 1.669923172688421165e-01 9.956759217114247162e-02 6.049157942649067143e-01 2.849340009103322746e-01 1.058261265361857065e-02 0.000000000000000000e+00
4.200000000000000000e+04 1.679922712644639216e-01 1.010468821119708677e-01 6.026399635867091265e-01 2.856167501137915066e-01 1.069640418752844727e-02 0.000000000000000000e+00
4.225000000000000000e+04 1.689922252600857266e-01 1.048020027309968100e-01 6.025261720527992360e-01 2.819754210286754548e-01 1.069640418752844727e-02 0.000000000000000000e+00
4.250000000000000000e+04 1.699921792557075317e-01 1.087847064178425194e-01 5.992262175694128556e-01 2.839098771051433712e-01 8.079198907601274626e-03 0.000000000000000000e+00
4.275000000000000000e+04 1.709921332513293368e-01 1.085571233500227523e-01 5.983158852981338427e-01 2.834547109695038647e-01 9.672280382339554228e-03 0.000000000000000000e+00
4.300000000000000000e+04 1.719920872469511419e-01 1.133363677742375980e-01 5.929676832043695445e-01 2.819754210286754548e-01 1.172052799271734204e-02 0.000000000000000000e+00
4.325000000000000000e+04 1.729920412425731691e-01 1.135639508420573512e-01 5.985434683659536237e-01 2.790168411470186349e-01 8.875739644970414427e-03 0.000000000000000000e+00
4.350000000000000000e+04 1.739919952381949741e-01 1.073054164770141095e-01 6.007055075102412101e-01 2.835685025034137552e-01 8.420573509330906217e-03 0.000000000000000000e+00
4.375000000000000000e+04 1.749919492338167792e-01 1.136777423759672279e-01 5.935366408739189970e-01 2.829995448338643582e-01 9.786071916249430847e-03 0.000000000000000000e+00
4.400000000000000000e+04 1.759919032294385843e-01 1.124260355029585851e-01 5.980883022303140617e-01 2.794720072826581969e-01 1.001365498406918582e-02 0.000000000000000000e+00
4.425000000000000000e+04 1.769918572250603894e-01 1.161811561219845274e-01 5.941055985434683384e-01 2.799271734182977034e-01 9.786071916249430847e-03 0.000000000000000000e+00
4.450000000000000000e+04 1.779918112206821945e-01 1.200500682749203463e-01 5.942193900773782289e-01 2.757168866636321991e-01 1.001365498406918582e-02 0.000000000000000000e+00
4.475000000000000000e+04 1.789917652163039996e-01 1.191397360036413333e-01 5.894401456531633832e-01 2.819754210286754548e-01 9.444697314519799256e-03 0.000000000000000000e+00
4.500000000000000000e+04 1.799917192119258047e-01 1.265361857077833274e-01 5.829540282203004020e-01 2.802685480200273194e-01 1.024123805188893906e-02 0.000000000000000000e+00
4.525000000000000000e+04 1.809916732075476098e-01 1.309740555302685572e-01 5.797678652708238012e-01 2.760582612653618706e-01 1.319981793354574502e-02 0.000000000000000000e+00
4.550000000000000000e+04 1.819916272031694149e-01 1.440600819299044100e-01 5.710059171597633432e-01 2.738962221210741732e-01 1.103777878925807886e-02 0.000000000000000000e+00
4.575000000000000000e+04 1.829915811987912200e-01 1.227810650887573990e-01 5.835229858898497435e-01 2.824305871643149612e-01 1.126536185707783383e-02 0.000000000000000000e+00
4.600000000000000000e+04 1.839915351944130251e-01 1.392808375056895642e-01 5.748748293126991760e-01 2.726445152480655443e-01 1.319981793354574502e-02 0.000000000000000000e+00
4.625000000000000000e+04 1.849914891900348302e-01 1.396222121074192080e-01 5.862539827036868934e-01 2.639963586709148657e-01 1.012744651797906244e-02 0.000000000000000000e+00
4.650000000000000000e+04 1.859914431856566353e-01 1.399635867091488517e-01 5.939918070095584479e-01 2.538689121529358328e-01 1.217569412835685025e-02 0.000000000000000000e+00
4.675000000000000000e+04 1.869913971812784403e-01 1.383705052344105513e-01 5.964952207555758168e-01 2.537551206190259423e-01 1.137915339098771045e-02 0.000000000000000000e+00
4.700000000000000000e+04 1.879913511769002454e-01 1.314292216659080637e-01 6.012744651797906625e-01 2.570550751024123781e-01 1.024123805188893906e-02 0.000000000000000000e+00
4.725000000000000000e+04 1.889913051725220505e-01 1.240327719617660418e-01 6.035502958579881394e-01 2.609239872553482109e-01 1.149294492489758707e-02 0.000000000000000000e+00
4.750000000000000000e+04 1.899912591681438556e-01 1.248293126991351781e-01 6.000227583067819781e-01 2.637687756030951403e-01 1.137915339098771045e-02 0.000000000000000000e+00
4.775000000000000000e+04 1.909912131637656607e-01 1.224396904870277691e-01 6.027537551206190169e-01 2.634274010013655243e-01 1.137915339098771045e-02 0.000000000000000000e+00
4.800000000000000000e+04 1.919911671593874658e-01 1.342740100136549930e-01 5.935366408739189970e-01 2.614929449248976079e-01 1.069640418752844727e-02 0.000000000000000000e+00
4.825000000000000000e+04 1.929911211550092709e-01 1.329085116067364458e-01 5.911470186618115186e-01 2.645653163404642627e-01 1.137915339098771045e-02 0.000000000000000000e+00
4.850000000000000000e+04 1.939910751506310760e-01 1.242603550295857950e-01 5.892125625853436022e-01 2.738962221210741732e-01 1.263086026399635846e-02 0.000000000000000000e+00
4.875000000000000000e+04 1.949910291462528811e-01 1.241465634956759184e-01 5.873918980427855763e-01 2.790168411470186349e-01 9.444697314519799256e-03 0.000000000000000000e+00
4.900000000000000000e+04 1.959909831418746862e-01 1.292671825216203940e-01 5.845471096950386469e-01 2.765134274010013771e-01 9.672280382339554228e-03 0.000000000000000000e+00
4.925000000000000000e+04 1.969909371374964913e-01 1.264223941738734647e-01 5.892125625853436022e-01 2.748065543923531862e-01 9.558488848429677609e-03 0.000000000000000000e+00
4.950000000000000000e+04 1.979908911331182964e-01 1.322257624032771861e-01 5.810195721438324856e-01 2.770823850705507740e-01 9.672280382339554228e-03 0.000000000000000000e+00
4.975000000000000000e+04 1.989908451287401014e-01 1.256258534365043145e-01 5.909194355939918486e-01 2.737824305871643382e-01 9.672280382339554228e-03 0.000000000000000000e+00
5.000000000000000000e+04 1.999907991243619065e-01 1.376877560309512916e-01 5.803368229403732537e-01 2.700273099681383959e-01 1.194811106053709528e-02 0.000000000000000000e+00
5.025000000000000000e+04 2.009907531199837116e-01 1.362084660901228816e-01 5.716886663632225751e-01 2.800409649522075384e-01 1.206190259444697363e-02 0.000000000000000000e+00
5.050000000000000000e+04 2.019907071156055167e-01 1.439462903959945472e-01 5.689576695493855363e-01 2.775375512061902805e-01 9.558488848429677609e-03 0.000000000000000000e+00
5.075000000000000000e+04 2.029906611112273218e-01 1.360946745562130189e-01 5.639508420573509095e-01 2.861857077833409035e-01 1.376877560309512985e-02 0.000000000000000000e+00
5.100000000000000000e+04 2.039906151068491269e-01 1.330223031406463363e-01 5.603095129722348577e-01 3.009786071916249472e-01 5.689576695493855224e-03 0.000000000000000000e+00
5.125000000000000000e+04 2.049905691024709320e-01 1.134501593081474746e-01 5.707783340919435622e-01 3.103095129722348577e-01 5.461993627674101119e-03 0.000000000000000000e+00
5.150000000000000000e+04 2.059905230980927371e-01 1.197086936731907164e-01 5.655439235320892655e-01 3.080336822940373254e-01 6.713700500682749130e-03 0.000000000000000000e+00
5.175000000000000000e+04 2.069904770937145422e-01 1.181156121984524299e-01 5.741920801092398330e-01 3.023441055985434667e-01 5.348202093764223633e-03 0.000000000000000000e+00
5.200000000000000000e+04 2.079904310893363473e-01 1.118570778334091881e-01 5.884160218479744797e-01 2.921028675466545432e-01 7.624032771961766417e-03 0.000000000000000000e+00
5.225000000000000000e+04 2.089903850849581524e-01 9.535730541647700897e-02 6.018434228493400040e-01 2.977924442421484019e-01 5.006827492034592909e-03 0.000000000000000000e+00
5.250000000000000000e+04 2.099903390805799575e-01 8.227127901684114231e-02 6.090122894856622171e-01 3.055302685480200120e-01 3.186162949476558769e-03 0.000000000000000000e+00
5.275000000000000000e+04 2.109902930762017625e-01 8.420573509330905870e-02 6.102639963586709015e-01 3.016613563950841792e-01 3.868912152935821518e-03 0.000000000000000000e+00
5.300000000000000000e+04 2.119902470718235676e-01 8.101957214383249950e-02 6.096950386891215601e-01 3.062130177514792995e-01 3.072371415566681717e-03 0.000000000000000000e+00
5.325000000000000000e+04 2.129902010674453727e-01 7.612653618570777714e-02 6.139053254437869533e-01 3.073509330905780379e-01 2.617205279927173507e-03 0.000000000000000000e+00
5.350000000000000000e+04 2.139901550630671778e-01 8.466090122894856518e-02 6.068502503413746307e-01 3.042785616750113831e-01 4.210286754665453109e-03 0.000000000000000000e+00
5.375000000000000000e+04 2.149901090586889829e-01 7.976786527082385669e-02 6.119708693673190369e-01 3.055302685480200120e-01 2.730996813837050560e-03 0.000000000000000000e+00
5.400000000000000000e+04 2.159900630543107880e-01 7.954028220300408958e-02 6.127674101046881594e-01 3.035958124715520956e-01 4.096495220755575623e-03 0.000000000000000000e+00
5.425000000000000000e+04 2.169900170499325931e-01 8.909877105143376719e-02 6.042330450614474824e-01 3.018889394629039602e-01 4.779244424214838804e-03 0.000000000000000000e+00
5.450000000000000000e+04 2.179899710455543982e-01 8.397815202548930547e-02 6.096950386891215601e-01 3.034820209376422606e-01 2.844788347746927612e-03 0.000000000000000000e+00
5.475000000000000000e+04 2.189899250411762033e-01 8.397815202548930547e-02 6.099226217569412301e-01 3.037096040054619861e-01 2.389622212107419402e-03 0.000000000000000000e+00
5.500000000000000000e+04 2.199898790367980084e-01 8.614019116977697510e-02 6.078743741465635342e-01 3.026854802002730827e-01 3.299954483386436255e-03 0.000000000000000000e+00
5.525000000000000000e+04 2.209898330324198135e-01 8.784706417842512438e-02 6.059399180700956178e-01 3.006372325898953313e-01 5.575785161583977738e-03 0.000000000000000000e+00
5.550000000000000000e+04 2.219897870280418406e-01 8.534365043240782489e-02 6.067364588074647402e-01 3.038233955393718766e-01 4.096495220755575623e-03 0.000000000000000000e+00
5.575000000000000000e+04 2.229897410236636457e-01 8.944014565316341092e-02 6.007055075102412101e-01 3.056440600819299025e-01 4.210286754665453109e-03 0.000000000000000000e+00
5.600000000000000000e+04 2.239896950192854508e-01 8.557123350022757813e-02 6.073054164770140817e-01 3.021165225307237412e-01 5.006827492034592909e-03 0.000000000000000000e+00
5.625000000000000000e+04 2.249896490149072559e-01 8.784706417842512438e-02 6.058261265361857273e-01 3.012061902594446727e-01 5.120619025944469528e-03 0.000000000000000000e+00
5.650000000000000000e+04 2.259896030105290610e-01 9.410559854346836617e-02 6.008192990441511006e-01 3.013199817933545632e-01 3.755120619025944465e-03 0.000000000000000000e+00
5.675000000000000000e+04 2.269895570061508661e-01 9.160218479745106668e-02 5.995675921711424161e-01 3.041647701411014926e-01 4.665452890304961318e-03 0.000000000000000000e+00
