# itime ezz other fcc hcp bcc ico
0.000000000000000000e+00 0.000000000000000000e+00 0.000000000000000000e+00 1.000000000000000000e+00 0.000000000000000000e+00 0.000000000000000000e+00 0.000000000000000000e+00
2.500000000000000000e+02 1.000000095433906111e-02 0.000000000000000000e+00 1.000000000000000000e+00 0.000000000000000000e+00 0.000000000000000000e+00 0.000000000000000000e+00
5.000000000000000000e+02 2.000000190867812222e-02 0.000000000000000000e+00 1.000000000000000000e+00 0.000000000000000000e+00 0.000000000000000000e+00 0.000000000000000000e+00
7.500000000000000000e+02 3.000000286301696129e-02 0.000000000000000000e+00 1.000000000000000000e+00 0.000000000000000000e+00 0.000000000000000000e+00 0.000000000000000000e+00
1.000000000000000000e+03 4.000000381735602240e-02 0.000000000000000000e+00 1.000000000000000000e+00 0.000000000000000000e+00 0.000000000000000000e+00 0.000000000000000000e+00
1.250000000000000000e+03 5.000000477169508351e-02 0.000000000000000000e+00 1.000000000000000000e+00 0.000000000000000000e+00 0.000000000000000000e+00 0.000000000000000000e+00
1.500000000000000000e+03 6.000000572603414462e-02 0.000000000000000000e+00 1.000000000000000000e+00 0.000000000000000000e+00 0.000000000000000000e+00 0.000000000000000000e+00
1.750000000000000000e+03 7.000000668037298368e-02 1.137915339098771066e-04 9.998862084660901095e-01 0.000000000000000000e+00 0.000000000000000000e+00 0.000000000000000000e+00
2.000000000000000000e+03 8.000000763471204479e-02 0.000000000000000000e+00 1.000000000000000000e+00 0.000000000000000000e+00 0.000000000000000000e+00 0.000000000000000000e+00
2.250000000000000000e+03 9.000000858905110590e-02 1.137915339098771066e-04 9.998862084660901095e-01 0.000000000000000000e+00 0.000000000000000000e+00 0.000000000000000000e+00
2.500000000000000000e+03 1.000000095433901670e-01 2.617205279927173507e-03 9.971552116522530707e-01 0.000000000000000000e+00 2.275830678197542133e-04 0.000000000000000000e+00
2.750000000000000000e+03 1.100000104977290061e-01 7.282658170232134826e-03 9.921483841602184439e-01 0.000000000000000000e+00 5.689576695493854790e-04 0.000000000000000000e+00
3.000000000000000000e+03 1.200000114520680672e-01 5.871643149749658508e-02 9.260355029585798370e-01 0.000000000000000000e+00 1.524806554392353283e-02 0.000000000000000000e+00
3.250000000000000000e+03 1.300000124064071283e-01 3.738051888939463163e-01 1.208466090122894826e-01 9.217114246700046018e-03 4.961310878470641672e-01 0.000000000000000000e+00
3.500000000000000000e+03 1.400000133607461894e-01 3.425125170687300935e-01 2.659308147473827821e-01 2.464724624487938109e-01 1.450842057350933134e-01 0.000000000000000000e+00
3.750000000000000000e+03 1.500000143150852505e-01 3.351160673645880994e-01 3.480883022303140617e-01 2.643377332726445372e-01 5.245789713245334329e-02 0.000000000000000000e+00
4.000000000000000000e+03 1.600000152694240896e-01 2.831133363677742487e-01 4.584660901228948537e-01 2.327036868456986707e-01 2.571688666363222686e-02 0.000000000000000000e+00
4.250000000000000000e+03 1.700000162237631507e-01 2.408966772872098427e-01 5.306099226217569909e-01 2.111970869367319203e-01 1.729631315430131891e-02 0.000000000000000000e+00
4.500000000000000000e+03 1.800000171781022118e-01 2.106281292671825234e-01 5.976331360946746107e-01 1.820664542558033672e-01 9.672280382339554228e-03 0.000000000000000000e+00
4.750000000000000000e+03 1.900000181324412729e-01 1.998179335457442030e-01 6.428083750568958088e-01 1.500910332271279124e-01 7.282658170232134826e-03 0.000000000000000000e+00
5.000000000000000000e+03 2.000000190867801120e-01 1.482703686845698587e-01 7.127901684114701375e-01 1.325671370050068298e-01 6.372325898953117539e-03 0.000000000000000000e+00
5.250000000000000000e+03 2.100000200411191731e-01 1.423532089212562468e-01 7.163177059626764098e-01 1.374601729631315383e-01 3.868912152935821518e-03 0.000000000000000000e+00
5.500000000000000000e+03 2.200000209954582342e-01 1.362084660901228816e-01 7.011834319526627501e-01 1.590805644060081792e-01 3.527537551206190360e-03 0.000000000000000000e+00
5.750000000000000000e+03 2.300000219497972953e-01 1.475876194811105990e-01 6.720527992717342247e-01 1.756941283568502488e-01 4.665452890304961318e-03 0.000000000000000000e+00
6.000000000000000000e+03 2.400000229041361344e-01 1.726217569412835662e-01 5.962676376877560358e-01 2.191624943104233114e-01 1.194811106053709528e-02 0.000000000000000000e+00
6.250000000000000000e+03 2.500000238584751955e-01 1.573736913973600438e-01 6.626081019572144237e-01 1.746700045516613453e-01 5.348202093764223633e-03 0.000000000000000000e+00
6.500000000000000000e+03 2.600000248128142566e-01 1.499772416932180219e-01 6.614701866181156298e-01 1.828629949931725174e-01 5.689576695493855224e-03 0.000000000000000000e+00
6.750000000000000000e+03 2.700000257671533177e-01 1.490669094219390090e-01 6.487255348202093375e-01 1.969731451979972736e-01 5.234410559854347014e-03 0.000000000000000000e+00
7.000000000000000000e+03 2.800000267214923788e-01 1.387118798361401950e-01 6.069640418752845212e-01 2.512517068730086289e-01 3.072371415566681717e-03 0.000000000000000000e+00
7.250000000000000000e+03 2.900000276758312179e-01 1.327947200728265831e-01 6.108329540282203540e-01 2.540964952207555583e-01 2.275830678197541916e-03 0.000000000000000000e+00
7.500000000000000000e+03 3.000000286301702790e-01 1.342740100136549930e-01 6.366636322257623881e-01 2.243969048702776636e-01 4.665452890304961318e-03 0.000000000000000000e+00
7.750000000000000000e+03 3.100000295845093401e-01 1.265361857077833274e-01 6.251706873008647802e-01 2.443104233045061413e-01 3.982703686845699004e-03 0.000000000000000000e+00
8.000000000000000000e+03 3.200000305388484012e-01 1.154984069185252676e-01 6.073054164770140817e-01 2.765134274010013771e-01 6.827492034592626399e-04 0.000000000000000000e+00
8.250000000000000000e+03 3.300000314931872403e-01 1.125398270368684617e-01 6.098088302230314506e-01 2.769685935366408835e-01 6.827492034592626399e-04 0.000000000000000000e+00
8.500000000000000000e+03 3.400000324475263014e-01 1.110605370960400518e-01 6.117432862994993670e-01 2.761720527992717611e-01 1.024123805188893906e-03 0.000000000000000000e+00
8.750000000000000000e+03 3.500000334018653625e-01 1.103777878925807920e-01 6.177742375967227861e-01 2.710514337733272439e-01 7.965407373691396923e-04 0.000000000000000000e+00
9.000000000000000000e+03 3.600000343562044236e-01 1.083295402822029990e-01 6.222121074192079604e-01 2.692307692307692180e-01 2.275830678197542133e-04 0.000000000000000000e+00
9.250000000000000000e+03 3.700000353105432627e-01 1.087847064178425194e-01 6.210741920801092775e-01 2.694583522985889990e-01 6.827492034592626399e-04 0.000000000000000000e+00
9.500000000000000000e+03 3.800000362648823238e-01 1.102639963586709154e-01 6.206190259444697155e-01 2.690031861629494925e-01 1.137915339098771066e-04 0.000000000000000000e+00
9.750000000000000000e+03 3.900000372192216069e-01 1.101502048247610388e-01 6.199362767410104835e-01 2.695721438324988894e-01 3.413746017296313199e-04 0.000000000000000000e+00
1.000000000000000000e+04 4.000000381735604460e-01 1.129949931725079681e-01 6.176604460628128956e-01 2.684342284934000955e-01 9.103322712790168532e-04 0.000000000000000000e+00
1.025000000000000000e+04 4.100000391278992851e-01 1.267637687756031084e-01 6.037778789258079204e-01 2.678652708238506985e-01 1.593081474738279385e-03 0.000000000000000000e+00
1.050000000000000000e+04 4.200000400822383462e-01 1.418980427856167403e-01 5.919435593991807520e-01 2.633136094674556338e-01 2.844788347746927612e-03 0.000000000000000000e+00
1.075000000000000000e+04 4.300000410365776293e-01 1.903732362312244020e-01 5.435821574874829532e-01 2.536413290851160518e-01 1.240327719617660522e-02 0.000000000000000000e+00
1.100000000000000000e+04 4.400000419909164684e-01 2.311106053709603980e-01 5.087619481110605690e-01 2.498862084660901095e-01 1.024123805188893906e-02 0.000000000000000000e+00
1.125000000000000000e+04 4.500000429452553075e-01 2.583067819754210070e-01 5.097860719162494725e-01 2.191624943104233114e-01 1.274465179790623508e-02 0.000000000000000000e+00
1.150000000000000000e+04 4.600000438995943686e-01 2.579654073736913911e-01 5.097860719162494725e-01 2.193900773782430647e-01 1.285844333181611343e-02 0.000000000000000000e+00
1.175000000000000000e+04 4.700000448539336517e-01 2.663859808830222886e-01 5.233272644515247762e-01 2.006144742831133254e-01 9.672280382339554228e-03 0.000000000000000000e+00
1.200000000000000000e+04 4.800000458082724908e-01 2.641101502048247562e-01 5.228720983158853253e-01 2.045971779699590487e-01 8.420573509330906217e-03 0.000000000000000000e+00
1.225000000000000000e+04 4.900000467626113299e-01 2.678652708238506985e-01 5.220755575785162028e-01 2.002730996813837094e-01 9.786071916249430847e-03 0.000000000000000000e+00
1.250000000000000000e+04 5.000000477169503910e-01 2.686618115612198210e-01 5.475648611743286764e-01 1.747837960855712358e-01 8.989531178880291046e-03 0.000000000000000000e+00
1.275000000000000000e+04 5.100000486712896741e-01 2.645653163404642627e-01 5.534820209376422051e-01 1.696631770596267741e-01 1.228948566226672687e-02 0.000000000000000000e+00
1.300000000000000000e+04 5.200000496256285132e-01 2.712790168411470249e-01 5.448338643604915266e-01 1.730769230769230727e-01 1.081019572143832562e-02 0.000000000000000000e+00
1.325000000000000000e+04 5.300000505799673522e-01 2.758306781975420896e-01 5.510923987255348377e-01 1.636322257624032717e-01 9.444697314519799256e-03 0.000000000000000000e+00
1.350000000000000000e+04 5.400000515343064134e-01 2.793582157487483064e-01 5.565543923532089154e-01 1.568047337278106468e-01 7.282658170232134826e-03 0.000000000000000000e+00
1.375000000000000000e+04 5.500000524886456965e-01 2.653618570778333852e-01 5.756713700500682984e-01 1.520254893035958010e-01 6.941283568502503235e-03 0.000000000000000000e+00
1.400000000000000000e+04 5.600000534429845356e-01 2.658170232134728916e-01 5.718024578971324656e-01 1.569185252617205373e-01 5.461993627674101119e-03 0.000000000000000000e+00
1.425000000000000000e+04 5.700000543973233746e-01 2.594446973145198010e-01 5.673645880746472914e-01 1.668183887118798447e-01 6.372325898953117539e-03 0.000000000000000000e+00
1.450000000000000000e+04 5.800000553516626578e-01 2.609239872553482109e-01 5.653163404642694845e-01 1.657942649066909413e-01 7.965407373691398007e-03 0.000000000000000000e+00
1.475000000000000000e+04 5.900000563060017189e-01 2.808375056895767163e-01 5.483614019116977989e-01 1.623805188893946427e-01 8.420573509330906217e-03 0.000000000000000000e+00
1.500000000000000000e+04 6.000000572603405580e-01 2.817478379608557293e-01 5.620163859808829931e-01 1.450842057350933134e-01 1.115157032316795548e-02 0.000000000000000000e+00
1.525000000000000000e+04 6.100000582146793970e-01 2.629722348657259623e-01 5.749886208466090665e-01 1.560081929904415243e-01 6.030951297223486815e-03 0.000000000000000000e+00
1.550000000000000000e+04 6.200000591690186802e-01 2.725307237141556538e-01 5.682749203459263043e-01 1.517979062357760478e-01 7.396449704142011444e-03 0.000000000000000000e+00
1.575000000000000000e+04 6.300000601233577413e-01 2.564861174328629811e-01 5.992262175694128556e-01 1.362084660901228816e-01 8.079198907601274626e-03 0.000000000000000000e+00
1.600000000000000000e+04 6.400000610776965804e-01 2.441966317705962786e-01 6.078743741465635342e-01 1.416704597177969871e-01 6.258534365043240920e-03 0.000000000000000000e+00
1.625000000000000000e+04 6.500000620320354194e-01 2.430587164314974846e-01 6.063950842057350687e-01 1.448566226672735602e-01 5.689576695493855224e-03 0.000000000000000000e+00
1.650000000000000000e+04 6.600000629863747026e-01 2.485207100591715901e-01 5.999089667728720876e-01 1.461083295402822169e-01 5.461993627674101119e-03 0.000000000000000000e+00
1.675000000000000000e+04 6.700000639407137637e-01 2.488620846609012338e-01 5.982020937642239522e-01 1.456531634046426826e-01 7.282658170232134826e-03 0.000000000000000000e+00
1.700000000000000000e+04 6.800000648950526028e-01 2.506827492034592875e-01 6.095812471552116696e-01 1.362084660901228816e-01 3.527537551206190360e-03 0.000000000000000000e+00
1.725000000000000000e+04 6.900000658493914418e-01 2.429449248975876219e-01 6.115157032316795860e-01 1.397360036413290985e-01 5.803368229403732710e-03 0.000000000000000000e+00
1.750000000000000000e+04 7.000000668037307250e-01 2.501137915339098905e-01 6.000227583067819781e-01 1.424670004551661373e-01 7.396449704142011444e-03 0.000000000000000000e+00
1.775000000000000000e+04 7.100000677580697861e-01 2.645653163404642627e-01 5.918297678652708615e-01 1.393946290395994547e-01 4.210286754665453109e-03 0.000000000000000000e+00
1.800000000000000000e+04 7.200000687124086252e-01 2.729858898497951603e-01 5.790851160673645692e-01 1.406463359126081114e-01 7.282658170232134826e-03 0.000000000000000000e+00
1.825000000000000000e+04 7.300000696667474642e-01 3.012061902594446727e-01 5.325443786982249073e-01 1.550978607191624836e-01 1.115157032316795548e-02 0.000000000000000000e+00
1.850000000000000000e+04 7.400000706210867474e-01 3.136094674556212936e-01 5.207100591715976279e-01 1.548702776513427304e-01 1.081019572143832562e-02 0.000000000000000000e+00
1.875000000000000000e+04 7.500000715754258085e-01 3.197542102867546587e-01 5.300409649522075384e-01 1.383705052344105513e-01 1.183431952662721866e-02 0.000000000000000000e+00
1.900000000000000000e+04 7.600000725297646476e-01 3.051888939462903960e-01 5.384615384615384359e-01 1.469048702776513393e-01 9.444697314519799256e-03 0.000000000000000000e+00
1.925000000000000000e+04 7.700000734841034866e-01 3.071233500227583124e-01 5.304961310878471004e-01 1.543013199817933612e-01 8.079198907601274626e-03 0.000000000000000000e+00
1.950000000000000000e+04 7.800000744384427698e-01 3.040509786071916021e-01 5.438097405553027341e-01 1.444014565316340537e-01 7.737824305871643035e-03 0.000000000000000000e+00
1.975000000000000000e+04 7.900000753927818309e-01 2.948338643604915821e-01 5.450614474283113076e-01 1.496358670914884059e-01 1.046882111970869403e-02 0.000000000000000000e+00
2.000000000000000000e+04 8.000000763471206700e-01 2.856167501137915066e-01 5.653163404642694845e-01 1.424670004551661373e-01 6.599908966772872511e-03 0.000000000000000000e+00
2.025000000000000000e+04 8.100000773014597311e-01 2.865270823850705750e-01 5.628129267182521156e-01 1.411015020482476179e-01 9.558488848429677609e-03 0.000000000000000000e+00
2.050000000000000000e+04 8.200000782557987922e-01 2.913063268092853653e-01 5.655439235320892655e-01 1.351843422849340060e-01 7.965407373691398007e-03 0.000000000000000000e+00
2.075000000000000000e+04 8.300000792101378533e-01 2.859581247155211781e-01 5.687300864815657553e-01 1.374601729631315383e-01 7.851615839781519654e-03 0.000000000000000000e+00
2.100000000000000000e+04 8.400000801644769144e-01 2.839098771051433712e-01 5.599681383705051863e-01 1.499772416932180219e-01 6.144742831133363434e-03 0.000000000000000000e+00
2.125000000000000000e+04 8.500000811188157535e-01 2.869822485207100815e-01 5.653163404642694845e-01 1.413290851160673711e-01 6.372325898953117539e-03 0.000000000000000000e+00
2.150000000000000000e+04 8.600000820731548146e-01 2.874374146563495880e-01 5.646335912608101415e-01 1.393946290395994547e-01 8.534365043240782836e-03 0.000000000000000000e+00
2.175000000000000000e+04 8.700000830274940977e-01 2.814064633591260578e-01 5.657715065999089354e-01 1.446290395994538069e-01 8.192990441511151245e-03 0.000000000000000000e+00
2.200000000000000000e+04 8.800000839818329368e-01 2.826581702321347422e-01 5.613336367774237612e-01 1.499772416932180219e-01 6.030951297223486815e-03 0.000000000000000000e+00
2.225000000000000000e+04 8.900000849361717759e-01 2.794720072826581969e-01 5.592853891670459543e-01 1.549840691852526209e-01 6.258534365043240920e-03 0.000000000000000000e+00
2.250000000000000000e+04 9.000000858905108370e-01 2.798133818843878129e-01 5.588302230314065033e-01 1.545289030496131144e-01 6.827492034592626616e-03 0.000000000000000000e+00
2.275000000000000000e+04 9.100000868448501201e-01 2.848202093764223841e-01 5.581474738279471604e-01 1.483841602184797492e-01 8.648156577150659455e-03 0.000000000000000000e+00
2.300000000000000000e+04 9.200000877991889592e-01 3.033682294037323701e-01 5.385753299954483264e-01 1.472462448793809831e-01 1.081019572143832562e-02 0.000000000000000000e+00
2.325000000000000000e+04 9.300000887535277982e-01 3.137232589895311841e-01 5.299271734182976479e-01 1.455393718707328199e-01 1.081019572143832562e-02 0.000000000000000000e+00
2.350000000000000000e+04 9.400000897078668594e-01 3.264679107874374209e-01 5.126308602639964018e-01 1.521392808375056915e-01 8.761948111060537808e-03 0.000000000000000000e+00
2.375000000000000000e+04 9.500000906622061425e-01 3.271506599908966528e-01 5.149066909421938787e-01 1.481565771506599960e-01 9.786071916249430847e-03 0.000000000000000000e+00
2.400000000000000000e+04 9.600000916165449816e-01 3.381884387801547542e-01 5.060309512972235302e-01 1.441738734638143005e-01 1.160673645880746542e-02 0.000000000000000000e+00
2.425000000000000000e+04 9.700000925708838206e-01 3.351160673645880994e-01 5.058033682294037492e-01 1.486117432862995025e-01 1.046882111970869403e-02 0.000000000000000000e+00
2.450000000000000000e+04 9.800000935252228818e-01 3.282885753299954468e-01 5.048930359581247362e-01 1.588529813381884259e-01 7.965407373691398007e-03 0.000000000000000000e+00
2.475000000000000000e+04 9.900000944795621649e-01 3.175921711424670169e-01 5.126308602639964018e-01 1.579426490669094130e-01 1.183431952662721866e-02 0.000000000000000000e+00
2.500000000000000000e+04 1.000000095433900782e+00 3.188438780154756458e-01 5.158170232134728916e-01 1.597633136094674666e-01 5.575785161583977738e-03 0.000000000000000000e+00
