# itime ezz other fcc hcp bcc ico
0.000000000000000000e+00 0.000000000000000000e+00 0.000000000000000000e+00 1.000000000000000000e+00 0.000000000000000000e+00 0.000000000000000000e+00 0.000000000000000000e+00
5.000000000000000000e+02 1.999982218910067999e-03 0.000000000000000000e+00 1.000000000000000000e+00 0.000000000000000000e+00 0.000000000000000000e+00 0.000000000000000000e+00
1.000000000000000000e+03 3.999964437819913954e-03 0.000000000000000000e+00 1.000000000000000000e+00 0.000000000000000000e+00 0.000000000000000000e+00 0.000000000000000000e+00
1.500000000000000000e+03 5.999946656729981953e-03 0.000000000000000000e+00 1.000000000000000000e+00 0.000000000000000000e+00 0.000000000000000000e+00 0.000000000000000000e+00
2.000000000000000000e+03 7.999928875640049952e-03 0.000000000000000000e+00 1.000000000000000000e+00 0.000000000000000000e+00 0.000000000000000000e+00 0.000000000000000000e+00
2.500000000000000000e+03 9.999911094550117951e-03 0.000000000000000000e+00 1.000000000000000000e+00 0.000000000000000000e+00 0.000000000000000000e+00 0.000000000000000000e+00
3.000000000000000000e+03 1.199989331345996391e-02 0.000000000000000000e+00 1.000000000000000000e+00 0.000000000000000000e+00 0.000000000000000000e+00 0.000000000000000000e+00
3.500000000000000000e+03 1.399987553237003191e-02 0.000000000000000000e+00 1.000000000000000000e+00 0.000000000000000000e+00 0.000000000000000000e+00 0.000000000000000000e+00
4.000000000000000000e+03 1.599985775128009990e-02 0.000000000000000000e+00 1.000000000000000000e+00 0.000000000000000000e+00 0.000000000000000000e+00 0.000000000000000000e+00
4.500000000000000000e+03 1.799983997019016790e-02 0.000000000000000000e+00 1.000000000000000000e+00 0.000000000000000000e+00 0.000000000000000000e+00 0.000000000000000000e+00
5.000000000000000000e+03 1.999982218910001386e-02 0.000000000000000000e+00 1.000000000000000000e+00 0.000000000000000000e+00 0.000000000000000000e+00 0.000000000000000000e+00
5.500000000000000000e+03 2.199980440801008186e-02 0.000000000000000000e+00 1.000000000000000000e+00 0.000000000000000000e+00 0.000000000000000000e+00 0.000000000000000000e+00
6.000000000000000000e+03 2.399978662692014986e-02 0.000000000000000000e+00 1.000000000000000000e+00 0.000000000000000000e+00 0.000000000000000000e+00 0.000000000000000000e+00
6.500000000000000000e+03 2.599976884582999581e-02 0.000000000000000000e+00 1.000000000000000000e+00 0.000000000000000000e+00 0.000000000000000000e+00 0.000000000000000000e+00
7.000000000000000000e+03 2.799975106474006381e-02 0.000000000000000000e+00 1.000000000000000000e+00 0.000000000000000000e+00 0.000000000000000000e+00 0.000000000000000000e+00
7.500000000000000000e+03 2.999973328365013181e-02 0.000000000000000000e+00 1.000000000000000000e+00 0.000000000000000000e+00 0.000000000000000000e+00 0.000000000000000000e+00
8.000000000000000000e+03 3.199971550256019981e-02 0.000000000000000000e+00 1.000000000000000000e+00 0.000000000000000000e+00 0.000000000000000000e+00 0.000000000000000000e+00
8.500000000000000000e+03 3.399969772147004576e-02 0.000000000000000000e+00 1.000000000000000000e+00 0.000000000000000000e+00 0.000000000000000000e+00 0.000000000000000000e+00
9.000000000000000000e+03 3.599967994038011376e-02 0.000000000000000000e+00 1.000000000000000000e+00 0.000000000000000000e+00 0.000000000000000000e+00 0.000000000000000000e+00
9.500000000000000000e+03 3.799966215929018176e-02 0.000000000000000000e+00 1.000000000000000000e+00 0.000000000000000000e+00 0.000000000000000000e+00 0.000000000000000000e+00
1.000000000000000000e+04 3.999964437820024976e-02 0.000000000000000000e+00 1.000000000000000000e+00 0.000000000000000000e+00 0.000000000000000000e+00 0.000000000000000000e+00
1.050000000000000000e+04 4.199962659711009572e-02 0.000000000000000000e+00 1.000000000000000000e+00 0.000000000000000000e+00 0.000000000000000000e+00 0.000000000000000000e+00
1.100000000000000000e+04 4.399960881602016372e-02 0.000000000000000000e+00 1.000000000000000000e+00 0.000000000000000000e+00 0.000000000000000000e+00 0.000000000000000000e+00
1.150000000000000000e+04 4.599959103493023171e-02 0.000000000000000000e+00 1.000000000000000000e+00 0.000000000000000000e+00 0.000000000000000000e+00 0.000000000000000000e+00
1.200000000000000000e+04 4.799957325384029971e-02 0.000000000000000000e+00 1.000000000000000000e+00 0.000000000000000000e+00 0.000000000000000000e+00 0.000000000000000000e+00
1.250000000000000000e+04 4.999955547275014567e-02 0.000000000000000000e+00 1.000000000000000000e+00 0.000000000000000000e+00 0.000000000000000000e+00 0.000000000000000000e+00
1.300000000000000000e+04 5.199953769166021367e-02 0.000000000000000000e+00 1.000000000000000000e+00 0.000000000000000000e+00 0.000000000000000000e+00 0.000000000000000000e+00
1.350000000000000000e+04 5.399951991057028167e-02 0.000000000000000000e+00 1.000000000000000000e+00 0.000000000000000000e+00 0.000000000000000000e+00 0.000000000000000000e+00
1.400000000000000000e+04 5.599950212948012762e-02 0.000000000000000000e+00 1.000000000000000000e+00 0.000000000000000000e+00 0.000000000000000000e+00 0.000000000000000000e+00
1.450000000000000000e+04 5.799948434839019562e-02 0.000000000000000000e+00 1.000000000000000000e+00 0.000000000000000000e+00 0.000000000000000000e+00 0.000000000000000000e+00
1.500000000000000000e+04 5.999946656730026362e-02 0.000000000000000000e+00 1.000000000000000000e+00 0.000000000000000000e+00 0.000000000000000000e+00 0.000000000000000000e+00
1.550000000000000000e+04 6.199944878621033162e-02 0.000000000000000000e+00 1.000000000000000000e+00 0.000000000000000000e+00 0.000000000000000000e+00 0.000000000000000000e+00
1.600000000000000000e+04 6.399943100512017757e-02 0.000000000000000000e+00 1.000000000000000000e+00 0.000000000000000000e+00 0.000000000000000000e+00 0.000000000000000000e+00
1.650000000000000000e+04 6.599941322403024557e-02 0.000000000000000000e+00 1.000000000000000000e+00 0.000000000000000000e+00 0.000000000000000000e+00 0.000000000000000000e+00
1.700000000000000000e+04 6.799939544294031357e-02 0.000000000000000000e+00 1.000000000000000000e+00 0.000000000000000000e+00 0.000000000000000000e+00 0.000000000000000000e+00
1.750000000000000000e+04 6.999937766185038157e-02 6.827492034592626399e-04 9.993172507965407680e-01 0.000000000000000000e+00 0.000000000000000000e+00 0.000000000000000000e+00
1.800000000000000000e+04 7.199935988076022753e-02 0.000000000000000000e+00 1.000000000000000000e+00 0.000000000000000000e+00 0.000000000000000000e+00 0.000000000000000000e+00
1.850000000000000000e+04 7.399934209967029553e-02 0.000000000000000000e+00 1.000000000000000000e+00 0.000000000000000000e+00 0.000000000000000000e+00 0.000000000000000000e+00
1.900000000000000000e+04 7.599932431858036352e-02 0.000000000000000000e+00 1.000000000000000000e+00 0.000000000000000000e+00 0.000000000000000000e+00 0.000000000000000000e+00
1.950000000000000000e+04 7.799930653749020948e-02 5.689576695493854790e-04 9.994310423304506585e-01 0.000000000000000000e+00 0.000000000000000000e+00 0.000000000000000000e+00
2.000000000000000000e+04 7.999928875640027748e-02 4.551661356395084266e-04 9.994310423304506585e-01 0.000000000000000000e+00 1.137915339098771066e-04 0.000000000000000000e+00
2.050000000000000000e+04 8.199927097531034548e-02 6.827492034592626399e-04 9.993172507965407680e-01 0.000000000000000000e+00 0.000000000000000000e+00 0.000000000000000000e+00
2.100000000000000000e+04 8.399925319422041348e-02 3.413746017296313199e-04 9.995448338643604380e-01 0.000000000000000000e+00 1.137915339098771066e-04 0.000000000000000000e+00
2.150000000000000000e+04 8.599923541313025943e-02 1.137915339098770958e-03 9.988620846609012061e-01 0.000000000000000000e+00 0.000000000000000000e+00 0.000000000000000000e+00
2.200000000000000000e+04 8.799921763204032743e-02 9.103322712790168532e-04 9.990896677287209870e-01 0.000000000000000000e+00 0.000000000000000000e+00 0.000000000000000000e+00
2.250000000000000000e+04 8.999919985095039543e-02 5.689576695493854790e-04 9.994310423304506585e-01 0.000000000000000000e+00 0.000000000000000000e+00 0.000000000000000000e+00
2.300000000000000000e+04 9.199918206986046343e-02 1.024123805188893906e-03 9.988620846609012061e-01 0.000000000000000000e+00 1.137915339098771066e-04 0.000000000000000000e+00
2.350000000000000000e+04 9.399916428877030938e-02 2.162039144287664864e-03 9.977241693218024121e-01 0.000000000000000000e+00 1.137915339098771066e-04 0.000000000000000000e+00
2.400000000000000000e+04 9.599914650768037738e-02 1.820664542558033706e-03 9.979517523896221931e-01 0.000000000000000000e+00 2.275830678197542133e-04 0.000000000000000000e+00
2.450000000000000000e+04 9.799912872659044538e-02 1.251706873008648227e-03 9.986345015930814251e-01 0.000000000000000000e+00 1.137915339098771066e-04 0.000000000000000000e+00
2.500000000000000000e+04 9.999911094550051338e-02 2.389622212107419402e-03 9.973827947200728516e-01 0.000000000000000000e+00 2.275830678197542133e-04 0.000000000000000000e+00
2.550000000000000000e+04 1.019990931644103593e-01 3.641329085116067413e-03 9.957897132453344957e-01 0.000000000000000000e+00 5.689576695493854790e-04 0.000000000000000000e+00
2.600000000000000000e+04 1.039990753833204273e-01 6.144742831133363434e-03 9.937414656349567998e-01 0.000000000000000000e+00 1.137915339098771066e-04 0.000000000000000000e+00
2.650000000000000000e+04 1.059990576022304953e-01 7.851615839781519654e-03 9.915794264906691025e-01 0.000000000000000000e+00 5.689576695493854790e-04 0.000000000000000000e+00
2.700000000000000000e+04 1.079990398211403413e-01 5.461993627674101119e-03 9.941966317705962508e-01 0.000000000000000000e+00 3.413746017296313199e-04 0.000000000000000000e+00
2.750000000000000000e+04 1.099990220400504093e-01 2.742375967228038308e-02 9.557350933090578149e-01 0.000000000000000000e+00 1.684114701866181243e-02 0.000000000000000000e+00
2.800000000000000000e+04 1.119990042589604773e-01 2.487482931269913433e-01 3.965634956759216956e-01 1.582840236686390567e-01 1.964041875284478766e-01 0.000000000000000000e+00
2.850000000000000000e+04 1.139989864778705453e-01 1.715976331360946627e-01 6.181156121984524576e-01 1.912835685025034149e-01 1.900318616294947513e-02 0.000000000000000000e+00
2.900000000000000000e+04 1.159989686967803912e-01 8.693673190714611143e-02 6.992489758761948337e-01 2.066454255803368278e-01 7.168866636322257339e-03 0.000000000000000000e+00
2.950000000000000000e+04 1.179989509156904592e-01 8.170232134729175921e-02 6.982248520710059303e-01 2.135867091488393155e-01 6.486117432862995025e-03 0.000000000000000000e+00
3.000000000000000000e+04 1.199989331346005272e-01 8.261265361857077216e-02 7.011834319526627501e-01 2.107419208010923861e-01 5.461993627674101119e-03 0.000000000000000000e+00
3.050000000000000000e+04 1.219989153535105952e-01 8.113336367774237612e-02 7.010696404187528596e-01 2.130177514792899462e-01 4.779244424214838804e-03 0.000000000000000000e+00
3.100000000000000000e+04 1.239988975724204412e-01 8.045061447428311641e-02 7.071005917159762788e-01 2.078971324533454845e-01 4.551661356395083832e-03 0.000000000000000000e+00
3.150000000000000000e+04 1.259988797913305092e-01 8.978152025489304078e-02 7.088074647246245252e-01 1.985662266727355463e-01 2.844788347746927612e-03 0.000000000000000000e+00
3.200000000000000000e+04 1.279988620102405772e-01 7.692307692307692735e-02 7.163177059626764098e-01 2.059626763768775681e-01 7.965407373691396923e-04 0.000000000000000000e+00
3.250000000000000000e+04 1.299988442291504231e-01 7.680928538916705073e-02 7.177969959035047642e-01 2.040282203004096517e-01 1.365498406918525280e-03 0.000000000000000000e+00
3.300000000000000000e+04 1.319988264480604911e-01 7.476103777878925771e-02 7.158625398270368478e-01 2.076695493855257035e-01 1.706873008648156654e-03 0.000000000000000000e+00
3.350000000000000000e+04 1.339988086669705591e-01 7.589895311788802390e-02 7.164314974965863003e-01 2.067592171142466906e-01 9.103322712790168532e-04 0.000000000000000000e+00
3.400000000000000000e+04 1.359987908858806271e-01 7.510241238051888757e-02 7.187073281747837772e-01 2.055075102412380617e-01 6.827492034592626399e-04 0.000000000000000000e+00
3.450000000000000000e+04 1.379987731047904731e-01 7.601274465179790052e-02 7.180245789713245452e-01 2.049385525716886647e-01 1.024123805188893906e-03 0.000000000000000000e+00
3.500000000000000000e+04 1.399987553237005411e-01 7.624032771961765376e-02 7.188211197086936677e-01 2.044833864360491582e-01 4.551661356395084266e-04 0.000000000000000000e+00
3.550000000000000000e+04 1.419987375426106091e-01 7.589895311788802390e-02 7.191624943104233392e-01 2.047109695038689114e-01 2.275830678197542133e-04 0.000000000000000000e+00
3.600000000000000000e+04 1.439987197615206771e-01 7.601274465179790052e-02 7.189349112426035582e-01 2.043695949021392677e-01 6.827492034592626399e-04 0.000000000000000000e+00
3.650000000000000000e+04 1.459987019804305231e-01 7.794720072826581692e-02 7.188211197086936677e-01 2.030040964952207483e-01 2.275830678197542133e-04 0.000000000000000000e+00
3.700000000000000000e+04 1.479986841993405911e-01 7.828857532999544677e-02 7.195038689121528996e-01 2.014110150204824756e-01 7.965407373691396923e-04 0.000000000000000000e+00
3.750000000000000000e+04 1.499986664182506590e-01 7.874374146563495325e-02 7.199590350477924616e-01 2.003868912152935722e-01 9.103322712790168532e-04 0.000000000000000000e+00
3.800000000000000000e+04 1.519986486371605050e-01 7.908511606736458310e-02 7.181383705052344357e-01 2.016385980883022289e-01 1.137915339098770958e-03 0.000000000000000000e+00
3.850000000000000000e+04 1.539986308560705730e-01 8.022303140646336317e-02 7.183659535730542167e-01 1.997041420118343125e-01 1.706873008648156654e-03 0.000000000000000000e+00
3.900000000000000000e+04 1.559986130749806410e-01 8.204369594902138907e-02 7.192762858443332297e-01 1.983386436049157930e-01 3.413746017296313199e-04 0.000000000000000000e+00
3.950000000000000000e+04 1.579985952938907090e-01 7.874374146563495325e-02 7.212107419208011461e-01 1.985662266727355463e-01 1.479289940828402332e-03 0.000000000000000000e+00
4.000000000000000000e+04 1.599985775128005550e-01 9.877105143377332142e-02 7.157487482931269573e-01 1.819526627218935044e-01 3.527537551206190360e-03 0.000000000000000000e+00
4.050000000000000000e+04 1.619985597317106230e-01 9.308147473827947660e-02 7.155211652253072874e-01 1.894629039599453890e-01 1.934456076467910759e-03 0.000000000000000000e+00
4.100000000000000000e+04 1.639985419506206910e-01 8.636777423759672834e-02 7.279244424214837972e-01 1.832043695949021334e-01 2.503413746017296455e-03 0.000000000000000000e+00
4.150000000000000000e+04 1.659985241695307590e-01 8.898497951752389057e-02 7.314519799726900695e-01 1.778561675011379184e-01 1.706873008648156654e-03 0.000000000000000000e+00
4.200000000000000000e+04 1.679985063884406049e-01 9.046426945835230049e-02 7.321347291761493015e-01 1.763768775603095085e-01 1.024123805188893906e-03 0.000000000000000000e+00
4.250000000000000000e+04 1.699984886073506729e-01 9.114701866181156020e-02 7.339553937187073274e-01 1.737596722803823324e-01 1.137915339098770958e-03 0.000000000000000000e+00
4.300000000000000000e+04 1.719984708262607409e-01 9.126081019572143682e-02 7.358898497951752438e-01 1.710286754665452935e-01 1.820664542558033706e-03 0.000000000000000000e+00
4.350000000000000000e+04 1.739984530451708089e-01 9.274010013654984674e-02 7.374829312699134887e-01 1.677287209831588577e-01 2.048247610377787811e-03 0.000000000000000000e+00
4.400000000000000000e+04 1.759984352640806549e-01 1.003641329085116080e-01 7.420345926263085534e-01 1.558944014565316338e-01 1.706873008648156654e-03 0.000000000000000000e+00
4.450000000000000000e+04 1.779984174829907229e-01 1.003641329085116080e-01 7.431725079654073474e-01 1.554392353208921274e-01 1.024123805188893906e-03 0.000000000000000000e+00
4.500000000000000000e+04 1.799983997019007909e-01 1.026399635867091542e-01 7.436276741010469093e-01 1.525944469731451980e-01 1.137915339098770958e-03 0.000000000000000000e+00
4.550000000000000000e+04 1.819983819208106368e-01 9.262630860263997012e-02 7.675238962221210270e-01 1.389394629039599482e-01 9.103322712790168532e-04 0.000000000000000000e+00
4.600000000000000000e+04 1.839983641397207048e-01 9.387801547564861293e-02 7.684342284934000400e-01 1.374601729631315383e-01 2.275830678197542133e-04 0.000000000000000000e+00
4.650000000000000000e+04 1.859983463586307728e-01 9.638142922166591242e-02 7.647928994082839882e-01 1.382567137005006885e-01 5.689576695493854790e-04 0.000000000000000000e+00
4.700000000000000000e+04 1.879983285775408408e-01 9.547109695038688559e-02 7.650204824761037692e-01 1.393946290395994547e-01 1.137915339098771066e-04 0.000000000000000000e+00
4.750000000000000000e+04 1.899983107964506868e-01 9.490213928083750250e-02 7.650204824761037692e-01 1.395084205735093175e-01 5.689576695493854790e-04 0.000000000000000000e+00
4.800000000000000000e+04 1.919982930153607548e-01 9.467455621301774926e-02 7.651342740100136597e-01 1.399635867091488517e-01 2.275830678197542133e-04 0.000000000000000000e+00
4.850000000000000000e+04 1.939982752342708228e-01 9.683659535730541890e-02 7.628584433318160718e-01 1.392808375056895642e-01 1.024123805188893906e-03 0.000000000000000000e+00
4.900000000000000000e+04 1.959982574531808908e-01 9.922621756941284177e-02 7.620619025944469493e-01 1.387118798361401950e-01 0.000000000000000000e+00 0.000000000000000000e+00
4.950000000000000000e+04 1.979982396720907367e-01 1.323395539371870766e-01 7.002730996813837372e-01 1.635184342284934089e-01 3.868912152935821518e-03 0.000000000000000000e+00
5.000000000000000000e+04 1.999982218910008047e-01 1.580564406008193035e-01 6.827492034592625991e-01 1.525944469731451980e-01 6.599908966772872511e-03 0.000000000000000000e+00
5.050000000000000000e+04 2.019982041099108727e-01 1.465634956759217233e-01 6.788802913063267663e-01 1.685252617205279801e-01 6.030951297223486815e-03 0.000000000000000000e+00
5.100000000000000000e+04 2.039981863288207187e-01 1.315430131998179264e-01 6.737596722803823601e-01 1.874146563495675821e-01 7.282658170232134826e-03 0.000000000000000000e+00
5.150000000000000000e+04 2.059981685477307867e-01 1.277878925807919841e-01 6.702321347291761988e-01 1.975421028675466428e-01 4.437869822485207214e-03 0.000000000000000000e+00
5.200000000000000000e+04 2.079981507666408547e-01 1.280154756486117373e-01 6.753527537551206050e-01 1.900318616294947582e-01 6.599908966772872511e-03 0.000000000000000000e+00
5.250000000000000000e+04 2.099981329855509227e-01 1.291533909877105035e-01 6.743286299499317016e-01 1.912835685025034149e-01 5.234410559854347014e-03 0.000000000000000000e+00
5.300000000000000000e+04 2.119981152044607686e-01 1.297223486572599005e-01 6.886663632225762388e-01 1.750113791533909890e-01 6.599908966772872511e-03 0.000000000000000000e+00
5.350000000000000000e+04 2.139980974233708366e-01 1.233500227583067821e-01 6.977696859353663683e-01 1.766044606281292617e-01 2.275830678197541916e-03 0.000000000000000000e+00
5.400000000000000000e+04 2.159980796422809046e-01 1.175466545289030468e-01 7.059626763768775959e-01 1.744424214838415921e-01 2.048247610377787811e-03 0.000000000000000000e+00
5.450000000000000000e+04 2.179980618611909726e-01 1.180018206645425533e-01 7.069868001820664993e-01 1.731907146108329631e-01 1.820664542558033706e-03 0.000000000000000000e+00
5.500000000000000000e+04 2.199980440801008186e-01 1.136777423759672279e-01 7.080109239872554028e-01 1.755803368229403860e-01 2.730996813837050560e-03 0.000000000000000000e+00
5.550000000000000000e+04 2.219980262990108866e-01 1.099226217569412856e-01 7.132453345471096995e-01 1.731907146108329631e-01 3.641329085116067413e-03 0.000000000000000000e+00
5.600000000000000000e+04 2.239980085179209546e-01 1.125398270368684617e-01 7.109695038689121116e-01 1.745562130177514826e-01 1.934456076467910759e-03 0.000000000000000000e+00
5.650000000000000000e+04 2.259979907368310226e-01 1.109467455621301751e-01 7.144970414201183839e-01 1.723941738734638129e-01 2.162039144287664864e-03 0.000000000000000000e+00
5.700000000000000000e+04 2.279979729557408685e-01 1.110605370960400518e-01 7.173418297678653133e-01 1.693218024578971304e-01 2.275830678197541916e-03 0.000000000000000000e+00
5.750000000000000000e+04 2.299979551746509365e-01 1.106053709604005453e-01 7.171142467000455323e-01 1.701183431952662806e-01 2.162039144287664864e-03 0.000000000000000000e+00
5.800000000000000000e+04 2.319979373935610045e-01 1.099226217569412856e-01 7.157487482931269573e-01 1.725079654073737034e-01 1.820664542558033706e-03 0.000000000000000000e+00
5.850000000000000000e+04 2.339979196124708505e-01 1.106053709604005453e-01 7.180245789713245452e-01 1.680700955848884737e-01 3.299954483386436255e-03 0.000000000000000000e+00
5.900000000000000000e+04 2.359979018313809185e-01 1.124260355029585851e-01 7.154073736913973969e-01 1.696631770596267741e-01 2.503413746017296455e-03 0.000000000000000000e+00
5.950000000000000000e+04 2.379978840502909865e-01 1.153846153846153910e-01 7.156349567592170668e-01 1.664770141101502010e-01 2.503413746017296455e-03 0.000000000000000000e+00
6.000000000000000000e+04 2.399978662692010545e-01 1.153846153846153910e-01 7.168866636322257513e-01 1.653390987710514348e-01 2.389622212107419402e-03 0.000000000000000000e+00
6.050000000000000000e+04 2.419978484881109004e-01 1.151570323167956239e-01 7.134729176149294805e-01 1.685252617205279801e-01 2.844788347746927612e-03 0.000000000000000000e+00
6.100000000000000000e+04 2.439978307070209684e-01 1.127674101046882149e-01 7.187073281747837772e-01 1.652253072371415443e-01 3.299954483386436255e-03 0.000000000000000000e+00
6.150000000000000000e+04 2.459978129259310364e-01 1.156121984524351443e-01 7.157487482931269573e-01 1.639736003641329154e-01 4.665452890304961318e-03 0.000000000000000000e+00
6.200000000000000000e+04 2.479977951448411044e-01 1.137915339098771045e-01 7.179107874374146547e-01 1.643149749658625314e-01 3.982703686845699004e-03 0.000000000000000000e+00
6.250000000000000000e+04 2.499977773637509504e-01 1.118570778334091881e-01 7.189349112426035582e-01 1.659080564406008318e-01 3.299954483386436255e-03 0.000000000000000000e+00
6.300000000000000000e+04 2.519977595826610184e-01 1.111743286299499284e-01 7.200728265817023521e-01 1.653390987710514348e-01 3.413746017296313308e-03 0.000000000000000000e+00
6.350000000000000000e+04 2.539977418015710864e-01 1.136777423759672279e-01 7.198452435138825711e-01 1.634046426945835184e-01 3.072371415566681717e-03 0.000000000000000000e+00
6.400000000000000000e+04 2.559977240204809323e-01 1.191397360036413333e-01 7.020937642239417631e-01 1.760355029585798925e-01 2.730996813837050560e-03 0.000000000000000000e+00
6.450000000000000000e+04 2.579977062393910003e-01 1.258534365043240677e-01 6.932180245789713036e-01 1.780837505689576716e-01 2.844788347746927612e-03 0.000000000000000000e+00
6.500000000000000000e+04 2.599976884583010683e-01 1.288120163859808875e-01 6.932180245789713036e-01 1.742148384160218388e-01 3.755120619025944465e-03 0.000000000000000000e+00
6.550000000000000000e+04 2.619976706772111363e-01 1.266499772416932179e-01 6.949248975876194390e-01 1.748975876194810986e-01 3.527537551206190360e-03 0.000000000000000000e+00
6.600000000000000000e+04 2.639976528961209823e-01 1.297223486572599005e-01 6.931042330450614131e-01 1.738734638142922229e-01 3.299954483386436255e-03 0.000000000000000000e+00
6.650000000000000000e+04 2.659976351150310503e-01 1.231224396904870289e-01 7.065316340464269373e-01 1.681838871187983642e-01 2.162039144287664864e-03 0.000000000000000000e+00
6.700000000000000000e+04 2.679976173339411183e-01 1.304050978607191602e-01 7.175694128356849832e-01 1.479289940828402428e-01 4.096495220755575623e-03 0.000000000000000000e+00
6.750000000000000000e+04 2.699975995528511863e-01 1.360946745562130189e-01 7.023213472917615441e-01 1.577150659990896597e-01 3.868912152935821518e-03 0.000000000000000000e+00
6.800000000000000000e+04 2.719975817717610322e-01 1.227810650887573990e-01 7.084660901228948537e-01 1.654528903049612976e-01 3.299954483386436255e-03 0.000000000000000000e+00
6.850000000000000000e+04 2.739975639906711002e-01 1.136777423759672279e-01 7.159763313609467383e-01 1.679563040509786109e-01 2.389622212107419402e-03 0.000000000000000000e+00
6.900000000000000000e+04 2.759975462095811682e-01 1.177742375967228000e-01 7.140418752844788219e-01 1.670459717796995980e-01 1.137915339098770958e-03 0.000000000000000000e+00
6.950000000000000000e+04 2.779975284284910142e-01 1.162949476558944040e-01 7.163177059626764098e-01 1.640873918980427781e-01 3.299954483386436255e-03 0.000000000000000000e+00
7.000000000000000000e+04 2.799975106474010822e-01 1.132225762403277214e-01 7.208693673190714746e-01 1.630632680928539024e-01 2.844788347746927612e-03 0.000000000000000000e+00
7.050000000000000000e+04 2.819974928663111502e-01 1.174328629949931702e-01 7.102867546654528796e-01 1.692080109239872676e-01 3.072371415566681717e-03 0.000000000000000000e+00
7.100000000000000000e+04 2.839974750852212182e-01 1.158397815202548975e-01 7.113108784706417831e-01 1.698907601274465273e-01 2.958579881656804664e-03 0.000000000000000000e+00
7.150000000000000000e+04 2.859974573041310641e-01 1.187983614019117035e-01 7.096040054619936477e-01 1.681838871187983642e-01 3.413746017296313308e-03 0.000000000000000000e+00
7.200000000000000000e+04 2.879974395230411321e-01 1.191397360036413333e-01 7.094902139280837572e-01 1.672735548475193512e-01 4.096495220755575623e-03 0.000000000000000000e+00
7.250000000000000000e+04 2.899974217419512001e-01 1.207328174783796060e-01 7.066454255803368278e-01 1.701183431952662806e-01 2.503413746017296455e-03 0.000000000000000000e+00
7.300000000000000000e+04 2.919974039608612681e-01 1.211879836140191125e-01 7.028903049613108855e-01 1.698907601274465273e-01 6.030951297223486815e-03 0.000000000000000000e+00
7.350000000000000000e+04 2.939973861797711141e-01 1.220983158852981393e-01 7.020937642239417631e-01 1.706873008648156498e-01 5.120619025944469528e-03 0.000000000000000000e+00
7.400000000000000000e+04 2.959973683986811821e-01 1.213017751479289891e-01 7.015248065543923106e-01 1.725079654073737034e-01 4.665452890304961318e-03 0.000000000000000000e+00
7.450000000000000000e+04 2.979973506175912501e-01 1.228948566226672756e-01 7.026627218934911046e-01 1.711424670004551563e-01 3.299954483386436255e-03 0.000000000000000000e+00
7.500000000000000000e+04 2.999973328365013181e-01 1.227810650887573990e-01 6.997041420118342847e-01 1.725079654073737034e-01 5.006827492034592909e-03 0.000000000000000000e+00
7.550000000000000000e+04 3.019973150554111641e-01 1.205052344105598527e-01 7.016385980883022011e-01 1.735320892125625791e-01 4.324078288575329727e-03 0.000000000000000000e+00
7.600000000000000000e+04 3.039972972743212321e-01 1.205052344105598527e-01 7.030040964952207760e-01 1.717114246700045532e-01 4.779244424214838804e-03 0.000000000000000000e+00
7.650000000000000000e+04 3.059972794932313001e-01 1.213017751479289891e-01 7.033454710969503365e-01 1.712562585343650468e-01 4.096495220755575623e-03 0.000000000000000000e+00
7.700000000000000000e+04 3.079972617121411460e-01 1.193673190714610866e-01 7.044833864360491305e-01 1.708010923987255403e-01 5.348202093764223633e-03 0.000000000000000000e+00
7.750000000000000000e+04 3.099972439310512140e-01 1.216431497496586189e-01 7.039144287664997890e-01 1.679563040509786109e-01 6.486117432862995025e-03 0.000000000000000000e+00
7.800000000000000000e+04 3.119972261499612820e-01 1.227810650887573990e-01 7.019799726900318726e-01 1.698907601274465273e-01 5.348202093764223633e-03 0.000000000000000000e+00
7.850000000000000000e+04 3.139972083688713500e-01 1.239189804278561652e-01 7.025489303595812141e-01 1.698907601274465273e-01 3.641329085116067413e-03 0.000000000000000000e+00
7.900000000000000000e+04 3.159971905877811960e-01 1.228948566226672756e-01 7.034592626308602270e-01 1.685252617205279801e-01 5.120619025944469528e-03 0.000000000000000000e+00
7.950000000000000000e+04 3.179971728066912640e-01 1.238051888939462886e-01 7.042558033682293495e-01 1.654528903049612976e-01 6.486117432862995025e-03 0.000000000000000000e+00
8.000000000000000000e+04 3.199971550256013320e-01 1.201638598088302229e-01 7.080109239872554028e-01 1.678425125170687204e-01 3.982703686845699004e-03 0.000000000000000000e+00
8.050000000000000000e+04 3.219971372445114000e-01 1.182294037323623065e-01 7.340691852526172179e-01 1.421256258534364936e-01 5.575785161583977738e-03 0.000000000000000000e+00
8.100000000000000000e+04 3.239971194634212459e-01 1.209604005461993592e-01 7.329312699135184239e-01 1.429221665908056438e-01 3.186162949476558769e-03 0.000000000000000000e+00
8.150000000000000000e+04 3.259971016823313139e-01 1.348429676832043622e-01 7.196176604460627901e-01 1.409877105143377274e-01 4.551661356395083832e-03 0.000000000000000000e+00
8.200000000000000000e+04 3.279970839012413819e-01 1.508875739644970349e-01 7.073281747837960598e-01 1.366636322257624159e-01 5.120619025944469528e-03 0.000000000000000000e+00
8.250000000000000000e+04 3.299970661201512279e-01 1.454255803368229294e-01 7.002730996813837372e-01 1.514565316340464318e-01 2.844788347746927612e-03 0.000000000000000000e+00
8.300000000000000000e+04 3.319970483390612959e-01 1.373463814292216756e-01 7.247382794720073074e-01 1.349567592171142527e-01 2.958579881656804664e-03 0.000000000000000000e+00
8.350000000000000000e+04 3.339970305579713639e-01 1.310878470641784199e-01 7.296313154301320436e-01 1.372325898953117851e-01 2.048247610377787811e-03 0.000000000000000000e+00
8.400000000000000000e+04 3.359970127768814319e-01 1.322257624032771861e-01 7.291761492944924816e-01 1.366636322257624159e-01 1.934456076467910759e-03 0.000000000000000000e+00
8.450000000000000000e+04 3.379969949957912778e-01 1.273327264451524776e-01 7.259899863450158808e-01 1.439462903959945472e-01 2.730996813837050560e-03 0.000000000000000000e+00
8.500000000000000000e+04 3.399969772147013458e-01 1.329085116067364458e-01 7.210969503868912556e-01 1.440600819299044100e-01 1.934456076467910759e-03 0.000000000000000000e+00
8.550000000000000000e+04 3.419969594336114138e-01 1.345015930814747462e-01 7.195038689121528996e-01 1.444014565316340537e-01 1.593081474738279385e-03 0.000000000000000000e+00
8.600000000000000000e+04 3.439969416525214818e-01 1.330223031406463363e-01 7.206417842512516936e-01 1.444014565316340537e-01 1.934456076467910759e-03 0.000000000000000000e+00
8.650000000000000000e+04 3.459969238714313278e-01 1.333636777423759801e-01 7.222348657259899385e-01 1.429221665908056438e-01 1.479289940828402332e-03 0.000000000000000000e+00
8.700000000000000000e+04 3.479969060903413958e-01 1.318843878015475701e-01 7.213245334547109255e-01 1.453117888029130667e-01 1.479289940828402332e-03 0.000000000000000000e+00
8.750000000000000000e+04 3.499968883092514638e-01 1.364360491579426626e-01 7.185935366408738867e-01 1.436049157942649035e-01 1.365498406918525280e-03 0.000000000000000000e+00
8.800000000000000000e+04 3.519968705281615318e-01 1.371187983614019223e-01 7.176832043695948737e-01 1.439462903959945472e-01 1.251706873008648227e-03 0.000000000000000000e+00
8.850000000000000000e+04 3.539968527470713777e-01 1.330223031406463363e-01 7.199590350477924616e-01 1.449704142011834229e-01 2.048247610377787811e-03 0.000000000000000000e+00
8.900000000000000000e+04 3.559968349659814457e-01 1.339326354119253493e-01 7.200728265817023521e-01 1.442876649977241632e-01 1.706873008648156654e-03 0.000000000000000000e+00
8.950000000000000000e+04 3.579968171848915137e-01 1.387118798361401950e-01 7.167728720983158608e-01 1.434911242603550408e-01 1.024123805188893906e-03 0.000000000000000000e+00
9.000000000000000000e+04 3.599967994038013597e-01 1.370050068274920319e-01 7.176832043695948737e-01 1.429221665908056438e-01 2.389622212107419402e-03 0.000000000000000000e+00
9.050000000000000000e+04 3.619967816227114277e-01 1.397360036413290985e-01 7.184797451069639962e-01 1.401911697769686049e-01 1.593081474738279385e-03 0.000000000000000000e+00
9.100000000000000000e+04 3.639967638416214957e-01 1.393946290395994547e-01 7.179107874374146547e-01 1.407601274465179741e-01 1.934456076467910759e-03 0.000000000000000000e+00
9.150000000000000000e+04 3.659967460605315637e-01 1.454255803368229294e-01 7.105143377332726606e-01 1.415566681838871244e-01 2.503413746017296455e-03 0.000000000000000000e+00
9.200000000000000000e+04 3.679967282794414096e-01 1.523668639053254448e-01 7.027765134274009950e-01 1.415566681838871244e-01 3.299954483386436255e-03 0.000000000000000000e+00
9.250000000000000000e+04 3.699967104983514776e-01 1.546426945835229771e-01 6.860491579426490905e-01 1.554392353208921274e-01 3.868912152935821518e-03 0.000000000000000000e+00
9.300000000000000000e+04 3.719966927172615456e-01 1.498634501593081592e-01 6.786527082385070964e-01 1.690942193900773771e-01 2.389622212107419402e-03 0.000000000000000000e+00
9.350000000000000000e+04 3.739966749361716136e-01 1.479289940828402428e-01 6.800182066454255603e-01 1.695493855257168836e-01 2.503413746017296455e-03 0.000000000000000000e+00
9.400000000000000000e+04 3.759966571550814596e-01 1.384842967683204418e-01 7.393035958124715146e-01 1.213017751479289891e-01 9.103322712790168532e-04 0.000000000000000000e+00
9.450000000000000000e+04 3.779966393739915276e-01 1.367774237596722786e-01 7.415794264906691025e-01 1.207328174783796060e-01 9.103322712790168532e-04 0.000000000000000000e+00
9.500000000000000000e+04 3.799966215929015956e-01 1.382567137005006885e-01 7.412380518889394310e-01 1.197086936731907164e-01 7.965407373691396923e-04 0.000000000000000000e+00
9.550000000000000000e+04 3.819966038118114415e-01 1.380291306326809353e-01 7.410104688211197610e-01 1.198224852071005930e-01 1.137915339098770958e-03 0.000000000000000000e+00
9.600000000000000000e+04 3.839965860307215095e-01 1.363222576240327721e-01 7.427173418297678964e-01 1.198224852071005930e-01 1.137915339098770958e-03 0.000000000000000000e+00
9.650000000000000000e+04 3.859965682496315775e-01 1.379153390987710448e-01 7.399863450159308575e-01 1.203914428766499761e-01 1.706873008648156654e-03 0.000000000000000000e+00
9.700000000000000000e+04 3.879965504685416455e-01 1.399635867091488517e-01 7.391898042785616241e-01 1.201638598088302229e-01 6.827492034592626399e-04 0.000000000000000000e+00
9.750000000000000000e+04 3.899965326874514915e-01 1.406463359126081114e-01 7.386208466090122826e-01 1.198224852071005930e-01 9.103322712790168532e-04 0.000000000000000000e+00
9.800000000000000000e+04 3.919965149063613374e-01 1.407601274465179741e-01 7.410104688211197610e-01 1.166363222576240338e-01 1.593081474738279385e-03 0.000000000000000000e+00
9.850000000000000000e+04 3.939964971252716275e-01 1.306326809285389134e-01 7.482931269913518646e-01 1.199362767410104696e-01 1.137915339098770958e-03 0.000000000000000000e+00
9.900000000000000000e+04 3.959964793441816955e-01 1.299499317250796537e-01 7.479517523896221931e-01 1.198224852071005930e-01 2.275830678197541916e-03 0.000000000000000000e+00
9.950000000000000000e+04 3.979964615630915414e-01 1.285844333181611343e-01 7.481793354574419741e-01 1.216431497496586189e-01 1.593081474738279385e-03 0.000000000000000000e+00
1.000000000000000000e+05 3.999964437820013874e-01 1.286982248520709970e-01 7.487482931269913156e-01 1.210741920801092358e-01 1.479289940828402332e-03 0.000000000000000000e+00
1.005000000000000000e+05 4.019964260009116774e-01 1.284706417842512438e-01 7.486345015930814251e-01 1.216431497496586189e-01 1.251706873008648227e-03 0.000000000000000000e+00
1.010000000000000000e+05 4.039964082198217454e-01 1.290395994538006408e-01 7.482931269913518646e-01 1.211879836140191125e-01 1.479289940828402332e-03 0.000000000000000000e+00
1.015000000000000000e+05 4.059963904387315914e-01 1.279016841147018746e-01 7.494310423304506585e-01 1.215293582157487423e-01 1.137915339098770958e-03 0.000000000000000000e+00
1.020000000000000000e+05 4.079963726576414373e-01 1.300637232589895442e-01 7.481793354574419741e-01 1.210741920801092358e-01 6.827492034592626399e-04 0.000000000000000000e+00
1.025000000000000000e+05 4.099963548765517274e-01 1.284706417842512438e-01 7.487482931269913156e-01 1.214155666818388657e-01 1.365498406918525280e-03 0.000000000000000000e+00
1.030000000000000000e+05 4.119963370954617954e-01 1.275603095129722309e-01 7.482931269913518646e-01 1.228948566226672756e-01 1.251706873008648227e-03 0.000000000000000000e+00
1.035000000000000000e+05 4.139963193143716413e-01 1.285844333181611343e-01 7.465862539827037292e-01 1.235776058261265353e-01 1.251706873008648227e-03 0.000000000000000000e+00
1.040000000000000000e+05 4.159963015332814873e-01 1.294947655894401473e-01 7.459035047792443862e-01 1.228948566226672756e-01 1.706873008648156654e-03 0.000000000000000000e+00
1.045000000000000000e+05 4.179962837521917773e-01 1.269913518434228616e-01 7.446517979062358128e-01 1.261948111060537114e-01 2.162039144287664864e-03 0.000000000000000000e+00
1.050000000000000000e+05 4.199962659711018453e-01 1.265361857077833274e-01 7.429449248975875664e-01 1.285844333181611343e-01 1.934456076467910759e-03 0.000000000000000000e+00
1.055000000000000000e+05 4.219962481900116913e-01 1.282430587164314906e-01 7.408966772872098705e-01 1.297223486572599005e-01 1.137915339098770958e-03 0.000000000000000000e+00
1.060000000000000000e+05 4.239962304089215372e-01 1.283568502503413811e-01 7.403277196176604180e-01 1.301775147928994070e-01 1.137915339098770958e-03 0.000000000000000000e+00
1.065000000000000000e+05 4.259962126278318273e-01 1.274465179790623681e-01 7.412380518889394310e-01 1.296085571233500100e-01 1.706873008648156654e-03 0.000000000000000000e+00
1.070000000000000000e+05 4.279961948467418953e-01 1.284706417842512438e-01 7.405553026854801990e-01 1.293809740555302568e-01 1.593081474738279385e-03 0.000000000000000000e+00
1.075000000000000000e+05 4.299961770656517412e-01 1.272189349112426149e-01 7.408966772872098705e-01 1.299499317250796537e-01 1.934456076467910759e-03 0.000000000000000000e+00
1.080000000000000000e+05 4.319961592845615872e-01 1.259672280382339582e-01 7.423759672280382249e-01 1.304050978607191602e-01 1.251706873008648227e-03 0.000000000000000000e+00
1.085000000000000000e+05 4.339961415034716552e-01 1.269913518434228616e-01 7.418070095584888834e-01 1.298361401911697632e-01 1.365498406918525280e-03 0.000000000000000000e+00
1.090000000000000000e+05 4.359961237223819452e-01 1.263086026399635742e-01 7.422621756941283344e-01 1.297223486572599005e-01 1.706873008648156654e-03 0.000000000000000000e+00
1.095000000000000000e+05 4.379961059412917912e-01 1.264223941738734647e-01 7.420345926263085534e-01 1.292671825216203940e-01 2.275830678197541916e-03 0.000000000000000000e+00
1.100000000000000000e+05 4.399960881602016372e-01 1.275603095129722309e-01 7.416932180245789930e-01 1.289258079198907503e-01 1.820664542558033706e-03 0.000000000000000000e+00
1.105000000000000000e+05 4.419960703791117052e-01 1.285844333181611343e-01 7.398725534820209671e-01 1.299499317250796537e-01 1.593081474738279385e-03 0.000000000000000000e+00
1.110000000000000000e+05 4.439960525980219952e-01 1.271051433773327244e-01 7.428311333636777869e-01 1.286982248520709970e-01 1.365498406918525280e-03 0.000000000000000000e+00
1.115000000000000000e+05 4.459960348169318411e-01 1.257396449704142050e-01 7.416932180245789930e-01 1.304050978607191602e-01 2.162039144287664864e-03 0.000000000000000000e+00
1.120000000000000000e+05 4.479960170358416871e-01 1.273327264451524776e-01 7.413518434228493215e-01 1.304050978607191602e-01 9.103322712790168532e-04 0.000000000000000000e+00
1.125000000000000000e+05 4.499959992547517551e-01 1.274465179790623681e-01 7.411242603550295405e-01 1.298361401911697632e-01 1.593081474738279385e-03 0.000000000000000000e+00
1.130000000000000000e+05 4.519959814736620451e-01 1.274465179790623681e-01 7.413518434228493215e-01 1.288120163859808875e-01 2.389622212107419402e-03 0.000000000000000000e+00
1.135000000000000000e+05 4.539959636925718911e-01 1.281292671825216278e-01 7.404415111515703085e-01 1.296085571233500100e-01 1.820664542558033706e-03 0.000000000000000000e+00
