# itime ezz other fcc hcp bcc ico
0.000000000000000000e+00 0.000000000000000000e+00 0.000000000000000000e+00 1.000000000000000000e+00 0.000000000000000000e+00 0.000000000000000000e+00 0.000000000000000000e+00
2.500000000000000000e+03 1.000000763573649643e-02 0.000000000000000000e+00 1.000000000000000000e+00 0.000000000000000000e+00 0.000000000000000000e+00 0.000000000000000000e+00
5.000000000000000000e+03 2.000001527147277081e-02 0.000000000000000000e+00 1.000000000000000000e+00 0.000000000000000000e+00 0.000000000000000000e+00 0.000000000000000000e+00
7.500000000000000000e+03 3.000002290720926723e-02 0.000000000000000000e+00 1.000000000000000000e+00 0.000000000000000000e+00 0.000000000000000000e+00 0.000000000000000000e+00
1.000000000000000000e+04 4.000003054294576366e-02 0.000000000000000000e+00 1.000000000000000000e+00 0.000000000000000000e+00 0.000000000000000000e+00 0.000000000000000000e+00
1.250000000000000000e+04 5.000003817868203804e-02 0.000000000000000000e+00 1.000000000000000000e+00 0.000000000000000000e+00 0.000000000000000000e+00 0.000000000000000000e+00
1.500000000000000000e+04 6.000004581441853446e-02 0.000000000000000000e+00 1.000000000000000000e+00 0.000000000000000000e+00 0.000000000000000000e+00 0.000000000000000000e+00
1.750000000000000000e+04 7.000005345015480884e-02 0.000000000000000000e+00 1.000000000000000000e+00 0.000000000000000000e+00 0.000000000000000000e+00 0.000000000000000000e+00
2.000000000000000000e+04 8.000006108589130527e-02 3.413746017296313199e-04 9.995448338643604380e-01 0.000000000000000000e+00 1.137915339098771066e-04 0.000000000000000000e+00
2.250000000000000000e+04 9.000006872162780169e-02 7.965407373691396923e-04 9.992034592626308775e-01 0.000000000000000000e+00 0.000000000000000000e+00 0.000000000000000000e+00
2.500000000000000000e+04 1.000000763573640761e-01 4.665452890304961318e-03 9.952207555757851543e-01 0.000000000000000000e+00 1.137915339098771066e-04 0.000000000000000000e+00
2.750000000000000000e+04 1.100000839931005725e-01 1.755803368229403860e-01 2.832271279016841392e-01 1.137915339098771066e-04 5.410787437414655843e-01 0.000000000000000000e+00
3.000000000000000000e+04 1.200000916288370689e-01 1.417842512517068776e-01 6.850250341374601870e-01 1.639736003641329154e-01 9.217114246700046018e-03 0.000000000000000000e+00
3.250000000000000000e+04 1.300000992645733433e-01 1.488393263541192557e-01 6.842284934000910646e-01 1.599908966772872199e-01 6.941283568502503235e-03 0.000000000000000000e+00
3.500000000000000000e+04 1.400001069003098397e-01 1.348429676832043622e-01 6.903732362312243742e-01 1.673873463814292140e-01 7.396449704142011444e-03 0.000000000000000000e+00
3.750000000000000000e+04 1.500001145360463362e-01 4.824761037778789452e-02 8.001820664542558248e-01 1.464497041420118328e-01 5.120619025944469528e-03 0.000000000000000000e+00
4.000000000000000000e+04 1.600001221717826105e-01 4.767865270823850449e-02 8.001820664542558248e-01 1.497496586253982687e-01 2.389622212107419402e-03 0.000000000000000000e+00
4.250000000000000000e+04 1.700001298075191070e-01 4.870277651342740100e-02 7.982476103777879084e-01 1.513427401001365413e-01 1.706873008648156654e-03 0.000000000000000000e+00
4.500000000000000000e+04 1.800001374432553813e-01 5.166135639508420696e-02 7.933545744196631722e-01 1.527082385070550885e-01 2.275830678197541916e-03 0.000000000000000000e+00
4.750000000000000000e+04 1.900001450789918778e-01 5.689576695493855224e-02 7.872098315885298625e-01 1.536185707783341015e-01 2.275830678197541916e-03 0.000000000000000000e+00
5.000000000000000000e+04 2.000001527147283742e-01 5.063723258989531045e-02 7.927856167501138307e-01 1.527082385070550885e-01 3.868912152935821518e-03 0.000000000000000000e+00
5.250000000000000000e+04 2.100001603504646486e-01 5.154756486117433034e-02 7.888029130632681074e-01 1.562357760582612776e-01 3.413746017296313308e-03 0.000000000000000000e+00
5.500000000000000000e+04 2.200001679862011450e-01 7.248520710059171146e-02 7.494310423304506585e-01 1.758079198907601393e-01 2.275830678197541916e-03 0.000000000000000000e+00
5.750000000000000000e+04 2.300001756219376414e-01 8.056440600819299303e-02 7.316795630405097395e-01 1.857077833409194467e-01 2.048247610377787811e-03 0.000000000000000000e+00
6.000000000000000000e+04 2.400001832576739158e-01 8.545744196631770151e-02 7.302002730996813851e-01 1.835457441966317771e-01 7.965407373691396923e-04 0.000000000000000000e+00
6.250000000000000000e+04 2.500001908934104122e-01 8.852981338188438409e-02 7.246244879380974169e-01 1.857077833409194467e-01 1.137915339098770958e-03 0.000000000000000000e+00
6.500000000000000000e+04 2.600001985291469087e-01 1.015020482476103741e-01 7.230314064633591720e-01 1.720527992717341692e-01 3.413746017296313308e-03 0.000000000000000000e+00
6.750000000000000000e+04 2.700002061648831830e-01 9.774692762858443185e-02 7.258761948111061013e-01 1.725079654073737034e-01 3.868912152935821518e-03 0.000000000000000000e+00
7.000000000000000000e+04 2.800002138006196795e-01 9.205735093309057315e-02 7.406690942193900895e-01 1.654528903049612976e-01 1.820664542558033706e-03 0.000000000000000000e+00
7.250000000000000000e+04 2.900002214363559538e-01 9.512972234865725574e-02 7.352071005917160118e-01 1.661356395084205850e-01 3.527537551206190360e-03 0.000000000000000000e+00
7.500000000000000000e+04 3.000002290720924503e-01 1.061675011379153433e-01 7.208693673190714746e-01 1.702321347291761433e-01 2.730996813837050560e-03 0.000000000000000000e+00
7.750000000000000000e+04 3.100002367078289467e-01 1.197086936731907164e-01 7.009558488848429691e-01 1.745562130177514826e-01 4.779244424214838804e-03 0.000000000000000000e+00
8.000000000000000000e+04 3.200002443435652211e-01 1.115157032316795582e-01 7.043695949021392400e-01 1.805871643149749572e-01 3.527537551206190360e-03 0.000000000000000000e+00
8.250000000000000000e+04 3.300002519793017175e-01 1.169776968593536637e-01 6.966317705962676854e-01 1.834319526627218866e-01 2.958579881656804664e-03 0.000000000000000000e+00
8.500000000000000000e+04 3.400002596150382139e-01 1.240327719617660418e-01 6.909421939007738267e-01 1.814974965862539702e-01 3.527537551206190360e-03 0.000000000000000000e+00
8.750000000000000000e+04 3.500002672507744883e-01 1.487255348202093652e-01 6.618115612198451903e-01 1.843422849340008995e-01 5.120619025944469528e-03 0.000000000000000000e+00
9.000000000000000000e+04 3.600002748865109847e-01 1.086709148839326289e-01 7.484069185252617551e-01 1.405325443786982209e-01 2.389622212107419402e-03 0.000000000000000000e+00
9.250000000000000000e+04 3.700002825222474812e-01 1.045744196631770567e-01 7.503413746017296715e-01 1.429221665908056438e-01 2.162039144287664864e-03 0.000000000000000000e+00
9.500000000000000000e+04 3.800002901579837555e-01 1.078743741465634925e-01 7.441966317705962508e-01 1.442876649977241632e-01 3.641329085116067413e-03 0.000000000000000000e+00
9.750000000000000000e+04 3.900002977937202520e-01 1.129949931725079681e-01 7.467000455166135087e-01 1.372325898953117851e-01 3.072371415566681717e-03 0.000000000000000000e+00
1.000000000000000000e+05 4.000003054294567484e-01 1.134501593081474746e-01 7.459035047792443862e-01 1.388256713700500578e-01 1.820664542558033706e-03 0.000000000000000000e+00
1.025000000000000000e+05 4.100003130651930228e-01 9.956759217114247162e-02 7.597860719162494725e-01 1.375739644970414288e-01 3.072371415566681717e-03 0.000000000000000000e+00
1.050000000000000000e+05 4.200003207009295192e-01 1.035502958579881672e-01 7.520482476103778069e-01 1.415566681838871244e-01 2.844788347746927612e-03 0.000000000000000000e+00
1.075000000000000000e+05 4.300003283366657936e-01 1.069640418752844796e-01 7.437414656349567998e-01 1.469048702776513393e-01 2.389622212107419402e-03 0.000000000000000000e+00
1.100000000000000000e+05 4.400003359724022900e-01 1.098088302230314089e-01 7.390760127446518446e-01 1.471324533454710926e-01 3.982703686845699004e-03 0.000000000000000000e+00
1.125000000000000000e+05 4.500003436081387864e-01 1.308602639963586667e-01 7.295175238962221531e-01 1.364360491579426626e-01 3.186162949476558769e-03 0.000000000000000000e+00
1.150000000000000000e+05 4.600003512438750608e-01 1.061675011379153433e-01 7.603550295857988139e-01 1.324533454710969393e-01 1.024123805188893906e-03 0.000000000000000000e+00
1.175000000000000000e+05 4.700003588796115572e-01 1.099226217569412856e-01 7.060764679107874864e-01 1.820664542558033672e-01 1.934456076467910759e-03 0.000000000000000000e+00
1.200000000000000000e+05 4.800003665153480537e-01 1.207328174783796060e-01 7.215521165225307065e-01 1.553254437869822369e-01 2.389622212107419402e-03 0.000000000000000000e+00
1.225000000000000000e+05 4.900003741510843280e-01 1.159535730541647741e-01 7.315657715065999600e-01 1.494082840236686527e-01 3.072371415566681717e-03 0.000000000000000000e+00
1.250000000000000000e+05 5.000003817868208245e-01 1.174328629949931702e-01 7.296313154301320436e-01 1.512289485662266786e-01 1.706873008648156654e-03 0.000000000000000000e+00
1.275000000000000000e+05 5.100003894225573209e-01 1.176604460628129234e-01 7.312243969048702885e-01 1.488393263541192557e-01 2.275830678197541916e-03 0.000000000000000000e+00
1.300000000000000000e+05 5.200003970582935953e-01 1.186845698680018268e-01 7.138142922166590409e-01 1.667045971779699542e-01 7.965407373691396923e-04 0.000000000000000000e+00
1.325000000000000000e+05 5.300004046940300917e-01 1.200500682749203463e-01 7.207555757851615841e-01 1.576012744651797970e-01 1.593081474738279385e-03 0.000000000000000000e+00
1.350000000000000000e+05 5.400004123297663661e-01 1.193673190714610866e-01 7.239417387346381849e-01 1.548702776513427304e-01 1.820664542558033706e-03 0.000000000000000000e+00
1.375000000000000000e+05 5.500004199655028625e-01 1.228948566226672756e-01 7.228038233955393910e-01 1.520254893035958010e-01 2.275830678197541916e-03 0.000000000000000000e+00
1.400000000000000000e+05 5.600004276012393589e-01 1.242603550295857950e-01 7.245106964041875264e-01 1.470186618115612298e-01 4.210286754665453109e-03 0.000000000000000000e+00
1.425000000000000000e+05 5.700004352369756333e-01 1.515703231679562946e-01 6.325671370050067743e-01 2.107419208010923861e-01 5.120619025944469528e-03 0.000000000000000000e+00
1.450000000000000000e+05 5.800004428727121297e-01 1.560081929904415243e-01 6.191397360036413611e-01 2.208693673190714746e-01 3.982703686845699004e-03 0.000000000000000000e+00
1.475000000000000000e+05 5.900004505084486262e-01 1.569185252617205373e-01 6.546426945835229771e-01 1.841147018661811463e-01 4.324078288575329727e-03 0.000000000000000000e+00
1.500000000000000000e+05 6.000004581441849005e-01 1.586253982703686727e-01 6.673873463814292695e-01 1.685252617205279801e-01 5.461993627674101119e-03 0.000000000000000000e+00
1.525000000000000000e+05 6.100004657799213970e-01 1.631770596267637652e-01 6.754665452890304955e-01 1.558944014565316338e-01 5.461993627674101119e-03 0.000000000000000000e+00
1.550000000000000000e+05 6.200004734156578934e-01 1.681838871187983642e-01 6.819526627218934767e-01 1.467910787437414766e-01 3.072371415566681717e-03 0.000000000000000000e+00
1.575000000000000000e+05 6.300004810513941678e-01 1.705735093309057870e-01 6.852526172052799680e-01 1.397360036413290985e-01 4.437869822485207214e-03 0.000000000000000000e+00
1.600000000000000000e+05 6.400004886871306642e-01 1.956076467910787542e-01 6.268775603095130267e-01 1.686390532544378706e-01 8.875739644970414427e-03 0.000000000000000000e+00
1.625000000000000000e+05 6.500004963228669386e-01 1.966317705962676299e-01 6.299499317250796260e-01 1.651115157032316816e-01 8.306781975421027864e-03 0.000000000000000000e+00
1.650000000000000000e+05 6.600005039586034350e-01 2.015248065543923661e-01 6.177742375967227861e-01 1.739872553482020856e-01 6.713700500682749130e-03 0.000000000000000000e+00
1.675000000000000000e+05 6.700005115943399314e-01 1.603322712790168358e-01 6.769458352298588499e-01 1.528220300409649512e-01 9.899863450159307465e-03 0.000000000000000000e+00
1.700000000000000000e+05 6.800005192300762058e-01 1.455393718707328199e-01 6.784251251706873154e-01 1.718252162039144160e-01 4.210286754665453109e-03 0.000000000000000000e+00
1.725000000000000000e+05 6.900005268658127022e-01 1.444014565316340537e-01 6.783113336367774249e-01 1.715976331360946627e-01 5.689576695493855224e-03 0.000000000000000000e+00
1.750000000000000000e+05 7.000005345015491987e-01 1.449704142011834229e-01 6.805871643149750128e-01 1.693218024578971304e-01 5.120619025944469528e-03 0.000000000000000000e+00
1.775000000000000000e+05 7.100005421372854730e-01 1.486117432862995025e-01 6.779699590350477534e-01 1.685252617205279801e-01 4.893035958124715423e-03 0.000000000000000000e+00
1.800000000000000000e+05 7.200005497730219695e-01 1.514565316340464318e-01 6.745562130177514826e-01 1.693218024578971304e-01 4.665452890304961318e-03 0.000000000000000000e+00
1.825000000000000000e+05 7.300005574087584659e-01 1.527082385070550885e-01 6.725079654073736757e-01 1.687528447883477334e-01 6.030951297223486815e-03 0.000000000000000000e+00
1.850000000000000000e+05 7.400005650444947403e-01 1.517979062357760478e-01 6.767182521620391800e-01 1.667045971779699542e-01 4.779244424214838804e-03 0.000000000000000000e+00
1.875000000000000000e+05 7.500005726802312367e-01 1.500910332271279124e-01 6.722803823395538947e-01 1.698907601274465273e-01 7.737824305871643035e-03 0.000000000000000000e+00
1.900000000000000000e+05 7.600005803159675111e-01 1.517979062357760478e-01 6.747837960855712636e-01 1.677287209831588577e-01 5.689576695493855224e-03 0.000000000000000000e+00
1.925000000000000000e+05 7.700005879517040075e-01 1.536185707783341015e-01 6.643149749658625591e-01 1.769458352298589054e-01 5.120619025944469528e-03 0.000000000000000000e+00
1.950000000000000000e+05 7.800005955874405039e-01 1.613563950842057393e-01 6.602184797451069453e-01 1.734182976786527164e-01 5.006827492034592909e-03 0.000000000000000000e+00
1.975000000000000000e+05 7.900006032231767783e-01 1.614701866181156020e-01 6.364360491579426071e-01 1.981110605370960398e-01 3.982703686845699004e-03 0.000000000000000000e+00
2.000000000000000000e+05 8.000006108589132747e-01 1.698907601274465273e-01 6.224396904870277414e-01 2.035730541647701453e-01 4.096495220755575623e-03 0.000000000000000000e+00
2.025000000000000000e+05 8.100006184946497712e-01 1.797906235776058348e-01 6.308602639963586389e-01 1.843422849340008995e-01 5.006827492034592909e-03 0.000000000000000000e+00
2.050000000000000000e+05 8.200006261303860455e-01 1.787664997724169313e-01 6.373463814292216201e-01 1.807009558488848477e-01 3.186162949476558769e-03 0.000000000000000000e+00
2.075000000000000000e+05 8.300006337661225420e-01 1.820664542558033672e-01 6.350705507510241432e-01 1.795630405097860816e-01 3.299954483386436255e-03 0.000000000000000000e+00
2.100000000000000000e+05 8.400006414018590384e-01 1.811561219845243542e-01 6.337050523441055683e-01 1.805871643149749572e-01 4.551661356395083832e-03 0.000000000000000000e+00
2.125000000000000000e+05 8.500006490375953128e-01 1.697769685935366368e-01 6.742148384160218111e-01 1.536185707783341015e-01 2.389622212107419402e-03 0.000000000000000000e+00
2.150000000000000000e+05 8.600006566733318092e-01 1.753527537551206328e-01 6.566909421939007840e-01 1.647701411015020379e-01 3.186162949476558769e-03 0.000000000000000000e+00
2.175000000000000000e+05 8.700006643090680836e-01 1.786527082385070686e-01 6.461083295402821891e-01 1.718252162039144160e-01 3.413746017296313308e-03 0.000000000000000000e+00
2.200000000000000000e+05 8.800006719448045800e-01 1.845698680018206528e-01 6.426945835229859183e-01 1.695493855257168836e-01 3.186162949476558769e-03 0.000000000000000000e+00
2.225000000000000000e+05 8.900006795805410764e-01 1.800182066454255880e-01 6.363222576240327166e-01 1.825216203914428736e-01 1.137915339098770958e-03 0.000000000000000000e+00
2.250000000000000000e+05 9.000006872162773508e-01 1.760355029585798925e-01 6.379153390987710726e-01 1.830905780609922706e-01 2.958579881656804664e-03 0.000000000000000000e+00
2.275000000000000000e+05 9.100006948520138472e-01 1.803595812471552040e-01 6.271051433773326966e-01 1.892353208921256358e-01 3.299954483386436255e-03 0.000000000000000000e+00
2.300000000000000000e+05 9.200007024877503436e-01 1.789940828402366846e-01 6.279016841147018191e-01 1.870732817478379661e-01 6.030951297223486815e-03 0.000000000000000000e+00
2.325000000000000000e+05 9.300007101234866180e-01 1.924214838416021811e-01 6.112881201638598050e-01 1.900318616294947582e-01 6.258534365043240920e-03 0.000000000000000000e+00
2.350000000000000000e+05 9.400007177592231145e-01 1.987938097405552995e-01 6.044606281292671524e-01 1.885525716886663761e-01 8.192990441511151245e-03 0.000000000000000000e+00
2.375000000000000000e+05 9.500007253949596109e-01 1.842284934000910368e-01 6.365498406918524976e-01 1.752389622212107423e-01 3.982703686845699004e-03 0.000000000000000000e+00
2.400000000000000000e+05 9.600007330306958853e-01 1.621529358215748617e-01 6.704597177969958688e-01 1.652253072371415443e-01 2.162039144287664864e-03 0.000000000000000000e+00
2.425000000000000000e+05 9.700007406664323817e-01 1.554392353208921274e-01 6.788802913063267663e-01 1.624943104233045055e-01 3.186162949476558769e-03 0.000000000000000000e+00
2.450000000000000000e+05 9.800007483021688781e-01 1.378015475648611821e-01 6.921939007737824001e-01 1.681838871187983642e-01 1.820664542558033706e-03 0.000000000000000000e+00
2.475000000000000000e+05 9.900007559379051525e-01 1.389394629039599482e-01 6.913973600364132777e-01 1.676149294492489672e-01 2.048247610377787811e-03 0.000000000000000000e+00
2.500000000000000000e+05 1.000000763573641649e+00 1.367774237596722786e-01 6.920801092398725096e-01 1.687528447883477334e-01 2.389622212107419402e-03 0.000000000000000000e+00
