# itime ezz other fcc hcp bcc ico
0.000000000000000000e+00 0.000000000000000000e+00 0.000000000000000000e+00 1.000000000000000000e+00 0.000000000000000000e+00 0.000000000000000000e+00 0.000000000000000000e+00
2.500000000000000000e+03 1.000000435959891298e-02 0.000000000000000000e+00 1.000000000000000000e+00 0.000000000000000000e+00 0.000000000000000000e+00 0.000000000000000000e+00
5.000000000000000000e+03 2.000000871919782597e-02 0.000000000000000000e+00 1.000000000000000000e+00 0.000000000000000000e+00 0.000000000000000000e+00 0.000000000000000000e+00
7.500000000000000000e+03 3.000001307879696100e-02 0.000000000000000000e+00 1.000000000000000000e+00 0.000000000000000000e+00 0.000000000000000000e+00 0.000000000000000000e+00
1.000000000000000000e+04 4.000001743839587398e-02 0.000000000000000000e+00 1.000000000000000000e+00 0.000000000000000000e+00 0.000000000000000000e+00 0.000000000000000000e+00
1.250000000000000000e+04 5.000002179799478697e-02 0.000000000000000000e+00 1.000000000000000000e+00 0.000000000000000000e+00 0.000000000000000000e+00 0.000000000000000000e+00
1.500000000000000000e+04 6.000002615759369995e-02 0.000000000000000000e+00 1.000000000000000000e+00 0.000000000000000000e+00 0.000000000000000000e+00 0.000000000000000000e+00
1.750000000000000000e+04 7.000003051719261293e-02 6.827492034592626399e-04 9.993172507965407680e-01 0.000000000000000000e+00 0.000000000000000000e+00 0.000000000000000000e+00
2.000000000000000000e+04 8.000003487679174796e-02 4.551661356395084266e-04 9.994310423304506585e-01 0.000000000000000000e+00 1.137915339098771066e-04 0.000000000000000000e+00
2.250000000000000000e+04 9.000003923639066095e-02 5.689576695493854790e-04 9.994310423304506585e-01 0.000000000000000000e+00 0.000000000000000000e+00 0.000000000000000000e+00
2.500000000000000000e+04 1.000000435959895739e-01 2.389622212107419402e-03 9.973827947200728516e-01 0.000000000000000000e+00 2.275830678197542133e-04 0.000000000000000000e+00
2.750000000000000000e+04 1.100000479555884869e-01 2.742375967228038308e-02 9.557350933090578149e-01 0.000000000000000000e+00 1.684114701866181243e-02 0.000000000000000000e+00
3.000000000000000000e+04 1.200000523151873999e-01 8.261265361857077216e-02 7.011834319526627501e-01 2.107419208010923861e-01 5.461993627674101119e-03 0.000000000000000000e+00
3.250000000000000000e+04 1.300000566747865349e-01 7.680928538916705073e-02 7.177969959035047642e-01 2.040282203004096517e-01 1.365498406918525280e-03 0.000000000000000000e+00
3.500000000000000000e+04 1.400000610343854479e-01 7.624032771961765376e-02 7.188211197086936677e-01 2.044833864360491582e-01 4.551661356395084266e-04 0.000000000000000000e+00
3.750000000000000000e+04 1.500000653939843609e-01 7.874374146563495325e-02 7.199590350477924616e-01 2.003868912152935722e-01 9.103322712790168532e-04 0.000000000000000000e+00
4.000000000000000000e+04 1.600000697535832739e-01 9.877105143377332142e-02 7.157487482931269573e-01 1.819526627218935044e-01 3.527537551206190360e-03 0.000000000000000000e+00
4.250000000000000000e+04 1.700000741131821869e-01 9.114701866181156020e-02 7.339553937187073274e-01 1.737596722803823324e-01 1.137915339098770958e-03 0.000000000000000000e+00
4.500000000000000000e+04 1.800000784727813219e-01 1.026399635867091542e-01 7.436276741010469093e-01 1.525944469731451980e-01 1.137915339098770958e-03 0.000000000000000000e+00
4.750000000000000000e+04 1.900000828323802349e-01 9.490213928083750250e-02 7.650204824761037692e-01 1.395084205735093175e-01 5.689576695493854790e-04 0.000000000000000000e+00
5.000000000000000000e+04 2.000000871919791479e-01 1.580564406008193035e-01 6.827492034592625991e-01 1.525944469731451980e-01 6.599908966772872511e-03 0.000000000000000000e+00
5.250000000000000000e+04 2.100000915515780608e-01 1.291533909877105035e-01 6.743286299499317016e-01 1.912835685025034149e-01 5.234410559854347014e-03 0.000000000000000000e+00
5.500000000000000000e+04 2.200000959111769738e-01 1.136777423759672279e-01 7.080109239872554028e-01 1.755803368229403860e-01 2.730996813837050560e-03 0.000000000000000000e+00
5.750000000000000000e+04 2.300001002707761089e-01 1.106053709604005453e-01 7.171142467000455323e-01 1.701183431952662806e-01 2.162039144287664864e-03 0.000000000000000000e+00
6.000000000000000000e+04 2.400001046303750218e-01 1.153846153846153910e-01 7.168866636322257513e-01 1.653390987710514348e-01 2.389622212107419402e-03 0.000000000000000000e+00
6.250000000000000000e+04 2.500001089899739348e-01 1.118570778334091881e-01 7.189349112426035582e-01 1.659080564406008318e-01 3.299954483386436255e-03 0.000000000000000000e+00
6.500000000000000000e+04 2.600001133495728478e-01 1.288120163859808875e-01 6.932180245789713036e-01 1.742148384160218388e-01 3.755120619025944465e-03 0.000000000000000000e+00
6.750000000000000000e+04 2.700001177091717608e-01 1.360946745562130189e-01 7.023213472917615441e-01 1.577150659990896597e-01 3.868912152935821518e-03 0.000000000000000000e+00
7.000000000000000000e+04 2.800001220687708958e-01 1.132225762403277214e-01 7.208693673190714746e-01 1.630632680928539024e-01 2.844788347746927612e-03 0.000000000000000000e+00
7.250000000000000000e+04 2.900001264283698088e-01 1.207328174783796060e-01 7.066454255803368278e-01 1.701183431952662806e-01 2.503413746017296455e-03 0.000000000000000000e+00
7.500000000000000000e+04 3.000001307879687218e-01 1.227810650887573990e-01 6.997041420118342847e-01 1.725079654073737034e-01 5.006827492034592909e-03 0.000000000000000000e+00
7.750000000000000000e+04 3.100001351475676348e-01 1.216431497496586189e-01 7.039144287664997890e-01 1.679563040509786109e-01 6.486117432862995025e-03 0.000000000000000000e+00
8.000000000000000000e+04 3.200001395071665478e-01 1.201638598088302229e-01 7.080109239872554028e-01 1.678425125170687204e-01 3.982703686845699004e-03 0.000000000000000000e+00
8.250000000000000000e+04 3.300001438667656828e-01 1.454255803368229294e-01 7.002730996813837372e-01 1.514565316340464318e-01 2.844788347746927612e-03 0.000000000000000000e+00
8.500000000000000000e+04 3.400001482263645958e-01 1.329085116067364458e-01 7.210969503868912556e-01 1.440600819299044100e-01 1.934456076467910759e-03 0.000000000000000000e+00
8.750000000000000000e+04 3.500001525859635088e-01 1.364360491579426626e-01 7.185935366408738867e-01 1.436049157942649035e-01 1.365498406918525280e-03 0.000000000000000000e+00
9.000000000000000000e+04 3.600001569455624217e-01 1.370050068274920319e-01 7.176832043695948737e-01 1.429221665908056438e-01 2.389622212107419402e-03 0.000000000000000000e+00
9.250000000000000000e+04 3.700001613051613347e-01 1.546426945835229771e-01 6.860491579426490905e-01 1.554392353208921274e-01 3.868912152935821518e-03 0.000000000000000000e+00
9.500000000000000000e+04 3.800001656647604698e-01 1.382567137005006885e-01 7.412380518889394310e-01 1.197086936731907164e-01 7.965407373691396923e-04 0.000000000000000000e+00
9.750000000000000000e+04 3.900001700243591607e-01 1.406463359126081114e-01 7.386208466090122826e-01 1.198224852071005930e-01 9.103322712790168532e-04 0.000000000000000000e+00
1.000000000000000000e+05 4.000001743839580737e-01 1.286982248520709970e-01 7.487482931269913156e-01 1.210741920801092358e-01 1.479289940828402332e-03 0.000000000000000000e+00
1.025000000000000000e+05 4.100001787435572087e-01 1.284706417842512438e-01 7.487482931269913156e-01 1.214155666818388657e-01 1.365498406918525280e-03 0.000000000000000000e+00
1.050000000000000000e+05 4.200001831031561217e-01 1.265361857077833274e-01 7.429449248975875664e-01 1.285844333181611343e-01 1.934456076467910759e-03 0.000000000000000000e+00
1.075000000000000000e+05 4.300001874627550347e-01 1.272189349112426149e-01 7.408966772872098705e-01 1.299499317250796537e-01 1.934456076467910759e-03 0.000000000000000000e+00
1.100000000000000000e+05 4.400001918223539477e-01 1.275603095129722309e-01 7.416932180245789930e-01 1.289258079198907503e-01 1.820664542558033706e-03 0.000000000000000000e+00
1.125000000000000000e+05 4.500001961819528606e-01 1.274465179790623681e-01 7.411242603550295405e-01 1.298361401911697632e-01 1.593081474738279385e-03 0.000000000000000000e+00
1.150000000000000000e+05 4.600002005415519957e-01 1.289258079198907503e-01 7.385070550751023921e-01 1.298361401911697632e-01 2.730996813837050560e-03 0.000000000000000000e+00
1.175000000000000000e+05 4.700002049011509087e-01 1.322257624032771861e-01 7.353208921256259023e-01 1.304050978607191602e-01 2.048247610377787811e-03 0.000000000000000000e+00
1.200000000000000000e+05 4.800002092607498216e-01 1.495220755575785154e-01 6.945835229858898785e-01 1.549840691852526209e-01 9.103322712790168532e-04 0.000000000000000000e+00
1.225000000000000000e+05 4.900002136203487346e-01 1.522530723714155543e-01 6.943559399180700975e-01 1.524806554392353075e-01 9.103322712790168532e-04 0.000000000000000000e+00
1.250000000000000000e+05 5.000002179799476476e-01 1.521392808375056915e-01 6.962903959945380139e-01 1.506599908966772816e-01 9.103322712790168532e-04 0.000000000000000000e+00
1.275000000000000000e+05 5.100002223395467826e-01 1.515703231679562946e-01 6.949248975876194390e-01 1.520254893035958010e-01 1.479289940828402332e-03 0.000000000000000000e+00
1.300000000000000000e+05 5.200002266991456956e-01 1.544151115157032239e-01 6.944697314519799880e-01 1.496358670914884059e-01 1.479289940828402332e-03 0.000000000000000000e+00
1.325000000000000000e+05 5.300002310587446086e-01 1.560081929904415243e-01 7.106281292671825511e-01 1.310878470641784199e-01 2.275830678197541916e-03 0.000000000000000000e+00
1.350000000000000000e+05 5.400002354183435216e-01 1.566909421939007840e-01 6.814974965862540257e-01 1.578288575329995502e-01 3.982703686845699004e-03 0.000000000000000000e+00
1.375000000000000000e+05 5.500002397779424346e-01 1.780837505689576716e-01 6.002503413746017591e-01 2.181383705052344080e-01 3.527537551206190360e-03 0.000000000000000000e+00
1.400000000000000000e+05 5.600002441375415696e-01 1.689804278561675144e-01 5.939918070095584479e-01 2.336140191169776836e-01 3.413746017296313308e-03 0.000000000000000000e+00
1.425000000000000000e+05 5.700002484971404826e-01 1.794492489758761911e-01 5.831816112881201830e-01 2.344105598543468338e-01 2.958579881656804664e-03 0.000000000000000000e+00
1.450000000000000000e+05 5.800002528567393956e-01 1.822940373236231204e-01 6.000227583067819781e-01 2.127901684114701930e-01 4.893035958124715423e-03 0.000000000000000000e+00
1.475000000000000000e+05 5.900002572163387526e-01 1.502048247610377751e-01 7.588757396449704595e-01 8.750568957669549452e-02 3.413746017296313308e-03 0.000000000000000000e+00
1.500000000000000000e+05 6.000002615759376656e-01 1.498634501593081592e-01 7.554619936276740777e-01 9.012289485662267063e-02 4.551661356395083832e-03 0.000000000000000000e+00
1.525000000000000000e+05 6.100002659355365786e-01 1.513427401001365413e-01 7.509103322712790130e-01 9.444697314519799602e-02 3.299954483386436255e-03 0.000000000000000000e+00
1.550000000000000000e+05 6.200002702951354916e-01 1.629494765589440120e-01 7.657032316795630011e-01 6.577150659990896320e-02 5.575785161583977738e-03 0.000000000000000000e+00
1.575000000000000000e+05 6.300002746547344046e-01 1.606736458807464796e-01 7.736686390532544477e-01 6.213017751479289752e-02 3.527537551206190360e-03 0.000000000000000000e+00
1.600000000000000000e+05 6.400002790143335396e-01 1.602184797451069731e-01 7.808375056895766608e-01 5.735093309057805872e-02 1.593081474738279385e-03 0.000000000000000000e+00
1.625000000000000000e+05 6.500002833739324526e-01 1.591943559399180697e-01 7.769685935366408280e-01 6.167501137915339104e-02 2.162039144287664864e-03 0.000000000000000000e+00
1.650000000000000000e+05 6.600002877335313656e-01 1.638598088302230249e-01 7.751479289940828021e-01 5.769230769230769551e-02 3.299954483386436255e-03 0.000000000000000000e+00
1.675000000000000000e+05 6.700002920931302786e-01 1.643149749658625314e-01 7.704824761037778469e-01 6.156121984524351443e-02 3.641329085116067413e-03 0.000000000000000000e+00
1.700000000000000000e+05 6.800002964527291915e-01 1.577150659990896597e-01 6.537323623122439642e-01 1.846836595357305433e-01 3.868912152935821518e-03 0.000000000000000000e+00
1.725000000000000000e+05 6.900003008123283266e-01 1.624943104233045055e-01 6.464497041420118606e-01 1.862767410104688159e-01 4.779244424214838804e-03 0.000000000000000000e+00
1.750000000000000000e+05 7.000003051719267955e-01 1.714838416021848000e-01 6.498634501593081314e-01 1.744424214838415921e-01 4.210286754665453109e-03 0.000000000000000000e+00
1.775000000000000000e+05 7.100003095315259305e-01 1.739872553482020856e-01 6.499772416932180219e-01 1.723941738734638129e-01 3.641329085116067413e-03 0.000000000000000000e+00
1.800000000000000000e+05 7.200003138911248435e-01 1.800182066454255880e-01 6.522530723714156098e-01 1.643149749658625314e-01 3.413746017296313308e-03 0.000000000000000000e+00
1.825000000000000000e+05 7.300003182507237565e-01 1.961766044606281234e-01 6.480427856167501055e-01 1.507737824305871721e-01 5.006827492034592909e-03 0.000000000000000000e+00
1.850000000000000000e+05 7.400003226103226694e-01 1.941283568502503443e-01 6.439462903959944917e-01 1.553254437869822369e-01 6.599908966772872511e-03 0.000000000000000000e+00
1.875000000000000000e+05 7.500003269699215824e-01 2.008420573509330787e-01 7.064178425125170468e-01 8.670914883932635819e-02 6.030951297223486815e-03 0.000000000000000000e+00
1.900000000000000000e+05 7.600003313295207175e-01 1.981110605370960398e-01 7.102867546654528796e-01 8.693673190714611143e-02 4.665452890304961318e-03 0.000000000000000000e+00
1.925000000000000000e+05 7.700003356891196304e-01 1.929904415111515781e-01 7.355484751934455723e-01 6.463359126081019701e-02 6.827492034592626616e-03 0.000000000000000000e+00
1.950000000000000000e+05 7.800003400487185434e-01 1.466772872098315861e-01 7.647928994082839882e-01 8.705052344105598805e-02 1.479289940828402332e-03 0.000000000000000000e+00
1.975000000000000000e+05 7.900003444083174564e-01 1.456531634046426826e-01 7.679790623577605890e-01 8.522985889849794827e-02 1.137915339098770958e-03 0.000000000000000000e+00
2.000000000000000000e+05 8.000003487679163694e-01 1.456531634046426826e-01 7.710514337733272994e-01 8.158852981338188259e-02 1.706873008648156654e-03 0.000000000000000000e+00
2.025000000000000000e+05 8.100003531275155044e-01 1.479289940828402428e-01 7.812926718252162228e-01 7.020937642239417908e-02 5.689576695493854790e-04 0.000000000000000000e+00
2.050000000000000000e+05 8.200003574871144174e-01 1.446290395994538069e-01 8.553709604005461653e-01 0.000000000000000000e+00 0.000000000000000000e+00 0.000000000000000000e+00
2.075000000000000000e+05 8.300003618467133304e-01 1.445152480655439164e-01 8.554847519344560558e-01 0.000000000000000000e+00 0.000000000000000000e+00 0.000000000000000000e+00
2.100000000000000000e+05 8.400003662063122434e-01 1.449704142011834229e-01 8.550295857988166048e-01 0.000000000000000000e+00 0.000000000000000000e+00 0.000000000000000000e+00
2.125000000000000000e+05 8.500003705659111564e-01 1.458807464724624359e-01 8.541192535275375919e-01 0.000000000000000000e+00 0.000000000000000000e+00 0.000000000000000000e+00
2.150000000000000000e+05 8.600003749255102914e-01 1.449704142011834229e-01 8.550295857988166048e-01 0.000000000000000000e+00 0.000000000000000000e+00 0.000000000000000000e+00
2.175000000000000000e+05 8.700003792851092044e-01 1.449704142011834229e-01 8.550295857988166048e-01 0.000000000000000000e+00 0.000000000000000000e+00 0.000000000000000000e+00
2.200000000000000000e+05 8.800003836447081174e-01 1.455393718707328199e-01 8.544606281292671524e-01 0.000000000000000000e+00 0.000000000000000000e+00 0.000000000000000000e+00
2.225000000000000000e+05 8.900003880043070303e-01 1.450842057350933134e-01 8.549157942649067143e-01 0.000000000000000000e+00 0.000000000000000000e+00 0.000000000000000000e+00
2.250000000000000000e+05 9.000003923639059433e-01 1.451979972690031762e-01 8.548020027309968238e-01 0.000000000000000000e+00 0.000000000000000000e+00 0.000000000000000000e+00
2.275000000000000000e+05 9.100003967235050784e-01 1.458807464724624359e-01 8.540054619936277014e-01 0.000000000000000000e+00 1.137915339098771066e-04 0.000000000000000000e+00
2.300000000000000000e+05 9.200004010831039913e-01 1.462221210741920796e-01 8.534365043240782489e-01 0.000000000000000000e+00 3.413746017296313199e-04 0.000000000000000000e+00
2.325000000000000000e+05 9.300004054427029043e-01 1.457669549385525731e-01 8.536640873918980299e-01 0.000000000000000000e+00 5.689576695493854790e-04 0.000000000000000000e+00
2.350000000000000000e+05 9.400004098023018173e-01 1.457669549385525731e-01 5.769230769230768718e-01 2.773099681383704995e-01 0.000000000000000000e+00 0.000000000000000000e+00
2.375000000000000000e+05 9.500004141619007303e-01 1.451979972690031762e-01 5.771506599908966528e-01 2.776513427401001155e-01 0.000000000000000000e+00 0.000000000000000000e+00
2.400000000000000000e+05 9.600004185214998653e-01 1.432635411925352875e-01 5.782885753299954468e-01 2.784478834774692935e-01 0.000000000000000000e+00 0.000000000000000000e+00
2.425000000000000000e+05 9.700004228810987783e-01 1.432635411925352875e-01 5.781747837960855563e-01 2.784478834774692935e-01 1.137915339098771066e-04 0.000000000000000000e+00
2.450000000000000000e+05 9.800004272406976913e-01 1.438324988620846567e-01 5.778334091943558848e-01 2.783340919435594030e-01 0.000000000000000000e+00 0.000000000000000000e+00
2.475000000000000000e+05 9.900004316002966043e-01 1.433773327264451503e-01 5.781747837960855563e-01 2.784478834774692935e-01 0.000000000000000000e+00 0.000000000000000000e+00
2.500000000000000000e+05 1.000000435959895739e+00 1.442876649977241632e-01 5.771506599908966528e-01 2.784478834774692935e-01 1.137915339098771066e-04 0.000000000000000000e+00
