# itime ezz other fcc hcp bcc ico
0.000000000000000000e+00 0.000000000000000000e+00 0.000000000000000000e+00 1.000000000000000000e+00 0.000000000000000000e+00 0.000000000000000000e+00 0.000000000000000000e+00
2.500000000000000000e+03 1.000000869866846109e-02 0.000000000000000000e+00 1.000000000000000000e+00 0.000000000000000000e+00 0.000000000000000000e+00 0.000000000000000000e+00
5.000000000000000000e+03 2.000001739733692219e-02 0.000000000000000000e+00 1.000000000000000000e+00 0.000000000000000000e+00 0.000000000000000000e+00 0.000000000000000000e+00
7.500000000000000000e+03 3.000002609600516124e-02 0.000000000000000000e+00 1.000000000000000000e+00 0.000000000000000000e+00 0.000000000000000000e+00 0.000000000000000000e+00
1.000000000000000000e+04 4.000003479467362233e-02 0.000000000000000000e+00 1.000000000000000000e+00 0.000000000000000000e+00 0.000000000000000000e+00 0.000000000000000000e+00
1.250000000000000000e+04 5.000004349334208342e-02 0.000000000000000000e+00 1.000000000000000000e+00 0.000000000000000000e+00 0.000000000000000000e+00 0.000000000000000000e+00
1.500000000000000000e+04 6.000005219201054452e-02 0.000000000000000000e+00 1.000000000000000000e+00 0.000000000000000000e+00 0.000000000000000000e+00 0.000000000000000000e+00
1.750000000000000000e+04 7.000006089067878357e-02 0.000000000000000000e+00 1.000000000000000000e+00 0.000000000000000000e+00 0.000000000000000000e+00 0.000000000000000000e+00
2.000000000000000000e+04 8.000006958934724466e-02 0.000000000000000000e+00 1.000000000000000000e+00 0.000000000000000000e+00 0.000000000000000000e+00 0.000000000000000000e+00
2.250000000000000000e+04 9.000007828801570575e-02 1.024123805188893906e-03 9.988620846609012061e-01 0.000000000000000000e+00 1.137915339098771066e-04 0.000000000000000000e+00
2.500000000000000000e+04 1.000000869866841668e-01 2.162039144287664864e-03 9.976103777878926326e-01 0.000000000000000000e+00 2.275830678197542133e-04 0.000000000000000000e+00
2.750000000000000000e+04 1.100000956853526279e-01 2.355484751934456070e-02 9.672280382339554228e-01 0.000000000000000000e+00 9.217114246700046018e-03 0.000000000000000000e+00
3.000000000000000000e+04 1.200001043840208670e-01 3.197542102867546865e-02 8.223714155666818071e-01 1.451979972690031762e-01 4.551661356395084266e-04 0.000000000000000000e+00
3.250000000000000000e+04 1.300001130826893281e-01 2.992717341829767910e-02 8.236231224396904915e-01 1.464497041420118328e-01 0.000000000000000000e+00 0.000000000000000000e+00
3.500000000000000000e+04 1.400001217813577892e-01 2.981338188438780248e-02 8.229403732362312596e-01 1.472462448793809831e-01 0.000000000000000000e+00 0.000000000000000000e+00
3.750000000000000000e+04 1.500001304800262503e-01 3.083750568957669552e-02 8.220300409649522466e-01 1.471324533454710926e-01 0.000000000000000000e+00 0.000000000000000000e+00
4.000000000000000000e+04 1.600001391786944893e-01 3.129267182521620200e-02 8.213472917614929036e-01 1.473600364132908458e-01 0.000000000000000000e+00 0.000000000000000000e+00
4.250000000000000000e+04 1.700001478773629504e-01 2.822030040964952288e-02 8.238507055075102725e-01 1.479289940828402428e-01 0.000000000000000000e+00 0.000000000000000000e+00
4.500000000000000000e+04 1.800001565760314115e-01 2.810650887573964626e-02 8.237369139736003820e-01 1.479289940828402428e-01 2.275830678197542133e-04 0.000000000000000000e+00
4.750000000000000000e+04 1.900001652746998726e-01 3.026854802002730896e-02 8.216886663632225751e-01 1.474738279472007363e-01 5.689576695493854790e-04 0.000000000000000000e+00
5.000000000000000000e+04 2.000001739733683337e-01 8.625398270368685172e-02 7.477241693218024121e-01 1.637460172963131622e-01 2.275830678197541916e-03 0.000000000000000000e+00
5.250000000000000000e+04 2.100001826720365727e-01 7.419208010923987462e-02 7.502275830678197810e-01 1.735320892125625791e-01 2.048247610377787811e-03 0.000000000000000000e+00
5.500000000000000000e+04 2.200001913707050338e-01 7.203004096495220498e-02 7.563723258989530907e-01 1.687528447883477334e-01 2.844788347746927612e-03 0.000000000000000000e+00
5.750000000000000000e+04 2.300002000693734949e-01 8.420573509330905870e-02 7.342967683204369989e-01 1.791078743741465751e-01 2.389622212107419402e-03 0.000000000000000000e+00
6.000000000000000000e+04 2.400002087680419560e-01 9.285389167045972336e-02 7.143832498862084934e-01 1.902594446973145115e-01 2.503413746017296455e-03 0.000000000000000000e+00
6.250000000000000000e+04 2.500002174667101951e-01 9.729176149294492537e-02 7.064178425125170468e-01 1.923076923076923184e-01 3.982703686845699004e-03 0.000000000000000000e+00
6.500000000000000000e+04 2.600002261653786562e-01 1.131087847064178448e-01 7.118798361401911245e-01 1.712562585343650468e-01 3.755120619025944465e-03 0.000000000000000000e+00
6.750000000000000000e+04 2.700002348640471173e-01 1.134501593081474746e-01 7.012972234865726406e-01 1.813837050523441075e-01 3.868912152935821518e-03 0.000000000000000000e+00
7.000000000000000000e+04 2.800002435627155783e-01 1.162949476558944040e-01 6.877560309512972259e-01 1.928766499772416876e-01 3.072371415566681717e-03 0.000000000000000000e+00
7.250000000000000000e+04 2.900002522613838174e-01 1.309740555302685572e-01 6.643149749658625591e-01 2.027765134274009950e-01 1.934456076467910759e-03 0.000000000000000000e+00
7.500000000000000000e+04 3.000002609600522785e-01 1.405325443786982209e-01 6.449704142011833952e-01 2.105143377332726329e-01 3.982703686845699004e-03 0.000000000000000000e+00
7.750000000000000000e+04 3.100002696587207396e-01 1.478152025489303523e-01 6.161811561219845412e-01 2.290623577605826189e-01 6.941283568502503235e-03 0.000000000000000000e+00
8.000000000000000000e+04 3.200002783573892007e-01 1.521392808375056915e-01 6.002503413746017591e-01 2.411242603550295960e-01 6.486117432862995025e-03 0.000000000000000000e+00
8.250000000000000000e+04 3.300002870560576618e-01 1.717114246700045532e-01 6.115157032316795860e-01 2.107419208010923861e-01 6.030951297223486815e-03 0.000000000000000000e+00
8.500000000000000000e+04 3.400002957547259008e-01 1.544151115157032239e-01 6.431497496586253693e-01 1.987938097405552995e-01 3.641329085116067413e-03 0.000000000000000000e+00
8.750000000000000000e+04 3.500003044533943619e-01 1.465634956759217233e-01 6.589667728720982609e-01 1.902594446973145115e-01 4.210286754665453109e-03 0.000000000000000000e+00
9.000000000000000000e+04 3.600003131520628230e-01 1.464497041420118328e-01 6.616977696859354108e-01 1.876422394173873354e-01 4.210286754665453109e-03 0.000000000000000000e+00
9.250000000000000000e+04 3.700003218507312841e-01 1.523668639053254448e-01 6.347291761492944717e-01 2.090350477924442507e-01 3.868912152935821518e-03 0.000000000000000000e+00
9.500000000000000000e+04 3.800003305493995232e-01 1.622667273554847522e-01 6.207328174783796060e-01 2.121074192080109333e-01 4.893035958124715423e-03 0.000000000000000000e+00
9.750000000000000000e+04 3.900003392480679842e-01 1.693218024578971304e-01 6.161811561219845412e-01 2.101729631315430169e-01 4.324078288575329727e-03 0.000000000000000000e+00
1.000000000000000000e+05 4.000003479467364453e-01 1.751251706873008518e-01 6.120846609012289274e-01 2.081247155211652378e-01 4.665452890304961318e-03 0.000000000000000000e+00
1.025000000000000000e+05 4.100003566454049064e-01 1.825216203914428736e-01 6.316568047337277614e-01 1.807009558488848477e-01 5.120619025944469528e-03 0.000000000000000000e+00
1.050000000000000000e+05 4.200003653440733675e-01 1.580564406008193035e-01 6.825216203914429292e-01 1.515703231679562946e-01 7.851615839781519654e-03 0.000000000000000000e+00
1.075000000000000000e+05 4.300003740427416066e-01 1.362084660901228816e-01 6.999317250796540657e-01 1.581702321347291662e-01 5.689576695493855224e-03 0.000000000000000000e+00
1.100000000000000000e+05 4.400003827414100677e-01 1.330223031406463363e-01 6.882111970869366768e-01 1.750113791533909890e-01 3.755120619025944465e-03 0.000000000000000000e+00
1.125000000000000000e+05 4.500003914400787508e-01 1.359808830223031284e-01 6.794492489758762188e-01 1.804733727810650945e-01 4.096495220755575623e-03 0.000000000000000000e+00
1.150000000000000000e+05 4.600004001387469899e-01 1.483841602184797492e-01 6.561219845243514426e-01 1.904870277651342647e-01 5.006827492034592909e-03 0.000000000000000000e+00
1.175000000000000000e+05 4.700004088374152289e-01 1.356395084205735124e-01 6.753527537551206050e-01 1.844560764679107900e-01 4.551661356395083832e-03 0.000000000000000000e+00
1.200000000000000000e+05 4.800004175360836900e-01 1.388256713700500578e-01 6.692080109239872954e-01 1.885525716886663761e-01 3.413746017296313308e-03 0.000000000000000000e+00
1.225000000000000000e+05 4.900004262347523731e-01 1.372325898953117851e-01 6.720527992717342247e-01 1.868456986800182129e-01 3.868912152935821518e-03 0.000000000000000000e+00
1.250000000000000000e+05 5.000004349334206122e-01 1.399635867091488517e-01 6.671597633136094885e-01 1.874146563495675821e-01 5.461993627674101119e-03 0.000000000000000000e+00
1.275000000000000000e+05 5.100004436320888512e-01 1.434911242603550408e-01 6.604460628129267263e-01 1.903732362312244020e-01 5.689576695493855224e-03 0.000000000000000000e+00
1.300000000000000000e+05 5.200004523307573123e-01 1.472462448793809831e-01 6.264223941738734647e-01 2.218934911242603503e-01 4.437869822485207214e-03 0.000000000000000000e+00
1.325000000000000000e+05 5.300004610294259955e-01 1.431497496586253970e-01 6.395084205735093175e-01 2.150659990896677254e-01 2.275830678197541916e-03 0.000000000000000000e+00
1.350000000000000000e+05 5.400004697280942345e-01 1.447428311333636697e-01 6.433773327264451503e-01 2.098315885298133732e-01 2.048247610377787811e-03 0.000000000000000000e+00
1.375000000000000000e+05 5.500004784267624736e-01 1.318843878015475701e-01 6.902594446973144837e-01 1.764906690942193990e-01 1.365498406918525280e-03 0.000000000000000000e+00
1.400000000000000000e+05 5.600004871254309347e-01 1.323395539371870766e-01 6.909421939007738267e-01 1.746700045516613453e-01 2.048247610377787811e-03 0.000000000000000000e+00
1.425000000000000000e+05 5.700004958240996178e-01 1.312016385980883104e-01 6.911697769685934967e-01 1.751251706873008518e-01 2.503413746017296455e-03 0.000000000000000000e+00
1.450000000000000000e+05 5.800005045227678568e-01 1.326809285389166926e-01 6.884387801547564578e-01 1.760355029585798925e-01 2.844788347746927612e-03 0.000000000000000000e+00
1.475000000000000000e+05 5.900005132214360959e-01 1.360946745562130189e-01 6.880974055530268974e-01 1.725079654073737034e-01 3.299954483386436255e-03 0.000000000000000000e+00
1.500000000000000000e+05 6.000005219201047790e-01 1.432635411925352875e-01 6.698907601274465273e-01 1.845698680018206528e-01 2.275830678197541916e-03 0.000000000000000000e+00
1.525000000000000000e+05 6.100005306187732401e-01 1.557806099226217433e-01 6.603322712790168358e-01 1.814974965862539702e-01 2.389622212107419402e-03 0.000000000000000000e+00
1.550000000000000000e+05 6.200005393174414792e-01 1.569185252617205373e-01 6.668183887118798170e-01 1.741010468821119761e-01 2.162039144287664864e-03 0.000000000000000000e+00
1.575000000000000000e+05 6.300005480161097182e-01 1.645425580336822846e-01 6.579426490669094685e-01 1.750113791533909890e-01 2.503413746017296455e-03 0.000000000000000000e+00
1.600000000000000000e+05 6.400005567147784014e-01 1.672735548475193512e-01 6.545289030496130867e-01 1.746700045516613453e-01 3.527537551206190360e-03 0.000000000000000000e+00
1.625000000000000000e+05 6.500005654134468625e-01 1.668183887118798447e-01 6.528220300409649512e-01 1.760355029585798925e-01 4.324078288575329727e-03 0.000000000000000000e+00
1.650000000000000000e+05 6.600005741121151015e-01 1.857077833409194467e-01 5.987710514337732937e-01 2.115384615384615363e-01 3.982703686845699004e-03 0.000000000000000000e+00
1.675000000000000000e+05 6.700005828107833405e-01 2.069868001820664438e-01 5.920573509330905315e-01 1.948111060537096040e-01 6.144742831133363434e-03 0.000000000000000000e+00
1.700000000000000000e+05 6.800005915094520237e-01 2.072143832498861971e-01 5.927401001365498745e-01 1.936731907146108378e-01 6.372325898953117539e-03 0.000000000000000000e+00
1.725000000000000000e+05 6.900006002081204848e-01 2.097177969959035104e-01 5.909194355939918486e-01 1.932180245789713313e-01 6.144742831133363434e-03 0.000000000000000000e+00
1.750000000000000000e+05 7.000006089067887238e-01 2.306554392353208915e-01 5.854574419663176599e-01 1.772872098315885214e-01 6.599908966772872511e-03 0.000000000000000000e+00
1.775000000000000000e+05 7.100006176054569629e-01 2.150659990896677254e-01 5.888711879836140417e-01 1.885525716886663761e-01 7.510241238051888930e-03 0.000000000000000000e+00
1.800000000000000000e+05 7.200006263041256460e-01 2.168866636322257513e-01 5.832954028220300735e-01 1.903732362312244020e-01 9.444697314519799256e-03 0.000000000000000000e+00
1.825000000000000000e+05 7.300006350027941071e-01 2.179107874374146547e-01 5.749886208466090665e-01 1.951524806554392477e-01 1.194811106053709528e-02 0.000000000000000000e+00
1.850000000000000000e+05 7.400006437014623462e-01 2.290623577605826189e-01 5.620163859808829931e-01 2.000455166135639562e-01 8.875739644970414427e-03 0.000000000000000000e+00
1.875000000000000000e+05 7.500006524001305852e-01 2.099453800637232637e-01 5.943331816112881194e-01 1.825216203914428736e-01 1.319981793354574502e-02 0.000000000000000000e+00
1.900000000000000000e+05 7.600006610987992683e-01 1.861629494765589532e-01 6.514565316340463763e-01 1.543013199817933612e-01 8.079198907601274626e-03 0.000000000000000000e+00
1.925000000000000000e+05 7.700006697974677294e-01 1.830905780609922706e-01 6.533909877105142927e-01 1.572598998634501533e-01 6.258534365043240920e-03 0.000000000000000000e+00
1.950000000000000000e+05 7.800006784961359685e-01 1.861629494765589532e-01 6.441738734638142727e-01 1.629494765589440120e-01 6.713700500682749130e-03 0.000000000000000000e+00
1.975000000000000000e+05 7.900006871948044296e-01 1.793354574419663283e-01 6.571461083295402350e-01 1.587391898042785632e-01 4.779244424214838804e-03 0.000000000000000000e+00
2.000000000000000000e+05 8.000006958934728907e-01 1.685252617205279801e-01 6.726217569412835662e-01 1.540737369139736079e-01 4.779244424214838804e-03 0.000000000000000000e+00
2.025000000000000000e+05 8.100007045921413518e-01 1.679563040509786109e-01 6.735320892125625791e-01 1.557806099226217433e-01 2.730996813837050560e-03 0.000000000000000000e+00
2.050000000000000000e+05 8.200007132908098129e-01 1.668183887118798447e-01 6.754665452890304955e-01 1.544151115157032239e-01 3.299954483386436255e-03 0.000000000000000000e+00
2.075000000000000000e+05 8.300007219894780519e-01 1.496358670914884059e-01 7.008420573509330787e-01 1.472462448793809831e-01 2.275830678197541916e-03 0.000000000000000000e+00
2.100000000000000000e+05 8.400007306881465130e-01 1.490669094219390090e-01 7.006144742831132977e-01 1.484979517523896120e-01 1.820664542558033706e-03 0.000000000000000000e+00
2.125000000000000000e+05 8.500007393868151961e-01 1.492944924897587622e-01 6.921939007737824001e-01 1.564633591260810308e-01 2.048247610377787811e-03 0.000000000000000000e+00
2.150000000000000000e+05 8.600007480854834352e-01 1.517979062357760478e-01 6.919663177059627301e-01 1.545289030496131144e-01 1.706873008648156654e-03 0.000000000000000000e+00
2.175000000000000000e+05 8.700007567841516742e-01 1.531634046426945950e-01 6.908284023668639362e-01 1.547564861174328676e-01 1.251706873008648227e-03 0.000000000000000000e+00
2.200000000000000000e+05 8.800007654828201353e-01 1.590805644060081792e-01 6.766044606281292895e-01 1.627218934911242587e-01 1.593081474738279385e-03 0.000000000000000000e+00
2.225000000000000000e+05 8.900007741814888185e-01 1.579426490669094130e-01 6.753527537551206050e-01 1.644287664997724219e-01 2.275830678197541916e-03 0.000000000000000000e+00
2.250000000000000000e+05 9.000007828801570575e-01 1.601046882111970826e-01 6.728493400091033472e-01 1.652253072371415443e-01 1.820664542558033706e-03 0.000000000000000000e+00
2.275000000000000000e+05 9.100007915788252966e-01 1.604460628129267263e-01 6.728493400091033472e-01 1.642011834319526686e-01 2.503413746017296455e-03 0.000000000000000000e+00
2.300000000000000000e+05 9.200008002774937577e-01 1.619253527537551085e-01 6.717114246700045532e-01 1.647701411015020379e-01 1.593081474738279385e-03 0.000000000000000000e+00
2.325000000000000000e+05 9.300008089761624408e-01 1.651115157032316816e-01 6.672735548475193790e-01 1.651115157032316816e-01 2.503413746017296455e-03 0.000000000000000000e+00
2.350000000000000000e+05 9.400008176748306798e-01 1.670459717796995980e-01 6.636322257624033272e-01 1.660218479745106945e-01 3.299954483386436255e-03 0.000000000000000000e+00
2.375000000000000000e+05 9.500008263734989189e-01 1.875284478834774726e-01 6.307464724624487484e-01 1.779699590350477811e-01 3.755120619025944465e-03 0.000000000000000000e+00
2.400000000000000000e+05 9.600008350721673800e-01 1.863905325443787064e-01 6.587391898042785909e-01 1.482703686845698587e-01 6.599908966772872511e-03 0.000000000000000000e+00
2.425000000000000000e+05 9.700008437708360631e-01 1.878698224852070886e-01 6.477014110150204340e-01 1.590805644060081792e-01 5.348202093764223633e-03 0.000000000000000000e+00
2.450000000000000000e+05 9.800008524695043022e-01 1.903732362312244020e-01 6.415566681838871244e-01 1.623805188893946427e-01 5.689576695493855224e-03 0.000000000000000000e+00
2.475000000000000000e+05 9.900008611681725412e-01 1.620391442876649990e-01 6.840009103322712836e-01 1.503186162949476656e-01 3.641329085116067413e-03 0.000000000000000000e+00
2.500000000000000000e+05 1.000000869866841224e+00 1.655666818388711881e-01 6.769458352298588499e-01 1.517979062357760478e-01 5.689576695493855224e-03 0.000000000000000000e+00
