# itime ezz other fcc hcp bcc ico
0.000000000000000000e+00 0.000000000000000000e+00 0.000000000000000000e+00 1.000000000000000000e+00 0.000000000000000000e+00 0.000000000000000000e+00 0.000000000000000000e+00
2.500000000000000000e+01 1.000061446195132930e-03 0.000000000000000000e+00 1.000000000000000000e+00 0.000000000000000000e+00 0.000000000000000000e+00 0.000000000000000000e+00
5.000000000000000000e+01 2.000122892390265861e-03 0.000000000000000000e+00 1.000000000000000000e+00 0.000000000000000000e+00 0.000000000000000000e+00 0.000000000000000000e+00
7.500000000000000000e+01 3.000184338585398791e-03 0.000000000000000000e+00 1.000000000000000000e+00 0.000000000000000000e+00 0.000000000000000000e+00 0.000000000000000000e+00
1.000000000000000000e+02 4.000245784780531721e-03 0.000000000000000000e+00 1.000000000000000000e+00 0.000000000000000000e+00 0.000000000000000000e+00 0.000000000000000000e+00
1.250000000000000000e+02 5.000307230975664652e-03 0.000000000000000000e+00 1.000000000000000000e+00 0.000000000000000000e+00 0.000000000000000000e+00 0.000000000000000000e+00
1.500000000000000000e+02 6.000368677170797582e-03 0.000000000000000000e+00 1.000000000000000000e+00 0.000000000000000000e+00 0.000000000000000000e+00 0.000000000000000000e+00
1.750000000000000000e+02 7.000430123365930513e-03 0.000000000000000000e+00 1.000000000000000000e+00 0.000000000000000000e+00 0.000000000000000000e+00 0.000000000000000000e+00
2.000000000000000000e+02 8.000491569561063443e-03 0.000000000000000000e+00 1.000000000000000000e+00 0.000000000000000000e+00 0.000000000000000000e+00 0.000000000000000000e+00
2.250000000000000000e+02 9.000553015756196373e-03 0.000000000000000000e+00 1.000000000000000000e+00 0.000000000000000000e+00 0.000000000000000000e+00 0.000000000000000000e+00
2.500000000000000000e+02 1.000061446195132930e-02 0.000000000000000000e+00 1.000000000000000000e+00 0.000000000000000000e+00 0.000000000000000000e+00 0.000000000000000000e+00
2.750000000000000000e+02 1.100067590814646223e-02 0.000000000000000000e+00 1.000000000000000000e+00 0.000000000000000000e+00 0.000000000000000000e+00 0.000000000000000000e+00
3.000000000000000000e+02 1.200073735434159516e-02 0.000000000000000000e+00 1.000000000000000000e+00 0.000000000000000000e+00 0.000000000000000000e+00 0.000000000000000000e+00
3.250000000000000000e+02 1.300079880053650605e-02 0.000000000000000000e+00 1.000000000000000000e+00 0.000000000000000000e+00 0.000000000000000000e+00 0.000000000000000000e+00
3.500000000000000000e+02 1.400086024673163898e-02 0.000000000000000000e+00 1.000000000000000000e+00 0.000000000000000000e+00 0.000000000000000000e+00 0.000000000000000000e+00
3.750000000000000000e+02 1.500092169292677191e-02 0.000000000000000000e+00 1.000000000000000000e+00 0.000000000000000000e+00 0.000000000000000000e+00 0.000000000000000000e+00
4.000000000000000000e+02 1.600098313912190484e-02 0.000000000000000000e+00 1.000000000000000000e+00 0.000000000000000000e+00 0.000000000000000000e+00 0.000000000000000000e+00
4.250000000000000000e+02 1.700104458531703777e-02 0.000000000000000000e+00 1.000000000000000000e+00 0.000000000000000000e+00 0.000000000000000000e+00 0.000000000000000000e+00
4.500000000000000000e+02 1.800110603151217070e-02 0.000000000000000000e+00 1.000000000000000000e+00 0.000000000000000000e+00 0.000000000000000000e+00 0.000000000000000000e+00
4.750000000000000000e+02 1.900116747770730363e-02 0.000000000000000000e+00 1.000000000000000000e+00 0.000000000000000000e+00 0.000000000000000000e+00 0.000000000000000000e+00
5.000000000000000000e+02 2.000122892390243656e-02 0.000000000000000000e+00 1.000000000000000000e+00 0.000000000000000000e+00 0.000000000000000000e+00 0.000000000000000000e+00
5.250000000000000000e+02 2.100129037009756949e-02 0.000000000000000000e+00 1.000000000000000000e+00 0.000000000000000000e+00 0.000000000000000000e+00 0.000000000000000000e+00
5.500000000000000000e+02 2.200135181629270242e-02 0.000000000000000000e+00 1.000000000000000000e+00 0.000000000000000000e+00 0.000000000000000000e+00 0.000000000000000000e+00
5.750000000000000000e+02 2.300141326248783535e-02 0.000000000000000000e+00 1.000000000000000000e+00 0.000000000000000000e+00 0.000000000000000000e+00 0.000000000000000000e+00
6.000000000000000000e+02 2.400147470868296828e-02 0.000000000000000000e+00 1.000000000000000000e+00 0.000000000000000000e+00 0.000000000000000000e+00 0.000000000000000000e+00
6.250000000000000000e+02 2.500153615487810121e-02 0.000000000000000000e+00 1.000000000000000000e+00 0.000000000000000000e+00 0.000000000000000000e+00 0.000000000000000000e+00
6.500000000000000000e+02 2.600159760107323415e-02 0.000000000000000000e+00 1.000000000000000000e+00 0.000000000000000000e+00 0.000000000000000000e+00 0.000000000000000000e+00
6.750000000000000000e+02 2.700165904726836708e-02 0.000000000000000000e+00 1.000000000000000000e+00 0.000000000000000000e+00 0.000000000000000000e+00 0.000000000000000000e+00
7.000000000000000000e+02 2.800172049346350001e-02 0.000000000000000000e+00 1.000000000000000000e+00 0.000000000000000000e+00 0.000000000000000000e+00 0.000000000000000000e+00
7.250000000000000000e+02 2.900178193965863294e-02 0.000000000000000000e+00 1.000000000000000000e+00 0.000000000000000000e+00 0.000000000000000000e+00 0.000000000000000000e+00
7.500000000000000000e+02 3.000184338585376587e-02 0.000000000000000000e+00 1.000000000000000000e+00 0.000000000000000000e+00 0.000000000000000000e+00 0.000000000000000000e+00
7.750000000000000000e+02 3.100190483204889880e-02 0.000000000000000000e+00 1.000000000000000000e+00 0.000000000000000000e+00 0.000000000000000000e+00 0.000000000000000000e+00
8.000000000000000000e+02 3.200196627824403173e-02 0.000000000000000000e+00 1.000000000000000000e+00 0.000000000000000000e+00 0.000000000000000000e+00 0.000000000000000000e+00
8.250000000000000000e+02 3.300202772443916466e-02 0.000000000000000000e+00 1.000000000000000000e+00 0.000000000000000000e+00 0.000000000000000000e+00 0.000000000000000000e+00
8.500000000000000000e+02 3.400208917063429759e-02 0.000000000000000000e+00 1.000000000000000000e+00 0.000000000000000000e+00 0.000000000000000000e+00 0.000000000000000000e+00
8.750000000000000000e+02 3.500215061682943052e-02 0.000000000000000000e+00 1.000000000000000000e+00 0.000000000000000000e+00 0.000000000000000000e+00 0.000000000000000000e+00
9.000000000000000000e+02 3.600221206302456345e-02 0.000000000000000000e+00 1.000000000000000000e+00 0.000000000000000000e+00 0.000000000000000000e+00 0.000000000000000000e+00
9.250000000000000000e+02 3.700227350921947433e-02 0.000000000000000000e+00 1.000000000000000000e+00 0.000000000000000000e+00 0.000000000000000000e+00 0.000000000000000000e+00
9.500000000000000000e+02 3.800233495541460726e-02 0.000000000000000000e+00 1.000000000000000000e+00 0.000000000000000000e+00 0.000000000000000000e+00 0.000000000000000000e+00
9.750000000000000000e+02 3.900239640160974020e-02 0.000000000000000000e+00 1.000000000000000000e+00 0.000000000000000000e+00 0.000000000000000000e+00 0.000000000000000000e+00
1.000000000000000000e+03 4.000245784780487313e-02 0.000000000000000000e+00 1.000000000000000000e+00 0.000000000000000000e+00 0.000000000000000000e+00 0.000000000000000000e+00
1.025000000000000000e+03 4.100251929400000606e-02 0.000000000000000000e+00 1.000000000000000000e+00 0.000000000000000000e+00 0.000000000000000000e+00 0.000000000000000000e+00
1.050000000000000000e+03 4.200258074019513899e-02 0.000000000000000000e+00 1.000000000000000000e+00 0.000000000000000000e+00 0.000000000000000000e+00 0.000000000000000000e+00
1.075000000000000000e+03 4.300264218639027192e-02 0.000000000000000000e+00 1.000000000000000000e+00 0.000000000000000000e+00 0.000000000000000000e+00 0.000000000000000000e+00
1.100000000000000000e+03 4.400270363258540485e-02 0.000000000000000000e+00 1.000000000000000000e+00 0.000000000000000000e+00 0.000000000000000000e+00 0.000000000000000000e+00
1.125000000000000000e+03 4.500276507878053778e-02 0.000000000000000000e+00 1.000000000000000000e+00 0.000000000000000000e+00 0.000000000000000000e+00 0.000000000000000000e+00
1.150000000000000000e+03 4.600282652497567071e-02 0.000000000000000000e+00 1.000000000000000000e+00 0.000000000000000000e+00 0.000000000000000000e+00 0.000000000000000000e+00
1.175000000000000000e+03 4.700288797117080364e-02 0.000000000000000000e+00 1.000000000000000000e+00 0.000000000000000000e+00 0.000000000000000000e+00 0.000000000000000000e+00
1.200000000000000000e+03 4.800294941736593657e-02 0.000000000000000000e+00 1.000000000000000000e+00 0.000000000000000000e+00 0.000000000000000000e+00 0.000000000000000000e+00
1.225000000000000000e+03 4.900301086356106950e-02 0.000000000000000000e+00 1.000000000000000000e+00 0.000000000000000000e+00 0.000000000000000000e+00 0.000000000000000000e+00
1.250000000000000000e+03 5.000307230975620243e-02 0.000000000000000000e+00 1.000000000000000000e+00 0.000000000000000000e+00 0.000000000000000000e+00 0.000000000000000000e+00
1.275000000000000000e+03 5.100313375595133536e-02 0.000000000000000000e+00 1.000000000000000000e+00 0.000000000000000000e+00 0.000000000000000000e+00 0.000000000000000000e+00
1.300000000000000000e+03 5.200319520214646829e-02 0.000000000000000000e+00 1.000000000000000000e+00 0.000000000000000000e+00 0.000000000000000000e+00 0.000000000000000000e+00
1.325000000000000000e+03 5.300325664834160122e-02 0.000000000000000000e+00 1.000000000000000000e+00 0.000000000000000000e+00 0.000000000000000000e+00 0.000000000000000000e+00
1.350000000000000000e+03 5.400331809453673415e-02 0.000000000000000000e+00 1.000000000000000000e+00 0.000000000000000000e+00 0.000000000000000000e+00 0.000000000000000000e+00
1.375000000000000000e+03 5.500337954073186708e-02 0.000000000000000000e+00 1.000000000000000000e+00 0.000000000000000000e+00 0.000000000000000000e+00 0.000000000000000000e+00
1.400000000000000000e+03 5.600344098692700001e-02 0.000000000000000000e+00 1.000000000000000000e+00 0.000000000000000000e+00 0.000000000000000000e+00 0.000000000000000000e+00
1.425000000000000000e+03 5.700350243312213294e-02 0.000000000000000000e+00 1.000000000000000000e+00 0.000000000000000000e+00 0.000000000000000000e+00 0.000000000000000000e+00
1.450000000000000000e+03 5.800356387931726587e-02 0.000000000000000000e+00 1.000000000000000000e+00 0.000000000000000000e+00 0.000000000000000000e+00 0.000000000000000000e+00
1.475000000000000000e+03 5.900362532551239880e-02 0.000000000000000000e+00 1.000000000000000000e+00 0.000000000000000000e+00 0.000000000000000000e+00 0.000000000000000000e+00
1.500000000000000000e+03 6.000368677170753173e-02 0.000000000000000000e+00 1.000000000000000000e+00 0.000000000000000000e+00 0.000000000000000000e+00 0.000000000000000000e+00
1.525000000000000000e+03 6.100374821790266466e-02 0.000000000000000000e+00 1.000000000000000000e+00 0.000000000000000000e+00 0.000000000000000000e+00 0.000000000000000000e+00
1.550000000000000000e+03 6.200380966409757555e-02 0.000000000000000000e+00 1.000000000000000000e+00 0.000000000000000000e+00 0.000000000000000000e+00 0.000000000000000000e+00
1.575000000000000000e+03 6.300387111029270848e-02 0.000000000000000000e+00 1.000000000000000000e+00 0.000000000000000000e+00 0.000000000000000000e+00 0.000000000000000000e+00
1.600000000000000000e+03 6.400393255648784141e-02 0.000000000000000000e+00 1.000000000000000000e+00 0.000000000000000000e+00 0.000000000000000000e+00 0.000000000000000000e+00
1.625000000000000000e+03 6.500399400268297434e-02 0.000000000000000000e+00 1.000000000000000000e+00 0.000000000000000000e+00 0.000000000000000000e+00 0.000000000000000000e+00
1.650000000000000000e+03 6.600405544887810727e-02 3.413746017296313199e-04 9.996586253982703285e-01 0.000000000000000000e+00 0.000000000000000000e+00 0.000000000000000000e+00
1.675000000000000000e+03 6.700411689507324020e-02 0.000000000000000000e+00 1.000000000000000000e+00 0.000000000000000000e+00 0.000000000000000000e+00 0.000000000000000000e+00
1.700000000000000000e+03 6.800417834126837313e-02 0.000000000000000000e+00 1.000000000000000000e+00 0.000000000000000000e+00 0.000000000000000000e+00 0.000000000000000000e+00
1.725000000000000000e+03 6.900423978746350606e-02 0.000000000000000000e+00 1.000000000000000000e+00 0.000000000000000000e+00 0.000000000000000000e+00 0.000000000000000000e+00
1.750000000000000000e+03 7.000430123365863899e-02 0.000000000000000000e+00 1.000000000000000000e+00 0.000000000000000000e+00 0.000000000000000000e+00 0.000000000000000000e+00
1.775000000000000000e+03 7.100436267985377192e-02 0.000000000000000000e+00 1.000000000000000000e+00 0.000000000000000000e+00 0.000000000000000000e+00 0.000000000000000000e+00
1.800000000000000000e+03 7.200442412604890485e-02 0.000000000000000000e+00 1.000000000000000000e+00 0.000000000000000000e+00 0.000000000000000000e+00 0.000000000000000000e+00
1.825000000000000000e+03 7.300448557224403778e-02 0.000000000000000000e+00 1.000000000000000000e+00 0.000000000000000000e+00 0.000000000000000000e+00 0.000000000000000000e+00
1.850000000000000000e+03 7.400454701843917071e-02 1.137915339098771066e-04 9.998862084660901095e-01 0.000000000000000000e+00 0.000000000000000000e+00 0.000000000000000000e+00
1.875000000000000000e+03 7.500460846463430364e-02 0.000000000000000000e+00 1.000000000000000000e+00 0.000000000000000000e+00 0.000000000000000000e+00 0.000000000000000000e+00
1.900000000000000000e+03 7.600466991082943657e-02 0.000000000000000000e+00 1.000000000000000000e+00 0.000000000000000000e+00 0.000000000000000000e+00 0.000000000000000000e+00
1.925000000000000000e+03 7.700473135702456950e-02 5.689576695493854790e-04 9.994310423304506585e-01 0.000000000000000000e+00 0.000000000000000000e+00 0.000000000000000000e+00
1.950000000000000000e+03 7.800479280321970244e-02 0.000000000000000000e+00 1.000000000000000000e+00 0.000000000000000000e+00 0.000000000000000000e+00 0.000000000000000000e+00
1.975000000000000000e+03 7.900485424941483537e-02 0.000000000000000000e+00 1.000000000000000000e+00 0.000000000000000000e+00 0.000000000000000000e+00 0.000000000000000000e+00
2.000000000000000000e+03 8.000491569560996830e-02 0.000000000000000000e+00 1.000000000000000000e+00 0.000000000000000000e+00 0.000000000000000000e+00 0.000000000000000000e+00
2.025000000000000000e+03 8.100497714180510123e-02 5.689576695493854790e-04 9.993172507965407680e-01 0.000000000000000000e+00 1.137915339098771066e-04 0.000000000000000000e+00
2.050000000000000000e+03 8.200503858800023416e-02 4.551661356395084266e-04 9.995448338643604380e-01 0.000000000000000000e+00 0.000000000000000000e+00 0.000000000000000000e+00
2.075000000000000000e+03 8.300510003419536709e-02 1.137915339098771066e-04 9.998862084660901095e-01 0.000000000000000000e+00 0.000000000000000000e+00 0.000000000000000000e+00
2.100000000000000000e+03 8.400516148039050002e-02 4.551661356395084266e-04 9.995448338643604380e-01 0.000000000000000000e+00 0.000000000000000000e+00 0.000000000000000000e+00
2.125000000000000000e+03 8.500522292658563295e-02 1.137915339098771066e-04 9.998862084660901095e-01 0.000000000000000000e+00 0.000000000000000000e+00 0.000000000000000000e+00
2.150000000000000000e+03 8.600528437278054383e-02 2.275830678197542133e-04 9.997724169321802190e-01 0.000000000000000000e+00 0.000000000000000000e+00 0.000000000000000000e+00
2.175000000000000000e+03 8.700534581897567676e-02 0.000000000000000000e+00 1.000000000000000000e+00 0.000000000000000000e+00 0.000000000000000000e+00 0.000000000000000000e+00
2.200000000000000000e+03 8.800540726517080969e-02 9.103322712790168532e-04 9.990896677287209870e-01 0.000000000000000000e+00 0.000000000000000000e+00 0.000000000000000000e+00
2.225000000000000000e+03 8.900546871136594262e-02 1.137915339098770958e-03 9.987482931269913156e-01 0.000000000000000000e+00 1.137915339098771066e-04 0.000000000000000000e+00
2.250000000000000000e+03 9.000553015756107555e-02 1.137915339098770958e-03 9.988620846609012061e-01 0.000000000000000000e+00 0.000000000000000000e+00 0.000000000000000000e+00
2.275000000000000000e+03 9.100559160375620849e-02 1.024123805188893906e-03 9.988620846609012061e-01 0.000000000000000000e+00 1.137915339098771066e-04 0.000000000000000000e+00
2.300000000000000000e+03 9.200565304995134142e-02 9.103322712790168532e-04 9.990896677287209870e-01 0.000000000000000000e+00 0.000000000000000000e+00 0.000000000000000000e+00
2.325000000000000000e+03 9.300571449614647435e-02 1.934456076467910759e-03 9.977241693218024121e-01 0.000000000000000000e+00 3.413746017296313199e-04 0.000000000000000000e+00
2.350000000000000000e+03 9.400577594234160728e-02 6.827492034592626399e-04 9.992034592626308775e-01 0.000000000000000000e+00 1.137915339098771066e-04 0.000000000000000000e+00
2.375000000000000000e+03 9.500583738853674021e-02 9.103322712790168532e-04 9.990896677287209870e-01 0.000000000000000000e+00 0.000000000000000000e+00 0.000000000000000000e+00
2.400000000000000000e+03 9.600589883473187314e-02 2.048247610377787811e-03 9.978379608557123026e-01 0.000000000000000000e+00 1.137915339098771066e-04 0.000000000000000000e+00
2.425000000000000000e+03 9.700596028092700607e-02 2.389622212107419402e-03 9.976103777878926326e-01 0.000000000000000000e+00 0.000000000000000000e+00 0.000000000000000000e+00
2.450000000000000000e+03 9.800602172712213900e-02 1.593081474738279385e-03 9.981793354574419741e-01 0.000000000000000000e+00 2.275830678197542133e-04 0.000000000000000000e+00
2.475000000000000000e+03 9.900608317331727193e-02 1.934456076467910759e-03 9.979517523896221931e-01 0.000000000000000000e+00 1.137915339098771066e-04 0.000000000000000000e+00
2.500000000000000000e+03 1.000061446195124049e-01 1.934456076467910759e-03 9.979517523896221931e-01 0.000000000000000000e+00 1.137915339098771066e-04 0.000000000000000000e+00
2.525000000000000000e+03 1.010062060657075378e-01 3.299954483386436255e-03 9.965862539827037292e-01 0.000000000000000000e+00 1.137915339098771066e-04 0.000000000000000000e+00
2.550000000000000000e+03 1.020062675119026707e-01 5.689576695493855224e-03 9.939690487027764698e-01 0.000000000000000000e+00 3.413746017296313199e-04 0.000000000000000000e+00
2.575000000000000000e+03 1.030063289580978036e-01 5.120619025944469528e-03 9.944242148384160318e-01 0.000000000000000000e+00 4.551661356395084266e-04 0.000000000000000000e+00
2.600000000000000000e+03 1.040063904042929366e-01 3.072371415566681717e-03 9.969276285844332897e-01 0.000000000000000000e+00 0.000000000000000000e+00 0.000000000000000000e+00
2.625000000000000000e+03 1.050064518504880695e-01 4.210286754665453109e-03 9.955621301775148257e-01 0.000000000000000000e+00 2.275830678197542133e-04 0.000000000000000000e+00
2.650000000000000000e+03 1.060065132966832024e-01 6.258534365043240920e-03 9.936276741010469093e-01 0.000000000000000000e+00 1.137915339098771066e-04 0.000000000000000000e+00
2.675000000000000000e+03 1.070065747428783354e-01 4.779244424214838804e-03 9.949931725079653733e-01 0.000000000000000000e+00 2.275830678197542133e-04 0.000000000000000000e+00
2.700000000000000000e+03 1.080066361890734683e-01 5.575785161583977738e-03 9.943104233045061413e-01 0.000000000000000000e+00 1.137915339098771066e-04 0.000000000000000000e+00
2.725000000000000000e+03 1.090066976352686012e-01 6.713700500682749130e-03 9.927173418297678964e-01 0.000000000000000000e+00 5.689576695493854790e-04 0.000000000000000000e+00
2.750000000000000000e+03 1.100067590814635121e-01 9.330905780609922637e-03 9.902139280837505275e-01 0.000000000000000000e+00 4.551661356395084266e-04 0.000000000000000000e+00
2.775000000000000000e+03 1.110068205276586450e-01 1.103777878925807886e-02 9.877105143377332697e-01 0.000000000000000000e+00 1.251706873008648227e-03 0.000000000000000000e+00
2.800000000000000000e+03 1.120068819738537780e-01 1.376877560309512985e-02 9.860036413290851343e-01 0.000000000000000000e+00 2.275830678197542133e-04 0.000000000000000000e+00
2.825000000000000000e+03 1.130069434200489109e-01 1.081019572143832562e-02 9.887346381429221731e-01 0.000000000000000000e+00 4.551661356395084266e-04 0.000000000000000000e+00
2.850000000000000000e+03 1.140070048662440438e-01 1.228948566226672687e-02 9.870277651342740377e-01 0.000000000000000000e+00 6.827492034592626399e-04 0.000000000000000000e+00
2.875000000000000000e+03 1.150070663124391768e-01 1.251706873008648184e-02 9.873691397360035982e-01 0.000000000000000000e+00 1.137915339098771066e-04 0.000000000000000000e+00
2.900000000000000000e+03 1.160071277586343097e-01 1.479289940828402289e-02 9.840691852526172179e-01 0.000000000000000000e+00 1.137915339098770958e-03 0.000000000000000000e+00
2.925000000000000000e+03 1.170071892048294426e-01 2.139280837505689453e-02 9.763313609467455523e-01 0.000000000000000000e+00 2.275830678197541916e-03 0.000000000000000000e+00
2.950000000000000000e+03 1.180072506510245756e-01 2.036868456986800149e-02 9.776968593536641272e-01 0.000000000000000000e+00 1.934456076467910759e-03 0.000000000000000000e+00
2.975000000000000000e+03 1.190073120972197085e-01 3.299954483386435822e-02 9.607419208010924416e-01 0.000000000000000000e+00 6.258534365043240920e-03 0.000000000000000000e+00
3.000000000000000000e+03 1.200073735434148414e-01 4.392353208921256219e-02 9.474283113336368078e-01 0.000000000000000000e+00 8.648156577150659455e-03 0.000000000000000000e+00
3.025000000000000000e+03 1.210074349896099744e-01 6.144742831133363781e-02 9.091943559399180419e-01 0.000000000000000000e+00 2.935821574874829254e-02 0.000000000000000000e+00
3.050000000000000000e+03 1.220074964358051073e-01 1.102639963586709154e-01 8.231679563040509295e-01 0.000000000000000000e+00 6.656804733727811341e-02 0.000000000000000000e+00
3.075000000000000000e+03 1.230075578820002402e-01 1.670459717796995980e-01 6.753527537551206050e-01 0.000000000000000000e+00 1.576012744651797970e-01 0.000000000000000000e+00
3.100000000000000000e+03 1.240076193281953731e-01 2.550068274920345712e-01 4.565316340464269373e-01 1.137915339098771066e-04 2.883477469276286009e-01 0.000000000000000000e+00
3.125000000000000000e+03 1.250076807743905061e-01 3.367091488393263443e-01 2.602412380518889234e-01 1.137915339098771066e-04 4.029358215748748417e-01 0.000000000000000000e+00
3.150000000000000000e+03 1.260077422205856390e-01 3.924670004551661373e-01 1.543013199817933612e-01 1.706873008648156654e-03 4.515248065543923661e-01 0.000000000000000000e+00
3.175000000000000000e+03 1.270078036667807719e-01 4.015703231679563223e-01 1.291533909877105035e-01 2.162039144287664864e-03 4.671142467000455323e-01 0.000000000000000000e+00
3.200000000000000000e+03 1.280078651129759049e-01 3.714155666818388934e-01 1.486117432862995025e-01 1.479289940828402332e-03 4.784934000910332497e-01 0.000000000000000000e+00
3.225000000000000000e+03 1.290079265591710378e-01 3.487710514337733492e-01 1.673873463814292140e-01 2.617205279927173507e-03 4.812243969048702885e-01 0.000000000000000000e+00
3.250000000000000000e+03 1.300079880053661707e-01 3.591260810195721631e-01 1.711424670004551563e-01 4.779244424214838804e-03 4.649522075557578349e-01 0.000000000000000000e+00
3.275000000000000000e+03 1.310080494515613037e-01 3.666363222576240477e-01 1.734182976786527164e-01 8.761948111060537808e-03 4.511834319526626946e-01 0.000000000000000000e+00
3.300000000000000000e+03 1.320081108977564366e-01 3.817705962676377074e-01 1.644287664997724219e-01 2.048247610377787811e-02 4.333181611288119961e-01 0.000000000000000000e+00
3.325000000000000000e+03 1.330081723439515695e-01 3.810878470641784199e-01 1.678425125170687204e-01 3.390987710514337811e-02 4.171597633136094885e-01 0.000000000000000000e+00
3.350000000000000000e+03 1.340082337901467024e-01 3.830223031406463363e-01 1.684114701866181174e-01 5.131998179335457710e-02 3.972462448793809831e-01 0.000000000000000000e+00
3.375000000000000000e+03 1.350082952363416133e-01 3.734638142922166448e-01 1.828629949931725174e-01 7.066454255803368556e-02 3.730086481565771384e-01 0.000000000000000000e+00
3.400000000000000000e+03 1.360083566825367463e-01 3.808602639963586944e-01 1.952662721893491105e-01 9.421939007737824279e-02 3.296540737369139662e-01 0.000000000000000000e+00
3.425000000000000000e+03 1.370084181287318792e-01 3.797223486572599005e-01 2.091488393263541135e-01 1.119708693673190647e-01 2.991579426490669213e-01 0.000000000000000000e+00
3.450000000000000000e+03 1.380084795749270121e-01 3.914428766499772339e-01 2.084660901228948537e-01 1.181156121984524299e-01 2.819754210286754548e-01 0.000000000000000000e+00
3.475000000000000000e+03 1.390085410211221451e-01 3.837050523441056238e-01 2.114246700045516736e-01 1.406463359126081114e-01 2.642239417387346467e-01 0.000000000000000000e+00
3.500000000000000000e+03 1.400086024673172780e-01 3.823395539371870488e-01 2.115384615384615363e-01 1.589667728720983164e-01 2.471552116522530707e-01 0.000000000000000000e+00
3.525000000000000000e+03 1.410086639135124109e-01 3.830223031406463363e-01 2.170004551661356418e-01 1.712562585343650468e-01 2.287209831588529751e-01 0.000000000000000000e+00
3.550000000000000000e+03 1.420087253597075438e-01 3.668639053254437732e-01 2.258761948111060458e-01 1.676149294492489672e-01 2.396449704142011861e-01 0.000000000000000000e+00
3.575000000000000000e+03 1.430087868059026768e-01 3.681156121984524576e-01 2.353208921256258468e-01 1.814974965862539702e-01 2.150659990896677254e-01 0.000000000000000000e+00
3.600000000000000000e+03 1.440088482520978097e-01 3.651570323167956378e-01 2.421483841602184717e-01 2.039144287664997612e-01 1.887801547564861293e-01 0.000000000000000000e+00
3.625000000000000000e+03 1.450089096982929426e-01 3.716431497496586189e-01 2.421483841602184717e-01 2.065316340464269373e-01 1.796768320436959443e-01 0.000000000000000000e+00
3.650000000000000000e+03 1.460089711444880756e-01 3.767637687756030807e-01 2.520482476103778069e-01 2.127901684114701930e-01 1.583978152025489194e-01 0.000000000000000000e+00
3.675000000000000000e+03 1.470090325906832085e-01 3.801775147928994070e-01 2.638825671370050308e-01 2.205279927173418308e-01 1.354119253527537592e-01 0.000000000000000000e+00
3.700000000000000000e+03 1.480090940368783414e-01 3.790395994538006130e-01 2.692307692307692180e-01 2.163177059626763821e-01 1.354119253527537592e-01 0.000000000000000000e+00
3.725000000000000000e+03 1.490091554830734744e-01 3.751706873008648357e-01 2.777651342740100060e-01 2.276968593536640995e-01 1.193673190714610866e-01 0.000000000000000000e+00
3.750000000000000000e+03 1.500092169292686073e-01 3.818843878015475424e-01 2.842512517068729871e-01 2.284934000910332219e-01 1.053709604005461931e-01 0.000000000000000000e+00
3.775000000000000000e+03 1.510092783754637402e-01 3.772189349112425871e-01 2.923304506144742687e-01 2.296313154301319881e-01 1.008192990441511144e-01 0.000000000000000000e+00
3.800000000000000000e+03 1.520093398216588731e-01 3.784706417842512716e-01 3.050751024123805055e-01 2.264451524806554428e-01 9.000910332271279402e-02 0.000000000000000000e+00
3.825000000000000000e+03 1.530094012678540061e-01 3.599226217569412856e-01 3.227127901684114786e-01 2.287209831588529751e-01 8.864360491579426071e-02 0.000000000000000000e+00
3.850000000000000000e+03 1.540094627140491390e-01 3.650432407828857473e-01 3.315885298133818826e-01 2.279244424214838527e-01 7.544378698224851743e-02 0.000000000000000000e+00
3.875000000000000000e+03 1.550095241602442719e-01 3.578743741465634787e-01 3.354574419663177154e-01 2.365725989986345035e-01 7.009558488848430247e-02 0.000000000000000000e+00
3.900000000000000000e+03 1.560095856064394049e-01 3.540054619936277014e-01 3.429676832043696000e-01 2.374829312699135164e-01 6.554392353208920996e-02 0.000000000000000000e+00
3.925000000000000000e+03 1.570096470526345378e-01 3.548020027309968238e-01 3.401228948566226706e-01 2.395311788802912956e-01 6.554392353208920996e-02 0.000000000000000000e+00
3.950000000000000000e+03 1.580097084988296707e-01 3.603777878925807920e-01 3.501365498406918686e-01 2.330450614474283144e-01 5.644060081929904577e-02 0.000000000000000000e+00
3.975000000000000000e+03 1.590097699450245816e-01 3.480883022303140617e-01 3.641329085116067343e-01 2.302002730996813851e-01 5.757851615839781195e-02 0.000000000000000000e+00
4.000000000000000000e+03 1.600098313912197145e-01 3.420573509330905870e-01 3.743741465634956578e-01 2.254210286754665393e-01 5.814747382794720199e-02 0.000000000000000000e+00
4.025000000000000000e+03 1.610098928374148475e-01 3.383022303140646447e-01 3.816568047337278169e-01 2.290623577605826189e-01 5.097860719162494031e-02 0.000000000000000000e+00
4.050000000000000000e+03 1.620099542836099804e-01 3.398953117888028896e-01 3.831360946745562268e-01 2.246244879380974169e-01 5.234410559854346667e-02 0.000000000000000000e+00
4.075000000000000000e+03 1.630100157298051133e-01 3.414883932635411901e-01 3.934911242603550408e-01 2.195038689121529274e-01 4.551661356395084179e-02 0.000000000000000000e+00
4.100000000000000000e+03 1.640100771760002463e-01 3.380746472462448637e-01 3.967910787437414766e-01 2.188211197086936677e-01 4.631315430131998506e-02 0.000000000000000000e+00
4.125000000000000000e+03 1.650101386221953792e-01 3.359126081019572219e-01 4.022530723714155543e-01 2.230314064633591165e-01 3.880291306326809353e-02 0.000000000000000000e+00
4.150000000000000000e+03 1.660102000683905121e-01 3.305644060081929791e-01 4.050978607191624836e-01 2.278106508875739622e-01 3.652708238507055422e-02 0.000000000000000000e+00
4.175000000000000000e+03 1.670102615145856451e-01 3.328402366863905115e-01 4.055530268548019901e-01 2.370277651342740100e-01 2.457897132453345374e-02 0.000000000000000000e+00
4.200000000000000000e+03 1.680103229607807780e-01 3.254437869822485174e-01 4.102184797451069453e-01 2.389622212107419263e-01 2.537551206190259354e-02 0.000000000000000000e+00
4.225000000000000000e+03 1.690103844069759109e-01 3.266954938552571464e-01 4.090805644060082069e-01 2.380518889394629134e-01 2.617205279927173334e-02 0.000000000000000000e+00
4.250000000000000000e+03 1.700104458531710439e-01 3.254437869822485174e-01 4.068047337278106745e-01 2.439690487027765253e-01 2.378243058716431393e-02 0.000000000000000000e+00
4.275000000000000000e+03 1.710105072993661768e-01 3.287437414656349532e-01 4.068047337278106745e-01 2.393035958124715423e-01 2.514792899408284030e-02 0.000000000000000000e+00
4.300000000000000000e+03 1.720105687455613097e-01 3.266954938552571464e-01 4.086253982703687004e-01 2.389622212107419263e-01 2.571688666363222686e-02 0.000000000000000000e+00
4.325000000000000000e+03 1.730106301917564426e-01 3.294264906690942407e-01 4.070323167956304000e-01 2.368001820664542567e-01 2.674101046882111990e-02 0.000000000000000000e+00
4.350000000000000000e+03 1.740106916379515756e-01 3.263541192535275304e-01 4.065771506599908935e-01 2.388484296768320359e-01 2.822030040964952288e-02 0.000000000000000000e+00
4.375000000000000000e+03 1.750107530841467085e-01 3.256713700500682984e-01 4.044151115157032517e-01 2.394173873463814328e-01 3.049613108784706567e-02 0.000000000000000000e+00
4.400000000000000000e+03 1.760108145303418414e-01 3.326126536185707860e-01 3.994082840236686249e-01 2.407828857532999522e-01 2.719617660446062984e-02 0.000000000000000000e+00
4.425000000000000000e+03 1.770108759765369744e-01 3.246472462448793950e-01 4.048702776513427581e-01 2.429449248975876219e-01 2.753755120619025970e-02 0.000000000000000000e+00
4.450000000000000000e+03 1.780109374227321073e-01 3.254437869822485174e-01 4.033909877105143482e-01 2.469276285844333174e-01 2.423759672280382388e-02 0.000000000000000000e+00
4.475000000000000000e+03 1.790109988689272402e-01 3.299954483386435822e-01 3.987255348202093930e-01 2.485207100591715901e-01 2.275830678197542090e-02 0.000000000000000000e+00
4.500000000000000000e+03 1.800110603151223732e-01 3.266954938552571464e-01 3.999772416932180219e-01 2.471552116522530707e-01 2.605826126536185672e-02 1.137915339098771066e-04
4.525000000000000000e+03 1.810111217613175061e-01 3.263541192535275304e-01 4.047564861174328676e-01 2.459035047792444140e-01 2.298588984979517413e-02 0.000000000000000000e+00
4.550000000000000000e+03 1.820111832075126390e-01 3.219162494310423561e-01 4.120391442876649712e-01 2.454483386436049075e-01 2.059626763768775473e-02 0.000000000000000000e+00
4.575000000000000000e+03 1.830112446537077719e-01 3.133818843878015681e-01 4.147701411015020656e-01 2.551206190259444617e-01 1.672735548475193582e-02 0.000000000000000000e+00
4.600000000000000000e+03 1.840113060999026828e-01 3.124715521165225551e-01 4.144287664997723941e-01 2.579654073736913911e-01 1.513427401001365448e-02 0.000000000000000000e+00
4.625000000000000000e+03 1.850113675460978158e-01 3.196404187528447682e-01 4.097633136094674389e-01 2.550068274920345712e-01 1.558944014565316269e-02 0.000000000000000000e+00
4.650000000000000000e+03 1.860114289922929487e-01 3.157715065999089910e-01 4.096495220755576039e-01 2.564861174328629811e-01 1.809285389167045871e-02 0.000000000000000000e+00
4.675000000000000000e+03 1.870114904384880816e-01 3.108784706417842547e-01 4.143149749658625591e-01 2.583067819754210070e-01 1.649977241693217911e-02 0.000000000000000000e+00
4.700000000000000000e+03 1.880115518846832146e-01 3.138370505234410746e-01 4.145425580336822846e-01 2.532999544833864358e-01 1.832043695949021542e-02 0.000000000000000000e+00
4.725000000000000000e+03 1.890116133308783475e-01 3.112198452435138707e-01 4.136322257624032717e-01 2.604688211197087044e-01 1.467910787437414627e-02 0.000000000000000000e+00
4.750000000000000000e+03 1.900116747770734804e-01 3.105370960400546387e-01 4.119253527537551363e-01 2.605826126536185949e-01 1.695493855257168905e-02 0.000000000000000000e+00
4.775000000000000000e+03 1.910117362232686133e-01 3.140646335912608000e-01 4.089667728720983164e-01 2.611515703231679364e-01 1.581702321347291593e-02 0.000000000000000000e+00
4.800000000000000000e+03 1.920117976694637463e-01 3.181611288120163583e-01 4.103322712790168358e-01 2.563723258989530907e-01 1.513427401001365448e-02 0.000000000000000000e+00
4.825000000000000000e+03 1.930118591156588792e-01 3.170232134729176199e-01 4.104460628129267263e-01 2.600136549840691980e-01 1.251706873008648184e-02 0.000000000000000000e+00
4.850000000000000000e+03 1.940119205618540121e-01 3.208921256258534527e-01 4.112426035502958488e-01 2.554619936276740777e-01 1.228948566226672687e-02 1.137915339098771066e-04
4.875000000000000000e+03 1.950119820080491451e-01 3.088302230314064478e-01 4.140873918980427781e-01 2.619481110605371144e-01 1.513427401001365448e-02 0.000000000000000000e+00
4.900000000000000000e+03 1.960120434542442780e-01 3.125853436504323901e-01 4.139736003641328876e-01 2.593309057806099105e-01 1.411015020482476144e-02 0.000000000000000000e+00
4.925000000000000000e+03 1.970121049004394109e-01 3.137232589895311841e-01 4.182976786527082269e-01 2.562585343650432557e-01 1.172052799271734204e-02 0.000000000000000000e+00
4.950000000000000000e+03 1.980121663466345439e-01 3.142922166590805810e-01 4.210286754665452658e-01 2.505689576695493970e-01 1.411015020482476144e-02 0.000000000000000000e+00
4.975000000000000000e+03 1.990122277928296768e-01 3.093991807009558448e-01 4.233045061447428536e-01 2.522758306781975324e-01 1.502048247610377786e-02 0.000000000000000000e+00
5.000000000000000000e+03 2.000122892390248097e-01 3.123577605826126646e-01 4.258079198907601115e-01 2.445380063723258945e-01 1.729631315430131891e-02 0.000000000000000000e+00
5.025000000000000000e+03 2.010123506852199426e-01 3.113336367774237612e-01 4.294492489758762188e-01 2.456759217114246607e-01 1.342740100136549826e-02 1.137915339098771066e-04
5.050000000000000000e+03 2.020124121314150756e-01 3.062130177514792995e-01 4.337733272644515026e-01 2.449931725079654010e-01 1.502048247610377786e-02 0.000000000000000000e+00
5.075000000000000000e+03 2.030124735776102085e-01 3.076923076923077094e-01 4.358215748748293095e-01 2.452207555757851543e-01 1.126536185707783383e-02 0.000000000000000000e+00
5.100000000000000000e+03 2.040125350238053414e-01 3.065543923532089154e-01 4.343422849340008995e-01 2.451069640418752915e-01 1.399635867091488309e-02 0.000000000000000000e+00
5.125000000000000000e+03 2.050125964700004744e-01 3.048475193445607800e-01 4.368456986800182129e-01 2.444242148384160318e-01 1.388256713700500647e-02 0.000000000000000000e+00
5.150000000000000000e+03 2.060126579161956073e-01 3.005234410559854408e-01 4.412835685025033872e-01 2.451069640418752915e-01 1.308602639963586667e-02 0.000000000000000000e+00
5.175000000000000000e+03 2.070127193623907402e-01 2.996131087847064278e-01 4.445835229858898230e-01 2.440828402366863881e-01 1.172052799271734204e-02 0.000000000000000000e+00
5.200000000000000000e+03 2.080127808085856511e-01 3.008648156577150568e-01 4.475421028675466428e-01 2.402139280837505553e-01 1.126536185707783383e-02 1.137915339098771066e-04
5.225000000000000000e+03 2.090128422547807840e-01 3.031406463359125891e-01 4.469731451979972459e-01 2.378243058716431602e-01 1.206190259444697363e-02 0.000000000000000000e+00
5.250000000000000000e+03 2.100129037009759170e-01 2.997269003186163183e-01 4.468593536640874109e-01 2.385070550751024199e-01 1.490669094219390124e-02 0.000000000000000000e+00
5.275000000000000000e+03 2.110129651471710499e-01 3.025716886663632477e-01 4.448111060537096040e-01 2.416932180245789652e-01 1.092398725534820224e-02 0.000000000000000000e+00
5.300000000000000000e+03 2.120130265933661828e-01 3.018889394629039602e-01 4.454938552571688914e-01 2.423759672280382249e-01 1.024123805188893906e-02 0.000000000000000000e+00
5.325000000000000000e+03 2.130130880395613158e-01 2.987027765134274149e-01 4.482248520710059303e-01 2.412380518889394587e-01 1.183431952662721866e-02 0.000000000000000000e+00
5.350000000000000000e+03 2.140131494857564487e-01 2.998406918525261533e-01 4.497041420118343402e-01 2.363450159308147502e-01 1.411015020482476144e-02 0.000000000000000000e+00
5.375000000000000000e+03 2.150132109319515816e-01 2.967683204369594985e-01 4.563040509786072119e-01 2.347519344560764776e-01 1.217569412835685025e-02 0.000000000000000000e+00
5.400000000000000000e+03 2.160132723781467146e-01 2.901684114701866268e-01 4.602867546654528796e-01 2.378243058716431602e-01 1.160673645880746542e-02 1.137915339098771066e-04
5.425000000000000000e+03 2.170133338243418475e-01 2.910787437414656398e-01 4.606281292671824956e-01 2.372553482020937632e-01 1.103777878925807886e-02 0.000000000000000000e+00
5.450000000000000000e+03 2.180133952705369804e-01 2.906235776058261333e-01 4.630177514792899185e-01 2.372553482020937632e-01 8.989531178880291046e-03 1.137915339098771066e-04
5.475000000000000000e+03 2.190134567167321133e-01 2.901684114701866268e-01 4.674556213017751483e-01 2.323623122439690547e-01 1.001365498406918582e-02 0.000000000000000000e+00
5.500000000000000000e+03 2.200135181629272463e-01 2.901684114701866268e-01 4.670004551661356418e-01 2.322485207100591642e-01 1.058261265361857065e-02 0.000000000000000000e+00
5.525000000000000000e+03 2.210135796091223792e-01 2.848202093764223841e-01 4.684797451069640517e-01 2.350933090578060936e-01 1.160673645880746542e-02 0.000000000000000000e+00
5.550000000000000000e+03 2.220136410553175121e-01 2.859581247155211781e-01 4.697314519799726806e-01 2.335002275830678209e-01 1.081019572143832562e-02 0.000000000000000000e+00
5.575000000000000000e+03 2.230137025015126451e-01 2.851615839781520001e-01 4.688211197086936677e-01 2.348657259899863403e-01 1.115157032316795548e-02 0.000000000000000000e+00
5.600000000000000000e+03 2.240137639477077780e-01 2.883477469276286009e-01 4.680245789713245452e-01 2.341829767865270806e-01 9.444697314519799256e-03 0.000000000000000000e+00
5.625000000000000000e+03 2.250138253939029109e-01 2.898270368684570109e-01 4.703004096495220776e-01 2.316795630405097950e-01 8.192990441511151245e-03 0.000000000000000000e+00
5.650000000000000000e+03 2.260138868400980439e-01 2.842512517068729871e-01 4.697314519799726806e-01 2.356622667273554905e-01 1.035502958579881741e-02 0.000000000000000000e+00
5.675000000000000000e+03 2.270139482862931768e-01 2.792444242148384159e-01 4.730314064633591165e-01 2.378243058716431602e-01 9.899863450159307465e-03 0.000000000000000000e+00
