# itime ezz other fcc hcp bcc ico
0.000000000000000000e+00 0.000000000000000000e+00 0.000000000000000000e+00 1.000000000000000000e+00 0.000000000000000000e+00 0.000000000000000000e+00 0.000000000000000000e+00
2.500000000000000000e+01 1.000063587519584019e-03 0.000000000000000000e+00 1.000000000000000000e+00 0.000000000000000000e+00 0.000000000000000000e+00 0.000000000000000000e+00
5.000000000000000000e+01 2.000127175039168037e-03 0.000000000000000000e+00 1.000000000000000000e+00 0.000000000000000000e+00 0.000000000000000000e+00 0.000000000000000000e+00
7.500000000000000000e+01 3.000190762558752056e-03 0.000000000000000000e+00 1.000000000000000000e+00 0.000000000000000000e+00 0.000000000000000000e+00 0.000000000000000000e+00
1.000000000000000000e+02 4.000254350078558119e-03 0.000000000000000000e+00 1.000000000000000000e+00 0.000000000000000000e+00 0.000000000000000000e+00 0.000000000000000000e+00
1.250000000000000000e+02 5.000317937598142137e-03 0.000000000000000000e+00 1.000000000000000000e+00 0.000000000000000000e+00 0.000000000000000000e+00 0.000000000000000000e+00
1.500000000000000000e+02 6.000381525117726156e-03 0.000000000000000000e+00 1.000000000000000000e+00 0.000000000000000000e+00 0.000000000000000000e+00 0.000000000000000000e+00
1.750000000000000000e+02 7.000445112637310174e-03 0.000000000000000000e+00 1.000000000000000000e+00 0.000000000000000000e+00 0.000000000000000000e+00 0.000000000000000000e+00
2.000000000000000000e+02 8.000508700156894193e-03 0.000000000000000000e+00 1.000000000000000000e+00 0.000000000000000000e+00 0.000000000000000000e+00 0.000000000000000000e+00
2.250000000000000000e+02 9.000572287676478211e-03 0.000000000000000000e+00 1.000000000000000000e+00 0.000000000000000000e+00 0.000000000000000000e+00 0.000000000000000000e+00
2.500000000000000000e+02 1.000063587519606223e-02 0.000000000000000000e+00 1.000000000000000000e+00 0.000000000000000000e+00 0.000000000000000000e+00 0.000000000000000000e+00
2.750000000000000000e+02 1.100069946271564625e-02 0.000000000000000000e+00 1.000000000000000000e+00 0.000000000000000000e+00 0.000000000000000000e+00 0.000000000000000000e+00
3.000000000000000000e+02 1.200076305023545231e-02 0.000000000000000000e+00 1.000000000000000000e+00 0.000000000000000000e+00 0.000000000000000000e+00 0.000000000000000000e+00
3.250000000000000000e+02 1.300082663775503633e-02 0.000000000000000000e+00 1.000000000000000000e+00 0.000000000000000000e+00 0.000000000000000000e+00 0.000000000000000000e+00
3.500000000000000000e+02 1.400089022527462035e-02 0.000000000000000000e+00 1.000000000000000000e+00 0.000000000000000000e+00 0.000000000000000000e+00 0.000000000000000000e+00
3.750000000000000000e+02 1.500095381279420437e-02 0.000000000000000000e+00 1.000000000000000000e+00 0.000000000000000000e+00 0.000000000000000000e+00 0.000000000000000000e+00
4.000000000000000000e+02 1.600101740031378839e-02 0.000000000000000000e+00 1.000000000000000000e+00 0.000000000000000000e+00 0.000000000000000000e+00 0.000000000000000000e+00
4.250000000000000000e+02 1.700108098783337240e-02 0.000000000000000000e+00 1.000000000000000000e+00 0.000000000000000000e+00 0.000000000000000000e+00 0.000000000000000000e+00
4.500000000000000000e+02 1.800114457535295642e-02 0.000000000000000000e+00 1.000000000000000000e+00 0.000000000000000000e+00 0.000000000000000000e+00 0.000000000000000000e+00
4.750000000000000000e+02 1.900120816287254044e-02 0.000000000000000000e+00 1.000000000000000000e+00 0.000000000000000000e+00 0.000000000000000000e+00 0.000000000000000000e+00
5.000000000000000000e+02 2.000127175039234650e-02 0.000000000000000000e+00 1.000000000000000000e+00 0.000000000000000000e+00 0.000000000000000000e+00 0.000000000000000000e+00
5.250000000000000000e+02 2.100133533791193052e-02 0.000000000000000000e+00 1.000000000000000000e+00 0.000000000000000000e+00 0.000000000000000000e+00 0.000000000000000000e+00
5.500000000000000000e+02 2.200139892543151454e-02 0.000000000000000000e+00 1.000000000000000000e+00 0.000000000000000000e+00 0.000000000000000000e+00 0.000000000000000000e+00
5.750000000000000000e+02 2.300146251295109856e-02 0.000000000000000000e+00 1.000000000000000000e+00 0.000000000000000000e+00 0.000000000000000000e+00 0.000000000000000000e+00
6.000000000000000000e+02 2.400152610047068258e-02 0.000000000000000000e+00 1.000000000000000000e+00 0.000000000000000000e+00 0.000000000000000000e+00 0.000000000000000000e+00
6.250000000000000000e+02 2.500158968799026660e-02 0.000000000000000000e+00 1.000000000000000000e+00 0.000000000000000000e+00 0.000000000000000000e+00 0.000000000000000000e+00
6.500000000000000000e+02 2.600165327550985062e-02 0.000000000000000000e+00 1.000000000000000000e+00 0.000000000000000000e+00 0.000000000000000000e+00 0.000000000000000000e+00
6.750000000000000000e+02 2.700171686302943463e-02 0.000000000000000000e+00 1.000000000000000000e+00 0.000000000000000000e+00 0.000000000000000000e+00 0.000000000000000000e+00
7.000000000000000000e+02 2.800178045054924070e-02 0.000000000000000000e+00 1.000000000000000000e+00 0.000000000000000000e+00 0.000000000000000000e+00 0.000000000000000000e+00
7.250000000000000000e+02 2.900184403806882472e-02 0.000000000000000000e+00 1.000000000000000000e+00 0.000000000000000000e+00 0.000000000000000000e+00 0.000000000000000000e+00
7.500000000000000000e+02 3.000190762558840873e-02 0.000000000000000000e+00 1.000000000000000000e+00 0.000000000000000000e+00 0.000000000000000000e+00 0.000000000000000000e+00
7.750000000000000000e+02 3.100197121310799275e-02 0.000000000000000000e+00 1.000000000000000000e+00 0.000000000000000000e+00 0.000000000000000000e+00 0.000000000000000000e+00
8.000000000000000000e+02 3.200203480062757677e-02 0.000000000000000000e+00 1.000000000000000000e+00 0.000000000000000000e+00 0.000000000000000000e+00 0.000000000000000000e+00
8.250000000000000000e+02 3.300209838814716079e-02 0.000000000000000000e+00 1.000000000000000000e+00 0.000000000000000000e+00 0.000000000000000000e+00 0.000000000000000000e+00
8.500000000000000000e+02 3.400216197566674481e-02 0.000000000000000000e+00 1.000000000000000000e+00 0.000000000000000000e+00 0.000000000000000000e+00 0.000000000000000000e+00
8.750000000000000000e+02 3.500222556318655087e-02 0.000000000000000000e+00 1.000000000000000000e+00 0.000000000000000000e+00 0.000000000000000000e+00 0.000000000000000000e+00
9.000000000000000000e+02 3.600228915070613489e-02 0.000000000000000000e+00 1.000000000000000000e+00 0.000000000000000000e+00 0.000000000000000000e+00 0.000000000000000000e+00
9.250000000000000000e+02 3.700235273822571891e-02 0.000000000000000000e+00 1.000000000000000000e+00 0.000000000000000000e+00 0.000000000000000000e+00 0.000000000000000000e+00
9.500000000000000000e+02 3.800241632574530293e-02 0.000000000000000000e+00 1.000000000000000000e+00 0.000000000000000000e+00 0.000000000000000000e+00 0.000000000000000000e+00
9.750000000000000000e+02 3.900247991326488695e-02 0.000000000000000000e+00 1.000000000000000000e+00 0.000000000000000000e+00 0.000000000000000000e+00 0.000000000000000000e+00
1.000000000000000000e+03 4.000254350078447096e-02 0.000000000000000000e+00 1.000000000000000000e+00 0.000000000000000000e+00 0.000000000000000000e+00 0.000000000000000000e+00
1.025000000000000000e+03 4.100260708830405498e-02 0.000000000000000000e+00 1.000000000000000000e+00 0.000000000000000000e+00 0.000000000000000000e+00 0.000000000000000000e+00
1.050000000000000000e+03 4.200267067582363900e-02 0.000000000000000000e+00 1.000000000000000000e+00 0.000000000000000000e+00 0.000000000000000000e+00 0.000000000000000000e+00
1.075000000000000000e+03 4.300273426334344506e-02 0.000000000000000000e+00 1.000000000000000000e+00 0.000000000000000000e+00 0.000000000000000000e+00 0.000000000000000000e+00
1.100000000000000000e+03 4.400279785086302908e-02 0.000000000000000000e+00 1.000000000000000000e+00 0.000000000000000000e+00 0.000000000000000000e+00 0.000000000000000000e+00
1.125000000000000000e+03 4.500286143838261310e-02 0.000000000000000000e+00 1.000000000000000000e+00 0.000000000000000000e+00 0.000000000000000000e+00 0.000000000000000000e+00
1.150000000000000000e+03 4.600292502590219712e-02 0.000000000000000000e+00 1.000000000000000000e+00 0.000000000000000000e+00 0.000000000000000000e+00 0.000000000000000000e+00
1.175000000000000000e+03 4.700298861342178114e-02 0.000000000000000000e+00 1.000000000000000000e+00 0.000000000000000000e+00 0.000000000000000000e+00 0.000000000000000000e+00
1.200000000000000000e+03 4.800305220094136516e-02 0.000000000000000000e+00 1.000000000000000000e+00 0.000000000000000000e+00 0.000000000000000000e+00 0.000000000000000000e+00
1.225000000000000000e+03 4.900311578846094918e-02 0.000000000000000000e+00 1.000000000000000000e+00 0.000000000000000000e+00 0.000000000000000000e+00 0.000000000000000000e+00
1.250000000000000000e+03 5.000317937598053319e-02 0.000000000000000000e+00 1.000000000000000000e+00 0.000000000000000000e+00 0.000000000000000000e+00 0.000000000000000000e+00
1.275000000000000000e+03 5.100324296350033926e-02 0.000000000000000000e+00 1.000000000000000000e+00 0.000000000000000000e+00 0.000000000000000000e+00 0.000000000000000000e+00
1.300000000000000000e+03 5.200330655101992328e-02 0.000000000000000000e+00 1.000000000000000000e+00 0.000000000000000000e+00 0.000000000000000000e+00 0.000000000000000000e+00
1.325000000000000000e+03 5.300337013853950729e-02 0.000000000000000000e+00 1.000000000000000000e+00 0.000000000000000000e+00 0.000000000000000000e+00 0.000000000000000000e+00
1.350000000000000000e+03 5.400343372605909131e-02 0.000000000000000000e+00 1.000000000000000000e+00 0.000000000000000000e+00 0.000000000000000000e+00 0.000000000000000000e+00
1.375000000000000000e+03 5.500349731357867533e-02 0.000000000000000000e+00 1.000000000000000000e+00 0.000000000000000000e+00 0.000000000000000000e+00 0.000000000000000000e+00
1.400000000000000000e+03 5.600356090109825935e-02 0.000000000000000000e+00 1.000000000000000000e+00 0.000000000000000000e+00 0.000000000000000000e+00 0.000000000000000000e+00
1.425000000000000000e+03 5.700362448861784337e-02 1.137915339098771066e-04 9.998862084660901095e-01 0.000000000000000000e+00 0.000000000000000000e+00 0.000000000000000000e+00
1.450000000000000000e+03 5.800368807613742739e-02 0.000000000000000000e+00 1.000000000000000000e+00 0.000000000000000000e+00 0.000000000000000000e+00 0.000000000000000000e+00
1.475000000000000000e+03 5.900375166365723345e-02 0.000000000000000000e+00 1.000000000000000000e+00 0.000000000000000000e+00 0.000000000000000000e+00 0.000000000000000000e+00
1.500000000000000000e+03 6.000381525117681747e-02 0.000000000000000000e+00 1.000000000000000000e+00 0.000000000000000000e+00 0.000000000000000000e+00 0.000000000000000000e+00
1.525000000000000000e+03 6.100387883869640149e-02 0.000000000000000000e+00 1.000000000000000000e+00 0.000000000000000000e+00 0.000000000000000000e+00 0.000000000000000000e+00
1.550000000000000000e+03 6.200394242621598551e-02 0.000000000000000000e+00 1.000000000000000000e+00 0.000000000000000000e+00 0.000000000000000000e+00 0.000000000000000000e+00
1.575000000000000000e+03 6.300400601373556952e-02 0.000000000000000000e+00 1.000000000000000000e+00 0.000000000000000000e+00 0.000000000000000000e+00 0.000000000000000000e+00
1.600000000000000000e+03 6.400406960125515354e-02 0.000000000000000000e+00 1.000000000000000000e+00 0.000000000000000000e+00 0.000000000000000000e+00 0.000000000000000000e+00
1.625000000000000000e+03 6.500413318877473756e-02 0.000000000000000000e+00 1.000000000000000000e+00 0.000000000000000000e+00 0.000000000000000000e+00 0.000000000000000000e+00
1.650000000000000000e+03 6.600419677629454362e-02 3.413746017296313199e-04 9.996586253982703285e-01 0.000000000000000000e+00 0.000000000000000000e+00 0.000000000000000000e+00
1.675000000000000000e+03 6.700426036381412764e-02 0.000000000000000000e+00 1.000000000000000000e+00 0.000000000000000000e+00 0.000000000000000000e+00 0.000000000000000000e+00
1.700000000000000000e+03 6.800432395133371166e-02 1.137915339098771066e-04 9.998862084660901095e-01 0.000000000000000000e+00 0.000000000000000000e+00 0.000000000000000000e+00
1.725000000000000000e+03 6.900438753885329568e-02 0.000000000000000000e+00 1.000000000000000000e+00 0.000000000000000000e+00 0.000000000000000000e+00 0.000000000000000000e+00
1.750000000000000000e+03 7.000445112637287970e-02 0.000000000000000000e+00 1.000000000000000000e+00 0.000000000000000000e+00 0.000000000000000000e+00 0.000000000000000000e+00
1.775000000000000000e+03 7.100451471389246372e-02 1.137915339098771066e-04 9.998862084660901095e-01 0.000000000000000000e+00 0.000000000000000000e+00 0.000000000000000000e+00
1.800000000000000000e+03 7.200457830141204774e-02 0.000000000000000000e+00 1.000000000000000000e+00 0.000000000000000000e+00 0.000000000000000000e+00 0.000000000000000000e+00
1.825000000000000000e+03 7.300464188893163175e-02 0.000000000000000000e+00 1.000000000000000000e+00 0.000000000000000000e+00 0.000000000000000000e+00 0.000000000000000000e+00
1.850000000000000000e+03 7.400470547645143782e-02 4.551661356395084266e-04 9.995448338643604380e-01 0.000000000000000000e+00 0.000000000000000000e+00 0.000000000000000000e+00
1.875000000000000000e+03 7.500476906397102184e-02 0.000000000000000000e+00 1.000000000000000000e+00 0.000000000000000000e+00 0.000000000000000000e+00 0.000000000000000000e+00
1.900000000000000000e+03 7.600483265149060585e-02 0.000000000000000000e+00 1.000000000000000000e+00 0.000000000000000000e+00 0.000000000000000000e+00 0.000000000000000000e+00
1.925000000000000000e+03 7.700489623901018987e-02 2.275830678197542133e-04 9.996586253982703285e-01 0.000000000000000000e+00 1.137915339098771066e-04 0.000000000000000000e+00
1.950000000000000000e+03 7.800495982652977389e-02 0.000000000000000000e+00 1.000000000000000000e+00 0.000000000000000000e+00 0.000000000000000000e+00 0.000000000000000000e+00
1.975000000000000000e+03 7.900502341404935791e-02 0.000000000000000000e+00 9.998862084660901095e-01 0.000000000000000000e+00 1.137915339098771066e-04 0.000000000000000000e+00
2.000000000000000000e+03 8.000508700156894193e-02 1.137915339098771066e-04 9.998862084660901095e-01 0.000000000000000000e+00 0.000000000000000000e+00 0.000000000000000000e+00
2.025000000000000000e+03 8.100515058908852595e-02 0.000000000000000000e+00 1.000000000000000000e+00 0.000000000000000000e+00 0.000000000000000000e+00 0.000000000000000000e+00
2.050000000000000000e+03 8.200521417660833201e-02 0.000000000000000000e+00 9.998862084660901095e-01 0.000000000000000000e+00 1.137915339098771066e-04 0.000000000000000000e+00
2.075000000000000000e+03 8.300527776412791603e-02 4.551661356395084266e-04 9.995448338643604380e-01 0.000000000000000000e+00 0.000000000000000000e+00 0.000000000000000000e+00
2.100000000000000000e+03 8.400534135164750005e-02 5.689576695493854790e-04 9.994310423304506585e-01 0.000000000000000000e+00 0.000000000000000000e+00 0.000000000000000000e+00
2.125000000000000000e+03 8.500540493916708407e-02 9.103322712790168532e-04 9.990896677287209870e-01 0.000000000000000000e+00 0.000000000000000000e+00 0.000000000000000000e+00
2.150000000000000000e+03 8.600546852668666808e-02 1.137915339098771066e-04 9.998862084660901095e-01 0.000000000000000000e+00 0.000000000000000000e+00 0.000000000000000000e+00
2.175000000000000000e+03 8.700553211420625210e-02 2.275830678197542133e-04 9.997724169321802190e-01 0.000000000000000000e+00 0.000000000000000000e+00 0.000000000000000000e+00
2.200000000000000000e+03 8.800559570172583612e-02 0.000000000000000000e+00 1.000000000000000000e+00 0.000000000000000000e+00 0.000000000000000000e+00 0.000000000000000000e+00
2.225000000000000000e+03 8.900565928924542014e-02 4.551661356395084266e-04 9.995448338643604380e-01 0.000000000000000000e+00 0.000000000000000000e+00 0.000000000000000000e+00
2.250000000000000000e+03 9.000572287676522620e-02 3.413746017296313199e-04 9.996586253982703285e-01 0.000000000000000000e+00 0.000000000000000000e+00 0.000000000000000000e+00
2.275000000000000000e+03 9.100578646428481022e-02 6.827492034592626399e-04 9.993172507965407680e-01 0.000000000000000000e+00 0.000000000000000000e+00 0.000000000000000000e+00
2.300000000000000000e+03 9.200585005180439424e-02 7.965407373691396923e-04 9.992034592626308775e-01 0.000000000000000000e+00 0.000000000000000000e+00 0.000000000000000000e+00
2.325000000000000000e+03 9.300591363932397826e-02 3.413746017296313199e-04 9.995448338643604380e-01 0.000000000000000000e+00 1.137915339098771066e-04 0.000000000000000000e+00
2.350000000000000000e+03 9.400597722684356228e-02 2.162039144287664864e-03 9.974965862539827421e-01 0.000000000000000000e+00 3.413746017296313199e-04 0.000000000000000000e+00
2.375000000000000000e+03 9.500604081436314630e-02 1.934456076467910759e-03 9.979517523896221931e-01 0.000000000000000000e+00 1.137915339098771066e-04 0.000000000000000000e+00
2.400000000000000000e+03 9.600610440188273031e-02 2.275830678197541916e-03 9.977241693218024121e-01 0.000000000000000000e+00 0.000000000000000000e+00 0.000000000000000000e+00
2.425000000000000000e+03 9.700616798940253638e-02 7.965407373691396923e-04 9.992034592626308775e-01 0.000000000000000000e+00 0.000000000000000000e+00 0.000000000000000000e+00
2.450000000000000000e+03 9.800623157692212040e-02 2.162039144287664864e-03 9.977241693218024121e-01 0.000000000000000000e+00 1.137915339098771066e-04 0.000000000000000000e+00
2.475000000000000000e+03 9.900629516444170442e-02 1.365498406918525280e-03 9.984069185252617551e-01 0.000000000000000000e+00 2.275830678197542133e-04 0.000000000000000000e+00
2.500000000000000000e+03 1.000063587519612884e-01 3.755120619025944465e-03 9.961310878470641672e-01 0.000000000000000000e+00 1.137915339098771066e-04 0.000000000000000000e+00
2.525000000000000000e+03 1.010064223394808725e-01 1.365498406918525280e-03 9.985207100591716456e-01 0.000000000000000000e+00 1.137915339098771066e-04 0.000000000000000000e+00
2.550000000000000000e+03 1.020064859270004565e-01 4.779244424214838804e-03 9.949931725079653733e-01 0.000000000000000000e+00 2.275830678197542133e-04 0.000000000000000000e+00
2.575000000000000000e+03 1.030065495145200405e-01 3.299954483386436255e-03 9.965862539827037292e-01 0.000000000000000000e+00 1.137915339098771066e-04 0.000000000000000000e+00
2.600000000000000000e+03 1.040066131020396245e-01 3.186162949476558769e-03 9.963586709148839482e-01 0.000000000000000000e+00 4.551661356395084266e-04 0.000000000000000000e+00
2.625000000000000000e+03 1.050066766895594306e-01 2.730996813837050560e-03 9.972690031861629611e-01 0.000000000000000000e+00 0.000000000000000000e+00 0.000000000000000000e+00
2.650000000000000000e+03 1.060067402770790146e-01 3.299954483386436255e-03 9.965862539827037292e-01 0.000000000000000000e+00 1.137915339098771066e-04 0.000000000000000000e+00
2.675000000000000000e+03 1.070068038645985986e-01 5.120619025944469528e-03 9.945380063723259223e-01 0.000000000000000000e+00 3.413746017296313199e-04 0.000000000000000000e+00
2.700000000000000000e+03 1.080068674521181826e-01 4.210286754665453109e-03 9.957897132453344957e-01 0.000000000000000000e+00 0.000000000000000000e+00 0.000000000000000000e+00
2.725000000000000000e+03 1.090069310396377666e-01 1.103777878925807886e-02 9.881656804733728316e-01 0.000000000000000000e+00 7.965407373691396923e-04 0.000000000000000000e+00
2.750000000000000000e+03 1.100069946271573507e-01 5.917159763313609329e-03 9.936276741010469093e-01 0.000000000000000000e+00 4.551661356395084266e-04 0.000000000000000000e+00
2.775000000000000000e+03 1.110070582146769347e-01 1.206190259444697363e-02 9.877105143377332697e-01 0.000000000000000000e+00 2.275830678197542133e-04 0.000000000000000000e+00
2.800000000000000000e+03 1.120071218021965187e-01 1.081019572143832562e-02 9.885070550751023921e-01 0.000000000000000000e+00 6.827492034592626399e-04 0.000000000000000000e+00
2.825000000000000000e+03 1.130071853897163248e-01 8.761948111060537808e-03 9.905553026854801990e-01 0.000000000000000000e+00 6.827492034592626399e-04 0.000000000000000000e+00
2.850000000000000000e+03 1.140072489772359088e-01 1.706873008648156567e-02 9.815657715065999600e-01 0.000000000000000000e+00 1.365498406918525280e-03 0.000000000000000000e+00
2.875000000000000000e+03 1.150073125647554928e-01 1.194811106053709528e-02 9.862312243969049153e-01 0.000000000000000000e+00 1.820664542558033706e-03 0.000000000000000000e+00
2.900000000000000000e+03 1.160073761522750768e-01 1.923076923076923184e-02 9.782658170232134687e-01 0.000000000000000000e+00 2.503413746017296455e-03 0.000000000000000000e+00
2.925000000000000000e+03 1.170074397397946608e-01 2.913063268092853930e-02 9.657487482931269573e-01 0.000000000000000000e+00 5.120619025944469528e-03 0.000000000000000000e+00
2.950000000000000000e+03 1.180075033273142449e-01 3.800637232589895026e-02 9.492489758761948337e-01 0.000000000000000000e+00 1.274465179790623508e-02 0.000000000000000000e+00
2.975000000000000000e+03 1.190075669148338289e-01 5.518889394629039602e-02 9.091943559399180419e-01 0.000000000000000000e+00 3.561675011379153433e-02 0.000000000000000000e+00
3.000000000000000000e+03 1.200076305023534129e-01 9.353664087391898307e-02 8.235093309057806010e-01 0.000000000000000000e+00 8.295402822030041590e-02 0.000000000000000000e+00
3.025000000000000000e+03 1.210076940898732190e-01 1.271051433773327244e-01 6.854802002730996380e-01 1.137915339098771066e-04 1.873008648156577194e-01 0.000000000000000000e+00
3.050000000000000000e+03 1.220077576773928030e-01 2.141556668183887124e-01 4.623350022758306865e-01 1.137915339098771066e-04 3.233955393718707105e-01 0.000000000000000000e+00
3.075000000000000000e+03 1.230078212649123870e-01 3.007510241238051663e-01 2.760582612653618706e-01 9.103322712790168532e-04 4.222803823395539502e-01 0.000000000000000000e+00
3.100000000000000000e+03 1.240078848524319710e-01 3.599226217569412856e-01 1.676149294492489672e-01 4.551661356395084266e-04 4.720072826581702130e-01 0.000000000000000000e+00
3.125000000000000000e+03 1.250079484399515550e-01 3.734638142922166448e-01 1.406463359126081114e-01 5.689576695493854790e-04 4.853208921256258468e-01 0.000000000000000000e+00
3.150000000000000000e+03 1.260080120274711390e-01 3.512744651797906070e-01 1.778561675011379184e-01 2.275830678197542133e-04 4.706417842512516936e-01 0.000000000000000000e+00
3.175000000000000000e+03 1.270080756149907231e-01 3.303368229403732537e-01 2.302002730996813851e-01 1.137915339098771066e-04 4.393491124260355263e-01 0.000000000000000000e+00
3.200000000000000000e+03 1.280081392025105291e-01 3.395539371870732737e-01 2.330450614474283144e-01 1.137915339098771066e-04 4.272872098315885214e-01 0.000000000000000000e+00
3.225000000000000000e+03 1.290082027900301131e-01 3.711879836140191125e-01 2.039144287664997612e-01 1.706873008648156654e-03 4.231907146108329631e-01 0.000000000000000000e+00
3.250000000000000000e+03 1.300082663775496972e-01 3.806326809285389134e-01 1.845698680018206528e-01 3.755120619025944465e-03 4.310423304506144637e-01 0.000000000000000000e+00
3.275000000000000000e+03 1.310083299650692812e-01 3.751706873008648357e-01 1.721665908056440597e-01 7.851615839781519654e-03 4.448111060537096040e-01 0.000000000000000000e+00
3.300000000000000000e+03 1.320083935525888652e-01 3.553709604005462208e-01 1.635184342284934089e-01 1.729631315430131891e-02 4.638142922166590965e-01 0.000000000000000000e+00
3.325000000000000000e+03 1.330084571401084492e-01 3.581019572143832597e-01 1.528220300409649512e-01 2.742375967228038308e-02 4.616522530723713991e-01 0.000000000000000000e+00
3.350000000000000000e+03 1.340085207276280332e-01 3.629949931725079404e-01 1.640873918980427781e-01 4.335457441966317910e-02 4.295630405097860538e-01 0.000000000000000000e+00
3.375000000000000000e+03 1.350085843151476173e-01 3.660673645880746507e-01 1.761492944924897552e-01 5.484751934456076616e-02 4.029358215748748417e-01 0.000000000000000000e+00
3.400000000000000000e+03 1.360086479026674233e-01 3.581019572143832597e-01 1.931042330450614408e-01 7.032316795630405570e-02 3.784706417842512716e-01 0.000000000000000000e+00
3.425000000000000000e+03 1.370087114901870073e-01 3.471779699590350488e-01 2.154073736913973691e-01 8.568502503413745475e-02 3.517296313154301135e-01 0.000000000000000000e+00
3.450000000000000000e+03 1.380087750777065914e-01 3.573054164770141372e-01 2.267865270823850588e-01 1.046882111970869333e-01 3.112198452435138707e-01 0.000000000000000000e+00
3.475000000000000000e+03 1.390088386652261754e-01 3.616294947655894210e-01 2.413518434228493492e-01 1.240327719617660418e-01 2.729858898497951603e-01 0.000000000000000000e+00
3.500000000000000000e+03 1.400089022527457594e-01 3.565088757396449592e-01 2.573964497041419941e-01 1.406463359126081114e-01 2.454483386436049075e-01 0.000000000000000000e+00
3.525000000000000000e+03 1.410089658402653434e-01 3.731224396904870289e-01 2.700273099681383959e-01 1.563495675921711403e-01 2.005006827492034627e-01 0.000000000000000000e+00
3.550000000000000000e+03 1.420090294277849274e-01 3.783568502503413811e-01 2.872098315885298070e-01 1.678425125170687204e-01 1.665908056440600915e-01 0.000000000000000000e+00
3.575000000000000000e+03 1.430090930153045115e-01 3.776741010468820936e-01 2.969959035047792240e-01 1.763768775603095085e-01 1.489531178880291185e-01 0.000000000000000000e+00
3.600000000000000000e+03 1.440091566028243175e-01 3.892808375056895920e-01 2.923304506144742687e-01 1.769458352298589054e-01 1.414428766499772339e-01 0.000000000000000000e+00
3.625000000000000000e+03 1.450092201903439015e-01 3.832498862084661173e-01 3.047337278106508895e-01 1.750113791533909890e-01 1.370050068274920319e-01 0.000000000000000000e+00
3.650000000000000000e+03 1.460092837778634856e-01 3.866636322257623881e-01 3.122439690487027741e-01 1.722803823395539502e-01 1.288120163859808875e-01 0.000000000000000000e+00
3.675000000000000000e+03 1.470093473653830696e-01 3.814292216659080359e-01 3.237369139736003820e-01 1.744424214838415921e-01 1.203914428766499761e-01 0.000000000000000000e+00
3.700000000000000000e+03 1.480094109529026536e-01 3.842740100136549652e-01 3.270368684569868178e-01 1.713700500682749095e-01 1.173190714610832935e-01 0.000000000000000000e+00
3.725000000000000000e+03 1.490094745404222376e-01 3.837050523441056238e-01 3.335229858898497990e-01 1.668183887118798447e-01 1.159535730541647741e-01 0.000000000000000000e+00
3.750000000000000000e+03 1.500095381279418216e-01 3.916704597177970149e-01 3.354574419663177154e-01 1.717114246700045532e-01 1.011606736458807443e-01 0.000000000000000000e+00
3.775000000000000000e+03 1.510096017154614056e-01 3.792671825216203940e-01 3.470641784251251583e-01 1.750113791533909890e-01 9.865725989986344480e-02 0.000000000000000000e+00
3.800000000000000000e+03 1.520096653029812117e-01 3.840464269458352398e-01 3.525261720527992915e-01 1.739872553482020856e-01 8.944014565316341092e-02 0.000000000000000000e+00
3.825000000000000000e+03 1.530097288905007957e-01 3.825671370050068298e-01 3.525261720527992915e-01 1.814974965862539702e-01 8.340919435593992237e-02 0.000000000000000000e+00
3.850000000000000000e+03 1.540097924780203797e-01 3.893946290395994270e-01 3.557123350022758368e-01 1.764906690942193990e-01 7.840236686390532339e-02 0.000000000000000000e+00
3.875000000000000000e+03 1.550098560655399638e-01 3.863222576240327721e-01 3.534365043240783044e-01 1.754665452890304955e-01 8.477469276285844180e-02 0.000000000000000000e+00
3.900000000000000000e+03 1.560099196530595478e-01 3.891670459717797015e-01 3.504779244424214846e-01 1.734182976786527164e-01 8.693673190714611143e-02 0.000000000000000000e+00
3.925000000000000000e+03 1.570099832405791318e-01 3.856395084205734847e-01 3.569640418752844657e-01 1.766044606281292617e-01 8.079198907601274626e-02 0.000000000000000000e+00
3.950000000000000000e+03 1.580100468280987158e-01 3.986117432862995025e-01 3.511606736458807720e-01 1.718252162039144160e-01 7.840236686390532339e-02 0.000000000000000000e+00
3.975000000000000000e+03 1.590101104156185219e-01 3.939462903959945472e-01 3.595812471552116696e-01 1.742148384160218388e-01 7.225762403277195822e-02 0.000000000000000000e+00
4.000000000000000000e+03 1.600101740031381059e-01 3.889394629039599205e-01 3.636777423759672279e-01 1.755803368229403860e-01 7.180245789713245175e-02 0.000000000000000000e+00
4.025000000000000000e+03 1.610102375906576899e-01 3.937187073281747662e-01 3.626536185707783244e-01 1.809285389167046010e-01 6.269913518434228061e-02 0.000000000000000000e+00
4.050000000000000000e+03 1.620103011781772739e-01 3.900773782430587144e-01 3.634501593081474469e-01 1.796768320436959443e-01 6.679563040509786664e-02 0.000000000000000000e+00
4.075000000000000000e+03 1.630103647656968580e-01 3.914428766499772339e-01 3.637915339098771184e-01 1.800182066454255880e-01 6.474738279472007363e-02 0.000000000000000000e+00
4.100000000000000000e+03 1.640104283532164420e-01 3.921256258534365213e-01 3.664087391898042667e-01 1.769458352298589054e-01 6.451979972690032039e-02 0.000000000000000000e+00
4.125000000000000000e+03 1.650104919407360260e-01 3.891670459717797015e-01 3.669776968593536637e-01 1.836595357305416398e-01 6.019572143832498806e-02 0.000000000000000000e+00
4.150000000000000000e+03 1.660105555282556100e-01 3.914428766499772339e-01 3.608329540282202985e-01 1.834319526627218866e-01 6.429221665908056715e-02 0.000000000000000000e+00
4.175000000000000000e+03 1.670106191157754161e-01 3.891670459717797015e-01 3.651570323167956378e-01 1.784251251706872876e-01 6.725079654073737312e-02 0.000000000000000000e+00
4.200000000000000000e+03 1.680106827032950001e-01 3.914428766499772339e-01 3.632225762403277214e-01 1.827492034592626269e-01 6.258534365043240399e-02 0.000000000000000000e+00
4.225000000000000000e+03 1.690107462908145841e-01 3.915566681838871244e-01 3.658397815202548697e-01 1.805871643149749572e-01 6.201638598088302090e-02 0.000000000000000000e+00
4.250000000000000000e+03 1.700108098783341681e-01 3.879153390987710726e-01 3.643604915794265153e-01 1.843422849340008995e-01 6.338188438780155420e-02 0.000000000000000000e+00
4.275000000000000000e+03 1.710108734658537522e-01 3.942876649977241632e-01 3.608329540282202985e-01 1.842284934000910368e-01 6.065088757396449454e-02 0.000000000000000000e+00
4.300000000000000000e+03 1.720109370533733362e-01 3.923532089212562468e-01 3.649294492489758568e-01 1.841147018661811463e-01 5.860263996358670846e-02 0.000000000000000000e+00
4.325000000000000000e+03 1.730110006408929202e-01 3.871187983614018946e-01 3.669776968593536637e-01 1.843422849340008995e-01 6.156121984524351443e-02 0.000000000000000000e+00
4.350000000000000000e+03 1.740110642284125042e-01 3.840464269458352398e-01 3.683431952662721831e-01 1.887801547564861293e-01 5.883022303140646170e-02 0.000000000000000000e+00
4.375000000000000000e+03 1.750111278159323103e-01 3.806326809285389134e-01 3.743741465634956578e-01 1.885525716886663761e-01 5.644060081929904577e-02 0.000000000000000000e+00
4.400000000000000000e+03 1.760111914034518943e-01 3.824533454710969393e-01 3.732362312243969193e-01 1.913973600364132777e-01 5.291306326809285671e-02 0.000000000000000000e+00
4.425000000000000000e+03 1.770112549909714783e-01 3.874601729631315661e-01 3.706190259444697155e-01 1.862767410104688159e-01 5.564406008192990249e-02 0.000000000000000000e+00
4.450000000000000000e+03 1.780113185784910623e-01 3.785844333181611066e-01 3.724396904870277414e-01 1.919663177059626746e-01 5.700955848884842886e-02 0.000000000000000000e+00
4.475000000000000000e+03 1.790113821660106463e-01 3.829085116067364458e-01 3.728948566226672479e-01 1.906008192990441552e-01 5.359581247155211642e-02 0.000000000000000000e+00
4.500000000000000000e+03 1.800114457535302304e-01 3.812016385980883104e-01 3.764223941738734647e-01 1.885525716886663761e-01 5.382339553937186966e-02 0.000000000000000000e+00
4.525000000000000000e+03 1.810115093410498144e-01 3.823395539371870488e-01 3.774465179790623681e-01 1.899180700955848955e-01 5.029585798816568060e-02 0.000000000000000000e+00
4.550000000000000000e+03 1.820115729285693984e-01 3.813154301319982009e-01 3.779016841147018746e-01 1.911697769685935244e-01 4.961310878470642088e-02 0.000000000000000000e+00
4.575000000000000000e+03 1.830116365160892045e-01 3.848429676832043622e-01 3.807464724624488039e-01 1.865043240782885692e-01 4.790623577605826466e-02 0.000000000000000000e+00
4.600000000000000000e+03 1.840117001036087885e-01 3.847291761492944717e-01 3.792671825216203940e-01 1.874146563495675821e-01 4.858898497951752438e-02 0.000000000000000000e+00
4.625000000000000000e+03 1.850117636911283725e-01 3.862084660901228816e-01 3.786982248520709970e-01 1.851388256713700498e-01 4.995448338643605074e-02 0.000000000000000000e+00
4.650000000000000000e+03 1.860118272786479565e-01 3.832498862084661173e-01 3.806326809285389134e-01 1.853664087391898030e-01 5.075102412380518707e-02 0.000000000000000000e+00
4.675000000000000000e+03 1.870118908661675405e-01 3.804050978607191880e-01 3.812016385980883104e-01 1.871870732817478289e-01 5.120619025944470049e-02 0.000000000000000000e+00
4.700000000000000000e+03 1.880119544536871246e-01 3.823395539371870488e-01 3.799499317250796815e-01 1.870732817478379661e-01 5.063723258989531045e-02 0.000000000000000000e+00
4.725000000000000000e+03 1.890120180412067086e-01 3.840464269458352398e-01 3.797223486572599005e-01 1.892353208921256358e-01 4.699590350477924477e-02 0.000000000000000000e+00
4.750000000000000000e+03 1.900120816287265146e-01 3.759672280382339582e-01 3.810878470641784199e-01 1.911697769685935244e-01 5.177514792899408358e-02 0.000000000000000000e+00
4.775000000000000000e+03 1.910121452162460987e-01 3.749431042330450548e-01 3.833636777423759523e-01 1.936731907146108378e-01 4.802002730996814128e-02 0.000000000000000000e+00
4.800000000000000000e+03 1.920122088037656827e-01 3.818843878015475424e-01 3.805188893946290229e-01 1.913973600364132777e-01 4.619936276741010150e-02 0.000000000000000000e+00
4.825000000000000000e+03 1.930122723912852667e-01 3.740327719617660418e-01 3.839326354119253493e-01 1.929904415111515781e-01 4.904415111515703085e-02 0.000000000000000000e+00
4.850000000000000000e+03 1.940123359788048507e-01 3.764223941738734647e-01 3.858670914883932657e-01 1.895766954938552518e-01 4.813381884387801790e-02 0.000000000000000000e+00
4.875000000000000000e+03 1.950123995663244347e-01 3.675466545289030607e-01 3.865498406918525531e-01 1.953800637232590010e-01 5.052344105598543383e-02 0.000000000000000000e+00
4.900000000000000000e+03 1.960124631538440187e-01 3.694811106053709771e-01 3.899635867091488239e-01 1.943559399180700975e-01 4.619936276741010150e-02 0.000000000000000000e+00
4.925000000000000000e+03 1.970125267413636028e-01 3.800637232589895165e-01 3.866636322257623881e-01 1.886663632225762388e-01 4.460628129267182190e-02 0.000000000000000000e+00
4.950000000000000000e+03 1.980125903288834088e-01 3.734638142922166448e-01 3.884842967683204140e-01 1.926490669094219343e-01 4.540282203004096517e-02 0.000000000000000000e+00
4.975000000000000000e+03 1.990126539164029928e-01 3.728948566226672479e-01 3.905325443786982209e-01 1.913973600364132777e-01 4.517523896222121194e-02 0.000000000000000000e+00
5.000000000000000000e+03 2.000127175039225769e-01 3.694811106053709771e-01 3.872325898953117851e-01 1.898042785616750050e-01 5.348202093764223980e-02 0.000000000000000000e+00
5.025000000000000000e+03 2.010127810914421609e-01 3.753982703686845612e-01 3.899635867091488239e-01 1.876422394173873354e-01 4.699590350477924477e-02 0.000000000000000000e+00
5.050000000000000000e+03 2.020128446789617449e-01 3.681156121984524576e-01 3.929221665908056438e-01 1.909421939007737712e-01 4.802002730996814128e-02 0.000000000000000000e+00
5.075000000000000000e+03 2.030129082664813289e-01 3.701638598088302090e-01 3.929221665908056438e-01 1.911697769685935244e-01 4.574419663177059503e-02 0.000000000000000000e+00
5.100000000000000000e+03 2.040129718540009129e-01 3.659535730541647602e-01 3.939462903959945472e-01 1.951524806554392477e-01 4.494765589440145870e-02 0.000000000000000000e+00
5.125000000000000000e+03 2.050130354415204970e-01 3.733500227583067543e-01 3.924670004551661373e-01 1.928766499772416876e-01 4.130632680928538608e-02 0.000000000000000000e+00
5.150000000000000000e+03 2.060130990290403030e-01 3.739189804278561513e-01 3.920118343195266308e-01 1.896904870277651423e-01 4.437869822485206867e-02 0.000000000000000000e+00
5.175000000000000000e+03 2.070131626165598870e-01 3.759672280382339582e-01 3.916704597177970149e-01 1.890077378243058825e-01 4.335457441966317910e-02 0.000000000000000000e+00
5.200000000000000000e+03 2.080132262040794711e-01 3.708466090122894965e-01 3.950842057350932857e-01 1.924214838416021811e-01 4.164770141101502288e-02 0.000000000000000000e+00
5.225000000000000000e+03 2.090132897915990551e-01 3.692535275375511961e-01 3.973600364132908735e-01 1.933318161128811941e-01 4.005461993627674328e-02 0.000000000000000000e+00
5.250000000000000000e+03 2.100133533791186391e-01 3.685707783340919641e-01 3.984979517523896120e-01 1.904870277651342647e-01 4.244424214838415921e-02 0.000000000000000000e+00
5.275000000000000000e+03 2.110134169666382231e-01 3.599226217569412856e-01 4.045289030496130867e-01 1.965179790623577671e-01 3.903049613108784677e-02 0.000000000000000000e+00
5.300000000000000000e+03 2.120134805541578071e-01 3.637915339098771184e-01 4.079426490669094130e-01 1.918525261720528119e-01 3.641329085116067066e-02 0.000000000000000000e+00
5.325000000000000000e+03 2.130135441416773912e-01 3.584433318161128756e-01 4.126081019572143682e-01 1.936731907146108378e-01 3.527537551206190447e-02 0.000000000000000000e+00
5.350000000000000000e+03 2.140136077291971972e-01 3.633363677742376119e-01 4.062357760582612776e-01 1.937869822485207005e-01 3.664087391898043083e-02 0.000000000000000000e+00
5.375000000000000000e+03 2.150136713167167812e-01 3.634501593081474469e-01 4.039599453800637452e-01 1.921939007737824279e-01 4.039599453800637313e-02 0.000000000000000000e+00
5.400000000000000000e+03 2.160137349042363653e-01 3.591260810195721631e-01 4.021392808375056638e-01 1.961766044606281234e-01 4.255803368229403583e-02 0.000000000000000000e+00
5.425000000000000000e+03 2.170137984917559493e-01 3.611743286299499145e-01 4.073736913973600160e-01 1.920801092398725651e-01 3.937187073281747662e-02 0.000000000000000000e+00
5.450000000000000000e+03 2.180138620792755333e-01 3.593536640873918886e-01 4.041875284478834707e-01 1.940145653163404538e-01 4.244424214838415921e-02 0.000000000000000000e+00
5.475000000000000000e+03 2.190139256667951173e-01 3.579881656804733692e-01 4.076012744651797970e-01 1.929904415111515781e-01 4.142011834319526964e-02 0.000000000000000000e+00
5.500000000000000000e+03 2.200139892543147013e-01 3.656121984524351443e-01 4.098771051433773294e-01 1.901456531634046487e-01 3.436504324078288458e-02 0.000000000000000000e+00
5.525000000000000000e+03 2.210140528418342853e-01 3.584433318161128756e-01 4.103322712790168358e-01 1.948111060537096040e-01 3.641329085116067066e-02 0.000000000000000000e+00
5.550000000000000000e+03 2.220141164293540914e-01 3.639053254437870089e-01 4.076012744651797970e-01 1.903732362312244020e-01 3.812016385980882688e-02 0.000000000000000000e+00
5.575000000000000000e+03 2.230141800168736754e-01 3.724396904870277414e-01 4.038461538461538547e-01 1.893491124260354985e-01 3.436504324078288458e-02 0.000000000000000000e+00
5.600000000000000000e+03 2.240142436043932594e-01 3.602639963586709015e-01 4.120391442876649712e-01 1.937869822485207005e-01 3.390987710514337811e-02 0.000000000000000000e+00
5.625000000000000000e+03 2.250143071919128435e-01 3.594674556213017791e-01 4.136322257624032717e-01 1.888939462903959920e-01 3.800637232589895026e-02 0.000000000000000000e+00
5.650000000000000000e+03 2.260143707794324275e-01 3.599226217569412856e-01 4.129494765589440397e-01 1.887801547564861293e-01 3.823395539371871044e-02 1.137915339098771066e-04
5.675000000000000000e+03 2.270144343669520115e-01 3.587847064178424916e-01 4.139736003641328876e-01 1.895766954938552518e-01 3.766499772416932040e-02 0.000000000000000000e+00
