# itime ezz other fcc hcp bcc ico
0.000000000000000000e+00 0.000000000000000000e+00 0.000000000000000000e+00 1.000000000000000000e+00 0.000000000000000000e+00 0.000000000000000000e+00 0.000000000000000000e+00
5.000000000000000000e+01 1.999971717164150675e-03 0.000000000000000000e+00 1.000000000000000000e+00 0.000000000000000000e+00 0.000000000000000000e+00 0.000000000000000000e+00
1.000000000000000000e+02 3.999943434328079306e-03 0.000000000000000000e+00 1.000000000000000000e+00 0.000000000000000000e+00 0.000000000000000000e+00 0.000000000000000000e+00
1.500000000000000000e+02 5.999915151492229981e-03 0.000000000000000000e+00 1.000000000000000000e+00 0.000000000000000000e+00 0.000000000000000000e+00 0.000000000000000000e+00
2.000000000000000000e+02 7.999886868656380656e-03 0.000000000000000000e+00 1.000000000000000000e+00 0.000000000000000000e+00 0.000000000000000000e+00 0.000000000000000000e+00
2.500000000000000000e+02 9.999858585820309287e-03 0.000000000000000000e+00 1.000000000000000000e+00 0.000000000000000000e+00 0.000000000000000000e+00 0.000000000000000000e+00
3.000000000000000000e+02 1.199983030298445996e-02 0.000000000000000000e+00 1.000000000000000000e+00 0.000000000000000000e+00 0.000000000000000000e+00 0.000000000000000000e+00
3.500000000000000000e+02 1.399980202014861064e-02 0.000000000000000000e+00 1.000000000000000000e+00 0.000000000000000000e+00 0.000000000000000000e+00 0.000000000000000000e+00
4.000000000000000000e+02 1.599977373731276131e-02 0.000000000000000000e+00 1.000000000000000000e+00 0.000000000000000000e+00 0.000000000000000000e+00 0.000000000000000000e+00
4.500000000000000000e+02 1.799974545447668994e-02 0.000000000000000000e+00 1.000000000000000000e+00 0.000000000000000000e+00 0.000000000000000000e+00 0.000000000000000000e+00
5.000000000000000000e+02 1.999971717164084062e-02 0.000000000000000000e+00 1.000000000000000000e+00 0.000000000000000000e+00 0.000000000000000000e+00 0.000000000000000000e+00
5.500000000000000000e+02 2.199968888880499129e-02 0.000000000000000000e+00 1.000000000000000000e+00 0.000000000000000000e+00 0.000000000000000000e+00 0.000000000000000000e+00
6.000000000000000000e+02 2.399966060596891992e-02 0.000000000000000000e+00 1.000000000000000000e+00 0.000000000000000000e+00 0.000000000000000000e+00 0.000000000000000000e+00
6.500000000000000000e+02 2.599963232313307060e-02 0.000000000000000000e+00 1.000000000000000000e+00 0.000000000000000000e+00 0.000000000000000000e+00 0.000000000000000000e+00
7.000000000000000000e+02 2.799960404029722127e-02 0.000000000000000000e+00 1.000000000000000000e+00 0.000000000000000000e+00 0.000000000000000000e+00 0.000000000000000000e+00
7.500000000000000000e+02 2.999957575746114991e-02 0.000000000000000000e+00 1.000000000000000000e+00 0.000000000000000000e+00 0.000000000000000000e+00 0.000000000000000000e+00
8.000000000000000000e+02 3.199954747462530058e-02 0.000000000000000000e+00 1.000000000000000000e+00 0.000000000000000000e+00 0.000000000000000000e+00 0.000000000000000000e+00
8.500000000000000000e+02 3.399951919178945126e-02 0.000000000000000000e+00 1.000000000000000000e+00 0.000000000000000000e+00 0.000000000000000000e+00 0.000000000000000000e+00
9.000000000000000000e+02 3.599949090895360193e-02 0.000000000000000000e+00 1.000000000000000000e+00 0.000000000000000000e+00 0.000000000000000000e+00 0.000000000000000000e+00
9.500000000000000000e+02 3.799946262611753056e-02 0.000000000000000000e+00 1.000000000000000000e+00 0.000000000000000000e+00 0.000000000000000000e+00 0.000000000000000000e+00
1.000000000000000000e+03 3.999943434328168124e-02 0.000000000000000000e+00 1.000000000000000000e+00 0.000000000000000000e+00 0.000000000000000000e+00 0.000000000000000000e+00
1.050000000000000000e+03 4.199940606044583191e-02 0.000000000000000000e+00 1.000000000000000000e+00 0.000000000000000000e+00 0.000000000000000000e+00 0.000000000000000000e+00
1.100000000000000000e+03 4.399937777760976054e-02 0.000000000000000000e+00 1.000000000000000000e+00 0.000000000000000000e+00 0.000000000000000000e+00 0.000000000000000000e+00
1.150000000000000000e+03 4.599934949477391122e-02 0.000000000000000000e+00 1.000000000000000000e+00 0.000000000000000000e+00 0.000000000000000000e+00 0.000000000000000000e+00
1.200000000000000000e+03 4.799932121193806189e-02 0.000000000000000000e+00 1.000000000000000000e+00 0.000000000000000000e+00 0.000000000000000000e+00 0.000000000000000000e+00
1.250000000000000000e+03 4.999929292910199052e-02 0.000000000000000000e+00 1.000000000000000000e+00 0.000000000000000000e+00 0.000000000000000000e+00 0.000000000000000000e+00
1.300000000000000000e+03 5.199926464626614120e-02 0.000000000000000000e+00 1.000000000000000000e+00 0.000000000000000000e+00 0.000000000000000000e+00 0.000000000000000000e+00
1.350000000000000000e+03 5.399923636343029187e-02 0.000000000000000000e+00 1.000000000000000000e+00 0.000000000000000000e+00 0.000000000000000000e+00 0.000000000000000000e+00
1.400000000000000000e+03 5.599920808059444255e-02 0.000000000000000000e+00 1.000000000000000000e+00 0.000000000000000000e+00 0.000000000000000000e+00 0.000000000000000000e+00
1.450000000000000000e+03 5.799917979775837118e-02 0.000000000000000000e+00 1.000000000000000000e+00 0.000000000000000000e+00 0.000000000000000000e+00 0.000000000000000000e+00
1.500000000000000000e+03 5.999915151492252186e-02 0.000000000000000000e+00 1.000000000000000000e+00 0.000000000000000000e+00 0.000000000000000000e+00 0.000000000000000000e+00
1.550000000000000000e+03 6.199912323208667253e-02 0.000000000000000000e+00 1.000000000000000000e+00 0.000000000000000000e+00 0.000000000000000000e+00 0.000000000000000000e+00
1.600000000000000000e+03 6.399909494925060116e-02 0.000000000000000000e+00 1.000000000000000000e+00 0.000000000000000000e+00 0.000000000000000000e+00 0.000000000000000000e+00
1.650000000000000000e+03 6.599906666641475184e-02 0.000000000000000000e+00 1.000000000000000000e+00 0.000000000000000000e+00 0.000000000000000000e+00 0.000000000000000000e+00
1.700000000000000000e+03 6.799903838357890251e-02 0.000000000000000000e+00 1.000000000000000000e+00 0.000000000000000000e+00 0.000000000000000000e+00 0.000000000000000000e+00
1.750000000000000000e+03 6.999901010074283114e-02 1.137915339098771066e-04 9.998862084660901095e-01 0.000000000000000000e+00 0.000000000000000000e+00 0.000000000000000000e+00
1.800000000000000000e+03 7.199898181790698182e-02 0.000000000000000000e+00 1.000000000000000000e+00 0.000000000000000000e+00 0.000000000000000000e+00 0.000000000000000000e+00
1.850000000000000000e+03 7.399895353507113249e-02 1.137915339098771066e-04 9.998862084660901095e-01 0.000000000000000000e+00 0.000000000000000000e+00 0.000000000000000000e+00
1.900000000000000000e+03 7.599892525223528317e-02 0.000000000000000000e+00 1.000000000000000000e+00 0.000000000000000000e+00 0.000000000000000000e+00 0.000000000000000000e+00
1.950000000000000000e+03 7.799889696939921180e-02 0.000000000000000000e+00 1.000000000000000000e+00 0.000000000000000000e+00 0.000000000000000000e+00 0.000000000000000000e+00
2.000000000000000000e+03 7.999886868656336247e-02 1.137915339098771066e-04 9.998862084660901095e-01 0.000000000000000000e+00 0.000000000000000000e+00 0.000000000000000000e+00
2.050000000000000000e+03 8.199884040372751315e-02 1.365498406918525280e-03 9.985207100591716456e-01 0.000000000000000000e+00 1.137915339098771066e-04 0.000000000000000000e+00
2.100000000000000000e+03 8.399881212089144178e-02 2.275830678197542133e-04 9.997724169321802190e-01 0.000000000000000000e+00 0.000000000000000000e+00 0.000000000000000000e+00
2.150000000000000000e+03 8.599878383805559245e-02 7.965407373691396923e-04 9.992034592626308775e-01 0.000000000000000000e+00 0.000000000000000000e+00 0.000000000000000000e+00
2.200000000000000000e+03 8.799875555521974313e-02 3.413746017296313199e-04 9.995448338643604380e-01 0.000000000000000000e+00 1.137915339098771066e-04 0.000000000000000000e+00
2.250000000000000000e+03 8.999872727238367176e-02 1.365498406918525280e-03 9.986345015930814251e-01 0.000000000000000000e+00 0.000000000000000000e+00 0.000000000000000000e+00
2.300000000000000000e+03 9.199869898954782244e-02 2.048247610377787811e-03 9.978379608557123026e-01 0.000000000000000000e+00 1.137915339098771066e-04 0.000000000000000000e+00
2.350000000000000000e+03 9.399867070671197311e-02 1.137915339098770958e-03 9.987482931269913156e-01 0.000000000000000000e+00 1.137915339098771066e-04 0.000000000000000000e+00
2.400000000000000000e+03 9.599864242387590174e-02 1.934456076467910759e-03 9.978379608557123026e-01 0.000000000000000000e+00 2.275830678197542133e-04 0.000000000000000000e+00
2.450000000000000000e+03 9.799861414104005242e-02 2.389622212107419402e-03 9.974965862539827421e-01 0.000000000000000000e+00 1.137915339098771066e-04 0.000000000000000000e+00
2.500000000000000000e+03 9.999858585820420309e-02 2.503413746017296455e-03 9.971552116522530707e-01 0.000000000000000000e+00 3.413746017296313199e-04 0.000000000000000000e+00
2.550000000000000000e+03 1.019985575753683538e-01 1.706873008648156654e-03 9.982931269913518646e-01 0.000000000000000000e+00 0.000000000000000000e+00 0.000000000000000000e+00
2.600000000000000000e+03 1.039985292925322824e-01 2.958579881656804664e-03 9.970414201183431802e-01 0.000000000000000000e+00 0.000000000000000000e+00 0.000000000000000000e+00
2.650000000000000000e+03 1.059985010096964331e-01 5.234410559854347014e-03 9.946517979062358128e-01 0.000000000000000000e+00 1.137915339098771066e-04 0.000000000000000000e+00
2.700000000000000000e+03 1.079984727268605837e-01 6.258534365043240920e-03 9.935138825671370189e-01 0.000000000000000000e+00 2.275830678197542133e-04 0.000000000000000000e+00
2.750000000000000000e+03 1.099984444440245124e-01 7.510241238051888930e-03 9.918070095584888834e-01 0.000000000000000000e+00 6.827492034592626399e-04 0.000000000000000000e+00
2.800000000000000000e+03 1.119984161611886631e-01 1.228948566226672687e-02 9.870277651342740377e-01 0.000000000000000000e+00 6.827492034592626399e-04 0.000000000000000000e+00
2.850000000000000000e+03 1.139983878783528137e-01 1.433773327264451468e-02 9.847519344560764498e-01 0.000000000000000000e+00 9.103322712790168532e-04 0.000000000000000000e+00
2.900000000000000000e+03 1.159983595955167424e-01 2.218934911242603433e-02 9.764451524806554428e-01 0.000000000000000000e+00 1.365498406918525280e-03 0.000000000000000000e+00
2.950000000000000000e+03 1.179983313126808930e-01 3.163404642694583185e-02 9.617660446062813451e-01 0.000000000000000000e+00 6.599908966772872511e-03 0.000000000000000000e+00
3.000000000000000000e+03 1.199983030298450437e-01 7.271279016841146470e-02 8.857532999544833752e-01 0.000000000000000000e+00 4.153390987710514626e-02 0.000000000000000000e+00
3.050000000000000000e+03 1.219982747470091944e-01 1.873008648156577194e-01 5.741920801092398330e-01 0.000000000000000000e+00 2.385070550751024199e-01 0.000000000000000000e+00
3.100000000000000000e+03 1.239982464641731230e-01 3.315885298133818826e-01 1.824078288575330109e-01 4.551661356395084266e-04 4.855484751934456278e-01 0.000000000000000000e+00
3.150000000000000000e+03 1.259982181813372737e-01 3.593536640873918886e-01 9.911242603550296515e-02 1.706873008648156654e-03 5.398270368684570109e-01 0.000000000000000000e+00
3.200000000000000000e+03 1.279981898985014244e-01 3.522985889849795105e-01 1.517979062357760478e-01 2.253072371415566766e-02 4.733727810650887324e-01 0.000000000000000000e+00
3.250000000000000000e+03 1.299981616156653530e-01 4.156804733727810786e-01 1.755803368229403860e-01 6.827492034592626269e-02 3.404642694583522866e-01 0.000000000000000000e+00
3.300000000000000000e+03 1.319981333328295037e-01 4.131770596267637652e-01 2.066454255803368278e-01 1.198224852071005930e-01 2.603550295857988139e-01 0.000000000000000000e+00
3.350000000000000000e+03 1.339981050499936543e-01 4.245562130177514826e-01 2.160901228948566288e-01 1.810423304506144637e-01 1.783113336367774249e-01 0.000000000000000000e+00
3.400000000000000000e+03 1.359980767671575830e-01 4.475421028675466428e-01 2.119936276741010428e-01 2.299726900318616318e-01 1.104915794264906687e-01 0.000000000000000000e+00
3.450000000000000000e+03 1.379980484843217337e-01 4.310423304506144637e-01 2.269003186162949492e-01 2.534137460172963263e-01 8.864360491579426071e-02 0.000000000000000000e+00
3.500000000000000000e+03 1.399980202014858843e-01 4.330905780609922706e-01 2.339553937187073274e-01 2.537551206190259423e-01 7.919890760127445972e-02 0.000000000000000000e+00
3.550000000000000000e+03 1.419979919186500350e-01 4.209148839326354308e-01 2.490896677287209870e-01 2.600136549840691980e-01 6.998179335457442585e-02 0.000000000000000000e+00
3.600000000000000000e+03 1.439979636358139636e-01 3.958807464724624636e-01 2.727583067819754348e-01 2.597860719162494170e-01 7.157487482931269851e-02 0.000000000000000000e+00
3.650000000000000000e+03 1.459979353529781143e-01 3.870050068274920596e-01 2.969959035047792240e-01 2.531861629494765453e-01 6.281292671825215723e-02 0.000000000000000000e+00
3.700000000000000000e+03 1.479979070701422650e-01 3.689121529358215801e-01 3.109922621756941452e-01 2.680928538916704795e-01 5.200273099681383682e-02 0.000000000000000000e+00
3.750000000000000000e+03 1.499978787873061936e-01 3.698224852071005930e-01 3.136094674556212936e-01 2.667273554847519601e-01 4.984069185252617412e-02 0.000000000000000000e+00
3.800000000000000000e+03 1.519978505044703443e-01 3.659535730541647602e-01 3.252162039144287919e-01 2.510241238051889034e-01 5.780609922621757213e-02 0.000000000000000000e+00
3.850000000000000000e+03 1.539978222216344950e-01 3.736913973600364258e-01 3.328402366863905115e-01 2.397587619481110488e-01 5.370960400546199304e-02 0.000000000000000000e+00
3.900000000000000000e+03 1.559977939387984236e-01 3.731224396904870289e-01 3.435366408739189970e-01 2.297451069640418786e-01 5.359581247155211642e-02 0.000000000000000000e+00
3.950000000000000000e+03 1.579977656559625743e-01 3.687983614019116896e-01 3.497951752389621971e-01 2.238279472007282667e-01 5.757851615839781195e-02 0.000000000000000000e+00
4.000000000000000000e+03 1.599977373731267249e-01 3.554847519344560558e-01 3.652708238507055283e-01 2.222348657259899940e-01 5.700955848884842886e-02 0.000000000000000000e+00
4.050000000000000000e+03 1.619977090902906536e-01 3.454710969503869133e-01 3.711879836140191125e-01 2.240555302685480199e-01 5.928538916704597511e-02 0.000000000000000000e+00
4.100000000000000000e+03 1.639976808074548043e-01 3.410332271279016836e-01 3.764223941738734647e-01 2.193900773782430647e-01 6.315430131998178709e-02 0.000000000000000000e+00
4.150000000000000000e+03 1.659976525246189549e-01 3.409194355939917931e-01 3.838188438780154588e-01 2.177969959035047920e-01 5.746472462448793533e-02 0.000000000000000000e+00
4.200000000000000000e+03 1.679976242417831056e-01 3.295402822030040757e-01 3.936049157942649313e-01 2.296313154301319881e-01 4.722348657259899801e-02 0.000000000000000000e+00
4.250000000000000000e+03 1.699975959589470342e-01 3.237369139736003820e-01 3.981565771506599960e-01 2.377105143377332697e-01 4.039599453800637313e-02 0.000000000000000000e+00
4.300000000000000000e+03 1.719975676761111849e-01 3.195266272189349332e-01 4.044151115157032517e-01 2.381656804733727761e-01 3.789258079198907364e-02 0.000000000000000000e+00
4.350000000000000000e+03 1.739975393932753356e-01 3.169094219390077294e-01 4.157942649066909691e-01 2.317933545744196577e-01 3.550295857988165771e-02 0.000000000000000000e+00
4.400000000000000000e+03 1.759975111104392642e-01 3.107646791078743642e-01 4.219390077378242787e-01 2.303140646335912478e-01 3.698224852071006069e-02 0.000000000000000000e+00
4.450000000000000000e+03 1.779974828276034149e-01 3.113336367774237612e-01 4.210286754665452658e-01 2.308830223031406448e-01 3.675466545289030745e-02 0.000000000000000000e+00
4.500000000000000000e+03 1.799974545447675656e-01 3.090578060992262288e-01 4.278561675011379184e-01 2.333864360491579304e-01 2.969959035047792587e-02 0.000000000000000000e+00
4.550000000000000000e+03 1.819974262619314942e-01 3.062130177514792995e-01 4.325216203914428736e-01 2.258761948111060458e-01 3.538916704597178109e-02 0.000000000000000000e+00
4.600000000000000000e+03 1.839973979790956449e-01 3.032544378698224796e-01 4.416249431042330587e-01 2.238279472007282667e-01 3.129267182521620200e-02 0.000000000000000000e+00
4.650000000000000000e+03 1.859973696962597955e-01 2.987027765134274149e-01 4.449248975876194945e-01 2.275830678197542090e-01 2.878925807919890598e-02 0.000000000000000000e+00
4.700000000000000000e+03 1.879973414134239462e-01 2.960855712335002110e-01 4.487938097405553273e-01 2.234865725989986229e-01 3.163404642694583185e-02 0.000000000000000000e+00
4.750000000000000000e+03 1.899973131305878749e-01 2.901684114701866268e-01 4.565316340464269373e-01 2.208693673190714746e-01 3.243058716431497512e-02 0.000000000000000000e+00
4.800000000000000000e+03 1.919972848477520255e-01 2.853891670459717811e-01 4.741693218024579104e-01 2.086936731907146070e-01 3.174783796085571541e-02 0.000000000000000000e+00
4.850000000000000000e+03 1.939972565649161762e-01 2.735548475193445572e-01 4.998862084660901095e-01 1.962903959945380139e-01 3.026854802002730896e-02 0.000000000000000000e+00
4.900000000000000000e+03 1.959972282820801048e-01 2.645653163404642627e-01 5.197997269003186149e-01 1.901456531634046487e-01 2.548930359581247015e-02 0.000000000000000000e+00
4.950000000000000000e+03 1.979971999992442555e-01 2.489758761948110966e-01 5.403959945380063523e-01 1.961766044606281234e-01 1.445152480655439303e-02 0.000000000000000000e+00
5.000000000000000000e+03 1.999971717164084062e-01 2.394173873463814328e-01 5.494993172507965928e-01 1.968593536640873831e-01 1.422394173873463806e-02 0.000000000000000000e+00
5.050000000000000000e+03 2.019971434335723348e-01 2.349795175238962308e-01 5.679335457441966328e-01 1.868456986800182129e-01 1.024123805188893906e-02 0.000000000000000000e+00
5.100000000000000000e+03 2.039971151507364855e-01 2.200728265817023244e-01 5.912608101957214091e-01 1.791078743741465751e-01 9.558488848429677609e-03 0.000000000000000000e+00
5.150000000000000000e+03 2.059970868679006362e-01 2.055075102412380617e-01 6.120846609012289274e-01 1.753527537551206328e-01 7.055075102412380721e-03 0.000000000000000000e+00
5.200000000000000000e+03 2.079970585850647868e-01 1.959490213928083702e-01 6.200500682749203740e-01 1.766044606281292617e-01 7.396449704142011444e-03 0.000000000000000000e+00
5.250000000000000000e+03 2.099970303022287155e-01 1.936731907146108378e-01 6.242603550295857673e-01 1.767182521620391522e-01 5.348202093764223633e-03 0.000000000000000000e+00
5.300000000000000000e+03 2.119970020193928661e-01 1.876422394173873354e-01 6.294947655894401750e-01 1.762630860263996457e-01 6.599908966772872511e-03 0.000000000000000000e+00
5.350000000000000000e+03 2.139969737365570168e-01 1.778561675011379184e-01 6.357532999544833752e-01 1.796768320436959443e-01 6.713700500682749130e-03 0.000000000000000000e+00
5.400000000000000000e+03 2.159969454537209455e-01 1.755803368229403860e-01 6.385980883022303045e-01 1.783113336367774249e-01 7.510241238051888930e-03 0.000000000000000000e+00
5.450000000000000000e+03 2.179969171708850961e-01 1.712562585343650468e-01 6.412152935821574529e-01 1.803595812471552040e-01 7.168866636322257339e-03 0.000000000000000000e+00
5.500000000000000000e+03 2.199968888880492468e-01 1.664770141101502010e-01 6.492944924897587899e-01 1.777423759672280279e-01 6.486117432862995025e-03 0.000000000000000000e+00
5.550000000000000000e+03 2.219968606052131754e-01 1.588529813381884259e-01 6.601046882111970548e-01 1.756941283568502488e-01 5.348202093764223633e-03 0.000000000000000000e+00
5.600000000000000000e+03 2.239968323223773261e-01 1.546426945835229771e-01 6.631770596267637652e-01 1.760355029585798925e-01 6.144742831133363434e-03 0.000000000000000000e+00
5.650000000000000000e+03 2.259968040395414768e-01 1.581702321347291662e-01 6.613563950842057393e-01 1.727355484751934567e-01 7.737824305871643035e-03 0.000000000000000000e+00
5.700000000000000000e+03 2.279967757567056275e-01 1.527082385070550885e-01 6.689804278561675144e-01 1.739872553482020856e-01 4.324078288575329727e-03 0.000000000000000000e+00
5.750000000000000000e+03 2.299967474738695561e-01 1.489531178880291185e-01 6.675011379153390489e-01 1.811561219845243542e-01 2.389622212107419402e-03 0.000000000000000000e+00
5.800000000000000000e+03 2.319967191910337068e-01 1.505461993627674189e-01 6.603322712790168358e-01 1.840009103322712836e-01 5.120619025944469528e-03 0.000000000000000000e+00
5.850000000000000000e+03 2.339966909081978574e-01 1.568047337278106468e-01 6.519116977696859383e-01 1.860491579426490627e-01 5.234410559854347014e-03 0.000000000000000000e+00
5.900000000000000000e+03 2.359966626253617861e-01 1.552116522530723741e-01 6.474738279472007640e-01 1.909421939007737712e-01 6.372325898953117539e-03 0.000000000000000000e+00
5.950000000000000000e+03 2.379966343425259367e-01 1.569185252617205373e-01 6.430359581247154788e-01 1.954938552571688637e-01 4.551661356395083832e-03 0.000000000000000000e+00
6.000000000000000000e+03 2.399966060596900874e-01 1.598771051433773294e-01 6.363222576240327166e-01 1.978834774692762866e-01 5.917159763313609329e-03 0.000000000000000000e+00
6.050000000000000000e+03 2.419965777768540161e-01 1.628356850250341492e-01 6.260810195721437932e-01 2.064178425125170746e-01 4.665452890304961318e-03 0.000000000000000000e+00
6.100000000000000000e+03 2.439965494940181667e-01 1.604460628129267263e-01 6.184569868001820181e-01 2.143832498862084657e-01 6.713700500682749130e-03 0.000000000000000000e+00
6.150000000000000000e+03 2.459965212111823174e-01 1.701183431952662806e-01 6.033227127901683584e-01 2.180245789713245452e-01 8.534365043240782836e-03 0.000000000000000000e+00
6.200000000000000000e+03 2.479964929283462460e-01 1.776285844333181652e-01 5.912608101957214091e-01 2.239417387346381294e-01 7.168866636322257339e-03 0.000000000000000000e+00
6.250000000000000000e+03 2.499964646455103967e-01 1.793354574419663283e-01 5.857988165680473314e-01 2.270141101502048120e-01 7.851615839781519654e-03 0.000000000000000000e+00
6.300000000000000000e+03 2.519964363626745474e-01 1.866181156121984597e-01 5.809057806099225951e-01 2.266727355484751960e-01 5.803368229403732710e-03 0.000000000000000000e+00
6.350000000000000000e+03 2.539964080798386981e-01 1.898042785616750050e-01 5.807919890760127046e-01 2.220072826581702408e-01 7.396449704142011444e-03 0.000000000000000000e+00
6.400000000000000000e+03 2.559963797970026267e-01 1.892353208921256358e-01 5.864815657715065633e-01 2.155211652253072319e-01 8.761948111060537808e-03 0.000000000000000000e+00
6.450000000000000000e+03 2.579963515141667774e-01 1.832043695949021334e-01 5.946745562130177909e-01 2.118798361401911801e-01 1.024123805188893906e-02 0.000000000000000000e+00
6.500000000000000000e+03 2.599963232313309280e-01 1.807009558488848477e-01 6.003641329085116496e-01 2.060764679107874309e-01 1.285844333181611343e-02 0.000000000000000000e+00
6.550000000000000000e+03 2.619962949484948567e-01 1.747837960855712358e-01 6.161811561219845412e-01 1.989076012744651900e-01 1.012744651797906244e-02 0.000000000000000000e+00
6.600000000000000000e+03 2.639962666656590073e-01 1.733045061447428259e-01 6.260810195721437932e-01 1.901456531634046487e-01 1.046882111970869403e-02 0.000000000000000000e+00
6.650000000000000000e+03 2.659962383828231580e-01 1.693218024578971304e-01 6.388256713700500855e-01 1.814974965862539702e-01 1.035502958579881741e-02 0.000000000000000000e+00
6.700000000000000000e+03 2.679962100999870867e-01 1.639736003641329154e-01 6.451979972690031762e-01 1.849112426035502965e-01 5.917159763313609329e-03 0.000000000000000000e+00
6.750000000000000000e+03 2.699961818171512373e-01 1.663632225762403383e-01 6.433773327264451503e-01 1.822940373236231204e-01 7.965407373691398007e-03 0.000000000000000000e+00
6.800000000000000000e+03 2.719961535343153880e-01 1.688666363222576239e-01 6.399635867091488795e-01 1.851388256713700498e-01 6.030951297223486815e-03 0.000000000000000000e+00
6.850000000000000000e+03 2.739961252514795387e-01 1.675011379153391045e-01 6.387118798361401950e-01 1.853664087391898030e-01 8.420573509330906217e-03 0.000000000000000000e+00
6.900000000000000000e+03 2.759960969686434673e-01 1.700045516613563901e-01 6.375739644970414011e-01 1.858215748748293095e-01 6.599908966772872511e-03 0.000000000000000000e+00
6.950000000000000000e+03 2.779960686858076180e-01 1.677287209831588577e-01 6.411015020482475624e-01 1.851388256713700498e-01 6.030951297223486815e-03 0.000000000000000000e+00
7.000000000000000000e+03 2.799960404029717687e-01 1.695493855257168836e-01 6.376877560309512916e-01 1.863905325443787064e-01 6.372325898953117539e-03 0.000000000000000000e+00
7.050000000000000000e+03 2.819960121201356973e-01 1.718252162039144160e-01 6.333636777423760078e-01 1.874146563495675821e-01 7.396449704142011444e-03 0.000000000000000000e+00
7.100000000000000000e+03 2.839959838372998480e-01 1.711424670004551563e-01 6.327947200728265553e-01 1.874146563495675821e-01 8.648156577150659455e-03 0.000000000000000000e+00
7.150000000000000000e+03 2.859959555544639986e-01 1.711424670004551563e-01 6.334774692762858983e-01 1.866181156121984597e-01 8.761948111060537808e-03 0.000000000000000000e+00
7.200000000000000000e+03 2.879959272716279273e-01 1.756941283568502488e-01 6.314292216659080914e-01 1.852526172052799402e-01 7.624032771961766417e-03 0.000000000000000000e+00
7.250000000000000000e+03 2.899958989887920779e-01 1.776285844333181652e-01 6.247155211652253293e-01 1.907146108329540179e-01 6.941283568502503235e-03 0.000000000000000000e+00
7.300000000000000000e+03 2.919958707059562286e-01 1.822940373236231204e-01 6.194811106053709215e-01 1.896904870277651423e-01 8.534365043240782836e-03 0.000000000000000000e+00
7.350000000000000000e+03 2.939958424231203793e-01 1.799044151115156975e-01 6.167501137915338827e-01 1.951524806554392477e-01 8.192990441511151245e-03 0.000000000000000000e+00
7.400000000000000000e+03 2.959958141402843079e-01 1.836595357305416398e-01 6.161811561219845412e-01 1.923076923076923184e-01 7.851615839781519654e-03 0.000000000000000000e+00
7.450000000000000000e+03 2.979957858574484586e-01 1.868456986800182129e-01 6.124260355029585989e-01 1.919663177059626746e-01 8.761948111060537808e-03 0.000000000000000000e+00
7.500000000000000000e+03 2.999957575746126093e-01 1.890077378243058825e-01 6.055985434683659463e-01 1.940145653163404538e-01 1.137915339098771045e-02 0.000000000000000000e+00
7.550000000000000000e+03 3.019957292917765379e-01 1.918525261720528119e-01 5.989986345015930747e-01 2.015248065543923661e-01 7.624032771961766417e-03 0.000000000000000000e+00
7.600000000000000000e+03 3.039957010089406886e-01 1.957214383249886169e-01 5.969503868912152678e-01 1.987938097405552995e-01 8.534365043240782836e-03 0.000000000000000000e+00
7.650000000000000000e+03 3.059956727261048393e-01 1.976558944014565333e-01 5.951297223486572419e-01 1.976558944014565333e-01 9.558488848429677609e-03 0.000000000000000000e+00
7.700000000000000000e+03 3.079956444432687679e-01 2.009558488848429691e-01 5.906918525261720676e-01 1.982248520710059303e-01 1.012744651797906244e-02 0.000000000000000000e+00
7.750000000000000000e+03 3.099956161604329186e-01 1.893491124260354985e-01 5.959262630860263643e-01 2.048247610377788019e-01 9.899863450159307465e-03 0.000000000000000000e+00
7.800000000000000000e+03 3.119955878775970692e-01 1.936731907146108378e-01 5.919435593991807520e-01 2.056213017751479244e-01 8.761948111060537808e-03 0.000000000000000000e+00
7.850000000000000000e+03 3.139955595947612199e-01 1.885525716886663761e-01 5.947883477469276814e-01 2.106281292671825234e-01 6.030951297223486815e-03 0.000000000000000000e+00
7.900000000000000000e+03 3.159955313119251485e-01 1.903732362312244020e-01 5.880746472462449193e-01 2.151797906235776159e-01 6.372325898953117539e-03 0.000000000000000000e+00
7.950000000000000000e+03 3.179955030290892992e-01 1.959490213928083702e-01 5.791989076012744597e-01 2.152935821574874786e-01 9.558488848429677609e-03 0.000000000000000000e+00
8.000000000000000000e+03 3.199954747462534499e-01 1.953800637232590010e-01 5.814747382794720476e-01 2.168866636322257513e-01 6.258534365043240920e-03 0.000000000000000000e+00
8.050000000000000000e+03 3.219954464634173785e-01 1.944697314519799602e-01 5.832954028220300735e-01 2.146108329540282189e-01 7.624032771961766417e-03 0.000000000000000000e+00
8.100000000000000000e+03 3.239954181805815292e-01 1.983386436049157930e-01 5.787437414656350088e-01 2.147246244879381094e-01 8.192990441511151245e-03 0.000000000000000000e+00
8.150000000000000000e+03 3.259953898977456799e-01 1.918525261720528119e-01 5.847746927628584279e-01 2.159763313609467383e-01 7.396449704142011444e-03 0.000000000000000000e+00
8.200000000000000000e+03 3.279953616149096085e-01 1.952662721893491105e-01 5.827264451524806210e-01 2.141556668183887124e-01 7.851615839781519654e-03 0.000000000000000000e+00
8.250000000000000000e+03 3.299953333320737592e-01 1.954938552571688637e-01 5.827264451524806210e-01 2.123350022758306865e-01 9.444697314519799256e-03 0.000000000000000000e+00
8.300000000000000000e+03 3.319953050492379099e-01 1.993627674101046965e-01 5.843195266272189770e-01 2.081247155211652378e-01 8.192990441511151245e-03 0.000000000000000000e+00
8.350000000000000000e+03 3.339952767664018385e-01 1.952662721893491105e-01 5.857988165680473314e-01 2.104005461993627701e-01 8.534365043240782836e-03 0.000000000000000000e+00
8.400000000000000000e+03 3.359952484835659892e-01 1.973145197997268896e-01 5.805644060081930347e-01 2.115384615384615363e-01 1.058261265361857065e-02 0.000000000000000000e+00
8.450000000000000000e+03 3.379952202007301398e-01 1.994765589440145592e-01 5.735093309057806010e-01 2.174556213017751483e-01 9.558488848429677609e-03 0.000000000000000000e+00
8.500000000000000000e+03 3.399951919178942905e-01 2.014110150204824756e-01 5.718024578971324656e-01 2.179107874374146547e-01 8.875739644970414427e-03 0.000000000000000000e+00
8.550000000000000000e+03 3.419951636350582191e-01 2.058488848429676776e-01 5.695266272189348777e-01 2.131315430131998090e-01 1.149294492489758707e-02 0.000000000000000000e+00
8.600000000000000000e+03 3.439951353522223698e-01 2.074419663177059503e-01 5.723714155666818071e-01 2.106281292671825234e-01 9.558488848429677609e-03 0.000000000000000000e+00
8.650000000000000000e+03 3.459951070693865205e-01 2.055075102412380617e-01 5.760127446517978589e-01 2.096040054619936199e-01 8.875739644970414427e-03 0.000000000000000000e+00
8.700000000000000000e+03 3.479950787865504491e-01 2.144970414201183562e-01 5.749886208466090665e-01 2.020937642239417353e-01 8.420573509330906217e-03 0.000000000000000000e+00
8.750000000000000000e+03 3.499950505037145998e-01 2.135867091488393155e-01 5.811333636777423761e-01 1.961766044606281234e-01 9.103322712790167665e-03 0.000000000000000000e+00
8.800000000000000000e+03 3.519950222208787505e-01 2.076695493855257035e-01 5.871643149749659063e-01 1.937869822485207005e-01 1.137915339098771045e-02 0.000000000000000000e+00
8.850000000000000000e+03 3.539949939380426791e-01 2.176832043695949015e-01 5.834091943559399640e-01 1.895766954938552518e-01 9.330905780609922637e-03 0.000000000000000000e+00
8.900000000000000000e+03 3.559949656552068298e-01 2.154073736913973691e-01 5.813609467455621571e-01 1.929904415111515781e-01 1.024123805188893906e-02 0.000000000000000000e+00
8.950000000000000000e+03 3.579949373723709805e-01 2.170004551661356418e-01 5.774920345926263243e-01 1.956076467910787542e-01 9.899863450159307465e-03 0.000000000000000000e+00
9.000000000000000000e+03 3.599949090895351311e-01 2.205279927173418308e-01 5.776058261265362148e-01 1.923076923076923184e-01 9.558488848429677609e-03 0.000000000000000000e+00
9.050000000000000000e+03 3.619948808066990598e-01 2.140418752844788219e-01 5.901228948566226151e-01 1.874146563495675821e-01 8.420573509330906217e-03 0.000000000000000000e+00
9.100000000000000000e+03 3.639948525238632104e-01 2.119936276741010428e-01 5.923987255348202030e-01 1.876422394173873354e-01 7.965407373691398007e-03 0.000000000000000000e+00
9.150000000000000000e+03 3.659948242410273611e-01 2.073281747837960876e-01 5.970641784251251583e-01 1.885525716886663761e-01 7.055075102412380721e-03 0.000000000000000000e+00
9.200000000000000000e+03 3.679947959581912897e-01 2.133591260810195622e-01 5.968365953573053773e-01 1.818388711879836139e-01 7.965407373691398007e-03 0.000000000000000000e+00
9.250000000000000000e+03 3.699947676753554404e-01 2.115384615384615363e-01 5.959262630860263643e-01 1.852526172052799402e-01 7.282658170232134826e-03 0.000000000000000000e+00
9.300000000000000000e+03 3.719947393925195911e-01 2.105143377332726329e-01 5.921711424670004220e-01 1.892353208921256358e-01 8.079198907601274626e-03 0.000000000000000000e+00
9.350000000000000000e+03 3.739947111096835197e-01 2.129039599453800558e-01 5.856850250341374409e-01 1.931042330450614408e-01 8.306781975421027864e-03 0.000000000000000000e+00
9.400000000000000000e+03 3.759946828268476704e-01 2.149522075557578626e-01 5.853436504324078804e-01 1.936731907146108378e-01 6.030951297223486815e-03 0.000000000000000000e+00
9.450000000000000000e+03 3.779946545440118211e-01 2.160901228948566288e-01 5.851160673645880994e-01 1.904870277651342647e-01 8.306781975421027864e-03 0.000000000000000000e+00
9.500000000000000000e+03 3.799946262611759717e-01 2.167728720983158885e-01 5.886436049157942607e-01 1.866181156121984597e-01 7.965407373691398007e-03 0.000000000000000000e+00
9.550000000000000000e+03 3.819945979783399004e-01 2.165452890304961353e-01 5.946745562130177909e-01 1.805871643149749572e-01 8.192990441511151245e-03 0.000000000000000000e+00
9.600000000000000000e+03 3.839945696955040511e-01 2.173418297678652578e-01 6.007055075102412101e-01 1.748975876194810986e-01 7.055075102412380721e-03 0.000000000000000000e+00
9.650000000000000000e+03 3.859945414126682017e-01 2.150659990896677254e-01 6.071916249431041912e-01 1.695493855257168836e-01 8.192990441511151245e-03 0.000000000000000000e+00
9.700000000000000000e+03 3.879945131298321304e-01 2.129039599453800558e-01 6.140191169776968438e-01 1.631770596267637652e-01 9.899863450159307465e-03 0.000000000000000000e+00
9.750000000000000000e+03 3.899944848469962810e-01 2.116522530723714268e-01 6.158397815202548697e-01 1.635184342284934089e-01 8.989531178880291046e-03 0.000000000000000000e+00
9.800000000000000000e+03 3.919944565641604317e-01 2.135867091488393155e-01 6.193673190714610310e-01 1.578288575329995502e-01 9.217114246700046018e-03 0.000000000000000000e+00
9.850000000000000000e+03 3.939944282813243603e-01 2.193900773782430647e-01 6.191397360036413611e-01 1.519116977696859383e-01 9.558488848429677609e-03 0.000000000000000000e+00
9.900000000000000000e+03 3.959943999984882890e-01 2.230314064633591165e-01 6.104915794264906825e-01 1.568047337278106468e-01 9.672280382339554228e-03 0.000000000000000000e+00
9.950000000000000000e+03 3.979943717156526617e-01 2.254210286754665393e-01 6.048020027309968238e-01 1.594219390077378229e-01 1.035502958579881741e-02 0.000000000000000000e+00
1.000000000000000000e+04 3.999943434328168124e-01 2.168866636322257513e-01 6.141329085116067343e-01 1.619253527537551085e-01 7.055075102412380721e-03 0.000000000000000000e+00
1.005000000000000000e+04 4.019943151499807410e-01 2.159763313609467383e-01 6.168639053254437732e-01 1.578288575329995502e-01 9.330905780609922637e-03 0.000000000000000000e+00
1.010000000000000000e+04 4.039942868671446696e-01 2.181383705052344080e-01 6.194811106053709215e-01 1.540737369139736079e-01 8.306781975421027864e-03 0.000000000000000000e+00
1.015000000000000000e+04 4.059942585843090423e-01 2.122212107419207960e-01 6.244879380974055483e-01 1.540737369139736079e-01 9.217114246700046018e-03 0.000000000000000000e+00
1.020000000000000000e+04 4.079942303014731930e-01 2.101729631315430169e-01 6.219845243513882904e-01 1.596495220755575761e-01 8.192990441511151245e-03 0.000000000000000000e+00
1.025000000000000000e+04 4.099942020186371217e-01 2.160901228948566288e-01 6.166363222576239922e-01 1.604460628129267263e-01 6.827492034592626616e-03 0.000000000000000000e+00
1.030000000000000000e+04 4.119941737358010503e-01 2.180245789713245452e-01 6.112881201638598050e-01 1.632908511606736557e-01 7.396449704142011444e-03 0.000000000000000000e+00
1.035000000000000000e+04 4.139941454529652010e-01 2.167728720983158885e-01 6.104915794264906825e-01 1.664770141101502010e-01 6.258534365043240920e-03 0.000000000000000000e+00
1.040000000000000000e+04 4.159941171701295737e-01 2.167728720983158885e-01 6.067364588074647402e-01 1.671597633136094607e-01 9.330905780609922637e-03 0.000000000000000000e+00
1.045000000000000000e+04 4.179940888872935023e-01 2.155211652253072319e-01 6.054847519344560558e-01 1.714838416021848000e-01 7.510241238051888930e-03 0.000000000000000000e+00
1.050000000000000000e+04 4.199940606044574309e-01 2.125625853436504398e-01 6.133363677742376119e-01 1.675011379153391045e-01 6.599908966772872511e-03 0.000000000000000000e+00
1.055000000000000000e+04 4.219940323216215816e-01 2.082385070550751005e-01 6.261948111060536837e-01 1.594219390077378229e-01 6.144742831133363434e-03 0.000000000000000000e+00
1.060000000000000000e+04 4.239940040387859543e-01 2.083522985889849910e-01 6.323395539371871044e-01 1.529358215748748417e-01 6.372325898953117539e-03 0.000000000000000000e+00
1.065000000000000000e+04 4.259939757559498830e-01 2.092626308602640040e-01 6.323395539371871044e-01 1.523668639053254448e-01 6.030951297223486815e-03 0.000000000000000000e+00
1.070000000000000000e+04 4.279939474731138116e-01 2.084660901228948537e-01 6.346153846153845812e-01 1.481565771506599960e-01 8.761948111060537808e-03 0.000000000000000000e+00
1.075000000000000000e+04 4.299939191902779623e-01 2.101729631315430169e-01 6.334774692762858983e-01 1.494082840236686527e-01 6.941283568502503235e-03 0.000000000000000000e+00
1.080000000000000000e+04 4.319938909074421129e-01 2.090350477924442507e-01 6.360946745562130467e-01 1.500910332271279124e-01 4.779244424214838804e-03 0.000000000000000000e+00
1.085000000000000000e+04 4.339938626246060416e-01 2.038006372325898985e-01 6.395084205735093175e-01 1.517979062357760478e-01 4.893035958124715423e-03 0.000000000000000000e+00
1.090000000000000000e+04 4.359938343417699702e-01 2.020937642239417353e-01 6.457669549385525176e-01 1.483841602184797492e-01 3.755120619025944465e-03 0.000000000000000000e+00
1.095000000000000000e+04 4.379938060589343429e-01 2.003868912152935722e-01 6.478152025489303245e-01 1.461083295402822169e-01 5.689576695493855224e-03 0.000000000000000000e+00
1.100000000000000000e+04 4.399937777760984936e-01 1.968593536640873831e-01 6.524806554392352798e-01 1.453117888029130667e-01 5.348202093764223633e-03 0.000000000000000000e+00
1.105000000000000000e+04 4.419937494932624222e-01 1.970869367319071364e-01 6.527082385070550608e-01 1.465634956759217233e-01 3.641329085116067413e-03 0.000000000000000000e+00
1.110000000000000000e+04 4.439937212104263509e-01 2.022075557578516258e-01 6.480427856167501055e-01 1.471324533454710926e-01 2.617205279927173507e-03 0.000000000000000000e+00
1.115000000000000000e+04 4.459936929275907236e-01 1.991351843422849432e-01 6.502048247610378029e-01 1.474738279472007363e-01 3.186162949476558769e-03 0.000000000000000000e+00
1.120000000000000000e+04 4.479936646447548743e-01 1.944697314519799602e-01 6.544151115157031962e-01 1.456531634046426826e-01 5.461993627674101119e-03 0.000000000000000000e+00
1.125000000000000000e+04 4.499936363619188029e-01 1.898042785616750050e-01 6.579426490669094685e-01 1.479289940828402428e-01 4.324078288575329727e-03 0.000000000000000000e+00
1.130000000000000000e+04 4.519936080790827315e-01 1.896904870277651423e-01 6.578288575329995780e-01 1.474738279472007363e-01 5.006827492034592909e-03 0.000000000000000000e+00
1.135000000000000000e+04 4.539935797962468822e-01 1.924214838416021811e-01 6.552116522530723186e-01 1.479289940828402428e-01 4.437869822485207214e-03 0.000000000000000000e+00
