# itime ezz other fcc hcp bcc ico
0.000000000000000000e+00 0.000000000000000000e+00 0.000000000000000000e+00 1.000000000000000000e+00 0.000000000000000000e+00 0.000000000000000000e+00 0.000000000000000000e+00
3.000000000000000000e+00 1.199945819394976354e-03 0.000000000000000000e+00 1.000000000000000000e+00 0.000000000000000000e+00 0.000000000000000000e+00 0.000000000000000000e+00
6.000000000000000000e+00 2.399891638789952708e-03 0.000000000000000000e+00 1.000000000000000000e+00 0.000000000000000000e+00 0.000000000000000000e+00 0.000000000000000000e+00
9.000000000000000000e+00 3.599837458184929062e-03 0.000000000000000000e+00 1.000000000000000000e+00 0.000000000000000000e+00 0.000000000000000000e+00 0.000000000000000000e+00
1.200000000000000000e+01 4.799783277579905416e-03 0.000000000000000000e+00 1.000000000000000000e+00 0.000000000000000000e+00 0.000000000000000000e+00 0.000000000000000000e+00
1.500000000000000000e+01 5.999729096974881770e-03 0.000000000000000000e+00 1.000000000000000000e+00 0.000000000000000000e+00 0.000000000000000000e+00 0.000000000000000000e+00
1.800000000000000000e+01 7.199674916369858124e-03 0.000000000000000000e+00 1.000000000000000000e+00 0.000000000000000000e+00 0.000000000000000000e+00 0.000000000000000000e+00
2.100000000000000000e+01 8.399620735764612434e-03 0.000000000000000000e+00 1.000000000000000000e+00 0.000000000000000000e+00 0.000000000000000000e+00 0.000000000000000000e+00
2.400000000000000000e+01 9.599566555159588788e-03 0.000000000000000000e+00 1.000000000000000000e+00 0.000000000000000000e+00 0.000000000000000000e+00 0.000000000000000000e+00
2.700000000000000000e+01 1.079951237455456514e-02 0.000000000000000000e+00 1.000000000000000000e+00 0.000000000000000000e+00 0.000000000000000000e+00 0.000000000000000000e+00
3.000000000000000000e+01 1.199945819394954150e-02 0.000000000000000000e+00 1.000000000000000000e+00 0.000000000000000000e+00 0.000000000000000000e+00 0.000000000000000000e+00
3.300000000000000000e+01 1.319940401334451785e-02 0.000000000000000000e+00 1.000000000000000000e+00 0.000000000000000000e+00 0.000000000000000000e+00 0.000000000000000000e+00
3.600000000000000000e+01 1.439934983273949420e-02 0.000000000000000000e+00 1.000000000000000000e+00 0.000000000000000000e+00 0.000000000000000000e+00 0.000000000000000000e+00
3.900000000000000000e+01 1.559929565213447056e-02 0.000000000000000000e+00 1.000000000000000000e+00 0.000000000000000000e+00 0.000000000000000000e+00 0.000000000000000000e+00
4.200000000000000000e+01 1.679924147152944691e-02 0.000000000000000000e+00 1.000000000000000000e+00 0.000000000000000000e+00 0.000000000000000000e+00 0.000000000000000000e+00
4.500000000000000000e+01 1.799918729092442327e-02 0.000000000000000000e+00 1.000000000000000000e+00 0.000000000000000000e+00 0.000000000000000000e+00 0.000000000000000000e+00
4.800000000000000000e+01 1.919913311031939962e-02 0.000000000000000000e+00 1.000000000000000000e+00 0.000000000000000000e+00 0.000000000000000000e+00 0.000000000000000000e+00
5.100000000000000000e+01 2.039907892971437597e-02 0.000000000000000000e+00 1.000000000000000000e+00 0.000000000000000000e+00 0.000000000000000000e+00 0.000000000000000000e+00
5.400000000000000000e+01 2.159902474910935233e-02 0.000000000000000000e+00 1.000000000000000000e+00 0.000000000000000000e+00 0.000000000000000000e+00 0.000000000000000000e+00
5.700000000000000000e+01 2.279897056850432868e-02 0.000000000000000000e+00 1.000000000000000000e+00 0.000000000000000000e+00 0.000000000000000000e+00 0.000000000000000000e+00
6.000000000000000000e+01 2.399891638789908299e-02 0.000000000000000000e+00 1.000000000000000000e+00 0.000000000000000000e+00 0.000000000000000000e+00 0.000000000000000000e+00
6.300000000000000000e+01 2.519886220729405935e-02 0.000000000000000000e+00 1.000000000000000000e+00 0.000000000000000000e+00 0.000000000000000000e+00 0.000000000000000000e+00
6.600000000000000000e+01 2.639880802668903570e-02 0.000000000000000000e+00 1.000000000000000000e+00 0.000000000000000000e+00 0.000000000000000000e+00 0.000000000000000000e+00
6.900000000000000000e+01 2.759875384608401205e-02 0.000000000000000000e+00 1.000000000000000000e+00 0.000000000000000000e+00 0.000000000000000000e+00 0.000000000000000000e+00
7.200000000000000000e+01 2.879869966547898841e-02 0.000000000000000000e+00 1.000000000000000000e+00 0.000000000000000000e+00 0.000000000000000000e+00 0.000000000000000000e+00
7.500000000000000000e+01 2.999864548487396476e-02 0.000000000000000000e+00 1.000000000000000000e+00 0.000000000000000000e+00 0.000000000000000000e+00 0.000000000000000000e+00
7.800000000000000000e+01 3.119859130426894112e-02 0.000000000000000000e+00 1.000000000000000000e+00 0.000000000000000000e+00 0.000000000000000000e+00 0.000000000000000000e+00
8.100000000000000000e+01 3.239853712366391747e-02 0.000000000000000000e+00 1.000000000000000000e+00 0.000000000000000000e+00 0.000000000000000000e+00 0.000000000000000000e+00
8.400000000000000000e+01 3.359848294305889382e-02 0.000000000000000000e+00 1.000000000000000000e+00 0.000000000000000000e+00 0.000000000000000000e+00 0.000000000000000000e+00
8.700000000000000000e+01 3.479842876245387018e-02 0.000000000000000000e+00 1.000000000000000000e+00 0.000000000000000000e+00 0.000000000000000000e+00 0.000000000000000000e+00
9.000000000000000000e+01 3.599837458184884653e-02 0.000000000000000000e+00 1.000000000000000000e+00 0.000000000000000000e+00 0.000000000000000000e+00 0.000000000000000000e+00
9.300000000000000000e+01 3.719832040124382289e-02 0.000000000000000000e+00 1.000000000000000000e+00 0.000000000000000000e+00 0.000000000000000000e+00 0.000000000000000000e+00
9.600000000000000000e+01 3.839826622063879924e-02 0.000000000000000000e+00 1.000000000000000000e+00 0.000000000000000000e+00 0.000000000000000000e+00 0.000000000000000000e+00
9.900000000000000000e+01 3.959821204003355355e-02 0.000000000000000000e+00 1.000000000000000000e+00 0.000000000000000000e+00 0.000000000000000000e+00 0.000000000000000000e+00
1.020000000000000000e+02 4.079815785942852990e-02 0.000000000000000000e+00 1.000000000000000000e+00 0.000000000000000000e+00 0.000000000000000000e+00 0.000000000000000000e+00
1.050000000000000000e+02 4.199810367882350626e-02 0.000000000000000000e+00 1.000000000000000000e+00 0.000000000000000000e+00 0.000000000000000000e+00 0.000000000000000000e+00
1.080000000000000000e+02 4.319804949821848261e-02 0.000000000000000000e+00 1.000000000000000000e+00 0.000000000000000000e+00 0.000000000000000000e+00 0.000000000000000000e+00
1.110000000000000000e+02 4.439799531761345897e-02 0.000000000000000000e+00 1.000000000000000000e+00 0.000000000000000000e+00 0.000000000000000000e+00 0.000000000000000000e+00
1.140000000000000000e+02 4.559794113700843532e-02 0.000000000000000000e+00 1.000000000000000000e+00 0.000000000000000000e+00 0.000000000000000000e+00 0.000000000000000000e+00
1.170000000000000000e+02 4.679788695640341167e-02 0.000000000000000000e+00 1.000000000000000000e+00 0.000000000000000000e+00 0.000000000000000000e+00 0.000000000000000000e+00
1.200000000000000000e+02 4.799783277579838803e-02 0.000000000000000000e+00 1.000000000000000000e+00 0.000000000000000000e+00 0.000000000000000000e+00 0.000000000000000000e+00
1.230000000000000000e+02 4.919777859519336438e-02 0.000000000000000000e+00 1.000000000000000000e+00 0.000000000000000000e+00 0.000000000000000000e+00 0.000000000000000000e+00
1.260000000000000000e+02 5.039772441458834074e-02 0.000000000000000000e+00 1.000000000000000000e+00 0.000000000000000000e+00 0.000000000000000000e+00 0.000000000000000000e+00
1.290000000000000000e+02 5.159767023398331709e-02 0.000000000000000000e+00 1.000000000000000000e+00 0.000000000000000000e+00 0.000000000000000000e+00 0.000000000000000000e+00
1.320000000000000000e+02 5.279761605337829344e-02 0.000000000000000000e+00 1.000000000000000000e+00 0.000000000000000000e+00 0.000000000000000000e+00 0.000000000000000000e+00
1.350000000000000000e+02 5.399756187277326980e-02 0.000000000000000000e+00 1.000000000000000000e+00 0.000000000000000000e+00 0.000000000000000000e+00 0.000000000000000000e+00
1.380000000000000000e+02 5.519750769216802411e-02 0.000000000000000000e+00 1.000000000000000000e+00 0.000000000000000000e+00 0.000000000000000000e+00 0.000000000000000000e+00
1.410000000000000000e+02 5.639745351156300046e-02 0.000000000000000000e+00 1.000000000000000000e+00 0.000000000000000000e+00 0.000000000000000000e+00 0.000000000000000000e+00
1.440000000000000000e+02 5.759739933095797682e-02 0.000000000000000000e+00 1.000000000000000000e+00 0.000000000000000000e+00 0.000000000000000000e+00 0.000000000000000000e+00
1.470000000000000000e+02 5.879734515035295317e-02 0.000000000000000000e+00 1.000000000000000000e+00 0.000000000000000000e+00 0.000000000000000000e+00 0.000000000000000000e+00
1.500000000000000000e+02 5.999729096974792952e-02 0.000000000000000000e+00 1.000000000000000000e+00 0.000000000000000000e+00 0.000000000000000000e+00 0.000000000000000000e+00
1.530000000000000000e+02 6.119723678914290588e-02 0.000000000000000000e+00 1.000000000000000000e+00 0.000000000000000000e+00 0.000000000000000000e+00 0.000000000000000000e+00
1.560000000000000000e+02 6.239718260853788223e-02 0.000000000000000000e+00 1.000000000000000000e+00 0.000000000000000000e+00 0.000000000000000000e+00 0.000000000000000000e+00
1.590000000000000000e+02 6.359712842793285859e-02 0.000000000000000000e+00 1.000000000000000000e+00 0.000000000000000000e+00 0.000000000000000000e+00 0.000000000000000000e+00
1.620000000000000000e+02 6.479707424732783494e-02 0.000000000000000000e+00 1.000000000000000000e+00 0.000000000000000000e+00 0.000000000000000000e+00 0.000000000000000000e+00
1.650000000000000000e+02 6.599702006672281129e-02 3.413746017296313199e-04 9.996586253982703285e-01 0.000000000000000000e+00 0.000000000000000000e+00 0.000000000000000000e+00
1.680000000000000000e+02 6.719696588611778765e-02 2.275830678197542133e-04 9.997724169321802190e-01 0.000000000000000000e+00 0.000000000000000000e+00 0.000000000000000000e+00
1.710000000000000000e+02 6.839691170551276400e-02 0.000000000000000000e+00 1.000000000000000000e+00 0.000000000000000000e+00 0.000000000000000000e+00 0.000000000000000000e+00
1.740000000000000000e+02 6.959685752490774036e-02 0.000000000000000000e+00 1.000000000000000000e+00 0.000000000000000000e+00 0.000000000000000000e+00 0.000000000000000000e+00
1.770000000000000000e+02 7.079680334430249466e-02 0.000000000000000000e+00 1.000000000000000000e+00 0.000000000000000000e+00 0.000000000000000000e+00 0.000000000000000000e+00
1.800000000000000000e+02 7.199674916369747102e-02 0.000000000000000000e+00 1.000000000000000000e+00 0.000000000000000000e+00 0.000000000000000000e+00 0.000000000000000000e+00
1.830000000000000000e+02 7.319669498309244737e-02 0.000000000000000000e+00 1.000000000000000000e+00 0.000000000000000000e+00 0.000000000000000000e+00 0.000000000000000000e+00
1.860000000000000000e+02 7.439664080248742373e-02 0.000000000000000000e+00 1.000000000000000000e+00 0.000000000000000000e+00 0.000000000000000000e+00 0.000000000000000000e+00
1.890000000000000000e+02 7.559658662188240008e-02 0.000000000000000000e+00 1.000000000000000000e+00 0.000000000000000000e+00 0.000000000000000000e+00 0.000000000000000000e+00
1.920000000000000000e+02 7.679653244127737644e-02 0.000000000000000000e+00 1.000000000000000000e+00 0.000000000000000000e+00 0.000000000000000000e+00 0.000000000000000000e+00
1.950000000000000000e+02 7.799647826067235279e-02 0.000000000000000000e+00 1.000000000000000000e+00 0.000000000000000000e+00 0.000000000000000000e+00 0.000000000000000000e+00
1.980000000000000000e+02 7.919642408006732914e-02 0.000000000000000000e+00 1.000000000000000000e+00 0.000000000000000000e+00 0.000000000000000000e+00 0.000000000000000000e+00
2.010000000000000000e+02 8.039636989946230550e-02 1.137915339098771066e-04 9.998862084660901095e-01 0.000000000000000000e+00 0.000000000000000000e+00 0.000000000000000000e+00
2.040000000000000000e+02 8.159631571885728185e-02 0.000000000000000000e+00 1.000000000000000000e+00 0.000000000000000000e+00 0.000000000000000000e+00 0.000000000000000000e+00
2.070000000000000000e+02 8.279626153825225821e-02 0.000000000000000000e+00 1.000000000000000000e+00 0.000000000000000000e+00 0.000000000000000000e+00 0.000000000000000000e+00
2.100000000000000000e+02 8.399620735764723456e-02 0.000000000000000000e+00 1.000000000000000000e+00 0.000000000000000000e+00 0.000000000000000000e+00 0.000000000000000000e+00
2.130000000000000000e+02 8.519615317704221091e-02 0.000000000000000000e+00 1.000000000000000000e+00 0.000000000000000000e+00 0.000000000000000000e+00 0.000000000000000000e+00
2.160000000000000000e+02 8.639609899643696522e-02 0.000000000000000000e+00 1.000000000000000000e+00 0.000000000000000000e+00 0.000000000000000000e+00 0.000000000000000000e+00
2.190000000000000000e+02 8.759604481583194158e-02 0.000000000000000000e+00 1.000000000000000000e+00 0.000000000000000000e+00 0.000000000000000000e+00 0.000000000000000000e+00
2.220000000000000000e+02 8.879599063522691793e-02 4.551661356395084266e-04 9.995448338643604380e-01 0.000000000000000000e+00 0.000000000000000000e+00 0.000000000000000000e+00
2.250000000000000000e+02 8.999593645462189428e-02 6.827492034592626399e-04 9.993172507965407680e-01 0.000000000000000000e+00 0.000000000000000000e+00 0.000000000000000000e+00
2.280000000000000000e+02 9.119588227401687064e-02 4.551661356395084266e-04 9.995448338643604380e-01 0.000000000000000000e+00 0.000000000000000000e+00 0.000000000000000000e+00
2.310000000000000000e+02 9.239582809341184699e-02 4.551661356395084266e-04 9.995448338643604380e-01 0.000000000000000000e+00 0.000000000000000000e+00 0.000000000000000000e+00
2.340000000000000000e+02 9.359577391280682335e-02 6.827492034592626399e-04 9.993172507965407680e-01 0.000000000000000000e+00 0.000000000000000000e+00 0.000000000000000000e+00
2.370000000000000000e+02 9.479571973220179970e-02 5.689576695493854790e-04 9.994310423304506585e-01 0.000000000000000000e+00 0.000000000000000000e+00 0.000000000000000000e+00
2.400000000000000000e+02 9.599566555159677606e-02 2.275830678197542133e-04 9.997724169321802190e-01 0.000000000000000000e+00 0.000000000000000000e+00 0.000000000000000000e+00
2.430000000000000000e+02 9.719561137099175241e-02 0.000000000000000000e+00 1.000000000000000000e+00 0.000000000000000000e+00 0.000000000000000000e+00 0.000000000000000000e+00
2.460000000000000000e+02 9.839555719038672876e-02 4.551661356395084266e-04 9.995448338643604380e-01 0.000000000000000000e+00 0.000000000000000000e+00 0.000000000000000000e+00
2.490000000000000000e+02 9.959550300978170512e-02 5.689576695493854790e-04 9.994310423304506585e-01 0.000000000000000000e+00 0.000000000000000000e+00 0.000000000000000000e+00
2.520000000000000000e+02 1.007954488291766815e-01 5.689576695493854790e-04 9.994310423304506585e-01 0.000000000000000000e+00 0.000000000000000000e+00 0.000000000000000000e+00
2.550000000000000000e+02 1.019953946485714358e-01 5.689576695493854790e-04 9.994310423304506585e-01 0.000000000000000000e+00 0.000000000000000000e+00 0.000000000000000000e+00
2.580000000000000000e+02 1.031953404679664121e-01 1.137915339098770958e-03 9.988620846609012061e-01 0.000000000000000000e+00 0.000000000000000000e+00 0.000000000000000000e+00
2.610000000000000000e+02 1.043952862873613885e-01 9.103322712790168532e-04 9.990896677287209870e-01 0.000000000000000000e+00 0.000000000000000000e+00 0.000000000000000000e+00
2.640000000000000000e+02 1.055952321067563648e-01 1.251706873008648227e-03 9.987482931269913156e-01 0.000000000000000000e+00 0.000000000000000000e+00 0.000000000000000000e+00
2.670000000000000000e+02 1.067951779261513412e-01 1.365498406918525280e-03 9.986345015930814251e-01 0.000000000000000000e+00 0.000000000000000000e+00 0.000000000000000000e+00
2.700000000000000000e+02 1.079951237455463176e-01 4.551661356395084266e-04 9.995448338643604380e-01 0.000000000000000000e+00 0.000000000000000000e+00 0.000000000000000000e+00
2.730000000000000000e+02 1.091950695649412939e-01 1.593081474738279385e-03 9.981793354574419741e-01 0.000000000000000000e+00 2.275830678197542133e-04 0.000000000000000000e+00
2.760000000000000000e+02 1.103950153843362703e-01 1.820664542558033706e-03 9.979517523896221931e-01 0.000000000000000000e+00 2.275830678197542133e-04 0.000000000000000000e+00
2.790000000000000000e+02 1.115949612037312466e-01 1.706873008648156654e-03 9.980655439235320836e-01 0.000000000000000000e+00 2.275830678197542133e-04 0.000000000000000000e+00
2.820000000000000000e+02 1.127949070231262230e-01 2.048247610377787811e-03 9.978379608557123026e-01 0.000000000000000000e+00 1.137915339098771066e-04 0.000000000000000000e+00
2.850000000000000000e+02 1.139948528425211993e-01 3.072371415566681717e-03 9.967000455166135087e-01 0.000000000000000000e+00 2.275830678197542133e-04 0.000000000000000000e+00
2.880000000000000000e+02 1.151947986619161757e-01 3.299954483386436255e-03 9.965862539827037292e-01 0.000000000000000000e+00 1.137915339098771066e-04 0.000000000000000000e+00
2.910000000000000000e+02 1.163947444813111520e-01 4.437869822485207214e-03 9.955621301775148257e-01 0.000000000000000000e+00 0.000000000000000000e+00 0.000000000000000000e+00
2.940000000000000000e+02 1.175946903007059063e-01 3.982703686845699004e-03 9.960172963131542767e-01 0.000000000000000000e+00 0.000000000000000000e+00 0.000000000000000000e+00
2.970000000000000000e+02 1.187946361201008827e-01 3.299954483386436255e-03 9.967000455166135087e-01 0.000000000000000000e+00 0.000000000000000000e+00 0.000000000000000000e+00
3.000000000000000000e+02 1.199945819394958590e-01 2.389622212107419402e-03 9.974965862539827421e-01 0.000000000000000000e+00 1.137915339098771066e-04 0.000000000000000000e+00
3.030000000000000000e+02 1.211945277588908354e-01 3.982703686845699004e-03 9.955621301775148257e-01 0.000000000000000000e+00 4.551661356395084266e-04 0.000000000000000000e+00
3.060000000000000000e+02 1.223944735782858118e-01 6.258534365043240920e-03 9.934000910332271284e-01 0.000000000000000000e+00 3.413746017296313199e-04 0.000000000000000000e+00
3.090000000000000000e+02 1.235944193976807881e-01 4.893035958124715423e-03 9.947655894401457033e-01 0.000000000000000000e+00 3.413746017296313199e-04 0.000000000000000000e+00
3.120000000000000000e+02 1.247943652170757645e-01 7.510241238051888930e-03 9.923759672280382249e-01 0.000000000000000000e+00 1.137915339098771066e-04 0.000000000000000000e+00
3.150000000000000000e+02 1.259943110364707408e-01 8.192990441511151245e-03 9.912380518889394310e-01 0.000000000000000000e+00 5.689576695493854790e-04 0.000000000000000000e+00
3.180000000000000000e+02 1.271942568558657172e-01 1.024123805188893906e-02 9.893035958124715146e-01 0.000000000000000000e+00 4.551661356395084266e-04 0.000000000000000000e+00
3.210000000000000000e+02 1.283942026752606935e-01 1.228948566226672687e-02 9.874829312699134887e-01 0.000000000000000000e+00 2.275830678197542133e-04 0.000000000000000000e+00
3.240000000000000000e+02 1.295941484946556699e-01 8.761948111060537808e-03 9.910104688211197610e-01 0.000000000000000000e+00 2.275830678197542133e-04 0.000000000000000000e+00
3.270000000000000000e+02 1.307940943140506462e-01 1.137915339098771045e-02 9.879380974055530507e-01 0.000000000000000000e+00 6.827492034592626399e-04 0.000000000000000000e+00
3.300000000000000000e+02 1.319940401334456226e-01 1.331360946745562164e-02 9.860036413290851343e-01 0.000000000000000000e+00 6.827492034592626399e-04 0.000000000000000000e+00
3.330000000000000000e+02 1.331939859528403769e-01 1.570323167956303931e-02 9.838416021847974369e-01 0.000000000000000000e+00 4.551661356395084266e-04 0.000000000000000000e+00
3.360000000000000000e+02 1.343939317722353533e-01 2.014110150204824826e-02 9.788347746927628101e-01 0.000000000000000000e+00 1.024123805188893906e-03 0.000000000000000000e+00
3.390000000000000000e+02 1.355938775916303296e-01 2.355484751934456070e-02 9.756486117432863203e-01 0.000000000000000000e+00 7.965407373691396923e-04 0.000000000000000000e+00
3.420000000000000000e+02 1.367938234110253060e-01 2.708238507055074976e-02 9.714383249886208160e-01 0.000000000000000000e+00 1.479289940828402332e-03 0.000000000000000000e+00
3.450000000000000000e+02 1.379937692304202823e-01 3.038233955393718558e-02 9.681383705052344357e-01 0.000000000000000000e+00 1.479289940828402332e-03 0.000000000000000000e+00
3.480000000000000000e+02 1.391937150498152587e-01 3.629949931725079404e-02 9.621074192080109055e-01 0.000000000000000000e+00 1.593081474738279385e-03 0.000000000000000000e+00
3.510000000000000000e+02 1.403936608692102350e-01 4.380974055530268557e-02 9.545971779699590209e-01 0.000000000000000000e+00 1.593081474738279385e-03 0.000000000000000000e+00
3.540000000000000000e+02 1.415936066886052114e-01 4.961310878470642088e-02 9.481110605370960398e-01 0.000000000000000000e+00 2.275830678197541916e-03 0.000000000000000000e+00
3.570000000000000000e+02 1.427935525080001877e-01 5.905780609922621494e-02 9.387801547564861293e-01 0.000000000000000000e+00 2.162039144287664864e-03 0.000000000000000000e+00
3.600000000000000000e+02 1.439934983273951641e-01 7.100591715976331542e-02 9.251251706873008240e-01 0.000000000000000000e+00 3.868912152935821518e-03 0.000000000000000000e+00
3.630000000000000000e+02 1.451934441467901404e-01 8.716431497496586467e-02 9.069185252617205650e-01 0.000000000000000000e+00 5.917159763313609329e-03 0.000000000000000000e+00
3.660000000000000000e+02 1.463933899661851168e-01 9.922621756941284177e-02 8.925807919890760278e-01 0.000000000000000000e+00 8.192990441511151245e-03 0.000000000000000000e+00
3.690000000000000000e+02 1.475933357855798711e-01 1.134501593081474746e-01 8.767637687756031362e-01 0.000000000000000000e+00 9.786071916249430847e-03 0.000000000000000000e+00
3.720000000000000000e+02 1.487932816049748475e-01 1.313154301319981732e-01 8.566226672735548497e-01 0.000000000000000000e+00 1.206190259444697363e-02 0.000000000000000000e+00
3.750000000000000000e+02 1.499932274243698238e-01 1.632908511606736557e-01 8.218024578971324656e-01 0.000000000000000000e+00 1.490669094219390124e-02 0.000000000000000000e+00
3.780000000000000000e+02 1.511931732437648002e-01 1.887801547564861293e-01 7.923304506144742687e-01 0.000000000000000000e+00 1.888939462903959851e-02 0.000000000000000000e+00
3.810000000000000000e+02 1.523931190631597765e-01 2.256486117432862926e-01 7.504551661356395620e-01 0.000000000000000000e+00 2.389622212107419055e-02 0.000000000000000000e+00
3.840000000000000000e+02 1.535930648825547529e-01 2.661583978152025631e-01 7.023213472917615441e-01 0.000000000000000000e+00 3.152025489303595523e-02 0.000000000000000000e+00
3.870000000000000000e+02 1.547930107019497292e-01 3.128129267182521711e-01 6.469048702776513116e-01 0.000000000000000000e+00 4.028220300409649651e-02 0.000000000000000000e+00
3.900000000000000000e+02 1.559929565213447056e-01 3.583295402822029851e-01 5.908056440600819581e-01 0.000000000000000000e+00 5.086481565771506369e-02 0.000000000000000000e+00
3.930000000000000000e+02 1.571929023407396819e-01 4.047564861174328676e-01 5.329995448338643582e-01 0.000000000000000000e+00 6.224396904870277414e-02 0.000000000000000000e+00
3.960000000000000000e+02 1.583928481601346583e-01 4.454938552571688914e-01 4.783796085571233592e-01 0.000000000000000000e+00 7.612653618570777714e-02 0.000000000000000000e+00
3.990000000000000000e+02 1.595927939795296346e-01 4.936276741010469093e-01 4.195493855257169113e-01 0.000000000000000000e+00 8.682294037323623481e-02 0.000000000000000000e+00
4.020000000000000000e+02 1.607927397989246110e-01 5.322030040964952358e-01 3.677742375967227861e-01 0.000000000000000000e+00 1.000227583067819781e-01 0.000000000000000000e+00
4.050000000000000000e+02 1.619926856183195873e-01 5.667956304050978389e-01 3.173645880746472359e-01 5.689576695493854790e-04 1.152708238507055144e-01 0.000000000000000000e+00
4.080000000000000000e+02 1.631926314377143417e-01 6.067364588074647402e-01 2.633136094674556338e-01 5.689576695493854790e-04 1.293809740555302568e-01 0.000000000000000000e+00
4.110000000000000000e+02 1.643925772571093180e-01 6.411015020482475624e-01 2.154073736913973691e-01 6.827492034592626399e-04 1.428083750568957533e-01 0.000000000000000000e+00
4.140000000000000000e+02 1.655925230765042944e-01 6.642011834319526686e-01 1.756941283568502488e-01 9.103322712790168532e-04 1.591943559399180697e-01 0.000000000000000000e+00
4.170000000000000000e+02 1.667924688958992707e-01 6.928766499772417431e-01 1.388256713700500578e-01 1.251706873008648227e-03 1.670459717796995980e-01 0.000000000000000000e+00
4.200000000000000000e+02 1.679924147152942471e-01 7.158625398270368478e-01 1.059399180700955900e-01 1.024123805188893906e-03 1.771734182976786587e-01 0.000000000000000000e+00
4.230000000000000000e+02 1.691923605346892234e-01 7.297451069640418231e-01 8.386436049157942885e-02 1.706873008648156654e-03 1.846836595357305433e-01 0.000000000000000000e+00
4.260000000000000000e+02 1.703923063540841998e-01 7.403277196176604180e-01 6.531634046426945672e-02 2.048247610377787811e-03 1.923076923076923184e-01 0.000000000000000000e+00
4.290000000000000000e+02 1.715922521734791761e-01 7.468138370505233992e-01 5.325443786982248656e-02 3.186162949476558769e-03 1.967455621301775204e-01 0.000000000000000000e+00
4.320000000000000000e+02 1.727921979928741525e-01 7.519344560764679164e-01 4.255803368229403583e-02 3.299954483386436255e-03 2.022075557578516258e-01 0.000000000000000000e+00
4.350000000000000000e+02 1.739921438122691288e-01 7.567137005006827621e-01 3.265817023213472836e-02 4.551661356395083832e-03 2.060764679107874309e-01 0.000000000000000000e+00
4.380000000000000000e+02 1.751920896316641052e-01 7.608101957214383759e-01 2.708238507055074976e-02 4.779244424214838804e-03 2.073281747837960876e-01 0.000000000000000000e+00
4.410000000000000000e+02 1.763920354510590816e-01 7.635411925352754148e-01 2.321347291761493084e-02 4.893035958124715423e-03 2.083522985889849910e-01 0.000000000000000000e+00
4.440000000000000000e+02 1.775919812704540579e-01 7.643377332726445372e-01 2.048247610377787811e-02 6.030951297223486815e-03 2.091488393263541135e-01 0.000000000000000000e+00
4.470000000000000000e+02 1.787919270898488122e-01 7.661583978152025631e-01 1.775147928994082885e-02 7.282658170232134826e-03 2.088074647246244975e-01 0.000000000000000000e+00
4.500000000000000000e+02 1.799918729092437886e-01 7.650204824761037692e-01 1.638598088302230249e-02 8.534365043240782836e-03 2.100591715976331264e-01 0.000000000000000000e+00
4.530000000000000000e+02 1.811918187286387649e-01 7.603550295857988139e-01 1.695493855257168905e-02 1.024123805188893906e-02 2.124487938097405493e-01 0.000000000000000000e+00
4.560000000000000000e+02 1.823917645480337413e-01 7.604688211197087044e-01 1.684114701866181243e-02 9.217114246700046018e-03 2.134729176149294527e-01 0.000000000000000000e+00
4.590000000000000000e+02 1.835917103674287176e-01 7.572826581702321036e-01 1.763768775603095224e-02 1.092398725534820224e-02 2.141556668183887124e-01 0.000000000000000000e+00
4.620000000000000000e+02 1.847916561868236940e-01 7.618343195266271684e-01 1.843422849340009204e-02 1.115157032316795548e-02 2.085798816568047442e-01 0.000000000000000000e+00
4.650000000000000000e+02 1.859916020062186703e-01 7.636549840691853053e-01 1.672735548475193582e-02 1.331360946745562164e-02 2.063040509786071841e-01 0.000000000000000000e+00
4.680000000000000000e+02 1.871915478256136467e-01 7.660446062812926726e-01 1.729631315430131891e-02 1.342740100136549826e-02 2.032316795630405015e-01 0.000000000000000000e+00
4.710000000000000000e+02 1.883914936450086230e-01 7.672963131543013571e-01 1.945835229858898507e-02 1.536185707783340945e-02 1.978834774692762866e-01 0.000000000000000000e+00
4.740000000000000000e+02 1.895914394644035994e-01 7.669549385525716856e-01 2.071005917159763482e-02 1.502048247610377786e-02 1.973145197997268896e-01 0.000000000000000000e+00
4.770000000000000000e+02 1.907913852837985758e-01 7.642239417387346467e-01 2.036868456986800149e-02 1.763768775603095224e-02 1.977696859353663961e-01 0.000000000000000000e+00
4.800000000000000000e+02 1.919913311031935521e-01 7.654756486117433312e-01 2.207555757851615771e-02 1.843422849340009204e-02 1.940145653163404538e-01 0.000000000000000000e+00
4.830000000000000000e+02 1.931912769225885285e-01 7.686618115612198210e-01 2.423759672280382388e-02 1.991351843422849502e-02 1.871870732817478289e-01 0.000000000000000000e+00
4.860000000000000000e+02 1.943912227419832828e-01 7.700273099681383959e-01 2.389622212107419055e-02 2.139280837505689453e-02 1.846836595357305433e-01 0.000000000000000000e+00
4.890000000000000000e+02 1.955911685613782591e-01 7.753755120619025831e-01 2.264451524806554428e-02 2.423759672280382388e-02 1.777423759672280279e-01 0.000000000000000000e+00
4.920000000000000000e+02 1.967911143807732355e-01 7.782203004096495125e-01 2.241693218024579104e-02 2.480655439235321044e-02 1.745562130177514826e-01 0.000000000000000000e+00
4.950000000000000000e+02 1.979910602001682118e-01 7.798133818843877574e-01 2.355484751934456070e-02 2.765134274010013632e-02 1.689804278561675144e-01 0.000000000000000000e+00
4.980000000000000000e+02 1.991910060195631882e-01 7.861857077833409591e-01 2.480655439235321044e-02 2.844788347746927612e-02 1.605598543468365891e-01 0.000000000000000000e+00
5.010000000000000000e+02 2.003909518389581645e-01 7.872098315885298625e-01 2.571688666363222686e-02 3.117888029130632538e-02 1.558944014565316338e-01 0.000000000000000000e+00
5.040000000000000000e+02 2.015908976583531409e-01 7.860719162494310686e-01 2.526172052799271692e-02 3.493400091033227461e-02 1.537323623122439642e-01 0.000000000000000000e+00
5.070000000000000000e+02 2.027908434777481173e-01 7.952890304961310886e-01 2.639963586709149004e-02 3.425125170687300796e-02 1.440600819299044100e-01 0.000000000000000000e+00
5.100000000000000000e+02 2.039907892971430936e-01 7.957441966317706505e-01 2.696859353664087314e-02 3.823395539371871044e-02 1.390532544378698110e-01 0.000000000000000000e+00
5.130000000000000000e+02 2.051907351165380700e-01 7.943786982248520756e-01 2.913063268092853930e-02 4.085116067364587961e-02 1.356395084205735124e-01 0.000000000000000000e+00
5.160000000000000000e+02 2.063906809359330463e-01 8.002958579881657153e-01 2.844788347746927612e-02 4.289940828402366568e-02 1.283568502503413811e-01 0.000000000000000000e+00
5.190000000000000000e+02 2.075906267553280227e-01 8.058716431497496835e-01 2.799271734182976618e-02 4.392353208921256219e-02 1.222121074192080159e-01 0.000000000000000000e+00
5.220000000000000000e+02 2.087905725747229990e-01 8.117888029130633232e-01 2.799271734182976618e-02 4.403732362312243881e-02 1.161811561219845274e-01 0.000000000000000000e+00
5.250000000000000000e+02 2.099905183941177533e-01 8.161128812016386069e-01 2.753755120619025970e-02 4.437869822485206867e-02 1.119708693673190647e-01 0.000000000000000000e+00
5.280000000000000000e+02 2.111904642135127297e-01 8.138370505234410190e-01 2.924442421483841592e-02 4.597177969959034827e-02 1.109467455621301751e-01 0.000000000000000000e+00
5.310000000000000000e+02 2.123904100329077060e-01 8.144060081929904715e-01 2.935821574874829254e-02 4.574419663177059503e-02 1.104915794264906687e-01 0.000000000000000000e+00
5.340000000000000000e+02 2.135903558523026824e-01 8.170232134729176199e-01 2.947200728265816916e-02 4.506144742831133532e-02 1.084433318161128756e-01 0.000000000000000000e+00
5.370000000000000000e+02 2.147903016716976587e-01 8.207783340919435622e-01 2.935821574874829254e-02 4.449248975876194528e-02 1.053709604005461931e-01 0.000000000000000000e+00
5.400000000000000000e+02 2.159902474910926351e-01 8.245334547109695045e-01 3.072371415566681890e-02 4.460628129267182190e-02 1.001365498406918547e-01 0.000000000000000000e+00
5.430000000000000000e+02 2.171901933104876115e-01 8.303368229403732537e-01 3.026854802002730896e-02 4.506144742831133532e-02 9.433318161128811941e-02 0.000000000000000000e+00
5.460000000000000000e+02 2.183901391298825878e-01 8.354574419663176599e-01 3.117888029130632538e-02 4.506144742831133532e-02 8.830223031406463086e-02 0.000000000000000000e+00
5.490000000000000000e+02 2.195900849492775642e-01 8.347746927628584279e-01 3.402366863905325473e-02 4.688211197086936816e-02 8.431952662721893532e-02 0.000000000000000000e+00
5.520000000000000000e+02 2.207900307686725405e-01 8.357988165680473314e-01 3.356850250341374825e-02 4.824761037778789452e-02 8.238507055075101893e-02 0.000000000000000000e+00
5.550000000000000000e+02 2.219899765880675169e-01 8.355712335002275504e-01 3.504779244424215123e-02 4.847519344560764776e-02 8.090578060992262288e-02 0.000000000000000000e+00
5.580000000000000000e+02 2.231899224074624932e-01 8.361401911697770029e-01 3.709604005461993731e-02 4.813381884387801790e-02 7.862994993172507663e-02 0.000000000000000000e+00
5.610000000000000000e+02 2.243898682268574696e-01 8.393263541192534927e-01 3.789258079198907364e-02 4.881656804733727761e-02 7.396449704142012138e-02 0.000000000000000000e+00
5.640000000000000000e+02 2.255898140462522239e-01 8.390987710514338227e-01 3.914428766499772339e-02 4.893035958124715423e-02 7.282658170232134132e-02 0.000000000000000000e+00
5.670000000000000000e+02 2.267897598656472002e-01 8.352298588984979899e-01 4.005461993627674328e-02 5.018206645425580398e-02 7.453345471096950448e-02 0.000000000000000000e+00
5.700000000000000000e+02 2.279897056850421766e-01 8.362539827036868934e-01 4.073736913973600299e-02 4.938552571688666071e-02 7.362312243969049153e-02 0.000000000000000000e+00
5.730000000000000000e+02 2.291896515044371530e-01 8.376194811106053573e-01 4.289940828402366568e-02 4.915794264906690747e-02 7.032316795630405570e-02 0.000000000000000000e+00
5.760000000000000000e+02 2.303895973238321293e-01 8.412608101957214091e-01 4.130632680928538608e-02 4.995448338643605074e-02 6.747837960855712636e-02 0.000000000000000000e+00
5.790000000000000000e+02 2.315895431432271057e-01 8.420573509330905315e-01 4.050978607191624975e-02 5.154756486117433034e-02 6.588529813381883982e-02 0.000000000000000000e+00
5.820000000000000000e+02 2.327894889626220820e-01 8.410332271279017391e-01 4.233045061447428259e-02 5.416477014110149951e-02 6.247155211652252738e-02 0.000000000000000000e+00
5.850000000000000000e+02 2.339894347820170584e-01 8.417159763313609711e-01 4.369594902139280895e-02 5.393718707328174627e-02 6.065088757396449454e-02 0.000000000000000000e+00
5.880000000000000000e+02 2.351893806014120347e-01 8.483158852981338427e-01 4.312699135184342586e-02 5.154756486117433034e-02 5.700955848884842886e-02 0.000000000000000000e+00
5.910000000000000000e+02 2.363893264208070111e-01 8.425125170687300935e-01 4.392353208921256219e-02 5.427856167501137613e-02 5.928538916704597511e-02 0.000000000000000000e+00
5.940000000000000000e+02 2.375892722402019874e-01 8.423987255348202030e-01 4.528903049613108855e-02 5.268548020027309653e-02 5.962676376877560497e-02 0.000000000000000000e+00
5.970000000000000000e+02 2.387892180595969638e-01 8.421711424670004220e-01 4.654073736913973830e-02 5.188893946290396020e-02 5.939918070095585173e-02 0.000000000000000000e+00
6.000000000000000000e+02 2.399891638789919401e-01 8.471779699590350488e-01 4.540282203004096517e-02 5.109239872553481693e-02 5.632680928538916915e-02 0.000000000000000000e+00
6.030000000000000000e+02 2.411891096983866944e-01 8.485434683659536237e-01 4.676832043695949154e-02 5.268548020027309653e-02 5.200273099681383682e-02 0.000000000000000000e+00
6.060000000000000000e+02 2.423890555177816708e-01 8.499089667728720876e-01 4.790623577605826466e-02 5.370960400546199304e-02 4.847519344560764776e-02 0.000000000000000000e+00
6.090000000000000000e+02 2.435890013371766472e-01 8.521847974510696755e-01 4.949931725079653733e-02 5.325443786982248656e-02 4.506144742831133532e-02 0.000000000000000000e+00
6.120000000000000000e+02 2.447889471565716235e-01 8.447883477469276814e-01 5.325443786982248656e-02 5.575785161583977911e-02 4.619936276741010150e-02 0.000000000000000000e+00
6.150000000000000000e+02 2.459888929759665999e-01 8.469503868912152678e-01 5.279927173418298009e-02 5.598543468365953235e-02 4.426490669094219205e-02 0.000000000000000000e+00
6.180000000000000000e+02 2.471888387953615762e-01 8.450159308147473514e-01 5.325443786982248656e-02 5.814747382794720199e-02 4.358215748748293233e-02 0.000000000000000000e+00
6.210000000000000000e+02 2.483887846147565526e-01 8.426263086026399840e-01 5.530268548020027264e-02 5.996813837050523482e-02 4.210286754665452935e-02 0.000000000000000000e+00
6.240000000000000000e+02 2.495887304341515289e-01 8.422849340009103125e-01 5.712335002275830548e-02 6.076467910787437116e-02 3.982703686845699004e-02 0.000000000000000000e+00
6.270000000000000000e+02 2.507886762535465053e-01 8.406918525261720676e-01 5.837505689576695522e-02 6.167501137915339104e-02 3.925807919890760000e-02 0.000000000000000000e+00
6.300000000000000000e+02 2.519886220729414816e-01 8.412608101957214091e-01 5.746472462448793533e-02 6.213017751479289752e-02 3.914428766499772339e-02 0.000000000000000000e+00
6.330000000000000000e+02 2.531885678923364580e-01 8.401228948566226151e-01 5.644060081929904577e-02 6.224396904870277414e-02 4.119253527537550946e-02 0.000000000000000000e+00
6.360000000000000000e+02 2.543885137117314343e-01 8.394401456531633832e-01 5.848884842967683184e-02 6.076467910787437116e-02 4.130632680928538608e-02 0.000000000000000000e+00
6.390000000000000000e+02 2.555884595311264107e-01 8.351160673645880994e-01 6.053709604005461792e-02 6.224396904870277414e-02 4.210286754665452935e-02 0.000000000000000000e+00
6.420000000000000000e+02 2.567884053505211650e-01 8.403504779244423961e-01 6.099226217569413133e-02 5.951297223486572835e-02 3.914428766499772339e-02 0.000000000000000000e+00
6.450000000000000000e+02 2.579883511699161414e-01 8.401228948566226151e-01 6.178880291306326766e-02 5.962676376877560497e-02 3.846153846153846367e-02 0.000000000000000000e+00
6.480000000000000000e+02 2.591882969893111177e-01 8.384160218479744797e-01 6.224396904870277414e-02 6.099226217569413133e-02 3.834774692762858705e-02 0.000000000000000000e+00
6.510000000000000000e+02 2.603882428087060941e-01 8.373918980427855763e-01 6.247155211652252738e-02 6.292671825216203385e-02 3.720983158852981393e-02 0.000000000000000000e+00
6.540000000000000000e+02 2.615881886281010704e-01 8.420573509330905315e-01 6.133363677742376119e-02 6.224396904870277414e-02 3.436504324078288458e-02 0.000000000000000000e+00
6.570000000000000000e+02 2.627881344474960468e-01 8.419435593991807520e-01 6.360946745562130744e-02 6.156121984524351443e-02 3.288575329995448160e-02 0.000000000000000000e+00
6.600000000000000000e+02 2.639880802668910231e-01 8.413746017296312996e-01 6.406463359126081392e-02 6.190259444697314428e-02 3.265817023213472836e-02 0.000000000000000000e+00
6.630000000000000000e+02 2.651880260862859995e-01 8.389849795175239322e-01 6.429221665908056715e-02 6.440600819299044377e-02 3.231679563040509851e-02 0.000000000000000000e+00
6.660000000000000000e+02 2.663879719056809758e-01 8.361401911697770029e-01 6.588529813381883982e-02 6.554392353208920996e-02 3.243058716431497512e-02 0.000000000000000000e+00
6.690000000000000000e+02 2.675879177250759522e-01 8.379608557123350288e-01 6.520254893035958010e-02 6.577150659990896320e-02 3.106508875739644876e-02 0.000000000000000000e+00
6.720000000000000000e+02 2.687878635444709285e-01 8.361401911697770029e-01 6.554392353208920996e-02 6.770596267637687959e-02 3.060992262175694228e-02 0.000000000000000000e+00
6.750000000000000000e+02 2.699878093638659049e-01 8.321574874829312796e-01 6.747837960855712636e-02 7.077833409194356218e-02 2.958579881656804578e-02 0.000000000000000000e+00
6.780000000000000000e+02 2.711877551832608813e-01 8.323850705507510606e-01 6.827492034592626269e-02 6.929904415111515226e-02 2.992717341829767910e-02 1.137915339098771066e-04
6.810000000000000000e+02 2.723877010026556356e-01 8.328402366863905115e-01 6.838871187983613931e-02 6.816112881201638607e-02 3.060992262175694228e-02 0.000000000000000000e+00
