# itime ezz other fcc hcp bcc ico
0.000000000000000000e+00 0.000000000000000000e+00 9.103322712790168532e-04 9.990896677287209870e-01 0.000000000000000000e+00 0.000000000000000000e+00 0.000000000000000000e+00
2.500000000000000000e+01 1.000001202608791218e-03 2.275830678197542133e-04 9.997724169321802190e-01 0.000000000000000000e+00 0.000000000000000000e+00 0.000000000000000000e+00
5.000000000000000000e+01 2.000002405217582435e-03 2.275830678197542133e-04 9.997724169321802190e-01 0.000000000000000000e+00 0.000000000000000000e+00 0.000000000000000000e+00
7.500000000000000000e+01 3.000003607826373653e-03 1.024123805188893906e-03 9.989758761948110966e-01 0.000000000000000000e+00 0.000000000000000000e+00 0.000000000000000000e+00
1.000000000000000000e+02 4.000004810435164870e-03 6.827492034592626399e-04 9.993172507965407680e-01 0.000000000000000000e+00 0.000000000000000000e+00 0.000000000000000000e+00
1.250000000000000000e+02 5.000006013043956088e-03 9.103322712790168532e-04 9.990896677287209870e-01 0.000000000000000000e+00 0.000000000000000000e+00 0.000000000000000000e+00
1.500000000000000000e+02 6.000007215652747306e-03 1.593081474738279385e-03 9.984069185252617551e-01 0.000000000000000000e+00 0.000000000000000000e+00 0.000000000000000000e+00
1.750000000000000000e+02 7.000008418261538523e-03 0.000000000000000000e+00 1.000000000000000000e+00 0.000000000000000000e+00 0.000000000000000000e+00 0.000000000000000000e+00
2.000000000000000000e+02 8.000009620870329741e-03 6.827492034592626399e-04 9.993172507965407680e-01 0.000000000000000000e+00 0.000000000000000000e+00 0.000000000000000000e+00
2.250000000000000000e+02 9.000010823479120958e-03 1.251706873008648227e-03 9.987482931269913156e-01 0.000000000000000000e+00 0.000000000000000000e+00 0.000000000000000000e+00
2.500000000000000000e+02 1.000001202608791218e-02 1.137915339098771066e-04 9.998862084660901095e-01 0.000000000000000000e+00 0.000000000000000000e+00 0.000000000000000000e+00
2.750000000000000000e+02 1.100001322869670339e-02 2.844788347746927612e-03 9.971552116522530707e-01 0.000000000000000000e+00 0.000000000000000000e+00 0.000000000000000000e+00
3.000000000000000000e+02 1.200001443130549461e-02 1.024123805188893906e-03 9.989758761948110966e-01 0.000000000000000000e+00 0.000000000000000000e+00 0.000000000000000000e+00
3.250000000000000000e+02 1.300001563391450787e-02 4.551661356395084266e-04 9.995448338643604380e-01 0.000000000000000000e+00 0.000000000000000000e+00 0.000000000000000000e+00
3.500000000000000000e+02 1.400001683652329909e-02 5.689576695493854790e-04 9.994310423304506585e-01 0.000000000000000000e+00 0.000000000000000000e+00 0.000000000000000000e+00
3.750000000000000000e+02 1.500001803913209031e-02 1.365498406918525280e-03 9.986345015930814251e-01 0.000000000000000000e+00 0.000000000000000000e+00 0.000000000000000000e+00
4.000000000000000000e+02 1.600001924174088153e-02 1.479289940828402332e-03 9.985207100591716456e-01 0.000000000000000000e+00 0.000000000000000000e+00 0.000000000000000000e+00
4.250000000000000000e+02 1.700002044434967274e-02 2.958579881656804664e-03 9.969276285844332897e-01 0.000000000000000000e+00 1.137915339098771066e-04 0.000000000000000000e+00
4.500000000000000000e+02 1.800002164695846396e-02 2.162039144287664864e-03 9.978379608557123026e-01 0.000000000000000000e+00 0.000000000000000000e+00 0.000000000000000000e+00
4.750000000000000000e+02 1.900002284956725518e-02 2.617205279927173507e-03 9.973827947200728516e-01 0.000000000000000000e+00 0.000000000000000000e+00 0.000000000000000000e+00
5.000000000000000000e+02 2.000002405217604640e-02 2.048247610377787811e-03 9.979517523896221931e-01 0.000000000000000000e+00 0.000000000000000000e+00 0.000000000000000000e+00
5.250000000000000000e+02 2.100002525478483761e-02 2.389622212107419402e-03 9.976103777878926326e-01 0.000000000000000000e+00 0.000000000000000000e+00 0.000000000000000000e+00
5.500000000000000000e+02 2.200002645739362883e-02 3.527537551206190360e-03 9.963586709148839482e-01 0.000000000000000000e+00 1.137915339098771066e-04 0.000000000000000000e+00
5.750000000000000000e+02 2.300002766000242005e-02 1.706873008648156654e-03 9.982931269913518646e-01 0.000000000000000000e+00 0.000000000000000000e+00 0.000000000000000000e+00
6.000000000000000000e+02 2.400002886261121127e-02 2.617205279927173507e-03 9.973827947200728516e-01 0.000000000000000000e+00 0.000000000000000000e+00 0.000000000000000000e+00
6.250000000000000000e+02 2.500003006522000248e-02 1.365498406918525280e-03 9.986345015930814251e-01 0.000000000000000000e+00 0.000000000000000000e+00 0.000000000000000000e+00
6.500000000000000000e+02 2.600003126782879370e-02 3.299954483386436255e-03 9.967000455166135087e-01 0.000000000000000000e+00 0.000000000000000000e+00 0.000000000000000000e+00
6.750000000000000000e+02 2.700003247043758492e-02 3.868912152935821518e-03 9.961310878470641672e-01 0.000000000000000000e+00 0.000000000000000000e+00 0.000000000000000000e+00
7.000000000000000000e+02 2.800003367304637614e-02 3.982703686845699004e-03 9.960172963131542767e-01 0.000000000000000000e+00 0.000000000000000000e+00 0.000000000000000000e+00
7.250000000000000000e+02 2.900003487565516735e-02 5.348202093764223633e-03 9.946517979062358128e-01 0.000000000000000000e+00 0.000000000000000000e+00 0.000000000000000000e+00
7.500000000000000000e+02 3.000003607826395857e-02 3.299954483386436255e-03 9.967000455166135087e-01 0.000000000000000000e+00 0.000000000000000000e+00 0.000000000000000000e+00
7.750000000000000000e+02 3.100003728087274979e-02 4.551661356395083832e-03 9.954483386436049352e-01 0.000000000000000000e+00 0.000000000000000000e+00 0.000000000000000000e+00
8.000000000000000000e+02 3.200003848348154101e-02 4.096495220755575623e-03 9.959035047792443862e-01 0.000000000000000000e+00 0.000000000000000000e+00 0.000000000000000000e+00
8.250000000000000000e+02 3.300003968609033222e-02 4.893035958124715423e-03 9.949931725079653733e-01 0.000000000000000000e+00 1.137915339098771066e-04 0.000000000000000000e+00
8.500000000000000000e+02 3.400004088869912344e-02 8.534365043240782836e-03 9.913518434228493215e-01 0.000000000000000000e+00 1.137915339098771066e-04 0.000000000000000000e+00
8.750000000000000000e+02 3.500004209130791466e-02 6.030951297223486815e-03 9.937414656349567998e-01 0.000000000000000000e+00 2.275830678197542133e-04 0.000000000000000000e+00
9.000000000000000000e+02 3.600004329391670588e-02 2.958579881656804664e-03 9.970414201183431802e-01 0.000000000000000000e+00 0.000000000000000000e+00 0.000000000000000000e+00
9.250000000000000000e+02 3.700004449652549710e-02 6.941283568502503235e-03 9.929449248975875664e-01 0.000000000000000000e+00 1.137915339098771066e-04 0.000000000000000000e+00
9.500000000000000000e+02 3.800004569913451036e-02 6.599908966772872511e-03 9.930587164314974569e-01 0.000000000000000000e+00 3.413746017296313199e-04 0.000000000000000000e+00
9.750000000000000000e+02 3.900004690174330158e-02 7.510241238051888930e-03 9.920345926263085534e-01 0.000000000000000000e+00 4.551661356395084266e-04 0.000000000000000000e+00
1.000000000000000000e+03 4.000004810435209279e-02 9.899863450159307465e-03 9.899863450159308575e-01 0.000000000000000000e+00 1.137915339098771066e-04 0.000000000000000000e+00
1.025000000000000000e+03 4.100004930696088401e-02 8.534365043240782836e-03 9.911242603550295405e-01 0.000000000000000000e+00 3.413746017296313199e-04 0.000000000000000000e+00
1.050000000000000000e+03 4.200005050956967523e-02 6.827492034592626616e-03 9.929449248975875664e-01 0.000000000000000000e+00 2.275830678197542133e-04 0.000000000000000000e+00
1.075000000000000000e+03 4.300005171217846645e-02 7.737824305871643035e-03 9.918070095584888834e-01 0.000000000000000000e+00 4.551661356395084266e-04 0.000000000000000000e+00
1.100000000000000000e+03 4.400005291478725766e-02 1.092398725534820224e-02 9.887346381429221731e-01 0.000000000000000000e+00 3.413746017296313199e-04 0.000000000000000000e+00
1.125000000000000000e+03 4.500005411739604888e-02 1.001365498406918582e-02 9.890760127446518446e-01 0.000000000000000000e+00 9.103322712790168532e-04 0.000000000000000000e+00
1.150000000000000000e+03 4.600005532000484010e-02 1.251706873008648184e-02 9.872553482020938187e-01 0.000000000000000000e+00 2.275830678197542133e-04 0.000000000000000000e+00
1.175000000000000000e+03 4.700005652261363132e-02 1.024123805188893906e-02 9.896449704142011861e-01 0.000000000000000000e+00 1.137915339098771066e-04 0.000000000000000000e+00
1.200000000000000000e+03 4.800005772522242253e-02 1.012744651797906244e-02 9.894173873463814051e-01 0.000000000000000000e+00 4.551661356395084266e-04 0.000000000000000000e+00
1.225000000000000000e+03 4.900005892783121375e-02 1.035502958579881741e-02 9.888484296768320636e-01 0.000000000000000000e+00 7.965407373691396923e-04 0.000000000000000000e+00
1.250000000000000000e+03 5.000006013044000497e-02 1.160673645880746542e-02 9.880518889394629412e-01 0.000000000000000000e+00 3.413746017296313199e-04 0.000000000000000000e+00
1.275000000000000000e+03 5.100006133304879619e-02 1.581702321347291593e-02 9.835002275830677654e-01 0.000000000000000000e+00 6.827492034592626399e-04 0.000000000000000000e+00
1.300000000000000000e+03 5.200006253565758740e-02 2.025489303595812488e-02 9.783796085571233592e-01 0.000000000000000000e+00 1.365498406918525280e-03 0.000000000000000000e+00
1.325000000000000000e+03 5.300006373826637862e-02 1.593081474738279601e-02 9.830450614474283144e-01 0.000000000000000000e+00 1.024123805188893906e-03 0.000000000000000000e+00
1.350000000000000000e+03 5.400006494087516984e-02 1.684114701866181243e-02 9.830450614474283144e-01 0.000000000000000000e+00 1.137915339098771066e-04 0.000000000000000000e+00
1.375000000000000000e+03 5.500006614348396106e-02 1.638598088302230249e-02 9.828174783796085334e-01 0.000000000000000000e+00 7.965407373691396923e-04 0.000000000000000000e+00
1.400000000000000000e+03 5.600006734609275227e-02 1.968593536640873831e-02 9.798588984979517136e-01 0.000000000000000000e+00 4.551661356395084266e-04 0.000000000000000000e+00
1.425000000000000000e+03 5.700006854870154349e-02 2.116522530723714129e-02 9.771279016841146747e-01 0.000000000000000000e+00 1.706873008648156654e-03 0.000000000000000000e+00
1.450000000000000000e+03 5.800006975131033471e-02 2.275830678197542090e-02 9.754210286754665393e-01 0.000000000000000000e+00 1.820664542558033706e-03 0.000000000000000000e+00
1.475000000000000000e+03 5.900007095391912593e-02 2.207555757851615771e-02 9.772416932180245652e-01 0.000000000000000000e+00 6.827492034592626399e-04 0.000000000000000000e+00
1.500000000000000000e+03 6.000007215652791714e-02 2.378243058716431393e-02 9.751934456076467583e-01 0.000000000000000000e+00 1.024123805188893906e-03 0.000000000000000000e+00
1.525000000000000000e+03 6.100007335913670836e-02 2.992717341829767910e-02 9.682521620391443262e-01 0.000000000000000000e+00 1.820664542558033706e-03 0.000000000000000000e+00
1.550000000000000000e+03 6.200007456174549958e-02 2.514792899408284030e-02 9.736003641329085134e-01 0.000000000000000000e+00 1.251706873008648227e-03 0.000000000000000000e+00
1.575000000000000000e+03 6.300007576435451284e-02 2.901684114701866268e-02 9.695038689121528996e-01 0.000000000000000000e+00 1.479289940828402332e-03 0.000000000000000000e+00
1.600000000000000000e+03 6.400007696696330406e-02 2.992717341829767910e-02 9.688211197086936677e-01 0.000000000000000000e+00 1.251706873008648227e-03 0.000000000000000000e+00
1.625000000000000000e+03 6.500007816957209528e-02 2.776513427401001294e-02 9.708693673190714746e-01 0.000000000000000000e+00 1.365498406918525280e-03 0.000000000000000000e+00
1.650000000000000000e+03 6.600007937218088649e-02 3.664087391898043083e-02 9.614246700045516736e-01 0.000000000000000000e+00 1.934456076467910759e-03 0.000000000000000000e+00
1.675000000000000000e+03 6.700008057478967771e-02 3.720983158852981393e-02 9.599453800637232082e-01 0.000000000000000000e+00 2.844788347746927612e-03 0.000000000000000000e+00
1.700000000000000000e+03 6.800008177739846893e-02 5.097860719162494031e-02 9.457214383249886724e-01 0.000000000000000000e+00 3.299954483386436255e-03 0.000000000000000000e+00
1.725000000000000000e+03 6.900008298000726015e-02 4.324078288575330248e-02 9.534592626308602270e-01 0.000000000000000000e+00 3.299954483386436255e-03 0.000000000000000000e+00
1.750000000000000000e+03 7.000008418261605136e-02 4.107874374146563284e-02 9.549385525716886924e-01 0.000000000000000000e+00 3.982703686845699004e-03 0.000000000000000000e+00
1.775000000000000000e+03 7.100008538522484258e-02 5.860263996358670846e-02 9.353664087391898585e-01 0.000000000000000000e+00 6.030951297223486815e-03 0.000000000000000000e+00
1.800000000000000000e+03 7.200008658783363380e-02 5.223031406463359005e-02 9.431042330450614131e-01 0.000000000000000000e+00 4.665452890304961318e-03 0.000000000000000000e+00
1.825000000000000000e+03 7.300008779044242502e-02 5.553026854802002588e-02 9.403732362312243742e-01 0.000000000000000000e+00 4.096495220755575623e-03 0.000000000000000000e+00
1.850000000000000000e+03 7.400008899305121624e-02 6.372325898953118406e-02 9.317250796540736957e-01 0.000000000000000000e+00 4.551661356395083832e-03 0.000000000000000000e+00
1.875000000000000000e+03 7.500009019566000745e-02 5.996813837050523482e-02 9.340009103322712836e-01 0.000000000000000000e+00 6.030951297223486815e-03 0.000000000000000000e+00
1.900000000000000000e+03 7.600009139826879867e-02 7.396449704142012138e-02 9.200045516613564178e-01 0.000000000000000000e+00 6.030951297223486815e-03 0.000000000000000000e+00
1.925000000000000000e+03 7.700009260087758989e-02 8.033682294037323979e-02 9.120391442876649712e-01 0.000000000000000000e+00 7.624032771961766417e-03 0.000000000000000000e+00
1.950000000000000000e+03 7.800009380348638111e-02 8.124715521165225274e-02 9.120391442876649712e-01 0.000000000000000000e+00 6.713700500682749130e-03 0.000000000000000000e+00
1.975000000000000000e+03 7.900009500609517232e-02 7.328174783796086167e-02 9.193218024578971859e-01 0.000000000000000000e+00 7.396449704142011444e-03 0.000000000000000000e+00
2.000000000000000000e+03 8.000009620870396354e-02 9.114701866181156020e-02 8.984979517523896675e-01 0.000000000000000000e+00 1.035502958579881741e-02 0.000000000000000000e+00
2.025000000000000000e+03 8.100009741131275476e-02 1.112881201638598050e-01 8.769913518434228061e-01 0.000000000000000000e+00 1.172052799271734204e-02 0.000000000000000000e+00
2.050000000000000000e+03 8.200009861392154598e-02 1.154984069185252676e-01 8.697086936731907025e-01 0.000000000000000000e+00 1.479289940828402289e-02 0.000000000000000000e+00
2.075000000000000000e+03 8.300009981653033719e-02 1.143604915794264876e-01 8.726672735548475224e-01 0.000000000000000000e+00 1.297223486572599005e-02 0.000000000000000000e+00
2.100000000000000000e+03 8.400010101913912841e-02 1.160673645880746507e-01 8.681156121984524576e-01 0.000000000000000000e+00 1.581702321347291593e-02 0.000000000000000000e+00
2.125000000000000000e+03 8.500010222174791963e-02 1.289258079198907503e-01 8.532089212562585789e-01 0.000000000000000000e+00 1.786527082385070547e-02 0.000000000000000000e+00
2.150000000000000000e+03 8.600010342435671085e-02 1.459945380063723264e-01 8.336367774237596340e-01 0.000000000000000000e+00 2.036868456986800149e-02 0.000000000000000000e+00
2.175000000000000000e+03 8.700010462696550206e-02 1.532771961766044577e-01 8.225989986345015881e-01 0.000000000000000000e+00 2.412380518889394726e-02 0.000000000000000000e+00
2.200000000000000000e+03 8.800010582957451533e-02 1.628356850250341492e-01 8.126991351843423361e-01 0.000000000000000000e+00 2.446517979062357712e-02 0.000000000000000000e+00
2.225000000000000000e+03 8.900010703218330654e-02 1.692080109239872676e-01 8.046199362767409990e-01 0.000000000000000000e+00 2.617205279927173334e-02 0.000000000000000000e+00
2.250000000000000000e+03 9.000010823479209776e-02 1.870732817478379661e-01 7.801547564861174289e-01 0.000000000000000000e+00 3.277196176604460498e-02 0.000000000000000000e+00
2.275000000000000000e+03 9.100010943740088898e-02 1.913973600364132777e-01 7.709376422394174089e-01 0.000000000000000000e+00 3.766499772416932040e-02 0.000000000000000000e+00
2.300000000000000000e+03 9.200011064000968020e-02 2.063040509786071841e-01 7.457897132453344957e-01 0.000000000000000000e+00 4.790623577605826466e-02 0.000000000000000000e+00
2.325000000000000000e+03 9.300011184261847141e-02 2.412380518889394587e-01 6.920801092398725096e-01 2.275830678197542133e-04 6.645425580336822291e-02 0.000000000000000000e+00
2.350000000000000000e+03 9.400011304522726263e-02 2.597860719162494170e-01 6.639736003641328876e-01 3.413746017296313199e-04 7.589895311788802390e-02 0.000000000000000000e+00
2.375000000000000000e+03 9.500011424783605385e-02 2.611515703231679364e-01 6.486117432862994470e-01 4.551661356395084266e-04 8.978152025489304078e-02 0.000000000000000000e+00
2.400000000000000000e+03 9.600011545044484507e-02 2.782203004096495125e-01 6.180018206645425671e-01 7.965407373691396923e-04 1.029813381884387841e-01 0.000000000000000000e+00
2.425000000000000000e+03 9.700011665305363628e-02 3.012061902594446727e-01 5.778334091943558848e-01 1.024123805188893906e-03 1.199362767410104696e-01 0.000000000000000000e+00
2.450000000000000000e+03 9.800011785566242750e-02 3.197542102867546587e-01 5.489303595812471404e-01 2.389622212107419402e-03 1.289258079198907503e-01 0.000000000000000000e+00
2.475000000000000000e+03 9.900011905827121872e-02 3.245334547109695045e-01 5.216203914428766408e-01 4.779244424214838804e-03 1.490669094219390090e-01 0.000000000000000000e+00
2.500000000000000000e+03 1.000001202608800099e-01 3.342057350933090309e-01 4.997724169321802190e-01 6.144742831133363434e-03 1.598771051433773294e-01 0.000000000000000000e+00
2.525000000000000000e+03 1.010001214634888012e-01 3.542330450614474269e-01 4.621074192080109055e-01 9.444697314519799256e-03 1.742148384160218388e-01 0.000000000000000000e+00
2.550000000000000000e+03 1.020001226660975924e-01 3.549157942649067143e-01 4.468593536640874109e-01 8.420573509330906217e-03 1.898042785616750050e-01 0.000000000000000000e+00
2.575000000000000000e+03 1.030001238687063836e-01 3.665225307237141572e-01 4.162494310423304755e-01 7.282658170232134826e-03 2.099453800637232637e-01 0.000000000000000000e+00
2.600000000000000000e+03 1.040001250713151748e-01 3.813154301319982009e-01 3.872325898953117851e-01 9.786071916249430847e-03 2.216659080564405970e-01 0.000000000000000000e+00
2.625000000000000000e+03 1.050001262739239660e-01 3.746017296313154388e-01 3.779016841147018746e-01 1.479289940828402289e-02 2.327036868456986707e-01 0.000000000000000000e+00
2.650000000000000000e+03 1.060001274765327572e-01 3.810878470641784199e-01 3.548020027309968238e-01 1.843422849340009204e-02 2.456759217114246607e-01 0.000000000000000000e+00
2.675000000000000000e+03 1.070001286791415485e-01 3.708466090122894965e-01 3.462676376877560358e-01 2.435138825671370050e-02 2.585343650432407880e-01 0.000000000000000000e+00
2.700000000000000000e+03 1.080001298817503397e-01 3.821119708693673234e-01 3.249886208466090110e-01 2.651342740100136666e-02 2.663859808830222886e-01 0.000000000000000000e+00
2.725000000000000000e+03 1.090001310843591309e-01 3.962221210741920796e-01 2.973372781065088954e-01 3.379608557123350149e-02 2.726445152480655443e-01 0.000000000000000000e+00
2.750000000000000000e+03 1.100001322869679221e-01 3.916704597177970149e-01 2.869822485207100815e-01 3.834774692762858705e-02 2.829995448338643582e-01 0.000000000000000000e+00
2.775000000000000000e+03 1.110001334895767133e-01 3.878015475648611821e-01 2.801547564861174289e-01 3.925807919890760000e-02 2.927856167501137752e-01 0.000000000000000000e+00
2.800000000000000000e+03 1.120001346921855045e-01 3.880291306326809075e-01 2.635411925352753593e-01 4.847519344560764776e-02 2.999544833864360438e-01 0.000000000000000000e+00
2.825000000000000000e+03 1.130001358947945178e-01 4.019116977696859383e-01 2.490896677287209870e-01 5.416477014110149951e-02 2.948338643604915821e-01 0.000000000000000000e+00
2.850000000000000000e+03 1.140001370974033090e-01 3.954255803368229572e-01 2.341829767865270806e-01 6.019572143832498806e-02 3.101957214383249672e-01 0.000000000000000000e+00
2.875000000000000000e+03 1.150001383000121002e-01 3.876877560309512916e-01 2.284934000910332219e-01 6.315430131998178709e-02 3.206645425580336717e-01 0.000000000000000000e+00
2.900000000000000000e+03 1.160001395026208915e-01 4.079426490669094130e-01 2.060764679107874309e-01 6.213017751479289752e-02 3.238507055075102170e-01 0.000000000000000000e+00
2.925000000000000000e+03 1.170001407052296827e-01 4.070323167956304000e-01 1.957214383249886169e-01 6.121984524351388457e-02 3.360263996358671124e-01 0.000000000000000000e+00
2.950000000000000000e+03 1.180001419078384739e-01 4.190942193900774049e-01 1.862767410104688159e-01 6.747837960855712636e-02 3.271506599908966528e-01 0.000000000000000000e+00
2.975000000000000000e+03 1.190001431104472651e-01 4.210286754665452658e-01 1.834319526627218866e-01 7.419208010923987462e-02 3.213472917614929592e-01 0.000000000000000000e+00
3.000000000000000000e+03 1.200001443130560563e-01 4.163632225762403105e-01 1.771734182976786587e-01 7.783340919435594030e-02 3.286299499317250628e-01 0.000000000000000000e+00
3.025000000000000000e+03 1.210001455156648476e-01 4.211424670004551563e-01 1.754665452890304955e-01 7.840236686390532339e-02 3.249886208466090110e-01 0.000000000000000000e+00
3.050000000000000000e+03 1.220001467182736388e-01 4.442421483841602070e-01 1.605598543468365891e-01 7.954028220300408958e-02 3.156577150659991005e-01 0.000000000000000000e+00
3.075000000000000000e+03 1.230001479208824300e-01 4.435593991807009751e-01 1.642011834319526686e-01 8.227127901684114231e-02 3.099681383705052418e-01 0.000000000000000000e+00
3.100000000000000000e+03 1.240001491234912212e-01 4.460628129267182329e-01 1.504324078288575284e-01 8.466090122894856518e-02 3.188438780154756458e-01 0.000000000000000000e+00
3.125000000000000000e+03 1.250001503261000124e-01 4.509558488848429691e-01 1.451979972690031762e-01 9.012289485662267063e-02 3.137232589895311841e-01 0.000000000000000000e+00
3.150000000000000000e+03 1.260001515287088036e-01 4.500455166135639562e-01 1.440600819299044100e-01 8.932635411925353430e-02 3.165680473372781134e-01 0.000000000000000000e+00
3.175000000000000000e+03 1.270001527313175949e-01 4.454938552571688914e-01 1.362084660901228816e-01 9.581247155211652933e-02 3.224852071005916976e-01 0.000000000000000000e+00
3.200000000000000000e+03 1.280001539339263861e-01 4.585798816568047442e-01 1.290395994538006408e-01 9.319526627218935322e-02 3.191852526172052618e-01 0.000000000000000000e+00
3.225000000000000000e+03 1.290001551365351773e-01 4.627901684114701930e-01 1.259672280382339582e-01 9.148839326354119006e-02 3.197542102867546587e-01 0.000000000000000000e+00
3.250000000000000000e+03 1.300001563391439685e-01 4.667728720983158608e-01 1.152708238507055144e-01 1.003641329085116080e-01 3.175921711424670169e-01 0.000000000000000000e+00
3.275000000000000000e+03 1.310001575417527597e-01 4.712107419208010906e-01 1.098088302230314089e-01 1.055985434683659602e-01 3.133818843878015681e-01 0.000000000000000000e+00
3.300000000000000000e+03 1.320001587443615509e-01 4.681383705052344357e-01 1.055985434683659602e-01 1.066226672735548497e-01 3.196404187528447682e-01 0.000000000000000000e+00
3.325000000000000000e+03 1.330001599469703422e-01 4.786071916249430847e-01 1.009330905780609910e-01 1.095812471552116557e-01 3.108784706417842547e-01 0.000000000000000000e+00
3.350000000000000000e+03 1.340001611495791334e-01 4.679107874374146547e-01 9.239872553482020301e-02 1.150432407828857473e-01 3.246472462448793950e-01 0.000000000000000000e+00
3.375000000000000000e+03 1.350001623521879246e-01 4.836140191169777114e-01 9.615384615384615918e-02 1.051433773327264398e-01 3.150887573964497035e-01 0.000000000000000000e+00
3.400000000000000000e+03 1.360001635547967158e-01 4.886208466090122826e-01 9.410559854346836617e-02 1.117432862994993115e-01 3.055302685480200120e-01 0.000000000000000000e+00
3.425000000000000000e+03 1.370001647574055070e-01 4.856622667273554628e-01 9.023668639053254725e-02 1.207328174783796060e-01 3.033682294037323701e-01 0.000000000000000000e+00
3.450000000000000000e+03 1.380001659600145203e-01 4.929449248975876219e-01 8.727810650887574129e-02 1.235776058261265353e-01 2.961993627674101015e-01 0.000000000000000000e+00
3.475000000000000000e+03 1.390001671626233115e-01 5.014792899408283544e-01 8.272644515248064878e-02 1.190259444697314567e-01 2.967683204369594985e-01 0.000000000000000000e+00
3.500000000000000000e+03 1.400001683652321027e-01 4.890760127446517891e-01 8.397815202548930547e-02 1.289258079198907503e-01 2.980200273099681274e-01 0.000000000000000000e+00
3.525000000000000000e+03 1.410001695678408939e-01 4.984069185252616996e-01 8.511606736458807165e-02 1.275603095129722309e-01 2.889167045971779424e-01 0.000000000000000000e+00
3.550000000000000000e+03 1.420001707704496852e-01 4.998862084660901095e-01 8.659535730541648157e-02 1.259672280382339582e-01 2.875512061902594230e-01 0.000000000000000000e+00
3.575000000000000000e+03 1.430001719730584764e-01 4.918070095584888279e-01 8.386436049157942885e-02 1.297223486572599005e-01 2.946062812926718011e-01 0.000000000000000000e+00
3.600000000000000000e+03 1.440001731756672676e-01 5.040964952207556138e-01 7.851615839781520001e-02 1.266499772416932179e-01 2.907373691397360238e-01 0.000000000000000000e+00
3.625000000000000000e+03 1.450001743782760588e-01 5.093309057806099105e-01 7.646791078743742087e-02 1.348429676832043622e-01 2.793582157487483064e-01 0.000000000000000000e+00
3.650000000000000000e+03 1.460001755808848500e-01 5.109239872553481554e-01 7.828857532999544677e-02 1.409877105143377274e-01 2.697997269003186149e-01 0.000000000000000000e+00
3.675000000000000000e+03 1.470001767834936413e-01 5.118343195266271684e-01 7.157487482931269851e-02 1.308602639963586667e-01 2.857305416477013971e-01 0.000000000000000000e+00
3.700000000000000000e+03 1.480001779861024325e-01 5.228720983158853253e-01 6.941283568502502888e-02 1.335912608101957333e-01 2.741238051888939542e-01 0.000000000000000000e+00
3.725000000000000000e+03 1.490001791887112237e-01 5.196859353664087244e-01 6.690942193900774326e-02 1.304050978607191602e-01 2.829995448338643582e-01 0.000000000000000000e+00
3.750000000000000000e+03 1.500001803913200149e-01 5.225307237141556538e-01 6.463359126081019701e-02 1.319981793354574329e-01 2.808375056895767163e-01 0.000000000000000000e+00
3.775000000000000000e+03 1.510001815939288061e-01 5.337960855712334807e-01 6.634046426945834629e-02 1.354119253527537592e-01 2.644515248065543722e-01 0.000000000000000000e+00
3.800000000000000000e+03 1.520001827965375973e-01 5.224169321802457633e-01 6.850250341374601593e-02 1.340464269458352398e-01 2.750341374601729671e-01 0.000000000000000000e+00
3.825000000000000000e+03 1.530001839991463886e-01 5.343650432407829332e-01 6.781975421028675621e-02 1.400773782430587144e-01 2.577378243058716656e-01 0.000000000000000000e+00
3.850000000000000000e+03 1.540001852017551798e-01 5.343650432407829332e-01 6.520254893035958010e-02 1.475876194811105990e-01 2.528447883477469293e-01 0.000000000000000000e+00
3.875000000000000000e+03 1.550001864043639710e-01 5.385753299954483264e-01 6.235776058261265076e-02 1.496358670914884059e-01 2.494310423304506030e-01 0.000000000000000000e+00
3.900000000000000000e+03 1.560001876069727622e-01 5.529130632680928636e-01 6.076467910787437116e-02 1.536185707783341015e-01 2.327036868456986707e-01 0.000000000000000000e+00
3.925000000000000000e+03 1.570001888095815534e-01 5.315202548930360038e-01 6.406463359126081392e-02 1.581702321347291662e-01 2.462448793809740577e-01 0.000000000000000000e+00
3.950000000000000000e+03 1.580001900121903446e-01 5.399408284023669014e-01 6.383705052344106068e-02 1.565771506599908935e-01 2.396449704142011861e-01 0.000000000000000000e+00
3.975000000000000000e+03 1.590001912147991359e-01 5.518889394629039602e-01 6.395084205735093730e-02 1.602184797451069731e-01 2.239417387346381294e-01 0.000000000000000000e+00
4.000000000000000000e+03 1.600001924174079271e-01 5.490441511151570309e-01 6.497496586253982687e-02 1.544151115157032239e-01 2.315657715065999045e-01 0.000000000000000000e+00
4.025000000000000000e+03 1.610001936200167183e-01 5.516613563950841792e-01 6.611288120163859305e-02 1.613563950842057393e-01 2.208693673190714746e-01 0.000000000000000000e+00
4.050000000000000000e+03 1.620001948226255095e-01 5.384615384615384359e-01 6.884387801547564578e-02 1.709148839326354030e-01 2.217796995903504875e-01 0.000000000000000000e+00
4.075000000000000000e+03 1.630001960252345228e-01 5.472234865725990050e-01 6.781975421028675621e-02 1.697769685935366368e-01 2.151797906235776159e-01 0.000000000000000000e+00
4.100000000000000000e+03 1.640001972278433140e-01 5.590578060992261733e-01 6.531634046426945672e-02 1.671597633136094607e-01 2.084660901228948537e-01 0.000000000000000000e+00
4.125000000000000000e+03 1.650001984304521052e-01 5.697542102867546587e-01 6.042330450614474130e-02 1.744424214838415921e-01 1.953800637232590010e-01 0.000000000000000000e+00
4.150000000000000000e+03 1.660001996330608964e-01 5.628129267182521156e-01 6.873008648156576916e-02 1.784251251706872876e-01 1.900318616294947582e-01 0.000000000000000000e+00
4.175000000000000000e+03 1.670002008356696876e-01 5.549613108784706705e-01 7.157487482931269851e-02 1.869594902139280757e-01 1.865043240782885692e-01 0.000000000000000000e+00
4.200000000000000000e+03 1.680002020382784789e-01 5.458579881656804300e-01 7.259899863450158808e-02 1.862767410104688159e-01 1.952662721893491105e-01 0.000000000000000000e+00
4.225000000000000000e+03 1.690002032408872701e-01 5.600819299044150767e-01 7.066454255803368556e-02 1.838871187983613931e-01 1.853664087391898030e-01 0.000000000000000000e+00
4.250000000000000000e+03 1.700002044434960613e-01 5.581474738279471604e-01 6.781975421028675621e-02 1.932180245789713313e-01 1.808147473827947105e-01 0.000000000000000000e+00
4.275000000000000000e+03 1.710002056461048525e-01 5.556440600819299025e-01 6.975421028675465873e-02 1.902594446973145115e-01 1.843422849340008995e-01 0.000000000000000000e+00
4.300000000000000000e+03 1.720002068487136437e-01 5.632680928538916776e-01 7.032316795630405570e-02 1.995903504779244497e-01 1.668183887118798447e-01 0.000000000000000000e+00
4.325000000000000000e+03 1.730002080513224350e-01 5.566681838871188059e-01 7.385070550751024476e-02 2.020937642239417353e-01 1.673873463814292140e-01 0.000000000000000000e+00
4.350000000000000000e+03 1.740002092539312262e-01 5.584888484296768318e-01 6.918525261720527564e-02 2.008420573509330787e-01 1.714838416021848000e-01 0.000000000000000000e+00
4.375000000000000000e+03 1.750002104565400174e-01 5.626991351843423361e-01 7.259899863450158808e-02 1.968593536640873831e-01 1.678425125170687204e-01 0.000000000000000000e+00
4.400000000000000000e+03 1.760002116591488086e-01 5.571233500227582569e-01 7.248520710059171146e-02 2.066454255803368278e-01 1.637460172963131622e-01 0.000000000000000000e+00
4.425000000000000000e+03 1.770002128617575998e-01 5.690714610832954268e-01 7.157487482931269851e-02 1.992489758761948060e-01 1.601046882111970826e-01 0.000000000000000000e+00
4.450000000000000000e+03 1.780002140643663910e-01 5.600819299044150767e-01 7.555757851615839404e-02 2.064178425125170746e-01 1.579426490669094130e-01 0.000000000000000000e+00
4.475000000000000000e+03 1.790002152669751823e-01 5.535958124715520956e-01 7.624032771961765376e-02 2.133591260810195622e-01 1.568047337278106468e-01 0.000000000000000000e+00
4.500000000000000000e+03 1.800002164695839735e-01 5.656577150659990449e-01 7.635411925352754425e-02 2.102867546654528796e-01 1.477014110150204895e-01 0.000000000000000000e+00
4.525000000000000000e+03 1.810002176721927647e-01 5.596267637687756258e-01 8.045061447428311641e-02 2.083522985889849910e-01 1.515703231679562946e-01 0.000000000000000000e+00
4.550000000000000000e+03 1.820002188748015559e-01 5.689576695493855363e-01 8.090578060992262288e-02 2.036868456986800080e-01 1.464497041420118328e-01 0.000000000000000000e+00
4.575000000000000000e+03 1.830002200774103471e-01 5.721438324988621371e-01 7.385070550751024476e-02 2.115384615384615363e-01 1.424670004551661373e-01 0.000000000000000000e+00
4.600000000000000000e+03 1.840002212800191383e-01 5.716886663632225751e-01 7.350933090578061491e-02 2.137005006827492060e-01 1.411015020482476179e-01 0.000000000000000000e+00
4.625000000000000000e+03 1.850002224826279296e-01 5.624715521165225551e-01 7.134729176149294527e-02 2.229176149294492537e-01 1.432635411925352875e-01 0.000000000000000000e+00
4.650000000000000000e+03 1.860002236852367208e-01 5.689576695493855363e-01 7.544378698224851743e-02 2.237141556668183762e-01 1.318843878015475701e-01 0.000000000000000000e+00
4.675000000000000000e+03 1.870002248878455120e-01 5.601957214383249672e-01 7.715065999089668058e-02 2.251934456076467861e-01 1.374601729631315383e-01 0.000000000000000000e+00
4.700000000000000000e+03 1.880002260904545253e-01 5.672507965407374009e-01 7.521620391442876419e-02 2.168866636322257513e-01 1.406463359126081114e-01 0.000000000000000000e+00
4.725000000000000000e+03 1.890002272930633165e-01 5.678197542102867423e-01 7.760582612653618706e-02 2.294037323623122349e-01 1.251706873008648080e-01 0.000000000000000000e+00
4.750000000000000000e+03 1.900002284956721077e-01 5.704369594902138907e-01 7.806099226217569353e-02 2.269003186162949492e-01 1.246017296313154249e-01 0.000000000000000000e+00
4.775000000000000000e+03 1.910002296982808989e-01 5.746472462448793950e-01 8.204369594902138907e-02 2.236003641329085134e-01 1.197086936731907164e-01 0.000000000000000000e+00
4.800000000000000000e+03 1.920002309008896901e-01 5.735093309057806010e-01 8.067819754210286964e-02 2.344105598543468338e-01 1.114019116977696816e-01 0.000000000000000000e+00
4.825000000000000000e+03 1.930002321034984814e-01 5.712335002275830131e-01 8.602639963586708460e-02 2.369139736003641195e-01 1.058261265361857134e-01 0.000000000000000000e+00
4.850000000000000000e+03 1.940002333061072726e-01 5.636094674556213491e-01 8.852981338188438409e-02 2.390760127446517891e-01 1.087847064178425194e-01 0.000000000000000000e+00
4.875000000000000000e+03 1.950002345087160638e-01 5.525716886663631922e-01 9.160218479745106668e-02 2.419208010923987184e-01 1.139053254437869811e-01 0.000000000000000000e+00
4.900000000000000000e+03 1.960002357113248550e-01 5.560992262175694645e-01 8.864360491579426071e-02 2.525034137460173134e-01 1.027537551206190308e-01 0.000000000000000000e+00
4.925000000000000000e+03 1.970002369139336462e-01 5.549613108784706705e-01 9.512972234865725574e-02 2.517068730086481354e-01 9.820209376422393832e-02 0.000000000000000000e+00
4.950000000000000000e+03 1.980002381165424374e-01 5.659990896677287164e-01 9.581247155211652933e-02 2.476103777878925771e-01 9.057806099226217711e-02 0.000000000000000000e+00
4.975000000000000000e+03 1.990002393191512287e-01 5.609922621756940897e-01 9.638142922166591242e-02 2.546654528903049552e-01 8.796085571233500100e-02 0.000000000000000000e+00
5.000000000000000000e+03 2.000002405217600199e-01 5.515475648611742887e-01 1.013882567137004975e-01 2.609239872553482109e-01 8.614019116977697510e-02 0.000000000000000000e+00
5.025000000000000000e+03 2.010002417243688111e-01 5.525716886663631922e-01 1.028675466545289074e-01 2.589895311788802945e-01 8.557123350022757813e-02 0.000000000000000000e+00
5.050000000000000000e+03 2.020002429269776023e-01 5.499544833864360438e-01 1.005917159763313612e-01 2.642239417387346467e-01 8.522985889849794827e-02 0.000000000000000000e+00
5.075000000000000000e+03 2.030002441295863935e-01 5.526854802002730827e-01 1.005917159763313612e-01 2.718479745106964218e-01 7.487482931269913433e-02 0.000000000000000000e+00
5.100000000000000000e+03 2.040002453321951847e-01 5.493855257168867023e-01 1.035502958579881672e-01 2.707100591715976279e-01 7.624032771961765376e-02 1.137915339098771066e-04
5.125000000000000000e+03 2.050002465348039760e-01 5.376649977241693135e-01 1.048020027309968100e-01 2.770823850705507740e-01 8.045061447428311641e-02 0.000000000000000000e+00
5.150000000000000000e+03 2.060002477374127672e-01 5.489303595812471404e-01 1.036640873918980438e-01 2.735548475193445572e-01 7.385070550751024476e-02 0.000000000000000000e+00
5.175000000000000000e+03 2.070002489400215584e-01 5.508648156577150568e-01 1.053709604005461931e-01 2.743513882567136797e-01 6.941283568502502888e-02 0.000000000000000000e+00
5.200000000000000000e+03 2.080002501426303496e-01 5.469959035047792240e-01 1.100364132908511622e-01 2.756030951297223641e-01 6.736458807464724974e-02 0.000000000000000000e+00
5.225000000000000000e+03 2.090002513452391408e-01 5.501820664542558248e-01 1.103777878925807920e-01 2.831133363677742487e-01 5.621301775147929253e-02 1.137915339098771066e-04
5.250000000000000000e+03 2.100002525478479320e-01 5.403959945380063523e-01 1.137915339098771045e-01 2.855029585798816716e-01 6.030951297223486468e-02 0.000000000000000000e+00
5.275000000000000000e+03 2.110002537504567233e-01 5.348202093764223841e-01 1.149294492489758707e-01 2.913063268092853653e-01 5.894401456531633832e-02 0.000000000000000000e+00
5.300000000000000000e+03 2.120002549530655145e-01 5.375512061902594230e-01 1.149294492489758707e-01 2.908511606736458588e-01 5.666818388711879900e-02 0.000000000000000000e+00
5.325000000000000000e+03 2.130002561556745277e-01 5.362994993172508496e-01 1.159535730541647741e-01 2.941511151570322946e-01 5.359581247155211642e-02 0.000000000000000000e+00
5.350000000000000000e+03 2.140002573582833190e-01 5.292444242148384159e-01 1.203914428766499761e-01 2.890304961310878329e-01 6.133363677742376119e-02 0.000000000000000000e+00
5.375000000000000000e+03 2.150002585608921102e-01 5.361857077833409591e-01 1.209604005461993592e-01 2.890304961310878329e-01 5.370960400546199304e-02 1.137915339098771066e-04
5.400000000000000000e+03 2.160002597635009014e-01 5.430131998179335007e-01 1.192535275375512099e-01 2.831133363677742487e-01 5.461993627674101293e-02 0.000000000000000000e+00
5.425000000000000000e+03 2.170002609661096926e-01 5.334547109695039202e-01 1.220983158852981393e-01 2.902822030040965173e-01 5.416477014110149951e-02 0.000000000000000000e+00
5.450000000000000000e+03 2.180002621687184838e-01 5.347064178425124936e-01 1.240327719617660418e-01 2.939235320892125691e-01 4.733727810650887463e-02 0.000000000000000000e+00
5.475000000000000000e+03 2.190002633713272751e-01 5.369822485207100815e-01 1.235776058261265353e-01 2.905097860719162428e-01 4.893035958124715423e-02 0.000000000000000000e+00
5.500000000000000000e+03 2.200002645739360663e-01 5.277651342740100615e-01 1.281292671825216278e-01 3.012061902594446727e-01 4.289940828402366568e-02 0.000000000000000000e+00
5.525000000000000000e+03 2.210002657765448575e-01 5.251479289940828021e-01 1.265361857077833274e-01 3.021165225307237412e-01 4.597177969959034827e-02 2.275830678197542133e-04
5.550000000000000000e+03 2.220002669791536487e-01 5.163859808830223441e-01 1.349567592171142527e-01 3.079198907601274349e-01 4.073736913973600299e-02 0.000000000000000000e+00
5.575000000000000000e+03 2.230002681817624399e-01 5.163859808830223441e-01 1.362084660901228816e-01 3.112198452435138707e-01 3.618570778334091742e-02 0.000000000000000000e+00
5.600000000000000000e+03 2.240002693843712311e-01 5.234410559854346667e-01 1.370050068274920319e-01 3.067819754210286964e-01 3.277196176604460498e-02 0.000000000000000000e+00
5.625000000000000000e+03 2.250002705869800224e-01 5.142239417387346467e-01 1.408739189804278646e-01 3.147473827947200875e-01 3.015475648611743234e-02 0.000000000000000000e+00
5.650000000000000000e+03 2.260002717895888136e-01 5.028447883477469293e-01 1.442876649977241632e-01 3.187300864815657553e-01 3.379608557123350149e-02 3.413746017296313199e-04
5.675000000000000000e+03 2.270002729921976048e-01 5.019344560764679164e-01 1.487255348202093652e-01 3.165680473372781134e-01 3.265817023213472836e-02 1.137915339098771066e-04
