# itime ezz other fcc hcp bcc ico
0.000000000000000000e+00 0.000000000000000000e+00 2.275830678197542133e-04 9.997724169321802190e-01 0.000000000000000000e+00 0.000000000000000000e+00 0.000000000000000000e+00
2.500000000000000000e+01 1.000010391750238981e-03 7.965407373691396923e-04 9.992034592626308775e-01 0.000000000000000000e+00 0.000000000000000000e+00 0.000000000000000000e+00
5.000000000000000000e+01 2.000020783500477961e-03 1.137915339098771066e-04 9.998862084660901095e-01 0.000000000000000000e+00 0.000000000000000000e+00 0.000000000000000000e+00
7.500000000000000000e+01 3.000031175250494897e-03 6.827492034592626399e-04 9.993172507965407680e-01 0.000000000000000000e+00 0.000000000000000000e+00 0.000000000000000000e+00
1.000000000000000000e+02 4.000041567000733878e-03 1.820664542558033706e-03 9.981793354574419741e-01 0.000000000000000000e+00 0.000000000000000000e+00 0.000000000000000000e+00
1.250000000000000000e+02 5.000051958750972858e-03 1.365498406918525280e-03 9.986345015930814251e-01 0.000000000000000000e+00 0.000000000000000000e+00 0.000000000000000000e+00
1.500000000000000000e+02 6.000062350501211839e-03 6.827492034592626399e-04 9.993172507965407680e-01 0.000000000000000000e+00 0.000000000000000000e+00 0.000000000000000000e+00
1.750000000000000000e+02 7.000072742251228775e-03 1.706873008648156654e-03 9.981793354574419741e-01 0.000000000000000000e+00 1.137915339098771066e-04 0.000000000000000000e+00
2.000000000000000000e+02 8.000083134001467755e-03 1.593081474738279385e-03 9.982931269913518646e-01 0.000000000000000000e+00 1.137915339098771066e-04 0.000000000000000000e+00
2.250000000000000000e+02 9.000093525751706736e-03 7.965407373691396923e-04 9.992034592626308775e-01 0.000000000000000000e+00 0.000000000000000000e+00 0.000000000000000000e+00
2.500000000000000000e+02 1.000010391750194572e-02 1.479289940828402332e-03 9.985207100591716456e-01 0.000000000000000000e+00 0.000000000000000000e+00 0.000000000000000000e+00
2.750000000000000000e+02 1.100011430925196265e-02 7.965407373691396923e-04 9.992034592626308775e-01 0.000000000000000000e+00 0.000000000000000000e+00 0.000000000000000000e+00
3.000000000000000000e+02 1.200012470100220163e-02 6.827492034592626399e-04 9.993172507965407680e-01 0.000000000000000000e+00 0.000000000000000000e+00 0.000000000000000000e+00
3.250000000000000000e+02 1.300013509275244061e-02 2.275830678197541916e-03 9.976103777878926326e-01 0.000000000000000000e+00 1.137915339098771066e-04 0.000000000000000000e+00
3.500000000000000000e+02 1.400014548450267959e-02 2.162039144287664864e-03 9.978379608557123026e-01 0.000000000000000000e+00 0.000000000000000000e+00 0.000000000000000000e+00
3.750000000000000000e+02 1.500015587625269653e-02 1.593081474738279385e-03 9.984069185252617551e-01 0.000000000000000000e+00 0.000000000000000000e+00 0.000000000000000000e+00
4.000000000000000000e+02 1.600016626800293551e-02 1.593081474738279385e-03 9.982931269913518646e-01 0.000000000000000000e+00 1.137915339098771066e-04 0.000000000000000000e+00
4.250000000000000000e+02 1.700017665975317449e-02 9.103322712790168532e-04 9.990896677287209870e-01 0.000000000000000000e+00 0.000000000000000000e+00 0.000000000000000000e+00
4.500000000000000000e+02 1.800018705150341347e-02 1.934456076467910759e-03 9.980655439235320836e-01 0.000000000000000000e+00 0.000000000000000000e+00 0.000000000000000000e+00
4.750000000000000000e+02 1.900019744325343041e-02 1.137915339098770958e-03 9.988620846609012061e-01 0.000000000000000000e+00 0.000000000000000000e+00 0.000000000000000000e+00
5.000000000000000000e+02 2.000020783500366939e-02 1.365498406918525280e-03 9.986345015930814251e-01 0.000000000000000000e+00 0.000000000000000000e+00 0.000000000000000000e+00
5.250000000000000000e+02 2.100021822675390837e-02 2.048247610377787811e-03 9.979517523896221931e-01 0.000000000000000000e+00 0.000000000000000000e+00 0.000000000000000000e+00
5.500000000000000000e+02 2.200022861850414735e-02 1.479289940828402332e-03 9.985207100591716456e-01 0.000000000000000000e+00 0.000000000000000000e+00 0.000000000000000000e+00
5.750000000000000000e+02 2.300023901025416428e-02 1.365498406918525280e-03 9.986345015930814251e-01 0.000000000000000000e+00 0.000000000000000000e+00 0.000000000000000000e+00
6.000000000000000000e+02 2.400024940200440327e-02 1.934456076467910759e-03 9.980655439235320836e-01 0.000000000000000000e+00 0.000000000000000000e+00 0.000000000000000000e+00
6.250000000000000000e+02 2.500025979375464225e-02 3.755120619025944465e-03 9.962448793809740577e-01 0.000000000000000000e+00 0.000000000000000000e+00 0.000000000000000000e+00
6.500000000000000000e+02 2.600027018550488123e-02 2.730996813837050560e-03 9.971552116522530707e-01 0.000000000000000000e+00 1.137915339098771066e-04 0.000000000000000000e+00
6.750000000000000000e+02 2.700028057725489816e-02 3.186162949476558769e-03 9.967000455166135087e-01 0.000000000000000000e+00 1.137915339098771066e-04 0.000000000000000000e+00
7.000000000000000000e+02 2.800029096900513714e-02 1.820664542558033706e-03 9.981793354574419741e-01 0.000000000000000000e+00 0.000000000000000000e+00 0.000000000000000000e+00
7.250000000000000000e+02 2.900030136075537612e-02 2.958579881656804664e-03 9.970414201183431802e-01 0.000000000000000000e+00 0.000000000000000000e+00 0.000000000000000000e+00
7.500000000000000000e+02 3.000031175250561510e-02 2.730996813837050560e-03 9.972690031861629611e-01 0.000000000000000000e+00 0.000000000000000000e+00 0.000000000000000000e+00
7.750000000000000000e+02 3.100032214425563204e-02 2.730996813837050560e-03 9.971552116522530707e-01 0.000000000000000000e+00 1.137915339098771066e-04 0.000000000000000000e+00
8.000000000000000000e+02 3.200033253600587102e-02 3.982703686845699004e-03 9.957897132453344957e-01 0.000000000000000000e+00 2.275830678197542133e-04 0.000000000000000000e+00
8.250000000000000000e+02 3.300034292775611000e-02 5.348202093764223633e-03 9.944242148384160318e-01 0.000000000000000000e+00 2.275830678197542133e-04 0.000000000000000000e+00
8.500000000000000000e+02 3.400035331950634898e-02 6.372325898953117539e-03 9.935138825671370189e-01 0.000000000000000000e+00 1.137915339098771066e-04 0.000000000000000000e+00
8.750000000000000000e+02 3.500036371125636592e-02 3.641329085116067413e-03 9.961310878470641672e-01 0.000000000000000000e+00 2.275830678197542133e-04 0.000000000000000000e+00
9.000000000000000000e+02 3.600037410300660490e-02 4.665452890304961318e-03 9.951069640418752638e-01 0.000000000000000000e+00 2.275830678197542133e-04 0.000000000000000000e+00
9.250000000000000000e+02 3.700038449475684388e-02 6.827492034592626616e-03 9.930587164314974569e-01 0.000000000000000000e+00 1.137915339098771066e-04 0.000000000000000000e+00
9.500000000000000000e+02 3.800039488650708286e-02 4.437869822485207214e-03 9.953345471096950448e-01 0.000000000000000000e+00 2.275830678197542133e-04 0.000000000000000000e+00
9.750000000000000000e+02 3.900040527825732184e-02 8.192990441511151245e-03 9.915794264906691025e-01 0.000000000000000000e+00 2.275830678197542133e-04 0.000000000000000000e+00
1.000000000000000000e+03 4.000041567000733878e-02 5.120619025944469528e-03 9.946517979062358128e-01 0.000000000000000000e+00 2.275830678197542133e-04 0.000000000000000000e+00
1.025000000000000000e+03 4.100042606175757776e-02 6.144742831133363434e-03 9.936276741010469093e-01 0.000000000000000000e+00 2.275830678197542133e-04 0.000000000000000000e+00
1.050000000000000000e+03 4.200043645350781674e-02 9.444697314519799256e-03 9.902139280837505275e-01 0.000000000000000000e+00 3.413746017296313199e-04 0.000000000000000000e+00
1.075000000000000000e+03 4.300044684525805572e-02 8.079198907601274626e-03 9.913518434228493215e-01 0.000000000000000000e+00 5.689576695493854790e-04 0.000000000000000000e+00
1.100000000000000000e+03 4.400045723700807265e-02 6.144742831133363434e-03 9.937414656349567998e-01 0.000000000000000000e+00 1.137915339098771066e-04 0.000000000000000000e+00
1.125000000000000000e+03 4.500046762875831163e-02 6.144742831133363434e-03 9.935138825671370189e-01 0.000000000000000000e+00 3.413746017296313199e-04 0.000000000000000000e+00
1.150000000000000000e+03 4.600047802050855061e-02 1.103777878925807886e-02 9.889622212107419541e-01 0.000000000000000000e+00 0.000000000000000000e+00 0.000000000000000000e+00
1.175000000000000000e+03 4.700048841225878959e-02 1.160673645880746542e-02 9.880518889394629412e-01 0.000000000000000000e+00 3.413746017296313199e-04 0.000000000000000000e+00
1.200000000000000000e+03 4.800049880400880653e-02 1.160673645880746542e-02 9.882794720072826111e-01 0.000000000000000000e+00 1.137915339098771066e-04 0.000000000000000000e+00
1.225000000000000000e+03 4.900050919575904551e-02 1.695493855257168905e-02 9.824761037778789730e-01 0.000000000000000000e+00 5.689576695493854790e-04 0.000000000000000000e+00
1.250000000000000000e+03 5.000051958750928449e-02 1.308602639963586667e-02 9.861174328629950248e-01 0.000000000000000000e+00 7.965407373691396923e-04 0.000000000000000000e+00
1.275000000000000000e+03 5.100052997925952347e-02 1.695493855257168905e-02 9.817933545744196300e-01 0.000000000000000000e+00 1.251706873008648227e-03 0.000000000000000000e+00
1.300000000000000000e+03 5.200054037100954041e-02 1.570323167956303931e-02 9.832726445152480954e-01 0.000000000000000000e+00 1.024123805188893906e-03 0.000000000000000000e+00
1.325000000000000000e+03 5.300055076275977939e-02 1.524806554392353283e-02 9.844105598543468894e-01 0.000000000000000000e+00 3.413746017296313199e-04 0.000000000000000000e+00
1.350000000000000000e+03 5.400056115451001837e-02 1.945835229858898507e-02 9.798588984979517136e-01 0.000000000000000000e+00 6.827492034592626399e-04 0.000000000000000000e+00
1.375000000000000000e+03 5.500057154626025735e-02 2.457897132453345374e-02 9.750796540737368678e-01 0.000000000000000000e+00 3.413746017296313199e-04 0.000000000000000000e+00
1.400000000000000000e+03 5.600058193801027429e-02 2.139280837505689453e-02 9.776968593536641272e-01 0.000000000000000000e+00 9.103322712790168532e-04 0.000000000000000000e+00
1.425000000000000000e+03 5.700059232976051327e-02 2.469276285844333035e-02 9.740555302685480754e-01 0.000000000000000000e+00 1.251706873008648227e-03 0.000000000000000000e+00
1.450000000000000000e+03 5.800060272151075225e-02 2.025489303595812488e-02 9.783796085571233592e-01 0.000000000000000000e+00 1.365498406918525280e-03 0.000000000000000000e+00
1.475000000000000000e+03 5.900061311326099123e-02 2.446517979062357712e-02 9.746244879380974169e-01 0.000000000000000000e+00 9.103322712790168532e-04 0.000000000000000000e+00
1.500000000000000000e+03 6.000062350501100816e-02 2.571688666363222686e-02 9.726900318616295005e-01 0.000000000000000000e+00 1.593081474738279385e-03 0.000000000000000000e+00
1.525000000000000000e+03 6.100063389676124714e-02 2.503413746017296368e-02 9.738279472007282944e-01 0.000000000000000000e+00 1.137915339098770958e-03 0.000000000000000000e+00
1.550000000000000000e+03 6.200064428851148612e-02 2.514792899408284030e-02 9.732589895311788419e-01 0.000000000000000000e+00 1.593081474738279385e-03 0.000000000000000000e+00
1.575000000000000000e+03 6.300065468026172510e-02 3.573054164770141095e-02 9.626763768775603580e-01 0.000000000000000000e+00 1.593081474738279385e-03 0.000000000000000000e+00
1.600000000000000000e+03 6.400066507201174204e-02 2.844788347746927612e-02 9.703004096495220221e-01 0.000000000000000000e+00 1.251706873008648227e-03 0.000000000000000000e+00
1.625000000000000000e+03 6.500067546376198102e-02 3.379608557123350149e-02 9.650659990896677254e-01 0.000000000000000000e+00 1.137915339098770958e-03 0.000000000000000000e+00
1.650000000000000000e+03 6.600068585551222000e-02 4.050978607191624975e-02 9.559626763768775959e-01 0.000000000000000000e+00 3.527537551206190360e-03 0.000000000000000000e+00
1.675000000000000000e+03 6.700069624726245898e-02 3.368229403732362487e-02 9.637005006827491504e-01 0.000000000000000000e+00 2.617205279927173507e-03 0.000000000000000000e+00
1.700000000000000000e+03 6.800070663901247592e-02 4.289940828402366568e-02 9.550523441055985829e-01 0.000000000000000000e+00 2.048247610377787811e-03 0.000000000000000000e+00
1.725000000000000000e+03 6.900071703076271490e-02 4.585798816568047165e-02 9.510696404187528596e-01 0.000000000000000000e+00 3.072371415566681717e-03 0.000000000000000000e+00
1.750000000000000000e+03 7.000072742251295388e-02 4.062357760582612637e-02 9.566454255803368278e-01 0.000000000000000000e+00 2.730996813837050560e-03 0.000000000000000000e+00
1.775000000000000000e+03 7.100073781426319286e-02 4.665452890304961492e-02 9.501593081474738467e-01 0.000000000000000000e+00 3.186162949476558769e-03 0.000000000000000000e+00
1.800000000000000000e+03 7.200074820601320980e-02 4.699590350477924477e-02 9.503868912152936277e-01 0.000000000000000000e+00 2.617205279927173507e-03 0.000000000000000000e+00
1.825000000000000000e+03 7.300075859776344878e-02 4.984069185252617412e-02 9.476558944014564778e-01 0.000000000000000000e+00 2.503413746017296455e-03 0.000000000000000000e+00
1.850000000000000000e+03 7.400076898951368776e-02 6.030951297223486468e-02 9.353664087391898585e-01 0.000000000000000000e+00 4.324078288575329727e-03 0.000000000000000000e+00
1.875000000000000000e+03 7.500077938126392674e-02 5.974055530268548159e-02 9.354802002730996380e-01 0.000000000000000000e+00 4.779244424214838804e-03 0.000000000000000000e+00
1.900000000000000000e+03 7.600078977301394367e-02 6.429221665908056715e-02 9.316112881201638052e-01 0.000000000000000000e+00 4.096495220755575623e-03 0.000000000000000000e+00
1.925000000000000000e+03 7.700080016476418265e-02 7.214383249886208160e-02 9.237596722803823601e-01 0.000000000000000000e+00 4.096495220755575623e-03 0.000000000000000000e+00
1.950000000000000000e+03 7.800081055651442163e-02 6.964041875284478211e-02 9.241010468821119206e-01 0.000000000000000000e+00 6.258534365043240920e-03 0.000000000000000000e+00
1.975000000000000000e+03 7.900082094826466061e-02 8.545744196631770151e-02 9.082840236686390289e-01 0.000000000000000000e+00 6.258534365043240920e-03 0.000000000000000000e+00
2.000000000000000000e+03 8.000083134001489960e-02 9.000910332271279402e-02 9.027082385070550608e-01 0.000000000000000000e+00 7.282658170232134826e-03 0.000000000000000000e+00
2.025000000000000000e+03 8.100084173176491653e-02 8.909877105143376719e-02 9.028220300409649512e-01 0.000000000000000000e+00 8.079198907601274626e-03 0.000000000000000000e+00
2.050000000000000000e+03 8.200085212351515551e-02 9.808830223031406170e-02 8.926945835229859183e-01 0.000000000000000000e+00 9.217114246700046018e-03 0.000000000000000000e+00
2.075000000000000000e+03 8.300086251526539449e-02 1.017296313154301274e-01 8.903049613108784399e-01 0.000000000000000000e+00 7.965407373691398007e-03 0.000000000000000000e+00
2.100000000000000000e+03 8.400087290701563347e-02 1.158397815202548975e-01 8.716431497496586189e-01 0.000000000000000000e+00 1.251706873008648184e-02 0.000000000000000000e+00
2.125000000000000000e+03 8.500088329876565041e-02 1.296085571233500100e-01 8.565088757396449592e-01 0.000000000000000000e+00 1.388256713700500647e-02 0.000000000000000000e+00
2.150000000000000000e+03 8.600089369051588939e-02 1.329085116067364458e-01 8.510468821119708815e-01 0.000000000000000000e+00 1.604460628129267263e-02 0.000000000000000000e+00
2.175000000000000000e+03 8.700090408226612837e-02 1.332498862084660896e-01 8.468365953573053773e-01 0.000000000000000000e+00 1.991351843422849502e-02 0.000000000000000000e+00
2.200000000000000000e+03 8.800091447401636735e-02 1.574874829312699065e-01 8.185025034137459743e-01 0.000000000000000000e+00 2.401001365498407064e-02 0.000000000000000000e+00
2.225000000000000000e+03 8.900092486576638429e-02 1.761492944924897552e-01 7.949476558944014171e-01 0.000000000000000000e+00 2.890304961310878606e-02 0.000000000000000000e+00
2.250000000000000000e+03 9.000093525751662327e-02 1.932180245789713313e-01 7.702548930359581769e-01 2.275830678197542133e-04 3.629949931725079404e-02 0.000000000000000000e+00
2.275000000000000000e+03 9.100094564926686225e-02 2.072143832498861971e-01 7.403277196176604180e-01 5.689576695493854790e-04 5.188893946290396020e-02 0.000000000000000000e+00
2.300000000000000000e+03 9.200095604101710123e-02 2.370277651342740100e-01 7.064178425125170468e-01 4.551661356395084266e-04 5.609922621756941591e-02 0.000000000000000000e+00
2.325000000000000000e+03 9.300096643276711816e-02 2.478379608557123304e-01 6.780837505689576439e-01 1.137915339098770958e-03 7.294037323623121793e-02 0.000000000000000000e+00
2.350000000000000000e+03 9.400097682451735714e-02 2.726445152480655443e-01 6.329085116067364458e-01 3.186162949476558769e-03 9.126081019572143682e-02 0.000000000000000000e+00
2.375000000000000000e+03 9.500098721626759612e-02 2.808375056895767163e-01 5.979745106964041712e-01 5.689576695493855224e-03 1.154984069185252676e-01 0.000000000000000000e+00
2.400000000000000000e+03 9.600099760801783511e-02 3.144060081929904160e-01 5.455166135639508695e-01 6.827492034592626616e-03 1.332498862084660896e-01 0.000000000000000000e+00
2.425000000000000000e+03 9.700100799976785204e-02 3.248748293126991205e-01 5.097860719162494725e-01 8.648156577150659455e-03 1.566909421939007840e-01 0.000000000000000000e+00
2.450000000000000000e+03 9.800101839151809102e-02 3.426263086026399840e-01 4.722348657259899940e-01 1.046882111970869403e-02 1.746700045516613453e-01 0.000000000000000000e+00
2.475000000000000000e+03 9.900102878326833000e-02 3.488848429676831842e-01 4.400318616294947582e-01 1.206190259444697363e-02 1.990213928083750528e-01 0.000000000000000000e+00
2.500000000000000000e+03 1.000010391750185690e-01 3.620846609012289274e-01 4.071461083295402905e-01 1.388256713700500647e-02 2.168866636322257513e-01 0.000000000000000000e+00
2.525000000000000000e+03 1.010010495667685859e-01 3.774465179790623681e-01 3.773327264451524776e-01 1.228948566226672687e-02 2.329312699135184239e-01 0.000000000000000000e+00
2.550000000000000000e+03 1.020010599585188249e-01 3.838188438780154588e-01 3.541192535275375364e-01 1.945835229858898507e-02 2.426035502958579781e-01 0.000000000000000000e+00
2.575000000000000000e+03 1.030010703502690639e-01 3.839326354119253493e-01 3.447883477469276259e-01 2.025489303595812488e-02 2.510241238051889034e-01 0.000000000000000000e+00
2.600000000000000000e+03 1.040010807420193029e-01 3.883705052344105790e-01 3.314747382794719921e-01 2.253072371415566766e-02 2.576240327719617751e-01 0.000000000000000000e+00
2.625000000000000000e+03 1.050010911337693198e-01 3.758534365043240677e-01 3.311333636777423761e-01 3.265817023213472836e-02 2.603550295857988139e-01 0.000000000000000000e+00
2.650000000000000000e+03 1.060011015255195588e-01 3.936049157942649313e-01 3.163404642694583324e-01 3.743741465634956717e-02 2.526172052799271484e-01 0.000000000000000000e+00
2.675000000000000000e+03 1.070011119172697978e-01 4.021392808375056638e-01 2.991579426490669213e-01 4.824761037778789452e-02 2.504551661356395065e-01 0.000000000000000000e+00
2.700000000000000000e+03 1.080011223090200367e-01 4.019116977696859383e-01 2.977924442421484019e-01 5.166135639508420696e-02 2.486345015930814806e-01 0.000000000000000000e+00
2.725000000000000000e+03 1.090011327007700537e-01 4.010013654984069253e-01 2.899408284023668458e-01 5.939918070095585173e-02 2.496586253982703563e-01 0.000000000000000000e+00
2.750000000000000000e+03 1.100011430925202927e-01 4.129494765589440397e-01 2.839098771051433712e-01 6.440600819299044377e-02 2.387346381429221731e-01 0.000000000000000000e+00
2.775000000000000000e+03 1.110011534842705316e-01 4.079426490669094130e-01 2.853891670459717811e-01 6.554392353208920996e-02 2.411242603550295960e-01 0.000000000000000000e+00
2.800000000000000000e+03 1.120011638760207706e-01 4.284251251706873154e-01 2.734410559854346667e-01 7.476103777878925771e-02 2.233727810650887602e-01 0.000000000000000000e+00
2.825000000000000000e+03 1.130011742677707876e-01 4.271734182976786309e-01 2.626308602639963463e-01 8.113336367774237612e-02 2.290623577605826189e-01 0.000000000000000000e+00
2.850000000000000000e+03 1.140011846595210265e-01 4.250113791533909890e-01 2.608101957214383204e-01 7.658170232134729749e-02 2.375967228038234069e-01 0.000000000000000000e+00
2.875000000000000000e+03 1.150011950512712655e-01 4.243286299499317016e-01 2.584205735093308975e-01 7.726445152480655720e-02 2.399863450159308020e-01 0.000000000000000000e+00
2.900000000000000000e+03 1.160012054430215045e-01 4.330905780609922706e-01 2.547792444242148457e-01 7.726445152480655720e-02 2.348657259899863403e-01 0.000000000000000000e+00
2.925000000000000000e+03 1.170012158347717435e-01 4.472007282658170269e-01 2.399863450159308020e-01 7.806099226217569353e-02 2.347519344560764776e-01 0.000000000000000000e+00
2.950000000000000000e+03 1.180012262265217604e-01 4.403732362312243742e-01 2.266727355484751960e-01 7.794720072826581692e-02 2.550068274920345712e-01 0.000000000000000000e+00
2.975000000000000000e+03 1.190012366182719994e-01 4.613108784706417831e-01 2.045971779699590487e-01 7.851615839781520001e-02 2.555757851615839682e-01 0.000000000000000000e+00
3.000000000000000000e+03 1.200012470100222384e-01 4.643832498862084934e-01 2.038006372325898985e-01 8.124715521165225274e-02 2.505689576695493970e-01 0.000000000000000000e+00
3.025000000000000000e+03 1.210012574017724774e-01 4.613108784706417831e-01 2.024351388256713791e-01 8.431952662721893532e-02 2.519344560764679164e-01 0.000000000000000000e+00
3.050000000000000000e+03 1.220012677935224943e-01 4.630177514792899185e-01 2.025489303595812418e-01 8.670914883932635819e-02 2.477241693218024676e-01 0.000000000000000000e+00
3.075000000000000000e+03 1.230012781852727333e-01 4.591488393263541412e-01 2.039144287664997612e-01 8.761948111060537114e-02 2.493172507965407403e-01 0.000000000000000000e+00
3.100000000000000000e+03 1.240012885770229722e-01 4.677969959035047642e-01 1.990213928083750528e-01 9.114701866181156020e-02 2.420345926263086089e-01 0.000000000000000000e+00
3.125000000000000000e+03 1.250012989687732112e-01 4.712107419208010906e-01 1.969731451979972736e-01 1.000227583067819781e-01 2.317933545744196577e-01 0.000000000000000000e+00
3.150000000000000000e+03 1.260013093605232282e-01 4.763313609467455523e-01 1.873008648156577194e-01 9.751934456076467861e-02 2.388484296768320359e-01 0.000000000000000000e+00
3.175000000000000000e+03 1.270013197522734671e-01 4.795175238962220976e-01 1.818388711879836139e-01 9.706417842512517213e-02 2.415794264906691025e-01 0.000000000000000000e+00
3.200000000000000000e+03 1.280013301440237061e-01 4.700728265817022966e-01 1.737596722803823324e-01 9.877105143377332142e-02 2.573964497041419941e-01 0.000000000000000000e+00
3.225000000000000000e+03 1.290013405357739451e-01 4.658625398270368478e-01 1.807009558488848477e-01 1.081019572143832458e-01 2.453345471096950448e-01 0.000000000000000000e+00
3.250000000000000000e+03 1.300013509275239620e-01 4.689349112426035582e-01 1.753527537551206328e-01 1.133363677742375980e-01 2.423759672280382249e-01 0.000000000000000000e+00
3.275000000000000000e+03 1.310013613192742010e-01 4.731451979972690070e-01 1.698907601274465273e-01 1.117432862994993115e-01 2.452207555757851543e-01 0.000000000000000000e+00
3.300000000000000000e+03 1.320013717110244400e-01 4.655211652253072319e-01 1.754665452890304955e-01 1.182294037323623065e-01 2.407828857532999522e-01 0.000000000000000000e+00
3.325000000000000000e+03 1.330013821027746790e-01 4.623350022758306865e-01 1.761492944924897552e-01 1.209604005461993592e-01 2.405553026854801990e-01 0.000000000000000000e+00
3.350000000000000000e+03 1.340013924945246959e-01 4.916932180245789930e-01 1.610150204824760956e-01 1.164087391898042806e-01 2.308830223031406448e-01 0.000000000000000000e+00
3.375000000000000000e+03 1.350014028862749349e-01 4.918070095584888279e-01 1.500910332271279124e-01 1.167501137915339104e-01 2.413518434228493492e-01 0.000000000000000000e+00
3.400000000000000000e+03 1.360014132780251739e-01 4.883932635411925571e-01 1.580564406008193035e-01 1.165225307237141572e-01 2.370277651342740100e-01 0.000000000000000000e+00
3.425000000000000000e+03 1.370014236697754129e-01 4.985207100591715901e-01 1.512289485662266786e-01 1.191397360036413333e-01 2.311106053709603980e-01 0.000000000000000000e+00
3.450000000000000000e+03 1.380014340615254298e-01 5.044378698224851743e-01 1.483841602184797492e-01 1.149294492489758707e-01 2.322485207100591642e-01 0.000000000000000000e+00
3.475000000000000000e+03 1.390014444532756688e-01 5.022758306781975879e-01 1.439462903959945472e-01 1.119708693673190647e-01 2.418070095584888557e-01 0.000000000000000000e+00
3.500000000000000000e+03 1.400014548450259078e-01 5.168411470186617951e-01 1.385980883022303045e-01 1.068502503413746030e-01 2.377105143377332697e-01 0.000000000000000000e+00
3.525000000000000000e+03 1.410014652367761467e-01 5.238962221210742287e-01 1.294947655894401473e-01 1.120846609012289552e-01 2.345243513882567243e-01 0.000000000000000000e+00
3.550000000000000000e+03 1.420014756285261637e-01 5.270823850705507185e-01 1.323395539371870766e-01 1.062812926718252199e-01 2.342967683204369711e-01 0.000000000000000000e+00
3.575000000000000000e+03 1.430014860202764027e-01 5.161583978152025631e-01 1.283568502503413811e-01 1.141329085116067343e-01 2.413518434228493492e-01 0.000000000000000000e+00
3.600000000000000000e+03 1.440014964120266416e-01 5.332271279016841392e-01 1.210741920801092358e-01 1.123122439690487084e-01 2.333864360491579304e-01 0.000000000000000000e+00
3.625000000000000000e+03 1.450015068037768806e-01 5.385753299954483264e-01 1.225534820209376458e-01 1.191397360036413333e-01 2.197314519799726806e-01 0.000000000000000000e+00
3.650000000000000000e+03 1.460015171955268976e-01 5.456304050978607600e-01 1.165225307237141572e-01 1.164087391898042806e-01 2.214383249886208438e-01 0.000000000000000000e+00
3.675000000000000000e+03 1.470015275872771365e-01 5.415339098771051463e-01 1.266499772416932179e-01 1.250568957669549452e-01 2.067592171142466906e-01 0.000000000000000000e+00
3.700000000000000000e+03 1.480015379790273755e-01 5.527992717341829731e-01 1.172052799271734169e-01 1.269913518434228616e-01 2.030040964952207483e-01 0.000000000000000000e+00
3.725000000000000000e+03 1.490015483707776145e-01 5.454028220300409791e-01 1.191397360036413333e-01 1.224396904870277691e-01 2.130177514792899462e-01 0.000000000000000000e+00
3.750000000000000000e+03 1.500015587625276314e-01 5.649749658625398130e-01 1.121984524351388318e-01 1.228948566226672756e-01 1.999317250796540657e-01 0.000000000000000000e+00
3.775000000000000000e+03 1.510015691542778704e-01 5.673645880746472914e-01 1.111743286299499284e-01 1.184569868001820597e-01 2.030040964952207483e-01 0.000000000000000000e+00
3.800000000000000000e+03 1.520015795460281094e-01 5.739644970414201630e-01 1.127674101046882149e-01 1.238051888939462886e-01 1.894629039599453890e-01 0.000000000000000000e+00
3.825000000000000000e+03 1.530015899377783484e-01 5.855712335002275504e-01 1.069640418752844796e-01 1.230086481565771522e-01 1.844560764679107900e-01 0.000000000000000000e+00
3.850000000000000000e+03 1.540016003295283653e-01 5.875056895766954668e-01 1.027537551206190308e-01 1.239189804278561652e-01 1.858215748748293095e-01 0.000000000000000000e+00
3.875000000000000000e+03 1.550016107212786043e-01 5.789713245334546787e-01 1.048020027309968100e-01 1.261948111060537114e-01 1.900318616294947582e-01 0.000000000000000000e+00
3.900000000000000000e+03 1.560016211130288433e-01 5.997951752389621971e-01 9.888484296768319803e-02 1.234638142922166587e-01 1.778561675011379184e-01 0.000000000000000000e+00
3.925000000000000000e+03 1.570016315047790822e-01 6.003641329085116496e-01 9.604005461993628257e-02 1.219845243513882627e-01 1.816112881201638607e-01 0.000000000000000000e+00
3.950000000000000000e+03 1.580016418965293212e-01 6.107191624943104635e-01 9.558488848429676221e-02 1.213017751479289891e-01 1.723941738734638129e-01 0.000000000000000000e+00
3.975000000000000000e+03 1.590016522882793382e-01 6.095812471552116696e-01 9.535730541647700897e-02 1.271051433773327244e-01 1.679563040509786109e-01 0.000000000000000000e+00
4.000000000000000000e+03 1.600016626800295771e-01 6.131087847064178309e-01 9.592626308602640595e-02 1.241465634956759184e-01 1.668183887118798447e-01 0.000000000000000000e+00
4.025000000000000000e+03 1.610016730717798161e-01 6.183431952662722386e-01 9.228493400091032639e-02 1.249431042330450548e-01 1.644287664997724219e-01 0.000000000000000000e+00
4.050000000000000000e+03 1.620016834635300551e-01 6.145880746472462963e-01 8.807464724624487762e-02 1.232362312243969055e-01 1.741010468821119761e-01 0.000000000000000000e+00
4.075000000000000000e+03 1.630016938552800720e-01 6.242603550295857673e-01 9.080564406008193035e-02 1.231224396904870289e-01 1.618115612198452458e-01 0.000000000000000000e+00
4.100000000000000000e+03 1.640017042470303110e-01 6.234638142922166448e-01 9.194355939918069653e-02 1.197086936731907164e-01 1.648839326354119283e-01 0.000000000000000000e+00
4.125000000000000000e+03 1.650017146387805500e-01 6.304050978607191880e-01 8.898497951752389057e-02 1.218707328174783860e-01 1.587391898042785632e-01 0.000000000000000000e+00
4.150000000000000000e+03 1.660017250305307890e-01 6.312016385980883104e-01 8.887118798361401395e-02 1.294947655894401473e-01 1.504324078288575284e-01 0.000000000000000000e+00
4.175000000000000000e+03 1.670017354222808059e-01 6.390532544378698665e-01 8.670914883932635819e-02 1.269913518434228616e-01 1.471324533454710926e-01 1.137915339098771066e-04
4.200000000000000000e+03 1.680017458140310449e-01 6.379153390987710726e-01 8.830223031406463086e-02 1.268775603095129711e-01 1.469048702776513393e-01 0.000000000000000000e+00
4.225000000000000000e+03 1.690017562057812839e-01 6.286982248520710526e-01 8.887118798361401395e-02 1.296085571233500100e-01 1.528220300409649512e-01 0.000000000000000000e+00
4.250000000000000000e+03 1.700017665975315229e-01 6.424670004551661373e-01 8.693673190714611143e-02 1.301775147928994070e-01 1.404187528447883582e-01 0.000000000000000000e+00
4.275000000000000000e+03 1.710017769892815398e-01 6.341602184797451303e-01 8.784706417842512438e-02 1.359808830223031284e-01 1.420118343195266308e-01 0.000000000000000000e+00
4.300000000000000000e+03 1.720017873810317788e-01 6.506599908966772539e-01 8.636777423759672834e-02 1.298361401911697632e-01 1.331360946745562268e-01 0.000000000000000000e+00
4.325000000000000000e+03 1.730017977727820178e-01 6.525944469731451703e-01 8.329540282203004575e-02 1.286982248520709970e-01 1.354119253527537592e-01 0.000000000000000000e+00
4.350000000000000000e+03 1.740018081645322567e-01 6.405325443786982209e-01 8.375056895766955223e-02 1.338188438780154865e-01 1.418980427856167403e-01 0.000000000000000000e+00
4.375000000000000000e+03 1.750018185562822737e-01 6.532771961766045132e-01 8.329540282203004575e-02 1.338188438780154865e-01 1.296085571233500100e-01 0.000000000000000000e+00
4.400000000000000000e+03 1.760018289480325127e-01 6.581702321347291385e-01 8.284023668639053928e-02 1.331360946745562268e-01 1.258534365043240677e-01 0.000000000000000000e+00
4.425000000000000000e+03 1.770018393397827516e-01 6.450842057350932857e-01 8.818843878015475424e-02 1.340464269458352398e-01 1.326809285389166926e-01 0.000000000000000000e+00
4.450000000000000000e+03 1.780018497315329906e-01 6.605598543468366168e-01 8.579881656804733137e-02 1.304050978607191602e-01 1.232362312243969055e-01 0.000000000000000000e+00
4.475000000000000000e+03 1.790018601232830076e-01 6.579426490669094685e-01 9.262630860263997012e-02 1.283568502503413811e-01 1.210741920801092358e-01 0.000000000000000000e+00
4.500000000000000000e+03 1.800018705150332465e-01 6.701183431952663083e-01 8.602639963586708460e-02 1.247155211652253015e-01 1.190259444697314567e-01 1.137915339098771066e-04
4.525000000000000000e+03 1.810018809067834855e-01 6.604460628129267263e-01 8.636777423759672834e-02 1.276741010468821214e-01 1.255120619025944517e-01 0.000000000000000000e+00
4.550000000000000000e+03 1.820018912985337245e-01 6.626081019572144237e-01 8.591260810195720798e-02 1.283568502503413811e-01 1.231224396904870289e-01 0.000000000000000000e+00
4.575000000000000000e+03 1.830019016902837414e-01 6.700045516613564178e-01 8.659535730541648157e-02 1.247155211652253015e-01 1.186845698680018268e-01 0.000000000000000000e+00
4.600000000000000000e+03 1.840019120820339804e-01 6.692080109239872954e-01 8.170232134729175921e-02 1.264223941738734647e-01 1.226672735548475224e-01 0.000000000000000000e+00
4.625000000000000000e+03 1.850019224737842194e-01 6.671597633136094885e-01 8.067819754210286964e-02 1.286982248520709970e-01 1.234638142922166587e-01 0.000000000000000000e+00
4.650000000000000000e+03 1.860019328655344584e-01 6.645425580336823401e-01 8.591260810195720798e-02 1.301775147928994070e-01 1.193673190714610866e-01 0.000000000000000000e+00
4.675000000000000000e+03 1.870019432572844753e-01 6.711424670004552118e-01 8.340919435593992237e-02 1.282430587164314906e-01 1.172052799271734169e-01 0.000000000000000000e+00
4.700000000000000000e+03 1.880019536490347143e-01 6.810423304506144637e-01 8.090578060992262288e-02 1.217569412835685094e-01 1.162949476558944040e-01 0.000000000000000000e+00
4.725000000000000000e+03 1.890019640407849533e-01 6.754665452890304955e-01 8.067819754210286964e-02 1.252844788347746985e-01 1.185707783340919502e-01 0.000000000000000000e+00
4.750000000000000000e+03 1.900019744325351922e-01 6.786527082385070964e-01 7.828857532999544677e-02 1.289258079198907503e-01 1.141329085116067343e-01 0.000000000000000000e+00
4.775000000000000000e+03 1.910019848242852092e-01 6.810423304506144637e-01 7.703686845698680397e-02 1.285844333181611343e-01 1.133363677742375980e-01 0.000000000000000000e+00
4.800000000000000000e+03 1.920019952160354482e-01 6.811561219845243542e-01 7.862994993172507663e-02 1.309740555302685572e-01 1.092398725534820259e-01 0.000000000000000000e+00
4.825000000000000000e+03 1.930020056077856871e-01 6.744424214838415921e-01 7.783340919435594030e-02 1.363222576240327721e-01 1.114019116977696816e-01 0.000000000000000000e+00
4.850000000000000000e+03 1.940020159995359261e-01 6.753527537551206050e-01 7.919890760127445972e-02 1.365498406918525254e-01 1.088984979517523960e-01 0.000000000000000000e+00
4.875000000000000000e+03 1.950020263912861651e-01 6.761492944924897275e-01 8.318161128812016913e-02 1.327947200728265831e-01 1.078743741465634925e-01 0.000000000000000000e+00
4.900000000000000000e+03 1.960020367830361820e-01 6.728493400091033472e-01 8.340919435593992237e-02 1.396222121074192080e-01 1.040054619936276736e-01 1.137915339098771066e-04
4.925000000000000000e+03 1.970020471747864210e-01 6.795630405097861093e-01 8.261265361857077216e-02 1.431497496586253970e-01 9.467455621301774926e-02 0.000000000000000000e+00
4.950000000000000000e+03 1.980020575665366600e-01 6.762630860263996180e-01 8.386436049157942885e-02 1.418980427856167403e-01 9.797451069640418508e-02 0.000000000000000000e+00
4.975000000000000000e+03 1.990020679582868990e-01 6.755803368229403860e-01 8.830223031406463086e-02 1.428083750568957533e-01 9.330905780609922984e-02 0.000000000000000000e+00
5.000000000000000000e+03 2.000020783500369159e-01 6.801319981793354508e-01 8.773327264451524776e-02 1.409877105143377274e-01 9.114701866181156020e-02 0.000000000000000000e+00
5.025000000000000000e+03 2.010020887417871549e-01 6.777423759672280834e-01 8.625398270368685172e-02 1.418980427856167403e-01 9.410559854346836617e-02 0.000000000000000000e+00
5.050000000000000000e+03 2.020020991335373939e-01 6.705735093309057593e-01 8.761948111060537114e-02 1.453117888029130667e-01 9.649522075557578904e-02 0.000000000000000000e+00
5.075000000000000000e+03 2.030021095252876329e-01 6.808147473827946827e-01 8.864360491579426071e-02 1.438324988620846567e-01 8.670914883932635819e-02 0.000000000000000000e+00
5.100000000000000000e+03 2.040021199170376498e-01 6.818388711879835862e-01 8.727810650887574129e-02 1.472462448793809831e-01 8.363677742375967561e-02 0.000000000000000000e+00
5.125000000000000000e+03 2.050021303087878888e-01 6.786527082385070964e-01 8.249886208466089554e-02 1.490669094219390090e-01 8.978152025489304078e-02 0.000000000000000000e+00
5.150000000000000000e+03 2.060021407005381278e-01 6.903732362312243742e-01 8.204369594902138907e-02 1.459945380063723264e-01 8.158852981338188259e-02 0.000000000000000000e+00
5.175000000000000000e+03 2.070021510922883667e-01 6.859353664087392000e-01 8.010923987255348655e-02 1.453117888029130667e-01 8.864360491579426071e-02 0.000000000000000000e+00
5.200000000000000000e+03 2.080021614840383837e-01 6.885525716886663483e-01 7.919890760127445972e-02 1.425807919890760000e-01 8.966772872098316416e-02 0.000000000000000000e+00
5.225000000000000000e+03 2.090021718757886227e-01 6.846836595357305155e-01 8.056440600819299303e-02 1.454255803368229294e-01 8.932635411925353430e-02 0.000000000000000000e+00
5.250000000000000000e+03 2.100021822675388616e-01 6.768320436959490705e-01 8.363677742375967561e-02 1.527082385070550885e-01 8.682294037323623481e-02 0.000000000000000000e+00
5.275000000000000000e+03 2.110021926592891006e-01 6.805871643149750128e-01 8.318161128812016913e-02 1.464497041420118328e-01 8.978152025489304078e-02 0.000000000000000000e+00
5.300000000000000000e+03 2.120022030510391176e-01 6.753527537551206050e-01 8.602639963586708460e-02 1.484979517523896120e-01 9.012289485662267063e-02 0.000000000000000000e+00
5.325000000000000000e+03 2.130022134427893565e-01 6.783113336367774249e-01 8.170232134729175921e-02 1.505461993627674189e-01 8.944014565316341092e-02 0.000000000000000000e+00
5.350000000000000000e+03 2.140022238345395955e-01 6.758079198907601670e-01 8.272644515248064878e-02 1.547564861174328676e-01 8.670914883932635819e-02 0.000000000000000000e+00
5.375000000000000000e+03 2.150022342262898345e-01 6.747837960855712636e-01 8.443331816112881194e-02 1.525944469731451980e-01 8.807464724624487762e-02 1.137915339098771066e-04
5.400000000000000000e+03 2.160022446180398514e-01 6.805871643149750128e-01 8.375056895766955223e-02 1.541875284478834707e-01 8.147473827947200598e-02 0.000000000000000000e+00
5.425000000000000000e+03 2.170022550097900904e-01 6.800182066454255603e-01 8.295402822030041590e-02 1.588529813381884259e-01 7.817478379608557015e-02 0.000000000000000000e+00
5.450000000000000000e+03 2.180022654015403294e-01 6.857077833409194190e-01 7.817478379608557015e-02 1.566909421939007840e-01 7.942649066909421296e-02 0.000000000000000000e+00
5.475000000000000000e+03 2.190022757932905684e-01 6.818388711879835862e-01 8.079198907601274626e-02 1.610150204824760956e-01 7.635411925352754425e-02 0.000000000000000000e+00
5.500000000000000000e+03 2.200022861850405853e-01 6.725079654073736757e-01 8.522985889849794827e-02 1.598771051433773294e-01 8.238507055075101893e-02 0.000000000000000000e+00
5.525000000000000000e+03 2.210022965767908243e-01 6.834319526627219421e-01 8.306781975421029252e-02 1.571461083295402905e-01 7.635411925352754425e-02 0.000000000000000000e+00
5.550000000000000000e+03 2.220023069685410633e-01 6.800182066454255603e-01 8.295402822030041590e-02 1.586253982703686727e-01 7.828857532999544677e-02 1.137915339098771066e-04
5.575000000000000000e+03 2.230023173602913023e-01 6.736458807464724696e-01 8.192990441511151245e-02 1.629494765589440120e-01 8.147473827947200598e-02 0.000000000000000000e+00
5.600000000000000000e+03 2.240023277520413192e-01 6.742148384160218111e-01 8.375056895766955223e-02 1.629494765589440120e-01 7.897132453345470648e-02 1.137915339098771066e-04
5.625000000000000000e+03 2.250023381437915582e-01 6.781975421028675344e-01 8.295402822030041590e-02 1.642011834319526686e-01 7.453345471096950448e-02 1.137915339098771066e-04
5.650000000000000000e+03 2.260023485355417971e-01 6.789940828402366568e-01 8.454710969503868856e-02 1.609012289485662328e-01 7.555757851615839404e-02 0.000000000000000000e+00
5.675000000000000000e+03 2.270023589272920361e-01 6.607874374146563978e-01 8.716431497496586467e-02 1.714838416021848000e-01 8.056440600819299303e-02 0.000000000000000000e+00
