# itime ezz other fcc hcp bcc ico
0.000000000000000000e+00 0.000000000000000000e+00 0.000000000000000000e+00 1.000000000000000000e+00 0.000000000000000000e+00 0.000000000000000000e+00 0.000000000000000000e+00
4.000000000000000000e+04 1.000001704774611255e-02 0.000000000000000000e+00 1.000000000000000000e+00 0.000000000000000000e+00 0.000000000000000000e+00 0.000000000000000000e+00
8.000000000000000000e+04 2.000003409549222511e-02 0.000000000000000000e+00 1.000000000000000000e+00 0.000000000000000000e+00 0.000000000000000000e+00 0.000000000000000000e+00
1.200000000000000000e+05 3.000005114323833766e-02 0.000000000000000000e+00 1.000000000000000000e+00 0.000000000000000000e+00 0.000000000000000000e+00 0.000000000000000000e+00
1.600000000000000000e+05 4.000006819098445021e-02 0.000000000000000000e+00 1.000000000000000000e+00 0.000000000000000000e+00 0.000000000000000000e+00 0.000000000000000000e+00
2.000000000000000000e+05 5.000008523873056276e-02 0.000000000000000000e+00 1.000000000000000000e+00 0.000000000000000000e+00 0.000000000000000000e+00 0.000000000000000000e+00
2.400000000000000000e+05 6.000010228647667532e-02 0.000000000000000000e+00 1.000000000000000000e+00 0.000000000000000000e+00 0.000000000000000000e+00 0.000000000000000000e+00
2.800000000000000000e+05 7.000011933422278787e-02 4.551661356395084266e-04 9.995448338643604380e-01 0.000000000000000000e+00 0.000000000000000000e+00 0.000000000000000000e+00
3.200000000000000000e+05 8.000013638196890042e-02 1.137915339098771066e-04 9.998862084660901095e-01 0.000000000000000000e+00 0.000000000000000000e+00 0.000000000000000000e+00
3.600000000000000000e+05 9.000015342971501298e-02 1.137915339098770958e-03 9.987482931269913156e-01 0.000000000000000000e+00 1.137915339098771066e-04 0.000000000000000000e+00
4.000000000000000000e+05 1.000001704774611255e-01 3.868912152935821518e-03 9.959035047792443862e-01 0.000000000000000000e+00 2.275830678197542133e-04 0.000000000000000000e+00
4.400000000000000000e+05 1.100001875252072381e-01 8.932635411925353430e-02 5.518889394629039602e-01 3.524123805188894010e-01 6.372325898953117539e-03 0.000000000000000000e+00
4.800000000000000000e+05 1.200002045729533506e-01 1.004779244424214846e-01 5.466545289030496635e-01 3.454710969503869133e-01 7.396449704142011444e-03 0.000000000000000000e+00
5.200000000000000000e+05 1.300002216206994632e-01 1.215293582157487423e-01 5.443786982248520756e-01 3.203231679563040557e-01 1.376877560309512985e-02 0.000000000000000000e+00
5.600000000000000000e+05 1.400002386684455757e-01 8.852981338188438409e-02 7.185935366408738867e-01 1.920801092398725651e-01 7.965407373691396923e-04 0.000000000000000000e+00
6.000000000000000000e+05 1.500002557161916883e-01 9.274010013654984674e-02 7.157487482931269573e-01 1.894629039599453890e-01 2.048247610377787811e-03 0.000000000000000000e+00
6.400000000000000000e+05 1.600002727639378008e-01 8.875739644970413733e-02 7.188211197086936677e-01 1.915111515703231682e-01 9.103322712790168532e-04 0.000000000000000000e+00
6.800000000000000000e+05 1.700002898116839134e-01 9.137460172963131344e-02 7.163177059626764098e-01 1.893491124260354985e-01 2.958579881656804664e-03 0.000000000000000000e+00
7.200000000000000000e+05 1.800003068594300260e-01 0.000000000000000000e+00 9.230769230769231282e-01 7.692307692307692735e-02 0.000000000000000000e+00 0.000000000000000000e+00
7.600000000000000000e+05 1.900003239071761385e-01 0.000000000000000000e+00 9.230769230769231282e-01 7.692307692307692735e-02 0.000000000000000000e+00 0.000000000000000000e+00
8.000000000000000000e+05 2.000003409549222511e-01 0.000000000000000000e+00 9.230769230769231282e-01 7.692307692307692735e-02 0.000000000000000000e+00 0.000000000000000000e+00
8.400000000000000000e+05 2.100003580026683636e-01 0.000000000000000000e+00 9.230769230769231282e-01 7.692307692307692735e-02 0.000000000000000000e+00 0.000000000000000000e+00
8.800000000000000000e+05 2.200003750504144762e-01 0.000000000000000000e+00 9.230769230769231282e-01 7.692307692307692735e-02 0.000000000000000000e+00 0.000000000000000000e+00
9.200000000000000000e+05 2.300003920981605887e-01 2.275830678197542133e-04 9.228493400091033472e-01 7.692307692307692735e-02 0.000000000000000000e+00 0.000000000000000000e+00
9.600000000000000000e+05 2.400004091459067013e-01 0.000000000000000000e+00 9.230769230769231282e-01 7.692307692307692735e-02 0.000000000000000000e+00 0.000000000000000000e+00
1.000000000000000000e+06 2.500004261936528138e-01 1.137915339098771066e-04 9.229631315430132377e-01 7.692307692307692735e-02 0.000000000000000000e+00 0.000000000000000000e+00
1.040000000000000000e+06 2.600004432413989264e-01 4.551661356395084266e-04 9.227355484751934567e-01 7.680928538916705073e-02 0.000000000000000000e+00 0.000000000000000000e+00
1.080000000000000000e+06 2.700004602891450389e-01 1.706873008648156654e-03 9.213700500682748817e-01 7.692307692307692735e-02 0.000000000000000000e+00 0.000000000000000000e+00
1.120000000000000000e+06 2.800004773368911515e-01 1.593081474738279385e-03 9.214838416021847722e-01 7.692307692307692735e-02 0.000000000000000000e+00 0.000000000000000000e+00
1.160000000000000000e+06 2.900004943846372640e-01 4.779244424214838804e-03 9.186390532544378429e-01 7.658170232134729749e-02 0.000000000000000000e+00 0.000000000000000000e+00
1.200000000000000000e+06 3.000005114323833766e-01 1.720527992717341692e-01 6.679563040509786109e-01 1.574874829312699065e-01 2.503413746017296455e-03 0.000000000000000000e+00
1.240000000000000000e+06 3.100005284801294891e-01 1.793354574419663283e-01 6.308602639963586389e-01 1.873008648156577194e-01 2.503413746017296455e-03 0.000000000000000000e+00
1.280000000000000000e+06 3.200005455278756017e-01 1.814974965862539702e-01 6.449704142011833952e-01 1.697769685935366368e-01 3.755120619025944465e-03 0.000000000000000000e+00
1.320000000000000000e+06 3.300005625756217142e-01 1.690942193900773771e-01 6.835457441966317216e-01 1.450842057350933134e-01 2.275830678197541916e-03 0.000000000000000000e+00
1.360000000000000000e+06 3.400005796233678268e-01 1.731907146108329631e-01 6.768320436959490705e-01 1.477014110150204895e-01 2.275830678197541916e-03 0.000000000000000000e+00
1.400000000000000000e+06 3.500005966711139394e-01 1.799044151115156975e-01 7.001593081474738467e-01 1.143604915794264876e-01 5.575785161583977738e-03 0.000000000000000000e+00
1.440000000000000000e+06 3.600006137188600519e-01 1.247155211652253015e-01 8.169094219390077294e-01 5.712335002275830548e-02 1.251706873008648227e-03 0.000000000000000000e+00
1.480000000000000000e+06 3.700006307666061645e-01 1.252844788347746985e-01 8.167956304050978389e-01 5.700955848884842886e-02 9.103322712790168532e-04 0.000000000000000000e+00
1.520000000000000000e+06 3.800006478143522770e-01 1.252844788347746985e-01 8.170232134729176199e-01 5.621301775147929253e-02 1.479289940828402332e-03 0.000000000000000000e+00
1.560000000000000000e+06 3.900006648620983896e-01 1.335912608101957333e-01 8.041647701411015481e-01 6.156121984524351443e-02 6.827492034592626399e-04 0.000000000000000000e+00
1.600000000000000000e+06 4.000006819098442801e-01 1.449704142011834229e-01 7.866408739189804100e-01 6.713700500682749650e-02 1.251706873008648227e-03 0.000000000000000000e+00
1.640000000000000000e+06 4.100006989575906147e-01 1.538461538461538547e-01 7.645653163404643182e-01 8.022303140646336317e-02 1.365498406918525280e-03 0.000000000000000000e+00
1.680000000000000000e+06 4.200007160053367272e-01 1.341602184797451025e-01 8.162266727355484974e-01 4.961310878470642088e-02 0.000000000000000000e+00 0.000000000000000000e+00
1.720000000000000000e+06 4.300007330530828398e-01 1.341602184797451025e-01 8.162266727355484974e-01 4.961310878470642088e-02 0.000000000000000000e+00 0.000000000000000000e+00
1.760000000000000000e+06 4.400007501008287303e-01 1.341602184797451025e-01 8.162266727355484974e-01 4.961310878470642088e-02 0.000000000000000000e+00 0.000000000000000000e+00
1.800000000000000000e+06 4.500007671485748428e-01 1.342740100136549930e-01 8.161128812016386069e-01 4.961310878470642088e-02 0.000000000000000000e+00 0.000000000000000000e+00
1.840000000000000000e+06 4.600007841963211774e-01 1.340464269458352398e-01 8.163404642694583879e-01 4.961310878470642088e-02 0.000000000000000000e+00 0.000000000000000000e+00
1.880000000000000000e+06 4.700008012440670679e-01 1.339326354119253493e-01 8.164542558033682784e-01 4.961310878470642088e-02 0.000000000000000000e+00 0.000000000000000000e+00
1.920000000000000000e+06 4.800008182918131805e-01 1.701183431952662806e-01 7.862994993172508496e-01 4.358215748748293233e-02 0.000000000000000000e+00 0.000000000000000000e+00
1.960000000000000000e+06 4.900008353395592930e-01 1.696631770596267741e-01 7.867546654528903005e-01 4.358215748748293233e-02 0.000000000000000000e+00 0.000000000000000000e+00
2.000000000000000000e+06 5.000008523873056276e-01 1.698907601274465273e-01 7.867546654528903005e-01 4.324078288575330248e-02 1.137915339098771066e-04 0.000000000000000000e+00
2.040000000000000000e+06 5.100008694350515182e-01 1.695493855257168836e-01 7.870960400546199720e-01 4.335457441966317910e-02 0.000000000000000000e+00 0.000000000000000000e+00
2.080000000000000000e+06 5.200008864827976307e-01 1.694355939918070209e-01 7.869822485207100815e-01 4.358215748748293233e-02 0.000000000000000000e+00 0.000000000000000000e+00
2.120000000000000000e+06 5.300009035305437433e-01 1.680700955848884737e-01 7.882339553937186549e-01 4.369594902139280895e-02 0.000000000000000000e+00 0.000000000000000000e+00
2.160000000000000000e+06 5.400009205782900779e-01 1.827492034592626269e-01 7.042558033682293495e-01 1.126536185707783383e-01 3.413746017296313199e-04 0.000000000000000000e+00
2.200000000000000000e+06 5.500009376260359684e-01 1.817250796540737234e-01 7.049385525716886924e-01 1.129949931725079681e-01 3.413746017296313199e-04 0.000000000000000000e+00
2.240000000000000000e+06 5.600009546737820809e-01 1.825216203914428736e-01 7.055075102412380339e-01 1.112881201638598050e-01 6.827492034592626399e-04 0.000000000000000000e+00
2.280000000000000000e+06 5.700009717215281935e-01 1.816112881201638607e-01 7.060764679107874864e-01 1.117432862994993115e-01 5.689576695493854790e-04 0.000000000000000000e+00
2.320000000000000000e+06 5.800009887692745281e-01 1.870732817478379661e-01 7.172280382339554228e-01 9.296768320436959998e-02 2.730996813837050560e-03 0.000000000000000000e+00
2.360000000000000000e+06 5.900010058170204186e-01 1.879836140191169791e-01 7.188211197086936677e-01 9.080564406008193035e-02 2.389622212107419402e-03 0.000000000000000000e+00
2.400000000000000000e+06 6.000010228647665311e-01 1.792216659080564378e-01 7.309968138370505075e-01 8.909877105143376719e-02 6.827492034592626399e-04 0.000000000000000000e+00
2.440000000000000000e+06 6.100010399125126437e-01 1.768320436959490149e-01 7.317933545744196300e-01 9.000910332271279402e-02 1.365498406918525280e-03 0.000000000000000000e+00
2.480000000000000000e+06 6.200010569602589783e-01 1.768320436959490149e-01 7.317933545744196300e-01 9.080564406008193035e-02 5.689576695493854790e-04 0.000000000000000000e+00
2.520000000000000000e+06 6.300010740080048688e-01 1.786527082385070686e-01 7.291761492944924816e-01 9.126081019572143682e-02 9.103322712790168532e-04 0.000000000000000000e+00
2.560000000000000000e+06 6.400010910557509813e-01 1.870732817478379661e-01 6.873008648156576639e-01 1.243741465634956717e-01 1.251706873008648227e-03 0.000000000000000000e+00
2.600000000000000000e+06 6.500011081034970939e-01 2.035730541647701453e-01 6.207328174783796060e-01 1.731907146108329631e-01 2.503413746017296455e-03 0.000000000000000000e+00
2.640000000000000000e+06 6.600011251512434285e-01 2.050523441055985552e-01 6.213017751479289474e-01 1.715976331360946627e-01 2.048247610377787811e-03 0.000000000000000000e+00
2.680000000000000000e+06 6.700011421989893190e-01 2.056213017751479244e-01 6.202776513427401550e-01 1.719390077378243065e-01 2.162039144287664864e-03 0.000000000000000000e+00
2.720000000000000000e+06 6.800011592467354316e-01 1.816112881201638607e-01 7.287209831588530307e-01 8.784706417842512438e-02 1.820664542558033706e-03 0.000000000000000000e+00
2.760000000000000000e+06 6.900011762944815441e-01 1.820664542558033672e-01 7.274692762858443462e-01 8.887118798361401395e-02 1.593081474738279385e-03 0.000000000000000000e+00
2.800000000000000000e+06 7.000011933422278787e-01 1.829767865270823801e-01 7.273554847519344557e-01 8.909877105143376719e-02 5.689576695493854790e-04 0.000000000000000000e+00
2.840000000000000000e+06 7.100012103899737692e-01 1.760355029585798925e-01 7.322485207100591920e-01 9.080564406008193035e-02 9.103322712790168532e-04 0.000000000000000000e+00
2.880000000000000000e+06 7.200012274377196597e-01 1.785389167045971781e-01 7.282658170232134687e-01 9.239872553482020301e-02 7.965407373691396923e-04 0.000000000000000000e+00
2.920000000000000000e+06 7.300012444854659943e-01 1.817250796540737234e-01 7.262175694128356618e-01 9.080564406008193035e-02 1.251706873008648227e-03 0.000000000000000000e+00
2.960000000000000000e+06 7.400012615332123289e-01 1.985662266727355463e-01 6.797906235776057793e-01 1.198224852071005930e-01 1.820664542558033706e-03 0.000000000000000000e+00
3.000000000000000000e+06 7.500012785809582194e-01 1.952662721893491105e-01 6.307464724624487484e-01 1.715976331360946627e-01 2.389622212107419402e-03 0.000000000000000000e+00
3.040000000000000000e+06 7.600012956287041099e-01 1.950386891215293572e-01 6.301775147928994070e-01 1.730769230769230727e-01 1.706873008648156654e-03 0.000000000000000000e+00
3.080000000000000000e+06 7.700013126764504445e-01 1.954938552571688637e-01 6.305188893946290785e-01 1.727355484751934567e-01 1.251706873008648227e-03 0.000000000000000000e+00
3.120000000000000000e+06 7.800013297241967791e-01 1.979972690031861493e-01 6.172052799271734447e-01 1.837733272644515303e-01 1.024123805188893906e-03 0.000000000000000000e+00
3.160000000000000000e+06 7.900013467719426696e-01 2.009558488848429691e-01 6.132225762403277214e-01 1.849112426035502965e-01 9.103322712790168532e-04 0.000000000000000000e+00
3.200000000000000000e+06 8.000013638196885601e-01 2.035730541647701453e-01 6.092398725534819981e-01 1.860491579426490627e-01 1.137915339098770958e-03 0.000000000000000000e+00
3.240000000000000000e+06 8.100013808674348947e-01 1.946973145197997135e-01 6.126536185707783799e-01 1.896904870277651423e-01 2.958579881656804664e-03 0.000000000000000000e+00
3.280000000000000000e+06 8.200013979151812293e-01 1.959490213928083702e-01 6.091260810195721076e-01 1.926490669094219343e-01 2.275830678197541916e-03 0.000000000000000000e+00
3.320000000000000000e+06 8.300014149629271198e-01 1.961766044606281234e-01 6.131087847064178309e-01 1.898042785616750050e-01 9.103322712790168532e-04 0.000000000000000000e+00
3.360000000000000000e+06 8.400014320106730104e-01 1.959490213928083702e-01 6.103777878925807920e-01 1.917387346381429214e-01 1.934456076467910759e-03 0.000000000000000000e+00
3.400000000000000000e+06 8.500014490584193450e-01 2.009558488848429691e-01 5.997951752389621971e-01 1.975421028675466428e-01 1.706873008648156654e-03 0.000000000000000000e+00
3.440000000000000000e+06 8.600014661061656795e-01 2.052799271734183084e-01 5.953573054164770229e-01 1.977696859353663961e-01 1.593081474738279385e-03 0.000000000000000000e+00
3.480000000000000000e+06 8.700014831539115701e-01 2.143832498862084657e-01 6.418980427856167958e-01 1.422394173873463841e-01 1.479289940828402332e-03 0.000000000000000000e+00
3.520000000000000000e+06 8.800015002016574606e-01 2.188211197086936677e-01 6.375739644970414011e-01 1.420118343195266308e-01 1.593081474738279385e-03 0.000000000000000000e+00
3.560000000000000000e+06 8.900015172494037952e-01 2.214383249886208438e-01 6.351843422849340337e-01 1.424670004551661373e-01 9.103322712790168532e-04 0.000000000000000000e+00
3.600000000000000000e+06 9.000015342971501298e-01 2.266727355484751960e-01 6.298361401911697355e-01 1.423532089212562468e-01 1.137915339098770958e-03 0.000000000000000000e+00
3.640000000000000000e+06 9.100015513448960203e-01 2.283796085571233592e-01 6.282430587164314906e-01 1.420118343195266308e-01 1.365498406918525280e-03 0.000000000000000000e+00
3.680000000000000000e+06 9.200015683926419108e-01 2.324761037778789174e-01 6.225534820209376319e-01 1.436049157942649035e-01 1.365498406918525280e-03 0.000000000000000000e+00
3.720000000000000000e+06 9.300015854403882454e-01 2.352071005917159841e-01 6.216431497496586189e-01 1.415566681838871244e-01 1.593081474738279385e-03 0.000000000000000000e+00
3.760000000000000000e+06 9.400016024881345800e-01 2.406690942193900895e-01 6.161811561219845412e-01 1.423532089212562468e-01 7.965407373691396923e-04 0.000000000000000000e+00
3.800000000000000000e+06 9.500016195358804705e-01 2.500000000000000000e-01 5.705507510241237812e-01 1.754665452890304955e-01 3.982703686845699004e-03 0.000000000000000000e+00
3.840000000000000000e+06 9.600016365836263610e-01 2.456759217114246607e-01 5.745334547109695045e-01 1.768320436959490149e-01 2.958579881656804664e-03 0.000000000000000000e+00
3.880000000000000000e+06 9.700016536313726956e-01 2.448793809740555383e-01 5.760127446517978589e-01 1.766044606281292617e-01 2.503413746017296455e-03 0.000000000000000000e+00
3.920000000000000000e+06 9.800016706791190302e-01 2.435138825671370189e-01 5.796540737369140217e-01 1.746700045516613453e-01 2.162039144287664864e-03 0.000000000000000000e+00
3.960000000000000000e+06 9.900016877268649207e-01 2.449931725079654010e-01 5.793126991351843502e-01 1.730769230769230727e-01 2.617205279927173507e-03 0.000000000000000000e+00
4.000000000000000000e+06 1.000001704774610811e+00 2.497724169321802468e-01 5.761265361857077494e-01 1.717114246700045532e-01 2.389622212107419402e-03 0.000000000000000000e+00
