# itime ezz other fcc hcp bcc ico
0.000000000000000000e+00 0.000000000000000000e+00 0.000000000000000000e+00 1.000000000000000000e+00 0.000000000000000000e+00 0.000000000000000000e+00 0.000000000000000000e+00
5.000000000000000000e+02 1.999982210272754912e-03 0.000000000000000000e+00 1.000000000000000000e+00 0.000000000000000000e+00 0.000000000000000000e+00 0.000000000000000000e+00
1.000000000000000000e+03 3.999964420545509824e-03 0.000000000000000000e+00 1.000000000000000000e+00 0.000000000000000000e+00 0.000000000000000000e+00 0.000000000000000000e+00
1.500000000000000000e+03 5.999946630818264737e-03 0.000000000000000000e+00 1.000000000000000000e+00 0.000000000000000000e+00 0.000000000000000000e+00 0.000000000000000000e+00
2.000000000000000000e+03 7.999928841091019649e-03 0.000000000000000000e+00 1.000000000000000000e+00 0.000000000000000000e+00 0.000000000000000000e+00 0.000000000000000000e+00
2.500000000000000000e+03 9.999911051363774561e-03 0.000000000000000000e+00 1.000000000000000000e+00 0.000000000000000000e+00 0.000000000000000000e+00 0.000000000000000000e+00
3.000000000000000000e+03 1.199989326163652947e-02 0.000000000000000000e+00 1.000000000000000000e+00 0.000000000000000000e+00 0.000000000000000000e+00 0.000000000000000000e+00
3.500000000000000000e+03 1.399987547190928439e-02 0.000000000000000000e+00 1.000000000000000000e+00 0.000000000000000000e+00 0.000000000000000000e+00 0.000000000000000000e+00
4.000000000000000000e+03 1.599985768218203930e-02 0.000000000000000000e+00 1.000000000000000000e+00 0.000000000000000000e+00 0.000000000000000000e+00 0.000000000000000000e+00
4.500000000000000000e+03 1.799983989245479421e-02 0.000000000000000000e+00 1.000000000000000000e+00 0.000000000000000000e+00 0.000000000000000000e+00 0.000000000000000000e+00
5.000000000000000000e+03 1.999982210272754912e-02 0.000000000000000000e+00 1.000000000000000000e+00 0.000000000000000000e+00 0.000000000000000000e+00 0.000000000000000000e+00
5.500000000000000000e+03 2.199980431300030403e-02 0.000000000000000000e+00 1.000000000000000000e+00 0.000000000000000000e+00 0.000000000000000000e+00 0.000000000000000000e+00
6.000000000000000000e+03 2.399978652327305895e-02 0.000000000000000000e+00 1.000000000000000000e+00 0.000000000000000000e+00 0.000000000000000000e+00 0.000000000000000000e+00
6.500000000000000000e+03 2.599976873354581386e-02 0.000000000000000000e+00 1.000000000000000000e+00 0.000000000000000000e+00 0.000000000000000000e+00 0.000000000000000000e+00
7.000000000000000000e+03 2.799975094381856877e-02 0.000000000000000000e+00 1.000000000000000000e+00 0.000000000000000000e+00 0.000000000000000000e+00 0.000000000000000000e+00
7.500000000000000000e+03 2.999973315409132368e-02 0.000000000000000000e+00 1.000000000000000000e+00 0.000000000000000000e+00 0.000000000000000000e+00 0.000000000000000000e+00
8.000000000000000000e+03 3.199971536436407860e-02 0.000000000000000000e+00 1.000000000000000000e+00 0.000000000000000000e+00 0.000000000000000000e+00 0.000000000000000000e+00
8.500000000000000000e+03 3.399969757463661146e-02 0.000000000000000000e+00 1.000000000000000000e+00 0.000000000000000000e+00 0.000000000000000000e+00 0.000000000000000000e+00
9.000000000000000000e+03 3.599967978490936638e-02 0.000000000000000000e+00 1.000000000000000000e+00 0.000000000000000000e+00 0.000000000000000000e+00 0.000000000000000000e+00
9.500000000000000000e+03 3.799966199518212129e-02 0.000000000000000000e+00 1.000000000000000000e+00 0.000000000000000000e+00 0.000000000000000000e+00 0.000000000000000000e+00
1.000000000000000000e+04 3.999964420545487620e-02 0.000000000000000000e+00 1.000000000000000000e+00 0.000000000000000000e+00 0.000000000000000000e+00 0.000000000000000000e+00
1.050000000000000000e+04 4.199962641572763111e-02 0.000000000000000000e+00 1.000000000000000000e+00 0.000000000000000000e+00 0.000000000000000000e+00 0.000000000000000000e+00
1.100000000000000000e+04 4.399960862600038602e-02 0.000000000000000000e+00 1.000000000000000000e+00 0.000000000000000000e+00 0.000000000000000000e+00 0.000000000000000000e+00
1.150000000000000000e+04 4.599959083627314094e-02 0.000000000000000000e+00 1.000000000000000000e+00 0.000000000000000000e+00 0.000000000000000000e+00 0.000000000000000000e+00
1.200000000000000000e+04 4.799957304654589585e-02 0.000000000000000000e+00 1.000000000000000000e+00 0.000000000000000000e+00 0.000000000000000000e+00 0.000000000000000000e+00
1.250000000000000000e+04 4.999955525681865076e-02 0.000000000000000000e+00 1.000000000000000000e+00 0.000000000000000000e+00 0.000000000000000000e+00 0.000000000000000000e+00
1.300000000000000000e+04 5.199953746709140567e-02 2.275830678197542133e-04 9.997724169321802190e-01 0.000000000000000000e+00 0.000000000000000000e+00 0.000000000000000000e+00
1.350000000000000000e+04 5.399951967736416059e-02 1.137915339098771066e-04 9.998862084660901095e-01 0.000000000000000000e+00 0.000000000000000000e+00 0.000000000000000000e+00
1.400000000000000000e+04 5.599950188763691550e-02 0.000000000000000000e+00 1.000000000000000000e+00 0.000000000000000000e+00 0.000000000000000000e+00 0.000000000000000000e+00
1.450000000000000000e+04 5.799948409790967041e-02 0.000000000000000000e+00 1.000000000000000000e+00 0.000000000000000000e+00 0.000000000000000000e+00 0.000000000000000000e+00
1.500000000000000000e+04 5.999946630818242532e-02 0.000000000000000000e+00 1.000000000000000000e+00 0.000000000000000000e+00 0.000000000000000000e+00 0.000000000000000000e+00
1.550000000000000000e+04 6.199944851845518023e-02 0.000000000000000000e+00 1.000000000000000000e+00 0.000000000000000000e+00 0.000000000000000000e+00 0.000000000000000000e+00
1.600000000000000000e+04 6.399943072872793515e-02 0.000000000000000000e+00 1.000000000000000000e+00 0.000000000000000000e+00 0.000000000000000000e+00 0.000000000000000000e+00
1.650000000000000000e+04 6.599941293900069006e-02 0.000000000000000000e+00 1.000000000000000000e+00 0.000000000000000000e+00 0.000000000000000000e+00 0.000000000000000000e+00
1.700000000000000000e+04 6.799939514927344497e-02 0.000000000000000000e+00 1.000000000000000000e+00 0.000000000000000000e+00 0.000000000000000000e+00 0.000000000000000000e+00
1.750000000000000000e+04 6.999937735954619988e-02 0.000000000000000000e+00 1.000000000000000000e+00 0.000000000000000000e+00 0.000000000000000000e+00 0.000000000000000000e+00
1.800000000000000000e+04 7.199935956981895480e-02 1.137915339098771066e-04 9.998862084660901095e-01 0.000000000000000000e+00 0.000000000000000000e+00 0.000000000000000000e+00
1.850000000000000000e+04 7.399934178009170971e-02 0.000000000000000000e+00 1.000000000000000000e+00 0.000000000000000000e+00 0.000000000000000000e+00 0.000000000000000000e+00
1.900000000000000000e+04 7.599932399036446462e-02 5.689576695493854790e-04 9.994310423304506585e-01 0.000000000000000000e+00 0.000000000000000000e+00 0.000000000000000000e+00
1.950000000000000000e+04 7.799930620063721953e-02 1.137915339098771066e-04 9.998862084660901095e-01 0.000000000000000000e+00 0.000000000000000000e+00 0.000000000000000000e+00
2.000000000000000000e+04 7.999928841090997444e-02 0.000000000000000000e+00 1.000000000000000000e+00 0.000000000000000000e+00 0.000000000000000000e+00 0.000000000000000000e+00
2.050000000000000000e+04 8.199927062118272936e-02 4.551661356395084266e-04 9.995448338643604380e-01 0.000000000000000000e+00 0.000000000000000000e+00 0.000000000000000000e+00
2.100000000000000000e+04 8.399925283145548427e-02 1.137915339098771066e-04 9.998862084660901095e-01 0.000000000000000000e+00 0.000000000000000000e+00 0.000000000000000000e+00
2.150000000000000000e+04 8.599923504172823918e-02 7.965407373691396923e-04 9.990896677287209870e-01 0.000000000000000000e+00 1.137915339098771066e-04 0.000000000000000000e+00
2.200000000000000000e+04 8.799921725200099409e-02 1.479289940828402332e-03 9.982931269913518646e-01 0.000000000000000000e+00 2.275830678197542133e-04 0.000000000000000000e+00
2.250000000000000000e+04 8.999919946227374901e-02 6.827492034592626399e-04 9.992034592626308775e-01 0.000000000000000000e+00 1.137915339098771066e-04 0.000000000000000000e+00
2.300000000000000000e+04 9.199918167254650392e-02 2.730996813837050560e-03 9.972690031861629611e-01 0.000000000000000000e+00 0.000000000000000000e+00 0.000000000000000000e+00
2.350000000000000000e+04 9.399916388281925883e-02 1.479289940828402332e-03 9.985207100591716456e-01 0.000000000000000000e+00 0.000000000000000000e+00 0.000000000000000000e+00
2.400000000000000000e+04 9.599914609309201374e-02 3.755120619025944465e-03 9.961310878470641672e-01 0.000000000000000000e+00 1.137915339098771066e-04 0.000000000000000000e+00
2.450000000000000000e+04 9.799912830336476866e-02 2.275830678197541916e-03 9.974965862539827421e-01 0.000000000000000000e+00 2.275830678197542133e-04 0.000000000000000000e+00
2.500000000000000000e+04 9.999911051363730152e-02 2.958579881656804664e-03 9.968138370505233992e-01 0.000000000000000000e+00 2.275830678197542133e-04 0.000000000000000000e+00
2.550000000000000000e+04 1.019990927239100564e-01 2.275830678197541916e-03 9.976103777878926326e-01 0.000000000000000000e+00 1.137915339098771066e-04 0.000000000000000000e+00
2.600000000000000000e+04 1.039990749341828113e-01 6.713700500682749130e-03 9.932862994993172379e-01 0.000000000000000000e+00 0.000000000000000000e+00 0.000000000000000000e+00
2.650000000000000000e+04 1.059990571444555663e-01 7.624032771961766417e-03 9.920345926263085534e-01 0.000000000000000000e+00 3.413746017296313199e-04 0.000000000000000000e+00
2.700000000000000000e+04 1.079990393547283212e-01 1.012744651797906244e-02 9.881656804733728316e-01 0.000000000000000000e+00 1.706873008648156654e-03 0.000000000000000000e+00
2.750000000000000000e+04 1.099990215650010761e-01 1.541875284478834707e-01 4.071461083295402905e-01 1.479289940828402332e-03 4.371870732817478289e-01 0.000000000000000000e+00
2.800000000000000000e+04 1.119990037752738310e-01 2.065316340464269373e-01 4.944242148384160318e-01 2.486345015930814806e-01 5.040964952207555722e-02 0.000000000000000000e+00
2.850000000000000000e+04 1.139989859855465859e-01 1.769458352298589054e-01 5.860263996358671124e-01 2.265589440145653055e-01 1.046882111970869403e-02 0.000000000000000000e+00
2.900000000000000000e+04 1.159989681958193408e-01 1.261948111060537114e-01 6.571461083295402350e-01 2.116522530723714268e-01 5.006827492034592909e-03 0.000000000000000000e+00
2.950000000000000000e+04 1.179989504060920957e-01 1.223258989531178925e-01 6.548702776513427581e-01 2.183659535730541612e-01 4.437869822485207214e-03 0.000000000000000000e+00
3.000000000000000000e+04 1.199989326163648506e-01 1.215293582157487423e-01 6.670459717796995980e-01 2.053937187073281712e-01 6.030951297223486815e-03 0.000000000000000000e+00
3.050000000000000000e+04 1.219989148266376056e-01 6.224396904870277414e-02 7.580791989076012261e-01 1.764906690942193990e-01 3.186162949476558769e-03 0.000000000000000000e+00
3.100000000000000000e+04 1.239988970369103605e-01 6.406463359126081392e-02 6.982248520710059303e-01 2.364588074647246130e-01 1.251706873008648227e-03 0.000000000000000000e+00
3.150000000000000000e+04 1.259988792471831154e-01 6.201638598088302090e-02 6.978834774692762588e-01 2.394173873463814328e-01 6.827492034592626399e-04 0.000000000000000000e+00
3.200000000000000000e+04 1.279988614574558703e-01 6.076467910787437116e-02 6.984524351388257113e-01 2.396449704142011861e-01 1.137915339098770958e-03 0.000000000000000000e+00
3.250000000000000000e+04 1.299988436677286252e-01 6.053709604005461792e-02 6.984524351388257113e-01 2.401001365498406925e-01 9.103322712790168532e-04 0.000000000000000000e+00
3.300000000000000000e+04 1.319988258780013801e-01 6.087847064178425471e-02 6.982248520710059303e-01 2.403277196176604458e-01 5.689576695493854790e-04 0.000000000000000000e+00
3.350000000000000000e+04 1.339988080882741350e-01 5.939918070095585173e-02 6.992489758761948337e-01 2.405553026854801990e-01 7.965407373691396923e-04 0.000000000000000000e+00
3.400000000000000000e+04 1.359987902985468899e-01 6.019572143832498806e-02 6.987938097405552718e-01 2.403277196176604458e-01 6.827492034592626399e-04 0.000000000000000000e+00
3.450000000000000000e+04 1.379987725088196449e-01 6.042330450614474130e-02 6.992489758761948337e-01 2.397587619481110488e-01 5.689576695493854790e-04 0.000000000000000000e+00
3.500000000000000000e+04 1.399987547190923998e-01 6.053709604005461792e-02 6.990213928083750528e-01 2.397587619481110488e-01 6.827492034592626399e-04 0.000000000000000000e+00
3.550000000000000000e+04 1.419987369293651547e-01 6.099226217569413133e-02 6.986800182066453813e-01 2.396449704142011861e-01 6.827492034592626399e-04 0.000000000000000000e+00
3.600000000000000000e+04 1.439987191396379096e-01 6.030951297223486468e-02 6.991351843422849432e-01 2.402139280837505553e-01 3.413746017296313199e-04 0.000000000000000000e+00
3.650000000000000000e+04 1.459987013499106645e-01 6.053709604005461792e-02 6.991351843422849432e-01 2.397587619481110488e-01 5.689576695493854790e-04 0.000000000000000000e+00
3.700000000000000000e+04 1.479986835601834194e-01 6.076467910787437116e-02 6.985662266727356018e-01 2.401001365498406925e-01 5.689576695493854790e-04 0.000000000000000000e+00
3.750000000000000000e+04 1.499986657704561743e-01 6.053709604005461792e-02 6.990213928083750528e-01 2.398725534820209393e-01 5.689576695493854790e-04 0.000000000000000000e+00
3.800000000000000000e+04 1.519986479807289292e-01 6.065088757396449454e-02 6.990213928083750528e-01 2.391898042785616796e-01 1.137915339098770958e-03 0.000000000000000000e+00
3.850000000000000000e+04 1.539986301910016842e-01 6.065088757396449454e-02 6.989076012744651623e-01 2.397587619481110488e-01 6.827492034592626399e-04 0.000000000000000000e+00
3.900000000000000000e+04 1.559986124012744391e-01 6.087847064178425471e-02 6.987938097405552718e-01 2.397587619481110488e-01 5.689576695493854790e-04 0.000000000000000000e+00
3.950000000000000000e+04 1.579985946115471940e-01 6.019572143832498806e-02 6.991351843422849432e-01 2.397587619481110488e-01 9.103322712790168532e-04 0.000000000000000000e+00
4.000000000000000000e+04 1.599985768218199489e-01 6.087847064178425471e-02 6.987938097405552718e-01 2.395311788802912956e-01 7.965407373691396923e-04 0.000000000000000000e+00
4.050000000000000000e+04 1.619985590320927038e-01 6.201638598088302090e-02 6.998179335457441752e-01 2.379380974055530229e-01 2.275830678197542133e-04 0.000000000000000000e+00
4.100000000000000000e+04 1.639985412423654587e-01 4.483386436049158208e-02 8.139508420573509095e-01 1.412152935821574806e-01 0.000000000000000000e+00 0.000000000000000000e+00
4.150000000000000000e+04 1.659985234526379916e-01 4.483386436049158208e-02 8.139508420573509095e-01 1.412152935821574806e-01 0.000000000000000000e+00 0.000000000000000000e+00
4.200000000000000000e+04 1.679985056629107465e-01 4.460628129267182190e-02 8.140646335912608000e-01 1.412152935821574806e-01 1.137915339098771066e-04 0.000000000000000000e+00
4.250000000000000000e+04 1.699984878731835014e-01 4.642694583522986168e-02 8.123577605826126646e-01 1.412152935821574806e-01 0.000000000000000000e+00 0.000000000000000000e+00
4.300000000000000000e+04 1.719984700834562563e-01 4.619936276741010150e-02 8.125853436504324456e-01 1.412152935821574806e-01 0.000000000000000000e+00 0.000000000000000000e+00
4.350000000000000000e+04 1.739984522937290112e-01 4.585798816568047165e-02 8.129267182521620061e-01 1.412152935821574806e-01 0.000000000000000000e+00 0.000000000000000000e+00
4.400000000000000000e+04 1.759984345040017661e-01 4.563040509786071841e-02 8.131543013199817871e-01 1.412152935821574806e-01 0.000000000000000000e+00 0.000000000000000000e+00
4.450000000000000000e+04 1.779984167142745211e-01 4.551661356395084179e-02 8.132680928538916776e-01 1.412152935821574806e-01 0.000000000000000000e+00 0.000000000000000000e+00
4.500000000000000000e+04 1.799983989245472760e-01 4.585798816568047165e-02 8.129267182521620061e-01 1.412152935821574806e-01 0.000000000000000000e+00 0.000000000000000000e+00
4.550000000000000000e+04 1.819983811348200309e-01 4.551661356395084179e-02 8.132680928538916776e-01 1.412152935821574806e-01 0.000000000000000000e+00 0.000000000000000000e+00
4.600000000000000000e+04 1.839983633450927858e-01 4.540282203004096517e-02 8.133818843878015681e-01 1.412152935821574806e-01 0.000000000000000000e+00 0.000000000000000000e+00
4.650000000000000000e+04 1.859983455553655407e-01 4.631315430131998506e-02 8.124715521165225551e-01 1.412152935821574806e-01 0.000000000000000000e+00 0.000000000000000000e+00
4.700000000000000000e+04 1.879983277656382956e-01 4.654073736913973830e-02 8.122439690487027741e-01 1.412152935821574806e-01 0.000000000000000000e+00 0.000000000000000000e+00
4.750000000000000000e+04 1.899983099759110505e-01 4.619936276741010150e-02 8.125853436504324456e-01 1.412152935821574806e-01 0.000000000000000000e+00 0.000000000000000000e+00
4.800000000000000000e+04 1.919982921861838054e-01 4.597177969959034827e-02 8.128129267182521156e-01 1.412152935821574806e-01 0.000000000000000000e+00 0.000000000000000000e+00
4.850000000000000000e+04 1.939982743964565604e-01 4.619936276741010150e-02 8.125853436504324456e-01 1.412152935821574806e-01 0.000000000000000000e+00 0.000000000000000000e+00
4.900000000000000000e+04 1.959982566067293153e-01 4.631315430131998506e-02 8.123577605826126646e-01 1.412152935821574806e-01 1.137915339098771066e-04 0.000000000000000000e+00
4.950000000000000000e+04 1.979982388170020702e-01 4.563040509786071841e-02 8.131543013199817871e-01 1.412152935821574806e-01 0.000000000000000000e+00 0.000000000000000000e+00
5.000000000000000000e+04 1.999982210272748251e-01 4.472007282658170546e-02 8.140646335912608000e-01 1.412152935821574806e-01 0.000000000000000000e+00 0.000000000000000000e+00
5.050000000000000000e+04 2.019982032375475800e-01 4.551661356395084179e-02 8.132680928538916776e-01 1.412152935821574806e-01 0.000000000000000000e+00 0.000000000000000000e+00
5.100000000000000000e+04 2.039981854478203349e-01 4.494765589440145870e-02 8.138370505234410190e-01 1.412152935821574806e-01 0.000000000000000000e+00 0.000000000000000000e+00
5.150000000000000000e+04 2.059981676580930898e-01 4.551661356395084179e-02 8.130405097860718966e-01 1.412152935821574806e-01 2.275830678197542133e-04 0.000000000000000000e+00
5.200000000000000000e+04 2.079981498683658447e-01 4.585798816568047165e-02 8.128129267182521156e-01 1.412152935821574806e-01 1.137915339098771066e-04 0.000000000000000000e+00
5.250000000000000000e+04 2.099981320786385997e-01 4.494765589440145870e-02 8.140646335912608000e-01 1.409877105143377274e-01 0.000000000000000000e+00 0.000000000000000000e+00
5.300000000000000000e+04 2.119981142889113546e-01 4.494765589440145870e-02 8.137232589895311285e-01 1.411015020482476179e-01 2.275830678197542133e-04 0.000000000000000000e+00
5.350000000000000000e+04 2.139980964991841095e-01 4.574419663177059503e-02 8.132680928538916776e-01 1.408739189804278646e-01 1.137915339098771066e-04 0.000000000000000000e+00
5.400000000000000000e+04 2.159980787094568644e-01 4.585798816568047165e-02 8.129267182521620061e-01 1.412152935821574806e-01 0.000000000000000000e+00 0.000000000000000000e+00
5.450000000000000000e+04 2.179980609197296193e-01 4.563040509786071841e-02 8.132680928538916776e-01 1.411015020482476179e-01 0.000000000000000000e+00 0.000000000000000000e+00
5.500000000000000000e+04 2.199980431300023742e-01 4.551661356395084179e-02 8.132680928538916776e-01 1.412152935821574806e-01 0.000000000000000000e+00 0.000000000000000000e+00
5.550000000000000000e+04 2.219980253402751291e-01 4.710969503868912139e-02 8.112198452435138707e-01 1.409877105143377274e-01 6.827492034592626399e-04 0.000000000000000000e+00
5.600000000000000000e+04 2.239980075505478840e-01 4.813381884387801790e-02 8.107646791078744197e-01 1.405325443786982209e-01 5.689576695493854790e-04 0.000000000000000000e+00
5.650000000000000000e+04 2.259979897608206389e-01 9.638142922166591242e-02 7.099453800637232082e-01 1.854802002730996935e-01 8.192990441511151245e-03 0.000000000000000000e+00
5.700000000000000000e+04 2.279979719710933939e-01 9.342284934000910646e-02 7.364588074647245852e-01 1.645425580336822846e-01 5.575785161583977738e-03 0.000000000000000000e+00
5.750000000000000000e+04 2.299979541813661488e-01 9.467455621301774926e-02 6.379153390987710726e-01 2.589895311788802945e-01 8.420573509330906217e-03 0.000000000000000000e+00
5.800000000000000000e+04 2.319979363916386816e-01 9.649522075557578904e-02 6.284706417842512716e-01 2.691169776968593275e-01 5.917159763313609329e-03 0.000000000000000000e+00
5.850000000000000000e+04 2.339979186019114366e-01 9.592626308602640595e-02 6.302913063268092975e-01 2.669549385525716856e-01 6.827492034592626616e-03 0.000000000000000000e+00
5.900000000000000000e+04 2.359979008121841915e-01 9.740555302685480199e-02 6.276741010468821491e-01 2.694583522985889990e-01 5.461993627674101119e-03 0.000000000000000000e+00
5.950000000000000000e+04 2.379978830224569464e-01 9.683659535730541890e-02 6.232362312243968638e-01 2.726445152480655443e-01 7.282658170232134826e-03 0.000000000000000000e+00
6.000000000000000000e+04 2.399978652327297013e-01 9.558488848429676221e-02 6.182294037323623481e-01 2.796995903504779224e-01 6.486117432862995025e-03 0.000000000000000000e+00
6.050000000000000000e+04 2.419978474430024562e-01 9.535730541647700897e-02 6.192535275375512516e-01 2.765134274010013771e-01 8.875739644970414427e-03 0.000000000000000000e+00
6.100000000000000000e+04 2.439978296532752111e-01 9.604005461993628257e-02 6.052571688666362748e-01 2.911925352753755303e-01 7.510241238051888930e-03 0.000000000000000000e+00
6.150000000000000000e+04 2.459978118635479660e-01 9.512972234865725574e-02 5.972917614929449392e-01 3.004096495220755503e-01 7.168866636322257339e-03 0.000000000000000000e+00
6.200000000000000000e+04 2.479977940738207209e-01 6.702321347291761988e-02 5.101274465179790329e-01 4.164770141101502010e-01 6.372325898953117539e-03 0.000000000000000000e+00
6.250000000000000000e+04 2.499977762840934759e-01 6.508875739644970349e-02 5.116067364588074984e-01 4.184114701866181174e-01 4.893035958124715423e-03 0.000000000000000000e+00
6.300000000000000000e+04 2.519977584943662308e-01 6.486117432862995025e-02 5.119481110605370588e-01 4.189804278561675144e-01 4.210286754665453109e-03 0.000000000000000000e+00
6.350000000000000000e+04 2.539977407046389857e-01 6.588529813381883982e-02 5.108101957214383759e-01 4.180700955848885014e-01 5.234410559854347014e-03 0.000000000000000000e+00
6.400000000000000000e+04 2.559977229149117406e-01 6.429221665908056715e-02 5.108101957214383759e-01 4.197769685935366368e-01 5.120619025944469528e-03 0.000000000000000000e+00
6.450000000000000000e+04 2.579977051251844955e-01 6.383705052344106068e-02 5.098998634501593630e-01 4.214838416021847722e-01 4.779244424214838804e-03 0.000000000000000000e+00
6.500000000000000000e+04 2.599976873354572504e-01 6.383705052344106068e-02 5.111515703231679364e-01 4.181838871187983364e-01 6.827492034592626616e-03 0.000000000000000000e+00
6.550000000000000000e+04 2.619976695457300053e-01 6.554392353208920996e-02 5.118343195266271684e-01 4.175011379153391045e-01 5.120619025944469528e-03 0.000000000000000000e+00
6.600000000000000000e+04 2.639976517560027602e-01 6.577150659990896320e-02 5.105826126536185949e-01 4.182976786527082269e-01 5.348202093764223633e-03 0.000000000000000000e+00
6.650000000000000000e+04 2.659976339662755151e-01 6.599908966772871644e-02 5.106964041875284854e-01 4.188666363222576239e-01 4.437869822485207214e-03 0.000000000000000000e+00
6.700000000000000000e+04 2.679976161765482701e-01 6.736458807464724974e-02 5.110377787892580459e-01 4.165908056440600915e-01 5.006827492034592909e-03 0.000000000000000000e+00
6.750000000000000000e+04 2.699975983868210250e-01 6.611288120163859305e-02 5.128584433318160718e-01 4.156804733727810786e-01 5.348202093764223633e-03 0.000000000000000000e+00
6.800000000000000000e+04 2.719975805970937799e-01 6.770596267637687959e-02 5.141101502048247562e-01 4.144287664997723941e-01 3.755120619025944465e-03 0.000000000000000000e+00
6.850000000000000000e+04 2.739975628073665348e-01 7.009558488848430247e-02 5.260582612653618151e-01 4.000910332271279124e-01 3.755120619025944465e-03 0.000000000000000000e+00
6.900000000000000000e+04 2.759975450176392897e-01 8.739189804278561791e-02 5.724852071005916976e-01 3.332954028220300180e-01 6.827492034592626616e-03 0.000000000000000000e+00
6.950000000000000000e+04 2.779975272279120446e-01 8.090578060992262288e-02 6.529358215748748417e-01 2.643377332726445372e-01 1.820664542558033706e-03 0.000000000000000000e+00
7.000000000000000000e+04 2.799975094381847995e-01 8.147473827947200598e-02 6.849112426035502965e-01 2.314519799726900418e-01 2.162039144287664864e-03 0.000000000000000000e+00
7.050000000000000000e+04 2.819974916484575544e-01 8.466090122894856518e-02 6.861629494765589810e-01 2.272416932180245652e-01 1.934456076467910759e-03 0.000000000000000000e+00
7.100000000000000000e+04 2.839974738587303094e-01 8.818843878015475424e-02 6.859353664087392000e-01 2.243969048702776636e-01 1.479289940828402332e-03 0.000000000000000000e+00
7.150000000000000000e+04 2.859974560690030643e-01 8.409194355939918208e-02 6.916249431042330587e-01 2.221210741920801035e-01 2.162039144287664864e-03 0.000000000000000000e+00
7.200000000000000000e+04 2.879974382792758192e-01 8.477469276285844180e-02 6.984524351388257113e-01 2.156349567592171224e-01 1.137915339098770958e-03 0.000000000000000000e+00
7.250000000000000000e+04 2.899974204895485741e-01 8.363677742375967561e-02 7.045971779699590209e-01 2.099453800637232637e-01 1.820664542558033706e-03 0.000000000000000000e+00
7.300000000000000000e+04 2.919974026998213290e-01 8.852981338188438409e-02 7.016385980883022011e-01 2.078971324533454845e-01 1.934456076467910759e-03 0.000000000000000000e+00
7.350000000000000000e+04 2.939973849100940839e-01 8.830223031406463086e-02 7.303140646335912756e-01 1.792216659080564378e-01 2.162039144287664864e-03 0.000000000000000000e+00
7.400000000000000000e+04 2.959973671203668388e-01 8.614019116977697510e-02 7.465862539827037292e-01 1.665908056440600915e-01 6.827492034592626399e-04 0.000000000000000000e+00
7.450000000000000000e+04 2.979973493306393717e-01 8.682294037323623481e-02 7.462448793809740577e-01 1.643149749658625314e-01 2.617205279927173507e-03 0.000000000000000000e+00
7.500000000000000000e+04 2.999973315409121266e-01 8.670914883932635819e-02 7.436276741010469093e-01 1.673873463814292140e-01 2.275830678197541916e-03 0.000000000000000000e+00
7.550000000000000000e+04 3.019973137511848815e-01 8.818843878015475424e-02 7.494310423304506585e-01 1.609012289485662328e-01 1.479289940828402332e-03 0.000000000000000000e+00
7.600000000000000000e+04 3.039972959614576364e-01 8.716431497496586467e-02 7.497724169321802190e-01 1.615839781520254925e-01 1.479289940828402332e-03 0.000000000000000000e+00
7.650000000000000000e+04 3.059972781717303913e-01 8.841602184797450747e-02 7.518206645425580259e-01 1.588529813381884259e-01 9.103322712790168532e-04 0.000000000000000000e+00
7.700000000000000000e+04 3.079972603820031463e-01 8.284023668639053928e-02 7.727583067819754348e-01 1.437187073281747940e-01 6.827492034592626399e-04 0.000000000000000000e+00
7.750000000000000000e+04 3.099972425922759012e-01 8.249886208466089554e-02 7.738962221210742287e-01 1.426945835229858905e-01 9.103322712790168532e-04 0.000000000000000000e+00
7.800000000000000000e+04 3.119972248025486561e-01 8.261265361857077216e-02 7.845926263086026031e-01 1.325671370050068298e-01 2.275830678197542133e-04 0.000000000000000000e+00
7.850000000000000000e+04 3.139972070128214110e-01 8.602639963586708460e-02 7.828857532999544677e-01 1.308602639963586667e-01 2.275830678197542133e-04 0.000000000000000000e+00
7.900000000000000000e+04 3.159971892230941659e-01 8.158852981338188259e-02 7.923304506144742687e-01 1.251706873008648080e-01 9.103322712790168532e-04 0.000000000000000000e+00
7.950000000000000000e+04 3.179971714333669208e-01 8.363677742375967561e-02 7.902822030040964618e-01 1.258534365043240677e-01 2.275830678197542133e-04 0.000000000000000000e+00
8.000000000000000000e+04 3.199971536436396757e-01 8.340919435593992237e-02 7.971096950386891145e-01 1.192535275375512099e-01 2.275830678197542133e-04 0.000000000000000000e+00
8.050000000000000000e+04 3.219971358539124306e-01 8.227127901684114231e-02 7.980200273099681274e-01 1.193673190714610866e-01 3.413746017296313199e-04 0.000000000000000000e+00
8.100000000000000000e+04 3.239971180641851856e-01 8.511606736458807165e-02 8.010923987255348377e-01 1.135639508420573512e-01 2.275830678197542133e-04 0.000000000000000000e+00
8.150000000000000000e+04 3.259971002744579405e-01 8.318161128812016913e-02 8.040509786071916576e-01 1.125398270368684617e-01 2.275830678197542133e-04 0.000000000000000000e+00
8.200000000000000000e+04 3.279970824847306954e-01 8.488848429676831842e-02 8.039371870732817671e-01 1.104915794264906687e-01 6.827492034592626399e-04 0.000000000000000000e+00
8.250000000000000000e+04 3.299970646950034503e-01 8.329540282203004575e-02 8.082612653618570508e-01 1.084433318161128756e-01 0.000000000000000000e+00 0.000000000000000000e+00
8.300000000000000000e+04 3.319970469052762052e-01 8.284023668639053928e-02 8.109922621756940897e-01 1.049157942649066866e-01 1.251706873008648227e-03 0.000000000000000000e+00
8.350000000000000000e+04 3.339970291155489601e-01 8.261265361857077216e-02 8.140646335912608000e-01 1.030951297223486607e-01 2.275830678197542133e-04 0.000000000000000000e+00
8.400000000000000000e+04 3.359970113258217150e-01 8.295402822030041590e-02 8.203231679563040002e-01 9.638142922166591242e-02 3.413746017296313199e-04 0.000000000000000000e+00
8.450000000000000000e+04 3.379969935360944699e-01 8.511606736458807165e-02 8.203231679563040002e-01 9.433318161128811941e-02 2.275830678197542133e-04 0.000000000000000000e+00
8.500000000000000000e+04 3.399969757463672249e-01 8.500227583067819503e-02 8.272644515248065433e-01 8.739189804278561791e-02 3.413746017296313199e-04 0.000000000000000000e+00
8.550000000000000000e+04 3.419969579566399798e-01 8.614019116977697510e-02 8.255575785161584079e-01 8.818843878015475424e-02 1.137915339098771066e-04 0.000000000000000000e+00
8.600000000000000000e+04 3.439969401669127347e-01 8.636777423759672834e-02 8.319299044151114986e-01 8.147473827947200598e-02 2.275830678197542133e-04 0.000000000000000000e+00
8.650000000000000000e+04 3.459969223771854896e-01 8.773327264451524776e-02 8.317023213472917176e-01 8.010923987255348655e-02 4.551661356395084266e-04 0.000000000000000000e+00
8.700000000000000000e+04 3.479969045874582445e-01 9.035047792444242387e-02 8.251024123805188459e-01 8.352298588984979899e-02 1.024123805188893906e-03 0.000000000000000000e+00
8.750000000000000000e+04 3.499968867977309994e-01 9.251251706873007963e-02 7.809512972234865513e-01 1.248293126991351781e-01 1.706873008648156654e-03 0.000000000000000000e+00
8.800000000000000000e+04 3.519968690080037543e-01 1.081019572143832458e-01 7.410104688211197610e-01 1.462221210741920796e-01 4.665452890304961318e-03 0.000000000000000000e+00
8.850000000000000000e+04 3.539968512182765092e-01 1.109467455621301751e-01 8.128129267182521156e-01 7.350933090578061491e-02 2.730996813837050560e-03 0.000000000000000000e+00
8.900000000000000000e+04 3.559968334285492642e-01 7.237141556668183484e-02 9.226217569412835662e-01 4.437869822485207214e-03 5.689576695493854790e-04 0.000000000000000000e+00
8.950000000000000000e+04 3.579968156388220191e-01 7.032316795630405570e-02 9.253527537551206050e-01 3.641329085116067413e-03 6.827492034592626399e-04 0.000000000000000000e+00
9.000000000000000000e+04 3.599967978490947740e-01 6.759217114246700298e-02 9.271734182976786309e-01 3.755120619025944465e-03 1.479289940828402332e-03 0.000000000000000000e+00
9.050000000000000000e+04 3.619967800593675289e-01 6.850250341374601593e-02 9.268320436959490705e-01 3.755120619025944465e-03 9.103322712790168532e-04 0.000000000000000000e+00
9.100000000000000000e+04 3.639967622696400618e-01 6.770596267637687959e-02 9.267182521620391800e-01 4.096495220755575623e-03 1.479289940828402332e-03 0.000000000000000000e+00
9.150000000000000000e+04 3.659967444799128167e-01 6.929904415111515226e-02 9.266044606281292895e-01 3.641329085116067413e-03 4.551661356395084266e-04 0.000000000000000000e+00
9.200000000000000000e+04 3.679967266901855716e-01 6.838871187983613931e-02 9.279699590350477534e-01 2.844788347746927612e-03 7.965407373691396923e-04 0.000000000000000000e+00
9.250000000000000000e+04 3.699967089004583265e-01 6.895766954938552240e-02 9.280837505689576439e-01 2.503413746017296455e-03 4.551661356395084266e-04 0.000000000000000000e+00
9.300000000000000000e+04 3.719966911107310814e-01 6.816112881201638607e-02 9.281975421028675344e-01 3.072371415566681717e-03 5.689576695493854790e-04 0.000000000000000000e+00
9.350000000000000000e+04 3.739966733210038363e-01 6.873008648156576916e-02 9.272872098315885214e-01 3.186162949476558769e-03 7.965407373691396923e-04 0.000000000000000000e+00
9.400000000000000000e+04 3.759966555312765912e-01 7.009558488848430247e-02 9.258079198907601670e-01 3.527537551206190360e-03 5.689576695493854790e-04 0.000000000000000000e+00
9.450000000000000000e+04 3.779966377415493461e-01 6.895766954938552240e-02 9.275147928994083024e-01 2.844788347746927612e-03 6.827492034592626399e-04 0.000000000000000000e+00
9.500000000000000000e+04 3.799966199518221011e-01 6.759217114246700298e-02 9.281975421028675344e-01 3.755120619025944465e-03 4.551661356395084266e-04 0.000000000000000000e+00
9.550000000000000000e+04 3.819966021620948560e-01 6.816112881201638607e-02 9.275147928994083024e-01 3.755120619025944465e-03 5.689576695493854790e-04 0.000000000000000000e+00
9.600000000000000000e+04 3.839965843723676109e-01 6.884387801547564578e-02 9.272872098315885214e-01 3.299954483386436255e-03 5.689576695493854790e-04 0.000000000000000000e+00
9.650000000000000000e+04 3.859965665826403658e-01 7.009558488848430247e-02 9.256941283568502765e-01 3.527537551206190360e-03 6.827492034592626399e-04 0.000000000000000000e+00
9.700000000000000000e+04 3.879965487929131207e-01 6.770596267637687959e-02 9.278561675011378629e-01 3.299954483386436255e-03 1.137915339098770958e-03 0.000000000000000000e+00
9.750000000000000000e+04 3.899965310031856536e-01 6.941283568502502888e-02 9.266044606281292895e-01 3.527537551206190360e-03 4.551661356395084266e-04 0.000000000000000000e+00
9.800000000000000000e+04 3.919965132134588526e-01 6.816112881201638607e-02 9.268320436959490705e-01 3.527537551206190360e-03 1.479289940828402332e-03 0.000000000000000000e+00
9.850000000000000000e+04 3.939964954237311634e-01 6.838871187983613931e-02 9.271734182976786309e-01 4.210286754665453109e-03 2.275830678197542133e-04 0.000000000000000000e+00
9.900000000000000000e+04 3.959964776340043624e-01 6.781975421028675621e-02 9.271734182976786309e-01 4.210286754665453109e-03 7.965407373691396923e-04 0.000000000000000000e+00
9.950000000000000000e+04 3.979964598442766732e-01 7.009558488848430247e-02 9.264906690942193990e-01 3.186162949476558769e-03 2.275830678197542133e-04 0.000000000000000000e+00
1.000000000000000000e+05 3.999964420545498722e-01 6.656804733727811341e-02 9.291078743741465473e-01 3.413746017296313308e-03 9.103322712790168532e-04 0.000000000000000000e+00
1.005000000000000000e+05 4.019964242648221830e-01 6.702321347291761988e-02 9.288802913063267663e-01 3.641329085116067413e-03 4.551661356395084266e-04 0.000000000000000000e+00
1.010000000000000000e+05 4.039964064750953820e-01 6.793354574419663283e-02 9.268320436959490705e-01 4.210286754665453109e-03 1.024123805188893906e-03 0.000000000000000000e+00
1.015000000000000000e+05 4.059963886853676929e-01 6.770596267637687959e-02 9.288802913063267663e-01 2.617205279927173507e-03 7.965407373691396923e-04 0.000000000000000000e+00
1.020000000000000000e+05 4.079963708956408919e-01 6.861629494765589254e-02 9.277423759672280834e-01 3.186162949476558769e-03 4.551661356395084266e-04 0.000000000000000000e+00
1.025000000000000000e+05 4.099963531059132027e-01 6.634046426945834629e-02 9.288802913063267663e-01 3.755120619025944465e-03 1.024123805188893906e-03 0.000000000000000000e+00
1.030000000000000000e+05 4.119963353161861797e-01 6.736458807464724974e-02 9.278561675011378629e-01 3.982703686845699004e-03 7.965407373691396923e-04 0.000000000000000000e+00
1.035000000000000000e+05 4.139963175264587125e-01 6.895766954938552240e-02 9.270596267637687404e-01 3.186162949476558769e-03 7.965407373691396923e-04 0.000000000000000000e+00
1.040000000000000000e+05 4.159962997367316895e-01 6.793354574419663283e-02 9.278561675011378629e-01 3.186162949476558769e-03 1.024123805188893906e-03 0.000000000000000000e+00
1.045000000000000000e+05 4.179962819470042223e-01 6.781975421028675621e-02 9.277423759672280834e-01 3.413746017296313308e-03 1.024123805188893906e-03 0.000000000000000000e+00
1.050000000000000000e+05 4.199962641572771993e-01 6.747837960855712636e-02 9.284251251706873154e-01 3.186162949476558769e-03 9.103322712790168532e-04 0.000000000000000000e+00
1.055000000000000000e+05 4.219962463675497322e-01 6.781975421028675621e-02 9.277423759672280834e-01 3.755120619025944465e-03 6.827492034592626399e-04 0.000000000000000000e+00
1.060000000000000000e+05 4.239962285778227091e-01 6.827492034592626269e-02 9.275147928994083024e-01 3.186162949476558769e-03 1.024123805188893906e-03 0.000000000000000000e+00
1.065000000000000000e+05 4.259962107880952420e-01 6.964041875284478211e-02 9.259217114246700575e-01 3.299954483386436255e-03 1.137915339098770958e-03 0.000000000000000000e+00
1.070000000000000000e+05 4.279961929983682190e-01 6.838871187983613931e-02 9.269458352298588499e-01 4.096495220755575623e-03 5.689576695493854790e-04 0.000000000000000000e+00
1.075000000000000000e+05 4.299961752086407518e-01 6.895766954938552240e-02 9.268320436959490705e-01 2.958579881656804664e-03 1.251706873008648227e-03 0.000000000000000000e+00
1.080000000000000000e+05 4.319961574189137288e-01 6.816112881201638607e-02 9.274010013654984119e-01 3.641329085116067413e-03 7.965407373691396923e-04 0.000000000000000000e+00
1.085000000000000000e+05 4.339961396291862616e-01 6.895766954938552240e-02 9.272872098315885214e-01 3.413746017296313308e-03 3.413746017296313199e-04 0.000000000000000000e+00
1.090000000000000000e+05 4.359961218394592386e-01 6.827492034592626269e-02 9.271734182976786309e-01 3.641329085116067413e-03 9.103322712790168532e-04 0.000000000000000000e+00
1.095000000000000000e+05 4.379961040497317715e-01 6.975421028675465873e-02 9.251251706873008240e-01 3.982703686845699004e-03 1.137915339098770958e-03 0.000000000000000000e+00
1.100000000000000000e+05 4.399960862600047484e-01 6.986800182066454923e-02 9.260355029585798370e-01 3.527537551206190360e-03 5.689576695493854790e-04 0.000000000000000000e+00
1.105000000000000000e+05 4.419960684702772813e-01 7.100591715976331542e-02 9.239872553482021411e-01 4.210286754665453109e-03 7.965407373691396923e-04 0.000000000000000000e+00
1.110000000000000000e+05 4.439960506805502582e-01 7.191624943104232837e-02 9.225079654073736757e-01 4.324078288575329727e-03 1.251706873008648227e-03 0.000000000000000000e+00
1.115000000000000000e+05 4.459960328908227911e-01 7.817478379608557015e-02 9.014565316340463763e-01 1.888939462903959851e-02 1.479289940828402332e-03 0.000000000000000000e+00
1.120000000000000000e+05 4.479960151010957681e-01 1.013882567137004975e-01 7.585343650432407880e-01 1.359808830223031284e-01 4.096495220755575623e-03 0.000000000000000000e+00
1.125000000000000000e+05 4.499959973113680789e-01 1.044606281292671801e-01 7.719617660446063123e-01 1.208466090122894826e-01 2.730996813837050560e-03 0.000000000000000000e+00
1.130000000000000000e+05 4.519959795216412779e-01 8.534365043240782489e-02 8.224852071005916976e-01 9.194355939918069653e-02 2.275830678197542133e-04 0.000000000000000000e+00
1.135000000000000000e+05 4.539959617319135887e-01 8.534365043240782489e-02 8.195266272189348777e-01 9.456076467910787264e-02 5.689576695493854790e-04 0.000000000000000000e+00
