# itime ezz other fcc hcp bcc ico
0.000000000000000000e+00 0.000000000000000000e+00 0.000000000000000000e+00 1.000000000000000000e+00 0.000000000000000000e+00 0.000000000000000000e+00 0.000000000000000000e+00
2.500000000000000000e+03 9.999990867366470582e-03 0.000000000000000000e+00 1.000000000000000000e+00 0.000000000000000000e+00 0.000000000000000000e+00 0.000000000000000000e+00
5.000000000000000000e+03 1.999998173473271912e-02 0.000000000000000000e+00 1.000000000000000000e+00 0.000000000000000000e+00 0.000000000000000000e+00 0.000000000000000000e+00
7.500000000000000000e+03 2.999997260209918970e-02 0.000000000000000000e+00 1.000000000000000000e+00 0.000000000000000000e+00 0.000000000000000000e+00 0.000000000000000000e+00
1.000000000000000000e+04 3.999996346946566028e-02 0.000000000000000000e+00 1.000000000000000000e+00 0.000000000000000000e+00 0.000000000000000000e+00 0.000000000000000000e+00
1.250000000000000000e+04 4.999995433683190882e-02 0.000000000000000000e+00 1.000000000000000000e+00 0.000000000000000000e+00 0.000000000000000000e+00 0.000000000000000000e+00
1.500000000000000000e+04 5.999994520419837940e-02 0.000000000000000000e+00 1.000000000000000000e+00 0.000000000000000000e+00 0.000000000000000000e+00 0.000000000000000000e+00
1.750000000000000000e+04 6.999993607156484998e-02 0.000000000000000000e+00 1.000000000000000000e+00 0.000000000000000000e+00 0.000000000000000000e+00 0.000000000000000000e+00
2.000000000000000000e+04 7.999992693893109852e-02 2.275830678197542133e-04 9.997724169321802190e-01 0.000000000000000000e+00 0.000000000000000000e+00 0.000000000000000000e+00
2.250000000000000000e+04 8.999991780629756910e-02 0.000000000000000000e+00 1.000000000000000000e+00 0.000000000000000000e+00 0.000000000000000000e+00 0.000000000000000000e+00
2.500000000000000000e+04 9.999990867366381764e-02 3.527537551206190360e-03 9.962448793809740577e-01 0.000000000000000000e+00 2.275830678197542133e-04 0.000000000000000000e+00
2.750000000000000000e+04 1.099998995410302882e-01 9.114701866181156020e-02 6.313154301319982009e-01 0.000000000000000000e+00 2.775375512061902805e-01 0.000000000000000000e+00
3.000000000000000000e+04 1.199998904083967588e-01 7.464724624487938109e-02 7.371415566681839282e-01 1.826354119253527641e-01 5.575785161583977738e-03 0.000000000000000000e+00
3.250000000000000000e+04 1.299998812757630073e-01 7.328174783796086167e-02 7.398725534820209671e-01 1.816112881201638607e-01 5.234410559854347014e-03 0.000000000000000000e+00
3.500000000000000000e+04 1.399998721431294779e-01 6.178880291306326766e-02 7.876649977241693135e-01 1.453117888029130667e-01 5.234410559854347014e-03 0.000000000000000000e+00
3.750000000000000000e+04 1.499998630104959485e-01 6.338188438780155420e-02 7.859581247155211781e-01 1.450842057350933134e-01 5.575785161583977738e-03 0.000000000000000000e+00
4.000000000000000000e+04 1.599998538778621970e-01 6.668183887118799003e-02 7.802685480200273194e-01 1.488393263541192557e-01 4.210286754665453109e-03 0.000000000000000000e+00
4.250000000000000000e+04 1.699998447452286676e-01 6.884387801547564578e-02 7.781065088757396220e-01 1.486117432862995025e-01 4.437869822485207214e-03 0.000000000000000000e+00
4.500000000000000000e+04 1.799998356125951382e-01 6.907146108329539902e-02 7.749203459262631322e-01 1.504324078288575284e-01 5.575785161583977738e-03 0.000000000000000000e+00
4.750000000000000000e+04 1.899998264799613867e-01 7.032316795630405570e-02 7.704824761037778469e-01 1.532771961766044577e-01 5.917159763313609329e-03 0.000000000000000000e+00
5.000000000000000000e+04 1.999998173473278573e-01 6.964041875284478211e-02 7.677514792899408080e-01 1.566909421939007840e-01 5.917159763313609329e-03 0.000000000000000000e+00
5.250000000000000000e+04 2.099998082146943279e-01 8.409194355939918208e-02 7.215521165225307065e-01 1.903732362312244020e-01 3.982703686845699004e-03 0.000000000000000000e+00
5.500000000000000000e+04 2.199997990820605764e-01 9.763313609467455523e-02 7.233727810650887324e-01 1.766044606281292617e-01 2.389622212107419402e-03 0.000000000000000000e+00
5.750000000000000000e+04 2.299997899494270470e-01 8.978152025489304078e-02 7.135867091488393710e-01 1.935593991807009473e-01 3.072371415566681717e-03 0.000000000000000000e+00
6.000000000000000000e+04 2.399997808167932956e-01 8.852981338188438409e-02 7.143832498862084934e-01 1.933318161128811941e-01 3.755120619025944465e-03 0.000000000000000000e+00
6.250000000000000000e+04 2.499997716841597661e-01 9.410559854346836617e-02 7.040282203004096795e-01 1.994765589440145592e-01 2.389622212107419402e-03 0.000000000000000000e+00
6.500000000000000000e+04 2.599997625515262367e-01 1.029813381884387841e-01 6.842284934000910646e-01 2.075557578516158408e-01 5.234410559854347014e-03 0.000000000000000000e+00
6.750000000000000000e+04 2.699997534188924853e-01 1.121984524351388318e-01 6.656804733727810230e-01 2.193900773782430647e-01 2.730996813837050560e-03 0.000000000000000000e+00
7.000000000000000000e+04 2.799997442862589558e-01 1.111743286299499284e-01 6.694355939918069653e-01 2.175694128356850388e-01 1.820664542558033706e-03 0.000000000000000000e+00
7.250000000000000000e+04 2.899997351536254264e-01 1.121984524351388318e-01 6.676149294492489394e-01 2.177969959035047920e-01 2.389622212107419402e-03 0.000000000000000000e+00
7.500000000000000000e+04 2.999997260209916750e-01 1.255120619025944517e-01 6.305188893946290785e-01 2.395311788802912956e-01 4.437869822485207214e-03 0.000000000000000000e+00
7.750000000000000000e+04 3.099997168883581455e-01 1.283568502503413811e-01 6.273327264451524776e-01 2.399863450159308020e-01 4.324078288575329727e-03 0.000000000000000000e+00
8.000000000000000000e+04 3.199997077557246161e-01 1.664770141101502010e-01 5.465407373691397730e-01 2.737824305871643382e-01 1.319981793354574502e-02 0.000000000000000000e+00
8.250000000000000000e+04 3.299996986230908647e-01 1.818388711879836139e-01 5.096722803823395820e-01 2.965407373691397175e-01 1.194811106053709528e-02 0.000000000000000000e+00
8.500000000000000000e+04 3.399996894904573352e-01 1.919663177059626746e-01 4.927173418297678409e-01 2.992717341829768118e-01 1.604460628129267263e-02 0.000000000000000000e+00
8.750000000000000000e+04 3.499996803578238058e-01 2.122212107419207960e-01 4.524351388256713791e-01 3.157715065999089910e-01 1.957214383249886169e-02 0.000000000000000000e+00
9.000000000000000000e+04 3.599996712251900544e-01 2.297451069640418786e-01 4.528903049613108855e-01 3.014337733272644537e-01 1.593081474738279601e-02 0.000000000000000000e+00
9.250000000000000000e+04 3.699996620925565249e-01 2.316795630405097950e-01 4.622212107419207960e-01 2.885753299954483264e-01 1.752389622212107562e-02 0.000000000000000000e+00
9.500000000000000000e+04 3.799996529599229955e-01 2.215521165225307343e-01 4.787209831588529751e-01 2.861857077833409035e-01 1.354119253527537488e-02 0.000000000000000000e+00
9.750000000000000000e+04 3.899996438272892441e-01 2.393035958124715423e-01 4.739417387346381294e-01 2.724169321802457633e-01 1.433773327264451468e-02 0.000000000000000000e+00
1.000000000000000000e+05 3.999996346946554926e-01 2.210969503868912278e-01 5.421028675466544877e-01 2.270141101502048120e-01 9.786071916249430847e-03 0.000000000000000000e+00
1.025000000000000000e+05 4.099996255620219632e-01 1.968593536640873831e-01 5.638370505234410190e-01 2.347519344560764776e-01 4.551661356395083832e-03 0.000000000000000000e+00
1.050000000000000000e+05 4.199996164293886558e-01 1.902594446973145115e-01 5.699817933545744397e-01 2.336140191169776836e-01 6.144742831133363434e-03 0.000000000000000000e+00
1.075000000000000000e+05 4.299996072967549043e-01 2.028903049613108855e-01 5.664542558033682784e-01 2.243969048702776636e-01 6.258534365043240920e-03 0.000000000000000000e+00
1.100000000000000000e+05 4.399995981641211529e-01 2.011834319526627224e-01 5.791989076012744597e-01 2.126763768775603025e-01 6.941283568502503235e-03 0.000000000000000000e+00
1.125000000000000000e+05 4.499995890314876235e-01 2.028903049613108855e-01 5.807919890760127046e-01 2.093764223941738667e-01 6.941283568502503235e-03 0.000000000000000000e+00
1.150000000000000000e+05 4.599995798988540940e-01 2.099453800637232637e-01 5.681611288120164138e-01 2.139280837505689592e-01 7.965407373691398007e-03 0.000000000000000000e+00
1.175000000000000000e+05 4.699995707662203426e-01 2.203004096495220776e-01 5.469959035047792240e-01 2.254210286754665393e-01 7.282658170232134826e-03 0.000000000000000000e+00
1.200000000000000000e+05 4.799995616335865911e-01 2.314519799726900418e-01 5.409649522075558048e-01 2.181383705052344080e-01 9.444697314519799256e-03 0.000000000000000000e+00
1.225000000000000000e+05 4.899995525009532837e-01 2.407828857532999522e-01 5.220755575785162028e-01 2.267865270823850588e-01 1.035502958579881741e-02 0.000000000000000000e+00
1.250000000000000000e+05 4.999995433683197543e-01 2.289485662266727284e-01 5.573509330905780379e-01 2.077833409194355940e-01 5.917159763313609329e-03 0.000000000000000000e+00
1.275000000000000000e+05 5.099995342356860029e-01 2.066454255803368278e-01 5.868229403732362348e-01 1.991351843422849432e-01 7.396449704142011444e-03 0.000000000000000000e+00
1.300000000000000000e+05 5.199995251030522514e-01 2.105143377332726329e-01 5.820436959490213891e-01 1.992489758761948060e-01 8.192990441511151245e-03 0.000000000000000000e+00
1.325000000000000000e+05 5.299995159704187220e-01 2.026627218934911323e-01 5.969503868912152678e-01 1.959490213928083702e-01 4.437869822485207214e-03 0.000000000000000000e+00
1.350000000000000000e+05 5.399995068377854146e-01 1.953800637232590010e-01 6.174328629949932257e-01 1.795630405097860816e-01 7.624032771961766417e-03 0.000000000000000000e+00
1.375000000000000000e+05 5.499994977051516631e-01 1.991351843422849432e-01 6.073054164770140817e-01 1.871870732817478289e-01 6.372325898953117539e-03 0.000000000000000000e+00
1.400000000000000000e+05 5.599994885725176896e-01 2.074419663177059503e-01 5.926263086026399840e-01 1.932180245789713313e-01 6.713700500682749130e-03 0.000000000000000000e+00
1.425000000000000000e+05 5.699994794398843823e-01 2.069868001820664438e-01 6.059399180700956178e-01 1.804733727810650945e-01 6.599908966772872511e-03 0.000000000000000000e+00
1.450000000000000000e+05 5.799994703072508528e-01 1.909421939007737712e-01 6.442876649977241632e-01 1.580564406008193035e-01 6.713700500682749130e-03 0.000000000000000000e+00
1.475000000000000000e+05 5.899994611746171014e-01 2.092626308602640040e-01 6.075329995448338627e-01 1.775147928994082747e-01 5.689576695493855224e-03 0.000000000000000000e+00
1.500000000000000000e+05 5.999994520419833499e-01 2.060764679107874309e-01 6.096950386891215601e-01 1.788802913063268218e-01 5.348202093764223633e-03 0.000000000000000000e+00
1.525000000000000000e+05 6.099994429093498205e-01 2.088074647246244975e-01 6.218707328174783999e-01 1.597633136094674666e-01 9.558488848429677609e-03 0.000000000000000000e+00
1.550000000000000000e+05 6.199994337767165131e-01 1.672735548475193512e-01 6.506599908966772539e-01 1.741010468821119761e-01 7.965407373691398007e-03 0.000000000000000000e+00
1.575000000000000000e+05 6.299994246440827617e-01 1.662494310423304478e-01 6.492944924897587899e-01 1.786527082385070686e-01 5.803368229403732710e-03 0.000000000000000000e+00
1.600000000000000000e+05 6.399994155114490102e-01 1.715976331360946627e-01 6.457669549385525176e-01 1.783113336367774249e-01 4.324078288575329727e-03 0.000000000000000000e+00
1.625000000000000000e+05 6.499994063788154808e-01 1.708010923987255403e-01 6.439462903959944917e-01 1.807009558488848477e-01 4.551661356395083832e-03 0.000000000000000000e+00
1.650000000000000000e+05 6.599993972461819514e-01 1.753527537551206328e-01 6.428083750568958088e-01 1.770596267637687682e-01 4.779244424214838804e-03 0.000000000000000000e+00
1.675000000000000000e+05 6.699993881135481999e-01 1.822940373236231204e-01 6.614701866181156298e-01 1.527082385070550885e-01 3.527537551206190360e-03 0.000000000000000000e+00
1.700000000000000000e+05 6.799993789809144484e-01 1.861629494765589532e-01 6.597633136094674944e-01 1.492944924897587622e-01 4.779244424214838804e-03 0.000000000000000000e+00
1.725000000000000000e+05 6.899993698482811411e-01 1.867319071461083224e-01 6.578288575329995780e-01 1.515703231679562946e-01 3.868912152935821518e-03 0.000000000000000000e+00
1.750000000000000000e+05 6.999993607156476116e-01 1.954938552571688637e-01 6.520254893035958288e-01 1.488393263541192557e-01 3.641329085116067413e-03 0.000000000000000000e+00
1.775000000000000000e+05 7.099993515830138602e-01 2.034592626308602548e-01 6.393946290395994270e-01 1.515703231679562946e-01 5.575785161583977738e-03 0.000000000000000000e+00
1.800000000000000000e+05 7.199993424503801087e-01 2.063040509786071841e-01 6.374601729631315106e-01 1.497496586253982687e-01 6.486117432862995025e-03 0.000000000000000000e+00
1.825000000000000000e+05 7.299993333177465793e-01 2.210969503868912278e-01 6.317705962676376519e-01 1.425807919890760000e-01 4.551661356395083832e-03 0.000000000000000000e+00
1.850000000000000000e+05 7.399993241851130499e-01 1.964041875284478766e-01 6.327947200728265553e-01 1.644287664997724219e-01 6.372325898953117539e-03 0.000000000000000000e+00
1.875000000000000000e+05 7.499993150524792984e-01 2.031178880291306388e-01 6.357532999544833752e-01 1.569185252617205373e-01 4.210286754665453109e-03 0.000000000000000000e+00
1.900000000000000000e+05 7.599993059198455470e-01 2.022075557578516258e-01 6.330223031406463363e-01 1.597633136094674666e-01 5.006827492034592909e-03 0.000000000000000000e+00
1.925000000000000000e+05 7.699992967872122396e-01 1.867319071461083224e-01 6.632908511606736557e-01 1.454255803368229294e-01 4.551661356395083832e-03 0.000000000000000000e+00
1.950000000000000000e+05 7.799992876545787102e-01 1.854802002730996935e-01 6.603322712790168358e-01 1.490669094219390090e-01 5.120619025944469528e-03 0.000000000000000000e+00
1.975000000000000000e+05 7.899992785219449587e-01 1.866181156121984597e-01 6.628356850250340937e-01 1.467910787437414766e-01 3.755120619025944465e-03 0.000000000000000000e+00
2.000000000000000000e+05 7.999992693893112072e-01 1.892353208921256358e-01 6.594219390077378229e-01 1.433773327264451503e-01 7.965407373691398007e-03 0.000000000000000000e+00
2.025000000000000000e+05 8.099992602566776778e-01 2.076695493855257035e-01 6.161811561219845412e-01 1.706873008648156498e-01 5.461993627674101119e-03 0.000000000000000000e+00
2.050000000000000000e+05 8.199992511240443704e-01 2.129039599453800558e-01 6.066226672735548497e-01 1.755803368229403860e-01 4.893035958124715423e-03 0.000000000000000000e+00
2.075000000000000000e+05 8.299992419914106190e-01 2.141556668183887124e-01 5.888711879836140417e-01 1.931042330450614408e-01 3.868912152935821518e-03 0.000000000000000000e+00
2.100000000000000000e+05 8.399992328587768675e-01 2.308830223031406448e-01 5.570095584888484774e-01 2.086936731907146070e-01 3.413746017296313308e-03 0.000000000000000000e+00
2.125000000000000000e+05 8.499992237261433381e-01 2.297451069640418786e-01 5.599681383705051863e-01 2.061902594446973214e-01 4.096495220755575623e-03 0.000000000000000000e+00
2.150000000000000000e+05 8.599992145935098087e-01 2.314519799726900418e-01 5.638370505234410190e-01 2.003868912152935722e-01 4.324078288575329727e-03 0.000000000000000000e+00
2.175000000000000000e+05 8.699992054608760572e-01 2.296313154301319881e-01 5.665680473372780579e-01 1.984524351388256835e-01 5.348202093764223633e-03 0.000000000000000000e+00
2.200000000000000000e+05 8.799991963282423058e-01 2.383932635411925294e-01 5.705507510241237812e-01 1.867319071461083224e-01 4.324078288575329727e-03 0.000000000000000000e+00
2.225000000000000000e+05 8.899991871956087763e-01 2.408966772872098427e-01 5.578060992262175999e-01 1.967455621301775204e-01 4.551661356395083832e-03 0.000000000000000000e+00
2.250000000000000000e+05 8.999991780629754690e-01 2.370277651342740100e-01 5.685025034137459743e-01 1.882111970869367323e-01 6.258534365043240920e-03 0.000000000000000000e+00
2.275000000000000000e+05 9.099991689303417175e-01 2.357760582612653533e-01 5.962676376877560358e-01 1.618115612198452458e-01 6.144742831133363434e-03 0.000000000000000000e+00
2.300000000000000000e+05 9.199991597977079660e-01 2.394173873463814328e-01 5.930814747382794350e-01 1.620391442876649990e-01 5.461993627674101119e-03 0.000000000000000000e+00
2.325000000000000000e+05 9.299991506650744366e-01 2.395311788802912956e-01 5.952435138825671324e-01 1.597633136094674666e-01 5.461993627674101119e-03 0.000000000000000000e+00
2.350000000000000000e+05 9.399991415324409072e-01 2.274692762858443462e-01 6.247155211652253293e-01 1.412152935821574806e-01 6.599908966772872511e-03 0.000000000000000000e+00
2.375000000000000000e+05 9.499991323998071557e-01 2.321347291761493015e-01 6.241465634956758768e-01 1.372325898953117851e-01 6.486117432862995025e-03 0.000000000000000000e+00
2.400000000000000000e+05 9.599991232671734043e-01 2.283796085571233592e-01 6.249431042330451103e-01 1.431497496586253970e-01 3.527537551206190360e-03 0.000000000000000000e+00
2.425000000000000000e+05 9.699991141345400969e-01 2.198452435138825711e-01 6.368912152935821691e-01 1.387118798361401950e-01 4.551661356395083832e-03 0.000000000000000000e+00
2.450000000000000000e+05 9.799991050019065675e-01 2.003868912152935722e-01 6.786527082385070964e-01 1.151570323167956239e-01 5.803368229403732710e-03 0.000000000000000000e+00
2.475000000000000000e+05 9.899990958692728160e-01 2.068730086481565811e-01 6.726217569412835662e-01 1.154984069185252676e-01 5.006827492034592909e-03 0.000000000000000000e+00
2.500000000000000000e+05 9.999990867366390646e-01 2.139280837505689592e-01 6.829767865270823801e-01 9.547109695038688559e-02 7.624032771961766417e-03 0.000000000000000000e+00
