# itime ezz other fcc hcp bcc ico
0.000000000000000000e+00 0.000000000000000000e+00 0.000000000000000000e+00 1.000000000000000000e+00 0.000000000000000000e+00 0.000000000000000000e+00 0.000000000000000000e+00
5.000000000000000000e+02 1.999997562063038359e-03 0.000000000000000000e+00 1.000000000000000000e+00 0.000000000000000000e+00 0.000000000000000000e+00 0.000000000000000000e+00
1.000000000000000000e+03 3.999995124126076718e-03 0.000000000000000000e+00 1.000000000000000000e+00 0.000000000000000000e+00 0.000000000000000000e+00 0.000000000000000000e+00
1.500000000000000000e+03 5.999992686189115076e-03 0.000000000000000000e+00 1.000000000000000000e+00 0.000000000000000000e+00 0.000000000000000000e+00 0.000000000000000000e+00
2.000000000000000000e+03 7.999990248251931391e-03 0.000000000000000000e+00 1.000000000000000000e+00 0.000000000000000000e+00 0.000000000000000000e+00 0.000000000000000000e+00
2.500000000000000000e+03 9.999987810314969749e-03 0.000000000000000000e+00 1.000000000000000000e+00 0.000000000000000000e+00 0.000000000000000000e+00 0.000000000000000000e+00
3.000000000000000000e+03 1.199998537237800811e-02 0.000000000000000000e+00 1.000000000000000000e+00 0.000000000000000000e+00 0.000000000000000000e+00 0.000000000000000000e+00
3.500000000000000000e+03 1.399998293444104647e-02 0.000000000000000000e+00 1.000000000000000000e+00 0.000000000000000000e+00 0.000000000000000000e+00 0.000000000000000000e+00
4.000000000000000000e+03 1.599998049650408483e-02 0.000000000000000000e+00 1.000000000000000000e+00 0.000000000000000000e+00 0.000000000000000000e+00 0.000000000000000000e+00
4.500000000000000000e+03 1.799997805856712318e-02 0.000000000000000000e+00 1.000000000000000000e+00 0.000000000000000000e+00 0.000000000000000000e+00 0.000000000000000000e+00
5.000000000000000000e+03 1.999997562063016154e-02 0.000000000000000000e+00 1.000000000000000000e+00 0.000000000000000000e+00 0.000000000000000000e+00 0.000000000000000000e+00
5.500000000000000000e+03 2.199997318269297786e-02 0.000000000000000000e+00 1.000000000000000000e+00 0.000000000000000000e+00 0.000000000000000000e+00 0.000000000000000000e+00
6.000000000000000000e+03 2.399997074475601622e-02 0.000000000000000000e+00 1.000000000000000000e+00 0.000000000000000000e+00 0.000000000000000000e+00 0.000000000000000000e+00
6.500000000000000000e+03 2.599996830681905458e-02 0.000000000000000000e+00 1.000000000000000000e+00 0.000000000000000000e+00 0.000000000000000000e+00 0.000000000000000000e+00
7.000000000000000000e+03 2.799996586888209293e-02 0.000000000000000000e+00 1.000000000000000000e+00 0.000000000000000000e+00 0.000000000000000000e+00 0.000000000000000000e+00
7.500000000000000000e+03 2.999996343094513129e-02 0.000000000000000000e+00 1.000000000000000000e+00 0.000000000000000000e+00 0.000000000000000000e+00 0.000000000000000000e+00
8.000000000000000000e+03 3.199996099300816965e-02 0.000000000000000000e+00 1.000000000000000000e+00 0.000000000000000000e+00 0.000000000000000000e+00 0.000000000000000000e+00
8.500000000000000000e+03 3.399995855507120801e-02 0.000000000000000000e+00 1.000000000000000000e+00 0.000000000000000000e+00 0.000000000000000000e+00 0.000000000000000000e+00
9.000000000000000000e+03 3.599995611713402432e-02 0.000000000000000000e+00 1.000000000000000000e+00 0.000000000000000000e+00 0.000000000000000000e+00 0.000000000000000000e+00
9.500000000000000000e+03 3.799995367919706268e-02 0.000000000000000000e+00 1.000000000000000000e+00 0.000000000000000000e+00 0.000000000000000000e+00 0.000000000000000000e+00
1.000000000000000000e+04 3.999995124126010104e-02 0.000000000000000000e+00 1.000000000000000000e+00 0.000000000000000000e+00 0.000000000000000000e+00 0.000000000000000000e+00
1.050000000000000000e+04 4.199994880332313940e-02 0.000000000000000000e+00 1.000000000000000000e+00 0.000000000000000000e+00 0.000000000000000000e+00 0.000000000000000000e+00
1.100000000000000000e+04 4.399994636538617776e-02 0.000000000000000000e+00 1.000000000000000000e+00 0.000000000000000000e+00 0.000000000000000000e+00 0.000000000000000000e+00
1.150000000000000000e+04 4.599994392744921612e-02 0.000000000000000000e+00 1.000000000000000000e+00 0.000000000000000000e+00 0.000000000000000000e+00 0.000000000000000000e+00
1.200000000000000000e+04 4.799994148951225448e-02 0.000000000000000000e+00 1.000000000000000000e+00 0.000000000000000000e+00 0.000000000000000000e+00 0.000000000000000000e+00
1.250000000000000000e+04 4.999993905157507079e-02 0.000000000000000000e+00 1.000000000000000000e+00 0.000000000000000000e+00 0.000000000000000000e+00 0.000000000000000000e+00
1.300000000000000000e+04 5.199993661363810915e-02 0.000000000000000000e+00 1.000000000000000000e+00 0.000000000000000000e+00 0.000000000000000000e+00 0.000000000000000000e+00
1.350000000000000000e+04 5.399993417570114751e-02 0.000000000000000000e+00 1.000000000000000000e+00 0.000000000000000000e+00 0.000000000000000000e+00 0.000000000000000000e+00
1.400000000000000000e+04 5.599993173776418587e-02 0.000000000000000000e+00 1.000000000000000000e+00 0.000000000000000000e+00 0.000000000000000000e+00 0.000000000000000000e+00
1.450000000000000000e+04 5.799992929982722423e-02 0.000000000000000000e+00 1.000000000000000000e+00 0.000000000000000000e+00 0.000000000000000000e+00 0.000000000000000000e+00
1.500000000000000000e+04 5.999992686189026259e-02 0.000000000000000000e+00 1.000000000000000000e+00 0.000000000000000000e+00 0.000000000000000000e+00 0.000000000000000000e+00
1.550000000000000000e+04 6.199992442395330094e-02 1.137915339098771066e-04 9.998862084660901095e-01 0.000000000000000000e+00 0.000000000000000000e+00 0.000000000000000000e+00
1.600000000000000000e+04 6.399992198601611726e-02 1.137915339098771066e-04 9.998862084660901095e-01 0.000000000000000000e+00 0.000000000000000000e+00 0.000000000000000000e+00
1.650000000000000000e+04 6.599991954807915562e-02 0.000000000000000000e+00 1.000000000000000000e+00 0.000000000000000000e+00 0.000000000000000000e+00 0.000000000000000000e+00
1.700000000000000000e+04 6.799991711014219398e-02 0.000000000000000000e+00 1.000000000000000000e+00 0.000000000000000000e+00 0.000000000000000000e+00 0.000000000000000000e+00
1.750000000000000000e+04 6.999991467220523234e-02 0.000000000000000000e+00 1.000000000000000000e+00 0.000000000000000000e+00 0.000000000000000000e+00 0.000000000000000000e+00
1.800000000000000000e+04 7.199991223426827069e-02 2.275830678197542133e-04 9.997724169321802190e-01 0.000000000000000000e+00 0.000000000000000000e+00 0.000000000000000000e+00
1.850000000000000000e+04 7.399990979633130905e-02 0.000000000000000000e+00 1.000000000000000000e+00 0.000000000000000000e+00 0.000000000000000000e+00 0.000000000000000000e+00
1.900000000000000000e+04 7.599990735839434741e-02 0.000000000000000000e+00 1.000000000000000000e+00 0.000000000000000000e+00 0.000000000000000000e+00 0.000000000000000000e+00
1.950000000000000000e+04 7.799990492045716373e-02 0.000000000000000000e+00 1.000000000000000000e+00 0.000000000000000000e+00 0.000000000000000000e+00 0.000000000000000000e+00
2.000000000000000000e+04 7.999990248252020208e-02 0.000000000000000000e+00 1.000000000000000000e+00 0.000000000000000000e+00 0.000000000000000000e+00 0.000000000000000000e+00
2.050000000000000000e+04 8.199990004458324044e-02 0.000000000000000000e+00 1.000000000000000000e+00 0.000000000000000000e+00 0.000000000000000000e+00 0.000000000000000000e+00
2.100000000000000000e+04 8.399989760664627880e-02 0.000000000000000000e+00 1.000000000000000000e+00 0.000000000000000000e+00 0.000000000000000000e+00 0.000000000000000000e+00
2.150000000000000000e+04 8.599989516870931716e-02 5.689576695493854790e-04 9.994310423304506585e-01 0.000000000000000000e+00 0.000000000000000000e+00 0.000000000000000000e+00
2.200000000000000000e+04 8.799989273077235552e-02 1.024123805188893906e-03 9.988620846609012061e-01 0.000000000000000000e+00 1.137915339098771066e-04 0.000000000000000000e+00
2.250000000000000000e+04 8.999989029283539388e-02 1.137915339098770958e-03 9.988620846609012061e-01 0.000000000000000000e+00 0.000000000000000000e+00 0.000000000000000000e+00
2.300000000000000000e+04 9.199988785489821019e-02 3.413746017296313199e-04 9.996586253982703285e-01 0.000000000000000000e+00 0.000000000000000000e+00 0.000000000000000000e+00
2.350000000000000000e+04 9.399988541696124855e-02 1.593081474738279385e-03 9.982931269913518646e-01 0.000000000000000000e+00 1.137915339098771066e-04 0.000000000000000000e+00
2.400000000000000000e+04 9.599988297902428691e-02 2.389622212107419402e-03 9.976103777878926326e-01 0.000000000000000000e+00 0.000000000000000000e+00 0.000000000000000000e+00
2.450000000000000000e+04 9.799988054108732527e-02 2.503413746017296455e-03 9.972690031861629611e-01 0.000000000000000000e+00 2.275830678197542133e-04 0.000000000000000000e+00
2.500000000000000000e+04 9.999987810315036363e-02 2.275830678197541916e-03 9.976103777878926326e-01 0.000000000000000000e+00 1.137915339098771066e-04 0.000000000000000000e+00
2.550000000000000000e+04 1.019998756652134020e-01 3.186162949476558769e-03 9.968138370505233992e-01 0.000000000000000000e+00 0.000000000000000000e+00 0.000000000000000000e+00
2.600000000000000000e+04 1.039998732272764403e-01 5.348202093764223633e-03 9.944242148384160318e-01 0.000000000000000000e+00 2.275830678197542133e-04 0.000000000000000000e+00
2.650000000000000000e+04 1.059998707893392567e-01 3.755120619025944465e-03 9.959035047792443862e-01 0.000000000000000000e+00 3.413746017296313199e-04 0.000000000000000000e+00
2.700000000000000000e+04 1.079998683514022950e-01 1.069640418752844727e-02 9.885070550751023921e-01 0.000000000000000000e+00 7.965407373691396923e-04 0.000000000000000000e+00
2.750000000000000000e+04 1.099998659134653334e-01 7.794720072826581692e-02 7.180245789713245452e-01 0.000000000000000000e+00 2.040282203004096517e-01 0.000000000000000000e+00
2.800000000000000000e+04 1.119998634755283717e-01 2.669549385525716856e-01 4.501593081474738467e-01 1.708010923987255403e-01 1.120846609012289552e-01 0.000000000000000000e+00
2.850000000000000000e+04 1.139998610375914101e-01 1.998179335457442030e-01 5.956986800182066943e-01 1.871870732817478289e-01 1.729631315430131891e-02 0.000000000000000000e+00
2.900000000000000000e+04 1.159998585996544485e-01 1.755803368229403860e-01 6.220983158852981809e-01 1.923076923076923184e-01 1.001365498406918582e-02 0.000000000000000000e+00
2.950000000000000000e+04 1.179998561617174868e-01 1.602184797451069731e-01 6.252844788347746707e-01 2.088074647246244975e-01 5.689576695493855224e-03 0.000000000000000000e+00
3.000000000000000000e+04 1.199998537237803031e-01 1.409877105143377274e-01 6.720527992717342247e-01 1.846836595357305433e-01 2.275830678197541916e-03 0.000000000000000000e+00
3.050000000000000000e+04 1.219998512858433415e-01 1.052571688666363164e-01 7.312243969048702885e-01 1.593081474738279601e-01 4.210286754665453109e-03 0.000000000000000000e+00
3.100000000000000000e+04 1.239998488479063798e-01 8.921256258534364381e-02 7.618343195266271684e-01 1.445152480655439164e-01 4.437869822485207214e-03 0.000000000000000000e+00
3.150000000000000000e+04 1.259998464099694182e-01 7.692307692307692735e-02 7.688893946290396020e-01 1.513427401001365413e-01 2.844788347746927612e-03 0.000000000000000000e+00
3.200000000000000000e+04 1.279998439720324566e-01 7.532999544833864081e-02 7.697997269003186149e-01 1.514565316340464318e-01 3.413746017296313308e-03 0.000000000000000000e+00
3.250000000000000000e+04 1.299998415340954949e-01 7.680928538916705073e-02 7.650204824761037692e-01 1.545289030496131144e-01 3.641329085116067413e-03 0.000000000000000000e+00
3.300000000000000000e+04 1.319998390961585333e-01 7.385070550751024476e-02 7.685480200273099305e-01 1.529358215748748417e-01 4.665452890304961318e-03 0.000000000000000000e+00
3.350000000000000000e+04 1.339998366582213496e-01 7.271279016841146470e-02 7.687756030951297115e-01 1.550978607191624836e-01 3.413746017296313308e-03 0.000000000000000000e+00
3.400000000000000000e+04 1.359998342202843880e-01 7.521620391442876419e-02 7.701411015020482864e-01 1.508875739644970349e-01 3.755120619025944465e-03 0.000000000000000000e+00
3.450000000000000000e+04 1.379998317823474263e-01 7.191624943104232837e-02 7.687756030951297115e-01 1.553254437869822369e-01 3.982703686845699004e-03 0.000000000000000000e+00
3.500000000000000000e+04 1.399998293444104647e-01 7.305416477014110843e-02 7.694583522985889434e-01 1.530496131087847045e-01 4.437869822485207214e-03 0.000000000000000000e+00
3.550000000000000000e+04 1.419998269064735030e-01 7.214383249886208160e-02 7.701411015020482864e-01 1.533909877105143482e-01 4.324078288575329727e-03 0.000000000000000000e+00
3.600000000000000000e+04 1.439998244685365414e-01 7.294037323623121793e-02 7.708238507055075184e-01 1.524806554392353075e-01 3.755120619025944465e-03 0.000000000000000000e+00
3.650000000000000000e+04 1.459998220305995797e-01 6.838871187983613931e-02 7.724169321802457633e-01 1.546426945835229771e-01 4.551661356395083832e-03 0.000000000000000000e+00
3.700000000000000000e+04 1.479998195926623961e-01 6.793354574419663283e-02 7.713928083750568598e-01 1.554392353208921274e-01 5.234410559854347014e-03 0.000000000000000000e+00
3.750000000000000000e+04 1.499998171547254344e-01 6.793354574419663283e-02 7.721893491124259823e-01 1.555530268548019901e-01 4.324078288575329727e-03 0.000000000000000000e+00
3.800000000000000000e+04 1.519998147167884728e-01 6.770596267637687959e-02 7.713928083750568598e-01 1.547564861174328676e-01 6.144742831133363434e-03 0.000000000000000000e+00
3.850000000000000000e+04 1.539998122788515111e-01 7.089212562585343880e-02 7.684342284934000400e-01 1.565771506599908935e-01 4.096495220755575623e-03 0.000000000000000000e+00
3.900000000000000000e+04 1.559998098409145495e-01 7.009558488848430247e-02 7.695721438324988339e-01 1.557806099226217433e-01 4.551661356395083832e-03 0.000000000000000000e+00
3.950000000000000000e+04 1.579998074029775879e-01 6.816112881201638607e-02 7.743513882567136797e-01 1.536185707783341015e-01 3.868912152935821518e-03 0.000000000000000000e+00
4.000000000000000000e+04 1.599998049650404042e-01 6.770596267637687959e-02 7.684342284934000400e-01 1.570323167956304000e-01 6.827492034592626616e-03 0.000000000000000000e+00
4.050000000000000000e+04 1.619998025271034425e-01 7.032316795630405570e-02 7.642239417387346467e-01 1.607874374146563423e-01 4.665452890304961318e-03 0.000000000000000000e+00
4.100000000000000000e+04 1.639998000891664809e-01 7.146108329540282189e-02 7.668411470186617951e-01 1.563495675921711403e-01 5.348202093764223633e-03 0.000000000000000000e+00
4.150000000000000000e+04 1.659997976512295192e-01 7.373691397360036814e-02 7.625170687300865113e-01 1.579426490669094130e-01 5.803368229403732710e-03 0.000000000000000000e+00
4.200000000000000000e+04 1.679997952132925576e-01 7.385070550751024476e-02 7.619481110605370588e-01 1.586253982703686727e-01 5.575785161583977738e-03 0.000000000000000000e+00
4.250000000000000000e+04 1.699997927753555960e-01 7.749203459262631044e-02 7.550068274920346267e-01 1.613563950842057393e-01 6.144742831133363434e-03 0.000000000000000000e+00
4.300000000000000000e+04 1.719997903374186343e-01 8.067819754210286964e-02 7.530723714155667103e-01 1.603322712790168358e-01 5.917159763313609329e-03 0.000000000000000000e+00
4.350000000000000000e+04 1.739997878994814506e-01 8.352298588984979899e-02 7.551206190259445172e-01 1.569185252617205373e-01 4.437869822485207214e-03 0.000000000000000000e+00
4.400000000000000000e+04 1.759997854615444890e-01 8.852981338188438409e-02 7.418070095584888834e-01 1.635184342284934089e-01 6.144742831133363434e-03 0.000000000000000000e+00
4.450000000000000000e+04 1.779997830236075274e-01 7.476103777878925771e-02 7.676376877560309175e-01 1.528220300409649512e-01 4.779244424214838804e-03 0.000000000000000000e+00
4.500000000000000000e+04 1.799997805856705657e-01 7.214383249886208160e-02 7.658170232134728916e-01 1.585116067364588099e-01 3.527537551206190360e-03 0.000000000000000000e+00
4.550000000000000000e+04 1.819997781477336041e-01 6.747837960855712636e-02 7.711652253072371899e-01 1.578288575329995502e-01 3.527537551206190360e-03 0.000000000000000000e+00
4.600000000000000000e+04 1.839997757097966424e-01 6.725079654073737312e-02 7.679790623577605890e-01 1.615839781520254925e-01 3.186162949476558769e-03 0.000000000000000000e+00
4.650000000000000000e+04 1.859997732718596808e-01 6.770596267637687959e-02 7.702548930359581769e-01 1.590805644060081792e-01 2.958579881656804664e-03 0.000000000000000000e+00
4.700000000000000000e+04 1.879997708339224971e-01 6.850250341374601593e-02 7.690031861629494925e-01 1.582840236686390567e-01 4.210286754665453109e-03 0.000000000000000000e+00
4.750000000000000000e+04 1.899997683959855355e-01 6.793354574419663283e-02 7.693445607646790529e-01 1.590805644060081792e-01 3.641329085116067413e-03 0.000000000000000000e+00
4.800000000000000000e+04 1.919997659580485738e-01 6.918525261720527564e-02 7.691169776968593830e-01 1.582840236686390567e-01 3.413746017296313308e-03 0.000000000000000000e+00
4.850000000000000000e+04 1.939997635201116122e-01 6.873008648156576916e-02 7.680928538916704795e-01 1.593081474738279601e-01 3.868912152935821518e-03 0.000000000000000000e+00
4.900000000000000000e+04 1.959997610821746505e-01 7.248520710059171146e-02 7.583067819754210070e-01 1.653390987710514348e-01 3.868912152935821518e-03 0.000000000000000000e+00
4.950000000000000000e+04 1.979997586442376889e-01 7.521620391442876419e-02 7.529585798816568198e-01 1.669321802457897075e-01 4.893035958124715423e-03 0.000000000000000000e+00
5.000000000000000000e+04 1.999997562063007273e-01 7.385070550751024476e-02 7.564861174328629811e-01 1.663632225762403383e-01 3.299954483386436255e-03 0.000000000000000000e+00
5.050000000000000000e+04 2.019997537683635436e-01 7.407828857532999800e-02 7.550068274920346267e-01 1.671597633136094607e-01 3.755120619025944465e-03 0.000000000000000000e+00
5.100000000000000000e+04 2.039997513304265819e-01 7.589895311788802390e-02 7.546654528903049552e-01 1.659080564406008318e-01 3.527537551206190360e-03 0.000000000000000000e+00
5.150000000000000000e+04 2.059997488924896203e-01 7.328174783796086167e-02 7.561447428311333097e-01 1.656804733727810786e-01 4.893035958124715423e-03 0.000000000000000000e+00
5.200000000000000000e+04 2.079997464545526586e-01 7.601274465179790052e-02 7.571688666363222131e-01 1.640873918980427781e-01 2.730996813837050560e-03 0.000000000000000000e+00
5.250000000000000000e+04 2.099997440166156970e-01 7.589895311788802390e-02 7.577378243058716656e-01 1.636322257624032717e-01 2.730996813837050560e-03 0.000000000000000000e+00
5.300000000000000000e+04 2.119997415786787354e-01 7.407828857532999800e-02 7.589895311788802390e-01 1.642011834319526686e-01 2.730996813837050560e-03 0.000000000000000000e+00
5.350000000000000000e+04 2.139997391407417737e-01 7.658170232134729749e-02 7.556895766954938587e-01 1.643149749658625314e-01 3.413746017296313308e-03 0.000000000000000000e+00
5.400000000000000000e+04 2.159997367028045900e-01 7.692307692307692735e-02 7.565999089667728716e-01 1.628356850250341492e-01 3.641329085116067413e-03 0.000000000000000000e+00
5.450000000000000000e+04 2.179997342648676284e-01 7.919890760127445972e-02 7.561447428311333097e-01 1.616977696859353553e-01 2.958579881656804664e-03 0.000000000000000000e+00
5.500000000000000000e+04 2.199997318269306668e-01 8.238507055075101893e-02 7.545516613563950648e-01 1.601046882111970826e-01 2.958579881656804664e-03 0.000000000000000000e+00
5.550000000000000000e+04 2.219997293889937051e-01 9.660901228948566566e-02 7.289485662266727006e-01 1.727355484751934567e-01 1.706873008648156654e-03 0.000000000000000000e+00
5.600000000000000000e+04 2.239997269510567435e-01 9.353664087391898307e-02 7.289485662266727006e-01 1.750113791533909890e-01 2.503413746017296455e-03 0.000000000000000000e+00
5.650000000000000000e+04 2.259997245131197818e-01 9.831588529813381494e-02 7.251934456076467583e-01 1.746700045516613453e-01 1.820664542558033706e-03 0.000000000000000000e+00
5.700000000000000000e+04 2.279997220751828202e-01 9.831588529813381494e-02 7.274692762858443462e-01 1.712562585343650468e-01 2.958579881656804664e-03 0.000000000000000000e+00
5.750000000000000000e+04 2.299997196372456365e-01 1.016158397815202508e-01 7.272416932180245652e-01 1.692080109239872676e-01 1.934456076467910759e-03 0.000000000000000000e+00
5.800000000000000000e+04 2.319997171993086749e-01 9.501593081474737912e-02 7.247382794720073074e-01 1.770596267637687682e-01 3.186162949476558769e-03 0.000000000000000000e+00
5.850000000000000000e+04 2.339997147613717132e-01 9.251251706873007963e-02 7.286071916249431402e-01 1.776285844333181652e-01 1.251706873008648227e-03 0.000000000000000000e+00
5.900000000000000000e+04 2.359997123234347516e-01 9.080564406008193035e-02 7.296313154301320436e-01 1.772872098315885214e-01 2.275830678197541916e-03 0.000000000000000000e+00
5.950000000000000000e+04 2.379997098854977899e-01 9.137460172963131344e-02 7.297451069640418231e-01 1.771734182976786587e-01 1.706873008648156654e-03 0.000000000000000000e+00
6.000000000000000000e+04 2.399997074475608283e-01 9.023668639053254725e-02 7.308830223031406170e-01 1.758079198907601393e-01 3.072371415566681717e-03 0.000000000000000000e+00
6.050000000000000000e+04 2.419997050096238667e-01 9.114701866181156020e-02 7.312243969048702885e-01 1.759217114246700020e-01 1.706873008648156654e-03 0.000000000000000000e+00
6.100000000000000000e+04 2.439997025716866830e-01 9.012289485662267063e-02 7.319071461083295205e-01 1.754665452890304955e-01 2.503413746017296455e-03 0.000000000000000000e+00
6.150000000000000000e+04 2.459997001337497213e-01 8.989531178880291740e-02 7.319071461083295205e-01 1.758079198907601393e-01 2.389622212107419402e-03 0.000000000000000000e+00
6.200000000000000000e+04 2.479996976958127597e-01 8.932635411925353430e-02 7.338416021847974369e-01 1.754665452890304955e-01 1.365498406918525280e-03 0.000000000000000000e+00
6.250000000000000000e+04 2.499996952578757980e-01 9.126081019572143682e-02 7.348657259899863403e-01 1.719390077378243065e-01 1.934456076467910759e-03 0.000000000000000000e+00
6.300000000000000000e+04 2.519996928199388364e-01 9.046426945835230049e-02 7.352071005917160118e-01 1.727355484751934567e-01 1.593081474738279385e-03 0.000000000000000000e+00
6.350000000000000000e+04 2.539996903820018748e-01 9.126081019572143682e-02 7.373691397360035982e-01 1.701183431952662806e-01 1.251706873008648227e-03 0.000000000000000000e+00
6.400000000000000000e+04 2.559996879440649131e-01 9.296768320436959998e-02 7.373691397360035982e-01 1.682976786527082269e-01 1.365498406918525280e-03 0.000000000000000000e+00
6.450000000000000000e+04 2.579996855061277294e-01 9.262630860263997012e-02 7.374829312699134887e-01 1.687528447883477334e-01 1.137915339098770958e-03 0.000000000000000000e+00
6.500000000000000000e+04 2.599996830681907678e-01 9.126081019572143682e-02 7.382794720072826111e-01 1.692080109239872676e-01 1.251706873008648227e-03 0.000000000000000000e+00
6.550000000000000000e+04 2.619996806302538062e-01 9.046426945835230049e-02 7.408966772872098705e-01 1.675011379153391045e-01 1.137915339098770958e-03 0.000000000000000000e+00
6.600000000000000000e+04 2.639996781923168445e-01 9.080564406008193035e-02 7.382794720072826111e-01 1.687528447883477334e-01 2.162039144287664864e-03 0.000000000000000000e+00
6.650000000000000000e+04 2.659996757543798829e-01 9.194355939918069653e-02 7.390760127446518446e-01 1.678425125170687204e-01 1.137915339098770958e-03 0.000000000000000000e+00
6.700000000000000000e+04 2.679996733164429212e-01 8.932635411925353430e-02 7.451069640418752638e-01 1.636322257624032717e-01 1.934456076467910759e-03 0.000000000000000000e+00
6.750000000000000000e+04 2.699996708785059596e-01 9.308147473827947660e-02 7.398725534820209671e-01 1.656804733727810786e-01 1.365498406918525280e-03 0.000000000000000000e+00
6.800000000000000000e+04 2.719996684405687759e-01 9.604005461993628257e-02 7.323623122439690825e-01 1.700045516613563901e-01 1.593081474738279385e-03 0.000000000000000000e+00
6.850000000000000000e+04 2.739996660026318143e-01 9.797451069640418508e-02 7.333864360491579859e-01 1.678425125170687204e-01 7.965407373691396923e-04 0.000000000000000000e+00
6.900000000000000000e+04 2.759996635646948526e-01 9.922621756941284177e-02 7.284934000910332497e-01 1.709148839326354030e-01 1.365498406918525280e-03 0.000000000000000000e+00
6.950000000000000000e+04 2.779996611267578910e-01 1.062812926718252199e-01 7.097177969959035382e-01 1.807009558488848477e-01 3.299954483386436255e-03 0.000000000000000000e+00
7.000000000000000000e+04 2.799996586888209293e-01 1.099226217569412856e-01 7.083522985889849632e-01 1.793354574419663283e-01 2.389622212107419402e-03 0.000000000000000000e+00
7.050000000000000000e+04 2.819996562508839677e-01 1.103777878925807920e-01 7.093764223941738667e-01 1.781975421028675344e-01 2.048247610377787811e-03 0.000000000000000000e+00
7.100000000000000000e+04 2.839996538129470061e-01 1.075329995448338627e-01 7.076695493855257313e-01 1.829767865270823801e-01 1.820664542558033706e-03 0.000000000000000000e+00
7.150000000000000000e+04 2.859996513750098224e-01 1.125398270368684617e-01 7.066454255803368278e-01 1.788802913063268218e-01 1.934456076467910759e-03 0.000000000000000000e+00
7.200000000000000000e+04 2.879996489370728607e-01 1.126536185707783383e-01 7.047109695038689114e-01 1.808147473827947105e-01 1.820664542558033706e-03 0.000000000000000000e+00
7.250000000000000000e+04 2.899996464991358991e-01 1.176604460628129234e-01 7.027765134274009950e-01 1.753527537551206328e-01 4.210286754665453109e-03 0.000000000000000000e+00
7.300000000000000000e+04 2.919996440611989375e-01 1.425807919890760000e-01 6.437187073281748217e-01 2.106281292671825234e-01 3.072371415566681717e-03 0.000000000000000000e+00
7.350000000000000000e+04 2.939996416232619758e-01 1.275603095129722309e-01 6.957214383249886724e-01 1.729631315430132099e-01 3.755120619025944465e-03 0.000000000000000000e+00
7.400000000000000000e+04 2.959996391853250142e-01 1.374601729631315383e-01 6.697769685935366368e-01 1.887801547564861293e-01 3.982703686845699004e-03 0.000000000000000000e+00
7.450000000000000000e+04 2.979996367473880525e-01 1.366636322257624159e-01 6.688666363222576239e-01 1.908284023668639084e-01 3.641329085116067413e-03 0.000000000000000000e+00
7.500000000000000000e+04 2.999996343094508688e-01 1.403049613108784677e-01 6.662494310423304755e-01 1.900318616294947582e-01 3.413746017296313308e-03 0.000000000000000000e+00
7.550000000000000000e+04 3.019996318715139072e-01 1.319981793354574329e-01 6.670459717796995980e-01 1.969731451979972736e-01 3.982703686845699004e-03 0.000000000000000000e+00
7.600000000000000000e+04 3.039996294335769456e-01 1.339326354119253493e-01 6.680700955848885014e-01 1.950386891215293572e-01 2.958579881656804664e-03 0.000000000000000000e+00
7.650000000000000000e+04 3.059996269956399839e-01 1.312016385980883104e-01 6.791078743741465473e-01 1.849112426035502965e-01 4.779244424214838804e-03 0.000000000000000000e+00
7.700000000000000000e+04 3.079996245577030223e-01 1.219845243513882627e-01 7.121074192080109055e-01 1.632908511606736557e-01 2.617205279927173507e-03 0.000000000000000000e+00
7.750000000000000000e+04 3.099996221197660606e-01 1.116294947655894348e-01 7.271279016841146747e-01 1.569185252617205373e-01 4.324078288575329727e-03 0.000000000000000000e+00
7.800000000000000000e+04 3.119996196818290990e-01 1.140191169776968577e-01 7.058488848429677054e-01 1.754665452890304955e-01 4.665452890304961318e-03 0.000000000000000000e+00
7.850000000000000000e+04 3.139996172438919153e-01 1.102639963586709154e-01 7.089212562585344157e-01 1.768320436959490149e-01 3.982703686845699004e-03 0.000000000000000000e+00
7.900000000000000000e+04 3.159996148059549537e-01 1.112881201638598050e-01 7.089212562585344157e-01 1.768320436959490149e-01 2.958579881656804664e-03 0.000000000000000000e+00
7.950000000000000000e+04 3.179996123680179920e-01 1.102639963586709154e-01 7.080109239872554028e-01 1.774010013654984119e-01 4.324078288575329727e-03 0.000000000000000000e+00
8.000000000000000000e+04 3.199996099300810304e-01 1.133363677742375980e-01 7.017523896222120916e-01 1.808147473827947105e-01 4.096495220755575623e-03 0.000000000000000000e+00
8.050000000000000000e+04 3.219996074921440687e-01 1.159535730541647741e-01 6.960628129267182329e-01 1.835457441966317771e-01 4.437869822485207214e-03 0.000000000000000000e+00
8.100000000000000000e+04 3.239996050542071071e-01 1.170914883932635403e-01 7.012972234865726406e-01 1.793354574419663283e-01 2.275830678197541916e-03 0.000000000000000000e+00
8.150000000000000000e+04 3.259996026162701455e-01 1.190259444697314567e-01 6.998179335457441752e-01 1.776285844333181652e-01 3.527537551206190360e-03 0.000000000000000000e+00
8.200000000000000000e+04 3.279996001783329618e-01 1.174328629949931702e-01 6.961766044606281234e-01 1.840009103322712836e-01 2.389622212107419402e-03 0.000000000000000000e+00
8.250000000000000000e+04 3.299995977403960001e-01 1.176604460628129234e-01 6.997041420118342847e-01 1.802457897132453413e-01 2.389622212107419402e-03 0.000000000000000000e+00
8.300000000000000000e+04 3.319995953024590385e-01 1.181156121984524299e-01 6.954938552571688914e-01 1.830905780609922706e-01 3.299954483386436255e-03 0.000000000000000000e+00
8.350000000000000000e+04 3.339995928645220769e-01 1.186845698680018268e-01 6.973145197997269173e-01 1.812699135184342170e-01 2.730996813837050560e-03 0.000000000000000000e+00
8.400000000000000000e+04 3.359995904265851152e-01 1.168639053254437871e-01 6.974283113336368078e-01 1.832043695949021334e-01 2.503413746017296455e-03 0.000000000000000000e+00
8.450000000000000000e+04 3.379995879886481536e-01 1.199362767410104696e-01 6.959490213928083424e-01 1.812699135184342170e-01 2.844788347746927612e-03 0.000000000000000000e+00
8.500000000000000000e+04 3.399995855507111919e-01 1.168639053254437871e-01 6.991351843422849432e-01 1.808147473827947105e-01 3.186162949476558769e-03 0.000000000000000000e+00
8.550000000000000000e+04 3.419995831127740082e-01 1.218707328174783860e-01 6.983386436049158208e-01 1.769458352298589054e-01 2.844788347746927612e-03 0.000000000000000000e+00
8.600000000000000000e+04 3.439995806748370466e-01 1.191397360036413333e-01 7.024351388256713236e-01 1.746700045516613453e-01 3.755120619025944465e-03 0.000000000000000000e+00
8.650000000000000000e+04 3.459995782369000850e-01 1.136777423759672279e-01 7.012972234865726406e-01 1.816112881201638607e-01 3.413746017296313308e-03 0.000000000000000000e+00
8.700000000000000000e+04 3.479995757989631233e-01 1.126536185707783383e-01 7.010696404187528596e-01 1.829767865270823801e-01 3.299954483386436255e-03 0.000000000000000000e+00
8.750000000000000000e+04 3.499995733610261617e-01 1.142467000455166110e-01 7.003868912152936277e-01 1.822940373236231204e-01 3.072371415566681717e-03 0.000000000000000000e+00
8.800000000000000000e+04 3.519995709230892000e-01 1.120846609012289552e-01 7.008420573509330787e-01 1.844560764679107900e-01 2.617205279927173507e-03 0.000000000000000000e+00
8.850000000000000000e+04 3.539995684851522384e-01 1.123122439690487084e-01 6.999317250796540657e-01 1.840009103322712836e-01 3.755120619025944465e-03 0.000000000000000000e+00
8.900000000000000000e+04 3.559995660472150547e-01 1.162949476558944040e-01 6.982248520710059303e-01 1.813837050523441075e-01 4.096495220755575623e-03 0.000000000000000000e+00
8.950000000000000000e+04 3.579995636092780931e-01 1.159535730541647741e-01 6.982248520710059303e-01 1.828629949931725174e-01 2.958579881656804664e-03 0.000000000000000000e+00
9.000000000000000000e+04 3.599995611713411314e-01 1.133363677742375980e-01 7.000455166135639562e-01 1.834319526627218866e-01 3.186162949476558769e-03 0.000000000000000000e+00
9.050000000000000000e+04 3.619995587334041698e-01 1.131087847064178448e-01 6.993627674101047242e-01 1.844560764679107900e-01 3.072371415566681717e-03 0.000000000000000000e+00
9.100000000000000000e+04 3.639995562954672081e-01 1.144742831133363642e-01 6.986800182066453813e-01 1.841147018661811463e-01 2.730996813837050560e-03 0.000000000000000000e+00
9.150000000000000000e+04 3.659995538575302465e-01 1.110605370960400518e-01 7.039144287664997890e-01 1.822940373236231204e-01 2.730996813837050560e-03 0.000000000000000000e+00
9.200000000000000000e+04 3.679995514195932849e-01 1.148156577150659940e-01 7.023213472917615441e-01 1.803595812471552040e-01 2.503413746017296455e-03 0.000000000000000000e+00
9.250000000000000000e+04 3.699995489816561012e-01 1.219845243513882627e-01 7.397587619481110766e-01 1.352981338188438687e-01 2.958579881656804664e-03 0.000000000000000000e+00
9.300000000000000000e+04 3.719995465437191395e-01 1.277878925807919841e-01 6.957214383249886724e-01 1.742148384160218388e-01 2.275830678197541916e-03 0.000000000000000000e+00
9.350000000000000000e+04 3.739995441057821779e-01 1.379153390987710448e-01 7.083522985889849632e-01 1.496358670914884059e-01 4.096495220755575623e-03 0.000000000000000000e+00
9.400000000000000000e+04 3.759995416678452163e-01 1.273327264451524776e-01 7.501137915339098905e-01 1.162949476558944040e-01 6.258534365043240920e-03 0.000000000000000000e+00
9.450000000000000000e+04 3.779995392299082546e-01 1.153846153846153910e-01 7.697997269003186149e-01 1.111743286299499284e-01 3.641329085116067413e-03 0.000000000000000000e+00
9.500000000000000000e+04 3.799995367919712930e-01 1.102639963586709154e-01 7.766272189349112676e-01 1.082157487482931224e-01 4.893035958124715423e-03 0.000000000000000000e+00
9.550000000000000000e+04 3.819995343540343313e-01 1.084433318161128756e-01 7.771961766044606090e-01 1.090122894856622726e-01 5.348202093764223633e-03 0.000000000000000000e+00
9.600000000000000000e+04 3.839995319160971476e-01 1.068502503413746030e-01 7.783340919435594030e-01 1.110605370960400518e-01 3.755120619025944465e-03 0.000000000000000000e+00
9.650000000000000000e+04 3.859995294781601860e-01 1.084433318161128756e-01 7.775375512061902805e-01 1.101502048247610388e-01 3.868912152935821518e-03 0.000000000000000000e+00
9.700000000000000000e+04 3.879995270402232244e-01 1.085571233500227523e-01 7.782203004096495125e-01 1.090122894856622726e-01 4.210286754665453109e-03 0.000000000000000000e+00
9.750000000000000000e+04 3.899995246022862627e-01 1.062812926718252199e-01 7.783340919435594030e-01 1.102639963586709154e-01 5.120619025944469528e-03 0.000000000000000000e+00
9.800000000000000000e+04 3.919995221643493011e-01 1.087847064178425194e-01 7.804961310878471004e-01 1.063950842057350965e-01 4.324078288575329727e-03 0.000000000000000000e+00
9.850000000000000000e+04 3.939995197264123394e-01 1.020710059171597572e-01 7.895994538006372299e-01 1.046882111970869333e-01 3.641329085116067413e-03 0.000000000000000000e+00
9.900000000000000000e+04 3.959995172884753778e-01 1.025261720527992776e-01 7.900546199362767918e-01 1.040054619936276736e-01 3.413746017296313308e-03 0.000000000000000000e+00
9.950000000000000000e+04 3.979995148505381941e-01 1.017296313154301274e-01 7.913063268092853653e-01 1.038916704597177970e-01 3.072371415566681717e-03 0.000000000000000000e+00
1.000000000000000000e+05 3.999995124126012325e-01 1.035502958579881672e-01 7.893718707328174489e-01 1.026399635867091542e-01 4.437869822485207214e-03 0.000000000000000000e+00
1.005000000000000000e+05 4.019995099746642708e-01 1.103777878925807920e-01 7.735548475193445572e-01 1.126536185707783383e-01 3.413746017296313308e-03 0.000000000000000000e+00
1.010000000000000000e+05 4.039995075367273092e-01 1.133363677742375980e-01 7.477241693218024121e-01 1.363222576240327721e-01 2.617205279927173507e-03 0.000000000000000000e+00
1.015000000000000000e+05 4.059995050987903475e-01 1.135639508420573512e-01 7.248520710059171979e-01 1.588529813381884259e-01 2.730996813837050560e-03 0.000000000000000000e+00
1.020000000000000000e+05 4.079995026608533859e-01 1.043468365953573035e-01 7.371415566681839282e-01 1.560081929904415243e-01 2.503413746017296455e-03 0.000000000000000000e+00
1.025000000000000000e+05 4.099995002229164243e-01 1.085571233500227523e-01 7.255348202093764298e-01 1.631770596267637652e-01 2.730996813837050560e-03 0.000000000000000000e+00
1.030000000000000000e+05 4.119994977849792406e-01 1.071916249431042328e-01 7.263313609467455523e-01 1.638598088302230249e-01 2.617205279927173507e-03 0.000000000000000000e+00
1.035000000000000000e+05 4.139994953470422789e-01 1.157259899863450209e-01 7.003868912152936277e-01 1.792216659080564378e-01 4.665452890304961318e-03 0.000000000000000000e+00
1.040000000000000000e+05 4.159994929091053173e-01 1.048020027309968100e-01 7.007282658170231882e-01 1.939007737824305910e-01 5.689576695493854790e-04 0.000000000000000000e+00
1.045000000000000000e+05 4.179994904711683557e-01 1.073054164770141095e-01 6.910559854346836062e-01 2.005006827492034627e-01 1.137915339098770958e-03 0.000000000000000000e+00
1.050000000000000000e+05 4.199994880332313940e-01 1.077605826126536159e-01 6.715976331360946627e-01 2.201866181156121871e-01 4.551661356395084266e-04 0.000000000000000000e+00
1.055000000000000000e+05 4.219994855952944324e-01 1.067364588074647264e-01 6.710286754665453213e-01 2.208693673190714746e-01 1.365498406918525280e-03 0.000000000000000000e+00
1.060000000000000000e+05 4.239994831573574707e-01 1.068502503413746030e-01 6.702321347291761988e-01 2.215521165225307343e-01 1.365498406918525280e-03 0.000000000000000000e+00
1.065000000000000000e+05 4.259994807194202870e-01 1.053709604005461931e-01 6.712562585343649912e-01 2.224624487938097472e-01 9.103322712790168532e-04 0.000000000000000000e+00
1.070000000000000000e+05 4.279994782814833254e-01 1.077605826126536159e-01 6.700045516613564178e-01 2.214383249886208438e-01 7.965407373691396923e-04 0.000000000000000000e+00
1.075000000000000000e+05 4.299994758435463638e-01 1.065088757396449731e-01 6.713700500682748817e-01 2.212107419208010906e-01 9.103322712790168532e-04 0.000000000000000000e+00
1.080000000000000000e+05 4.319994734056094021e-01 1.078743741465634925e-01 6.702321347291761988e-01 2.210969503868912278e-01 7.965407373691396923e-04 0.000000000000000000e+00
1.085000000000000000e+05 4.339994709676724405e-01 1.058261265361857134e-01 6.692080109239872954e-01 2.239417387346381294e-01 1.024123805188893906e-03 0.000000000000000000e+00
1.090000000000000000e+05 4.359994685297354788e-01 1.065088757396449731e-01 6.696631770596267463e-01 2.228038233955393632e-01 1.024123805188893906e-03 0.000000000000000000e+00
1.095000000000000000e+05 4.379994660917985172e-01 1.070778334091943562e-01 6.702321347291761988e-01 2.216659080564405970e-01 1.024123805188893906e-03 0.000000000000000000e+00
1.100000000000000000e+05 4.399994636538613335e-01 1.065088757396449731e-01 6.696631770596267463e-01 2.225762403277196100e-01 1.251706873008648227e-03 0.000000000000000000e+00
1.105000000000000000e+05 4.419994612159243719e-01 1.068502503413746030e-01 6.684114701866180619e-01 2.229176149294492537e-01 1.820664542558033706e-03 0.000000000000000000e+00
1.110000000000000000e+05 4.439994587779874102e-01 1.058261265361857134e-01 6.694355939918069653e-01 2.236003641329085134e-01 1.137915339098770958e-03 0.000000000000000000e+00
1.115000000000000000e+05 4.459994563400504486e-01 1.048020027309968100e-01 6.696631770596267463e-01 2.236003641329085134e-01 1.934456076467910759e-03 0.000000000000000000e+00
1.120000000000000000e+05 4.479994539021134869e-01 1.077605826126536159e-01 6.686390532544378429e-01 2.217796995903504875e-01 1.820664542558033706e-03 0.000000000000000000e+00
1.125000000000000000e+05 4.499994514641765253e-01 1.060537096040054666e-01 6.693218024578971859e-01 2.234865725989986229e-01 1.137915339098770958e-03 0.000000000000000000e+00
1.130000000000000000e+05 4.519994490262393416e-01 1.062812926718252199e-01 6.697769685935366368e-01 2.224624487938097472e-01 1.479289940828402332e-03 0.000000000000000000e+00
1.135000000000000000e+05 4.539994465883023800e-01 1.068502503413746030e-01 6.690942193900774049e-01 2.226900318616295005e-01 1.365498406918525280e-03 0.000000000000000000e+00
