# itime ezz other fcc hcp bcc ico
0.000000000000000000e+00 0.000000000000000000e+00 0.000000000000000000e+00 1.000000000000000000e+00 0.000000000000000000e+00 0.000000000000000000e+00 0.000000000000000000e+00
2.500000000000000000e+02 9.999821664177233060e-04 0.000000000000000000e+00 1.000000000000000000e+00 0.000000000000000000e+00 0.000000000000000000e+00 0.000000000000000000e+00
5.000000000000000000e+02 1.999964332835446612e-03 0.000000000000000000e+00 1.000000000000000000e+00 0.000000000000000000e+00 0.000000000000000000e+00 0.000000000000000000e+00
7.500000000000000000e+02 2.999946499253169918e-03 0.000000000000000000e+00 1.000000000000000000e+00 0.000000000000000000e+00 0.000000000000000000e+00 0.000000000000000000e+00
1.000000000000000000e+03 3.999928665670893224e-03 0.000000000000000000e+00 1.000000000000000000e+00 0.000000000000000000e+00 0.000000000000000000e+00 0.000000000000000000e+00
1.250000000000000000e+03 4.999910832088616530e-03 0.000000000000000000e+00 1.000000000000000000e+00 0.000000000000000000e+00 0.000000000000000000e+00 0.000000000000000000e+00
1.500000000000000000e+03 5.999892998506339836e-03 0.000000000000000000e+00 1.000000000000000000e+00 0.000000000000000000e+00 0.000000000000000000e+00 0.000000000000000000e+00
1.750000000000000000e+03 6.999875164924063142e-03 0.000000000000000000e+00 1.000000000000000000e+00 0.000000000000000000e+00 0.000000000000000000e+00 0.000000000000000000e+00
2.000000000000000000e+03 7.999857331341564404e-03 0.000000000000000000e+00 1.000000000000000000e+00 0.000000000000000000e+00 0.000000000000000000e+00 0.000000000000000000e+00
2.250000000000000000e+03 8.999839497759287710e-03 0.000000000000000000e+00 1.000000000000000000e+00 0.000000000000000000e+00 0.000000000000000000e+00 0.000000000000000000e+00
2.500000000000000000e+03 9.999821664177011016e-03 0.000000000000000000e+00 1.000000000000000000e+00 0.000000000000000000e+00 0.000000000000000000e+00 0.000000000000000000e+00
2.750000000000000000e+03 1.099980383059473432e-02 0.000000000000000000e+00 1.000000000000000000e+00 0.000000000000000000e+00 0.000000000000000000e+00 0.000000000000000000e+00
3.000000000000000000e+03 1.199978599701245763e-02 0.000000000000000000e+00 1.000000000000000000e+00 0.000000000000000000e+00 0.000000000000000000e+00 0.000000000000000000e+00
3.250000000000000000e+03 1.299976816343018093e-02 0.000000000000000000e+00 1.000000000000000000e+00 0.000000000000000000e+00 0.000000000000000000e+00 0.000000000000000000e+00
3.500000000000000000e+03 1.399975032984790424e-02 0.000000000000000000e+00 1.000000000000000000e+00 0.000000000000000000e+00 0.000000000000000000e+00 0.000000000000000000e+00
3.750000000000000000e+03 1.499973249626562755e-02 0.000000000000000000e+00 1.000000000000000000e+00 0.000000000000000000e+00 0.000000000000000000e+00 0.000000000000000000e+00
4.000000000000000000e+03 1.599971466268335085e-02 0.000000000000000000e+00 1.000000000000000000e+00 0.000000000000000000e+00 0.000000000000000000e+00 0.000000000000000000e+00
4.250000000000000000e+03 1.699969682910107416e-02 0.000000000000000000e+00 1.000000000000000000e+00 0.000000000000000000e+00 0.000000000000000000e+00 0.000000000000000000e+00
4.500000000000000000e+03 1.799967899551879746e-02 0.000000000000000000e+00 1.000000000000000000e+00 0.000000000000000000e+00 0.000000000000000000e+00 0.000000000000000000e+00
4.750000000000000000e+03 1.899966116193652077e-02 0.000000000000000000e+00 1.000000000000000000e+00 0.000000000000000000e+00 0.000000000000000000e+00 0.000000000000000000e+00
5.000000000000000000e+03 1.999964332835424408e-02 0.000000000000000000e+00 1.000000000000000000e+00 0.000000000000000000e+00 0.000000000000000000e+00 0.000000000000000000e+00
5.250000000000000000e+03 2.099962549477196738e-02 0.000000000000000000e+00 1.000000000000000000e+00 0.000000000000000000e+00 0.000000000000000000e+00 0.000000000000000000e+00
5.500000000000000000e+03 2.199960766118969069e-02 0.000000000000000000e+00 1.000000000000000000e+00 0.000000000000000000e+00 0.000000000000000000e+00 0.000000000000000000e+00
5.750000000000000000e+03 2.299958982760719195e-02 0.000000000000000000e+00 1.000000000000000000e+00 0.000000000000000000e+00 0.000000000000000000e+00 0.000000000000000000e+00
6.000000000000000000e+03 2.399957199402491526e-02 0.000000000000000000e+00 1.000000000000000000e+00 0.000000000000000000e+00 0.000000000000000000e+00 0.000000000000000000e+00
6.250000000000000000e+03 2.499955416044263856e-02 0.000000000000000000e+00 1.000000000000000000e+00 0.000000000000000000e+00 0.000000000000000000e+00 0.000000000000000000e+00
6.500000000000000000e+03 2.599953632686036187e-02 0.000000000000000000e+00 1.000000000000000000e+00 0.000000000000000000e+00 0.000000000000000000e+00 0.000000000000000000e+00
6.750000000000000000e+03 2.699951849327808517e-02 0.000000000000000000e+00 1.000000000000000000e+00 0.000000000000000000e+00 0.000000000000000000e+00 0.000000000000000000e+00
7.000000000000000000e+03 2.799950065969580848e-02 0.000000000000000000e+00 1.000000000000000000e+00 0.000000000000000000e+00 0.000000000000000000e+00 0.000000000000000000e+00
7.250000000000000000e+03 2.899948282611353179e-02 0.000000000000000000e+00 1.000000000000000000e+00 0.000000000000000000e+00 0.000000000000000000e+00 0.000000000000000000e+00
7.500000000000000000e+03 2.999946499253125509e-02 0.000000000000000000e+00 1.000000000000000000e+00 0.000000000000000000e+00 0.000000000000000000e+00 0.000000000000000000e+00
7.750000000000000000e+03 3.099944715894897840e-02 0.000000000000000000e+00 1.000000000000000000e+00 0.000000000000000000e+00 0.000000000000000000e+00 0.000000000000000000e+00
8.000000000000000000e+03 3.199942932536670170e-02 0.000000000000000000e+00 1.000000000000000000e+00 0.000000000000000000e+00 0.000000000000000000e+00 0.000000000000000000e+00
8.250000000000000000e+03 3.299941149178442501e-02 0.000000000000000000e+00 1.000000000000000000e+00 0.000000000000000000e+00 0.000000000000000000e+00 0.000000000000000000e+00
8.500000000000000000e+03 3.399939365820214832e-02 0.000000000000000000e+00 1.000000000000000000e+00 0.000000000000000000e+00 0.000000000000000000e+00 0.000000000000000000e+00
8.750000000000000000e+03 3.499937582461987162e-02 0.000000000000000000e+00 1.000000000000000000e+00 0.000000000000000000e+00 0.000000000000000000e+00 0.000000000000000000e+00
9.000000000000000000e+03 3.599935799103759493e-02 0.000000000000000000e+00 1.000000000000000000e+00 0.000000000000000000e+00 0.000000000000000000e+00 0.000000000000000000e+00
9.250000000000000000e+03 3.699934015745531823e-02 0.000000000000000000e+00 1.000000000000000000e+00 0.000000000000000000e+00 0.000000000000000000e+00 0.000000000000000000e+00
9.500000000000000000e+03 3.799932232387281950e-02 0.000000000000000000e+00 1.000000000000000000e+00 0.000000000000000000e+00 0.000000000000000000e+00 0.000000000000000000e+00
9.750000000000000000e+03 3.899930449029054280e-02 0.000000000000000000e+00 1.000000000000000000e+00 0.000000000000000000e+00 0.000000000000000000e+00 0.000000000000000000e+00
1.000000000000000000e+04 3.999928665670826611e-02 0.000000000000000000e+00 1.000000000000000000e+00 0.000000000000000000e+00 0.000000000000000000e+00 0.000000000000000000e+00
1.025000000000000000e+04 4.099926882312598941e-02 0.000000000000000000e+00 1.000000000000000000e+00 0.000000000000000000e+00 0.000000000000000000e+00 0.000000000000000000e+00
1.050000000000000000e+04 4.199925098954371272e-02 0.000000000000000000e+00 1.000000000000000000e+00 0.000000000000000000e+00 0.000000000000000000e+00 0.000000000000000000e+00
1.075000000000000000e+04 4.299923315596143603e-02 0.000000000000000000e+00 1.000000000000000000e+00 0.000000000000000000e+00 0.000000000000000000e+00 0.000000000000000000e+00
1.100000000000000000e+04 4.399921532237915933e-02 0.000000000000000000e+00 1.000000000000000000e+00 0.000000000000000000e+00 0.000000000000000000e+00 0.000000000000000000e+00
1.125000000000000000e+04 4.499919748879688264e-02 0.000000000000000000e+00 1.000000000000000000e+00 0.000000000000000000e+00 0.000000000000000000e+00 0.000000000000000000e+00
1.150000000000000000e+04 4.599917965521460594e-02 0.000000000000000000e+00 1.000000000000000000e+00 0.000000000000000000e+00 0.000000000000000000e+00 0.000000000000000000e+00
1.175000000000000000e+04 4.699916182163232925e-02 0.000000000000000000e+00 1.000000000000000000e+00 0.000000000000000000e+00 0.000000000000000000e+00 0.000000000000000000e+00
1.200000000000000000e+04 4.799914398805005256e-02 0.000000000000000000e+00 1.000000000000000000e+00 0.000000000000000000e+00 0.000000000000000000e+00 0.000000000000000000e+00
1.225000000000000000e+04 4.899912615446777586e-02 0.000000000000000000e+00 1.000000000000000000e+00 0.000000000000000000e+00 0.000000000000000000e+00 0.000000000000000000e+00
1.250000000000000000e+04 4.999910832088549917e-02 0.000000000000000000e+00 1.000000000000000000e+00 0.000000000000000000e+00 0.000000000000000000e+00 0.000000000000000000e+00
1.275000000000000000e+04 5.099909048730322247e-02 0.000000000000000000e+00 1.000000000000000000e+00 0.000000000000000000e+00 0.000000000000000000e+00 0.000000000000000000e+00
1.300000000000000000e+04 5.199907265372072374e-02 0.000000000000000000e+00 1.000000000000000000e+00 0.000000000000000000e+00 0.000000000000000000e+00 0.000000000000000000e+00
1.325000000000000000e+04 5.299905482013844704e-02 0.000000000000000000e+00 1.000000000000000000e+00 0.000000000000000000e+00 0.000000000000000000e+00 0.000000000000000000e+00
1.350000000000000000e+04 5.399903698655617035e-02 0.000000000000000000e+00 1.000000000000000000e+00 0.000000000000000000e+00 0.000000000000000000e+00 0.000000000000000000e+00
1.375000000000000000e+04 5.499901915297389365e-02 3.413746017296313199e-04 9.996586253982703285e-01 0.000000000000000000e+00 0.000000000000000000e+00 0.000000000000000000e+00
1.400000000000000000e+04 5.599900131939161696e-02 0.000000000000000000e+00 1.000000000000000000e+00 0.000000000000000000e+00 0.000000000000000000e+00 0.000000000000000000e+00
1.425000000000000000e+04 5.699898348580934027e-02 0.000000000000000000e+00 1.000000000000000000e+00 0.000000000000000000e+00 0.000000000000000000e+00 0.000000000000000000e+00
1.450000000000000000e+04 5.799896565222706357e-02 0.000000000000000000e+00 1.000000000000000000e+00 0.000000000000000000e+00 0.000000000000000000e+00 0.000000000000000000e+00
1.475000000000000000e+04 5.899894781864478688e-02 0.000000000000000000e+00 1.000000000000000000e+00 0.000000000000000000e+00 0.000000000000000000e+00 0.000000000000000000e+00
1.500000000000000000e+04 5.999892998506251018e-02 0.000000000000000000e+00 1.000000000000000000e+00 0.000000000000000000e+00 0.000000000000000000e+00 0.000000000000000000e+00
1.525000000000000000e+04 6.099891215148023349e-02 0.000000000000000000e+00 1.000000000000000000e+00 0.000000000000000000e+00 0.000000000000000000e+00 0.000000000000000000e+00
1.550000000000000000e+04 6.199889431789795680e-02 0.000000000000000000e+00 1.000000000000000000e+00 0.000000000000000000e+00 0.000000000000000000e+00 0.000000000000000000e+00
1.575000000000000000e+04 6.299887648431568010e-02 0.000000000000000000e+00 1.000000000000000000e+00 0.000000000000000000e+00 0.000000000000000000e+00 0.000000000000000000e+00
1.600000000000000000e+04 6.399885865073340341e-02 5.689576695493854790e-04 9.994310423304506585e-01 0.000000000000000000e+00 0.000000000000000000e+00 0.000000000000000000e+00
1.625000000000000000e+04 6.499884081715112671e-02 0.000000000000000000e+00 1.000000000000000000e+00 0.000000000000000000e+00 0.000000000000000000e+00 0.000000000000000000e+00
1.650000000000000000e+04 6.599882298356885002e-02 0.000000000000000000e+00 1.000000000000000000e+00 0.000000000000000000e+00 0.000000000000000000e+00 0.000000000000000000e+00
1.675000000000000000e+04 6.699880514998635128e-02 2.275830678197542133e-04 9.996586253982703285e-01 0.000000000000000000e+00 1.137915339098771066e-04 0.000000000000000000e+00
1.700000000000000000e+04 6.799878731640407459e-02 0.000000000000000000e+00 1.000000000000000000e+00 0.000000000000000000e+00 0.000000000000000000e+00 0.000000000000000000e+00
1.725000000000000000e+04 6.899876948282179789e-02 0.000000000000000000e+00 1.000000000000000000e+00 0.000000000000000000e+00 0.000000000000000000e+00 0.000000000000000000e+00
1.750000000000000000e+04 6.999875164923952120e-02 0.000000000000000000e+00 1.000000000000000000e+00 0.000000000000000000e+00 0.000000000000000000e+00 0.000000000000000000e+00
1.775000000000000000e+04 7.099873381565724451e-02 0.000000000000000000e+00 1.000000000000000000e+00 0.000000000000000000e+00 0.000000000000000000e+00 0.000000000000000000e+00
1.800000000000000000e+04 7.199871598207496781e-02 0.000000000000000000e+00 1.000000000000000000e+00 0.000000000000000000e+00 0.000000000000000000e+00 0.000000000000000000e+00
1.825000000000000000e+04 7.299869814849269112e-02 0.000000000000000000e+00 1.000000000000000000e+00 0.000000000000000000e+00 0.000000000000000000e+00 0.000000000000000000e+00
1.850000000000000000e+04 7.399868031491041442e-02 0.000000000000000000e+00 1.000000000000000000e+00 0.000000000000000000e+00 0.000000000000000000e+00 0.000000000000000000e+00
1.875000000000000000e+04 7.499866248132813773e-02 4.551661356395084266e-04 9.995448338643604380e-01 0.000000000000000000e+00 0.000000000000000000e+00 0.000000000000000000e+00
1.900000000000000000e+04 7.599864464774586104e-02 6.827492034592626399e-04 9.993172507965407680e-01 0.000000000000000000e+00 0.000000000000000000e+00 0.000000000000000000e+00
1.925000000000000000e+04 7.699862681416358434e-02 2.275830678197542133e-04 9.996586253982703285e-01 0.000000000000000000e+00 1.137915339098771066e-04 0.000000000000000000e+00
1.950000000000000000e+04 7.799860898058130765e-02 2.275830678197542133e-04 9.996586253982703285e-01 0.000000000000000000e+00 1.137915339098771066e-04 0.000000000000000000e+00
1.975000000000000000e+04 7.899859114699903095e-02 0.000000000000000000e+00 1.000000000000000000e+00 0.000000000000000000e+00 0.000000000000000000e+00 0.000000000000000000e+00
2.000000000000000000e+04 7.999857331341675426e-02 2.275830678197542133e-04 9.997724169321802190e-01 0.000000000000000000e+00 0.000000000000000000e+00 0.000000000000000000e+00
2.025000000000000000e+04 8.099855547983447757e-02 6.827492034592626399e-04 9.993172507965407680e-01 0.000000000000000000e+00 0.000000000000000000e+00 0.000000000000000000e+00
2.050000000000000000e+04 8.199853764625197883e-02 1.137915339098771066e-04 9.997724169321802190e-01 0.000000000000000000e+00 1.137915339098771066e-04 0.000000000000000000e+00
2.075000000000000000e+04 8.299851981266970213e-02 7.965407373691396923e-04 9.992034592626308775e-01 0.000000000000000000e+00 0.000000000000000000e+00 0.000000000000000000e+00
2.100000000000000000e+04 8.399850197908742544e-02 5.689576695493854790e-04 9.994310423304506585e-01 0.000000000000000000e+00 0.000000000000000000e+00 0.000000000000000000e+00
2.125000000000000000e+04 8.499848414550514875e-02 1.137915339098771066e-04 9.998862084660901095e-01 0.000000000000000000e+00 0.000000000000000000e+00 0.000000000000000000e+00
2.150000000000000000e+04 8.599846631192287205e-02 6.827492034592626399e-04 9.993172507965407680e-01 0.000000000000000000e+00 0.000000000000000000e+00 0.000000000000000000e+00
2.175000000000000000e+04 8.699844847834059536e-02 4.551661356395084266e-04 9.995448338643604380e-01 0.000000000000000000e+00 0.000000000000000000e+00 0.000000000000000000e+00
2.200000000000000000e+04 8.799843064475831866e-02 5.689576695493854790e-04 9.993172507965407680e-01 0.000000000000000000e+00 1.137915339098771066e-04 0.000000000000000000e+00
2.225000000000000000e+04 8.899841281117604197e-02 1.365498406918525280e-03 9.985207100591716456e-01 0.000000000000000000e+00 1.137915339098771066e-04 0.000000000000000000e+00
2.250000000000000000e+04 8.999839497759376528e-02 0.000000000000000000e+00 1.000000000000000000e+00 0.000000000000000000e+00 0.000000000000000000e+00 0.000000000000000000e+00
2.275000000000000000e+04 9.099837714401148858e-02 1.024123805188893906e-03 9.989758761948110966e-01 0.000000000000000000e+00 0.000000000000000000e+00 0.000000000000000000e+00
2.300000000000000000e+04 9.199835931042921189e-02 1.024123805188893906e-03 9.988620846609012061e-01 0.000000000000000000e+00 1.137915339098771066e-04 0.000000000000000000e+00
2.325000000000000000e+04 9.299834147684693519e-02 7.965407373691396923e-04 9.992034592626308775e-01 0.000000000000000000e+00 0.000000000000000000e+00 0.000000000000000000e+00
2.350000000000000000e+04 9.399832364326465850e-02 1.820664542558033706e-03 9.981793354574419741e-01 0.000000000000000000e+00 0.000000000000000000e+00 0.000000000000000000e+00
2.375000000000000000e+04 9.499830580968238181e-02 1.706873008648156654e-03 9.982931269913518646e-01 0.000000000000000000e+00 0.000000000000000000e+00 0.000000000000000000e+00
2.400000000000000000e+04 9.599828797610010511e-02 2.503413746017296455e-03 9.973827947200728516e-01 0.000000000000000000e+00 1.137915339098771066e-04 0.000000000000000000e+00
2.425000000000000000e+04 9.699827014251760637e-02 7.965407373691396923e-04 9.992034592626308775e-01 0.000000000000000000e+00 0.000000000000000000e+00 0.000000000000000000e+00
2.450000000000000000e+04 9.799825230893532968e-02 2.503413746017296455e-03 9.972690031861629611e-01 0.000000000000000000e+00 2.275830678197542133e-04 0.000000000000000000e+00
2.475000000000000000e+04 9.899823447535305299e-02 3.072371415566681717e-03 9.967000455166135087e-01 0.000000000000000000e+00 2.275830678197542133e-04 0.000000000000000000e+00
2.500000000000000000e+04 9.999821664177077629e-02 3.527537551206190360e-03 9.962448793809740577e-01 0.000000000000000000e+00 2.275830678197542133e-04 0.000000000000000000e+00
2.525000000000000000e+04 1.009981988081884996e-01 5.461993627674101119e-03 9.945380063723259223e-01 0.000000000000000000e+00 0.000000000000000000e+00 0.000000000000000000e+00
2.550000000000000000e+04 1.019981809746062229e-01 3.186162949476558769e-03 9.964724624487938387e-01 0.000000000000000000e+00 3.413746017296313199e-04 0.000000000000000000e+00
2.575000000000000000e+04 1.029981631410239462e-01 4.665452890304961318e-03 9.953345471096950448e-01 0.000000000000000000e+00 0.000000000000000000e+00 0.000000000000000000e+00
2.600000000000000000e+04 1.039981453074416695e-01 3.868912152935821518e-03 9.957897132453344957e-01 0.000000000000000000e+00 3.413746017296313199e-04 0.000000000000000000e+00
2.625000000000000000e+04 1.049981274738593928e-01 3.982703686845699004e-03 9.957897132453344957e-01 0.000000000000000000e+00 2.275830678197542133e-04 0.000000000000000000e+00
2.650000000000000000e+04 1.059981096402771161e-01 7.168866636322257339e-03 9.926035502958580059e-01 0.000000000000000000e+00 2.275830678197542133e-04 0.000000000000000000e+00
2.675000000000000000e+04 1.069980918066948394e-01 9.330905780609922637e-03 9.899863450159308575e-01 0.000000000000000000e+00 6.827492034592626399e-04 0.000000000000000000e+00
2.700000000000000000e+04 1.079980739731125627e-01 1.251706873008648184e-02 9.853208921256259023e-01 0.000000000000000000e+00 2.162039144287664864e-03 0.000000000000000000e+00
2.725000000000000000e+04 1.089980561395302860e-01 2.560309512972235024e-02 9.643832498862084934e-01 0.000000000000000000e+00 1.001365498406918582e-02 0.000000000000000000e+00
2.750000000000000000e+04 1.099980383059480094e-01 9.114701866181156020e-02 6.313154301319982009e-01 0.000000000000000000e+00 2.775375512061902805e-01 0.000000000000000000e+00
2.775000000000000000e+04 1.109980204723657327e-01 1.689804278561675144e-01 2.958579881656804855e-01 6.827492034592626616e-03 5.283340919435594030e-01 0.000000000000000000e+00
2.800000000000000000e+04 1.119980026387832339e-01 2.576240327719617751e-01 4.997724169321802190e-01 1.775147928994082747e-01 6.508875739644970349e-02 0.000000000000000000e+00
2.825000000000000000e+04 1.129979848052009572e-01 2.298588984979517413e-01 5.458579881656804300e-01 1.986800182066454368e-01 2.560309512972235024e-02 0.000000000000000000e+00
2.850000000000000000e+04 1.139979669716186805e-01 1.972007282658170269e-01 5.887573964497041512e-01 1.970869367319071364e-01 1.695493855257168905e-02 0.000000000000000000e+00
2.875000000000000000e+04 1.149979491380364038e-01 1.550978607191624836e-01 6.299499317250796260e-01 2.047109695038689114e-01 1.024123805188893906e-02 0.000000000000000000e+00
2.900000000000000000e+04 1.159979313044541271e-01 1.375739644970414288e-01 6.721665908056441152e-01 1.854802002730996935e-01 4.779244424214838804e-03 0.000000000000000000e+00
2.925000000000000000e+04 1.169979134708718504e-01 1.070778334091943562e-01 7.080109239872554028e-01 1.830905780609922706e-01 1.820664542558033706e-03 0.000000000000000000e+00
2.950000000000000000e+04 1.179978956372895738e-01 8.887118798361401395e-02 7.215521165225307065e-01 1.846836595357305433e-01 4.893035958124715423e-03 0.000000000000000000e+00
2.975000000000000000e+04 1.189978778037072971e-01 7.635411925352754425e-02 7.388484296768320636e-01 1.799044151115156975e-01 4.893035958124715423e-03 0.000000000000000000e+00
3.000000000000000000e+04 1.199978599701250204e-01 7.464724624487938109e-02 7.371415566681839282e-01 1.826354119253527641e-01 5.575785161583977738e-03 0.000000000000000000e+00
3.025000000000000000e+04 1.209978421365427437e-01 7.441966317705962786e-02 7.382794720072826111e-01 1.813837050523441075e-01 5.917159763313609329e-03 0.000000000000000000e+00
3.050000000000000000e+04 1.219978243029604670e-01 7.259899863450158808e-02 7.378243058716431602e-01 1.834319526627218866e-01 6.144742831133363434e-03 0.000000000000000000e+00
3.075000000000000000e+04 1.229978064693781903e-01 7.191624943104232837e-02 7.373691397360035982e-01 1.857077833409194467e-01 5.006827492034592909e-03 0.000000000000000000e+00
3.100000000000000000e+04 1.239977886357959136e-01 7.077833409194356218e-02 7.391898042785616241e-01 1.835457441966317771e-01 6.486117432862995025e-03 0.000000000000000000e+00
3.125000000000000000e+04 1.249977708022136369e-01 7.043695949021393232e-02 7.389622212107419541e-01 1.852526172052799402e-01 5.348202093764223633e-03 0.000000000000000000e+00
3.150000000000000000e+04 1.259977529686313602e-01 7.339553937187073829e-02 7.387346381429221731e-01 1.825216203914428736e-01 5.348202093764223633e-03 0.000000000000000000e+00
3.175000000000000000e+04 1.269977351350488615e-01 7.180245789713245175e-02 7.378243058716431602e-01 1.854802002730996935e-01 4.893035958124715423e-03 0.000000000000000000e+00
3.200000000000000000e+04 1.279977173014665848e-01 7.168866636322257513e-02 7.393035958124715146e-01 1.845698680018206528e-01 4.437869822485207214e-03 0.000000000000000000e+00
3.225000000000000000e+04 1.289976994678843081e-01 7.134729176149294527e-02 7.405553026854801990e-01 1.843422849340008995e-01 3.755120619025944465e-03 0.000000000000000000e+00
3.250000000000000000e+04 1.299976816343020314e-01 7.328174783796086167e-02 7.398725534820209671e-01 1.816112881201638607e-01 5.234410559854347014e-03 0.000000000000000000e+00
3.275000000000000000e+04 1.309976638007197547e-01 7.180245789713245175e-02 7.380518889394629412e-01 1.845698680018206528e-01 5.575785161583977738e-03 0.000000000000000000e+00
3.300000000000000000e+04 1.319976459671374780e-01 7.020937642239417908e-02 7.489758761948110966e-01 1.752389622212107423e-01 5.575785161583977738e-03 0.000000000000000000e+00
3.325000000000000000e+04 1.329976281335552013e-01 7.385070550751024476e-02 7.630860263996358528e-01 1.590805644060081792e-01 3.982703686845699004e-03 0.000000000000000000e+00
3.350000000000000000e+04 1.339976102999729246e-01 7.180245789713245175e-02 7.748065543923532417e-01 1.492944924897587622e-01 4.096495220755575623e-03 0.000000000000000000e+00
3.375000000000000000e+04 1.349975924663906479e-01 6.781975421028675621e-02 7.793582157487483064e-01 1.470186618115612298e-01 5.803368229403732710e-03 0.000000000000000000e+00
3.400000000000000000e+04 1.359975746328083712e-01 6.725079654073737312e-02 7.839098771051433712e-01 1.447428311333636697e-01 4.096495220755575623e-03 0.000000000000000000e+00
3.425000000000000000e+04 1.369975567992260945e-01 6.417842512517069054e-02 7.880063723258989850e-01 1.439462903959945472e-01 3.868912152935821518e-03 0.000000000000000000e+00
3.450000000000000000e+04 1.379975389656438178e-01 6.360946745562130744e-02 7.859581247155211781e-01 1.450842057350933134e-01 5.348202093764223633e-03 0.000000000000000000e+00
3.475000000000000000e+04 1.389975211320615411e-01 6.156121984524351443e-02 7.881201638598088755e-01 1.454255803368229294e-01 4.893035958124715423e-03 0.000000000000000000e+00
3.500000000000000000e+04 1.399975032984792644e-01 6.178880291306326766e-02 7.876649977241693135e-01 1.453117888029130667e-01 5.234410559854347014e-03 0.000000000000000000e+00
3.525000000000000000e+04 1.409974854648967657e-01 6.349567592171143082e-02 7.856167501137915066e-01 1.445152480655439164e-01 6.372325898953117539e-03 0.000000000000000000e+00
3.550000000000000000e+04 1.419974676313144890e-01 6.304050978607191047e-02 7.858443331816112876e-01 1.453117888029130667e-01 5.803368229403732710e-03 0.000000000000000000e+00
3.575000000000000000e+04 1.429974497977322123e-01 6.281292671825215723e-02 7.850477924442421651e-01 1.465634956759217233e-01 5.575785161583977738e-03 0.000000000000000000e+00
3.600000000000000000e+04 1.439974319641499356e-01 6.099226217569413133e-02 7.870960400546199720e-01 1.458807464724624359e-01 6.030951297223486815e-03 0.000000000000000000e+00
3.625000000000000000e+04 1.449974141305676589e-01 6.224396904870277414e-02 7.861857077833409591e-01 1.463359126081019701e-01 5.234410559854347014e-03 0.000000000000000000e+00
3.650000000000000000e+04 1.459973962969853822e-01 6.451979972690032039e-02 7.842512517068730427e-01 1.451979972690031762e-01 6.030951297223486815e-03 0.000000000000000000e+00
3.675000000000000000e+04 1.469973784634031055e-01 6.156121984524351443e-02 7.864132908511606290e-01 1.459945380063723264e-01 6.030951297223486815e-03 0.000000000000000000e+00
3.700000000000000000e+04 1.479973606298208288e-01 6.190259444697314428e-02 7.858443331816112876e-01 1.455393718707328199e-01 6.713700500682749130e-03 0.000000000000000000e+00
3.725000000000000000e+04 1.489973427962385522e-01 6.315430131998178709e-02 7.861857077833409591e-01 1.457669549385525731e-01 4.893035958124715423e-03 0.000000000000000000e+00
3.750000000000000000e+04 1.499973249626562755e-01 6.338188438780155420e-02 7.859581247155211781e-01 1.450842057350933134e-01 5.575785161583977738e-03 0.000000000000000000e+00
3.775000000000000000e+04 1.509973071290739988e-01 6.076467910787437116e-02 7.861857077833409591e-01 1.469048702776513393e-01 6.144742831133363434e-03 0.000000000000000000e+00
3.800000000000000000e+04 1.519972892954917221e-01 6.258534365043240399e-02 7.849340009103322746e-01 1.461083295402822169e-01 6.372325898953117539e-03 0.000000000000000000e+00
3.825000000000000000e+04 1.529972714619094454e-01 6.292671825216203385e-02 7.859581247155211781e-01 1.457669549385525731e-01 5.348202093764223633e-03 0.000000000000000000e+00
3.850000000000000000e+04 1.539972536283271687e-01 6.281292671825215723e-02 7.855029585798816161e-01 1.455393718707328199e-01 6.144742831133363434e-03 0.000000000000000000e+00
3.875000000000000000e+04 1.549972357947448920e-01 6.372325898953118406e-02 7.855029585798816161e-01 1.456531634046426826e-01 5.120619025944469528e-03 0.000000000000000000e+00
3.900000000000000000e+04 1.559972179611623933e-01 6.315430131998178709e-02 7.849340009103322746e-01 1.462221210741920796e-01 5.689576695493855224e-03 0.000000000000000000e+00
3.925000000000000000e+04 1.569972001275801166e-01 6.554392353208920996e-02 7.818616294947655643e-01 1.467910787437414766e-01 5.803368229403732710e-03 0.000000000000000000e+00
3.950000000000000000e+04 1.579971822939978399e-01 6.497496586253982687e-02 7.815202548930360038e-01 1.484979517523896120e-01 5.006827492034592909e-03 0.000000000000000000e+00
3.975000000000000000e+04 1.589971644604155632e-01 6.668183887118799003e-02 7.806099226217569909e-01 1.474738279472007363e-01 5.234410559854347014e-03 0.000000000000000000e+00
4.000000000000000000e+04 1.599971466268332865e-01 6.668183887118799003e-02 7.802685480200273194e-01 1.488393263541192557e-01 4.210286754665453109e-03 0.000000000000000000e+00
4.025000000000000000e+04 1.609971287932510098e-01 6.360946745562130744e-02 7.815202548930360038e-01 1.483841602184797492e-01 6.486117432862995025e-03 0.000000000000000000e+00
4.050000000000000000e+04 1.619971109596687331e-01 6.759217114246700298e-02 7.798133818843877574e-01 1.473600364132908458e-01 5.234410559854347014e-03 0.000000000000000000e+00
4.075000000000000000e+04 1.629970931260864564e-01 6.679563040509786664e-02 7.798133818843877574e-01 1.484979517523896120e-01 4.893035958124715423e-03 0.000000000000000000e+00
4.100000000000000000e+04 1.639970752925041797e-01 6.838871187983613931e-02 7.789030496131087444e-01 1.472462448793809831e-01 5.461993627674101119e-03 0.000000000000000000e+00
4.125000000000000000e+04 1.649970574589219030e-01 6.895766954938552240e-02 7.787892580791988539e-01 1.471324533454710926e-01 5.120619025944469528e-03 0.000000000000000000e+00
4.150000000000000000e+04 1.659970396253396263e-01 6.656804733727811341e-02 7.795857988165680874e-01 1.475876194811105990e-01 6.258534365043240920e-03 0.000000000000000000e+00
4.175000000000000000e+04 1.669970217917573496e-01 6.850250341374601593e-02 7.800409649522075384e-01 1.473600364132908458e-01 4.096495220755575623e-03 0.000000000000000000e+00
4.200000000000000000e+04 1.679970039581750729e-01 6.793354574419663283e-02 7.803823395539372099e-01 1.467910787437414766e-01 4.893035958124715423e-03 0.000000000000000000e+00
4.225000000000000000e+04 1.689969861245927962e-01 6.816112881201638607e-02 7.779927173418297315e-01 1.490669094219390090e-01 4.779244424214838804e-03 0.000000000000000000e+00
4.250000000000000000e+04 1.699969682910105195e-01 6.884387801547564578e-02 7.781065088757396220e-01 1.486117432862995025e-01 4.437869822485207214e-03 0.000000000000000000e+00
4.275000000000000000e+04 1.709969504574280208e-01 7.191624943104232837e-02 7.749203459262631322e-01 1.486117432862995025e-01 4.551661356395083832e-03 0.000000000000000000e+00
4.300000000000000000e+04 1.719969326238457441e-01 7.316795630405098505e-02 7.663859808830223441e-01 1.565771506599908935e-01 3.868912152935821518e-03 0.000000000000000000e+00
4.325000000000000000e+04 1.729969147902634674e-01 8.409194355939918208e-02 7.393035958124715146e-01 1.730769230769230727e-01 3.527537551206190360e-03 0.000000000000000000e+00
4.350000000000000000e+04 1.739968969566811907e-01 8.682294037323623481e-02 7.165452890304960798e-01 1.927628584433318248e-01 3.868912152935821518e-03 0.000000000000000000e+00
4.375000000000000000e+04 1.749968791230989140e-01 8.090578060992262288e-02 7.455621301775148257e-01 1.655666818388711881e-01 7.965407373691398007e-03 0.000000000000000000e+00
4.400000000000000000e+04 1.759968612895166373e-01 7.009558488848430247e-02 7.769685935366408280e-01 1.466772872098315861e-01 6.258534365043240920e-03 0.000000000000000000e+00
4.425000000000000000e+04 1.769968434559343606e-01 6.634046426945834629e-02 7.766272189349112676e-01 1.515703231679562946e-01 5.461993627674101119e-03 0.000000000000000000e+00
4.450000000000000000e+04 1.779968256223520839e-01 6.645425580336822291e-02 7.781065088757396220e-01 1.491807009558488717e-01 6.258534365043240920e-03 0.000000000000000000e+00
4.475000000000000000e+04 1.789968077887698072e-01 6.918525261720527564e-02 7.750341374601729116e-01 1.496358670914884059e-01 6.144742831133363434e-03 0.000000000000000000e+00
4.500000000000000000e+04 1.799967899551875306e-01 6.907146108329539902e-02 7.749203459262631322e-01 1.504324078288575284e-01 5.575785161583977738e-03 0.000000000000000000e+00
4.525000000000000000e+04 1.809967721216052539e-01 6.781975421028675621e-02 7.776513427401001710e-01 1.491807009558488717e-01 5.348202093764223633e-03 0.000000000000000000e+00
4.550000000000000000e+04 1.819967542880229772e-01 6.838871187983613931e-02 7.738962221210742287e-01 1.519116977696859383e-01 5.803368229403732710e-03 0.000000000000000000e+00
4.575000000000000000e+04 1.829967364544407005e-01 6.702321347291761988e-02 7.746927628584433512e-01 1.531634046426945950e-01 5.120619025944469528e-03 0.000000000000000000e+00
4.600000000000000000e+04 1.839967186208584238e-01 6.668183887118799003e-02 7.757168866636322546e-01 1.516841147018661851e-01 5.917159763313609329e-03 0.000000000000000000e+00
4.625000000000000000e+04 1.849967007872761471e-01 6.713700500682749650e-02 7.757168866636322546e-01 1.515703231679562946e-01 5.575785161583977738e-03 0.000000000000000000e+00
4.650000000000000000e+04 1.859966829536936483e-01 6.520254893035958010e-02 7.750341374601729116e-01 1.538461538461538547e-01 5.917159763313609329e-03 0.000000000000000000e+00
4.675000000000000000e+04 1.869966651201113716e-01 6.861629494765589254e-02 7.733272644515247762e-01 1.522530723714155543e-01 5.803368229403732710e-03 0.000000000000000000e+00
4.700000000000000000e+04 1.879966472865290950e-01 6.918525261720527564e-02 7.737824305871643382e-01 1.521392808375056915e-01 4.893035958124715423e-03 0.000000000000000000e+00
4.725000000000000000e+04 1.889966294529468183e-01 6.941283568502502888e-02 7.727583067819754348e-01 1.532771961766044577e-01 4.437869822485207214e-03 1.137915339098771066e-04
4.750000000000000000e+04 1.899966116193645416e-01 7.032316795630405570e-02 7.704824761037778469e-01 1.532771961766044577e-01 5.917159763313609329e-03 0.000000000000000000e+00
4.775000000000000000e+04 1.909965937857822649e-01 7.009558488848430247e-02 7.711652253072371899e-01 1.535047792444242110e-01 5.120619025944469528e-03 1.137915339098771066e-04
4.800000000000000000e+04 1.919965759521999882e-01 6.929904415111515226e-02 7.728720983158853253e-01 1.529358215748748417e-01 4.893035958124715423e-03 0.000000000000000000e+00
4.825000000000000000e+04 1.929965581186177115e-01 6.998179335457442585e-02 7.708238507055075184e-01 1.538461538461538547e-01 5.348202093764223633e-03 0.000000000000000000e+00
4.850000000000000000e+04 1.939965402850354348e-01 6.998179335457442585e-02 7.709376422394174089e-01 1.535047792444242110e-01 5.575785161583977738e-03 0.000000000000000000e+00
4.875000000000000000e+04 1.949965224514531581e-01 7.203004096495220498e-02 7.691169776968593830e-01 1.540737369139736079e-01 4.779244424214838804e-03 0.000000000000000000e+00
4.900000000000000000e+04 1.959965046178708814e-01 7.066454255803368556e-02 7.697997269003186149e-01 1.541875284478834707e-01 5.234410559854347014e-03 1.137915339098771066e-04
4.925000000000000000e+04 1.969964867842886047e-01 7.089212562585343880e-02 7.684342284934000400e-01 1.549840691852526209e-01 5.689576695493855224e-03 0.000000000000000000e+00
4.950000000000000000e+04 1.979964689507063280e-01 7.328174783796086167e-02 7.684342284934000400e-01 1.539599453800637174e-01 4.324078288575329727e-03 0.000000000000000000e+00
4.975000000000000000e+04 1.989964511171240513e-01 7.328174783796086167e-02 7.655894401456531106e-01 1.565771506599908935e-01 4.551661356395083832e-03 0.000000000000000000e+00
5.000000000000000000e+04 1.999964332835417746e-01 6.964041875284478211e-02 7.677514792899408080e-01 1.566909421939007840e-01 5.917159763313609329e-03 0.000000000000000000e+00
5.025000000000000000e+04 2.009964154499592759e-01 7.237141556668183484e-02 7.658170232134728916e-01 1.577150659990896597e-01 4.096495220755575623e-03 0.000000000000000000e+00
5.050000000000000000e+04 2.019963976163769992e-01 7.396449704142012138e-02 7.598998634501593630e-01 1.610150204824760956e-01 5.120619025944469528e-03 0.000000000000000000e+00
5.075000000000000000e+04 2.029963797827947225e-01 7.453345471096950448e-02 7.604688211197087044e-01 1.601046882111970826e-01 4.779244424214838804e-03 1.137915339098771066e-04
5.100000000000000000e+04 2.039963619492124458e-01 7.316795630405098505e-02 7.605826126536185949e-01 1.615839781520254925e-01 4.551661356395083832e-03 1.137915339098771066e-04
5.125000000000000000e+04 2.049963441156301691e-01 7.578516158397814728e-02 7.595584888484296915e-01 1.590805644060081792e-01 5.575785161583977738e-03 0.000000000000000000e+00
5.150000000000000000e+04 2.059963262820478924e-01 7.521620391442876419e-02 7.540964952207556138e-01 1.642011834319526686e-01 6.372325898953117539e-03 1.137915339098771066e-04
5.175000000000000000e+04 2.069963084484656157e-01 7.840236686390532339e-02 7.486345015930814251e-01 1.673873463814292140e-01 5.575785161583977738e-03 0.000000000000000000e+00
5.200000000000000000e+04 2.079962906148833390e-01 7.624032771961765376e-02 7.523896222121073674e-01 1.663632225762403383e-01 5.006827492034592909e-03 0.000000000000000000e+00
5.225000000000000000e+04 2.089962727813010623e-01 8.067819754210286964e-02 7.399863450159308575e-01 1.743286299499317293e-01 5.006827492034592909e-03 0.000000000000000000e+00
5.250000000000000000e+04 2.099962549477187856e-01 8.409194355939918208e-02 7.215521165225307065e-01 1.903732362312244020e-01 3.982703686845699004e-03 0.000000000000000000e+00
5.275000000000000000e+04 2.109962371141365089e-01 8.227127901684114231e-02 7.225762403277196100e-01 1.899180700955848955e-01 5.234410559854347014e-03 0.000000000000000000e+00
5.300000000000000000e+04 2.119962192805542323e-01 9.148839326354119006e-02 7.111970869367318926e-01 1.944697314519799602e-01 2.844788347746927612e-03 0.000000000000000000e+00
5.325000000000000000e+04 2.129962014469719556e-01 9.137460172963131344e-02 7.215521165225307065e-01 1.845698680018206528e-01 2.503413746017296455e-03 0.000000000000000000e+00
5.350000000000000000e+04 2.139961836133896789e-01 9.205735093309057315e-02 7.207555757851615841e-01 1.838871187983613931e-01 3.299954483386436255e-03 0.000000000000000000e+00
5.375000000000000000e+04 2.149961657798071801e-01 9.251251706873007963e-02 7.280382339553936877e-01 1.774010013654984119e-01 2.048247610377787811e-03 0.000000000000000000e+00
5.400000000000000000e+04 2.159961479462249034e-01 9.160218479745106668e-02 7.264451524806554428e-01 1.791078743741465751e-01 2.844788347746927612e-03 0.000000000000000000e+00
5.425000000000000000e+04 2.169961301126426267e-01 9.251251706873007963e-02 7.242831133363677454e-01 1.804733727810650945e-01 2.730996813837050560e-03 0.000000000000000000e+00
5.450000000000000000e+04 2.179961122790603500e-01 9.262630860263997012e-02 7.246244879380974169e-01 1.795630405097860816e-01 3.186162949476558769e-03 0.000000000000000000e+00
5.475000000000000000e+04 2.189960944454780734e-01 9.376422394173873631e-02 7.264451524806554428e-01 1.784251251706872876e-01 1.365498406918525280e-03 0.000000000000000000e+00
5.500000000000000000e+04 2.199960766118957967e-01 9.763313609467455523e-02 7.233727810650887324e-01 1.766044606281292617e-01 2.389622212107419402e-03 0.000000000000000000e+00
5.525000000000000000e+04 2.209960587783135200e-01 9.706417842512517213e-02 7.238279472007282944e-01 1.769458352298589054e-01 2.162039144287664864e-03 0.000000000000000000e+00
5.550000000000000000e+04 2.219960409447312433e-01 9.421939007737824279e-02 7.234865725989986229e-01 1.808147473827947105e-01 1.479289940828402332e-03 0.000000000000000000e+00
5.575000000000000000e+04 2.229960231111489666e-01 9.695038689121529552e-02 7.208693673190714746e-01 1.805871643149749572e-01 1.593081474738279385e-03 0.000000000000000000e+00
5.600000000000000000e+04 2.239960052775666899e-01 9.478834774692762588e-02 7.216659080564405970e-01 1.810423304506144637e-01 2.503413746017296455e-03 0.000000000000000000e+00
5.625000000000000000e+04 2.249959874439844132e-01 9.774692762858443185e-02 7.205279927173418031e-01 1.796768320436959443e-01 2.048247610377787811e-03 0.000000000000000000e+00
5.650000000000000000e+04 2.259959696104021365e-01 9.774692762858443185e-02 7.214383249886208160e-01 1.785389167045971781e-01 2.275830678197541916e-03 0.000000000000000000e+00
5.675000000000000000e+04 2.269959517768198598e-01 9.968138370505234824e-02 7.163177059626764098e-01 1.793354574419663283e-01 4.665452890304961318e-03 0.000000000000000000e+00
