# itime ezz other fcc hcp bcc ico
0.000000000000000000e+00 0.000000000000000000e+00 0.000000000000000000e+00 1.000000000000000000e+00 0.000000000000000000e+00 0.000000000000000000e+00 0.000000000000000000e+00
2.500000000000000000e+03 9.999985641332198583e-03 0.000000000000000000e+00 1.000000000000000000e+00 0.000000000000000000e+00 0.000000000000000000e+00 0.000000000000000000e+00
5.000000000000000000e+03 1.999997128266461921e-02 0.000000000000000000e+00 1.000000000000000000e+00 0.000000000000000000e+00 0.000000000000000000e+00 0.000000000000000000e+00
7.500000000000000000e+03 2.999995692399681779e-02 0.000000000000000000e+00 1.000000000000000000e+00 0.000000000000000000e+00 0.000000000000000000e+00 0.000000000000000000e+00
1.000000000000000000e+04 3.999994256532923842e-02 0.000000000000000000e+00 1.000000000000000000e+00 0.000000000000000000e+00 0.000000000000000000e+00 0.000000000000000000e+00
1.250000000000000000e+04 4.999992820666143700e-02 0.000000000000000000e+00 1.000000000000000000e+00 0.000000000000000000e+00 0.000000000000000000e+00 0.000000000000000000e+00
1.500000000000000000e+04 5.999991384799363558e-02 0.000000000000000000e+00 1.000000000000000000e+00 0.000000000000000000e+00 0.000000000000000000e+00 0.000000000000000000e+00
1.750000000000000000e+04 6.999989948932605621e-02 0.000000000000000000e+00 1.000000000000000000e+00 0.000000000000000000e+00 0.000000000000000000e+00 0.000000000000000000e+00
2.000000000000000000e+04 7.999988513065825479e-02 0.000000000000000000e+00 1.000000000000000000e+00 0.000000000000000000e+00 0.000000000000000000e+00 0.000000000000000000e+00
2.250000000000000000e+04 8.999987077199067542e-02 1.137915339098770958e-03 9.988620846609012061e-01 0.000000000000000000e+00 0.000000000000000000e+00 0.000000000000000000e+00
2.500000000000000000e+04 9.999985641332287400e-02 2.275830678197541916e-03 9.976103777878926326e-01 0.000000000000000000e+00 1.137915339098771066e-04 0.000000000000000000e+00
2.750000000000000000e+04 1.099998420546550726e-01 7.794720072826581692e-02 7.180245789713245452e-01 0.000000000000000000e+00 2.040282203004096517e-01 0.000000000000000000e+00
3.000000000000000000e+04 1.199998276959874932e-01 1.409877105143377274e-01 6.720527992717342247e-01 1.846836595357305433e-01 2.275830678197541916e-03 0.000000000000000000e+00
3.250000000000000000e+04 1.299998133373196918e-01 7.680928538916705073e-02 7.650204824761037692e-01 1.545289030496131144e-01 3.641329085116067413e-03 0.000000000000000000e+00
3.500000000000000000e+04 1.399997989786518904e-01 7.305416477014110843e-02 7.694583522985889434e-01 1.530496131087847045e-01 4.437869822485207214e-03 0.000000000000000000e+00
3.750000000000000000e+04 1.499997846199843110e-01 6.793354574419663283e-02 7.721893491124259823e-01 1.555530268548019901e-01 4.324078288575329727e-03 0.000000000000000000e+00
4.000000000000000000e+04 1.599997702613165096e-01 6.770596267637687959e-02 7.684342284934000400e-01 1.570323167956304000e-01 6.827492034592626616e-03 0.000000000000000000e+00
4.250000000000000000e+04 1.699997559026489302e-01 7.749203459262631044e-02 7.550068274920346267e-01 1.613563950842057393e-01 6.144742831133363434e-03 0.000000000000000000e+00
4.500000000000000000e+04 1.799997415439811288e-01 7.214383249886208160e-02 7.658170232134728916e-01 1.585116067364588099e-01 3.527537551206190360e-03 0.000000000000000000e+00
4.750000000000000000e+04 1.899997271853133274e-01 6.793354574419663283e-02 7.693445607646790529e-01 1.590805644060081792e-01 3.641329085116067413e-03 0.000000000000000000e+00
5.000000000000000000e+04 1.999997128266457480e-01 7.385070550751024476e-02 7.564861174328629811e-01 1.663632225762403383e-01 3.299954483386436255e-03 0.000000000000000000e+00
5.250000000000000000e+04 2.099996984679779466e-01 7.589895311788802390e-02 7.577378243058716656e-01 1.636322257624032717e-01 2.730996813837050560e-03 0.000000000000000000e+00
5.500000000000000000e+04 2.199996841093103672e-01 8.238507055075101893e-02 7.545516613563950648e-01 1.601046882111970826e-01 2.958579881656804664e-03 0.000000000000000000e+00
5.750000000000000000e+04 2.299996697506425658e-01 1.016158397815202508e-01 7.272416932180245652e-01 1.692080109239872676e-01 1.934456076467910759e-03 0.000000000000000000e+00
6.000000000000000000e+04 2.399996553919747644e-01 9.023668639053254725e-02 7.308830223031406170e-01 1.758079198907601393e-01 3.072371415566681717e-03 0.000000000000000000e+00
6.250000000000000000e+04 2.499996410333071850e-01 9.126081019572143682e-02 7.348657259899863403e-01 1.719390077378243065e-01 1.934456076467910759e-03 0.000000000000000000e+00
6.500000000000000000e+04 2.599996266746393836e-01 9.126081019572143682e-02 7.382794720072826111e-01 1.692080109239872676e-01 1.251706873008648227e-03 0.000000000000000000e+00
6.750000000000000000e+04 2.699996123159718042e-01 9.308147473827947660e-02 7.398725534820209671e-01 1.656804733727810786e-01 1.365498406918525280e-03 0.000000000000000000e+00
7.000000000000000000e+04 2.799995979573040028e-01 1.099226217569412856e-01 7.083522985889849632e-01 1.793354574419663283e-01 2.389622212107419402e-03 0.000000000000000000e+00
7.250000000000000000e+04 2.899995835986362014e-01 1.176604460628129234e-01 7.027765134274009950e-01 1.753527537551206328e-01 4.210286754665453109e-03 0.000000000000000000e+00
7.500000000000000000e+04 2.999995692399686220e-01 1.403049613108784677e-01 6.662494310423304755e-01 1.900318616294947582e-01 3.413746017296313308e-03 0.000000000000000000e+00
7.750000000000000000e+04 3.099995548813008206e-01 1.116294947655894348e-01 7.271279016841146747e-01 1.569185252617205373e-01 4.324078288575329727e-03 0.000000000000000000e+00
8.000000000000000000e+04 3.199995405226330192e-01 1.133363677742375980e-01 7.017523896222120916e-01 1.808147473827947105e-01 4.096495220755575623e-03 0.000000000000000000e+00
8.250000000000000000e+04 3.299995261639654398e-01 1.176604460628129234e-01 6.997041420118342847e-01 1.802457897132453413e-01 2.389622212107419402e-03 0.000000000000000000e+00
8.500000000000000000e+04 3.399995118052976384e-01 1.168639053254437871e-01 6.991351843422849432e-01 1.808147473827947105e-01 3.186162949476558769e-03 0.000000000000000000e+00
8.750000000000000000e+04 3.499994974466300590e-01 1.142467000455166110e-01 7.003868912152936277e-01 1.822940373236231204e-01 3.072371415566681717e-03 0.000000000000000000e+00
9.000000000000000000e+04 3.599994830879622576e-01 1.133363677742375980e-01 7.000455166135639562e-01 1.834319526627218866e-01 3.186162949476558769e-03 0.000000000000000000e+00
9.250000000000000000e+04 3.699994687292944562e-01 1.219845243513882627e-01 7.397587619481110766e-01 1.352981338188438687e-01 2.958579881656804664e-03 0.000000000000000000e+00
9.500000000000000000e+04 3.799994543706268768e-01 1.102639963586709154e-01 7.766272189349112676e-01 1.082157487482931224e-01 4.893035958124715423e-03 0.000000000000000000e+00
9.750000000000000000e+04 3.899994400119588533e-01 1.062812926718252199e-01 7.783340919435594030e-01 1.102639963586709154e-01 5.120619025944469528e-03 0.000000000000000000e+00
1.000000000000000000e+05 3.999994256532914960e-01 1.035502958579881672e-01 7.893718707328174489e-01 1.026399635867091542e-01 4.437869822485207214e-03 0.000000000000000000e+00
1.025000000000000000e+05 4.099994112946239166e-01 1.085571233500227523e-01 7.255348202093764298e-01 1.631770596267637652e-01 2.730996813837050560e-03 0.000000000000000000e+00
1.050000000000000000e+05 4.199993969359558932e-01 1.077605826126536159e-01 6.715976331360946627e-01 2.201866181156121871e-01 4.551661356395084266e-04 0.000000000000000000e+00
1.075000000000000000e+05 4.299993825772880918e-01 1.065088757396449731e-01 6.713700500682748817e-01 2.212107419208010906e-01 9.103322712790168532e-04 0.000000000000000000e+00
1.100000000000000000e+05 4.399993682186205124e-01 1.065088757396449731e-01 6.696631770596267463e-01 2.225762403277196100e-01 1.251706873008648227e-03 0.000000000000000000e+00
1.125000000000000000e+05 4.499993538599529330e-01 1.060537096040054666e-01 6.693218024578971859e-01 2.234865725989986229e-01 1.137915339098770958e-03 0.000000000000000000e+00
1.150000000000000000e+05 4.599993395012851316e-01 1.074192080109239861e-01 6.675011379153390489e-01 2.238279472007282667e-01 1.251706873008648227e-03 0.000000000000000000e+00
1.175000000000000000e+05 4.699993251426173302e-01 1.083295402822029990e-01 6.642011834319526686e-01 2.253072371415566766e-01 2.162039144287664864e-03 0.000000000000000000e+00
1.200000000000000000e+05 4.799993107839497508e-01 1.108329540282202985e-01 7.627446517979061813e-01 1.223258989531178925e-01 4.096495220755575623e-03 0.000000000000000000e+00
1.225000000000000000e+05 4.899992964252821714e-01 1.026399635867091542e-01 7.810650887573964418e-01 1.119708693673190647e-01 4.324078288575329727e-03 0.000000000000000000e+00
1.250000000000000000e+05 4.999992820666141480e-01 1.050295857988165632e-01 7.900546199362767918e-01 1.035502958579881672e-01 1.365498406918525280e-03 0.000000000000000000e+00
1.275000000000000000e+05 5.099992677079463466e-01 9.638142922166591242e-02 8.258989531178880794e-01 7.589895311788802390e-02 1.820664542558033706e-03 0.000000000000000000e+00
1.300000000000000000e+05 5.199992533492787672e-01 9.672280382339554228e-02 8.284023668639053373e-01 7.305416477014110843e-02 1.820664542558033706e-03 0.000000000000000000e+00
1.325000000000000000e+05 5.299992389906111878e-01 8.136094674556212936e-02 9.078288575329995780e-01 9.899863450159307465e-03 9.103322712790168532e-04 0.000000000000000000e+00
1.350000000000000000e+05 5.399992246319433864e-01 7.794720072826581692e-02 9.128356850250340937e-01 9.103322712790167665e-03 1.137915339098771066e-04 0.000000000000000000e+00
1.375000000000000000e+05 5.499992102732755850e-01 7.532999544833864081e-02 9.143149749658625591e-01 9.672280382339554228e-03 6.827492034592626399e-04 0.000000000000000000e+00
1.400000000000000000e+05 5.599991959146080056e-01 7.555757851615839404e-02 9.135184342284934367e-01 1.012744651797906244e-02 7.965407373691396923e-04 0.000000000000000000e+00
1.425000000000000000e+05 5.699991815559404262e-01 7.521620391442876419e-02 9.124943104233045332e-01 1.069640418752844727e-02 1.593081474738279385e-03 0.000000000000000000e+00
1.450000000000000000e+05 5.799991671972726248e-01 7.669549385525717411e-02 9.096495220755576039e-01 1.172052799271734204e-02 1.934456076467910759e-03 0.000000000000000000e+00
1.475000000000000000e+05 5.899991528386046014e-01 7.715065999089668058e-02 9.095357305416477134e-01 1.183431952662721866e-02 1.479289940828402332e-03 0.000000000000000000e+00
1.500000000000000000e+05 5.999991384799370220e-01 7.954028220300408958e-02 9.041875284478835262e-01 1.388256713700500647e-02 2.389622212107419402e-03 0.000000000000000000e+00
1.525000000000000000e+05 6.099991241212694426e-01 8.010923987255348655e-02 8.977014110150204340e-01 1.854802002730996865e-02 3.641329085116067413e-03 0.000000000000000000e+00
1.550000000000000000e+05 6.199991097626016412e-01 8.932635411925353430e-02 8.701638598088302645e-01 3.493400091033227461e-02 5.575785161583977738e-03 0.000000000000000000e+00
1.575000000000000000e+05 6.299990954039338398e-01 1.263086026399635742e-01 6.821802457897132577e-01 1.874146563495675821e-01 4.096495220755575623e-03 0.000000000000000000e+00
1.600000000000000000e+05 6.399990810452662604e-01 1.136777423759672279e-01 7.232589895311788419e-01 1.611288120163859861e-01 1.934456076467910759e-03 0.000000000000000000e+00
1.625000000000000000e+05 6.499990666865986810e-01 1.168639053254437871e-01 7.180245789713245452e-01 1.634046426945835184e-01 1.706873008648156654e-03 0.000000000000000000e+00
1.650000000000000000e+05 6.599990523279308796e-01 1.178880291306326766e-01 7.121074192080109055e-01 1.663632225762403383e-01 3.641329085116067413e-03 0.000000000000000000e+00
1.675000000000000000e+05 6.699990379692628562e-01 1.200500682749203463e-01 7.086936731907146347e-01 1.675011379153391045e-01 3.755120619025944465e-03 0.000000000000000000e+00
1.700000000000000000e+05 6.799990236105952768e-01 1.077605826126536159e-01 7.398725534820209671e-01 1.514565316340464318e-01 9.103322712790168532e-04 0.000000000000000000e+00
1.725000000000000000e+05 6.899990092519279195e-01 1.085571233500227523e-01 7.406690942193900895e-01 1.498634501593081592e-01 9.103322712790168532e-04 0.000000000000000000e+00
1.750000000000000000e+05 6.999989948932598960e-01 1.071916249431042328e-01 7.377105143377332697e-01 1.533909877105143482e-01 1.706873008648156654e-03 0.000000000000000000e+00
1.775000000000000000e+05 7.099989805345920946e-01 1.115157032316795582e-01 7.340691852526172179e-01 1.529358215748748417e-01 1.479289940828402332e-03 0.000000000000000000e+00
1.800000000000000000e+05 7.199989661759245152e-01 1.276741010468821214e-01 6.934456076467910846e-01 1.764906690942193990e-01 2.389622212107419402e-03 0.000000000000000000e+00
1.825000000000000000e+05 7.299989518172569358e-01 1.376877560309512916e-01 7.059626763768775959e-01 1.525944469731451980e-01 3.755120619025944465e-03 0.000000000000000000e+00
1.850000000000000000e+05 7.399989374585891344e-01 1.400773782430587144e-01 7.356622667273554628e-01 1.202776513427400995e-01 3.982703686845699004e-03 0.000000000000000000e+00
1.875000000000000000e+05 7.499989230999213330e-01 1.431497496586253970e-01 7.320209376422394110e-01 1.198224852071005930e-01 5.006827492034592909e-03 0.000000000000000000e+00
1.900000000000000000e+05 7.599989087412537536e-01 1.504324078288575284e-01 7.117660446062813451e-01 1.283568502503413811e-01 9.444697314519799256e-03 0.000000000000000000e+00
1.925000000000000000e+05 7.699988943825861742e-01 1.373463814292216756e-01 7.209831588529813651e-01 1.332498862084660896e-01 8.420573509330906217e-03 0.000000000000000000e+00
1.950000000000000000e+05 7.799988800239181508e-01 1.371187983614019223e-01 7.210969503868912556e-01 1.356395084205735124e-01 6.144742831133363434e-03 0.000000000000000000e+00
1.975000000000000000e+05 7.899988656652503494e-01 1.390532544378698110e-01 7.139280837505689314e-01 1.401911697769686049e-01 6.827492034592626616e-03 0.000000000000000000e+00
2.000000000000000000e+05 7.999988513065827700e-01 1.395084205735093175e-01 7.064178425125170468e-01 1.442876649977241632e-01 9.786071916249430847e-03 0.000000000000000000e+00
2.025000000000000000e+05 8.099988369479151906e-01 1.500910332271279124e-01 6.886663632225762388e-01 1.482703686845698587e-01 1.297223486572599005e-02 0.000000000000000000e+00
2.050000000000000000e+05 8.199988225892473892e-01 1.677287209831588577e-01 6.362084660901229372e-01 1.887801547564861293e-01 7.282658170232134826e-03 0.000000000000000000e+00
2.075000000000000000e+05 8.299988082305795878e-01 1.631770596267637652e-01 6.431497496586253693e-01 1.901456531634046487e-01 3.527537551206190360e-03 0.000000000000000000e+00
2.100000000000000000e+05 8.399987938719120084e-01 1.682976786527082269e-01 6.365498406918524976e-01 1.903732362312244020e-01 4.779244424214838804e-03 0.000000000000000000e+00
2.125000000000000000e+05 8.499987795132444290e-01 1.761492944924897552e-01 6.301775147928994070e-01 1.866181156121984597e-01 7.055075102412380721e-03 0.000000000000000000e+00
2.150000000000000000e+05 8.599987651545764056e-01 1.799044151115156975e-01 6.397360036413290985e-01 1.769458352298589054e-01 3.413746017296313308e-03 0.000000000000000000e+00
2.175000000000000000e+05 8.699987507959086042e-01 1.828629949931725174e-01 6.391670459717796460e-01 1.721665908056440597e-01 5.803368229403732710e-03 0.000000000000000000e+00
2.200000000000000000e+05 8.799987364372410248e-01 1.906008192990441552e-01 6.148156577150659663e-01 1.882111970869367323e-01 6.372325898953117539e-03 0.000000000000000000e+00
2.225000000000000000e+05 8.899987220785734454e-01 1.968593536640873831e-01 6.102639963586709015e-01 1.879836140191169791e-01 4.893035958124715423e-03 0.000000000000000000e+00
2.250000000000000000e+05 8.999987077199056440e-01 1.809285389167046010e-01 6.343878015475649113e-01 1.811561219845243542e-01 3.527537551206190360e-03 0.000000000000000000e+00
2.275000000000000000e+05 9.099986933612378426e-01 1.873008648156577194e-01 6.210741920801092775e-01 1.866181156121984597e-01 5.006827492034592909e-03 0.000000000000000000e+00
2.300000000000000000e+05 9.199986790025702632e-01 1.904870277651342647e-01 6.191397360036413611e-01 1.860491579426490627e-01 4.324078288575329727e-03 0.000000000000000000e+00
2.325000000000000000e+05 9.299986646439026838e-01 1.941283568502503443e-01 6.161811561219845412e-01 1.846836595357305433e-01 5.006827492034592909e-03 0.000000000000000000e+00
2.350000000000000000e+05 9.399986502852348824e-01 2.179107874374146547e-01 5.852298588984979899e-01 1.929904415111515781e-01 3.868912152935821518e-03 0.000000000000000000e+00
2.375000000000000000e+05 9.499986359265668590e-01 2.222348657259899940e-01 5.827264451524806210e-01 1.916249431042330587e-01 3.413746017296313308e-03 0.000000000000000000e+00
2.400000000000000000e+05 9.599986215678992796e-01 2.207555757851615841e-01 5.928538916704597650e-01 1.833181611288120239e-01 3.072371415566681717e-03 0.000000000000000000e+00
2.425000000000000000e+05 9.699986072092317002e-01 2.189349112426035582e-01 6.001365498406918686e-01 1.783113336367774249e-01 2.617205279927173507e-03 0.000000000000000000e+00
2.450000000000000000e+05 9.799985928505638988e-01 2.175694128356850388e-01 5.997951752389621971e-01 1.813837050523441075e-01 1.251706873008648227e-03 0.000000000000000000e+00
2.475000000000000000e+05 9.899985784918960974e-01 2.189349112426035582e-01 5.983158852981338427e-01 1.818388711879836139e-01 9.103322712790168532e-04 0.000000000000000000e+00
2.500000000000000000e+05 9.999985641332285180e-01 2.238279472007282667e-01 5.972917614929449392e-01 1.752389622212107423e-01 3.641329085116067413e-03 0.000000000000000000e+00
