# itime ezz other fcc hcp bcc ico
0.000000000000000000e+00 0.000000000000000000e+00 5.689576695493854790e-04 9.994310423304506585e-01 0.000000000000000000e+00 0.000000000000000000e+00 0.000000000000000000e+00
2.500000000000000000e+01 1.000012939177175042e-03 1.934456076467910759e-03 9.980655439235320836e-01 0.000000000000000000e+00 0.000000000000000000e+00 0.000000000000000000e+00
5.000000000000000000e+01 2.000025878354128039e-03 6.827492034592626399e-04 9.993172507965407680e-01 0.000000000000000000e+00 0.000000000000000000e+00 0.000000000000000000e+00
7.500000000000000000e+01 3.000038817531303081e-03 2.275830678197542133e-04 9.997724169321802190e-01 0.000000000000000000e+00 0.000000000000000000e+00 0.000000000000000000e+00
1.000000000000000000e+02 4.000051756708256079e-03 1.024123805188893906e-03 9.989758761948110966e-01 0.000000000000000000e+00 0.000000000000000000e+00 0.000000000000000000e+00
1.250000000000000000e+02 5.000064695885431121e-03 6.827492034592626399e-04 9.993172507965407680e-01 0.000000000000000000e+00 0.000000000000000000e+00 0.000000000000000000e+00
1.500000000000000000e+02 6.000077635062384118e-03 4.551661356395084266e-04 9.995448338643604380e-01 0.000000000000000000e+00 0.000000000000000000e+00 0.000000000000000000e+00
1.750000000000000000e+02 7.000090574239559160e-03 1.137915339098770958e-03 9.988620846609012061e-01 0.000000000000000000e+00 0.000000000000000000e+00 0.000000000000000000e+00
2.000000000000000000e+02 8.000103513416512158e-03 1.024123805188893906e-03 9.989758761948110966e-01 0.000000000000000000e+00 0.000000000000000000e+00 0.000000000000000000e+00
2.250000000000000000e+02 9.000116452593687200e-03 2.162039144287664864e-03 9.978379608557123026e-01 0.000000000000000000e+00 0.000000000000000000e+00 0.000000000000000000e+00
2.500000000000000000e+02 1.000012939177064020e-02 1.024123805188893906e-03 9.989758761948110966e-01 0.000000000000000000e+00 0.000000000000000000e+00 0.000000000000000000e+00
2.750000000000000000e+02 1.100014233094781524e-02 2.162039144287664864e-03 9.978379608557123026e-01 0.000000000000000000e+00 0.000000000000000000e+00 0.000000000000000000e+00
3.000000000000000000e+02 1.200015527012499028e-02 5.689576695493854790e-04 9.994310423304506585e-01 0.000000000000000000e+00 0.000000000000000000e+00 0.000000000000000000e+00
3.250000000000000000e+02 1.300016820930194328e-02 1.820664542558033706e-03 9.981793354574419741e-01 0.000000000000000000e+00 0.000000000000000000e+00 0.000000000000000000e+00
3.500000000000000000e+02 1.400018114847911832e-02 1.934456076467910759e-03 9.980655439235320836e-01 0.000000000000000000e+00 0.000000000000000000e+00 0.000000000000000000e+00
3.750000000000000000e+02 1.500019408765607132e-02 2.617205279927173507e-03 9.973827947200728516e-01 0.000000000000000000e+00 0.000000000000000000e+00 0.000000000000000000e+00
4.000000000000000000e+02 1.600020702683324636e-02 1.137915339098770958e-03 9.986345015930814251e-01 0.000000000000000000e+00 2.275830678197542133e-04 0.000000000000000000e+00
4.250000000000000000e+02 1.700021996601019936e-02 2.389622212107419402e-03 9.976103777878926326e-01 0.000000000000000000e+00 0.000000000000000000e+00 0.000000000000000000e+00
4.500000000000000000e+02 1.800023290518737440e-02 2.844788347746927612e-03 9.970414201183431802e-01 0.000000000000000000e+00 1.137915339098771066e-04 0.000000000000000000e+00
4.750000000000000000e+02 1.900024584436432740e-02 1.365498406918525280e-03 9.986345015930814251e-01 0.000000000000000000e+00 0.000000000000000000e+00 0.000000000000000000e+00
5.000000000000000000e+02 2.000025878354150244e-02 2.503413746017296455e-03 9.972690031861629611e-01 0.000000000000000000e+00 2.275830678197542133e-04 0.000000000000000000e+00
5.250000000000000000e+02 2.100027172271867748e-02 2.844788347746927612e-03 9.970414201183431802e-01 0.000000000000000000e+00 1.137915339098771066e-04 0.000000000000000000e+00
5.500000000000000000e+02 2.200028466189563048e-02 1.820664542558033706e-03 9.981793354574419741e-01 0.000000000000000000e+00 0.000000000000000000e+00 0.000000000000000000e+00
5.750000000000000000e+02 2.300029760107280552e-02 1.706873008648156654e-03 9.981793354574419741e-01 0.000000000000000000e+00 1.137915339098771066e-04 0.000000000000000000e+00
6.000000000000000000e+02 2.400031054024975852e-02 2.617205279927173507e-03 9.973827947200728516e-01 0.000000000000000000e+00 0.000000000000000000e+00 0.000000000000000000e+00
6.250000000000000000e+02 2.500032347942693356e-02 2.844788347746927612e-03 9.971552116522530707e-01 0.000000000000000000e+00 0.000000000000000000e+00 0.000000000000000000e+00
6.500000000000000000e+02 2.600033641860388656e-02 4.665452890304961318e-03 9.953345471096950448e-01 0.000000000000000000e+00 0.000000000000000000e+00 0.000000000000000000e+00
6.750000000000000000e+02 2.700034935778106160e-02 2.503413746017296455e-03 9.973827947200728516e-01 0.000000000000000000e+00 1.137915339098771066e-04 0.000000000000000000e+00
7.000000000000000000e+02 2.800036229695801460e-02 1.593081474738279385e-03 9.984069185252617551e-01 0.000000000000000000e+00 0.000000000000000000e+00 0.000000000000000000e+00
7.250000000000000000e+02 2.900037523613518964e-02 3.868912152935821518e-03 9.961310878470641672e-01 0.000000000000000000e+00 0.000000000000000000e+00 0.000000000000000000e+00
7.500000000000000000e+02 3.000038817531214264e-02 3.755120619025944465e-03 9.961310878470641672e-01 0.000000000000000000e+00 1.137915339098771066e-04 0.000000000000000000e+00
7.750000000000000000e+02 3.100040111448931768e-02 6.713700500682749130e-03 9.931725079654073474e-01 0.000000000000000000e+00 1.137915339098771066e-04 0.000000000000000000e+00
8.000000000000000000e+02 3.200041405366649272e-02 6.030951297223486815e-03 9.938552571688666903e-01 0.000000000000000000e+00 1.137915339098771066e-04 0.000000000000000000e+00
8.250000000000000000e+02 3.300042699284344572e-02 6.827492034592626616e-03 9.931725079654073474e-01 0.000000000000000000e+00 0.000000000000000000e+00 0.000000000000000000e+00
8.500000000000000000e+02 3.400043993202062076e-02 4.779244424214838804e-03 9.952207555757851543e-01 0.000000000000000000e+00 0.000000000000000000e+00 0.000000000000000000e+00
8.750000000000000000e+02 3.500045287119757376e-02 6.030951297223486815e-03 9.939690487027764698e-01 0.000000000000000000e+00 0.000000000000000000e+00 0.000000000000000000e+00
9.000000000000000000e+02 3.600046581037474880e-02 6.599908966772872511e-03 9.934000910332271284e-01 0.000000000000000000e+00 0.000000000000000000e+00 0.000000000000000000e+00
9.250000000000000000e+02 3.700047874955170180e-02 6.372325898953117539e-03 9.936276741010469093e-01 0.000000000000000000e+00 0.000000000000000000e+00 0.000000000000000000e+00
9.500000000000000000e+02 3.800049168872887684e-02 6.030951297223486815e-03 9.938552571688666903e-01 0.000000000000000000e+00 1.137915339098771066e-04 0.000000000000000000e+00
9.750000000000000000e+02 3.900050462790582984e-02 1.012744651797906244e-02 9.895311788802912956e-01 0.000000000000000000e+00 3.413746017296313199e-04 0.000000000000000000e+00
1.000000000000000000e+03 4.000051756708300488e-02 6.827492034592626616e-03 9.929449248975875664e-01 0.000000000000000000e+00 2.275830678197542133e-04 0.000000000000000000e+00
1.025000000000000000e+03 4.100053050625995787e-02 7.510241238051888930e-03 9.921483841602184439e-01 0.000000000000000000e+00 3.413746017296313199e-04 0.000000000000000000e+00
1.050000000000000000e+03 4.200054344543713292e-02 7.510241238051888930e-03 9.918070095584888834e-01 0.000000000000000000e+00 6.827492034592626399e-04 0.000000000000000000e+00
1.075000000000000000e+03 4.300055638461430796e-02 1.251706873008648184e-02 9.872553482020938187e-01 0.000000000000000000e+00 2.275830678197542133e-04 0.000000000000000000e+00
1.100000000000000000e+03 4.400056932379126096e-02 1.194811106053709528e-02 9.878243058716431602e-01 0.000000000000000000e+00 2.275830678197542133e-04 0.000000000000000000e+00
1.125000000000000000e+03 4.500058226296843600e-02 1.467910787437414627e-02 9.845243513882566688e-01 0.000000000000000000e+00 7.965407373691396923e-04 0.000000000000000000e+00
1.150000000000000000e+03 4.600059520214538900e-02 1.103777878925807886e-02 9.886208466090122826e-01 0.000000000000000000e+00 3.413746017296313199e-04 0.000000000000000000e+00
1.175000000000000000e+03 4.700060814132256404e-02 1.001365498406918582e-02 9.897587619481110766e-01 0.000000000000000000e+00 2.275830678197542133e-04 0.000000000000000000e+00
1.200000000000000000e+03 4.800062108049951703e-02 1.240327719617660522e-02 9.869139736003641472e-01 0.000000000000000000e+00 6.827492034592626399e-04 0.000000000000000000e+00
1.225000000000000000e+03 4.900063401967669208e-02 1.388256713700500647e-02 9.855484751934455723e-01 0.000000000000000000e+00 5.689576695493854790e-04 0.000000000000000000e+00
1.250000000000000000e+03 5.000064695885364507e-02 1.786527082385070547e-02 9.817933545744196300e-01 0.000000000000000000e+00 3.413746017296313199e-04 0.000000000000000000e+00
1.275000000000000000e+03 5.100065989803082012e-02 1.319981793354574502e-02 9.862312243969049153e-01 0.000000000000000000e+00 5.689576695493854790e-04 0.000000000000000000e+00
1.300000000000000000e+03 5.200067283720799516e-02 1.342740100136549826e-02 9.864588074647245852e-01 0.000000000000000000e+00 1.137915339098771066e-04 0.000000000000000000e+00
1.325000000000000000e+03 5.300068577638494816e-02 1.069640418752844727e-02 9.889622212107419541e-01 0.000000000000000000e+00 3.413746017296313199e-04 0.000000000000000000e+00
1.350000000000000000e+03 5.400069871556212320e-02 2.344105598543468408e-02 9.761037778789257713e-01 0.000000000000000000e+00 4.551661356395084266e-04 0.000000000000000000e+00
1.375000000000000000e+03 5.500071165473907620e-02 2.184797451069640448e-02 9.766727355484752238e-01 0.000000000000000000e+00 1.479289940828402332e-03 0.000000000000000000e+00
1.400000000000000000e+03 5.600072459391625124e-02 2.639963586709149004e-02 9.726900318616295005e-01 0.000000000000000000e+00 9.103322712790168532e-04 0.000000000000000000e+00
1.425000000000000000e+03 5.700073753309320423e-02 2.765134274010013632e-02 9.710969503868912556e-01 0.000000000000000000e+00 1.251706873008648227e-03 0.000000000000000000e+00
1.450000000000000000e+03 5.800075047227037928e-02 2.583067819754210348e-02 9.732589895311788419e-01 0.000000000000000000e+00 9.103322712790168532e-04 0.000000000000000000e+00
1.475000000000000000e+03 5.900076341144733227e-02 2.298588984979517413e-02 9.755348202093764298e-01 0.000000000000000000e+00 1.479289940828402332e-03 0.000000000000000000e+00
1.500000000000000000e+03 6.000077635062450732e-02 3.356850250341374825e-02 9.650659990896677254e-01 0.000000000000000000e+00 1.365498406918525280e-03 0.000000000000000000e+00
1.525000000000000000e+03 6.100078928980146031e-02 3.140646335912607862e-02 9.673418297678653133e-01 0.000000000000000000e+00 1.251706873008648227e-03 0.000000000000000000e+00
1.550000000000000000e+03 6.200080222897863536e-02 3.220300409649522189e-02 9.672280382339554228e-01 0.000000000000000000e+00 5.689576695493854790e-04 0.000000000000000000e+00
1.575000000000000000e+03 6.300081516815581040e-02 3.265817023213472836e-02 9.655211652253072874e-01 0.000000000000000000e+00 1.820664542558033706e-03 0.000000000000000000e+00
1.600000000000000000e+03 6.400082810733276339e-02 2.901684114701866268e-02 9.690487027765134487e-01 0.000000000000000000e+00 1.934456076467910759e-03 0.000000000000000000e+00
1.625000000000000000e+03 6.500084104650993844e-02 3.789258079198907364e-02 9.599453800637232082e-01 0.000000000000000000e+00 2.162039144287664864e-03 0.000000000000000000e+00
1.650000000000000000e+03 6.600085398568689143e-02 5.143377332726445372e-02 9.458352298588984519e-01 0.000000000000000000e+00 2.730996813837050560e-03 0.000000000000000000e+00
1.675000000000000000e+03 6.700086692486406648e-02 4.551661356395084179e-02 9.520937642239417631e-01 0.000000000000000000e+00 2.389622212107419402e-03 0.000000000000000000e+00
1.700000000000000000e+03 6.800087986404101947e-02 4.710969503868912139e-02 9.506144742831132977e-01 0.000000000000000000e+00 2.275830678197541916e-03 0.000000000000000000e+00
1.725000000000000000e+03 6.900089280321819452e-02 4.904415111515703085e-02 9.478834774692762588e-01 0.000000000000000000e+00 3.072371415566681717e-03 0.000000000000000000e+00
1.750000000000000000e+03 7.000090574239514751e-02 4.654073736913973830e-02 9.508420573509330787e-01 0.000000000000000000e+00 2.617205279927173507e-03 0.000000000000000000e+00
1.775000000000000000e+03 7.100091868157232255e-02 6.258534365043240399e-02 9.335457441966317216e-01 0.000000000000000000e+00 3.868912152935821518e-03 0.000000000000000000e+00
1.800000000000000000e+03 7.200093162074927555e-02 6.907146108329539902e-02 9.266044606281292895e-01 0.000000000000000000e+00 4.324078288575329727e-03 0.000000000000000000e+00
1.825000000000000000e+03 7.300094455992645059e-02 7.885753299954482987e-02 9.144287664997724496e-01 0.000000000000000000e+00 6.713700500682749130e-03 0.000000000000000000e+00
1.850000000000000000e+03 7.400095749910362564e-02 7.976786527082385669e-02 9.127218934911243142e-01 0.000000000000000000e+00 7.510241238051888930e-03 0.000000000000000000e+00
1.875000000000000000e+03 7.500097043828057863e-02 7.214383249886208160e-02 9.209148839326354308e-01 0.000000000000000000e+00 6.941283568502503235e-03 0.000000000000000000e+00
1.900000000000000000e+03 7.600098337745775368e-02 7.817478379608557015e-02 9.163632225762403660e-01 0.000000000000000000e+00 5.461993627674101119e-03 0.000000000000000000e+00
1.925000000000000000e+03 7.700099631663470667e-02 8.750568957669549452e-02 9.057806099226217711e-01 0.000000000000000000e+00 6.713700500682749130e-03 0.000000000000000000e+00
1.950000000000000000e+03 7.800100925581188172e-02 1.037778789258079204e-01 8.892808375056895365e-01 0.000000000000000000e+00 6.941283568502503235e-03 0.000000000000000000e+00
1.975000000000000000e+03 7.900102219498883471e-02 9.911242603550296515e-02 8.920118343195265753e-01 0.000000000000000000e+00 8.875739644970414427e-03 0.000000000000000000e+00
2.000000000000000000e+03 8.000103513416600975e-02 1.118570778334091881e-01 8.760810195721437932e-01 0.000000000000000000e+00 1.206190259444697363e-02 0.000000000000000000e+00
2.025000000000000000e+03 8.100104807334296275e-02 1.104915794264906687e-01 8.766499772416932457e-01 0.000000000000000000e+00 1.285844333181611343e-02 0.000000000000000000e+00
2.050000000000000000e+03 8.200106101252013779e-02 1.289258079198907503e-01 8.578743741465635342e-01 0.000000000000000000e+00 1.319981793354574502e-02 0.000000000000000000e+00
2.075000000000000000e+03 8.300107395169731284e-02 1.358670914883932657e-01 8.511606736458807720e-01 0.000000000000000000e+00 1.297223486572599005e-02 0.000000000000000000e+00
2.100000000000000000e+03 8.400108689087426583e-02 1.326809285389166926e-01 8.533227127901683584e-01 0.000000000000000000e+00 1.399635867091488309e-02 0.000000000000000000e+00
2.125000000000000000e+03 8.500109983005144088e-02 1.470186618115612298e-01 8.379608557123350288e-01 0.000000000000000000e+00 1.502048247610377786e-02 0.000000000000000000e+00
2.150000000000000000e+03 8.600111276922839387e-02 1.609012289485662328e-01 8.212335002275830131e-01 1.137915339098771066e-04 1.775147928994082885e-02 0.000000000000000000e+00
2.175000000000000000e+03 8.700112570840556891e-02 1.530496131087847045e-01 8.304506144742831442e-01 0.000000000000000000e+00 1.649977241693217911e-02 0.000000000000000000e+00
2.200000000000000000e+03 8.800113864758252191e-02 1.598771051433773294e-01 8.203231679563040002e-01 0.000000000000000000e+00 1.979972690031861493e-02 0.000000000000000000e+00
2.225000000000000000e+03 8.900115158675969695e-02 1.784251251706872876e-01 7.949476558944014171e-01 0.000000000000000000e+00 2.662721893491124328e-02 0.000000000000000000e+00
2.250000000000000000e+03 9.000116452593664995e-02 1.858215748748293095e-01 7.834547109695039202e-01 0.000000000000000000e+00 3.072371415566681890e-02 0.000000000000000000e+00
2.275000000000000000e+03 9.100117746511382499e-02 2.159763313609467383e-01 7.478379608557123026e-01 0.000000000000000000e+00 3.618570778334091742e-02 0.000000000000000000e+00
2.300000000000000000e+03 9.200119040429077799e-02 2.459035047792444140e-01 7.045971779699590209e-01 1.137915339098771066e-04 4.938552571688666071e-02 0.000000000000000000e+00
2.325000000000000000e+03 9.300120334346795303e-02 2.490896677287209870e-01 6.926490669094219621e-01 1.137915339098771066e-04 5.814747382794720199e-02 0.000000000000000000e+00
2.350000000000000000e+03 9.400121628264512808e-02 2.651342740100136597e-01 6.616977696859354108e-01 2.275830678197542133e-04 7.294037323623121793e-02 0.000000000000000000e+00
2.375000000000000000e+03 9.500122922182208107e-02 2.776513427401001155e-01 6.356395084205734847e-01 3.413746017296313199e-04 8.636777423759672834e-02 0.000000000000000000e+00
2.400000000000000000e+03 9.600124216099925611e-02 2.935821574874829532e-01 6.058261265361857273e-01 1.137915339098770958e-03 9.945380063723259501e-02 0.000000000000000000e+00
2.425000000000000000e+03 9.700125510017620911e-02 3.177059626763768518e-01 5.592853891670459543e-01 1.024123805188893906e-03 1.219845243513882627e-01 0.000000000000000000e+00
2.450000000000000000e+03 9.800126803935338415e-02 3.123577605826126646e-01 5.386891215293582169e-01 9.103322712790168532e-04 1.480427856167501055e-01 0.000000000000000000e+00
2.475000000000000000e+03 9.900128097853033715e-02 3.307919890760127601e-01 5.063723258989530907e-01 3.299954483386436255e-03 1.595357305416477134e-01 0.000000000000000000e+00
2.500000000000000000e+03 1.000012939177075122e-01 3.477469276285844457e-01 4.743969048702776359e-01 5.234410559854347014e-03 1.726217569412835662e-01 0.000000000000000000e+00
2.525000000000000000e+03 1.010013068568844652e-01 3.635639508420573374e-01 4.408284023668638807e-01 8.306781975421027864e-03 1.873008648156577194e-01 0.000000000000000000e+00
2.550000000000000000e+03 1.020013197960616402e-01 3.774465179790623681e-01 4.071461083295402905e-01 9.672280382339554228e-03 2.057350933090578149e-01 0.000000000000000000e+00
2.575000000000000000e+03 1.030013327352385932e-01 3.874601729631315661e-01 3.769913518434228616e-01 1.194811106053709528e-02 2.236003641329085134e-01 0.000000000000000000e+00
2.600000000000000000e+03 1.040013456744157683e-01 4.025944469731451703e-01 3.563950842057350687e-01 1.365498406918525323e-02 2.273554847519344557e-01 0.000000000000000000e+00
2.625000000000000000e+03 1.050013586135929433e-01 3.923532089212562468e-01 3.454710969503869133e-01 1.570323167956303931e-02 2.464724624487938109e-01 0.000000000000000000e+00
2.650000000000000000e+03 1.060013715527698963e-01 3.883705052344105790e-01 3.422849340009103125e-01 1.763768775603095224e-02 2.517068730086481354e-01 0.000000000000000000e+00
2.675000000000000000e+03 1.070013844919470714e-01 3.987255348202093930e-01 3.174783796085571264e-01 2.116522530723714129e-02 2.626308602639963463e-01 0.000000000000000000e+00
2.700000000000000000e+03 1.080013974311240244e-01 3.969048702776513671e-01 3.063268092853891900e-01 2.150659990896677115e-02 2.752617205279926926e-01 0.000000000000000000e+00
2.725000000000000000e+03 1.090014103703011994e-01 4.090805644060082069e-01 2.889167045971779424e-01 2.207555757851615771e-02 2.799271734182977034e-01 0.000000000000000000e+00
2.750000000000000000e+03 1.100014233094781524e-01 4.152253072371415721e-01 2.822030040964952358e-01 2.787892580791988956e-02 2.746927628584433512e-01 0.000000000000000000e+00
2.775000000000000000e+03 1.110014362486553274e-01 4.130632680928538747e-01 2.745789713245334607e-01 3.265817023213472836e-02 2.796995903504779224e-01 0.000000000000000000e+00
2.800000000000000000e+03 1.120014491878322804e-01 4.138598088302230527e-01 2.678652708238506985e-01 3.755120619025944378e-02 2.807237141556668258e-01 0.000000000000000000e+00
2.825000000000000000e+03 1.130014621270094555e-01 4.004324078288575284e-01 2.742375967228038447e-01 4.198907601274465273e-02 2.833409194355939742e-01 0.000000000000000000e+00
2.850000000000000000e+03 1.140014750661866305e-01 4.152253072371415721e-01 2.513654984069185194e-01 4.563040509786071841e-02 2.877787892580792040e-01 0.000000000000000000e+00
2.875000000000000000e+03 1.150014880053635835e-01 4.118115612198452458e-01 2.506827492034592875e-01 4.676832043695949154e-02 2.907373691397360238e-01 0.000000000000000000e+00
2.900000000000000000e+03 1.160015009445407586e-01 4.264906690942193990e-01 2.339553937187073274e-01 5.109239872553481693e-02 2.884615384615384359e-01 0.000000000000000000e+00
2.925000000000000000e+03 1.170015138837177116e-01 4.128356850250341492e-01 2.319071461083295482e-01 5.166135639508420696e-02 3.035958124715520956e-01 0.000000000000000000e+00
2.950000000000000000e+03 1.180015268228948866e-01 4.353664087391898030e-01 2.146108329540282189e-01 5.382339553937186966e-02 2.961993627674101015e-01 0.000000000000000000e+00
2.975000000000000000e+03 1.190015397620718396e-01 4.303595812471552318e-01 2.105143377332726329e-01 5.939918070095585173e-02 2.997269003186163183e-01 0.000000000000000000e+00
3.000000000000000000e+03 1.200015527012490146e-01 4.409421939007737712e-01 1.993627674101046965e-01 5.803368229403732537e-02 3.016613563950841792e-01 0.000000000000000000e+00
3.025000000000000000e+03 1.210015656404259676e-01 4.370732817478379384e-01 1.949248975876194945e-01 6.690942193900774326e-02 3.010923987255348377e-01 0.000000000000000000e+00
3.050000000000000000e+03 1.220015785796031427e-01 4.332043695949021611e-01 1.908284023668639084e-01 6.349567592171143082e-02 3.124715521165225551e-01 0.000000000000000000e+00
3.075000000000000000e+03 1.230015915187800957e-01 4.470869367319071364e-01 1.834319526627218866e-01 6.884387801547564578e-02 3.006372325898953313e-01 0.000000000000000000e+00
3.100000000000000000e+03 1.240016044579572707e-01 4.473145197997269173e-01 1.780837505689576716e-01 7.612653618570777714e-02 2.984751934456076339e-01 0.000000000000000000e+00
3.125000000000000000e+03 1.250016173971344458e-01 4.391215293582157453e-01 1.770596267637687682e-01 8.238507055075101893e-02 3.014337733272644537e-01 0.000000000000000000e+00
3.150000000000000000e+03 1.260016303363113988e-01 4.510696404187528596e-01 1.760355029585798925e-01 8.750568957669549452e-02 2.853891670459717811e-01 0.000000000000000000e+00
3.175000000000000000e+03 1.270016432754885738e-01 4.399180700955848677e-01 1.718252162039144160e-01 9.512972234865725574e-02 2.931269913518434467e-01 0.000000000000000000e+00
3.200000000000000000e+03 1.280016562146655268e-01 4.452662721893491105e-01 1.681838871187983642e-01 9.683659535730541890e-02 2.897132453345471204e-01 0.000000000000000000e+00
3.225000000000000000e+03 1.290016691538427018e-01 4.444697314519799880e-01 1.689804278561675144e-01 9.808830223031406170e-02 2.884615384615384359e-01 0.000000000000000000e+00
3.250000000000000000e+03 1.300016820930196548e-01 4.598315885298133732e-01 1.596495220755575761e-01 1.008192990441511144e-01 2.796995903504779224e-01 0.000000000000000000e+00
3.275000000000000000e+03 1.310016950321968299e-01 4.549385525716886924e-01 1.520254893035958010e-01 1.055985434683659602e-01 2.874374146563495880e-01 0.000000000000000000e+00
3.300000000000000000e+03 1.320017079713737829e-01 4.658625398270368478e-01 1.564633591260810308e-01 1.057123350022758368e-01 2.719617660446062568e-01 0.000000000000000000e+00
3.325000000000000000e+03 1.330017209105509579e-01 4.604005461993627701e-01 1.521392808375056915e-01 1.106053709604005453e-01 2.768548020027309930e-01 0.000000000000000000e+00
3.350000000000000000e+03 1.340017338497279109e-01 4.676832043695949293e-01 1.456531634046426826e-01 1.102639963586709154e-01 2.763996358670914866e-01 0.000000000000000000e+00
3.375000000000000000e+03 1.350017467889050859e-01 4.675694128356850388e-01 1.407601274465179741e-01 1.127674101046882149e-01 2.789030496131087999e-01 0.000000000000000000e+00
3.400000000000000000e+03 1.360017597280822610e-01 4.688211197086936677e-01 1.349567592171142527e-01 1.075329995448338627e-01 2.886891215293582169e-01 0.000000000000000000e+00
3.425000000000000000e+03 1.370017726672592140e-01 4.682521620391442707e-01 1.340464269458352398e-01 1.087847064178425194e-01 2.889167045971779424e-01 0.000000000000000000e+00
3.450000000000000000e+03 1.380017856064363890e-01 4.754210286754665393e-01 1.309740555302685572e-01 1.123122439690487084e-01 2.812926718252162228e-01 0.000000000000000000e+00
3.475000000000000000e+03 1.390017985456133420e-01 4.895311788802912956e-01 1.172052799271734169e-01 1.200500682749203463e-01 2.732134729176149412e-01 0.000000000000000000e+00
3.500000000000000000e+03 1.400018114847905171e-01 4.787209831588529751e-01 1.178880291306326766e-01 1.238051888939462886e-01 2.795857988165680319e-01 0.000000000000000000e+00
3.525000000000000000e+03 1.410018244239674701e-01 4.836140191169777114e-01 1.076467910787437393e-01 1.181156121984524299e-01 2.906235776058261333e-01 0.000000000000000000e+00
3.550000000000000000e+03 1.420018373631446451e-01 4.926035502958580059e-01 1.028675466545289074e-01 1.152708238507055144e-01 2.892580791989076139e-01 0.000000000000000000e+00
3.575000000000000000e+03 1.430018503023215981e-01 4.865725989986344757e-01 1.001365498406918547e-01 1.135639508420573512e-01 2.997269003186163183e-01 0.000000000000000000e+00
3.600000000000000000e+03 1.440018632414987731e-01 4.981793354574419741e-01 1.078743741465634925e-01 1.123122439690487084e-01 2.816340464269458388e-01 0.000000000000000000e+00
3.625000000000000000e+03 1.450018761806759482e-01 5.046654528903049552e-01 9.888484296768319803e-02 1.219845243513882627e-01 2.744651797906235702e-01 0.000000000000000000e+00
3.650000000000000000e+03 1.460018891198529012e-01 5.052344105598542967e-01 1.026399635867091542e-01 1.256258534365043145e-01 2.664997724169321791e-01 0.000000000000000000e+00
3.675000000000000000e+03 1.470019020590300762e-01 5.124032771961766208e-01 1.019572143832498806e-01 1.239189804278561652e-01 2.617205279927173334e-01 0.000000000000000000e+00
3.700000000000000000e+03 1.480019149982070292e-01 5.162721893491124536e-01 1.004779244424214846e-01 1.216431497496586189e-01 2.616067364588074429e-01 0.000000000000000000e+00
3.725000000000000000e+03 1.490019279373842043e-01 5.127446517979061813e-01 9.831588529813381494e-02 1.325671370050068298e-01 2.563723258989530907e-01 0.000000000000000000e+00
3.750000000000000000e+03 1.500019408765611573e-01 5.298133818843877574e-01 9.820209376422393832e-02 1.299499317250796537e-01 2.420345926263086089e-01 0.000000000000000000e+00
3.775000000000000000e+03 1.510019538157383323e-01 5.192307692307692735e-01 9.239872553482020301e-02 1.360946745562130189e-01 2.522758306781975324e-01 0.000000000000000000e+00
3.800000000000000000e+03 1.520019667549152853e-01 5.286754665452890745e-01 8.864360491579426071e-02 1.329085116067364458e-01 2.497724169321802468e-01 0.000000000000000000e+00
3.825000000000000000e+03 1.530019796940924603e-01 5.335685025034136997e-01 8.898497951752389057e-02 1.413290851160673711e-01 2.361174328629949970e-01 0.000000000000000000e+00
3.850000000000000000e+03 1.540019926332694133e-01 5.369822485207100815e-01 8.818843878015475424e-02 1.393946290395994547e-01 2.354346836595357373e-01 0.000000000000000000e+00
3.875000000000000000e+03 1.550020055724465884e-01 5.382339553937186549e-01 8.739189804278561791e-02 1.404187528447883582e-01 2.339553937187073274e-01 0.000000000000000000e+00
3.900000000000000000e+03 1.560020185116237634e-01 5.336822940373235902e-01 9.057806099226217711e-02 1.422394173873463841e-01 2.335002275830678209e-01 0.000000000000000000e+00
3.925000000000000000e+03 1.570020314508007164e-01 5.386891215293582169e-01 8.614019116977697510e-02 1.420118343195266308e-01 2.331588529813381772e-01 0.000000000000000000e+00
3.950000000000000000e+03 1.580020443899778915e-01 5.407373691397360238e-01 8.443331816112881194e-02 1.481565771506599960e-01 2.266727355484751960e-01 0.000000000000000000e+00
3.975000000000000000e+03 1.590020573291548445e-01 5.556440600819299025e-01 8.545744196631770151e-02 1.444014565316340537e-01 2.144970414201183562e-01 0.000000000000000000e+00
4.000000000000000000e+03 1.600020702683320195e-01 5.632680928538916776e-01 7.715065999089668058e-02 1.447428311333636697e-01 2.148384160218479721e-01 0.000000000000000000e+00
4.025000000000000000e+03 1.610020832075089725e-01 5.576923076923077094e-01 8.249886208466089554e-02 1.456531634046426826e-01 2.141556668183887124e-01 0.000000000000000000e+00
4.050000000000000000e+03 1.620020961466861475e-01 5.463131543013199920e-01 8.739189804278561791e-02 1.490669094219390090e-01 2.172280382339553950e-01 0.000000000000000000e+00
4.075000000000000000e+03 1.630021090858631005e-01 5.639508420573509095e-01 7.794720072826581692e-02 1.491807009558488717e-01 2.089212562585343602e-01 0.000000000000000000e+00
4.100000000000000000e+03 1.640021220250402756e-01 5.765817023213473114e-01 7.646791078743742087e-02 1.586253982703686727e-01 1.883249886208466228e-01 0.000000000000000000e+00
4.125000000000000000e+03 1.650021349642172286e-01 5.579198907601274904e-01 7.817478379608557015e-02 1.656804733727810786e-01 1.982248520710059303e-01 0.000000000000000000e+00
4.150000000000000000e+03 1.660021479033944036e-01 5.727127901684114786e-01 7.828857532999544677e-02 1.662494310423304478e-01 1.827492034592626269e-01 0.000000000000000000e+00
4.175000000000000000e+03 1.670021608425715787e-01 5.641784251251706905e-01 7.373691397360036814e-02 1.635184342284934089e-01 1.985662266727355463e-01 0.000000000000000000e+00
4.200000000000000000e+03 1.680021737817485317e-01 5.727127901684114786e-01 7.464724624487938109e-02 1.660218479745106945e-01 1.866181156121984597e-01 0.000000000000000000e+00
4.225000000000000000e+03 1.690021867209257067e-01 5.724852071005916976e-01 7.646791078743742087e-02 1.747837960855712358e-01 1.762630860263996457e-01 0.000000000000000000e+00
4.250000000000000000e+03 1.700021996601026597e-01 5.714610832954027941e-01 7.464724624487938109e-02 1.730769230769230727e-01 1.808147473827947105e-01 0.000000000000000000e+00
4.275000000000000000e+03 1.710022125992798347e-01 5.732817478379608200e-01 7.680928538916705073e-02 1.783113336367774249e-01 1.715976331360946627e-01 0.000000000000000000e+00
4.300000000000000000e+03 1.720022255384567877e-01 5.754437869822485174e-01 7.840236686390532339e-02 1.819526627218935044e-01 1.642011834319526686e-01 0.000000000000000000e+00
4.325000000000000000e+03 1.730022384776339628e-01 5.845471096950386469e-01 7.851615839781520001e-02 1.827492034592626269e-01 1.541875284478834707e-01 0.000000000000000000e+00
4.350000000000000000e+03 1.740022514168109158e-01 5.854574419663176599e-01 7.908511606736458310e-02 1.851388256713700498e-01 1.503186162949476656e-01 0.000000000000000000e+00
4.375000000000000000e+03 1.750022643559880908e-01 5.904642694583522866e-01 7.908511606736458310e-02 1.847974510696404060e-01 1.456531634046426826e-01 0.000000000000000000e+00
4.400000000000000000e+03 1.760022772951650438e-01 5.843195266272189770e-01 8.363677742375967561e-02 1.862767410104688159e-01 1.457669549385525731e-01 0.000000000000000000e+00
4.425000000000000000e+03 1.770022902343422189e-01 5.956986800182066943e-01 8.010923987255348655e-02 1.861629494765589532e-01 1.380291306326809353e-01 0.000000000000000000e+00
4.450000000000000000e+03 1.780023031735193939e-01 5.978607191624942807e-01 7.999544833864360993e-02 1.857077833409194467e-01 1.364360491579426626e-01 0.000000000000000000e+00
4.475000000000000000e+03 1.790023161126963469e-01 5.856850250341374409e-01 8.215748748293126569e-02 1.994765589440145592e-01 1.326809285389166926e-01 0.000000000000000000e+00
4.500000000000000000e+03 1.800023290518735219e-01 5.958124715521164738e-01 7.908511606736458310e-02 1.933318161128811941e-01 1.317705962676376796e-01 0.000000000000000000e+00
4.525000000000000000e+03 1.810023419910504749e-01 5.999089667728720876e-01 8.147473827947200598e-02 1.921939007737824279e-01 1.264223941738734647e-01 0.000000000000000000e+00
4.550000000000000000e+03 1.820023549302276500e-01 5.987710514337732937e-01 7.885753299954482987e-02 1.925352753755120716e-01 1.298361401911697632e-01 0.000000000000000000e+00
4.575000000000000000e+03 1.830023678694046030e-01 5.943331816112881194e-01 7.624032771961765376e-02 1.893491124260354985e-01 1.400773782430587144e-01 0.000000000000000000e+00
4.600000000000000000e+03 1.840023808085817780e-01 5.991124260355029651e-01 7.692307692307692735e-02 1.936731907146108378e-01 1.301775147928994070e-01 1.137915339098771066e-04
4.625000000000000000e+03 1.850023937477587310e-01 6.049157942649067143e-01 7.783340919435594030e-02 1.880974055530268418e-01 1.291533909877105035e-01 0.000000000000000000e+00
4.650000000000000000e+03 1.860024066869359061e-01 5.982020937642239522e-01 7.612653618570777714e-02 1.923076923076923184e-01 1.333636777423759801e-01 0.000000000000000000e+00
4.675000000000000000e+03 1.870024196261130811e-01 6.137915339098770628e-01 7.532999544833864081e-02 1.940145653163404538e-01 1.168639053254437871e-01 0.000000000000000000e+00
4.700000000000000000e+03 1.880024325652900341e-01 6.033227127901683584e-01 7.999544833864360993e-02 1.921939007737824279e-01 1.244879380974055483e-01 0.000000000000000000e+00
4.725000000000000000e+03 1.890024455044672091e-01 6.074192080109239722e-01 7.885753299954482987e-02 1.923076923076923184e-01 1.211879836140191125e-01 2.275830678197542133e-04
4.750000000000000000e+03 1.900024584436441621e-01 6.092398725534819981e-01 7.111970869367319203e-02 1.953800637232590010e-01 1.242603550295857950e-01 0.000000000000000000e+00
4.775000000000000000e+03 1.910024713828213372e-01 6.061675011379152878e-01 7.157487482931269851e-02 1.966317705962676299e-01 1.256258534365043145e-01 0.000000000000000000e+00
4.800000000000000000e+03 1.920024843219982902e-01 6.060537096040055083e-01 7.237141556668183484e-02 1.964041875284478766e-01 1.251706873008648080e-01 0.000000000000000000e+00
4.825000000000000000e+03 1.930024972611754652e-01 6.053709604005461653e-01 7.635411925352754425e-02 1.998179335457442030e-01 1.184569868001820597e-01 0.000000000000000000e+00
4.850000000000000000e+03 1.940025102003524182e-01 6.149294492489758568e-01 7.498862084660901095e-02 1.994765589440145592e-01 1.104915794264906687e-01 1.137915339098771066e-04
4.875000000000000000e+03 1.950025231395295933e-01 6.074192080109239722e-01 7.567137005006827066e-02 2.042558033682294050e-01 1.126536185707783383e-01 0.000000000000000000e+00
4.900000000000000000e+03 1.960025360787065463e-01 6.186845698680017991e-01 7.635411925352754425e-02 2.019799726900318726e-01 1.029813381884387841e-01 0.000000000000000000e+00
4.925000000000000000e+03 1.970025490178837213e-01 6.215293582157487284e-01 7.783340919435594030e-02 2.024351388256713791e-01 9.820209376422393832e-02 0.000000000000000000e+00
4.950000000000000000e+03 1.980025619570608963e-01 6.228948566226673034e-01 7.589895311788802390e-02 2.019799726900318726e-01 9.922621756941284177e-02 0.000000000000000000e+00
4.975000000000000000e+03 1.990025748962378493e-01 6.228948566226673034e-01 7.544378698224851743e-02 2.018661811561219821e-01 9.979517523896222486e-02 0.000000000000000000e+00
5.000000000000000000e+03 2.000025878354150244e-01 6.294947655894401750e-01 7.760582612653618706e-02 2.036868456986800080e-01 8.909877105143376719e-02 1.137915339098771066e-04
5.025000000000000000e+03 2.010026007745919774e-01 6.436049157942649313e-01 7.248520710059171146e-02 2.022075557578516258e-01 8.170232134729175921e-02 0.000000000000000000e+00
5.050000000000000000e+03 2.020026137137691524e-01 6.281292671825216001e-01 7.441966317705962786e-02 2.081247155211652378e-01 8.932635411925353430e-02 0.000000000000000000e+00
5.075000000000000000e+03 2.030026266529461054e-01 6.265361857077833552e-01 7.635411925352754425e-02 2.060764679107874309e-01 9.103322712790168358e-02 0.000000000000000000e+00
5.100000000000000000e+03 2.040026395921232805e-01 6.209604005461993870e-01 7.578516158397814728e-02 2.114246700045516736e-01 9.182976786527081992e-02 0.000000000000000000e+00
5.125000000000000000e+03 2.050026525313002335e-01 6.261948111060536837e-01 7.771961766044606368e-02 2.064178425125170746e-01 8.966772872098316416e-02 0.000000000000000000e+00
5.150000000000000000e+03 2.060026654704774085e-01 6.242603550295857673e-01 7.396449704142012138e-02 2.122212107419207960e-01 8.955393718707328754e-02 0.000000000000000000e+00
5.175000000000000000e+03 2.070026784096543615e-01 6.376877560309512916e-01 7.237141556668183484e-02 2.085798816568047442e-01 8.124715521165225274e-02 1.137915339098771066e-04
5.200000000000000000e+03 2.080026913488315365e-01 6.360946745562130467e-01 7.476103777878925771e-02 2.065316340464269373e-01 8.261265361857077216e-02 0.000000000000000000e+00
5.225000000000000000e+03 2.090027042880087116e-01 6.310878470641784199e-01 7.305416477014110843e-02 2.071005917159763343e-01 8.875739644970413733e-02 0.000000000000000000e+00
5.250000000000000000e+03 2.100027172271856646e-01 6.454255803368229572e-01 7.282658170232134132e-02 2.077833409194355940e-01 7.396449704142012138e-02 0.000000000000000000e+00
5.275000000000000000e+03 2.110027301663628396e-01 6.360946745562130467e-01 7.771961766044606368e-02 2.059626763768775681e-01 8.022303140646336317e-02 0.000000000000000000e+00
5.300000000000000000e+03 2.120027431055397926e-01 6.343878015475649113e-01 7.669549385525717411e-02 2.081247155211652378e-01 8.079198907601274626e-02 0.000000000000000000e+00
5.325000000000000000e+03 2.130027560447169677e-01 6.465634956759217511e-01 7.419208010923987462e-02 2.031178880291306388e-01 7.612653618570777714e-02 0.000000000000000000e+00
5.350000000000000000e+03 2.140027689838939207e-01 6.461083295402821891e-01 7.134729176149294527e-02 2.026627218934911323e-01 7.976786527082385669e-02 1.137915339098771066e-04
5.375000000000000000e+03 2.150027819230710957e-01 6.500910332271279124e-01 7.123350022758306865e-02 2.026627218934911323e-01 7.601274465179790052e-02 0.000000000000000000e+00
5.400000000000000000e+03 2.160027948622480487e-01 6.583978152025489194e-01 7.532999544833864081e-02 1.993627674101046965e-01 6.690942193900774326e-02 0.000000000000000000e+00
5.425000000000000000e+03 2.170028078014252237e-01 6.554392353208920996e-01 7.237141556668183484e-02 2.023213472917614886e-01 6.986800182066454923e-02 0.000000000000000000e+00
5.450000000000000000e+03 2.180028207406023988e-01 6.450842057350932857e-01 7.419208010923987462e-02 2.018661811561219821e-01 7.874374146563495325e-02 1.137915339098771066e-04
5.475000000000000000e+03 2.190028336797793518e-01 6.474738279472007640e-01 7.646791078743742087e-02 1.993627674101046965e-01 7.669549385525717411e-02 0.000000000000000000e+00
5.500000000000000000e+03 2.200028466189565268e-01 6.406463359126081114e-01 7.954028220300408958e-02 2.039144287664997612e-01 7.589895311788802390e-02 0.000000000000000000e+00
5.525000000000000000e+03 2.210028595581334798e-01 6.533909877105142927e-01 7.578516158397814728e-02 2.045971779699590487e-01 6.622667273554846967e-02 0.000000000000000000e+00
5.550000000000000000e+03 2.220028724973106549e-01 6.489531178880291185e-01 7.828857532999544677e-02 2.100591715976331264e-01 6.258534365043240399e-02 1.137915339098771066e-04
5.575000000000000000e+03 2.230028854364876079e-01 6.539599453800637452e-01 7.749203459262631044e-02 2.084660901228948537e-01 6.008192990441511144e-02 0.000000000000000000e+00
5.600000000000000000e+03 2.240028983756647829e-01 6.529358215748748417e-01 7.715065999089668058e-02 2.069868001820664438e-01 6.292671825216203385e-02 0.000000000000000000e+00
5.625000000000000000e+03 2.250029113148417359e-01 6.620391442876649712e-01 7.612653618570777714e-02 1.995903504779244497e-01 6.224396904870277414e-02 0.000000000000000000e+00
5.650000000000000000e+03 2.260029242540189109e-01 6.553254437869822091e-01 7.976786527082385669e-02 2.047109695038689114e-01 6.019572143832498806e-02 0.000000000000000000e+00
5.675000000000000000e+03 2.270029371931958639e-01 6.627218934911243142e-01 7.840236686390532339e-02 2.011834319526627224e-01 5.769230769230769551e-02 0.000000000000000000e+00
