# itime ezz other fcc hcp bcc ico
0.000000000000000000e+00 0.000000000000000000e+00 3.413746017296313199e-04 9.996586253982703285e-01 0.000000000000000000e+00 0.000000000000000000e+00 0.000000000000000000e+00
3.000000000000000000e+00 1.199970465453281676e-03 1.024123805188893906e-03 9.989758761948110966e-01 0.000000000000000000e+00 0.000000000000000000e+00 0.000000000000000000e+00
6.000000000000000000e+00 2.399940930906563352e-03 1.024123805188893906e-03 9.989758761948110966e-01 0.000000000000000000e+00 0.000000000000000000e+00 0.000000000000000000e+00
9.000000000000000000e+00 3.599911396359845028e-03 9.103322712790168532e-04 9.990896677287209870e-01 0.000000000000000000e+00 0.000000000000000000e+00 0.000000000000000000e+00
1.200000000000000000e+01 4.799881861813126704e-03 1.024123805188893906e-03 9.989758761948110966e-01 0.000000000000000000e+00 0.000000000000000000e+00 0.000000000000000000e+00
1.500000000000000000e+01 5.999852327266408381e-03 6.827492034592626399e-04 9.993172507965407680e-01 0.000000000000000000e+00 0.000000000000000000e+00 0.000000000000000000e+00
1.800000000000000000e+01 7.199822792719690057e-03 4.551661356395084266e-04 9.995448338643604380e-01 0.000000000000000000e+00 0.000000000000000000e+00 0.000000000000000000e+00
2.100000000000000000e+01 8.399793258172971733e-03 3.413746017296313199e-04 9.996586253982703285e-01 0.000000000000000000e+00 0.000000000000000000e+00 0.000000000000000000e+00
2.400000000000000000e+01 9.599763723626253409e-03 3.413746017296313199e-04 9.996586253982703285e-01 0.000000000000000000e+00 0.000000000000000000e+00 0.000000000000000000e+00
2.700000000000000000e+01 1.079973418907953508e-02 5.689576695493854790e-04 9.994310423304506585e-01 0.000000000000000000e+00 0.000000000000000000e+00 0.000000000000000000e+00
3.000000000000000000e+01 1.199970465453281676e-02 1.365498406918525280e-03 9.986345015930814251e-01 0.000000000000000000e+00 0.000000000000000000e+00 0.000000000000000000e+00
3.300000000000000000e+01 1.319967511998609844e-02 1.251706873008648227e-03 9.987482931269913156e-01 0.000000000000000000e+00 0.000000000000000000e+00 0.000000000000000000e+00
3.600000000000000000e+01 1.439964558543960216e-02 1.024123805188893906e-03 9.989758761948110966e-01 0.000000000000000000e+00 0.000000000000000000e+00 0.000000000000000000e+00
3.900000000000000000e+01 1.559961605089288383e-02 2.162039144287664864e-03 9.977241693218024121e-01 0.000000000000000000e+00 1.137915339098771066e-04 0.000000000000000000e+00
4.200000000000000000e+01 1.679958651634616551e-02 3.186162949476558769e-03 9.967000455166135087e-01 0.000000000000000000e+00 1.137915339098771066e-04 0.000000000000000000e+00
4.500000000000000000e+01 1.799955698179944719e-02 2.730996813837050560e-03 9.971552116522530707e-01 0.000000000000000000e+00 1.137915339098771066e-04 0.000000000000000000e+00
4.800000000000000000e+01 1.919952744725272886e-02 3.299954483386436255e-03 9.965862539827037292e-01 0.000000000000000000e+00 1.137915339098771066e-04 0.000000000000000000e+00
5.100000000000000000e+01 2.039949791270601054e-02 2.958579881656804664e-03 9.969276285844332897e-01 0.000000000000000000e+00 1.137915339098771066e-04 0.000000000000000000e+00
5.400000000000000000e+01 2.159946837815929221e-02 2.617205279927173507e-03 9.972690031861629611e-01 0.000000000000000000e+00 1.137915339098771066e-04 0.000000000000000000e+00
5.700000000000000000e+01 2.279943884361257389e-02 1.593081474738279385e-03 9.982931269913518646e-01 0.000000000000000000e+00 1.137915339098771066e-04 0.000000000000000000e+00
6.000000000000000000e+01 2.399940930906585557e-02 2.048247610377787811e-03 9.979517523896221931e-01 0.000000000000000000e+00 0.000000000000000000e+00 0.000000000000000000e+00
6.300000000000000000e+01 2.519937977451913724e-02 3.413746017296313308e-03 9.965862539827037292e-01 0.000000000000000000e+00 0.000000000000000000e+00 0.000000000000000000e+00
6.600000000000000000e+01 2.639935023997241892e-02 3.755120619025944465e-03 9.962448793809740577e-01 0.000000000000000000e+00 0.000000000000000000e+00 0.000000000000000000e+00
6.900000000000000000e+01 2.759932070542570060e-02 3.641329085116067413e-03 9.963586709148839482e-01 0.000000000000000000e+00 0.000000000000000000e+00 0.000000000000000000e+00
7.200000000000000000e+01 2.879929117087898227e-02 3.413746017296313308e-03 9.965862539827037292e-01 0.000000000000000000e+00 0.000000000000000000e+00 0.000000000000000000e+00
7.500000000000000000e+01 2.999926163633226395e-02 2.730996813837050560e-03 9.972690031861629611e-01 0.000000000000000000e+00 0.000000000000000000e+00 0.000000000000000000e+00
7.800000000000000000e+01 3.119923210178554562e-02 3.299954483386436255e-03 9.967000455166135087e-01 0.000000000000000000e+00 0.000000000000000000e+00 0.000000000000000000e+00
8.100000000000000000e+01 3.239920256723882730e-02 4.096495220755575623e-03 9.959035047792443862e-01 0.000000000000000000e+00 0.000000000000000000e+00 0.000000000000000000e+00
8.400000000000000000e+01 3.359917303269210898e-02 3.527537551206190360e-03 9.964724624487938387e-01 0.000000000000000000e+00 0.000000000000000000e+00 0.000000000000000000e+00
8.700000000000000000e+01 3.479914349814539065e-02 2.389622212107419402e-03 9.976103777878926326e-01 0.000000000000000000e+00 0.000000000000000000e+00 0.000000000000000000e+00
9.000000000000000000e+01 3.599911396359867233e-02 2.048247610377787811e-03 9.979517523896221931e-01 0.000000000000000000e+00 0.000000000000000000e+00 0.000000000000000000e+00
9.300000000000000000e+01 3.719908442905195400e-02 3.186162949476558769e-03 9.968138370505233992e-01 0.000000000000000000e+00 0.000000000000000000e+00 0.000000000000000000e+00
9.600000000000000000e+01 3.839905489450523568e-02 3.982703686845699004e-03 9.960172963131542767e-01 0.000000000000000000e+00 0.000000000000000000e+00 0.000000000000000000e+00
9.900000000000000000e+01 3.959902535995851736e-02 5.803368229403732710e-03 9.939690487027764698e-01 0.000000000000000000e+00 2.275830678197542133e-04 0.000000000000000000e+00
1.020000000000000000e+02 4.079899582541179903e-02 5.348202093764223633e-03 9.945380063723259223e-01 0.000000000000000000e+00 1.137915339098771066e-04 0.000000000000000000e+00
1.050000000000000000e+02 4.199896629086508071e-02 3.755120619025944465e-03 9.960172963131542767e-01 0.000000000000000000e+00 2.275830678197542133e-04 0.000000000000000000e+00
1.080000000000000000e+02 4.319893675631858443e-02 3.868912152935821518e-03 9.959035047792443862e-01 0.000000000000000000e+00 2.275830678197542133e-04 0.000000000000000000e+00
1.110000000000000000e+02 4.439890722177186611e-02 3.982703686845699004e-03 9.955621301775148257e-01 0.000000000000000000e+00 4.551661356395084266e-04 0.000000000000000000e+00
1.140000000000000000e+02 4.559887768722514778e-02 4.779244424214838804e-03 9.948793809740554828e-01 0.000000000000000000e+00 3.413746017296313199e-04 0.000000000000000000e+00
1.170000000000000000e+02 4.679884815267842946e-02 5.234410559854347014e-03 9.943104233045061413e-01 0.000000000000000000e+00 4.551661356395084266e-04 0.000000000000000000e+00
1.200000000000000000e+02 4.799881861813171113e-02 6.144742831133363434e-03 9.936276741010469093e-01 0.000000000000000000e+00 2.275830678197542133e-04 0.000000000000000000e+00
1.230000000000000000e+02 4.919878908358499281e-02 6.713700500682749130e-03 9.927173418297678964e-01 0.000000000000000000e+00 5.689576695493854790e-04 0.000000000000000000e+00
1.260000000000000000e+02 5.039875954903827449e-02 7.851615839781519654e-03 9.916932180245789930e-01 0.000000000000000000e+00 4.551661356395084266e-04 0.000000000000000000e+00
1.290000000000000000e+02 5.159873001449155616e-02 8.306781975421027864e-03 9.913518434228493215e-01 0.000000000000000000e+00 3.413746017296313199e-04 0.000000000000000000e+00
1.320000000000000000e+02 5.279870047994483784e-02 8.192990441511151245e-03 9.918070095584888834e-01 0.000000000000000000e+00 0.000000000000000000e+00 0.000000000000000000e+00
1.350000000000000000e+02 5.399867094539811951e-02 9.786071916249430847e-03 9.902139280837505275e-01 0.000000000000000000e+00 0.000000000000000000e+00 0.000000000000000000e+00
1.380000000000000000e+02 5.519864141085140119e-02 1.046882111970869403e-02 9.894173873463814051e-01 0.000000000000000000e+00 1.137915339098771066e-04 0.000000000000000000e+00
1.410000000000000000e+02 5.639861187630468287e-02 9.672280382339554228e-03 9.901001365498406370e-01 0.000000000000000000e+00 2.275830678197542133e-04 0.000000000000000000e+00
1.440000000000000000e+02 5.759858234175796454e-02 1.308602639963586667e-02 9.865725989986344757e-01 0.000000000000000000e+00 3.413746017296313199e-04 0.000000000000000000e+00
1.470000000000000000e+02 5.879855280721124622e-02 1.649977241693217911e-02 9.829312699135184239e-01 0.000000000000000000e+00 5.689576695493854790e-04 0.000000000000000000e+00
1.500000000000000000e+02 5.999852327266452789e-02 2.048247610377787811e-02 9.791761492944924816e-01 0.000000000000000000e+00 3.413746017296313199e-04 0.000000000000000000e+00
1.530000000000000000e+02 6.119849373811780957e-02 2.014110150204824826e-02 9.792899408284023721e-01 0.000000000000000000e+00 5.689576695493854790e-04 0.000000000000000000e+00
1.560000000000000000e+02 6.239846420357109125e-02 1.934456076467910846e-02 9.797451069640418231e-01 0.000000000000000000e+00 9.103322712790168532e-04 0.000000000000000000e+00
1.590000000000000000e+02 6.359843466902437292e-02 2.241693218024579104e-02 9.766727355484752238e-01 0.000000000000000000e+00 9.103322712790168532e-04 0.000000000000000000e+00
1.620000000000000000e+02 6.479840513447765460e-02 2.708238507055074976e-02 9.718934911242603780e-01 0.000000000000000000e+00 1.024123805188893906e-03 0.000000000000000000e+00
1.650000000000000000e+02 6.599837559993093627e-02 2.890304961310878606e-02 9.700728265817023521e-01 0.000000000000000000e+00 1.024123805188893906e-03 0.000000000000000000e+00
1.680000000000000000e+02 6.719834606538421795e-02 3.265817023213472836e-02 9.663177059626764098e-01 0.000000000000000000e+00 1.024123805188893906e-03 0.000000000000000000e+00
1.710000000000000000e+02 6.839831653083749963e-02 3.516158397815202785e-02 9.632453345471096995e-01 0.000000000000000000e+00 1.593081474738279385e-03 0.000000000000000000e+00
1.740000000000000000e+02 6.959828699629078130e-02 3.652708238507055422e-02 9.624487938097405770e-01 0.000000000000000000e+00 1.024123805188893906e-03 0.000000000000000000e+00
1.770000000000000000e+02 7.079825746174428502e-02 3.698224852071006069e-02 9.611970869367318926e-01 0.000000000000000000e+00 1.820664542558033706e-03 0.000000000000000000e+00
1.800000000000000000e+02 7.199822792719756670e-02 3.652708238507055422e-02 9.625625853436504675e-01 0.000000000000000000e+00 9.103322712790168532e-04 0.000000000000000000e+00
1.830000000000000000e+02 7.319819839265084838e-02 4.028220300409649651e-02 9.577833409194356218e-01 0.000000000000000000e+00 1.934456076467910759e-03 0.000000000000000000e+00
1.860000000000000000e+02 7.439816885810413005e-02 3.789258079198907364e-02 9.599453800637232082e-01 0.000000000000000000e+00 2.162039144287664864e-03 0.000000000000000000e+00
1.890000000000000000e+02 7.559813932355741173e-02 4.244424214838415921e-02 9.553937187073281434e-01 0.000000000000000000e+00 2.162039144287664864e-03 0.000000000000000000e+00
1.920000000000000000e+02 7.679810978901069340e-02 4.858898497951752438e-02 9.495903504779243942e-01 0.000000000000000000e+00 1.820664542558033706e-03 0.000000000000000000e+00
1.950000000000000000e+02 7.799808025446397508e-02 4.995448338643605074e-02 9.478834774692762588e-01 0.000000000000000000e+00 2.162039144287664864e-03 0.000000000000000000e+00
1.980000000000000000e+02 7.919805071991725676e-02 5.177514792899408358e-02 9.453800637232590010e-01 0.000000000000000000e+00 2.844788347746927612e-03 0.000000000000000000e+00
2.010000000000000000e+02 8.039802118537053843e-02 5.962676376877560497e-02 9.379836140191170069e-01 0.000000000000000000e+00 2.389622212107419402e-03 0.000000000000000000e+00
2.040000000000000000e+02 8.159799165082382011e-02 6.360946745562130744e-02 9.330905780609922706e-01 0.000000000000000000e+00 3.299954483386436255e-03 0.000000000000000000e+00
2.070000000000000000e+02 8.279796211627710179e-02 6.964041875284478211e-02 9.260355029585798370e-01 0.000000000000000000e+00 4.324078288575329727e-03 0.000000000000000000e+00
2.100000000000000000e+02 8.399793258173038346e-02 7.646791078743742087e-02 9.182976786527082824e-01 0.000000000000000000e+00 5.234410559854347014e-03 0.000000000000000000e+00
2.130000000000000000e+02 8.519790304718366514e-02 8.887118798361401395e-02 9.056668183887118806e-01 0.000000000000000000e+00 5.461993627674101119e-03 0.000000000000000000e+00
2.160000000000000000e+02 8.639787351263694681e-02 9.638142922166591242e-02 8.981565771506599960e-01 0.000000000000000000e+00 5.461993627674101119e-03 0.000000000000000000e+00
2.190000000000000000e+02 8.759784397809022849e-02 9.877105143377332142e-02 8.964497041420118606e-01 0.000000000000000000e+00 4.779244424214838804e-03 0.000000000000000000e+00
2.220000000000000000e+02 8.879781444354351017e-02 1.063950842057350965e-01 8.867774237596722786e-01 0.000000000000000000e+00 6.827492034592626616e-03 0.000000000000000000e+00
2.250000000000000000e+02 8.999778490899679184e-02 1.109467455621301751e-01 8.818843878015475424e-01 0.000000000000000000e+00 7.168866636322257339e-03 0.000000000000000000e+00
2.280000000000000000e+02 9.119775537445007352e-02 1.201638598088302229e-01 8.710741920801092775e-01 0.000000000000000000e+00 8.761948111060537808e-03 0.000000000000000000e+00
2.310000000000000000e+02 9.239772583990335519e-02 1.234638142922166587e-01 8.683431952662722386e-01 0.000000000000000000e+00 8.192990441511151245e-03 0.000000000000000000e+00
2.340000000000000000e+02 9.359769630535663687e-02 1.274465179790623681e-01 8.639053254437869533e-01 0.000000000000000000e+00 8.648156577150659455e-03 0.000000000000000000e+00
2.370000000000000000e+02 9.479766677080991855e-02 1.310878470641784199e-01 8.596950386891215601e-01 0.000000000000000000e+00 9.217114246700046018e-03 0.000000000000000000e+00
2.400000000000000000e+02 9.599763723626320022e-02 1.424670004551661373e-01 8.479745106964041712e-01 0.000000000000000000e+00 9.558488848429677609e-03 0.000000000000000000e+00
2.430000000000000000e+02 9.719760770171648190e-02 1.537323623122439642e-01 8.355712335002275504e-01 0.000000000000000000e+00 1.069640418752844727e-02 0.000000000000000000e+00
2.460000000000000000e+02 9.839757816716998562e-02 1.614701866181156020e-01 8.261265361857077494e-01 0.000000000000000000e+00 1.240327719617660522e-02 0.000000000000000000e+00
2.490000000000000000e+02 9.959754863262326730e-02 1.688666363222576239e-01 8.171370050068275104e-01 0.000000000000000000e+00 1.399635867091488309e-02 0.000000000000000000e+00
2.520000000000000000e+02 1.007975190980765490e-01 1.824078288575330109e-01 8.024578971324533017e-01 0.000000000000000000e+00 1.513427401001365448e-02 0.000000000000000000e+00
2.550000000000000000e+02 1.019974895635298306e-01 1.919663177059626746e-01 7.916477014110150368e-01 0.000000000000000000e+00 1.638598088302230249e-02 0.000000000000000000e+00
2.580000000000000000e+02 1.031974600289831123e-01 1.982248520710059303e-01 7.844788347746927126e-01 0.000000000000000000e+00 1.729631315430131891e-02 0.000000000000000000e+00
2.610000000000000000e+02 1.043974304944363940e-01 2.052799271734183084e-01 7.745789713245334607e-01 0.000000000000000000e+00 2.014110150204824826e-02 0.000000000000000000e+00
2.640000000000000000e+02 1.055974009598896757e-01 2.107419208010923861e-01 7.690031861629494925e-01 0.000000000000000000e+00 2.025489303595812488e-02 0.000000000000000000e+00
2.670000000000000000e+02 1.067973714253429574e-01 2.208693673190714746e-01 7.596722803823395820e-01 0.000000000000000000e+00 1.945835229858898507e-02 0.000000000000000000e+00
2.700000000000000000e+02 1.079973418907962390e-01 2.271279016841147025e-01 7.509103322712790130e-01 0.000000000000000000e+00 2.196176604460628110e-02 0.000000000000000000e+00
2.730000000000000000e+02 1.091973123562495207e-01 2.467000455166135642e-01 7.306554392353209471e-01 0.000000000000000000e+00 2.264451524806554428e-02 0.000000000000000000e+00
2.760000000000000000e+02 1.103972828217028024e-01 2.606964041875284299e-01 7.140418752844788219e-01 0.000000000000000000e+00 2.526172052799271692e-02 0.000000000000000000e+00
2.790000000000000000e+02 1.115972532871560841e-01 2.734410559854346667e-01 6.991351843422849432e-01 0.000000000000000000e+00 2.742375967228038308e-02 0.000000000000000000e+00
2.820000000000000000e+02 1.127972237526093657e-01 2.837960855712334807e-01 6.861629494765589810e-01 1.137915339098771066e-04 2.992717341829767910e-02 0.000000000000000000e+00
2.850000000000000000e+02 1.139971942180626474e-01 2.892580791989076139e-01 6.767182521620391800e-01 2.275830678197542133e-04 3.379608557123350149e-02 0.000000000000000000e+00
2.880000000000000000e+02 1.151971646835159291e-01 3.059854346836595185e-01 6.580564406008192480e-01 2.275830678197542133e-04 3.573054164770141095e-02 0.000000000000000000e+00
2.910000000000000000e+02 1.163971351489692108e-01 3.268092853891670369e-01 6.345015930814746907e-01 1.137915339098771066e-04 3.857532999544834029e-02 0.000000000000000000e+00
2.940000000000000000e+02 1.175971056144224924e-01 3.492262175694128556e-01 6.076467910787437532e-01 1.137915339098771066e-04 4.301319981793354230e-02 0.000000000000000000e+00
2.970000000000000000e+02 1.187970760798757741e-01 3.716431497496586189e-01 5.827264451524806210e-01 2.275830678197542133e-04 4.540282203004096517e-02 0.000000000000000000e+00
3.000000000000000000e+02 1.199970465453290558e-01 3.826809285389167203e-01 5.711197086936732337e-01 2.275830678197542133e-04 4.597177969959034827e-02 0.000000000000000000e+00
3.030000000000000000e+02 1.211970170107823375e-01 3.953117888029130667e-01 5.570095584888484774e-01 1.137915339098771066e-04 4.756486117432862787e-02 0.000000000000000000e+00
3.060000000000000000e+02 1.223969874762356191e-01 4.062357760582612776e-01 5.439235320892125136e-01 1.137915339098771066e-04 4.972690031861629750e-02 0.000000000000000000e+00
3.090000000000000000e+02 1.235969579416889008e-01 4.193218024578971304e-01 5.273099681383704995e-01 2.275830678197542133e-04 5.314064633591260994e-02 0.000000000000000000e+00
3.120000000000000000e+02 1.247969284071421825e-01 4.359353664087392000e-01 5.106964041875284854e-01 3.413746017296313199e-04 5.302685480200273332e-02 0.000000000000000000e+00
3.150000000000000000e+02 1.259968988725954642e-01 4.576695493855257313e-01 4.841829767865271084e-01 6.827492034592626399e-04 5.746472462448793533e-02 0.000000000000000000e+00
3.180000000000000000e+02 1.271968693380489679e-01 4.707555757851615841e-01 4.689349112426035582e-01 6.827492034592626399e-04 5.962676376877560497e-02 0.000000000000000000e+00
3.210000000000000000e+02 1.283968398035022496e-01 4.927173418297678409e-01 4.450386891215293850e-01 5.689576695493854790e-04 6.167501137915339104e-02 0.000000000000000000e+00
3.240000000000000000e+02 1.295968102689555312e-01 5.029585798816568198e-01 4.318388711879836417e-01 4.551661356395084266e-04 6.474738279472007363e-02 0.000000000000000000e+00
3.270000000000000000e+02 1.307967807344088129e-01 5.166135639508420141e-01 4.119253527537551363e-01 1.024123805188893906e-03 7.043695949021393232e-02 0.000000000000000000e+00
3.300000000000000000e+02 1.319967511998620946e-01 5.351615839781520556e-01 3.880291306326809075e-01 7.965407373691396923e-04 7.601274465179790052e-02 0.000000000000000000e+00
3.330000000000000000e+02 1.331967216653153763e-01 5.517751479289940697e-01 3.635639508420573374e-01 1.024123805188893906e-03 8.363677742375967561e-02 0.000000000000000000e+00
3.360000000000000000e+02 1.343966921307686579e-01 5.616750113791534327e-01 3.468365953573054328e-01 1.251706873008648227e-03 9.023668639053254725e-02 0.000000000000000000e+00
3.390000000000000000e+02 1.355966625962219396e-01 5.747610377787892855e-01 3.301092398725534727e-01 1.706873008648156654e-03 9.342284934000910646e-02 0.000000000000000000e+00
3.420000000000000000e+02 1.367966330616752213e-01 5.897815202548930547e-01 3.100819299044151323e-01 1.593081474738279385e-03 9.854346836595356818e-02 0.000000000000000000e+00
3.450000000000000000e+02 1.379966035271285030e-01 6.008192990441511006e-01 2.942649066909421851e-01 2.275830678197541916e-03 1.026399635867091542e-01 0.000000000000000000e+00
3.480000000000000000e+02 1.391965739925817847e-01 6.127674101046881594e-01 2.765134274010013771e-01 2.275830678197541916e-03 1.084433318161128756e-01 0.000000000000000000e+00
3.510000000000000000e+02 1.403965444580350663e-01 6.241465634956758768e-01 2.602412380518889234e-01 2.275830678197541916e-03 1.133363677742375980e-01 0.000000000000000000e+00
3.540000000000000000e+02 1.415965149234883480e-01 6.367774237596722786e-01 2.455621301775147980e-01 2.617205279927173507e-03 1.150432407828857473e-01 0.000000000000000000e+00
3.570000000000000000e+02 1.427964853889416297e-01 6.469048702776513116e-01 2.309968138370505353e-01 2.844788347746927612e-03 1.192535275375512099e-01 0.000000000000000000e+00
3.600000000000000000e+02 1.439964558543949114e-01 6.568047337278106745e-01 2.155211652253072319e-01 2.958579881656804664e-03 1.247155211652253015e-01 0.000000000000000000e+00
3.630000000000000000e+02 1.451964263198481930e-01 6.593081474738279324e-01 2.024351388256713791e-01 4.210286754665453109e-03 1.340464269458352398e-01 0.000000000000000000e+00
3.660000000000000000e+02 1.463963967853014747e-01 6.612426035502958488e-01 1.927628584433318248e-01 4.324078288575329727e-03 1.416704597177969871e-01 0.000000000000000000e+00
3.690000000000000000e+02 1.475963672507547564e-01 6.702321347291761988e-01 1.816112881201638607e-01 4.893035958124715423e-03 1.432635411925352875e-01 0.000000000000000000e+00
3.720000000000000000e+02 1.487963377162080381e-01 6.752389622212107145e-01 1.709148839326354030e-01 5.120619025944469528e-03 1.487255348202093652e-01 0.000000000000000000e+00
3.750000000000000000e+02 1.499963081816613197e-01 6.770596267637687404e-01 1.626081019572143960e-01 7.055075102412380721e-03 1.532771961766044577e-01 0.000000000000000000e+00
3.780000000000000000e+02 1.511962786471146014e-01 6.855939918070095285e-01 1.511151570323167881e-01 8.420573509330906217e-03 1.548702776513427304e-01 0.000000000000000000e+00
3.810000000000000000e+02 1.523962491125678831e-01 6.933318161128811941e-01 1.403049613108784677e-01 9.103322712790167665e-03 1.572598998634501533e-01 0.000000000000000000e+00
3.840000000000000000e+02 1.535962195780211648e-01 6.989076012744651623e-01 1.323395539371870766e-01 1.058261265361857065e-02 1.581702321347291662e-01 0.000000000000000000e+00
3.870000000000000000e+02 1.547961900434746685e-01 7.099453800637232082e-01 1.219845243513882627e-01 9.672280382339554228e-03 1.583978152025489194e-01 0.000000000000000000e+00
3.900000000000000000e+02 1.559961605089279502e-01 7.168866636322257513e-01 1.124260355029585851e-01 9.444697314519799256e-03 1.612426035502958488e-01 0.000000000000000000e+00
3.930000000000000000e+02 1.571961309743812318e-01 7.224624487938097195e-01 1.053709604005461931e-01 8.989531178880291046e-03 1.631770596267637652e-01 0.000000000000000000e+00
3.960000000000000000e+02 1.583961014398345135e-01 7.280382339553936877e-01 9.922621756941284177e-02 9.558488848429677609e-03 1.631770596267637652e-01 0.000000000000000000e+00
3.990000000000000000e+02 1.595960719052877952e-01 7.324761037778789730e-01 9.296768320436959998e-02 9.786071916249430847e-03 1.647701411015020379e-01 0.000000000000000000e+00
4.020000000000000000e+02 1.607960423707410769e-01 7.346381429221665593e-01 8.750568957669549452e-02 1.183431952662721866e-02 1.660218479745106945e-01 0.000000000000000000e+00
4.050000000000000000e+02 1.619960128361943585e-01 7.420345926263085534e-01 8.170232134729175921e-02 1.251706873008648184e-02 1.637460172963131622e-01 0.000000000000000000e+00
4.080000000000000000e+02 1.631959833016476402e-01 7.403277196176604180e-01 8.056440600819299303e-02 1.126536185707783383e-02 1.678425125170687204e-01 0.000000000000000000e+00
4.110000000000000000e+02 1.643959537671009219e-01 7.470414201183431802e-01 7.407828857532999800e-02 1.194811106053709528e-02 1.669321802457897075e-01 0.000000000000000000e+00
4.140000000000000000e+02 1.655959242325542036e-01 7.521620391442876974e-01 6.929904415111515226e-02 1.149294492489758707e-02 1.670459717796995980e-01 0.000000000000000000e+00
4.170000000000000000e+02 1.667958946980074852e-01 7.569412835685025431e-01 6.520254893035958010e-02 1.115157032316795548e-02 1.667045971779699542e-01 0.000000000000000000e+00
4.200000000000000000e+02 1.679958651634607669e-01 7.601274465179790329e-01 6.281292671825215723e-02 1.274465179790623508e-02 1.643149749658625314e-01 0.000000000000000000e+00
4.230000000000000000e+02 1.691958356289140486e-01 7.630860263996358528e-01 6.133363677742376119e-02 1.479289940828402289e-02 1.607874374146563423e-01 0.000000000000000000e+00
4.260000000000000000e+02 1.703958060943673303e-01 7.637687756030950847e-01 5.905780609922621494e-02 1.593081474738279601e-02 1.612426035502958488e-01 0.000000000000000000e+00
4.290000000000000000e+02 1.715957765598206120e-01 7.684342284934000400e-01 5.393718707328174627e-02 1.684114701866181243e-02 1.607874374146563423e-01 0.000000000000000000e+00
4.320000000000000000e+02 1.727957470252738936e-01 7.684342284934000400e-01 5.211652253072371344e-02 1.684114701866181243e-02 1.626081019572143960e-01 0.000000000000000000e+00
4.350000000000000000e+02 1.739957174907271753e-01 7.746927628584433512e-01 4.790623577605826466e-02 1.672735548475193582e-02 1.606736458807464796e-01 0.000000000000000000e+00
4.380000000000000000e+02 1.751956879561804570e-01 7.799271734182976479e-01 4.619936276741010150e-02 1.797906235776058209e-02 1.558944014565316338e-01 0.000000000000000000e+00
4.410000000000000000e+02 1.763956584216337387e-01 7.860719162494310686e-01 4.426490669094219205e-02 1.809285389167045871e-02 1.515703231679562946e-01 0.000000000000000000e+00
4.440000000000000000e+02 1.775956288870870203e-01 7.905097860719162428e-01 4.312699135184342586e-02 1.763768775603095224e-02 1.487255348202093652e-01 0.000000000000000000e+00
4.470000000000000000e+02 1.787955993525403020e-01 7.885753299954483264e-01 4.415111515703231543e-02 1.957214383249886169e-02 1.477014110150204895e-01 0.000000000000000000e+00
4.500000000000000000e+02 1.799955698179935837e-01 7.963131543013199920e-01 4.324078288575330248e-02 1.979972690031861493e-02 1.406463359126081114e-01 0.000000000000000000e+00
4.530000000000000000e+02 1.811955402834468654e-01 8.034820209376422051e-01 4.016841147018661989e-02 2.048247610377787811e-02 1.358670914883932657e-01 0.000000000000000000e+00
4.560000000000000000e+02 1.823955107489001470e-01 8.033682294037323146e-01 3.868912152935821691e-02 2.196176604460628110e-02 1.359808830223031284e-01 0.000000000000000000e+00
4.590000000000000000e+02 1.835954812143536508e-01 8.034820209376422051e-01 3.880291306326809353e-02 2.253072371415566766e-02 1.351843422849340060e-01 0.000000000000000000e+00
4.620000000000000000e+02 1.847954516798069324e-01 8.072371415566681474e-01 3.732362312243969055e-02 2.355484751934456070e-02 1.318843878015475701e-01 0.000000000000000000e+00
4.650000000000000000e+02 1.859954221452602141e-01 8.086026399635867223e-01 3.959945380063722986e-02 2.423759672280382388e-02 1.275603095129722309e-01 0.000000000000000000e+00
4.680000000000000000e+02 1.871953926107134958e-01 8.099681383705051863e-01 3.720983158852981393e-02 2.446517979062357712e-02 1.283568502503413811e-01 0.000000000000000000e+00
4.710000000000000000e+02 1.883953630761667775e-01 8.138370505234410190e-01 3.675466545289030745e-02 2.492034592626308706e-02 1.244879380974055483e-01 0.000000000000000000e+00
4.740000000000000000e+02 1.895953335416200591e-01 8.220300409649522466e-01 3.299954483386435822e-02 2.389622212107419055e-02 1.210741920801092358e-01 0.000000000000000000e+00
4.770000000000000000e+02 1.907953040070733408e-01 8.293126991351843502e-01 3.243058716431497512e-02 2.241693218024579104e-02 1.158397815202548975e-01 0.000000000000000000e+00
4.800000000000000000e+02 1.919952744725266225e-01 8.302230314064633632e-01 3.140646335912607862e-02 2.275830678197542090e-02 1.156121984524351443e-01 0.000000000000000000e+00
4.830000000000000000e+02 1.931952449379799042e-01 8.315885298133819381e-01 3.152025489303595523e-02 2.412380518889394726e-02 1.127674101046882149e-01 0.000000000000000000e+00
4.860000000000000000e+02 1.943952154034331858e-01 8.356850250341374409e-01 3.117888029130632538e-02 2.446517979062357712e-02 1.086709148839326289e-01 0.000000000000000000e+00
4.890000000000000000e+02 1.955951858688864675e-01 8.412608101957214091e-01 3.106508875739644876e-02 2.389622212107419055e-02 1.037778789258079204e-01 0.000000000000000000e+00
4.920000000000000000e+02 1.967951563343397492e-01 8.453573054164770229e-01 3.095129722348657214e-02 2.287209831588529751e-02 1.008192990441511144e-01 0.000000000000000000e+00
4.950000000000000000e+02 1.979951267997930309e-01 8.476331360946746107e-01 2.992717341829767910e-02 2.492034592626308706e-02 9.751934456076467861e-02 0.000000000000000000e+00
4.980000000000000000e+02 1.991950972652463125e-01 8.508192990441511006e-01 2.935821574874829254e-02 2.457897132453345374e-02 9.524351388256713236e-02 0.000000000000000000e+00
5.010000000000000000e+02 2.003950677306995942e-01 8.522985889849795660e-01 2.890304961310878606e-02 2.401001365498407064e-02 9.478834774692762588e-02 0.000000000000000000e+00
5.040000000000000000e+02 2.015950381961528759e-01 8.581019572143832042e-01 2.730996813837050646e-02 2.366863905325443732e-02 9.091943559399180697e-02 0.000000000000000000e+00
5.070000000000000000e+02 2.027950086616061576e-01 8.586709148839326566e-01 2.742375967228038308e-02 2.446517979062357712e-02 8.944014565316341092e-02 0.000000000000000000e+00
5.100000000000000000e+02 2.039949791270594393e-01 8.629949931725079404e-01 2.674101046882111990e-02 2.469276285844333035e-02 8.545744196631770151e-02 1.137915339098771066e-04
5.130000000000000000e+02 2.051949495925127209e-01 8.644742831133364058e-01 2.639963586709149004e-02 2.583067819754210348e-02 8.318161128812016913e-02 1.137915339098771066e-04
5.160000000000000000e+02 2.063949200579660026e-01 8.690259444697314706e-01 2.560309512972235024e-02 2.662721893491124328e-02 7.862994993172507663e-02 1.137915339098771066e-04
5.190000000000000000e+02 2.075948905234192843e-01 8.714155666818388379e-01 2.423759672280382388e-02 2.605826126536185672e-02 7.817478379608557015e-02 1.137915339098771066e-04
5.220000000000000000e+02 2.087948609888725660e-01 8.756258534365043422e-01 2.309968138370505075e-02 2.514792899408284030e-02 7.601274465179790052e-02 1.137915339098771066e-04
5.250000000000000000e+02 2.099948314543258476e-01 8.794947655894401750e-01 2.344105598543468408e-02 2.537551206190259354e-02 7.157487482931269851e-02 1.137915339098771066e-04
5.280000000000000000e+02 2.111948019197793514e-01 8.842740100136550208e-01 2.298588984979517413e-02 2.378243058716431393e-02 6.895766954938552240e-02 0.000000000000000000e+00
5.310000000000000000e+02 2.123947723852326330e-01 8.900773782430587699e-01 2.162039144287665124e-02 2.332726445152480746e-02 6.497496586253982687e-02 0.000000000000000000e+00
5.340000000000000000e+02 2.135947428506859147e-01 8.920118343195265753e-01 2.230314064633591095e-02 2.355484751934456070e-02 6.213017751479289752e-02 0.000000000000000000e+00
5.370000000000000000e+02 2.147947133161391964e-01 8.930359581247154788e-01 2.150659990896677115e-02 2.332726445152480746e-02 6.213017751479289752e-02 0.000000000000000000e+00
5.400000000000000000e+02 2.159946837815924781e-01 8.936049157942649313e-01 2.048247610377787811e-02 2.503413746017296368e-02 6.087847064178425471e-02 0.000000000000000000e+00
5.430000000000000000e+02 2.171946542470457597e-01 8.980427856167501055e-01 2.162039144287665124e-02 2.503413746017296368e-02 5.530268548020027264e-02 0.000000000000000000e+00
5.460000000000000000e+02 2.183946247124990414e-01 8.965634956759217511e-01 2.173418297678652786e-02 2.719617660446062984e-02 5.450614474283113631e-02 0.000000000000000000e+00
5.490000000000000000e+02 2.195945951779523231e-01 8.999772416932180219e-01 2.093764223941738806e-02 2.799271734182976618e-02 5.109239872553481693e-02 0.000000000000000000e+00
5.520000000000000000e+02 2.207945656434056048e-01 9.019116977696859383e-01 2.173418297678652786e-02 2.674101046882111990e-02 4.961310878470642088e-02 0.000000000000000000e+00
5.550000000000000000e+02 2.219945361088588864e-01 9.047564861174328676e-01 2.071005917159763482e-02 2.719617660446062984e-02 4.733727810650887463e-02 0.000000000000000000e+00
5.580000000000000000e+02 2.231945065743121681e-01 9.033909877105142927e-01 2.139280837505689453e-02 2.753755120619025970e-02 4.767865270823850449e-02 0.000000000000000000e+00
5.610000000000000000e+02 2.243944770397654498e-01 9.080564406008192480e-01 1.979972690031861493e-02 2.617205279927173334e-02 4.597177969959034827e-02 0.000000000000000000e+00
5.640000000000000000e+02 2.255944475052187315e-01 9.079426490669094685e-01 2.025489303595812488e-02 2.571688666363222686e-02 4.608557123350022489e-02 0.000000000000000000e+00
5.670000000000000000e+02 2.267944179706720131e-01 9.115839781520255203e-01 1.900318616294947513e-02 2.639963586709149004e-02 4.301319981793354230e-02 0.000000000000000000e+00
5.700000000000000000e+02 2.279943884361252948e-01 9.099908966772871644e-01 1.866181156121984527e-02 2.685480200273099652e-02 4.449248975876194528e-02 0.000000000000000000e+00
5.730000000000000000e+02 2.291943589015785765e-01 9.126081019572144237e-01 1.866181156121984527e-02 2.685480200273099652e-02 4.176149294492489950e-02 1.137915339098771066e-04
5.760000000000000000e+02 2.303943293670318582e-01 9.144287664997724496e-01 1.877560309512972189e-02 2.469276285844333035e-02 4.210286754665452935e-02 0.000000000000000000e+00
5.790000000000000000e+02 2.315942998324851398e-01 9.161356395084205850e-01 1.911697769685935522e-02 2.412380518889394726e-02 4.062357760582612637e-02 0.000000000000000000e+00
5.820000000000000000e+02 2.327942702979384215e-01 9.172735548475193790e-01 1.923076923076923184e-02 2.492034592626308706e-02 3.857532999544834029e-02 0.000000000000000000e+00
5.850000000000000000e+02 2.339942407633917032e-01 9.164770141101502565e-01 1.820664542558033533e-02 2.560309512972235024e-02 3.971324533454710648e-02 0.000000000000000000e+00
5.880000000000000000e+02 2.351942112288449849e-01 9.198907601274465273e-01 1.684114701866181243e-02 2.514792899408284030e-02 3.812016385980882688e-02 0.000000000000000000e+00
5.910000000000000000e+02 2.363941816942982665e-01 9.212562585343649912e-01 1.706873008648156567e-02 2.685480200273099652e-02 3.482020937642239106e-02 0.000000000000000000e+00
5.940000000000000000e+02 2.375941521597515482e-01 9.188666363222576239e-01 1.797906235776058209e-02 2.548930359581247015e-02 3.755120619025944378e-02 1.137915339098771066e-04
5.970000000000000000e+02 2.387941226252048299e-01 9.220527992717342247e-01 1.684114701866181243e-02 2.457897132453345374e-02 3.641329085116067066e-02 1.137915339098771066e-04
6.000000000000000000e+02 2.399940930906583336e-01 9.215976331360946627e-01 1.888939462903959851e-02 2.401001365498407064e-02 3.538916704597178109e-02 1.137915339098771066e-04
6.030000000000000000e+02 2.411940635561116153e-01 9.231907146108329076e-01 1.695493855257168905e-02 2.628584433318160996e-02 3.356850250341374825e-02 0.000000000000000000e+00
6.060000000000000000e+02 2.423940340215648970e-01 9.267182521620391800e-01 1.581702321347291593e-02 2.594446973145198010e-02 3.152025489303595523e-02 0.000000000000000000e+00
6.090000000000000000e+02 2.435940044870181787e-01 9.305871643149750128e-01 1.445152480655439303e-02 2.480655439235321044e-02 3.015475648611743234e-02 0.000000000000000000e+00
6.120000000000000000e+02 2.447939749524714603e-01 9.283113336367774249e-01 1.513427401001365448e-02 2.401001365498407064e-02 3.243058716431497512e-02 1.137915339098771066e-04
6.150000000000000000e+02 2.459939454179247420e-01 9.289940828402366568e-01 1.467910787437414627e-02 2.423759672280382388e-02 3.197542102867546865e-02 1.137915339098771066e-04
6.180000000000000000e+02 2.471939158833780237e-01 9.291078743741465473e-01 1.467910787437414627e-02 2.355484751934456070e-02 3.265817023213472836e-02 0.000000000000000000e+00
6.210000000000000000e+02 2.483938863488313054e-01 9.293354574419663283e-01 1.513427401001365448e-02 2.366863905325443732e-02 3.186162949476559203e-02 0.000000000000000000e+00
6.240000000000000000e+02 2.495938568142845870e-01 9.324078288575330387e-01 1.536185707783340945e-02 2.127901684114701791e-02 3.095129722348657214e-02 0.000000000000000000e+00
6.270000000000000000e+02 2.507938272797378687e-01 9.352526172052799680e-01 1.479289940828402289e-02 2.127901684114701791e-02 2.867546654528902936e-02 0.000000000000000000e+00
6.300000000000000000e+02 2.519937977451911504e-01 9.418525261720528396e-01 1.433773327264451468e-02 1.979972690031861493e-02 2.401001365498407064e-02 0.000000000000000000e+00
6.330000000000000000e+02 2.531937682106444321e-01 9.399180700955849233e-01 1.342740100136549826e-02 2.127901684114701791e-02 2.537551206190259354e-02 0.000000000000000000e+00
6.360000000000000000e+02 2.543937386760977137e-01 9.400318616294948137e-01 1.342740100136549826e-02 2.105143377332726468e-02 2.548930359581247015e-02 0.000000000000000000e+00
6.390000000000000000e+02 2.555937091415509954e-01 9.394629039599453613e-01 1.365498406918525323e-02 2.093764223941738806e-02 2.594446973145198010e-02 0.000000000000000000e+00
6.420000000000000000e+02 2.567936796070042771e-01 9.403732362312243742e-01 1.308602639963586667e-02 2.059626763768775473e-02 2.594446973145198010e-02 0.000000000000000000e+00
6.450000000000000000e+02 2.579936500724575588e-01 9.402594446973144837e-01 1.297223486572599005e-02 2.127901684114701791e-02 2.548930359581247015e-02 0.000000000000000000e+00
6.480000000000000000e+02 2.591936205379108404e-01 9.418525261720528396e-01 1.206190259444697363e-02 2.150659990896677115e-02 2.457897132453345374e-02 0.000000000000000000e+00
6.510000000000000000e+02 2.603935910033641221e-01 9.432180245789713036e-01 1.115157032316795548e-02 2.105143377332726468e-02 2.446517979062357712e-02 1.137915339098771066e-04
6.540000000000000000e+02 2.615935614688174038e-01 9.454938552571688914e-01 1.024123805188893906e-02 2.036868456986800149e-02 2.389622212107419055e-02 0.000000000000000000e+00
6.570000000000000000e+02 2.627935319342706855e-01 9.454938552571688914e-01 1.024123805188893906e-02 2.116522530723714129e-02 2.309968138370505075e-02 0.000000000000000000e+00
6.600000000000000000e+02 2.639935023997239671e-01 9.446973145197997690e-01 1.069640418752844727e-02 2.264451524806554428e-02 2.196176604460628110e-02 0.000000000000000000e+00
6.630000000000000000e+02 2.651934728651772488e-01 9.474283113336368078e-01 9.899863450159307465e-03 2.241693218024579104e-02 2.025489303595812488e-02 0.000000000000000000e+00
6.660000000000000000e+02 2.663934433306305305e-01 9.489076012744651623e-01 9.786071916249430847e-03 2.173418297678652786e-02 1.957214383249886169e-02 0.000000000000000000e+00
6.690000000000000000e+02 2.675934137960840342e-01 9.468593536640873554e-01 1.058261265361857065e-02 2.207555757851615771e-02 2.036868456986800149e-02 1.137915339098771066e-04
6.720000000000000000e+02 2.687933842615373159e-01 9.491351843422849432e-01 9.899863450159307465e-03 2.139280837505689453e-02 1.957214383249886169e-02 0.000000000000000000e+00
6.750000000000000000e+02 2.699933547269905976e-01 9.519799726900318726e-01 1.024123805188893906e-02 1.991351843422849502e-02 1.786527082385070547e-02 0.000000000000000000e+00
6.780000000000000000e+02 2.711933251924438792e-01 9.530040964952207760e-01 1.001365498406918582e-02 2.048247610377787811e-02 1.649977241693217911e-02 0.000000000000000000e+00
6.810000000000000000e+02 2.723932956578971609e-01 9.540282203004096795e-01 1.012744651797906244e-02 1.968593536640873831e-02 1.615839781520254925e-02 0.000000000000000000e+00
