# itime ezz other fcc hcp bcc ico
0.000000000000000000e+00 0.000000000000000000e+00 1.137915339098770958e-03 9.988620846609012061e-01 0.000000000000000000e+00 0.000000000000000000e+00 0.000000000000000000e+00
2.500000000000000000e+01 1.000026674114140590e-03 4.551661356395084266e-04 9.995448338643604380e-01 0.000000000000000000e+00 0.000000000000000000e+00 0.000000000000000000e+00
5.000000000000000000e+01 2.000053348228281180e-03 1.706873008648156654e-03 9.982931269913518646e-01 0.000000000000000000e+00 0.000000000000000000e+00 0.000000000000000000e+00
7.500000000000000000e+01 3.000080022342421771e-03 7.965407373691396923e-04 9.992034592626308775e-01 0.000000000000000000e+00 0.000000000000000000e+00 0.000000000000000000e+00
1.000000000000000000e+02 4.000106696456562361e-03 1.251706873008648227e-03 9.986345015930814251e-01 0.000000000000000000e+00 1.137915339098771066e-04 0.000000000000000000e+00
1.250000000000000000e+02 5.000133370570702951e-03 6.827492034592626399e-04 9.993172507965407680e-01 0.000000000000000000e+00 0.000000000000000000e+00 0.000000000000000000e+00
1.500000000000000000e+02 6.000160044684843541e-03 3.413746017296313199e-04 9.996586253982703285e-01 0.000000000000000000e+00 0.000000000000000000e+00 0.000000000000000000e+00
1.750000000000000000e+02 7.000186718798984131e-03 2.958579881656804664e-03 9.970414201183431802e-01 0.000000000000000000e+00 0.000000000000000000e+00 0.000000000000000000e+00
2.000000000000000000e+02 8.000213392913124721e-03 1.024123805188893906e-03 9.989758761948110966e-01 0.000000000000000000e+00 0.000000000000000000e+00 0.000000000000000000e+00
2.250000000000000000e+02 9.000240067027265312e-03 6.827492034592626399e-04 9.993172507965407680e-01 0.000000000000000000e+00 0.000000000000000000e+00 0.000000000000000000e+00
2.500000000000000000e+02 1.000026674114140590e-02 2.389622212107419402e-03 9.976103777878926326e-01 0.000000000000000000e+00 0.000000000000000000e+00 0.000000000000000000e+00
2.750000000000000000e+02 1.100029341525554649e-02 7.965407373691396923e-04 9.992034592626308775e-01 0.000000000000000000e+00 0.000000000000000000e+00 0.000000000000000000e+00
3.000000000000000000e+02 1.200032008936968708e-02 1.934456076467910759e-03 9.979517523896221931e-01 0.000000000000000000e+00 1.137915339098771066e-04 0.000000000000000000e+00
3.250000000000000000e+02 1.300034676348382767e-02 1.593081474738279385e-03 9.984069185252617551e-01 0.000000000000000000e+00 0.000000000000000000e+00 0.000000000000000000e+00
3.500000000000000000e+02 1.400037343759796826e-02 1.365498406918525280e-03 9.986345015930814251e-01 0.000000000000000000e+00 0.000000000000000000e+00 0.000000000000000000e+00
3.750000000000000000e+02 1.500040011171210885e-02 1.934456076467910759e-03 9.980655439235320836e-01 0.000000000000000000e+00 0.000000000000000000e+00 0.000000000000000000e+00
4.000000000000000000e+02 1.600042678582624944e-02 2.503413746017296455e-03 9.973827947200728516e-01 0.000000000000000000e+00 1.137915339098771066e-04 0.000000000000000000e+00
4.250000000000000000e+02 1.700045345994039003e-02 1.024123805188893906e-03 9.989758761948110966e-01 0.000000000000000000e+00 0.000000000000000000e+00 0.000000000000000000e+00
4.500000000000000000e+02 1.800048013405453062e-02 2.389622212107419402e-03 9.974965862539827421e-01 0.000000000000000000e+00 1.137915339098771066e-04 0.000000000000000000e+00
4.750000000000000000e+02 1.900050680816867121e-02 2.730996813837050560e-03 9.969276285844332897e-01 0.000000000000000000e+00 3.413746017296313199e-04 0.000000000000000000e+00
5.000000000000000000e+02 2.000053348228281180e-02 1.024123805188893906e-03 9.989758761948110966e-01 0.000000000000000000e+00 0.000000000000000000e+00 0.000000000000000000e+00
5.250000000000000000e+02 2.100056015639695239e-02 1.251706873008648227e-03 9.987482931269913156e-01 0.000000000000000000e+00 0.000000000000000000e+00 0.000000000000000000e+00
5.500000000000000000e+02 2.200058683051109298e-02 2.730996813837050560e-03 9.972690031861629611e-01 0.000000000000000000e+00 0.000000000000000000e+00 0.000000000000000000e+00
5.750000000000000000e+02 2.300061350462523357e-02 3.072371415566681717e-03 9.965862539827037292e-01 0.000000000000000000e+00 3.413746017296313199e-04 0.000000000000000000e+00
6.000000000000000000e+02 2.400064017873937416e-02 1.593081474738279385e-03 9.984069185252617551e-01 0.000000000000000000e+00 0.000000000000000000e+00 0.000000000000000000e+00
6.250000000000000000e+02 2.500066685285351475e-02 1.934456076467910759e-03 9.980655439235320836e-01 0.000000000000000000e+00 0.000000000000000000e+00 0.000000000000000000e+00
6.500000000000000000e+02 2.600069352696765534e-02 2.730996813837050560e-03 9.972690031861629611e-01 0.000000000000000000e+00 0.000000000000000000e+00 0.000000000000000000e+00
6.750000000000000000e+02 2.700072020108179593e-02 3.868912152935821518e-03 9.960172963131542767e-01 0.000000000000000000e+00 1.137915339098771066e-04 0.000000000000000000e+00
7.000000000000000000e+02 2.800074687519593652e-02 3.641329085116067413e-03 9.961310878470641672e-01 0.000000000000000000e+00 2.275830678197542133e-04 0.000000000000000000e+00
7.250000000000000000e+02 2.900077354931007712e-02 4.551661356395083832e-03 9.954483386436049352e-01 0.000000000000000000e+00 0.000000000000000000e+00 0.000000000000000000e+00
7.500000000000000000e+02 3.000080022342421771e-02 1.820664542558033706e-03 9.981793354574419741e-01 0.000000000000000000e+00 0.000000000000000000e+00 0.000000000000000000e+00
7.750000000000000000e+02 3.100082689753835830e-02 2.617205279927173507e-03 9.973827947200728516e-01 0.000000000000000000e+00 0.000000000000000000e+00 0.000000000000000000e+00
8.000000000000000000e+02 3.200085357165249889e-02 5.461993627674101119e-03 9.945380063723259223e-01 0.000000000000000000e+00 0.000000000000000000e+00 0.000000000000000000e+00
8.250000000000000000e+02 3.300088024576663948e-02 4.665452890304961318e-03 9.952207555757851543e-01 0.000000000000000000e+00 1.137915339098771066e-04 0.000000000000000000e+00
8.500000000000000000e+02 3.400090691988078007e-02 4.324078288575329727e-03 9.956759217114247162e-01 0.000000000000000000e+00 0.000000000000000000e+00 0.000000000000000000e+00
8.750000000000000000e+02 3.500093359399492066e-02 3.072371415566681717e-03 9.968138370505233992e-01 0.000000000000000000e+00 1.137915339098771066e-04 0.000000000000000000e+00
9.000000000000000000e+02 3.600096026810906125e-02 4.551661356395083832e-03 9.952207555757851543e-01 0.000000000000000000e+00 2.275830678197542133e-04 0.000000000000000000e+00
9.250000000000000000e+02 3.700098694222320184e-02 5.348202093764223633e-03 9.941966317705962508e-01 0.000000000000000000e+00 4.551661356395084266e-04 0.000000000000000000e+00
9.500000000000000000e+02 3.800101361633734243e-02 5.006827492034592909e-03 9.948793809740554828e-01 0.000000000000000000e+00 1.137915339098771066e-04 0.000000000000000000e+00
9.750000000000000000e+02 3.900104029045148302e-02 6.486117432862995025e-03 9.934000910332271284e-01 0.000000000000000000e+00 1.137915339098771066e-04 0.000000000000000000e+00
1.000000000000000000e+03 4.000106696456562361e-02 7.624032771961766417e-03 9.922621756941283344e-01 0.000000000000000000e+00 1.137915339098771066e-04 0.000000000000000000e+00
1.025000000000000000e+03 4.100109363867976420e-02 7.282658170232134826e-03 9.924897587619481154e-01 0.000000000000000000e+00 2.275830678197542133e-04 0.000000000000000000e+00
1.050000000000000000e+03 4.200112031279390479e-02 1.058261265361857065e-02 9.890760127446518446e-01 0.000000000000000000e+00 3.413746017296313199e-04 0.000000000000000000e+00
1.075000000000000000e+03 4.300114698690804538e-02 6.030951297223486815e-03 9.938552571688666903e-01 0.000000000000000000e+00 1.137915339098771066e-04 0.000000000000000000e+00
1.100000000000000000e+03 4.400117366102218597e-02 1.103777878925807886e-02 9.889622212107419541e-01 0.000000000000000000e+00 0.000000000000000000e+00 0.000000000000000000e+00
1.125000000000000000e+03 4.500120033513632656e-02 6.486117432862995025e-03 9.930587164314974569e-01 0.000000000000000000e+00 4.551661356395084266e-04 0.000000000000000000e+00
1.150000000000000000e+03 4.600122700925046715e-02 1.217569412835685025e-02 9.875967228038233792e-01 0.000000000000000000e+00 2.275830678197542133e-04 0.000000000000000000e+00
1.175000000000000000e+03 4.700125368336460774e-02 9.786071916249430847e-03 9.898725534820209671e-01 0.000000000000000000e+00 3.413746017296313199e-04 0.000000000000000000e+00
1.200000000000000000e+03 4.800128035747874833e-02 1.046882111970869403e-02 9.888484296768320636e-01 0.000000000000000000e+00 6.827492034592626399e-04 0.000000000000000000e+00
1.225000000000000000e+03 4.900130703159288892e-02 1.627218934911242587e-02 9.829312699135184239e-01 0.000000000000000000e+00 7.965407373691396923e-04 0.000000000000000000e+00
1.250000000000000000e+03 5.000133370570702951e-02 1.627218934911242587e-02 9.829312699135184239e-01 0.000000000000000000e+00 7.965407373691396923e-04 0.000000000000000000e+00
1.275000000000000000e+03 5.100136037982117010e-02 1.513427401001365448e-02 9.836140191169776559e-01 0.000000000000000000e+00 1.251706873008648227e-03 0.000000000000000000e+00
1.300000000000000000e+03 5.200138705393531069e-02 1.422394173873463806e-02 9.853208921256259023e-01 0.000000000000000000e+00 4.551661356395084266e-04 0.000000000000000000e+00
1.325000000000000000e+03 5.300141372804945128e-02 2.150659990896677115e-02 9.778106508875740177e-01 0.000000000000000000e+00 6.827492034592626399e-04 0.000000000000000000e+00
1.350000000000000000e+03 5.400144040216359187e-02 1.763768775603095224e-02 9.816795630405097395e-01 0.000000000000000000e+00 6.827492034592626399e-04 0.000000000000000000e+00
1.375000000000000000e+03 5.500146707627773246e-02 2.127901684114701791e-02 9.783796085571233592e-01 0.000000000000000000e+00 3.413746017296313199e-04 0.000000000000000000e+00
1.400000000000000000e+03 5.600149375039187305e-02 2.548930359581247015e-02 9.729176149294492815e-01 0.000000000000000000e+00 1.593081474738279385e-03 0.000000000000000000e+00
1.425000000000000000e+03 5.700152042450601364e-02 2.412380518889394726e-02 9.748520710059171979e-01 0.000000000000000000e+00 1.024123805188893906e-03 0.000000000000000000e+00
1.450000000000000000e+03 5.800154709862015423e-02 1.968593536640873831e-02 9.794037323623122626e-01 0.000000000000000000e+00 9.103322712790168532e-04 0.000000000000000000e+00
1.475000000000000000e+03 5.900157377273429482e-02 2.173418297678652786e-02 9.772416932180245652e-01 0.000000000000000000e+00 1.024123805188893906e-03 0.000000000000000000e+00
1.500000000000000000e+03 6.000160044684843541e-02 2.105143377332726468e-02 9.782658170232134687e-01 0.000000000000000000e+00 6.827492034592626399e-04 0.000000000000000000e+00
1.525000000000000000e+03 6.100162712096257600e-02 3.060992262175694228e-02 9.683659535730542167e-01 0.000000000000000000e+00 1.024123805188893906e-03 0.000000000000000000e+00
1.550000000000000000e+03 6.200165379507671659e-02 3.038233955393718558e-02 9.668866636322257513e-01 0.000000000000000000e+00 2.730996813837050560e-03 0.000000000000000000e+00
1.575000000000000000e+03 6.300168046919085718e-02 3.538916704597178109e-02 9.625625853436504675e-01 0.000000000000000000e+00 2.048247610377787811e-03 0.000000000000000000e+00
1.600000000000000000e+03 6.400170714330499777e-02 3.800637232589895026e-02 9.600591715976330986e-01 0.000000000000000000e+00 1.934456076467910759e-03 0.000000000000000000e+00
1.625000000000000000e+03 6.500173381741913836e-02 3.493400091033227461e-02 9.635867091488393710e-01 0.000000000000000000e+00 1.479289940828402332e-03 0.000000000000000000e+00
1.650000000000000000e+03 6.600176049153327895e-02 4.608557123350022489e-02 9.517523896222120916e-01 0.000000000000000000e+00 2.162039144287664864e-03 0.000000000000000000e+00
1.675000000000000000e+03 6.700178716564741954e-02 4.938552571688666071e-02 9.473145197997269173e-01 0.000000000000000000e+00 3.299954483386436255e-03 0.000000000000000000e+00
1.700000000000000000e+03 6.800181383976156013e-02 4.870277651342740100e-02 9.489076012744651623e-01 0.000000000000000000e+00 2.389622212107419402e-03 0.000000000000000000e+00
1.725000000000000000e+03 6.900184051387570072e-02 5.052344105598543383e-02 9.461766044606281234e-01 0.000000000000000000e+00 3.299954483386436255e-03 0.000000000000000000e+00
1.750000000000000000e+03 7.000186718798984131e-02 5.461993627674101293e-02 9.417387346381429492e-01 0.000000000000000000e+00 3.641329085116067413e-03 0.000000000000000000e+00
1.775000000000000000e+03 7.100189386210398190e-02 5.780609922621757213e-02 9.386663632225762388e-01 0.000000000000000000e+00 3.527537551206190360e-03 0.000000000000000000e+00
1.800000000000000000e+03 7.200192053621812249e-02 5.461993627674101293e-02 9.419663177059627301e-01 0.000000000000000000e+00 3.413746017296313308e-03 0.000000000000000000e+00
1.825000000000000000e+03 7.300194721033226308e-02 6.463359126081019701e-02 9.305871643149750128e-01 0.000000000000000000e+00 4.779244424214838804e-03 0.000000000000000000e+00
1.850000000000000000e+03 7.400197388444640367e-02 5.791989076012744875e-02 9.365043240782885414e-01 0.000000000000000000e+00 5.575785161583977738e-03 0.000000000000000000e+00
1.875000000000000000e+03 7.500200055856054426e-02 6.588529813381883982e-02 9.308147473827946827e-01 0.000000000000000000e+00 3.299954483386436255e-03 0.000000000000000000e+00
1.900000000000000000e+03 7.600202723267468485e-02 6.907146108329539902e-02 9.270596267637687404e-01 0.000000000000000000e+00 3.868912152935821518e-03 0.000000000000000000e+00
1.925000000000000000e+03 7.700205390678882544e-02 7.020937642239417908e-02 9.260355029585798370e-01 0.000000000000000000e+00 3.755120619025944465e-03 0.000000000000000000e+00
1.950000000000000000e+03 7.800208058090296603e-02 8.147473827947200598e-02 9.121529358215748617e-01 0.000000000000000000e+00 6.372325898953117539e-03 0.000000000000000000e+00
1.975000000000000000e+03 7.900210725501710662e-02 9.171597633136094330e-02 8.992944924897587899e-01 0.000000000000000000e+00 8.989531178880291046e-03 0.000000000000000000e+00
2.000000000000000000e+03 8.000213392913124721e-02 9.899863450159307465e-02 8.922394173873463563e-01 0.000000000000000000e+00 8.761948111060537808e-03 0.000000000000000000e+00
2.025000000000000000e+03 8.100216060324538780e-02 1.084433318161128756e-01 8.818843878015475424e-01 0.000000000000000000e+00 9.672280382339554228e-03 0.000000000000000000e+00
2.050000000000000000e+03 8.200218727735952839e-02 1.202776513427400995e-01 8.702776513427401550e-01 0.000000000000000000e+00 9.444697314519799256e-03 0.000000000000000000e+00
2.075000000000000000e+03 8.300221395147366898e-02 1.180018206645425533e-01 8.722121074192079604e-01 0.000000000000000000e+00 9.786071916249430847e-03 0.000000000000000000e+00
2.100000000000000000e+03 8.400224062558780957e-02 1.217569412835685094e-01 8.657259899863449792e-01 0.000000000000000000e+00 1.251706873008648184e-02 0.000000000000000000e+00
2.125000000000000000e+03 8.500226729970195017e-02 1.359808830223031284e-01 8.477469276285843902e-01 0.000000000000000000e+00 1.627218934911242587e-02 0.000000000000000000e+00
2.150000000000000000e+03 8.600229397381609076e-02 1.372325898953117851e-01 8.475193445607647202e-01 0.000000000000000000e+00 1.524806554392353283e-02 0.000000000000000000e+00
2.175000000000000000e+03 8.700232064793023135e-02 1.543013199817933612e-01 8.251024123805188459e-01 0.000000000000000000e+00 2.059626763768775473e-02 0.000000000000000000e+00
2.200000000000000000e+03 8.800234732204437194e-02 1.704597177969958965e-01 8.078060992262175999e-01 0.000000000000000000e+00 2.173418297678652786e-02 0.000000000000000000e+00
2.225000000000000000e+03 8.900237399615851253e-02 1.807009558488848477e-01 7.941511151570322946e-01 0.000000000000000000e+00 2.514792899408284030e-02 0.000000000000000000e+00
2.250000000000000000e+03 9.000240067027265312e-02 1.868456986800182129e-01 7.852753755120619461e-01 0.000000000000000000e+00 2.787892580791988956e-02 0.000000000000000000e+00
2.275000000000000000e+03 9.100242734438679371e-02 1.880974055530268418e-01 7.760582612653618151e-01 1.137915339098771066e-04 3.573054164770141095e-02 0.000000000000000000e+00
2.300000000000000000e+03 9.200245401850093430e-02 2.119936276741010428e-01 7.436276741010469093e-01 2.275830678197542133e-04 4.415111515703231543e-02 0.000000000000000000e+00
2.325000000000000000e+03 9.300248069261507489e-02 2.358898497951752438e-01 7.140418752844788219e-01 1.137915339098771066e-04 4.995448338643605074e-02 0.000000000000000000e+00
2.350000000000000000e+03 9.400250736672921548e-02 2.573964497041419941e-01 6.821802457897132577e-01 7.965407373691396923e-04 5.962676376877560497e-02 0.000000000000000000e+00
2.375000000000000000e+03 9.500253404084335607e-02 2.869822485207100815e-01 6.359808830223031562e-01 5.689576695493854790e-04 7.646791078743742087e-02 0.000000000000000000e+00
2.400000000000000000e+03 9.600256071495749666e-02 2.906235776058261333e-01 6.145880746472462963e-01 1.365498406918525280e-03 9.342284934000910646e-02 0.000000000000000000e+00
2.425000000000000000e+03 9.700258738907163725e-02 3.120163859808830487e-01 5.641784251251706905e-01 1.593081474738279385e-03 1.222121074192080159e-01 0.000000000000000000e+00
2.450000000000000000e+03 9.800261406318577784e-02 3.214610832954028496e-01 5.281065088757396220e-01 3.413746017296313308e-03 1.470186618115612298e-01 0.000000000000000000e+00
2.475000000000000000e+03 9.900264073729991843e-02 3.362539827036868378e-01 4.795175238962220976e-01 7.055075102412380721e-03 1.771734182976786587e-01 0.000000000000000000e+00
2.500000000000000000e+03 1.000026674114140590e-01 3.434228493400091065e-01 4.503868912152935722e-01 8.420573509330906217e-03 1.977696859353663961e-01 0.000000000000000000e+00
2.525000000000000000e+03 1.010026940855281996e-01 3.594674556213017791e-01 4.180700955848885014e-01 1.365498406918525323e-02 2.088074647246244975e-01 0.000000000000000000e+00
2.550000000000000000e+03 1.020027207596423402e-01 3.785844333181611066e-01 3.897360036413290985e-01 2.093764223941738806e-02 2.107419208010923861e-01 0.000000000000000000e+00
2.575000000000000000e+03 1.030027474337564808e-01 3.722121074192080159e-01 3.788120163859808875e-01 2.765134274010013632e-02 2.213245334547109811e-01 0.000000000000000000e+00
2.600000000000000000e+03 1.040027741078706214e-01 3.847291761492944717e-01 3.524123805188894010e-01 3.038233955393718558e-02 2.324761037778789174e-01 0.000000000000000000e+00
2.625000000000000000e+03 1.050028007819845399e-01 3.888256713700500855e-01 3.416021847974510806e-01 4.119253527537550946e-02 2.283796085571233592e-01 0.000000000000000000e+00
2.650000000000000000e+03 1.060028274560986805e-01 4.003186162949476379e-01 3.303368229403732537e-01 4.551661356395084179e-02 2.238279472007282667e-01 0.000000000000000000e+00
2.675000000000000000e+03 1.070028541302128211e-01 4.040737369139735802e-01 3.220300409649521911e-01 5.439235320892125969e-02 2.195038689121529274e-01 0.000000000000000000e+00
2.700000000000000000e+03 1.080028808043269617e-01 4.126081019572143682e-01 3.121301775147928836e-01 6.554392353208920996e-02 2.097177969959035104e-01 0.000000000000000000e+00
2.725000000000000000e+03 1.090029074784411023e-01 4.165908056440600915e-01 3.064406008192990249e-01 6.736458807464724974e-02 2.096040054619936199e-01 0.000000000000000000e+00
2.750000000000000000e+03 1.100029341525552429e-01 4.316112881201638607e-01 2.943786982248520756e-01 6.941283568502502888e-02 2.045971779699590487e-01 0.000000000000000000e+00
2.775000000000000000e+03 1.110029608266693835e-01 4.395766954938552518e-01 2.794720072826581969e-01 7.510241238051888757e-02 2.058488848429676776e-01 0.000000000000000000e+00
2.800000000000000000e+03 1.120029875007835241e-01 4.375284478834774449e-01 2.740100136549840637e-01 7.965407373691398007e-02 2.088074647246244975e-01 0.000000000000000000e+00
2.825000000000000000e+03 1.130030141748976646e-01 4.342284934000910090e-01 2.645653163404642627e-01 8.591260810195720798e-02 2.152935821574874786e-01 0.000000000000000000e+00
2.850000000000000000e+03 1.140030408490118052e-01 4.293354574419663283e-01 2.705962676376877374e-01 8.955393718707328754e-02 2.105143377332726329e-01 0.000000000000000000e+00
2.875000000000000000e+03 1.150030675231259458e-01 4.476558944014565333e-01 2.482931269913518368e-01 9.171597633136094330e-02 2.123350022758306865e-01 0.000000000000000000e+00
2.900000000000000000e+03 1.160030941972400864e-01 4.470869367319071364e-01 2.467000455166135642e-01 9.308147473827947660e-02 2.131315430131998090e-01 0.000000000000000000e+00
2.925000000000000000e+03 1.170031208713542270e-01 4.489076012744651623e-01 2.372553482020937632e-01 9.251251706873007963e-02 2.213245334547109811e-01 0.000000000000000000e+00
2.950000000000000000e+03 1.180031475454683676e-01 4.692762858443331742e-01 2.215521165225307343e-01 9.330905780609922984e-02 2.158625398270368756e-01 0.000000000000000000e+00
2.975000000000000000e+03 1.190031742195825082e-01 4.522075557578515981e-01 2.225762403277196100e-01 9.831588529813381494e-02 2.269003186162949492e-01 0.000000000000000000e+00
3.000000000000000000e+03 1.200032008936966488e-01 4.697314519799726806e-01 2.122212107419207960e-01 9.456076467910787264e-02 2.234865725989986229e-01 0.000000000000000000e+00
3.025000000000000000e+03 1.210032275678107894e-01 4.674556213017751483e-01 2.086936731907146070e-01 9.990896677287210148e-02 2.239417387346381294e-01 0.000000000000000000e+00
3.050000000000000000e+03 1.220032542419249300e-01 4.721210741920801035e-01 1.995903504779244497e-01 1.015020482476103741e-01 2.267865270823850588e-01 0.000000000000000000e+00
3.075000000000000000e+03 1.230032809160390705e-01 4.832726445152480399e-01 1.934456076467910846e-01 1.036640873918980438e-01 2.196176604460628179e-01 0.000000000000000000e+00
3.100000000000000000e+03 1.240033075901532111e-01 4.728038233955393910e-01 1.884387801547564856e-01 1.076467910787437393e-01 2.311106053709603980e-01 0.000000000000000000e+00
3.125000000000000000e+03 1.250033342642673517e-01 4.845243513882567243e-01 1.882111970869367323e-01 1.084433318161128756e-01 2.188211197086936677e-01 0.000000000000000000e+00
3.150000000000000000e+03 1.260033609383814923e-01 4.772416932180245652e-01 1.849112426035502965e-01 1.091260810195721492e-01 2.287209831588529751e-01 0.000000000000000000e+00
3.175000000000000000e+03 1.270033876124956329e-01 4.871415566681838727e-01 1.779699590350477811e-01 1.074192080109239861e-01 2.274692762858443462e-01 0.000000000000000000e+00
3.200000000000000000e+03 1.280034142866097735e-01 4.848657259899863403e-01 1.827492034592626269e-01 1.175466545289030468e-01 2.148384160218479721e-01 0.000000000000000000e+00
3.225000000000000000e+03 1.290034409607239141e-01 4.901001365498406925e-01 1.818388711879836139e-01 1.219845243513882627e-01 2.060764679107874309e-01 0.000000000000000000e+00
3.250000000000000000e+03 1.300034676348380547e-01 4.861174328629949692e-01 1.800182066454255880e-01 1.183431952662721831e-01 2.155211652253072319e-01 0.000000000000000000e+00
3.275000000000000000e+03 1.310034943089521953e-01 4.854346836595357373e-01 1.714838416021848000e-01 1.281292671825216278e-01 2.149522075557578626e-01 0.000000000000000000e+00
3.300000000000000000e+03 1.320035209830663359e-01 4.881656804733727761e-01 1.624943104233045055e-01 1.310878470641784199e-01 2.182521620391442985e-01 0.000000000000000000e+00
3.325000000000000000e+03 1.330035476571804764e-01 4.977241693218024676e-01 1.555530268548019901e-01 1.308602639963586667e-01 2.158625398270368756e-01 0.000000000000000000e+00
3.350000000000000000e+03 1.340035743312946170e-01 5.048930359581247362e-01 1.475876194811105990e-01 1.306326809285389134e-01 2.168866636322257513e-01 0.000000000000000000e+00
3.375000000000000000e+03 1.350036010054087576e-01 5.001137915339098905e-01 1.457669549385525731e-01 1.337050523441055960e-01 2.204142011834319403e-01 0.000000000000000000e+00
3.400000000000000000e+03 1.360036276795228982e-01 4.945380063723259223e-01 1.400773782430587144e-01 1.391670459717797015e-01 2.262175694128356895e-01 0.000000000000000000e+00
3.425000000000000000e+03 1.370036543536370388e-01 5.075102412380518846e-01 1.265361857077833274e-01 1.415566681838871244e-01 2.243969048702776636e-01 0.000000000000000000e+00
3.450000000000000000e+03 1.380036810277511794e-01 5.063723258989530907e-01 1.192535275375512099e-01 1.442876649977241632e-01 2.300864815657714946e-01 0.000000000000000000e+00
3.475000000000000000e+03 1.390037077018653200e-01 5.194583522985889434e-01 1.132225762403277214e-01 1.437187073281747940e-01 2.236003641329085134e-01 0.000000000000000000e+00
3.500000000000000000e+03 1.400037343759794606e-01 5.002275830678197810e-01 1.180018206645425533e-01 1.445152480655439164e-01 2.372553482020937632e-01 0.000000000000000000e+00
3.525000000000000000e+03 1.410037610500936012e-01 5.110377787892580459e-01 1.129949931725079681e-01 1.467910787437414766e-01 2.291761492944924816e-01 0.000000000000000000e+00
3.550000000000000000e+03 1.420037877242077418e-01 5.251479289940828021e-01 1.100364132908511622e-01 1.499772416932180219e-01 2.148384160218479721e-01 0.000000000000000000e+00
3.575000000000000000e+03 1.430038143983218824e-01 5.155894401456531106e-01 1.109467455621301751e-01 1.576012744651797970e-01 2.158625398270368756e-01 0.000000000000000000e+00
3.600000000000000000e+03 1.440038410724360229e-01 5.203686845698679564e-01 1.082157487482931224e-01 1.528220300409649512e-01 2.185935366408739144e-01 0.000000000000000000e+00
3.625000000000000000e+03 1.450038677465501635e-01 5.230996813837051063e-01 1.005917159763313612e-01 1.546426945835229771e-01 2.216659080564405970e-01 0.000000000000000000e+00
3.650000000000000000e+03 1.460038944206643041e-01 5.236686390532544477e-01 1.024123805188894010e-01 1.588529813381884259e-01 2.150659990896677254e-01 0.000000000000000000e+00
3.675000000000000000e+03 1.470039210947784447e-01 5.275375512061902805e-01 9.399180700955848955e-02 1.620391442876649990e-01 2.164314974965862448e-01 0.000000000000000000e+00
3.700000000000000000e+03 1.480039477688925853e-01 5.434683659535730627e-01 8.932635411925353430e-02 1.612426035502958488e-01 2.059626763768775681e-01 0.000000000000000000e+00
3.725000000000000000e+03 1.490039744430067259e-01 5.377787892580792040e-01 9.114701866181156020e-02 1.598771051433773294e-01 2.111970869367319203e-01 0.000000000000000000e+00
3.750000000000000000e+03 1.500040011171208665e-01 5.553026854802002310e-01 8.887118798361401395e-02 1.578288575329995502e-01 1.979972690031861493e-01 0.000000000000000000e+00
3.775000000000000000e+03 1.510040277912350071e-01 5.331133363677742487e-01 9.421939007737824279e-02 1.673873463814292140e-01 2.052799271734183084e-01 0.000000000000000000e+00
3.800000000000000000e+03 1.520040544653491477e-01 5.464269458352298825e-01 8.796085571233500100e-02 1.663632225762403383e-01 1.992489758761948060e-01 0.000000000000000000e+00
3.825000000000000000e+03 1.530040811394632883e-01 5.483614019116977989e-01 7.965407373691398007e-02 1.720527992717341692e-01 1.999317250796540657e-01 0.000000000000000000e+00
3.850000000000000000e+03 1.540041078135774288e-01 5.546199362767409990e-01 7.828857532999544677e-02 1.649977241693217911e-01 2.020937642239417353e-01 0.000000000000000000e+00
3.875000000000000000e+03 1.550041344876915694e-01 5.512061902594447282e-01 7.908511606736458310e-02 1.772872098315885214e-01 1.924214838416021811e-01 0.000000000000000000e+00
3.900000000000000000e+03 1.560041611618057100e-01 5.414201183431952558e-01 7.817478379608557015e-02 1.779699590350477811e-01 2.024351388256713791e-01 0.000000000000000000e+00
3.925000000000000000e+03 1.570041878359198506e-01 5.463131543013199920e-01 7.020937642239417908e-02 1.738734638142922229e-01 2.096040054619936199e-01 0.000000000000000000e+00
3.950000000000000000e+03 1.580042145100339912e-01 5.426718252162039402e-01 7.089212562585343880e-02 1.770596267637687682e-01 2.093764223941738667e-01 0.000000000000000000e+00
3.975000000000000000e+03 1.590042411841481318e-01 5.542785616750113276e-01 6.838871187983613931e-02 1.776285844333181652e-01 1.997041420118343125e-01 0.000000000000000000e+00
4.000000000000000000e+03 1.600042678582622724e-01 5.508648156577150568e-01 6.941283568502502888e-02 1.728493400091033194e-01 2.068730086481565811e-01 0.000000000000000000e+00
4.025000000000000000e+03 1.610042945323764130e-01 5.568957669549385869e-01 6.565771506599908658e-02 1.737596722803823324e-01 2.036868456986800080e-01 0.000000000000000000e+00
4.050000000000000000e+03 1.620043212064905536e-01 5.393718707328174489e-01 7.020937642239417908e-02 1.760355029585798925e-01 2.143832498862084657e-01 0.000000000000000000e+00
4.075000000000000000e+03 1.630043478806046942e-01 5.488165680473372499e-01 7.055075102412380894e-02 1.686390532544378706e-01 2.119936276741010428e-01 0.000000000000000000e+00
4.100000000000000000e+03 1.640043745547188347e-01 5.571233500227582569e-01 6.429221665908056715e-02 1.722803823395539502e-01 2.063040509786071841e-01 0.000000000000000000e+00
4.125000000000000000e+03 1.650044012288329753e-01 5.731679563040509295e-01 6.281292671825215723e-02 1.706873008648156498e-01 1.933318161128811941e-01 0.000000000000000000e+00
4.150000000000000000e+03 1.660044279029471159e-01 5.607646791078744197e-01 6.349567592171143082e-02 1.725079654073737034e-01 2.032316795630405015e-01 0.000000000000000000e+00
4.175000000000000000e+03 1.670044545770612565e-01 5.603095129722348577e-01 6.634046426945834629e-02 1.731907146108329631e-01 2.000455166135639562e-01 1.137915339098771066e-04
4.200000000000000000e+03 1.680044812511753971e-01 5.592853891670459543e-01 6.713700500682749650e-02 1.769458352298589054e-01 1.966317705962676299e-01 0.000000000000000000e+00
4.225000000000000000e+03 1.690045079252895377e-01 5.624715521165225551e-01 6.873008648156576916e-02 1.768320436959490149e-01 1.919663177059626746e-01 0.000000000000000000e+00
4.250000000000000000e+03 1.700045345994036783e-01 5.677059626763768518e-01 6.918525261720527564e-02 1.801319981793354508e-01 1.829767865270823801e-01 0.000000000000000000e+00
4.275000000000000000e+03 1.710045612735178189e-01 5.670232134729176199e-01 6.804733727810650945e-02 1.844560764679107900e-01 1.804733727810650945e-01 0.000000000000000000e+00
4.300000000000000000e+03 1.720045879476319595e-01 5.751024123805188459e-01 6.645425580336822291e-02 1.847974510696404060e-01 1.736458807464724696e-01 0.000000000000000000e+00
4.325000000000000000e+03 1.730046146217461001e-01 5.837505689576695245e-01 6.952662721893490549e-02 1.846836595357305433e-01 1.620391442876649990e-01 0.000000000000000000e+00
4.350000000000000000e+03 1.740046412958602406e-01 5.770368684569867623e-01 7.271279016841146470e-02 1.867319071461083224e-01 1.635184342284934089e-01 0.000000000000000000e+00
4.375000000000000000e+03 1.750046679699743812e-01 5.763541192535275304e-01 7.111970869367319203e-02 1.895766954938552518e-01 1.629494765589440120e-01 0.000000000000000000e+00
4.400000000000000000e+03 1.760046946440885218e-01 5.748748293126991760e-01 7.248520710059171146e-02 1.934456076467910846e-01 1.591943559399180697e-01 0.000000000000000000e+00
4.425000000000000000e+03 1.770047213182026624e-01 5.823850705507510606e-01 7.248520710059171146e-02 1.953800637232590010e-01 1.497496586253982687e-01 0.000000000000000000e+00
4.450000000000000000e+03 1.780047479923168030e-01 5.906918525261720676e-01 7.237141556668183484e-02 1.910559854346836617e-01 1.458807464724624359e-01 0.000000000000000000e+00
4.475000000000000000e+03 1.790047746664309436e-01 5.895539371870732737e-01 7.009558488848430247e-02 1.957214383249886169e-01 1.446290395994538069e-01 0.000000000000000000e+00
4.500000000000000000e+03 1.800048013405450842e-01 5.777196176604461053e-01 7.817478379608557015e-02 1.962903959945380139e-01 1.478152025489303523e-01 0.000000000000000000e+00
4.525000000000000000e+03 1.810048280146592248e-01 5.837505689576695245e-01 7.612653618570777714e-02 1.942421483841602070e-01 1.458807464724624359e-01 0.000000000000000000e+00
4.550000000000000000e+03 1.820048546887733654e-01 5.912608101957214091e-01 7.658170232134729749e-02 1.926490669094219343e-01 1.395084205735093175e-01 0.000000000000000000e+00
4.575000000000000000e+03 1.830048813628875060e-01 5.887573964497041512e-01 7.680928538916705073e-02 1.997041420118343125e-01 1.347291761492944995e-01 0.000000000000000000e+00
4.600000000000000000e+03 1.840049080370016465e-01 5.952435138825671324e-01 8.079198907601274626e-02 1.942421483841602070e-01 1.297223486572599005e-01 0.000000000000000000e+00
4.625000000000000000e+03 1.850049347111157871e-01 5.925125170687300935e-01 7.851615839781520001e-02 1.945835229858898507e-01 1.343878015475648557e-01 0.000000000000000000e+00
4.650000000000000000e+03 1.860049613852299277e-01 5.901228948566226151e-01 8.033682294037323979e-02 1.975421028675466428e-01 1.319981793354574329e-01 0.000000000000000000e+00
4.675000000000000000e+03 1.870049880593440683e-01 5.962676376877560358e-01 8.329540282203004575e-02 1.939007737824305910e-01 1.265361857077833274e-01 0.000000000000000000e+00
4.700000000000000000e+03 1.880050147334582089e-01 5.893263541192534927e-01 8.693673190714611143e-02 2.011834319526627224e-01 1.225534820209376458e-01 0.000000000000000000e+00
4.725000000000000000e+03 1.890050414075723495e-01 5.809057806099225951e-01 8.841602184797450747e-02 2.028903049613108855e-01 1.277878925807919841e-01 0.000000000000000000e+00
4.750000000000000000e+03 1.900050680816864901e-01 5.848884842967683184e-01 8.602639963586708460e-02 2.040282203004096517e-01 1.250568957669549452e-01 0.000000000000000000e+00
4.775000000000000000e+03 1.910050947558006307e-01 5.786299499317251183e-01 8.773327264451524776e-02 2.001593081474738189e-01 1.334774692762858428e-01 0.000000000000000000e+00
4.800000000000000000e+03 1.920051214299147713e-01 5.863677742375966728e-01 8.739189804278561791e-02 1.985662266727355463e-01 1.276741010468821214e-01 0.000000000000000000e+00
4.825000000000000000e+03 1.930051481040289119e-01 5.894401456531633832e-01 8.625398270368685172e-02 2.045971779699590487e-01 1.197086936731907164e-01 0.000000000000000000e+00
4.850000000000000000e+03 1.940051747781430524e-01 5.782885753299954468e-01 9.046426945835230049e-02 2.098315885298133732e-01 1.214155666818388657e-01 0.000000000000000000e+00
4.875000000000000000e+03 1.950052014522571930e-01 5.956986800182066943e-01 9.091943559399180697e-02 2.008420573509330787e-01 1.125398270368684617e-01 0.000000000000000000e+00
4.900000000000000000e+03 1.960052281263713336e-01 5.829540282203004020e-01 9.786071916249430847e-02 2.096040054619936199e-01 1.095812471552116557e-01 0.000000000000000000e+00
4.925000000000000000e+03 1.970052548004854742e-01 5.820436959490213891e-01 9.865725989986344480e-02 2.057350933090578149e-01 1.135639508420573512e-01 0.000000000000000000e+00
4.950000000000000000e+03 1.980052814745996148e-01 5.821574874829312796e-01 1.035502958579881672e-01 2.071005917159763343e-01 1.071916249431042328e-01 0.000000000000000000e+00
4.975000000000000000e+03 1.990053081487137554e-01 5.789713245334546787e-01 1.107191624943104219e-01 2.102867546654528796e-01 1.000227583067819781e-01 0.000000000000000000e+00
5.000000000000000000e+03 2.000053348228278960e-01 5.727127901684114786e-01 1.148156577150659940e-01 2.121074192080109333e-01 1.003641329085116080e-01 0.000000000000000000e+00
5.025000000000000000e+03 2.010053614969420366e-01 5.731679563040509295e-01 1.157259899863450209e-01 2.110832954028220299e-01 1.000227583067819781e-01 0.000000000000000000e+00
5.050000000000000000e+03 2.020053881710561772e-01 5.721438324988621371e-01 1.151570323167956239e-01 2.139280837505689592e-01 9.865725989986344480e-02 1.137915339098771066e-04
5.075000000000000000e+03 2.030054148451703178e-01 5.679335457441966328e-01 1.169776968593536637e-01 2.203004096495220776e-01 9.478834774692762588e-02 0.000000000000000000e+00
5.100000000000000000e+03 2.040054415192844584e-01 5.598543468365954068e-01 1.222121074192080159e-01 2.240555302685480199e-01 9.387801547564861293e-02 0.000000000000000000e+00
5.125000000000000000e+03 2.050054681933985989e-01 5.623577605826126646e-01 1.217569412835685094e-01 2.270141101502048120e-01 8.887118798361401395e-02 0.000000000000000000e+00
5.150000000000000000e+03 2.060054948675127395e-01 5.522303140646336317e-01 1.201638598088302229e-01 2.305416477014110288e-01 9.695038689121529552e-02 1.137915339098771066e-04
5.175000000000000000e+03 2.070055215416268801e-01 5.576923076923077094e-01 1.265361857077833274e-01 2.280382339553937154e-01 8.773327264451524776e-02 0.000000000000000000e+00
5.200000000000000000e+03 2.080055482157410207e-01 5.629267182521620061e-01 1.238051888939462886e-01 2.253072371415566766e-01 8.796085571233500100e-02 0.000000000000000000e+00
5.225000000000000000e+03 2.090055748898551613e-01 5.516613563950841792e-01 1.230086481565771522e-01 2.312243969048702885e-01 9.410559854346836617e-02 0.000000000000000000e+00
5.250000000000000000e+03 2.100056015639693019e-01 5.514337733272643982e-01 1.260810195721438209e-01 2.353208921256258468e-01 8.705052344105598805e-02 1.137915339098771066e-04
5.275000000000000000e+03 2.110056282380834425e-01 5.464269458352298825e-01 1.302913063268092975e-01 2.387346381429221731e-01 8.454710969503868856e-02 0.000000000000000000e+00
5.300000000000000000e+03 2.120056549121975831e-01 5.472234865725990050e-01 1.338188438780154865e-01 2.382794720072826666e-01 8.056440600819299303e-02 1.137915339098771066e-04
5.325000000000000000e+03 2.130056815863117237e-01 5.505234410559853853e-01 1.333636777423759801e-01 2.375967228038234069e-01 7.840236686390532339e-02 1.137915339098771066e-04
5.350000000000000000e+03 2.140057082604258643e-01 5.458579881656804300e-01 1.387118798361401950e-01 2.338416021847974646e-01 8.158852981338188259e-02 0.000000000000000000e+00
5.375000000000000000e+03 2.150057349345400048e-01 5.425580336822940497e-01 1.426945835229858905e-01 2.375967228038234069e-01 7.715065999089668058e-02 0.000000000000000000e+00
5.400000000000000000e+03 2.160057616086541454e-01 5.402822030040964618e-01 1.442876649977241632e-01 2.405553026854801990e-01 7.487482931269913433e-02 0.000000000000000000e+00
5.425000000000000000e+03 2.170057882827682860e-01 5.401684114701865713e-01 1.473600364132908458e-01 2.411242603550295960e-01 7.134729176149294527e-02 0.000000000000000000e+00
5.450000000000000000e+03 2.180058149568824266e-01 5.318616294947655643e-01 1.482703686845698587e-01 2.439690487027765253e-01 7.589895311788802390e-02 0.000000000000000000e+00
5.475000000000000000e+03 2.190058416309965672e-01 5.311788802913063323e-01 1.486117432862995025e-01 2.493172507965407403e-01 7.077833409194356218e-02 1.137915339098771066e-04
5.500000000000000000e+03 2.200058683051107078e-01 5.164997724169322346e-01 1.550978607191624836e-01 2.537551206190259423e-01 7.464724624487938109e-02 0.000000000000000000e+00
5.525000000000000000e+03 2.210058949792248484e-01 5.319754210286754548e-01 1.579426490669094130e-01 2.480655439235320836e-01 6.201638598088302090e-02 0.000000000000000000e+00
5.550000000000000000e+03 2.220059216533389890e-01 5.218479745106964218e-01 1.605598543468365891e-01 2.498862084660901095e-01 6.770596267637687959e-02 0.000000000000000000e+00
5.575000000000000000e+03 2.230059483274531296e-01 5.089895311788802390e-01 1.677287209831588577e-01 2.647928994082840437e-01 5.837505689576695522e-02 1.137915339098771066e-04
5.600000000000000000e+03 2.240059750015672702e-01 5.084205735093308975e-01 1.653390987710514348e-01 2.634274010013655243e-01 6.281292671825215723e-02 0.000000000000000000e+00
5.625000000000000000e+03 2.250060016756814107e-01 4.989758761948110966e-01 1.686390532544378706e-01 2.643377332726445372e-01 6.793354574419663283e-02 1.137915339098771066e-04
5.650000000000000000e+03 2.260060283497955513e-01 5.046654528903049552e-01 1.764906690942193990e-01 2.610377787892581014e-01 5.780609922621757213e-02 0.000000000000000000e+00
5.675000000000000000e+03 2.270060550239096919e-01 5.064861174328629811e-01 1.796768320436959443e-01 2.572826581702321591e-01 5.644060081929904577e-02 1.137915339098771066e-04
