# itime ezz other fcc hcp bcc ico
0.000000000000000000e+00 0.000000000000000000e+00 1.137915339098771066e-04 9.998862084660901095e-01 0.000000000000000000e+00 0.000000000000000000e+00 0.000000000000000000e+00
2.500000000000000000e+02 1.000003368223434386e-02 1.137915339098770958e-03 9.988620846609012061e-01 0.000000000000000000e+00 0.000000000000000000e+00 0.000000000000000000e+00
5.000000000000000000e+02 2.000006736446868771e-02 2.389622212107419402e-03 9.974965862539827421e-01 0.000000000000000000e+00 1.137915339098771066e-04 0.000000000000000000e+00
7.500000000000000000e+02 3.000010104670303157e-02 4.437869822485207214e-03 9.954483386436049352e-01 0.000000000000000000e+00 1.137915339098771066e-04 0.000000000000000000e+00
1.000000000000000000e+03 4.000013472893737543e-02 6.258534365043240920e-03 9.934000910332271284e-01 0.000000000000000000e+00 3.413746017296313199e-04 0.000000000000000000e+00
1.250000000000000000e+03 5.000016841117171928e-02 1.354119253527537488e-02 9.860036413290851343e-01 0.000000000000000000e+00 4.551661356395084266e-04 0.000000000000000000e+00
1.500000000000000000e+03 6.000020209340606314e-02 2.787892580791988956e-02 9.701866181156122426e-01 0.000000000000000000e+00 1.934456076467910759e-03 0.000000000000000000e+00
1.750000000000000000e+03 7.000023577564040700e-02 5.291306326809285671e-02 9.435593991807009751e-01 0.000000000000000000e+00 3.527537551206190360e-03 0.000000000000000000e+00
2.000000000000000000e+03 8.000026945787475086e-02 9.182976786527081992e-02 8.997496586253982409e-01 0.000000000000000000e+00 8.420573509330906217e-03 0.000000000000000000e+00
2.250000000000000000e+03 9.000030314010909471e-02 2.071005917159763343e-01 7.561447428311333097e-01 1.137915339098771066e-04 3.664087391898043083e-02 0.000000000000000000e+00
2.500000000000000000e+03 1.000003368223434386e-01 3.570778334091943562e-01 4.423076923076922906e-01 1.081019572143832562e-02 1.898042785616750050e-01 0.000000000000000000e+00
2.750000000000000000e+03 1.100003705045780045e-01 4.072598998634501810e-01 2.654756486117432757e-01 3.755120619025944378e-02 2.897132453345471204e-01 0.000000000000000000e+00
3.000000000000000000e+03 1.200004041868123483e-01 4.657487482931270129e-01 1.991351843422849432e-01 6.429221665908056715e-02 2.708238507055075184e-01 0.000000000000000000e+00
3.250000000000000000e+03 1.300004378690466922e-01 4.981793354574419741e-01 1.585116067364588099e-01 7.157487482931269851e-02 2.717341829767865313e-01 0.000000000000000000e+00
3.500000000000000000e+03 1.400004715512810360e-01 5.210514337733272994e-01 1.260810195721438209e-01 8.033682294037323979e-02 2.725307237141556538e-01 0.000000000000000000e+00
3.750000000000000000e+03 1.500005052335153799e-01 5.621301775147928836e-01 1.029813381884387841e-01 8.670914883932635819e-02 2.481793354574419741e-01 0.000000000000000000e+00
4.000000000000000000e+03 1.600005389157497238e-01 5.851160673645880994e-01 8.750568957669549452e-02 1.008192990441511144e-01 2.265589440145653055e-01 0.000000000000000000e+00
4.250000000000000000e+03 1.700005725979840676e-01 6.285844333181611621e-01 7.703686845698680397e-02 1.208466090122894826e-01 1.735320892125625791e-01 0.000000000000000000e+00
4.500000000000000000e+03 1.800006062802184115e-01 6.355257168866635942e-01 8.227127901684114231e-02 1.217569412835685094e-01 1.604460628129267263e-01 0.000000000000000000e+00
4.750000000000000000e+03 1.900006399624527553e-01 6.467910787437414211e-01 8.932635411925353430e-02 1.379153390987710448e-01 1.259672280382339582e-01 0.000000000000000000e+00
5.000000000000000000e+03 2.000006736446870992e-01 6.566909421939007840e-01 8.830223031406463086e-02 1.446290395994538069e-01 1.103777878925807920e-01 0.000000000000000000e+00
5.250000000000000000e+03 2.100007073269214430e-01 6.627218934911243142e-01 8.978152025489304078e-02 1.499772416932180219e-01 9.740555302685480199e-02 1.137915339098771066e-04
5.500000000000000000e+03 2.200007410091557869e-01 6.687528447883477334e-01 9.171597633136094330e-02 1.606736458807464796e-01 7.885753299954482987e-02 0.000000000000000000e+00
5.750000000000000000e+03 2.300007746913901308e-01 6.697769685935366368e-01 9.444697314519799602e-02 1.720527992717341692e-01 6.372325898953118406e-02 0.000000000000000000e+00
6.000000000000000000e+03 2.400008083736244746e-01 6.760355029585798370e-01 9.512972234865725574e-02 1.753527537551206328e-01 5.336822940373236318e-02 1.137915339098771066e-04
6.250000000000000000e+03 2.500008420558588185e-01 6.689804278561675144e-01 9.888484296768319803e-02 1.901456531634046487e-01 4.164770141101502288e-02 3.413746017296313199e-04
6.500000000000000000e+03 2.600008757380931623e-01 6.713700500682748817e-01 9.365043240782885969e-02 1.970869367319071364e-01 3.777878925807919702e-02 1.137915339098771066e-04
6.750000000000000000e+03 2.700009094203275062e-01 6.706873008648156498e-01 8.898497951752389057e-02 2.100591715976331264e-01 3.015475648611743234e-02 1.137915339098771066e-04
7.000000000000000000e+03 2.800009431025618500e-01 6.769458352298588499e-01 8.192990441511151245e-02 2.115384615384615363e-01 2.947200728265816916e-02 1.137915339098771066e-04
7.250000000000000000e+03 2.900009767847961939e-01 6.946973145197997690e-01 7.385070550751024476e-02 2.058488848429676776e-01 2.537551206190259354e-02 2.275830678197542133e-04
7.500000000000000000e+03 3.000010104670305378e-01 6.949248975876194390e-01 7.658170232134729749e-02 2.069868001820664438e-01 2.127901684114701791e-02 2.275830678197542133e-04
7.750000000000000000e+03 3.100010441492651037e-01 7.101729631315429891e-01 7.077833409194356218e-02 1.985662266727355463e-01 2.036868456986800149e-02 1.137915339098771066e-04
8.000000000000000000e+03 3.200010778314994475e-01 7.181383705052344357e-01 6.725079654073737312e-02 1.939007737824305910e-01 2.071005917159763482e-02 0.000000000000000000e+00
8.250000000000000000e+03 3.300011115137337914e-01 7.332726445152480954e-01 6.679563040509786664e-02 1.776285844333181652e-01 2.230314064633591095e-02 0.000000000000000000e+00
8.500000000000000000e+03 3.400011451959681352e-01 7.469276285844332897e-01 6.429221665908056715e-02 1.670459717796995980e-01 2.150659990896677115e-02 2.275830678197542133e-04
8.750000000000000000e+03 3.500011788782024791e-01 7.667273554847519046e-01 6.213017751479289752e-02 1.492944924897587622e-01 2.150659990896677115e-02 3.413746017296313199e-04
9.000000000000000000e+03 3.600012125604368229e-01 7.751479289940828021e-01 5.678197542102867562e-02 1.426945835229858905e-01 2.526172052799271692e-02 1.137915339098771066e-04
9.250000000000000000e+03 3.700012462426711668e-01 7.869822485207100815e-01 5.826126536185707860e-02 1.343878015475648557e-01 2.025489303595812488e-02 1.137915339098771066e-04
9.500000000000000000e+03 3.800012799249055107e-01 7.976786527082384559e-01 5.894401456531633832e-02 1.230086481565771522e-01 2.002730996813837164e-02 3.413746017296313199e-04
9.750000000000000000e+03 3.900013136071398545e-01 8.005234410559853853e-01 5.655439235320892238e-02 1.246017296313154249e-01 1.809285389167045871e-02 2.275830678197542133e-04
1.000000000000000000e+04 4.000013472893741984e-01 8.132680928538916776e-01 5.700955848884842886e-02 1.123122439690487084e-01 1.729631315430131891e-02 1.137915339098771066e-04
1.025000000000000000e+04 4.100013809716085422e-01 8.204369594902138907e-01 5.268548020027309653e-02 1.094674556213017791e-01 1.706873008648156567e-02 3.413746017296313199e-04
1.050000000000000000e+04 4.200014146538428861e-01 8.340919435593991960e-01 5.405097860719162289e-02 9.706417842512517213e-02 1.445152480655439303e-02 3.413746017296313199e-04
1.075000000000000000e+04 4.300014483360772299e-01 8.368229403732362348e-01 4.915794264906690747e-02 9.945380063723259501e-02 1.445152480655439303e-02 1.137915339098771066e-04
1.100000000000000000e+04 4.400014820183115738e-01 8.458124715521164738e-01 4.676832043695949154e-02 9.490213928083750250e-02 1.194811106053709528e-02 5.689576695493854790e-04
1.125000000000000000e+04 4.500015157005459177e-01 8.419435593991807520e-01 4.540282203004096517e-02 9.820209376422393832e-02 1.376877560309512985e-02 6.827492034592626399e-04
1.150000000000000000e+04 4.600015493827802615e-01 8.469503868912152678e-01 4.460628129267182190e-02 9.604005461993628257e-02 1.183431952662721866e-02 5.689576695493854790e-04
1.175000000000000000e+04 4.700015830650146054e-01 8.525261720527992360e-01 4.574419663177059503e-02 8.932635411925353430e-02 1.183431952662721866e-02 5.689576695493854790e-04
1.200000000000000000e+04 4.800016167472489492e-01 8.651570323167956378e-01 4.119253527537550946e-02 8.158852981338188259e-02 1.115157032316795548e-02 9.103322712790168532e-04
1.225000000000000000e+04 4.900016504294832931e-01 8.736913973600364258e-01 3.698224852071006069e-02 7.897132453345470648e-02 9.672280382339554228e-03 6.827492034592626399e-04
1.250000000000000000e+04 5.000016841117176369e-01 8.872325898953118406e-01 3.390987710514337811e-02 7.032316795630405570e-02 7.851615839781519654e-03 6.827492034592626399e-04
1.275000000000000000e+04 5.100017177939519808e-01 8.950842057350932857e-01 3.117888029130632538e-02 6.258534365043240399e-02 9.786071916249430847e-03 1.365498406918525280e-03
1.300000000000000000e+04 5.200017514761865467e-01 8.984979517523896675e-01 3.117888029130632538e-02 6.178880291306326766e-02 7.510241238051888930e-03 1.024123805188893906e-03
1.325000000000000000e+04 5.300017851584208906e-01 9.057806099226217711e-01 2.730996813837050646e-02 5.735093309057805872e-02 9.330905780609922637e-03 2.275830678197542133e-04
1.350000000000000000e+04 5.400018188406552344e-01 9.135184342284934367e-01 2.503413746017296368e-02 5.291306326809285671e-02 7.624032771961766417e-03 9.103322712790168532e-04
1.375000000000000000e+04 5.500018525228895783e-01 9.223941738734637852e-01 2.287209831588529751e-02 4.483386436049158208e-02 8.989531178880291046e-03 9.103322712790168532e-04
1.400000000000000000e+04 5.600018862051239221e-01 9.230769230769231282e-01 2.059626763768775473e-02 4.756486117432862787e-02 7.965407373691398007e-03 7.965407373691396923e-04
1.425000000000000000e+04 5.700019198873582660e-01 9.299044151115156698e-01 1.991351843422849502e-02 4.073736913973600299e-02 7.965407373691398007e-03 1.479289940828402332e-03
1.450000000000000000e+04 5.800019535695926098e-01 9.365043240782885414e-01 1.797906235776058209e-02 3.959945380063722986e-02 5.120619025944469528e-03 7.965407373691396923e-04
1.475000000000000000e+04 5.900019872518269537e-01 9.401456531634045932e-01 1.570323167956303931e-02 3.629949931725079404e-02 6.599908966772872511e-03 1.251706873008648227e-03
1.500000000000000000e+04 6.000020209340612976e-01 9.429904415111515226e-01 1.570323167956303931e-02 3.607191624943104080e-02 4.210286754665453109e-03 1.024123805188893906e-03
1.525000000000000000e+04 6.100020546162956414e-01 9.499317250796540657e-01 1.240327719617660522e-02 2.969959035047792587e-02 6.713700500682749130e-03 1.251706873008648227e-03
1.550000000000000000e+04 6.200020882985299853e-01 9.572143832498861693e-01 1.172052799271734204e-02 2.412380518889394726e-02 5.689576695493855224e-03 1.251706873008648227e-03
1.575000000000000000e+04 6.300021219807643291e-01 9.538006372325898985e-01 1.228948566226672687e-02 2.708238507055074976e-02 5.917159763313609329e-03 9.103322712790168532e-04
1.600000000000000000e+04 6.400021556629986730e-01 9.561902594446972659e-01 1.194811106053709528e-02 2.594446973145198010e-02 5.461993627674101119e-03 4.551661356395084266e-04
1.625000000000000000e+04 6.500021893452330168e-01 9.593764223941738667e-01 1.035502958579881741e-02 2.401001365498407064e-02 5.006827492034592909e-03 1.251706873008648227e-03
1.650000000000000000e+04 6.600022230274673607e-01 9.646108329540282744e-01 9.444697314519799256e-03 2.082385070550751144e-02 3.641329085116067413e-03 1.479289940828402332e-03
1.675000000000000000e+04 6.700022567097017046e-01 9.651797906235776159e-01 8.875739644970414427e-03 1.979972690031861493e-02 4.893035958124715423e-03 1.251706873008648227e-03
1.700000000000000000e+04 6.800022903919360484e-01 9.642694583522986029e-01 9.444697314519799256e-03 1.877560309512972189e-02 6.030951297223486815e-03 1.479289940828402332e-03
1.725000000000000000e+04 6.900023240741703923e-01 9.724624487938097195e-01 8.079198907601274626e-03 1.524806554392353283e-02 3.755120619025944465e-03 4.551661356395084266e-04
1.750000000000000000e+04 7.000023577564047361e-01 9.713245334547109255e-01 9.103322712790167665e-03 1.604460628129267263e-02 2.503413746017296455e-03 1.024123805188893906e-03
1.775000000000000000e+04 7.100023914386390800e-01 9.738279472007282944e-01 7.737824305871643035e-03 1.331360946745562164e-02 3.868912152935821518e-03 1.251706873008648227e-03
1.800000000000000000e+04 7.200024251208736459e-01 9.741693218024578549e-01 8.420573509330906217e-03 1.103777878925807886e-02 4.779244424214838804e-03 1.593081474738279385e-03
1.825000000000000000e+04 7.300024588031079897e-01 9.764451524806554428e-01 8.306781975421027864e-03 1.160673645880746542e-02 2.617205279927173507e-03 1.024123805188893906e-03
1.850000000000000000e+04 7.400024924853423336e-01 9.771279016841146747e-01 7.624032771961766417e-03 1.069640418752844727e-02 2.958579881656804664e-03 1.593081474738279385e-03
1.875000000000000000e+04 7.500025261675766775e-01 9.788347746927628101e-01 7.624032771961766417e-03 9.103322712790167665e-03 3.072371415566681717e-03 1.365498406918525280e-03
1.900000000000000000e+04 7.600025598498110213e-01 9.780382339553936877e-01 7.965407373691398007e-03 1.081019572143832562e-02 1.365498406918525280e-03 1.820664542558033706e-03
1.925000000000000000e+04 7.700025935320453652e-01 9.813381884387801790e-01 6.827492034592626616e-03 8.192990441511151245e-03 1.934456076467910759e-03 1.706873008648156654e-03
1.950000000000000000e+04 7.800026272142797090e-01 9.828174783796085334e-01 5.917159763313609329e-03 7.965407373691398007e-03 1.934456076467910759e-03 1.365498406918525280e-03
1.975000000000000000e+04 7.900026608965140529e-01 9.835002275830677654e-01 5.803368229403732710e-03 6.372325898953117539e-03 2.048247610377787811e-03 2.275830678197541916e-03
2.000000000000000000e+04 8.000026945787483967e-01 9.842967683204369989e-01 4.551661356395083832e-03 6.258534365043240920e-03 2.617205279927173507e-03 2.275830678197541916e-03
2.025000000000000000e+04 8.100027282609827406e-01 9.853208921256259023e-01 5.006827492034592909e-03 6.486117432862995025e-03 1.934456076467910759e-03 1.251706873008648227e-03
2.050000000000000000e+04 8.200027619432170845e-01 9.888484296768320636e-01 4.551661356395083832e-03 4.096495220755575623e-03 1.024123805188893906e-03 1.479289940828402332e-03
2.075000000000000000e+04 8.300027956254514283e-01 9.860036413290851343e-01 6.144742831133363434e-03 5.120619025944469528e-03 7.965407373691396923e-04 1.934456076467910759e-03
2.100000000000000000e+04 8.400028293076857722e-01 9.895311788802912956e-01 3.982703686845699004e-03 4.210286754665453109e-03 3.413746017296313199e-04 1.934456076467910759e-03
2.125000000000000000e+04 8.500028629899201160e-01 9.888484296768320636e-01 4.096495220755575623e-03 4.210286754665453109e-03 1.137915339098770958e-03 1.706873008648156654e-03
2.150000000000000000e+04 8.600028966721544599e-01 9.888484296768320636e-01 3.299954483386436255e-03 5.461993627674101119e-03 1.024123805188893906e-03 1.365498406918525280e-03
2.175000000000000000e+04 8.700029303543888037e-01 9.913518434228493215e-01 2.730996813837050560e-03 3.186162949476558769e-03 9.103322712790168532e-04 1.820664542558033706e-03
2.200000000000000000e+04 8.800029640366231476e-01 9.940828402366863603e-01 2.503413746017296455e-03 2.048247610377787811e-03 3.413746017296313199e-04 1.024123805188893906e-03
2.225000000000000000e+04 8.900029977188574914e-01 9.927173418297678964e-01 2.617205279927173507e-03 2.048247610377787811e-03 1.024123805188893906e-03 1.593081474738279385e-03
2.250000000000000000e+04 9.000030314010918353e-01 9.927173418297678964e-01 2.844788347746927612e-03 2.389622212107419402e-03 4.551661356395084266e-04 1.593081474738279385e-03
2.275000000000000000e+04 9.100030650833261792e-01 9.941966317705962508e-01 1.820664542558033706e-03 1.934456076467910759e-03 2.275830678197542133e-04 1.820664542558033706e-03
2.300000000000000000e+04 9.200030987655607451e-01 9.945380063723259223e-01 1.593081474738279385e-03 1.593081474738279385e-03 3.413746017296313199e-04 1.934456076467910759e-03
2.325000000000000000e+04 9.300031324477950889e-01 9.948793809740554828e-01 1.365498406918525280e-03 1.365498406918525280e-03 3.413746017296313199e-04 2.048247610377787811e-03
2.350000000000000000e+04 9.400031661300294328e-01 9.929449248975875664e-01 2.048247610377787811e-03 1.706873008648156654e-03 1.024123805188893906e-03 2.275830678197541916e-03
2.375000000000000000e+04 9.500031998122637766e-01 9.946517979062358128e-01 1.365498406918525280e-03 1.706873008648156654e-03 4.551661356395084266e-04 1.820664542558033706e-03
2.400000000000000000e+04 9.600032334944981205e-01 9.922621756941283344e-01 1.593081474738279385e-03 2.162039144287664864e-03 5.689576695493854790e-04 3.413746017296313308e-03
2.425000000000000000e+04 9.700032671767324643e-01 9.947655894401457033e-01 1.137915339098770958e-03 1.137915339098770958e-03 2.275830678197542133e-04 2.730996813837050560e-03
2.450000000000000000e+04 9.800033008589668082e-01 9.954483386436049352e-01 7.965407373691396923e-04 1.706873008648156654e-03 0.000000000000000000e+00 2.048247610377787811e-03
2.475000000000000000e+04 9.900033345412011521e-01 9.954483386436049352e-01 9.103322712790168532e-04 1.479289940828402332e-03 3.413746017296313199e-04 1.820664542558033706e-03
2.500000000000000000e+04 1.000003368223435274e+00 9.945380063723259223e-01 1.137915339098770958e-03 1.934456076467910759e-03 4.551661356395084266e-04 1.934456076467910759e-03
