# itime ezz other fcc hcp bcc ico
0.000000000000000000e+00 0.000000000000000000e+00 1.365498406918525280e-03 9.986345015930814251e-01 0.000000000000000000e+00 0.000000000000000000e+00 0.000000000000000000e+00
3.000000000000000000e+00 1.200017176999468305e-03 1.024123805188893906e-03 9.989758761948110966e-01 0.000000000000000000e+00 0.000000000000000000e+00 0.000000000000000000e+00
6.000000000000000000e+00 2.400034353998936609e-03 2.048247610377787811e-03 9.979517523896221931e-01 0.000000000000000000e+00 0.000000000000000000e+00 0.000000000000000000e+00
9.000000000000000000e+00 3.600051530998404914e-03 2.844788347746927612e-03 9.971552116522530707e-01 0.000000000000000000e+00 0.000000000000000000e+00 0.000000000000000000e+00
1.200000000000000000e+01 4.800068707997873219e-03 2.730996813837050560e-03 9.972690031861629611e-01 0.000000000000000000e+00 0.000000000000000000e+00 0.000000000000000000e+00
1.500000000000000000e+01 6.000085884997341523e-03 1.479289940828402332e-03 9.985207100591716456e-01 0.000000000000000000e+00 0.000000000000000000e+00 0.000000000000000000e+00
1.800000000000000000e+01 7.200103061996809828e-03 1.934456076467910759e-03 9.980655439235320836e-01 0.000000000000000000e+00 0.000000000000000000e+00 0.000000000000000000e+00
2.100000000000000000e+01 8.400120238996278133e-03 2.275830678197541916e-03 9.977241693218024121e-01 0.000000000000000000e+00 0.000000000000000000e+00 0.000000000000000000e+00
2.400000000000000000e+01 9.600137415995746437e-03 2.389622212107419402e-03 9.976103777878926326e-01 0.000000000000000000e+00 0.000000000000000000e+00 0.000000000000000000e+00
2.700000000000000000e+01 1.080015459299521474e-02 1.593081474738279385e-03 9.984069185252617551e-01 0.000000000000000000e+00 0.000000000000000000e+00 0.000000000000000000e+00
3.000000000000000000e+01 1.200017176999468305e-02 1.706873008648156654e-03 9.982931269913518646e-01 0.000000000000000000e+00 0.000000000000000000e+00 0.000000000000000000e+00
3.300000000000000000e+01 1.320018894699415135e-02 1.365498406918525280e-03 9.986345015930814251e-01 0.000000000000000000e+00 0.000000000000000000e+00 0.000000000000000000e+00
3.600000000000000000e+01 1.440020612399361966e-02 9.103322712790168532e-04 9.990896677287209870e-01 0.000000000000000000e+00 0.000000000000000000e+00 0.000000000000000000e+00
3.900000000000000000e+01 1.560022330099308796e-02 1.593081474738279385e-03 9.984069185252617551e-01 0.000000000000000000e+00 0.000000000000000000e+00 0.000000000000000000e+00
4.200000000000000000e+01 1.680024047799255627e-02 2.048247610377787811e-03 9.979517523896221931e-01 0.000000000000000000e+00 0.000000000000000000e+00 0.000000000000000000e+00
4.500000000000000000e+01 1.800025765499202457e-02 1.820664542558033706e-03 9.981793354574419741e-01 0.000000000000000000e+00 0.000000000000000000e+00 0.000000000000000000e+00
4.800000000000000000e+01 1.920027483199149287e-02 1.479289940828402332e-03 9.984069185252617551e-01 0.000000000000000000e+00 1.137915339098771066e-04 0.000000000000000000e+00
5.100000000000000000e+01 2.040029200899096118e-02 1.934456076467910759e-03 9.980655439235320836e-01 0.000000000000000000e+00 0.000000000000000000e+00 0.000000000000000000e+00
5.400000000000000000e+01 2.160030918599042948e-02 1.934456076467910759e-03 9.979517523896221931e-01 0.000000000000000000e+00 1.137915339098771066e-04 0.000000000000000000e+00
5.700000000000000000e+01 2.280032636298989779e-02 2.048247610377787811e-03 9.978379608557123026e-01 0.000000000000000000e+00 1.137915339098771066e-04 0.000000000000000000e+00
6.000000000000000000e+01 2.400034353998936609e-02 1.137915339098770958e-03 9.988620846609012061e-01 0.000000000000000000e+00 0.000000000000000000e+00 0.000000000000000000e+00
6.300000000000000000e+01 2.520036071698883440e-02 1.706873008648156654e-03 9.982931269913518646e-01 0.000000000000000000e+00 0.000000000000000000e+00 0.000000000000000000e+00
6.600000000000000000e+01 2.640037789398830270e-02 1.934456076467910759e-03 9.980655439235320836e-01 0.000000000000000000e+00 0.000000000000000000e+00 0.000000000000000000e+00
6.900000000000000000e+01 2.760039507098777101e-02 2.162039144287664864e-03 9.978379608557123026e-01 0.000000000000000000e+00 0.000000000000000000e+00 0.000000000000000000e+00
7.200000000000000000e+01 2.880041224798723931e-02 2.275830678197541916e-03 9.977241693218024121e-01 0.000000000000000000e+00 0.000000000000000000e+00 0.000000000000000000e+00
7.500000000000000000e+01 3.000042942498670762e-02 2.958579881656804664e-03 9.969276285844332897e-01 0.000000000000000000e+00 1.137915339098771066e-04 0.000000000000000000e+00
7.800000000000000000e+01 3.120044660198617592e-02 2.617205279927173507e-03 9.973827947200728516e-01 0.000000000000000000e+00 0.000000000000000000e+00 0.000000000000000000e+00
8.100000000000000000e+01 3.240046377898564423e-02 2.730996813837050560e-03 9.971552116522530707e-01 0.000000000000000000e+00 1.137915339098771066e-04 0.000000000000000000e+00
8.400000000000000000e+01 3.360048095598511253e-02 4.096495220755575623e-03 9.957897132453344957e-01 0.000000000000000000e+00 1.137915339098771066e-04 0.000000000000000000e+00
8.700000000000000000e+01 3.480049813298458083e-02 3.868912152935821518e-03 9.960172963131542767e-01 0.000000000000000000e+00 1.137915339098771066e-04 0.000000000000000000e+00
9.000000000000000000e+01 3.600051530998404914e-02 3.072371415566681717e-03 9.968138370505233992e-01 0.000000000000000000e+00 1.137915339098771066e-04 0.000000000000000000e+00
9.300000000000000000e+01 3.720053248698351744e-02 3.413746017296313308e-03 9.963586709148839482e-01 0.000000000000000000e+00 2.275830678197542133e-04 0.000000000000000000e+00
9.600000000000000000e+01 3.840054966398298575e-02 4.665452890304961318e-03 9.949931725079653733e-01 0.000000000000000000e+00 3.413746017296313199e-04 0.000000000000000000e+00
9.900000000000000000e+01 3.960056684098245405e-02 6.030951297223486815e-03 9.936276741010469093e-01 0.000000000000000000e+00 3.413746017296313199e-04 0.000000000000000000e+00
1.020000000000000000e+02 4.080058401798192236e-02 7.737824305871643035e-03 9.920345926263085534e-01 0.000000000000000000e+00 2.275830678197542133e-04 0.000000000000000000e+00
1.050000000000000000e+02 4.200060119498139066e-02 8.420573509330906217e-03 9.913518434228493215e-01 0.000000000000000000e+00 2.275830678197542133e-04 0.000000000000000000e+00
1.080000000000000000e+02 4.320061837198085897e-02 7.851615839781519654e-03 9.920345926263085534e-01 0.000000000000000000e+00 1.137915339098771066e-04 0.000000000000000000e+00
1.110000000000000000e+02 4.440063554898032727e-02 7.055075102412380721e-03 9.928311333636777869e-01 0.000000000000000000e+00 1.137915339098771066e-04 0.000000000000000000e+00
1.140000000000000000e+02 4.560065272597979558e-02 6.258534365043240920e-03 9.937414656349567998e-01 0.000000000000000000e+00 0.000000000000000000e+00 0.000000000000000000e+00
1.170000000000000000e+02 4.680066990297926388e-02 6.599908966772872511e-03 9.931725079654073474e-01 0.000000000000000000e+00 2.275830678197542133e-04 0.000000000000000000e+00
1.200000000000000000e+02 4.800068707997873219e-02 7.624032771961766417e-03 9.920345926263085534e-01 0.000000000000000000e+00 3.413746017296313199e-04 0.000000000000000000e+00
1.230000000000000000e+02 4.920070425697820049e-02 7.624032771961766417e-03 9.921483841602184439e-01 0.000000000000000000e+00 2.275830678197542133e-04 0.000000000000000000e+00
1.260000000000000000e+02 5.040072143397766880e-02 8.648156577150659455e-03 9.913518434228493215e-01 0.000000000000000000e+00 0.000000000000000000e+00 0.000000000000000000e+00
1.290000000000000000e+02 5.160073861097713710e-02 8.761948111060537808e-03 9.910104688211197610e-01 0.000000000000000000e+00 2.275830678197542133e-04 0.000000000000000000e+00
1.320000000000000000e+02 5.280075578797660540e-02 8.192990441511151245e-03 9.913518434228493215e-01 0.000000000000000000e+00 4.551661356395084266e-04 0.000000000000000000e+00
1.350000000000000000e+02 5.400077296497607371e-02 9.558488848429677609e-03 9.898725534820209671e-01 0.000000000000000000e+00 5.689576695493854790e-04 0.000000000000000000e+00
1.380000000000000000e+02 5.520079014197554201e-02 1.285844333181611343e-02 9.868001820664542567e-01 0.000000000000000000e+00 3.413746017296313199e-04 0.000000000000000000e+00
1.410000000000000000e+02 5.640080731897501032e-02 1.604460628129267263e-02 9.835002275830677654e-01 0.000000000000000000e+00 4.551661356395084266e-04 0.000000000000000000e+00
1.440000000000000000e+02 5.760082449597447862e-02 1.911697769685935522e-02 9.798588984979517136e-01 0.000000000000000000e+00 1.024123805188893906e-03 0.000000000000000000e+00
1.470000000000000000e+02 5.880084167297394693e-02 1.866181156121984527e-02 9.800864815657714946e-01 0.000000000000000000e+00 1.251706873008648227e-03 0.000000000000000000e+00
1.500000000000000000e+02 6.000085884997341523e-02 1.718252162039144229e-02 9.823623122439690825e-01 0.000000000000000000e+00 4.551661356395084266e-04 0.000000000000000000e+00
1.530000000000000000e+02 6.120087602697288354e-02 1.706873008648156567e-02 9.821347291761493015e-01 0.000000000000000000e+00 7.965407373691396923e-04 0.000000000000000000e+00
1.560000000000000000e+02 6.240089320397235184e-02 1.661356395084205573e-02 9.824761037778789730e-01 0.000000000000000000e+00 9.103322712790168532e-04 0.000000000000000000e+00
1.590000000000000000e+02 6.360091038097182015e-02 1.741010468821119553e-02 9.813381884387801790e-01 0.000000000000000000e+00 1.251706873008648227e-03 0.000000000000000000e+00
1.620000000000000000e+02 6.480092755797128845e-02 2.253072371415566766e-02 9.766727355484752238e-01 0.000000000000000000e+00 7.965407373691396923e-04 0.000000000000000000e+00
1.650000000000000000e+02 6.600094473497075676e-02 2.605826126536185672e-02 9.732589895311788419e-01 0.000000000000000000e+00 6.827492034592626399e-04 0.000000000000000000e+00
1.680000000000000000e+02 6.720096191197022506e-02 3.174783796085571541e-02 9.672280382339554228e-01 0.000000000000000000e+00 1.024123805188893906e-03 0.000000000000000000e+00
1.710000000000000000e+02 6.840097908896969336e-02 3.584433318161128756e-02 9.629039599453800280e-01 0.000000000000000000e+00 1.251706873008648227e-03 0.000000000000000000e+00
1.740000000000000000e+02 6.960099626596916167e-02 3.823395539371871044e-02 9.601729631315429891e-01 0.000000000000000000e+00 1.593081474738279385e-03 0.000000000000000000e+00
1.770000000000000000e+02 7.080101344296862997e-02 4.267182521620391245e-02 9.555075102412380339e-01 0.000000000000000000e+00 1.820664542558033706e-03 0.000000000000000000e+00
1.800000000000000000e+02 7.200103061996809828e-02 4.380974055530268557e-02 9.538006372325898985e-01 0.000000000000000000e+00 2.389622212107419402e-03 0.000000000000000000e+00
1.830000000000000000e+02 7.320104779696756658e-02 4.335457441966317910e-02 9.545971779699590209e-01 0.000000000000000000e+00 2.048247610377787811e-03 0.000000000000000000e+00
1.860000000000000000e+02 7.440106497396703489e-02 4.790623577605826466e-02 9.502730996813837372e-01 0.000000000000000000e+00 1.820664542558033706e-03 0.000000000000000000e+00
1.890000000000000000e+02 7.560108215096650319e-02 4.927173418297678409e-02 9.486800182066453813e-01 0.000000000000000000e+00 2.048247610377787811e-03 0.000000000000000000e+00
1.920000000000000000e+02 7.680109932796597150e-02 5.234410559854346667e-02 9.462903959945380139e-01 0.000000000000000000e+00 1.365498406918525280e-03 0.000000000000000000e+00
1.950000000000000000e+02 7.800111650496543980e-02 5.598543468365953235e-02 9.428766499772417431e-01 0.000000000000000000e+00 1.137915339098770958e-03 0.000000000000000000e+00
1.980000000000000000e+02 7.920113368196490811e-02 5.951297223486572835e-02 9.388939462903960198e-01 0.000000000000000000e+00 1.593081474738279385e-03 0.000000000000000000e+00
2.010000000000000000e+02 8.040115085896437641e-02 6.531634046426945672e-02 9.329767865270823801e-01 0.000000000000000000e+00 1.706873008648156654e-03 0.000000000000000000e+00
2.040000000000000000e+02 8.160116803596384472e-02 6.895766954938552240e-02 9.280837505689576439e-01 0.000000000000000000e+00 2.958579881656804664e-03 0.000000000000000000e+00
2.070000000000000000e+02 8.280118521296331302e-02 7.123350022758306865e-02 9.251251706873008240e-01 0.000000000000000000e+00 3.641329085116067413e-03 0.000000000000000000e+00
2.100000000000000000e+02 8.400120238996278133e-02 7.043695949021393232e-02 9.261492944924897275e-01 0.000000000000000000e+00 3.413746017296313308e-03 0.000000000000000000e+00
2.130000000000000000e+02 8.520121956696224963e-02 7.259899863450158808e-02 9.236458807464724696e-01 0.000000000000000000e+00 3.755120619025944465e-03 0.000000000000000000e+00
2.160000000000000000e+02 8.640123674396171793e-02 7.885753299954482987e-02 9.170459717796995980e-01 0.000000000000000000e+00 4.096495220755575623e-03 0.000000000000000000e+00
2.190000000000000000e+02 8.760125392096118624e-02 8.397815202548930547e-02 9.111288120163859583e-01 0.000000000000000000e+00 4.893035958124715423e-03 0.000000000000000000e+00
2.220000000000000000e+02 8.880127109796065454e-02 8.761948111060537114e-02 9.062357760582612221e-01 0.000000000000000000e+00 6.144742831133363434e-03 0.000000000000000000e+00
2.250000000000000000e+02 9.000128827496012285e-02 9.410559854346836617e-02 8.996358670914883504e-01 0.000000000000000000e+00 6.258534365043240920e-03 0.000000000000000000e+00
2.280000000000000000e+02 9.120130545195959115e-02 1.005917159763313612e-01 8.934911242603550408e-01 0.000000000000000000e+00 5.917159763313609329e-03 0.000000000000000000e+00
2.310000000000000000e+02 9.240132262895905946e-02 1.096950386891215323e-01 8.855257168866635942e-01 0.000000000000000000e+00 4.779244424214838804e-03 0.000000000000000000e+00
2.340000000000000000e+02 9.360133980595852776e-02 1.215293582157487423e-01 8.731224396904869733e-01 0.000000000000000000e+00 5.348202093764223633e-03 0.000000000000000000e+00
2.370000000000000000e+02 9.480135698295799607e-02 1.268775603095129711e-01 8.669776968593536637e-01 0.000000000000000000e+00 6.144742831133363434e-03 0.000000000000000000e+00
2.400000000000000000e+02 9.600137415995746437e-02 1.359808830223031284e-01 8.555985434683659463e-01 0.000000000000000000e+00 8.420573509330906217e-03 0.000000000000000000e+00
2.430000000000000000e+02 9.720139133695693268e-02 1.453117888029130667e-01 8.466090122894857073e-01 0.000000000000000000e+00 8.079198907601274626e-03 0.000000000000000000e+00
2.460000000000000000e+02 9.840140851395640098e-02 1.520254893035958010e-01 8.389849795175239322e-01 0.000000000000000000e+00 8.989531178880291046e-03 0.000000000000000000e+00
2.490000000000000000e+02 9.960142569095586929e-02 1.644287664997724219e-01 8.260127446517978589e-01 0.000000000000000000e+00 9.558488848429677609e-03 0.000000000000000000e+00
2.520000000000000000e+02 1.008014428679553376e-01 1.795630405097860816e-01 8.101957214383249672e-01 0.000000000000000000e+00 1.024123805188893906e-02 0.000000000000000000e+00
2.550000000000000000e+02 1.020014600449548059e-01 1.890077378243058825e-01 8.009786071916249472e-01 0.000000000000000000e+00 1.001365498406918582e-02 0.000000000000000000e+00
2.580000000000000000e+02 1.032014772219542742e-01 1.952662721893491105e-01 7.919890760127445972e-01 0.000000000000000000e+00 1.274465179790623508e-02 0.000000000000000000e+00
2.610000000000000000e+02 1.044014943989537425e-01 2.045971779699590487e-01 7.825443786982249073e-01 0.000000000000000000e+00 1.285844333181611343e-02 0.000000000000000000e+00
2.640000000000000000e+02 1.056015115759532108e-01 2.162039144287664916e-01 7.709376422394174089e-01 0.000000000000000000e+00 1.285844333181611343e-02 0.000000000000000000e+00
2.670000000000000000e+02 1.068015287529526791e-01 2.257624032771961831e-01 7.597860719162494725e-01 0.000000000000000000e+00 1.445152480655439303e-02 0.000000000000000000e+00
2.700000000000000000e+02 1.080015459299521474e-01 2.381656804733727761e-01 7.472690031861629611e-01 0.000000000000000000e+00 1.456531634046426965e-02 0.000000000000000000e+00
2.730000000000000000e+02 1.092015631069516157e-01 2.415794264906691025e-01 7.411242603550295405e-01 0.000000000000000000e+00 1.729631315430131891e-02 0.000000000000000000e+00
2.760000000000000000e+02 1.104015802839510840e-01 2.579654073736913911e-01 7.221210741920801590e-01 0.000000000000000000e+00 1.991351843422849502e-02 0.000000000000000000e+00
2.790000000000000000e+02 1.116015974609505523e-01 2.750341374601729671e-01 7.043695949021392400e-01 0.000000000000000000e+00 2.059626763768775473e-02 0.000000000000000000e+00
2.820000000000000000e+02 1.128016146379500206e-01 2.867546654528903005e-01 6.882111970869366768e-01 0.000000000000000000e+00 2.503413746017296368e-02 0.000000000000000000e+00
2.850000000000000000e+02 1.140016318149494889e-01 2.950614474283113076e-01 6.783113336367774249e-01 0.000000000000000000e+00 2.662721893491124328e-02 0.000000000000000000e+00
2.880000000000000000e+02 1.152016489919489572e-01 3.080336822940373254e-01 6.654528903049613531e-01 0.000000000000000000e+00 2.651342740100136666e-02 0.000000000000000000e+00
2.910000000000000000e+02 1.164016661689484256e-01 3.232817478379608755e-01 6.482703686845698865e-01 0.000000000000000000e+00 2.844788347746927612e-02 0.000000000000000000e+00
2.940000000000000000e+02 1.176016833459478939e-01 3.425125170687300935e-01 6.282430587164314906e-01 0.000000000000000000e+00 2.924442421483841592e-02 0.000000000000000000e+00
2.970000000000000000e+02 1.188017005229473622e-01 3.592398725534819981e-01 6.096950386891215601e-01 0.000000000000000000e+00 3.106508875739644876e-02 0.000000000000000000e+00
3.000000000000000000e+02 1.200017176999468305e-01 3.746017296313154388e-01 5.894401456531633832e-01 0.000000000000000000e+00 3.595812471552116418e-02 0.000000000000000000e+00
3.030000000000000000e+02 1.212017348769462988e-01 3.928083750568957533e-01 5.685025034137459743e-01 0.000000000000000000e+00 3.868912152935821691e-02 0.000000000000000000e+00
3.060000000000000000e+02 1.224017520539457671e-01 4.145425580336822846e-01 5.465407373691397730e-01 0.000000000000000000e+00 3.891670459717797015e-02 0.000000000000000000e+00
3.090000000000000000e+02 1.236017692309452354e-01 4.201183431952662528e-01 5.345926263086026031e-01 0.000000000000000000e+00 4.528903049613108855e-02 0.000000000000000000e+00
3.120000000000000000e+02 1.248017864079447037e-01 4.360491579426490905e-01 5.172963131543013571e-01 1.137915339098771066e-04 4.654073736913973830e-02 0.000000000000000000e+00
3.150000000000000000e+02 1.260018035849441720e-01 4.462903959945380139e-01 5.061447428311333097e-01 1.137915339098771066e-04 4.745106964041875125e-02 0.000000000000000000e+00
3.180000000000000000e+02 1.272018207619436403e-01 4.601729631315429891e-01 4.873691397360036537e-01 1.137915339098771066e-04 5.234410559854346667e-02 0.000000000000000000e+00
3.210000000000000000e+02 1.284018379389431086e-01 4.745106964041875264e-01 4.715521165225307065e-01 1.137915339098771066e-04 5.382339553937186966e-02 0.000000000000000000e+00
3.240000000000000000e+02 1.296018551159425769e-01 4.893035958124715701e-01 4.545971779699590209e-01 1.137915339098771066e-04 5.598543468365953235e-02 0.000000000000000000e+00
3.270000000000000000e+02 1.308018722929420452e-01 5.063723258989530907e-01 4.325216203914428736e-01 3.413746017296313199e-04 6.076467910787437116e-02 0.000000000000000000e+00
3.300000000000000000e+02 1.320018894699415135e-01 5.287892580791988539e-01 4.070323167956304000e-01 2.275830678197542133e-04 6.395084205735093730e-02 0.000000000000000000e+00
3.330000000000000000e+02 1.332019066469409818e-01 5.408511606736459143e-01 3.893946290395994270e-01 1.024123805188893906e-03 6.873008648156576916e-02 0.000000000000000000e+00
3.360000000000000000e+02 1.344019238239404501e-01 5.545061447428311086e-01 3.727810650887574129e-01 1.479289940828402332e-03 7.123350022758306865e-02 0.000000000000000000e+00
3.390000000000000000e+02 1.356019410009399184e-01 5.690714610832954268e-01 3.534365043240783044e-01 1.479289940828402332e-03 7.601274465179790052e-02 0.000000000000000000e+00
3.420000000000000000e+02 1.368019581779393867e-01 5.807919890760127046e-01 3.329540282203004020e-01 1.365498406918525280e-03 8.488848429676831842e-02 0.000000000000000000e+00
3.450000000000000000e+02 1.380019753549388550e-01 5.927401001365498745e-01 3.174783796085571264e-01 1.479289940828402332e-03 8.830223031406463086e-02 0.000000000000000000e+00
3.480000000000000000e+02 1.392019925319383233e-01 6.019572143832498945e-01 3.015475648611743442e-01 2.162039144287664864e-03 9.433318161128811941e-02 0.000000000000000000e+00
3.510000000000000000e+02 1.404020097089377916e-01 6.125398270368684894e-01 2.872098315885298070e-01 2.617205279927173507e-03 9.763313609467455523e-02 0.000000000000000000e+00
3.540000000000000000e+02 1.416020268859372599e-01 6.242603550295857673e-01 2.727583067819754348e-01 3.186162949476558769e-03 9.979517523896222486e-02 0.000000000000000000e+00
3.570000000000000000e+02 1.428020440629367283e-01 6.349567592171142527e-01 2.546654528903049552e-01 2.617205279927173507e-03 1.077605826126536159e-01 0.000000000000000000e+00
3.600000000000000000e+02 1.440020612399361966e-01 6.470186618115612021e-01 2.389622212107419263e-01 3.413746017296313308e-03 1.106053709604005453e-01 0.000000000000000000e+00
3.630000000000000000e+02 1.452020784169356649e-01 6.553254437869822091e-01 2.241693218024579104e-01 5.120619025944469528e-03 1.153846153846153910e-01 0.000000000000000000e+00
3.660000000000000000e+02 1.464020955939351332e-01 6.653390987710514626e-01 2.067592171142466906e-01 5.575785161583977738e-03 1.223258989531178925e-01 0.000000000000000000e+00
3.690000000000000000e+02 1.476021127709346015e-01 6.708010923987255403e-01 1.945835229858898507e-01 6.030951297223486815e-03 1.285844333181611343e-01 0.000000000000000000e+00
3.720000000000000000e+02 1.488021299479340698e-01 6.803595812471552318e-01 1.805871643149749572e-01 7.055075102412380721e-03 1.319981793354574329e-01 0.000000000000000000e+00
3.750000000000000000e+02 1.500021471249335381e-01 6.862767410104688715e-01 1.682976786527082269e-01 8.079198907601274626e-03 1.373463814292216756e-01 0.000000000000000000e+00
3.780000000000000000e+02 1.512021643019330064e-01 6.923076923076922906e-01 1.569185252617205373e-01 8.989531178880291046e-03 1.417842512517068776e-01 0.000000000000000000e+00
3.810000000000000000e+02 1.524021814789324747e-01 6.926490669094219621e-01 1.505461993627674189e-01 1.001365498406918582e-02 1.467910787437414766e-01 0.000000000000000000e+00
3.840000000000000000e+02 1.536021986559319430e-01 6.973145197997269173e-01 1.425807919890760000e-01 1.149294492489758707e-02 1.486117432862995025e-01 0.000000000000000000e+00
3.870000000000000000e+02 1.548022158329314113e-01 7.053937187073281434e-01 1.352981338188438687e-01 1.115157032316795548e-02 1.481565771506599960e-01 0.000000000000000000e+00
3.900000000000000000e+02 1.560022330099308796e-01 7.111970869367318926e-01 1.260810195721438209e-01 1.251706873008648184e-02 1.502048247610377751e-01 0.000000000000000000e+00
3.930000000000000000e+02 1.572022501869303479e-01 7.174556213017750927e-01 1.144742831133363642e-01 1.274465179790623508e-02 1.553254437869822369e-01 0.000000000000000000e+00
3.960000000000000000e+02 1.584022673639298162e-01 7.220072826581702685e-01 1.082157487482931224e-01 1.411015020482476144e-02 1.556668183887118806e-01 0.000000000000000000e+00
3.990000000000000000e+02 1.596022845409292845e-01 7.287209831588530307e-01 1.019572143832498806e-01 1.354119253527537488e-02 1.557806099226217433e-01 0.000000000000000000e+00
4.020000000000000000e+02 1.608023017179287528e-01 7.339553937187073274e-01 9.547109695038688559e-02 1.513427401001365448e-02 1.554392353208921274e-01 0.000000000000000000e+00
4.050000000000000000e+02 1.620023188949282211e-01 7.410104688211197610e-01 8.955393718707328754e-02 1.524806554392353283e-02 1.541875284478834707e-01 0.000000000000000000e+00
4.080000000000000000e+02 1.632023360719276894e-01 7.397587619481110766e-01 8.511606736458807165e-02 1.729631315430131891e-02 1.578288575329995502e-01 0.000000000000000000e+00
4.110000000000000000e+02 1.644023532489271577e-01 7.419208010923987739e-01 7.988165680473373331e-02 1.797906235776058209e-02 1.602184797451069731e-01 0.000000000000000000e+00
4.140000000000000000e+02 1.656023704259266260e-01 7.462448793809740577e-01 7.328174783796086167e-02 1.900318616294947513e-02 1.614701866181156020e-01 0.000000000000000000e+00
4.170000000000000000e+02 1.668023876029260943e-01 7.504551661356395620e-01 6.781975421028675621e-02 2.082385070550751144e-02 1.609012289485662328e-01 0.000000000000000000e+00
4.200000000000000000e+02 1.680024047799255627e-01 7.595584888484296915e-01 6.304050978607191047e-02 2.036868456986800149e-02 1.570323167956304000e-01 0.000000000000000000e+00
4.230000000000000000e+02 1.692024219569250310e-01 7.658170232134728916e-01 5.894401456531633832e-02 1.911697769685935522e-02 1.561219845243513871e-01 0.000000000000000000e+00
4.260000000000000000e+02 1.704024391339244993e-01 7.657032316795630011e-01 5.700955848884842886e-02 2.059626763768775473e-02 1.566909421939007840e-01 0.000000000000000000e+00
4.290000000000000000e+02 1.716024563109239676e-01 7.667273554847519046e-01 5.416477014110149951e-02 2.173418297678652786e-02 1.573736913973600438e-01 0.000000000000000000e+00
4.320000000000000000e+02 1.728024734879234359e-01 7.691169776968593830e-01 5.314064633591260994e-02 2.139280837505689453e-02 1.563495675921711403e-01 0.000000000000000000e+00
4.350000000000000000e+02 1.740024906649229042e-01 7.687756030951297115e-01 5.143377332726445372e-02 2.036868456986800149e-02 1.594219390077378229e-01 0.000000000000000000e+00
4.380000000000000000e+02 1.752025078419223725e-01 7.725307237141556538e-01 5.040964952207555722e-02 2.071005917159763482e-02 1.563495675921711403e-01 0.000000000000000000e+00
4.410000000000000000e+02 1.764025250189218408e-01 7.723031406463358728e-01 4.972690031861629750e-02 2.184797451069640448e-02 1.561219845243513871e-01 0.000000000000000000e+00
4.440000000000000000e+02 1.776025421959213091e-01 7.767410104688211581e-01 4.893035958124715423e-02 2.298588984979517413e-02 1.513427401001365413e-01 0.000000000000000000e+00
4.470000000000000000e+02 1.788025593729207774e-01 7.775375512061902805e-01 4.927173418297678409e-02 2.355484751934456070e-02 1.496358670914884059e-01 0.000000000000000000e+00
4.500000000000000000e+02 1.800025765499202457e-01 7.822030040964952358e-01 4.870277651342740100e-02 2.355484751934456070e-02 1.455393718707328199e-01 0.000000000000000000e+00
4.530000000000000000e+02 1.812025937269197140e-01 7.883477469276285454e-01 4.710969503868912139e-02 2.309968138370505075e-02 1.414428766499772339e-01 0.000000000000000000e+00
4.560000000000000000e+02 1.824026109039191823e-01 7.884615384615384359e-01 4.403732362312243881e-02 2.480655439235321044e-02 1.426945835229858905e-01 0.000000000000000000e+00
4.590000000000000000e+02 1.836026280809186506e-01 7.951752389622211981e-01 4.221665908056440597e-02 2.469276285844333035e-02 1.379153390987710448e-01 0.000000000000000000e+00
4.620000000000000000e+02 1.848026452579181189e-01 8.056440600819299025e-01 4.107874374146563284e-02 2.560309512972235024e-02 1.276741010468821214e-01 0.000000000000000000e+00
4.650000000000000000e+02 1.860026624349175872e-01 8.070095584888484774e-01 4.096495220755575623e-02 2.696859353664087314e-02 1.250568957669549452e-01 0.000000000000000000e+00
4.680000000000000000e+02 1.872026796119170555e-01 8.133818843878015681e-01 3.903049613108784677e-02 2.810650887573964626e-02 1.194811106053709632e-01 0.000000000000000000e+00
4.710000000000000000e+02 1.884026967889165238e-01 8.140646335912608000e-01 3.800637232589895026e-02 2.674101046882111990e-02 1.211879836140191125e-01 0.000000000000000000e+00
4.740000000000000000e+02 1.896027139659159921e-01 8.191852526172053173e-01 3.686845698680018407e-02 2.719617660446062984e-02 1.167501137915339104e-01 0.000000000000000000e+00
4.770000000000000000e+02 1.908027311429154604e-01 8.212335002275830131e-01 3.686845698680018407e-02 2.799271734182976618e-02 1.139053254437869811e-01 0.000000000000000000e+00
4.800000000000000000e+02 1.920027483199149287e-01 8.276058261265362148e-01 3.436504324078288458e-02 2.719617660446062984e-02 1.108329540282202985e-01 0.000000000000000000e+00
4.830000000000000000e+02 1.932027654969143970e-01 8.284023668639053373e-01 3.482020937642239106e-02 2.992717341829767910e-02 1.068502503413746030e-01 0.000000000000000000e+00
4.860000000000000000e+02 1.944027826739138654e-01 8.340919435593991960e-01 3.584433318161128756e-02 3.095129722348657214e-02 9.911242603550296515e-02 0.000000000000000000e+00
4.890000000000000000e+02 1.956027998509133337e-01 8.354574419663176599e-01 3.311333636777423484e-02 3.163404642694583185e-02 9.979517523896222486e-02 0.000000000000000000e+00
4.920000000000000000e+02 1.968028170279128020e-01 8.372781065088756858e-01 3.152025489303595523e-02 3.072371415566681890e-02 1.004779244424214846e-01 0.000000000000000000e+00
4.950000000000000000e+02 1.980028342049122703e-01 8.375056895766954668e-01 3.288575329995448160e-02 3.083750568957669552e-02 9.877105143377332142e-02 0.000000000000000000e+00
4.980000000000000000e+02 1.992028513819117386e-01 8.414883932635411901e-01 3.208921256258534527e-02 3.117888029130632538e-02 9.524351388256713236e-02 0.000000000000000000e+00
5.010000000000000000e+02 2.004028685589112069e-01 8.428538916704597650e-01 3.140646335912607862e-02 3.299954483386435822e-02 9.274010013654984674e-02 0.000000000000000000e+00
5.040000000000000000e+02 2.016028857359106752e-01 8.441055985434683384e-01 3.163404642694583185e-02 3.470641784251251444e-02 8.955393718707328754e-02 0.000000000000000000e+00
5.070000000000000000e+02 2.028029029129101435e-01 8.464952207555758168e-01 3.220300409649522189e-02 3.584433318161128756e-02 8.545744196631770151e-02 0.000000000000000000e+00
5.100000000000000000e+02 2.040029200899096118e-01 8.503641329085116496e-01 3.163404642694583185e-02 3.470641784251251444e-02 8.329540282203004575e-02 0.000000000000000000e+00
5.130000000000000000e+02 2.052029372669090801e-01 8.586709148839326566e-01 3.083750568957669552e-02 3.265817023213472836e-02 7.783340919435594030e-02 0.000000000000000000e+00
5.160000000000000000e+02 2.064029544439085484e-01 8.620846609012289274e-01 2.867546654528902936e-02 3.299954483386435822e-02 7.624032771961765376e-02 0.000000000000000000e+00
5.190000000000000000e+02 2.076029716209080167e-01 8.641329085116067343e-01 2.844788347746927612e-02 3.299954483386435822e-02 7.441966317705962786e-02 0.000000000000000000e+00
5.220000000000000000e+02 2.088029887979074850e-01 8.633363677742376119e-01 2.742375967228038308e-02 3.413746017296313134e-02 7.510241238051888757e-02 0.000000000000000000e+00
5.250000000000000000e+02 2.100030059749069533e-01 8.628812016385980499e-01 2.696859353664087314e-02 3.311333636777423484e-02 7.703686845698680397e-02 0.000000000000000000e+00
5.280000000000000000e+02 2.112030231519064216e-01 8.618570778334091465e-01 2.708238507055074976e-02 3.459262630860263782e-02 7.646791078743742087e-02 0.000000000000000000e+00
5.310000000000000000e+02 2.124030403289058899e-01 8.674328629949932257e-01 2.730996813837050646e-02 3.208921256258534527e-02 7.316795630405098505e-02 0.000000000000000000e+00
5.340000000000000000e+02 2.136030575059053582e-01 8.709604005461993870e-01 2.685480200273099652e-02 3.129267182521620200e-02 7.089212562585343880e-02 0.000000000000000000e+00
5.370000000000000000e+02 2.148030746829048265e-01 8.750568957669548897e-01 2.560309512972235024e-02 3.197542102867546865e-02 6.736458807464724974e-02 0.000000000000000000e+00
5.400000000000000000e+02 2.160030918599042948e-01 8.767637687756031362e-01 2.526172052799271692e-02 3.163404642694583185e-02 6.634046426945834629e-02 0.000000000000000000e+00
5.430000000000000000e+02 2.172031090369037631e-01 8.775603095129722586e-01 2.548930359581247015e-02 3.152025489303595523e-02 6.543013199817933334e-02 0.000000000000000000e+00
5.460000000000000000e+02 2.184031262139032314e-01 8.827947200728265553e-01 2.401001365498407064e-02 3.038233955393718558e-02 6.281292671825215723e-02 0.000000000000000000e+00
5.490000000000000000e+02 2.196031433909026997e-01 8.829085116067364458e-01 2.480655439235321044e-02 3.231679563040509851e-02 5.996813837050523482e-02 0.000000000000000000e+00
5.520000000000000000e+02 2.208031605679021681e-01 8.805188893946290785e-01 2.708238507055074976e-02 3.413746017296313134e-02 5.826126536185707860e-02 0.000000000000000000e+00
5.550000000000000000e+02 2.220031777449016364e-01 8.808602639963586389e-01 2.765134274010013632e-02 3.493400091033227461e-02 5.655439235320892238e-02 0.000000000000000000e+00
5.580000000000000000e+02 2.232031949219011047e-01 8.857532999544833752e-01 2.662721893491124328e-02 3.425125170687300796e-02 5.336822940373236318e-02 0.000000000000000000e+00
5.610000000000000000e+02 2.244032120989005730e-01 8.912152935821574529e-01 2.583067819754210348e-02 3.163404642694583185e-02 5.131998179335457710e-02 0.000000000000000000e+00
5.640000000000000000e+02 2.256032292759000413e-01 8.961083295402821891e-01 2.583067819754210348e-02 2.981338188438780248e-02 4.824761037778789452e-02 0.000000000000000000e+00
5.670000000000000000e+02 2.268032464528995096e-01 8.929221665908056993e-01 2.605826126536185672e-02 3.060992262175694228e-02 5.040964952207555722e-02 0.000000000000000000e+00
5.700000000000000000e+02 2.280032636298989779e-01 8.925807919890760278e-01 2.674101046882111990e-02 3.163404642694583185e-02 4.904415111515703085e-02 0.000000000000000000e+00
5.730000000000000000e+02 2.292032808068984462e-01 8.945152480655439442e-01 2.594446973145198010e-02 3.265817023213472836e-02 4.688211197086936816e-02 0.000000000000000000e+00
5.760000000000000000e+02 2.304032979838979145e-01 8.979289940828402150e-01 2.537551206190259354e-02 3.197542102867546865e-02 4.472007282658170546e-02 0.000000000000000000e+00
5.790000000000000000e+02 2.316033151608973828e-01 8.994082840236686804e-01 2.412380518889394726e-02 3.220300409649522189e-02 4.426490669094219205e-02 0.000000000000000000e+00
5.820000000000000000e+02 2.328033323378968511e-01 8.992944924897587899e-01 2.435138825671370050e-02 3.265817023213472836e-02 4.369594902139280895e-02 0.000000000000000000e+00
5.850000000000000000e+02 2.340033495148963194e-01 9.002048247610378029e-01 2.446517979062357712e-02 3.288575329995448160e-02 4.244424214838415921e-02 0.000000000000000000e+00
5.880000000000000000e+02 2.352033666918957877e-01 9.015703231679562668e-01 2.526172052799271692e-02 3.322712790168411146e-02 3.994082840236686666e-02 0.000000000000000000e+00
5.910000000000000000e+02 2.364033838688952560e-01 9.021392808375057193e-01 2.514792899408284030e-02 3.425125170687300796e-02 3.846153846153846367e-02 0.000000000000000000e+00
5.940000000000000000e+02 2.376034010458947243e-01 9.045289030496130867e-01 2.469276285844333035e-02 3.311333636777423484e-02 3.766499772416932040e-02 0.000000000000000000e+00
5.970000000000000000e+02 2.388034182228941926e-01 9.022530723714156098e-01 2.617205279927173334e-02 3.174783796085571541e-02 3.982703686845699004e-02 0.000000000000000000e+00
6.000000000000000000e+02 2.400034353998936609e-01 9.032771961766045132e-01 2.537551206190259354e-02 3.254437869822485174e-02 3.880291306326809353e-02 0.000000000000000000e+00
6.030000000000000000e+02 2.412034525768931292e-01 9.031634046426946227e-01 2.628584433318160996e-02 3.208921256258534527e-02 3.846153846153846367e-02 0.000000000000000000e+00
6.060000000000000000e+02 2.424034697538925975e-01 9.035047792444241832e-01 2.605826126536185672e-02 3.129267182521620200e-02 3.914428766499772339e-02 0.000000000000000000e+00
6.090000000000000000e+02 2.436034869308920658e-01 9.062357760582612221e-01 2.730996813837050646e-02 3.129267182521620200e-02 3.516158397815202785e-02 0.000000000000000000e+00
6.120000000000000000e+02 2.448035041078915341e-01 9.061219845243514426e-01 2.708238507055074976e-02 3.060992262175694228e-02 3.618570778334091742e-02 0.000000000000000000e+00
6.150000000000000000e+02 2.460035212848910025e-01 9.083978152025489194e-01 2.662721893491124328e-02 2.969959035047792587e-02 3.527537551206190447e-02 0.000000000000000000e+00
6.180000000000000000e+02 2.472035384618904708e-01 9.090805644060081514e-01 2.560309512972235024e-02 2.981338188438780248e-02 3.550295857988165771e-02 0.000000000000000000e+00
6.210000000000000000e+02 2.484035556388899391e-01 9.088529813381884814e-01 2.594446973145198010e-02 3.083750568957669552e-02 3.436504324078288458e-02 0.000000000000000000e+00
6.240000000000000000e+02 2.496035728158894074e-01 9.120391442876649712e-01 2.457897132453345374e-02 3.152025489303595523e-02 3.186162949476559203e-02 0.000000000000000000e+00
6.270000000000000000e+02 2.508035899928888757e-01 9.112426035502958488e-01 2.537551206190259354e-02 3.186162949476559203e-02 3.152025489303595523e-02 0.000000000000000000e+00
6.300000000000000000e+02 2.520036071698883440e-01 9.087391898042785909e-01 2.583067819754210348e-02 3.425125170687300796e-02 3.117888029130632538e-02 0.000000000000000000e+00
6.330000000000000000e+02 2.532036243468878123e-01 9.072598998634501255e-01 2.662721893491124328e-02 3.311333636777423484e-02 3.299954483386435822e-02 0.000000000000000000e+00
6.360000000000000000e+02 2.544036415238872806e-01 9.062357760582612221e-01 2.787892580791988956e-02 3.208921256258534527e-02 3.379608557123350149e-02 0.000000000000000000e+00
6.390000000000000000e+02 2.556036587008867489e-01 9.095357305416477134e-01 2.742375967228038308e-02 3.049613108784706567e-02 3.254437869822485174e-02 0.000000000000000000e+00
6.420000000000000000e+02 2.568036758778862172e-01 9.126081019572144237e-01 2.787892580791988956e-02 2.901684114701866268e-02 3.049613108784706567e-02 0.000000000000000000e+00
6.450000000000000000e+02 2.580036930548856855e-01 9.115839781520255203e-01 2.878925807919890598e-02 2.924442421483841592e-02 3.038233955393718558e-02 0.000000000000000000e+00
6.480000000000000000e+02 2.592037102318851538e-01 9.122667273554847522e-01 2.822030040964952288e-02 2.901684114701866268e-02 3.038233955393718558e-02 1.137915339098771066e-04
6.510000000000000000e+02 2.604037274088846221e-01 9.119253527537550807e-01 2.662721893491124328e-02 2.890304961310878606e-02 3.254437869822485174e-02 0.000000000000000000e+00
6.540000000000000000e+02 2.616037445858840904e-01 9.114701866181156298e-01 2.560309512972235024e-02 2.867546654528902936e-02 3.425125170687300796e-02 0.000000000000000000e+00
6.570000000000000000e+02 2.628037617628835587e-01 9.132908511606736557e-01 2.617205279927173334e-02 2.776513427401001294e-02 3.277196176604460498e-02 0.000000000000000000e+00
6.600000000000000000e+02 2.640037789398830270e-01 9.157942649066909135e-01 2.617205279927173334e-02 2.651342740100136666e-02 3.152025489303595523e-02 0.000000000000000000e+00
6.630000000000000000e+02 2.652037961168824953e-01 9.177287209831588299e-01 2.594446973145198010e-02 2.628584433318160996e-02 3.004096495220755572e-02 0.000000000000000000e+00
6.660000000000000000e+02 2.664038132938819636e-01 9.193218024578971859e-01 2.548930359581247015e-02 2.674101046882111990e-02 2.844788347746927612e-02 0.000000000000000000e+00
6.690000000000000000e+02 2.676038304708814319e-01 9.185252617205279524e-01 2.412380518889394726e-02 2.753755120619025970e-02 2.981338188438780248e-02 0.000000000000000000e+00
6.720000000000000000e+02 2.688038476478809002e-01 9.210286754665453213e-01 2.355484751934456070e-02 2.753755120619025970e-02 2.787892580791988956e-02 0.000000000000000000e+00
6.750000000000000000e+02 2.700038648248803685e-01 9.230769230769231282e-01 2.321347291761493084e-02 2.685480200273099652e-02 2.685480200273099652e-02 0.000000000000000000e+00
6.780000000000000000e+02 2.712038820018798368e-01 9.194355939918069653e-01 2.389622212107419055e-02 2.822030040964952288e-02 2.844788347746927612e-02 0.000000000000000000e+00
6.810000000000000000e+02 2.724038991788793052e-01 9.205735093309057593e-01 2.321347291761493084e-02 2.810650887573964626e-02 2.810650887573964626e-02 0.000000000000000000e+00
