# itime ezz other fcc hcp bcc ico
0.000000000000000000e+00 0.000000000000000000e+00 0.000000000000000000e+00 1.000000000000000000e+00 0.000000000000000000e+00 0.000000000000000000e+00 0.000000000000000000e+00
3.000000000000000000e+00 1.200024990632542199e-03 0.000000000000000000e+00 1.000000000000000000e+00 0.000000000000000000e+00 0.000000000000000000e+00 0.000000000000000000e+00
6.000000000000000000e+00 2.400049981264862353e-03 0.000000000000000000e+00 1.000000000000000000e+00 0.000000000000000000e+00 0.000000000000000000e+00 0.000000000000000000e+00
9.000000000000000000e+00 3.600074971897404552e-03 0.000000000000000000e+00 1.000000000000000000e+00 0.000000000000000000e+00 0.000000000000000000e+00 0.000000000000000000e+00
1.200000000000000000e+01 4.800099962529946751e-03 0.000000000000000000e+00 1.000000000000000000e+00 0.000000000000000000e+00 0.000000000000000000e+00 0.000000000000000000e+00
1.500000000000000000e+01 6.000124953162266905e-03 0.000000000000000000e+00 1.000000000000000000e+00 0.000000000000000000e+00 0.000000000000000000e+00 0.000000000000000000e+00
1.800000000000000000e+01 7.200149943794809104e-03 0.000000000000000000e+00 1.000000000000000000e+00 0.000000000000000000e+00 0.000000000000000000e+00 0.000000000000000000e+00
2.100000000000000000e+01 8.400174934427129259e-03 0.000000000000000000e+00 1.000000000000000000e+00 0.000000000000000000e+00 0.000000000000000000e+00 0.000000000000000000e+00
2.400000000000000000e+01 9.600199925059671457e-03 0.000000000000000000e+00 1.000000000000000000e+00 0.000000000000000000e+00 0.000000000000000000e+00 0.000000000000000000e+00
2.700000000000000000e+01 1.080022491569221366e-02 0.000000000000000000e+00 1.000000000000000000e+00 0.000000000000000000e+00 0.000000000000000000e+00 0.000000000000000000e+00
3.000000000000000000e+01 1.200024990632453381e-02 0.000000000000000000e+00 1.000000000000000000e+00 0.000000000000000000e+00 0.000000000000000000e+00 0.000000000000000000e+00
3.300000000000000000e+01 1.320027489695707601e-02 0.000000000000000000e+00 1.000000000000000000e+00 0.000000000000000000e+00 0.000000000000000000e+00 0.000000000000000000e+00
3.600000000000000000e+01 1.440029988758961821e-02 0.000000000000000000e+00 1.000000000000000000e+00 0.000000000000000000e+00 0.000000000000000000e+00 0.000000000000000000e+00
3.900000000000000000e+01 1.560032487822193836e-02 0.000000000000000000e+00 1.000000000000000000e+00 0.000000000000000000e+00 0.000000000000000000e+00 0.000000000000000000e+00
4.200000000000000000e+01 1.680034986885448056e-02 0.000000000000000000e+00 1.000000000000000000e+00 0.000000000000000000e+00 0.000000000000000000e+00 0.000000000000000000e+00
4.500000000000000000e+01 1.800037485948680072e-02 0.000000000000000000e+00 1.000000000000000000e+00 0.000000000000000000e+00 0.000000000000000000e+00 0.000000000000000000e+00
4.800000000000000000e+01 1.920039985011934291e-02 0.000000000000000000e+00 1.000000000000000000e+00 0.000000000000000000e+00 0.000000000000000000e+00 0.000000000000000000e+00
5.100000000000000000e+01 2.040042484075188511e-02 0.000000000000000000e+00 1.000000000000000000e+00 0.000000000000000000e+00 0.000000000000000000e+00 0.000000000000000000e+00
5.400000000000000000e+01 2.160044983138420527e-02 0.000000000000000000e+00 1.000000000000000000e+00 0.000000000000000000e+00 0.000000000000000000e+00 0.000000000000000000e+00
5.700000000000000000e+01 2.280047482201674747e-02 0.000000000000000000e+00 1.000000000000000000e+00 0.000000000000000000e+00 0.000000000000000000e+00 0.000000000000000000e+00
6.000000000000000000e+01 2.400049981264928967e-02 0.000000000000000000e+00 1.000000000000000000e+00 0.000000000000000000e+00 0.000000000000000000e+00 0.000000000000000000e+00
6.300000000000000000e+01 2.520052480328160982e-02 0.000000000000000000e+00 1.000000000000000000e+00 0.000000000000000000e+00 0.000000000000000000e+00 0.000000000000000000e+00
6.600000000000000000e+01 2.640054979391415202e-02 0.000000000000000000e+00 1.000000000000000000e+00 0.000000000000000000e+00 0.000000000000000000e+00 0.000000000000000000e+00
6.900000000000000000e+01 2.760057478454669422e-02 0.000000000000000000e+00 1.000000000000000000e+00 0.000000000000000000e+00 0.000000000000000000e+00 0.000000000000000000e+00
7.200000000000000000e+01 2.880059977517901437e-02 0.000000000000000000e+00 1.000000000000000000e+00 0.000000000000000000e+00 0.000000000000000000e+00 0.000000000000000000e+00
7.500000000000000000e+01 3.000062476581155657e-02 0.000000000000000000e+00 1.000000000000000000e+00 0.000000000000000000e+00 0.000000000000000000e+00 0.000000000000000000e+00
7.800000000000000000e+01 3.120064975644387673e-02 0.000000000000000000e+00 1.000000000000000000e+00 0.000000000000000000e+00 0.000000000000000000e+00 0.000000000000000000e+00
8.100000000000000000e+01 3.240067474707641892e-02 0.000000000000000000e+00 1.000000000000000000e+00 0.000000000000000000e+00 0.000000000000000000e+00 0.000000000000000000e+00
8.400000000000000000e+01 3.360069973770896112e-02 0.000000000000000000e+00 1.000000000000000000e+00 0.000000000000000000e+00 0.000000000000000000e+00 0.000000000000000000e+00
8.700000000000000000e+01 3.480072472834128128e-02 0.000000000000000000e+00 1.000000000000000000e+00 0.000000000000000000e+00 0.000000000000000000e+00 0.000000000000000000e+00
9.000000000000000000e+01 3.600074971897382348e-02 0.000000000000000000e+00 1.000000000000000000e+00 0.000000000000000000e+00 0.000000000000000000e+00 0.000000000000000000e+00
9.300000000000000000e+01 3.720077470960636568e-02 0.000000000000000000e+00 1.000000000000000000e+00 0.000000000000000000e+00 0.000000000000000000e+00 0.000000000000000000e+00
9.600000000000000000e+01 3.840079970023868583e-02 0.000000000000000000e+00 1.000000000000000000e+00 0.000000000000000000e+00 0.000000000000000000e+00 0.000000000000000000e+00
9.900000000000000000e+01 3.960082469087122803e-02 0.000000000000000000e+00 1.000000000000000000e+00 0.000000000000000000e+00 0.000000000000000000e+00 0.000000000000000000e+00
1.020000000000000000e+02 4.080084968150354818e-02 0.000000000000000000e+00 1.000000000000000000e+00 0.000000000000000000e+00 0.000000000000000000e+00 0.000000000000000000e+00
1.050000000000000000e+02 4.200087467213609038e-02 0.000000000000000000e+00 1.000000000000000000e+00 0.000000000000000000e+00 0.000000000000000000e+00 0.000000000000000000e+00
1.080000000000000000e+02 4.320089966276863258e-02 0.000000000000000000e+00 1.000000000000000000e+00 0.000000000000000000e+00 0.000000000000000000e+00 0.000000000000000000e+00
1.110000000000000000e+02 4.440092465340095274e-02 0.000000000000000000e+00 1.000000000000000000e+00 0.000000000000000000e+00 0.000000000000000000e+00 0.000000000000000000e+00
1.140000000000000000e+02 4.560094964403349493e-02 0.000000000000000000e+00 1.000000000000000000e+00 0.000000000000000000e+00 0.000000000000000000e+00 0.000000000000000000e+00
1.170000000000000000e+02 4.680097463466603713e-02 0.000000000000000000e+00 1.000000000000000000e+00 0.000000000000000000e+00 0.000000000000000000e+00 0.000000000000000000e+00
1.200000000000000000e+02 4.800099962529835729e-02 0.000000000000000000e+00 1.000000000000000000e+00 0.000000000000000000e+00 0.000000000000000000e+00 0.000000000000000000e+00
1.230000000000000000e+02 4.920102461593089949e-02 0.000000000000000000e+00 1.000000000000000000e+00 0.000000000000000000e+00 0.000000000000000000e+00 0.000000000000000000e+00
1.260000000000000000e+02 5.040104960656344169e-02 0.000000000000000000e+00 1.000000000000000000e+00 0.000000000000000000e+00 0.000000000000000000e+00 0.000000000000000000e+00
1.290000000000000000e+02 5.160107459719576184e-02 0.000000000000000000e+00 1.000000000000000000e+00 0.000000000000000000e+00 0.000000000000000000e+00 0.000000000000000000e+00
1.320000000000000000e+02 5.280109958782830404e-02 0.000000000000000000e+00 1.000000000000000000e+00 0.000000000000000000e+00 0.000000000000000000e+00 0.000000000000000000e+00
1.350000000000000000e+02 5.400112457846062419e-02 0.000000000000000000e+00 1.000000000000000000e+00 0.000000000000000000e+00 0.000000000000000000e+00 0.000000000000000000e+00
1.380000000000000000e+02 5.520114956909316639e-02 0.000000000000000000e+00 1.000000000000000000e+00 0.000000000000000000e+00 0.000000000000000000e+00 0.000000000000000000e+00
1.410000000000000000e+02 5.640117455972570859e-02 0.000000000000000000e+00 1.000000000000000000e+00 0.000000000000000000e+00 0.000000000000000000e+00 0.000000000000000000e+00
1.440000000000000000e+02 5.760119955035802874e-02 0.000000000000000000e+00 1.000000000000000000e+00 0.000000000000000000e+00 0.000000000000000000e+00 0.000000000000000000e+00
1.470000000000000000e+02 5.880122454099057094e-02 0.000000000000000000e+00 1.000000000000000000e+00 0.000000000000000000e+00 0.000000000000000000e+00 0.000000000000000000e+00
1.500000000000000000e+02 6.000124953162311314e-02 0.000000000000000000e+00 1.000000000000000000e+00 0.000000000000000000e+00 0.000000000000000000e+00 0.000000000000000000e+00
1.530000000000000000e+02 6.120127452225543330e-02 0.000000000000000000e+00 1.000000000000000000e+00 0.000000000000000000e+00 0.000000000000000000e+00 0.000000000000000000e+00
1.560000000000000000e+02 6.240129951288797550e-02 0.000000000000000000e+00 1.000000000000000000e+00 0.000000000000000000e+00 0.000000000000000000e+00 0.000000000000000000e+00
1.590000000000000000e+02 6.360132450352029565e-02 0.000000000000000000e+00 1.000000000000000000e+00 0.000000000000000000e+00 0.000000000000000000e+00 0.000000000000000000e+00
1.620000000000000000e+02 6.480134949415283785e-02 0.000000000000000000e+00 1.000000000000000000e+00 0.000000000000000000e+00 0.000000000000000000e+00 0.000000000000000000e+00
1.650000000000000000e+02 6.600137448478538005e-02 4.551661356395084266e-04 9.995448338643604380e-01 0.000000000000000000e+00 0.000000000000000000e+00 0.000000000000000000e+00
1.680000000000000000e+02 6.720139947541770020e-02 4.551661356395084266e-04 9.995448338643604380e-01 0.000000000000000000e+00 0.000000000000000000e+00 0.000000000000000000e+00
1.710000000000000000e+02 6.840142446605024240e-02 2.275830678197542133e-04 9.996586253982703285e-01 0.000000000000000000e+00 1.137915339098771066e-04 0.000000000000000000e+00
1.740000000000000000e+02 6.960144945668278460e-02 0.000000000000000000e+00 1.000000000000000000e+00 0.000000000000000000e+00 0.000000000000000000e+00 0.000000000000000000e+00
1.770000000000000000e+02 7.080147444731510475e-02 0.000000000000000000e+00 1.000000000000000000e+00 0.000000000000000000e+00 0.000000000000000000e+00 0.000000000000000000e+00
1.800000000000000000e+02 7.200149943794764695e-02 0.000000000000000000e+00 1.000000000000000000e+00 0.000000000000000000e+00 0.000000000000000000e+00 0.000000000000000000e+00
1.830000000000000000e+02 7.320152442857996711e-02 0.000000000000000000e+00 1.000000000000000000e+00 0.000000000000000000e+00 0.000000000000000000e+00 0.000000000000000000e+00
1.860000000000000000e+02 7.440154941921250931e-02 0.000000000000000000e+00 1.000000000000000000e+00 0.000000000000000000e+00 0.000000000000000000e+00 0.000000000000000000e+00
1.890000000000000000e+02 7.560157440984505151e-02 0.000000000000000000e+00 1.000000000000000000e+00 0.000000000000000000e+00 0.000000000000000000e+00 0.000000000000000000e+00
1.920000000000000000e+02 7.680159940047737166e-02 0.000000000000000000e+00 1.000000000000000000e+00 0.000000000000000000e+00 0.000000000000000000e+00 0.000000000000000000e+00
1.950000000000000000e+02 7.800162439110991386e-02 0.000000000000000000e+00 1.000000000000000000e+00 0.000000000000000000e+00 0.000000000000000000e+00 0.000000000000000000e+00
1.980000000000000000e+02 7.920164938174245606e-02 2.275830678197542133e-04 9.997724169321802190e-01 0.000000000000000000e+00 0.000000000000000000e+00 0.000000000000000000e+00
2.010000000000000000e+02 8.040167437237477621e-02 0.000000000000000000e+00 1.000000000000000000e+00 0.000000000000000000e+00 0.000000000000000000e+00 0.000000000000000000e+00
2.040000000000000000e+02 8.160169936300731841e-02 0.000000000000000000e+00 1.000000000000000000e+00 0.000000000000000000e+00 0.000000000000000000e+00 0.000000000000000000e+00
2.070000000000000000e+02 8.280172435363986061e-02 0.000000000000000000e+00 1.000000000000000000e+00 0.000000000000000000e+00 0.000000000000000000e+00 0.000000000000000000e+00
2.100000000000000000e+02 8.400174934427218076e-02 0.000000000000000000e+00 1.000000000000000000e+00 0.000000000000000000e+00 0.000000000000000000e+00 0.000000000000000000e+00
2.130000000000000000e+02 8.520177433490472296e-02 0.000000000000000000e+00 1.000000000000000000e+00 0.000000000000000000e+00 0.000000000000000000e+00 0.000000000000000000e+00
2.160000000000000000e+02 8.640179932553704312e-02 1.137915339098771066e-04 9.997724169321802190e-01 0.000000000000000000e+00 1.137915339098771066e-04 0.000000000000000000e+00
2.190000000000000000e+02 8.760182431616958532e-02 4.551661356395084266e-04 9.995448338643604380e-01 0.000000000000000000e+00 0.000000000000000000e+00 0.000000000000000000e+00
2.220000000000000000e+02 8.880184930680212751e-02 6.827492034592626399e-04 9.993172507965407680e-01 0.000000000000000000e+00 0.000000000000000000e+00 0.000000000000000000e+00
2.250000000000000000e+02 9.000187429743444767e-02 4.551661356395084266e-04 9.995448338643604380e-01 0.000000000000000000e+00 0.000000000000000000e+00 0.000000000000000000e+00
2.280000000000000000e+02 9.120189928806698987e-02 2.275830678197542133e-04 9.996586253982703285e-01 0.000000000000000000e+00 1.137915339098771066e-04 0.000000000000000000e+00
2.310000000000000000e+02 9.240192427869953207e-02 0.000000000000000000e+00 1.000000000000000000e+00 0.000000000000000000e+00 0.000000000000000000e+00 0.000000000000000000e+00
2.340000000000000000e+02 9.360194926933185222e-02 2.275830678197542133e-04 9.997724169321802190e-01 0.000000000000000000e+00 0.000000000000000000e+00 0.000000000000000000e+00
2.370000000000000000e+02 9.480197425996439442e-02 3.413746017296313199e-04 9.996586253982703285e-01 0.000000000000000000e+00 0.000000000000000000e+00 0.000000000000000000e+00
2.400000000000000000e+02 9.600199925059671457e-02 2.275830678197542133e-04 9.996586253982703285e-01 0.000000000000000000e+00 1.137915339098771066e-04 0.000000000000000000e+00
2.430000000000000000e+02 9.720202424122925677e-02 0.000000000000000000e+00 1.000000000000000000e+00 0.000000000000000000e+00 0.000000000000000000e+00 0.000000000000000000e+00
2.460000000000000000e+02 9.840204923186179897e-02 4.551661356395084266e-04 9.995448338643604380e-01 0.000000000000000000e+00 0.000000000000000000e+00 0.000000000000000000e+00
2.490000000000000000e+02 9.960207422249411913e-02 6.827492034592626399e-04 9.993172507965407680e-01 0.000000000000000000e+00 0.000000000000000000e+00 0.000000000000000000e+00
2.520000000000000000e+02 1.008020992131266613e-01 2.275830678197542133e-04 9.997724169321802190e-01 0.000000000000000000e+00 0.000000000000000000e+00 0.000000000000000000e+00
2.550000000000000000e+02 1.020021242037592035e-01 2.275830678197542133e-04 9.997724169321802190e-01 0.000000000000000000e+00 0.000000000000000000e+00 0.000000000000000000e+00
2.580000000000000000e+02 1.032021491943915237e-01 3.413746017296313199e-04 9.996586253982703285e-01 0.000000000000000000e+00 0.000000000000000000e+00 0.000000000000000000e+00
2.610000000000000000e+02 1.044021741850240659e-01 1.137915339098770958e-03 9.988620846609012061e-01 0.000000000000000000e+00 0.000000000000000000e+00 0.000000000000000000e+00
2.640000000000000000e+02 1.056021991756566081e-01 1.479289940828402332e-03 9.985207100591716456e-01 0.000000000000000000e+00 0.000000000000000000e+00 0.000000000000000000e+00
2.670000000000000000e+02 1.068022241662889282e-01 1.479289940828402332e-03 9.984069185252617551e-01 0.000000000000000000e+00 1.137915339098771066e-04 0.000000000000000000e+00
2.700000000000000000e+02 1.080022491569214704e-01 1.593081474738279385e-03 9.982931269913518646e-01 0.000000000000000000e+00 1.137915339098771066e-04 0.000000000000000000e+00
2.730000000000000000e+02 1.092022741475537906e-01 2.162039144287664864e-03 9.977241693218024121e-01 0.000000000000000000e+00 1.137915339098771066e-04 0.000000000000000000e+00
2.760000000000000000e+02 1.104022991381863328e-01 2.275830678197541916e-03 9.977241693218024121e-01 0.000000000000000000e+00 0.000000000000000000e+00 0.000000000000000000e+00
2.790000000000000000e+02 1.116023241288188750e-01 1.706873008648156654e-03 9.982931269913518646e-01 0.000000000000000000e+00 0.000000000000000000e+00 0.000000000000000000e+00
2.820000000000000000e+02 1.128023491194511951e-01 2.617205279927173507e-03 9.973827947200728516e-01 0.000000000000000000e+00 0.000000000000000000e+00 0.000000000000000000e+00
2.850000000000000000e+02 1.140023741100837373e-01 4.437869822485207214e-03 9.954483386436049352e-01 0.000000000000000000e+00 1.137915339098771066e-04 0.000000000000000000e+00
2.880000000000000000e+02 1.152023991007162795e-01 4.893035958124715423e-03 9.947655894401457033e-01 0.000000000000000000e+00 3.413746017296313199e-04 0.000000000000000000e+00
2.910000000000000000e+02 1.164024240913485997e-01 6.030951297223486815e-03 9.937414656349567998e-01 0.000000000000000000e+00 2.275830678197542133e-04 0.000000000000000000e+00
2.940000000000000000e+02 1.176024490819811419e-01 6.030951297223486815e-03 9.938552571688666903e-01 0.000000000000000000e+00 1.137915339098771066e-04 0.000000000000000000e+00
2.970000000000000000e+02 1.188024740726134620e-01 6.258534365043240920e-03 9.934000910332271284e-01 0.000000000000000000e+00 3.413746017296313199e-04 0.000000000000000000e+00
3.000000000000000000e+02 1.200024990632460042e-01 4.665452890304961318e-03 9.951069640418752638e-01 0.000000000000000000e+00 2.275830678197542133e-04 0.000000000000000000e+00
3.030000000000000000e+02 1.212025240538785464e-01 4.893035958124715423e-03 9.951069640418752638e-01 0.000000000000000000e+00 0.000000000000000000e+00 0.000000000000000000e+00
3.060000000000000000e+02 1.224025490445108666e-01 5.461993627674101119e-03 9.944242148384160318e-01 0.000000000000000000e+00 1.137915339098771066e-04 0.000000000000000000e+00
3.090000000000000000e+02 1.236025740351434088e-01 5.461993627674101119e-03 9.945380063723259223e-01 0.000000000000000000e+00 0.000000000000000000e+00 0.000000000000000000e+00
3.120000000000000000e+02 1.248025990257759510e-01 8.761948111060537808e-03 9.911242603550295405e-01 0.000000000000000000e+00 1.137915339098771066e-04 0.000000000000000000e+00
3.150000000000000000e+02 1.260026240164082711e-01 9.217114246700046018e-03 9.904415111515703085e-01 0.000000000000000000e+00 3.413746017296313199e-04 0.000000000000000000e+00
3.180000000000000000e+02 1.272026490070408133e-01 9.786071916249430847e-03 9.896449704142011861e-01 0.000000000000000000e+00 5.689576695493854790e-04 0.000000000000000000e+00
3.210000000000000000e+02 1.284026739976733555e-01 1.172052799271734204e-02 9.879380974055530507e-01 0.000000000000000000e+00 3.413746017296313199e-04 0.000000000000000000e+00
3.240000000000000000e+02 1.296026989883056757e-01 1.194811106053709528e-02 9.878243058716431602e-01 0.000000000000000000e+00 2.275830678197542133e-04 0.000000000000000000e+00
3.270000000000000000e+02 1.308027239789382179e-01 1.399635867091488309e-02 9.858898497951752438e-01 0.000000000000000000e+00 1.137915339098771066e-04 0.000000000000000000e+00
3.300000000000000000e+02 1.320027489695705381e-01 1.502048247610377786e-02 9.845243513882566688e-01 0.000000000000000000e+00 4.551661356395084266e-04 0.000000000000000000e+00
3.330000000000000000e+02 1.332027739602030803e-01 1.877560309512972189e-02 9.806554392353209471e-01 0.000000000000000000e+00 5.689576695493854790e-04 0.000000000000000000e+00
3.360000000000000000e+02 1.344027989508356224e-01 2.275830678197542090e-02 9.767865270823851143e-01 0.000000000000000000e+00 4.551661356395084266e-04 0.000000000000000000e+00
3.390000000000000000e+02 1.356028239414679426e-01 3.015475648611743234e-02 9.688211197086936677e-01 0.000000000000000000e+00 1.024123805188893906e-03 0.000000000000000000e+00
3.420000000000000000e+02 1.368028489321004848e-01 3.652708238507055422e-02 9.618798361401911245e-01 0.000000000000000000e+00 1.593081474738279385e-03 0.000000000000000000e+00
3.450000000000000000e+02 1.380028739227330270e-01 4.278561675011378906e-02 9.558488848429677054e-01 0.000000000000000000e+00 1.365498406918525280e-03 0.000000000000000000e+00
3.480000000000000000e+02 1.392028989133653472e-01 5.075102412380518707e-02 9.474283113336368078e-01 0.000000000000000000e+00 1.820664542558033706e-03 0.000000000000000000e+00
3.510000000000000000e+02 1.404029239039978894e-01 5.700955848884842886e-02 9.410559854346836062e-01 0.000000000000000000e+00 1.934456076467910759e-03 0.000000000000000000e+00
3.540000000000000000e+02 1.416029488946302095e-01 5.996813837050523482e-02 9.375284478834774449e-01 0.000000000000000000e+00 2.503413746017296455e-03 0.000000000000000000e+00
3.570000000000000000e+02 1.428029738852627517e-01 6.770596267637687959e-02 9.287664997724169869e-01 0.000000000000000000e+00 3.527537551206190360e-03 0.000000000000000000e+00
3.600000000000000000e+02 1.440029988758952939e-01 7.453345471096950448e-02 9.205735093309057593e-01 0.000000000000000000e+00 4.893035958124715423e-03 0.000000000000000000e+00
3.630000000000000000e+02 1.452030238665276141e-01 8.500227583067819503e-02 9.081702321347291385e-01 0.000000000000000000e+00 6.827492034592626616e-03 0.000000000000000000e+00
3.660000000000000000e+02 1.464030488571601563e-01 1.045744196631770567e-01 8.883705052344105235e-01 0.000000000000000000e+00 7.055075102412380721e-03 0.000000000000000000e+00
3.690000000000000000e+02 1.476030738477926985e-01 1.234638142922166587e-01 8.697086936731907025e-01 0.000000000000000000e+00 6.827492034592626616e-03 0.000000000000000000e+00
3.720000000000000000e+02 1.488030988384250186e-01 1.459945380063723264e-01 8.433090578060992160e-01 0.000000000000000000e+00 1.069640418752844727e-02 0.000000000000000000e+00
3.750000000000000000e+02 1.500031238290575608e-01 1.684114701866181174e-01 8.180473372781065233e-01 0.000000000000000000e+00 1.354119253527537488e-02 0.000000000000000000e+00
3.780000000000000000e+02 1.512031488196901030e-01 1.967455621301775204e-01 7.852753755120619461e-01 0.000000000000000000e+00 1.797906235776058209e-02 0.000000000000000000e+00
3.810000000000000000e+02 1.524031738103224232e-01 2.270141101502048120e-01 7.497724169321802190e-01 0.000000000000000000e+00 2.321347291761493084e-02 0.000000000000000000e+00
3.840000000000000000e+02 1.536031988009549654e-01 2.676376877560309731e-01 7.050523441055985829e-01 0.000000000000000000e+00 2.730996813837050646e-02 0.000000000000000000e+00
3.870000000000000000e+02 1.548032237915872855e-01 3.064406008192990249e-01 6.566909421939007840e-01 0.000000000000000000e+00 3.686845698680018407e-02 0.000000000000000000e+00
3.900000000000000000e+02 1.560032487822198277e-01 3.542330450614474269e-01 6.048020027309968238e-01 0.000000000000000000e+00 4.096495220755575623e-02 0.000000000000000000e+00
3.930000000000000000e+02 1.572032737728523699e-01 4.007737824305871444e-01 5.461993627674101015e-01 0.000000000000000000e+00 5.302685480200273332e-02 0.000000000000000000e+00
3.960000000000000000e+02 1.584032987634846901e-01 4.473145197997269173e-01 4.881656804733727761e-01 1.137915339098771066e-04 6.440600819299044377e-02 0.000000000000000000e+00
3.990000000000000000e+02 1.596033237541172323e-01 4.948793809740555383e-01 4.308147473827947382e-01 2.275830678197542133e-04 7.407828857532999800e-02 0.000000000000000000e+00
4.020000000000000000e+02 1.608033487447497745e-01 5.455166135639508695e-01 3.720983158852981254e-01 1.137915339098771066e-04 8.227127901684114231e-02 0.000000000000000000e+00
4.050000000000000000e+02 1.620033737353820946e-01 5.913746017296312996e-01 3.170232134729176199e-01 3.413746017296313199e-04 9.126081019572143682e-02 0.000000000000000000e+00
4.080000000000000000e+02 1.632033987260146368e-01 6.291533909877105035e-01 2.634274010013655243e-01 6.827492034592626399e-04 1.067364588074647264e-01 0.000000000000000000e+00
4.110000000000000000e+02 1.644034237166469570e-01 6.663632225762403660e-01 2.124487938097405493e-01 6.827492034592626399e-04 1.205052344105598527e-01 0.000000000000000000e+00
4.140000000000000000e+02 1.656034487072794992e-01 7.028903049613108855e-01 1.628356850250341492e-01 5.689576695493854790e-04 1.337050523441055960e-01 0.000000000000000000e+00
4.170000000000000000e+02 1.668034736979120414e-01 7.280382339553936877e-01 1.231224396904870289e-01 5.689576695493854790e-04 1.482703686845698587e-01 0.000000000000000000e+00
4.200000000000000000e+02 1.680034986885443615e-01 7.460172963131542767e-01 9.410559854346836617e-02 4.551661356395084266e-04 1.594219390077378229e-01 0.000000000000000000e+00
4.230000000000000000e+02 1.692035236791769037e-01 7.564861174328629811e-01 7.237141556668183484e-02 1.479289940828402332e-03 1.696631770596267741e-01 0.000000000000000000e+00
4.260000000000000000e+02 1.704035486698094459e-01 7.680928538916704795e-01 5.496131087847064278e-02 1.593081474738279385e-03 1.753527537551206328e-01 0.000000000000000000e+00
4.290000000000000000e+02 1.716035736604417661e-01 7.732134729176148857e-01 4.483386436049158208e-02 2.617205279927173507e-03 1.793354574419663283e-01 0.000000000000000000e+00
4.320000000000000000e+02 1.728035986510743083e-01 7.817478379608556738e-01 3.413746017296313134e-02 3.868912152935821518e-03 1.802457897132453413e-01 0.000000000000000000e+00
4.350000000000000000e+02 1.740036236417068505e-01 7.855029585798816161e-01 2.651342740100136666e-02 4.893035958124715423e-03 1.830905780609922706e-01 0.000000000000000000e+00
4.380000000000000000e+02 1.752036486323391706e-01 7.847064178425124936e-01 2.253072371415566766e-02 5.575785161583977738e-03 1.871870732817478289e-01 0.000000000000000000e+00
4.410000000000000000e+02 1.764036736229717128e-01 7.869822485207100815e-01 2.048247610377787811e-02 6.599908966772872511e-03 1.859353664087392000e-01 0.000000000000000000e+00
4.440000000000000000e+02 1.776036986136040330e-01 7.909649522075558048e-01 1.854802002730996865e-02 7.168866636322257339e-03 1.833181611288120239e-01 0.000000000000000000e+00
4.470000000000000000e+02 1.788037236042365752e-01 7.918752844788348177e-01 1.695493855257168905e-02 8.079198907601274626e-03 1.830905780609922706e-01 0.000000000000000000e+00
4.500000000000000000e+02 1.800037485948691174e-01 7.952890304961310886e-01 1.752389622212107562e-02 9.786071916249430847e-03 1.774010013654984119e-01 0.000000000000000000e+00
4.530000000000000000e+02 1.812037735855014375e-01 7.975648611743286764e-01 1.604460628129267263e-02 1.058261265361857065e-02 1.758079198907601393e-01 0.000000000000000000e+00
4.560000000000000000e+02 1.824037985761339797e-01 7.971096950386891145e-01 1.502048247610377786e-02 1.297223486572599005e-02 1.748975876194810986e-01 0.000000000000000000e+00
4.590000000000000000e+02 1.836038235667665219e-01 7.951752389622211981e-01 1.786527082385070547e-02 1.570323167956303931e-02 1.712562585343650468e-01 0.000000000000000000e+00
4.620000000000000000e+02 1.848038485573988421e-01 7.924442421483841592e-01 1.786527082385070547e-02 1.923076923076923184e-02 1.704597177969958965e-01 0.000000000000000000e+00
4.650000000000000000e+02 1.860038735480313843e-01 7.891442876649977789e-01 1.900318616294947513e-02 2.275830678197542090e-02 1.690942193900773771e-01 0.000000000000000000e+00
4.680000000000000000e+02 1.872038985386637044e-01 7.841374601729631522e-01 2.082385070550751144e-02 2.503413746017296368e-02 1.700045516613563901e-01 0.000000000000000000e+00
4.710000000000000000e+02 1.884039235292962466e-01 7.752617205279926926e-01 2.571688666363222686e-02 2.878925807919890598e-02 1.702321347291761433e-01 0.000000000000000000e+00
4.740000000000000000e+02 1.896039485199287888e-01 7.733272644515247762e-01 2.674101046882111990e-02 3.163404642694583185e-02 1.682976786527082269e-01 0.000000000000000000e+00
4.770000000000000000e+02 1.908039735105611090e-01 7.653618570778334407e-01 3.004096495220755572e-02 3.550295857988165771e-02 1.690942193900773771e-01 0.000000000000000000e+00
4.800000000000000000e+02 1.920039985011936512e-01 7.638825671370049752e-01 3.243058716431497512e-02 3.948566226672735324e-02 1.642011834319526686e-01 0.000000000000000000e+00
4.830000000000000000e+02 1.932040234918261934e-01 7.626308602639964018e-01 3.299954483386435822e-02 4.289940828402366568e-02 1.614701866181156020e-01 0.000000000000000000e+00
4.860000000000000000e+02 1.944040484824585135e-01 7.618343195266271684e-01 3.641329085116067066e-02 4.551661356395084179e-02 1.562357760582612776e-01 0.000000000000000000e+00
4.890000000000000000e+02 1.956040734730910557e-01 7.621756941283568398e-01 3.709604005461993731e-02 4.722348657259899801e-02 1.535047792444242110e-01 0.000000000000000000e+00
4.920000000000000000e+02 1.968040984637235979e-01 7.624032771961766208e-01 3.937187073281747662e-02 4.802002730996814128e-02 1.502048247610377751e-01 0.000000000000000000e+00
4.950000000000000000e+02 1.980041234543559181e-01 7.638825671370049752e-01 4.073736913973600299e-02 5.040964952207555722e-02 1.449704142011834229e-01 0.000000000000000000e+00
4.980000000000000000e+02 1.992041484449884603e-01 7.690031861629494925e-01 4.050978607191624975e-02 5.291306326809285671e-02 1.375739644970414288e-01 0.000000000000000000e+00
5.010000000000000000e+02 2.004041734356207805e-01 7.685480200273099305e-01 4.153390987710514626e-02 5.712335002275830548e-02 1.327947200728265831e-01 0.000000000000000000e+00
5.040000000000000000e+02 2.016041984262533227e-01 7.710514337733272994e-01 4.096495220755575623e-02 5.962676376877560497e-02 1.283568502503413811e-01 0.000000000000000000e+00
5.070000000000000000e+02 2.028042234168858649e-01 7.723031406463358728e-01 3.994082840236686666e-02 6.190259444697314428e-02 1.258534365043240677e-01 0.000000000000000000e+00
5.100000000000000000e+02 2.040042484075181850e-01 7.773099681383704995e-01 4.233045061447428259e-02 6.133363677742376119e-02 1.190259444697314567e-01 0.000000000000000000e+00
5.130000000000000000e+02 2.052042733981507272e-01 7.822030040964952358e-01 4.130632680928538608e-02 6.224396904870277414e-02 1.142467000455166110e-01 0.000000000000000000e+00
5.160000000000000000e+02 2.064042983887832694e-01 7.839098771051433712e-01 4.198907601274465273e-02 6.315430131998178709e-02 1.109467455621301751e-01 0.000000000000000000e+00
5.190000000000000000e+02 2.076043233794155896e-01 7.861857077833409591e-01 4.358215748748293233e-02 6.326809285389166371e-02 1.069640418752844796e-01 0.000000000000000000e+00
5.220000000000000000e+02 2.088043483700481318e-01 7.852753755120619461e-01 4.392353208921256219e-02 6.269913518434228061e-02 1.081019572143832458e-01 0.000000000000000000e+00
5.250000000000000000e+02 2.100043733606804519e-01 7.895994538006372299e-01 4.392353208921256219e-02 6.201638598088302090e-02 1.044606281292671801e-01 0.000000000000000000e+00
5.280000000000000000e+02 2.112043983513129941e-01 7.918752844788348177e-01 4.380974055530268557e-02 6.156121984524351443e-02 1.027537551206190308e-01 0.000000000000000000e+00
5.310000000000000000e+02 2.124044233419455363e-01 7.934683659535730627e-01 4.380974055530268557e-02 6.201638598088302090e-02 1.007055075102412378e-01 0.000000000000000000e+00
5.340000000000000000e+02 2.136044483325778565e-01 7.974510696404187859e-01 4.358215748748293233e-02 6.292671825216203385e-02 9.604005461993628257e-02 0.000000000000000000e+00
5.370000000000000000e+02 2.148044733232103987e-01 7.987027765134273594e-01 4.517523896222121194e-02 6.360946745562130744e-02 9.251251706873007963e-02 0.000000000000000000e+00
5.400000000000000000e+02 2.160044983138429409e-01 7.961993627674101015e-01 4.642694583522986168e-02 6.360946745562130744e-02 9.376422394173873631e-02 0.000000000000000000e+00
5.430000000000000000e+02 2.172045233044752610e-01 7.958579881656804300e-01 4.710969503868912139e-02 6.383705052344106068e-02 9.319526627218935322e-02 0.000000000000000000e+00
5.460000000000000000e+02 2.184045482951078032e-01 7.964269458352298825e-01 4.836140191169777114e-02 6.486117432862995025e-02 9.035047792444242387e-02 0.000000000000000000e+00
5.490000000000000000e+02 2.196045732857401234e-01 7.918752844788348177e-01 5.109239872553481693e-02 6.406463359126081392e-02 9.296768320436959998e-02 0.000000000000000000e+00
5.520000000000000000e+02 2.208045982763726656e-01 7.913063268092853653e-01 5.370960400546199304e-02 6.224396904870277414e-02 9.274010013654984674e-02 0.000000000000000000e+00
5.550000000000000000e+02 2.220046232670052078e-01 7.907373691397360238e-01 5.609922621756941591e-02 6.349567592171143082e-02 8.966772872098316416e-02 0.000000000000000000e+00
5.580000000000000000e+02 2.232046482576375279e-01 7.881201638598088755e-01 5.791989076012744875e-02 6.599908966772871644e-02 8.796085571233500100e-02 0.000000000000000000e+00
5.610000000000000000e+02 2.244046732482700701e-01 7.869822485207100815e-01 5.996813837050523482e-02 6.713700500682749650e-02 8.591260810195720798e-02 0.000000000000000000e+00
5.640000000000000000e+02 2.256046982389026123e-01 7.883477469276285454e-01 5.917159763313609155e-02 6.520254893035958010e-02 8.727810650887574129e-02 0.000000000000000000e+00
5.670000000000000000e+02 2.268047232295349325e-01 7.919890760127445972e-01 6.042330450614474130e-02 6.429221665908056715e-02 8.329540282203004575e-02 0.000000000000000000e+00
5.700000000000000000e+02 2.280047482201674747e-01 7.956304050978607600e-01 6.019572143832498806e-02 6.474738279472007363e-02 7.942649066909421296e-02 0.000000000000000000e+00
5.730000000000000000e+02 2.292047732108000169e-01 7.963131543013199920e-01 6.338188438780155420e-02 6.520254893035958010e-02 7.510241238051888757e-02 0.000000000000000000e+00
5.760000000000000000e+02 2.304047982014323370e-01 7.956304050978607600e-01 6.599908966772871644e-02 6.349567592171143082e-02 7.487482931269913433e-02 0.000000000000000000e+00
5.790000000000000000e+02 2.316048231920648792e-01 7.960855712335002110e-01 6.565771506599908658e-02 6.395084205735093730e-02 7.430587164314975124e-02 0.000000000000000000e+00
5.820000000000000000e+02 2.328048481826971994e-01 8.012061902594447282e-01 6.599908966772871644e-02 6.269913518434228061e-02 7.009558488848430247e-02 0.000000000000000000e+00
5.850000000000000000e+02 2.340048731733297416e-01 8.014337733272643982e-01 6.645425580336822291e-02 6.349567592171143082e-02 6.861629494765589254e-02 0.000000000000000000e+00
5.880000000000000000e+02 2.352048981639622838e-01 8.008648156577150568e-01 6.725079654073737312e-02 6.486117432862995025e-02 6.702321347291761988e-02 0.000000000000000000e+00
5.910000000000000000e+02 2.364049231545946039e-01 8.037096040054619861e-01 6.816112881201638607e-02 6.372325898953118406e-02 6.440600819299044377e-02 0.000000000000000000e+00
5.940000000000000000e+02 2.376049481452271461e-01 8.047337278106508895e-01 6.929904415111515226e-02 6.224396904870277414e-02 6.372325898953118406e-02 0.000000000000000000e+00
5.970000000000000000e+02 2.388049731358596883e-01 8.014337733272643982e-01 7.066454255803368556e-02 6.611288120163859305e-02 6.178880291306326766e-02 0.000000000000000000e+00
6.000000000000000000e+02 2.400049981264920085e-01 8.040509786071916576e-01 7.157487482931269851e-02 6.565771506599908658e-02 5.871643149749658508e-02 0.000000000000000000e+00
6.030000000000000000e+02 2.412050231171245507e-01 8.057578516158397930e-01 7.157487482931269851e-02 6.577150659990896320e-02 5.689576695493855224e-02 0.000000000000000000e+00
6.060000000000000000e+02 2.424050481077568708e-01 8.042785616750113276e-01 7.111970869367319203e-02 6.713700500682749650e-02 5.746472462448793533e-02 0.000000000000000000e+00
6.090000000000000000e+02 2.436050730983894130e-01 8.013199817933546187e-01 7.146108329540282189e-02 6.781975421028675621e-02 5.939918070095585173e-02 0.000000000000000000e+00
6.120000000000000000e+02 2.448050980890219552e-01 8.047337278106508895e-01 7.134729176149294527e-02 6.611288120163859305e-02 5.780609922621757213e-02 0.000000000000000000e+00
6.150000000000000000e+02 2.460051230796542754e-01 8.051888939462903405e-01 7.328174783796086167e-02 6.588529813381883982e-02 5.564406008192990249e-02 0.000000000000000000e+00
6.180000000000000000e+02 2.472051480702868176e-01 8.040509786071916576e-01 7.567137005006827066e-02 6.565771506599908658e-02 5.461993627674101293e-02 0.000000000000000000e+00
6.210000000000000000e+02 2.484051730609193598e-01 8.002958579881657153e-01 7.669549385525717411e-02 6.793354574419663283e-02 5.507510241238051940e-02 0.000000000000000000e+00
6.240000000000000000e+02 2.496051980515516799e-01 8.055302685480200120e-01 7.589895311788802390e-02 6.690942193900774326e-02 5.166135639508420696e-02 0.000000000000000000e+00
6.270000000000000000e+02 2.508052230421842221e-01 8.087164314974966128e-01 7.715065999089668058e-02 6.634046426945834629e-02 4.779244424214838111e-02 0.000000000000000000e+00
6.300000000000000000e+02 2.520052480328167643e-01 8.065543923532089154e-01 7.760582612653618706e-02 6.577150659990896320e-02 5.006827492034592736e-02 0.000000000000000000e+00
6.330000000000000000e+02 2.532052730234490845e-01 8.053026854802002310e-01 7.931269913518433634e-02 6.634046426945834629e-02 4.904415111515703085e-02 0.000000000000000000e+00
6.360000000000000000e+02 2.544052980140816267e-01 8.066681838871188059e-01 7.908511606736458310e-02 6.520254893035958010e-02 4.904415111515703085e-02 0.000000000000000000e+00
6.390000000000000000e+02 2.556053230047139468e-01 8.058716431497496835e-01 8.249886208466089554e-02 6.406463359126081392e-02 4.756486117432862787e-02 0.000000000000000000e+00
6.420000000000000000e+02 2.568053479953464890e-01 8.046199362767409990e-01 8.192990441511151245e-02 6.702321347291761988e-02 4.642694583522986168e-02 0.000000000000000000e+00
6.450000000000000000e+02 2.580053729859790312e-01 8.030268548020027541e-01 8.375056895766955223e-02 6.759217114246700298e-02 4.563040509786071841e-02 0.000000000000000000e+00
6.480000000000000000e+02 2.592053979766113514e-01 8.033682294037323146e-01 8.397815202548930547e-02 6.668183887118799003e-02 4.597177969959034827e-02 0.000000000000000000e+00
6.510000000000000000e+02 2.604054229672438936e-01 8.033682294037323146e-01 8.409194355939918208e-02 6.634046426945834629e-02 4.619936276741010150e-02 0.000000000000000000e+00
6.540000000000000000e+02 2.616054479578764358e-01 8.026854802002730827e-01 8.454710969503868856e-02 6.918525261720527564e-02 4.358215748748293233e-02 0.000000000000000000e+00
6.570000000000000000e+02 2.628054729485087559e-01 8.014337733272643982e-01 8.557123350022757813e-02 6.964041875284478211e-02 4.335457441966317910e-02 0.000000000000000000e+00
6.600000000000000000e+02 2.640054979391412981e-01 7.964269458352298825e-01 8.739189804278561791e-02 7.077833409194356218e-02 4.540282203004096517e-02 0.000000000000000000e+00
6.630000000000000000e+02 2.652055229297736183e-01 7.956304050978607600e-01 8.796085571233500100e-02 7.180245789713245175e-02 4.460628129267182190e-02 0.000000000000000000e+00
6.660000000000000000e+02 2.664055479204061605e-01 8.001820664542558248e-01 8.682294037323623481e-02 7.134729176149294527e-02 4.164770141101502288e-02 0.000000000000000000e+00
6.690000000000000000e+02 2.676055729110387027e-01 7.977924442421483464e-01 8.887118798361401395e-02 7.157487482931269851e-02 4.176149294492489950e-02 0.000000000000000000e+00
6.720000000000000000e+02 2.688055979016710229e-01 8.001820664542558248e-01 8.830223031406463086e-02 7.248520710059171146e-02 3.903049613108784677e-02 0.000000000000000000e+00
6.750000000000000000e+02 2.700056228923035651e-01 7.965407373691397730e-01 8.955393718707328754e-02 7.441966317705962786e-02 3.948566226672735324e-02 0.000000000000000000e+00
6.780000000000000000e+02 2.712056478829361073e-01 8.000682749203459343e-01 8.761948111060537114e-02 7.305416477014110843e-02 3.925807919890760000e-02 0.000000000000000000e+00
6.810000000000000000e+02 2.724056728735684274e-01 7.997269003186162628e-01 8.636777423759672834e-02 7.430587164314975124e-02 3.948566226672735324e-02 1.137915339098771066e-04
