# itime ezz other fcc hcp bcc ico
0.000000000000000000e+00 0.000000000000000000e+00 7.965407373691396923e-04 9.992034592626308775e-01 0.000000000000000000e+00 0.000000000000000000e+00 0.000000000000000000e+00
8.000000000000000000e+03 2.000041327379076250e-03 1.137915339098771066e-04 9.998862084660901095e-01 0.000000000000000000e+00 0.000000000000000000e+00 0.000000000000000000e+00
1.600000000000000000e+04 4.000082654757930456e-03 3.413746017296313199e-04 9.996586253982703285e-01 0.000000000000000000e+00 0.000000000000000000e+00 0.000000000000000000e+00
2.400000000000000000e+04 6.000123982137006706e-03 1.137915339098770958e-03 9.988620846609012061e-01 0.000000000000000000e+00 0.000000000000000000e+00 0.000000000000000000e+00
3.200000000000000000e+04 8.000165309515860912e-03 1.024123805188893906e-03 9.989758761948110966e-01 0.000000000000000000e+00 0.000000000000000000e+00 0.000000000000000000e+00
4.000000000000000000e+04 1.000020663689493716e-02 2.503413746017296455e-03 9.974965862539827421e-01 0.000000000000000000e+00 0.000000000000000000e+00 0.000000000000000000e+00
4.800000000000000000e+04 1.200024796427401341e-02 1.251706873008648227e-03 9.987482931269913156e-01 0.000000000000000000e+00 0.000000000000000000e+00 0.000000000000000000e+00
5.600000000000000000e+04 1.400028929165286762e-02 2.162039144287664864e-03 9.978379608557123026e-01 0.000000000000000000e+00 0.000000000000000000e+00 0.000000000000000000e+00
6.400000000000000000e+04 1.600033061903194387e-02 9.103322712790168532e-04 9.990896677287209870e-01 0.000000000000000000e+00 0.000000000000000000e+00 0.000000000000000000e+00
7.200000000000000000e+04 1.800037194641079807e-02 9.103322712790168532e-04 9.990896677287209870e-01 0.000000000000000000e+00 0.000000000000000000e+00 0.000000000000000000e+00
8.000000000000000000e+04 2.000041327378987432e-02 3.868912152935821518e-03 9.961310878470641672e-01 0.000000000000000000e+00 0.000000000000000000e+00 0.000000000000000000e+00
8.800000000000000000e+04 2.200045460116895057e-02 3.186162949476558769e-03 9.965862539827037292e-01 0.000000000000000000e+00 2.275830678197542133e-04 0.000000000000000000e+00
9.600000000000000000e+04 2.400049592854780478e-02 3.413746017296313308e-03 9.965862539827037292e-01 0.000000000000000000e+00 0.000000000000000000e+00 0.000000000000000000e+00
1.040000000000000000e+05 2.600053725592688103e-02 1.251706873008648227e-03 9.987482931269913156e-01 0.000000000000000000e+00 0.000000000000000000e+00 0.000000000000000000e+00
1.120000000000000000e+05 2.800057858330573524e-02 2.048247610377787811e-03 9.979517523896221931e-01 0.000000000000000000e+00 0.000000000000000000e+00 0.000000000000000000e+00
1.200000000000000000e+05 3.000061991068481149e-02 2.503413746017296455e-03 9.973827947200728516e-01 0.000000000000000000e+00 1.137915339098771066e-04 0.000000000000000000e+00
1.280000000000000000e+05 3.200066123806366569e-02 4.096495220755575623e-03 9.957897132453344957e-01 0.000000000000000000e+00 1.137915339098771066e-04 0.000000000000000000e+00
1.360000000000000000e+05 3.400070256544274194e-02 4.096495220755575623e-03 9.959035047792443862e-01 0.000000000000000000e+00 0.000000000000000000e+00 0.000000000000000000e+00
1.440000000000000000e+05 3.600074389282181819e-02 5.917159763313609329e-03 9.939690487027764698e-01 0.000000000000000000e+00 1.137915339098771066e-04 0.000000000000000000e+00
1.520000000000000000e+05 3.800078522020067240e-02 3.641329085116067413e-03 9.961310878470641672e-01 0.000000000000000000e+00 2.275830678197542133e-04 0.000000000000000000e+00
1.600000000000000000e+05 4.000082654757974865e-02 7.965407373691398007e-03 9.919208010923987739e-01 0.000000000000000000e+00 1.137915339098771066e-04 0.000000000000000000e+00
1.680000000000000000e+05 4.200086787495860285e-02 7.851615839781519654e-03 9.915794264906691025e-01 0.000000000000000000e+00 5.689576695493854790e-04 0.000000000000000000e+00
1.760000000000000000e+05 4.400090920233767910e-02 7.282658170232134826e-03 9.922621756941283344e-01 0.000000000000000000e+00 4.551661356395084266e-04 0.000000000000000000e+00
1.840000000000000000e+05 4.600095052971675536e-02 1.228948566226672687e-02 9.870277651342740377e-01 0.000000000000000000e+00 6.827492034592626399e-04 0.000000000000000000e+00
1.920000000000000000e+05 4.800099185709560956e-02 1.376877560309512985e-02 9.858898497951752438e-01 0.000000000000000000e+00 3.413746017296313199e-04 0.000000000000000000e+00
2.000000000000000000e+05 5.000103318447468581e-02 1.149294492489758707e-02 9.877105143377332697e-01 0.000000000000000000e+00 7.965407373691396923e-04 0.000000000000000000e+00
2.080000000000000000e+05 5.200107451185354002e-02 1.399635867091488309e-02 9.852071005917160118e-01 0.000000000000000000e+00 7.965407373691396923e-04 0.000000000000000000e+00
2.160000000000000000e+05 5.400111583923261627e-02 1.923076923076923184e-02 9.797451069640418231e-01 0.000000000000000000e+00 1.024123805188893906e-03 0.000000000000000000e+00
2.240000000000000000e+05 5.600115716661169252e-02 2.127901684114701791e-02 9.778106508875740177e-01 0.000000000000000000e+00 9.103322712790168532e-04 0.000000000000000000e+00
2.320000000000000000e+05 5.800119849399054672e-02 2.719617660446062984e-02 9.718934911242603780e-01 0.000000000000000000e+00 9.103322712790168532e-04 0.000000000000000000e+00
2.400000000000000000e+05 6.000123982136962297e-02 2.435138825671370050e-02 9.731451979972689514e-01 0.000000000000000000e+00 2.503413746017296455e-03 0.000000000000000000e+00
2.480000000000000000e+05 6.200128114874847718e-02 2.651342740100136666e-02 9.722348657259899385e-01 0.000000000000000000e+00 1.251706873008648227e-03 0.000000000000000000e+00
2.560000000000000000e+05 6.400132247612755343e-02 3.140646335912607862e-02 9.665452890304960798e-01 0.000000000000000000e+00 2.048247610377787811e-03 0.000000000000000000e+00
2.640000000000000000e+05 6.600136380350662968e-02 3.698224852071006069e-02 9.609695038689121116e-01 0.000000000000000000e+00 2.048247610377787811e-03 0.000000000000000000e+00
2.720000000000000000e+05 6.800140513088548389e-02 4.369594902139280895e-02 9.540282203004096795e-01 0.000000000000000000e+00 2.275830678197541916e-03 0.000000000000000000e+00
2.800000000000000000e+05 7.000144645826456014e-02 4.915794264906690747e-02 9.476558944014564778e-01 0.000000000000000000e+00 3.186162949476558769e-03 0.000000000000000000e+00
2.880000000000000000e+05 7.200148778564341434e-02 5.382339553937186966e-02 9.428766499772417431e-01 0.000000000000000000e+00 3.299954483386436255e-03 0.000000000000000000e+00
2.960000000000000000e+05 7.400152911302249059e-02 6.599908966772871644e-02 9.286527082385070964e-01 0.000000000000000000e+00 5.348202093764223633e-03 0.000000000000000000e+00
3.040000000000000000e+05 7.600157044040134480e-02 7.828857532999544677e-02 9.143149749658625591e-01 0.000000000000000000e+00 7.396449704142011444e-03 0.000000000000000000e+00
3.120000000000000000e+05 7.800161176778042105e-02 9.774692762858443185e-02 8.906463359126081114e-01 0.000000000000000000e+00 1.160673645880746542e-02 0.000000000000000000e+00
3.200000000000000000e+05 8.000165309515949730e-02 9.410559854346836617e-02 8.912152935821574529e-01 0.000000000000000000e+00 1.467910787437414627e-02 0.000000000000000000e+00
3.280000000000000000e+05 8.200169442253835150e-02 5.484751934456076616e-02 6.912835685025033872e-01 2.421483841602184717e-01 1.172052799271734204e-02 0.000000000000000000e+00
3.360000000000000000e+05 8.400173574991742775e-02 5.860263996358670846e-02 6.867319071461083224e-01 2.444242148384160318e-01 1.024123805188893906e-02 0.000000000000000000e+00
3.440000000000000000e+05 8.600177707729628196e-02 6.781975421028675621e-02 6.802457897132453413e-01 2.423759672280382249e-01 9.558488848429677609e-03 0.000000000000000000e+00
3.520000000000000000e+05 8.800181840467535821e-02 6.338188438780155420e-02 6.841147018661811741e-01 2.456759217114246607e-01 6.827492034592626616e-03 0.000000000000000000e+00
3.600000000000000000e+05 9.000185973205443446e-02 6.338188438780155420e-02 6.802457897132453413e-01 2.454483386436049075e-01 1.092398725534820224e-02 0.000000000000000000e+00
3.680000000000000000e+05 9.200190105943328867e-02 6.929904415111515226e-02 6.780837505689576439e-01 2.438552571688666348e-01 8.761948111060537808e-03 0.000000000000000000e+00
3.760000000000000000e+05 9.400194238681236492e-02 8.739189804278561791e-02 6.614701866181156298e-01 2.397587619481110488e-01 1.137915339098771045e-02 0.000000000000000000e+00
3.840000000000000000e+05 9.600198371419121912e-02 8.761948111060537114e-02 6.590805644060081514e-01 2.435138825671370189e-01 9.786071916249430847e-03 0.000000000000000000e+00
3.920000000000000000e+05 9.800202504157029537e-02 8.955393718707328754e-02 6.574874829312699065e-01 2.407828857532999522e-01 1.217569412835685025e-02 0.000000000000000000e+00
4.000000000000000000e+05 1.000020663689493716e-01 1.015020482476103741e-01 6.486117432862994470e-01 2.382794720072826666e-01 1.160673645880746542e-02 0.000000000000000000e+00
4.080000000000000000e+05 1.020021076963282258e-01 1.062812926718252199e-01 6.379153390987710726e-01 2.407828857532999522e-01 1.502048247610377786e-02 0.000000000000000000e+00
4.160000000000000000e+05 1.040021490237073021e-01 1.340464269458352398e-01 6.096950386891215601e-01 2.322485207100591642e-01 2.401001365498407064e-02 0.000000000000000000e+00
4.240000000000000000e+05 1.060021903510861563e-01 1.289258079198907503e-01 6.166363222576239922e-01 2.324761037778789174e-01 2.196176604460628110e-02 0.000000000000000000e+00
4.320000000000000000e+05 1.080022316784652325e-01 1.654528903049612976e-01 5.588302230314065033e-01 2.283796085571233592e-01 4.733727810650887463e-02 0.000000000000000000e+00
4.400000000000000000e+05 1.100022730058443088e-01 1.675011379153391045e-01 3.757396449704141772e-01 4.175011379153391045e-01 3.925807919890760000e-02 0.000000000000000000e+00
4.480000000000000000e+05 1.120023143332231630e-01 1.647701411015020379e-01 3.702776513427400995e-01 4.176149294492489950e-01 4.733727810650887463e-02 0.000000000000000000e+00
4.560000000000000000e+05 1.140023556606022392e-01 1.739872553482020856e-01 3.641329085116067343e-01 4.130632680928538747e-01 4.881656804733727761e-02 0.000000000000000000e+00
4.640000000000000000e+05 1.160023969879810934e-01 1.904870277651342647e-01 3.527537551206190169e-01 3.954255803368229572e-01 6.133363677742376119e-02 0.000000000000000000e+00
4.720000000000000000e+05 1.180024383153601697e-01 1.883249886208466228e-01 3.182749203459262488e-01 4.560764679107874309e-01 3.732362312243969055e-02 0.000000000000000000e+00
4.800000000000000000e+05 1.200024796427392459e-01 1.894629039599453890e-01 3.133818843878015681e-01 4.629039599453800835e-01 3.425125170687300796e-02 0.000000000000000000e+00
4.880000000000000000e+05 1.220025209701181002e-01 1.924214838416021811e-01 3.024578971324533572e-01 4.623350022758306865e-01 4.278561675011378906e-02 0.000000000000000000e+00
4.960000000000000000e+05 1.240025622974971764e-01 2.031178880291306388e-01 2.965407373691397175e-01 4.445835229858898230e-01 5.575785161583977911e-02 0.000000000000000000e+00
5.040000000000000000e+05 1.260026036248760306e-01 2.281520254893036059e-01 2.812926718252162228e-01 4.267182521620391245e-01 6.383705052344106068e-02 0.000000000000000000e+00
5.120000000000000000e+05 1.280026449522551069e-01 2.356622667273554905e-01 2.809512972234865513e-01 4.111288120163859583e-01 7.225762403277195822e-02 0.000000000000000000e+00
5.200000000000000000e+05 1.300026862796339611e-01 2.312243969048702885e-01 2.465862539827036737e-01 4.501593081474738467e-01 7.203004096495220498e-02 0.000000000000000000e+00
5.280000000000000000e+05 1.320027276070130373e-01 2.124487938097405493e-01 2.520482476103778069e-01 4.986345015930814806e-01 3.686845698680018407e-02 0.000000000000000000e+00
5.360000000000000000e+05 1.340027689343921136e-01 2.261037778789257990e-01 2.356622667273554905e-01 4.905553026854801990e-01 4.767865270823850449e-02 0.000000000000000000e+00
5.440000000000000000e+05 1.360028102617709678e-01 2.514792899408284099e-01 2.230314064633591165e-01 4.698452435138825711e-01 5.564406008192990249e-02 0.000000000000000000e+00
5.520000000000000000e+05 1.380028515891500440e-01 2.550068274920345712e-01 2.164314974965862448e-01 4.649522075557578349e-01 6.360946745562130744e-02 0.000000000000000000e+00
5.600000000000000000e+05 1.400028929165288982e-01 2.619481110605371144e-01 2.074419663177059503e-01 4.484524351388256558e-01 8.215748748293126569e-02 0.000000000000000000e+00
5.680000000000000000e+05 1.420029342439079745e-01 2.762858443331815961e-01 1.887801547564861293e-01 4.043013199817933612e-01 1.306326809285389134e-01 0.000000000000000000e+00
5.760000000000000000e+05 1.440029755712870507e-01 2.719617660446062568e-01 1.151570323167956239e-01 4.755348202093764298e-01 1.373463814292216756e-01 0.000000000000000000e+00
5.840000000000000000e+05 1.460030168986659049e-01 2.695721438324988894e-01 1.029813381884387841e-01 4.784934000910332497e-01 1.489531178880291185e-01 0.000000000000000000e+00
5.920000000000000000e+05 1.480030582260449812e-01 2.727583067819754348e-01 1.018434228493400040e-01 4.681383705052344357e-01 1.572598998634501533e-01 0.000000000000000000e+00
6.000000000000000000e+05 1.500030995534238354e-01 2.823167956304050707e-01 9.387801547564861293e-02 4.693900773782430647e-01 1.544151115157032239e-01 0.000000000000000000e+00
6.080000000000000000e+05 1.520031408808029116e-01 2.726445152480655443e-01 8.693673190714611143e-02 4.615384615384615641e-01 1.788802913063268218e-01 0.000000000000000000e+00
6.160000000000000000e+05 1.540031822081819879e-01 2.860719162494310686e-01 7.020937642239417908e-02 4.670004551661356418e-01 1.767182521620391522e-01 0.000000000000000000e+00
6.240000000000000000e+05 1.560032235355608421e-01 2.344105598543468338e-01 7.055075102412380894e-02 5.505234410559853853e-01 1.445152480655439164e-01 0.000000000000000000e+00
6.320000000000000000e+05 1.580032648629399183e-01 2.132453345471096995e-01 7.828857532999544677e-02 6.242603550295857673e-01 8.420573509330905870e-02 0.000000000000000000e+00
6.400000000000000000e+05 1.600033061903187726e-01 2.094902139280837572e-01 8.079198907601274626e-02 6.296085571233500655e-01 8.010923987255348655e-02 0.000000000000000000e+00
6.480000000000000000e+05 1.620033475176978488e-01 2.106281292671825234e-01 7.942649066909421296e-02 6.345015930814746907e-01 7.544378698224851743e-02 0.000000000000000000e+00
6.560000000000000000e+05 1.640033888450769251e-01 2.099453800637232637e-01 8.261265361857077216e-02 6.244879380974055483e-01 8.295402822030041590e-02 0.000000000000000000e+00
6.640000000000000000e+05 1.660034301724557793e-01 2.126763768775603025e-01 7.988165680473373331e-02 6.357532999544833752e-01 7.168866636322257513e-02 0.000000000000000000e+00
6.720000000000000000e+05 1.680034714998348555e-01 2.179107874374146547e-01 8.010923987255348655e-02 6.348429676832043622e-01 6.713700500682749650e-02 0.000000000000000000e+00
6.800000000000000000e+05 1.700035128272137097e-01 2.003868912152935722e-01 8.306781975421029252e-02 6.389394629039599760e-01 7.760582612653618706e-02 0.000000000000000000e+00
6.880000000000000000e+05 1.720035541545927860e-01 2.086936731907146070e-01 8.386436049157942885e-02 6.408739189804278924e-01 6.656804733727811341e-02 0.000000000000000000e+00
6.960000000000000000e+05 1.740035954819716402e-01 2.072143832498861971e-01 8.431952662721893532e-02 6.401911697769685494e-01 6.827492034592626269e-02 0.000000000000000000e+00
7.040000000000000000e+05 1.760036368093507164e-01 2.031178880291306388e-01 8.375056895766955223e-02 6.428083750568958088e-01 7.032316795630405570e-02 0.000000000000000000e+00
7.120000000000000000e+05 1.780036781367297927e-01 2.051661356395084179e-01 8.500227583067819503e-02 6.471324533454710926e-01 6.269913518434228061e-02 0.000000000000000000e+00
7.200000000000000000e+05 1.800037194641086469e-01 2.048247610377788019e-01 8.466090122894856518e-02 6.487255348202093375e-01 6.178880291306326766e-02 0.000000000000000000e+00
7.280000000000000000e+05 1.820037607914877231e-01 2.101729631315430169e-01 8.568502503413745475e-02 6.513427401001365968e-01 5.279927173418298009e-02 0.000000000000000000e+00
7.360000000000000000e+05 1.840038021188665773e-01 2.089212562585343602e-01 8.511606736458807165e-02 6.525944469731451703e-01 5.336822940373236318e-02 0.000000000000000000e+00
7.440000000000000000e+05 1.860038434462456536e-01 2.121074192080109333e-01 8.602639963586708460e-02 6.487255348202093375e-01 5.314064633591260994e-02 0.000000000000000000e+00
7.520000000000000000e+05 1.880038847736247298e-01 2.032316795630405015e-01 8.716431497496586467e-02 6.516841147018661573e-01 5.791989076012744875e-02 0.000000000000000000e+00
7.600000000000000000e+05 1.900039261010035840e-01 2.069868001820664438e-01 8.818843878015475424e-02 6.536185707783340737e-01 5.120619025944470049e-02 0.000000000000000000e+00
7.680000000000000000e+05 1.920039674283826603e-01 2.118798361401911801e-01 8.693673190714611143e-02 6.498634501593081314e-01 5.131998179335457710e-02 0.000000000000000000e+00
7.760000000000000000e+05 1.940040087557615145e-01 2.113108784706417831e-01 8.591260810195720798e-02 6.558944014565316616e-01 4.688211197086936816e-02 0.000000000000000000e+00
7.840000000000000000e+05 1.960040500831405907e-01 2.052799271734183084e-01 8.909877105143376719e-02 6.586253982703687004e-01 4.699590350477924477e-02 0.000000000000000000e+00
7.920000000000000000e+05 1.980040914105196670e-01 2.068730086481565811e-01 8.659535730541648157e-02 6.319981793354574329e-01 7.453345471096950448e-02 0.000000000000000000e+00
8.000000000000000000e+05 2.000041327378985212e-01 2.109695038689121394e-01 8.807464724624487762e-02 6.371187983614019501e-01 6.383705052344106068e-02 0.000000000000000000e+00
8.080000000000000000e+05 2.020041740652775974e-01 2.026627218934911323e-01 8.682294037323623481e-02 6.469048702776513116e-01 6.360946745562130744e-02 0.000000000000000000e+00
8.160000000000000000e+05 2.040042153926564517e-01 1.877560309512972259e-01 9.262630860263997012e-02 6.664770141101502565e-01 5.314064633591260994e-02 0.000000000000000000e+00
8.240000000000000000e+05 2.060042567200355279e-01 5.689576695493854790e-04 2.305416477014110288e-01 7.688893946290396020e-01 0.000000000000000000e+00 0.000000000000000000e+00
8.320000000000000000e+05 2.080042980474146042e-01 6.827492034592626399e-04 2.306554392353208915e-01 7.686618115612198210e-01 0.000000000000000000e+00 0.000000000000000000e+00
8.400000000000000000e+05 2.100043393747934584e-01 6.827492034592626399e-04 2.305416477014110288e-01 7.687756030951297115e-01 0.000000000000000000e+00 0.000000000000000000e+00
8.480000000000000000e+05 2.120043807021725346e-01 6.827492034592626399e-04 2.304278561675011383e-01 7.688893946290396020e-01 0.000000000000000000e+00 0.000000000000000000e+00
8.560000000000000000e+05 2.140044220295513888e-01 1.137915339098771066e-04 2.307692307692307820e-01 7.691169776968593830e-01 0.000000000000000000e+00 0.000000000000000000e+00
8.640000000000000000e+05 2.160044633569304651e-01 2.275830678197542133e-04 2.306554392353208915e-01 7.691169776968593830e-01 0.000000000000000000e+00 0.000000000000000000e+00
8.720000000000000000e+05 2.180045046843095413e-01 1.137915339098770958e-03 2.304278561675011383e-01 7.684342284934000400e-01 0.000000000000000000e+00 0.000000000000000000e+00
8.800000000000000000e+05 2.200045460116883955e-01 0.000000000000000000e+00 2.307692307692307820e-01 7.692307692307692735e-01 0.000000000000000000e+00 0.000000000000000000e+00
8.880000000000000000e+05 2.220045873390674718e-01 1.024123805188893906e-03 2.304278561675011383e-01 7.685480200273099305e-01 0.000000000000000000e+00 0.000000000000000000e+00
8.960000000000000000e+05 2.240046286664463260e-01 6.827492034592626399e-04 2.307692307692307820e-01 7.685480200273099305e-01 0.000000000000000000e+00 0.000000000000000000e+00
9.040000000000000000e+05 2.260046699938254022e-01 4.551661356395084266e-04 2.307692307692307820e-01 7.687756030951297115e-01 0.000000000000000000e+00 0.000000000000000000e+00
9.120000000000000000e+05 2.280047113212042564e-01 6.827492034592626399e-04 2.307692307692307820e-01 7.685480200273099305e-01 0.000000000000000000e+00 0.000000000000000000e+00
9.200000000000000000e+05 2.300047526485833327e-01 1.137915339098771066e-04 2.307692307692307820e-01 7.691169776968593830e-01 0.000000000000000000e+00 0.000000000000000000e+00
9.280000000000000000e+05 2.320047939759624089e-01 0.000000000000000000e+00 2.307692307692307820e-01 7.692307692307692735e-01 0.000000000000000000e+00 0.000000000000000000e+00
9.360000000000000000e+05 2.340048353033412631e-01 0.000000000000000000e+00 2.307692307692307820e-01 7.692307692307692735e-01 0.000000000000000000e+00 0.000000000000000000e+00
9.440000000000000000e+05 2.360048766307203394e-01 1.137915339098771066e-04 2.307692307692307820e-01 7.691169776968593830e-01 0.000000000000000000e+00 0.000000000000000000e+00
9.520000000000000000e+05 2.380049179580991936e-01 0.000000000000000000e+00 2.307692307692307820e-01 7.692307692307692735e-01 0.000000000000000000e+00 0.000000000000000000e+00
9.600000000000000000e+05 2.400049592854782698e-01 6.827492034592626399e-04 2.307692307692307820e-01 7.685480200273099305e-01 0.000000000000000000e+00 0.000000000000000000e+00
9.680000000000000000e+05 2.420050006128573461e-01 0.000000000000000000e+00 2.307692307692307820e-01 7.692307692307692735e-01 0.000000000000000000e+00 0.000000000000000000e+00
9.760000000000000000e+05 2.440050419402362003e-01 0.000000000000000000e+00 2.307692307692307820e-01 7.692307692307692735e-01 0.000000000000000000e+00 0.000000000000000000e+00
9.840000000000000000e+05 2.460050832676152766e-01 1.137915339098771066e-04 2.307692307692307820e-01 7.691169776968593830e-01 0.000000000000000000e+00 0.000000000000000000e+00
9.920000000000000000e+05 2.480051245949941308e-01 4.551661356395084266e-04 2.307692307692307820e-01 7.686618115612198210e-01 1.137915339098771066e-04 0.000000000000000000e+00
1.000000000000000000e+06 2.500051659223732070e-01 6.827492034592626399e-04 2.307692307692307820e-01 7.685480200273099305e-01 0.000000000000000000e+00 0.000000000000000000e+00
1.008000000000000000e+06 2.520052072497522833e-01 1.365498406918525280e-03 2.303140646335912478e-01 7.683204369594902605e-01 0.000000000000000000e+00 0.000000000000000000e+00
1.016000000000000000e+06 2.540052485771311375e-01 1.251706873008648227e-03 2.304278561675011383e-01 7.682066454255803700e-01 1.137915339098771066e-04 0.000000000000000000e+00
1.024000000000000000e+06 2.560052899045102137e-01 1.934456076467910759e-03 2.303140646335912478e-01 7.677514792899408080e-01 0.000000000000000000e+00 0.000000000000000000e+00
1.032000000000000000e+06 2.580053312318890679e-01 1.593081474738279385e-03 2.303140646335912478e-01 7.680928538916704795e-01 0.000000000000000000e+00 0.000000000000000000e+00
1.040000000000000000e+06 2.600053725592681442e-01 3.413746017296313199e-04 2.306554392353208915e-01 7.690031861629494925e-01 0.000000000000000000e+00 0.000000000000000000e+00
1.048000000000000000e+06 2.620054138866472204e-01 1.137915339098770958e-03 2.304278561675011383e-01 7.683204369594902605e-01 1.137915339098771066e-04 0.000000000000000000e+00
1.056000000000000000e+06 2.640054552140260746e-01 3.072371415566681717e-03 2.304278561675011383e-01 7.664997724169322346e-01 0.000000000000000000e+00 0.000000000000000000e+00
1.064000000000000000e+06 2.660054965414051509e-01 1.024123805188893906e-03 2.304278561675011383e-01 7.685480200273099305e-01 0.000000000000000000e+00 0.000000000000000000e+00
1.072000000000000000e+06 2.680055378687840051e-01 1.251706873008648227e-03 2.305416477014110288e-01 7.682066454255803700e-01 0.000000000000000000e+00 0.000000000000000000e+00
1.080000000000000000e+06 2.700055791961630813e-01 2.048247610377787811e-03 2.303140646335912478e-01 7.676376877560309175e-01 0.000000000000000000e+00 0.000000000000000000e+00
1.088000000000000000e+06 2.720056205235421576e-01 1.479289940828402332e-03 2.303140646335912478e-01 7.680928538916704795e-01 1.137915339098771066e-04 0.000000000000000000e+00
1.096000000000000000e+06 2.740056618509210118e-01 2.617205279927173507e-03 2.296313154301319881e-01 7.676376877560309175e-01 1.137915339098771066e-04 0.000000000000000000e+00
1.104000000000000000e+06 2.760057031783000880e-01 4.210286754665453109e-03 2.295175238962221254e-01 7.661583978152025631e-01 1.137915339098771066e-04 0.000000000000000000e+00
1.112000000000000000e+06 2.780057445056789422e-01 2.162039144287664864e-03 2.300864815657714946e-01 7.674101046882112476e-01 3.413746017296313199e-04 0.000000000000000000e+00
1.120000000000000000e+06 2.800057858330580185e-01 3.186162949476558769e-03 2.298588984979517413e-01 7.667273554847519046e-01 2.275830678197542133e-04 0.000000000000000000e+00
1.128000000000000000e+06 2.820058271604368727e-01 2.844788347746927612e-03 2.295175238962221254e-01 7.676376877560309175e-01 0.000000000000000000e+00 0.000000000000000000e+00
1.136000000000000000e+06 2.840058684878159490e-01 5.120619025944469528e-03 2.287209831588529751e-01 7.660446062812926726e-01 1.137915339098771066e-04 0.000000000000000000e+00
1.144000000000000000e+06 2.860059098151950252e-01 6.599908966772872511e-03 2.299726900318616318e-01 7.633136094674556338e-01 1.137915339098771066e-04 0.000000000000000000e+00
1.152000000000000000e+06 2.880059511425738794e-01 4.893035958124715423e-03 2.291761492944924816e-01 7.658170232134728916e-01 1.137915339098771066e-04 0.000000000000000000e+00
1.160000000000000000e+06 2.900059924699529557e-01 7.965407373691398007e-03 2.283796085571233592e-01 7.636549840691853053e-01 0.000000000000000000e+00 0.000000000000000000e+00
1.168000000000000000e+06 2.920060337973318099e-01 2.162039144287664864e-03 2.303140646335912478e-01 7.675238962221210270e-01 0.000000000000000000e+00 0.000000000000000000e+00
1.176000000000000000e+06 2.940060751247108861e-01 7.851615839781519654e-03 2.281520254893036059e-01 7.637687756030950847e-01 2.275830678197542133e-04 0.000000000000000000e+00
1.184000000000000000e+06 2.960061164520899624e-01 9.558488848429677609e-03 2.281520254893036059e-01 7.618343195266271684e-01 4.551661356395084266e-04 0.000000000000000000e+00
1.192000000000000000e+06 2.980061577794688166e-01 8.761948111060537808e-03 2.281520254893036059e-01 7.630860263996358528e-01 0.000000000000000000e+00 0.000000000000000000e+00
1.200000000000000000e+06 3.000061991068478928e-01 9.899863450159307465e-03 2.275830678197542090e-01 7.622894856622667303e-01 2.275830678197542133e-04 0.000000000000000000e+00
1.208000000000000000e+06 3.020062404342267470e-01 9.899863450159307465e-03 2.284934000910332219e-01 7.612653618570778269e-01 3.413746017296313199e-04 0.000000000000000000e+00
1.216000000000000000e+06 3.040062817616058233e-01 1.069640418752844727e-02 2.273554847519344557e-01 7.617205279927173889e-01 2.275830678197542133e-04 0.000000000000000000e+00
1.224000000000000000e+06 3.060063230889848995e-01 1.604460628129267263e-02 2.263313609467455523e-01 7.569412835685025431e-01 6.827492034592626399e-04 0.000000000000000000e+00
1.232000000000000000e+06 3.080063644163637537e-01 1.331360946745562164e-02 2.273554847519344557e-01 7.584205735093308975e-01 9.103322712790168532e-04 0.000000000000000000e+00
1.240000000000000000e+06 3.100064057437428300e-01 2.093764223941738806e-02 2.249658625398270329e-01 7.532999544833864913e-01 7.965407373691396923e-04 0.000000000000000000e+00
1.248000000000000000e+06 3.120064470711216842e-01 1.741010468821119553e-02 2.258761948111060458e-01 7.563723258989530907e-01 3.413746017296313199e-04 0.000000000000000000e+00
1.256000000000000000e+06 3.140064883985007604e-01 1.945835229858898507e-02 2.251934456076467861e-01 7.548930359581247362e-01 4.551661356395084266e-04 0.000000000000000000e+00
1.264000000000000000e+06 3.160065297258798367e-01 2.332726445152480746e-02 2.240555302685480199e-01 7.514792899408283544e-01 1.137915339098770958e-03 0.000000000000000000e+00
1.272000000000000000e+06 3.180065710532586909e-01 2.594446973145198010e-02 2.240555302685480199e-01 7.488620846609012061e-01 1.137915339098770958e-03 0.000000000000000000e+00
1.280000000000000000e+06 3.200066123806377671e-01 2.708238507055074976e-02 2.234865725989986229e-01 7.488620846609012061e-01 5.689576695493854790e-04 0.000000000000000000e+00
1.288000000000000000e+06 3.220066537080166214e-01 3.766499772416932040e-02 2.201866181156121871e-01 7.403277196176604180e-01 1.820664542558033706e-03 0.000000000000000000e+00
1.296000000000000000e+06 3.240066950353956976e-01 4.380974055530268557e-02 2.188211197086936677e-01 7.354346836595356818e-01 1.934456076467910759e-03 0.000000000000000000e+00
1.304000000000000000e+06 3.260067363627745518e-01 4.949931725079653733e-02 2.188211197086936677e-01 7.288347746927628101e-01 2.844788347746927612e-03 0.000000000000000000e+00
1.312000000000000000e+06 3.280067776901536281e-01 5.609922621756941591e-02 2.141556668183887124e-01 7.272416932180245652e-01 2.503413746017296455e-03 0.000000000000000000e+00
1.320000000000000000e+06 3.300068190175327043e-01 5.587164314974965573e-02 2.158625398270368756e-01 7.256486117432863203e-01 2.617205279927173507e-03 0.000000000000000000e+00
1.328000000000000000e+06 3.320068603449115585e-01 7.828857532999544677e-02 2.059626763768775681e-01 7.115384615384615641e-01 4.210286754665453109e-03 0.000000000000000000e+00
1.336000000000000000e+06 3.340069016722906348e-01 8.249886208466089554e-02 2.049385525716886647e-01 7.057350933090578149e-01 6.827492034592626616e-03 0.000000000000000000e+00
1.344000000000000000e+06 3.360069429996694890e-01 9.262630860263997012e-02 2.108557123350022766e-01 6.932180245789713036e-01 3.299954483386436255e-03 0.000000000000000000e+00
1.352000000000000000e+06 3.380069843270485652e-01 9.604005461993628257e-02 2.090350477924442507e-01 6.895766954938552518e-01 5.348202093764223633e-03 0.000000000000000000e+00
1.360000000000000000e+06 3.400070256544276415e-01 9.012289485662267063e-02 2.107419208010923861e-01 6.948111060537096595e-01 4.324078288575329727e-03 0.000000000000000000e+00
1.368000000000000000e+06 3.420070669818064957e-01 9.171597633136094330e-02 2.110832954028220299e-01 6.916249431042330587e-01 5.575785161583977738e-03 0.000000000000000000e+00
1.376000000000000000e+06 3.440071083091855719e-01 9.478834774692762588e-02 2.105143377332726329e-01 6.906008192990441552e-01 4.096495220755575623e-03 0.000000000000000000e+00
1.384000000000000000e+06 3.460071496365644261e-01 8.909877105143376719e-02 2.101729631315430169e-01 6.952662721893491105e-01 5.461993627674101119e-03 0.000000000000000000e+00
1.392000000000000000e+06 3.480071909639435024e-01 8.750568957669549452e-02 2.110832954028220299e-01 6.962903959945380139e-01 5.120619025944469528e-03 0.000000000000000000e+00
1.400000000000000000e+06 3.500072322913225786e-01 8.841602184797450747e-02 2.125625853436504398e-01 6.946973145197997690e-01 4.324078288575329727e-03 0.000000000000000000e+00
1.408000000000000000e+06 3.520072736187014328e-01 8.670914883932635819e-02 2.122212107419207960e-01 6.966317705962676854e-01 4.437869822485207214e-03 0.000000000000000000e+00
1.416000000000000000e+06 3.540073149460805091e-01 9.148839326354119006e-02 2.101729631315430169e-01 6.929904415111515226e-01 5.348202093764223633e-03 0.000000000000000000e+00
1.424000000000000000e+06 3.560073562734593633e-01 9.251251706873007963e-02 2.118798361401911801e-01 6.918525261720528396e-01 3.755120619025944465e-03 0.000000000000000000e+00
1.432000000000000000e+06 3.580073976008384395e-01 8.739189804278561791e-02 2.110832954028220299e-01 6.972007282658170269e-01 4.324078288575329727e-03 0.000000000000000000e+00
1.440000000000000000e+06 3.600074389282175158e-01 8.386436049157942885e-02 2.123350022758306865e-01 7.000455166135639562e-01 3.755120619025944465e-03 0.000000000000000000e+00
1.448000000000000000e+06 3.620074802555963700e-01 8.921256258534364381e-02 2.099453800637232637e-01 6.968593536640873554e-01 3.982703686845699004e-03 0.000000000000000000e+00
1.456000000000000000e+06 3.640075215829754463e-01 9.012289485662267063e-02 2.113108784706417831e-01 6.943559399180700975e-01 4.210286754665453109e-03 0.000000000000000000e+00
1.464000000000000000e+06 3.660075629103543005e-01 9.251251706873007963e-02 2.110832954028220299e-01 6.926490669094219621e-01 3.755120619025944465e-03 0.000000000000000000e+00
1.472000000000000000e+06 3.680076042377331547e-01 9.387801547564861293e-02 2.094902139280837572e-01 6.916249431042330587e-01 5.006827492034592909e-03 0.000000000000000000e+00
1.480000000000000000e+06 3.700076455651122309e-01 8.966772872098316416e-02 2.110832954028220299e-01 6.952662721893491105e-01 3.982703686845699004e-03 0.000000000000000000e+00
1.488000000000000000e+06 3.720076868924910851e-01 9.330905780609922984e-02 2.091488393263541135e-01 6.941283568502503165e-01 3.413746017296313308e-03 0.000000000000000000e+00
1.496000000000000000e+06 3.740077282198701614e-01 8.784706417842512438e-02 2.116522530723714268e-01 6.960628129267182329e-01 4.437869822485207214e-03 0.000000000000000000e+00
1.504000000000000000e+06 3.760077695472492376e-01 9.535730541647700897e-02 2.090350477924442507e-01 6.903732362312243742e-01 5.234410559854347014e-03 0.000000000000000000e+00
1.512000000000000000e+06 3.780078108746280918e-01 9.365043240782885969e-02 2.061902594446973214e-01 6.945835229858898785e-01 5.575785161583977738e-03 0.000000000000000000e+00
1.520000000000000000e+06 3.800078522020071681e-01 9.080564406008193035e-02 2.065316340464269373e-01 6.987938097405552718e-01 3.868912152935821518e-03 0.000000000000000000e+00
1.528000000000000000e+06 3.820078935293860223e-01 8.761948111060537114e-02 2.064178425125170746e-01 7.002730996813837372e-01 5.689576695493855224e-03 0.000000000000000000e+00
1.536000000000000000e+06 3.840079348567650985e-01 9.285389167045972336e-02 2.064178425125170746e-01 6.979972690031861493e-01 2.730996813837050560e-03 0.000000000000000000e+00
1.544000000000000000e+06 3.860079761841441748e-01 9.069185252617205373e-02 2.061902594446973214e-01 6.978834774692762588e-01 5.234410559854347014e-03 0.000000000000000000e+00
1.552000000000000000e+06 3.880080175115230290e-01 9.103322712790168358e-02 2.053937187073281712e-01 6.997041420118342847e-01 3.868912152935821518e-03 0.000000000000000000e+00
1.560000000000000000e+06 3.900080588389021052e-01 9.592626308602640595e-02 2.038006372325898985e-01 6.974283113336368078e-01 2.844788347746927612e-03 0.000000000000000000e+00
1.568000000000000000e+06 3.920081001662809594e-01 9.626763768775603580e-02 2.027765134274009950e-01 6.948111060537096595e-01 6.144742831133363434e-03 0.000000000000000000e+00
1.576000000000000000e+06 3.940081414936600357e-01 9.729176149294492537e-02 2.043695949021392677e-01 6.934456076467910846e-01 4.893035958124715423e-03 0.000000000000000000e+00
1.584000000000000000e+06 3.960081828210391119e-01 9.410559854346836617e-02 2.043695949021392677e-01 6.976558944014564778e-01 3.868912152935821518e-03 0.000000000000000000e+00
1.592000000000000000e+06 3.980082241484179661e-01 9.797451069640418508e-02 2.032316795630405015e-01 6.942421483841602070e-01 4.551661356395083832e-03 0.000000000000000000e+00
1.600000000000000000e+06 4.000082654757970424e-01 1.100364132908511622e-01 1.993627674101046965e-01 6.854802002730996380e-01 5.120619025944469528e-03 0.000000000000000000e+00
1.608000000000000000e+06 4.020083068031758966e-01 1.016158397815202508e-01 2.028903049613108855e-01 6.898042785616750328e-01 5.689576695493855224e-03 0.000000000000000000e+00
1.616000000000000000e+06 4.040083481305549729e-01 1.041192535275375503e-01 2.018661811561219821e-01 6.870732817478379939e-01 6.941283568502503235e-03 0.000000000000000000e+00
1.624000000000000000e+06 4.060083894579338271e-01 1.114019116977696816e-01 1.985662266727355463e-01 6.837733272644515026e-01 6.258534365043240920e-03 0.000000000000000000e+00
1.632000000000000000e+06 4.080084307853129033e-01 1.087847064178425194e-01 2.027765134274009950e-01 6.817250796540736957e-01 6.713700500682749130e-03 0.000000000000000000e+00
1.640000000000000000e+06 4.100084721126919796e-01 1.207328174783796060e-01 1.983386436049157930e-01 6.751251706873008240e-01 5.803368229403732710e-03 0.000000000000000000e+00
1.648000000000000000e+06 4.120085134400708338e-01 1.275603095129722309e-01 1.974283113336367801e-01 6.669321802457897075e-01 8.079198907601274626e-03 0.000000000000000000e+00
1.656000000000000000e+06 4.140085547674499100e-01 1.234638142922166587e-01 1.979972690031861493e-01 6.725079654073736757e-01 6.030951297223486815e-03 0.000000000000000000e+00
1.664000000000000000e+06 4.160085960948287642e-01 1.406463359126081114e-01 1.875284478834774726e-01 6.614701866181156298e-01 1.035502958579881741e-02 0.000000000000000000e+00
1.672000000000000000e+06 4.180086374222078405e-01 1.423532089212562468e-01 1.874146563495675821e-01 6.573736913973600160e-01 1.285844333181611343e-02 0.000000000000000000e+00
1.680000000000000000e+06 4.200086787495869167e-01 1.461083295402822169e-01 1.882111970869367323e-01 6.550978607191625391e-01 1.058261265361857065e-02 0.000000000000000000e+00
1.688000000000000000e+06 4.220087200769657709e-01 1.492944924897587622e-01 1.896904870277651423e-01 6.494082840236686804e-01 1.160673645880746542e-02 0.000000000000000000e+00
1.696000000000000000e+06 4.240087614043448472e-01 1.529358215748748417e-01 1.845698680018206528e-01 6.483841602184797770e-01 1.411015020482476144e-02 0.000000000000000000e+00
1.704000000000000000e+06 4.260088027317237014e-01 1.747837960855712358e-01 1.812699135184342170e-01 6.274465179790623681e-01 1.649977241693217911e-02 0.000000000000000000e+00
1.712000000000000000e+06 4.280088440591027776e-01 1.891215293582157453e-01 1.774010013654984119e-01 6.145880746472462963e-01 1.888939462903959851e-02 0.000000000000000000e+00
1.720000000000000000e+06 4.300088853864818539e-01 1.644287664997724219e-01 1.868456986800182129e-01 6.356395084205734847e-01 1.308602639963586667e-02 0.000000000000000000e+00
1.728000000000000000e+06 4.320089267138607081e-01 1.615839781520254925e-01 1.867319071461083224e-01 6.401911697769685494e-01 1.149294492489758707e-02 0.000000000000000000e+00
1.736000000000000000e+06 4.340089680412397843e-01 1.619253527537551085e-01 1.873008648156577194e-01 6.373463814292216201e-01 1.342740100136549826e-02 0.000000000000000000e+00
1.744000000000000000e+06 4.360090093686186385e-01 1.669321802457897075e-01 1.859353664087392000e-01 6.355257168866635942e-01 1.160673645880746542e-02 0.000000000000000000e+00
1.752000000000000000e+06 4.380090506959977148e-01 1.712562585343650468e-01 1.862767410104688159e-01 6.297223486572598450e-01 1.274465179790623508e-02 0.000000000000000000e+00
1.760000000000000000e+06 4.400090920233767910e-01 1.719390077378243065e-01 1.846836595357305433e-01 6.308602639963586389e-01 1.251706873008648184e-02 0.000000000000000000e+00
1.768000000000000000e+06 4.420091333507556453e-01 1.695493855257168836e-01 1.869594902139280757e-01 6.299499317250796260e-01 1.354119253527537488e-02 0.000000000000000000e+00
1.776000000000000000e+06 4.440091746781347215e-01 1.743286299499317293e-01 1.846836595357305433e-01 6.267637687756031362e-01 1.422394173873463806e-02 0.000000000000000000e+00
1.784000000000000000e+06 4.460092160055135757e-01 1.593081474738279601e-01 1.910559854346836617e-01 6.363222576240327166e-01 1.331360946745562164e-02 0.000000000000000000e+00
1.792000000000000000e+06 4.480092573328926520e-01 1.557806099226217433e-01 1.904870277651342647e-01 6.401911697769685494e-01 1.354119253527537488e-02 0.000000000000000000e+00
1.800000000000000000e+06 4.500092986602717282e-01 1.517979062357760478e-01 1.896904870277651423e-01 6.448566226672735047e-01 1.365498406918525323e-02 0.000000000000000000e+00
1.808000000000000000e+06 4.520093399876505824e-01 1.492944924897587622e-01 1.906008192990441552e-01 6.437187073281748217e-01 1.638598088302230249e-02 0.000000000000000000e+00
1.816000000000000000e+06 4.540093813150296587e-01 1.540737369139736079e-01 1.892353208921256358e-01 6.473600364132908735e-01 9.330905780609922637e-03 0.000000000000000000e+00
