# itime ezz other fcc hcp bcc ico
0.000000000000000000e+00 0.000000000000000000e+00 0.000000000000000000e+00 1.000000000000000000e+00 0.000000000000000000e+00 0.000000000000000000e+00 0.000000000000000000e+00
8.000000000000000000e+03 1.999979212882641022e-03 0.000000000000000000e+00 1.000000000000000000e+00 0.000000000000000000e+00 0.000000000000000000e+00 0.000000000000000000e+00
1.600000000000000000e+04 3.999958425765282044e-03 0.000000000000000000e+00 1.000000000000000000e+00 0.000000000000000000e+00 0.000000000000000000e+00 0.000000000000000000e+00
2.400000000000000000e+04 5.999937638647923066e-03 0.000000000000000000e+00 1.000000000000000000e+00 0.000000000000000000e+00 0.000000000000000000e+00 0.000000000000000000e+00
3.200000000000000000e+04 7.999916851530786133e-03 0.000000000000000000e+00 1.000000000000000000e+00 0.000000000000000000e+00 0.000000000000000000e+00 0.000000000000000000e+00
4.000000000000000000e+04 9.999896064413427155e-03 0.000000000000000000e+00 1.000000000000000000e+00 0.000000000000000000e+00 0.000000000000000000e+00 0.000000000000000000e+00
4.800000000000000000e+04 1.199987527729606818e-02 0.000000000000000000e+00 1.000000000000000000e+00 0.000000000000000000e+00 0.000000000000000000e+00 0.000000000000000000e+00
5.600000000000000000e+04 1.399985449017870920e-02 0.000000000000000000e+00 1.000000000000000000e+00 0.000000000000000000e+00 0.000000000000000000e+00 0.000000000000000000e+00
6.400000000000000000e+04 1.599983370306135022e-02 0.000000000000000000e+00 1.000000000000000000e+00 0.000000000000000000e+00 0.000000000000000000e+00 0.000000000000000000e+00
7.200000000000000000e+04 1.799981291594399124e-02 0.000000000000000000e+00 1.000000000000000000e+00 0.000000000000000000e+00 0.000000000000000000e+00 0.000000000000000000e+00
8.000000000000000000e+04 1.999979212882663226e-02 0.000000000000000000e+00 1.000000000000000000e+00 0.000000000000000000e+00 0.000000000000000000e+00 0.000000000000000000e+00
8.800000000000000000e+04 2.199977134170927329e-02 0.000000000000000000e+00 1.000000000000000000e+00 0.000000000000000000e+00 0.000000000000000000e+00 0.000000000000000000e+00
9.600000000000000000e+04 2.399975055459213635e-02 0.000000000000000000e+00 1.000000000000000000e+00 0.000000000000000000e+00 0.000000000000000000e+00 0.000000000000000000e+00
1.040000000000000000e+05 2.599972976747477738e-02 0.000000000000000000e+00 1.000000000000000000e+00 0.000000000000000000e+00 0.000000000000000000e+00 0.000000000000000000e+00
1.120000000000000000e+05 2.799970898035741840e-02 0.000000000000000000e+00 1.000000000000000000e+00 0.000000000000000000e+00 0.000000000000000000e+00 0.000000000000000000e+00
1.200000000000000000e+05 2.999968819324005942e-02 0.000000000000000000e+00 1.000000000000000000e+00 0.000000000000000000e+00 0.000000000000000000e+00 0.000000000000000000e+00
1.280000000000000000e+05 3.199966740612270044e-02 0.000000000000000000e+00 1.000000000000000000e+00 0.000000000000000000e+00 0.000000000000000000e+00 0.000000000000000000e+00
1.360000000000000000e+05 3.399964661900534146e-02 0.000000000000000000e+00 1.000000000000000000e+00 0.000000000000000000e+00 0.000000000000000000e+00 0.000000000000000000e+00
1.440000000000000000e+05 3.599962583188798249e-02 0.000000000000000000e+00 1.000000000000000000e+00 0.000000000000000000e+00 0.000000000000000000e+00 0.000000000000000000e+00
1.520000000000000000e+05 3.799960504477084555e-02 0.000000000000000000e+00 1.000000000000000000e+00 0.000000000000000000e+00 0.000000000000000000e+00 0.000000000000000000e+00
1.600000000000000000e+05 3.999958425765348657e-02 0.000000000000000000e+00 1.000000000000000000e+00 0.000000000000000000e+00 0.000000000000000000e+00 0.000000000000000000e+00
1.680000000000000000e+05 4.199956347053612760e-02 0.000000000000000000e+00 1.000000000000000000e+00 0.000000000000000000e+00 0.000000000000000000e+00 0.000000000000000000e+00
1.760000000000000000e+05 4.399954268341876862e-02 0.000000000000000000e+00 1.000000000000000000e+00 0.000000000000000000e+00 0.000000000000000000e+00 0.000000000000000000e+00
1.840000000000000000e+05 4.599952189630140964e-02 0.000000000000000000e+00 1.000000000000000000e+00 0.000000000000000000e+00 0.000000000000000000e+00 0.000000000000000000e+00
1.920000000000000000e+05 4.799950110918405066e-02 0.000000000000000000e+00 1.000000000000000000e+00 0.000000000000000000e+00 0.000000000000000000e+00 0.000000000000000000e+00
2.000000000000000000e+05 4.999948032206669168e-02 0.000000000000000000e+00 1.000000000000000000e+00 0.000000000000000000e+00 0.000000000000000000e+00 0.000000000000000000e+00
2.080000000000000000e+05 5.199945953494933271e-02 0.000000000000000000e+00 1.000000000000000000e+00 0.000000000000000000e+00 0.000000000000000000e+00 0.000000000000000000e+00
2.160000000000000000e+05 5.399943874783219577e-02 0.000000000000000000e+00 1.000000000000000000e+00 0.000000000000000000e+00 0.000000000000000000e+00 0.000000000000000000e+00
2.240000000000000000e+05 5.599941796071483679e-02 0.000000000000000000e+00 1.000000000000000000e+00 0.000000000000000000e+00 0.000000000000000000e+00 0.000000000000000000e+00
2.320000000000000000e+05 5.799939717359747782e-02 0.000000000000000000e+00 1.000000000000000000e+00 0.000000000000000000e+00 0.000000000000000000e+00 0.000000000000000000e+00
2.400000000000000000e+05 5.999937638648011884e-02 0.000000000000000000e+00 1.000000000000000000e+00 0.000000000000000000e+00 0.000000000000000000e+00 0.000000000000000000e+00
2.480000000000000000e+05 6.199935559936275986e-02 0.000000000000000000e+00 1.000000000000000000e+00 0.000000000000000000e+00 0.000000000000000000e+00 0.000000000000000000e+00
2.560000000000000000e+05 6.399933481224540088e-02 0.000000000000000000e+00 1.000000000000000000e+00 0.000000000000000000e+00 0.000000000000000000e+00 0.000000000000000000e+00
2.640000000000000000e+05 6.599931402512804191e-02 4.551661356395084266e-04 9.995448338643604380e-01 0.000000000000000000e+00 0.000000000000000000e+00 0.000000000000000000e+00
2.720000000000000000e+05 6.799929323801090497e-02 0.000000000000000000e+00 1.000000000000000000e+00 0.000000000000000000e+00 0.000000000000000000e+00 0.000000000000000000e+00
2.800000000000000000e+05 6.999927245089354599e-02 0.000000000000000000e+00 1.000000000000000000e+00 0.000000000000000000e+00 0.000000000000000000e+00 0.000000000000000000e+00
2.880000000000000000e+05 7.199925166377618702e-02 3.413746017296313199e-04 9.995448338643604380e-01 0.000000000000000000e+00 1.137915339098771066e-04 0.000000000000000000e+00
2.960000000000000000e+05 7.399923087665882804e-02 0.000000000000000000e+00 1.000000000000000000e+00 0.000000000000000000e+00 0.000000000000000000e+00 0.000000000000000000e+00
3.040000000000000000e+05 7.599921008954146906e-02 1.137915339098771066e-04 9.998862084660901095e-01 0.000000000000000000e+00 0.000000000000000000e+00 0.000000000000000000e+00
3.120000000000000000e+05 7.799918930242411008e-02 3.413746017296313199e-04 9.996586253982703285e-01 0.000000000000000000e+00 0.000000000000000000e+00 0.000000000000000000e+00
3.200000000000000000e+05 7.999916851530675110e-02 9.103322712790168532e-04 9.990896677287209870e-01 0.000000000000000000e+00 0.000000000000000000e+00 0.000000000000000000e+00
3.280000000000000000e+05 8.199914772818939213e-02 0.000000000000000000e+00 1.000000000000000000e+00 0.000000000000000000e+00 0.000000000000000000e+00 0.000000000000000000e+00
3.360000000000000000e+05 8.399912694107225519e-02 7.965407373691396923e-04 9.992034592626308775e-01 0.000000000000000000e+00 0.000000000000000000e+00 0.000000000000000000e+00
3.440000000000000000e+05 8.599910615395489621e-02 3.413746017296313199e-04 9.996586253982703285e-01 0.000000000000000000e+00 0.000000000000000000e+00 0.000000000000000000e+00
3.520000000000000000e+05 8.799908536683753724e-02 2.275830678197542133e-04 9.997724169321802190e-01 0.000000000000000000e+00 0.000000000000000000e+00 0.000000000000000000e+00
3.600000000000000000e+05 8.999906457972017826e-02 1.024123805188893906e-03 9.988620846609012061e-01 0.000000000000000000e+00 1.137915339098771066e-04 0.000000000000000000e+00
3.680000000000000000e+05 9.199904379260281928e-02 1.820664542558033706e-03 9.981793354574419741e-01 0.000000000000000000e+00 0.000000000000000000e+00 0.000000000000000000e+00
3.760000000000000000e+05 9.399902300548546030e-02 7.965407373691396923e-04 9.992034592626308775e-01 0.000000000000000000e+00 0.000000000000000000e+00 0.000000000000000000e+00
3.840000000000000000e+05 9.599900221836810132e-02 3.072371415566681717e-03 9.969276285844332897e-01 0.000000000000000000e+00 0.000000000000000000e+00 0.000000000000000000e+00
3.920000000000000000e+05 9.799898143125096439e-02 2.389622212107419402e-03 9.972690031861629611e-01 0.000000000000000000e+00 3.413746017296313199e-04 0.000000000000000000e+00
4.000000000000000000e+05 9.999896064413360541e-02 4.210286754665453109e-03 9.953345471096950448e-01 0.000000000000000000e+00 4.551661356395084266e-04 0.000000000000000000e+00
4.080000000000000000e+05 1.019989398570162464e-01 2.958579881656804664e-03 9.968138370505233992e-01 0.000000000000000000e+00 2.275830678197542133e-04 0.000000000000000000e+00
4.160000000000000000e+05 1.039989190698988875e-01 6.599908966772872511e-03 9.931725079654073474e-01 0.000000000000000000e+00 2.275830678197542133e-04 0.000000000000000000e+00
4.240000000000000000e+05 1.059988982827815285e-01 8.648156577150659455e-03 9.895311788802912956e-01 0.000000000000000000e+00 1.820664542558033706e-03 0.000000000000000000e+00
4.320000000000000000e+05 1.079988774956641695e-01 3.129267182521620200e-02 7.333864360491579859e-01 2.306554392353208915e-01 4.665452890304961318e-03 0.000000000000000000e+00
4.400000000000000000e+05 1.099988567085468105e-01 3.152025489303595523e-02 7.346381429221665593e-01 2.288347746927628656e-01 5.006827492034592909e-03 0.000000000000000000e+00
4.480000000000000000e+05 1.119988359214294515e-01 3.311333636777423484e-02 7.325898953117887524e-01 2.295175238962221254e-01 4.779244424214838804e-03 0.000000000000000000e+00
4.560000000000000000e+05 1.139988151343123146e-01 3.573054164770141095e-02 7.316795630405097395e-01 2.282658170232134687e-01 4.324078288575329727e-03 0.000000000000000000e+00
4.640000000000000000e+05 1.159987943471949556e-01 3.459262630860263782e-02 7.321347291761493015e-01 2.280382339553937154e-01 5.234410559854347014e-03 0.000000000000000000e+00
4.720000000000000000e+05 1.179987735600775967e-01 3.812016385980882688e-02 7.300864815657714946e-01 2.273554847519344557e-01 4.437869822485207214e-03 0.000000000000000000e+00
4.800000000000000000e+05 1.199987527729602377e-01 4.096495220755575623e-02 7.283796085571233592e-01 2.256486117432862926e-01 5.006827492034592909e-03 0.000000000000000000e+00
4.880000000000000000e+05 1.219987319858428787e-01 5.518889394629039602e-02 7.164314974965863003e-01 2.196176604460628179e-01 8.761948111060537808e-03 0.000000000000000000e+00
4.960000000000000000e+05 1.239987111987255197e-01 5.803368229403732537e-02 7.130177514792899185e-01 2.217796995903504875e-01 7.168866636322257339e-03 0.000000000000000000e+00
5.040000000000000000e+05 1.259986904116081607e-01 6.167501137915339104e-02 7.111970869367318926e-01 2.180245789713245452e-01 9.103322712790167665e-03 0.000000000000000000e+00
5.120000000000000000e+05 1.279986696244910238e-01 6.975421028675465873e-02 7.058488848429677054e-01 2.154073736913973691e-01 8.989531178880291046e-03 0.000000000000000000e+00
5.200000000000000000e+05 1.299986488373736648e-01 2.617205279927173334e-02 8.257851615839781889e-01 1.480427856167501055e-01 0.000000000000000000e+00 0.000000000000000000e+00
5.280000000000000000e+05 1.319986280502563059e-01 2.605826126536185672e-02 8.261265361857077494e-01 1.478152025489303523e-01 0.000000000000000000e+00 0.000000000000000000e+00
5.360000000000000000e+05 1.339986072631389469e-01 2.651342740100136666e-02 8.256713700500682984e-01 1.478152025489303523e-01 0.000000000000000000e+00 0.000000000000000000e+00
5.440000000000000000e+05 1.359985864760215879e-01 2.639963586709149004e-02 8.256713700500682984e-01 1.479289940828402428e-01 0.000000000000000000e+00 0.000000000000000000e+00
5.520000000000000000e+05 1.379985656889042289e-01 2.275830678197542090e-02 8.282885753299954468e-01 1.489531178880291185e-01 0.000000000000000000e+00 0.000000000000000000e+00
5.600000000000000000e+05 1.399985449017868699e-01 2.321347291761493084e-02 8.278334091943558848e-01 1.489531178880291185e-01 0.000000000000000000e+00 0.000000000000000000e+00
5.680000000000000000e+05 1.419985241146695110e-01 2.275830678197542090e-02 8.282885753299954468e-01 1.489531178880291185e-01 0.000000000000000000e+00 0.000000000000000000e+00
5.760000000000000000e+05 1.439985033275523740e-01 2.309968138370505075e-02 8.282885753299954468e-01 1.486117432862995025e-01 0.000000000000000000e+00 0.000000000000000000e+00
5.840000000000000000e+05 1.459984825404350151e-01 2.287209831588529751e-02 8.281747837960855563e-01 1.489531178880291185e-01 0.000000000000000000e+00 0.000000000000000000e+00
5.920000000000000000e+05 1.479984617533176561e-01 2.275830678197542090e-02 8.282885753299954468e-01 1.489531178880291185e-01 0.000000000000000000e+00 0.000000000000000000e+00
6.000000000000000000e+05 1.499984409662002971e-01 2.275830678197542090e-02 8.281747837960855563e-01 1.489531178880291185e-01 1.137915339098771066e-04 0.000000000000000000e+00
6.080000000000000000e+05 1.519984201790829381e-01 2.275830678197542090e-02 8.282885753299954468e-01 1.489531178880291185e-01 0.000000000000000000e+00 0.000000000000000000e+00
6.160000000000000000e+05 1.539983993919655791e-01 2.298588984979517413e-02 8.279472007282657753e-01 1.489531178880291185e-01 1.137915339098771066e-04 0.000000000000000000e+00
6.240000000000000000e+05 1.559983786048482202e-01 2.275830678197542090e-02 8.282885753299954468e-01 1.489531178880291185e-01 0.000000000000000000e+00 0.000000000000000000e+00
6.320000000000000000e+05 1.579983578177310832e-01 2.275830678197542090e-02 8.282885753299954468e-01 1.489531178880291185e-01 0.000000000000000000e+00 0.000000000000000000e+00
6.400000000000000000e+05 1.599983370306137243e-01 2.378243058716431393e-02 8.271506599908966528e-01 1.489531178880291185e-01 1.137915339098771066e-04 0.000000000000000000e+00
6.480000000000000000e+05 1.619983162434963653e-01 2.344105598543468408e-02 8.274920345926263243e-01 1.489531178880291185e-01 1.137915339098771066e-04 0.000000000000000000e+00
6.560000000000000000e+05 1.639982954563790063e-01 2.298588984979517413e-02 8.278334091943558848e-01 1.489531178880291185e-01 2.275830678197542133e-04 0.000000000000000000e+00
6.640000000000000000e+05 1.659982746692616473e-01 2.275830678197542090e-02 8.282885753299954468e-01 1.489531178880291185e-01 0.000000000000000000e+00 0.000000000000000000e+00
6.720000000000000000e+05 1.679982538821442883e-01 2.401001365498407064e-02 8.265817023213473114e-01 1.489531178880291185e-01 4.551661356395084266e-04 0.000000000000000000e+00
6.800000000000000000e+05 1.699982330950269294e-01 2.321347291761493084e-02 8.276058261265362148e-01 1.488393263541192557e-01 3.413746017296313199e-04 0.000000000000000000e+00
6.880000000000000000e+05 1.719982123079095704e-01 2.309968138370505075e-02 8.278334091943558848e-01 1.488393263541192557e-01 2.275830678197542133e-04 0.000000000000000000e+00
6.960000000000000000e+05 1.739981915207924335e-01 4.267182521620391245e-02 7.806099226217569909e-01 1.754665452890304955e-01 1.251706873008648227e-03 0.000000000000000000e+00
7.040000000000000000e+05 1.759981707336750745e-01 4.301319981793354230e-02 7.815202548930360038e-01 1.741010468821119761e-01 1.365498406918525280e-03 0.000000000000000000e+00
7.120000000000000000e+05 1.779981499465577155e-01 4.574419663177059503e-02 7.777651342740100615e-01 1.750113791533909890e-01 1.479289940828402332e-03 0.000000000000000000e+00
7.200000000000000000e+05 1.799981291594403565e-01 4.710969503868912139e-02 7.758306781975421451e-01 1.761492944924897552e-01 9.103322712790168532e-04 0.000000000000000000e+00
7.280000000000000000e+05 1.819981083723229975e-01 4.597177969959034827e-02 7.787892580791988539e-01 1.745562130177514826e-01 6.827492034592626399e-04 0.000000000000000000e+00
7.360000000000000000e+05 1.839980875852056386e-01 4.961310878470642088e-02 7.724169321802457633e-01 1.763768775603095085e-01 1.593081474738279385e-03 0.000000000000000000e+00
7.440000000000000000e+05 1.859980667980882796e-01 4.699590350477924477e-02 7.765134274010013771e-01 1.748975876194810986e-01 1.593081474738279385e-03 0.000000000000000000e+00
7.520000000000000000e+05 1.879980460109711426e-01 5.018206645425580398e-02 7.721893491124259823e-01 1.756941283568502488e-01 1.934456076467910759e-03 0.000000000000000000e+00
7.600000000000000000e+05 1.899980252238537837e-01 4.893035958124715423e-02 7.738962221210742287e-01 1.758079198907601393e-01 1.365498406918525280e-03 0.000000000000000000e+00
7.680000000000000000e+05 1.919980044367364247e-01 5.018206645425580398e-02 7.702548930359581769e-01 1.778561675011379184e-01 1.706873008648156654e-03 0.000000000000000000e+00
7.760000000000000000e+05 1.939979836496190657e-01 5.461993627674101293e-02 7.611515703231679364e-01 1.826354119253527641e-01 1.593081474738279385e-03 0.000000000000000000e+00
7.840000000000000000e+05 1.959979628625017067e-01 6.008192990441511144e-02 7.520482476103778069e-01 1.851388256713700498e-01 2.730996813837050560e-03 0.000000000000000000e+00
7.920000000000000000e+05 1.979979420753843478e-01 6.019572143832498806e-02 7.506827492034592320e-01 1.866181156121984597e-01 2.503413746017296455e-03 0.000000000000000000e+00
8.000000000000000000e+05 1.999979212882669888e-01 8.614019116977697510e-02 7.230314064633591720e-01 1.877560309512972259e-01 3.072371415566681717e-03 0.000000000000000000e+00
8.080000000000000000e+05 2.019979005011496298e-01 9.296768320436959998e-02 7.165452890304960798e-01 1.869594902139280757e-01 3.527537551206190360e-03 0.000000000000000000e+00
8.160000000000000000e+05 2.039978797140324929e-01 8.852981338188438409e-02 7.176832043695948737e-01 1.915111515703231682e-01 2.275830678197541916e-03 0.000000000000000000e+00
8.240000000000000000e+05 2.059978589269151339e-01 8.648156577150660496e-02 7.249658625398270884e-01 1.858215748748293095e-01 2.730996813837050560e-03 0.000000000000000000e+00
8.320000000000000000e+05 2.079978381397977749e-01 8.750568957669549452e-02 7.263313609467455523e-01 1.838871187983613931e-01 2.275830678197541916e-03 0.000000000000000000e+00
8.400000000000000000e+05 2.099978173526804159e-01 8.466090122894856518e-02 7.270141101502047842e-01 1.853664087391898030e-01 2.958579881656804664e-03 0.000000000000000000e+00
8.480000000000000000e+05 2.119977965655630570e-01 8.488848429676831842e-02 7.270141101502047842e-01 1.859353664087392000e-01 2.162039144287664864e-03 0.000000000000000000e+00
8.560000000000000000e+05 2.139977757784456980e-01 7.931269913518433634e-02 7.451069640418752638e-01 1.721665908056440597e-01 3.413746017296313308e-03 0.000000000000000000e+00
8.640000000000000000e+05 2.159977549913283390e-01 8.272644515248064878e-02 7.424897587619481154e-01 1.714838416021848000e-01 3.299954483386436255e-03 0.000000000000000000e+00
8.720000000000000000e+05 2.179977342042112021e-01 8.204369594902138907e-02 7.480655439235320836e-01 1.672735548475193512e-01 2.617205279927173507e-03 0.000000000000000000e+00
8.800000000000000000e+05 2.199977134170938431e-01 8.272644515248064878e-02 7.460172963131542767e-01 1.685252617205279801e-01 2.730996813837050560e-03 0.000000000000000000e+00
8.880000000000000000e+05 2.219976926299764841e-01 8.181611288120163583e-02 7.465862539827037292e-01 1.697769685935366368e-01 1.820664542558033706e-03 0.000000000000000000e+00
8.960000000000000000e+05 2.239976718428591251e-01 7.965407373691398007e-02 7.476103777878926326e-01 1.692080109239872676e-01 3.527537551206190360e-03 0.000000000000000000e+00
9.040000000000000000e+05 2.259976510557417662e-01 8.796085571233500100e-02 7.399863450159308575e-01 1.697769685935366368e-01 2.275830678197541916e-03 0.000000000000000000e+00
9.120000000000000000e+05 2.279976302686244072e-01 9.023668639053254725e-02 7.390760127446518446e-01 1.687528447883477334e-01 1.934456076467910759e-03 0.000000000000000000e+00
9.200000000000000000e+05 2.299976094815070482e-01 9.000910332271279402e-02 7.383932635411925016e-01 1.704597177969958965e-01 1.137915339098770958e-03 0.000000000000000000e+00
9.280000000000000000e+05 2.319975886943896892e-01 9.262630860263997012e-02 7.349795175238962308e-01 1.705735093309057870e-01 1.820664542558033706e-03 0.000000000000000000e+00
9.360000000000000000e+05 2.339975679072725523e-01 9.342284934000910646e-02 7.354346836595356818e-01 1.696631770596267741e-01 1.479289940828402332e-03 0.000000000000000000e+00
9.440000000000000000e+05 2.359975471201551933e-01 9.365043240782885969e-02 7.360036413290851343e-01 1.686390532544378706e-01 1.706873008648156654e-03 0.000000000000000000e+00
9.520000000000000000e+05 2.379975263330378343e-01 9.330905780609922984e-02 7.353208921256259023e-01 1.700045516613563901e-01 1.365498406918525280e-03 0.000000000000000000e+00
9.600000000000000000e+05 2.399975055459204754e-01 9.365043240782885969e-02 7.370277651342740377e-01 1.675011379153391045e-01 1.820664542558033706e-03 0.000000000000000000e+00
9.680000000000000000e+05 2.419974847588031164e-01 9.478834774692762588e-02 7.371415566681839282e-01 1.665908056440600915e-01 1.479289940828402332e-03 0.000000000000000000e+00
9.760000000000000000e+05 2.439974639716857574e-01 9.569868001820663883e-02 7.346381429221665593e-01 1.680700955848884737e-01 1.593081474738279385e-03 0.000000000000000000e+00
9.840000000000000000e+05 2.459974431845683984e-01 9.433318161128811941e-02 7.355484751934455723e-01 1.680700955848884737e-01 2.048247610377787811e-03 0.000000000000000000e+00
9.920000000000000000e+05 2.479974223974512615e-01 9.547109695038688559e-02 7.340691852526172179e-01 1.690942193900773771e-01 1.365498406918525280e-03 0.000000000000000000e+00
1.000000000000000000e+06 2.499974016103339025e-01 9.251251706873007963e-02 7.365725989986344757e-01 1.690942193900773771e-01 1.820664542558033706e-03 0.000000000000000000e+00
1.008000000000000000e+06 2.519973808232165435e-01 9.387801547564861293e-02 7.364588074647245852e-01 1.675011379153391045e-01 2.162039144287664864e-03 0.000000000000000000e+00
1.016000000000000000e+06 2.539973600360991846e-01 9.501593081474737912e-02 7.344105598543468894e-01 1.681838871187983642e-01 2.389622212107419402e-03 0.000000000000000000e+00
1.024000000000000000e+06 2.559973392489818256e-01 9.558488848429676221e-02 7.342967683204369989e-01 1.682976786527082269e-01 1.820664542558033706e-03 0.000000000000000000e+00
1.032000000000000000e+06 2.579973184618644666e-01 9.649522075557578904e-02 7.342967683204369989e-01 1.678425125170687204e-01 1.365498406918525280e-03 0.000000000000000000e+00
1.040000000000000000e+06 2.599972976747471076e-01 9.706417842512517213e-02 7.345243513882566688e-01 1.668183887118798447e-01 1.593081474738279385e-03 0.000000000000000000e+00
1.048000000000000000e+06 2.619972768876297486e-01 9.103322712790168358e-02 7.374829312699134887e-01 1.684114701866181174e-01 3.072371415566681717e-03 0.000000000000000000e+00
1.056000000000000000e+06 2.639972561005126117e-01 9.239872553482020301e-02 7.378243058716431602e-01 1.675011379153391045e-01 2.275830678197541916e-03 0.000000000000000000e+00
1.064000000000000000e+06 2.659972353133952527e-01 9.387801547564861293e-02 7.357760582612653533e-01 1.682976786527082269e-01 2.048247610377787811e-03 0.000000000000000000e+00
1.072000000000000000e+06 2.679972145262778938e-01 9.353664087391898307e-02 7.345243513882566688e-01 1.697769685935366368e-01 2.162039144287664864e-03 0.000000000000000000e+00
1.080000000000000000e+06 2.699971937391605348e-01 9.342284934000910646e-02 7.325898953117887524e-01 1.711424670004551563e-01 2.844788347746927612e-03 0.000000000000000000e+00
1.088000000000000000e+06 2.719971729520431758e-01 9.626763768775603580e-02 7.325898953117887524e-01 1.686390532544378706e-01 2.503413746017296455e-03 0.000000000000000000e+00
1.096000000000000000e+06 2.739971521649258168e-01 1.002503413746017313e-01 7.230314064633591720e-01 1.733045061447428259e-01 3.413746017296313308e-03 0.000000000000000000e+00
1.104000000000000000e+06 2.759971313778084578e-01 1.027537551206190308e-01 7.163177059626764098e-01 1.801319981793354508e-01 7.965407373691396923e-04 0.000000000000000000e+00
1.112000000000000000e+06 2.779971105906913209e-01 1.007055075102412378e-01 7.188211197086936677e-01 1.793354574419663283e-01 1.137915339098770958e-03 0.000000000000000000e+00
1.120000000000000000e+06 2.799970898035739619e-01 9.842967683204369156e-02 7.203004096495220221e-01 1.799044151115156975e-01 1.365498406918525280e-03 0.000000000000000000e+00
1.128000000000000000e+06 2.819970690164566030e-01 9.842967683204369156e-02 7.203004096495220221e-01 1.808147473827947105e-01 4.551661356395084266e-04 0.000000000000000000e+00
1.136000000000000000e+06 2.839970482293392440e-01 1.020710059171597572e-01 7.170004551661356418e-01 1.805871643149749572e-01 3.413746017296313199e-04 0.000000000000000000e+00
1.144000000000000000e+06 2.859970274422218850e-01 1.020710059171597572e-01 7.166590805644059703e-01 1.801319981793354508e-01 1.137915339098770958e-03 0.000000000000000000e+00
1.152000000000000000e+06 2.879970066551045260e-01 1.012744651797906209e-01 7.187073281747837772e-01 1.786527082385070686e-01 1.365498406918525280e-03 0.000000000000000000e+00
1.160000000000000000e+06 2.899969858679871670e-01 1.002503413746017313e-01 7.171142467000455323e-01 1.800182066454255880e-01 2.617205279927173507e-03 0.000000000000000000e+00
1.168000000000000000e+06 2.919969650808698081e-01 1.035502958579881672e-01 7.163177059626764098e-01 1.785389167045971781e-01 1.593081474738279385e-03 0.000000000000000000e+00
1.176000000000000000e+06 2.939969442937526711e-01 1.026399635867091542e-01 7.154073736913973969e-01 1.803595812471552040e-01 1.593081474738279385e-03 0.000000000000000000e+00
1.184000000000000000e+06 2.959969235066353122e-01 1.030951297223486607e-01 7.148384160218479444e-01 1.805871643149749572e-01 1.479289940828402332e-03 0.000000000000000000e+00
1.192000000000000000e+06 2.979969027195179532e-01 1.066226672735548497e-01 7.115384615384615641e-01 1.799044151115156975e-01 1.934456076467910759e-03 0.000000000000000000e+00
1.200000000000000000e+06 2.999968819324005942e-01 1.060537096040054666e-01 7.090350477924441952e-01 1.826354119253527641e-01 2.275830678197541916e-03 0.000000000000000000e+00
1.208000000000000000e+06 3.019968611452832352e-01 1.082157487482931224e-01 7.104005461993627701e-01 1.802457897132453413e-01 1.137915339098770958e-03 0.000000000000000000e+00
1.216000000000000000e+06 3.039968403581658762e-01 1.102639963586709154e-01 7.045971779699590209e-01 1.824078288575330109e-01 2.730996813837050560e-03 0.000000000000000000e+00
1.224000000000000000e+06 3.059968195710485173e-01 1.107191624943104219e-01 7.051661356395084734e-01 1.813837050523441075e-01 2.730996813837050560e-03 0.000000000000000000e+00
1.232000000000000000e+06 3.079967987839313803e-01 1.102639963586709154e-01 7.059626763768775959e-01 1.808147473827947105e-01 2.958579881656804664e-03 0.000000000000000000e+00
1.240000000000000000e+06 3.099967779968140213e-01 1.141329085116067343e-01 6.972007282658170269e-01 1.840009103322712836e-01 4.665452890304961318e-03 0.000000000000000000e+00
1.248000000000000000e+06 3.119967572096966624e-01 1.109467455621301751e-01 7.023213472917615441e-01 1.842284934000910368e-01 2.503413746017296455e-03 0.000000000000000000e+00
1.256000000000000000e+06 3.139967364225793034e-01 1.079881656804733692e-01 7.063040509786071564e-01 1.826354119253527641e-01 3.072371415566681717e-03 0.000000000000000000e+00
1.264000000000000000e+06 3.159967156354619444e-01 1.070778334091943562e-01 7.063040509786071564e-01 1.828629949931725174e-01 3.755120619025944465e-03 0.000000000000000000e+00
1.272000000000000000e+06 3.179966948483445854e-01 1.063950842057350965e-01 7.084660901228948537e-01 1.827492034592626269e-01 2.389622212107419402e-03 0.000000000000000000e+00
1.280000000000000000e+06 3.199966740612272265e-01 1.041192535275375503e-01 7.106281292671825511e-01 1.819526627218935044e-01 3.299954483386436255e-03 0.000000000000000000e+00
1.288000000000000000e+06 3.219966532741098675e-01 1.065088757396449731e-01 7.084660901228948537e-01 1.814974965862539702e-01 3.527537551206190360e-03 0.000000000000000000e+00
1.296000000000000000e+06 3.239966324869927305e-01 1.062812926718252199e-01 7.094902139280837572e-01 1.819526627218935044e-01 2.275830678197541916e-03 0.000000000000000000e+00
1.304000000000000000e+06 3.259966116998753716e-01 1.053709604005461931e-01 7.094902139280837572e-01 1.814974965862539702e-01 3.641329085116067413e-03 0.000000000000000000e+00
1.312000000000000000e+06 3.279965909127580126e-01 1.085571233500227523e-01 7.048247610377788019e-01 1.828629949931725174e-01 3.755120619025944465e-03 0.000000000000000000e+00
1.320000000000000000e+06 3.299965701256406536e-01 1.112881201638598050e-01 7.040282203004096795e-01 1.814974965862539702e-01 3.186162949476558769e-03 0.000000000000000000e+00
1.328000000000000000e+06 3.319965493385232946e-01 1.077605826126536159e-01 7.047109695038689114e-01 1.845698680018206528e-01 2.958579881656804664e-03 0.000000000000000000e+00
1.336000000000000000e+06 3.339965285514059357e-01 1.106053709604005453e-01 7.041420118343195700e-01 1.826354119253527641e-01 2.617205279927173507e-03 0.000000000000000000e+00
1.344000000000000000e+06 3.359965077642885767e-01 1.141329085116067343e-01 7.060764679107874864e-01 1.775147928994082747e-01 2.275830678197541916e-03 0.000000000000000000e+00
1.352000000000000000e+06 3.379964869771714397e-01 7.794720072826581692e-02 7.654756486117433312e-01 1.545289030496131144e-01 2.048247610377787811e-03 0.000000000000000000e+00
1.360000000000000000e+06 3.399964661900540808e-01 7.737824305871643382e-02 7.645653163404643182e-01 1.556668183887118806e-01 2.389622212107419402e-03 0.000000000000000000e+00
1.368000000000000000e+06 3.419964454029367218e-01 7.760582612653618706e-02 7.659308147473827821e-01 1.537323623122439642e-01 2.730996813837050560e-03 0.000000000000000000e+00
1.376000000000000000e+06 3.439964246158193628e-01 7.919890760127445972e-02 7.653618570778334407e-01 1.524806554392353075e-01 2.958579881656804664e-03 0.000000000000000000e+00
1.384000000000000000e+06 3.459964038287020038e-01 7.783340919435594030e-02 7.676376877560309175e-01 1.514565316340464318e-01 3.072371415566681717e-03 0.000000000000000000e+00
1.392000000000000000e+06 3.479963830415846449e-01 8.056440600819299303e-02 7.659308147473827821e-01 1.516841147018661851e-01 1.820664542558033706e-03 0.000000000000000000e+00
1.400000000000000000e+06 3.499963622544672859e-01 7.692307692307692735e-02 7.677514792899408080e-01 1.521392808375056915e-01 3.186162949476558769e-03 0.000000000000000000e+00
1.408000000000000000e+06 3.519963414673499269e-01 7.715065999089668058e-02 7.668411470186617951e-01 1.535047792444242110e-01 2.503413746017296455e-03 0.000000000000000000e+00
1.416000000000000000e+06 3.539963206802327900e-01 7.851615839781520001e-02 7.667273554847519046e-01 1.522530723714155543e-01 2.503413746017296455e-03 0.000000000000000000e+00
1.424000000000000000e+06 3.559962998931154310e-01 7.954028220300408958e-02 7.646791078743740977e-01 1.532771961766044577e-01 2.503413746017296455e-03 0.000000000000000000e+00
1.432000000000000000e+06 3.579962791059980720e-01 7.771961766044606368e-02 7.669549385525716856e-01 1.522530723714155543e-01 3.072371415566681717e-03 0.000000000000000000e+00
1.440000000000000000e+06 3.599962583188807130e-01 8.079198907601274626e-02 7.630860263996358528e-01 1.538461538461538547e-01 2.275830678197541916e-03 0.000000000000000000e+00
1.448000000000000000e+06 3.619962375317633541e-01 8.101957214383249950e-02 7.637687756030950847e-01 1.529358215748748417e-01 2.275830678197541916e-03 0.000000000000000000e+00
1.456000000000000000e+06 3.639962167446459951e-01 7.931269913518433634e-02 7.662721893491124536e-01 1.515703231679562946e-01 2.844788347746927612e-03 0.000000000000000000e+00
1.464000000000000000e+06 3.659961959575286361e-01 8.136094674556212936e-02 7.644515248065544277e-01 1.521392808375056915e-01 2.048247610377787811e-03 0.000000000000000000e+00
1.472000000000000000e+06 3.679961751704114992e-01 8.090578060992262288e-02 7.634274010013655243e-01 1.532771961766044577e-01 2.389622212107419402e-03 0.000000000000000000e+00
1.480000000000000000e+06 3.699961543832941402e-01 8.124715521165225274e-02 7.626308602639964018e-01 1.538461538461538547e-01 2.275830678197541916e-03 0.000000000000000000e+00
1.488000000000000000e+06 3.719961335961767812e-01 8.261265361857077216e-02 7.603550295857988139e-01 1.546426945835229771e-01 2.389622212107419402e-03 0.000000000000000000e+00
1.496000000000000000e+06 3.739961128090594222e-01 8.192990441511151245e-02 7.633136094674556338e-01 1.519116977696859383e-01 2.844788347746927612e-03 0.000000000000000000e+00
1.504000000000000000e+06 3.759960920219420633e-01 8.079198907601274626e-02 7.617205279927173889e-01 1.543013199817933612e-01 3.186162949476558769e-03 0.000000000000000000e+00
1.512000000000000000e+06 3.779960712348247043e-01 8.420573509330905870e-02 7.595584888484296915e-01 1.529358215748748417e-01 3.299954483386436255e-03 0.000000000000000000e+00
1.520000000000000000e+06 3.799960504477073453e-01 9.000910332271279402e-02 7.567137005006827621e-01 1.486117432862995025e-01 4.665452890304961318e-03 0.000000000000000000e+00
1.528000000000000000e+06 3.819960296605899863e-01 8.989531178880291740e-02 7.569412835685025431e-01 1.499772416932180219e-01 3.186162949476558769e-03 0.000000000000000000e+00
1.536000000000000000e+06 3.839960088734728494e-01 9.353664087391898307e-02 7.542102867546655043e-01 1.490669094219390090e-01 3.186162949476558769e-03 0.000000000000000000e+00
1.544000000000000000e+06 3.859959880863554904e-01 1.168639053254437871e-01 7.137005006827491504e-01 1.667045971779699542e-01 2.730996813837050560e-03 0.000000000000000000e+00
1.552000000000000000e+06 3.879959672992381314e-01 1.071916249431042328e-01 7.198452435138825711e-01 1.690942193900773771e-01 3.868912152935821518e-03 0.000000000000000000e+00
1.560000000000000000e+06 3.899959465121207725e-01 1.085571233500227523e-01 7.198452435138825711e-01 1.678425125170687204e-01 3.755120619025944465e-03 0.000000000000000000e+00
1.568000000000000000e+06 3.919959257250034135e-01 1.076467910787437393e-01 7.185935366408738867e-01 1.700045516613563901e-01 3.755120619025944465e-03 0.000000000000000000e+00
1.576000000000000000e+06 3.939959049378860545e-01 1.082157487482931224e-01 7.193900773782430091e-01 1.693218024578971304e-01 3.072371415566681717e-03 0.000000000000000000e+00
1.584000000000000000e+06 3.959958841507686955e-01 1.098088302230314089e-01 7.172280382339554228e-01 1.701183431952662806e-01 2.844788347746927612e-03 0.000000000000000000e+00
1.592000000000000000e+06 3.979958633636515586e-01 1.088984979517523960e-01 7.174556213017750927e-01 1.700045516613563901e-01 3.641329085116067413e-03 0.000000000000000000e+00
1.600000000000000000e+06 3.999958425765341996e-01 1.104915794264906687e-01 7.160901228948566288e-01 1.713700500682749095e-01 2.048247610377787811e-03 0.000000000000000000e+00
1.608000000000000000e+06 4.019958217894168406e-01 1.115157032316795582e-01 7.151797906235776159e-01 1.704597177969958965e-01 2.844788347746927612e-03 0.000000000000000000e+00
1.616000000000000000e+06 4.039958010022994817e-01 1.112881201638598050e-01 7.155211652253072874e-01 1.701183431952662806e-01 3.072371415566681717e-03 0.000000000000000000e+00
1.624000000000000000e+06 4.059957802151821227e-01 1.109467455621301751e-01 7.170004551661356418e-01 1.690942193900773771e-01 2.958579881656804664e-03 0.000000000000000000e+00
1.632000000000000000e+06 4.079957594280647637e-01 1.117432862994993115e-01 7.177969959035047642e-01 1.681838871187983642e-01 2.275830678197541916e-03 0.000000000000000000e+00
1.640000000000000000e+06 4.099957386409474047e-01 1.120846609012289552e-01 7.164314974965863003e-01 1.686390532544378706e-01 2.844788347746927612e-03 0.000000000000000000e+00
1.648000000000000000e+06 4.119957178538300457e-01 1.145880746472462408e-01 7.132453345471096995e-01 1.680700955848884737e-01 4.096495220755575623e-03 0.000000000000000000e+00
1.656000000000000000e+06 4.139956970667129088e-01 1.129949931725079681e-01 7.146108329540282744e-01 1.696631770596267741e-01 2.730996813837050560e-03 0.000000000000000000e+00
1.664000000000000000e+06 4.159956762795955498e-01 1.129949931725079681e-01 7.148384160218479444e-01 1.695493855257168836e-01 2.617205279927173507e-03 0.000000000000000000e+00
1.672000000000000000e+06 4.179956554924781909e-01 1.189121529358215801e-01 7.053937187073281434e-01 1.722803823395539502e-01 3.413746017296313308e-03 0.000000000000000000e+00
1.680000000000000000e+06 4.199956347053608319e-01 1.185707783340919502e-01 7.074419663177059503e-01 1.711424670004551563e-01 2.844788347746927612e-03 0.000000000000000000e+00
1.688000000000000000e+06 4.219956139182434729e-01 1.185707783340919502e-01 7.076695493855257313e-01 1.714838416021848000e-01 2.275830678197541916e-03 0.000000000000000000e+00
1.696000000000000000e+06 4.239955931311261139e-01 1.187983614019117035e-01 7.056213017751479244e-01 1.723941738734638129e-01 3.186162949476558769e-03 0.000000000000000000e+00
1.704000000000000000e+06 4.259955723440087549e-01 1.184569868001820597e-01 7.081247155211651823e-01 1.715976331360946627e-01 1.820664542558033706e-03 0.000000000000000000e+00
1.712000000000000000e+06 4.279955515568916180e-01 1.209604005461993592e-01 7.053937187073281434e-01 1.718252162039144160e-01 1.820664542558033706e-03 0.000000000000000000e+00
1.720000000000000000e+06 4.299955307697742590e-01 1.209604005461993592e-01 7.041420118343195700e-01 1.734182976786527164e-01 1.479289940828402332e-03 0.000000000000000000e+00
1.728000000000000000e+06 4.319955099826569000e-01 1.209604005461993592e-01 7.044833864360491305e-01 1.726217569412835662e-01 1.934456076467910759e-03 0.000000000000000000e+00
1.736000000000000000e+06 4.339954891955395411e-01 1.241465634956759184e-01 6.993627674101047242e-01 1.751251706873008518e-01 1.365498406918525280e-03 0.000000000000000000e+00
1.744000000000000000e+06 4.359954684084221821e-01 1.249431042330450548e-01 6.951524806554392200e-01 1.772872098315885214e-01 2.617205279927173507e-03 0.000000000000000000e+00
1.752000000000000000e+06 4.379954476213048231e-01 1.253982703686845612e-01 6.952662721893491105e-01 1.768320436959490149e-01 2.503413746017296455e-03 0.000000000000000000e+00
1.760000000000000000e+06 4.399954268341874641e-01 1.260810195721438209e-01 6.932180245789713036e-01 1.785389167045971781e-01 2.162039144287664864e-03 0.000000000000000000e+00
1.768000000000000000e+06 4.419954060470701052e-01 1.235776058261265353e-01 7.098315885298134287e-01 1.639736003641329154e-01 2.617205279927173507e-03 0.000000000000000000e+00
1.776000000000000000e+06 4.439953852599529682e-01 1.276741010468821214e-01 7.030040964952207760e-01 1.672735548475193512e-01 2.048247610377787811e-03 0.000000000000000000e+00
1.784000000000000000e+06 4.459953644728356092e-01 1.309740555302685572e-01 6.979972690031861493e-01 1.694355939918070209e-01 1.593081474738279385e-03 0.000000000000000000e+00
1.792000000000000000e+06 4.479953436857182503e-01 1.304050978607191602e-01 6.942421483841602070e-01 1.734182976786527164e-01 1.934456076467910759e-03 0.000000000000000000e+00
1.800000000000000000e+06 4.499953228986008913e-01 1.279016841147018746e-01 6.964041875284479044e-01 1.727355484751934567e-01 2.958579881656804664e-03 0.000000000000000000e+00
1.808000000000000000e+06 4.519953021114835323e-01 1.286982248520709970e-01 6.965179790623577949e-01 1.711424670004551563e-01 3.641329085116067413e-03 0.000000000000000000e+00
1.816000000000000000e+06 4.539952813243661733e-01 1.294947655894401473e-01 7.020937642239417631e-01 1.669321802457897075e-01 1.479289940828402332e-03 0.000000000000000000e+00
