# itime ezz other fcc hcp bcc ico
0.000000000000000000e+00 0.000000000000000000e+00 0.000000000000000000e+00 1.000000000000000000e+00 0.000000000000000000e+00 0.000000000000000000e+00 0.000000000000000000e+00
4.000000000000000000e+04 1.000001160546615253e-02 0.000000000000000000e+00 1.000000000000000000e+00 0.000000000000000000e+00 0.000000000000000000e+00 0.000000000000000000e+00
8.000000000000000000e+04 2.000002321093230506e-02 0.000000000000000000e+00 1.000000000000000000e+00 0.000000000000000000e+00 0.000000000000000000e+00 0.000000000000000000e+00
1.200000000000000000e+05 3.000003481639867964e-02 0.000000000000000000e+00 1.000000000000000000e+00 0.000000000000000000e+00 0.000000000000000000e+00 0.000000000000000000e+00
1.600000000000000000e+05 4.000004642186483217e-02 0.000000000000000000e+00 1.000000000000000000e+00 0.000000000000000000e+00 0.000000000000000000e+00 0.000000000000000000e+00
2.000000000000000000e+05 5.000005802733098470e-02 0.000000000000000000e+00 1.000000000000000000e+00 0.000000000000000000e+00 0.000000000000000000e+00 0.000000000000000000e+00
2.400000000000000000e+05 6.000006963279713723e-02 0.000000000000000000e+00 1.000000000000000000e+00 0.000000000000000000e+00 0.000000000000000000e+00 0.000000000000000000e+00
2.800000000000000000e+05 7.000008123826351181e-02 2.275830678197542133e-04 9.997724169321802190e-01 0.000000000000000000e+00 0.000000000000000000e+00 0.000000000000000000e+00
3.200000000000000000e+05 8.000009284372966434e-02 4.551661356395084266e-04 9.995448338643604380e-01 0.000000000000000000e+00 0.000000000000000000e+00 0.000000000000000000e+00
3.600000000000000000e+05 9.000010444919581687e-02 4.551661356395084266e-04 9.995448338643604380e-01 0.000000000000000000e+00 0.000000000000000000e+00 0.000000000000000000e+00
4.000000000000000000e+05 1.000001160546619694e-01 3.299954483386436255e-03 9.964724624487938387e-01 0.000000000000000000e+00 2.275830678197542133e-04 0.000000000000000000e+00
4.400000000000000000e+05 1.100001276601281219e-01 9.444697314519799256e-03 6.892353208921255803e-01 3.013199817933545632e-01 0.000000000000000000e+00 0.000000000000000000e+00
4.800000000000000000e+05 1.200001392655944965e-01 8.534365043240782836e-03 6.887801547564861293e-01 3.025716886663632477e-01 1.137915339098771066e-04 0.000000000000000000e+00
5.200000000000000000e+05 1.300001508710606490e-01 9.672280382339554228e-03 6.885525716886663483e-01 3.017751479289940697e-01 0.000000000000000000e+00 0.000000000000000000e+00
5.600000000000000000e+05 1.400001624765268016e-01 9.330905780609922637e-03 6.887801547564861293e-01 3.018889394629039602e-01 0.000000000000000000e+00 0.000000000000000000e+00
6.000000000000000000e+05 1.500001740819929541e-01 7.055075102412380721e-03 6.900318616294948137e-01 3.025716886663632477e-01 3.413746017296313199e-04 0.000000000000000000e+00
6.400000000000000000e+05 1.600001856874593287e-01 6.713700500682749130e-03 6.898042785616750328e-01 3.034820209376422606e-01 0.000000000000000000e+00 0.000000000000000000e+00
6.800000000000000000e+05 1.700001972929254812e-01 7.168866636322257339e-03 6.898042785616750328e-01 3.030268548020027541e-01 0.000000000000000000e+00 0.000000000000000000e+00
7.200000000000000000e+05 1.800002088983916337e-01 8.079198907601274626e-03 6.893491124260354708e-01 3.025716886663632477e-01 0.000000000000000000e+00 0.000000000000000000e+00
7.600000000000000000e+05 1.900002205038577863e-01 7.168866636322257339e-03 6.895766954938552518e-01 3.032544378698224796e-01 0.000000000000000000e+00 0.000000000000000000e+00
8.000000000000000000e+05 2.000002321093239388e-01 6.372325898953117539e-03 6.899180700955849233e-01 3.037096040054619861e-01 0.000000000000000000e+00 0.000000000000000000e+00
8.400000000000000000e+05 2.100002437147903134e-01 6.372325898953117539e-03 6.899180700955849233e-01 3.037096040054619861e-01 0.000000000000000000e+00 0.000000000000000000e+00
8.800000000000000000e+05 2.200002553202564659e-01 7.055075102412380721e-03 6.891215293582158008e-01 3.038233955393718766e-01 0.000000000000000000e+00 0.000000000000000000e+00
9.200000000000000000e+05 2.300002669257226184e-01 3.823395539371871044e-02 6.642011834319526686e-01 2.944924897587619661e-01 3.072371415566681717e-03 0.000000000000000000e+00
9.600000000000000000e+05 2.400002785311887710e-01 4.119253527537550946e-02 6.623805188893946427e-01 2.954028220300409791e-01 1.024123805188893906e-03 0.000000000000000000e+00
