# itime ezz other fcc hcp bcc ico
0.000000000000000000e+00 0.000000000000000000e+00 0.000000000000000000e+00 1.000000000000000000e+00 0.000000000000000000e+00 0.000000000000000000e+00 0.000000000000000000e+00
4.000000000000000000e+04 9.999969808360598122e-03 0.000000000000000000e+00 1.000000000000000000e+00 0.000000000000000000e+00 0.000000000000000000e+00 0.000000000000000000e+00
8.000000000000000000e+04 1.999993961672119624e-02 0.000000000000000000e+00 1.000000000000000000e+00 0.000000000000000000e+00 0.000000000000000000e+00 0.000000000000000000e+00
1.200000000000000000e+05 2.999990942508179437e-02 0.000000000000000000e+00 1.000000000000000000e+00 0.000000000000000000e+00 0.000000000000000000e+00 0.000000000000000000e+00
1.600000000000000000e+05 3.999987923344239249e-02 0.000000000000000000e+00 1.000000000000000000e+00 0.000000000000000000e+00 0.000000000000000000e+00 0.000000000000000000e+00
2.000000000000000000e+05 4.999984904180299061e-02 0.000000000000000000e+00 1.000000000000000000e+00 0.000000000000000000e+00 0.000000000000000000e+00 0.000000000000000000e+00
2.400000000000000000e+05 5.999981885016358873e-02 0.000000000000000000e+00 1.000000000000000000e+00 0.000000000000000000e+00 0.000000000000000000e+00 0.000000000000000000e+00
2.800000000000000000e+05 6.999978865852418686e-02 0.000000000000000000e+00 1.000000000000000000e+00 0.000000000000000000e+00 0.000000000000000000e+00 0.000000000000000000e+00
3.200000000000000000e+05 7.999975846688478498e-02 9.103322712790168532e-04 9.990896677287209870e-01 0.000000000000000000e+00 0.000000000000000000e+00 0.000000000000000000e+00
3.600000000000000000e+05 8.999972827524538310e-02 1.024123805188893906e-03 9.988620846609012061e-01 0.000000000000000000e+00 1.137915339098771066e-04 0.000000000000000000e+00
4.000000000000000000e+05 9.999969808360598122e-02 4.210286754665453109e-03 9.953345471096950448e-01 0.000000000000000000e+00 4.551661356395084266e-04 0.000000000000000000e+00
4.400000000000000000e+05 1.099996678919665793e-01 3.152025489303595523e-02 7.346381429221665593e-01 2.288347746927628656e-01 5.006827492034592909e-03 0.000000000000000000e+00
4.800000000000000000e+05 1.199996377003271775e-01 4.096495220755575623e-02 7.283796085571233592e-01 2.256486117432862926e-01 5.006827492034592909e-03 0.000000000000000000e+00
5.200000000000000000e+05 1.299996075086877756e-01 2.617205279927173334e-02 8.257851615839781889e-01 1.480427856167501055e-01 0.000000000000000000e+00 0.000000000000000000e+00
5.600000000000000000e+05 1.399995773170483737e-01 2.321347291761493084e-02 8.278334091943558848e-01 1.489531178880291185e-01 0.000000000000000000e+00 0.000000000000000000e+00
6.000000000000000000e+05 1.499995471254089718e-01 2.275830678197542090e-02 8.281747837960855563e-01 1.489531178880291185e-01 1.137915339098771066e-04 0.000000000000000000e+00
6.400000000000000000e+05 1.599995169337695700e-01 2.378243058716431393e-02 8.271506599908966528e-01 1.489531178880291185e-01 1.137915339098771066e-04 0.000000000000000000e+00
6.800000000000000000e+05 1.699994867421299460e-01 2.321347291761493084e-02 8.276058261265362148e-01 1.488393263541192557e-01 3.413746017296313199e-04 0.000000000000000000e+00
7.200000000000000000e+05 1.799994565504905442e-01 4.710969503868912139e-02 7.758306781975421451e-01 1.761492944924897552e-01 9.103322712790168532e-04 0.000000000000000000e+00
7.600000000000000000e+05 1.899994263588511423e-01 4.893035958124715423e-02 7.738962221210742287e-01 1.758079198907601393e-01 1.365498406918525280e-03 0.000000000000000000e+00
8.000000000000000000e+05 1.999993961672117404e-01 8.614019116977697510e-02 7.230314064633591720e-01 1.877560309512972259e-01 3.072371415566681717e-03 0.000000000000000000e+00
8.400000000000000000e+05 2.099993659755723385e-01 8.466090122894856518e-02 7.270141101502047842e-01 1.853664087391898030e-01 2.958579881656804664e-03 0.000000000000000000e+00
8.800000000000000000e+05 2.199993357839329366e-01 8.272644515248064878e-02 7.460172963131542767e-01 1.685252617205279801e-01 2.730996813837050560e-03 0.000000000000000000e+00
9.200000000000000000e+05 2.299993055922935348e-01 9.000910332271279402e-02 7.383932635411925016e-01 1.704597177969958965e-01 1.137915339098770958e-03 0.000000000000000000e+00
9.600000000000000000e+05 2.399992754006541329e-01 9.365043240782885969e-02 7.370277651342740377e-01 1.675011379153391045e-01 1.820664542558033706e-03 0.000000000000000000e+00
1.000000000000000000e+06 2.499992452090147310e-01 9.251251706873007963e-02 7.365725989986344757e-01 1.690942193900773771e-01 1.820664542558033706e-03 0.000000000000000000e+00
1.040000000000000000e+06 2.599992150173753291e-01 9.706417842512517213e-02 7.345243513882566688e-01 1.668183887118798447e-01 1.593081474738279385e-03 0.000000000000000000e+00
1.080000000000000000e+06 2.699991848257359273e-01 9.342284934000910646e-02 7.325898953117887524e-01 1.711424670004551563e-01 2.844788347746927612e-03 0.000000000000000000e+00
1.120000000000000000e+06 2.799991546340965254e-01 9.842967683204369156e-02 7.203004096495220221e-01 1.799044151115156975e-01 1.365498406918525280e-03 0.000000000000000000e+00
1.160000000000000000e+06 2.899991244424571235e-01 1.002503413746017313e-01 7.171142467000455323e-01 1.800182066454255880e-01 2.617205279927173507e-03 0.000000000000000000e+00
1.200000000000000000e+06 2.999990942508177216e-01 1.060537096040054666e-01 7.090350477924441952e-01 1.826354119253527641e-01 2.275830678197541916e-03 0.000000000000000000e+00
1.240000000000000000e+06 3.099990640591783198e-01 1.141329085116067343e-01 6.972007282658170269e-01 1.840009103322712836e-01 4.665452890304961318e-03 0.000000000000000000e+00
1.280000000000000000e+06 3.199990338675389179e-01 1.041192535275375503e-01 7.106281292671825511e-01 1.819526627218935044e-01 3.299954483386436255e-03 0.000000000000000000e+00
1.320000000000000000e+06 3.299990036758995160e-01 1.112881201638598050e-01 7.040282203004096795e-01 1.814974965862539702e-01 3.186162949476558769e-03 0.000000000000000000e+00
1.360000000000000000e+06 3.399989734842601141e-01 7.737824305871643382e-02 7.645653163404643182e-01 1.556668183887118806e-01 2.389622212107419402e-03 0.000000000000000000e+00
1.400000000000000000e+06 3.499989432926207122e-01 7.692307692307692735e-02 7.677514792899408080e-01 1.521392808375056915e-01 3.186162949476558769e-03 0.000000000000000000e+00
1.440000000000000000e+06 3.599989131009813104e-01 8.079198907601274626e-02 7.630860263996358528e-01 1.538461538461538547e-01 2.275830678197541916e-03 0.000000000000000000e+00
1.480000000000000000e+06 3.699988829093419085e-01 8.124715521165225274e-02 7.626308602639964018e-01 1.538461538461538547e-01 2.275830678197541916e-03 0.000000000000000000e+00
1.520000000000000000e+06 3.799988527177025066e-01 9.000910332271279402e-02 7.567137005006827621e-01 1.486117432862995025e-01 4.665452890304961318e-03 0.000000000000000000e+00
1.560000000000000000e+06 3.899988225260631047e-01 1.085571233500227523e-01 7.198452435138825711e-01 1.678425125170687204e-01 3.755120619025944465e-03 0.000000000000000000e+00
1.600000000000000000e+06 3.999987923344237029e-01 1.104915794264906687e-01 7.160901228948566288e-01 1.713700500682749095e-01 2.048247610377787811e-03 0.000000000000000000e+00
1.640000000000000000e+06 4.099987621427843010e-01 1.120846609012289552e-01 7.164314974965863003e-01 1.686390532544378706e-01 2.844788347746927612e-03 0.000000000000000000e+00
1.680000000000000000e+06 4.199987319511448991e-01 1.185707783340919502e-01 7.074419663177059503e-01 1.711424670004551563e-01 2.844788347746927612e-03 0.000000000000000000e+00
1.720000000000000000e+06 4.299987017595054972e-01 1.209604005461993592e-01 7.041420118343195700e-01 1.734182976786527164e-01 1.479289940828402332e-03 0.000000000000000000e+00
1.760000000000000000e+06 4.399986715678660953e-01 1.260810195721438209e-01 6.932180245789713036e-01 1.785389167045971781e-01 2.162039144287664864e-03 0.000000000000000000e+00
1.800000000000000000e+06 4.499986413762266935e-01 1.279016841147018746e-01 6.964041875284479044e-01 1.727355484751934567e-01 2.958579881656804664e-03 0.000000000000000000e+00
1.840000000000000000e+06 4.599986111845872916e-01 1.371187983614019223e-01 6.843422849340009551e-01 1.753527537551206328e-01 3.186162949476558769e-03 0.000000000000000000e+00
1.880000000000000000e+06 4.699985809929478897e-01 1.398497951752389612e-01 6.813837050523441352e-01 1.781975421028675344e-01 5.689576695493854790e-04 0.000000000000000000e+00
1.920000000000000000e+06 4.799985508013084878e-01 1.400773782430587144e-01 6.813837050523441352e-01 1.768320436959490149e-01 1.706873008648156654e-03 0.000000000000000000e+00
1.960000000000000000e+06 4.899985206096690860e-01 1.422394173873463841e-01 6.781975421028675344e-01 1.780837505689576716e-01 1.479289940828402332e-03 0.000000000000000000e+00
2.000000000000000000e+06 4.999984904180294620e-01 1.398497951752389612e-01 6.816112881201638052e-01 1.770596267637687682e-01 1.479289940828402332e-03 0.000000000000000000e+00
2.040000000000000000e+06 5.099984602263900602e-01 1.415566681838871244e-01 6.794492489758762188e-01 1.767182521620391522e-01 2.275830678197541916e-03 0.000000000000000000e+00
2.080000000000000000e+06 5.199984300347506583e-01 1.483841602184797492e-01 7.053937187073281434e-01 1.436049157942649035e-01 2.617205279927173507e-03 0.000000000000000000e+00
2.120000000000000000e+06 5.299983998431112564e-01 1.404187528447883582e-01 7.189349112426035582e-01 1.387118798361401950e-01 1.934456076467910759e-03 0.000000000000000000e+00
2.160000000000000000e+06 5.399983696514718545e-01 1.418980427856167403e-01 7.157487482931269573e-01 1.400773782430587144e-01 2.275830678197541916e-03 0.000000000000000000e+00
2.200000000000000000e+06 5.499983394598324526e-01 1.494082840236686527e-01 7.015248065543923106e-01 1.450842057350933134e-01 3.982703686845699004e-03 0.000000000000000000e+00
2.240000000000000000e+06 5.599983092681930508e-01 1.374601729631315383e-01 7.149522075557578349e-01 1.456531634046426826e-01 1.934456076467910759e-03 0.000000000000000000e+00
2.280000000000000000e+06 5.699982790765536489e-01 1.359808830223031284e-01 7.143832498862084934e-01 1.467910787437414766e-01 2.844788347746927612e-03 0.000000000000000000e+00
2.320000000000000000e+06 5.799982488849142470e-01 1.383705052344105513e-01 7.143832498862084934e-01 1.448566226672735602e-01 2.389622212107419402e-03 0.000000000000000000e+00
2.360000000000000000e+06 5.899982186932748451e-01 1.441738734638143005e-01 7.106281292671825511e-01 1.428083750568957533e-01 2.389622212107419402e-03 0.000000000000000000e+00
2.400000000000000000e+06 5.999981885016354433e-01 1.456531634046426826e-01 7.083522985889849632e-01 1.437187073281747940e-01 2.275830678197541916e-03 0.000000000000000000e+00
2.440000000000000000e+06 6.099981583099960414e-01 1.759217114246700020e-01 7.012972234865726406e-01 1.199362767410104696e-01 2.844788347746927612e-03 0.000000000000000000e+00
2.480000000000000000e+06 6.199981281183566395e-01 1.682976786527082269e-01 7.033454710969503365e-01 1.256258534365043145e-01 2.730996813837050560e-03 0.000000000000000000e+00
2.520000000000000000e+06 6.299980979267172376e-01 1.728493400091033194e-01 6.985662266727356018e-01 1.263086026399635742e-01 2.275830678197541916e-03 0.000000000000000000e+00
2.560000000000000000e+06 6.399980677350778357e-01 1.759217114246700020e-01 6.962903959945380139e-01 1.259672280382339582e-01 1.820664542558033706e-03 0.000000000000000000e+00
2.600000000000000000e+06 6.499980375434384339e-01 1.811561219845243542e-01 6.920801092398725096e-01 1.240327719617660418e-01 2.730996813837050560e-03 0.000000000000000000e+00
2.640000000000000000e+06 6.599980073517990320e-01 1.733045061447428259e-01 6.911697769685934967e-01 1.318843878015475701e-01 3.641329085116067413e-03 0.000000000000000000e+00
2.680000000000000000e+06 6.699979771601596301e-01 1.867319071461083224e-01 6.577150659990896875e-01 1.491807009558488717e-01 6.372325898953117539e-03 0.000000000000000000e+00
2.720000000000000000e+06 6.799979469685202282e-01 1.830905780609922706e-01 6.537323623122439642e-01 1.570323167956304000e-01 6.144742831133363434e-03 0.000000000000000000e+00
2.760000000000000000e+06 6.899979167768808264e-01 1.883249886208466228e-01 6.454255803368229572e-01 1.623805188893946427e-01 3.868912152935821518e-03 0.000000000000000000e+00
2.800000000000000000e+06 6.999978865852414245e-01 1.907146108329540179e-01 6.343878015475649113e-01 1.723941738734638129e-01 2.503413746017296455e-03 0.000000000000000000e+00
2.840000000000000000e+06 7.099978563936020226e-01 1.974283113336367801e-01 6.234638142922166448e-01 1.745562130177514826e-01 4.551661356395083832e-03 0.000000000000000000e+00
2.880000000000000000e+06 7.199978262019626207e-01 1.982248520710059303e-01 6.213017751479289474e-01 1.742148384160218388e-01 6.258534365043240920e-03 0.000000000000000000e+00
2.920000000000000000e+06 7.299977960103232189e-01 2.047109695038689114e-01 6.083295402822029851e-01 1.821802457897132577e-01 4.779244424214838804e-03 0.000000000000000000e+00
2.960000000000000000e+06 7.399977658186838170e-01 2.034592626308602548e-01 6.087847064178425471e-01 1.822940373236231204e-01 5.461993627674101119e-03 0.000000000000000000e+00
3.000000000000000000e+06 7.499977356270444151e-01 2.118798361401911801e-01 6.003641329085116496e-01 1.842284934000910368e-01 3.527537551206190360e-03 0.000000000000000000e+00
3.040000000000000000e+06 7.599977054354050132e-01 2.148384160218479721e-01 5.930814747382794350e-01 1.841147018661811463e-01 7.965407373691398007e-03 0.000000000000000000e+00
3.080000000000000000e+06 7.699976752437656113e-01 2.306554392353208915e-01 5.964952207555758168e-01 1.673873463814292140e-01 5.461993627674101119e-03 0.000000000000000000e+00
3.120000000000000000e+06 7.799976450521262095e-01 2.162039144287664916e-01 6.177742375967227861e-01 1.615839781520254925e-01 4.437869822485207214e-03 0.000000000000000000e+00
3.160000000000000000e+06 7.899976148604868076e-01 2.160901228948566288e-01 6.244879380974055483e-01 1.536185707783341015e-01 5.803368229403732710e-03 0.000000000000000000e+00
3.200000000000000000e+06 7.999975846688474057e-01 2.074419663177059503e-01 6.383705052344105235e-01 1.504324078288575284e-01 3.755120619025944465e-03 0.000000000000000000e+00
3.240000000000000000e+06 8.099975544772080038e-01 2.098315885298133732e-01 6.181156121984524576e-01 1.680700955848884737e-01 3.982703686845699004e-03 0.000000000000000000e+00
3.280000000000000000e+06 8.199975242855686020e-01 2.088074647246244975e-01 6.165225307237141017e-01 1.698907601274465273e-01 4.779244424214838804e-03 0.000000000000000000e+00
3.320000000000000000e+06 8.299974940939289780e-01 2.036868456986800080e-01 6.225534820209376319e-01 1.686390532544378706e-01 5.120619025944469528e-03 0.000000000000000000e+00
3.360000000000000000e+06 8.399974639022895762e-01 1.990213928083750528e-01 6.301775147928994070e-01 1.639736003641329154e-01 6.827492034592626616e-03 0.000000000000000000e+00
3.400000000000000000e+06 8.499974337106501743e-01 1.925352753755120716e-01 6.643149749658625591e-01 1.391670459717797015e-01 3.982703686845699004e-03 0.000000000000000000e+00
3.440000000000000000e+06 8.599974035190107724e-01 1.824078288575330109e-01 6.911697769685934967e-01 1.222121074192080159e-01 4.210286754665453109e-03 0.000000000000000000e+00
3.480000000000000000e+06 8.699973733273713705e-01 1.761492944924897552e-01 6.956076467910787819e-01 1.243741465634956717e-01 3.868912152935821518e-03 0.000000000000000000e+00
3.520000000000000000e+06 8.799973431357319686e-01 1.809285389167046010e-01 6.927628584433318526e-01 1.232362312243969055e-01 3.072371415566681717e-03 0.000000000000000000e+00
3.560000000000000000e+06 8.899973129440925668e-01 1.809285389167046010e-01 6.923076923076922906e-01 1.223258989531178925e-01 4.437869822485207214e-03 0.000000000000000000e+00
3.600000000000000000e+06 8.999972827524531649e-01 1.810423304506144637e-01 6.885525716886663483e-01 1.250568957669549452e-01 5.348202093764223633e-03 0.000000000000000000e+00
3.640000000000000000e+06 9.099972525608137630e-01 1.828629949931725174e-01 6.837733272644515026e-01 1.284706417842512438e-01 4.893035958124715423e-03 0.000000000000000000e+00
3.680000000000000000e+06 9.199972223691743611e-01 1.832043695949021334e-01 6.805871643149750128e-01 1.290395994538006408e-01 7.168866636322257339e-03 0.000000000000000000e+00
3.720000000000000000e+06 9.299971921775349593e-01 1.887801547564861293e-01 6.588529813381884814e-01 1.449704142011834229e-01 7.396449704142011444e-03 0.000000000000000000e+00
3.760000000000000000e+06 9.399971619858955574e-01 2.012972234865725851e-01 5.468821119708693335e-01 2.469276285844333174e-01 4.893035958124715423e-03 0.000000000000000000e+00
3.800000000000000000e+06 9.499971317942561555e-01 2.033454710969503920e-01 5.458579881656804300e-01 2.457897132453345512e-01 5.006827492034592909e-03 0.000000000000000000e+00
3.840000000000000000e+06 9.599971016026167536e-01 2.000455166135639562e-01 6.357532999544833752e-01 1.595357305416477134e-01 4.665452890304961318e-03 0.000000000000000000e+00
3.880000000000000000e+06 9.699970714109773517e-01 1.934456076467910846e-01 6.579426490669094685e-01 1.451979972690031762e-01 3.413746017296313308e-03 0.000000000000000000e+00
3.920000000000000000e+06 9.799970412193379499e-01 1.952662721893491105e-01 6.547564861174328676e-01 1.458807464724624359e-01 4.096495220755575623e-03 0.000000000000000000e+00
3.960000000000000000e+06 9.899970110276985480e-01 1.939007737824305910e-01 6.552116522530723186e-01 1.483841602184797492e-01 2.503413746017296455e-03 0.000000000000000000e+00
4.000000000000000000e+06 9.999969808360591461e-01 1.999317250796540657e-01 6.513427401001365968e-01 1.448566226672735602e-01 3.868912152935821518e-03 0.000000000000000000e+00
