# itime ezz other fcc hcp bcc ico
0.000000000000000000e+00 0.000000000000000000e+00 6.827492034592626399e-04 9.993172507965407680e-01 0.000000000000000000e+00 0.000000000000000000e+00 0.000000000000000000e+00
2.500000000000000000e+02 9.999971877503011086e-03 1.137915339098770958e-03 9.988620846609012061e-01 0.000000000000000000e+00 0.000000000000000000e+00 0.000000000000000000e+00
5.000000000000000000e+02 1.999994375500602217e-02 2.617205279927173507e-03 9.973827947200728516e-01 0.000000000000000000e+00 0.000000000000000000e+00 0.000000000000000000e+00
7.500000000000000000e+02 2.999991563250925530e-02 1.593081474738279385e-03 9.984069185252617551e-01 0.000000000000000000e+00 0.000000000000000000e+00 0.000000000000000000e+00
1.000000000000000000e+03 3.999988751001226639e-02 8.648156577150659455e-03 9.911242603550295405e-01 0.000000000000000000e+00 2.275830678197542133e-04 0.000000000000000000e+00
1.250000000000000000e+03 4.999985938751527748e-02 1.160673645880746542e-02 9.881656804733728316e-01 0.000000000000000000e+00 2.275830678197542133e-04 0.000000000000000000e+00
1.500000000000000000e+03 5.999983126501828856e-02 3.436504324078288458e-02 9.641556668183887124e-01 0.000000000000000000e+00 1.479289940828402332e-03 0.000000000000000000e+00
1.750000000000000000e+03 6.999980314252129965e-02 4.517523896222121194e-02 9.523213472917615441e-01 0.000000000000000000e+00 2.503413746017296455e-03 0.000000000000000000e+00
2.000000000000000000e+03 7.999977502002431073e-02 1.049157942649066866e-01 8.785844333181611621e-01 0.000000000000000000e+00 1.649977241693217911e-02 0.000000000000000000e+00
2.250000000000000000e+03 8.999974689752754387e-02 2.465862539827036737e-01 6.630632680928538747e-01 2.275830678197542133e-04 9.012289485662267063e-02 0.000000000000000000e+00
2.500000000000000000e+03 9.999971877503055495e-02 3.512744651797906070e-01 3.806326809285389134e-01 2.162039144287665124e-02 2.464724624487938109e-01 0.000000000000000000e+00
2.750000000000000000e+03 1.099996906525335660e-01 4.073736913973600160e-01 2.817478379608557293e-01 5.894401456531633832e-02 2.519344560764679164e-01 0.000000000000000000e+00
3.000000000000000000e+03 1.199996625300365771e-01 4.190942193900774049e-01 2.323623122439690547e-01 8.170232134729175921e-02 2.668411470186617951e-01 0.000000000000000000e+00
3.250000000000000000e+03 1.299996344075395882e-01 4.413973600364132777e-01 1.648839326354119283e-01 8.682294037323623481e-02 3.068957669549385314e-01 0.000000000000000000e+00
3.500000000000000000e+03 1.399996062850425993e-01 4.630177514792899185e-01 1.110605370960400518e-01 1.042330450614474269e-01 3.216886663632225751e-01 0.000000000000000000e+00
3.750000000000000000e+03 1.499995781625458324e-01 4.970414201183431802e-01 9.581247155211652933e-02 1.177742375967228000e-01 2.893718707328175044e-01 0.000000000000000000e+00
4.000000000000000000e+03 1.599995500400488435e-01 5.349340009103322746e-01 8.818843878015475424e-02 1.573736913973600438e-01 2.195038689121529274e-01 0.000000000000000000e+00
4.250000000000000000e+03 1.699995219175518546e-01 5.399408284023669014e-01 9.467455621301774926e-02 1.711424670004551563e-01 1.942421483841602070e-01 0.000000000000000000e+00
4.500000000000000000e+03 1.799994937950548657e-01 5.719162494310423561e-01 9.137460172963131344e-02 1.973145197997268896e-01 1.393946290395994547e-01 0.000000000000000000e+00
4.750000000000000000e+03 1.899994656725578768e-01 5.938780154756485574e-01 9.683659535730541890e-02 2.110832954028220299e-01 9.820209376422393832e-02 0.000000000000000000e+00
5.000000000000000000e+03 1.999994375500608879e-01 6.073054164770140817e-01 9.751934456076467861e-02 2.152935821574874786e-01 7.988165680473373331e-02 0.000000000000000000e+00
5.250000000000000000e+03 2.099994094275641210e-01 6.063950842057350687e-01 1.017296313154301274e-01 2.132453345471096995e-01 7.862994993172507663e-02 0.000000000000000000e+00
5.500000000000000000e+03 2.199993813050671321e-01 6.290395994538006130e-01 1.104915794264906687e-01 2.049385525716886647e-01 5.553026854802002588e-02 0.000000000000000000e+00
5.750000000000000000e+03 2.299993531825701432e-01 6.442876649977241632e-01 1.078743741465634925e-01 2.008420573509330787e-01 4.699590350477924477e-02 0.000000000000000000e+00
6.000000000000000000e+03 2.399993250600731542e-01 6.680700955848885014e-01 9.899863450159307465e-02 1.952662721893491105e-01 3.755120619025944378e-02 1.137915339098771066e-04
6.250000000000000000e+03 2.499992969375761653e-01 6.662494310423304755e-01 1.008192990441511144e-01 1.916249431042330587e-01 4.119253527537550946e-02 1.137915339098771066e-04
6.500000000000000000e+03 2.599992688150791764e-01 6.847974510696404060e-01 9.444697314519799602e-02 1.862767410104688159e-01 3.447883477469276120e-02 0.000000000000000000e+00
6.750000000000000000e+03 2.699992406925824096e-01 6.910559854346836062e-01 9.285389167045972336e-02 1.792216659080564378e-01 3.686845698680018407e-02 0.000000000000000000e+00
7.000000000000000000e+03 2.799992125700854206e-01 7.082385070550750727e-01 9.490213928083750250e-02 1.681838871187983642e-01 2.867546654528902936e-02 0.000000000000000000e+00
7.250000000000000000e+03 2.899991844475884317e-01 7.156349567592170668e-01 9.990896677287210148e-02 1.596495220755575761e-01 2.480655439235321044e-02 0.000000000000000000e+00
7.500000000000000000e+03 2.999991563250914428e-01 7.209831588529813651e-01 9.945380063723259501e-02 1.590805644060081792e-01 2.025489303595812488e-02 2.275830678197542133e-04
7.750000000000000000e+03 3.099991282025944539e-01 7.272416932180245652e-01 9.228493400091032639e-02 1.596495220755575761e-01 2.071005917159763482e-02 1.137915339098771066e-04
8.000000000000000000e+03 3.199991000800976870e-01 7.440828402366863603e-01 8.488848429676831842e-02 1.546426945835229771e-01 1.638598088302230249e-02 0.000000000000000000e+00
8.250000000000000000e+03 3.299990719576006981e-01 7.550068274920346267e-01 7.897132453345470648e-02 1.487255348202093652e-01 1.718252162039144229e-02 1.137915339098771066e-04
8.500000000000000000e+03 3.399990438351037092e-01 7.699135184342285054e-01 7.669549385525717411e-02 1.346153846153846090e-01 1.866181156121984527e-02 1.137915339098771066e-04
8.750000000000000000e+03 3.499990157126067203e-01 7.795857988165680874e-01 7.339553937187073829e-02 1.285844333181611343e-01 1.820664542558033533e-02 2.275830678197542133e-04
9.000000000000000000e+03 3.599989875901097314e-01 7.870960400546199720e-01 6.964041875284478211e-02 1.250568957669549452e-01 1.809285389167045871e-02 1.137915339098771066e-04
9.250000000000000000e+03 3.699989594676127425e-01 8.050751024123805610e-01 6.451979972690032039e-02 1.150432407828857473e-01 1.513427401001365448e-02 2.275830678197542133e-04
9.500000000000000000e+03 3.799989313451159756e-01 8.181611288120164138e-01 6.008192990441511144e-02 1.042330450614474269e-01 1.741010468821119553e-02 1.137915339098771066e-04
9.750000000000000000e+03 3.899989032226189867e-01 8.213472917614929036e-01 5.780609922621757213e-02 1.055985434683659602e-01 1.513427401001365448e-02 1.137915339098771066e-04
1.000000000000000000e+04 3.999988751001219978e-01 8.392125625853436022e-01 5.120619025944470049e-02 9.353664087391898307e-02 1.558944014565316269e-02 4.551661356395084266e-04
1.025000000000000000e+04 4.099988469776247868e-01 8.503641329085116496e-01 4.984069185252617412e-02 8.534365043240782489e-02 1.422394173873463806e-02 2.275830678197542133e-04
1.050000000000000000e+04 4.199988188551280199e-01 8.581019572143832042e-01 4.608557123350022489e-02 8.113336367774237612e-02 1.422394173873463806e-02 4.551661356395084266e-04
1.075000000000000000e+04 4.299987907326312531e-01 8.709604005461993870e-01 4.142011834319526964e-02 7.214383249886208160e-02 1.502048247610377786e-02 4.551661356395084266e-04
1.100000000000000000e+04 4.399987626101342642e-01 8.855257168866635942e-01 3.527537551206190447e-02 6.497496586253982687e-02 1.388256713700500647e-02 3.413746017296313199e-04
1.125000000000000000e+04 4.499987344876370532e-01 8.961083295402821891e-01 3.174783796085571541e-02 5.735093309057805872e-02 1.422394173873463806e-02 5.689576695493854790e-04
1.150000000000000000e+04 4.599987063651402863e-01 8.939462903959944917e-01 3.117888029130632538e-02 5.826126536185707860e-02 1.536185707783340945e-02 1.251706873008648227e-03
1.175000000000000000e+04 4.699986782426435195e-01 9.060081929904415521e-01 3.254437869822485174e-02 5.245789713245334329e-02 8.306781975421027864e-03 6.827492034592626399e-04
1.200000000000000000e+04 4.799986501201463085e-01 9.063495675921711126e-01 3.243058716431497512e-02 4.927173418297678409e-02 1.160673645880746542e-02 3.413746017296313199e-04
1.225000000000000000e+04 4.899986219976493196e-01 9.136322257624033272e-01 2.890304961310878606e-02 4.847519344560764776e-02 8.192990441511151245e-03 7.965407373691396923e-04
1.250000000000000000e+04 4.999985938751525527e-01 9.226217569412835662e-01 2.594446973145198010e-02 4.085116067364587961e-02 1.012744651797906244e-02 4.551661356395084266e-04
1.275000000000000000e+04 5.099985657526555638e-01 9.279699590350477534e-01 2.446517979062357712e-02 3.903049613108784677e-02 7.965407373691398007e-03 5.689576695493854790e-04
1.300000000000000000e+04 5.199985376301585749e-01 9.272872098315885214e-01 2.446517979062357712e-02 3.675466545289030745e-02 1.035502958579881741e-02 1.137915339098770958e-03
1.325000000000000000e+04 5.299985095076613639e-01 9.340009103322712836e-01 2.218934911242603433e-02 3.436504324078288458e-02 8.648156577150659455e-03 7.965407373691396923e-04
1.350000000000000000e+04 5.399984813851645971e-01 9.374146563495675544e-01 2.207555757851615771e-02 3.288575329995448160e-02 6.372325898953117539e-03 1.251706873008648227e-03
1.375000000000000000e+04 5.499984532626678302e-01 9.434456076467910846e-01 2.105143377332726468e-02 2.867546654528902936e-02 6.144742831133363434e-03 6.827492034592626399e-04
1.400000000000000000e+04 5.599984251401708413e-01 9.475421028675466983e-01 1.615839781520254925e-02 2.799271734182976618e-02 7.055075102412380721e-03 1.251706873008648227e-03
1.425000000000000000e+04 5.699983970176736303e-01 9.503868912152936277e-01 1.570323167956303931e-02 2.639963586709149004e-02 6.599908966772872511e-03 9.103322712790168532e-04
1.450000000000000000e+04 5.799983688951768634e-01 9.566454255803368278e-01 1.308602639963586667e-02 2.412380518889394726e-02 4.096495220755575623e-03 2.048247610377787811e-03
1.475000000000000000e+04 5.899983407726800966e-01 9.575557578516158408e-01 1.388256713700500647e-02 2.207555757851615771e-02 5.120619025944469528e-03 1.365498406918525280e-03
1.500000000000000000e+04 5.999983126501828856e-01 9.591488393263540857e-01 1.331360946745562164e-02 2.207555757851615771e-02 4.437869822485207214e-03 1.024123805188893906e-03
1.525000000000000000e+04 6.099982845276858967e-01 9.607419208010924416e-01 1.217569412835685025e-02 2.048247610377787811e-02 5.461993627674101119e-03 1.137915339098770958e-03
1.550000000000000000e+04 6.199982564051891298e-01 9.609695038689121116e-01 1.251706873008648184e-02 2.162039144287665124e-02 3.641329085116067413e-03 1.251706873008648227e-03
1.575000000000000000e+04 6.299982282826923630e-01 9.665452890304960798e-01 1.126536185707783383e-02 1.786527082385070547e-02 3.527537551206190360e-03 7.965407373691396923e-04
1.600000000000000000e+04 6.399982001601951520e-01 9.652935821574875064e-01 1.183431952662721866e-02 1.866181156121984527e-02 3.299954483386436255e-03 9.103322712790168532e-04
1.625000000000000000e+04 6.499981720376981631e-01 9.655211652253072874e-01 1.092398725534820224e-02 1.866181156121984527e-02 3.755120619025944465e-03 1.137915339098770958e-03
1.650000000000000000e+04 6.599981439152011742e-01 9.641556668183887124e-01 1.194811106053709528e-02 1.911697769685935522e-02 3.641329085116067413e-03 1.137915339098770958e-03
1.675000000000000000e+04 6.699981157927044073e-01 9.671142467000455323e-01 1.081019572143832562e-02 1.752389622212107562e-02 2.617205279927173507e-03 1.934456076467910759e-03
1.700000000000000000e+04 6.799980876702074184e-01 9.684797451069639962e-01 1.001365498406918582e-02 1.638598088302230249e-02 3.299954483386436255e-03 1.820664542558033706e-03
1.725000000000000000e+04 6.899980595477102074e-01 9.724624487938097195e-01 9.217114246700046018e-03 1.433773327264451468e-02 3.186162949476558769e-03 7.965407373691396923e-04
1.750000000000000000e+04 6.999980314252134406e-01 9.740555302685480754e-01 7.396449704142011444e-03 1.297223486572599005e-02 3.641329085116067413e-03 1.934456076467910759e-03
1.775000000000000000e+04 7.099980033027166737e-01 9.737141556668184039e-01 7.737824305871643035e-03 1.570323167956303931e-02 1.365498406918525280e-03 1.479289940828402332e-03
1.800000000000000000e+04 7.199979751802194627e-01 9.724624487938097195e-01 9.444697314519799256e-03 1.467910787437414627e-02 1.934456076467910759e-03 1.479289940828402332e-03
1.825000000000000000e+04 7.299979470577224738e-01 9.726900318616295005e-01 7.965407373691398007e-03 1.467910787437414627e-02 2.503413746017296455e-03 2.162039144287664864e-03
1.850000000000000000e+04 7.399979189352257070e-01 9.767865270823851143e-01 7.396449704142011444e-03 1.206190259444697363e-02 1.706873008648156654e-03 2.048247610377787811e-03
1.875000000000000000e+04 7.499978908127289401e-01 9.792899408284023721e-01 7.055075102412380721e-03 1.069640418752844727e-02 1.251706873008648227e-03 1.706873008648156654e-03
1.900000000000000000e+04 7.599978626902317291e-01 9.816795630405097395e-01 5.348202093764223633e-03 1.001365498406918582e-02 6.827492034592626399e-04 2.275830678197541916e-03
1.925000000000000000e+04 7.699978345677347402e-01 9.825898953117887524e-01 5.348202093764223633e-03 9.330905780609922637e-03 6.827492034592626399e-04 2.048247610377787811e-03
1.950000000000000000e+04 7.799978064452377513e-01 9.841829767865271084e-01 4.324078288575329727e-03 8.079198907601274626e-03 1.593081474738279385e-03 1.820664542558033706e-03
1.975000000000000000e+04 7.899977783227409844e-01 9.846381429221665593e-01 3.868912152935821518e-03 8.306781975421027864e-03 1.024123805188893906e-03 2.162039144287664864e-03
2.000000000000000000e+04 7.999977502002439955e-01 9.853208921256259023e-01 3.641329085116067413e-03 7.851615839781519654e-03 7.965407373691396923e-04 2.389622212107419402e-03
2.025000000000000000e+04 8.099977220777467846e-01 9.845243513882566688e-01 3.641329085116067413e-03 8.648156577150659455e-03 9.103322712790168532e-04 2.275830678197541916e-03
2.050000000000000000e+04 8.199976939552500177e-01 9.836140191169776559e-01 4.551661356395083832e-03 8.306781975421027864e-03 1.137915339098770958e-03 2.389622212107419402e-03
2.075000000000000000e+04 8.299976658327532508e-01 9.858898497951752438e-01 4.324078288575329727e-03 5.917159763313609329e-03 1.024123805188893906e-03 2.844788347746927612e-03
2.100000000000000000e+04 8.399976377102560399e-01 9.885070550751023921e-01 2.958579881656804664e-03 5.689576695493855224e-03 1.251706873008648227e-03 1.593081474738279385e-03
2.125000000000000000e+04 8.499976095877590510e-01 9.888484296768320636e-01 3.413746017296313308e-03 5.006827492034592909e-03 5.689576695493854790e-04 2.162039144287664864e-03
2.150000000000000000e+04 8.599975814652622841e-01 9.889622212107419541e-01 3.186162949476558769e-03 5.006827492034592909e-03 5.689576695493854790e-04 2.275830678197541916e-03
2.175000000000000000e+04 8.699975533427655172e-01 9.895311788802912956e-01 3.413746017296313308e-03 4.779244424214838804e-03 6.827492034592626399e-04 1.593081474738279385e-03
2.200000000000000000e+04 8.799975252202683063e-01 9.874829312699134887e-01 2.730996813837050560e-03 5.689576695493855224e-03 9.103322712790168532e-04 3.186162949476558769e-03
2.225000000000000000e+04 8.899974970977713173e-01 9.916932180245789930e-01 2.389622212107419402e-03 3.413746017296313308e-03 6.827492034592626399e-04 1.820664542558033706e-03
2.250000000000000000e+04 8.999974689752745505e-01 9.918070095584888834e-01 1.365498406918525280e-03 3.072371415566681717e-03 1.251706873008648227e-03 2.503413746017296455e-03
2.275000000000000000e+04 9.099974408527775616e-01 9.919208010923987739e-01 1.365498406918525280e-03 3.527537551206190360e-03 1.137915339098770958e-03 2.048247610377787811e-03
2.300000000000000000e+04 9.199974127302805726e-01 9.926035502958580059e-01 1.137915339098770958e-03 3.072371415566681717e-03 1.593081474738279385e-03 1.593081474738279385e-03
2.325000000000000000e+04 9.299973846077833617e-01 9.921483841602184439e-01 1.593081474738279385e-03 2.844788347746927612e-03 1.137915339098770958e-03 2.275830678197541916e-03
2.350000000000000000e+04 9.399973564852865948e-01 9.924897587619481154e-01 9.103322712790168532e-04 2.958579881656804664e-03 1.365498406918525280e-03 2.275830678197541916e-03
2.375000000000000000e+04 9.499973283627898279e-01 9.937414656349567998e-01 6.827492034592626399e-04 2.275830678197541916e-03 1.024123805188893906e-03 2.275830678197541916e-03
2.400000000000000000e+04 9.599973002402928390e-01 9.954483386436049352e-01 6.827492034592626399e-04 1.479289940828402332e-03 6.827492034592626399e-04 1.706873008648156654e-03
2.425000000000000000e+04 9.699972721177956281e-01 9.947655894401457033e-01 1.024123805188893906e-03 2.162039144287664864e-03 4.551661356395084266e-04 1.593081474738279385e-03
2.450000000000000000e+04 9.799972439952988612e-01 9.943104233045061413e-01 6.827492034592626399e-04 2.275830678197541916e-03 4.551661356395084266e-04 2.275830678197541916e-03
2.475000000000000000e+04 9.899972158728020943e-01 9.954483386436049352e-01 4.551661356395084266e-04 1.593081474738279385e-03 3.413746017296313199e-04 2.162039144287664864e-03
2.500000000000000000e+04 9.999971877503048834e-01 9.939690487027764698e-01 3.413746017296313199e-04 2.503413746017296455e-03 9.103322712790168532e-04 2.275830678197541916e-03
