# itime ezz other fcc hcp bcc ico
0.000000000000000000e+00 0.000000000000000000e+00 1.137915339098770958e-03 9.988620846609012061e-01 0.000000000000000000e+00 0.000000000000000000e+00 0.000000000000000000e+00
3.000000000000000000e+01 1.199994991200070693e-02 2.275830678197541916e-03 9.977241693218024121e-01 0.000000000000000000e+00 0.000000000000000000e+00 0.000000000000000000e+00
6.000000000000000000e+01 2.399989982400141386e-02 3.186162949476558769e-03 9.967000455166135087e-01 0.000000000000000000e+00 1.137915339098771066e-04 0.000000000000000000e+00
9.000000000000000000e+01 3.599984973600212079e-02 5.348202093764223633e-03 9.946517979062358128e-01 0.000000000000000000e+00 0.000000000000000000e+00 0.000000000000000000e+00
1.200000000000000000e+02 4.799979964800304977e-02 9.672280382339554228e-03 9.901001365498406370e-01 0.000000000000000000e+00 2.275830678197542133e-04 0.000000000000000000e+00
1.500000000000000000e+02 5.999974956000375670e-02 2.503413746017296368e-02 9.738279472007282944e-01 0.000000000000000000e+00 1.137915339098770958e-03 0.000000000000000000e+00
1.800000000000000000e+02 7.199969947200446363e-02 3.641329085116067066e-02 9.614246700045516736e-01 0.000000000000000000e+00 2.162039144287664864e-03 0.000000000000000000e+00
2.100000000000000000e+02 8.399964938400517056e-02 6.861629494765589254e-02 9.281975421028675344e-01 0.000000000000000000e+00 3.186162949476558769e-03 0.000000000000000000e+00
2.400000000000000000e+02 9.599959929600587749e-02 1.269913518434228616e-01 8.639053254437869533e-01 0.000000000000000000e+00 9.103322712790167665e-03 0.000000000000000000e+00
2.700000000000000000e+02 1.079995492080065844e-01 2.158625398270368756e-01 7.683204369594902605e-01 0.000000000000000000e+00 1.581702321347291593e-02 0.000000000000000000e+00
3.000000000000000000e+02 1.199994991200072914e-01 3.576467910787437532e-01 6.078743741465635342e-01 4.551661356395084266e-04 3.402366863905325473e-02 0.000000000000000000e+00
3.300000000000000000e+02 1.319994490320082203e-01 4.860036413290851343e-01 4.500455166135639562e-01 1.934456076467910759e-03 6.201638598088302090e-02 0.000000000000000000e+00
3.600000000000000000e+02 1.439993989440089273e-01 6.280154756486117096e-01 2.728720983158853253e-01 5.803368229403732710e-03 9.330905780609922984e-02 0.000000000000000000e+00
3.900000000000000000e+02 1.559993488560096342e-01 7.143832498862084934e-01 1.541875284478834707e-01 1.263086026399635846e-02 1.187983614019117035e-01 0.000000000000000000e+00
4.200000000000000000e+02 1.679992987680103411e-01 7.553482020937641872e-01 8.431952662721893532e-02 1.706873008648156567e-02 1.432635411925352875e-01 0.000000000000000000e+00
4.500000000000000000e+02 1.799992486800110481e-01 7.949476558944014171e-01 5.279927173418298009e-02 2.116522530723714129e-02 1.310878470641784199e-01 0.000000000000000000e+00
4.800000000000000000e+02 1.919991985920117550e-01 8.251024123805188459e-01 3.390987710514337811e-02 2.958579881656804578e-02 1.114019116977696816e-01 0.000000000000000000e+00
5.100000000000000000e+02 2.039991485040124619e-01 8.636777423759672834e-01 2.628584433318160996e-02 3.049613108784706567e-02 7.954028220300408958e-02 0.000000000000000000e+00
5.400000000000000000e+02 2.159990984160133909e-01 8.892808375056895365e-01 2.332726445152480746e-02 3.163404642694583185e-02 5.564406008192990249e-02 1.137915339098771066e-04
5.700000000000000000e+02 2.279990483280140978e-01 9.057806099226217711e-01 2.093764223941738806e-02 3.470641784251251444e-02 3.857532999544834029e-02 0.000000000000000000e+00
6.000000000000000000e+02 2.399989982400148048e-01 9.164770141101502565e-01 2.002730996813837164e-02 3.220300409649522189e-02 3.117888029130632538e-02 1.137915339098771066e-04
6.300000000000000000e+02 2.519989481520155117e-01 9.248975876194811541e-01 1.672735548475193582e-02 3.026854802002730896e-02 2.799271734182976618e-02 1.137915339098771066e-04
6.600000000000000000e+02 2.639988980640162186e-01 9.345698680018206250e-01 1.615839781520254925e-02 2.901684114701866268e-02 2.014110150204824826e-02 1.137915339098771066e-04
6.900000000000000000e+02 2.759988479760169255e-01 9.411697769685934967e-01 1.399635867091488309e-02 2.696859353664087314e-02 1.786527082385070547e-02 0.000000000000000000e+00
7.200000000000000000e+02 2.879987978880176325e-01 9.453800637232590010e-01 1.422394173873463806e-02 2.571688666363222686e-02 1.467910787437414627e-02 0.000000000000000000e+00
7.500000000000000000e+02 2.999987478000183394e-01 9.525489303595812141e-01 1.206190259444697363e-02 2.253072371415566766e-02 1.274465179790623508e-02 1.137915339098771066e-04
7.800000000000000000e+02 3.119986977120192684e-01 9.573281747837960598e-01 1.115157032316795548e-02 1.934456076467910846e-02 1.183431952662721866e-02 3.413746017296313199e-04
8.100000000000000000e+02 3.239986476240199753e-01 9.662039144287665193e-01 8.192990441511151245e-03 1.718252162039144229e-02 8.192990441511151245e-03 2.275830678197542133e-04
8.400000000000000000e+02 3.359985975360206822e-01 9.673418297678653133e-01 8.761948111060537808e-03 1.672735548475193582e-02 6.941283568502503235e-03 2.275830678197542133e-04
8.700000000000000000e+02 3.479985474480213892e-01 9.706417842512516936e-01 7.510241238051888930e-03 1.411015020482476144e-02 7.510241238051888930e-03 2.275830678197542133e-04
9.000000000000000000e+02 3.599984973600220961e-01 9.695038689121528996e-01 8.875739644970414427e-03 1.558944014565316269e-02 5.803368229403732710e-03 2.275830678197542133e-04
9.300000000000000000e+02 3.719984472720228030e-01 9.755348202093764298e-01 6.599908966772872511e-03 1.285844333181611343e-02 5.006827492034592909e-03 0.000000000000000000e+00
9.600000000000000000e+02 3.839983971840235100e-01 9.761037778789257713e-01 6.486117432862995025e-03 1.308602639963586667e-02 4.210286754665453109e-03 1.137915339098771066e-04
9.900000000000000000e+02 3.959983470960244389e-01 9.779244424214837972e-01 5.917159763313609329e-03 1.217569412835685025e-02 3.641329085116067413e-03 3.413746017296313199e-04
1.020000000000000000e+03 4.079982970080251459e-01 9.763313609467455523e-01 6.599908966772872511e-03 1.183431952662721866e-02 4.665452890304961318e-03 5.689576695493854790e-04
1.050000000000000000e+03 4.199982469200258528e-01 9.800864815657714946e-01 5.575785161583977738e-03 1.081019572143832562e-02 3.072371415566681717e-03 4.551661356395084266e-04
1.080000000000000000e+03 4.319981968320263377e-01 9.840691852526172179e-01 4.437869822485207214e-03 8.761948111060537808e-03 2.617205279927173507e-03 1.137915339098771066e-04
1.110000000000000000e+03 4.439981467440272667e-01 9.828174783796085334e-01 4.324078288575329727e-03 8.875739644970414427e-03 3.299954483386436255e-03 6.827492034592626399e-04
1.140000000000000000e+03 4.559980966560281956e-01 9.850933090578061213e-01 4.665452890304961318e-03 7.737824305871643035e-03 2.389622212107419402e-03 1.137915339098771066e-04
1.170000000000000000e+03 4.679980465680286805e-01 9.861174328629950248e-01 5.575785161583977738e-03 6.030951297223486815e-03 1.820664542558033706e-03 4.551661356395084266e-04
1.200000000000000000e+03 4.799979964800293875e-01 9.865725989986344757e-01 5.689576695493855224e-03 5.803368229403732710e-03 1.593081474738279385e-03 3.413746017296313199e-04
1.230000000000000000e+03 4.919979463920303164e-01 9.890760127446518446e-01 4.324078288575329727e-03 4.210286754665453109e-03 1.706873008648156654e-03 6.827492034592626399e-04
1.260000000000000000e+03 5.039978963040312454e-01 9.894173873463814051e-01 2.617205279927173507e-03 5.575785161583977738e-03 1.479289940828402332e-03 9.103322712790168532e-04
1.290000000000000000e+03 5.159978462160317303e-01 9.898725534820209671e-01 3.755120619025944465e-03 4.324078288575329727e-03 1.820664542558033706e-03 2.275830678197542133e-04
1.320000000000000000e+03 5.279977961280322152e-01 9.901001365498406370e-01 3.186162949476558769e-03 4.893035958124715423e-03 1.251706873008648227e-03 5.689576695493854790e-04
1.350000000000000000e+03 5.399977460400331442e-01 9.919208010923987739e-01 3.413746017296313308e-03 3.299954483386436255e-03 1.251706873008648227e-03 1.137915339098771066e-04
1.380000000000000000e+03 5.519976959520340731e-01 9.924897587619481154e-01 2.275830678197541916e-03 3.982703686845699004e-03 9.103322712790168532e-04 3.413746017296313199e-04
1.410000000000000000e+03 5.639976458640347801e-01 9.927173418297678964e-01 3.186162949476558769e-03 2.503413746017296455e-03 1.479289940828402332e-03 1.137915339098771066e-04
1.440000000000000000e+03 5.759975957760352649e-01 9.923759672280382249e-01 2.730996813837050560e-03 3.186162949476558769e-03 9.103322712790168532e-04 7.965407373691396923e-04
1.470000000000000000e+03 5.879975456880361939e-01 9.934000910332271284e-01 2.048247610377787811e-03 3.072371415566681717e-03 9.103322712790168532e-04 5.689576695493854790e-04
1.500000000000000000e+03 5.999974956000371229e-01 9.951069640418752638e-01 1.024123805188893906e-03 2.389622212107419402e-03 1.137915339098770958e-03 3.413746017296313199e-04
1.530000000000000000e+03 6.119974455120376078e-01 9.948793809740554828e-01 1.706873008648156654e-03 2.503413746017296455e-03 4.551661356395084266e-04 4.551661356395084266e-04
1.560000000000000000e+03 6.239973954240383147e-01 9.954483386436049352e-01 1.137915339098770958e-03 2.048247610377787811e-03 7.965407373691396923e-04 5.689576695493854790e-04
1.590000000000000000e+03 6.359973453360390216e-01 9.953345471096950448e-01 9.103322712790168532e-04 2.844788347746927612e-03 3.413746017296313199e-04 5.689576695493854790e-04
1.620000000000000000e+03 6.479972952480399506e-01 9.960172963131542767e-01 9.103322712790168532e-04 2.162039144287664864e-03 4.551661356395084266e-04 4.551661356395084266e-04
1.650000000000000000e+03 6.599972451600406576e-01 9.970414201183431802e-01 6.827492034592626399e-04 1.251706873008648227e-03 6.827492034592626399e-04 3.413746017296313199e-04
1.680000000000000000e+03 6.719971950720411424e-01 9.960172963131542767e-01 4.551661356395084266e-04 2.275830678197541916e-03 4.551661356395084266e-04 7.965407373691396923e-04
1.710000000000000000e+03 6.839971449840420714e-01 9.964724624487938387e-01 6.827492034592626399e-04 1.706873008648156654e-03 5.689576695493854790e-04 5.689576695493854790e-04
1.740000000000000000e+03 6.959970948960430004e-01 9.965862539827037292e-01 5.689576695493854790e-04 1.706873008648156654e-03 6.827492034592626399e-04 4.551661356395084266e-04
1.770000000000000000e+03 7.079970448080434853e-01 9.972690031861629611e-01 7.965407373691396923e-04 1.251706873008648227e-03 2.275830678197542133e-04 4.551661356395084266e-04
1.800000000000000000e+03 7.199969947200441922e-01 9.961310878470641672e-01 9.103322712790168532e-04 2.048247610377787811e-03 4.551661356395084266e-04 4.551661356395084266e-04
1.830000000000000000e+03 7.319969446320451212e-01 9.973827947200728516e-01 5.689576695493854790e-04 1.137915339098770958e-03 2.275830678197542133e-04 6.827492034592626399e-04
1.860000000000000000e+03 7.439968945440458281e-01 9.974965862539827421e-01 5.689576695493854790e-04 7.965407373691396923e-04 1.137915339098771066e-04 1.024123805188893906e-03
1.890000000000000000e+03 7.559968444560465350e-01 9.968138370505233992e-01 7.965407373691396923e-04 1.479289940828402332e-03 2.275830678197542133e-04 6.827492034592626399e-04
1.920000000000000000e+03 7.679967943680470199e-01 9.980655439235320836e-01 2.275830678197542133e-04 4.551661356395084266e-04 1.137915339098771066e-04 1.137915339098770958e-03
1.950000000000000000e+03 7.799967442800479489e-01 9.980655439235320836e-01 3.413746017296313199e-04 7.965407373691396923e-04 3.413746017296313199e-04 4.551661356395084266e-04
1.980000000000000000e+03 7.919966941920488779e-01 9.980655439235320836e-01 3.413746017296313199e-04 5.689576695493854790e-04 3.413746017296313199e-04 6.827492034592626399e-04
2.010000000000000000e+03 8.039966441040493628e-01 9.979517523896221931e-01 2.275830678197542133e-04 5.689576695493854790e-04 0.000000000000000000e+00 1.251706873008648227e-03
2.040000000000000000e+03 8.159965940160500697e-01 9.985207100591716456e-01 3.413746017296313199e-04 5.689576695493854790e-04 2.275830678197542133e-04 3.413746017296313199e-04
2.070000000000000000e+03 8.279965439280509987e-01 9.979517523896221931e-01 1.137915339098771066e-04 1.024123805188893906e-03 3.413746017296313199e-04 5.689576695493854790e-04
2.100000000000000000e+03 8.399964938400517056e-01 9.985207100591716456e-01 1.137915339098771066e-04 4.551661356395084266e-04 2.275830678197542133e-04 6.827492034592626399e-04
2.130000000000000000e+03 8.519964437520524125e-01 9.986345015930814251e-01 1.137915339098771066e-04 4.551661356395084266e-04 4.551661356395084266e-04 3.413746017296313199e-04
2.160000000000000000e+03 8.639963936640528974e-01 9.985207100591716456e-01 1.137915339098771066e-04 4.551661356395084266e-04 2.275830678197542133e-04 6.827492034592626399e-04
2.190000000000000000e+03 8.759963435760538264e-01 9.987482931269913156e-01 2.275830678197542133e-04 3.413746017296313199e-04 1.137915339098771066e-04 5.689576695493854790e-04
2.220000000000000000e+03 8.879962934880547554e-01 9.980655439235320836e-01 4.551661356395084266e-04 1.137915339098771066e-04 3.413746017296313199e-04 1.024123805188893906e-03
2.250000000000000000e+03 8.999962434000552403e-01 9.977241693218024121e-01 3.413746017296313199e-04 3.413746017296313199e-04 2.275830678197542133e-04 1.365498406918525280e-03
2.280000000000000000e+03 9.119961933120559472e-01 9.980655439235320836e-01 0.000000000000000000e+00 6.827492034592626399e-04 2.275830678197542133e-04 1.024123805188893906e-03
2.310000000000000000e+03 9.239961432240568762e-01 9.984069185252617551e-01 0.000000000000000000e+00 5.689576695493854790e-04 2.275830678197542133e-04 7.965407373691396923e-04
2.340000000000000000e+03 9.359960931360578051e-01 9.980655439235320836e-01 3.413746017296313199e-04 3.413746017296313199e-04 1.137915339098771066e-04 1.137915339098770958e-03
2.370000000000000000e+03 9.479960430480582900e-01 9.977241693218024121e-01 1.137915339098771066e-04 5.689576695493854790e-04 2.275830678197542133e-04 1.365498406918525280e-03
2.400000000000000000e+03 9.599959929600587749e-01 9.982931269913518646e-01 0.000000000000000000e+00 9.103322712790168532e-04 2.275830678197542133e-04 5.689576695493854790e-04
2.430000000000000000e+03 9.719959428720597039e-01 9.978379608557123026e-01 3.413746017296313199e-04 1.024123805188893906e-03 1.137915339098771066e-04 6.827492034592626399e-04
2.460000000000000000e+03 9.839958927840606329e-01 9.980655439235320836e-01 1.137915339098771066e-04 6.827492034592626399e-04 2.275830678197542133e-04 9.103322712790168532e-04
2.490000000000000000e+03 9.959958426960613398e-01 9.986345015930814251e-01 1.137915339098771066e-04 6.827492034592626399e-04 2.275830678197542133e-04 3.413746017296313199e-04
