# itime ezz other fcc hcp bcc ico
0.000000000000000000e+00 0.000000000000000000e+00 2.503413746017296455e-03 9.973827947200728516e-01 0.000000000000000000e+00 1.137915339098771066e-04 0.000000000000000000e+00
3.000000000000000000e+00 1.200031732619732949e-03 1.934456076467910759e-03 9.980655439235320836e-01 0.000000000000000000e+00 0.000000000000000000e+00 0.000000000000000000e+00
6.000000000000000000e+00 2.400063465239465899e-03 2.617205279927173507e-03 9.973827947200728516e-01 0.000000000000000000e+00 0.000000000000000000e+00 0.000000000000000000e+00
9.000000000000000000e+00 3.600095197859420892e-03 2.617205279927173507e-03 9.973827947200728516e-01 0.000000000000000000e+00 0.000000000000000000e+00 0.000000000000000000e+00
1.200000000000000000e+01 4.800126930479153842e-03 1.934456076467910759e-03 9.980655439235320836e-01 0.000000000000000000e+00 0.000000000000000000e+00 0.000000000000000000e+00
1.500000000000000000e+01 6.000158663098886791e-03 1.251706873008648227e-03 9.987482931269913156e-01 0.000000000000000000e+00 0.000000000000000000e+00 0.000000000000000000e+00
1.800000000000000000e+01 7.200190395718619740e-03 6.827492034592626399e-04 9.993172507965407680e-01 0.000000000000000000e+00 0.000000000000000000e+00 0.000000000000000000e+00
2.100000000000000000e+01 8.400222128338352690e-03 6.827492034592626399e-04 9.993172507965407680e-01 0.000000000000000000e+00 0.000000000000000000e+00 0.000000000000000000e+00
2.400000000000000000e+01 9.600253860958307683e-03 7.965407373691396923e-04 9.992034592626308775e-01 0.000000000000000000e+00 0.000000000000000000e+00 0.000000000000000000e+00
2.700000000000000000e+01 1.080028559357804063e-02 7.965407373691396923e-04 9.992034592626308775e-01 0.000000000000000000e+00 0.000000000000000000e+00 0.000000000000000000e+00
3.000000000000000000e+01 1.200031732619777358e-02 5.689576695493854790e-04 9.994310423304506585e-01 0.000000000000000000e+00 0.000000000000000000e+00 0.000000000000000000e+00
3.300000000000000000e+01 1.320034905881750653e-02 9.103322712790168532e-04 9.989758761948110966e-01 0.000000000000000000e+00 1.137915339098771066e-04 0.000000000000000000e+00
3.600000000000000000e+01 1.440038079143723948e-02 1.024123805188893906e-03 9.988620846609012061e-01 0.000000000000000000e+00 1.137915339098771066e-04 0.000000000000000000e+00
3.900000000000000000e+01 1.560041252405719447e-02 1.024123805188893906e-03 9.989758761948110966e-01 0.000000000000000000e+00 0.000000000000000000e+00 0.000000000000000000e+00
4.200000000000000000e+01 1.680044425667692742e-02 9.103322712790168532e-04 9.990896677287209870e-01 0.000000000000000000e+00 0.000000000000000000e+00 0.000000000000000000e+00
4.500000000000000000e+01 1.800047598929666037e-02 9.103322712790168532e-04 9.990896677287209870e-01 0.000000000000000000e+00 0.000000000000000000e+00 0.000000000000000000e+00
4.800000000000000000e+01 1.920050772191639332e-02 4.551661356395084266e-04 9.995448338643604380e-01 0.000000000000000000e+00 0.000000000000000000e+00 0.000000000000000000e+00
5.100000000000000000e+01 2.040053945453612627e-02 6.827492034592626399e-04 9.993172507965407680e-01 0.000000000000000000e+00 0.000000000000000000e+00 0.000000000000000000e+00
5.400000000000000000e+01 2.160057118715608127e-02 4.551661356395084266e-04 9.995448338643604380e-01 0.000000000000000000e+00 0.000000000000000000e+00 0.000000000000000000e+00
5.700000000000000000e+01 2.280060291977581421e-02 3.413746017296313199e-04 9.996586253982703285e-01 0.000000000000000000e+00 0.000000000000000000e+00 0.000000000000000000e+00
6.000000000000000000e+01 2.400063465239554716e-02 9.103322712790168532e-04 9.990896677287209870e-01 0.000000000000000000e+00 0.000000000000000000e+00 0.000000000000000000e+00
6.300000000000000000e+01 2.520066638501528011e-02 2.617205279927173507e-03 9.973827947200728516e-01 0.000000000000000000e+00 0.000000000000000000e+00 0.000000000000000000e+00
6.600000000000000000e+01 2.640069811763501306e-02 4.096495220755575623e-03 9.959035047792443862e-01 0.000000000000000000e+00 0.000000000000000000e+00 0.000000000000000000e+00
6.900000000000000000e+01 2.760072985025496806e-02 4.665452890304961318e-03 9.953345471096950448e-01 0.000000000000000000e+00 0.000000000000000000e+00 0.000000000000000000e+00
7.200000000000000000e+01 2.880076158287470101e-02 5.006827492034592909e-03 9.949931725079653733e-01 0.000000000000000000e+00 0.000000000000000000e+00 0.000000000000000000e+00
7.500000000000000000e+01 3.000079331549443395e-02 4.324078288575329727e-03 9.956759217114247162e-01 0.000000000000000000e+00 0.000000000000000000e+00 0.000000000000000000e+00
7.800000000000000000e+01 3.120082504811416690e-02 3.982703686845699004e-03 9.960172963131542767e-01 0.000000000000000000e+00 0.000000000000000000e+00 0.000000000000000000e+00
8.100000000000000000e+01 3.240085678073389985e-02 4.893035958124715423e-03 9.949931725079653733e-01 0.000000000000000000e+00 1.137915339098771066e-04 0.000000000000000000e+00
8.400000000000000000e+01 3.360088851335385485e-02 4.324078288575329727e-03 9.955621301775148257e-01 0.000000000000000000e+00 1.137915339098771066e-04 0.000000000000000000e+00
8.700000000000000000e+01 3.480092024597358780e-02 4.437869822485207214e-03 9.954483386436049352e-01 0.000000000000000000e+00 1.137915339098771066e-04 0.000000000000000000e+00
9.000000000000000000e+01 3.600095197859332075e-02 4.324078288575329727e-03 9.955621301775148257e-01 0.000000000000000000e+00 1.137915339098771066e-04 0.000000000000000000e+00
9.300000000000000000e+01 3.720098371121305370e-02 4.437869822485207214e-03 9.954483386436049352e-01 0.000000000000000000e+00 1.137915339098771066e-04 0.000000000000000000e+00
9.600000000000000000e+01 3.840101544383278664e-02 4.893035958124715423e-03 9.949931725079653733e-01 0.000000000000000000e+00 1.137915339098771066e-04 0.000000000000000000e+00
9.900000000000000000e+01 3.960104717645274164e-02 3.186162949476558769e-03 9.964724624487938387e-01 0.000000000000000000e+00 3.413746017296313199e-04 0.000000000000000000e+00
1.020000000000000000e+02 4.080107890907247459e-02 4.210286754665453109e-03 9.955621301775148257e-01 0.000000000000000000e+00 2.275830678197542133e-04 0.000000000000000000e+00
1.050000000000000000e+02 4.200111064169220754e-02 5.006827492034592909e-03 9.949931725079653733e-01 0.000000000000000000e+00 0.000000000000000000e+00 0.000000000000000000e+00
1.080000000000000000e+02 4.320114237431194049e-02 4.779244424214838804e-03 9.949931725079653733e-01 0.000000000000000000e+00 2.275830678197542133e-04 0.000000000000000000e+00
1.110000000000000000e+02 4.440117410693167344e-02 4.779244424214838804e-03 9.948793809740554828e-01 0.000000000000000000e+00 3.413746017296313199e-04 0.000000000000000000e+00
1.140000000000000000e+02 4.560120583955162843e-02 6.713700500682749130e-03 9.931725079654073474e-01 0.000000000000000000e+00 1.137915339098771066e-04 0.000000000000000000e+00
1.170000000000000000e+02 4.680123757217136138e-02 7.168866636322257339e-03 9.923759672280382249e-01 0.000000000000000000e+00 4.551661356395084266e-04 0.000000000000000000e+00
1.200000000000000000e+02 4.800126930479109433e-02 7.965407373691398007e-03 9.916932180245789930e-01 0.000000000000000000e+00 3.413746017296313199e-04 0.000000000000000000e+00
1.230000000000000000e+02 4.920130103741082728e-02 8.989531178880291046e-03 9.905553026854801990e-01 0.000000000000000000e+00 4.551661356395084266e-04 0.000000000000000000e+00
1.260000000000000000e+02 5.040133277003056023e-02 9.558488848429677609e-03 9.901001365498406370e-01 0.000000000000000000e+00 3.413746017296313199e-04 0.000000000000000000e+00
1.290000000000000000e+02 5.160136450265051522e-02 9.217114246700046018e-03 9.906690942193900895e-01 0.000000000000000000e+00 1.137915339098771066e-04 0.000000000000000000e+00
1.320000000000000000e+02 5.280139623527024817e-02 1.149294492489758707e-02 9.881656804733728316e-01 0.000000000000000000e+00 3.413746017296313199e-04 0.000000000000000000e+00
1.350000000000000000e+02 5.400142796788998112e-02 1.411015020482476144e-02 9.857760582612653533e-01 0.000000000000000000e+00 1.137915339098771066e-04 0.000000000000000000e+00
1.380000000000000000e+02 5.520145970050971407e-02 1.604460628129267263e-02 9.836140191169776559e-01 0.000000000000000000e+00 3.413746017296313199e-04 0.000000000000000000e+00
1.410000000000000000e+02 5.640149143312944702e-02 1.706873008648156567e-02 9.821347291761493015e-01 0.000000000000000000e+00 7.965407373691396923e-04 0.000000000000000000e+00
1.440000000000000000e+02 5.760152316574917997e-02 1.752389622212107562e-02 9.820209376422394110e-01 0.000000000000000000e+00 4.551661356395084266e-04 0.000000000000000000e+00
1.470000000000000000e+02 5.880155489836913496e-02 1.695493855257168905e-02 9.824761037778789730e-01 0.000000000000000000e+00 5.689576695493854790e-04 0.000000000000000000e+00
1.500000000000000000e+02 6.000158663098886791e-02 1.684114701866181243e-02 9.825898953117887524e-01 0.000000000000000000e+00 5.689576695493854790e-04 0.000000000000000000e+00
1.530000000000000000e+02 6.120161836360860086e-02 1.741010468821119553e-02 9.820209376422394110e-01 0.000000000000000000e+00 5.689576695493854790e-04 0.000000000000000000e+00
1.560000000000000000e+02 6.240165009622833381e-02 1.809285389167045871e-02 9.813381884387801790e-01 0.000000000000000000e+00 5.689576695493854790e-04 0.000000000000000000e+00
1.590000000000000000e+02 6.360168182884806676e-02 2.082385070550751144e-02 9.787209831588530307e-01 0.000000000000000000e+00 4.551661356395084266e-04 0.000000000000000000e+00
1.620000000000000000e+02 6.480171356146802175e-02 2.241693218024579104e-02 9.771279016841146747e-01 0.000000000000000000e+00 4.551661356395084266e-04 0.000000000000000000e+00
1.650000000000000000e+02 6.600174529408775470e-02 2.480655439235321044e-02 9.741693218024578549e-01 0.000000000000000000e+00 1.024123805188893906e-03 0.000000000000000000e+00
1.680000000000000000e+02 6.720177702670748765e-02 2.924442421483841592e-02 9.696176604460627901e-01 0.000000000000000000e+00 1.137915339098770958e-03 0.000000000000000000e+00
1.710000000000000000e+02 6.840180875932722060e-02 3.231679563040509851e-02 9.660901228948566288e-01 0.000000000000000000e+00 1.593081474738279385e-03 0.000000000000000000e+00
1.740000000000000000e+02 6.960184049194695355e-02 3.470641784251251444e-02 9.638142922166590409e-01 0.000000000000000000e+00 1.479289940828402332e-03 0.000000000000000000e+00
1.770000000000000000e+02 7.080187222456690854e-02 3.322712790168411146e-02 9.657487482931269573e-01 0.000000000000000000e+00 1.024123805188893906e-03 0.000000000000000000e+00
1.800000000000000000e+02 7.200190395718664149e-02 3.322712790168411146e-02 9.655211652253072874e-01 0.000000000000000000e+00 1.251706873008648227e-03 0.000000000000000000e+00
1.830000000000000000e+02 7.320193568980637444e-02 3.789258079198907364e-02 9.607419208010924416e-01 0.000000000000000000e+00 1.365498406918525280e-03 0.000000000000000000e+00
1.860000000000000000e+02 7.440196742242610739e-02 3.994082840236686666e-02 9.572143832498861693e-01 0.000000000000000000e+00 2.844788347746927612e-03 0.000000000000000000e+00
1.890000000000000000e+02 7.560199915504584034e-02 4.130632680928538608e-02 9.564178425125170468e-01 0.000000000000000000e+00 2.275830678197541916e-03 0.000000000000000000e+00
1.920000000000000000e+02 7.680203088766579533e-02 4.858898497951752438e-02 9.494765589440146147e-01 0.000000000000000000e+00 1.934456076467910759e-03 0.000000000000000000e+00
1.950000000000000000e+02 7.800206262028552828e-02 5.541647701411014926e-02 9.424214838416021811e-01 0.000000000000000000e+00 2.162039144287664864e-03 0.000000000000000000e+00
1.980000000000000000e+02 7.920209435290526123e-02 5.666818388711879900e-02 9.403732362312243742e-01 0.000000000000000000e+00 2.958579881656804664e-03 0.000000000000000000e+00
2.010000000000000000e+02 8.040212608552499418e-02 5.655439235320892238e-02 9.410559854346836062e-01 0.000000000000000000e+00 2.389622212107419402e-03 0.000000000000000000e+00
2.040000000000000000e+02 8.160215781814472713e-02 6.042330450614474130e-02 9.384387801547564578e-01 0.000000000000000000e+00 1.137915339098770958e-03 0.000000000000000000e+00
2.070000000000000000e+02 8.280218955076468212e-02 6.486117432862995025e-02 9.327492034592625991e-01 0.000000000000000000e+00 2.389622212107419402e-03 0.000000000000000000e+00
2.100000000000000000e+02 8.400222128338441507e-02 7.043695949021393232e-02 9.268320436959490705e-01 0.000000000000000000e+00 2.730996813837050560e-03 0.000000000000000000e+00
2.130000000000000000e+02 8.520225301600414802e-02 7.544378698224851743e-02 9.206873008648156498e-01 0.000000000000000000e+00 3.868912152935821518e-03 0.000000000000000000e+00
2.160000000000000000e+02 8.640228474862388097e-02 8.238507055075101893e-02 9.148839326354119006e-01 0.000000000000000000e+00 2.730996813837050560e-03 0.000000000000000000e+00
2.190000000000000000e+02 8.760231648124361392e-02 8.306781975421029252e-02 9.126081019572144237e-01 0.000000000000000000e+00 4.324078288575329727e-03 0.000000000000000000e+00
2.220000000000000000e+02 8.880234821386356892e-02 8.670914883932635819e-02 9.081702321347291385e-01 0.000000000000000000e+00 5.120619025944469528e-03 0.000000000000000000e+00
2.250000000000000000e+02 9.000237994648330186e-02 9.365043240782885969e-02 8.995220755575785709e-01 0.000000000000000000e+00 6.827492034592626616e-03 0.000000000000000000e+00
2.280000000000000000e+02 9.120241167910303481e-02 1.042330450614474269e-01 8.893946290395994270e-01 0.000000000000000000e+00 6.372325898953117539e-03 0.000000000000000000e+00
2.310000000000000000e+02 9.240244341172276776e-02 1.128812016385980915e-01 8.815430131998179819e-01 0.000000000000000000e+00 5.575785161583977738e-03 0.000000000000000000e+00
2.340000000000000000e+02 9.360247514434250071e-02 1.121984524351388318e-01 8.818843878015475424e-01 0.000000000000000000e+00 5.917159763313609329e-03 0.000000000000000000e+00
2.370000000000000000e+02 9.480250687696245571e-02 1.165225307237141572e-01 8.773327264451524776e-01 0.000000000000000000e+00 6.144742831133363434e-03 0.000000000000000000e+00
2.400000000000000000e+02 9.600253860958218866e-02 1.250568957669549452e-01 8.672052799271734447e-01 0.000000000000000000e+00 7.737824305871643035e-03 0.000000000000000000e+00
2.430000000000000000e+02 9.720257034220192160e-02 1.343878015475648557e-01 8.570778334091943007e-01 0.000000000000000000e+00 8.534365043240782836e-03 0.000000000000000000e+00
2.460000000000000000e+02 9.840260207482165455e-02 1.406463359126081114e-01 8.495675921711424161e-01 0.000000000000000000e+00 9.786071916249430847e-03 0.000000000000000000e+00
2.490000000000000000e+02 9.960263380744138750e-02 1.434911242603550408e-01 8.471779699590350488e-01 0.000000000000000000e+00 9.330905780609922637e-03 0.000000000000000000e+00
2.520000000000000000e+02 1.008026655400613425e-01 1.516841147018661851e-01 8.392125625853436022e-01 0.000000000000000000e+00 9.103322712790167665e-03 0.000000000000000000e+00
2.550000000000000000e+02 1.020026972726810754e-01 1.664770141101502010e-01 8.224852071005916976e-01 0.000000000000000000e+00 1.103777878925807886e-02 0.000000000000000000e+00
2.580000000000000000e+02 1.032027290053008084e-01 1.811561219845243542e-01 8.074647246244879284e-01 0.000000000000000000e+00 1.137915339098771045e-02 0.000000000000000000e+00
2.610000000000000000e+02 1.044027607379205413e-01 1.958352298588985074e-01 7.930131998179335007e-01 0.000000000000000000e+00 1.115157032316795548e-02 0.000000000000000000e+00
2.640000000000000000e+02 1.056027924705402743e-01 2.151797906235776159e-01 7.723031406463358728e-01 0.000000000000000000e+00 1.251706873008648184e-02 0.000000000000000000e+00
2.670000000000000000e+02 1.068028242031602293e-01 2.308830223031406448e-01 7.571688666363222131e-01 1.137915339098771066e-04 1.183431952662721866e-02 0.000000000000000000e+00
2.700000000000000000e+02 1.080028559357799622e-01 2.329312699135184239e-01 7.534137460172962708e-01 1.137915339098771066e-04 1.354119253527537488e-02 0.000000000000000000e+00
2.730000000000000000e+02 1.092028876683996952e-01 2.386208466090122826e-01 7.463586709148839482e-01 1.137915339098771066e-04 1.490669094219390124e-02 0.000000000000000000e+00
2.760000000000000000e+02 1.104029194010194281e-01 2.487482931269913433e-01 7.355484751934455723e-01 0.000000000000000000e+00 1.570323167956303931e-02 0.000000000000000000e+00
2.790000000000000000e+02 1.116029511336391611e-01 2.634274010013655243e-01 7.204142011834319126e-01 1.137915339098771066e-04 1.604460628129267263e-02 0.000000000000000000e+00
2.820000000000000000e+02 1.128029828662591161e-01 2.789030496131087999e-01 7.020937642239417631e-01 0.000000000000000000e+00 1.900318616294947513e-02 0.000000000000000000e+00
2.850000000000000000e+02 1.140030145988788490e-01 2.934683659535730627e-01 6.841147018661811741e-01 0.000000000000000000e+00 2.241693218024579104e-02 0.000000000000000000e+00
2.880000000000000000e+02 1.152030463314985820e-01 3.116750113791533772e-01 6.656804733727810230e-01 2.275830678197542133e-04 2.241693218024579104e-02 0.000000000000000000e+00
2.910000000000000000e+02 1.164030780641183149e-01 3.198680018206645492e-01 6.552116522530723186e-01 1.137915339098771066e-04 2.480655439235321044e-02 0.000000000000000000e+00
2.940000000000000000e+02 1.176031097967380479e-01 3.371643149749658508e-01 6.360946745562130467e-01 1.137915339098771066e-04 2.662721893491124328e-02 0.000000000000000000e+00
2.970000000000000000e+02 1.188031415293580029e-01 3.486572598998634587e-01 6.195949021392808120e-01 1.137915339098771066e-04 3.163404642694583185e-02 0.000000000000000000e+00
3.000000000000000000e+02 1.200031732619777358e-01 3.601502048247610110e-01 6.055985434683659463e-01 2.275830678197542133e-04 3.402366863905325473e-02 0.000000000000000000e+00
3.030000000000000000e+02 1.212032049945974688e-01 3.751706873008648357e-01 5.876194811106053573e-01 2.275830678197542133e-04 3.698224852071006069e-02 0.000000000000000000e+00
3.060000000000000000e+02 1.224032367272172017e-01 3.899635867091488239e-01 5.713472917614929036e-01 2.275830678197542133e-04 3.846153846153846367e-02 0.000000000000000000e+00
3.090000000000000000e+02 1.236032684598369347e-01 4.048702776513427581e-01 5.545061447428311086e-01 0.000000000000000000e+00 4.062357760582612637e-02 0.000000000000000000e+00
3.120000000000000000e+02 1.248033001924568897e-01 4.220527992717341692e-01 5.353891670459717256e-01 0.000000000000000000e+00 4.255803368229403583e-02 0.000000000000000000e+00
3.150000000000000000e+02 1.260033319250766226e-01 4.420801092398725651e-01 5.125170687300865113e-01 1.137915339098771066e-04 4.528903049613108855e-02 0.000000000000000000e+00
3.180000000000000000e+02 1.272033636576963556e-01 4.520937642239417631e-01 4.992034592626308775e-01 3.413746017296313199e-04 4.836140191169777114e-02 0.000000000000000000e+00
3.210000000000000000e+02 1.284033953903160885e-01 4.656349567592171224e-01 4.830450614474283144e-01 4.551661356395084266e-04 5.086481565771506369e-02 0.000000000000000000e+00
3.240000000000000000e+02 1.296034271229358215e-01 4.870277651342740377e-01 4.585798816568047442e-01 3.413746017296313199e-04 5.405097860719162289e-02 0.000000000000000000e+00
3.270000000000000000e+02 1.308034588555557765e-01 5.027309968138370389e-01 4.390077378243058548e-01 4.551661356395084266e-04 5.780609922621757213e-02 0.000000000000000000e+00
3.300000000000000000e+02 1.320034905881755094e-01 5.224169321802457633e-01 4.122667273554847522e-01 6.827492034592626399e-04 6.463359126081019701e-02 0.000000000000000000e+00
3.330000000000000000e+02 1.332035223207952424e-01 5.352753755120619461e-01 3.953117888029130667e-01 1.137915339098770958e-03 6.827492034592626269e-02 0.000000000000000000e+00
3.360000000000000000e+02 1.344035540534149753e-01 5.533682294037323146e-01 3.741465634956759323e-01 1.365498406918525280e-03 7.111970869367319203e-02 0.000000000000000000e+00
3.390000000000000000e+02 1.356035857860347082e-01 5.661128812016386069e-01 3.587847064178424916e-01 1.024123805188893906e-03 7.407828857532999800e-02 0.000000000000000000e+00
3.420000000000000000e+02 1.368036175186546632e-01 5.856850250341374409e-01 3.368229403732362348e-01 2.389622212107419402e-03 7.510241238051888757e-02 0.000000000000000000e+00
3.450000000000000000e+02 1.380036492512743962e-01 6.011606736458807720e-01 3.196404187528447682e-01 2.503413746017296455e-03 7.669549385525717411e-02 0.000000000000000000e+00
3.480000000000000000e+02 1.392036809838941291e-01 6.077605826126536437e-01 3.071233500227583124e-01 2.844788347746927612e-03 8.227127901684114231e-02 0.000000000000000000e+00
3.510000000000000000e+02 1.404037127165138621e-01 6.231224396904869733e-01 2.867546654528903005e-01 3.299954483386436255e-03 8.682294037323623481e-02 0.000000000000000000e+00
3.540000000000000000e+02 1.416037444491335950e-01 6.315430131998179819e-01 2.728720983158853253e-01 2.730996813837050560e-03 9.285389167045972336e-02 0.000000000000000000e+00
3.570000000000000000e+02 1.428037761817535500e-01 6.412152935821574529e-01 2.584205735093308975e-01 3.072371415566681717e-03 9.729176149294492537e-02 0.000000000000000000e+00
3.600000000000000000e+02 1.440038079143732830e-01 6.571461083295402350e-01 2.382794720072826666e-01 3.072371415566681717e-03 1.015020482476103741e-01 0.000000000000000000e+00
3.630000000000000000e+02 1.452038396469930159e-01 6.634046426945835462e-01 2.254210286754665393e-01 2.958579881656804664e-03 1.082157487482931224e-01 0.000000000000000000e+00
3.660000000000000000e+02 1.464038713796127489e-01 6.668183887118798170e-01 2.155211652253072319e-01 3.299954483386436255e-03 1.143604915794264876e-01 0.000000000000000000e+00
3.690000000000000000e+02 1.476039031122324818e-01 6.742148384160218111e-01 2.008420573509330787e-01 4.437869822485207214e-03 1.205052344105598527e-01 0.000000000000000000e+00
3.720000000000000000e+02 1.488039348448524368e-01 6.830905780609922706e-01 1.879836140191169791e-01 5.234410559854347014e-03 1.236913973600364119e-01 0.000000000000000000e+00
3.750000000000000000e+02 1.500039665774721698e-01 6.936731907146108655e-01 1.747837960855712358e-01 5.689576695493855224e-03 1.258534365043240677e-01 0.000000000000000000e+00
3.780000000000000000e+02 1.512039983100919027e-01 7.031178880291306665e-01 1.593081474738279601e-01 6.486117432862995025e-03 1.310878470641784199e-01 0.000000000000000000e+00
3.810000000000000000e+02 1.524040300427116357e-01 7.094902139280837572e-01 1.500910332271279124e-01 6.599908966772872511e-03 1.338188438780154865e-01 0.000000000000000000e+00
3.840000000000000000e+02 1.536040617753313686e-01 7.204142011834319126e-01 1.392808375056895642e-01 6.941283568502503235e-03 1.333636777423759801e-01 0.000000000000000000e+00
3.870000000000000000e+02 1.548040935079513236e-01 7.275830678197542367e-01 1.246017296313154249e-01 7.510241238051888930e-03 1.403049613108784677e-01 0.000000000000000000e+00
3.900000000000000000e+02 1.560041252405710566e-01 7.308830223031406170e-01 1.181156121984524299e-01 8.420573509330906217e-03 1.425807919890760000e-01 0.000000000000000000e+00
3.930000000000000000e+02 1.572041569731907895e-01 7.339553937187073274e-01 1.100364132908511622e-01 1.001365498406918582e-02 1.459945380063723264e-01 0.000000000000000000e+00
3.960000000000000000e+02 1.584041887058105225e-01 7.381656804733728316e-01 1.012744651797906209e-01 1.126536185707783383e-02 1.492944924897587622e-01 0.000000000000000000e+00
3.990000000000000000e+02 1.596042204384302554e-01 7.401001365498406370e-01 9.274010013654984674e-02 1.183431952662721866e-02 1.553254437869822369e-01 0.000000000000000000e+00
4.020000000000000000e+02 1.608042521710502104e-01 7.461310878470641672e-01 8.682294037323623481e-02 1.194811106053709528e-02 1.550978607191624836e-01 0.000000000000000000e+00
4.050000000000000000e+02 1.620042839036699434e-01 7.514792899408283544e-01 8.295402822030041590e-02 1.308602639963586667e-02 1.524806554392353075e-01 0.000000000000000000e+00
4.080000000000000000e+02 1.632043156362896763e-01 7.530723714155667103e-01 8.022303140646336317e-02 1.342740100136549826e-02 1.532771961766044577e-01 0.000000000000000000e+00
4.110000000000000000e+02 1.644043473689094093e-01 7.521620391442876974e-01 7.726445152480655720e-02 1.581702321347291593e-02 1.547564861174328676e-01 0.000000000000000000e+00
4.140000000000000000e+02 1.656043791015291422e-01 7.560309512972235302e-01 6.895766954938552240e-02 1.877560309512972189e-02 1.562357760582612776e-01 0.000000000000000000e+00
4.170000000000000000e+02 1.668044108341488752e-01 7.608101957214383759e-01 6.520254893035958010e-02 1.900318616294947513e-02 1.549840691852526209e-01 0.000000000000000000e+00
4.200000000000000000e+02 1.680044425667688301e-01 7.709376422394174089e-01 6.065088757396449454e-02 1.945835229858898507e-02 1.489531178880291185e-01 0.000000000000000000e+00
4.230000000000000000e+02 1.692044742993885631e-01 7.736686390532544477e-01 5.746472462448793533e-02 1.968593536640873831e-02 1.491807009558488717e-01 0.000000000000000000e+00
4.260000000000000000e+02 1.704045060320082960e-01 7.729858898497952158e-01 5.507510241238051940e-02 2.162039144287665124e-02 1.503186162949476656e-01 0.000000000000000000e+00
4.290000000000000000e+02 1.716045377646280290e-01 7.741238051888938987e-01 5.200273099681383682e-02 2.162039144287665124e-02 1.522530723714155543e-01 0.000000000000000000e+00
4.320000000000000000e+02 1.728045694972477619e-01 7.789030496131087444e-01 4.881656804733727761e-02 2.105143377332726468e-02 1.512289485662266786e-01 0.000000000000000000e+00
4.350000000000000000e+02 1.740046012298677169e-01 7.791306326809285254e-01 4.961310878470642088e-02 2.218934911242603433e-02 1.490669094219390090e-01 0.000000000000000000e+00
4.380000000000000000e+02 1.752046329624874499e-01 7.793582157487483064e-01 4.802002730996814128e-02 2.241693218024579104e-02 1.502048247610377751e-01 0.000000000000000000e+00
4.410000000000000000e+02 1.764046646951071828e-01 7.792444242148384159e-01 4.893035958124715423e-02 2.378243058716431393e-02 1.480427856167501055e-01 0.000000000000000000e+00
4.440000000000000000e+02 1.776046964277269158e-01 7.803823395539372099e-01 4.676832043695949154e-02 2.662721893491124328e-02 1.462221210741920796e-01 0.000000000000000000e+00
4.470000000000000000e+02 1.788047281603466487e-01 7.837960855712334807e-01 4.392353208921256219e-02 2.776513427401001294e-02 1.445152480655439164e-01 0.000000000000000000e+00
4.500000000000000000e+02 1.800047598929666037e-01 7.895994538006372299e-01 3.948566226672735324e-02 2.787892580791988956e-02 1.430359581247155343e-01 0.000000000000000000e+00
4.530000000000000000e+02 1.812047916255863367e-01 7.885753299954483264e-01 3.766499772416932040e-02 2.776513427401001294e-02 1.459945380063723264e-01 0.000000000000000000e+00
4.560000000000000000e+02 1.824048233582060696e-01 7.952890304961310886e-01 3.664087391898043083e-02 2.628584433318160996e-02 1.417842512517068776e-01 0.000000000000000000e+00
4.590000000000000000e+02 1.836048550908258026e-01 7.994993172507965928e-01 3.322712790168411146e-02 2.548930359581247015e-02 1.417842512517068776e-01 0.000000000000000000e+00
4.620000000000000000e+02 1.848048868234455355e-01 7.973372781065088954e-01 3.334091943559399501e-02 2.605826126536185672e-02 1.432635411925352875e-01 0.000000000000000000e+00
4.650000000000000000e+02 1.860049185560654905e-01 7.965407373691397730e-01 3.277196176604460498e-02 2.708238507055074976e-02 1.436049157942649035e-01 0.000000000000000000e+00
4.680000000000000000e+02 1.872049502886852235e-01 7.969959035047792240e-01 3.106508875739644876e-02 2.935821574874829254e-02 1.425807919890760000e-01 0.000000000000000000e+00
4.710000000000000000e+02 1.884049820213049564e-01 7.974510696404187859e-01 3.060992262175694228e-02 2.935821574874829254e-02 1.425807919890760000e-01 0.000000000000000000e+00
4.740000000000000000e+02 1.896050137539246894e-01 7.975648611743286764e-01 3.083750568957669552e-02 2.958579881656804578e-02 1.420118343195266308e-01 0.000000000000000000e+00
4.770000000000000000e+02 1.908050454865444223e-01 8.018889394629039602e-01 3.015475648611743234e-02 3.163404642694583185e-02 1.363222576240327721e-01 0.000000000000000000e+00
4.800000000000000000e+02 1.920050772191643773e-01 8.043923532089212181e-01 3.072371415566681890e-02 2.969959035047792587e-02 1.351843422849340060e-01 0.000000000000000000e+00
4.830000000000000000e+02 1.932051089517841103e-01 8.089440145653163938e-01 2.969959035047792587e-02 3.060992262175694228e-02 1.307464724624488039e-01 0.000000000000000000e+00
4.860000000000000000e+02 1.944051406844038432e-01 8.149749658625398130e-01 2.753755120619025970e-02 3.015475648611743234e-02 1.273327264451524776e-01 0.000000000000000000e+00
4.890000000000000000e+02 1.956051724170235762e-01 8.178197542102867423e-01 2.844788347746927612e-02 3.026854802002730896e-02 1.234638142922166587e-01 0.000000000000000000e+00
4.920000000000000000e+02 1.968052041496433091e-01 8.198680018206645492e-01 2.662721893491124328e-02 3.117888029130632538e-02 1.223258989531178925e-01 0.000000000000000000e+00
4.950000000000000000e+02 1.980052358822632641e-01 8.207783340919435622e-01 2.730996813837050646e-02 3.026854802002730896e-02 1.216431497496586189e-01 0.000000000000000000e+00
4.980000000000000000e+02 1.992052676148829971e-01 8.240782885753299425e-01 2.685480200273099652e-02 3.243058716431497512e-02 1.166363222576240338e-01 0.000000000000000000e+00
5.010000000000000000e+02 2.004052993475027300e-01 8.278334091943558848e-01 2.492034592626308706e-02 3.208921256258534527e-02 1.151570323167956239e-01 0.000000000000000000e+00
5.040000000000000000e+02 2.016053310801224630e-01 8.313609467455621571e-01 2.446517979062357712e-02 3.106508875739644876e-02 1.131087847064178448e-01 0.000000000000000000e+00
5.070000000000000000e+02 2.028053628127421959e-01 8.328402366863905115e-01 2.435138825671370050e-02 3.106508875739644876e-02 1.117432862994993115e-01 0.000000000000000000e+00
5.100000000000000000e+02 2.040053945453621509e-01 8.361401911697770029e-01 2.355484751934456070e-02 3.197542102867546865e-02 1.083295402822029990e-01 0.000000000000000000e+00
5.130000000000000000e+02 2.052054262779818838e-01 8.371643149749659063e-01 2.469276285844333035e-02 3.174783796085571541e-02 1.063950842057350965e-01 0.000000000000000000e+00
5.160000000000000000e+02 2.064054580106016168e-01 8.417159763313609711e-01 2.457897132453345374e-02 3.243058716431497512e-02 1.012744651797906209e-01 0.000000000000000000e+00
5.190000000000000000e+02 2.076054897432213497e-01 8.443331816112881194e-01 2.309968138370505075e-02 3.459262630860263782e-02 9.797451069640418508e-02 0.000000000000000000e+00
5.220000000000000000e+02 2.088055214758410827e-01 8.508192990441511006e-01 2.184797451069640448e-02 3.265817023213472836e-02 9.467455621301774926e-02 0.000000000000000000e+00
5.250000000000000000e+02 2.100055532084610377e-01 8.486572598998634032e-01 2.298588984979517413e-02 3.311333636777423484e-02 9.524351388256713236e-02 0.000000000000000000e+00
5.280000000000000000e+02 2.112055849410807706e-01 8.515020482476103325e-01 2.355484751934456070e-02 3.459262630860263782e-02 9.035047792444242387e-02 0.000000000000000000e+00
5.310000000000000000e+02 2.124056166737005036e-01 8.542330450614474824e-01 2.218934911242603433e-02 3.459262630860263782e-02 8.898497951752389057e-02 0.000000000000000000e+00
5.340000000000000000e+02 2.136056484063202365e-01 8.619708693673190369e-01 2.127901684114701791e-02 3.436504324078288458e-02 8.238507055075101893e-02 0.000000000000000000e+00
5.370000000000000000e+02 2.148056801389399695e-01 8.651570323167956378e-01 2.082385070550751144e-02 3.265817023213472836e-02 8.136094674556212936e-02 0.000000000000000000e+00
5.400000000000000000e+02 2.160057118715599245e-01 8.617432862994993670e-01 2.116522530723714129e-02 3.550295857988165771e-02 8.158852981338188259e-02 0.000000000000000000e+00
5.430000000000000000e+02 2.172057436041796574e-01 8.664087391898043222e-01 1.991351843422849502e-02 3.299954483386435822e-02 8.067819754210286964e-02 0.000000000000000000e+00
5.460000000000000000e+02 2.184057753367993904e-01 8.656121984524350887e-01 2.048247610377787811e-02 3.425125170687300796e-02 7.965407373691398007e-02 0.000000000000000000e+00
5.490000000000000000e+02 2.196058070694191233e-01 8.687983614019116896e-01 2.082385070550751144e-02 3.322712790168411146e-02 7.715065999089668058e-02 0.000000000000000000e+00
5.520000000000000000e+02 2.208058388020388563e-01 8.717569412835685094e-01 2.059626763768775473e-02 3.402366863905325473e-02 7.362312243969049153e-02 0.000000000000000000e+00
5.550000000000000000e+02 2.220058705346588113e-01 8.743741465634956578e-01 2.002730996813837164e-02 3.436504324078288458e-02 7.123350022758306865e-02 0.000000000000000000e+00
5.580000000000000000e+02 2.232059022672785442e-01 8.791533909877105035e-01 1.945835229858898507e-02 3.379608557123350149e-02 6.759217114246700298e-02 0.000000000000000000e+00
5.610000000000000000e+02 2.244059339998982772e-01 8.865498406918524976e-01 1.877560309512972189e-02 3.356850250341374825e-02 6.110605370960400795e-02 0.000000000000000000e+00
5.640000000000000000e+02 2.256059657325180101e-01 8.904187528447883304e-01 1.934456076467910846e-02 3.322712790168411146e-02 5.700955848884842886e-02 0.000000000000000000e+00
5.670000000000000000e+02 2.268059974651377431e-01 8.949704142011833952e-01 1.797906235776058209e-02 3.265817023213472836e-02 5.427856167501137613e-02 1.137915339098771066e-04
5.700000000000000000e+02 2.280060291977576981e-01 8.929221665908056993e-01 1.820664542558033533e-02 3.356850250341374825e-02 5.530268548020027264e-02 0.000000000000000000e+00
5.730000000000000000e+02 2.292060609303774310e-01 8.953117888029130667e-01 1.684114701866181243e-02 3.447883477469276120e-02 5.336822940373236318e-02 0.000000000000000000e+00
5.760000000000000000e+02 2.304060926629971640e-01 8.958807464724624081e-01 1.820664542558033533e-02 3.334091943559399501e-02 5.257168866636321991e-02 0.000000000000000000e+00
5.790000000000000000e+02 2.316061243956168969e-01 8.979289940828402150e-01 1.763768775603095224e-02 3.447883477469276120e-02 4.995448338643605074e-02 0.000000000000000000e+00
5.820000000000000000e+02 2.328061561282366299e-01 8.942876649977241632e-01 2.025489303595812488e-02 3.390987710514337811e-02 5.154756486117433034e-02 0.000000000000000000e+00
5.850000000000000000e+02 2.340061878608565848e-01 8.987255348202093375e-01 1.888939462903959851e-02 3.436504324078288458e-02 4.802002730996814128e-02 0.000000000000000000e+00
5.880000000000000000e+02 2.352062195934763178e-01 8.989531178880291185e-01 1.786527082385070547e-02 3.516158397815202785e-02 4.802002730996814128e-02 0.000000000000000000e+00
5.910000000000000000e+02 2.364062513260960507e-01 8.983841602184797770e-01 1.843422849340009204e-02 3.390987710514337811e-02 4.927173418297678409e-02 0.000000000000000000e+00
5.940000000000000000e+02 2.376062830587157837e-01 9.002048247610378029e-01 1.832043695949021542e-02 3.299954483386435822e-02 4.836140191169777114e-02 1.137915339098771066e-04
5.970000000000000000e+02 2.388063147913355166e-01 9.008875739644970349e-01 1.900318616294947513e-02 3.345471096950387163e-02 4.642694583522986168e-02 2.275830678197542133e-04
6.000000000000000000e+02 2.400063465239554716e-01 9.028220300409649512e-01 1.923076923076923184e-02 3.322712790168411146e-02 4.460628129267182190e-02 1.137915339098771066e-04
6.030000000000000000e+02 2.412063782565752046e-01 9.050978607191625391e-01 1.832043695949021542e-02 3.288575329995448160e-02 4.358215748748293233e-02 1.137915339098771066e-04
6.060000000000000000e+02 2.424064099891949375e-01 9.072598998634501255e-01 1.684114701866181243e-02 3.413746017296313134e-02 4.176149294492489950e-02 0.000000000000000000e+00
6.090000000000000000e+02 2.436064417218146705e-01 9.061219845243514426e-01 1.775147928994082885e-02 3.493400091033227461e-02 4.119253527537550946e-02 0.000000000000000000e+00
6.120000000000000000e+02 2.448064734544344034e-01 9.055530268548019901e-01 1.809285389167045871e-02 3.390987710514337811e-02 4.244424214838415921e-02 0.000000000000000000e+00
6.150000000000000000e+02 2.460065051870543584e-01 9.063495675921711126e-01 1.797906235776058209e-02 3.550295857988165771e-02 4.005461993627674328e-02 1.137915339098771066e-04
6.180000000000000000e+02 2.472065369196740914e-01 9.094219390077378229e-01 1.797906235776058209e-02 3.550295857988165771e-02 3.698224852071006069e-02 1.137915339098771066e-04
6.210000000000000000e+02 2.484065686522938243e-01 9.109012289485661773e-01 1.900318616294947513e-02 3.504779244424215123e-02 3.493400091033227461e-02 1.137915339098771066e-04
6.240000000000000000e+02 2.496066003849135573e-01 9.106736458807465073e-01 1.854802002730996865e-02 3.698224852071006069e-02 3.368229403732362487e-02 1.137915339098771066e-04
6.270000000000000000e+02 2.508066321175332902e-01 9.136322257624033272e-01 1.763768775603095224e-02 3.447883477469276120e-02 3.413746017296313134e-02 1.137915339098771066e-04
6.300000000000000000e+02 2.520066638501532452e-01 9.140873918980427781e-01 1.775147928994082885e-02 3.425125170687300796e-02 3.390987710514337811e-02 0.000000000000000000e+00
6.330000000000000000e+02 2.532066955827729782e-01 9.164770141101502565e-01 1.718252162039144229e-02 3.413746017296313134e-02 3.208921256258534527e-02 1.137915339098771066e-04
6.360000000000000000e+02 2.544067273153927111e-01 9.171597633136094885e-01 1.706873008648156567e-02 3.220300409649522189e-02 3.345471096950387163e-02 1.137915339098771066e-04
6.390000000000000000e+02 2.556067590480124441e-01 9.168183887118798170e-01 1.718252162039144229e-02 3.060992262175694228e-02 3.527537551206190447e-02 1.137915339098771066e-04
6.420000000000000000e+02 2.568067907806321770e-01 9.168183887118798170e-01 1.718252162039144229e-02 3.026854802002730896e-02 3.561675011379153433e-02 1.137915339098771066e-04
6.450000000000000000e+02 2.580068225132521320e-01 9.149977241693217911e-01 1.695493855257168905e-02 3.265817023213472836e-02 3.538916704597178109e-02 0.000000000000000000e+00
6.480000000000000000e+02 2.592068542458718650e-01 9.171597633136094885e-01 1.684114701866181243e-02 3.322712790168411146e-02 3.277196176604460498e-02 0.000000000000000000e+00
6.510000000000000000e+02 2.604068859784915979e-01 9.169321802457897075e-01 1.672735548475193582e-02 3.299954483386435822e-02 3.334091943559399501e-02 0.000000000000000000e+00
6.540000000000000000e+02 2.616069177111113309e-01 9.181838871187983919e-01 1.741010468821119553e-02 3.197542102867546865e-02 3.243058716431497512e-02 0.000000000000000000e+00
6.570000000000000000e+02 2.628069494437310638e-01 9.188666363222576239e-01 1.706873008648156567e-02 3.152025489303595523e-02 3.254437869822485174e-02 0.000000000000000000e+00
6.600000000000000000e+02 2.640069811763510188e-01 9.188666363222576239e-01 1.638598088302230249e-02 3.231679563040509851e-02 3.243058716431497512e-02 0.000000000000000000e+00
6.630000000000000000e+02 2.652070129089707518e-01 9.210286754665453213e-01 1.661356395084205573e-02 3.265817023213472836e-02 2.969959035047792587e-02 0.000000000000000000e+00
6.660000000000000000e+02 2.664070446415904847e-01 9.214838416021847722e-01 1.627218934911242587e-02 3.322712790168411146e-02 2.901684114701866268e-02 0.000000000000000000e+00
6.690000000000000000e+02 2.676070763742102177e-01 9.233045061447427981e-01 1.661356395084205573e-02 3.254437869822485174e-02 2.742375967228038308e-02 1.137915339098771066e-04
6.720000000000000000e+02 2.688071081068299506e-01 9.229631315430132377e-01 1.615839781520254925e-02 3.174783796085571541e-02 2.901684114701866268e-02 1.137915339098771066e-04
6.750000000000000000e+02 2.700071398394499056e-01 9.222803823395538947e-01 1.661356395084205573e-02 3.174783796085571541e-02 2.935821574874829254e-02 0.000000000000000000e+00
6.780000000000000000e+02 2.712071715720696385e-01 9.222803823395538947e-01 1.752389622212107562e-02 3.117888029130632538e-02 2.890304961310878606e-02 1.137915339098771066e-04
6.810000000000000000e+02 2.724072033046893715e-01 9.260355029585798370e-01 1.672735548475193582e-02 3.072371415566681890e-02 2.651342740100136666e-02 0.000000000000000000e+00
