# itime ezz other fcc hcp bcc ico
0.000000000000000000e+00 0.000000000000000000e+00 0.000000000000000000e+00 1.000000000000000000e+00 0.000000000000000000e+00 0.000000000000000000e+00 0.000000000000000000e+00
4.000000000000000000e+04 9.999982951805375109e-03 0.000000000000000000e+00 1.000000000000000000e+00 0.000000000000000000e+00 0.000000000000000000e+00 0.000000000000000000e+00
8.000000000000000000e+04 1.999996590361075022e-02 0.000000000000000000e+00 1.000000000000000000e+00 0.000000000000000000e+00 0.000000000000000000e+00 0.000000000000000000e+00
1.200000000000000000e+05 2.999994885541612533e-02 0.000000000000000000e+00 1.000000000000000000e+00 0.000000000000000000e+00 0.000000000000000000e+00 0.000000000000000000e+00
1.600000000000000000e+05 3.999993180722150043e-02 0.000000000000000000e+00 1.000000000000000000e+00 0.000000000000000000e+00 0.000000000000000000e+00 0.000000000000000000e+00
2.000000000000000000e+05 4.999991475902687554e-02 0.000000000000000000e+00 1.000000000000000000e+00 0.000000000000000000e+00 0.000000000000000000e+00 0.000000000000000000e+00
2.400000000000000000e+05 5.999989771083225065e-02 0.000000000000000000e+00 1.000000000000000000e+00 0.000000000000000000e+00 0.000000000000000000e+00 0.000000000000000000e+00
2.800000000000000000e+05 6.999988066263762576e-02 0.000000000000000000e+00 1.000000000000000000e+00 0.000000000000000000e+00 0.000000000000000000e+00 0.000000000000000000e+00
3.200000000000000000e+05 7.999986361444277883e-02 7.965407373691396923e-04 9.992034592626308775e-01 0.000000000000000000e+00 0.000000000000000000e+00 0.000000000000000000e+00
3.600000000000000000e+05 8.999984656624815393e-02 4.551661356395084266e-04 9.995448338643604380e-01 0.000000000000000000e+00 0.000000000000000000e+00 0.000000000000000000e+00
4.000000000000000000e+05 9.999982951805352904e-02 2.503413746017296455e-03 9.973827947200728516e-01 0.000000000000000000e+00 1.137915339098771066e-04 0.000000000000000000e+00
4.400000000000000000e+05 1.099998124698589042e-01 6.440600819299044377e-02 6.516841147018661573e-01 2.789030496131087999e-01 5.006827492034592909e-03 0.000000000000000000e+00
4.800000000000000000e+05 1.199997954216642793e-01 6.884387801547564578e-02 6.479289940828402150e-01 2.740100136549840637e-01 9.217114246700046018e-03 0.000000000000000000e+00
5.200000000000000000e+05 1.299997783734696544e-01 6.622667273554846967e-02 6.537323623122439642e-01 2.783340919435594030e-01 1.706873008648156654e-03 0.000000000000000000e+00
5.600000000000000000e+05 1.399997613252750295e-01 1.570323167956303931e-02 8.309057806099225951e-01 1.533909877105143482e-01 0.000000000000000000e+00 0.000000000000000000e+00
6.000000000000000000e+05 1.499997442770804046e-01 1.513427401001365448e-02 8.306781975421028141e-01 1.536185707783341015e-01 5.689576695493854790e-04 0.000000000000000000e+00
6.400000000000000000e+05 1.599997272288857797e-01 3.254437869822485174e-02 8.124715521165225551e-01 1.535047792444242110e-01 1.479289940828402332e-03 0.000000000000000000e+00
6.800000000000000000e+05 1.699997101806911548e-01 1.536185707783340945e-02 8.266954938552572019e-01 1.570323167956304000e-01 9.103322712790168532e-04 0.000000000000000000e+00
7.200000000000000000e+05 1.799996931324965299e-01 1.547564861174328607e-02 8.262403277196176399e-01 1.572598998634501533e-01 1.024123805188893906e-03 0.000000000000000000e+00
7.600000000000000000e+05 1.899996760843019050e-01 1.502048247610377786e-02 8.260127446517978589e-01 1.581702321347291662e-01 7.965407373691396923e-04 0.000000000000000000e+00
8.000000000000000000e+05 1.999996590361072801e-01 1.672735548475193582e-02 8.243058716431497235e-01 1.578288575329995502e-01 1.137915339098770958e-03 0.000000000000000000e+00
8.400000000000000000e+05 2.099996419879126552e-01 2.503413746017296368e-02 7.983614019116977989e-01 1.741010468821119761e-01 2.503413746017296455e-03 0.000000000000000000e+00
8.800000000000000000e+05 2.199996249397180303e-01 2.924442421483841592e-02 7.862994993172508496e-01 1.805871643149749572e-01 3.868912152935821518e-03 0.000000000000000000e+00
9.200000000000000000e+05 2.299996078915231834e-01 5.393718707328174627e-02 7.340691852526172179e-01 2.090350477924442507e-01 2.958579881656804664e-03 0.000000000000000000e+00
9.600000000000000000e+05 2.399995908433285585e-01 5.518889394629039602e-02 7.240555302685480754e-01 2.171142467000455045e-01 3.641329085116067413e-03 0.000000000000000000e+00
1.000000000000000000e+06 2.499995737951339336e-01 4.380974055530268557e-02 7.697997269003186149e-01 1.835457441966317771e-01 2.844788347746927612e-03 0.000000000000000000e+00
1.040000000000000000e+06 2.599995567469393087e-01 4.608557123350022489e-02 7.668411470186617951e-01 1.845698680018206528e-01 2.503413746017296455e-03 0.000000000000000000e+00
1.080000000000000000e+06 2.699995396987446838e-01 5.587164314974965573e-02 7.642239417387346467e-01 1.770596267637687682e-01 2.844788347746927612e-03 0.000000000000000000e+00
1.120000000000000000e+06 2.799995226505500590e-01 6.827492034592626269e-02 7.379380974055530507e-01 1.918525261720528119e-01 1.934456076467910759e-03 0.000000000000000000e+00
1.160000000000000000e+06 2.899995056023554341e-01 7.009558488848430247e-02 7.253072371415566488e-01 2.023213472917614886e-01 2.275830678197541916e-03 0.000000000000000000e+00
1.200000000000000000e+06 2.999994885541608092e-01 7.658170232134729749e-02 7.083522985889849632e-01 2.122212107419207960e-01 2.844788347746927612e-03 0.000000000000000000e+00
1.240000000000000000e+06 3.099994715059661843e-01 5.735093309057805872e-02 7.727583067819754348e-01 1.681838871187983642e-01 1.706873008648156654e-03 0.000000000000000000e+00
1.280000000000000000e+06 3.199994544577715594e-01 5.609922621756941591e-02 7.758306781975421451e-01 1.668183887118798447e-01 1.251706873008648227e-03 0.000000000000000000e+00
1.320000000000000000e+06 3.299994374095769345e-01 5.723714155666818210e-02 7.743513882567136797e-01 1.673873463814292140e-01 1.024123805188893906e-03 0.000000000000000000e+00
1.360000000000000000e+06 3.399994203613823096e-01 5.883022303140646170e-02 7.752617205279926926e-01 1.653390987710514348e-01 5.689576695493854790e-04 0.000000000000000000e+00
1.400000000000000000e+06 3.499994033131876847e-01 6.281292671825215723e-02 7.663859808830223441e-01 1.700045516613563901e-01 7.965407373691396923e-04 0.000000000000000000e+00
1.440000000000000000e+06 3.599993862649930598e-01 7.111970869367319203e-02 7.532999544833864913e-01 1.745562130177514826e-01 1.024123805188893906e-03 0.000000000000000000e+00
1.480000000000000000e+06 3.699993692167984349e-01 9.934000910332271839e-02 6.525944469731451703e-01 2.456759217114246607e-01 2.389622212107419402e-03 0.000000000000000000e+00
1.520000000000000000e+06 3.799993521686035880e-01 9.444697314519799602e-02 6.649977241693217911e-01 2.380518889394629134e-01 2.503413746017296455e-03 0.000000000000000000e+00
1.560000000000000000e+06 3.899993351204089631e-01 7.248520710059171146e-02 7.377105143377332697e-01 1.867319071461083224e-01 3.072371415566681717e-03 0.000000000000000000e+00
1.600000000000000000e+06 3.999993180722143382e-01 6.918525261720527564e-02 7.373691397360035982e-01 1.915111515703231682e-01 1.934456076467910759e-03 0.000000000000000000e+00
1.640000000000000000e+06 4.099993010240199354e-01 7.248520710059171146e-02 7.361174328629950248e-01 1.891215293582157453e-01 2.275830678197541916e-03 0.000000000000000000e+00
1.680000000000000000e+06 4.199992839758250884e-01 7.123350022758306865e-02 7.370277651342740377e-01 1.895766954938552518e-01 2.162039144287664864e-03 0.000000000000000000e+00
1.720000000000000000e+06 4.299992669276302415e-01 7.851615839781520001e-02 7.346381429221665593e-01 1.847974510696404060e-01 2.048247610377787811e-03 0.000000000000000000e+00
1.760000000000000000e+06 4.399992498794358387e-01 1.177742375967228000e-01 6.690942193900774049e-01 2.090350477924442507e-01 4.096495220755575623e-03 0.000000000000000000e+00
1.800000000000000000e+06 4.499992328312414358e-01 1.317705962676376796e-01 6.802457897132453413e-01 1.824078288575330109e-01 5.575785161583977738e-03 0.000000000000000000e+00
1.840000000000000000e+06 4.599992157830465889e-01 1.281292671825216278e-01 6.850250341374601870e-01 1.808147473827947105e-01 6.030951297223486815e-03 0.000000000000000000e+00
1.880000000000000000e+06 4.699991987348517419e-01 8.363677742375967561e-02 7.391898042785616241e-01 1.753527537551206328e-01 1.820664542558033706e-03 0.000000000000000000e+00
1.920000000000000000e+06 4.799991816866573391e-01 8.716431497496586467e-02 7.303140646335912756e-01 1.809285389167046010e-01 1.593081474738279385e-03 0.000000000000000000e+00
1.960000000000000000e+06 4.899991646384627142e-01 8.921256258534364381e-02 7.221210741920801590e-01 1.871870732817478289e-01 1.479289940828402332e-03 0.000000000000000000e+00
2.000000000000000000e+06 4.999991475902680893e-01 9.501593081474737912e-02 6.876422394173873354e-01 2.140418752844788219e-01 3.299954483386436255e-03 0.000000000000000000e+00
2.040000000000000000e+06 5.099991305420732424e-01 9.729176149294492537e-02 6.836595357305416121e-01 2.164314974965862448e-01 2.617205279927173507e-03 0.000000000000000000e+00
2.080000000000000000e+06 5.199991134938788395e-01 1.142467000455166110e-01 6.433773327264451503e-01 2.398725534820209393e-01 2.503413746017296455e-03 0.000000000000000000e+00
2.120000000000000000e+06 5.299990964456842146e-01 1.209604005461993592e-01 6.205052344105598250e-01 2.561447428311333652e-01 2.389622212107419402e-03 0.000000000000000000e+00
2.160000000000000000e+06 5.399990793974893677e-01 1.231224396904870289e-01 6.194811106053709215e-01 2.548930359581247362e-01 2.503413746017296455e-03 0.000000000000000000e+00
2.200000000000000000e+06 5.499990623492947428e-01 1.272189349112426149e-01 6.178880291306326766e-01 2.530723714155666548e-01 1.820664542558033706e-03 0.000000000000000000e+00
2.240000000000000000e+06 5.599990453011001179e-01 1.075329995448338627e-01 6.957214383249886724e-01 1.949248975876194945e-01 1.820664542558033706e-03 0.000000000000000000e+00
2.280000000000000000e+06 5.699990282529057151e-01 1.110605370960400518e-01 7.038006372325898985e-01 1.829767865270823801e-01 2.162039144287664864e-03 0.000000000000000000e+00
2.320000000000000000e+06 5.799990112047108681e-01 1.090122894856622726e-01 7.074419663177059503e-01 1.800182066454255880e-01 3.527537551206190360e-03 0.000000000000000000e+00
2.360000000000000000e+06 5.899989941565160212e-01 1.030951297223486607e-01 7.220072826581702685e-01 1.728493400091033194e-01 2.048247610377787811e-03 0.000000000000000000e+00
2.400000000000000000e+06 5.999989771083216183e-01 1.079881656804733692e-01 7.189349112426035582e-01 1.719390077378243065e-01 1.137915339098770958e-03 0.000000000000000000e+00
2.440000000000000000e+06 6.099989600601272155e-01 1.247155211652253015e-01 6.766044606281292895e-01 1.954938552571688637e-01 3.186162949476558769e-03 0.000000000000000000e+00
2.480000000000000000e+06 6.199989430119323686e-01 1.265361857077833274e-01 6.741010468821119206e-01 1.967455621301775204e-01 2.617205279927173507e-03 0.000000000000000000e+00
2.520000000000000000e+06 6.299989259637375216e-01 1.255120619025944517e-01 6.672735548475193790e-01 2.038006372325898985e-01 3.413746017296313308e-03 0.000000000000000000e+00
2.560000000000000000e+06 6.399989089155431188e-01 1.277878925807919841e-01 6.661356395084205850e-01 2.042558033682294050e-01 1.820664542558033706e-03 0.000000000000000000e+00
2.600000000000000000e+06 6.499988918673484939e-01 1.362084660901228816e-01 7.357760582612653533e-01 1.256258534365043145e-01 2.389622212107419402e-03 0.000000000000000000e+00
2.640000000000000000e+06 6.599988748191538690e-01 1.376877560309512916e-01 7.357760582612653533e-01 1.244879380974055483e-01 2.048247610377787811e-03 0.000000000000000000e+00
2.680000000000000000e+06 6.699988577709592441e-01 1.367774237596722786e-01 7.386208466090122826e-01 1.235776058261265353e-01 1.024123805188893906e-03 0.000000000000000000e+00
2.720000000000000000e+06 6.799988407227643972e-01 1.364360491579426626e-01 7.382794720072826111e-01 1.226672735548475224e-01 2.617205279927173507e-03 0.000000000000000000e+00
2.760000000000000000e+06 6.899988236745699943e-01 1.392808375056895642e-01 7.357760582612653533e-01 1.241465634956759184e-01 7.965407373691396923e-04 0.000000000000000000e+00
2.800000000000000000e+06 6.999988066263751474e-01 1.407601274465179741e-01 7.551206190259445172e-01 1.013882567137004975e-01 2.730996813837050560e-03 0.000000000000000000e+00
2.840000000000000000e+06 7.099987895781805225e-01 1.404187528447883582e-01 7.534137460172962708e-01 1.033227127901684139e-01 2.844788347746927612e-03 0.000000000000000000e+00
2.880000000000000000e+06 7.199987725299858976e-01 1.152708238507055144e-01 8.439918070095584479e-01 3.857532999544834029e-02 2.162039144287664864e-03 0.000000000000000000e+00
2.920000000000000000e+06 7.299987554817914948e-01 1.131087847064178448e-01 8.449021392808374609e-01 3.994082840236686666e-02 2.048247610377787811e-03 0.000000000000000000e+00
2.960000000000000000e+06 7.399987384335966478e-01 1.338188438780154865e-01 6.663632225762403660e-01 1.953800637232590010e-01 4.437869822485207214e-03 0.000000000000000000e+00
3.000000000000000000e+06 7.499987213854018009e-01 1.327947200728265831e-01 6.620391442876649712e-01 2.014110150204824756e-01 3.755120619025944465e-03 0.000000000000000000e+00
3.040000000000000000e+06 7.599987043372073980e-01 1.354119253527537592e-01 6.573736913973600160e-01 2.023213472917614886e-01 4.893035958124715423e-03 0.000000000000000000e+00
3.080000000000000000e+06 7.699986872890129952e-01 1.364360491579426626e-01 6.436049157942649313e-01 2.148384160218479721e-01 5.120619025944469528e-03 0.000000000000000000e+00
3.120000000000000000e+06 7.799986702408181483e-01 1.442876649977241632e-01 6.095812471552116696e-01 2.407828857532999522e-01 5.348202093764223633e-03 0.000000000000000000e+00
3.160000000000000000e+06 7.899986531926233013e-01 1.482703686845698587e-01 6.131087847064178309e-01 2.347519344560764776e-01 3.868912152935821518e-03 0.000000000000000000e+00
3.200000000000000000e+06 7.999986361444288985e-01 1.441738734638143005e-01 6.656804733727810230e-01 1.877560309512972259e-01 2.389622212107419402e-03 0.000000000000000000e+00
3.240000000000000000e+06 8.099986190962342736e-01 1.469048702776513393e-01 6.607874374146563978e-01 1.871870732817478289e-01 5.120619025944469528e-03 0.000000000000000000e+00
3.280000000000000000e+06 8.199986020480396487e-01 1.512289485662266786e-01 6.629494765589439842e-01 1.813837050523441075e-01 4.437869822485207214e-03 0.000000000000000000e+00
3.320000000000000000e+06 8.299985849998448018e-01 1.506599908966772816e-01 6.679563040509786109e-01 1.754665452890304955e-01 5.917159763313609329e-03 0.000000000000000000e+00
3.360000000000000000e+06 8.399985679516501769e-01 1.525944469731451980e-01 6.585116067364588099e-01 1.834319526627218866e-01 5.461993627674101119e-03 0.000000000000000000e+00
3.400000000000000000e+06 8.499985509034557740e-01 1.589667728720983164e-01 6.500910332271279124e-01 1.838871187983613931e-01 7.055075102412380721e-03 0.000000000000000000e+00
3.440000000000000000e+06 8.599985338552609271e-01 1.307464724624488039e-01 6.337050523441055683e-01 2.304278561675011383e-01 5.120619025944469528e-03 0.000000000000000000e+00
3.480000000000000000e+06 8.699985168070663022e-01 1.300637232589895442e-01 6.131087847064178309e-01 2.510241238051889034e-01 5.803368229403732710e-03 0.000000000000000000e+00
3.520000000000000000e+06 8.799984997588716773e-01 1.334774692762858428e-01 6.041192535275375919e-01 2.583067819754210070e-01 4.096495220755575623e-03 0.000000000000000000e+00
3.560000000000000000e+06 8.899984827106772745e-01 1.264223941738734647e-01 6.055985434683659463e-01 2.667273554847519601e-01 1.251706873008648227e-03 0.000000000000000000e+00
3.600000000000000000e+06 8.999984656624824275e-01 1.261948111060537114e-01 6.004779244424214291e-01 2.717341829767865313e-01 1.593081474738279385e-03 0.000000000000000000e+00
3.640000000000000000e+06 9.099984486142875806e-01 1.275603095129722309e-01 5.975193445607647202e-01 2.729858898497951603e-01 1.934456076467910759e-03 0.000000000000000000e+00
3.680000000000000000e+06 9.199984315660931777e-01 1.258534365043240677e-01 5.854574419663176599e-01 2.861857077833409035e-01 2.503413746017296455e-03 0.000000000000000000e+00
3.720000000000000000e+06 9.299984145178987749e-01 1.252844788347746985e-01 5.785161583978152278e-01 2.930131998179335562e-01 3.186162949476558769e-03 0.000000000000000000e+00
3.760000000000000000e+06 9.399983974697039280e-01 1.257396449704142050e-01 5.769230769230768718e-01 2.949476558944014726e-01 2.389622212107419402e-03 0.000000000000000000e+00
3.800000000000000000e+06 9.499983804215090810e-01 1.279016841147018746e-01 5.738507055075102725e-01 2.967683204369594985e-01 1.479289940828402332e-03 0.000000000000000000e+00
3.840000000000000000e+06 9.599983633733146782e-01 1.286982248520709970e-01 5.708921256258534527e-01 2.966545289030496080e-01 3.755120619025944465e-03 0.000000000000000000e+00
3.880000000000000000e+06 9.699983463251200533e-01 1.421256258534364936e-01 5.650887573964497035e-01 2.872098315885298070e-01 5.575785161583977738e-03 0.000000000000000000e+00
3.920000000000000000e+06 9.799983292769252063e-01 1.414428766499772339e-01 5.725989986345015881e-01 2.750341374601729671e-01 1.092398725534820224e-02 0.000000000000000000e+00
3.960000000000000000e+06 9.899983122287305815e-01 1.439462903959945472e-01 5.663404642694583879e-01 2.801547564861174289e-01 9.558488848429677609e-03 0.000000000000000000e+00
4.000000000000000000e+06 9.999982951805359566e-01 1.467910787437414766e-01 5.607646791078744197e-01 2.816340464269458388e-01 1.081019572143832562e-02 0.000000000000000000e+00
