# itime ezz other fcc hcp bcc ico
0.000000000000000000e+00 0.000000000000000000e+00 0.000000000000000000e+00 1.000000000000000000e+00 0.000000000000000000e+00 0.000000000000000000e+00 0.000000000000000000e+00
4.000000000000000000e+03 1.000059274774978135e-03 0.000000000000000000e+00 1.000000000000000000e+00 0.000000000000000000e+00 0.000000000000000000e+00 0.000000000000000000e+00
8.000000000000000000e+03 2.000118549549956271e-03 0.000000000000000000e+00 1.000000000000000000e+00 0.000000000000000000e+00 0.000000000000000000e+00 0.000000000000000000e+00
1.200000000000000000e+04 3.000177824325156450e-03 0.000000000000000000e+00 1.000000000000000000e+00 0.000000000000000000e+00 0.000000000000000000e+00 0.000000000000000000e+00
1.600000000000000000e+04 4.000237099100134586e-03 0.000000000000000000e+00 1.000000000000000000e+00 0.000000000000000000e+00 0.000000000000000000e+00 0.000000000000000000e+00
2.000000000000000000e+04 5.000296373875112721e-03 0.000000000000000000e+00 1.000000000000000000e+00 0.000000000000000000e+00 0.000000000000000000e+00 0.000000000000000000e+00
2.400000000000000000e+04 6.000355648650090856e-03 0.000000000000000000e+00 1.000000000000000000e+00 0.000000000000000000e+00 0.000000000000000000e+00 0.000000000000000000e+00
2.800000000000000000e+04 7.000414923425291036e-03 0.000000000000000000e+00 1.000000000000000000e+00 0.000000000000000000e+00 0.000000000000000000e+00 0.000000000000000000e+00
3.200000000000000000e+04 8.000474198200269171e-03 0.000000000000000000e+00 1.000000000000000000e+00 0.000000000000000000e+00 0.000000000000000000e+00 0.000000000000000000e+00
3.600000000000000000e+04 9.000533472975247307e-03 0.000000000000000000e+00 1.000000000000000000e+00 0.000000000000000000e+00 0.000000000000000000e+00 0.000000000000000000e+00
4.000000000000000000e+04 1.000059274775022544e-02 0.000000000000000000e+00 1.000000000000000000e+00 0.000000000000000000e+00 0.000000000000000000e+00 0.000000000000000000e+00
4.400000000000000000e+04 1.100065202252520358e-02 0.000000000000000000e+00 1.000000000000000000e+00 0.000000000000000000e+00 0.000000000000000000e+00 0.000000000000000000e+00
4.800000000000000000e+04 1.200071129730040376e-02 0.000000000000000000e+00 1.000000000000000000e+00 0.000000000000000000e+00 0.000000000000000000e+00 0.000000000000000000e+00
5.200000000000000000e+04 1.300077057207538189e-02 0.000000000000000000e+00 1.000000000000000000e+00 0.000000000000000000e+00 0.000000000000000000e+00 0.000000000000000000e+00
5.600000000000000000e+04 1.400082984685036003e-02 0.000000000000000000e+00 1.000000000000000000e+00 0.000000000000000000e+00 0.000000000000000000e+00 0.000000000000000000e+00
6.000000000000000000e+04 1.500088912162533816e-02 0.000000000000000000e+00 1.000000000000000000e+00 0.000000000000000000e+00 0.000000000000000000e+00 0.000000000000000000e+00
6.400000000000000000e+04 1.600094839640053834e-02 0.000000000000000000e+00 1.000000000000000000e+00 0.000000000000000000e+00 0.000000000000000000e+00 0.000000000000000000e+00
6.800000000000000000e+04 1.700100767117551648e-02 0.000000000000000000e+00 1.000000000000000000e+00 0.000000000000000000e+00 0.000000000000000000e+00 0.000000000000000000e+00
7.200000000000000000e+04 1.800106694595049461e-02 0.000000000000000000e+00 1.000000000000000000e+00 0.000000000000000000e+00 0.000000000000000000e+00 0.000000000000000000e+00
7.600000000000000000e+04 1.900112622072547275e-02 0.000000000000000000e+00 1.000000000000000000e+00 0.000000000000000000e+00 0.000000000000000000e+00 0.000000000000000000e+00
8.000000000000000000e+04 2.000118549550045088e-02 0.000000000000000000e+00 1.000000000000000000e+00 0.000000000000000000e+00 0.000000000000000000e+00 0.000000000000000000e+00
8.400000000000000000e+04 2.100124477027565106e-02 0.000000000000000000e+00 1.000000000000000000e+00 0.000000000000000000e+00 0.000000000000000000e+00 0.000000000000000000e+00
8.800000000000000000e+04 2.200130404505062920e-02 0.000000000000000000e+00 1.000000000000000000e+00 0.000000000000000000e+00 0.000000000000000000e+00 0.000000000000000000e+00
9.200000000000000000e+04 2.300136331982560733e-02 0.000000000000000000e+00 1.000000000000000000e+00 0.000000000000000000e+00 0.000000000000000000e+00 0.000000000000000000e+00
9.600000000000000000e+04 2.400142259460058547e-02 0.000000000000000000e+00 1.000000000000000000e+00 0.000000000000000000e+00 0.000000000000000000e+00 0.000000000000000000e+00
1.000000000000000000e+05 2.500148186937578565e-02 0.000000000000000000e+00 1.000000000000000000e+00 0.000000000000000000e+00 0.000000000000000000e+00 0.000000000000000000e+00
1.040000000000000000e+05 2.600154114415076378e-02 0.000000000000000000e+00 1.000000000000000000e+00 0.000000000000000000e+00 0.000000000000000000e+00 0.000000000000000000e+00
1.080000000000000000e+05 2.700160041892574192e-02 0.000000000000000000e+00 1.000000000000000000e+00 0.000000000000000000e+00 0.000000000000000000e+00 0.000000000000000000e+00
1.120000000000000000e+05 2.800165969370072006e-02 0.000000000000000000e+00 1.000000000000000000e+00 0.000000000000000000e+00 0.000000000000000000e+00 0.000000000000000000e+00
1.160000000000000000e+05 2.900171896847569819e-02 0.000000000000000000e+00 1.000000000000000000e+00 0.000000000000000000e+00 0.000000000000000000e+00 0.000000000000000000e+00
1.200000000000000000e+05 3.000177824325089837e-02 0.000000000000000000e+00 1.000000000000000000e+00 0.000000000000000000e+00 0.000000000000000000e+00 0.000000000000000000e+00
1.240000000000000000e+05 3.100183751802587651e-02 0.000000000000000000e+00 1.000000000000000000e+00 0.000000000000000000e+00 0.000000000000000000e+00 0.000000000000000000e+00
1.280000000000000000e+05 3.200189679280085464e-02 0.000000000000000000e+00 1.000000000000000000e+00 0.000000000000000000e+00 0.000000000000000000e+00 0.000000000000000000e+00
1.320000000000000000e+05 3.300195606757583278e-02 0.000000000000000000e+00 1.000000000000000000e+00 0.000000000000000000e+00 0.000000000000000000e+00 0.000000000000000000e+00
1.360000000000000000e+05 3.400201534235103296e-02 0.000000000000000000e+00 1.000000000000000000e+00 0.000000000000000000e+00 0.000000000000000000e+00 0.000000000000000000e+00
1.400000000000000000e+05 3.500207461712601109e-02 0.000000000000000000e+00 1.000000000000000000e+00 0.000000000000000000e+00 0.000000000000000000e+00 0.000000000000000000e+00
1.440000000000000000e+05 3.600213389190098923e-02 0.000000000000000000e+00 1.000000000000000000e+00 0.000000000000000000e+00 0.000000000000000000e+00 0.000000000000000000e+00
1.480000000000000000e+05 3.700219316667596736e-02 0.000000000000000000e+00 1.000000000000000000e+00 0.000000000000000000e+00 0.000000000000000000e+00 0.000000000000000000e+00
1.520000000000000000e+05 3.800225244145094550e-02 0.000000000000000000e+00 1.000000000000000000e+00 0.000000000000000000e+00 0.000000000000000000e+00 0.000000000000000000e+00
1.560000000000000000e+05 3.900231171622614568e-02 0.000000000000000000e+00 1.000000000000000000e+00 0.000000000000000000e+00 0.000000000000000000e+00 0.000000000000000000e+00
1.600000000000000000e+05 4.000237099100112381e-02 0.000000000000000000e+00 1.000000000000000000e+00 0.000000000000000000e+00 0.000000000000000000e+00 0.000000000000000000e+00
1.640000000000000000e+05 4.100243026577610195e-02 0.000000000000000000e+00 1.000000000000000000e+00 0.000000000000000000e+00 0.000000000000000000e+00 0.000000000000000000e+00
1.680000000000000000e+05 4.200248954055108008e-02 0.000000000000000000e+00 1.000000000000000000e+00 0.000000000000000000e+00 0.000000000000000000e+00 0.000000000000000000e+00
1.720000000000000000e+05 4.300254881532628026e-02 0.000000000000000000e+00 1.000000000000000000e+00 0.000000000000000000e+00 0.000000000000000000e+00 0.000000000000000000e+00
1.760000000000000000e+05 4.400260809010125840e-02 0.000000000000000000e+00 1.000000000000000000e+00 0.000000000000000000e+00 0.000000000000000000e+00 0.000000000000000000e+00
1.800000000000000000e+05 4.500266736487623653e-02 0.000000000000000000e+00 1.000000000000000000e+00 0.000000000000000000e+00 0.000000000000000000e+00 0.000000000000000000e+00
1.840000000000000000e+05 4.600272663965121467e-02 0.000000000000000000e+00 1.000000000000000000e+00 0.000000000000000000e+00 0.000000000000000000e+00 0.000000000000000000e+00
1.880000000000000000e+05 4.700278591442619280e-02 0.000000000000000000e+00 1.000000000000000000e+00 0.000000000000000000e+00 0.000000000000000000e+00 0.000000000000000000e+00
1.920000000000000000e+05 4.800284518920139298e-02 0.000000000000000000e+00 1.000000000000000000e+00 0.000000000000000000e+00 0.000000000000000000e+00 0.000000000000000000e+00
1.960000000000000000e+05 4.900290446397637112e-02 0.000000000000000000e+00 1.000000000000000000e+00 0.000000000000000000e+00 0.000000000000000000e+00 0.000000000000000000e+00
2.000000000000000000e+05 5.000296373875134925e-02 0.000000000000000000e+00 1.000000000000000000e+00 0.000000000000000000e+00 0.000000000000000000e+00 0.000000000000000000e+00
2.040000000000000000e+05 5.100302301352632739e-02 0.000000000000000000e+00 1.000000000000000000e+00 0.000000000000000000e+00 0.000000000000000000e+00 0.000000000000000000e+00
2.080000000000000000e+05 5.200308228830152757e-02 0.000000000000000000e+00 1.000000000000000000e+00 0.000000000000000000e+00 0.000000000000000000e+00 0.000000000000000000e+00
2.120000000000000000e+05 5.300314156307650570e-02 0.000000000000000000e+00 1.000000000000000000e+00 0.000000000000000000e+00 0.000000000000000000e+00 0.000000000000000000e+00
2.160000000000000000e+05 5.400320083785148384e-02 0.000000000000000000e+00 1.000000000000000000e+00 0.000000000000000000e+00 0.000000000000000000e+00 0.000000000000000000e+00
2.200000000000000000e+05 5.500326011262646198e-02 0.000000000000000000e+00 1.000000000000000000e+00 0.000000000000000000e+00 0.000000000000000000e+00 0.000000000000000000e+00
2.240000000000000000e+05 5.600331938740144011e-02 0.000000000000000000e+00 1.000000000000000000e+00 0.000000000000000000e+00 0.000000000000000000e+00 0.000000000000000000e+00
2.280000000000000000e+05 5.700337866217664029e-02 0.000000000000000000e+00 1.000000000000000000e+00 0.000000000000000000e+00 0.000000000000000000e+00 0.000000000000000000e+00
2.320000000000000000e+05 5.800343793695161843e-02 0.000000000000000000e+00 1.000000000000000000e+00 0.000000000000000000e+00 0.000000000000000000e+00 0.000000000000000000e+00
2.360000000000000000e+05 5.900349721172659656e-02 0.000000000000000000e+00 1.000000000000000000e+00 0.000000000000000000e+00 0.000000000000000000e+00 0.000000000000000000e+00
2.400000000000000000e+05 6.000355648650157470e-02 4.551661356395084266e-04 9.995448338643604380e-01 0.000000000000000000e+00 0.000000000000000000e+00 0.000000000000000000e+00
2.440000000000000000e+05 6.100361576127677488e-02 0.000000000000000000e+00 1.000000000000000000e+00 0.000000000000000000e+00 0.000000000000000000e+00 0.000000000000000000e+00
2.480000000000000000e+05 6.200367503605175301e-02 0.000000000000000000e+00 1.000000000000000000e+00 0.000000000000000000e+00 0.000000000000000000e+00 0.000000000000000000e+00
2.520000000000000000e+05 6.300373431082673115e-02 3.413746017296313199e-04 9.996586253982703285e-01 0.000000000000000000e+00 0.000000000000000000e+00 0.000000000000000000e+00
2.560000000000000000e+05 6.400379358560170928e-02 0.000000000000000000e+00 1.000000000000000000e+00 0.000000000000000000e+00 0.000000000000000000e+00 0.000000000000000000e+00
2.600000000000000000e+05 6.500385286037668742e-02 0.000000000000000000e+00 1.000000000000000000e+00 0.000000000000000000e+00 0.000000000000000000e+00 0.000000000000000000e+00
2.640000000000000000e+05 6.600391213515188760e-02 0.000000000000000000e+00 1.000000000000000000e+00 0.000000000000000000e+00 0.000000000000000000e+00 0.000000000000000000e+00
2.680000000000000000e+05 6.700397140992686573e-02 0.000000000000000000e+00 1.000000000000000000e+00 0.000000000000000000e+00 0.000000000000000000e+00 0.000000000000000000e+00
2.720000000000000000e+05 6.800403068470184387e-02 0.000000000000000000e+00 1.000000000000000000e+00 0.000000000000000000e+00 0.000000000000000000e+00 0.000000000000000000e+00
2.760000000000000000e+05 6.900408995947682200e-02 0.000000000000000000e+00 1.000000000000000000e+00 0.000000000000000000e+00 0.000000000000000000e+00 0.000000000000000000e+00
2.800000000000000000e+05 7.000414923425202218e-02 0.000000000000000000e+00 1.000000000000000000e+00 0.000000000000000000e+00 0.000000000000000000e+00 0.000000000000000000e+00
2.840000000000000000e+05 7.100420850902700032e-02 0.000000000000000000e+00 1.000000000000000000e+00 0.000000000000000000e+00 0.000000000000000000e+00 0.000000000000000000e+00
2.880000000000000000e+05 7.200426778380197845e-02 3.413746017296313199e-04 9.996586253982703285e-01 0.000000000000000000e+00 0.000000000000000000e+00 0.000000000000000000e+00
2.920000000000000000e+05 7.300432705857695659e-02 0.000000000000000000e+00 1.000000000000000000e+00 0.000000000000000000e+00 0.000000000000000000e+00 0.000000000000000000e+00
2.960000000000000000e+05 7.400438633335193472e-02 0.000000000000000000e+00 1.000000000000000000e+00 0.000000000000000000e+00 0.000000000000000000e+00 0.000000000000000000e+00
3.000000000000000000e+05 7.500444560812713490e-02 7.965407373691396923e-04 9.992034592626308775e-01 0.000000000000000000e+00 0.000000000000000000e+00 0.000000000000000000e+00
3.040000000000000000e+05 7.600450488290211304e-02 0.000000000000000000e+00 1.000000000000000000e+00 0.000000000000000000e+00 0.000000000000000000e+00 0.000000000000000000e+00
3.080000000000000000e+05 7.700456415767709117e-02 2.275830678197542133e-04 9.997724169321802190e-01 0.000000000000000000e+00 0.000000000000000000e+00 0.000000000000000000e+00
3.120000000000000000e+05 7.800462343245206931e-02 0.000000000000000000e+00 1.000000000000000000e+00 0.000000000000000000e+00 0.000000000000000000e+00 0.000000000000000000e+00
3.160000000000000000e+05 7.900468270722726949e-02 2.275830678197542133e-04 9.997724169321802190e-01 0.000000000000000000e+00 0.000000000000000000e+00 0.000000000000000000e+00
3.200000000000000000e+05 8.000474198200224762e-02 4.551661356395084266e-04 9.995448338643604380e-01 0.000000000000000000e+00 0.000000000000000000e+00 0.000000000000000000e+00
3.240000000000000000e+05 8.100480125677722576e-02 4.551661356395084266e-04 9.994310423304506585e-01 0.000000000000000000e+00 1.137915339098771066e-04 0.000000000000000000e+00
3.280000000000000000e+05 8.200486053155220389e-02 0.000000000000000000e+00 1.000000000000000000e+00 0.000000000000000000e+00 0.000000000000000000e+00 0.000000000000000000e+00
3.320000000000000000e+05 8.300491980632718203e-02 1.137915339098771066e-04 9.998862084660901095e-01 0.000000000000000000e+00 0.000000000000000000e+00 0.000000000000000000e+00
3.360000000000000000e+05 8.400497908110238221e-02 1.137915339098770958e-03 9.988620846609012061e-01 0.000000000000000000e+00 0.000000000000000000e+00 0.000000000000000000e+00
3.400000000000000000e+05 8.500503835587736035e-02 2.275830678197542133e-04 9.997724169321802190e-01 0.000000000000000000e+00 0.000000000000000000e+00 0.000000000000000000e+00
3.440000000000000000e+05 8.600509763065233848e-02 1.137915339098771066e-04 9.998862084660901095e-01 0.000000000000000000e+00 0.000000000000000000e+00 0.000000000000000000e+00
3.480000000000000000e+05 8.700515690542731662e-02 1.251706873008648227e-03 9.986345015930814251e-01 0.000000000000000000e+00 1.137915339098771066e-04 0.000000000000000000e+00
3.520000000000000000e+05 8.800521618020251680e-02 6.827492034592626399e-04 9.993172507965407680e-01 0.000000000000000000e+00 0.000000000000000000e+00 0.000000000000000000e+00
3.560000000000000000e+05 8.900527545497749493e-02 1.593081474738279385e-03 9.984069185252617551e-01 0.000000000000000000e+00 0.000000000000000000e+00 0.000000000000000000e+00
3.600000000000000000e+05 9.000533472975247307e-02 1.365498406918525280e-03 9.986345015930814251e-01 0.000000000000000000e+00 0.000000000000000000e+00 0.000000000000000000e+00
3.640000000000000000e+05 9.100539400452745120e-02 3.413746017296313199e-04 9.995448338643604380e-01 0.000000000000000000e+00 1.137915339098771066e-04 0.000000000000000000e+00
3.680000000000000000e+05 9.200545327930242934e-02 9.103322712790168532e-04 9.990896677287209870e-01 0.000000000000000000e+00 0.000000000000000000e+00 0.000000000000000000e+00
3.720000000000000000e+05 9.300551255407762952e-02 2.844788347746927612e-03 9.970414201183431802e-01 0.000000000000000000e+00 1.137915339098771066e-04 0.000000000000000000e+00
3.760000000000000000e+05 9.400557182885260765e-02 1.593081474738279385e-03 9.984069185252617551e-01 0.000000000000000000e+00 0.000000000000000000e+00 0.000000000000000000e+00
3.800000000000000000e+05 9.500563110362758579e-02 1.137915339098770958e-03 9.988620846609012061e-01 0.000000000000000000e+00 0.000000000000000000e+00 0.000000000000000000e+00
3.840000000000000000e+05 9.600569037840256392e-02 1.593081474738279385e-03 9.984069185252617551e-01 0.000000000000000000e+00 0.000000000000000000e+00 0.000000000000000000e+00
3.880000000000000000e+05 9.700574965317776410e-02 2.275830678197541916e-03 9.976103777878926326e-01 0.000000000000000000e+00 1.137915339098771066e-04 0.000000000000000000e+00
3.920000000000000000e+05 9.800580892795274224e-02 2.162039144287664864e-03 9.977241693218024121e-01 0.000000000000000000e+00 1.137915339098771066e-04 0.000000000000000000e+00
3.960000000000000000e+05 9.900586820272772037e-02 4.324078288575329727e-03 9.954483386436049352e-01 0.000000000000000000e+00 2.275830678197542133e-04 0.000000000000000000e+00
4.000000000000000000e+05 1.000059274775026985e-01 1.934456076467910759e-03 9.979517523896221931e-01 0.000000000000000000e+00 1.137915339098771066e-04 0.000000000000000000e+00
4.040000000000000000e+05 1.010059867522776766e-01 3.527537551206190360e-03 9.960172963131542767e-01 0.000000000000000000e+00 4.551661356395084266e-04 0.000000000000000000e+00
4.080000000000000000e+05 1.020060460270528768e-01 4.665452890304961318e-03 9.946517979062358128e-01 0.000000000000000000e+00 6.827492034592626399e-04 0.000000000000000000e+00
4.120000000000000000e+05 1.030061053018278550e-01 6.258534365043240920e-03 9.935138825671370189e-01 0.000000000000000000e+00 2.275830678197542133e-04 0.000000000000000000e+00
4.160000000000000000e+05 1.040061645766028331e-01 5.006827492034592909e-03 9.946517979062358128e-01 0.000000000000000000e+00 3.413746017296313199e-04 0.000000000000000000e+00
4.200000000000000000e+05 1.050062238513778112e-01 7.851615839781519654e-03 9.911242603550295405e-01 0.000000000000000000e+00 1.024123805188893906e-03 0.000000000000000000e+00
4.240000000000000000e+05 1.060062831261527894e-01 1.160673645880746542e-02 9.877105143377332697e-01 0.000000000000000000e+00 6.827492034592626399e-04 0.000000000000000000e+00
4.280000000000000000e+05 1.070063424009279895e-01 6.110605370960400795e-02 7.668411470186617951e-01 8.192990441511151245e-03 1.638598088302230249e-01 0.000000000000000000e+00
4.320000000000000000e+05 1.080064016757029677e-01 7.373691397360036814e-02 6.447428311333637252e-01 2.810650887573964418e-01 4.551661356395084266e-04 0.000000000000000000e+00
4.360000000000000000e+05 1.090064609504779458e-01 7.453345471096950448e-02 6.441738734638142727e-01 2.811788802913063323e-01 1.137915339098771066e-04 0.000000000000000000e+00
4.400000000000000000e+05 1.100065202252529240e-01 7.464724624487938109e-02 6.448566226672735047e-01 2.804961310878470448e-01 0.000000000000000000e+00 0.000000000000000000e+00
4.440000000000000000e+05 1.110065795000281241e-01 7.760582612653618706e-02 6.424670004551661373e-01 2.795857988165680319e-01 3.413746017296313199e-04 0.000000000000000000e+00
4.480000000000000000e+05 1.120066387748031023e-01 7.521620391442876419e-02 6.441738734638142727e-01 2.802685480200273194e-01 3.413746017296313199e-04 0.000000000000000000e+00
4.520000000000000000e+05 1.130066980495780804e-01 7.476103777878925771e-02 6.445152480655439442e-01 2.806099226217569353e-01 1.137915339098771066e-04 0.000000000000000000e+00
4.560000000000000000e+05 1.140067573243530585e-01 7.646791078743742087e-02 6.439462903959944917e-01 2.791306326809285254e-01 4.551661356395084266e-04 0.000000000000000000e+00
4.600000000000000000e+05 1.150068165991280367e-01 7.646791078743742087e-02 6.428083750568958088e-01 2.798133818843878129e-01 9.103322712790168532e-04 0.000000000000000000e+00
4.640000000000000000e+05 1.160068758739032369e-01 7.646791078743742087e-02 6.432635411925352598e-01 2.799271734182977034e-01 3.413746017296313199e-04 0.000000000000000000e+00
4.680000000000000000e+05 1.170069351486782150e-01 7.874374146563495325e-02 6.417842512517069054e-01 2.791306326809285254e-01 3.413746017296313199e-04 0.000000000000000000e+00
4.720000000000000000e+05 1.180069944234531931e-01 7.828857532999544677e-02 6.426945835229859183e-01 2.789030496131087999e-01 1.137915339098771066e-04 0.000000000000000000e+00
4.760000000000000000e+05 1.190070536982281713e-01 7.715065999089668058e-02 6.428083750568958088e-01 2.796995903504779224e-01 3.413746017296313199e-04 0.000000000000000000e+00
4.800000000000000000e+05 1.200071129730033714e-01 7.510241238051888757e-02 6.440600819299043822e-01 2.804961310878470448e-01 3.413746017296313199e-04 0.000000000000000000e+00
4.840000000000000000e+05 1.210071722477783496e-01 7.885753299954482987e-02 6.418980427856167958e-01 2.789030496131087999e-01 3.413746017296313199e-04 0.000000000000000000e+00
4.880000000000000000e+05 1.220072315225533277e-01 7.862994993172507663e-02 6.421256258534364658e-01 2.791306326809285254e-01 1.137915339098771066e-04 0.000000000000000000e+00
4.920000000000000000e+05 1.230072907973283058e-01 6.417842512517069054e-02 7.052799271734182529e-01 2.304278561675011383e-01 1.137915339098771066e-04 0.000000000000000000e+00
4.960000000000000000e+05 1.240073500721032840e-01 6.326809285389166371e-02 7.057350933090578149e-01 2.308830223031406448e-01 1.137915339098771066e-04 0.000000000000000000e+00
5.000000000000000000e+05 1.250074093468784842e-01 6.304050978607191047e-02 7.055075102412380339e-01 2.313381884387801513e-01 1.137915339098771066e-04 0.000000000000000000e+00
5.040000000000000000e+05 1.260074686216534623e-01 6.315430131998178709e-02 7.057350933090578149e-01 2.300864815657714946e-01 1.024123805188893906e-03 0.000000000000000000e+00
5.080000000000000000e+05 1.270075278964284404e-01 6.269913518434228061e-02 7.057350933090578149e-01 2.311106053709603980e-01 4.551661356395084266e-04 0.000000000000000000e+00
5.120000000000000000e+05 1.280075871712034186e-01 6.247155211652252738e-02 7.059626763768775959e-01 2.308830223031406448e-01 6.827492034592626399e-04 0.000000000000000000e+00
5.160000000000000000e+05 1.290076464459786187e-01 6.133363677742376119e-02 7.060764679107874864e-01 2.321347291761493015e-01 4.551661356395084266e-04 0.000000000000000000e+00
5.200000000000000000e+05 1.300077057207535969e-01 6.304050978607191047e-02 7.055075102412380339e-01 2.311106053709603980e-01 3.413746017296313199e-04 0.000000000000000000e+00
5.240000000000000000e+05 1.310077649955285750e-01 6.338188438780155420e-02 7.050523441055985829e-01 2.307692307692307820e-01 7.965407373691396923e-04 0.000000000000000000e+00
5.280000000000000000e+05 1.320078242703035531e-01 6.349567592171143082e-02 7.057350933090578149e-01 2.304278561675011383e-01 3.413746017296313199e-04 0.000000000000000000e+00
5.320000000000000000e+05 1.330078835450785313e-01 6.315430131998178709e-02 7.057350933090578149e-01 2.305416477014110288e-01 5.689576695493854790e-04 0.000000000000000000e+00
5.360000000000000000e+05 1.340079428198537315e-01 6.247155211652252738e-02 7.058488848429677054e-01 2.313381884387801513e-01 3.413746017296313199e-04 0.000000000000000000e+00
5.400000000000000000e+05 1.350080020946287096e-01 6.338188438780155420e-02 7.049385525716886924e-01 2.309968138370505353e-01 6.827492034592626399e-04 0.000000000000000000e+00
5.440000000000000000e+05 1.360080613694036877e-01 6.645425580336822291e-02 7.107419208010924416e-01 2.222348657259899940e-01 5.689576695493854790e-04 0.000000000000000000e+00
5.480000000000000000e+05 1.370081206441786659e-01 6.520254893035958010e-02 7.114246700045516736e-01 2.228038233955393632e-01 5.689576695493854790e-04 0.000000000000000000e+00
5.520000000000000000e+05 1.380081799189538660e-01 6.599908966772871644e-02 7.111970869367318926e-01 2.217796995903504875e-01 1.024123805188893906e-03 0.000000000000000000e+00
5.560000000000000000e+05 1.390082391937288442e-01 6.747837960855712636e-02 7.096040054619936477e-01 2.220072826581702408e-01 9.103322712790168532e-04 0.000000000000000000e+00
5.600000000000000000e+05 1.400082984685038223e-01 6.588529813381883982e-02 7.110832954028220021e-01 2.216659080564405970e-01 1.365498406918525280e-03 0.000000000000000000e+00
5.640000000000000000e+05 1.410083577432788005e-01 6.565771506599908658e-02 7.104005461993627701e-01 2.221210741920801035e-01 1.820664542558033706e-03 0.000000000000000000e+00
5.680000000000000000e+05 1.420084170180537786e-01 6.520254893035958010e-02 7.118798361401911245e-01 2.224624487938097472e-01 4.551661356395084266e-04 0.000000000000000000e+00
5.720000000000000000e+05 1.430084762928289788e-01 6.622667273554846967e-02 7.114246700045516736e-01 2.221210741920801035e-01 2.275830678197542133e-04 0.000000000000000000e+00
5.760000000000000000e+05 1.440085355676039569e-01 6.543013199817933334e-02 7.110832954028220021e-01 2.224624487938097472e-01 1.024123805188893906e-03 0.000000000000000000e+00
5.800000000000000000e+05 1.450085948423789350e-01 6.725079654073737312e-02 7.104005461993627701e-01 2.217796995903504875e-01 5.689576695493854790e-04 0.000000000000000000e+00
5.840000000000000000e+05 1.460086541171539132e-01 6.713700500682749650e-02 7.104005461993627701e-01 2.207555757851615841e-01 1.706873008648156654e-03 0.000000000000000000e+00
5.880000000000000000e+05 1.470087133919291134e-01 7.111970869367319203e-02 7.122212107419207960e-01 2.092626308602640040e-01 7.396449704142011444e-03 0.000000000000000000e+00
5.920000000000000000e+05 1.480087726667040915e-01 6.941283568502502888e-02 7.149522075557578349e-01 2.082385070550751005e-01 7.396449704142011444e-03 0.000000000000000000e+00
5.960000000000000000e+05 1.490088319414790696e-01 7.703686845698680397e-02 7.437414656349567998e-01 1.597633136094674666e-01 1.945835229858898507e-02 0.000000000000000000e+00
6.000000000000000000e+05 1.500088912162540478e-01 6.121984524351388457e-02 7.885753299954483264e-01 1.462221210741920796e-01 3.982703686845699004e-03 0.000000000000000000e+00
6.040000000000000000e+05 1.510089504910290259e-01 6.224396904870277414e-02 7.872098315885298625e-01 1.465634956759217233e-01 3.982703686845699004e-03 0.000000000000000000e+00
6.080000000000000000e+05 1.520090097658042261e-01 6.258534365043240399e-02 7.878925807919890945e-01 1.462221210741920796e-01 3.299954483386436255e-03 0.000000000000000000e+00
6.120000000000000000e+05 1.530090690405792042e-01 5.848884842967683184e-02 7.895994538006372299e-01 1.487255348202093652e-01 3.186162949476558769e-03 0.000000000000000000e+00
6.160000000000000000e+05 1.540091283153541823e-01 5.826126536185707860e-02 7.906235776058261333e-01 1.486117432862995025e-01 2.503413746017296455e-03 0.000000000000000000e+00
6.200000000000000000e+05 1.550091875901291605e-01 5.769230769230769551e-02 7.914201183431952558e-01 1.487255348202093652e-01 2.162039144287664864e-03 0.000000000000000000e+00
6.240000000000000000e+05 1.560092468649043607e-01 5.894401456531633832e-02 7.890304961310878884e-01 1.494082840236686527e-01 2.617205279927173507e-03 0.000000000000000000e+00
6.280000000000000000e+05 1.570093061396793388e-01 5.780609922621757213e-02 7.899408284023669014e-01 1.504324078288575284e-01 1.820664542558033706e-03 0.000000000000000000e+00
6.320000000000000000e+05 1.580093654144543169e-01 6.087847064178425471e-02 7.886891215293582169e-01 1.483841602184797492e-01 2.048247610377787811e-03 0.000000000000000000e+00
6.360000000000000000e+05 1.590094246892292951e-01 6.053709604005461792e-02 7.901684114701865713e-01 1.474738279472007363e-01 1.820664542558033706e-03 0.000000000000000000e+00
6.400000000000000000e+05 1.600094839640042732e-01 6.520254893035958010e-02 7.876649977241693135e-01 1.445152480655439164e-01 2.617205279927173507e-03 0.000000000000000000e+00
6.440000000000000000e+05 1.610095432387794734e-01 5.928538916704597511e-02 7.909649522075558048e-01 1.478152025489303523e-01 1.934456076467910759e-03 0.000000000000000000e+00
6.480000000000000000e+05 1.620096025135544515e-01 5.370960400546199304e-02 7.927856167501138307e-01 1.525944469731451980e-01 9.103322712790168532e-04 0.000000000000000000e+00
6.520000000000000000e+05 1.630096617883294297e-01 4.995448338643605074e-02 7.936959490213928436e-01 1.536185707783341015e-01 2.730996813837050560e-03 0.000000000000000000e+00
6.560000000000000000e+05 1.640097210631044078e-01 5.075102412380518707e-02 7.955166135639508695e-01 1.525944469731451980e-01 1.137915339098770958e-03 0.000000000000000000e+00
6.600000000000000000e+05 1.650097803378796080e-01 5.109239872553481693e-02 7.954028220300409791e-01 1.514565316340464318e-01 2.048247610377787811e-03 0.000000000000000000e+00
6.640000000000000000e+05 1.660098396126545861e-01 5.131998179335457710e-02 7.951752389622211981e-01 1.516841147018661851e-01 1.820664542558033706e-03 0.000000000000000000e+00
6.680000000000000000e+05 1.670098988874295642e-01 5.063723258989531045e-02 7.955166135639508695e-01 1.522530723714155543e-01 1.593081474738279385e-03 0.000000000000000000e+00
6.720000000000000000e+05 1.680099581622045424e-01 5.120619025944470049e-02 7.939235320892125136e-01 1.521392808375056915e-01 2.730996813837050560e-03 0.000000000000000000e+00
6.760000000000000000e+05 1.690100174369795205e-01 5.120619025944470049e-02 7.955166135639508695e-01 1.516841147018661851e-01 1.593081474738279385e-03 0.000000000000000000e+00
6.800000000000000000e+05 1.700100767117547207e-01 5.131998179335457710e-02 7.948338643604915266e-01 1.519116977696859383e-01 1.934456076467910759e-03 0.000000000000000000e+00
6.840000000000000000e+05 1.710101359865296988e-01 5.234410559854346667e-02 7.956304050978607600e-01 1.503186162949476656e-01 1.706873008648156654e-03 0.000000000000000000e+00
6.880000000000000000e+05 1.720101952613046770e-01 5.075102412380518707e-02 7.974510696404187859e-01 1.500910332271279124e-01 1.706873008648156654e-03 0.000000000000000000e+00
6.920000000000000000e+05 1.730102545360796551e-01 5.234410559854346667e-02 7.957441966317706505e-01 1.498634501593081592e-01 2.048247610377787811e-03 0.000000000000000000e+00
6.960000000000000000e+05 1.740103138108548553e-01 5.131998179335457710e-02 7.948338643604915266e-01 1.517979062357760478e-01 2.048247610377787811e-03 0.000000000000000000e+00
7.000000000000000000e+05 1.750103730856298334e-01 5.473372781065088954e-02 7.942649066909421851e-01 1.499772416932180219e-01 1.024123805188893906e-03 0.000000000000000000e+00
7.040000000000000000e+05 1.760104323604048115e-01 5.314064633591260994e-02 7.951752389622211981e-01 1.494082840236686527e-01 2.275830678197541916e-03 0.000000000000000000e+00
7.080000000000000000e+05 1.770104916351797897e-01 5.211652253072371344e-02 7.955166135639508695e-01 1.492944924897587622e-01 3.072371415566681717e-03 0.000000000000000000e+00
7.120000000000000000e+05 1.780105509099547678e-01 5.223031406463359005e-02 7.957441966317706505e-01 1.498634501593081592e-01 2.162039144287664864e-03 0.000000000000000000e+00
7.160000000000000000e+05 1.790106101847299680e-01 5.120619025944470049e-02 7.961993627674101015e-01 1.496358670914884059e-01 2.958579881656804664e-03 0.000000000000000000e+00
7.200000000000000000e+05 1.800106694595049461e-01 5.325443786982248656e-02 7.951752389622211981e-01 1.494082840236686527e-01 2.162039144287664864e-03 0.000000000000000000e+00
7.240000000000000000e+05 1.810107287342799243e-01 5.279927173418298009e-02 7.943786982248520756e-01 1.511151570323167881e-01 1.706873008648156654e-03 0.000000000000000000e+00
7.280000000000000000e+05 1.820107880090549024e-01 5.484751934456076616e-02 7.936959490213928436e-01 1.499772416932180219e-01 1.479289940828402332e-03 0.000000000000000000e+00
7.320000000000000000e+05 1.830108472838301026e-01 5.496131087847064278e-02 7.914201183431952558e-01 1.512289485662266786e-01 2.389622212107419402e-03 0.000000000000000000e+00
7.360000000000000000e+05 1.840109065586050807e-01 5.370960400546199304e-02 7.952890304961310886e-01 1.494082840236686527e-01 1.593081474738279385e-03 0.000000000000000000e+00
7.400000000000000000e+05 1.850109658333800589e-01 5.257168866636321991e-02 7.952890304961310886e-01 1.497496586253982687e-01 2.389622212107419402e-03 0.000000000000000000e+00
7.440000000000000000e+05 1.860110251081550370e-01 5.530268548020027264e-02 7.908511606736459143e-01 1.513427401001365413e-01 2.503413746017296455e-03 0.000000000000000000e+00
7.480000000000000000e+05 1.870110843829300151e-01 5.348202093764223980e-02 7.947200728265817471e-01 1.491807009558488717e-01 2.617205279927173507e-03 0.000000000000000000e+00
7.520000000000000000e+05 1.880111436577052153e-01 5.382339553937186966e-02 7.925580336822940497e-01 1.505461993627674189e-01 3.072371415566681717e-03 0.000000000000000000e+00
7.560000000000000000e+05 1.890112029324801934e-01 5.393718707328174627e-02 7.944924897587619661e-01 1.494082840236686527e-01 2.162039144287664864e-03 0.000000000000000000e+00
7.600000000000000000e+05 1.900112622072551716e-01 5.439235320892125969e-02 7.949476558944014171e-01 1.483841602184797492e-01 2.275830678197541916e-03 0.000000000000000000e+00
7.640000000000000000e+05 1.910113214820301497e-01 5.609922621756941591e-02 7.931269913518433912e-01 1.486117432862995025e-01 2.162039144287664864e-03 0.000000000000000000e+00
7.680000000000000000e+05 1.920113807568053499e-01 5.461993627674101293e-02 7.939235320892125136e-01 1.487255348202093652e-01 2.730996813837050560e-03 0.000000000000000000e+00
7.720000000000000000e+05 1.930114400315803280e-01 5.348202093764223980e-02 7.960855712335002110e-01 1.481565771506599960e-01 2.275830678197541916e-03 0.000000000000000000e+00
7.760000000000000000e+05 1.940114993063553062e-01 5.689576695493855224e-02 7.901684114701865713e-01 1.500910332271279124e-01 2.844788347746927612e-03 0.000000000000000000e+00
7.800000000000000000e+05 1.950115585811302843e-01 5.746472462448793533e-02 7.906235776058261333e-01 1.492944924897587622e-01 2.617205279927173507e-03 0.000000000000000000e+00
7.840000000000000000e+05 1.960116178559052624e-01 6.019572143832498806e-02 7.872098315885298625e-01 1.498634501593081592e-01 2.730996813837050560e-03 0.000000000000000000e+00
7.880000000000000000e+05 1.970116771306804626e-01 5.689576695493855224e-02 7.903959945380063523e-01 1.495220755575785154e-01 3.186162949476558769e-03 0.000000000000000000e+00
7.920000000000000000e+05 1.980117364054554407e-01 5.871643149749658508e-02 7.888029130632681074e-01 1.490669094219390090e-01 3.413746017296313308e-03 0.000000000000000000e+00
7.960000000000000000e+05 1.990117956802304189e-01 6.235776058261265076e-02 7.855029585798816161e-01 1.503186162949476656e-01 1.820664542558033706e-03 0.000000000000000000e+00
8.000000000000000000e+05 2.000118549550053970e-01 6.406463359126081392e-02 7.756030951297223641e-01 1.569185252617205373e-01 3.413746017296313308e-03 0.000000000000000000e+00
8.040000000000000000e+05 2.010119142297805972e-01 6.395084205735093730e-02 7.818616294947655643e-01 1.504324078288575284e-01 3.755120619025944465e-03 0.000000000000000000e+00
8.080000000000000000e+05 2.020119735045555753e-01 6.941283568502502888e-02 7.625170687300865113e-01 1.638598088302230249e-01 4.210286754665453109e-03 0.000000000000000000e+00
8.120000000000000000e+05 2.030120327793305535e-01 6.178880291306326766e-02 6.461083295402821891e-01 2.864132908511606845e-01 5.689576695493855224e-03 0.000000000000000000e+00
8.160000000000000000e+05 2.040120920541055316e-01 6.087847064178425471e-02 6.456531634046427381e-01 2.889167045971779424e-01 4.551661356395083832e-03 0.000000000000000000e+00
8.200000000000000000e+05 2.050121513288805097e-01 5.974055530268548159e-02 6.444014565316340537e-01 2.890304961310878329e-01 6.827492034592626616e-03 0.000000000000000000e+00
8.240000000000000000e+05 2.060122106036557099e-01 5.860263996358670846e-02 6.436049157942649313e-01 2.915339098771051463e-01 6.258534365043240920e-03 0.000000000000000000e+00
8.280000000000000000e+05 2.070122698784306881e-01 6.338188438780155420e-02 6.392808375056895365e-01 2.909649522075557493e-01 6.372325898953117539e-03 0.000000000000000000e+00
8.320000000000000000e+05 2.080123291532056662e-01 6.281292671825215723e-02 6.412152935821574529e-01 2.903959945380063523e-01 5.575785161583977738e-03 0.000000000000000000e+00
8.360000000000000000e+05 2.090123884279806443e-01 6.121984524351388457e-02 6.395084205735093175e-01 2.918752844788347622e-01 7.396449704142011444e-03 0.000000000000000000e+00
8.400000000000000000e+05 2.100124477027558445e-01 6.247155211652252738e-02 6.380291306326809631e-01 2.942649066909421851e-01 5.234410559854347014e-03 0.000000000000000000e+00
8.440000000000000000e+05 2.110125069775308226e-01 6.121984524351388457e-02 6.387118798361401950e-01 2.928994082840236657e-01 7.168866636322257339e-03 0.000000000000000000e+00
8.480000000000000000e+05 2.120125662523058008e-01 6.429221665908056715e-02 6.383705052344105235e-01 2.898270368684570109e-01 7.510241238051888930e-03 0.000000000000000000e+00
8.520000000000000000e+05 2.130126255270807789e-01 6.247155211652252738e-02 6.393946290395994270e-01 2.918752844788347622e-01 6.258534365043240920e-03 0.000000000000000000e+00
8.560000000000000000e+05 2.140126848018557570e-01 6.292671825216203385e-02 6.370050068274920596e-01 2.934683659535730627e-01 6.599908966772872511e-03 0.000000000000000000e+00
8.600000000000000000e+05 2.150127440766309572e-01 6.645425580336822291e-02 6.329085116067364458e-01 2.941511151570322946e-01 6.486117432862995025e-03 0.000000000000000000e+00
8.640000000000000000e+05 2.160128033514059354e-01 6.554392353208920996e-02 6.348429676832043622e-01 2.932407828857532817e-01 6.372325898953117539e-03 0.000000000000000000e+00
8.680000000000000000e+05 2.170128626261809135e-01 7.020937642239417908e-02 6.315430131998179819e-01 2.915339098771051463e-01 6.713700500682749130e-03 0.000000000000000000e+00
8.720000000000000000e+05 2.180129219009558916e-01 6.929904415111515226e-02 6.279016841147018191e-01 2.955166135639508695e-01 7.282658170232134826e-03 0.000000000000000000e+00
8.760000000000000000e+05 2.190129811757310918e-01 7.077833409194356218e-02 6.314292216659080914e-01 2.917614929449248717e-01 6.030951297223486815e-03 0.000000000000000000e+00
8.800000000000000000e+05 2.200130404505060699e-01 7.077833409194356218e-02 6.267637687756031362e-01 2.965407373691397175e-01 5.917159763313609329e-03 0.000000000000000000e+00
8.840000000000000000e+05 2.210130997252810481e-01 7.055075102412380894e-02 6.274465179790623681e-01 2.954028220300409791e-01 6.599908966772872511e-03 0.000000000000000000e+00
8.880000000000000000e+05 2.220131590000560262e-01 6.827492034592626269e-02 6.305188893946290785e-01 2.928994082840236657e-01 8.306781975421027864e-03 0.000000000000000000e+00
8.920000000000000000e+05 2.230132182748310044e-01 7.305416477014110843e-02 6.233500227583067543e-01 2.960855712335002110e-01 7.510241238051888930e-03 0.000000000000000000e+00
8.960000000000000000e+05 2.240132775496062045e-01 7.362312243969049153e-02 6.205052344105598250e-01 2.998406918525261533e-01 6.030951297223486815e-03 0.000000000000000000e+00
9.000000000000000000e+05 2.250133368243811827e-01 8.796085571233500100e-02 5.746472462448793950e-01 3.319299044151114986e-01 5.461993627674101119e-03 0.000000000000000000e+00
9.040000000000000000e+05 2.260133960991561608e-01 5.996813837050523482e-02 6.294947655894401750e-01 3.038233955393718766e-01 6.713700500682749130e-03 0.000000000000000000e+00
9.080000000000000000e+05 2.270134553739311389e-01 6.372325898953118406e-02 6.288120163859808320e-01 3.037096040054619861e-01 3.755120619025944465e-03 0.000000000000000000e+00
