# itime ezz other fcc hcp bcc ico
0.000000000000000000e+00 0.000000000000000000e+00 0.000000000000000000e+00 1.000000000000000000e+00 0.000000000000000000e+00 0.000000000000000000e+00 0.000000000000000000e+00
8.000000000000000000e+03 1.999996156564654015e-03 0.000000000000000000e+00 1.000000000000000000e+00 0.000000000000000000e+00 0.000000000000000000e+00 0.000000000000000000e+00
1.600000000000000000e+04 3.999992313129308030e-03 0.000000000000000000e+00 1.000000000000000000e+00 0.000000000000000000e+00 0.000000000000000000e+00 0.000000000000000000e+00
2.400000000000000000e+04 5.999988469694184090e-03 0.000000000000000000e+00 1.000000000000000000e+00 0.000000000000000000e+00 0.000000000000000000e+00 0.000000000000000000e+00
3.200000000000000000e+04 7.999984626258838105e-03 0.000000000000000000e+00 1.000000000000000000e+00 0.000000000000000000e+00 0.000000000000000000e+00 0.000000000000000000e+00
4.000000000000000000e+04 9.999980782823492120e-03 0.000000000000000000e+00 1.000000000000000000e+00 0.000000000000000000e+00 0.000000000000000000e+00 0.000000000000000000e+00
4.800000000000000000e+04 1.199997693938814614e-02 0.000000000000000000e+00 1.000000000000000000e+00 0.000000000000000000e+00 0.000000000000000000e+00 0.000000000000000000e+00
5.600000000000000000e+04 1.399997309595302220e-02 0.000000000000000000e+00 1.000000000000000000e+00 0.000000000000000000e+00 0.000000000000000000e+00 0.000000000000000000e+00
6.400000000000000000e+04 1.599996925251767621e-02 0.000000000000000000e+00 1.000000000000000000e+00 0.000000000000000000e+00 0.000000000000000000e+00 0.000000000000000000e+00
7.200000000000000000e+04 1.799996540908233023e-02 0.000000000000000000e+00 1.000000000000000000e+00 0.000000000000000000e+00 0.000000000000000000e+00 0.000000000000000000e+00
8.000000000000000000e+04 1.999996156564698424e-02 0.000000000000000000e+00 1.000000000000000000e+00 0.000000000000000000e+00 0.000000000000000000e+00 0.000000000000000000e+00
8.800000000000000000e+04 2.199995772221163826e-02 0.000000000000000000e+00 1.000000000000000000e+00 0.000000000000000000e+00 0.000000000000000000e+00 0.000000000000000000e+00
9.600000000000000000e+04 2.399995387877651432e-02 0.000000000000000000e+00 1.000000000000000000e+00 0.000000000000000000e+00 0.000000000000000000e+00 0.000000000000000000e+00
1.040000000000000000e+05 2.599995003534116833e-02 0.000000000000000000e+00 1.000000000000000000e+00 0.000000000000000000e+00 0.000000000000000000e+00 0.000000000000000000e+00
1.120000000000000000e+05 2.799994619190582235e-02 0.000000000000000000e+00 1.000000000000000000e+00 0.000000000000000000e+00 0.000000000000000000e+00 0.000000000000000000e+00
1.200000000000000000e+05 2.999994234847047636e-02 0.000000000000000000e+00 1.000000000000000000e+00 0.000000000000000000e+00 0.000000000000000000e+00 0.000000000000000000e+00
1.280000000000000000e+05 3.199993850503535242e-02 0.000000000000000000e+00 1.000000000000000000e+00 0.000000000000000000e+00 0.000000000000000000e+00 0.000000000000000000e+00
1.360000000000000000e+05 3.399993466160000644e-02 0.000000000000000000e+00 1.000000000000000000e+00 0.000000000000000000e+00 0.000000000000000000e+00 0.000000000000000000e+00
1.440000000000000000e+05 3.599993081816466045e-02 0.000000000000000000e+00 1.000000000000000000e+00 0.000000000000000000e+00 0.000000000000000000e+00 0.000000000000000000e+00
1.520000000000000000e+05 3.799992697472931447e-02 0.000000000000000000e+00 1.000000000000000000e+00 0.000000000000000000e+00 0.000000000000000000e+00 0.000000000000000000e+00
1.600000000000000000e+05 3.999992313129419053e-02 0.000000000000000000e+00 1.000000000000000000e+00 0.000000000000000000e+00 0.000000000000000000e+00 0.000000000000000000e+00
1.680000000000000000e+05 4.199991928785884454e-02 0.000000000000000000e+00 1.000000000000000000e+00 0.000000000000000000e+00 0.000000000000000000e+00 0.000000000000000000e+00
1.760000000000000000e+05 4.399991544442349856e-02 0.000000000000000000e+00 1.000000000000000000e+00 0.000000000000000000e+00 0.000000000000000000e+00 0.000000000000000000e+00
1.840000000000000000e+05 4.599991160098815257e-02 0.000000000000000000e+00 1.000000000000000000e+00 0.000000000000000000e+00 0.000000000000000000e+00 0.000000000000000000e+00
1.920000000000000000e+05 4.799990775755280659e-02 0.000000000000000000e+00 1.000000000000000000e+00 0.000000000000000000e+00 0.000000000000000000e+00 0.000000000000000000e+00
2.000000000000000000e+05 4.999990391411768265e-02 0.000000000000000000e+00 1.000000000000000000e+00 0.000000000000000000e+00 0.000000000000000000e+00 0.000000000000000000e+00
2.080000000000000000e+05 5.199990007068233666e-02 0.000000000000000000e+00 1.000000000000000000e+00 0.000000000000000000e+00 0.000000000000000000e+00 0.000000000000000000e+00
2.160000000000000000e+05 5.399989622724699068e-02 0.000000000000000000e+00 1.000000000000000000e+00 0.000000000000000000e+00 0.000000000000000000e+00 0.000000000000000000e+00
2.240000000000000000e+05 5.599989238381164469e-02 0.000000000000000000e+00 1.000000000000000000e+00 0.000000000000000000e+00 0.000000000000000000e+00 0.000000000000000000e+00
2.320000000000000000e+05 5.799988854037652075e-02 0.000000000000000000e+00 1.000000000000000000e+00 0.000000000000000000e+00 0.000000000000000000e+00 0.000000000000000000e+00
2.400000000000000000e+05 5.999988469694117477e-02 0.000000000000000000e+00 1.000000000000000000e+00 0.000000000000000000e+00 0.000000000000000000e+00 0.000000000000000000e+00
2.480000000000000000e+05 6.199988085350582878e-02 0.000000000000000000e+00 1.000000000000000000e+00 0.000000000000000000e+00 0.000000000000000000e+00 0.000000000000000000e+00
2.560000000000000000e+05 6.399987701007048280e-02 0.000000000000000000e+00 1.000000000000000000e+00 0.000000000000000000e+00 0.000000000000000000e+00 0.000000000000000000e+00
2.640000000000000000e+05 6.599987316663513681e-02 0.000000000000000000e+00 1.000000000000000000e+00 0.000000000000000000e+00 0.000000000000000000e+00 0.000000000000000000e+00
2.720000000000000000e+05 6.799986932320001287e-02 0.000000000000000000e+00 1.000000000000000000e+00 0.000000000000000000e+00 0.000000000000000000e+00 0.000000000000000000e+00
2.800000000000000000e+05 6.999986547976466689e-02 0.000000000000000000e+00 1.000000000000000000e+00 0.000000000000000000e+00 0.000000000000000000e+00 0.000000000000000000e+00
2.880000000000000000e+05 7.199986163632932090e-02 0.000000000000000000e+00 1.000000000000000000e+00 0.000000000000000000e+00 0.000000000000000000e+00 0.000000000000000000e+00
2.960000000000000000e+05 7.399985779289397492e-02 2.275830678197542133e-04 9.997724169321802190e-01 0.000000000000000000e+00 0.000000000000000000e+00 0.000000000000000000e+00
3.040000000000000000e+05 7.599985394945885098e-02 3.413746017296313199e-04 9.996586253982703285e-01 0.000000000000000000e+00 0.000000000000000000e+00 0.000000000000000000e+00
3.120000000000000000e+05 7.799985010602350499e-02 4.551661356395084266e-04 9.995448338643604380e-01 0.000000000000000000e+00 0.000000000000000000e+00 0.000000000000000000e+00
3.200000000000000000e+05 7.999984626258815901e-02 7.965407373691396923e-04 9.992034592626308775e-01 0.000000000000000000e+00 0.000000000000000000e+00 0.000000000000000000e+00
3.280000000000000000e+05 8.199984241915281302e-02 9.103322712790168532e-04 9.990896677287209870e-01 0.000000000000000000e+00 0.000000000000000000e+00 0.000000000000000000e+00
3.360000000000000000e+05 8.399983857571746704e-02 2.275830678197542133e-04 9.997724169321802190e-01 0.000000000000000000e+00 0.000000000000000000e+00 0.000000000000000000e+00
3.440000000000000000e+05 8.599983473228234310e-02 5.689576695493854790e-04 9.994310423304506585e-01 0.000000000000000000e+00 0.000000000000000000e+00 0.000000000000000000e+00
3.520000000000000000e+05 8.799983088884699711e-02 6.827492034592626399e-04 9.993172507965407680e-01 0.000000000000000000e+00 0.000000000000000000e+00 0.000000000000000000e+00
3.600000000000000000e+05 8.999982704541165113e-02 4.551661356395084266e-04 9.995448338643604380e-01 0.000000000000000000e+00 0.000000000000000000e+00 0.000000000000000000e+00
3.680000000000000000e+05 9.199982320197630514e-02 1.593081474738279385e-03 9.984069185252617551e-01 0.000000000000000000e+00 0.000000000000000000e+00 0.000000000000000000e+00
3.760000000000000000e+05 9.399981935854118120e-02 1.251706873008648227e-03 9.987482931269913156e-01 0.000000000000000000e+00 0.000000000000000000e+00 0.000000000000000000e+00
3.840000000000000000e+05 9.599981551510583522e-02 2.730996813837050560e-03 9.969276285844332897e-01 0.000000000000000000e+00 3.413746017296313199e-04 0.000000000000000000e+00
3.920000000000000000e+05 9.799981167167048923e-02 2.730996813837050560e-03 9.970414201183431802e-01 0.000000000000000000e+00 2.275830678197542133e-04 0.000000000000000000e+00
4.000000000000000000e+05 9.999980782823514325e-02 2.503413746017296455e-03 9.973827947200728516e-01 0.000000000000000000e+00 1.137915339098771066e-04 0.000000000000000000e+00
4.080000000000000000e+05 1.019998039848000193e-01 3.527537551206190360e-03 9.963586709148839482e-01 0.000000000000000000e+00 1.137915339098771066e-04 0.000000000000000000e+00
4.160000000000000000e+05 1.039998001413646733e-01 7.624032771961766417e-03 9.915794264906691025e-01 0.000000000000000000e+00 7.965407373691396923e-04 0.000000000000000000e+00
4.240000000000000000e+05 1.059997962979293273e-01 1.615839781520254925e-02 9.790623577605825911e-01 0.000000000000000000e+00 4.779244424214838804e-03 0.000000000000000000e+00
4.320000000000000000e+05 1.079997924544939814e-01 6.349567592171143082e-02 6.523668639053253893e-01 2.786754665452890189e-01 5.461993627674101119e-03 0.000000000000000000e+00
4.400000000000000000e+05 1.099997886110586354e-01 6.440600819299044377e-02 6.516841147018661573e-01 2.789030496131087999e-01 5.006827492034592909e-03 0.000000000000000000e+00
4.480000000000000000e+05 1.119997847676235114e-01 6.634046426945834629e-02 6.503186162949476934e-01 2.782203004096495125e-01 5.120619025944469528e-03 0.000000000000000000e+00
4.560000000000000000e+05 1.139997809241881654e-01 6.269913518434228061e-02 6.508875739644970349e-01 2.787892580791989094e-01 7.624032771961766417e-03 0.000000000000000000e+00
4.640000000000000000e+05 1.159997770807528195e-01 6.599908966772871644e-02 6.496358670914883504e-01 2.801547564861174289e-01 4.210286754665453109e-03 0.000000000000000000e+00
4.720000000000000000e+05 1.179997732373174735e-01 6.395084205735093730e-02 6.512289485662267063e-01 2.801547564861174289e-01 4.665452890304961318e-03 0.000000000000000000e+00
4.800000000000000000e+05 1.199997693938823495e-01 6.884387801547564578e-02 6.479289940828402150e-01 2.740100136549840637e-01 9.217114246700046018e-03 0.000000000000000000e+00
4.880000000000000000e+05 1.219997655504470035e-01 7.032316795630405570e-02 6.464497041420118606e-01 2.742375967228038447e-01 8.989531178880291046e-03 0.000000000000000000e+00
4.960000000000000000e+05 1.239997617070116576e-01 6.247155211652252738e-02 6.581702321347291385e-01 2.786754665452890189e-01 6.827492034592626399e-04 0.000000000000000000e+00
5.040000000000000000e+05 1.259997578635763116e-01 6.417842512517069054e-02 6.564633591260810030e-01 2.781065088757396220e-01 1.251706873008648227e-03 0.000000000000000000e+00
5.120000000000000000e+05 1.279997540201409656e-01 6.360946745562130744e-02 6.552116522530723186e-01 2.798133818843878129e-01 1.365498406918525280e-03 0.000000000000000000e+00
5.200000000000000000e+05 1.299997501767058417e-01 6.622667273554846967e-02 6.537323623122439642e-01 2.783340919435594030e-01 1.706873008648156654e-03 0.000000000000000000e+00
5.280000000000000000e+05 1.319997463332704957e-01 1.359808830223031284e-01 6.588529813381884814e-01 1.904870277651342647e-01 1.467910787437414627e-02 0.000000000000000000e+00
5.360000000000000000e+05 1.339997424898351497e-01 1.490669094219390124e-02 8.309057806099225951e-01 1.539599453800637174e-01 2.275830678197542133e-04 0.000000000000000000e+00
5.440000000000000000e+05 1.359997386463998037e-01 1.604460628129267263e-02 8.301092398725534727e-01 1.538461538461538547e-01 0.000000000000000000e+00 0.000000000000000000e+00
5.520000000000000000e+05 1.379997348029646798e-01 1.490669094219390124e-02 8.307919890760127046e-01 1.541875284478834707e-01 1.137915339098771066e-04 0.000000000000000000e+00
5.600000000000000000e+05 1.399997309595293338e-01 1.570323167956303931e-02 8.309057806099225951e-01 1.533909877105143482e-01 0.000000000000000000e+00 0.000000000000000000e+00
5.680000000000000000e+05 1.419997271160939878e-01 1.513427401001365448e-02 8.302230314064633632e-01 1.545289030496131144e-01 1.137915339098771066e-04 0.000000000000000000e+00
5.760000000000000000e+05 1.439997232726586418e-01 1.536185707783340945e-02 8.305644060081930347e-01 1.539599453800637174e-01 1.137915339098771066e-04 0.000000000000000000e+00
5.840000000000000000e+05 1.459997194292235179e-01 1.456531634046426965e-02 8.307919890760127046e-01 1.546426945835229771e-01 0.000000000000000000e+00 0.000000000000000000e+00
5.920000000000000000e+05 1.479997155857881719e-01 1.593081474738279601e-02 8.298816568047336917e-01 1.540737369139736079e-01 1.137915339098771066e-04 0.000000000000000000e+00
6.000000000000000000e+05 1.499997117423528259e-01 1.513427401001365448e-02 8.306781975421028141e-01 1.536185707783341015e-01 5.689576695493854790e-04 0.000000000000000000e+00
6.080000000000000000e+05 1.519997078989174799e-01 1.615839781520254925e-02 8.302230314064633632e-01 1.533909877105143482e-01 2.275830678197542133e-04 0.000000000000000000e+00
6.160000000000000000e+05 1.539997040554821339e-01 1.490669094219390124e-02 8.302230314064633632e-01 1.543013199817933612e-01 5.689576695493854790e-04 0.000000000000000000e+00
6.240000000000000000e+05 1.559997002120470100e-01 1.570323167956303931e-02 8.298816568047336917e-01 1.538461538461538547e-01 5.689576695493854790e-04 0.000000000000000000e+00
6.320000000000000000e+05 1.579996963686116640e-01 1.684114701866181243e-02 8.286299499317251183e-01 1.533909877105143482e-01 1.137915339098770958e-03 0.000000000000000000e+00
6.400000000000000000e+05 1.599996925251763180e-01 3.254437869822485174e-02 8.124715521165225551e-01 1.535047792444242110e-01 1.479289940828402332e-03 0.000000000000000000e+00
6.480000000000000000e+05 1.619996886817409720e-01 1.524806554392353283e-02 8.285161583978152278e-01 1.558944014565316338e-01 3.413746017296313199e-04 0.000000000000000000e+00
6.560000000000000000e+05 1.639996848383058481e-01 1.399635867091488309e-02 8.280609922621756658e-01 1.572598998634501533e-01 6.827492034592626399e-04 0.000000000000000000e+00
6.640000000000000000e+05 1.659996809948705021e-01 1.467910787437414627e-02 8.271506599908966528e-01 1.571461083295402905e-01 1.024123805188893906e-03 0.000000000000000000e+00
6.720000000000000000e+05 1.679996771514351561e-01 1.467910787437414627e-02 8.278334091943558848e-01 1.565771506599908935e-01 9.103322712790168532e-04 0.000000000000000000e+00
6.800000000000000000e+05 1.699996733079998101e-01 1.536185707783340945e-02 8.266954938552572019e-01 1.570323167956304000e-01 9.103322712790168532e-04 0.000000000000000000e+00
6.880000000000000000e+05 1.719996694645644641e-01 1.479289940828402289e-02 8.276058261265362148e-01 1.564633591260810308e-01 1.137915339098770958e-03 0.000000000000000000e+00
6.960000000000000000e+05 1.739996656211293402e-01 1.479289940828402289e-02 8.273782430587164338e-01 1.569185252617205373e-01 9.103322712790168532e-04 0.000000000000000000e+00
7.040000000000000000e+05 1.759996617776939942e-01 1.467910787437414627e-02 8.269230769230768718e-01 1.573736913973600438e-01 1.024123805188893906e-03 0.000000000000000000e+00
7.120000000000000000e+05 1.779996579342586482e-01 1.547564861174328607e-02 8.261265361857077494e-01 1.574874829312699065e-01 9.103322712790168532e-04 0.000000000000000000e+00
7.200000000000000000e+05 1.799996540908233023e-01 1.547564861174328607e-02 8.262403277196176399e-01 1.572598998634501533e-01 1.024123805188893906e-03 0.000000000000000000e+00
7.280000000000000000e+05 1.819996502473881783e-01 1.479289940828402289e-02 8.278334091943558848e-01 1.563495675921711403e-01 1.024123805188893906e-03 0.000000000000000000e+00
7.360000000000000000e+05 1.839996464039528323e-01 1.570323167956303931e-02 8.258989531178880794e-01 1.573736913973600438e-01 1.024123805188893906e-03 0.000000000000000000e+00
7.440000000000000000e+05 1.859996425605174863e-01 1.558944014565316269e-02 8.253299954483386269e-01 1.583978152025489194e-01 6.827492034592626399e-04 0.000000000000000000e+00
7.520000000000000000e+05 1.879996387170821404e-01 1.479289940828402289e-02 8.258989531178880794e-01 1.581702321347291662e-01 1.137915339098770958e-03 0.000000000000000000e+00
7.600000000000000000e+05 1.899996348736467944e-01 1.502048247610377786e-02 8.260127446517978589e-01 1.581702321347291662e-01 7.965407373691396923e-04 0.000000000000000000e+00
7.680000000000000000e+05 1.919996310302116704e-01 1.615839781520254925e-02 8.247610377787892855e-01 1.583978152025489194e-01 6.827492034592626399e-04 0.000000000000000000e+00
7.760000000000000000e+05 1.939996271867763245e-01 1.570323167956303931e-02 8.252162039144287364e-01 1.582840236686390567e-01 7.965407373691396923e-04 0.000000000000000000e+00
7.840000000000000000e+05 1.959996233433409785e-01 1.752389622212107562e-02 8.235093309057806010e-01 1.579426490669094130e-01 1.024123805188893906e-03 0.000000000000000000e+00
7.920000000000000000e+05 1.979996194999056325e-01 1.547564861174328607e-02 8.254437869822485174e-01 1.581702321347291662e-01 9.103322712790168532e-04 0.000000000000000000e+00
8.000000000000000000e+05 1.999996156564705085e-01 1.672735548475193582e-02 8.243058716431497235e-01 1.578288575329995502e-01 1.137915339098770958e-03 0.000000000000000000e+00
8.080000000000000000e+05 2.019996118130351626e-01 1.661356395084205573e-02 8.227127901684114786e-01 1.593081474738279601e-01 1.365498406918525280e-03 0.000000000000000000e+00
8.160000000000000000e+05 2.039996079695998166e-01 1.638598088302230249e-02 8.233955393718707105e-01 1.593081474738279601e-01 9.103322712790168532e-04 0.000000000000000000e+00
8.240000000000000000e+05 2.059996041261644706e-01 1.832043695949021542e-02 8.220300409649522466e-01 1.588529813381884259e-01 7.965407373691396923e-04 0.000000000000000000e+00
8.320000000000000000e+05 2.079996002827293466e-01 1.945835229858898507e-02 8.169094219390077294e-01 1.624943104233045055e-01 1.137915339098770958e-03 0.000000000000000000e+00
8.400000000000000000e+05 2.099995964392940007e-01 2.503413746017296368e-02 7.983614019116977989e-01 1.741010468821119761e-01 2.503413746017296455e-03 0.000000000000000000e+00
8.480000000000000000e+05 2.119995925958586547e-01 2.719617660446062984e-02 7.923304506144742687e-01 1.779699590350477811e-01 2.503413746017296455e-03 0.000000000000000000e+00
8.560000000000000000e+05 2.139995887524233087e-01 2.742375967228038308e-02 7.913063268092853653e-01 1.785389167045971781e-01 2.730996813837050560e-03 0.000000000000000000e+00
8.640000000000000000e+05 2.159995849089879627e-01 2.719617660446062984e-02 7.902822030040964618e-01 1.804733727810650945e-01 2.048247610377787811e-03 0.000000000000000000e+00
8.720000000000000000e+05 2.179995810655528388e-01 2.890304961310878606e-02 7.885753299954483264e-01 1.795630405097860816e-01 2.958579881656804664e-03 0.000000000000000000e+00
8.800000000000000000e+05 2.199995772221174928e-01 2.924442421483841592e-02 7.862994993172508496e-01 1.805871643149749572e-01 3.868912152935821518e-03 0.000000000000000000e+00
8.880000000000000000e+05 2.219995733786821468e-01 3.265817023213472836e-02 7.806099226217569909e-01 1.835457441966317771e-01 3.186162949476558769e-03 0.000000000000000000e+00
8.960000000000000000e+05 2.239995695352468008e-01 3.322712790168411146e-02 7.779927173418297315e-01 1.860491579426490627e-01 2.730996813837050560e-03 0.000000000000000000e+00
9.040000000000000000e+05 2.259995656918116769e-01 4.016841147018661989e-02 7.650204824761037692e-01 1.910559854346836617e-01 3.755120619025944465e-03 0.000000000000000000e+00
9.120000000000000000e+05 2.279995618483763309e-01 5.348202093764223980e-02 7.353208921256259023e-01 2.078971324533454845e-01 3.299954483386436255e-03 0.000000000000000000e+00
9.200000000000000000e+05 2.299995580049409849e-01 5.393718707328174627e-02 7.340691852526172179e-01 2.090350477924442507e-01 2.958579881656804664e-03 0.000000000000000000e+00
9.280000000000000000e+05 2.319995541615056389e-01 5.632680928538916915e-02 7.316795630405097395e-01 2.093764223941738667e-01 2.617205279927173507e-03 0.000000000000000000e+00
9.360000000000000000e+05 2.339995503180702929e-01 5.894401456531633832e-02 7.247382794720073074e-01 2.144970414201183562e-01 1.820664542558033706e-03 0.000000000000000000e+00
9.440000000000000000e+05 2.359995464746351690e-01 5.621301775147929253e-02 7.270141101502047842e-01 2.138142922166590687e-01 2.958579881656804664e-03 0.000000000000000000e+00
9.520000000000000000e+05 2.379995426311998230e-01 5.484751934456076616e-02 7.213245334547109255e-01 2.209831588529813373e-01 2.844788347746927612e-03 0.000000000000000000e+00
9.600000000000000000e+05 2.399995387877644770e-01 5.518889394629039602e-02 7.240555302685480754e-01 2.171142467000455045e-01 3.641329085116067413e-03 0.000000000000000000e+00
9.680000000000000000e+05 2.419995349443291310e-01 5.917159763313609155e-02 7.209831588529813651e-01 2.174556213017751483e-01 2.389622212107419402e-03 0.000000000000000000e+00
9.760000000000000000e+05 2.439995311008940071e-01 4.767865270823850449e-02 7.627446517979061813e-01 1.868456986800182129e-01 2.730996813837050560e-03 0.000000000000000000e+00
9.840000000000000000e+05 2.459995272574586611e-01 4.426490669094219205e-02 7.677514792899408080e-01 1.858215748748293095e-01 2.162039144287664864e-03 0.000000000000000000e+00
9.920000000000000000e+05 2.479995234140233151e-01 4.733727810650887463e-02 7.669549385525716856e-01 1.837733272644515303e-01 1.934456076467910759e-03 0.000000000000000000e+00
1.000000000000000000e+06 2.499995195705879691e-01 4.380974055530268557e-02 7.697997269003186149e-01 1.835457441966317771e-01 2.844788347746927612e-03 0.000000000000000000e+00
1.008000000000000000e+06 2.519995157271526232e-01 4.608557123350022489e-02 7.692307692307692735e-01 1.818388711879836139e-01 2.844788347746927612e-03 0.000000000000000000e+00
1.016000000000000000e+06 2.539995118837174992e-01 4.472007282658170546e-02 7.697997269003186149e-01 1.828629949931725174e-01 2.617205279927173507e-03 0.000000000000000000e+00
1.024000000000000000e+06 2.559995080402821532e-01 4.369594902139280895e-02 7.708238507055075184e-01 1.826354119253527641e-01 2.844788347746927612e-03 0.000000000000000000e+00
1.032000000000000000e+06 2.579995041968468072e-01 4.779244424214838111e-02 7.663859808830223441e-01 1.838871187983613931e-01 1.934456076467910759e-03 0.000000000000000000e+00
1.040000000000000000e+06 2.599995003534114613e-01 4.608557123350022489e-02 7.668411470186617951e-01 1.845698680018206528e-01 2.503413746017296455e-03 0.000000000000000000e+00
1.048000000000000000e+06 2.619994965099763373e-01 4.904415111515703085e-02 7.680928538916704795e-01 1.802457897132453413e-01 2.617205279927173507e-03 0.000000000000000000e+00
1.056000000000000000e+06 2.639994926665409913e-01 4.779244424214838111e-02 7.683204369594902605e-01 1.811561219845243542e-01 2.730996813837050560e-03 0.000000000000000000e+00
1.064000000000000000e+06 2.659994888231056454e-01 4.528903049613108855e-02 7.699135184342285054e-01 1.813837050523441075e-01 3.413746017296313308e-03 0.000000000000000000e+00
1.072000000000000000e+06 2.679994849796702994e-01 5.644060081929904577e-02 7.637687756030950847e-01 1.768320436959490149e-01 2.958579881656804664e-03 0.000000000000000000e+00
1.080000000000000000e+06 2.699994811362351754e-01 5.587164314974965573e-02 7.642239417387346467e-01 1.770596267637687682e-01 2.844788347746927612e-03 0.000000000000000000e+00
1.088000000000000000e+06 2.719994772927998294e-01 6.019572143832498806e-02 7.561447428311333097e-01 1.794492489758761911e-01 4.210286754665453109e-03 0.000000000000000000e+00
1.096000000000000000e+06 2.739994734493644835e-01 6.269913518434228061e-02 7.538689121529358328e-01 1.812699135184342170e-01 2.162039144287664864e-03 0.000000000000000000e+00
1.104000000000000000e+06 2.759994696059291375e-01 6.053709604005461792e-02 7.544378698224851743e-01 1.813837050523441075e-01 3.641329085116067413e-03 0.000000000000000000e+00
1.112000000000000000e+06 2.779994657624937915e-01 6.213017751479289752e-02 7.514792899408283544e-01 1.846836595357305433e-01 1.706873008648156654e-03 0.000000000000000000e+00
1.120000000000000000e+06 2.799994619190586675e-01 6.827492034592626269e-02 7.379380974055530507e-01 1.918525261720528119e-01 1.934456076467910759e-03 0.000000000000000000e+00
1.128000000000000000e+06 2.819994580756233216e-01 6.781975421028675621e-02 7.370277651342740377e-01 1.918525261720528119e-01 3.299954483386436255e-03 0.000000000000000000e+00
1.136000000000000000e+06 2.839994542321879756e-01 6.884387801547564578e-02 7.355484751934455723e-01 1.927628584433318248e-01 2.844788347746927612e-03 0.000000000000000000e+00
1.144000000000000000e+06 2.859994503887526296e-01 7.191624943104232837e-02 7.319071461083295205e-01 1.937869822485207005e-01 2.389622212107419402e-03 0.000000000000000000e+00
1.152000000000000000e+06 2.879994465453175057e-01 7.146108329540282189e-02 7.304278561675011661e-01 1.961766044606281234e-01 1.934456076467910759e-03 0.000000000000000000e+00
1.160000000000000000e+06 2.899994427018821597e-01 7.009558488848430247e-02 7.253072371415566488e-01 2.023213472917614886e-01 2.275830678197541916e-03 0.000000000000000000e+00
1.168000000000000000e+06 2.919994388584468137e-01 7.111970869367319203e-02 7.258761948111061013e-01 2.010696404187528319e-01 1.934456076467910759e-03 0.000000000000000000e+00
1.176000000000000000e+06 2.939994350150114677e-01 7.203004096495220498e-02 7.208693673190714746e-01 2.049385525716886647e-01 2.162039144287664864e-03 0.000000000000000000e+00
1.184000000000000000e+06 2.959994311715761217e-01 7.259899863450158808e-02 7.192762858443332297e-01 2.056213017751479244e-01 2.503413746017296455e-03 0.000000000000000000e+00
1.192000000000000000e+06 2.979994273281409978e-01 7.441966317705962786e-02 7.130177514792899185e-01 2.100591715976331264e-01 2.503413746017296455e-03 0.000000000000000000e+00
1.200000000000000000e+06 2.999994234847056518e-01 7.658170232134729749e-02 7.083522985889849632e-01 2.122212107419207960e-01 2.844788347746927612e-03 0.000000000000000000e+00
1.208000000000000000e+06 3.019994196412703058e-01 5.791989076012744875e-02 7.735548475193445572e-01 1.670459717796995980e-01 1.479289940828402332e-03 0.000000000000000000e+00
1.216000000000000000e+06 3.039994157978349598e-01 5.689576695493855224e-02 7.737824305871643382e-01 1.671597633136094607e-01 2.162039144287664864e-03 0.000000000000000000e+00
1.224000000000000000e+06 3.059994119543998359e-01 5.496131087847064278e-02 7.745789713245334607e-01 1.684114701866181174e-01 2.048247610377787811e-03 0.000000000000000000e+00
1.232000000000000000e+06 3.079994081109644899e-01 5.826126536185707860e-02 7.732134729176148857e-01 1.675011379153391045e-01 1.024123805188893906e-03 0.000000000000000000e+00
1.240000000000000000e+06 3.099994042675291439e-01 5.735093309057805872e-02 7.727583067819754348e-01 1.681838871187983642e-01 1.706873008648156654e-03 0.000000000000000000e+00
1.248000000000000000e+06 3.119994004240937979e-01 5.666818388711879900e-02 7.750341374601729116e-01 1.669321802457897075e-01 1.365498406918525280e-03 0.000000000000000000e+00
1.256000000000000000e+06 3.139993965806586740e-01 5.621301775147929253e-02 7.746927628584433512e-01 1.676149294492489672e-01 1.479289940828402332e-03 0.000000000000000000e+00
1.264000000000000000e+06 3.159993927372233280e-01 5.644060081929904577e-02 7.746927628584433512e-01 1.672735548475193512e-01 1.593081474738279385e-03 0.000000000000000000e+00
1.272000000000000000e+06 3.179993888937879820e-01 5.541647701411014926e-02 7.767410104688211581e-01 1.669321802457897075e-01 9.103322712790168532e-04 0.000000000000000000e+00
1.280000000000000000e+06 3.199993850503526360e-01 5.609922621756941591e-02 7.758306781975421451e-01 1.668183887118798447e-01 1.251706873008648227e-03 0.000000000000000000e+00
1.288000000000000000e+06 3.219993812069172900e-01 5.746472462448793533e-02 7.756030951297223641e-01 1.659080564406008318e-01 1.024123805188893906e-03 0.000000000000000000e+00
1.296000000000000000e+06 3.239993773634821661e-01 5.814747382794720199e-02 7.749203459262631322e-01 1.663632225762403383e-01 5.689576695493854790e-04 0.000000000000000000e+00
1.304000000000000000e+06 3.259993735200468201e-01 5.814747382794720199e-02 7.741238051888938987e-01 1.671597633136094607e-01 5.689576695493854790e-04 0.000000000000000000e+00
1.312000000000000000e+06 3.279993696766114741e-01 5.757851615839781195e-02 7.750341374601729116e-01 1.664770141101502010e-01 9.103322712790168532e-04 0.000000000000000000e+00
1.320000000000000000e+06 3.299993658331761281e-01 5.723714155666818210e-02 7.743513882567136797e-01 1.673873463814292140e-01 1.024123805188893906e-03 0.000000000000000000e+00
1.328000000000000000e+06 3.319993619897410042e-01 5.871643149749658508e-02 7.744651797906235702e-01 1.662494310423304478e-01 5.689576695493854790e-04 0.000000000000000000e+00
1.336000000000000000e+06 3.339993581463056582e-01 5.746472462448793533e-02 7.761720527992717056e-01 1.659080564406008318e-01 4.551661356395084266e-04 0.000000000000000000e+00
1.344000000000000000e+06 3.359993543028703122e-01 5.723714155666818210e-02 7.768548020027310486e-01 1.653390987710514348e-01 5.689576695493854790e-04 0.000000000000000000e+00
1.352000000000000000e+06 3.379993504594349663e-01 5.746472462448793533e-02 7.752617205279926926e-01 1.668183887118798447e-01 4.551661356395084266e-04 0.000000000000000000e+00
1.360000000000000000e+06 3.399993466159996203e-01 5.883022303140646170e-02 7.752617205279926926e-01 1.653390987710514348e-01 5.689576695493854790e-04 0.000000000000000000e+00
1.368000000000000000e+06 3.419993427725644963e-01 5.837505689576695522e-02 7.751479289940828021e-01 1.656804733727810786e-01 7.965407373691396923e-04 0.000000000000000000e+00
1.376000000000000000e+06 3.439993389291291503e-01 5.757851615839781195e-02 7.761720527992717056e-01 1.653390987710514348e-01 9.103322712790168532e-04 0.000000000000000000e+00
1.384000000000000000e+06 3.459993350856938044e-01 5.803368229403732537e-02 7.765134274010013771e-01 1.651115157032316816e-01 3.413746017296313199e-04 0.000000000000000000e+00
1.392000000000000000e+06 3.479993312422584584e-01 6.315430131998178709e-02 7.624032771961766208e-01 1.738734638142922229e-01 5.689576695493854790e-04 0.000000000000000000e+00
1.400000000000000000e+06 3.499993273988233344e-01 6.281292671825215723e-02 7.663859808830223441e-01 1.700045516613563901e-01 7.965407373691396923e-04 0.000000000000000000e+00
1.408000000000000000e+06 3.519993235553879884e-01 6.326809285389166371e-02 7.621756941283568398e-01 1.729631315430132099e-01 1.593081474738279385e-03 0.000000000000000000e+00
1.416000000000000000e+06 3.539993197119526425e-01 6.395084205735093730e-02 7.601274465179790329e-01 1.748975876194810986e-01 1.024123805188893906e-03 0.000000000000000000e+00
1.424000000000000000e+06 3.559993158685172965e-01 6.725079654073737312e-02 7.570550751024124336e-01 1.748975876194810986e-01 7.965407373691396923e-04 0.000000000000000000e+00
1.432000000000000000e+06 3.579993120250819505e-01 6.804733727810650945e-02 7.547792444242148457e-01 1.763768775603095085e-01 7.965407373691396923e-04 0.000000000000000000e+00
1.440000000000000000e+06 3.599993081816468266e-01 7.111970869367319203e-02 7.532999544833864913e-01 1.745562130177514826e-01 1.024123805188893906e-03 0.000000000000000000e+00
1.448000000000000000e+06 3.619993043382114806e-01 9.660901228948566566e-02 6.523668639053253893e-01 2.477241693218024676e-01 3.299954483386436255e-03 0.000000000000000000e+00
1.456000000000000000e+06 3.639993004947761346e-01 9.672280382339554228e-02 6.529358215748748417e-01 2.467000455166135642e-01 3.641329085116067413e-03 0.000000000000000000e+00
1.464000000000000000e+06 3.659992966513407886e-01 9.683659535730541890e-02 6.528220300409649512e-01 2.463586709148839204e-01 3.982703686845699004e-03 0.000000000000000000e+00
1.472000000000000000e+06 3.679992928079056647e-01 9.820209376422393832e-02 6.528220300409649512e-01 2.441966317705962786e-01 4.779244424214838804e-03 0.000000000000000000e+00
1.480000000000000000e+06 3.699992889644703187e-01 9.934000910332271839e-02 6.525944469731451703e-01 2.456759217114246607e-01 2.389622212107419402e-03 0.000000000000000000e+00
1.488000000000000000e+06 3.719992851210349727e-01 9.615384615384615918e-02 6.642011834319526686e-01 2.357760582612653533e-01 3.868912152935821518e-03 0.000000000000000000e+00
1.496000000000000000e+06 3.739992812775996267e-01 9.490213928083750250e-02 6.640873918980427781e-01 2.372553482020937632e-01 3.755120619025944465e-03 0.000000000000000000e+00
1.504000000000000000e+06 3.759992774341645028e-01 9.592626308602640595e-02 6.629494765589439842e-01 2.381656804733727761e-01 2.958579881656804664e-03 0.000000000000000000e+00
1.512000000000000000e+06 3.779992735907291568e-01 9.501593081474737912e-02 6.642011834319526686e-01 2.374829312699135164e-01 3.299954483386436255e-03 0.000000000000000000e+00
1.520000000000000000e+06 3.799992697472938108e-01 9.444697314519799602e-02 6.649977241693217911e-01 2.380518889394629134e-01 2.503413746017296455e-03 0.000000000000000000e+00
1.528000000000000000e+06 3.819992659038584648e-01 6.884387801547564578e-02 7.350933090578061213e-01 1.936731907146108378e-01 2.389622212107419402e-03 0.000000000000000000e+00
1.536000000000000000e+06 3.839992620604231188e-01 6.850250341374601593e-02 7.350933090578061213e-01 1.935593991807009473e-01 2.844788347746927612e-03 0.000000000000000000e+00
1.544000000000000000e+06 3.859992582169879949e-01 6.929904415111515226e-02 7.364588074647245852e-01 1.915111515703231682e-01 2.730996813837050560e-03 0.000000000000000000e+00
1.552000000000000000e+06 3.879992543735526489e-01 7.009558488848430247e-02 7.375967228038233792e-01 1.898042785616750050e-01 2.503413746017296455e-03 0.000000000000000000e+00
1.560000000000000000e+06 3.899992505301173029e-01 7.248520710059171146e-02 7.377105143377332697e-01 1.867319071461083224e-01 3.072371415566681717e-03 0.000000000000000000e+00
1.568000000000000000e+06 3.919992466866819569e-01 6.986800182066454923e-02 7.377105143377332697e-01 1.891215293582157453e-01 3.299954483386436255e-03 0.000000000000000000e+00
1.576000000000000000e+06 3.939992428432468330e-01 7.043695949021393232e-02 7.373691397360035982e-01 1.891215293582157453e-01 3.072371415566681717e-03 0.000000000000000000e+00
1.584000000000000000e+06 3.959992389998114870e-01 7.089212562585343880e-02 7.373691397360035982e-01 1.888939462903959920e-01 2.844788347746927612e-03 0.000000000000000000e+00
1.592000000000000000e+06 3.979992351563761410e-01 7.134729176149294527e-02 7.370277651342740377e-01 1.890077378243058825e-01 2.617205279927173507e-03 0.000000000000000000e+00
1.600000000000000000e+06 3.999992313129407950e-01 6.918525261720527564e-02 7.373691397360035982e-01 1.915111515703231682e-01 1.934456076467910759e-03 0.000000000000000000e+00
1.608000000000000000e+06 4.019992274695054491e-01 6.975421028675465873e-02 7.372553482020938187e-01 1.901456531634046487e-01 2.844788347746927612e-03 0.000000000000000000e+00
1.616000000000000000e+06 4.039992236260703251e-01 7.009558488848430247e-02 7.373691397360035982e-01 1.902594446973145115e-01 2.275830678197541916e-03 0.000000000000000000e+00
1.624000000000000000e+06 4.059992197826349791e-01 6.804733727810650945e-02 7.386208466090122826e-01 1.908284023668639084e-01 2.503413746017296455e-03 0.000000000000000000e+00
1.632000000000000000e+06 4.079992159391996331e-01 7.009558488848430247e-02 7.371415566681839282e-01 1.901456531634046487e-01 2.617205279927173507e-03 0.000000000000000000e+00
1.640000000000000000e+06 4.099992120957642872e-01 7.248520710059171146e-02 7.361174328629950248e-01 1.891215293582157453e-01 2.275830678197541916e-03 0.000000000000000000e+00
1.648000000000000000e+06 4.119992082523291632e-01 6.964041875284478211e-02 7.370277651342740377e-01 1.911697769685935244e-01 2.162039144287664864e-03 0.000000000000000000e+00
1.656000000000000000e+06 4.139992044088938172e-01 7.157487482931269851e-02 7.361174328629950248e-01 1.902594446973145115e-01 2.048247610377787811e-03 0.000000000000000000e+00
1.664000000000000000e+06 4.159992005654584712e-01 7.020937642239417908e-02 7.369139736003641472e-01 1.906008192990441552e-01 2.275830678197541916e-03 0.000000000000000000e+00
1.672000000000000000e+06 4.179991967220231253e-01 7.100591715976331542e-02 7.369139736003641472e-01 1.898042785616750050e-01 2.275830678197541916e-03 0.000000000000000000e+00
1.680000000000000000e+06 4.199991928785877793e-01 7.123350022758306865e-02 7.370277651342740377e-01 1.895766954938552518e-01 2.162039144287664864e-03 0.000000000000000000e+00
1.688000000000000000e+06 4.219991890351526553e-01 7.009558488848430247e-02 7.389622212107419541e-01 1.874146563495675821e-01 3.527537551206190360e-03 0.000000000000000000e+00
1.696000000000000000e+06 4.239991851917173094e-01 7.168866636322257513e-02 7.378243058716431602e-01 1.880974055530268418e-01 2.389622212107419402e-03 0.000000000000000000e+00
1.704000000000000000e+06 4.259991813482819634e-01 7.305416477014110843e-02 7.370277651342740377e-01 1.877560309512972259e-01 2.162039144287664864e-03 0.000000000000000000e+00
1.712000000000000000e+06 4.279991775048466174e-01 7.419208010923987462e-02 7.380518889394629412e-01 1.853664087391898030e-01 2.389622212107419402e-03 0.000000000000000000e+00
1.720000000000000000e+06 4.299991736614114934e-01 7.851615839781520001e-02 7.346381429221665593e-01 1.847974510696404060e-01 2.048247610377787811e-03 0.000000000000000000e+00
1.728000000000000000e+06 4.319991698179761475e-01 7.737824305871643382e-02 7.312243969048702885e-01 1.901456531634046487e-01 1.251706873008648227e-03 0.000000000000000000e+00
1.736000000000000000e+06 4.339991659745408015e-01 7.715065999089668058e-02 7.316795630405097395e-01 1.898042785616750050e-01 1.365498406918525280e-03 0.000000000000000000e+00
1.744000000000000000e+06 4.359991621311054555e-01 7.646791078743742087e-02 7.323623122439690825e-01 1.893491124260354985e-01 1.820664542558033706e-03 0.000000000000000000e+00
1.752000000000000000e+06 4.379991582876703315e-01 1.197086936731907164e-01 6.682976786527082824e-01 2.089212562585343602e-01 3.072371415566681717e-03 0.000000000000000000e+00
1.760000000000000000e+06 4.399991544442349856e-01 1.177742375967228000e-01 6.690942193900774049e-01 2.090350477924442507e-01 4.096495220755575623e-03 0.000000000000000000e+00
1.768000000000000000e+06 4.419991506007996396e-01 1.264223941738734647e-01 6.609012289485661773e-01 2.089212562585343602e-01 3.755120619025944465e-03 0.000000000000000000e+00
1.776000000000000000e+06 4.439991467573642936e-01 1.334774692762858428e-01 6.547564861174328676e-01 2.057350933090578149e-01 6.030951297223486815e-03 0.000000000000000000e+00
1.784000000000000000e+06 4.459991429139289476e-01 1.335912608101957333e-01 6.591943559399180419e-01 2.030040964952207483e-01 4.210286754665453109e-03 0.000000000000000000e+00
1.792000000000000000e+06 4.479991390704938237e-01 1.354119253527537592e-01 6.582840236686390289e-01 2.028903049613108855e-01 3.413746017296313308e-03 0.000000000000000000e+00
1.800000000000000000e+06 4.499991352270584777e-01 1.317705962676376796e-01 6.802457897132453413e-01 1.824078288575330109e-01 5.575785161583977738e-03 0.000000000000000000e+00
1.808000000000000000e+06 4.519991313836231317e-01 1.300637232589895442e-01 6.838871187983613931e-01 1.802457897132453413e-01 5.803368229403732710e-03 0.000000000000000000e+00
1.816000000000000000e+06 4.539991275401877857e-01 1.294947655894401473e-01 6.845698680018206250e-01 1.818388711879836139e-01 4.096495220755575623e-03 0.000000000000000000e+00
