# itime ezz other fcc hcp bcc ico
0.000000000000000000e+00 0.000000000000000000e+00 0.000000000000000000e+00 1.000000000000000000e+00 0.000000000000000000e+00 0.000000000000000000e+00 0.000000000000000000e+00
4.000000000000000000e+03 9.999980782824380299e-04 0.000000000000000000e+00 1.000000000000000000e+00 0.000000000000000000e+00 0.000000000000000000e+00 0.000000000000000000e+00
8.000000000000000000e+03 1.999996156564654015e-03 0.000000000000000000e+00 1.000000000000000000e+00 0.000000000000000000e+00 0.000000000000000000e+00 0.000000000000000000e+00
1.200000000000000000e+04 2.999994234847092045e-03 0.000000000000000000e+00 1.000000000000000000e+00 0.000000000000000000e+00 0.000000000000000000e+00 0.000000000000000000e+00
1.600000000000000000e+04 3.999992313129308030e-03 0.000000000000000000e+00 1.000000000000000000e+00 0.000000000000000000e+00 0.000000000000000000e+00 0.000000000000000000e+00
2.000000000000000000e+04 4.999990391411746060e-03 0.000000000000000000e+00 1.000000000000000000e+00 0.000000000000000000e+00 0.000000000000000000e+00 0.000000000000000000e+00
2.400000000000000000e+04 5.999988469694184090e-03 0.000000000000000000e+00 1.000000000000000000e+00 0.000000000000000000e+00 0.000000000000000000e+00 0.000000000000000000e+00
2.800000000000000000e+04 6.999986547976400075e-03 0.000000000000000000e+00 1.000000000000000000e+00 0.000000000000000000e+00 0.000000000000000000e+00 0.000000000000000000e+00
3.200000000000000000e+04 7.999984626258838105e-03 0.000000000000000000e+00 1.000000000000000000e+00 0.000000000000000000e+00 0.000000000000000000e+00 0.000000000000000000e+00
3.600000000000000000e+04 8.999982704541276135e-03 0.000000000000000000e+00 1.000000000000000000e+00 0.000000000000000000e+00 0.000000000000000000e+00 0.000000000000000000e+00
4.000000000000000000e+04 9.999980782823492120e-03 0.000000000000000000e+00 1.000000000000000000e+00 0.000000000000000000e+00 0.000000000000000000e+00 0.000000000000000000e+00
4.400000000000000000e+04 1.099997886110593015e-02 0.000000000000000000e+00 1.000000000000000000e+00 0.000000000000000000e+00 0.000000000000000000e+00 0.000000000000000000e+00
4.800000000000000000e+04 1.199997693938814614e-02 0.000000000000000000e+00 1.000000000000000000e+00 0.000000000000000000e+00 0.000000000000000000e+00 0.000000000000000000e+00
5.200000000000000000e+04 1.299997501767058417e-02 0.000000000000000000e+00 1.000000000000000000e+00 0.000000000000000000e+00 0.000000000000000000e+00 0.000000000000000000e+00
5.600000000000000000e+04 1.399997309595302220e-02 0.000000000000000000e+00 1.000000000000000000e+00 0.000000000000000000e+00 0.000000000000000000e+00 0.000000000000000000e+00
6.000000000000000000e+04 1.499997117423523818e-02 0.000000000000000000e+00 1.000000000000000000e+00 0.000000000000000000e+00 0.000000000000000000e+00 0.000000000000000000e+00
6.400000000000000000e+04 1.599996925251767621e-02 0.000000000000000000e+00 1.000000000000000000e+00 0.000000000000000000e+00 0.000000000000000000e+00 0.000000000000000000e+00
6.800000000000000000e+04 1.699996733079989220e-02 0.000000000000000000e+00 1.000000000000000000e+00 0.000000000000000000e+00 0.000000000000000000e+00 0.000000000000000000e+00
7.200000000000000000e+04 1.799996540908233023e-02 0.000000000000000000e+00 1.000000000000000000e+00 0.000000000000000000e+00 0.000000000000000000e+00 0.000000000000000000e+00
7.600000000000000000e+04 1.899996348736476826e-02 0.000000000000000000e+00 1.000000000000000000e+00 0.000000000000000000e+00 0.000000000000000000e+00 0.000000000000000000e+00
8.000000000000000000e+04 1.999996156564698424e-02 0.000000000000000000e+00 1.000000000000000000e+00 0.000000000000000000e+00 0.000000000000000000e+00 0.000000000000000000e+00
8.400000000000000000e+04 2.099995964392942227e-02 0.000000000000000000e+00 1.000000000000000000e+00 0.000000000000000000e+00 0.000000000000000000e+00 0.000000000000000000e+00
8.800000000000000000e+04 2.199995772221163826e-02 0.000000000000000000e+00 1.000000000000000000e+00 0.000000000000000000e+00 0.000000000000000000e+00 0.000000000000000000e+00
9.200000000000000000e+04 2.299995580049407629e-02 0.000000000000000000e+00 1.000000000000000000e+00 0.000000000000000000e+00 0.000000000000000000e+00 0.000000000000000000e+00
9.600000000000000000e+04 2.399995387877651432e-02 0.000000000000000000e+00 1.000000000000000000e+00 0.000000000000000000e+00 0.000000000000000000e+00 0.000000000000000000e+00
1.000000000000000000e+05 2.499995195705873030e-02 0.000000000000000000e+00 1.000000000000000000e+00 0.000000000000000000e+00 0.000000000000000000e+00 0.000000000000000000e+00
1.040000000000000000e+05 2.599995003534116833e-02 0.000000000000000000e+00 1.000000000000000000e+00 0.000000000000000000e+00 0.000000000000000000e+00 0.000000000000000000e+00
1.080000000000000000e+05 2.699994811362360636e-02 0.000000000000000000e+00 1.000000000000000000e+00 0.000000000000000000e+00 0.000000000000000000e+00 0.000000000000000000e+00
1.120000000000000000e+05 2.799994619190582235e-02 0.000000000000000000e+00 1.000000000000000000e+00 0.000000000000000000e+00 0.000000000000000000e+00 0.000000000000000000e+00
1.160000000000000000e+05 2.899994427018826038e-02 0.000000000000000000e+00 1.000000000000000000e+00 0.000000000000000000e+00 0.000000000000000000e+00 0.000000000000000000e+00
1.200000000000000000e+05 2.999994234847047636e-02 0.000000000000000000e+00 1.000000000000000000e+00 0.000000000000000000e+00 0.000000000000000000e+00 0.000000000000000000e+00
1.240000000000000000e+05 3.099994042675291439e-02 0.000000000000000000e+00 1.000000000000000000e+00 0.000000000000000000e+00 0.000000000000000000e+00 0.000000000000000000e+00
1.280000000000000000e+05 3.199993850503535242e-02 0.000000000000000000e+00 1.000000000000000000e+00 0.000000000000000000e+00 0.000000000000000000e+00 0.000000000000000000e+00
1.320000000000000000e+05 3.299993658331756841e-02 0.000000000000000000e+00 1.000000000000000000e+00 0.000000000000000000e+00 0.000000000000000000e+00 0.000000000000000000e+00
1.360000000000000000e+05 3.399993466160000644e-02 0.000000000000000000e+00 1.000000000000000000e+00 0.000000000000000000e+00 0.000000000000000000e+00 0.000000000000000000e+00
1.400000000000000000e+05 3.499993273988222242e-02 0.000000000000000000e+00 1.000000000000000000e+00 0.000000000000000000e+00 0.000000000000000000e+00 0.000000000000000000e+00
1.440000000000000000e+05 3.599993081816466045e-02 0.000000000000000000e+00 1.000000000000000000e+00 0.000000000000000000e+00 0.000000000000000000e+00 0.000000000000000000e+00
1.480000000000000000e+05 3.699992889644709848e-02 0.000000000000000000e+00 1.000000000000000000e+00 0.000000000000000000e+00 0.000000000000000000e+00 0.000000000000000000e+00
1.520000000000000000e+05 3.799992697472931447e-02 0.000000000000000000e+00 1.000000000000000000e+00 0.000000000000000000e+00 0.000000000000000000e+00 0.000000000000000000e+00
1.560000000000000000e+05 3.899992505301175250e-02 0.000000000000000000e+00 1.000000000000000000e+00 0.000000000000000000e+00 0.000000000000000000e+00 0.000000000000000000e+00
1.600000000000000000e+05 3.999992313129419053e-02 0.000000000000000000e+00 1.000000000000000000e+00 0.000000000000000000e+00 0.000000000000000000e+00 0.000000000000000000e+00
1.640000000000000000e+05 4.099992120957640651e-02 0.000000000000000000e+00 1.000000000000000000e+00 0.000000000000000000e+00 0.000000000000000000e+00 0.000000000000000000e+00
1.680000000000000000e+05 4.199991928785884454e-02 0.000000000000000000e+00 1.000000000000000000e+00 0.000000000000000000e+00 0.000000000000000000e+00 0.000000000000000000e+00
1.720000000000000000e+05 4.299991736614106053e-02 0.000000000000000000e+00 1.000000000000000000e+00 0.000000000000000000e+00 0.000000000000000000e+00 0.000000000000000000e+00
1.760000000000000000e+05 4.399991544442349856e-02 0.000000000000000000e+00 1.000000000000000000e+00 0.000000000000000000e+00 0.000000000000000000e+00 0.000000000000000000e+00
1.800000000000000000e+05 4.499991352270593659e-02 0.000000000000000000e+00 1.000000000000000000e+00 0.000000000000000000e+00 0.000000000000000000e+00 0.000000000000000000e+00
1.840000000000000000e+05 4.599991160098815257e-02 0.000000000000000000e+00 1.000000000000000000e+00 0.000000000000000000e+00 0.000000000000000000e+00 0.000000000000000000e+00
1.880000000000000000e+05 4.699990967927059060e-02 0.000000000000000000e+00 1.000000000000000000e+00 0.000000000000000000e+00 0.000000000000000000e+00 0.000000000000000000e+00
1.920000000000000000e+05 4.799990775755280659e-02 0.000000000000000000e+00 1.000000000000000000e+00 0.000000000000000000e+00 0.000000000000000000e+00 0.000000000000000000e+00
1.960000000000000000e+05 4.899990583583524462e-02 0.000000000000000000e+00 1.000000000000000000e+00 0.000000000000000000e+00 0.000000000000000000e+00 0.000000000000000000e+00
2.000000000000000000e+05 4.999990391411768265e-02 0.000000000000000000e+00 1.000000000000000000e+00 0.000000000000000000e+00 0.000000000000000000e+00 0.000000000000000000e+00
2.040000000000000000e+05 5.099990199239989863e-02 0.000000000000000000e+00 1.000000000000000000e+00 0.000000000000000000e+00 0.000000000000000000e+00 0.000000000000000000e+00
2.080000000000000000e+05 5.199990007068233666e-02 0.000000000000000000e+00 1.000000000000000000e+00 0.000000000000000000e+00 0.000000000000000000e+00 0.000000000000000000e+00
2.120000000000000000e+05 5.299989814896455265e-02 0.000000000000000000e+00 1.000000000000000000e+00 0.000000000000000000e+00 0.000000000000000000e+00 0.000000000000000000e+00
2.160000000000000000e+05 5.399989622724699068e-02 0.000000000000000000e+00 1.000000000000000000e+00 0.000000000000000000e+00 0.000000000000000000e+00 0.000000000000000000e+00
2.200000000000000000e+05 5.499989430552942871e-02 0.000000000000000000e+00 1.000000000000000000e+00 0.000000000000000000e+00 0.000000000000000000e+00 0.000000000000000000e+00
2.240000000000000000e+05 5.599989238381164469e-02 0.000000000000000000e+00 1.000000000000000000e+00 0.000000000000000000e+00 0.000000000000000000e+00 0.000000000000000000e+00
2.280000000000000000e+05 5.699989046209408272e-02 1.137915339098771066e-04 9.998862084660901095e-01 0.000000000000000000e+00 0.000000000000000000e+00 0.000000000000000000e+00
2.320000000000000000e+05 5.799988854037652075e-02 0.000000000000000000e+00 1.000000000000000000e+00 0.000000000000000000e+00 0.000000000000000000e+00 0.000000000000000000e+00
2.360000000000000000e+05 5.899988661865873674e-02 0.000000000000000000e+00 1.000000000000000000e+00 0.000000000000000000e+00 0.000000000000000000e+00 0.000000000000000000e+00
2.400000000000000000e+05 5.999988469694117477e-02 0.000000000000000000e+00 1.000000000000000000e+00 0.000000000000000000e+00 0.000000000000000000e+00 0.000000000000000000e+00
2.440000000000000000e+05 6.099988277522339075e-02 4.551661356395084266e-04 9.995448338643604380e-01 0.000000000000000000e+00 0.000000000000000000e+00 0.000000000000000000e+00
2.480000000000000000e+05 6.199988085350582878e-02 0.000000000000000000e+00 1.000000000000000000e+00 0.000000000000000000e+00 0.000000000000000000e+00 0.000000000000000000e+00
2.520000000000000000e+05 6.299987893178826681e-02 0.000000000000000000e+00 1.000000000000000000e+00 0.000000000000000000e+00 0.000000000000000000e+00 0.000000000000000000e+00
2.560000000000000000e+05 6.399987701007048280e-02 0.000000000000000000e+00 1.000000000000000000e+00 0.000000000000000000e+00 0.000000000000000000e+00 0.000000000000000000e+00
2.600000000000000000e+05 6.499987508835292083e-02 0.000000000000000000e+00 1.000000000000000000e+00 0.000000000000000000e+00 0.000000000000000000e+00 0.000000000000000000e+00
2.640000000000000000e+05 6.599987316663513681e-02 0.000000000000000000e+00 1.000000000000000000e+00 0.000000000000000000e+00 0.000000000000000000e+00 0.000000000000000000e+00
2.680000000000000000e+05 6.699987124491757484e-02 0.000000000000000000e+00 1.000000000000000000e+00 0.000000000000000000e+00 0.000000000000000000e+00 0.000000000000000000e+00
2.720000000000000000e+05 6.799986932320001287e-02 0.000000000000000000e+00 1.000000000000000000e+00 0.000000000000000000e+00 0.000000000000000000e+00 0.000000000000000000e+00
2.760000000000000000e+05 6.899986740148222886e-02 4.551661356395084266e-04 9.995448338643604380e-01 0.000000000000000000e+00 0.000000000000000000e+00 0.000000000000000000e+00
2.800000000000000000e+05 6.999986547976466689e-02 0.000000000000000000e+00 1.000000000000000000e+00 0.000000000000000000e+00 0.000000000000000000e+00 0.000000000000000000e+00
2.840000000000000000e+05 7.099986355804710492e-02 4.551661356395084266e-04 9.995448338643604380e-01 0.000000000000000000e+00 0.000000000000000000e+00 0.000000000000000000e+00
2.880000000000000000e+05 7.199986163632932090e-02 0.000000000000000000e+00 1.000000000000000000e+00 0.000000000000000000e+00 0.000000000000000000e+00 0.000000000000000000e+00
2.920000000000000000e+05 7.299985971461175893e-02 0.000000000000000000e+00 1.000000000000000000e+00 0.000000000000000000e+00 0.000000000000000000e+00 0.000000000000000000e+00
2.960000000000000000e+05 7.399985779289397492e-02 2.275830678197542133e-04 9.997724169321802190e-01 0.000000000000000000e+00 0.000000000000000000e+00 0.000000000000000000e+00
3.000000000000000000e+05 7.499985587117641295e-02 4.551661356395084266e-04 9.995448338643604380e-01 0.000000000000000000e+00 0.000000000000000000e+00 0.000000000000000000e+00
3.040000000000000000e+05 7.599985394945885098e-02 3.413746017296313199e-04 9.996586253982703285e-01 0.000000000000000000e+00 0.000000000000000000e+00 0.000000000000000000e+00
3.080000000000000000e+05 7.699985202774106696e-02 5.689576695493854790e-04 9.994310423304506585e-01 0.000000000000000000e+00 0.000000000000000000e+00 0.000000000000000000e+00
3.120000000000000000e+05 7.799985010602350499e-02 4.551661356395084266e-04 9.995448338643604380e-01 0.000000000000000000e+00 0.000000000000000000e+00 0.000000000000000000e+00
3.160000000000000000e+05 7.899984818430572098e-02 0.000000000000000000e+00 1.000000000000000000e+00 0.000000000000000000e+00 0.000000000000000000e+00 0.000000000000000000e+00
3.200000000000000000e+05 7.999984626258815901e-02 7.965407373691396923e-04 9.992034592626308775e-01 0.000000000000000000e+00 0.000000000000000000e+00 0.000000000000000000e+00
3.240000000000000000e+05 8.099984434087059704e-02 4.551661356395084266e-04 9.995448338643604380e-01 0.000000000000000000e+00 0.000000000000000000e+00 0.000000000000000000e+00
3.280000000000000000e+05 8.199984241915281302e-02 9.103322712790168532e-04 9.990896677287209870e-01 0.000000000000000000e+00 0.000000000000000000e+00 0.000000000000000000e+00
3.320000000000000000e+05 8.299984049743525105e-02 0.000000000000000000e+00 1.000000000000000000e+00 0.000000000000000000e+00 0.000000000000000000e+00 0.000000000000000000e+00
3.360000000000000000e+05 8.399983857571746704e-02 2.275830678197542133e-04 9.997724169321802190e-01 0.000000000000000000e+00 0.000000000000000000e+00 0.000000000000000000e+00
3.400000000000000000e+05 8.499983665399990507e-02 1.024123805188893906e-03 9.987482931269913156e-01 0.000000000000000000e+00 2.275830678197542133e-04 0.000000000000000000e+00
3.440000000000000000e+05 8.599983473228234310e-02 5.689576695493854790e-04 9.994310423304506585e-01 0.000000000000000000e+00 0.000000000000000000e+00 0.000000000000000000e+00
3.480000000000000000e+05 8.699983281056455908e-02 1.706873008648156654e-03 9.982931269913518646e-01 0.000000000000000000e+00 0.000000000000000000e+00 0.000000000000000000e+00
3.520000000000000000e+05 8.799983088884699711e-02 6.827492034592626399e-04 9.993172507965407680e-01 0.000000000000000000e+00 0.000000000000000000e+00 0.000000000000000000e+00
3.560000000000000000e+05 8.899982896712943514e-02 1.479289940828402332e-03 9.985207100591716456e-01 0.000000000000000000e+00 0.000000000000000000e+00 0.000000000000000000e+00
3.600000000000000000e+05 8.999982704541165113e-02 4.551661356395084266e-04 9.995448338643604380e-01 0.000000000000000000e+00 0.000000000000000000e+00 0.000000000000000000e+00
3.640000000000000000e+05 9.099982512369408916e-02 3.413746017296313199e-04 9.996586253982703285e-01 0.000000000000000000e+00 0.000000000000000000e+00 0.000000000000000000e+00
3.680000000000000000e+05 9.199982320197630514e-02 1.593081474738279385e-03 9.984069185252617551e-01 0.000000000000000000e+00 0.000000000000000000e+00 0.000000000000000000e+00
3.720000000000000000e+05 9.299982128025874317e-02 2.503413746017296455e-03 9.973827947200728516e-01 0.000000000000000000e+00 1.137915339098771066e-04 0.000000000000000000e+00
3.760000000000000000e+05 9.399981935854118120e-02 1.251706873008648227e-03 9.987482931269913156e-01 0.000000000000000000e+00 0.000000000000000000e+00 0.000000000000000000e+00
3.800000000000000000e+05 9.499981743682339719e-02 6.827492034592626399e-04 9.992034592626308775e-01 0.000000000000000000e+00 1.137915339098771066e-04 0.000000000000000000e+00
3.840000000000000000e+05 9.599981551510583522e-02 2.730996813837050560e-03 9.969276285844332897e-01 0.000000000000000000e+00 3.413746017296313199e-04 0.000000000000000000e+00
3.880000000000000000e+05 9.699981359338805120e-02 2.503413746017296455e-03 9.972690031861629611e-01 0.000000000000000000e+00 2.275830678197542133e-04 0.000000000000000000e+00
3.920000000000000000e+05 9.799981167167048923e-02 2.730996813837050560e-03 9.970414201183431802e-01 0.000000000000000000e+00 2.275830678197542133e-04 0.000000000000000000e+00
3.960000000000000000e+05 9.899980974995292726e-02 9.103322712790168532e-04 9.990896677287209870e-01 0.000000000000000000e+00 0.000000000000000000e+00 0.000000000000000000e+00
4.000000000000000000e+05 9.999980782823514325e-02 2.503413746017296455e-03 9.973827947200728516e-01 0.000000000000000000e+00 1.137915339098771066e-04 0.000000000000000000e+00
4.040000000000000000e+05 1.009998059065175813e-01 5.461993627674101119e-03 9.945380063723259223e-01 0.000000000000000000e+00 0.000000000000000000e+00 0.000000000000000000e+00
4.080000000000000000e+05 1.019998039848000193e-01 3.527537551206190360e-03 9.963586709148839482e-01 0.000000000000000000e+00 1.137915339098771066e-04 0.000000000000000000e+00
4.120000000000000000e+05 1.029998020630822353e-01 4.096495220755575623e-03 9.959035047792443862e-01 0.000000000000000000e+00 0.000000000000000000e+00 0.000000000000000000e+00
4.160000000000000000e+05 1.039998001413646733e-01 7.624032771961766417e-03 9.915794264906691025e-01 0.000000000000000000e+00 7.965407373691396923e-04 0.000000000000000000e+00
4.200000000000000000e+05 1.049997982196468893e-01 7.624032771961766417e-03 9.920345926263085534e-01 0.000000000000000000e+00 3.413746017296313199e-04 0.000000000000000000e+00
4.240000000000000000e+05 1.059997962979293273e-01 1.615839781520254925e-02 9.790623577605825911e-01 0.000000000000000000e+00 4.779244424214838804e-03 0.000000000000000000e+00
4.280000000000000000e+05 1.069997943762117654e-01 6.451979972690032039e-02 6.521392808375057193e-01 2.790168411470186349e-01 4.324078288575329727e-03 0.000000000000000000e+00
4.320000000000000000e+05 1.079997924544939814e-01 6.349567592171143082e-02 6.523668639053253893e-01 2.786754665452890189e-01 5.461993627674101119e-03 0.000000000000000000e+00
4.360000000000000000e+05 1.089997905327764194e-01 6.486117432862995025e-02 6.504324078288575839e-01 2.801547564861174289e-01 4.551661356395083832e-03 0.000000000000000000e+00
4.400000000000000000e+05 1.099997886110586354e-01 6.440600819299044377e-02 6.516841147018661573e-01 2.789030496131087999e-01 5.006827492034592909e-03 0.000000000000000000e+00
4.440000000000000000e+05 1.109997866893410734e-01 6.338188438780155420e-02 6.513427401001365968e-01 2.799271734182977034e-01 5.348202093764223633e-03 0.000000000000000000e+00
4.480000000000000000e+05 1.119997847676235114e-01 6.634046426945834629e-02 6.503186162949476934e-01 2.782203004096495125e-01 5.120619025944469528e-03 0.000000000000000000e+00
4.520000000000000000e+05 1.129997828459057274e-01 6.235776058261265076e-02 6.515703231679562668e-01 2.799271734182977034e-01 6.144742831133363434e-03 0.000000000000000000e+00
4.560000000000000000e+05 1.139997809241881654e-01 6.269913518434228061e-02 6.508875739644970349e-01 2.787892580791989094e-01 7.624032771961766417e-03 0.000000000000000000e+00
4.600000000000000000e+05 1.149997790024706035e-01 6.190259444697314428e-02 6.510013654984069253e-01 2.800409649522075384e-01 7.055075102412380721e-03 0.000000000000000000e+00
4.640000000000000000e+05 1.159997770807528195e-01 6.599908966772871644e-02 6.496358670914883504e-01 2.801547564861174289e-01 4.210286754665453109e-03 0.000000000000000000e+00
4.680000000000000000e+05 1.169997751590352575e-01 6.440600819299044377e-02 6.498634501593081314e-01 2.811788802913063323e-01 4.551661356395083832e-03 0.000000000000000000e+00
4.720000000000000000e+05 1.179997732373174735e-01 6.395084205735093730e-02 6.512289485662267063e-01 2.801547564861174289e-01 4.665452890304961318e-03 0.000000000000000000e+00
4.760000000000000000e+05 1.189997713155999115e-01 6.713700500682749650e-02 6.505461993627673634e-01 2.777651342740100060e-01 4.551661356395083832e-03 0.000000000000000000e+00
4.800000000000000000e+05 1.199997693938823495e-01 6.884387801547564578e-02 6.479289940828402150e-01 2.740100136549840637e-01 9.217114246700046018e-03 0.000000000000000000e+00
4.840000000000000000e+05 1.209997674721645655e-01 6.451979972690032039e-02 6.505461993627673634e-01 2.770823850705507740e-01 7.851615839781519654e-03 0.000000000000000000e+00
4.880000000000000000e+05 1.219997655504470035e-01 7.032316795630405570e-02 6.464497041420118606e-01 2.742375967228038447e-01 8.989531178880291046e-03 0.000000000000000000e+00
4.920000000000000000e+05 1.229997636287292195e-01 6.292671825216203385e-02 6.571461083295402350e-01 2.781065088757396220e-01 1.820664542558033706e-03 0.000000000000000000e+00
4.960000000000000000e+05 1.239997617070116576e-01 6.247155211652252738e-02 6.581702321347291385e-01 2.786754665452890189e-01 6.827492034592626399e-04 0.000000000000000000e+00
5.000000000000000000e+05 1.249997597852940956e-01 6.224396904870277414e-02 6.569185252617205650e-01 2.789030496131087999e-01 1.934456076467910759e-03 0.000000000000000000e+00
5.040000000000000000e+05 1.259997578635763116e-01 6.417842512517069054e-02 6.564633591260810030e-01 2.781065088757396220e-01 1.251706873008648227e-03 0.000000000000000000e+00
5.080000000000000000e+05 1.269997559418587496e-01 6.224396904870277414e-02 6.572598998634501255e-01 2.783340919435594030e-01 2.162039144287664864e-03 0.000000000000000000e+00
5.120000000000000000e+05 1.279997540201409656e-01 6.360946745562130744e-02 6.552116522530723186e-01 2.798133818843878129e-01 1.365498406918525280e-03 0.000000000000000000e+00
5.160000000000000000e+05 1.289997520984234036e-01 6.429221665908056715e-02 6.563495675921711126e-01 2.782203004096495125e-01 1.137915339098770958e-03 0.000000000000000000e+00
5.200000000000000000e+05 1.299997501767058417e-01 6.622667273554846967e-02 6.537323623122439642e-01 2.783340919435594030e-01 1.706873008648156654e-03 0.000000000000000000e+00
5.240000000000000000e+05 1.309997482549880576e-01 7.055075102412380894e-02 6.512289485662267063e-01 2.769685935366408835e-01 1.251706873008648227e-03 0.000000000000000000e+00
5.280000000000000000e+05 1.319997463332704957e-01 1.359808830223031284e-01 6.588529813381884814e-01 1.904870277651342647e-01 1.467910787437414627e-02 0.000000000000000000e+00
5.320000000000000000e+05 1.329997444115529337e-01 1.445152480655439303e-02 8.319299044151114986e-01 1.536185707783341015e-01 0.000000000000000000e+00 0.000000000000000000e+00
5.360000000000000000e+05 1.339997424898351497e-01 1.490669094219390124e-02 8.309057806099225951e-01 1.539599453800637174e-01 2.275830678197542133e-04 0.000000000000000000e+00
5.400000000000000000e+05 1.349997405681175877e-01 1.547564861174328607e-02 8.305644060081930347e-01 1.538461538461538547e-01 1.137915339098771066e-04 0.000000000000000000e+00
5.440000000000000000e+05 1.359997386463998037e-01 1.604460628129267263e-02 8.301092398725534727e-01 1.538461538461538547e-01 0.000000000000000000e+00 0.000000000000000000e+00
5.480000000000000000e+05 1.369997367246822417e-01 1.547564861174328607e-02 8.306781975421028141e-01 1.538461538461538547e-01 0.000000000000000000e+00 0.000000000000000000e+00
5.520000000000000000e+05 1.379997348029646798e-01 1.490669094219390124e-02 8.307919890760127046e-01 1.541875284478834707e-01 1.137915339098771066e-04 0.000000000000000000e+00
5.560000000000000000e+05 1.389997328812468957e-01 1.490669094219390124e-02 8.314747382794720476e-01 1.533909877105143482e-01 2.275830678197542133e-04 0.000000000000000000e+00
5.600000000000000000e+05 1.399997309595293338e-01 1.570323167956303931e-02 8.309057806099225951e-01 1.533909877105143482e-01 0.000000000000000000e+00 0.000000000000000000e+00
5.640000000000000000e+05 1.409997290378115498e-01 1.490669094219390124e-02 8.315885298133819381e-01 1.533909877105143482e-01 1.137915339098771066e-04 0.000000000000000000e+00
5.680000000000000000e+05 1.419997271160939878e-01 1.513427401001365448e-02 8.302230314064633632e-01 1.545289030496131144e-01 1.137915339098771066e-04 0.000000000000000000e+00
5.720000000000000000e+05 1.429997251943764258e-01 1.558944014565316269e-02 8.304506144742831442e-01 1.538461538461538547e-01 1.137915339098771066e-04 0.000000000000000000e+00
5.760000000000000000e+05 1.439997232726586418e-01 1.536185707783340945e-02 8.305644060081930347e-01 1.539599453800637174e-01 1.137915339098771066e-04 0.000000000000000000e+00
5.800000000000000000e+05 1.449997213509410798e-01 1.479289940828402289e-02 8.307919890760127046e-01 1.543013199817933612e-01 1.137915339098771066e-04 0.000000000000000000e+00
5.840000000000000000e+05 1.459997194292235179e-01 1.456531634046426965e-02 8.307919890760127046e-01 1.546426945835229771e-01 0.000000000000000000e+00 0.000000000000000000e+00
5.880000000000000000e+05 1.469997175075057338e-01 1.570323167956303931e-02 8.297678652708238012e-01 1.540737369139736079e-01 4.551661356395084266e-04 0.000000000000000000e+00
5.920000000000000000e+05 1.479997155857881719e-01 1.593081474738279601e-02 8.298816568047336917e-01 1.540737369139736079e-01 1.137915339098771066e-04 0.000000000000000000e+00
5.960000000000000000e+05 1.489997136640703879e-01 1.558944014565316269e-02 8.303368229403732537e-01 1.536185707783341015e-01 4.551661356395084266e-04 0.000000000000000000e+00
6.000000000000000000e+05 1.499997117423528259e-01 1.513427401001365448e-02 8.306781975421028141e-01 1.536185707783341015e-01 5.689576695493854790e-04 0.000000000000000000e+00
6.040000000000000000e+05 1.509997098206352639e-01 1.581702321347291593e-02 8.309057806099225951e-01 1.531634046426945950e-01 1.137915339098771066e-04 0.000000000000000000e+00
6.080000000000000000e+05 1.519997078989174799e-01 1.615839781520254925e-02 8.302230314064633632e-01 1.533909877105143482e-01 2.275830678197542133e-04 0.000000000000000000e+00
6.120000000000000000e+05 1.529997059771999179e-01 1.581702321347291593e-02 8.293126991351843502e-01 1.537323623122439642e-01 1.137915339098770958e-03 0.000000000000000000e+00
6.160000000000000000e+05 1.539997040554821339e-01 1.490669094219390124e-02 8.302230314064633632e-01 1.543013199817933612e-01 5.689576695493854790e-04 0.000000000000000000e+00
6.200000000000000000e+05 1.549997021337645720e-01 1.570323167956303931e-02 8.294264906690942407e-01 1.541875284478834707e-01 6.827492034592626399e-04 0.000000000000000000e+00
6.240000000000000000e+05 1.559997002120470100e-01 1.570323167956303931e-02 8.298816568047336917e-01 1.538461538461538547e-01 5.689576695493854790e-04 0.000000000000000000e+00
6.280000000000000000e+05 1.569996982903292260e-01 1.684114701866181243e-02 8.290851160673645692e-01 1.536185707783341015e-01 4.551661356395084266e-04 0.000000000000000000e+00
6.320000000000000000e+05 1.579996963686116640e-01 1.684114701866181243e-02 8.286299499317251183e-01 1.533909877105143482e-01 1.137915339098770958e-03 0.000000000000000000e+00
6.360000000000000000e+05 1.589996944468938800e-01 1.718252162039144229e-02 8.285161583978152278e-01 1.535047792444242110e-01 7.965407373691396923e-04 0.000000000000000000e+00
6.400000000000000000e+05 1.599996925251763180e-01 3.254437869822485174e-02 8.124715521165225551e-01 1.535047792444242110e-01 1.479289940828402332e-03 0.000000000000000000e+00
6.440000000000000000e+05 1.609996906034587560e-01 1.513427401001365448e-02 8.278334091943558848e-01 1.564633591260810308e-01 5.689576695493854790e-04 0.000000000000000000e+00
6.480000000000000000e+05 1.619996886817409720e-01 1.524806554392353283e-02 8.285161583978152278e-01 1.558944014565316338e-01 3.413746017296313199e-04 0.000000000000000000e+00
6.520000000000000000e+05 1.629996867600234101e-01 1.513427401001365448e-02 8.279472007282657753e-01 1.562357760582612776e-01 6.827492034592626399e-04 0.000000000000000000e+00
6.560000000000000000e+05 1.639996848383058481e-01 1.399635867091488309e-02 8.280609922621756658e-01 1.572598998634501533e-01 6.827492034592626399e-04 0.000000000000000000e+00
6.600000000000000000e+05 1.649996829165880641e-01 1.479289940828402289e-02 8.286299499317251183e-01 1.560081929904415243e-01 5.689576695493854790e-04 0.000000000000000000e+00
6.640000000000000000e+05 1.659996809948705021e-01 1.467910787437414627e-02 8.271506599908966528e-01 1.571461083295402905e-01 1.024123805188893906e-03 0.000000000000000000e+00
6.680000000000000000e+05 1.669996790731527181e-01 1.524806554392353283e-02 8.268092853891670924e-01 1.569185252617205373e-01 1.024123805188893906e-03 0.000000000000000000e+00
6.720000000000000000e+05 1.679996771514351561e-01 1.467910787437414627e-02 8.278334091943558848e-01 1.565771506599908935e-01 9.103322712790168532e-04 0.000000000000000000e+00
6.760000000000000000e+05 1.689996752297175941e-01 1.433773327264451468e-02 8.277196176604461053e-01 1.569185252617205373e-01 1.024123805188893906e-03 0.000000000000000000e+00
6.800000000000000000e+05 1.699996733079998101e-01 1.536185707783340945e-02 8.266954938552572019e-01 1.570323167956304000e-01 9.103322712790168532e-04 0.000000000000000000e+00
6.840000000000000000e+05 1.709996713862822482e-01 1.467910787437414627e-02 8.277196176604461053e-01 1.568047337278106468e-01 7.965407373691396923e-04 0.000000000000000000e+00
6.880000000000000000e+05 1.719996694645644641e-01 1.479289940828402289e-02 8.276058261265362148e-01 1.564633591260810308e-01 1.137915339098770958e-03 0.000000000000000000e+00
6.920000000000000000e+05 1.729996675428469022e-01 1.547564861174328607e-02 8.260127446517978589e-01 1.578288575329995502e-01 6.827492034592626399e-04 0.000000000000000000e+00
6.960000000000000000e+05 1.739996656211293402e-01 1.479289940828402289e-02 8.273782430587164338e-01 1.569185252617205373e-01 9.103322712790168532e-04 0.000000000000000000e+00
7.000000000000000000e+05 1.749996636994115562e-01 1.513427401001365448e-02 8.266954938552572019e-01 1.572598998634501533e-01 9.103322712790168532e-04 0.000000000000000000e+00
7.040000000000000000e+05 1.759996617776939942e-01 1.467910787437414627e-02 8.269230769230768718e-01 1.573736913973600438e-01 1.024123805188893906e-03 0.000000000000000000e+00
7.080000000000000000e+05 1.769996598559764323e-01 1.547564861174328607e-02 8.260127446517978589e-01 1.577150659990896597e-01 7.965407373691396923e-04 0.000000000000000000e+00
7.120000000000000000e+05 1.779996579342586482e-01 1.547564861174328607e-02 8.261265361857077494e-01 1.574874829312699065e-01 9.103322712790168532e-04 0.000000000000000000e+00
7.160000000000000000e+05 1.789996560125410863e-01 1.593081474738279601e-02 8.261265361857077494e-01 1.572598998634501533e-01 6.827492034592626399e-04 0.000000000000000000e+00
7.200000000000000000e+05 1.799996540908233023e-01 1.547564861174328607e-02 8.262403277196176399e-01 1.572598998634501533e-01 1.024123805188893906e-03 0.000000000000000000e+00
7.240000000000000000e+05 1.809996521691057403e-01 1.570323167956303931e-02 8.263541192535275304e-01 1.570323167956304000e-01 9.103322712790168532e-04 0.000000000000000000e+00
7.280000000000000000e+05 1.819996502473881783e-01 1.479289940828402289e-02 8.278334091943558848e-01 1.563495675921711403e-01 1.024123805188893906e-03 0.000000000000000000e+00
7.320000000000000000e+05 1.829996483256703943e-01 1.490669094219390124e-02 8.256713700500682984e-01 1.580564406008193035e-01 1.365498406918525280e-03 0.000000000000000000e+00
7.360000000000000000e+05 1.839996464039528323e-01 1.570323167956303931e-02 8.258989531178880794e-01 1.573736913973600438e-01 1.024123805188893906e-03 0.000000000000000000e+00
7.400000000000000000e+05 1.849996444822350483e-01 1.536185707783340945e-02 8.261265361857077494e-01 1.576012744651797970e-01 9.103322712790168532e-04 0.000000000000000000e+00
7.440000000000000000e+05 1.859996425605174863e-01 1.558944014565316269e-02 8.253299954483386269e-01 1.583978152025489194e-01 6.827492034592626399e-04 0.000000000000000000e+00
7.480000000000000000e+05 1.869996406387999244e-01 1.456531634046426965e-02 8.272644515248065433e-01 1.572598998634501533e-01 9.103322712790168532e-04 0.000000000000000000e+00
7.520000000000000000e+05 1.879996387170821404e-01 1.479289940828402289e-02 8.258989531178880794e-01 1.581702321347291662e-01 1.137915339098770958e-03 0.000000000000000000e+00
7.560000000000000000e+05 1.889996367953645784e-01 1.456531634046426965e-02 8.262403277196176399e-01 1.581702321347291662e-01 1.024123805188893906e-03 0.000000000000000000e+00
7.600000000000000000e+05 1.899996348736467944e-01 1.502048247610377786e-02 8.260127446517978589e-01 1.581702321347291662e-01 7.965407373691396923e-04 0.000000000000000000e+00
7.640000000000000000e+05 1.909996329519292324e-01 1.604460628129267263e-02 8.245334547109695045e-01 1.583978152025489194e-01 1.024123805188893906e-03 0.000000000000000000e+00
7.680000000000000000e+05 1.919996310302116704e-01 1.615839781520254925e-02 8.247610377787892855e-01 1.583978152025489194e-01 6.827492034592626399e-04 0.000000000000000000e+00
7.720000000000000000e+05 1.929996291084938864e-01 1.433773327264451468e-02 8.258989531178880794e-01 1.581702321347291662e-01 1.593081474738279385e-03 0.000000000000000000e+00
7.760000000000000000e+05 1.939996271867763245e-01 1.570323167956303931e-02 8.252162039144287364e-01 1.582840236686390567e-01 7.965407373691396923e-04 0.000000000000000000e+00
7.800000000000000000e+05 1.949996252650587625e-01 1.627218934911242587e-02 8.240782885753299425e-01 1.586253982703686727e-01 1.024123805188893906e-03 0.000000000000000000e+00
7.840000000000000000e+05 1.959996233433409785e-01 1.752389622212107562e-02 8.235093309057806010e-01 1.579426490669094130e-01 1.024123805188893906e-03 0.000000000000000000e+00
7.880000000000000000e+05 1.969996214216234165e-01 1.558944014565316269e-02 8.247610377787892855e-01 1.587391898042785632e-01 9.103322712790168532e-04 0.000000000000000000e+00
7.920000000000000000e+05 1.979996194999056325e-01 1.547564861174328607e-02 8.254437869822485174e-01 1.581702321347291662e-01 9.103322712790168532e-04 0.000000000000000000e+00
7.960000000000000000e+05 1.989996175781880705e-01 1.581702321347291593e-02 8.249886208466090665e-01 1.583978152025489194e-01 7.965407373691396923e-04 0.000000000000000000e+00
8.000000000000000000e+05 1.999996156564705085e-01 1.672735548475193582e-02 8.243058716431497235e-01 1.578288575329995502e-01 1.137915339098770958e-03 0.000000000000000000e+00
8.040000000000000000e+05 2.009996137347527245e-01 1.604460628129267263e-02 8.247610377787892855e-01 1.583978152025489194e-01 7.965407373691396923e-04 0.000000000000000000e+00
8.080000000000000000e+05 2.019996118130351626e-01 1.661356395084205573e-02 8.227127901684114786e-01 1.593081474738279601e-01 1.365498406918525280e-03 0.000000000000000000e+00
8.120000000000000000e+05 2.029996098913173785e-01 1.695493855257168905e-02 8.223714155666818071e-01 1.591943559399180697e-01 1.479289940828402332e-03 0.000000000000000000e+00
8.160000000000000000e+05 2.039996079695998166e-01 1.638598088302230249e-02 8.233955393718707105e-01 1.593081474738279601e-01 9.103322712790168532e-04 0.000000000000000000e+00
8.200000000000000000e+05 2.049996060478822546e-01 1.729631315430131891e-02 8.221438324988621371e-01 1.598771051433773294e-01 6.827492034592626399e-04 0.000000000000000000e+00
8.240000000000000000e+05 2.059996041261644706e-01 1.832043695949021542e-02 8.220300409649522466e-01 1.588529813381884259e-01 7.965407373691396923e-04 0.000000000000000000e+00
8.280000000000000000e+05 2.069996022044469086e-01 1.888939462903959851e-02 8.195266272189348777e-01 1.604460628129267263e-01 1.137915339098770958e-03 0.000000000000000000e+00
8.320000000000000000e+05 2.079996002827293466e-01 1.945835229858898507e-02 8.169094219390077294e-01 1.624943104233045055e-01 1.137915339098770958e-03 0.000000000000000000e+00
8.360000000000000000e+05 2.089995983610115626e-01 2.742375967228038308e-02 7.940373236231224041e-01 1.760355029585798925e-01 2.503413746017296455e-03 0.000000000000000000e+00
8.400000000000000000e+05 2.099995964392940007e-01 2.503413746017296368e-02 7.983614019116977989e-01 1.741010468821119761e-01 2.503413746017296455e-03 0.000000000000000000e+00
8.440000000000000000e+05 2.109995945175762166e-01 2.560309512972235024e-02 7.981338188438780179e-01 1.743286299499317293e-01 1.934456076467910759e-03 0.000000000000000000e+00
8.480000000000000000e+05 2.119995925958586547e-01 2.719617660446062984e-02 7.923304506144742687e-01 1.779699590350477811e-01 2.503413746017296455e-03 0.000000000000000000e+00
8.520000000000000000e+05 2.129995906741410927e-01 2.776513427401001294e-02 7.899408284023669014e-01 1.788802913063268218e-01 3.413746017296313308e-03 0.000000000000000000e+00
8.560000000000000000e+05 2.139995887524233087e-01 2.742375967228038308e-02 7.913063268092853653e-01 1.785389167045971781e-01 2.730996813837050560e-03 0.000000000000000000e+00
8.600000000000000000e+05 2.149995868307057467e-01 2.913063268092853930e-02 7.895994538006372299e-01 1.792216659080564378e-01 2.048247610377787811e-03 0.000000000000000000e+00
8.640000000000000000e+05 2.159995849089879627e-01 2.719617660446062984e-02 7.902822030040964618e-01 1.804733727810650945e-01 2.048247610377787811e-03 0.000000000000000000e+00
8.680000000000000000e+05 2.169995829872704007e-01 2.992717341829767910e-02 7.868684569868001910e-01 1.807009558488848477e-01 2.503413746017296455e-03 0.000000000000000000e+00
8.720000000000000000e+05 2.179995810655528388e-01 2.890304961310878606e-02 7.885753299954483264e-01 1.795630405097860816e-01 2.958579881656804664e-03 0.000000000000000000e+00
8.760000000000000000e+05 2.189995791438350548e-01 2.867546654528902936e-02 7.877787892580792040e-01 1.807009558488848477e-01 2.844788347746927612e-03 0.000000000000000000e+00
8.800000000000000000e+05 2.199995772221174928e-01 2.924442421483841592e-02 7.862994993172508496e-01 1.805871643149749572e-01 3.868912152935821518e-03 0.000000000000000000e+00
8.840000000000000000e+05 2.209995753003997088e-01 3.152025489303595523e-02 7.817478379608556738e-01 1.832043695949021334e-01 3.527537551206190360e-03 0.000000000000000000e+00
8.880000000000000000e+05 2.219995733786821468e-01 3.265817023213472836e-02 7.806099226217569909e-01 1.835457441966317771e-01 3.186162949476558769e-03 0.000000000000000000e+00
8.920000000000000000e+05 2.229995714569645848e-01 3.072371415566681890e-02 7.836822940373235902e-01 1.826354119253527641e-01 2.958579881656804664e-03 0.000000000000000000e+00
8.960000000000000000e+05 2.239995695352468008e-01 3.322712790168411146e-02 7.779927173418297315e-01 1.860491579426490627e-01 2.730996813837050560e-03 0.000000000000000000e+00
9.000000000000000000e+05 2.249995676135292388e-01 3.197542102867546865e-02 7.776513427401001710e-01 1.868456986800182129e-01 3.527537551206190360e-03 0.000000000000000000e+00
9.040000000000000000e+05 2.259995656918116769e-01 4.016841147018661989e-02 7.650204824761037692e-01 1.910559854346836617e-01 3.755120619025944465e-03 0.000000000000000000e+00
9.080000000000000000e+05 2.269995637700938929e-01 5.416477014110149951e-02 7.299726900318616041e-01 2.130177514792899462e-01 2.844788347746927612e-03 0.000000000000000000e+00
