# itime ezz other fcc hcp bcc ico
0.000000000000000000e+00 0.000000000000000000e+00 0.000000000000000000e+00 1.000000000000000000e+00 0.000000000000000000e+00 0.000000000000000000e+00 0.000000000000000000e+00
2.500000000000000000e+02 9.999742684705381635e-04 0.000000000000000000e+00 1.000000000000000000e+00 0.000000000000000000e+00 0.000000000000000000e+00 0.000000000000000000e+00
5.000000000000000000e+02 1.999948536941076327e-03 0.000000000000000000e+00 1.000000000000000000e+00 0.000000000000000000e+00 0.000000000000000000e+00 0.000000000000000000e+00
7.500000000000000000e+02 2.999922805411614490e-03 0.000000000000000000e+00 1.000000000000000000e+00 0.000000000000000000e+00 0.000000000000000000e+00 0.000000000000000000e+00
1.000000000000000000e+03 3.999897073882374698e-03 0.000000000000000000e+00 1.000000000000000000e+00 0.000000000000000000e+00 0.000000000000000000e+00 0.000000000000000000e+00
1.250000000000000000e+03 4.999871342352912862e-03 0.000000000000000000e+00 1.000000000000000000e+00 0.000000000000000000e+00 0.000000000000000000e+00 0.000000000000000000e+00
1.500000000000000000e+03 5.999845610823451025e-03 0.000000000000000000e+00 1.000000000000000000e+00 0.000000000000000000e+00 0.000000000000000000e+00 0.000000000000000000e+00
1.750000000000000000e+03 6.999819879293989189e-03 0.000000000000000000e+00 1.000000000000000000e+00 0.000000000000000000e+00 0.000000000000000000e+00 0.000000000000000000e+00
2.000000000000000000e+03 7.999794147764527352e-03 0.000000000000000000e+00 1.000000000000000000e+00 0.000000000000000000e+00 0.000000000000000000e+00 0.000000000000000000e+00
2.250000000000000000e+03 8.999768416235065516e-03 0.000000000000000000e+00 1.000000000000000000e+00 0.000000000000000000e+00 0.000000000000000000e+00 0.000000000000000000e+00
2.500000000000000000e+03 9.999742684705603679e-03 0.000000000000000000e+00 1.000000000000000000e+00 0.000000000000000000e+00 0.000000000000000000e+00 0.000000000000000000e+00
2.750000000000000000e+03 1.099971695317614184e-02 0.000000000000000000e+00 1.000000000000000000e+00 0.000000000000000000e+00 0.000000000000000000e+00 0.000000000000000000e+00
3.000000000000000000e+03 1.199969122164690205e-02 0.000000000000000000e+00 1.000000000000000000e+00 0.000000000000000000e+00 0.000000000000000000e+00 0.000000000000000000e+00
3.250000000000000000e+03 1.299966549011744021e-02 0.000000000000000000e+00 1.000000000000000000e+00 0.000000000000000000e+00 0.000000000000000000e+00 0.000000000000000000e+00
3.500000000000000000e+03 1.399963975858797838e-02 0.000000000000000000e+00 1.000000000000000000e+00 0.000000000000000000e+00 0.000000000000000000e+00 0.000000000000000000e+00
3.750000000000000000e+03 1.499961402705851654e-02 0.000000000000000000e+00 1.000000000000000000e+00 0.000000000000000000e+00 0.000000000000000000e+00 0.000000000000000000e+00
4.000000000000000000e+03 1.599958829552905470e-02 0.000000000000000000e+00 1.000000000000000000e+00 0.000000000000000000e+00 0.000000000000000000e+00 0.000000000000000000e+00
4.250000000000000000e+03 1.699956256399959287e-02 0.000000000000000000e+00 1.000000000000000000e+00 0.000000000000000000e+00 0.000000000000000000e+00 0.000000000000000000e+00
4.500000000000000000e+03 1.799953683247013103e-02 0.000000000000000000e+00 1.000000000000000000e+00 0.000000000000000000e+00 0.000000000000000000e+00 0.000000000000000000e+00
4.750000000000000000e+03 1.899951110094066919e-02 0.000000000000000000e+00 1.000000000000000000e+00 0.000000000000000000e+00 0.000000000000000000e+00 0.000000000000000000e+00
5.000000000000000000e+03 1.999948536941142940e-02 0.000000000000000000e+00 1.000000000000000000e+00 0.000000000000000000e+00 0.000000000000000000e+00 0.000000000000000000e+00
5.250000000000000000e+03 2.099945963788196757e-02 0.000000000000000000e+00 1.000000000000000000e+00 0.000000000000000000e+00 0.000000000000000000e+00 0.000000000000000000e+00
5.500000000000000000e+03 2.199943390635250573e-02 0.000000000000000000e+00 1.000000000000000000e+00 0.000000000000000000e+00 0.000000000000000000e+00 0.000000000000000000e+00
5.750000000000000000e+03 2.299940817482304389e-02 0.000000000000000000e+00 1.000000000000000000e+00 0.000000000000000000e+00 0.000000000000000000e+00 0.000000000000000000e+00
6.000000000000000000e+03 2.399938244329358206e-02 0.000000000000000000e+00 1.000000000000000000e+00 0.000000000000000000e+00 0.000000000000000000e+00 0.000000000000000000e+00
6.250000000000000000e+03 2.499935671176412022e-02 0.000000000000000000e+00 1.000000000000000000e+00 0.000000000000000000e+00 0.000000000000000000e+00 0.000000000000000000e+00
6.500000000000000000e+03 2.599933098023465838e-02 0.000000000000000000e+00 1.000000000000000000e+00 0.000000000000000000e+00 0.000000000000000000e+00 0.000000000000000000e+00
6.750000000000000000e+03 2.699930524870519655e-02 0.000000000000000000e+00 1.000000000000000000e+00 0.000000000000000000e+00 0.000000000000000000e+00 0.000000000000000000e+00
7.000000000000000000e+03 2.799927951717595676e-02 0.000000000000000000e+00 1.000000000000000000e+00 0.000000000000000000e+00 0.000000000000000000e+00 0.000000000000000000e+00
7.250000000000000000e+03 2.899925378564649492e-02 0.000000000000000000e+00 1.000000000000000000e+00 0.000000000000000000e+00 0.000000000000000000e+00 0.000000000000000000e+00
7.500000000000000000e+03 2.999922805411703308e-02 0.000000000000000000e+00 1.000000000000000000e+00 0.000000000000000000e+00 0.000000000000000000e+00 0.000000000000000000e+00
7.750000000000000000e+03 3.099920232258757125e-02 0.000000000000000000e+00 1.000000000000000000e+00 0.000000000000000000e+00 0.000000000000000000e+00 0.000000000000000000e+00
8.000000000000000000e+03 3.199917659105810941e-02 0.000000000000000000e+00 1.000000000000000000e+00 0.000000000000000000e+00 0.000000000000000000e+00 0.000000000000000000e+00
8.250000000000000000e+03 3.299915085952864757e-02 0.000000000000000000e+00 1.000000000000000000e+00 0.000000000000000000e+00 0.000000000000000000e+00 0.000000000000000000e+00
8.500000000000000000e+03 3.399912512799918574e-02 0.000000000000000000e+00 1.000000000000000000e+00 0.000000000000000000e+00 0.000000000000000000e+00 0.000000000000000000e+00
8.750000000000000000e+03 3.499909939646972390e-02 0.000000000000000000e+00 1.000000000000000000e+00 0.000000000000000000e+00 0.000000000000000000e+00 0.000000000000000000e+00
9.000000000000000000e+03 3.599907366494048411e-02 0.000000000000000000e+00 1.000000000000000000e+00 0.000000000000000000e+00 0.000000000000000000e+00 0.000000000000000000e+00
9.250000000000000000e+03 3.699904793341102227e-02 0.000000000000000000e+00 1.000000000000000000e+00 0.000000000000000000e+00 0.000000000000000000e+00 0.000000000000000000e+00
9.500000000000000000e+03 3.799902220188156043e-02 0.000000000000000000e+00 1.000000000000000000e+00 0.000000000000000000e+00 0.000000000000000000e+00 0.000000000000000000e+00
9.750000000000000000e+03 3.899899647035209860e-02 0.000000000000000000e+00 1.000000000000000000e+00 0.000000000000000000e+00 0.000000000000000000e+00 0.000000000000000000e+00
1.000000000000000000e+04 3.999897073882263676e-02 0.000000000000000000e+00 1.000000000000000000e+00 0.000000000000000000e+00 0.000000000000000000e+00 0.000000000000000000e+00
1.025000000000000000e+04 4.099894500729317492e-02 0.000000000000000000e+00 1.000000000000000000e+00 0.000000000000000000e+00 0.000000000000000000e+00 0.000000000000000000e+00
1.050000000000000000e+04 4.199891927576371309e-02 0.000000000000000000e+00 1.000000000000000000e+00 0.000000000000000000e+00 0.000000000000000000e+00 0.000000000000000000e+00
1.075000000000000000e+04 4.299889354423425125e-02 0.000000000000000000e+00 1.000000000000000000e+00 0.000000000000000000e+00 0.000000000000000000e+00 0.000000000000000000e+00
1.100000000000000000e+04 4.399886781270501146e-02 0.000000000000000000e+00 1.000000000000000000e+00 0.000000000000000000e+00 0.000000000000000000e+00 0.000000000000000000e+00
1.125000000000000000e+04 4.499884208117554962e-02 0.000000000000000000e+00 1.000000000000000000e+00 0.000000000000000000e+00 0.000000000000000000e+00 0.000000000000000000e+00
1.150000000000000000e+04 4.599881634964608779e-02 0.000000000000000000e+00 1.000000000000000000e+00 0.000000000000000000e+00 0.000000000000000000e+00 0.000000000000000000e+00
1.175000000000000000e+04 4.699879061811662595e-02 0.000000000000000000e+00 1.000000000000000000e+00 0.000000000000000000e+00 0.000000000000000000e+00 0.000000000000000000e+00
1.200000000000000000e+04 4.799876488658716411e-02 0.000000000000000000e+00 1.000000000000000000e+00 0.000000000000000000e+00 0.000000000000000000e+00 0.000000000000000000e+00
1.225000000000000000e+04 4.899873915505770228e-02 0.000000000000000000e+00 1.000000000000000000e+00 0.000000000000000000e+00 0.000000000000000000e+00 0.000000000000000000e+00
1.250000000000000000e+04 4.999871342352824044e-02 0.000000000000000000e+00 1.000000000000000000e+00 0.000000000000000000e+00 0.000000000000000000e+00 0.000000000000000000e+00
1.275000000000000000e+04 5.099868769199877860e-02 0.000000000000000000e+00 1.000000000000000000e+00 0.000000000000000000e+00 0.000000000000000000e+00 0.000000000000000000e+00
1.300000000000000000e+04 5.199866196046953881e-02 0.000000000000000000e+00 1.000000000000000000e+00 0.000000000000000000e+00 0.000000000000000000e+00 0.000000000000000000e+00
1.325000000000000000e+04 5.299863622894007698e-02 0.000000000000000000e+00 1.000000000000000000e+00 0.000000000000000000e+00 0.000000000000000000e+00 0.000000000000000000e+00
1.350000000000000000e+04 5.399861049741061514e-02 0.000000000000000000e+00 1.000000000000000000e+00 0.000000000000000000e+00 0.000000000000000000e+00 0.000000000000000000e+00
1.375000000000000000e+04 5.499858476588115330e-02 0.000000000000000000e+00 1.000000000000000000e+00 0.000000000000000000e+00 0.000000000000000000e+00 0.000000000000000000e+00
1.400000000000000000e+04 5.599855903435169147e-02 0.000000000000000000e+00 1.000000000000000000e+00 0.000000000000000000e+00 0.000000000000000000e+00 0.000000000000000000e+00
1.425000000000000000e+04 5.699853330282222963e-02 0.000000000000000000e+00 1.000000000000000000e+00 0.000000000000000000e+00 0.000000000000000000e+00 0.000000000000000000e+00
1.450000000000000000e+04 5.799850757129276779e-02 0.000000000000000000e+00 1.000000000000000000e+00 0.000000000000000000e+00 0.000000000000000000e+00 0.000000000000000000e+00
1.475000000000000000e+04 5.899848183976330596e-02 0.000000000000000000e+00 1.000000000000000000e+00 0.000000000000000000e+00 0.000000000000000000e+00 0.000000000000000000e+00
1.500000000000000000e+04 5.999845610823406616e-02 0.000000000000000000e+00 1.000000000000000000e+00 0.000000000000000000e+00 0.000000000000000000e+00 0.000000000000000000e+00
1.525000000000000000e+04 6.099843037670460433e-02 0.000000000000000000e+00 1.000000000000000000e+00 0.000000000000000000e+00 0.000000000000000000e+00 0.000000000000000000e+00
1.550000000000000000e+04 6.199840464517514249e-02 0.000000000000000000e+00 1.000000000000000000e+00 0.000000000000000000e+00 0.000000000000000000e+00 0.000000000000000000e+00
1.575000000000000000e+04 6.299837891364568065e-02 1.137915339098771066e-04 9.998862084660901095e-01 0.000000000000000000e+00 0.000000000000000000e+00 0.000000000000000000e+00
1.600000000000000000e+04 6.399835318211621882e-02 0.000000000000000000e+00 1.000000000000000000e+00 0.000000000000000000e+00 0.000000000000000000e+00 0.000000000000000000e+00
1.625000000000000000e+04 6.499832745058675698e-02 0.000000000000000000e+00 1.000000000000000000e+00 0.000000000000000000e+00 0.000000000000000000e+00 0.000000000000000000e+00
1.650000000000000000e+04 6.599830171905729514e-02 0.000000000000000000e+00 1.000000000000000000e+00 0.000000000000000000e+00 0.000000000000000000e+00 0.000000000000000000e+00
1.675000000000000000e+04 6.699827598752805535e-02 3.413746017296313199e-04 9.996586253982703285e-01 0.000000000000000000e+00 0.000000000000000000e+00 0.000000000000000000e+00
1.700000000000000000e+04 6.799825025599859352e-02 1.137915339098771066e-04 9.998862084660901095e-01 0.000000000000000000e+00 0.000000000000000000e+00 0.000000000000000000e+00
1.725000000000000000e+04 6.899822452446913168e-02 0.000000000000000000e+00 1.000000000000000000e+00 0.000000000000000000e+00 0.000000000000000000e+00 0.000000000000000000e+00
1.750000000000000000e+04 6.999819879293966984e-02 4.551661356395084266e-04 9.995448338643604380e-01 0.000000000000000000e+00 0.000000000000000000e+00 0.000000000000000000e+00
1.775000000000000000e+04 7.099817306141020801e-02 0.000000000000000000e+00 1.000000000000000000e+00 0.000000000000000000e+00 0.000000000000000000e+00 0.000000000000000000e+00
1.800000000000000000e+04 7.199814732988074617e-02 0.000000000000000000e+00 1.000000000000000000e+00 0.000000000000000000e+00 0.000000000000000000e+00 0.000000000000000000e+00
1.825000000000000000e+04 7.299812159835128433e-02 0.000000000000000000e+00 1.000000000000000000e+00 0.000000000000000000e+00 0.000000000000000000e+00 0.000000000000000000e+00
1.850000000000000000e+04 7.399809586682182250e-02 1.137915339098771066e-04 9.998862084660901095e-01 0.000000000000000000e+00 0.000000000000000000e+00 0.000000000000000000e+00
1.875000000000000000e+04 7.499807013529258271e-02 1.137915339098770958e-03 9.987482931269913156e-01 0.000000000000000000e+00 1.137915339098771066e-04 0.000000000000000000e+00
1.900000000000000000e+04 7.599804440376312087e-02 0.000000000000000000e+00 1.000000000000000000e+00 0.000000000000000000e+00 0.000000000000000000e+00 0.000000000000000000e+00
1.925000000000000000e+04 7.699801867223365903e-02 3.413746017296313199e-04 9.995448338643604380e-01 0.000000000000000000e+00 1.137915339098771066e-04 0.000000000000000000e+00
1.950000000000000000e+04 7.799799294070419720e-02 0.000000000000000000e+00 1.000000000000000000e+00 0.000000000000000000e+00 0.000000000000000000e+00 0.000000000000000000e+00
1.975000000000000000e+04 7.899796720917473536e-02 2.275830678197542133e-04 9.997724169321802190e-01 0.000000000000000000e+00 0.000000000000000000e+00 0.000000000000000000e+00
2.000000000000000000e+04 7.999794147764527352e-02 0.000000000000000000e+00 9.998862084660901095e-01 0.000000000000000000e+00 1.137915339098771066e-04 0.000000000000000000e+00
2.025000000000000000e+04 8.099791574611581169e-02 4.551661356395084266e-04 9.995448338643604380e-01 0.000000000000000000e+00 0.000000000000000000e+00 0.000000000000000000e+00
2.050000000000000000e+04 8.199789001458634985e-02 7.965407373691396923e-04 9.990896677287209870e-01 0.000000000000000000e+00 1.137915339098771066e-04 0.000000000000000000e+00
2.075000000000000000e+04 8.299786428305711006e-02 9.103322712790168532e-04 9.990896677287209870e-01 0.000000000000000000e+00 0.000000000000000000e+00 0.000000000000000000e+00
2.100000000000000000e+04 8.399783855152764822e-02 5.689576695493854790e-04 9.994310423304506585e-01 0.000000000000000000e+00 0.000000000000000000e+00 0.000000000000000000e+00
2.125000000000000000e+04 8.499781281999818638e-02 1.137915339098771066e-04 9.998862084660901095e-01 0.000000000000000000e+00 0.000000000000000000e+00 0.000000000000000000e+00
2.150000000000000000e+04 8.599778708846872455e-02 5.689576695493854790e-04 9.994310423304506585e-01 0.000000000000000000e+00 0.000000000000000000e+00 0.000000000000000000e+00
2.175000000000000000e+04 8.699776135693926271e-02 1.137915339098771066e-04 9.998862084660901095e-01 0.000000000000000000e+00 0.000000000000000000e+00 0.000000000000000000e+00
2.200000000000000000e+04 8.799773562540980087e-02 2.275830678197542133e-04 9.996586253982703285e-01 0.000000000000000000e+00 1.137915339098771066e-04 0.000000000000000000e+00
2.225000000000000000e+04 8.899770989388033904e-02 6.827492034592626399e-04 9.993172507965407680e-01 0.000000000000000000e+00 0.000000000000000000e+00 0.000000000000000000e+00
2.250000000000000000e+04 8.999768416235087720e-02 1.365498406918525280e-03 9.984069185252617551e-01 0.000000000000000000e+00 2.275830678197542133e-04 0.000000000000000000e+00
2.275000000000000000e+04 9.099765843082163741e-02 6.827492034592626399e-04 9.993172507965407680e-01 0.000000000000000000e+00 0.000000000000000000e+00 0.000000000000000000e+00
2.300000000000000000e+04 9.199763269929217557e-02 1.593081474738279385e-03 9.982931269913518646e-01 0.000000000000000000e+00 1.137915339098771066e-04 0.000000000000000000e+00
2.325000000000000000e+04 9.299760696776271374e-02 1.024123805188893906e-03 9.989758761948110966e-01 0.000000000000000000e+00 0.000000000000000000e+00 0.000000000000000000e+00
2.350000000000000000e+04 9.399758123623325190e-02 1.593081474738279385e-03 9.982931269913518646e-01 0.000000000000000000e+00 1.137915339098771066e-04 0.000000000000000000e+00
2.375000000000000000e+04 9.499755550470379006e-02 9.103322712790168532e-04 9.989758761948110966e-01 0.000000000000000000e+00 1.137915339098771066e-04 0.000000000000000000e+00
2.400000000000000000e+04 9.599752977317432823e-02 9.103322712790168532e-04 9.989758761948110966e-01 0.000000000000000000e+00 1.137915339098771066e-04 0.000000000000000000e+00
2.425000000000000000e+04 9.699750404164486639e-02 1.251706873008648227e-03 9.987482931269913156e-01 0.000000000000000000e+00 0.000000000000000000e+00 0.000000000000000000e+00
2.450000000000000000e+04 9.799747831011540455e-02 3.413746017296313199e-04 9.996586253982703285e-01 0.000000000000000000e+00 0.000000000000000000e+00 0.000000000000000000e+00
2.475000000000000000e+04 9.899745257858616476e-02 2.503413746017296455e-03 9.974965862539827421e-01 0.000000000000000000e+00 0.000000000000000000e+00 0.000000000000000000e+00
2.500000000000000000e+04 9.999742684705670293e-02 1.934456076467910759e-03 9.979517523896221931e-01 0.000000000000000000e+00 1.137915339098771066e-04 0.000000000000000000e+00
2.525000000000000000e+04 1.009974011155272411e-01 4.096495220755575623e-03 9.957897132453344957e-01 0.000000000000000000e+00 1.137915339098771066e-04 0.000000000000000000e+00
2.550000000000000000e+04 1.019973753839977793e-01 2.730996813837050560e-03 9.971552116522530707e-01 0.000000000000000000e+00 1.137915339098771066e-04 0.000000000000000000e+00
2.575000000000000000e+04 1.029973496524683174e-01 3.868912152935821518e-03 9.960172963131542767e-01 0.000000000000000000e+00 1.137915339098771066e-04 0.000000000000000000e+00
2.600000000000000000e+04 1.039973239209388556e-01 4.893035958124715423e-03 9.945380063723259223e-01 0.000000000000000000e+00 5.689576695493854790e-04 0.000000000000000000e+00
2.625000000000000000e+04 1.049972981894093937e-01 5.917159763313609329e-03 9.939690487027764698e-01 0.000000000000000000e+00 1.137915339098771066e-04 0.000000000000000000e+00
2.650000000000000000e+04 1.059972724578799319e-01 6.713700500682749130e-03 9.928311333636777869e-01 0.000000000000000000e+00 4.551661356395084266e-04 0.000000000000000000e+00
2.675000000000000000e+04 1.069972467263506921e-01 1.137915339098771045e-02 9.878243058716431602e-01 0.000000000000000000e+00 7.965407373691396923e-04 0.000000000000000000e+00
2.700000000000000000e+04 1.079972209948212303e-01 1.172052799271734204e-02 9.871415566681839282e-01 0.000000000000000000e+00 1.137915339098770958e-03 0.000000000000000000e+00
2.725000000000000000e+04 1.089971952632917684e-01 2.446517979062357712e-02 9.647246244879380539e-01 0.000000000000000000e+00 1.081019572143832562e-02 0.000000000000000000e+00
2.750000000000000000e+04 1.099971695317623066e-01 1.286982248520709970e-01 4.798588984979517691e-01 0.000000000000000000e+00 3.914428766499772339e-01 0.000000000000000000e+00
2.775000000000000000e+04 1.109971438002328448e-01 1.508875739644970349e-01 3.287437414656349532e-01 1.479289940828402332e-03 5.188893946290396020e-01 0.000000000000000000e+00
2.800000000000000000e+04 1.119971180687033829e-01 2.778789258079198965e-01 4.619936276741010706e-01 1.702321347291761433e-01 8.989531178880291740e-02 0.000000000000000000e+00
2.825000000000000000e+04 1.129970923371739211e-01 2.568274920345926526e-01 4.968138370505234547e-01 2.127901684114701930e-01 3.356850250341374825e-02 0.000000000000000000e+00
2.850000000000000000e+04 1.139970666056444593e-01 2.314519799726900418e-01 5.308375056895766608e-01 2.199590350477924339e-01 1.775147928994082885e-02 0.000000000000000000e+00
2.875000000000000000e+04 1.149970408741152195e-01 2.059626763768775681e-01 5.813609467455621571e-01 2.040282203004096517e-01 8.648156577150659455e-03 0.000000000000000000e+00
2.900000000000000000e+04 1.159970151425857576e-01 1.859353664087392000e-01 6.074192080109239722e-01 1.992489758761948060e-01 7.396449704142011444e-03 0.000000000000000000e+00
2.925000000000000000e+04 1.169969894110562958e-01 1.702321347291761433e-01 6.192535275375512516e-01 2.066454255803368278e-01 3.868912152935821518e-03 0.000000000000000000e+00
2.950000000000000000e+04 1.179969636795268340e-01 1.599908966772872199e-01 6.093536640873918886e-01 2.242831133363677731e-01 6.372325898953117539e-03 0.000000000000000000e+00
2.975000000000000000e+04 1.189969379479973721e-01 1.508875739644970349e-01 6.341602184797451303e-01 2.111970869367319203e-01 3.755120619025944465e-03 0.000000000000000000e+00
3.000000000000000000e+04 1.199969122164679103e-01 1.444014565316340537e-01 6.381429221665908535e-01 2.129039599453800558e-01 4.551661356395083832e-03 0.000000000000000000e+00
3.025000000000000000e+04 1.209968864849384484e-01 1.429221665908056438e-01 6.343878015475649113e-01 2.171142467000455045e-01 5.575785161583977738e-03 0.000000000000000000e+00
3.050000000000000000e+04 1.219968607534089866e-01 1.409877105143377274e-01 6.359808830223031562e-01 2.174556213017751483e-01 5.575785161583977738e-03 0.000000000000000000e+00
3.075000000000000000e+04 1.229968350218797468e-01 1.429221665908056438e-01 6.300637232589895165e-01 2.210969503868912278e-01 5.917159763313609329e-03 0.000000000000000000e+00
3.100000000000000000e+04 1.239968092903502850e-01 1.368912152935821691e-01 6.256258534365043422e-01 2.304278561675011383e-01 7.055075102412380721e-03 0.000000000000000000e+00
3.125000000000000000e+04 1.249967835588208231e-01 1.382567137005006885e-01 6.164087391898043222e-01 2.385070550751024199e-01 6.827492034592626616e-03 0.000000000000000000e+00
3.150000000000000000e+04 1.259967578272913613e-01 1.420118343195266308e-01 6.063950842057350687e-01 2.454483386436049075e-01 6.144742831133363434e-03 0.000000000000000000e+00
3.175000000000000000e+04 1.269967320957618995e-01 1.274465179790623681e-01 6.093536640873918886e-01 2.575102412380518846e-01 5.689576695493855224e-03 0.000000000000000000e+00
3.200000000000000000e+04 1.279967063642324376e-01 1.293809740555302568e-01 6.098088302230314506e-01 2.578516158397815006e-01 2.958579881656804664e-03 0.000000000000000000e+00
3.225000000000000000e+04 1.289966806327029758e-01 1.269913518434228616e-01 6.096950386891215601e-01 2.587619481110605135e-01 4.551661356395083832e-03 0.000000000000000000e+00
3.250000000000000000e+04 1.299966549011737360e-01 1.285844333181611343e-01 6.106053709604005730e-01 2.567137005006827621e-01 4.096495220755575623e-03 0.000000000000000000e+00
3.275000000000000000e+04 1.309966291696442742e-01 1.296085571233500100e-01 6.087847064178425471e-01 2.578516158397815006e-01 3.755120619025944465e-03 0.000000000000000000e+00
3.300000000000000000e+04 1.319966034381148123e-01 1.289258079198907503e-01 6.086709148839326566e-01 2.586481565771506785e-01 3.755120619025944465e-03 0.000000000000000000e+00
3.325000000000000000e+04 1.329965777065853505e-01 1.305188893946290507e-01 6.101502048247610110e-01 2.546654528903049552e-01 4.665452890304961318e-03 0.000000000000000000e+00
3.350000000000000000e+04 1.339965519750558887e-01 1.296085571233500100e-01 6.104915794264906825e-01 2.558033682294037492e-01 4.096495220755575623e-03 0.000000000000000000e+00
3.375000000000000000e+04 1.349965262435264268e-01 1.286982248520709970e-01 6.104915794264906825e-01 2.573964497041419941e-01 3.413746017296313308e-03 0.000000000000000000e+00
3.400000000000000000e+04 1.359965005119969650e-01 1.307464724624488039e-01 6.091260810195721076e-01 2.564861174328629811e-01 3.641329085116067413e-03 0.000000000000000000e+00
3.425000000000000000e+04 1.369964747804675032e-01 1.306326809285389134e-01 6.071916249431041912e-01 2.584205735093308975e-01 3.755120619025944465e-03 0.000000000000000000e+00
3.450000000000000000e+04 1.379964490489382634e-01 1.288120163859808875e-01 6.096950386891215601e-01 2.575102412380518846e-01 3.982703686845699004e-03 0.000000000000000000e+00
3.475000000000000000e+04 1.389964233174088015e-01 1.316568047337278169e-01 6.076467910787437532e-01 2.573964497041419941e-01 3.299954483386436255e-03 0.000000000000000000e+00
3.500000000000000000e+04 1.399963975858793397e-01 1.309740555302685572e-01 6.094674556213017791e-01 2.561447428311333652e-01 3.413746017296313308e-03 0.000000000000000000e+00
3.525000000000000000e+04 1.409963718543498779e-01 1.326809285389166926e-01 6.236913973600364258e-01 2.381656804733727761e-01 5.461993627674101119e-03 0.000000000000000000e+00
3.550000000000000000e+04 1.419963461228204160e-01 1.239189804278561652e-01 6.708010923987255403e-01 2.001593081474738189e-01 5.120619025944469528e-03 0.000000000000000000e+00
3.575000000000000000e+04 1.429963203912909542e-01 1.143604915794264876e-01 6.920801092398725096e-01 1.885525716886663761e-01 5.006827492034592909e-03 0.000000000000000000e+00
3.600000000000000000e+04 1.439962946597614923e-01 1.102639963586709154e-01 6.995903504779243942e-01 1.832043695949021334e-01 6.941283568502503235e-03 0.000000000000000000e+00
3.625000000000000000e+04 1.449962689282320305e-01 9.956759217114247162e-02 7.188211197086936677e-01 1.763768775603095085e-01 5.234410559854347014e-03 0.000000000000000000e+00
3.650000000000000000e+04 1.459962431967027907e-01 9.547109695038688559e-02 7.083522985889849632e-01 1.878698224852070886e-01 8.306781975421027864e-03 0.000000000000000000e+00
3.675000000000000000e+04 1.469962174651733289e-01 9.387801547564861293e-02 7.035730541647701175e-01 1.973145197997268896e-01 5.234410559854347014e-03 0.000000000000000000e+00
3.700000000000000000e+04 1.479961917336438670e-01 9.080564406008193035e-02 7.306554392353209471e-01 1.717114246700045532e-01 6.827492034592626616e-03 0.000000000000000000e+00
3.725000000000000000e+04 1.489961660021144052e-01 7.908511606736458310e-02 7.363450159308146947e-01 1.780837505689576716e-01 6.486117432862995025e-03 0.000000000000000000e+00
3.750000000000000000e+04 1.499961402705849434e-01 7.817478379608557015e-02 7.262175694128356618e-01 1.898042785616750050e-01 5.803368229403732710e-03 0.000000000000000000e+00
3.775000000000000000e+04 1.509961145390554815e-01 7.658170232134729749e-02 7.271279016841146747e-01 1.888939462903959920e-01 7.396449704142011444e-03 0.000000000000000000e+00
3.800000000000000000e+04 1.519960888075260197e-01 7.817478379608557015e-02 7.239417387346381849e-01 1.931042330450614408e-01 4.779244424214838804e-03 0.000000000000000000e+00
3.825000000000000000e+04 1.529960630759965579e-01 7.862994993172507663e-02 7.266727355484752238e-01 1.898042785616750050e-01 4.893035958124715423e-03 0.000000000000000000e+00
3.850000000000000000e+04 1.539960373444673181e-01 7.430587164314975124e-02 7.347519344560764498e-01 1.860491579426490627e-01 4.893035958124715423e-03 0.000000000000000000e+00
3.875000000000000000e+04 1.549960116129378562e-01 7.180245789713245175e-02 7.345243513882566688e-01 1.895766954938552518e-01 4.096495220755575623e-03 0.000000000000000000e+00
3.900000000000000000e+04 1.559959858814083944e-01 7.248520710059171146e-02 7.341829767865271084e-01 1.885525716886663761e-01 4.779244424214838804e-03 0.000000000000000000e+00
3.925000000000000000e+04 1.569959601498789326e-01 7.362312243969049153e-02 7.339553937187073274e-01 1.885525716886663761e-01 3.868912152935821518e-03 0.000000000000000000e+00
3.950000000000000000e+04 1.579959344183494707e-01 7.191624943104232837e-02 7.356622667273554628e-01 1.876422394173873354e-01 4.779244424214838804e-03 0.000000000000000000e+00
3.975000000000000000e+04 1.589959086868200089e-01 7.259899863450158808e-02 7.358898497951752438e-01 1.871870732817478289e-01 4.324078288575329727e-03 0.000000000000000000e+00
4.000000000000000000e+04 1.599958829552905470e-01 7.180245789713245175e-02 7.354346836595356818e-01 1.887801547564861293e-01 3.982703686845699004e-03 0.000000000000000000e+00
4.025000000000000000e+04 1.609958572237610852e-01 7.521620391442876419e-02 7.369139736003641472e-01 1.843422849340008995e-01 3.527537551206190360e-03 0.000000000000000000e+00
4.050000000000000000e+04 1.619958314922318454e-01 7.396449704142012138e-02 7.357760582612653533e-01 1.865043240782885692e-01 3.755120619025944465e-03 0.000000000000000000e+00
4.075000000000000000e+04 1.629958057607023836e-01 7.476103777878925771e-02 7.330450614474283144e-01 1.879836140191169791e-01 4.210286754665453109e-03 0.000000000000000000e+00
4.100000000000000000e+04 1.639957800291729217e-01 7.726445152480655720e-02 7.353208921256259023e-01 1.834319526627218866e-01 3.982703686845699004e-03 0.000000000000000000e+00
4.125000000000000000e+04 1.649957542976434599e-01 7.578516158397814728e-02 7.482931269913518646e-01 1.728493400091033194e-01 3.072371415566681717e-03 0.000000000000000000e+00
4.150000000000000000e+04 1.659957285661139981e-01 8.136094674556212936e-02 7.752617205279926926e-01 1.407601274465179741e-01 2.617205279927173507e-03 0.000000000000000000e+00
4.175000000000000000e+04 1.669957028345845362e-01 8.295402822030041590e-02 7.840236686390532617e-01 1.294947655894401473e-01 3.527537551206190360e-03 0.000000000000000000e+00
4.200000000000000000e+04 1.679956771030550744e-01 8.227127901684114231e-02 7.852753755120619461e-01 1.285844333181611343e-01 3.868912152935821518e-03 0.000000000000000000e+00
4.225000000000000000e+04 1.689956513715256126e-01 8.545744196631770151e-02 7.917614929449249273e-01 1.194811106053709632e-01 3.299954483386436255e-03 0.000000000000000000e+00
4.250000000000000000e+04 1.699956256399963728e-01 7.464724624487938109e-02 8.252162039144287364e-01 9.626763768775603580e-02 3.868912152935821518e-03 0.000000000000000000e+00
4.275000000000000000e+04 1.709955999084669109e-01 7.715065999089668058e-02 8.221438324988621371e-01 9.751934456076467861e-02 3.186162949476558769e-03 0.000000000000000000e+00
4.300000000000000000e+04 1.719955741769374491e-01 7.703686845698680397e-02 8.204369594902138907e-01 9.842967683204369156e-02 4.096495220755575623e-03 0.000000000000000000e+00
4.325000000000000000e+04 1.729955484454079873e-01 7.339553937187073829e-02 8.219162494310423561e-01 1.003641329085116080e-01 4.324078288575329727e-03 0.000000000000000000e+00
4.350000000000000000e+04 1.739955227138785254e-01 7.419208010923987462e-02 8.224852071005916976e-01 1.000227583067819781e-01 3.299954483386436255e-03 0.000000000000000000e+00
4.375000000000000000e+04 1.749954969823490636e-01 7.305416477014110843e-02 8.228265817023213691e-01 9.979517523896222486e-02 4.324078288575329727e-03 0.000000000000000000e+00
4.400000000000000000e+04 1.759954712508196017e-01 7.305416477014110843e-02 8.251024123805188459e-01 9.842967683204369156e-02 3.413746017296313308e-03 0.000000000000000000e+00
4.425000000000000000e+04 1.769954455192901399e-01 7.100591715976331542e-02 8.258989531178880794e-01 1.002503413746017313e-01 2.844788347746927612e-03 0.000000000000000000e+00
4.450000000000000000e+04 1.779954197877609001e-01 7.032316795630405570e-02 8.251024123805188459e-01 1.011606736458807443e-01 3.413746017296313308e-03 0.000000000000000000e+00
4.475000000000000000e+04 1.789953940562314383e-01 7.362312243969049153e-02 8.253299954483386269e-01 9.854346836595356818e-02 2.503413746017296455e-03 0.000000000000000000e+00
4.500000000000000000e+04 1.799953683247019764e-01 7.248520710059171146e-02 8.247610377787892855e-01 9.990896677287210148e-02 2.844788347746927612e-03 0.000000000000000000e+00
4.525000000000000000e+04 1.809953425931725146e-01 7.282658170232134132e-02 8.266954938552572019e-01 9.740555302685480199e-02 3.072371415566681717e-03 0.000000000000000000e+00
4.550000000000000000e+04 1.819953168616430528e-01 7.294037323623121793e-02 8.273782430587164338e-01 9.672280382339554228e-02 2.958579881656804664e-03 0.000000000000000000e+00
4.575000000000000000e+04 1.829952911301135909e-01 7.043695949021393232e-02 8.299954483386435822e-01 9.615384615384615918e-02 3.413746017296313308e-03 0.000000000000000000e+00
4.600000000000000000e+04 1.839952653985841291e-01 7.271279016841146470e-02 8.272644515248065433e-01 9.751934456076467861e-02 2.503413746017296455e-03 0.000000000000000000e+00
4.625000000000000000e+04 1.849952396670546673e-01 7.111970869367319203e-02 8.271506599908966528e-01 9.854346836595356818e-02 3.186162949476558769e-03 0.000000000000000000e+00
4.650000000000000000e+04 1.859952139355254275e-01 7.203004096495220498e-02 8.284023668639053373e-01 9.490213928083750250e-02 4.665452890304961318e-03 0.000000000000000000e+00
4.675000000000000000e+04 1.869951882039959656e-01 7.203004096495220498e-02 8.287437414656350088e-01 9.558488848429676221e-02 3.641329085116067413e-03 0.000000000000000000e+00
4.700000000000000000e+04 1.879951624724665038e-01 7.134729176149294527e-02 8.304506144742831442e-01 9.456076467910787264e-02 3.641329085116067413e-03 0.000000000000000000e+00
4.725000000000000000e+04 1.889951367409370420e-01 7.123350022758306865e-02 8.306781975421028141e-01 9.501593081474737912e-02 3.072371415566681717e-03 0.000000000000000000e+00
4.750000000000000000e+04 1.899951110094075801e-01 7.237141556668183484e-02 8.304506144742831442e-01 9.330905780609922984e-02 3.868912152935821518e-03 0.000000000000000000e+00
4.775000000000000000e+04 1.909950852778781183e-01 6.975421028675465873e-02 8.309057806099225951e-01 9.547109695038688559e-02 3.868912152935821518e-03 0.000000000000000000e+00
4.800000000000000000e+04 1.919950595463486565e-01 7.134729176149294527e-02 8.320436959490213891e-01 9.421939007737824279e-02 2.389622212107419402e-03 0.000000000000000000e+00
4.825000000000000000e+04 1.929950338148191946e-01 7.111970869367319203e-02 8.305644060081930347e-01 9.524351388256713236e-02 3.072371415566681717e-03 0.000000000000000000e+00
4.850000000000000000e+04 1.939950080832899548e-01 6.941283568502502888e-02 8.339781520254893055e-01 9.330905780609922984e-02 3.299954483386436255e-03 0.000000000000000000e+00
4.875000000000000000e+04 1.949949823517604930e-01 6.827492034592626269e-02 8.339781520254893055e-01 9.399180700955848955e-02 3.755120619025944465e-03 0.000000000000000000e+00
4.900000000000000000e+04 1.959949566202310312e-01 6.861629494765589254e-02 8.344333181611288675e-01 9.365043240782885969e-02 3.299954483386436255e-03 0.000000000000000000e+00
4.925000000000000000e+04 1.969949308887015693e-01 6.952662721893490549e-02 8.338643604915794150e-01 9.353664087391898307e-02 3.072371415566681717e-03 0.000000000000000000e+00
4.950000000000000000e+04 1.979949051571721075e-01 7.020937642239417908e-02 8.336367774237596340e-01 9.274010013654984674e-02 3.413746017296313308e-03 0.000000000000000000e+00
4.975000000000000000e+04 1.989948794256426456e-01 6.816112881201638607e-02 8.359126081019572219e-01 9.251251706873007963e-02 3.413746017296313308e-03 0.000000000000000000e+00
5.000000000000000000e+04 1.999948536941131838e-01 7.020937642239417908e-02 8.347746927628584279e-01 9.194355939918069653e-02 3.072371415566681717e-03 0.000000000000000000e+00
5.025000000000000000e+04 2.009948279625839440e-01 7.032316795630405570e-02 8.335229858898497435e-01 9.308147473827947660e-02 3.072371415566681717e-03 0.000000000000000000e+00
5.050000000000000000e+04 2.019948022310544822e-01 6.747837960855712636e-02 8.354574419663176599e-01 9.353664087391898307e-02 3.527537551206190360e-03 0.000000000000000000e+00
5.075000000000000000e+04 2.029947764995250203e-01 6.941283568502502888e-02 8.360263996358671124e-01 9.148839326354119006e-02 3.072371415566681717e-03 0.000000000000000000e+00
5.100000000000000000e+04 2.039947507679955585e-01 6.964041875284478211e-02 8.353436504324078804e-01 9.205735093309057315e-02 2.958579881656804664e-03 0.000000000000000000e+00
5.125000000000000000e+04 2.049947250364660967e-01 6.827492034592626269e-02 8.378470641784251383e-01 9.057806099226217711e-02 3.299954483386436255e-03 0.000000000000000000e+00
5.150000000000000000e+04 2.059946993049366348e-01 7.009558488848430247e-02 8.370505234410560158e-01 9.012289485662267063e-02 2.730996813837050560e-03 0.000000000000000000e+00
5.175000000000000000e+04 2.069946735734071730e-01 6.861629494765589254e-02 8.381884387801548097e-01 8.921256258534364381e-02 3.982703686845699004e-03 0.000000000000000000e+00
5.200000000000000000e+04 2.079946478418777112e-01 6.907146108329539902e-02 8.378470641784251383e-01 8.944014565316341092e-02 3.641329085116067413e-03 0.000000000000000000e+00
5.225000000000000000e+04 2.089946221103484714e-01 6.816112881201638607e-02 8.389849795175239322e-01 8.921256258534364381e-02 3.641329085116067413e-03 0.000000000000000000e+00
5.250000000000000000e+04 2.099945963788190095e-01 6.838871187983613931e-02 8.397815202548930547e-01 8.807464724624487762e-02 3.755120619025944465e-03 0.000000000000000000e+00
5.275000000000000000e+04 2.109945706472895477e-01 6.827492034592626269e-02 8.381884387801548097e-01 9.023668639053254725e-02 3.299954483386436255e-03 0.000000000000000000e+00
5.300000000000000000e+04 2.119945449157600859e-01 6.873008648156576916e-02 8.401228948566226151e-01 8.761948111060537114e-02 3.527537551206190360e-03 0.000000000000000000e+00
5.325000000000000000e+04 2.129945191842306240e-01 6.747837960855712636e-02 8.404642694583522866e-01 8.921256258534364381e-02 2.844788347746927612e-03 0.000000000000000000e+00
5.350000000000000000e+04 2.139944934527011622e-01 6.918525261720527564e-02 8.393263541192534927e-01 8.841602184797450747e-02 3.072371415566681717e-03 0.000000000000000000e+00
5.375000000000000000e+04 2.149944677211717003e-01 6.781975421028675621e-02 8.408056440600819581e-01 8.761948111060537114e-02 3.755120619025944465e-03 0.000000000000000000e+00
5.400000000000000000e+04 2.159944419896422385e-01 6.747837960855712636e-02 8.405780609922621771e-01 8.887118798361401395e-02 3.072371415566681717e-03 0.000000000000000000e+00
5.425000000000000000e+04 2.169944162581129987e-01 6.873008648156576916e-02 8.413746017296312996e-01 8.591260810195720798e-02 3.982703686845699004e-03 0.000000000000000000e+00
5.450000000000000000e+04 2.179943905265835369e-01 6.725079654073737312e-02 8.418297678652708615e-01 8.818843878015475424e-02 2.730996813837050560e-03 0.000000000000000000e+00
5.475000000000000000e+04 2.189943647950540750e-01 6.827492034592626269e-02 8.425125170687300935e-01 8.591260810195720798e-02 3.299954483386436255e-03 0.000000000000000000e+00
5.500000000000000000e+04 2.199943390635246132e-01 6.793354574419663283e-02 8.436504324078288874e-01 8.500227583067819503e-02 3.413746017296313308e-03 0.000000000000000000e+00
5.525000000000000000e+04 2.209943133319951514e-01 6.907146108329539902e-02 8.433090578060992160e-01 8.443331816112881194e-02 3.186162949476558769e-03 0.000000000000000000e+00
5.550000000000000000e+04 2.219942876004656895e-01 6.804733727810650945e-02 8.454710969503869133e-01 8.318161128812016913e-02 3.299954483386436255e-03 0.000000000000000000e+00
5.575000000000000000e+04 2.229942618689362277e-01 6.827492034592626269e-02 8.452435138825671324e-01 8.261265361857077216e-02 3.868912152935821518e-03 0.000000000000000000e+00
5.600000000000000000e+04 2.239942361374067659e-01 6.725079654073737312e-02 8.470641784251251583e-01 8.238507055075101893e-02 3.299954483386436255e-03 0.000000000000000000e+00
5.625000000000000000e+04 2.249942104058775261e-01 7.009558488848430247e-02 8.475193445607647202e-01 7.942649066909421296e-02 2.958579881656804664e-03 0.000000000000000000e+00
5.650000000000000000e+04 2.259941846743480642e-01 6.941283568502502888e-02 8.454710969503869133e-01 8.113336367774237612e-02 3.982703686845699004e-03 0.000000000000000000e+00
5.675000000000000000e+04 2.269941589428186024e-01 6.884387801547564578e-02 8.479745106964041712e-01 7.976786527082385669e-02 3.413746017296313308e-03 0.000000000000000000e+00
