# itime ezz other fcc hcp bcc ico
0.000000000000000000e+00 0.000000000000000000e+00 0.000000000000000000e+00 1.000000000000000000e+00 0.000000000000000000e+00 0.000000000000000000e+00 0.000000000000000000e+00
2.500000000000000000e+03 1.000001700689434614e-02 0.000000000000000000e+00 1.000000000000000000e+00 0.000000000000000000e+00 0.000000000000000000e+00 0.000000000000000000e+00
5.000000000000000000e+03 2.000003401378869228e-02 0.000000000000000000e+00 1.000000000000000000e+00 0.000000000000000000e+00 0.000000000000000000e+00 0.000000000000000000e+00
7.500000000000000000e+03 3.000005102068303842e-02 0.000000000000000000e+00 1.000000000000000000e+00 0.000000000000000000e+00 0.000000000000000000e+00 0.000000000000000000e+00
1.000000000000000000e+04 4.000006802757738456e-02 0.000000000000000000e+00 1.000000000000000000e+00 0.000000000000000000e+00 0.000000000000000000e+00 0.000000000000000000e+00
1.250000000000000000e+04 5.000008503447173069e-02 0.000000000000000000e+00 1.000000000000000000e+00 0.000000000000000000e+00 0.000000000000000000e+00 0.000000000000000000e+00
1.500000000000000000e+04 6.000010204136607683e-02 2.275830678197542133e-04 9.997724169321802190e-01 0.000000000000000000e+00 0.000000000000000000e+00 0.000000000000000000e+00
1.750000000000000000e+04 7.000011904826042297e-02 0.000000000000000000e+00 1.000000000000000000e+00 0.000000000000000000e+00 0.000000000000000000e+00 0.000000000000000000e+00
2.000000000000000000e+04 8.000013605515476911e-02 0.000000000000000000e+00 1.000000000000000000e+00 0.000000000000000000e+00 0.000000000000000000e+00 0.000000000000000000e+00
2.250000000000000000e+04 9.000015306204911525e-02 1.137915339098770958e-03 9.988620846609012061e-01 0.000000000000000000e+00 0.000000000000000000e+00 0.000000000000000000e+00
2.500000000000000000e+04 1.000001700689434614e-01 4.437869822485207214e-03 9.955621301775148257e-01 0.000000000000000000e+00 0.000000000000000000e+00 0.000000000000000000e+00
2.750000000000000000e+04 1.100001870758375855e-01 2.412380518889394726e-02 9.667728720983158608e-01 0.000000000000000000e+00 9.103322712790167665e-03 0.000000000000000000e+00
3.000000000000000000e+04 1.200002040827319316e-01 1.371187983614019223e-01 6.652253072371415721e-01 1.932180245789713313e-01 4.437869822485207214e-03 0.000000000000000000e+00
3.250000000000000000e+04 1.300002210896262778e-01 5.257168866636321991e-02 8.001820664542558248e-01 1.461083295402822169e-01 1.137915339098770958e-03 0.000000000000000000e+00
3.500000000000000000e+04 1.400002380965206239e-01 4.733727810650887463e-02 8.001820664542558248e-01 1.505461993627674189e-01 1.934456076467910759e-03 0.000000000000000000e+00
3.750000000000000000e+04 1.500002551034149700e-01 4.995448338643605074e-02 8.002958579881657153e-01 1.483841602184797492e-01 1.365498406918525280e-03 0.000000000000000000e+00
4.000000000000000000e+04 1.600002721103093162e-01 6.679563040509786664e-02 7.881201638598088755e-01 1.433773327264451503e-01 1.706873008648156654e-03 0.000000000000000000e+00
4.250000000000000000e+04 1.700002891172036623e-01 6.804733727810650945e-02 7.898270368684570109e-01 1.400773782430587144e-01 2.048247610377787811e-03 0.000000000000000000e+00
4.500000000000000000e+04 1.800003061240980085e-01 5.393718707328174627e-02 7.940373236231224041e-01 1.506599908966772816e-01 1.365498406918525280e-03 0.000000000000000000e+00
4.750000000000000000e+04 1.900003231309923546e-01 5.530268548020027264e-02 7.969959035047792240e-01 1.469048702776513393e-01 7.965407373691396923e-04 0.000000000000000000e+00
5.000000000000000000e+04 2.000003401378867007e-01 5.996813837050523482e-02 7.927856167501138307e-01 1.455393718707328199e-01 1.706873008648156654e-03 0.000000000000000000e+00
5.250000000000000000e+04 2.100003571447810469e-01 6.520254893035958010e-02 7.856167501137915066e-01 1.481565771506599960e-01 1.024123805188893906e-03 0.000000000000000000e+00
5.500000000000000000e+04 2.200003741516753930e-01 6.577150659990896320e-02 7.868684569868001910e-01 1.462221210741920796e-01 1.137915339098770958e-03 0.000000000000000000e+00
5.750000000000000000e+04 2.300003911585697391e-01 5.666818388711879900e-02 7.933545744196631722e-01 1.482703686845698587e-01 1.706873008648156654e-03 0.000000000000000000e+00
6.000000000000000000e+04 2.400004081654640853e-01 5.951297223486572835e-02 7.926718252162039402e-01 1.465634956759217233e-01 1.251706873008648227e-03 0.000000000000000000e+00
6.250000000000000000e+04 2.500004251723584314e-01 7.316795630405098505e-02 7.538689121529358328e-01 1.717114246700045532e-01 1.251706873008648227e-03 0.000000000000000000e+00
6.500000000000000000e+04 2.600004421792527776e-01 7.100591715976331542e-02 7.597860719162494725e-01 1.687528447883477334e-01 4.551661356395084266e-04 0.000000000000000000e+00
6.750000000000000000e+04 2.700004591861471237e-01 8.079198907601274626e-02 7.522758306781975879e-01 1.654528903049612976e-01 1.479289940828402332e-03 0.000000000000000000e+00
7.000000000000000000e+04 2.800004761930414698e-01 8.955393718707328754e-02 7.299726900318616041e-01 1.781975421028675344e-01 2.275830678197541916e-03 0.000000000000000000e+00
7.250000000000000000e+04 2.900004931999358160e-01 9.376422394173873631e-02 7.257624032771962108e-01 1.767182521620391522e-01 3.755120619025944465e-03 0.000000000000000000e+00
7.500000000000000000e+04 3.000005102068301621e-01 9.535730541647700897e-02 7.254210286754665393e-01 1.755803368229403860e-01 3.641329085116067413e-03 0.000000000000000000e+00
7.750000000000000000e+04 3.100005272137245083e-01 1.115157032316795582e-01 6.797906235776057793e-01 2.015248065543923661e-01 7.168866636322257339e-03 0.000000000000000000e+00
8.000000000000000000e+04 3.200005442206188544e-01 1.207328174783796060e-01 7.091488393263540857e-01 1.680700955848884737e-01 2.048247610377787811e-03 0.000000000000000000e+00
8.250000000000000000e+04 3.300005612275129785e-01 1.174328629949931702e-01 7.109695038689121116e-01 1.693218024578971304e-01 2.275830678197541916e-03 0.000000000000000000e+00
8.500000000000000000e+04 3.400005782344073246e-01 1.142467000455166110e-01 7.126763768775603580e-01 1.703459262630860338e-01 2.730996813837050560e-03 0.000000000000000000e+00
8.750000000000000000e+04 3.500005952413016708e-01 1.202776513427400995e-01 7.121074192080109055e-01 1.642011834319526686e-01 3.413746017296313308e-03 0.000000000000000000e+00
9.000000000000000000e+04 3.600006122481960169e-01 1.117432862994993115e-01 7.305416477014110566e-01 1.536185707783341015e-01 4.096495220755575623e-03 0.000000000000000000e+00
9.250000000000000000e+04 3.700006292550903630e-01 1.260810195721438209e-01 7.253072371415566488e-01 1.461083295402822169e-01 2.503413746017296455e-03 0.000000000000000000e+00
9.500000000000000000e+04 3.800006462619847092e-01 1.131087847064178448e-01 7.556895766954938587e-01 1.300637232589895442e-01 1.137915339098770958e-03 0.000000000000000000e+00
9.750000000000000000e+04 3.900006632688790553e-01 1.131087847064178448e-01 7.552344105598542967e-01 1.304050978607191602e-01 1.251706873008648227e-03 0.000000000000000000e+00
1.000000000000000000e+05 4.000006802757731794e-01 1.348429676832043622e-01 7.147246244879380539e-01 1.470186618115612298e-01 3.413746017296313308e-03 0.000000000000000000e+00
1.025000000000000000e+05 4.100006972826677476e-01 1.187983614019117035e-01 7.513654984069185749e-01 1.292671825216203940e-01 5.689576695493854790e-04 0.000000000000000000e+00
1.050000000000000000e+05 4.200007142895623158e-01 1.174328629949931702e-01 7.542102867546655043e-01 1.277878925807919841e-01 5.689576695493854790e-04 0.000000000000000000e+00
1.075000000000000000e+05 4.300007312964564399e-01 1.186845698680018268e-01 7.513654984069185749e-01 1.292671825216203940e-01 6.827492034592626399e-04 0.000000000000000000e+00
1.100000000000000000e+05 4.400007483033505640e-01 1.194811106053709632e-01 7.507965407373691225e-01 1.291533909877105035e-01 5.689576695493854790e-04 0.000000000000000000e+00
1.125000000000000000e+05 4.500007653102451322e-01 1.181156121984524299e-01 7.507965407373691225e-01 1.302913063268092975e-01 7.965407373691396923e-04 0.000000000000000000e+00
1.150000000000000000e+05 4.600007823171397003e-01 1.261948111060537114e-01 7.434000910332271284e-01 1.263086026399635742e-01 4.096495220755575623e-03 0.000000000000000000e+00
1.175000000000000000e+05 4.700007993240338244e-01 1.106053709604005453e-01 7.558033682294037492e-01 1.323395539371870766e-01 1.251706873008648227e-03 0.000000000000000000e+00
1.200000000000000000e+05 4.800008163309279485e-01 1.078743741465634925e-01 7.569412835685025431e-01 1.338188438780154865e-01 1.365498406918525280e-03 0.000000000000000000e+00
1.225000000000000000e+05 4.900008333378225167e-01 1.363222576240327721e-01 6.778561675011378629e-01 1.834319526627218866e-01 2.389622212107419402e-03 0.000000000000000000e+00
1.250000000000000000e+05 5.000008503447168628e-01 1.418980427856167403e-01 6.652253072371415721e-01 1.917387346381429214e-01 1.137915339098770958e-03 0.000000000000000000e+00
1.275000000000000000e+05 5.100008673516112090e-01 1.390532544378698110e-01 6.643149749658625591e-01 1.941283568502503443e-01 2.503413746017296455e-03 0.000000000000000000e+00
1.300000000000000000e+05 5.200008843585053331e-01 1.451979972690031762e-01 6.583978152025489194e-01 1.932180245789713313e-01 3.186162949476558769e-03 0.000000000000000000e+00
1.325000000000000000e+05 5.300009013653999013e-01 1.613563950842057393e-01 6.199362767410104835e-01 2.135867091488393155e-01 5.120619025944469528e-03 0.000000000000000000e+00
1.350000000000000000e+05 5.400009183722942474e-01 1.329085116067364458e-01 6.860491579426490905e-01 1.795630405097860816e-01 1.479289940828402332e-03 0.000000000000000000e+00
1.375000000000000000e+05 5.500009353791883715e-01 1.337050523441055960e-01 6.850250341374601870e-01 1.797906235776058348e-01 1.479289940828402332e-03 0.000000000000000000e+00
1.400000000000000000e+05 5.600009523860827176e-01 1.329085116067364458e-01 6.850250341374601870e-01 1.809285389167046010e-01 1.137915339098770958e-03 0.000000000000000000e+00
1.425000000000000000e+05 5.700009693929770638e-01 1.268775603095129711e-01 6.827492034592625991e-01 1.901456531634046487e-01 2.275830678197542133e-04 0.000000000000000000e+00
1.450000000000000000e+05 5.800009863998716320e-01 1.279016841147018746e-01 6.816112881201638052e-01 1.902594446973145115e-01 2.275830678197542133e-04 0.000000000000000000e+00
1.475000000000000000e+05 5.900010034067657561e-01 1.285844333181611343e-01 6.810423304506144637e-01 1.900318616294947582e-01 3.413746017296313199e-04 0.000000000000000000e+00
1.500000000000000000e+05 6.000010204136601022e-01 1.313154301319981732e-01 6.811561219845243542e-01 1.874146563495675821e-01 1.137915339098771066e-04 0.000000000000000000e+00
1.525000000000000000e+05 6.100010374205544483e-01 1.313154301319981732e-01 6.789940828402366568e-01 1.888939462903959920e-01 7.965407373691396923e-04 0.000000000000000000e+00
1.550000000000000000e+05 6.200010544274490165e-01 1.537323623122439642e-01 6.325671370050067743e-01 2.122212107419207960e-01 1.479289940828402332e-03 0.000000000000000000e+00
1.575000000000000000e+05 6.300010714343431406e-01 1.611288120163859861e-01 5.529130632680928636e-01 2.840236686390532617e-01 1.934456076467910759e-03 0.000000000000000000e+00
1.600000000000000000e+05 6.400010884412372647e-01 1.621529358215748617e-01 5.513199817933546187e-01 2.850477924442421651e-01 1.479289940828402332e-03 0.000000000000000000e+00
1.625000000000000000e+05 6.500011054481318329e-01 1.632908511606736557e-01 5.516613563950841792e-01 2.835685025034137552e-01 1.479289940828402332e-03 0.000000000000000000e+00
1.650000000000000000e+05 6.600011224550264011e-01 1.623805188893946427e-01 5.512061902594447282e-01 2.850477924442421651e-01 1.365498406918525280e-03 0.000000000000000000e+00
1.675000000000000000e+05 6.700011394619205252e-01 1.646563495675921751e-01 5.494993172507965928e-01 2.851615839781520001e-01 6.827492034592626399e-04 0.000000000000000000e+00
1.700000000000000000e+05 6.800011564688146493e-01 1.653390987710514348e-01 5.481338188438780179e-01 2.837960855712334807e-01 2.730996813837050560e-03 0.000000000000000000e+00
1.725000000000000000e+05 6.900011734757092174e-01 2.345243513882567243e-01 4.860036413290851343e-01 2.732134729176149412e-01 6.258534365043240920e-03 0.000000000000000000e+00
1.750000000000000000e+05 7.000011904826035636e-01 2.002730996813837094e-01 5.322030040964952358e-01 2.606964041875284299e-01 6.827492034592626616e-03 0.000000000000000000e+00
1.775000000000000000e+05 7.100012074894979097e-01 1.962903959945380139e-01 5.347064178425124936e-01 2.624032771961766208e-01 6.599908966772872511e-03 0.000000000000000000e+00
1.800000000000000000e+05 7.200012244963920338e-01 2.063040509786071841e-01 5.483614019116977989e-01 2.397587619481110488e-01 5.575785161583977738e-03 0.000000000000000000e+00
1.825000000000000000e+05 7.300012415032866020e-01 2.119936276741010428e-01 5.459717796995903205e-01 2.362312243969048597e-01 5.803368229403732710e-03 0.000000000000000000e+00
1.850000000000000000e+05 7.400012585101809481e-01 1.850250341374601593e-01 6.073054164770140817e-01 2.014110150204824756e-01 6.258534365043240920e-03 0.000000000000000000e+00
1.875000000000000000e+05 7.500012755170752943e-01 1.876422394173873354e-01 6.106053709604005730e-01 1.981110605370960398e-01 3.641329085116067413e-03 0.000000000000000000e+00
1.900000000000000000e+05 7.600012925239694184e-01 1.875284478834774726e-01 6.037778789258079204e-01 2.027765134274009950e-01 5.917159763313609329e-03 0.000000000000000000e+00
1.925000000000000000e+05 7.700013095308637645e-01 1.898042785616750050e-01 6.117432862994993670e-01 1.934456076467910846e-01 5.006827492034592909e-03 0.000000000000000000e+00
1.950000000000000000e+05 7.800013265377583327e-01 1.929904415111515781e-01 6.001365498406918686e-01 2.023213472917614886e-01 4.551661356395083832e-03 0.000000000000000000e+00
1.975000000000000000e+05 7.900013435446524568e-01 2.025489303595812418e-01 5.887573964497041512e-01 2.018661811561219821e-01 6.827492034592626616e-03 0.000000000000000000e+00
2.000000000000000000e+05 8.000013605515468029e-01 2.053937187073281712e-01 5.897815202548930547e-01 1.976558944014565333e-01 7.168866636322257339e-03 0.000000000000000000e+00
2.025000000000000000e+05 8.100013775584411491e-01 2.157487482931269851e-01 5.986572598998634032e-01 1.779699590350477811e-01 7.624032771961766417e-03 0.000000000000000000e+00
2.050000000000000000e+05 8.200013945653357172e-01 2.167728720983158885e-01 5.933090578060992160e-01 1.818388711879836139e-01 8.079198907601274626e-03 0.000000000000000000e+00
2.075000000000000000e+05 8.300014115722298413e-01 2.203004096495220776e-01 5.857988165680473314e-01 1.862767410104688159e-01 7.624032771961766417e-03 0.000000000000000000e+00
2.100000000000000000e+05 8.400014285791239654e-01 2.218934911242603503e-01 5.824988620846609511e-01 1.876422394173873354e-01 7.965407373691398007e-03 0.000000000000000000e+00
2.125000000000000000e+05 8.500014455860185336e-01 2.314519799726900418e-01 5.746472462448793950e-01 1.857077833409194467e-01 8.192990441511151245e-03 0.000000000000000000e+00
2.150000000000000000e+05 8.600014625929131018e-01 2.315657715065999045e-01 6.249431042330451103e-01 1.355257168866636219e-01 7.965407373691398007e-03 0.000000000000000000e+00
2.175000000000000000e+05 8.700014795998072259e-01 2.296313154301319881e-01 6.300637232589895165e-01 1.332498862084660896e-01 7.055075102412380721e-03 0.000000000000000000e+00
2.200000000000000000e+05 8.800014966067013500e-01 2.271279016841147025e-01 6.317705962676376519e-01 1.356395084205735124e-01 5.461993627674101119e-03 0.000000000000000000e+00
2.225000000000000000e+05 8.900015136135959182e-01 2.278106508875739622e-01 6.292671825216203940e-01 1.371187983614019223e-01 5.803368229403732710e-03 0.000000000000000000e+00
2.250000000000000000e+05 9.000015306204904864e-01 2.361174328629949970e-01 6.224396904870277414e-01 1.341602184797451025e-01 7.282658170232134826e-03 0.000000000000000000e+00
2.275000000000000000e+05 9.100015476273846105e-01 2.480655439235320836e-01 6.202776513427401550e-01 1.209604005461993592e-01 1.069640418752844727e-02 0.000000000000000000e+00
2.300000000000000000e+05 9.200015646342787345e-01 2.478379608557123304e-01 6.439462903959944917e-01 1.007055075102412378e-01 7.510241238051888930e-03 0.000000000000000000e+00
2.325000000000000000e+05 9.300015816411733027e-01 2.540964952207555583e-01 5.737369139736003820e-01 1.664770141101502010e-01 5.689576695493855224e-03 0.000000000000000000e+00
2.350000000000000000e+05 9.400015986480676489e-01 2.570550751024123781e-01 5.377787892580792040e-01 1.979972690031861493e-01 7.168866636322257339e-03 0.000000000000000000e+00
2.375000000000000000e+05 9.500016156549619950e-01 2.589895311788802945e-01 5.303823395539372099e-01 2.023213472917614886e-01 8.306781975421027864e-03 0.000000000000000000e+00
2.400000000000000000e+05 9.600016326618561191e-01 2.556895766954938587e-01 4.997724169321802190e-01 2.335002275830678209e-01 1.103777878925807886e-02 0.000000000000000000e+00
2.425000000000000000e+05 9.700016496687506873e-01 2.482931269913518368e-01 4.971552116522530707e-01 2.477241693218024676e-01 6.827492034592626616e-03 0.000000000000000000e+00
2.450000000000000000e+05 9.800016666756450334e-01 2.503413746017296160e-01 5.281065088757396220e-01 2.111970869367319203e-01 1.035502958579881741e-02 0.000000000000000000e+00
2.475000000000000000e+05 9.900016836825391575e-01 2.389622212107419263e-01 5.501820664542558248e-01 2.025489303595812418e-01 8.306781975421027864e-03 0.000000000000000000e+00
2.500000000000000000e+05 1.000001700689433282e+00 2.413518434228493492e-01 5.489303595812471404e-01 1.991351843422849432e-01 1.058261265361857065e-02 0.000000000000000000e+00
