# itime ezz other fcc hcp bcc ico
0.000000000000000000e+00 0.000000000000000000e+00 0.000000000000000000e+00 1.000000000000000000e+00 0.000000000000000000e+00 0.000000000000000000e+00 0.000000000000000000e+00
5.000000000000000000e+02 1.999971252989007908e-03 0.000000000000000000e+00 1.000000000000000000e+00 0.000000000000000000e+00 0.000000000000000000e+00 0.000000000000000000e+00
1.000000000000000000e+03 3.999942505978015816e-03 0.000000000000000000e+00 1.000000000000000000e+00 0.000000000000000000e+00 0.000000000000000000e+00 0.000000000000000000e+00
1.500000000000000000e+03 5.999913758967023725e-03 0.000000000000000000e+00 1.000000000000000000e+00 0.000000000000000000e+00 0.000000000000000000e+00 0.000000000000000000e+00
2.000000000000000000e+03 7.999885011956031633e-03 0.000000000000000000e+00 1.000000000000000000e+00 0.000000000000000000e+00 0.000000000000000000e+00 0.000000000000000000e+00
2.500000000000000000e+03 9.999856264945039541e-03 0.000000000000000000e+00 1.000000000000000000e+00 0.000000000000000000e+00 0.000000000000000000e+00 0.000000000000000000e+00
3.000000000000000000e+03 1.199982751793426949e-02 0.000000000000000000e+00 1.000000000000000000e+00 0.000000000000000000e+00 0.000000000000000000e+00 0.000000000000000000e+00
3.500000000000000000e+03 1.399979877092327740e-02 0.000000000000000000e+00 1.000000000000000000e+00 0.000000000000000000e+00 0.000000000000000000e+00 0.000000000000000000e+00
4.000000000000000000e+03 1.599977002391228531e-02 0.000000000000000000e+00 1.000000000000000000e+00 0.000000000000000000e+00 0.000000000000000000e+00 0.000000000000000000e+00
4.500000000000000000e+03 1.799974127690129322e-02 0.000000000000000000e+00 1.000000000000000000e+00 0.000000000000000000e+00 0.000000000000000000e+00 0.000000000000000000e+00
5.000000000000000000e+03 1.999971252989030113e-02 0.000000000000000000e+00 1.000000000000000000e+00 0.000000000000000000e+00 0.000000000000000000e+00 0.000000000000000000e+00
5.500000000000000000e+03 2.199968378287930904e-02 0.000000000000000000e+00 1.000000000000000000e+00 0.000000000000000000e+00 0.000000000000000000e+00 0.000000000000000000e+00
6.000000000000000000e+03 2.399965503586831694e-02 0.000000000000000000e+00 1.000000000000000000e+00 0.000000000000000000e+00 0.000000000000000000e+00 0.000000000000000000e+00
6.500000000000000000e+03 2.599962628885732485e-02 0.000000000000000000e+00 1.000000000000000000e+00 0.000000000000000000e+00 0.000000000000000000e+00 0.000000000000000000e+00
7.000000000000000000e+03 2.799959754184633276e-02 0.000000000000000000e+00 1.000000000000000000e+00 0.000000000000000000e+00 0.000000000000000000e+00 0.000000000000000000e+00
7.500000000000000000e+03 2.999956879483534067e-02 0.000000000000000000e+00 1.000000000000000000e+00 0.000000000000000000e+00 0.000000000000000000e+00 0.000000000000000000e+00
8.000000000000000000e+03 3.199954004782457062e-02 0.000000000000000000e+00 1.000000000000000000e+00 0.000000000000000000e+00 0.000000000000000000e+00 0.000000000000000000e+00
8.500000000000000000e+03 3.399951130081357853e-02 0.000000000000000000e+00 1.000000000000000000e+00 0.000000000000000000e+00 0.000000000000000000e+00 0.000000000000000000e+00
9.000000000000000000e+03 3.599948255380258644e-02 0.000000000000000000e+00 1.000000000000000000e+00 0.000000000000000000e+00 0.000000000000000000e+00 0.000000000000000000e+00
9.500000000000000000e+03 3.799945380679159435e-02 0.000000000000000000e+00 1.000000000000000000e+00 0.000000000000000000e+00 0.000000000000000000e+00 0.000000000000000000e+00
1.000000000000000000e+04 3.999942505978060225e-02 0.000000000000000000e+00 1.000000000000000000e+00 0.000000000000000000e+00 0.000000000000000000e+00 0.000000000000000000e+00
1.050000000000000000e+04 4.199939631276961016e-02 0.000000000000000000e+00 1.000000000000000000e+00 0.000000000000000000e+00 0.000000000000000000e+00 0.000000000000000000e+00
1.100000000000000000e+04 4.399936756575861807e-02 0.000000000000000000e+00 1.000000000000000000e+00 0.000000000000000000e+00 0.000000000000000000e+00 0.000000000000000000e+00
1.150000000000000000e+04 4.599933881874762598e-02 0.000000000000000000e+00 1.000000000000000000e+00 0.000000000000000000e+00 0.000000000000000000e+00 0.000000000000000000e+00
1.200000000000000000e+04 4.799931007173663389e-02 0.000000000000000000e+00 1.000000000000000000e+00 0.000000000000000000e+00 0.000000000000000000e+00 0.000000000000000000e+00
1.250000000000000000e+04 4.999928132472564180e-02 0.000000000000000000e+00 1.000000000000000000e+00 0.000000000000000000e+00 0.000000000000000000e+00 0.000000000000000000e+00
1.300000000000000000e+04 5.199925257771487175e-02 0.000000000000000000e+00 1.000000000000000000e+00 0.000000000000000000e+00 0.000000000000000000e+00 0.000000000000000000e+00
1.350000000000000000e+04 5.399922383070387966e-02 0.000000000000000000e+00 1.000000000000000000e+00 0.000000000000000000e+00 0.000000000000000000e+00 0.000000000000000000e+00
1.400000000000000000e+04 5.599919508369288756e-02 0.000000000000000000e+00 1.000000000000000000e+00 0.000000000000000000e+00 0.000000000000000000e+00 0.000000000000000000e+00
1.450000000000000000e+04 5.799916633668189547e-02 0.000000000000000000e+00 1.000000000000000000e+00 0.000000000000000000e+00 0.000000000000000000e+00 0.000000000000000000e+00
1.500000000000000000e+04 5.999913758967090338e-02 0.000000000000000000e+00 1.000000000000000000e+00 0.000000000000000000e+00 0.000000000000000000e+00 0.000000000000000000e+00
1.550000000000000000e+04 6.199910884265991129e-02 0.000000000000000000e+00 1.000000000000000000e+00 0.000000000000000000e+00 0.000000000000000000e+00 0.000000000000000000e+00
1.600000000000000000e+04 6.399908009564891920e-02 0.000000000000000000e+00 1.000000000000000000e+00 0.000000000000000000e+00 0.000000000000000000e+00 0.000000000000000000e+00
1.650000000000000000e+04 6.599905134863792711e-02 0.000000000000000000e+00 1.000000000000000000e+00 0.000000000000000000e+00 0.000000000000000000e+00 0.000000000000000000e+00
1.700000000000000000e+04 6.799902260162693501e-02 0.000000000000000000e+00 1.000000000000000000e+00 0.000000000000000000e+00 0.000000000000000000e+00 0.000000000000000000e+00
1.750000000000000000e+04 6.999899385461594292e-02 0.000000000000000000e+00 1.000000000000000000e+00 0.000000000000000000e+00 0.000000000000000000e+00 0.000000000000000000e+00
1.800000000000000000e+04 7.199896510760517288e-02 0.000000000000000000e+00 1.000000000000000000e+00 0.000000000000000000e+00 0.000000000000000000e+00 0.000000000000000000e+00
1.850000000000000000e+04 7.399893636059418078e-02 0.000000000000000000e+00 1.000000000000000000e+00 0.000000000000000000e+00 0.000000000000000000e+00 0.000000000000000000e+00
1.900000000000000000e+04 7.599890761358318869e-02 3.413746017296313199e-04 9.995448338643604380e-01 0.000000000000000000e+00 1.137915339098771066e-04 0.000000000000000000e+00
1.950000000000000000e+04 7.799887886657219660e-02 1.137915339098771066e-04 9.998862084660901095e-01 0.000000000000000000e+00 0.000000000000000000e+00 0.000000000000000000e+00
2.000000000000000000e+04 7.999885011956120451e-02 5.689576695493854790e-04 9.994310423304506585e-01 0.000000000000000000e+00 0.000000000000000000e+00 0.000000000000000000e+00
2.050000000000000000e+04 8.199882137255021242e-02 1.251706873008648227e-03 9.987482931269913156e-01 0.000000000000000000e+00 0.000000000000000000e+00 0.000000000000000000e+00
2.100000000000000000e+04 8.399879262553922032e-02 4.551661356395084266e-04 9.995448338643604380e-01 0.000000000000000000e+00 0.000000000000000000e+00 0.000000000000000000e+00
2.150000000000000000e+04 8.599876387852822823e-02 1.137915339098770958e-03 9.988620846609012061e-01 0.000000000000000000e+00 0.000000000000000000e+00 0.000000000000000000e+00
2.200000000000000000e+04 8.799873513151723614e-02 3.413746017296313199e-04 9.996586253982703285e-01 0.000000000000000000e+00 0.000000000000000000e+00 0.000000000000000000e+00
2.250000000000000000e+04 8.999870638450624405e-02 2.275830678197541916e-03 9.977241693218024121e-01 0.000000000000000000e+00 0.000000000000000000e+00 0.000000000000000000e+00
2.300000000000000000e+04 9.199867763749547400e-02 2.162039144287664864e-03 9.978379608557123026e-01 0.000000000000000000e+00 0.000000000000000000e+00 0.000000000000000000e+00
2.350000000000000000e+04 9.399864889048448191e-02 1.251706873008648227e-03 9.986345015930814251e-01 0.000000000000000000e+00 1.137915339098771066e-04 0.000000000000000000e+00
2.400000000000000000e+04 9.599862014347348982e-02 3.186162949476558769e-03 9.967000455166135087e-01 0.000000000000000000e+00 1.137915339098771066e-04 0.000000000000000000e+00
2.450000000000000000e+04 9.799859139646249773e-02 1.137915339098770958e-03 9.988620846609012061e-01 0.000000000000000000e+00 0.000000000000000000e+00 0.000000000000000000e+00
2.500000000000000000e+04 9.999856264945150564e-02 2.730996813837050560e-03 9.970414201183431802e-01 0.000000000000000000e+00 2.275830678197542133e-04 0.000000000000000000e+00
2.550000000000000000e+04 1.019985339024405135e-01 4.210286754665453109e-03 9.954483386436049352e-01 0.000000000000000000e+00 3.413746017296313199e-04 0.000000000000000000e+00
2.600000000000000000e+04 1.039985051554295215e-01 5.234410559854347014e-03 9.944242148384160318e-01 0.000000000000000000e+00 3.413746017296313199e-04 0.000000000000000000e+00
2.650000000000000000e+04 1.059984764084185294e-01 1.103777878925807886e-02 9.874829312699134887e-01 0.000000000000000000e+00 1.479289940828402332e-03 0.000000000000000000e+00
2.700000000000000000e+04 1.079984476614075373e-01 9.103322712790167665e-03 9.896449704142011861e-01 0.000000000000000000e+00 1.251706873008648227e-03 0.000000000000000000e+00
2.750000000000000000e+04 1.099984189143965452e-01 2.856167501137915274e-02 9.486800182066453813e-01 0.000000000000000000e+00 2.275830678197542090e-02 0.000000000000000000e+00
2.800000000000000000e+04 1.119983901673855531e-01 1.391670459717797015e-01 3.747155211652253293e-01 2.275830678197542133e-04 4.858898497951752438e-01 0.000000000000000000e+00
2.850000000000000000e+04 1.139983614203747830e-01 1.536185707783341015e-01 6.684114701866180619e-01 1.676149294492489672e-01 1.035502958579881741e-02 0.000000000000000000e+00
2.900000000000000000e+04 1.159983326733637909e-01 1.109467455621301751e-01 7.094902139280837572e-01 1.727355484751934567e-01 6.827492034592626616e-03 0.000000000000000000e+00
2.950000000000000000e+04 1.179983039263527989e-01 1.008192990441511144e-01 7.258761948111061013e-01 1.681838871187983642e-01 5.120619025944469528e-03 0.000000000000000000e+00
3.000000000000000000e+04 1.199982751793418068e-01 8.909877105143376719e-02 7.407828857532999800e-01 1.634046426945835184e-01 6.713700500682749130e-03 0.000000000000000000e+00
3.050000000000000000e+04 1.219982464323308147e-01 8.670914883932635819e-02 7.429449248975875664e-01 1.631770596267637652e-01 7.168866636322257339e-03 0.000000000000000000e+00
3.100000000000000000e+04 1.239982176853198226e-01 2.639963586709149004e-02 8.240782885753299425e-01 1.495220755575785154e-01 0.000000000000000000e+00 0.000000000000000000e+00
3.150000000000000000e+04 1.259981889383088305e-01 2.617205279927173334e-02 8.243058716431497235e-01 1.495220755575785154e-01 0.000000000000000000e+00 0.000000000000000000e+00
3.200000000000000000e+04 1.279981601912978384e-01 2.617205279927173334e-02 8.243058716431497235e-01 1.495220755575785154e-01 0.000000000000000000e+00 0.000000000000000000e+00
3.250000000000000000e+04 1.299981314442868463e-01 2.617205279927173334e-02 8.243058716431497235e-01 1.495220755575785154e-01 0.000000000000000000e+00 0.000000000000000000e+00
3.300000000000000000e+04 1.319981026972758542e-01 2.617205279927173334e-02 8.243058716431497235e-01 1.495220755575785154e-01 0.000000000000000000e+00 0.000000000000000000e+00
3.350000000000000000e+04 1.339980739502650842e-01 2.617205279927173334e-02 8.243058716431497235e-01 1.495220755575785154e-01 0.000000000000000000e+00 0.000000000000000000e+00
3.400000000000000000e+04 1.359980452032540921e-01 2.617205279927173334e-02 8.243058716431497235e-01 1.495220755575785154e-01 0.000000000000000000e+00 0.000000000000000000e+00
3.450000000000000000e+04 1.379980164562431000e-01 2.617205279927173334e-02 8.243058716431497235e-01 1.495220755575785154e-01 0.000000000000000000e+00 0.000000000000000000e+00
3.500000000000000000e+04 1.399979877092321079e-01 2.617205279927173334e-02 8.243058716431497235e-01 1.495220755575785154e-01 0.000000000000000000e+00 0.000000000000000000e+00
3.550000000000000000e+04 1.419979589622211158e-01 2.617205279927173334e-02 8.243058716431497235e-01 1.495220755575785154e-01 0.000000000000000000e+00 0.000000000000000000e+00
3.600000000000000000e+04 1.439979302152101237e-01 2.617205279927173334e-02 8.243058716431497235e-01 1.495220755575785154e-01 0.000000000000000000e+00 0.000000000000000000e+00
3.650000000000000000e+04 1.459979014681991316e-01 2.617205279927173334e-02 8.243058716431497235e-01 1.495220755575785154e-01 0.000000000000000000e+00 0.000000000000000000e+00
3.700000000000000000e+04 1.479978727211881395e-01 2.617205279927173334e-02 8.243058716431497235e-01 1.495220755575785154e-01 0.000000000000000000e+00 0.000000000000000000e+00
3.750000000000000000e+04 1.499978439741771474e-01 2.617205279927173334e-02 8.241920801092398330e-01 1.495220755575785154e-01 1.137915339098771066e-04 0.000000000000000000e+00
3.800000000000000000e+04 1.519978152271661553e-01 2.617205279927173334e-02 8.243058716431497235e-01 1.495220755575785154e-01 0.000000000000000000e+00 0.000000000000000000e+00
3.850000000000000000e+04 1.539977864801553853e-01 2.628584433318160996e-02 8.241920801092398330e-01 1.495220755575785154e-01 0.000000000000000000e+00 0.000000000000000000e+00
3.900000000000000000e+04 1.559977577331443932e-01 2.617205279927173334e-02 8.243058716431497235e-01 1.495220755575785154e-01 0.000000000000000000e+00 0.000000000000000000e+00
3.950000000000000000e+04 1.579977289861334011e-01 2.617205279927173334e-02 8.243058716431497235e-01 1.495220755575785154e-01 0.000000000000000000e+00 0.000000000000000000e+00
4.000000000000000000e+04 1.599977002391224090e-01 2.639963586709149004e-02 8.240782885753299425e-01 1.495220755575785154e-01 0.000000000000000000e+00 0.000000000000000000e+00
4.050000000000000000e+04 1.619976714921114169e-01 2.628584433318160996e-02 8.241920801092398330e-01 1.495220755575785154e-01 0.000000000000000000e+00 0.000000000000000000e+00
4.100000000000000000e+04 1.639976427451004248e-01 2.617205279927173334e-02 8.241920801092398330e-01 1.495220755575785154e-01 1.137915339098771066e-04 0.000000000000000000e+00
4.150000000000000000e+04 1.659976139980894327e-01 2.651342740100136666e-02 8.239644970414201630e-01 1.495220755575785154e-01 0.000000000000000000e+00 0.000000000000000000e+00
4.200000000000000000e+04 1.679975852510784406e-01 2.628584433318160996e-02 8.241920801092398330e-01 1.495220755575785154e-01 0.000000000000000000e+00 0.000000000000000000e+00
4.250000000000000000e+04 1.699975565040674486e-01 2.651342740100136666e-02 8.240782885753299425e-01 1.494082840236686527e-01 0.000000000000000000e+00 0.000000000000000000e+00
4.300000000000000000e+04 1.719975277570564565e-01 2.639963586709149004e-02 8.240782885753299425e-01 1.495220755575785154e-01 0.000000000000000000e+00 0.000000000000000000e+00
4.350000000000000000e+04 1.739974990100456864e-01 2.685480200273099652e-02 8.236231224396904915e-01 1.495220755575785154e-01 0.000000000000000000e+00 0.000000000000000000e+00
4.400000000000000000e+04 1.759974702630346943e-01 2.651342740100136666e-02 8.239644970414201630e-01 1.492944924897587622e-01 2.275830678197542133e-04 0.000000000000000000e+00
4.450000000000000000e+04 1.779974415160237022e-01 2.708238507055074976e-02 8.233955393718707105e-01 1.495220755575785154e-01 0.000000000000000000e+00 0.000000000000000000e+00
4.500000000000000000e+04 1.799974127690127101e-01 2.696859353664087314e-02 8.235093309057806010e-01 1.495220755575785154e-01 0.000000000000000000e+00 0.000000000000000000e+00
4.550000000000000000e+04 1.819973840220017181e-01 2.651342740100136666e-02 8.239644970414201630e-01 1.495220755575785154e-01 0.000000000000000000e+00 0.000000000000000000e+00
4.600000000000000000e+04 1.839973552749907260e-01 2.628584433318160996e-02 8.240782885753299425e-01 1.495220755575785154e-01 1.137915339098771066e-04 0.000000000000000000e+00
4.650000000000000000e+04 1.859973265279797339e-01 2.719617660446062984e-02 8.232817478379608200e-01 1.494082840236686527e-01 1.137915339098771066e-04 0.000000000000000000e+00
4.700000000000000000e+04 1.879972977809687418e-01 2.753755120619025970e-02 8.228265817023213691e-01 1.495220755575785154e-01 1.137915339098771066e-04 0.000000000000000000e+00
4.750000000000000000e+04 1.899972690339577497e-01 5.632680928538916915e-02 7.700273099681383959e-01 1.719390077378243065e-01 1.706873008648156654e-03 0.000000000000000000e+00
4.800000000000000000e+04 1.919972402869467576e-01 6.781975421028675621e-02 7.608101957214383759e-01 1.688666363222576239e-01 2.503413746017296455e-03 0.000000000000000000e+00
4.850000000000000000e+04 1.939972115399359875e-01 7.487482931269913433e-02 7.538689121529358328e-01 1.697769685935366368e-01 1.479289940828402332e-03 0.000000000000000000e+00
4.900000000000000000e+04 1.959971827929249955e-01 7.441966317705962786e-02 7.550068274920346267e-01 1.686390532544378706e-01 1.934456076467910759e-03 0.000000000000000000e+00
4.950000000000000000e+04 1.979971540459140034e-01 7.589895311788802390e-02 7.542102867546655043e-01 1.660218479745106945e-01 3.868912152935821518e-03 0.000000000000000000e+00
5.000000000000000000e+04 1.999971252989030113e-01 8.170232134729175921e-02 7.496586253982703285e-01 1.647701411015020379e-01 3.868912152935821518e-03 0.000000000000000000e+00
5.050000000000000000e+04 2.019970965518920192e-01 8.716431497496586467e-02 7.449931725079653733e-01 1.649977241693217911e-01 2.844788347746927612e-03 0.000000000000000000e+00
5.100000000000000000e+04 2.039970678048810271e-01 8.761948111060537114e-02 7.447655894401457033e-01 1.648839326354119283e-01 2.730996813837050560e-03 0.000000000000000000e+00
5.150000000000000000e+04 2.059970390578700350e-01 9.535730541647700897e-02 7.286071916249431402e-01 1.634046426945835184e-01 1.263086026399635846e-02 0.000000000000000000e+00
5.200000000000000000e+04 2.079970103108590429e-01 1.649977241693217911e-01 5.702093764223942207e-01 2.457897132453345512e-01 1.900318616294947513e-02 0.000000000000000000e+00
5.250000000000000000e+04 2.099969815638480508e-01 2.114246700045516736e-01 4.795175238962220976e-01 2.826581702321347422e-01 2.639963586709149004e-02 0.000000000000000000e+00
5.300000000000000000e+04 2.119969528168370587e-01 1.231224396904870289e-01 6.187983614019116896e-01 2.488620846609012338e-01 9.217114246700046018e-03 0.000000000000000000e+00
5.350000000000000000e+04 2.139969240698262887e-01 1.087847064178425194e-01 6.381429221665908535e-01 2.477241693218024676e-01 5.348202093764223633e-03 0.000000000000000000e+00
5.400000000000000000e+04 2.159968953228152966e-01 9.296768320436959998e-02 6.464497041420118606e-01 2.579654073736913911e-01 2.617205279927173507e-03 0.000000000000000000e+00
5.450000000000000000e+04 2.179968665758043045e-01 9.353664087391898307e-02 6.552116522530723186e-01 2.471552116522530707e-01 4.096495220755575623e-03 0.000000000000000000e+00
5.500000000000000000e+04 2.199968378287933124e-01 9.353664087391898307e-02 6.703459262630859783e-01 2.335002275830678209e-01 2.617205279927173507e-03 0.000000000000000000e+00
5.550000000000000000e+04 2.219968090817823203e-01 9.308147473827947660e-02 6.692080109239872954e-01 2.352071005917159841e-01 2.503413746017296455e-03 0.000000000000000000e+00
5.600000000000000000e+04 2.239967803347713282e-01 9.558488848429676221e-02 6.677287209831588299e-01 2.325898953117888079e-01 4.096495220755575623e-03 0.000000000000000000e+00
5.650000000000000000e+04 2.259967515877603361e-01 9.763313609467455523e-02 6.648839326354119006e-01 2.346381429221665871e-01 2.844788347746927612e-03 0.000000000000000000e+00
5.700000000000000000e+04 2.279967228407493440e-01 9.649522075557578904e-02 6.632908511606736557e-01 2.363450159308147502e-01 3.868912152935821518e-03 0.000000000000000000e+00
5.750000000000000000e+04 2.299966940937383519e-01 9.808830223031406170e-02 6.656804733727810230e-01 2.332726445152480677e-01 2.958579881656804664e-03 0.000000000000000000e+00
5.800000000000000000e+04 2.319966653467273598e-01 9.945380063723259501e-02 6.613563950842057393e-01 2.368001820664542567e-01 2.389622212107419402e-03 0.000000000000000000e+00
5.850000000000000000e+04 2.339966365997163678e-01 9.683659535730541890e-02 6.652253072371415721e-01 2.341829767865270806e-01 3.755120619025944465e-03 0.000000000000000000e+00
5.900000000000000000e+04 2.359966078527055977e-01 1.005917159763313612e-01 6.645425580336823401e-01 2.312243969048702885e-01 3.641329085116067413e-03 0.000000000000000000e+00
5.950000000000000000e+04 2.379965791056946056e-01 1.016158397815202508e-01 6.662494310423304755e-01 2.298588984979517413e-01 2.275830678197541916e-03 0.000000000000000000e+00
6.000000000000000000e+04 2.399965503586836135e-01 1.005917159763313612e-01 6.693218024578971859e-01 2.270141101502048120e-01 3.072371415566681717e-03 0.000000000000000000e+00
6.050000000000000000e+04 2.419965216116726214e-01 1.070778334091943562e-01 6.609012289485661773e-01 2.291761492944924816e-01 2.844788347746927612e-03 0.000000000000000000e+00
6.100000000000000000e+04 2.439964928646616293e-01 1.013882567137004975e-01 6.655666818388711325e-01 2.298588984979517413e-01 3.186162949476558769e-03 0.000000000000000000e+00
6.150000000000000000e+04 2.459964641176506372e-01 1.108329540282202985e-01 7.061902594446972659e-01 1.809285389167046010e-01 2.048247610377787811e-03 0.000000000000000000e+00
6.200000000000000000e+04 2.479964353706396452e-01 1.082157487482931224e-01 7.066454255803368278e-01 1.835457441966317771e-01 1.593081474738279385e-03 0.000000000000000000e+00
6.250000000000000000e+04 2.499964066236286531e-01 1.090122894856622726e-01 7.061902594446972659e-01 1.837733272644515303e-01 1.024123805188893906e-03 0.000000000000000000e+00
6.300000000000000000e+04 2.519963778766176610e-01 1.093536640873919025e-01 7.053937187073281434e-01 1.840009103322712836e-01 1.251706873008648227e-03 0.000000000000000000e+00
6.350000000000000000e+04 2.539963491296066689e-01 1.096950386891215323e-01 7.065316340464269373e-01 1.826354119253527641e-01 1.137915339098770958e-03 0.000000000000000000e+00
6.400000000000000000e+04 2.559963203825958988e-01 1.058261265361857134e-01 7.159763313609467383e-01 1.770596267637687682e-01 1.137915339098770958e-03 0.000000000000000000e+00
6.450000000000000000e+04 2.579962916355849067e-01 1.070778334091943562e-01 7.212107419208011461e-01 1.709148839326354030e-01 7.965407373691396923e-04 0.000000000000000000e+00
6.500000000000000000e+04 2.599962628885739147e-01 1.058261265361857134e-01 7.207555757851615841e-01 1.718252162039144160e-01 1.593081474738279385e-03 0.000000000000000000e+00
6.550000000000000000e+04 2.619962341415629226e-01 1.044606281292671801e-01 7.237141556668184039e-01 1.698907601274465273e-01 1.934456076467910759e-03 0.000000000000000000e+00
6.600000000000000000e+04 2.639962053945519305e-01 1.068502503413746030e-01 7.200728265817023521e-01 1.706873008648156498e-01 2.389622212107419402e-03 0.000000000000000000e+00
6.650000000000000000e+04 2.659961766475409384e-01 1.074192080109239861e-01 7.210969503868912556e-01 1.703459262630860338e-01 1.137915339098770958e-03 0.000000000000000000e+00
6.700000000000000000e+04 2.679961479005299463e-01 1.085571233500227523e-01 7.181383705052344357e-01 1.708010923987255403e-01 2.503413746017296455e-03 0.000000000000000000e+00
6.750000000000000000e+04 2.699961191535189542e-01 1.151570323167956239e-01 7.127901684114701375e-01 1.694355939918070209e-01 2.617205279927173507e-03 0.000000000000000000e+00
6.800000000000000000e+04 2.719960904065079621e-01 1.124260355029585851e-01 7.144970414201183839e-01 1.715976331360946627e-01 1.479289940828402332e-03 0.000000000000000000e+00
6.850000000000000000e+04 2.739960616594969700e-01 1.153846153846153910e-01 7.125625853436504675e-01 1.709148839326354030e-01 1.137915339098770958e-03 0.000000000000000000e+00
6.900000000000000000e+04 2.759960329124862000e-01 1.147018661811561174e-01 7.101729631315429891e-01 1.731907146108329631e-01 1.934456076467910759e-03 0.000000000000000000e+00
6.950000000000000000e+04 2.779960041654752079e-01 1.162949476558944040e-01 7.084660901228948537e-01 1.726217569412835662e-01 2.617205279927173507e-03 0.000000000000000000e+00
7.000000000000000000e+04 2.799959754184642158e-01 1.165225307237141572e-01 7.081247155211651823e-01 1.734182976786527164e-01 1.934456076467910759e-03 0.000000000000000000e+00
7.050000000000000000e+04 2.819959466714532237e-01 1.201638598088302229e-01 7.064178425125170468e-01 1.713700500682749095e-01 2.048247610377787811e-03 0.000000000000000000e+00
7.100000000000000000e+04 2.839959179244422316e-01 1.195949021392808398e-01 7.066454255803368278e-01 1.713700500682749095e-01 2.389622212107419402e-03 0.000000000000000000e+00
7.150000000000000000e+04 2.859958891774312395e-01 1.183431952662721831e-01 7.067592171142467183e-01 1.722803823395539502e-01 2.617205279927173507e-03 0.000000000000000000e+00
7.200000000000000000e+04 2.879958604304202474e-01 1.211879836140191125e-01 7.065316340464269373e-01 1.701183431952662806e-01 2.162039144287664864e-03 0.000000000000000000e+00
7.250000000000000000e+04 2.899958316834092553e-01 1.223258989531178925e-01 7.036868456986800080e-01 1.711424670004551563e-01 2.844788347746927612e-03 0.000000000000000000e+00
7.300000000000000000e+04 2.919958029363982632e-01 1.201638598088302229e-01 7.049385525716886924e-01 1.714838416021848000e-01 3.413746017296313308e-03 0.000000000000000000e+00
7.350000000000000000e+04 2.939957741893872711e-01 1.249431042330450548e-01 7.032316795630405570e-01 1.682976786527082269e-01 3.527537551206190360e-03 0.000000000000000000e+00
7.400000000000000000e+04 2.959957454423765011e-01 1.215293582157487423e-01 7.104005461993627701e-01 1.647701411015020379e-01 3.299954483386436255e-03 0.000000000000000000e+00
7.450000000000000000e+04 2.979957166953655090e-01 1.243741465634956717e-01 7.065316340464269373e-01 1.652253072371415443e-01 3.868912152935821518e-03 0.000000000000000000e+00
7.500000000000000000e+04 2.999956879483545169e-01 1.257396449704142050e-01 7.043695949021392400e-01 1.656804733727810786e-01 4.210286754665453109e-03 0.000000000000000000e+00
7.550000000000000000e+04 3.019956592013435248e-01 1.241465634956759184e-01 7.016385980883022011e-01 1.681838871187983642e-01 6.030951297223486815e-03 0.000000000000000000e+00
7.600000000000000000e+04 3.039956304543325327e-01 1.273327264451524776e-01 6.961766044606281234e-01 1.700045516613563901e-01 6.486117432862995025e-03 0.000000000000000000e+00
7.650000000000000000e+04 3.059956017073215406e-01 1.316568047337278169e-01 6.934456076467910846e-01 1.681838871187983642e-01 6.713700500682749130e-03 0.000000000000000000e+00
7.700000000000000000e+04 3.079955729603105485e-01 1.385980883022303045e-01 6.809285389167045732e-01 1.748975876194810986e-01 5.575785161583977738e-03 0.000000000000000000e+00
7.750000000000000000e+04 3.099955442132995564e-01 1.408739189804278646e-01 6.780837505689576439e-01 1.744424214838415921e-01 6.599908966772872511e-03 0.000000000000000000e+00
7.800000000000000000e+04 3.119955154662885644e-01 1.466772872098315861e-01 6.719390077378243342e-01 1.774010013654984119e-01 3.982703686845699004e-03 0.000000000000000000e+00
7.850000000000000000e+04 3.139954867192775723e-01 1.403049613108784677e-01 6.834319526627219421e-01 1.733045061447428259e-01 2.958579881656804664e-03 0.000000000000000000e+00
7.900000000000000000e+04 3.159954579722668022e-01 1.382567137005006885e-01 6.847974510696404060e-01 1.728493400091033194e-01 4.096495220755575623e-03 0.000000000000000000e+00
7.950000000000000000e+04 3.179954292252558101e-01 1.348429676832043622e-01 6.869594902139281034e-01 1.744424214838415921e-01 3.755120619025944465e-03 0.000000000000000000e+00
8.000000000000000000e+04 3.199954004782448180e-01 1.356395084205735124e-01 6.826354119253527086e-01 1.760355029585798925e-01 5.689576695493855224e-03 0.000000000000000000e+00
8.050000000000000000e+04 3.219953717312338259e-01 1.383705052344105513e-01 6.799044151115156698e-01 1.771734182976786587e-01 4.551661356395083832e-03 0.000000000000000000e+00
8.100000000000000000e+04 3.239953429842228338e-01 1.475876194811105990e-01 6.484979517523896675e-01 1.972007282658170269e-01 6.713700500682749130e-03 0.000000000000000000e+00
8.150000000000000000e+04 3.259953142372118418e-01 1.602184797451069731e-01 6.145880746472462963e-01 2.174556213017751483e-01 7.737824305871643035e-03 0.000000000000000000e+00
8.200000000000000000e+04 3.279952854902008497e-01 1.671597633136094607e-01 6.079881656804734247e-01 2.197314519799726806e-01 5.120619025944469528e-03 0.000000000000000000e+00
8.250000000000000000e+04 3.299952567431898576e-01 1.689804278561675144e-01 6.037778789258079204e-01 2.213245334547109811e-01 5.917159763313609329e-03 0.000000000000000000e+00
8.300000000000000000e+04 3.319952279961788655e-01 1.717114246700045532e-01 5.984296768320437332e-01 2.245106964041875264e-01 5.348202093764223633e-03 0.000000000000000000e+00
8.350000000000000000e+04 3.339951992491678734e-01 1.722803823395539502e-01 5.988848429676831842e-01 2.239417387346381294e-01 4.893035958124715423e-03 0.000000000000000000e+00
8.400000000000000000e+04 3.359951705021568813e-01 1.745562130177514826e-01 5.945607646791079004e-01 2.249658625398270329e-01 5.917159763313609329e-03 0.000000000000000000e+00
8.450000000000000000e+04 3.379951417551461113e-01 1.759217114246700020e-01 5.926263086026399840e-01 2.263313609467455523e-01 5.120619025944469528e-03 0.000000000000000000e+00
8.500000000000000000e+04 3.399951130081351192e-01 1.834319526627218866e-01 5.925125170687300935e-01 2.189349112426035582e-01 5.120619025944469528e-03 0.000000000000000000e+00
8.550000000000000000e+04 3.419950842611241271e-01 1.671597633136094607e-01 6.208466090122894965e-01 2.091488393263541135e-01 2.844788347746927612e-03 0.000000000000000000e+00
8.600000000000000000e+04 3.439950555141131350e-01 1.672735548475193512e-01 6.197086936731907025e-01 2.100591715976331264e-01 2.958579881656804664e-03 0.000000000000000000e+00
8.650000000000000000e+04 3.459950267671021429e-01 1.679563040509786109e-01 6.154984069185253093e-01 2.127901684114701930e-01 3.755120619025944465e-03 0.000000000000000000e+00
8.700000000000000000e+04 3.479949980200911508e-01 1.655666818388711881e-01 6.218707328174783999e-01 2.080109239872553473e-01 4.551661356395083832e-03 0.000000000000000000e+00
8.750000000000000000e+04 3.499949692730801587e-01 1.564633591260810308e-01 6.408739189804278924e-01 1.967455621301775204e-01 5.917159763313609329e-03 0.000000000000000000e+00
8.800000000000000000e+04 3.519949405260691666e-01 1.562357760582612776e-01 6.420118343195265753e-01 1.978834774692762866e-01 3.868912152935821518e-03 0.000000000000000000e+00
8.850000000000000000e+04 3.539949117790581745e-01 1.537323623122439642e-01 6.418980427856167958e-01 1.999317250796540657e-01 4.437869822485207214e-03 0.000000000000000000e+00
8.900000000000000000e+04 3.559948830320471824e-01 1.541875284478834707e-01 6.387118798361401950e-01 2.027765134274009950e-01 4.324078288575329727e-03 0.000000000000000000e+00
8.950000000000000000e+04 3.579948542850364124e-01 1.605598543468365891e-01 6.360946745562130467e-01 1.995903504779244497e-01 3.755120619025944465e-03 0.000000000000000000e+00
9.000000000000000000e+04 3.599948255380254203e-01 1.564633591260810308e-01 6.368912152935821691e-01 2.031178880291306388e-01 3.527537551206190360e-03 0.000000000000000000e+00
9.050000000000000000e+04 3.619947967910144282e-01 1.590805644060081792e-01 6.367774237596722786e-01 1.997041420118343125e-01 4.437869822485207214e-03 0.000000000000000000e+00
9.100000000000000000e+04 3.639947680440034361e-01 1.579426490669094130e-01 6.342740100136550208e-01 2.031178880291306388e-01 4.665452890304961318e-03 0.000000000000000000e+00
9.150000000000000000e+04 3.659947392969924440e-01 1.616977696859353553e-01 6.220983158852981809e-01 2.126763768775603025e-01 3.527537551206190360e-03 0.000000000000000000e+00
9.200000000000000000e+04 3.679947105499814519e-01 1.715976331360946627e-01 6.129949931725079404e-01 2.117660446062812896e-01 3.641329085116067413e-03 0.000000000000000000e+00
9.250000000000000000e+04 3.699946818029704598e-01 1.684114701866181174e-01 6.060537096040055083e-01 2.218934911242603503e-01 3.641329085116067413e-03 0.000000000000000000e+00
9.300000000000000000e+04 3.719946530559594677e-01 1.727355484751934567e-01 6.053709604005461653e-01 2.188211197086936677e-01 3.072371415566681717e-03 0.000000000000000000e+00
9.350000000000000000e+04 3.739946243089484756e-01 1.711424670004551563e-01 6.077605826126536437e-01 2.175694128356850388e-01 3.527537551206190360e-03 0.000000000000000000e+00
9.400000000000000000e+04 3.759945955619374836e-01 1.741010468821119761e-01 6.054847519344560558e-01 2.172280382339553950e-01 3.186162949476558769e-03 0.000000000000000000e+00
9.450000000000000000e+04 3.779945668149267135e-01 1.762630860263996457e-01 6.055985434683659463e-01 2.144970414201183562e-01 3.641329085116067413e-03 0.000000000000000000e+00
9.500000000000000000e+04 3.799945380679157214e-01 1.763768775603095085e-01 6.054847519344560558e-01 2.144970414201183562e-01 3.641329085116067413e-03 0.000000000000000000e+00
9.550000000000000000e+04 3.819945093209047293e-01 1.785389167045971781e-01 6.083295402822029851e-01 2.090350477924442507e-01 4.096495220755575623e-03 0.000000000000000000e+00
9.600000000000000000e+04 3.839944805738937372e-01 1.741010468821119761e-01 6.126536185707783799e-01 2.076695493855257035e-01 5.575785161583977738e-03 0.000000000000000000e+00
9.650000000000000000e+04 3.859944518268827451e-01 1.771734182976786587e-01 6.108329540282203540e-01 2.065316340464269373e-01 5.461993627674101119e-03 0.000000000000000000e+00
9.700000000000000000e+04 3.879944230798717530e-01 1.792216659080564378e-01 6.305188893946290785e-01 1.863905325443787064e-01 3.868912152935821518e-03 0.000000000000000000e+00
9.750000000000000000e+04 3.899943943328607610e-01 1.809285389167046010e-01 6.444014565316340537e-01 1.706873008648156498e-01 3.982703686845699004e-03 0.000000000000000000e+00
9.800000000000000000e+04 3.919943655858497689e-01 1.756941283568502488e-01 6.590805644060081514e-01 1.615839781520254925e-01 3.641329085116067413e-03 0.000000000000000000e+00
9.850000000000000000e+04 3.939943368388387768e-01 1.690942193900773771e-01 6.789940828402366568e-01 1.455393718707328199e-01 6.372325898953117539e-03 0.000000000000000000e+00
9.900000000000000000e+04 3.959943080918277847e-01 1.654528903049612976e-01 6.827492034592625991e-01 1.470186618115612298e-01 4.779244424214838804e-03 0.000000000000000000e+00
9.950000000000000000e+04 3.979942793448170146e-01 1.653390987710514348e-01 6.817250796540736957e-01 1.479289940828402428e-01 5.006827492034592909e-03 0.000000000000000000e+00
1.000000000000000000e+05 3.999942505978060225e-01 1.676149294492489672e-01 6.804733727810651223e-01 1.474738279472007363e-01 4.437869822485207214e-03 0.000000000000000000e+00
1.005000000000000000e+05 4.019942218507950304e-01 1.704597177969958965e-01 6.800182066454255603e-01 1.464497041420118328e-01 3.072371415566681717e-03 0.000000000000000000e+00
1.010000000000000000e+05 4.039941931037840384e-01 1.735320892125625791e-01 6.776285844333181929e-01 1.434911242603550408e-01 5.348202093764223633e-03 0.000000000000000000e+00
1.015000000000000000e+05 4.059941643567730463e-01 1.589667728720983164e-01 6.863905325443786509e-01 1.479289940828402428e-01 6.713700500682749130e-03 0.000000000000000000e+00
1.020000000000000000e+05 4.079941356097620542e-01 1.543013199817933612e-01 6.950386891215293295e-01 1.479289940828402428e-01 2.730996813837050560e-03 0.000000000000000000e+00
1.025000000000000000e+05 4.099941068627510621e-01 1.466772872098315861e-01 7.003868912152936277e-01 1.473600364132908458e-01 5.575785161583977738e-03 0.000000000000000000e+00
1.030000000000000000e+05 4.119940781157400700e-01 1.546426945835229771e-01 6.973145197997269173e-01 1.440600819299044100e-01 3.982703686845699004e-03 0.000000000000000000e+00
1.035000000000000000e+05 4.139940493687290779e-01 1.496358670914884059e-01 7.024351388256713236e-01 1.432635411925352875e-01 4.665452890304961318e-03 0.000000000000000000e+00
1.040000000000000000e+05 4.159940206217180858e-01 1.453117888029130667e-01 7.017523896222120916e-01 1.483841602184797492e-01 4.551661356395083832e-03 0.000000000000000000e+00
1.045000000000000000e+05 4.179939918747073158e-01 1.442876649977241632e-01 6.995903504779243942e-01 1.505461993627674189e-01 5.575785161583977738e-03 0.000000000000000000e+00
1.050000000000000000e+05 4.199939631276963237e-01 1.472462448793809831e-01 7.035730541647701175e-01 1.446290395994538069e-01 4.551661356395083832e-03 0.000000000000000000e+00
1.055000000000000000e+05 4.219939343806853316e-01 1.482703686845698587e-01 7.040282203004096795e-01 1.441738734638143005e-01 3.527537551206190360e-03 0.000000000000000000e+00
1.060000000000000000e+05 4.239939056336743395e-01 1.490669094219390090e-01 7.036868456986800080e-01 1.420118343195266308e-01 5.234410559854347014e-03 0.000000000000000000e+00
1.065000000000000000e+05 4.259938768866633474e-01 1.456531634046426826e-01 7.044833864360491305e-01 1.428083750568957533e-01 7.055075102412380721e-03 0.000000000000000000e+00
1.070000000000000000e+05 4.279938481396523553e-01 1.482703686845698587e-01 7.032316795630405570e-01 1.434911242603550408e-01 5.006827492034592909e-03 0.000000000000000000e+00
1.075000000000000000e+05 4.299938193926413632e-01 1.560081929904415243e-01 6.851388256713700775e-01 1.515703231679562946e-01 7.282658170232134826e-03 0.000000000000000000e+00
1.080000000000000000e+05 4.319937906456303711e-01 1.519116977696859383e-01 6.883249886208465673e-01 1.537323623122439642e-01 6.030951297223486815e-03 0.000000000000000000e+00
1.085000000000000000e+05 4.339937618986193790e-01 1.555530268548019901e-01 6.850250341374601870e-01 1.529358215748748417e-01 6.486117432862995025e-03 0.000000000000000000e+00
1.090000000000000000e+05 4.359937331516083869e-01 1.528220300409649512e-01 6.898042785616750328e-01 1.512289485662266786e-01 6.144742831133363434e-03 0.000000000000000000e+00
1.095000000000000000e+05 4.379937044045973948e-01 1.564633591260810308e-01 6.850250341374601870e-01 1.523668639053254448e-01 6.144742831133363434e-03 0.000000000000000000e+00
1.100000000000000000e+05 4.399936756575866248e-01 1.564633591260810308e-01 6.833181611288120516e-01 1.544151115157032239e-01 5.803368229403732710e-03 0.000000000000000000e+00
1.105000000000000000e+05 4.419936469105756327e-01 1.557806099226217433e-01 6.868456986800182129e-01 1.508875739644970349e-01 6.486117432862995025e-03 0.000000000000000000e+00
1.110000000000000000e+05 4.439936181635646406e-01 1.630632680928539024e-01 6.796768320436959998e-01 1.524806554392353075e-01 4.779244424214838804e-03 0.000000000000000000e+00
1.115000000000000000e+05 4.459935894165536485e-01 1.622667273554847522e-01 6.794492489758762188e-01 1.529358215748748417e-01 5.348202093764223633e-03 0.000000000000000000e+00
1.120000000000000000e+05 4.479935606695426564e-01 1.672735548475193512e-01 6.769458352298588499e-01 1.520254893035958010e-01 3.755120619025944465e-03 0.000000000000000000e+00
1.125000000000000000e+05 4.499935319225316643e-01 1.665908056440600915e-01 6.807009558488847922e-01 1.463359126081019701e-01 6.372325898953117539e-03 0.000000000000000000e+00
1.130000000000000000e+05 4.519935031755206722e-01 1.679563040509786109e-01 6.808147473827946827e-01 1.440600819299044100e-01 7.168866636322257339e-03 0.000000000000000000e+00
1.135000000000000000e+05 4.539934744285096802e-01 1.680700955848884737e-01 6.820664542558033672e-01 1.449704142011834229e-01 4.893035958124715423e-03 0.000000000000000000e+00
