# itime ezz other fcc hcp bcc ico
0.000000000000000000e+00 0.000000000000000000e+00 0.000000000000000000e+00 1.000000000000000000e+00 0.000000000000000000e+00 0.000000000000000000e+00 0.000000000000000000e+00
2.500000000000000000e+01 1.000056502070911790e-03 0.000000000000000000e+00 1.000000000000000000e+00 0.000000000000000000e+00 0.000000000000000000e+00 0.000000000000000000e+00
5.000000000000000000e+01 2.000113004141823581e-03 0.000000000000000000e+00 1.000000000000000000e+00 0.000000000000000000e+00 0.000000000000000000e+00 0.000000000000000000e+00
7.500000000000000000e+01 3.000169506212735371e-03 0.000000000000000000e+00 1.000000000000000000e+00 0.000000000000000000e+00 0.000000000000000000e+00 0.000000000000000000e+00
1.000000000000000000e+02 4.000226008283647161e-03 0.000000000000000000e+00 1.000000000000000000e+00 0.000000000000000000e+00 0.000000000000000000e+00 0.000000000000000000e+00
1.250000000000000000e+02 5.000282510354558951e-03 0.000000000000000000e+00 1.000000000000000000e+00 0.000000000000000000e+00 0.000000000000000000e+00 0.000000000000000000e+00
1.500000000000000000e+02 6.000339012425470742e-03 0.000000000000000000e+00 1.000000000000000000e+00 0.000000000000000000e+00 0.000000000000000000e+00 0.000000000000000000e+00
1.750000000000000000e+02 7.000395514496382532e-03 0.000000000000000000e+00 1.000000000000000000e+00 0.000000000000000000e+00 0.000000000000000000e+00 0.000000000000000000e+00
2.000000000000000000e+02 8.000452016567294322e-03 0.000000000000000000e+00 1.000000000000000000e+00 0.000000000000000000e+00 0.000000000000000000e+00 0.000000000000000000e+00
2.250000000000000000e+02 9.000508518638428157e-03 0.000000000000000000e+00 1.000000000000000000e+00 0.000000000000000000e+00 0.000000000000000000e+00 0.000000000000000000e+00
2.500000000000000000e+02 1.000056502070933995e-02 0.000000000000000000e+00 1.000000000000000000e+00 0.000000000000000000e+00 0.000000000000000000e+00 0.000000000000000000e+00
2.750000000000000000e+02 1.100062152278025174e-02 0.000000000000000000e+00 1.000000000000000000e+00 0.000000000000000000e+00 0.000000000000000000e+00 0.000000000000000000e+00
3.000000000000000000e+02 1.200067802485116353e-02 0.000000000000000000e+00 1.000000000000000000e+00 0.000000000000000000e+00 0.000000000000000000e+00 0.000000000000000000e+00
3.250000000000000000e+02 1.300073452692207532e-02 0.000000000000000000e+00 1.000000000000000000e+00 0.000000000000000000e+00 0.000000000000000000e+00 0.000000000000000000e+00
3.500000000000000000e+02 1.400079102899298711e-02 0.000000000000000000e+00 1.000000000000000000e+00 0.000000000000000000e+00 0.000000000000000000e+00 0.000000000000000000e+00
3.750000000000000000e+02 1.500084753106389890e-02 0.000000000000000000e+00 1.000000000000000000e+00 0.000000000000000000e+00 0.000000000000000000e+00 0.000000000000000000e+00
4.000000000000000000e+02 1.600090403313481069e-02 0.000000000000000000e+00 1.000000000000000000e+00 0.000000000000000000e+00 0.000000000000000000e+00 0.000000000000000000e+00
4.250000000000000000e+02 1.700096053520572248e-02 0.000000000000000000e+00 1.000000000000000000e+00 0.000000000000000000e+00 0.000000000000000000e+00 0.000000000000000000e+00
4.500000000000000000e+02 1.800101703727663427e-02 0.000000000000000000e+00 1.000000000000000000e+00 0.000000000000000000e+00 0.000000000000000000e+00 0.000000000000000000e+00
4.750000000000000000e+02 1.900107353934754606e-02 0.000000000000000000e+00 1.000000000000000000e+00 0.000000000000000000e+00 0.000000000000000000e+00 0.000000000000000000e+00
5.000000000000000000e+02 2.000113004141845785e-02 0.000000000000000000e+00 1.000000000000000000e+00 0.000000000000000000e+00 0.000000000000000000e+00 0.000000000000000000e+00
5.250000000000000000e+02 2.100118654348936964e-02 0.000000000000000000e+00 1.000000000000000000e+00 0.000000000000000000e+00 0.000000000000000000e+00 0.000000000000000000e+00
5.500000000000000000e+02 2.200124304556028143e-02 0.000000000000000000e+00 1.000000000000000000e+00 0.000000000000000000e+00 0.000000000000000000e+00 0.000000000000000000e+00
5.750000000000000000e+02 2.300129954763119322e-02 0.000000000000000000e+00 1.000000000000000000e+00 0.000000000000000000e+00 0.000000000000000000e+00 0.000000000000000000e+00
6.000000000000000000e+02 2.400135604970210501e-02 0.000000000000000000e+00 1.000000000000000000e+00 0.000000000000000000e+00 0.000000000000000000e+00 0.000000000000000000e+00
6.250000000000000000e+02 2.500141255177301680e-02 0.000000000000000000e+00 1.000000000000000000e+00 0.000000000000000000e+00 0.000000000000000000e+00 0.000000000000000000e+00
6.500000000000000000e+02 2.600146905384415064e-02 0.000000000000000000e+00 1.000000000000000000e+00 0.000000000000000000e+00 0.000000000000000000e+00 0.000000000000000000e+00
6.750000000000000000e+02 2.700152555591506243e-02 0.000000000000000000e+00 1.000000000000000000e+00 0.000000000000000000e+00 0.000000000000000000e+00 0.000000000000000000e+00
7.000000000000000000e+02 2.800158205798597422e-02 0.000000000000000000e+00 1.000000000000000000e+00 0.000000000000000000e+00 0.000000000000000000e+00 0.000000000000000000e+00
7.250000000000000000e+02 2.900163856005688601e-02 0.000000000000000000e+00 1.000000000000000000e+00 0.000000000000000000e+00 0.000000000000000000e+00 0.000000000000000000e+00
7.500000000000000000e+02 3.000169506212779780e-02 0.000000000000000000e+00 1.000000000000000000e+00 0.000000000000000000e+00 0.000000000000000000e+00 0.000000000000000000e+00
7.750000000000000000e+02 3.100175156419870959e-02 0.000000000000000000e+00 1.000000000000000000e+00 0.000000000000000000e+00 0.000000000000000000e+00 0.000000000000000000e+00
8.000000000000000000e+02 3.200180806626962138e-02 0.000000000000000000e+00 1.000000000000000000e+00 0.000000000000000000e+00 0.000000000000000000e+00 0.000000000000000000e+00
8.250000000000000000e+02 3.300186456834053317e-02 0.000000000000000000e+00 1.000000000000000000e+00 0.000000000000000000e+00 0.000000000000000000e+00 0.000000000000000000e+00
8.500000000000000000e+02 3.400192107041144496e-02 0.000000000000000000e+00 1.000000000000000000e+00 0.000000000000000000e+00 0.000000000000000000e+00 0.000000000000000000e+00
8.750000000000000000e+02 3.500197757248235675e-02 0.000000000000000000e+00 1.000000000000000000e+00 0.000000000000000000e+00 0.000000000000000000e+00 0.000000000000000000e+00
9.000000000000000000e+02 3.600203407455326854e-02 0.000000000000000000e+00 1.000000000000000000e+00 0.000000000000000000e+00 0.000000000000000000e+00 0.000000000000000000e+00
9.250000000000000000e+02 3.700209057662418033e-02 0.000000000000000000e+00 1.000000000000000000e+00 0.000000000000000000e+00 0.000000000000000000e+00 0.000000000000000000e+00
9.500000000000000000e+02 3.800214707869509212e-02 0.000000000000000000e+00 1.000000000000000000e+00 0.000000000000000000e+00 0.000000000000000000e+00 0.000000000000000000e+00
9.750000000000000000e+02 3.900220358076600391e-02 0.000000000000000000e+00 1.000000000000000000e+00 0.000000000000000000e+00 0.000000000000000000e+00 0.000000000000000000e+00
1.000000000000000000e+03 4.000226008283691570e-02 0.000000000000000000e+00 1.000000000000000000e+00 0.000000000000000000e+00 0.000000000000000000e+00 0.000000000000000000e+00
1.025000000000000000e+03 4.100231658490782749e-02 0.000000000000000000e+00 1.000000000000000000e+00 0.000000000000000000e+00 0.000000000000000000e+00 0.000000000000000000e+00
1.050000000000000000e+03 4.200237308697873928e-02 0.000000000000000000e+00 1.000000000000000000e+00 0.000000000000000000e+00 0.000000000000000000e+00 0.000000000000000000e+00
1.075000000000000000e+03 4.300242958904987312e-02 2.275830678197542133e-04 9.997724169321802190e-01 0.000000000000000000e+00 0.000000000000000000e+00 0.000000000000000000e+00
1.100000000000000000e+03 4.400248609112078491e-02 0.000000000000000000e+00 1.000000000000000000e+00 0.000000000000000000e+00 0.000000000000000000e+00 0.000000000000000000e+00
1.125000000000000000e+03 4.500254259319169670e-02 0.000000000000000000e+00 1.000000000000000000e+00 0.000000000000000000e+00 0.000000000000000000e+00 0.000000000000000000e+00
1.150000000000000000e+03 4.600259909526260849e-02 0.000000000000000000e+00 1.000000000000000000e+00 0.000000000000000000e+00 0.000000000000000000e+00 0.000000000000000000e+00
1.175000000000000000e+03 4.700265559733352028e-02 0.000000000000000000e+00 1.000000000000000000e+00 0.000000000000000000e+00 0.000000000000000000e+00 0.000000000000000000e+00
1.200000000000000000e+03 4.800271209940443207e-02 0.000000000000000000e+00 1.000000000000000000e+00 0.000000000000000000e+00 0.000000000000000000e+00 0.000000000000000000e+00
1.225000000000000000e+03 4.900276860147534386e-02 0.000000000000000000e+00 1.000000000000000000e+00 0.000000000000000000e+00 0.000000000000000000e+00 0.000000000000000000e+00
1.250000000000000000e+03 5.000282510354625565e-02 0.000000000000000000e+00 1.000000000000000000e+00 0.000000000000000000e+00 0.000000000000000000e+00 0.000000000000000000e+00
1.275000000000000000e+03 5.100288160561716744e-02 0.000000000000000000e+00 1.000000000000000000e+00 0.000000000000000000e+00 0.000000000000000000e+00 0.000000000000000000e+00
1.300000000000000000e+03 5.200293810768807923e-02 0.000000000000000000e+00 1.000000000000000000e+00 0.000000000000000000e+00 0.000000000000000000e+00 0.000000000000000000e+00
1.325000000000000000e+03 5.300299460975899102e-02 0.000000000000000000e+00 1.000000000000000000e+00 0.000000000000000000e+00 0.000000000000000000e+00 0.000000000000000000e+00
1.350000000000000000e+03 5.400305111182990281e-02 0.000000000000000000e+00 1.000000000000000000e+00 0.000000000000000000e+00 0.000000000000000000e+00 0.000000000000000000e+00
1.375000000000000000e+03 5.500310761390081460e-02 0.000000000000000000e+00 1.000000000000000000e+00 0.000000000000000000e+00 0.000000000000000000e+00 0.000000000000000000e+00
1.400000000000000000e+03 5.600316411597172639e-02 0.000000000000000000e+00 1.000000000000000000e+00 0.000000000000000000e+00 0.000000000000000000e+00 0.000000000000000000e+00
1.425000000000000000e+03 5.700322061804263818e-02 0.000000000000000000e+00 1.000000000000000000e+00 0.000000000000000000e+00 0.000000000000000000e+00 0.000000000000000000e+00
1.450000000000000000e+03 5.800327712011354997e-02 0.000000000000000000e+00 1.000000000000000000e+00 0.000000000000000000e+00 0.000000000000000000e+00 0.000000000000000000e+00
1.475000000000000000e+03 5.900333362218446176e-02 0.000000000000000000e+00 1.000000000000000000e+00 0.000000000000000000e+00 0.000000000000000000e+00 0.000000000000000000e+00
1.500000000000000000e+03 6.000339012425559559e-02 0.000000000000000000e+00 1.000000000000000000e+00 0.000000000000000000e+00 0.000000000000000000e+00 0.000000000000000000e+00
1.525000000000000000e+03 6.100344662632650738e-02 0.000000000000000000e+00 1.000000000000000000e+00 0.000000000000000000e+00 0.000000000000000000e+00 0.000000000000000000e+00
1.550000000000000000e+03 6.200350312839741918e-02 1.137915339098771066e-04 9.998862084660901095e-01 0.000000000000000000e+00 0.000000000000000000e+00 0.000000000000000000e+00
1.575000000000000000e+03 6.300355963046833097e-02 0.000000000000000000e+00 1.000000000000000000e+00 0.000000000000000000e+00 0.000000000000000000e+00 0.000000000000000000e+00
1.600000000000000000e+03 6.400361613253924276e-02 0.000000000000000000e+00 1.000000000000000000e+00 0.000000000000000000e+00 0.000000000000000000e+00 0.000000000000000000e+00
1.625000000000000000e+03 6.500367263461015455e-02 0.000000000000000000e+00 1.000000000000000000e+00 0.000000000000000000e+00 0.000000000000000000e+00 0.000000000000000000e+00
1.650000000000000000e+03 6.600372913668106634e-02 0.000000000000000000e+00 1.000000000000000000e+00 0.000000000000000000e+00 0.000000000000000000e+00 0.000000000000000000e+00
1.675000000000000000e+03 6.700378563875197813e-02 0.000000000000000000e+00 1.000000000000000000e+00 0.000000000000000000e+00 0.000000000000000000e+00 0.000000000000000000e+00
1.700000000000000000e+03 6.800384214082288992e-02 2.275830678197542133e-04 9.997724169321802190e-01 0.000000000000000000e+00 0.000000000000000000e+00 0.000000000000000000e+00
1.725000000000000000e+03 6.900389864289380171e-02 0.000000000000000000e+00 1.000000000000000000e+00 0.000000000000000000e+00 0.000000000000000000e+00 0.000000000000000000e+00
1.750000000000000000e+03 7.000395514496471350e-02 0.000000000000000000e+00 1.000000000000000000e+00 0.000000000000000000e+00 0.000000000000000000e+00 0.000000000000000000e+00
1.775000000000000000e+03 7.100401164703562529e-02 0.000000000000000000e+00 1.000000000000000000e+00 0.000000000000000000e+00 0.000000000000000000e+00 0.000000000000000000e+00
1.800000000000000000e+03 7.200406814910653708e-02 0.000000000000000000e+00 1.000000000000000000e+00 0.000000000000000000e+00 0.000000000000000000e+00 0.000000000000000000e+00
1.825000000000000000e+03 7.300412465117744887e-02 0.000000000000000000e+00 1.000000000000000000e+00 0.000000000000000000e+00 0.000000000000000000e+00 0.000000000000000000e+00
1.850000000000000000e+03 7.400418115324836066e-02 0.000000000000000000e+00 1.000000000000000000e+00 0.000000000000000000e+00 0.000000000000000000e+00 0.000000000000000000e+00
1.875000000000000000e+03 7.500423765531927245e-02 0.000000000000000000e+00 1.000000000000000000e+00 0.000000000000000000e+00 0.000000000000000000e+00 0.000000000000000000e+00
1.900000000000000000e+03 7.600429415739018424e-02 1.137915339098771066e-04 9.998862084660901095e-01 0.000000000000000000e+00 0.000000000000000000e+00 0.000000000000000000e+00
1.925000000000000000e+03 7.700435065946109603e-02 2.275830678197542133e-04 9.997724169321802190e-01 0.000000000000000000e+00 0.000000000000000000e+00 0.000000000000000000e+00
1.950000000000000000e+03 7.800440716153222986e-02 0.000000000000000000e+00 1.000000000000000000e+00 0.000000000000000000e+00 0.000000000000000000e+00 0.000000000000000000e+00
1.975000000000000000e+03 7.900446366360314165e-02 0.000000000000000000e+00 1.000000000000000000e+00 0.000000000000000000e+00 0.000000000000000000e+00 0.000000000000000000e+00
2.000000000000000000e+03 8.000452016567405344e-02 4.551661356395084266e-04 9.995448338643604380e-01 0.000000000000000000e+00 0.000000000000000000e+00 0.000000000000000000e+00
2.025000000000000000e+03 8.100457666774496523e-02 0.000000000000000000e+00 1.000000000000000000e+00 0.000000000000000000e+00 0.000000000000000000e+00 0.000000000000000000e+00
2.050000000000000000e+03 8.200463316981587703e-02 4.551661356395084266e-04 9.995448338643604380e-01 0.000000000000000000e+00 0.000000000000000000e+00 0.000000000000000000e+00
2.075000000000000000e+03 8.300468967188678882e-02 0.000000000000000000e+00 1.000000000000000000e+00 0.000000000000000000e+00 0.000000000000000000e+00 0.000000000000000000e+00
2.100000000000000000e+03 8.400474617395770061e-02 2.275830678197542133e-04 9.997724169321802190e-01 0.000000000000000000e+00 0.000000000000000000e+00 0.000000000000000000e+00
2.125000000000000000e+03 8.500480267602861240e-02 0.000000000000000000e+00 1.000000000000000000e+00 0.000000000000000000e+00 0.000000000000000000e+00 0.000000000000000000e+00
2.150000000000000000e+03 8.600485917809952419e-02 2.275830678197542133e-04 9.996586253982703285e-01 0.000000000000000000e+00 1.137915339098771066e-04 0.000000000000000000e+00
2.175000000000000000e+03 8.700491568017043598e-02 4.551661356395084266e-04 9.995448338643604380e-01 0.000000000000000000e+00 0.000000000000000000e+00 0.000000000000000000e+00
2.200000000000000000e+03 8.800497218224134777e-02 2.275830678197542133e-04 9.997724169321802190e-01 0.000000000000000000e+00 0.000000000000000000e+00 0.000000000000000000e+00
2.225000000000000000e+03 8.900502868431225956e-02 0.000000000000000000e+00 1.000000000000000000e+00 0.000000000000000000e+00 0.000000000000000000e+00 0.000000000000000000e+00
2.250000000000000000e+03 9.000508518638317135e-02 2.275830678197542133e-04 9.997724169321802190e-01 0.000000000000000000e+00 0.000000000000000000e+00 0.000000000000000000e+00
2.275000000000000000e+03 9.100514168845408314e-02 1.365498406918525280e-03 9.986345015930814251e-01 0.000000000000000000e+00 0.000000000000000000e+00 0.000000000000000000e+00
2.300000000000000000e+03 9.200519819052499493e-02 1.820664542558033706e-03 9.981793354574419741e-01 0.000000000000000000e+00 0.000000000000000000e+00 0.000000000000000000e+00
2.325000000000000000e+03 9.300525469259590672e-02 6.827492034592626399e-04 9.993172507965407680e-01 0.000000000000000000e+00 0.000000000000000000e+00 0.000000000000000000e+00
2.350000000000000000e+03 9.400531119466681851e-02 6.827492034592626399e-04 9.993172507965407680e-01 0.000000000000000000e+00 0.000000000000000000e+00 0.000000000000000000e+00
2.375000000000000000e+03 9.500536769673795234e-02 2.275830678197542133e-04 9.997724169321802190e-01 0.000000000000000000e+00 0.000000000000000000e+00 0.000000000000000000e+00
2.400000000000000000e+03 9.600542419880886413e-02 1.820664542558033706e-03 9.981793354574419741e-01 0.000000000000000000e+00 0.000000000000000000e+00 0.000000000000000000e+00
2.425000000000000000e+03 9.700548070087977592e-02 7.965407373691396923e-04 9.988620846609012061e-01 0.000000000000000000e+00 3.413746017296313199e-04 0.000000000000000000e+00
2.450000000000000000e+03 9.800553720295068771e-02 1.479289940828402332e-03 9.985207100591716456e-01 0.000000000000000000e+00 0.000000000000000000e+00 0.000000000000000000e+00
2.475000000000000000e+03 9.900559370502159950e-02 2.048247610377787811e-03 9.978379608557123026e-01 0.000000000000000000e+00 1.137915339098771066e-04 0.000000000000000000e+00
2.500000000000000000e+03 1.000056502070925113e-01 5.120619025944469528e-03 9.947655894401457033e-01 0.000000000000000000e+00 1.137915339098771066e-04 0.000000000000000000e+00
2.525000000000000000e+03 1.010057067091634231e-01 2.389622212107419402e-03 9.976103777878926326e-01 0.000000000000000000e+00 0.000000000000000000e+00 0.000000000000000000e+00
2.550000000000000000e+03 1.020057632112343349e-01 3.072371415566681717e-03 9.969276285844332897e-01 0.000000000000000000e+00 0.000000000000000000e+00 0.000000000000000000e+00
2.575000000000000000e+03 1.030058197133052467e-01 2.389622212107419402e-03 9.974965862539827421e-01 0.000000000000000000e+00 1.137915339098771066e-04 0.000000000000000000e+00
2.600000000000000000e+03 1.040058762153761585e-01 4.210286754665453109e-03 9.956759217114247162e-01 0.000000000000000000e+00 1.137915339098771066e-04 0.000000000000000000e+00
2.625000000000000000e+03 1.050059327174470702e-01 4.210286754665453109e-03 9.954483386436049352e-01 0.000000000000000000e+00 3.413746017296313199e-04 0.000000000000000000e+00
2.650000000000000000e+03 1.060059892195179820e-01 4.096495220755575623e-03 9.959035047792443862e-01 0.000000000000000000e+00 0.000000000000000000e+00 0.000000000000000000e+00
2.675000000000000000e+03 1.070060457215888938e-01 4.210286754665453109e-03 9.955621301775148257e-01 0.000000000000000000e+00 2.275830678197542133e-04 0.000000000000000000e+00
2.700000000000000000e+03 1.080061022236598056e-01 6.144742831133363434e-03 9.938552571688666903e-01 0.000000000000000000e+00 0.000000000000000000e+00 0.000000000000000000e+00
2.725000000000000000e+03 1.090061587257307174e-01 5.348202093764223633e-03 9.945380063723259223e-01 0.000000000000000000e+00 1.137915339098771066e-04 0.000000000000000000e+00
2.750000000000000000e+03 1.100062152278016292e-01 7.282658170232134826e-03 9.926035502958580059e-01 0.000000000000000000e+00 1.137915339098771066e-04 0.000000000000000000e+00
2.775000000000000000e+03 1.110062717298725410e-01 8.875739644970414427e-03 9.904415111515703085e-01 0.000000000000000000e+00 6.827492034592626399e-04 0.000000000000000000e+00
2.800000000000000000e+03 1.120063282319436748e-01 1.069640418752844727e-02 9.886208466090122826e-01 0.000000000000000000e+00 6.827492034592626399e-04 0.000000000000000000e+00
2.825000000000000000e+03 1.130063847340145866e-01 8.648156577150659455e-03 9.910104688211197610e-01 0.000000000000000000e+00 3.413746017296313199e-04 0.000000000000000000e+00
2.850000000000000000e+03 1.140064412360854984e-01 1.046882111970869403e-02 9.886208466090122826e-01 0.000000000000000000e+00 9.103322712790168532e-04 0.000000000000000000e+00
2.875000000000000000e+03 1.150064977381564102e-01 1.729631315430131891e-02 9.809968138370505075e-01 0.000000000000000000e+00 1.706873008648156654e-03 0.000000000000000000e+00
2.900000000000000000e+03 1.160065542402273220e-01 2.492034592626308706e-02 9.722348657259899385e-01 0.000000000000000000e+00 2.844788347746927612e-03 0.000000000000000000e+00
2.925000000000000000e+03 1.170066107422982338e-01 2.435138825671370050e-02 9.698452435138825711e-01 0.000000000000000000e+00 5.803368229403732710e-03 0.000000000000000000e+00
2.950000000000000000e+03 1.180066672443691456e-01 3.868912152935821691e-02 9.494765589440146147e-01 0.000000000000000000e+00 1.183431952662721866e-02 0.000000000000000000e+00
2.975000000000000000e+03 1.190067237464400574e-01 5.097860719162494031e-02 9.231907146108329076e-01 0.000000000000000000e+00 2.583067819754210348e-02 0.000000000000000000e+00
3.000000000000000000e+03 1.200067802485109691e-01 7.532999544833864081e-02 8.705052344105598250e-01 0.000000000000000000e+00 5.416477014110149951e-02 0.000000000000000000e+00
3.025000000000000000e+03 1.210068367505818809e-01 1.199362767410104696e-01 7.678652708238506985e-01 0.000000000000000000e+00 1.121984524351388318e-01 0.000000000000000000e+00
3.050000000000000000e+03 1.220068932526527927e-01 1.624943104233045055e-01 6.473600364132908735e-01 0.000000000000000000e+00 1.901456531634046487e-01 0.000000000000000000e+00
3.075000000000000000e+03 1.230069497547237045e-01 2.418070095584888557e-01 4.775830678197542367e-01 1.137915339098771066e-04 2.804961310878470448e-01 0.000000000000000000e+00
3.100000000000000000e+03 1.240070062567946163e-01 2.965407373691397175e-01 3.393263541192535482e-01 2.617205279927173507e-03 3.615157032316795860e-01 0.000000000000000000e+00
3.125000000000000000e+03 1.250070627588655281e-01 3.402366863905325611e-01 2.180245789713245452e-01 4.779244424214838804e-03 4.369594902139281034e-01 0.000000000000000000e+00
3.150000000000000000e+03 1.260071192609364399e-01 3.497951752389621971e-01 1.689804278561675144e-01 6.599908966772872511e-03 4.746244879380974169e-01 0.000000000000000000e+00
3.175000000000000000e+03 1.270071757630073517e-01 3.635639508420573374e-01 1.473600364132908458e-01 6.599908966772872511e-03 4.824761037778789174e-01 0.000000000000000000e+00
3.200000000000000000e+03 1.280072322650782635e-01 3.780154756486117651e-01 1.276741010468821214e-01 1.115157032316795548e-02 4.831588529813382049e-01 0.000000000000000000e+00
3.225000000000000000e+03 1.290072887671493973e-01 3.975876194811105990e-01 1.222121074192080159e-01 1.558944014565316269e-02 4.646108329540282189e-01 0.000000000000000000e+00
3.250000000000000000e+03 1.300073452692203091e-01 3.848429676832043622e-01 1.417842512517068776e-01 2.366863905325443732e-02 4.497041420118343402e-01 0.000000000000000000e+00
3.275000000000000000e+03 1.310074017712912209e-01 3.668639053254437732e-01 1.682976786527082269e-01 4.312699135184342586e-02 4.217114246700045532e-01 0.000000000000000000e+00
3.300000000000000000e+03 1.320074582733621327e-01 3.693673190714610866e-01 1.819526627218935044e-01 6.759217114246700298e-02 3.810878470641784199e-01 0.000000000000000000e+00
3.325000000000000000e+03 1.330075147754330445e-01 3.538916704597178109e-01 2.000455166135639562e-01 8.386436049157942885e-02 3.621984524351388179e-01 0.000000000000000000e+00
3.350000000000000000e+03 1.340075712775039563e-01 3.544606281292672079e-01 2.126763768775603025e-01 1.017296313154301274e-01 3.311333636777423761e-01 0.000000000000000000e+00
3.375000000000000000e+03 1.350076277795748680e-01 3.482020937642239522e-01 2.196176604460628179e-01 1.148156577150659940e-01 3.173645880746472359e-01 0.000000000000000000e+00
3.400000000000000000e+03 1.360076842816457798e-01 3.489986345015930747e-01 2.187073281747838049e-01 1.236913973600364119e-01 3.086026399635867223e-01 0.000000000000000000e+00
3.425000000000000000e+03 1.370077407837166916e-01 3.576467910787437532e-01 2.181383705052344080e-01 1.340464269458352398e-01 2.901684114701866268e-01 0.000000000000000000e+00
3.450000000000000000e+03 1.380077972857876034e-01 3.585571233500227661e-01 2.220072826581702408e-01 1.459945380063723264e-01 2.734410559854346667e-01 0.000000000000000000e+00
3.475000000000000000e+03 1.390078537878585152e-01 3.758534365043240677e-01 2.352071005917159841e-01 1.529358215748748417e-01 2.360036413290851065e-01 0.000000000000000000e+00
3.500000000000000000e+03 1.400079102899294270e-01 3.857532999544833752e-01 2.490896677287209870e-01 1.709148839326354030e-01 1.942421483841602070e-01 0.000000000000000000e+00
3.525000000000000000e+03 1.410079667920003388e-01 3.914428766499772339e-01 2.639963586709148657e-01 1.813837050523441075e-01 1.631770596267637652e-01 0.000000000000000000e+00
3.550000000000000000e+03 1.420080232940712506e-01 3.837050523441056238e-01 2.693445607646791085e-01 1.812699135184342170e-01 1.656804733727810786e-01 0.000000000000000000e+00
3.575000000000000000e+03 1.430080797961421624e-01 3.722121074192080159e-01 2.779927173418297870e-01 1.912835685025034149e-01 1.585116067364588099e-01 0.000000000000000000e+00
3.600000000000000000e+03 1.440081362982130742e-01 3.686845698680017991e-01 2.826581702321347422e-01 1.949248975876194945e-01 1.537323623122439642e-01 0.000000000000000000e+00
3.625000000000000000e+03 1.450081928002839859e-01 3.766499772416932457e-01 2.840236686390532617e-01 2.022075557578516258e-01 1.371187983614019223e-01 0.000000000000000000e+00
3.650000000000000000e+03 1.460082493023551198e-01 3.792671825216203940e-01 2.932407828857532817e-01 2.057350933090578149e-01 1.217569412835685094e-01 0.000000000000000000e+00
3.675000000000000000e+03 1.470083058044260316e-01 3.757396449704141772e-01 2.988165680473373054e-01 2.101729631315430169e-01 1.152708238507055144e-01 0.000000000000000000e+00
3.700000000000000000e+03 1.480083623064969434e-01 3.796085571233500100e-01 2.989303595812471404e-01 2.057350933090578149e-01 1.157259899863450209e-01 0.000000000000000000e+00
3.725000000000000000e+03 1.490084188085678552e-01 3.929221665908056438e-01 2.989303595812471404e-01 1.999317250796540657e-01 1.082157487482931224e-01 0.000000000000000000e+00
3.750000000000000000e+03 1.500084753106387669e-01 3.868912152935821691e-01 3.055302685480200120e-01 2.101729631315430169e-01 9.740555302685480199e-02 0.000000000000000000e+00
3.775000000000000000e+03 1.510085318127096787e-01 3.871187983614018946e-01 3.086026399635867223e-01 2.061902594446973214e-01 9.808830223031406170e-02 0.000000000000000000e+00
3.800000000000000000e+03 1.520085883147805905e-01 3.885980883022303045e-01 3.155439235320892100e-01 2.081247155211652378e-01 8.773327264451524776e-02 0.000000000000000000e+00
3.825000000000000000e+03 1.530086448168515023e-01 3.905325443786982209e-01 3.183887118798361393e-01 2.047109695038689114e-01 8.636777423759672834e-02 0.000000000000000000e+00
3.850000000000000000e+03 1.540087013189224141e-01 3.964497041420118606e-01 3.175921711424670169e-01 2.015248065543923661e-01 8.443331816112881194e-02 0.000000000000000000e+00
3.875000000000000000e+03 1.550087578209933259e-01 3.923532089212562468e-01 3.237369139736003820e-01 2.016385980883022289e-01 8.227127901684114231e-02 0.000000000000000000e+00
3.900000000000000000e+03 1.560088143230642377e-01 3.936049157942649313e-01 3.264679107874374209e-01 2.000455166135639562e-01 7.988165680473373331e-02 0.000000000000000000e+00
3.925000000000000000e+03 1.570088708251351495e-01 3.959945380063722986e-01 3.263541192535275304e-01 2.012972234865725851e-01 7.635411925352754425e-02 0.000000000000000000e+00
3.950000000000000000e+03 1.580089273272060613e-01 3.989531178880291185e-01 3.286299499317250628e-01 1.991351843422849432e-01 7.328174783796086167e-02 0.000000000000000000e+00
3.975000000000000000e+03 1.590089838292769731e-01 4.033909877105143482e-01 3.296540737369139662e-01 1.950386891215293572e-01 7.191624943104232837e-02 0.000000000000000000e+00
4.000000000000000000e+03 1.600090403313478848e-01 3.937187073281747662e-01 3.364815657715066188e-01 1.942421483841602070e-01 7.555757851615839404e-02 0.000000000000000000e+00
4.025000000000000000e+03 1.610090968334187966e-01 3.959945380063722986e-01 3.385298133818843702e-01 1.959490213928083702e-01 6.952662721893490549e-02 0.000000000000000000e+00
4.050000000000000000e+03 1.620091533354897084e-01 3.983841602184797215e-01 3.385298133818843702e-01 2.022075557578516258e-01 6.087847064178425471e-02 0.000000000000000000e+00
4.075000000000000000e+03 1.630092098375608423e-01 3.907601274465180019e-01 3.454710969503869133e-01 2.060764679107874309e-01 5.769230769230769551e-02 0.000000000000000000e+00
4.100000000000000000e+03 1.640092663396317541e-01 3.951979972690031762e-01 3.525261720527992915e-01 2.053937187073281712e-01 4.688211197086936816e-02 0.000000000000000000e+00
4.125000000000000000e+03 1.650093228417026658e-01 3.914428766499772339e-01 3.493400091033226906e-01 2.086936731907146070e-01 5.052344105598543383e-02 0.000000000000000000e+00
4.150000000000000000e+03 1.660093793437735776e-01 3.892808375056895920e-01 3.515020482476103880e-01 2.115384615384615363e-01 4.767865270823850449e-02 0.000000000000000000e+00
4.175000000000000000e+03 1.670094358458444894e-01 3.966772872098315861e-01 3.509330905780609910e-01 2.101729631315430169e-01 4.221665908056440597e-02 0.000000000000000000e+00
4.200000000000000000e+03 1.680094923479154012e-01 3.813154301319982009e-01 3.570778334091943562e-01 2.139280837505689592e-01 4.767865270823850449e-02 0.000000000000000000e+00
4.225000000000000000e+03 1.690095488499863130e-01 3.917842512517068498e-01 3.575329995448338627e-01 2.097177969959035104e-01 4.096495220755575623e-02 0.000000000000000000e+00
4.250000000000000000e+03 1.700096053520572248e-01 3.945152480655439442e-01 3.567364588074647402e-01 2.092626308602640040e-01 3.948566226672735324e-02 0.000000000000000000e+00
4.275000000000000000e+03 1.710096618541281366e-01 3.907601274465180019e-01 3.606053709604005730e-01 2.086936731907146070e-01 3.994082840236686666e-02 0.000000000000000000e+00
4.300000000000000000e+03 1.720097183561990484e-01 3.904187528447883304e-01 3.619708693673190925e-01 2.081247155211652378e-01 3.948566226672735324e-02 0.000000000000000000e+00
4.325000000000000000e+03 1.730097748582699602e-01 3.930359581247155343e-01 3.628812016385981054e-01 2.050523441055985552e-01 3.903049613108784677e-02 0.000000000000000000e+00
4.350000000000000000e+03 1.740098313603408720e-01 3.909877105143377274e-01 3.616294947655894210e-01 2.035730541647701453e-01 4.380974055530268557e-02 0.000000000000000000e+00
4.375000000000000000e+03 1.750098878624117837e-01 3.918980427856167403e-01 3.602639963586709015e-01 2.042558033682294050e-01 4.358215748748293233e-02 0.000000000000000000e+00
4.400000000000000000e+03 1.760099443644826955e-01 3.950842057350932857e-01 3.649294492489758568e-01 1.995903504779244497e-01 4.039599453800637313e-02 0.000000000000000000e+00
4.425000000000000000e+03 1.770100008665536073e-01 3.913290851160673434e-01 3.665225307237141572e-01 2.008420573509330787e-01 4.130632680928538608e-02 0.000000000000000000e+00
4.450000000000000000e+03 1.780100573686245191e-01 3.940600819299044377e-01 3.665225307237141572e-01 2.030040964952207483e-01 3.641329085116067066e-02 0.000000000000000000e+00
4.475000000000000000e+03 1.790101138706954309e-01 3.889394629039599205e-01 3.724396904870277414e-01 1.985662266727355463e-01 4.005461993627674328e-02 0.000000000000000000e+00
4.500000000000000000e+03 1.800101703727665647e-01 3.909877105143377274e-01 3.759672280382339582e-01 1.940145653163404538e-01 3.903049613108784677e-02 0.000000000000000000e+00
4.525000000000000000e+03 1.810102268748374765e-01 3.900773782430587144e-01 3.837050523441056238e-01 1.932180245789713313e-01 3.299954483386435822e-02 0.000000000000000000e+00
4.550000000000000000e+03 1.820102833769083883e-01 3.914428766499772339e-01 3.833636777423759523e-01 1.932180245789713313e-01 3.197542102867546865e-02 0.000000000000000000e+00
4.575000000000000000e+03 1.830103398789793001e-01 3.859808830223031562e-01 3.822257624032772139e-01 1.968593536640873831e-01 3.493400091033227461e-02 0.000000000000000000e+00
4.600000000000000000e+03 1.840103963810502119e-01 3.887118798361401950e-01 3.862084660901228816e-01 1.937869822485207005e-01 3.129267182521620200e-02 0.000000000000000000e+00
4.625000000000000000e+03 1.850104528831211237e-01 3.890532544378698110e-01 3.878015475648611821e-01 1.946973145197997135e-01 2.844788347746927612e-02 0.000000000000000000e+00
4.650000000000000000e+03 1.860105093851920355e-01 3.852981338188438687e-01 3.905325443786982209e-01 1.972007282658170269e-01 2.696859353664087314e-02 0.000000000000000000e+00
4.675000000000000000e+03 1.870105658872629473e-01 3.767637687756030807e-01 3.988393263541192280e-01 1.977696859353663961e-01 2.662721893491124328e-02 0.000000000000000000e+00
4.700000000000000000e+03 1.880106223893338591e-01 3.741465634956759323e-01 4.021392808375056638e-01 1.982248520710059303e-01 2.548930359581247015e-02 0.000000000000000000e+00
4.725000000000000000e+03 1.890106788914047709e-01 3.755120619025944517e-01 3.994082840236686249e-01 1.987938097405552995e-01 2.628584433318160996e-02 0.000000000000000000e+00
4.750000000000000000e+03 1.900107353934756826e-01 3.775603095129722586e-01 4.028220300409649512e-01 1.976558944014565333e-01 2.184797451069640448e-02 1.137915339098771066e-04
4.775000000000000000e+03 1.910107918955465944e-01 3.772189349112425871e-01 4.021392808375056638e-01 1.979972690031861493e-01 2.264451524806554428e-02 0.000000000000000000e+00
4.800000000000000000e+03 1.920108483976175062e-01 3.726672735548475224e-01 4.048702776513427581e-01 1.987938097405552995e-01 2.366863905325443732e-02 0.000000000000000000e+00
4.825000000000000000e+03 1.930109048996884180e-01 3.723258989531179064e-01 4.058944014565316616e-01 1.981110605370960398e-01 2.366863905325443732e-02 0.000000000000000000e+00
4.850000000000000000e+03 1.940109614017593298e-01 3.703914428766499900e-01 4.068047337278106745e-01 2.007282658170232159e-01 2.207555757851615771e-02 0.000000000000000000e+00
4.875000000000000000e+03 1.950110179038302416e-01 3.628812016385981054e-01 4.107874374146563423e-01 2.041420118343195145e-01 2.218934911242603433e-02 0.000000000000000000e+00
4.900000000000000000e+03 1.960110744059011534e-01 3.662949476558943762e-01 4.107874374146563423e-01 2.016385980883022289e-01 2.127901684114701791e-02 0.000000000000000000e+00
4.925000000000000000e+03 1.970111309079722872e-01 3.626536185707783244e-01 4.139736003641328876e-01 2.011834319526627224e-01 2.218934911242603433e-02 0.000000000000000000e+00
4.950000000000000000e+03 1.980111874100431990e-01 3.593536640873918886e-01 4.179563040509786109e-01 2.002730996813837094e-01 2.241693218024579104e-02 0.000000000000000000e+00
4.975000000000000000e+03 1.990112439121141108e-01 3.581019572143832597e-01 4.204597177969959243e-01 2.007282658170232159e-01 2.071005917159763482e-02 0.000000000000000000e+00
5.000000000000000000e+03 2.000113004141850226e-01 3.563950842057350687e-01 4.221665908056440597e-01 2.039144287664997612e-01 1.752389622212107562e-02 0.000000000000000000e+00
5.025000000000000000e+03 2.010113569162559344e-01 3.500227583067819781e-01 4.291078743741465473e-01 2.024351388256713791e-01 1.843422849340009204e-02 0.000000000000000000e+00
5.050000000000000000e+03 2.020114134183268462e-01 3.446745562130177354e-01 4.342284934000910090e-01 2.038006372325898985e-01 1.729631315430131891e-02 0.000000000000000000e+00
5.075000000000000000e+03 2.030114699203977580e-01 3.392125625853436577e-01 4.413973600364132777e-01 2.018661811561219821e-01 1.752389622212107562e-02 0.000000000000000000e+00
5.100000000000000000e+03 2.040115264224686698e-01 3.385298133818843702e-01 4.454938552571688914e-01 2.017523896222121194e-01 1.422394173873463806e-02 0.000000000000000000e+00
5.125000000000000000e+03 2.050115829245395815e-01 3.376194811106053573e-01 4.475421028675466428e-01 1.974283113336367801e-01 1.741010468821119553e-02 0.000000000000000000e+00
5.150000000000000000e+03 2.060116394266104933e-01 3.369367319071461253e-01 4.506144742831133532e-01 2.017523896222121194e-01 1.069640418752844727e-02 0.000000000000000000e+00
5.175000000000000000e+03 2.070116959286814051e-01 3.315885298133818826e-01 4.535730541647701175e-01 2.017523896222121194e-01 1.308602639963586667e-02 0.000000000000000000e+00
5.200000000000000000e+03 2.080117524307523169e-01 3.305644060081929791e-01 4.569868001820664438e-01 2.008420573509330787e-01 1.160673645880746542e-02 0.000000000000000000e+00
5.225000000000000000e+03 2.090118089328232287e-01 3.288575329995448437e-01 4.604005461993627701e-01 1.994765589440145592e-01 1.126536185707783383e-02 0.000000000000000000e+00
5.250000000000000000e+03 2.100118654348941405e-01 3.305644060081929791e-01 4.572143832498862248e-01 2.012972234865725851e-01 1.092398725534820224e-02 0.000000000000000000e+00
5.275000000000000000e+03 2.110119219369650523e-01 3.302230314064633632e-01 4.568730086481565533e-01 2.005006827492034627e-01 1.240327719617660522e-02 0.000000000000000000e+00
5.300000000000000000e+03 2.120119784390359641e-01 3.284023668639053373e-01 4.593764223941738667e-01 2.020937642239417353e-01 1.012744651797906244e-02 0.000000000000000000e+00
5.325000000000000000e+03 2.130120349411068759e-01 3.261265361857078049e-01 4.627901684114701930e-01 2.031178880291306388e-01 7.965407373691398007e-03 0.000000000000000000e+00
5.350000000000000000e+03 2.140120914431780097e-01 3.262403277196176399e-01 4.604005461993627701e-01 2.027765134274009950e-01 1.058261265361857065e-02 0.000000000000000000e+00
5.375000000000000000e+03 2.150121479452489215e-01 3.264679107874374209e-01 4.619936276741010706e-01 2.028903049613108855e-01 8.648156577150659455e-03 0.000000000000000000e+00
5.400000000000000000e+03 2.160122044473198333e-01 3.188438780154756458e-01 4.668866636322257513e-01 2.061902594446973214e-01 8.079198907601274626e-03 0.000000000000000000e+00
5.425000000000000000e+03 2.170122609493907451e-01 3.140646335912608000e-01 4.676832043695949293e-01 2.094902139280837572e-01 8.761948111060537808e-03 0.000000000000000000e+00
5.450000000000000000e+03 2.180123174514616569e-01 3.123577605826126646e-01 4.715521165225307065e-01 2.071005917159763343e-01 8.989531178880291046e-03 0.000000000000000000e+00
5.475000000000000000e+03 2.190123739535325686e-01 3.104233045061447482e-01 4.737141556668184039e-01 2.067592171142466906e-01 9.103322712790167665e-03 0.000000000000000000e+00
5.500000000000000000e+03 2.200124304556034804e-01 3.090578060992262288e-01 4.756486117432863203e-01 2.074419663177059503e-01 7.851615839781519654e-03 0.000000000000000000e+00
5.525000000000000000e+03 2.210124869576743922e-01 3.090578060992262288e-01 4.770141101502048397e-01 2.081247155211652378e-01 5.803368229403732710e-03 0.000000000000000000e+00
5.550000000000000000e+03 2.220125434597453040e-01 3.024578971324533572e-01 4.827036868456986984e-01 2.101729631315430169e-01 4.665452890304961318e-03 0.000000000000000000e+00
5.575000000000000000e+03 2.230125999618162158e-01 3.015475648611743442e-01 4.873691397360036537e-01 2.053937187073281712e-01 5.689576695493855224e-03 0.000000000000000000e+00
5.600000000000000000e+03 2.240126564638871276e-01 2.954028220300409791e-01 4.926035502958580059e-01 2.058488848429676776e-01 6.144742831133363434e-03 0.000000000000000000e+00
5.625000000000000000e+03 2.250127129659580394e-01 2.908511606736458588e-01 4.994310423304506030e-01 2.036868456986800080e-01 6.030951297223486815e-03 0.000000000000000000e+00
5.650000000000000000e+03 2.260127694680289512e-01 2.803823395539372099e-01 5.085343650432407880e-01 2.047109695038689114e-01 6.372325898953117539e-03 0.000000000000000000e+00
5.675000000000000000e+03 2.270128259700998630e-01 2.812926718252162228e-01 5.112653618570778269e-01 2.011834319526627224e-01 6.258534365043240920e-03 0.000000000000000000e+00
