# itime ezz other fcc hcp bcc ico
0.000000000000000000e+00 0.000000000000000000e+00 0.000000000000000000e+00 1.000000000000000000e+00 0.000000000000000000e+00 0.000000000000000000e+00 0.000000000000000000e+00
2.500000000000000000e+01 1.000053371581488548e-03 0.000000000000000000e+00 1.000000000000000000e+00 0.000000000000000000e+00 0.000000000000000000e+00 0.000000000000000000e+00
5.000000000000000000e+01 2.000106743162977097e-03 0.000000000000000000e+00 1.000000000000000000e+00 0.000000000000000000e+00 0.000000000000000000e+00 0.000000000000000000e+00
7.500000000000000000e+01 3.000160114744465645e-03 0.000000000000000000e+00 1.000000000000000000e+00 0.000000000000000000e+00 0.000000000000000000e+00 0.000000000000000000e+00
1.000000000000000000e+02 4.000213486325954193e-03 0.000000000000000000e+00 1.000000000000000000e+00 0.000000000000000000e+00 0.000000000000000000e+00 0.000000000000000000e+00
1.250000000000000000e+02 5.000266857907442741e-03 0.000000000000000000e+00 1.000000000000000000e+00 0.000000000000000000e+00 0.000000000000000000e+00 0.000000000000000000e+00
1.500000000000000000e+02 6.000320229488931290e-03 0.000000000000000000e+00 1.000000000000000000e+00 0.000000000000000000e+00 0.000000000000000000e+00 0.000000000000000000e+00
1.750000000000000000e+02 7.000373601070419838e-03 0.000000000000000000e+00 1.000000000000000000e+00 0.000000000000000000e+00 0.000000000000000000e+00 0.000000000000000000e+00
2.000000000000000000e+02 8.000426972651686341e-03 0.000000000000000000e+00 1.000000000000000000e+00 0.000000000000000000e+00 0.000000000000000000e+00 0.000000000000000000e+00
2.250000000000000000e+02 9.000480344233174890e-03 0.000000000000000000e+00 1.000000000000000000e+00 0.000000000000000000e+00 0.000000000000000000e+00 0.000000000000000000e+00
2.500000000000000000e+02 1.000053371581466344e-02 0.000000000000000000e+00 1.000000000000000000e+00 0.000000000000000000e+00 0.000000000000000000e+00 0.000000000000000000e+00
2.750000000000000000e+02 1.100058708739615199e-02 0.000000000000000000e+00 1.000000000000000000e+00 0.000000000000000000e+00 0.000000000000000000e+00 0.000000000000000000e+00
3.000000000000000000e+02 1.200064045897764053e-02 0.000000000000000000e+00 1.000000000000000000e+00 0.000000000000000000e+00 0.000000000000000000e+00 0.000000000000000000e+00
3.250000000000000000e+02 1.300069383055912908e-02 0.000000000000000000e+00 1.000000000000000000e+00 0.000000000000000000e+00 0.000000000000000000e+00 0.000000000000000000e+00
3.500000000000000000e+02 1.400074720214061763e-02 0.000000000000000000e+00 1.000000000000000000e+00 0.000000000000000000e+00 0.000000000000000000e+00 0.000000000000000000e+00
3.750000000000000000e+02 1.500080057372210618e-02 0.000000000000000000e+00 1.000000000000000000e+00 0.000000000000000000e+00 0.000000000000000000e+00 0.000000000000000000e+00
4.000000000000000000e+02 1.600085394530359473e-02 0.000000000000000000e+00 1.000000000000000000e+00 0.000000000000000000e+00 0.000000000000000000e+00 0.000000000000000000e+00
4.250000000000000000e+02 1.700090731688508328e-02 0.000000000000000000e+00 1.000000000000000000e+00 0.000000000000000000e+00 0.000000000000000000e+00 0.000000000000000000e+00
4.500000000000000000e+02 1.800096068846657182e-02 0.000000000000000000e+00 1.000000000000000000e+00 0.000000000000000000e+00 0.000000000000000000e+00 0.000000000000000000e+00
4.750000000000000000e+02 1.900101406004806037e-02 0.000000000000000000e+00 1.000000000000000000e+00 0.000000000000000000e+00 0.000000000000000000e+00 0.000000000000000000e+00
5.000000000000000000e+02 2.000106743162954892e-02 0.000000000000000000e+00 1.000000000000000000e+00 0.000000000000000000e+00 0.000000000000000000e+00 0.000000000000000000e+00
5.250000000000000000e+02 2.100112080321103747e-02 0.000000000000000000e+00 1.000000000000000000e+00 0.000000000000000000e+00 0.000000000000000000e+00 0.000000000000000000e+00
5.500000000000000000e+02 2.200117417479230397e-02 0.000000000000000000e+00 1.000000000000000000e+00 0.000000000000000000e+00 0.000000000000000000e+00 0.000000000000000000e+00
5.750000000000000000e+02 2.300122754637379252e-02 0.000000000000000000e+00 1.000000000000000000e+00 0.000000000000000000e+00 0.000000000000000000e+00 0.000000000000000000e+00
6.000000000000000000e+02 2.400128091795528107e-02 0.000000000000000000e+00 1.000000000000000000e+00 0.000000000000000000e+00 0.000000000000000000e+00 0.000000000000000000e+00
6.250000000000000000e+02 2.500133428953676962e-02 0.000000000000000000e+00 1.000000000000000000e+00 0.000000000000000000e+00 0.000000000000000000e+00 0.000000000000000000e+00
6.500000000000000000e+02 2.600138766111825817e-02 0.000000000000000000e+00 1.000000000000000000e+00 0.000000000000000000e+00 0.000000000000000000e+00 0.000000000000000000e+00
6.750000000000000000e+02 2.700144103269974671e-02 0.000000000000000000e+00 1.000000000000000000e+00 0.000000000000000000e+00 0.000000000000000000e+00 0.000000000000000000e+00
7.000000000000000000e+02 2.800149440428123526e-02 0.000000000000000000e+00 1.000000000000000000e+00 0.000000000000000000e+00 0.000000000000000000e+00 0.000000000000000000e+00
7.250000000000000000e+02 2.900154777586272381e-02 0.000000000000000000e+00 1.000000000000000000e+00 0.000000000000000000e+00 0.000000000000000000e+00 0.000000000000000000e+00
7.500000000000000000e+02 3.000160114744421236e-02 0.000000000000000000e+00 1.000000000000000000e+00 0.000000000000000000e+00 0.000000000000000000e+00 0.000000000000000000e+00
7.750000000000000000e+02 3.100165451902570091e-02 0.000000000000000000e+00 1.000000000000000000e+00 0.000000000000000000e+00 0.000000000000000000e+00 0.000000000000000000e+00
8.000000000000000000e+02 3.200170789060718946e-02 0.000000000000000000e+00 1.000000000000000000e+00 0.000000000000000000e+00 0.000000000000000000e+00 0.000000000000000000e+00
8.250000000000000000e+02 3.300176126218867800e-02 0.000000000000000000e+00 1.000000000000000000e+00 0.000000000000000000e+00 0.000000000000000000e+00 0.000000000000000000e+00
8.500000000000000000e+02 3.400181463377016655e-02 0.000000000000000000e+00 1.000000000000000000e+00 0.000000000000000000e+00 0.000000000000000000e+00 0.000000000000000000e+00
8.750000000000000000e+02 3.500186800535165510e-02 0.000000000000000000e+00 1.000000000000000000e+00 0.000000000000000000e+00 0.000000000000000000e+00 0.000000000000000000e+00
9.000000000000000000e+02 3.600192137693292160e-02 0.000000000000000000e+00 1.000000000000000000e+00 0.000000000000000000e+00 0.000000000000000000e+00 0.000000000000000000e+00
9.250000000000000000e+02 3.700197474851441015e-02 0.000000000000000000e+00 1.000000000000000000e+00 0.000000000000000000e+00 0.000000000000000000e+00 0.000000000000000000e+00
9.500000000000000000e+02 3.800202812009589870e-02 0.000000000000000000e+00 1.000000000000000000e+00 0.000000000000000000e+00 0.000000000000000000e+00 0.000000000000000000e+00
9.750000000000000000e+02 3.900208149167738725e-02 0.000000000000000000e+00 1.000000000000000000e+00 0.000000000000000000e+00 0.000000000000000000e+00 0.000000000000000000e+00
1.000000000000000000e+03 4.000213486325887580e-02 0.000000000000000000e+00 1.000000000000000000e+00 0.000000000000000000e+00 0.000000000000000000e+00 0.000000000000000000e+00
1.025000000000000000e+03 4.100218823484036434e-02 0.000000000000000000e+00 1.000000000000000000e+00 0.000000000000000000e+00 0.000000000000000000e+00 0.000000000000000000e+00
1.050000000000000000e+03 4.200224160642185289e-02 0.000000000000000000e+00 1.000000000000000000e+00 0.000000000000000000e+00 0.000000000000000000e+00 0.000000000000000000e+00
1.075000000000000000e+03 4.300229497800334144e-02 0.000000000000000000e+00 1.000000000000000000e+00 0.000000000000000000e+00 0.000000000000000000e+00 0.000000000000000000e+00
1.100000000000000000e+03 4.400234834958482999e-02 0.000000000000000000e+00 1.000000000000000000e+00 0.000000000000000000e+00 0.000000000000000000e+00 0.000000000000000000e+00
1.125000000000000000e+03 4.500240172116631854e-02 0.000000000000000000e+00 1.000000000000000000e+00 0.000000000000000000e+00 0.000000000000000000e+00 0.000000000000000000e+00
1.150000000000000000e+03 4.600245509274780709e-02 0.000000000000000000e+00 1.000000000000000000e+00 0.000000000000000000e+00 0.000000000000000000e+00 0.000000000000000000e+00
1.175000000000000000e+03 4.700250846432929563e-02 0.000000000000000000e+00 1.000000000000000000e+00 0.000000000000000000e+00 0.000000000000000000e+00 0.000000000000000000e+00
1.200000000000000000e+03 4.800256183591078418e-02 0.000000000000000000e+00 1.000000000000000000e+00 0.000000000000000000e+00 0.000000000000000000e+00 0.000000000000000000e+00
1.225000000000000000e+03 4.900261520749227273e-02 0.000000000000000000e+00 1.000000000000000000e+00 0.000000000000000000e+00 0.000000000000000000e+00 0.000000000000000000e+00
1.250000000000000000e+03 5.000266857907376128e-02 0.000000000000000000e+00 1.000000000000000000e+00 0.000000000000000000e+00 0.000000000000000000e+00 0.000000000000000000e+00
1.275000000000000000e+03 5.100272195065502778e-02 0.000000000000000000e+00 1.000000000000000000e+00 0.000000000000000000e+00 0.000000000000000000e+00 0.000000000000000000e+00
1.300000000000000000e+03 5.200277532223651633e-02 0.000000000000000000e+00 1.000000000000000000e+00 0.000000000000000000e+00 0.000000000000000000e+00 0.000000000000000000e+00
1.325000000000000000e+03 5.300282869381800488e-02 0.000000000000000000e+00 1.000000000000000000e+00 0.000000000000000000e+00 0.000000000000000000e+00 0.000000000000000000e+00
1.350000000000000000e+03 5.400288206539949343e-02 0.000000000000000000e+00 1.000000000000000000e+00 0.000000000000000000e+00 0.000000000000000000e+00 0.000000000000000000e+00
1.375000000000000000e+03 5.500293543698098198e-02 0.000000000000000000e+00 1.000000000000000000e+00 0.000000000000000000e+00 0.000000000000000000e+00 0.000000000000000000e+00
1.400000000000000000e+03 5.600298880856247052e-02 0.000000000000000000e+00 1.000000000000000000e+00 0.000000000000000000e+00 0.000000000000000000e+00 0.000000000000000000e+00
1.425000000000000000e+03 5.700304218014395907e-02 0.000000000000000000e+00 1.000000000000000000e+00 0.000000000000000000e+00 0.000000000000000000e+00 0.000000000000000000e+00
1.450000000000000000e+03 5.800309555172544762e-02 1.137915339098771066e-04 9.998862084660901095e-01 0.000000000000000000e+00 0.000000000000000000e+00 0.000000000000000000e+00
1.475000000000000000e+03 5.900314892330693617e-02 0.000000000000000000e+00 1.000000000000000000e+00 0.000000000000000000e+00 0.000000000000000000e+00 0.000000000000000000e+00
1.500000000000000000e+03 6.000320229488842472e-02 0.000000000000000000e+00 1.000000000000000000e+00 0.000000000000000000e+00 0.000000000000000000e+00 0.000000000000000000e+00
1.525000000000000000e+03 6.100325566646991327e-02 0.000000000000000000e+00 1.000000000000000000e+00 0.000000000000000000e+00 0.000000000000000000e+00 0.000000000000000000e+00
1.550000000000000000e+03 6.200330903805140181e-02 0.000000000000000000e+00 1.000000000000000000e+00 0.000000000000000000e+00 0.000000000000000000e+00 0.000000000000000000e+00
1.575000000000000000e+03 6.300336240963289036e-02 0.000000000000000000e+00 1.000000000000000000e+00 0.000000000000000000e+00 0.000000000000000000e+00 0.000000000000000000e+00
1.600000000000000000e+03 6.400341578121437891e-02 0.000000000000000000e+00 1.000000000000000000e+00 0.000000000000000000e+00 0.000000000000000000e+00 0.000000000000000000e+00
1.625000000000000000e+03 6.500346915279564541e-02 0.000000000000000000e+00 1.000000000000000000e+00 0.000000000000000000e+00 0.000000000000000000e+00 0.000000000000000000e+00
1.650000000000000000e+03 6.600352252437713396e-02 0.000000000000000000e+00 1.000000000000000000e+00 0.000000000000000000e+00 0.000000000000000000e+00 0.000000000000000000e+00
1.675000000000000000e+03 6.700357589595862251e-02 0.000000000000000000e+00 1.000000000000000000e+00 0.000000000000000000e+00 0.000000000000000000e+00 0.000000000000000000e+00
1.700000000000000000e+03 6.800362926754011106e-02 0.000000000000000000e+00 1.000000000000000000e+00 0.000000000000000000e+00 0.000000000000000000e+00 0.000000000000000000e+00
1.725000000000000000e+03 6.900368263912159961e-02 0.000000000000000000e+00 1.000000000000000000e+00 0.000000000000000000e+00 0.000000000000000000e+00 0.000000000000000000e+00
1.750000000000000000e+03 7.000373601070308816e-02 0.000000000000000000e+00 1.000000000000000000e+00 0.000000000000000000e+00 0.000000000000000000e+00 0.000000000000000000e+00
1.775000000000000000e+03 7.100378938228457670e-02 0.000000000000000000e+00 1.000000000000000000e+00 0.000000000000000000e+00 0.000000000000000000e+00 0.000000000000000000e+00
1.800000000000000000e+03 7.200384275386606525e-02 0.000000000000000000e+00 1.000000000000000000e+00 0.000000000000000000e+00 0.000000000000000000e+00 0.000000000000000000e+00
1.825000000000000000e+03 7.300389612544755380e-02 0.000000000000000000e+00 1.000000000000000000e+00 0.000000000000000000e+00 0.000000000000000000e+00 0.000000000000000000e+00
1.850000000000000000e+03 7.400394949702904235e-02 6.827492034592626399e-04 9.993172507965407680e-01 0.000000000000000000e+00 0.000000000000000000e+00 0.000000000000000000e+00
1.875000000000000000e+03 7.500400286861053090e-02 4.551661356395084266e-04 9.995448338643604380e-01 0.000000000000000000e+00 0.000000000000000000e+00 0.000000000000000000e+00
1.900000000000000000e+03 7.600405624019201944e-02 0.000000000000000000e+00 1.000000000000000000e+00 0.000000000000000000e+00 0.000000000000000000e+00 0.000000000000000000e+00
1.925000000000000000e+03 7.700410961177350799e-02 0.000000000000000000e+00 1.000000000000000000e+00 0.000000000000000000e+00 0.000000000000000000e+00 0.000000000000000000e+00
1.950000000000000000e+03 7.800416298335499654e-02 0.000000000000000000e+00 1.000000000000000000e+00 0.000000000000000000e+00 0.000000000000000000e+00 0.000000000000000000e+00
1.975000000000000000e+03 7.900421635493626304e-02 2.275830678197542133e-04 9.997724169321802190e-01 0.000000000000000000e+00 0.000000000000000000e+00 0.000000000000000000e+00
2.000000000000000000e+03 8.000426972651775159e-02 2.275830678197542133e-04 9.997724169321802190e-01 0.000000000000000000e+00 0.000000000000000000e+00 0.000000000000000000e+00
2.025000000000000000e+03 8.100432309809924014e-02 0.000000000000000000e+00 1.000000000000000000e+00 0.000000000000000000e+00 0.000000000000000000e+00 0.000000000000000000e+00
2.050000000000000000e+03 8.200437646968072869e-02 2.275830678197542133e-04 9.997724169321802190e-01 0.000000000000000000e+00 0.000000000000000000e+00 0.000000000000000000e+00
2.075000000000000000e+03 8.300442984126221724e-02 0.000000000000000000e+00 1.000000000000000000e+00 0.000000000000000000e+00 0.000000000000000000e+00 0.000000000000000000e+00
2.100000000000000000e+03 8.400448321284370579e-02 1.137915339098771066e-04 9.998862084660901095e-01 0.000000000000000000e+00 0.000000000000000000e+00 0.000000000000000000e+00
2.125000000000000000e+03 8.500453658442519433e-02 3.413746017296313199e-04 9.995448338643604380e-01 0.000000000000000000e+00 1.137915339098771066e-04 0.000000000000000000e+00
2.150000000000000000e+03 8.600458995600668288e-02 1.024123805188893906e-03 9.989758761948110966e-01 0.000000000000000000e+00 0.000000000000000000e+00 0.000000000000000000e+00
2.175000000000000000e+03 8.700464332758817143e-02 4.551661356395084266e-04 9.995448338643604380e-01 0.000000000000000000e+00 0.000000000000000000e+00 0.000000000000000000e+00
2.200000000000000000e+03 8.800469669916965998e-02 2.275830678197542133e-04 9.996586253982703285e-01 0.000000000000000000e+00 1.137915339098771066e-04 0.000000000000000000e+00
2.225000000000000000e+03 8.900475007075114853e-02 1.024123805188893906e-03 9.989758761948110966e-01 0.000000000000000000e+00 0.000000000000000000e+00 0.000000000000000000e+00
2.250000000000000000e+03 9.000480344233263708e-02 1.137915339098770958e-03 9.987482931269913156e-01 0.000000000000000000e+00 1.137915339098771066e-04 0.000000000000000000e+00
2.275000000000000000e+03 9.100485681391412562e-02 2.275830678197542133e-04 9.997724169321802190e-01 0.000000000000000000e+00 0.000000000000000000e+00 0.000000000000000000e+00
2.300000000000000000e+03 9.200491018549561417e-02 9.103322712790168532e-04 9.990896677287209870e-01 0.000000000000000000e+00 0.000000000000000000e+00 0.000000000000000000e+00
2.325000000000000000e+03 9.300496355707710272e-02 1.365498406918525280e-03 9.985207100591716456e-01 0.000000000000000000e+00 1.137915339098771066e-04 0.000000000000000000e+00
2.350000000000000000e+03 9.400501692865836922e-02 1.593081474738279385e-03 9.981793354574419741e-01 0.000000000000000000e+00 2.275830678197542133e-04 0.000000000000000000e+00
2.375000000000000000e+03 9.500507030023985777e-02 1.137915339098770958e-03 9.988620846609012061e-01 0.000000000000000000e+00 0.000000000000000000e+00 0.000000000000000000e+00
2.400000000000000000e+03 9.600512367182134632e-02 1.137915339098770958e-03 9.988620846609012061e-01 0.000000000000000000e+00 0.000000000000000000e+00 0.000000000000000000e+00
2.425000000000000000e+03 9.700517704340283487e-02 1.365498406918525280e-03 9.986345015930814251e-01 0.000000000000000000e+00 0.000000000000000000e+00 0.000000000000000000e+00
2.450000000000000000e+03 9.800523041498432342e-02 1.934456076467910759e-03 9.980655439235320836e-01 0.000000000000000000e+00 0.000000000000000000e+00 0.000000000000000000e+00
2.475000000000000000e+03 9.900528378656581197e-02 4.324078288575329727e-03 9.954483386436049352e-01 0.000000000000000000e+00 2.275830678197542133e-04 0.000000000000000000e+00
2.500000000000000000e+03 1.000053371581473005e-01 2.048247610377787811e-03 9.978379608557123026e-01 0.000000000000000000e+00 1.137915339098771066e-04 0.000000000000000000e+00
2.525000000000000000e+03 1.010053905297287891e-01 2.389622212107419402e-03 9.974965862539827421e-01 0.000000000000000000e+00 1.137915339098771066e-04 0.000000000000000000e+00
2.550000000000000000e+03 1.020054439013102776e-01 2.275830678197541916e-03 9.976103777878926326e-01 0.000000000000000000e+00 1.137915339098771066e-04 0.000000000000000000e+00
2.575000000000000000e+03 1.030054972728917662e-01 3.868912152935821518e-03 9.959035047792443862e-01 0.000000000000000000e+00 2.275830678197542133e-04 0.000000000000000000e+00
2.600000000000000000e+03 1.040055506444732547e-01 2.503413746017296455e-03 9.972690031861629611e-01 0.000000000000000000e+00 2.275830678197542133e-04 0.000000000000000000e+00
2.625000000000000000e+03 1.050056040160547433e-01 3.072371415566681717e-03 9.967000455166135087e-01 0.000000000000000000e+00 2.275830678197542133e-04 0.000000000000000000e+00
2.650000000000000000e+03 1.060056573876362318e-01 4.893035958124715423e-03 9.949931725079653733e-01 0.000000000000000000e+00 1.137915339098771066e-04 0.000000000000000000e+00
2.675000000000000000e+03 1.070057107592177204e-01 5.461993627674101119e-03 9.945380063723259223e-01 0.000000000000000000e+00 0.000000000000000000e+00 0.000000000000000000e+00
2.700000000000000000e+03 1.080057641307989869e-01 6.258534365043240920e-03 9.931725079654073474e-01 0.000000000000000000e+00 5.689576695493854790e-04 0.000000000000000000e+00
2.725000000000000000e+03 1.090058175023804754e-01 6.486117432862995025e-03 9.928311333636777869e-01 0.000000000000000000e+00 6.827492034592626399e-04 0.000000000000000000e+00
2.750000000000000000e+03 1.100058708739619640e-01 7.282658170232134826e-03 9.922621756941283344e-01 0.000000000000000000e+00 4.551661356395084266e-04 0.000000000000000000e+00
2.775000000000000000e+03 1.110059242455434525e-01 7.168866636322257339e-03 9.924897587619481154e-01 0.000000000000000000e+00 3.413746017296313199e-04 0.000000000000000000e+00
2.800000000000000000e+03 1.120059776171249410e-01 6.258534365043240920e-03 9.930587164314974569e-01 0.000000000000000000e+00 6.827492034592626399e-04 0.000000000000000000e+00
2.825000000000000000e+03 1.130060309887064296e-01 1.524806554392353283e-02 9.836140191169776559e-01 0.000000000000000000e+00 1.137915339098770958e-03 0.000000000000000000e+00
2.850000000000000000e+03 1.140060843602879181e-01 1.319981793354574502e-02 9.857760582612653533e-01 0.000000000000000000e+00 1.024123805188893906e-03 0.000000000000000000e+00
2.875000000000000000e+03 1.150061377318694067e-01 1.752389622212107562e-02 9.808830223031406170e-01 0.000000000000000000e+00 1.593081474738279385e-03 0.000000000000000000e+00
2.900000000000000000e+03 1.160061911034508952e-01 2.412380518889394726e-02 9.728038233955393910e-01 0.000000000000000000e+00 3.072371415566681717e-03 0.000000000000000000e+00
2.925000000000000000e+03 1.170062444750323838e-01 2.628584433318160996e-02 9.656349567592170668e-01 0.000000000000000000e+00 8.079198907601274626e-03 0.000000000000000000e+00
2.950000000000000000e+03 1.180062978466138723e-01 4.062357760582612637e-02 9.445835229858898785e-01 0.000000000000000000e+00 1.479289940828402289e-02 0.000000000000000000e+00
2.975000000000000000e+03 1.190063512181953609e-01 7.100591715976331542e-02 8.885980883022303045e-01 0.000000000000000000e+00 4.039599453800637313e-02 0.000000000000000000e+00
3.000000000000000000e+03 1.200064045897768494e-01 9.535730541647700897e-02 8.106508875739645292e-01 0.000000000000000000e+00 9.399180700955848955e-02 0.000000000000000000e+00
3.025000000000000000e+03 1.210064579613583380e-01 1.610150204824760956e-01 6.474738279472007640e-01 0.000000000000000000e+00 1.915111515703231682e-01 0.000000000000000000e+00
3.050000000000000000e+03 1.220065113329396045e-01 2.354346836595357373e-01 4.260355029585798925e-01 0.000000000000000000e+00 3.385298133818843702e-01 0.000000000000000000e+00
3.075000000000000000e+03 1.230065647045210930e-01 3.190714610832954268e-01 2.487482931269913433e-01 4.551661356395084266e-04 4.317250796540737512e-01 0.000000000000000000e+00
3.100000000000000000e+03 1.240066180761025816e-01 3.660673645880746507e-01 1.706873008648156498e-01 3.413746017296313199e-04 4.629039599453800835e-01 0.000000000000000000e+00
3.125000000000000000e+03 1.250066714476840701e-01 3.830223031406463363e-01 1.487255348202093652e-01 0.000000000000000000e+00 4.682521620391442707e-01 0.000000000000000000e+00
3.150000000000000000e+03 1.260067248192655587e-01 3.599226217569412856e-01 1.844560764679107900e-01 1.137915339098771066e-04 4.555075102412380339e-01 0.000000000000000000e+00
3.175000000000000000e+03 1.270067781908470472e-01 3.290851160673645692e-01 2.431725079654073751e-01 0.000000000000000000e+00 4.277423759672280279e-01 0.000000000000000000e+00
3.200000000000000000e+03 1.280068315624285358e-01 3.371643149749658508e-01 2.418070095584888557e-01 3.413746017296313199e-04 4.206873008648156498e-01 0.000000000000000000e+00
3.225000000000000000e+03 1.290068849340100243e-01 3.634501593081474469e-01 2.081247155211652378e-01 3.413746017296313199e-04 4.280837505689576439e-01 0.000000000000000000e+00
3.250000000000000000e+03 1.300069383055915129e-01 3.667501137915338827e-01 1.794492489758761911e-01 1.024123805188893906e-03 4.527765134274009950e-01 0.000000000000000000e+00
3.275000000000000000e+03 1.310069916771730014e-01 3.922394173873463563e-01 1.486117432862995025e-01 3.527537551206190360e-03 4.556213017751479244e-01 0.000000000000000000e+00
3.300000000000000000e+03 1.320070450487544900e-01 3.973600364132908735e-01 1.363222576240327721e-01 6.258534365043240920e-03 4.600591715976331542e-01 0.000000000000000000e+00
3.325000000000000000e+03 1.330070984203359785e-01 3.953117888029130667e-01 1.510013654984069253e-01 1.365498406918525323e-02 4.400318616294947582e-01 0.000000000000000000e+00
3.350000000000000000e+03 1.340071517919174671e-01 4.052116522530723741e-01 1.555530268548019901e-01 3.299954483386435822e-02 4.062357760582612776e-01 0.000000000000000000e+00
3.375000000000000000e+03 1.350072051634989556e-01 4.297906235776058348e-01 1.598771051433773294e-01 5.097860719162494031e-02 3.593536640873918886e-01 0.000000000000000000e+00
3.400000000000000000e+03 1.360072585350802221e-01 4.568730086481565533e-01 1.708010923987255403e-01 7.703686845698680397e-02 2.952890304961310886e-01 0.000000000000000000e+00
3.425000000000000000e+03 1.370073119066617107e-01 4.723486572598998845e-01 1.918525261720528119e-01 1.085571233500227523e-01 2.272416932180245652e-01 0.000000000000000000e+00
3.450000000000000000e+03 1.380073652782431992e-01 4.778106508875739622e-01 2.030040964952207483e-01 1.327947200728265831e-01 1.863905325443787064e-01 0.000000000000000000e+00
3.475000000000000000e+03 1.390074186498246878e-01 4.813381884387801790e-01 2.144970414201183562e-01 1.538461538461538547e-01 1.503186162949476656e-01 0.000000000000000000e+00
3.500000000000000000e+03 1.400074720214061763e-01 5.025034137460172579e-01 2.139280837505689592e-01 1.624943104233045055e-01 1.210741920801092358e-01 0.000000000000000000e+00
3.525000000000000000e+03 1.410075253929876649e-01 5.068274920345926526e-01 2.124487938097405493e-01 1.671597633136094607e-01 1.135639508420573512e-01 0.000000000000000000e+00
3.550000000000000000e+03 1.420075787645691534e-01 4.985207100591715901e-01 2.196176604460628179e-01 1.854802002730996935e-01 9.638142922166591242e-02 0.000000000000000000e+00
3.575000000000000000e+03 1.430076321361506420e-01 5.101274465179790329e-01 2.204142011834319403e-01 1.904870277651342647e-01 7.897132453345470648e-02 0.000000000000000000e+00
3.600000000000000000e+03 1.440076855077321305e-01 4.926035502958580059e-01 2.276968593536640995e-01 1.937869822485207005e-01 8.591260810195720798e-02 0.000000000000000000e+00
3.625000000000000000e+03 1.450077388793136191e-01 4.902139280837505830e-01 2.245106964041875264e-01 1.920801092398725651e-01 9.319526627218935322e-02 0.000000000000000000e+00
3.650000000000000000e+03 1.460077922508951076e-01 4.870277651342740377e-01 2.209831588529813373e-01 1.909421939007737712e-01 1.010468821119708677e-01 0.000000000000000000e+00
3.675000000000000000e+03 1.470078456224765961e-01 4.811106053709603980e-01 2.209831588529813373e-01 1.877560309512972259e-01 1.101502048247610388e-01 0.000000000000000000e+00
3.700000000000000000e+03 1.480078989940580847e-01 4.654073736913973414e-01 2.266727355484751960e-01 1.948111060537096040e-01 1.131087847064178448e-01 0.000000000000000000e+00
3.725000000000000000e+03 1.490079523656395732e-01 4.639280837505689314e-01 2.284934000910332219e-01 1.943559399180700975e-01 1.132225762403277214e-01 0.000000000000000000e+00
3.750000000000000000e+03 1.500080057372210618e-01 4.474283113336367523e-01 2.314519799726900418e-01 1.942421483841602070e-01 1.268775603095129711e-01 0.000000000000000000e+00
3.775000000000000000e+03 1.510080591088023283e-01 4.425352753755120716e-01 2.350933090578060936e-01 1.923076923076923184e-01 1.300637232589895442e-01 0.000000000000000000e+00
3.800000000000000000e+03 1.520081124803838168e-01 4.283113336367774249e-01 2.348657259899863403e-01 1.967455621301775204e-01 1.400773782430587144e-01 0.000000000000000000e+00
3.825000000000000000e+03 1.530081658519653054e-01 4.168183887118798170e-01 2.401001365498406925e-01 1.972007282658170269e-01 1.458807464724624359e-01 0.000000000000000000e+00
3.850000000000000000e+03 1.540082192235467939e-01 4.115839781520254648e-01 2.441966317705962786e-01 1.962903959945380139e-01 1.479289940828402428e-01 0.000000000000000000e+00
3.875000000000000000e+03 1.550082725951282825e-01 4.114701866181156298e-01 2.503413746017296160e-01 1.998179335457442030e-01 1.383705052344105513e-01 0.000000000000000000e+00
3.900000000000000000e+03 1.560083259667097710e-01 3.964497041420118606e-01 2.619481110605371144e-01 2.140418752844788219e-01 1.275603095129722309e-01 0.000000000000000000e+00
3.925000000000000000e+03 1.570083793382912596e-01 3.832498862084661173e-01 2.775375512061902805e-01 2.309968138370505353e-01 1.082157487482931224e-01 0.000000000000000000e+00
3.950000000000000000e+03 1.580084327098727481e-01 3.804050978607191880e-01 2.829995448338643582e-01 2.368001820664542567e-01 9.979517523896222486e-02 0.000000000000000000e+00
3.975000000000000000e+03 1.590084860814542367e-01 3.917842512517068498e-01 2.870960400546199165e-01 2.375967228038234069e-01 8.352298588984979899e-02 0.000000000000000000e+00
4.000000000000000000e+03 1.600085394530357252e-01 3.924670004551661373e-01 2.902822030040965173e-01 2.422621756941283622e-01 7.498862084660901095e-02 0.000000000000000000e+00
4.025000000000000000e+03 1.610085928246172138e-01 4.011151570323168158e-01 2.906235776058261333e-01 2.463586709148839204e-01 6.190259444697314428e-02 0.000000000000000000e+00
4.050000000000000000e+03 1.620086461961987023e-01 3.998634501593081314e-01 2.855029585798816716e-01 2.454483386436049075e-01 6.918525261720527564e-02 0.000000000000000000e+00
4.075000000000000000e+03 1.630086995677801909e-01 4.062357760582612776e-01 2.882339553937187104e-01 2.438552571688666348e-01 6.167501137915339104e-02 0.000000000000000000e+00
4.100000000000000000e+03 1.640087529393616794e-01 3.914428766499772339e-01 2.892580791989076139e-01 2.465862539827036737e-01 7.271279016841146470e-02 0.000000000000000000e+00
4.125000000000000000e+03 1.650088063109429459e-01 3.860946745562129911e-01 2.867546654528903005e-01 2.503413746017296160e-01 7.680928538916705073e-02 0.000000000000000000e+00
4.150000000000000000e+03 1.660088596825244345e-01 3.897360036413290985e-01 2.876649977241693135e-01 2.510241238051889034e-01 7.157487482931269851e-02 0.000000000000000000e+00
4.175000000000000000e+03 1.670089130541059230e-01 3.898497951752389890e-01 2.883477469276286009e-01 2.503413746017296160e-01 7.146108329540282189e-02 0.000000000000000000e+00
4.200000000000000000e+03 1.680089664256874116e-01 3.944014565316340537e-01 2.855029585798816716e-01 2.512517068730086289e-01 6.884387801547564578e-02 0.000000000000000000e+00
4.225000000000000000e+03 1.690090197972689001e-01 3.881429221665907980e-01 2.915339098771051463e-01 2.480655439235320836e-01 7.225762403277195822e-02 0.000000000000000000e+00
4.250000000000000000e+03 1.700090731688503887e-01 3.945152480655439442e-01 2.877787892580792040e-01 2.501137915339098905e-01 6.759217114246700298e-02 0.000000000000000000e+00
4.275000000000000000e+03 1.710091265404318772e-01 3.982703686845698865e-01 2.900546199362767363e-01 2.504551661356395065e-01 6.121984524351388457e-02 0.000000000000000000e+00
4.300000000000000000e+03 1.720091799120133658e-01 3.862084660901228816e-01 2.932407828857532817e-01 2.571688666363222686e-01 6.338188438780155420e-02 0.000000000000000000e+00
4.325000000000000000e+03 1.730092332835948543e-01 3.908739189804278369e-01 2.923304506144742687e-01 2.489758761948110966e-01 6.781975421028675621e-02 0.000000000000000000e+00
4.350000000000000000e+03 1.740092866551763429e-01 3.915566681838871244e-01 2.898270368684570109e-01 2.555757851615839682e-01 6.304050978607191047e-02 0.000000000000000000e+00
4.375000000000000000e+03 1.750093400267578314e-01 3.965634956759216956e-01 2.910787437414656398e-01 2.512517068730086289e-01 6.110605370960400795e-02 0.000000000000000000e+00
4.400000000000000000e+03 1.760093933983393200e-01 4.005461993627674189e-01 2.940373236231224596e-01 2.467000455166135642e-01 5.871643149749658508e-02 0.000000000000000000e+00
4.425000000000000000e+03 1.770094467699208085e-01 3.948566226672735602e-01 2.934683659535730627e-01 2.509103322712790130e-01 6.076467910787437116e-02 0.000000000000000000e+00
4.450000000000000000e+03 1.780095001415022971e-01 3.920118343195266308e-01 2.943786982248520756e-01 2.554619936276740777e-01 5.814747382794720199e-02 0.000000000000000000e+00
4.475000000000000000e+03 1.790095535130835636e-01 4.027082385070550608e-01 2.946062812926718011e-01 2.522758306781975324e-01 5.040964952207555722e-02 0.000000000000000000e+00
4.500000000000000000e+03 1.800096068846650521e-01 4.053254437869822646e-01 2.919890760127446527e-01 2.506827492034592875e-01 5.200273099681383682e-02 0.000000000000000000e+00
4.525000000000000000e+03 1.810096602562465407e-01 4.098771051433773294e-01 2.861857077833409035e-01 2.495448338643604935e-01 5.439235320892125969e-02 0.000000000000000000e+00
4.550000000000000000e+03 1.820097136278280292e-01 4.050978607191624836e-01 2.867546654528903005e-01 2.531861629494765453e-01 5.496131087847064278e-02 0.000000000000000000e+00
4.575000000000000000e+03 1.830097669994095178e-01 4.144287664997723941e-01 2.858443331816112876e-01 2.473827947200728239e-01 5.234410559854346667e-02 0.000000000000000000e+00
4.600000000000000000e+03 1.840098203709910063e-01 4.124943104233045332e-01 2.877787892580792040e-01 2.489758761948110966e-01 5.075102412380518707e-02 0.000000000000000000e+00
4.625000000000000000e+03 1.850098737425724948e-01 4.177287209831588299e-01 2.844788347746927681e-01 2.454483386436049075e-01 5.234410559854346667e-02 0.000000000000000000e+00
4.650000000000000000e+03 1.860099271141539834e-01 4.225079654073736757e-01 2.814064633591260578e-01 2.397587619481110488e-01 5.632680928538916915e-02 0.000000000000000000e+00
4.675000000000000000e+03 1.870099804857354719e-01 4.195493855257169113e-01 2.807237141556668258e-01 2.403277196176604458e-01 5.939918070095585173e-02 0.000000000000000000e+00
4.700000000000000000e+03 1.880100338573169605e-01 4.210286754665452658e-01 2.817478379608557293e-01 2.369139736003641195e-01 6.030951297223486468e-02 0.000000000000000000e+00
4.725000000000000000e+03 1.890100872288984490e-01 4.307009558488848477e-01 2.852753755120618906e-01 2.330450614474283144e-01 5.097860719162494031e-02 0.000000000000000000e+00
4.750000000000000000e+03 1.900101406004799376e-01 4.261492944924897830e-01 2.841374601729631522e-01 2.358898497951752438e-01 5.382339553937186966e-02 0.000000000000000000e+00
4.775000000000000000e+03 1.910101939720614261e-01 4.299044151115157253e-01 2.883477469276286009e-01 2.303140646335912478e-01 5.143377332726445372e-02 0.000000000000000000e+00
4.800000000000000000e+03 1.920102473436429147e-01 4.320664542558033672e-01 2.864132908511606845e-01 2.294037323623122349e-01 5.211652253072371344e-02 0.000000000000000000e+00
4.825000000000000000e+03 1.930103007152244032e-01 4.326354119253527641e-01 2.867546654528903005e-01 2.284934000910332219e-01 5.211652253072371344e-02 0.000000000000000000e+00
4.850000000000000000e+03 1.940103540868056697e-01 4.352526172052799125e-01 2.873236231224396975e-01 2.294037323623122349e-01 4.802002730996814128e-02 0.000000000000000000e+00
4.875000000000000000e+03 1.950104074583871583e-01 4.325216203914428736e-01 2.899408284023668458e-01 2.267865270823850588e-01 5.075102412380518707e-02 0.000000000000000000e+00
4.900000000000000000e+03 1.960104608299686468e-01 4.347974510696404060e-01 2.877787892580792040e-01 2.272416932180245652e-01 5.018206645425580398e-02 0.000000000000000000e+00
4.925000000000000000e+03 1.970105142015501354e-01 4.374146563495676099e-01 2.882339553937187104e-01 2.251934456076467861e-01 4.915794264906690747e-02 0.000000000000000000e+00
4.950000000000000000e+03 1.980105675731316239e-01 4.395766954938552518e-01 2.880063723258989294e-01 2.256486117432862926e-01 4.676832043695949154e-02 0.000000000000000000e+00
4.975000000000000000e+03 1.990106209447131125e-01 4.434456076467910846e-01 2.878925807919890945e-01 2.226900318616295005e-01 4.597177969959034827e-02 0.000000000000000000e+00
5.000000000000000000e+03 2.000106743162946010e-01 4.470869367319071364e-01 2.842512517068729871e-01 2.210969503868912278e-01 4.756486117432862787e-02 0.000000000000000000e+00
5.025000000000000000e+03 2.010107276878760896e-01 4.486800182066454368e-01 2.829995448338643582e-01 2.225762403277196100e-01 4.574419663177059503e-02 0.000000000000000000e+00
5.050000000000000000e+03 2.020107810594575781e-01 4.477696859353664238e-01 2.795857988165680319e-01 2.246244879380974169e-01 4.802002730996814128e-02 0.000000000000000000e+00
5.075000000000000000e+03 2.030108344310390667e-01 4.522075557578515981e-01 2.760582612653618706e-01 2.290623577605826189e-01 4.267182521620391245e-02 0.000000000000000000e+00
5.100000000000000000e+03 2.040108878026205552e-01 4.556213017751479244e-01 2.712790168411470249e-01 2.291761492944924816e-01 4.392353208921256219e-02 0.000000000000000000e+00
5.125000000000000000e+03 2.050109411742020438e-01 4.486800182066454368e-01 2.741238051888939542e-01 2.362312243969048597e-01 4.096495220755575623e-02 0.000000000000000000e+00
5.150000000000000000e+03 2.060109945457835323e-01 4.550523441055985274e-01 2.692307692307692180e-01 2.350933090578060936e-01 4.062357760582612637e-02 0.000000000000000000e+00
5.175000000000000000e+03 2.070110479173650209e-01 4.586936731907146347e-01 2.704824761037779024e-01 2.325898953117888079e-01 3.823395539371871044e-02 0.000000000000000000e+00
5.200000000000000000e+03 2.080111012889462874e-01 4.615384615384615641e-01 2.716203914428766408e-01 2.308830223031406448e-01 3.595812471552116418e-02 0.000000000000000000e+00
5.225000000000000000e+03 2.090111546605277759e-01 4.637005006827492060e-01 2.696859353664087244e-01 2.273554847519344557e-01 3.925807919890760000e-02 0.000000000000000000e+00
5.250000000000000000e+03 2.100112080321092645e-01 4.648384160218479999e-01 2.719617660446062568e-01 2.284934000910332219e-01 3.470641784251251444e-02 0.000000000000000000e+00
5.275000000000000000e+03 2.110112614036907530e-01 4.695038689121529552e-01 2.713928083750569153e-01 2.217796995903504875e-01 3.732362312243969055e-02 0.000000000000000000e+00
5.300000000000000000e+03 2.120113147752722416e-01 4.665452890304961353e-01 2.762858443331815961e-01 2.207555757851615841e-01 3.641329085116067066e-02 0.000000000000000000e+00
5.325000000000000000e+03 2.130113681468537301e-01 4.677969959035047642e-01 2.737824305871643382e-01 2.200728265817023244e-01 3.834774692762858705e-02 0.000000000000000000e+00
5.350000000000000000e+03 2.140114215184352187e-01 4.688211197086936677e-01 2.758306781975420896e-01 2.184797451069640517e-01 3.686845698680018407e-02 0.000000000000000000e+00
5.375000000000000000e+03 2.150114748900167072e-01 4.708693673190714746e-01 2.744651797906235702e-01 2.170004551661356418e-01 3.766499772416932040e-02 0.000000000000000000e+00
5.400000000000000000e+03 2.160115282615981958e-01 4.731451979972690070e-01 2.725307237141556538e-01 2.170004551661356418e-01 3.732362312243969055e-02 0.000000000000000000e+00
5.425000000000000000e+03 2.170115816331796843e-01 4.811106053709603980e-01 2.658170232134728916e-01 2.175694128356850388e-01 3.550295857988165771e-02 0.000000000000000000e+00
5.450000000000000000e+03 2.180116350047611729e-01 4.823623122439690269e-01 2.649066909421938787e-01 2.156349567592171224e-01 3.709604005461993731e-02 0.000000000000000000e+00
5.475000000000000000e+03 2.190116883763426614e-01 4.776968593536640717e-01 2.647928994082840437e-01 2.191624943104233114e-01 3.834774692762858705e-02 0.000000000000000000e+00
5.500000000000000000e+03 2.200117417479241499e-01 4.883932635411925571e-01 2.585343650432407880e-01 2.141556668183887124e-01 3.891670459717797015e-02 0.000000000000000000e+00
5.525000000000000000e+03 2.210117951195056385e-01 4.945380063723259223e-01 2.547792444242148457e-01 2.113108784706417831e-01 3.937187073281747662e-02 0.000000000000000000e+00
5.550000000000000000e+03 2.220118484910869050e-01 4.916932180245789930e-01 2.535275375512062168e-01 2.130177514792899462e-01 4.176149294492489950e-02 0.000000000000000000e+00
5.575000000000000000e+03 2.230119018626683935e-01 4.944242148384160318e-01 2.578516158397815006e-01 2.121074192080109333e-01 3.561675011379153433e-02 0.000000000000000000e+00
5.600000000000000000e+03 2.240119552342498821e-01 4.910104688211197055e-01 2.577378243058716656e-01 2.121074192080109333e-01 3.914428766499772339e-02 0.000000000000000000e+00
5.625000000000000000e+03 2.250120086058313706e-01 4.895311788802912956e-01 2.600136549840691980e-01 2.066454255803368278e-01 4.380974055530268557e-02 0.000000000000000000e+00
5.650000000000000000e+03 2.260120619774128592e-01 4.972690031861629611e-01 2.600136549840691980e-01 2.059626763768775681e-01 3.675466545289030745e-02 0.000000000000000000e+00
5.675000000000000000e+03 2.270121153489943477e-01 4.927173418297678409e-01 2.605826126536185949e-01 2.082385070550751005e-01 3.846153846153846367e-02 0.000000000000000000e+00
