# itime ezz other fcc hcp bcc ico
0.000000000000000000e+00 0.000000000000000000e+00 0.000000000000000000e+00 1.000000000000000000e+00 0.000000000000000000e+00 0.000000000000000000e+00 0.000000000000000000e+00
3.000000000000000000e+00 1.199937220436986252e-03 0.000000000000000000e+00 1.000000000000000000e+00 0.000000000000000000e+00 0.000000000000000000e+00 0.000000000000000000e+00
6.000000000000000000e+00 2.399874440873750459e-03 0.000000000000000000e+00 1.000000000000000000e+00 0.000000000000000000e+00 0.000000000000000000e+00 0.000000000000000000e+00
9.000000000000000000e+00 3.599811661310736710e-03 0.000000000000000000e+00 1.000000000000000000e+00 0.000000000000000000e+00 0.000000000000000000e+00 0.000000000000000000e+00
1.200000000000000000e+01 4.799748881747500917e-03 0.000000000000000000e+00 1.000000000000000000e+00 0.000000000000000000e+00 0.000000000000000000e+00 0.000000000000000000e+00
1.500000000000000000e+01 5.999686102184487169e-03 0.000000000000000000e+00 1.000000000000000000e+00 0.000000000000000000e+00 0.000000000000000000e+00 0.000000000000000000e+00
1.800000000000000000e+01 7.199623322621251376e-03 0.000000000000000000e+00 1.000000000000000000e+00 0.000000000000000000e+00 0.000000000000000000e+00 0.000000000000000000e+00
2.100000000000000000e+01 8.399560543058237627e-03 0.000000000000000000e+00 1.000000000000000000e+00 0.000000000000000000e+00 0.000000000000000000e+00 0.000000000000000000e+00
2.400000000000000000e+01 9.599497763495001834e-03 0.000000000000000000e+00 1.000000000000000000e+00 0.000000000000000000e+00 0.000000000000000000e+00 0.000000000000000000e+00
2.700000000000000000e+01 1.079943498393198809e-02 0.000000000000000000e+00 1.000000000000000000e+00 0.000000000000000000e+00 0.000000000000000000e+00 0.000000000000000000e+00
3.000000000000000000e+01 1.199937220436875229e-02 0.000000000000000000e+00 1.000000000000000000e+00 0.000000000000000000e+00 0.000000000000000000e+00 0.000000000000000000e+00
3.300000000000000000e+01 1.319930942480573854e-02 0.000000000000000000e+00 1.000000000000000000e+00 0.000000000000000000e+00 0.000000000000000000e+00 0.000000000000000000e+00
3.600000000000000000e+01 1.439924664524250275e-02 0.000000000000000000e+00 1.000000000000000000e+00 0.000000000000000000e+00 0.000000000000000000e+00 0.000000000000000000e+00
3.900000000000000000e+01 1.559918386567948900e-02 0.000000000000000000e+00 1.000000000000000000e+00 0.000000000000000000e+00 0.000000000000000000e+00 0.000000000000000000e+00
4.200000000000000000e+01 1.679912108611625321e-02 0.000000000000000000e+00 1.000000000000000000e+00 0.000000000000000000e+00 0.000000000000000000e+00 0.000000000000000000e+00
4.500000000000000000e+01 1.799905830655323946e-02 0.000000000000000000e+00 1.000000000000000000e+00 0.000000000000000000e+00 0.000000000000000000e+00 0.000000000000000000e+00
4.800000000000000000e+01 1.919899552699000367e-02 0.000000000000000000e+00 1.000000000000000000e+00 0.000000000000000000e+00 0.000000000000000000e+00 0.000000000000000000e+00
5.100000000000000000e+01 2.039893274742698992e-02 0.000000000000000000e+00 1.000000000000000000e+00 0.000000000000000000e+00 0.000000000000000000e+00 0.000000000000000000e+00
5.400000000000000000e+01 2.159886996786375413e-02 0.000000000000000000e+00 1.000000000000000000e+00 0.000000000000000000e+00 0.000000000000000000e+00 0.000000000000000000e+00
5.700000000000000000e+01 2.279880718830074038e-02 0.000000000000000000e+00 1.000000000000000000e+00 0.000000000000000000e+00 0.000000000000000000e+00 0.000000000000000000e+00
6.000000000000000000e+01 2.399874440873750459e-02 0.000000000000000000e+00 1.000000000000000000e+00 0.000000000000000000e+00 0.000000000000000000e+00 0.000000000000000000e+00
6.300000000000000000e+01 2.519868162917449084e-02 0.000000000000000000e+00 1.000000000000000000e+00 0.000000000000000000e+00 0.000000000000000000e+00 0.000000000000000000e+00
6.600000000000000000e+01 2.639861884961125504e-02 0.000000000000000000e+00 1.000000000000000000e+00 0.000000000000000000e+00 0.000000000000000000e+00 0.000000000000000000e+00
6.900000000000000000e+01 2.759855607004824130e-02 0.000000000000000000e+00 1.000000000000000000e+00 0.000000000000000000e+00 0.000000000000000000e+00 0.000000000000000000e+00
7.200000000000000000e+01 2.879849329048500550e-02 0.000000000000000000e+00 1.000000000000000000e+00 0.000000000000000000e+00 0.000000000000000000e+00 0.000000000000000000e+00
7.500000000000000000e+01 2.999843051092199175e-02 0.000000000000000000e+00 1.000000000000000000e+00 0.000000000000000000e+00 0.000000000000000000e+00 0.000000000000000000e+00
7.800000000000000000e+01 3.119836773135875596e-02 0.000000000000000000e+00 1.000000000000000000e+00 0.000000000000000000e+00 0.000000000000000000e+00 0.000000000000000000e+00
8.100000000000000000e+01 3.239830495179574221e-02 0.000000000000000000e+00 1.000000000000000000e+00 0.000000000000000000e+00 0.000000000000000000e+00 0.000000000000000000e+00
8.400000000000000000e+01 3.359824217223250642e-02 0.000000000000000000e+00 1.000000000000000000e+00 0.000000000000000000e+00 0.000000000000000000e+00 0.000000000000000000e+00
8.700000000000000000e+01 3.479817939266949267e-02 0.000000000000000000e+00 1.000000000000000000e+00 0.000000000000000000e+00 0.000000000000000000e+00 0.000000000000000000e+00
9.000000000000000000e+01 3.599811661310625688e-02 0.000000000000000000e+00 1.000000000000000000e+00 0.000000000000000000e+00 0.000000000000000000e+00 0.000000000000000000e+00
9.300000000000000000e+01 3.719805383354324313e-02 0.000000000000000000e+00 1.000000000000000000e+00 0.000000000000000000e+00 0.000000000000000000e+00 0.000000000000000000e+00
9.600000000000000000e+01 3.839799105398000734e-02 0.000000000000000000e+00 1.000000000000000000e+00 0.000000000000000000e+00 0.000000000000000000e+00 0.000000000000000000e+00
9.900000000000000000e+01 3.959792827441699359e-02 0.000000000000000000e+00 1.000000000000000000e+00 0.000000000000000000e+00 0.000000000000000000e+00 0.000000000000000000e+00
1.020000000000000000e+02 4.079786549485375780e-02 0.000000000000000000e+00 1.000000000000000000e+00 0.000000000000000000e+00 0.000000000000000000e+00 0.000000000000000000e+00
1.050000000000000000e+02 4.199780271529074405e-02 0.000000000000000000e+00 1.000000000000000000e+00 0.000000000000000000e+00 0.000000000000000000e+00 0.000000000000000000e+00
1.080000000000000000e+02 4.319773993572750825e-02 0.000000000000000000e+00 1.000000000000000000e+00 0.000000000000000000e+00 0.000000000000000000e+00 0.000000000000000000e+00
1.110000000000000000e+02 4.439767715616449451e-02 0.000000000000000000e+00 1.000000000000000000e+00 0.000000000000000000e+00 0.000000000000000000e+00 0.000000000000000000e+00
1.140000000000000000e+02 4.559761437660125871e-02 0.000000000000000000e+00 1.000000000000000000e+00 0.000000000000000000e+00 0.000000000000000000e+00 0.000000000000000000e+00
1.170000000000000000e+02 4.679755159703824496e-02 0.000000000000000000e+00 1.000000000000000000e+00 0.000000000000000000e+00 0.000000000000000000e+00 0.000000000000000000e+00
1.200000000000000000e+02 4.799748881747500917e-02 0.000000000000000000e+00 1.000000000000000000e+00 0.000000000000000000e+00 0.000000000000000000e+00 0.000000000000000000e+00
1.230000000000000000e+02 4.919742603791199542e-02 0.000000000000000000e+00 1.000000000000000000e+00 0.000000000000000000e+00 0.000000000000000000e+00 0.000000000000000000e+00
1.260000000000000000e+02 5.039736325834875963e-02 0.000000000000000000e+00 1.000000000000000000e+00 0.000000000000000000e+00 0.000000000000000000e+00 0.000000000000000000e+00
1.290000000000000000e+02 5.159730047878574588e-02 0.000000000000000000e+00 1.000000000000000000e+00 0.000000000000000000e+00 0.000000000000000000e+00 0.000000000000000000e+00
1.320000000000000000e+02 5.279723769922251009e-02 0.000000000000000000e+00 1.000000000000000000e+00 0.000000000000000000e+00 0.000000000000000000e+00 0.000000000000000000e+00
1.350000000000000000e+02 5.399717491965949634e-02 1.137915339098771066e-04 9.998862084660901095e-01 0.000000000000000000e+00 0.000000000000000000e+00 0.000000000000000000e+00
1.380000000000000000e+02 5.519711214009626055e-02 0.000000000000000000e+00 1.000000000000000000e+00 0.000000000000000000e+00 0.000000000000000000e+00 0.000000000000000000e+00
1.410000000000000000e+02 5.639704936053324680e-02 0.000000000000000000e+00 1.000000000000000000e+00 0.000000000000000000e+00 0.000000000000000000e+00 0.000000000000000000e+00
1.440000000000000000e+02 5.759698658097001100e-02 0.000000000000000000e+00 1.000000000000000000e+00 0.000000000000000000e+00 0.000000000000000000e+00 0.000000000000000000e+00
1.470000000000000000e+02 5.879692380140699726e-02 0.000000000000000000e+00 1.000000000000000000e+00 0.000000000000000000e+00 0.000000000000000000e+00 0.000000000000000000e+00
1.500000000000000000e+02 5.999686102184398351e-02 0.000000000000000000e+00 1.000000000000000000e+00 0.000000000000000000e+00 0.000000000000000000e+00 0.000000000000000000e+00
1.530000000000000000e+02 6.119679824228074771e-02 0.000000000000000000e+00 1.000000000000000000e+00 0.000000000000000000e+00 0.000000000000000000e+00 0.000000000000000000e+00
1.560000000000000000e+02 6.239673546271773397e-02 0.000000000000000000e+00 1.000000000000000000e+00 0.000000000000000000e+00 0.000000000000000000e+00 0.000000000000000000e+00
1.590000000000000000e+02 6.359667268315449817e-02 0.000000000000000000e+00 1.000000000000000000e+00 0.000000000000000000e+00 0.000000000000000000e+00 0.000000000000000000e+00
1.620000000000000000e+02 6.479660990359148443e-02 0.000000000000000000e+00 1.000000000000000000e+00 0.000000000000000000e+00 0.000000000000000000e+00 0.000000000000000000e+00
1.650000000000000000e+02 6.599654712402824863e-02 1.137915339098771066e-04 9.998862084660901095e-01 0.000000000000000000e+00 0.000000000000000000e+00 0.000000000000000000e+00
1.680000000000000000e+02 6.719648434446523488e-02 1.137915339098771066e-04 9.998862084660901095e-01 0.000000000000000000e+00 0.000000000000000000e+00 0.000000000000000000e+00
1.710000000000000000e+02 6.839642156490199909e-02 0.000000000000000000e+00 1.000000000000000000e+00 0.000000000000000000e+00 0.000000000000000000e+00 0.000000000000000000e+00
1.740000000000000000e+02 6.959635878533898534e-02 0.000000000000000000e+00 1.000000000000000000e+00 0.000000000000000000e+00 0.000000000000000000e+00 0.000000000000000000e+00
1.770000000000000000e+02 7.079629600577574955e-02 1.137915339098771066e-04 9.998862084660901095e-01 0.000000000000000000e+00 0.000000000000000000e+00 0.000000000000000000e+00
1.800000000000000000e+02 7.199623322621273580e-02 0.000000000000000000e+00 1.000000000000000000e+00 0.000000000000000000e+00 0.000000000000000000e+00 0.000000000000000000e+00
1.830000000000000000e+02 7.319617044664950001e-02 0.000000000000000000e+00 1.000000000000000000e+00 0.000000000000000000e+00 0.000000000000000000e+00 0.000000000000000000e+00
1.860000000000000000e+02 7.439610766708648626e-02 0.000000000000000000e+00 1.000000000000000000e+00 0.000000000000000000e+00 0.000000000000000000e+00 0.000000000000000000e+00
1.890000000000000000e+02 7.559604488752325047e-02 0.000000000000000000e+00 1.000000000000000000e+00 0.000000000000000000e+00 0.000000000000000000e+00 0.000000000000000000e+00
1.920000000000000000e+02 7.679598210796023672e-02 0.000000000000000000e+00 1.000000000000000000e+00 0.000000000000000000e+00 0.000000000000000000e+00 0.000000000000000000e+00
1.950000000000000000e+02 7.799591932839700092e-02 0.000000000000000000e+00 1.000000000000000000e+00 0.000000000000000000e+00 0.000000000000000000e+00 0.000000000000000000e+00
1.980000000000000000e+02 7.919585654883398718e-02 0.000000000000000000e+00 1.000000000000000000e+00 0.000000000000000000e+00 0.000000000000000000e+00 0.000000000000000000e+00
2.010000000000000000e+02 8.039579376927075138e-02 0.000000000000000000e+00 1.000000000000000000e+00 0.000000000000000000e+00 0.000000000000000000e+00 0.000000000000000000e+00
2.040000000000000000e+02 8.159573098970773763e-02 0.000000000000000000e+00 1.000000000000000000e+00 0.000000000000000000e+00 0.000000000000000000e+00 0.000000000000000000e+00
2.070000000000000000e+02 8.279566821014450184e-02 4.551661356395084266e-04 9.995448338643604380e-01 0.000000000000000000e+00 0.000000000000000000e+00 0.000000000000000000e+00
2.100000000000000000e+02 8.399560543058148809e-02 4.551661356395084266e-04 9.995448338643604380e-01 0.000000000000000000e+00 0.000000000000000000e+00 0.000000000000000000e+00
2.130000000000000000e+02 8.519554265101825230e-02 3.413746017296313199e-04 9.996586253982703285e-01 0.000000000000000000e+00 0.000000000000000000e+00 0.000000000000000000e+00
2.160000000000000000e+02 8.639547987145523855e-02 6.827492034592626399e-04 9.993172507965407680e-01 0.000000000000000000e+00 0.000000000000000000e+00 0.000000000000000000e+00
2.190000000000000000e+02 8.759541709189200276e-02 4.551661356395084266e-04 9.995448338643604380e-01 0.000000000000000000e+00 0.000000000000000000e+00 0.000000000000000000e+00
2.220000000000000000e+02 8.879535431232898901e-02 2.275830678197542133e-04 9.997724169321802190e-01 0.000000000000000000e+00 0.000000000000000000e+00 0.000000000000000000e+00
2.250000000000000000e+02 8.999529153276575322e-02 4.551661356395084266e-04 9.995448338643604380e-01 0.000000000000000000e+00 0.000000000000000000e+00 0.000000000000000000e+00
2.280000000000000000e+02 9.119522875320273947e-02 4.551661356395084266e-04 9.995448338643604380e-01 0.000000000000000000e+00 0.000000000000000000e+00 0.000000000000000000e+00
2.310000000000000000e+02 9.239516597363950368e-02 0.000000000000000000e+00 1.000000000000000000e+00 0.000000000000000000e+00 0.000000000000000000e+00 0.000000000000000000e+00
2.340000000000000000e+02 9.359510319407648993e-02 3.413746017296313199e-04 9.996586253982703285e-01 0.000000000000000000e+00 0.000000000000000000e+00 0.000000000000000000e+00
2.370000000000000000e+02 9.479504041451325413e-02 3.413746017296313199e-04 9.996586253982703285e-01 0.000000000000000000e+00 0.000000000000000000e+00 0.000000000000000000e+00
2.400000000000000000e+02 9.599497763495024039e-02 0.000000000000000000e+00 1.000000000000000000e+00 0.000000000000000000e+00 0.000000000000000000e+00 0.000000000000000000e+00
2.430000000000000000e+02 9.719491485538700459e-02 0.000000000000000000e+00 1.000000000000000000e+00 0.000000000000000000e+00 0.000000000000000000e+00 0.000000000000000000e+00
2.460000000000000000e+02 9.839485207582399084e-02 1.137915339098771066e-04 9.998862084660901095e-01 0.000000000000000000e+00 0.000000000000000000e+00 0.000000000000000000e+00
2.490000000000000000e+02 9.959478929626075505e-02 3.413746017296313199e-04 9.996586253982703285e-01 0.000000000000000000e+00 0.000000000000000000e+00 0.000000000000000000e+00
2.520000000000000000e+02 1.007947265166977413e-01 5.689576695493854790e-04 9.994310423304506585e-01 0.000000000000000000e+00 0.000000000000000000e+00 0.000000000000000000e+00
2.550000000000000000e+02 1.019946637371345055e-01 6.827492034592626399e-04 9.993172507965407680e-01 0.000000000000000000e+00 0.000000000000000000e+00 0.000000000000000000e+00
2.580000000000000000e+02 1.031946009575714918e-01 6.827492034592626399e-04 9.993172507965407680e-01 0.000000000000000000e+00 0.000000000000000000e+00 0.000000000000000000e+00
2.610000000000000000e+02 1.043945381780082560e-01 9.103322712790168532e-04 9.990896677287209870e-01 0.000000000000000000e+00 0.000000000000000000e+00 0.000000000000000000e+00
2.640000000000000000e+02 1.055944753984452422e-01 1.024123805188893906e-03 9.989758761948110966e-01 0.000000000000000000e+00 0.000000000000000000e+00 0.000000000000000000e+00
2.670000000000000000e+02 1.067944126188820064e-01 2.275830678197541916e-03 9.976103777878926326e-01 0.000000000000000000e+00 1.137915339098771066e-04 0.000000000000000000e+00
2.700000000000000000e+02 1.079943498393189927e-01 1.820664542558033706e-03 9.981793354574419741e-01 0.000000000000000000e+00 0.000000000000000000e+00 0.000000000000000000e+00
2.730000000000000000e+02 1.091942870597557569e-01 1.365498406918525280e-03 9.986345015930814251e-01 0.000000000000000000e+00 0.000000000000000000e+00 0.000000000000000000e+00
2.760000000000000000e+02 1.103942242801927431e-01 9.103322712790168532e-04 9.990896677287209870e-01 0.000000000000000000e+00 0.000000000000000000e+00 0.000000000000000000e+00
2.790000000000000000e+02 1.115941615006295073e-01 1.934456076467910759e-03 9.980655439235320836e-01 0.000000000000000000e+00 0.000000000000000000e+00 0.000000000000000000e+00
2.820000000000000000e+02 1.127940987210664936e-01 2.503413746017296455e-03 9.974965862539827421e-01 0.000000000000000000e+00 0.000000000000000000e+00 0.000000000000000000e+00
2.850000000000000000e+02 1.139940359415032578e-01 3.527537551206190360e-03 9.963586709148839482e-01 0.000000000000000000e+00 1.137915339098771066e-04 0.000000000000000000e+00
2.880000000000000000e+02 1.151939731619402441e-01 3.299954483386436255e-03 9.967000455166135087e-01 0.000000000000000000e+00 0.000000000000000000e+00 0.000000000000000000e+00
2.910000000000000000e+02 1.163939103823770083e-01 1.479289940828402332e-03 9.985207100591716456e-01 0.000000000000000000e+00 0.000000000000000000e+00 0.000000000000000000e+00
2.940000000000000000e+02 1.175938476028139945e-01 2.503413746017296455e-03 9.973827947200728516e-01 0.000000000000000000e+00 1.137915339098771066e-04 0.000000000000000000e+00
2.970000000000000000e+02 1.187937848232507587e-01 3.299954483386436255e-03 9.965862539827037292e-01 0.000000000000000000e+00 1.137915339098771066e-04 0.000000000000000000e+00
3.000000000000000000e+02 1.199937220436877450e-01 4.665452890304961318e-03 9.951069640418752638e-01 0.000000000000000000e+00 2.275830678197542133e-04 0.000000000000000000e+00
3.030000000000000000e+02 1.211936592641247312e-01 4.210286754665453109e-03 9.956759217114247162e-01 0.000000000000000000e+00 1.137915339098771066e-04 0.000000000000000000e+00
3.060000000000000000e+02 1.223935964845614954e-01 4.779244424214838804e-03 9.951069640418752638e-01 0.000000000000000000e+00 1.137915339098771066e-04 0.000000000000000000e+00
3.090000000000000000e+02 1.235935337049984817e-01 6.827492034592626616e-03 9.930587164314974569e-01 0.000000000000000000e+00 1.137915339098771066e-04 0.000000000000000000e+00
3.120000000000000000e+02 1.247934709254352459e-01 7.624032771961766417e-03 9.923759672280382249e-01 0.000000000000000000e+00 0.000000000000000000e+00 0.000000000000000000e+00
3.150000000000000000e+02 1.259934081458722321e-01 7.965407373691398007e-03 9.920345926263085534e-01 0.000000000000000000e+00 0.000000000000000000e+00 0.000000000000000000e+00
3.180000000000000000e+02 1.271933453663089963e-01 7.396449704142011444e-03 9.926035502958580059e-01 0.000000000000000000e+00 0.000000000000000000e+00 0.000000000000000000e+00
3.210000000000000000e+02 1.283932825867459826e-01 1.137915339098771045e-02 9.881656804733728316e-01 0.000000000000000000e+00 4.551661356395084266e-04 0.000000000000000000e+00
3.240000000000000000e+02 1.295932198071827468e-01 1.354119253527537488e-02 9.862312243969049153e-01 0.000000000000000000e+00 2.275830678197542133e-04 0.000000000000000000e+00
3.270000000000000000e+02 1.307931570276197331e-01 1.160673645880746542e-02 9.878243058716431602e-01 0.000000000000000000e+00 5.689576695493854790e-04 0.000000000000000000e+00
3.300000000000000000e+02 1.319930942480564973e-01 1.399635867091488309e-02 9.853208921256259023e-01 0.000000000000000000e+00 6.827492034592626399e-04 0.000000000000000000e+00
3.330000000000000000e+02 1.331930314684934835e-01 2.127901684114701791e-02 9.779244424214837972e-01 0.000000000000000000e+00 7.965407373691396923e-04 0.000000000000000000e+00
3.360000000000000000e+02 1.343929686889302477e-01 2.696859353664087314e-02 9.724624487938097195e-01 0.000000000000000000e+00 5.689576695493854790e-04 0.000000000000000000e+00
3.390000000000000000e+02 1.355929059093672340e-01 2.844788347746927612e-02 9.700728265817023521e-01 0.000000000000000000e+00 1.479289940828402332e-03 0.000000000000000000e+00
3.420000000000000000e+02 1.367928431298039982e-01 3.243058716431497512e-02 9.660901228948566288e-01 0.000000000000000000e+00 1.479289940828402332e-03 0.000000000000000000e+00
3.450000000000000000e+02 1.379927803502409844e-01 3.755120619025944378e-02 9.611970869367318926e-01 0.000000000000000000e+00 1.251706873008648227e-03 0.000000000000000000e+00
3.480000000000000000e+02 1.391927175706777486e-01 4.449248975876194528e-02 9.526627218934911046e-01 0.000000000000000000e+00 2.844788347746927612e-03 0.000000000000000000e+00
3.510000000000000000e+02 1.403926547911147349e-01 5.109239872553481693e-02 9.461766044606281234e-01 0.000000000000000000e+00 2.730996813837050560e-03 0.000000000000000000e+00
3.540000000000000000e+02 1.415925920115514991e-01 6.565771506599908658e-02 9.304733727810651223e-01 0.000000000000000000e+00 3.868912152935821518e-03 0.000000000000000000e+00
3.570000000000000000e+02 1.427925292319884853e-01 7.635411925352754425e-02 9.192080109239872954e-01 0.000000000000000000e+00 4.437869822485207214e-03 0.000000000000000000e+00
3.600000000000000000e+02 1.439924664524252496e-01 8.375056895766955223e-02 9.113563950842057393e-01 0.000000000000000000e+00 4.893035958124715423e-03 0.000000000000000000e+00
3.630000000000000000e+02 1.451924036728622358e-01 9.524351388256713236e-02 8.973600364132908735e-01 0.000000000000000000e+00 7.396449704142011444e-03 0.000000000000000000e+00
3.660000000000000000e+02 1.463923408932990000e-01 1.118570778334091881e-01 8.793809740555302845e-01 0.000000000000000000e+00 8.761948111060537808e-03 0.000000000000000000e+00
3.690000000000000000e+02 1.475922781137359863e-01 1.293809740555302568e-01 8.604915794264906825e-01 0.000000000000000000e+00 1.012744651797906244e-02 0.000000000000000000e+00
3.720000000000000000e+02 1.487922153341727505e-01 1.492944924897587622e-01 8.362539827036868934e-01 0.000000000000000000e+00 1.445152480655439303e-02 0.000000000000000000e+00
3.750000000000000000e+02 1.499921525546097367e-01 1.766044606281292617e-01 8.035958124715520956e-01 0.000000000000000000e+00 1.979972690031861493e-02 0.000000000000000000e+00
3.780000000000000000e+02 1.511920897750465009e-01 1.992489758761948060e-01 7.767410104688211581e-01 0.000000000000000000e+00 2.401001365498407064e-02 0.000000000000000000e+00
3.810000000000000000e+02 1.523920269954834872e-01 2.278106508875739622e-01 7.397587619481110766e-01 0.000000000000000000e+00 3.243058716431497512e-02 0.000000000000000000e+00
3.840000000000000000e+02 1.535919642159202514e-01 2.641101502048247562e-01 6.968593536640873554e-01 0.000000000000000000e+00 3.903049613108784677e-02 0.000000000000000000e+00
3.870000000000000000e+02 1.547919014363572376e-01 3.107646791078743642e-01 6.346153846153845812e-01 0.000000000000000000e+00 5.461993627674101293e-02 0.000000000000000000e+00
3.900000000000000000e+02 1.559918386567940018e-01 3.652708238507055283e-01 5.682749203459263043e-01 1.137915339098771066e-04 6.634046426945834629e-02 0.000000000000000000e+00
3.930000000000000000e+02 1.571917758772309881e-01 4.188666363222576239e-01 5.050068274920346267e-01 1.137915339098771066e-04 7.601274465179790052e-02 0.000000000000000000e+00
3.960000000000000000e+02 1.583917130976677523e-01 4.679107874374146547e-01 4.395766954938552518e-01 2.275830678197542133e-04 9.228493400091032639e-02 0.000000000000000000e+00
3.990000000000000000e+02 1.595916503181047386e-01 5.182066454255803700e-01 3.731224396904870289e-01 2.275830678197542133e-04 1.084433318161128756e-01 0.000000000000000000e+00
4.020000000000000000e+02 1.607915875385415028e-01 5.612198452435138707e-01 3.133818843878015681e-01 2.275830678197542133e-04 1.251706873008648080e-01 0.000000000000000000e+00
4.050000000000000000e+02 1.619915247589784890e-01 6.075329995448338627e-01 2.529585798816568198e-01 1.137915339098771066e-04 1.393946290395994547e-01 0.000000000000000000e+00
4.080000000000000000e+02 1.631914619794152532e-01 6.466772872098316416e-01 1.949248975876194945e-01 2.275830678197542133e-04 1.581702321347291662e-01 0.000000000000000000e+00
4.110000000000000000e+02 1.643913991998522395e-01 6.787664997724169869e-01 1.464497041420118328e-01 3.413746017296313199e-04 1.744424214838415921e-01 0.000000000000000000e+00
4.140000000000000000e+02 1.655913364202890037e-01 7.024351388256713236e-01 1.084433318161128756e-01 6.827492034592626399e-04 1.884387801547564856e-01 0.000000000000000000e+00
4.170000000000000000e+02 1.667912736407259899e-01 7.159763313609467383e-01 8.420573509330905870e-02 1.137915339098770958e-03 1.986800182066454368e-01 0.000000000000000000e+00
4.200000000000000000e+02 1.679912108611627541e-01 7.243969048702776359e-01 6.406463359126081392e-02 2.048247610377787811e-03 2.094902139280837572e-01 0.000000000000000000e+00
4.230000000000000000e+02 1.691911480815997404e-01 7.324761037778789730e-01 4.779244424214838111e-02 2.389622212107419402e-03 2.173418297678652578e-01 0.000000000000000000e+00
4.260000000000000000e+02 1.703910853020365046e-01 7.336140191169776559e-01 3.652708238507055422e-02 2.844788347746927612e-03 2.270141101502048120e-01 0.000000000000000000e+00
4.290000000000000000e+02 1.715910225224734909e-01 7.327036868456986429e-01 2.913063268092853930e-02 4.665452890304961318e-03 2.335002275830678209e-01 0.000000000000000000e+00
4.320000000000000000e+02 1.727909597429102551e-01 7.331588529813382049e-01 2.423759672280382388e-02 3.755120619025944465e-03 2.388484296768320359e-01 0.000000000000000000e+00
4.350000000000000000e+02 1.739908969633472413e-01 7.355484751934455723e-01 1.866181156121984527e-02 4.551661356395083832e-03 2.412380518889394587e-01 0.000000000000000000e+00
4.380000000000000000e+02 1.751908341837840055e-01 7.379380974055530507e-01 1.558944014565316269e-02 4.210286754665453109e-03 2.422621756941283622e-01 0.000000000000000000e+00
4.410000000000000000e+02 1.763907714042209918e-01 7.357760582612653533e-01 1.513427401001365448e-02 4.893035958124715423e-03 2.441966317705962786e-01 0.000000000000000000e+00
4.440000000000000000e+02 1.775907086246577560e-01 7.365725989986344757e-01 1.365498406918525323e-02 5.689576695493855224e-03 2.440828402366863881e-01 0.000000000000000000e+00
4.470000000000000000e+02 1.787906458450947422e-01 7.379380974055530507e-01 1.376877560309512985e-02 6.827492034592626616e-03 2.414656349567592120e-01 0.000000000000000000e+00
4.500000000000000000e+02 1.799905830655317285e-01 7.374829312699134887e-01 1.456531634046426965e-02 7.282658170232134826e-03 2.406690942193900895e-01 0.000000000000000000e+00
4.530000000000000000e+02 1.811905202859684927e-01 7.325898953117887524e-01 1.570323167956303931e-02 8.420573509330906217e-03 2.432862994993172379e-01 0.000000000000000000e+00
4.560000000000000000e+02 1.823904575064054789e-01 7.262175694128356618e-01 1.729631315430131891e-02 9.899863450159307465e-03 2.465862539827036737e-01 0.000000000000000000e+00
4.590000000000000000e+02 1.835903947268422431e-01 7.222348657259899385e-01 1.832043695949021542e-02 1.081019572143832562e-02 2.486345015930814806e-01 0.000000000000000000e+00
4.620000000000000000e+02 1.847903319472792294e-01 7.248520710059171979e-01 1.797906235776058209e-02 1.228948566226672687e-02 2.448793809740555383e-01 0.000000000000000000e+00
4.650000000000000000e+02 1.859902691677159936e-01 7.232589895311788419e-01 1.797906235776058209e-02 1.467910787437414627e-02 2.440828402366863881e-01 0.000000000000000000e+00
4.680000000000000000e+02 1.871902063881529799e-01 7.222348657259899385e-01 1.763768775603095224e-02 1.775147928994082885e-02 2.423759672280382249e-01 0.000000000000000000e+00
4.710000000000000000e+02 1.883901436085897441e-01 7.173418297678653133e-01 1.911697769685935522e-02 2.116522530723714129e-02 2.423759672280382249e-01 0.000000000000000000e+00
4.740000000000000000e+02 1.895900808290267303e-01 7.166590805644059703e-01 2.059626763768775473e-02 2.537551206190259354e-02 2.373691397360036537e-01 0.000000000000000000e+00
4.770000000000000000e+02 1.907900180494634945e-01 7.201866181156122426e-01 1.991351843422849502e-02 2.844788347746927612e-02 2.314519799726900418e-01 0.000000000000000000e+00
4.800000000000000000e+02 1.919899552699004808e-01 7.232589895311788419e-01 2.127901684114701791e-02 3.356850250341374825e-02 2.218934911242603503e-01 0.000000000000000000e+00
4.830000000000000000e+02 1.931898924903372450e-01 7.218934911242603780e-01 2.184797451069640448e-02 3.812016385980882688e-02 2.181383705052344080e-01 0.000000000000000000e+00
4.860000000000000000e+02 1.943898297107742312e-01 7.221210741920801590e-01 2.241693218024579104e-02 4.585798816568047165e-02 2.096040054619936199e-01 0.000000000000000000e+00
4.890000000000000000e+02 1.955897669312109954e-01 7.264451524806554428e-01 2.264451524806554428e-02 5.052344105598543383e-02 2.003868912152935722e-01 0.000000000000000000e+00
4.920000000000000000e+02 1.967897041516479817e-01 7.316795630405097395e-01 2.435138825671370050e-02 5.598543468365953235e-02 1.879836140191169791e-01 0.000000000000000000e+00
4.950000000000000000e+02 1.979896413720847459e-01 7.361174328629950248e-01 2.389622212107419055e-02 6.304050978607191047e-02 1.769458352298589054e-01 0.000000000000000000e+00
4.980000000000000000e+02 1.991895785925217321e-01 7.382794720072826111e-01 2.446517979062357712e-02 6.873008648156576916e-02 1.685252617205279801e-01 0.000000000000000000e+00
5.010000000000000000e+02 2.003895158129584964e-01 7.426035502958580059e-01 2.423759672280382388e-02 7.259899863450158808e-02 1.605598543468365891e-01 0.000000000000000000e+00
5.040000000000000000e+02 2.015894530333954826e-01 7.472690031861629611e-01 2.548930359581247015e-02 7.680928538916705073e-02 1.504324078288575284e-01 0.000000000000000000e+00
5.070000000000000000e+02 2.027893902538322468e-01 7.532999544833864913e-01 2.503413746017296368e-02 8.079198907601274626e-02 1.408739189804278646e-01 0.000000000000000000e+00
5.100000000000000000e+02 2.039893274742692331e-01 7.552344105598542967e-01 2.639963586709149004e-02 8.557123350022757813e-02 1.327947200728265831e-01 0.000000000000000000e+00
5.130000000000000000e+02 2.051892646947059973e-01 7.569412835685025431e-01 2.651342740100136666e-02 8.818843878015475424e-02 1.283568502503413811e-01 0.000000000000000000e+00
5.160000000000000000e+02 2.063892019151429835e-01 7.558033682294037492e-01 2.696859353664087314e-02 9.274010013654984674e-02 1.244879380974055483e-01 0.000000000000000000e+00
5.190000000000000000e+02 2.075891391355797477e-01 7.558033682294037492e-01 2.765134274010013632e-02 9.433318161128811941e-02 1.222121074192080159e-01 0.000000000000000000e+00
5.220000000000000000e+02 2.087890763560167340e-01 7.613791533909877174e-01 2.787892580791988956e-02 9.490213928083750250e-02 1.158397815202548975e-01 0.000000000000000000e+00
5.250000000000000000e+02 2.099890135764534982e-01 7.611515703231679364e-01 2.844788347746927612e-02 9.763313609467455523e-02 1.127674101046882149e-01 0.000000000000000000e+00
5.280000000000000000e+02 2.111889507968904844e-01 7.650204824761037692e-01 2.833409194355939950e-02 9.808830223031406170e-02 1.085571233500227523e-01 0.000000000000000000e+00
5.310000000000000000e+02 2.123888880173272486e-01 7.684342284934000400e-01 2.969959035047792587e-02 9.831588529813381494e-02 1.035502958579881672e-01 0.000000000000000000e+00
5.340000000000000000e+02 2.135888252377642349e-01 7.697997269003186149e-01 2.947200728265816916e-02 9.808830223031406170e-02 1.026399635867091542e-01 0.000000000000000000e+00
5.370000000000000000e+02 2.147887624582009991e-01 7.749203459262631322e-01 2.856167501137915274e-02 9.638142922166591242e-02 1.001365498406918547e-01 0.000000000000000000e+00
5.400000000000000000e+02 2.159886996786379854e-01 7.771961766044606090e-01 2.867546654528902936e-02 9.717796995903504875e-02 9.695038689121529552e-02 0.000000000000000000e+00
5.430000000000000000e+02 2.171886368990747496e-01 7.770823850705507185e-01 3.015475648611743234e-02 9.501593081474737912e-02 9.774692762858443185e-02 0.000000000000000000e+00
5.460000000000000000e+02 2.183885741195117358e-01 7.806099226217569909e-01 2.947200728265816916e-02 9.410559854346836617e-02 9.581247155211652933e-02 0.000000000000000000e+00
5.490000000000000000e+02 2.195885113399485000e-01 7.857305416477013971e-01 3.060992262175694228e-02 8.932635411925353430e-02 9.433318161128811941e-02 0.000000000000000000e+00
5.520000000000000000e+02 2.207884485603854863e-01 7.844788347746927126e-01 3.243058716431497512e-02 9.126081019572143682e-02 9.182976786527081992e-02 0.000000000000000000e+00
5.550000000000000000e+02 2.219883857808222505e-01 7.850477924442421651e-01 3.197542102867546865e-02 9.000910332271279402e-02 9.296768320436959998e-02 0.000000000000000000e+00
5.580000000000000000e+02 2.231883230012592367e-01 7.812926718252162228e-01 3.447883477469276120e-02 8.921256258534364381e-02 9.501593081474737912e-02 0.000000000000000000e+00
5.610000000000000000e+02 2.243882602216960009e-01 7.856167501137915066e-01 3.493400091033227461e-02 8.784706417842512438e-02 9.160218479745106668e-02 0.000000000000000000e+00
5.640000000000000000e+02 2.255881974421329872e-01 7.832271279016841392e-01 3.618570778334091742e-02 8.727810650887574129e-02 9.330905780609922984e-02 0.000000000000000000e+00
5.670000000000000000e+02 2.267881346625697514e-01 7.866408739189804100e-01 3.834774692762858705e-02 8.477469276285844180e-02 9.023668639053254725e-02 0.000000000000000000e+00
5.700000000000000000e+02 2.279880718830067377e-01 7.924442421483841592e-01 3.789258079198907364e-02 8.454710969503868856e-02 8.511606736458807165e-02 0.000000000000000000e+00
5.730000000000000000e+02 2.291880091034435019e-01 7.949476558944014171e-01 3.868912152935821691e-02 8.227127901684114231e-02 8.409194355939918208e-02 0.000000000000000000e+00
5.760000000000000000e+02 2.303879463238804881e-01 8.030268548020027541e-01 3.971324533454710648e-02 7.931269913518433634e-02 7.794720072826581692e-02 0.000000000000000000e+00
5.790000000000000000e+02 2.315878835443172523e-01 8.053026854802002310e-01 3.914428766499772339e-02 8.124715521165225274e-02 7.430587164314975124e-02 0.000000000000000000e+00
5.820000000000000000e+02 2.327878207647542386e-01 8.057578516158397930e-01 4.164770141101502288e-02 8.227127901684114231e-02 7.032316795630405570e-02 0.000000000000000000e+00
5.850000000000000000e+02 2.339877579851910028e-01 8.032544378698225351e-01 4.346836595357305572e-02 8.397815202548930547e-02 6.929904415111515226e-02 0.000000000000000000e+00
5.880000000000000000e+02 2.351876952056279890e-01 8.050751024123805610e-01 4.472007282658170546e-02 8.420573509330905870e-02 6.599908966772871644e-02 0.000000000000000000e+00
5.910000000000000000e+02 2.363876324260647532e-01 8.065543923532089154e-01 4.426490669094219205e-02 8.409194355939918208e-02 6.508875739644970349e-02 0.000000000000000000e+00
5.940000000000000000e+02 2.375875696465017395e-01 8.058716431497496835e-01 4.608557123350022489e-02 8.602639963586708460e-02 6.201638598088302090e-02 0.000000000000000000e+00
5.970000000000000000e+02 2.387875068669387257e-01 8.076923076923077094e-01 4.460628129267182190e-02 8.534365043240782489e-02 6.235776058261265076e-02 0.000000000000000000e+00
6.000000000000000000e+02 2.399874440873754899e-01 8.086026399635867223e-01 4.631315430131998506e-02 8.466090122894856518e-02 6.042330450614474130e-02 0.000000000000000000e+00
6.030000000000000000e+02 2.411873813078124762e-01 8.103095129722348577e-01 4.745106964041875125e-02 8.306781975421029252e-02 5.917159763313609155e-02 0.000000000000000000e+00
6.060000000000000000e+02 2.423873185282492404e-01 8.137232589895311285e-01 4.688211197086936816e-02 8.113336367774237612e-02 5.826126536185707860e-02 0.000000000000000000e+00
6.090000000000000000e+02 2.435872557486862267e-01 8.132680928538916776e-01 4.836140191169777114e-02 8.147473827947200598e-02 5.689576695493855224e-02 0.000000000000000000e+00
6.120000000000000000e+02 2.447871929691229909e-01 8.159990896677287164e-01 4.915794264906690747e-02 8.158852981338188259e-02 5.325443786982248656e-02 0.000000000000000000e+00
6.150000000000000000e+02 2.459871301895599771e-01 8.148611743286299225e-01 5.018206645425580398e-02 8.067819754210286964e-02 5.427856167501137613e-02 0.000000000000000000e+00
6.180000000000000000e+02 2.471870674099967413e-01 8.152025489303595940e-01 5.040964952207555722e-02 8.113336367774237612e-02 5.325443786982248656e-02 0.000000000000000000e+00
6.210000000000000000e+02 2.483870046304337276e-01 8.152025489303595940e-01 4.984069185252617412e-02 8.204369594902138907e-02 5.291306326809285671e-02 0.000000000000000000e+00
6.240000000000000000e+02 2.495869418508704918e-01 8.158852981338188259e-01 4.961310878470642088e-02 8.284023668639053928e-02 5.166135639508420696e-02 0.000000000000000000e+00
6.270000000000000000e+02 2.507868790713074780e-01 8.120163859808829931e-01 5.006827492034592736e-02 8.500227583067819503e-02 5.291306326809285671e-02 0.000000000000000000e+00
6.300000000000000000e+02 2.519868162917442422e-01 8.144060081929904715e-01 4.949931725079653733e-02 8.397815202548930547e-02 5.211652253072371344e-02 0.000000000000000000e+00
6.330000000000000000e+02 2.531867535121812285e-01 8.104233045061447482e-01 5.075102412380518707e-02 8.727810650887574129e-02 5.154756486117433034e-02 0.000000000000000000e+00
6.360000000000000000e+02 2.543866907326179927e-01 8.047337278106508895e-01 5.393718707328174627e-02 8.909877105143376719e-02 5.223031406463359005e-02 0.000000000000000000e+00
6.390000000000000000e+02 2.555866279530549789e-01 7.997269003186162628e-01 5.655439235320892238e-02 9.171597633136094330e-02 5.200273099681383682e-02 0.000000000000000000e+00
6.420000000000000000e+02 2.567865651734917432e-01 8.008648156577150568e-01 5.757851615839781195e-02 9.285389167045972336e-02 4.870277651342740100e-02 0.000000000000000000e+00
6.450000000000000000e+02 2.579865023939287294e-01 8.006372325898952758e-01 5.837505689576695522e-02 9.308147473827947660e-02 4.790623577605826466e-02 0.000000000000000000e+00
6.480000000000000000e+02 2.591864396143654936e-01 8.013199817933546187e-01 5.735093309057805872e-02 9.330905780609922984e-02 4.790623577605826466e-02 1.137915339098771066e-04
6.510000000000000000e+02 2.603863768348024799e-01 8.014337733272643982e-01 5.905780609922621494e-02 9.228493400091032639e-02 4.722348657259899801e-02 0.000000000000000000e+00
6.540000000000000000e+02 2.615863140552392441e-01 8.007510241238051663e-01 5.917159763313609155e-02 9.353664087391898307e-02 4.654073736913973830e-02 0.000000000000000000e+00
6.570000000000000000e+02 2.627862512756762303e-01 8.010923987255348377e-01 5.883022303140646170e-02 9.592626308602640595e-02 4.415111515703231543e-02 0.000000000000000000e+00
6.600000000000000000e+02 2.639861884961129945e-01 7.984751934456076894e-01 6.030951297223486468e-02 9.706417842512517213e-02 4.403732362312243881e-02 1.137915339098771066e-04
6.630000000000000000e+02 2.651861257165499808e-01 8.029130632680928636e-01 6.099226217569413133e-02 9.387801547564861293e-02 4.210286754665452935e-02 1.137915339098771066e-04
6.660000000000000000e+02 2.663860629369867450e-01 8.049613108784706705e-01 6.099226217569413133e-02 9.444697314519799602e-02 3.948566226672735324e-02 1.137915339098771066e-04
6.690000000000000000e+02 2.675860001574237312e-01 8.027992717341829731e-01 6.087847064178425471e-02 9.547109695038688559e-02 4.073736913973600299e-02 1.137915339098771066e-04
6.720000000000000000e+02 2.687859373778604954e-01 8.002958579881657153e-01 6.281292671825215723e-02 9.649522075557578904e-02 4.039599453800637313e-02 0.000000000000000000e+00
6.750000000000000000e+02 2.699858745982974817e-01 8.004096495220756058e-01 6.269913518434228061e-02 9.615384615384615918e-02 4.073736913973600299e-02 0.000000000000000000e+00
6.780000000000000000e+02 2.711858118187342459e-01 7.952890304961310886e-01 6.406463359126081392e-02 9.842967683204369156e-02 4.221665908056440597e-02 0.000000000000000000e+00
6.810000000000000000e+02 2.723857490391712322e-01 7.958579881656804300e-01 6.406463359126081392e-02 9.808830223031406170e-02 4.198907601274465273e-02 0.000000000000000000e+00
