# itime ezz other fcc hcp bcc ico
0.000000000000000000e+00 0.000000000000000000e+00 0.000000000000000000e+00 1.000000000000000000e+00 0.000000000000000000e+00 0.000000000000000000e+00 0.000000000000000000e+00
3.000000000000000000e+00 1.200021602163481305e-03 0.000000000000000000e+00 1.000000000000000000e+00 0.000000000000000000e+00 0.000000000000000000e+00 0.000000000000000000e+00
6.000000000000000000e+00 2.400043204326962609e-03 0.000000000000000000e+00 1.000000000000000000e+00 0.000000000000000000e+00 0.000000000000000000e+00 0.000000000000000000e+00
9.000000000000000000e+00 3.600064806490443914e-03 0.000000000000000000e+00 1.000000000000000000e+00 0.000000000000000000e+00 0.000000000000000000e+00 0.000000000000000000e+00
1.200000000000000000e+01 4.800086408653703174e-03 0.000000000000000000e+00 1.000000000000000000e+00 0.000000000000000000e+00 0.000000000000000000e+00 0.000000000000000000e+00
1.500000000000000000e+01 6.000108010817184478e-03 0.000000000000000000e+00 1.000000000000000000e+00 0.000000000000000000e+00 0.000000000000000000e+00 0.000000000000000000e+00
1.800000000000000000e+01 7.200129612980665783e-03 0.000000000000000000e+00 1.000000000000000000e+00 0.000000000000000000e+00 0.000000000000000000e+00 0.000000000000000000e+00
2.100000000000000000e+01 8.400151215144147088e-03 0.000000000000000000e+00 1.000000000000000000e+00 0.000000000000000000e+00 0.000000000000000000e+00 0.000000000000000000e+00
2.400000000000000000e+01 9.600172817307628392e-03 0.000000000000000000e+00 1.000000000000000000e+00 0.000000000000000000e+00 0.000000000000000000e+00 0.000000000000000000e+00
2.700000000000000000e+01 1.080019441947110970e-02 0.000000000000000000e+00 1.000000000000000000e+00 0.000000000000000000e+00 0.000000000000000000e+00 0.000000000000000000e+00
3.000000000000000000e+01 1.200021602163436896e-02 0.000000000000000000e+00 1.000000000000000000e+00 0.000000000000000000e+00 0.000000000000000000e+00 0.000000000000000000e+00
3.300000000000000000e+01 1.320023762379785026e-02 0.000000000000000000e+00 1.000000000000000000e+00 0.000000000000000000e+00 0.000000000000000000e+00 0.000000000000000000e+00
3.600000000000000000e+01 1.440025922596133157e-02 0.000000000000000000e+00 1.000000000000000000e+00 0.000000000000000000e+00 0.000000000000000000e+00 0.000000000000000000e+00
3.900000000000000000e+01 1.560028082812481287e-02 0.000000000000000000e+00 1.000000000000000000e+00 0.000000000000000000e+00 0.000000000000000000e+00 0.000000000000000000e+00
4.200000000000000000e+01 1.680030243028829418e-02 0.000000000000000000e+00 1.000000000000000000e+00 0.000000000000000000e+00 0.000000000000000000e+00 0.000000000000000000e+00
4.500000000000000000e+01 1.800032403245177548e-02 0.000000000000000000e+00 1.000000000000000000e+00 0.000000000000000000e+00 0.000000000000000000e+00 0.000000000000000000e+00
4.800000000000000000e+01 1.920034563461503474e-02 0.000000000000000000e+00 1.000000000000000000e+00 0.000000000000000000e+00 0.000000000000000000e+00 0.000000000000000000e+00
5.100000000000000000e+01 2.040036723677851604e-02 0.000000000000000000e+00 1.000000000000000000e+00 0.000000000000000000e+00 0.000000000000000000e+00 0.000000000000000000e+00
5.400000000000000000e+01 2.160038883894199735e-02 0.000000000000000000e+00 1.000000000000000000e+00 0.000000000000000000e+00 0.000000000000000000e+00 0.000000000000000000e+00
5.700000000000000000e+01 2.280041044110547865e-02 0.000000000000000000e+00 1.000000000000000000e+00 0.000000000000000000e+00 0.000000000000000000e+00 0.000000000000000000e+00
6.000000000000000000e+01 2.400043204326895996e-02 0.000000000000000000e+00 1.000000000000000000e+00 0.000000000000000000e+00 0.000000000000000000e+00 0.000000000000000000e+00
6.300000000000000000e+01 2.520045364543244126e-02 0.000000000000000000e+00 1.000000000000000000e+00 0.000000000000000000e+00 0.000000000000000000e+00 0.000000000000000000e+00
6.600000000000000000e+01 2.640047524759570052e-02 0.000000000000000000e+00 1.000000000000000000e+00 0.000000000000000000e+00 0.000000000000000000e+00 0.000000000000000000e+00
6.900000000000000000e+01 2.760049684975918183e-02 0.000000000000000000e+00 1.000000000000000000e+00 0.000000000000000000e+00 0.000000000000000000e+00 0.000000000000000000e+00
7.200000000000000000e+01 2.880051845192266313e-02 0.000000000000000000e+00 1.000000000000000000e+00 0.000000000000000000e+00 0.000000000000000000e+00 0.000000000000000000e+00
7.500000000000000000e+01 3.000054005408614444e-02 0.000000000000000000e+00 1.000000000000000000e+00 0.000000000000000000e+00 0.000000000000000000e+00 0.000000000000000000e+00
7.800000000000000000e+01 3.120056165624962574e-02 0.000000000000000000e+00 1.000000000000000000e+00 0.000000000000000000e+00 0.000000000000000000e+00 0.000000000000000000e+00
8.100000000000000000e+01 3.240058325841310705e-02 0.000000000000000000e+00 1.000000000000000000e+00 0.000000000000000000e+00 0.000000000000000000e+00 0.000000000000000000e+00
8.400000000000000000e+01 3.360060486057658835e-02 0.000000000000000000e+00 1.000000000000000000e+00 0.000000000000000000e+00 0.000000000000000000e+00 0.000000000000000000e+00
8.700000000000000000e+01 3.480062646273984761e-02 0.000000000000000000e+00 1.000000000000000000e+00 0.000000000000000000e+00 0.000000000000000000e+00 0.000000000000000000e+00
9.000000000000000000e+01 3.600064806490332892e-02 0.000000000000000000e+00 1.000000000000000000e+00 0.000000000000000000e+00 0.000000000000000000e+00 0.000000000000000000e+00
9.300000000000000000e+01 3.720066966706681022e-02 0.000000000000000000e+00 1.000000000000000000e+00 0.000000000000000000e+00 0.000000000000000000e+00 0.000000000000000000e+00
9.600000000000000000e+01 3.840069126923029152e-02 0.000000000000000000e+00 1.000000000000000000e+00 0.000000000000000000e+00 0.000000000000000000e+00 0.000000000000000000e+00
9.900000000000000000e+01 3.960071287139377283e-02 0.000000000000000000e+00 1.000000000000000000e+00 0.000000000000000000e+00 0.000000000000000000e+00 0.000000000000000000e+00
1.020000000000000000e+02 4.080073447355725413e-02 0.000000000000000000e+00 1.000000000000000000e+00 0.000000000000000000e+00 0.000000000000000000e+00 0.000000000000000000e+00
1.050000000000000000e+02 4.200075607572051339e-02 0.000000000000000000e+00 1.000000000000000000e+00 0.000000000000000000e+00 0.000000000000000000e+00 0.000000000000000000e+00
1.080000000000000000e+02 4.320077767788399470e-02 0.000000000000000000e+00 1.000000000000000000e+00 0.000000000000000000e+00 0.000000000000000000e+00 0.000000000000000000e+00
1.110000000000000000e+02 4.440079928004747600e-02 0.000000000000000000e+00 1.000000000000000000e+00 0.000000000000000000e+00 0.000000000000000000e+00 0.000000000000000000e+00
1.140000000000000000e+02 4.560082088221095731e-02 0.000000000000000000e+00 1.000000000000000000e+00 0.000000000000000000e+00 0.000000000000000000e+00 0.000000000000000000e+00
1.170000000000000000e+02 4.680084248437443861e-02 0.000000000000000000e+00 1.000000000000000000e+00 0.000000000000000000e+00 0.000000000000000000e+00 0.000000000000000000e+00
1.200000000000000000e+02 4.800086408653791992e-02 0.000000000000000000e+00 1.000000000000000000e+00 0.000000000000000000e+00 0.000000000000000000e+00 0.000000000000000000e+00
1.230000000000000000e+02 4.920088568870117918e-02 0.000000000000000000e+00 1.000000000000000000e+00 0.000000000000000000e+00 0.000000000000000000e+00 0.000000000000000000e+00
1.260000000000000000e+02 5.040090729086466048e-02 0.000000000000000000e+00 1.000000000000000000e+00 0.000000000000000000e+00 0.000000000000000000e+00 0.000000000000000000e+00
1.290000000000000000e+02 5.160092889302814179e-02 0.000000000000000000e+00 1.000000000000000000e+00 0.000000000000000000e+00 0.000000000000000000e+00 0.000000000000000000e+00
1.320000000000000000e+02 5.280095049519162309e-02 0.000000000000000000e+00 1.000000000000000000e+00 0.000000000000000000e+00 0.000000000000000000e+00 0.000000000000000000e+00
1.350000000000000000e+02 5.400097209735510440e-02 0.000000000000000000e+00 1.000000000000000000e+00 0.000000000000000000e+00 0.000000000000000000e+00 0.000000000000000000e+00
1.380000000000000000e+02 5.520099369951858570e-02 0.000000000000000000e+00 1.000000000000000000e+00 0.000000000000000000e+00 0.000000000000000000e+00 0.000000000000000000e+00
1.410000000000000000e+02 5.640101530168184496e-02 0.000000000000000000e+00 1.000000000000000000e+00 0.000000000000000000e+00 0.000000000000000000e+00 0.000000000000000000e+00
1.440000000000000000e+02 5.760103690384532626e-02 0.000000000000000000e+00 1.000000000000000000e+00 0.000000000000000000e+00 0.000000000000000000e+00 0.000000000000000000e+00
1.470000000000000000e+02 5.880105850600880757e-02 0.000000000000000000e+00 1.000000000000000000e+00 0.000000000000000000e+00 0.000000000000000000e+00 0.000000000000000000e+00
1.500000000000000000e+02 6.000108010817228887e-02 0.000000000000000000e+00 1.000000000000000000e+00 0.000000000000000000e+00 0.000000000000000000e+00 0.000000000000000000e+00
1.530000000000000000e+02 6.120110171033577018e-02 0.000000000000000000e+00 1.000000000000000000e+00 0.000000000000000000e+00 0.000000000000000000e+00 0.000000000000000000e+00
1.560000000000000000e+02 6.240112331249925148e-02 0.000000000000000000e+00 1.000000000000000000e+00 0.000000000000000000e+00 0.000000000000000000e+00 0.000000000000000000e+00
1.590000000000000000e+02 6.360114491466273279e-02 0.000000000000000000e+00 1.000000000000000000e+00 0.000000000000000000e+00 0.000000000000000000e+00 0.000000000000000000e+00
1.620000000000000000e+02 6.480116651682599205e-02 0.000000000000000000e+00 1.000000000000000000e+00 0.000000000000000000e+00 0.000000000000000000e+00 0.000000000000000000e+00
1.650000000000000000e+02 6.600118811898947335e-02 0.000000000000000000e+00 1.000000000000000000e+00 0.000000000000000000e+00 0.000000000000000000e+00 0.000000000000000000e+00
1.680000000000000000e+02 6.720120972115295466e-02 0.000000000000000000e+00 1.000000000000000000e+00 0.000000000000000000e+00 0.000000000000000000e+00 0.000000000000000000e+00
1.710000000000000000e+02 6.840123132331643596e-02 0.000000000000000000e+00 1.000000000000000000e+00 0.000000000000000000e+00 0.000000000000000000e+00 0.000000000000000000e+00
1.740000000000000000e+02 6.960125292547991727e-02 0.000000000000000000e+00 1.000000000000000000e+00 0.000000000000000000e+00 0.000000000000000000e+00 0.000000000000000000e+00
1.770000000000000000e+02 7.080127452764339857e-02 0.000000000000000000e+00 1.000000000000000000e+00 0.000000000000000000e+00 0.000000000000000000e+00 0.000000000000000000e+00
1.800000000000000000e+02 7.200129612980665783e-02 0.000000000000000000e+00 1.000000000000000000e+00 0.000000000000000000e+00 0.000000000000000000e+00 0.000000000000000000e+00
1.830000000000000000e+02 7.320131773197013914e-02 0.000000000000000000e+00 1.000000000000000000e+00 0.000000000000000000e+00 0.000000000000000000e+00 0.000000000000000000e+00
1.860000000000000000e+02 7.440133933413362044e-02 0.000000000000000000e+00 1.000000000000000000e+00 0.000000000000000000e+00 0.000000000000000000e+00 0.000000000000000000e+00
1.890000000000000000e+02 7.560136093629710174e-02 0.000000000000000000e+00 1.000000000000000000e+00 0.000000000000000000e+00 0.000000000000000000e+00 0.000000000000000000e+00
1.920000000000000000e+02 7.680138253846058305e-02 0.000000000000000000e+00 1.000000000000000000e+00 0.000000000000000000e+00 0.000000000000000000e+00 0.000000000000000000e+00
1.950000000000000000e+02 7.800140414062406435e-02 0.000000000000000000e+00 1.000000000000000000e+00 0.000000000000000000e+00 0.000000000000000000e+00 0.000000000000000000e+00
1.980000000000000000e+02 7.920142574278732361e-02 0.000000000000000000e+00 1.000000000000000000e+00 0.000000000000000000e+00 0.000000000000000000e+00 0.000000000000000000e+00
2.010000000000000000e+02 8.040144734495080492e-02 1.137915339098771066e-04 9.998862084660901095e-01 0.000000000000000000e+00 0.000000000000000000e+00 0.000000000000000000e+00
2.040000000000000000e+02 8.160146894711428622e-02 0.000000000000000000e+00 1.000000000000000000e+00 0.000000000000000000e+00 0.000000000000000000e+00 0.000000000000000000e+00
2.070000000000000000e+02 8.280149054927776753e-02 0.000000000000000000e+00 1.000000000000000000e+00 0.000000000000000000e+00 0.000000000000000000e+00 0.000000000000000000e+00
2.100000000000000000e+02 8.400151215144124883e-02 0.000000000000000000e+00 1.000000000000000000e+00 0.000000000000000000e+00 0.000000000000000000e+00 0.000000000000000000e+00
2.130000000000000000e+02 8.520153375360473014e-02 0.000000000000000000e+00 1.000000000000000000e+00 0.000000000000000000e+00 0.000000000000000000e+00 0.000000000000000000e+00
2.160000000000000000e+02 8.640155535576798940e-02 0.000000000000000000e+00 1.000000000000000000e+00 0.000000000000000000e+00 0.000000000000000000e+00 0.000000000000000000e+00
2.190000000000000000e+02 8.760157695793147070e-02 0.000000000000000000e+00 1.000000000000000000e+00 0.000000000000000000e+00 0.000000000000000000e+00 0.000000000000000000e+00
2.220000000000000000e+02 8.880159856009495201e-02 0.000000000000000000e+00 1.000000000000000000e+00 0.000000000000000000e+00 0.000000000000000000e+00 0.000000000000000000e+00
2.250000000000000000e+02 9.000162016225843331e-02 0.000000000000000000e+00 1.000000000000000000e+00 0.000000000000000000e+00 0.000000000000000000e+00 0.000000000000000000e+00
2.280000000000000000e+02 9.120164176442191462e-02 2.275830678197542133e-04 9.997724169321802190e-01 0.000000000000000000e+00 0.000000000000000000e+00 0.000000000000000000e+00
2.310000000000000000e+02 9.240166336658539592e-02 2.275830678197542133e-04 9.997724169321802190e-01 0.000000000000000000e+00 0.000000000000000000e+00 0.000000000000000000e+00
2.340000000000000000e+02 9.360168496874887722e-02 2.275830678197542133e-04 9.997724169321802190e-01 0.000000000000000000e+00 0.000000000000000000e+00 0.000000000000000000e+00
2.370000000000000000e+02 9.480170657091213648e-02 1.137915339098771066e-04 9.998862084660901095e-01 0.000000000000000000e+00 0.000000000000000000e+00 0.000000000000000000e+00
2.400000000000000000e+02 9.600172817307561779e-02 3.413746017296313199e-04 9.996586253982703285e-01 0.000000000000000000e+00 0.000000000000000000e+00 0.000000000000000000e+00
2.430000000000000000e+02 9.720174977523909909e-02 4.551661356395084266e-04 9.995448338643604380e-01 0.000000000000000000e+00 0.000000000000000000e+00 0.000000000000000000e+00
2.460000000000000000e+02 9.840177137740258040e-02 5.689576695493854790e-04 9.994310423304506585e-01 0.000000000000000000e+00 0.000000000000000000e+00 0.000000000000000000e+00
2.490000000000000000e+02 9.960179297956606170e-02 1.137915339098771066e-04 9.998862084660901095e-01 0.000000000000000000e+00 0.000000000000000000e+00 0.000000000000000000e+00
2.520000000000000000e+02 1.008018145817295430e-01 0.000000000000000000e+00 1.000000000000000000e+00 0.000000000000000000e+00 0.000000000000000000e+00 0.000000000000000000e+00
2.550000000000000000e+02 1.020018361838928023e-01 2.275830678197542133e-04 9.997724169321802190e-01 0.000000000000000000e+00 0.000000000000000000e+00 0.000000000000000000e+00
2.580000000000000000e+02 1.032018577860562836e-01 4.551661356395084266e-04 9.995448338643604380e-01 0.000000000000000000e+00 0.000000000000000000e+00 0.000000000000000000e+00
2.610000000000000000e+02 1.044018793882197649e-01 7.965407373691396923e-04 9.992034592626308775e-01 0.000000000000000000e+00 0.000000000000000000e+00 0.000000000000000000e+00
2.640000000000000000e+02 1.056019009903832462e-01 0.000000000000000000e+00 1.000000000000000000e+00 0.000000000000000000e+00 0.000000000000000000e+00 0.000000000000000000e+00
2.670000000000000000e+02 1.068019225925467275e-01 5.689576695493854790e-04 9.994310423304506585e-01 0.000000000000000000e+00 0.000000000000000000e+00 0.000000000000000000e+00
2.700000000000000000e+02 1.080019441947102088e-01 7.965407373691396923e-04 9.992034592626308775e-01 0.000000000000000000e+00 0.000000000000000000e+00 0.000000000000000000e+00
2.730000000000000000e+02 1.092019657968734681e-01 0.000000000000000000e+00 1.000000000000000000e+00 0.000000000000000000e+00 0.000000000000000000e+00 0.000000000000000000e+00
2.760000000000000000e+02 1.104019873990369494e-01 1.251706873008648227e-03 9.987482931269913156e-01 0.000000000000000000e+00 0.000000000000000000e+00 0.000000000000000000e+00
2.790000000000000000e+02 1.116020090012004307e-01 1.137915339098770958e-03 9.988620846609012061e-01 0.000000000000000000e+00 0.000000000000000000e+00 0.000000000000000000e+00
2.820000000000000000e+02 1.128020306033639120e-01 7.965407373691396923e-04 9.992034592626308775e-01 0.000000000000000000e+00 0.000000000000000000e+00 0.000000000000000000e+00
2.850000000000000000e+02 1.140020522055273933e-01 2.162039144287664864e-03 9.978379608557123026e-01 0.000000000000000000e+00 0.000000000000000000e+00 0.000000000000000000e+00
2.880000000000000000e+02 1.152020738076908746e-01 2.617205279927173507e-03 9.973827947200728516e-01 0.000000000000000000e+00 0.000000000000000000e+00 0.000000000000000000e+00
2.910000000000000000e+02 1.164020954098541338e-01 3.641329085116067413e-03 9.963586709148839482e-01 0.000000000000000000e+00 0.000000000000000000e+00 0.000000000000000000e+00
2.940000000000000000e+02 1.176021170120176151e-01 4.324078288575329727e-03 9.956759217114247162e-01 0.000000000000000000e+00 0.000000000000000000e+00 0.000000000000000000e+00
2.970000000000000000e+02 1.188021386141810964e-01 6.030951297223486815e-03 9.939690487027764698e-01 0.000000000000000000e+00 0.000000000000000000e+00 0.000000000000000000e+00
3.000000000000000000e+02 1.200021602163445777e-01 5.348202093764223633e-03 9.945380063723259223e-01 0.000000000000000000e+00 1.137915339098771066e-04 0.000000000000000000e+00
3.030000000000000000e+02 1.212021818185080591e-01 3.299954483386436255e-03 9.965862539827037292e-01 0.000000000000000000e+00 1.137915339098771066e-04 0.000000000000000000e+00
3.060000000000000000e+02 1.224022034206715404e-01 3.527537551206190360e-03 9.964724624487938387e-01 0.000000000000000000e+00 0.000000000000000000e+00 0.000000000000000000e+00
3.090000000000000000e+02 1.236022250228350217e-01 4.324078288575329727e-03 9.955621301775148257e-01 0.000000000000000000e+00 1.137915339098771066e-04 0.000000000000000000e+00
3.120000000000000000e+02 1.248022466249982809e-01 7.055075102412380721e-03 9.928311333636777869e-01 0.000000000000000000e+00 1.137915339098771066e-04 0.000000000000000000e+00
3.150000000000000000e+02 1.260022682271617622e-01 6.941283568502503235e-03 9.930587164314974569e-01 0.000000000000000000e+00 0.000000000000000000e+00 0.000000000000000000e+00
3.180000000000000000e+02 1.272022898293252435e-01 6.486117432862995025e-03 9.930587164314974569e-01 0.000000000000000000e+00 4.551661356395084266e-04 0.000000000000000000e+00
3.210000000000000000e+02 1.284023114314887248e-01 9.444697314519799256e-03 9.902139280837505275e-01 0.000000000000000000e+00 3.413746017296313199e-04 0.000000000000000000e+00
3.240000000000000000e+02 1.296023330336522061e-01 1.194811106053709528e-02 9.877105143377332697e-01 0.000000000000000000e+00 3.413746017296313199e-04 0.000000000000000000e+00
3.270000000000000000e+02 1.308023546358156874e-01 1.308602639963586667e-02 9.861174328629950248e-01 0.000000000000000000e+00 7.965407373691396923e-04 0.000000000000000000e+00
3.300000000000000000e+02 1.320023762379789467e-01 1.809285389167045871e-02 9.813381884387801790e-01 0.000000000000000000e+00 5.689576695493854790e-04 0.000000000000000000e+00
3.330000000000000000e+02 1.332023978401424280e-01 1.866181156121984527e-02 9.803140646335912756e-01 0.000000000000000000e+00 1.024123805188893906e-03 0.000000000000000000e+00
3.360000000000000000e+02 1.344024194423059093e-01 2.401001365498407064e-02 9.748520710059171979e-01 0.000000000000000000e+00 1.137915339098770958e-03 0.000000000000000000e+00
3.390000000000000000e+02 1.356024410444693906e-01 2.605826126536185672e-02 9.725762403277196100e-01 0.000000000000000000e+00 1.365498406918525280e-03 0.000000000000000000e+00
3.420000000000000000e+02 1.368024626466328719e-01 3.129267182521620200e-02 9.681383705052344357e-01 0.000000000000000000e+00 5.689576695493854790e-04 0.000000000000000000e+00
3.450000000000000000e+02 1.380024842487963532e-01 3.914428766499772339e-02 9.599453800637232082e-01 0.000000000000000000e+00 9.103322712790168532e-04 0.000000000000000000e+00
3.480000000000000000e+02 1.392025058509596125e-01 4.187528447883477611e-02 9.561902594446972659e-01 0.000000000000000000e+00 1.934456076467910759e-03 0.000000000000000000e+00
3.510000000000000000e+02 1.404025274531230938e-01 4.597177969959034827e-02 9.523213472917615441e-01 0.000000000000000000e+00 1.706873008648156654e-03 0.000000000000000000e+00
3.540000000000000000e+02 1.416025490552865751e-01 5.496131087847064278e-02 9.432180245789713036e-01 0.000000000000000000e+00 1.820664542558033706e-03 0.000000000000000000e+00
3.570000000000000000e+02 1.428025706574500564e-01 6.042330450614474130e-02 9.369594902139281034e-01 0.000000000000000000e+00 2.617205279927173507e-03 0.000000000000000000e+00
3.600000000000000000e+02 1.440025922596135377e-01 6.702321347291761988e-02 9.289940828402366568e-01 0.000000000000000000e+00 3.982703686845699004e-03 0.000000000000000000e+00
3.630000000000000000e+02 1.452026138617770190e-01 8.192990441511151245e-02 9.132908511606736557e-01 0.000000000000000000e+00 4.779244424214838804e-03 0.000000000000000000e+00
3.660000000000000000e+02 1.464026354639402783e-01 9.604005461993628257e-02 8.978152025489303245e-01 0.000000000000000000e+00 6.144742831133363434e-03 0.000000000000000000e+00
3.690000000000000000e+02 1.476026570661037596e-01 1.112881201638598050e-01 8.799499317250796260e-01 0.000000000000000000e+00 8.761948111060537808e-03 0.000000000000000000e+00
3.720000000000000000e+02 1.488026786682672409e-01 1.255120619025944517e-01 8.643604915794265153e-01 0.000000000000000000e+00 1.012744651797906244e-02 0.000000000000000000e+00
3.750000000000000000e+02 1.500027002704307222e-01 1.582840236686390567e-01 8.277196176604461053e-01 0.000000000000000000e+00 1.399635867091488309e-02 0.000000000000000000e+00
3.780000000000000000e+02 1.512027218725942035e-01 1.912835685025034149e-01 7.899408284023669014e-01 0.000000000000000000e+00 1.877560309512972189e-02 0.000000000000000000e+00
3.810000000000000000e+02 1.524027434747576848e-01 2.265589440145653055e-01 7.463586709148839482e-01 0.000000000000000000e+00 2.708238507055074976e-02 0.000000000000000000e+00
3.840000000000000000e+02 1.536027650769211661e-01 2.614929449248976079e-01 7.059626763768775959e-01 0.000000000000000000e+00 3.254437869822485174e-02 0.000000000000000000e+00
3.870000000000000000e+02 1.548027866790844254e-01 3.100819299044151323e-01 6.502048247610378029e-01 0.000000000000000000e+00 3.971324533454710648e-02 0.000000000000000000e+00
3.900000000000000000e+02 1.560028082812479067e-01 3.616294947655894210e-01 5.895539371870732737e-01 0.000000000000000000e+00 4.881656804733727761e-02 0.000000000000000000e+00
3.930000000000000000e+02 1.572028298834113880e-01 4.096495220755576039e-01 5.303823395539372099e-01 0.000000000000000000e+00 5.996813837050523482e-02 0.000000000000000000e+00
3.960000000000000000e+02 1.584028514855748693e-01 4.560764679107874309e-01 4.745106964041875264e-01 0.000000000000000000e+00 6.941283568502502888e-02 0.000000000000000000e+00
3.990000000000000000e+02 1.596028730877383506e-01 5.014792899408283544e-01 4.156804733727810786e-01 0.000000000000000000e+00 8.284023668639053928e-02 0.000000000000000000e+00
4.020000000000000000e+02 1.608028946899018319e-01 5.446062812926718566e-01 3.598088302230313951e-01 1.137915339098771066e-04 9.547109695038688559e-02 0.000000000000000000e+00
4.050000000000000000e+02 1.620029162920650911e-01 5.893263541192534927e-01 3.021165225307237412e-01 3.413746017296313199e-04 1.082157487482931224e-01 0.000000000000000000e+00
4.080000000000000000e+02 1.632029378942285724e-01 6.255120619025944517e-01 2.507965407373691225e-01 4.551661356395084266e-04 1.232362312243969055e-01 0.000000000000000000e+00
4.110000000000000000e+02 1.644029594963920538e-01 6.558944014565316616e-01 2.066454255803368278e-01 4.551661356395084266e-04 1.370050068274920319e-01 0.000000000000000000e+00
4.140000000000000000e+02 1.656029810985555351e-01 6.862767410104688715e-01 1.667045971779699542e-01 7.965407373691396923e-04 1.462221210741920796e-01 0.000000000000000000e+00
4.170000000000000000e+02 1.668030027007190164e-01 7.065316340464269373e-01 1.334774692762858428e-01 4.551661356395084266e-04 1.595357305416477134e-01 0.000000000000000000e+00
4.200000000000000000e+02 1.680030243028824977e-01 7.232589895311788419e-01 1.062812926718252199e-01 1.365498406918525280e-03 1.690942193900773771e-01 0.000000000000000000e+00
4.230000000000000000e+02 1.692030459050457569e-01 7.385070550751023921e-01 8.375056895766955223e-02 1.365498406918525280e-03 1.763768775603095085e-01 0.000000000000000000e+00
4.260000000000000000e+02 1.704030675072092382e-01 7.492034592626308775e-01 6.599908966772871644e-02 2.048247610377787811e-03 1.827492034592626269e-01 0.000000000000000000e+00
4.290000000000000000e+02 1.716030891093727195e-01 7.569412835685025431e-01 5.188893946290396020e-02 2.503413746017296455e-03 1.886663632225762388e-01 0.000000000000000000e+00
4.320000000000000000e+02 1.728031107115362008e-01 7.652480655439235502e-01 4.062357760582612637e-02 3.072371415566681717e-03 1.910559854346836617e-01 0.000000000000000000e+00
4.350000000000000000e+02 1.740031323136996821e-01 7.690031861629494925e-01 3.140646335912607862e-02 3.755120619025944465e-03 1.958352298588985074e-01 0.000000000000000000e+00
4.380000000000000000e+02 1.752031539158631634e-01 7.716203914428766408e-01 2.628584433318160996e-02 3.982703686845699004e-03 1.981110605370960398e-01 0.000000000000000000e+00
4.410000000000000000e+02 1.764031755180264227e-01 7.712790168411469693e-01 2.344105598543468408e-02 4.893035958124715423e-03 2.003868912152935722e-01 0.000000000000000000e+00
4.440000000000000000e+02 1.776031971201899040e-01 7.707100591715976279e-01 2.150659990896677115e-02 4.665452890304961318e-03 2.031178880291306388e-01 0.000000000000000000e+00
4.470000000000000000e+02 1.788032187223533853e-01 7.677514792899408080e-01 2.071005917159763482e-02 5.234410559854347014e-03 2.063040509786071841e-01 0.000000000000000000e+00
4.500000000000000000e+02 1.800032403245168666e-01 7.646791078743740977e-01 2.014110150204824826e-02 7.168866636322257339e-03 2.080109239872553473e-01 0.000000000000000000e+00
4.530000000000000000e+02 1.812032619266803479e-01 7.630860263996358528e-01 2.025489303595812488e-02 9.217114246700046018e-03 2.074419663177059503e-01 0.000000000000000000e+00
4.560000000000000000e+02 1.824032835288438292e-01 7.602412380518889234e-01 2.002730996813837164e-02 1.092398725534820224e-02 2.088074647246244975e-01 0.000000000000000000e+00
4.590000000000000000e+02 1.836033051310073105e-01 7.625170687300865113e-01 2.116522530723714129e-02 1.069640418752844727e-02 2.056213017751479244e-01 0.000000000000000000e+00
4.620000000000000000e+02 1.848033267331705698e-01 7.612653618570778269e-01 1.957214383249886169e-02 1.092398725534820224e-02 2.082385070550751005e-01 0.000000000000000000e+00
4.650000000000000000e+02 1.860033483353340511e-01 7.646791078743740977e-01 1.945835229858898507e-02 1.308602639963586667e-02 2.027765134274009950e-01 0.000000000000000000e+00
4.680000000000000000e+02 1.872033699374975324e-01 7.639963586709148657e-01 2.116522530723714129e-02 1.490669094219390124e-02 1.999317250796540657e-01 0.000000000000000000e+00
4.710000000000000000e+02 1.884033915396610137e-01 7.621756941283568398e-01 2.105143377332726468e-02 1.706873008648156567e-02 1.997041420118343125e-01 0.000000000000000000e+00
4.740000000000000000e+02 1.896034131418244950e-01 7.620619025944469493e-01 2.230314064633591095e-02 1.752389622212107562e-02 1.981110605370960398e-01 0.000000000000000000e+00
4.770000000000000000e+02 1.908034347439879763e-01 7.644515248065544277e-01 2.423759672280382388e-02 1.877560309512972189e-02 1.925352753755120716e-01 0.000000000000000000e+00
4.800000000000000000e+02 1.920034563461512356e-01 7.639963586709148657e-01 2.378243058716431393e-02 2.093764223941738806e-02 1.912835685025034149e-01 0.000000000000000000e+00
4.830000000000000000e+02 1.932034779483147169e-01 7.641101502048247562e-01 2.389622212107419055e-02 2.389622212107419055e-02 1.880974055530268418e-01 0.000000000000000000e+00
4.860000000000000000e+02 1.944034995504781982e-01 7.644515248065544277e-01 2.560309512972235024e-02 2.492034592626308706e-02 1.850250341374601593e-01 0.000000000000000000e+00
4.890000000000000000e+02 1.956035211526416795e-01 7.746927628584433512e-01 2.492034592626308706e-02 2.628584433318160996e-02 1.741010468821119761e-01 0.000000000000000000e+00
4.920000000000000000e+02 1.968035427548051608e-01 7.776513427401001710e-01 2.708238507055074976e-02 2.799271734182976618e-02 1.672735548475193512e-01 0.000000000000000000e+00
4.950000000000000000e+02 1.980035643569686421e-01 7.779927173418297315e-01 2.787892580791988956e-02 2.856167501137915274e-02 1.655666818388711881e-01 0.000000000000000000e+00
4.980000000000000000e+02 1.992035859591319014e-01 7.820892125625853453e-01 2.833409194355939950e-02 3.186162949476559203e-02 1.577150659990896597e-01 0.000000000000000000e+00
5.010000000000000000e+02 2.004036075612953827e-01 7.868684569868001910e-01 3.060992262175694228e-02 3.345471096950387163e-02 1.490669094219390090e-01 0.000000000000000000e+00
5.040000000000000000e+02 2.016036291634588640e-01 7.885753299954483264e-01 3.106508875739644876e-02 3.561675011379153433e-02 1.447428311333636697e-01 0.000000000000000000e+00
5.070000000000000000e+02 2.028036507656223453e-01 7.910787437414655843e-01 3.174783796085571541e-02 3.686845698680018407e-02 1.403049613108784677e-01 0.000000000000000000e+00
5.100000000000000000e+02 2.040036723677858266e-01 7.911925352753754748e-01 3.197542102867546865e-02 4.062357760582612637e-02 1.362084660901228816e-01 0.000000000000000000e+00
5.130000000000000000e+02 2.052036939699493079e-01 7.926718252162039402e-01 3.277196176604460498e-02 4.233045061447428259e-02 1.322257624032771861e-01 0.000000000000000000e+00
5.160000000000000000e+02 2.064037155721125671e-01 7.961993627674101015e-01 3.390987710514337811e-02 4.324078288575330248e-02 1.266499772416932179e-01 0.000000000000000000e+00
5.190000000000000000e+02 2.076037371742760484e-01 8.010923987255348377e-01 3.470641784251251444e-02 4.324078288575330248e-02 1.209604005461993592e-01 0.000000000000000000e+00
5.220000000000000000e+02 2.088037587764395298e-01 8.090578060992261733e-01 3.584433318161128756e-02 4.517523896222121194e-02 1.099226217569412856e-01 0.000000000000000000e+00
5.250000000000000000e+02 2.100037803786030111e-01 8.120163859808829931e-01 3.857532999544834029e-02 4.631315430131998506e-02 1.030951297223486607e-01 0.000000000000000000e+00
5.280000000000000000e+02 2.112038019807664924e-01 8.172507965407374009e-01 3.971324533454710648e-02 4.528903049613108855e-02 9.774692762858443185e-02 0.000000000000000000e+00
5.310000000000000000e+02 2.124038235829299737e-01 8.197542102867546587e-01 3.959945380063722986e-02 4.710969503868912139e-02 9.353664087391898307e-02 0.000000000000000000e+00
5.340000000000000000e+02 2.136038451850934550e-01 8.216886663632225751e-01 3.937187073281747662e-02 4.847519344560764776e-02 9.046426945835230049e-02 0.000000000000000000e+00
5.370000000000000000e+02 2.148038667872567142e-01 8.246472462448793950e-01 4.050978607191624975e-02 4.904415111515703085e-02 8.579881656804733137e-02 0.000000000000000000e+00
5.400000000000000000e+02 2.160038883894201955e-01 8.245334547109695045e-01 4.119253527537550946e-02 5.029585798816568060e-02 8.397815202548930547e-02 0.000000000000000000e+00
5.430000000000000000e+02 2.172039099915836768e-01 8.266954938552572019e-01 4.164770141101502288e-02 5.109239872553481693e-02 8.056440600819299303e-02 0.000000000000000000e+00
5.460000000000000000e+02 2.184039315937471581e-01 8.265817023213473114e-01 4.312699135184342586e-02 4.972690031861629750e-02 8.056440600819299303e-02 0.000000000000000000e+00
5.490000000000000000e+02 2.196039531959106395e-01 8.273782430587164338e-01 4.437869822485206867e-02 5.120619025944470049e-02 7.703686845698680397e-02 0.000000000000000000e+00
5.520000000000000000e+02 2.208039747980741208e-01 8.312471552116522666e-01 4.494765589440145870e-02 5.154756486117433034e-02 7.225762403277195822e-02 0.000000000000000000e+00
5.550000000000000000e+02 2.220039964002373800e-01 8.335229858898497435e-01 4.506144742831133532e-02 5.029585798816568060e-02 7.111970869367319203e-02 0.000000000000000000e+00
5.580000000000000000e+02 2.232040180024008613e-01 8.385298133818843702e-01 4.380974055530268557e-02 5.063723258989531045e-02 6.702321347291761988e-02 0.000000000000000000e+00
5.610000000000000000e+02 2.244040396045643426e-01 8.365953573054164538e-01 4.403732362312243881e-02 5.359581247155211642e-02 6.577150659990896320e-02 0.000000000000000000e+00
5.640000000000000000e+02 2.256040612067278239e-01 8.365953573054164538e-01 4.574419663177059503e-02 5.359581247155211642e-02 6.406463359126081392e-02 0.000000000000000000e+00
5.670000000000000000e+02 2.268040828088913052e-01 8.386436049157942607e-01 4.494765589440145870e-02 5.336822940373236318e-02 6.304050978607191047e-02 0.000000000000000000e+00
5.700000000000000000e+02 2.280041044110547865e-01 8.423987255348202030e-01 4.426490669094219205e-02 5.370960400546199304e-02 5.962676376877560497e-02 0.000000000000000000e+00
5.730000000000000000e+02 2.292041260132180458e-01 8.410332271279017391e-01 4.506144742831133532e-02 5.575785161583977911e-02 5.814747382794720199e-02 0.000000000000000000e+00
5.760000000000000000e+02 2.304041476153815271e-01 8.385298133818843702e-01 4.733727810650887463e-02 5.689576695493855224e-02 5.723714155666818210e-02 0.000000000000000000e+00
5.790000000000000000e+02 2.316041692175450084e-01 8.394401456531633832e-01 4.779244424214838111e-02 5.746472462448793533e-02 5.530268548020027264e-02 0.000000000000000000e+00
5.820000000000000000e+02 2.328041908197084897e-01 8.421711424670004220e-01 4.608557123350022489e-02 5.655439235320892238e-02 5.518889394629039602e-02 0.000000000000000000e+00
5.850000000000000000e+02 2.340042124218719710e-01 8.420573509330905315e-01 4.699590350477924477e-02 5.632680928538916915e-02 5.461993627674101293e-02 0.000000000000000000e+00
5.880000000000000000e+02 2.352042340240354523e-01 8.423987255348202030e-01 4.699590350477924477e-02 5.564406008192990249e-02 5.496131087847064278e-02 0.000000000000000000e+00
5.910000000000000000e+02 2.364042556261987116e-01 8.427401001365498745e-01 4.813381884387801790e-02 5.689576695493855224e-02 5.223031406463359005e-02 0.000000000000000000e+00
5.940000000000000000e+02 2.376042772283621929e-01 8.418297678652708615e-01 4.984069185252617412e-02 5.791989076012744875e-02 5.040964952207555722e-02 0.000000000000000000e+00
5.970000000000000000e+02 2.388042988305256742e-01 8.444469731451980099e-01 4.995448338643605074e-02 5.791989076012744875e-02 4.767865270823850449e-02 0.000000000000000000e+00
6.000000000000000000e+02 2.400043204326891555e-01 8.420573509330905315e-01 5.302685480200273332e-02 5.985434683659535821e-02 4.506144742831133532e-02 0.000000000000000000e+00
6.030000000000000000e+02 2.412043420348526368e-01 8.429676832043695445e-01 5.234410559854346667e-02 6.121984524351388457e-02 4.346836595357305572e-02 0.000000000000000000e+00
6.060000000000000000e+02 2.424043636370161181e-01 8.405780609922621771e-01 5.416477014110149951e-02 6.201638598088302090e-02 4.324078288575330248e-02 0.000000000000000000e+00
6.090000000000000000e+02 2.436043852391795994e-01 8.434228493400091065e-01 5.507510241238051940e-02 6.019572143832498806e-02 4.130632680928538608e-02 0.000000000000000000e+00
6.120000000000000000e+02 2.448044068413428587e-01 8.452435138825671324e-01 5.416477014110149951e-02 6.042330450614474130e-02 4.016841147018661989e-02 0.000000000000000000e+00
6.150000000000000000e+02 2.460044284435063400e-01 8.422849340009103125e-01 5.632680928538916915e-02 6.178880291306326766e-02 3.959945380063722986e-02 0.000000000000000000e+00
6.180000000000000000e+02 2.472044500456698213e-01 8.402366863905325056e-01 5.712335002275830548e-02 6.235776058261265076e-02 4.028220300409649651e-02 0.000000000000000000e+00
6.210000000000000000e+02 2.484044716478333026e-01 8.431952662721893255e-01 5.735093309057805872e-02 6.008192990441511144e-02 3.937187073281747662e-02 0.000000000000000000e+00
6.240000000000000000e+02 2.496044932499967839e-01 8.455848884842968038e-01 5.700955848884842886e-02 6.076467910787437116e-02 3.664087391898043083e-02 0.000000000000000000e+00
6.270000000000000000e+02 2.508045148521602652e-01 8.442193900773782289e-01 5.723714155666818210e-02 6.338188438780155420e-02 3.516158397815202785e-02 0.000000000000000000e+00
6.300000000000000000e+02 2.520045364543235245e-01 8.426263086026399840e-01 5.814747382794720199e-02 6.235776058261265076e-02 3.686845698680018407e-02 0.000000000000000000e+00
6.330000000000000000e+02 2.532045580564870058e-01 8.433090578060992160e-01 5.666818388711879900e-02 6.326809285389166371e-02 3.675466545289030745e-02 0.000000000000000000e+00
6.360000000000000000e+02 2.544045796586504871e-01 8.435366408739189970e-01 5.518889394629039602e-02 6.577150659990896320e-02 3.550295857988165771e-02 0.000000000000000000e+00
6.390000000000000000e+02 2.556046012608139684e-01 8.439918070095584479e-01 5.484751934456076616e-02 6.588529813381883982e-02 3.527537551206190447e-02 0.000000000000000000e+00
6.420000000000000000e+02 2.568046228629774497e-01 8.444469731451980099e-01 5.427856167501137613e-02 6.611288120163859305e-02 3.516158397815202785e-02 0.000000000000000000e+00
6.450000000000000000e+02 2.580046444651409310e-01 8.471779699590350488e-01 5.382339553937186966e-02 6.474738279472007363e-02 3.425125170687300796e-02 0.000000000000000000e+00
6.480000000000000000e+02 2.592046660673041902e-01 8.486572598998634032e-01 5.473372781065088954e-02 6.531634046426945672e-02 3.129267182521620200e-02 0.000000000000000000e+00
6.510000000000000000e+02 2.604046876694676715e-01 8.483158852981338427e-01 5.564406008192990249e-02 6.565771506599908658e-02 3.038233955393718558e-02 0.000000000000000000e+00
6.540000000000000000e+02 2.616047092716311528e-01 8.478607191624942807e-01 5.678197542102867562e-02 6.622667273554846967e-02 2.913063268092853930e-02 0.000000000000000000e+00
6.570000000000000000e+02 2.628047308737946341e-01 8.493400091033227461e-01 5.757851615839781195e-02 6.690942193900774326e-02 2.617205279927173334e-02 0.000000000000000000e+00
6.600000000000000000e+02 2.640047524759581155e-01 8.450159308147473514e-01 5.974055530268548159e-02 6.873008648156576916e-02 2.651342740100136666e-02 0.000000000000000000e+00
6.630000000000000000e+02 2.652047740781215968e-01 8.450159308147473514e-01 5.917159763313609155e-02 6.861629494765589254e-02 2.719617660446062984e-02 0.000000000000000000e+00
6.660000000000000000e+02 2.664047956802848560e-01 8.445607646791079004e-01 6.042330450614474130e-02 6.918525261720527564e-02 2.583067819754210348e-02 0.000000000000000000e+00
6.690000000000000000e+02 2.676048172824483373e-01 8.425125170687300935e-01 5.826126536185707860e-02 7.248520710059171146e-02 2.674101046882111990e-02 0.000000000000000000e+00
6.720000000000000000e+02 2.688048388846118186e-01 8.461538461538461453e-01 5.655439235320892238e-02 7.271279016841146470e-02 2.457897132453345374e-02 0.000000000000000000e+00
6.750000000000000000e+02 2.700048604867752999e-01 8.480883022303140617e-01 5.575785161583977911e-02 7.157487482931269851e-02 2.457897132453345374e-02 0.000000000000000000e+00
6.780000000000000000e+02 2.712048820889387812e-01 8.474055530268548297e-01 5.609922621756941591e-02 7.350933090578061491e-02 2.298588984979517413e-02 0.000000000000000000e+00
6.810000000000000000e+02 2.724049036911022625e-01 8.466090122894857073e-01 5.644060081929904577e-02 7.419208010923987462e-02 2.275830678197542090e-02 0.000000000000000000e+00
