# itime ezz other fcc hcp bcc ico
0.000000000000000000e+00 0.000000000000000000e+00 1.706873008648156654e-03 9.982931269913518646e-01 0.000000000000000000e+00 0.000000000000000000e+00 0.000000000000000000e+00
2.500000000000000000e+02 1.000021231556624812e-03 9.103322712790168532e-04 9.990896677287209870e-01 0.000000000000000000e+00 0.000000000000000000e+00 0.000000000000000000e+00
5.000000000000000000e+02 2.000042463113249624e-03 5.689576695493854790e-04 9.994310423304506585e-01 0.000000000000000000e+00 0.000000000000000000e+00 0.000000000000000000e+00
7.500000000000000000e+02 3.000063694670096481e-03 3.413746017296313199e-04 9.996586253982703285e-01 0.000000000000000000e+00 0.000000000000000000e+00 0.000000000000000000e+00
1.000000000000000000e+03 4.000084926226721294e-03 9.103322712790168532e-04 9.990896677287209870e-01 0.000000000000000000e+00 0.000000000000000000e+00 0.000000000000000000e+00
1.250000000000000000e+03 5.000106157783346106e-03 1.479289940828402332e-03 9.985207100591716456e-01 0.000000000000000000e+00 0.000000000000000000e+00 0.000000000000000000e+00
1.500000000000000000e+03 6.000127389339970918e-03 9.103322712790168532e-04 9.990896677287209870e-01 0.000000000000000000e+00 0.000000000000000000e+00 0.000000000000000000e+00
1.750000000000000000e+03 7.000148620896817775e-03 3.413746017296313199e-04 9.996586253982703285e-01 0.000000000000000000e+00 0.000000000000000000e+00 0.000000000000000000e+00
2.000000000000000000e+03 8.000169852453442587e-03 7.965407373691396923e-04 9.992034592626308775e-01 0.000000000000000000e+00 0.000000000000000000e+00 0.000000000000000000e+00
2.250000000000000000e+03 9.000191084010067399e-03 1.251706873008648227e-03 9.987482931269913156e-01 0.000000000000000000e+00 0.000000000000000000e+00 0.000000000000000000e+00
2.500000000000000000e+03 1.000021231556669221e-02 1.251706873008648227e-03 9.987482931269913156e-01 0.000000000000000000e+00 0.000000000000000000e+00 0.000000000000000000e+00
2.750000000000000000e+03 1.100023354712331702e-02 1.365498406918525280e-03 9.986345015930814251e-01 0.000000000000000000e+00 0.000000000000000000e+00 0.000000000000000000e+00
3.000000000000000000e+03 1.200025477868016388e-02 1.706873008648156654e-03 9.982931269913518646e-01 0.000000000000000000e+00 0.000000000000000000e+00 0.000000000000000000e+00
3.250000000000000000e+03 1.300027601023678869e-02 2.844788347746927612e-03 9.971552116522530707e-01 0.000000000000000000e+00 0.000000000000000000e+00 0.000000000000000000e+00
3.500000000000000000e+03 1.400029724179341351e-02 1.137915339098770958e-03 9.987482931269913156e-01 0.000000000000000000e+00 1.137915339098771066e-04 0.000000000000000000e+00
3.750000000000000000e+03 1.500031847335003832e-02 1.706873008648156654e-03 9.982931269913518646e-01 0.000000000000000000e+00 0.000000000000000000e+00 0.000000000000000000e+00
4.000000000000000000e+03 1.600033970490688517e-02 2.162039144287664864e-03 9.978379608557123026e-01 0.000000000000000000e+00 0.000000000000000000e+00 0.000000000000000000e+00
4.250000000000000000e+03 1.700036093646350999e-02 9.103322712790168532e-04 9.990896677287209870e-01 0.000000000000000000e+00 0.000000000000000000e+00 0.000000000000000000e+00
4.500000000000000000e+03 1.800038216802013480e-02 2.503413746017296455e-03 9.974965862539827421e-01 0.000000000000000000e+00 0.000000000000000000e+00 0.000000000000000000e+00
4.750000000000000000e+03 1.900040339957675961e-02 2.389622212107419402e-03 9.976103777878926326e-01 0.000000000000000000e+00 0.000000000000000000e+00 0.000000000000000000e+00
5.000000000000000000e+03 2.000042463113360647e-02 2.730996813837050560e-03 9.972690031861629611e-01 0.000000000000000000e+00 0.000000000000000000e+00 0.000000000000000000e+00
5.250000000000000000e+03 2.100044586269023128e-02 2.275830678197541916e-03 9.977241693218024121e-01 0.000000000000000000e+00 0.000000000000000000e+00 0.000000000000000000e+00
5.500000000000000000e+03 2.200046709424685609e-02 1.593081474738279385e-03 9.982931269913518646e-01 0.000000000000000000e+00 1.137915339098771066e-04 0.000000000000000000e+00
5.750000000000000000e+03 2.300048832580348090e-02 2.162039144287664864e-03 9.978379608557123026e-01 0.000000000000000000e+00 0.000000000000000000e+00 0.000000000000000000e+00
6.000000000000000000e+03 2.400050955736010572e-02 1.593081474738279385e-03 9.984069185252617551e-01 0.000000000000000000e+00 0.000000000000000000e+00 0.000000000000000000e+00
6.250000000000000000e+03 2.500053078891695257e-02 2.275830678197541916e-03 9.976103777878926326e-01 0.000000000000000000e+00 1.137915339098771066e-04 0.000000000000000000e+00
6.500000000000000000e+03 2.600055202047357739e-02 1.365498406918525280e-03 9.986345015930814251e-01 0.000000000000000000e+00 0.000000000000000000e+00 0.000000000000000000e+00
6.750000000000000000e+03 2.700057325203020220e-02 3.982703686845699004e-03 9.960172963131542767e-01 0.000000000000000000e+00 0.000000000000000000e+00 0.000000000000000000e+00
7.000000000000000000e+03 2.800059448358682701e-02 2.844788347746927612e-03 9.970414201183431802e-01 0.000000000000000000e+00 1.137915339098771066e-04 0.000000000000000000e+00
7.250000000000000000e+03 2.900061571514367387e-02 5.348202093764223633e-03 9.943104233045061413e-01 0.000000000000000000e+00 3.413746017296313199e-04 0.000000000000000000e+00
7.500000000000000000e+03 3.000063694670029868e-02 7.282658170232134826e-03 9.926035502958580059e-01 0.000000000000000000e+00 1.137915339098771066e-04 0.000000000000000000e+00
7.750000000000000000e+03 3.100065817825692349e-02 5.120619025944469528e-03 9.947655894401457033e-01 0.000000000000000000e+00 1.137915339098771066e-04 0.000000000000000000e+00
8.000000000000000000e+03 3.200067940981354830e-02 5.348202093764223633e-03 9.945380063723259223e-01 0.000000000000000000e+00 1.137915339098771066e-04 0.000000000000000000e+00
8.250000000000000000e+03 3.300070064137017312e-02 3.072371415566681717e-03 9.969276285844332897e-01 0.000000000000000000e+00 0.000000000000000000e+00 0.000000000000000000e+00
8.500000000000000000e+03 3.400072187292701997e-02 3.982703686845699004e-03 9.960172963131542767e-01 0.000000000000000000e+00 0.000000000000000000e+00 0.000000000000000000e+00
8.750000000000000000e+03 3.500074310448364479e-02 5.006827492034592909e-03 9.947655894401457033e-01 0.000000000000000000e+00 2.275830678197542133e-04 0.000000000000000000e+00
9.000000000000000000e+03 3.600076433604026960e-02 6.030951297223486815e-03 9.937414656349567998e-01 0.000000000000000000e+00 2.275830678197542133e-04 0.000000000000000000e+00
9.250000000000000000e+03 3.700078556759689441e-02 7.055075102412380721e-03 9.926035502958580059e-01 0.000000000000000000e+00 3.413746017296313199e-04 0.000000000000000000e+00
9.500000000000000000e+03 3.800080679915374127e-02 6.372325898953117539e-03 9.935138825671370189e-01 0.000000000000000000e+00 1.137915339098771066e-04 0.000000000000000000e+00
9.750000000000000000e+03 3.900082803071036608e-02 7.282658170232134826e-03 9.926035502958580059e-01 0.000000000000000000e+00 1.137915339098771066e-04 0.000000000000000000e+00
1.000000000000000000e+04 4.000084926226699089e-02 7.510241238051888930e-03 9.924897587619481154e-01 0.000000000000000000e+00 0.000000000000000000e+00 0.000000000000000000e+00
1.025000000000000000e+04 4.100087049382361570e-02 9.330905780609922637e-03 9.901001365498406370e-01 0.000000000000000000e+00 5.689576695493854790e-04 0.000000000000000000e+00
1.050000000000000000e+04 4.200089172538024052e-02 8.306781975421027864e-03 9.915794264906691025e-01 0.000000000000000000e+00 1.137915339098771066e-04 0.000000000000000000e+00
1.075000000000000000e+04 4.300091295693708737e-02 9.103322712790167665e-03 9.908966772872098705e-01 0.000000000000000000e+00 0.000000000000000000e+00 0.000000000000000000e+00
1.100000000000000000e+04 4.400093418849371218e-02 8.192990441511151245e-03 9.914656349567592120e-01 0.000000000000000000e+00 3.413746017296313199e-04 0.000000000000000000e+00
1.125000000000000000e+04 4.500095542005033700e-02 1.160673645880746542e-02 9.879380974055530507e-01 0.000000000000000000e+00 4.551661356395084266e-04 0.000000000000000000e+00
1.150000000000000000e+04 4.600097665160696181e-02 1.149294492489758707e-02 9.881656804733728316e-01 0.000000000000000000e+00 3.413746017296313199e-04 0.000000000000000000e+00
1.175000000000000000e+04 4.700099788316380867e-02 1.479289940828402289e-02 9.848657259899863403e-01 0.000000000000000000e+00 3.413746017296313199e-04 0.000000000000000000e+00
1.200000000000000000e+04 4.800101911472043348e-02 1.081019572143832562e-02 9.885070550751023921e-01 0.000000000000000000e+00 6.827492034592626399e-04 0.000000000000000000e+00
1.225000000000000000e+04 4.900104034627705829e-02 1.263086026399635846e-02 9.862312243969049153e-01 0.000000000000000000e+00 1.137915339098770958e-03 0.000000000000000000e+00
1.250000000000000000e+04 5.000106157783368310e-02 1.479289940828402289e-02 9.848657259899863403e-01 0.000000000000000000e+00 3.413746017296313199e-04 0.000000000000000000e+00
1.275000000000000000e+04 5.100108280939052996e-02 1.593081474738279601e-02 9.832726445152480954e-01 0.000000000000000000e+00 7.965407373691396923e-04 0.000000000000000000e+00
1.300000000000000000e+04 5.200110404094715477e-02 2.218934911242603433e-02 9.772416932180245652e-01 0.000000000000000000e+00 5.689576695493854790e-04 0.000000000000000000e+00
1.325000000000000000e+04 5.300112527250377958e-02 2.093764223941738806e-02 9.783796085571233592e-01 0.000000000000000000e+00 6.827492034592626399e-04 0.000000000000000000e+00
1.350000000000000000e+04 5.400114650406040440e-02 1.923076923076923184e-02 9.800864815657714946e-01 0.000000000000000000e+00 6.827492034592626399e-04 0.000000000000000000e+00
1.375000000000000000e+04 5.500116773561702921e-02 1.786527082385070547e-02 9.811106053709603980e-01 0.000000000000000000e+00 1.024123805188893906e-03 0.000000000000000000e+00
1.400000000000000000e+04 5.600118896717387607e-02 1.695493855257168905e-02 9.824761037778789730e-01 0.000000000000000000e+00 5.689576695493854790e-04 0.000000000000000000e+00
1.425000000000000000e+04 5.700121019873050088e-02 2.127901684114701791e-02 9.780382339553936877e-01 0.000000000000000000e+00 6.827492034592626399e-04 0.000000000000000000e+00
1.450000000000000000e+04 5.800123143028712569e-02 1.832043695949021542e-02 9.808830223031406170e-01 0.000000000000000000e+00 7.965407373691396923e-04 0.000000000000000000e+00
1.475000000000000000e+04 5.900125266184375050e-02 2.514792899408284030e-02 9.746244879380974169e-01 0.000000000000000000e+00 2.275830678197542133e-04 0.000000000000000000e+00
1.500000000000000000e+04 6.000127389340059736e-02 2.571688666363222686e-02 9.730314064633591720e-01 0.000000000000000000e+00 1.251706873008648227e-03 0.000000000000000000e+00
1.525000000000000000e+04 6.100129512495722217e-02 2.674101046882111990e-02 9.715521165225307065e-01 0.000000000000000000e+00 1.706873008648156654e-03 0.000000000000000000e+00
1.550000000000000000e+04 6.200131635651384698e-02 2.389622212107419055e-02 9.745106964041875264e-01 0.000000000000000000e+00 1.593081474738279385e-03 0.000000000000000000e+00
1.575000000000000000e+04 6.300133758807047180e-02 3.789258079198907364e-02 9.608557123350022211e-01 0.000000000000000000e+00 1.251706873008648227e-03 0.000000000000000000e+00
1.600000000000000000e+04 6.400135881962709661e-02 3.299954483386435822e-02 9.650659990896677254e-01 0.000000000000000000e+00 1.934456076467910759e-03 0.000000000000000000e+00
1.625000000000000000e+04 6.500138005118394346e-02 3.231679563040509851e-02 9.651797906235776159e-01 0.000000000000000000e+00 2.503413746017296455e-03 0.000000000000000000e+00
1.650000000000000000e+04 6.600140128274056828e-02 3.527537551206190447e-02 9.632453345471096995e-01 0.000000000000000000e+00 1.479289940828402332e-03 0.000000000000000000e+00
1.675000000000000000e+04 6.700142251429719309e-02 3.925807919890760000e-02 9.586936731907146347e-01 0.000000000000000000e+00 2.048247610377787811e-03 0.000000000000000000e+00
1.700000000000000000e+04 6.800144374585381790e-02 4.779244424214838111e-02 9.490213928083750528e-01 0.000000000000000000e+00 3.186162949476558769e-03 0.000000000000000000e+00
1.725000000000000000e+04 6.900146497741066476e-02 4.551661356395084179e-02 9.525489303595812141e-01 0.000000000000000000e+00 1.934456076467910759e-03 0.000000000000000000e+00
1.750000000000000000e+04 7.000148620896728957e-02 5.245789713245334329e-02 9.451524806554392200e-01 0.000000000000000000e+00 2.389622212107419402e-03 0.000000000000000000e+00
1.775000000000000000e+04 7.100150744052391438e-02 5.644060081929904577e-02 9.396904870277651423e-01 0.000000000000000000e+00 3.868912152935821518e-03 0.000000000000000000e+00
1.800000000000000000e+04 7.200152867208053920e-02 5.883022303140646170e-02 9.363905325443786509e-01 0.000000000000000000e+00 4.779244424214838804e-03 0.000000000000000000e+00
1.825000000000000000e+04 7.300154990363716401e-02 6.622667273554846967e-02 9.288802913063267663e-01 0.000000000000000000e+00 4.893035958124715423e-03 0.000000000000000000e+00
1.850000000000000000e+04 7.400157113519401086e-02 6.531634046426945672e-02 9.286527082385070964e-01 0.000000000000000000e+00 6.030951297223486815e-03 0.000000000000000000e+00
1.875000000000000000e+04 7.500159236675063568e-02 6.383705052344106068e-02 9.322940373236231482e-01 0.000000000000000000e+00 3.868912152935821518e-03 0.000000000000000000e+00
1.900000000000000000e+04 7.600161359830726049e-02 7.328174783796086167e-02 9.218252162039144437e-01 0.000000000000000000e+00 4.893035958124715423e-03 0.000000000000000000e+00
1.925000000000000000e+04 7.700163482986388530e-02 9.126081019572143682e-02 8.987255348202093375e-01 0.000000000000000000e+00 1.001365498406918582e-02 0.000000000000000000e+00
1.950000000000000000e+04 7.800165606142073216e-02 7.783340919435594030e-02 9.160218479745106945e-01 0.000000000000000000e+00 6.144742831133363434e-03 0.000000000000000000e+00
1.975000000000000000e+04 7.900167729297735697e-02 8.579881656804733137e-02 9.065771506599908935e-01 0.000000000000000000e+00 7.624032771961766417e-03 0.000000000000000000e+00
2.000000000000000000e+04 8.000169852453398178e-02 1.106053709604005453e-01 8.784706417842512716e-01 0.000000000000000000e+00 1.092398725534820224e-02 0.000000000000000000e+00
2.025000000000000000e+04 8.100171975609060659e-02 1.091260810195721492e-01 8.822257624032772139e-01 0.000000000000000000e+00 8.648156577150659455e-03 0.000000000000000000e+00
2.050000000000000000e+04 8.200174098764745345e-02 1.191397360036413333e-01 8.595812471552116696e-01 0.000000000000000000e+00 2.127901684114701791e-02 0.000000000000000000e+00
2.075000000000000000e+04 8.300176221920407826e-02 1.217569412835685094e-01 8.536640873918980299e-01 2.275830678197542133e-04 2.435138825671370050e-02 0.000000000000000000e+00
2.100000000000000000e+04 8.400178345076070308e-02 1.694355939918070209e-01 7.801547564861174289e-01 2.275830678197542133e-04 5.018206645425580398e-02 0.000000000000000000e+00
2.125000000000000000e+04 8.500180468231732789e-02 2.060764679107874309e-01 7.156349567592170668e-01 6.827492034592626399e-04 7.760582612653618706e-02 0.000000000000000000e+00
2.150000000000000000e+04 8.600182591387395270e-02 2.101729631315430169e-01 6.614701866181156298e-01 2.730996813837050560e-03 1.256258534365043145e-01 0.000000000000000000e+00
2.175000000000000000e+04 8.700184714543079956e-02 2.304278561675011383e-01 5.603095129722348577e-01 5.689576695493855224e-03 2.035730541647701453e-01 0.000000000000000000e+00
2.200000000000000000e+04 8.800186837698742437e-02 2.588757396449704040e-01 4.938552571688666348e-01 3.345471096950387163e-02 2.138142922166590687e-01 0.000000000000000000e+00
2.225000000000000000e+04 8.900188960854404918e-02 2.702548930359581214e-01 4.723486572598998845e-01 7.396449704142012138e-02 1.834319526627218866e-01 0.000000000000000000e+00
2.250000000000000000e+04 9.000191084010067399e-02 2.506827492034592875e-01 4.693900773782430647e-01 1.465634956759217233e-01 1.333636777423759801e-01 0.000000000000000000e+00
2.275000000000000000e+04 9.100193207165752085e-02 2.287209831588529751e-01 4.956759217114246607e-01 1.933318161128811941e-01 8.227127901684114231e-02 0.000000000000000000e+00
2.300000000000000000e+04 9.200195330321414566e-02 2.101729631315430169e-01 4.964724624487937832e-01 2.041420118343195145e-01 8.921256258534364381e-02 0.000000000000000000e+00
2.325000000000000000e+04 9.300197453477077048e-02 1.929904415111515781e-01 4.901001365498406925e-01 2.266727355484751960e-01 9.023668639053254725e-02 0.000000000000000000e+00
2.350000000000000000e+04 9.400199576632739529e-02 1.878698224852070886e-01 4.772416932180245652e-01 2.378243058716431602e-01 9.706417842512517213e-02 0.000000000000000000e+00
2.375000000000000000e+04 9.500201699788402010e-02 1.860491579426490627e-01 4.772416932180245652e-01 2.505689576695493970e-01 8.614019116977697510e-02 0.000000000000000000e+00
2.400000000000000000e+04 9.600203822944086696e-02 1.850250341374601593e-01 4.697314519799726806e-01 2.550068274920345712e-01 9.023668639053254725e-02 0.000000000000000000e+00
2.425000000000000000e+04 9.700205946099749177e-02 1.800182066454255880e-01 4.708693673190714746e-01 2.657032316795630567e-01 8.340919435593992237e-02 0.000000000000000000e+00
2.450000000000000000e+04 9.800208069255411658e-02 1.678425125170687204e-01 4.762175694128356618e-01 2.836822940373236457e-01 7.225762403277195822e-02 0.000000000000000000e+00
2.475000000000000000e+04 9.900210192411074139e-02 1.678425125170687204e-01 4.747382794720073074e-01 2.858443331816112876e-01 7.157487482931269851e-02 0.000000000000000000e+00
2.500000000000000000e+04 1.000021231556675883e-01 1.456531634046426826e-01 4.772416932180245652e-01 2.941511151570322946e-01 8.295402822030041590e-02 0.000000000000000000e+00
2.525000000000000000e+04 1.010021443872242131e-01 1.560081929904415243e-01 4.611970869367318926e-01 2.940373236231224596e-01 8.875739644970413733e-02 0.000000000000000000e+00
2.550000000000000000e+04 1.020021656187808379e-01 1.528220300409649512e-01 4.597177969959034827e-01 3.117888029130632677e-01 7.567137005006827066e-02 0.000000000000000000e+00
2.575000000000000000e+04 1.030021868503374627e-01 1.527082385070550885e-01 4.528903049613108855e-01 3.073509330905780379e-01 8.705052344105598805e-02 0.000000000000000000e+00
2.600000000000000000e+04 1.040022080818940875e-01 1.561219845243513871e-01 4.549385525716886924e-01 3.096267637687756258e-01 7.931269913518433634e-02 0.000000000000000000e+00
2.625000000000000000e+04 1.050022293134509344e-01 1.558944014565316338e-01 4.578971324533454568e-01 3.120163859808830487e-01 7.419208010923987462e-02 0.000000000000000000e+00
2.650000000000000000e+04 1.060022505450075592e-01 1.570323167956304000e-01 4.461766044606281234e-01 3.063268092853891900e-01 9.046426945835230049e-02 0.000000000000000000e+00
2.675000000000000000e+04 1.070022717765641840e-01 1.736458807464724696e-01 4.201183431952662528e-01 3.099681383705052418e-01 9.626763768775603580e-02 0.000000000000000000e+00
2.700000000000000000e+04 1.080022930081208088e-01 1.810423304506144637e-01 4.111288120163859583e-01 2.983614019116977434e-01 1.094674556213017791e-01 0.000000000000000000e+00
2.725000000000000000e+04 1.090023142396776556e-01 1.945835229858898507e-01 4.069185252617205095e-01 3.053026854802002865e-01 9.319526627218935322e-02 0.000000000000000000e+00
2.750000000000000000e+04 1.100023354712342805e-01 1.958352298588985074e-01 4.050978607191624836e-01 3.072371415566682029e-01 9.182976786527081992e-02 0.000000000000000000e+00
2.775000000000000000e+04 1.110023567027909053e-01 1.939007737824305910e-01 4.063495675921711681e-01 3.100819299044151323e-01 8.966772872098316416e-02 0.000000000000000000e+00
2.800000000000000000e+04 1.120023779343475301e-01 2.097177969959035104e-01 3.750568957669549452e-01 2.993855257168866468e-01 1.158397815202548975e-01 0.000000000000000000e+00
2.825000000000000000e+04 1.130023991659043769e-01 2.123350022758306865e-01 3.733500227583067543e-01 3.026854802002730827e-01 1.116294947655894348e-01 0.000000000000000000e+00
2.850000000000000000e+04 1.140024203974610018e-01 2.119936276741010428e-01 3.883705052344105790e-01 3.147473827947200875e-01 8.488848429676831842e-02 0.000000000000000000e+00
2.875000000000000000e+04 1.150024416290176266e-01 2.015248065543923661e-01 4.250113791533909890e-01 3.034820209376422606e-01 6.998179335457442585e-02 0.000000000000000000e+00
2.900000000000000000e+04 1.160024628605742514e-01 1.870732817478379661e-01 4.350250341374601870e-01 3.294264906690942407e-01 4.847519344560764776e-02 0.000000000000000000e+00
2.925000000000000000e+04 1.170024840921308762e-01 1.890077378243058825e-01 4.192080109239872399e-01 3.459262630860264198e-01 4.585798816568047165e-02 0.000000000000000000e+00
2.950000000000000000e+04 1.180025053236877230e-01 1.731907146108329631e-01 4.318388711879836417e-01 3.599226217569412856e-01 3.504779244424215123e-02 0.000000000000000000e+00
2.975000000000000000e+04 1.190025265552443479e-01 1.709148839326354030e-01 4.202321347291761433e-01 3.749431042330450548e-01 3.390987710514337811e-02 0.000000000000000000e+00
3.000000000000000000e+04 1.200025477868009727e-01 1.718252162039144160e-01 4.327492034592626546e-01 3.632225762403277214e-01 3.220300409649522189e-02 0.000000000000000000e+00
3.025000000000000000e+04 1.210025690183575975e-01 1.578288575329995502e-01 4.160218479745106945e-01 3.937187073281747662e-01 3.243058716431497512e-02 0.000000000000000000e+00
3.050000000000000000e+04 1.220025902499144443e-01 1.350705507510241155e-01 4.160218479745106945e-01 4.243286299499317016e-01 2.457897132453345374e-02 0.000000000000000000e+00
3.075000000000000000e+04 1.230026114814710692e-01 1.338188438780154865e-01 4.081702321347291940e-01 4.360491579426490905e-01 2.196176604460628110e-02 0.000000000000000000e+00
3.100000000000000000e+04 1.240026327130276940e-01 1.310878470641784199e-01 4.044151115157032517e-01 4.433318161128811941e-01 2.116522530723714129e-02 0.000000000000000000e+00
3.125000000000000000e+04 1.250026539445843188e-01 1.283568502503413811e-01 4.054392353208920996e-01 4.457214383249886169e-01 2.048247610377787811e-02 0.000000000000000000e+00
3.150000000000000000e+04 1.260026751761409436e-01 1.352981338188438687e-01 4.010013654984069253e-01 4.388939462903960198e-01 2.480655439235321044e-02 0.000000000000000000e+00
3.175000000000000000e+04 1.270026964076977904e-01 1.285844333181611343e-01 4.047564861174328676e-01 4.390077378243058548e-01 2.765134274010013632e-02 0.000000000000000000e+00
3.200000000000000000e+04 1.280027176392544153e-01 1.335912608101957333e-01 4.017979062357760478e-01 4.386663632225762388e-01 2.594446973145198010e-02 0.000000000000000000e+00
3.225000000000000000e+04 1.290027388708110401e-01 1.335912608101957333e-01 3.996358670914884059e-01 4.366181156121984319e-01 3.015475648611743234e-02 0.000000000000000000e+00
3.250000000000000000e+04 1.300027601023676649e-01 1.343878015475648557e-01 4.022530723714155543e-01 4.374146563495676099e-01 2.594446973145198010e-02 0.000000000000000000e+00
3.275000000000000000e+04 1.310027813339245117e-01 1.364360491579426626e-01 4.014565316340464318e-01 4.354802002730996935e-01 2.662721893491124328e-02 0.000000000000000000e+00
3.300000000000000000e+04 1.320028025654811366e-01 1.365498406918525254e-01 4.006599908966773094e-01 4.365043240782885969e-01 2.628584433318160996e-02 0.000000000000000000e+00
3.325000000000000000e+04 1.330028237970377614e-01 1.380291306326809353e-01 3.980427856167501055e-01 4.336595357305416676e-01 3.026854802002730896e-02 0.000000000000000000e+00
3.350000000000000000e+04 1.340028450285943862e-01 1.363222576240327721e-01 3.966772872098315861e-01 4.392353208921256358e-01 2.776513427401001294e-02 0.000000000000000000e+00
3.375000000000000000e+04 1.350028662601510110e-01 1.289258079198907503e-01 3.950842057350932857e-01 4.462903959945380139e-01 2.969959035047792587e-02 0.000000000000000000e+00
3.400000000000000000e+04 1.360028874917078578e-01 1.243741465634956717e-01 3.970186618115612021e-01 4.568730086481565533e-01 2.173418297678652786e-02 0.000000000000000000e+00
3.425000000000000000e+04 1.370029087232644827e-01 1.284706417842512438e-01 3.987255348202093930e-01 4.501593081474738467e-01 2.264451524806554428e-02 0.000000000000000000e+00
3.450000000000000000e+04 1.380029299548211075e-01 1.279016841147018746e-01 3.988393263541192280e-01 4.522075557578515981e-01 2.105143377332726468e-02 0.000000000000000000e+00
3.475000000000000000e+04 1.390029511863777323e-01 1.202776513427400995e-01 4.030496131087847322e-01 4.575557578516158408e-01 1.911697769685935522e-02 0.000000000000000000e+00
3.500000000000000000e+04 1.400029724179345791e-01 1.174328629949931702e-01 4.028220300409649512e-01 4.541420118343195145e-01 2.560309512972235024e-02 0.000000000000000000e+00
3.525000000000000000e+04 1.410029936494912040e-01 1.151570323167956239e-01 4.040737369139735802e-01 4.605143377332726606e-01 2.025489303595812488e-02 0.000000000000000000e+00
3.550000000000000000e+04 1.420030148810478288e-01 1.230086481565771522e-01 3.972462448793809831e-01 4.566454255803368278e-01 2.309968138370505075e-02 0.000000000000000000e+00
3.575000000000000000e+04 1.430030361126044536e-01 1.238051888939462886e-01 3.969048702776513671e-01 4.476558944014565333e-01 3.163404642694583185e-02 0.000000000000000000e+00
3.600000000000000000e+04 1.440030573441613004e-01 1.207328174783796060e-01 4.012289485662266508e-01 4.530040964952207760e-01 2.503413746017296368e-02 0.000000000000000000e+00
3.625000000000000000e+04 1.450030785757179252e-01 1.231224396904870289e-01 3.990669094219390090e-01 4.485662266727355463e-01 2.924442421483841592e-02 0.000000000000000000e+00
3.650000000000000000e+04 1.460030998072745501e-01 1.273327264451524776e-01 3.975876194811105990e-01 4.517523896222120916e-01 2.332726445152480746e-02 0.000000000000000000e+00
3.675000000000000000e+04 1.470031210388311749e-01 1.310878470641784199e-01 3.939462903959945472e-01 4.461766044606281234e-01 2.878925807919890598e-02 0.000000000000000000e+00
3.700000000000000000e+04 1.480031422703877997e-01 1.334774692762858428e-01 3.932635411925352598e-01 4.446973145197997135e-01 2.856167501137915274e-02 0.000000000000000000e+00
3.725000000000000000e+04 1.490031635019446465e-01 1.348429676832043622e-01 3.942876649977241632e-01 4.465179790623577394e-01 2.435138825671370050e-02 0.000000000000000000e+00
3.750000000000000000e+04 1.500031847335012714e-01 1.398497951752389612e-01 3.899635867091488239e-01 4.431042330450614686e-01 2.708238507055074976e-02 0.000000000000000000e+00
3.775000000000000000e+04 1.510032059650578962e-01 1.362084660901228816e-01 3.920118343195266308e-01 4.425352753755120716e-01 2.924442421483841592e-02 0.000000000000000000e+00
3.800000000000000000e+04 1.520032271966145210e-01 1.383705052344105513e-01 3.921256258534365213e-01 4.444697314519799880e-01 2.503413746017296368e-02 0.000000000000000000e+00
3.825000000000000000e+04 1.530032484281713678e-01 1.357532999544833752e-01 3.915566681838871244e-01 4.420801092398725651e-01 3.060992262175694228e-02 0.000000000000000000e+00
3.850000000000000000e+04 1.540032696597279926e-01 1.442876649977241632e-01 3.881429221665907980e-01 4.375284478834774449e-01 3.004096495220755572e-02 0.000000000000000000e+00
3.875000000000000000e+04 1.550032908912846175e-01 1.536185707783341015e-01 3.833636777423759523e-01 4.358215748748293095e-01 2.719617660446062984e-02 0.000000000000000000e+00
3.900000000000000000e+04 1.560033121228412423e-01 1.479289940828402428e-01 3.884842967683204140e-01 4.363905325443787064e-01 2.719617660446062984e-02 0.000000000000000000e+00
3.925000000000000000e+04 1.570033333543978671e-01 1.483841602184797492e-01 3.831360946745562268e-01 4.388939462903960198e-01 2.958579881656804578e-02 0.000000000000000000e+00
3.950000000000000000e+04 1.580033545859547139e-01 1.531634046426945950e-01 3.815430131998179264e-01 4.383249886208466228e-01 2.696859353664087314e-02 0.000000000000000000e+00
3.975000000000000000e+04 1.590033758175113388e-01 1.588529813381884259e-01 3.817705962676377074e-01 4.337733272644515026e-01 2.560309512972235024e-02 0.000000000000000000e+00
4.000000000000000000e+04 1.600033970490679636e-01 1.621529358215748617e-01 3.818843878015475424e-01 4.242148384160218666e-01 3.174783796085571541e-02 0.000000000000000000e+00
4.025000000000000000e+04 1.610034182806245884e-01 1.636322257624032717e-01 3.793809740555302845e-01 4.261492944924897830e-01 3.083750568957669552e-02 0.000000000000000000e+00
4.050000000000000000e+04 1.620034395121814352e-01 1.756941283568502488e-01 3.782430587164314906e-01 4.187528447883477334e-01 2.730996813837050646e-02 0.000000000000000000e+00
4.075000000000000000e+04 1.630034607437380600e-01 1.631770596267637652e-01 3.829085116067364458e-01 4.201183431952662528e-01 3.379608557123350149e-02 0.000000000000000000e+00
4.100000000000000000e+04 1.640034819752946849e-01 1.824078288575330109e-01 3.710741920801092220e-01 4.137460172963131622e-01 3.277196176604460498e-02 0.000000000000000000e+00
4.125000000000000000e+04 1.650035032068513097e-01 1.743286299499317293e-01 3.785844333181611066e-01 4.192080109239872399e-01 2.787892580791988956e-02 0.000000000000000000e+00
4.150000000000000000e+04 1.660035244384079345e-01 1.892353208921256358e-01 3.661811561219845412e-01 4.160218479745106945e-01 2.856167501137915274e-02 0.000000000000000000e+00
4.175000000000000000e+04 1.670035456699647813e-01 1.784251251706872876e-01 3.735776058261265353e-01 4.156804733727810786e-01 3.231679563040509851e-02 0.000000000000000000e+00
4.200000000000000000e+04 1.680035669015214062e-01 1.896904870277651423e-01 3.716431497496586189e-01 4.091943559399180974e-01 2.947200728265816916e-02 0.000000000000000000e+00
4.225000000000000000e+04 1.690035881330780310e-01 1.817250796540737234e-01 3.687983614019116896e-01 4.201183431952662528e-01 2.935821574874829254e-02 0.000000000000000000e+00
4.250000000000000000e+04 1.700036093646346558e-01 1.835457441966317771e-01 3.694811106053709771e-01 4.190942193900774049e-01 2.787892580791988956e-02 0.000000000000000000e+00
4.275000000000000000e+04 1.710036305961915026e-01 1.989076012744651900e-01 3.601502048247610110e-01 4.119253527537551363e-01 2.901684114701866268e-02 0.000000000000000000e+00
4.300000000000000000e+04 1.720036518277481274e-01 1.903732362312244020e-01 3.701638598088302090e-01 4.119253527537551363e-01 2.753755120619025970e-02 0.000000000000000000e+00
4.325000000000000000e+04 1.730036730593047523e-01 1.997041420118343125e-01 3.602639963586709015e-01 4.144287664997723941e-01 2.560309512972235024e-02 0.000000000000000000e+00
4.350000000000000000e+04 1.740036942908613771e-01 2.082385070550751005e-01 3.609467455621301890e-01 4.008875739644970349e-01 2.992717341829767910e-02 0.000000000000000000e+00
4.375000000000000000e+04 1.750037155224182239e-01 2.201866181156121871e-01 3.535502958579881394e-01 3.973600364132908735e-01 2.890304961310878606e-02 0.000000000000000000e+00
4.400000000000000000e+04 1.760037367539748487e-01 2.296313154301319881e-01 3.425125170687300935e-01 3.958807464724624636e-01 3.197542102867546865e-02 0.000000000000000000e+00
4.425000000000000000e+04 1.770037579855314736e-01 2.311106053709603980e-01 3.426263086026399840e-01 3.889394629039599205e-01 3.732362312243969055e-02 0.000000000000000000e+00
4.450000000000000000e+04 1.780037792170880984e-01 2.254210286754665393e-01 3.450159308147474069e-01 3.987255348202093930e-01 3.083750568957669552e-02 0.000000000000000000e+00
4.475000000000000000e+04 1.790038004486447232e-01 2.309968138370505353e-01 3.410332271279016836e-01 3.913290851160673434e-01 3.664087391898043083e-02 0.000000000000000000e+00
4.500000000000000000e+04 1.800038216802015700e-01 2.496586253982703563e-01 3.401228948566226706e-01 3.805188893946290229e-01 2.969959035047792587e-02 0.000000000000000000e+00
4.525000000000000000e+04 1.810038429117581948e-01 2.445380063723258945e-01 3.354574419663177154e-01 3.773327264451524776e-01 4.267182521620391245e-02 0.000000000000000000e+00
4.550000000000000000e+04 1.820038641433148197e-01 2.463586709148839204e-01 3.332954028220300180e-01 3.816568047337278169e-01 3.868912152935821691e-02 0.000000000000000000e+00
4.575000000000000000e+04 1.830038853748714445e-01 2.585343650432407880e-01 3.246472462448793950e-01 3.775603095129722586e-01 3.925807919890760000e-02 0.000000000000000000e+00
4.600000000000000000e+04 1.840039066064282913e-01 2.614929449248976079e-01 3.221438324988620816e-01 3.772189349112425871e-01 3.914428766499772339e-02 0.000000000000000000e+00
4.625000000000000000e+04 1.850039278379849161e-01 2.675238962221210826e-01 3.181611288120163583e-01 3.651570323167956378e-01 4.915794264906690747e-02 0.000000000000000000e+00
4.650000000000000000e+04 1.860039490695415410e-01 2.810650887573964418e-01 3.125853436504323901e-01 3.651570323167956378e-01 4.119253527537550946e-02 0.000000000000000000e+00
4.675000000000000000e+04 1.870039703010981658e-01 2.948338643604915821e-01 3.072371415566682029e-01 3.398953117888028896e-01 5.803368229403732537e-02 0.000000000000000000e+00
4.700000000000000000e+04 1.880039915326547906e-01 3.198680018206645492e-01 2.927856167501137752e-01 3.290851160673645692e-01 5.826126536185707860e-02 0.000000000000000000e+00
4.725000000000000000e+04 1.890040127642116374e-01 3.286299499317250628e-01 2.823167956304050707e-01 3.200955848884842747e-01 6.895766954938552240e-02 0.000000000000000000e+00
4.750000000000000000e+04 1.900040339957682622e-01 3.489986345015930747e-01 2.662721893491124536e-01 3.076923076923077094e-01 7.703686845698680397e-02 0.000000000000000000e+00
4.775000000000000000e+04 1.910040552273248871e-01 3.449021392808375164e-01 2.701411015020482309e-01 3.005234410559854408e-01 8.443331816112881194e-02 0.000000000000000000e+00
4.800000000000000000e+04 1.920040764588815119e-01 3.363677742375967283e-01 2.674101046882111921e-01 3.116750113791533772e-01 8.454710969503868856e-02 0.000000000000000000e+00
4.825000000000000000e+04 1.930040976904383587e-01 3.480883022303140617e-01 2.578516158397815006e-01 3.067819754210286964e-01 8.727810650887574129e-02 0.000000000000000000e+00
4.850000000000000000e+04 1.940041189219949835e-01 3.467228038233955423e-01 2.624032771961766208e-01 3.050751024123805055e-01 8.579881656804733137e-02 0.000000000000000000e+00
4.875000000000000000e+04 1.950041401535516083e-01 3.454710969503869133e-01 2.685480200273099860e-01 2.999544833864360438e-01 8.602639963586708460e-02 0.000000000000000000e+00
4.900000000000000000e+04 1.960041613851082332e-01 3.443331816112881194e-01 2.756030951297223641e-01 2.981338188438780179e-01 8.192990441511151245e-02 0.000000000000000000e+00
4.925000000000000000e+04 1.970041826166648580e-01 3.379608557123350288e-01 2.944924897587619661e-01 3.008648156577150568e-01 6.668183887118799003e-02 0.000000000000000000e+00
4.950000000000000000e+04 1.980042038482217048e-01 3.405780609922621771e-01 2.826581702321347422e-01 2.997269003186163183e-01 7.703686845698680397e-02 0.000000000000000000e+00
4.975000000000000000e+04 1.990042250797783296e-01 3.447883477469276259e-01 2.848202093764223841e-01 2.958579881656804855e-01 7.453345471096950448e-02 0.000000000000000000e+00
5.000000000000000000e+04 2.000042463113349545e-01 3.252162039144287919e-01 3.083750568957669413e-01 3.038233955393718766e-01 6.258534365043240399e-02 0.000000000000000000e+00
5.025000000000000000e+04 2.010042675428915793e-01 3.362539827036868378e-01 2.944924897587619661e-01 3.002958579881656598e-01 6.895766954938552240e-02 0.000000000000000000e+00
5.050000000000000000e+04 2.020042887744484261e-01 3.309057806099225951e-01 2.954028220300409791e-01 3.064406008192990249e-01 6.725079654073737312e-02 0.000000000000000000e+00
5.075000000000000000e+04 2.030043100060050509e-01 3.428538916704597095e-01 2.972234865725990050e-01 2.952890304961310886e-01 6.463359126081019701e-02 0.000000000000000000e+00
5.100000000000000000e+04 2.040043312375616757e-01 3.303368229403732537e-01 3.000682749203459343e-01 3.045061447428311086e-01 6.508875739644970349e-02 0.000000000000000000e+00
5.125000000000000000e+04 2.050043524691183006e-01 3.269230769230769273e-01 3.126991351843422806e-01 2.938097405553026786e-01 6.656804733727811341e-02 0.000000000000000000e+00
5.150000000000000000e+04 2.060043737006751474e-01 3.249886208466090110e-01 3.083750568957669413e-01 2.981338188438780179e-01 6.850250341374601593e-02 0.000000000000000000e+00
5.175000000000000000e+04 2.070043949322317722e-01 3.179335457441966328e-01 3.258989531178880239e-01 3.007510241238051663e-01 5.541647701411014926e-02 0.000000000000000000e+00
5.200000000000000000e+04 2.080044161637883970e-01 3.177059626763768518e-01 3.303368229403732537e-01 3.045061447428311086e-01 4.745106964041875125e-02 0.000000000000000000e+00
5.225000000000000000e+04 2.090044373953450219e-01 3.008648156577150568e-01 3.397815202548930547e-01 3.114474283113336517e-01 4.790623577605826466e-02 0.000000000000000000e+00
5.250000000000000000e+04 2.100044586269016467e-01 3.092853891670459543e-01 3.445607646791079004e-01 2.994993172507965373e-01 4.665452890304961492e-02 0.000000000000000000e+00
5.275000000000000000e+04 2.110044798584584935e-01 2.996131087847064278e-01 3.466090122894856518e-01 2.984751934456076339e-01 5.530268548020027264e-02 0.000000000000000000e+00
5.300000000000000000e+04 2.120045010900151183e-01 3.064406008192990249e-01 3.396677287209831642e-01 3.042785616750113831e-01 4.961310878470642088e-02 0.000000000000000000e+00
5.325000000000000000e+04 2.130045223215717431e-01 3.185025034137460298e-01 3.406918525261720676e-01 2.991579426490669213e-01 4.164770141101502288e-02 0.000000000000000000e+00
5.350000000000000000e+04 2.140045435531283680e-01 3.205507510241237812e-01 3.433090578060992160e-01 2.963131543013199920e-01 3.982703686845699004e-02 0.000000000000000000e+00
5.375000000000000000e+04 2.150045647846852148e-01 2.997269003186163183e-01 3.609467455621301890e-01 2.990441511151570309e-01 4.028220300409649651e-02 0.000000000000000000e+00
5.400000000000000000e+04 2.160045860162418396e-01 3.030268548020027541e-01 3.573054164770141372e-01 3.000682749203459343e-01 3.959945380063722986e-02 0.000000000000000000e+00
5.425000000000000000e+04 2.170046072477984644e-01 3.098543468365953513e-01 3.485434683659535682e-01 2.967683204369594985e-01 4.483386436049158208e-02 0.000000000000000000e+00
5.450000000000000000e+04 2.180046284793550893e-01 3.107646791078743642e-01 3.515020482476103880e-01 2.918752844788347622e-01 4.585798816568047165e-02 0.000000000000000000e+00
5.475000000000000000e+04 2.190046497109117141e-01 2.994993172507965373e-01 3.515020482476103880e-01 3.004096495220755503e-01 4.858898497951752438e-02 0.000000000000000000e+00
5.500000000000000000e+04 2.200046709424685609e-01 3.057578516158397930e-01 3.578743741465634787e-01 2.983614019116977434e-01 3.800637232589895026e-02 0.000000000000000000e+00
5.525000000000000000e+04 2.210046921740251857e-01 2.954028220300409791e-01 3.560537096040054528e-01 3.071233500227583124e-01 4.142011834319526964e-02 0.000000000000000000e+00
5.550000000000000000e+04 2.220047134055818105e-01 3.076923076923077094e-01 3.423987255348202030e-01 3.024578971324533572e-01 4.745106964041875125e-02 0.000000000000000000e+00
5.575000000000000000e+04 2.230047346371384354e-01 3.149749658625398130e-01 3.365953573054164538e-01 3.078060992262175444e-01 4.062357760582612637e-02 0.000000000000000000e+00
5.600000000000000000e+04 2.240047558686952822e-01 3.249886208466090110e-01 3.312471552116522666e-01 3.010923987255348377e-01 4.267182521620391245e-02 0.000000000000000000e+00
5.625000000000000000e+04 2.250047771002519070e-01 3.289713245334547342e-01 3.229403732362312041e-01 2.981338188438780179e-01 4.995448338643605074e-02 0.000000000000000000e+00
5.650000000000000000e+04 2.260047983318085318e-01 3.319299044151114986e-01 3.195266272189349332e-01 3.004096495220755503e-01 4.813381884387801790e-02 0.000000000000000000e+00
5.675000000000000000e+04 2.270048195633651567e-01 3.438780154756486129e-01 3.112198452435138707e-01 2.959717796995903760e-01 4.893035958124715423e-02 0.000000000000000000e+00
