# itime ezz other fcc hcp bcc ico
0.000000000000000000e+00 0.000000000000000000e+00 0.000000000000000000e+00 1.000000000000000000e+00 0.000000000000000000e+00 0.000000000000000000e+00 0.000000000000000000e+00
2.500000000000000000e+02 9.999729809264668035e-04 0.000000000000000000e+00 1.000000000000000000e+00 0.000000000000000000e+00 0.000000000000000000e+00 0.000000000000000000e+00
5.000000000000000000e+02 1.999945961853155652e-03 0.000000000000000000e+00 1.000000000000000000e+00 0.000000000000000000e+00 0.000000000000000000e+00 0.000000000000000000e+00
7.500000000000000000e+02 2.999918942779622455e-03 0.000000000000000000e+00 1.000000000000000000e+00 0.000000000000000000e+00 0.000000000000000000e+00 0.000000000000000000e+00
1.000000000000000000e+03 3.999891923706089258e-03 0.000000000000000000e+00 1.000000000000000000e+00 0.000000000000000000e+00 0.000000000000000000e+00 0.000000000000000000e+00
1.250000000000000000e+03 4.999864904632556062e-03 0.000000000000000000e+00 1.000000000000000000e+00 0.000000000000000000e+00 0.000000000000000000e+00 0.000000000000000000e+00
1.500000000000000000e+03 5.999837885559244910e-03 0.000000000000000000e+00 1.000000000000000000e+00 0.000000000000000000e+00 0.000000000000000000e+00 0.000000000000000000e+00
1.750000000000000000e+03 6.999810866485711713e-03 0.000000000000000000e+00 1.000000000000000000e+00 0.000000000000000000e+00 0.000000000000000000e+00 0.000000000000000000e+00
2.000000000000000000e+03 7.999783847412178517e-03 0.000000000000000000e+00 1.000000000000000000e+00 0.000000000000000000e+00 0.000000000000000000e+00 0.000000000000000000e+00
2.250000000000000000e+03 8.999756828338867365e-03 0.000000000000000000e+00 1.000000000000000000e+00 0.000000000000000000e+00 0.000000000000000000e+00 0.000000000000000000e+00
2.500000000000000000e+03 9.999729809265334168e-03 0.000000000000000000e+00 1.000000000000000000e+00 0.000000000000000000e+00 0.000000000000000000e+00 0.000000000000000000e+00
2.750000000000000000e+03 1.099970279019180097e-02 0.000000000000000000e+00 1.000000000000000000e+00 0.000000000000000000e+00 0.000000000000000000e+00 0.000000000000000000e+00
3.000000000000000000e+03 1.199967577111826778e-02 0.000000000000000000e+00 1.000000000000000000e+00 0.000000000000000000e+00 0.000000000000000000e+00 0.000000000000000000e+00
3.250000000000000000e+03 1.299964875204495662e-02 0.000000000000000000e+00 1.000000000000000000e+00 0.000000000000000000e+00 0.000000000000000000e+00 0.000000000000000000e+00
3.500000000000000000e+03 1.399962173297142343e-02 1.137915339098771066e-04 9.998862084660901095e-01 0.000000000000000000e+00 0.000000000000000000e+00 0.000000000000000000e+00
3.750000000000000000e+03 1.499959471389789023e-02 0.000000000000000000e+00 1.000000000000000000e+00 0.000000000000000000e+00 0.000000000000000000e+00 0.000000000000000000e+00
4.000000000000000000e+03 1.599956769482457908e-02 0.000000000000000000e+00 1.000000000000000000e+00 0.000000000000000000e+00 0.000000000000000000e+00 0.000000000000000000e+00
4.250000000000000000e+03 1.699954067575104588e-02 3.413746017296313199e-04 9.996586253982703285e-01 0.000000000000000000e+00 0.000000000000000000e+00 0.000000000000000000e+00
4.500000000000000000e+03 1.799951365667751269e-02 0.000000000000000000e+00 1.000000000000000000e+00 0.000000000000000000e+00 0.000000000000000000e+00 0.000000000000000000e+00
4.750000000000000000e+03 1.899948663760420153e-02 0.000000000000000000e+00 1.000000000000000000e+00 0.000000000000000000e+00 0.000000000000000000e+00 0.000000000000000000e+00
5.000000000000000000e+03 1.999945961853066834e-02 0.000000000000000000e+00 1.000000000000000000e+00 0.000000000000000000e+00 0.000000000000000000e+00 0.000000000000000000e+00
5.250000000000000000e+03 2.099943259945713514e-02 4.551661356395084266e-04 9.995448338643604380e-01 0.000000000000000000e+00 0.000000000000000000e+00 0.000000000000000000e+00
5.500000000000000000e+03 2.199940558038360194e-02 0.000000000000000000e+00 1.000000000000000000e+00 0.000000000000000000e+00 0.000000000000000000e+00 0.000000000000000000e+00
5.750000000000000000e+03 2.299937856131029079e-02 0.000000000000000000e+00 1.000000000000000000e+00 0.000000000000000000e+00 0.000000000000000000e+00 0.000000000000000000e+00
6.000000000000000000e+03 2.399935154223675760e-02 0.000000000000000000e+00 1.000000000000000000e+00 0.000000000000000000e+00 0.000000000000000000e+00 0.000000000000000000e+00
6.250000000000000000e+03 2.499932452316322440e-02 4.551661356395084266e-04 9.995448338643604380e-01 0.000000000000000000e+00 0.000000000000000000e+00 0.000000000000000000e+00
6.500000000000000000e+03 2.599929750408991325e-02 0.000000000000000000e+00 1.000000000000000000e+00 0.000000000000000000e+00 0.000000000000000000e+00 0.000000000000000000e+00
6.750000000000000000e+03 2.699927048501638005e-02 2.275830678197542133e-04 9.997724169321802190e-01 0.000000000000000000e+00 0.000000000000000000e+00 0.000000000000000000e+00
7.000000000000000000e+03 2.799924346594284685e-02 0.000000000000000000e+00 1.000000000000000000e+00 0.000000000000000000e+00 0.000000000000000000e+00 0.000000000000000000e+00
7.250000000000000000e+03 2.899921644686931366e-02 0.000000000000000000e+00 1.000000000000000000e+00 0.000000000000000000e+00 0.000000000000000000e+00 0.000000000000000000e+00
7.500000000000000000e+03 2.999918942779600251e-02 2.275830678197542133e-04 9.997724169321802190e-01 0.000000000000000000e+00 0.000000000000000000e+00 0.000000000000000000e+00
7.750000000000000000e+03 3.099916240872246931e-02 0.000000000000000000e+00 1.000000000000000000e+00 0.000000000000000000e+00 0.000000000000000000e+00 0.000000000000000000e+00
8.000000000000000000e+03 3.199913538964893611e-02 0.000000000000000000e+00 1.000000000000000000e+00 0.000000000000000000e+00 0.000000000000000000e+00 0.000000000000000000e+00
8.250000000000000000e+03 3.299910837057562496e-02 0.000000000000000000e+00 1.000000000000000000e+00 0.000000000000000000e+00 0.000000000000000000e+00 0.000000000000000000e+00
8.500000000000000000e+03 3.399908135150209176e-02 0.000000000000000000e+00 1.000000000000000000e+00 0.000000000000000000e+00 0.000000000000000000e+00 0.000000000000000000e+00
8.750000000000000000e+03 3.499905433242855857e-02 1.137915339098771066e-04 9.998862084660901095e-01 0.000000000000000000e+00 0.000000000000000000e+00 0.000000000000000000e+00
9.000000000000000000e+03 3.599902731335502537e-02 0.000000000000000000e+00 1.000000000000000000e+00 0.000000000000000000e+00 0.000000000000000000e+00 0.000000000000000000e+00
9.250000000000000000e+03 3.699900029428171422e-02 0.000000000000000000e+00 1.000000000000000000e+00 0.000000000000000000e+00 0.000000000000000000e+00 0.000000000000000000e+00
9.500000000000000000e+03 3.799897327520818102e-02 0.000000000000000000e+00 1.000000000000000000e+00 0.000000000000000000e+00 0.000000000000000000e+00 0.000000000000000000e+00
9.750000000000000000e+03 3.899894625613464783e-02 7.965407373691396923e-04 9.992034592626308775e-01 0.000000000000000000e+00 0.000000000000000000e+00 0.000000000000000000e+00
1.000000000000000000e+04 3.999891923706133667e-02 0.000000000000000000e+00 1.000000000000000000e+00 0.000000000000000000e+00 0.000000000000000000e+00 0.000000000000000000e+00
1.025000000000000000e+04 4.099889221798780348e-02 0.000000000000000000e+00 1.000000000000000000e+00 0.000000000000000000e+00 0.000000000000000000e+00 0.000000000000000000e+00
1.050000000000000000e+04 4.199886519891427028e-02 0.000000000000000000e+00 1.000000000000000000e+00 0.000000000000000000e+00 0.000000000000000000e+00 0.000000000000000000e+00
1.075000000000000000e+04 4.299883817984073708e-02 1.137915339098771066e-04 9.998862084660901095e-01 0.000000000000000000e+00 0.000000000000000000e+00 0.000000000000000000e+00
1.100000000000000000e+04 4.399881116076742593e-02 4.551661356395084266e-04 9.995448338643604380e-01 0.000000000000000000e+00 0.000000000000000000e+00 0.000000000000000000e+00
1.125000000000000000e+04 4.499878414169389274e-02 0.000000000000000000e+00 1.000000000000000000e+00 0.000000000000000000e+00 0.000000000000000000e+00 0.000000000000000000e+00
1.150000000000000000e+04 4.599875712262035954e-02 6.827492034592626399e-04 9.993172507965407680e-01 0.000000000000000000e+00 0.000000000000000000e+00 0.000000000000000000e+00
1.175000000000000000e+04 4.699873010354704839e-02 0.000000000000000000e+00 1.000000000000000000e+00 0.000000000000000000e+00 0.000000000000000000e+00 0.000000000000000000e+00
1.200000000000000000e+04 4.799870308447351519e-02 1.137915339098771066e-04 9.998862084660901095e-01 0.000000000000000000e+00 0.000000000000000000e+00 0.000000000000000000e+00
1.225000000000000000e+04 4.899867606539998199e-02 0.000000000000000000e+00 1.000000000000000000e+00 0.000000000000000000e+00 0.000000000000000000e+00 0.000000000000000000e+00
1.250000000000000000e+04 4.999864904632667084e-02 2.275830678197542133e-04 9.997724169321802190e-01 0.000000000000000000e+00 0.000000000000000000e+00 0.000000000000000000e+00
1.275000000000000000e+04 5.099862202725313765e-02 3.413746017296313199e-04 9.996586253982703285e-01 0.000000000000000000e+00 0.000000000000000000e+00 0.000000000000000000e+00
1.300000000000000000e+04 5.199859500817960445e-02 3.413746017296313199e-04 9.996586253982703285e-01 0.000000000000000000e+00 0.000000000000000000e+00 0.000000000000000000e+00
1.325000000000000000e+04 5.299856798910607125e-02 0.000000000000000000e+00 1.000000000000000000e+00 0.000000000000000000e+00 0.000000000000000000e+00 0.000000000000000000e+00
1.350000000000000000e+04 5.399854097003276010e-02 1.137915339098771066e-04 9.997724169321802190e-01 0.000000000000000000e+00 1.137915339098771066e-04 0.000000000000000000e+00
1.375000000000000000e+04 5.499851395095922690e-02 3.413746017296313199e-04 9.996586253982703285e-01 0.000000000000000000e+00 0.000000000000000000e+00 0.000000000000000000e+00
1.400000000000000000e+04 5.599848693188569371e-02 9.103322712790168532e-04 9.989758761948110966e-01 0.000000000000000000e+00 1.137915339098771066e-04 0.000000000000000000e+00
1.425000000000000000e+04 5.699845991281238256e-02 0.000000000000000000e+00 1.000000000000000000e+00 0.000000000000000000e+00 0.000000000000000000e+00 0.000000000000000000e+00
1.450000000000000000e+04 5.799843289373884936e-02 2.275830678197542133e-04 9.997724169321802190e-01 0.000000000000000000e+00 0.000000000000000000e+00 0.000000000000000000e+00
1.475000000000000000e+04 5.899840587466531616e-02 6.827492034592626399e-04 9.993172507965407680e-01 0.000000000000000000e+00 0.000000000000000000e+00 0.000000000000000000e+00
1.500000000000000000e+04 5.999837885559178297e-02 1.593081474738279385e-03 9.984069185252617551e-01 0.000000000000000000e+00 0.000000000000000000e+00 0.000000000000000000e+00
1.525000000000000000e+04 6.099835183651847181e-02 2.275830678197542133e-04 9.997724169321802190e-01 0.000000000000000000e+00 0.000000000000000000e+00 0.000000000000000000e+00
1.550000000000000000e+04 6.199832481744493862e-02 1.593081474738279385e-03 9.981793354574419741e-01 0.000000000000000000e+00 2.275830678197542133e-04 0.000000000000000000e+00
1.575000000000000000e+04 6.299829779837140542e-02 1.137915339098770958e-03 9.988620846609012061e-01 0.000000000000000000e+00 0.000000000000000000e+00 0.000000000000000000e+00
1.600000000000000000e+04 6.399827077929809427e-02 1.137915339098771066e-04 9.998862084660901095e-01 0.000000000000000000e+00 0.000000000000000000e+00 0.000000000000000000e+00
1.625000000000000000e+04 6.499824376022456107e-02 5.689576695493854790e-04 9.994310423304506585e-01 0.000000000000000000e+00 0.000000000000000000e+00 0.000000000000000000e+00
1.650000000000000000e+04 6.599821674115102788e-02 2.275830678197542133e-04 9.997724169321802190e-01 0.000000000000000000e+00 0.000000000000000000e+00 0.000000000000000000e+00
1.675000000000000000e+04 6.699818972207749468e-02 1.137915339098770958e-03 9.987482931269913156e-01 0.000000000000000000e+00 1.137915339098771066e-04 0.000000000000000000e+00
1.700000000000000000e+04 6.799816270300418353e-02 1.593081474738279385e-03 9.984069185252617551e-01 0.000000000000000000e+00 0.000000000000000000e+00 0.000000000000000000e+00
1.725000000000000000e+04 6.899813568393065033e-02 5.689576695493854790e-04 9.994310423304506585e-01 0.000000000000000000e+00 0.000000000000000000e+00 0.000000000000000000e+00
1.750000000000000000e+04 6.999810866485711713e-02 7.965407373691396923e-04 9.988620846609012061e-01 0.000000000000000000e+00 3.413746017296313199e-04 0.000000000000000000e+00
1.775000000000000000e+04 7.099808164578380598e-02 3.413746017296313199e-04 9.996586253982703285e-01 0.000000000000000000e+00 0.000000000000000000e+00 0.000000000000000000e+00
1.800000000000000000e+04 7.199805462671027279e-02 7.965407373691396923e-04 9.990896677287209870e-01 0.000000000000000000e+00 1.137915339098771066e-04 0.000000000000000000e+00
1.825000000000000000e+04 7.299802760763673959e-02 2.389622212107419402e-03 9.976103777878926326e-01 0.000000000000000000e+00 0.000000000000000000e+00 0.000000000000000000e+00
1.850000000000000000e+04 7.399800058856342844e-02 4.551661356395084266e-04 9.995448338643604380e-01 0.000000000000000000e+00 0.000000000000000000e+00 0.000000000000000000e+00
1.875000000000000000e+04 7.499797356948989524e-02 5.689576695493854790e-04 9.994310423304506585e-01 0.000000000000000000e+00 0.000000000000000000e+00 0.000000000000000000e+00
1.900000000000000000e+04 7.599794655041636204e-02 4.551661356395084266e-04 9.995448338643604380e-01 0.000000000000000000e+00 0.000000000000000000e+00 0.000000000000000000e+00
1.925000000000000000e+04 7.699791953134282885e-02 9.103322712790168532e-04 9.990896677287209870e-01 0.000000000000000000e+00 0.000000000000000000e+00 0.000000000000000000e+00
1.950000000000000000e+04 7.799789251226951770e-02 1.934456076467910759e-03 9.980655439235320836e-01 0.000000000000000000e+00 0.000000000000000000e+00 0.000000000000000000e+00
1.975000000000000000e+04 7.899786549319598450e-02 1.593081474738279385e-03 9.984069185252617551e-01 0.000000000000000000e+00 0.000000000000000000e+00 0.000000000000000000e+00
2.000000000000000000e+04 7.999783847412245130e-02 1.137915339098770958e-03 9.988620846609012061e-01 0.000000000000000000e+00 0.000000000000000000e+00 0.000000000000000000e+00
2.025000000000000000e+04 8.099781145504914015e-02 1.934456076467910759e-03 9.980655439235320836e-01 0.000000000000000000e+00 0.000000000000000000e+00 0.000000000000000000e+00
2.050000000000000000e+04 8.199778443597560695e-02 2.275830678197542133e-04 9.997724169321802190e-01 0.000000000000000000e+00 0.000000000000000000e+00 0.000000000000000000e+00
2.075000000000000000e+04 8.299775741690207376e-02 3.299954483386436255e-03 9.965862539827037292e-01 0.000000000000000000e+00 1.137915339098771066e-04 0.000000000000000000e+00
2.100000000000000000e+04 8.399773039782854056e-02 5.689576695493854790e-04 9.993172507965407680e-01 0.000000000000000000e+00 1.137915339098771066e-04 0.000000000000000000e+00
2.125000000000000000e+04 8.499770337875522941e-02 1.934456076467910759e-03 9.980655439235320836e-01 0.000000000000000000e+00 0.000000000000000000e+00 0.000000000000000000e+00
2.150000000000000000e+04 8.599767635968169621e-02 1.024123805188893906e-03 9.989758761948110966e-01 0.000000000000000000e+00 0.000000000000000000e+00 0.000000000000000000e+00
2.175000000000000000e+04 8.699764934060816302e-02 1.934456076467910759e-03 9.980655439235320836e-01 0.000000000000000000e+00 0.000000000000000000e+00 0.000000000000000000e+00
2.200000000000000000e+04 8.799762232153485186e-02 1.706873008648156654e-03 9.982931269913518646e-01 0.000000000000000000e+00 0.000000000000000000e+00 0.000000000000000000e+00
2.225000000000000000e+04 8.899759530246131867e-02 1.820664542558033706e-03 9.980655439235320836e-01 0.000000000000000000e+00 1.137915339098771066e-04 0.000000000000000000e+00
2.250000000000000000e+04 8.999756828338778547e-02 3.641329085116067413e-03 9.962448793809740577e-01 0.000000000000000000e+00 1.137915339098771066e-04 0.000000000000000000e+00
2.275000000000000000e+04 9.099754126431425227e-02 1.479289940828402332e-03 9.984069185252617551e-01 0.000000000000000000e+00 1.137915339098771066e-04 0.000000000000000000e+00
2.300000000000000000e+04 9.199751424524094112e-02 2.048247610377787811e-03 9.979517523896221931e-01 0.000000000000000000e+00 0.000000000000000000e+00 0.000000000000000000e+00
2.325000000000000000e+04 9.299748722616740793e-02 5.120619025944469528e-03 9.947655894401457033e-01 0.000000000000000000e+00 1.137915339098771066e-04 0.000000000000000000e+00
2.350000000000000000e+04 9.399746020709387473e-02 2.503413746017296455e-03 9.974965862539827421e-01 0.000000000000000000e+00 0.000000000000000000e+00 0.000000000000000000e+00
2.375000000000000000e+04 9.499743318802056358e-02 3.186162949476558769e-03 9.967000455166135087e-01 0.000000000000000000e+00 1.137915339098771066e-04 0.000000000000000000e+00
2.400000000000000000e+04 9.599740616894703038e-02 2.275830678197541916e-03 9.977241693218024121e-01 0.000000000000000000e+00 0.000000000000000000e+00 0.000000000000000000e+00
2.425000000000000000e+04 9.699737914987349718e-02 3.641329085116067413e-03 9.963586709148839482e-01 0.000000000000000000e+00 0.000000000000000000e+00 0.000000000000000000e+00
2.450000000000000000e+04 9.799735213079996399e-02 3.527537551206190360e-03 9.964724624487938387e-01 0.000000000000000000e+00 0.000000000000000000e+00 0.000000000000000000e+00
2.475000000000000000e+04 9.899732511172665284e-02 4.665452890304961318e-03 9.951069640418752638e-01 0.000000000000000000e+00 2.275830678197542133e-04 0.000000000000000000e+00
2.500000000000000000e+04 9.999729809265311964e-02 1.934456076467910759e-03 9.980655439235320836e-01 0.000000000000000000e+00 0.000000000000000000e+00 0.000000000000000000e+00
2.525000000000000000e+04 1.009972710735795864e-01 5.575785161583977738e-03 9.944242148384160318e-01 0.000000000000000000e+00 0.000000000000000000e+00 0.000000000000000000e+00
2.550000000000000000e+04 1.019972440545062753e-01 5.461993627674101119e-03 9.945380063723259223e-01 0.000000000000000000e+00 0.000000000000000000e+00 0.000000000000000000e+00
2.575000000000000000e+04 1.029972170354327421e-01 5.234410559854347014e-03 9.946517979062358128e-01 0.000000000000000000e+00 1.137915339098771066e-04 0.000000000000000000e+00
2.600000000000000000e+04 1.039971900163592089e-01 4.437869822485207214e-03 9.954483386436049352e-01 0.000000000000000000e+00 1.137915339098771066e-04 0.000000000000000000e+00
2.625000000000000000e+04 1.049971629972858977e-01 4.324078288575329727e-03 9.956759217114247162e-01 0.000000000000000000e+00 0.000000000000000000e+00 0.000000000000000000e+00
2.650000000000000000e+04 1.059971359782123645e-01 5.689576695493855224e-03 9.943104233045061413e-01 0.000000000000000000e+00 0.000000000000000000e+00 0.000000000000000000e+00
2.675000000000000000e+04 1.069971089591388314e-01 3.982703686845699004e-03 9.959035047792443862e-01 0.000000000000000000e+00 1.137915339098771066e-04 0.000000000000000000e+00
2.700000000000000000e+04 1.079970819400652982e-01 3.527537551206190360e-03 9.964724624487938387e-01 0.000000000000000000e+00 0.000000000000000000e+00 0.000000000000000000e+00
2.725000000000000000e+04 1.089970549209919870e-01 3.982703686845699004e-03 9.960172963131542767e-01 0.000000000000000000e+00 0.000000000000000000e+00 0.000000000000000000e+00
2.750000000000000000e+04 1.099970279019184538e-01 7.055075102412380721e-03 9.929449248975875664e-01 0.000000000000000000e+00 0.000000000000000000e+00 0.000000000000000000e+00
2.775000000000000000e+04 1.109970008828449206e-01 4.096495220755575623e-03 9.959035047792443862e-01 0.000000000000000000e+00 0.000000000000000000e+00 0.000000000000000000e+00
2.800000000000000000e+04 1.119969738637716095e-01 7.510241238051888930e-03 9.924897587619481154e-01 0.000000000000000000e+00 0.000000000000000000e+00 0.000000000000000000e+00
2.825000000000000000e+04 1.129969468446980763e-01 7.851615839781519654e-03 9.921483841602184439e-01 0.000000000000000000e+00 0.000000000000000000e+00 0.000000000000000000e+00
2.850000000000000000e+04 1.139969198256245431e-01 6.486117432862995025e-03 9.931725079654073474e-01 0.000000000000000000e+00 3.413746017296313199e-04 0.000000000000000000e+00
2.875000000000000000e+04 1.149968928065510099e-01 7.282658170232134826e-03 9.927173418297678964e-01 0.000000000000000000e+00 0.000000000000000000e+00 0.000000000000000000e+00
2.900000000000000000e+04 1.159968657874776987e-01 9.330905780609922637e-03 9.906690942193900895e-01 0.000000000000000000e+00 0.000000000000000000e+00 0.000000000000000000e+00
2.925000000000000000e+04 1.169968387684041655e-01 7.055075102412380721e-03 9.928311333636777869e-01 0.000000000000000000e+00 1.137915339098771066e-04 0.000000000000000000e+00
2.950000000000000000e+04 1.179968117493306323e-01 1.115157032316795548e-02 9.887346381429221731e-01 0.000000000000000000e+00 1.137915339098771066e-04 0.000000000000000000e+00
2.975000000000000000e+04 1.189967847302573212e-01 1.092398725534820224e-02 9.890760127446518446e-01 0.000000000000000000e+00 0.000000000000000000e+00 0.000000000000000000e+00
3.000000000000000000e+04 1.199967577111837880e-01 6.144742831133363434e-03 9.937414656349567998e-01 0.000000000000000000e+00 1.137915339098771066e-04 0.000000000000000000e+00
3.025000000000000000e+04 1.209967306921102548e-01 7.737824305871643035e-03 9.922621756941283344e-01 0.000000000000000000e+00 0.000000000000000000e+00 0.000000000000000000e+00
3.050000000000000000e+04 1.219967036730367216e-01 8.192990441511151245e-03 9.918070095584888834e-01 0.000000000000000000e+00 0.000000000000000000e+00 0.000000000000000000e+00
3.075000000000000000e+04 1.229966766539634104e-01 1.172052799271734204e-02 9.882794720072826111e-01 0.000000000000000000e+00 0.000000000000000000e+00 0.000000000000000000e+00
3.100000000000000000e+04 1.239966496348898772e-01 1.012744651797906244e-02 9.898725534820209671e-01 0.000000000000000000e+00 0.000000000000000000e+00 0.000000000000000000e+00
3.125000000000000000e+04 1.249966226158163440e-01 1.012744651797906244e-02 9.898725534820209671e-01 0.000000000000000000e+00 0.000000000000000000e+00 0.000000000000000000e+00
3.150000000000000000e+04 1.259965955967430329e-01 1.786527082385070547e-02 9.821347291761493015e-01 0.000000000000000000e+00 0.000000000000000000e+00 0.000000000000000000e+00
3.175000000000000000e+04 1.269965685776694997e-01 1.376877560309512985e-02 9.861174328629950248e-01 0.000000000000000000e+00 1.137915339098771066e-04 0.000000000000000000e+00
3.200000000000000000e+04 1.279965415585959665e-01 1.502048247610377786e-02 9.849795175238962308e-01 0.000000000000000000e+00 0.000000000000000000e+00 0.000000000000000000e+00
3.225000000000000000e+04 1.289965145395224333e-01 1.672735548475193582e-02 9.831588529813382049e-01 0.000000000000000000e+00 1.137915339098771066e-04 0.000000000000000000e+00
3.250000000000000000e+04 1.299964875204491221e-01 1.809285389167045871e-02 9.819071461083295205e-01 0.000000000000000000e+00 0.000000000000000000e+00 0.000000000000000000e+00
3.275000000000000000e+04 1.309964605013755889e-01 1.649977241693217911e-02 9.833864360491579859e-01 0.000000000000000000e+00 1.137915339098771066e-04 0.000000000000000000e+00
3.300000000000000000e+04 1.319964334823020558e-01 1.615839781520254925e-02 9.838416021847974369e-01 0.000000000000000000e+00 0.000000000000000000e+00 0.000000000000000000e+00
3.325000000000000000e+04 1.329964064632287446e-01 1.900318616294947513e-02 9.806554392353209471e-01 0.000000000000000000e+00 3.413746017296313199e-04 0.000000000000000000e+00
3.350000000000000000e+04 1.339963794441552114e-01 2.492034592626308706e-02 9.748520710059171979e-01 0.000000000000000000e+00 2.275830678197542133e-04 0.000000000000000000e+00
3.375000000000000000e+04 1.349963524250816782e-01 1.934456076467910846e-02 9.805416477014110566e-01 0.000000000000000000e+00 1.137915339098771066e-04 0.000000000000000000e+00
3.400000000000000000e+04 1.359963254060083671e-01 2.173418297678652786e-02 9.781520254893035782e-01 0.000000000000000000e+00 1.137915339098771066e-04 0.000000000000000000e+00
3.425000000000000000e+04 1.369962983869348339e-01 2.674101046882111990e-02 9.732589895311788419e-01 0.000000000000000000e+00 0.000000000000000000e+00 0.000000000000000000e+00
3.450000000000000000e+04 1.379962713678613007e-01 2.583067819754210348e-02 9.739417387346381849e-01 0.000000000000000000e+00 2.275830678197542133e-04 0.000000000000000000e+00
3.475000000000000000e+04 1.389962443487877675e-01 3.083750568957669552e-02 9.690487027765134487e-01 0.000000000000000000e+00 1.137915339098771066e-04 0.000000000000000000e+00
3.500000000000000000e+04 1.399962173297144563e-01 2.662721893491124328e-02 9.732589895311788419e-01 0.000000000000000000e+00 1.137915339098771066e-04 0.000000000000000000e+00
3.525000000000000000e+04 1.409961903106409231e-01 2.514792899408284030e-02 9.746244879380974169e-01 0.000000000000000000e+00 2.275830678197542133e-04 0.000000000000000000e+00
3.550000000000000000e+04 1.419961632915673899e-01 2.992717341829767910e-02 9.700728265817023521e-01 0.000000000000000000e+00 0.000000000000000000e+00 0.000000000000000000e+00
3.575000000000000000e+04 1.429961362724940788e-01 3.243058716431497512e-02 9.673418297678653133e-01 0.000000000000000000e+00 2.275830678197542133e-04 0.000000000000000000e+00
3.600000000000000000e+04 1.439961092534205456e-01 3.129267182521620200e-02 9.685935366408738867e-01 0.000000000000000000e+00 1.137915339098771066e-04 0.000000000000000000e+00
3.625000000000000000e+04 1.449960822343470124e-01 3.516158397815202785e-02 9.647246244879380539e-01 0.000000000000000000e+00 1.137915339098771066e-04 0.000000000000000000e+00
3.650000000000000000e+04 1.459960552152734792e-01 3.413746017296313134e-02 9.658625398270368478e-01 0.000000000000000000e+00 0.000000000000000000e+00 0.000000000000000000e+00
3.675000000000000000e+04 1.469960281962001680e-01 3.618570778334091742e-02 9.638142922166590409e-01 0.000000000000000000e+00 0.000000000000000000e+00 0.000000000000000000e+00
3.700000000000000000e+04 1.479960011771266348e-01 4.904415111515703085e-02 9.507282658170231882e-01 0.000000000000000000e+00 2.275830678197542133e-04 0.000000000000000000e+00
3.725000000000000000e+04 1.489959741580531016e-01 3.675466545289030745e-02 9.632453345471096995e-01 0.000000000000000000e+00 0.000000000000000000e+00 0.000000000000000000e+00
3.750000000000000000e+04 1.499959471389797905e-01 3.538916704597178109e-02 9.646108329540282744e-01 0.000000000000000000e+00 0.000000000000000000e+00 0.000000000000000000e+00
3.775000000000000000e+04 1.509959201199062573e-01 4.733727810650887463e-02 9.526627218934911046e-01 0.000000000000000000e+00 0.000000000000000000e+00 0.000000000000000000e+00
3.800000000000000000e+04 1.519958931008327241e-01 4.642694583522986168e-02 9.535730541647701175e-01 0.000000000000000000e+00 0.000000000000000000e+00 0.000000000000000000e+00
3.825000000000000000e+04 1.529958660817591909e-01 3.664087391898043083e-02 9.633591260810195900e-01 0.000000000000000000e+00 0.000000000000000000e+00 0.000000000000000000e+00
3.850000000000000000e+04 1.539958390626858797e-01 4.824761037778789452e-02 9.517523896222120916e-01 0.000000000000000000e+00 0.000000000000000000e+00 0.000000000000000000e+00
3.875000000000000000e+04 1.549958120436123465e-01 4.358215748748293233e-02 9.564178425125170468e-01 0.000000000000000000e+00 0.000000000000000000e+00 0.000000000000000000e+00
3.900000000000000000e+04 1.559957850245388133e-01 5.746472462448793533e-02 9.423076923076922906e-01 0.000000000000000000e+00 2.275830678197542133e-04 0.000000000000000000e+00
3.925000000000000000e+04 1.569957580054655022e-01 5.655439235320892238e-02 9.434456076467910846e-01 0.000000000000000000e+00 0.000000000000000000e+00 0.000000000000000000e+00
3.950000000000000000e+04 1.579957309863919690e-01 5.883022303140646170e-02 9.411697769685934967e-01 0.000000000000000000e+00 0.000000000000000000e+00 0.000000000000000000e+00
3.975000000000000000e+04 1.589957039673184358e-01 5.746472462448793533e-02 9.425352753755120716e-01 0.000000000000000000e+00 0.000000000000000000e+00 0.000000000000000000e+00
4.000000000000000000e+04 1.599956769482451246e-01 6.565771506599908658e-02 9.342284934000910646e-01 0.000000000000000000e+00 1.137915339098771066e-04 0.000000000000000000e+00
4.025000000000000000e+04 1.609956499291715915e-01 6.429221665908056715e-02 9.357077833409194190e-01 0.000000000000000000e+00 0.000000000000000000e+00 0.000000000000000000e+00
4.050000000000000000e+04 1.619956229100980583e-01 6.759217114246700298e-02 9.324078288575330387e-01 0.000000000000000000e+00 0.000000000000000000e+00 0.000000000000000000e+00
4.075000000000000000e+04 1.629955958910245251e-01 5.974055530268548159e-02 9.402594446973144837e-01 0.000000000000000000e+00 0.000000000000000000e+00 0.000000000000000000e+00
4.100000000000000000e+04 1.639955688719512139e-01 8.557123350022757813e-02 9.144287664997724496e-01 0.000000000000000000e+00 0.000000000000000000e+00 0.000000000000000000e+00
4.125000000000000000e+04 1.649955418528776807e-01 7.851615839781520001e-02 9.214838416021847722e-01 0.000000000000000000e+00 0.000000000000000000e+00 0.000000000000000000e+00
4.150000000000000000e+04 1.659955148338041475e-01 9.069185252617205373e-02 9.091943559399180419e-01 0.000000000000000000e+00 1.137915339098771066e-04 0.000000000000000000e+00
4.175000000000000000e+04 1.669954878147308364e-01 9.501593081474737912e-02 9.049840691852526486e-01 0.000000000000000000e+00 0.000000000000000000e+00 0.000000000000000000e+00
4.200000000000000000e+04 1.679954607956573032e-01 8.306781975421029252e-02 9.169321802457897075e-01 0.000000000000000000e+00 0.000000000000000000e+00 0.000000000000000000e+00
4.225000000000000000e+04 1.689954337765837700e-01 9.888484296768319803e-02 9.011151570323168158e-01 0.000000000000000000e+00 0.000000000000000000e+00 0.000000000000000000e+00
4.250000000000000000e+04 1.699954067575102368e-01 1.002503413746017313e-01 8.995220755575785709e-01 0.000000000000000000e+00 2.275830678197542133e-04 0.000000000000000000e+00
4.275000000000000000e+04 1.709953797384369256e-01 1.018434228493400040e-01 8.981565771506599960e-01 0.000000000000000000e+00 0.000000000000000000e+00 0.000000000000000000e+00
4.300000000000000000e+04 1.719953527193633924e-01 1.148156577150659940e-01 8.851843422849340337e-01 0.000000000000000000e+00 0.000000000000000000e+00 0.000000000000000000e+00
4.325000000000000000e+04 1.729953257002898592e-01 1.055985434683659602e-01 8.944014565316340537e-01 0.000000000000000000e+00 0.000000000000000000e+00 0.000000000000000000e+00
4.350000000000000000e+04 1.739952986812165481e-01 1.224396904870277691e-01 8.773327264451524776e-01 1.137915339098771066e-04 1.137915339098771066e-04 0.000000000000000000e+00
4.375000000000000000e+04 1.749952716621430149e-01 1.223258989531178925e-01 8.776741010468821491e-01 0.000000000000000000e+00 0.000000000000000000e+00 0.000000000000000000e+00
4.400000000000000000e+04 1.759952446430694817e-01 1.049157942649066866e-01 8.950842057350932857e-01 0.000000000000000000e+00 0.000000000000000000e+00 0.000000000000000000e+00
4.425000000000000000e+04 1.769952176239959485e-01 1.327947200728265831e-01 8.670914883932635542e-01 1.137915339098771066e-04 0.000000000000000000e+00 0.000000000000000000e+00
4.450000000000000000e+04 1.779951906049226373e-01 1.432635411925352875e-01 8.566226672735548497e-01 1.137915339098771066e-04 0.000000000000000000e+00 0.000000000000000000e+00
4.475000000000000000e+04 1.789951635858491041e-01 1.467910787437414766e-01 8.522985889849795660e-01 6.827492034592626399e-04 2.275830678197542133e-04 0.000000000000000000e+00
4.500000000000000000e+04 1.799951365667755709e-01 1.826354119253527641e-01 8.164542558033682784e-01 9.103322712790168532e-04 0.000000000000000000e+00 0.000000000000000000e+00
4.525000000000000000e+04 1.809951095477022598e-01 1.877560309512972259e-01 8.091715976331360638e-01 2.730996813837050560e-03 3.413746017296313199e-04 0.000000000000000000e+00
4.550000000000000000e+04 1.819950825286287266e-01 2.093764223941738667e-01 7.851615839781520556e-01 4.893035958124715423e-03 5.689576695493854790e-04 0.000000000000000000e+00
4.575000000000000000e+04 1.829950555095551934e-01 2.627446517979062368e-01 7.256486117432863203e-01 8.989531178880291046e-03 2.617205279927173507e-03 0.000000000000000000e+00
4.600000000000000000e+04 1.839950284904816602e-01 3.306781975421028696e-01 6.496358670914883504e-01 1.661356395084205573e-02 3.072371415566681717e-03 0.000000000000000000e+00
4.625000000000000000e+04 1.849950014714083490e-01 4.006599908966773094e-01 5.516613563950841792e-01 3.868912152935821691e-02 8.989531178880291046e-03 0.000000000000000000e+00
4.650000000000000000e+04 1.859949744523348159e-01 4.402594446973145392e-01 4.897587619481110766e-01 5.553026854802002588e-02 1.445152480655439303e-02 0.000000000000000000e+00
4.675000000000000000e+04 1.869949474332612827e-01 4.487938097405553273e-01 4.751934456076468138e-01 5.848884842967683184e-02 1.752389622212107562e-02 0.000000000000000000e+00
4.700000000000000000e+04 1.879949204141879715e-01 4.068047337278106745e-01 4.954483386436049352e-01 8.045061447428311641e-02 1.729631315430131891e-02 0.000000000000000000e+00
4.725000000000000000e+04 1.889948933951144383e-01 3.720983158852981254e-01 5.202548930359581769e-01 9.581247155211652933e-02 1.183431952662721866e-02 0.000000000000000000e+00
4.750000000000000000e+04 1.899948663760409051e-01 3.511606736458807720e-01 5.372098315885298625e-01 1.012744651797906209e-01 1.035502958579881741e-02 0.000000000000000000e+00
4.775000000000000000e+04 1.909948393569675940e-01 3.478607191624943362e-01 5.411925352753754748e-01 1.027537551206190308e-01 8.192990441511151245e-03 0.000000000000000000e+00
4.800000000000000000e+04 1.919948123378940608e-01 3.409194355939917931e-01 5.448338643604915266e-01 1.032089212562585373e-01 1.103777878925807886e-02 0.000000000000000000e+00
4.825000000000000000e+04 1.929947853188205276e-01 3.423987255348202030e-01 5.426718252162039402e-01 1.058261265361857134e-01 9.103322712790167665e-03 0.000000000000000000e+00
4.850000000000000000e+04 1.939947582997469944e-01 3.363677742375967283e-01 5.440373236231224041e-01 1.058261265361857134e-01 1.376877560309512985e-02 0.000000000000000000e+00
4.875000000000000000e+04 1.949947312806736832e-01 3.384160218479745352e-01 5.479062357760582369e-01 1.055985434683659602e-01 8.079198907601274626e-03 0.000000000000000000e+00
4.900000000000000000e+04 1.959947042616001500e-01 3.332954028220300180e-01 5.512061902594447282e-01 1.050295857988165632e-01 1.046882111970869403e-02 0.000000000000000000e+00
4.925000000000000000e+04 1.969946772425266168e-01 3.363677742375967283e-01 5.508648156577150568e-01 1.017296313154301274e-01 1.103777878925807886e-02 0.000000000000000000e+00
4.950000000000000000e+04 1.979946502234533057e-01 3.375056895766954668e-01 5.459717796995903205e-01 1.035502958579881672e-01 1.297223486572599005e-02 0.000000000000000000e+00
4.975000000000000000e+04 1.989946232043797725e-01 3.398953117888028896e-01 5.466545289030496635e-01 1.021847974510696339e-01 1.126536185707783383e-02 0.000000000000000000e+00
5.000000000000000000e+04 1.999945961853062393e-01 3.401228948566226706e-01 5.477924442421483464e-01 1.008192990441511144e-01 1.126536185707783383e-02 0.000000000000000000e+00
5.025000000000000000e+04 2.009945691662327061e-01 3.385298133818843702e-01 5.467683204369594430e-01 1.013882567137004975e-01 1.331360946745562164e-02 0.000000000000000000e+00
5.050000000000000000e+04 2.019945421471593949e-01 3.412608101957214646e-01 5.421028675466544877e-01 1.065088757396449731e-01 1.012744651797906244e-02 0.000000000000000000e+00
5.075000000000000000e+04 2.029945151280858617e-01 3.389849795175238767e-01 5.458579881656804300e-01 1.046882111970869333e-01 1.046882111970869403e-02 0.000000000000000000e+00
5.100000000000000000e+04 2.039944881090123285e-01 3.418297678652708060e-01 5.411925352753754748e-01 1.048020027309968100e-01 1.217569412835685025e-02 0.000000000000000000e+00
5.125000000000000000e+04 2.049944610899390174e-01 3.383022303140646447e-01 5.425580336822940497e-01 1.071916249431042328e-01 1.194811106053709528e-02 0.000000000000000000e+00
5.150000000000000000e+04 2.059944340708654842e-01 3.344333181611288119e-01 5.439235320892125136e-01 1.107191624943104219e-01 1.092398725534820224e-02 0.000000000000000000e+00
5.175000000000000000e+04 2.069944070517919510e-01 3.315885298133818826e-01 5.522303140646336317e-01 1.075329995448338627e-01 8.648156577150659455e-03 0.000000000000000000e+00
5.200000000000000000e+04 2.079943800327184178e-01 3.279472007282658308e-01 5.516613563950841792e-01 1.099226217569412856e-01 1.046882111970869403e-02 0.000000000000000000e+00
5.225000000000000000e+04 2.089943530136451066e-01 3.281747837960855563e-01 5.484751934456076894e-01 1.117432862994993115e-01 1.160673645880746542e-02 0.000000000000000000e+00
5.250000000000000000e+04 2.099943259945715734e-01 3.315885298133818826e-01 5.442649066909421851e-01 1.128812016385980915e-01 1.126536185707783383e-02 0.000000000000000000e+00
5.275000000000000000e+04 2.109942989754980402e-01 3.278334091943559403e-01 5.465407373691397730e-01 1.134501593081474746e-01 1.217569412835685025e-02 0.000000000000000000e+00
5.300000000000000000e+04 2.119942719564247291e-01 3.367091488393263443e-01 5.391442876649977789e-01 1.131087847064178448e-01 1.103777878925807886e-02 0.000000000000000000e+00
5.325000000000000000e+04 2.129942449373511959e-01 3.385298133818843702e-01 5.384615384615384359e-01 1.126536185707783383e-01 1.035502958579881741e-02 0.000000000000000000e+00
5.350000000000000000e+04 2.139942179182776627e-01 3.426263086026399840e-01 5.344788347746927126e-01 1.131087847064178448e-01 9.786071916249430847e-03 0.000000000000000000e+00
5.375000000000000000e+04 2.149941908992041295e-01 3.414883932635411901e-01 5.345926263086026031e-01 1.143604915794264876e-01 9.558488848429677609e-03 0.000000000000000000e+00
5.400000000000000000e+04 2.159941638801308184e-01 3.376194811106053573e-01 5.389167045971779979e-01 1.128812016385980915e-01 1.058261265361857065e-02 0.000000000000000000e+00
5.425000000000000000e+04 2.169941368610572852e-01 3.403504779244423961e-01 5.343650432407829332e-01 1.132225762403277214e-01 1.206190259444697363e-02 0.000000000000000000e+00
5.450000000000000000e+04 2.179941098419837520e-01 3.428538916704597095e-01 5.386891215293582169e-01 1.096950386891215323e-01 8.761948111060537808e-03 0.000000000000000000e+00
5.475000000000000000e+04 2.189940828229104408e-01 3.405780609922621771e-01 5.400546199362767918e-01 1.096950386891215323e-01 9.672280382339554228e-03 0.000000000000000000e+00
5.500000000000000000e+04 2.199940558038369076e-01 3.433090578060992160e-01 5.367546654528903005e-01 1.088984979517523960e-01 1.103777878925807886e-02 0.000000000000000000e+00
5.525000000000000000e+04 2.209940287847633744e-01 3.435366408739189970e-01 5.351615839781520556e-01 1.115157032316795582e-01 9.786071916249430847e-03 0.000000000000000000e+00
5.550000000000000000e+04 2.219940017656900633e-01 3.370505234410559603e-01 5.353891670459717256e-01 1.153846153846153910e-01 1.217569412835685025e-02 0.000000000000000000e+00
5.575000000000000000e+04 2.229939747466165301e-01 3.381884387801547542e-01 5.344788347746927126e-01 1.174328629949931702e-01 9.899863450159307465e-03 0.000000000000000000e+00
5.600000000000000000e+04 2.239939477275429969e-01 3.347746927628584279e-01 5.335685025034136997e-01 1.202776513427400995e-01 1.137915339098771045e-02 0.000000000000000000e+00
5.625000000000000000e+04 2.249939207084694637e-01 3.363677742375967283e-01 5.340236686390532617e-01 1.208466090122894826e-01 8.761948111060537808e-03 0.000000000000000000e+00
5.650000000000000000e+04 2.259938936893961525e-01 3.346609012289485929e-01 5.331133363677742487e-01 1.203914428766499761e-01 1.183431952662721866e-02 0.000000000000000000e+00
5.675000000000000000e+04 2.269938666703226193e-01 3.373918980427856318e-01 5.291306326809285254e-01 1.250568957669549452e-01 8.420573509330906217e-03 0.000000000000000000e+00
