# itime ezz other fcc hcp bcc ico
0.000000000000000000e+00 0.000000000000000000e+00 2.048247610377787811e-03 9.978379608557123026e-01 0.000000000000000000e+00 1.137915339098771066e-04 0.000000000000000000e+00
3.000000000000000000e+00 1.200017867834635155e-03 2.162039144287664864e-03 9.978379608557123026e-01 0.000000000000000000e+00 0.000000000000000000e+00 0.000000000000000000e+00
6.000000000000000000e+00 2.400035735669270309e-03 2.730996813837050560e-03 9.972690031861629611e-01 0.000000000000000000e+00 0.000000000000000000e+00 0.000000000000000000e+00
9.000000000000000000e+00 3.600053603503905464e-03 2.389622212107419402e-03 9.976103777878926326e-01 0.000000000000000000e+00 0.000000000000000000e+00 0.000000000000000000e+00
1.200000000000000000e+01 4.800071471338762663e-03 1.934456076467910759e-03 9.980655439235320836e-01 0.000000000000000000e+00 0.000000000000000000e+00 0.000000000000000000e+00
1.500000000000000000e+01 6.000089339173397818e-03 2.048247610377787811e-03 9.979517523896221931e-01 0.000000000000000000e+00 0.000000000000000000e+00 0.000000000000000000e+00
1.800000000000000000e+01 7.200107207008032972e-03 9.103322712790168532e-04 9.990896677287209870e-01 0.000000000000000000e+00 0.000000000000000000e+00 0.000000000000000000e+00
2.100000000000000000e+01 8.400125074842668127e-03 6.827492034592626399e-04 9.993172507965407680e-01 0.000000000000000000e+00 0.000000000000000000e+00 0.000000000000000000e+00
2.400000000000000000e+01 9.600142942677303282e-03 1.365498406918525280e-03 9.986345015930814251e-01 0.000000000000000000e+00 0.000000000000000000e+00 0.000000000000000000e+00
2.700000000000000000e+01 1.080016081051193844e-02 1.479289940828402332e-03 9.984069185252617551e-01 0.000000000000000000e+00 1.137915339098771066e-04 0.000000000000000000e+00
3.000000000000000000e+01 1.200017867834679564e-02 1.365498406918525280e-03 9.985207100591716456e-01 0.000000000000000000e+00 1.137915339098771066e-04 0.000000000000000000e+00
3.300000000000000000e+01 1.320019654618143079e-02 1.820664542558033706e-03 9.980655439235320836e-01 0.000000000000000000e+00 1.137915339098771066e-04 0.000000000000000000e+00
3.600000000000000000e+01 1.440021441401606594e-02 1.706873008648156654e-03 9.981793354574419741e-01 0.000000000000000000e+00 1.137915339098771066e-04 0.000000000000000000e+00
3.900000000000000000e+01 1.560023228185070110e-02 1.706873008648156654e-03 9.981793354574419741e-01 0.000000000000000000e+00 1.137915339098771066e-04 0.000000000000000000e+00
4.200000000000000000e+01 1.680025014968533625e-02 4.551661356395084266e-04 9.994310423304506585e-01 0.000000000000000000e+00 1.137915339098771066e-04 0.000000000000000000e+00
4.500000000000000000e+01 1.800026801751997141e-02 5.689576695493854790e-04 9.994310423304506585e-01 0.000000000000000000e+00 0.000000000000000000e+00 0.000000000000000000e+00
4.800000000000000000e+01 1.920028588535460656e-02 7.965407373691396923e-04 9.992034592626308775e-01 0.000000000000000000e+00 0.000000000000000000e+00 0.000000000000000000e+00
5.100000000000000000e+01 2.040030375318946376e-02 1.137915339098770958e-03 9.988620846609012061e-01 0.000000000000000000e+00 0.000000000000000000e+00 0.000000000000000000e+00
5.400000000000000000e+01 2.160032162102409892e-02 9.103322712790168532e-04 9.990896677287209870e-01 0.000000000000000000e+00 0.000000000000000000e+00 0.000000000000000000e+00
5.700000000000000000e+01 2.280033948885873407e-02 2.162039144287664864e-03 9.978379608557123026e-01 0.000000000000000000e+00 0.000000000000000000e+00 0.000000000000000000e+00
6.000000000000000000e+01 2.400035735669336923e-02 3.299954483386436255e-03 9.967000455166135087e-01 0.000000000000000000e+00 0.000000000000000000e+00 0.000000000000000000e+00
6.300000000000000000e+01 2.520037522452800438e-02 3.755120619025944465e-03 9.962448793809740577e-01 0.000000000000000000e+00 0.000000000000000000e+00 0.000000000000000000e+00
6.600000000000000000e+01 2.640039309236263954e-02 4.210286754665453109e-03 9.957897132453344957e-01 0.000000000000000000e+00 0.000000000000000000e+00 0.000000000000000000e+00
6.900000000000000000e+01 2.760041096019727469e-02 4.779244424214838804e-03 9.952207555757851543e-01 0.000000000000000000e+00 0.000000000000000000e+00 0.000000000000000000e+00
7.200000000000000000e+01 2.880042882803213189e-02 4.096495220755575623e-03 9.959035047792443862e-01 0.000000000000000000e+00 0.000000000000000000e+00 0.000000000000000000e+00
7.500000000000000000e+01 3.000044669586676704e-02 4.437869822485207214e-03 9.955621301775148257e-01 0.000000000000000000e+00 0.000000000000000000e+00 0.000000000000000000e+00
7.800000000000000000e+01 3.120046456370140220e-02 2.958579881656804664e-03 9.970414201183431802e-01 0.000000000000000000e+00 0.000000000000000000e+00 0.000000000000000000e+00
8.100000000000000000e+01 3.240048243153603735e-02 3.072371415566681717e-03 9.969276285844332897e-01 0.000000000000000000e+00 0.000000000000000000e+00 0.000000000000000000e+00
8.400000000000000000e+01 3.360050029937067251e-02 4.437869822485207214e-03 9.954483386436049352e-01 0.000000000000000000e+00 1.137915339098771066e-04 0.000000000000000000e+00
8.700000000000000000e+01 3.480051816720530766e-02 4.324078288575329727e-03 9.955621301775148257e-01 0.000000000000000000e+00 1.137915339098771066e-04 0.000000000000000000e+00
9.000000000000000000e+01 3.600053603504016486e-02 5.348202093764223633e-03 9.946517979062358128e-01 0.000000000000000000e+00 0.000000000000000000e+00 0.000000000000000000e+00
9.300000000000000000e+01 3.720055390287480002e-02 5.461993627674101119e-03 9.945380063723259223e-01 0.000000000000000000e+00 0.000000000000000000e+00 0.000000000000000000e+00
9.600000000000000000e+01 3.840057177070943517e-02 6.030951297223486815e-03 9.938552571688666903e-01 0.000000000000000000e+00 1.137915339098771066e-04 0.000000000000000000e+00
9.900000000000000000e+01 3.960058963854407033e-02 5.006827492034592909e-03 9.948793809740554828e-01 0.000000000000000000e+00 1.137915339098771066e-04 0.000000000000000000e+00
1.020000000000000000e+02 4.080060750637870548e-02 2.503413746017296455e-03 9.974965862539827421e-01 0.000000000000000000e+00 0.000000000000000000e+00 0.000000000000000000e+00
1.050000000000000000e+02 4.200062537421334063e-02 3.527537551206190360e-03 9.964724624487938387e-01 0.000000000000000000e+00 0.000000000000000000e+00 0.000000000000000000e+00
1.080000000000000000e+02 4.320064324204797579e-02 4.893035958124715423e-03 9.949931725079653733e-01 0.000000000000000000e+00 1.137915339098771066e-04 0.000000000000000000e+00
1.110000000000000000e+02 4.440066110988283299e-02 6.144742831133363434e-03 9.938552571688666903e-01 0.000000000000000000e+00 0.000000000000000000e+00 0.000000000000000000e+00
1.140000000000000000e+02 4.560067897771746814e-02 5.917159763313609329e-03 9.939690487027764698e-01 0.000000000000000000e+00 1.137915339098771066e-04 0.000000000000000000e+00
1.170000000000000000e+02 4.680069684555210330e-02 9.103322712790167665e-03 9.908966772872098705e-01 0.000000000000000000e+00 0.000000000000000000e+00 0.000000000000000000e+00
1.200000000000000000e+02 4.800071471338673845e-02 1.092398725534820224e-02 9.888484296768320636e-01 0.000000000000000000e+00 2.275830678197542133e-04 0.000000000000000000e+00
1.230000000000000000e+02 4.920073258122137361e-02 1.126536185707783383e-02 9.882794720072826111e-01 0.000000000000000000e+00 4.551661356395084266e-04 0.000000000000000000e+00
1.260000000000000000e+02 5.040075044905600876e-02 1.240327719617660522e-02 9.872553482020938187e-01 0.000000000000000000e+00 3.413746017296313199e-04 0.000000000000000000e+00
1.290000000000000000e+02 5.160076831689064392e-02 1.081019572143832562e-02 9.889622212107419541e-01 0.000000000000000000e+00 2.275830678197542133e-04 0.000000000000000000e+00
1.320000000000000000e+02 5.280078618472550112e-02 1.149294492489758707e-02 9.880518889394629412e-01 0.000000000000000000e+00 4.551661356395084266e-04 0.000000000000000000e+00
1.350000000000000000e+02 5.400080405256013627e-02 1.228948566226672687e-02 9.871415566681839282e-01 0.000000000000000000e+00 5.689576695493854790e-04 0.000000000000000000e+00
1.380000000000000000e+02 5.520082192039477142e-02 1.217569412835685025e-02 9.872553482020938187e-01 0.000000000000000000e+00 5.689576695493854790e-04 0.000000000000000000e+00
1.410000000000000000e+02 5.640083978822940658e-02 1.308602639963586667e-02 9.863450159308146947e-01 0.000000000000000000e+00 5.689576695493854790e-04 0.000000000000000000e+00
1.440000000000000000e+02 5.760085765606404173e-02 1.456531634046426965e-02 9.846381429221665593e-01 0.000000000000000000e+00 7.965407373691396923e-04 0.000000000000000000e+00
1.470000000000000000e+02 5.880087552389867689e-02 1.490669094219390124e-02 9.847519344560764498e-01 0.000000000000000000e+00 3.413746017296313199e-04 0.000000000000000000e+00
1.500000000000000000e+02 6.000089339173353409e-02 1.695493855257168905e-02 9.828174783796085334e-01 0.000000000000000000e+00 2.275830678197542133e-04 0.000000000000000000e+00
1.530000000000000000e+02 6.120091125956816924e-02 2.014110150204824826e-02 9.790623577605825911e-01 0.000000000000000000e+00 7.965407373691396923e-04 0.000000000000000000e+00
1.560000000000000000e+02 6.240092912740280440e-02 2.162039144287665124e-02 9.775830678197542367e-01 0.000000000000000000e+00 7.965407373691396923e-04 0.000000000000000000e+00
1.590000000000000000e+02 6.360094699523743955e-02 2.514792899408284030e-02 9.741693218024578549e-01 0.000000000000000000e+00 6.827492034592626399e-04 0.000000000000000000e+00
1.620000000000000000e+02 6.480096486307207471e-02 2.651342740100136666e-02 9.725762403277196100e-01 0.000000000000000000e+00 9.103322712790168532e-04 0.000000000000000000e+00
1.650000000000000000e+02 6.600098273090670986e-02 3.015475648611743234e-02 9.691624943104233392e-01 0.000000000000000000e+00 6.827492034592626399e-04 0.000000000000000000e+00
1.680000000000000000e+02 6.720100059874134502e-02 3.208921256258534527e-02 9.667728720983158608e-01 0.000000000000000000e+00 1.137915339098770958e-03 0.000000000000000000e+00
1.710000000000000000e+02 6.840101846657620221e-02 3.243058716431497512e-02 9.663177059626764098e-01 0.000000000000000000e+00 1.251706873008648227e-03 0.000000000000000000e+00
1.740000000000000000e+02 6.960103633441083737e-02 3.527537551206190447e-02 9.637005006827491504e-01 0.000000000000000000e+00 1.024123805188893906e-03 0.000000000000000000e+00
1.770000000000000000e+02 7.080105420224547252e-02 3.994082840236686666e-02 9.590350477924441952e-01 0.000000000000000000e+00 1.024123805188893906e-03 0.000000000000000000e+00
1.800000000000000000e+02 7.200107207008010768e-02 4.130632680928538608e-02 9.568730086481566088e-01 0.000000000000000000e+00 1.820664542558033706e-03 0.000000000000000000e+00
1.830000000000000000e+02 7.320108993791474283e-02 4.005461993627674328e-02 9.571005917159762788e-01 0.000000000000000000e+00 2.844788347746927612e-03 0.000000000000000000e+00
1.860000000000000000e+02 7.440110780574937799e-02 4.176149294492489950e-02 9.556213017751479244e-01 0.000000000000000000e+00 2.617205279927173507e-03 0.000000000000000000e+00
1.890000000000000000e+02 7.560112567358401314e-02 4.358215748748293233e-02 9.536868456986800080e-01 0.000000000000000000e+00 2.730996813837050560e-03 0.000000000000000000e+00
1.920000000000000000e+02 7.680114354141887034e-02 4.847519344560764776e-02 9.498179335457441752e-01 0.000000000000000000e+00 1.706873008648156654e-03 0.000000000000000000e+00
1.950000000000000000e+02 7.800116140925350550e-02 5.245789713245334329e-02 9.450386891215293295e-01 0.000000000000000000e+00 2.503413746017296455e-03 0.000000000000000000e+00
1.980000000000000000e+02 7.920117927708814065e-02 5.632680928538916915e-02 9.410559854346836062e-01 0.000000000000000000e+00 2.617205279927173507e-03 0.000000000000000000e+00
2.010000000000000000e+02 8.040119714492277581e-02 6.338188438780155420e-02 9.333181611288120516e-01 0.000000000000000000e+00 3.299954483386436255e-03 0.000000000000000000e+00
2.040000000000000000e+02 8.160121501275741096e-02 6.884387801547564578e-02 9.277423759672280834e-01 0.000000000000000000e+00 3.413746017296313308e-03 0.000000000000000000e+00
2.070000000000000000e+02 8.280123288059204611e-02 7.328174783796086167e-02 9.238734638142922506e-01 0.000000000000000000e+00 2.844788347746927612e-03 0.000000000000000000e+00
2.100000000000000000e+02 8.400125074842690331e-02 7.134729176149294527e-02 9.259217114246700575e-01 0.000000000000000000e+00 2.730996813837050560e-03 0.000000000000000000e+00
2.130000000000000000e+02 8.520126861626153847e-02 7.487482931269913433e-02 9.223941738734637852e-01 0.000000000000000000e+00 2.730996813837050560e-03 0.000000000000000000e+00
2.160000000000000000e+02 8.640128648409617362e-02 8.181611288120163583e-02 9.149977241693217911e-01 0.000000000000000000e+00 3.186162949476558769e-03 0.000000000000000000e+00
2.190000000000000000e+02 8.760130435193080878e-02 8.648156577150660496e-02 9.091943559399180419e-01 0.000000000000000000e+00 4.324078288575329727e-03 0.000000000000000000e+00
2.220000000000000000e+02 8.880132221976544393e-02 9.740555302685480199e-02 8.987255348202093375e-01 0.000000000000000000e+00 3.868912152935821518e-03 0.000000000000000000e+00
2.250000000000000000e+02 9.000134008760007909e-02 1.042330450614474269e-01 8.918980427856167958e-01 0.000000000000000000e+00 3.868912152935821518e-03 0.000000000000000000e+00
2.280000000000000000e+02 9.120135795543471424e-02 1.075329995448338627e-01 8.871187983614019501e-01 0.000000000000000000e+00 5.348202093764223633e-03 0.000000000000000000e+00
2.310000000000000000e+02 9.240137582326957144e-02 1.190259444697314567e-01 8.746017296313154388e-01 0.000000000000000000e+00 6.372325898953117539e-03 0.000000000000000000e+00
2.340000000000000000e+02 9.360139369110420660e-02 1.185707783340919502e-01 8.756258534365043422e-01 0.000000000000000000e+00 5.803368229403732710e-03 0.000000000000000000e+00
2.370000000000000000e+02 9.480141155893884175e-02 1.252844788347746985e-01 8.686845698680017991e-01 0.000000000000000000e+00 6.030951297223486815e-03 0.000000000000000000e+00
2.400000000000000000e+02 9.600142942677347691e-02 1.309740555302685572e-01 8.626536185707783799e-01 0.000000000000000000e+00 6.372325898953117539e-03 0.000000000000000000e+00
2.430000000000000000e+02 9.720144729460811206e-02 1.397360036413290985e-01 8.530951297223486884e-01 0.000000000000000000e+00 7.168866636322257339e-03 0.000000000000000000e+00
2.460000000000000000e+02 9.840146516244274721e-02 1.498634501593081592e-01 8.426263086026399840e-01 0.000000000000000000e+00 7.510241238051888930e-03 0.000000000000000000e+00
2.490000000000000000e+02 9.960148303027738237e-02 1.560081929904415243e-01 8.351160673645880994e-01 0.000000000000000000e+00 8.875739644970414427e-03 0.000000000000000000e+00
2.520000000000000000e+02 1.008015008981122396e-01 1.638598088302230249e-01 8.277196176604461053e-01 0.000000000000000000e+00 8.420573509330906217e-03 0.000000000000000000e+00
2.550000000000000000e+02 1.020015187659468747e-01 1.682976786527082269e-01 8.216886663632225751e-01 0.000000000000000000e+00 1.001365498406918582e-02 0.000000000000000000e+00
2.580000000000000000e+02 1.032015366337815099e-01 1.750113791533909890e-01 8.157715065999089354e-01 0.000000000000000000e+00 9.217114246700046018e-03 0.000000000000000000e+00
2.610000000000000000e+02 1.044015545016161450e-01 1.845698680018206528e-01 8.051888939462903405e-01 0.000000000000000000e+00 1.024123805188893906e-02 0.000000000000000000e+00
2.640000000000000000e+02 1.056015723694507802e-01 1.949248975876194945e-01 7.931269913518433912e-01 0.000000000000000000e+00 1.194811106053709528e-02 0.000000000000000000e+00
2.670000000000000000e+02 1.068015902372854153e-01 2.041420118343195145e-01 7.835685025034136997e-01 0.000000000000000000e+00 1.228948566226672687e-02 0.000000000000000000e+00
2.700000000000000000e+02 1.080016081051202725e-01 2.168866636322257513e-01 7.682066454255803700e-01 0.000000000000000000e+00 1.490669094219390124e-02 0.000000000000000000e+00
2.730000000000000000e+02 1.092016259729549077e-01 2.246244879380974169e-01 7.601274465179790329e-01 0.000000000000000000e+00 1.524806554392353283e-02 0.000000000000000000e+00
2.760000000000000000e+02 1.104016438407895428e-01 2.336140191169776836e-01 7.500000000000000000e-01 0.000000000000000000e+00 1.638598088302230249e-02 0.000000000000000000e+00
2.790000000000000000e+02 1.116016617086241780e-01 2.395311788802912956e-01 7.432862994993172379e-01 0.000000000000000000e+00 1.718252162039144229e-02 0.000000000000000000e+00
2.820000000000000000e+02 1.128016795764588132e-01 2.490896677287209870e-01 7.314519799726900695e-01 1.137915339098771066e-04 1.934456076467910846e-02 0.000000000000000000e+00
2.850000000000000000e+02 1.140016974442934483e-01 2.601274465179790885e-01 7.190487027765134487e-01 1.137915339098771066e-04 2.071005917159763482e-02 0.000000000000000000e+00
2.880000000000000000e+02 1.152017153121280835e-01 2.818616294947655643e-01 6.961766044606281234e-01 1.137915339098771066e-04 2.184797451069640448e-02 0.000000000000000000e+00
2.910000000000000000e+02 1.164017331799629407e-01 3.050751024123805055e-01 6.713700500682748817e-01 1.137915339098771066e-04 2.344105598543468408e-02 0.000000000000000000e+00
2.940000000000000000e+02 1.176017510477975758e-01 3.204369594902139462e-01 6.541875284478835262e-01 1.137915339098771066e-04 2.526172052799271692e-02 0.000000000000000000e+00
2.970000000000000000e+02 1.188017689156322110e-01 3.361401911697769473e-01 6.356395084205734847e-01 1.137915339098771066e-04 2.810650887573964626e-02 0.000000000000000000e+00
3.000000000000000000e+02 1.200017867834668461e-01 3.568502503413745752e-01 6.118570778334091465e-01 1.137915339098771066e-04 3.117888029130632538e-02 0.000000000000000000e+00
3.030000000000000000e+02 1.212018046513014813e-01 3.747155211652253293e-01 5.921711424670004220e-01 1.137915339098771066e-04 3.299954483386435822e-02 0.000000000000000000e+00
3.060000000000000000e+02 1.224018225191361164e-01 3.889394629039599205e-01 5.737369139736003820e-01 1.137915339098771066e-04 3.720983158852981393e-02 0.000000000000000000e+00
3.090000000000000000e+02 1.236018403869707516e-01 4.077150659990896875e-01 5.560992262175694645e-01 0.000000000000000000e+00 3.618570778334091742e-02 0.000000000000000000e+00
3.120000000000000000e+02 1.248018582548056088e-01 4.217114246700045532e-01 5.406235776058261333e-01 0.000000000000000000e+00 3.766499772416932040e-02 0.000000000000000000e+00
3.150000000000000000e+02 1.260018761226402439e-01 4.413973600364132777e-01 5.201411015020482864e-01 0.000000000000000000e+00 3.846153846153846367e-02 0.000000000000000000e+00
3.180000000000000000e+02 1.272018939904748791e-01 4.530040964952207760e-01 5.037551206190259423e-01 0.000000000000000000e+00 4.324078288575330248e-02 0.000000000000000000e+00
3.210000000000000000e+02 1.284019118583095143e-01 4.573281747837960598e-01 4.929449248975876219e-01 0.000000000000000000e+00 4.972690031861629750e-02 0.000000000000000000e+00
3.240000000000000000e+02 1.296019297261441494e-01 4.745106964041875264e-01 4.731451979972690070e-01 1.137915339098771066e-04 5.223031406463359005e-02 0.000000000000000000e+00
3.270000000000000000e+02 1.308019475939787846e-01 4.842967683204369433e-01 4.586936731907146347e-01 2.275830678197542133e-04 5.678197542102867562e-02 0.000000000000000000e+00
3.300000000000000000e+02 1.320019654618136418e-01 5.011379153390987939e-01 4.398042785616750328e-01 2.275830678197542133e-04 5.883022303140646170e-02 0.000000000000000000e+00
3.330000000000000000e+02 1.332019833296482769e-01 5.177514792899408080e-01 4.235320892125625791e-01 4.551661356395084266e-04 5.826126536185707860e-02 0.000000000000000000e+00
3.360000000000000000e+02 1.344020011974829121e-01 5.296995903504779779e-01 4.080564406008193035e-01 5.689576695493854790e-04 6.167501137915339104e-02 0.000000000000000000e+00
3.390000000000000000e+02 1.356020190653175472e-01 5.451752389622211981e-01 3.871187983614018946e-01 6.827492034592626399e-04 6.702321347291761988e-02 0.000000000000000000e+00
3.420000000000000000e+02 1.368020369331521824e-01 5.711197086936732337e-01 3.585571233500227661e-01 7.965407373691396923e-04 6.952662721893490549e-02 0.000000000000000000e+00
3.450000000000000000e+02 1.380020548009868175e-01 5.912608101957214091e-01 3.354574419663177154e-01 6.827492034592626399e-04 7.259899863450158808e-02 0.000000000000000000e+00
3.480000000000000000e+02 1.392020726688214527e-01 6.045744196631770428e-01 3.165680473372781134e-01 1.137915339098770958e-03 7.771961766044606368e-02 0.000000000000000000e+00
3.510000000000000000e+02 1.404020905366563099e-01 6.128812016385980499e-01 3.041647701411014926e-01 1.593081474738279385e-03 8.136094674556212936e-02 0.000000000000000000e+00
3.540000000000000000e+02 1.416021084044909450e-01 6.257396449704142327e-01 2.859581247155211781e-01 1.820664542558033706e-03 8.648156577150660496e-02 0.000000000000000000e+00
3.570000000000000000e+02 1.428021262723255802e-01 6.325671370050067743e-01 2.766272189349112676e-01 1.934456076467910759e-03 8.887118798361401395e-02 0.000000000000000000e+00
3.600000000000000000e+02 1.440021441401602154e-01 6.466772872098316416e-01 2.603550295857988139e-01 2.617205279927173507e-03 9.035047792444242387e-02 0.000000000000000000e+00
3.630000000000000000e+02 1.452021620079948505e-01 6.634046426945835462e-01 2.399863450159308020e-01 2.275830678197541916e-03 9.433318161128811941e-02 0.000000000000000000e+00
3.660000000000000000e+02 1.464021798758294857e-01 6.736458807464724696e-01 2.228038233955393632e-01 3.186162949476558769e-03 1.003641329085116080e-01 0.000000000000000000e+00
3.690000000000000000e+02 1.476021977436643429e-01 6.834319526627219421e-01 2.066454255803368278e-01 3.186162949476558769e-03 1.067364588074647264e-01 0.000000000000000000e+00
3.720000000000000000e+02 1.488022156114989780e-01 6.960628129267182329e-01 1.933318161128811941e-01 3.186162949476558769e-03 1.074192080109239861e-01 0.000000000000000000e+00
3.750000000000000000e+02 1.500022334793336132e-01 7.072143832498861693e-01 1.804733727810650945e-01 3.641329085116067413e-03 1.086709148839326289e-01 0.000000000000000000e+00
3.780000000000000000e+02 1.512022513471682483e-01 7.134729176149294805e-01 1.695493855257168836e-01 5.120619025944469528e-03 1.118570778334091881e-01 0.000000000000000000e+00
3.810000000000000000e+02 1.524022692150028835e-01 7.159763313609467383e-01 1.605598543468365891e-01 6.599908966772872511e-03 1.168639053254437871e-01 0.000000000000000000e+00
3.840000000000000000e+02 1.536022870828375186e-01 7.218934911242603780e-01 1.517979062357760478e-01 6.372325898953117539e-03 1.199362767410104696e-01 0.000000000000000000e+00
3.870000000000000000e+02 1.548023049506721538e-01 7.275830678197542367e-01 1.397360036413290985e-01 6.030951297223486815e-03 1.266499772416932179e-01 0.000000000000000000e+00
3.900000000000000000e+02 1.560023228185070110e-01 7.345243513882566688e-01 1.297223486572599005e-01 5.461993627674101119e-03 1.302913063268092975e-01 0.000000000000000000e+00
3.930000000000000000e+02 1.572023406863416461e-01 7.419208010923987739e-01 1.203914428766499761e-01 6.258534365043240920e-03 1.314292216659080637e-01 0.000000000000000000e+00
3.960000000000000000e+02 1.584023585541762813e-01 7.485207100591716456e-01 1.131087847064178448e-01 6.713700500682749130e-03 1.316568047337278169e-01 0.000000000000000000e+00
3.990000000000000000e+02 1.596023764220109165e-01 7.544378698224851743e-01 1.033227127901684139e-01 8.192990441511151245e-03 1.340464269458352398e-01 0.000000000000000000e+00
4.020000000000000000e+02 1.608023942898455516e-01 7.567137005006827621e-01 9.558488848429676221e-02 1.035502958579881741e-02 1.373463814292216756e-01 0.000000000000000000e+00
4.050000000000000000e+02 1.620024121576801868e-01 7.612653618570778269e-01 8.864360491579426071e-02 1.160673645880746542e-02 1.384842967683204418e-01 0.000000000000000000e+00
4.080000000000000000e+02 1.632024300255148219e-01 7.674101046882112476e-01 7.988165680473373331e-02 1.251706873008648184e-02 1.401911697769686049e-01 0.000000000000000000e+00
4.110000000000000000e+02 1.644024478933496791e-01 7.733272644515247762e-01 7.476103777878925771e-02 1.115157032316795548e-02 1.407601274465179741e-01 0.000000000000000000e+00
4.140000000000000000e+02 1.656024657611843143e-01 7.810650887573964418e-01 6.861629494765589254e-02 1.365498406918525323e-02 1.366636322257624159e-01 0.000000000000000000e+00
4.170000000000000000e+02 1.668024836290189494e-01 7.817478379608556738e-01 6.565771506599908658e-02 1.467910787437414627e-02 1.379153390987710448e-01 0.000000000000000000e+00
4.200000000000000000e+02 1.680025014968535846e-01 7.843650432407829332e-01 6.429221665908056715e-02 1.365498406918525323e-02 1.376877560309512916e-01 0.000000000000000000e+00
4.230000000000000000e+02 1.692025193646882197e-01 7.901684114701865713e-01 6.019572143832498806e-02 1.456531634046426965e-02 1.350705507510241155e-01 0.000000000000000000e+00
4.260000000000000000e+02 1.704025372325228549e-01 7.950614474283113076e-01 5.666818388711879900e-02 1.570323167956303931e-02 1.325671370050068298e-01 0.000000000000000000e+00
4.290000000000000000e+02 1.716025551003577121e-01 7.959717796995903205e-01 5.564406008192990249e-02 1.604460628129267263e-02 1.323395539371870766e-01 0.000000000000000000e+00
4.320000000000000000e+02 1.728025729681923472e-01 8.002958579881657153e-01 5.234410559854346667e-02 1.570323167956303931e-02 1.316568047337278169e-01 0.000000000000000000e+00
4.350000000000000000e+02 1.740025908360269824e-01 8.045061447428311086e-01 4.585798816568047165e-02 1.706873008648156567e-02 1.325671370050068298e-01 0.000000000000000000e+00
4.380000000000000000e+02 1.752026087038616176e-01 8.048475193445607800e-01 4.403732362312243881e-02 1.911697769685935522e-02 1.319981793354574329e-01 0.000000000000000000e+00
4.410000000000000000e+02 1.764026265716962527e-01 8.088302230314065033e-01 4.210286754665452935e-02 1.866181156121984527e-02 1.304050978607191602e-01 0.000000000000000000e+00
4.440000000000000000e+02 1.776026444395308879e-01 8.144060081929904715e-01 3.982703686845699004e-02 1.877560309512972189e-02 1.269913518434228616e-01 0.000000000000000000e+00
4.470000000000000000e+02 1.788026623073655230e-01 8.183887118798361948e-01 3.698224852071006069e-02 1.866181156121984527e-02 1.259672280382339582e-01 0.000000000000000000e+00
4.500000000000000000e+02 1.800026801752003802e-01 8.253299954483386269e-01 3.652708238507055422e-02 1.911697769685935522e-02 1.190259444697314567e-01 0.000000000000000000e+00
4.530000000000000000e+02 1.812026980430350154e-01 8.285161583978152278e-01 3.516158397815202785e-02 1.945835229858898507e-02 1.168639053254437871e-01 0.000000000000000000e+00
4.560000000000000000e+02 1.824027159108696505e-01 8.247610377787892855e-01 3.573054164770141095e-02 2.150659990896677115e-02 1.180018206645425533e-01 0.000000000000000000e+00
4.590000000000000000e+02 1.836027337787042857e-01 8.277196176604461053e-01 3.493400091033227461e-02 2.230314064633591095e-02 1.150432407828857473e-01 0.000000000000000000e+00
4.620000000000000000e+02 1.848027516465389208e-01 8.302230314064633632e-01 3.447883477469276120e-02 2.435138825671370050e-02 1.109467455621301751e-01 0.000000000000000000e+00
4.650000000000000000e+02 1.860027695143735560e-01 8.314747382794720476e-01 3.186162949476559203e-02 2.480655439235321044e-02 1.118570778334091881e-01 0.000000000000000000e+00
4.680000000000000000e+02 1.872027873822081911e-01 8.345471096950386469e-01 2.992717341829767910e-02 2.571688666363222686e-02 1.098088302230314089e-01 0.000000000000000000e+00
4.710000000000000000e+02 1.884028052500430483e-01 8.401228948566226151e-01 2.753755120619025970e-02 2.560309512972235024e-02 1.067364588074647264e-01 0.000000000000000000e+00
4.740000000000000000e+02 1.896028231178776835e-01 8.436504324078288874e-01 2.753755120619025970e-02 2.514792899408284030e-02 1.036640873918980438e-01 0.000000000000000000e+00
4.770000000000000000e+02 1.908028409857123187e-01 8.425125170687300935e-01 2.765134274010013632e-02 2.639963586709149004e-02 1.034365043240782905e-01 0.000000000000000000e+00
4.800000000000000000e+02 1.920028588535469538e-01 8.461538461538461453e-01 2.765134274010013632e-02 2.435138825671370050e-02 1.018434228493400040e-01 0.000000000000000000e+00
4.830000000000000000e+02 1.932028767213815890e-01 8.484296768320437332e-01 2.617205279927173334e-02 2.651342740100136666e-02 9.888484296768319803e-02 0.000000000000000000e+00
4.860000000000000000e+02 1.944028945892162241e-01 8.526399635867091265e-01 2.526172052799271692e-02 2.765134274010013632e-02 9.444697314519799602e-02 0.000000000000000000e+00
4.890000000000000000e+02 1.956029124570510813e-01 8.621984524351388179e-01 2.412380518889394726e-02 2.674101046882111990e-02 8.693673190714611143e-02 0.000000000000000000e+00
4.920000000000000000e+02 1.968029303248857165e-01 8.645880746472462963e-01 2.401001365498407064e-02 2.674101046882111990e-02 8.466090122894856518e-02 0.000000000000000000e+00
4.950000000000000000e+02 1.980029481927203516e-01 8.660673645880746507e-01 2.412380518889394726e-02 2.776513427401001294e-02 8.204369594902138907e-02 0.000000000000000000e+00
4.980000000000000000e+02 1.992029660605549868e-01 8.674328629949932257e-01 2.366863905325443732e-02 2.765134274010013632e-02 8.124715521165225274e-02 0.000000000000000000e+00
5.010000000000000000e+02 2.004029839283896219e-01 8.682294037323623481e-01 2.332726445152480746e-02 2.696859353664087314e-02 8.147473827947200598e-02 0.000000000000000000e+00
5.040000000000000000e+02 2.016030017962242571e-01 8.698224852071005930e-01 2.116522530723714129e-02 2.822030040964952288e-02 8.079198907601274626e-02 0.000000000000000000e+00
5.070000000000000000e+02 2.028030196640588922e-01 8.743741465634956578e-01 1.968593536640873831e-02 2.947200728265816916e-02 7.646791078743742087e-02 0.000000000000000000e+00
5.100000000000000000e+02 2.040030375318937494e-01 8.791533909877105035e-01 1.911697769685935522e-02 2.822030040964952288e-02 7.350933090578061491e-02 0.000000000000000000e+00
5.130000000000000000e+02 2.052030553997283846e-01 8.777878925807920396e-01 1.979972690031861493e-02 2.913063268092853930e-02 7.328174783796086167e-02 0.000000000000000000e+00
5.160000000000000000e+02 2.064030732675630198e-01 8.831360946745562268e-01 1.854802002730996865e-02 2.605826126536185672e-02 7.225762403277195822e-02 0.000000000000000000e+00
5.190000000000000000e+02 2.076030911353976549e-01 8.856395084205734847e-01 1.843422849340009204e-02 2.674101046882111990e-02 6.918525261720527564e-02 0.000000000000000000e+00
5.220000000000000000e+02 2.088031090032322901e-01 8.918980427856167958e-01 1.638598088302230249e-02 2.617205279927173334e-02 6.554392353208920996e-02 0.000000000000000000e+00
5.250000000000000000e+02 2.100031268710669252e-01 8.926945835229859183e-01 1.672735548475193582e-02 2.810650887573964626e-02 6.247155211652252738e-02 0.000000000000000000e+00
5.280000000000000000e+02 2.112031447389015604e-01 8.944014565316340537e-01 1.752389622212107562e-02 2.685480200273099652e-02 6.121984524351388457e-02 0.000000000000000000e+00
5.310000000000000000e+02 2.124031626067364176e-01 8.973600364132908735e-01 1.581702321347291593e-02 2.639963586709149004e-02 6.042330450614474130e-02 0.000000000000000000e+00
5.340000000000000000e+02 2.136031804745710527e-01 8.995220755575785709e-01 1.502048247610377786e-02 2.651342740100136666e-02 5.894401456531633832e-02 0.000000000000000000e+00
5.370000000000000000e+02 2.148031983424056879e-01 9.017979062357760478e-01 1.456531634046426965e-02 2.469276285844333035e-02 5.894401456531633832e-02 0.000000000000000000e+00
5.400000000000000000e+02 2.160032162102403230e-01 9.050978607191625391e-01 1.479289940828402289e-02 2.412380518889394726e-02 5.598543468365953235e-02 0.000000000000000000e+00
5.430000000000000000e+02 2.172032340780749582e-01 9.060081929904415521e-01 1.502048247610377786e-02 2.298588984979517413e-02 5.598543468365953235e-02 0.000000000000000000e+00
5.460000000000000000e+02 2.184032519459095933e-01 9.088529813381884814e-01 1.547564861174328607e-02 2.309968138370505075e-02 5.257168866636321991e-02 0.000000000000000000e+00
5.490000000000000000e+02 2.196032698137444505e-01 9.122667273554847522e-01 1.433773327264451468e-02 2.253072371415566766e-02 5.086481565771506369e-02 0.000000000000000000e+00
5.520000000000000000e+02 2.208032876815790857e-01 9.134046426945835462e-01 1.388256713700500647e-02 2.287209831588529751e-02 4.984069185252617412e-02 0.000000000000000000e+00
5.550000000000000000e+02 2.220033055494137209e-01 9.162494310423304755e-01 1.354119253527537488e-02 2.321347291761493084e-02 4.699590350477924477e-02 0.000000000000000000e+00
5.580000000000000000e+02 2.232033234172483560e-01 9.144287664997724496e-01 1.342740100136549826e-02 2.548930359581247015e-02 4.665452890304961492e-02 0.000000000000000000e+00
5.610000000000000000e+02 2.244033412850829912e-01 9.146563495675921196e-01 1.365498406918525323e-02 2.378243058716431393e-02 4.790623577605826466e-02 0.000000000000000000e+00
5.640000000000000000e+02 2.256033591529176263e-01 9.155666818388711325e-01 1.433773327264451468e-02 2.264451524806554428e-02 4.745106964041875125e-02 0.000000000000000000e+00
5.670000000000000000e+02 2.268033770207522615e-01 9.170459717796995980e-01 1.422394173873463806e-02 2.287209831588529751e-02 4.585798816568047165e-02 0.000000000000000000e+00
5.700000000000000000e+02 2.280033948885871187e-01 9.184114701866180619e-01 1.399635867091488309e-02 2.298588984979517413e-02 4.460628129267182190e-02 0.000000000000000000e+00
5.730000000000000000e+02 2.292034127564217538e-01 9.194355939918069653e-01 1.308602639963586667e-02 2.287209831588529751e-02 4.460628129267182190e-02 0.000000000000000000e+00
5.760000000000000000e+02 2.304034306242563890e-01 9.204597177969958688e-01 1.297223486572599005e-02 2.332726445152480746e-02 4.324078288575330248e-02 0.000000000000000000e+00
5.790000000000000000e+02 2.316034484920910241e-01 9.228493400091033472e-01 1.342740100136549826e-02 2.309968138370505075e-02 4.050978607191624975e-02 1.137915339098771066e-04
5.820000000000000000e+02 2.328034663599256593e-01 9.246700045516613731e-01 1.240327719617660522e-02 2.344105598543468408e-02 3.937187073281747662e-02 1.137915339098771066e-04
5.850000000000000000e+02 2.340034842277602944e-01 9.297906235776057793e-01 1.240327719617660522e-02 2.275830678197542090e-02 3.493400091033227461e-02 1.137915339098771066e-04
5.880000000000000000e+02 2.352035020955949296e-01 9.287664997724169869e-01 1.274465179790623508e-02 2.275830678197542090e-02 3.561675011379153433e-02 1.137915339098771066e-04
5.910000000000000000e+02 2.364035199634297868e-01 9.289940828402366568e-01 1.228948566226672687e-02 2.457897132453345374e-02 3.413746017296313134e-02 0.000000000000000000e+00
5.940000000000000000e+02 2.376035378312644220e-01 9.308147473827946827e-01 1.172052799271734204e-02 2.401001365498407064e-02 3.345471096950387163e-02 0.000000000000000000e+00
5.970000000000000000e+02 2.388035556990990571e-01 9.351388256713700775e-01 1.228948566226672687e-02 2.264451524806554428e-02 2.992717341829767910e-02 0.000000000000000000e+00
6.000000000000000000e+02 2.400035735669336923e-01 9.386663632225762388e-01 1.115157032316795548e-02 2.048247610377787811e-02 2.969959035047792587e-02 0.000000000000000000e+00
6.030000000000000000e+02 2.412035914347683274e-01 9.376422394173873354e-01 1.024123805188893906e-02 2.196176604460628110e-02 3.015475648611743234e-02 0.000000000000000000e+00
6.060000000000000000e+02 2.424036093026029626e-01 9.409421939007738267e-01 1.001365498406918582e-02 2.002730996813837164e-02 2.901684114701866268e-02 0.000000000000000000e+00
6.090000000000000000e+02 2.436036271704378198e-01 9.380974055530268974e-01 1.081019572143832562e-02 2.082385070550751144e-02 3.026854802002730896e-02 0.000000000000000000e+00
6.120000000000000000e+02 2.448036450382724549e-01 9.383249886208465673e-01 1.058261265361857065e-02 2.105143377332726468e-02 3.004096495220755572e-02 0.000000000000000000e+00
6.150000000000000000e+02 2.460036629061070901e-01 9.386663632225762388e-01 1.092398725534820224e-02 2.048247610377787811e-02 2.992717341829767910e-02 0.000000000000000000e+00
6.180000000000000000e+02 2.472036807739417252e-01 9.407146108329540457e-01 9.899863450159307465e-03 2.025489303595812488e-02 2.913063268092853930e-02 0.000000000000000000e+00
6.210000000000000000e+02 2.484036986417763604e-01 9.391215293582158008e-01 1.001365498406918582e-02 2.162039144287665124e-02 2.924442421483841592e-02 0.000000000000000000e+00
6.240000000000000000e+02 2.496037165096109955e-01 9.399180700955849233e-01 1.115157032316795548e-02 2.071005917159763482e-02 2.822030040964952288e-02 0.000000000000000000e+00
6.270000000000000000e+02 2.508037343774456307e-01 9.406008192990441552e-01 1.081019572143832562e-02 2.014110150204824826e-02 2.844788347746927612e-02 0.000000000000000000e+00
6.300000000000000000e+02 2.520037522452804879e-01 9.419663177059627301e-01 1.137915339098771045e-02 1.979972690031861493e-02 2.685480200273099652e-02 0.000000000000000000e+00
6.330000000000000000e+02 2.532037701131151231e-01 9.439007737824305355e-01 1.183431952662721866e-02 1.900318616294947513e-02 2.514792899408284030e-02 1.137915339098771066e-04
6.360000000000000000e+02 2.544037879809497582e-01 9.450386891215293295e-01 1.240327719617660522e-02 1.888939462903959851e-02 2.355484751934456070e-02 1.137915339098771066e-04
6.390000000000000000e+02 2.556038058487843934e-01 9.457214383249886724e-01 1.228948566226672687e-02 1.843422849340009204e-02 2.355484751934456070e-02 0.000000000000000000e+00
6.420000000000000000e+02 2.568038237166190285e-01 9.462903959945380139e-01 1.194811106053709528e-02 1.729631315430131891e-02 2.446517979062357712e-02 0.000000000000000000e+00
6.450000000000000000e+02 2.580038415844536637e-01 9.492489758761948337e-01 1.126536185707783383e-02 1.718252162039144229e-02 2.230314064633591095e-02 0.000000000000000000e+00
6.480000000000000000e+02 2.592038594522882988e-01 9.497041420118342847e-01 1.126536185707783383e-02 1.729631315430131891e-02 2.173418297678652786e-02 0.000000000000000000e+00
6.510000000000000000e+02 2.604038773201231560e-01 9.503868912152936277e-01 1.046882111970869403e-02 1.923076923076923184e-02 1.991351843422849502e-02 0.000000000000000000e+00
6.540000000000000000e+02 2.616038951879577912e-01 9.508420573509330787e-01 9.558488848429677609e-03 2.014110150204824826e-02 1.945835229858898507e-02 0.000000000000000000e+00
6.570000000000000000e+02 2.628039130557924263e-01 9.507282658170231882e-01 1.001365498406918582e-02 2.048247610377787811e-02 1.877560309512972189e-02 0.000000000000000000e+00
6.600000000000000000e+02 2.640039309236270615e-01 9.525489303595812141e-01 1.001365498406918582e-02 1.979972690031861493e-02 1.763768775603095224e-02 0.000000000000000000e+00
6.630000000000000000e+02 2.652039487914616966e-01 9.524351388256713236e-01 1.069640418752844727e-02 1.923076923076923184e-02 1.763768775603095224e-02 0.000000000000000000e+00
6.660000000000000000e+02 2.664039666592963318e-01 9.522075557578516536e-01 1.126536185707783383e-02 1.991351843422849502e-02 1.661356395084205573e-02 0.000000000000000000e+00
6.690000000000000000e+02 2.676039845271311890e-01 9.533454710969503365e-01 1.126536185707783383e-02 1.854802002730996865e-02 1.672735548475193582e-02 1.137915339098771066e-04
6.720000000000000000e+02 2.688040023949658242e-01 9.538006372325898985e-01 1.137915339098771045e-02 1.729631315430131891e-02 1.741010468821119553e-02 1.137915339098771066e-04
6.750000000000000000e+02 2.700040202628004593e-01 9.556213017751479244e-01 1.092398725534820224e-02 1.593081474738279601e-02 1.741010468821119553e-02 1.137915339098771066e-04
6.780000000000000000e+02 2.712040381306350945e-01 9.593764223941738667e-01 9.899863450159307465e-03 1.433773327264451468e-02 1.627218934911242587e-02 1.137915339098771066e-04
6.810000000000000000e+02 2.724040559984697296e-01 9.589212562585344157e-01 1.001365498406918582e-02 1.513427401001365448e-02 1.593081474738279601e-02 0.000000000000000000e+00
