# itime ezz other fcc hcp bcc ico
0.000000000000000000e+00 0.000000000000000000e+00 0.000000000000000000e+00 1.000000000000000000e+00 0.000000000000000000e+00 0.000000000000000000e+00 0.000000000000000000e+00
2.500000000000000000e+02 9.999473719850549003e-04 0.000000000000000000e+00 1.000000000000000000e+00 0.000000000000000000e+00 0.000000000000000000e+00 0.000000000000000000e+00
5.000000000000000000e+02 1.999894743970109801e-03 0.000000000000000000e+00 1.000000000000000000e+00 0.000000000000000000e+00 0.000000000000000000e+00 0.000000000000000000e+00
7.500000000000000000e+02 2.999842115955164701e-03 0.000000000000000000e+00 1.000000000000000000e+00 0.000000000000000000e+00 0.000000000000000000e+00 0.000000000000000000e+00
1.000000000000000000e+03 3.999789487940219601e-03 0.000000000000000000e+00 1.000000000000000000e+00 0.000000000000000000e+00 0.000000000000000000e+00 0.000000000000000000e+00
1.250000000000000000e+03 4.999736859925274501e-03 0.000000000000000000e+00 1.000000000000000000e+00 0.000000000000000000e+00 0.000000000000000000e+00 0.000000000000000000e+00
1.500000000000000000e+03 5.999684231910329402e-03 0.000000000000000000e+00 1.000000000000000000e+00 0.000000000000000000e+00 0.000000000000000000e+00 0.000000000000000000e+00
1.750000000000000000e+03 6.999631603895384302e-03 0.000000000000000000e+00 1.000000000000000000e+00 0.000000000000000000e+00 0.000000000000000000e+00 0.000000000000000000e+00
2.000000000000000000e+03 7.999578975880439202e-03 0.000000000000000000e+00 1.000000000000000000e+00 0.000000000000000000e+00 0.000000000000000000e+00 0.000000000000000000e+00
2.250000000000000000e+03 8.999526347865494103e-03 0.000000000000000000e+00 1.000000000000000000e+00 0.000000000000000000e+00 0.000000000000000000e+00 0.000000000000000000e+00
2.500000000000000000e+03 9.999473719850549003e-03 0.000000000000000000e+00 1.000000000000000000e+00 0.000000000000000000e+00 0.000000000000000000e+00 0.000000000000000000e+00
2.750000000000000000e+03 1.099942109183560390e-02 0.000000000000000000e+00 1.000000000000000000e+00 0.000000000000000000e+00 0.000000000000000000e+00 0.000000000000000000e+00
3.000000000000000000e+03 1.199936846382065880e-02 0.000000000000000000e+00 1.000000000000000000e+00 0.000000000000000000e+00 0.000000000000000000e+00 0.000000000000000000e+00
3.250000000000000000e+03 1.299931583580571370e-02 0.000000000000000000e+00 1.000000000000000000e+00 0.000000000000000000e+00 0.000000000000000000e+00 0.000000000000000000e+00
3.500000000000000000e+03 1.399926320779076860e-02 0.000000000000000000e+00 1.000000000000000000e+00 0.000000000000000000e+00 0.000000000000000000e+00 0.000000000000000000e+00
3.750000000000000000e+03 1.499921057977582350e-02 0.000000000000000000e+00 1.000000000000000000e+00 0.000000000000000000e+00 0.000000000000000000e+00 0.000000000000000000e+00
4.000000000000000000e+03 1.599915795176087840e-02 0.000000000000000000e+00 1.000000000000000000e+00 0.000000000000000000e+00 0.000000000000000000e+00 0.000000000000000000e+00
4.250000000000000000e+03 1.699910532374593330e-02 0.000000000000000000e+00 1.000000000000000000e+00 0.000000000000000000e+00 0.000000000000000000e+00 0.000000000000000000e+00
4.500000000000000000e+03 1.799905269573098821e-02 0.000000000000000000e+00 1.000000000000000000e+00 0.000000000000000000e+00 0.000000000000000000e+00 0.000000000000000000e+00
4.750000000000000000e+03 1.899900006771604311e-02 3.413746017296313199e-04 9.995448338643604380e-01 0.000000000000000000e+00 1.137915339098771066e-04 0.000000000000000000e+00
5.000000000000000000e+03 1.999894743970109801e-02 0.000000000000000000e+00 1.000000000000000000e+00 0.000000000000000000e+00 0.000000000000000000e+00 0.000000000000000000e+00
5.250000000000000000e+03 2.099889481168615291e-02 0.000000000000000000e+00 1.000000000000000000e+00 0.000000000000000000e+00 0.000000000000000000e+00 0.000000000000000000e+00
5.500000000000000000e+03 2.199884218367120781e-02 0.000000000000000000e+00 1.000000000000000000e+00 0.000000000000000000e+00 0.000000000000000000e+00 0.000000000000000000e+00
5.750000000000000000e+03 2.299878955565626271e-02 0.000000000000000000e+00 1.000000000000000000e+00 0.000000000000000000e+00 0.000000000000000000e+00 0.000000000000000000e+00
6.000000000000000000e+03 2.399873692764131761e-02 0.000000000000000000e+00 1.000000000000000000e+00 0.000000000000000000e+00 0.000000000000000000e+00 0.000000000000000000e+00
6.250000000000000000e+03 2.499868429962637251e-02 0.000000000000000000e+00 1.000000000000000000e+00 0.000000000000000000e+00 0.000000000000000000e+00 0.000000000000000000e+00
6.500000000000000000e+03 2.599863167161142741e-02 0.000000000000000000e+00 1.000000000000000000e+00 0.000000000000000000e+00 0.000000000000000000e+00 0.000000000000000000e+00
6.750000000000000000e+03 2.699857904359648231e-02 7.965407373691396923e-04 9.992034592626308775e-01 0.000000000000000000e+00 0.000000000000000000e+00 0.000000000000000000e+00
7.000000000000000000e+03 2.799852641558153721e-02 4.551661356395084266e-04 9.995448338643604380e-01 0.000000000000000000e+00 0.000000000000000000e+00 0.000000000000000000e+00
7.250000000000000000e+03 2.899847378756659211e-02 0.000000000000000000e+00 1.000000000000000000e+00 0.000000000000000000e+00 0.000000000000000000e+00 0.000000000000000000e+00
7.500000000000000000e+03 2.999842115955164701e-02 0.000000000000000000e+00 1.000000000000000000e+00 0.000000000000000000e+00 0.000000000000000000e+00 0.000000000000000000e+00
7.750000000000000000e+03 3.099836853153670191e-02 0.000000000000000000e+00 1.000000000000000000e+00 0.000000000000000000e+00 0.000000000000000000e+00 0.000000000000000000e+00
8.000000000000000000e+03 3.199831590352153476e-02 0.000000000000000000e+00 1.000000000000000000e+00 0.000000000000000000e+00 0.000000000000000000e+00 0.000000000000000000e+00
8.250000000000000000e+03 3.299826327550658966e-02 0.000000000000000000e+00 1.000000000000000000e+00 0.000000000000000000e+00 0.000000000000000000e+00 0.000000000000000000e+00
8.500000000000000000e+03 3.399821064749164456e-02 3.413746017296313199e-04 9.996586253982703285e-01 0.000000000000000000e+00 0.000000000000000000e+00 0.000000000000000000e+00
8.750000000000000000e+03 3.499815801947669947e-02 4.551661356395084266e-04 9.995448338643604380e-01 0.000000000000000000e+00 0.000000000000000000e+00 0.000000000000000000e+00
9.000000000000000000e+03 3.599810539146175437e-02 5.689576695493854790e-04 9.994310423304506585e-01 0.000000000000000000e+00 0.000000000000000000e+00 0.000000000000000000e+00
9.250000000000000000e+03 3.699805276344680927e-02 2.275830678197542133e-04 9.997724169321802190e-01 0.000000000000000000e+00 0.000000000000000000e+00 0.000000000000000000e+00
9.500000000000000000e+03 3.799800013543186417e-02 0.000000000000000000e+00 1.000000000000000000e+00 0.000000000000000000e+00 0.000000000000000000e+00 0.000000000000000000e+00
9.750000000000000000e+03 3.899794750741691907e-02 1.365498406918525280e-03 9.986345015930814251e-01 0.000000000000000000e+00 0.000000000000000000e+00 0.000000000000000000e+00
1.000000000000000000e+04 3.999789487940197397e-02 4.551661356395084266e-04 9.995448338643604380e-01 0.000000000000000000e+00 0.000000000000000000e+00 0.000000000000000000e+00
1.025000000000000000e+04 4.099784225138702887e-02 4.551661356395084266e-04 9.995448338643604380e-01 0.000000000000000000e+00 0.000000000000000000e+00 0.000000000000000000e+00
1.050000000000000000e+04 4.199778962337208377e-02 1.137915339098771066e-04 9.998862084660901095e-01 0.000000000000000000e+00 0.000000000000000000e+00 0.000000000000000000e+00
1.075000000000000000e+04 4.299773699535713867e-02 4.551661356395084266e-04 9.995448338643604380e-01 0.000000000000000000e+00 0.000000000000000000e+00 0.000000000000000000e+00
1.100000000000000000e+04 4.399768436734219357e-02 0.000000000000000000e+00 1.000000000000000000e+00 0.000000000000000000e+00 0.000000000000000000e+00 0.000000000000000000e+00
1.125000000000000000e+04 4.499763173932724847e-02 1.137915339098771066e-04 9.998862084660901095e-01 0.000000000000000000e+00 0.000000000000000000e+00 0.000000000000000000e+00
1.150000000000000000e+04 4.599757911131230337e-02 7.965407373691396923e-04 9.992034592626308775e-01 0.000000000000000000e+00 0.000000000000000000e+00 0.000000000000000000e+00
1.175000000000000000e+04 4.699752648329735827e-02 0.000000000000000000e+00 1.000000000000000000e+00 0.000000000000000000e+00 0.000000000000000000e+00 0.000000000000000000e+00
1.200000000000000000e+04 4.799747385528241317e-02 6.827492034592626399e-04 9.993172507965407680e-01 0.000000000000000000e+00 0.000000000000000000e+00 0.000000000000000000e+00
1.225000000000000000e+04 4.899742122726746807e-02 3.413746017296313199e-04 9.996586253982703285e-01 0.000000000000000000e+00 0.000000000000000000e+00 0.000000000000000000e+00
1.250000000000000000e+04 4.999736859925252297e-02 0.000000000000000000e+00 1.000000000000000000e+00 0.000000000000000000e+00 0.000000000000000000e+00 0.000000000000000000e+00
1.275000000000000000e+04 5.099731597123757787e-02 0.000000000000000000e+00 1.000000000000000000e+00 0.000000000000000000e+00 0.000000000000000000e+00 0.000000000000000000e+00
1.300000000000000000e+04 5.199726334322263277e-02 4.551661356395084266e-04 9.995448338643604380e-01 0.000000000000000000e+00 0.000000000000000000e+00 0.000000000000000000e+00
1.325000000000000000e+04 5.299721071520768767e-02 2.275830678197542133e-04 9.997724169321802190e-01 0.000000000000000000e+00 0.000000000000000000e+00 0.000000000000000000e+00
1.350000000000000000e+04 5.399715808719274257e-02 0.000000000000000000e+00 1.000000000000000000e+00 0.000000000000000000e+00 0.000000000000000000e+00 0.000000000000000000e+00
1.375000000000000000e+04 5.499710545917779747e-02 3.413746017296313199e-04 9.996586253982703285e-01 0.000000000000000000e+00 0.000000000000000000e+00 0.000000000000000000e+00
1.400000000000000000e+04 5.599705283116285237e-02 2.275830678197542133e-04 9.996586253982703285e-01 0.000000000000000000e+00 1.137915339098771066e-04 0.000000000000000000e+00
1.425000000000000000e+04 5.699700020314790727e-02 0.000000000000000000e+00 1.000000000000000000e+00 0.000000000000000000e+00 0.000000000000000000e+00 0.000000000000000000e+00
1.450000000000000000e+04 5.799694757513296217e-02 1.137915339098771066e-04 9.998862084660901095e-01 0.000000000000000000e+00 0.000000000000000000e+00 0.000000000000000000e+00
1.475000000000000000e+04 5.899689494711801707e-02 4.551661356395084266e-04 9.995448338643604380e-01 0.000000000000000000e+00 0.000000000000000000e+00 0.000000000000000000e+00
1.500000000000000000e+04 5.999684231910307197e-02 3.413746017296313199e-04 9.996586253982703285e-01 0.000000000000000000e+00 0.000000000000000000e+00 0.000000000000000000e+00
1.525000000000000000e+04 6.099678969108812687e-02 3.413746017296313199e-04 9.996586253982703285e-01 0.000000000000000000e+00 0.000000000000000000e+00 0.000000000000000000e+00
1.550000000000000000e+04 6.199673706307318177e-02 4.551661356395084266e-04 9.995448338643604380e-01 0.000000000000000000e+00 0.000000000000000000e+00 0.000000000000000000e+00
1.575000000000000000e+04 6.299668443505823667e-02 3.413746017296313199e-04 9.996586253982703285e-01 0.000000000000000000e+00 0.000000000000000000e+00 0.000000000000000000e+00
1.600000000000000000e+04 6.399663180704329157e-02 5.689576695493854790e-04 9.994310423304506585e-01 0.000000000000000000e+00 0.000000000000000000e+00 0.000000000000000000e+00
1.625000000000000000e+04 6.499657917902834647e-02 2.275830678197542133e-04 9.997724169321802190e-01 0.000000000000000000e+00 0.000000000000000000e+00 0.000000000000000000e+00
1.650000000000000000e+04 6.599652655101340137e-02 1.137915339098770958e-03 9.988620846609012061e-01 0.000000000000000000e+00 0.000000000000000000e+00 0.000000000000000000e+00
1.675000000000000000e+04 6.699647392299845627e-02 1.479289940828402332e-03 9.985207100591716456e-01 0.000000000000000000e+00 0.000000000000000000e+00 0.000000000000000000e+00
1.700000000000000000e+04 6.799642129498351117e-02 3.413746017296313199e-04 9.996586253982703285e-01 0.000000000000000000e+00 0.000000000000000000e+00 0.000000000000000000e+00
1.725000000000000000e+04 6.899636866696856607e-02 1.024123805188893906e-03 9.989758761948110966e-01 0.000000000000000000e+00 0.000000000000000000e+00 0.000000000000000000e+00
1.750000000000000000e+04 6.999631603895362097e-02 1.365498406918525280e-03 9.986345015930814251e-01 0.000000000000000000e+00 0.000000000000000000e+00 0.000000000000000000e+00
1.775000000000000000e+04 7.099626341093867588e-02 1.934456076467910759e-03 9.980655439235320836e-01 0.000000000000000000e+00 0.000000000000000000e+00 0.000000000000000000e+00
1.800000000000000000e+04 7.199621078292373078e-02 9.103322712790168532e-04 9.990896677287209870e-01 0.000000000000000000e+00 0.000000000000000000e+00 0.000000000000000000e+00
1.825000000000000000e+04 7.299615815490878568e-02 5.689576695493854790e-04 9.994310423304506585e-01 0.000000000000000000e+00 0.000000000000000000e+00 0.000000000000000000e+00
1.850000000000000000e+04 7.399610552689384058e-02 1.137915339098771066e-04 9.998862084660901095e-01 0.000000000000000000e+00 0.000000000000000000e+00 0.000000000000000000e+00
1.875000000000000000e+04 7.499605289887889548e-02 1.137915339098770958e-03 9.988620846609012061e-01 0.000000000000000000e+00 0.000000000000000000e+00 0.000000000000000000e+00
1.900000000000000000e+04 7.599600027086395038e-02 9.103322712790168532e-04 9.989758761948110966e-01 0.000000000000000000e+00 1.137915339098771066e-04 0.000000000000000000e+00
1.925000000000000000e+04 7.699594764284900528e-02 4.551661356395084266e-04 9.995448338643604380e-01 0.000000000000000000e+00 0.000000000000000000e+00 0.000000000000000000e+00
1.950000000000000000e+04 7.799589501483406018e-02 9.103322712790168532e-04 9.990896677287209870e-01 0.000000000000000000e+00 0.000000000000000000e+00 0.000000000000000000e+00
1.975000000000000000e+04 7.899584238681911508e-02 1.706873008648156654e-03 9.981793354574419741e-01 0.000000000000000000e+00 1.137915339098771066e-04 0.000000000000000000e+00
2.000000000000000000e+04 7.999578975880416998e-02 4.551661356395084266e-04 9.995448338643604380e-01 0.000000000000000000e+00 0.000000000000000000e+00 0.000000000000000000e+00
2.025000000000000000e+04 8.099573713078922488e-02 2.389622212107419402e-03 9.974965862539827421e-01 0.000000000000000000e+00 1.137915339098771066e-04 0.000000000000000000e+00
2.050000000000000000e+04 8.199568450277427978e-02 7.965407373691396923e-04 9.992034592626308775e-01 0.000000000000000000e+00 0.000000000000000000e+00 0.000000000000000000e+00
2.075000000000000000e+04 8.299563187475933468e-02 2.730996813837050560e-03 9.972690031861629611e-01 0.000000000000000000e+00 0.000000000000000000e+00 0.000000000000000000e+00
2.100000000000000000e+04 8.399557924674438958e-02 2.275830678197541916e-03 9.977241693218024121e-01 0.000000000000000000e+00 0.000000000000000000e+00 0.000000000000000000e+00
2.125000000000000000e+04 8.499552661872944448e-02 9.103322712790168532e-04 9.990896677287209870e-01 0.000000000000000000e+00 0.000000000000000000e+00 0.000000000000000000e+00
2.150000000000000000e+04 8.599547399071449938e-02 2.048247610377787811e-03 9.979517523896221931e-01 0.000000000000000000e+00 0.000000000000000000e+00 0.000000000000000000e+00
2.175000000000000000e+04 8.699542136269955428e-02 2.389622212107419402e-03 9.974965862539827421e-01 0.000000000000000000e+00 1.137915339098771066e-04 0.000000000000000000e+00
2.200000000000000000e+04 8.799536873468460918e-02 2.730996813837050560e-03 9.972690031861629611e-01 0.000000000000000000e+00 0.000000000000000000e+00 0.000000000000000000e+00
2.225000000000000000e+04 8.899531610666966408e-02 2.617205279927173507e-03 9.973827947200728516e-01 0.000000000000000000e+00 0.000000000000000000e+00 0.000000000000000000e+00
2.250000000000000000e+04 8.999526347865471898e-02 2.389622212107419402e-03 9.976103777878926326e-01 0.000000000000000000e+00 0.000000000000000000e+00 0.000000000000000000e+00
2.275000000000000000e+04 9.099521085063977388e-02 2.730996813837050560e-03 9.972690031861629611e-01 0.000000000000000000e+00 0.000000000000000000e+00 0.000000000000000000e+00
2.300000000000000000e+04 9.199515822262482878e-02 2.275830678197541916e-03 9.977241693218024121e-01 0.000000000000000000e+00 0.000000000000000000e+00 0.000000000000000000e+00
2.325000000000000000e+04 9.299510559460988368e-02 4.437869822485207214e-03 9.953345471096950448e-01 0.000000000000000000e+00 2.275830678197542133e-04 0.000000000000000000e+00
2.350000000000000000e+04 9.399505296659471654e-02 1.934456076467910759e-03 9.980655439235320836e-01 0.000000000000000000e+00 0.000000000000000000e+00 0.000000000000000000e+00
2.375000000000000000e+04 9.499500033857977144e-02 2.730996813837050560e-03 9.972690031861629611e-01 0.000000000000000000e+00 0.000000000000000000e+00 0.000000000000000000e+00
2.400000000000000000e+04 9.599494771056482634e-02 3.982703686845699004e-03 9.960172963131542767e-01 0.000000000000000000e+00 0.000000000000000000e+00 0.000000000000000000e+00
2.425000000000000000e+04 9.699489508254988124e-02 6.030951297223486815e-03 9.937414656349567998e-01 0.000000000000000000e+00 2.275830678197542133e-04 0.000000000000000000e+00
2.450000000000000000e+04 9.799484245453493614e-02 3.755120619025944465e-03 9.962448793809740577e-01 0.000000000000000000e+00 0.000000000000000000e+00 0.000000000000000000e+00
2.475000000000000000e+04 9.899478982651999104e-02 3.413746017296313308e-03 9.965862539827037292e-01 0.000000000000000000e+00 0.000000000000000000e+00 0.000000000000000000e+00
2.500000000000000000e+04 9.999473719850504594e-02 5.006827492034592909e-03 9.949931725079653733e-01 0.000000000000000000e+00 0.000000000000000000e+00 0.000000000000000000e+00
2.525000000000000000e+04 1.009946845704901008e-01 4.324078288575329727e-03 9.956759217114247162e-01 0.000000000000000000e+00 0.000000000000000000e+00 0.000000000000000000e+00
2.550000000000000000e+04 1.019946319424751557e-01 5.120619025944469528e-03 9.947655894401457033e-01 0.000000000000000000e+00 1.137915339098771066e-04 0.000000000000000000e+00
2.575000000000000000e+04 1.029945793144602106e-01 5.234410559854347014e-03 9.947655894401457033e-01 0.000000000000000000e+00 0.000000000000000000e+00 0.000000000000000000e+00
2.600000000000000000e+04 1.039945266864452655e-01 4.779244424214838804e-03 9.951069640418752638e-01 0.000000000000000000e+00 1.137915339098771066e-04 0.000000000000000000e+00
2.625000000000000000e+04 1.049944740584303204e-01 3.982703686845699004e-03 9.960172963131542767e-01 0.000000000000000000e+00 0.000000000000000000e+00 0.000000000000000000e+00
2.650000000000000000e+04 1.059944214304153753e-01 6.713700500682749130e-03 9.932862994993172379e-01 0.000000000000000000e+00 0.000000000000000000e+00 0.000000000000000000e+00
2.675000000000000000e+04 1.069943688024004302e-01 4.779244424214838804e-03 9.952207555757851543e-01 0.000000000000000000e+00 0.000000000000000000e+00 0.000000000000000000e+00
2.700000000000000000e+04 1.079943161743854851e-01 4.665452890304961318e-03 9.953345471096950448e-01 0.000000000000000000e+00 0.000000000000000000e+00 0.000000000000000000e+00
2.725000000000000000e+04 1.089942635463705400e-01 5.234410559854347014e-03 9.945380063723259223e-01 0.000000000000000000e+00 2.275830678197542133e-04 0.000000000000000000e+00
2.750000000000000000e+04 1.099942109183555949e-01 7.510241238051888930e-03 9.923759672280382249e-01 0.000000000000000000e+00 1.137915339098771066e-04 0.000000000000000000e+00
2.775000000000000000e+04 1.109941582903406498e-01 1.024123805188893906e-02 9.895311788802912956e-01 0.000000000000000000e+00 2.275830678197542133e-04 0.000000000000000000e+00
2.800000000000000000e+04 1.119941056623257047e-01 6.713700500682749130e-03 9.931725079654073474e-01 0.000000000000000000e+00 1.137915339098771066e-04 0.000000000000000000e+00
2.825000000000000000e+04 1.129940530343107596e-01 4.551661356395083832e-03 9.954483386436049352e-01 0.000000000000000000e+00 0.000000000000000000e+00 0.000000000000000000e+00
2.850000000000000000e+04 1.139940004062958145e-01 7.510241238051888930e-03 9.924897587619481154e-01 0.000000000000000000e+00 0.000000000000000000e+00 0.000000000000000000e+00
2.875000000000000000e+04 1.149939477782808694e-01 1.035502958579881741e-02 9.896449704142011861e-01 0.000000000000000000e+00 0.000000000000000000e+00 0.000000000000000000e+00
2.900000000000000000e+04 1.159938951502659243e-01 7.851615839781519654e-03 9.921483841602184439e-01 0.000000000000000000e+00 0.000000000000000000e+00 0.000000000000000000e+00
2.925000000000000000e+04 1.169938425222509792e-01 1.172052799271734204e-02 9.880518889394629412e-01 0.000000000000000000e+00 2.275830678197542133e-04 0.000000000000000000e+00
2.950000000000000000e+04 1.179937898942360341e-01 9.103322712790167665e-03 9.908966772872098705e-01 0.000000000000000000e+00 0.000000000000000000e+00 0.000000000000000000e+00
2.975000000000000000e+04 1.189937372662210890e-01 1.046882111970869403e-02 9.893035958124715146e-01 0.000000000000000000e+00 2.275830678197542133e-04 0.000000000000000000e+00
3.000000000000000000e+04 1.199936846382061439e-01 7.851615839781519654e-03 9.921483841602184439e-01 0.000000000000000000e+00 0.000000000000000000e+00 0.000000000000000000e+00
3.025000000000000000e+04 1.209936320101911988e-01 9.330905780609922637e-03 9.906690942193900895e-01 0.000000000000000000e+00 0.000000000000000000e+00 0.000000000000000000e+00
3.050000000000000000e+04 1.219935793821762537e-01 1.046882111970869403e-02 9.895311788802912956e-01 0.000000000000000000e+00 0.000000000000000000e+00 0.000000000000000000e+00
3.075000000000000000e+04 1.229935267541613086e-01 1.160673645880746542e-02 9.883932635411925016e-01 0.000000000000000000e+00 0.000000000000000000e+00 0.000000000000000000e+00
3.100000000000000000e+04 1.239934741261463635e-01 1.399635867091488309e-02 9.860036413290851343e-01 0.000000000000000000e+00 0.000000000000000000e+00 0.000000000000000000e+00
3.125000000000000000e+04 1.249934214981314184e-01 1.194811106053709528e-02 9.879380974055530507e-01 0.000000000000000000e+00 1.137915339098771066e-04 0.000000000000000000e+00
3.150000000000000000e+04 1.259933688701164733e-01 1.968593536640873831e-02 9.802002730996813851e-01 0.000000000000000000e+00 1.137915339098771066e-04 0.000000000000000000e+00
3.175000000000000000e+04 1.269933162421015282e-01 1.775147928994082885e-02 9.820209376422394110e-01 0.000000000000000000e+00 2.275830678197542133e-04 0.000000000000000000e+00
3.200000000000000000e+04 1.279932636140865831e-01 1.388256713700500647e-02 9.861174328629950248e-01 0.000000000000000000e+00 0.000000000000000000e+00 0.000000000000000000e+00
3.225000000000000000e+04 1.289932109860716380e-01 1.558944014565316269e-02 9.842967683204369989e-01 0.000000000000000000e+00 1.137915339098771066e-04 0.000000000000000000e+00
3.250000000000000000e+04 1.299931583580566929e-01 1.388256713700500647e-02 9.860036413290851343e-01 0.000000000000000000e+00 1.137915339098771066e-04 0.000000000000000000e+00
3.275000000000000000e+04 1.309931057300417478e-01 1.524806554392353283e-02 9.846381429221665593e-01 0.000000000000000000e+00 1.137915339098771066e-04 0.000000000000000000e+00
3.300000000000000000e+04 1.319930531020268027e-01 2.014110150204824826e-02 9.797451069640418231e-01 0.000000000000000000e+00 1.137915339098771066e-04 0.000000000000000000e+00
3.325000000000000000e+04 1.329930004740118576e-01 1.445152480655439303e-02 9.855484751934455723e-01 0.000000000000000000e+00 0.000000000000000000e+00 0.000000000000000000e+00
3.350000000000000000e+04 1.339929478459969125e-01 2.241693218024579104e-02 9.774692762858443462e-01 0.000000000000000000e+00 1.137915339098771066e-04 0.000000000000000000e+00
3.375000000000000000e+04 1.349928952179819674e-01 1.957214383249886169e-02 9.804278561675011661e-01 0.000000000000000000e+00 0.000000000000000000e+00 0.000000000000000000e+00
3.400000000000000000e+04 1.359928425899670223e-01 2.560309512972235024e-02 9.743969048702776359e-01 0.000000000000000000e+00 0.000000000000000000e+00 0.000000000000000000e+00
3.425000000000000000e+04 1.369927899619520772e-01 2.537551206190259354e-02 9.746244879380974169e-01 0.000000000000000000e+00 0.000000000000000000e+00 0.000000000000000000e+00
3.450000000000000000e+04 1.379927373339371321e-01 2.025489303595812488e-02 9.797451069640418231e-01 0.000000000000000000e+00 0.000000000000000000e+00 0.000000000000000000e+00
3.475000000000000000e+04 1.389926847059221870e-01 3.004096495220755572e-02 9.697314519799726806e-01 0.000000000000000000e+00 2.275830678197542133e-04 0.000000000000000000e+00
3.500000000000000000e+04 1.399926320779072419e-01 2.457897132453345374e-02 9.753072371415566488e-01 0.000000000000000000e+00 1.137915339098771066e-04 0.000000000000000000e+00
3.525000000000000000e+04 1.409925794498922969e-01 2.719617660446062984e-02 9.725762403277196100e-01 0.000000000000000000e+00 2.275830678197542133e-04 0.000000000000000000e+00
3.550000000000000000e+04 1.419925268218773518e-01 2.526172052799271692e-02 9.746244879380974169e-01 0.000000000000000000e+00 1.137915339098771066e-04 0.000000000000000000e+00
3.575000000000000000e+04 1.429924741938624067e-01 2.799271734182976618e-02 9.720072826581702685e-01 0.000000000000000000e+00 0.000000000000000000e+00 0.000000000000000000e+00
3.600000000000000000e+04 1.439924215658474616e-01 3.072371415566681890e-02 9.692762858443332297e-01 0.000000000000000000e+00 0.000000000000000000e+00 0.000000000000000000e+00
3.625000000000000000e+04 1.449923689378325165e-01 3.152025489303595523e-02 9.683659535730542167e-01 0.000000000000000000e+00 1.137915339098771066e-04 0.000000000000000000e+00
3.650000000000000000e+04 1.459923163098175714e-01 3.493400091033227461e-02 9.650659990896677254e-01 0.000000000000000000e+00 0.000000000000000000e+00 0.000000000000000000e+00
3.675000000000000000e+04 1.469922636818026263e-01 3.755120619025944378e-02 9.624487938097405770e-01 0.000000000000000000e+00 0.000000000000000000e+00 0.000000000000000000e+00
3.700000000000000000e+04 1.479922110537876812e-01 3.208921256258534527e-02 9.679107874374146547e-01 0.000000000000000000e+00 0.000000000000000000e+00 0.000000000000000000e+00
3.725000000000000000e+04 1.489921584257727361e-01 3.470641784251251444e-02 9.650659990896677254e-01 0.000000000000000000e+00 2.275830678197542133e-04 0.000000000000000000e+00
3.750000000000000000e+04 1.499921057977577910e-01 3.584433318161128756e-02 9.641556668183887124e-01 0.000000000000000000e+00 0.000000000000000000e+00 0.000000000000000000e+00
3.775000000000000000e+04 1.509920531697428459e-01 4.050978607191624975e-02 9.594902139280837572e-01 0.000000000000000000e+00 0.000000000000000000e+00 0.000000000000000000e+00
3.800000000000000000e+04 1.519920005417279008e-01 4.802002730996814128e-02 9.517523896222120916e-01 0.000000000000000000e+00 2.275830678197542133e-04 0.000000000000000000e+00
3.825000000000000000e+04 1.529919479137129557e-01 4.745106964041875125e-02 9.525489303595812141e-01 0.000000000000000000e+00 0.000000000000000000e+00 0.000000000000000000e+00
3.850000000000000000e+04 1.539918952856980106e-01 4.813381884387801790e-02 9.518661811561219821e-01 0.000000000000000000e+00 0.000000000000000000e+00 0.000000000000000000e+00
3.875000000000000000e+04 1.549918426576830655e-01 5.439235320892125969e-02 9.456076467910787819e-01 0.000000000000000000e+00 0.000000000000000000e+00 0.000000000000000000e+00
3.900000000000000000e+04 1.559917900296678983e-01 5.598543468365953235e-02 9.440145653163404260e-01 0.000000000000000000e+00 0.000000000000000000e+00 0.000000000000000000e+00
3.925000000000000000e+04 1.569917374016529532e-01 5.757851615839781195e-02 9.424214838416021811e-01 0.000000000000000000e+00 0.000000000000000000e+00 0.000000000000000000e+00
3.950000000000000000e+04 1.579916847736380081e-01 5.223031406463359005e-02 9.477696859353663683e-01 0.000000000000000000e+00 0.000000000000000000e+00 0.000000000000000000e+00
3.975000000000000000e+04 1.589916321456230630e-01 6.360946745562130744e-02 9.363905325443786509e-01 0.000000000000000000e+00 0.000000000000000000e+00 0.000000000000000000e+00
4.000000000000000000e+04 1.599915795176081179e-01 6.907146108329539902e-02 9.309285389167045732e-01 0.000000000000000000e+00 0.000000000000000000e+00 0.000000000000000000e+00
4.025000000000000000e+04 1.609915268895931728e-01 6.975421028675465873e-02 9.302457897132453413e-01 0.000000000000000000e+00 0.000000000000000000e+00 0.000000000000000000e+00
4.050000000000000000e+04 1.619914742615782277e-01 6.474738279472007363e-02 9.352526172052799680e-01 0.000000000000000000e+00 0.000000000000000000e+00 0.000000000000000000e+00
4.075000000000000000e+04 1.629914216335632826e-01 6.156121984524351443e-02 9.384387801547564578e-01 0.000000000000000000e+00 0.000000000000000000e+00 0.000000000000000000e+00
4.100000000000000000e+04 1.639913690055483375e-01 7.555757851615839404e-02 9.242148384160218111e-01 0.000000000000000000e+00 2.275830678197542133e-04 0.000000000000000000e+00
4.125000000000000000e+04 1.649913163775333924e-01 7.180245789713245175e-02 9.280837505689576439e-01 0.000000000000000000e+00 1.137915339098771066e-04 0.000000000000000000e+00
4.150000000000000000e+04 1.659912637495184473e-01 8.067819754210286964e-02 9.193218024578971859e-01 0.000000000000000000e+00 0.000000000000000000e+00 0.000000000000000000e+00
4.175000000000000000e+04 1.669912111215035022e-01 8.591260810195720798e-02 9.140873918980427781e-01 0.000000000000000000e+00 0.000000000000000000e+00 0.000000000000000000e+00
4.200000000000000000e+04 1.679911584934885571e-01 8.124715521165225274e-02 9.187528447883477334e-01 0.000000000000000000e+00 0.000000000000000000e+00 0.000000000000000000e+00
4.225000000000000000e+04 1.689911058654736120e-01 8.887118798361401395e-02 9.111288120163859583e-01 0.000000000000000000e+00 0.000000000000000000e+00 0.000000000000000000e+00
4.250000000000000000e+04 1.699910532374586669e-01 9.342284934000910646e-02 9.065771506599908935e-01 0.000000000000000000e+00 0.000000000000000000e+00 0.000000000000000000e+00
4.275000000000000000e+04 1.709910006094437218e-01 1.020710059171597572e-01 8.978152025489303245e-01 0.000000000000000000e+00 1.137915339098771066e-04 0.000000000000000000e+00
4.300000000000000000e+04 1.719909479814287767e-01 9.387801547564861293e-02 9.061219845243514426e-01 0.000000000000000000e+00 0.000000000000000000e+00 0.000000000000000000e+00
4.325000000000000000e+04 1.729908953534138316e-01 8.932635411925353430e-02 9.105598543468366168e-01 0.000000000000000000e+00 1.137915339098771066e-04 0.000000000000000000e+00
4.350000000000000000e+04 1.739908427253988865e-01 1.019572143832498806e-01 8.980427856167501055e-01 0.000000000000000000e+00 0.000000000000000000e+00 0.000000000000000000e+00
4.375000000000000000e+04 1.749907900973839414e-01 1.164087391898042806e-01 8.835912608101956778e-01 0.000000000000000000e+00 0.000000000000000000e+00 0.000000000000000000e+00
4.400000000000000000e+04 1.759907374693689963e-01 1.297223486572599005e-01 8.700500682749203740e-01 2.275830678197542133e-04 0.000000000000000000e+00 0.000000000000000000e+00
4.425000000000000000e+04 1.769906848413540512e-01 1.293809740555302568e-01 8.703914428766499345e-01 1.137915339098771066e-04 1.137915339098771066e-04 0.000000000000000000e+00
4.450000000000000000e+04 1.779906322133391061e-01 1.348429676832043622e-01 8.651570323167956378e-01 0.000000000000000000e+00 0.000000000000000000e+00 0.000000000000000000e+00
4.475000000000000000e+04 1.789905795853241610e-01 1.329085116067364458e-01 8.669776968593536637e-01 0.000000000000000000e+00 1.137915339098771066e-04 0.000000000000000000e+00
4.500000000000000000e+04 1.799905269573092159e-01 1.560081929904415243e-01 8.429676832043695445e-01 1.024123805188893906e-03 0.000000000000000000e+00 0.000000000000000000e+00
4.525000000000000000e+04 1.809904743292942708e-01 1.738734638142922229e-01 8.251024123805188459e-01 1.024123805188893906e-03 0.000000000000000000e+00 0.000000000000000000e+00
4.550000000000000000e+04 1.819904217012793257e-01 1.949248975876194945e-01 7.989303595812471404e-01 5.575785161583977738e-03 5.689576695493854790e-04 0.000000000000000000e+00
4.575000000000000000e+04 1.829903690732643806e-01 2.278106508875739622e-01 7.584205735093308975e-01 1.308602639963586667e-02 6.827492034592626399e-04 0.000000000000000000e+00
4.600000000000000000e+04 1.839903164452494355e-01 2.874374146563495880e-01 6.878698224852071164e-01 2.173418297678652786e-02 2.958579881656804664e-03 0.000000000000000000e+00
4.625000000000000000e+04 1.849902638172344904e-01 3.357988165680473314e-01 6.148156577150659663e-01 4.005461993627674328e-02 9.330905780609922637e-03 0.000000000000000000e+00
4.650000000000000000e+04 1.859902111892195453e-01 3.738051888939463163e-01 5.563268092853891345e-01 5.666818388711879900e-02 1.319981793354574502e-02 0.000000000000000000e+00
4.675000000000000000e+04 1.869901585612046002e-01 3.414883932635411901e-01 5.650887573964497035e-01 8.375056895766955223e-02 9.672280382339554228e-03 0.000000000000000000e+00
4.700000000000000000e+04 1.879901059331896551e-01 3.126991351843422806e-01 5.661128812016386069e-01 1.101502048247610388e-01 1.103777878925807886e-02 0.000000000000000000e+00
4.725000000000000000e+04 1.889900533051747100e-01 3.153163404642694845e-01 5.541647701411015481e-01 1.205052344105598527e-01 1.001365498406918582e-02 0.000000000000000000e+00
4.750000000000000000e+04 1.899900006771597649e-01 3.080336822940373254e-01 5.551888939462903405e-01 1.286982248520709970e-01 8.079198907601274626e-03 0.000000000000000000e+00
4.775000000000000000e+04 1.909899480491448198e-01 2.919890760127446527e-01 5.595129722348657353e-01 1.359808830223031284e-01 1.251706873008648184e-02 0.000000000000000000e+00
4.800000000000000000e+04 1.919898954211298747e-01 2.913063268092853653e-01 5.514337733272643982e-01 1.453117888029130667e-01 1.194811106053709528e-02 0.000000000000000000e+00
4.825000000000000000e+04 1.929898427931149296e-01 2.869822485207100815e-01 5.487027765134273594e-01 1.512289485662266786e-01 1.308602639963586667e-02 0.000000000000000000e+00
4.850000000000000000e+04 1.939897901650999845e-01 2.855029585798816716e-01 5.472234865725990050e-01 1.539599453800637174e-01 1.331360946745562164e-02 0.000000000000000000e+00
4.875000000000000000e+04 1.949897375370850394e-01 2.810650887573964418e-01 5.540509786071916576e-01 1.530496131087847045e-01 1.183431952662721866e-02 0.000000000000000000e+00
4.900000000000000000e+04 1.959896849090700943e-01 2.729858898497951603e-01 5.523441055985435222e-01 1.611288120163859861e-01 1.354119253527537488e-02 0.000000000000000000e+00
4.925000000000000000e+04 1.969896322810551492e-01 2.712790168411470249e-01 5.508648156577150568e-01 1.665908056440600915e-01 1.126536185707783383e-02 0.000000000000000000e+00
4.950000000000000000e+04 1.979895796530402041e-01 2.723031406463359283e-01 5.484751934456076894e-01 1.705735093309057870e-01 8.648156577150659455e-03 0.000000000000000000e+00
4.975000000000000000e+04 1.989895270250252590e-01 2.652480655439235502e-01 5.502958579881657153e-01 1.701183431952662806e-01 1.433773327264451468e-02 0.000000000000000000e+00
5.000000000000000000e+04 1.999894743970103139e-01 2.675238962221210826e-01 5.515475648611742887e-01 1.687528447883477334e-01 1.217569412835685025e-02 0.000000000000000000e+00
5.025000000000000000e+04 2.009894217689953688e-01 2.693445607646791085e-01 5.505234410559853853e-01 1.672735548475193512e-01 1.285844333181611343e-02 0.000000000000000000e+00
5.050000000000000000e+04 2.019893691409804237e-01 2.683204369594902050e-01 5.550751024123805610e-01 1.647701411015020379e-01 1.183431952662721866e-02 0.000000000000000000e+00
5.075000000000000000e+04 2.029893165129654786e-01 2.649066909421938787e-01 5.562130177514792440e-01 1.672735548475193512e-01 1.160673645880746542e-02 0.000000000000000000e+00
5.100000000000000000e+04 2.039892638849505335e-01 2.671825216203914666e-01 5.558716431497496835e-01 1.659080564406008318e-01 1.103777878925807886e-02 0.000000000000000000e+00
5.125000000000000000e+04 2.049892112569355884e-01 2.613791533909877174e-01 5.685025034137459743e-01 1.582840236686390567e-01 1.183431952662721866e-02 0.000000000000000000e+00
5.150000000000000000e+04 2.059891586289206433e-01 2.637687756030951403e-01 5.661128812016386069e-01 1.594219390077378229e-01 1.069640418752844727e-02 0.000000000000000000e+00
5.175000000000000000e+04 2.069891060009056982e-01 2.628584433318161273e-01 5.744196631770596140e-01 1.544151115157032239e-01 8.306781975421027864e-03 0.000000000000000000e+00
5.200000000000000000e+04 2.079890533728907531e-01 2.621756941283568398e-01 5.685025034137459743e-01 1.596495220755575761e-01 9.672280382339554228e-03 0.000000000000000000e+00
5.225000000000000000e+04 2.089890007448758080e-01 2.528447883477469293e-01 5.763541192535275304e-01 1.590805644060081792e-01 1.172052799271734204e-02 0.000000000000000000e+00
5.250000000000000000e+04 2.099889481168608629e-01 2.589895311788802945e-01 5.703231679563040002e-01 1.604460628129267263e-01 1.024123805188893906e-02 0.000000000000000000e+00
5.275000000000000000e+04 2.109888954888459178e-01 2.569412835685024876e-01 5.707783340919435622e-01 1.605598543468365891e-01 1.172052799271734204e-02 0.000000000000000000e+00
5.300000000000000000e+04 2.119888428608309727e-01 2.575102412380518846e-01 5.732817478379608200e-01 1.593081474738279601e-01 9.899863450159307465e-03 0.000000000000000000e+00
5.325000000000000000e+04 2.129887902328160276e-01 2.627446517979062368e-01 5.696404187528447682e-01 1.607874374146563423e-01 6.827492034592626616e-03 0.000000000000000000e+00
5.350000000000000000e+04 2.139887376048010825e-01 2.568274920345926526e-01 5.702093764223942207e-01 1.648839326354119283e-01 8.079198907601274626e-03 0.000000000000000000e+00
5.375000000000000000e+04 2.149886849767861374e-01 2.581929904415111721e-01 5.706645425580336717e-01 1.620391442876649990e-01 9.103322712790167665e-03 0.000000000000000000e+00
5.400000000000000000e+04 2.159886323487711923e-01 2.588757396449704040e-01 5.703231679563040002e-01 1.623805188893946427e-01 8.420573509330906217e-03 0.000000000000000000e+00
5.425000000000000000e+04 2.169885797207562472e-01 2.596722803823395265e-01 5.735093309057806010e-01 1.588529813381884259e-01 7.965407373691398007e-03 0.000000000000000000e+00
5.450000000000000000e+04 2.179885270927410801e-01 2.580791989076012816e-01 5.738507055075102725e-01 1.588529813381884259e-01 9.217114246700046018e-03 0.000000000000000000e+00
5.475000000000000000e+04 2.189884744647261350e-01 2.652480655439235502e-01 5.666818388711879484e-01 1.588529813381884259e-01 9.217114246700046018e-03 0.000000000000000000e+00
5.500000000000000000e+04 2.199884218367111899e-01 2.643377332726445372e-01 5.700955848884843302e-01 1.571461083295402905e-01 8.420573509330906217e-03 0.000000000000000000e+00
5.525000000000000000e+04 2.209883692086962448e-01 2.679790623577605890e-01 5.673645880746472914e-01 1.569185252617205373e-01 7.737824305871643035e-03 0.000000000000000000e+00
5.550000000000000000e+04 2.219883165806812997e-01 2.657032316795630567e-01 5.680473372781065233e-01 1.572598998634501533e-01 8.989531178880291046e-03 0.000000000000000000e+00
5.575000000000000000e+04 2.229882639526663546e-01 2.701411015020482309e-01 5.617888029130633232e-01 1.587391898042785632e-01 9.330905780609922637e-03 0.000000000000000000e+00
5.600000000000000000e+04 2.239882113246514095e-01 2.702548930359581214e-01 5.616750113791534327e-01 1.590805644060081792e-01 8.989531178880291046e-03 0.000000000000000000e+00
5.625000000000000000e+04 2.249881586966364644e-01 2.688893946290396020e-01 5.581474738279471604e-01 1.629494765589440120e-01 1.001365498406918582e-02 0.000000000000000000e+00
5.650000000000000000e+04 2.259881060686215193e-01 2.713928083750569153e-01 5.535958124715520956e-01 1.671597633136094607e-01 7.851615839781519654e-03 0.000000000000000000e+00
5.675000000000000000e+04 2.269880534406065742e-01 2.696859353664087244e-01 5.526854802002730827e-01 1.684114701866181174e-01 9.217114246700046018e-03 0.000000000000000000e+00
