# itime ezz other fcc hcp bcc ico
0.000000000000000000e+00 0.000000000000000000e+00 1.251706873008648227e-03 9.987482931269913156e-01 0.000000000000000000e+00 0.000000000000000000e+00 0.000000000000000000e+00
2.500000000000000000e+02 1.000000257978039819e-02 1.024123805188893906e-03 9.989758761948110966e-01 0.000000000000000000e+00 0.000000000000000000e+00 0.000000000000000000e+00
5.000000000000000000e+02 2.000000515956079639e-02 2.275830678197541916e-03 9.977241693218024121e-01 0.000000000000000000e+00 0.000000000000000000e+00 0.000000000000000000e+00
7.500000000000000000e+02 3.000000773934119458e-02 4.210286754665453109e-03 9.957897132453344957e-01 0.000000000000000000e+00 0.000000000000000000e+00 0.000000000000000000e+00
1.000000000000000000e+03 4.000001031912159277e-02 8.761948111060537808e-03 9.910104688211197610e-01 0.000000000000000000e+00 2.275830678197542133e-04 0.000000000000000000e+00
1.250000000000000000e+03 5.000001289890199097e-02 1.263086026399635846e-02 9.872553482020938187e-01 0.000000000000000000e+00 1.137915339098771066e-04 0.000000000000000000e+00
1.500000000000000000e+03 6.000001547868238916e-02 2.924442421483841592e-02 9.690487027765134487e-01 0.000000000000000000e+00 1.706873008648156654e-03 0.000000000000000000e+00
1.750000000000000000e+03 7.000001805846278735e-02 5.211652253072371344e-02 9.451524806554392200e-01 0.000000000000000000e+00 2.730996813837050560e-03 0.000000000000000000e+00
2.000000000000000000e+03 8.000002063824318554e-02 1.148156577150659940e-01 8.744879380974055483e-01 0.000000000000000000e+00 1.069640418752844727e-02 0.000000000000000000e+00
2.250000000000000000e+03 9.000002321802358374e-02 1.763768775603095085e-01 8.007510241238051663e-01 0.000000000000000000e+00 2.287209831588529751e-02 0.000000000000000000e+00
2.500000000000000000e+03 1.000000257978039819e-01 3.520710059171597850e-01 5.318616294947655643e-01 1.365498406918525280e-03 1.147018661811561174e-01 0.000000000000000000e+00
2.750000000000000000e+03 1.100000283775843801e-01 4.211424670004551563e-01 2.771961766044606090e-01 3.220300409649522189e-02 2.694583522985889990e-01 0.000000000000000000e+00
3.000000000000000000e+03 1.200000309573647783e-01 4.615384615384615641e-01 2.156349567592171224e-01 6.668183887118799003e-02 2.561447428311333652e-01 0.000000000000000000e+00
3.250000000000000000e+03 1.300000335371451765e-01 5.006827492034592320e-01 1.763768775603095085e-01 7.919890760127445972e-02 2.437414656349567721e-01 0.000000000000000000e+00
3.500000000000000000e+03 1.400000361169255747e-01 5.245789713245334607e-01 1.381429221665907980e-01 9.535730541647700897e-02 2.419208010923987184e-01 0.000000000000000000e+00
3.750000000000000000e+03 1.500000386967059729e-01 5.473372781065088954e-01 1.123122439690487084e-01 1.030951297223486607e-01 2.372553482020937632e-01 0.000000000000000000e+00
4.000000000000000000e+03 1.600000412764863711e-01 5.785161583978152278e-01 9.512972234865725574e-02 1.194811106053709632e-01 2.068730086481565811e-01 0.000000000000000000e+00
4.250000000000000000e+03 1.700000438562667693e-01 6.151570323167956378e-01 8.921256258534364381e-02 1.339326354119253493e-01 1.616977696859353553e-01 0.000000000000000000e+00
4.500000000000000000e+03 1.800000464360471675e-01 6.180018206645425671e-01 8.352298588984979899e-02 1.656804733727810786e-01 1.327947200728265831e-01 0.000000000000000000e+00
4.750000000000000000e+03 1.900000490158275657e-01 6.423532089212562468e-01 8.113336367774237612e-02 1.774010013654984119e-01 9.911242603550296515e-02 0.000000000000000000e+00
5.000000000000000000e+03 2.000000515956079639e-01 6.512289485662267063e-01 7.703686845698680397e-02 1.942421483841602070e-01 7.737824305871643382e-02 1.137915339098771066e-04
5.250000000000000000e+03 2.100000541753883621e-01 6.555530268548019901e-01 7.715065999089668058e-02 2.026627218934911323e-01 6.463359126081019701e-02 0.000000000000000000e+00
5.500000000000000000e+03 2.200000567551687602e-01 6.528220300409649512e-01 8.181611288120163583e-02 2.132453345471096995e-01 5.200273099681383682e-02 1.137915339098771066e-04
5.750000000000000000e+03 2.300000593349491584e-01 6.619253527537550807e-01 7.828857532999544677e-02 2.150659990896677254e-01 4.460628129267182190e-02 1.137915339098771066e-04
6.000000000000000000e+03 2.400000619147295566e-01 6.582840236686390289e-01 7.737824305871643382e-02 2.210969503868912278e-01 4.324078288575330248e-02 0.000000000000000000e+00
6.250000000000000000e+03 2.500000644945099548e-01 6.821802457897132577e-01 6.884387801547564578e-02 2.106281292671825234e-01 3.834774692762858705e-02 0.000000000000000000e+00
6.500000000000000000e+03 2.600000670742903530e-01 6.799044151115156698e-01 7.043695949021393232e-02 2.144970414201183562e-01 3.504779244424215123e-02 1.137915339098771066e-04
6.750000000000000000e+03 2.700000696540707512e-01 6.893491124260354708e-01 6.816112881201638607e-02 2.083522985889849910e-01 3.413746017296313134e-02 0.000000000000000000e+00
7.000000000000000000e+03 2.800000722338511494e-01 7.036868456986800080e-01 6.759217114246700298e-02 2.012972234865725851e-01 2.730996813837050646e-02 1.137915339098771066e-04
7.250000000000000000e+03 2.900000748136315476e-01 7.094902139280837572e-01 6.759217114246700298e-02 1.975421028675466428e-01 2.514792899408284030e-02 2.275830678197542133e-04
7.500000000000000000e+03 3.000000773934119458e-01 7.221210741920801590e-01 6.645425580336822291e-02 1.899180700955848955e-01 2.139280837505689453e-02 1.137915339098771066e-04
7.750000000000000000e+03 3.100000799731923440e-01 7.231451979972689514e-01 6.406463359126081392e-02 1.932180245789713313e-01 1.945835229858898507e-02 1.137915339098771066e-04
8.000000000000000000e+03 3.200000825529727422e-01 7.482931269913518646e-01 5.553026854802002588e-02 1.750113791533909890e-01 2.105143377332726468e-02 1.137915339098771066e-04
8.250000000000000000e+03 3.300000851327531404e-01 7.554619936276740777e-01 5.484751934456076616e-02 1.738734638142922229e-01 1.547564861174328607e-02 3.413746017296313199e-04
8.500000000000000000e+03 3.400000877125335386e-01 7.644515248065544277e-01 4.790623577605826466e-02 1.689804278561675144e-01 1.820664542558033533e-02 4.551661356395084266e-04
8.750000000000000000e+03 3.500000902923139368e-01 7.802685480200273194e-01 4.710969503868912139e-02 1.571461083295402905e-01 1.536185707783340945e-02 1.137915339098771066e-04
9.000000000000000000e+03 3.600000928720943350e-01 7.943786982248520756e-01 4.198907601274465273e-02 1.490669094219390090e-01 1.422394173873463806e-02 3.413746017296313199e-04
9.250000000000000000e+03 3.700000954518745111e-01 7.961993627674101015e-01 4.130632680928538608e-02 1.464497041420118328e-01 1.581702321347291593e-02 2.275830678197542133e-04
9.500000000000000000e+03 3.800000980316551313e-01 8.115612198452435422e-01 4.050978607191624975e-02 1.316568047337278169e-01 1.615839781520254925e-02 1.137915339098771066e-04
9.750000000000000000e+03 3.900001006114355295e-01 8.149749658625398130e-01 4.050978607191624975e-02 1.296085571233500100e-01 1.467910787437414627e-02 2.275830678197542133e-04
1.000000000000000000e+04 4.000001031912159277e-01 8.312471552116522666e-01 3.732362312243969055e-02 1.191397360036413333e-01 1.183431952662721866e-02 4.551661356395084266e-04
1.025000000000000000e+04 4.100001057709961039e-01 8.429676832043695445e-01 3.607191624943104080e-02 1.079881656804733692e-01 1.240327719617660522e-02 5.689576695493854790e-04
1.050000000000000000e+04 4.200001083507767241e-01 8.576467910787437532e-01 3.277196176604460498e-02 9.558488848429676221e-02 1.354119253527537488e-02 4.551661356395084266e-04
1.075000000000000000e+04 4.300001109305571223e-01 8.565088757396449592e-01 3.220300409649522189e-02 9.717796995903504875e-02 1.331360946745562164e-02 7.965407373691396923e-04
1.100000000000000000e+04 4.400001135103375205e-01 8.621984524351388179e-01 3.197542102867546865e-02 8.841602184797450747e-02 1.672735548475193582e-02 6.827492034592626399e-04
1.125000000000000000e+04 4.500001160901176966e-01 8.749431042330451103e-01 3.117888029130632538e-02 8.067819754210286964e-02 1.274465179790623508e-02 4.551661356395084266e-04
1.150000000000000000e+04 4.600001186698983169e-01 8.817705962676376519e-01 2.890304961310878606e-02 7.430587164314975124e-02 1.422394173873463806e-02 7.965407373691396923e-04
1.175000000000000000e+04 4.700001212496787151e-01 8.889394629039599760e-01 2.662721893491124328e-02 7.032316795630405570e-02 1.342740100136549826e-02 6.827492034592626399e-04
1.200000000000000000e+04 4.800001238294591133e-01 8.949704142011833952e-01 2.844788347746927612e-02 6.201638598088302090e-02 1.399635867091488309e-02 5.689576695493854790e-04
1.225000000000000000e+04 4.900001264092392894e-01 9.039599453800637452e-01 2.480655439235321044e-02 5.689576695493855224e-02 1.331360946745562164e-02 1.024123805188893906e-03
1.250000000000000000e+04 5.000001289890199097e-01 9.179563040509786109e-01 2.048247610377787811e-02 4.995448338643605074e-02 1.092398725534820224e-02 6.827492034592626399e-04
1.275000000000000000e+04 5.100001315688003078e-01 9.193218024578971859e-01 2.287209831588529751e-02 4.608557123350022489e-02 1.069640418752844727e-02 1.024123805188893906e-03
1.300000000000000000e+04 5.200001341485807060e-01 9.149977241693217911e-01 2.355484751934456070e-02 4.790623577605826466e-02 1.263086026399635846e-02 9.103322712790168532e-04
1.325000000000000000e+04 5.300001367283608822e-01 9.260355029585798370e-01 1.979972690031861493e-02 4.426490669094219205e-02 8.989531178880291046e-03 9.103322712790168532e-04
1.350000000000000000e+04 5.400001393081412804e-01 9.261492944924897275e-01 1.786527082385070547e-02 4.324078288575330248e-02 1.149294492489758707e-02 1.251706873008648227e-03
1.375000000000000000e+04 5.500001418879219006e-01 9.299044151115156698e-01 1.752389622212107562e-02 4.176149294492489950e-02 1.012744651797906244e-02 6.827492034592626399e-04
1.400000000000000000e+04 5.600001444677020768e-01 9.338871187983613931e-01 1.786527082385070547e-02 4.142011834319526964e-02 5.917159763313609329e-03 9.103322712790168532e-04
1.425000000000000000e+04 5.700001470474824750e-01 9.380974055530268974e-01 1.581702321347291593e-02 4.050978607191624975e-02 4.893035958124715423e-03 6.827492034592626399e-04
1.450000000000000000e+04 5.800001496272628732e-01 9.419663177059627301e-01 1.558944014565316269e-02 3.755120619025944378e-02 3.982703686845699004e-03 9.103322712790168532e-04
1.475000000000000000e+04 5.900001522070434934e-01 9.416249431042330587e-01 1.422394173873463806e-02 3.789258079198907364e-02 4.665452890304961318e-03 1.593081474738279385e-03
1.500000000000000000e+04 6.000001547868236695e-01 9.515248065543923106e-01 1.263086026399635846e-02 3.140646335912607862e-02 3.186162949476558769e-03 1.251706873008648227e-03
1.525000000000000000e+04 6.100001573666040677e-01 9.512972234865726406e-01 1.274465179790623508e-02 3.152025489303595523e-02 3.641329085116067413e-03 7.965407373691396923e-04
1.550000000000000000e+04 6.200001599463844659e-01 9.538006372325898985e-01 1.183431952662721866e-02 3.049613108784706567e-02 2.844788347746927612e-03 1.024123805188893906e-03
1.575000000000000000e+04 6.300001625261650862e-01 9.539144287664997890e-01 1.263086026399635846e-02 3.015475648611743234e-02 2.048247610377787811e-03 1.251706873008648227e-03
1.600000000000000000e+04 6.400001651059452623e-01 9.552799271734182529e-01 1.365498406918525323e-02 2.753755120619025970e-02 2.275830678197541916e-03 1.251706873008648227e-03
1.625000000000000000e+04 6.500001676857256605e-01 9.607419208010924416e-01 1.035502958579881741e-02 2.571688666363222686e-02 1.934456076467910759e-03 1.251706873008648227e-03
1.650000000000000000e+04 6.600001702655060587e-01 9.633591260810195900e-01 1.092398725534820224e-02 2.196176604460628110e-02 2.389622212107419402e-03 1.365498406918525280e-03
1.675000000000000000e+04 6.700001728452866789e-01 9.651797906235776159e-01 1.183431952662721866e-02 2.002730996813837164e-02 2.275830678197541916e-03 6.827492034592626399e-04
1.700000000000000000e+04 6.800001754250668551e-01 9.654073736913973969e-01 9.786071916249430847e-03 2.105143377332726468e-02 2.730996813837050560e-03 1.024123805188893906e-03
1.725000000000000000e+04 6.900001780048472533e-01 9.682521620391443262e-01 1.149294492489758707e-02 1.718252162039144229e-02 1.706873008648156654e-03 1.365498406918525280e-03
1.750000000000000000e+04 7.000001805846276515e-01 9.713245334547109255e-01 1.035502958579881741e-02 1.376877560309512985e-02 2.389622212107419402e-03 2.162039144287664864e-03
1.775000000000000000e+04 7.100001831644082717e-01 9.700728265817023521e-01 1.149294492489758707e-02 1.422394173873463806e-02 2.162039144287664864e-03 2.048247610377787811e-03
1.800000000000000000e+04 7.200001857441884479e-01 9.736003641329085134e-01 8.648156577150659455e-03 1.467910787437414627e-02 2.162039144287664864e-03 9.103322712790168532e-04
1.825000000000000000e+04 7.300001883239688460e-01 9.776968593536641272e-01 7.510241238051888930e-03 1.149294492489758707e-02 1.365498406918525280e-03 1.934456076467910759e-03
1.850000000000000000e+04 7.400001909037492442e-01 9.743969048702776359e-01 7.737824305871643035e-03 1.411015020482476144e-02 1.593081474738279385e-03 2.162039144287664864e-03
1.875000000000000000e+04 7.500001934835298645e-01 9.783796085571233592e-01 7.168866636322257339e-03 1.126536185707783383e-02 1.479289940828402332e-03 1.706873008648156654e-03
1.900000000000000000e+04 7.600001960633100406e-01 9.806554392353209471e-01 6.486117432862995025e-03 9.558488848429677609e-03 9.103322712790168532e-04 2.389622212107419402e-03
1.925000000000000000e+04 7.700001986430904388e-01 9.800864815657714946e-01 6.486117432862995025e-03 1.024123805188893906e-02 1.251706873008648227e-03 1.934456076467910759e-03
1.950000000000000000e+04 7.800002012228708370e-01 9.813381884387801790e-01 6.258534365043240920e-03 9.672280382339554228e-03 7.965407373691396923e-04 1.934456076467910759e-03
1.975000000000000000e+04 7.900002038026514573e-01 9.839553937187073274e-01 5.461993627674101119e-03 7.510241238051888930e-03 9.103322712790168532e-04 2.162039144287664864e-03
2.000000000000000000e+04 8.000002063824316334e-01 9.849795175238962308e-01 5.006827492034592909e-03 6.599908966772872511e-03 1.365498406918525280e-03 2.048247610377787811e-03
2.025000000000000000e+04 8.100002089622120316e-01 9.853208921256259023e-01 3.755120619025944465e-03 6.486117432862995025e-03 1.365498406918525280e-03 3.072371415566681717e-03
2.050000000000000000e+04 8.200002115419924298e-01 9.862312243969049153e-01 3.527537551206190360e-03 6.372325898953117539e-03 1.365498406918525280e-03 2.503413746017296455e-03
2.075000000000000000e+04 8.300002141217730500e-01 9.872553482020938187e-01 3.299954483386436255e-03 6.713700500682749130e-03 9.103322712790168532e-04 1.820664542558033706e-03
2.100000000000000000e+04 8.400002167015532262e-01 9.879380974055530507e-01 2.617205279927173507e-03 6.372325898953117539e-03 7.965407373691396923e-04 2.275830678197541916e-03
2.125000000000000000e+04 8.500002192813336244e-01 9.880518889394629412e-01 2.275830678197541916e-03 6.144742831133363434e-03 1.024123805188893906e-03 2.503413746017296455e-03
2.150000000000000000e+04 8.600002218611140226e-01 9.902139280837505275e-01 1.820664542558033706e-03 5.234410559854347014e-03 9.103322712790168532e-04 1.820664542558033706e-03
2.175000000000000000e+04 8.700002244408946428e-01 9.921483841602184439e-01 1.820664542558033706e-03 3.527537551206190360e-03 7.965407373691396923e-04 1.706873008648156654e-03
2.200000000000000000e+04 8.800002270206748189e-01 9.912380518889394310e-01 1.706873008648156654e-03 4.324078288575329727e-03 5.689576695493854790e-04 2.162039144287664864e-03
2.225000000000000000e+04 8.900002296004549951e-01 9.923759672280382249e-01 1.934456076467910759e-03 3.413746017296313308e-03 3.413746017296313199e-04 1.934456076467910759e-03
2.250000000000000000e+04 9.000002321802356153e-01 9.920345926263085534e-01 2.048247610377787811e-03 2.844788347746927612e-03 4.551661356395084266e-04 2.617205279927173507e-03
2.275000000000000000e+04 9.100002347600162356e-01 9.928311333636777869e-01 1.479289940828402332e-03 2.617205279927173507e-03 7.965407373691396923e-04 2.275830678197541916e-03
2.300000000000000000e+04 9.200002373397964117e-01 9.921483841602184439e-01 1.820664542558033706e-03 2.275830678197541916e-03 5.689576695493854790e-04 3.186162949476558769e-03
2.325000000000000000e+04 9.300002399195765879e-01 9.927173418297678964e-01 1.593081474738279385e-03 2.048247610377787811e-03 1.024123805188893906e-03 2.617205279927173507e-03
2.350000000000000000e+04 9.400002424993572081e-01 9.926035502958580059e-01 1.706873008648156654e-03 2.844788347746927612e-03 3.413746017296313199e-04 2.503413746017296455e-03
2.375000000000000000e+04 9.500002450791378283e-01 9.939690487027764698e-01 1.024123805188893906e-03 2.162039144287664864e-03 1.137915339098771066e-04 2.730996813837050560e-03
2.400000000000000000e+04 9.600002476589180045e-01 9.941966317705962508e-01 1.479289940828402332e-03 1.820664542558033706e-03 2.275830678197542133e-04 2.275830678197541916e-03
2.425000000000000000e+04 9.700002502386981806e-01 9.941966317705962508e-01 9.103322712790168532e-04 2.048247610377787811e-03 7.965407373691396923e-04 2.048247610377787811e-03
2.450000000000000000e+04 9.800002528184788009e-01 9.945380063723259223e-01 4.551661356395084266e-04 1.820664542558033706e-03 4.551661356395084266e-04 2.730996813837050560e-03
2.475000000000000000e+04 9.900002553982594211e-01 9.940828402366863603e-01 7.965407373691396923e-04 1.934456076467910759e-03 1.137915339098771066e-04 3.072371415566681717e-03
2.500000000000000000e+04 1.000000257978039819e+00 9.937414656349567998e-01 9.103322712790168532e-04 2.389622212107419402e-03 2.275830678197542133e-04 2.730996813837050560e-03
