# itime ezz other fcc hcp bcc ico
0.000000000000000000e+00 0.000000000000000000e+00 1.137915339098770958e-03 9.988620846609012061e-01 0.000000000000000000e+00 0.000000000000000000e+00 0.000000000000000000e+00
2.500000000000000000e+01 9.999601806052194064e-04 1.024123805188893906e-03 9.989758761948110966e-01 0.000000000000000000e+00 0.000000000000000000e+00 0.000000000000000000e+00
5.000000000000000000e+01 1.999920361210438813e-03 2.162039144287664864e-03 9.978379608557123026e-01 0.000000000000000000e+00 0.000000000000000000e+00 0.000000000000000000e+00
7.500000000000000000e+01 2.999880541815658219e-03 1.137915339098770958e-03 9.988620846609012061e-01 0.000000000000000000e+00 0.000000000000000000e+00 0.000000000000000000e+00
1.000000000000000000e+02 3.999840722420877626e-03 0.000000000000000000e+00 1.000000000000000000e+00 0.000000000000000000e+00 0.000000000000000000e+00 0.000000000000000000e+00
1.250000000000000000e+02 4.999800903026097032e-03 9.103322712790168532e-04 9.990896677287209870e-01 0.000000000000000000e+00 0.000000000000000000e+00 0.000000000000000000e+00
1.500000000000000000e+02 5.999761083631316438e-03 1.479289940828402332e-03 9.984069185252617551e-01 0.000000000000000000e+00 1.137915339098771066e-04 0.000000000000000000e+00
1.750000000000000000e+02 6.999721264236535845e-03 9.103322712790168532e-04 9.990896677287209870e-01 0.000000000000000000e+00 0.000000000000000000e+00 0.000000000000000000e+00
2.000000000000000000e+02 7.999681444841755251e-03 1.479289940828402332e-03 9.985207100591716456e-01 0.000000000000000000e+00 0.000000000000000000e+00 0.000000000000000000e+00
2.250000000000000000e+02 8.999641625446974658e-03 1.479289940828402332e-03 9.985207100591716456e-01 0.000000000000000000e+00 0.000000000000000000e+00 0.000000000000000000e+00
2.500000000000000000e+02 9.999601806052194064e-03 1.024123805188893906e-03 9.989758761948110966e-01 0.000000000000000000e+00 0.000000000000000000e+00 0.000000000000000000e+00
2.750000000000000000e+02 1.099956198665741347e-02 2.275830678197542133e-04 9.997724169321802190e-01 0.000000000000000000e+00 0.000000000000000000e+00 0.000000000000000000e+00
3.000000000000000000e+02 1.199952216726263288e-02 4.551661356395084266e-04 9.995448338643604380e-01 0.000000000000000000e+00 0.000000000000000000e+00 0.000000000000000000e+00
3.250000000000000000e+02 1.299948234786785228e-02 1.593081474738279385e-03 9.984069185252617551e-01 0.000000000000000000e+00 0.000000000000000000e+00 0.000000000000000000e+00
3.500000000000000000e+02 1.399944252847307169e-02 9.103322712790168532e-04 9.990896677287209870e-01 0.000000000000000000e+00 0.000000000000000000e+00 0.000000000000000000e+00
3.750000000000000000e+02 1.499940270907806905e-02 3.413746017296313199e-04 9.996586253982703285e-01 0.000000000000000000e+00 0.000000000000000000e+00 0.000000000000000000e+00
4.000000000000000000e+02 1.599936288968328846e-02 4.551661356395084266e-04 9.995448338643604380e-01 0.000000000000000000e+00 0.000000000000000000e+00 0.000000000000000000e+00
4.250000000000000000e+02 1.699932307028850786e-02 2.162039144287664864e-03 9.978379608557123026e-01 0.000000000000000000e+00 0.000000000000000000e+00 0.000000000000000000e+00
4.500000000000000000e+02 1.799928325089372727e-02 1.934456076467910759e-03 9.980655439235320836e-01 0.000000000000000000e+00 0.000000000000000000e+00 0.000000000000000000e+00
4.750000000000000000e+02 1.899924343149894668e-02 2.275830678197541916e-03 9.977241693218024121e-01 0.000000000000000000e+00 0.000000000000000000e+00 0.000000000000000000e+00
5.000000000000000000e+02 1.999920361210416608e-02 1.479289940828402332e-03 9.985207100591716456e-01 0.000000000000000000e+00 0.000000000000000000e+00 0.000000000000000000e+00
5.250000000000000000e+02 2.099916379270938549e-02 2.617205279927173507e-03 9.972690031861629611e-01 0.000000000000000000e+00 1.137915339098771066e-04 0.000000000000000000e+00
5.500000000000000000e+02 2.199912397331460490e-02 3.299954483386436255e-03 9.967000455166135087e-01 0.000000000000000000e+00 0.000000000000000000e+00 0.000000000000000000e+00
5.750000000000000000e+02 2.299908415391982430e-02 2.958579881656804664e-03 9.970414201183431802e-01 0.000000000000000000e+00 0.000000000000000000e+00 0.000000000000000000e+00
6.000000000000000000e+02 2.399904433452504371e-02 2.048247610377787811e-03 9.979517523896221931e-01 0.000000000000000000e+00 0.000000000000000000e+00 0.000000000000000000e+00
6.250000000000000000e+02 2.499900451513026312e-02 2.275830678197541916e-03 9.977241693218024121e-01 0.000000000000000000e+00 0.000000000000000000e+00 0.000000000000000000e+00
6.500000000000000000e+02 2.599896469573548252e-02 3.527537551206190360e-03 9.963586709148839482e-01 0.000000000000000000e+00 1.137915339098771066e-04 0.000000000000000000e+00
6.750000000000000000e+02 2.699892487634070193e-02 1.251706873008648227e-03 9.986345015930814251e-01 0.000000000000000000e+00 1.137915339098771066e-04 0.000000000000000000e+00
7.000000000000000000e+02 2.799888505694592133e-02 2.958579881656804664e-03 9.970414201183431802e-01 0.000000000000000000e+00 0.000000000000000000e+00 0.000000000000000000e+00
7.250000000000000000e+02 2.899884523755114074e-02 3.413746017296313308e-03 9.964724624487938387e-01 0.000000000000000000e+00 1.137915339098771066e-04 0.000000000000000000e+00
7.500000000000000000e+02 2.999880541815636015e-02 3.413746017296313308e-03 9.963586709148839482e-01 0.000000000000000000e+00 2.275830678197542133e-04 0.000000000000000000e+00
7.750000000000000000e+02 3.099876559876157955e-02 4.551661356395083832e-03 9.954483386436049352e-01 0.000000000000000000e+00 0.000000000000000000e+00 0.000000000000000000e+00
8.000000000000000000e+02 3.199872577936679896e-02 2.617205279927173507e-03 9.973827947200728516e-01 0.000000000000000000e+00 0.000000000000000000e+00 0.000000000000000000e+00
8.250000000000000000e+02 3.299868595997201837e-02 5.689576695493855224e-03 9.939690487027764698e-01 0.000000000000000000e+00 3.413746017296313199e-04 0.000000000000000000e+00
8.500000000000000000e+02 3.399864614057723777e-02 5.689576695493855224e-03 9.941966317705962508e-01 0.000000000000000000e+00 1.137915339098771066e-04 0.000000000000000000e+00
8.750000000000000000e+02 3.499860632118245718e-02 4.324078288575329727e-03 9.955621301775148257e-01 0.000000000000000000e+00 1.137915339098771066e-04 0.000000000000000000e+00
9.000000000000000000e+02 3.599856650178767659e-02 5.461993627674101119e-03 9.943104233045061413e-01 0.000000000000000000e+00 2.275830678197542133e-04 0.000000000000000000e+00
9.250000000000000000e+02 3.699852668239289599e-02 6.599908966772872511e-03 9.929449248975875664e-01 0.000000000000000000e+00 4.551661356395084266e-04 0.000000000000000000e+00
9.500000000000000000e+02 3.799848686299811540e-02 4.096495220755575623e-03 9.954483386436049352e-01 0.000000000000000000e+00 4.551661356395084266e-04 0.000000000000000000e+00
9.750000000000000000e+02 3.899844704360333481e-02 6.258534365043240920e-03 9.936276741010469093e-01 0.000000000000000000e+00 1.137915339098771066e-04 0.000000000000000000e+00
1.000000000000000000e+03 3.999840722420855421e-02 1.035502958579881741e-02 9.893035958124715146e-01 0.000000000000000000e+00 3.413746017296313199e-04 0.000000000000000000e+00
1.025000000000000000e+03 4.099836740481377362e-02 7.055075102412380721e-03 9.928311333636777869e-01 0.000000000000000000e+00 1.137915339098771066e-04 0.000000000000000000e+00
1.050000000000000000e+03 4.199832758541899302e-02 4.779244424214838804e-03 9.952207555757851543e-01 0.000000000000000000e+00 0.000000000000000000e+00 0.000000000000000000e+00
1.075000000000000000e+03 4.299828776602399039e-02 8.648156577150659455e-03 9.911242603550295405e-01 0.000000000000000000e+00 2.275830678197542133e-04 0.000000000000000000e+00
1.100000000000000000e+03 4.399824794662920979e-02 8.648156577150659455e-03 9.912380518889394310e-01 0.000000000000000000e+00 1.137915339098771066e-04 0.000000000000000000e+00
1.125000000000000000e+03 4.499820812723442920e-02 1.092398725534820224e-02 9.887346381429221731e-01 0.000000000000000000e+00 3.413746017296313199e-04 0.000000000000000000e+00
1.150000000000000000e+03 4.599816830783964861e-02 1.001365498406918582e-02 9.895311788802912956e-01 0.000000000000000000e+00 4.551661356395084266e-04 0.000000000000000000e+00
1.175000000000000000e+03 4.699812848844486801e-02 1.081019572143832562e-02 9.887346381429221731e-01 0.000000000000000000e+00 4.551661356395084266e-04 0.000000000000000000e+00
1.200000000000000000e+03 4.799808866905008742e-02 9.899863450159307465e-03 9.899863450159308575e-01 0.000000000000000000e+00 1.137915339098771066e-04 0.000000000000000000e+00
1.225000000000000000e+03 4.899804884965530682e-02 8.989531178880291046e-03 9.908966772872098705e-01 0.000000000000000000e+00 1.137915339098771066e-04 0.000000000000000000e+00
1.250000000000000000e+03 4.999800903026052623e-02 1.615839781520254925e-02 9.833864360491579859e-01 0.000000000000000000e+00 4.551661356395084266e-04 0.000000000000000000e+00
1.275000000000000000e+03 5.099796921086574564e-02 1.502048247610377786e-02 9.841829767865271084e-01 0.000000000000000000e+00 7.965407373691396923e-04 0.000000000000000000e+00
1.300000000000000000e+03 5.199792939147096504e-02 1.502048247610377786e-02 9.844105598543468894e-01 0.000000000000000000e+00 5.689576695493854790e-04 0.000000000000000000e+00
1.325000000000000000e+03 5.299788957207618445e-02 1.866181156121984527e-02 9.807692307692307265e-01 0.000000000000000000e+00 5.689576695493854790e-04 0.000000000000000000e+00
1.350000000000000000e+03 5.399784975268140386e-02 1.729631315430131891e-02 9.822485207100591920e-01 0.000000000000000000e+00 4.551661356395084266e-04 0.000000000000000000e+00
1.375000000000000000e+03 5.499780993328662326e-02 1.376877560309512985e-02 9.857760582612653533e-01 0.000000000000000000e+00 4.551661356395084266e-04 0.000000000000000000e+00
1.400000000000000000e+03 5.599777011389184267e-02 2.002730996813837164e-02 9.791761492944924816e-01 0.000000000000000000e+00 7.965407373691396923e-04 0.000000000000000000e+00
1.425000000000000000e+03 5.699773029449706208e-02 2.139280837505689453e-02 9.778106508875740177e-01 0.000000000000000000e+00 7.965407373691396923e-04 0.000000000000000000e+00
1.450000000000000000e+03 5.799769047510228148e-02 1.945835229858898507e-02 9.789485662266727006e-01 0.000000000000000000e+00 1.593081474738279385e-03 0.000000000000000000e+00
1.475000000000000000e+03 5.899765065570750089e-02 2.378243058716431393e-02 9.755348202093764298e-01 0.000000000000000000e+00 6.827492034592626399e-04 0.000000000000000000e+00
1.500000000000000000e+03 5.999761083631272029e-02 2.435138825671370050e-02 9.742831133363677454e-01 0.000000000000000000e+00 1.365498406918525280e-03 0.000000000000000000e+00
1.525000000000000000e+03 6.099757101691793970e-02 2.651342740100136666e-02 9.724624487938097195e-01 0.000000000000000000e+00 1.024123805188893906e-03 0.000000000000000000e+00
1.550000000000000000e+03 6.199753119752315911e-02 2.480655439235321044e-02 9.738279472007282944e-01 0.000000000000000000e+00 1.365498406918525280e-03 0.000000000000000000e+00
1.575000000000000000e+03 6.299749137812837851e-02 3.208921256258534527e-02 9.663177059626764098e-01 0.000000000000000000e+00 1.593081474738279385e-03 0.000000000000000000e+00
1.600000000000000000e+03 6.399745155873359792e-02 3.140646335912607862e-02 9.666590805644059703e-01 0.000000000000000000e+00 1.934456076467910759e-03 0.000000000000000000e+00
1.625000000000000000e+03 6.499741173933881733e-02 3.356850250341374825e-02 9.649522075557578349e-01 0.000000000000000000e+00 1.479289940828402332e-03 0.000000000000000000e+00
1.650000000000000000e+03 6.599737191994403673e-02 3.322712790168411146e-02 9.657487482931269573e-01 0.000000000000000000e+00 1.024123805188893906e-03 0.000000000000000000e+00
1.675000000000000000e+03 6.699733210054925614e-02 3.641329085116067066e-02 9.616522530723714546e-01 0.000000000000000000e+00 1.934456076467910759e-03 0.000000000000000000e+00
1.700000000000000000e+03 6.799729228115447555e-02 3.402366863905325473e-02 9.633591260810195900e-01 0.000000000000000000e+00 2.617205279927173507e-03 0.000000000000000000e+00
1.725000000000000000e+03 6.899725246175969495e-02 5.086481565771506369e-02 9.459490213928083424e-01 0.000000000000000000e+00 3.186162949476558769e-03 0.000000000000000000e+00
1.750000000000000000e+03 6.999721264236491436e-02 3.994082840236686666e-02 9.583522985889849632e-01 0.000000000000000000e+00 1.706873008648156654e-03 0.000000000000000000e+00
1.775000000000000000e+03 7.099717282297013377e-02 4.335457441966317910e-02 9.536868456986800080e-01 0.000000000000000000e+00 2.958579881656804664e-03 0.000000000000000000e+00
1.800000000000000000e+03 7.199713300357513113e-02 4.267182521620391245e-02 9.541420118343195700e-01 0.000000000000000000e+00 3.186162949476558769e-03 0.000000000000000000e+00
1.825000000000000000e+03 7.299709318418035053e-02 4.506144742831133532e-02 9.517523896222120916e-01 0.000000000000000000e+00 3.186162949476558769e-03 0.000000000000000000e+00
1.850000000000000000e+03 7.399705336478556994e-02 5.553026854802002588e-02 9.413973600364132777e-01 0.000000000000000000e+00 3.072371415566681717e-03 0.000000000000000000e+00
1.875000000000000000e+03 7.499701354539078935e-02 6.156121984524351443e-02 9.335457441966317216e-01 0.000000000000000000e+00 4.893035958124715423e-03 0.000000000000000000e+00
1.900000000000000000e+03 7.599697372599600875e-02 6.531634046426945672e-02 9.288802913063267663e-01 0.000000000000000000e+00 5.803368229403732710e-03 0.000000000000000000e+00
1.925000000000000000e+03 7.699693390660122816e-02 8.010923987255348655e-02 9.145425580336823401e-01 0.000000000000000000e+00 5.348202093764223633e-03 0.000000000000000000e+00
1.950000000000000000e+03 7.799689408720644757e-02 7.089212562585343880e-02 9.222803823395538947e-01 0.000000000000000000e+00 6.827492034592626616e-03 0.000000000000000000e+00
1.975000000000000000e+03 7.899685426781166697e-02 7.134729176149294527e-02 9.215976331360946627e-01 0.000000000000000000e+00 7.055075102412380721e-03 0.000000000000000000e+00
2.000000000000000000e+03 7.999681444841688638e-02 9.046426945835230049e-02 9.021392808375057193e-01 0.000000000000000000e+00 7.396449704142011444e-03 0.000000000000000000e+00
2.025000000000000000e+03 8.099677462902210578e-02 1.032089212562585373e-01 8.878015475648611821e-01 0.000000000000000000e+00 8.989531178880291046e-03 0.000000000000000000e+00
2.050000000000000000e+03 8.199673480962732519e-02 1.009330905780609910e-01 8.884842967683204140e-01 0.000000000000000000e+00 1.058261265361857065e-02 0.000000000000000000e+00
2.075000000000000000e+03 8.299669499023254460e-02 1.008192990441511144e-01 8.833636777423760078e-01 0.000000000000000000e+00 1.581702321347291593e-02 0.000000000000000000e+00
2.100000000000000000e+03 8.399665517083776400e-02 1.187983614019117035e-01 8.635639508420573929e-01 0.000000000000000000e+00 1.763768775603095224e-02 0.000000000000000000e+00
2.125000000000000000e+03 8.499661535144298341e-02 1.317705962676376796e-01 8.462676376877560358e-01 0.000000000000000000e+00 2.196176604460628110e-02 0.000000000000000000e+00
2.150000000000000000e+03 8.599657553204820282e-02 1.428083750568957533e-01 8.328402366863905115e-01 0.000000000000000000e+00 2.435138825671370050e-02 0.000000000000000000e+00
2.175000000000000000e+03 8.699653571265342222e-02 1.512289485662266786e-01 8.190714610832954268e-01 0.000000000000000000e+00 2.969959035047792587e-02 0.000000000000000000e+00
2.200000000000000000e+03 8.799649589325864163e-02 1.618115612198452458e-01 8.005234410559853853e-01 0.000000000000000000e+00 3.766499772416932040e-02 0.000000000000000000e+00
2.225000000000000000e+03 8.899645607386386104e-02 1.781975421028675344e-01 7.796995903504779779e-01 0.000000000000000000e+00 4.210286754665452935e-02 0.000000000000000000e+00
2.250000000000000000e+03 8.999641625446908044e-02 2.003868912152935722e-01 7.529585798816568198e-01 0.000000000000000000e+00 4.665452890304961492e-02 0.000000000000000000e+00
2.275000000000000000e+03 9.099637643507429985e-02 2.156349567592171224e-01 7.257624032771962108e-01 0.000000000000000000e+00 5.860263996358670846e-02 0.000000000000000000e+00
2.300000000000000000e+03 9.199633661567951926e-02 2.352071005917159841e-01 6.910559854346836062e-01 1.137915339098771066e-04 7.362312243969049153e-02 0.000000000000000000e+00
2.325000000000000000e+03 9.299629679628473866e-02 2.374829312699135164e-01 6.748975876194811541e-01 9.103322712790168532e-04 8.670914883932635819e-02 0.000000000000000000e+00
2.350000000000000000e+03 9.399625697688995807e-02 2.598998634501593075e-01 6.351843422849340337e-01 1.137915339098770958e-03 1.037778789258079204e-01 0.000000000000000000e+00
2.375000000000000000e+03 9.499621715749517747e-02 2.725307237141556538e-01 6.060537096040055083e-01 9.103322712790168532e-04 1.205052344105598527e-01 0.000000000000000000e+00
2.400000000000000000e+03 9.599617733810039688e-02 2.775375512061902805e-01 5.741920801092398330e-01 9.103322712790168532e-04 1.473600364132908458e-01 0.000000000000000000e+00
2.425000000000000000e+03 9.699613751870561629e-02 2.869822485207100815e-01 5.405097860719162428e-01 1.479289940828402332e-03 1.710286754665452935e-01 0.000000000000000000e+00
2.450000000000000000e+03 9.799609769931083569e-02 2.971096950386891145e-01 5.058033682294037492e-01 2.503413746017296455e-03 1.945835229858898507e-01 0.000000000000000000e+00
2.475000000000000000e+03 9.899605787991605510e-02 3.202093764223941652e-01 4.621074192080109055e-01 3.072371415566681717e-03 2.146108329540282189e-01 0.000000000000000000e+00
2.500000000000000000e+03 9.999601806052105246e-02 3.321574874829312796e-01 4.167045971779699820e-01 5.689576695493855224e-03 2.454483386436049075e-01 0.000000000000000000e+00
2.525000000000000000e+03 1.009959782411262719e-01 3.474055530268548297e-01 3.846153846153846367e-01 6.144742831133363434e-03 2.618343195266272239e-01 0.000000000000000000e+00
2.550000000000000000e+03 1.019959384217314913e-01 3.541192535275375364e-01 3.586709148839326566e-01 1.172052799271734204e-02 2.754893035958124736e-01 0.000000000000000000e+00
2.575000000000000000e+03 1.029958986023367107e-01 3.659535730541647602e-01 3.350022758306782089e-01 1.479289940828402289e-02 2.842512517068729871e-01 0.000000000000000000e+00
2.600000000000000000e+03 1.039958587829419301e-01 3.648156577150660218e-01 3.144060081929904160e-01 1.638598088302230249e-02 3.043923532089212736e-01 0.000000000000000000e+00
2.625000000000000000e+03 1.049958189635471495e-01 3.659535730541647602e-01 2.979062357760582369e-01 1.615839781520254925e-02 3.199817933545744397e-01 0.000000000000000000e+00
2.650000000000000000e+03 1.059957791441523689e-01 3.662949476558943762e-01 2.884615384615384359e-01 1.934456076467910846e-02 3.258989531178880239e-01 0.000000000000000000e+00
2.675000000000000000e+03 1.069957393247575883e-01 3.571916249431042467e-01 2.789030496131087999e-01 2.253072371415566766e-02 3.413746017296312996e-01 0.000000000000000000e+00
2.700000000000000000e+03 1.079956995053628077e-01 3.714155666818388934e-01 2.643377332726445372e-01 2.309968138370505075e-02 3.411470186618115741e-01 0.000000000000000000e+00
2.725000000000000000e+03 1.089956596859680271e-01 3.697086936731907025e-01 2.588757396449704040e-01 2.605826126536185672e-02 3.453573054164770229e-01 0.000000000000000000e+00
2.750000000000000000e+03 1.099956198665732465e-01 3.814292216659080359e-01 2.526172052799271484e-01 2.924442421483841592e-02 3.367091488393263443e-01 0.000000000000000000e+00
2.775000000000000000e+03 1.109955800471784659e-01 3.763086026399635742e-01 2.377105143377332697e-01 3.265817023213472836e-02 3.533227127901684139e-01 0.000000000000000000e+00
2.800000000000000000e+03 1.119955402277836853e-01 3.900773782430587144e-01 2.223486572598998567e-01 3.163404642694583185e-02 3.559399180700955623e-01 0.000000000000000000e+00
2.825000000000000000e+03 1.129955004083889047e-01 3.868912152935821691e-01 2.174556213017751483e-01 3.755120619025944378e-02 3.581019572143832597e-01 0.000000000000000000e+00
2.850000000000000000e+03 1.139954605889941242e-01 3.851843422849339782e-01 2.166590805644059980e-01 3.561675011379153433e-02 3.625398270368684339e-01 0.000000000000000000e+00
2.875000000000000000e+03 1.149954207695993436e-01 3.719845243513882349e-01 2.034592626308602548e-01 3.800637232589895026e-02 3.865498406918525531e-01 0.000000000000000000e+00
2.900000000000000000e+03 1.159953809502045630e-01 3.796085571233500100e-01 1.951524806554392477e-01 4.449248975876194528e-02 3.807464724624488039e-01 0.000000000000000000e+00
2.925000000000000000e+03 1.169953411308097824e-01 3.917842512517068498e-01 1.835457441966317771e-01 4.688211197086936816e-02 3.777878925807919841e-01 0.000000000000000000e+00
2.950000000000000000e+03 1.179953013114150018e-01 3.905325443786982209e-01 1.741010468821119761e-01 5.052344105598543383e-02 3.848429676832043622e-01 0.000000000000000000e+00
2.975000000000000000e+03 1.189952614920202212e-01 3.834774692762858428e-01 1.680700955848884737e-01 5.439235320892125969e-02 3.940600819299044377e-01 0.000000000000000000e+00
3.000000000000000000e+03 1.199952216726254406e-01 4.029358215748748417e-01 1.590805644060081792e-01 5.814747382794720199e-02 3.798361401911697910e-01 0.000000000000000000e+00
3.025000000000000000e+03 1.209951818532306600e-01 4.091943559399180974e-01 1.557806099226217433e-01 6.258534365043240399e-02 3.724396904870277414e-01 0.000000000000000000e+00
3.050000000000000000e+03 1.219951420338358794e-01 4.098771051433773294e-01 1.521392808375056915e-01 6.213017751479289752e-02 3.758534365043240677e-01 0.000000000000000000e+00
3.075000000000000000e+03 1.229951022144410988e-01 3.978152025489303800e-01 1.426945835229858905e-01 6.702321347291761988e-02 3.924670004551661373e-01 0.000000000000000000e+00
3.100000000000000000e+03 1.239950623950463182e-01 4.295630405097860538e-01 1.348429676832043622e-01 7.089212562585343880e-02 3.647018661811561313e-01 0.000000000000000000e+00
3.125000000000000000e+03 1.249950225756515376e-01 4.221665908056440597e-01 1.299499317250796537e-01 7.555757851615839404e-02 3.723258989531179064e-01 0.000000000000000000e+00
3.150000000000000000e+03 1.259949827562567570e-01 4.403732362312243742e-01 1.209604005461993592e-01 7.692307692307692735e-02 3.617432862994993115e-01 0.000000000000000000e+00
3.175000000000000000e+03 1.269949429368619764e-01 4.370732817478379384e-01 1.189121529358215801e-01 8.557123350022757813e-02 3.584433318161128756e-01 0.000000000000000000e+00
3.200000000000000000e+03 1.279949031174671958e-01 4.353664087391898030e-01 1.149294492489758707e-01 8.659535730541648157e-02 3.631087847064178309e-01 0.000000000000000000e+00
3.225000000000000000e+03 1.289948632980721932e-01 4.237596722803823601e-01 1.087847064178425194e-01 9.342284934000910646e-02 3.740327719617660418e-01 0.000000000000000000e+00
3.250000000000000000e+03 1.299948234786774126e-01 4.400318616294947582e-01 1.078743741465634925e-01 1.020710059171597572e-01 3.500227583067819781e-01 0.000000000000000000e+00
3.275000000000000000e+03 1.309947836592826320e-01 4.533454710969503920e-01 1.074192080109239861e-01 1.055985434683659602e-01 3.336367774237596895e-01 0.000000000000000000e+00
3.300000000000000000e+03 1.319947438398878514e-01 4.563040509786072119e-01 9.945380063723259501e-02 1.066226672735548497e-01 3.376194811106053573e-01 0.000000000000000000e+00
3.325000000000000000e+03 1.329947040204930708e-01 4.437869822485207005e-01 1.035502958579881672e-01 1.096950386891215323e-01 3.429676832043696000e-01 0.000000000000000000e+00
3.350000000000000000e+03 1.339946642010982902e-01 4.550523441055985274e-01 9.990896677287210148e-02 1.181156121984524299e-01 3.269230769230769273e-01 0.000000000000000000e+00
3.375000000000000000e+03 1.349946243817035096e-01 4.613108784706417831e-01 9.410559854346836617e-02 1.243741465634956717e-01 3.202093764223941652e-01 0.000000000000000000e+00
3.400000000000000000e+03 1.359945845623087290e-01 4.593764223941738667e-01 9.490213928083750250e-02 1.290395994538006408e-01 3.166818388711880039e-01 0.000000000000000000e+00
3.425000000000000000e+03 1.369945447429139485e-01 4.552799271734183084e-01 9.228493400091032639e-02 1.312016385980883104e-01 3.212335002275830687e-01 0.000000000000000000e+00
3.450000000000000000e+03 1.379945049235191679e-01 4.720072826581702130e-01 8.864360491579426071e-02 1.322257624032771861e-01 3.071233500227583124e-01 0.000000000000000000e+00
3.475000000000000000e+03 1.389944651041243873e-01 4.733727810650887324e-01 8.591260810195720798e-02 1.297223486572599005e-01 3.109922621756941452e-01 0.000000000000000000e+00
3.500000000000000000e+03 1.399944252847296067e-01 4.819071461083295205e-01 8.648156577150660496e-02 1.356395084205735124e-01 2.959717796995903760e-01 0.000000000000000000e+00
3.525000000000000000e+03 1.409943854653348261e-01 4.778106508875739622e-01 8.420573509330905870e-02 1.345015930814747462e-01 3.034820209376422606e-01 0.000000000000000000e+00
3.550000000000000000e+03 1.419943456459400455e-01 4.858898497951752438e-01 8.375056895766955223e-02 1.360946745562130189e-01 2.942649066909421851e-01 0.000000000000000000e+00
3.575000000000000000e+03 1.429943058265452649e-01 4.846381429221666148e-01 8.454710969503868856e-02 1.483841602184797492e-01 2.824305871643149612e-01 0.000000000000000000e+00
3.600000000000000000e+03 1.439942660071504843e-01 4.864588074647246407e-01 8.386436049157942885e-02 1.523668639053254448e-01 2.773099681383704995e-01 0.000000000000000000e+00
3.625000000000000000e+03 1.449942261877557037e-01 4.986345015930814806e-01 8.045061447428311641e-02 1.561219845243513871e-01 2.647928994082840437e-01 0.000000000000000000e+00
3.650000000000000000e+03 1.459941863683609231e-01 5.022758306781975879e-01 8.079198907601274626e-02 1.626081019572143960e-01 2.543240782885753393e-01 0.000000000000000000e+00
3.675000000000000000e+03 1.469941465489661425e-01 5.126308602639964018e-01 7.726445152480655720e-02 1.533909877105143482e-01 2.567137005006827621e-01 0.000000000000000000e+00
3.700000000000000000e+03 1.479941067295713619e-01 5.119481110605370588e-01 7.794720072826581692e-02 1.602184797451069731e-01 2.498862084660901095e-01 0.000000000000000000e+00
3.725000000000000000e+03 1.489940669101765813e-01 5.145653163404643182e-01 7.715065999089668058e-02 1.661356395084205850e-01 2.421483841602184717e-01 0.000000000000000000e+00
3.750000000000000000e+03 1.499940270907818007e-01 5.109239872553481554e-01 7.658170232134729749e-02 1.784251251706872876e-01 2.340691852526172179e-01 0.000000000000000000e+00
3.775000000000000000e+03 1.509939872713870201e-01 5.096722803823395820e-01 7.646791078743742087e-02 1.835457441966317771e-01 2.303140646335912478e-01 0.000000000000000000e+00
3.800000000000000000e+03 1.519939474519922396e-01 5.298133818843877574e-01 8.067819754210286964e-02 1.829767865270823801e-01 2.065316340464269373e-01 0.000000000000000000e+00
3.825000000000000000e+03 1.529939076325974590e-01 5.179790623577605890e-01 8.272644515248064878e-02 1.906008192990441552e-01 2.086936731907146070e-01 0.000000000000000000e+00
3.850000000000000000e+03 1.539938678132026784e-01 5.319754210286754548e-01 7.976786527082385669e-02 1.944697314519799602e-01 1.937869822485207005e-01 0.000000000000000000e+00
3.875000000000000000e+03 1.549938279938078978e-01 5.325443786982249073e-01 8.670914883932635819e-02 1.994765589440145592e-01 1.812699135184342170e-01 0.000000000000000000e+00
3.900000000000000000e+03 1.559937881744131172e-01 5.383477469276285454e-01 8.113336367774237612e-02 2.083522985889849910e-01 1.721665908056440597e-01 0.000000000000000000e+00
3.925000000000000000e+03 1.569937483550181145e-01 5.411925352753754748e-01 8.249886208466089554e-02 2.117660446062812896e-01 1.645425580336822846e-01 0.000000000000000000e+00
3.950000000000000000e+03 1.579937085356233339e-01 5.497269003186162628e-01 8.363677742375967561e-02 2.127901684114701930e-01 1.538461538461538547e-01 0.000000000000000000e+00
3.975000000000000000e+03 1.589936687162285534e-01 5.542785616750113276e-01 8.272644515248064878e-02 2.158625398270368756e-01 1.471324533454710926e-01 0.000000000000000000e+00
4.000000000000000000e+03 1.599936288968337728e-01 5.428994082840237212e-01 8.192990441511151245e-02 2.290623577605826189e-01 1.461083295402822169e-01 0.000000000000000000e+00
4.025000000000000000e+03 1.609935890774389922e-01 5.444924897587619661e-01 8.693673190714611143e-02 2.275830678197542090e-01 1.409877105143377274e-01 0.000000000000000000e+00
4.050000000000000000e+03 1.619935492580442116e-01 5.485889849795174689e-01 8.534365043240782489e-02 2.215521165225307343e-01 1.445152480655439164e-01 0.000000000000000000e+00
4.075000000000000000e+03 1.629935094386494310e-01 5.468821119708693335e-01 8.500227583067819503e-02 2.289485662266727284e-01 1.391670459717797015e-01 0.000000000000000000e+00
4.100000000000000000e+03 1.639934696192546504e-01 5.606508875739645292e-01 8.215748748293126569e-02 2.302002730996813851e-01 1.269913518434228616e-01 0.000000000000000000e+00
4.125000000000000000e+03 1.649934297998598698e-01 5.443786982248520756e-01 8.614019116977697510e-02 2.361174328629949970e-01 1.333636777423759801e-01 0.000000000000000000e+00
4.150000000000000000e+03 1.659933899804650892e-01 5.611060537096039802e-01 8.215748748293126569e-02 2.306554392353208915e-01 1.260810195721438209e-01 0.000000000000000000e+00
4.175000000000000000e+03 1.669933501610703086e-01 5.647473827947200320e-01 8.409194355939918208e-02 2.303140646335912478e-01 1.208466090122894826e-01 0.000000000000000000e+00
4.200000000000000000e+03 1.679933103416755280e-01 5.605370960400546387e-01 8.750568957669549452e-02 2.288347746927628656e-01 1.231224396904870289e-01 0.000000000000000000e+00
4.225000000000000000e+03 1.689932705222807474e-01 5.641784251251706905e-01 8.739189804278561791e-02 2.347519344560764776e-01 1.136777423759672279e-01 0.000000000000000000e+00
4.250000000000000000e+03 1.699932307028859668e-01 5.672507965407374009e-01 8.682294037323623481e-02 2.346381429221665871e-01 1.112881201638598050e-01 0.000000000000000000e+00
4.275000000000000000e+03 1.709931908834911862e-01 5.609922621756940897e-01 8.705052344105598805e-02 2.361174328629949970e-01 1.158397815202548975e-01 0.000000000000000000e+00
4.300000000000000000e+03 1.719931510640964056e-01 5.728265817023213691e-01 8.693673190714611143e-02 2.399863450159308020e-01 1.002503413746017313e-01 0.000000000000000000e+00
4.325000000000000000e+03 1.729931112447016250e-01 5.647473827947200320e-01 8.875739644970413733e-02 2.462448793809740577e-01 1.002503413746017313e-01 0.000000000000000000e+00
4.350000000000000000e+03 1.739930714253068444e-01 5.737369139736003820e-01 8.602639963586708460e-02 2.421483841602184717e-01 9.808830223031406170e-02 0.000000000000000000e+00
4.375000000000000000e+03 1.749930316059120639e-01 5.820436959490213891e-01 8.648156577150660496e-02 2.378243058716431602e-01 9.365043240782885969e-02 0.000000000000000000e+00
4.400000000000000000e+03 1.759929917865172833e-01 5.848884842967683184e-01 8.488848429676831842e-02 2.342967683204369711e-01 9.592626308602640595e-02 0.000000000000000000e+00
4.425000000000000000e+03 1.769929519671225027e-01 5.879608557123350288e-01 8.682294037323623481e-02 2.394173873463814328e-01 8.579881656804733137e-02 0.000000000000000000e+00
4.450000000000000000e+03 1.779929121477277221e-01 5.894401456531633832e-01 8.739189804278561791e-02 2.441966317705962786e-01 7.897132453345470648e-02 0.000000000000000000e+00
4.475000000000000000e+03 1.789928723283329415e-01 5.927401001365498745e-01 8.818843878015475424e-02 2.401001365498406925e-01 7.897132453345470648e-02 0.000000000000000000e+00
4.500000000000000000e+03 1.799928325089381609e-01 5.909194355939918486e-01 9.148839326354119006e-02 2.413518434228493492e-01 7.624032771961765376e-02 0.000000000000000000e+00
4.525000000000000000e+03 1.809927926895433803e-01 5.937642239417387779e-01 8.944014565316341092e-02 2.390760127446517891e-01 7.771961766044606368e-02 0.000000000000000000e+00
4.550000000000000000e+03 1.819927528701485997e-01 5.943331816112881194e-01 9.171597633136094330e-02 2.398725534820209393e-01 7.407828857532999800e-02 0.000000000000000000e+00
4.575000000000000000e+03 1.829927130507538191e-01 5.895539371870732737e-01 9.456076467910787264e-02 2.408966772872098427e-01 7.498862084660901095e-02 0.000000000000000000e+00
4.600000000000000000e+03 1.839926732313590385e-01 5.850022758306782089e-01 9.535730541647700897e-02 2.426035502958579781e-01 7.703686845698680397e-02 0.000000000000000000e+00
4.625000000000000000e+03 1.849926334119640359e-01 5.953573054164770229e-01 9.399180700955848955e-02 2.366863905325443662e-01 7.396449704142012138e-02 0.000000000000000000e+00
4.650000000000000000e+03 1.859925935925692553e-01 5.890987710514338227e-01 9.376422394173873631e-02 2.443104233045061413e-01 7.282658170232134132e-02 0.000000000000000000e+00
4.675000000000000000e+03 1.869925537731744747e-01 5.963814292216659263e-01 9.251251706873007963e-02 2.439690487027765253e-01 6.713700500682749650e-02 0.000000000000000000e+00
4.700000000000000000e+03 1.879925139537796941e-01 5.937642239417387779e-01 9.285389167045972336e-02 2.378243058716431602e-01 7.555757851615839404e-02 0.000000000000000000e+00
4.725000000000000000e+03 1.889924741343849135e-01 5.997951752389621971e-01 9.456076467910787264e-02 2.365725989986345035e-01 6.907146108329539902e-02 0.000000000000000000e+00
4.750000000000000000e+03 1.899924343149901329e-01 6.013882567137005530e-01 9.387801547564861293e-02 2.335002275830678209e-01 7.123350022758306865e-02 0.000000000000000000e+00
4.775000000000000000e+03 1.909923944955953523e-01 6.001365498406918686e-01 9.478834774692762588e-02 2.363450159308147502e-01 6.873008648156576916e-02 0.000000000000000000e+00
4.800000000000000000e+03 1.919923546762005717e-01 6.051433773327264953e-01 9.410559854346836617e-02 2.371415566681839004e-01 6.360946745562130744e-02 0.000000000000000000e+00
4.825000000000000000e+03 1.929923148568057911e-01 6.059399180700956178e-01 8.978152025489304078e-02 2.370277651342740100e-01 6.725079654073737312e-02 0.000000000000000000e+00
4.850000000000000000e+03 1.939922750374110105e-01 6.095812471552116696e-01 9.285389167045972336e-02 2.308830223031406448e-01 6.668183887118799003e-02 0.000000000000000000e+00
4.875000000000000000e+03 1.949922352180162299e-01 6.018434228493400040e-01 9.581247155211652933e-02 2.349795175238962308e-01 6.736458807464724974e-02 0.000000000000000000e+00
4.900000000000000000e+03 1.959921953986214493e-01 6.051433773327264953e-01 9.490213928083750250e-02 2.311106053709603980e-01 6.884387801547564578e-02 0.000000000000000000e+00
4.925000000000000000e+03 1.969921555792266687e-01 6.117432862994993670e-01 9.353664087391898307e-02 2.316795630405097950e-01 6.304050978607191047e-02 0.000000000000000000e+00
4.950000000000000000e+03 1.979921157598318882e-01 6.160673645880746507e-01 9.342284934000910646e-02 2.336140191169776836e-01 5.689576695493855224e-02 0.000000000000000000e+00
4.975000000000000000e+03 1.989920759404371076e-01 6.170914883932635542e-01 9.000910332271279402e-02 2.281520254893036059e-01 6.474738279472007363e-02 0.000000000000000000e+00
5.000000000000000000e+03 1.999920361210423270e-01 6.199362767410104835e-01 9.000910332271279402e-02 2.269003186162949492e-01 6.315430131998178709e-02 0.000000000000000000e+00
5.025000000000000000e+03 2.009919963016475464e-01 6.239189804278562068e-01 9.000910332271279402e-02 2.270141101502048120e-01 5.905780609922621494e-02 0.000000000000000000e+00
5.050000000000000000e+03 2.019919564822527658e-01 6.154984069185253093e-01 9.217114246700044977e-02 2.329312699135184239e-01 5.939918070095585173e-02 0.000000000000000000e+00
5.075000000000000000e+03 2.029919166628579852e-01 6.189121529358215801e-01 9.126081019572143682e-02 2.295175238962221254e-01 6.030951297223486468e-02 0.000000000000000000e+00
5.100000000000000000e+03 2.039918768434632046e-01 6.165225307237141017e-01 9.626763768775603580e-02 2.307692307692307820e-01 5.644060081929904577e-02 0.000000000000000000e+00
5.125000000000000000e+03 2.049918370240684240e-01 6.243741465634956578e-01 9.399180700955848955e-02 2.289485662266727284e-01 5.268548020027309653e-02 0.000000000000000000e+00
5.150000000000000000e+03 2.059917972046736434e-01 6.260810195721437932e-01 9.262630860263997012e-02 2.290623577605826189e-01 5.223031406463359005e-02 0.000000000000000000e+00
5.175000000000000000e+03 2.069917573852788628e-01 6.250568957669548897e-01 9.137460172963131344e-02 2.290623577605826189e-01 5.450614474283113631e-02 0.000000000000000000e+00
5.200000000000000000e+03 2.079917175658840822e-01 6.231224396904869733e-01 9.512972234865725574e-02 2.314519799726900418e-01 5.029585798816568060e-02 0.000000000000000000e+00
5.225000000000000000e+03 2.089916777464893016e-01 6.280154756486117096e-01 9.148839326354119006e-02 2.276968593536640995e-01 5.279927173418298009e-02 0.000000000000000000e+00
5.250000000000000000e+03 2.099916379270945210e-01 6.292671825216203940e-01 9.091943559399180697e-02 2.258761948111060458e-01 5.393718707328174627e-02 0.000000000000000000e+00
5.275000000000000000e+03 2.109915981076997404e-01 6.339326354119253493e-01 9.103322712790168358e-02 2.215521165225307343e-01 5.348202093764223980e-02 0.000000000000000000e+00
5.300000000000000000e+03 2.119915582883049598e-01 6.301775147928994070e-01 9.456076467910787264e-02 2.207555757851615841e-01 5.450614474283113631e-02 0.000000000000000000e+00
5.325000000000000000e+03 2.129915184689101793e-01 6.333636777423760078e-01 9.501593081474737912e-02 2.191624943104233114e-01 5.245789713245334329e-02 0.000000000000000000e+00
5.350000000000000000e+03 2.139914786495151766e-01 6.357532999544833752e-01 9.262630860263997012e-02 2.217796995903504875e-01 4.984069185252617412e-02 0.000000000000000000e+00
5.375000000000000000e+03 2.149914388301203960e-01 6.440600819299043822e-01 9.148839326354119006e-02 2.132453345471096995e-01 5.120619025944470049e-02 0.000000000000000000e+00
5.400000000000000000e+03 2.159913990107256154e-01 6.426945835229859183e-01 9.308147473827947660e-02 2.117660446062812896e-01 5.245789713245334329e-02 0.000000000000000000e+00
5.425000000000000000e+03 2.169913591913308348e-01 6.424670004551661373e-01 9.467455621301774926e-02 2.111970869367319203e-01 5.166135639508420696e-02 0.000000000000000000e+00
5.450000000000000000e+03 2.179913193719360542e-01 6.385980883022303045e-01 9.626763768775603580e-02 2.131315430131998090e-01 5.200273099681383682e-02 0.000000000000000000e+00
5.475000000000000000e+03 2.189912795525412736e-01 6.470186618115612021e-01 9.456076467910787264e-02 2.100591715976331264e-01 4.836140191169777114e-02 0.000000000000000000e+00
5.500000000000000000e+03 2.199912397331464931e-01 6.450842057350932857e-01 9.296768320436959998e-02 2.125625853436504398e-01 4.938552571688666071e-02 0.000000000000000000e+00
5.525000000000000000e+03 2.209911999137517125e-01 6.447428311333637252e-01 9.524351388256713236e-02 2.125625853436504398e-01 4.745106964041875125e-02 0.000000000000000000e+00
5.550000000000000000e+03 2.219911600943569319e-01 6.441738734638142727e-01 9.308147473827947660e-02 2.131315430131998090e-01 4.961310878470642088e-02 0.000000000000000000e+00
5.575000000000000000e+03 2.229911202749621513e-01 6.517979062357760478e-01 9.171597633136094330e-02 2.053937187073281712e-01 5.109239872553481693e-02 0.000000000000000000e+00
5.600000000000000000e+03 2.239910804555673707e-01 6.537323623122439642e-01 9.114701866181156020e-02 2.050523441055985552e-01 5.006827492034592736e-02 0.000000000000000000e+00
5.625000000000000000e+03 2.249910406361725901e-01 6.549840691852526486e-01 9.148839326354119006e-02 2.071005917159763343e-01 4.642694583522986168e-02 0.000000000000000000e+00
5.650000000000000000e+03 2.259910008167778095e-01 6.619253527537550807e-01 8.818843878015475424e-02 2.038006372325898985e-01 4.608557123350022489e-02 0.000000000000000000e+00
5.675000000000000000e+03 2.269909609973830289e-01 6.634046426945835462e-01 8.796085571233500100e-02 2.057350933090578149e-01 4.289940828402366568e-02 0.000000000000000000e+00
