# itime ezz other fcc hcp bcc ico
0.000000000000000000e+00 0.000000000000000000e+00 6.827492034592626399e-04 9.993172507965407680e-01 0.000000000000000000e+00 0.000000000000000000e+00 0.000000000000000000e+00
2.500000000000000000e+01 9.999782729763762035e-04 1.024123805188893906e-03 9.989758761948110966e-01 0.000000000000000000e+00 0.000000000000000000e+00 0.000000000000000000e+00
5.000000000000000000e+01 1.999956545952752407e-03 5.689576695493854790e-04 9.994310423304506585e-01 0.000000000000000000e+00 0.000000000000000000e+00 0.000000000000000000e+00
7.500000000000000000e+01 2.999934818928906566e-03 1.024123805188893906e-03 9.989758761948110966e-01 0.000000000000000000e+00 0.000000000000000000e+00 0.000000000000000000e+00
1.000000000000000000e+02 3.999913091905282769e-03 3.413746017296313199e-04 9.996586253982703285e-01 0.000000000000000000e+00 0.000000000000000000e+00 0.000000000000000000e+00
1.250000000000000000e+02 4.999891364881658973e-03 1.479289940828402332e-03 9.985207100591716456e-01 0.000000000000000000e+00 0.000000000000000000e+00 0.000000000000000000e+00
1.500000000000000000e+02 5.999869637858035176e-03 9.103322712790168532e-04 9.990896677287209870e-01 0.000000000000000000e+00 0.000000000000000000e+00 0.000000000000000000e+00
1.750000000000000000e+02 6.999847910834411380e-03 7.965407373691396923e-04 9.992034592626308775e-01 0.000000000000000000e+00 0.000000000000000000e+00 0.000000000000000000e+00
2.000000000000000000e+02 7.999826183810565539e-03 1.251706873008648227e-03 9.986345015930814251e-01 0.000000000000000000e+00 1.137915339098771066e-04 0.000000000000000000e+00
2.250000000000000000e+02 8.999804456786941742e-03 1.251706873008648227e-03 9.987482931269913156e-01 0.000000000000000000e+00 0.000000000000000000e+00 0.000000000000000000e+00
2.500000000000000000e+02 9.999782729763317946e-03 1.593081474738279385e-03 9.984069185252617551e-01 0.000000000000000000e+00 0.000000000000000000e+00 0.000000000000000000e+00
2.750000000000000000e+02 1.099976100273969415e-02 1.024123805188893906e-03 9.989758761948110966e-01 0.000000000000000000e+00 0.000000000000000000e+00 0.000000000000000000e+00
3.000000000000000000e+02 1.199973927571607035e-02 7.965407373691396923e-04 9.992034592626308775e-01 0.000000000000000000e+00 0.000000000000000000e+00 0.000000000000000000e+00
3.250000000000000000e+02 1.299971754869244656e-02 1.137915339098770958e-03 9.988620846609012061e-01 0.000000000000000000e+00 0.000000000000000000e+00 0.000000000000000000e+00
3.500000000000000000e+02 1.399969582166860071e-02 1.593081474738279385e-03 9.984069185252617551e-01 0.000000000000000000e+00 0.000000000000000000e+00 0.000000000000000000e+00
3.750000000000000000e+02 1.499967409464497692e-02 9.103322712790168532e-04 9.990896677287209870e-01 0.000000000000000000e+00 0.000000000000000000e+00 0.000000000000000000e+00
4.000000000000000000e+02 1.599965236762135312e-02 2.503413746017296455e-03 9.974965862539827421e-01 0.000000000000000000e+00 0.000000000000000000e+00 0.000000000000000000e+00
4.250000000000000000e+02 1.699963064059772933e-02 2.048247610377787811e-03 9.979517523896221931e-01 0.000000000000000000e+00 0.000000000000000000e+00 0.000000000000000000e+00
4.500000000000000000e+02 1.799960891357410553e-02 1.934456076467910759e-03 9.980655439235320836e-01 0.000000000000000000e+00 0.000000000000000000e+00 0.000000000000000000e+00
4.750000000000000000e+02 1.899958718655025969e-02 1.593081474738279385e-03 9.982931269913518646e-01 0.000000000000000000e+00 1.137915339098771066e-04 0.000000000000000000e+00
5.000000000000000000e+02 1.999956545952663589e-02 2.730996813837050560e-03 9.972690031861629611e-01 0.000000000000000000e+00 0.000000000000000000e+00 0.000000000000000000e+00
5.250000000000000000e+02 2.099954373250301209e-02 3.072371415566681717e-03 9.968138370505233992e-01 0.000000000000000000e+00 1.137915339098771066e-04 0.000000000000000000e+00
5.500000000000000000e+02 2.199952200547938830e-02 2.275830678197541916e-03 9.977241693218024121e-01 0.000000000000000000e+00 0.000000000000000000e+00 0.000000000000000000e+00
5.750000000000000000e+02 2.299950027845576450e-02 1.137915339098770958e-03 9.988620846609012061e-01 0.000000000000000000e+00 0.000000000000000000e+00 0.000000000000000000e+00
6.000000000000000000e+02 2.399947855143191866e-02 2.503413746017296455e-03 9.974965862539827421e-01 0.000000000000000000e+00 0.000000000000000000e+00 0.000000000000000000e+00
6.250000000000000000e+02 2.499945682440829486e-02 1.934456076467910759e-03 9.980655439235320836e-01 0.000000000000000000e+00 0.000000000000000000e+00 0.000000000000000000e+00
6.500000000000000000e+02 2.599943509738467107e-02 2.503413746017296455e-03 9.974965862539827421e-01 0.000000000000000000e+00 0.000000000000000000e+00 0.000000000000000000e+00
6.750000000000000000e+02 2.699941337036104727e-02 3.982703686845699004e-03 9.957897132453344957e-01 0.000000000000000000e+00 2.275830678197542133e-04 0.000000000000000000e+00
7.000000000000000000e+02 2.799939164333742347e-02 5.120619025944469528e-03 9.947655894401457033e-01 0.000000000000000000e+00 1.137915339098771066e-04 0.000000000000000000e+00
7.250000000000000000e+02 2.899936991631357763e-02 2.730996813837050560e-03 9.972690031861629611e-01 0.000000000000000000e+00 0.000000000000000000e+00 0.000000000000000000e+00
7.500000000000000000e+02 2.999934818928995384e-02 6.144742831133363434e-03 9.937414656349567998e-01 0.000000000000000000e+00 1.137915339098771066e-04 0.000000000000000000e+00
7.750000000000000000e+02 3.099932646226633004e-02 3.413746017296313308e-03 9.964724624487938387e-01 0.000000000000000000e+00 1.137915339098771066e-04 0.000000000000000000e+00
8.000000000000000000e+02 3.199930473524270624e-02 3.186162949476558769e-03 9.968138370505233992e-01 0.000000000000000000e+00 0.000000000000000000e+00 0.000000000000000000e+00
8.250000000000000000e+02 3.299928300821908245e-02 4.210286754665453109e-03 9.956759217114247162e-01 0.000000000000000000e+00 1.137915339098771066e-04 0.000000000000000000e+00
8.500000000000000000e+02 3.399926128119523661e-02 4.551661356395083832e-03 9.953345471096950448e-01 0.000000000000000000e+00 1.137915339098771066e-04 0.000000000000000000e+00
8.750000000000000000e+02 3.499923955417161281e-02 3.641329085116067413e-03 9.963586709148839482e-01 0.000000000000000000e+00 0.000000000000000000e+00 0.000000000000000000e+00
9.000000000000000000e+02 3.599921782714798901e-02 3.641329085116067413e-03 9.963586709148839482e-01 0.000000000000000000e+00 0.000000000000000000e+00 0.000000000000000000e+00
9.250000000000000000e+02 3.699919610012436522e-02 6.713700500682749130e-03 9.930587164314974569e-01 0.000000000000000000e+00 2.275830678197542133e-04 0.000000000000000000e+00
9.500000000000000000e+02 3.799917437310074142e-02 4.210286754665453109e-03 9.953345471096950448e-01 0.000000000000000000e+00 4.551661356395084266e-04 0.000000000000000000e+00
9.750000000000000000e+02 3.899915264607711762e-02 6.827492034592626616e-03 9.930587164314974569e-01 0.000000000000000000e+00 1.137915339098771066e-04 0.000000000000000000e+00
1.000000000000000000e+03 3.999913091905327178e-02 7.168866636322257339e-03 9.926035502958580059e-01 0.000000000000000000e+00 2.275830678197542133e-04 0.000000000000000000e+00
1.025000000000000000e+03 4.099910919202964799e-02 5.689576695493855224e-03 9.943104233045061413e-01 0.000000000000000000e+00 0.000000000000000000e+00 0.000000000000000000e+00
1.050000000000000000e+03 4.199908746500602419e-02 6.372325898953117539e-03 9.935138825671370189e-01 0.000000000000000000e+00 1.137915339098771066e-04 0.000000000000000000e+00
1.075000000000000000e+03 4.299906573798240039e-02 9.899863450159307465e-03 9.895311788802912956e-01 0.000000000000000000e+00 5.689576695493854790e-04 0.000000000000000000e+00
1.100000000000000000e+03 4.399904401095877660e-02 7.055075102412380721e-03 9.926035502958580059e-01 0.000000000000000000e+00 3.413746017296313199e-04 0.000000000000000000e+00
1.125000000000000000e+03 4.499902228393493075e-02 9.217114246700046018e-03 9.903277196176604180e-01 0.000000000000000000e+00 4.551661356395084266e-04 0.000000000000000000e+00
1.150000000000000000e+03 4.599900055691130696e-02 1.137915339098771045e-02 9.879380974055530507e-01 0.000000000000000000e+00 6.827492034592626399e-04 0.000000000000000000e+00
1.175000000000000000e+03 4.699897882988768316e-02 9.558488848429677609e-03 9.902139280837505275e-01 0.000000000000000000e+00 2.275830678197542133e-04 0.000000000000000000e+00
1.200000000000000000e+03 4.799895710286405937e-02 1.342740100136549826e-02 9.862312243969049153e-01 0.000000000000000000e+00 3.413746017296313199e-04 0.000000000000000000e+00
1.225000000000000000e+03 4.899893537584043557e-02 9.786071916249430847e-03 9.898725534820209671e-01 0.000000000000000000e+00 3.413746017296313199e-04 0.000000000000000000e+00
1.250000000000000000e+03 4.999891364881658973e-02 1.456531634046426965e-02 9.852071005917160118e-01 0.000000000000000000e+00 2.275830678197542133e-04 0.000000000000000000e+00
1.275000000000000000e+03 5.099889192179296593e-02 1.604460628129267263e-02 9.832726445152480954e-01 0.000000000000000000e+00 6.827492034592626399e-04 0.000000000000000000e+00
1.300000000000000000e+03 5.199887019476934213e-02 1.399635867091488309e-02 9.853208921256259023e-01 0.000000000000000000e+00 6.827492034592626399e-04 0.000000000000000000e+00
1.325000000000000000e+03 5.299884846774571834e-02 1.900318616294947513e-02 9.807692307692307265e-01 0.000000000000000000e+00 2.275830678197542133e-04 0.000000000000000000e+00
1.350000000000000000e+03 5.399882674072209454e-02 1.627218934911242587e-02 9.832726445152480954e-01 0.000000000000000000e+00 4.551661356395084266e-04 0.000000000000000000e+00
1.375000000000000000e+03 5.499880501369824870e-02 1.502048247610377786e-02 9.845243513882566688e-01 0.000000000000000000e+00 4.551661356395084266e-04 0.000000000000000000e+00
1.400000000000000000e+03 5.599878328667462490e-02 1.775147928994082885e-02 9.816795630405097395e-01 0.000000000000000000e+00 5.689576695493854790e-04 0.000000000000000000e+00
1.425000000000000000e+03 5.699876155965100111e-02 2.139280837505689453e-02 9.780382339553936877e-01 0.000000000000000000e+00 5.689576695493854790e-04 0.000000000000000000e+00
1.450000000000000000e+03 5.799873983262737731e-02 2.127901684114701791e-02 9.774692762858443462e-01 0.000000000000000000e+00 1.251706873008648227e-03 0.000000000000000000e+00
1.475000000000000000e+03 5.899871810560375351e-02 2.924442421483841592e-02 9.692762858443332297e-01 0.000000000000000000e+00 1.479289940828402332e-03 0.000000000000000000e+00
1.500000000000000000e+03 5.999869637857990767e-02 2.139280837505689453e-02 9.776968593536641272e-01 0.000000000000000000e+00 9.103322712790168532e-04 0.000000000000000000e+00
1.525000000000000000e+03 6.099867465155628388e-02 2.696859353664087314e-02 9.706417842512516936e-01 0.000000000000000000e+00 2.389622212107419402e-03 0.000000000000000000e+00
1.550000000000000000e+03 6.199865292453266008e-02 3.254437869822485174e-02 9.651797906235776159e-01 0.000000000000000000e+00 2.275830678197541916e-03 0.000000000000000000e+00
1.575000000000000000e+03 6.299863119750903628e-02 2.969959035047792587e-02 9.682521620391443262e-01 0.000000000000000000e+00 2.048247610377787811e-03 0.000000000000000000e+00
1.600000000000000000e+03 6.399860947048541249e-02 3.152025489303595523e-02 9.667728720983158608e-01 0.000000000000000000e+00 1.706873008648156654e-03 0.000000000000000000e+00
1.625000000000000000e+03 6.499858774346178869e-02 3.846153846153846367e-02 9.588074647246245252e-01 0.000000000000000000e+00 2.730996813837050560e-03 0.000000000000000000e+00
1.650000000000000000e+03 6.599856601643794285e-02 3.311333636777423484e-02 9.648384160218479444e-01 0.000000000000000000e+00 2.048247610377787811e-03 0.000000000000000000e+00
1.675000000000000000e+03 6.699854428941431905e-02 4.221665908056440597e-02 9.552799271734182529e-01 0.000000000000000000e+00 2.503413746017296455e-03 0.000000000000000000e+00
1.700000000000000000e+03 6.799852256239069526e-02 4.233045061447428259e-02 9.550523441055985829e-01 0.000000000000000000e+00 2.617205279927173507e-03 0.000000000000000000e+00
1.725000000000000000e+03 6.899850083536707146e-02 4.688211197086936816e-02 9.506144742831132977e-01 0.000000000000000000e+00 2.503413746017296455e-03 0.000000000000000000e+00
1.750000000000000000e+03 6.999847910834344766e-02 4.096495220755575623e-02 9.550523441055985829e-01 0.000000000000000000e+00 3.982703686845699004e-03 0.000000000000000000e+00
1.775000000000000000e+03 7.099845738131960182e-02 4.938552571688666071e-02 9.477696859353663683e-01 0.000000000000000000e+00 2.844788347746927612e-03 0.000000000000000000e+00
1.800000000000000000e+03 7.199843565429597803e-02 5.257168866636321991e-02 9.421939007737824001e-01 0.000000000000000000e+00 5.234410559854347014e-03 0.000000000000000000e+00
1.825000000000000000e+03 7.299841392727235423e-02 6.349567592171143082e-02 9.316112881201638052e-01 0.000000000000000000e+00 4.893035958124715423e-03 0.000000000000000000e+00
1.850000000000000000e+03 7.399839220024873043e-02 6.520254893035958010e-02 9.307009558488847922e-01 0.000000000000000000e+00 4.096495220755575623e-03 0.000000000000000000e+00
1.875000000000000000e+03 7.499837047322510664e-02 6.269913518434228061e-02 9.333181611288120516e-01 0.000000000000000000e+00 3.982703686845699004e-03 0.000000000000000000e+00
1.900000000000000000e+03 7.599834874620126079e-02 6.543013199817933334e-02 9.283113336367774249e-01 0.000000000000000000e+00 6.258534365043240920e-03 0.000000000000000000e+00
1.925000000000000000e+03 7.699832701917763700e-02 7.385070550751024476e-02 9.210286754665453213e-01 0.000000000000000000e+00 5.120619025944469528e-03 0.000000000000000000e+00
1.950000000000000000e+03 7.799830529215401320e-02 7.419208010923987462e-02 9.202321347291761988e-01 0.000000000000000000e+00 5.575785161583977738e-03 0.000000000000000000e+00
1.975000000000000000e+03 7.899828356513038941e-02 9.080564406008193035e-02 8.997496586253982409e-01 0.000000000000000000e+00 9.444697314519799256e-03 0.000000000000000000e+00
2.000000000000000000e+03 7.999826183810676561e-02 9.217114246700044977e-02 8.972462448793809831e-01 0.000000000000000000e+00 1.058261265361857065e-02 0.000000000000000000e+00
2.025000000000000000e+03 8.099824011108291977e-02 8.989531178880291740e-02 8.990669094219390090e-01 0.000000000000000000e+00 1.103777878925807886e-02 0.000000000000000000e+00
2.050000000000000000e+03 8.199821838405929597e-02 1.134501593081474746e-01 8.734638142922166448e-01 0.000000000000000000e+00 1.308602639963586667e-02 0.000000000000000000e+00
2.075000000000000000e+03 8.299819665703567217e-02 1.308602639963586667e-01 8.522985889849795660e-01 0.000000000000000000e+00 1.684114701866181243e-02 0.000000000000000000e+00
2.100000000000000000e+03 8.399817493001204838e-02 1.459945380063723264e-01 8.328402366863905115e-01 0.000000000000000000e+00 2.116522530723714129e-02 0.000000000000000000e+00
2.125000000000000000e+03 8.499815320298842458e-02 1.632908511606736557e-01 8.080336822940372699e-01 0.000000000000000000e+00 2.867546654528902936e-02 0.000000000000000000e+00
2.150000000000000000e+03 8.599813147596457874e-02 1.668183887118798447e-01 7.949476558944014171e-01 0.000000000000000000e+00 3.823395539371871044e-02 0.000000000000000000e+00
2.175000000000000000e+03 8.699810974894095494e-02 1.783113336367774249e-01 7.757168866636322546e-01 0.000000000000000000e+00 4.597177969959034827e-02 0.000000000000000000e+00
2.200000000000000000e+03 8.799808802191733115e-02 1.991351843422849432e-01 7.460172963131542767e-01 4.551661356395084266e-04 5.439235320892125969e-02 0.000000000000000000e+00
2.225000000000000000e+03 8.899806629489370735e-02 2.200728265817023244e-01 7.149522075557578349e-01 3.413746017296313199e-04 6.463359126081019701e-02 0.000000000000000000e+00
2.250000000000000000e+03 8.999804456787008355e-02 2.242831133363677731e-01 6.978834774692762588e-01 6.827492034592626399e-04 7.715065999089668058e-02 0.000000000000000000e+00
2.275000000000000000e+03 9.099802284084645976e-02 2.339553937187073274e-01 6.750113791533909335e-01 2.503413746017296455e-03 8.852981338188438409e-02 0.000000000000000000e+00
2.300000000000000000e+03 9.199800111382261392e-02 2.529585798816568198e-01 6.422394173873463563e-01 4.893035958124715423e-03 9.990896677287210148e-02 0.000000000000000000e+00
2.325000000000000000e+03 9.299797938679899012e-02 2.922166590805644337e-01 5.870505234410560158e-01 7.168866636322257339e-03 1.135639508420573512e-01 0.000000000000000000e+00
2.350000000000000000e+03 9.399795765977536632e-02 3.080336822940373254e-01 5.498406918525261533e-01 8.192990441511151245e-03 1.339326354119253493e-01 0.000000000000000000e+00
2.375000000000000000e+03 9.499793593275174253e-02 3.101957214383249672e-01 5.337960855712334807e-01 9.103322712790167665e-03 1.469048702776513393e-01 0.000000000000000000e+00
2.400000000000000000e+03 9.599791420572811873e-02 3.149749658625398130e-01 5.083067819754210070e-01 1.058261265361857065e-02 1.661356395084205850e-01 0.000000000000000000e+00
2.425000000000000000e+03 9.699789247870427289e-02 3.165680473372781134e-01 4.930587164314975124e-01 1.183431952662721866e-02 1.785389167045971781e-01 0.000000000000000000e+00
2.450000000000000000e+03 9.799787075168064909e-02 3.307919890760127601e-01 4.682521620391442707e-01 1.604460628129267263e-02 1.849112426035502965e-01 0.000000000000000000e+00
2.475000000000000000e+03 9.899784902465702530e-02 3.513882567137004975e-01 4.442421483841602070e-01 2.105143377332726468e-02 1.833181611288120239e-01 0.000000000000000000e+00
2.500000000000000000e+03 9.999782729763340150e-02 3.390987710514337672e-01 4.385525716886663483e-01 2.708238507055074976e-02 1.952662721893491105e-01 0.000000000000000000e+00
2.525000000000000000e+03 1.009978055706097777e-01 3.502503413746017036e-01 4.189804278561675144e-01 2.617205279927173334e-02 2.045971779699590487e-01 0.000000000000000000e+00
2.550000000000000000e+03 1.019977838435859319e-01 3.519572143832498945e-01 4.054392353208920996e-01 2.822030040964952288e-02 2.143832498862084657e-01 0.000000000000000000e+00
2.575000000000000000e+03 1.029977621165623081e-01 3.599226217569412856e-01 3.906463359126081114e-01 2.992717341829767910e-02 2.195038689121529274e-01 0.000000000000000000e+00
2.600000000000000000e+03 1.039977403895386843e-01 3.789258079198907780e-01 3.692535275375511961e-01 3.504779244424215123e-02 2.167728720983158885e-01 0.000000000000000000e+00
2.625000000000000000e+03 1.049977186625150605e-01 3.698224852071005930e-01 3.591260810195721631e-01 4.460628129267182190e-02 2.264451524806554428e-01 0.000000000000000000e+00
2.650000000000000000e+03 1.059976969354914367e-01 3.773327264451524776e-01 3.451297223486572419e-01 5.086481565771506369e-02 2.266727355484751960e-01 0.000000000000000000e+00
2.675000000000000000e+03 1.069976752084675908e-01 3.863222576240327721e-01 3.327264451524806765e-01 5.257168866636321991e-02 2.283796085571233592e-01 0.000000000000000000e+00
2.700000000000000000e+03 1.079976534814439670e-01 3.742603550295858228e-01 3.282885753299954468e-01 5.200273099681383682e-02 2.454483386436049075e-01 0.000000000000000000e+00
2.725000000000000000e+03 1.089976317544203432e-01 3.794947655894401195e-01 3.175921711424670169e-01 5.803368229403732537e-02 2.448793809740555383e-01 0.000000000000000000e+00
2.750000000000000000e+03 1.099976100273967194e-01 3.845015930814747462e-01 3.185025034137460298e-01 6.304050978607191047e-02 2.339553937187073274e-01 0.000000000000000000e+00
2.775000000000000000e+03 1.109975883003730956e-01 3.893946290395994270e-01 3.104233045061447482e-01 7.100591715976331542e-02 2.291761492944924816e-01 0.000000000000000000e+00
2.800000000000000000e+03 1.119975665733492498e-01 3.878015475648611821e-01 3.112198452435138707e-01 7.783340919435594030e-02 2.231451979972690070e-01 0.000000000000000000e+00
2.825000000000000000e+03 1.129975448463256260e-01 3.783568502503413811e-01 3.111060537096039802e-01 8.477469276285844180e-02 2.257624032771961831e-01 0.000000000000000000e+00
2.850000000000000000e+03 1.139975231193020022e-01 3.924670004551661373e-01 2.895994538006372299e-01 9.046426945835230049e-02 2.274692762858443462e-01 0.000000000000000000e+00
2.875000000000000000e+03 1.149975013922783784e-01 4.087391898042785354e-01 2.738962221210741732e-01 9.126081019572143682e-02 2.261037778789257990e-01 0.000000000000000000e+00
2.900000000000000000e+03 1.159974796652547546e-01 3.955393718707327921e-01 2.768548020027309930e-01 9.956759217114247162e-02 2.280382339553937154e-01 0.000000000000000000e+00
2.925000000000000000e+03 1.169974579382311308e-01 4.115839781520254648e-01 2.671825216203914666e-01 1.043468365953573035e-01 2.168866636322257513e-01 0.000000000000000000e+00
2.950000000000000000e+03 1.179974362112072850e-01 4.132908511606736557e-01 2.717341829767865313e-01 1.090122894856622726e-01 2.059626763768775681e-01 0.000000000000000000e+00
2.975000000000000000e+03 1.189974144841836612e-01 4.080564406008193035e-01 2.678652708238506985e-01 1.178880291306326766e-01 2.061902594446973214e-01 0.000000000000000000e+00
3.000000000000000000e+03 1.199973927571600374e-01 4.164770141101502010e-01 2.679790623577605890e-01 1.185707783340919502e-01 1.969731451979972736e-01 0.000000000000000000e+00
3.025000000000000000e+03 1.209973710301364136e-01 4.142011834319526686e-01 2.707100591715976279e-01 1.202776513427400995e-01 1.948111060537096040e-01 0.000000000000000000e+00
3.050000000000000000e+03 1.219973493031127898e-01 4.168183887118798170e-01 2.672963131543013016e-01 1.302913063268092975e-01 1.855939918070095562e-01 0.000000000000000000e+00
3.075000000000000000e+03 1.229973275760889440e-01 4.121529358215748617e-01 2.700273099681383959e-01 1.315430131998179264e-01 1.862767410104688159e-01 0.000000000000000000e+00
3.100000000000000000e+03 1.239973058490653202e-01 4.233045061447428536e-01 2.585343650432407880e-01 1.312016385980883104e-01 1.869594902139280757e-01 0.000000000000000000e+00
3.125000000000000000e+03 1.249972841220416964e-01 4.159080564406008040e-01 2.598998634501593075e-01 1.412152935821574806e-01 1.829767865270823801e-01 0.000000000000000000e+00
3.150000000000000000e+03 1.259972623950180726e-01 4.319526627218934767e-01 2.544378698224852298e-01 1.399635867091488517e-01 1.736458807464724696e-01 0.000000000000000000e+00
3.175000000000000000e+03 1.269972406679944488e-01 4.280837505689576439e-01 2.518206645425580259e-01 1.415566681838871244e-01 1.785389167045971781e-01 0.000000000000000000e+00
3.200000000000000000e+03 1.279972189409706029e-01 4.371870732817478289e-01 2.461310878470641672e-01 1.404187528447883582e-01 1.762630860263996457e-01 0.000000000000000000e+00
3.225000000000000000e+03 1.289971972139469791e-01 4.370732817478379384e-01 2.478379608557123304e-01 1.471324533454710926e-01 1.679563040509786109e-01 0.000000000000000000e+00
3.250000000000000000e+03 1.299971754869233553e-01 4.442421483841602070e-01 2.404415111515703363e-01 1.510013654984069253e-01 1.643149749658625314e-01 0.000000000000000000e+00
3.275000000000000000e+03 1.309971537598997315e-01 4.489076012744651623e-01 2.383932635411925294e-01 1.506599908966772816e-01 1.620391442876649990e-01 0.000000000000000000e+00
3.300000000000000000e+03 1.319971320328761077e-01 4.660901228948566288e-01 2.266727355484751960e-01 1.407601274465179741e-01 1.664770141101502010e-01 0.000000000000000000e+00
3.325000000000000000e+03 1.329971103058522619e-01 4.473145197997269173e-01 2.254210286754665393e-01 1.454255803368229294e-01 1.818388711879836139e-01 0.000000000000000000e+00
3.350000000000000000e+03 1.339970885788286381e-01 4.644970414201183284e-01 2.168866636322257513e-01 1.450842057350933134e-01 1.735320892125625791e-01 0.000000000000000000e+00
3.375000000000000000e+03 1.349970668518050143e-01 4.714383249886208715e-01 2.068730086481565811e-01 1.416704597177969871e-01 1.800182066454255880e-01 0.000000000000000000e+00
3.400000000000000000e+03 1.359970451247813905e-01 4.714383249886208715e-01 2.020937642239417353e-01 1.403049613108784677e-01 1.861629494765589532e-01 0.000000000000000000e+00
3.425000000000000000e+03 1.369970233977577667e-01 4.849795175238962308e-01 1.931042330450614408e-01 1.380291306326809353e-01 1.838871187983613931e-01 0.000000000000000000e+00
3.450000000000000000e+03 1.379970016707339209e-01 4.940828402366864158e-01 1.904870277651342647e-01 1.350705507510241155e-01 1.803595812471552040e-01 0.000000000000000000e+00
3.475000000000000000e+03 1.389969799437102971e-01 4.836140191169777114e-01 1.887801547564861293e-01 1.454255803368229294e-01 1.821802457897132577e-01 0.000000000000000000e+00
3.500000000000000000e+03 1.399969582166866733e-01 4.957897132453345512e-01 1.821802457897132577e-01 1.388256713700500578e-01 1.832043695949021334e-01 0.000000000000000000e+00
3.525000000000000000e+03 1.409969364896630495e-01 4.794037323623122626e-01 1.811561219845243542e-01 1.423532089212562468e-01 1.970869367319071364e-01 0.000000000000000000e+00
3.550000000000000000e+03 1.419969147626394257e-01 4.990896677287209870e-01 1.718252162039144160e-01 1.451979972690031762e-01 1.838871187983613931e-01 0.000000000000000000e+00
3.575000000000000000e+03 1.429968930356158019e-01 4.940828402366864158e-01 1.686390532544378706e-01 1.439462903959945472e-01 1.933318161128811941e-01 0.000000000000000000e+00
3.600000000000000000e+03 1.439968713085919561e-01 4.896449704142011861e-01 1.678425125170687204e-01 1.456531634046426826e-01 1.968593536640873831e-01 0.000000000000000000e+00
3.625000000000000000e+03 1.449968495815683323e-01 4.989758761948110966e-01 1.573736913973600438e-01 1.500910332271279124e-01 1.935593991807009473e-01 0.000000000000000000e+00
3.650000000000000000e+03 1.459968278545447085e-01 5.045516613563950648e-01 1.481565771506599960e-01 1.479289940828402428e-01 1.993627674101046965e-01 0.000000000000000000e+00
3.675000000000000000e+03 1.469968061275210847e-01 5.063723258989530907e-01 1.403049613108784677e-01 1.463359126081019701e-01 2.069868001820664438e-01 0.000000000000000000e+00
3.700000000000000000e+03 1.479967844004974609e-01 5.157032316795630011e-01 1.324533454710969393e-01 1.516841147018661851e-01 2.001593081474738189e-01 0.000000000000000000e+00
3.725000000000000000e+03 1.489967626734736150e-01 5.153618570778334407e-01 1.296085571233500100e-01 1.511151570323167881e-01 2.039144287664997612e-01 0.000000000000000000e+00
3.750000000000000000e+03 1.499967409464499912e-01 5.351615839781520556e-01 1.310878470641784199e-01 1.481565771506599960e-01 1.855939918070095562e-01 0.000000000000000000e+00
3.775000000000000000e+03 1.509967192194263674e-01 5.136549840691853053e-01 1.387118798361401950e-01 1.593081474738279601e-01 1.883249886208466228e-01 0.000000000000000000e+00
3.800000000000000000e+03 1.519966974924027436e-01 5.226445152480655443e-01 1.289258079198907503e-01 1.618115612198452458e-01 1.866181156121984597e-01 0.000000000000000000e+00
3.825000000000000000e+03 1.529966757653791198e-01 5.267410104688211581e-01 1.222121074192080159e-01 1.545289030496131144e-01 1.965179790623577671e-01 0.000000000000000000e+00
3.850000000000000000e+03 1.539966540383552740e-01 5.318616294947655643e-01 1.211879836140191125e-01 1.494082840236686527e-01 1.975421028675466428e-01 0.000000000000000000e+00
3.875000000000000000e+03 1.549966323113316502e-01 5.417614929449249273e-01 1.184569868001820597e-01 1.465634956759217233e-01 1.932180245789713313e-01 0.000000000000000000e+00
3.900000000000000000e+03 1.559966105843080264e-01 5.397132453345471204e-01 1.147018661811561174e-01 1.439462903959945472e-01 2.016385980883022289e-01 0.000000000000000000e+00
3.925000000000000000e+03 1.569965888572844026e-01 5.448338643604915266e-01 1.145880746472462408e-01 1.470186618115612298e-01 1.935593991807009473e-01 0.000000000000000000e+00
3.950000000000000000e+03 1.579965671302607788e-01 5.450614474283113076e-01 1.144742831133363642e-01 1.441738734638143005e-01 1.962903959945380139e-01 0.000000000000000000e+00
3.975000000000000000e+03 1.589965454032369330e-01 5.385753299954483264e-01 1.198224852071005930e-01 1.450842057350933134e-01 1.965179790623577671e-01 0.000000000000000000e+00
4.000000000000000000e+03 1.599965236762133092e-01 5.351615839781520556e-01 1.152708238507055144e-01 1.471324533454710926e-01 2.024351388256713791e-01 0.000000000000000000e+00
4.025000000000000000e+03 1.609965019491896854e-01 5.373236231224396420e-01 1.158397815202548975e-01 1.527082385070550885e-01 1.941283568502503443e-01 0.000000000000000000e+00
4.050000000000000000e+03 1.619964802221660616e-01 5.395994538006372299e-01 1.203914428766499761e-01 1.604460628129267263e-01 1.795630405097860816e-01 0.000000000000000000e+00
4.075000000000000000e+03 1.629964584951424378e-01 5.450614474283113076e-01 1.160673645880746507e-01 1.554392353208921274e-01 1.834319526627218866e-01 0.000000000000000000e+00
4.100000000000000000e+03 1.639964367681185919e-01 5.426718252162039402e-01 1.144742831133363642e-01 1.536185707783341015e-01 1.892353208921256358e-01 0.000000000000000000e+00
4.125000000000000000e+03 1.649964150410949681e-01 5.302685480200273194e-01 1.121984524351388318e-01 1.583978152025489194e-01 1.991351843422849432e-01 0.000000000000000000e+00
4.150000000000000000e+03 1.659963933140713443e-01 5.458579881656804300e-01 1.093536640873919025e-01 1.536185707783341015e-01 1.911697769685935244e-01 0.000000000000000000e+00
4.175000000000000000e+03 1.669963715870477206e-01 5.399408284023669014e-01 1.058261265361857134e-01 1.576012744651797970e-01 1.966317705962676299e-01 0.000000000000000000e+00
4.200000000000000000e+03 1.679963498600240968e-01 5.491579426490669213e-01 1.026399635867091542e-01 1.560081929904415243e-01 1.921939007737824279e-01 0.000000000000000000e+00
4.225000000000000000e+03 1.689963281330004730e-01 5.510923987255348377e-01 1.009330905780609910e-01 1.556668183887118806e-01 1.923076923076923184e-01 0.000000000000000000e+00
4.250000000000000000e+03 1.699963064059766271e-01 5.440373236231224041e-01 9.979517523896222486e-02 1.589667728720983164e-01 1.972007282658170269e-01 0.000000000000000000e+00
4.275000000000000000e+03 1.709962846789530033e-01 5.459717796995903205e-01 9.842967683204369156e-02 1.639736003641329154e-01 1.916249431042330587e-01 0.000000000000000000e+00
4.300000000000000000e+03 1.719962629519293795e-01 5.523441055985435222e-01 9.512972234865725574e-02 1.700045516613563901e-01 1.825216203914428736e-01 0.000000000000000000e+00
4.325000000000000000e+03 1.729962412249057557e-01 5.574647246244879284e-01 9.421939007737824279e-02 1.685252617205279801e-01 1.797906235776058348e-01 0.000000000000000000e+00
4.350000000000000000e+03 1.739962194978821319e-01 5.598543468365954068e-01 9.535730541647700897e-02 1.654528903049612976e-01 1.793354574419663283e-01 0.000000000000000000e+00
4.375000000000000000e+03 1.749961977708582861e-01 5.573509330905780379e-01 9.934000910332271839e-02 1.755803368229403860e-01 1.677287209831588577e-01 0.000000000000000000e+00
4.400000000000000000e+03 1.759961760438346623e-01 5.504096495220756058e-01 9.421939007737824279e-02 1.692080109239872676e-01 1.861629494765589532e-01 0.000000000000000000e+00
4.425000000000000000e+03 1.769961543168110385e-01 5.516613563950841792e-01 9.319526627218935322e-02 1.769458352298589054e-01 1.781975421028675344e-01 0.000000000000000000e+00
4.450000000000000000e+03 1.779961325897874147e-01 5.587164314974966128e-01 9.296768320436959998e-02 1.779699590350477811e-01 1.703459262630860338e-01 0.000000000000000000e+00
4.475000000000000000e+03 1.789961108627637909e-01 5.533682294037323146e-01 9.751934456076467861e-02 1.801319981793354508e-01 1.688666363222576239e-01 1.137915339098771066e-04
4.500000000000000000e+03 1.799960891357399451e-01 5.514337733272643982e-01 9.615384615384615918e-02 1.842284934000910368e-01 1.681838871187983642e-01 0.000000000000000000e+00
4.525000000000000000e+03 1.809960674087163213e-01 5.463131543013199920e-01 9.558488848429676221e-02 1.927628584433318248e-01 1.653390987710514348e-01 0.000000000000000000e+00
4.550000000000000000e+03 1.819960456816926975e-01 5.507510241238051663e-01 9.729176149294492537e-02 1.898042785616750050e-01 1.621529358215748617e-01 0.000000000000000000e+00
4.575000000000000000e+03 1.829960239546690737e-01 5.492717341829768118e-01 9.421939007737824279e-02 1.943559399180700975e-01 1.621529358215748617e-01 0.000000000000000000e+00
4.600000000000000000e+03 1.839960022276454499e-01 5.450614474283113076e-01 9.626763768775603580e-02 1.915111515703231682e-01 1.671597633136094607e-01 0.000000000000000000e+00
4.625000000000000000e+03 1.849959805006216040e-01 5.480200273099681274e-01 9.865725989986344480e-02 1.974283113336367801e-01 1.558944014565316338e-01 0.000000000000000000e+00
4.650000000000000000e+03 1.859959587735979802e-01 5.469959035047792240e-01 1.002503413746017313e-01 1.942421483841602070e-01 1.585116067364588099e-01 0.000000000000000000e+00
4.675000000000000000e+03 1.869959370465743564e-01 5.510923987255348377e-01 9.979517523896222486e-02 2.007282658170232159e-01 1.483841602184797492e-01 0.000000000000000000e+00
4.700000000000000000e+03 1.879959153195507326e-01 5.566681838871188059e-01 9.899863450159307465e-02 2.016385980883022289e-01 1.426945835229858905e-01 0.000000000000000000e+00
4.725000000000000000e+03 1.889958935925271089e-01 5.539371870732817671e-01 1.030951297223486607e-01 2.060764679107874309e-01 1.368912152935821691e-01 0.000000000000000000e+00
4.750000000000000000e+03 1.899958718655032630e-01 5.650887573964497035e-01 1.066226672735548497e-01 2.032316795630405015e-01 1.250568957669549452e-01 0.000000000000000000e+00
4.775000000000000000e+03 1.909958501384796392e-01 5.441511151570322946e-01 1.088984979517523960e-01 2.111970869367319203e-01 1.357532999544833752e-01 0.000000000000000000e+00
4.800000000000000000e+03 1.919958284114560154e-01 5.489303595812471404e-01 1.103777878925807920e-01 2.146108329540282189e-01 1.260810195721438209e-01 0.000000000000000000e+00
4.825000000000000000e+03 1.929958066844323916e-01 5.489303595812471404e-01 1.065088757396449731e-01 2.184797451069640517e-01 1.260810195721438209e-01 0.000000000000000000e+00
4.850000000000000000e+03 1.939957849574087678e-01 5.484751934456076894e-01 1.046882111970869333e-01 2.231451979972690070e-01 1.236913973600364119e-01 0.000000000000000000e+00
4.875000000000000000e+03 1.949957632303851440e-01 5.444924897587619661e-01 1.087847064178425194e-01 2.302002730996813851e-01 1.165225307237141572e-01 0.000000000000000000e+00
4.900000000000000000e+03 1.959957415033612982e-01 5.472234865725990050e-01 1.090122894856622726e-01 2.288347746927628656e-01 1.149294492489758707e-01 0.000000000000000000e+00
4.925000000000000000e+03 1.969957197763376744e-01 5.300409649522075384e-01 1.117432862994993115e-01 2.370277651342740100e-01 1.211879836140191125e-01 0.000000000000000000e+00
4.950000000000000000e+03 1.979956980493140506e-01 5.353891670459717256e-01 1.116294947655894348e-01 2.430587164314974846e-01 1.099226217569412856e-01 0.000000000000000000e+00
4.975000000000000000e+03 1.989956763222904268e-01 5.309512972234865513e-01 1.150432407828857473e-01 2.506827492034592875e-01 1.033227127901684139e-01 0.000000000000000000e+00
5.000000000000000000e+03 1.999956545952668030e-01 5.352753755120619461e-01 1.153846153846153910e-01 2.431725079654073751e-01 1.061675011379153433e-01 0.000000000000000000e+00
5.025000000000000000e+03 2.009956328682429572e-01 5.307237141556667703e-01 1.170914883932635403e-01 2.494310423304506030e-01 1.027537551206190308e-01 0.000000000000000000e+00
5.050000000000000000e+03 2.019956111412193334e-01 5.341374601729631522e-01 1.176604460628129234e-01 2.521620391442876419e-01 9.604005461993628257e-02 0.000000000000000000e+00
5.075000000000000000e+03 2.029955894141957096e-01 5.366408739189804100e-01 1.203914428766499761e-01 2.514792899408284099e-01 9.148839326354119006e-02 0.000000000000000000e+00
5.100000000000000000e+03 2.039955676871720858e-01 5.378925807919890945e-01 1.215293582157487423e-01 2.529585798816568198e-01 8.750568957669549452e-02 1.137915339098771066e-04
5.125000000000000000e+03 2.049955459601484620e-01 5.244651797906235702e-01 1.267637687756031084e-01 2.610377787892581014e-01 8.773327264451524776e-02 0.000000000000000000e+00
5.150000000000000000e+03 2.059955242331246161e-01 5.407373691397360238e-01 1.223258989531178925e-01 2.586481565771506785e-01 7.828857532999544677e-02 0.000000000000000000e+00
5.175000000000000000e+03 2.069955025061009923e-01 5.350477924442421651e-01 1.206190259444697294e-01 2.609239872553482109e-01 8.329540282203004575e-02 1.137915339098771066e-04
5.200000000000000000e+03 2.079954807790773685e-01 5.319754210286754548e-01 1.240327719617660418e-01 2.649066909421938787e-01 7.908511606736458310e-02 0.000000000000000000e+00
5.225000000000000000e+03 2.089954590520537447e-01 5.218479745106964218e-01 1.256258534365043145e-01 2.721893491124260378e-01 8.033682294037323979e-02 0.000000000000000000e+00
5.250000000000000000e+03 2.099954373250301209e-01 5.296995903504779779e-01 1.232362312243969055e-01 2.724169321802457633e-01 7.464724624487938109e-02 0.000000000000000000e+00
5.275000000000000000e+03 2.109954155980062751e-01 5.282203004096495125e-01 1.222121074192080159e-01 2.748065543923531862e-01 7.476103777878925771e-02 0.000000000000000000e+00
5.300000000000000000e+03 2.119953938709826513e-01 5.225307237141556538e-01 1.227810650887573990e-01 2.787892580791989094e-01 7.589895311788802390e-02 0.000000000000000000e+00
5.325000000000000000e+03 2.129953721439590275e-01 5.251479289940828021e-01 1.222121074192080159e-01 2.734410559854346667e-01 7.919890760127445972e-02 0.000000000000000000e+00
5.350000000000000000e+03 2.139953504169354037e-01 5.301547564861174289e-01 1.210741920801092358e-01 2.794720072826581969e-01 6.929904415111515226e-02 0.000000000000000000e+00
5.375000000000000000e+03 2.149953286899117799e-01 5.229858898497952158e-01 1.234638142922166587e-01 2.815202548930359483e-01 7.203004096495220498e-02 0.000000000000000000e+00
5.400000000000000000e+03 2.159953069628879341e-01 5.251479289940828021e-01 1.233500227583067821e-01 2.766272189349112676e-01 7.487482931269913433e-02 0.000000000000000000e+00
5.425000000000000000e+03 2.169952852358643103e-01 5.183204369594902605e-01 1.257396449704142050e-01 2.800409649522075384e-01 7.567137005006827066e-02 2.275830678197542133e-04
5.450000000000000000e+03 2.179952635088406865e-01 5.211652253072371899e-01 1.269913518434228616e-01 2.842512517068729871e-01 6.759217114246700298e-02 0.000000000000000000e+00
5.475000000000000000e+03 2.189952417818170627e-01 5.203686845698679564e-01 1.284706417842512438e-01 2.865270823850705750e-01 6.463359126081019701e-02 0.000000000000000000e+00
5.500000000000000000e+03 2.199952200547934389e-01 5.207100591715976279e-01 1.255120619025944517e-01 2.844788347746927681e-01 6.929904415111515226e-02 0.000000000000000000e+00
5.525000000000000000e+03 2.209951983277698151e-01 5.175238962221210270e-01 1.301775147928994070e-01 2.900546199362767363e-01 6.213017751479289752e-02 1.137915339098771066e-04
5.550000000000000000e+03 2.219951766007459693e-01 5.137687756030950847e-01 1.331360946745562268e-01 2.944924897587619661e-01 5.848884842967683184e-02 1.137915339098771066e-04
5.575000000000000000e+03 2.229951548737223455e-01 5.071688666363222131e-01 1.342740100136549930e-01 3.048475193445607800e-01 5.370960400546199304e-02 0.000000000000000000e+00
5.600000000000000000e+03 2.239951331466987217e-01 5.146791078743740977e-01 1.305188893946290507e-01 3.001820664542558248e-01 5.461993627674101293e-02 0.000000000000000000e+00
5.625000000000000000e+03 2.249951114196750979e-01 5.102412380518889234e-01 1.307464724624488039e-01 3.010923987255348377e-01 5.791989076012744875e-02 0.000000000000000000e+00
5.650000000000000000e+03 2.259950896926514741e-01 5.109239872553481554e-01 1.318843878015475701e-01 3.066681838871188059e-01 5.052344105598543383e-02 0.000000000000000000e+00
5.675000000000000000e+03 2.269950679656276282e-01 4.961310878470641672e-01 1.387118798361401950e-01 3.114474283113336517e-01 5.370960400546199304e-02 0.000000000000000000e+00
