# itime ezz other fcc hcp bcc ico
0.000000000000000000e+00 0.000000000000000000e+00 3.413746017296313199e-04 9.996586253982703285e-01 0.000000000000000000e+00 0.000000000000000000e+00 0.000000000000000000e+00
2.500000000000000000e+01 1.000000827197533582e-03 9.103322712790168532e-04 9.990896677287209870e-01 0.000000000000000000e+00 0.000000000000000000e+00 0.000000000000000000e+00
5.000000000000000000e+01 2.000001654395067163e-03 1.024123805188893906e-03 9.989758761948110966e-01 0.000000000000000000e+00 0.000000000000000000e+00 0.000000000000000000e+00
7.500000000000000000e+01 3.000002481592600745e-03 3.413746017296313199e-04 9.996586253982703285e-01 0.000000000000000000e+00 0.000000000000000000e+00 0.000000000000000000e+00
1.000000000000000000e+02 4.000003308790134327e-03 1.251706873008648227e-03 9.987482931269913156e-01 0.000000000000000000e+00 0.000000000000000000e+00 0.000000000000000000e+00
1.250000000000000000e+02 5.000004135987667908e-03 1.706873008648156654e-03 9.982931269913518646e-01 0.000000000000000000e+00 0.000000000000000000e+00 0.000000000000000000e+00
1.500000000000000000e+02 6.000004963185423534e-03 1.479289940828402332e-03 9.985207100591716456e-01 0.000000000000000000e+00 0.000000000000000000e+00 0.000000000000000000e+00
1.750000000000000000e+02 7.000005790382957116e-03 7.965407373691396923e-04 9.992034592626308775e-01 0.000000000000000000e+00 0.000000000000000000e+00 0.000000000000000000e+00
2.000000000000000000e+02 8.000006617580490698e-03 1.024123805188893906e-03 9.989758761948110966e-01 0.000000000000000000e+00 0.000000000000000000e+00 0.000000000000000000e+00
2.250000000000000000e+02 9.000007444778024279e-03 1.479289940828402332e-03 9.985207100591716456e-01 0.000000000000000000e+00 0.000000000000000000e+00 0.000000000000000000e+00
2.500000000000000000e+02 1.000000827197555786e-02 1.137915339098771066e-04 9.998862084660901095e-01 0.000000000000000000e+00 0.000000000000000000e+00 0.000000000000000000e+00
2.750000000000000000e+02 1.100000909917309144e-02 2.275830678197542133e-04 9.997724169321802190e-01 0.000000000000000000e+00 0.000000000000000000e+00 0.000000000000000000e+00
3.000000000000000000e+02 1.200000992637062502e-02 5.689576695493854790e-04 9.994310423304506585e-01 0.000000000000000000e+00 0.000000000000000000e+00 0.000000000000000000e+00
3.250000000000000000e+02 1.300001075356815861e-02 2.617205279927173507e-03 9.973827947200728516e-01 0.000000000000000000e+00 0.000000000000000000e+00 0.000000000000000000e+00
3.500000000000000000e+02 1.400001158076569219e-02 1.251706873008648227e-03 9.987482931269913156e-01 0.000000000000000000e+00 0.000000000000000000e+00 0.000000000000000000e+00
3.750000000000000000e+02 1.500001240796322577e-02 1.137915339098770958e-03 9.988620846609012061e-01 0.000000000000000000e+00 0.000000000000000000e+00 0.000000000000000000e+00
4.000000000000000000e+02 1.600001323516075935e-02 2.048247610377787811e-03 9.979517523896221931e-01 0.000000000000000000e+00 0.000000000000000000e+00 0.000000000000000000e+00
4.250000000000000000e+02 1.700001406235829293e-02 2.162039144287664864e-03 9.978379608557123026e-01 0.000000000000000000e+00 0.000000000000000000e+00 0.000000000000000000e+00
4.500000000000000000e+02 1.800001488955604856e-02 9.103322712790168532e-04 9.989758761948110966e-01 0.000000000000000000e+00 1.137915339098771066e-04 0.000000000000000000e+00
4.750000000000000000e+02 1.900001571675358214e-02 3.186162949476558769e-03 9.968138370505233992e-01 0.000000000000000000e+00 0.000000000000000000e+00 0.000000000000000000e+00
5.000000000000000000e+02 2.000001654395111572e-02 3.641329085116067413e-03 9.962448793809740577e-01 0.000000000000000000e+00 1.137915339098771066e-04 0.000000000000000000e+00
5.250000000000000000e+02 2.100001737114864930e-02 2.503413746017296455e-03 9.973827947200728516e-01 0.000000000000000000e+00 1.137915339098771066e-04 0.000000000000000000e+00
5.500000000000000000e+02 2.200001819834618288e-02 3.299954483386436255e-03 9.967000455166135087e-01 0.000000000000000000e+00 0.000000000000000000e+00 0.000000000000000000e+00
5.750000000000000000e+02 2.300001902554371647e-02 2.844788347746927612e-03 9.970414201183431802e-01 0.000000000000000000e+00 1.137915339098771066e-04 0.000000000000000000e+00
6.000000000000000000e+02 2.400001985274125005e-02 2.844788347746927612e-03 9.971552116522530707e-01 0.000000000000000000e+00 0.000000000000000000e+00 0.000000000000000000e+00
6.250000000000000000e+02 2.500002067993878363e-02 1.934456076467910759e-03 9.980655439235320836e-01 0.000000000000000000e+00 0.000000000000000000e+00 0.000000000000000000e+00
6.500000000000000000e+02 2.600002150713631721e-02 6.827492034592626399e-04 9.993172507965407680e-01 0.000000000000000000e+00 0.000000000000000000e+00 0.000000000000000000e+00
6.750000000000000000e+02 2.700002233433385079e-02 2.048247610377787811e-03 9.979517523896221931e-01 0.000000000000000000e+00 0.000000000000000000e+00 0.000000000000000000e+00
7.000000000000000000e+02 2.800002316153138437e-02 4.437869822485207214e-03 9.954483386436049352e-01 0.000000000000000000e+00 1.137915339098771066e-04 0.000000000000000000e+00
7.250000000000000000e+02 2.900002398872891796e-02 1.934456076467910759e-03 9.979517523896221931e-01 0.000000000000000000e+00 1.137915339098771066e-04 0.000000000000000000e+00
7.500000000000000000e+02 3.000002481592667358e-02 4.551661356395083832e-03 9.954483386436049352e-01 0.000000000000000000e+00 0.000000000000000000e+00 0.000000000000000000e+00
7.750000000000000000e+02 3.100002564312420716e-02 5.803368229403732710e-03 9.941966317705962508e-01 0.000000000000000000e+00 0.000000000000000000e+00 0.000000000000000000e+00
8.000000000000000000e+02 3.200002647032174075e-02 3.641329085116067413e-03 9.963586709148839482e-01 0.000000000000000000e+00 0.000000000000000000e+00 0.000000000000000000e+00
8.250000000000000000e+02 3.300002729751927433e-02 5.689576695493855224e-03 9.943104233045061413e-01 0.000000000000000000e+00 0.000000000000000000e+00 0.000000000000000000e+00
8.500000000000000000e+02 3.400002812471680791e-02 5.348202093764223633e-03 9.944242148384160318e-01 0.000000000000000000e+00 2.275830678197542133e-04 0.000000000000000000e+00
8.750000000000000000e+02 3.500002895191434149e-02 4.665452890304961318e-03 9.952207555757851543e-01 0.000000000000000000e+00 1.137915339098771066e-04 0.000000000000000000e+00
9.000000000000000000e+02 3.600002977911187507e-02 8.306781975421027864e-03 9.912380518889394310e-01 0.000000000000000000e+00 4.551661356395084266e-04 0.000000000000000000e+00
9.250000000000000000e+02 3.700003060630940865e-02 6.258534365043240920e-03 9.936276741010469093e-01 0.000000000000000000e+00 1.137915339098771066e-04 0.000000000000000000e+00
9.500000000000000000e+02 3.800003143350694224e-02 5.348202093764223633e-03 9.945380063723259223e-01 0.000000000000000000e+00 1.137915339098771066e-04 0.000000000000000000e+00
9.750000000000000000e+02 3.900003226070447582e-02 7.055075102412380721e-03 9.929449248975875664e-01 0.000000000000000000e+00 0.000000000000000000e+00 0.000000000000000000e+00
1.000000000000000000e+03 4.000003308790200940e-02 5.803368229403732710e-03 9.940828402366863603e-01 0.000000000000000000e+00 1.137915339098771066e-04 0.000000000000000000e+00
1.025000000000000000e+03 4.100003391509954298e-02 9.444697314519799256e-03 9.904415111515703085e-01 0.000000000000000000e+00 1.137915339098771066e-04 0.000000000000000000e+00
1.050000000000000000e+03 4.200003474229729861e-02 1.115157032316795548e-02 9.883932635411925016e-01 0.000000000000000000e+00 4.551661356395084266e-04 0.000000000000000000e+00
1.075000000000000000e+03 4.300003556949483219e-02 1.206190259444697363e-02 9.874829312699134887e-01 0.000000000000000000e+00 4.551661356395084266e-04 0.000000000000000000e+00
1.100000000000000000e+03 4.400003639669236577e-02 7.510241238051888930e-03 9.920345926263085534e-01 0.000000000000000000e+00 4.551661356395084266e-04 0.000000000000000000e+00
1.125000000000000000e+03 4.500003722388989935e-02 8.534365043240782836e-03 9.912380518889394310e-01 0.000000000000000000e+00 2.275830678197542133e-04 0.000000000000000000e+00
1.150000000000000000e+03 4.600003805108743293e-02 9.672280382339554228e-03 9.898725534820209671e-01 0.000000000000000000e+00 4.551661356395084266e-04 0.000000000000000000e+00
1.175000000000000000e+03 4.700003887828496651e-02 1.149294492489758707e-02 9.882794720072826111e-01 0.000000000000000000e+00 2.275830678197542133e-04 0.000000000000000000e+00
1.200000000000000000e+03 4.800003970548250010e-02 9.672280382339554228e-03 9.901001365498406370e-01 0.000000000000000000e+00 2.275830678197542133e-04 0.000000000000000000e+00
1.225000000000000000e+03 4.900004053268003368e-02 1.706873008648156567e-02 9.822485207100591920e-01 0.000000000000000000e+00 6.827492034592626399e-04 0.000000000000000000e+00
1.250000000000000000e+03 5.000004135987756726e-02 1.741010468821119553e-02 9.822485207100591920e-01 0.000000000000000000e+00 3.413746017296313199e-04 0.000000000000000000e+00
1.275000000000000000e+03 5.100004218707510084e-02 1.274465179790623508e-02 9.868001820664542567e-01 0.000000000000000000e+00 4.551661356395084266e-04 0.000000000000000000e+00
1.300000000000000000e+03 5.200004301427263442e-02 1.433773327264451468e-02 9.850933090578061213e-01 0.000000000000000000e+00 5.689576695493854790e-04 0.000000000000000000e+00
1.325000000000000000e+03 5.300004384147039005e-02 1.604460628129267263e-02 9.836140191169776559e-01 0.000000000000000000e+00 3.413746017296313199e-04 0.000000000000000000e+00
1.350000000000000000e+03 5.400004466866792363e-02 1.411015020482476144e-02 9.848657259899863403e-01 0.000000000000000000e+00 1.024123805188893906e-03 0.000000000000000000e+00
1.375000000000000000e+03 5.500004549586545721e-02 2.014110150204824826e-02 9.789485662266727006e-01 0.000000000000000000e+00 9.103322712790168532e-04 0.000000000000000000e+00
1.400000000000000000e+03 5.600004632306299079e-02 2.457897132453345374e-02 9.746244879380974169e-01 0.000000000000000000e+00 7.965407373691396923e-04 0.000000000000000000e+00
1.425000000000000000e+03 5.700004715026052438e-02 2.207555757851615771e-02 9.767865270823851143e-01 0.000000000000000000e+00 1.137915339098770958e-03 0.000000000000000000e+00
1.450000000000000000e+03 5.800004797745805796e-02 2.287209831588529751e-02 9.762175694128356618e-01 0.000000000000000000e+00 9.103322712790168532e-04 0.000000000000000000e+00
1.475000000000000000e+03 5.900004880465559154e-02 2.116522530723714129e-02 9.776968593536641272e-01 0.000000000000000000e+00 1.137915339098770958e-03 0.000000000000000000e+00
1.500000000000000000e+03 6.000004963185312512e-02 2.378243058716431393e-02 9.755348202093764298e-01 0.000000000000000000e+00 6.827492034592626399e-04 0.000000000000000000e+00
1.525000000000000000e+03 6.100005045905065870e-02 2.241693218024579104e-02 9.770141101502047842e-01 0.000000000000000000e+00 5.689576695493854790e-04 0.000000000000000000e+00
1.550000000000000000e+03 6.200005128624819228e-02 3.208921256258534527e-02 9.663177059626764098e-01 0.000000000000000000e+00 1.593081474738279385e-03 0.000000000000000000e+00
1.575000000000000000e+03 6.300005211344572587e-02 2.890304961310878606e-02 9.696176604460627901e-01 0.000000000000000000e+00 1.479289940828402332e-03 0.000000000000000000e+00
1.600000000000000000e+03 6.400005294064325945e-02 3.265817023213472836e-02 9.657487482931269573e-01 0.000000000000000000e+00 1.593081474738279385e-03 0.000000000000000000e+00
1.625000000000000000e+03 6.500005376784101507e-02 3.208921256258534527e-02 9.651797906235776159e-01 0.000000000000000000e+00 2.730996813837050560e-03 0.000000000000000000e+00
1.650000000000000000e+03 6.600005459503854865e-02 4.369594902139280895e-02 9.541420118343195700e-01 0.000000000000000000e+00 2.162039144287664864e-03 0.000000000000000000e+00
1.675000000000000000e+03 6.700005542223608224e-02 4.301319981793354230e-02 9.545971779699590209e-01 0.000000000000000000e+00 2.389622212107419402e-03 0.000000000000000000e+00
1.700000000000000000e+03 6.800005624943361582e-02 3.868912152935821691e-02 9.601729631315429891e-01 0.000000000000000000e+00 1.137915339098770958e-03 0.000000000000000000e+00
1.725000000000000000e+03 6.900005707663114940e-02 3.800637232589895026e-02 9.600591715976330986e-01 0.000000000000000000e+00 1.934456076467910759e-03 0.000000000000000000e+00
1.750000000000000000e+03 7.000005790382868298e-02 3.937187073281747662e-02 9.578971324533455123e-01 0.000000000000000000e+00 2.730996813837050560e-03 0.000000000000000000e+00
1.775000000000000000e+03 7.100005873102621656e-02 4.745106964041875125e-02 9.500455166135639562e-01 0.000000000000000000e+00 2.503413746017296455e-03 0.000000000000000000e+00
1.800000000000000000e+03 7.200005955822375014e-02 5.917159763313609155e-02 9.376422394173873354e-01 0.000000000000000000e+00 3.186162949476558769e-03 0.000000000000000000e+00
1.825000000000000000e+03 7.300006038542128373e-02 6.440600819299044377e-02 9.324078288575330387e-01 0.000000000000000000e+00 3.186162949476558769e-03 0.000000000000000000e+00
1.850000000000000000e+03 7.400006121261881731e-02 6.599908966772871644e-02 9.308147473827946827e-01 0.000000000000000000e+00 3.186162949476558769e-03 0.000000000000000000e+00
1.875000000000000000e+03 7.500006203981635089e-02 6.508875739644970349e-02 9.305871643149750128e-01 0.000000000000000000e+00 4.324078288575329727e-03 0.000000000000000000e+00
1.900000000000000000e+03 7.600006286701388447e-02 5.712335002275830548e-02 9.387801547564861293e-01 0.000000000000000000e+00 4.096495220755575623e-03 0.000000000000000000e+00
1.925000000000000000e+03 7.700006369421164010e-02 7.794720072826581692e-02 9.170459717796995980e-01 0.000000000000000000e+00 5.006827492034592909e-03 0.000000000000000000e+00
1.950000000000000000e+03 7.800006452140917368e-02 7.897132453345470648e-02 9.140873918980427781e-01 0.000000000000000000e+00 6.941283568502503235e-03 0.000000000000000000e+00
1.975000000000000000e+03 7.900006534860670726e-02 9.296768320436959998e-02 8.977014110150204340e-01 0.000000000000000000e+00 9.330905780609922637e-03 0.000000000000000000e+00
2.000000000000000000e+03 8.000006617580424084e-02 1.036640873918980438e-01 8.859808830223031562e-01 0.000000000000000000e+00 1.035502958579881741e-02 0.000000000000000000e+00
2.025000000000000000e+03 8.100006700300177442e-02 1.116294947655894348e-01 8.764223941738734647e-01 0.000000000000000000e+00 1.194811106053709528e-02 0.000000000000000000e+00
2.050000000000000000e+03 8.200006783019930801e-02 1.151570323167956239e-01 8.732362312243968638e-01 0.000000000000000000e+00 1.160673645880746542e-02 0.000000000000000000e+00
2.075000000000000000e+03 8.300006865739684159e-02 1.285844333181611343e-01 8.558261265361857273e-01 0.000000000000000000e+00 1.558944014565316269e-02 0.000000000000000000e+00
2.100000000000000000e+03 8.400006948459437517e-02 1.256258534365043145e-01 8.557123350022758368e-01 0.000000000000000000e+00 1.866181156121984527e-02 0.000000000000000000e+00
2.125000000000000000e+03 8.500007031179190875e-02 1.453117888029130667e-01 8.339781520254893055e-01 0.000000000000000000e+00 2.071005917159763482e-02 0.000000000000000000e+00
2.150000000000000000e+03 8.600007113898944233e-02 1.473600364132908458e-01 8.315885298133819381e-01 1.137915339098771066e-04 2.093764223941738806e-02 0.000000000000000000e+00
2.175000000000000000e+03 8.700007196618697591e-02 1.458807464724624359e-01 8.269230769230768718e-01 0.000000000000000000e+00 2.719617660446062984e-02 0.000000000000000000e+00
2.200000000000000000e+03 8.800007279338473154e-02 1.579426490669094130e-01 8.129267182521620061e-01 1.137915339098771066e-04 2.901684114701866268e-02 0.000000000000000000e+00
2.225000000000000000e+03 8.900007362058226512e-02 1.838871187983613931e-01 7.806099226217569909e-01 0.000000000000000000e+00 3.550295857988165771e-02 0.000000000000000000e+00
2.250000000000000000e+03 9.000007444777979870e-02 2.162039144287664916e-01 7.421483841602184439e-01 0.000000000000000000e+00 4.164770141101502288e-02 0.000000000000000000e+00
2.275000000000000000e+03 9.100007527497733228e-02 2.280382339553937154e-01 7.162039144287665193e-01 1.137915339098771066e-04 5.564406008192990249e-02 0.000000000000000000e+00
2.300000000000000000e+03 9.200007610217486587e-02 2.382794720072826666e-01 7.001593081474738467e-01 5.689576695493854790e-04 6.099226217569413133e-02 0.000000000000000000e+00
2.325000000000000000e+03 9.300007692937239945e-02 2.457897132453345512e-01 6.720527992717342247e-01 3.413746017296313199e-04 8.181611288120163583e-02 0.000000000000000000e+00
2.350000000000000000e+03 9.400007775656993303e-02 2.627446517979062368e-01 6.446290395994538347e-01 1.593081474738279385e-03 9.103322712790168358e-02 0.000000000000000000e+00
2.375000000000000000e+03 9.500007858376746661e-02 2.745789713245334607e-01 6.082157487482930946e-01 1.934456076467910759e-03 1.152708238507055144e-01 0.000000000000000000e+00
2.400000000000000000e+03 9.600007941096500019e-02 3.001820664542558248e-01 5.689576695493855363e-01 2.048247610377787811e-03 1.288120163859808875e-01 0.000000000000000000e+00
2.425000000000000000e+03 9.700008023816253377e-02 3.185025034137460298e-01 5.286754665452890745e-01 2.958579881656804664e-03 1.498634501593081592e-01 0.000000000000000000e+00
2.450000000000000000e+03 9.800008106536006736e-02 3.285161583978152278e-01 4.978379608557123581e-01 6.030951297223486815e-03 1.676149294492489672e-01 0.000000000000000000e+00
2.475000000000000000e+03 9.900008189255760094e-02 3.328402366863905115e-01 4.600591715976331542e-01 4.437869822485207214e-03 2.026627218934911323e-01 0.000000000000000000e+00
2.500000000000000000e+03 1.000000827197553566e-01 3.507055075102412656e-01 4.233045061447428536e-01 5.575785161583977738e-03 2.204142011834319403e-01 0.000000000000000000e+00
2.525000000000000000e+03 1.010000835469528901e-01 3.552571688666363303e-01 3.950842057350932857e-01 6.713700500682749130e-03 2.429449248975876219e-01 0.000000000000000000e+00
2.550000000000000000e+03 1.020000843741504237e-01 3.585571233500227661e-01 3.768775603095129711e-01 7.965407373691398007e-03 2.565999089667728716e-01 0.000000000000000000e+00
2.575000000000000000e+03 1.030000852013479573e-01 3.781292671825216001e-01 3.524123805188894010e-01 8.534365043240782836e-03 2.609239872553482109e-01 0.000000000000000000e+00
2.600000000000000000e+03 1.040000860285454909e-01 3.809740555302685294e-01 3.319299044151114986e-01 1.297223486572599005e-02 2.741238051888939542e-01 0.000000000000000000e+00
2.625000000000000000e+03 1.050000868557430245e-01 3.961083295402821891e-01 3.116750113791533772e-01 1.649977241693217911e-02 2.757168866636321991e-01 0.000000000000000000e+00
2.650000000000000000e+03 1.060000876829405581e-01 4.004324078288575284e-01 3.046199362767409990e-01 1.638598088302230249e-02 2.785616750113791285e-01 0.000000000000000000e+00
2.675000000000000000e+03 1.070000885101380916e-01 4.083978152025489194e-01 2.955166135639508695e-01 1.729631315430131891e-02 2.787892580791989094e-01 0.000000000000000000e+00
2.700000000000000000e+03 1.080000893373356252e-01 4.120391442876649712e-01 2.919890760127446527e-01 2.071005917159763482e-02 2.752617205279926926e-01 0.000000000000000000e+00
2.725000000000000000e+03 1.090000901645331588e-01 4.253527537551206050e-01 2.828857532999544677e-01 2.332726445152480746e-02 2.684342284934000955e-01 0.000000000000000000e+00
2.750000000000000000e+03 1.100000909917306924e-01 4.196631770596267463e-01 2.712790168411470249e-01 2.492034592626308706e-02 2.841374601729631522e-01 0.000000000000000000e+00
2.775000000000000000e+03 1.110000918189282260e-01 4.324078288575329831e-01 2.584205735093308975e-01 2.765134274010013632e-02 2.815202548930359483e-01 0.000000000000000000e+00
2.800000000000000000e+03 1.120000926461259816e-01 4.314974965862539702e-01 2.485207100591715901e-01 3.038233955393718558e-02 2.895994538006372299e-01 0.000000000000000000e+00
2.825000000000000000e+03 1.130000934733235152e-01 4.329767865270823801e-01 2.396449704142011861e-01 2.810650887573964626e-02 2.992717341829768118e-01 0.000000000000000000e+00
2.850000000000000000e+03 1.140000943005210488e-01 4.340009103322712836e-01 2.331588529813381772e-01 3.288575329995448160e-02 2.999544833864360438e-01 0.000000000000000000e+00
2.875000000000000000e+03 1.150000951277185823e-01 4.332043695949021611e-01 2.272416932180245652e-01 3.060992262175694228e-02 3.089440145653163383e-01 0.000000000000000000e+00
2.900000000000000000e+03 1.160000959549161159e-01 4.498179335457441752e-01 2.084660901228948537e-01 3.868912152935821691e-02 3.030268548020027541e-01 0.000000000000000000e+00
2.925000000000000000e+03 1.170000967821136495e-01 4.411697769685935522e-01 2.117660446062812896e-01 3.857532999544834029e-02 3.084888484296768318e-01 0.000000000000000000e+00
2.950000000000000000e+03 1.180000976093111831e-01 4.467455621301775204e-01 2.059626763768775681e-01 3.846153846153846367e-02 3.088302230314064478e-01 0.000000000000000000e+00
2.975000000000000000e+03 1.190000984365087167e-01 4.559626763768775404e-01 1.951524806554392477e-01 4.619936276741010150e-02 3.026854802002730827e-01 0.000000000000000000e+00
3.000000000000000000e+03 1.200000992637062502e-01 4.489076012744651623e-01 1.944697314519799602e-01 4.893035958124715423e-02 3.076923076923077094e-01 0.000000000000000000e+00
3.025000000000000000e+03 1.210001000909037838e-01 4.491351843422849432e-01 1.824078288575330109e-01 5.439235320892125969e-02 3.140646335912608000e-01 0.000000000000000000e+00
3.050000000000000000e+03 1.220001009181013174e-01 4.664314974965862448e-01 1.762630860263996457e-01 5.439235320892125969e-02 3.029130632680928636e-01 0.000000000000000000e+00
3.075000000000000000e+03 1.230001017452988510e-01 4.625625853436504120e-01 1.780837505689576716e-01 6.247155211652252738e-02 2.968821119708693890e-01 0.000000000000000000e+00
3.100000000000000000e+03 1.240001025724966066e-01 4.658625398270368478e-01 1.628356850250341492e-01 6.599908966772871644e-02 3.053026854802002865e-01 0.000000000000000000e+00
3.125000000000000000e+03 1.250001033996941402e-01 4.776968593536640717e-01 1.491807009558488717e-01 7.464724624487938109e-02 2.984751934456076339e-01 0.000000000000000000e+00
3.150000000000000000e+03 1.260001042268916738e-01 4.961310878470641672e-01 1.482703686845698587e-01 7.180245789713245175e-02 2.837960855712334807e-01 0.000000000000000000e+00
3.175000000000000000e+03 1.270001050540892074e-01 4.676832043695949293e-01 1.506599908966772816e-01 7.305416477014110843e-02 3.086026399635867223e-01 0.000000000000000000e+00
3.200000000000000000e+03 1.280001058812867409e-01 4.848657259899863403e-01 1.375739644970414288e-01 7.942649066909421296e-02 2.981338188438780179e-01 0.000000000000000000e+00
3.225000000000000000e+03 1.290001067084842745e-01 4.837278106508875464e-01 1.310878470641784199e-01 8.113336367774237612e-02 3.040509786071916021e-01 0.000000000000000000e+00
3.250000000000000000e+03 1.300001075356818081e-01 4.940828402366864158e-01 1.249431042330450548e-01 8.488848429676831842e-02 2.960855712335002110e-01 0.000000000000000000e+00
3.275000000000000000e+03 1.310001083628793417e-01 4.865725989986344757e-01 1.231224396904870289e-01 8.568502503413745475e-02 3.046199362767409990e-01 0.000000000000000000e+00
3.300000000000000000e+03 1.320001091900768753e-01 4.746244879380974169e-01 1.160673645880746507e-01 8.898497951752389057e-02 3.203231679563040557e-01 0.000000000000000000e+00
3.325000000000000000e+03 1.330001100172744088e-01 4.633591260810195900e-01 1.151570323167956239e-01 8.898497951752389057e-02 3.324988620846608955e-01 0.000000000000000000e+00
3.350000000000000000e+03 1.340001108444719424e-01 4.656349567592171224e-01 1.063950842057350965e-01 8.898497951752389057e-02 3.389849795175238767e-01 0.000000000000000000e+00
3.375000000000000000e+03 1.350001116716696981e-01 4.699590350477924616e-01 9.160218479745106668e-02 8.511606736458807165e-02 3.533227127901684139e-01 0.000000000000000000e+00
3.400000000000000000e+03 1.360001124988672316e-01 4.611970869367318926e-01 9.581247155211652933e-02 9.103322712790168358e-02 3.519572143832498945e-01 0.000000000000000000e+00
3.425000000000000000e+03 1.370001133260647652e-01 4.572143832498862248e-01 8.739189804278561791e-02 9.137460172963131344e-02 3.640191169776968438e-01 0.000000000000000000e+00
3.450000000000000000e+03 1.380001141532622988e-01 4.618798361401911801e-01 8.067819754210286964e-02 8.830223031406463086e-02 3.691397360036413056e-01 0.000000000000000000e+00
3.475000000000000000e+03 1.390001149804598324e-01 4.676832043695949293e-01 7.851615839781520001e-02 8.693673190714611143e-02 3.668639053254437732e-01 0.000000000000000000e+00
3.500000000000000000e+03 1.400001158076573660e-01 4.758761948111060458e-01 7.669549385525717411e-02 8.875739644970413733e-02 3.586709148839326566e-01 0.000000000000000000e+00
3.525000000000000000e+03 1.410001166348548995e-01 4.688211197086936677e-01 7.123350022758306865e-02 9.023668639053254725e-02 3.695949021392808120e-01 1.137915339098771066e-04
3.550000000000000000e+03 1.420001174620524331e-01 4.775830678197542367e-01 6.599908966772871644e-02 9.251251706873007963e-02 3.639053254437870089e-01 0.000000000000000000e+00
3.575000000000000000e+03 1.430001182892499667e-01 4.821347291761493015e-01 6.975421028675465873e-02 8.443331816112881194e-02 3.636777423759672279e-01 0.000000000000000000e+00
3.600000000000000000e+03 1.440001191164475003e-01 4.864588074647246407e-01 5.974055530268548159e-02 8.579881656804733137e-02 3.680018206645425671e-01 0.000000000000000000e+00
3.625000000000000000e+03 1.450001199436450339e-01 4.831588529813382049e-01 5.974055530268548159e-02 8.363677742375967561e-02 3.734638142922166448e-01 0.000000000000000000e+00
3.650000000000000000e+03 1.460001207708425675e-01 4.932862994993172379e-01 5.917159763313609155e-02 9.262630860263997012e-02 3.549157942649067143e-01 0.000000000000000000e+00
3.675000000000000000e+03 1.470001215980403231e-01 4.990896677287209870e-01 5.769230769230769551e-02 9.615384615384615918e-02 3.470641784251251583e-01 0.000000000000000000e+00
3.700000000000000000e+03 1.480001224252378567e-01 4.946517979062357573e-01 5.439235320892125969e-02 9.217114246700044977e-02 3.587847064178424916e-01 0.000000000000000000e+00
3.725000000000000000e+03 1.490001232524353902e-01 4.922621756941283344e-01 5.370960400546199304e-02 9.319526627218935322e-02 3.608329540282202985e-01 0.000000000000000000e+00
3.750000000000000000e+03 1.500001240796329238e-01 5.062585343650432002e-01 5.097860719162494031e-02 9.353664087391898307e-02 3.492262175694128556e-01 0.000000000000000000e+00
3.775000000000000000e+03 1.510001249068304574e-01 5.006827492034592320e-01 4.767865270823850449e-02 9.126081019572143682e-02 3.603777878925807920e-01 0.000000000000000000e+00
3.800000000000000000e+03 1.520001257340279910e-01 5.038689121529358328e-01 4.369594902139280895e-02 9.023668639053254725e-02 3.621984524351388179e-01 0.000000000000000000e+00
3.825000000000000000e+03 1.530001265612255246e-01 5.168411470186617951e-01 4.380974055530268557e-02 9.604005461993628257e-02 3.431952662721893255e-01 1.137915339098771066e-04
3.850000000000000000e+03 1.540001273884230582e-01 5.337960855712334807e-01 4.380974055530268557e-02 1.015020482476103741e-01 3.208921256258534527e-01 0.000000000000000000e+00
3.875000000000000000e+03 1.550001282156205917e-01 5.279927173418297315e-01 4.380974055530268557e-02 1.009330905780609910e-01 3.272644515248065433e-01 0.000000000000000000e+00
3.900000000000000000e+03 1.560001290428181253e-01 5.372098315885298625e-01 4.369594902139280895e-02 1.026399635867091542e-01 3.164542558033682229e-01 0.000000000000000000e+00
3.925000000000000000e+03 1.570001298700156589e-01 5.225307237141556538e-01 4.324078288575330248e-02 1.025261720527992776e-01 3.317023213472917731e-01 0.000000000000000000e+00
3.950000000000000000e+03 1.580001306972131925e-01 5.262858443331815961e-01 4.574419663177059503e-02 1.123122439690487084e-01 3.156577150659991005e-01 0.000000000000000000e+00
3.975000000000000000e+03 1.590001315244109481e-01 5.256030951297223641e-01 4.654073736913973830e-02 1.126536185707783383e-01 3.150887573964497035e-01 1.137915339098771066e-04
4.000000000000000000e+03 1.600001323516084817e-01 5.375512061902594230e-01 4.380974055530268557e-02 1.192535275375512099e-01 2.992717341829768118e-01 1.137915339098771066e-04
4.025000000000000000e+03 1.610001331788060153e-01 5.438097405553027341e-01 4.642694583522986168e-02 1.263086026399635742e-01 2.833409194355939742e-01 1.137915339098771066e-04
4.050000000000000000e+03 1.620001340060035488e-01 5.509786071916249472e-01 4.631315430131998506e-02 1.211879836140191125e-01 2.814064633591260578e-01 1.137915339098771066e-04
4.075000000000000000e+03 1.630001348332010824e-01 5.376649977241693135e-01 4.984069185252617412e-02 1.330223031406463363e-01 2.793582157487483064e-01 1.137915339098771066e-04
4.100000000000000000e+03 1.640001356603986160e-01 5.525716886663631922e-01 4.802002730996814128e-02 1.391670459717797015e-01 2.601274465179790885e-01 1.137915339098771066e-04
4.125000000000000000e+03 1.650001364875961496e-01 5.590578060992261733e-01 4.972690031861629750e-02 1.395084205735093175e-01 2.515930814747383004e-01 1.137915339098771066e-04
4.150000000000000000e+03 1.660001373147936832e-01 5.601957214383249672e-01 4.836140191169777114e-02 1.358670914883932657e-01 2.554619936276740777e-01 1.137915339098771066e-04
4.175000000000000000e+03 1.670001381419912168e-01 5.502958579881657153e-01 5.166135639508420696e-02 1.343878015475648557e-01 2.636549840691852498e-01 0.000000000000000000e+00
4.200000000000000000e+03 1.680001389691887503e-01 5.395994538006372299e-01 5.461993627674101293e-02 1.470186618115612298e-01 2.587619481110605135e-01 0.000000000000000000e+00
4.225000000000000000e+03 1.690001397963862839e-01 5.474510696404187859e-01 5.427856167501137613e-02 1.535047792444242110e-01 2.447655894401456478e-01 0.000000000000000000e+00
4.250000000000000000e+03 1.700001406235838175e-01 5.504096495220756058e-01 5.473372781065088954e-02 1.586253982703686727e-01 2.362312243969048597e-01 0.000000000000000000e+00
4.275000000000000000e+03 1.710001414507815731e-01 5.373236231224396420e-01 5.939918070095585173e-02 1.648839326354119283e-01 2.383932635411925294e-01 0.000000000000000000e+00
4.300000000000000000e+03 1.720001422779791067e-01 5.540509786071916576e-01 5.518889394629039602e-02 1.692080109239872676e-01 2.215521165225307343e-01 0.000000000000000000e+00
4.325000000000000000e+03 1.730001431051766403e-01 5.464269458352298825e-01 5.700955848884842886e-02 1.704597177969958965e-01 2.261037778789257990e-01 0.000000000000000000e+00
4.350000000000000000e+03 1.740001439323741739e-01 5.490441511151570309e-01 6.304050978607191047e-02 1.804733727810650945e-01 2.074419663177059503e-01 0.000000000000000000e+00
4.375000000000000000e+03 1.750001447595717075e-01 5.465407373691397730e-01 6.577150659990896320e-02 1.876422394173873354e-01 1.999317250796540657e-01 1.137915339098771066e-04
4.400000000000000000e+03 1.760001455867692410e-01 5.421028675466544877e-01 6.235776058261265076e-02 1.973145197997268896e-01 1.979972690031861493e-01 2.275830678197542133e-04
4.425000000000000000e+03 1.770001464139667746e-01 5.378925807919890945e-01 6.770596267637687959e-02 2.051661356395084179e-01 1.892353208921256358e-01 0.000000000000000000e+00
4.450000000000000000e+03 1.780001472411643082e-01 5.326581702321346867e-01 6.884387801547564578e-02 2.144970414201183562e-01 1.840009103322712836e-01 0.000000000000000000e+00
4.475000000000000000e+03 1.790001480683618418e-01 5.292444242148384159e-01 7.510241238051888757e-02 2.288347746927628656e-01 1.668183887118798447e-01 0.000000000000000000e+00
4.500000000000000000e+03 1.800001488955593754e-01 5.104688211197087044e-01 7.988165680473373331e-02 2.394173873463814328e-01 1.702321347291761433e-01 0.000000000000000000e+00
4.525000000000000000e+03 1.810001497227569089e-01 5.039827036868457233e-01 8.705052344105598805e-02 2.511379153390987939e-01 1.578288575329995502e-01 0.000000000000000000e+00
4.550000000000000000e+03 1.820001505499546646e-01 5.034137460172962708e-01 8.818843878015475424e-02 2.515930814747383004e-01 1.568047337278106468e-01 0.000000000000000000e+00
4.575000000000000000e+03 1.830001513771521982e-01 5.086481565771506785e-01 9.182976786527081992e-02 2.525034137460173134e-01 1.470186618115612298e-01 0.000000000000000000e+00
4.600000000000000000e+03 1.840001522043497317e-01 5.153618570778334407e-01 9.444697314519799602e-02 2.669549385525716856e-01 1.232362312243969055e-01 0.000000000000000000e+00
4.625000000000000000e+03 1.850001530315472653e-01 4.940828402366864158e-01 9.717796995903504875e-02 2.787892580791989094e-01 1.299499317250796537e-01 0.000000000000000000e+00
4.650000000000000000e+03 1.860001538587447989e-01 4.819071461083295205e-01 1.007055075102412378e-01 2.833409194355939742e-01 1.339326354119253493e-01 1.137915339098771066e-04
4.675000000000000000e+03 1.870001546859423325e-01 4.775830678197542367e-01 1.032089212562585373e-01 2.976786527082385114e-01 1.214155666818388657e-01 1.137915339098771066e-04
4.700000000000000000e+03 1.880001555131398661e-01 4.722348657259899940e-01 1.082157487482931224e-01 3.027992717341829731e-01 1.166363222576240338e-01 1.137915339098771066e-04
4.725000000000000000e+03 1.890001563403373996e-01 4.613108784706417831e-01 1.078743741465634925e-01 3.067819754210286964e-01 1.239189804278561652e-01 1.137915339098771066e-04
4.750000000000000000e+03 1.900001571675349332e-01 4.549385525716886924e-01 1.143604915794264876e-01 3.183887118798361393e-01 1.123122439690487084e-01 0.000000000000000000e+00
4.775000000000000000e+03 1.910001579947324668e-01 4.601729631315429891e-01 1.192535275375512099e-01 3.229403732362312041e-01 9.751934456076467861e-02 1.137915339098771066e-04
4.800000000000000000e+03 1.920001588219300004e-01 4.563040509786072119e-01 1.226672735548475224e-01 3.233955393718707105e-01 9.751934456076467861e-02 1.137915339098771066e-04
4.825000000000000000e+03 1.930001596491275340e-01 4.359353664087392000e-01 1.269913518434228616e-01 3.299954483386435822e-01 1.069640418752844796e-01 1.137915339098771066e-04
4.850000000000000000e+03 1.940001604763252896e-01 4.434456076467910846e-01 1.282430587164314906e-01 3.344333181611288119e-01 9.387801547564861293e-02 0.000000000000000000e+00
4.875000000000000000e+03 1.950001613035228232e-01 4.311561219845243542e-01 1.293809740555302568e-01 3.405780609922621771e-01 9.888484296768319803e-02 0.000000000000000000e+00
4.900000000000000000e+03 1.960001621307203568e-01 4.344560764679107900e-01 1.313154301319981732e-01 3.426263086026399840e-01 9.160218479745106668e-02 0.000000000000000000e+00
4.925000000000000000e+03 1.970001629579178903e-01 4.228493400091033472e-01 1.418980427856167403e-01 3.592398725534819981e-01 7.601274465179790052e-02 0.000000000000000000e+00
4.950000000000000000e+03 1.980001637851154239e-01 4.106736458807464518e-01 1.471324533454710926e-01 3.656121984524351443e-01 7.658170232134729749e-02 0.000000000000000000e+00
4.975000000000000000e+03 1.990001646123129575e-01 4.091943559399180974e-01 1.441738734638143005e-01 3.669776968593536637e-01 7.954028220300408958e-02 1.137915339098771066e-04
5.000000000000000000e+03 2.000001654395104911e-01 3.970186618115612021e-01 1.479289940828402428e-01 3.786982248520709970e-01 7.635411925352754425e-02 0.000000000000000000e+00
5.025000000000000000e+03 2.010001662667080247e-01 3.843878015475648557e-01 1.520254893035958010e-01 3.866636322257623881e-01 7.692307692307692735e-02 0.000000000000000000e+00
5.050000000000000000e+03 2.020001670939055582e-01 3.742603550295858228e-01 1.513427401001365413e-01 3.994082840236686249e-01 7.498862084660901095e-02 0.000000000000000000e+00
5.075000000000000000e+03 2.030001679211030918e-01 3.746017296313154388e-01 1.576012744651797970e-01 4.008875739644970349e-01 6.690942193900774326e-02 0.000000000000000000e+00
5.100000000000000000e+03 2.040001687483006254e-01 3.568502503413745752e-01 1.672735548475193512e-01 4.154528903049612976e-01 6.030951297223486468e-02 1.137915339098771066e-04
5.125000000000000000e+03 2.050001695754981590e-01 3.467228038233955423e-01 1.696631770596267741e-01 4.254665452890304955e-01 5.814747382794720199e-02 0.000000000000000000e+00
5.150000000000000000e+03 2.060001704026959146e-01 3.460400546199362548e-01 1.754665452890304955e-01 4.283113336367774249e-01 5.018206645425580398e-02 0.000000000000000000e+00
5.175000000000000000e+03 2.070001712298934482e-01 3.369367319071461253e-01 1.817250796540737234e-01 4.359353664087392000e-01 4.540282203004096517e-02 0.000000000000000000e+00
5.200000000000000000e+03 2.080001720570909818e-01 3.210059171597632877e-01 1.868456986800182129e-01 4.525489303595812696e-01 3.948566226672735324e-02 1.137915339098771066e-04
5.225000000000000000e+03 2.090001728842885154e-01 2.999544833864360438e-01 1.952662721893491105e-01 4.662039144287665193e-01 3.857532999544834029e-02 0.000000000000000000e+00
5.250000000000000000e+03 2.100001737114860489e-01 2.804961310878470448e-01 2.051661356395084179e-01 4.846381429221666148e-01 2.969959035047792587e-02 0.000000000000000000e+00
5.275000000000000000e+03 2.110001745386835825e-01 2.751479289940828576e-01 2.094902139280837572e-01 4.935138825671370189e-01 2.184797451069640448e-02 0.000000000000000000e+00
5.300000000000000000e+03 2.120001753658811161e-01 2.655894401456531662e-01 2.156349567592171224e-01 5.011379153390987939e-01 1.763768775603095224e-02 0.000000000000000000e+00
5.325000000000000000e+03 2.130001761930786497e-01 2.497724169321802468e-01 2.231451979972690070e-01 5.069412835685025431e-01 2.014110150204824826e-02 0.000000000000000000e+00
5.350000000000000000e+03 2.140001770202761833e-01 2.362312243969048597e-01 2.344105598543468338e-01 5.114929449248976079e-01 1.786527082385070547e-02 0.000000000000000000e+00
5.375000000000000000e+03 2.150001778474737169e-01 2.249658625398270329e-01 2.431725079654073751e-01 5.154756486117433312e-01 1.638598088302230249e-02 0.000000000000000000e+00
5.400000000000000000e+03 2.160001786746712504e-01 2.197314519799726806e-01 2.453345471096950448e-01 5.195721438324988339e-01 1.536185707783340945e-02 0.000000000000000000e+00
5.425000000000000000e+03 2.170001795018690061e-01 2.096040054619936199e-01 2.503413746017296160e-01 5.233272644515247762e-01 1.672735548475193582e-02 0.000000000000000000e+00
5.450000000000000000e+03 2.180001803290665396e-01 1.981110605370960398e-01 2.544378698224852298e-01 5.324305871643150168e-01 1.502048247610377786e-02 0.000000000000000000e+00
5.475000000000000000e+03 2.190001811562640732e-01 1.924214838416021811e-01 2.598998634501593075e-01 5.350477924442421651e-01 1.263086026399635846e-02 0.000000000000000000e+00
5.500000000000000000e+03 2.200001819834616068e-01 1.838871187983613931e-01 2.645653163404642627e-01 5.414201183431952558e-01 1.012744651797906244e-02 0.000000000000000000e+00
5.525000000000000000e+03 2.210001828106591404e-01 1.819526627218935044e-01 2.671825216203914666e-01 5.438097405553027341e-01 7.055075102412380721e-03 0.000000000000000000e+00
5.550000000000000000e+03 2.220001836378566740e-01 1.779699590350477811e-01 2.678652708238506985e-01 5.439235320892125136e-01 1.024123805188893906e-02 0.000000000000000000e+00
5.575000000000000000e+03 2.230001844650542075e-01 1.730769230769230727e-01 2.677514792899408080e-01 5.515475648611742887e-01 7.624032771961766417e-03 0.000000000000000000e+00
5.600000000000000000e+03 2.240001852922517411e-01 1.659080564406008318e-01 2.723031406463359283e-01 5.524578971324533017e-01 9.330905780609922637e-03 0.000000000000000000e+00
5.625000000000000000e+03 2.250001861194492747e-01 1.589667728720983164e-01 2.750341374601729671e-01 5.596267637687756258e-01 6.372325898953117539e-03 0.000000000000000000e+00
5.650000000000000000e+03 2.260001869466468083e-01 1.527082385070550885e-01 2.760582612653618706e-01 5.652025489303595940e-01 6.030951297223486815e-03 0.000000000000000000e+00
5.675000000000000000e+03 2.270001877738443419e-01 1.401911697769686049e-01 2.815202548930359483e-01 5.735093309057806010e-01 4.779244424214838804e-03 0.000000000000000000e+00
