# itime ezz other fcc hcp bcc ico
0.000000000000000000e+00 0.000000000000000000e+00 0.000000000000000000e+00 1.000000000000000000e+00 0.000000000000000000e+00 0.000000000000000000e+00 0.000000000000000000e+00
2.500000000000000000e+01 9.999838020222640012e-04 0.000000000000000000e+00 1.000000000000000000e+00 0.000000000000000000e+00 0.000000000000000000e+00 0.000000000000000000e+00
5.000000000000000000e+01 1.999967604044305958e-03 0.000000000000000000e+00 1.000000000000000000e+00 0.000000000000000000e+00 0.000000000000000000e+00 0.000000000000000000e+00
7.500000000000000000e+01 2.999951406066569959e-03 0.000000000000000000e+00 1.000000000000000000e+00 0.000000000000000000e+00 0.000000000000000000e+00 0.000000000000000000e+00
1.000000000000000000e+02 3.999935208088833960e-03 0.000000000000000000e+00 1.000000000000000000e+00 0.000000000000000000e+00 0.000000000000000000e+00 0.000000000000000000e+00
1.250000000000000000e+02 4.999919010110875917e-03 0.000000000000000000e+00 1.000000000000000000e+00 0.000000000000000000e+00 0.000000000000000000e+00 0.000000000000000000e+00
1.500000000000000000e+02 5.999902812133139918e-03 0.000000000000000000e+00 1.000000000000000000e+00 0.000000000000000000e+00 0.000000000000000000e+00 0.000000000000000000e+00
1.750000000000000000e+02 6.999886614155403919e-03 0.000000000000000000e+00 1.000000000000000000e+00 0.000000000000000000e+00 0.000000000000000000e+00 0.000000000000000000e+00
2.000000000000000000e+02 7.999870416177445875e-03 0.000000000000000000e+00 1.000000000000000000e+00 0.000000000000000000e+00 0.000000000000000000e+00 0.000000000000000000e+00
2.250000000000000000e+02 8.999854218199709877e-03 0.000000000000000000e+00 1.000000000000000000e+00 0.000000000000000000e+00 0.000000000000000000e+00 0.000000000000000000e+00
2.500000000000000000e+02 9.999838020221973878e-03 0.000000000000000000e+00 1.000000000000000000e+00 0.000000000000000000e+00 0.000000000000000000e+00 0.000000000000000000e+00
2.750000000000000000e+02 1.099982182224401583e-02 0.000000000000000000e+00 1.000000000000000000e+00 0.000000000000000000e+00 0.000000000000000000e+00 0.000000000000000000e+00
3.000000000000000000e+02 1.199980562426627984e-02 0.000000000000000000e+00 1.000000000000000000e+00 0.000000000000000000e+00 0.000000000000000000e+00 0.000000000000000000e+00
3.250000000000000000e+02 1.299978942628854384e-02 0.000000000000000000e+00 1.000000000000000000e+00 0.000000000000000000e+00 0.000000000000000000e+00 0.000000000000000000e+00
3.500000000000000000e+02 1.399977322831058579e-02 0.000000000000000000e+00 1.000000000000000000e+00 0.000000000000000000e+00 0.000000000000000000e+00 0.000000000000000000e+00
3.750000000000000000e+02 1.499975703033284979e-02 0.000000000000000000e+00 1.000000000000000000e+00 0.000000000000000000e+00 0.000000000000000000e+00 0.000000000000000000e+00
4.000000000000000000e+02 1.599974083235511380e-02 0.000000000000000000e+00 1.000000000000000000e+00 0.000000000000000000e+00 0.000000000000000000e+00 0.000000000000000000e+00
4.250000000000000000e+02 1.699972463437715575e-02 0.000000000000000000e+00 1.000000000000000000e+00 0.000000000000000000e+00 0.000000000000000000e+00 0.000000000000000000e+00
4.500000000000000000e+02 1.799970843639941975e-02 0.000000000000000000e+00 1.000000000000000000e+00 0.000000000000000000e+00 0.000000000000000000e+00 0.000000000000000000e+00
4.750000000000000000e+02 1.899969223842168375e-02 0.000000000000000000e+00 1.000000000000000000e+00 0.000000000000000000e+00 0.000000000000000000e+00 0.000000000000000000e+00
5.000000000000000000e+02 1.999967604044372571e-02 0.000000000000000000e+00 1.000000000000000000e+00 0.000000000000000000e+00 0.000000000000000000e+00 0.000000000000000000e+00
5.250000000000000000e+02 2.099965984246598971e-02 0.000000000000000000e+00 1.000000000000000000e+00 0.000000000000000000e+00 0.000000000000000000e+00 0.000000000000000000e+00
5.500000000000000000e+02 2.199964364448825371e-02 0.000000000000000000e+00 1.000000000000000000e+00 0.000000000000000000e+00 0.000000000000000000e+00 0.000000000000000000e+00
5.750000000000000000e+02 2.299962744651029567e-02 0.000000000000000000e+00 1.000000000000000000e+00 0.000000000000000000e+00 0.000000000000000000e+00 0.000000000000000000e+00
6.000000000000000000e+02 2.399961124853255967e-02 0.000000000000000000e+00 1.000000000000000000e+00 0.000000000000000000e+00 0.000000000000000000e+00 0.000000000000000000e+00
6.250000000000000000e+02 2.499959505055482367e-02 0.000000000000000000e+00 1.000000000000000000e+00 0.000000000000000000e+00 0.000000000000000000e+00 0.000000000000000000e+00
6.500000000000000000e+02 2.599957885257686563e-02 0.000000000000000000e+00 1.000000000000000000e+00 0.000000000000000000e+00 0.000000000000000000e+00 0.000000000000000000e+00
6.750000000000000000e+02 2.699956265459912963e-02 0.000000000000000000e+00 1.000000000000000000e+00 0.000000000000000000e+00 0.000000000000000000e+00 0.000000000000000000e+00
7.000000000000000000e+02 2.799954645662139363e-02 0.000000000000000000e+00 1.000000000000000000e+00 0.000000000000000000e+00 0.000000000000000000e+00 0.000000000000000000e+00
7.250000000000000000e+02 2.899953025864343559e-02 0.000000000000000000e+00 1.000000000000000000e+00 0.000000000000000000e+00 0.000000000000000000e+00 0.000000000000000000e+00
7.500000000000000000e+02 2.999951406066569959e-02 0.000000000000000000e+00 1.000000000000000000e+00 0.000000000000000000e+00 0.000000000000000000e+00 0.000000000000000000e+00
7.750000000000000000e+02 3.099949786268796359e-02 0.000000000000000000e+00 1.000000000000000000e+00 0.000000000000000000e+00 0.000000000000000000e+00 0.000000000000000000e+00
8.000000000000000000e+02 3.199948166471000555e-02 0.000000000000000000e+00 1.000000000000000000e+00 0.000000000000000000e+00 0.000000000000000000e+00 0.000000000000000000e+00
8.250000000000000000e+02 3.299946546673226955e-02 0.000000000000000000e+00 1.000000000000000000e+00 0.000000000000000000e+00 0.000000000000000000e+00 0.000000000000000000e+00
8.500000000000000000e+02 3.399944926875453355e-02 0.000000000000000000e+00 1.000000000000000000e+00 0.000000000000000000e+00 0.000000000000000000e+00 0.000000000000000000e+00
8.750000000000000000e+02 3.499943307077657551e-02 0.000000000000000000e+00 1.000000000000000000e+00 0.000000000000000000e+00 0.000000000000000000e+00 0.000000000000000000e+00
9.000000000000000000e+02 3.599941687279883951e-02 0.000000000000000000e+00 1.000000000000000000e+00 0.000000000000000000e+00 0.000000000000000000e+00 0.000000000000000000e+00
9.250000000000000000e+02 3.699940067482110351e-02 0.000000000000000000e+00 1.000000000000000000e+00 0.000000000000000000e+00 0.000000000000000000e+00 0.000000000000000000e+00
9.500000000000000000e+02 3.799938447684314546e-02 0.000000000000000000e+00 1.000000000000000000e+00 0.000000000000000000e+00 0.000000000000000000e+00 0.000000000000000000e+00
9.750000000000000000e+02 3.899936827886540947e-02 0.000000000000000000e+00 1.000000000000000000e+00 0.000000000000000000e+00 0.000000000000000000e+00 0.000000000000000000e+00
1.000000000000000000e+03 3.999935208088767347e-02 0.000000000000000000e+00 1.000000000000000000e+00 0.000000000000000000e+00 0.000000000000000000e+00 0.000000000000000000e+00
1.025000000000000000e+03 4.099933588290971542e-02 0.000000000000000000e+00 1.000000000000000000e+00 0.000000000000000000e+00 0.000000000000000000e+00 0.000000000000000000e+00
1.050000000000000000e+03 4.199931968493197942e-02 0.000000000000000000e+00 1.000000000000000000e+00 0.000000000000000000e+00 0.000000000000000000e+00 0.000000000000000000e+00
1.075000000000000000e+03 4.299930348695424343e-02 0.000000000000000000e+00 1.000000000000000000e+00 0.000000000000000000e+00 0.000000000000000000e+00 0.000000000000000000e+00
1.100000000000000000e+03 4.399928728897628538e-02 0.000000000000000000e+00 1.000000000000000000e+00 0.000000000000000000e+00 0.000000000000000000e+00 0.000000000000000000e+00
1.125000000000000000e+03 4.499927109099854938e-02 0.000000000000000000e+00 1.000000000000000000e+00 0.000000000000000000e+00 0.000000000000000000e+00 0.000000000000000000e+00
1.150000000000000000e+03 4.599925489302081338e-02 0.000000000000000000e+00 1.000000000000000000e+00 0.000000000000000000e+00 0.000000000000000000e+00 0.000000000000000000e+00
1.175000000000000000e+03 4.699923869504285534e-02 0.000000000000000000e+00 1.000000000000000000e+00 0.000000000000000000e+00 0.000000000000000000e+00 0.000000000000000000e+00
1.200000000000000000e+03 4.799922249706511934e-02 0.000000000000000000e+00 1.000000000000000000e+00 0.000000000000000000e+00 0.000000000000000000e+00 0.000000000000000000e+00
1.225000000000000000e+03 4.899920629908738334e-02 0.000000000000000000e+00 1.000000000000000000e+00 0.000000000000000000e+00 0.000000000000000000e+00 0.000000000000000000e+00
1.250000000000000000e+03 4.999919010110942530e-02 0.000000000000000000e+00 1.000000000000000000e+00 0.000000000000000000e+00 0.000000000000000000e+00 0.000000000000000000e+00
1.275000000000000000e+03 5.099917390313168930e-02 0.000000000000000000e+00 1.000000000000000000e+00 0.000000000000000000e+00 0.000000000000000000e+00 0.000000000000000000e+00
1.300000000000000000e+03 5.199915770515395330e-02 0.000000000000000000e+00 1.000000000000000000e+00 0.000000000000000000e+00 0.000000000000000000e+00 0.000000000000000000e+00
1.325000000000000000e+03 5.299914150717599526e-02 0.000000000000000000e+00 1.000000000000000000e+00 0.000000000000000000e+00 0.000000000000000000e+00 0.000000000000000000e+00
1.350000000000000000e+03 5.399912530919825926e-02 0.000000000000000000e+00 1.000000000000000000e+00 0.000000000000000000e+00 0.000000000000000000e+00 0.000000000000000000e+00
1.375000000000000000e+03 5.499910911122052326e-02 0.000000000000000000e+00 1.000000000000000000e+00 0.000000000000000000e+00 0.000000000000000000e+00 0.000000000000000000e+00
1.400000000000000000e+03 5.599909291324256522e-02 0.000000000000000000e+00 1.000000000000000000e+00 0.000000000000000000e+00 0.000000000000000000e+00 0.000000000000000000e+00
1.425000000000000000e+03 5.699907671526482922e-02 2.275830678197542133e-04 9.997724169321802190e-01 0.000000000000000000e+00 0.000000000000000000e+00 0.000000000000000000e+00
1.450000000000000000e+03 5.799906051728709322e-02 0.000000000000000000e+00 1.000000000000000000e+00 0.000000000000000000e+00 0.000000000000000000e+00 0.000000000000000000e+00
1.475000000000000000e+03 5.899904431930913518e-02 0.000000000000000000e+00 1.000000000000000000e+00 0.000000000000000000e+00 0.000000000000000000e+00 0.000000000000000000e+00
1.500000000000000000e+03 5.999902812133139918e-02 0.000000000000000000e+00 1.000000000000000000e+00 0.000000000000000000e+00 0.000000000000000000e+00 0.000000000000000000e+00
1.525000000000000000e+03 6.099901192335366318e-02 0.000000000000000000e+00 1.000000000000000000e+00 0.000000000000000000e+00 0.000000000000000000e+00 0.000000000000000000e+00
1.550000000000000000e+03 6.199899572537570513e-02 0.000000000000000000e+00 1.000000000000000000e+00 0.000000000000000000e+00 0.000000000000000000e+00 0.000000000000000000e+00
1.575000000000000000e+03 6.299897952739796914e-02 0.000000000000000000e+00 1.000000000000000000e+00 0.000000000000000000e+00 0.000000000000000000e+00 0.000000000000000000e+00
1.600000000000000000e+03 6.399896332942023314e-02 0.000000000000000000e+00 1.000000000000000000e+00 0.000000000000000000e+00 0.000000000000000000e+00 0.000000000000000000e+00
1.625000000000000000e+03 6.499894713144227509e-02 0.000000000000000000e+00 1.000000000000000000e+00 0.000000000000000000e+00 0.000000000000000000e+00 0.000000000000000000e+00
1.650000000000000000e+03 6.599893093346453909e-02 0.000000000000000000e+00 1.000000000000000000e+00 0.000000000000000000e+00 0.000000000000000000e+00 0.000000000000000000e+00
1.675000000000000000e+03 6.699891473548680310e-02 1.137915339098771066e-04 9.998862084660901095e-01 0.000000000000000000e+00 0.000000000000000000e+00 0.000000000000000000e+00
1.700000000000000000e+03 6.799889853750884505e-02 0.000000000000000000e+00 1.000000000000000000e+00 0.000000000000000000e+00 0.000000000000000000e+00 0.000000000000000000e+00
1.725000000000000000e+03 6.899888233953110905e-02 0.000000000000000000e+00 1.000000000000000000e+00 0.000000000000000000e+00 0.000000000000000000e+00 0.000000000000000000e+00
1.750000000000000000e+03 6.999886614155337305e-02 0.000000000000000000e+00 1.000000000000000000e+00 0.000000000000000000e+00 0.000000000000000000e+00 0.000000000000000000e+00
1.775000000000000000e+03 7.099884994357541501e-02 0.000000000000000000e+00 1.000000000000000000e+00 0.000000000000000000e+00 0.000000000000000000e+00 0.000000000000000000e+00
1.800000000000000000e+03 7.199883374559767901e-02 0.000000000000000000e+00 1.000000000000000000e+00 0.000000000000000000e+00 0.000000000000000000e+00 0.000000000000000000e+00
1.825000000000000000e+03 7.299881754761994301e-02 0.000000000000000000e+00 1.000000000000000000e+00 0.000000000000000000e+00 0.000000000000000000e+00 0.000000000000000000e+00
1.850000000000000000e+03 7.399880134964198497e-02 0.000000000000000000e+00 1.000000000000000000e+00 0.000000000000000000e+00 0.000000000000000000e+00 0.000000000000000000e+00
1.875000000000000000e+03 7.499878515166424897e-02 0.000000000000000000e+00 1.000000000000000000e+00 0.000000000000000000e+00 0.000000000000000000e+00 0.000000000000000000e+00
1.900000000000000000e+03 7.599876895368651297e-02 4.551661356395084266e-04 9.995448338643604380e-01 0.000000000000000000e+00 0.000000000000000000e+00 0.000000000000000000e+00
1.925000000000000000e+03 7.699875275570855493e-02 0.000000000000000000e+00 1.000000000000000000e+00 0.000000000000000000e+00 0.000000000000000000e+00 0.000000000000000000e+00
1.950000000000000000e+03 7.799873655773081893e-02 0.000000000000000000e+00 1.000000000000000000e+00 0.000000000000000000e+00 0.000000000000000000e+00 0.000000000000000000e+00
1.975000000000000000e+03 7.899872035975308293e-02 0.000000000000000000e+00 1.000000000000000000e+00 0.000000000000000000e+00 0.000000000000000000e+00 0.000000000000000000e+00
2.000000000000000000e+03 7.999870416177512489e-02 6.827492034592626399e-04 9.993172507965407680e-01 0.000000000000000000e+00 0.000000000000000000e+00 0.000000000000000000e+00
2.025000000000000000e+03 8.099868796379738889e-02 2.275830678197542133e-04 9.997724169321802190e-01 0.000000000000000000e+00 0.000000000000000000e+00 0.000000000000000000e+00
2.050000000000000000e+03 8.199867176581965289e-02 0.000000000000000000e+00 1.000000000000000000e+00 0.000000000000000000e+00 0.000000000000000000e+00 0.000000000000000000e+00
2.075000000000000000e+03 8.299865556784169485e-02 5.689576695493854790e-04 9.994310423304506585e-01 0.000000000000000000e+00 0.000000000000000000e+00 0.000000000000000000e+00
2.100000000000000000e+03 8.399863936986395885e-02 4.551661356395084266e-04 9.995448338643604380e-01 0.000000000000000000e+00 0.000000000000000000e+00 0.000000000000000000e+00
2.125000000000000000e+03 8.499862317188622285e-02 1.137915339098771066e-04 9.998862084660901095e-01 0.000000000000000000e+00 0.000000000000000000e+00 0.000000000000000000e+00
2.150000000000000000e+03 8.599860697390826481e-02 5.689576695493854790e-04 9.994310423304506585e-01 0.000000000000000000e+00 0.000000000000000000e+00 0.000000000000000000e+00
2.175000000000000000e+03 8.699859077593052881e-02 4.551661356395084266e-04 9.995448338643604380e-01 0.000000000000000000e+00 0.000000000000000000e+00 0.000000000000000000e+00
2.200000000000000000e+03 8.799857457795279281e-02 2.275830678197542133e-04 9.997724169321802190e-01 0.000000000000000000e+00 0.000000000000000000e+00 0.000000000000000000e+00
2.225000000000000000e+03 8.899855837997483476e-02 1.137915339098771066e-04 9.998862084660901095e-01 0.000000000000000000e+00 0.000000000000000000e+00 0.000000000000000000e+00
2.250000000000000000e+03 8.999854218199709877e-02 9.103322712790168532e-04 9.990896677287209870e-01 0.000000000000000000e+00 0.000000000000000000e+00 0.000000000000000000e+00
2.275000000000000000e+03 9.099852598401936277e-02 1.024123805188893906e-03 9.989758761948110966e-01 0.000000000000000000e+00 0.000000000000000000e+00 0.000000000000000000e+00
2.300000000000000000e+03 9.199850978604140472e-02 1.593081474738279385e-03 9.982931269913518646e-01 0.000000000000000000e+00 1.137915339098771066e-04 0.000000000000000000e+00
2.325000000000000000e+03 9.299849358806366872e-02 1.934456076467910759e-03 9.978379608557123026e-01 0.000000000000000000e+00 2.275830678197542133e-04 0.000000000000000000e+00
2.350000000000000000e+03 9.399847739008593273e-02 5.689576695493854790e-04 9.994310423304506585e-01 0.000000000000000000e+00 0.000000000000000000e+00 0.000000000000000000e+00
2.375000000000000000e+03 9.499846119210797468e-02 9.103322712790168532e-04 9.990896677287209870e-01 0.000000000000000000e+00 0.000000000000000000e+00 0.000000000000000000e+00
2.400000000000000000e+03 9.599844499413023868e-02 6.827492034592626399e-04 9.993172507965407680e-01 0.000000000000000000e+00 0.000000000000000000e+00 0.000000000000000000e+00
2.425000000000000000e+03 9.699842879615250268e-02 1.593081474738279385e-03 9.982931269913518646e-01 0.000000000000000000e+00 1.137915339098771066e-04 0.000000000000000000e+00
2.450000000000000000e+03 9.799841259817454464e-02 1.251706873008648227e-03 9.986345015930814251e-01 0.000000000000000000e+00 1.137915339098771066e-04 0.000000000000000000e+00
2.475000000000000000e+03 9.899839640019680864e-02 3.982703686845699004e-03 9.959035047792443862e-01 0.000000000000000000e+00 1.137915339098771066e-04 0.000000000000000000e+00
2.500000000000000000e+03 9.999838020221907264e-02 2.730996813837050560e-03 9.972690031861629611e-01 0.000000000000000000e+00 0.000000000000000000e+00 0.000000000000000000e+00
2.525000000000000000e+03 1.009983640042411146e-01 2.958579881656804664e-03 9.969276285844332897e-01 0.000000000000000000e+00 1.137915339098771066e-04 0.000000000000000000e+00
2.550000000000000000e+03 1.019983478062633786e-01 1.365498406918525280e-03 9.986345015930814251e-01 0.000000000000000000e+00 0.000000000000000000e+00 0.000000000000000000e+00
2.575000000000000000e+03 1.029983316082856426e-01 3.982703686845699004e-03 9.959035047792443862e-01 0.000000000000000000e+00 1.137915339098771066e-04 0.000000000000000000e+00
2.600000000000000000e+03 1.039983154103076846e-01 2.730996813837050560e-03 9.972690031861629611e-01 0.000000000000000000e+00 0.000000000000000000e+00 0.000000000000000000e+00
2.625000000000000000e+03 1.049982992123299486e-01 3.299954483386436255e-03 9.965862539827037292e-01 0.000000000000000000e+00 1.137915339098771066e-04 0.000000000000000000e+00
2.650000000000000000e+03 1.059982830143522126e-01 6.144742831133363434e-03 9.936276741010469093e-01 0.000000000000000000e+00 2.275830678197542133e-04 0.000000000000000000e+00
2.675000000000000000e+03 1.069982668163742545e-01 4.893035958124715423e-03 9.949931725079653733e-01 0.000000000000000000e+00 1.137915339098771066e-04 0.000000000000000000e+00
2.700000000000000000e+03 1.079982506183965185e-01 5.575785161583977738e-03 9.939690487027764698e-01 0.000000000000000000e+00 4.551661356395084266e-04 0.000000000000000000e+00
2.725000000000000000e+03 1.089982344204187825e-01 5.234410559854347014e-03 9.943104233045061413e-01 0.000000000000000000e+00 4.551661356395084266e-04 0.000000000000000000e+00
2.750000000000000000e+03 1.099982182224408245e-01 8.079198907601274626e-03 9.908966772872098705e-01 0.000000000000000000e+00 1.024123805188893906e-03 0.000000000000000000e+00
2.775000000000000000e+03 1.109982020244630885e-01 8.648156577150659455e-03 9.906690942193900895e-01 0.000000000000000000e+00 6.827492034592626399e-04 0.000000000000000000e+00
2.800000000000000000e+03 1.119981858264853525e-01 1.001365498406918582e-02 9.896449704142011861e-01 0.000000000000000000e+00 3.413746017296313199e-04 0.000000000000000000e+00
2.825000000000000000e+03 1.129981696285073944e-01 1.285844333181611343e-02 9.858898497951752438e-01 0.000000000000000000e+00 1.251706873008648227e-03 0.000000000000000000e+00
2.850000000000000000e+03 1.139981534305296584e-01 1.172052799271734204e-02 9.869139736003641472e-01 0.000000000000000000e+00 1.365498406918525280e-03 0.000000000000000000e+00
2.875000000000000000e+03 1.149981372325519224e-01 1.558944014565316269e-02 9.833864360491579859e-01 0.000000000000000000e+00 1.024123805188893906e-03 0.000000000000000000e+00
2.900000000000000000e+03 1.159981210345739644e-01 1.854802002730996865e-02 9.783796085571233592e-01 0.000000000000000000e+00 3.072371415566681717e-03 0.000000000000000000e+00
2.925000000000000000e+03 1.169981048365962284e-01 3.322712790168411146e-02 9.618798361401911245e-01 0.000000000000000000e+00 4.893035958124715423e-03 0.000000000000000000e+00
2.950000000000000000e+03 1.179980886386184924e-01 4.198907601274465273e-02 9.484524351388257113e-01 0.000000000000000000e+00 9.558488848429677609e-03 0.000000000000000000e+00
2.975000000000000000e+03 1.189980724406405344e-01 5.279927173418298009e-02 9.289940828402366568e-01 0.000000000000000000e+00 1.820664542558033533e-02 0.000000000000000000e+00
3.000000000000000000e+03 1.199980562426627984e-01 8.158852981338188259e-02 8.615157032316795860e-01 0.000000000000000000e+00 5.689576695493855224e-02 0.000000000000000000e+00
3.025000000000000000e+03 1.209980400446850624e-01 1.244879380974055483e-01 7.350933090578061213e-01 0.000000000000000000e+00 1.404187528447883582e-01 0.000000000000000000e+00
3.050000000000000000e+03 1.219980238467071043e-01 1.709148839326354030e-01 5.484751934456076894e-01 0.000000000000000000e+00 2.806099226217569353e-01 0.000000000000000000e+00
3.075000000000000000e+03 1.229980076487293683e-01 2.703686845698680119e-01 3.244196631770596140e-01 0.000000000000000000e+00 4.052116522530723741e-01 0.000000000000000000e+00
3.100000000000000000e+03 1.239979914507516323e-01 3.441055985434683384e-01 1.945835229858898507e-01 0.000000000000000000e+00 4.613108784706417831e-01 0.000000000000000000e+00
3.125000000000000000e+03 1.249979752527736743e-01 3.905325443786982209e-01 1.360946745562130189e-01 2.275830678197542133e-04 4.731451979972690070e-01 0.000000000000000000e+00
3.150000000000000000e+03 1.259979590547959383e-01 3.628812016385981054e-01 1.586253982703686727e-01 3.413746017296313199e-04 4.781520254893035782e-01 0.000000000000000000e+00
3.175000000000000000e+03 1.269979428568182023e-01 3.295402822030040757e-01 2.162039144287664916e-01 3.413746017296313199e-04 4.539144287664997890e-01 0.000000000000000000e+00
3.200000000000000000e+03 1.279979266588402442e-01 3.258989531178880239e-01 2.411242603550295960e-01 4.551661356395084266e-04 4.325216203914428736e-01 0.000000000000000000e+00
3.225000000000000000e+03 1.289979104608625082e-01 3.453573054164770229e-01 2.209831588529813373e-01 4.551661356395084266e-04 4.332043695949021611e-01 0.000000000000000000e+00
3.250000000000000000e+03 1.299978942628847722e-01 3.788120163859808875e-01 1.620391442876649990e-01 2.275830678197541916e-03 4.568730086481565533e-01 0.000000000000000000e+00
3.275000000000000000e+03 1.309978780649068142e-01 3.947428311333636697e-01 1.345015930814747462e-01 6.372325898953117539e-03 4.643832498862084934e-01 0.000000000000000000e+00
3.300000000000000000e+03 1.319978618669290782e-01 3.831360946745562268e-01 1.299499317250796537e-01 1.092398725534820224e-02 4.759899863450159363e-01 0.000000000000000000e+00
3.325000000000000000e+03 1.329978456689513422e-01 3.691397360036413056e-01 1.285844333181611343e-01 1.399635867091488309e-02 4.882794720072826666e-01 0.000000000000000000e+00
3.350000000000000000e+03 1.339978294709733841e-01 3.730086481565771384e-01 1.298361401911697632e-01 2.093764223941738806e-02 4.762175694128356618e-01 0.000000000000000000e+00
3.375000000000000000e+03 1.349978132729956481e-01 3.789258079198907780e-01 1.217569412835685094e-01 2.799271734182976618e-02 4.713245334547109811e-01 0.000000000000000000e+00
3.400000000000000000e+03 1.359977970750179121e-01 3.864360491579426626e-01 1.243741465634956717e-01 3.607191624943104080e-02 4.531178880291306110e-01 0.000000000000000000e+00
3.425000000000000000e+03 1.369977808770399541e-01 3.878015475648611821e-01 1.380291306326809353e-01 5.154756486117433034e-02 4.226217569412835662e-01 0.000000000000000000e+00
3.450000000000000000e+03 1.379977646790622181e-01 4.106736458807464518e-01 1.517979062357760478e-01 7.771961766044606368e-02 3.598088302230313951e-01 0.000000000000000000e+00
3.475000000000000000e+03 1.389977484810844821e-01 4.094219390077378229e-01 1.761492944924897552e-01 1.063950842057350965e-01 3.080336822940373254e-01 0.000000000000000000e+00
3.500000000000000000e+03 1.399977322831065241e-01 4.091943559399180974e-01 2.009558488848429691e-01 1.305188893946290507e-01 2.593309057806099105e-01 0.000000000000000000e+00
3.525000000000000000e+03 1.409977160851287881e-01 4.096495220755576039e-01 2.261037778789257990e-01 1.632908511606736557e-01 2.009558488848429691e-01 0.000000000000000000e+00
3.550000000000000000e+03 1.419976998871510521e-01 4.040737369139735802e-01 2.446517979062357850e-01 1.906008192990441552e-01 1.606736458807464796e-01 0.000000000000000000e+00
3.575000000000000000e+03 1.429976836891730940e-01 3.944014565316340537e-01 2.521620391442876419e-01 1.983386436049157930e-01 1.550978607191624836e-01 0.000000000000000000e+00
3.600000000000000000e+03 1.439976674911953580e-01 4.014565316340464318e-01 2.497724169321802468e-01 2.025489303595812418e-01 1.462221210741920796e-01 0.000000000000000000e+00
3.625000000000000000e+03 1.449976512932176220e-01 3.980427856167501055e-01 2.563723258989530907e-01 2.098315885298133732e-01 1.357532999544833752e-01 0.000000000000000000e+00
3.650000000000000000e+03 1.459976350952396640e-01 3.931497496586254248e-01 2.535275375512062168e-01 2.213245334547109811e-01 1.319981793354574329e-01 0.000000000000000000e+00
3.675000000000000000e+03 1.469976188972619280e-01 4.002048247610378029e-01 2.545516613563950648e-01 2.267865270823850588e-01 1.184569868001820597e-01 0.000000000000000000e+00
3.700000000000000000e+03 1.479976026992841920e-01 3.957669549385525731e-01 2.484069185252617273e-01 2.374829312699135164e-01 1.183431952662721831e-01 0.000000000000000000e+00
3.725000000000000000e+03 1.489975865013062339e-01 3.974738279472007085e-01 2.481793354574419741e-01 2.383932635411925294e-01 1.159535730541647741e-01 0.000000000000000000e+00
3.750000000000000000e+03 1.499975703033284979e-01 3.961083295402821891e-01 2.520482476103778069e-01 2.455621301775147980e-01 1.062812926718252199e-01 0.000000000000000000e+00
3.775000000000000000e+03 1.509975541053507619e-01 3.922394173873463563e-01 2.536413290851160518e-01 2.505689576695493970e-01 1.035502958579881672e-01 0.000000000000000000e+00
3.800000000000000000e+03 1.519975379073728039e-01 3.934911242603550408e-01 2.528447883477469293e-01 2.525034137460173134e-01 1.011606736458807443e-01 0.000000000000000000e+00
3.825000000000000000e+03 1.529975217093950679e-01 3.871187983614018946e-01 2.554619936276740777e-01 2.592171142467000200e-01 9.820209376422393832e-02 0.000000000000000000e+00
3.850000000000000000e+03 1.539975055114173319e-01 3.924670004551661373e-01 2.537551206190259423e-01 2.604688211197087044e-01 9.330905780609922984e-02 0.000000000000000000e+00
3.875000000000000000e+03 1.549974893134393739e-01 3.761948111060536837e-01 2.678652708238506985e-01 2.593309057806099105e-01 9.660901228948566566e-02 0.000000000000000000e+00
3.900000000000000000e+03 1.559974731154616379e-01 3.794947655894401195e-01 2.716203914428766408e-01 2.602412380518889234e-01 8.864360491579426071e-02 0.000000000000000000e+00
3.925000000000000000e+03 1.569974569174839019e-01 3.848429676832043622e-01 2.763996358670914866e-01 2.568274920345926526e-01 8.192990441511151245e-02 0.000000000000000000e+00
3.950000000000000000e+03 1.579974407195059438e-01 3.781292671825216001e-01 2.781065088757396220e-01 2.628584433318161273e-01 8.090578060992262288e-02 0.000000000000000000e+00
3.975000000000000000e+03 1.589974245215282078e-01 3.818843878015475424e-01 2.758306781975420896e-01 2.612653618570778269e-01 8.101957214383249950e-02 0.000000000000000000e+00
4.000000000000000000e+03 1.599974083235504718e-01 3.801775147928994070e-01 2.795857988165680319e-01 2.572826581702321591e-01 8.295402822030041590e-02 0.000000000000000000e+00
4.025000000000000000e+03 1.609973921255725138e-01 3.864360491579426626e-01 2.833409194355939742e-01 2.531861629494765453e-01 7.703686845698680397e-02 0.000000000000000000e+00
4.050000000000000000e+03 1.619973759275947778e-01 3.850705507510241432e-01 2.884615384615384359e-01 2.523896222121074229e-01 7.407828857532999800e-02 0.000000000000000000e+00
4.075000000000000000e+03 1.629973597296170418e-01 3.867774237596722786e-01 2.909649522075557493e-01 2.512517068730086289e-01 7.100591715976331542e-02 0.000000000000000000e+00
4.100000000000000000e+03 1.639973435316390837e-01 3.806326809285389134e-01 2.941511151570322946e-01 2.505689576695493970e-01 7.464724624487938109e-02 0.000000000000000000e+00
4.125000000000000000e+03 1.649973273336613477e-01 3.957669549385525731e-01 2.907373691397360238e-01 2.446517979062357850e-01 6.884387801547564578e-02 0.000000000000000000e+00
4.150000000000000000e+03 1.659973111356836117e-01 3.901911697769686049e-01 2.998406918525261533e-01 2.421483841602184717e-01 6.781975421028675621e-02 0.000000000000000000e+00
4.175000000000000000e+03 1.669972949377056537e-01 3.918980427856167403e-01 3.009786071916249472e-01 2.374829312699135164e-01 6.964041875284478211e-02 0.000000000000000000e+00
4.200000000000000000e+03 1.679972787397279177e-01 3.946290395994537792e-01 2.997269003186163183e-01 2.355484751934456000e-01 7.009558488848430247e-02 0.000000000000000000e+00
4.225000000000000000e+03 1.689972625417501817e-01 3.897360036413290985e-01 3.026854802002730827e-01 2.375967228038234069e-01 6.998179335457442585e-02 0.000000000000000000e+00
4.250000000000000000e+03 1.699972463437722237e-01 3.905325443786982209e-01 3.067819754210286964e-01 2.369139736003641195e-01 6.577150659990896320e-02 0.000000000000000000e+00
4.275000000000000000e+03 1.709972301457944877e-01 3.940600819299044377e-01 3.104233045061447482e-01 2.339553937187073274e-01 6.156121984524351443e-02 0.000000000000000000e+00
4.300000000000000000e+03 1.719972139478167517e-01 3.933773327264451503e-01 3.112198452435138707e-01 2.357760582612653533e-01 5.962676376877560497e-02 0.000000000000000000e+00
4.325000000000000000e+03 1.729971977498387936e-01 3.944014565316340537e-01 3.159990896677287164e-01 2.273554847519344557e-01 6.224396904870277414e-02 0.000000000000000000e+00
4.350000000000000000e+03 1.739971815518610576e-01 4.017979062357760478e-01 3.130405097860718966e-01 2.250796540737369233e-01 6.008192990441511144e-02 0.000000000000000000e+00
4.375000000000000000e+03 1.749971653538833216e-01 4.050978607191624836e-01 3.138370505234410746e-01 2.242831133363677731e-01 5.678197542102867562e-02 0.000000000000000000e+00
4.400000000000000000e+03 1.759971491559053636e-01 4.024806554392353353e-01 3.141784251251706905e-01 2.286071916249431124e-01 5.473372781065088954e-02 0.000000000000000000e+00
4.425000000000000000e+03 1.769971329579276276e-01 3.958807464724624636e-01 3.171370050068275104e-01 2.321347291761493015e-01 5.484751934456076616e-02 0.000000000000000000e+00
4.450000000000000000e+03 1.779971167599498916e-01 4.045289030496130867e-01 3.174783796085571264e-01 2.255348202093764298e-01 5.245789713245334329e-02 0.000000000000000000e+00
4.475000000000000000e+03 1.789971005619719335e-01 4.064633591260810030e-01 3.137232589895311841e-01 2.265589440145653055e-01 5.325443786982248656e-02 0.000000000000000000e+00
4.500000000000000000e+03 1.799970843639941975e-01 4.145425580336822846e-01 3.109922621756941452e-01 2.201866181156121871e-01 5.427856167501137613e-02 0.000000000000000000e+00
4.525000000000000000e+03 1.809970681660164615e-01 4.147701411015020656e-01 3.133818843878015681e-01 2.217796995903504875e-01 5.006827492034592736e-02 0.000000000000000000e+00
4.550000000000000000e+03 1.819970519680385035e-01 4.143149749658625591e-01 3.121301775147928836e-01 2.242831133363677731e-01 4.927173418297678409e-02 0.000000000000000000e+00
4.575000000000000000e+03 1.829970357700607675e-01 4.163632225762403105e-01 3.126991351843422806e-01 2.228038233955393632e-01 4.813381884387801790e-02 0.000000000000000000e+00
4.600000000000000000e+03 1.839970195720830315e-01 4.163632225762403105e-01 3.139508420573509095e-01 2.217796995903504875e-01 4.790623577605826466e-02 0.000000000000000000e+00
4.625000000000000000e+03 1.849970033741050734e-01 4.220527992717341692e-01 3.179335457441966328e-01 2.170004551661356418e-01 4.301319981793354230e-02 0.000000000000000000e+00
4.650000000000000000e+03 1.859969871761273374e-01 4.227355484751934567e-01 3.154301319981793195e-01 2.174556213017751483e-01 4.437869822485206867e-02 0.000000000000000000e+00
4.675000000000000000e+03 1.869969709781496015e-01 4.171597633136094885e-01 3.229403732362312041e-01 2.160901228948566288e-01 4.380974055530268557e-02 0.000000000000000000e+00
4.700000000000000000e+03 1.879969547801716434e-01 4.198907601274465273e-01 3.249886208466090110e-01 2.150659990896677254e-01 4.005461993627674328e-02 0.000000000000000000e+00
4.725000000000000000e+03 1.889969385821939074e-01 4.186390532544378429e-01 3.228265817023213691e-01 2.167728720983158885e-01 4.176149294492489950e-02 0.000000000000000000e+00
4.750000000000000000e+03 1.899969223842161714e-01 4.197769685935366368e-01 3.232817478379608755e-01 2.185935366408739144e-01 3.834774692762858705e-02 0.000000000000000000e+00
4.775000000000000000e+03 1.909969061862382134e-01 4.206873008648156498e-01 3.174783796085571264e-01 2.189349112426035582e-01 4.289940828402366568e-02 0.000000000000000000e+00
4.800000000000000000e+03 1.919968899882604774e-01 4.203459262630860338e-01 3.169094219390077294e-01 2.205279927173418308e-01 4.221665908056440597e-02 0.000000000000000000e+00
4.825000000000000000e+03 1.929968737902827414e-01 4.185252617205280079e-01 3.175921711424670169e-01 2.226900318616295005e-01 4.119253527537550946e-02 0.000000000000000000e+00
4.850000000000000000e+03 1.939968575923047833e-01 4.210286754665452658e-01 3.220300409649521911e-01 2.180245789713245452e-01 3.891670459717797015e-02 0.000000000000000000e+00
4.875000000000000000e+03 1.949968413943270473e-01 4.239872553482020856e-01 3.199817933545744397e-01 2.209831588529813373e-01 3.504779244424215123e-02 0.000000000000000000e+00
4.900000000000000000e+03 1.959968251963493113e-01 4.288802913063268218e-01 3.243058716431497235e-01 2.149522075557578626e-01 3.186162949476559203e-02 0.000000000000000000e+00
4.925000000000000000e+03 1.969968089983713533e-01 4.237596722803823601e-01 3.295402822030040757e-01 2.094902139280837572e-01 3.720983158852981393e-02 0.000000000000000000e+00
4.950000000000000000e+03 1.979967928003936173e-01 4.251251706873008795e-01 3.312471552116522666e-01 2.076695493855257035e-01 3.595812471552116418e-02 0.000000000000000000e+00
4.975000000000000000e+03 1.989967766024158813e-01 4.280837505689576439e-01 3.319299044151114986e-01 2.082385070550751005e-01 3.174783796085571541e-02 0.000000000000000000e+00
5.000000000000000000e+03 1.999967604044379232e-01 4.271734182976786309e-01 3.359126081019572219e-01 2.030040964952207483e-01 3.390987710514337811e-02 0.000000000000000000e+00
5.025000000000000000e+03 2.009967442064601872e-01 4.233045061447428536e-01 3.364815657715066188e-01 2.075557578516158408e-01 3.265817023213472836e-02 0.000000000000000000e+00
5.050000000000000000e+03 2.019967280084824512e-01 4.266044606281292895e-01 3.347746927628584279e-01 2.063040509786071841e-01 3.231679563040509851e-02 0.000000000000000000e+00
5.075000000000000000e+03 2.029967118105044932e-01 4.308147473827947382e-01 3.384160218479745352e-01 2.009558488848429691e-01 2.981338188438780248e-02 0.000000000000000000e+00
5.100000000000000000e+03 2.039966956125267572e-01 4.264906690942193990e-01 3.398953117888028896e-01 2.040282203004096517e-01 2.958579881656804578e-02 0.000000000000000000e+00
5.125000000000000000e+03 2.049966794145490212e-01 4.325216203914428736e-01 3.394401456531633832e-01 2.000455166135639562e-01 2.799271734182976618e-02 0.000000000000000000e+00
5.150000000000000000e+03 2.059966632165710632e-01 4.330905780609922706e-01 3.380746472462448637e-01 2.012972234865725851e-01 2.753755120619025970e-02 0.000000000000000000e+00
5.175000000000000000e+03 2.069966470185933272e-01 4.302457897132453413e-01 3.414883932635411901e-01 1.968593536640873831e-01 3.140646335912607862e-02 0.000000000000000000e+00
5.200000000000000000e+03 2.079966308206155912e-01 4.367319071461083224e-01 3.420573509330905870e-01 1.911697769685935244e-01 3.004096495220755572e-02 0.000000000000000000e+00
5.225000000000000000e+03 2.089966146226376331e-01 4.337733272644515026e-01 3.434228493400091065e-01 1.939007737824305910e-01 2.890304961310878606e-02 0.000000000000000000e+00
5.250000000000000000e+03 2.099965984246598971e-01 4.328629949931724896e-01 3.444469731451980099e-01 1.943559399180700975e-01 2.833409194355939950e-02 0.000000000000000000e+00
5.275000000000000000e+03 2.109965822266821611e-01 4.417387346381429492e-01 3.408056440600819026e-01 1.883249886208466228e-01 2.913063268092853930e-02 0.000000000000000000e+00
5.300000000000000000e+03 2.119965660287042031e-01 4.363905325443787064e-01 3.411470186618115741e-01 1.906008192990441552e-01 3.186162949476559203e-02 0.000000000000000000e+00
5.325000000000000000e+03 2.129965498307264671e-01 4.357077833409194190e-01 3.449021392808375164e-01 1.895766954938552518e-01 2.981338188438780248e-02 0.000000000000000000e+00
5.350000000000000000e+03 2.139965336327487311e-01 4.338871187983613931e-01 3.460400546199362548e-01 1.883249886208466228e-01 3.174783796085571541e-02 0.000000000000000000e+00
5.375000000000000000e+03 2.149965174347707730e-01 4.308147473827947382e-01 3.460400546199362548e-01 1.842284934000910368e-01 3.891670459717797015e-02 0.000000000000000000e+00
5.400000000000000000e+03 2.159965012367930370e-01 4.409421939007737712e-01 3.453573054164770229e-01 1.828629949931725174e-01 3.083750568957669552e-02 0.000000000000000000e+00
5.425000000000000000e+03 2.169964850388153010e-01 4.385525716886663483e-01 3.488848429676831842e-01 1.842284934000910368e-01 2.833409194355939950e-02 0.000000000000000000e+00
5.450000000000000000e+03 2.179964688408373430e-01 4.388939462903960198e-01 3.464952207555757613e-01 1.851388256713700498e-01 2.947200728265816916e-02 0.000000000000000000e+00
5.475000000000000000e+03 2.189964526428596070e-01 4.369594902139281034e-01 3.466090122894856518e-01 1.857077833409194467e-01 3.072371415566681890e-02 0.000000000000000000e+00
5.500000000000000000e+03 2.199964364448818710e-01 4.421939007737824556e-01 3.421711424670004775e-01 1.851388256713700498e-01 3.049613108784706567e-02 0.000000000000000000e+00
5.525000000000000000e+03 2.209964202469039130e-01 4.426490669094219621e-01 3.410332271279016836e-01 1.841147018661811463e-01 3.220300409649522189e-02 0.000000000000000000e+00
5.550000000000000000e+03 2.219964040489261770e-01 4.387801547564861293e-01 3.468365953573054328e-01 1.818388711879836139e-01 3.254437869822485174e-02 0.000000000000000000e+00
5.575000000000000000e+03 2.229963878509484410e-01 4.404870277651342647e-01 3.462676376877560358e-01 1.830905780609922706e-01 3.015475648611743234e-02 0.000000000000000000e+00
5.600000000000000000e+03 2.239963716529704829e-01 4.376422394173873354e-01 3.447883477469276259e-01 1.850250341374601593e-01 3.254437869822485174e-02 0.000000000000000000e+00
5.625000000000000000e+03 2.249963554549927469e-01 4.403732362312243742e-01 3.434228493400091065e-01 1.859353664087392000e-01 3.026854802002730896e-02 0.000000000000000000e+00
5.650000000000000000e+03 2.259963392570150109e-01 4.444697314519799880e-01 3.413746017296312996e-01 1.825216203914428736e-01 3.163404642694583185e-02 0.000000000000000000e+00
5.675000000000000000e+03 2.269963230590370529e-01 4.484524351388256558e-01 3.408056440600819026e-01 1.760355029585798925e-01 3.470641784251251444e-02 0.000000000000000000e+00
