# itime ezz other fcc hcp bcc ico
0.000000000000000000e+00 0.000000000000000000e+00 5.689576695493854790e-04 9.994310423304506585e-01 0.000000000000000000e+00 0.000000000000000000e+00 0.000000000000000000e+00
2.500000000000000000e+02 9.999967169858958727e-03 1.251706873008648227e-03 9.987482931269913156e-01 0.000000000000000000e+00 0.000000000000000000e+00 0.000000000000000000e+00
5.000000000000000000e+02 1.999993433971791745e-02 1.024123805188893906e-03 9.989758761948110966e-01 0.000000000000000000e+00 0.000000000000000000e+00 0.000000000000000000e+00
7.500000000000000000e+02 2.999990150957687618e-02 4.551661356395083832e-03 9.954483386436049352e-01 0.000000000000000000e+00 0.000000000000000000e+00 0.000000000000000000e+00
1.000000000000000000e+03 3.999986867943583491e-02 7.282658170232134826e-03 9.926035502958580059e-01 0.000000000000000000e+00 1.137915339098771066e-04 0.000000000000000000e+00
1.250000000000000000e+03 4.999983584929479363e-02 1.399635867091488309e-02 9.849795175238962308e-01 0.000000000000000000e+00 1.024123805188893906e-03 0.000000000000000000e+00
1.500000000000000000e+03 5.999980301915375236e-02 2.105143377332726468e-02 9.773554847519344557e-01 0.000000000000000000e+00 1.593081474738279385e-03 0.000000000000000000e+00
1.750000000000000000e+03 6.999977018901248904e-02 5.939918070095585173e-02 9.357077833409194190e-01 0.000000000000000000e+00 4.893035958124715423e-03 0.000000000000000000e+00
2.000000000000000000e+03 7.999973735887144777e-02 1.114019116977696816e-01 8.739189804278562068e-01 0.000000000000000000e+00 1.467910787437414627e-02 0.000000000000000000e+00
2.250000000000000000e+03 8.999970452873040649e-02 2.402139280837505553e-01 6.808147473827946827e-01 9.103322712790168532e-04 7.806099226217569353e-02 0.000000000000000000e+00
2.500000000000000000e+03 9.999967169858936522e-02 3.453573054164770229e-01 3.751706873008648357e-01 1.502048247610377786e-02 2.644515248065543722e-01 0.000000000000000000e+00
2.750000000000000000e+03 1.099996388684483239e-01 3.761948111060536837e-01 2.030040964952207483e-01 4.335457441966317910e-02 3.774465179790623681e-01 0.000000000000000000e+00
3.000000000000000000e+03 1.199996060383072827e-01 3.925807919890760278e-01 1.106053709604005453e-01 8.363677742375967561e-02 4.131770596267637652e-01 0.000000000000000000e+00
3.250000000000000000e+03 1.299995732081662414e-01 4.288802913063268218e-01 7.897132453345470648e-02 1.066226672735548497e-01 3.855257168866636497e-01 0.000000000000000000e+00
3.500000000000000000e+03 1.399995403780252001e-01 4.551661356395084179e-01 5.905780609922621494e-02 1.319981793354574329e-01 3.537778789258079204e-01 0.000000000000000000e+00
3.750000000000000000e+03 1.499995075478841589e-01 5.121756941283568398e-01 4.233045061447428259e-02 1.444014565316340537e-01 3.010923987255348377e-01 0.000000000000000000e+00
4.000000000000000000e+03 1.599994747177431176e-01 5.501820664542558248e-01 3.482020937642239106e-02 1.583978152025489194e-01 2.565999089667728716e-01 0.000000000000000000e+00
4.250000000000000000e+03 1.699994418876020763e-01 5.614474283113336517e-01 4.494765589440145870e-02 2.201866181156121871e-01 1.734182976786527164e-01 0.000000000000000000e+00
4.500000000000000000e+03 1.799994090574610350e-01 5.829540282203004020e-01 5.712335002275830548e-02 2.444242148384160318e-01 1.154984069185252676e-01 0.000000000000000000e+00
4.750000000000000000e+03 1.899993762273199938e-01 5.812471552116522666e-01 6.565771506599908658e-02 2.626308602639963463e-01 9.046426945835230049e-02 0.000000000000000000e+00
5.000000000000000000e+03 1.999993433971789525e-01 5.913746017296312996e-01 7.089212562585343880e-02 2.726445152480655443e-01 6.508875739644970349e-02 0.000000000000000000e+00
5.250000000000000000e+03 2.099993105670376892e-01 6.009330905780609910e-01 6.360946745562130744e-02 2.837960855712334807e-01 5.166135639508420696e-02 0.000000000000000000e+00
5.500000000000000000e+03 2.199992777368966479e-01 6.071916249431041912e-01 6.816112881201638607e-02 2.801547564861174289e-01 4.449248975876194528e-02 0.000000000000000000e+00
5.750000000000000000e+03 2.299992449067556066e-01 6.272189349112425871e-01 7.111970869367319203e-02 2.647928994082840437e-01 3.686845698680018407e-02 0.000000000000000000e+00
6.000000000000000000e+03 2.399992120766145653e-01 6.326809285389166648e-01 7.988165680473373331e-02 2.564861174328629811e-01 3.095129722348657214e-02 0.000000000000000000e+00
6.250000000000000000e+03 2.499991792464735241e-01 6.318843878015475424e-01 9.000910332271279402e-02 2.536413290851160518e-01 2.446517979062357712e-02 0.000000000000000000e+00
6.500000000000000000e+03 2.599991464163324828e-01 6.268775603095130267e-01 9.695038689121529552e-02 2.523896222121074229e-01 2.378243058716431393e-02 0.000000000000000000e+00
6.750000000000000000e+03 2.699991135861914415e-01 6.395084205735093175e-01 1.036640873918980438e-01 2.360036413290851065e-01 2.082385070550751144e-02 0.000000000000000000e+00
7.000000000000000000e+03 2.799990807560504003e-01 6.469048702776513116e-01 1.078743741465634925e-01 2.286071916249431124e-01 1.638598088302230249e-02 2.275830678197542133e-04
7.250000000000000000e+03 2.899990479259093590e-01 6.636322257624033272e-01 1.087847064178425194e-01 2.074419663177059503e-01 1.991351843422849502e-02 2.275830678197542133e-04
7.500000000000000000e+03 2.999990150957683177e-01 6.717114246700045532e-01 1.094674556213017791e-01 1.984524351388256835e-01 2.025489303595812488e-02 1.137915339098771066e-04
7.750000000000000000e+03 3.099989822656272764e-01 6.849112426035502965e-01 1.044606281292671801e-01 1.882111970869367323e-01 2.207555757851615771e-02 3.413746017296313199e-04
8.000000000000000000e+03 3.199989494354862352e-01 7.102867546654528796e-01 9.171597633136094330e-02 1.720527992717341692e-01 2.560309512972235024e-02 3.413746017296313199e-04
8.250000000000000000e+03 3.299989166053451939e-01 7.286071916249431402e-01 8.557123350022757813e-02 1.664770141101502010e-01 1.923076923076923184e-02 1.137915339098771066e-04
8.500000000000000000e+03 3.399988837752039306e-01 7.381656804733728316e-01 8.045061447428311641e-02 1.598771051433773294e-01 2.139280837505689453e-02 1.137915339098771066e-04
8.750000000000000000e+03 3.499988509450628893e-01 7.664997724169322346e-01 7.430587164314975124e-02 1.405325443786982209e-01 1.854802002730996865e-02 1.137915339098771066e-04
9.000000000000000000e+03 3.599988181149218480e-01 7.744651797906235702e-01 7.282658170232134132e-02 1.322257624032771861e-01 2.002730996813837164e-02 4.551661356395084266e-04
9.250000000000000000e+03 3.699987852847808067e-01 7.996131087847063723e-01 6.167501137915339104e-02 1.182294037323623065e-01 2.036868456986800149e-02 1.137915339098771066e-04
9.500000000000000000e+03 3.799987524546397655e-01 8.196404187528447682e-01 6.019572143832498806e-02 1.050295857988165632e-01 1.502048247610377786e-02 1.137915339098771066e-04
9.750000000000000000e+03 3.899987196244987242e-01 8.332954028220300735e-01 5.370960400546199304e-02 9.831588529813381494e-02 1.456531634046426965e-02 1.137915339098771066e-04
1.000000000000000000e+04 3.999986867943576829e-01 8.471779699590350488e-01 4.836140191169777114e-02 9.057806099226217711e-02 1.342740100136549826e-02 4.551661356395084266e-04
1.025000000000000000e+04 4.099986539642166417e-01 8.569640418752845212e-01 4.494765589440145870e-02 8.420573509330905870e-02 1.376877560309512985e-02 1.137915339098771066e-04
1.050000000000000000e+04 4.199986211340756004e-01 8.694811106053709215e-01 4.278561675011378906e-02 7.510241238051888757e-02 1.263086026399635846e-02 0.000000000000000000e+00
1.075000000000000000e+04 4.299985883039345591e-01 8.800637232589895165e-01 3.607191624943104080e-02 7.168866636322257513e-02 1.183431952662721866e-02 3.413746017296313199e-04
1.100000000000000000e+04 4.399985554737935178e-01 8.860946745562130467e-01 3.083750568957669552e-02 7.032316795630405570e-02 1.228948566226672687e-02 4.551661356395084266e-04
1.125000000000000000e+04 4.499985226436524766e-01 8.979289940828402150e-01 2.958579881656804578e-02 6.201638598088302090e-02 1.024123805188893906e-02 2.275830678197542133e-04
1.150000000000000000e+04 4.599984898135114353e-01 9.065771506599908935e-01 2.583067819754210348e-02 5.655439235320892238e-02 1.058261265361857065e-02 4.551661356395084266e-04
1.175000000000000000e+04 4.699984569833701720e-01 9.074874829312699065e-01 2.730996813837050646e-02 5.439235320892125969e-02 1.001365498406918582e-02 7.965407373691396923e-04
1.200000000000000000e+04 4.799984241532291307e-01 9.197769685935366368e-01 2.264451524806554428e-02 4.710969503868912139e-02 1.001365498406918582e-02 4.551661356395084266e-04
1.225000000000000000e+04 4.899983913230880894e-01 9.287664997724169869e-01 2.287209831588529751e-02 4.073736913973600299e-02 6.941283568502503235e-03 6.827492034592626399e-04
1.250000000000000000e+04 4.999983584929470481e-01 9.293354574419663283e-01 2.139280837505689453e-02 4.210286754665452935e-02 6.941283568502503235e-03 2.275830678197542133e-04
1.275000000000000000e+04 5.099983256628060069e-01 9.336595357305416121e-01 2.127901684114701791e-02 3.846153846153846367e-02 5.917159763313609329e-03 6.827492034592626399e-04
1.300000000000000000e+04 5.199982928326649656e-01 9.368456986800182129e-01 2.287209831588529751e-02 3.425125170687300796e-02 5.348202093764223633e-03 6.827492034592626399e-04
1.325000000000000000e+04 5.299982600025239243e-01 9.396904870277651423e-01 2.082385070550751144e-02 3.140646335912607862e-02 7.624032771961766417e-03 4.551661356395084266e-04
1.350000000000000000e+04 5.399982271723828831e-01 9.482248520710059303e-01 2.059626763768775473e-02 2.719617660446062984e-02 3.186162949476558769e-03 7.965407373691396923e-04
1.375000000000000000e+04 5.499981943422418418e-01 9.509558488848429691e-01 2.002730996813837164e-02 2.526172052799271692e-02 3.299954483386436255e-03 4.551661356395084266e-04
1.400000000000000000e+04 5.599981615121008005e-01 9.563040509786071564e-01 1.672735548475193582e-02 2.173418297678652786e-02 4.437869822485207214e-03 7.965407373691396923e-04
1.425000000000000000e+04 5.699981286819597592e-01 9.588074647246245252e-01 1.615839781520254925e-02 1.843422849340009204e-02 5.689576695493855224e-03 9.103322712790168532e-04
1.450000000000000000e+04 5.799980958518187180e-01 9.619936276741010150e-01 1.445152480655439303e-02 1.809285389167045871e-02 3.641329085116067413e-03 1.820664542558033706e-03
1.475000000000000000e+04 5.899980630216776767e-01 9.649522075557578349e-01 1.274465179790623508e-02 1.809285389167045871e-02 3.299954483386436255e-03 9.103322712790168532e-04
1.500000000000000000e+04 5.999980301915366354e-01 9.631315430131998090e-01 1.274465179790623508e-02 1.866181156121984527e-02 4.210286754665453109e-03 1.251706873008648227e-03
1.525000000000000000e+04 6.099979973613953721e-01 9.659763313609467383e-01 1.354119253527537488e-02 1.672735548475193582e-02 2.503413746017296455e-03 1.251706873008648227e-03
1.550000000000000000e+04 6.199979645312543308e-01 9.696176604460627901e-01 1.251706873008648184e-02 1.467910787437414627e-02 2.162039144287664864e-03 1.024123805188893906e-03
1.575000000000000000e+04 6.299979317011132895e-01 9.680245789713245452e-01 1.331360946745562164e-02 1.297223486572599005e-02 3.186162949476558769e-03 2.503413746017296455e-03
1.600000000000000000e+04 6.399978988709722483e-01 9.729176149294492815e-01 1.126536185707783383e-02 1.194811106053709528e-02 2.503413746017296455e-03 1.365498406918525280e-03
1.625000000000000000e+04 6.499978660408312070e-01 9.726900318616295005e-01 1.012744651797906244e-02 1.183431952662721866e-02 3.072371415566681717e-03 2.275830678197541916e-03
1.650000000000000000e+04 6.599978332106901657e-01 9.775830678197542367e-01 8.989531178880291046e-03 9.672280382339554228e-03 2.275830678197541916e-03 1.479289940828402332e-03
1.675000000000000000e+04 6.699978003805491245e-01 9.828174783796085334e-01 8.875739644970414427e-03 6.030951297223486815e-03 9.103322712790168532e-04 1.365498406918525280e-03
1.700000000000000000e+04 6.799977675504080832e-01 9.815657715065999600e-01 8.306781975421027864e-03 7.282658170232134826e-03 1.479289940828402332e-03 1.365498406918525280e-03
1.725000000000000000e+04 6.899977347202670419e-01 9.849795175238962308e-01 6.827492034592626616e-03 4.779244424214838804e-03 1.820664542558033706e-03 1.593081474738279385e-03
1.750000000000000000e+04 6.999977018901260006e-01 9.841829767865271084e-01 6.713700500682749130e-03 7.396449704142011444e-03 9.103322712790168532e-04 7.965407373691396923e-04
1.775000000000000000e+04 7.099976690599849594e-01 9.863450159308146947e-01 5.575785161583977738e-03 4.893035958124715423e-03 9.103322712790168532e-04 2.275830678197541916e-03
1.800000000000000000e+04 7.199976362298439181e-01 9.853208921256259023e-01 5.689576695493855224e-03 5.234410559854347014e-03 1.365498406918525280e-03 2.389622212107419402e-03
1.825000000000000000e+04 7.299976033997028768e-01 9.885070550751023921e-01 3.755120619025944465e-03 4.210286754665453109e-03 7.965407373691396923e-04 2.730996813837050560e-03
1.850000000000000000e+04 7.399975705695616135e-01 9.889622212107419541e-01 3.641329085116067413e-03 4.779244424214838804e-03 7.965407373691396923e-04 1.820664542558033706e-03
1.875000000000000000e+04 7.499975377394205722e-01 9.905553026854801990e-01 3.413746017296313308e-03 2.844788347746927612e-03 4.551661356395084266e-04 2.730996813837050560e-03
1.900000000000000000e+04 7.599975049092795309e-01 9.913518434228493215e-01 3.527537551206190360e-03 2.958579881656804664e-03 3.413746017296313199e-04 1.820664542558033706e-03
1.925000000000000000e+04 7.699974720791384897e-01 9.923759672280382249e-01 3.072371415566681717e-03 2.844788347746927612e-03 4.551661356395084266e-04 1.251706873008648227e-03
1.950000000000000000e+04 7.799974392489974484e-01 9.927173418297678964e-01 2.730996813837050560e-03 2.617205279927173507e-03 2.275830678197542133e-04 1.706873008648156654e-03
1.975000000000000000e+04 7.899974064188564071e-01 9.897587619481110766e-01 2.844788347746927612e-03 2.958579881656804664e-03 1.137915339098770958e-03 3.299954483386436255e-03
2.000000000000000000e+04 7.999973735887153659e-01 9.926035502958580059e-01 2.503413746017296455e-03 1.934456076467910759e-03 6.827492034592626399e-04 2.275830678197541916e-03
2.025000000000000000e+04 8.099973407585743246e-01 9.923759672280382249e-01 2.730996813837050560e-03 1.934456076467910759e-03 7.965407373691396923e-04 2.162039144287664864e-03
2.050000000000000000e+04 8.199973079284332833e-01 9.928311333636777869e-01 2.048247610377787811e-03 2.389622212107419402e-03 7.965407373691396923e-04 1.934456076467910759e-03
2.075000000000000000e+04 8.299972750982922420e-01 9.934000910332271284e-01 1.820664542558033706e-03 2.275830678197541916e-03 1.137915339098771066e-04 2.389622212107419402e-03
2.100000000000000000e+04 8.399972422681512008e-01 9.922621756941283344e-01 2.503413746017296455e-03 2.162039144287664864e-03 4.551661356395084266e-04 2.617205279927173507e-03
2.125000000000000000e+04 8.499972094380101595e-01 9.937414656349567998e-01 1.820664542558033706e-03 1.365498406918525280e-03 6.827492034592626399e-04 2.389622212107419402e-03
2.150000000000000000e+04 8.599971766078691182e-01 9.948793809740554828e-01 1.024123805188893906e-03 1.593081474738279385e-03 5.689576695493854790e-04 1.934456076467910759e-03
2.175000000000000000e+04 8.699971437777278549e-01 9.952207555757851543e-01 1.593081474738279385e-03 6.827492034592626399e-04 5.689576695493854790e-04 1.934456076467910759e-03
2.200000000000000000e+04 8.799971109475868136e-01 9.938552571688666903e-01 9.103322712790168532e-04 2.389622212107419402e-03 1.137915339098771066e-04 2.730996813837050560e-03
2.225000000000000000e+04 8.899970781174457723e-01 9.959035047792443862e-01 3.413746017296313199e-04 1.479289940828402332e-03 3.413746017296313199e-04 1.934456076467910759e-03
2.250000000000000000e+04 8.999970452873047311e-01 9.945380063723259223e-01 6.827492034592626399e-04 1.934456076467910759e-03 5.689576695493854790e-04 2.275830678197541916e-03
2.275000000000000000e+04 9.099970124571636898e-01 9.965862539827037292e-01 3.413746017296313199e-04 6.827492034592626399e-04 2.275830678197542133e-04 2.162039144287664864e-03
2.300000000000000000e+04 9.199969796270226485e-01 9.973827947200728516e-01 3.413746017296313199e-04 6.827492034592626399e-04 4.551661356395084266e-04 1.137915339098770958e-03
2.325000000000000000e+04 9.299969467968816073e-01 9.962448793809740577e-01 1.137915339098771066e-04 9.103322712790168532e-04 2.275830678197542133e-04 2.503413746017296455e-03
2.350000000000000000e+04 9.399969139667405660e-01 9.960172963131542767e-01 1.137915339098771066e-04 5.689576695493854790e-04 3.413746017296313199e-04 2.958579881656804664e-03
2.375000000000000000e+04 9.499968811365995247e-01 9.953345471096950448e-01 3.413746017296313199e-04 4.551661356395084266e-04 2.275830678197542133e-04 3.641329085116067413e-03
2.400000000000000000e+04 9.599968483064584834e-01 9.976103777878926326e-01 2.275830678197542133e-04 1.137915339098771066e-04 3.413746017296313199e-04 1.706873008648156654e-03
2.425000000000000000e+04 9.699968154763174422e-01 9.968138370505233992e-01 3.413746017296313199e-04 4.551661356395084266e-04 3.413746017296313199e-04 2.048247610377787811e-03
2.450000000000000000e+04 9.799967826461764009e-01 9.965862539827037292e-01 1.137915339098771066e-04 6.827492034592626399e-04 2.275830678197542133e-04 2.389622212107419402e-03
2.475000000000000000e+04 9.899967498160353596e-01 9.954483386436049352e-01 4.551661356395084266e-04 5.689576695493854790e-04 4.551661356395084266e-04 3.072371415566681717e-03
2.500000000000000000e+04 9.999967169858943183e-01 9.961310878470641672e-01 4.551661356395084266e-04 6.827492034592626399e-04 3.413746017296313199e-04 2.389622212107419402e-03
