# itime ezz other fcc hcp bcc ico
0.000000000000000000e+00 0.000000000000000000e+00 6.827492034592626399e-04 9.993172507965407680e-01 0.000000000000000000e+00 0.000000000000000000e+00 0.000000000000000000e+00
2.500000000000000000e+01 1.000038942841285916e-03 7.965407373691396923e-04 9.992034592626308775e-01 0.000000000000000000e+00 0.000000000000000000e+00 0.000000000000000000e+00
5.000000000000000000e+01 2.000077885682571832e-03 1.365498406918525280e-03 9.986345015930814251e-01 0.000000000000000000e+00 0.000000000000000000e+00 0.000000000000000000e+00
7.500000000000000000e+01 3.000116828523857748e-03 1.137915339098771066e-04 9.998862084660901095e-01 0.000000000000000000e+00 0.000000000000000000e+00 0.000000000000000000e+00
1.000000000000000000e+02 4.000155771365143664e-03 1.479289940828402332e-03 9.985207100591716456e-01 0.000000000000000000e+00 0.000000000000000000e+00 0.000000000000000000e+00
1.250000000000000000e+02 5.000194714206429580e-03 1.251706873008648227e-03 9.987482931269913156e-01 0.000000000000000000e+00 0.000000000000000000e+00 0.000000000000000000e+00
1.500000000000000000e+02 6.000233657047715496e-03 5.689576695493854790e-04 9.994310423304506585e-01 0.000000000000000000e+00 0.000000000000000000e+00 0.000000000000000000e+00
1.750000000000000000e+02 7.000272599889001413e-03 2.275830678197542133e-04 9.997724169321802190e-01 0.000000000000000000e+00 0.000000000000000000e+00 0.000000000000000000e+00
2.000000000000000000e+02 8.000311542730287329e-03 1.706873008648156654e-03 9.982931269913518646e-01 0.000000000000000000e+00 0.000000000000000000e+00 0.000000000000000000e+00
2.250000000000000000e+02 9.000350485571573245e-03 1.593081474738279385e-03 9.984069185252617551e-01 0.000000000000000000e+00 0.000000000000000000e+00 0.000000000000000000e+00
2.500000000000000000e+02 1.000038942841285916e-02 6.827492034592626399e-04 9.993172507965407680e-01 0.000000000000000000e+00 0.000000000000000000e+00 0.000000000000000000e+00
2.750000000000000000e+02 1.100042837125392303e-02 1.706873008648156654e-03 9.982931269913518646e-01 0.000000000000000000e+00 0.000000000000000000e+00 0.000000000000000000e+00
3.000000000000000000e+02 1.200046731409520895e-02 2.275830678197542133e-04 9.997724169321802190e-01 0.000000000000000000e+00 0.000000000000000000e+00 0.000000000000000000e+00
3.250000000000000000e+02 1.300050625693649486e-02 1.137915339098770958e-03 9.988620846609012061e-01 0.000000000000000000e+00 0.000000000000000000e+00 0.000000000000000000e+00
3.500000000000000000e+02 1.400054519977778078e-02 2.048247610377787811e-03 9.979517523896221931e-01 0.000000000000000000e+00 0.000000000000000000e+00 0.000000000000000000e+00
3.750000000000000000e+02 1.500058414261906670e-02 2.389622212107419402e-03 9.974965862539827421e-01 0.000000000000000000e+00 1.137915339098771066e-04 0.000000000000000000e+00
4.000000000000000000e+02 1.600062308546035261e-02 1.137915339098770958e-03 9.988620846609012061e-01 0.000000000000000000e+00 0.000000000000000000e+00 0.000000000000000000e+00
4.250000000000000000e+02 1.700066202830163853e-02 3.413746017296313308e-03 9.965862539827037292e-01 0.000000000000000000e+00 0.000000000000000000e+00 0.000000000000000000e+00
4.500000000000000000e+02 1.800070097114292444e-02 1.934456076467910759e-03 9.980655439235320836e-01 0.000000000000000000e+00 0.000000000000000000e+00 0.000000000000000000e+00
4.750000000000000000e+02 1.900073991398421036e-02 3.299954483386436255e-03 9.967000455166135087e-01 0.000000000000000000e+00 0.000000000000000000e+00 0.000000000000000000e+00
5.000000000000000000e+02 2.000077885682549628e-02 1.137915339098770958e-03 9.987482931269913156e-01 0.000000000000000000e+00 1.137915339098771066e-04 0.000000000000000000e+00
5.250000000000000000e+02 2.100081779966678219e-02 2.730996813837050560e-03 9.972690031861629611e-01 0.000000000000000000e+00 0.000000000000000000e+00 0.000000000000000000e+00
5.500000000000000000e+02 2.200085674250806811e-02 3.755120619025944465e-03 9.962448793809740577e-01 0.000000000000000000e+00 0.000000000000000000e+00 0.000000000000000000e+00
5.750000000000000000e+02 2.300089568534935403e-02 1.706873008648156654e-03 9.982931269913518646e-01 0.000000000000000000e+00 0.000000000000000000e+00 0.000000000000000000e+00
6.000000000000000000e+02 2.400093462819063994e-02 2.503413746017296455e-03 9.973827947200728516e-01 0.000000000000000000e+00 1.137915339098771066e-04 0.000000000000000000e+00
6.250000000000000000e+02 2.500097357103192586e-02 1.024123805188893906e-03 9.989758761948110966e-01 0.000000000000000000e+00 0.000000000000000000e+00 0.000000000000000000e+00
6.500000000000000000e+02 2.600101251387321177e-02 1.820664542558033706e-03 9.981793354574419741e-01 0.000000000000000000e+00 0.000000000000000000e+00 0.000000000000000000e+00
6.750000000000000000e+02 2.700105145671449769e-02 1.820664542558033706e-03 9.980655439235320836e-01 0.000000000000000000e+00 1.137915339098771066e-04 0.000000000000000000e+00
7.000000000000000000e+02 2.800109039955578361e-02 4.437869822485207214e-03 9.955621301775148257e-01 0.000000000000000000e+00 0.000000000000000000e+00 0.000000000000000000e+00
7.250000000000000000e+02 2.900112934239706952e-02 5.575785161583977738e-03 9.944242148384160318e-01 0.000000000000000000e+00 0.000000000000000000e+00 0.000000000000000000e+00
7.500000000000000000e+02 3.000116828523835544e-02 5.575785161583977738e-03 9.943104233045061413e-01 0.000000000000000000e+00 1.137915339098771066e-04 0.000000000000000000e+00
7.750000000000000000e+02 3.100120722807941931e-02 4.551661356395083832e-03 9.953345471096950448e-01 0.000000000000000000e+00 1.137915339098771066e-04 0.000000000000000000e+00
8.000000000000000000e+02 3.200124617092070523e-02 4.324078288575329727e-03 9.955621301775148257e-01 0.000000000000000000e+00 1.137915339098771066e-04 0.000000000000000000e+00
8.250000000000000000e+02 3.300128511376199114e-02 3.641329085116067413e-03 9.962448793809740577e-01 0.000000000000000000e+00 1.137915339098771066e-04 0.000000000000000000e+00
8.500000000000000000e+02 3.400132405660327706e-02 6.030951297223486815e-03 9.937414656349567998e-01 0.000000000000000000e+00 2.275830678197542133e-04 0.000000000000000000e+00
8.750000000000000000e+02 3.500136299944456297e-02 5.689576695493855224e-03 9.940828402366863603e-01 0.000000000000000000e+00 2.275830678197542133e-04 0.000000000000000000e+00
9.000000000000000000e+02 3.600140194228584889e-02 6.144742831133363434e-03 9.938552571688666903e-01 0.000000000000000000e+00 0.000000000000000000e+00 0.000000000000000000e+00
9.250000000000000000e+02 3.700144088512713481e-02 5.689576695493855224e-03 9.940828402366863603e-01 0.000000000000000000e+00 2.275830678197542133e-04 0.000000000000000000e+00
9.500000000000000000e+02 3.800147982796842072e-02 5.234410559854347014e-03 9.944242148384160318e-01 0.000000000000000000e+00 3.413746017296313199e-04 0.000000000000000000e+00
9.750000000000000000e+02 3.900151877080970664e-02 6.258534365043240920e-03 9.934000910332271284e-01 0.000000000000000000e+00 3.413746017296313199e-04 0.000000000000000000e+00
1.000000000000000000e+03 4.000155771365099255e-02 5.689576695493855224e-03 9.940828402366863603e-01 0.000000000000000000e+00 2.275830678197542133e-04 0.000000000000000000e+00
1.025000000000000000e+03 4.100159665649227847e-02 6.030951297223486815e-03 9.934000910332271284e-01 0.000000000000000000e+00 5.689576695493854790e-04 0.000000000000000000e+00
1.050000000000000000e+03 4.200163559933356439e-02 7.055075102412380721e-03 9.927173418297678964e-01 0.000000000000000000e+00 2.275830678197542133e-04 0.000000000000000000e+00
1.075000000000000000e+03 4.300167454217485030e-02 7.396449704142011444e-03 9.926035502958580059e-01 0.000000000000000000e+00 0.000000000000000000e+00 0.000000000000000000e+00
1.100000000000000000e+03 4.400171348501613622e-02 8.192990441511151245e-03 9.912380518889394310e-01 0.000000000000000000e+00 5.689576695493854790e-04 0.000000000000000000e+00
1.125000000000000000e+03 4.500175242785742213e-02 7.965407373691398007e-03 9.920345926263085534e-01 0.000000000000000000e+00 0.000000000000000000e+00 0.000000000000000000e+00
1.150000000000000000e+03 4.600179137069870805e-02 8.875739644970414427e-03 9.908966772872098705e-01 0.000000000000000000e+00 2.275830678197542133e-04 0.000000000000000000e+00
1.175000000000000000e+03 4.700183031353999397e-02 1.092398725534820224e-02 9.887346381429221731e-01 0.000000000000000000e+00 3.413746017296313199e-04 0.000000000000000000e+00
1.200000000000000000e+03 4.800186925638127988e-02 9.899863450159307465e-03 9.897587619481110766e-01 0.000000000000000000e+00 3.413746017296313199e-04 0.000000000000000000e+00
1.225000000000000000e+03 4.900190819922256580e-02 1.319981793354574502e-02 9.865725989986344757e-01 0.000000000000000000e+00 2.275830678197542133e-04 0.000000000000000000e+00
1.250000000000000000e+03 5.000194714206385171e-02 1.593081474738279601e-02 9.830450614474283144e-01 0.000000000000000000e+00 1.024123805188893906e-03 0.000000000000000000e+00
1.275000000000000000e+03 5.100198608490491559e-02 1.672735548475193582e-02 9.830450614474283144e-01 0.000000000000000000e+00 2.275830678197542133e-04 0.000000000000000000e+00
1.300000000000000000e+03 5.200202502774620150e-02 1.718252162039144229e-02 9.820209376422394110e-01 0.000000000000000000e+00 7.965407373691396923e-04 0.000000000000000000e+00
1.325000000000000000e+03 5.300206397058748742e-02 1.706873008648156567e-02 9.821347291761493015e-01 0.000000000000000000e+00 7.965407373691396923e-04 0.000000000000000000e+00
1.350000000000000000e+03 5.400210291342877333e-02 1.923076923076923184e-02 9.800864815657714946e-01 0.000000000000000000e+00 6.827492034592626399e-04 0.000000000000000000e+00
1.375000000000000000e+03 5.500214185627005925e-02 1.456531634046426965e-02 9.852071005917160118e-01 0.000000000000000000e+00 2.275830678197542133e-04 0.000000000000000000e+00
1.400000000000000000e+03 5.600218079911134517e-02 1.285844333181611343e-02 9.857760582612653533e-01 0.000000000000000000e+00 1.365498406918525280e-03 0.000000000000000000e+00
1.425000000000000000e+03 5.700221974195263108e-02 2.071005917159763482e-02 9.786071916249431402e-01 0.000000000000000000e+00 6.827492034592626399e-04 0.000000000000000000e+00
1.450000000000000000e+03 5.800225868479391700e-02 2.093764223941738806e-02 9.774692762858443462e-01 0.000000000000000000e+00 1.593081474738279385e-03 0.000000000000000000e+00
1.475000000000000000e+03 5.900229762763520291e-02 2.799271734182976618e-02 9.709831588529813651e-01 0.000000000000000000e+00 1.024123805188893906e-03 0.000000000000000000e+00
1.500000000000000000e+03 6.000233657047648883e-02 2.389622212107419055e-02 9.754210286754665393e-01 0.000000000000000000e+00 6.827492034592626399e-04 0.000000000000000000e+00
1.525000000000000000e+03 6.100237551331777475e-02 2.560309512972235024e-02 9.724624487938097195e-01 0.000000000000000000e+00 1.934456076467910759e-03 0.000000000000000000e+00
1.550000000000000000e+03 6.200241445615906066e-02 2.844788347746927612e-02 9.700728265817023521e-01 0.000000000000000000e+00 1.479289940828402332e-03 0.000000000000000000e+00
1.575000000000000000e+03 6.300245339900034658e-02 2.628584433318160996e-02 9.720072826581702685e-01 0.000000000000000000e+00 1.706873008648156654e-03 0.000000000000000000e+00
1.600000000000000000e+03 6.400249234184163249e-02 3.561675011379153433e-02 9.630177514792899185e-01 0.000000000000000000e+00 1.365498406918525280e-03 0.000000000000000000e+00
1.625000000000000000e+03 6.500253128468291841e-02 3.299954483386435822e-02 9.658625398270368478e-01 0.000000000000000000e+00 1.137915339098770958e-03 0.000000000000000000e+00
1.650000000000000000e+03 6.600257022752420433e-02 3.561675011379153433e-02 9.627901684114701375e-01 0.000000000000000000e+00 1.593081474738279385e-03 0.000000000000000000e+00
1.675000000000000000e+03 6.700260917036549024e-02 4.039599453800637313e-02 9.561902594446972659e-01 0.000000000000000000e+00 3.413746017296313308e-03 0.000000000000000000e+00
1.700000000000000000e+03 6.800264811320677616e-02 3.686845698680018407e-02 9.616522530723714546e-01 0.000000000000000000e+00 1.479289940828402332e-03 0.000000000000000000e+00
1.725000000000000000e+03 6.900268705604806208e-02 3.971324533454710648e-02 9.574419663177059503e-01 0.000000000000000000e+00 2.844788347746927612e-03 0.000000000000000000e+00
1.750000000000000000e+03 7.000272599888934799e-02 4.745106964041875125e-02 9.493627674101047242e-01 0.000000000000000000e+00 3.186162949476558769e-03 0.000000000000000000e+00
1.775000000000000000e+03 7.100276494173041186e-02 5.621301775147929253e-02 9.402594446973144837e-01 0.000000000000000000e+00 3.527537551206190360e-03 0.000000000000000000e+00
1.800000000000000000e+03 7.200280388457169778e-02 5.791989076012744875e-02 9.377560309512972259e-01 0.000000000000000000e+00 4.324078288575329727e-03 0.000000000000000000e+00
1.825000000000000000e+03 7.300284282741298370e-02 5.598543468365953235e-02 9.400318616294948137e-01 0.000000000000000000e+00 3.982703686845699004e-03 0.000000000000000000e+00
1.850000000000000000e+03 7.400288177025426961e-02 5.860263996358670846e-02 9.369594902139281034e-01 0.000000000000000000e+00 4.437869822485207214e-03 0.000000000000000000e+00
1.875000000000000000e+03 7.500292071309555553e-02 6.042330450614474130e-02 9.350250341374601870e-01 0.000000000000000000e+00 4.551661356395083832e-03 0.000000000000000000e+00
1.900000000000000000e+03 7.600295965593684144e-02 6.497496586253982687e-02 9.308147473827946827e-01 0.000000000000000000e+00 4.210286754665453109e-03 0.000000000000000000e+00
1.925000000000000000e+03 7.700299859877812736e-02 7.954028220300408958e-02 9.138598088302229971e-01 0.000000000000000000e+00 6.599908966772872511e-03 0.000000000000000000e+00
1.950000000000000000e+03 7.800303754161941328e-02 7.885753299954482987e-02 9.145425580336823401e-01 0.000000000000000000e+00 6.599908966772872511e-03 0.000000000000000000e+00
1.975000000000000000e+03 7.900307648446069919e-02 7.919890760127445972e-02 9.156804733727810230e-01 0.000000000000000000e+00 5.120619025944469528e-03 0.000000000000000000e+00
2.000000000000000000e+03 8.000311542730198511e-02 9.308147473827947660e-02 8.991807009558488994e-01 0.000000000000000000e+00 7.737824305871643035e-03 0.000000000000000000e+00
2.025000000000000000e+03 8.100315437014327102e-02 9.626763768775603580e-02 8.948566226672735047e-01 0.000000000000000000e+00 8.875739644970414427e-03 0.000000000000000000e+00
2.050000000000000000e+03 8.200319331298455694e-02 1.059399180700955900e-01 8.837050523441055683e-01 0.000000000000000000e+00 1.035502958579881741e-02 0.000000000000000000e+00
2.075000000000000000e+03 8.300323225582584286e-02 1.051433773327264398e-01 8.845015930814746907e-01 0.000000000000000000e+00 1.035502958579881741e-02 0.000000000000000000e+00
2.100000000000000000e+03 8.400327119866712877e-02 1.108329540282202985e-01 8.807464724624487484e-01 0.000000000000000000e+00 8.420573509330906217e-03 0.000000000000000000e+00
2.125000000000000000e+03 8.500331014150841469e-02 1.244879380974055483e-01 8.615157032316795860e-01 0.000000000000000000e+00 1.399635867091488309e-02 0.000000000000000000e+00
2.150000000000000000e+03 8.600334908434970060e-02 1.454255803368229294e-01 8.405780609922621771e-01 0.000000000000000000e+00 1.399635867091488309e-02 0.000000000000000000e+00
2.175000000000000000e+03 8.700338802719098652e-02 1.437187073281747940e-01 8.408056440600819581e-01 0.000000000000000000e+00 1.547564861174328607e-02 0.000000000000000000e+00
2.200000000000000000e+03 8.800342697003227244e-02 1.442876649977241632e-01 8.408056440600819581e-01 0.000000000000000000e+00 1.490669094219390124e-02 0.000000000000000000e+00
2.225000000000000000e+03 8.900346591287355835e-02 1.611288120163859861e-01 8.140646335912608000e-01 0.000000000000000000e+00 2.480655439235321044e-02 0.000000000000000000e+00
2.250000000000000000e+03 9.000350485571484427e-02 1.838871187983613931e-01 7.883477469276285454e-01 0.000000000000000000e+00 2.776513427401001294e-02 0.000000000000000000e+00
2.275000000000000000e+03 9.100354379855590814e-02 2.105143377332726329e-01 7.535275375512061613e-01 1.137915339098771066e-04 3.584433318161128756e-02 0.000000000000000000e+00
2.300000000000000000e+03 9.200358274139719406e-02 2.247382794720072796e-01 7.328174783796085334e-01 1.137915339098771066e-04 4.233045061447428259e-02 0.000000000000000000e+00
2.325000000000000000e+03 9.300362168423847997e-02 2.342967683204369711e-01 7.108557123350022211e-01 7.965407373691396923e-04 5.405097860719162289e-02 0.000000000000000000e+00
2.350000000000000000e+03 9.400366062707976589e-02 2.711652253072371344e-01 6.656804733727810230e-01 5.689576695493854790e-04 6.258534365043240399e-02 0.000000000000000000e+00
2.375000000000000000e+03 9.500369956992105180e-02 2.803823395539372099e-01 6.382567137005006330e-01 0.000000000000000000e+00 8.136094674556212936e-02 0.000000000000000000e+00
2.400000000000000000e+03 9.600373851276233772e-02 2.958579881656804855e-01 6.086709148839326566e-01 2.275830678197542133e-04 9.524351388256713236e-02 0.000000000000000000e+00
2.425000000000000000e+03 9.700377745560362364e-02 3.113336367774237612e-01 5.720300409649522466e-01 5.689576695493854790e-04 1.160673645880746507e-01 0.000000000000000000e+00
2.450000000000000000e+03 9.800381639844490955e-02 3.321574874829312796e-01 5.343650432407829332e-01 9.103322712790168532e-04 1.325671370050068298e-01 0.000000000000000000e+00
2.475000000000000000e+03 9.900385534128619547e-02 3.463814292216659263e-01 5.028447883477469293e-01 1.024123805188893906e-03 1.497496586253982687e-01 0.000000000000000000e+00
2.500000000000000000e+03 1.000038942841274814e-01 3.657259899863450348e-01 4.589212562585343602e-01 9.103322712790168532e-04 1.744424214838415921e-01 0.000000000000000000e+00
2.525000000000000000e+03 1.010039332269687673e-01 3.678880291306326766e-01 4.322940373236231482e-01 2.844788347746927612e-03 1.969731451979972736e-01 0.000000000000000000e+00
2.550000000000000000e+03 1.020039721698100532e-01 3.733500227583067543e-01 4.030496131087847322e-01 5.575785161583977738e-03 2.180245789713245452e-01 0.000000000000000000e+00
2.575000000000000000e+03 1.030040111126513391e-01 3.848429676832043622e-01 3.744879380974055483e-01 8.306781975421027864e-03 2.323623122439690547e-01 0.000000000000000000e+00
2.600000000000000000e+03 1.040040500554926250e-01 4.032771961766044577e-01 3.281747837960855563e-01 1.217569412835685025e-02 2.563723258989530907e-01 0.000000000000000000e+00
2.625000000000000000e+03 1.050040889983339110e-01 4.007737824305871444e-01 3.119025944469731582e-01 1.843422849340009204e-02 2.688893946290396020e-01 0.000000000000000000e+00
2.650000000000000000e+03 1.060041279411751969e-01 4.046426945835229771e-01 2.921028675466545432e-01 2.423759672280382388e-02 2.790168411470186349e-01 0.000000000000000000e+00
2.675000000000000000e+03 1.070041668840164828e-01 4.002048247610378029e-01 2.792444242148384159e-01 2.787892580791988956e-02 2.926718252162039402e-01 0.000000000000000000e+00
2.700000000000000000e+03 1.080042058268577687e-01 3.997496586253982964e-01 2.720755575785161473e-01 3.288575329995448160e-02 2.952890304961310886e-01 0.000000000000000000e+00
2.725000000000000000e+03 1.090042447696990546e-01 4.090805644060082069e-01 2.567137005006827621e-01 3.720983158852981393e-02 2.969959035047792240e-01 0.000000000000000000e+00
2.750000000000000000e+03 1.100042837125403405e-01 4.013427401001365413e-01 2.426035502958579781e-01 4.073736913973600299e-02 3.153163404642694845e-01 0.000000000000000000e+00
2.775000000000000000e+03 1.110043226553814044e-01 3.953117888029130667e-01 2.312243969048702885e-01 4.358215748748293233e-02 3.298816568047337472e-01 0.000000000000000000e+00
2.800000000000000000e+03 1.120043615982226903e-01 4.055530268548019901e-01 2.135867091488393155e-01 4.858898497951752438e-02 3.322712790168411701e-01 0.000000000000000000e+00
2.825000000000000000e+03 1.130044005410639762e-01 4.111288120163859583e-01 2.010696404187528319e-01 5.018206645425580398e-02 3.376194811106053573e-01 0.000000000000000000e+00
2.850000000000000000e+03 1.140044394839052622e-01 3.906463359126081114e-01 2.010696404187528319e-01 4.790623577605826466e-02 3.603777878925807920e-01 0.000000000000000000e+00
2.875000000000000000e+03 1.150044784267465481e-01 3.893946290395994270e-01 1.821802457897132577e-01 4.904415111515703085e-02 3.793809740555302845e-01 0.000000000000000000e+00
2.900000000000000000e+03 1.160045173695878340e-01 3.839326354119253493e-01 1.725079654073737034e-01 5.075102412380518707e-02 3.928083750568957533e-01 0.000000000000000000e+00
2.925000000000000000e+03 1.170045563124291199e-01 3.884842967683204140e-01 1.692080109239872676e-01 5.359581247155211642e-02 3.887118798361401950e-01 0.000000000000000000e+00
2.950000000000000000e+03 1.180045952552704058e-01 4.014565316340464318e-01 1.588529813381884259e-01 5.507510241238051940e-02 3.846153846153846367e-01 0.000000000000000000e+00
2.975000000000000000e+03 1.190046341981116917e-01 4.129494765589440397e-01 1.437187073281747940e-01 6.076467910787437116e-02 3.825671370050068298e-01 0.000000000000000000e+00
3.000000000000000000e+03 1.200046731409529777e-01 4.124943104233045332e-01 1.360946745562130189e-01 6.360946745562130744e-02 3.878015475648611821e-01 0.000000000000000000e+00
3.025000000000000000e+03 1.210047120837942636e-01 4.259217114246700020e-01 1.347291761492944995e-01 6.873008648156576916e-02 3.706190259444697155e-01 0.000000000000000000e+00
3.050000000000000000e+03 1.220047510266355495e-01 4.162494310423304755e-01 1.289258079198907503e-01 7.976786527082385669e-02 3.750568957669549452e-01 0.000000000000000000e+00
3.075000000000000000e+03 1.230047899694768354e-01 4.169321802457897075e-01 1.176604460628129234e-01 7.942649066909421296e-02 3.859808830223031562e-01 0.000000000000000000e+00
3.100000000000000000e+03 1.240048289123181213e-01 4.171597633136094885e-01 1.148156577150659940e-01 8.181611288120163583e-02 3.862084660901228816e-01 0.000000000000000000e+00
3.125000000000000000e+03 1.250048678551594072e-01 4.220527992717341692e-01 1.088984979517523960e-01 9.069185252617205373e-02 3.783568502503413811e-01 0.000000000000000000e+00
3.150000000000000000e+03 1.260049067980006932e-01 4.245562130177514826e-01 1.121984524351388318e-01 9.365043240782885969e-02 3.695949021392808120e-01 0.000000000000000000e+00
3.175000000000000000e+03 1.270049457408419791e-01 4.269458352298589054e-01 1.058261265361857134e-01 1.003641329085116080e-01 3.668639053254437732e-01 0.000000000000000000e+00
3.200000000000000000e+03 1.280049846836832650e-01 4.456076467910787264e-01 9.604005461993628257e-02 1.048020027309968100e-01 3.535502958579881394e-01 0.000000000000000000e+00
3.225000000000000000e+03 1.290050236265245509e-01 4.382111970869367323e-01 9.808830223031406170e-02 1.147018661811561174e-01 3.489986345015930747e-01 0.000000000000000000e+00
3.250000000000000000e+03 1.300050625693658368e-01 4.444697314519799880e-01 9.274010013654984674e-02 1.181156121984524299e-01 3.446745562130177354e-01 0.000000000000000000e+00
3.275000000000000000e+03 1.310051015122069007e-01 4.376422394173873354e-01 8.761948111060537114e-02 1.263086026399635742e-01 3.484296768320436777e-01 0.000000000000000000e+00
3.300000000000000000e+03 1.320051404550481866e-01 4.425352753755120716e-01 8.386436049157942885e-02 1.305188893946290507e-01 3.430814747382794905e-01 0.000000000000000000e+00
3.325000000000000000e+03 1.330051793978894725e-01 4.376422394173873354e-01 8.488848429676831842e-02 1.269913518434228616e-01 3.504779244424214846e-01 0.000000000000000000e+00
3.350000000000000000e+03 1.340052183407307584e-01 4.465179790623577394e-01 7.965407373691398007e-02 1.345015930814747462e-01 3.393263541192535482e-01 0.000000000000000000e+00
3.375000000000000000e+03 1.350052572835720444e-01 4.625625853436504120e-01 7.532999544833864081e-02 1.459945380063723264e-01 3.161128812016386069e-01 0.000000000000000000e+00
3.400000000000000000e+03 1.360052962264133303e-01 4.505006827492034627e-01 7.874374146563495325e-02 1.568047337278106468e-01 3.139508420573509095e-01 0.000000000000000000e+00
3.425000000000000000e+03 1.370053351692546162e-01 4.623350022758306865e-01 7.567137005006827066e-02 1.520254893035958010e-01 3.099681383705052418e-01 0.000000000000000000e+00
3.450000000000000000e+03 1.380053741120959021e-01 4.749658625398270329e-01 6.725079654073737312e-02 1.527082385070550885e-01 3.050751024123805055e-01 0.000000000000000000e+00
3.475000000000000000e+03 1.390054130549371880e-01 4.615384615384615641e-01 6.793354574419663283e-02 1.565771506599908935e-01 3.139508420573509095e-01 0.000000000000000000e+00
3.500000000000000000e+03 1.400054519977784739e-01 4.544833864360491305e-01 6.804733727810650945e-02 1.616977696859353553e-01 3.157715065999089910e-01 0.000000000000000000e+00
3.525000000000000000e+03 1.410054909406197599e-01 4.663177059626763543e-01 6.235776058261265076e-02 1.645425580336822846e-01 3.067819754210286964e-01 0.000000000000000000e+00
3.550000000000000000e+03 1.420055298834610458e-01 4.592626308602639762e-01 5.905780609922621494e-02 1.734182976786527164e-01 3.082612653618570508e-01 0.000000000000000000e+00
3.575000000000000000e+03 1.430055688263023317e-01 4.916932180245789930e-01 6.042330450614474130e-02 1.771734182976786587e-01 2.707100591715976279e-01 0.000000000000000000e+00
3.600000000000000000e+03 1.440056077691436176e-01 4.853208921256258468e-01 6.747837960855712636e-02 1.908284023668639084e-01 2.563723258989530907e-01 0.000000000000000000e+00
3.625000000000000000e+03 1.450056467119849035e-01 4.788347746927628656e-01 6.315430131998178709e-02 1.992489758761948060e-01 2.587619481110605135e-01 0.000000000000000000e+00
3.650000000000000000e+03 1.460056856548261894e-01 4.870277651342740377e-01 6.292671825216203385e-02 2.106281292671825234e-01 2.394173873463814328e-01 0.000000000000000000e+00
3.675000000000000000e+03 1.470057245976674754e-01 4.709831588529813651e-01 6.736458807464724974e-02 2.163177059626763821e-01 2.453345471096950448e-01 0.000000000000000000e+00
3.700000000000000000e+03 1.480057635405087613e-01 5.048930359581247362e-01 6.258534365043240399e-02 2.106281292671825234e-01 2.218934911242603503e-01 0.000000000000000000e+00
3.725000000000000000e+03 1.490058024833500472e-01 4.963586709148839482e-01 6.884387801547564578e-02 2.147246244879381094e-01 2.200728265817023244e-01 0.000000000000000000e+00
3.750000000000000000e+03 1.500058414261913331e-01 4.908966772872098150e-01 6.440600819299044377e-02 2.209831588529813373e-01 2.237141556668183762e-01 0.000000000000000000e+00
3.775000000000000000e+03 1.510058803690323970e-01 4.899863450159308020e-01 6.440600819299044377e-02 2.228038233955393632e-01 2.228038233955393632e-01 0.000000000000000000e+00
3.800000000000000000e+03 1.520059193118736829e-01 4.993172507965407125e-01 6.770596267637687959e-02 2.224624487938097472e-01 2.105143377332726329e-01 0.000000000000000000e+00
3.825000000000000000e+03 1.530059582547149688e-01 4.911242603550295960e-01 6.543013199817933334e-02 2.304278561675011383e-01 2.130177514792899462e-01 0.000000000000000000e+00
3.850000000000000000e+03 1.540059971975562547e-01 4.989758761948110966e-01 6.190259444697314428e-02 2.288347746927628656e-01 2.102867546654528796e-01 0.000000000000000000e+00
3.875000000000000000e+03 1.550060361403975406e-01 4.965862539827036737e-01 6.030951297223486468e-02 2.402139280837505553e-01 2.028903049613108855e-01 0.000000000000000000e+00
3.900000000000000000e+03 1.560060750832388266e-01 5.038689121529358328e-01 5.951297223486572835e-02 2.259899863450159363e-01 2.106281292671825234e-01 0.000000000000000000e+00
3.925000000000000000e+03 1.570061140260801125e-01 5.059171597633136397e-01 5.985434683659535821e-02 2.289485662266727284e-01 2.052799271734183084e-01 0.000000000000000000e+00
3.950000000000000000e+03 1.580061529689213984e-01 5.019344560764679164e-01 5.803368229403732537e-02 2.416932180245789652e-01 1.983386436049157930e-01 0.000000000000000000e+00
3.975000000000000000e+03 1.590061919117626843e-01 5.117205279927173889e-01 5.814747382794720199e-02 2.346381429221665871e-01 1.954938552571688637e-01 0.000000000000000000e+00
4.000000000000000000e+03 1.600062308546039702e-01 5.145653163404643182e-01 5.712335002275830548e-02 2.436276741010468816e-01 1.846836595357305433e-01 0.000000000000000000e+00
4.025000000000000000e+03 1.610062697974452561e-01 5.110377787892580459e-01 5.723714155666818210e-02 2.380518889394629134e-01 1.936731907146108378e-01 0.000000000000000000e+00
4.050000000000000000e+03 1.620063087402865420e-01 5.241238051888938987e-01 5.655439235320892238e-02 2.395311788802912956e-01 1.797906235776058348e-01 0.000000000000000000e+00
4.075000000000000000e+03 1.630063476831278280e-01 5.138825671370049752e-01 5.757851615839781195e-02 2.393035958124715423e-01 1.892353208921256358e-01 0.000000000000000000e+00
4.100000000000000000e+03 1.640063866259691139e-01 5.192307692307692735e-01 6.190259444697314428e-02 2.420345926263086089e-01 1.768320436959490149e-01 0.000000000000000000e+00
4.125000000000000000e+03 1.650064255688103998e-01 5.301547564861174289e-01 5.826126536185707860e-02 2.477241693218024676e-01 1.638598088302230249e-01 0.000000000000000000e+00
4.150000000000000000e+03 1.660064645116516857e-01 5.317478379608556738e-01 5.985434683659535821e-02 2.465862539827036737e-01 1.618115612198452458e-01 0.000000000000000000e+00
4.175000000000000000e+03 1.670065034544929716e-01 5.298133818843877574e-01 5.951297223486572835e-02 2.496586253982703563e-01 1.610150204824760956e-01 0.000000000000000000e+00
4.200000000000000000e+03 1.680065423973342575e-01 5.376649977241693135e-01 5.791989076012744875e-02 2.512517068730086289e-01 1.531634046426945950e-01 0.000000000000000000e+00
4.225000000000000000e+03 1.690065813401755435e-01 5.361857077833409591e-01 5.473372781065088954e-02 2.522758306781975324e-01 1.568047337278106468e-01 0.000000000000000000e+00
4.250000000000000000e+03 1.700066202830168294e-01 5.301547564861174289e-01 5.587164314974965573e-02 2.560309512972234747e-01 1.579426490669094130e-01 0.000000000000000000e+00
4.275000000000000000e+03 1.710066592258578932e-01 5.262858443331815961e-01 5.700955848884842886e-02 2.625170687300864558e-01 1.541875284478834707e-01 0.000000000000000000e+00
4.300000000000000000e+03 1.720066981686991792e-01 5.339098771051433712e-01 5.450614474283113631e-02 2.636549840691852498e-01 1.479289940828402428e-01 0.000000000000000000e+00
4.325000000000000000e+03 1.730067371115404651e-01 5.370960400546199720e-01 5.416477014110149951e-02 2.691169776968593275e-01 1.396222121074192080e-01 0.000000000000000000e+00
4.350000000000000000e+03 1.740067760543817510e-01 5.361857077833409591e-01 5.518889394629039602e-02 2.718479745106964218e-01 1.367774237596722786e-01 0.000000000000000000e+00
4.375000000000000000e+03 1.750068149972230369e-01 5.434683659535730627e-01 5.405097860719162289e-02 2.745789713245334607e-01 1.279016841147018746e-01 0.000000000000000000e+00
4.400000000000000000e+03 1.760068539400643228e-01 5.525716886663631922e-01 5.530268548020027264e-02 2.703686845698680119e-01 1.217569412835685094e-01 0.000000000000000000e+00
4.425000000000000000e+03 1.770068928829056087e-01 5.365270823850705195e-01 5.587164314974965573e-02 2.833409194355939742e-01 1.242603550295857950e-01 0.000000000000000000e+00
4.450000000000000000e+03 1.780069318257468947e-01 5.440373236231224041e-01 5.427856167501137613e-02 2.807237141556668258e-01 1.209604005461993592e-01 0.000000000000000000e+00
4.475000000000000000e+03 1.790069707685881806e-01 5.427856167501138307e-01 5.359581247155211642e-02 2.864132908511606845e-01 1.172052799271734169e-01 0.000000000000000000e+00
4.500000000000000000e+03 1.800070097114294665e-01 5.422166590805643782e-01 5.257168866636321991e-02 2.882339553937187104e-01 1.169776968593536637e-01 0.000000000000000000e+00
4.525000000000000000e+03 1.810070486542707524e-01 5.522303140646336317e-01 5.302685480200273332e-02 2.886891215293582169e-01 1.060537096040054666e-01 0.000000000000000000e+00
4.550000000000000000e+03 1.820070875971120383e-01 5.553026854802002310e-01 5.439235320892125969e-02 2.931269913518434467e-01 9.717796995903504875e-02 0.000000000000000000e+00
4.575000000000000000e+03 1.830071265399533242e-01 5.475648611743286764e-01 5.461993627674101293e-02 2.943786982248520756e-01 1.034365043240782905e-01 0.000000000000000000e+00
4.600000000000000000e+03 1.840071654827946102e-01 5.497269003186162628e-01 5.393718707328174627e-02 3.008648156577150568e-01 9.547109695038688559e-02 0.000000000000000000e+00
4.625000000000000000e+03 1.850072044256358961e-01 5.504096495220756058e-01 5.507510241238051940e-02 3.054164770141101770e-01 8.909877105143376719e-02 0.000000000000000000e+00
4.650000000000000000e+03 1.860072433684771820e-01 5.590578060992261733e-01 5.393718707328174627e-02 3.032544378698224796e-01 8.375056895766955223e-02 0.000000000000000000e+00
4.675000000000000000e+03 1.870072823113184679e-01 5.625853436504324456e-01 5.382339553937186966e-02 3.009786071916249472e-01 8.261265361857077216e-02 0.000000000000000000e+00
4.700000000000000000e+03 1.880073212541597538e-01 5.661128812016386069e-01 5.348202093764223980e-02 3.020027309968138507e-01 7.840236686390532339e-02 0.000000000000000000e+00
4.725000000000000000e+03 1.890073601970010397e-01 5.670232134729176199e-01 5.279927173418298009e-02 2.991579426490669213e-01 8.101957214383249950e-02 0.000000000000000000e+00
4.750000000000000000e+03 1.900073991398423257e-01 5.670232134729176199e-01 5.359581247155211642e-02 2.981338188438780179e-01 8.124715521165225274e-02 0.000000000000000000e+00
4.775000000000000000e+03 1.910074380826836116e-01 5.718024578971324656e-01 5.291306326809285671e-02 2.969959035047792240e-01 7.828857532999544677e-02 0.000000000000000000e+00
4.800000000000000000e+03 1.920074770255246754e-01 5.778334091943558848e-01 5.461993627674101293e-02 2.947200728265816916e-01 7.282658170232134132e-02 0.000000000000000000e+00
4.825000000000000000e+03 1.930075159683659614e-01 5.772644515248065433e-01 5.416477014110149951e-02 2.925580336822940497e-01 7.601274465179790052e-02 0.000000000000000000e+00
4.850000000000000000e+03 1.940075549112072473e-01 5.823850705507510606e-01 5.678197542102867562e-02 2.957441966317705950e-01 6.508875739644970349e-02 0.000000000000000000e+00
4.875000000000000000e+03 1.950075938540485332e-01 5.840919435593991960e-01 5.484751934456076616e-02 2.899408284023668458e-01 7.111970869367319203e-02 0.000000000000000000e+00
4.900000000000000000e+03 1.960076327968898191e-01 5.886436049157942607e-01 5.473372781065088954e-02 2.906235776058261333e-01 6.599908966772871644e-02 0.000000000000000000e+00
4.925000000000000000e+03 1.970076717397311050e-01 5.809057806099225951e-01 5.609922621756941591e-02 2.959717796995903760e-01 6.702321347291761988e-02 0.000000000000000000e+00
4.950000000000000000e+03 1.980077106825723909e-01 5.916021847974510806e-01 5.393718707328174627e-02 2.900546199362767363e-01 6.440600819299044377e-02 0.000000000000000000e+00
4.975000000000000000e+03 1.990077496254136769e-01 5.967228038233954868e-01 5.268548020027309653e-02 2.893718707328175044e-01 6.121984524351388457e-02 0.000000000000000000e+00
5.000000000000000000e+03 2.000077885682549628e-01 5.934228493400091065e-01 5.154756486117433034e-02 2.861857077833409035e-01 6.884387801547564578e-02 0.000000000000000000e+00
5.025000000000000000e+03 2.010078275110962487e-01 5.974055530268548297e-01 5.405097860719162289e-02 2.857305416477013971e-01 6.281292671825215723e-02 0.000000000000000000e+00
5.050000000000000000e+03 2.020078664539375346e-01 6.076467910787437532e-01 5.450614474283113631e-02 2.848202093764223841e-01 5.302685480200273332e-02 0.000000000000000000e+00
5.075000000000000000e+03 2.030079053967788205e-01 6.024123805188893455e-01 5.700955848884842886e-02 2.867546654528903005e-01 5.382339553937186966e-02 0.000000000000000000e+00
5.100000000000000000e+03 2.040079443396201064e-01 6.052571688666362748e-01 5.700955848884842886e-02 2.829995448338643582e-01 5.473372781065088954e-02 0.000000000000000000e+00
5.125000000000000000e+03 2.050079832824613923e-01 6.076467910787437532e-01 5.712335002275830548e-02 2.804961310878470448e-01 5.473372781065088954e-02 0.000000000000000000e+00
5.150000000000000000e+03 2.060080222253026783e-01 6.051433773327264953e-01 5.757851615839781195e-02 2.882339553937187104e-01 4.904415111515703085e-02 0.000000000000000000e+00
5.175000000000000000e+03 2.070080611681439642e-01 6.029813381884387979e-01 5.553026854802002588e-02 2.947200728265816916e-01 4.676832043695949154e-02 0.000000000000000000e+00
5.200000000000000000e+03 2.080081001109852501e-01 6.081019572143832042e-01 5.712335002275830548e-02 2.922166590805644337e-01 4.255803368229403583e-02 0.000000000000000000e+00
5.225000000000000000e+03 2.090081390538265360e-01 6.175466545289030051e-01 5.609922621756941591e-02 2.864132908511606845e-01 3.994082840236686666e-02 0.000000000000000000e+00
5.250000000000000000e+03 2.100081779966678219e-01 6.127674101046881594e-01 5.689576695493855224e-02 2.911925352753755303e-01 3.914428766499772339e-02 0.000000000000000000e+00
5.275000000000000000e+03 2.110082169395091078e-01 6.060537096040055083e-01 5.541647701411014926e-02 2.942649066909421851e-01 4.426490669094219205e-02 0.000000000000000000e+00
5.300000000000000000e+03 2.120082558823501717e-01 6.098088302230314506e-01 5.348202093764223980e-02 2.936959490213927881e-01 4.301319981793354230e-02 0.000000000000000000e+00
5.325000000000000000e+03 2.130082948251914576e-01 6.168639053254437732e-01 5.598543468365953235e-02 2.870960400546199165e-01 4.005461993627674328e-02 0.000000000000000000e+00
5.350000000000000000e+03 2.140083337680327435e-01 6.203914428766499345e-01 5.314064633591260994e-02 2.868684569868001910e-01 3.959945380063722986e-02 0.000000000000000000e+00
5.375000000000000000e+03 2.150083727108740295e-01 6.280154756486117096e-01 5.279927173418298009e-02 2.818616294947655643e-01 3.732362312243969055e-02 0.000000000000000000e+00
5.400000000000000000e+03 2.160084116537153154e-01 6.250568957669548897e-01 5.507510241238051940e-02 2.792444242148384159e-01 4.062357760582612637e-02 0.000000000000000000e+00
5.425000000000000000e+03 2.170084505965566013e-01 6.215293582157487284e-01 5.837505689576695522e-02 2.835685025034137552e-01 3.652708238507055422e-02 0.000000000000000000e+00
5.450000000000000000e+03 2.180084895393978872e-01 6.206190259444697155e-01 5.587164314974965573e-02 2.864132908511606845e-01 3.709604005461993731e-02 0.000000000000000000e+00
5.475000000000000000e+03 2.190085284822391731e-01 6.232362312243968638e-01 5.928538916704597511e-02 2.779927173418297870e-01 3.948566226672735324e-02 0.000000000000000000e+00
5.500000000000000000e+03 2.200085674250804590e-01 6.298361401911697355e-01 5.757851615839781195e-02 2.756030951297223641e-01 3.698224852071006069e-02 0.000000000000000000e+00
5.525000000000000000e+03 2.210086063679217450e-01 6.233500227583067543e-01 5.609922621756941591e-02 2.819754210286754548e-01 3.857532999544834029e-02 0.000000000000000000e+00
5.550000000000000000e+03 2.220086453107630309e-01 6.284706417842512716e-01 5.996813837050523482e-02 2.769685935366408835e-01 3.459262630860263782e-02 0.000000000000000000e+00
5.575000000000000000e+03 2.230086842536043168e-01 6.247155211652253293e-01 6.065088757396449454e-02 2.801547564861174289e-01 3.447883477469276120e-02 0.000000000000000000e+00
5.600000000000000000e+03 2.240087231964456027e-01 6.323395539371871044e-01 5.848884842967683184e-02 2.799271734182977034e-01 2.924442421483841592e-02 0.000000000000000000e+00
5.625000000000000000e+03 2.250087621392868886e-01 6.226672735548475224e-01 6.201638598088302090e-02 2.800409649522075384e-01 3.527537551206190447e-02 0.000000000000000000e+00
5.650000000000000000e+03 2.260088010821281745e-01 6.289258079198907225e-01 6.235776058261265076e-02 2.752617205279926926e-01 3.345471096950387163e-02 0.000000000000000000e+00
5.675000000000000000e+03 2.270088400249694605e-01 6.331360946745562268e-01 6.030951297223486468e-02 2.743513882567136797e-01 3.220300409649522189e-02 0.000000000000000000e+00
