# itime ezz other fcc hcp bcc ico
0.000000000000000000e+00 0.000000000000000000e+00 2.275830678197542133e-04 9.997724169321802190e-01 0.000000000000000000e+00 0.000000000000000000e+00 0.000000000000000000e+00
2.500000000000000000e+01 9.999656190060601801e-04 7.965407373691396923e-04 9.992034592626308775e-01 0.000000000000000000e+00 0.000000000000000000e+00 0.000000000000000000e+00
5.000000000000000000e+01 1.999931238011898316e-03 0.000000000000000000e+00 1.000000000000000000e+00 0.000000000000000000e+00 0.000000000000000000e+00 0.000000000000000000e+00
7.500000000000000000e+01 2.999896857017958496e-03 5.689576695493854790e-04 9.994310423304506585e-01 0.000000000000000000e+00 0.000000000000000000e+00 0.000000000000000000e+00
1.000000000000000000e+02 3.999862476023796631e-03 4.551661356395084266e-04 9.995448338643604380e-01 0.000000000000000000e+00 0.000000000000000000e+00 0.000000000000000000e+00
1.250000000000000000e+02 4.999828095029856811e-03 9.103322712790168532e-04 9.990896677287209870e-01 0.000000000000000000e+00 0.000000000000000000e+00 0.000000000000000000e+00
1.500000000000000000e+02 5.999793714035694947e-03 1.137915339098770958e-03 9.987482931269913156e-01 0.000000000000000000e+00 1.137915339098771066e-04 0.000000000000000000e+00
1.750000000000000000e+02 6.999759333041755127e-03 9.103322712790168532e-04 9.990896677287209870e-01 0.000000000000000000e+00 0.000000000000000000e+00 0.000000000000000000e+00
2.000000000000000000e+02 7.999724952047593263e-03 9.103322712790168532e-04 9.990896677287209870e-01 0.000000000000000000e+00 0.000000000000000000e+00 0.000000000000000000e+00
2.250000000000000000e+02 8.999690571053653443e-03 6.827492034592626399e-04 9.993172507965407680e-01 0.000000000000000000e+00 0.000000000000000000e+00 0.000000000000000000e+00
2.500000000000000000e+02 9.999656190059491578e-03 1.137915339098771066e-04 9.998862084660901095e-01 0.000000000000000000e+00 0.000000000000000000e+00 0.000000000000000000e+00
2.750000000000000000e+02 1.099962180906555176e-02 2.162039144287664864e-03 9.978379608557123026e-01 0.000000000000000000e+00 0.000000000000000000e+00 0.000000000000000000e+00
3.000000000000000000e+02 1.199958742807161194e-02 1.137915339098770958e-03 9.988620846609012061e-01 0.000000000000000000e+00 0.000000000000000000e+00 0.000000000000000000e+00
3.250000000000000000e+02 1.299955304707745007e-02 6.827492034592626399e-04 9.992034592626308775e-01 0.000000000000000000e+00 1.137915339098771066e-04 0.000000000000000000e+00
3.500000000000000000e+02 1.399951866608351025e-02 1.024123805188893906e-03 9.989758761948110966e-01 0.000000000000000000e+00 0.000000000000000000e+00 0.000000000000000000e+00
3.750000000000000000e+02 1.499948428508934839e-02 1.479289940828402332e-03 9.985207100591716456e-01 0.000000000000000000e+00 0.000000000000000000e+00 0.000000000000000000e+00
4.000000000000000000e+02 1.599944990409540857e-02 4.096495220755575623e-03 9.959035047792443862e-01 0.000000000000000000e+00 0.000000000000000000e+00 0.000000000000000000e+00
4.250000000000000000e+02 1.699941552310124671e-02 1.024123805188893906e-03 9.989758761948110966e-01 0.000000000000000000e+00 0.000000000000000000e+00 0.000000000000000000e+00
4.500000000000000000e+02 1.799938114210730689e-02 7.965407373691396923e-04 9.992034592626308775e-01 0.000000000000000000e+00 0.000000000000000000e+00 0.000000000000000000e+00
4.750000000000000000e+02 1.899934676111314502e-02 1.593081474738279385e-03 9.984069185252617551e-01 0.000000000000000000e+00 0.000000000000000000e+00 0.000000000000000000e+00
5.000000000000000000e+02 1.999931238011920520e-02 2.048247610377787811e-03 9.979517523896221931e-01 0.000000000000000000e+00 0.000000000000000000e+00 0.000000000000000000e+00
5.250000000000000000e+02 2.099927799912526538e-02 1.479289940828402332e-03 9.984069185252617551e-01 0.000000000000000000e+00 1.137915339098771066e-04 0.000000000000000000e+00
5.500000000000000000e+02 2.199924361813110352e-02 1.706873008648156654e-03 9.982931269913518646e-01 0.000000000000000000e+00 0.000000000000000000e+00 0.000000000000000000e+00
5.750000000000000000e+02 2.299920923713716370e-02 3.755120619025944465e-03 9.962448793809740577e-01 0.000000000000000000e+00 0.000000000000000000e+00 0.000000000000000000e+00
6.000000000000000000e+02 2.399917485614300183e-02 3.413746017296313308e-03 9.965862539827037292e-01 0.000000000000000000e+00 0.000000000000000000e+00 0.000000000000000000e+00
6.250000000000000000e+02 2.499914047514906201e-02 1.934456076467910759e-03 9.980655439235320836e-01 0.000000000000000000e+00 0.000000000000000000e+00 0.000000000000000000e+00
6.500000000000000000e+02 2.599910609415490015e-02 1.479289940828402332e-03 9.985207100591716456e-01 0.000000000000000000e+00 0.000000000000000000e+00 0.000000000000000000e+00
6.750000000000000000e+02 2.699907171316096033e-02 5.006827492034592909e-03 9.949931725079653733e-01 0.000000000000000000e+00 0.000000000000000000e+00 0.000000000000000000e+00
7.000000000000000000e+02 2.799903733216679846e-02 5.120619025944469528e-03 9.948793809740554828e-01 0.000000000000000000e+00 0.000000000000000000e+00 0.000000000000000000e+00
7.250000000000000000e+02 2.899900295117285864e-02 4.437869822485207214e-03 9.951069640418752638e-01 0.000000000000000000e+00 4.551661356395084266e-04 0.000000000000000000e+00
7.500000000000000000e+02 2.999896857017869678e-02 3.641329085116067413e-03 9.963586709148839482e-01 0.000000000000000000e+00 0.000000000000000000e+00 0.000000000000000000e+00
7.750000000000000000e+02 3.099893418918475696e-02 5.120619025944469528e-03 9.946517979062358128e-01 0.000000000000000000e+00 2.275830678197542133e-04 0.000000000000000000e+00
8.000000000000000000e+02 3.199889980819081714e-02 2.503413746017296455e-03 9.974965862539827421e-01 0.000000000000000000e+00 0.000000000000000000e+00 0.000000000000000000e+00
8.250000000000000000e+02 3.299886542719665528e-02 1.706873008648156654e-03 9.981793354574419741e-01 0.000000000000000000e+00 1.137915339098771066e-04 0.000000000000000000e+00
8.500000000000000000e+02 3.399883104620271546e-02 4.665452890304961318e-03 9.951069640418752638e-01 0.000000000000000000e+00 2.275830678197542133e-04 0.000000000000000000e+00
8.750000000000000000e+02 3.499879666520855359e-02 4.210286754665453109e-03 9.957897132453344957e-01 0.000000000000000000e+00 0.000000000000000000e+00 0.000000000000000000e+00
9.000000000000000000e+02 3.599876228421461377e-02 5.803368229403732710e-03 9.941966317705962508e-01 0.000000000000000000e+00 0.000000000000000000e+00 0.000000000000000000e+00
9.250000000000000000e+02 3.699872790322045191e-02 5.917159763313609329e-03 9.939690487027764698e-01 0.000000000000000000e+00 1.137915339098771066e-04 0.000000000000000000e+00
9.500000000000000000e+02 3.799869352222651209e-02 6.599908966772872511e-03 9.929449248975875664e-01 0.000000000000000000e+00 4.551661356395084266e-04 0.000000000000000000e+00
9.750000000000000000e+02 3.899865914123235022e-02 7.282658170232134826e-03 9.924897587619481154e-01 0.000000000000000000e+00 2.275830678197542133e-04 0.000000000000000000e+00
1.000000000000000000e+03 3.999862476023841040e-02 5.234410559854347014e-03 9.946517979062358128e-01 0.000000000000000000e+00 1.137915339098771066e-04 0.000000000000000000e+00
1.025000000000000000e+03 4.099859037924424854e-02 5.348202093764223633e-03 9.945380063723259223e-01 0.000000000000000000e+00 1.137915339098771066e-04 0.000000000000000000e+00
1.050000000000000000e+03 4.199855599825030872e-02 7.965407373691398007e-03 9.920345926263085534e-01 0.000000000000000000e+00 0.000000000000000000e+00 0.000000000000000000e+00
1.075000000000000000e+03 4.299852161725636890e-02 7.396449704142011444e-03 9.923759672280382249e-01 0.000000000000000000e+00 2.275830678197542133e-04 0.000000000000000000e+00
1.100000000000000000e+03 4.399848723626220703e-02 6.599908966772872511e-03 9.930587164314974569e-01 0.000000000000000000e+00 3.413746017296313199e-04 0.000000000000000000e+00
1.125000000000000000e+03 4.499845285526826721e-02 7.510241238051888930e-03 9.922621756941283344e-01 0.000000000000000000e+00 2.275830678197542133e-04 0.000000000000000000e+00
1.150000000000000000e+03 4.599841847427410535e-02 7.624032771961766417e-03 9.922621756941283344e-01 0.000000000000000000e+00 1.137915339098771066e-04 0.000000000000000000e+00
1.175000000000000000e+03 4.699838409328016553e-02 1.217569412835685025e-02 9.878243058716431602e-01 0.000000000000000000e+00 0.000000000000000000e+00 0.000000000000000000e+00
1.200000000000000000e+03 4.799834971228600367e-02 1.115157032316795548e-02 9.887346381429221731e-01 0.000000000000000000e+00 1.137915339098771066e-04 0.000000000000000000e+00
1.225000000000000000e+03 4.899831533129206385e-02 9.899863450159307465e-03 9.897587619481110766e-01 0.000000000000000000e+00 3.413746017296313199e-04 0.000000000000000000e+00
1.250000000000000000e+03 4.999828095029790198e-02 1.388256713700500647e-02 9.856622667273554628e-01 0.000000000000000000e+00 4.551661356395084266e-04 0.000000000000000000e+00
1.275000000000000000e+03 5.099824656930396216e-02 1.115157032316795548e-02 9.885070550751023921e-01 0.000000000000000000e+00 3.413746017296313199e-04 0.000000000000000000e+00
1.300000000000000000e+03 5.199821218831002234e-02 1.695493855257168905e-02 9.828174783796085334e-01 0.000000000000000000e+00 2.275830678197542133e-04 0.000000000000000000e+00
1.325000000000000000e+03 5.299817780731586048e-02 1.456531634046426965e-02 9.842967683204369989e-01 0.000000000000000000e+00 1.137915339098770958e-03 0.000000000000000000e+00
1.350000000000000000e+03 5.399814342632192066e-02 1.490669094219390124e-02 9.846381429221665593e-01 0.000000000000000000e+00 4.551661356395084266e-04 0.000000000000000000e+00
1.375000000000000000e+03 5.499810904532775879e-02 1.729631315430131891e-02 9.822485207100591920e-01 0.000000000000000000e+00 4.551661356395084266e-04 0.000000000000000000e+00
1.400000000000000000e+03 5.599807466433381897e-02 1.388256713700500647e-02 9.855484751934455723e-01 0.000000000000000000e+00 5.689576695493854790e-04 0.000000000000000000e+00
1.425000000000000000e+03 5.699804028333965711e-02 1.467910787437414627e-02 9.845243513882566688e-01 0.000000000000000000e+00 7.965407373691396923e-04 0.000000000000000000e+00
1.450000000000000000e+03 5.799800590234571729e-02 1.843422849340009204e-02 9.809968138370505075e-01 0.000000000000000000e+00 5.689576695493854790e-04 0.000000000000000000e+00
1.475000000000000000e+03 5.899797152135155542e-02 1.877560309512972189e-02 9.807692307692307265e-01 0.000000000000000000e+00 4.551661356395084266e-04 0.000000000000000000e+00
1.500000000000000000e+03 5.999793714035761560e-02 2.048247610377787811e-02 9.787209831588530307e-01 0.000000000000000000e+00 7.965407373691396923e-04 0.000000000000000000e+00
1.525000000000000000e+03 6.099790275936345374e-02 2.958579881656804578e-02 9.696176604460627901e-01 0.000000000000000000e+00 7.965407373691396923e-04 0.000000000000000000e+00
1.550000000000000000e+03 6.199786837836951392e-02 2.605826126536185672e-02 9.724624487938097195e-01 0.000000000000000000e+00 1.479289940828402332e-03 0.000000000000000000e+00
1.575000000000000000e+03 6.299783399737557410e-02 2.309968138370505075e-02 9.758761948111061013e-01 0.000000000000000000e+00 1.024123805188893906e-03 0.000000000000000000e+00
1.600000000000000000e+03 6.399779961638141224e-02 2.696859353664087314e-02 9.715521165225307065e-01 0.000000000000000000e+00 1.479289940828402332e-03 0.000000000000000000e+00
1.625000000000000000e+03 6.499776523538747242e-02 2.617205279927173334e-02 9.717796995903504875e-01 0.000000000000000000e+00 2.048247610377787811e-03 0.000000000000000000e+00
1.650000000000000000e+03 6.599773085439331055e-02 3.140646335912607862e-02 9.668866636322257513e-01 0.000000000000000000e+00 1.706873008648156654e-03 0.000000000000000000e+00
1.675000000000000000e+03 6.699769647339937073e-02 3.436504324078288458e-02 9.641556668183887124e-01 0.000000000000000000e+00 1.479289940828402332e-03 0.000000000000000000e+00
1.700000000000000000e+03 6.799766209240520887e-02 4.164770141101502288e-02 9.566454255803368278e-01 0.000000000000000000e+00 1.706873008648156654e-03 0.000000000000000000e+00
1.725000000000000000e+03 6.899762771141126905e-02 4.745106964041875125e-02 9.499317250796540657e-01 0.000000000000000000e+00 2.617205279927173507e-03 0.000000000000000000e+00
1.750000000000000000e+03 6.999759333041710718e-02 4.301319981793354230e-02 9.542558033682293495e-01 0.000000000000000000e+00 2.730996813837050560e-03 0.000000000000000000e+00
1.775000000000000000e+03 7.099755894942316736e-02 3.720983158852981393e-02 9.601729631315429891e-01 0.000000000000000000e+00 2.617205279927173507e-03 0.000000000000000000e+00
1.800000000000000000e+03 7.199752456842900550e-02 4.324078288575330248e-02 9.538006372325898985e-01 0.000000000000000000e+00 2.958579881656804664e-03 0.000000000000000000e+00
1.825000000000000000e+03 7.299749018743506568e-02 5.541647701411014926e-02 9.417387346381429492e-01 0.000000000000000000e+00 2.844788347746927612e-03 0.000000000000000000e+00
1.850000000000000000e+03 7.399745580644112586e-02 5.154756486117433034e-02 9.461766044606281234e-01 0.000000000000000000e+00 2.275830678197541916e-03 0.000000000000000000e+00
1.875000000000000000e+03 7.499742142544696399e-02 5.109239872553481693e-02 9.456076467910787819e-01 0.000000000000000000e+00 3.299954483386436255e-03 0.000000000000000000e+00
1.900000000000000000e+03 7.599738704445302417e-02 5.359581247155211642e-02 9.436731907146108655e-01 0.000000000000000000e+00 2.730996813837050560e-03 0.000000000000000000e+00
1.925000000000000000e+03 7.699735266345886231e-02 5.928538916704597511e-02 9.359353664087392000e-01 0.000000000000000000e+00 4.779244424214838804e-03 0.000000000000000000e+00
1.950000000000000000e+03 7.799731828246492249e-02 6.338188438780155420e-02 9.321802457897132577e-01 0.000000000000000000e+00 4.437869822485207214e-03 0.000000000000000000e+00
1.975000000000000000e+03 7.899728390147076063e-02 7.567137005006827066e-02 9.189804278561675144e-01 0.000000000000000000e+00 5.348202093764223633e-03 0.000000000000000000e+00
2.000000000000000000e+03 7.999724952047682081e-02 7.567137005006827066e-02 9.180700955848885014e-01 0.000000000000000000e+00 6.258534365043240920e-03 0.000000000000000000e+00
2.025000000000000000e+03 8.099721513948265894e-02 8.431952662721893532e-02 9.091943559399180419e-01 0.000000000000000000e+00 6.486117432862995025e-03 0.000000000000000000e+00
2.050000000000000000e+03 8.199718075848871912e-02 1.015020482476103741e-01 8.896222121074192080e-01 0.000000000000000000e+00 8.875739644970414427e-03 0.000000000000000000e+00
2.075000000000000000e+03 8.299714637749477930e-02 1.148156577150659940e-01 8.733500227583067543e-01 0.000000000000000000e+00 1.183431952662721866e-02 0.000000000000000000e+00
2.100000000000000000e+03 8.399711199650061744e-02 1.098088302230314089e-01 8.758534365043241232e-01 0.000000000000000000e+00 1.433773327264451468e-02 0.000000000000000000e+00
2.125000000000000000e+03 8.499707761550667762e-02 1.142467000455166110e-01 8.680018206645425671e-01 0.000000000000000000e+00 1.775147928994082885e-02 0.000000000000000000e+00
2.150000000000000000e+03 8.599704323451251575e-02 1.281292671825216278e-01 8.563950842057350687e-01 0.000000000000000000e+00 1.547564861174328607e-02 0.000000000000000000e+00
2.175000000000000000e+03 8.699700885351857593e-02 1.264223941738734647e-01 8.529813381884387979e-01 0.000000000000000000e+00 2.059626763768775473e-02 0.000000000000000000e+00
2.200000000000000000e+03 8.799697447252441407e-02 1.589667728720983164e-01 8.208921256258534527e-01 0.000000000000000000e+00 2.014110150204824826e-02 0.000000000000000000e+00
2.225000000000000000e+03 8.899694009153047425e-02 1.613563950842057393e-01 8.087164314974966128e-01 0.000000000000000000e+00 2.992717341829767910e-02 0.000000000000000000e+00
2.250000000000000000e+03 8.999690571053631238e-02 1.795630405097860816e-01 7.860719162494310686e-01 0.000000000000000000e+00 3.436504324078288458e-02 0.000000000000000000e+00
2.275000000000000000e+03 9.099687132954237256e-02 1.868456986800182129e-01 7.708238507055075184e-01 1.137915339098771066e-04 4.221665908056440597e-02 0.000000000000000000e+00
2.300000000000000000e+03 9.199683694854821070e-02 2.047109695038689114e-01 7.390760127446518446e-01 0.000000000000000000e+00 5.621301775147929253e-02 0.000000000000000000e+00
2.325000000000000000e+03 9.299680256755427088e-02 2.391898042785616796e-01 6.979972690031861493e-01 4.551661356395084266e-04 6.235776058261265076e-02 0.000000000000000000e+00
2.350000000000000000e+03 9.399676818656033106e-02 2.596722803823395265e-01 6.591943559399180419e-01 4.551661356395084266e-04 8.067819754210286964e-02 0.000000000000000000e+00
2.375000000000000000e+03 9.499673380556616920e-02 2.785616750113791285e-01 6.244879380974055483e-01 9.103322712790168532e-04 9.604005461993628257e-02 0.000000000000000000e+00
2.400000000000000000e+03 9.599669942457222938e-02 2.849340009103322746e-01 6.062812926718251783e-01 2.048247610377787811e-03 1.067364588074647264e-01 0.000000000000000000e+00
2.425000000000000000e+03 9.699666504357806751e-02 3.093991807009558448e-01 5.590578060992261733e-01 3.641329085116067413e-03 1.279016841147018746e-01 0.000000000000000000e+00
2.450000000000000000e+03 9.799663066258412769e-02 3.214610832954028496e-01 5.281065088757396220e-01 4.665452890304961318e-03 1.457669549385525731e-01 0.000000000000000000e+00
2.475000000000000000e+03 9.899659628158996583e-02 3.557123350022758368e-01 4.746244879380974169e-01 5.461993627674101119e-03 1.642011834319526686e-01 0.000000000000000000e+00
2.500000000000000000e+03 9.999656190059602601e-02 3.596950386891215046e-01 4.511834319526626946e-01 7.168866636322257339e-03 1.819526627218935044e-01 0.000000000000000000e+00
2.525000000000000000e+03 1.009965275196018641e-01 3.567364588074647402e-01 4.428766499772416876e-01 1.115157032316795548e-02 1.892353208921256358e-01 0.000000000000000000e+00
2.550000000000000000e+03 1.019964931386079243e-01 3.516158397815202785e-01 4.213700500682749372e-01 1.433773327264451468e-02 2.126763768775603025e-01 0.000000000000000000e+00
2.575000000000000000e+03 1.029964587576137625e-01 3.690259444697314706e-01 3.970186618115612021e-01 1.672735548475193582e-02 2.172280382339553950e-01 0.000000000000000000e+00
2.600000000000000000e+03 1.039964243766198226e-01 3.747155211652253293e-01 3.692535275375511961e-01 2.230314064633591095e-02 2.337278106508875741e-01 0.000000000000000000e+00
2.625000000000000000e+03 1.049963899956258828e-01 3.799499317250796815e-01 3.552571688666363303e-01 2.605826126536185672e-02 2.387346381429221731e-01 0.000000000000000000e+00
2.650000000000000000e+03 1.059963556146317210e-01 3.944014565316340537e-01 3.405780609922621771e-01 2.924442421483841592e-02 2.357760582612653533e-01 0.000000000000000000e+00
2.675000000000000000e+03 1.069963212336377811e-01 3.917842512517068498e-01 3.318161128812016636e-01 3.254437869822485174e-02 2.438552571688666348e-01 0.000000000000000000e+00
2.700000000000000000e+03 1.079962868526436193e-01 3.890532544378698110e-01 3.270368684569868178e-01 3.823395539371871044e-02 2.456759217114246607e-01 0.000000000000000000e+00
2.725000000000000000e+03 1.089962524716496794e-01 3.915566681838871244e-01 3.172507965407373454e-01 4.289940828402366568e-02 2.482931269913518368e-01 0.000000000000000000e+00
2.750000000000000000e+03 1.099962180906555176e-01 4.071461083295402905e-01 3.023441055985434667e-01 3.709604005461993731e-02 2.534137460172963263e-01 0.000000000000000000e+00
2.775000000000000000e+03 1.109961837096615778e-01 4.177287209831588299e-01 2.884615384615384359e-01 3.834774692762858705e-02 2.554619936276740777e-01 0.000000000000000000e+00
2.800000000000000000e+03 1.119961493286674159e-01 4.246700045516613731e-01 2.829995448338643582e-01 4.289940828402366568e-02 2.494310423304506030e-01 0.000000000000000000e+00
2.825000000000000000e+03 1.129961149476734761e-01 4.303595812471552318e-01 2.738962221210741732e-01 4.733727810650887463e-02 2.484069185252617273e-01 0.000000000000000000e+00
2.850000000000000000e+03 1.139960805666795363e-01 4.466317705962676299e-01 2.522758306781975324e-01 4.779244424214838111e-02 2.532999544833864358e-01 0.000000000000000000e+00
2.875000000000000000e+03 1.149960461856853744e-01 4.437869822485207005e-01 2.405553026854801990e-01 5.018206645425580398e-02 2.654756486117432757e-01 0.000000000000000000e+00
2.900000000000000000e+03 1.159960118046914346e-01 4.538006372325898985e-01 2.377105143377332697e-01 5.131998179335457710e-02 2.571688666363222686e-01 0.000000000000000000e+00
2.925000000000000000e+03 1.169959774236972727e-01 4.460628129267182329e-01 2.414656349567592120e-01 5.871643149749658508e-02 2.537551206190259423e-01 0.000000000000000000e+00
2.950000000000000000e+03 1.179959430427033329e-01 4.408284023668638807e-01 2.380518889394629134e-01 5.871643149749658508e-02 2.624032771961766208e-01 0.000000000000000000e+00
2.975000000000000000e+03 1.189959086617091710e-01 4.245562130177514826e-01 2.446517979062357850e-01 6.531634046426945672e-02 2.654756486117432757e-01 0.000000000000000000e+00
3.000000000000000000e+03 1.199958742807152312e-01 4.426490669094219621e-01 2.308830223031406448e-01 6.736458807464724974e-02 2.591033227127901850e-01 0.000000000000000000e+00
3.025000000000000000e+03 1.209958398997210693e-01 4.437869822485207005e-01 2.280382339553937154e-01 7.032316795630405570e-02 2.578516158397815006e-01 0.000000000000000000e+00
3.050000000000000000e+03 1.219958055187271295e-01 4.505006827492034627e-01 2.223486572598998567e-01 7.282658170232134132e-02 2.543240782885753393e-01 0.000000000000000000e+00
3.075000000000000000e+03 1.229957711377329677e-01 4.443559399180700975e-01 2.162039144287664916e-01 7.498862084660901095e-02 2.644515248065543722e-01 0.000000000000000000e+00
3.100000000000000000e+03 1.239957367567390278e-01 4.393491124260355263e-01 2.091488393263541135e-01 8.295402822030041590e-02 2.685480200273099860e-01 0.000000000000000000e+00
3.125000000000000000e+03 1.249957023757450880e-01 4.502730996813836817e-01 1.995903504779244497e-01 8.409194355939918208e-02 2.660446062812926726e-01 0.000000000000000000e+00
3.150000000000000000e+03 1.259956679947509262e-01 4.564178425125170468e-01 1.927628584433318248e-01 9.182976786527081992e-02 2.589895311788802945e-01 0.000000000000000000e+00
3.175000000000000000e+03 1.269956336137569863e-01 4.655211652253072319e-01 1.851388256713700498e-01 9.148839326354119006e-02 2.578516158397815006e-01 0.000000000000000000e+00
3.200000000000000000e+03 1.279955992327628245e-01 4.704142011834319681e-01 1.835457441966317771e-01 9.490213928083750250e-02 2.511379153390987939e-01 0.000000000000000000e+00
3.225000000000000000e+03 1.289955648517688847e-01 4.557350933090578149e-01 1.774010013654984119e-01 1.028675466545289074e-01 2.639963586709148657e-01 0.000000000000000000e+00
3.250000000000000000e+03 1.299955304707747228e-01 4.517523896222120916e-01 1.723941738734638129e-01 1.028675466545289074e-01 2.729858898497951603e-01 0.000000000000000000e+00
3.275000000000000000e+03 1.309954960897807830e-01 4.660901228948566288e-01 1.644287664997724219e-01 1.062812926718252199e-01 2.631998179335457433e-01 0.000000000000000000e+00
3.300000000000000000e+03 1.319954617087866211e-01 4.782658170232134687e-01 1.544151115157032239e-01 1.058261265361857134e-01 2.614929449248976079e-01 0.000000000000000000e+00
3.325000000000000000e+03 1.329954273277926813e-01 4.626763768775603025e-01 1.535047792444242110e-01 1.052571688666363164e-01 2.785616750113791285e-01 0.000000000000000000e+00
3.350000000000000000e+03 1.339953929467987415e-01 4.630177514792899185e-01 1.491807009558488717e-01 1.081019572143832458e-01 2.796995903504779224e-01 0.000000000000000000e+00
3.375000000000000000e+03 1.349953585658045796e-01 4.804278561675011106e-01 1.449704142011834229e-01 1.045744196631770567e-01 2.700273099681383959e-01 0.000000000000000000e+00
3.400000000000000000e+03 1.359953241848106398e-01 4.788347746927628656e-01 1.392808375056895642e-01 1.069640418752844796e-01 2.749203459262630767e-01 0.000000000000000000e+00
3.425000000000000000e+03 1.369952898038164779e-01 4.827036868456986984e-01 1.379153390987710448e-01 1.063950842057350965e-01 2.729858898497951603e-01 0.000000000000000000e+00
3.450000000000000000e+03 1.379952554228225381e-01 5.019344560764679164e-01 1.304050978607191602e-01 1.069640418752844796e-01 2.606964041875284299e-01 0.000000000000000000e+00
3.475000000000000000e+03 1.389952210418283762e-01 4.773554847519344557e-01 1.304050978607191602e-01 1.129949931725079681e-01 2.792444242148384159e-01 0.000000000000000000e+00
3.500000000000000000e+03 1.399951866608344364e-01 5.121756941283568398e-01 1.208466090122894826e-01 1.063950842057350965e-01 2.605826126536185949e-01 0.000000000000000000e+00
3.525000000000000000e+03 1.409951522798402745e-01 5.171825216203914666e-01 1.144742831133363642e-01 1.088984979517523960e-01 2.594446973145198010e-01 0.000000000000000000e+00
3.550000000000000000e+03 1.419951178988463347e-01 5.089895311788802390e-01 1.141329085116067343e-01 1.098088302230314089e-01 2.670687300864815761e-01 0.000000000000000000e+00
3.575000000000000000e+03 1.429950835178521729e-01 5.111515703231679364e-01 1.129949931725079681e-01 1.134501593081474746e-01 2.624032771961766208e-01 0.000000000000000000e+00
3.600000000000000000e+03 1.439950491368582330e-01 5.170687300864815761e-01 1.142467000455166110e-01 1.169776968593536637e-01 2.517068730086481354e-01 0.000000000000000000e+00
3.625000000000000000e+03 1.449950147558642932e-01 5.249203459262631322e-01 1.147018661811561174e-01 1.116294947655894348e-01 2.487482931269913433e-01 0.000000000000000000e+00
3.650000000000000000e+03 1.459949803748701314e-01 5.174101046882112476e-01 1.162949476558944040e-01 1.129949931725079681e-01 2.532999544833864358e-01 0.000000000000000000e+00
3.675000000000000000e+03 1.469949459938761915e-01 5.325443786982249073e-01 1.119708693673190647e-01 1.173190714610832935e-01 2.381656804733727761e-01 0.000000000000000000e+00
3.700000000000000000e+03 1.479949116128820297e-01 5.306099226217569909e-01 1.148156577150659940e-01 1.238051888939462886e-01 2.307692307692307820e-01 0.000000000000000000e+00
3.725000000000000000e+03 1.489948772318880899e-01 5.295857988165680874e-01 1.135639508420573512e-01 1.294947655894401473e-01 2.273554847519344557e-01 0.000000000000000000e+00
3.750000000000000000e+03 1.499948428508939280e-01 5.300409649522075384e-01 1.094674556213017791e-01 1.233500227583067821e-01 2.371415566681839004e-01 0.000000000000000000e+00
3.775000000000000000e+03 1.509948084698999882e-01 5.439235320892125136e-01 1.100364132908511622e-01 1.247155211652253015e-01 2.213245334547109811e-01 0.000000000000000000e+00
3.800000000000000000e+03 1.519947740889058263e-01 5.384615384615384359e-01 1.081019572143832458e-01 1.286982248520709970e-01 2.247382794720072796e-01 0.000000000000000000e+00
3.825000000000000000e+03 1.529947397079118865e-01 5.386891215293582169e-01 1.070778334091943562e-01 1.332498862084660896e-01 2.209831588529813373e-01 0.000000000000000000e+00
3.850000000000000000e+03 1.539947053269177246e-01 5.558716431497496835e-01 1.010468821119708677e-01 1.304050978607191602e-01 2.126763768775603025e-01 0.000000000000000000e+00
3.875000000000000000e+03 1.549946709459237848e-01 5.507510241238051663e-01 9.706417842512517213e-02 1.314292216659080637e-01 2.207555757851615841e-01 0.000000000000000000e+00
3.900000000000000000e+03 1.559946365649298450e-01 5.452890304961310886e-01 9.535730541647700897e-02 1.372325898953117851e-01 2.221210741920801035e-01 0.000000000000000000e+00
3.925000000000000000e+03 1.569946021839356831e-01 5.520027309968138507e-01 9.786071916249430847e-02 1.337050523441055960e-01 2.164314974965862448e-01 0.000000000000000000e+00
3.950000000000000000e+03 1.579945678029417433e-01 5.579198907601274904e-01 9.672280382339554228e-02 1.338188438780154865e-01 2.115384615384615363e-01 0.000000000000000000e+00
3.975000000000000000e+03 1.589945334219475814e-01 5.613336367774237612e-01 8.955393718707328754e-02 1.341602184797451025e-01 2.149522075557578626e-01 0.000000000000000000e+00
4.000000000000000000e+03 1.599944990409536416e-01 5.617888029130633232e-01 9.069185252617205373e-02 1.411015020482476179e-01 2.064178425125170746e-01 0.000000000000000000e+00
4.025000000000000000e+03 1.609944646599594797e-01 5.532544378698225351e-01 9.285389167045972336e-02 1.405325443786982209e-01 2.133591260810195622e-01 0.000000000000000000e+00
4.050000000000000000e+03 1.619944302789655399e-01 5.606508875739645292e-01 8.989531178880291740e-02 1.413290851160673711e-01 2.081247155211652378e-01 0.000000000000000000e+00
4.075000000000000000e+03 1.629943958979713781e-01 5.702093764223942207e-01 9.262630860263997012e-02 1.459945380063723264e-01 1.911697769685935244e-01 0.000000000000000000e+00
4.100000000000000000e+03 1.639943615169774382e-01 5.720300409649522466e-01 9.194355939918069653e-02 1.446290395994538069e-01 1.913973600364132777e-01 0.000000000000000000e+00
4.125000000000000000e+03 1.649943271359834984e-01 5.724852071005916976e-01 9.000910332271279402e-02 1.466772872098315861e-01 1.908284023668639084e-01 0.000000000000000000e+00
4.150000000000000000e+03 1.659942927549893366e-01 5.725989986345015881e-01 9.251251706873007963e-02 1.525944469731451980e-01 1.822940373236231204e-01 0.000000000000000000e+00
4.175000000000000000e+03 1.669942583739953967e-01 5.715748748293126846e-01 8.932635411925353430e-02 1.579426490669094130e-01 1.811561219845243542e-01 0.000000000000000000e+00
4.200000000000000000e+03 1.679942239930012349e-01 5.747610377787892855e-01 9.478834774692762588e-02 1.597633136094674666e-01 1.706873008648156498e-01 0.000000000000000000e+00
4.225000000000000000e+03 1.689941896120072951e-01 5.638370505234410190e-01 9.456076467910787264e-02 1.643149749658625314e-01 1.772872098315885214e-01 0.000000000000000000e+00
4.250000000000000000e+03 1.699941552310131332e-01 5.754437869822485174e-01 8.739189804278561791e-02 1.651115157032316816e-01 1.720527992717341692e-01 0.000000000000000000e+00
4.275000000000000000e+03 1.709941208500191934e-01 5.741920801092398330e-01 8.443331816112881194e-02 1.644287664997724219e-01 1.769458352298589054e-01 0.000000000000000000e+00
4.300000000000000000e+03 1.719940864690250315e-01 5.789713245334546787e-01 8.352298588984979899e-02 1.689804278561675144e-01 1.685252617205279801e-01 0.000000000000000000e+00
4.325000000000000000e+03 1.729940520880310917e-01 5.838643604915794150e-01 8.522985889849794827e-02 1.669321802457897075e-01 1.639736003641329154e-01 0.000000000000000000e+00
4.350000000000000000e+03 1.739940177070369298e-01 5.768092853891670924e-01 9.126081019572143682e-02 1.659080564406008318e-01 1.660218479745106945e-01 0.000000000000000000e+00
4.375000000000000000e+03 1.749939833260429900e-01 5.772644515248065433e-01 8.944014565316341092e-02 1.663632225762403383e-01 1.669321802457897075e-01 0.000000000000000000e+00
4.400000000000000000e+03 1.759939489450490502e-01 5.892125625853436022e-01 8.340919435593992237e-02 1.700045516613563901e-01 1.573736913973600438e-01 0.000000000000000000e+00
4.425000000000000000e+03 1.769939145640548883e-01 5.777196176604461053e-01 8.329540282203004575e-02 1.754665452890304955e-01 1.635184342284934089e-01 0.000000000000000000e+00
4.450000000000000000e+03 1.779938801830609485e-01 5.804506144742831442e-01 8.409194355939918208e-02 1.835457441966317771e-01 1.519116977696859383e-01 0.000000000000000000e+00
4.475000000000000000e+03 1.789938458020667866e-01 5.884160218479744797e-01 8.147473827947200598e-02 1.762630860263996457e-01 1.538461538461538547e-01 0.000000000000000000e+00
4.500000000000000000e+03 1.799938114210728468e-01 5.952435138825671324e-01 7.419208010923987462e-02 1.792216659080564378e-01 1.513427401001365413e-01 0.000000000000000000e+00
4.525000000000000000e+03 1.809937770400786849e-01 5.942193900773782289e-01 7.464724624487938109e-02 1.858215748748293095e-01 1.453117888029130667e-01 0.000000000000000000e+00
4.550000000000000000e+03 1.819937426590847451e-01 5.959262630860263643e-01 7.783340919435594030e-02 1.833181611288120239e-01 1.429221665908056438e-01 0.000000000000000000e+00
4.575000000000000000e+03 1.829937082780905833e-01 5.962676376877560358e-01 7.350933090578061491e-02 1.951524806554392477e-01 1.350705507510241155e-01 0.000000000000000000e+00
4.600000000000000000e+03 1.839936738970966434e-01 5.895539371870732737e-01 7.385070550751024476e-02 1.958352298588985074e-01 1.407601274465179741e-01 0.000000000000000000e+00
4.625000000000000000e+03 1.849936395161024816e-01 5.947883477469276814e-01 6.964041875284478211e-02 2.031178880291306388e-01 1.324533454710969393e-01 0.000000000000000000e+00
4.650000000000000000e+03 1.859936051351085418e-01 5.975193445607647202e-01 6.725079654073737312e-02 1.950386891215293572e-01 1.401911697769686049e-01 0.000000000000000000e+00
4.675000000000000000e+03 1.869935707541146019e-01 5.955848884842968038e-01 6.952662721893490549e-02 2.052799271734183084e-01 1.296085571233500100e-01 0.000000000000000000e+00
4.700000000000000000e+03 1.879935363731204401e-01 5.964952207555758168e-01 6.793354574419663283e-02 2.064178425125170746e-01 1.291533909877105035e-01 0.000000000000000000e+00
4.725000000000000000e+03 1.889935019921265003e-01 5.950159308147473514e-01 6.656804733727811341e-02 2.108557123350022766e-01 1.275603095129722309e-01 0.000000000000000000e+00
4.750000000000000000e+03 1.899934676111323384e-01 5.889849795175239322e-01 7.305416477014110843e-02 2.174556213017751483e-01 1.205052344105598527e-01 0.000000000000000000e+00
4.775000000000000000e+03 1.909934332301383986e-01 5.883022303140645892e-01 7.134729176149294527e-02 2.198452435138825711e-01 1.205052344105598527e-01 0.000000000000000000e+00
4.800000000000000000e+03 1.919933988491442367e-01 5.834091943559399640e-01 6.440600819299044377e-02 2.206417842512516936e-01 1.315430131998179264e-01 0.000000000000000000e+00
4.825000000000000000e+03 1.929933644681502969e-01 5.982020937642239522e-01 6.247155211652252738e-02 2.205279927173418308e-01 1.187983614019117035e-01 0.000000000000000000e+00
4.850000000000000000e+03 1.939933300871561350e-01 5.916021847974510806e-01 6.360946745562130744e-02 2.275830678197542090e-01 1.172052799271734169e-01 0.000000000000000000e+00
4.875000000000000000e+03 1.949932957061621952e-01 5.930814747382794350e-01 6.133363677742376119e-02 2.325898953117888079e-01 1.129949931725079681e-01 0.000000000000000000e+00
4.900000000000000000e+03 1.959932613251682554e-01 5.909194355939918486e-01 5.985434683659535821e-02 2.344105598543468338e-01 1.148156577150659940e-01 0.000000000000000000e+00
4.925000000000000000e+03 1.969932269441740935e-01 5.830678197542102925e-01 6.213017751479289752e-02 2.374829312699135164e-01 1.173190714610832935e-01 0.000000000000000000e+00
4.950000000000000000e+03 1.979931925631801537e-01 5.847746927628584279e-01 6.463359126081019701e-02 2.404415111515703363e-01 1.101502048247610388e-01 0.000000000000000000e+00
4.975000000000000000e+03 1.989931581821859918e-01 5.898953117888029452e-01 6.338188438780155420e-02 2.440828402366863881e-01 1.026399635867091542e-01 0.000000000000000000e+00
5.000000000000000000e+03 1.999931238011920520e-01 5.881884387801548097e-01 6.030951297223486468e-02 2.418070095584888557e-01 1.096950386891215323e-01 0.000000000000000000e+00
5.025000000000000000e+03 2.009930894201978901e-01 5.851160673645880994e-01 6.395084205735093730e-02 2.531861629494765453e-01 9.774692762858443185e-02 0.000000000000000000e+00
5.050000000000000000e+03 2.019930550392039503e-01 5.895539371870732737e-01 6.304050978607191047e-02 2.567137005006827621e-01 9.069185252617205373e-02 0.000000000000000000e+00
5.075000000000000000e+03 2.029930206582097885e-01 5.890987710514338227e-01 6.167501137915339104e-02 2.532999544833864358e-01 9.592626308602640595e-02 0.000000000000000000e+00
5.100000000000000000e+03 2.039929862772158486e-01 5.802230314064633632e-01 6.292671825216203385e-02 2.658170232134728916e-01 9.091943559399180697e-02 1.137915339098771066e-04
5.125000000000000000e+03 2.049929518962216868e-01 5.722576240327719166e-01 6.497496586253982687e-02 2.707100591715976279e-01 9.194355939918069653e-02 1.137915339098771066e-04
5.150000000000000000e+03 2.059929175152277470e-01 5.718024578971324656e-01 6.360946745562130744e-02 2.769685935366408835e-01 8.750568957669549452e-02 1.137915339098771066e-04
5.175000000000000000e+03 2.069928831342338071e-01 5.772644515248065433e-01 6.406463359126081392e-02 2.811788802913063323e-01 7.737824305871643382e-02 1.137915339098771066e-04
5.200000000000000000e+03 2.079928487532396453e-01 5.691852526172053173e-01 6.759217114246700298e-02 2.841374601729631522e-01 7.908511606736458310e-02 0.000000000000000000e+00
5.225000000000000000e+03 2.089928143722457055e-01 5.669094219390077294e-01 6.349567592171143082e-02 2.889167045971779424e-01 8.056440600819299303e-02 1.137915339098771066e-04
5.250000000000000000e+03 2.099927799912515436e-01 5.591715976331360638e-01 6.816112881201638607e-02 3.013199817933545632e-01 7.123350022758306865e-02 1.137915339098771066e-04
5.275000000000000000e+03 2.109927456102576038e-01 5.498406918525261533e-01 7.055075102412380894e-02 3.095129722348657353e-01 7.009558488848430247e-02 0.000000000000000000e+00
5.300000000000000000e+03 2.119927112292634419e-01 5.512061902594447282e-01 6.679563040509786664e-02 3.165680473372781134e-01 6.531634046426945672e-02 1.137915339098771066e-04
5.325000000000000000e+03 2.129926768482695021e-01 5.547337278106508895e-01 6.690942193900774326e-02 3.219162494310423561e-01 5.632680928538916915e-02 1.137915339098771066e-04
5.350000000000000000e+03 2.139926424672753402e-01 5.448338643604915266e-01 7.020937642239417908e-02 3.282885753299954468e-01 5.632680928538916915e-02 3.413746017296313199e-04
5.375000000000000000e+03 2.149926080862814004e-01 5.409649522075558048e-01 6.907146108329539902e-02 3.362539827036868378e-01 5.370960400546199304e-02 0.000000000000000000e+00
5.400000000000000000e+03 2.159925737052872385e-01 5.376649977241693135e-01 7.032316795630405570e-02 3.405780609922621771e-01 5.109239872553481693e-02 3.413746017296313199e-04
5.425000000000000000e+03 2.169925393242932987e-01 5.217341829767865313e-01 6.986800182066454923e-02 3.528675466545289074e-01 5.553026854802002588e-02 0.000000000000000000e+00
5.450000000000000000e+03 2.179925049432993589e-01 5.244651797906235702e-01 6.918525261720527564e-02 3.566226672735548497e-01 4.961310878470642088e-02 1.137915339098771066e-04
5.475000000000000000e+03 2.189924705623051970e-01 5.190031861629494925e-01 7.032316795630405570e-02 3.623122439690487084e-01 4.836140191169777114e-02 0.000000000000000000e+00
5.500000000000000000e+03 2.199924361813112572e-01 5.038689121529358328e-01 7.680928538916705073e-02 3.740327719617660418e-01 4.528903049613108855e-02 0.000000000000000000e+00
5.525000000000000000e+03 2.209924018003170954e-01 5.072826581702321036e-01 7.635411925352754425e-02 3.800637232589895165e-01 3.629949931725079404e-02 0.000000000000000000e+00
5.550000000000000000e+03 2.219923674193231555e-01 4.924897587619481154e-01 7.464724624487938109e-02 3.876877560309512916e-01 4.506144742831133532e-02 1.137915339098771066e-04
5.575000000000000000e+03 2.229923330383289937e-01 4.939690487027765253e-01 7.555757851615839404e-02 3.917842512517068498e-01 3.868912152935821691e-02 0.000000000000000000e+00
5.600000000000000000e+03 2.239922986573350538e-01 4.823623122439690269e-01 7.646791078743742087e-02 4.020254893035958288e-01 3.914428766499772339e-02 0.000000000000000000e+00
5.625000000000000000e+03 2.249922642763408920e-01 4.821347291761493015e-01 7.635411925352754425e-02 4.063495675921711681e-01 3.516158397815202785e-02 0.000000000000000000e+00
5.650000000000000000e+03 2.259922298953469522e-01 4.749658625398270329e-01 7.658170232134729749e-02 4.129494765589440397e-01 3.550295857988165771e-02 0.000000000000000000e+00
5.675000000000000000e+03 2.269921955143530123e-01 4.649522075557578349e-01 7.885753299954482987e-02 4.222803823395539502e-01 3.390987710514337811e-02 0.000000000000000000e+00
