# itime ezz other fcc hcp bcc ico
0.000000000000000000e+00 0.000000000000000000e+00 0.000000000000000000e+00 1.000000000000000000e+00 0.000000000000000000e+00 0.000000000000000000e+00 0.000000000000000000e+00
3.000000000000000000e+01 1.200000294151526425e-02 0.000000000000000000e+00 1.000000000000000000e+00 0.000000000000000000e+00 0.000000000000000000e+00 0.000000000000000000e+00
6.000000000000000000e+01 2.400000588303075055e-02 0.000000000000000000e+00 1.000000000000000000e+00 0.000000000000000000e+00 0.000000000000000000e+00 0.000000000000000000e+00
9.000000000000000000e+01 3.600000882454601481e-02 0.000000000000000000e+00 1.000000000000000000e+00 0.000000000000000000e+00 0.000000000000000000e+00 0.000000000000000000e+00
1.200000000000000000e+02 4.800001176606127906e-02 0.000000000000000000e+00 1.000000000000000000e+00 0.000000000000000000e+00 0.000000000000000000e+00 0.000000000000000000e+00
1.500000000000000000e+02 6.000001470757654332e-02 0.000000000000000000e+00 1.000000000000000000e+00 0.000000000000000000e+00 0.000000000000000000e+00 0.000000000000000000e+00
1.800000000000000000e+02 7.200001764909202961e-02 0.000000000000000000e+00 1.000000000000000000e+00 0.000000000000000000e+00 0.000000000000000000e+00 0.000000000000000000e+00
2.100000000000000000e+02 8.400002059060729387e-02 0.000000000000000000e+00 1.000000000000000000e+00 0.000000000000000000e+00 0.000000000000000000e+00 0.000000000000000000e+00
2.400000000000000000e+02 9.600002353212255812e-02 7.965407373691396923e-04 9.992034592626308775e-01 0.000000000000000000e+00 0.000000000000000000e+00 0.000000000000000000e+00
2.700000000000000000e+02 1.080000264736378224e-01 1.024123805188893906e-03 9.989758761948110966e-01 0.000000000000000000e+00 0.000000000000000000e+00 0.000000000000000000e+00
3.000000000000000000e+02 1.200000294151533087e-01 3.413746017296313308e-03 9.965862539827037292e-01 0.000000000000000000e+00 0.000000000000000000e+00 0.000000000000000000e+00
3.300000000000000000e+02 1.320000323566685729e-01 1.661356395084205573e-02 9.830450614474283144e-01 0.000000000000000000e+00 3.413746017296313199e-04 0.000000000000000000e+00
3.600000000000000000e+02 1.440000352981838372e-01 6.838871187983613931e-02 9.275147928994083024e-01 0.000000000000000000e+00 4.096495220755575623e-03 0.000000000000000000e+00
3.900000000000000000e+02 1.560000382396991014e-01 3.430814747382794905e-01 6.135639508420573929e-01 0.000000000000000000e+00 4.335457441966317910e-02 0.000000000000000000e+00
4.200000000000000000e+02 1.680000411812145877e-01 7.247382794720073074e-01 1.042330450614474269e-01 1.365498406918525280e-03 1.696631770596267741e-01 0.000000000000000000e+00
4.500000000000000000e+02 1.800000441227298520e-01 7.730996813837051063e-01 1.979972690031861493e-02 9.217114246700046018e-03 1.978834774692762866e-01 0.000000000000000000e+00
4.800000000000000000e+02 1.920000470642451162e-01 7.646791078743740977e-01 3.038233955393718558e-02 3.470641784251251444e-02 1.702321347291761433e-01 0.000000000000000000e+00
5.100000000000000000e+02 2.040000500057606025e-01 7.901684114701865713e-01 3.607191624943104080e-02 5.336822940373236318e-02 1.203914428766499761e-01 0.000000000000000000e+00
5.400000000000000000e+02 2.160000529472758668e-01 8.047337278106508895e-01 4.312699135184342586e-02 5.655439235320892238e-02 9.558488848429676221e-02 0.000000000000000000e+00
5.700000000000000000e+02 2.280000558887911311e-01 8.289713245334546787e-01 4.847519344560764776e-02 5.814747382794720199e-02 6.440600819299044377e-02 0.000000000000000000e+00
6.000000000000000000e+02 2.400000588303063953e-01 8.373918980427855763e-01 5.336822940373236318e-02 6.076467910787437116e-02 4.847519344560764776e-02 0.000000000000000000e+00
6.300000000000000000e+02 2.520000617718218816e-01 8.439918070095584479e-01 5.723714155666818210e-02 6.030951297223486468e-02 3.846153846153846367e-02 0.000000000000000000e+00
6.600000000000000000e+02 2.640000647133371459e-01 8.492262175694128556e-01 5.575785161583977911e-02 6.213017751479289752e-02 3.288575329995448160e-02 0.000000000000000000e+00
6.900000000000000000e+02 2.760000676548524101e-01 8.540054619936277014e-01 5.473372781065088954e-02 5.735093309057805872e-02 3.390987710514337811e-02 0.000000000000000000e+00
7.200000000000000000e+02 2.880000705963676744e-01 8.561675011379152878e-01 5.131998179335457710e-02 5.700955848884842886e-02 3.538916704597178109e-02 1.137915339098771066e-04
7.500000000000000000e+02 3.000000735378831607e-01 8.685707783340919086e-01 5.131998179335457710e-02 5.018206645425580398e-02 2.992717341829767910e-02 0.000000000000000000e+00
7.800000000000000000e+02 3.120000764793984249e-01 8.693673190714610310e-01 5.200273099681383682e-02 5.063723258989531045e-02 2.787892580791988956e-02 1.137915339098771066e-04
8.100000000000000000e+02 3.240000794209136892e-01 8.700500682749203740e-01 5.325443786982248656e-02 5.223031406463359005e-02 2.446517979062357712e-02 0.000000000000000000e+00
8.400000000000000000e+02 3.360000823624289534e-01 8.686845698680017991e-01 5.587164314974965573e-02 5.268548020027309653e-02 2.264451524806554428e-02 1.137915339098771066e-04
8.700000000000000000e+02 3.480000853039444397e-01 8.666363222576239922e-01 5.723714155666818210e-02 5.359581247155211642e-02 2.241693218024579104e-02 1.137915339098771066e-04
9.000000000000000000e+02 3.600000882454597040e-01 8.682294037323623481e-01 5.928538916704597511e-02 5.314064633591260994e-02 1.934456076467910846e-02 0.000000000000000000e+00
9.300000000000000000e+02 3.720000911869749682e-01 8.750568957669548897e-01 5.496131087847064278e-02 5.245789713245334329e-02 1.718252162039144229e-02 3.413746017296313199e-04
9.600000000000000000e+02 3.840000941284904545e-01 8.753982703686845612e-01 5.473372781065088954e-02 5.223031406463359005e-02 1.741010468821119553e-02 2.275830678197542133e-04
9.900000000000000000e+02 3.960000970700057188e-01 8.767637687756031362e-01 5.336822940373236318e-02 5.393718707328174627e-02 1.581702321347291593e-02 1.137915339098771066e-04
1.020000000000000000e+03 4.080001000115212051e-01 8.818843878015475424e-01 5.200273099681383682e-02 5.450614474283113631e-02 1.137915339098771045e-02 2.275830678197542133e-04
1.050000000000000000e+03 4.200001029530362473e-01 8.817705962676376519e-01 5.086481565771506369e-02 5.450614474283113631e-02 1.263086026399635846e-02 2.275830678197542133e-04
1.080000000000000000e+03 4.320001058945515116e-01 8.831360946745562268e-01 5.166135639508420696e-02 5.097860719162494031e-02 1.399635867091488309e-02 2.275830678197542133e-04
1.110000000000000000e+03 4.440001088360669979e-01 8.870050068274920596e-01 4.665452890304961492e-02 5.131998179335457710e-02 1.479289940828402289e-02 2.275830678197542133e-04
1.140000000000000000e+03 4.560001117775824842e-01 8.867774237596722786e-01 4.631315430131998506e-02 5.348202093764223980e-02 1.308602639963586667e-02 3.413746017296313199e-04
1.170000000000000000e+03 4.680001147190975264e-01 8.931497496586253693e-01 4.403732362312243881e-02 5.086481565771506369e-02 1.149294492489758707e-02 4.551661356395084266e-04
1.200000000000000000e+03 4.800001176606127906e-01 8.961083295402821891e-01 4.267182521620391245e-02 4.915794264906690747e-02 1.183431952662721866e-02 2.275830678197542133e-04
1.230000000000000000e+03 4.920001206021282769e-01 8.972462448793809831e-01 4.449248975876194528e-02 4.927173418297678409e-02 8.875739644970414427e-03 1.137915339098771066e-04
1.260000000000000000e+03 5.040001235436437632e-01 8.957669549385525176e-01 4.289940828402366568e-02 4.847519344560764776e-02 1.228948566226672687e-02 5.689576695493854790e-04
1.290000000000000000e+03 5.160001264851588054e-01 9.015703231679562668e-01 3.971324533454710648e-02 4.722348657259899801e-02 1.115157032316795548e-02 3.413746017296313199e-04
1.320000000000000000e+03 5.280001294266740697e-01 9.046426945835229771e-01 3.891670459717797015e-02 4.528903049613108855e-02 1.058261265361857065e-02 5.689576695493854790e-04
1.350000000000000000e+03 5.400001323681895560e-01 9.002048247610378029e-01 4.255803368229403583e-02 4.563040509786071841e-02 1.126536185707783383e-02 3.413746017296313199e-04
1.380000000000000000e+03 5.520001353097048202e-01 9.045289030496130867e-01 3.982703686845699004e-02 4.551661356395084179e-02 1.001365498406918582e-02 1.137915339098771066e-04
1.410000000000000000e+03 5.640001382512203065e-01 9.090805644060081514e-01 3.812016385980882688e-02 4.244424214838415921e-02 9.899863450159307465e-03 4.551661356395084266e-04
1.440000000000000000e+03 5.760001411927353487e-01 9.099908966772871644e-01 3.698224852071006069e-02 4.096495220755575623e-02 1.172052799271734204e-02 3.413746017296313199e-04
1.470000000000000000e+03 5.880001441342508350e-01 9.161356395084205850e-01 3.402366863905325473e-02 4.062357760582612637e-02 8.875739644970414427e-03 3.413746017296313199e-04
1.500000000000000000e+03 6.000001470757660993e-01 9.136322257624033272e-01 3.482020937642239106e-02 4.107874374146563284e-02 1.035502958579881741e-02 1.137915339098771066e-04
1.530000000000000000e+03 6.120001500172815856e-01 9.179563040509786109e-01 3.379608557123350149e-02 3.891670459717797015e-02 8.875739644970414427e-03 4.551661356395084266e-04
1.560000000000000000e+03 6.240001529587966278e-01 9.163632225762403660e-01 3.482020937642239106e-02 3.868912152935821691e-02 9.899863450159307465e-03 2.275830678197542133e-04
1.590000000000000000e+03 6.360001559003121141e-01 9.195493855257168558e-01 3.436504324078288458e-02 3.675466545289030745e-02 8.989531178880291046e-03 3.413746017296313199e-04
1.620000000000000000e+03 6.480001588418273784e-01 9.160218479745106945e-01 3.755120619025944378e-02 3.743741465634956717e-02 8.761948111060537808e-03 2.275830678197542133e-04
1.650000000000000000e+03 6.600001617833428647e-01 9.252389622212107145e-01 3.379608557123350149e-02 3.299954483386435822e-02 7.282658170232134826e-03 6.827492034592626399e-04
1.680000000000000000e+03 6.720001647248579069e-01 9.252389622212107145e-01 3.368229403732362487e-02 3.299954483386435822e-02 7.851615839781519654e-03 2.275830678197542133e-04
1.710000000000000000e+03 6.840001676663733932e-01 9.263768775603095085e-01 3.288575329995448160e-02 3.379608557123350149e-02 6.486117432862995025e-03 4.551661356395084266e-04
1.740000000000000000e+03 6.960001706078888795e-01 9.294492489758762188e-01 3.334091943559399501e-02 3.038233955393718558e-02 6.713700500682749130e-03 1.137915339098771066e-04
1.770000000000000000e+03 7.080001735494041437e-01 9.243286299499317016e-01 3.470641784251251444e-02 3.254437869822485174e-02 7.624032771961766417e-03 7.965407373691396923e-04
1.800000000000000000e+03 7.200001764909191859e-01 9.235320892125625791e-01 3.447883477469276120e-02 3.277196176604460498e-02 8.534365043240782836e-03 6.827492034592626399e-04
1.830000000000000000e+03 7.320001794324346722e-01 9.247837960855712636e-01 3.584433318161128756e-02 3.197542102867546865e-02 6.599908966772872511e-03 7.965407373691396923e-04
1.860000000000000000e+03 7.440001823739501585e-01 9.250113791533909335e-01 3.709604005461993731e-02 3.083750568957669552e-02 6.599908966772872511e-03 4.551661356395084266e-04
1.890000000000000000e+03 7.560001853154654228e-01 9.272872098315885214e-01 3.527537551206190447e-02 2.969959035047792587e-02 7.168866636322257339e-03 5.689576695493854790e-04
1.920000000000000000e+03 7.680001882569804650e-01 9.301319981793354508e-01 3.277196176604460498e-02 2.958579881656804578e-02 7.282658170232134826e-03 2.275830678197542133e-04
1.950000000000000000e+03 7.800001911984959513e-01 9.333181611288120516e-01 3.140646335912607862e-02 2.856167501137915274e-02 6.030951297223486815e-03 6.827492034592626399e-04
1.980000000000000000e+03 7.920001941400114376e-01 9.330905780609922706e-01 3.186162949476559203e-02 2.639963586709149004e-02 7.965407373691398007e-03 6.827492034592626399e-04
2.010000000000000000e+03 8.040001970815267018e-01 9.350250341374601870e-01 3.072371415566681890e-02 2.662721893491124328e-02 7.055075102412380721e-03 5.689576695493854790e-04
2.040000000000000000e+03 8.160002000230417440e-01 9.367319071461083224e-01 2.947200728265816916e-02 2.446517979062357712e-02 8.534365043240782836e-03 7.965407373691396923e-04
2.070000000000000000e+03 8.280002029645572303e-01 9.361629494765589810e-01 2.969959035047792587e-02 2.753755120619025970e-02 5.803368229403732710e-03 7.965407373691396923e-04
2.100000000000000000e+03 8.400002059060727166e-01 9.362767410104688715e-01 2.935821574874829254e-02 2.810650887573964626e-02 5.461993627674101119e-03 7.965407373691396923e-04
2.130000000000000000e+03 8.520002088475879809e-01 9.365043240782885414e-01 2.844788347746927612e-02 2.708238507055074976e-02 6.941283568502503235e-03 1.024123805188893906e-03
2.160000000000000000e+03 8.640002117891030231e-01 9.399180700955849233e-01 2.856167501137915274e-02 2.355484751934456070e-02 7.168866636322257339e-03 7.965407373691396923e-04
2.190000000000000000e+03 8.760002147306185094e-01 9.449248975876194390e-01 2.423759672280382388e-02 2.230314064633591095e-02 7.624032771961766417e-03 9.103322712790168532e-04
2.220000000000000000e+03 8.880002176721339957e-01 9.461766044606281234e-01 2.560309512972235024e-02 2.014110150204824826e-02 7.168866636322257339e-03 9.103322712790168532e-04
2.250000000000000000e+03 9.000002206136492600e-01 9.511834319526627501e-01 2.309968138370505075e-02 1.786527082385070547e-02 7.396449704142011444e-03 4.551661356395084266e-04
2.280000000000000000e+03 9.120002235551645242e-01 9.507282658170231882e-01 2.207555757851615771e-02 2.002730996813837164e-02 6.599908966772872511e-03 5.689576695493854790e-04
2.310000000000000000e+03 9.240002264966797885e-01 9.525489303595812141e-01 1.979972690031861493e-02 2.036868456986800149e-02 6.713700500682749130e-03 5.689576695493854790e-04
2.340000000000000000e+03 9.360002294381952748e-01 9.538006372325898985e-01 2.105143377332726468e-02 1.797906235776058209e-02 6.486117432862995025e-03 6.827492034592626399e-04
2.370000000000000000e+03 9.480002323797105390e-01 9.510696404187528596e-01 1.934456076467910846e-02 2.036868456986800149e-02 7.510241238051888930e-03 1.706873008648156654e-03
2.400000000000000000e+03 9.600002353212258033e-01 9.567592171142467183e-01 1.888939462903959851e-02 1.797906235776058209e-02 4.893035958124715423e-03 1.479289940828402332e-03
2.430000000000000000e+03 9.720002382627412896e-01 9.572143832498861693e-01 1.695493855257168905e-02 1.797906235776058209e-02 6.941283568502503235e-03 9.103322712790168532e-04
2.460000000000000000e+03 9.840002412042567759e-01 9.573281747837960598e-01 1.832043695949021542e-02 1.706873008648156567e-02 6.372325898953117539e-03 9.103322712790168532e-04
2.490000000000000000e+03 9.960002441457718181e-01 9.611970869367318926e-01 1.536185707783340945e-02 1.604460628129267263e-02 6.258534365043240920e-03 1.137915339098770958e-03
