# itime ezz other fcc hcp bcc ico
0.000000000000000000e+00 0.000000000000000000e+00 2.730996813837050560e-03 9.971552116522530707e-01 0.000000000000000000e+00 1.137915339098771066e-04 0.000000000000000000e+00
2.500000000000000000e+01 1.000019874778379503e-03 1.137915339098770958e-03 9.988620846609012061e-01 0.000000000000000000e+00 0.000000000000000000e+00 0.000000000000000000e+00
5.000000000000000000e+01 2.000039749556759006e-03 2.162039144287664864e-03 9.978379608557123026e-01 0.000000000000000000e+00 0.000000000000000000e+00 0.000000000000000000e+00
7.500000000000000000e+01 3.000059624335360553e-03 1.137915339098770958e-03 9.988620846609012061e-01 0.000000000000000000e+00 0.000000000000000000e+00 0.000000000000000000e+00
1.000000000000000000e+02 4.000079499113740056e-03 6.827492034592626399e-04 9.993172507965407680e-01 0.000000000000000000e+00 0.000000000000000000e+00 0.000000000000000000e+00
1.250000000000000000e+02 5.000099373892119559e-03 5.689576695493854790e-04 9.994310423304506585e-01 0.000000000000000000e+00 0.000000000000000000e+00 0.000000000000000000e+00
1.500000000000000000e+02 6.000119248670499061e-03 4.551661356395084266e-04 9.995448338643604380e-01 0.000000000000000000e+00 0.000000000000000000e+00 0.000000000000000000e+00
1.750000000000000000e+02 7.000139123448878564e-03 4.551661356395084266e-04 9.995448338643604380e-01 0.000000000000000000e+00 0.000000000000000000e+00 0.000000000000000000e+00
2.000000000000000000e+02 8.000158998227480112e-03 1.024123805188893906e-03 9.988620846609012061e-01 0.000000000000000000e+00 1.137915339098771066e-04 0.000000000000000000e+00
2.250000000000000000e+02 9.000178873005859614e-03 1.365498406918525280e-03 9.986345015930814251e-01 0.000000000000000000e+00 0.000000000000000000e+00 0.000000000000000000e+00
2.500000000000000000e+02 1.000019874778423912e-02 1.365498406918525280e-03 9.985207100591716456e-01 0.000000000000000000e+00 1.137915339098771066e-04 0.000000000000000000e+00
2.750000000000000000e+02 1.100021862256261862e-02 9.103322712790168532e-04 9.990896677287209870e-01 0.000000000000000000e+00 0.000000000000000000e+00 0.000000000000000000e+00
3.000000000000000000e+02 1.200023849734099812e-02 5.689576695493854790e-04 9.994310423304506585e-01 0.000000000000000000e+00 0.000000000000000000e+00 0.000000000000000000e+00
3.250000000000000000e+02 1.300025837211959967e-02 1.934456076467910759e-03 9.980655439235320836e-01 0.000000000000000000e+00 0.000000000000000000e+00 0.000000000000000000e+00
3.500000000000000000e+02 1.400027824689797917e-02 2.162039144287664864e-03 9.978379608557123026e-01 0.000000000000000000e+00 0.000000000000000000e+00 0.000000000000000000e+00
3.750000000000000000e+02 1.500029812167635868e-02 1.706873008648156654e-03 9.981793354574419741e-01 0.000000000000000000e+00 1.137915339098771066e-04 0.000000000000000000e+00
4.000000000000000000e+02 1.600031799645473818e-02 1.479289940828402332e-03 9.985207100591716456e-01 0.000000000000000000e+00 0.000000000000000000e+00 0.000000000000000000e+00
4.250000000000000000e+02 1.700033787123311768e-02 1.024123805188893906e-03 9.989758761948110966e-01 0.000000000000000000e+00 0.000000000000000000e+00 0.000000000000000000e+00
4.500000000000000000e+02 1.800035774601171923e-02 2.617205279927173507e-03 9.973827947200728516e-01 0.000000000000000000e+00 0.000000000000000000e+00 0.000000000000000000e+00
4.750000000000000000e+02 1.900037762079009873e-02 1.820664542558033706e-03 9.981793354574419741e-01 0.000000000000000000e+00 0.000000000000000000e+00 0.000000000000000000e+00
5.000000000000000000e+02 2.000039749556847823e-02 1.706873008648156654e-03 9.981793354574419741e-01 0.000000000000000000e+00 1.137915339098771066e-04 0.000000000000000000e+00
5.250000000000000000e+02 2.100041737034685774e-02 3.072371415566681717e-03 9.968138370505233992e-01 0.000000000000000000e+00 1.137915339098771066e-04 0.000000000000000000e+00
5.500000000000000000e+02 2.200043724512545928e-02 2.162039144287664864e-03 9.978379608557123026e-01 0.000000000000000000e+00 0.000000000000000000e+00 0.000000000000000000e+00
5.750000000000000000e+02 2.300045711990383879e-02 1.934456076467910759e-03 9.980655439235320836e-01 0.000000000000000000e+00 0.000000000000000000e+00 0.000000000000000000e+00
6.000000000000000000e+02 2.400047699468221829e-02 2.730996813837050560e-03 9.971552116522530707e-01 0.000000000000000000e+00 1.137915339098771066e-04 0.000000000000000000e+00
6.250000000000000000e+02 2.500049686946059779e-02 4.210286754665453109e-03 9.957897132453344957e-01 0.000000000000000000e+00 0.000000000000000000e+00 0.000000000000000000e+00
6.500000000000000000e+02 2.600051674423897730e-02 2.844788347746927612e-03 9.971552116522530707e-01 0.000000000000000000e+00 0.000000000000000000e+00 0.000000000000000000e+00
6.750000000000000000e+02 2.700053661901757884e-02 2.958579881656804664e-03 9.970414201183431802e-01 0.000000000000000000e+00 0.000000000000000000e+00 0.000000000000000000e+00
7.000000000000000000e+02 2.800055649379595835e-02 5.461993627674101119e-03 9.943104233045061413e-01 0.000000000000000000e+00 2.275830678197542133e-04 0.000000000000000000e+00
7.250000000000000000e+02 2.900057636857433785e-02 3.299954483386436255e-03 9.965862539827037292e-01 0.000000000000000000e+00 1.137915339098771066e-04 0.000000000000000000e+00
7.500000000000000000e+02 3.000059624335271735e-02 4.096495220755575623e-03 9.959035047792443862e-01 0.000000000000000000e+00 0.000000000000000000e+00 0.000000000000000000e+00
7.750000000000000000e+02 3.100061611813109685e-02 4.437869822485207214e-03 9.955621301775148257e-01 0.000000000000000000e+00 0.000000000000000000e+00 0.000000000000000000e+00
8.000000000000000000e+02 3.200063599290969840e-02 5.120619025944469528e-03 9.946517979062358128e-01 0.000000000000000000e+00 2.275830678197542133e-04 0.000000000000000000e+00
8.250000000000000000e+02 3.300065586768807790e-02 3.072371415566681717e-03 9.969276285844332897e-01 0.000000000000000000e+00 0.000000000000000000e+00 0.000000000000000000e+00
8.500000000000000000e+02 3.400067574246645741e-02 5.803368229403732710e-03 9.940828402366863603e-01 0.000000000000000000e+00 1.137915339098771066e-04 0.000000000000000000e+00
8.750000000000000000e+02 3.500069561724483691e-02 5.803368229403732710e-03 9.938552571688666903e-01 0.000000000000000000e+00 3.413746017296313199e-04 0.000000000000000000e+00
9.000000000000000000e+02 3.600071549202321641e-02 4.779244424214838804e-03 9.948793809740554828e-01 0.000000000000000000e+00 3.413746017296313199e-04 0.000000000000000000e+00
9.250000000000000000e+02 3.700073536680181796e-02 7.624032771961766417e-03 9.921483841602184439e-01 0.000000000000000000e+00 2.275830678197542133e-04 0.000000000000000000e+00
9.500000000000000000e+02 3.800075524158019746e-02 8.420573509330906217e-03 9.913518434228493215e-01 0.000000000000000000e+00 2.275830678197542133e-04 0.000000000000000000e+00
9.750000000000000000e+02 3.900077511635857697e-02 7.737824305871643035e-03 9.918070095584888834e-01 0.000000000000000000e+00 4.551661356395084266e-04 0.000000000000000000e+00
1.000000000000000000e+03 4.000079499113695647e-02 6.486117432862995025e-03 9.930587164314974569e-01 0.000000000000000000e+00 4.551661356395084266e-04 0.000000000000000000e+00
1.025000000000000000e+03 4.100081486591533597e-02 8.761948111060537808e-03 9.911242603550295405e-01 0.000000000000000000e+00 1.137915339098771066e-04 0.000000000000000000e+00
1.050000000000000000e+03 4.200083474069393752e-02 8.306781975421027864e-03 9.915794264906691025e-01 0.000000000000000000e+00 1.137915339098771066e-04 0.000000000000000000e+00
1.075000000000000000e+03 4.300085461547231702e-02 9.444697314519799256e-03 9.904415111515703085e-01 0.000000000000000000e+00 1.137915339098771066e-04 0.000000000000000000e+00
1.100000000000000000e+03 4.400087449025069652e-02 1.103777878925807886e-02 9.888484296768320636e-01 0.000000000000000000e+00 1.137915339098771066e-04 0.000000000000000000e+00
1.125000000000000000e+03 4.500089436502907603e-02 1.183431952662721866e-02 9.875967228038233792e-01 0.000000000000000000e+00 5.689576695493854790e-04 0.000000000000000000e+00
1.150000000000000000e+03 4.600091423980745553e-02 1.433773327264451468e-02 9.848657259899863403e-01 0.000000000000000000e+00 7.965407373691396923e-04 0.000000000000000000e+00
1.175000000000000000e+03 4.700093411458605708e-02 1.240327719617660522e-02 9.870277651342740377e-01 0.000000000000000000e+00 5.689576695493854790e-04 0.000000000000000000e+00
1.200000000000000000e+03 4.800095398936443658e-02 9.786071916249430847e-03 9.895311788802912956e-01 0.000000000000000000e+00 6.827492034592626399e-04 0.000000000000000000e+00
1.225000000000000000e+03 4.900097386414281608e-02 1.672735548475193582e-02 9.824761037778789730e-01 0.000000000000000000e+00 7.965407373691396923e-04 0.000000000000000000e+00
1.250000000000000000e+03 5.000099373892119559e-02 1.422394173873463806e-02 9.850933090578061213e-01 0.000000000000000000e+00 6.827492034592626399e-04 0.000000000000000000e+00
1.275000000000000000e+03 5.100101361369957509e-02 1.581702321347291593e-02 9.836140191169776559e-01 0.000000000000000000e+00 5.689576695493854790e-04 0.000000000000000000e+00
1.300000000000000000e+03 5.200103348847817664e-02 1.593081474738279601e-02 9.831588529813382049e-01 0.000000000000000000e+00 9.103322712790168532e-04 0.000000000000000000e+00
1.325000000000000000e+03 5.300105336325655614e-02 1.775147928994082885e-02 9.811106053709603980e-01 0.000000000000000000e+00 1.137915339098770958e-03 0.000000000000000000e+00
1.350000000000000000e+03 5.400107323803493564e-02 1.741010468821119553e-02 9.817933545744196300e-01 0.000000000000000000e+00 7.965407373691396923e-04 0.000000000000000000e+00
1.375000000000000000e+03 5.500109311281331514e-02 1.649977241693217911e-02 9.829312699135184239e-01 0.000000000000000000e+00 5.689576695493854790e-04 0.000000000000000000e+00
1.400000000000000000e+03 5.600111298759169465e-02 2.344105598543468408e-02 9.756486117432863203e-01 0.000000000000000000e+00 9.103322712790168532e-04 0.000000000000000000e+00
1.425000000000000000e+03 5.700113286237029619e-02 2.275830678197542090e-02 9.765589440145653333e-01 0.000000000000000000e+00 6.827492034592626399e-04 0.000000000000000000e+00
1.450000000000000000e+03 5.800115273714867570e-02 2.514792899408284030e-02 9.741693218024578549e-01 0.000000000000000000e+00 6.827492034592626399e-04 0.000000000000000000e+00
1.475000000000000000e+03 5.900117261192705520e-02 2.787892580791988956e-02 9.710969503868912556e-01 0.000000000000000000e+00 1.024123805188893906e-03 0.000000000000000000e+00
1.500000000000000000e+03 6.000119248670543470e-02 2.947200728265816916e-02 9.688211197086936677e-01 0.000000000000000000e+00 1.706873008648156654e-03 0.000000000000000000e+00
1.525000000000000000e+03 6.100121236148403625e-02 3.550295857988165771e-02 9.627901684114701375e-01 0.000000000000000000e+00 1.706873008648156654e-03 0.000000000000000000e+00
1.550000000000000000e+03 6.200123223626241575e-02 3.038233955393718558e-02 9.684797451069639962e-01 0.000000000000000000e+00 1.137915339098770958e-03 0.000000000000000000e+00
1.575000000000000000e+03 6.300125211104079526e-02 3.447883477469276120e-02 9.635867091488393710e-01 0.000000000000000000e+00 1.934456076467910759e-03 0.000000000000000000e+00
1.600000000000000000e+03 6.400127198581917476e-02 4.722348657259899801e-02 9.497041420118342847e-01 0.000000000000000000e+00 3.072371415566681717e-03 0.000000000000000000e+00
1.625000000000000000e+03 6.500129186059755426e-02 4.710969503868912139e-02 9.510696404187528596e-01 0.000000000000000000e+00 1.820664542558033706e-03 0.000000000000000000e+00
1.650000000000000000e+03 6.600131173537615581e-02 4.756486117432862787e-02 9.490213928083750528e-01 0.000000000000000000e+00 3.413746017296313308e-03 0.000000000000000000e+00
1.675000000000000000e+03 6.700133161015453531e-02 3.470641784251251444e-02 9.626763768775603580e-01 0.000000000000000000e+00 2.617205279927173507e-03 0.000000000000000000e+00
1.700000000000000000e+03 6.800135148493291481e-02 4.289940828402366568e-02 9.549385525716886924e-01 0.000000000000000000e+00 2.162039144287664864e-03 0.000000000000000000e+00
1.725000000000000000e+03 6.900137135971129432e-02 3.903049613108784677e-02 9.592626308602639762e-01 0.000000000000000000e+00 1.706873008648156654e-03 0.000000000000000000e+00
1.750000000000000000e+03 7.000139123448967382e-02 4.699590350477924477e-02 9.503868912152936277e-01 0.000000000000000000e+00 2.617205279927173507e-03 0.000000000000000000e+00
1.775000000000000000e+03 7.100141110926827537e-02 6.178880291306326766e-02 9.352526172052799680e-01 0.000000000000000000e+00 2.958579881656804664e-03 0.000000000000000000e+00
1.800000000000000000e+03 7.200143098404665487e-02 5.052344105598543383e-02 9.466317705962676854e-01 0.000000000000000000e+00 2.844788347746927612e-03 0.000000000000000000e+00
1.825000000000000000e+03 7.300145085882503437e-02 4.858898497951752438e-02 9.481110605370960398e-01 0.000000000000000000e+00 3.299954483386436255e-03 0.000000000000000000e+00
1.850000000000000000e+03 7.400147073360341388e-02 5.814747382794720199e-02 9.396904870277651423e-01 0.000000000000000000e+00 2.162039144287664864e-03 0.000000000000000000e+00
1.875000000000000000e+03 7.500149060838179338e-02 5.928538916704597511e-02 9.380974055530268974e-01 0.000000000000000000e+00 2.617205279927173507e-03 0.000000000000000000e+00
1.900000000000000000e+03 7.600151048316039493e-02 5.848884842967683184e-02 9.387801547564861293e-01 0.000000000000000000e+00 2.730996813837050560e-03 0.000000000000000000e+00
1.925000000000000000e+03 7.700153035793877443e-02 6.713700500682749650e-02 9.291078743741465473e-01 0.000000000000000000e+00 3.755120619025944465e-03 0.000000000000000000e+00
1.950000000000000000e+03 7.800155023271715393e-02 7.862994993172507663e-02 9.156804733727810230e-01 0.000000000000000000e+00 5.689576695493855224e-03 0.000000000000000000e+00
1.975000000000000000e+03 7.900157010749553343e-02 8.511606736458807165e-02 9.104460628129267263e-01 0.000000000000000000e+00 4.437869822485207214e-03 0.000000000000000000e+00
2.000000000000000000e+03 8.000158998227391294e-02 8.022303140646336317e-02 9.136322257624033272e-01 0.000000000000000000e+00 6.144742831133363434e-03 0.000000000000000000e+00
2.025000000000000000e+03 8.100160985705251449e-02 9.638142922166591242e-02 8.950842057350932857e-01 0.000000000000000000e+00 8.534365043240782836e-03 0.000000000000000000e+00
2.050000000000000000e+03 8.200162973183089399e-02 1.103777878925807920e-01 8.821119708693673234e-01 0.000000000000000000e+00 7.510241238051888930e-03 0.000000000000000000e+00
2.075000000000000000e+03 8.300164960660927349e-02 1.181156121984524299e-01 8.715293582157487284e-01 0.000000000000000000e+00 1.035502958579881741e-02 0.000000000000000000e+00
2.100000000000000000e+03 8.400166948138765299e-02 1.194811106053709632e-01 8.683431952662722386e-01 0.000000000000000000e+00 1.217569412835685025e-02 0.000000000000000000e+00
2.125000000000000000e+03 8.500168935616603250e-02 1.356395084205735124e-01 8.491124260355029651e-01 0.000000000000000000e+00 1.524806554392353283e-02 0.000000000000000000e+00
2.150000000000000000e+03 8.600170923094463404e-02 1.407601274465179741e-01 8.418297678652708615e-01 0.000000000000000000e+00 1.741010468821119553e-02 0.000000000000000000e+00
2.175000000000000000e+03 8.700172910572301355e-02 1.365498406918525254e-01 8.466090122894857073e-01 0.000000000000000000e+00 1.684114701866181243e-02 0.000000000000000000e+00
2.200000000000000000e+03 8.800174898050139305e-02 1.521392808375056915e-01 8.256713700500682984e-01 0.000000000000000000e+00 2.218934911242603433e-02 0.000000000000000000e+00
2.225000000000000000e+03 8.900176885527977255e-02 1.694355939918070209e-01 8.068957669549385869e-01 0.000000000000000000e+00 2.366863905325443732e-02 0.000000000000000000e+00
2.250000000000000000e+03 9.000178873005815205e-02 1.664770141101502010e-01 8.082612653618570508e-01 0.000000000000000000e+00 2.526172052799271692e-02 0.000000000000000000e+00
2.275000000000000000e+03 9.100180860483675360e-02 1.775147928994082747e-01 7.947200728265817471e-01 0.000000000000000000e+00 2.776513427401001294e-02 0.000000000000000000e+00
2.300000000000000000e+03 9.200182847961513311e-02 2.111970869367319203e-01 7.588757396449704595e-01 0.000000000000000000e+00 2.992717341829767910e-02 0.000000000000000000e+00
2.325000000000000000e+03 9.300184835439351261e-02 2.073281747837960876e-01 7.570550751024124336e-01 2.275830678197542133e-04 3.538916704597178109e-02 0.000000000000000000e+00
2.350000000000000000e+03 9.400186822917189211e-02 2.275830678197542090e-01 7.308830223031406170e-01 1.137915339098771066e-04 4.142011834319526964e-02 0.000000000000000000e+00
2.375000000000000000e+03 9.500188810395027161e-02 2.403277196176604458e-01 7.080109239872554028e-01 9.103322712790168532e-04 5.075102412380518707e-02 0.000000000000000000e+00
2.400000000000000000e+03 9.600190797872887316e-02 2.601274465179790885e-01 6.792216659080564378e-01 4.551661356395084266e-04 6.019572143832498806e-02 0.000000000000000000e+00
2.425000000000000000e+03 9.700192785350725266e-02 2.707100591715976279e-01 6.561219845243514426e-01 1.251706873008648227e-03 7.191624943104232837e-02 0.000000000000000000e+00
2.450000000000000000e+03 9.800194772828563217e-02 2.999544833864360438e-01 6.152708238507055283e-01 1.024123805188893906e-03 8.375056895766955223e-02 0.000000000000000000e+00
2.475000000000000000e+03 9.900196760306401167e-02 3.032544378698224796e-01 5.945607646791079004e-01 1.593081474738279385e-03 1.005917159763313612e-01 0.000000000000000000e+00
2.500000000000000000e+03 1.000019874778426132e-01 3.244196631770596140e-01 5.560992262175694645e-01 2.503413746017296455e-03 1.169776968593536637e-01 0.000000000000000000e+00
2.525000000000000000e+03 1.010020073526209927e-01 3.559399180700955623e-01 5.071688666363222131e-01 4.893035958124715423e-03 1.319981793354574329e-01 0.000000000000000000e+00
2.550000000000000000e+03 1.020020272273993722e-01 3.691397360036413056e-01 4.737141556668184039e-01 7.510241238051888930e-03 1.496358670914884059e-01 0.000000000000000000e+00
2.575000000000000000e+03 1.030020471021777517e-01 3.956531634046426826e-01 4.284251251706873154e-01 7.737824305871643035e-03 1.681838871187983642e-01 0.000000000000000000e+00
2.600000000000000000e+03 1.040020669769561312e-01 3.815430131998179264e-01 4.259217114246700020e-01 1.137915339098771045e-02 1.811561219845243542e-01 0.000000000000000000e+00
2.625000000000000000e+03 1.050020868517347328e-01 3.946290395994537792e-01 3.969048702776513671e-01 1.558944014565316269e-02 1.928766499772416876e-01 0.000000000000000000e+00
2.650000000000000000e+03 1.060021067265131123e-01 3.867774237596722786e-01 3.833636777423759523e-01 2.230314064633591095e-02 2.075557578516158408e-01 0.000000000000000000e+00
2.675000000000000000e+03 1.070021266012914918e-01 3.768775603095129711e-01 3.713017751479290030e-01 2.207555757851615771e-02 2.297451069640418786e-01 0.000000000000000000e+00
2.700000000000000000e+03 1.080021464760698713e-01 3.587847064178424916e-01 3.640191169776968438e-01 2.708238507055074976e-02 2.501137915339098905e-01 0.000000000000000000e+00
2.725000000000000000e+03 1.090021663508482508e-01 3.781292671825216001e-01 3.237369139736003820e-01 3.516158397815202785e-02 2.629722348657259623e-01 0.000000000000000000e+00
2.750000000000000000e+03 1.100021862256268523e-01 3.950842057350932857e-01 2.926718252162039402e-01 3.686845698680018407e-02 2.753755120619025831e-01 0.000000000000000000e+00
2.775000000000000000e+03 1.110022061004052318e-01 3.862084660901228816e-01 2.800409649522075384e-01 4.619936276741010150e-02 2.875512061902594230e-01 0.000000000000000000e+00
2.800000000000000000e+03 1.120022259751836113e-01 3.813154301319982009e-01 2.645653163404642627e-01 5.370960400546199304e-02 3.004096495220755503e-01 0.000000000000000000e+00
2.825000000000000000e+03 1.130022458499619908e-01 3.804050978607191880e-01 2.498862084660901095e-01 5.655439235320892238e-02 3.131543013199817871e-01 0.000000000000000000e+00
2.850000000000000000e+03 1.140022657247403703e-01 3.864360491579426626e-01 2.341829767865270806e-01 5.962676376877560497e-02 3.197542102867546587e-01 0.000000000000000000e+00
2.875000000000000000e+03 1.150022855995189719e-01 3.826809285389167203e-01 2.284934000910332219e-01 6.360946745562130744e-02 3.252162039144287919e-01 0.000000000000000000e+00
2.900000000000000000e+03 1.160023054742973514e-01 3.731224396904870289e-01 2.216659080564405970e-01 7.259899863450158808e-02 3.326126536185707860e-01 0.000000000000000000e+00
2.925000000000000000e+03 1.170023253490757309e-01 3.777878925807919841e-01 2.193900773782430647e-01 7.214383249886208160e-02 3.306781975421028696e-01 0.000000000000000000e+00
2.950000000000000000e+03 1.180023452238541104e-01 3.882567137005006885e-01 2.067592171142466906e-01 7.919890760127445972e-02 3.257851615839781334e-01 0.000000000000000000e+00
2.975000000000000000e+03 1.190023650986324899e-01 4.077150659990896875e-01 1.994765589440145592e-01 7.988165680473373331e-02 3.129267182521620616e-01 0.000000000000000000e+00
3.000000000000000000e+03 1.200023849734110915e-01 3.988393263541192280e-01 1.966317705962676299e-01 8.796085571233500100e-02 3.165680473372781134e-01 0.000000000000000000e+00
3.025000000000000000e+03 1.210024048481894710e-01 4.089667728720983164e-01 1.910559854346836617e-01 9.035047792444242387e-02 3.096267637687756258e-01 0.000000000000000000e+00
3.050000000000000000e+03 1.220024247229678505e-01 4.098771051433773294e-01 1.883249886208466228e-01 9.274010013654984674e-02 3.090578060992262288e-01 0.000000000000000000e+00
3.075000000000000000e+03 1.230024445977462300e-01 4.162494310423304755e-01 1.871870732817478289e-01 1.009330905780609910e-01 2.956304050978607045e-01 0.000000000000000000e+00
3.100000000000000000e+03 1.240024644725246095e-01 4.281975421028675344e-01 1.772872098315885214e-01 1.087847064178425194e-01 2.857305416477013971e-01 0.000000000000000000e+00
3.125000000000000000e+03 1.250024843473032110e-01 4.318388711879836417e-01 1.731907146108329631e-01 1.139053254437869811e-01 2.810650887573964418e-01 0.000000000000000000e+00
3.150000000000000000e+03 1.260025042220815905e-01 4.333181611288119961e-01 1.739872553482020856e-01 1.142467000455166110e-01 2.784478834774692935e-01 0.000000000000000000e+00
3.175000000000000000e+03 1.270025240968599700e-01 4.310423304506144637e-01 1.661356395084205850e-01 1.194811106053709632e-01 2.833409194355939742e-01 0.000000000000000000e+00
3.200000000000000000e+03 1.280025439716383495e-01 4.325216203914428736e-01 1.638598088302230249e-01 1.230086481565771522e-01 2.806099226217569353e-01 0.000000000000000000e+00
3.225000000000000000e+03 1.290025638464167290e-01 4.320664542558033672e-01 1.527082385070550885e-01 1.329085116067364458e-01 2.823167956304050707e-01 0.000000000000000000e+00
3.250000000000000000e+03 1.300025837211953306e-01 4.399180700955848677e-01 1.496358670914884059e-01 1.319981793354574329e-01 2.784478834774692935e-01 0.000000000000000000e+00
3.275000000000000000e+03 1.310026035959737101e-01 4.337733272644515026e-01 1.483841602184797492e-01 1.338188438780154865e-01 2.840236686390532617e-01 0.000000000000000000e+00
3.300000000000000000e+03 1.320026234707520896e-01 4.286527082385070408e-01 1.415566681838871244e-01 1.403049613108784677e-01 2.894856622667273394e-01 0.000000000000000000e+00
3.325000000000000000e+03 1.330026433455304691e-01 4.406008192990441552e-01 1.299499317250796537e-01 1.477014110150204895e-01 2.817478379608557293e-01 0.000000000000000000e+00
3.350000000000000000e+03 1.340026632203088486e-01 4.559626763768775404e-01 1.207328174783796060e-01 1.475876194811105990e-01 2.757168866636321991e-01 0.000000000000000000e+00
3.375000000000000000e+03 1.350026830950874501e-01 4.476558944014565333e-01 1.226672735548475224e-01 1.496358670914884059e-01 2.800409649522075384e-01 0.000000000000000000e+00
3.400000000000000000e+03 1.360027029698658296e-01 4.597177969959034827e-01 1.169776968593536637e-01 1.444014565316340537e-01 2.789030496131087999e-01 0.000000000000000000e+00
3.425000000000000000e+03 1.370027228446442091e-01 4.670004551661356418e-01 1.108329540282202985e-01 1.543013199817933612e-01 2.678652708238506985e-01 0.000000000000000000e+00
3.450000000000000000e+03 1.380027427194225886e-01 4.624487938097405770e-01 1.099226217569412856e-01 1.522530723714155543e-01 2.753755120619025831e-01 0.000000000000000000e+00
3.475000000000000000e+03 1.390027625942011902e-01 4.576695493855257313e-01 1.076467910787437393e-01 1.622667273554847522e-01 2.724169321802457633e-01 0.000000000000000000e+00
3.500000000000000000e+03 1.400027824689795697e-01 4.743969048702776359e-01 1.084433318161128756e-01 1.581702321347291662e-01 2.589895311788802945e-01 0.000000000000000000e+00
3.525000000000000000e+03 1.410028023437579492e-01 4.753072371415566488e-01 1.069640418752844796e-01 1.692080109239872676e-01 2.485207100591715901e-01 0.000000000000000000e+00
3.550000000000000000e+03 1.420028222185363287e-01 4.823623122439690269e-01 1.008192990441511144e-01 1.758079198907601393e-01 2.410104688211197055e-01 0.000000000000000000e+00
3.575000000000000000e+03 1.430028420933147082e-01 4.908966772872098150e-01 9.968138370505234824e-02 1.780837505689576716e-01 2.313381884387801513e-01 0.000000000000000000e+00
3.600000000000000000e+03 1.440028619680933097e-01 4.838416021847974369e-01 1.007055075102412378e-01 1.731907146108329631e-01 2.422621756941283622e-01 0.000000000000000000e+00
3.625000000000000000e+03 1.450028818428716892e-01 4.849795175238962308e-01 1.055985434683659602e-01 1.789940828402366846e-01 2.304278561675011383e-01 0.000000000000000000e+00
3.650000000000000000e+03 1.460029017176500687e-01 5.037551206190259423e-01 1.026399635867091542e-01 1.797906235776058348e-01 2.138142922166590687e-01 0.000000000000000000e+00
3.675000000000000000e+03 1.470029215924284482e-01 4.973827947200728516e-01 9.558488848429676221e-02 1.793354574419663283e-01 2.276968593536640995e-01 0.000000000000000000e+00
3.700000000000000000e+03 1.480029414672068278e-01 5.121756941283568398e-01 9.615384615384615918e-02 1.804733727810650945e-01 2.111970869367319203e-01 0.000000000000000000e+00
3.725000000000000000e+03 1.490029613419854293e-01 5.034137460172962708e-01 9.376422394173873631e-02 1.890077378243058825e-01 2.138142922166590687e-01 0.000000000000000000e+00
3.750000000000000000e+03 1.500029812167638088e-01 5.139963586709148657e-01 8.944014565316341092e-02 1.846836595357305433e-01 2.118798361401911801e-01 0.000000000000000000e+00
3.775000000000000000e+03 1.510030010915421883e-01 5.111515703231679364e-01 9.023668639053254725e-02 1.907146108329540179e-01 2.078971324533454845e-01 0.000000000000000000e+00
3.800000000000000000e+03 1.520030209663205678e-01 5.124032771961766208e-01 8.659535730541648157e-02 1.968593536640873831e-01 2.041420118343195145e-01 0.000000000000000000e+00
3.825000000000000000e+03 1.530030408410989473e-01 5.119481110605370588e-01 9.012289485662267063e-02 1.969731451979972736e-01 2.009558488848429691e-01 0.000000000000000000e+00
3.850000000000000000e+03 1.540030607158775489e-01 5.159308147473827821e-01 9.148839326354119006e-02 2.077833409194355940e-01 1.847974510696404060e-01 0.000000000000000000e+00
3.875000000000000000e+03 1.550030805906559284e-01 5.229858898497952158e-01 8.739189804278561791e-02 2.051661356395084179e-01 1.844560764679107900e-01 0.000000000000000000e+00
3.900000000000000000e+03 1.560031004654343079e-01 5.210514337733272994e-01 9.137460172963131344e-02 2.080109239872553473e-01 1.795630405097860816e-01 0.000000000000000000e+00
3.925000000000000000e+03 1.570031203402126874e-01 5.322030040964952358e-01 9.057806099226217711e-02 2.173418297678652578e-01 1.598771051433773294e-01 0.000000000000000000e+00
3.950000000000000000e+03 1.580031402149910669e-01 5.177514792899408080e-01 9.319526627218935322e-02 2.262175694128356895e-01 1.628356850250341492e-01 0.000000000000000000e+00
3.975000000000000000e+03 1.590031600897696684e-01 5.283340919435594030e-01 9.365043240782885969e-02 2.229176149294492537e-01 1.550978607191624836e-01 0.000000000000000000e+00
4.000000000000000000e+03 1.600031799645480479e-01 5.448338643604915266e-01 9.114701866181156020e-02 2.246244879380974169e-01 1.393946290395994547e-01 0.000000000000000000e+00
4.025000000000000000e+03 1.610031998393264274e-01 5.425580336822940497e-01 9.057806099226217711e-02 2.278106508875739622e-01 1.390532544378698110e-01 0.000000000000000000e+00
4.050000000000000000e+03 1.620032197141048069e-01 5.530268548020027541e-01 8.989531178880291740e-02 2.238279472007282667e-01 1.332498862084660896e-01 0.000000000000000000e+00
4.075000000000000000e+03 1.630032395888831864e-01 5.460855712335002110e-01 8.818843878015475424e-02 2.369139736003641195e-01 1.288120163859808875e-01 0.000000000000000000e+00
4.100000000000000000e+03 1.640032594636617880e-01 5.525716886663631922e-01 8.955393718707328754e-02 2.333864360491579304e-01 1.244879380974055483e-01 0.000000000000000000e+00
4.125000000000000000e+03 1.650032793384401675e-01 5.570095584888484774e-01 8.784706417842512438e-02 2.347519344560764776e-01 1.203914428766499761e-01 0.000000000000000000e+00
4.150000000000000000e+03 1.660032992132185470e-01 5.655439235320892655e-01 8.090578060992262288e-02 2.414656349567592120e-01 1.120846609012289552e-01 0.000000000000000000e+00
4.175000000000000000e+03 1.670033190879969265e-01 5.515475648611742887e-01 8.238507055075101893e-02 2.407828857532999522e-01 1.252844788347746985e-01 0.000000000000000000e+00
4.200000000000000000e+03 1.680033389627753060e-01 5.475648611743286764e-01 8.306781975421029252e-02 2.446517979062357850e-01 1.247155211652253015e-01 0.000000000000000000e+00
4.225000000000000000e+03 1.690033588375539075e-01 5.582612653618570508e-01 7.999544833864360993e-02 2.462448793809740577e-01 1.154984069185252676e-01 0.000000000000000000e+00
4.250000000000000000e+03 1.700033787123322870e-01 5.648611743286299225e-01 8.249886208466089554e-02 2.428311333636777314e-01 1.098088302230314089e-01 0.000000000000000000e+00
4.275000000000000000e+03 1.710033985871106665e-01 5.531406463359126446e-01 8.466090122894856518e-02 2.511379153390987939e-01 1.110605370960400518e-01 0.000000000000000000e+00
4.300000000000000000e+03 1.720034184618890460e-01 5.549613108784706705e-01 7.908511606736458310e-02 2.518206645425580259e-01 1.141329085116067343e-01 0.000000000000000000e+00
4.325000000000000000e+03 1.730034383366674255e-01 5.646335912608101415e-01 8.215748748293126569e-02 2.513654984069185194e-01 1.018434228493400040e-01 0.000000000000000000e+00
4.350000000000000000e+03 1.740034582114460271e-01 5.589440145653163938e-01 8.363677742375967561e-02 2.485207100591715901e-01 1.088984979517523960e-01 0.000000000000000000e+00
4.375000000000000000e+03 1.750034780862244066e-01 5.584888484296768318e-01 8.579881656804733137e-02 2.523896222121074229e-01 1.033227127901684139e-01 0.000000000000000000e+00
4.400000000000000000e+03 1.760034979610027861e-01 5.669094219390077294e-01 8.124715521165225274e-02 2.530723714155666548e-01 9.877105143377332142e-02 0.000000000000000000e+00
4.425000000000000000e+03 1.770035178357811656e-01 5.711197086936732337e-01 8.158852981338188259e-02 2.526172052799271484e-01 9.467455621301774926e-02 0.000000000000000000e+00
4.450000000000000000e+03 1.780035377105597671e-01 5.766954938552572019e-01 7.737824305871643382e-02 2.517068730086481354e-01 9.421939007737824279e-02 0.000000000000000000e+00
4.475000000000000000e+03 1.790035575853381467e-01 5.834091943559399640e-01 7.658170232134729749e-02 2.568274920345926526e-01 8.318161128812016913e-02 0.000000000000000000e+00
4.500000000000000000e+03 1.800035774601165262e-01 5.720300409649522466e-01 7.840236686390532339e-02 2.598998634501593075e-01 8.966772872098316416e-02 0.000000000000000000e+00
4.525000000000000000e+03 1.810035973348949057e-01 5.786299499317251183e-01 7.965407373691398007e-02 2.552344105598543522e-01 8.648156577150660496e-02 0.000000000000000000e+00
4.550000000000000000e+03 1.820036172096732852e-01 5.747610377787892855e-01 7.885753299954482987e-02 2.611515703231679364e-01 8.522985889849794827e-02 0.000000000000000000e+00
4.575000000000000000e+03 1.830036370844518867e-01 5.843195266272189770e-01 7.976786527082385669e-02 2.589895311788802945e-01 7.692307692307692735e-02 0.000000000000000000e+00
4.600000000000000000e+03 1.840036569592302662e-01 5.872781065088756858e-01 7.874374146563495325e-02 2.536413290851160518e-01 8.033682294037323979e-02 0.000000000000000000e+00
4.625000000000000000e+03 1.850036768340086457e-01 5.870505234410560158e-01 7.976786527082385669e-02 2.567137005006827621e-01 7.646791078743742087e-02 0.000000000000000000e+00
4.650000000000000000e+03 1.860036967087870252e-01 5.913746017296312996e-01 7.669549385525717411e-02 2.584205735093308975e-01 7.350933090578061491e-02 0.000000000000000000e+00
4.675000000000000000e+03 1.870037165835654047e-01 5.888711879836140417e-01 7.874374146563495325e-02 2.577378243058716656e-01 7.464724624487938109e-02 0.000000000000000000e+00
4.700000000000000000e+03 1.880037364583440063e-01 5.923987255348202030e-01 8.204369594902138907e-02 2.560309512972234747e-01 6.952662721893490549e-02 0.000000000000000000e+00
4.725000000000000000e+03 1.890037563331223858e-01 5.995675921711424161e-01 8.431952662721893532e-02 2.468138370505234547e-01 6.929904415111515226e-02 0.000000000000000000e+00
4.750000000000000000e+03 1.900037762079007653e-01 6.010468821119708815e-01 8.090578060992262288e-02 2.548930359581247362e-01 6.315430131998178709e-02 0.000000000000000000e+00
4.775000000000000000e+03 1.910037960826791448e-01 5.962676376877560358e-01 8.272644515248064878e-02 2.568274920345926526e-01 6.417842512517069054e-02 0.000000000000000000e+00
4.800000000000000000e+03 1.920038159574575243e-01 5.928538916704597650e-01 9.262630860263997012e-02 2.587619481110605135e-01 5.575785161583977911e-02 0.000000000000000000e+00
4.825000000000000000e+03 1.930038358322361258e-01 5.968365953573053773e-01 8.636777423759672834e-02 2.555757851615839682e-01 6.121984524351388457e-02 0.000000000000000000e+00
4.850000000000000000e+03 1.940038557070145053e-01 6.084433318161128756e-01 8.181611288120163583e-02 2.517068730086481354e-01 5.803368229403732537e-02 0.000000000000000000e+00
4.875000000000000000e+03 1.950038755817928848e-01 6.073054164770140817e-01 8.534365043240782489e-02 2.540964952207555583e-01 5.325443786982248656e-02 0.000000000000000000e+00
4.900000000000000000e+03 1.960038954565712643e-01 6.020710059171597850e-01 8.807464724624487762e-02 2.536413290851160518e-01 5.621301775147929253e-02 0.000000000000000000e+00
4.925000000000000000e+03 1.970039153313496438e-01 6.065088757396449592e-01 8.545744196631770151e-02 2.509103322712790130e-01 5.712335002275830548e-02 0.000000000000000000e+00
4.950000000000000000e+03 1.980039352061282454e-01 6.086709148839326566e-01 8.192990441511151245e-02 2.500000000000000000e-01 5.939918070095585173e-02 0.000000000000000000e+00
4.975000000000000000e+03 1.990039550809066249e-01 6.107191624943104635e-01 8.454710969503868856e-02 2.486345015930814806e-01 5.609922621756941591e-02 0.000000000000000000e+00
5.000000000000000000e+03 2.000039749556850044e-01 6.170914883932635542e-01 7.908511606736458310e-02 2.468138370505234547e-01 5.700955848884842886e-02 0.000000000000000000e+00
5.025000000000000000e+03 2.010039948304633839e-01 6.114019116977696955e-01 8.557123350022757813e-02 2.484069185252617273e-01 5.461993627674101293e-02 0.000000000000000000e+00
5.050000000000000000e+03 2.020040147052417634e-01 6.151570323167956378e-01 8.602639963586708460e-02 2.467000455166135642e-01 5.211652253072371344e-02 0.000000000000000000e+00
5.075000000000000000e+03 2.030040345800203649e-01 6.272189349112425871e-01 8.545744196631770151e-02 2.395311788802912956e-01 4.779244424214838111e-02 0.000000000000000000e+00
5.100000000000000000e+03 2.040040544547987444e-01 6.157259899863449792e-01 8.557123350022757813e-02 2.487482931269913433e-01 4.995448338643605074e-02 0.000000000000000000e+00
5.125000000000000000e+03 2.050040743295771239e-01 6.177742375967227861e-01 8.534365043240782489e-02 2.460172963131543045e-01 5.086481565771506369e-02 0.000000000000000000e+00
5.150000000000000000e+03 2.060040942043555035e-01 6.226672735548475224e-01 8.557123350022757813e-02 2.397587619481110488e-01 5.200273099681383682e-02 0.000000000000000000e+00
5.175000000000000000e+03 2.070041140791338830e-01 6.217569412835685094e-01 8.682294037323623481e-02 2.418070095584888557e-01 4.961310878470642088e-02 0.000000000000000000e+00
5.200000000000000000e+03 2.080041339539124845e-01 6.228948566226673034e-01 8.614019116977697510e-02 2.430587164314974846e-01 4.790623577605826466e-02 0.000000000000000000e+00
5.225000000000000000e+03 2.090041538286908640e-01 6.288120163859808320e-01 8.454710969503868856e-02 2.399863450159308020e-01 4.665452890304961492e-02 0.000000000000000000e+00
5.250000000000000000e+03 2.100041737034692435e-01 6.269913518434228061e-01 8.397815202548930547e-02 2.368001820664542567e-01 5.223031406463359005e-02 0.000000000000000000e+00
5.275000000000000000e+03 2.110041935782476230e-01 6.256258534365043422e-01 8.375056895766955223e-02 2.422621756941283622e-01 4.836140191169777114e-02 0.000000000000000000e+00
5.300000000000000000e+03 2.120042134530260025e-01 6.281292671825216001e-01 8.682294037323623481e-02 2.356622667273554905e-01 4.938552571688666071e-02 0.000000000000000000e+00
5.325000000000000000e+03 2.130042333278046041e-01 6.364360491579426071e-01 8.147473827947200598e-02 2.373691397360036537e-01 4.472007282658170546e-02 0.000000000000000000e+00
5.350000000000000000e+03 2.140042532025829836e-01 6.390532544378698665e-01 8.238507055075101893e-02 2.332726445152480677e-01 4.528903049613108855e-02 0.000000000000000000e+00
5.375000000000000000e+03 2.150042730773613631e-01 6.350705507510241432e-01 8.488848429676831842e-02 2.341829767865270806e-01 4.585798816568047165e-02 0.000000000000000000e+00
5.400000000000000000e+03 2.160042929521397426e-01 6.407601274465180019e-01 8.363677742375967561e-02 2.291761492944924816e-01 4.642694583522986168e-02 0.000000000000000000e+00
5.425000000000000000e+03 2.170043128269183441e-01 6.444014565316340537e-01 8.329540282203004575e-02 2.272416932180245652e-01 4.506144742831133532e-02 0.000000000000000000e+00
5.450000000000000000e+03 2.180043327016967236e-01 6.437187073281748217e-01 8.386436049157942885e-02 2.249658625398270329e-01 4.745106964041875125e-02 0.000000000000000000e+00
5.475000000000000000e+03 2.190043525764751031e-01 6.568047337278106745e-01 8.113336367774237612e-02 2.217796995903504875e-01 4.028220300409649651e-02 0.000000000000000000e+00
5.500000000000000000e+03 2.200043724512534826e-01 6.566909421939007840e-01 8.124715521165225274e-02 2.228038233955393632e-01 3.925807919890760000e-02 0.000000000000000000e+00
5.525000000000000000e+03 2.210043923260318621e-01 6.491807009558488994e-01 8.136094674556212936e-02 2.272416932180245652e-01 4.221665908056440597e-02 0.000000000000000000e+00
5.550000000000000000e+03 2.220044122008104637e-01 6.550978607191625391e-01 7.954028220300408958e-02 2.242831133363677731e-01 4.107874374146563284e-02 0.000000000000000000e+00
5.575000000000000000e+03 2.230044320755888432e-01 6.613563950842057393e-01 7.954028220300408958e-02 2.190487027765134209e-01 4.005461993627674328e-02 0.000000000000000000e+00
5.600000000000000000e+03 2.240044519503672227e-01 6.579426490669094685e-01 7.976786527082385669e-02 2.216659080564405970e-01 4.062357760582612637e-02 0.000000000000000000e+00
5.625000000000000000e+03 2.250044718251456022e-01 6.564633591260810030e-01 8.045061447428311641e-02 2.230314064633591165e-01 4.005461993627674328e-02 0.000000000000000000e+00
5.650000000000000000e+03 2.260044916999239817e-01 6.622667273554847522e-01 7.783340919435594030e-02 2.239417387346381294e-01 3.595812471552116418e-02 0.000000000000000000e+00
5.675000000000000000e+03 2.270045115747025832e-01 6.585116067364588099e-01 7.840236686390532339e-02 2.185935366408739144e-01 4.449248975876194528e-02 0.000000000000000000e+00
