# itime ezz other fcc hcp bcc ico
0.000000000000000000e+00 0.000000000000000000e+00 2.503413746017296455e-03 9.974965862539827421e-01 0.000000000000000000e+00 0.000000000000000000e+00 0.000000000000000000e+00
3.000000000000000000e+01 1.200004863369485975e-02 1.024123805188893906e-03 9.989758761948110966e-01 0.000000000000000000e+00 0.000000000000000000e+00 0.000000000000000000e+00
6.000000000000000000e+01 2.400009726738994154e-02 3.299954483386436255e-03 9.967000455166135087e-01 0.000000000000000000e+00 0.000000000000000000e+00 0.000000000000000000e+00
9.000000000000000000e+01 3.600014590108480128e-02 4.665452890304961318e-03 9.952207555757851543e-01 0.000000000000000000e+00 1.137915339098771066e-04 0.000000000000000000e+00
1.200000000000000000e+02 4.800019453477988307e-02 6.486117432862995025e-03 9.932862994993172379e-01 0.000000000000000000e+00 2.275830678197542133e-04 0.000000000000000000e+00
1.500000000000000000e+02 6.000024316847474282e-02 1.467910787437414627e-02 9.850933090578061213e-01 0.000000000000000000e+00 2.275830678197542133e-04 0.000000000000000000e+00
1.800000000000000000e+02 7.200029180216960256e-02 4.085116067364587961e-02 9.578971324533455123e-01 0.000000000000000000e+00 1.251706873008648227e-03 0.000000000000000000e+00
2.100000000000000000e+02 8.400034043586468435e-02 7.453345471096950448e-02 9.227355484751934567e-01 0.000000000000000000e+00 2.730996813837050560e-03 0.000000000000000000e+00
2.400000000000000000e+02 9.600038906955954410e-02 1.185707783340919502e-01 8.735776058261265353e-01 0.000000000000000000e+00 7.851615839781519654e-03 0.000000000000000000e+00
2.700000000000000000e+02 1.080004377032546259e-01 2.197314519799726806e-01 7.645653163404643182e-01 0.000000000000000000e+00 1.570323167956303931e-02 0.000000000000000000e+00
3.000000000000000000e+02 1.200004863369494856e-01 3.541192535275375364e-01 6.070778334091943007e-01 1.137915339098771066e-04 3.868912152935821691e-02 0.000000000000000000e+00
3.300000000000000000e+02 1.320005349706443454e-01 5.236686390532544477e-01 4.039599453800637452e-01 9.103322712790168532e-04 7.146108329540282189e-02 0.000000000000000000e+00
3.600000000000000000e+02 1.440005836043394272e-01 6.466772872098316416e-01 2.292899408284023721e-01 2.730996813837050560e-03 1.213017751479289891e-01 0.000000000000000000e+00
3.900000000000000000e+02 1.560006322380342869e-01 7.143832498862084934e-01 1.051433773327264398e-01 1.206190259444697363e-02 1.684114701866181174e-01 0.000000000000000000e+00
4.200000000000000000e+02 1.680006808717291467e-01 7.496586253982703285e-01 5.131998179335457710e-02 1.979972690031861493e-02 1.792216659080564378e-01 0.000000000000000000e+00
4.500000000000000000e+02 1.800007295054242284e-01 7.950614474283113076e-01 3.504779244424215123e-02 2.275830678197542090e-02 1.471324533454710926e-01 0.000000000000000000e+00
4.800000000000000000e+02 1.920007781391190882e-01 8.401228948566226151e-01 2.218934911242603433e-02 2.401001365498407064e-02 1.136777423759672279e-01 0.000000000000000000e+00
5.100000000000000000e+02 2.040008267728141700e-01 8.634501593081475024e-01 1.991351843422849502e-02 2.389622212107419055e-02 9.274010013654984674e-02 0.000000000000000000e+00
5.400000000000000000e+02 2.160008754065090297e-01 8.875739644970414011e-01 1.718252162039144229e-02 2.617205279927173334e-02 6.907146108329539902e-02 0.000000000000000000e+00
5.700000000000000000e+02 2.280009240402038895e-01 9.099908966772871644e-01 1.445152480655439303e-02 2.401001365498407064e-02 5.154756486117433034e-02 0.000000000000000000e+00
6.000000000000000000e+02 2.400009726738989713e-01 9.260355029585798370e-01 1.354119253527537488e-02 2.548930359581247015e-02 3.493400091033227461e-02 0.000000000000000000e+00
6.300000000000000000e+02 2.520010213075938310e-01 9.374146563495675544e-01 1.331360946745562164e-02 2.230314064633591095e-02 2.696859353664087314e-02 0.000000000000000000e+00
6.600000000000000000e+02 2.640010699412889128e-01 9.424214838416021811e-01 1.319981793354574502e-02 2.116522530723714129e-02 2.309968138370505075e-02 1.137915339098771066e-04
6.900000000000000000e+02 2.760011185749837725e-01 9.502730996813837372e-01 1.183431952662721866e-02 1.843422849340009204e-02 1.934456076467910846e-02 1.137915339098771066e-04
7.200000000000000000e+02 2.880011672086786323e-01 9.585798816568047442e-01 9.444697314519799256e-03 1.718252162039144229e-02 1.467910787437414627e-02 1.137915339098771066e-04
7.500000000000000000e+02 3.000012158423737141e-01 9.624487938097405770e-01 1.081019572143832562e-02 1.558944014565316269e-02 1.103777878925807886e-02 1.137915339098771066e-04
7.800000000000000000e+02 3.120012644760685738e-01 9.667728720983158608e-01 8.761948111060537808e-03 1.354119253527537488e-02 1.069640418752844727e-02 2.275830678197542133e-04
8.100000000000000000e+02 3.240013131097636556e-01 9.721210741920801590e-01 7.965407373691398007e-03 1.172052799271734204e-02 8.192990441511151245e-03 0.000000000000000000e+00
8.400000000000000000e+02 3.360013617434585154e-01 9.736003641329085134e-01 7.737824305871643035e-03 1.058261265361857065e-02 7.851615839781519654e-03 2.275830678197542133e-04
8.700000000000000000e+02 3.480014103771533751e-01 9.771279016841146747e-01 5.461993627674101119e-03 1.035502958579881741e-02 6.827492034592626616e-03 2.275830678197542133e-04
9.000000000000000000e+02 3.600014590108484569e-01 9.780382339553936877e-01 6.827492034592626616e-03 9.217114246700046018e-03 5.689576695493855224e-03 2.275830678197542133e-04
9.300000000000000000e+02 3.720015076445435387e-01 9.803140646335912756e-01 5.917159763313609329e-03 8.761948111060537808e-03 4.665452890304961318e-03 3.413746017296313199e-04
9.600000000000000000e+02 3.840015562782381764e-01 9.797451069640418231e-01 6.372325898953117539e-03 7.965407373691398007e-03 5.120619025944469528e-03 7.965407373691396923e-04
9.900000000000000000e+02 3.960016049119334802e-01 9.842967683204369989e-01 4.551661356395083832e-03 7.168866636322257339e-03 3.755120619025944465e-03 2.275830678197542133e-04
1.020000000000000000e+03 4.080016535456281179e-01 9.861174328629950248e-01 3.868912152935821518e-03 6.030951297223486815e-03 3.527537551206190360e-03 4.551661356395084266e-04
1.050000000000000000e+03 4.200017021793231997e-01 9.865725989986344757e-01 3.413746017296313308e-03 5.689576695493855224e-03 3.755120619025944465e-03 5.689576695493854790e-04
1.080000000000000000e+03 4.320017508130178374e-01 9.888484296768320636e-01 2.275830678197541916e-03 4.779244424214838804e-03 3.755120619025944465e-03 3.413746017296313199e-04
1.110000000000000000e+03 4.440017994467131413e-01 9.922621756941283344e-01 1.137915339098770958e-03 4.210286754665453109e-03 2.048247610377787811e-03 3.413746017296313199e-04
1.140000000000000000e+03 4.560018480804077790e-01 9.924897587619481154e-01 1.820664542558033706e-03 2.844788347746927612e-03 2.275830678197541916e-03 5.689576695493854790e-04
1.170000000000000000e+03 4.680018967141030828e-01 9.927173418297678964e-01 1.365498406918525280e-03 3.868912152935821518e-03 1.820664542558033706e-03 2.275830678197542133e-04
1.200000000000000000e+03 4.800019453477977205e-01 9.934000910332271284e-01 1.024123805188893906e-03 2.958579881656804664e-03 2.162039144287664864e-03 4.551661356395084266e-04
1.230000000000000000e+03 4.920019939814930243e-01 9.941966317705962508e-01 7.965407373691396923e-04 3.413746017296313308e-03 1.251706873008648227e-03 3.413746017296313199e-04
1.260000000000000000e+03 5.040020426151876620e-01 9.946517979062358128e-01 9.103322712790168532e-04 3.299954483386436255e-03 6.827492034592626399e-04 4.551661356395084266e-04
1.290000000000000000e+03 5.160020912488827438e-01 9.963586709148839482e-01 7.965407373691396923e-04 1.479289940828402332e-03 9.103322712790168532e-04 4.551661356395084266e-04
1.320000000000000000e+03 5.280021398825776036e-01 9.957897132453344957e-01 1.365498406918525280e-03 1.706873008648156654e-03 1.024123805188893906e-03 1.137915339098771066e-04
1.350000000000000000e+03 5.400021885162726853e-01 9.957897132453344957e-01 1.137915339098770958e-03 1.934456076467910759e-03 4.551661356395084266e-04 6.827492034592626399e-04
1.380000000000000000e+03 5.520022371499673230e-01 9.953345471096950448e-01 6.827492034592626399e-04 2.503413746017296455e-03 1.137915339098770958e-03 3.413746017296313199e-04
1.410000000000000000e+03 5.640022857836626269e-01 9.963586709148839482e-01 6.827492034592626399e-04 1.593081474738279385e-03 5.689576695493854790e-04 7.965407373691396923e-04
1.440000000000000000e+03 5.760023344173572646e-01 9.963586709148839482e-01 1.024123805188893906e-03 2.162039144287664864e-03 1.137915339098771066e-04 3.413746017296313199e-04
1.470000000000000000e+03 5.880023830510525684e-01 9.967000455166135087e-01 5.689576695493854790e-04 2.162039144287664864e-03 1.137915339098771066e-04 4.551661356395084266e-04
1.500000000000000000e+03 6.000024316847472061e-01 9.970414201183431802e-01 6.827492034592626399e-04 1.365498406918525280e-03 3.413746017296313199e-04 5.689576695493854790e-04
1.530000000000000000e+03 6.120024803184425100e-01 9.968138370505233992e-01 6.827492034592626399e-04 1.820664542558033706e-03 2.275830678197542133e-04 4.551661356395084266e-04
1.560000000000000000e+03 6.240025289521371477e-01 9.974965862539827421e-01 7.965407373691396923e-04 1.479289940828402332e-03 2.275830678197542133e-04 0.000000000000000000e+00
1.590000000000000000e+03 6.360025775858322294e-01 9.972690031861629611e-01 4.551661356395084266e-04 1.593081474738279385e-03 2.275830678197542133e-04 4.551661356395084266e-04
1.620000000000000000e+03 6.480026262195268671e-01 9.961310878470641672e-01 7.965407373691396923e-04 1.479289940828402332e-03 5.689576695493854790e-04 1.024123805188893906e-03
1.650000000000000000e+03 6.600026748532221710e-01 9.977241693218024121e-01 6.827492034592626399e-04 1.024123805188893906e-03 1.137915339098771066e-04 4.551661356395084266e-04
1.680000000000000000e+03 6.720027234869168087e-01 9.973827947200728516e-01 4.551661356395084266e-04 1.365498406918525280e-03 0.000000000000000000e+00 7.965407373691396923e-04
1.710000000000000000e+03 6.840027721206121125e-01 9.973827947200728516e-01 1.137915339098771066e-04 1.593081474738279385e-03 4.551661356395084266e-04 4.551661356395084266e-04
1.740000000000000000e+03 6.960028207543067502e-01 9.977241693218024121e-01 1.137915339098771066e-04 1.024123805188893906e-03 3.413746017296313199e-04 7.965407373691396923e-04
1.770000000000000000e+03 7.080028693880020541e-01 9.981793354574419741e-01 2.275830678197542133e-04 7.965407373691396923e-04 0.000000000000000000e+00 7.965407373691396923e-04
1.800000000000000000e+03 7.200029180216966918e-01 9.977241693218024121e-01 1.137915339098771066e-04 1.365498406918525280e-03 3.413746017296313199e-04 4.551661356395084266e-04
1.830000000000000000e+03 7.320029666553919956e-01 9.972690031861629611e-01 2.275830678197542133e-04 1.479289940828402332e-03 0.000000000000000000e+00 1.024123805188893906e-03
1.860000000000000000e+03 7.440030152890866333e-01 9.973827947200728516e-01 3.413746017296313199e-04 1.251706873008648227e-03 3.413746017296313199e-04 6.827492034592626399e-04
1.890000000000000000e+03 7.560030639227817151e-01 9.977241693218024121e-01 3.413746017296313199e-04 1.024123805188893906e-03 1.137915339098771066e-04 7.965407373691396923e-04
1.920000000000000000e+03 7.680031125564763528e-01 9.973827947200728516e-01 2.275830678197542133e-04 1.137915339098770958e-03 3.413746017296313199e-04 9.103322712790168532e-04
1.950000000000000000e+03 7.800031611901716566e-01 9.981793354574419741e-01 0.000000000000000000e+00 9.103322712790168532e-04 1.137915339098771066e-04 7.965407373691396923e-04
1.980000000000000000e+03 7.920032098238662943e-01 9.974965862539827421e-01 1.137915339098771066e-04 1.251706873008648227e-03 2.275830678197542133e-04 9.103322712790168532e-04
2.010000000000000000e+03 8.040032584575615981e-01 9.981793354574419741e-01 0.000000000000000000e+00 7.965407373691396923e-04 1.137915339098771066e-04 9.103322712790168532e-04
2.040000000000000000e+03 8.160033070912562359e-01 9.976103777878926326e-01 3.413746017296313199e-04 7.965407373691396923e-04 1.137915339098771066e-04 1.137915339098770958e-03
2.070000000000000000e+03 8.280033557249515397e-01 9.974965862539827421e-01 2.275830678197542133e-04 7.965407373691396923e-04 2.275830678197542133e-04 1.251706873008648227e-03
2.100000000000000000e+03 8.400034043586461774e-01 9.981793354574419741e-01 1.137915339098771066e-04 3.413746017296313199e-04 0.000000000000000000e+00 1.365498406918525280e-03
2.130000000000000000e+03 8.520034529923412592e-01 9.977241693218024121e-01 2.275830678197542133e-04 6.827492034592626399e-04 2.275830678197542133e-04 1.137915339098770958e-03
2.160000000000000000e+03 8.640035016260358969e-01 9.971552116522530707e-01 4.551661356395084266e-04 7.965407373691396923e-04 1.137915339098771066e-04 1.479289940828402332e-03
2.190000000000000000e+03 8.760035502597312007e-01 9.981793354574419741e-01 2.275830678197542133e-04 6.827492034592626399e-04 1.137915339098771066e-04 7.965407373691396923e-04
2.220000000000000000e+03 8.880035988934258384e-01 9.974965862539827421e-01 0.000000000000000000e+00 1.024123805188893906e-03 1.137915339098771066e-04 1.365498406918525280e-03
2.250000000000000000e+03 9.000036475271211422e-01 9.977241693218024121e-01 1.137915339098771066e-04 1.024123805188893906e-03 2.275830678197542133e-04 9.103322712790168532e-04
2.280000000000000000e+03 9.120036961608157799e-01 9.977241693218024121e-01 0.000000000000000000e+00 1.251706873008648227e-03 1.137915339098771066e-04 9.103322712790168532e-04
2.310000000000000000e+03 9.240037447945110838e-01 9.989758761948110966e-01 0.000000000000000000e+00 1.137915339098771066e-04 0.000000000000000000e+00 9.103322712790168532e-04
2.340000000000000000e+03 9.360037934282057215e-01 9.985207100591716456e-01 2.275830678197542133e-04 5.689576695493854790e-04 0.000000000000000000e+00 6.827492034592626399e-04
2.370000000000000000e+03 9.480038420619010253e-01 9.977241693218024121e-01 1.137915339098771066e-04 6.827492034592626399e-04 3.413746017296313199e-04 1.137915339098770958e-03
2.400000000000000000e+03 9.600038906955956630e-01 9.981793354574419741e-01 2.275830678197542133e-04 1.024123805188893906e-03 2.275830678197542133e-04 3.413746017296313199e-04
2.430000000000000000e+03 9.720039393292907448e-01 9.974965862539827421e-01 3.413746017296313199e-04 6.827492034592626399e-04 2.275830678197542133e-04 1.251706873008648227e-03
2.460000000000000000e+03 9.840039879629853825e-01 9.978379608557123026e-01 2.275830678197542133e-04 1.024123805188893906e-03 3.413746017296313199e-04 5.689576695493854790e-04
2.490000000000000000e+03 9.960040365966806863e-01 9.974965862539827421e-01 2.275830678197542133e-04 7.965407373691396923e-04 1.137915339098771066e-04 1.365498406918525280e-03
