# itime ezz other fcc hcp bcc ico
0.000000000000000000e+00 0.000000000000000000e+00 2.503413746017296455e-03 9.974965862539827421e-01 0.000000000000000000e+00 0.000000000000000000e+00 0.000000000000000000e+00
3.000000000000000000e+00 1.199973731663694920e-03 1.251706873008648227e-03 9.986345015930814251e-01 0.000000000000000000e+00 1.137915339098771066e-04 0.000000000000000000e+00
6.000000000000000000e+00 2.399947463327389841e-03 9.103322712790168532e-04 9.990896677287209870e-01 0.000000000000000000e+00 0.000000000000000000e+00 0.000000000000000000e+00
9.000000000000000000e+00 3.599921194991306805e-03 3.413746017296313199e-04 9.996586253982703285e-01 0.000000000000000000e+00 0.000000000000000000e+00 0.000000000000000000e+00
1.200000000000000000e+01 4.799894926655001726e-03 6.827492034592626399e-04 9.993172507965407680e-01 0.000000000000000000e+00 0.000000000000000000e+00 0.000000000000000000e+00
1.500000000000000000e+01 5.999868658318696646e-03 3.413746017296313199e-04 9.996586253982703285e-01 0.000000000000000000e+00 0.000000000000000000e+00 0.000000000000000000e+00
1.800000000000000000e+01 7.199842389982391566e-03 3.413746017296313199e-04 9.996586253982703285e-01 0.000000000000000000e+00 0.000000000000000000e+00 0.000000000000000000e+00
2.100000000000000000e+01 8.399816121646308531e-03 1.137915339098771066e-04 9.998862084660901095e-01 0.000000000000000000e+00 0.000000000000000000e+00 0.000000000000000000e+00
2.400000000000000000e+01 9.599789853310003451e-03 5.689576695493854790e-04 9.994310423304506585e-01 0.000000000000000000e+00 0.000000000000000000e+00 0.000000000000000000e+00
2.700000000000000000e+01 1.079976358497369837e-02 7.965407373691396923e-04 9.992034592626308775e-01 0.000000000000000000e+00 0.000000000000000000e+00 0.000000000000000000e+00
3.000000000000000000e+01 1.199973731663739329e-02 1.024123805188893906e-03 9.989758761948110966e-01 0.000000000000000000e+00 0.000000000000000000e+00 0.000000000000000000e+00
3.300000000000000000e+01 1.319971104830108821e-02 9.103322712790168532e-04 9.990896677287209870e-01 0.000000000000000000e+00 0.000000000000000000e+00 0.000000000000000000e+00
3.600000000000000000e+01 1.439968477996500518e-02 5.689576695493854790e-04 9.994310423304506585e-01 0.000000000000000000e+00 0.000000000000000000e+00 0.000000000000000000e+00
3.900000000000000000e+01 1.559965851162870010e-02 1.251706873008648227e-03 9.987482931269913156e-01 0.000000000000000000e+00 0.000000000000000000e+00 0.000000000000000000e+00
4.200000000000000000e+01 1.679963224329239502e-02 7.965407373691396923e-04 9.992034592626308775e-01 0.000000000000000000e+00 0.000000000000000000e+00 0.000000000000000000e+00
4.500000000000000000e+01 1.799960597495608994e-02 3.413746017296313199e-04 9.996586253982703285e-01 0.000000000000000000e+00 0.000000000000000000e+00 0.000000000000000000e+00
4.800000000000000000e+01 1.919957970661978486e-02 4.551661356395084266e-04 9.995448338643604380e-01 0.000000000000000000e+00 0.000000000000000000e+00 0.000000000000000000e+00
5.100000000000000000e+01 2.039955343828370182e-02 5.689576695493854790e-04 9.994310423304506585e-01 0.000000000000000000e+00 0.000000000000000000e+00 0.000000000000000000e+00
5.400000000000000000e+01 2.159952716994739674e-02 2.048247610377787811e-03 9.979517523896221931e-01 0.000000000000000000e+00 0.000000000000000000e+00 0.000000000000000000e+00
5.700000000000000000e+01 2.279950090161109166e-02 2.958579881656804664e-03 9.970414201183431802e-01 0.000000000000000000e+00 0.000000000000000000e+00 0.000000000000000000e+00
6.000000000000000000e+01 2.399947463327478658e-02 3.299954483386436255e-03 9.967000455166135087e-01 0.000000000000000000e+00 0.000000000000000000e+00 0.000000000000000000e+00
6.300000000000000000e+01 2.519944836493870355e-02 2.958579881656804664e-03 9.970414201183431802e-01 0.000000000000000000e+00 0.000000000000000000e+00 0.000000000000000000e+00
6.600000000000000000e+01 2.639942209660239847e-02 2.730996813837050560e-03 9.972690031861629611e-01 0.000000000000000000e+00 0.000000000000000000e+00 0.000000000000000000e+00
6.900000000000000000e+01 2.759939582826609339e-02 4.096495220755575623e-03 9.959035047792443862e-01 0.000000000000000000e+00 0.000000000000000000e+00 0.000000000000000000e+00
7.200000000000000000e+01 2.879936955992978831e-02 3.527537551206190360e-03 9.964724624487938387e-01 0.000000000000000000e+00 0.000000000000000000e+00 0.000000000000000000e+00
7.500000000000000000e+01 2.999934329159348323e-02 2.844788347746927612e-03 9.970414201183431802e-01 0.000000000000000000e+00 1.137915339098771066e-04 0.000000000000000000e+00
7.800000000000000000e+01 3.119931702325740019e-02 3.413746017296313308e-03 9.965862539827037292e-01 0.000000000000000000e+00 0.000000000000000000e+00 0.000000000000000000e+00
8.100000000000000000e+01 3.239929075492109511e-02 4.437869822485207214e-03 9.954483386436049352e-01 0.000000000000000000e+00 1.137915339098771066e-04 0.000000000000000000e+00
8.400000000000000000e+01 3.359926448658479003e-02 5.006827492034592909e-03 9.948793809740554828e-01 0.000000000000000000e+00 1.137915339098771066e-04 0.000000000000000000e+00
8.700000000000000000e+01 3.479923821824848496e-02 5.689576695493855224e-03 9.941966317705962508e-01 0.000000000000000000e+00 1.137915339098771066e-04 0.000000000000000000e+00
9.000000000000000000e+01 3.599921194991240192e-02 4.665452890304961318e-03 9.952207555757851543e-01 0.000000000000000000e+00 1.137915339098771066e-04 0.000000000000000000e+00
9.300000000000000000e+01 3.719918568157609684e-02 6.144742831133363434e-03 9.937414656349567998e-01 0.000000000000000000e+00 1.137915339098771066e-04 0.000000000000000000e+00
9.600000000000000000e+01 3.839915941323979176e-02 6.827492034592626616e-03 9.930587164314974569e-01 0.000000000000000000e+00 1.137915339098771066e-04 0.000000000000000000e+00
9.900000000000000000e+01 3.959913314490348668e-02 5.461993627674101119e-03 9.944242148384160318e-01 0.000000000000000000e+00 1.137915339098771066e-04 0.000000000000000000e+00
1.020000000000000000e+02 4.079910687656718160e-02 5.689576695493855224e-03 9.943104233045061413e-01 0.000000000000000000e+00 0.000000000000000000e+00 0.000000000000000000e+00
1.050000000000000000e+02 4.199908060823109857e-02 4.551661356395083832e-03 9.953345471096950448e-01 0.000000000000000000e+00 1.137915339098771066e-04 0.000000000000000000e+00
1.080000000000000000e+02 4.319905433989479349e-02 5.006827492034592909e-03 9.948793809740554828e-01 0.000000000000000000e+00 1.137915339098771066e-04 0.000000000000000000e+00
1.110000000000000000e+02 4.439902807155848841e-02 5.917159763313609329e-03 9.938552571688666903e-01 0.000000000000000000e+00 2.275830678197542133e-04 0.000000000000000000e+00
1.140000000000000000e+02 4.559900180322218333e-02 8.420573509330906217e-03 9.915794264906691025e-01 0.000000000000000000e+00 0.000000000000000000e+00 0.000000000000000000e+00
1.170000000000000000e+02 4.679897553488587825e-02 7.737824305871643035e-03 9.921483841602184439e-01 0.000000000000000000e+00 1.137915339098771066e-04 0.000000000000000000e+00
1.200000000000000000e+02 4.799894926654979521e-02 6.486117432862995025e-03 9.932862994993172379e-01 0.000000000000000000e+00 2.275830678197542133e-04 0.000000000000000000e+00
1.230000000000000000e+02 4.919892299821349013e-02 7.055075102412380721e-03 9.926035502958580059e-01 0.000000000000000000e+00 3.413746017296313199e-04 0.000000000000000000e+00
1.260000000000000000e+02 5.039889672987718505e-02 8.306781975421027864e-03 9.914656349567592120e-01 0.000000000000000000e+00 2.275830678197542133e-04 0.000000000000000000e+00
1.290000000000000000e+02 5.159887046154087997e-02 9.786071916249430847e-03 9.898725534820209671e-01 0.000000000000000000e+00 3.413746017296313199e-04 0.000000000000000000e+00
1.320000000000000000e+02 5.279884419320479694e-02 8.648156577150659455e-03 9.912380518889394310e-01 0.000000000000000000e+00 1.137915339098771066e-04 0.000000000000000000e+00
1.350000000000000000e+02 5.399881792486849186e-02 1.035502958579881741e-02 9.895311788802912956e-01 0.000000000000000000e+00 1.137915339098771066e-04 0.000000000000000000e+00
1.380000000000000000e+02 5.519879165653218678e-02 1.172052799271734204e-02 9.880518889394629412e-01 0.000000000000000000e+00 2.275830678197542133e-04 0.000000000000000000e+00
1.410000000000000000e+02 5.639876538819588170e-02 9.786071916249430847e-03 9.898725534820209671e-01 0.000000000000000000e+00 3.413746017296313199e-04 0.000000000000000000e+00
1.440000000000000000e+02 5.759873911985957662e-02 1.069640418752844727e-02 9.887346381429221731e-01 0.000000000000000000e+00 5.689576695493854790e-04 0.000000000000000000e+00
1.470000000000000000e+02 5.879871285152349358e-02 1.160673645880746542e-02 9.878243058716431602e-01 0.000000000000000000e+00 5.689576695493854790e-04 0.000000000000000000e+00
1.500000000000000000e+02 5.999868658318718850e-02 1.467910787437414627e-02 9.850933090578061213e-01 0.000000000000000000e+00 2.275830678197542133e-04 0.000000000000000000e+00
1.530000000000000000e+02 6.119866031485088342e-02 1.718252162039144229e-02 9.821347291761493015e-01 0.000000000000000000e+00 6.827492034592626399e-04 0.000000000000000000e+00
1.560000000000000000e+02 6.239863404651457834e-02 1.923076923076923184e-02 9.802002730996813851e-01 0.000000000000000000e+00 5.689576695493854790e-04 0.000000000000000000e+00
1.590000000000000000e+02 6.359860777817827326e-02 2.435138825671370050e-02 9.750796540737368678e-01 0.000000000000000000e+00 5.689576695493854790e-04 0.000000000000000000e+00
1.620000000000000000e+02 6.479858150984219023e-02 2.810650887573964626e-02 9.712107419208011461e-01 0.000000000000000000e+00 6.827492034592626399e-04 0.000000000000000000e+00
1.650000000000000000e+02 6.599855524150588515e-02 3.095129722348657214e-02 9.680245789713245452e-01 0.000000000000000000e+00 1.024123805188893906e-03 0.000000000000000000e+00
1.680000000000000000e+02 6.719852897316958007e-02 3.220300409649522189e-02 9.668866636322257513e-01 0.000000000000000000e+00 9.103322712790168532e-04 0.000000000000000000e+00
1.710000000000000000e+02 6.839850270483327499e-02 3.311333636777423484e-02 9.655211652253072874e-01 0.000000000000000000e+00 1.365498406918525280e-03 0.000000000000000000e+00
1.740000000000000000e+02 6.959847643649719195e-02 3.550295857988165771e-02 9.633591260810195900e-01 0.000000000000000000e+00 1.137915339098770958e-03 0.000000000000000000e+00
1.770000000000000000e+02 7.079845016816088688e-02 3.698224852071006069e-02 9.616522530723714546e-01 0.000000000000000000e+00 1.365498406918525280e-03 0.000000000000000000e+00
1.800000000000000000e+02 7.199842389982458180e-02 4.085116067364587961e-02 9.578971324533455123e-01 0.000000000000000000e+00 1.251706873008648227e-03 0.000000000000000000e+00
1.830000000000000000e+02 7.319839763148827672e-02 4.380974055530268557e-02 9.550523441055985829e-01 0.000000000000000000e+00 1.137915339098770958e-03 0.000000000000000000e+00
1.860000000000000000e+02 7.439837136315197164e-02 4.619936276741010150e-02 9.519799726900318726e-01 0.000000000000000000e+00 1.820664542558033706e-03 0.000000000000000000e+00
1.890000000000000000e+02 7.559834509481588860e-02 4.893035958124715423e-02 9.493627674101047242e-01 0.000000000000000000e+00 1.706873008648156654e-03 0.000000000000000000e+00
1.920000000000000000e+02 7.679831882647958352e-02 5.678197542102867562e-02 9.418525261720528396e-01 0.000000000000000000e+00 1.365498406918525280e-03 0.000000000000000000e+00
1.950000000000000000e+02 7.799829255814327844e-02 6.019572143832498806e-02 9.378698224852071164e-01 0.000000000000000000e+00 1.934456076467910759e-03 0.000000000000000000e+00
1.980000000000000000e+02 7.919826628980697336e-02 6.304050978607191047e-02 9.351388256713700775e-01 0.000000000000000000e+00 1.820664542558033706e-03 0.000000000000000000e+00
2.010000000000000000e+02 8.039824002147089033e-02 6.781975421028675621e-02 9.301319981793354508e-01 0.000000000000000000e+00 2.048247610377787811e-03 0.000000000000000000e+00
2.040000000000000000e+02 8.159821375313458525e-02 6.713700500682749650e-02 9.302457897132453413e-01 0.000000000000000000e+00 2.617205279927173507e-03 0.000000000000000000e+00
2.070000000000000000e+02 8.279818748479828017e-02 7.055075102412380894e-02 9.274010013654984119e-01 0.000000000000000000e+00 2.048247610377787811e-03 0.000000000000000000e+00
2.100000000000000000e+02 8.399816121646197509e-02 7.453345471096950448e-02 9.227355484751934567e-01 0.000000000000000000e+00 2.730996813837050560e-03 0.000000000000000000e+00
2.130000000000000000e+02 8.519813494812567001e-02 8.079198907601274626e-02 9.162494310423304755e-01 0.000000000000000000e+00 2.958579881656804664e-03 0.000000000000000000e+00
2.160000000000000000e+02 8.639810867978958697e-02 8.500227583067819503e-02 9.111288120163859583e-01 0.000000000000000000e+00 3.868912152935821518e-03 0.000000000000000000e+00
2.190000000000000000e+02 8.759808241145328189e-02 8.875739644970413733e-02 9.068047337278106745e-01 0.000000000000000000e+00 4.437869822485207214e-03 0.000000000000000000e+00
2.220000000000000000e+02 8.879805614311697681e-02 9.080564406008193035e-02 9.048702776513427581e-01 0.000000000000000000e+00 4.324078288575329727e-03 0.000000000000000000e+00
2.250000000000000000e+02 8.999802987478067173e-02 8.887118798361401395e-02 9.056668183887118806e-01 0.000000000000000000e+00 5.461993627674101119e-03 0.000000000000000000e+00
2.280000000000000000e+02 9.119800360644436665e-02 9.524351388256713236e-02 8.996358670914883504e-01 0.000000000000000000e+00 5.120619025944469528e-03 0.000000000000000000e+00
2.310000000000000000e+02 9.239797733810828362e-02 1.003641329085116080e-01 8.938324988620847122e-01 0.000000000000000000e+00 5.803368229403732710e-03 0.000000000000000000e+00
2.340000000000000000e+02 9.359795106977197854e-02 1.077605826126536159e-01 8.865498406918524976e-01 0.000000000000000000e+00 5.689576695493855224e-03 0.000000000000000000e+00
2.370000000000000000e+02 9.479792480143567346e-02 1.143604915794264876e-01 8.788120163859808320e-01 0.000000000000000000e+00 6.827492034592626616e-03 0.000000000000000000e+00
2.400000000000000000e+02 9.599789853309936838e-02 1.185707783340919502e-01 8.735776058261265353e-01 0.000000000000000000e+00 7.851615839781519654e-03 0.000000000000000000e+00
2.430000000000000000e+02 9.719787226476328534e-02 1.340464269458352398e-01 8.575329995448338627e-01 0.000000000000000000e+00 8.420573509330906217e-03 0.000000000000000000e+00
2.460000000000000000e+02 9.839784599642698026e-02 1.425807919890760000e-01 8.477469276285843902e-01 0.000000000000000000e+00 9.672280382339554228e-03 0.000000000000000000e+00
2.490000000000000000e+02 9.959781972809067518e-02 1.572598998634501533e-01 8.337505689576695245e-01 0.000000000000000000e+00 8.989531178880291046e-03 0.000000000000000000e+00
2.520000000000000000e+02 1.007977934597543701e-01 1.669321802457897075e-01 8.218024578971324656e-01 0.000000000000000000e+00 1.126536185707783383e-02 0.000000000000000000e+00
2.550000000000000000e+02 1.019977671914180650e-01 1.771734182976786587e-01 8.103095129722348577e-01 0.000000000000000000e+00 1.251706873008648184e-02 0.000000000000000000e+00
2.580000000000000000e+02 1.031977409230819820e-01 1.869594902139280757e-01 7.984751934456076894e-01 0.000000000000000000e+00 1.456531634046426965e-02 0.000000000000000000e+00
2.610000000000000000e+02 1.043977146547456769e-01 1.973145197997268896e-01 7.892580791989075584e-01 0.000000000000000000e+00 1.342740100136549826e-02 0.000000000000000000e+00
2.640000000000000000e+02 1.055976883864093718e-01 2.025489303595812418e-01 7.836822940373235902e-01 0.000000000000000000e+00 1.376877560309512985e-02 0.000000000000000000e+00
2.670000000000000000e+02 1.067976621180730668e-01 2.084660901228948537e-01 7.767410104688211581e-01 0.000000000000000000e+00 1.479289940828402289e-02 0.000000000000000000e+00
2.700000000000000000e+02 1.079976358497369837e-01 2.197314519799726806e-01 7.645653163404643182e-01 0.000000000000000000e+00 1.570323167956303931e-02 0.000000000000000000e+00
2.730000000000000000e+02 1.091976095814006786e-01 2.339553937187073274e-01 7.474965862539827421e-01 0.000000000000000000e+00 1.854802002730996865e-02 0.000000000000000000e+00
2.760000000000000000e+02 1.103975833130643736e-01 2.413518434228493492e-01 7.379380974055530507e-01 0.000000000000000000e+00 2.071005917159763482e-02 0.000000000000000000e+00
2.790000000000000000e+02 1.115975570447280685e-01 2.486345015930814806e-01 7.304278561675011661e-01 0.000000000000000000e+00 2.093764223941738806e-02 0.000000000000000000e+00
2.820000000000000000e+02 1.127975307763917634e-01 2.627446517979062368e-01 7.139280837505689314e-01 0.000000000000000000e+00 2.332726445152480746e-02 0.000000000000000000e+00
2.850000000000000000e+02 1.139975045080556804e-01 2.834547109695038647e-01 6.917387346381429492e-01 0.000000000000000000e+00 2.480655439235321044e-02 0.000000000000000000e+00
2.880000000000000000e+02 1.151974782397193753e-01 2.996131087847064278e-01 6.761492944924897275e-01 0.000000000000000000e+00 2.423759672280382388e-02 0.000000000000000000e+00
2.910000000000000000e+02 1.163974519713830702e-01 3.181611288120163583e-01 6.537323623122439642e-01 1.137915339098771066e-04 2.799271734182976618e-02 0.000000000000000000e+00
2.940000000000000000e+02 1.175974257030467651e-01 3.303368229403732537e-01 6.375739644970414011e-01 1.137915339098771066e-04 3.197542102867546865e-02 0.000000000000000000e+00
2.970000000000000000e+02 1.187973994347104600e-01 3.394401456531633832e-01 6.252844788347746707e-01 2.275830678197542133e-04 3.504779244424215123e-02 0.000000000000000000e+00
3.000000000000000000e+02 1.199973731663743770e-01 3.541192535275375364e-01 6.070778334091943007e-01 1.137915339098771066e-04 3.868912152935821691e-02 0.000000000000000000e+00
3.030000000000000000e+02 1.211973468980380719e-01 3.753982703686845612e-01 5.832954028220300735e-01 2.275830678197542133e-04 4.107874374146563284e-02 0.000000000000000000e+00
3.060000000000000000e+02 1.223973206297017668e-01 3.958807464724624636e-01 5.631543013199817871e-01 1.137915339098771066e-04 4.085116067364587961e-02 0.000000000000000000e+00
3.090000000000000000e+02 1.235972943613654618e-01 4.054392353208920996e-01 5.500682749203459343e-01 1.137915339098771066e-04 4.437869822485206867e-02 0.000000000000000000e+00
3.120000000000000000e+02 1.247972680930293787e-01 4.145425580336822846e-01 5.364132908511606290e-01 3.413746017296313199e-04 4.870277651342740100e-02 0.000000000000000000e+00
3.150000000000000000e+02 1.259972418246930737e-01 4.332043695949021611e-01 5.146791078743740977e-01 4.551661356395084266e-04 5.166135639508420696e-02 0.000000000000000000e+00
3.180000000000000000e+02 1.271972155563567686e-01 4.544833864360491305e-01 4.896449704142011861e-01 6.827492034592626399e-04 5.518889394629039602e-02 0.000000000000000000e+00
3.210000000000000000e+02 1.283971892880204635e-01 4.709831588529813651e-01 4.667728720983158608e-01 7.965407373691396923e-04 6.144742831133363781e-02 0.000000000000000000e+00
3.240000000000000000e+02 1.295971630196841584e-01 4.888484296768320636e-01 4.433318161128811941e-01 9.103322712790168532e-04 6.690942193900774326e-02 0.000000000000000000e+00
3.270000000000000000e+02 1.307971367513480754e-01 5.072826581702321036e-01 4.235320892125625791e-01 6.827492034592626399e-04 6.850250341374601593e-02 0.000000000000000000e+00
3.300000000000000000e+02 1.319971104830117703e-01 5.236686390532544477e-01 4.039599453800637452e-01 9.103322712790168532e-04 7.146108329540282189e-02 0.000000000000000000e+00
3.330000000000000000e+02 1.331970842146754652e-01 5.425580336822940497e-01 3.804050978607191880e-01 9.103322712790168532e-04 7.612653618570777714e-02 0.000000000000000000e+00
3.360000000000000000e+02 1.343970579463391601e-01 5.611060537096039802e-01 3.574192080109239722e-01 1.137915339098770958e-03 8.033682294037323979e-02 0.000000000000000000e+00
3.390000000000000000e+02 1.355970316780030771e-01 5.704369594902138907e-01 3.387573964497041512e-01 1.251706873008648227e-03 8.955393718707328754e-02 0.000000000000000000e+00
3.420000000000000000e+02 1.367970054096667720e-01 5.850022758306782089e-01 3.200955848884842747e-01 1.251706873008648227e-03 9.365043240782885969e-02 0.000000000000000000e+00
3.450000000000000000e+02 1.379969791413304669e-01 5.946745562130177909e-01 3.083750568957669413e-01 2.048247610377787811e-03 9.490213928083750250e-02 0.000000000000000000e+00
3.480000000000000000e+02 1.391969528729941619e-01 6.086709148839326566e-01 2.921028675466545432e-01 1.706873008648156654e-03 9.751934456076467861e-02 0.000000000000000000e+00
3.510000000000000000e+02 1.403969266046578568e-01 6.185707783340919086e-01 2.742375967228038447e-01 1.593081474738279385e-03 1.055985434683659602e-01 0.000000000000000000e+00
3.540000000000000000e+02 1.415969003363217738e-01 6.227810650887574129e-01 2.631998179335457433e-01 1.706873008648156654e-03 1.123122439690487084e-01 0.000000000000000000e+00
3.570000000000000000e+02 1.427968740679854687e-01 6.379153390987710726e-01 2.440828402366863881e-01 2.617205279927173507e-03 1.153846153846153910e-01 0.000000000000000000e+00
3.600000000000000000e+02 1.439968477996491636e-01 6.466772872098316416e-01 2.292899408284023721e-01 2.730996813837050560e-03 1.213017751479289891e-01 0.000000000000000000e+00
3.630000000000000000e+02 1.451968215313128585e-01 6.557806099226217711e-01 2.117660446062812896e-01 4.437869822485207214e-03 1.280154756486117373e-01 0.000000000000000000e+00
3.660000000000000000e+02 1.463967952629765534e-01 6.648839326354119006e-01 1.976558944014565333e-01 5.006827492034592909e-03 1.324533454710969393e-01 0.000000000000000000e+00
3.690000000000000000e+02 1.475967689946404704e-01 6.695493855257168558e-01 1.814974965862539702e-01 6.030951297223486815e-03 1.429221665908056438e-01 0.000000000000000000e+00
3.720000000000000000e+02 1.487967427263041653e-01 6.772872098315885214e-01 1.681838871187983642e-01 7.168866636322257339e-03 1.473600364132908458e-01 0.000000000000000000e+00
3.750000000000000000e+02 1.499967164579678602e-01 6.852526172052799680e-01 1.594219390077378229e-01 7.624032771961766417e-03 1.477014110150204895e-01 0.000000000000000000e+00
3.780000000000000000e+02 1.511966901896315552e-01 6.932180245789713036e-01 1.494082840236686527e-01 7.965407373691398007e-03 1.494082840236686527e-01 0.000000000000000000e+00
3.810000000000000000e+02 1.523966639212954721e-01 6.946973145197997690e-01 1.388256713700500578e-01 8.875739644970414427e-03 1.576012744651797970e-01 0.000000000000000000e+00
3.840000000000000000e+02 1.535966376529591670e-01 7.035730541647701175e-01 1.241465634956759184e-01 1.058261265361857065e-02 1.616977696859353553e-01 0.000000000000000000e+00
3.870000000000000000e+02 1.547966113846228620e-01 7.092626308602639762e-01 1.136777423759672279e-01 1.103777878925807886e-02 1.660218479745106945e-01 0.000000000000000000e+00
3.900000000000000000e+02 1.559965851162865569e-01 7.143832498862084934e-01 1.051433773327264398e-01 1.206190259444697363e-02 1.684114701866181174e-01 0.000000000000000000e+00
3.930000000000000000e+02 1.571965588479502518e-01 7.138142922166590409e-01 9.911242603550296515e-02 1.308602639963586667e-02 1.739872553482020856e-01 0.000000000000000000e+00
3.960000000000000000e+02 1.583965325796141688e-01 7.168866636322257513e-01 9.478834774692762588e-02 1.308602639963586667e-02 1.752389622212107423e-01 0.000000000000000000e+00
3.990000000000000000e+02 1.595965063112778637e-01 7.188211197086936677e-01 8.989531178880291740e-02 1.456531634046426965e-02 1.767182521620391522e-01 0.000000000000000000e+00
4.020000000000000000e+02 1.607964800429415586e-01 7.248520710059171979e-01 8.443331816112881194e-02 1.479289940828402289e-02 1.759217114246700020e-01 0.000000000000000000e+00
4.050000000000000000e+02 1.619964537746052535e-01 7.287209831588530307e-01 7.862994993172507663e-02 1.581702321347291593e-02 1.768320436959490149e-01 0.000000000000000000e+00
4.080000000000000000e+02 1.631964275062689484e-01 7.363450159308146947e-01 7.168866636322257513e-02 1.593081474738279601e-02 1.760355029585798925e-01 0.000000000000000000e+00
4.110000000000000000e+02 1.643964012379328654e-01 7.424897587619481154e-01 6.713700500682749650e-02 1.638598088302230249e-02 1.739872553482020856e-01 0.000000000000000000e+00
4.140000000000000000e+02 1.655963749695965603e-01 7.462448793809740577e-01 6.178880291306326766e-02 1.706873008648156567e-02 1.748975876194810986e-01 0.000000000000000000e+00
4.170000000000000000e+02 1.667963487012602553e-01 7.427173418297678964e-01 5.905780609922621494e-02 1.820664542558033533e-02 1.800182066454255880e-01 0.000000000000000000e+00
4.200000000000000000e+02 1.679963224329239502e-01 7.496586253982703285e-01 5.131998179335457710e-02 1.979972690031861493e-02 1.792216659080564378e-01 0.000000000000000000e+00
4.230000000000000000e+02 1.691962961645878671e-01 7.568274920345926526e-01 4.676832043695949154e-02 1.945835229858898507e-02 1.769458352298589054e-01 0.000000000000000000e+00
4.260000000000000000e+02 1.703962698962515621e-01 7.589895311788802390e-01 4.449248975876194528e-02 1.991351843422849502e-02 1.766044606281292617e-01 0.000000000000000000e+00
4.290000000000000000e+02 1.715962436279152570e-01 7.611515703231679364e-01 4.107874374146563284e-02 1.979972690031861493e-02 1.779699590350477811e-01 0.000000000000000000e+00
4.320000000000000000e+02 1.727962173595789519e-01 7.624032771961766208e-01 4.050978607191624975e-02 2.127901684114701791e-02 1.758079198907601393e-01 0.000000000000000000e+00
4.350000000000000000e+02 1.739961910912426468e-01 7.671825216203914666e-01 4.028220300409649651e-02 2.105143377332726468e-02 1.714838416021848000e-01 0.000000000000000000e+00
4.380000000000000000e+02 1.751961648229065638e-01 7.726445152480655443e-01 3.834774692762858705e-02 2.127901684114701791e-02 1.677287209831588577e-01 0.000000000000000000e+00
4.410000000000000000e+02 1.763961385545702587e-01 7.735548475193445572e-01 3.823395539371871044e-02 2.184797451069640448e-02 1.663632225762403383e-01 0.000000000000000000e+00
4.440000000000000000e+02 1.775961122862339536e-01 7.793582157487483064e-01 3.675466545289030745e-02 2.309968138370505075e-02 1.607874374146563423e-01 0.000000000000000000e+00
4.470000000000000000e+02 1.787960860178976485e-01 7.864132908511606290e-01 3.641329085116067066e-02 2.321347291761493084e-02 1.539599453800637174e-01 0.000000000000000000e+00
4.500000000000000000e+02 1.799960597495615655e-01 7.950614474283113076e-01 3.504779244424215123e-02 2.275830678197542090e-02 1.471324533454710926e-01 0.000000000000000000e+00
4.530000000000000000e+02 1.811960334812252604e-01 7.973372781065088954e-01 3.379608557123350149e-02 2.389622212107419055e-02 1.449704142011834229e-01 0.000000000000000000e+00
4.560000000000000000e+02 1.823960072128889554e-01 7.983614019116977989e-01 3.379608557123350149e-02 2.412380518889394726e-02 1.437187073281747940e-01 0.000000000000000000e+00
4.590000000000000000e+02 1.835959809445526503e-01 8.038233955393718766e-01 3.243058716431497512e-02 2.401001365498407064e-02 1.397360036413290985e-01 0.000000000000000000e+00
4.620000000000000000e+02 1.847959546762163452e-01 8.130405097860718966e-01 3.117888029130632538e-02 2.321347291761493084e-02 1.325671370050068298e-01 0.000000000000000000e+00
4.650000000000000000e+02 1.859959284078802622e-01 8.204369594902138907e-01 3.026854802002730896e-02 2.423759672280382388e-02 1.250568957669549452e-01 0.000000000000000000e+00
4.680000000000000000e+02 1.871959021395439571e-01 8.220300409649522466e-01 2.867546654528902936e-02 2.457897132453345374e-02 1.247155211652253015e-01 0.000000000000000000e+00
4.710000000000000000e+02 1.883958758712076520e-01 8.252162039144287364e-01 2.742375967228038308e-02 2.514792899408284030e-02 1.222121074192080159e-01 0.000000000000000000e+00
4.740000000000000000e+02 1.895958496028713469e-01 8.282885753299954468e-01 2.628584433318160996e-02 2.446517979062357712e-02 1.209604005461993592e-01 0.000000000000000000e+00
4.770000000000000000e+02 1.907958233345350418e-01 8.319299044151114986e-01 2.457897132453345374e-02 2.423759672280382388e-02 1.192535275375512099e-01 0.000000000000000000e+00
4.800000000000000000e+02 1.919957970661989588e-01 8.401228948566226151e-01 2.218934911242603433e-02 2.401001365498407064e-02 1.136777423759672279e-01 0.000000000000000000e+00
4.830000000000000000e+02 1.931957707978626537e-01 8.401228948566226151e-01 2.355484751934456070e-02 2.423759672280382388e-02 1.120846609012289552e-01 0.000000000000000000e+00
4.860000000000000000e+02 1.943957445295263486e-01 8.416021847974510806e-01 2.321347291761493084e-02 2.457897132453345374e-02 1.106053709604005453e-01 0.000000000000000000e+00
4.890000000000000000e+02 1.955957182611900436e-01 8.427401001365498745e-01 2.116522530723714129e-02 2.628584433318160996e-02 1.098088302230314089e-01 0.000000000000000000e+00
4.920000000000000000e+02 1.967956919928539605e-01 8.441055985434683384e-01 2.196176604460628110e-02 2.674101046882111990e-02 1.071916249431042328e-01 0.000000000000000000e+00
4.950000000000000000e+02 1.979956657245176554e-01 8.468365953573053773e-01 2.309968138370505075e-02 2.662721893491124328e-02 1.034365043240782905e-01 0.000000000000000000e+00
4.980000000000000000e+02 1.991956394561813504e-01 8.501365498406918686e-01 2.298588984979517413e-02 2.514792899408284030e-02 1.017296313154301274e-01 0.000000000000000000e+00
5.010000000000000000e+02 2.003956131878450453e-01 8.530951297223486884e-01 2.230314064633591095e-02 2.514792899408284030e-02 9.945380063723259501e-02 0.000000000000000000e+00
5.040000000000000000e+02 2.015955869195087402e-01 8.577605826126536437e-01 2.048247610377787811e-02 2.537551206190259354e-02 9.638142922166591242e-02 0.000000000000000000e+00
5.070000000000000000e+02 2.027955606511726572e-01 8.603777878925807920e-01 2.025489303595812488e-02 2.446517979062357712e-02 9.490213928083750250e-02 0.000000000000000000e+00
5.100000000000000000e+02 2.039955343828363521e-01 8.634501593081475024e-01 1.991351843422849502e-02 2.389622212107419055e-02 9.274010013654984674e-02 0.000000000000000000e+00
5.130000000000000000e+02 2.051955081145000470e-01 8.651570323167956378e-01 1.934456076467910846e-02 2.309968138370505075e-02 9.239872553482020301e-02 0.000000000000000000e+00
5.160000000000000000e+02 2.063954818461637419e-01 8.668639053254437732e-01 1.923076923076923184e-02 2.401001365498407064e-02 8.989531178880291740e-02 0.000000000000000000e+00
5.190000000000000000e+02 2.075954555778276589e-01 8.673190714610833352e-01 1.854802002730996865e-02 2.469276285844333035e-02 8.944014565316341092e-02 0.000000000000000000e+00
5.220000000000000000e+02 2.087954293094913538e-01 8.736913973600364258e-01 1.866181156121984527e-02 2.548930359581247015e-02 8.215748748293126569e-02 0.000000000000000000e+00
5.250000000000000000e+02 2.099954030411550487e-01 8.767637687756031362e-01 1.888939462903959851e-02 2.662721893491124328e-02 7.771961766044606368e-02 0.000000000000000000e+00
5.280000000000000000e+02 2.111953767728187437e-01 8.791533909877105035e-01 1.775147928994082885e-02 2.776513427401001294e-02 7.532999544833864081e-02 0.000000000000000000e+00
5.310000000000000000e+02 2.123953505044824386e-01 8.784706417842512716e-01 1.854802002730996865e-02 2.742375967228038308e-02 7.555757851615839404e-02 0.000000000000000000e+00
5.340000000000000000e+02 2.135953242361463555e-01 8.804050978607191880e-01 1.843422849340009204e-02 2.708238507055074976e-02 7.407828857532999800e-02 0.000000000000000000e+00
5.370000000000000000e+02 2.147952979678100505e-01 8.858670914883932657e-01 1.695493855257168905e-02 2.594446973145198010e-02 7.123350022758306865e-02 0.000000000000000000e+00
5.400000000000000000e+02 2.159952716994737454e-01 8.875739644970414011e-01 1.718252162039144229e-02 2.617205279927173334e-02 6.907146108329539902e-02 0.000000000000000000e+00
5.430000000000000000e+02 2.171952454311374403e-01 8.863222576240327166e-01 1.627218934911242587e-02 2.901684114701866268e-02 6.838871187983613931e-02 0.000000000000000000e+00
5.460000000000000000e+02 2.183952191628011352e-01 8.890532544378698665e-01 1.513427401001365448e-02 2.844788347746927612e-02 6.736458807464724974e-02 0.000000000000000000e+00
5.490000000000000000e+02 2.195951928944650522e-01 8.931497496586253693e-01 1.376877560309512985e-02 2.753755120619025970e-02 6.554392353208920996e-02 0.000000000000000000e+00
5.520000000000000000e+02 2.207951666261287471e-01 8.945152480655439442e-01 1.422394173873463806e-02 2.833409194355939950e-02 6.292671825216203385e-02 0.000000000000000000e+00
5.550000000000000000e+02 2.219951403577924420e-01 8.987255348202093375e-01 1.365498406918525323e-02 2.833409194355939950e-02 5.928538916704597511e-02 0.000000000000000000e+00
5.580000000000000000e+02 2.231951140894561370e-01 8.962221210741920796e-01 1.411015020482476144e-02 2.890304961310878606e-02 6.076467910787437116e-02 0.000000000000000000e+00
5.610000000000000000e+02 2.243950878211200539e-01 8.994082840236686804e-01 1.342740100136549826e-02 2.844788347746927612e-02 5.871643149749658508e-02 0.000000000000000000e+00
5.640000000000000000e+02 2.255950615527837488e-01 9.030496131087847322e-01 1.490669094219390124e-02 2.628584433318160996e-02 5.575785161583977911e-02 0.000000000000000000e+00
5.670000000000000000e+02 2.267950352844474438e-01 9.072598998634501255e-01 1.467910787437414627e-02 2.583067819754210348e-02 5.211652253072371344e-02 1.137915339098771066e-04
5.700000000000000000e+02 2.279950090161111387e-01 9.099908966772871644e-01 1.445152480655439303e-02 2.401001365498407064e-02 5.154756486117433034e-02 0.000000000000000000e+00
5.730000000000000000e+02 2.291949827477748336e-01 9.115839781520255203e-01 1.422394173873463806e-02 2.492034592626308706e-02 4.927173418297678409e-02 0.000000000000000000e+00
5.760000000000000000e+02 2.303949564794387506e-01 9.135184342284934367e-01 1.388256713700500647e-02 2.628584433318160996e-02 4.631315430131998506e-02 0.000000000000000000e+00
5.790000000000000000e+02 2.315949302111024455e-01 9.162494310423304755e-01 1.331360946745562164e-02 2.719617660446062984e-02 4.324078288575330248e-02 0.000000000000000000e+00
5.820000000000000000e+02 2.327949039427661404e-01 9.179563040509786109e-01 1.308602639963586667e-02 2.708238507055074976e-02 4.187528447883477611e-02 0.000000000000000000e+00
5.850000000000000000e+02 2.339948776744298353e-01 9.210286754665453213e-01 1.308602639963586667e-02 2.651342740100136666e-02 3.937187073281747662e-02 0.000000000000000000e+00
5.880000000000000000e+02 2.351948514060937523e-01 9.221665908056441152e-01 1.354119253527537488e-02 2.548930359581247015e-02 3.880291306326809353e-02 0.000000000000000000e+00
5.910000000000000000e+02 2.363948251377574472e-01 9.239872553482021411e-01 1.376877560309512985e-02 2.548930359581247015e-02 3.675466545289030745e-02 0.000000000000000000e+00
5.940000000000000000e+02 2.375947988694211421e-01 9.251251706873008240e-01 1.411015020482476144e-02 2.708238507055074976e-02 3.368229403732362487e-02 0.000000000000000000e+00
5.970000000000000000e+02 2.387947726010848370e-01 9.244424214838415921e-01 1.433773327264451468e-02 2.753755120619025970e-02 3.368229403732362487e-02 0.000000000000000000e+00
6.000000000000000000e+02 2.399947463327485320e-01 9.260355029585798370e-01 1.354119253527537488e-02 2.548930359581247015e-02 3.493400091033227461e-02 0.000000000000000000e+00
6.030000000000000000e+02 2.411947200644124489e-01 9.287664997724169869e-01 1.319981793354574502e-02 2.526172052799271692e-02 3.277196176604460498e-02 0.000000000000000000e+00
6.060000000000000000e+02 2.423946937960761439e-01 9.313837050523441352e-01 1.251706873008648184e-02 2.366863905325443732e-02 3.243058716431497512e-02 0.000000000000000000e+00
6.090000000000000000e+02 2.435946675277398388e-01 9.328629949931724896e-01 1.285844333181611343e-02 2.355484751934456070e-02 3.072371415566681890e-02 0.000000000000000000e+00
6.120000000000000000e+02 2.447946412594035337e-01 9.345698680018206250e-01 1.263086026399635846e-02 2.264451524806554428e-02 3.015475648611743234e-02 0.000000000000000000e+00
6.150000000000000000e+02 2.459946149910672286e-01 9.337733272644515026e-01 1.228948566226672687e-02 2.423759672280382388e-02 2.969959035047792587e-02 0.000000000000000000e+00
6.180000000000000000e+02 2.471945887227311456e-01 9.341147018661811741e-01 1.206190259444697363e-02 2.457897132453345374e-02 2.924442421483841592e-02 0.000000000000000000e+00
6.210000000000000000e+02 2.483945624543948405e-01 9.360491579426490905e-01 1.274465179790623508e-02 2.469276285844333035e-02 2.651342740100136666e-02 0.000000000000000000e+00
6.240000000000000000e+02 2.495945361860585354e-01 9.385525716886663483e-01 1.297223486572599005e-02 2.264451524806554428e-02 2.583067819754210348e-02 0.000000000000000000e+00
6.270000000000000000e+02 2.507945099177222303e-01 9.392353208921255803e-01 1.342740100136549826e-02 2.218934911242603433e-02 2.514792899408284030e-02 0.000000000000000000e+00
6.300000000000000000e+02 2.519944836493861473e-01 9.374146563495675544e-01 1.331360946745562164e-02 2.230314064633591095e-02 2.696859353664087314e-02 0.000000000000000000e+00
6.330000000000000000e+02 2.531944573810498422e-01 9.359353664087392000e-01 1.319981793354574502e-02 2.332726445152480746e-02 2.753755120619025970e-02 0.000000000000000000e+00
6.360000000000000000e+02 2.543944311127135371e-01 9.385525716886663483e-01 1.308602639963586667e-02 2.355484751934456070e-02 2.480655439235321044e-02 0.000000000000000000e+00
6.390000000000000000e+02 2.555944048443772321e-01 9.371870732817478844e-01 1.411015020482476144e-02 2.344105598543468408e-02 2.526172052799271692e-02 0.000000000000000000e+00
6.420000000000000000e+02 2.567943785760409270e-01 9.367319071461083224e-01 1.490669094219390124e-02 2.309968138370505075e-02 2.514792899408284030e-02 1.137915339098771066e-04
6.450000000000000000e+02 2.579943523077048440e-01 9.376422394173873354e-01 1.490669094219390124e-02 2.230314064633591095e-02 2.503413746017296368e-02 1.137915339098771066e-04
6.480000000000000000e+02 2.591943260393685389e-01 9.386663632225762388e-01 1.399635867091488309e-02 2.309968138370505075e-02 2.412380518889394726e-02 1.137915339098771066e-04
6.510000000000000000e+02 2.603942997710322338e-01 9.399180700955849233e-01 1.342740100136549826e-02 2.253072371415566766e-02 2.401001365498407064e-02 1.137915339098771066e-04
6.540000000000000000e+02 2.615942735026959287e-01 9.404870277651342647e-01 1.297223486572599005e-02 2.218934911242603433e-02 2.423759672280382388e-02 1.137915339098771066e-04
6.570000000000000000e+02 2.627942472343598457e-01 9.431042330450614131e-01 1.240327719617660522e-02 2.184797451069640448e-02 2.253072371415566766e-02 1.137915339098771066e-04
6.600000000000000000e+02 2.639942209660235406e-01 9.424214838416021811e-01 1.319981793354574502e-02 2.116522530723714129e-02 2.309968138370505075e-02 1.137915339098771066e-04
6.630000000000000000e+02 2.651941946976872355e-01 9.465179790623577949e-01 1.308602639963586667e-02 2.002730996813837164e-02 2.025489303595812488e-02 1.137915339098771066e-04
6.660000000000000000e+02 2.663941684293509304e-01 9.464041875284479044e-01 1.388256713700500647e-02 1.991351843422849502e-02 1.968593536640873831e-02 1.137915339098771066e-04
6.690000000000000000e+02 2.675941421610146254e-01 9.478834774692762588e-01 1.285844333181611343e-02 1.934456076467910846e-02 1.979972690031861493e-02 1.137915339098771066e-04
6.720000000000000000e+02 2.687941158926785423e-01 9.481110605370960398e-01 1.228948566226672687e-02 1.854802002730996865e-02 2.093764223941738806e-02 1.137915339098771066e-04
6.750000000000000000e+02 2.699940896243422372e-01 9.481110605370960398e-01 1.285844333181611343e-02 1.911697769685935522e-02 1.991351843422849502e-02 0.000000000000000000e+00
6.780000000000000000e+02 2.711940633560059322e-01 9.492489758761948337e-01 1.263086026399635846e-02 1.934456076467910846e-02 1.877560309512972189e-02 0.000000000000000000e+00
6.810000000000000000e+02 2.723940370876696271e-01 9.485662266727356018e-01 1.331360946745562164e-02 1.877560309512972189e-02 1.934456076467910846e-02 0.000000000000000000e+00
