# itime ezz other fcc hcp bcc ico
0.000000000000000000e+00 0.000000000000000000e+00 0.000000000000000000e+00 1.000000000000000000e+00 0.000000000000000000e+00 0.000000000000000000e+00 0.000000000000000000e+00
3.000000000000000000e+00 1.200027971403727634e-03 0.000000000000000000e+00 1.000000000000000000e+00 0.000000000000000000e+00 0.000000000000000000e+00 0.000000000000000000e+00
6.000000000000000000e+00 2.400055942807455267e-03 0.000000000000000000e+00 1.000000000000000000e+00 0.000000000000000000e+00 0.000000000000000000e+00 0.000000000000000000e+00
9.000000000000000000e+00 3.600083914211404945e-03 0.000000000000000000e+00 1.000000000000000000e+00 0.000000000000000000e+00 0.000000000000000000e+00 0.000000000000000000e+00
1.200000000000000000e+01 4.800111885615132579e-03 0.000000000000000000e+00 1.000000000000000000e+00 0.000000000000000000e+00 0.000000000000000000e+00 0.000000000000000000e+00
1.500000000000000000e+01 6.000139857018860212e-03 0.000000000000000000e+00 1.000000000000000000e+00 0.000000000000000000e+00 0.000000000000000000e+00 0.000000000000000000e+00
1.800000000000000000e+01 7.200167828422587846e-03 0.000000000000000000e+00 1.000000000000000000e+00 0.000000000000000000e+00 0.000000000000000000e+00 0.000000000000000000e+00
2.100000000000000000e+01 8.400195799826315479e-03 0.000000000000000000e+00 1.000000000000000000e+00 0.000000000000000000e+00 0.000000000000000000e+00 0.000000000000000000e+00
2.400000000000000000e+01 9.600223771230265157e-03 0.000000000000000000e+00 1.000000000000000000e+00 0.000000000000000000e+00 0.000000000000000000e+00 0.000000000000000000e+00
2.700000000000000000e+01 1.080025174263399279e-02 0.000000000000000000e+00 1.000000000000000000e+00 0.000000000000000000e+00 0.000000000000000000e+00 0.000000000000000000e+00
3.000000000000000000e+01 1.200027971403772042e-02 0.000000000000000000e+00 1.000000000000000000e+00 0.000000000000000000e+00 0.000000000000000000e+00 0.000000000000000000e+00
3.300000000000000000e+01 1.320030768544144806e-02 0.000000000000000000e+00 1.000000000000000000e+00 0.000000000000000000e+00 0.000000000000000000e+00 0.000000000000000000e+00
3.600000000000000000e+01 1.440033565684539774e-02 0.000000000000000000e+00 1.000000000000000000e+00 0.000000000000000000e+00 0.000000000000000000e+00 0.000000000000000000e+00
3.900000000000000000e+01 1.560036362824912537e-02 0.000000000000000000e+00 1.000000000000000000e+00 0.000000000000000000e+00 0.000000000000000000e+00 0.000000000000000000e+00
4.200000000000000000e+01 1.680039159965285300e-02 0.000000000000000000e+00 1.000000000000000000e+00 0.000000000000000000e+00 0.000000000000000000e+00 0.000000000000000000e+00
4.500000000000000000e+01 1.800041957105658064e-02 0.000000000000000000e+00 1.000000000000000000e+00 0.000000000000000000e+00 0.000000000000000000e+00 0.000000000000000000e+00
4.800000000000000000e+01 1.920044754246030827e-02 0.000000000000000000e+00 1.000000000000000000e+00 0.000000000000000000e+00 0.000000000000000000e+00 0.000000000000000000e+00
5.100000000000000000e+01 2.040047551386425795e-02 0.000000000000000000e+00 1.000000000000000000e+00 0.000000000000000000e+00 0.000000000000000000e+00 0.000000000000000000e+00
5.400000000000000000e+01 2.160050348526798558e-02 0.000000000000000000e+00 1.000000000000000000e+00 0.000000000000000000e+00 0.000000000000000000e+00 0.000000000000000000e+00
5.700000000000000000e+01 2.280053145667171322e-02 0.000000000000000000e+00 1.000000000000000000e+00 0.000000000000000000e+00 0.000000000000000000e+00 0.000000000000000000e+00
6.000000000000000000e+01 2.400055942807544085e-02 0.000000000000000000e+00 1.000000000000000000e+00 0.000000000000000000e+00 0.000000000000000000e+00 0.000000000000000000e+00
6.300000000000000000e+01 2.520058739947916848e-02 0.000000000000000000e+00 1.000000000000000000e+00 0.000000000000000000e+00 0.000000000000000000e+00 0.000000000000000000e+00
6.600000000000000000e+01 2.640061537088311816e-02 0.000000000000000000e+00 1.000000000000000000e+00 0.000000000000000000e+00 0.000000000000000000e+00 0.000000000000000000e+00
6.900000000000000000e+01 2.760064334228684579e-02 0.000000000000000000e+00 1.000000000000000000e+00 0.000000000000000000e+00 0.000000000000000000e+00 0.000000000000000000e+00
7.200000000000000000e+01 2.880067131369057343e-02 0.000000000000000000e+00 1.000000000000000000e+00 0.000000000000000000e+00 0.000000000000000000e+00 0.000000000000000000e+00
7.500000000000000000e+01 3.000069928509430106e-02 0.000000000000000000e+00 1.000000000000000000e+00 0.000000000000000000e+00 0.000000000000000000e+00 0.000000000000000000e+00
7.800000000000000000e+01 3.120072725649825074e-02 0.000000000000000000e+00 1.000000000000000000e+00 0.000000000000000000e+00 0.000000000000000000e+00 0.000000000000000000e+00
8.100000000000000000e+01 3.240075522790197837e-02 0.000000000000000000e+00 1.000000000000000000e+00 0.000000000000000000e+00 0.000000000000000000e+00 0.000000000000000000e+00
8.400000000000000000e+01 3.360078319930570601e-02 0.000000000000000000e+00 1.000000000000000000e+00 0.000000000000000000e+00 0.000000000000000000e+00 0.000000000000000000e+00
8.700000000000000000e+01 3.480081117070943364e-02 0.000000000000000000e+00 1.000000000000000000e+00 0.000000000000000000e+00 0.000000000000000000e+00 0.000000000000000000e+00
9.000000000000000000e+01 3.600083914211316127e-02 0.000000000000000000e+00 1.000000000000000000e+00 0.000000000000000000e+00 0.000000000000000000e+00 0.000000000000000000e+00
9.300000000000000000e+01 3.720086711351711095e-02 0.000000000000000000e+00 1.000000000000000000e+00 0.000000000000000000e+00 0.000000000000000000e+00 0.000000000000000000e+00
9.600000000000000000e+01 3.840089508492083858e-02 0.000000000000000000e+00 1.000000000000000000e+00 0.000000000000000000e+00 0.000000000000000000e+00 0.000000000000000000e+00
9.900000000000000000e+01 3.960092305632456622e-02 0.000000000000000000e+00 1.000000000000000000e+00 0.000000000000000000e+00 0.000000000000000000e+00 0.000000000000000000e+00
1.020000000000000000e+02 4.080095102772829385e-02 0.000000000000000000e+00 1.000000000000000000e+00 0.000000000000000000e+00 0.000000000000000000e+00 0.000000000000000000e+00
1.050000000000000000e+02 4.200097899913202149e-02 0.000000000000000000e+00 1.000000000000000000e+00 0.000000000000000000e+00 0.000000000000000000e+00 0.000000000000000000e+00
1.080000000000000000e+02 4.320100697053597116e-02 0.000000000000000000e+00 1.000000000000000000e+00 0.000000000000000000e+00 0.000000000000000000e+00 0.000000000000000000e+00
1.110000000000000000e+02 4.440103494193969880e-02 0.000000000000000000e+00 1.000000000000000000e+00 0.000000000000000000e+00 0.000000000000000000e+00 0.000000000000000000e+00
1.140000000000000000e+02 4.560106291334342643e-02 0.000000000000000000e+00 1.000000000000000000e+00 0.000000000000000000e+00 0.000000000000000000e+00 0.000000000000000000e+00
1.170000000000000000e+02 4.680109088474715406e-02 0.000000000000000000e+00 1.000000000000000000e+00 0.000000000000000000e+00 0.000000000000000000e+00 0.000000000000000000e+00
1.200000000000000000e+02 4.800111885615110374e-02 0.000000000000000000e+00 1.000000000000000000e+00 0.000000000000000000e+00 0.000000000000000000e+00 0.000000000000000000e+00
1.230000000000000000e+02 4.920114682755483138e-02 0.000000000000000000e+00 1.000000000000000000e+00 0.000000000000000000e+00 0.000000000000000000e+00 0.000000000000000000e+00
1.260000000000000000e+02 5.040117479895855901e-02 0.000000000000000000e+00 1.000000000000000000e+00 0.000000000000000000e+00 0.000000000000000000e+00 0.000000000000000000e+00
1.290000000000000000e+02 5.160120277036228664e-02 4.551661356395084266e-04 9.995448338643604380e-01 0.000000000000000000e+00 0.000000000000000000e+00 0.000000000000000000e+00
1.320000000000000000e+02 5.280123074176601428e-02 0.000000000000000000e+00 1.000000000000000000e+00 0.000000000000000000e+00 0.000000000000000000e+00 0.000000000000000000e+00
1.350000000000000000e+02 5.400125871316996395e-02 0.000000000000000000e+00 1.000000000000000000e+00 0.000000000000000000e+00 0.000000000000000000e+00 0.000000000000000000e+00
1.380000000000000000e+02 5.520128668457369159e-02 0.000000000000000000e+00 1.000000000000000000e+00 0.000000000000000000e+00 0.000000000000000000e+00 0.000000000000000000e+00
1.410000000000000000e+02 5.640131465597741922e-02 0.000000000000000000e+00 1.000000000000000000e+00 0.000000000000000000e+00 0.000000000000000000e+00 0.000000000000000000e+00
1.440000000000000000e+02 5.760134262738114685e-02 0.000000000000000000e+00 1.000000000000000000e+00 0.000000000000000000e+00 0.000000000000000000e+00 0.000000000000000000e+00
1.470000000000000000e+02 5.880137059878487449e-02 0.000000000000000000e+00 1.000000000000000000e+00 0.000000000000000000e+00 0.000000000000000000e+00 0.000000000000000000e+00
1.500000000000000000e+02 6.000139857018882417e-02 0.000000000000000000e+00 1.000000000000000000e+00 0.000000000000000000e+00 0.000000000000000000e+00 0.000000000000000000e+00
1.530000000000000000e+02 6.120142654159255180e-02 0.000000000000000000e+00 1.000000000000000000e+00 0.000000000000000000e+00 0.000000000000000000e+00 0.000000000000000000e+00
1.560000000000000000e+02 6.240145451299627943e-02 0.000000000000000000e+00 1.000000000000000000e+00 0.000000000000000000e+00 0.000000000000000000e+00 0.000000000000000000e+00
1.590000000000000000e+02 6.360148248440000707e-02 0.000000000000000000e+00 1.000000000000000000e+00 0.000000000000000000e+00 0.000000000000000000e+00 0.000000000000000000e+00
1.620000000000000000e+02 6.480151045580395675e-02 0.000000000000000000e+00 1.000000000000000000e+00 0.000000000000000000e+00 0.000000000000000000e+00 0.000000000000000000e+00
1.650000000000000000e+02 6.600153842720768438e-02 0.000000000000000000e+00 1.000000000000000000e+00 0.000000000000000000e+00 0.000000000000000000e+00 0.000000000000000000e+00
1.680000000000000000e+02 6.720156639861141201e-02 0.000000000000000000e+00 1.000000000000000000e+00 0.000000000000000000e+00 0.000000000000000000e+00 0.000000000000000000e+00
1.710000000000000000e+02 6.840159437001513965e-02 0.000000000000000000e+00 1.000000000000000000e+00 0.000000000000000000e+00 0.000000000000000000e+00 0.000000000000000000e+00
1.740000000000000000e+02 6.960162234141886728e-02 2.275830678197542133e-04 9.997724169321802190e-01 0.000000000000000000e+00 0.000000000000000000e+00 0.000000000000000000e+00
1.770000000000000000e+02 7.080165031282281696e-02 2.275830678197542133e-04 9.997724169321802190e-01 0.000000000000000000e+00 0.000000000000000000e+00 0.000000000000000000e+00
1.800000000000000000e+02 7.200167828422654459e-02 0.000000000000000000e+00 1.000000000000000000e+00 0.000000000000000000e+00 0.000000000000000000e+00 0.000000000000000000e+00
1.830000000000000000e+02 7.320170625563027222e-02 0.000000000000000000e+00 1.000000000000000000e+00 0.000000000000000000e+00 0.000000000000000000e+00 0.000000000000000000e+00
1.860000000000000000e+02 7.440173422703399986e-02 0.000000000000000000e+00 1.000000000000000000e+00 0.000000000000000000e+00 0.000000000000000000e+00 0.000000000000000000e+00
1.890000000000000000e+02 7.560176219843772749e-02 0.000000000000000000e+00 1.000000000000000000e+00 0.000000000000000000e+00 0.000000000000000000e+00 0.000000000000000000e+00
1.920000000000000000e+02 7.680179016984167717e-02 0.000000000000000000e+00 1.000000000000000000e+00 0.000000000000000000e+00 0.000000000000000000e+00 0.000000000000000000e+00
1.950000000000000000e+02 7.800181814124540480e-02 1.137915339098771066e-04 9.998862084660901095e-01 0.000000000000000000e+00 0.000000000000000000e+00 0.000000000000000000e+00
1.980000000000000000e+02 7.920184611264913244e-02 3.413746017296313199e-04 9.995448338643604380e-01 0.000000000000000000e+00 1.137915339098771066e-04 0.000000000000000000e+00
2.010000000000000000e+02 8.040187408405286007e-02 4.551661356395084266e-04 9.995448338643604380e-01 0.000000000000000000e+00 0.000000000000000000e+00 0.000000000000000000e+00
2.040000000000000000e+02 8.160190205545680975e-02 0.000000000000000000e+00 1.000000000000000000e+00 0.000000000000000000e+00 0.000000000000000000e+00 0.000000000000000000e+00
2.070000000000000000e+02 8.280193002686053738e-02 1.137915339098771066e-04 9.998862084660901095e-01 0.000000000000000000e+00 0.000000000000000000e+00 0.000000000000000000e+00
2.100000000000000000e+02 8.400195799826426502e-02 3.413746017296313199e-04 9.996586253982703285e-01 0.000000000000000000e+00 0.000000000000000000e+00 0.000000000000000000e+00
2.130000000000000000e+02 8.520198596966799265e-02 0.000000000000000000e+00 1.000000000000000000e+00 0.000000000000000000e+00 0.000000000000000000e+00 0.000000000000000000e+00
2.160000000000000000e+02 8.640201394107172028e-02 0.000000000000000000e+00 1.000000000000000000e+00 0.000000000000000000e+00 0.000000000000000000e+00 0.000000000000000000e+00
2.190000000000000000e+02 8.760204191247566996e-02 4.551661356395084266e-04 9.995448338643604380e-01 0.000000000000000000e+00 0.000000000000000000e+00 0.000000000000000000e+00
2.220000000000000000e+02 8.880206988387939759e-02 4.551661356395084266e-04 9.995448338643604380e-01 0.000000000000000000e+00 0.000000000000000000e+00 0.000000000000000000e+00
2.250000000000000000e+02 9.000209785528312523e-02 0.000000000000000000e+00 1.000000000000000000e+00 0.000000000000000000e+00 0.000000000000000000e+00 0.000000000000000000e+00
2.280000000000000000e+02 9.120212582668685286e-02 1.137915339098771066e-04 9.998862084660901095e-01 0.000000000000000000e+00 0.000000000000000000e+00 0.000000000000000000e+00
2.310000000000000000e+02 9.240215379809058049e-02 3.413746017296313199e-04 9.996586253982703285e-01 0.000000000000000000e+00 0.000000000000000000e+00 0.000000000000000000e+00
2.340000000000000000e+02 9.360218176949453017e-02 1.137915339098771066e-04 9.998862084660901095e-01 0.000000000000000000e+00 0.000000000000000000e+00 0.000000000000000000e+00
2.370000000000000000e+02 9.480220974089825781e-02 2.275830678197542133e-04 9.997724169321802190e-01 0.000000000000000000e+00 0.000000000000000000e+00 0.000000000000000000e+00
2.400000000000000000e+02 9.600223771230198544e-02 4.551661356395084266e-04 9.995448338643604380e-01 0.000000000000000000e+00 0.000000000000000000e+00 0.000000000000000000e+00
2.430000000000000000e+02 9.720226568370571307e-02 6.827492034592626399e-04 9.993172507965407680e-01 0.000000000000000000e+00 0.000000000000000000e+00 0.000000000000000000e+00
2.460000000000000000e+02 9.840229365510966275e-02 1.137915339098771066e-04 9.998862084660901095e-01 0.000000000000000000e+00 0.000000000000000000e+00 0.000000000000000000e+00
2.490000000000000000e+02 9.960232162651339038e-02 0.000000000000000000e+00 1.000000000000000000e+00 0.000000000000000000e+00 0.000000000000000000e+00 0.000000000000000000e+00
2.520000000000000000e+02 1.008023495979171180e-01 1.137915339098771066e-04 9.998862084660901095e-01 0.000000000000000000e+00 0.000000000000000000e+00 0.000000000000000000e+00
2.550000000000000000e+02 1.020023775693208457e-01 2.275830678197542133e-04 9.996586253982703285e-01 0.000000000000000000e+00 1.137915339098771066e-04 0.000000000000000000e+00
2.580000000000000000e+02 1.032024055407245733e-01 9.103322712790168532e-04 9.990896677287209870e-01 0.000000000000000000e+00 0.000000000000000000e+00 0.000000000000000000e+00
2.610000000000000000e+02 1.044024335121285230e-01 1.479289940828402332e-03 9.985207100591716456e-01 0.000000000000000000e+00 0.000000000000000000e+00 0.000000000000000000e+00
2.640000000000000000e+02 1.056024614835322506e-01 9.103322712790168532e-04 9.990896677287209870e-01 0.000000000000000000e+00 0.000000000000000000e+00 0.000000000000000000e+00
2.670000000000000000e+02 1.068024894549359782e-01 7.965407373691396923e-04 9.992034592626308775e-01 0.000000000000000000e+00 0.000000000000000000e+00 0.000000000000000000e+00
2.700000000000000000e+02 1.080025174263397059e-01 7.965407373691396923e-04 9.992034592626308775e-01 0.000000000000000000e+00 0.000000000000000000e+00 0.000000000000000000e+00
2.730000000000000000e+02 1.092025453977434335e-01 5.689576695493854790e-04 9.994310423304506585e-01 0.000000000000000000e+00 0.000000000000000000e+00 0.000000000000000000e+00
2.760000000000000000e+02 1.104025733691473832e-01 3.413746017296313199e-04 9.996586253982703285e-01 0.000000000000000000e+00 0.000000000000000000e+00 0.000000000000000000e+00
2.790000000000000000e+02 1.116026013405511108e-01 1.934456076467910759e-03 9.979517523896221931e-01 0.000000000000000000e+00 1.137915339098771066e-04 0.000000000000000000e+00
2.820000000000000000e+02 1.128026293119548384e-01 3.299954483386436255e-03 9.967000455166135087e-01 0.000000000000000000e+00 0.000000000000000000e+00 0.000000000000000000e+00
2.850000000000000000e+02 1.140026572833585661e-01 2.958579881656804664e-03 9.970414201183431802e-01 0.000000000000000000e+00 0.000000000000000000e+00 0.000000000000000000e+00
2.880000000000000000e+02 1.152026852547625158e-01 2.503413746017296455e-03 9.974965862539827421e-01 0.000000000000000000e+00 0.000000000000000000e+00 0.000000000000000000e+00
2.910000000000000000e+02 1.164027132261662434e-01 4.437869822485207214e-03 9.954483386436049352e-01 0.000000000000000000e+00 1.137915339098771066e-04 0.000000000000000000e+00
2.940000000000000000e+02 1.176027411975699710e-01 5.234410559854347014e-03 9.943104233045061413e-01 0.000000000000000000e+00 4.551661356395084266e-04 0.000000000000000000e+00
2.970000000000000000e+02 1.188027691689736987e-01 5.803368229403732710e-03 9.939690487027764698e-01 0.000000000000000000e+00 2.275830678197542133e-04 0.000000000000000000e+00
3.000000000000000000e+02 1.200027971403774263e-01 5.348202093764223633e-03 9.945380063723259223e-01 0.000000000000000000e+00 1.137915339098771066e-04 0.000000000000000000e+00
3.030000000000000000e+02 1.212028251117813760e-01 6.486117432862995025e-03 9.932862994993172379e-01 0.000000000000000000e+00 2.275830678197542133e-04 0.000000000000000000e+00
3.060000000000000000e+02 1.224028530831851036e-01 6.827492034592626616e-03 9.930587164314974569e-01 0.000000000000000000e+00 1.137915339098771066e-04 0.000000000000000000e+00
3.090000000000000000e+02 1.236028810545888312e-01 9.330905780609922637e-03 9.905553026854801990e-01 0.000000000000000000e+00 1.137915339098771066e-04 0.000000000000000000e+00
3.120000000000000000e+02 1.248029090259925589e-01 1.126536185707783383e-02 9.883932635411925016e-01 0.000000000000000000e+00 3.413746017296313199e-04 0.000000000000000000e+00
3.150000000000000000e+02 1.260029369973962865e-01 1.206190259444697363e-02 9.875967228038233792e-01 0.000000000000000000e+00 3.413746017296313199e-04 0.000000000000000000e+00
3.180000000000000000e+02 1.272029649688002362e-01 1.240327719617660522e-02 9.872553482020938187e-01 0.000000000000000000e+00 3.413746017296313199e-04 0.000000000000000000e+00
3.210000000000000000e+02 1.284029929402039638e-01 1.445152480655439303e-02 9.848657259899863403e-01 0.000000000000000000e+00 6.827492034592626399e-04 0.000000000000000000e+00
3.240000000000000000e+02 1.296030209116076914e-01 1.604460628129267263e-02 9.835002275830677654e-01 0.000000000000000000e+00 4.551661356395084266e-04 0.000000000000000000e+00
3.270000000000000000e+02 1.308030488830114191e-01 1.786527082385070547e-02 9.815657715065999600e-01 0.000000000000000000e+00 5.689576695493854790e-04 0.000000000000000000e+00
3.300000000000000000e+02 1.320030768544153688e-01 2.207555757851615771e-02 9.774692762858443462e-01 0.000000000000000000e+00 4.551661356395084266e-04 0.000000000000000000e+00
3.330000000000000000e+02 1.332031048258190964e-01 2.287209831588529751e-02 9.765589440145653333e-01 0.000000000000000000e+00 5.689576695493854790e-04 0.000000000000000000e+00
3.360000000000000000e+02 1.344031327972228240e-01 2.742375967228038308e-02 9.715521165225307065e-01 0.000000000000000000e+00 1.024123805188893906e-03 0.000000000000000000e+00
3.390000000000000000e+02 1.356031607686265517e-01 3.026854802002730896e-02 9.684797451069639962e-01 0.000000000000000000e+00 1.251706873008648227e-03 0.000000000000000000e+00
3.420000000000000000e+02 1.368031887400302793e-01 3.470641784251251444e-02 9.639280837505689314e-01 0.000000000000000000e+00 1.365498406918525280e-03 0.000000000000000000e+00
3.450000000000000000e+02 1.380032167114342290e-01 3.789258079198907364e-02 9.604005461993627701e-01 0.000000000000000000e+00 1.706873008648156654e-03 0.000000000000000000e+00
3.480000000000000000e+02 1.392032446828379566e-01 4.312699135184342586e-02 9.549385525716886924e-01 0.000000000000000000e+00 1.934456076467910759e-03 0.000000000000000000e+00
3.510000000000000000e+02 1.404032726542416842e-01 5.405097860719162289e-02 9.440145653163404260e-01 0.000000000000000000e+00 1.934456076467910759e-03 0.000000000000000000e+00
3.540000000000000000e+02 1.416033006256454119e-01 5.917159763313609155e-02 9.386663632225762388e-01 0.000000000000000000e+00 2.162039144287664864e-03 0.000000000000000000e+00
3.570000000000000000e+02 1.428033285970491395e-01 6.895766954938552240e-02 9.281975421028675344e-01 0.000000000000000000e+00 2.844788347746927612e-03 0.000000000000000000e+00
3.600000000000000000e+02 1.440033565684530892e-01 8.614019116977697510e-02 9.095357305416477134e-01 0.000000000000000000e+00 4.324078288575329727e-03 0.000000000000000000e+00
3.630000000000000000e+02 1.452033845398568168e-01 1.016158397815202508e-01 8.915566681838871244e-01 0.000000000000000000e+00 6.827492034592626616e-03 0.000000000000000000e+00
3.660000000000000000e+02 1.464034125112605444e-01 1.242603550295857950e-01 8.685707783340919086e-01 0.000000000000000000e+00 7.168866636322257339e-03 0.000000000000000000e+00
3.690000000000000000e+02 1.476034404826642721e-01 1.463359126081019701e-01 8.449021392808374609e-01 0.000000000000000000e+00 8.761948111060537808e-03 0.000000000000000000e+00
3.720000000000000000e+02 1.488034684540682218e-01 1.711424670004551563e-01 8.150887573964497035e-01 0.000000000000000000e+00 1.376877560309512985e-02 0.000000000000000000e+00
3.750000000000000000e+02 1.500034964254719494e-01 2.072143832498861971e-01 7.737824305871643382e-01 0.000000000000000000e+00 1.900318616294947513e-02 0.000000000000000000e+00
3.780000000000000000e+02 1.512035243968756770e-01 2.368001820664542567e-01 7.364588074647245852e-01 0.000000000000000000e+00 2.674101046882111990e-02 0.000000000000000000e+00
3.810000000000000000e+02 1.524035523682794047e-01 2.759444697314519801e-01 6.921939007737824001e-01 0.000000000000000000e+00 3.186162949476559203e-02 0.000000000000000000e+00
3.840000000000000000e+02 1.536035803396831323e-01 3.099681383705052418e-01 6.482703686845698865e-01 0.000000000000000000e+00 4.176149294492489950e-02 0.000000000000000000e+00
3.870000000000000000e+02 1.548036083110870820e-01 3.529813381884387979e-01 5.953573054164770229e-01 0.000000000000000000e+00 5.166135639508420696e-02 0.000000000000000000e+00
3.900000000000000000e+02 1.560036362824908096e-01 3.996358670914884059e-01 5.355029585798816161e-01 0.000000000000000000e+00 6.486117432862995025e-02 0.000000000000000000e+00
3.930000000000000000e+02 1.572036642538945372e-01 4.519799726900318726e-01 4.691624943104232837e-01 0.000000000000000000e+00 7.885753299954482987e-02 0.000000000000000000e+00
3.960000000000000000e+02 1.584036922252982649e-01 4.981793354574419741e-01 4.069185252617205095e-01 0.000000000000000000e+00 9.490213928083750250e-02 0.000000000000000000e+00
3.990000000000000000e+02 1.596037201967019925e-01 5.504096495220756058e-01 3.386436049157942607e-01 0.000000000000000000e+00 1.109467455621301751e-01 0.000000000000000000e+00
4.020000000000000000e+02 1.608037481681059422e-01 5.931952662721893255e-01 2.817478379608557293e-01 1.137915339098771066e-04 1.249431042330450548e-01 0.000000000000000000e+00
4.050000000000000000e+02 1.620037761395096698e-01 6.315430131998179819e-01 2.291761492944924816e-01 0.000000000000000000e+00 1.392808375056895642e-01 0.000000000000000000e+00
4.080000000000000000e+02 1.632038041109133975e-01 6.622667273554847522e-01 1.826354119253527641e-01 1.137915339098771066e-04 1.549840691852526209e-01 0.000000000000000000e+00
4.110000000000000000e+02 1.644038320823171251e-01 6.899180700955849233e-01 1.415566681838871244e-01 6.827492034592626399e-04 1.678425125170687204e-01 0.000000000000000000e+00
4.140000000000000000e+02 1.656038600537210748e-01 7.047109695038689114e-01 1.110605370960400518e-01 1.024123805188893906e-03 1.832043695949021334e-01 0.000000000000000000e+00
4.170000000000000000e+02 1.668038880251248024e-01 7.213245334547109255e-01 8.022303140646336317e-02 2.048247610377787811e-03 1.964041875284478766e-01 0.000000000000000000e+00
4.200000000000000000e+02 1.680039159965285300e-01 7.267865270823851143e-01 6.281292671825215723e-02 3.527537551206190360e-03 2.068730086481565811e-01 0.000000000000000000e+00
4.230000000000000000e+02 1.692039439679322577e-01 7.307692307692307265e-01 4.858898497951752438e-02 4.437869822485207214e-03 2.162039144287664916e-01 0.000000000000000000e+00
4.260000000000000000e+02 1.704039719393359853e-01 7.363450159308146947e-01 3.720983158852981393e-02 5.348202093764223633e-03 2.210969503868912278e-01 0.000000000000000000e+00
4.290000000000000000e+02 1.716039999107399350e-01 7.404415111515703085e-01 3.106508875739644876e-02 7.055075102412380721e-03 2.214383249886208438e-01 0.000000000000000000e+00
4.320000000000000000e+02 1.728040278821436626e-01 7.441966317705962508e-01 2.628584433318160996e-02 7.965407373691398007e-03 2.215521165225307343e-01 0.000000000000000000e+00
4.350000000000000000e+02 1.740040558535473902e-01 7.461310878470641672e-01 2.184797451069640448e-02 7.055075102412380721e-03 2.249658625398270329e-01 0.000000000000000000e+00
4.380000000000000000e+02 1.752040838249511179e-01 7.493172507965407680e-01 1.991351843422849502e-02 8.648156577150659455e-03 2.221210741920801035e-01 0.000000000000000000e+00
4.410000000000000000e+02 1.764041117963548455e-01 7.543240782885752838e-01 1.763768775603095224e-02 8.875739644970414427e-03 2.191624943104233114e-01 0.000000000000000000e+00
4.440000000000000000e+02 1.776041397677587952e-01 7.531861629494766008e-01 1.604460628129267263e-02 1.126536185707783383e-02 2.195038689121529274e-01 0.000000000000000000e+00
4.470000000000000000e+02 1.788041677391625228e-01 7.550068274920346267e-01 1.593081474738279601e-02 1.319981793354574502e-02 2.158625398270368756e-01 0.000000000000000000e+00
4.500000000000000000e+02 1.800041957105662505e-01 7.507965407373691225e-01 1.752389622212107562e-02 1.661356395084205573e-02 2.150659990896677254e-01 0.000000000000000000e+00
4.530000000000000000e+02 1.812042236819699781e-01 7.477241693218024121e-01 1.797906235776058209e-02 2.241693218024579104e-02 2.118798361401911801e-01 0.000000000000000000e+00
4.560000000000000000e+02 1.824042516533739278e-01 7.410104688211197610e-01 1.832043695949021542e-02 2.787892580791988956e-02 2.127901684114701930e-01 0.000000000000000000e+00
4.590000000000000000e+02 1.836042796247776554e-01 7.410104688211197610e-01 2.048247610377787811e-02 3.174783796085571541e-02 2.067592171142466906e-01 0.000000000000000000e+00
4.620000000000000000e+02 1.848043075961813830e-01 7.363450159308146947e-01 2.218934911242603433e-02 3.720983158852981393e-02 2.042558033682294050e-01 0.000000000000000000e+00
4.650000000000000000e+02 1.860043355675851107e-01 7.352071005917160118e-01 2.173418297678652786e-02 4.358215748748293233e-02 1.994765589440145592e-01 0.000000000000000000e+00
4.680000000000000000e+02 1.872043635389888383e-01 7.321347291761493015e-01 2.184797451069640448e-02 4.745106964041875125e-02 1.985662266727355463e-01 0.000000000000000000e+00
4.710000000000000000e+02 1.884043915103927880e-01 7.302002730996813851e-01 2.389622212107419055e-02 5.109239872553481693e-02 1.948111060537096040e-01 0.000000000000000000e+00
4.740000000000000000e+02 1.896044194817965156e-01 7.267865270823851143e-01 2.503413746017296368e-02 5.541647701411014926e-02 1.927628584433318248e-01 0.000000000000000000e+00
4.770000000000000000e+02 1.908044474532002432e-01 7.264451524806554428e-01 2.469276285844333035e-02 5.803368229403732537e-02 1.908284023668639084e-01 0.000000000000000000e+00
4.800000000000000000e+02 1.920044754246039709e-01 7.271279016841146747e-01 2.480655439235321044e-02 6.019572143832498806e-02 1.878698224852070886e-01 0.000000000000000000e+00
4.830000000000000000e+02 1.932045033960076985e-01 7.315657715065999600e-01 2.617205279927173334e-02 6.190259444697314428e-02 1.803595812471552040e-01 0.000000000000000000e+00
4.860000000000000000e+02 1.944045313674116482e-01 7.342967683204369989e-01 2.583067819754210348e-02 6.474738279472007363e-02 1.751251706873008518e-01 0.000000000000000000e+00
4.890000000000000000e+02 1.956045593388153758e-01 7.349795175238962308e-01 2.548930359581247015e-02 6.781975421028675621e-02 1.717114246700045532e-01 0.000000000000000000e+00
4.920000000000000000e+02 1.968045873102191035e-01 7.439690487027764698e-01 2.639963586709149004e-02 6.850250341374601593e-02 1.611288120163859861e-01 0.000000000000000000e+00
4.950000000000000000e+02 1.980046152816228311e-01 7.493172507965407680e-01 2.810650887573964626e-02 7.134729176149294527e-02 1.512289485662266786e-01 0.000000000000000000e+00
4.980000000000000000e+02 1.992046432530267808e-01 7.547792444242148457e-01 2.856167501137915274e-02 7.419208010923987462e-02 1.424670004551661373e-01 0.000000000000000000e+00
5.010000000000000000e+02 2.004046712244305084e-01 7.629722348657259623e-01 2.810650887573964626e-02 7.203004096495220498e-02 1.368912152935821691e-01 0.000000000000000000e+00
5.040000000000000000e+02 2.016046991958342360e-01 7.660446062812926726e-01 2.730996813837050646e-02 7.294037323623121793e-02 1.337050523441055960e-01 0.000000000000000000e+00
5.070000000000000000e+02 2.028047271672379637e-01 7.690031861629494925e-01 2.742375967228038308e-02 7.214383249886208160e-02 1.314292216659080637e-01 0.000000000000000000e+00
5.100000000000000000e+02 2.040047551386416913e-01 7.672963131543013571e-01 3.049613108784706567e-02 7.430587164314975124e-02 1.279016841147018746e-01 0.000000000000000000e+00
5.130000000000000000e+02 2.052047831100456410e-01 7.710514337733272994e-01 3.106508875739644876e-02 7.737824305871643382e-02 1.205052344105598527e-01 0.000000000000000000e+00
5.160000000000000000e+02 2.064048110814493686e-01 7.716203914428766408e-01 3.117888029130632538e-02 7.897132453345470648e-02 1.182294037323623065e-01 0.000000000000000000e+00
5.190000000000000000e+02 2.076048390528530962e-01 7.718479745106964218e-01 3.277196176604460498e-02 7.931269913518433634e-02 1.160673645880746507e-01 0.000000000000000000e+00
5.220000000000000000e+02 2.088048670242568239e-01 7.737824305871643382e-01 3.265817023213472836e-02 8.090578060992262288e-02 1.126536185707783383e-01 0.000000000000000000e+00
5.250000000000000000e+02 2.100048949956605515e-01 7.774237596722803900e-01 3.459262630860263782e-02 7.942649066909421296e-02 1.085571233500227523e-01 0.000000000000000000e+00
5.280000000000000000e+02 2.112049229670645012e-01 7.819754210286754548e-01 3.618570778334091742e-02 7.908511606736458310e-02 1.027537551206190308e-01 0.000000000000000000e+00
5.310000000000000000e+02 2.124049509384682288e-01 7.902822030040964618e-01 3.561675011379153433e-02 7.908511606736458310e-02 9.501593081474737912e-02 0.000000000000000000e+00
5.340000000000000000e+02 2.136049789098719565e-01 7.931269913518433912e-01 3.504779244424215123e-02 7.862994993172507663e-02 9.319526627218935322e-02 0.000000000000000000e+00
5.370000000000000000e+02 2.148050068812756841e-01 7.949476558944014171e-01 3.595812471552116418e-02 8.010923987255348655e-02 8.898497951752389057e-02 0.000000000000000000e+00
5.400000000000000000e+02 2.160050348526796338e-01 7.964269458352298825e-01 3.618570778334091742e-02 8.045061447428311641e-02 8.693673190714611143e-02 0.000000000000000000e+00
5.430000000000000000e+02 2.172050628240833614e-01 8.012061902594447282e-01 3.607191624943104080e-02 7.851615839781520001e-02 8.420573509330905870e-02 0.000000000000000000e+00
5.460000000000000000e+02 2.184050907954870890e-01 8.067819754210286964e-01 3.584433318161128756e-02 7.612653618570777714e-02 8.124715521165225274e-02 0.000000000000000000e+00
5.490000000000000000e+02 2.196051187668908167e-01 8.081474738279471604e-01 3.652708238507055422e-02 7.646791078743742087e-02 7.885753299954482987e-02 0.000000000000000000e+00
5.520000000000000000e+02 2.208051467382945443e-01 8.074647246244879284e-01 3.755120619025944378e-02 7.806099226217569353e-02 7.692307692307692735e-02 0.000000000000000000e+00
5.550000000000000000e+02 2.220051747096984940e-01 8.097405553026855163e-01 3.823395539371871044e-02 7.771961766044606368e-02 7.430587164314975124e-02 0.000000000000000000e+00
5.580000000000000000e+02 2.232052026811022216e-01 8.132680928538916776e-01 3.675466545289030745e-02 7.567137005006827066e-02 7.430587164314975124e-02 0.000000000000000000e+00
5.610000000000000000e+02 2.244052306525059493e-01 8.139508420573509095e-01 3.823395539371871044e-02 7.567137005006827066e-02 7.214383249886208160e-02 0.000000000000000000e+00
5.640000000000000000e+02 2.256052586239096769e-01 8.154301319981793750e-01 3.948566226672735324e-02 7.407828857532999800e-02 7.100591715976331542e-02 0.000000000000000000e+00
5.670000000000000000e+02 2.268052865953134045e-01 8.183887118798361948e-01 3.903049613108784677e-02 7.407828857532999800e-02 6.850250341374601593e-02 0.000000000000000000e+00
5.700000000000000000e+02 2.280053145667173542e-01 8.177059626763768518e-01 3.891670459717797015e-02 7.532999544833864081e-02 6.804733727810650945e-02 0.000000000000000000e+00
5.730000000000000000e+02 2.292053425381210818e-01 8.152025489303595940e-01 4.096495220755575623e-02 7.476103777878925771e-02 6.907146108329539902e-02 0.000000000000000000e+00
5.760000000000000000e+02 2.304053705095248095e-01 8.181611288120164138e-01 4.062357760582612637e-02 7.191624943104232837e-02 6.929904415111515226e-02 0.000000000000000000e+00
5.790000000000000000e+02 2.316053984809285371e-01 8.208921256258534527e-01 4.062357760582612637e-02 7.055075102412380894e-02 6.793354574419663283e-02 0.000000000000000000e+00
5.820000000000000000e+02 2.328054264523324868e-01 8.202093764223942207e-01 4.153390987710514626e-02 6.918525261720527564e-02 6.907146108329539902e-02 0.000000000000000000e+00
5.850000000000000000e+02 2.340054544237362144e-01 8.222576240327719166e-01 4.198907601274465273e-02 7.180245789713245175e-02 6.395084205735093730e-02 0.000000000000000000e+00
5.880000000000000000e+02 2.352054823951399420e-01 8.237369139736003820e-01 4.210286754665452935e-02 7.111970869367319203e-02 6.304050978607191047e-02 0.000000000000000000e+00
5.910000000000000000e+02 2.364055103665436697e-01 8.240782885753299425e-01 4.312699135184342586e-02 7.032316795630405570e-02 6.247155211652252738e-02 0.000000000000000000e+00
5.940000000000000000e+02 2.376055383379473973e-01 8.243058716431497235e-01 4.312699135184342586e-02 6.941283568502502888e-02 6.315430131998178709e-02 0.000000000000000000e+00
5.970000000000000000e+02 2.388055663093513470e-01 8.247610377787892855e-01 4.415111515703231543e-02 7.009558488848430247e-02 6.099226217569413133e-02 0.000000000000000000e+00
6.000000000000000000e+02 2.400055942807550746e-01 8.241920801092398330e-01 4.563040509786071841e-02 7.111970869367319203e-02 5.905780609922621494e-02 0.000000000000000000e+00
6.030000000000000000e+02 2.412056222521588023e-01 8.272644515248065433e-01 4.597177969959034827e-02 7.043695949021393232e-02 5.632680928538916915e-02 0.000000000000000000e+00
6.060000000000000000e+02 2.424056502235625299e-01 8.285161583978152278e-01 4.585798816568047165e-02 7.066454255803368556e-02 5.496131087847064278e-02 0.000000000000000000e+00
6.090000000000000000e+02 2.436056781949662575e-01 8.312471552116522666e-01 4.585798816568047165e-02 7.100591715976331542e-02 5.188893946290396020e-02 0.000000000000000000e+00
6.120000000000000000e+02 2.448057061663702072e-01 8.309057806099225951e-01 4.608557123350022489e-02 7.180245789713245175e-02 5.120619025944470049e-02 0.000000000000000000e+00
6.150000000000000000e+02 2.460057341377739348e-01 8.332954028220300735e-01 4.517523896222121194e-02 7.134729176149294527e-02 5.018206645425580398e-02 0.000000000000000000e+00
6.180000000000000000e+02 2.472057621091776625e-01 8.345471096950386469e-01 4.494765589440145870e-02 7.111970869367319203e-02 4.938552571688666071e-02 0.000000000000000000e+00
6.210000000000000000e+02 2.484057900805813901e-01 8.334091943559399640e-01 4.415111515703231543e-02 7.294037323623121793e-02 4.949931725079653733e-02 0.000000000000000000e+00
6.240000000000000000e+02 2.496058180519853398e-01 8.329540282203004020e-01 4.540282203004096517e-02 7.191624943104232837e-02 4.972690031861629750e-02 0.000000000000000000e+00
6.270000000000000000e+02 2.508058460233890674e-01 8.321574874829312796e-01 4.597177969959034827e-02 7.237141556668183484e-02 4.949931725079653733e-02 0.000000000000000000e+00
6.300000000000000000e+02 2.520058739947927950e-01 8.345471096950386469e-01 4.551661356395084179e-02 7.214383249886208160e-02 4.779244424214838111e-02 0.000000000000000000e+00
6.330000000000000000e+02 2.532059019661965227e-01 8.344333181611288675e-01 4.472007282658170546e-02 7.316795630405098505e-02 4.767865270823850449e-02 0.000000000000000000e+00
6.360000000000000000e+02 2.544059299376002503e-01 8.328402366863905115e-01 4.699590350477924477e-02 7.362312243969049153e-02 4.654073736913973830e-02 0.000000000000000000e+00
6.390000000000000000e+02 2.556059579090042000e-01 8.309057806099225951e-01 4.893035958124715423e-02 7.396449704142012138e-02 4.619936276741010150e-02 0.000000000000000000e+00
6.420000000000000000e+02 2.568059858804079276e-01 8.298816568047336917e-01 5.018206645425580398e-02 7.339553937187073829e-02 4.642694583522986168e-02 1.137915339098771066e-04
6.450000000000000000e+02 2.580060138518116553e-01 8.289713245334546787e-01 5.143377332726445372e-02 7.100591715976331542e-02 4.858898497951752438e-02 0.000000000000000000e+00
6.480000000000000000e+02 2.592060418232153829e-01 8.306781975421028141e-01 5.006827492034592736e-02 7.077833409194356218e-02 4.847519344560764776e-02 0.000000000000000000e+00
6.510000000000000000e+02 2.604060697946191105e-01 8.282885753299954468e-01 5.314064633591260994e-02 7.111970869367319203e-02 4.733727810650887463e-02 1.137915339098771066e-04
6.540000000000000000e+02 2.616060977660230602e-01 8.299954483386435822e-01 5.370960400546199304e-02 7.111970869367319203e-02 4.517523896222121194e-02 0.000000000000000000e+00
6.570000000000000000e+02 2.628061257374267878e-01 8.274920345926263243e-01 5.632680928538916915e-02 7.089212562585343880e-02 4.528903049613108855e-02 0.000000000000000000e+00
6.600000000000000000e+02 2.640061537088305155e-01 8.263541192535275304e-01 5.541647701411014926e-02 7.020937642239417908e-02 4.790623577605826466e-02 1.137915339098771066e-04
6.630000000000000000e+02 2.652061816802342431e-01 8.263541192535275304e-01 5.644060081929904577e-02 7.032316795630405570e-02 4.676832043695949154e-02 1.137915339098771066e-04
6.660000000000000000e+02 2.664062096516381928e-01 8.263541192535275304e-01 5.746472462448793533e-02 6.873008648156576916e-02 4.733727810650887463e-02 1.137915339098771066e-04
6.690000000000000000e+02 2.676062376230419204e-01 8.264679107874374209e-01 5.837505689576695522e-02 6.645425580336822291e-02 4.870277651342740100e-02 0.000000000000000000e+00
6.720000000000000000e+02 2.688062655944456480e-01 8.227127901684114786e-01 5.848884842967683184e-02 6.907146108329539902e-02 4.961310878470642088e-02 1.137915339098771066e-04
6.750000000000000000e+02 2.700062935658493757e-01 8.171370050068275104e-01 5.962676376877560497e-02 7.191624943104232837e-02 5.120619025944470049e-02 1.137915339098771066e-04
6.780000000000000000e+02 2.712063215372531033e-01 8.194128356850249872e-01 5.917159763313609155e-02 7.157487482931269851e-02 4.972690031861629750e-02 1.137915339098771066e-04
6.810000000000000000e+02 2.724063495086570530e-01 8.210059171597633432e-01 5.826126536185707860e-02 7.168866636322257513e-02 4.893035958124715423e-02 1.137915339098771066e-04
