# itime ezz other fcc hcp bcc ico
0.000000000000000000e+00 0.000000000000000000e+00 1.024123805188893906e-03 9.989758761948110966e-01 0.000000000000000000e+00 0.000000000000000000e+00 0.000000000000000000e+00
2.500000000000000000e+01 9.999713312658364828e-04 5.689576695493854790e-04 9.994310423304506585e-01 0.000000000000000000e+00 0.000000000000000000e+00 0.000000000000000000e+00
5.000000000000000000e+01 1.999942662531895010e-03 5.689576695493854790e-04 9.994310423304506585e-01 0.000000000000000000e+00 0.000000000000000000e+00 0.000000000000000000e+00
7.500000000000000000e+01 2.999913993797731493e-03 1.137915339098770958e-03 9.988620846609012061e-01 0.000000000000000000e+00 0.000000000000000000e+00 0.000000000000000000e+00
1.000000000000000000e+02 3.999885325063567976e-03 9.103322712790168532e-04 9.990896677287209870e-01 0.000000000000000000e+00 0.000000000000000000e+00 0.000000000000000000e+00
1.250000000000000000e+02 4.999856656329626503e-03 5.689576695493854790e-04 9.993172507965407680e-01 0.000000000000000000e+00 1.137915339098771066e-04 0.000000000000000000e+00
1.500000000000000000e+02 5.999827987595462986e-03 7.965407373691396923e-04 9.992034592626308775e-01 0.000000000000000000e+00 0.000000000000000000e+00 0.000000000000000000e+00
1.750000000000000000e+02 6.999799318861299469e-03 1.479289940828402332e-03 9.985207100591716456e-01 0.000000000000000000e+00 0.000000000000000000e+00 0.000000000000000000e+00
2.000000000000000000e+02 7.999770650127357996e-03 5.689576695493854790e-04 9.994310423304506585e-01 0.000000000000000000e+00 0.000000000000000000e+00 0.000000000000000000e+00
2.250000000000000000e+02 8.999741981393194479e-03 1.820664542558033706e-03 9.981793354574419741e-01 0.000000000000000000e+00 0.000000000000000000e+00 0.000000000000000000e+00
2.500000000000000000e+02 9.999713312659030962e-03 2.048247610377787811e-03 9.979517523896221931e-01 0.000000000000000000e+00 0.000000000000000000e+00 0.000000000000000000e+00
2.750000000000000000e+02 1.099968464392508949e-02 6.827492034592626399e-04 9.993172507965407680e-01 0.000000000000000000e+00 0.000000000000000000e+00 0.000000000000000000e+00
3.000000000000000000e+02 1.199965597519092597e-02 9.103322712790168532e-04 9.990896677287209870e-01 0.000000000000000000e+00 0.000000000000000000e+00 0.000000000000000000e+00
3.250000000000000000e+02 1.299962730645676245e-02 1.934456076467910759e-03 9.979517523896221931e-01 0.000000000000000000e+00 1.137915339098771066e-04 0.000000000000000000e+00
3.500000000000000000e+02 1.399959863772282098e-02 7.965407373691396923e-04 9.990896677287209870e-01 0.000000000000000000e+00 1.137915339098771066e-04 0.000000000000000000e+00
3.750000000000000000e+02 1.499956996898865746e-02 3.413746017296313199e-04 9.996586253982703285e-01 0.000000000000000000e+00 0.000000000000000000e+00 0.000000000000000000e+00
4.000000000000000000e+02 1.599954130025449395e-02 1.820664542558033706e-03 9.981793354574419741e-01 0.000000000000000000e+00 0.000000000000000000e+00 0.000000000000000000e+00
4.250000000000000000e+02 1.699951263152055247e-02 1.251706873008648227e-03 9.987482931269913156e-01 0.000000000000000000e+00 0.000000000000000000e+00 0.000000000000000000e+00
4.500000000000000000e+02 1.799948396278638896e-02 1.024123805188893906e-03 9.989758761948110966e-01 0.000000000000000000e+00 0.000000000000000000e+00 0.000000000000000000e+00
4.750000000000000000e+02 1.899945529405222544e-02 1.024123805188893906e-03 9.989758761948110966e-01 0.000000000000000000e+00 0.000000000000000000e+00 0.000000000000000000e+00
5.000000000000000000e+02 1.999942662531828397e-02 1.593081474738279385e-03 9.984069185252617551e-01 0.000000000000000000e+00 0.000000000000000000e+00 0.000000000000000000e+00
5.250000000000000000e+02 2.099939795658412045e-02 1.251706873008648227e-03 9.987482931269913156e-01 0.000000000000000000e+00 0.000000000000000000e+00 0.000000000000000000e+00
5.500000000000000000e+02 2.199936928785017898e-02 3.186162949476558769e-03 9.967000455166135087e-01 0.000000000000000000e+00 1.137915339098771066e-04 0.000000000000000000e+00
5.750000000000000000e+02 2.299934061911601546e-02 2.958579881656804664e-03 9.970414201183431802e-01 0.000000000000000000e+00 0.000000000000000000e+00 0.000000000000000000e+00
6.000000000000000000e+02 2.399931195038185194e-02 3.527537551206190360e-03 9.964724624487938387e-01 0.000000000000000000e+00 0.000000000000000000e+00 0.000000000000000000e+00
6.250000000000000000e+02 2.499928328164791047e-02 1.820664542558033706e-03 9.981793354574419741e-01 0.000000000000000000e+00 0.000000000000000000e+00 0.000000000000000000e+00
6.500000000000000000e+02 2.599925461291374695e-02 5.689576695493855224e-03 9.941966317705962508e-01 0.000000000000000000e+00 1.137915339098771066e-04 0.000000000000000000e+00
6.750000000000000000e+02 2.699922594417958344e-02 3.413746017296313308e-03 9.965862539827037292e-01 0.000000000000000000e+00 0.000000000000000000e+00 0.000000000000000000e+00
7.000000000000000000e+02 2.799919727544564196e-02 2.958579881656804664e-03 9.970414201183431802e-01 0.000000000000000000e+00 0.000000000000000000e+00 0.000000000000000000e+00
7.250000000000000000e+02 2.899916860671147845e-02 4.210286754665453109e-03 9.957897132453344957e-01 0.000000000000000000e+00 0.000000000000000000e+00 0.000000000000000000e+00
7.500000000000000000e+02 2.999913993797731493e-02 3.641329085116067413e-03 9.963586709148839482e-01 0.000000000000000000e+00 0.000000000000000000e+00 0.000000000000000000e+00
7.750000000000000000e+02 3.099911126924337346e-02 2.730996813837050560e-03 9.972690031861629611e-01 0.000000000000000000e+00 0.000000000000000000e+00 0.000000000000000000e+00
8.000000000000000000e+02 3.199908260050920994e-02 3.527537551206190360e-03 9.964724624487938387e-01 0.000000000000000000e+00 0.000000000000000000e+00 0.000000000000000000e+00
8.250000000000000000e+02 3.299905393177504642e-02 4.210286754665453109e-03 9.955621301775148257e-01 0.000000000000000000e+00 2.275830678197542133e-04 0.000000000000000000e+00
8.500000000000000000e+02 3.399902526304110495e-02 3.413746017296313308e-03 9.964724624487938387e-01 0.000000000000000000e+00 1.137915339098771066e-04 0.000000000000000000e+00
8.750000000000000000e+02 3.499899659430694143e-02 5.803368229403732710e-03 9.938552571688666903e-01 0.000000000000000000e+00 3.413746017296313199e-04 0.000000000000000000e+00
9.000000000000000000e+02 3.599896792557277792e-02 6.372325898953117539e-03 9.935138825671370189e-01 0.000000000000000000e+00 1.137915339098771066e-04 0.000000000000000000e+00
9.250000000000000000e+02 3.699893925683883644e-02 6.827492034592626616e-03 9.929449248975875664e-01 0.000000000000000000e+00 2.275830678197542133e-04 0.000000000000000000e+00
9.500000000000000000e+02 3.799891058810467293e-02 1.001365498406918582e-02 9.894173873463814051e-01 0.000000000000000000e+00 5.689576695493854790e-04 0.000000000000000000e+00
9.750000000000000000e+02 3.899888191937050941e-02 1.035502958579881741e-02 9.894173873463814051e-01 0.000000000000000000e+00 2.275830678197542133e-04 0.000000000000000000e+00
1.000000000000000000e+03 3.999885325063656794e-02 7.510241238051888930e-03 9.921483841602184439e-01 0.000000000000000000e+00 3.413746017296313199e-04 0.000000000000000000e+00
1.025000000000000000e+03 4.099882458190240442e-02 8.875739644970414427e-03 9.905553026854801990e-01 0.000000000000000000e+00 5.689576695493854790e-04 0.000000000000000000e+00
1.050000000000000000e+03 4.199879591316824090e-02 6.258534365043240920e-03 9.934000910332271284e-01 0.000000000000000000e+00 3.413746017296313199e-04 0.000000000000000000e+00
1.075000000000000000e+03 4.299876724443429943e-02 8.875739644970414427e-03 9.906690942193900895e-01 0.000000000000000000e+00 4.551661356395084266e-04 0.000000000000000000e+00
1.100000000000000000e+03 4.399873857570013591e-02 1.069640418752844727e-02 9.889622212107419541e-01 0.000000000000000000e+00 3.413746017296313199e-04 0.000000000000000000e+00
1.125000000000000000e+03 4.499870990696597239e-02 1.126536185707783383e-02 9.882794720072826111e-01 0.000000000000000000e+00 4.551661356395084266e-04 0.000000000000000000e+00
1.150000000000000000e+03 4.599868123823203092e-02 1.206190259444697363e-02 9.877105143377332697e-01 0.000000000000000000e+00 2.275830678197542133e-04 0.000000000000000000e+00
1.175000000000000000e+03 4.699865256949786740e-02 9.103322712790167665e-03 9.903277196176604180e-01 0.000000000000000000e+00 5.689576695493854790e-04 0.000000000000000000e+00
1.200000000000000000e+03 4.799862390076370389e-02 1.024123805188893906e-02 9.896449704142011861e-01 0.000000000000000000e+00 1.137915339098771066e-04 0.000000000000000000e+00
1.225000000000000000e+03 4.899859523202976241e-02 1.820664542558033533e-02 9.813381884387801790e-01 0.000000000000000000e+00 4.551661356395084266e-04 0.000000000000000000e+00
1.250000000000000000e+03 4.999856656329559890e-02 1.183431952662721866e-02 9.872553482020938187e-01 0.000000000000000000e+00 9.103322712790168532e-04 0.000000000000000000e+00
1.275000000000000000e+03 5.099853789456143538e-02 1.741010468821119553e-02 9.821347291761493015e-01 0.000000000000000000e+00 4.551661356395084266e-04 0.000000000000000000e+00
1.300000000000000000e+03 5.199850922582749391e-02 1.490669094219390124e-02 9.844105598543468894e-01 0.000000000000000000e+00 6.827492034592626399e-04 0.000000000000000000e+00
1.325000000000000000e+03 5.299848055709333039e-02 1.251706873008648184e-02 9.870277651342740377e-01 0.000000000000000000e+00 4.551661356395084266e-04 0.000000000000000000e+00
1.350000000000000000e+03 5.399845188835916687e-02 1.945835229858898507e-02 9.799726900318616041e-01 0.000000000000000000e+00 5.689576695493854790e-04 0.000000000000000000e+00
1.375000000000000000e+03 5.499842321962522540e-02 1.684114701866181243e-02 9.824761037778789730e-01 0.000000000000000000e+00 6.827492034592626399e-04 0.000000000000000000e+00
1.400000000000000000e+03 5.599839455089106188e-02 1.911697769685935522e-02 9.805416477014110566e-01 0.000000000000000000e+00 3.413746017296313199e-04 0.000000000000000000e+00
1.425000000000000000e+03 5.699836588215689837e-02 2.139280837505689453e-02 9.779244424214837972e-01 0.000000000000000000e+00 6.827492034592626399e-04 0.000000000000000000e+00
1.450000000000000000e+03 5.799833721342295689e-02 2.162039144287665124e-02 9.770141101502047842e-01 0.000000000000000000e+00 1.365498406918525280e-03 0.000000000000000000e+00
1.475000000000000000e+03 5.899830854468879338e-02 2.435138825671370050e-02 9.747382794720073074e-01 0.000000000000000000e+00 9.103322712790168532e-04 0.000000000000000000e+00
1.500000000000000000e+03 5.999827987595462986e-02 1.991351843422849502e-02 9.789485662266727006e-01 0.000000000000000000e+00 1.137915339098770958e-03 0.000000000000000000e+00
1.525000000000000000e+03 6.099825120722068839e-02 2.730996813837050646e-02 9.714383249886208160e-01 0.000000000000000000e+00 1.251706873008648227e-03 0.000000000000000000e+00
1.550000000000000000e+03 6.199822253848652487e-02 2.947200728265816916e-02 9.690487027765134487e-01 0.000000000000000000e+00 1.479289940828402332e-03 0.000000000000000000e+00
1.575000000000000000e+03 6.299819386975236135e-02 2.674101046882111990e-02 9.723486572598998290e-01 0.000000000000000000e+00 9.103322712790168532e-04 0.000000000000000000e+00
1.600000000000000000e+03 6.399816520101841988e-02 2.935821574874829254e-02 9.696176604460627901e-01 0.000000000000000000e+00 1.024123805188893906e-03 0.000000000000000000e+00
1.625000000000000000e+03 6.499813653228425636e-02 3.618570778334091742e-02 9.622212107419207960e-01 0.000000000000000000e+00 1.593081474738279385e-03 0.000000000000000000e+00
1.650000000000000000e+03 6.599810786355031489e-02 3.971324533454710648e-02 9.589212562585344157e-01 0.000000000000000000e+00 1.365498406918525280e-03 0.000000000000000000e+00
1.675000000000000000e+03 6.699807919481615137e-02 4.176149294492489950e-02 9.559626763768775959e-01 0.000000000000000000e+00 2.275830678197541916e-03 0.000000000000000000e+00
1.700000000000000000e+03 6.799805052608198785e-02 3.846153846153846367e-02 9.597177969959035382e-01 0.000000000000000000e+00 1.820664542558033706e-03 0.000000000000000000e+00
1.725000000000000000e+03 6.899802185734804638e-02 3.903049613108784677e-02 9.590350477924441952e-01 0.000000000000000000e+00 1.934456076467910759e-03 0.000000000000000000e+00
1.750000000000000000e+03 6.999799318861388286e-02 4.369594902139280895e-02 9.547109695038689114e-01 0.000000000000000000e+00 1.593081474738279385e-03 0.000000000000000000e+00
1.775000000000000000e+03 7.099796451987971935e-02 4.437869822485206867e-02 9.539144287664997890e-01 0.000000000000000000e+00 1.706873008648156654e-03 0.000000000000000000e+00
1.800000000000000000e+03 7.199793585114577787e-02 4.654073736913973830e-02 9.507282658170231882e-01 0.000000000000000000e+00 2.730996813837050560e-03 0.000000000000000000e+00
1.825000000000000000e+03 7.299790718241161436e-02 5.006827492034592736e-02 9.472007282658170269e-01 0.000000000000000000e+00 2.730996813837050560e-03 0.000000000000000000e+00
1.850000000000000000e+03 7.399787851367745084e-02 5.461993627674101293e-02 9.425352753755120716e-01 0.000000000000000000e+00 2.844788347746927612e-03 0.000000000000000000e+00
1.875000000000000000e+03 7.499784984494350937e-02 6.486117432862995025e-02 9.319526627218934767e-01 0.000000000000000000e+00 3.186162949476558769e-03 0.000000000000000000e+00
1.900000000000000000e+03 7.599782117620934585e-02 7.521620391442876419e-02 9.204597177969958688e-01 0.000000000000000000e+00 4.324078288575329727e-03 0.000000000000000000e+00
1.925000000000000000e+03 7.699779250747518233e-02 8.022303140646336317e-02 9.136322257624033272e-01 0.000000000000000000e+00 6.144742831133363434e-03 0.000000000000000000e+00
1.950000000000000000e+03 7.799776383874124086e-02 8.192990441511151245e-02 9.107874374146563978e-01 0.000000000000000000e+00 7.282658170232134826e-03 0.000000000000000000e+00
1.975000000000000000e+03 7.899773517000707734e-02 8.375056895766955223e-02 9.090805644060081514e-01 0.000000000000000000e+00 7.168866636322257339e-03 0.000000000000000000e+00
2.000000000000000000e+03 7.999770650127291383e-02 9.160218479745106668e-02 9.017979062357760478e-01 0.000000000000000000e+00 6.599908966772872511e-03 0.000000000000000000e+00
2.025000000000000000e+03 8.099767783253897235e-02 8.659535730541648157e-02 9.049840691852526486e-01 0.000000000000000000e+00 8.420573509330906217e-03 0.000000000000000000e+00
2.050000000000000000e+03 8.199764916380480884e-02 9.956759217114247162e-02 8.920118343195265753e-01 0.000000000000000000e+00 8.420573509330906217e-03 0.000000000000000000e+00
2.075000000000000000e+03 8.299762049507064532e-02 1.114019116977696816e-01 8.802913063268092975e-01 0.000000000000000000e+00 8.306781975421027864e-03 0.000000000000000000e+00
2.100000000000000000e+03 8.399759182633670385e-02 1.304050978607191602e-01 8.621984524351388179e-01 0.000000000000000000e+00 7.396449704142011444e-03 0.000000000000000000e+00
2.125000000000000000e+03 8.499756315760254033e-02 1.069640418752844796e-01 8.831360946745562268e-01 0.000000000000000000e+00 9.899863450159307465e-03 0.000000000000000000e+00
2.150000000000000000e+03 8.599753448886837681e-02 1.177742375967228000e-01 8.728948566226673034e-01 0.000000000000000000e+00 9.330905780609922637e-03 0.000000000000000000e+00
2.175000000000000000e+03 8.699750582013443534e-02 1.300637232589895442e-01 8.608329540282203540e-01 0.000000000000000000e+00 9.103322712790167665e-03 0.000000000000000000e+00
2.200000000000000000e+03 8.799747715140027182e-02 1.420118343195266308e-01 8.413746017296312996e-01 0.000000000000000000e+00 1.661356395084205573e-02 0.000000000000000000e+00
2.225000000000000000e+03 8.899744848266610830e-02 1.618115612198452458e-01 8.159990896677287164e-01 0.000000000000000000e+00 2.218934911242603433e-02 0.000000000000000000e+00
2.250000000000000000e+03 8.999741981393216683e-02 1.960628129267182607e-01 7.771961766044606090e-01 0.000000000000000000e+00 2.674101046882111990e-02 0.000000000000000000e+00
2.275000000000000000e+03 9.099739114519800331e-02 1.871870732817478289e-01 7.825443786982249073e-01 0.000000000000000000e+00 3.026854802002730896e-02 0.000000000000000000e+00
2.300000000000000000e+03 9.199736247646383980e-02 2.086936731907146070e-01 7.600136549840691425e-01 0.000000000000000000e+00 3.129267182521620200e-02 0.000000000000000000e+00
2.325000000000000000e+03 9.299733380772989833e-02 2.208693673190714746e-01 7.383932635411925016e-01 1.137915339098771066e-04 4.062357760582612637e-02 0.000000000000000000e+00
2.350000000000000000e+03 9.399730513899573481e-02 2.439690487027765253e-01 7.051661356395084734e-01 2.275830678197542133e-04 5.063723258989531045e-02 0.000000000000000000e+00
2.375000000000000000e+03 9.499727647026157129e-02 2.610377787892581014e-01 6.805871643149750128e-01 0.000000000000000000e+00 5.837505689576695522e-02 0.000000000000000000e+00
2.400000000000000000e+03 9.599724780152762982e-02 2.740100136549840637e-01 6.555530268548019901e-01 0.000000000000000000e+00 7.043695949021393232e-02 0.000000000000000000e+00
2.425000000000000000e+03 9.699721913279346630e-02 2.807237141556668258e-01 6.383705052344105235e-01 0.000000000000000000e+00 8.090578060992262288e-02 0.000000000000000000e+00
2.450000000000000000e+03 9.799719046405930278e-02 2.957441966317705950e-01 6.068502503413746307e-01 6.827492034592626399e-04 9.672280382339554228e-02 0.000000000000000000e+00
2.475000000000000000e+03 9.899716179532536131e-02 3.370505234410559603e-01 5.537096040054619861e-01 6.827492034592626399e-04 1.085571233500227523e-01 0.000000000000000000e+00
2.500000000000000000e+03 9.999713312659119779e-02 3.505917159763313751e-01 5.223031406463358728e-01 1.593081474738279385e-03 1.255120619025944517e-01 0.000000000000000000e+00
2.525000000000000000e+03 1.009971044578570343e-01 3.682294037323622926e-01 4.894173873463814051e-01 1.137915339098770958e-03 1.412152935821574806e-01 0.000000000000000000e+00
2.550000000000000000e+03 1.019970757891230928e-01 3.788120163859808875e-01 4.569868001820664438e-01 2.958579881656804664e-03 1.612426035502958488e-01 0.000000000000000000e+00
2.575000000000000000e+03 1.029970471203889293e-01 3.901911697769686049e-01 4.194355939918070209e-01 3.413746017296313308e-03 1.869594902139280757e-01 0.000000000000000000e+00
2.600000000000000000e+03 1.039970184516547658e-01 4.083978152025489194e-01 3.813154301319982009e-01 8.306781975421027864e-03 2.019799726900318726e-01 0.000000000000000000e+00
2.625000000000000000e+03 1.049969897829208243e-01 4.175011379153391045e-01 3.524123805188894010e-01 1.206190259444697363e-02 2.180245789713245452e-01 0.000000000000000000e+00
2.650000000000000000e+03 1.059969611141866608e-01 4.130632680928538747e-01 3.285161583978152278e-01 1.536185707783340945e-02 2.430587164314974846e-01 0.000000000000000000e+00
2.675000000000000000e+03 1.069969324454527193e-01 4.227355484751934567e-01 3.020027309968138507e-01 1.820664542558033533e-02 2.570550751024123781e-01 0.000000000000000000e+00
2.700000000000000000e+03 1.079969037767185558e-01 4.237596722803823601e-01 2.855029585798816716e-01 2.184797451069640448e-02 2.688893946290396020e-01 0.000000000000000000e+00
2.725000000000000000e+03 1.089968751079843923e-01 4.226217569412835662e-01 2.701411015020482309e-01 2.309968138370505075e-02 2.841374601729631522e-01 0.000000000000000000e+00
2.750000000000000000e+03 1.099968464392504508e-01 4.302457897132453413e-01 2.501137915339098905e-01 2.969959035047792587e-02 2.899408284023668458e-01 0.000000000000000000e+00
2.775000000000000000e+03 1.109968177705162873e-01 4.366181156121984319e-01 2.420345926263086089e-01 3.516158397815202785e-02 2.861857077833409035e-01 0.000000000000000000e+00
2.800000000000000000e+03 1.119967891017821238e-01 4.210286754665452658e-01 2.446517979062357850e-01 4.176149294492489950e-02 2.925580336822940497e-01 0.000000000000000000e+00
2.825000000000000000e+03 1.129967604330481823e-01 4.275147928994083024e-01 2.391898042785616796e-01 4.426490669094219205e-02 2.890304961310878329e-01 0.000000000000000000e+00
2.850000000000000000e+03 1.139967317643140188e-01 4.327492034592626546e-01 2.398725534820209393e-01 5.188893946290396020e-02 2.754893035958124736e-01 0.000000000000000000e+00
2.875000000000000000e+03 1.149967030955798553e-01 4.515248065543923661e-01 2.165452890304961353e-01 5.609922621756941591e-02 2.758306781975420896e-01 0.000000000000000000e+00
2.900000000000000000e+03 1.159966744268459138e-01 4.373008648156577194e-01 2.183659535730541612e-01 5.848884842967683184e-02 2.858443331816112876e-01 0.000000000000000000e+00
2.925000000000000000e+03 1.169966457581117503e-01 4.499317250796540657e-01 2.207555757851615841e-01 6.292671825216203385e-02 2.663859808830222886e-01 0.000000000000000000e+00
2.950000000000000000e+03 1.179966170893775868e-01 4.615384615384615641e-01 2.080109239872553473e-01 6.247155211652252738e-02 2.679790623577605890e-01 0.000000000000000000e+00
2.975000000000000000e+03 1.189965884206436453e-01 4.698452435138825711e-01 1.997041420118343125e-01 6.281292671825215723e-02 2.676376877560309731e-01 0.000000000000000000e+00
3.000000000000000000e+03 1.199965597519094818e-01 4.633591260810195900e-01 2.000455166135639562e-01 6.634046426945834629e-02 2.702548930359581214e-01 0.000000000000000000e+00
3.025000000000000000e+03 1.209965310831753182e-01 4.589212562585343602e-01 2.002730996813837094e-01 6.383705052344106068e-02 2.769685935366408835e-01 0.000000000000000000e+00
3.050000000000000000e+03 1.219965024144413768e-01 4.713245334547109811e-01 1.916249431042330587e-01 6.975421028675465873e-02 2.672963131543013016e-01 0.000000000000000000e+00
3.075000000000000000e+03 1.229964737457072133e-01 4.717796995903504875e-01 1.886663632225762388e-01 6.634046426945834629e-02 2.732134729176149412e-01 0.000000000000000000e+00
3.100000000000000000e+03 1.239964450769730497e-01 4.811106053709603980e-01 1.833181611288120239e-01 6.998179335457442585e-02 2.655894401456531662e-01 0.000000000000000000e+00
3.125000000000000000e+03 1.249964164082391083e-01 4.593764223941738667e-01 1.913973600364132777e-01 8.045061447428311641e-02 2.687756030951297115e-01 0.000000000000000000e+00
3.150000000000000000e+03 1.259963877395049447e-01 4.789485662266727561e-01 1.821802457897132577e-01 8.409194355939918208e-02 2.547792444242148457e-01 0.000000000000000000e+00
3.175000000000000000e+03 1.269963590707707812e-01 4.849795175238962308e-01 1.722803823395539502e-01 8.306781975421029252e-02 2.596722803823395265e-01 0.000000000000000000e+00
3.200000000000000000e+03 1.279963304020368398e-01 4.962448793809740577e-01 1.619253527537551085e-01 8.329540282203004575e-02 2.585343650432407880e-01 0.000000000000000000e+00
3.225000000000000000e+03 1.289963017333026762e-01 5.030723714155667103e-01 1.565771506599908935e-01 8.716431497496586467e-02 2.531861629494765453e-01 0.000000000000000000e+00
3.250000000000000000e+03 1.299962730645685127e-01 5.059171597633136397e-01 1.576012744651797970e-01 9.023668639053254725e-02 2.462448793809740577e-01 0.000000000000000000e+00
3.275000000000000000e+03 1.309962443958345713e-01 4.977241693218024676e-01 1.629494765589440120e-01 1.026399635867091542e-01 2.366863905325443662e-01 0.000000000000000000e+00
3.300000000000000000e+03 1.319962157271004077e-01 4.990896677287209870e-01 1.624943104233045055e-01 1.038916704597177970e-01 2.345243513882567243e-01 0.000000000000000000e+00
3.325000000000000000e+03 1.329961870583662442e-01 5.088757396449704595e-01 1.555530268548019901e-01 1.010468821119708677e-01 2.345243513882567243e-01 0.000000000000000000e+00
3.350000000000000000e+03 1.339961583896323027e-01 5.147928994082839882e-01 1.505461993627674189e-01 1.054847519344560697e-01 2.291761492944924816e-01 0.000000000000000000e+00
3.375000000000000000e+03 1.349961297208981392e-01 5.151342740100136597e-01 1.496358670914884059e-01 1.029813381884387841e-01 2.322485207100591642e-01 0.000000000000000000e+00
3.400000000000000000e+03 1.359961010521639757e-01 5.109239872553481554e-01 1.492944924897587622e-01 1.057123350022758368e-01 2.340691852526172179e-01 0.000000000000000000e+00
3.425000000000000000e+03 1.369960723834300342e-01 5.284478834774692935e-01 1.409877105143377274e-01 1.099226217569412856e-01 2.206417842512516936e-01 0.000000000000000000e+00
3.450000000000000000e+03 1.379960437146958707e-01 5.262858443331815961e-01 1.441738734638143005e-01 1.048020027309968100e-01 2.247382794720072796e-01 0.000000000000000000e+00
3.475000000000000000e+03 1.389960150459617072e-01 5.218479745106964218e-01 1.465634956759217233e-01 1.083295402822029990e-01 2.232589895311788697e-01 0.000000000000000000e+00
3.500000000000000000e+03 1.399959863772277657e-01 5.157032316795630011e-01 1.423532089212562468e-01 1.093536640873919025e-01 2.325898953117888079e-01 0.000000000000000000e+00
3.525000000000000000e+03 1.409959577084936022e-01 5.381201638598088755e-01 1.367774237596722786e-01 1.037778789258079204e-01 2.213245334547109811e-01 0.000000000000000000e+00
3.550000000000000000e+03 1.419959290397594387e-01 5.336822940373235902e-01 1.350705507510241155e-01 1.095812471552116557e-01 2.216659080564405970e-01 0.000000000000000000e+00
3.575000000000000000e+03 1.429959003710254972e-01 5.403959945380063523e-01 1.316568047337278169e-01 1.137915339098771045e-01 2.141556668183887124e-01 0.000000000000000000e+00
3.600000000000000000e+03 1.439958717022913337e-01 5.434683659535730627e-01 1.268775603095129711e-01 1.154984069185252676e-01 2.141556668183887124e-01 0.000000000000000000e+00
3.625000000000000000e+03 1.449958430335571702e-01 5.510923987255348377e-01 1.247155211652253015e-01 1.125398270368684617e-01 2.116522530723714268e-01 0.000000000000000000e+00
3.650000000000000000e+03 1.459958143648232287e-01 5.556440600819299025e-01 1.205052344105598527e-01 1.170914883932635403e-01 2.067592171142466906e-01 0.000000000000000000e+00
3.675000000000000000e+03 1.469957856960890652e-01 5.637232589895311285e-01 1.149294492489758707e-01 1.125398270368684617e-01 2.088074647246244975e-01 0.000000000000000000e+00
3.700000000000000000e+03 1.479957570273551237e-01 5.657715065999089354e-01 1.058261265361857134e-01 1.140191169776968577e-01 2.143832498862084657e-01 0.000000000000000000e+00
3.725000000000000000e+03 1.489957283586209602e-01 5.626991351843423361e-01 1.101502048247610388e-01 1.162949476558944040e-01 2.108557123350022766e-01 0.000000000000000000e+00
3.750000000000000000e+03 1.499956996898867967e-01 5.590578060992261733e-01 1.114019116977696816e-01 1.194811106053709632e-01 2.100591715976331264e-01 0.000000000000000000e+00
3.775000000000000000e+03 1.509956710211528552e-01 5.691852526172053173e-01 1.041192535275375503e-01 1.191397360036413333e-01 2.075557578516158408e-01 0.000000000000000000e+00
3.800000000000000000e+03 1.519956423524186917e-01 5.730541647701411501e-01 1.112881201638598050e-01 1.219845243513882627e-01 1.936731907146108378e-01 0.000000000000000000e+00
3.825000000000000000e+03 1.529956136836845282e-01 5.820436959490213891e-01 1.046882111970869333e-01 1.193673190714610866e-01 1.939007737824305910e-01 0.000000000000000000e+00
3.850000000000000000e+03 1.539955850149505867e-01 5.757851615839781889e-01 1.050295857988165632e-01 1.205052344105598527e-01 1.986800182066454368e-01 0.000000000000000000e+00
3.875000000000000000e+03 1.549955563462164232e-01 5.722576240327719166e-01 1.057123350022758368e-01 1.299499317250796537e-01 1.920801092398725651e-01 0.000000000000000000e+00
3.900000000000000000e+03 1.559955276774822597e-01 5.900091033227128356e-01 1.035502958579881672e-01 1.301775147928994070e-01 1.762630860263996457e-01 0.000000000000000000e+00
3.925000000000000000e+03 1.569954990087483182e-01 5.991124260355029651e-01 9.729176149294492537e-02 1.356395084205735124e-01 1.679563040509786109e-01 0.000000000000000000e+00
3.950000000000000000e+03 1.579954703400141547e-01 6.022985889849795660e-01 9.535730541647700897e-02 1.342740100136549930e-01 1.680700955848884737e-01 0.000000000000000000e+00
3.975000000000000000e+03 1.589954416712799912e-01 6.035502958579881394e-01 1.000227583067819781e-01 1.318843878015475701e-01 1.645425580336822846e-01 0.000000000000000000e+00
4.000000000000000000e+03 1.599954130025460497e-01 6.104915794264906825e-01 9.990896677287210148e-02 1.334774692762858428e-01 1.561219845243513871e-01 0.000000000000000000e+00
4.025000000000000000e+03 1.609953843338118862e-01 6.137915339098770628e-01 9.558488848429676221e-02 1.335912608101957333e-01 1.570323167956304000e-01 0.000000000000000000e+00
4.050000000000000000e+03 1.619953556650777227e-01 6.148156577150659663e-01 9.262630860263997012e-02 1.385980883022303045e-01 1.539599453800637174e-01 0.000000000000000000e+00
4.075000000000000000e+03 1.629953269963437812e-01 6.078743741465635342e-01 9.137460172963131344e-02 1.439462903959945472e-01 1.568047337278106468e-01 0.000000000000000000e+00
4.100000000000000000e+03 1.639952983276096177e-01 6.124260355029585989e-01 9.148839326354119006e-02 1.535047792444242110e-01 1.425807919890760000e-01 0.000000000000000000e+00
4.125000000000000000e+03 1.649952696588754542e-01 6.140191169776968438e-01 9.091943559399180697e-02 1.527082385070550885e-01 1.423532089212562468e-01 0.000000000000000000e+00
4.150000000000000000e+03 1.659952409901415127e-01 6.244879380974055483e-01 8.488848429676831842e-02 1.489531178880291185e-01 1.416704597177969871e-01 0.000000000000000000e+00
4.175000000000000000e+03 1.669952123214073492e-01 6.187983614019116896e-01 8.500227583067819503e-02 1.503186162949476656e-01 1.458807464724624359e-01 0.000000000000000000e+00
4.200000000000000000e+03 1.679951836526731856e-01 6.224396904870277414e-01 8.466090122894856518e-02 1.472462448793809831e-01 1.456531634046426826e-01 0.000000000000000000e+00
4.225000000000000000e+03 1.689951549839392442e-01 6.227810650887574129e-01 8.397815202548930547e-02 1.457669549385525731e-01 1.474738279472007363e-01 0.000000000000000000e+00
4.250000000000000000e+03 1.699951263152050807e-01 6.325671370050067743e-01 8.010923987255348655e-02 1.527082385070550885e-01 1.346153846153846090e-01 0.000000000000000000e+00
4.275000000000000000e+03 1.709950976464709171e-01 6.334774692762858983e-01 8.124715521165225274e-02 1.543013199817933612e-01 1.309740555302685572e-01 0.000000000000000000e+00
4.300000000000000000e+03 1.719950689777369757e-01 6.335912608101956778e-01 7.931269913518433634e-02 1.560081929904415243e-01 1.310878470641784199e-01 0.000000000000000000e+00
4.325000000000000000e+03 1.729950403090028122e-01 6.413290851160673434e-01 8.284023668639053928e-02 1.549840691852526209e-01 1.208466090122894826e-01 0.000000000000000000e+00
4.350000000000000000e+03 1.739950116402686486e-01 6.400773782430587699e-01 8.431952662721893532e-02 1.545289030496131144e-01 1.210741920801092358e-01 0.000000000000000000e+00
4.375000000000000000e+03 1.749949829715347072e-01 6.359808830223031562e-01 8.614019116977697510e-02 1.550978607191624836e-01 1.227810650887573990e-01 0.000000000000000000e+00
4.400000000000000000e+03 1.759949543028005436e-01 6.415566681838871244e-01 8.579881656804733137e-02 1.579426490669094130e-01 1.147018661811561174e-01 0.000000000000000000e+00
4.425000000000000000e+03 1.769949256340663801e-01 6.412152935821574529e-01 8.545744196631770151e-02 1.611288120163859861e-01 1.121984524351388318e-01 0.000000000000000000e+00
4.450000000000000000e+03 1.779948969653324387e-01 6.474738279472007640e-01 8.545744196631770151e-02 1.597633136094674666e-01 1.073054164770141095e-01 0.000000000000000000e+00
4.475000000000000000e+03 1.789948682965982751e-01 6.481565771506599960e-01 9.023668639053254725e-02 1.581702321347291662e-01 1.034365043240782905e-01 0.000000000000000000e+00
4.500000000000000000e+03 1.799948396278641116e-01 6.430359581247154788e-01 9.262630860263997012e-02 1.550978607191624836e-01 1.092398725534820259e-01 0.000000000000000000e+00
4.525000000000000000e+03 1.809948109591301701e-01 6.464497041420118606e-01 9.194355939918069653e-02 1.564633591260810308e-01 1.051433773327264398e-01 0.000000000000000000e+00
4.550000000000000000e+03 1.819947822903960066e-01 6.382567137005006330e-01 9.091943559399180697e-02 1.637460172963131622e-01 1.070778334091943562e-01 0.000000000000000000e+00
4.575000000000000000e+03 1.829947536216618431e-01 6.351843422849340337e-01 9.922621756941284177e-02 1.578288575329995502e-01 1.077605826126536159e-01 0.000000000000000000e+00
4.600000000000000000e+03 1.839947249529279016e-01 6.421256258534364658e-01 9.421939007737824279e-02 1.547564861174328676e-01 1.088984979517523960e-01 0.000000000000000000e+00
4.625000000000000000e+03 1.849946962841937381e-01 6.438324988620847122e-01 9.808830223031406170e-02 1.483841602184797492e-01 1.096950386891215323e-01 0.000000000000000000e+00
4.650000000000000000e+03 1.859946676154595746e-01 6.391670459717796460e-01 9.660901228948566566e-02 1.550978607191624836e-01 1.091260810195721492e-01 0.000000000000000000e+00
4.675000000000000000e+03 1.869946389467256331e-01 6.447428311333637252e-01 9.865725989986344480e-02 1.573736913973600438e-01 9.922621756941284177e-02 0.000000000000000000e+00
4.700000000000000000e+03 1.879946102779914696e-01 6.555530268548019901e-01 9.342284934000910646e-02 1.525944469731451980e-01 9.842967683204369156e-02 0.000000000000000000e+00
4.725000000000000000e+03 1.889945816092573061e-01 6.503186162949476934e-01 9.308147473827947660e-02 1.550978607191624836e-01 1.015020482476103741e-01 0.000000000000000000e+00
4.750000000000000000e+03 1.899945529405233646e-01 6.562357760582612221e-01 9.239872553482020301e-02 1.500910332271279124e-01 1.012744651797906209e-01 0.000000000000000000e+00
4.775000000000000000e+03 1.909945242717892011e-01 6.467910787437414211e-01 9.683659535730541890e-02 1.568047337278106468e-01 9.956759217114247162e-02 0.000000000000000000e+00
4.800000000000000000e+03 1.919944956030552596e-01 6.490669094219390090e-01 9.478834774692762588e-02 1.572598998634501533e-01 9.888484296768319803e-02 0.000000000000000000e+00
4.825000000000000000e+03 1.929944669343210961e-01 6.504324078288575839e-01 9.615384615384615918e-02 1.546426945835229771e-01 9.877105143377332142e-02 0.000000000000000000e+00
4.850000000000000000e+03 1.939944382655869326e-01 6.471324533454710926e-01 9.763313609467455523e-02 1.556668183887118806e-01 9.956759217114247162e-02 0.000000000000000000e+00
4.875000000000000000e+03 1.949944095968529911e-01 6.553254437869822091e-01 9.444697314519799602e-02 1.554392353208921274e-01 9.478834774692762588e-02 0.000000000000000000e+00
4.900000000000000000e+03 1.959943809281188276e-01 6.578288575329995780e-01 9.558488848429676221e-02 1.521392808375056915e-01 9.444697314519799602e-02 0.000000000000000000e+00
4.925000000000000000e+03 1.969943522593846641e-01 6.508875739644970349e-01 9.672280382339554228e-02 1.581702321347291662e-01 9.421939007737824279e-02 0.000000000000000000e+00
4.950000000000000000e+03 1.979943235906507226e-01 6.563495675921711126e-01 9.444697314519799602e-02 1.583978152025489194e-01 9.080564406008193035e-02 0.000000000000000000e+00
4.975000000000000000e+03 1.989942949219165591e-01 6.545289030496130867e-01 9.626763768775603580e-02 1.590805644060081792e-01 9.012289485662267063e-02 0.000000000000000000e+00
5.000000000000000000e+03 1.999942662531823956e-01 6.531634046426946227e-01 9.763313609467455523e-02 1.544151115157032239e-01 9.478834774692762588e-02 0.000000000000000000e+00
5.025000000000000000e+03 2.009942375844484541e-01 6.498634501593081314e-01 9.774692762858443185e-02 1.537323623122439642e-01 9.865725989986344480e-02 0.000000000000000000e+00
5.050000000000000000e+03 2.019942089157142906e-01 6.519116977696859383e-01 9.865725989986344480e-02 1.594219390077378229e-01 9.000910332271279402e-02 0.000000000000000000e+00
5.075000000000000000e+03 2.029941802469801271e-01 6.530496131087847322e-01 9.478834774692762588e-02 1.532771961766044577e-01 9.888484296768319803e-02 0.000000000000000000e+00
5.100000000000000000e+03 2.039941515782461856e-01 6.595357305416477134e-01 9.205735093309057315e-02 1.506599908966772816e-01 9.774692762858443185e-02 0.000000000000000000e+00
5.125000000000000000e+03 2.049941229095120221e-01 6.700045516613564178e-01 9.148839326354119006e-02 1.489531178880291185e-01 8.955393718707328754e-02 0.000000000000000000e+00
5.150000000000000000e+03 2.059940942407778586e-01 6.591943559399180419e-01 9.456076467910787264e-02 1.489531178880291185e-01 9.729176149294492537e-02 0.000000000000000000e+00
5.175000000000000000e+03 2.069940655720439171e-01 6.700045516613564178e-01 8.989531178880291740e-02 1.442876649977241632e-01 9.581247155211652933e-02 0.000000000000000000e+00
5.200000000000000000e+03 2.079940369033097536e-01 6.662494310423304755e-01 9.922621756941284177e-02 1.465634956759217233e-01 8.796085571233500100e-02 0.000000000000000000e+00
5.225000000000000000e+03 2.089940082345755901e-01 6.723941738734637852e-01 9.251251706873007963e-02 1.439462903959945472e-01 9.114701866181156020e-02 0.000000000000000000e+00
5.250000000000000000e+03 2.099939795658416486e-01 6.698907601274465273e-01 9.274010013654984674e-02 1.415566681838871244e-01 9.581247155211652933e-02 0.000000000000000000e+00
5.275000000000000000e+03 2.109939508971074851e-01 6.736458807464724696e-01 9.524351388256713236e-02 1.434911242603550408e-01 8.761948111060537114e-02 0.000000000000000000e+00
5.300000000000000000e+03 2.119939222283733216e-01 6.695493855257168558e-01 9.649522075557578904e-02 1.428083750568957533e-01 9.114701866181156020e-02 0.000000000000000000e+00
5.325000000000000000e+03 2.129938935596393801e-01 6.687528447883477334e-01 9.501593081474737912e-02 1.421256258534364936e-01 9.410559854346836617e-02 0.000000000000000000e+00
5.350000000000000000e+03 2.139938648909052166e-01 6.739872553482021411e-01 9.171597633136094330e-02 1.413290851160673711e-01 9.285389167045972336e-02 1.137915339098771066e-04
5.375000000000000000e+03 2.149938362221710531e-01 6.750113791533909335e-01 9.512972234865725574e-02 1.409877105143377274e-01 8.887118798361401395e-02 0.000000000000000000e+00
5.400000000000000000e+03 2.159938075534371116e-01 6.741010468821119206e-01 9.342284934000910646e-02 1.390532544378698110e-01 9.342284934000910646e-02 0.000000000000000000e+00
5.425000000000000000e+03 2.169937788847029481e-01 6.735320892125625791e-01 9.035047792444242387e-02 1.395084205735093175e-01 9.660901228948566566e-02 0.000000000000000000e+00
5.450000000000000000e+03 2.179937502159687845e-01 6.818388711879835862e-01 8.648156577150660496e-02 1.397360036413290985e-01 9.194355939918069653e-02 0.000000000000000000e+00
5.475000000000000000e+03 2.189937215472348431e-01 6.755803368229403860e-01 9.057806099226217711e-02 1.434911242603550408e-01 9.035047792444242387e-02 0.000000000000000000e+00
5.500000000000000000e+03 2.199936928785006796e-01 6.794492489758762188e-01 8.670914883932635819e-02 1.496358670914884059e-01 8.420573509330905870e-02 0.000000000000000000e+00
5.525000000000000000e+03 2.209936642097665160e-01 6.747837960855712636e-01 9.000910332271279402e-02 1.479289940828402428e-01 8.727810650887574129e-02 0.000000000000000000e+00
5.550000000000000000e+03 2.219936355410325746e-01 6.784251251706873154e-01 8.534365043240782489e-02 1.469048702776513393e-01 8.921256258534364381e-02 1.137915339098771066e-04
5.575000000000000000e+03 2.229936068722984110e-01 6.846836595357305155e-01 8.750568957669549452e-02 1.450842057350933134e-01 8.272644515248064878e-02 0.000000000000000000e+00
5.600000000000000000e+03 2.239935782035642475e-01 6.870732817478379939e-01 7.919890760127445972e-02 1.430359581247155343e-01 9.069185252617205373e-02 0.000000000000000000e+00
5.625000000000000000e+03 2.249935495348303061e-01 6.838871187983613931e-01 8.579881656804733137e-02 1.424670004551661373e-01 8.784706417842512438e-02 0.000000000000000000e+00
5.650000000000000000e+03 2.259935208660961425e-01 6.983386436049158208e-01 8.238507055075101893e-02 1.352981338188438687e-01 8.386436049157942885e-02 1.137915339098771066e-04
5.675000000000000000e+03 2.269934921973619790e-01 6.945835229858898785e-01 8.545744196631770151e-02 1.379153390987710448e-01 8.204369594902138907e-02 0.000000000000000000e+00
