# itime ezz other fcc hcp bcc ico
0.000000000000000000e+00 0.000000000000000000e+00 0.000000000000000000e+00 1.000000000000000000e+00 0.000000000000000000e+00 0.000000000000000000e+00 0.000000000000000000e+00
3.000000000000000000e+00 1.200024205435523683e-03 0.000000000000000000e+00 1.000000000000000000e+00 0.000000000000000000e+00 0.000000000000000000e+00 0.000000000000000000e+00
6.000000000000000000e+00 2.400048410871269411e-03 0.000000000000000000e+00 1.000000000000000000e+00 0.000000000000000000e+00 0.000000000000000000e+00 0.000000000000000000e+00
9.000000000000000000e+00 3.600072616306793094e-03 0.000000000000000000e+00 1.000000000000000000e+00 0.000000000000000000e+00 0.000000000000000000e+00 0.000000000000000000e+00
1.200000000000000000e+01 4.800096821742316777e-03 0.000000000000000000e+00 1.000000000000000000e+00 0.000000000000000000e+00 0.000000000000000000e+00 0.000000000000000000e+00
1.500000000000000000e+01 6.000121027177840460e-03 0.000000000000000000e+00 1.000000000000000000e+00 0.000000000000000000e+00 0.000000000000000000e+00 0.000000000000000000e+00
1.800000000000000000e+01 7.200145232613586188e-03 0.000000000000000000e+00 1.000000000000000000e+00 0.000000000000000000e+00 0.000000000000000000e+00 0.000000000000000000e+00
2.100000000000000000e+01 8.400169438049109871e-03 0.000000000000000000e+00 1.000000000000000000e+00 0.000000000000000000e+00 0.000000000000000000e+00 0.000000000000000000e+00
2.400000000000000000e+01 9.600193643484633554e-03 0.000000000000000000e+00 1.000000000000000000e+00 0.000000000000000000e+00 0.000000000000000000e+00 0.000000000000000000e+00
2.700000000000000000e+01 1.080021784892037928e-02 0.000000000000000000e+00 1.000000000000000000e+00 0.000000000000000000e+00 0.000000000000000000e+00 0.000000000000000000e+00
3.000000000000000000e+01 1.200024205435590297e-02 0.000000000000000000e+00 1.000000000000000000e+00 0.000000000000000000e+00 0.000000000000000000e+00 0.000000000000000000e+00
3.300000000000000000e+01 1.320026625979142665e-02 0.000000000000000000e+00 1.000000000000000000e+00 0.000000000000000000e+00 0.000000000000000000e+00 0.000000000000000000e+00
3.600000000000000000e+01 1.440029046522695033e-02 0.000000000000000000e+00 1.000000000000000000e+00 0.000000000000000000e+00 0.000000000000000000e+00 0.000000000000000000e+00
3.900000000000000000e+01 1.560031467066269606e-02 0.000000000000000000e+00 1.000000000000000000e+00 0.000000000000000000e+00 0.000000000000000000e+00 0.000000000000000000e+00
4.200000000000000000e+01 1.680033887609821974e-02 0.000000000000000000e+00 1.000000000000000000e+00 0.000000000000000000e+00 0.000000000000000000e+00 0.000000000000000000e+00
4.500000000000000000e+01 1.800036308153374343e-02 0.000000000000000000e+00 1.000000000000000000e+00 0.000000000000000000e+00 0.000000000000000000e+00 0.000000000000000000e+00
4.800000000000000000e+01 1.920038728696948915e-02 0.000000000000000000e+00 1.000000000000000000e+00 0.000000000000000000e+00 0.000000000000000000e+00 0.000000000000000000e+00
5.100000000000000000e+01 2.040041149240501284e-02 0.000000000000000000e+00 1.000000000000000000e+00 0.000000000000000000e+00 0.000000000000000000e+00 0.000000000000000000e+00
5.400000000000000000e+01 2.160043569784053652e-02 0.000000000000000000e+00 1.000000000000000000e+00 0.000000000000000000e+00 0.000000000000000000e+00 0.000000000000000000e+00
5.700000000000000000e+01 2.280045990327606020e-02 0.000000000000000000e+00 1.000000000000000000e+00 0.000000000000000000e+00 0.000000000000000000e+00 0.000000000000000000e+00
6.000000000000000000e+01 2.400048410871180593e-02 0.000000000000000000e+00 1.000000000000000000e+00 0.000000000000000000e+00 0.000000000000000000e+00 0.000000000000000000e+00
6.300000000000000000e+01 2.520050831414732961e-02 0.000000000000000000e+00 1.000000000000000000e+00 0.000000000000000000e+00 0.000000000000000000e+00 0.000000000000000000e+00
6.600000000000000000e+01 2.640053251958285330e-02 0.000000000000000000e+00 1.000000000000000000e+00 0.000000000000000000e+00 0.000000000000000000e+00 0.000000000000000000e+00
6.900000000000000000e+01 2.760055672501859902e-02 0.000000000000000000e+00 1.000000000000000000e+00 0.000000000000000000e+00 0.000000000000000000e+00 0.000000000000000000e+00
7.200000000000000000e+01 2.880058093045412271e-02 0.000000000000000000e+00 1.000000000000000000e+00 0.000000000000000000e+00 0.000000000000000000e+00 0.000000000000000000e+00
7.500000000000000000e+01 3.000060513588964639e-02 0.000000000000000000e+00 1.000000000000000000e+00 0.000000000000000000e+00 0.000000000000000000e+00 0.000000000000000000e+00
7.800000000000000000e+01 3.120062934132517007e-02 0.000000000000000000e+00 1.000000000000000000e+00 0.000000000000000000e+00 0.000000000000000000e+00 0.000000000000000000e+00
8.100000000000000000e+01 3.240065354676091580e-02 0.000000000000000000e+00 1.000000000000000000e+00 0.000000000000000000e+00 0.000000000000000000e+00 0.000000000000000000e+00
8.400000000000000000e+01 3.360067775219643949e-02 0.000000000000000000e+00 1.000000000000000000e+00 0.000000000000000000e+00 0.000000000000000000e+00 0.000000000000000000e+00
8.700000000000000000e+01 3.480070195763196317e-02 0.000000000000000000e+00 1.000000000000000000e+00 0.000000000000000000e+00 0.000000000000000000e+00 0.000000000000000000e+00
9.000000000000000000e+01 3.600072616306770890e-02 0.000000000000000000e+00 1.000000000000000000e+00 0.000000000000000000e+00 0.000000000000000000e+00 0.000000000000000000e+00
9.300000000000000000e+01 3.720075036850323258e-02 0.000000000000000000e+00 1.000000000000000000e+00 0.000000000000000000e+00 0.000000000000000000e+00 0.000000000000000000e+00
9.600000000000000000e+01 3.840077457393875626e-02 0.000000000000000000e+00 1.000000000000000000e+00 0.000000000000000000e+00 0.000000000000000000e+00 0.000000000000000000e+00
9.900000000000000000e+01 3.960079877937427995e-02 0.000000000000000000e+00 1.000000000000000000e+00 0.000000000000000000e+00 0.000000000000000000e+00 0.000000000000000000e+00
1.020000000000000000e+02 4.080082298481002567e-02 0.000000000000000000e+00 1.000000000000000000e+00 0.000000000000000000e+00 0.000000000000000000e+00 0.000000000000000000e+00
1.050000000000000000e+02 4.200084719024554936e-02 0.000000000000000000e+00 1.000000000000000000e+00 0.000000000000000000e+00 0.000000000000000000e+00 0.000000000000000000e+00
1.080000000000000000e+02 4.320087139568107304e-02 0.000000000000000000e+00 1.000000000000000000e+00 0.000000000000000000e+00 0.000000000000000000e+00 0.000000000000000000e+00
1.110000000000000000e+02 4.440089560111681877e-02 0.000000000000000000e+00 1.000000000000000000e+00 0.000000000000000000e+00 0.000000000000000000e+00 0.000000000000000000e+00
1.140000000000000000e+02 4.560091980655234245e-02 0.000000000000000000e+00 1.000000000000000000e+00 0.000000000000000000e+00 0.000000000000000000e+00 0.000000000000000000e+00
1.170000000000000000e+02 4.680094401198786613e-02 0.000000000000000000e+00 1.000000000000000000e+00 0.000000000000000000e+00 0.000000000000000000e+00 0.000000000000000000e+00
1.200000000000000000e+02 4.800096821742338982e-02 0.000000000000000000e+00 1.000000000000000000e+00 0.000000000000000000e+00 0.000000000000000000e+00 0.000000000000000000e+00
1.230000000000000000e+02 4.920099242285913554e-02 0.000000000000000000e+00 1.000000000000000000e+00 0.000000000000000000e+00 0.000000000000000000e+00 0.000000000000000000e+00
1.260000000000000000e+02 5.040101662829465923e-02 0.000000000000000000e+00 1.000000000000000000e+00 0.000000000000000000e+00 0.000000000000000000e+00 0.000000000000000000e+00
1.290000000000000000e+02 5.160104083373018291e-02 0.000000000000000000e+00 1.000000000000000000e+00 0.000000000000000000e+00 0.000000000000000000e+00 0.000000000000000000e+00
1.320000000000000000e+02 5.280106503916592864e-02 0.000000000000000000e+00 1.000000000000000000e+00 0.000000000000000000e+00 0.000000000000000000e+00 0.000000000000000000e+00
1.350000000000000000e+02 5.400108924460145232e-02 0.000000000000000000e+00 1.000000000000000000e+00 0.000000000000000000e+00 0.000000000000000000e+00 0.000000000000000000e+00
1.380000000000000000e+02 5.520111345003697600e-02 0.000000000000000000e+00 1.000000000000000000e+00 0.000000000000000000e+00 0.000000000000000000e+00 0.000000000000000000e+00
1.410000000000000000e+02 5.640113765547249969e-02 0.000000000000000000e+00 1.000000000000000000e+00 0.000000000000000000e+00 0.000000000000000000e+00 0.000000000000000000e+00
1.440000000000000000e+02 5.760116186090824542e-02 0.000000000000000000e+00 1.000000000000000000e+00 0.000000000000000000e+00 0.000000000000000000e+00 0.000000000000000000e+00
1.470000000000000000e+02 5.880118606634376910e-02 0.000000000000000000e+00 1.000000000000000000e+00 0.000000000000000000e+00 0.000000000000000000e+00 0.000000000000000000e+00
1.500000000000000000e+02 6.000121027177929278e-02 0.000000000000000000e+00 1.000000000000000000e+00 0.000000000000000000e+00 0.000000000000000000e+00 0.000000000000000000e+00
1.530000000000000000e+02 6.120123447721503851e-02 0.000000000000000000e+00 1.000000000000000000e+00 0.000000000000000000e+00 0.000000000000000000e+00 0.000000000000000000e+00
1.560000000000000000e+02 6.240125868265056219e-02 0.000000000000000000e+00 1.000000000000000000e+00 0.000000000000000000e+00 0.000000000000000000e+00 0.000000000000000000e+00
1.590000000000000000e+02 6.360128288808608588e-02 0.000000000000000000e+00 1.000000000000000000e+00 0.000000000000000000e+00 0.000000000000000000e+00 0.000000000000000000e+00
1.620000000000000000e+02 6.480130709352160956e-02 0.000000000000000000e+00 1.000000000000000000e+00 0.000000000000000000e+00 0.000000000000000000e+00 0.000000000000000000e+00
1.650000000000000000e+02 6.600133129895735529e-02 0.000000000000000000e+00 1.000000000000000000e+00 0.000000000000000000e+00 0.000000000000000000e+00 0.000000000000000000e+00
1.680000000000000000e+02 6.720135550439287897e-02 0.000000000000000000e+00 1.000000000000000000e+00 0.000000000000000000e+00 0.000000000000000000e+00 0.000000000000000000e+00
1.710000000000000000e+02 6.840137970982840265e-02 0.000000000000000000e+00 1.000000000000000000e+00 0.000000000000000000e+00 0.000000000000000000e+00 0.000000000000000000e+00
1.740000000000000000e+02 6.960140391526392634e-02 0.000000000000000000e+00 1.000000000000000000e+00 0.000000000000000000e+00 0.000000000000000000e+00 0.000000000000000000e+00
1.770000000000000000e+02 7.080142812069967206e-02 0.000000000000000000e+00 1.000000000000000000e+00 0.000000000000000000e+00 0.000000000000000000e+00 0.000000000000000000e+00
1.800000000000000000e+02 7.200145232613519575e-02 2.275830678197542133e-04 9.997724169321802190e-01 0.000000000000000000e+00 0.000000000000000000e+00 0.000000000000000000e+00
1.830000000000000000e+02 7.320147653157071943e-02 2.275830678197542133e-04 9.997724169321802190e-01 0.000000000000000000e+00 0.000000000000000000e+00 0.000000000000000000e+00
1.860000000000000000e+02 7.440150073700646516e-02 4.551661356395084266e-04 9.995448338643604380e-01 0.000000000000000000e+00 0.000000000000000000e+00 0.000000000000000000e+00
1.890000000000000000e+02 7.560152494244198884e-02 4.551661356395084266e-04 9.995448338643604380e-01 0.000000000000000000e+00 0.000000000000000000e+00 0.000000000000000000e+00
1.920000000000000000e+02 7.680154914787751252e-02 0.000000000000000000e+00 1.000000000000000000e+00 0.000000000000000000e+00 0.000000000000000000e+00 0.000000000000000000e+00
1.950000000000000000e+02 7.800157335331303621e-02 0.000000000000000000e+00 1.000000000000000000e+00 0.000000000000000000e+00 0.000000000000000000e+00 0.000000000000000000e+00
1.980000000000000000e+02 7.920159755874878194e-02 0.000000000000000000e+00 1.000000000000000000e+00 0.000000000000000000e+00 0.000000000000000000e+00 0.000000000000000000e+00
2.010000000000000000e+02 8.040162176418430562e-02 0.000000000000000000e+00 1.000000000000000000e+00 0.000000000000000000e+00 0.000000000000000000e+00 0.000000000000000000e+00
2.040000000000000000e+02 8.160164596961982930e-02 0.000000000000000000e+00 1.000000000000000000e+00 0.000000000000000000e+00 0.000000000000000000e+00 0.000000000000000000e+00
2.070000000000000000e+02 8.280167017505557503e-02 0.000000000000000000e+00 1.000000000000000000e+00 0.000000000000000000e+00 0.000000000000000000e+00 0.000000000000000000e+00
2.100000000000000000e+02 8.400169438049109871e-02 0.000000000000000000e+00 1.000000000000000000e+00 0.000000000000000000e+00 0.000000000000000000e+00 0.000000000000000000e+00
2.130000000000000000e+02 8.520171858592662240e-02 0.000000000000000000e+00 1.000000000000000000e+00 0.000000000000000000e+00 0.000000000000000000e+00 0.000000000000000000e+00
2.160000000000000000e+02 8.640174279136214608e-02 0.000000000000000000e+00 1.000000000000000000e+00 0.000000000000000000e+00 0.000000000000000000e+00 0.000000000000000000e+00
2.190000000000000000e+02 8.760176699679789181e-02 0.000000000000000000e+00 1.000000000000000000e+00 0.000000000000000000e+00 0.000000000000000000e+00 0.000000000000000000e+00
2.220000000000000000e+02 8.880179120223341549e-02 3.413746017296313199e-04 9.996586253982703285e-01 0.000000000000000000e+00 0.000000000000000000e+00 0.000000000000000000e+00
2.250000000000000000e+02 9.000181540766893917e-02 4.551661356395084266e-04 9.995448338643604380e-01 0.000000000000000000e+00 0.000000000000000000e+00 0.000000000000000000e+00
2.280000000000000000e+02 9.120183961310468490e-02 0.000000000000000000e+00 1.000000000000000000e+00 0.000000000000000000e+00 0.000000000000000000e+00 0.000000000000000000e+00
2.310000000000000000e+02 9.240186381854020858e-02 0.000000000000000000e+00 1.000000000000000000e+00 0.000000000000000000e+00 0.000000000000000000e+00 0.000000000000000000e+00
2.340000000000000000e+02 9.360188802397573227e-02 0.000000000000000000e+00 1.000000000000000000e+00 0.000000000000000000e+00 0.000000000000000000e+00 0.000000000000000000e+00
2.370000000000000000e+02 9.480191222941125595e-02 3.413746017296313199e-04 9.996586253982703285e-01 0.000000000000000000e+00 0.000000000000000000e+00 0.000000000000000000e+00
2.400000000000000000e+02 9.600193643484700168e-02 5.689576695493854790e-04 9.994310423304506585e-01 0.000000000000000000e+00 0.000000000000000000e+00 0.000000000000000000e+00
2.430000000000000000e+02 9.720196064028252536e-02 7.965407373691396923e-04 9.992034592626308775e-01 0.000000000000000000e+00 0.000000000000000000e+00 0.000000000000000000e+00
2.460000000000000000e+02 9.840198484571804904e-02 3.413746017296313199e-04 9.995448338643604380e-01 0.000000000000000000e+00 1.137915339098771066e-04 0.000000000000000000e+00
2.490000000000000000e+02 9.960200905115379477e-02 5.689576695493854790e-04 9.993172507965407680e-01 0.000000000000000000e+00 1.137915339098771066e-04 0.000000000000000000e+00
2.520000000000000000e+02 1.008020332565893185e-01 4.551661356395084266e-04 9.995448338643604380e-01 0.000000000000000000e+00 0.000000000000000000e+00 0.000000000000000000e+00
2.550000000000000000e+02 1.020020574620248421e-01 7.965407373691396923e-04 9.992034592626308775e-01 0.000000000000000000e+00 0.000000000000000000e+00 0.000000000000000000e+00
2.580000000000000000e+02 1.032020816674603658e-01 1.137915339098771066e-04 9.998862084660901095e-01 0.000000000000000000e+00 0.000000000000000000e+00 0.000000000000000000e+00
2.610000000000000000e+02 1.044021058728961115e-01 1.137915339098771066e-04 9.998862084660901095e-01 0.000000000000000000e+00 0.000000000000000000e+00 0.000000000000000000e+00
2.640000000000000000e+02 1.056021300783316352e-01 3.413746017296313199e-04 9.996586253982703285e-01 0.000000000000000000e+00 0.000000000000000000e+00 0.000000000000000000e+00
2.670000000000000000e+02 1.068021542837671589e-01 1.024123805188893906e-03 9.989758761948110966e-01 0.000000000000000000e+00 0.000000000000000000e+00 0.000000000000000000e+00
2.700000000000000000e+02 1.080021784892029046e-01 1.137915339098770958e-03 9.988620846609012061e-01 0.000000000000000000e+00 0.000000000000000000e+00 0.000000000000000000e+00
2.730000000000000000e+02 1.092022026946384283e-01 3.413746017296313199e-04 9.995448338643604380e-01 0.000000000000000000e+00 1.137915339098771066e-04 0.000000000000000000e+00
2.760000000000000000e+02 1.104022269000739520e-01 7.965407373691396923e-04 9.992034592626308775e-01 0.000000000000000000e+00 0.000000000000000000e+00 0.000000000000000000e+00
2.790000000000000000e+02 1.116022511055094757e-01 9.103322712790168532e-04 9.990896677287209870e-01 0.000000000000000000e+00 0.000000000000000000e+00 0.000000000000000000e+00
2.820000000000000000e+02 1.128022753109452214e-01 6.827492034592626399e-04 9.993172507965407680e-01 0.000000000000000000e+00 0.000000000000000000e+00 0.000000000000000000e+00
2.850000000000000000e+02 1.140022995163807451e-01 5.689576695493854790e-04 9.994310423304506585e-01 0.000000000000000000e+00 0.000000000000000000e+00 0.000000000000000000e+00
2.880000000000000000e+02 1.152023237218162688e-01 1.706873008648156654e-03 9.982931269913518646e-01 0.000000000000000000e+00 0.000000000000000000e+00 0.000000000000000000e+00
2.910000000000000000e+02 1.164023479272520145e-01 2.617205279927173507e-03 9.973827947200728516e-01 0.000000000000000000e+00 0.000000000000000000e+00 0.000000000000000000e+00
2.940000000000000000e+02 1.176023721326875382e-01 2.503413746017296455e-03 9.973827947200728516e-01 0.000000000000000000e+00 1.137915339098771066e-04 0.000000000000000000e+00
2.970000000000000000e+02 1.188023963381230619e-01 3.299954483386436255e-03 9.967000455166135087e-01 0.000000000000000000e+00 0.000000000000000000e+00 0.000000000000000000e+00
3.000000000000000000e+02 1.200024205435585856e-01 6.372325898953117539e-03 9.934000910332271284e-01 0.000000000000000000e+00 2.275830678197542133e-04 0.000000000000000000e+00
3.030000000000000000e+02 1.212024447489943313e-01 4.437869822485207214e-03 9.954483386436049352e-01 0.000000000000000000e+00 1.137915339098771066e-04 0.000000000000000000e+00
3.060000000000000000e+02 1.224024689544298550e-01 4.437869822485207214e-03 9.954483386436049352e-01 0.000000000000000000e+00 1.137915339098771066e-04 0.000000000000000000e+00
3.090000000000000000e+02 1.236024931598653787e-01 4.893035958124715423e-03 9.949931725079653733e-01 0.000000000000000000e+00 1.137915339098771066e-04 0.000000000000000000e+00
3.120000000000000000e+02 1.248025173653011244e-01 5.917159763313609329e-03 9.939690487027764698e-01 0.000000000000000000e+00 1.137915339098771066e-04 0.000000000000000000e+00
3.150000000000000000e+02 1.260025415707366481e-01 4.893035958124715423e-03 9.951069640418752638e-01 0.000000000000000000e+00 0.000000000000000000e+00 0.000000000000000000e+00
3.180000000000000000e+02 1.272025657761721718e-01 4.437869822485207214e-03 9.954483386436049352e-01 0.000000000000000000e+00 1.137915339098771066e-04 0.000000000000000000e+00
3.210000000000000000e+02 1.284025899816076954e-01 7.168866636322257339e-03 9.928311333636777869e-01 0.000000000000000000e+00 0.000000000000000000e+00 0.000000000000000000e+00
3.240000000000000000e+02 1.296026141870434412e-01 8.875739644970414427e-03 9.910104688211197610e-01 0.000000000000000000e+00 1.137915339098771066e-04 0.000000000000000000e+00
3.270000000000000000e+02 1.308026383924789648e-01 1.058261265361857065e-02 9.894173873463814051e-01 0.000000000000000000e+00 0.000000000000000000e+00 0.000000000000000000e+00
3.300000000000000000e+02 1.320026625979144885e-01 1.103777878925807886e-02 9.882794720072826111e-01 0.000000000000000000e+00 6.827492034592626399e-04 0.000000000000000000e+00
3.330000000000000000e+02 1.332026868033502343e-01 1.467910787437414627e-02 9.848657259899863403e-01 0.000000000000000000e+00 4.551661356395084266e-04 0.000000000000000000e+00
3.360000000000000000e+02 1.344027110087857579e-01 1.558944014565316269e-02 9.838416021847974369e-01 0.000000000000000000e+00 5.689576695493854790e-04 0.000000000000000000e+00
3.390000000000000000e+02 1.356027352142212816e-01 1.888939462903959851e-02 9.808830223031406170e-01 0.000000000000000000e+00 2.275830678197542133e-04 0.000000000000000000e+00
3.420000000000000000e+02 1.368027594196568053e-01 2.298588984979517413e-02 9.764451524806554428e-01 0.000000000000000000e+00 5.689576695493854790e-04 0.000000000000000000e+00
3.450000000000000000e+02 1.380027836250925510e-01 2.332726445152480746e-02 9.763313609467455523e-01 0.000000000000000000e+00 3.413746017296313199e-04 0.000000000000000000e+00
3.480000000000000000e+02 1.392028078305280747e-01 2.730996813837050646e-02 9.718934911242603780e-01 0.000000000000000000e+00 7.965407373691396923e-04 0.000000000000000000e+00
3.510000000000000000e+02 1.404028320359635984e-01 3.049613108784706567e-02 9.683659535730542167e-01 0.000000000000000000e+00 1.137915339098770958e-03 0.000000000000000000e+00
3.540000000000000000e+02 1.416028562413993441e-01 3.629949931725079404e-02 9.623350022758306865e-01 0.000000000000000000e+00 1.365498406918525280e-03 0.000000000000000000e+00
3.570000000000000000e+02 1.428028804468348678e-01 4.767865270823850449e-02 9.506144742831132977e-01 0.000000000000000000e+00 1.706873008648156654e-03 0.000000000000000000e+00
3.600000000000000000e+02 1.440029046522703915e-01 5.120619025944470049e-02 9.469731451979972459e-01 0.000000000000000000e+00 1.820664542558033706e-03 0.000000000000000000e+00
3.630000000000000000e+02 1.452029288577059152e-01 5.985434683659535821e-02 9.374146563495675544e-01 0.000000000000000000e+00 2.730996813837050560e-03 0.000000000000000000e+00
3.660000000000000000e+02 1.464029530631416609e-01 7.055075102412380894e-02 9.254665452890304955e-01 0.000000000000000000e+00 3.982703686845699004e-03 0.000000000000000000e+00
3.690000000000000000e+02 1.476029772685771846e-01 8.181611288120163583e-02 9.143149749658625591e-01 0.000000000000000000e+00 3.868912152935821518e-03 0.000000000000000000e+00
3.720000000000000000e+02 1.488030014740127083e-01 1.008192990441511144e-01 8.942876649977241632e-01 0.000000000000000000e+00 4.893035958124715423e-03 0.000000000000000000e+00
3.750000000000000000e+02 1.500030256794484540e-01 1.213017751479289891e-01 8.718707328174783999e-01 0.000000000000000000e+00 6.827492034592626616e-03 0.000000000000000000e+00
3.780000000000000000e+02 1.512030498848839777e-01 1.444014565316340537e-01 8.480883022303140617e-01 0.000000000000000000e+00 7.510241238051888930e-03 0.000000000000000000e+00
3.810000000000000000e+02 1.524030740903195014e-01 1.752389622212107423e-01 8.141784251251706905e-01 0.000000000000000000e+00 1.058261265361857065e-02 0.000000000000000000e+00
3.840000000000000000e+02 1.536030982957550250e-01 2.155211652253072319e-01 7.693445607646790529e-01 0.000000000000000000e+00 1.513427401001365448e-02 0.000000000000000000e+00
3.870000000000000000e+02 1.548031225011907708e-01 2.452207555757851543e-01 7.355484751934455723e-01 0.000000000000000000e+00 1.923076923076923184e-02 0.000000000000000000e+00
3.900000000000000000e+02 1.560031467066262945e-01 2.848202093764223841e-01 6.919663177059627301e-01 1.137915339098771066e-04 2.309968138370505075e-02 0.000000000000000000e+00
3.930000000000000000e+02 1.572031709120618181e-01 3.254437869822485174e-01 6.442876649977241632e-01 0.000000000000000000e+00 3.026854802002730896e-02 0.000000000000000000e+00
3.960000000000000000e+02 1.584031951174975639e-01 3.796085571233500100e-01 5.840919435593991960e-01 0.000000000000000000e+00 3.629949931725079404e-02 0.000000000000000000e+00
3.990000000000000000e+02 1.596032193229330876e-01 4.361629494765589254e-01 5.200273099681383959e-01 0.000000000000000000e+00 4.380974055530268557e-02 0.000000000000000000e+00
4.020000000000000000e+02 1.608032435283686112e-01 5.004551661356395620e-01 4.467455621301775204e-01 0.000000000000000000e+00 5.279927173418298009e-02 0.000000000000000000e+00
4.050000000000000000e+02 1.620032677338041349e-01 5.491579426490669213e-01 3.880291306326809075e-01 0.000000000000000000e+00 6.281292671825215723e-02 0.000000000000000000e+00
4.080000000000000000e+02 1.632032919392398806e-01 5.985434683659536237e-01 3.261265361857078049e-01 0.000000000000000000e+00 7.532999544833864081e-02 0.000000000000000000e+00
4.110000000000000000e+02 1.644033161446754043e-01 6.424670004551661373e-01 2.663859808830222886e-01 2.275830678197542133e-04 9.091943559399180697e-02 0.000000000000000000e+00
4.140000000000000000e+02 1.656033403501109280e-01 6.833181611288120516e-01 2.105143377332726329e-01 2.275830678197542133e-04 1.059399180700955900e-01 0.000000000000000000e+00
4.170000000000000000e+02 1.668033645555466737e-01 7.174556213017750927e-01 1.609012289485662328e-01 6.827492034592626399e-04 1.209604005461993592e-01 0.000000000000000000e+00
4.200000000000000000e+02 1.680033887609821974e-01 7.302002730996813851e-01 1.325671370050068298e-01 1.137915339098770958e-03 1.360946745562130189e-01 0.000000000000000000e+00
4.230000000000000000e+02 1.692034129664177211e-01 7.468138370505233992e-01 1.032089212562585373e-01 2.275830678197541916e-03 1.477014110150204895e-01 0.000000000000000000e+00
4.260000000000000000e+02 1.704034371718532448e-01 7.627446517979061813e-01 7.669549385525717411e-02 2.503413746017296455e-03 1.580564406008193035e-01 0.000000000000000000e+00
4.290000000000000000e+02 1.716034613772889905e-01 7.662721893491124536e-01 6.099226217569413133e-02 3.982703686845699004e-03 1.687528447883477334e-01 0.000000000000000000e+00
4.320000000000000000e+02 1.728034855827245142e-01 7.701411015020482864e-01 4.984069185252617412e-02 6.258534365043240920e-03 1.737596722803823324e-01 0.000000000000000000e+00
4.350000000000000000e+02 1.740035097881600379e-01 7.819754210286754548e-01 3.641329085116067066e-02 6.599908966772872511e-03 1.750113791533909890e-01 0.000000000000000000e+00
4.380000000000000000e+02 1.752035339935957836e-01 7.855029585798816161e-01 2.822030040964952288e-02 8.079198907601274626e-03 1.781975421028675344e-01 0.000000000000000000e+00
4.410000000000000000e+02 1.764035581990313073e-01 7.861857077833409591e-01 2.401001365498407064e-02 7.282658170232134826e-03 1.825216203914428736e-01 0.000000000000000000e+00
4.440000000000000000e+02 1.776035824044668310e-01 7.824305871643150168e-01 2.025489303595812488e-02 7.965407373691398007e-03 1.893491124260354985e-01 0.000000000000000000e+00
4.470000000000000000e+02 1.788036066099023547e-01 7.844788347746927126e-01 1.695493855257168905e-02 7.737824305871643035e-03 1.908284023668639084e-01 0.000000000000000000e+00
4.500000000000000000e+02 1.800036308153381004e-01 7.840236686390532617e-01 1.467910787437414627e-02 8.306781975421027864e-03 1.929904415111515781e-01 0.000000000000000000e+00
4.530000000000000000e+02 1.812036550207736241e-01 7.834547109695039202e-01 1.354119253527537488e-02 9.899863450159307465e-03 1.931042330450614408e-01 0.000000000000000000e+00
4.560000000000000000e+02 1.824036792262091478e-01 7.760582612653618151e-01 1.388256713700500647e-02 1.160673645880746542e-02 1.984524351388256835e-01 0.000000000000000000e+00
4.590000000000000000e+02 1.836037034316448935e-01 7.735548475193445572e-01 1.502048247610377786e-02 1.308602639963586667e-02 1.983386436049157930e-01 0.000000000000000000e+00
4.620000000000000000e+02 1.848037276370804172e-01 7.756030951297223641e-01 1.513427401001365448e-02 1.411015020482476144e-02 1.951524806554392477e-01 0.000000000000000000e+00
4.650000000000000000e+02 1.860037518425159409e-01 7.734410559854346667e-01 1.467910787437414627e-02 1.570323167956303931e-02 1.961766044606281234e-01 0.000000000000000000e+00
4.680000000000000000e+02 1.872037760479514645e-01 7.738962221210742287e-01 1.422394173873463806e-02 1.729631315430131891e-02 1.945835229858898507e-01 0.000000000000000000e+00
4.710000000000000000e+02 1.884038002533872103e-01 7.767410104688211581e-01 1.570323167956303931e-02 1.923076923076923184e-02 1.883249886208466228e-01 0.000000000000000000e+00
4.740000000000000000e+02 1.896038244588227339e-01 7.719617660446063123e-01 1.695493855257168905e-02 2.059626763768775473e-02 1.904870277651342647e-01 0.000000000000000000e+00
4.770000000000000000e+02 1.908038486642582576e-01 7.695721438324988339e-01 1.729631315430131891e-02 2.264451524806554428e-02 1.904870277651342647e-01 0.000000000000000000e+00
4.800000000000000000e+02 1.920038728696937813e-01 7.654756486117433312e-01 2.025489303595812488e-02 2.571688666363222686e-02 1.885525716886663761e-01 0.000000000000000000e+00
4.830000000000000000e+02 1.932038970751295270e-01 7.690031861629494925e-01 2.082385070550751144e-02 2.514792899408284030e-02 1.850250341374601593e-01 0.000000000000000000e+00
4.860000000000000000e+02 1.944039212805650507e-01 7.704824761037778469e-01 2.071005917159763482e-02 3.015475648611743234e-02 1.786527082385070686e-01 0.000000000000000000e+00
4.890000000000000000e+02 1.956039454860005744e-01 7.729858898497952158e-01 2.162039144287665124e-02 3.220300409649522189e-02 1.731907146108329631e-01 0.000000000000000000e+00
4.920000000000000000e+02 1.968039696914363201e-01 7.758306781975421451e-01 2.435138825671370050e-02 3.527537551206190447e-02 1.645425580336822846e-01 0.000000000000000000e+00
4.950000000000000000e+02 1.980039938968718438e-01 7.749203459262631322e-01 2.480655439235321044e-02 3.971324533454710648e-02 1.605598543468365891e-01 0.000000000000000000e+00
4.980000000000000000e+02 1.992040181023073675e-01 7.709376422394174089e-01 2.628584433318160996e-02 4.221665908056440597e-02 1.605598543468365891e-01 0.000000000000000000e+00
5.010000000000000000e+02 2.004040423077428912e-01 7.743513882567136797e-01 2.719617660446062984e-02 4.654073736913973830e-02 1.519116977696859383e-01 0.000000000000000000e+00
5.040000000000000000e+02 2.016040665131786369e-01 7.759444697314519246e-01 2.753755120619025970e-02 4.836140191169777114e-02 1.481565771506599960e-01 0.000000000000000000e+00
5.070000000000000000e+02 2.028040907186141606e-01 7.811788802913063323e-01 2.901684114701866268e-02 5.268548020027309653e-02 1.371187983614019223e-01 0.000000000000000000e+00
5.100000000000000000e+02 2.040041149240496843e-01 7.792444242148384159e-01 3.311333636777423484e-02 5.518889394629039602e-02 1.324533454710969393e-01 0.000000000000000000e+00
5.130000000000000000e+02 2.052041391294854300e-01 7.785616750113791840e-01 3.459262630860263782e-02 6.065088757396449454e-02 1.261948111060537114e-01 0.000000000000000000e+00
5.160000000000000000e+02 2.064041633349209537e-01 7.784478834774692935e-01 3.629949931725079404e-02 6.486117432862995025e-02 1.203914428766499761e-01 0.000000000000000000e+00
5.190000000000000000e+02 2.076041875403564774e-01 7.760582612653618151e-01 3.880291306326809353e-02 6.986800182066454923e-02 1.152708238507055144e-01 0.000000000000000000e+00
5.220000000000000000e+02 2.088042117457920011e-01 7.789030496131087444e-01 4.119253527537550946e-02 7.077833409194356218e-02 1.091260810195721492e-01 0.000000000000000000e+00
5.250000000000000000e+02 2.100042359512277468e-01 7.823167956304051263e-01 4.096495220755575623e-02 7.248520710059171146e-02 1.042330450614474269e-01 0.000000000000000000e+00
5.280000000000000000e+02 2.112042601566632705e-01 7.836822940373235902e-01 4.107874374146563284e-02 7.601274465179790052e-02 9.922621756941284177e-02 0.000000000000000000e+00
5.310000000000000000e+02 2.124042843620987941e-01 7.845926263086026031e-01 4.369594902139280895e-02 7.680928538916705073e-02 9.490213928083750250e-02 0.000000000000000000e+00
5.340000000000000000e+02 2.136043085675345399e-01 7.884615384615384359e-01 4.210286754665452935e-02 7.783340919435594030e-02 9.160218479745106668e-02 0.000000000000000000e+00
5.370000000000000000e+02 2.148043327729700636e-01 7.881201638598088755e-01 4.358215748748293233e-02 8.056440600819299303e-02 8.773327264451524776e-02 0.000000000000000000e+00
5.400000000000000000e+02 2.160043569784055872e-01 7.857305416477013971e-01 4.437869822485206867e-02 8.284023668639053928e-02 8.705052344105598805e-02 0.000000000000000000e+00
5.430000000000000000e+02 2.172043811838411109e-01 7.954028220300409791e-01 4.426490669094219205e-02 7.874374146563495325e-02 8.158852981338188259e-02 0.000000000000000000e+00
5.460000000000000000e+02 2.184044053892768567e-01 7.966545289030496635e-01 4.403732362312243881e-02 7.942649066909421296e-02 7.988165680473373331e-02 0.000000000000000000e+00
5.490000000000000000e+02 2.196044295947123803e-01 7.985889849795174689e-01 4.437869822485206867e-02 7.965407373691398007e-02 7.737824305871643382e-02 0.000000000000000000e+00
5.520000000000000000e+02 2.208044538001479040e-01 8.033682294037323146e-01 4.369594902139280895e-02 7.703686845698680397e-02 7.589895311788802390e-02 0.000000000000000000e+00
5.550000000000000000e+02 2.220044780055836497e-01 8.054164770141101215e-01 4.449248975876194528e-02 7.669549385525717411e-02 7.339553937187073829e-02 0.000000000000000000e+00
5.580000000000000000e+02 2.232045022110191734e-01 8.091715976331360638e-01 4.233045061447428259e-02 7.703686845698680397e-02 7.146108329540282189e-02 0.000000000000000000e+00
5.610000000000000000e+02 2.244045264164546971e-01 8.124715521165225551e-01 4.267182521620391245e-02 7.783340919435594030e-02 6.702321347291761988e-02 0.000000000000000000e+00
5.640000000000000000e+02 2.256045506218902208e-01 8.179335457441966328e-01 4.096495220755575623e-02 7.749203459262631044e-02 6.360946745562130744e-02 0.000000000000000000e+00
5.670000000000000000e+02 2.268045748273259665e-01 8.194128356850249872e-01 3.971324533454710648e-02 7.897132453345470648e-02 6.190259444697314428e-02 0.000000000000000000e+00
5.700000000000000000e+02 2.280045990327614902e-01 8.210059171597633432e-01 4.119253527537550946e-02 7.749203459262631044e-02 6.030951297223486468e-02 0.000000000000000000e+00
5.730000000000000000e+02 2.292046232381970139e-01 8.220300409649522466e-01 4.085116067364587961e-02 7.817478379608557015e-02 5.894401456531633832e-02 0.000000000000000000e+00
5.760000000000000000e+02 2.304046474436327596e-01 8.220300409649522466e-01 4.210286754665452935e-02 7.874374146563495325e-02 5.712335002275830548e-02 0.000000000000000000e+00
5.790000000000000000e+02 2.316046716490682833e-01 8.178197542102867423e-01 4.415111515703231543e-02 7.942649066909421296e-02 5.860263996358670846e-02 0.000000000000000000e+00
5.820000000000000000e+02 2.328046958545038070e-01 8.158852981338188259e-01 4.517523896222121194e-02 8.056440600819299303e-02 5.837505689576695522e-02 0.000000000000000000e+00
5.850000000000000000e+02 2.340047200599393307e-01 8.178197542102867423e-01 4.597177969959034827e-02 7.976786527082385669e-02 5.644060081929904577e-02 0.000000000000000000e+00
5.880000000000000000e+02 2.352047442653750764e-01 8.188438780154756458e-01 4.665452890304961492e-02 8.010923987255348655e-02 5.439235320892125969e-02 0.000000000000000000e+00
5.910000000000000000e+02 2.364047684708106001e-01 8.196404187528447682e-01 4.654073736913973830e-02 7.999544833864360993e-02 5.382339553937186966e-02 0.000000000000000000e+00
5.940000000000000000e+02 2.376047926762461238e-01 8.194128356850249872e-01 4.858898497951752438e-02 8.056440600819299303e-02 5.143377332726445372e-02 0.000000000000000000e+00
5.970000000000000000e+02 2.388048168816818695e-01 8.239644970414201630e-01 5.006827492034592736e-02 7.794720072826581692e-02 4.802002730996814128e-02 0.000000000000000000e+00
6.000000000000000000e+02 2.400048410871173932e-01 8.244196631770596140e-01 5.040964952207555722e-02 7.783340919435594030e-02 4.733727810650887463e-02 0.000000000000000000e+00
6.030000000000000000e+02 2.412048652925529169e-01 8.252162039144287364e-01 5.166135639508420696e-02 7.726445152480655720e-02 4.585798816568047165e-02 0.000000000000000000e+00
6.060000000000000000e+02 2.424048894979884405e-01 8.294264906690942407e-01 5.086481565771506369e-02 7.430587164314975124e-02 4.540282203004096517e-02 0.000000000000000000e+00
6.090000000000000000e+02 2.436049137034241863e-01 8.274920345926263243e-01 5.086481565771506369e-02 7.567137005006827066e-02 4.597177969959034827e-02 0.000000000000000000e+00
6.120000000000000000e+02 2.448049379088597099e-01 8.246472462448793950e-01 5.223031406463359005e-02 7.703686845698680397e-02 4.608557123350022489e-02 0.000000000000000000e+00
6.150000000000000000e+02 2.460049621142952336e-01 8.255575785161584079e-01 5.302685480200273332e-02 7.510241238051888757e-02 4.631315430131998506e-02 0.000000000000000000e+00
6.180000000000000000e+02 2.472049863197309794e-01 8.249886208466090665e-01 5.223031406463359005e-02 7.669549385525717411e-02 4.608557123350022489e-02 0.000000000000000000e+00
6.210000000000000000e+02 2.484050105251665030e-01 8.260127446517978589e-01 5.268548020027309653e-02 7.544378698224851743e-02 4.585798816568047165e-02 0.000000000000000000e+00
6.240000000000000000e+02 2.496050347306020267e-01 8.239644970414201630e-01 5.359581247155211642e-02 7.396449704142012138e-02 4.847519344560764776e-02 0.000000000000000000e+00
6.270000000000000000e+02 2.508050589360375504e-01 8.254437869822485174e-01 5.416477014110149951e-02 7.157487482931269851e-02 4.870277651342740100e-02 1.137915339098771066e-04
6.300000000000000000e+02 2.520050831414732961e-01 8.288575329995447882e-01 5.564406008192990249e-02 6.952662721893490549e-02 4.597177969959034827e-02 0.000000000000000000e+00
6.330000000000000000e+02 2.532051073469088198e-01 8.290851160673645692e-01 5.712335002275830548e-02 7.066454255803368556e-02 4.312699135184342586e-02 0.000000000000000000e+00
6.360000000000000000e+02 2.544051315523443435e-01 8.298816568047336917e-01 5.826126536185707860e-02 7.089212562585343880e-02 4.096495220755575623e-02 0.000000000000000000e+00
6.390000000000000000e+02 2.556051557577800892e-01 8.257851615839781889e-01 6.065088757396449454e-02 7.259899863450158808e-02 4.096495220755575623e-02 0.000000000000000000e+00
6.420000000000000000e+02 2.568051799632156129e-01 8.251024123805188459e-01 6.178880291306326766e-02 7.294037323623121793e-02 4.016841147018661989e-02 0.000000000000000000e+00
6.450000000000000000e+02 2.580052041686511366e-01 8.222576240327719166e-01 6.269913518434228061e-02 7.294037323623121793e-02 4.198907601274465273e-02 1.137915339098771066e-04
6.480000000000000000e+02 2.592052283740866603e-01 8.229403732362312596e-01 6.213017751479289752e-02 7.225762403277195822e-02 4.255803368229403583e-02 1.137915339098771066e-04
6.510000000000000000e+02 2.604052525795224060e-01 8.252162039144287364e-01 6.178880291306326766e-02 7.214383249886208160e-02 4.073736913973600299e-02 1.137915339098771066e-04
6.540000000000000000e+02 2.616052767849579297e-01 8.238507055075102725e-01 6.292671825216203385e-02 7.453345471096950448e-02 3.868912152935821691e-02 0.000000000000000000e+00
6.570000000000000000e+02 2.628053009903934534e-01 8.232817478379608200e-01 6.474738279472007363e-02 7.476103777878925771e-02 3.720983158852981393e-02 0.000000000000000000e+00
6.600000000000000000e+02 2.640053251958291991e-01 8.247610377787892855e-01 6.383705052344106068e-02 7.567137005006827066e-02 3.573054164770141095e-02 0.000000000000000000e+00
6.630000000000000000e+02 2.652053494012647228e-01 8.246472462448793950e-01 6.565771506599908658e-02 7.578516158397814728e-02 3.390987710514337811e-02 0.000000000000000000e+00
6.660000000000000000e+02 2.664053736067002465e-01 8.241920801092398330e-01 6.543013199817933334e-02 7.658170232134729749e-02 3.379608557123350149e-02 0.000000000000000000e+00
6.690000000000000000e+02 2.676053978121357702e-01 8.230541647701411501e-01 6.577150659990896320e-02 7.783340919435594030e-02 3.334091943559399501e-02 0.000000000000000000e+00
6.720000000000000000e+02 2.688054220175715159e-01 8.244196631770596140e-01 6.577150659990896320e-02 7.783340919435594030e-02 3.186162949476559203e-02 1.137915339098771066e-04
6.750000000000000000e+02 2.700054462230070396e-01 8.197542102867546587e-01 7.089212562585343880e-02 7.965407373691398007e-02 2.969959035047792587e-02 0.000000000000000000e+00
6.780000000000000000e+02 2.712054704284425632e-01 8.203231679563040002e-01 6.952662721893490549e-02 7.874374146563495325e-02 3.140646335912607862e-02 0.000000000000000000e+00
6.810000000000000000e+02 2.724054946338783090e-01 8.212335002275830131e-01 6.895766954938552240e-02 7.942649066909421296e-02 3.038233955393718558e-02 0.000000000000000000e+00
