# itime ezz other fcc hcp bcc ico
0.000000000000000000e+00 0.000000000000000000e+00 0.000000000000000000e+00 1.000000000000000000e+00 0.000000000000000000e+00 0.000000000000000000e+00 0.000000000000000000e+00
5.000000000000000000e+02 1.999983494298529507e-03 0.000000000000000000e+00 1.000000000000000000e+00 0.000000000000000000e+00 0.000000000000000000e+00 0.000000000000000000e+00
1.000000000000000000e+03 3.999966988596836970e-03 0.000000000000000000e+00 1.000000000000000000e+00 0.000000000000000000e+00 0.000000000000000000e+00 0.000000000000000000e+00
1.500000000000000000e+03 5.999950482895366477e-03 0.000000000000000000e+00 1.000000000000000000e+00 0.000000000000000000e+00 0.000000000000000000e+00 0.000000000000000000e+00
2.000000000000000000e+03 7.999933977193673940e-03 0.000000000000000000e+00 1.000000000000000000e+00 0.000000000000000000e+00 0.000000000000000000e+00 0.000000000000000000e+00
2.500000000000000000e+03 9.999917471492203447e-03 0.000000000000000000e+00 1.000000000000000000e+00 0.000000000000000000e+00 0.000000000000000000e+00 0.000000000000000000e+00
3.000000000000000000e+03 1.199990096579051091e-02 0.000000000000000000e+00 1.000000000000000000e+00 0.000000000000000000e+00 0.000000000000000000e+00 0.000000000000000000e+00
3.500000000000000000e+03 1.399988446008904042e-02 0.000000000000000000e+00 1.000000000000000000e+00 0.000000000000000000e+00 0.000000000000000000e+00 0.000000000000000000e+00
4.000000000000000000e+03 1.599986795438734788e-02 0.000000000000000000e+00 1.000000000000000000e+00 0.000000000000000000e+00 0.000000000000000000e+00 0.000000000000000000e+00
4.500000000000000000e+03 1.799985144868587739e-02 0.000000000000000000e+00 1.000000000000000000e+00 0.000000000000000000e+00 0.000000000000000000e+00 0.000000000000000000e+00
5.000000000000000000e+03 1.999983494298418485e-02 0.000000000000000000e+00 1.000000000000000000e+00 0.000000000000000000e+00 0.000000000000000000e+00 0.000000000000000000e+00
5.500000000000000000e+03 2.199981843728271436e-02 0.000000000000000000e+00 1.000000000000000000e+00 0.000000000000000000e+00 0.000000000000000000e+00 0.000000000000000000e+00
6.000000000000000000e+03 2.399980193158102182e-02 0.000000000000000000e+00 1.000000000000000000e+00 0.000000000000000000e+00 0.000000000000000000e+00 0.000000000000000000e+00
6.500000000000000000e+03 2.599978542587955133e-02 0.000000000000000000e+00 1.000000000000000000e+00 0.000000000000000000e+00 0.000000000000000000e+00 0.000000000000000000e+00
7.000000000000000000e+03 2.799976892017808083e-02 0.000000000000000000e+00 1.000000000000000000e+00 0.000000000000000000e+00 0.000000000000000000e+00 0.000000000000000000e+00
7.500000000000000000e+03 2.999975241447638830e-02 0.000000000000000000e+00 1.000000000000000000e+00 0.000000000000000000e+00 0.000000000000000000e+00 0.000000000000000000e+00
8.000000000000000000e+03 3.199973590877491780e-02 0.000000000000000000e+00 1.000000000000000000e+00 0.000000000000000000e+00 0.000000000000000000e+00 0.000000000000000000e+00
8.500000000000000000e+03 3.399971940307322527e-02 0.000000000000000000e+00 1.000000000000000000e+00 0.000000000000000000e+00 0.000000000000000000e+00 0.000000000000000000e+00
9.000000000000000000e+03 3.599970289737175477e-02 0.000000000000000000e+00 1.000000000000000000e+00 0.000000000000000000e+00 0.000000000000000000e+00 0.000000000000000000e+00
9.500000000000000000e+03 3.799968639167006224e-02 0.000000000000000000e+00 1.000000000000000000e+00 0.000000000000000000e+00 0.000000000000000000e+00 0.000000000000000000e+00
1.000000000000000000e+04 3.999966988596859174e-02 0.000000000000000000e+00 1.000000000000000000e+00 0.000000000000000000e+00 0.000000000000000000e+00 0.000000000000000000e+00
1.050000000000000000e+04 4.199965338026689921e-02 0.000000000000000000e+00 1.000000000000000000e+00 0.000000000000000000e+00 0.000000000000000000e+00 0.000000000000000000e+00
1.100000000000000000e+04 4.399963687456542871e-02 0.000000000000000000e+00 1.000000000000000000e+00 0.000000000000000000e+00 0.000000000000000000e+00 0.000000000000000000e+00
1.150000000000000000e+04 4.599962036886373618e-02 0.000000000000000000e+00 1.000000000000000000e+00 0.000000000000000000e+00 0.000000000000000000e+00 0.000000000000000000e+00
1.200000000000000000e+04 4.799960386316226568e-02 0.000000000000000000e+00 1.000000000000000000e+00 0.000000000000000000e+00 0.000000000000000000e+00 0.000000000000000000e+00
1.250000000000000000e+04 4.999958735746057314e-02 0.000000000000000000e+00 1.000000000000000000e+00 0.000000000000000000e+00 0.000000000000000000e+00 0.000000000000000000e+00
1.300000000000000000e+04 5.199957085175910265e-02 0.000000000000000000e+00 1.000000000000000000e+00 0.000000000000000000e+00 0.000000000000000000e+00 0.000000000000000000e+00
1.350000000000000000e+04 5.399955434605763216e-02 1.137915339098771066e-04 9.998862084660901095e-01 0.000000000000000000e+00 0.000000000000000000e+00 0.000000000000000000e+00
1.400000000000000000e+04 5.599953784035593962e-02 0.000000000000000000e+00 1.000000000000000000e+00 0.000000000000000000e+00 0.000000000000000000e+00 0.000000000000000000e+00
1.450000000000000000e+04 5.799952133465446913e-02 0.000000000000000000e+00 1.000000000000000000e+00 0.000000000000000000e+00 0.000000000000000000e+00 0.000000000000000000e+00
1.500000000000000000e+04 5.999950482895277659e-02 0.000000000000000000e+00 1.000000000000000000e+00 0.000000000000000000e+00 0.000000000000000000e+00 0.000000000000000000e+00
1.550000000000000000e+04 6.199948832325130610e-02 0.000000000000000000e+00 1.000000000000000000e+00 0.000000000000000000e+00 0.000000000000000000e+00 0.000000000000000000e+00
1.600000000000000000e+04 6.399947181754961356e-02 0.000000000000000000e+00 1.000000000000000000e+00 0.000000000000000000e+00 0.000000000000000000e+00 0.000000000000000000e+00
1.650000000000000000e+04 6.599945531184814307e-02 0.000000000000000000e+00 1.000000000000000000e+00 0.000000000000000000e+00 0.000000000000000000e+00 0.000000000000000000e+00
1.700000000000000000e+04 6.799943880614645053e-02 0.000000000000000000e+00 1.000000000000000000e+00 0.000000000000000000e+00 0.000000000000000000e+00 0.000000000000000000e+00
1.750000000000000000e+04 6.999942230044498004e-02 0.000000000000000000e+00 1.000000000000000000e+00 0.000000000000000000e+00 0.000000000000000000e+00 0.000000000000000000e+00
1.800000000000000000e+04 7.199940579474328750e-02 0.000000000000000000e+00 1.000000000000000000e+00 0.000000000000000000e+00 0.000000000000000000e+00 0.000000000000000000e+00
1.850000000000000000e+04 7.399938928904181701e-02 0.000000000000000000e+00 1.000000000000000000e+00 0.000000000000000000e+00 0.000000000000000000e+00 0.000000000000000000e+00
1.900000000000000000e+04 7.599937278334012447e-02 1.137915339098771066e-04 9.998862084660901095e-01 0.000000000000000000e+00 0.000000000000000000e+00 0.000000000000000000e+00
1.950000000000000000e+04 7.799935627763865398e-02 3.413746017296313199e-04 9.996586253982703285e-01 0.000000000000000000e+00 0.000000000000000000e+00 0.000000000000000000e+00
2.000000000000000000e+04 7.999933977193718349e-02 3.413746017296313199e-04 9.996586253982703285e-01 0.000000000000000000e+00 0.000000000000000000e+00 0.000000000000000000e+00
2.050000000000000000e+04 8.199932326623549095e-02 9.103322712790168532e-04 9.990896677287209870e-01 0.000000000000000000e+00 0.000000000000000000e+00 0.000000000000000000e+00
2.100000000000000000e+04 8.399930676053402046e-02 5.689576695493854790e-04 9.994310423304506585e-01 0.000000000000000000e+00 0.000000000000000000e+00 0.000000000000000000e+00
2.150000000000000000e+04 8.599929025483232792e-02 6.827492034592626399e-04 9.993172507965407680e-01 0.000000000000000000e+00 0.000000000000000000e+00 0.000000000000000000e+00
2.200000000000000000e+04 8.799927374913085742e-02 3.413746017296313199e-04 9.996586253982703285e-01 0.000000000000000000e+00 0.000000000000000000e+00 0.000000000000000000e+00
2.250000000000000000e+04 8.999925724342916489e-02 1.593081474738279385e-03 9.982931269913518646e-01 0.000000000000000000e+00 1.137915339098771066e-04 0.000000000000000000e+00
2.300000000000000000e+04 9.199924073772769439e-02 1.365498406918525280e-03 9.985207100591716456e-01 0.000000000000000000e+00 1.137915339098771066e-04 0.000000000000000000e+00
2.350000000000000000e+04 9.399922423202600186e-02 3.413746017296313308e-03 9.965862539827037292e-01 0.000000000000000000e+00 0.000000000000000000e+00 0.000000000000000000e+00
2.400000000000000000e+04 9.599920772632453136e-02 1.251706873008648227e-03 9.987482931269913156e-01 0.000000000000000000e+00 0.000000000000000000e+00 0.000000000000000000e+00
2.450000000000000000e+04 9.799919122062283883e-02 6.827492034592626399e-04 9.990896677287209870e-01 0.000000000000000000e+00 2.275830678197542133e-04 0.000000000000000000e+00
2.500000000000000000e+04 9.999917471492136833e-02 2.275830678197541916e-03 9.976103777878926326e-01 0.000000000000000000e+00 1.137915339098771066e-04 0.000000000000000000e+00
2.550000000000000000e+04 1.019991582092196758e-01 4.096495220755575623e-03 9.953345471096950448e-01 0.000000000000000000e+00 5.689576695493854790e-04 0.000000000000000000e+00
2.600000000000000000e+04 1.039991417035182053e-01 3.299954483386436255e-03 9.967000455166135087e-01 0.000000000000000000e+00 0.000000000000000000e+00 0.000000000000000000e+00
2.650000000000000000e+04 1.059991251978167348e-01 4.551661356395083832e-03 9.953345471096950448e-01 0.000000000000000000e+00 1.137915339098771066e-04 0.000000000000000000e+00
2.700000000000000000e+04 1.079991086921150423e-01 1.103777878925807886e-02 9.881656804733728316e-01 0.000000000000000000e+00 7.965407373691396923e-04 0.000000000000000000e+00
2.750000000000000000e+04 1.099990921864135718e-01 4.893035958124715423e-02 8.926945835229859183e-01 0.000000000000000000e+00 5.837505689576695522e-02 0.000000000000000000e+00
2.800000000000000000e+04 1.119990756807118792e-01 2.352071005917159841e-01 3.274920345926263243e-01 1.134501593081474746e-01 3.238507055075102170e-01 0.000000000000000000e+00
2.850000000000000000e+04 1.139990591750104088e-01 1.767182521620391522e-01 6.480427856167501055e-01 1.561219845243513871e-01 1.911697769685935522e-02 0.000000000000000000e+00
2.900000000000000000e+04 1.159990426693087162e-01 1.030951297223486607e-01 7.529585798816568198e-01 1.363222576240327721e-01 7.624032771961766417e-03 0.000000000000000000e+00
2.950000000000000000e+04 1.179990261636072457e-01 7.305416477014110843e-02 7.824305871643150168e-01 1.363222576240327721e-01 8.192990441511151245e-03 0.000000000000000000e+00
3.000000000000000000e+04 1.199990096579055532e-01 7.111970869367319203e-02 7.857305416477013971e-01 1.342740100136549930e-01 8.875739644970414427e-03 0.000000000000000000e+00
3.050000000000000000e+04 1.219989931522040827e-01 7.464724624487938109e-02 7.825443786982249073e-01 1.365498406918525254e-01 6.258534365043240920e-03 0.000000000000000000e+00
3.100000000000000000e+04 1.239989766465023902e-01 7.419208010923987462e-02 7.837960855712334807e-01 1.351843422849340060e-01 6.827492034592626616e-03 0.000000000000000000e+00
3.150000000000000000e+04 1.259989601408009197e-01 7.441966317705962786e-02 7.811788802913063323e-01 1.362084660901228816e-01 8.192990441511151245e-03 0.000000000000000000e+00
3.200000000000000000e+04 1.279989436350992271e-01 6.918525261720527564e-02 7.799271734182976479e-01 1.426945835229858905e-01 8.192990441511151245e-03 0.000000000000000000e+00
3.250000000000000000e+04 1.299989271293977566e-01 6.577150659990896320e-02 7.751479289940828021e-01 1.533909877105143482e-01 5.689576695493855224e-03 0.000000000000000000e+00
3.300000000000000000e+04 1.319989106236960641e-01 6.804733727810650945e-02 7.743513882567136797e-01 1.527082385070550885e-01 4.893035958124715423e-03 0.000000000000000000e+00
3.350000000000000000e+04 1.339988941179945936e-01 5.234410559854346667e-02 7.886891215293582169e-01 1.550978607191624836e-01 3.868912152935821518e-03 0.000000000000000000e+00
3.400000000000000000e+04 1.359988776122931231e-01 5.200273099681383682e-02 7.895994538006372299e-01 1.548702776513427304e-01 3.527537551206190360e-03 0.000000000000000000e+00
3.450000000000000000e+04 1.379988611065914306e-01 5.268548020027309653e-02 7.885753299954483264e-01 1.546426945835229771e-01 4.096495220755575623e-03 0.000000000000000000e+00
3.500000000000000000e+04 1.399988446008899601e-01 5.439235320892125969e-02 7.878925807919890945e-01 1.549840691852526209e-01 2.730996813837050560e-03 0.000000000000000000e+00
3.550000000000000000e+04 1.419988280951882675e-01 5.382339553937186966e-02 7.853891670459717256e-01 1.566909421939007840e-01 4.096495220755575623e-03 0.000000000000000000e+00
3.600000000000000000e+04 1.439988115894867970e-01 5.359581247155211642e-02 7.882339553937186549e-01 1.545289030496131144e-01 3.641329085116067413e-03 0.000000000000000000e+00
3.650000000000000000e+04 1.459987950837851045e-01 5.496131087847064278e-02 7.837960855712334807e-01 1.570323167956304000e-01 4.210286754665453109e-03 0.000000000000000000e+00
3.700000000000000000e+04 1.479987785780836340e-01 5.735093309057805872e-02 7.835685025034136997e-01 1.552116522530723741e-01 3.868912152935821518e-03 0.000000000000000000e+00
3.750000000000000000e+04 1.499987620723819415e-01 5.939918070095585173e-02 7.802685480200273194e-01 1.554392353208921274e-01 4.893035958124715423e-03 0.000000000000000000e+00
3.800000000000000000e+04 1.519987455666804710e-01 6.634046426945834629e-02 7.644515248065544277e-01 1.647701411015020379e-01 4.437869822485207214e-03 0.000000000000000000e+00
3.850000000000000000e+04 1.539987290609787784e-01 7.498862084660901095e-02 7.395311788802912956e-01 1.814974965862539702e-01 3.982703686845699004e-03 0.000000000000000000e+00
3.900000000000000000e+04 1.559987125552773080e-01 7.339553937187073829e-02 7.407828857532999800e-01 1.824078288575330109e-01 3.413746017296313308e-03 0.000000000000000000e+00
3.950000000000000000e+04 1.579986960495756154e-01 7.908511606736458310e-02 7.383932635411925016e-01 1.799044151115156975e-01 2.617205279927173507e-03 0.000000000000000000e+00
4.000000000000000000e+04 1.599986795438741449e-01 8.352298588984979899e-02 7.313381884387801790e-01 1.813837050523441075e-01 3.755120619025944465e-03 0.000000000000000000e+00
4.050000000000000000e+04 1.619986630381726744e-01 8.830223031406463086e-02 7.279244424214837972e-01 1.810423304506144637e-01 2.730996813837050560e-03 0.000000000000000000e+00
4.100000000000000000e+04 1.639986465324709819e-01 8.158852981338188259e-02 7.389622212107419541e-01 1.771734182976786587e-01 2.275830678197541916e-03 0.000000000000000000e+00
4.150000000000000000e+04 1.659986300267695114e-01 8.454710969503868856e-02 7.382794720072826111e-01 1.755803368229403860e-01 1.593081474738279385e-03 0.000000000000000000e+00
4.200000000000000000e+04 1.679986135210678189e-01 8.591260810195720798e-02 7.385070550751023921e-01 1.745562130177514826e-01 1.024123805188893906e-03 0.000000000000000000e+00
4.250000000000000000e+04 1.699985970153663484e-01 8.568502503413745475e-02 7.378243058716431602e-01 1.745562130177514826e-01 1.934456076467910759e-03 0.000000000000000000e+00
4.300000000000000000e+04 1.719985805096646558e-01 8.796085571233500100e-02 7.335002275830677654e-01 1.766044606281292617e-01 1.934456076467910759e-03 0.000000000000000000e+00
4.350000000000000000e+04 1.739985640039631853e-01 8.682294037323623481e-02 7.375967228038233792e-01 1.748975876194810986e-01 6.827492034592626399e-04 0.000000000000000000e+00
4.400000000000000000e+04 1.759985474982614928e-01 8.591260810195720798e-02 7.398725534820209671e-01 1.730769230769230727e-01 1.137915339098770958e-03 0.000000000000000000e+00
4.450000000000000000e+04 1.779985309925600223e-01 8.568502503413745475e-02 7.385070550751023921e-01 1.731907146108329631e-01 2.617205279927173507e-03 0.000000000000000000e+00
4.500000000000000000e+04 1.799985144868583298e-01 8.727810650887574129e-02 7.371415566681839282e-01 1.729631315430132099e-01 2.617205279927173507e-03 0.000000000000000000e+00
4.550000000000000000e+04 1.819984979811568593e-01 8.750568957669549452e-02 7.422621756941283344e-01 1.671597633136094607e-01 3.072371415566681717e-03 0.000000000000000000e+00
4.600000000000000000e+04 1.839984814754551667e-01 8.693673190714611143e-02 7.428311333636777869e-01 1.684114701866181174e-01 1.820664542558033706e-03 0.000000000000000000e+00
4.650000000000000000e+04 1.859984649697536963e-01 8.705052344105598805e-02 7.438552571688666903e-01 1.672735548475193512e-01 1.820664542558033706e-03 0.000000000000000000e+00
4.700000000000000000e+04 1.879984484640522258e-01 8.932635411925353430e-02 7.437414656349567998e-01 1.647701411015020379e-01 2.162039144287664864e-03 0.000000000000000000e+00
4.750000000000000000e+04 1.899984319583505332e-01 8.898497951752389057e-02 7.446517979062358128e-01 1.642011834319526686e-01 2.162039144287664864e-03 0.000000000000000000e+00
4.800000000000000000e+04 1.919984154526490627e-01 8.944014565316341092e-02 7.436276741010469093e-01 1.644287664997724219e-01 2.503413746017296455e-03 0.000000000000000000e+00
4.850000000000000000e+04 1.939983989469473702e-01 8.978152025489304078e-02 7.398725534820209671e-01 1.677287209831588577e-01 2.617205279927173507e-03 0.000000000000000000e+00
4.900000000000000000e+04 1.959983824412458997e-01 1.017296313154301274e-01 7.340691852526172179e-01 1.615839781520254925e-01 2.617205279927173507e-03 0.000000000000000000e+00
4.950000000000000000e+04 1.979983659355442072e-01 1.252844788347746985e-01 6.728493400091033472e-01 1.968593536640873831e-01 5.006827492034592909e-03 0.000000000000000000e+00
5.000000000000000000e+04 1.999983494298427367e-01 1.075329995448338627e-01 7.282658170232134687e-01 1.535047792444242110e-01 1.069640418752844727e-02 0.000000000000000000e+00
5.050000000000000000e+04 2.019983329241410441e-01 9.444697314519799602e-02 7.471552116522530707e-01 1.521392808375056915e-01 6.258534365043240920e-03 0.000000000000000000e+00
5.100000000000000000e+04 2.039983164184395736e-01 9.945380063723259501e-02 7.411242603550295405e-01 1.537323623122439642e-01 5.689576695493855224e-03 0.000000000000000000e+00
5.150000000000000000e+04 2.059982999127378811e-01 9.285389167045972336e-02 7.420345926263085534e-01 1.591943559399180697e-01 5.917159763313609329e-03 0.000000000000000000e+00
5.200000000000000000e+04 2.079982834070364106e-01 8.921256258534364381e-02 7.473827947200728516e-01 1.574874829312699065e-01 5.917159763313609329e-03 0.000000000000000000e+00
5.250000000000000000e+04 2.099982669013347181e-01 8.784706417842512438e-02 7.478379608557123026e-01 1.597633136094674666e-01 4.551661356395083832e-03 0.000000000000000000e+00
5.300000000000000000e+04 2.119982503956332476e-01 9.069185252617205373e-02 7.420345926263085534e-01 1.614701866181156020e-01 5.803368229403732710e-03 0.000000000000000000e+00
5.350000000000000000e+04 2.139982338899317771e-01 8.909877105143376719e-02 7.472690031861629611e-01 1.577150659990896597e-01 5.917159763313609329e-03 0.000000000000000000e+00
5.400000000000000000e+04 2.159982173842300845e-01 8.932635411925353430e-02 7.476103777878926326e-01 1.572598998634501533e-01 5.803368229403732710e-03 0.000000000000000000e+00
5.450000000000000000e+04 2.179982008785286141e-01 9.239872553482020301e-02 7.344105598543468894e-01 1.692080109239872676e-01 3.982703686845699004e-03 0.000000000000000000e+00
5.500000000000000000e+04 2.199981843728269215e-01 9.319526627218935322e-02 7.424897587619481154e-01 1.602184797451069731e-01 4.096495220755575623e-03 0.000000000000000000e+00
5.550000000000000000e+04 2.219981678671254510e-01 9.285389167045972336e-02 7.357760582612653533e-01 1.681838871187983642e-01 3.186162949476558769e-03 0.000000000000000000e+00
5.600000000000000000e+04 2.239981513614237585e-01 9.091943559399180697e-02 7.350933090578061213e-01 1.726217569412835662e-01 1.365498406918525280e-03 0.000000000000000000e+00
5.650000000000000000e+04 2.259981348557222880e-01 8.807464724624487762e-02 7.397587619481110766e-01 1.703459262630860338e-01 1.820664542558033706e-03 0.000000000000000000e+00
5.700000000000000000e+04 2.279981183500205955e-01 8.568502503413745475e-02 7.427173418297678964e-01 1.689804278561675144e-01 2.617205279927173507e-03 0.000000000000000000e+00
5.750000000000000000e+04 2.299981018443191250e-01 8.773327264451524776e-02 7.438552571688666903e-01 1.659080564406008318e-01 2.503413746017296455e-03 0.000000000000000000e+00
5.800000000000000000e+04 2.319980853386174324e-01 8.682294037323623481e-02 7.447655894401457033e-01 1.670459717796995980e-01 1.365498406918525280e-03 0.000000000000000000e+00
5.850000000000000000e+04 2.339980688329159619e-01 8.636777423759672834e-02 7.471552116522530707e-01 1.647701411015020379e-01 1.706873008648156654e-03 0.000000000000000000e+00
5.900000000000000000e+04 2.359980523272142694e-01 8.659535730541648157e-02 7.492034592626308775e-01 1.637460172963131622e-01 4.551661356395084266e-04 0.000000000000000000e+00
5.950000000000000000e+04 2.379980358215127989e-01 8.796085571233500100e-02 7.480655439235320836e-01 1.622667273554847522e-01 1.706873008648156654e-03 0.000000000000000000e+00
6.000000000000000000e+04 2.399980193158113284e-01 8.602639963586708460e-02 7.515930814747382449e-01 1.610150204824760956e-01 1.365498406918525280e-03 0.000000000000000000e+00
6.050000000000000000e+04 2.419980028101096359e-01 8.875739644970413733e-02 7.497724169321802190e-01 1.594219390077378229e-01 2.048247610377787811e-03 0.000000000000000000e+00
6.100000000000000000e+04 2.439979863044081654e-01 8.989531178880291740e-02 7.487482931269913156e-01 1.587391898042785632e-01 2.617205279927173507e-03 0.000000000000000000e+00
6.150000000000000000e+04 2.459979697987064728e-01 9.126081019572143682e-02 7.476103777878926326e-01 1.588529813381884259e-01 2.275830678197541916e-03 0.000000000000000000e+00
6.200000000000000000e+04 2.479979532930050024e-01 9.182976786527081992e-02 7.416932180245789930e-01 1.653390987710514348e-01 1.137915339098770958e-03 0.000000000000000000e+00
6.250000000000000000e+04 2.499979367873033098e-01 9.046426945835230049e-02 7.413518434228493215e-01 1.661356395084205850e-01 2.048247610377787811e-03 0.000000000000000000e+00
6.300000000000000000e+04 2.519979202816018393e-01 9.296768320436959998e-02 7.390760127446518446e-01 1.656804733727810786e-01 2.275830678197541916e-03 0.000000000000000000e+00
6.350000000000000000e+04 2.539979037759001468e-01 9.228493400091032639e-02 7.388484296768320636e-01 1.668183887118798447e-01 2.048247610377787811e-03 0.000000000000000000e+00
6.400000000000000000e+04 2.559978872701986763e-01 9.831588529813381494e-02 7.278106508875740177e-01 1.715976331360946627e-01 2.275830678197541916e-03 0.000000000000000000e+00
6.450000000000000000e+04 2.579978707644969838e-01 9.934000910332271839e-02 7.261037778789257713e-01 1.719390077378243065e-01 2.617205279927173507e-03 0.000000000000000000e+00
6.500000000000000000e+04 2.599978542587955133e-01 1.007055075102412378e-01 7.236003641329085134e-01 1.715976331360946627e-01 4.096495220755575623e-03 0.000000000000000000e+00
6.550000000000000000e+04 2.619978377530938207e-01 9.820209376422393832e-02 7.262175694128356618e-01 1.723941738734638129e-01 3.186162949476558769e-03 0.000000000000000000e+00
6.600000000000000000e+04 2.639978212473923502e-01 1.015020482476103741e-01 7.222348657259899385e-01 1.734182976786527164e-01 2.844788347746927612e-03 0.000000000000000000e+00
6.650000000000000000e+04 2.659978047416908797e-01 1.050295857988165632e-01 7.198452435138825711e-01 1.730769230769230727e-01 2.048247610377787811e-03 0.000000000000000000e+00
6.700000000000000000e+04 2.679977882359891872e-01 8.511606736458807165e-02 7.495448338643604380e-01 1.640873918980427781e-01 1.251706873008648227e-03 0.000000000000000000e+00
6.750000000000000000e+04 2.699977717302877167e-01 8.534365043240782489e-02 7.472690031861629611e-01 1.662494310423304478e-01 1.137915339098770958e-03 0.000000000000000000e+00
6.800000000000000000e+04 2.719977552245860242e-01 8.306781975421029252e-02 7.497724169321802190e-01 1.662494310423304478e-01 9.103322712790168532e-04 0.000000000000000000e+00
6.850000000000000000e+04 2.739977387188845537e-01 8.295402822030041590e-02 7.507965407373691225e-01 1.647701411015020379e-01 1.479289940828402332e-03 0.000000000000000000e+00
6.900000000000000000e+04 2.759977222131828611e-01 8.477469276285844180e-02 7.495448338643604380e-01 1.646563495675921751e-01 1.024123805188893906e-03 0.000000000000000000e+00
6.950000000000000000e+04 2.779977057074813906e-01 8.488848429676831842e-02 7.493172507965407680e-01 1.648839326354119283e-01 9.103322712790168532e-04 0.000000000000000000e+00
7.000000000000000000e+04 2.799976892017796981e-01 8.579881656804733137e-02 7.481793354574419741e-01 1.648839326354119283e-01 1.137915339098770958e-03 0.000000000000000000e+00
7.050000000000000000e+04 2.819976726960782276e-01 8.363677742375967561e-02 7.496586253982703285e-01 1.660218479745106945e-01 6.827492034592626399e-04 0.000000000000000000e+00
7.100000000000000000e+04 2.839976561903765351e-01 8.887118798361401395e-02 7.434000910332271284e-01 1.668183887118798447e-01 9.103322712790168532e-04 0.000000000000000000e+00
7.150000000000000000e+04 2.859976396846750646e-01 8.875739644970413733e-02 7.423759672280382249e-01 1.676149294492489672e-01 1.251706873008648227e-03 0.000000000000000000e+00
7.200000000000000000e+04 2.879976231789733720e-01 8.386436049157942885e-02 7.459035047792443862e-01 1.680700955848884737e-01 2.162039144287664864e-03 0.000000000000000000e+00
7.250000000000000000e+04 2.899976066732719016e-01 8.705052344105598805e-02 7.432862994993172379e-01 1.684114701866181174e-01 1.251706873008648227e-03 0.000000000000000000e+00
7.300000000000000000e+04 2.919975901675704311e-01 8.909877105143376719e-02 7.419208010923987739e-01 1.681838871187983642e-01 7.965407373691396923e-04 0.000000000000000000e+00
7.350000000000000000e+04 2.939975736618687385e-01 8.807464724624487762e-02 7.426035502958580059e-01 1.684114701866181174e-01 9.103322712790168532e-04 0.000000000000000000e+00
7.400000000000000000e+04 2.959975571561672680e-01 8.614019116977697510e-02 7.422621756941283344e-01 1.703459262630860338e-01 1.251706873008648227e-03 0.000000000000000000e+00
7.450000000000000000e+04 2.979975406504655755e-01 8.750568957669549452e-02 7.423759672280382249e-01 1.690942193900773771e-01 1.024123805188893906e-03 0.000000000000000000e+00
7.500000000000000000e+04 2.999975241447641050e-01 9.000910332271279402e-02 7.381656804733728316e-01 1.705735093309057870e-01 1.251706873008648227e-03 0.000000000000000000e+00
7.550000000000000000e+04 3.019975076390624125e-01 8.864360491579426071e-02 7.406690942193900895e-01 1.695493855257168836e-01 1.137915339098770958e-03 0.000000000000000000e+00
7.600000000000000000e+04 3.039974911333609420e-01 8.932635411925353430e-02 7.406690942193900895e-01 1.693218024578971304e-01 6.827492034592626399e-04 0.000000000000000000e+00
7.650000000000000000e+04 3.059974746276592494e-01 9.194355939918069653e-02 7.377105143377332697e-01 1.693218024578971304e-01 1.024123805188893906e-03 0.000000000000000000e+00
7.700000000000000000e+04 3.079974581219577789e-01 9.000910332271279402e-02 7.382794720072826111e-01 1.706873008648156498e-01 1.024123805188893906e-03 0.000000000000000000e+00
7.750000000000000000e+04 3.099974416162560864e-01 9.171597633136094330e-02 7.372553482020938187e-01 1.703459262630860338e-01 6.827492034592626399e-04 0.000000000000000000e+00
7.800000000000000000e+04 3.119974251105546159e-01 9.353664087391898307e-02 7.377105143377332697e-01 1.678425125170687204e-01 9.103322712790168532e-04 0.000000000000000000e+00
7.850000000000000000e+04 3.139974086048529234e-01 9.569868001820663883e-02 7.345243513882566688e-01 1.688666363222576239e-01 9.103322712790168532e-04 0.000000000000000000e+00
7.900000000000000000e+04 3.159973920991514529e-01 9.547109695038688559e-02 7.341829767865271084e-01 1.688666363222576239e-01 1.479289940828402332e-03 0.000000000000000000e+00
7.950000000000000000e+04 3.179973755934499824e-01 9.808830223031406170e-02 7.308830223031406170e-01 1.696631770596267741e-01 1.365498406918525280e-03 0.000000000000000000e+00
8.000000000000000000e+04 3.199973590877482899e-01 9.535730541647700897e-02 7.380518889394629412e-01 1.646563495675921751e-01 1.934456076467910759e-03 0.000000000000000000e+00
8.050000000000000000e+04 3.219973425820468194e-01 9.706417842512517213e-02 7.369139736003641472e-01 1.646563495675921751e-01 1.365498406918525280e-03 0.000000000000000000e+00
8.100000000000000000e+04 3.239973260763451268e-01 1.000227583067819781e-01 7.308830223031406170e-01 1.680700955848884737e-01 1.024123805188893906e-03 0.000000000000000000e+00
8.150000000000000000e+04 3.259973095706436563e-01 9.797451069640418508e-02 7.335002275830677654e-01 1.672735548475193512e-01 1.251706873008648227e-03 0.000000000000000000e+00
8.200000000000000000e+04 3.279972930649419638e-01 1.016158397815202508e-01 7.317933545744196300e-01 1.648839326354119283e-01 1.706873008648156654e-03 0.000000000000000000e+00
8.250000000000000000e+04 3.299972765592404933e-01 1.002503413746017313e-01 7.313381884387801790e-01 1.664770141101502010e-01 1.934456076467910759e-03 0.000000000000000000e+00
8.300000000000000000e+04 3.319972600535388008e-01 1.000227583067819781e-01 7.314519799726900695e-01 1.664770141101502010e-01 2.048247610377787811e-03 0.000000000000000000e+00
8.350000000000000000e+04 3.339972435478373303e-01 1.009330905780609910e-01 7.315657715065999600e-01 1.657942649066909413e-01 1.706873008648156654e-03 0.000000000000000000e+00
8.400000000000000000e+04 3.359972270421356377e-01 1.019572143832498806e-01 7.325898953117887524e-01 1.635184342284934089e-01 1.934456076467910759e-03 0.000000000000000000e+00
8.450000000000000000e+04 3.379972105364341672e-01 1.044606281292671801e-01 7.278106508875740177e-01 1.655666818388711881e-01 2.162039144287664864e-03 0.000000000000000000e+00
8.500000000000000000e+04 3.399971940307324747e-01 1.051433773327264398e-01 7.284934000910332497e-01 1.642011834319526686e-01 2.162039144287664864e-03 0.000000000000000000e+00
8.550000000000000000e+04 3.419971775250310042e-01 1.103777878925807920e-01 7.188211197086936677e-01 1.681838871187983642e-01 2.617205279927173507e-03 0.000000000000000000e+00
8.600000000000000000e+04 3.439971610193293117e-01 1.323395539371870766e-01 7.018661811561219821e-01 1.609012289485662328e-01 4.893035958124715423e-03 0.000000000000000000e+00
8.650000000000000000e+04 3.459971445136278412e-01 9.808830223031406170e-02 7.457897132453344957e-01 1.546426945835229771e-01 1.479289940828402332e-03 0.000000000000000000e+00
8.700000000000000000e+04 3.479971280079263707e-01 9.182976786527081992e-02 7.529585798816568198e-01 1.541875284478834707e-01 1.024123805188893906e-03 0.000000000000000000e+00
8.750000000000000000e+04 3.499971115022246781e-01 9.239872553482020301e-02 7.522758306781975879e-01 1.546426945835229771e-01 6.827492034592626399e-04 0.000000000000000000e+00
8.800000000000000000e+04 3.519970949965232077e-01 9.148839326354119006e-02 7.548930359581247362e-01 1.532771961766044577e-01 3.413746017296313199e-04 0.000000000000000000e+00
8.850000000000000000e+04 3.539970784908215151e-01 8.875739644970413733e-02 7.553482020937641872e-01 1.556668183887118806e-01 2.275830678197542133e-04 0.000000000000000000e+00
8.900000000000000000e+04 3.559970619851200446e-01 8.898497951752389057e-02 7.546654528903049552e-01 1.556668183887118806e-01 6.827492034592626399e-04 0.000000000000000000e+00
8.950000000000000000e+04 3.579970454794183521e-01 9.160218479745106668e-02 7.532999544833864913e-01 1.543013199817933612e-01 7.965407373691396923e-04 0.000000000000000000e+00
9.000000000000000000e+04 3.599970289737168816e-01 9.012289485662267063e-02 7.542102867546655043e-01 1.552116522530723741e-01 4.551661356395084266e-04 0.000000000000000000e+00
9.050000000000000000e+04 3.619970124680151891e-01 9.012289485662267063e-02 7.534137460172962708e-01 1.558944014565316338e-01 5.689576695493854790e-04 0.000000000000000000e+00
9.100000000000000000e+04 3.639969959623137186e-01 9.228493400091032639e-02 7.522758306781975879e-01 1.548702776513427304e-01 5.689576695493854790e-04 0.000000000000000000e+00
9.150000000000000000e+04 3.659969794566120260e-01 8.887118798361401395e-02 7.539827036868457233e-01 1.562357760582612776e-01 9.103322712790168532e-04 0.000000000000000000e+00
9.200000000000000000e+04 3.679969629509105555e-01 9.091943559399180697e-02 7.535275375512061613e-01 1.550978607191624836e-01 4.551661356395084266e-04 0.000000000000000000e+00
9.250000000000000000e+04 3.699969464452088630e-01 8.887118798361401395e-02 7.551206190259445172e-01 1.553254437869822369e-01 6.827492034592626399e-04 0.000000000000000000e+00
9.300000000000000000e+04 3.719969299395073925e-01 9.057806099226217711e-02 7.540964952207556138e-01 1.545289030496131144e-01 7.965407373691396923e-04 0.000000000000000000e+00
9.350000000000000000e+04 3.739969134338059220e-01 8.978152025489304078e-02 7.553482020937641872e-01 1.536185707783341015e-01 1.251706873008648227e-03 0.000000000000000000e+00
9.400000000000000000e+04 3.759968969281042295e-01 9.308147473827947660e-02 7.521620391442876974e-01 1.541875284478834707e-01 5.689576695493854790e-04 0.000000000000000000e+00
9.450000000000000000e+04 3.779968804224027590e-01 1.043468365953573035e-01 7.298588984979517136e-01 1.646563495675921751e-01 1.137915339098770958e-03 0.000000000000000000e+00
9.500000000000000000e+04 3.799968639167010664e-01 1.058261265361857134e-01 7.286071916249431402e-01 1.640873918980427781e-01 1.479289940828402332e-03 0.000000000000000000e+00
9.550000000000000000e+04 3.819968474109995960e-01 1.059399180700955900e-01 7.279244424214837972e-01 1.649977241693217911e-01 1.137915339098770958e-03 0.000000000000000000e+00
9.600000000000000000e+04 3.839968309052979034e-01 1.058261265361857134e-01 7.281520254893035782e-01 1.652253072371415443e-01 7.965407373691396923e-04 0.000000000000000000e+00
9.650000000000000000e+04 3.859968143995964329e-01 1.053709604005461931e-01 7.275830678197542367e-01 1.649977241693217911e-01 2.048247610377787811e-03 0.000000000000000000e+00
9.700000000000000000e+04 3.879967978938947404e-01 1.057123350022758368e-01 7.278106508875740177e-01 1.646563495675921751e-01 1.820664542558033706e-03 0.000000000000000000e+00
9.750000000000000000e+04 3.899967813881932699e-01 1.073054164770141095e-01 7.276968593536641272e-01 1.636322257624032717e-01 1.365498406918525280e-03 0.000000000000000000e+00
9.800000000000000000e+04 3.919967648824915774e-01 1.069640418752844796e-01 7.271279016841146747e-01 1.643149749658625314e-01 1.593081474738279385e-03 0.000000000000000000e+00
9.850000000000000000e+04 3.939967483767901069e-01 1.085571233500227523e-01 7.276968593536641272e-01 1.624943104233045055e-01 1.251706873008648227e-03 0.000000000000000000e+00
9.900000000000000000e+04 3.959967318710886364e-01 1.073054164770141095e-01 7.304278561675011661e-01 1.609012289485662328e-01 1.365498406918525280e-03 0.000000000000000000e+00
9.950000000000000000e+04 3.979967153653869438e-01 1.217569412835685094e-01 7.149522075557578349e-01 1.610150204824760956e-01 2.275830678197541916e-03 0.000000000000000000e+00
1.000000000000000000e+05 3.999966988596852513e-01 1.436049157942649035e-01 6.892353208921255803e-01 1.628356850250341492e-01 4.324078288575329727e-03 0.000000000000000000e+00
1.005000000000000000e+05 4.019966823539837808e-01 1.439462903959945472e-01 6.853664087391898585e-01 1.662494310423304478e-01 4.437869822485207214e-03 0.000000000000000000e+00
1.010000000000000000e+05 4.039966658482823103e-01 1.445152480655439164e-01 6.755803368229403860e-01 1.756941283568502488e-01 4.210286754665453109e-03 0.000000000000000000e+00
1.015000000000000000e+05 4.059966493425806178e-01 1.568047337278106468e-01 6.717114246700045532e-01 1.687528447883477334e-01 2.730996813837050560e-03 0.000000000000000000e+00
1.020000000000000000e+05 4.079966328368789252e-01 1.547564861174328676e-01 6.586253982703687004e-01 1.843422849340008995e-01 2.275830678197541916e-03 0.000000000000000000e+00
1.025000000000000000e+05 4.099966163311774547e-01 1.547564861174328676e-01 6.603322712790168358e-01 1.824078288575330109e-01 2.503413746017296455e-03 0.000000000000000000e+00
1.030000000000000000e+05 4.119965998254759842e-01 1.544151115157032239e-01 6.593081474738279324e-01 1.837733272644515303e-01 2.503413746017296455e-03 0.000000000000000000e+00
1.035000000000000000e+05 4.139965833197742917e-01 1.520254893035958010e-01 6.647701411015020101e-01 1.784251251706872876e-01 4.779244424214838804e-03 0.000000000000000000e+00
1.040000000000000000e+05 4.159965668140725992e-01 1.578288575329995502e-01 6.601046882111970548e-01 1.797906235776058348e-01 2.275830678197541916e-03 0.000000000000000000e+00
1.045000000000000000e+05 4.179965503083711287e-01 1.541875284478834707e-01 6.594219390077378229e-01 1.838871187983613931e-01 2.503413746017296455e-03 0.000000000000000000e+00
1.050000000000000000e+05 4.199965338026698802e-01 1.553254437869822369e-01 6.606736458807465073e-01 1.817250796540737234e-01 2.275830678197541916e-03 0.000000000000000000e+00
1.055000000000000000e+05 4.219965172969679656e-01 1.579426490669094130e-01 6.582840236686390289e-01 1.808147473827947105e-01 2.958579881656804664e-03 0.000000000000000000e+00
1.060000000000000000e+05 4.239965007912662731e-01 1.581702321347291662e-01 6.579426490669094685e-01 1.811561219845243542e-01 2.730996813837050560e-03 0.000000000000000000e+00
1.065000000000000000e+05 4.259964842855650247e-01 1.601046882111970826e-01 6.627218934911243142e-01 1.748975876194810986e-01 2.275830678197541916e-03 0.000000000000000000e+00
1.070000000000000000e+05 4.279964677798635542e-01 1.562357760582612776e-01 6.748975876194811541e-01 1.660218479745106945e-01 2.844788347746927612e-03 0.000000000000000000e+00
1.075000000000000000e+05 4.299964512741618616e-01 1.560081929904415243e-01 6.722803823395538947e-01 1.686390532544378706e-01 3.072371415566681717e-03 0.000000000000000000e+00
1.080000000000000000e+05 4.319964347684599471e-01 1.562357760582612776e-01 6.728493400091033472e-01 1.688666363222576239e-01 2.048247610377787811e-03 0.000000000000000000e+00
1.085000000000000000e+05 4.339964182627586986e-01 1.590805644060081792e-01 6.693218024578971859e-01 1.693218024578971304e-01 2.275830678197541916e-03 0.000000000000000000e+00
1.090000000000000000e+05 4.359964017570572281e-01 1.647701411015020379e-01 6.638598088302229971e-01 1.697769685935366368e-01 1.593081474738279385e-03 0.000000000000000000e+00
1.095000000000000000e+05 4.379963852513555356e-01 1.708010923987255403e-01 6.453117888029130667e-01 1.813837050523441075e-01 2.503413746017296455e-03 0.000000000000000000e+00
1.100000000000000000e+05 4.399963687456538430e-01 1.729631315430132099e-01 6.447428311333637252e-01 1.793354574419663283e-01 2.958579881656804664e-03 0.000000000000000000e+00
1.105000000000000000e+05 4.419963522399523725e-01 1.755803368229403860e-01 6.382567137005006330e-01 1.838871187983613931e-01 2.275830678197541916e-03 0.000000000000000000e+00
1.110000000000000000e+05 4.439963357342509020e-01 1.738734638142922229e-01 6.373463814292216201e-01 1.870732817478379661e-01 1.706873008648156654e-03 0.000000000000000000e+00
1.115000000000000000e+05 4.459963192285492095e-01 2.016385980883022289e-01 5.942193900773782289e-01 2.006144742831133254e-01 3.527537551206190360e-03 0.000000000000000000e+00
1.120000000000000000e+05 4.479963027228475170e-01 2.073281747837960876e-01 5.898953117888029452e-01 1.978834774692762866e-01 4.893035958124715423e-03 0.000000000000000000e+00
1.125000000000000000e+05 4.499962862171460465e-01 2.015248065543923661e-01 5.954710969503869133e-01 1.972007282658170269e-01 5.803368229403732710e-03 0.000000000000000000e+00
1.130000000000000000e+05 4.519962697114445760e-01 1.975421028675466428e-01 5.983158852981338427e-01 1.994765589440145592e-01 4.665452890304961318e-03 0.000000000000000000e+00
1.135000000000000000e+05 4.539962532057428835e-01 1.967455621301775204e-01 5.976331360946746107e-01 2.011834319526627224e-01 4.437869822485207214e-03 0.000000000000000000e+00
