# itime ezz other fcc hcp bcc ico
0.000000000000000000e+00 0.000000000000000000e+00 0.000000000000000000e+00 1.000000000000000000e+00 0.000000000000000000e+00 0.000000000000000000e+00 0.000000000000000000e+00
2.500000000000000000e+02 1.000056146418293324e-03 0.000000000000000000e+00 1.000000000000000000e+00 0.000000000000000000e+00 0.000000000000000000e+00 0.000000000000000000e+00
5.000000000000000000e+02 2.000112292836586647e-03 0.000000000000000000e+00 1.000000000000000000e+00 0.000000000000000000e+00 0.000000000000000000e+00 0.000000000000000000e+00
7.500000000000000000e+02 3.000168439254879971e-03 0.000000000000000000e+00 1.000000000000000000e+00 0.000000000000000000e+00 0.000000000000000000e+00 0.000000000000000000e+00
1.000000000000000000e+03 4.000224585673173294e-03 0.000000000000000000e+00 1.000000000000000000e+00 0.000000000000000000e+00 0.000000000000000000e+00 0.000000000000000000e+00
1.250000000000000000e+03 5.000280732091466618e-03 0.000000000000000000e+00 1.000000000000000000e+00 0.000000000000000000e+00 0.000000000000000000e+00 0.000000000000000000e+00
1.500000000000000000e+03 6.000336878509759941e-03 0.000000000000000000e+00 1.000000000000000000e+00 0.000000000000000000e+00 0.000000000000000000e+00 0.000000000000000000e+00
1.750000000000000000e+03 7.000393024928053265e-03 0.000000000000000000e+00 1.000000000000000000e+00 0.000000000000000000e+00 0.000000000000000000e+00 0.000000000000000000e+00
2.000000000000000000e+03 8.000449171346346589e-03 0.000000000000000000e+00 1.000000000000000000e+00 0.000000000000000000e+00 0.000000000000000000e+00 0.000000000000000000e+00
2.250000000000000000e+03 9.000505317764639912e-03 0.000000000000000000e+00 1.000000000000000000e+00 0.000000000000000000e+00 0.000000000000000000e+00 0.000000000000000000e+00
2.500000000000000000e+03 1.000056146418293324e-02 0.000000000000000000e+00 1.000000000000000000e+00 0.000000000000000000e+00 0.000000000000000000e+00 0.000000000000000000e+00
2.750000000000000000e+03 1.100061761060122656e-02 0.000000000000000000e+00 1.000000000000000000e+00 0.000000000000000000e+00 0.000000000000000000e+00 0.000000000000000000e+00
3.000000000000000000e+03 1.200067375701951988e-02 0.000000000000000000e+00 1.000000000000000000e+00 0.000000000000000000e+00 0.000000000000000000e+00 0.000000000000000000e+00
3.250000000000000000e+03 1.300072990343781321e-02 0.000000000000000000e+00 1.000000000000000000e+00 0.000000000000000000e+00 0.000000000000000000e+00 0.000000000000000000e+00
3.500000000000000000e+03 1.400078604985610653e-02 0.000000000000000000e+00 1.000000000000000000e+00 0.000000000000000000e+00 0.000000000000000000e+00 0.000000000000000000e+00
3.750000000000000000e+03 1.500084219627439985e-02 0.000000000000000000e+00 1.000000000000000000e+00 0.000000000000000000e+00 0.000000000000000000e+00 0.000000000000000000e+00
4.000000000000000000e+03 1.600089834269269318e-02 0.000000000000000000e+00 1.000000000000000000e+00 0.000000000000000000e+00 0.000000000000000000e+00 0.000000000000000000e+00
4.250000000000000000e+03 1.700095448911098650e-02 0.000000000000000000e+00 1.000000000000000000e+00 0.000000000000000000e+00 0.000000000000000000e+00 0.000000000000000000e+00
4.500000000000000000e+03 1.800101063552927982e-02 0.000000000000000000e+00 1.000000000000000000e+00 0.000000000000000000e+00 0.000000000000000000e+00 0.000000000000000000e+00
4.750000000000000000e+03 1.900106678194757315e-02 0.000000000000000000e+00 1.000000000000000000e+00 0.000000000000000000e+00 0.000000000000000000e+00 0.000000000000000000e+00
5.000000000000000000e+03 2.000112292836586647e-02 0.000000000000000000e+00 1.000000000000000000e+00 0.000000000000000000e+00 0.000000000000000000e+00 0.000000000000000000e+00
5.250000000000000000e+03 2.100117907478415979e-02 0.000000000000000000e+00 1.000000000000000000e+00 0.000000000000000000e+00 0.000000000000000000e+00 0.000000000000000000e+00
5.500000000000000000e+03 2.200123522120245312e-02 0.000000000000000000e+00 1.000000000000000000e+00 0.000000000000000000e+00 0.000000000000000000e+00 0.000000000000000000e+00
5.750000000000000000e+03 2.300129136762074644e-02 0.000000000000000000e+00 1.000000000000000000e+00 0.000000000000000000e+00 0.000000000000000000e+00 0.000000000000000000e+00
6.000000000000000000e+03 2.400134751403903977e-02 0.000000000000000000e+00 1.000000000000000000e+00 0.000000000000000000e+00 0.000000000000000000e+00 0.000000000000000000e+00
6.250000000000000000e+03 2.500140366045733309e-02 0.000000000000000000e+00 1.000000000000000000e+00 0.000000000000000000e+00 0.000000000000000000e+00 0.000000000000000000e+00
6.500000000000000000e+03 2.600145980687562641e-02 0.000000000000000000e+00 1.000000000000000000e+00 0.000000000000000000e+00 0.000000000000000000e+00 0.000000000000000000e+00
6.750000000000000000e+03 2.700151595329391974e-02 0.000000000000000000e+00 1.000000000000000000e+00 0.000000000000000000e+00 0.000000000000000000e+00 0.000000000000000000e+00
7.000000000000000000e+03 2.800157209971221306e-02 0.000000000000000000e+00 1.000000000000000000e+00 0.000000000000000000e+00 0.000000000000000000e+00 0.000000000000000000e+00
7.250000000000000000e+03 2.900162824613050638e-02 0.000000000000000000e+00 1.000000000000000000e+00 0.000000000000000000e+00 0.000000000000000000e+00 0.000000000000000000e+00
7.500000000000000000e+03 3.000168439254879971e-02 0.000000000000000000e+00 1.000000000000000000e+00 0.000000000000000000e+00 0.000000000000000000e+00 0.000000000000000000e+00
7.750000000000000000e+03 3.100174053896709303e-02 0.000000000000000000e+00 1.000000000000000000e+00 0.000000000000000000e+00 0.000000000000000000e+00 0.000000000000000000e+00
8.000000000000000000e+03 3.200179668538538635e-02 0.000000000000000000e+00 1.000000000000000000e+00 0.000000000000000000e+00 0.000000000000000000e+00 0.000000000000000000e+00
8.250000000000000000e+03 3.300185283180367968e-02 0.000000000000000000e+00 1.000000000000000000e+00 0.000000000000000000e+00 0.000000000000000000e+00 0.000000000000000000e+00
8.500000000000000000e+03 3.400190897822197300e-02 0.000000000000000000e+00 1.000000000000000000e+00 0.000000000000000000e+00 0.000000000000000000e+00 0.000000000000000000e+00
8.750000000000000000e+03 3.500196512464026632e-02 0.000000000000000000e+00 1.000000000000000000e+00 0.000000000000000000e+00 0.000000000000000000e+00 0.000000000000000000e+00
9.000000000000000000e+03 3.600202127105855965e-02 0.000000000000000000e+00 1.000000000000000000e+00 0.000000000000000000e+00 0.000000000000000000e+00 0.000000000000000000e+00
9.250000000000000000e+03 3.700207741747685297e-02 0.000000000000000000e+00 1.000000000000000000e+00 0.000000000000000000e+00 0.000000000000000000e+00 0.000000000000000000e+00
9.500000000000000000e+03 3.800213356389514630e-02 0.000000000000000000e+00 1.000000000000000000e+00 0.000000000000000000e+00 0.000000000000000000e+00 0.000000000000000000e+00
9.750000000000000000e+03 3.900218971031343962e-02 0.000000000000000000e+00 1.000000000000000000e+00 0.000000000000000000e+00 0.000000000000000000e+00 0.000000000000000000e+00
1.000000000000000000e+04 4.000224585673173294e-02 0.000000000000000000e+00 1.000000000000000000e+00 0.000000000000000000e+00 0.000000000000000000e+00 0.000000000000000000e+00
1.025000000000000000e+04 4.100230200315002627e-02 0.000000000000000000e+00 1.000000000000000000e+00 0.000000000000000000e+00 0.000000000000000000e+00 0.000000000000000000e+00
1.050000000000000000e+04 4.200235814956831959e-02 0.000000000000000000e+00 1.000000000000000000e+00 0.000000000000000000e+00 0.000000000000000000e+00 0.000000000000000000e+00
1.075000000000000000e+04 4.300241429598661291e-02 0.000000000000000000e+00 1.000000000000000000e+00 0.000000000000000000e+00 0.000000000000000000e+00 0.000000000000000000e+00
1.100000000000000000e+04 4.400247044240490624e-02 0.000000000000000000e+00 1.000000000000000000e+00 0.000000000000000000e+00 0.000000000000000000e+00 0.000000000000000000e+00
1.125000000000000000e+04 4.500252658882319956e-02 0.000000000000000000e+00 1.000000000000000000e+00 0.000000000000000000e+00 0.000000000000000000e+00 0.000000000000000000e+00
1.150000000000000000e+04 4.600258273524149288e-02 0.000000000000000000e+00 1.000000000000000000e+00 0.000000000000000000e+00 0.000000000000000000e+00 0.000000000000000000e+00
1.175000000000000000e+04 4.700263888165978621e-02 0.000000000000000000e+00 1.000000000000000000e+00 0.000000000000000000e+00 0.000000000000000000e+00 0.000000000000000000e+00
1.200000000000000000e+04 4.800269502807807953e-02 0.000000000000000000e+00 1.000000000000000000e+00 0.000000000000000000e+00 0.000000000000000000e+00 0.000000000000000000e+00
1.225000000000000000e+04 4.900275117449637285e-02 0.000000000000000000e+00 1.000000000000000000e+00 0.000000000000000000e+00 0.000000000000000000e+00 0.000000000000000000e+00
1.250000000000000000e+04 5.000280732091444413e-02 0.000000000000000000e+00 1.000000000000000000e+00 0.000000000000000000e+00 0.000000000000000000e+00 0.000000000000000000e+00
1.275000000000000000e+04 5.100286346733273746e-02 0.000000000000000000e+00 1.000000000000000000e+00 0.000000000000000000e+00 0.000000000000000000e+00 0.000000000000000000e+00
1.300000000000000000e+04 5.200291961375103078e-02 1.137915339098771066e-04 9.998862084660901095e-01 0.000000000000000000e+00 0.000000000000000000e+00 0.000000000000000000e+00
1.325000000000000000e+04 5.300297576016932410e-02 0.000000000000000000e+00 1.000000000000000000e+00 0.000000000000000000e+00 0.000000000000000000e+00 0.000000000000000000e+00
1.350000000000000000e+04 5.400303190658761743e-02 0.000000000000000000e+00 1.000000000000000000e+00 0.000000000000000000e+00 0.000000000000000000e+00 0.000000000000000000e+00
1.375000000000000000e+04 5.500308805300591075e-02 0.000000000000000000e+00 1.000000000000000000e+00 0.000000000000000000e+00 0.000000000000000000e+00 0.000000000000000000e+00
1.400000000000000000e+04 5.600314419942420407e-02 0.000000000000000000e+00 1.000000000000000000e+00 0.000000000000000000e+00 0.000000000000000000e+00 0.000000000000000000e+00
1.425000000000000000e+04 5.700320034584249740e-02 0.000000000000000000e+00 1.000000000000000000e+00 0.000000000000000000e+00 0.000000000000000000e+00 0.000000000000000000e+00
1.450000000000000000e+04 5.800325649226079072e-02 0.000000000000000000e+00 1.000000000000000000e+00 0.000000000000000000e+00 0.000000000000000000e+00 0.000000000000000000e+00
1.475000000000000000e+04 5.900331263867908405e-02 0.000000000000000000e+00 1.000000000000000000e+00 0.000000000000000000e+00 0.000000000000000000e+00 0.000000000000000000e+00
1.500000000000000000e+04 6.000336878509737737e-02 1.137915339098771066e-04 9.998862084660901095e-01 0.000000000000000000e+00 0.000000000000000000e+00 0.000000000000000000e+00
1.525000000000000000e+04 6.100342493151567069e-02 0.000000000000000000e+00 1.000000000000000000e+00 0.000000000000000000e+00 0.000000000000000000e+00 0.000000000000000000e+00
1.550000000000000000e+04 6.200348107793396402e-02 0.000000000000000000e+00 1.000000000000000000e+00 0.000000000000000000e+00 0.000000000000000000e+00 0.000000000000000000e+00
1.575000000000000000e+04 6.300353722435225734e-02 0.000000000000000000e+00 1.000000000000000000e+00 0.000000000000000000e+00 0.000000000000000000e+00 0.000000000000000000e+00
1.600000000000000000e+04 6.400359337077055066e-02 0.000000000000000000e+00 1.000000000000000000e+00 0.000000000000000000e+00 0.000000000000000000e+00 0.000000000000000000e+00
1.625000000000000000e+04 6.500364951718884399e-02 0.000000000000000000e+00 1.000000000000000000e+00 0.000000000000000000e+00 0.000000000000000000e+00 0.000000000000000000e+00
1.650000000000000000e+04 6.600370566360713731e-02 0.000000000000000000e+00 1.000000000000000000e+00 0.000000000000000000e+00 0.000000000000000000e+00 0.000000000000000000e+00
1.675000000000000000e+04 6.700376181002543063e-02 0.000000000000000000e+00 1.000000000000000000e+00 0.000000000000000000e+00 0.000000000000000000e+00 0.000000000000000000e+00
1.700000000000000000e+04 6.800381795644372396e-02 4.551661356395084266e-04 9.995448338643604380e-01 0.000000000000000000e+00 0.000000000000000000e+00 0.000000000000000000e+00
1.725000000000000000e+04 6.900387410286201728e-02 1.251706873008648227e-03 9.987482931269913156e-01 0.000000000000000000e+00 0.000000000000000000e+00 0.000000000000000000e+00
1.750000000000000000e+04 7.000393024928031060e-02 7.965407373691396923e-04 9.992034592626308775e-01 0.000000000000000000e+00 0.000000000000000000e+00 0.000000000000000000e+00
1.775000000000000000e+04 7.100398639569860393e-02 0.000000000000000000e+00 1.000000000000000000e+00 0.000000000000000000e+00 0.000000000000000000e+00 0.000000000000000000e+00
1.800000000000000000e+04 7.200404254211689725e-02 0.000000000000000000e+00 1.000000000000000000e+00 0.000000000000000000e+00 0.000000000000000000e+00 0.000000000000000000e+00
1.825000000000000000e+04 7.300409868853519058e-02 6.827492034592626399e-04 9.992034592626308775e-01 0.000000000000000000e+00 1.137915339098771066e-04 0.000000000000000000e+00
1.850000000000000000e+04 7.400415483495348390e-02 1.137915339098771066e-04 9.998862084660901095e-01 0.000000000000000000e+00 0.000000000000000000e+00 0.000000000000000000e+00
1.875000000000000000e+04 7.500421098137177722e-02 0.000000000000000000e+00 1.000000000000000000e+00 0.000000000000000000e+00 0.000000000000000000e+00 0.000000000000000000e+00
1.900000000000000000e+04 7.600426712779007055e-02 0.000000000000000000e+00 1.000000000000000000e+00 0.000000000000000000e+00 0.000000000000000000e+00 0.000000000000000000e+00
1.925000000000000000e+04 7.700432327420836387e-02 1.137915339098771066e-04 9.998862084660901095e-01 0.000000000000000000e+00 0.000000000000000000e+00 0.000000000000000000e+00
1.950000000000000000e+04 7.800437942062665719e-02 2.275830678197542133e-04 9.997724169321802190e-01 0.000000000000000000e+00 0.000000000000000000e+00 0.000000000000000000e+00
1.975000000000000000e+04 7.900443556704495052e-02 7.965407373691396923e-04 9.990896677287209870e-01 0.000000000000000000e+00 1.137915339098771066e-04 0.000000000000000000e+00
2.000000000000000000e+04 8.000449171346324384e-02 0.000000000000000000e+00 1.000000000000000000e+00 0.000000000000000000e+00 0.000000000000000000e+00 0.000000000000000000e+00
2.025000000000000000e+04 8.100454785988153716e-02 1.137915339098771066e-04 9.998862084660901095e-01 0.000000000000000000e+00 0.000000000000000000e+00 0.000000000000000000e+00
2.050000000000000000e+04 8.200460400629983049e-02 0.000000000000000000e+00 1.000000000000000000e+00 0.000000000000000000e+00 0.000000000000000000e+00 0.000000000000000000e+00
2.075000000000000000e+04 8.300466015271812381e-02 1.706873008648156654e-03 9.981793354574419741e-01 0.000000000000000000e+00 1.137915339098771066e-04 0.000000000000000000e+00
2.100000000000000000e+04 8.400471629913641713e-02 3.413746017296313199e-04 9.996586253982703285e-01 0.000000000000000000e+00 0.000000000000000000e+00 0.000000000000000000e+00
2.125000000000000000e+04 8.500477244555471046e-02 3.413746017296313199e-04 9.996586253982703285e-01 0.000000000000000000e+00 0.000000000000000000e+00 0.000000000000000000e+00
2.150000000000000000e+04 8.600482859197300378e-02 0.000000000000000000e+00 1.000000000000000000e+00 0.000000000000000000e+00 0.000000000000000000e+00 0.000000000000000000e+00
2.175000000000000000e+04 8.700488473839129711e-02 3.413746017296313199e-04 9.996586253982703285e-01 0.000000000000000000e+00 0.000000000000000000e+00 0.000000000000000000e+00
2.200000000000000000e+04 8.800494088480959043e-02 2.275830678197542133e-04 9.997724169321802190e-01 0.000000000000000000e+00 0.000000000000000000e+00 0.000000000000000000e+00
2.225000000000000000e+04 8.900499703122788375e-02 5.689576695493854790e-04 9.993172507965407680e-01 0.000000000000000000e+00 1.137915339098771066e-04 0.000000000000000000e+00
2.250000000000000000e+04 9.000505317764617708e-02 1.137915339098770958e-03 9.988620846609012061e-01 0.000000000000000000e+00 0.000000000000000000e+00 0.000000000000000000e+00
2.275000000000000000e+04 9.100510932406447040e-02 3.413746017296313199e-04 9.996586253982703285e-01 0.000000000000000000e+00 0.000000000000000000e+00 0.000000000000000000e+00
2.300000000000000000e+04 9.200516547048276372e-02 5.689576695493854790e-04 9.994310423304506585e-01 0.000000000000000000e+00 0.000000000000000000e+00 0.000000000000000000e+00
2.325000000000000000e+04 9.300522161690105705e-02 1.365498406918525280e-03 9.986345015930814251e-01 0.000000000000000000e+00 0.000000000000000000e+00 0.000000000000000000e+00
2.350000000000000000e+04 9.400527776331935037e-02 1.706873008648156654e-03 9.982931269913518646e-01 0.000000000000000000e+00 0.000000000000000000e+00 0.000000000000000000e+00
2.375000000000000000e+04 9.500533390973764369e-02 1.365498406918525280e-03 9.986345015930814251e-01 0.000000000000000000e+00 0.000000000000000000e+00 0.000000000000000000e+00
2.400000000000000000e+04 9.600539005615593702e-02 1.365498406918525280e-03 9.986345015930814251e-01 0.000000000000000000e+00 0.000000000000000000e+00 0.000000000000000000e+00
2.425000000000000000e+04 9.700544620257423034e-02 3.641329085116067413e-03 9.962448793809740577e-01 0.000000000000000000e+00 1.137915339098771066e-04 0.000000000000000000e+00
2.450000000000000000e+04 9.800550234899252366e-02 2.617205279927173507e-03 9.970414201183431802e-01 0.000000000000000000e+00 3.413746017296313199e-04 0.000000000000000000e+00
2.475000000000000000e+04 9.900555849541081699e-02 2.958579881656804664e-03 9.968138370505233992e-01 0.000000000000000000e+00 2.275830678197542133e-04 0.000000000000000000e+00
2.500000000000000000e+04 1.000056146418291103e-01 3.982703686845699004e-03 9.957897132453344957e-01 0.000000000000000000e+00 2.275830678197542133e-04 0.000000000000000000e+00
2.525000000000000000e+04 1.010056707882474036e-01 2.844788347746927612e-03 9.969276285844332897e-01 0.000000000000000000e+00 2.275830678197542133e-04 0.000000000000000000e+00
2.550000000000000000e+04 1.020057269346656970e-01 4.779244424214838804e-03 9.952207555757851543e-01 0.000000000000000000e+00 0.000000000000000000e+00 0.000000000000000000e+00
2.575000000000000000e+04 1.030057830810839903e-01 2.730996813837050560e-03 9.970414201183431802e-01 0.000000000000000000e+00 2.275830678197542133e-04 0.000000000000000000e+00
2.600000000000000000e+04 1.040058392275022836e-01 3.527537551206190360e-03 9.959035047792443862e-01 0.000000000000000000e+00 5.689576695493854790e-04 0.000000000000000000e+00
2.625000000000000000e+04 1.050058953739205769e-01 5.461993627674101119e-03 9.943104233045061413e-01 0.000000000000000000e+00 2.275830678197542133e-04 0.000000000000000000e+00
2.650000000000000000e+04 1.060059515203388703e-01 6.258534365043240920e-03 9.937414656349567998e-01 0.000000000000000000e+00 0.000000000000000000e+00 0.000000000000000000e+00
2.675000000000000000e+04 1.070060076667571636e-01 4.893035958124715423e-03 9.948793809740554828e-01 0.000000000000000000e+00 2.275830678197542133e-04 0.000000000000000000e+00
2.700000000000000000e+04 1.080060638131754569e-01 9.103322712790167665e-03 9.903277196176604180e-01 0.000000000000000000e+00 5.689576695493854790e-04 0.000000000000000000e+00
2.725000000000000000e+04 1.090061199595937502e-01 1.649977241693217911e-02 9.809968138370505075e-01 0.000000000000000000e+00 2.503413746017296455e-03 0.000000000000000000e+00
2.750000000000000000e+04 1.100061761060120435e-01 2.423759672280382388e-02 9.704142011834319126e-01 0.000000000000000000e+00 5.348202093764223633e-03 0.000000000000000000e+00
2.775000000000000000e+04 1.110062322524303369e-01 1.260810195721438209e-01 5.357305416477013971e-01 0.000000000000000000e+00 3.381884387801547542e-01 0.000000000000000000e+00
2.800000000000000000e+04 1.120062883988486302e-01 1.478152025489303523e-01 3.326126536185707860e-01 0.000000000000000000e+00 5.195721438324988339e-01 0.000000000000000000e+00
2.825000000000000000e+04 1.130063445452669235e-01 2.154073736913973691e-01 3.800637232589895165e-01 5.678197542102867562e-02 3.477469276285844457e-01 0.000000000000000000e+00
2.850000000000000000e+04 1.140064006916852168e-01 2.389622212107419263e-01 5.133136094674556338e-01 2.122212107419207960e-01 3.550295857988165771e-02 0.000000000000000000e+00
2.875000000000000000e+04 1.150064568381035102e-01 1.939007737824305910e-01 5.802230314064633632e-01 2.105143377332726329e-01 1.536185707783340945e-02 0.000000000000000000e+00
2.900000000000000000e+04 1.160065129845218035e-01 1.116294947655894348e-01 6.983386436049158208e-01 1.776285844333181652e-01 1.240327719617660522e-02 0.000000000000000000e+00
2.925000000000000000e+04 1.170065691309400968e-01 8.181611288120163583e-02 7.300864815657714946e-01 1.788802913063268218e-01 9.217114246700046018e-03 0.000000000000000000e+00
2.950000000000000000e+04 1.180066252773583901e-01 7.624032771961765376e-02 7.360036413290851343e-01 1.776285844333181652e-01 1.012744651797906244e-02 0.000000000000000000e+00
2.975000000000000000e+04 1.190066814237766835e-01 7.464724624487938109e-02 7.404415111515703085e-01 1.767182521620391522e-01 8.192990441511151245e-03 0.000000000000000000e+00
3.000000000000000000e+04 1.200067375701949768e-01 7.032316795630405570e-02 7.462448793809740577e-01 1.743286299499317293e-01 9.103322712790167665e-03 0.000000000000000000e+00
3.025000000000000000e+04 1.210067937166132701e-01 7.248520710059171146e-02 7.496586253982703285e-01 1.695493855257168836e-01 8.306781975421027864e-03 0.000000000000000000e+00
3.050000000000000000e+04 1.220068498630315634e-01 7.032316795630405570e-02 7.514792899408283544e-01 1.704597177969958965e-01 7.737824305871643035e-03 0.000000000000000000e+00
3.075000000000000000e+04 1.230069060094498568e-01 7.225762403277195822e-02 7.497724169321802190e-01 1.697769685935366368e-01 8.192990441511151245e-03 0.000000000000000000e+00
3.100000000000000000e+04 1.240069621558681501e-01 6.873008648156576916e-02 7.518206645425580259e-01 1.715976331360946627e-01 7.851615839781519654e-03 0.000000000000000000e+00
3.125000000000000000e+04 1.250070183022864434e-01 6.952662721893490549e-02 7.578516158397815561e-01 1.668183887118798447e-01 5.803368229403732710e-03 0.000000000000000000e+00
3.150000000000000000e+04 1.260070744487047367e-01 6.770596267637687959e-02 7.644515248065544277e-01 1.630632680928539024e-01 4.779244424214838804e-03 0.000000000000000000e+00
3.175000000000000000e+04 1.270071305951230300e-01 5.905780609922621494e-02 7.696859353664087244e-01 1.654528903049612976e-01 5.803368229403732710e-03 0.000000000000000000e+00
3.200000000000000000e+04 1.280071867415413234e-01 5.791989076012744875e-02 7.701411015020482864e-01 1.660218479745106945e-01 5.917159763313609329e-03 0.000000000000000000e+00
3.225000000000000000e+04 1.290072428879596167e-01 6.042330450614474130e-02 7.693445607646790529e-01 1.645425580336822846e-01 5.689576695493855224e-03 0.000000000000000000e+00
3.250000000000000000e+04 1.300072990343779100e-01 5.587164314974965573e-02 7.767410104688211581e-01 1.630632680928539024e-01 4.324078288575329727e-03 0.000000000000000000e+00
3.275000000000000000e+04 1.310073551807962033e-01 5.996813837050523482e-02 7.729858898497952158e-01 1.611288120163859861e-01 5.917159763313609329e-03 0.000000000000000000e+00
3.300000000000000000e+04 1.320074113272144967e-01 5.905780609922621494e-02 7.743513882567136797e-01 1.627218934911242587e-01 3.868912152935821518e-03 0.000000000000000000e+00
3.325000000000000000e+04 1.330074674736327900e-01 5.757851615839781195e-02 7.740100136549841192e-01 1.646563495675921751e-01 3.755120619025944465e-03 0.000000000000000000e+00
3.350000000000000000e+04 1.340075236200510833e-01 5.837505689576695522e-02 7.759444697314519246e-01 1.618115612198452458e-01 3.868912152935821518e-03 0.000000000000000000e+00
3.375000000000000000e+04 1.350075797664693766e-01 5.803368229403732537e-02 7.743513882567136797e-01 1.630632680928539024e-01 4.551661356395083832e-03 0.000000000000000000e+00
3.400000000000000000e+04 1.360076359128876700e-01 5.553026854802002588e-02 7.761720527992717056e-01 1.636322257624032717e-01 4.665452890304961318e-03 0.000000000000000000e+00
3.425000000000000000e+04 1.370076920593059633e-01 6.087847064178425471e-02 7.759444697314519246e-01 1.593081474738279601e-01 3.868912152935821518e-03 0.000000000000000000e+00
3.450000000000000000e+04 1.380077482057242566e-01 5.587164314974965573e-02 7.779927173418297315e-01 1.616977696859353553e-01 4.437869822485207214e-03 0.000000000000000000e+00
3.475000000000000000e+04 1.390078043521425499e-01 5.484751934456076616e-02 7.774237596722803900e-01 1.628356850250341492e-01 4.893035958124715423e-03 0.000000000000000000e+00
3.500000000000000000e+04 1.400078604985608433e-01 5.814747382794720199e-02 7.782203004096495125e-01 1.601046882111970826e-01 3.527537551206190360e-03 0.000000000000000000e+00
3.525000000000000000e+04 1.410079166449791366e-01 5.769230769230769551e-02 7.795857988165680874e-01 1.593081474738279601e-01 3.413746017296313308e-03 0.000000000000000000e+00
3.550000000000000000e+04 1.420079727913974299e-01 5.883022303140646170e-02 7.782203004096495125e-01 1.604460628129267263e-01 2.503413746017296455e-03 0.000000000000000000e+00
3.575000000000000000e+04 1.430080289378157232e-01 5.860263996358670846e-02 7.779927173418297315e-01 1.596495220755575761e-01 3.755120619025944465e-03 0.000000000000000000e+00
3.600000000000000000e+04 1.440080850842340165e-01 6.099226217569413133e-02 7.767410104688211581e-01 1.602184797451069731e-01 2.048247610377787811e-03 0.000000000000000000e+00
3.625000000000000000e+04 1.450081412306523099e-01 5.951297223486572835e-02 7.792444242148384159e-01 1.595357305416477134e-01 1.706873008648156654e-03 0.000000000000000000e+00
3.650000000000000000e+04 1.460081973770706032e-01 5.814747382794720199e-02 7.790168411470186349e-01 1.605598543468365891e-01 2.275830678197541916e-03 0.000000000000000000e+00
3.675000000000000000e+04 1.470082535234888965e-01 5.769230769230769551e-02 7.817478379608556738e-01 1.585116067364588099e-01 2.048247610377787811e-03 0.000000000000000000e+00
3.700000000000000000e+04 1.480083096699071898e-01 5.848884842967683184e-02 7.800409649522075384e-01 1.598771051433773294e-01 1.593081474738279385e-03 0.000000000000000000e+00
3.725000000000000000e+04 1.490083658163252611e-01 5.780609922621757213e-02 7.796995903504779779e-01 1.606736458807464796e-01 1.820664542558033706e-03 0.000000000000000000e+00
3.750000000000000000e+04 1.500084219627435544e-01 5.928538916704597511e-02 7.792444242148384159e-01 1.589667728720983164e-01 2.503413746017296455e-03 0.000000000000000000e+00
3.775000000000000000e+04 1.510084781091618478e-01 5.735093309057805872e-02 7.819754210286754548e-01 1.578288575329995502e-01 2.844788347746927612e-03 0.000000000000000000e+00
3.800000000000000000e+04 1.520085342555801411e-01 5.951297223486572835e-02 7.819754210286754548e-01 1.566909421939007840e-01 1.820664542558033706e-03 0.000000000000000000e+00
3.825000000000000000e+04 1.530085904019984344e-01 5.769230769230769551e-02 7.815202548930360038e-01 1.595357305416477134e-01 1.251706873008648227e-03 0.000000000000000000e+00
3.850000000000000000e+04 1.540086465484167277e-01 5.985434683659535821e-02 7.798133818843877574e-01 1.587391898042785632e-01 1.593081474738279385e-03 0.000000000000000000e+00
3.875000000000000000e+04 1.550087026948350211e-01 5.803368229403732537e-02 7.803823395539372099e-01 1.598771051433773294e-01 1.706873008648156654e-03 0.000000000000000000e+00
3.900000000000000000e+04 1.560087588412533144e-01 5.723714155666818210e-02 7.833409194355940297e-01 1.580564406008193035e-01 1.365498406918525280e-03 0.000000000000000000e+00
3.925000000000000000e+04 1.570088149876716077e-01 6.042330450614474130e-02 7.825443786982249073e-01 1.553254437869822369e-01 1.706873008648156654e-03 0.000000000000000000e+00
3.950000000000000000e+04 1.580088711340899010e-01 5.905780609922621494e-02 7.811788802913063323e-01 1.582840236686390567e-01 1.479289940828402332e-03 0.000000000000000000e+00
3.975000000000000000e+04 1.590089272805081944e-01 5.575785161583977911e-02 7.848202093764223841e-01 1.574874829312699065e-01 1.934456076467910759e-03 0.000000000000000000e+00
4.000000000000000000e+04 1.600089834269264877e-01 5.985434683659535821e-02 7.826581702321346867e-01 1.552116522530723741e-01 2.275830678197541916e-03 0.000000000000000000e+00
4.025000000000000000e+04 1.610090395733447810e-01 5.871643149749658508e-02 7.842512517068730427e-01 1.546426945835229771e-01 2.389622212107419402e-03 0.000000000000000000e+00
4.050000000000000000e+04 1.620090957197630743e-01 5.962676376877560497e-02 7.844788347746927126e-01 1.535047792444242110e-01 2.389622212107419402e-03 0.000000000000000000e+00
4.075000000000000000e+04 1.630091518661813677e-01 6.008192990441511144e-02 7.829995448338643582e-01 1.553254437869822369e-01 1.593081474738279385e-03 0.000000000000000000e+00
4.100000000000000000e+04 1.640092080125996610e-01 6.451979972690032039e-02 7.793582157487483064e-01 1.540737369139736079e-01 2.048247610377787811e-03 0.000000000000000000e+00
4.125000000000000000e+04 1.650092641590179543e-01 6.167501137915339104e-02 7.816340464269457833e-01 1.538461538461538547e-01 2.844788347746927612e-03 0.000000000000000000e+00
4.150000000000000000e+04 1.660093203054362476e-01 6.099226217569413133e-02 7.828857532999544677e-01 1.532771961766044577e-01 2.844788347746927612e-03 0.000000000000000000e+00
4.175000000000000000e+04 1.670093764518545409e-01 6.941283568502502888e-02 7.770823850705507185e-01 1.500910332271279124e-01 3.413746017296313308e-03 0.000000000000000000e+00
4.200000000000000000e+04 1.680094325982728343e-01 6.315430131998178709e-02 7.733272644515247762e-01 1.589667728720983164e-01 4.551661356395083832e-03 0.000000000000000000e+00
4.225000000000000000e+04 1.690094887446911276e-01 5.837505689576695522e-02 7.812926718252162228e-01 1.589667728720983164e-01 1.365498406918525280e-03 0.000000000000000000e+00
4.250000000000000000e+04 1.700095448911094209e-01 5.359581247155211642e-02 7.855029585798816161e-01 1.591943559399180697e-01 1.706873008648156654e-03 0.000000000000000000e+00
4.275000000000000000e+04 1.710096010375277142e-01 5.575785161583977911e-02 7.786754665452890745e-01 1.626081019572143960e-01 2.958579881656804664e-03 0.000000000000000000e+00
4.300000000000000000e+04 1.720096571839460076e-01 5.291306326809285671e-02 7.827719617660445772e-01 1.611288120163859861e-01 3.186162949476558769e-03 0.000000000000000000e+00
4.325000000000000000e+04 1.730097133303643009e-01 4.540282203004096517e-02 7.829995448338643582e-01 1.675011379153391045e-01 4.096495220755575623e-03 0.000000000000000000e+00
4.350000000000000000e+04 1.740097694767825942e-01 4.631315430131998506e-02 7.824305871643150168e-01 1.677287209831588577e-01 3.527537551206190360e-03 0.000000000000000000e+00
4.375000000000000000e+04 1.750098256232008875e-01 4.244424214838415921e-02 7.861857077833409591e-01 1.682976786527082269e-01 3.072371415566681717e-03 0.000000000000000000e+00
4.400000000000000000e+04 1.760098817696191809e-01 4.585798816568047165e-02 7.829995448338643582e-01 1.686390532544378706e-01 2.503413746017296455e-03 0.000000000000000000e+00
4.425000000000000000e+04 1.770099379160374742e-01 4.016841147018661989e-02 7.897132453345471204e-01 1.667045971779699542e-01 3.413746017296313308e-03 0.000000000000000000e+00
4.450000000000000000e+04 1.780099940624557675e-01 4.449248975876194528e-02 7.837960855712334807e-01 1.689804278561675144e-01 2.730996813837050560e-03 0.000000000000000000e+00
4.475000000000000000e+04 1.790100502088740608e-01 4.301319981793354230e-02 7.860719162494310686e-01 1.676149294492489672e-01 3.299954483386436255e-03 0.000000000000000000e+00
4.500000000000000000e+04 1.800101063552923542e-01 4.369594902139280895e-02 7.836822940373235902e-01 1.692080109239872676e-01 3.413746017296313308e-03 0.000000000000000000e+00
4.525000000000000000e+04 1.810101625017106475e-01 4.403732362312243881e-02 7.817478379608556738e-01 1.715976331360946627e-01 2.617205279927173507e-03 0.000000000000000000e+00
4.550000000000000000e+04 1.820102186481289408e-01 4.449248975876194528e-02 7.850477924442421651e-01 1.668183887118798447e-01 3.641329085116067413e-03 0.000000000000000000e+00
4.575000000000000000e+04 1.830102747945472341e-01 4.130632680928538608e-02 7.875512061902594230e-01 1.676149294492489672e-01 3.527537551206190360e-03 0.000000000000000000e+00
4.600000000000000000e+04 1.840103309409655274e-01 4.312699135184342586e-02 7.834547109695039202e-01 1.697769685935366368e-01 3.641329085116067413e-03 0.000000000000000000e+00
4.625000000000000000e+04 1.850103870873838208e-01 4.437869822485206867e-02 7.835685025034136997e-01 1.686390532544378706e-01 3.413746017296313308e-03 0.000000000000000000e+00
4.650000000000000000e+04 1.860104432338021141e-01 4.119253527537550946e-02 7.843650432407829332e-01 1.703459262630860338e-01 4.096495220755575623e-03 0.000000000000000000e+00
4.675000000000000000e+04 1.870104993802204074e-01 4.415111515703231543e-02 7.836822940373235902e-01 1.681838871187983642e-01 3.982703686845699004e-03 0.000000000000000000e+00
4.700000000000000000e+04 1.880105555266387007e-01 4.380974055530268557e-02 7.840236686390532617e-01 1.686390532544378706e-01 3.527537551206190360e-03 0.000000000000000000e+00
4.725000000000000000e+04 1.890106116730569941e-01 4.176149294492489950e-02 7.822030040964952358e-01 1.708010923987255403e-01 5.234410559854347014e-03 0.000000000000000000e+00
4.750000000000000000e+04 1.900106678194752874e-01 4.380974055530268557e-02 7.820892125625853453e-01 1.698907601274465273e-01 4.210286754665453109e-03 0.000000000000000000e+00
4.775000000000000000e+04 1.910107239658935807e-01 4.210286754665452935e-02 7.812926718252162228e-01 1.714838416021848000e-01 5.120619025944469528e-03 0.000000000000000000e+00
4.800000000000000000e+04 1.920107801123118740e-01 4.517523896222121194e-02 7.802685480200273194e-01 1.705735093309057870e-01 3.982703686845699004e-03 0.000000000000000000e+00
4.825000000000000000e+04 1.930108362587301674e-01 4.346836595357305572e-02 7.800409649522075384e-01 1.718252162039144160e-01 4.665452890304961318e-03 0.000000000000000000e+00
4.850000000000000000e+04 1.940108924051484607e-01 4.312699135184342586e-02 7.815202548930360038e-01 1.714838416021848000e-01 3.868912152935821518e-03 0.000000000000000000e+00
4.875000000000000000e+04 1.950109485515667540e-01 4.255803368229403583e-02 7.824305871643150168e-01 1.710286754665452935e-01 3.982703686845699004e-03 0.000000000000000000e+00
4.900000000000000000e+04 1.960110046979850473e-01 4.449248975876194528e-02 7.762858443331815961e-01 1.751251706873008518e-01 4.096495220755575623e-03 0.000000000000000000e+00
4.925000000000000000e+04 1.970110608444033407e-01 4.585798816568047165e-02 7.771961766044606090e-01 1.737596722803823324e-01 3.186162949476558769e-03 0.000000000000000000e+00
4.950000000000000000e+04 1.980111169908216340e-01 4.301319981793354230e-02 7.787892580791988539e-01 1.744424214838415921e-01 3.755120619025944465e-03 0.000000000000000000e+00
4.975000000000000000e+04 1.990111731372399273e-01 4.517523896222121194e-02 7.757168866636322546e-01 1.743286299499317293e-01 4.779244424214838804e-03 0.000000000000000000e+00
5.000000000000000000e+04 2.000112292836582206e-01 4.813381884387801790e-02 7.738962221210742287e-01 1.750113791533909890e-01 2.958579881656804664e-03 0.000000000000000000e+00
5.025000000000000000e+04 2.010112854300765139e-01 4.597177969959034827e-02 7.754893035958124736e-01 1.744424214838415921e-01 4.096495220755575623e-03 0.000000000000000000e+00
5.050000000000000000e+04 2.020113415764948073e-01 4.767865270823850449e-02 7.756030951297223641e-01 1.730769230769230727e-01 3.641329085116067413e-03 0.000000000000000000e+00
5.075000000000000000e+04 2.030113977229131006e-01 4.619936276741010150e-02 7.761720527992717056e-01 1.739872553482020856e-01 3.641329085116067413e-03 0.000000000000000000e+00
5.100000000000000000e+04 2.040114538693313939e-01 4.813381884387801790e-02 7.719617660446063123e-01 1.760355029585798925e-01 3.868912152935821518e-03 0.000000000000000000e+00
5.125000000000000000e+04 2.050115100157496872e-01 4.881656804733727761e-02 7.702548930359581769e-01 1.761492944924897552e-01 4.779244424214838804e-03 0.000000000000000000e+00
5.150000000000000000e+04 2.060115661621679806e-01 4.813381884387801790e-02 7.711652253072371899e-01 1.763768775603095085e-01 4.324078288575329727e-03 0.000000000000000000e+00
5.175000000000000000e+04 2.070116223085862739e-01 4.790623577605826466e-02 7.686618115612198210e-01 1.784251251706872876e-01 5.006827492034592909e-03 0.000000000000000000e+00
5.200000000000000000e+04 2.080116784550045672e-01 4.927173418297678409e-02 7.685480200273099305e-01 1.785389167045971781e-01 3.641329085116067413e-03 0.000000000000000000e+00
5.225000000000000000e+04 2.090117346014228605e-01 5.040964952207555722e-02 7.668411470186617951e-01 1.784251251706872876e-01 4.324078288575329727e-03 0.000000000000000000e+00
5.250000000000000000e+04 2.100117907478411539e-01 5.507510241238051940e-02 7.573964497041419941e-01 1.836595357305416398e-01 3.868912152935821518e-03 0.000000000000000000e+00
5.275000000000000000e+04 2.110118468942594472e-01 5.063723258989531045e-02 7.586481565771506785e-01 1.858215748748293095e-01 4.893035958124715423e-03 0.000000000000000000e+00
5.300000000000000000e+04 2.120119030406777405e-01 5.496131087847064278e-02 7.530723714155667103e-01 1.869594902139280757e-01 5.006827492034592909e-03 0.000000000000000000e+00
5.325000000000000000e+04 2.130119591870960338e-01 5.302685480200273332e-02 7.573964497041419941e-01 1.844560764679107900e-01 5.120619025944469528e-03 0.000000000000000000e+00
5.350000000000000000e+04 2.140120153335143272e-01 5.291306326809285671e-02 7.543240782885752838e-01 1.876422394173873354e-01 5.120619025944469528e-03 0.000000000000000000e+00
5.375000000000000000e+04 2.150120714799326205e-01 5.268548020027309653e-02 7.608101957214383759e-01 1.825216203914428736e-01 3.982703686845699004e-03 0.000000000000000000e+00
5.400000000000000000e+04 2.160121276263509138e-01 4.961310878470642088e-02 7.668411470186617951e-01 1.787664997724169313e-01 4.779244424214838804e-03 0.000000000000000000e+00
5.425000000000000000e+04 2.170121837727692071e-01 5.245789713245334329e-02 7.627446517979061813e-01 1.809285389167046010e-01 3.868912152935821518e-03 0.000000000000000000e+00
5.450000000000000000e+04 2.180122399191875004e-01 5.177514792899408358e-02 7.652480655439235502e-01 1.772872098315885214e-01 5.689576695493855224e-03 0.000000000000000000e+00
5.475000000000000000e+04 2.190122960656057938e-01 5.166135639508420696e-02 7.633136094674556338e-01 1.801319981793354508e-01 4.893035958124715423e-03 0.000000000000000000e+00
5.500000000000000000e+04 2.200123522120240871e-01 5.370960400546199304e-02 7.657032316795630011e-01 1.781975421028675344e-01 2.389622212107419402e-03 0.000000000000000000e+00
5.525000000000000000e+04 2.210124083584423804e-01 5.245789713245334329e-02 7.672963131543013571e-01 1.760355029585798925e-01 4.210286754665453109e-03 0.000000000000000000e+00
5.550000000000000000e+04 2.220124645048606737e-01 5.302685480200273332e-02 7.674101046882112476e-01 1.754665452890304955e-01 4.096495220755575623e-03 0.000000000000000000e+00
5.575000000000000000e+04 2.230125206512789671e-01 5.200273099681383682e-02 7.674101046882112476e-01 1.742148384160218388e-01 6.372325898953117539e-03 0.000000000000000000e+00
5.600000000000000000e+04 2.240125767976972604e-01 5.200273099681383682e-02 7.679790623577605890e-01 1.763768775603095085e-01 3.641329085116067413e-03 0.000000000000000000e+00
5.625000000000000000e+04 2.250126329441155537e-01 4.984069185252617412e-02 7.712790168411469693e-01 1.744424214838415921e-01 4.437869822485207214e-03 0.000000000000000000e+00
5.650000000000000000e+04 2.260126890905338470e-01 5.200273099681383682e-02 7.666135639508420141e-01 1.767182521620391522e-01 4.665452890304961318e-03 0.000000000000000000e+00
5.675000000000000000e+04 2.270127452369521404e-01 5.245789713245334329e-02 7.716203914428766408e-01 1.713700500682749095e-01 4.551661356395083832e-03 0.000000000000000000e+00
