# itime ezz other fcc hcp bcc ico
0.000000000000000000e+00 0.000000000000000000e+00 0.000000000000000000e+00 1.000000000000000000e+00 0.000000000000000000e+00 0.000000000000000000e+00 0.000000000000000000e+00
2.500000000000000000e+03 9.999991215756676155e-03 0.000000000000000000e+00 1.000000000000000000e+00 0.000000000000000000e+00 0.000000000000000000e+00 0.000000000000000000e+00
5.000000000000000000e+03 1.999998243151335231e-02 0.000000000000000000e+00 1.000000000000000000e+00 0.000000000000000000e+00 0.000000000000000000e+00 0.000000000000000000e+00
7.500000000000000000e+03 2.999997364727025051e-02 0.000000000000000000e+00 1.000000000000000000e+00 0.000000000000000000e+00 0.000000000000000000e+00 0.000000000000000000e+00
1.000000000000000000e+04 3.999996486302692666e-02 0.000000000000000000e+00 1.000000000000000000e+00 0.000000000000000000e+00 0.000000000000000000e+00 0.000000000000000000e+00
1.250000000000000000e+04 4.999995607878360282e-02 0.000000000000000000e+00 1.000000000000000000e+00 0.000000000000000000e+00 0.000000000000000000e+00 0.000000000000000000e+00
1.500000000000000000e+04 5.999994729454027897e-02 0.000000000000000000e+00 1.000000000000000000e+00 0.000000000000000000e+00 0.000000000000000000e+00 0.000000000000000000e+00
1.750000000000000000e+04 6.999993851029717717e-02 0.000000000000000000e+00 1.000000000000000000e+00 0.000000000000000000e+00 0.000000000000000000e+00 0.000000000000000000e+00
2.000000000000000000e+04 7.999992972605385333e-02 3.413746017296313199e-04 9.996586253982703285e-01 0.000000000000000000e+00 0.000000000000000000e+00 0.000000000000000000e+00
2.250000000000000000e+04 8.999992094181052948e-02 1.593081474738279385e-03 9.982931269913518646e-01 0.000000000000000000e+00 1.137915339098771066e-04 0.000000000000000000e+00
2.500000000000000000e+04 9.999991215756720564e-02 2.275830678197541916e-03 9.976103777878926326e-01 0.000000000000000000e+00 1.137915339098771066e-04 0.000000000000000000e+00
2.750000000000000000e+04 1.099999033733238818e-01 4.893035958124715423e-02 8.926945835229859183e-01 0.000000000000000000e+00 5.837505689576695522e-02 0.000000000000000000e+00
3.000000000000000000e+04 1.199998945890807800e-01 7.111970869367319203e-02 7.857305416477013971e-01 1.342740100136549930e-01 8.875739644970414427e-03 0.000000000000000000e+00
3.250000000000000000e+04 1.299998858048374561e-01 6.577150659990896320e-02 7.751479289940828021e-01 1.533909877105143482e-01 5.689576695493855224e-03 0.000000000000000000e+00
3.500000000000000000e+04 1.399998770205941323e-01 5.439235320892125969e-02 7.878925807919890945e-01 1.549840691852526209e-01 2.730996813837050560e-03 0.000000000000000000e+00
3.750000000000000000e+04 1.499998682363508085e-01 5.939918070095585173e-02 7.802685480200273194e-01 1.554392353208921274e-01 4.893035958124715423e-03 0.000000000000000000e+00
4.000000000000000000e+04 1.599998594521077067e-01 8.352298588984979899e-02 7.313381884387801790e-01 1.813837050523441075e-01 3.755120619025944465e-03 0.000000000000000000e+00
4.250000000000000000e+04 1.699998506678643828e-01 8.568502503413745475e-02 7.378243058716431602e-01 1.745562130177514826e-01 1.934456076467910759e-03 0.000000000000000000e+00
4.500000000000000000e+04 1.799998418836210590e-01 8.727810650887574129e-02 7.371415566681839282e-01 1.729631315430132099e-01 2.617205279927173507e-03 0.000000000000000000e+00
4.750000000000000000e+04 1.899998330993777351e-01 8.898497951752389057e-02 7.446517979062358128e-01 1.642011834319526686e-01 2.162039144287664864e-03 0.000000000000000000e+00
5.000000000000000000e+04 1.999998243151344113e-01 1.075329995448338627e-01 7.282658170232134687e-01 1.535047792444242110e-01 1.069640418752844727e-02 0.000000000000000000e+00
5.250000000000000000e+04 2.099998155308913095e-01 8.784706417842512438e-02 7.478379608557123026e-01 1.597633136094674666e-01 4.551661356395083832e-03 0.000000000000000000e+00
5.500000000000000000e+04 2.199998067466479856e-01 9.319526627218935322e-02 7.424897587619481154e-01 1.602184797451069731e-01 4.096495220755575623e-03 0.000000000000000000e+00
5.750000000000000000e+04 2.299997979624046618e-01 8.773327264451524776e-02 7.438552571688666903e-01 1.659080564406008318e-01 2.503413746017296455e-03 0.000000000000000000e+00
6.000000000000000000e+04 2.399997891781613379e-01 8.602639963586708460e-02 7.515930814747382449e-01 1.610150204824760956e-01 1.365498406918525280e-03 0.000000000000000000e+00
6.250000000000000000e+04 2.499997803939180141e-01 9.046426945835230049e-02 7.413518434228493215e-01 1.661356395084205850e-01 2.048247610377787811e-03 0.000000000000000000e+00
6.500000000000000000e+04 2.599997716096749123e-01 1.007055075102412378e-01 7.236003641329085134e-01 1.715976331360946627e-01 4.096495220755575623e-03 0.000000000000000000e+00
6.750000000000000000e+04 2.699997628254315885e-01 8.534365043240782489e-02 7.472690031861629611e-01 1.662494310423304478e-01 1.137915339098770958e-03 0.000000000000000000e+00
7.000000000000000000e+04 2.799997540411882646e-01 8.579881656804733137e-02 7.481793354574419741e-01 1.648839326354119283e-01 1.137915339098770958e-03 0.000000000000000000e+00
7.250000000000000000e+04 2.899997452569449408e-01 8.705052344105598805e-02 7.432862994993172379e-01 1.684114701866181174e-01 1.251706873008648227e-03 0.000000000000000000e+00
7.500000000000000000e+04 2.999997364727018390e-01 9.000910332271279402e-02 7.381656804733728316e-01 1.705735093309057870e-01 1.251706873008648227e-03 0.000000000000000000e+00
7.750000000000000000e+04 3.099997276884585151e-01 9.171597633136094330e-02 7.372553482020938187e-01 1.703459262630860338e-01 6.827492034592626399e-04 0.000000000000000000e+00
8.000000000000000000e+04 3.199997189042151913e-01 9.535730541647700897e-02 7.380518889394629412e-01 1.646563495675921751e-01 1.934456076467910759e-03 0.000000000000000000e+00
8.250000000000000000e+04 3.299997101199718674e-01 1.002503413746017313e-01 7.313381884387801790e-01 1.664770141101502010e-01 1.934456076467910759e-03 0.000000000000000000e+00
8.500000000000000000e+04 3.399997013357285436e-01 1.051433773327264398e-01 7.284934000910332497e-01 1.642011834319526686e-01 2.162039144287664864e-03 0.000000000000000000e+00
8.750000000000000000e+04 3.499996925514854418e-01 9.239872553482020301e-02 7.522758306781975879e-01 1.546426945835229771e-01 6.827492034592626399e-04 0.000000000000000000e+00
9.000000000000000000e+04 3.599996837672421179e-01 9.012289485662267063e-02 7.542102867546655043e-01 1.552116522530723741e-01 4.551661356395084266e-04 0.000000000000000000e+00
9.250000000000000000e+04 3.699996749829987941e-01 8.887118798361401395e-02 7.551206190259445172e-01 1.553254437869822369e-01 6.827492034592626399e-04 0.000000000000000000e+00
9.500000000000000000e+04 3.799996661987554702e-01 1.058261265361857134e-01 7.286071916249431402e-01 1.640873918980427781e-01 1.479289940828402332e-03 0.000000000000000000e+00
9.750000000000000000e+04 3.899996574145121464e-01 1.073054164770141095e-01 7.276968593536641272e-01 1.636322257624032717e-01 1.365498406918525280e-03 0.000000000000000000e+00
1.000000000000000000e+05 3.999996486302688226e-01 1.436049157942649035e-01 6.892353208921255803e-01 1.628356850250341492e-01 4.324078288575329727e-03 0.000000000000000000e+00
1.025000000000000000e+05 4.099996398460254987e-01 1.547564861174328676e-01 6.603322712790168358e-01 1.824078288575330109e-01 2.503413746017296455e-03 0.000000000000000000e+00
1.050000000000000000e+05 4.199996310617821749e-01 1.553254437869822369e-01 6.606736458807465073e-01 1.817250796540737234e-01 2.275830678197541916e-03 0.000000000000000000e+00
1.075000000000000000e+05 4.299996222775390731e-01 1.560081929904415243e-01 6.722803823395538947e-01 1.686390532544378706e-01 3.072371415566681717e-03 0.000000000000000000e+00
1.100000000000000000e+05 4.399996134932957492e-01 1.729631315430132099e-01 6.447428311333637252e-01 1.793354574419663283e-01 2.958579881656804664e-03 0.000000000000000000e+00
1.125000000000000000e+05 4.499996047090524254e-01 2.015248065543923661e-01 5.954710969503869133e-01 1.972007282658170269e-01 5.803368229403732710e-03 0.000000000000000000e+00
1.150000000000000000e+05 4.599995959248091015e-01 1.991351843422849432e-01 5.944469731451980099e-01 2.016385980883022289e-01 4.779244424214838804e-03 0.000000000000000000e+00
1.175000000000000000e+05 4.699995871405659997e-01 2.056213017751479244e-01 5.857988165680473314e-01 2.016385980883022289e-01 6.941283568502503235e-03 0.000000000000000000e+00
1.200000000000000000e+05 4.799995783563226759e-01 2.110832954028220299e-01 5.831816112881201830e-01 1.994765589440145592e-01 6.258534365043240920e-03 0.000000000000000000e+00
1.225000000000000000e+05 4.899995695720793520e-01 2.184797451069640517e-01 5.848884842967683184e-01 1.918525261720528119e-01 4.779244424214838804e-03 0.000000000000000000e+00
1.250000000000000000e+05 4.999995607878360282e-01 1.912835685025034149e-01 6.068502503413746307e-01 1.974283113336367801e-01 4.437869822485207214e-03 0.000000000000000000e+00
1.275000000000000000e+05 5.099995520035927044e-01 1.979972690031861493e-01 5.904642694583522866e-01 2.040282203004096517e-01 7.510241238051888930e-03 0.000000000000000000e+00
1.300000000000000000e+05 5.199995432193496026e-01 2.025489303595812418e-01 5.979745106964041712e-01 1.950386891215293572e-01 4.437869822485207214e-03 0.000000000000000000e+00
1.325000000000000000e+05 5.299995344351062787e-01 2.082385070550751005e-01 5.901228948566226151e-01 1.949248975876194945e-01 6.713700500682749130e-03 0.000000000000000000e+00
1.350000000000000000e+05 5.399995256508629549e-01 2.156349567592171224e-01 5.818161128812016081e-01 1.965179790623577671e-01 6.030951297223486815e-03 0.000000000000000000e+00
1.375000000000000000e+05 5.499995168666196310e-01 2.236003641329085134e-01 5.788575329995447882e-01 1.904870277651342647e-01 7.055075102412380721e-03 0.000000000000000000e+00
1.400000000000000000e+05 5.599995080823765292e-01 2.344105598543468338e-01 5.540509786071916576e-01 2.065316340464269373e-01 5.006827492034592909e-03 0.000000000000000000e+00
1.425000000000000000e+05 5.699994992981332054e-01 2.406690942193900895e-01 5.479062357760582369e-01 2.069868001820664438e-01 4.437869822485207214e-03 0.000000000000000000e+00
1.450000000000000000e+05 5.799994905138898815e-01 2.415794264906691025e-01 5.793126991351843502e-01 1.709148839326354030e-01 8.192990441511151245e-03 0.000000000000000000e+00
1.475000000000000000e+05 5.899994817296465577e-01 2.361174328629949970e-01 5.936504324078288874e-01 1.626081019572143960e-01 7.624032771961766417e-03 0.000000000000000000e+00
1.500000000000000000e+05 5.999994729454032338e-01 2.366863905325443662e-01 5.897815202548930547e-01 1.659080564406008318e-01 7.624032771961766417e-03 0.000000000000000000e+00
1.525000000000000000e+05 6.099994641611601320e-01 2.333864360491579304e-01 6.005917159763313196e-01 1.588529813381884259e-01 7.168866636322257339e-03 0.000000000000000000e+00
1.550000000000000000e+05 6.199994553769168082e-01 2.370277651342740100e-01 5.939918070095584479e-01 1.579426490669094130e-01 1.103777878925807886e-02 0.000000000000000000e+00
1.575000000000000000e+05 6.299994465926734843e-01 2.555757851615839682e-01 5.797678652708238012e-01 1.540737369139736079e-01 1.058261265361857065e-02 0.000000000000000000e+00
1.600000000000000000e+05 6.399994378084301605e-01 2.652480655439235502e-01 5.797678652708238012e-01 1.498634501593081592e-01 5.120619025944469528e-03 0.000000000000000000e+00
1.625000000000000000e+05 6.499994290241870587e-01 2.520482476103778069e-01 5.982020937642239522e-01 1.430359581247155343e-01 6.713700500682749130e-03 0.000000000000000000e+00
1.650000000000000000e+05 6.599994202399437349e-01 2.385070550751024199e-01 6.125398270368684894e-01 1.437187073281747940e-01 5.234410559854347014e-03 0.000000000000000000e+00
1.675000000000000000e+05 6.699994114557004110e-01 2.118798361401911801e-01 6.401911697769685494e-01 1.439462903959945472e-01 3.982703686845699004e-03 0.000000000000000000e+00
1.700000000000000000e+05 6.799994026714570872e-01 2.184797451069640517e-01 6.347291761492944717e-01 1.423532089212562468e-01 4.437869822485207214e-03 0.000000000000000000e+00
1.725000000000000000e+05 6.899993938872137633e-01 2.203004096495220776e-01 6.225534820209376319e-01 1.516841147018661851e-01 5.461993627674101119e-03 0.000000000000000000e+00
1.750000000000000000e+05 6.999993851029706615e-01 2.149522075557578626e-01 6.224396904870277414e-01 1.590805644060081792e-01 3.527537551206190360e-03 0.000000000000000000e+00
1.775000000000000000e+05 7.099993763187273377e-01 2.190487027765134209e-01 6.176604460628128956e-01 1.595357305416477134e-01 3.755120619025944465e-03 0.000000000000000000e+00
1.800000000000000000e+05 7.199993675344840138e-01 2.212107419208010906e-01 6.128812016385980499e-01 1.619253527537551085e-01 3.982703686845699004e-03 0.000000000000000000e+00
1.825000000000000000e+05 7.299993587502406900e-01 2.217796995903504875e-01 6.110605370960400240e-01 1.621529358215748617e-01 5.006827492034592909e-03 0.000000000000000000e+00
1.850000000000000000e+05 7.399993499659975882e-01 2.311106053709603980e-01 6.035502958579881394e-01 1.610150204824760956e-01 4.324078288575329727e-03 0.000000000000000000e+00
1.875000000000000000e+05 7.499993411817542643e-01 2.190487027765134209e-01 6.333636777423760078e-01 1.417842512517068776e-01 5.803368229403732710e-03 0.000000000000000000e+00
1.900000000000000000e+05 7.599993323975109405e-01 2.278106508875739622e-01 6.536185707783340737e-01 1.139053254437869811e-01 4.665452890304961318e-03 0.000000000000000000e+00
1.925000000000000000e+05 7.699993236132676167e-01 2.154073736913973691e-01 6.637460172963131066e-01 1.147018661811561174e-01 6.144742831133363434e-03 0.000000000000000000e+00
1.950000000000000000e+05 7.799993148290242928e-01 2.149522075557578626e-01 6.622667273554847522e-01 1.168639053254437871e-01 5.917159763313609329e-03 0.000000000000000000e+00
1.975000000000000000e+05 7.899993060447811910e-01 2.176832043695949015e-01 6.547564861174328676e-01 1.206190259444697294e-01 6.941283568502503235e-03 0.000000000000000000e+00
2.000000000000000000e+05 7.999992972605378672e-01 2.040282203004096517e-01 6.588529813381884814e-01 1.322257624032771861e-01 4.893035958124715423e-03 0.000000000000000000e+00
2.025000000000000000e+05 8.099992884762945433e-01 2.036868456986800080e-01 6.527082385070550608e-01 1.360946745562130189e-01 7.510241238051888930e-03 0.000000000000000000e+00
2.050000000000000000e+05 8.199992796920512195e-01 2.101729631315430169e-01 6.370050068274920596e-01 1.461083295402822169e-01 6.713700500682749130e-03 0.000000000000000000e+00
2.075000000000000000e+05 8.299992709078078956e-01 2.107419208010923861e-01 6.364360491579426071e-01 1.462221210741920796e-01 6.599908966772872511e-03 0.000000000000000000e+00
2.100000000000000000e+05 8.399992621235647938e-01 2.042558033682294050e-01 6.457669549385525176e-01 1.432635411925352875e-01 6.713700500682749130e-03 0.000000000000000000e+00
2.125000000000000000e+05 8.499992533393214700e-01 1.950386891215293572e-01 6.473600364132908735e-01 1.550978607191624836e-01 2.503413746017296455e-03 0.000000000000000000e+00
2.150000000000000000e+05 8.599992445550781461e-01 1.836595357305416398e-01 6.571461083295402350e-01 1.563495675921711403e-01 2.844788347746927612e-03 0.000000000000000000e+00
2.175000000000000000e+05 8.699992357708348223e-01 1.859353664087392000e-01 6.549840691852526486e-01 1.561219845243513871e-01 2.958579881656804664e-03 0.000000000000000000e+00
2.200000000000000000e+05 8.799992269865917205e-01 1.934456076467910846e-01 6.479289940828402150e-01 1.554392353208921274e-01 3.186162949476558769e-03 0.000000000000000000e+00
2.225000000000000000e+05 8.899992182023483966e-01 1.952662721893491105e-01 6.465634956759217511e-01 1.536185707783341015e-01 4.551661356395083832e-03 0.000000000000000000e+00
2.250000000000000000e+05 8.999992094181050728e-01 2.014110150204824756e-01 6.371187983614019501e-01 1.578288575329995502e-01 3.641329085116067413e-03 0.000000000000000000e+00
2.275000000000000000e+05 9.099992006338617490e-01 2.045971779699590487e-01 6.284706417842512716e-01 1.607874374146563423e-01 6.144742831133363434e-03 0.000000000000000000e+00
2.300000000000000000e+05 9.199991918496184251e-01 2.137005006827492060e-01 6.165225307237141017e-01 1.646563495675921751e-01 5.120619025944469528e-03 0.000000000000000000e+00
2.325000000000000000e+05 9.299991830653753233e-01 2.253072371415566766e-01 5.938780154756485574e-01 1.733045061447428259e-01 7.510241238051888930e-03 0.000000000000000000e+00
2.350000000000000000e+05 9.399991742811319995e-01 2.223486572598998567e-01 5.939918070095584479e-01 1.761492944924897552e-01 7.510241238051888930e-03 0.000000000000000000e+00
2.375000000000000000e+05 9.499991654968886756e-01 2.226900318616295005e-01 5.922849340009103125e-01 1.758079198907601393e-01 9.217114246700046018e-03 0.000000000000000000e+00
2.400000000000000000e+05 9.599991567126453518e-01 2.438552571688666348e-01 6.034365043240782489e-01 1.463359126081019701e-01 6.372325898953117539e-03 0.000000000000000000e+00
2.425000000000000000e+05 9.699991479284022500e-01 2.473827947200728239e-01 6.015020482476103325e-01 1.451979972690031762e-01 5.917159763313609329e-03 0.000000000000000000e+00
2.450000000000000000e+05 9.799991391441589261e-01 2.492034592626308498e-01 6.033227127901683584e-01 1.423532089212562468e-01 5.120619025944469528e-03 0.000000000000000000e+00
2.475000000000000000e+05 9.899991303599156023e-01 2.477241693218024676e-01 5.950159308147473514e-01 1.508875739644970349e-01 6.372325898953117539e-03 0.000000000000000000e+00
2.500000000000000000e+05 9.999991215756722784e-01 2.481793354574419741e-01 5.909194355939918486e-01 1.550978607191624836e-01 5.803368229403732710e-03 0.000000000000000000e+00
