# itime ezz other fcc hcp bcc ico
0.000000000000000000e+00 0.000000000000000000e+00 0.000000000000000000e+00 1.000000000000000000e+00 0.000000000000000000e+00 0.000000000000000000e+00 0.000000000000000000e+00
2.500000000000000000e+02 9.999739692361231391e-04 0.000000000000000000e+00 1.000000000000000000e+00 0.000000000000000000e+00 0.000000000000000000e+00 0.000000000000000000e+00
5.000000000000000000e+02 1.999947938472024234e-03 0.000000000000000000e+00 1.000000000000000000e+00 0.000000000000000000e+00 0.000000000000000000e+00 0.000000000000000000e+00
7.500000000000000000e+02 2.999921907708147373e-03 0.000000000000000000e+00 1.000000000000000000e+00 0.000000000000000000e+00 0.000000000000000000e+00 0.000000000000000000e+00
1.000000000000000000e+03 3.999895876944048467e-03 0.000000000000000000e+00 1.000000000000000000e+00 0.000000000000000000e+00 0.000000000000000000e+00 0.000000000000000000e+00
1.250000000000000000e+03 4.999869846180171606e-03 0.000000000000000000e+00 1.000000000000000000e+00 0.000000000000000000e+00 0.000000000000000000e+00 0.000000000000000000e+00
1.500000000000000000e+03 5.999843815416072701e-03 0.000000000000000000e+00 1.000000000000000000e+00 0.000000000000000000e+00 0.000000000000000000e+00 0.000000000000000000e+00
1.750000000000000000e+03 6.999817784652195840e-03 0.000000000000000000e+00 1.000000000000000000e+00 0.000000000000000000e+00 0.000000000000000000e+00 0.000000000000000000e+00
2.000000000000000000e+03 7.999791753888096935e-03 0.000000000000000000e+00 1.000000000000000000e+00 0.000000000000000000e+00 0.000000000000000000e+00 0.000000000000000000e+00
2.250000000000000000e+03 8.999765723124220074e-03 0.000000000000000000e+00 1.000000000000000000e+00 0.000000000000000000e+00 0.000000000000000000e+00 0.000000000000000000e+00
2.500000000000000000e+03 9.999739692360121168e-03 0.000000000000000000e+00 1.000000000000000000e+00 0.000000000000000000e+00 0.000000000000000000e+00 0.000000000000000000e+00
2.750000000000000000e+03 1.099971366159624431e-02 0.000000000000000000e+00 1.000000000000000000e+00 0.000000000000000000e+00 0.000000000000000000e+00 0.000000000000000000e+00
3.000000000000000000e+03 1.199968763083214540e-02 0.000000000000000000e+00 1.000000000000000000e+00 0.000000000000000000e+00 0.000000000000000000e+00 0.000000000000000000e+00
3.250000000000000000e+03 1.299966160006826854e-02 0.000000000000000000e+00 1.000000000000000000e+00 0.000000000000000000e+00 0.000000000000000000e+00 0.000000000000000000e+00
3.500000000000000000e+03 1.399963556930416964e-02 0.000000000000000000e+00 1.000000000000000000e+00 0.000000000000000000e+00 0.000000000000000000e+00 0.000000000000000000e+00
3.750000000000000000e+03 1.499960953854029277e-02 0.000000000000000000e+00 1.000000000000000000e+00 0.000000000000000000e+00 0.000000000000000000e+00 0.000000000000000000e+00
4.000000000000000000e+03 1.599958350777619387e-02 0.000000000000000000e+00 1.000000000000000000e+00 0.000000000000000000e+00 0.000000000000000000e+00 0.000000000000000000e+00
4.250000000000000000e+03 1.699955747701231701e-02 0.000000000000000000e+00 1.000000000000000000e+00 0.000000000000000000e+00 0.000000000000000000e+00 0.000000000000000000e+00
4.500000000000000000e+03 1.799953144624821810e-02 0.000000000000000000e+00 1.000000000000000000e+00 0.000000000000000000e+00 0.000000000000000000e+00 0.000000000000000000e+00
4.750000000000000000e+03 1.899950541548434124e-02 0.000000000000000000e+00 1.000000000000000000e+00 0.000000000000000000e+00 0.000000000000000000e+00 0.000000000000000000e+00
5.000000000000000000e+03 1.999947938472024234e-02 0.000000000000000000e+00 1.000000000000000000e+00 0.000000000000000000e+00 0.000000000000000000e+00 0.000000000000000000e+00
5.250000000000000000e+03 2.099945335395636548e-02 0.000000000000000000e+00 1.000000000000000000e+00 0.000000000000000000e+00 0.000000000000000000e+00 0.000000000000000000e+00
5.500000000000000000e+03 2.199942732319226657e-02 0.000000000000000000e+00 1.000000000000000000e+00 0.000000000000000000e+00 0.000000000000000000e+00 0.000000000000000000e+00
5.750000000000000000e+03 2.299940129242838971e-02 0.000000000000000000e+00 1.000000000000000000e+00 0.000000000000000000e+00 0.000000000000000000e+00 0.000000000000000000e+00
6.000000000000000000e+03 2.399937526166429080e-02 0.000000000000000000e+00 1.000000000000000000e+00 0.000000000000000000e+00 0.000000000000000000e+00 0.000000000000000000e+00
6.250000000000000000e+03 2.499934923090041394e-02 0.000000000000000000e+00 1.000000000000000000e+00 0.000000000000000000e+00 0.000000000000000000e+00 0.000000000000000000e+00
6.500000000000000000e+03 2.599932320013631504e-02 0.000000000000000000e+00 1.000000000000000000e+00 0.000000000000000000e+00 0.000000000000000000e+00 0.000000000000000000e+00
6.750000000000000000e+03 2.699929716937243818e-02 0.000000000000000000e+00 1.000000000000000000e+00 0.000000000000000000e+00 0.000000000000000000e+00 0.000000000000000000e+00
7.000000000000000000e+03 2.799927113860833927e-02 0.000000000000000000e+00 1.000000000000000000e+00 0.000000000000000000e+00 0.000000000000000000e+00 0.000000000000000000e+00
7.250000000000000000e+03 2.899924510784446241e-02 0.000000000000000000e+00 1.000000000000000000e+00 0.000000000000000000e+00 0.000000000000000000e+00 0.000000000000000000e+00
7.500000000000000000e+03 2.999921907708036350e-02 0.000000000000000000e+00 1.000000000000000000e+00 0.000000000000000000e+00 0.000000000000000000e+00 0.000000000000000000e+00
7.750000000000000000e+03 3.099919304631648664e-02 0.000000000000000000e+00 1.000000000000000000e+00 0.000000000000000000e+00 0.000000000000000000e+00 0.000000000000000000e+00
8.000000000000000000e+03 3.199916701555238774e-02 0.000000000000000000e+00 1.000000000000000000e+00 0.000000000000000000e+00 0.000000000000000000e+00 0.000000000000000000e+00
8.250000000000000000e+03 3.299914098478851088e-02 0.000000000000000000e+00 1.000000000000000000e+00 0.000000000000000000e+00 0.000000000000000000e+00 0.000000000000000000e+00
8.500000000000000000e+03 3.399911495402441197e-02 0.000000000000000000e+00 1.000000000000000000e+00 0.000000000000000000e+00 0.000000000000000000e+00 0.000000000000000000e+00
8.750000000000000000e+03 3.499908892326053511e-02 0.000000000000000000e+00 1.000000000000000000e+00 0.000000000000000000e+00 0.000000000000000000e+00 0.000000000000000000e+00
9.000000000000000000e+03 3.599906289249643621e-02 0.000000000000000000e+00 1.000000000000000000e+00 0.000000000000000000e+00 0.000000000000000000e+00 0.000000000000000000e+00
9.250000000000000000e+03 3.699903686173255934e-02 0.000000000000000000e+00 1.000000000000000000e+00 0.000000000000000000e+00 0.000000000000000000e+00 0.000000000000000000e+00
9.500000000000000000e+03 3.799901083096846044e-02 0.000000000000000000e+00 1.000000000000000000e+00 0.000000000000000000e+00 0.000000000000000000e+00 0.000000000000000000e+00
9.750000000000000000e+03 3.899898480020458358e-02 0.000000000000000000e+00 1.000000000000000000e+00 0.000000000000000000e+00 0.000000000000000000e+00 0.000000000000000000e+00
1.000000000000000000e+04 3.999895876944048467e-02 0.000000000000000000e+00 1.000000000000000000e+00 0.000000000000000000e+00 0.000000000000000000e+00 0.000000000000000000e+00
1.025000000000000000e+04 4.099893273867660781e-02 0.000000000000000000e+00 1.000000000000000000e+00 0.000000000000000000e+00 0.000000000000000000e+00 0.000000000000000000e+00
1.050000000000000000e+04 4.199890670791250891e-02 0.000000000000000000e+00 1.000000000000000000e+00 0.000000000000000000e+00 0.000000000000000000e+00 0.000000000000000000e+00
1.075000000000000000e+04 4.299888067714863205e-02 0.000000000000000000e+00 1.000000000000000000e+00 0.000000000000000000e+00 0.000000000000000000e+00 0.000000000000000000e+00
1.100000000000000000e+04 4.399885464638453314e-02 0.000000000000000000e+00 1.000000000000000000e+00 0.000000000000000000e+00 0.000000000000000000e+00 0.000000000000000000e+00
1.125000000000000000e+04 4.499882861562065628e-02 0.000000000000000000e+00 1.000000000000000000e+00 0.000000000000000000e+00 0.000000000000000000e+00 0.000000000000000000e+00
1.150000000000000000e+04 4.599880258485677942e-02 0.000000000000000000e+00 1.000000000000000000e+00 0.000000000000000000e+00 0.000000000000000000e+00 0.000000000000000000e+00
1.175000000000000000e+04 4.699877655409268051e-02 0.000000000000000000e+00 1.000000000000000000e+00 0.000000000000000000e+00 0.000000000000000000e+00 0.000000000000000000e+00
1.200000000000000000e+04 4.799875052332880365e-02 0.000000000000000000e+00 1.000000000000000000e+00 0.000000000000000000e+00 0.000000000000000000e+00 0.000000000000000000e+00
1.225000000000000000e+04 4.899872449256470475e-02 0.000000000000000000e+00 1.000000000000000000e+00 0.000000000000000000e+00 0.000000000000000000e+00 0.000000000000000000e+00
1.250000000000000000e+04 4.999869846180082789e-02 0.000000000000000000e+00 1.000000000000000000e+00 0.000000000000000000e+00 0.000000000000000000e+00 0.000000000000000000e+00
1.275000000000000000e+04 5.099867243103672898e-02 0.000000000000000000e+00 1.000000000000000000e+00 0.000000000000000000e+00 0.000000000000000000e+00 0.000000000000000000e+00
1.300000000000000000e+04 5.199864640027285212e-02 0.000000000000000000e+00 1.000000000000000000e+00 0.000000000000000000e+00 0.000000000000000000e+00 0.000000000000000000e+00
1.325000000000000000e+04 5.299862036950875321e-02 0.000000000000000000e+00 1.000000000000000000e+00 0.000000000000000000e+00 0.000000000000000000e+00 0.000000000000000000e+00
1.350000000000000000e+04 5.399859433874487635e-02 0.000000000000000000e+00 1.000000000000000000e+00 0.000000000000000000e+00 0.000000000000000000e+00 0.000000000000000000e+00
1.375000000000000000e+04 5.499856830798077745e-02 0.000000000000000000e+00 1.000000000000000000e+00 0.000000000000000000e+00 0.000000000000000000e+00 0.000000000000000000e+00
1.400000000000000000e+04 5.599854227721690059e-02 0.000000000000000000e+00 1.000000000000000000e+00 0.000000000000000000e+00 0.000000000000000000e+00 0.000000000000000000e+00
1.425000000000000000e+04 5.699851624645280168e-02 0.000000000000000000e+00 1.000000000000000000e+00 0.000000000000000000e+00 0.000000000000000000e+00 0.000000000000000000e+00
1.450000000000000000e+04 5.799849021568892482e-02 0.000000000000000000e+00 1.000000000000000000e+00 0.000000000000000000e+00 0.000000000000000000e+00 0.000000000000000000e+00
1.475000000000000000e+04 5.899846418492482591e-02 0.000000000000000000e+00 1.000000000000000000e+00 0.000000000000000000e+00 0.000000000000000000e+00 0.000000000000000000e+00
1.500000000000000000e+04 5.999843815416094905e-02 0.000000000000000000e+00 1.000000000000000000e+00 0.000000000000000000e+00 0.000000000000000000e+00 0.000000000000000000e+00
1.525000000000000000e+04 6.099841212339685015e-02 0.000000000000000000e+00 1.000000000000000000e+00 0.000000000000000000e+00 0.000000000000000000e+00 0.000000000000000000e+00
1.550000000000000000e+04 6.199838609263297329e-02 0.000000000000000000e+00 1.000000000000000000e+00 0.000000000000000000e+00 0.000000000000000000e+00 0.000000000000000000e+00
1.575000000000000000e+04 6.299836006186887438e-02 0.000000000000000000e+00 1.000000000000000000e+00 0.000000000000000000e+00 0.000000000000000000e+00 0.000000000000000000e+00
1.600000000000000000e+04 6.399833403110499752e-02 0.000000000000000000e+00 1.000000000000000000e+00 0.000000000000000000e+00 0.000000000000000000e+00 0.000000000000000000e+00
1.625000000000000000e+04 6.499830800034089862e-02 0.000000000000000000e+00 1.000000000000000000e+00 0.000000000000000000e+00 0.000000000000000000e+00 0.000000000000000000e+00
1.650000000000000000e+04 6.599828196957702175e-02 0.000000000000000000e+00 1.000000000000000000e+00 0.000000000000000000e+00 0.000000000000000000e+00 0.000000000000000000e+00
1.675000000000000000e+04 6.699825593881292285e-02 0.000000000000000000e+00 1.000000000000000000e+00 0.000000000000000000e+00 0.000000000000000000e+00 0.000000000000000000e+00
1.700000000000000000e+04 6.799822990804904599e-02 7.965407373691396923e-04 9.990896677287209870e-01 0.000000000000000000e+00 1.137915339098771066e-04 0.000000000000000000e+00
1.725000000000000000e+04 6.899820387728494708e-02 0.000000000000000000e+00 1.000000000000000000e+00 0.000000000000000000e+00 0.000000000000000000e+00 0.000000000000000000e+00
1.750000000000000000e+04 6.999817784652107022e-02 0.000000000000000000e+00 1.000000000000000000e+00 0.000000000000000000e+00 0.000000000000000000e+00 0.000000000000000000e+00
1.775000000000000000e+04 7.099815181575697132e-02 4.551661356395084266e-04 9.995448338643604380e-01 0.000000000000000000e+00 0.000000000000000000e+00 0.000000000000000000e+00
1.800000000000000000e+04 7.199812578499309446e-02 3.413746017296313199e-04 9.996586253982703285e-01 0.000000000000000000e+00 0.000000000000000000e+00 0.000000000000000000e+00
1.825000000000000000e+04 7.299809975422899555e-02 4.551661356395084266e-04 9.995448338643604380e-01 0.000000000000000000e+00 0.000000000000000000e+00 0.000000000000000000e+00
1.850000000000000000e+04 7.399807372346511869e-02 0.000000000000000000e+00 1.000000000000000000e+00 0.000000000000000000e+00 0.000000000000000000e+00 0.000000000000000000e+00
1.875000000000000000e+04 7.499804769270101978e-02 2.275830678197542133e-04 9.997724169321802190e-01 0.000000000000000000e+00 0.000000000000000000e+00 0.000000000000000000e+00
1.900000000000000000e+04 7.599802166193714292e-02 0.000000000000000000e+00 1.000000000000000000e+00 0.000000000000000000e+00 0.000000000000000000e+00 0.000000000000000000e+00
1.925000000000000000e+04 7.699799563117304402e-02 0.000000000000000000e+00 1.000000000000000000e+00 0.000000000000000000e+00 0.000000000000000000e+00 0.000000000000000000e+00
1.950000000000000000e+04 7.799796960040916716e-02 0.000000000000000000e+00 1.000000000000000000e+00 0.000000000000000000e+00 0.000000000000000000e+00 0.000000000000000000e+00
1.975000000000000000e+04 7.899794356964506825e-02 0.000000000000000000e+00 1.000000000000000000e+00 0.000000000000000000e+00 0.000000000000000000e+00 0.000000000000000000e+00
2.000000000000000000e+04 7.999791753888119139e-02 0.000000000000000000e+00 1.000000000000000000e+00 0.000000000000000000e+00 0.000000000000000000e+00 0.000000000000000000e+00
2.025000000000000000e+04 8.099789150811709249e-02 1.137915339098771066e-04 9.998862084660901095e-01 0.000000000000000000e+00 0.000000000000000000e+00 0.000000000000000000e+00
2.050000000000000000e+04 8.199786547735321562e-02 1.137915339098771066e-04 9.998862084660901095e-01 0.000000000000000000e+00 0.000000000000000000e+00 0.000000000000000000e+00
2.075000000000000000e+04 8.299783944658911672e-02 0.000000000000000000e+00 1.000000000000000000e+00 0.000000000000000000e+00 0.000000000000000000e+00 0.000000000000000000e+00
2.100000000000000000e+04 8.399781341582523986e-02 5.689576695493854790e-04 9.994310423304506585e-01 0.000000000000000000e+00 0.000000000000000000e+00 0.000000000000000000e+00
2.125000000000000000e+04 8.499778738506114095e-02 4.551661356395084266e-04 9.995448338643604380e-01 0.000000000000000000e+00 0.000000000000000000e+00 0.000000000000000000e+00
2.150000000000000000e+04 8.599776135429726409e-02 5.689576695493854790e-04 9.993172507965407680e-01 0.000000000000000000e+00 1.137915339098771066e-04 0.000000000000000000e+00
2.175000000000000000e+04 8.699773532353316519e-02 1.024123805188893906e-03 9.988620846609012061e-01 0.000000000000000000e+00 1.137915339098771066e-04 0.000000000000000000e+00
2.200000000000000000e+04 8.799770929276928833e-02 4.551661356395084266e-04 9.995448338643604380e-01 0.000000000000000000e+00 0.000000000000000000e+00 0.000000000000000000e+00
2.225000000000000000e+04 8.899768326200518942e-02 1.706873008648156654e-03 9.981793354574419741e-01 0.000000000000000000e+00 1.137915339098771066e-04 0.000000000000000000e+00
2.250000000000000000e+04 8.999765723124131256e-02 6.827492034592626399e-04 9.990896677287209870e-01 0.000000000000000000e+00 2.275830678197542133e-04 0.000000000000000000e+00
2.275000000000000000e+04 9.099763120047743570e-02 0.000000000000000000e+00 1.000000000000000000e+00 0.000000000000000000e+00 0.000000000000000000e+00 0.000000000000000000e+00
2.300000000000000000e+04 9.199760516971333679e-02 1.706873008648156654e-03 9.982931269913518646e-01 0.000000000000000000e+00 0.000000000000000000e+00 0.000000000000000000e+00
2.325000000000000000e+04 9.299757913894945993e-02 1.137915339098770958e-03 9.988620846609012061e-01 0.000000000000000000e+00 0.000000000000000000e+00 0.000000000000000000e+00
2.350000000000000000e+04 9.399755310818536103e-02 6.827492034592626399e-04 9.993172507965407680e-01 0.000000000000000000e+00 0.000000000000000000e+00 0.000000000000000000e+00
2.375000000000000000e+04 9.499752707742148417e-02 2.844788347746927612e-03 9.971552116522530707e-01 0.000000000000000000e+00 0.000000000000000000e+00 0.000000000000000000e+00
2.400000000000000000e+04 9.599750104665738526e-02 1.593081474738279385e-03 9.982931269913518646e-01 0.000000000000000000e+00 1.137915339098771066e-04 0.000000000000000000e+00
2.425000000000000000e+04 9.699747501589350840e-02 1.593081474738279385e-03 9.982931269913518646e-01 0.000000000000000000e+00 1.137915339098771066e-04 0.000000000000000000e+00
2.450000000000000000e+04 9.799744898512940949e-02 3.527537551206190360e-03 9.964724624487938387e-01 0.000000000000000000e+00 0.000000000000000000e+00 0.000000000000000000e+00
2.475000000000000000e+04 9.899742295436553263e-02 3.527537551206190360e-03 9.961310878470641672e-01 0.000000000000000000e+00 3.413746017296313199e-04 0.000000000000000000e+00
2.500000000000000000e+04 9.999739692360143373e-02 1.934456076467910759e-03 9.979517523896221931e-01 0.000000000000000000e+00 1.137915339098771066e-04 0.000000000000000000e+00
2.525000000000000000e+04 1.009973708928375569e-01 2.730996813837050560e-03 9.970414201183431802e-01 0.000000000000000000e+00 2.275830678197542133e-04 0.000000000000000000e+00
2.550000000000000000e+04 1.019973448620734580e-01 4.551661356395083832e-03 9.949931725079653733e-01 0.000000000000000000e+00 4.551661356395084266e-04 0.000000000000000000e+00
2.575000000000000000e+04 1.029973188313095811e-01 2.617205279927173507e-03 9.972690031861629611e-01 0.000000000000000000e+00 1.137915339098771066e-04 0.000000000000000000e+00
2.600000000000000000e+04 1.039972928005454822e-01 5.917159763313609329e-03 9.939690487027764698e-01 0.000000000000000000e+00 1.137915339098771066e-04 0.000000000000000000e+00
2.625000000000000000e+04 1.049972667697816053e-01 5.006827492034592909e-03 9.949931725079653733e-01 0.000000000000000000e+00 0.000000000000000000e+00 0.000000000000000000e+00
2.650000000000000000e+04 1.059972407390175064e-01 6.258534365043240920e-03 9.932862994993172379e-01 0.000000000000000000e+00 4.551661356395084266e-04 0.000000000000000000e+00
2.675000000000000000e+04 1.069972147082536296e-01 8.875739644970414427e-03 9.906690942193900895e-01 0.000000000000000000e+00 4.551661356395084266e-04 0.000000000000000000e+00
2.700000000000000000e+04 1.079971886774895307e-01 1.502048247610377786e-02 9.825898953117887524e-01 0.000000000000000000e+00 2.389622212107419402e-03 0.000000000000000000e+00
2.725000000000000000e+04 1.089971626467256538e-01 2.332726445152480746e-02 9.703004096495220221e-01 0.000000000000000000e+00 6.372325898953117539e-03 0.000000000000000000e+00
2.750000000000000000e+04 1.099971366159615549e-01 8.375056895766955223e-02 6.852526172052799680e-01 0.000000000000000000e+00 2.309968138370505353e-01 0.000000000000000000e+00
2.775000000000000000e+04 1.109971105851976780e-01 1.593081474738279601e-01 2.362312243969048597e-01 9.330905780609922637e-03 5.951297223486572419e-01 0.000000000000000000e+00
2.800000000000000000e+04 1.119970845544335791e-01 2.644515248065543722e-01 3.775603095129722586e-01 2.312243969048702885e-01 1.267637687756031084e-01 0.000000000000000000e+00
2.825000000000000000e+04 1.129970585236697023e-01 2.352071005917159841e-01 4.446973145197997135e-01 2.792444242148384159e-01 4.085116067364587961e-02 0.000000000000000000e+00
2.850000000000000000e+04 1.139970324929056034e-01 2.189349112426035582e-01 4.797451069640418786e-01 2.827719617660446327e-01 1.854802002730996865e-02 0.000000000000000000e+00
2.875000000000000000e+04 1.149970064621417265e-01 2.162039144287664916e-01 5.091033227127901295e-01 2.578516158397815006e-01 1.684114701866181243e-02 0.000000000000000000e+00
2.900000000000000000e+04 1.159969804313776276e-01 2.111970869367319203e-01 5.269685935366408280e-01 2.470414201183432079e-01 1.479289940828402289e-02 0.000000000000000000e+00
2.925000000000000000e+04 1.169969544006137507e-01 2.082385070550751005e-01 5.362994993172508496e-01 2.365725989986345035e-01 1.888939462903959851e-02 0.000000000000000000e+00
2.950000000000000000e+04 1.179969283698496518e-01 2.032316795630405015e-01 5.653163404642694845e-01 2.027765134274009950e-01 2.867546654528902936e-02 0.000000000000000000e+00
2.975000000000000000e+04 1.189969023390857750e-01 1.147018661811561174e-01 7.024351388256713236e-01 1.771734182976786587e-01 5.689576695493855224e-03 0.000000000000000000e+00
3.000000000000000000e+04 1.199968763083216761e-01 9.239872553482020301e-02 6.939007737824305355e-01 2.108557123350022766e-01 2.844788347746927612e-03 0.000000000000000000e+00
3.025000000000000000e+04 1.209968502775577992e-01 8.568502503413745475e-02 6.957214383249886724e-01 2.162039144287664916e-01 2.389622212107419402e-03 0.000000000000000000e+00
3.050000000000000000e+04 1.219968242467937003e-01 8.477469276285844180e-02 6.981110605370960398e-01 2.140418752844788219e-01 3.072371415566681717e-03 0.000000000000000000e+00
3.075000000000000000e+04 1.229967982160298234e-01 8.693673190714611143e-02 7.131315430131998090e-01 1.974283113336367801e-01 2.503413746017296455e-03 0.000000000000000000e+00
3.100000000000000000e+04 1.239967721852657245e-01 7.862994993172507663e-02 7.377105143377332697e-01 1.800182066454255880e-01 3.641329085116067413e-03 0.000000000000000000e+00
3.125000000000000000e+04 1.249967461545018477e-01 6.247155211652252738e-02 7.534137460172962708e-01 1.811561219845243542e-01 2.958579881656804664e-03 0.000000000000000000e+00
3.150000000000000000e+04 1.259967201237377488e-01 6.258534365043240399e-02 7.530723714155667103e-01 1.811561219845243542e-01 3.186162949476558769e-03 0.000000000000000000e+00
3.175000000000000000e+04 1.269966940929738719e-01 6.247155211652252738e-02 7.530723714155667103e-01 1.814974965862539702e-01 2.958579881656804664e-03 0.000000000000000000e+00
3.200000000000000000e+04 1.279966680622097730e-01 6.053709604005461792e-02 7.553482020937641872e-01 1.809285389167046010e-01 3.186162949476558769e-03 0.000000000000000000e+00
3.225000000000000000e+04 1.289966420314458961e-01 5.985434683659535821e-02 7.552344105598542967e-01 1.813837050523441075e-01 3.527537551206190360e-03 0.000000000000000000e+00
3.250000000000000000e+04 1.299966160006817972e-01 6.099226217569413133e-02 7.546654528903049552e-01 1.813837050523441075e-01 2.958579881656804664e-03 0.000000000000000000e+00
3.275000000000000000e+04 1.309965899699179204e-01 5.871643149749658508e-02 7.554619936276740777e-01 1.821802457897132577e-01 3.641329085116067413e-03 0.000000000000000000e+00
3.300000000000000000e+04 1.319965639391538215e-01 5.905780609922621494e-02 7.550068274920346267e-01 1.818388711879836139e-01 4.096495220755575623e-03 0.000000000000000000e+00
3.325000000000000000e+04 1.329965379083899446e-01 5.996813837050523482e-02 7.551206190259445172e-01 1.819526627218935044e-01 2.958579881656804664e-03 0.000000000000000000e+00
3.350000000000000000e+04 1.339965118776258457e-01 6.008192990441511144e-02 7.553482020937641872e-01 1.811561219845243542e-01 3.413746017296313308e-03 0.000000000000000000e+00
3.375000000000000000e+04 1.349964858468619688e-01 6.121984524351388457e-02 7.554619936276740777e-01 1.803595812471552040e-01 2.958579881656804664e-03 0.000000000000000000e+00
3.400000000000000000e+04 1.359964598160980920e-01 5.905780609922621494e-02 7.559171597633136397e-01 1.820664542558033672e-01 2.958579881656804664e-03 0.000000000000000000e+00
3.425000000000000000e+04 1.369964337853339931e-01 6.053709604005461792e-02 7.558033682294037492e-01 1.816112881201638607e-01 2.048247610377787811e-03 0.000000000000000000e+00
3.450000000000000000e+04 1.379964077545701162e-01 5.985434683659535821e-02 7.564861174328629811e-01 1.805871643149749572e-01 3.072371415566681717e-03 0.000000000000000000e+00
3.475000000000000000e+04 1.389963817238060173e-01 5.951297223486572835e-02 7.554619936276740777e-01 1.817250796540737234e-01 3.299954483386436255e-03 0.000000000000000000e+00
3.500000000000000000e+04 1.399963556930421404e-01 5.837505689576695522e-02 7.562585343650432002e-01 1.819526627218935044e-01 3.413746017296313308e-03 0.000000000000000000e+00
3.525000000000000000e+04 1.409963296622780415e-01 6.076467910787437116e-02 7.555757851615839682e-01 1.814974965862539702e-01 2.162039144287664864e-03 0.000000000000000000e+00
3.550000000000000000e+04 1.419963036315141647e-01 5.917159763313609155e-02 7.559171597633136397e-01 1.811561219845243542e-01 3.755120619025944465e-03 0.000000000000000000e+00
3.575000000000000000e+04 1.429962776007500658e-01 6.087847064178425471e-02 7.551206190259445172e-01 1.810423304506144637e-01 2.958579881656804664e-03 0.000000000000000000e+00
3.600000000000000000e+04 1.439962515699861889e-01 5.939918070095585173e-02 7.559171597633136397e-01 1.816112881201638607e-01 3.072371415566681717e-03 0.000000000000000000e+00
3.625000000000000000e+04 1.449962255392220900e-01 6.019572143832498806e-02 7.561447428311333097e-01 1.807009558488848477e-01 2.958579881656804664e-03 0.000000000000000000e+00
3.650000000000000000e+04 1.459961995084582131e-01 6.008192990441511144e-02 7.559171597633136397e-01 1.810423304506144637e-01 2.958579881656804664e-03 0.000000000000000000e+00
3.675000000000000000e+04 1.469961734776941142e-01 5.757851615839781195e-02 7.564861174328629811e-01 1.826354119253527641e-01 3.299954483386436255e-03 0.000000000000000000e+00
3.700000000000000000e+04 1.479961474469302374e-01 6.133363677742376119e-02 7.552344105598542967e-01 1.807009558488848477e-01 2.730996813837050560e-03 0.000000000000000000e+00
3.725000000000000000e+04 1.489961214161661385e-01 5.917159763313609155e-02 7.564861174328629811e-01 1.808147473827947105e-01 3.527537551206190360e-03 0.000000000000000000e+00
3.750000000000000000e+04 1.499960953854022616e-01 5.894401456531633832e-02 7.559171597633136397e-01 1.810423304506144637e-01 4.096495220755575623e-03 0.000000000000000000e+00
3.775000000000000000e+04 1.509960693546381627e-01 5.928538916704597511e-02 7.562585343650432002e-01 1.812699135184342170e-01 3.186162949476558769e-03 0.000000000000000000e+00
3.800000000000000000e+04 1.519960433238742858e-01 6.053709604005461792e-02 7.556895766954938587e-01 1.802457897132453413e-01 3.527537551206190360e-03 0.000000000000000000e+00
3.825000000000000000e+04 1.529960172931101869e-01 6.156121984524351443e-02 7.558033682294037492e-01 1.796768320436959443e-01 2.958579881656804664e-03 0.000000000000000000e+00
3.850000000000000000e+04 1.539959912623463101e-01 6.178880291306326766e-02 7.548930359581247362e-01 1.801319981793354508e-01 3.186162949476558769e-03 0.000000000000000000e+00
3.875000000000000000e+04 1.549959652315822112e-01 6.030951297223486468e-02 7.558033682294037492e-01 1.805871643149749572e-01 3.299954483386436255e-03 0.000000000000000000e+00
3.900000000000000000e+04 1.559959392008183343e-01 6.030951297223486468e-02 7.553482020937641872e-01 1.813837050523441075e-01 2.958579881656804664e-03 0.000000000000000000e+00
3.925000000000000000e+04 1.569959131700542354e-01 5.928538916704597511e-02 7.562585343650432002e-01 1.812699135184342170e-01 3.186162949476558769e-03 0.000000000000000000e+00
3.950000000000000000e+04 1.579958871392903585e-01 6.110605370960400795e-02 7.565999089667728716e-01 1.786527082385070686e-01 3.641329085116067413e-03 0.000000000000000000e+00
3.975000000000000000e+04 1.589958611085262596e-01 6.030951297223486468e-02 7.554619936276740777e-01 1.812699135184342170e-01 2.958579881656804664e-03 0.000000000000000000e+00
4.000000000000000000e+04 1.599958350777623828e-01 6.144742831133363781e-02 7.559171597633136397e-01 1.799044151115156975e-01 2.730996813837050560e-03 0.000000000000000000e+00
4.025000000000000000e+04 1.609958090469982839e-01 6.167501137915339104e-02 7.555757851615839682e-01 1.797906235776058348e-01 2.958579881656804664e-03 0.000000000000000000e+00
4.050000000000000000e+04 1.619957830162344070e-01 6.076467910787437116e-02 7.565999089667728716e-01 1.799044151115156975e-01 2.730996813837050560e-03 0.000000000000000000e+00
4.075000000000000000e+04 1.629957569854703081e-01 6.178880291306326766e-02 7.563723258989530907e-01 1.787664997724169313e-01 3.072371415566681717e-03 0.000000000000000000e+00
4.100000000000000000e+04 1.639957309547064312e-01 5.962676376877560497e-02 7.569412835685025431e-01 1.796768320436959443e-01 3.755120619025944465e-03 0.000000000000000000e+00
4.125000000000000000e+04 1.649957049239423323e-01 6.121984524351388457e-02 7.556895766954938587e-01 1.800182066454255880e-01 3.072371415566681717e-03 0.000000000000000000e+00
4.150000000000000000e+04 1.659956788931784555e-01 5.962676376877560497e-02 7.570550751024124336e-01 1.796768320436959443e-01 3.641329085116067413e-03 0.000000000000000000e+00
4.175000000000000000e+04 1.669956528624143566e-01 6.224396904870277414e-02 7.560309512972235302e-01 1.787664997724169313e-01 2.958579881656804664e-03 0.000000000000000000e+00
4.200000000000000000e+04 1.679956268316504797e-01 6.383705052344106068e-02 7.565999089667728716e-01 1.767182521620391522e-01 2.844788347746927612e-03 0.000000000000000000e+00
4.225000000000000000e+04 1.689956008008863808e-01 6.144742831133363781e-02 7.568274920345926526e-01 1.766044606281292617e-01 5.120619025944469528e-03 0.000000000000000000e+00
4.250000000000000000e+04 1.699955747701225039e-01 6.213017751479289752e-02 7.578516158397815561e-01 1.762630860263996457e-01 3.755120619025944465e-03 0.000000000000000000e+00
4.275000000000000000e+04 1.709955487393584050e-01 6.338188438780155420e-02 7.573964497041419941e-01 1.763768775603095085e-01 2.844788347746927612e-03 0.000000000000000000e+00
4.300000000000000000e+04 1.719955227085945282e-01 6.201638598088302090e-02 7.568274920345926526e-01 1.768320436959490149e-01 4.324078288575329727e-03 0.000000000000000000e+00
4.325000000000000000e+04 1.729954966778304293e-01 6.326809285389166371e-02 7.578516158397815561e-01 1.760355029585798925e-01 2.844788347746927612e-03 0.000000000000000000e+00
4.350000000000000000e+04 1.739954706470665524e-01 6.258534365043240399e-02 7.578516158397815561e-01 1.769458352298589054e-01 2.617205279927173507e-03 0.000000000000000000e+00
4.375000000000000000e+04 1.749954446163024535e-01 6.474738279472007363e-02 7.564861174328629811e-01 1.751251706873008518e-01 3.641329085116067413e-03 0.000000000000000000e+00
4.400000000000000000e+04 1.759954185855385767e-01 6.520254893035958010e-02 7.554619936276740777e-01 1.763768775603095085e-01 2.958579881656804664e-03 0.000000000000000000e+00
4.425000000000000000e+04 1.769953925547744777e-01 6.645425580336822291e-02 7.523896222121073674e-01 1.762630860263996457e-01 4.893035958124715423e-03 0.000000000000000000e+00
4.450000000000000000e+04 1.779953665240106009e-01 6.850250341374601593e-02 7.480655439235320836e-01 1.813837050523441075e-01 2.048247610377787811e-03 0.000000000000000000e+00
4.475000000000000000e+04 1.789953404932465020e-01 6.975421028675465873e-02 7.445380063723259223e-01 1.830905780609922706e-01 2.617205279927173507e-03 0.000000000000000000e+00
4.500000000000000000e+04 1.799953144624826251e-01 7.077833409194356218e-02 7.415794264906691025e-01 1.850250341374601593e-01 2.617205279927173507e-03 0.000000000000000000e+00
4.525000000000000000e+04 1.809952884317187483e-01 7.271279016841146470e-02 7.267865270823851143e-01 1.975421028675466428e-01 2.958579881656804664e-03 0.000000000000000000e+00
4.550000000000000000e+04 1.819952624009546494e-01 7.954028220300408958e-02 6.763768775603095085e-01 2.372553482020937632e-01 6.827492034592626616e-03 0.000000000000000000e+00
4.575000000000000000e+04 1.829952363701907725e-01 8.557123350022757813e-02 6.611288120163859583e-01 2.361174328629949970e-01 1.718252162039144229e-02 0.000000000000000000e+00
4.600000000000000000e+04 1.839952103394266736e-01 7.874374146563495325e-02 6.565771506599908935e-01 2.529585798816568198e-01 1.172052799271734204e-02 0.000000000000000000e+00
4.625000000000000000e+04 1.849951843086627967e-01 8.022303140646336317e-02 6.571461083295402350e-01 2.518206645425580259e-01 1.081019572143832562e-02 0.000000000000000000e+00
4.650000000000000000e+04 1.859951582778986978e-01 8.375056895766955223e-02 6.560081929904415521e-01 2.485207100591715901e-01 1.172052799271734204e-02 0.000000000000000000e+00
4.675000000000000000e+04 1.869951322471348210e-01 8.557123350022757813e-02 6.557806099226217711e-01 2.462448793809740577e-01 1.240327719617660522e-02 0.000000000000000000e+00
4.700000000000000000e+04 1.879951062163707221e-01 8.397815202548930547e-02 6.563495675921711126e-01 2.506827492034592875e-01 8.989531178880291046e-03 0.000000000000000000e+00
4.725000000000000000e+04 1.889950801856068452e-01 8.295402822030041590e-02 6.571461083295402350e-01 2.479517523896222209e-01 1.194811106053709528e-02 0.000000000000000000e+00
4.750000000000000000e+04 1.899950541548427463e-01 8.670914883932635819e-02 6.615839781520255203e-01 2.402139280837505553e-01 1.149294492489758707e-02 0.000000000000000000e+00
4.775000000000000000e+04 1.909950281240788694e-01 8.443331816112881194e-02 6.620391442876649712e-01 2.424897587619481154e-01 1.103777878925807886e-02 0.000000000000000000e+00
4.800000000000000000e+04 1.919950020933147705e-01 8.249886208466089554e-02 6.884387801547564578e-01 2.179107874374146547e-01 1.115157032316795548e-02 0.000000000000000000e+00
4.825000000000000000e+04 1.929949760625508937e-01 7.828857532999544677e-02 6.904870277651342647e-01 2.191624943104233114e-01 1.206190259444697363e-02 0.000000000000000000e+00
4.850000000000000000e+04 1.939949500317867948e-01 8.079198907601274626e-02 6.941283568502503165e-01 2.171142467000455045e-01 7.965407373691398007e-03 0.000000000000000000e+00
4.875000000000000000e+04 1.949949240010229179e-01 8.181611288120163583e-02 6.941283568502503165e-01 2.150659990896677254e-01 8.989531178880291046e-03 0.000000000000000000e+00
4.900000000000000000e+04 1.959948979702588190e-01 8.022303140646336317e-02 6.932180245789713036e-01 2.168866636322257513e-01 9.672280382339554228e-03 0.000000000000000000e+00
4.925000000000000000e+04 1.969948719394949421e-01 8.022303140646336317e-02 6.934456076467910846e-01 2.175694128356850388e-01 8.761948111060537808e-03 0.000000000000000000e+00
4.950000000000000000e+04 1.979948459087308432e-01 8.397815202548930547e-02 6.952662721893491105e-01 2.122212107419207960e-01 8.534365043240782836e-03 0.000000000000000000e+00
4.975000000000000000e+04 1.989948198779669664e-01 8.045061447428311641e-02 6.954938552571688914e-01 2.168866636322257513e-01 7.168866636322257339e-03 0.000000000000000000e+00
5.000000000000000000e+04 1.999947938472028675e-01 8.170232134729175921e-02 6.961766044606281234e-01 2.150659990896677254e-01 7.055075102412380721e-03 0.000000000000000000e+00
5.025000000000000000e+04 2.009947678164389906e-01 8.363677742375967561e-02 6.957214383249886724e-01 2.131315430131998090e-01 7.510241238051888930e-03 0.000000000000000000e+00
5.050000000000000000e+04 2.019947417856748917e-01 8.352298588984979899e-02 6.954938552571688914e-01 2.123350022758306865e-01 8.648156577150659455e-03 0.000000000000000000e+00
5.075000000000000000e+04 2.029947157549110148e-01 8.420573509330905870e-02 6.941283568502503165e-01 2.134729176149294527e-01 8.192990441511151245e-03 0.000000000000000000e+00
5.100000000000000000e+04 2.039946897241469159e-01 8.158852981338188259e-02 6.943559399180700975e-01 2.147246244879381094e-01 9.330905780609922637e-03 0.000000000000000000e+00
5.125000000000000000e+04 2.049946636933830391e-01 8.443331816112881194e-02 6.976558944014564778e-01 2.083522985889849910e-01 9.558488848429677609e-03 0.000000000000000000e+00
5.150000000000000000e+04 2.059946376626189402e-01 8.284023668639053928e-02 6.943559399180700975e-01 2.159763313609467383e-01 6.827492034592626616e-03 0.000000000000000000e+00
5.175000000000000000e+04 2.069946116318550633e-01 8.693673190714611143e-02 6.951524806554392200e-01 2.096040054619936199e-01 8.306781975421027864e-03 0.000000000000000000e+00
5.200000000000000000e+04 2.079945856010909644e-01 8.716431497496586467e-02 6.933318161128811941e-01 2.134729176149294527e-01 6.030951297223486815e-03 0.000000000000000000e+00
5.225000000000000000e+04 2.089945595703270875e-01 7.908511606736458310e-02 6.973145197997269173e-01 2.157487482931269851e-01 7.851615839781519654e-03 0.000000000000000000e+00
5.250000000000000000e+04 2.099945335395629886e-01 9.535730541647700897e-02 6.908284023668639362e-01 2.060764679107874309e-01 7.737824305871643035e-03 0.000000000000000000e+00
5.275000000000000000e+04 2.109945075087991118e-01 9.899863450159307465e-02 6.645425580336823401e-01 2.170004551661356418e-01 1.945835229858898507e-02 0.000000000000000000e+00
5.300000000000000000e+04 2.119944814780350129e-01 1.012744651797906209e-01 6.623805188893946427e-01 2.060764679107874309e-01 3.026854802002730896e-02 0.000000000000000000e+00
5.325000000000000000e+04 2.129944554472711360e-01 9.797451069640418508e-02 6.876422394173873354e-01 1.860491579426490627e-01 2.833409194355939950e-02 0.000000000000000000e+00
5.350000000000000000e+04 2.139944294165070371e-01 9.729176149294492537e-02 7.272416932180245652e-01 1.618115612198452458e-01 1.365498406918525323e-02 0.000000000000000000e+00
5.375000000000000000e+04 2.149944033857431602e-01 9.217114246700044977e-02 7.538689121529358328e-01 1.525944469731451980e-01 1.365498406918525280e-03 0.000000000000000000e+00
5.400000000000000000e+04 2.159943773549790613e-01 9.638142922166591242e-02 7.455621301775148257e-01 1.549840691852526209e-01 3.072371415566681717e-03 0.000000000000000000e+00
5.425000000000000000e+04 2.169943513242151845e-01 9.410559854346836617e-02 7.495448338643604380e-01 1.528220300409649512e-01 3.527537551206190360e-03 0.000000000000000000e+00
5.450000000000000000e+04 2.179943252934510856e-01 9.342284934000910646e-02 7.511379153390987939e-01 1.538461538461538547e-01 1.593081474738279385e-03 0.000000000000000000e+00
5.475000000000000000e+04 2.189942992626872087e-01 9.296768320436959998e-02 7.522758306781975879e-01 1.516841147018661851e-01 3.072371415566681717e-03 0.000000000000000000e+00
5.500000000000000000e+04 2.199942732319231098e-01 9.433318161128811941e-02 7.522758306781975879e-01 1.517979062357760478e-01 1.593081474738279385e-03 0.000000000000000000e+00
5.525000000000000000e+04 2.209942472011592329e-01 9.774692762858443185e-02 7.514792899408283544e-01 1.492944924897587622e-01 1.479289940828402332e-03 0.000000000000000000e+00
5.550000000000000000e+04 2.219942211703951340e-01 9.330905780609922984e-02 7.529585798816568198e-01 1.519116977696859383e-01 1.820664542558033706e-03 0.000000000000000000e+00
5.575000000000000000e+04 2.229941951396312572e-01 9.308147473827947660e-02 7.535275375512061613e-01 1.515703231679562946e-01 1.820664542558033706e-03 0.000000000000000000e+00
5.600000000000000000e+04 2.239941691088671583e-01 9.763313609467455523e-02 7.530723714155667103e-01 1.467910787437414766e-01 2.503413746017296455e-03 0.000000000000000000e+00
5.625000000000000000e+04 2.249941430781032814e-01 9.558488848429676221e-02 7.546654528903049552e-01 1.475876194811105990e-01 2.162039144287664864e-03 0.000000000000000000e+00
5.650000000000000000e+04 2.259941170473394045e-01 9.922621756941284177e-02 7.538689121529358328e-01 1.449704142011834229e-01 1.934456076467910759e-03 0.000000000000000000e+00
5.675000000000000000e+04 2.269940910165753056e-01 9.808830223031406170e-02 7.550068274920346267e-01 1.437187073281747940e-01 3.186162949476558769e-03 0.000000000000000000e+00
