# itime ezz other fcc hcp bcc ico
0.000000000000000000e+00 0.000000000000000000e+00 0.000000000000000000e+00 1.000000000000000000e+00 0.000000000000000000e+00 0.000000000000000000e+00 0.000000000000000000e+00
2.500000000000000000e+02 9.999801794473572869e-04 0.000000000000000000e+00 1.000000000000000000e+00 0.000000000000000000e+00 0.000000000000000000e+00 0.000000000000000000e+00
5.000000000000000000e+02 1.999960358894492529e-03 0.000000000000000000e+00 1.000000000000000000e+00 0.000000000000000000e+00 0.000000000000000000e+00 0.000000000000000000e+00
7.500000000000000000e+02 2.999940538341849816e-03 0.000000000000000000e+00 1.000000000000000000e+00 0.000000000000000000e+00 0.000000000000000000e+00 0.000000000000000000e+00
1.000000000000000000e+03 3.999920717789207103e-03 0.000000000000000000e+00 1.000000000000000000e+00 0.000000000000000000e+00 0.000000000000000000e+00 0.000000000000000000e+00
1.250000000000000000e+03 4.999900897236342345e-03 0.000000000000000000e+00 1.000000000000000000e+00 0.000000000000000000e+00 0.000000000000000000e+00 0.000000000000000000e+00
1.500000000000000000e+03 5.999881076683699632e-03 0.000000000000000000e+00 1.000000000000000000e+00 0.000000000000000000e+00 0.000000000000000000e+00 0.000000000000000000e+00
1.750000000000000000e+03 6.999861256131056919e-03 0.000000000000000000e+00 1.000000000000000000e+00 0.000000000000000000e+00 0.000000000000000000e+00 0.000000000000000000e+00
2.000000000000000000e+03 7.999841435578192161e-03 0.000000000000000000e+00 1.000000000000000000e+00 0.000000000000000000e+00 0.000000000000000000e+00 0.000000000000000000e+00
2.250000000000000000e+03 8.999821615025549448e-03 0.000000000000000000e+00 1.000000000000000000e+00 0.000000000000000000e+00 0.000000000000000000e+00 0.000000000000000000e+00
2.500000000000000000e+03 9.999801794472906735e-03 0.000000000000000000e+00 1.000000000000000000e+00 0.000000000000000000e+00 0.000000000000000000e+00 0.000000000000000000e+00
2.750000000000000000e+03 1.099978197392004198e-02 0.000000000000000000e+00 1.000000000000000000e+00 0.000000000000000000e+00 0.000000000000000000e+00 0.000000000000000000e+00
3.000000000000000000e+03 1.199976215336739926e-02 0.000000000000000000e+00 1.000000000000000000e+00 0.000000000000000000e+00 0.000000000000000000e+00 0.000000000000000000e+00
3.250000000000000000e+03 1.299974233281475655e-02 0.000000000000000000e+00 1.000000000000000000e+00 0.000000000000000000e+00 0.000000000000000000e+00 0.000000000000000000e+00
3.500000000000000000e+03 1.399972251226211384e-02 0.000000000000000000e+00 1.000000000000000000e+00 0.000000000000000000e+00 0.000000000000000000e+00 0.000000000000000000e+00
3.750000000000000000e+03 1.499970269170924908e-02 0.000000000000000000e+00 1.000000000000000000e+00 0.000000000000000000e+00 0.000000000000000000e+00 0.000000000000000000e+00
4.000000000000000000e+03 1.599968287115660637e-02 0.000000000000000000e+00 1.000000000000000000e+00 0.000000000000000000e+00 0.000000000000000000e+00 0.000000000000000000e+00
4.250000000000000000e+03 1.699966305060396365e-02 0.000000000000000000e+00 1.000000000000000000e+00 0.000000000000000000e+00 0.000000000000000000e+00 0.000000000000000000e+00
4.500000000000000000e+03 1.799964323005109890e-02 0.000000000000000000e+00 1.000000000000000000e+00 0.000000000000000000e+00 0.000000000000000000e+00 0.000000000000000000e+00
4.750000000000000000e+03 1.899962340949845618e-02 0.000000000000000000e+00 1.000000000000000000e+00 0.000000000000000000e+00 0.000000000000000000e+00 0.000000000000000000e+00
5.000000000000000000e+03 1.999960358894581347e-02 0.000000000000000000e+00 1.000000000000000000e+00 0.000000000000000000e+00 0.000000000000000000e+00 0.000000000000000000e+00
5.250000000000000000e+03 2.099958376839294871e-02 0.000000000000000000e+00 1.000000000000000000e+00 0.000000000000000000e+00 0.000000000000000000e+00 0.000000000000000000e+00
5.500000000000000000e+03 2.199956394784030600e-02 0.000000000000000000e+00 1.000000000000000000e+00 0.000000000000000000e+00 0.000000000000000000e+00 0.000000000000000000e+00
5.750000000000000000e+03 2.299954412728766329e-02 0.000000000000000000e+00 1.000000000000000000e+00 0.000000000000000000e+00 0.000000000000000000e+00 0.000000000000000000e+00
6.000000000000000000e+03 2.399952430673479853e-02 0.000000000000000000e+00 1.000000000000000000e+00 0.000000000000000000e+00 0.000000000000000000e+00 0.000000000000000000e+00
6.250000000000000000e+03 2.499950448618215582e-02 0.000000000000000000e+00 1.000000000000000000e+00 0.000000000000000000e+00 0.000000000000000000e+00 0.000000000000000000e+00
6.500000000000000000e+03 2.599948466562951310e-02 0.000000000000000000e+00 1.000000000000000000e+00 0.000000000000000000e+00 0.000000000000000000e+00 0.000000000000000000e+00
6.750000000000000000e+03 2.699946484507664834e-02 0.000000000000000000e+00 1.000000000000000000e+00 0.000000000000000000e+00 0.000000000000000000e+00 0.000000000000000000e+00
7.000000000000000000e+03 2.799944502452400563e-02 0.000000000000000000e+00 1.000000000000000000e+00 0.000000000000000000e+00 0.000000000000000000e+00 0.000000000000000000e+00
7.250000000000000000e+03 2.899942520397136292e-02 0.000000000000000000e+00 1.000000000000000000e+00 0.000000000000000000e+00 0.000000000000000000e+00 0.000000000000000000e+00
7.500000000000000000e+03 2.999940538341849816e-02 0.000000000000000000e+00 1.000000000000000000e+00 0.000000000000000000e+00 0.000000000000000000e+00 0.000000000000000000e+00
7.750000000000000000e+03 3.099938556286585545e-02 0.000000000000000000e+00 1.000000000000000000e+00 0.000000000000000000e+00 0.000000000000000000e+00 0.000000000000000000e+00
8.000000000000000000e+03 3.199936574231321273e-02 0.000000000000000000e+00 1.000000000000000000e+00 0.000000000000000000e+00 0.000000000000000000e+00 0.000000000000000000e+00
8.250000000000000000e+03 3.299934592176034798e-02 0.000000000000000000e+00 1.000000000000000000e+00 0.000000000000000000e+00 0.000000000000000000e+00 0.000000000000000000e+00
8.500000000000000000e+03 3.399932610120770526e-02 0.000000000000000000e+00 1.000000000000000000e+00 0.000000000000000000e+00 0.000000000000000000e+00 0.000000000000000000e+00
8.750000000000000000e+03 3.499930628065506255e-02 0.000000000000000000e+00 1.000000000000000000e+00 0.000000000000000000e+00 0.000000000000000000e+00 0.000000000000000000e+00
9.000000000000000000e+03 3.599928646010219779e-02 0.000000000000000000e+00 1.000000000000000000e+00 0.000000000000000000e+00 0.000000000000000000e+00 0.000000000000000000e+00
9.250000000000000000e+03 3.699926663954955508e-02 0.000000000000000000e+00 1.000000000000000000e+00 0.000000000000000000e+00 0.000000000000000000e+00 0.000000000000000000e+00
9.500000000000000000e+03 3.799924681899691237e-02 0.000000000000000000e+00 1.000000000000000000e+00 0.000000000000000000e+00 0.000000000000000000e+00 0.000000000000000000e+00
9.750000000000000000e+03 3.899922699844426965e-02 0.000000000000000000e+00 1.000000000000000000e+00 0.000000000000000000e+00 0.000000000000000000e+00 0.000000000000000000e+00
1.000000000000000000e+04 3.999920717789140490e-02 0.000000000000000000e+00 1.000000000000000000e+00 0.000000000000000000e+00 0.000000000000000000e+00 0.000000000000000000e+00
1.025000000000000000e+04 4.099918735733876218e-02 0.000000000000000000e+00 1.000000000000000000e+00 0.000000000000000000e+00 0.000000000000000000e+00 0.000000000000000000e+00
1.050000000000000000e+04 4.199916753678611947e-02 0.000000000000000000e+00 1.000000000000000000e+00 0.000000000000000000e+00 0.000000000000000000e+00 0.000000000000000000e+00
1.075000000000000000e+04 4.299914771623325471e-02 0.000000000000000000e+00 1.000000000000000000e+00 0.000000000000000000e+00 0.000000000000000000e+00 0.000000000000000000e+00
1.100000000000000000e+04 4.399912789568061200e-02 0.000000000000000000e+00 1.000000000000000000e+00 0.000000000000000000e+00 0.000000000000000000e+00 0.000000000000000000e+00
1.125000000000000000e+04 4.499910807512796929e-02 0.000000000000000000e+00 1.000000000000000000e+00 0.000000000000000000e+00 0.000000000000000000e+00 0.000000000000000000e+00
1.150000000000000000e+04 4.599908825457510453e-02 0.000000000000000000e+00 1.000000000000000000e+00 0.000000000000000000e+00 0.000000000000000000e+00 0.000000000000000000e+00
1.175000000000000000e+04 4.699906843402246182e-02 0.000000000000000000e+00 1.000000000000000000e+00 0.000000000000000000e+00 0.000000000000000000e+00 0.000000000000000000e+00
1.200000000000000000e+04 4.799904861346981910e-02 0.000000000000000000e+00 1.000000000000000000e+00 0.000000000000000000e+00 0.000000000000000000e+00 0.000000000000000000e+00
1.225000000000000000e+04 4.899902879291695434e-02 0.000000000000000000e+00 1.000000000000000000e+00 0.000000000000000000e+00 0.000000000000000000e+00 0.000000000000000000e+00
1.250000000000000000e+04 4.999900897236431163e-02 0.000000000000000000e+00 1.000000000000000000e+00 0.000000000000000000e+00 0.000000000000000000e+00 0.000000000000000000e+00
1.275000000000000000e+04 5.099898915181166892e-02 0.000000000000000000e+00 1.000000000000000000e+00 0.000000000000000000e+00 0.000000000000000000e+00 0.000000000000000000e+00
1.300000000000000000e+04 5.199896933125880416e-02 0.000000000000000000e+00 1.000000000000000000e+00 0.000000000000000000e+00 0.000000000000000000e+00 0.000000000000000000e+00
1.325000000000000000e+04 5.299894951070616145e-02 0.000000000000000000e+00 1.000000000000000000e+00 0.000000000000000000e+00 0.000000000000000000e+00 0.000000000000000000e+00
1.350000000000000000e+04 5.399892969015351873e-02 0.000000000000000000e+00 1.000000000000000000e+00 0.000000000000000000e+00 0.000000000000000000e+00 0.000000000000000000e+00
1.375000000000000000e+04 5.499890986960065398e-02 0.000000000000000000e+00 1.000000000000000000e+00 0.000000000000000000e+00 0.000000000000000000e+00 0.000000000000000000e+00
1.400000000000000000e+04 5.599889004904801126e-02 0.000000000000000000e+00 1.000000000000000000e+00 0.000000000000000000e+00 0.000000000000000000e+00 0.000000000000000000e+00
1.425000000000000000e+04 5.699887022849536855e-02 0.000000000000000000e+00 1.000000000000000000e+00 0.000000000000000000e+00 0.000000000000000000e+00 0.000000000000000000e+00
1.450000000000000000e+04 5.799885040794250379e-02 0.000000000000000000e+00 1.000000000000000000e+00 0.000000000000000000e+00 0.000000000000000000e+00 0.000000000000000000e+00
1.475000000000000000e+04 5.899883058738986108e-02 0.000000000000000000e+00 1.000000000000000000e+00 0.000000000000000000e+00 0.000000000000000000e+00 0.000000000000000000e+00
1.500000000000000000e+04 5.999881076683721837e-02 0.000000000000000000e+00 1.000000000000000000e+00 0.000000000000000000e+00 0.000000000000000000e+00 0.000000000000000000e+00
1.525000000000000000e+04 6.099879094628457565e-02 0.000000000000000000e+00 1.000000000000000000e+00 0.000000000000000000e+00 0.000000000000000000e+00 0.000000000000000000e+00
1.550000000000000000e+04 6.199877112573171090e-02 0.000000000000000000e+00 1.000000000000000000e+00 0.000000000000000000e+00 0.000000000000000000e+00 0.000000000000000000e+00
1.575000000000000000e+04 6.299875130517906818e-02 1.137915339098771066e-04 9.998862084660901095e-01 0.000000000000000000e+00 0.000000000000000000e+00 0.000000000000000000e+00
1.600000000000000000e+04 6.399873148462642547e-02 0.000000000000000000e+00 1.000000000000000000e+00 0.000000000000000000e+00 0.000000000000000000e+00 0.000000000000000000e+00
1.625000000000000000e+04 6.499871166407356071e-02 6.827492034592626399e-04 9.993172507965407680e-01 0.000000000000000000e+00 0.000000000000000000e+00 0.000000000000000000e+00
1.650000000000000000e+04 6.599869184352091800e-02 0.000000000000000000e+00 1.000000000000000000e+00 0.000000000000000000e+00 0.000000000000000000e+00 0.000000000000000000e+00
1.675000000000000000e+04 6.699867202296827529e-02 0.000000000000000000e+00 1.000000000000000000e+00 0.000000000000000000e+00 0.000000000000000000e+00 0.000000000000000000e+00
1.700000000000000000e+04 6.799865220241541053e-02 0.000000000000000000e+00 1.000000000000000000e+00 0.000000000000000000e+00 0.000000000000000000e+00 0.000000000000000000e+00
1.725000000000000000e+04 6.899863238186276782e-02 0.000000000000000000e+00 1.000000000000000000e+00 0.000000000000000000e+00 0.000000000000000000e+00 0.000000000000000000e+00
1.750000000000000000e+04 6.999861256131012510e-02 0.000000000000000000e+00 1.000000000000000000e+00 0.000000000000000000e+00 0.000000000000000000e+00 0.000000000000000000e+00
1.775000000000000000e+04 7.099859274075726034e-02 0.000000000000000000e+00 1.000000000000000000e+00 0.000000000000000000e+00 0.000000000000000000e+00 0.000000000000000000e+00
1.800000000000000000e+04 7.199857292020461763e-02 0.000000000000000000e+00 1.000000000000000000e+00 0.000000000000000000e+00 0.000000000000000000e+00 0.000000000000000000e+00
1.825000000000000000e+04 7.299855309965197492e-02 1.137915339098771066e-04 9.998862084660901095e-01 0.000000000000000000e+00 0.000000000000000000e+00 0.000000000000000000e+00
1.850000000000000000e+04 7.399853327909911016e-02 1.137915339098771066e-04 9.998862084660901095e-01 0.000000000000000000e+00 0.000000000000000000e+00 0.000000000000000000e+00
1.875000000000000000e+04 7.499851345854646745e-02 0.000000000000000000e+00 1.000000000000000000e+00 0.000000000000000000e+00 0.000000000000000000e+00 0.000000000000000000e+00
1.900000000000000000e+04 7.599849363799382473e-02 2.275830678197542133e-04 9.997724169321802190e-01 0.000000000000000000e+00 0.000000000000000000e+00 0.000000000000000000e+00
1.925000000000000000e+04 7.699847381744095998e-02 0.000000000000000000e+00 1.000000000000000000e+00 0.000000000000000000e+00 0.000000000000000000e+00 0.000000000000000000e+00
1.950000000000000000e+04 7.799845399688831726e-02 0.000000000000000000e+00 1.000000000000000000e+00 0.000000000000000000e+00 0.000000000000000000e+00 0.000000000000000000e+00
1.975000000000000000e+04 7.899843417633567455e-02 0.000000000000000000e+00 1.000000000000000000e+00 0.000000000000000000e+00 0.000000000000000000e+00 0.000000000000000000e+00
2.000000000000000000e+04 7.999841435578280979e-02 2.275830678197542133e-04 9.997724169321802190e-01 0.000000000000000000e+00 0.000000000000000000e+00 0.000000000000000000e+00
2.025000000000000000e+04 8.099839453523016708e-02 0.000000000000000000e+00 1.000000000000000000e+00 0.000000000000000000e+00 0.000000000000000000e+00 0.000000000000000000e+00
2.050000000000000000e+04 8.199837471467752437e-02 2.275830678197542133e-04 9.997724169321802190e-01 0.000000000000000000e+00 0.000000000000000000e+00 0.000000000000000000e+00
2.075000000000000000e+04 8.299835489412465961e-02 3.413746017296313199e-04 9.996586253982703285e-01 0.000000000000000000e+00 0.000000000000000000e+00 0.000000000000000000e+00
2.100000000000000000e+04 8.399833507357201690e-02 3.413746017296313199e-04 9.996586253982703285e-01 0.000000000000000000e+00 0.000000000000000000e+00 0.000000000000000000e+00
2.125000000000000000e+04 8.499831525301937418e-02 7.965407373691396923e-04 9.990896677287209870e-01 0.000000000000000000e+00 1.137915339098771066e-04 0.000000000000000000e+00
2.150000000000000000e+04 8.599829543246673147e-02 1.137915339098770958e-03 9.988620846609012061e-01 0.000000000000000000e+00 0.000000000000000000e+00 0.000000000000000000e+00
2.175000000000000000e+04 8.699827561191386671e-02 5.689576695493854790e-04 9.994310423304506585e-01 0.000000000000000000e+00 0.000000000000000000e+00 0.000000000000000000e+00
2.200000000000000000e+04 8.799825579136122400e-02 9.103322712790168532e-04 9.990896677287209870e-01 0.000000000000000000e+00 0.000000000000000000e+00 0.000000000000000000e+00
2.225000000000000000e+04 8.899823597080858129e-02 6.827492034592626399e-04 9.993172507965407680e-01 0.000000000000000000e+00 0.000000000000000000e+00 0.000000000000000000e+00
2.250000000000000000e+04 8.999821615025571653e-02 4.551661356395084266e-04 9.995448338643604380e-01 0.000000000000000000e+00 0.000000000000000000e+00 0.000000000000000000e+00
2.275000000000000000e+04 9.099819632970307381e-02 6.827492034592626399e-04 9.993172507965407680e-01 0.000000000000000000e+00 0.000000000000000000e+00 0.000000000000000000e+00
2.300000000000000000e+04 9.199817650915043110e-02 1.137915339098770958e-03 9.988620846609012061e-01 0.000000000000000000e+00 0.000000000000000000e+00 0.000000000000000000e+00
2.325000000000000000e+04 9.299815668859756634e-02 1.024123805188893906e-03 9.988620846609012061e-01 0.000000000000000000e+00 1.137915339098771066e-04 0.000000000000000000e+00
2.350000000000000000e+04 9.399813686804492363e-02 5.689576695493854790e-04 9.993172507965407680e-01 0.000000000000000000e+00 1.137915339098771066e-04 0.000000000000000000e+00
2.375000000000000000e+04 9.499811704749228092e-02 1.479289940828402332e-03 9.982931269913518646e-01 0.000000000000000000e+00 2.275830678197542133e-04 0.000000000000000000e+00
2.400000000000000000e+04 9.599809722693941616e-02 7.965407373691396923e-04 9.992034592626308775e-01 0.000000000000000000e+00 0.000000000000000000e+00 0.000000000000000000e+00
2.425000000000000000e+04 9.699807740638677345e-02 2.730996813837050560e-03 9.970414201183431802e-01 0.000000000000000000e+00 2.275830678197542133e-04 0.000000000000000000e+00
2.450000000000000000e+04 9.799805758583413073e-02 1.251706873008648227e-03 9.987482931269913156e-01 0.000000000000000000e+00 0.000000000000000000e+00 0.000000000000000000e+00
2.475000000000000000e+04 9.899803776528126598e-02 3.868912152935821518e-03 9.959035047792443862e-01 0.000000000000000000e+00 2.275830678197542133e-04 0.000000000000000000e+00
2.500000000000000000e+04 9.999801794472862326e-02 3.186162949476558769e-03 9.967000455166135087e-01 0.000000000000000000e+00 1.137915339098771066e-04 0.000000000000000000e+00
2.525000000000000000e+04 1.009979981241759805e-01 3.072371415566681717e-03 9.968138370505233992e-01 0.000000000000000000e+00 1.137915339098771066e-04 0.000000000000000000e+00
2.550000000000000000e+04 1.019979783036231158e-01 3.186162949476558769e-03 9.968138370505233992e-01 0.000000000000000000e+00 0.000000000000000000e+00 0.000000000000000000e+00
2.575000000000000000e+04 1.029979584830704731e-01 5.234410559854347014e-03 9.944242148384160318e-01 0.000000000000000000e+00 3.413746017296313199e-04 0.000000000000000000e+00
2.600000000000000000e+04 1.039979386625178304e-01 6.258534365043240920e-03 9.932862994993172379e-01 0.000000000000000000e+00 4.551661356395084266e-04 0.000000000000000000e+00
2.625000000000000000e+04 1.049979188419649656e-01 7.282658170232134826e-03 9.914656349567592120e-01 0.000000000000000000e+00 1.251706873008648227e-03 0.000000000000000000e+00
2.650000000000000000e+04 1.059978990214123229e-01 7.510241238051888930e-03 9.920345926263085534e-01 0.000000000000000000e+00 4.551661356395084266e-04 0.000000000000000000e+00
2.675000000000000000e+04 1.069978792008596802e-01 9.217114246700046018e-03 9.887346381429221731e-01 0.000000000000000000e+00 2.048247610377787811e-03 0.000000000000000000e+00
2.700000000000000000e+04 1.079978593803068154e-01 1.115157032316795548e-02 9.873691397360035982e-01 0.000000000000000000e+00 1.479289940828402332e-03 0.000000000000000000e+00
2.725000000000000000e+04 1.089978395597541727e-01 2.230314064633591095e-02 9.679107874374146547e-01 0.000000000000000000e+00 9.786071916249430847e-03 0.000000000000000000e+00
2.750000000000000000e+04 1.099978197392015300e-01 8.591260810195720798e-02 6.711424670004552118e-01 1.024123805188893906e-03 2.419208010923987184e-01 0.000000000000000000e+00
2.775000000000000000e+04 1.109977999186488873e-01 1.804733727810650945e-01 2.983614019116977434e-01 5.575785161583977911e-02 4.654073736913973414e-01 0.000000000000000000e+00
2.800000000000000000e+04 1.119977800980960225e-01 1.734182976786527164e-01 5.499544833864360438e-01 2.469276285844333174e-01 2.969959035047792587e-02 0.000000000000000000e+00
2.825000000000000000e+04 1.129977602775433798e-01 1.298361401911697632e-01 6.222121074192079604e-01 2.340691852526172179e-01 1.388256713700500647e-02 0.000000000000000000e+00
2.850000000000000000e+04 1.139977404569907371e-01 8.614019116977697510e-02 6.407601274465180019e-01 2.637687756030951403e-01 9.330905780609922637e-03 0.000000000000000000e+00
2.875000000000000000e+04 1.149977206364378723e-01 7.532999544833864081e-02 6.429221665908056993e-01 2.711652253072371344e-01 1.058261265361857065e-02 0.000000000000000000e+00
2.900000000000000000e+04 1.159977008158852296e-01 7.441966317705962786e-02 6.412152935821574529e-01 2.729858898497951603e-01 1.137915339098771045e-02 0.000000000000000000e+00
2.925000000000000000e+04 1.169976809953325869e-01 7.191624943104232837e-02 6.432635411925352598e-01 2.720755575785161473e-01 1.274465179790623508e-02 0.000000000000000000e+00
2.950000000000000000e+04 1.179976611747797222e-01 7.441966317705962786e-02 6.449704142011833952e-01 2.677514792899408080e-01 1.285844333181611343e-02 0.000000000000000000e+00
2.975000000000000000e+04 1.189976413542270794e-01 7.385070550751024476e-02 6.441738734638142727e-01 2.703686845698680119e-01 1.160673645880746542e-02 0.000000000000000000e+00
3.000000000000000000e+04 1.199976215336744367e-01 7.373691397360036814e-02 6.438324988620847122e-01 2.709376422394174089e-01 1.149294492489758707e-02 0.000000000000000000e+00
3.025000000000000000e+04 1.209976017131215720e-01 7.225762403277195822e-02 6.438324988620847122e-01 2.717341829767865313e-01 1.217569412835685025e-02 0.000000000000000000e+00
3.050000000000000000e+04 1.219975818925689293e-01 7.066454255803368556e-02 6.495220755575785709e-01 2.743513882567136797e-01 5.461993627674101119e-03 0.000000000000000000e+00
3.075000000000000000e+04 1.229975620720162865e-01 7.339553937187073829e-02 6.486117432862994470e-01 2.701411015020482309e-01 7.851615839781519654e-03 0.000000000000000000e+00
3.100000000000000000e+04 1.239975422514634218e-01 7.362312243969049153e-02 6.508875739644970349e-01 2.683204369594902050e-01 7.168866636322257339e-03 0.000000000000000000e+00
3.125000000000000000e+04 1.249975224309107791e-01 7.612653618570777714e-02 6.487255348202093375e-01 2.659308147473827821e-01 9.217114246700046018e-03 0.000000000000000000e+00
3.150000000000000000e+04 1.259975026103581364e-01 8.363677742375967561e-02 6.490669094219390090e-01 2.628584433318161273e-01 4.437869822485207214e-03 0.000000000000000000e+00
3.175000000000000000e+04 1.269974827898052716e-01 8.329540282203004575e-02 6.538461538461538547e-01 2.559171597633135842e-01 6.941283568502503235e-03 0.000000000000000000e+00
3.200000000000000000e+04 1.279974629692526289e-01 8.431952662721893532e-02 6.613563950842057393e-01 2.468138370505234547e-01 7.510241238051888930e-03 0.000000000000000000e+00
3.225000000000000000e+04 1.289974431486999862e-01 8.329540282203004575e-02 6.667045971779699265e-01 2.391898042785616796e-01 1.081019572143832562e-02 0.000000000000000000e+00
3.250000000000000000e+04 1.299974233281471214e-01 6.167501137915339104e-02 7.316795630405097395e-01 2.032316795630405015e-01 3.413746017296313308e-03 0.000000000000000000e+00
3.275000000000000000e+04 1.309974035075944787e-01 6.087847064178425471e-02 7.503413746017296715e-01 1.858215748748293095e-01 2.958579881656804664e-03 0.000000000000000000e+00
3.300000000000000000e+04 1.319973836870418360e-01 6.190259444697314428e-02 7.550068274920346267e-01 1.794492489758761911e-01 3.641329085116067413e-03 0.000000000000000000e+00
3.325000000000000000e+04 1.329973638664889712e-01 4.722348657259899801e-02 7.787892580791988539e-01 1.719390077378243065e-01 2.048247610377787811e-03 0.000000000000000000e+00
3.350000000000000000e+04 1.339973440459363285e-01 3.891670459717797015e-02 7.856167501137915066e-01 1.739872553482020856e-01 1.479289940828402332e-03 0.000000000000000000e+00
3.375000000000000000e+04 1.349973242253836858e-01 3.720983158852981393e-02 7.859581247155211781e-01 1.748975876194810986e-01 1.934456076467910759e-03 0.000000000000000000e+00
3.400000000000000000e+04 1.359973044048310431e-01 3.812016385980882688e-02 7.858443331816112876e-01 1.739872553482020856e-01 2.048247610377787811e-03 0.000000000000000000e+00
3.425000000000000000e+04 1.369972845842781783e-01 3.925807919890760000e-02 7.852753755120619461e-01 1.725079654073737034e-01 2.958579881656804664e-03 0.000000000000000000e+00
3.450000000000000000e+04 1.379972647637255356e-01 3.743741465634956717e-02 7.862994993172508496e-01 1.739872553482020856e-01 2.275830678197541916e-03 0.000000000000000000e+00
3.475000000000000000e+04 1.389972449431728929e-01 3.812016385980882688e-02 7.860719162494310686e-01 1.743286299499317293e-01 1.479289940828402332e-03 0.000000000000000000e+00
3.500000000000000000e+04 1.399972251226200282e-01 4.085116067364587961e-02 7.839098771051433712e-01 1.729631315430132099e-01 2.275830678197541916e-03 0.000000000000000000e+00
3.525000000000000000e+04 1.409972053020673854e-01 3.891670459717797015e-02 7.850477924442421651e-01 1.734182976786527164e-01 2.617205279927173507e-03 0.000000000000000000e+00
3.550000000000000000e+04 1.419971854815147427e-01 3.629949931725079404e-02 7.864132908511606290e-01 1.739872553482020856e-01 3.299954483386436255e-03 0.000000000000000000e+00
3.575000000000000000e+04 1.429971656609618780e-01 3.777878925807919702e-02 7.853891670459717256e-01 1.747837960855712358e-01 2.048247610377787811e-03 0.000000000000000000e+00
3.600000000000000000e+04 1.439971458404092353e-01 4.142011834319526964e-02 7.826581702321346867e-01 1.734182976786527164e-01 2.503413746017296455e-03 0.000000000000000000e+00
3.625000000000000000e+04 1.449971260198565925e-01 3.925807919890760000e-02 7.844788347746927126e-01 1.741010468821119761e-01 2.162039144287664864e-03 0.000000000000000000e+00
3.650000000000000000e+04 1.459971061993037278e-01 4.244424214838415921e-02 7.827719617660445772e-01 1.728493400091033194e-01 1.934456076467910759e-03 0.000000000000000000e+00
3.675000000000000000e+04 1.469970863787510851e-01 4.153390987710514626e-02 7.828857532999544677e-01 1.738734638142922229e-01 1.706873008648156654e-03 0.000000000000000000e+00
3.700000000000000000e+04 1.479970665581984424e-01 4.142011834319526964e-02 7.816340464269457833e-01 1.746700045516613453e-01 2.275830678197541916e-03 0.000000000000000000e+00
3.725000000000000000e+04 1.489970467376455776e-01 4.039599453800637313e-02 7.834547109695039202e-01 1.742148384160218388e-01 1.934456076467910759e-03 0.000000000000000000e+00
3.750000000000000000e+04 1.499970269170929349e-01 4.153390987710514626e-02 7.834547109695039202e-01 1.735320892125625791e-01 1.479289940828402332e-03 0.000000000000000000e+00
3.775000000000000000e+04 1.509970070965402922e-01 4.244424214838415921e-02 7.822030040964952358e-01 1.741010468821119761e-01 1.251706873008648227e-03 0.000000000000000000e+00
3.800000000000000000e+04 1.519969872759874274e-01 4.119253527537550946e-02 7.833409194355940297e-01 1.737596722803823324e-01 1.706873008648156654e-03 0.000000000000000000e+00
3.825000000000000000e+04 1.529969674554347847e-01 4.324078288575330248e-02 7.820892125625853453e-01 1.737596722803823324e-01 9.103322712790168532e-04 0.000000000000000000e+00
3.850000000000000000e+04 1.539969476348821420e-01 4.005461993627674328e-02 7.840236686390532617e-01 1.747837960855712358e-01 1.137915339098770958e-03 0.000000000000000000e+00
3.875000000000000000e+04 1.549969278143292772e-01 4.096495220755575623e-02 7.832271279016841392e-01 1.742148384160218388e-01 1.593081474738279385e-03 0.000000000000000000e+00
3.900000000000000000e+04 1.559969079937766345e-01 4.426490669094219205e-02 7.811788802913063323e-01 1.729631315430132099e-01 1.593081474738279385e-03 0.000000000000000000e+00
3.925000000000000000e+04 1.569968881732239918e-01 4.255803368229403583e-02 7.822030040964952358e-01 1.736458807464724696e-01 1.593081474738279385e-03 0.000000000000000000e+00
3.950000000000000000e+04 1.579968683526711271e-01 4.324078288575330248e-02 7.823167956304051263e-01 1.729631315430132099e-01 1.479289940828402332e-03 0.000000000000000000e+00
3.975000000000000000e+04 1.589968485321184843e-01 4.267182521620391245e-02 7.818616294947655643e-01 1.741010468821119761e-01 1.365498406918525280e-03 0.000000000000000000e+00
4.000000000000000000e+04 1.599968287115658416e-01 4.301319981793354230e-02 7.818616294947655643e-01 1.739872553482020856e-01 1.137915339098770958e-03 0.000000000000000000e+00
4.025000000000000000e+04 1.609968088910131989e-01 4.153390987710514626e-02 7.822030040964952358e-01 1.746700045516613453e-01 1.593081474738279385e-03 0.000000000000000000e+00
4.050000000000000000e+04 1.619967890704603342e-01 4.483386436049158208e-02 7.804961310878471004e-01 1.737596722803823324e-01 9.103322712790168532e-04 0.000000000000000000e+00
4.075000000000000000e+04 1.629967692499076914e-01 4.358215748748293233e-02 7.810650887573964418e-01 1.738734638142922229e-01 1.479289940828402332e-03 0.000000000000000000e+00
4.100000000000000000e+04 1.639967494293550487e-01 4.528903049613108855e-02 7.796995903504779779e-01 1.734182976786527164e-01 1.593081474738279385e-03 0.000000000000000000e+00
4.125000000000000000e+04 1.649967296088021840e-01 4.710969503868912139e-02 7.786754665452890745e-01 1.722803823395539502e-01 1.934456076467910759e-03 0.000000000000000000e+00
4.150000000000000000e+04 1.659967097882495413e-01 4.449248975876194528e-02 7.802685480200273194e-01 1.733045061447428259e-01 1.934456076467910759e-03 0.000000000000000000e+00
4.175000000000000000e+04 1.669966899676968985e-01 4.426490669094219205e-02 7.808375056895766608e-01 1.734182976786527164e-01 1.479289940828402332e-03 0.000000000000000000e+00
4.200000000000000000e+04 1.679966701471440338e-01 4.392353208921256219e-02 7.802685480200273194e-01 1.734182976786527164e-01 2.389622212107419402e-03 0.000000000000000000e+00
4.225000000000000000e+04 1.689966503265913911e-01 4.642694583522986168e-02 7.792444242148384159e-01 1.729631315430132099e-01 1.365498406918525280e-03 0.000000000000000000e+00
4.250000000000000000e+04 1.699966305060387484e-01 4.528903049613108855e-02 7.796995903504779779e-01 1.737596722803823324e-01 1.251706873008648227e-03 0.000000000000000000e+00
4.275000000000000000e+04 1.709966106854858836e-01 4.528903049613108855e-02 7.800409649522075384e-01 1.733045061447428259e-01 1.365498406918525280e-03 0.000000000000000000e+00
4.300000000000000000e+04 1.719965908649332409e-01 4.483386436049158208e-02 7.795857988165680874e-01 1.737596722803823324e-01 1.820664542558033706e-03 0.000000000000000000e+00
4.325000000000000000e+04 1.729965710443805982e-01 4.642694583522986168e-02 7.792444242148384159e-01 1.737596722803823324e-01 5.689576695493854790e-04 0.000000000000000000e+00
4.350000000000000000e+04 1.739965512238277334e-01 4.665452890304961492e-02 7.794720072826581969e-01 1.729631315430132099e-01 9.103322712790168532e-04 0.000000000000000000e+00
4.375000000000000000e+04 1.749965314032750907e-01 4.665452890304961492e-02 7.792444242148384159e-01 1.728493400091033194e-01 1.251706873008648227e-03 0.000000000000000000e+00
4.400000000000000000e+04 1.759965115827224480e-01 4.665452890304961492e-02 7.794720072826581969e-01 1.722803823395539502e-01 1.593081474738279385e-03 0.000000000000000000e+00
4.425000000000000000e+04 1.769964917621695832e-01 4.551661356395084179e-02 7.796995903504779779e-01 1.729631315430132099e-01 1.820664542558033706e-03 0.000000000000000000e+00
4.450000000000000000e+04 1.779964719416169405e-01 4.881656804733727761e-02 7.768548020027310486e-01 1.727355484751934567e-01 1.593081474738279385e-03 0.000000000000000000e+00
4.475000000000000000e+04 1.789964521210642978e-01 4.756486117432862787e-02 7.769685935366408280e-01 1.736458807464724696e-01 1.820664542558033706e-03 0.000000000000000000e+00
4.500000000000000000e+04 1.799964323005114331e-01 4.915794264906690747e-02 7.766272189349112676e-01 1.733045061447428259e-01 9.103322712790168532e-04 0.000000000000000000e+00
4.525000000000000000e+04 1.809964124799587903e-01 5.018206645425580398e-02 7.752617205279926926e-01 1.728493400091033194e-01 1.706873008648156654e-03 0.000000000000000000e+00
4.550000000000000000e+04 1.819963926594061476e-01 4.745106964041875125e-02 7.777651342740100615e-01 1.738734638142922229e-01 9.103322712790168532e-04 0.000000000000000000e+00
4.575000000000000000e+04 1.829963728388535049e-01 4.847519344560764776e-02 7.758306781975421451e-01 1.737596722803823324e-01 1.934456076467910759e-03 0.000000000000000000e+00
4.600000000000000000e+04 1.839963530183006402e-01 4.802002730996814128e-02 7.770823850705507185e-01 1.731907146108329631e-01 1.706873008648156654e-03 0.000000000000000000e+00
4.625000000000000000e+04 1.849963331977479974e-01 4.927173418297678409e-02 7.756030951297223641e-01 1.736458807464724696e-01 1.479289940828402332e-03 0.000000000000000000e+00
4.650000000000000000e+04 1.859963133771953547e-01 5.188893946290396020e-02 7.751479289940828021e-01 1.722803823395539502e-01 6.827492034592626399e-04 0.000000000000000000e+00
4.675000000000000000e+04 1.869962935566424900e-01 5.040964952207555722e-02 7.750341374601729116e-01 1.729631315430132099e-01 1.593081474738279385e-03 0.000000000000000000e+00
4.700000000000000000e+04 1.879962737360898473e-01 5.177514792899408358e-02 7.738962221210742287e-01 1.726217569412835662e-01 1.706873008648156654e-03 0.000000000000000000e+00
4.725000000000000000e+04 1.889962539155372045e-01 5.120619025944470049e-02 7.738962221210742287e-01 1.720527992717341692e-01 2.844788347746927612e-03 0.000000000000000000e+00
4.750000000000000000e+04 1.899962340949843398e-01 5.279927173418298009e-02 7.738962221210742287e-01 1.718252162039144160e-01 1.479289940828402332e-03 0.000000000000000000e+00
4.775000000000000000e+04 1.909962142744316971e-01 5.188893946290396020e-02 7.738962221210742287e-01 1.718252162039144160e-01 2.389622212107419402e-03 0.000000000000000000e+00
4.800000000000000000e+04 1.919961944538790544e-01 5.211652253072371344e-02 7.738962221210742287e-01 1.719390077378243065e-01 2.048247610377787811e-03 0.000000000000000000e+00
4.825000000000000000e+04 1.929961746333261896e-01 5.518889394629039602e-02 7.710514337733272994e-01 1.714838416021848000e-01 2.275830678197541916e-03 0.000000000000000000e+00
4.850000000000000000e+04 1.939961548127735469e-01 5.450614474283113631e-02 7.725307237141556538e-01 1.709148839326354030e-01 2.048247610377787811e-03 0.000000000000000000e+00
4.875000000000000000e+04 1.949961349922209042e-01 5.314064633591260994e-02 7.736686390532544477e-01 1.708010923987255403e-01 2.389622212107419402e-03 0.000000000000000000e+00
4.900000000000000000e+04 1.959961151716680394e-01 5.951297223486572835e-02 7.672963131543013571e-01 1.710286754665452935e-01 2.162039144287664864e-03 0.000000000000000000e+00
4.925000000000000000e+04 1.969960953511153967e-01 7.680928538916705073e-02 7.497724169321802190e-01 1.684114701866181174e-01 5.006827492034592909e-03 0.000000000000000000e+00
4.950000000000000000e+04 1.979960755305627540e-01 1.168639053254437871e-01 7.141556668183887124e-01 1.529358215748748417e-01 1.604460628129267263e-02 0.000000000000000000e+00
4.975000000000000000e+04 1.989960557100098892e-01 1.438324988620846567e-01 6.755803368229403860e-01 1.704597177969958965e-01 1.012744651797906244e-02 0.000000000000000000e+00
5.000000000000000000e+04 1.999960358894572465e-01 1.225534820209376458e-01 7.118798361401911245e-01 1.596495220755575761e-01 5.917159763313609329e-03 0.000000000000000000e+00
5.025000000000000000e+04 2.009960160689046038e-01 1.200500682749203463e-01 7.146108329540282744e-01 1.609012289485662328e-01 4.437869822485207214e-03 0.000000000000000000e+00
5.050000000000000000e+04 2.019959962483517391e-01 1.091260810195721492e-01 7.234865725989986229e-01 1.642011834319526686e-01 3.186162949476558769e-03 0.000000000000000000e+00
5.075000000000000000e+04 2.029959764277990963e-01 1.043468365953573035e-01 7.358898497951752438e-01 1.565771506599908935e-01 3.186162949476558769e-03 0.000000000000000000e+00
5.100000000000000000e+04 2.039959566072464536e-01 9.444697314519799602e-02 7.517068730086481354e-01 1.511151570323167881e-01 2.730996813837050560e-03 0.000000000000000000e+00
5.125000000000000000e+04 2.049959367866935889e-01 9.114701866181156020e-02 7.484069185252617551e-01 1.573736913973600438e-01 3.072371415566681717e-03 0.000000000000000000e+00
5.150000000000000000e+04 2.059959169661409462e-01 8.636777423759672834e-02 7.521620391442876974e-01 1.595357305416477134e-01 1.934456076467910759e-03 0.000000000000000000e+00
5.175000000000000000e+04 2.069958971455883034e-01 8.887118798361401395e-02 7.520482476103778069e-01 1.558944014565316338e-01 3.186162949476558769e-03 0.000000000000000000e+00
5.200000000000000000e+04 2.079958773250356607e-01 9.069185252617205373e-02 7.444242148384160318e-01 1.613563950842057393e-01 3.527537551206190360e-03 0.000000000000000000e+00
5.225000000000000000e+04 2.089958575044827960e-01 9.217114246700044977e-02 7.452207555757851543e-01 1.602184797451069731e-01 2.389622212107419402e-03 0.000000000000000000e+00
5.250000000000000000e+04 2.099958376839301533e-01 8.397815202548930547e-02 7.493172507965407680e-01 1.645425580336822846e-01 2.162039144287664864e-03 0.000000000000000000e+00
5.275000000000000000e+04 2.109958178633775105e-01 8.227127901684114231e-02 7.497724169321802190e-01 1.656804733727810786e-01 2.275830678197541916e-03 0.000000000000000000e+00
5.300000000000000000e+04 2.119957980428246458e-01 8.136094674556212936e-02 7.529585798816568198e-01 1.643149749658625314e-01 1.365498406918525280e-03 0.000000000000000000e+00
5.325000000000000000e+04 2.129957782222720031e-01 8.443331816112881194e-02 7.432862994993172379e-01 1.698907601274465273e-01 2.389622212107419402e-03 0.000000000000000000e+00
5.350000000000000000e+04 2.139957584017193604e-01 8.284023668639053928e-02 7.441966317705962508e-01 1.708010923987255403e-01 2.162039144287664864e-03 0.000000000000000000e+00
5.375000000000000000e+04 2.149957385811664956e-01 8.136094674556212936e-02 7.478379608557123026e-01 1.690942193900773771e-01 1.706873008648156654e-03 0.000000000000000000e+00
5.400000000000000000e+04 2.159957187606138529e-01 8.409194355939918208e-02 7.447655894401457033e-01 1.702321347291761433e-01 9.103322712790168532e-04 0.000000000000000000e+00
5.425000000000000000e+04 2.169956989400612102e-01 8.136094674556212936e-02 7.460172963131542767e-01 1.698907601274465273e-01 2.730996813837050560e-03 0.000000000000000000e+00
5.450000000000000000e+04 2.179956791195083454e-01 8.397815202548930547e-02 7.432862994993172379e-01 1.705735093309057870e-01 2.162039144287664864e-03 0.000000000000000000e+00
5.475000000000000000e+04 2.189956592989557027e-01 8.488848429676831842e-02 7.424897587619481154e-01 1.705735093309057870e-01 2.048247610377787811e-03 0.000000000000000000e+00
5.500000000000000000e+04 2.199956394784030600e-01 8.375056895766955223e-02 7.430587164314974569e-01 1.710286754665452935e-01 2.162039144287664864e-03 0.000000000000000000e+00
5.525000000000000000e+04 2.209956196578501952e-01 8.340919435593992237e-02 7.451069640418752638e-01 1.693218024578971304e-01 2.162039144287664864e-03 0.000000000000000000e+00
5.550000000000000000e+04 2.219955998372975525e-01 8.477469276285844180e-02 7.437414656349567998e-01 1.703459262630860338e-01 1.137915339098770958e-03 0.000000000000000000e+00
5.575000000000000000e+04 2.229955800167449098e-01 8.318161128812016913e-02 7.455621301775148257e-01 1.686390532544378706e-01 2.617205279927173507e-03 0.000000000000000000e+00
5.600000000000000000e+04 2.239955601961920451e-01 8.397815202548930547e-02 7.447655894401457033e-01 1.692080109239872676e-01 2.048247610377787811e-03 0.000000000000000000e+00
5.625000000000000000e+04 2.249955403756394023e-01 8.295402822030041590e-02 7.453345471096950448e-01 1.696631770596267741e-01 2.048247610377787811e-03 0.000000000000000000e+00
5.650000000000000000e+04 2.259955205550867596e-01 8.579881656804733137e-02 7.445380063723259223e-01 1.680700955848884737e-01 1.593081474738279385e-03 0.000000000000000000e+00
5.675000000000000000e+04 2.269955007345338949e-01 8.318161128812016913e-02 7.426035502958580059e-01 1.722803823395539502e-01 1.934456076467910759e-03 0.000000000000000000e+00
