# itime ezz other fcc hcp bcc ico
0.000000000000000000e+00 0.000000000000000000e+00 0.000000000000000000e+00 1.000000000000000000e+00 0.000000000000000000e+00 0.000000000000000000e+00 0.000000000000000000e+00
5.000000000000000000e+02 2.000067532669236314e-03 0.000000000000000000e+00 1.000000000000000000e+00 0.000000000000000000e+00 0.000000000000000000e+00 0.000000000000000000e+00
1.000000000000000000e+03 4.000135065338250584e-03 0.000000000000000000e+00 1.000000000000000000e+00 0.000000000000000000e+00 0.000000000000000000e+00 0.000000000000000000e+00
1.500000000000000000e+03 6.000202598007486898e-03 0.000000000000000000e+00 1.000000000000000000e+00 0.000000000000000000e+00 0.000000000000000000e+00 0.000000000000000000e+00
2.000000000000000000e+03 8.000270130676501168e-03 0.000000000000000000e+00 1.000000000000000000e+00 0.000000000000000000e+00 0.000000000000000000e+00 0.000000000000000000e+00
2.500000000000000000e+03 1.000033766334573748e-02 0.000000000000000000e+00 1.000000000000000000e+00 0.000000000000000000e+00 0.000000000000000000e+00 0.000000000000000000e+00
3.000000000000000000e+03 1.200040519601475175e-02 0.000000000000000000e+00 1.000000000000000000e+00 0.000000000000000000e+00 0.000000000000000000e+00 0.000000000000000000e+00
3.500000000000000000e+03 1.400047272868398807e-02 0.000000000000000000e+00 1.000000000000000000e+00 0.000000000000000000e+00 0.000000000000000000e+00 0.000000000000000000e+00
4.000000000000000000e+03 1.600054026135300234e-02 0.000000000000000000e+00 1.000000000000000000e+00 0.000000000000000000e+00 0.000000000000000000e+00 0.000000000000000000e+00
4.500000000000000000e+03 1.800060779402223865e-02 0.000000000000000000e+00 1.000000000000000000e+00 0.000000000000000000e+00 0.000000000000000000e+00 0.000000000000000000e+00
5.000000000000000000e+03 2.000067532669125292e-02 0.000000000000000000e+00 1.000000000000000000e+00 0.000000000000000000e+00 0.000000000000000000e+00 0.000000000000000000e+00
5.500000000000000000e+03 2.200074285936048923e-02 0.000000000000000000e+00 1.000000000000000000e+00 0.000000000000000000e+00 0.000000000000000000e+00 0.000000000000000000e+00
6.000000000000000000e+03 2.400081039202972555e-02 0.000000000000000000e+00 1.000000000000000000e+00 0.000000000000000000e+00 0.000000000000000000e+00 0.000000000000000000e+00
6.500000000000000000e+03 2.600087792469873982e-02 0.000000000000000000e+00 1.000000000000000000e+00 0.000000000000000000e+00 0.000000000000000000e+00 0.000000000000000000e+00
7.000000000000000000e+03 2.800094545736797613e-02 0.000000000000000000e+00 1.000000000000000000e+00 0.000000000000000000e+00 0.000000000000000000e+00 0.000000000000000000e+00
7.500000000000000000e+03 3.000101299003699040e-02 0.000000000000000000e+00 1.000000000000000000e+00 0.000000000000000000e+00 0.000000000000000000e+00 0.000000000000000000e+00
8.000000000000000000e+03 3.200108052270622672e-02 0.000000000000000000e+00 1.000000000000000000e+00 0.000000000000000000e+00 0.000000000000000000e+00 0.000000000000000000e+00
8.500000000000000000e+03 3.400114805537524099e-02 0.000000000000000000e+00 1.000000000000000000e+00 0.000000000000000000e+00 0.000000000000000000e+00 0.000000000000000000e+00
9.000000000000000000e+03 3.600121558804447730e-02 0.000000000000000000e+00 1.000000000000000000e+00 0.000000000000000000e+00 0.000000000000000000e+00 0.000000000000000000e+00
9.500000000000000000e+03 3.800128312071349157e-02 0.000000000000000000e+00 1.000000000000000000e+00 0.000000000000000000e+00 0.000000000000000000e+00 0.000000000000000000e+00
1.000000000000000000e+04 4.000135065338272788e-02 0.000000000000000000e+00 1.000000000000000000e+00 0.000000000000000000e+00 0.000000000000000000e+00 0.000000000000000000e+00
1.050000000000000000e+04 4.200141818605174215e-02 0.000000000000000000e+00 1.000000000000000000e+00 0.000000000000000000e+00 0.000000000000000000e+00 0.000000000000000000e+00
1.100000000000000000e+04 4.400148571872097847e-02 0.000000000000000000e+00 1.000000000000000000e+00 0.000000000000000000e+00 0.000000000000000000e+00 0.000000000000000000e+00
1.150000000000000000e+04 4.600155325138999274e-02 0.000000000000000000e+00 1.000000000000000000e+00 0.000000000000000000e+00 0.000000000000000000e+00 0.000000000000000000e+00
1.200000000000000000e+04 4.800162078405922905e-02 0.000000000000000000e+00 1.000000000000000000e+00 0.000000000000000000e+00 0.000000000000000000e+00 0.000000000000000000e+00
1.250000000000000000e+04 5.000168831672846537e-02 0.000000000000000000e+00 1.000000000000000000e+00 0.000000000000000000e+00 0.000000000000000000e+00 0.000000000000000000e+00
1.300000000000000000e+04 5.200175584939747964e-02 0.000000000000000000e+00 1.000000000000000000e+00 0.000000000000000000e+00 0.000000000000000000e+00 0.000000000000000000e+00
1.350000000000000000e+04 5.400182338206671595e-02 0.000000000000000000e+00 1.000000000000000000e+00 0.000000000000000000e+00 0.000000000000000000e+00 0.000000000000000000e+00
1.400000000000000000e+04 5.600189091473573022e-02 0.000000000000000000e+00 1.000000000000000000e+00 0.000000000000000000e+00 0.000000000000000000e+00 0.000000000000000000e+00
1.450000000000000000e+04 5.800195844740496653e-02 0.000000000000000000e+00 1.000000000000000000e+00 0.000000000000000000e+00 0.000000000000000000e+00 0.000000000000000000e+00
1.500000000000000000e+04 6.000202598007398080e-02 0.000000000000000000e+00 1.000000000000000000e+00 0.000000000000000000e+00 0.000000000000000000e+00 0.000000000000000000e+00
1.550000000000000000e+04 6.200209351274321712e-02 1.137915339098771066e-04 9.998862084660901095e-01 0.000000000000000000e+00 0.000000000000000000e+00 0.000000000000000000e+00
1.600000000000000000e+04 6.400216104541223139e-02 0.000000000000000000e+00 1.000000000000000000e+00 0.000000000000000000e+00 0.000000000000000000e+00 0.000000000000000000e+00
1.650000000000000000e+04 6.600222857808146770e-02 0.000000000000000000e+00 1.000000000000000000e+00 0.000000000000000000e+00 0.000000000000000000e+00 0.000000000000000000e+00
1.700000000000000000e+04 6.800229611075048197e-02 0.000000000000000000e+00 1.000000000000000000e+00 0.000000000000000000e+00 0.000000000000000000e+00 0.000000000000000000e+00
1.750000000000000000e+04 7.000236364341971829e-02 0.000000000000000000e+00 1.000000000000000000e+00 0.000000000000000000e+00 0.000000000000000000e+00 0.000000000000000000e+00
1.800000000000000000e+04 7.200243117608895460e-02 0.000000000000000000e+00 1.000000000000000000e+00 0.000000000000000000e+00 0.000000000000000000e+00 0.000000000000000000e+00
1.850000000000000000e+04 7.400249870875796887e-02 4.551661356395084266e-04 9.995448338643604380e-01 0.000000000000000000e+00 0.000000000000000000e+00 0.000000000000000000e+00
1.900000000000000000e+04 7.600256624142720518e-02 5.689576695493854790e-04 9.994310423304506585e-01 0.000000000000000000e+00 0.000000000000000000e+00 0.000000000000000000e+00
1.950000000000000000e+04 7.800263377409621945e-02 4.551661356395084266e-04 9.995448338643604380e-01 0.000000000000000000e+00 0.000000000000000000e+00 0.000000000000000000e+00
2.000000000000000000e+04 8.000270130676545577e-02 7.965407373691396923e-04 9.992034592626308775e-01 0.000000000000000000e+00 0.000000000000000000e+00 0.000000000000000000e+00
2.050000000000000000e+04 8.200276883943447004e-02 1.137915339098770958e-03 9.988620846609012061e-01 0.000000000000000000e+00 0.000000000000000000e+00 0.000000000000000000e+00
2.100000000000000000e+04 8.400283637210370635e-02 3.413746017296313199e-04 9.995448338643604380e-01 0.000000000000000000e+00 1.137915339098771066e-04 0.000000000000000000e+00
2.150000000000000000e+04 8.600290390477272062e-02 4.551661356395084266e-04 9.995448338643604380e-01 0.000000000000000000e+00 0.000000000000000000e+00 0.000000000000000000e+00
2.200000000000000000e+04 8.800297143744195694e-02 2.275830678197542133e-04 9.997724169321802190e-01 0.000000000000000000e+00 0.000000000000000000e+00 0.000000000000000000e+00
2.250000000000000000e+04 9.000303897011097121e-02 1.251706873008648227e-03 9.986345015930814251e-01 0.000000000000000000e+00 1.137915339098771066e-04 0.000000000000000000e+00
2.300000000000000000e+04 9.200310650278020752e-02 3.413746017296313199e-04 9.996586253982703285e-01 0.000000000000000000e+00 0.000000000000000000e+00 0.000000000000000000e+00
2.350000000000000000e+04 9.400317403544922179e-02 6.827492034592626399e-04 9.992034592626308775e-01 0.000000000000000000e+00 1.137915339098771066e-04 0.000000000000000000e+00
2.400000000000000000e+04 9.600324156811845810e-02 2.844788347746927612e-03 9.970414201183431802e-01 0.000000000000000000e+00 1.137915339098771066e-04 0.000000000000000000e+00
2.450000000000000000e+04 9.800330910078769442e-02 1.593081474738279385e-03 9.984069185252617551e-01 0.000000000000000000e+00 0.000000000000000000e+00 0.000000000000000000e+00
2.500000000000000000e+04 1.000033766334567087e-01 5.234410559854347014e-03 9.946517979062358128e-01 0.000000000000000000e+00 1.137915339098771066e-04 0.000000000000000000e+00
2.550000000000000000e+04 1.020034441661259450e-01 3.755120619025944465e-03 9.957897132453344957e-01 0.000000000000000000e+00 4.551661356395084266e-04 0.000000000000000000e+00
2.600000000000000000e+04 1.040035116987949593e-01 4.324078288575329727e-03 9.955621301775148257e-01 0.000000000000000000e+00 1.137915339098771066e-04 0.000000000000000000e+00
2.650000000000000000e+04 1.060035792314641956e-01 6.144742831133363434e-03 9.921483841602184439e-01 0.000000000000000000e+00 1.706873008648156654e-03 0.000000000000000000e+00
2.700000000000000000e+04 1.080036467641332099e-01 9.444697314519799256e-03 9.890760127446518446e-01 0.000000000000000000e+00 1.479289940828402332e-03 0.000000000000000000e+00
2.750000000000000000e+04 1.100037142968024462e-01 3.903049613108784677e-02 9.247837960855712636e-01 0.000000000000000000e+00 3.618570778334091742e-02 0.000000000000000000e+00
2.800000000000000000e+04 1.120037818294714604e-01 2.109695038689121394e-01 4.535730541647701175e-01 1.111743286299499284e-01 2.242831133363677731e-01 0.000000000000000000e+00
2.850000000000000000e+04 1.140038493621406968e-01 1.846836595357305433e-01 5.946745562130177909e-01 2.108557123350022766e-01 9.786071916249430847e-03 0.000000000000000000e+00
2.900000000000000000e+04 1.160039168948097110e-01 1.164087391898042806e-01 7.045971779699590209e-01 1.728493400091033194e-01 6.144742831133363434e-03 0.000000000000000000e+00
2.950000000000000000e+04 1.180039844274789473e-01 1.103777878925807920e-01 7.094902139280837572e-01 1.742148384160218388e-01 5.917159763313609329e-03 0.000000000000000000e+00
3.000000000000000000e+04 1.200040519601481837e-01 1.073054164770141095e-01 7.117660446062813451e-01 1.755803368229403860e-01 5.348202093764223633e-03 0.000000000000000000e+00
3.050000000000000000e+04 1.220041194928171979e-01 1.048020027309968100e-01 7.109695038689121116e-01 1.789940828402366846e-01 5.234410559854347014e-03 0.000000000000000000e+00
3.100000000000000000e+04 1.240041870254864342e-01 1.078743741465634925e-01 7.088074647246245252e-01 1.786527082385070686e-01 4.665452890304961318e-03 0.000000000000000000e+00
3.150000000000000000e+04 1.260042545581554485e-01 1.093536640873919025e-01 7.074419663177059503e-01 1.795630405097860816e-01 3.641329085116067413e-03 0.000000000000000000e+00
3.200000000000000000e+04 1.280043220908246848e-01 1.059399180700955900e-01 7.099453800637232082e-01 1.791078743741465751e-01 5.006827492034592909e-03 0.000000000000000000e+00
3.250000000000000000e+04 1.300043896234936991e-01 1.088984979517523960e-01 7.071005917159762788e-01 1.789940828402366846e-01 5.006827492034592909e-03 0.000000000000000000e+00
3.300000000000000000e+04 1.320044571561629354e-01 1.081019572143832458e-01 7.067592171142467183e-01 1.816112881201638607e-01 3.527537551206190360e-03 0.000000000000000000e+00
3.350000000000000000e+04 1.340045246888319497e-01 1.098088302230314089e-01 7.050523441055985829e-01 1.807009558488848477e-01 4.437869822485207214e-03 0.000000000000000000e+00
3.400000000000000000e+04 1.360045922215011860e-01 1.108329540282202985e-01 6.987938097405552718e-01 1.858215748748293095e-01 4.551661356395083832e-03 0.000000000000000000e+00
3.450000000000000000e+04 1.380046597541702003e-01 1.129949931725079681e-01 6.977696859353663683e-01 1.847974510696404060e-01 4.437869822485207214e-03 0.000000000000000000e+00
3.500000000000000000e+04 1.400047272868394366e-01 1.093536640873919025e-01 6.982248520710059303e-01 1.867319071461083224e-01 5.689576695493855224e-03 0.000000000000000000e+00
3.550000000000000000e+04 1.420047948195084508e-01 1.129949931725079681e-01 6.935593991807009751e-01 1.857077833409194467e-01 7.737824305871643035e-03 0.000000000000000000e+00
3.600000000000000000e+04 1.440048623521776872e-01 1.129949931725079681e-01 6.939007737824305355e-01 1.862767410104688159e-01 6.827492034592626616e-03 0.000000000000000000e+00
3.650000000000000000e+04 1.460049298848469235e-01 1.139053254437869811e-01 6.915111515703231682e-01 1.867319071461083224e-01 7.851615839781519654e-03 0.000000000000000000e+00
3.700000000000000000e+04 1.480049974175159377e-01 1.233500227583067821e-01 6.613563950842057393e-01 2.072143832498861971e-01 8.079198907601274626e-03 0.000000000000000000e+00
3.750000000000000000e+04 1.500050649501851741e-01 1.178880291306326766e-01 6.104915794264906825e-01 2.678652708238506985e-01 3.755120619025944465e-03 0.000000000000000000e+00
3.800000000000000000e+04 1.520051324828541883e-01 1.026399635867091542e-01 6.313154301319982009e-01 2.606964041875284299e-01 5.348202093764223633e-03 0.000000000000000000e+00
3.850000000000000000e+04 1.540052000155234246e-01 9.137460172963131344e-02 6.444014565316340537e-01 2.569412835685024876e-01 7.282658170232134826e-03 0.000000000000000000e+00
3.900000000000000000e+04 1.560052675481924389e-01 8.909877105143376719e-02 6.451979972690031762e-01 2.602412380518889234e-01 5.461993627674101119e-03 0.000000000000000000e+00
3.950000000000000000e+04 1.580053350808616752e-01 8.875739644970413733e-02 6.527082385070550608e-01 2.530723714155666548e-01 5.461993627674101119e-03 0.000000000000000000e+00
4.000000000000000000e+04 1.600054026135306895e-01 8.192990441511151245e-02 7.311106053709603980e-01 1.821802457897132577e-01 4.779244424214838804e-03 0.000000000000000000e+00
4.050000000000000000e+04 1.620054701461999258e-01 7.146108329540282189e-02 7.309968138370505075e-01 1.896904870277651423e-01 7.851615839781519654e-03 0.000000000000000000e+00
4.100000000000000000e+04 1.640055376788689401e-01 7.339553937187073829e-02 7.350933090578061213e-01 1.863905325443787064e-01 5.120619025944469528e-03 0.000000000000000000e+00
4.150000000000000000e+04 1.660056052115381764e-01 7.282658170232134132e-02 7.322485207100591920e-01 1.882111970869367323e-01 6.713700500682749130e-03 0.000000000000000000e+00
4.200000000000000000e+04 1.680056727442074127e-01 7.350933090578061491e-02 7.323623122439690825e-01 1.861629494765589532e-01 7.965407373691398007e-03 0.000000000000000000e+00
4.250000000000000000e+04 1.700057402768764270e-01 7.282658170232134132e-02 7.316795630405097395e-01 1.886663632225762388e-01 6.827492034592626616e-03 0.000000000000000000e+00
4.300000000000000000e+04 1.720058078095456633e-01 7.703686845698680397e-02 7.383932635411925016e-01 1.784251251706872876e-01 6.144742831133363434e-03 0.000000000000000000e+00
4.350000000000000000e+04 1.740058753422146776e-01 7.180245789713245175e-02 7.631998179335457433e-01 1.612426035502958488e-01 3.755120619025944465e-03 0.000000000000000000e+00
4.400000000000000000e+04 1.760059428748839139e-01 6.042330450614474130e-02 7.692307692307692735e-01 1.668183887118798447e-01 3.527537551206190360e-03 0.000000000000000000e+00
4.450000000000000000e+04 1.780060104075529281e-01 5.757851615839781195e-02 7.749203459262631322e-01 1.629494765589440120e-01 4.551661356395083832e-03 0.000000000000000000e+00
4.500000000000000000e+04 1.800060779402221645e-01 5.700955848884842886e-02 7.781065088757396220e-01 1.609012289485662328e-01 3.982703686845699004e-03 0.000000000000000000e+00
4.550000000000000000e+04 1.820061454728911787e-01 5.791989076012744875e-02 7.753755120619025831e-01 1.618115612198452458e-01 4.893035958124715423e-03 0.000000000000000000e+00
4.600000000000000000e+04 1.840062130055604150e-01 5.666818388711879900e-02 7.742375967228037892e-01 1.635184342284934089e-01 5.575785161583977738e-03 0.000000000000000000e+00
4.650000000000000000e+04 1.860062805382294293e-01 5.780609922621757213e-02 7.710514337733272994e-01 1.670459717796995980e-01 4.096495220755575623e-03 0.000000000000000000e+00
4.700000000000000000e+04 1.880063480708986656e-01 5.860263996358670846e-02 7.720755575785162028e-01 1.659080564406008318e-01 3.413746017296313308e-03 0.000000000000000000e+00
4.750000000000000000e+04 1.900064156035676799e-01 5.348202093764223980e-02 7.761720527992717056e-01 1.660218479745106945e-01 4.324078288575329727e-03 0.000000000000000000e+00
4.800000000000000000e+04 1.920064831362369162e-01 5.678197542102867562e-02 7.710514337733272994e-01 1.677287209831588577e-01 4.437869822485207214e-03 0.000000000000000000e+00
4.850000000000000000e+04 1.940065506689061525e-01 5.507510241238051940e-02 7.718479745106964218e-01 1.675011379153391045e-01 5.575785161583977738e-03 0.000000000000000000e+00
4.900000000000000000e+04 1.960066182015751668e-01 5.598543468365953235e-02 7.734410559854346667e-01 1.663632225762403383e-01 4.210286754665453109e-03 0.000000000000000000e+00
4.950000000000000000e+04 1.980066857342444031e-01 5.905780609922621494e-02 7.687756030951297115e-01 1.685252617205279801e-01 3.641329085116067413e-03 0.000000000000000000e+00
5.000000000000000000e+04 2.000067532669134174e-01 5.621301775147929253e-02 7.704824761037778469e-01 1.679563040509786109e-01 5.348202093764223633e-03 0.000000000000000000e+00
5.050000000000000000e+04 2.020068207995826537e-01 5.678197542102867562e-02 7.690031861629494925e-01 1.704597177969958965e-01 3.755120619025944465e-03 0.000000000000000000e+00
5.100000000000000000e+04 2.040068883322516680e-01 5.996813837050523482e-02 7.558033682294037492e-01 1.801319981793354508e-01 4.096495220755575623e-03 0.000000000000000000e+00
5.150000000000000000e+04 2.060069558649209043e-01 6.019572143832498806e-02 7.561447428311333097e-01 1.797906235776058348e-01 3.868912152935821518e-03 0.000000000000000000e+00
5.200000000000000000e+04 2.080070233975899185e-01 6.190259444697314428e-02 7.485207100591716456e-01 1.852526172052799402e-01 4.324078288575329727e-03 0.000000000000000000e+00
5.250000000000000000e+04 2.100070909302591549e-01 6.053709604005461792e-02 7.550068274920346267e-01 1.808147473827947105e-01 3.641329085116067413e-03 0.000000000000000000e+00
5.300000000000000000e+04 2.120071584629281691e-01 6.326809285389166371e-02 7.528447883477469293e-01 1.797906235776058348e-01 4.096495220755575623e-03 0.000000000000000000e+00
5.350000000000000000e+04 2.140072259955974054e-01 6.292671825216203385e-02 7.523896222121073674e-01 1.803595812471552040e-01 4.324078288575329727e-03 0.000000000000000000e+00
5.400000000000000000e+04 2.160072935282666418e-01 5.939918070095585173e-02 7.608101957214383759e-01 1.762630860263996457e-01 3.527537551206190360e-03 0.000000000000000000e+00
5.450000000000000000e+04 2.180073610609356560e-01 6.190259444697314428e-02 7.580791989076012261e-01 1.760355029585798925e-01 3.982703686845699004e-03 0.000000000000000000e+00
5.500000000000000000e+04 2.200074285936048923e-01 6.019572143832498806e-02 7.626308602639964018e-01 1.731907146108329631e-01 3.982703686845699004e-03 0.000000000000000000e+00
5.550000000000000000e+04 2.220074961262739066e-01 6.008192990441511144e-02 7.587619481110605690e-01 1.758079198907601393e-01 5.348202093764223633e-03 0.000000000000000000e+00
5.600000000000000000e+04 2.240075636589431429e-01 5.996813837050523482e-02 7.609239872553481554e-01 1.746700045516613453e-01 4.437869822485207214e-03 0.000000000000000000e+00
5.650000000000000000e+04 2.260076311916121572e-01 6.497496586253982687e-02 7.573964497041419941e-01 1.744424214838415921e-01 3.186162949476558769e-03 0.000000000000000000e+00
5.700000000000000000e+04 2.280076987242813935e-01 6.133363677742376119e-02 7.586481565771506785e-01 1.741010468821119761e-01 5.917159763313609329e-03 0.000000000000000000e+00
5.750000000000000000e+04 2.300077662569504078e-01 6.156121984524351443e-02 7.578516158397815561e-01 1.759217114246700020e-01 4.665452890304961318e-03 0.000000000000000000e+00
5.800000000000000000e+04 2.320078337896196441e-01 6.304050978607191047e-02 7.523896222121073674e-01 1.792216659080564378e-01 5.348202093764223633e-03 0.000000000000000000e+00
5.850000000000000000e+04 2.340079013222886584e-01 7.043695949021393232e-02 7.476103777878926326e-01 1.788802913063268218e-01 3.072371415566681717e-03 0.000000000000000000e+00
5.900000000000000000e+04 2.360079688549578947e-01 7.407828857532999800e-02 7.383932635411925016e-01 1.816112881201638607e-01 5.917159763313609329e-03 0.000000000000000000e+00
5.950000000000000000e+04 2.380080363876271310e-01 7.737824305871643382e-02 7.465862539827037292e-01 1.728493400091033194e-01 3.186162949476558769e-03 0.000000000000000000e+00
6.000000000000000000e+04 2.400081039202961453e-01 7.100591715976331542e-02 7.522758306781975879e-01 1.741010468821119761e-01 2.617205279927173507e-03 0.000000000000000000e+00
6.050000000000000000e+04 2.420081714529653816e-01 7.419208010923987462e-02 7.371415566681839282e-01 1.859353664087392000e-01 2.730996813837050560e-03 0.000000000000000000e+00
6.100000000000000000e+04 2.440082389856343958e-01 6.952662721893490549e-02 7.387346381429221731e-01 1.903732362312244020e-01 1.365498406918525280e-03 0.000000000000000000e+00
6.150000000000000000e+04 2.460083065183036322e-01 6.702321347291761988e-02 7.441966317705962508e-01 1.869594902139280757e-01 1.820664542558033706e-03 0.000000000000000000e+00
6.200000000000000000e+04 2.480083740509726464e-01 6.861629494765589254e-02 7.414656349567592120e-01 1.882111970869367323e-01 1.706873008648156654e-03 0.000000000000000000e+00
6.250000000000000000e+04 2.500084415836418827e-01 6.827492034592626269e-02 7.412380518889394310e-01 1.882111970869367323e-01 2.275830678197541916e-03 0.000000000000000000e+00
6.300000000000000000e+04 2.520085091163108970e-01 6.713700500682749650e-02 7.448793809740554828e-01 1.860491579426490627e-01 1.934456076467910759e-03 0.000000000000000000e+00
6.350000000000000000e+04 2.540085766489801333e-01 6.554392353208920996e-02 7.489758761948110966e-01 1.841147018661811463e-01 1.365498406918525280e-03 0.000000000000000000e+00
6.400000000000000000e+04 2.560086441816491476e-01 6.668183887118799003e-02 7.463586709148839482e-01 1.862767410104688159e-01 6.827492034592626399e-04 0.000000000000000000e+00
6.450000000000000000e+04 2.580087117143183839e-01 6.668183887118799003e-02 7.462448793809740577e-01 1.863905325443787064e-01 6.827492034592626399e-04 0.000000000000000000e+00
6.500000000000000000e+04 2.600087792469873982e-01 6.634046426945834629e-02 7.485207100591716456e-01 1.842284934000910368e-01 9.103322712790168532e-04 0.000000000000000000e+00
6.550000000000000000e+04 2.620088467796566345e-01 6.588529813381883982e-02 7.511379153390987939e-01 1.819526627218935044e-01 1.024123805188893906e-03 0.000000000000000000e+00
6.600000000000000000e+04 2.640089143123258708e-01 6.520254893035958010e-02 7.509103322712790130e-01 1.825216203914428736e-01 1.365498406918525280e-03 0.000000000000000000e+00
6.650000000000000000e+04 2.660089818449948851e-01 6.395084205735093730e-02 7.531861629494766008e-01 1.816112881201638607e-01 1.251706873008648227e-03 0.000000000000000000e+00
6.700000000000000000e+04 2.680090493776641214e-01 6.588529813381883982e-02 7.512517068730086844e-01 1.821802457897132577e-01 6.827492034592626399e-04 0.000000000000000000e+00
6.750000000000000000e+04 2.700091169103331357e-01 6.634046426945834629e-02 7.544378698224851743e-01 1.786527082385070686e-01 5.689576695493854790e-04 0.000000000000000000e+00
6.800000000000000000e+04 2.720091844430023720e-01 6.417842512517069054e-02 7.535275375512061613e-01 1.810423304506144637e-01 1.251706873008648227e-03 0.000000000000000000e+00
6.850000000000000000e+04 2.740092519756713862e-01 6.292671825216203385e-02 7.546654528903049552e-01 1.814974965862539702e-01 9.103322712790168532e-04 0.000000000000000000e+00
6.900000000000000000e+04 2.760093195083406226e-01 6.463359126081019701e-02 7.547792444242148457e-01 1.794492489758761911e-01 1.137915339098770958e-03 0.000000000000000000e+00
6.950000000000000000e+04 2.780093870410096368e-01 6.213017751479289752e-02 7.579654073736914466e-01 1.793354574419663283e-01 5.689576695493854790e-04 0.000000000000000000e+00
7.000000000000000000e+04 2.800094545736788731e-01 6.497496586253982687e-02 7.572826581702321036e-01 1.768320436959490149e-01 9.103322712790168532e-04 0.000000000000000000e+00
7.050000000000000000e+04 2.820095221063478874e-01 6.497496586253982687e-02 7.578516158397815561e-01 1.764906690942193990e-01 6.827492034592626399e-04 0.000000000000000000e+00
7.100000000000000000e+04 2.840095896390171237e-01 6.429221665908056715e-02 7.576240327719617751e-01 1.777423759672280279e-01 3.413746017296313199e-04 0.000000000000000000e+00
7.150000000000000000e+04 2.860096571716863600e-01 6.338188438780155420e-02 7.600136549840691425e-01 1.759217114246700020e-01 6.827492034592626399e-04 0.000000000000000000e+00
7.200000000000000000e+04 2.880097247043553743e-01 6.451979972690032039e-02 7.605826126536185949e-01 1.743286299499317293e-01 5.689576695493854790e-04 0.000000000000000000e+00
7.250000000000000000e+04 2.900097922370246106e-01 6.474738279472007363e-02 7.612653618570778269e-01 1.737596722803823324e-01 2.275830678197542133e-04 0.000000000000000000e+00
7.300000000000000000e+04 2.920098597696936249e-01 6.565771506599908658e-02 7.614929449248976079e-01 1.727355484751934567e-01 1.137915339098771066e-04 0.000000000000000000e+00
7.350000000000000000e+04 2.940099273023628612e-01 6.599908966772871644e-02 7.633136094674556338e-01 1.705735093309057870e-01 1.137915339098771066e-04 0.000000000000000000e+00
7.400000000000000000e+04 2.960099948350318755e-01 6.372325898953118406e-02 7.647928994082839882e-01 1.710286754665452935e-01 4.551661356395084266e-04 0.000000000000000000e+00
7.450000000000000000e+04 2.980100623677011118e-01 6.349567592171143082e-02 7.695721438324988339e-01 1.663632225762403383e-01 5.689576695493854790e-04 0.000000000000000000e+00
7.500000000000000000e+04 3.000101299003701261e-01 6.360946745562130744e-02 7.699135184342285054e-01 1.659080564406008318e-01 5.689576695493854790e-04 0.000000000000000000e+00
7.550000000000000000e+04 3.020101974330393624e-01 6.497496586253982687e-02 7.710514337733272994e-01 1.636322257624032717e-01 3.413746017296313199e-04 0.000000000000000000e+00
7.600000000000000000e+04 3.040102649657083766e-01 6.759217114246700298e-02 7.695721438324988339e-01 1.622667273554847522e-01 5.689576695493854790e-04 0.000000000000000000e+00
7.650000000000000000e+04 3.060103324983776130e-01 6.690942193900774326e-02 7.694583522985889434e-01 1.623805188893946427e-01 1.251706873008648227e-03 0.000000000000000000e+00
7.700000000000000000e+04 3.080104000310466272e-01 6.747837960855712636e-02 7.697997269003186149e-01 1.620391442876649990e-01 6.827492034592626399e-04 0.000000000000000000e+00
7.750000000000000000e+04 3.100104675637158635e-01 7.100591715976331542e-02 7.666135639508420141e-01 1.616977696859353553e-01 6.827492034592626399e-04 0.000000000000000000e+00
7.800000000000000000e+04 3.120105350963850999e-01 7.760582612653618706e-02 7.605826126536185949e-01 1.603322712790168358e-01 1.479289940828402332e-03 0.000000000000000000e+00
7.850000000000000000e+04 3.140106026290541141e-01 1.228948566226672756e-01 6.812699135184342447e-01 1.877560309512972259e-01 8.079198907601274626e-03 0.000000000000000000e+00
7.900000000000000000e+04 3.160106701617233504e-01 1.304050978607191602e-01 6.513427401001365968e-01 2.129039599453800558e-01 5.348202093764223633e-03 0.000000000000000000e+00
7.950000000000000000e+04 3.180107376943923647e-01 1.175466545289030468e-01 6.602184797451069453e-01 2.155211652253072319e-01 6.713700500682749130e-03 0.000000000000000000e+00
8.000000000000000000e+04 3.200108052270616010e-01 1.227810650887573990e-01 6.462221210741920796e-01 2.262175694128356895e-01 4.779244424214838804e-03 0.000000000000000000e+00
8.050000000000000000e+04 3.220108727597306153e-01 1.261948111060537114e-01 6.438324988620847122e-01 2.263313609467455523e-01 3.641329085116067413e-03 0.000000000000000000e+00
8.100000000000000000e+04 3.240109402923998516e-01 1.284706417842512438e-01 6.449704142011833952e-01 2.229176149294492537e-01 3.641329085116067413e-03 0.000000000000000000e+00
8.150000000000000000e+04 3.260110078250688659e-01 1.239189804278561652e-01 6.593081474738279324e-01 2.137005006827492060e-01 3.072371415566681717e-03 0.000000000000000000e+00
8.200000000000000000e+04 3.280110753577381022e-01 1.256258534365043145e-01 6.611288120163859583e-01 2.104005461993627701e-01 2.844788347746927612e-03 0.000000000000000000e+00
8.250000000000000000e+04 3.300111428904071165e-01 1.224396904870277691e-01 6.639736003641328876e-01 2.104005461993627701e-01 3.186162949476558769e-03 0.000000000000000000e+00
8.300000000000000000e+04 3.320112104230763528e-01 1.251706873008648080e-01 6.632908511606736557e-01 2.081247155211652378e-01 3.413746017296313308e-03 0.000000000000000000e+00
8.350000000000000000e+04 3.340112779557455891e-01 1.210741920801092358e-01 6.703459262630859783e-01 2.059626763768775681e-01 2.617205279927173507e-03 0.000000000000000000e+00
8.400000000000000000e+04 3.360113454884146034e-01 1.201638598088302229e-01 6.713700500682748817e-01 2.055075102412380617e-01 2.958579881656804664e-03 0.000000000000000000e+00
8.450000000000000000e+04 3.380114130210838397e-01 1.223258989531178925e-01 6.689804278561675144e-01 2.059626763768775681e-01 2.730996813837050560e-03 0.000000000000000000e+00
8.500000000000000000e+04 3.400114805537528540e-01 1.258534365043240677e-01 6.654528903049613531e-01 2.060764679107874309e-01 2.617205279927173507e-03 0.000000000000000000e+00
8.550000000000000000e+04 3.420115480864220903e-01 1.241465634956759184e-01 6.644287664997724496e-01 2.076695493855257035e-01 3.755120619025944465e-03 0.000000000000000000e+00
8.600000000000000000e+04 3.440116156190911045e-01 1.276741010468821214e-01 6.569185252617205650e-01 2.123350022758306865e-01 3.072371415566681717e-03 0.000000000000000000e+00
8.650000000000000000e+04 3.460116831517603408e-01 1.261948111060537114e-01 6.561219845243514426e-01 2.144970414201183562e-01 3.186162949476558769e-03 0.000000000000000000e+00
8.700000000000000000e+04 3.480117506844293551e-01 1.387118798361401950e-01 6.124260355029585989e-01 2.461310878470641672e-01 2.730996813837050560e-03 0.000000000000000000e+00
8.750000000000000000e+04 3.500118182170985914e-01 1.479289940828402428e-01 6.086709148839326566e-01 2.401001365498406925e-01 3.299954483386436255e-03 0.000000000000000000e+00
8.800000000000000000e+04 3.520118857497676057e-01 1.425807919890760000e-01 6.094674556213017791e-01 2.445380063723258945e-01 3.413746017296313308e-03 0.000000000000000000e+00
8.850000000000000000e+04 3.540119532824368420e-01 1.472462448793809831e-01 6.083295402822029851e-01 2.415794264906691025e-01 2.844788347746927612e-03 0.000000000000000000e+00
8.900000000000000000e+04 3.560120208151058563e-01 1.467910787437414766e-01 6.098088302230314506e-01 2.410104688211197055e-01 2.389622212107419402e-03 0.000000000000000000e+00
8.950000000000000000e+04 3.580120883477750926e-01 1.457669549385525731e-01 6.131087847064178309e-01 2.391898042785616796e-01 1.934456076467910759e-03 0.000000000000000000e+00
9.000000000000000000e+04 3.600121558804443289e-01 1.444014565316340537e-01 6.124260355029585989e-01 2.410104688211197055e-01 2.162039144287664864e-03 0.000000000000000000e+00
9.050000000000000000e+04 3.620122234131133432e-01 1.448566226672735602e-01 6.203914428766499345e-01 2.323623122439690547e-01 2.389622212107419402e-03 0.000000000000000000e+00
9.100000000000000000e+04 3.640122909457825795e-01 1.478152025489303523e-01 6.456531634046427381e-01 2.026627218934911323e-01 3.868912152935821518e-03 0.000000000000000000e+00
9.150000000000000000e+04 3.660123584784515938e-01 1.570323167956304000e-01 6.403049613108784399e-01 1.983386436049157930e-01 4.324078288575329727e-03 0.000000000000000000e+00
9.200000000000000000e+04 3.680124260111208301e-01 1.593081474738279601e-01 6.363222576240327166e-01 2.006144742831133254e-01 3.755120619025944465e-03 0.000000000000000000e+00
9.250000000000000000e+04 3.700124935437898444e-01 1.604460628129267263e-01 6.253982703686845612e-01 2.102867546654528796e-01 3.868912152935821518e-03 0.000000000000000000e+00
9.300000000000000000e+04 3.720125610764590807e-01 1.590805644060081792e-01 6.277878925807920396e-01 2.086936731907146070e-01 4.437869822485207214e-03 0.000000000000000000e+00
9.350000000000000000e+04 3.740126286091280949e-01 1.525944469731451980e-01 6.335912608101956778e-01 2.101729631315430169e-01 3.641329085116067413e-03 0.000000000000000000e+00
9.400000000000000000e+04 3.760126961417973313e-01 1.601046882111970826e-01 6.346153846153845812e-01 2.030040964952207483e-01 2.275830678197541916e-03 0.000000000000000000e+00
9.450000000000000000e+04 3.780127636744663455e-01 1.515703231679562946e-01 6.430359581247154788e-01 2.025489303595812418e-01 2.844788347746927612e-03 0.000000000000000000e+00
9.500000000000000000e+04 3.800128312071355818e-01 1.478152025489303523e-01 6.539599453800637452e-01 1.933318161128811941e-01 4.893035958124715423e-03 0.000000000000000000e+00
9.550000000000000000e+04 3.820128987398048181e-01 1.422394173873463841e-01 6.644287664997724496e-01 1.900318616294947582e-01 3.299954483386436255e-03 0.000000000000000000e+00
9.600000000000000000e+04 3.840129662724738324e-01 1.422394173873463841e-01 6.695493855257168558e-01 1.858215748748293095e-01 2.389622212107419402e-03 0.000000000000000000e+00
9.650000000000000000e+04 3.860130338051430687e-01 1.376877560309512916e-01 6.772872098315885214e-01 1.809285389167046010e-01 4.096495220755575623e-03 0.000000000000000000e+00
9.700000000000000000e+04 3.880131013378120830e-01 1.380291306326809353e-01 6.758079198907601670e-01 1.826354119253527641e-01 3.527537551206190360e-03 0.000000000000000000e+00
9.750000000000000000e+04 3.900131688704813193e-01 1.359808830223031284e-01 6.693218024578971859e-01 1.911697769685935244e-01 3.527537551206190360e-03 0.000000000000000000e+00
9.800000000000000000e+04 3.920132364031503336e-01 1.422394173873463841e-01 6.660218479745106945e-01 1.880974055530268418e-01 3.641329085116067413e-03 0.000000000000000000e+00
9.850000000000000000e+04 3.940133039358193479e-01 1.396222121074192080e-01 6.640873918980427781e-01 1.916249431042330587e-01 4.665452890304961318e-03 0.000000000000000000e+00
9.900000000000000000e+04 3.960133714684885842e-01 1.376877560309512916e-01 6.682976786527082824e-01 1.910559854346836617e-01 2.958579881656804664e-03 0.000000000000000000e+00
9.950000000000000000e+04 3.980134390011580425e-01 1.390532544378698110e-01 6.685252617205279524e-01 1.884387801547564856e-01 3.982703686845699004e-03 0.000000000000000000e+00
1.000000000000000000e+05 4.000135065338268348e-01 1.405325443786982209e-01 6.670459717796995980e-01 1.884387801547564856e-01 3.982703686845699004e-03 0.000000000000000000e+00
1.005000000000000000e+05 4.020135740664958490e-01 1.401911697769686049e-01 6.668183887118798170e-01 1.877560309512972259e-01 5.234410559854347014e-03 0.000000000000000000e+00
1.010000000000000000e+05 4.040136415991650853e-01 1.416704597177969871e-01 6.660218479745106945e-01 1.879836140191169791e-01 4.324078288575329727e-03 0.000000000000000000e+00
1.015000000000000000e+05 4.060137091318345437e-01 1.372325898953117851e-01 6.702321347291761988e-01 1.873008648156577194e-01 5.234410559854347014e-03 0.000000000000000000e+00
1.020000000000000000e+05 4.080137766645035580e-01 1.403049613108784677e-01 6.696631770596267463e-01 1.854802002730996935e-01 4.551661356395083832e-03 0.000000000000000000e+00
1.025000000000000000e+05 4.100138441971723502e-01 1.444014565316340537e-01 6.668183887118798170e-01 1.836595357305416398e-01 5.120619025944469528e-03 0.000000000000000000e+00
1.030000000000000000e+05 4.120139117298418086e-01 1.433773327264451503e-01 6.643149749658625591e-01 1.877560309512972259e-01 4.551661356395083832e-03 0.000000000000000000e+00
1.035000000000000000e+05 4.140139792625110449e-01 1.473600364132908458e-01 6.598771051433773849e-01 1.882111970869367323e-01 4.551661356395083832e-03 0.000000000000000000e+00
1.040000000000000000e+05 4.160140467951800591e-01 1.480427856167501055e-01 6.596495220755576039e-01 1.884387801547564856e-01 3.868912152935821518e-03 0.000000000000000000e+00
1.045000000000000000e+05 4.180141143278490734e-01 1.489531178880291185e-01 6.562357760582612221e-01 1.906008192990441552e-01 4.210286754665453109e-03 0.000000000000000000e+00
1.050000000000000000e+05 4.200141818605183097e-01 1.522530723714155543e-01 6.596495220755576039e-01 1.843422849340008995e-01 3.755120619025944465e-03 0.000000000000000000e+00
1.055000000000000000e+05 4.220142493931875460e-01 1.512289485662266786e-01 6.609012289485661773e-01 1.830905780609922706e-01 4.779244424214838804e-03 0.000000000000000000e+00
1.060000000000000000e+05 4.240143169258565603e-01 1.507737824305871721e-01 6.604460628129267263e-01 1.850250341374601593e-01 3.755120619025944465e-03 0.000000000000000000e+00
1.065000000000000000e+05 4.260143844585255746e-01 1.489531178880291185e-01 6.598771051433773849e-01 1.869594902139280757e-01 4.210286754665453109e-03 0.000000000000000000e+00
1.070000000000000000e+05 4.280144519911948109e-01 1.511151570323167881e-01 6.583978152025489194e-01 1.862767410104688159e-01 4.210286754665453109e-03 0.000000000000000000e+00
1.075000000000000000e+05 4.300145195238640472e-01 1.528220300409649512e-01 6.700045516613564178e-01 1.738734638142922229e-01 3.299954483386436255e-03 0.000000000000000000e+00
1.080000000000000000e+05 4.320145870565330615e-01 1.512289485662266786e-01 6.829767865270823801e-01 1.624943104233045055e-01 3.299954483386436255e-03 0.000000000000000000e+00
1.085000000000000000e+05 4.340146545892020757e-01 1.502048247610377751e-01 6.911697769685934967e-01 1.539599453800637174e-01 4.665452890304961318e-03 0.000000000000000000e+00
1.090000000000000000e+05 4.360147221218713121e-01 1.528220300409649512e-01 6.884387801547564578e-01 1.549840691852526209e-01 3.755120619025944465e-03 0.000000000000000000e+00
1.095000000000000000e+05 4.380147896545405484e-01 1.497496586253982687e-01 6.943559399180700975e-01 1.536185707783341015e-01 2.275830678197541916e-03 0.000000000000000000e+00
1.100000000000000000e+05 4.400148571872095626e-01 1.811561219845243542e-01 6.234638142922166448e-01 1.896904870277651423e-01 5.689576695493855224e-03 0.000000000000000000e+00
1.105000000000000000e+05 4.420149247198785769e-01 1.705735093309057870e-01 6.574874829312699065e-01 1.654528903049612976e-01 6.486117432862995025e-03 0.000000000000000000e+00
1.110000000000000000e+05 4.440149922525478132e-01 1.665908056440600915e-01 6.593081474738279324e-01 1.694355939918070209e-01 4.665452890304961318e-03 0.000000000000000000e+00
1.115000000000000000e+05 4.460150597852172716e-01 1.679563040509786109e-01 6.574874829312699065e-01 1.695493855257168836e-01 5.006827492034592909e-03 0.000000000000000000e+00
1.120000000000000000e+05 4.480151273178860638e-01 1.649977241693217911e-01 6.603322712790168358e-01 1.710286754665452935e-01 3.641329085116067413e-03 0.000000000000000000e+00
1.125000000000000000e+05 4.500151948505550781e-01 1.717114246700045532e-01 6.581702321347291385e-01 1.663632225762403383e-01 3.755120619025944465e-03 0.000000000000000000e+00
1.130000000000000000e+05 4.520152623832243144e-01 1.687528447883477334e-01 6.661356395084205850e-01 1.586253982703686727e-01 6.486117432862995025e-03 0.000000000000000000e+00
1.135000000000000000e+05 4.540153299158937727e-01 1.760355029585798925e-01 6.714838416021847722e-01 1.467910787437414766e-01 5.689576695493855224e-03 0.000000000000000000e+00
