# itime ezz other fcc hcp bcc ico
0.000000000000000000e+00 0.000000000000000000e+00 1.024123805188893906e-03 9.989758761948110966e-01 0.000000000000000000e+00 0.000000000000000000e+00 0.000000000000000000e+00
2.500000000000000000e+02 9.999535661842084977e-04 1.934456076467910759e-03 9.980655439235320836e-01 0.000000000000000000e+00 0.000000000000000000e+00 0.000000000000000000e+00
5.000000000000000000e+02 1.999907132368639040e-03 3.413746017296313199e-04 9.996586253982703285e-01 0.000000000000000000e+00 0.000000000000000000e+00 0.000000000000000000e+00
7.500000000000000000e+02 2.999860698552847538e-03 2.275830678197542133e-04 9.997724169321802190e-01 0.000000000000000000e+00 0.000000000000000000e+00 0.000000000000000000e+00
1.000000000000000000e+03 3.999814264737278080e-03 5.689576695493854790e-04 9.994310423304506585e-01 0.000000000000000000e+00 0.000000000000000000e+00 0.000000000000000000e+00
1.250000000000000000e+03 4.999767830921486578e-03 7.965407373691396923e-04 9.992034592626308775e-01 0.000000000000000000e+00 0.000000000000000000e+00 0.000000000000000000e+00
1.500000000000000000e+03 5.999721397105695075e-03 1.479289940828402332e-03 9.985207100591716456e-01 0.000000000000000000e+00 0.000000000000000000e+00 0.000000000000000000e+00
1.750000000000000000e+03 6.999674963290125618e-03 2.844788347746927612e-03 9.971552116522530707e-01 0.000000000000000000e+00 0.000000000000000000e+00 0.000000000000000000e+00
2.000000000000000000e+03 7.999628529474334115e-03 9.103322712790168532e-04 9.989758761948110966e-01 0.000000000000000000e+00 1.137915339098771066e-04 0.000000000000000000e+00
2.250000000000000000e+03 8.999582095658764658e-03 9.103322712790168532e-04 9.990896677287209870e-01 0.000000000000000000e+00 0.000000000000000000e+00 0.000000000000000000e+00
2.500000000000000000e+03 9.999535661842973155e-03 1.934456076467910759e-03 9.979517523896221931e-01 0.000000000000000000e+00 1.137915339098771066e-04 0.000000000000000000e+00
2.750000000000000000e+03 1.099948922802718165e-02 2.617205279927173507e-03 9.973827947200728516e-01 0.000000000000000000e+00 0.000000000000000000e+00 0.000000000000000000e+00
3.000000000000000000e+03 1.199944279421161220e-02 7.965407373691396923e-04 9.992034592626308775e-01 0.000000000000000000e+00 0.000000000000000000e+00 0.000000000000000000e+00
3.250000000000000000e+03 1.299939636039582069e-02 1.137915339098770958e-03 9.988620846609012061e-01 0.000000000000000000e+00 0.000000000000000000e+00 0.000000000000000000e+00
3.500000000000000000e+03 1.399934992658025124e-02 1.934456076467910759e-03 9.979517523896221931e-01 0.000000000000000000e+00 1.137915339098771066e-04 0.000000000000000000e+00
3.750000000000000000e+03 1.499930349276445973e-02 4.551661356395084266e-04 9.995448338643604380e-01 0.000000000000000000e+00 0.000000000000000000e+00 0.000000000000000000e+00
4.000000000000000000e+03 1.599925705894866823e-02 1.251706873008648227e-03 9.987482931269913156e-01 0.000000000000000000e+00 0.000000000000000000e+00 0.000000000000000000e+00
4.250000000000000000e+03 1.699921062513309877e-02 3.186162949476558769e-03 9.968138370505233992e-01 0.000000000000000000e+00 0.000000000000000000e+00 0.000000000000000000e+00
4.500000000000000000e+03 1.799916419131730727e-02 2.275830678197541916e-03 9.977241693218024121e-01 0.000000000000000000e+00 0.000000000000000000e+00 0.000000000000000000e+00
4.750000000000000000e+03 1.899911775750173781e-02 2.389622212107419402e-03 9.976103777878926326e-01 0.000000000000000000e+00 0.000000000000000000e+00 0.000000000000000000e+00
5.000000000000000000e+03 1.999907132368594631e-02 2.503413746017296455e-03 9.974965862539827421e-01 0.000000000000000000e+00 0.000000000000000000e+00 0.000000000000000000e+00
5.250000000000000000e+03 2.099902488987015481e-02 2.162039144287664864e-03 9.978379608557123026e-01 0.000000000000000000e+00 0.000000000000000000e+00 0.000000000000000000e+00
5.500000000000000000e+03 2.199897845605458535e-02 1.820664542558033706e-03 9.981793354574419741e-01 0.000000000000000000e+00 0.000000000000000000e+00 0.000000000000000000e+00
5.750000000000000000e+03 2.299893202223879385e-02 3.527537551206190360e-03 9.963586709148839482e-01 0.000000000000000000e+00 1.137915339098771066e-04 0.000000000000000000e+00
6.000000000000000000e+03 2.399888558842322439e-02 3.186162949476558769e-03 9.968138370505233992e-01 0.000000000000000000e+00 0.000000000000000000e+00 0.000000000000000000e+00
6.250000000000000000e+03 2.499883915460743289e-02 3.413746017296313308e-03 9.963586709148839482e-01 0.000000000000000000e+00 2.275830678197542133e-04 0.000000000000000000e+00
6.500000000000000000e+03 2.599879272079164139e-02 3.755120619025944465e-03 9.960172963131542767e-01 0.000000000000000000e+00 2.275830678197542133e-04 0.000000000000000000e+00
6.750000000000000000e+03 2.699874628697607193e-02 1.820664542558033706e-03 9.981793354574419741e-01 0.000000000000000000e+00 0.000000000000000000e+00 0.000000000000000000e+00
7.000000000000000000e+03 2.799869985316028043e-02 2.048247610377787811e-03 9.979517523896221931e-01 0.000000000000000000e+00 0.000000000000000000e+00 0.000000000000000000e+00
7.250000000000000000e+03 2.899865341934471097e-02 4.551661356395083832e-03 9.953345471096950448e-01 0.000000000000000000e+00 1.137915339098771066e-04 0.000000000000000000e+00
7.500000000000000000e+03 2.999860698552891947e-02 5.348202093764223633e-03 9.945380063723259223e-01 0.000000000000000000e+00 1.137915339098771066e-04 0.000000000000000000e+00
7.750000000000000000e+03 3.099856055171312796e-02 5.689576695493855224e-03 9.941966317705962508e-01 0.000000000000000000e+00 1.137915339098771066e-04 0.000000000000000000e+00
8.000000000000000000e+03 3.199851411789755851e-02 7.737824305871643035e-03 9.922621756941283344e-01 0.000000000000000000e+00 0.000000000000000000e+00 0.000000000000000000e+00
8.250000000000000000e+03 3.299846768408176700e-02 6.258534365043240920e-03 9.934000910332271284e-01 0.000000000000000000e+00 3.413746017296313199e-04 0.000000000000000000e+00
8.500000000000000000e+03 3.399842125026619755e-02 4.551661356395083832e-03 9.953345471096950448e-01 0.000000000000000000e+00 1.137915339098771066e-04 0.000000000000000000e+00
8.750000000000000000e+03 3.499837481645040604e-02 5.461993627674101119e-03 9.944242148384160318e-01 0.000000000000000000e+00 1.137915339098771066e-04 0.000000000000000000e+00
9.000000000000000000e+03 3.599832838263461454e-02 5.917159763313609329e-03 9.938552571688666903e-01 0.000000000000000000e+00 2.275830678197542133e-04 0.000000000000000000e+00
9.250000000000000000e+03 3.699828194881904508e-02 7.168866636322257339e-03 9.923759672280382249e-01 0.000000000000000000e+00 4.551661356395084266e-04 0.000000000000000000e+00
9.500000000000000000e+03 3.799823551500325358e-02 7.055075102412380721e-03 9.927173418297678964e-01 0.000000000000000000e+00 2.275830678197542133e-04 0.000000000000000000e+00
9.750000000000000000e+03 3.899818908118768412e-02 7.965407373691398007e-03 9.919208010923987739e-01 0.000000000000000000e+00 1.137915339098771066e-04 0.000000000000000000e+00
1.000000000000000000e+04 3.999814264737189262e-02 1.081019572143832562e-02 9.887346381429221731e-01 0.000000000000000000e+00 4.551661356395084266e-04 0.000000000000000000e+00
1.025000000000000000e+04 4.099809621355610112e-02 7.851615839781519654e-03 9.920345926263085534e-01 0.000000000000000000e+00 1.137915339098771066e-04 0.000000000000000000e+00
1.050000000000000000e+04 4.199804977974053166e-02 1.103777878925807886e-02 9.885070550751023921e-01 0.000000000000000000e+00 4.551661356395084266e-04 0.000000000000000000e+00
1.075000000000000000e+04 4.299800334592474016e-02 1.376877560309512985e-02 9.861174328629950248e-01 0.000000000000000000e+00 1.137915339098771066e-04 0.000000000000000000e+00
1.100000000000000000e+04 4.399795691210894866e-02 1.103777878925807886e-02 9.887346381429221731e-01 0.000000000000000000e+00 2.275830678197542133e-04 0.000000000000000000e+00
1.125000000000000000e+04 4.499791047829337920e-02 1.046882111970869403e-02 9.887346381429221731e-01 0.000000000000000000e+00 7.965407373691396923e-04 0.000000000000000000e+00
1.150000000000000000e+04 4.599786404447758770e-02 1.388256713700500647e-02 9.855484751934455723e-01 0.000000000000000000e+00 5.689576695493854790e-04 0.000000000000000000e+00
1.175000000000000000e+04 4.699781761066201824e-02 1.547564861174328607e-02 9.842967683204369989e-01 0.000000000000000000e+00 2.275830678197542133e-04 0.000000000000000000e+00
1.200000000000000000e+04 4.799777117684622674e-02 1.399635867091488309e-02 9.852071005917160118e-01 0.000000000000000000e+00 7.965407373691396923e-04 0.000000000000000000e+00
1.225000000000000000e+04 4.899772474303043523e-02 1.479289940828402289e-02 9.848657259899863403e-01 0.000000000000000000e+00 3.413746017296313199e-04 0.000000000000000000e+00
1.250000000000000000e+04 4.999767830921486578e-02 1.342740100136549826e-02 9.858898497951752438e-01 0.000000000000000000e+00 6.827492034592626399e-04 0.000000000000000000e+00
1.275000000000000000e+04 5.099763187539907427e-02 1.968593536640873831e-02 9.798588984979517136e-01 0.000000000000000000e+00 4.551661356395084266e-04 0.000000000000000000e+00
1.300000000000000000e+04 5.199758544158350482e-02 1.957214383249886169e-02 9.795175238962221531e-01 0.000000000000000000e+00 9.103322712790168532e-04 0.000000000000000000e+00
1.325000000000000000e+04 5.299753900776771331e-02 1.923076923076923184e-02 9.799726900318616041e-01 0.000000000000000000e+00 7.965407373691396923e-04 0.000000000000000000e+00
1.350000000000000000e+04 5.399749257395192181e-02 2.036868456986800149e-02 9.784934000910332497e-01 0.000000000000000000e+00 1.137915339098770958e-03 0.000000000000000000e+00
1.375000000000000000e+04 5.499744614013635235e-02 2.082385070550751144e-02 9.783796085571233592e-01 0.000000000000000000e+00 7.965407373691396923e-04 0.000000000000000000e+00
1.400000000000000000e+04 5.599739970632056085e-02 1.866181156121984527e-02 9.803140646335912756e-01 0.000000000000000000e+00 1.024123805188893906e-03 0.000000000000000000e+00
1.425000000000000000e+04 5.699735327250499139e-02 2.856167501137915274e-02 9.699590350477924616e-01 0.000000000000000000e+00 1.479289940828402332e-03 0.000000000000000000e+00
1.450000000000000000e+04 5.799730683868919989e-02 2.628584433318160996e-02 9.723486572598998290e-01 0.000000000000000000e+00 1.365498406918525280e-03 0.000000000000000000e+00
1.475000000000000000e+04 5.899726040487340839e-02 2.264451524806554428e-02 9.761037778789257713e-01 0.000000000000000000e+00 1.251706873008648227e-03 0.000000000000000000e+00
1.500000000000000000e+04 5.999721397105783893e-02 3.026854802002730896e-02 9.684797451069639962e-01 0.000000000000000000e+00 1.251706873008648227e-03 0.000000000000000000e+00
1.525000000000000000e+04 6.099716753724204743e-02 3.004096495220755572e-02 9.685935366408738867e-01 0.000000000000000000e+00 1.365498406918525280e-03 0.000000000000000000e+00
1.550000000000000000e+04 6.199712110342647797e-02 3.186162949476559203e-02 9.665452890304960798e-01 0.000000000000000000e+00 1.593081474738279385e-03 0.000000000000000000e+00
1.575000000000000000e+04 6.299707466961068647e-02 3.470641784251251444e-02 9.640418752844788219e-01 0.000000000000000000e+00 1.251706873008648227e-03 0.000000000000000000e+00
1.600000000000000000e+04 6.399702823579489497e-02 3.971324533454710648e-02 9.576695493855257313e-01 0.000000000000000000e+00 2.617205279927173507e-03 0.000000000000000000e+00
1.625000000000000000e+04 6.499698180197932551e-02 4.142011834319526964e-02 9.555075102412380339e-01 0.000000000000000000e+00 3.072371415566681717e-03 0.000000000000000000e+00
1.650000000000000000e+04 6.599693536816353401e-02 4.392353208921256219e-02 9.538006372325898985e-01 0.000000000000000000e+00 2.275830678197541916e-03 0.000000000000000000e+00
1.675000000000000000e+04 6.699688893434796455e-02 3.937187073281747662e-02 9.586936731907146347e-01 0.000000000000000000e+00 1.934456076467910759e-03 0.000000000000000000e+00
1.700000000000000000e+04 6.799684250053217305e-02 4.324078288575330248e-02 9.548247610377788019e-01 0.000000000000000000e+00 1.934456076467910759e-03 0.000000000000000000e+00
1.725000000000000000e+04 6.899679606671638155e-02 4.733727810650887463e-02 9.485662266727356018e-01 0.000000000000000000e+00 4.096495220755575623e-03 0.000000000000000000e+00
1.750000000000000000e+04 6.999674963290081209e-02 5.029585798816568060e-02 9.456076467910787819e-01 0.000000000000000000e+00 4.096495220755575623e-03 0.000000000000000000e+00
1.775000000000000000e+04 7.099670319908502059e-02 5.325443786982248656e-02 9.429904415111515226e-01 0.000000000000000000e+00 3.755120619025944465e-03 0.000000000000000000e+00
1.800000000000000000e+04 7.199665676526945113e-02 6.110605370960400795e-02 9.319526627218934767e-01 0.000000000000000000e+00 6.941283568502503235e-03 0.000000000000000000e+00
1.825000000000000000e+04 7.299661033145365963e-02 6.451979972690032039e-02 9.307009558488847922e-01 0.000000000000000000e+00 4.779244424214838804e-03 0.000000000000000000e+00
1.850000000000000000e+04 7.399656389763786812e-02 6.372325898953118406e-02 9.314974965862540257e-01 0.000000000000000000e+00 4.779244424214838804e-03 0.000000000000000000e+00
1.875000000000000000e+04 7.499651746382229867e-02 6.929904415111515226e-02 9.260355029585798370e-01 0.000000000000000000e+00 4.665452890304961318e-03 0.000000000000000000e+00
1.900000000000000000e+04 7.599647103000650716e-02 7.715065999089668058e-02 9.167045971779699265e-01 0.000000000000000000e+00 6.144742831133363434e-03 0.000000000000000000e+00
1.925000000000000000e+04 7.699642459619093771e-02 8.284023668639053928e-02 9.081702321347291385e-01 0.000000000000000000e+00 8.989531178880291046e-03 0.000000000000000000e+00
1.950000000000000000e+04 7.799637816237514620e-02 8.568502503413745475e-02 9.070323167956304555e-01 0.000000000000000000e+00 7.282658170232134826e-03 0.000000000000000000e+00
1.975000000000000000e+04 7.899633172855935470e-02 1.034365043240782905e-01 8.825671370050067743e-01 0.000000000000000000e+00 1.399635867091488309e-02 0.000000000000000000e+00
2.000000000000000000e+04 7.999628529474378524e-02 1.117432862994993115e-01 8.702776513427401550e-01 0.000000000000000000e+00 1.797906235776058209e-02 0.000000000000000000e+00
2.025000000000000000e+04 8.099623886092799374e-02 1.428083750568957533e-01 8.307919890760127046e-01 0.000000000000000000e+00 2.639963586709149004e-02 0.000000000000000000e+00
2.050000000000000000e+04 8.199619242711242428e-02 1.472462448793809831e-01 8.212335002275830131e-01 2.275830678197542133e-04 3.129267182521620200e-02 0.000000000000000000e+00
2.075000000000000000e+04 8.299614599329663278e-02 1.593081474738279601e-01 7.957441966317706505e-01 5.689576695493854790e-04 4.437869822485206867e-02 0.000000000000000000e+00
2.100000000000000000e+04 8.399609955948084128e-02 2.073281747837960876e-01 7.024351388256713236e-01 3.186162949476558769e-03 8.705052344105598805e-02 0.000000000000000000e+00
2.125000000000000000e+04 8.499605312566527182e-02 2.126763768775603025e-01 6.787664997724169869e-01 7.396449704142011444e-03 1.011606736458807443e-01 0.000000000000000000e+00
2.150000000000000000e+04 8.599600669184948032e-02 2.177969959035047920e-01 6.444014565316340537e-01 1.137915339098771045e-02 1.264223941738734647e-01 0.000000000000000000e+00
2.175000000000000000e+04 8.699596025803391086e-02 2.526172052799271484e-01 5.985434683659536237e-01 2.309968138370505075e-02 1.257396449704142050e-01 0.000000000000000000e+00
2.200000000000000000e+04 8.799591382421811936e-02 2.408966772872098427e-01 5.551888939462903405e-01 5.962676376877560497e-02 1.442876649977241632e-01 0.000000000000000000e+00
2.225000000000000000e+04 8.899586739040232786e-02 2.296313154301319881e-01 5.451752389622211981e-01 1.136777423759672279e-01 1.115157032316795582e-01 0.000000000000000000e+00
2.250000000000000000e+04 8.999582095658675840e-02 2.239417387346381294e-01 5.579198907601274904e-01 1.379153390987710448e-01 8.022303140646336317e-02 0.000000000000000000e+00
2.275000000000000000e+04 9.099577452277096690e-02 2.133591260810195622e-01 5.317478379608556738e-01 1.708010923987255403e-01 8.409194355939918208e-02 0.000000000000000000e+00
2.300000000000000000e+04 9.199572808895539744e-02 2.045971779699590487e-01 5.318616294947655643e-01 2.003868912152935722e-01 6.315430131998178709e-02 0.000000000000000000e+00
2.325000000000000000e+04 9.299568165513960594e-02 1.972007282658170269e-01 5.323167956304051263e-01 2.142694583522985752e-01 5.621301775147929253e-02 0.000000000000000000e+00
2.350000000000000000e+04 9.399563522132381443e-02 1.953800637232590010e-01 5.275375512061902805e-01 2.205279927173418308e-01 5.655439235320892238e-02 0.000000000000000000e+00
2.375000000000000000e+04 9.499558878750824498e-02 1.926490669094219343e-01 5.309512972234865513e-01 2.261037778789257990e-01 5.029585798816568060e-02 0.000000000000000000e+00
2.400000000000000000e+04 9.599554235369245347e-02 1.787664997724169313e-01 5.377787892580792040e-01 2.430587164314974846e-01 4.039599453800637313e-02 0.000000000000000000e+00
2.425000000000000000e+04 9.699549591987688402e-02 1.847974510696404060e-01 5.324305871643150168e-01 2.436276741010468816e-01 3.914428766499772339e-02 0.000000000000000000e+00
2.450000000000000000e+04 9.799544948606109251e-02 1.819526627218935044e-01 5.340236686390532617e-01 2.463586709148839204e-01 3.766499772416932040e-02 0.000000000000000000e+00
2.475000000000000000e+04 9.899540305224530101e-02 1.901456531634046487e-01 5.188893946290396020e-01 2.434000910332271284e-01 4.756486117432862787e-02 0.000000000000000000e+00
2.500000000000000000e+04 9.999535661842973155e-02 1.941283568502503443e-01 5.176376877560309175e-01 2.428311333636777314e-01 4.540282203004096517e-02 0.000000000000000000e+00
2.525000000000000000e+04 1.009953101846139401e-01 1.966317705962676299e-01 5.213928083750568598e-01 2.394173873463814328e-01 4.255803368229403583e-02 0.000000000000000000e+00
2.550000000000000000e+04 1.019952637507983706e-01 2.031178880291306388e-01 5.121756941283568398e-01 2.374829312699135164e-01 4.722348657259899801e-02 0.000000000000000000e+00
2.575000000000000000e+04 1.029952173169825791e-01 2.197314519799726806e-01 4.990896677287209870e-01 2.328174783796085612e-01 4.836140191169777114e-02 0.000000000000000000e+00
2.600000000000000000e+04 1.039951708831667876e-01 2.222348657259899940e-01 4.949931725079654288e-01 2.322485207100591642e-01 5.052344105598543383e-02 0.000000000000000000e+00
2.625000000000000000e+04 1.049951244493512181e-01 2.370277651342740100e-01 4.787209831588529751e-01 2.276968593536640995e-01 5.655439235320892238e-02 0.000000000000000000e+00
2.650000000000000000e+04 1.059950780155354266e-01 2.256486117432862926e-01 4.743969048702776359e-01 2.484069185252617273e-01 5.154756486117433034e-02 0.000000000000000000e+00
2.675000000000000000e+04 1.069950315817198572e-01 2.312243969048702885e-01 4.642694583522986029e-01 2.521620391442876419e-01 5.234410559854346667e-02 0.000000000000000000e+00
2.700000000000000000e+04 1.079949851479040657e-01 2.220072826581702408e-01 4.670004551661356418e-01 2.610377787892581014e-01 4.995448338643605074e-02 0.000000000000000000e+00
2.725000000000000000e+04 1.089949387140882742e-01 2.011834319526627224e-01 4.640418752844788219e-01 3.048475193445607800e-01 2.992717341829767910e-02 0.000000000000000000e+00
2.750000000000000000e+04 1.099948922802727047e-01 1.385980883022303045e-01 5.158170232134728916e-01 3.237369139736003820e-01 2.184797451069640448e-02 0.000000000000000000e+00
2.775000000000000000e+04 1.109948458464569132e-01 1.194811106053709632e-01 5.267410104688211581e-01 3.332954028220300180e-01 2.048247610377787811e-02 0.000000000000000000e+00
2.800000000000000000e+04 1.119947994126413437e-01 1.193673190714610866e-01 5.224169321802457633e-01 3.361401911697769473e-01 2.207555757851615771e-02 0.000000000000000000e+00
2.825000000000000000e+04 1.129947529788255522e-01 1.186845698680018268e-01 5.164997724169322346e-01 3.479745106964041712e-01 1.684114701866181243e-02 0.000000000000000000e+00
2.850000000000000000e+04 1.139947065450097607e-01 1.182294037323623065e-01 5.134274010013655243e-01 3.505917159763313751e-01 1.775147928994082885e-02 0.000000000000000000e+00
2.875000000000000000e+04 1.149946601111941913e-01 1.142467000455166110e-01 5.121756941283568398e-01 3.538916704597178109e-01 1.968593536640873831e-02 0.000000000000000000e+00
2.900000000000000000e+04 1.159946136773783998e-01 1.145880746472462408e-01 5.129722348657259623e-01 3.560537096040054528e-01 1.638598088302230249e-02 0.000000000000000000e+00
2.925000000000000000e+04 1.169945672435628303e-01 1.176604460628129234e-01 5.117205279927173889e-01 3.562812926718252338e-01 1.433773327264451468e-02 0.000000000000000000e+00
2.950000000000000000e+04 1.179945208097470388e-01 1.128812016385980915e-01 5.112653618570778269e-01 3.576467910787437532e-01 1.820664542558033533e-02 0.000000000000000000e+00
2.975000000000000000e+04 1.189944743759312473e-01 1.145880746472462408e-01 5.094446973145198010e-01 3.575329995448338627e-01 1.843422849340009204e-02 0.000000000000000000e+00
3.000000000000000000e+04 1.199944279421156779e-01 1.210741920801092358e-01 5.015930814747382449e-01 3.590122894856622726e-01 1.832043695949021542e-02 0.000000000000000000e+00
3.025000000000000000e+04 1.209943815082998864e-01 1.185707783340919502e-01 4.924897587619481154e-01 3.678880291306326766e-01 2.105143377332726468e-02 0.000000000000000000e+00
3.050000000000000000e+04 1.219943350744840949e-01 1.211879836140191125e-01 4.922621756941283344e-01 3.672052799271734447e-01 1.934456076467910846e-02 0.000000000000000000e+00
3.075000000000000000e+04 1.229942886406685254e-01 1.206190259444697294e-01 4.911242603550295960e-01 3.693673190714610866e-01 1.888939462903959851e-02 0.000000000000000000e+00
3.100000000000000000e+04 1.239942422068527339e-01 1.175466545289030468e-01 4.873691397360036537e-01 3.730086481565771384e-01 2.207555757851615771e-02 0.000000000000000000e+00
3.125000000000000000e+04 1.249941957730371644e-01 1.189121529358215801e-01 4.873691397360036537e-01 3.733500227583067543e-01 2.036868456986800149e-02 0.000000000000000000e+00
3.150000000000000000e+04 1.259941493392213729e-01 1.157259899863450209e-01 4.854346836595357373e-01 3.759672280382339582e-01 2.287209831588529751e-02 0.000000000000000000e+00
3.175000000000000000e+04 1.269941029054055814e-01 1.172052799271734169e-01 4.883932635411925571e-01 3.739189804278561513e-01 2.048247610377787811e-02 0.000000000000000000e+00
3.200000000000000000e+04 1.279940564715900120e-01 1.197086936731907164e-01 4.844105598543468338e-01 3.746017296313154388e-01 2.127901684114701791e-02 0.000000000000000000e+00
3.225000000000000000e+04 1.289940100377742205e-01 1.172052799271734169e-01 4.835002275830678209e-01 3.767637687756030807e-01 2.253072371415566766e-02 0.000000000000000000e+00
3.250000000000000000e+04 1.299939636039586510e-01 1.208466090122894826e-01 4.773554847519344557e-01 3.768775603095129711e-01 2.492034592626308706e-02 0.000000000000000000e+00
3.275000000000000000e+04 1.309939171701428595e-01 1.240327719617660418e-01 4.787209831588529751e-01 3.750568957669549452e-01 2.218934911242603433e-02 0.000000000000000000e+00
3.300000000000000000e+04 1.319938707363270680e-01 1.197086936731907164e-01 4.787209831588529751e-01 3.743741465634956578e-01 2.719617660446062984e-02 0.000000000000000000e+00
3.325000000000000000e+04 1.329938243025114986e-01 1.279016841147018746e-01 4.756486117432863203e-01 3.764223941738734647e-01 2.002730996813837164e-02 0.000000000000000000e+00
3.350000000000000000e+04 1.339937778686957071e-01 1.264223941738734647e-01 4.772416932180245652e-01 3.760810195721438487e-01 2.025489303595812488e-02 0.000000000000000000e+00
3.375000000000000000e+04 1.349937314348801376e-01 1.239189804278561652e-01 4.766727355484751683e-01 3.768775603095129711e-01 2.253072371415566766e-02 0.000000000000000000e+00
3.400000000000000000e+04 1.359936850010643461e-01 1.343878015475648557e-01 4.647246244879381094e-01 3.816568047337278169e-01 1.923076923076923184e-02 0.000000000000000000e+00
3.425000000000000000e+04 1.369936385672485546e-01 1.373463814292216756e-01 4.611970869367318926e-01 3.807464724624488039e-01 2.071005917159763482e-02 0.000000000000000000e+00
3.450000000000000000e+04 1.379935921334329851e-01 1.307464724624488039e-01 4.340009103322712836e-01 4.134046426945835462e-01 2.184797451069640448e-02 0.000000000000000000e+00
3.475000000000000000e+04 1.389935456996171936e-01 1.274465179790623681e-01 4.328629949931724896e-01 4.162494310423304755e-01 2.344105598543468408e-02 0.000000000000000000e+00
3.500000000000000000e+04 1.399934992658016242e-01 1.236913973600364119e-01 4.345698680018206805e-01 4.161356395084205850e-01 2.560309512972235024e-02 0.000000000000000000e+00
3.525000000000000000e+04 1.409934528319858327e-01 1.286982248520709970e-01 4.330905780609922706e-01 4.142011834319526686e-01 2.401001365498407064e-02 0.000000000000000000e+00
3.550000000000000000e+04 1.419934063981700412e-01 1.347291761492944995e-01 4.278561675011379184e-01 4.132908511606736557e-01 2.412380518889394726e-02 0.000000000000000000e+00
3.575000000000000000e+04 1.429933599643544717e-01 1.324533454710969393e-01 4.305871643149749572e-01 4.130632680928538747e-01 2.389622212107419055e-02 0.000000000000000000e+00
3.600000000000000000e+04 1.439933135305386802e-01 1.375739644970414288e-01 4.259217114246700020e-01 4.097633136094674389e-01 2.674101046882111990e-02 0.000000000000000000e+00
3.625000000000000000e+04 1.449932670967231108e-01 1.395084205735093175e-01 4.276285844333181374e-01 4.086253982703687004e-01 2.423759672280382388e-02 0.000000000000000000e+00
3.650000000000000000e+04 1.459932206629073193e-01 1.355257168866636219e-01 4.245562130177514826e-01 4.106736458807464518e-01 2.924442421483841592e-02 0.000000000000000000e+00
3.675000000000000000e+04 1.469931742290915277e-01 1.321119708693673234e-01 4.304733727810650668e-01 4.115839781520254648e-01 2.583067819754210348e-02 0.000000000000000000e+00
3.700000000000000000e+04 1.479931277952759583e-01 1.362084660901228816e-01 4.259217114246700020e-01 4.127218934911242587e-01 2.514792899408284030e-02 0.000000000000000000e+00
3.725000000000000000e+04 1.489930813614601668e-01 1.442876649977241632e-01 4.220527992717341692e-01 4.095357305416477134e-01 2.412380518889394726e-02 0.000000000000000000e+00
3.750000000000000000e+04 1.499930349276445973e-01 1.420118343195266308e-01 4.227355484751934567e-01 4.091943559399180974e-01 2.605826126536185672e-02 0.000000000000000000e+00
3.775000000000000000e+04 1.509929884938288058e-01 1.527082385070550885e-01 4.206873008648156498e-01 4.045289030496130867e-01 2.207555757851615771e-02 0.000000000000000000e+00
3.800000000000000000e+04 1.519929420600130143e-01 1.448566226672735602e-01 4.218252162039144437e-01 4.073736913973600160e-01 2.594446973145198010e-02 0.000000000000000000e+00
3.825000000000000000e+04 1.529928956261974449e-01 1.503186162949476656e-01 4.187528447883477334e-01 4.055530268548019901e-01 2.537551206190259354e-02 0.000000000000000000e+00
3.850000000000000000e+04 1.539928491923816534e-01 1.516841147018661851e-01 4.182976786527082269e-01 4.006599908966773094e-01 2.935821574874829254e-02 0.000000000000000000e+00
3.875000000000000000e+04 1.549928027585660839e-01 1.549840691852526209e-01 4.187528447883477334e-01 3.951979972690031762e-01 3.106508875739644876e-02 0.000000000000000000e+00
3.900000000000000000e+04 1.559927563247502924e-01 1.539599453800637174e-01 4.153390987710514071e-01 3.992944924897587344e-01 3.140646335912607862e-02 0.000000000000000000e+00
3.925000000000000000e+04 1.569927098909345009e-01 1.630632680928539024e-01 4.147701411015020656e-01 3.913290851160673434e-01 3.083750568957669552e-02 0.000000000000000000e+00
3.950000000000000000e+04 1.579926634571189314e-01 1.616977696859353553e-01 4.110150204824761233e-01 3.953117888029130667e-01 3.197542102867546865e-02 0.000000000000000000e+00
3.975000000000000000e+04 1.589926170233031399e-01 1.620391442876649990e-01 4.151115157032316816e-01 3.936049157942649313e-01 2.924442421483841592e-02 0.000000000000000000e+00
4.000000000000000000e+04 1.599925705894875705e-01 1.614701866181156020e-01 4.122667273554847522e-01 3.948566226672735602e-01 3.140646335912607862e-02 0.000000000000000000e+00
4.025000000000000000e+04 1.609925241556717790e-01 1.626081019572143960e-01 4.107874374146563423e-01 3.933773327264451503e-01 3.322712790168411146e-02 0.000000000000000000e+00
4.050000000000000000e+04 1.619924777218559875e-01 1.710286754665452935e-01 4.053254437869822646e-01 3.898497951752389890e-01 3.379608557123350149e-02 0.000000000000000000e+00
4.075000000000000000e+04 1.629924312880404180e-01 1.758079198907601393e-01 4.017979062357760478e-01 3.878015475648611821e-01 3.459262630860263782e-02 0.000000000000000000e+00
4.100000000000000000e+04 1.639923848542246265e-01 1.791078743741465751e-01 4.016841147018661573e-01 3.918980427856167403e-01 2.730996813837050646e-02 0.000000000000000000e+00
4.125000000000000000e+04 1.649923384204090571e-01 1.836595357305416398e-01 4.003186162949476379e-01 3.826809285389167203e-01 3.334091943559399501e-02 0.000000000000000000e+00
4.150000000000000000e+04 1.659922919865932656e-01 1.842284934000910368e-01 4.019116977696859383e-01 3.821119708693673234e-01 3.174783796085571541e-02 0.000000000000000000e+00
4.175000000000000000e+04 1.669922455527774741e-01 1.843422849340008995e-01 3.973600364132908735e-01 3.816568047337278169e-01 3.664087391898043083e-02 0.000000000000000000e+00
4.200000000000000000e+04 1.679921991189619046e-01 1.827492034592626269e-01 4.027082385070550608e-01 3.884842967683204140e-01 2.605826126536185672e-02 0.000000000000000000e+00
4.225000000000000000e+04 1.689921526851461131e-01 1.809285389167046010e-01 3.981565771506599960e-01 3.859808830223031562e-01 3.493400091033227461e-02 0.000000000000000000e+00
4.250000000000000000e+04 1.699921062513305436e-01 1.738734638142922229e-01 4.099908966772872199e-01 3.875739644970414011e-01 2.856167501137915274e-02 0.000000000000000000e+00
4.275000000000000000e+04 1.709920598175147521e-01 1.772872098315885214e-01 4.050978607191624836e-01 3.897360036413290985e-01 2.787892580791988956e-02 0.000000000000000000e+00
4.300000000000000000e+04 1.719920133836989606e-01 1.888939462903959920e-01 3.966772872098315861e-01 3.833636777423759523e-01 3.106508875739644876e-02 0.000000000000000000e+00
4.325000000000000000e+04 1.729919669498833912e-01 1.825216203914428736e-01 4.000910332271279124e-01 3.876877560309512916e-01 2.969959035047792587e-02 0.000000000000000000e+00
4.350000000000000000e+04 1.739919205160675997e-01 1.999317250796540657e-01 3.984979517523896120e-01 3.755120619025944517e-01 2.605826126536185672e-02 0.000000000000000000e+00
4.375000000000000000e+04 1.749918740822520302e-01 2.067592171142466906e-01 3.840464269458352398e-01 3.800637232589895165e-01 2.913063268092853930e-02 0.000000000000000000e+00
4.400000000000000000e+04 1.759918276484362387e-01 2.040282203004096517e-01 3.870050068274920596e-01 3.792671825216203940e-01 2.969959035047792587e-02 0.000000000000000000e+00
4.425000000000000000e+04 1.769917812146204472e-01 1.967455621301775204e-01 3.882567137005006885e-01 3.832498862084661173e-01 3.174783796085571541e-02 0.000000000000000000e+00
4.450000000000000000e+04 1.779917347808048778e-01 2.026627218934911323e-01 3.929221665908056438e-01 3.723258989531179064e-01 3.208921256258534527e-02 0.000000000000000000e+00
4.475000000000000000e+04 1.789916883469890863e-01 2.147246244879381094e-01 3.818843878015475424e-01 3.736913973600364258e-01 2.969959035047792587e-02 0.000000000000000000e+00
4.500000000000000000e+04 1.799916419131735168e-01 2.215521165225307343e-01 3.780154756486117651e-01 3.719845243513882349e-01 2.844788347746927612e-02 0.000000000000000000e+00
4.525000000000000000e+04 1.809915954793577253e-01 2.199590350477924339e-01 3.807464724624488039e-01 3.649294492489758568e-01 3.436504324078288458e-02 0.000000000000000000e+00
4.550000000000000000e+04 1.819915490455419338e-01 2.330450614474283144e-01 3.731224396904870289e-01 3.583295402822029851e-01 3.550295857988165771e-02 0.000000000000000000e+00
4.575000000000000000e+04 1.829915026117263643e-01 2.187073281747838049e-01 3.824533454710969393e-01 3.618570778334092020e-01 3.698224852071006069e-02 0.000000000000000000e+00
4.600000000000000000e+04 1.839914561779105728e-01 2.206417842512516936e-01 3.856395084205734847e-01 3.650432407828857473e-01 2.867546654528902936e-02 0.000000000000000000e+00
4.625000000000000000e+04 1.849914097440950034e-01 2.323623122439690547e-01 3.814292216659080359e-01 3.602639963586709015e-01 2.594446973145198010e-02 0.000000000000000000e+00
4.650000000000000000e+04 1.859913633102792119e-01 2.453345471096950448e-01 3.799499317250796815e-01 3.491124260355029651e-01 2.560309512972235024e-02 0.000000000000000000e+00
4.675000000000000000e+04 1.869913168764634204e-01 2.423759672280382249e-01 3.821119708693673234e-01 3.494538006372325811e-01 2.605826126536185672e-02 0.000000000000000000e+00
4.700000000000000000e+04 1.879912704426478509e-01 2.550068274920345712e-01 3.812016385980883104e-01 3.307919890760127601e-01 3.299954483386435822e-02 0.000000000000000000e+00
4.725000000000000000e+04 1.889912240088320594e-01 2.602412380518889234e-01 3.769913518434228616e-01 3.285161583978152278e-01 3.425125170687300796e-02 0.000000000000000000e+00
4.750000000000000000e+04 1.899911775750164900e-01 2.851615839781520001e-01 3.581019572143832597e-01 3.183887118798361393e-01 3.834774692762858705e-02 0.000000000000000000e+00
4.775000000000000000e+04 1.909911311412006985e-01 3.042785616750113831e-01 3.363677742375967283e-01 3.096267637687756258e-01 4.972690031861629750e-02 0.000000000000000000e+00
4.800000000000000000e+04 1.919910847073849069e-01 3.091715976331361193e-01 3.298816568047337472e-01 3.025716886663632477e-01 5.837505689576695522e-02 0.000000000000000000e+00
4.825000000000000000e+04 1.929910382735693375e-01 3.134956759217114031e-01 3.223714155666818626e-01 3.066681838871188059e-01 5.746472462448793533e-02 0.000000000000000000e+00
4.850000000000000000e+04 1.939909918397535460e-01 3.181611288120163583e-01 3.212335002275830687e-01 2.943786982248520756e-01 6.622667273554846967e-02 0.000000000000000000e+00
4.875000000000000000e+04 1.949909454059379765e-01 3.266954938552571464e-01 3.206645425580336717e-01 2.773099681383704995e-01 7.532999544833864081e-02 0.000000000000000000e+00
4.900000000000000000e+04 1.959908989721221850e-01 3.263541192535275304e-01 3.247610377787892855e-01 2.628584433318161273e-01 8.602639963586708460e-02 0.000000000000000000e+00
4.925000000000000000e+04 1.969908525383063935e-01 3.319299044151114986e-01 3.166818388711880039e-01 2.634274010013655243e-01 8.796085571233500100e-02 0.000000000000000000e+00
4.950000000000000000e+04 1.979908061044908241e-01 3.303368229403732537e-01 3.260127446517979144e-01 2.556895766954938587e-01 8.796085571233500100e-02 0.000000000000000000e+00
4.975000000000000000e+04 1.989907596706750326e-01 3.389849795175238767e-01 3.229403732362312041e-01 2.488620846609012338e-01 8.921256258534364381e-02 0.000000000000000000e+00
5.000000000000000000e+04 1.999907132368592411e-01 3.442193900773782289e-01 3.105370960400546387e-01 2.525034137460173134e-01 9.274010013654984674e-02 0.000000000000000000e+00
5.025000000000000000e+04 2.009906668030436716e-01 3.286299499317250628e-01 3.008648156577150568e-01 2.677514792899408080e-01 1.027537551206190308e-01 0.000000000000000000e+00
5.050000000000000000e+04 2.019906203692278801e-01 3.255575785161584079e-01 2.796995903504779224e-01 2.993855257168866468e-01 9.535730541647700897e-02 0.000000000000000000e+00
5.075000000000000000e+04 2.029905739354123106e-01 3.167956304050978389e-01 2.660446062812926726e-01 3.302230314064633632e-01 8.693673190714611143e-02 0.000000000000000000e+00
5.100000000000000000e+04 2.039905275015965191e-01 3.066681838871188059e-01 2.598998634501593075e-01 3.512744651797906070e-01 8.215748748293126569e-02 0.000000000000000000e+00
5.125000000000000000e+04 2.049904810677807276e-01 2.964269458352298825e-01 2.666135639508420696e-01 3.647018661811561313e-01 7.225762403277195822e-02 0.000000000000000000e+00
5.150000000000000000e+04 2.059904346339651582e-01 2.902822030040965173e-01 2.709376422394174089e-01 3.698224852071005930e-01 6.895766954938552240e-02 0.000000000000000000e+00
5.175000000000000000e+04 2.069903882001493667e-01 2.926718252162039402e-01 2.696859353664087244e-01 3.781292671825216001e-01 5.951297223486572835e-02 0.000000000000000000e+00
5.200000000000000000e+04 2.079903417663337972e-01 2.875512061902594230e-01 2.718479745106964218e-01 3.816568047337278169e-01 5.894401456531633832e-02 0.000000000000000000e+00
5.225000000000000000e+04 2.089902953325180057e-01 2.901684114701866268e-01 2.716203914428766408e-01 3.825671370050068298e-01 5.564406008192990249e-02 0.000000000000000000e+00
5.250000000000000000e+04 2.099902488987022142e-01 2.804961310878470448e-01 2.758306781975420896e-01 3.851843422849339782e-01 5.848884842967683184e-02 0.000000000000000000e+00
5.275000000000000000e+04 2.109902024648866448e-01 2.783340919435594030e-01 2.729858898497951603e-01 3.900773782430587144e-01 5.860263996358670846e-02 0.000000000000000000e+00
5.300000000000000000e+04 2.119901560310708533e-01 2.810650887573964418e-01 2.738962221210741732e-01 3.947428311333636697e-01 5.029585798816568060e-02 0.000000000000000000e+00
5.325000000000000000e+04 2.129901095972552838e-01 2.753755120619025831e-01 2.770823850705507740e-01 3.980427856167501055e-01 4.949931725079653733e-02 0.000000000000000000e+00
5.350000000000000000e+04 2.139900631634394923e-01 2.771961766044606090e-01 2.752617205279926926e-01 4.093081474738279324e-01 3.823395539371871044e-02 0.000000000000000000e+00
5.375000000000000000e+04 2.149900167296237008e-01 2.814064633591260578e-01 2.752617205279926926e-01 4.064633591260810030e-01 3.686845698680018407e-02 0.000000000000000000e+00
5.400000000000000000e+04 2.159899702958081313e-01 2.745789713245334607e-01 2.659308147473827821e-01 4.151115157032316816e-01 4.437869822485206867e-02 0.000000000000000000e+00
5.425000000000000000e+04 2.169899238619923398e-01 2.602412380518889234e-01 2.720755575785161473e-01 4.269458352298589054e-01 4.073736913973600299e-02 0.000000000000000000e+00
5.450000000000000000e+04 2.179898774281767704e-01 2.618343195266272239e-01 2.721893491124260378e-01 4.303595812471552318e-01 3.561675011379153433e-02 0.000000000000000000e+00
5.475000000000000000e+04 2.189898309943609789e-01 2.638825671370050308e-01 2.644515248065543722e-01 4.354802002730996935e-01 3.618570778334091742e-02 0.000000000000000000e+00
5.500000000000000000e+04 2.199897845605451874e-01 2.646791078743741532e-01 2.585343650432407880e-01 4.498179335457441752e-01 2.696859353664087314e-02 0.000000000000000000e+00
5.525000000000000000e+04 2.209897381267296179e-01 2.626308602639963463e-01 2.610377787892581014e-01 4.465179790623577394e-01 2.981338188438780248e-02 0.000000000000000000e+00
5.550000000000000000e+04 2.219896916929138264e-01 2.633136094674556338e-01 2.612653618570778269e-01 4.459490213928083979e-01 2.947200728265816916e-02 0.000000000000000000e+00
5.575000000000000000e+04 2.229896452590982570e-01 2.594446973145198010e-01 2.600136549840691980e-01 4.515248065543923661e-01 2.901684114701866268e-02 0.000000000000000000e+00
5.600000000000000000e+04 2.239895988252824655e-01 2.619481110605371144e-01 2.611515703231679364e-01 4.505006827492034627e-01 2.639963586709149004e-02 0.000000000000000000e+00
5.625000000000000000e+04 2.249895523914666740e-01 2.562585343650432557e-01 2.629722348657259623e-01 4.545971779699590209e-01 2.617205279927173334e-02 0.000000000000000000e+00
5.650000000000000000e+04 2.259895059576511045e-01 2.572826581702321591e-01 2.626308602639963463e-01 4.591488393263541412e-01 2.093764223941738806e-02 0.000000000000000000e+00
5.675000000000000000e+04 2.269894595238353130e-01 2.587619481110605135e-01 2.641101502048247562e-01 4.561902594446973214e-01 2.093764223941738806e-02 0.000000000000000000e+00
