# itime ezz other fcc hcp bcc ico
0.000000000000000000e+00 0.000000000000000000e+00 5.689576695493854790e-04 9.994310423304506585e-01 0.000000000000000000e+00 0.000000000000000000e+00 0.000000000000000000e+00
2.500000000000000000e+01 9.999986035802432838e-04 1.593081474738279385e-03 9.984069185252617551e-01 0.000000000000000000e+00 0.000000000000000000e+00 0.000000000000000000e+00
5.000000000000000000e+01 1.999997207160486568e-03 5.689576695493854790e-04 9.994310423304506585e-01 0.000000000000000000e+00 0.000000000000000000e+00 0.000000000000000000e+00
7.500000000000000000e+01 2.999995810740729851e-03 5.689576695493854790e-04 9.994310423304506585e-01 0.000000000000000000e+00 0.000000000000000000e+00 0.000000000000000000e+00
1.000000000000000000e+02 3.999994414320973135e-03 2.275830678197542133e-04 9.997724169321802190e-01 0.000000000000000000e+00 0.000000000000000000e+00 0.000000000000000000e+00
1.250000000000000000e+02 4.999993017901216419e-03 4.551661356395084266e-04 9.995448338643604380e-01 0.000000000000000000e+00 0.000000000000000000e+00 0.000000000000000000e+00
1.500000000000000000e+02 5.999991621481459703e-03 2.275830678197542133e-04 9.997724169321802190e-01 0.000000000000000000e+00 0.000000000000000000e+00 0.000000000000000000e+00
1.750000000000000000e+02 6.999990225061702986e-03 1.593081474738279385e-03 9.984069185252617551e-01 0.000000000000000000e+00 0.000000000000000000e+00 0.000000000000000000e+00
2.000000000000000000e+02 7.999988828641946270e-03 2.048247610377787811e-03 9.979517523896221931e-01 0.000000000000000000e+00 0.000000000000000000e+00 0.000000000000000000e+00
2.250000000000000000e+02 8.999987432222189554e-03 9.103322712790168532e-04 9.990896677287209870e-01 0.000000000000000000e+00 0.000000000000000000e+00 0.000000000000000000e+00
2.500000000000000000e+02 9.999986035802432838e-03 1.593081474738279385e-03 9.984069185252617551e-01 0.000000000000000000e+00 0.000000000000000000e+00 0.000000000000000000e+00
2.750000000000000000e+02 1.099998463938267612e-02 2.275830678197542133e-04 9.997724169321802190e-01 0.000000000000000000e+00 0.000000000000000000e+00 0.000000000000000000e+00
3.000000000000000000e+02 1.199998324296291941e-02 9.103322712790168532e-04 9.990896677287209870e-01 0.000000000000000000e+00 0.000000000000000000e+00 0.000000000000000000e+00
3.250000000000000000e+02 1.299998184654316269e-02 0.000000000000000000e+00 1.000000000000000000e+00 0.000000000000000000e+00 0.000000000000000000e+00 0.000000000000000000e+00
3.500000000000000000e+02 1.399998045012340597e-02 1.593081474738279385e-03 9.982931269913518646e-01 0.000000000000000000e+00 1.137915339098771066e-04 0.000000000000000000e+00
3.750000000000000000e+02 1.499997905370364926e-02 3.072371415566681717e-03 9.969276285844332897e-01 0.000000000000000000e+00 0.000000000000000000e+00 0.000000000000000000e+00
4.000000000000000000e+02 1.599997765728411458e-02 9.103322712790168532e-04 9.990896677287209870e-01 0.000000000000000000e+00 0.000000000000000000e+00 0.000000000000000000e+00
4.250000000000000000e+02 1.699997626086435787e-02 1.365498406918525280e-03 9.986345015930814251e-01 0.000000000000000000e+00 0.000000000000000000e+00 0.000000000000000000e+00
4.500000000000000000e+02 1.799997486444460115e-02 2.048247610377787811e-03 9.979517523896221931e-01 0.000000000000000000e+00 0.000000000000000000e+00 0.000000000000000000e+00
4.750000000000000000e+02 1.899997346802484444e-02 2.048247610377787811e-03 9.979517523896221931e-01 0.000000000000000000e+00 0.000000000000000000e+00 0.000000000000000000e+00
5.000000000000000000e+02 1.999997207160508772e-02 2.162039144287664864e-03 9.978379608557123026e-01 0.000000000000000000e+00 0.000000000000000000e+00 0.000000000000000000e+00
5.250000000000000000e+02 2.099997067518533100e-02 3.299954483386436255e-03 9.965862539827037292e-01 0.000000000000000000e+00 1.137915339098771066e-04 0.000000000000000000e+00
5.500000000000000000e+02 2.199996927876557429e-02 1.820664542558033706e-03 9.981793354574419741e-01 0.000000000000000000e+00 0.000000000000000000e+00 0.000000000000000000e+00
5.750000000000000000e+02 2.299996788234581757e-02 3.413746017296313308e-03 9.965862539827037292e-01 0.000000000000000000e+00 0.000000000000000000e+00 0.000000000000000000e+00
6.000000000000000000e+02 2.399996648592606086e-02 3.072371415566681717e-03 9.968138370505233992e-01 0.000000000000000000e+00 1.137915339098771066e-04 0.000000000000000000e+00
6.250000000000000000e+02 2.499996508950630414e-02 1.934456076467910759e-03 9.979517523896221931e-01 0.000000000000000000e+00 1.137915339098771066e-04 0.000000000000000000e+00
6.500000000000000000e+02 2.599996369308654742e-02 3.755120619025944465e-03 9.962448793809740577e-01 0.000000000000000000e+00 0.000000000000000000e+00 0.000000000000000000e+00
6.750000000000000000e+02 2.699996229666679071e-02 2.162039144287664864e-03 9.978379608557123026e-01 0.000000000000000000e+00 0.000000000000000000e+00 0.000000000000000000e+00
7.000000000000000000e+02 2.799996090024703399e-02 4.551661356395083832e-03 9.954483386436049352e-01 0.000000000000000000e+00 0.000000000000000000e+00 0.000000000000000000e+00
7.250000000000000000e+02 2.899995950382727727e-02 2.844788347746927612e-03 9.970414201183431802e-01 0.000000000000000000e+00 1.137915339098771066e-04 0.000000000000000000e+00
7.500000000000000000e+02 2.999995810740752056e-02 7.282658170232134826e-03 9.927173418297678964e-01 0.000000000000000000e+00 0.000000000000000000e+00 0.000000000000000000e+00
7.750000000000000000e+02 3.099995671098776384e-02 2.958579881656804664e-03 9.969276285844332897e-01 0.000000000000000000e+00 1.137915339098771066e-04 0.000000000000000000e+00
8.000000000000000000e+02 3.199995531456800713e-02 3.413746017296313308e-03 9.964724624487938387e-01 0.000000000000000000e+00 1.137915339098771066e-04 0.000000000000000000e+00
8.250000000000000000e+02 3.299995391814825041e-02 4.779244424214838804e-03 9.949931725079653733e-01 0.000000000000000000e+00 2.275830678197542133e-04 0.000000000000000000e+00
8.500000000000000000e+02 3.399995252172849369e-02 5.461993627674101119e-03 9.943104233045061413e-01 0.000000000000000000e+00 2.275830678197542133e-04 0.000000000000000000e+00
8.750000000000000000e+02 3.499995112530873698e-02 5.120619025944469528e-03 9.948793809740554828e-01 0.000000000000000000e+00 0.000000000000000000e+00 0.000000000000000000e+00
9.000000000000000000e+02 3.599994972888898026e-02 8.761948111060537808e-03 9.910104688211197610e-01 0.000000000000000000e+00 2.275830678197542133e-04 0.000000000000000000e+00
9.250000000000000000e+02 3.699994833246922354e-02 6.599908966772872511e-03 9.934000910332271284e-01 0.000000000000000000e+00 0.000000000000000000e+00 0.000000000000000000e+00
9.500000000000000000e+02 3.799994693604946683e-02 4.096495220755575623e-03 9.955621301775148257e-01 0.000000000000000000e+00 3.413746017296313199e-04 0.000000000000000000e+00
9.750000000000000000e+02 3.899994553962971011e-02 7.055075102412380721e-03 9.922621756941283344e-01 0.000000000000000000e+00 6.827492034592626399e-04 0.000000000000000000e+00
1.000000000000000000e+03 3.999994414320995340e-02 1.012744651797906244e-02 9.897587619481110766e-01 0.000000000000000000e+00 1.137915339098771066e-04 0.000000000000000000e+00
1.025000000000000000e+03 4.099994274679019668e-02 1.012744651797906244e-02 9.898725534820209671e-01 0.000000000000000000e+00 0.000000000000000000e+00 0.000000000000000000e+00
1.050000000000000000e+03 4.199994135037043996e-02 6.486117432862995025e-03 9.928311333636777869e-01 0.000000000000000000e+00 6.827492034592626399e-04 0.000000000000000000e+00
1.075000000000000000e+03 4.299993995395068325e-02 1.172052799271734204e-02 9.880518889394629412e-01 0.000000000000000000e+00 2.275830678197542133e-04 0.000000000000000000e+00
1.100000000000000000e+03 4.399993855753092653e-02 6.941283568502503235e-03 9.930587164314974569e-01 0.000000000000000000e+00 0.000000000000000000e+00 0.000000000000000000e+00
1.125000000000000000e+03 4.499993716111116981e-02 7.737824305871643035e-03 9.921483841602184439e-01 0.000000000000000000e+00 1.137915339098771066e-04 0.000000000000000000e+00
1.150000000000000000e+03 4.599993576469141310e-02 1.376877560309512985e-02 9.858898497951752438e-01 0.000000000000000000e+00 3.413746017296313199e-04 0.000000000000000000e+00
1.175000000000000000e+03 4.699993436827165638e-02 1.160673645880746542e-02 9.881656804733728316e-01 0.000000000000000000e+00 2.275830678197542133e-04 0.000000000000000000e+00
1.200000000000000000e+03 4.799993297185212171e-02 1.126536185707783383e-02 9.883932635411925016e-01 0.000000000000000000e+00 3.413746017296313199e-04 0.000000000000000000e+00
1.225000000000000000e+03 4.899993157543236499e-02 1.649977241693217911e-02 9.832726445152480954e-01 0.000000000000000000e+00 2.275830678197542133e-04 0.000000000000000000e+00
1.250000000000000000e+03 4.999993017901260828e-02 1.547564861174328607e-02 9.839553937187073274e-01 0.000000000000000000e+00 5.689576695493854790e-04 0.000000000000000000e+00
1.275000000000000000e+03 5.099992878259285156e-02 1.593081474738279601e-02 9.837278106508875464e-01 0.000000000000000000e+00 3.413746017296313199e-04 0.000000000000000000e+00
1.300000000000000000e+03 5.199992738617309485e-02 1.319981793354574502e-02 9.855484751934455723e-01 0.000000000000000000e+00 1.251706873008648227e-03 0.000000000000000000e+00
1.325000000000000000e+03 5.299992598975333813e-02 1.911697769685935522e-02 9.804278561675011661e-01 0.000000000000000000e+00 4.551661356395084266e-04 0.000000000000000000e+00
1.350000000000000000e+03 5.399992459333358141e-02 1.797906235776058209e-02 9.815657715065999600e-01 0.000000000000000000e+00 4.551661356395084266e-04 0.000000000000000000e+00
1.375000000000000000e+03 5.499992319691382470e-02 2.014110150204824826e-02 9.786071916249431402e-01 0.000000000000000000e+00 1.251706873008648227e-03 0.000000000000000000e+00
1.400000000000000000e+03 5.599992180049406798e-02 1.877560309512972189e-02 9.803140646335912756e-01 0.000000000000000000e+00 9.103322712790168532e-04 0.000000000000000000e+00
1.425000000000000000e+03 5.699992040407431126e-02 1.934456076467910846e-02 9.799726900318616041e-01 0.000000000000000000e+00 6.827492034592626399e-04 0.000000000000000000e+00
1.450000000000000000e+03 5.799991900765455455e-02 2.639963586709149004e-02 9.726900318616295005e-01 0.000000000000000000e+00 9.103322712790168532e-04 0.000000000000000000e+00
1.475000000000000000e+03 5.899991761123479783e-02 2.753755120619025970e-02 9.718934911242603780e-01 0.000000000000000000e+00 5.689576695493854790e-04 0.000000000000000000e+00
1.500000000000000000e+03 5.999991621481504112e-02 2.594446973145198010e-02 9.728038233955393910e-01 0.000000000000000000e+00 1.251706873008648227e-03 0.000000000000000000e+00
1.525000000000000000e+03 6.099991481839528440e-02 1.957214383249886169e-02 9.795175238962221531e-01 0.000000000000000000e+00 9.103322712790168532e-04 0.000000000000000000e+00
1.550000000000000000e+03 6.199991342197552768e-02 2.230314064633591095e-02 9.765589440145653333e-01 0.000000000000000000e+00 1.137915339098770958e-03 0.000000000000000000e+00
1.575000000000000000e+03 6.299991202555577097e-02 3.482020937642239106e-02 9.640418752844788219e-01 0.000000000000000000e+00 1.137915339098770958e-03 0.000000000000000000e+00
1.600000000000000000e+03 6.399991062913601425e-02 3.106508875739644876e-02 9.672280382339554228e-01 0.000000000000000000e+00 1.706873008648156654e-03 0.000000000000000000e+00
1.625000000000000000e+03 6.499990923271625753e-02 3.243058716431497512e-02 9.656349567592170668e-01 0.000000000000000000e+00 1.934456076467910759e-03 0.000000000000000000e+00
1.650000000000000000e+03 6.599990783629650082e-02 4.028220300409649651e-02 9.573281747837960598e-01 0.000000000000000000e+00 2.389622212107419402e-03 0.000000000000000000e+00
1.675000000000000000e+03 6.699990643987674410e-02 3.925807919890760000e-02 9.588074647246245252e-01 0.000000000000000000e+00 1.934456076467910759e-03 0.000000000000000000e+00
1.700000000000000000e+03 6.799990504345698739e-02 3.288575329995448160e-02 9.649522075557578349e-01 0.000000000000000000e+00 2.162039144287664864e-03 0.000000000000000000e+00
1.725000000000000000e+03 6.899990364703723067e-02 4.699590350477924477e-02 9.492489758761948337e-01 0.000000000000000000e+00 3.755120619025944465e-03 0.000000000000000000e+00
1.750000000000000000e+03 6.999990225061747395e-02 4.346836595357305572e-02 9.535730541647701175e-01 0.000000000000000000e+00 2.958579881656804664e-03 0.000000000000000000e+00
1.775000000000000000e+03 7.099990085419771724e-02 5.245789713245334329e-02 9.441283568502503165e-01 0.000000000000000000e+00 3.413746017296313308e-03 0.000000000000000000e+00
1.800000000000000000e+03 7.199989945777796052e-02 5.530268548020027264e-02 9.396904870277651423e-01 0.000000000000000000e+00 5.006827492034592909e-03 0.000000000000000000e+00
1.825000000000000000e+03 7.299989806135820380e-02 6.543013199817933334e-02 9.297906235776057793e-01 0.000000000000000000e+00 4.779244424214838804e-03 0.000000000000000000e+00
1.850000000000000000e+03 7.399989666493844709e-02 7.407828857532999800e-02 9.194355939918069653e-01 0.000000000000000000e+00 6.486117432862995025e-03 0.000000000000000000e+00
1.875000000000000000e+03 7.499989526851869037e-02 8.033682294037323979e-02 9.113563950842057393e-01 0.000000000000000000e+00 8.306781975421027864e-03 0.000000000000000000e+00
1.900000000000000000e+03 7.599989387209893366e-02 8.591260810195720798e-02 9.039599453800637452e-01 1.137915339098771066e-04 1.001365498406918582e-02 0.000000000000000000e+00
1.925000000000000000e+03 7.699989247567917694e-02 8.864360491579426071e-02 9.022530723714156098e-01 0.000000000000000000e+00 9.103322712790167665e-03 0.000000000000000000e+00
1.950000000000000000e+03 7.799989107925942022e-02 9.433318161128811941e-02 8.954255803368229572e-01 0.000000000000000000e+00 1.024123805188893906e-02 0.000000000000000000e+00
1.975000000000000000e+03 7.899988968283988555e-02 9.501593081474737912e-02 8.969048702776513116e-01 0.000000000000000000e+00 8.079198907601274626e-03 0.000000000000000000e+00
2.000000000000000000e+03 7.999988828642012884e-02 9.342284934000910646e-02 8.955393718707328476e-01 0.000000000000000000e+00 1.103777878925807886e-02 0.000000000000000000e+00
2.025000000000000000e+03 8.099988689000037212e-02 1.045744196631770567e-01 8.835912608101956778e-01 0.000000000000000000e+00 1.183431952662721866e-02 0.000000000000000000e+00
2.050000000000000000e+03 8.199988549358061540e-02 1.115157032316795582e-01 8.752844788347746707e-01 0.000000000000000000e+00 1.319981793354574502e-02 0.000000000000000000e+00
2.075000000000000000e+03 8.299988409716085869e-02 1.310878470641784199e-01 8.489986345015930747e-01 0.000000000000000000e+00 1.991351843422849502e-02 0.000000000000000000e+00
2.100000000000000000e+03 8.399988270074110197e-02 1.457669549385525731e-01 8.298816568047336917e-01 0.000000000000000000e+00 2.435138825671370050e-02 0.000000000000000000e+00
2.125000000000000000e+03 8.499988130432134525e-02 1.719390077378243065e-01 7.971096950386891145e-01 0.000000000000000000e+00 3.095129722348657214e-02 0.000000000000000000e+00
2.150000000000000000e+03 8.599987990790158854e-02 1.747837960855712358e-01 7.876649977241693135e-01 0.000000000000000000e+00 3.755120619025944378e-02 0.000000000000000000e+00
2.175000000000000000e+03 8.699987851148183182e-02 1.779699590350477811e-01 7.812926718252162228e-01 0.000000000000000000e+00 4.073736913973600299e-02 0.000000000000000000e+00
2.200000000000000000e+03 8.799987711506207511e-02 1.965179790623577671e-01 7.620619025944469493e-01 0.000000000000000000e+00 4.142011834319526964e-02 0.000000000000000000e+00
2.225000000000000000e+03 8.899987571864231839e-02 2.074419663177059503e-01 7.416932180245789930e-01 1.137915339098771066e-04 5.075102412380518707e-02 0.000000000000000000e+00
2.250000000000000000e+03 8.999987432222256167e-02 2.221210741920801035e-01 7.171142467000455323e-01 1.137915339098771066e-04 6.065088757396449454e-02 0.000000000000000000e+00
2.275000000000000000e+03 9.099987292580280496e-02 2.220072826581702408e-01 7.124487938097405770e-01 9.103322712790168532e-04 6.463359126081019701e-02 0.000000000000000000e+00
2.300000000000000000e+03 9.199987152938304824e-02 2.401001365498406925e-01 6.868456986800182129e-01 1.137915339098771066e-04 7.294037323623121793e-02 0.000000000000000000e+00
2.325000000000000000e+03 9.299987013296329152e-02 2.629722348657259623e-01 6.513427401001365968e-01 9.103322712790168532e-04 8.477469276285844180e-02 0.000000000000000000e+00
2.350000000000000000e+03 9.399986873654353481e-02 2.672963131543013016e-01 6.413290851160673434e-01 1.706873008648156654e-03 8.966772872098316416e-02 0.000000000000000000e+00
2.375000000000000000e+03 9.499986734012377809e-02 2.843650432407828776e-01 6.041192535275375919e-01 1.365498406918525280e-03 1.101502048247610388e-01 0.000000000000000000e+00
2.400000000000000000e+03 9.599986594370402138e-02 2.969959035047792240e-01 5.836367774237596340e-01 9.103322712790168532e-04 1.184569868001820597e-01 0.000000000000000000e+00
2.425000000000000000e+03 9.699986454728426466e-02 3.240782885753299980e-01 5.485889849795174689e-01 2.617205279927173507e-03 1.247155211652253015e-01 0.000000000000000000e+00
2.450000000000000000e+03 9.799986315086450794e-02 3.248748293126991205e-01 5.301547564861174289e-01 2.617205279927173507e-03 1.423532089212562468e-01 0.000000000000000000e+00
2.475000000000000000e+03 9.899986175444475123e-02 3.360263996358671124e-01 5.083067819754210070e-01 3.755120619025944465e-03 1.519116977696859383e-01 0.000000000000000000e+00
2.500000000000000000e+03 9.999986035802499451e-02 3.437642239417387224e-01 4.937414656349567443e-01 6.030951297223486815e-03 1.564633591260810308e-01 0.000000000000000000e+00
2.525000000000000000e+03 1.009998589616052378e-01 3.582157487482931502e-01 4.639280837505689314e-01 7.965407373691398007e-03 1.698907601274465273e-01 0.000000000000000000e+00
2.550000000000000000e+03 1.019998575651854811e-01 3.710741920801092220e-01 4.408284023668638807e-01 9.672280382339554228e-03 1.784251251706872876e-01 0.000000000000000000e+00
2.575000000000000000e+03 1.029998561687657244e-01 3.743741465634956578e-01 4.215976331360946627e-01 9.786071916249430847e-03 1.942421483841602070e-01 0.000000000000000000e+00
2.600000000000000000e+03 1.039998547723459676e-01 3.911015020482476179e-01 3.953117888029130667e-01 1.194811106053709528e-02 2.016385980883022289e-01 0.000000000000000000e+00
2.625000000000000000e+03 1.049998533759262109e-01 3.928083750568957533e-01 3.717569412835685094e-01 1.445152480655439303e-02 2.209831588529813373e-01 0.000000000000000000e+00
2.650000000000000000e+03 1.059998519795064542e-01 3.967910787437414766e-01 3.609467455621301890e-01 1.820664542558033533e-02 2.240555302685480199e-01 0.000000000000000000e+00
2.675000000000000000e+03 1.069998505830866975e-01 3.929221665908056438e-01 3.584433318161128756e-01 2.173418297678652786e-02 2.269003186162949492e-01 0.000000000000000000e+00
2.700000000000000000e+03 1.079998491866669408e-01 4.022530723714155543e-01 3.318161128812016636e-01 2.776513427401001294e-02 2.381656804733727761e-01 0.000000000000000000e+00
2.725000000000000000e+03 1.089998477902471841e-01 4.114701866181156298e-01 3.109922621756941452e-01 2.856167501137915274e-02 2.489758761948110966e-01 0.000000000000000000e+00
2.750000000000000000e+03 1.099998463938276494e-01 4.074874829312699065e-01 3.013199817933545632e-01 3.538916704597178109e-02 2.558033682294037492e-01 0.000000000000000000e+00
2.775000000000000000e+03 1.109998449974078927e-01 4.020254893035958288e-01 2.957441966317705950e-01 3.766499772416932040e-02 2.645653163404642627e-01 0.000000000000000000e+00
2.800000000000000000e+03 1.119998436009881360e-01 4.116977696859353553e-01 2.868684569868001910e-01 3.595812471552116418e-02 2.654756486117432757e-01 0.000000000000000000e+00
2.825000000000000000e+03 1.129998422045683792e-01 4.086253982703687004e-01 2.742375967228038447e-01 3.493400091033227461e-02 2.822030040964952358e-01 0.000000000000000000e+00
2.850000000000000000e+03 1.139998408081486225e-01 4.152253072371415721e-01 2.637687756030951403e-01 3.493400091033227461e-02 2.860719162494310686e-01 0.000000000000000000e+00
2.875000000000000000e+03 1.149998394117288658e-01 4.096495220755576039e-01 2.586481565771506785e-01 4.096495220755575623e-02 2.907373691397360238e-01 0.000000000000000000e+00
2.900000000000000000e+03 1.159998380153091091e-01 4.153390987710514071e-01 2.510241238051889034e-01 4.585798816568047165e-02 2.877787892580792040e-01 0.000000000000000000e+00
2.925000000000000000e+03 1.169998366188893524e-01 4.404870277651342647e-01 2.284934000910332219e-01 4.858898497951752438e-02 2.824305871643149612e-01 0.000000000000000000e+00
2.950000000000000000e+03 1.179998352224695957e-01 4.334319526627218866e-01 2.289485662266727284e-01 5.086481565771506369e-02 2.867546654528903005e-01 0.000000000000000000e+00
2.975000000000000000e+03 1.189998338260498389e-01 4.419663177059626746e-01 2.257624032771961831e-01 5.905780609922621494e-02 2.732134729176149412e-01 0.000000000000000000e+00
3.000000000000000000e+03 1.199998324296300822e-01 4.400318616294947582e-01 2.182521620391442985e-01 6.349567592171143082e-02 2.782203004096495125e-01 0.000000000000000000e+00
3.025000000000000000e+03 1.209998310332103255e-01 4.542558033682294050e-01 2.071005917159763343e-01 6.656804733727811341e-02 2.720755575785161473e-01 0.000000000000000000e+00
3.050000000000000000e+03 1.219998296367905688e-01 4.407146108329540457e-01 2.047109695038689114e-01 7.419208010923987462e-02 2.803823395539372099e-01 0.000000000000000000e+00
3.075000000000000000e+03 1.229998282403708121e-01 4.617660446062812896e-01 1.892353208921256358e-01 7.658170232134729749e-02 2.724169321802457633e-01 0.000000000000000000e+00
3.100000000000000000e+03 1.239998268439510554e-01 4.483386436049158208e-01 1.909421939007737712e-01 8.204369594902138907e-02 2.786754665452890189e-01 0.000000000000000000e+00
3.125000000000000000e+03 1.249998254475312987e-01 4.594902139280837572e-01 1.814974965862539702e-01 8.841602184797450747e-02 2.705962676376877374e-01 0.000000000000000000e+00
3.150000000000000000e+03 1.259998240511115419e-01 4.482248520710059303e-01 1.794492489758761911e-01 8.909877105143376719e-02 2.832271279016841392e-01 0.000000000000000000e+00
3.175000000000000000e+03 1.269998226546917852e-01 4.506144742831133532e-01 1.692080109239872676e-01 8.511606736458807165e-02 2.950614474283113076e-01 0.000000000000000000e+00
3.200000000000000000e+03 1.279998212582720285e-01 4.568730086481565533e-01 1.588529813381884259e-01 8.727810650887574129e-02 2.969959035047792240e-01 0.000000000000000000e+00
3.225000000000000000e+03 1.289998198618522718e-01 4.667728720983158608e-01 1.444014565316340537e-01 8.989531178880291740e-02 2.989303595812471404e-01 0.000000000000000000e+00
3.250000000000000000e+03 1.299998184654325151e-01 4.486800182066454368e-01 1.412152935821574806e-01 9.319526627218935322e-02 3.169094219390077294e-01 0.000000000000000000e+00
3.275000000000000000e+03 1.309998170690127584e-01 4.616522530723713991e-01 1.319981793354574329e-01 1.048020027309968100e-01 3.015475648611743442e-01 0.000000000000000000e+00
3.300000000000000000e+03 1.319998156725930016e-01 4.831588529813382049e-01 1.255120619025944517e-01 1.059399180700955900e-01 2.853891670459717811e-01 0.000000000000000000e+00
3.325000000000000000e+03 1.329998142761732449e-01 4.766727355484751683e-01 1.236913973600364119e-01 1.121984524351388318e-01 2.874374146563495880e-01 0.000000000000000000e+00
3.350000000000000000e+03 1.339998128797534882e-01 4.710969503868912001e-01 1.190259444697314567e-01 1.127674101046882149e-01 2.971096950386891145e-01 0.000000000000000000e+00
3.375000000000000000e+03 1.349998114833337315e-01 4.798588984979517691e-01 1.143604915794264876e-01 1.160673645880746507e-01 2.897132453345471204e-01 0.000000000000000000e+00
3.400000000000000000e+03 1.359998100869139748e-01 4.897587619481110766e-01 1.102639963586709154e-01 1.178880291306326766e-01 2.820892125625853453e-01 0.000000000000000000e+00
3.425000000000000000e+03 1.369998086904942181e-01 4.866863905325443662e-01 1.094674556213017791e-01 1.174328629949931702e-01 2.864132908511606845e-01 0.000000000000000000e+00
3.450000000000000000e+03 1.379998072940744613e-01 4.898725534820209115e-01 1.090122894856622726e-01 1.246017296313154249e-01 2.765134274010013771e-01 0.000000000000000000e+00
3.475000000000000000e+03 1.389998058976547046e-01 4.870277651342740377e-01 1.055985434683659602e-01 1.247155211652253015e-01 2.826581702321347422e-01 0.000000000000000000e+00
3.500000000000000000e+03 1.399998045012349479e-01 4.986345015930814806e-01 9.865725989986344480e-02 1.259672280382339582e-01 2.767410104688211026e-01 0.000000000000000000e+00
3.525000000000000000e+03 1.409998031048151912e-01 4.987482931269913711e-01 9.342284934000910646e-02 1.277878925807919841e-01 2.800409649522075384e-01 0.000000000000000000e+00
3.550000000000000000e+03 1.419998017083956565e-01 5.039827036868457233e-01 9.467455621301774926e-02 1.238051888939462886e-01 2.775375512061902805e-01 0.000000000000000000e+00
3.575000000000000000e+03 1.429998003119758998e-01 4.971552116522530707e-01 9.114701866181156020e-02 1.335912608101957333e-01 2.781065088757396220e-01 0.000000000000000000e+00
3.600000000000000000e+03 1.439997989155561431e-01 5.104688211197087044e-01 8.796085571233500100e-02 1.318843878015475701e-01 2.696859353664087244e-01 0.000000000000000000e+00
3.625000000000000000e+03 1.449997975191363864e-01 5.122894856622667303e-01 8.625398270368685172e-02 1.360946745562130189e-01 2.653618570778333852e-01 0.000000000000000000e+00
3.650000000000000000e+03 1.459997961227166297e-01 5.111515703231679364e-01 8.739189804278561791e-02 1.355257168866636219e-01 2.659308147473827821e-01 0.000000000000000000e+00
3.675000000000000000e+03 1.469997947262968729e-01 5.095584888484296915e-01 8.124715521165225274e-02 1.376877560309512916e-01 2.715065999089667503e-01 0.000000000000000000e+00
3.700000000000000000e+03 1.479997933298771162e-01 5.154756486117433312e-01 7.828857532999544677e-02 1.331360946745562268e-01 2.730996813837050508e-01 0.000000000000000000e+00
3.725000000000000000e+03 1.489997919334573595e-01 5.135411925352754148e-01 7.601274465179790052e-02 1.374601729631315383e-01 2.729858898497951603e-01 0.000000000000000000e+00
3.750000000000000000e+03 1.499997905370376028e-01 5.128584433318160718e-01 8.318161128812016913e-02 1.372325898953117851e-01 2.667273554847519601e-01 0.000000000000000000e+00
3.775000000000000000e+03 1.509997891406178461e-01 5.194583522985889434e-01 8.067819754210286964e-02 1.376877560309512916e-01 2.621756941283568398e-01 0.000000000000000000e+00
3.800000000000000000e+03 1.519997877441980894e-01 5.224169321802457633e-01 8.306781975421029252e-02 1.358670914883932657e-01 2.586481565771506785e-01 0.000000000000000000e+00
3.825000000000000000e+03 1.529997863477783326e-01 5.352753755120619461e-01 8.431952662721893532e-02 1.358670914883932657e-01 2.445380063723258945e-01 0.000000000000000000e+00
3.850000000000000000e+03 1.539997849513585759e-01 5.353891670459717256e-01 7.976786527082385669e-02 1.409877105143377274e-01 2.438552571688666348e-01 0.000000000000000000e+00
3.875000000000000000e+03 1.549997835549388192e-01 5.496131087847063723e-01 7.908511606736458310e-02 1.491807009558488717e-01 2.221210741920801035e-01 0.000000000000000000e+00
3.900000000000000000e+03 1.559997821585190625e-01 5.431269913518433912e-01 8.454710969503868856e-02 1.538461538461538547e-01 2.184797451069640517e-01 0.000000000000000000e+00
3.925000000000000000e+03 1.569997807620993058e-01 5.540509786071916576e-01 8.079198907601274626e-02 1.554392353208921274e-01 2.097177969959035104e-01 0.000000000000000000e+00
3.950000000000000000e+03 1.579997793656795491e-01 5.456304050978607600e-01 8.443331816112881194e-02 1.583978152025489194e-01 2.115384615384615363e-01 0.000000000000000000e+00
3.975000000000000000e+03 1.589997779692597923e-01 5.535958124715520956e-01 7.783340919435594030e-02 1.507737824305871721e-01 2.177969959035047920e-01 0.000000000000000000e+00
4.000000000000000000e+03 1.599997765728400356e-01 5.583750568957669413e-01 7.601274465179790052e-02 1.511151570323167881e-01 2.144970414201183562e-01 0.000000000000000000e+00
4.025000000000000000e+03 1.609997751764202789e-01 5.675921711424669613e-01 7.430587164314975124e-02 1.614701866181156020e-01 1.966317705962676299e-01 0.000000000000000000e+00
4.050000000000000000e+03 1.619997737800005222e-01 5.525716886663631922e-01 7.908511606736458310e-02 1.599908966772872199e-01 2.083522985889849910e-01 0.000000000000000000e+00
4.075000000000000000e+03 1.629997723835807655e-01 5.737369139736003820e-01 7.817478379608557015e-02 1.568047337278106468e-01 1.912835685025034149e-01 0.000000000000000000e+00
4.100000000000000000e+03 1.639997709871610088e-01 5.735093309057806010e-01 7.760582612653618706e-02 1.593081474738279601e-01 1.895766954938552518e-01 0.000000000000000000e+00
4.125000000000000000e+03 1.649997695907412520e-01 5.741920801092398330e-01 7.259899863450158808e-02 1.581702321347291662e-01 1.950386891215293572e-01 0.000000000000000000e+00
4.150000000000000000e+03 1.659997681943214953e-01 5.774920345926263243e-01 7.396449704142012138e-02 1.576012744651797970e-01 1.909421939007737712e-01 0.000000000000000000e+00
4.175000000000000000e+03 1.669997667979017386e-01 5.786299499317251183e-01 7.794720072826581692e-02 1.642011834319526686e-01 1.792216659080564378e-01 0.000000000000000000e+00
4.200000000000000000e+03 1.679997654014819819e-01 5.740782885753299425e-01 7.544378698224851743e-02 1.643149749658625314e-01 1.861629494765589532e-01 0.000000000000000000e+00
4.225000000000000000e+03 1.689997640050622252e-01 5.906918525261720676e-01 7.214383249886208160e-02 1.626081019572143960e-01 1.745562130177514826e-01 0.000000000000000000e+00
4.250000000000000000e+03 1.699997626086424685e-01 5.847746927628584279e-01 7.806099226217569353e-02 1.680700955848884737e-01 1.690942193900773771e-01 0.000000000000000000e+00
4.275000000000000000e+03 1.709997612122227117e-01 5.927401001365498745e-01 7.737824305871643382e-02 1.739872553482020856e-01 1.558944014565316338e-01 0.000000000000000000e+00
4.300000000000000000e+03 1.719997598158029550e-01 5.896677287209831642e-01 7.464724624487938109e-02 1.735320892125625791e-01 1.621529358215748617e-01 0.000000000000000000e+00
4.325000000000000000e+03 1.729997584193834204e-01 5.972917614929449392e-01 7.578516158397814728e-02 1.767182521620391522e-01 1.502048247610377751e-01 0.000000000000000000e+00
4.350000000000000000e+03 1.739997570229636636e-01 5.956986800182066943e-01 7.828857532999544677e-02 1.762630860263996457e-01 1.497496586253982687e-01 0.000000000000000000e+00
4.375000000000000000e+03 1.749997556265439069e-01 5.991124260355029651e-01 7.601274465179790052e-02 1.837733272644515303e-01 1.411015020482476179e-01 0.000000000000000000e+00
4.400000000000000000e+03 1.759997542301241502e-01 6.053709604005461653e-01 7.373691397360036814e-02 1.827492034592626269e-01 1.381429221665907980e-01 0.000000000000000000e+00
4.425000000000000000e+03 1.769997528337043935e-01 6.062812926718251783e-01 7.134729176149294527e-02 1.877560309512972259e-01 1.346153846153846090e-01 0.000000000000000000e+00
4.450000000000000000e+03 1.779997514372846368e-01 6.109467455621301335e-01 6.690942193900774326e-02 1.893491124260354985e-01 1.327947200728265831e-01 0.000000000000000000e+00
4.475000000000000000e+03 1.789997500408648801e-01 6.068502503413746307e-01 6.873008648156576916e-02 1.912835685025034149e-01 1.331360946745562268e-01 0.000000000000000000e+00
4.500000000000000000e+03 1.799997486444451233e-01 6.231224396904869733e-01 6.759217114246700298e-02 1.882111970869367323e-01 1.210741920801092358e-01 0.000000000000000000e+00
4.525000000000000000e+03 1.809997472480253666e-01 6.167501137915338827e-01 6.986800182066454923e-02 1.973145197997268896e-01 1.160673645880746507e-01 0.000000000000000000e+00
4.550000000000000000e+03 1.819997458516056099e-01 6.166363222576239922e-01 7.020937642239417908e-02 1.962903959945380139e-01 1.168639053254437871e-01 0.000000000000000000e+00
4.575000000000000000e+03 1.829997444551858532e-01 6.249431042330451103e-01 7.043695949021393232e-02 1.944697314519799602e-01 1.101502048247610388e-01 0.000000000000000000e+00
4.600000000000000000e+03 1.839997430587660965e-01 6.189121529358215801e-01 6.884387801547564578e-02 1.995903504779244497e-01 1.126536185707783383e-01 0.000000000000000000e+00
4.625000000000000000e+03 1.849997416623463398e-01 6.232362312243968638e-01 6.702321347291761988e-02 2.000455166135639562e-01 1.096950386891215323e-01 0.000000000000000000e+00
4.650000000000000000e+03 1.859997402659265830e-01 6.253982703686845612e-01 6.702321347291761988e-02 1.997041420118343125e-01 1.078743741465634925e-01 0.000000000000000000e+00
4.675000000000000000e+03 1.869997388695068263e-01 6.266499772416932457e-01 6.440600819299044377e-02 1.972007282658170269e-01 1.117432862994993115e-01 0.000000000000000000e+00
4.700000000000000000e+03 1.879997374730870696e-01 6.257396449704142327e-01 6.702321347291761988e-02 2.017523896222121194e-01 1.054847519344560697e-01 0.000000000000000000e+00
4.725000000000000000e+03 1.889997360766673129e-01 6.261948111060536837e-01 6.577150659990896320e-02 2.015248065543923661e-01 1.065088757396449731e-01 0.000000000000000000e+00
4.750000000000000000e+03 1.899997346802475562e-01 6.300637232589895165e-01 6.372325898953118406e-02 2.047109695038689114e-01 1.015020482476103741e-01 0.000000000000000000e+00
4.775000000000000000e+03 1.909997332838277995e-01 6.405325443786982209e-01 6.599908966772871644e-02 1.995903504779244497e-01 9.387801547564861293e-02 0.000000000000000000e+00
4.800000000000000000e+03 1.919997318874080428e-01 6.387118798361401950e-01 6.577150659990896320e-02 2.009558488848429691e-01 9.456076467910787264e-02 0.000000000000000000e+00
4.825000000000000000e+03 1.929997304909882860e-01 6.382567137005006330e-01 6.474738279472007363e-02 1.976558944014565333e-01 9.934000910332271839e-02 0.000000000000000000e+00
4.850000000000000000e+03 1.939997290945685293e-01 6.354119253527537037e-01 6.383705052344106068e-02 2.018661811561219821e-01 9.888484296768319803e-02 0.000000000000000000e+00
4.875000000000000000e+03 1.949997276981487726e-01 6.497496586253982409e-01 6.213017751479289752e-02 2.003868912152935722e-01 8.773327264451524776e-02 0.000000000000000000e+00
4.900000000000000000e+03 1.959997263017290159e-01 6.404187528447883304e-01 6.406463359126081392e-02 2.080109239872553473e-01 8.750568957669549452e-02 0.000000000000000000e+00
4.925000000000000000e+03 1.969997249053092592e-01 6.423532089212562468e-01 6.554392353208920996e-02 2.056213017751479244e-01 8.648156577150660496e-02 0.000000000000000000e+00
4.950000000000000000e+03 1.979997235088895025e-01 6.444014565316340537e-01 6.474738279472007363e-02 2.039144287664997612e-01 8.693673190714611143e-02 0.000000000000000000e+00
4.975000000000000000e+03 1.989997221124697457e-01 6.480427856167501055e-01 6.315430131998178709e-02 1.993627674101046965e-01 8.932635411925353430e-02 1.137915339098771066e-04
5.000000000000000000e+03 1.999997207160499890e-01 6.385980883022303045e-01 6.372325898953118406e-02 2.035730541647701453e-01 9.410559854346836617e-02 0.000000000000000000e+00
5.025000000000000000e+03 2.009997193196302323e-01 6.431497496586253693e-01 6.759217114246700298e-02 2.077833409194355940e-01 8.147473827947200598e-02 0.000000000000000000e+00
5.050000000000000000e+03 2.019997179232104756e-01 6.484979517523896675e-01 6.816112881201638607e-02 2.090350477924442507e-01 7.430587164314975124e-02 0.000000000000000000e+00
5.075000000000000000e+03 2.029997165267907189e-01 6.431497496586253693e-01 6.827492034592626269e-02 2.107419208010923861e-01 7.783340919435594030e-02 0.000000000000000000e+00
5.100000000000000000e+03 2.039997151303709622e-01 6.560081929904415521e-01 6.622667273554846967e-02 2.003868912152935722e-01 7.737824305871643382e-02 0.000000000000000000e+00
5.125000000000000000e+03 2.049997137339514275e-01 6.413290851160673434e-01 7.203004096495220498e-02 2.116522530723714268e-01 7.498862084660901095e-02 0.000000000000000000e+00
5.150000000000000000e+03 2.059997123375316708e-01 6.481565771506599960e-01 6.702321347291761988e-02 2.107419208010923861e-01 7.407828857532999800e-02 0.000000000000000000e+00
5.175000000000000000e+03 2.069997109411119141e-01 6.585116067364588099e-01 6.713700500682749650e-02 2.067592171142466906e-01 6.736458807464724974e-02 2.275830678197542133e-04
5.200000000000000000e+03 2.079997095446921573e-01 6.457669549385525176e-01 6.816112881201638607e-02 2.109695038689121394e-01 7.498862084660901095e-02 1.137915339098771066e-04
5.225000000000000000e+03 2.089997081482724006e-01 6.490669094219390090e-01 6.679563040509786664e-02 2.121074192080109333e-01 7.203004096495220498e-02 0.000000000000000000e+00
5.250000000000000000e+03 2.099997067518526439e-01 6.594219390077378229e-01 6.850250341374601593e-02 2.072143832498861971e-01 6.486117432862995025e-02 0.000000000000000000e+00
5.275000000000000000e+03 2.109997053554328872e-01 6.519116977696859383e-01 6.622667273554846967e-02 2.101729631315430169e-01 7.168866636322257513e-02 0.000000000000000000e+00
5.300000000000000000e+03 2.119997039590131305e-01 6.528220300409649512e-01 6.702321347291761988e-02 2.139280837505689592e-01 6.622667273554846967e-02 0.000000000000000000e+00
5.325000000000000000e+03 2.129997025625933738e-01 6.488393263541192280e-01 6.918525261720527564e-02 2.159763313609467383e-01 6.599908966772871644e-02 0.000000000000000000e+00
5.350000000000000000e+03 2.139997011661736170e-01 6.531634046426946227e-01 7.146108329540282189e-02 2.102867546654528796e-01 6.497496586253982687e-02 1.137915339098771066e-04
5.375000000000000000e+03 2.149996997697538603e-01 6.569185252617205650e-01 7.100591715976331542e-02 2.096040054619936199e-01 6.247155211652252738e-02 0.000000000000000000e+00
5.400000000000000000e+03 2.159996983733341036e-01 6.621529358215748617e-01 6.918525261720527564e-02 2.088074647246244975e-01 5.985434683659535821e-02 0.000000000000000000e+00
5.425000000000000000e+03 2.169996969769143469e-01 6.621529358215748617e-01 6.804733727810650945e-02 2.102867546654528796e-01 5.951297223486572835e-02 0.000000000000000000e+00
5.450000000000000000e+03 2.179996955804945902e-01 6.590805644060081514e-01 6.679563040509786664e-02 2.110832954028220299e-01 6.304050978607191047e-02 0.000000000000000000e+00
5.475000000000000000e+03 2.189996941840748335e-01 6.655666818388711325e-01 6.850250341374601593e-02 2.085798816568047442e-01 5.723714155666818210e-02 1.137915339098771066e-04
5.500000000000000000e+03 2.199996927876550767e-01 6.621529358215748617e-01 7.282658170232134132e-02 2.089212562585343602e-01 5.598543468365953235e-02 1.137915339098771066e-04
5.525000000000000000e+03 2.209996913912353200e-01 6.648839326354119006e-01 6.543013199817933334e-02 2.063040509786071841e-01 6.326809285389166371e-02 1.137915339098771066e-04
5.550000000000000000e+03 2.219996899948155633e-01 6.640873918980427781e-01 6.804733727810650945e-02 2.090350477924442507e-01 5.883022303140646170e-02 0.000000000000000000e+00
5.575000000000000000e+03 2.229996885983958066e-01 6.685252617205279524e-01 7.055075102412380894e-02 2.065316340464269373e-01 5.439235320892125969e-02 0.000000000000000000e+00
5.600000000000000000e+03 2.239996872019760499e-01 6.741010468821119206e-01 6.907146108329539902e-02 2.007282658170232159e-01 5.609922621756941591e-02 0.000000000000000000e+00
5.625000000000000000e+03 2.249996858055562932e-01 6.720527992717342247e-01 6.668183887118799003e-02 2.072143832498861971e-01 5.393718707328174627e-02 1.137915339098771066e-04
5.650000000000000000e+03 2.259996844091365364e-01 6.710286754665453213e-01 6.895766954938552240e-02 2.025489303595812418e-01 5.735093309057805872e-02 1.137915339098771066e-04
5.675000000000000000e+03 2.269996830127167797e-01 6.760355029585798370e-01 6.873008648156576916e-02 1.987938097405552995e-01 5.632680928538916915e-02 1.137915339098771066e-04
