# itime ezz other fcc hcp bcc ico
0.000000000000000000e+00 0.000000000000000000e+00 1.024123805188893906e-03 9.989758761948110966e-01 0.000000000000000000e+00 0.000000000000000000e+00 0.000000000000000000e+00
2.500000000000000000e+02 9.999632741917174883e-04 2.275830678197542133e-04 9.997724169321802190e-01 0.000000000000000000e+00 0.000000000000000000e+00 0.000000000000000000e+00
5.000000000000000000e+02 1.999926548383212932e-03 7.965407373691396923e-04 9.992034592626308775e-01 0.000000000000000000e+00 0.000000000000000000e+00 0.000000000000000000e+00
7.500000000000000000e+02 2.999889822574930420e-03 7.965407373691396923e-04 9.992034592626308775e-01 0.000000000000000000e+00 0.000000000000000000e+00 0.000000000000000000e+00
1.000000000000000000e+03 3.999853096766425864e-03 4.551661356395084266e-04 9.995448338643604380e-01 0.000000000000000000e+00 0.000000000000000000e+00 0.000000000000000000e+00
1.250000000000000000e+03 4.999816370958143352e-03 9.103322712790168532e-04 9.990896677287209870e-01 0.000000000000000000e+00 0.000000000000000000e+00 0.000000000000000000e+00
1.500000000000000000e+03 5.999779645149860841e-03 1.820664542558033706e-03 9.980655439235320836e-01 0.000000000000000000e+00 1.137915339098771066e-04 0.000000000000000000e+00
1.750000000000000000e+03 6.999742919341356284e-03 0.000000000000000000e+00 1.000000000000000000e+00 0.000000000000000000e+00 0.000000000000000000e+00 0.000000000000000000e+00
2.000000000000000000e+03 7.999706193533073773e-03 1.820664542558033706e-03 9.981793354574419741e-01 0.000000000000000000e+00 0.000000000000000000e+00 0.000000000000000000e+00
2.250000000000000000e+03 8.999669467724569216e-03 1.024123805188893906e-03 9.989758761948110966e-01 0.000000000000000000e+00 0.000000000000000000e+00 0.000000000000000000e+00
2.500000000000000000e+03 9.999632741916286705e-03 1.024123805188893906e-03 9.989758761948110966e-01 0.000000000000000000e+00 0.000000000000000000e+00 0.000000000000000000e+00
2.750000000000000000e+03 1.099959601610778215e-02 2.503413746017296455e-03 9.974965862539827421e-01 0.000000000000000000e+00 0.000000000000000000e+00 0.000000000000000000e+00
3.000000000000000000e+03 1.199955929029949964e-02 7.965407373691396923e-04 9.992034592626308775e-01 0.000000000000000000e+00 0.000000000000000000e+00 0.000000000000000000e+00
3.250000000000000000e+03 1.299952256449121712e-02 6.827492034592626399e-04 9.993172507965407680e-01 0.000000000000000000e+00 0.000000000000000000e+00 0.000000000000000000e+00
3.500000000000000000e+03 1.399948583868271257e-02 1.593081474738279385e-03 9.984069185252617551e-01 0.000000000000000000e+00 0.000000000000000000e+00 0.000000000000000000e+00
3.750000000000000000e+03 1.499944911287443006e-02 7.965407373691396923e-04 9.992034592626308775e-01 0.000000000000000000e+00 0.000000000000000000e+00 0.000000000000000000e+00
4.000000000000000000e+03 1.599941238706592550e-02 1.365498406918525280e-03 9.986345015930814251e-01 0.000000000000000000e+00 0.000000000000000000e+00 0.000000000000000000e+00
4.250000000000000000e+03 1.699937566125764299e-02 2.503413746017296455e-03 9.974965862539827421e-01 0.000000000000000000e+00 0.000000000000000000e+00 0.000000000000000000e+00
4.500000000000000000e+03 1.799933893544936048e-02 1.934456076467910759e-03 9.980655439235320836e-01 0.000000000000000000e+00 0.000000000000000000e+00 0.000000000000000000e+00
4.750000000000000000e+03 1.899930220964085592e-02 2.389622212107419402e-03 9.974965862539827421e-01 0.000000000000000000e+00 1.137915339098771066e-04 0.000000000000000000e+00
5.000000000000000000e+03 1.999926548383257341e-02 5.689576695493854790e-04 9.994310423304506585e-01 0.000000000000000000e+00 0.000000000000000000e+00 0.000000000000000000e+00
5.250000000000000000e+03 2.099922875802406885e-02 1.365498406918525280e-03 9.985207100591716456e-01 0.000000000000000000e+00 1.137915339098771066e-04 0.000000000000000000e+00
5.500000000000000000e+03 2.199919203221578634e-02 3.868912152935821518e-03 9.961310878470641672e-01 0.000000000000000000e+00 0.000000000000000000e+00 0.000000000000000000e+00
5.750000000000000000e+03 2.299915530640750383e-02 6.827492034592626399e-04 9.992034592626308775e-01 0.000000000000000000e+00 1.137915339098771066e-04 0.000000000000000000e+00
6.000000000000000000e+03 2.399911858059899927e-02 2.958579881656804664e-03 9.968138370505233992e-01 0.000000000000000000e+00 2.275830678197542133e-04 0.000000000000000000e+00
6.250000000000000000e+03 2.499908185479071676e-02 2.275830678197541916e-03 9.977241693218024121e-01 0.000000000000000000e+00 0.000000000000000000e+00 0.000000000000000000e+00
6.500000000000000000e+03 2.599904512898221220e-02 2.275830678197541916e-03 9.977241693218024121e-01 0.000000000000000000e+00 0.000000000000000000e+00 0.000000000000000000e+00
6.750000000000000000e+03 2.699900840317392969e-02 3.982703686845699004e-03 9.959035047792443862e-01 0.000000000000000000e+00 1.137915339098771066e-04 0.000000000000000000e+00
7.000000000000000000e+03 2.799897167736564718e-02 1.024123805188893906e-03 9.989758761948110966e-01 0.000000000000000000e+00 0.000000000000000000e+00 0.000000000000000000e+00
7.250000000000000000e+03 2.899893495155714263e-02 6.372325898953117539e-03 9.934000910332271284e-01 0.000000000000000000e+00 2.275830678197542133e-04 0.000000000000000000e+00
7.500000000000000000e+03 2.999889822574886011e-02 3.641329085116067413e-03 9.963586709148839482e-01 0.000000000000000000e+00 0.000000000000000000e+00 0.000000000000000000e+00
7.750000000000000000e+03 3.099886149994035556e-02 5.348202093764223633e-03 9.946517979062358128e-01 0.000000000000000000e+00 0.000000000000000000e+00 0.000000000000000000e+00
8.000000000000000000e+03 3.199882477413207305e-02 3.299954483386436255e-03 9.965862539827037292e-01 0.000000000000000000e+00 1.137915339098771066e-04 0.000000000000000000e+00
8.250000000000000000e+03 3.299878804832356849e-02 3.755120619025944465e-03 9.962448793809740577e-01 0.000000000000000000e+00 0.000000000000000000e+00 0.000000000000000000e+00
8.500000000000000000e+03 3.399875132251528598e-02 6.372325898953117539e-03 9.935138825671370189e-01 0.000000000000000000e+00 1.137915339098771066e-04 0.000000000000000000e+00
8.750000000000000000e+03 3.499871459670700347e-02 5.461993627674101119e-03 9.945380063723259223e-01 0.000000000000000000e+00 0.000000000000000000e+00 0.000000000000000000e+00
9.000000000000000000e+03 3.599867787089849891e-02 1.001365498406918582e-02 9.898725534820209671e-01 0.000000000000000000e+00 1.137915339098771066e-04 0.000000000000000000e+00
9.250000000000000000e+03 3.699864114509021640e-02 9.330905780609922637e-03 9.905553026854801990e-01 0.000000000000000000e+00 1.137915339098771066e-04 0.000000000000000000e+00
9.500000000000000000e+03 3.799860441928171184e-02 5.461993627674101119e-03 9.945380063723259223e-01 0.000000000000000000e+00 0.000000000000000000e+00 0.000000000000000000e+00
9.750000000000000000e+03 3.899856769347342933e-02 6.827492034592626616e-03 9.930587164314974569e-01 0.000000000000000000e+00 1.137915339098771066e-04 0.000000000000000000e+00
1.000000000000000000e+04 3.999853096766514682e-02 6.827492034592626616e-03 9.929449248975875664e-01 0.000000000000000000e+00 2.275830678197542133e-04 0.000000000000000000e+00
1.025000000000000000e+04 4.099849424185664226e-02 6.258534365043240920e-03 9.935138825671370189e-01 0.000000000000000000e+00 2.275830678197542133e-04 0.000000000000000000e+00
1.050000000000000000e+04 4.199845751604835975e-02 1.149294492489758707e-02 9.882794720072826111e-01 0.000000000000000000e+00 2.275830678197542133e-04 0.000000000000000000e+00
1.075000000000000000e+04 4.299842079023985519e-02 7.737824305871643035e-03 9.918070095584888834e-01 0.000000000000000000e+00 4.551661356395084266e-04 0.000000000000000000e+00
1.100000000000000000e+04 4.399838406443157268e-02 8.875739644970414427e-03 9.911242603550295405e-01 0.000000000000000000e+00 0.000000000000000000e+00 0.000000000000000000e+00
1.125000000000000000e+04 4.499834733862329017e-02 1.194811106053709528e-02 9.880518889394629412e-01 0.000000000000000000e+00 0.000000000000000000e+00 0.000000000000000000e+00
1.150000000000000000e+04 4.599831061281478561e-02 9.786071916249430847e-03 9.896449704142011861e-01 0.000000000000000000e+00 5.689576695493854790e-04 0.000000000000000000e+00
1.175000000000000000e+04 4.699827388700650310e-02 1.206190259444697363e-02 9.875967228038233792e-01 0.000000000000000000e+00 3.413746017296313199e-04 0.000000000000000000e+00
1.200000000000000000e+04 4.799823716119799855e-02 7.396449704142011444e-03 9.920345926263085534e-01 0.000000000000000000e+00 5.689576695493854790e-04 0.000000000000000000e+00
1.225000000000000000e+04 4.899820043538971603e-02 1.513427401001365448e-02 9.841829767865271084e-01 0.000000000000000000e+00 6.827492034592626399e-04 0.000000000000000000e+00
1.250000000000000000e+04 4.999816370958143352e-02 1.570323167956303931e-02 9.836140191169776559e-01 0.000000000000000000e+00 6.827492034592626399e-04 0.000000000000000000e+00
1.275000000000000000e+04 5.099812698377292897e-02 1.069640418752844727e-02 9.889622212107419541e-01 0.000000000000000000e+00 3.413746017296313199e-04 0.000000000000000000e+00
1.300000000000000000e+04 5.199809025796464645e-02 2.082385070550751144e-02 9.782658170232134687e-01 0.000000000000000000e+00 9.103322712790168532e-04 0.000000000000000000e+00
1.325000000000000000e+04 5.299805353215614190e-02 1.206190259444697363e-02 9.877105143377332697e-01 0.000000000000000000e+00 2.275830678197542133e-04 0.000000000000000000e+00
1.350000000000000000e+04 5.399801680634785939e-02 1.934456076467910846e-02 9.799726900318616041e-01 0.000000000000000000e+00 6.827492034592626399e-04 0.000000000000000000e+00
1.375000000000000000e+04 5.499798008053935483e-02 1.536185707783340945e-02 9.837278106508875464e-01 0.000000000000000000e+00 9.103322712790168532e-04 0.000000000000000000e+00
1.400000000000000000e+04 5.599794335473107232e-02 2.207555757851615771e-02 9.767865270823851143e-01 0.000000000000000000e+00 1.137915339098770958e-03 0.000000000000000000e+00
1.425000000000000000e+04 5.699790662892278981e-02 1.934456076467910846e-02 9.802002730996813851e-01 0.000000000000000000e+00 4.551661356395084266e-04 0.000000000000000000e+00
1.450000000000000000e+04 5.799786990311428525e-02 2.207555757851615771e-02 9.767865270823851143e-01 0.000000000000000000e+00 1.137915339098770958e-03 0.000000000000000000e+00
1.475000000000000000e+04 5.899783317730600274e-02 2.730996813837050646e-02 9.713245334547109255e-01 0.000000000000000000e+00 1.365498406918525280e-03 0.000000000000000000e+00
1.500000000000000000e+04 5.999779645149749818e-02 2.492034592626308706e-02 9.737141556668184039e-01 0.000000000000000000e+00 1.365498406918525280e-03 0.000000000000000000e+00
1.525000000000000000e+04 6.099775972568921567e-02 2.264451524806554428e-02 9.762175694128356618e-01 0.000000000000000000e+00 1.137915339098770958e-03 0.000000000000000000e+00
1.550000000000000000e+04 6.199772299988093316e-02 2.571688666363222686e-02 9.723486572598998290e-01 0.000000000000000000e+00 1.934456076467910759e-03 0.000000000000000000e+00
1.575000000000000000e+04 6.299768627407242860e-02 4.085116067364587961e-02 9.558488848429677054e-01 0.000000000000000000e+00 3.299954483386436255e-03 0.000000000000000000e+00
1.600000000000000000e+04 6.399764954826414609e-02 3.550295857988165771e-02 9.621074192080109055e-01 0.000000000000000000e+00 2.389622212107419402e-03 0.000000000000000000e+00
1.625000000000000000e+04 6.499761282245564153e-02 3.709604005461993731e-02 9.615384615384615641e-01 0.000000000000000000e+00 1.365498406918525280e-03 0.000000000000000000e+00
1.650000000000000000e+04 6.599757609664735902e-02 3.140646335912607862e-02 9.666590805644059703e-01 0.000000000000000000e+00 1.934456076467910759e-03 0.000000000000000000e+00
1.675000000000000000e+04 6.699753937083907651e-02 5.166135639508420696e-02 9.460628129267182329e-01 0.000000000000000000e+00 2.275830678197541916e-03 0.000000000000000000e+00
1.700000000000000000e+04 6.799750264503057195e-02 4.631315430131998506e-02 9.505006827492034072e-01 0.000000000000000000e+00 3.186162949476558769e-03 0.000000000000000000e+00
1.725000000000000000e+04 6.899746591922228944e-02 5.700955848884842886e-02 9.409421939007738267e-01 0.000000000000000000e+00 2.048247610377787811e-03 0.000000000000000000e+00
1.750000000000000000e+04 6.999742919341378489e-02 5.621301775147929253e-02 9.409421939007738267e-01 0.000000000000000000e+00 2.844788347746927612e-03 0.000000000000000000e+00
1.775000000000000000e+04 7.099739246760550238e-02 4.824761037778789452e-02 9.495903504779243942e-01 0.000000000000000000e+00 2.162039144287664864e-03 0.000000000000000000e+00
1.800000000000000000e+04 7.199735574179721986e-02 4.710969503868912139e-02 9.500455166135639562e-01 0.000000000000000000e+00 2.844788347746927612e-03 0.000000000000000000e+00
1.825000000000000000e+04 7.299731901598871531e-02 7.487482931269913433e-02 9.196631770596267463e-01 0.000000000000000000e+00 5.461993627674101119e-03 0.000000000000000000e+00
1.850000000000000000e+04 7.399728229018043280e-02 7.032316795630405570e-02 9.261492944924897275e-01 0.000000000000000000e+00 3.527537551206190360e-03 0.000000000000000000e+00
1.875000000000000000e+04 7.499724556437192824e-02 8.022303140646336317e-02 9.145425580336823401e-01 0.000000000000000000e+00 5.234410559854347014e-03 0.000000000000000000e+00
1.900000000000000000e+04 7.599720883856364573e-02 8.158852981338188259e-02 9.123805188893946427e-01 0.000000000000000000e+00 6.030951297223486815e-03 0.000000000000000000e+00
1.925000000000000000e+04 7.699717211275514117e-02 7.794720072826581692e-02 9.172735548475193790e-01 0.000000000000000000e+00 4.779244424214838804e-03 0.000000000000000000e+00
1.950000000000000000e+04 7.799713538694685866e-02 9.501593081474737912e-02 9.000910332271279124e-01 0.000000000000000000e+00 4.893035958124715423e-03 0.000000000000000000e+00
1.975000000000000000e+04 7.899709866113857615e-02 8.739189804278561791e-02 9.036185707783340737e-01 1.137915339098771066e-04 8.875739644970414427e-03 0.000000000000000000e+00
2.000000000000000000e+04 7.999706193533007159e-02 9.524351388256713236e-02 8.967910787437414211e-01 0.000000000000000000e+00 7.965407373691398007e-03 0.000000000000000000e+00
2.025000000000000000e+04 8.099702520952178908e-02 1.030951297223486607e-01 8.847291761492944717e-01 0.000000000000000000e+00 1.217569412835685025e-02 0.000000000000000000e+00
2.050000000000000000e+04 8.199698848371328452e-02 1.301775147928994070e-01 8.534365043240782489e-01 1.137915339098771066e-04 1.627218934911242587e-02 0.000000000000000000e+00
2.075000000000000000e+04 8.299695175790500201e-02 1.421256258534364936e-01 8.314747382794720476e-01 1.137915339098771066e-04 2.628584433318160996e-02 0.000000000000000000e+00
2.100000000000000000e+04 8.399691503209671950e-02 1.677287209831588577e-01 7.931269913518433912e-01 1.365498406918525280e-03 3.777878925807919702e-02 0.000000000000000000e+00
2.125000000000000000e+04 8.499687830628821494e-02 1.937869822485207005e-01 7.439690487027764698e-01 5.689576695493854790e-04 6.167501137915339104e-02 0.000000000000000000e+00
2.150000000000000000e+04 8.599684158047993243e-02 2.162039144287664916e-01 6.570323167956304555e-01 2.617205279927173507e-03 1.241465634956759184e-01 0.000000000000000000e+00
2.175000000000000000e+04 8.699680485467142788e-02 2.456759217114246607e-01 5.815885298133819381e-01 1.217569412835685025e-02 1.605598543468365891e-01 0.000000000000000000e+00
2.200000000000000000e+04 8.799676812886314536e-02 2.567137005006827621e-01 5.407373691397360238e-01 4.961310878470642088e-02 1.529358215748748417e-01 0.000000000000000000e+00
2.225000000000000000e+04 8.899673140305486285e-02 2.581929904415111721e-01 5.268548020027310486e-01 1.009330905780609910e-01 1.140191169776968577e-01 0.000000000000000000e+00
2.250000000000000000e+04 8.999669467724635830e-02 2.441966317705962786e-01 5.182066454255803700e-01 1.334774692762858428e-01 1.041192535275375503e-01 0.000000000000000000e+00
2.275000000000000000e+04 9.099665795143807578e-02 2.396449704142011861e-01 5.094446973145198010e-01 1.596495220755575761e-01 9.126081019572143682e-02 0.000000000000000000e+00
2.300000000000000000e+04 9.199662122562957123e-02 2.258761948111060458e-01 5.023896222121073674e-01 1.816112881201638607e-01 9.012289485662267063e-02 0.000000000000000000e+00
2.325000000000000000e+04 9.299658449982128872e-02 2.107419208010923861e-01 5.241238051888938987e-01 2.036868456986800080e-01 6.144742831133363781e-02 0.000000000000000000e+00
2.350000000000000000e+04 9.399654777401278416e-02 2.051661356395084179e-01 5.304961310878471004e-01 2.073281747837960876e-01 5.700955848884842886e-02 0.000000000000000000e+00
2.375000000000000000e+04 9.499651104820450165e-02 1.712562585343650468e-01 5.690714610832954268e-01 2.316795630405097950e-01 2.799271734182976618e-02 0.000000000000000000e+00
2.400000000000000000e+04 9.599647432239621914e-02 1.488393263541192557e-01 5.881884387801548097e-01 2.363450159308147502e-01 2.662721893491124328e-02 0.000000000000000000e+00
2.425000000000000000e+04 9.699643759658771458e-02 1.457669549385525731e-01 5.871643149749659063e-01 2.426035502958579781e-01 2.446517979062357712e-02 0.000000000000000000e+00
2.450000000000000000e+04 9.799640087077943207e-02 1.519116977696859383e-01 5.806781975421028141e-01 2.410104688211197055e-01 2.639963586709149004e-02 0.000000000000000000e+00
2.475000000000000000e+04 9.899636414497092751e-02 1.413290851160673711e-01 5.867091488393263443e-01 2.448793809740555383e-01 2.708238507055074976e-02 0.000000000000000000e+00
2.500000000000000000e+04 9.999632741916264500e-02 1.500910332271279124e-01 5.787437414656350088e-01 2.477241693218024676e-01 2.344105598543468408e-02 0.000000000000000000e+00
2.525000000000000000e+04 1.009962906933543625e-01 1.660218479745106945e-01 5.593991807009558448e-01 2.489758761948110966e-01 2.560309512972235024e-02 0.000000000000000000e+00
2.550000000000000000e+04 1.019962539675458579e-01 1.612426035502958488e-01 5.691852526172053173e-01 2.451069640418752915e-01 2.446517979062357712e-02 0.000000000000000000e+00
2.575000000000000000e+04 1.029962172417375754e-01 1.656804733727810786e-01 5.548475193445607800e-01 2.518206645425580259e-01 2.765134274010013632e-02 0.000000000000000000e+00
2.600000000000000000e+04 1.039961805159290709e-01 1.593081474738279601e-01 5.629267182521620061e-01 2.473827947200728239e-01 3.038233955393718558e-02 0.000000000000000000e+00
2.625000000000000000e+04 1.049961437901207884e-01 1.768320436959490149e-01 5.448338643604915266e-01 2.489758761948110966e-01 2.935821574874829254e-02 0.000000000000000000e+00
2.650000000000000000e+04 1.059961070643125058e-01 1.627218934911242587e-01 5.538233955393718766e-01 2.534137460172963263e-01 3.004096495220755572e-02 0.000000000000000000e+00
2.675000000000000000e+04 1.069960703385040013e-01 1.788802913063268218e-01 5.357305416477013971e-01 2.515930814747383004e-01 3.379608557123350149e-02 0.000000000000000000e+00
2.700000000000000000e+04 1.079960336126957188e-01 1.762630860263996457e-01 5.378925807919890945e-01 2.580791989076012816e-01 2.776513427401001294e-02 0.000000000000000000e+00
2.725000000000000000e+04 1.089959968868872142e-01 1.795630405097860816e-01 5.282203004096495125e-01 2.617205279927173334e-01 3.049613108784706567e-02 0.000000000000000000e+00
2.750000000000000000e+04 1.099959601610789317e-01 1.891215293582157453e-01 5.059171597633136397e-01 2.611515703231679364e-01 4.380974055530268557e-02 0.000000000000000000e+00
2.775000000000000000e+04 1.109959234352706492e-01 2.082385070550751005e-01 4.848657259899863403e-01 2.580791989076012816e-01 4.881656804733727761e-02 0.000000000000000000e+00
2.800000000000000000e+04 1.119958867094621446e-01 2.156349567592171224e-01 4.855484751934456278e-01 2.563723258989530907e-01 4.244424214838415921e-02 0.000000000000000000e+00
2.825000000000000000e+04 1.129958499836538621e-01 2.105143377332726329e-01 5.075102412380518846e-01 2.411242603550295960e-01 4.085116067364587961e-02 0.000000000000000000e+00
2.850000000000000000e+04 1.139958132578453576e-01 1.970869367319071364e-01 5.727127901684114786e-01 2.020937642239417353e-01 2.810650887573964626e-02 0.000000000000000000e+00
2.875000000000000000e+04 1.149957765320370751e-01 1.539599453800637174e-01 6.298361401911697355e-01 1.950386891215293572e-01 2.116522530723714129e-02 0.000000000000000000e+00
2.900000000000000000e+04 1.159957398062285705e-01 1.100364132908511622e-01 6.647701411015020101e-01 2.019799726900318726e-01 2.321347291761493084e-02 0.000000000000000000e+00
2.925000000000000000e+04 1.169957030804202880e-01 9.729176149294492537e-02 6.778561675011378629e-01 2.071005917159763343e-01 1.775147928994082885e-02 0.000000000000000000e+00
2.950000000000000000e+04 1.179956663546120055e-01 9.751934456076467861e-02 6.730769230769231282e-01 2.080109239872553473e-01 2.139280837505689453e-02 0.000000000000000000e+00
2.975000000000000000e+04 1.189956296288035009e-01 9.615384615384615918e-02 6.781975421028675344e-01 2.056213017751479244e-01 2.002730996813837164e-02 0.000000000000000000e+00
3.000000000000000000e+04 1.199955929029952184e-01 9.478834774692762588e-02 6.766044606281292895e-01 2.089212562585343602e-01 1.968593536640873831e-02 0.000000000000000000e+00
3.025000000000000000e+04 1.209955561771867139e-01 1.011606736458807443e-01 6.734182976786526886e-01 2.048247610377788019e-01 2.059626763768775473e-02 0.000000000000000000e+00
3.050000000000000000e+04 1.219955194513784313e-01 1.061675011379153433e-01 6.709148839326354308e-01 2.064178425125170746e-01 1.649977241693217911e-02 0.000000000000000000e+00
3.075000000000000000e+04 1.229954827255701488e-01 1.020710059171597572e-01 6.704597177969958688e-01 2.048247610377788019e-01 2.264451524806554428e-02 0.000000000000000000e+00
3.100000000000000000e+04 1.239954459997616443e-01 1.090122894856622726e-01 6.663632225762403660e-01 2.064178425125170746e-01 1.820664542558033533e-02 0.000000000000000000e+00
3.125000000000000000e+04 1.249954092739533618e-01 9.786071916249430847e-02 6.718252162039144437e-01 2.098315885298133732e-01 2.048247610377787811e-02 0.000000000000000000e+00
3.150000000000000000e+04 1.259953725481448572e-01 1.034365043240782905e-01 6.661356395084205850e-01 2.109695038689121394e-01 1.945835229858898507e-02 0.000000000000000000e+00
3.175000000000000000e+04 1.269953358223365747e-01 1.041192535275375503e-01 6.642011834319526686e-01 2.118798361401911801e-01 1.979972690031861493e-02 0.000000000000000000e+00
3.200000000000000000e+04 1.279952990965282922e-01 1.061675011379153433e-01 6.638598088302229971e-01 2.106281292671825234e-01 1.934456076467910846e-02 0.000000000000000000e+00
3.225000000000000000e+04 1.289952623707197876e-01 1.128812016385980915e-01 6.659080564406008040e-01 2.033454710969503920e-01 1.786527082385070547e-02 0.000000000000000000e+00
3.250000000000000000e+04 1.299952256449115051e-01 1.156121984524351443e-01 6.623805188893946427e-01 2.016385980883022289e-01 2.036868456986800149e-02 0.000000000000000000e+00
3.275000000000000000e+04 1.309951889191030006e-01 1.131087847064178448e-01 6.562357760582612221e-01 2.093764223941738667e-01 2.127901684114701791e-02 0.000000000000000000e+00
3.300000000000000000e+04 1.319951521932947180e-01 1.172052799271734169e-01 6.572598998634501255e-01 2.057350933090578149e-01 1.979972690031861493e-02 0.000000000000000000e+00
3.325000000000000000e+04 1.329951154674864355e-01 1.154984069185252676e-01 6.601046882111970548e-01 2.010696404187528319e-01 2.332726445152480746e-02 0.000000000000000000e+00
3.350000000000000000e+04 1.339950787416779310e-01 1.185707783340919502e-01 6.564633591260810030e-01 2.018661811561219821e-01 2.309968138370505075e-02 0.000000000000000000e+00
3.375000000000000000e+04 1.349950420158696485e-01 1.180018206645425533e-01 6.671597633136094885e-01 1.918525261720528119e-01 2.298588984979517413e-02 0.000000000000000000e+00
3.400000000000000000e+04 1.359950052900611439e-01 1.141329085116067343e-01 6.700045516613564178e-01 1.928766499772416876e-01 2.298588984979517413e-02 0.000000000000000000e+00
3.425000000000000000e+04 1.369949685642528614e-01 1.180018206645425533e-01 6.703459262630859783e-01 1.940145653163404538e-01 1.763768775603095224e-02 0.000000000000000000e+00
3.450000000000000000e+04 1.379949318384443568e-01 1.189121529358215801e-01 6.721665908056441152e-01 1.929904415111515781e-01 1.593081474738279601e-02 0.000000000000000000e+00
3.475000000000000000e+04 1.389948951126360743e-01 1.258534365043240677e-01 6.611288120163859583e-01 1.903732362312244020e-01 2.264451524806554428e-02 0.000000000000000000e+00
3.500000000000000000e+04 1.399948583868277918e-01 1.244879380974055483e-01 6.647701411015020101e-01 1.885525716886663761e-01 2.218934911242603433e-02 0.000000000000000000e+00
3.525000000000000000e+04 1.409948216610192873e-01 1.240327719617660418e-01 6.692080109239872954e-01 1.883249886208466228e-01 1.843422849340009204e-02 0.000000000000000000e+00
3.550000000000000000e+04 1.419947849352110048e-01 1.007055075102412378e-01 6.898042785616750328e-01 1.929904415111515781e-01 1.649977241693217911e-02 0.000000000000000000e+00
3.575000000000000000e+04 1.429947482094025002e-01 9.865725989986344480e-02 6.894629039599453613e-01 1.949248975876194945e-01 1.695493855257168905e-02 0.000000000000000000e+00
3.600000000000000000e+04 1.439947114835942177e-01 9.990896677287210148e-02 6.900318616294948137e-01 1.953800637232590010e-01 1.467910787437414627e-02 0.000000000000000000e+00
3.625000000000000000e+04 1.449946747577859352e-01 1.012744651797906209e-01 6.853664087391898585e-01 1.953800637232590010e-01 1.797906235776058209e-02 0.000000000000000000e+00
3.650000000000000000e+04 1.459946380319774306e-01 1.043468365953573035e-01 6.845698680018206250e-01 1.944697314519799602e-01 1.661356395084205573e-02 0.000000000000000000e+00
3.675000000000000000e+04 1.469946013061691481e-01 1.044606281292671801e-01 6.874146563495675544e-01 1.932180245789713313e-01 1.490669094219390124e-02 0.000000000000000000e+00
3.700000000000000000e+04 1.479945645803606435e-01 1.057123350022758368e-01 6.833181611288120516e-01 1.954938552571688637e-01 1.547564861174328607e-02 0.000000000000000000e+00
3.725000000000000000e+04 1.489945278545523610e-01 1.083295402822029990e-01 6.811561219845243542e-01 1.939007737824305910e-01 1.661356395084205573e-02 0.000000000000000000e+00
3.750000000000000000e+04 1.499944911287440785e-01 1.107191624943104219e-01 6.794492489758762188e-01 1.943559399180700975e-01 1.547564861174328607e-02 0.000000000000000000e+00
3.775000000000000000e+04 1.509944544029355740e-01 1.054847519344560697e-01 6.829767865270823801e-01 1.948111060537096040e-01 1.672735548475193582e-02 0.000000000000000000e+00
3.800000000000000000e+04 1.519944176771272915e-01 1.090122894856622726e-01 6.805871643149750128e-01 1.923076923076923184e-01 1.809285389167045871e-02 0.000000000000000000e+00
3.825000000000000000e+04 1.529943809513187869e-01 1.186845698680018268e-01 6.742148384160218111e-01 1.884387801547564856e-01 1.866181156121984527e-02 0.000000000000000000e+00
3.850000000000000000e+04 1.539943442255105044e-01 1.161811561219845274e-01 6.738734638142922506e-01 1.909421939007737712e-01 1.900318616294947513e-02 0.000000000000000000e+00
3.875000000000000000e+04 1.549943074997019998e-01 1.255120619025944517e-01 6.676149294492489394e-01 1.866181156121984597e-01 2.025489303595812488e-02 0.000000000000000000e+00
3.900000000000000000e+04 1.559942707738937173e-01 1.259672280382339582e-01 6.615839781520255203e-01 1.904870277651342647e-01 2.196176604460628110e-02 0.000000000000000000e+00
3.925000000000000000e+04 1.569942340480854348e-01 1.289258079198907503e-01 6.646563495675921196e-01 1.869594902139280757e-01 1.945835229858898507e-02 0.000000000000000000e+00
3.950000000000000000e+04 1.579941973222769303e-01 1.345015930814747462e-01 6.553254437869822091e-01 1.906008192990441552e-01 1.957214383249886169e-02 0.000000000000000000e+00
3.975000000000000000e+04 1.589941605964686477e-01 1.322257624032771861e-01 6.628356850250340937e-01 1.876422394173873354e-01 1.729631315430131891e-02 0.000000000000000000e+00
4.000000000000000000e+04 1.599941238706601432e-01 1.357532999544833752e-01 6.594219390077378229e-01 1.892353208921256358e-01 1.558944014565316269e-02 0.000000000000000000e+00
4.025000000000000000e+04 1.609940871448518607e-01 1.385980883022303045e-01 6.549840691852526486e-01 1.886663632225762388e-01 1.775147928994082885e-02 0.000000000000000000e+00
4.050000000000000000e+04 1.619940504190435782e-01 1.431497496586253970e-01 6.475876194811106545e-01 1.898042785616750050e-01 1.945835229858898507e-02 0.000000000000000000e+00
4.075000000000000000e+04 1.629940136932350736e-01 1.457669549385525731e-01 6.474738279472007640e-01 1.890077378243058825e-01 1.775147928994082885e-02 0.000000000000000000e+00
4.100000000000000000e+04 1.639939769674267911e-01 1.519116977696859383e-01 6.371187983614019501e-01 1.903732362312244020e-01 2.059626763768775473e-02 0.000000000000000000e+00
4.125000000000000000e+04 1.649939402416182865e-01 1.538461538461538547e-01 6.389394629039599760e-01 1.850250341374601593e-01 2.218934911242603433e-02 0.000000000000000000e+00
4.150000000000000000e+04 1.659939035158100040e-01 1.545289030496131144e-01 6.355257168866635942e-01 1.861629494765589532e-01 2.378243058716431393e-02 0.000000000000000000e+00
4.175000000000000000e+04 1.669938667900017215e-01 1.735320892125625791e-01 6.103777878925807920e-01 1.846836595357305433e-01 3.140646335912607862e-02 0.000000000000000000e+00
4.200000000000000000e+04 1.679938300641932170e-01 1.885525716886663761e-01 5.895539371870732737e-01 1.901456531634046487e-01 3.174783796085571541e-02 0.000000000000000000e+00
4.225000000000000000e+04 1.689937933383849344e-01 1.879836140191169791e-01 5.881884387801548097e-01 1.974283113336367801e-01 2.639963586709149004e-02 0.000000000000000000e+00
4.250000000000000000e+04 1.699937566125764299e-01 1.846836595357305433e-01 5.930814747382794350e-01 1.990213928083750528e-01 2.321347291761493084e-02 0.000000000000000000e+00
4.275000000000000000e+04 1.709937198867681474e-01 1.890077378243058825e-01 5.818161128812016081e-01 2.085798816568047442e-01 2.059626763768775473e-02 0.000000000000000000e+00
4.300000000000000000e+04 1.719936831609598649e-01 2.009558488848429691e-01 5.507510241238051663e-01 2.239417387346381294e-01 2.435138825671370050e-02 0.000000000000000000e+00
4.325000000000000000e+04 1.729936464351513603e-01 1.966317705962676299e-01 5.446062812926718566e-01 2.415794264906691025e-01 1.718252162039144229e-02 0.000000000000000000e+00
4.350000000000000000e+04 1.739936097093430778e-01 1.842284934000910368e-01 5.687300864815657553e-01 2.317933545744196577e-01 1.524806554392353283e-02 0.000000000000000000e+00
4.375000000000000000e+04 1.749935729835345732e-01 1.660218479745106945e-01 5.953573054164770229e-01 2.217796995903504875e-01 1.684114701866181243e-02 0.000000000000000000e+00
4.400000000000000000e+04 1.759935362577262907e-01 1.696631770596267741e-01 6.052571688666362748e-01 2.133591260810195622e-01 1.172052799271734204e-02 0.000000000000000000e+00
4.425000000000000000e+04 1.769934995319177862e-01 1.577150659990896597e-01 6.267637687756031362e-01 2.022075557578516258e-01 1.331360946745562164e-02 0.000000000000000000e+00
4.450000000000000000e+04 1.779934628061095037e-01 1.525944469731451980e-01 6.417842512517069054e-01 1.920801092398725651e-01 1.354119253527537488e-02 0.000000000000000000e+00
4.475000000000000000e+04 1.789934260803012211e-01 1.474738279472007363e-01 6.515703231679562668e-01 1.912835685025034149e-01 9.672280382339554228e-03 0.000000000000000000e+00
4.500000000000000000e+04 1.799933893544927166e-01 1.379153390987710448e-01 6.590805644060081514e-01 1.896904870277651423e-01 1.331360946745562164e-02 0.000000000000000000e+00
4.525000000000000000e+04 1.809933526286844341e-01 1.390532544378698110e-01 6.590805644060081514e-01 1.893491124260354985e-01 1.251706873008648184e-02 0.000000000000000000e+00
4.550000000000000000e+04 1.819933159028759295e-01 1.288120163859808875e-01 6.681838871187983919e-01 1.931042330450614408e-01 9.899863450159307465e-03 0.000000000000000000e+00
4.575000000000000000e+04 1.829932791770676470e-01 1.288120163859808875e-01 6.677287209831588299e-01 1.934456076467910846e-01 1.001365498406918582e-02 0.000000000000000000e+00
4.600000000000000000e+04 1.839932424512593645e-01 1.393946290395994547e-01 6.594219390077378229e-01 1.892353208921256358e-01 1.194811106053709528e-02 0.000000000000000000e+00
4.625000000000000000e+04 1.849932057254508599e-01 1.285844333181611343e-01 6.647701411015020101e-01 1.957214383249886169e-01 1.092398725534820224e-02 0.000000000000000000e+00
4.650000000000000000e+04 1.859931689996425774e-01 1.390532544378698110e-01 6.554392353208920996e-01 1.944697314519799602e-01 1.103777878925807886e-02 0.000000000000000000e+00
4.675000000000000000e+04 1.869931322738340729e-01 1.357532999544833752e-01 6.606736458807465073e-01 1.926490669094219343e-01 1.092398725534820224e-02 0.000000000000000000e+00
4.700000000000000000e+04 1.879930955480257904e-01 1.350705507510241155e-01 6.601046882111970548e-01 1.917387346381429214e-01 1.308602639963586667e-02 0.000000000000000000e+00
4.725000000000000000e+04 1.889930588222175079e-01 1.358670914883932657e-01 6.601046882111970548e-01 1.939007737824305910e-01 1.012744651797906244e-02 0.000000000000000000e+00
4.750000000000000000e+04 1.899930220964090033e-01 1.387118798361401950e-01 6.546426945835229771e-01 1.940145653163404538e-01 1.263086026399635846e-02 0.000000000000000000e+00
4.775000000000000000e+04 1.909929853706007208e-01 1.350705507510241155e-01 6.578288575329995780e-01 1.952662721893491105e-01 1.183431952662721866e-02 0.000000000000000000e+00
4.800000000000000000e+04 1.919929486447922162e-01 1.330223031406463363e-01 6.578288575329995780e-01 1.951524806554392477e-01 1.399635867091488309e-02 0.000000000000000000e+00
4.825000000000000000e+04 1.929929119189839337e-01 1.370050068274920319e-01 6.573736913973600160e-01 1.949248975876194945e-01 1.069640418752844727e-02 0.000000000000000000e+00
4.850000000000000000e+04 1.939928751931756512e-01 1.379153390987710448e-01 6.552116522530723186e-01 1.934456076467910846e-01 1.342740100136549826e-02 0.000000000000000000e+00
4.875000000000000000e+04 1.949928384673671466e-01 1.389394629039599482e-01 6.544151115157031962e-01 1.949248975876194945e-01 1.172052799271734204e-02 0.000000000000000000e+00
4.900000000000000000e+04 1.959928017415588641e-01 1.430359581247155343e-01 6.504324078288575839e-01 1.948111060537096040e-01 1.172052799271734204e-02 0.000000000000000000e+00
4.925000000000000000e+04 1.969927650157503596e-01 1.345015930814747462e-01 6.555530268548019901e-01 1.989076012744651900e-01 1.103777878925807886e-02 0.000000000000000000e+00
4.950000000000000000e+04 1.979927282899420771e-01 1.472462448793809831e-01 6.462221210741920796e-01 1.928766499772416876e-01 1.365498406918525323e-02 0.000000000000000000e+00
4.975000000000000000e+04 1.989926915641335725e-01 1.401911697769686049e-01 6.516841147018661573e-01 1.958352298588985074e-01 1.228948566226672687e-02 0.000000000000000000e+00
5.000000000000000000e+04 1.999926548383252900e-01 1.471324533454710926e-01 6.472462448793809831e-01 1.923076923076923184e-01 1.331360946745562164e-02 0.000000000000000000e+00
5.025000000000000000e+04 2.009926181125170075e-01 1.547564861174328676e-01 6.374601729631315106e-01 1.977696859353663961e-01 1.001365498406918582e-02 0.000000000000000000e+00
5.050000000000000000e+04 2.019925813867085029e-01 1.670459717796995980e-01 6.151570323167956378e-01 2.025489303595812418e-01 1.524806554392353283e-02 0.000000000000000000e+00
5.075000000000000000e+04 2.029925446609002204e-01 1.562357760582612776e-01 6.282430587164314906e-01 2.036868456986800080e-01 1.183431952662721866e-02 0.000000000000000000e+00
5.100000000000000000e+04 2.039925079350917159e-01 1.579426490669094130e-01 6.269913518434228061e-01 1.997041420118343125e-01 1.536185707783340945e-02 0.000000000000000000e+00
5.125000000000000000e+04 2.049924712092834334e-01 1.636322257624032717e-01 6.218707328174783999e-01 2.012972234865725851e-01 1.319981793354574502e-02 0.000000000000000000e+00
5.150000000000000000e+04 2.059924344834751508e-01 1.589667728720983164e-01 6.232362312243968638e-01 2.034592626308602548e-01 1.433773327264451468e-02 0.000000000000000000e+00
5.175000000000000000e+04 2.069923977576666463e-01 1.693218024578971304e-01 6.166363222576239922e-01 2.022075557578516258e-01 1.183431952662721866e-02 0.000000000000000000e+00
5.200000000000000000e+04 2.079923610318583638e-01 1.652253072371415443e-01 6.099226217569412301e-01 2.092626308602640040e-01 1.558944014565316269e-02 0.000000000000000000e+00
5.225000000000000000e+04 2.089923243060498592e-01 1.593081474738279601e-01 6.170914883932635542e-01 2.114246700045516736e-01 1.217569412835685025e-02 0.000000000000000000e+00
5.250000000000000000e+04 2.099922875802415767e-01 1.634046426945835184e-01 6.168639053254437732e-01 2.080109239872553473e-01 1.172052799271734204e-02 0.000000000000000000e+00
5.275000000000000000e+04 2.109922508544332942e-01 1.734182976786527164e-01 6.055985434683659463e-01 2.073281747837960876e-01 1.365498406918525323e-02 0.000000000000000000e+00
5.300000000000000000e+04 2.119922141286247896e-01 1.696631770596267741e-01 6.085571233500227661e-01 2.090350477924442507e-01 1.274465179790623508e-02 0.000000000000000000e+00
5.325000000000000000e+04 2.129921774028165071e-01 1.804733727810650945e-01 5.984296768320437332e-01 2.099453800637232637e-01 1.115157032316795548e-02 0.000000000000000000e+00
5.350000000000000000e+04 2.139921406770080026e-01 1.890077378243058825e-01 5.912608101957214091e-01 2.066454255803368278e-01 1.308602639963586667e-02 0.000000000000000000e+00
5.375000000000000000e+04 2.149921039511997201e-01 1.908284023668639084e-01 5.818161128812016081e-01 2.127901684114701930e-01 1.456531634046426965e-02 0.000000000000000000e+00
5.400000000000000000e+04 2.159920672253914375e-01 1.936731907146108378e-01 5.828402366863905115e-01 2.083522985889849910e-01 1.513427401001365448e-02 0.000000000000000000e+00
5.425000000000000000e+04 2.169920304995829330e-01 1.949248975876194945e-01 5.776058261265362148e-01 2.118798361401911801e-01 1.558944014565316269e-02 0.000000000000000000e+00
5.450000000000000000e+04 2.179919937737746505e-01 1.895766954938552518e-01 5.803368229403732537e-01 2.134729176149294527e-01 1.661356395084205573e-02 0.000000000000000000e+00
5.475000000000000000e+04 2.189919570479661459e-01 2.060764679107874309e-01 5.636094674556213491e-01 2.119936276741010428e-01 1.832043695949021542e-02 0.000000000000000000e+00
5.500000000000000000e+04 2.199919203221578634e-01 2.071005917159763343e-01 5.700955848884843302e-01 2.084660901228948537e-01 1.433773327264451468e-02 0.000000000000000000e+00
5.525000000000000000e+04 2.209918835963493589e-01 2.105143377332726329e-01 5.642922166590805810e-01 2.083522985889849910e-01 1.684114701866181243e-02 0.000000000000000000e+00
5.550000000000000000e+04 2.219918468705410763e-01 2.036868456986800080e-01 5.671370050068275104e-01 2.099453800637232637e-01 1.923076923076923184e-02 0.000000000000000000e+00
5.575000000000000000e+04 2.229918101447327938e-01 2.137005006827492060e-01 5.625853436504324456e-01 2.096040054619936199e-01 1.411015020482476144e-02 0.000000000000000000e+00
5.600000000000000000e+04 2.239917734189242893e-01 2.298588984979517413e-01 5.413063268092853653e-01 2.114246700045516736e-01 1.741010468821119553e-02 0.000000000000000000e+00
5.625000000000000000e+04 2.249917366931160068e-01 2.141556668183887124e-01 5.502958579881657153e-01 2.175694128356850388e-01 1.797906235776058209e-02 0.000000000000000000e+00
5.650000000000000000e+04 2.259916999673075022e-01 2.141556668183887124e-01 5.537096040054619861e-01 2.146108329540282189e-01 1.752389622212107562e-02 0.000000000000000000e+00
5.675000000000000000e+04 2.269916632414992197e-01 2.281520254893036059e-01 5.391442876649977789e-01 2.158625398270368756e-01 1.684114701866181243e-02 0.000000000000000000e+00
