# itime ezz other fcc hcp bcc ico
0.000000000000000000e+00 0.000000000000000000e+00 6.827492034592626399e-04 9.993172507965407680e-01 0.000000000000000000e+00 0.000000000000000000e+00 0.000000000000000000e+00
3.000000000000000000e+01 1.200001964940944355e-02 1.365498406918525280e-03 9.986345015930814251e-01 0.000000000000000000e+00 0.000000000000000000e+00 0.000000000000000000e+00
6.000000000000000000e+01 2.400003929881888709e-02 1.479289940828402332e-03 9.985207100591716456e-01 0.000000000000000000e+00 0.000000000000000000e+00 0.000000000000000000e+00
9.000000000000000000e+01 3.600005894822833064e-02 2.844788347746927612e-03 9.970414201183431802e-01 0.000000000000000000e+00 1.137915339098771066e-04 0.000000000000000000e+00
1.200000000000000000e+02 4.800007859763777418e-02 8.192990441511151245e-03 9.918070095584888834e-01 0.000000000000000000e+00 0.000000000000000000e+00 0.000000000000000000e+00
1.500000000000000000e+02 6.000009824704721773e-02 1.649977241693217911e-02 9.830450614474283144e-01 0.000000000000000000e+00 4.551661356395084266e-04 0.000000000000000000e+00
1.800000000000000000e+02 7.200011789645666127e-02 3.459262630860263782e-02 9.642694583522986029e-01 0.000000000000000000e+00 1.137915339098770958e-03 0.000000000000000000e+00
2.100000000000000000e+02 8.400013754586610482e-02 6.895766954938552240e-02 9.291078743741465473e-01 0.000000000000000000e+00 1.934456076467910759e-03 0.000000000000000000e+00
2.400000000000000000e+02 9.600015719527577041e-02 1.197086936731907164e-01 8.746017296313154388e-01 0.000000000000000000e+00 5.689576695493855224e-03 0.000000000000000000e+00
2.700000000000000000e+02 1.080001768446852140e-01 2.206417842512516936e-01 7.628584433318160718e-01 0.000000000000000000e+00 1.649977241693217911e-02 0.000000000000000000e+00
3.000000000000000000e+02 1.200001964940946575e-01 3.658397815202548697e-01 5.972917614929449392e-01 6.827492034592626399e-04 3.618570778334091742e-02 0.000000000000000000e+00
3.300000000000000000e+02 1.320002161435041010e-01 5.164997724169322346e-01 4.167045971779699820e-01 2.730996813837050560e-03 6.406463359126081392e-02 0.000000000000000000e+00
3.600000000000000000e+02 1.440002357929135446e-01 6.401911697769685494e-01 2.490896677287209870e-01 5.575785161583977738e-03 1.051433773327264398e-01 0.000000000000000000e+00
3.900000000000000000e+02 1.560002554423229881e-01 7.259899863450158808e-01 1.324533454710969393e-01 1.172052799271734204e-02 1.298361401911697632e-01 0.000000000000000000e+00
4.200000000000000000e+02 1.680002750917324317e-01 7.759444697314519246e-01 7.100591715976331542e-02 1.763768775603095224e-02 1.354119253527537592e-01 0.000000000000000000e+00
4.500000000000000000e+02 1.800002947411418752e-01 8.137232589895311285e-01 4.483386436049158208e-02 2.571688666363222686e-02 1.157259899863450209e-01 0.000000000000000000e+00
4.800000000000000000e+02 1.920003143905513188e-01 8.451297223486572419e-01 2.913063268092853930e-02 2.651342740100136666e-02 9.922621756941284177e-02 0.000000000000000000e+00
5.100000000000000000e+02 2.040003340399607623e-01 8.636777423759672834e-01 2.651342740100136666e-02 3.004096495220755572e-02 7.976786527082385669e-02 0.000000000000000000e+00
5.400000000000000000e+02 2.160003536893702059e-01 8.870050068274920596e-01 2.048247610377787811e-02 2.958579881656804578e-02 6.292671825216203385e-02 0.000000000000000000e+00
5.700000000000000000e+02 2.280003733387796494e-01 9.039599453800637452e-01 1.854802002730996865e-02 2.992717341829767910e-02 4.756486117432862787e-02 0.000000000000000000e+00
6.000000000000000000e+02 2.400003929881890929e-01 9.135184342284934367e-01 2.059626763768775473e-02 2.867546654528902936e-02 3.720983158852981393e-02 0.000000000000000000e+00
6.300000000000000000e+02 2.520004126375985365e-01 9.198907601274465273e-01 1.911697769685935522e-02 2.833409194355939950e-02 3.254437869822485174e-02 1.137915339098771066e-04
6.600000000000000000e+02 2.640004322870082021e-01 9.337733272644515026e-01 1.866181156121984527e-02 2.571688666363222686e-02 2.173418297678652786e-02 1.137915339098771066e-04
6.900000000000000000e+02 2.760004519364176456e-01 9.393491124260354708e-01 1.558944014565316269e-02 2.401001365498407064e-02 2.093764223941738806e-02 1.137915339098771066e-04
7.200000000000000000e+02 2.880004715858270892e-01 9.452662721893491105e-01 1.319981793354574502e-02 2.253072371415566766e-02 1.900318616294947513e-02 0.000000000000000000e+00
7.500000000000000000e+02 3.000004912352365327e-01 9.524351388256713236e-01 1.194811106053709528e-02 1.866181156121984527e-02 1.672735548475193582e-02 2.275830678197542133e-04
7.800000000000000000e+02 3.120005108846459763e-01 9.580109239872554028e-01 1.092398725534820224e-02 1.649977241693217911e-02 1.445152480655439303e-02 1.137915339098771066e-04
8.100000000000000000e+02 3.240005305340554198e-01 9.597177969959035382e-01 1.058261265361857065e-02 1.684114701866181243e-02 1.285844333181611343e-02 0.000000000000000000e+00
8.400000000000000000e+02 3.360005501834648634e-01 9.614246700045516736e-01 1.103777878925807886e-02 1.684114701866181243e-02 1.058261265361857065e-02 1.137915339098771066e-04
8.700000000000000000e+02 3.480005698328743069e-01 9.684797451069639962e-01 8.192990441511151245e-03 1.502048247610377786e-02 8.192990441511151245e-03 1.137915339098771066e-04
9.000000000000000000e+02 3.600005894822837504e-01 9.692762858443332297e-01 9.103322712790167665e-03 1.388256713700500647e-02 7.510241238051888930e-03 2.275830678197542133e-04
9.300000000000000000e+02 3.720006091316931940e-01 9.723486572598998290e-01 7.965407373691398007e-03 1.183431952662721866e-02 7.624032771961766417e-03 2.275830678197542133e-04
9.600000000000000000e+02 3.840006287811026375e-01 9.764451524806554428e-01 6.713700500682749130e-03 1.126536185707783383e-02 5.348202093764223633e-03 2.275830678197542133e-04
9.900000000000000000e+02 3.960006484305120811e-01 9.797451069640418231e-01 6.258534365043240920e-03 9.444697314519799256e-03 4.437869822485207214e-03 1.137915339098771066e-04
1.020000000000000000e+03 4.080006680799217467e-01 9.808830223031406170e-01 5.006827492034592909e-03 1.126536185707783383e-02 2.617205279927173507e-03 2.275830678197542133e-04
1.050000000000000000e+03 4.200006877293309682e-01 9.820209376422394110e-01 4.779244424214838804e-03 9.899863450159307465e-03 3.299954483386436255e-03 0.000000000000000000e+00
1.080000000000000000e+03 4.320007073787404117e-01 9.822485207100591920e-01 4.210286754665453109e-03 9.217114246700046018e-03 3.868912152935821518e-03 4.551661356395084266e-04
1.110000000000000000e+03 4.440007270281500773e-01 9.847519344560764498e-01 4.096495220755575623e-03 8.306781975421027864e-03 2.730996813837050560e-03 1.137915339098771066e-04
1.140000000000000000e+03 4.560007466775595208e-01 9.852071005917160118e-01 4.324078288575329727e-03 7.851615839781519654e-03 1.820664542558033706e-03 7.965407373691396923e-04
1.170000000000000000e+03 4.680007663269689644e-01 9.882794720072826111e-01 2.389622212107419402e-03 7.055075102412380721e-03 2.048247610377787811e-03 2.275830678197542133e-04
1.200000000000000000e+03 4.800007859763781859e-01 9.891898042785616241e-01 3.072371415566681717e-03 6.030951297223486815e-03 1.365498406918525280e-03 3.413746017296313199e-04
1.230000000000000000e+03 4.920008056257878515e-01 9.863450159308146947e-01 4.324078288575329727e-03 7.396449704142011444e-03 1.479289940828402332e-03 4.551661356395084266e-04
1.260000000000000000e+03 5.040008252751975171e-01 9.871415566681839282e-01 3.982703686845699004e-03 6.144742831133363434e-03 2.048247610377787811e-03 6.827492034592626399e-04
1.290000000000000000e+03 5.160008449246067386e-01 9.880518889394629412e-01 3.755120619025944465e-03 5.803368229403732710e-03 2.048247610377787811e-03 3.413746017296313199e-04
1.320000000000000000e+03 5.280008645740159601e-01 9.895311788802912956e-01 2.730996813837050560e-03 5.461993627674101119e-03 1.934456076467910759e-03 3.413746017296313199e-04
1.350000000000000000e+03 5.400008842234256257e-01 9.912380518889394310e-01 3.186162949476558769e-03 3.641329085116067413e-03 1.593081474738279385e-03 3.413746017296313199e-04
1.380000000000000000e+03 5.520009038728352913e-01 9.937414656349567998e-01 2.162039144287664864e-03 3.072371415566681717e-03 6.827492034592626399e-04 3.413746017296313199e-04
1.410000000000000000e+03 5.640009235222445128e-01 9.914656349567592120e-01 2.503413746017296455e-03 4.096495220755575623e-03 1.365498406918525280e-03 5.689576695493854790e-04
1.440000000000000000e+03 5.760009431716539563e-01 9.924897587619481154e-01 1.934456076467910759e-03 4.551661356395083832e-03 5.689576695493854790e-04 4.551661356395084266e-04
1.470000000000000000e+03 5.880009628210633998e-01 9.931725079654073474e-01 2.389622212107419402e-03 3.527537551206190360e-03 4.551661356395084266e-04 4.551661356395084266e-04
1.500000000000000000e+03 6.000009824704730654e-01 9.929449248975875664e-01 1.820664542558033706e-03 3.982703686845699004e-03 6.827492034592626399e-04 5.689576695493854790e-04
1.530000000000000000e+03 6.120010021198825090e-01 9.947655894401457033e-01 1.137915339098770958e-03 2.958579881656804664e-03 9.103322712790168532e-04 2.275830678197542133e-04
1.560000000000000000e+03 6.240010217692917305e-01 9.938552571688666903e-01 1.934456076467910759e-03 2.844788347746927612e-03 1.024123805188893906e-03 3.413746017296313199e-04
1.590000000000000000e+03 6.360010414187013961e-01 9.948793809740554828e-01 1.365498406918525280e-03 2.844788347746927612e-03 6.827492034592626399e-04 2.275830678197542133e-04
1.620000000000000000e+03 6.480010610681110617e-01 9.955621301775148257e-01 1.251706873008648227e-03 2.275830678197541916e-03 3.413746017296313199e-04 5.689576695493854790e-04
1.650000000000000000e+03 6.600010807175202832e-01 9.943104233045061413e-01 1.820664542558033706e-03 2.503413746017296455e-03 7.965407373691396923e-04 5.689576695493854790e-04
1.680000000000000000e+03 6.720011003669295047e-01 9.937414656349567998e-01 2.048247610377787811e-03 3.299954483386436255e-03 1.137915339098771066e-04 7.965407373691396923e-04
1.710000000000000000e+03 6.840011200163391702e-01 9.953345471096950448e-01 1.706873008648156654e-03 2.048247610377787811e-03 3.413746017296313199e-04 5.689576695493854790e-04
1.740000000000000000e+03 6.960011396657488358e-01 9.963586709148839482e-01 1.365498406918525280e-03 1.593081474738279385e-03 4.551661356395084266e-04 2.275830678197542133e-04
1.770000000000000000e+03 7.080011593151580573e-01 9.939690487027764698e-01 2.048247610377787811e-03 1.820664542558033706e-03 6.827492034592626399e-04 1.479289940828402332e-03
1.800000000000000000e+03 7.200011789645675009e-01 9.953345471096950448e-01 1.820664542558033706e-03 1.479289940828402332e-03 5.689576695493854790e-04 7.965407373691396923e-04
1.830000000000000000e+03 7.320011986139769444e-01 9.955621301775148257e-01 1.479289940828402332e-03 1.820664542558033706e-03 0.000000000000000000e+00 1.137915339098770958e-03
1.860000000000000000e+03 7.440012182633866100e-01 9.954483386436049352e-01 1.706873008648156654e-03 1.479289940828402332e-03 7.965407373691396923e-04 5.689576695493854790e-04
1.890000000000000000e+03 7.560012379127958315e-01 9.960172963131542767e-01 1.251706873008648227e-03 1.251706873008648227e-03 3.413746017296313199e-04 1.137915339098770958e-03
1.920000000000000000e+03 7.680012575622052751e-01 9.953345471096950448e-01 1.251706873008648227e-03 1.820664542558033706e-03 5.689576695493854790e-04 1.024123805188893906e-03
1.950000000000000000e+03 7.800012772116149407e-01 9.956759217114247162e-01 1.479289940828402332e-03 1.479289940828402332e-03 6.827492034592626399e-04 6.827492034592626399e-04
1.980000000000000000e+03 7.920012968610243842e-01 9.971552116522530707e-01 1.024123805188893906e-03 1.024123805188893906e-03 1.137915339098771066e-04 6.827492034592626399e-04
2.010000000000000000e+03 8.040013165104338277e-01 9.960172963131542767e-01 1.024123805188893906e-03 1.820664542558033706e-03 3.413746017296313199e-04 7.965407373691396923e-04
2.040000000000000000e+03 8.160013361598430492e-01 9.965862539827037292e-01 1.024123805188893906e-03 1.479289940828402332e-03 3.413746017296313199e-04 5.689576695493854790e-04
2.070000000000000000e+03 8.280013558092527148e-01 9.965862539827037292e-01 7.965407373691396923e-04 1.593081474738279385e-03 2.275830678197542133e-04 7.965407373691396923e-04
2.100000000000000000e+03 8.400013754586623804e-01 9.956759217114247162e-01 1.137915339098770958e-03 2.048247610377787811e-03 3.413746017296313199e-04 7.965407373691396923e-04
2.130000000000000000e+03 8.520013951080716019e-01 9.961310878470641672e-01 9.103322712790168532e-04 1.706873008648156654e-03 3.413746017296313199e-04 9.103322712790168532e-04
2.160000000000000000e+03 8.640014147574808234e-01 9.960172963131542767e-01 5.689576695493854790e-04 1.593081474738279385e-03 5.689576695493854790e-04 1.251706873008648227e-03
2.190000000000000000e+03 8.760014344068904890e-01 9.962448793809740577e-01 4.551661356395084266e-04 1.365498406918525280e-03 3.413746017296313199e-04 1.593081474738279385e-03
2.220000000000000000e+03 8.880014540563001546e-01 9.962448793809740577e-01 3.413746017296313199e-04 1.820664542558033706e-03 4.551661356395084266e-04 1.137915339098770958e-03
2.250000000000000000e+03 9.000014737057093761e-01 9.962448793809740577e-01 3.413746017296313199e-04 2.048247610377787811e-03 5.689576695493854790e-04 7.965407373691396923e-04
2.280000000000000000e+03 9.120014933551188197e-01 9.961310878470641672e-01 3.413746017296313199e-04 1.024123805188893906e-03 6.827492034592626399e-04 1.820664542558033706e-03
2.310000000000000000e+03 9.240015130045282632e-01 9.957897132453344957e-01 3.413746017296313199e-04 1.706873008648156654e-03 3.413746017296313199e-04 1.820664542558033706e-03
2.340000000000000000e+03 9.360015326539379288e-01 9.963586709148839482e-01 2.275830678197542133e-04 1.479289940828402332e-03 5.689576695493854790e-04 1.365498406918525280e-03
2.370000000000000000e+03 9.480015523033473723e-01 9.967000455166135087e-01 3.413746017296313199e-04 1.251706873008648227e-03 1.137915339098771066e-04 1.593081474738279385e-03
2.400000000000000000e+03 9.600015719527565938e-01 9.967000455166135087e-01 3.413746017296313199e-04 1.365498406918525280e-03 3.413746017296313199e-04 1.251706873008648227e-03
2.430000000000000000e+03 9.720015916021662594e-01 9.973827947200728516e-01 3.413746017296313199e-04 9.103322712790168532e-04 2.275830678197542133e-04 1.137915339098770958e-03
2.460000000000000000e+03 9.840016112515759250e-01 9.980655439235320836e-01 3.413746017296313199e-04 4.551661356395084266e-04 3.413746017296313199e-04 7.965407373691396923e-04
2.490000000000000000e+03 9.960016309009851465e-01 9.982931269913518646e-01 2.275830678197542133e-04 3.413746017296313199e-04 1.137915339098771066e-04 1.024123805188893906e-03
