# itime ezz other fcc hcp bcc ico
0.000000000000000000e+00 0.000000000000000000e+00 0.000000000000000000e+00 1.000000000000000000e+00 0.000000000000000000e+00 0.000000000000000000e+00 0.000000000000000000e+00
2.500000000000000000e+02 9.999959179858297631e-04 0.000000000000000000e+00 1.000000000000000000e+00 0.000000000000000000e+00 0.000000000000000000e+00 0.000000000000000000e+00
5.000000000000000000e+02 1.999991835971437482e-03 0.000000000000000000e+00 1.000000000000000000e+00 0.000000000000000000e+00 0.000000000000000000e+00 0.000000000000000000e+00
7.500000000000000000e+02 2.999987753957267245e-03 0.000000000000000000e+00 1.000000000000000000e+00 0.000000000000000000e+00 0.000000000000000000e+00 0.000000000000000000e+00
1.000000000000000000e+03 3.999983671942874963e-03 0.000000000000000000e+00 1.000000000000000000e+00 0.000000000000000000e+00 0.000000000000000000e+00 0.000000000000000000e+00
1.250000000000000000e+03 4.999979589928704726e-03 0.000000000000000000e+00 1.000000000000000000e+00 0.000000000000000000e+00 0.000000000000000000e+00 0.000000000000000000e+00
1.500000000000000000e+03 5.999975507914534489e-03 0.000000000000000000e+00 1.000000000000000000e+00 0.000000000000000000e+00 0.000000000000000000e+00 0.000000000000000000e+00
1.750000000000000000e+03 6.999971425900142208e-03 0.000000000000000000e+00 1.000000000000000000e+00 0.000000000000000000e+00 0.000000000000000000e+00 0.000000000000000000e+00
2.000000000000000000e+03 7.999967343885971971e-03 0.000000000000000000e+00 1.000000000000000000e+00 0.000000000000000000e+00 0.000000000000000000e+00 0.000000000000000000e+00
2.250000000000000000e+03 8.999963261871801734e-03 0.000000000000000000e+00 1.000000000000000000e+00 0.000000000000000000e+00 0.000000000000000000e+00 0.000000000000000000e+00
2.500000000000000000e+03 9.999959179857409453e-03 0.000000000000000000e+00 1.000000000000000000e+00 0.000000000000000000e+00 0.000000000000000000e+00 0.000000000000000000e+00
2.750000000000000000e+03 1.099995509784323922e-02 0.000000000000000000e+00 1.000000000000000000e+00 0.000000000000000000e+00 0.000000000000000000e+00 0.000000000000000000e+00
3.000000000000000000e+03 1.199995101582884693e-02 0.000000000000000000e+00 1.000000000000000000e+00 0.000000000000000000e+00 0.000000000000000000e+00 0.000000000000000000e+00
3.250000000000000000e+03 1.299994693381467670e-02 0.000000000000000000e+00 1.000000000000000000e+00 0.000000000000000000e+00 0.000000000000000000e+00 0.000000000000000000e+00
3.500000000000000000e+03 1.399994285180050646e-02 0.000000000000000000e+00 1.000000000000000000e+00 0.000000000000000000e+00 0.000000000000000000e+00 0.000000000000000000e+00
3.750000000000000000e+03 1.499993876978611418e-02 0.000000000000000000e+00 1.000000000000000000e+00 0.000000000000000000e+00 0.000000000000000000e+00 0.000000000000000000e+00
4.000000000000000000e+03 1.599993468777194394e-02 0.000000000000000000e+00 1.000000000000000000e+00 0.000000000000000000e+00 0.000000000000000000e+00 0.000000000000000000e+00
4.250000000000000000e+03 1.699993060575777371e-02 0.000000000000000000e+00 1.000000000000000000e+00 0.000000000000000000e+00 0.000000000000000000e+00 0.000000000000000000e+00
4.500000000000000000e+03 1.799992652374338142e-02 0.000000000000000000e+00 1.000000000000000000e+00 0.000000000000000000e+00 0.000000000000000000e+00 0.000000000000000000e+00
4.750000000000000000e+03 1.899992244172921119e-02 0.000000000000000000e+00 1.000000000000000000e+00 0.000000000000000000e+00 0.000000000000000000e+00 0.000000000000000000e+00
5.000000000000000000e+03 1.999991835971481891e-02 0.000000000000000000e+00 1.000000000000000000e+00 0.000000000000000000e+00 0.000000000000000000e+00 0.000000000000000000e+00
5.250000000000000000e+03 2.099991427770064867e-02 0.000000000000000000e+00 1.000000000000000000e+00 0.000000000000000000e+00 0.000000000000000000e+00 0.000000000000000000e+00
5.500000000000000000e+03 2.199991019568647843e-02 0.000000000000000000e+00 1.000000000000000000e+00 0.000000000000000000e+00 0.000000000000000000e+00 0.000000000000000000e+00
5.750000000000000000e+03 2.299990611367208615e-02 0.000000000000000000e+00 1.000000000000000000e+00 0.000000000000000000e+00 0.000000000000000000e+00 0.000000000000000000e+00
6.000000000000000000e+03 2.399990203165791591e-02 0.000000000000000000e+00 1.000000000000000000e+00 0.000000000000000000e+00 0.000000000000000000e+00 0.000000000000000000e+00
6.250000000000000000e+03 2.499989794964352363e-02 0.000000000000000000e+00 1.000000000000000000e+00 0.000000000000000000e+00 0.000000000000000000e+00 0.000000000000000000e+00
6.500000000000000000e+03 2.599989386762935339e-02 0.000000000000000000e+00 1.000000000000000000e+00 0.000000000000000000e+00 0.000000000000000000e+00 0.000000000000000000e+00
6.750000000000000000e+03 2.699988978561518316e-02 0.000000000000000000e+00 1.000000000000000000e+00 0.000000000000000000e+00 0.000000000000000000e+00 0.000000000000000000e+00
7.000000000000000000e+03 2.799988570360079088e-02 0.000000000000000000e+00 1.000000000000000000e+00 0.000000000000000000e+00 0.000000000000000000e+00 0.000000000000000000e+00
7.250000000000000000e+03 2.899988162158662064e-02 0.000000000000000000e+00 1.000000000000000000e+00 0.000000000000000000e+00 0.000000000000000000e+00 0.000000000000000000e+00
7.500000000000000000e+03 2.999987753957245040e-02 0.000000000000000000e+00 1.000000000000000000e+00 0.000000000000000000e+00 0.000000000000000000e+00 0.000000000000000000e+00
7.750000000000000000e+03 3.099987345755805812e-02 0.000000000000000000e+00 1.000000000000000000e+00 0.000000000000000000e+00 0.000000000000000000e+00 0.000000000000000000e+00
8.000000000000000000e+03 3.199986937554388788e-02 0.000000000000000000e+00 1.000000000000000000e+00 0.000000000000000000e+00 0.000000000000000000e+00 0.000000000000000000e+00
8.250000000000000000e+03 3.299986529352949560e-02 0.000000000000000000e+00 1.000000000000000000e+00 0.000000000000000000e+00 0.000000000000000000e+00 0.000000000000000000e+00
8.500000000000000000e+03 3.399986121151532537e-02 0.000000000000000000e+00 1.000000000000000000e+00 0.000000000000000000e+00 0.000000000000000000e+00 0.000000000000000000e+00
8.750000000000000000e+03 3.499985712950115513e-02 0.000000000000000000e+00 1.000000000000000000e+00 0.000000000000000000e+00 0.000000000000000000e+00 0.000000000000000000e+00
9.000000000000000000e+03 3.599985304748676285e-02 0.000000000000000000e+00 1.000000000000000000e+00 0.000000000000000000e+00 0.000000000000000000e+00 0.000000000000000000e+00
9.250000000000000000e+03 3.699984896547259261e-02 0.000000000000000000e+00 1.000000000000000000e+00 0.000000000000000000e+00 0.000000000000000000e+00 0.000000000000000000e+00
9.500000000000000000e+03 3.799984488345820033e-02 0.000000000000000000e+00 1.000000000000000000e+00 0.000000000000000000e+00 0.000000000000000000e+00 0.000000000000000000e+00
9.750000000000000000e+03 3.899984080144403009e-02 0.000000000000000000e+00 1.000000000000000000e+00 0.000000000000000000e+00 0.000000000000000000e+00 0.000000000000000000e+00
1.000000000000000000e+04 3.999983671942985985e-02 0.000000000000000000e+00 1.000000000000000000e+00 0.000000000000000000e+00 0.000000000000000000e+00 0.000000000000000000e+00
1.025000000000000000e+04 4.099983263741546757e-02 3.413746017296313199e-04 9.996586253982703285e-01 0.000000000000000000e+00 0.000000000000000000e+00 0.000000000000000000e+00
1.050000000000000000e+04 4.199982855540129734e-02 0.000000000000000000e+00 1.000000000000000000e+00 0.000000000000000000e+00 0.000000000000000000e+00 0.000000000000000000e+00
1.075000000000000000e+04 4.299982447338712710e-02 0.000000000000000000e+00 1.000000000000000000e+00 0.000000000000000000e+00 0.000000000000000000e+00 0.000000000000000000e+00
1.100000000000000000e+04 4.399982039137273482e-02 0.000000000000000000e+00 1.000000000000000000e+00 0.000000000000000000e+00 0.000000000000000000e+00 0.000000000000000000e+00
1.125000000000000000e+04 4.499981630935856458e-02 0.000000000000000000e+00 1.000000000000000000e+00 0.000000000000000000e+00 0.000000000000000000e+00 0.000000000000000000e+00
1.150000000000000000e+04 4.599981222734417230e-02 0.000000000000000000e+00 1.000000000000000000e+00 0.000000000000000000e+00 0.000000000000000000e+00 0.000000000000000000e+00
1.175000000000000000e+04 4.699980814533000206e-02 0.000000000000000000e+00 1.000000000000000000e+00 0.000000000000000000e+00 0.000000000000000000e+00 0.000000000000000000e+00
1.200000000000000000e+04 4.799980406331583183e-02 0.000000000000000000e+00 1.000000000000000000e+00 0.000000000000000000e+00 0.000000000000000000e+00 0.000000000000000000e+00
1.225000000000000000e+04 4.899979998130143954e-02 0.000000000000000000e+00 1.000000000000000000e+00 0.000000000000000000e+00 0.000000000000000000e+00 0.000000000000000000e+00
1.250000000000000000e+04 4.999979589928726931e-02 0.000000000000000000e+00 1.000000000000000000e+00 0.000000000000000000e+00 0.000000000000000000e+00 0.000000000000000000e+00
1.275000000000000000e+04 5.099979181727309907e-02 0.000000000000000000e+00 1.000000000000000000e+00 0.000000000000000000e+00 0.000000000000000000e+00 0.000000000000000000e+00
1.300000000000000000e+04 5.199978773525870679e-02 0.000000000000000000e+00 1.000000000000000000e+00 0.000000000000000000e+00 0.000000000000000000e+00 0.000000000000000000e+00
1.325000000000000000e+04 5.299978365324453655e-02 0.000000000000000000e+00 1.000000000000000000e+00 0.000000000000000000e+00 0.000000000000000000e+00 0.000000000000000000e+00
1.350000000000000000e+04 5.399977957123014427e-02 0.000000000000000000e+00 1.000000000000000000e+00 0.000000000000000000e+00 0.000000000000000000e+00 0.000000000000000000e+00
1.375000000000000000e+04 5.499977548921597403e-02 1.137915339098771066e-04 9.997724169321802190e-01 0.000000000000000000e+00 1.137915339098771066e-04 0.000000000000000000e+00
1.400000000000000000e+04 5.599977140720180380e-02 0.000000000000000000e+00 1.000000000000000000e+00 0.000000000000000000e+00 0.000000000000000000e+00 0.000000000000000000e+00
1.425000000000000000e+04 5.699976732518741152e-02 0.000000000000000000e+00 1.000000000000000000e+00 0.000000000000000000e+00 0.000000000000000000e+00 0.000000000000000000e+00
1.450000000000000000e+04 5.799976324317324128e-02 1.137915339098771066e-04 9.998862084660901095e-01 0.000000000000000000e+00 0.000000000000000000e+00 0.000000000000000000e+00
1.475000000000000000e+04 5.899975916115884900e-02 0.000000000000000000e+00 1.000000000000000000e+00 0.000000000000000000e+00 0.000000000000000000e+00 0.000000000000000000e+00
1.500000000000000000e+04 5.999975507914467876e-02 2.275830678197542133e-04 9.996586253982703285e-01 0.000000000000000000e+00 1.137915339098771066e-04 0.000000000000000000e+00
1.525000000000000000e+04 6.099975099713050852e-02 0.000000000000000000e+00 1.000000000000000000e+00 0.000000000000000000e+00 0.000000000000000000e+00 0.000000000000000000e+00
1.550000000000000000e+04 6.199974691511611624e-02 0.000000000000000000e+00 1.000000000000000000e+00 0.000000000000000000e+00 0.000000000000000000e+00 0.000000000000000000e+00
1.575000000000000000e+04 6.299974283310194600e-02 0.000000000000000000e+00 1.000000000000000000e+00 0.000000000000000000e+00 0.000000000000000000e+00 0.000000000000000000e+00
1.600000000000000000e+04 6.399973875108777577e-02 0.000000000000000000e+00 1.000000000000000000e+00 0.000000000000000000e+00 0.000000000000000000e+00 0.000000000000000000e+00
1.625000000000000000e+04 6.499973466907338349e-02 0.000000000000000000e+00 1.000000000000000000e+00 0.000000000000000000e+00 0.000000000000000000e+00 0.000000000000000000e+00
1.650000000000000000e+04 6.599973058705921325e-02 3.413746017296313199e-04 9.996586253982703285e-01 0.000000000000000000e+00 0.000000000000000000e+00 0.000000000000000000e+00
1.675000000000000000e+04 6.699972650504482097e-02 0.000000000000000000e+00 1.000000000000000000e+00 0.000000000000000000e+00 0.000000000000000000e+00 0.000000000000000000e+00
1.700000000000000000e+04 6.799972242303065073e-02 0.000000000000000000e+00 1.000000000000000000e+00 0.000000000000000000e+00 0.000000000000000000e+00 0.000000000000000000e+00
1.725000000000000000e+04 6.899971834101648049e-02 0.000000000000000000e+00 1.000000000000000000e+00 0.000000000000000000e+00 0.000000000000000000e+00 0.000000000000000000e+00
1.750000000000000000e+04 6.999971425900208821e-02 1.137915339098771066e-04 9.998862084660901095e-01 0.000000000000000000e+00 0.000000000000000000e+00 0.000000000000000000e+00
1.775000000000000000e+04 7.099971017698791798e-02 0.000000000000000000e+00 1.000000000000000000e+00 0.000000000000000000e+00 0.000000000000000000e+00 0.000000000000000000e+00
1.800000000000000000e+04 7.199970609497374774e-02 0.000000000000000000e+00 1.000000000000000000e+00 0.000000000000000000e+00 0.000000000000000000e+00 0.000000000000000000e+00
1.825000000000000000e+04 7.299970201295935546e-02 1.137915339098771066e-04 9.998862084660901095e-01 0.000000000000000000e+00 0.000000000000000000e+00 0.000000000000000000e+00
1.850000000000000000e+04 7.399969793094518522e-02 2.275830678197542133e-04 9.997724169321802190e-01 0.000000000000000000e+00 0.000000000000000000e+00 0.000000000000000000e+00
1.875000000000000000e+04 7.499969384893079294e-02 1.137915339098771066e-04 9.998862084660901095e-01 0.000000000000000000e+00 0.000000000000000000e+00 0.000000000000000000e+00
1.900000000000000000e+04 7.599968976691662270e-02 0.000000000000000000e+00 1.000000000000000000e+00 0.000000000000000000e+00 0.000000000000000000e+00 0.000000000000000000e+00
1.925000000000000000e+04 7.699968568490245246e-02 9.103322712790168532e-04 9.990896677287209870e-01 0.000000000000000000e+00 0.000000000000000000e+00 0.000000000000000000e+00
1.950000000000000000e+04 7.799968160288806018e-02 1.137915339098771066e-04 9.998862084660901095e-01 0.000000000000000000e+00 0.000000000000000000e+00 0.000000000000000000e+00
1.975000000000000000e+04 7.899967752087388995e-02 0.000000000000000000e+00 1.000000000000000000e+00 0.000000000000000000e+00 0.000000000000000000e+00 0.000000000000000000e+00
2.000000000000000000e+04 7.999967343885949767e-02 6.827492034592626399e-04 9.993172507965407680e-01 0.000000000000000000e+00 0.000000000000000000e+00 0.000000000000000000e+00
2.025000000000000000e+04 8.099966935684532743e-02 6.827492034592626399e-04 9.993172507965407680e-01 0.000000000000000000e+00 0.000000000000000000e+00 0.000000000000000000e+00
2.050000000000000000e+04 8.199966527483115719e-02 1.365498406918525280e-03 9.985207100591716456e-01 0.000000000000000000e+00 1.137915339098771066e-04 0.000000000000000000e+00
2.075000000000000000e+04 8.299966119281676491e-02 1.137915339098771066e-04 9.997724169321802190e-01 0.000000000000000000e+00 1.137915339098771066e-04 0.000000000000000000e+00
2.100000000000000000e+04 8.399965711080259467e-02 2.275830678197542133e-04 9.996586253982703285e-01 0.000000000000000000e+00 1.137915339098771066e-04 0.000000000000000000e+00
2.125000000000000000e+04 8.499965302878842444e-02 1.251706873008648227e-03 9.987482931269913156e-01 0.000000000000000000e+00 0.000000000000000000e+00 0.000000000000000000e+00
2.150000000000000000e+04 8.599964894677403215e-02 0.000000000000000000e+00 1.000000000000000000e+00 0.000000000000000000e+00 0.000000000000000000e+00 0.000000000000000000e+00
2.175000000000000000e+04 8.699964486475986192e-02 4.551661356395084266e-04 9.995448338643604380e-01 0.000000000000000000e+00 0.000000000000000000e+00 0.000000000000000000e+00
2.200000000000000000e+04 8.799964078274546964e-02 1.251706873008648227e-03 9.986345015930814251e-01 0.000000000000000000e+00 1.137915339098771066e-04 0.000000000000000000e+00
2.225000000000000000e+04 8.899963670073129940e-02 1.137915339098771066e-04 9.998862084660901095e-01 0.000000000000000000e+00 0.000000000000000000e+00 0.000000000000000000e+00
2.250000000000000000e+04 8.999963261871712916e-02 1.137915339098771066e-04 9.998862084660901095e-01 0.000000000000000000e+00 0.000000000000000000e+00 0.000000000000000000e+00
2.275000000000000000e+04 9.099962853670273688e-02 1.706873008648156654e-03 9.982931269913518646e-01 0.000000000000000000e+00 0.000000000000000000e+00 0.000000000000000000e+00
2.300000000000000000e+04 9.199962445468856664e-02 5.689576695493854790e-04 9.994310423304506585e-01 0.000000000000000000e+00 0.000000000000000000e+00 0.000000000000000000e+00
2.325000000000000000e+04 9.299962037267439641e-02 2.503413746017296455e-03 9.974965862539827421e-01 0.000000000000000000e+00 0.000000000000000000e+00 0.000000000000000000e+00
2.350000000000000000e+04 9.399961629066000413e-02 1.479289940828402332e-03 9.985207100591716456e-01 0.000000000000000000e+00 0.000000000000000000e+00 0.000000000000000000e+00
2.375000000000000000e+04 9.499961220864583389e-02 1.479289940828402332e-03 9.984069185252617551e-01 0.000000000000000000e+00 1.137915339098771066e-04 0.000000000000000000e+00
2.400000000000000000e+04 9.599960812663144161e-02 2.275830678197542133e-04 9.997724169321802190e-01 0.000000000000000000e+00 0.000000000000000000e+00 0.000000000000000000e+00
2.425000000000000000e+04 9.699960404461727137e-02 2.389622212107419402e-03 9.974965862539827421e-01 0.000000000000000000e+00 1.137915339098771066e-04 0.000000000000000000e+00
2.450000000000000000e+04 9.799959996260310113e-02 3.641329085116067413e-03 9.962448793809740577e-01 0.000000000000000000e+00 1.137915339098771066e-04 0.000000000000000000e+00
2.475000000000000000e+04 9.899959588058870885e-02 1.251706873008648227e-03 9.987482931269913156e-01 0.000000000000000000e+00 0.000000000000000000e+00 0.000000000000000000e+00
2.500000000000000000e+04 9.999959179857453861e-02 2.389622212107419402e-03 9.972690031861629611e-01 0.000000000000000000e+00 3.413746017296313199e-04 0.000000000000000000e+00
2.525000000000000000e+04 1.009995877165601463e-01 4.096495220755575623e-03 9.959035047792443862e-01 0.000000000000000000e+00 0.000000000000000000e+00 0.000000000000000000e+00
2.550000000000000000e+04 1.019995836345459761e-01 2.730996813837050560e-03 9.972690031861629611e-01 0.000000000000000000e+00 0.000000000000000000e+00 0.000000000000000000e+00
2.575000000000000000e+04 1.029995795525318059e-01 3.868912152935821518e-03 9.959035047792443862e-01 0.000000000000000000e+00 2.275830678197542133e-04 0.000000000000000000e+00
2.600000000000000000e+04 1.039995754705174136e-01 4.437869822485207214e-03 9.949931725079653733e-01 0.000000000000000000e+00 5.689576695493854790e-04 0.000000000000000000e+00
2.625000000000000000e+04 1.049995713885032433e-01 5.689576695493855224e-03 9.939690487027764698e-01 0.000000000000000000e+00 3.413746017296313199e-04 0.000000000000000000e+00
2.650000000000000000e+04 1.059995673064890731e-01 7.510241238051888930e-03 9.916932180245789930e-01 0.000000000000000000e+00 7.965407373691396923e-04 0.000000000000000000e+00
2.675000000000000000e+04 1.069995632244746808e-01 9.330905780609922637e-03 9.896449704142011861e-01 0.000000000000000000e+00 1.024123805188893906e-03 0.000000000000000000e+00
2.700000000000000000e+04 1.079995591424605106e-01 1.035502958579881741e-02 9.888484296768320636e-01 0.000000000000000000e+00 7.965407373691396923e-04 0.000000000000000000e+00
2.725000000000000000e+04 1.089995550604461183e-01 2.184797451069640448e-02 9.724624487938097195e-01 0.000000000000000000e+00 5.689576695493855224e-03 0.000000000000000000e+00
2.750000000000000000e+04 1.099995509784319481e-01 7.919890760127445972e-02 7.519344560764679164e-01 0.000000000000000000e+00 1.688666363222576239e-01 0.000000000000000000e+00
2.775000000000000000e+04 1.109995468964177778e-01 1.813837050523441075e-01 3.078060992262175444e-01 1.137915339098771066e-04 5.106964041875284854e-01 0.000000000000000000e+00
2.800000000000000000e+04 1.119995428144033855e-01 1.475876194811105990e-01 3.156577150659991005e-01 4.449248975876194528e-02 4.922621756941283344e-01 0.000000000000000000e+00
2.825000000000000000e+04 1.129995387323892153e-01 2.201866181156121871e-01 4.169321802457897075e-01 2.251934456076467861e-01 1.376877560309512916e-01 0.000000000000000000e+00
2.850000000000000000e+04 1.139995346503748230e-01 1.730769230769230727e-01 5.879608557123350288e-01 2.059626763768775681e-01 3.299954483386435822e-02 0.000000000000000000e+00
2.875000000000000000e+04 1.149995305683606528e-01 8.272644515248064878e-02 7.279244424214837972e-01 1.832043695949021334e-01 6.144742831133363434e-03 0.000000000000000000e+00
2.900000000000000000e+04 1.159995264863464826e-01 5.461993627674101293e-02 7.312243969048702885e-01 2.083522985889849910e-01 5.803368229403732710e-03 0.000000000000000000e+00
2.925000000000000000e+04 1.169995224043320903e-01 5.905780609922621494e-02 7.272416932180245652e-01 2.107419208010923861e-01 2.958579881656804664e-03 0.000000000000000000e+00
2.950000000000000000e+04 1.179995183223179200e-01 5.518889394629039602e-02 7.295175238962221531e-01 2.135867091488393155e-01 1.706873008648156654e-03 0.000000000000000000e+00
2.975000000000000000e+04 1.189995142403037498e-01 5.302685480200273332e-02 7.279244424214837972e-01 2.139280837505689592e-01 5.120619025944469528e-03 0.000000000000000000e+00
3.000000000000000000e+04 1.199995101582893575e-01 5.382339553937186966e-02 7.247382794720073074e-01 2.187073281747838049e-01 2.730996813837050560e-03 0.000000000000000000e+00
3.025000000000000000e+04 1.209995060762751873e-01 5.245789713245334329e-02 7.297451069640418231e-01 2.127901684114701930e-01 5.006827492034592909e-03 0.000000000000000000e+00
3.050000000000000000e+04 1.219995019942607950e-01 5.245789713245334329e-02 7.283796085571233592e-01 2.159763313609467383e-01 3.186162949476558769e-03 0.000000000000000000e+00
3.075000000000000000e+04 1.229994979122466248e-01 5.405097860719162289e-02 7.247382794720073074e-01 2.171142467000455045e-01 4.096495220755575623e-03 0.000000000000000000e+00
3.100000000000000000e+04 1.239994938302324545e-01 5.279927173418298009e-02 7.265589440145653333e-01 2.167728720983158885e-01 3.868912152935821518e-03 0.000000000000000000e+00
3.125000000000000000e+04 1.249994897482180622e-01 5.427856167501137613e-02 7.254210286754665393e-01 2.172280382339553950e-01 3.072371415566681717e-03 0.000000000000000000e+00
3.150000000000000000e+04 1.259994856662038920e-01 5.302685480200273332e-02 7.259899863450158808e-01 2.172280382339553950e-01 3.755120619025944465e-03 0.000000000000000000e+00
3.175000000000000000e+04 1.269994815841897218e-01 5.348202093764223980e-02 7.243969048702776359e-01 2.188211197086936677e-01 3.299954483386436255e-03 0.000000000000000000e+00
3.200000000000000000e+04 1.279994775021753295e-01 5.314064633591260994e-02 7.259899863450158808e-01 2.174556213017751483e-01 3.413746017296313308e-03 0.000000000000000000e+00
3.225000000000000000e+04 1.289994734201611593e-01 5.188893946290396020e-02 7.266727355484752238e-01 2.167728720983158885e-01 4.665452890304961318e-03 0.000000000000000000e+00
3.250000000000000000e+04 1.299994693381467670e-01 5.461993627674101293e-02 7.238279472007282944e-01 2.172280382339553950e-01 4.324078288575329727e-03 0.000000000000000000e+00
3.275000000000000000e+04 1.309994652561325967e-01 5.427856167501137613e-02 7.221210741920801590e-01 2.191624943104233114e-01 4.437869822485207214e-03 0.000000000000000000e+00
3.300000000000000000e+04 1.319994611741184265e-01 5.302685480200273332e-02 7.222348657259899385e-01 2.214383249886208438e-01 3.299954483386436255e-03 0.000000000000000000e+00
3.325000000000000000e+04 1.329994570921040342e-01 5.427856167501137613e-02 7.233727810650887324e-01 2.188211197086936677e-01 3.527537551206190360e-03 0.000000000000000000e+00
3.350000000000000000e+04 1.339994530100898640e-01 5.154756486117433034e-02 7.253072371415566488e-01 2.200728265817023244e-01 3.072371415566681717e-03 0.000000000000000000e+00
3.375000000000000000e+04 1.349994489280754717e-01 5.370960400546199304e-02 7.230314064633591720e-01 2.198452435138825711e-01 3.413746017296313308e-03 0.000000000000000000e+00
3.400000000000000000e+04 1.359994448460613015e-01 5.439235320892125969e-02 7.232589895311788419e-01 2.170004551661356418e-01 5.348202093764223633e-03 0.000000000000000000e+00
3.425000000000000000e+04 1.369994407640471312e-01 5.405097860719162289e-02 7.228038233955393910e-01 2.196176604460628179e-01 3.527537551206190360e-03 0.000000000000000000e+00
3.450000000000000000e+04 1.379994366820327389e-01 5.461993627674101293e-02 7.216659080564405970e-01 2.201866181156121871e-01 3.527537551206190360e-03 0.000000000000000000e+00
3.475000000000000000e+04 1.389994326000185687e-01 5.484751934456076616e-02 7.224624487938097195e-01 2.172280382339553950e-01 5.461993627674101119e-03 0.000000000000000000e+00
3.500000000000000000e+04 1.399994285180043985e-01 5.666818388711879900e-02 7.208693673190714746e-01 2.182521620391442985e-01 4.210286754665453109e-03 0.000000000000000000e+00
3.525000000000000000e+04 1.409994244359900062e-01 5.700955848884842886e-02 7.197314519799726806e-01 2.203004096495220776e-01 2.958579881656804664e-03 0.000000000000000000e+00
3.550000000000000000e+04 1.419994203539758360e-01 5.393718707328174627e-02 7.192762858443332297e-01 2.208693673190714746e-01 5.917159763313609329e-03 0.000000000000000000e+00
3.575000000000000000e+04 1.429994162719614437e-01 5.860263996358670846e-02 7.135867091488393710e-01 2.232589895311788697e-01 4.551661356395083832e-03 0.000000000000000000e+00
3.600000000000000000e+04 1.439994121899472734e-01 5.826126536185707860e-02 7.149522075557578349e-01 2.228038233955393632e-01 3.982703686845699004e-03 0.000000000000000000e+00
3.625000000000000000e+04 1.449994081079331032e-01 5.723714155666818210e-02 7.172280382339554228e-01 2.206417842512516936e-01 4.893035958124715423e-03 0.000000000000000000e+00
3.650000000000000000e+04 1.459994040259187109e-01 5.553026854802002588e-02 7.146108329540282744e-01 2.238279472007282667e-01 6.030951297223486815e-03 0.000000000000000000e+00
3.675000000000000000e+04 1.469993999439045407e-01 5.564406008192990249e-02 7.163177059626764098e-01 2.230314064633591165e-01 5.006827492034592909e-03 0.000000000000000000e+00
3.700000000000000000e+04 1.479993958618903704e-01 5.655439235320892238e-02 7.191624943104233392e-01 2.200728265817023244e-01 4.210286754665453109e-03 0.000000000000000000e+00
3.725000000000000000e+04 1.489993917798759782e-01 5.279927173418298009e-02 7.185935366408738867e-01 2.230314064633591165e-01 5.575785161583977738e-03 0.000000000000000000e+00
3.750000000000000000e+04 1.499993876978618079e-01 5.780609922621757213e-02 7.199590350477924616e-01 2.193900773782430647e-01 2.844788347746927612e-03 0.000000000000000000e+00
3.775000000000000000e+04 1.509993836158474156e-01 5.564406008192990249e-02 7.185935366408738867e-01 2.215521165225307343e-01 4.210286754665453109e-03 0.000000000000000000e+00
3.800000000000000000e+04 1.519993795338332454e-01 5.553026854802002588e-02 7.196176604460627901e-01 2.206417842512516936e-01 4.210286754665453109e-03 0.000000000000000000e+00
3.825000000000000000e+04 1.529993754518190752e-01 5.598543468365953235e-02 7.210969503868912556e-01 2.176832043695949015e-01 5.234410559854347014e-03 0.000000000000000000e+00
3.850000000000000000e+04 1.539993713698046829e-01 5.803368229403732537e-02 7.168866636322257513e-01 2.209831588529813373e-01 4.096495220755575623e-03 0.000000000000000000e+00
3.875000000000000000e+04 1.549993672877905126e-01 5.587164314974965573e-02 7.190487027765134487e-01 2.215521165225307343e-01 3.527537551206190360e-03 0.000000000000000000e+00
3.900000000000000000e+04 1.559993632057761204e-01 5.575785161583977911e-02 7.184797451069639962e-01 2.223486572598998567e-01 3.413746017296313308e-03 0.000000000000000000e+00
3.925000000000000000e+04 1.569993591237619501e-01 5.621301775147929253e-02 7.198452435138825711e-01 2.188211197086936677e-01 5.120619025944469528e-03 0.000000000000000000e+00
3.950000000000000000e+04 1.579993550417477799e-01 5.496131087847064278e-02 7.188211197086936677e-01 2.221210741920801035e-01 4.096495220755575623e-03 0.000000000000000000e+00
3.975000000000000000e+04 1.589993509597333876e-01 5.609922621756941591e-02 7.214383249886208160e-01 2.183659535730541612e-01 4.096495220755575623e-03 0.000000000000000000e+00
4.000000000000000000e+04 1.599993468777192174e-01 6.042330450614474130e-02 7.204142011834319126e-01 2.148384160218479721e-01 4.324078288575329727e-03 0.000000000000000000e+00
4.025000000000000000e+04 1.609993427957050471e-01 5.348202093764223980e-02 7.306554392353209471e-01 2.130177514792899462e-01 2.844788347746927612e-03 0.000000000000000000e+00
4.050000000000000000e+04 1.619993387136906549e-01 5.314064633591260994e-02 7.338416021847974369e-01 2.091488393263541135e-01 3.868912152935821518e-03 0.000000000000000000e+00
4.075000000000000000e+04 1.629993346316764846e-01 5.291306326809285671e-02 7.321347291761493015e-01 2.107419208010923861e-01 4.210286754665453109e-03 0.000000000000000000e+00
4.100000000000000000e+04 1.639993305496620923e-01 5.314064633591260994e-02 7.340691852526172179e-01 2.078971324533454845e-01 4.893035958124715423e-03 0.000000000000000000e+00
4.125000000000000000e+04 1.649993264676479221e-01 5.268548020027309653e-02 7.350933090578061213e-01 2.082385070550751005e-01 3.982703686845699004e-03 0.000000000000000000e+00
4.150000000000000000e+04 1.659993223856337519e-01 5.166135639508420696e-02 7.344105598543468894e-01 2.097177969959035104e-01 4.210286754665453109e-03 0.000000000000000000e+00
4.175000000000000000e+04 1.669993183036193596e-01 5.120619025944470049e-02 7.366863905325443662e-01 2.072143832498861971e-01 4.893035958124715423e-03 0.000000000000000000e+00
4.200000000000000000e+04 1.679993142216051893e-01 5.279927173418298009e-02 7.341829767865271084e-01 2.090350477924442507e-01 3.982703686845699004e-03 0.000000000000000000e+00
4.225000000000000000e+04 1.689993101395907971e-01 5.393718707328174627e-02 7.352071005917160118e-01 2.078971324533454845e-01 2.958579881656804664e-03 0.000000000000000000e+00
4.250000000000000000e+04 1.699993060575766268e-01 5.393718707328174627e-02 7.332726445152480954e-01 2.091488393263541135e-01 3.641329085116067413e-03 0.000000000000000000e+00
4.275000000000000000e+04 1.709993019755624566e-01 5.473372781065088954e-02 7.341829767865271084e-01 2.083522985889849910e-01 2.730996813837050560e-03 0.000000000000000000e+00
4.300000000000000000e+04 1.719992978935480643e-01 5.302685480200273332e-02 7.352071005917160118e-01 2.076695493855257035e-01 4.096495220755575623e-03 0.000000000000000000e+00
4.325000000000000000e+04 1.729992938115338941e-01 5.302685480200273332e-02 7.347519344560764498e-01 2.084660901228948537e-01 3.755120619025944465e-03 0.000000000000000000e+00
4.350000000000000000e+04 1.739992897295197238e-01 5.689576695493855224e-02 7.327036868456986429e-01 2.067592171142466906e-01 3.641329085116067413e-03 0.000000000000000000e+00
4.375000000000000000e+04 1.749992856475053316e-01 5.348202093764223980e-02 7.337278106508875464e-01 2.077833409194355940e-01 5.006827492034592909e-03 0.000000000000000000e+00
4.400000000000000000e+04 1.759992815654911613e-01 5.541647701411014926e-02 7.328174783796085334e-01 2.082385070550751005e-01 3.527537551206190360e-03 0.000000000000000000e+00
4.425000000000000000e+04 1.769992774834767690e-01 5.757851615839781195e-02 7.317933545744196300e-01 2.074419663177059503e-01 3.186162949476558769e-03 0.000000000000000000e+00
4.450000000000000000e+04 1.779992734014625988e-01 5.700955848884842886e-02 7.313381884387801790e-01 2.072143832498861971e-01 4.437869822485207214e-03 0.000000000000000000e+00
4.475000000000000000e+04 1.789992693194484286e-01 5.905780609922621494e-02 7.312243969048702885e-01 2.073281747837960876e-01 2.389622212107419402e-03 0.000000000000000000e+00
4.500000000000000000e+04 1.799992652374340363e-01 6.008192990441511144e-02 7.306554392353209471e-01 2.063040509786071841e-01 2.958579881656804664e-03 0.000000000000000000e+00
4.525000000000000000e+04 1.809992611554198660e-01 5.746472462448793533e-02 7.315657715065999600e-01 2.082385070550751005e-01 2.730996813837050560e-03 0.000000000000000000e+00
4.550000000000000000e+04 1.819992570734056958e-01 5.894401456531633832e-02 7.281520254893035782e-01 2.091488393263541135e-01 3.755120619025944465e-03 0.000000000000000000e+00
4.575000000000000000e+04 1.829992529913913035e-01 6.121984524351388457e-02 7.290623577605825911e-01 2.071005917159763343e-01 2.617205279927173507e-03 0.000000000000000000e+00
4.600000000000000000e+04 1.839992489093771333e-01 6.030951297223486468e-02 7.292899408284023721e-01 2.077833409194355940e-01 2.617205279927173507e-03 0.000000000000000000e+00
4.625000000000000000e+04 1.849992448273627410e-01 6.395084205735093730e-02 7.258761948111061013e-01 2.075557578516158408e-01 2.617205279927173507e-03 0.000000000000000000e+00
4.650000000000000000e+04 1.859992407453485708e-01 8.682294037323623481e-02 6.870732817478379939e-01 2.221210741920801035e-01 3.982703686845699004e-03 0.000000000000000000e+00
4.675000000000000000e+04 1.869992366633344005e-01 1.294947655894401473e-01 6.543013199817933057e-01 2.059626763768775681e-01 1.024123805188893906e-02 0.000000000000000000e+00
4.700000000000000000e+04 1.879992325813200083e-01 1.032089212562585373e-01 6.807009558488847922e-01 2.108557123350022766e-01 5.234410559854347014e-03 0.000000000000000000e+00
4.725000000000000000e+04 1.889992284993058380e-01 8.249886208466089554e-02 7.074419663177059503e-01 2.066454255803368278e-01 3.413746017296313308e-03 0.000000000000000000e+00
4.750000000000000000e+04 1.899992244172914457e-01 7.669549385525717411e-02 7.141556668183887124e-01 2.073281747837960876e-01 1.820664542558033706e-03 0.000000000000000000e+00
4.775000000000000000e+04 1.909992203352772755e-01 7.658170232134729749e-02 7.137005006827491504e-01 2.059626763768775681e-01 3.755120619025944465e-03 0.000000000000000000e+00
4.800000000000000000e+04 1.919992162532631053e-01 7.521620391442876419e-02 7.141556668183887124e-01 2.073281747837960876e-01 3.299954483386436255e-03 0.000000000000000000e+00
4.825000000000000000e+04 1.929992121712487130e-01 7.624032771961765376e-02 7.147246244879380539e-01 2.061902594446973214e-01 2.844788347746927612e-03 0.000000000000000000e+00
4.850000000000000000e+04 1.939992080892345427e-01 7.396449704142012138e-02 7.162039144287665193e-01 2.074419663177059503e-01 2.389622212107419402e-03 0.000000000000000000e+00
4.875000000000000000e+04 1.949992040072203725e-01 7.601274465179790052e-02 7.154073736913973969e-01 2.066454255803368278e-01 1.934456076467910759e-03 0.000000000000000000e+00
4.900000000000000000e+04 1.959991999252059802e-01 7.635411925352754425e-02 7.143832498862084934e-01 2.072143832498861971e-01 2.048247610377787811e-03 0.000000000000000000e+00
4.925000000000000000e+04 1.969991958431918100e-01 7.897132453345470648e-02 7.132453345471096995e-01 2.066454255803368278e-01 1.137915339098770958e-03 0.000000000000000000e+00
4.950000000000000000e+04 1.979991917611774177e-01 7.794720072826581692e-02 7.138142922166590409e-01 2.067592171142466906e-01 1.479289940828402332e-03 0.000000000000000000e+00
4.975000000000000000e+04 1.989991876791632475e-01 7.828857532999544677e-02 7.106281292671825511e-01 2.085798816568047442e-01 2.503413746017296455e-03 0.000000000000000000e+00
5.000000000000000000e+04 1.999991835971490772e-01 8.249886208466089554e-02 7.060764679107874864e-01 2.090350477924442507e-01 2.389622212107419402e-03 0.000000000000000000e+00
5.025000000000000000e+04 2.009991795151346849e-01 7.931269913518433634e-02 7.072143832498861693e-01 2.119936276741010428e-01 1.479289940828402332e-03 0.000000000000000000e+00
5.050000000000000000e+04 2.019991754331205147e-01 7.942649066909421296e-02 7.065316340464269373e-01 2.124487938097405493e-01 1.593081474738279385e-03 0.000000000000000000e+00
5.075000000000000000e+04 2.029991713511063445e-01 7.521620391442876419e-02 7.110832954028220021e-01 2.122212107419207960e-01 1.479289940828402332e-03 0.000000000000000000e+00
5.100000000000000000e+04 2.039991672690919522e-01 7.419208010923987462e-02 7.124487938097405770e-01 2.124487938097405493e-01 9.103322712790168532e-04 0.000000000000000000e+00
5.125000000000000000e+04 2.049991631870777820e-01 7.715065999089668058e-02 7.081247155211651823e-01 2.137005006827492060e-01 1.024123805188893906e-03 0.000000000000000000e+00
5.150000000000000000e+04 2.059991591050633897e-01 7.635411925352754425e-02 7.101729631315429891e-01 2.124487938097405493e-01 1.024123805188893906e-03 0.000000000000000000e+00
5.175000000000000000e+04 2.069991550230492194e-01 7.658170232134729749e-02 7.102867546654528796e-01 2.117660446062812896e-01 1.365498406918525280e-03 0.000000000000000000e+00
5.200000000000000000e+04 2.079991509410350492e-01 7.669549385525717411e-02 7.066454255803368278e-01 2.151797906235776159e-01 1.479289940828402332e-03 0.000000000000000000e+00
5.225000000000000000e+04 2.089991468590206569e-01 7.555757851615839404e-02 7.113108784706417831e-01 2.115384615384615363e-01 1.593081474738279385e-03 0.000000000000000000e+00
5.250000000000000000e+04 2.099991427770064867e-01 7.794720072826581692e-02 7.061902594446972659e-01 2.139280837505689592e-01 1.934456076467910759e-03 0.000000000000000000e+00
5.275000000000000000e+04 2.109991386949920944e-01 8.056440600819299303e-02 7.023213472917615441e-01 2.158625398270368756e-01 1.251706873008648227e-03 0.000000000000000000e+00
5.300000000000000000e+04 2.119991346129779242e-01 7.999544833864360993e-02 7.020937642239417631e-01 2.168866636322257513e-01 1.024123805188893906e-03 0.000000000000000000e+00
5.325000000000000000e+04 2.129991305309637539e-01 8.010923987255348655e-02 7.038006372325898985e-01 2.151797906235776159e-01 9.103322712790168532e-04 0.000000000000000000e+00
5.350000000000000000e+04 2.139991264489493616e-01 7.874374146563495325e-02 7.012972234865726406e-01 2.179107874374146547e-01 2.048247610377787811e-03 0.000000000000000000e+00
5.375000000000000000e+04 2.149991223669351914e-01 8.101957214383249950e-02 6.974283113336368078e-01 2.206417842512516936e-01 9.103322712790168532e-04 0.000000000000000000e+00
5.400000000000000000e+04 2.159991182849210212e-01 8.329540282203004575e-02 6.933318161128811941e-01 2.215521165225307343e-01 1.820664542558033706e-03 0.000000000000000000e+00
5.425000000000000000e+04 2.169991142029066289e-01 8.431952662721893532e-02 6.935593991807009751e-01 2.208693673190714746e-01 1.251706873008648227e-03 0.000000000000000000e+00
5.450000000000000000e+04 2.179991101208924587e-01 8.636777423759672834e-02 6.880974055530268974e-01 2.226900318616295005e-01 2.844788347746927612e-03 0.000000000000000000e+00
5.475000000000000000e+04 2.189991060388780664e-01 8.921256258534364381e-02 6.870732817478379939e-01 2.212107419208010906e-01 2.503413746017296455e-03 0.000000000000000000e+00
5.500000000000000000e+04 2.199991019568638961e-01 8.545744196631770151e-02 6.887801547564861293e-01 2.231451979972690070e-01 2.617205279927173507e-03 0.000000000000000000e+00
5.525000000000000000e+04 2.209990978748497259e-01 9.148839326354119006e-02 6.824078288575330387e-01 2.222348657259899940e-01 3.868912152935821518e-03 0.000000000000000000e+00
5.550000000000000000e+04 2.219990937928353336e-01 9.581247155211652933e-02 6.810423304506144637e-01 2.212107419208010906e-01 1.934456076467910759e-03 0.000000000000000000e+00
5.575000000000000000e+04 2.229990897108211634e-01 9.057806099226217711e-02 6.818388711879835862e-01 2.248520710059171701e-01 2.730996813837050560e-03 0.000000000000000000e+00
5.600000000000000000e+04 2.239990856288067711e-01 9.285389167045972336e-02 6.817250796540736957e-01 2.226900318616295005e-01 2.730996813837050560e-03 0.000000000000000000e+00
5.625000000000000000e+04 2.249990815467926009e-01 9.604005461993628257e-02 6.792216659080564378e-01 2.220072826581702408e-01 2.730996813837050560e-03 0.000000000000000000e+00
5.650000000000000000e+04 2.259990774647784306e-01 9.660901228948566566e-02 6.762630860263996180e-01 2.236003641329085134e-01 3.527537551206190360e-03 0.000000000000000000e+00
5.675000000000000000e+04 2.269990733827640383e-01 9.751934456076467861e-02 6.737596722803823601e-01 2.259899863450159363e-01 2.730996813837050560e-03 0.000000000000000000e+00
