# itime ezz other fcc hcp bcc ico
0.000000000000000000e+00 0.000000000000000000e+00 0.000000000000000000e+00 1.000000000000000000e+00 0.000000000000000000e+00 0.000000000000000000e+00 0.000000000000000000e+00
2.500000000000000000e+02 1.000056324183651313e-03 0.000000000000000000e+00 1.000000000000000000e+00 0.000000000000000000e+00 0.000000000000000000e+00 0.000000000000000000e+00
5.000000000000000000e+02 2.000112648367302626e-03 0.000000000000000000e+00 1.000000000000000000e+00 0.000000000000000000e+00 0.000000000000000000e+00 0.000000000000000000e+00
7.500000000000000000e+02 3.000168972550953939e-03 0.000000000000000000e+00 1.000000000000000000e+00 0.000000000000000000e+00 0.000000000000000000e+00 0.000000000000000000e+00
1.000000000000000000e+03 4.000225296734383207e-03 0.000000000000000000e+00 1.000000000000000000e+00 0.000000000000000000e+00 0.000000000000000000e+00 0.000000000000000000e+00
1.250000000000000000e+03 5.000281620918034520e-03 0.000000000000000000e+00 1.000000000000000000e+00 0.000000000000000000e+00 0.000000000000000000e+00 0.000000000000000000e+00
1.500000000000000000e+03 6.000337945101685833e-03 0.000000000000000000e+00 1.000000000000000000e+00 0.000000000000000000e+00 0.000000000000000000e+00 0.000000000000000000e+00
1.750000000000000000e+03 7.000394269285337145e-03 0.000000000000000000e+00 1.000000000000000000e+00 0.000000000000000000e+00 0.000000000000000000e+00 0.000000000000000000e+00
2.000000000000000000e+03 8.000450593468988458e-03 0.000000000000000000e+00 1.000000000000000000e+00 0.000000000000000000e+00 0.000000000000000000e+00 0.000000000000000000e+00
2.250000000000000000e+03 9.000506917652639771e-03 0.000000000000000000e+00 1.000000000000000000e+00 0.000000000000000000e+00 0.000000000000000000e+00 0.000000000000000000e+00
2.500000000000000000e+03 1.000056324183606904e-02 0.000000000000000000e+00 1.000000000000000000e+00 0.000000000000000000e+00 0.000000000000000000e+00 0.000000000000000000e+00
2.750000000000000000e+03 1.100061956601972035e-02 0.000000000000000000e+00 1.000000000000000000e+00 0.000000000000000000e+00 0.000000000000000000e+00 0.000000000000000000e+00
3.000000000000000000e+03 1.200067589020337167e-02 0.000000000000000000e+00 1.000000000000000000e+00 0.000000000000000000e+00 0.000000000000000000e+00 0.000000000000000000e+00
3.250000000000000000e+03 1.300073221438702298e-02 0.000000000000000000e+00 1.000000000000000000e+00 0.000000000000000000e+00 0.000000000000000000e+00 0.000000000000000000e+00
3.500000000000000000e+03 1.400078853857067429e-02 0.000000000000000000e+00 1.000000000000000000e+00 0.000000000000000000e+00 0.000000000000000000e+00 0.000000000000000000e+00
3.750000000000000000e+03 1.500084486275432560e-02 0.000000000000000000e+00 1.000000000000000000e+00 0.000000000000000000e+00 0.000000000000000000e+00 0.000000000000000000e+00
4.000000000000000000e+03 1.600090118693775487e-02 0.000000000000000000e+00 1.000000000000000000e+00 0.000000000000000000e+00 0.000000000000000000e+00 0.000000000000000000e+00
4.250000000000000000e+03 1.700095751112140618e-02 0.000000000000000000e+00 1.000000000000000000e+00 0.000000000000000000e+00 0.000000000000000000e+00 0.000000000000000000e+00
4.500000000000000000e+03 1.800101383530505750e-02 0.000000000000000000e+00 1.000000000000000000e+00 0.000000000000000000e+00 0.000000000000000000e+00 0.000000000000000000e+00
4.750000000000000000e+03 1.900107015948870881e-02 0.000000000000000000e+00 1.000000000000000000e+00 0.000000000000000000e+00 0.000000000000000000e+00 0.000000000000000000e+00
5.000000000000000000e+03 2.000112648367236012e-02 0.000000000000000000e+00 1.000000000000000000e+00 0.000000000000000000e+00 0.000000000000000000e+00 0.000000000000000000e+00
5.250000000000000000e+03 2.100118280785601144e-02 0.000000000000000000e+00 1.000000000000000000e+00 0.000000000000000000e+00 0.000000000000000000e+00 0.000000000000000000e+00
5.500000000000000000e+03 2.200123913203944070e-02 0.000000000000000000e+00 1.000000000000000000e+00 0.000000000000000000e+00 0.000000000000000000e+00 0.000000000000000000e+00
5.750000000000000000e+03 2.300129545622309202e-02 0.000000000000000000e+00 1.000000000000000000e+00 0.000000000000000000e+00 0.000000000000000000e+00 0.000000000000000000e+00
6.000000000000000000e+03 2.400135178040674333e-02 0.000000000000000000e+00 1.000000000000000000e+00 0.000000000000000000e+00 0.000000000000000000e+00 0.000000000000000000e+00
6.250000000000000000e+03 2.500140810459039464e-02 0.000000000000000000e+00 1.000000000000000000e+00 0.000000000000000000e+00 0.000000000000000000e+00 0.000000000000000000e+00
6.500000000000000000e+03 2.600146442877404596e-02 0.000000000000000000e+00 1.000000000000000000e+00 0.000000000000000000e+00 0.000000000000000000e+00 0.000000000000000000e+00
6.750000000000000000e+03 2.700152075295769727e-02 0.000000000000000000e+00 1.000000000000000000e+00 0.000000000000000000e+00 0.000000000000000000e+00 0.000000000000000000e+00
7.000000000000000000e+03 2.800157707714112654e-02 0.000000000000000000e+00 1.000000000000000000e+00 0.000000000000000000e+00 0.000000000000000000e+00 0.000000000000000000e+00
7.250000000000000000e+03 2.900163340132477785e-02 0.000000000000000000e+00 1.000000000000000000e+00 0.000000000000000000e+00 0.000000000000000000e+00 0.000000000000000000e+00
7.500000000000000000e+03 3.000168972550842916e-02 0.000000000000000000e+00 1.000000000000000000e+00 0.000000000000000000e+00 0.000000000000000000e+00 0.000000000000000000e+00
7.750000000000000000e+03 3.100174604969208048e-02 0.000000000000000000e+00 1.000000000000000000e+00 0.000000000000000000e+00 0.000000000000000000e+00 0.000000000000000000e+00
8.000000000000000000e+03 3.200180237387573179e-02 4.551661356395084266e-04 9.995448338643604380e-01 0.000000000000000000e+00 0.000000000000000000e+00 0.000000000000000000e+00
8.250000000000000000e+03 3.300185869805938310e-02 0.000000000000000000e+00 1.000000000000000000e+00 0.000000000000000000e+00 0.000000000000000000e+00 0.000000000000000000e+00
8.500000000000000000e+03 3.400191502224281237e-02 0.000000000000000000e+00 1.000000000000000000e+00 0.000000000000000000e+00 0.000000000000000000e+00 0.000000000000000000e+00
8.750000000000000000e+03 3.500197134642646368e-02 0.000000000000000000e+00 1.000000000000000000e+00 0.000000000000000000e+00 0.000000000000000000e+00 0.000000000000000000e+00
9.000000000000000000e+03 3.600202767061011500e-02 0.000000000000000000e+00 1.000000000000000000e+00 0.000000000000000000e+00 0.000000000000000000e+00 0.000000000000000000e+00
9.250000000000000000e+03 3.700208399479376631e-02 0.000000000000000000e+00 1.000000000000000000e+00 0.000000000000000000e+00 0.000000000000000000e+00 0.000000000000000000e+00
9.500000000000000000e+03 3.800214031897741762e-02 0.000000000000000000e+00 1.000000000000000000e+00 0.000000000000000000e+00 0.000000000000000000e+00 0.000000000000000000e+00
9.750000000000000000e+03 3.900219664316106893e-02 0.000000000000000000e+00 1.000000000000000000e+00 0.000000000000000000e+00 0.000000000000000000e+00 0.000000000000000000e+00
1.000000000000000000e+04 4.000225296734449820e-02 0.000000000000000000e+00 1.000000000000000000e+00 0.000000000000000000e+00 0.000000000000000000e+00 0.000000000000000000e+00
1.025000000000000000e+04 4.100230929152814952e-02 0.000000000000000000e+00 1.000000000000000000e+00 0.000000000000000000e+00 0.000000000000000000e+00 0.000000000000000000e+00
1.050000000000000000e+04 4.200236561571180083e-02 0.000000000000000000e+00 1.000000000000000000e+00 0.000000000000000000e+00 0.000000000000000000e+00 0.000000000000000000e+00
1.075000000000000000e+04 4.300242193989545214e-02 0.000000000000000000e+00 1.000000000000000000e+00 0.000000000000000000e+00 0.000000000000000000e+00 0.000000000000000000e+00
1.100000000000000000e+04 4.400247826407910345e-02 0.000000000000000000e+00 1.000000000000000000e+00 0.000000000000000000e+00 0.000000000000000000e+00 0.000000000000000000e+00
1.125000000000000000e+04 4.500253458826275477e-02 0.000000000000000000e+00 1.000000000000000000e+00 0.000000000000000000e+00 0.000000000000000000e+00 0.000000000000000000e+00
1.150000000000000000e+04 4.600259091244618403e-02 0.000000000000000000e+00 1.000000000000000000e+00 0.000000000000000000e+00 0.000000000000000000e+00 0.000000000000000000e+00
1.175000000000000000e+04 4.700264723662983535e-02 0.000000000000000000e+00 1.000000000000000000e+00 0.000000000000000000e+00 0.000000000000000000e+00 0.000000000000000000e+00
1.200000000000000000e+04 4.800270356081348666e-02 0.000000000000000000e+00 1.000000000000000000e+00 0.000000000000000000e+00 0.000000000000000000e+00 0.000000000000000000e+00
1.225000000000000000e+04 4.900275988499713797e-02 0.000000000000000000e+00 1.000000000000000000e+00 0.000000000000000000e+00 0.000000000000000000e+00 0.000000000000000000e+00
1.250000000000000000e+04 5.000281620918078929e-02 0.000000000000000000e+00 1.000000000000000000e+00 0.000000000000000000e+00 0.000000000000000000e+00 0.000000000000000000e+00
1.275000000000000000e+04 5.100287253336444060e-02 0.000000000000000000e+00 1.000000000000000000e+00 0.000000000000000000e+00 0.000000000000000000e+00 0.000000000000000000e+00
1.300000000000000000e+04 5.200292885754786987e-02 0.000000000000000000e+00 1.000000000000000000e+00 0.000000000000000000e+00 0.000000000000000000e+00 0.000000000000000000e+00
1.325000000000000000e+04 5.300298518173152118e-02 0.000000000000000000e+00 1.000000000000000000e+00 0.000000000000000000e+00 0.000000000000000000e+00 0.000000000000000000e+00
1.350000000000000000e+04 5.400304150591517249e-02 0.000000000000000000e+00 1.000000000000000000e+00 0.000000000000000000e+00 0.000000000000000000e+00 0.000000000000000000e+00
1.375000000000000000e+04 5.500309783009882381e-02 0.000000000000000000e+00 1.000000000000000000e+00 0.000000000000000000e+00 0.000000000000000000e+00 0.000000000000000000e+00
1.400000000000000000e+04 5.600315415428247512e-02 0.000000000000000000e+00 1.000000000000000000e+00 0.000000000000000000e+00 0.000000000000000000e+00 0.000000000000000000e+00
1.425000000000000000e+04 5.700321047846612643e-02 0.000000000000000000e+00 1.000000000000000000e+00 0.000000000000000000e+00 0.000000000000000000e+00 0.000000000000000000e+00
1.450000000000000000e+04 5.800326680264955570e-02 0.000000000000000000e+00 1.000000000000000000e+00 0.000000000000000000e+00 0.000000000000000000e+00 0.000000000000000000e+00
1.475000000000000000e+04 5.900332312683320701e-02 0.000000000000000000e+00 1.000000000000000000e+00 0.000000000000000000e+00 0.000000000000000000e+00 0.000000000000000000e+00
1.500000000000000000e+04 6.000337945101685833e-02 1.137915339098771066e-04 9.998862084660901095e-01 0.000000000000000000e+00 0.000000000000000000e+00 0.000000000000000000e+00
1.525000000000000000e+04 6.100343577520050964e-02 0.000000000000000000e+00 1.000000000000000000e+00 0.000000000000000000e+00 0.000000000000000000e+00 0.000000000000000000e+00
1.550000000000000000e+04 6.200349209938416095e-02 0.000000000000000000e+00 1.000000000000000000e+00 0.000000000000000000e+00 0.000000000000000000e+00 0.000000000000000000e+00
1.575000000000000000e+04 6.300354842356781226e-02 0.000000000000000000e+00 1.000000000000000000e+00 0.000000000000000000e+00 0.000000000000000000e+00 0.000000000000000000e+00
1.600000000000000000e+04 6.400360474775124153e-02 0.000000000000000000e+00 1.000000000000000000e+00 0.000000000000000000e+00 0.000000000000000000e+00 0.000000000000000000e+00
1.625000000000000000e+04 6.500366107193489285e-02 0.000000000000000000e+00 1.000000000000000000e+00 0.000000000000000000e+00 0.000000000000000000e+00 0.000000000000000000e+00
1.650000000000000000e+04 6.600371739611854416e-02 0.000000000000000000e+00 1.000000000000000000e+00 0.000000000000000000e+00 0.000000000000000000e+00 0.000000000000000000e+00
1.675000000000000000e+04 6.700377372030219547e-02 0.000000000000000000e+00 1.000000000000000000e+00 0.000000000000000000e+00 0.000000000000000000e+00 0.000000000000000000e+00
1.700000000000000000e+04 6.800383004448584678e-02 0.000000000000000000e+00 1.000000000000000000e+00 0.000000000000000000e+00 0.000000000000000000e+00 0.000000000000000000e+00
1.725000000000000000e+04 6.900388636866949810e-02 0.000000000000000000e+00 1.000000000000000000e+00 0.000000000000000000e+00 0.000000000000000000e+00 0.000000000000000000e+00
1.750000000000000000e+04 7.000394269285292737e-02 1.137915339098771066e-04 9.998862084660901095e-01 0.000000000000000000e+00 0.000000000000000000e+00 0.000000000000000000e+00
1.775000000000000000e+04 7.100399901703657868e-02 2.275830678197542133e-04 9.997724169321802190e-01 0.000000000000000000e+00 0.000000000000000000e+00 0.000000000000000000e+00
1.800000000000000000e+04 7.200405534122022999e-02 0.000000000000000000e+00 1.000000000000000000e+00 0.000000000000000000e+00 0.000000000000000000e+00 0.000000000000000000e+00
1.825000000000000000e+04 7.300411166540388130e-02 9.103322712790168532e-04 9.990896677287209870e-01 0.000000000000000000e+00 0.000000000000000000e+00 0.000000000000000000e+00
1.850000000000000000e+04 7.400416798958753262e-02 3.413746017296313199e-04 9.996586253982703285e-01 0.000000000000000000e+00 0.000000000000000000e+00 0.000000000000000000e+00
1.875000000000000000e+04 7.500422431377118393e-02 0.000000000000000000e+00 1.000000000000000000e+00 0.000000000000000000e+00 0.000000000000000000e+00 0.000000000000000000e+00
1.900000000000000000e+04 7.600428063795461320e-02 1.137915339098771066e-04 9.998862084660901095e-01 0.000000000000000000e+00 0.000000000000000000e+00 0.000000000000000000e+00
1.925000000000000000e+04 7.700433696213826451e-02 9.103322712790168532e-04 9.990896677287209870e-01 0.000000000000000000e+00 0.000000000000000000e+00 0.000000000000000000e+00
1.950000000000000000e+04 7.800439328632191582e-02 6.827492034592626399e-04 9.992034592626308775e-01 0.000000000000000000e+00 1.137915339098771066e-04 0.000000000000000000e+00
1.975000000000000000e+04 7.900444961050556714e-02 1.137915339098771066e-04 9.998862084660901095e-01 0.000000000000000000e+00 0.000000000000000000e+00 0.000000000000000000e+00
2.000000000000000000e+04 8.000450593468921845e-02 3.413746017296313199e-04 9.995448338643604380e-01 0.000000000000000000e+00 1.137915339098771066e-04 0.000000000000000000e+00
2.025000000000000000e+04 8.100456225887286976e-02 4.551661356395084266e-04 9.994310423304506585e-01 0.000000000000000000e+00 1.137915339098771066e-04 0.000000000000000000e+00
2.050000000000000000e+04 8.200461858305629903e-02 0.000000000000000000e+00 1.000000000000000000e+00 0.000000000000000000e+00 0.000000000000000000e+00 0.000000000000000000e+00
2.075000000000000000e+04 8.300467490723995034e-02 0.000000000000000000e+00 1.000000000000000000e+00 0.000000000000000000e+00 0.000000000000000000e+00 0.000000000000000000e+00
2.100000000000000000e+04 8.400473123142360166e-02 4.551661356395084266e-04 9.995448338643604380e-01 0.000000000000000000e+00 0.000000000000000000e+00 0.000000000000000000e+00
2.125000000000000000e+04 8.500478755560725297e-02 1.137915339098770958e-03 9.988620846609012061e-01 0.000000000000000000e+00 0.000000000000000000e+00 0.000000000000000000e+00
2.150000000000000000e+04 8.600484387979090428e-02 1.024123805188893906e-03 9.989758761948110966e-01 0.000000000000000000e+00 0.000000000000000000e+00 0.000000000000000000e+00
2.175000000000000000e+04 8.700490020397455559e-02 7.965407373691396923e-04 9.992034592626308775e-01 0.000000000000000000e+00 0.000000000000000000e+00 0.000000000000000000e+00
2.200000000000000000e+04 8.800495652815798486e-02 9.103322712790168532e-04 9.990896677287209870e-01 0.000000000000000000e+00 0.000000000000000000e+00 0.000000000000000000e+00
2.225000000000000000e+04 8.900501285234163618e-02 1.251706873008648227e-03 9.987482931269913156e-01 0.000000000000000000e+00 0.000000000000000000e+00 0.000000000000000000e+00
2.250000000000000000e+04 9.000506917652528749e-02 1.251706873008648227e-03 9.987482931269913156e-01 0.000000000000000000e+00 0.000000000000000000e+00 0.000000000000000000e+00
2.275000000000000000e+04 9.100512550070893880e-02 2.389622212107419402e-03 9.974965862539827421e-01 0.000000000000000000e+00 1.137915339098771066e-04 0.000000000000000000e+00
2.300000000000000000e+04 9.200518182489259011e-02 1.593081474738279385e-03 9.984069185252617551e-01 0.000000000000000000e+00 0.000000000000000000e+00 0.000000000000000000e+00
2.325000000000000000e+04 9.300523814907624143e-02 5.689576695493854790e-04 9.994310423304506585e-01 0.000000000000000000e+00 0.000000000000000000e+00 0.000000000000000000e+00
2.350000000000000000e+04 9.400529447325967070e-02 9.103322712790168532e-04 9.990896677287209870e-01 0.000000000000000000e+00 0.000000000000000000e+00 0.000000000000000000e+00
2.375000000000000000e+04 9.500535079744332201e-02 7.965407373691396923e-04 9.987482931269913156e-01 0.000000000000000000e+00 4.551661356395084266e-04 0.000000000000000000e+00
2.400000000000000000e+04 9.600540712162697332e-02 2.389622212107419402e-03 9.976103777878926326e-01 0.000000000000000000e+00 0.000000000000000000e+00 0.000000000000000000e+00
2.425000000000000000e+04 9.700546344581062463e-02 2.389622212107419402e-03 9.976103777878926326e-01 0.000000000000000000e+00 0.000000000000000000e+00 0.000000000000000000e+00
2.450000000000000000e+04 9.800551976999427595e-02 1.934456076467910759e-03 9.980655439235320836e-01 0.000000000000000000e+00 0.000000000000000000e+00 0.000000000000000000e+00
2.475000000000000000e+04 9.900557609417792726e-02 4.210286754665453109e-03 9.955621301775148257e-01 0.000000000000000000e+00 2.275830678197542133e-04 0.000000000000000000e+00
2.500000000000000000e+04 1.000056324183613565e-01 2.048247610377787811e-03 9.979517523896221931e-01 0.000000000000000000e+00 0.000000000000000000e+00 0.000000000000000000e+00
2.525000000000000000e+04 1.010056887425450078e-01 2.958579881656804664e-03 9.967000455166135087e-01 0.000000000000000000e+00 3.413746017296313199e-04 0.000000000000000000e+00
2.550000000000000000e+04 1.020057450667286592e-01 6.030951297223486815e-03 9.935138825671370189e-01 0.000000000000000000e+00 4.551661356395084266e-04 0.000000000000000000e+00
2.575000000000000000e+04 1.030058013909123105e-01 4.437869822485207214e-03 9.955621301775148257e-01 0.000000000000000000e+00 0.000000000000000000e+00 0.000000000000000000e+00
2.600000000000000000e+04 1.040058577150959618e-01 4.779244424214838804e-03 9.946517979062358128e-01 0.000000000000000000e+00 5.689576695493854790e-04 0.000000000000000000e+00
2.625000000000000000e+04 1.050059140392796131e-01 3.413746017296313308e-03 9.964724624487938387e-01 0.000000000000000000e+00 1.137915339098771066e-04 0.000000000000000000e+00
2.650000000000000000e+04 1.060059703634630424e-01 5.234410559854347014e-03 9.943104233045061413e-01 0.000000000000000000e+00 4.551661356395084266e-04 0.000000000000000000e+00
2.675000000000000000e+04 1.070060266876466937e-01 7.168866636322257339e-03 9.923759672280382249e-01 0.000000000000000000e+00 4.551661356395084266e-04 0.000000000000000000e+00
2.700000000000000000e+04 1.080060830118303450e-01 1.354119253527537488e-02 9.848657259899863403e-01 0.000000000000000000e+00 1.593081474738279385e-03 0.000000000000000000e+00
2.725000000000000000e+04 1.090061393360139963e-01 2.617205279927173334e-02 9.576695493855257313e-01 0.000000000000000000e+00 1.615839781520254925e-02 0.000000000000000000e+00
2.750000000000000000e+04 1.100061956601976476e-01 1.384842967683204418e-01 5.540509786071916576e-01 1.718252162039144229e-02 2.902822030040965173e-01 0.000000000000000000e+00
2.775000000000000000e+04 1.110062519843812989e-01 1.998179335457442030e-01 4.532316795630405015e-01 2.377105143377332697e-01 1.092398725534820259e-01 0.000000000000000000e+00
2.800000000000000000e+04 1.120063083085647282e-01 1.110605370960400518e-01 5.333409194355940297e-01 3.287437414656349532e-01 2.685480200273099652e-02 0.000000000000000000e+00
2.825000000000000000e+04 1.130063646327483795e-01 1.068502503413746030e-01 5.355029585798816161e-01 3.276058261265361593e-01 3.004096495220755572e-02 0.000000000000000000e+00
2.850000000000000000e+04 1.140064209569320308e-01 1.121984524351388318e-01 5.393718707328174489e-01 3.380746472462448637e-01 1.035502958579881741e-02 0.000000000000000000e+00
2.875000000000000000e+04 1.150064772811156821e-01 1.068502503413746030e-01 5.324305871643150168e-01 3.534365043240783044e-01 7.282658170232134826e-03 0.000000000000000000e+00
2.900000000000000000e+04 1.160065336052993334e-01 1.048020027309968100e-01 5.391442876649977789e-01 3.486572598998634587e-01 7.396449704142011444e-03 0.000000000000000000e+00
2.925000000000000000e+04 1.170065899294829848e-01 1.025261720527992776e-01 5.348202093764223841e-01 3.543468365953573174e-01 8.306781975421027864e-03 0.000000000000000000e+00
2.950000000000000000e+04 1.180066462536664140e-01 1.025261720527992776e-01 5.377787892580792040e-01 3.535502958579881394e-01 6.144742831133363434e-03 0.000000000000000000e+00
2.975000000000000000e+04 1.190067025778500653e-01 1.017296313154301274e-01 5.355029585798816161e-01 3.576467910787437532e-01 5.120619025944469528e-03 0.000000000000000000e+00
3.000000000000000000e+04 1.200067589020337167e-01 1.071916249431042328e-01 5.339098771051433712e-01 3.535502958579881394e-01 5.348202093764223633e-03 0.000000000000000000e+00
3.025000000000000000e+04 1.210068152262173680e-01 1.022985889849795244e-01 5.355029585798816161e-01 3.562812926718252338e-01 5.917159763313609329e-03 0.000000000000000000e+00
3.050000000000000000e+04 1.220068715504010193e-01 1.027537551206190308e-01 5.353891670459717256e-01 3.566226672735548497e-01 5.234410559854347014e-03 0.000000000000000000e+00
3.075000000000000000e+04 1.230069278745846706e-01 1.054847519344560697e-01 5.337960855712334807e-01 3.526399635867091265e-01 8.079198907601274626e-03 0.000000000000000000e+00
3.100000000000000000e+04 1.240069841987680999e-01 1.061675011379153433e-01 5.340236686390532617e-01 3.543468365953573174e-01 5.461993627674101119e-03 0.000000000000000000e+00
3.125000000000000000e+04 1.250070405229517512e-01 1.044606281292671801e-01 5.360719162494310686e-01 3.535502958579881394e-01 5.917159763313609329e-03 0.000000000000000000e+00
3.150000000000000000e+04 1.260070968471354025e-01 1.058261265361857134e-01 5.351615839781520556e-01 3.549157942649067143e-01 4.096495220755575623e-03 0.000000000000000000e+00
3.175000000000000000e+04 1.270071531713190538e-01 1.077605826126536159e-01 5.328857532999544677e-01 3.535502958579881394e-01 5.803368229403732710e-03 0.000000000000000000e+00
3.200000000000000000e+04 1.280072094955027051e-01 1.065088757396449731e-01 5.334547109695039202e-01 3.544606281292672079e-01 5.575785161583977738e-03 0.000000000000000000e+00
3.225000000000000000e+04 1.290072658196863564e-01 1.071916249431042328e-01 5.322030040964952358e-01 3.529813381884387979e-01 7.624032771961766417e-03 0.000000000000000000e+00
3.250000000000000000e+04 1.300073221438697857e-01 1.076467910787437393e-01 5.341374601729631522e-01 3.529813381884387979e-01 5.234410559854347014e-03 0.000000000000000000e+00
3.275000000000000000e+04 1.310073784680534370e-01 1.078743741465634925e-01 5.336822940373235902e-01 3.543468365953573174e-01 4.096495220755575623e-03 0.000000000000000000e+00
3.300000000000000000e+04 1.320074347922370883e-01 1.055985434683659602e-01 5.343650432407829332e-01 3.542330450614474269e-01 5.803368229403732710e-03 0.000000000000000000e+00
3.325000000000000000e+04 1.330074911164207396e-01 1.083295402822029990e-01 5.327719617660445772e-01 3.536640873918980299e-01 5.234410559854347014e-03 0.000000000000000000e+00
3.350000000000000000e+04 1.340075474406043909e-01 1.075329995448338627e-01 5.322030040964952358e-01 3.534365043240783044e-01 6.827492034592626616e-03 0.000000000000000000e+00
3.375000000000000000e+04 1.350076037647880423e-01 1.120846609012289552e-01 5.310650887573964418e-01 3.515020482476103880e-01 5.348202093764223633e-03 0.000000000000000000e+00
3.400000000000000000e+04 1.360076600889714715e-01 1.134501593081474746e-01 5.283340919435594030e-01 3.529813381884387979e-01 5.234410559854347014e-03 0.000000000000000000e+00
3.425000000000000000e+04 1.370077164131551228e-01 1.075329995448338627e-01 5.328857532999544677e-01 3.540054619936277014e-01 5.575785161583977738e-03 0.000000000000000000e+00
3.450000000000000000e+04 1.380077727373387741e-01 1.131087847064178448e-01 5.303823395539372099e-01 3.505917159763313751e-01 5.917159763313609329e-03 0.000000000000000000e+00
3.475000000000000000e+04 1.390078290615224255e-01 1.125398270368684617e-01 5.307237141556667703e-01 3.525261720527992915e-01 4.210286754665453109e-03 0.000000000000000000e+00
3.500000000000000000e+04 1.400078853857060768e-01 1.190259444697314567e-01 5.265134274010013771e-01 3.478607191624943362e-01 6.599908966772872511e-03 0.000000000000000000e+00
3.525000000000000000e+04 1.410079417098897281e-01 1.183431952662721831e-01 5.262858443331815961e-01 3.485434683659535682e-01 6.827492034592626616e-03 0.000000000000000000e+00
3.550000000000000000e+04 1.420079980340731574e-01 1.213017751479289891e-01 5.243513882567136797e-01 3.479745106964041712e-01 6.372325898953117539e-03 0.000000000000000000e+00
3.575000000000000000e+04 1.430080543582568087e-01 1.174328629949931702e-01 5.294720072826581969e-01 3.298816568047337472e-01 2.321347291761493084e-02 0.000000000000000000e+00
3.600000000000000000e+04 1.440081106824404600e-01 1.413290851160673711e-01 5.045516613563950648e-01 3.313609467455621571e-01 2.275830678197542090e-02 0.000000000000000000e+00
3.625000000000000000e+04 1.450081670066241113e-01 1.259672280382339582e-01 5.262858443331815961e-01 3.423987255348202030e-01 5.348202093764223633e-03 0.000000000000000000e+00
3.650000000000000000e+04 1.460082233308077626e-01 1.129949931725079681e-01 5.367546654528903005e-01 3.493400091033226906e-01 9.103322712790168532e-04 0.000000000000000000e+00
3.675000000000000000e+04 1.470082796549914139e-01 1.202776513427400995e-01 5.287892580791988539e-01 3.466090122894856518e-01 4.324078288575329727e-03 0.000000000000000000e+00
3.700000000000000000e+04 1.480083359791748432e-01 1.197086936731907164e-01 5.284478834774692935e-01 3.468365953573054328e-01 5.006827492034592909e-03 0.000000000000000000e+00
3.725000000000000000e+04 1.490083923033584945e-01 1.284706417842512438e-01 5.223031406463358728e-01 3.437642239417387224e-01 5.461993627674101119e-03 0.000000000000000000e+00
3.750000000000000000e+04 1.500084486275421458e-01 1.289258079198907503e-01 5.182066454255803700e-01 3.438780154756486129e-01 8.989531178880291046e-03 0.000000000000000000e+00
3.775000000000000000e+04 1.510085049517257971e-01 1.449704142011834229e-01 4.897587619481110766e-01 3.279472007282658308e-01 3.732362312243969055e-02 0.000000000000000000e+00
3.800000000000000000e+04 1.520085612759094484e-01 1.474738279472007363e-01 4.008875739644970349e-01 3.289713245334547342e-01 1.226672735548475224e-01 0.000000000000000000e+00
3.825000000000000000e+04 1.530086176000930998e-01 1.647701411015020379e-01 4.063495675921711681e-01 3.007510241238051663e-01 1.281292671825216278e-01 0.000000000000000000e+00
3.850000000000000000e+04 1.540086739242765290e-01 1.615839781520254925e-01 4.357077833409194190e-01 3.491124260355029651e-01 5.359581247155211642e-02 0.000000000000000000e+00
3.875000000000000000e+04 1.550087302484601803e-01 1.232362312243969055e-01 5.703231679563040002e-01 2.876649977241693135e-01 1.877560309512972189e-02 0.000000000000000000e+00
3.900000000000000000e+04 1.560087865726438316e-01 7.578516158397814728e-02 6.912835685025033872e-01 2.216659080564405970e-01 1.126536185707783383e-02 0.000000000000000000e+00
3.925000000000000000e+04 1.570088428968274830e-01 5.131998179335457710e-02 7.551206190259445172e-01 1.736458807464724696e-01 1.991351843422849502e-02 0.000000000000000000e+00
3.950000000000000000e+04 1.580088992210111343e-01 5.188893946290396020e-02 7.276968593536641272e-01 2.124487938097405493e-01 7.965407373691398007e-03 0.000000000000000000e+00
3.975000000000000000e+04 1.590089555451947856e-01 3.413746017296313134e-02 8.249886208466090665e-01 1.372325898953117851e-01 3.641329085116067413e-03 0.000000000000000000e+00
4.000000000000000000e+04 1.600090118693782149e-01 3.777878925807919702e-02 7.859581247155211781e-01 1.708010923987255403e-01 5.461993627674101119e-03 0.000000000000000000e+00
4.025000000000000000e+04 1.610090681935618662e-01 2.947200728265816916e-02 7.751479289940828021e-01 1.949248975876194945e-01 4.551661356395084266e-04 0.000000000000000000e+00
4.050000000000000000e+04 1.620091245177455175e-01 2.958579881656804578e-02 7.750341374601729116e-01 1.951524806554392477e-01 2.275830678197542133e-04 0.000000000000000000e+00
4.075000000000000000e+04 1.630091808419291688e-01 3.140646335912607862e-02 7.749203459262631322e-01 1.920801092398725651e-01 1.593081474738279385e-03 0.000000000000000000e+00
4.100000000000000000e+04 1.640092371661128201e-01 2.969959035047792587e-02 7.751479289940828021e-01 1.950386891215293572e-01 1.137915339098771066e-04 0.000000000000000000e+00
4.125000000000000000e+04 1.650092934902964714e-01 2.947200728265816916e-02 7.751479289940828021e-01 1.952662721893491105e-01 1.137915339098771066e-04 0.000000000000000000e+00
4.150000000000000000e+04 1.660093498144799007e-01 3.015475648611743234e-02 7.751479289940828021e-01 1.945835229858898507e-01 1.137915339098771066e-04 0.000000000000000000e+00
4.175000000000000000e+04 1.670094061386635520e-01 2.981338188438780248e-02 7.751479289940828021e-01 1.950386891215293572e-01 0.000000000000000000e+00 0.000000000000000000e+00
4.200000000000000000e+04 1.680094624628472033e-01 3.015475648611743234e-02 7.751479289940828021e-01 1.946973145197997135e-01 0.000000000000000000e+00 0.000000000000000000e+00
4.225000000000000000e+04 1.690095187870308546e-01 2.981338188438780248e-02 7.750341374601729116e-01 1.950386891215293572e-01 1.137915339098771066e-04 0.000000000000000000e+00
4.250000000000000000e+04 1.700095751112145059e-01 2.947200728265816916e-02 7.751479289940828021e-01 1.946973145197997135e-01 6.827492034592626399e-04 0.000000000000000000e+00
4.275000000000000000e+04 1.710096314353981573e-01 2.969959035047792587e-02 7.751479289940828021e-01 1.949248975876194945e-01 2.275830678197542133e-04 0.000000000000000000e+00
4.300000000000000000e+04 1.720096877595815865e-01 2.992717341829767910e-02 7.751479289940828021e-01 1.948111060537096040e-01 1.137915339098771066e-04 0.000000000000000000e+00
4.325000000000000000e+04 1.730097440837652378e-01 2.935821574874829254e-02 7.751479289940828021e-01 1.952662721893491105e-01 2.275830678197542133e-04 0.000000000000000000e+00
4.350000000000000000e+04 1.740098004079488891e-01 3.015475648611743234e-02 7.751479289940828021e-01 1.946973145197997135e-01 0.000000000000000000e+00 0.000000000000000000e+00
4.375000000000000000e+04 1.750098567321325405e-01 2.958579881656804578e-02 7.751479289940828021e-01 1.951524806554392477e-01 1.137915339098771066e-04 0.000000000000000000e+00
4.400000000000000000e+04 1.760099130563161918e-01 2.992717341829767910e-02 7.751479289940828021e-01 1.948111060537096040e-01 1.137915339098771066e-04 0.000000000000000000e+00
4.425000000000000000e+04 1.770099693804998431e-01 3.004096495220755572e-02 7.751479289940828021e-01 1.944697314519799602e-01 3.413746017296313199e-04 0.000000000000000000e+00
4.450000000000000000e+04 1.780100257046832724e-01 2.992717341829767910e-02 7.751479289940828021e-01 1.949248975876194945e-01 0.000000000000000000e+00 0.000000000000000000e+00
4.475000000000000000e+04 1.790100820288669237e-01 3.072371415566681890e-02 7.751479289940828021e-01 1.937869822485207005e-01 3.413746017296313199e-04 0.000000000000000000e+00
4.500000000000000000e+04 1.800101383530505750e-01 3.015475648611743234e-02 7.751479289940828021e-01 1.946973145197997135e-01 0.000000000000000000e+00 0.000000000000000000e+00
4.525000000000000000e+04 1.810101946772342263e-01 3.015475648611743234e-02 7.751479289940828021e-01 1.944697314519799602e-01 2.275830678197542133e-04 0.000000000000000000e+00
4.550000000000000000e+04 1.820102510014178776e-01 3.004096495220755572e-02 7.751479289940828021e-01 1.945835229858898507e-01 2.275830678197542133e-04 0.000000000000000000e+00
4.575000000000000000e+04 1.830103073256015289e-01 3.049613108784706567e-02 7.751479289940828021e-01 1.939007737824305910e-01 4.551661356395084266e-04 0.000000000000000000e+00
4.600000000000000000e+04 1.840103636497849582e-01 3.220300409649522189e-02 7.751479289940828021e-01 1.920801092398725651e-01 5.689576695493854790e-04 0.000000000000000000e+00
4.625000000000000000e+04 1.850104199739686095e-01 3.060992262175694228e-02 7.751479289940828021e-01 1.939007737824305910e-01 3.413746017296313199e-04 0.000000000000000000e+00
4.650000000000000000e+04 1.860104762981522608e-01 3.038233955393718558e-02 7.751479289940828021e-01 1.939007737824305910e-01 5.689576695493854790e-04 0.000000000000000000e+00
4.675000000000000000e+04 1.870105326223359121e-01 3.152025489303595523e-02 7.751479289940828021e-01 1.924214838416021811e-01 9.103322712790168532e-04 0.000000000000000000e+00
4.700000000000000000e+04 1.880105889465195634e-01 3.060992262175694228e-02 7.751479289940828021e-01 1.934456076467910846e-01 7.965407373691396923e-04 0.000000000000000000e+00
4.725000000000000000e+04 1.890106452707032147e-01 3.106508875739644876e-02 7.748065543923532417e-01 1.933318161128811941e-01 7.965407373691396923e-04 0.000000000000000000e+00
4.750000000000000000e+04 1.900107015948866440e-01 3.265817023213472836e-02 7.751479289940828021e-01 1.917387346381429214e-01 4.551661356395084266e-04 0.000000000000000000e+00
4.775000000000000000e+04 1.910107579190702953e-01 3.914428766499772339e-02 7.750341374601729116e-01 1.844560764679107900e-01 1.365498406918525280e-03 0.000000000000000000e+00
4.800000000000000000e+04 1.920108142432539466e-01 0.000000000000000000e+00 9.230769230769231282e-01 7.692307692307692735e-02 0.000000000000000000e+00 0.000000000000000000e+00
4.825000000000000000e+04 1.930108705674375980e-01 0.000000000000000000e+00 9.230769230769231282e-01 7.692307692307692735e-02 0.000000000000000000e+00 0.000000000000000000e+00
4.850000000000000000e+04 1.940109268916212493e-01 0.000000000000000000e+00 9.230769230769231282e-01 7.692307692307692735e-02 0.000000000000000000e+00 0.000000000000000000e+00
4.875000000000000000e+04 1.950109832158049006e-01 0.000000000000000000e+00 9.230769230769231282e-01 7.692307692307692735e-02 0.000000000000000000e+00 0.000000000000000000e+00
4.900000000000000000e+04 1.960110395399883298e-01 0.000000000000000000e+00 9.230769230769231282e-01 7.692307692307692735e-02 0.000000000000000000e+00 0.000000000000000000e+00
4.925000000000000000e+04 1.970110958641719812e-01 0.000000000000000000e+00 9.230769230769231282e-01 7.692307692307692735e-02 0.000000000000000000e+00 0.000000000000000000e+00
4.950000000000000000e+04 1.980111521883556325e-01 0.000000000000000000e+00 9.230769230769231282e-01 7.692307692307692735e-02 0.000000000000000000e+00 0.000000000000000000e+00
4.975000000000000000e+04 1.990112085125392838e-01 0.000000000000000000e+00 9.230769230769231282e-01 7.692307692307692735e-02 0.000000000000000000e+00 0.000000000000000000e+00
5.000000000000000000e+04 2.000112648367229351e-01 0.000000000000000000e+00 9.230769230769231282e-01 7.692307692307692735e-02 0.000000000000000000e+00 0.000000000000000000e+00
5.025000000000000000e+04 2.010113211609065864e-01 0.000000000000000000e+00 9.230769230769231282e-01 7.692307692307692735e-02 0.000000000000000000e+00 0.000000000000000000e+00
5.050000000000000000e+04 2.020113774850900157e-01 0.000000000000000000e+00 9.230769230769231282e-01 7.692307692307692735e-02 0.000000000000000000e+00 0.000000000000000000e+00
5.075000000000000000e+04 2.030114338092736670e-01 0.000000000000000000e+00 9.230769230769231282e-01 7.692307692307692735e-02 0.000000000000000000e+00 0.000000000000000000e+00
5.100000000000000000e+04 2.040114901334573183e-01 0.000000000000000000e+00 9.230769230769231282e-01 7.692307692307692735e-02 0.000000000000000000e+00 0.000000000000000000e+00
5.125000000000000000e+04 2.050115464576409696e-01 0.000000000000000000e+00 9.230769230769231282e-01 7.692307692307692735e-02 0.000000000000000000e+00 0.000000000000000000e+00
5.150000000000000000e+04 2.060116027818246209e-01 0.000000000000000000e+00 9.230769230769231282e-01 7.692307692307692735e-02 0.000000000000000000e+00 0.000000000000000000e+00
5.175000000000000000e+04 2.070116591060082722e-01 0.000000000000000000e+00 9.230769230769231282e-01 7.692307692307692735e-02 0.000000000000000000e+00 0.000000000000000000e+00
5.200000000000000000e+04 2.080117154301917015e-01 0.000000000000000000e+00 9.230769230769231282e-01 7.692307692307692735e-02 0.000000000000000000e+00 0.000000000000000000e+00
5.225000000000000000e+04 2.090117717543753528e-01 0.000000000000000000e+00 9.230769230769231282e-01 7.692307692307692735e-02 0.000000000000000000e+00 0.000000000000000000e+00
5.250000000000000000e+04 2.100118280785590041e-01 0.000000000000000000e+00 9.230769230769231282e-01 7.692307692307692735e-02 0.000000000000000000e+00 0.000000000000000000e+00
5.275000000000000000e+04 2.110118844027426555e-01 0.000000000000000000e+00 9.230769230769231282e-01 7.692307692307692735e-02 0.000000000000000000e+00 0.000000000000000000e+00
5.300000000000000000e+04 2.120119407269263068e-01 0.000000000000000000e+00 9.230769230769231282e-01 7.692307692307692735e-02 0.000000000000000000e+00 0.000000000000000000e+00
5.325000000000000000e+04 2.130119970511099581e-01 0.000000000000000000e+00 9.230769230769231282e-01 7.692307692307692735e-02 0.000000000000000000e+00 0.000000000000000000e+00
5.350000000000000000e+04 2.140120533752933873e-01 0.000000000000000000e+00 9.230769230769231282e-01 7.692307692307692735e-02 0.000000000000000000e+00 0.000000000000000000e+00
5.375000000000000000e+04 2.150121096994770387e-01 0.000000000000000000e+00 9.230769230769231282e-01 7.692307692307692735e-02 0.000000000000000000e+00 0.000000000000000000e+00
5.400000000000000000e+04 2.160121660236606900e-01 0.000000000000000000e+00 9.230769230769231282e-01 7.692307692307692735e-02 0.000000000000000000e+00 0.000000000000000000e+00
5.425000000000000000e+04 2.170122223478443413e-01 0.000000000000000000e+00 9.230769230769231282e-01 7.692307692307692735e-02 0.000000000000000000e+00 0.000000000000000000e+00
5.450000000000000000e+04 2.180122786720279926e-01 0.000000000000000000e+00 9.230769230769231282e-01 7.692307692307692735e-02 0.000000000000000000e+00 0.000000000000000000e+00
5.475000000000000000e+04 2.190123349962116439e-01 0.000000000000000000e+00 9.230769230769231282e-01 7.692307692307692735e-02 0.000000000000000000e+00 0.000000000000000000e+00
5.500000000000000000e+04 2.200123913203950732e-01 0.000000000000000000e+00 9.230769230769231282e-01 7.692307692307692735e-02 0.000000000000000000e+00 0.000000000000000000e+00
5.525000000000000000e+04 2.210124476445787245e-01 0.000000000000000000e+00 9.230769230769231282e-01 7.692307692307692735e-02 0.000000000000000000e+00 0.000000000000000000e+00
5.550000000000000000e+04 2.220125039687623758e-01 0.000000000000000000e+00 9.230769230769231282e-01 7.692307692307692735e-02 0.000000000000000000e+00 0.000000000000000000e+00
5.575000000000000000e+04 2.230125602929460271e-01 0.000000000000000000e+00 9.230769230769231282e-01 7.692307692307692735e-02 0.000000000000000000e+00 0.000000000000000000e+00
5.600000000000000000e+04 2.240126166171296784e-01 0.000000000000000000e+00 9.230769230769231282e-01 7.692307692307692735e-02 0.000000000000000000e+00 0.000000000000000000e+00
5.625000000000000000e+04 2.250126729413133297e-01 0.000000000000000000e+00 9.230769230769231282e-01 7.692307692307692735e-02 0.000000000000000000e+00 0.000000000000000000e+00
5.650000000000000000e+04 2.260127292654967590e-01 0.000000000000000000e+00 9.230769230769231282e-01 7.692307692307692735e-02 0.000000000000000000e+00 0.000000000000000000e+00
5.675000000000000000e+04 2.270127855896804103e-01 0.000000000000000000e+00 9.230769230769231282e-01 7.692307692307692735e-02 0.000000000000000000e+00 0.000000000000000000e+00
