# itime ezz other fcc hcp bcc ico
0.000000000000000000e+00 0.000000000000000000e+00 0.000000000000000000e+00 1.000000000000000000e+00 0.000000000000000000e+00 0.000000000000000000e+00 0.000000000000000000e+00
2.500000000000000000e+02 1.000000603049389092e-02 0.000000000000000000e+00 1.000000000000000000e+00 0.000000000000000000e+00 0.000000000000000000e+00 0.000000000000000000e+00
5.000000000000000000e+02 2.000001206098800388e-02 0.000000000000000000e+00 1.000000000000000000e+00 0.000000000000000000e+00 0.000000000000000000e+00 0.000000000000000000e+00
7.500000000000000000e+02 3.000001809148189480e-02 0.000000000000000000e+00 1.000000000000000000e+00 0.000000000000000000e+00 0.000000000000000000e+00 0.000000000000000000e+00
1.000000000000000000e+03 4.000002412197600776e-02 0.000000000000000000e+00 1.000000000000000000e+00 0.000000000000000000e+00 0.000000000000000000e+00 0.000000000000000000e+00
1.250000000000000000e+03 5.000003015246989868e-02 0.000000000000000000e+00 1.000000000000000000e+00 0.000000000000000000e+00 0.000000000000000000e+00 0.000000000000000000e+00
1.500000000000000000e+03 6.000003618296378960e-02 0.000000000000000000e+00 1.000000000000000000e+00 0.000000000000000000e+00 0.000000000000000000e+00 0.000000000000000000e+00
1.750000000000000000e+03 7.000004221345790256e-02 0.000000000000000000e+00 1.000000000000000000e+00 0.000000000000000000e+00 0.000000000000000000e+00 0.000000000000000000e+00
2.000000000000000000e+03 8.000004824395179348e-02 0.000000000000000000e+00 1.000000000000000000e+00 0.000000000000000000e+00 0.000000000000000000e+00 0.000000000000000000e+00
2.250000000000000000e+03 9.000005427444590644e-02 7.965407373691396923e-04 9.990896677287209870e-01 0.000000000000000000e+00 1.137915339098771066e-04 0.000000000000000000e+00
2.500000000000000000e+03 1.000000603049397974e-01 3.299954483386436255e-03 9.967000455166135087e-01 0.000000000000000000e+00 0.000000000000000000e+00 0.000000000000000000e+00
2.750000000000000000e+03 1.100000663354336883e-01 1.024123805188893906e-02 9.891898042785616241e-01 0.000000000000000000e+00 5.689576695493854790e-04 0.000000000000000000e+00
3.000000000000000000e+03 1.200000723659278012e-01 1.119708693673190647e-01 7.898270368684570109e-01 0.000000000000000000e+00 9.820209376422393832e-02 0.000000000000000000e+00
3.250000000000000000e+03 1.300000783964216922e-01 3.854119253527537592e-01 1.483841602184797492e-01 1.172052799271734204e-02 4.544833864360491305e-01 0.000000000000000000e+00
3.500000000000000000e+03 1.400000844269158051e-01 4.053254437869822646e-01 2.455621301775147980e-01 1.624943104233045055e-01 1.866181156121984597e-01 0.000000000000000000e+00
3.750000000000000000e+03 1.500000904574096960e-01 3.819981793354574329e-01 3.088302230314064478e-01 2.118798361401911801e-01 9.729176149294492537e-02 0.000000000000000000e+00
4.000000000000000000e+03 1.600000964879035870e-01 3.294264906690942407e-01 3.932635411925352598e-01 2.284934000910332219e-01 4.881656804733727761e-02 0.000000000000000000e+00
4.250000000000000000e+03 1.700001025183976999e-01 3.175921711424670169e-01 4.382111970869367323e-01 2.159763313609467383e-01 2.822030040964952288e-02 0.000000000000000000e+00
4.500000000000000000e+03 1.800001085488915908e-01 2.502275830678197810e-01 5.128584433318160718e-01 2.238279472007282667e-01 1.308602639963586667e-02 0.000000000000000000e+00
4.750000000000000000e+03 1.900001145793857038e-01 2.457897132453345512e-01 5.184342284934000400e-01 2.234865725989986229e-01 1.228948566226672687e-02 0.000000000000000000e+00
5.000000000000000000e+03 2.000001206098795947e-01 2.328174783796085612e-01 5.286754665452890745e-01 2.264451524806554428e-01 1.206190259444697363e-02 0.000000000000000000e+00
5.250000000000000000e+03 2.100001266403734856e-01 2.220072826581702408e-01 5.370960400546199720e-01 2.321347291761493015e-01 8.761948111060537808e-03 0.000000000000000000e+00
5.500000000000000000e+03 2.200001326708675986e-01 2.267865270823850588e-01 5.360719162494310686e-01 2.292899408284023721e-01 7.851615839781519654e-03 0.000000000000000000e+00
5.750000000000000000e+03 2.300001387013614895e-01 2.394173873463814328e-01 5.306099226217569909e-01 2.182521620391442985e-01 1.172052799271734204e-02 0.000000000000000000e+00
6.000000000000000000e+03 2.400001447318556025e-01 2.451069640418752915e-01 5.629267182521620061e-01 1.850250341374601593e-01 6.941283568502503235e-03 0.000000000000000000e+00
6.250000000000000000e+03 2.500001507623494934e-01 2.162039144287664916e-01 5.987710514337732937e-01 1.784251251706872876e-01 6.599908966772872511e-03 0.000000000000000000e+00
6.500000000000000000e+03 2.600001567928433843e-01 2.130177514792899462e-01 6.050295857988166048e-01 1.738734638142922229e-01 8.079198907601274626e-03 0.000000000000000000e+00
6.750000000000000000e+03 2.700001628233374973e-01 2.106281292671825234e-01 6.009330905780609910e-01 1.801319981793354508e-01 8.306781975421027864e-03 0.000000000000000000e+00
7.000000000000000000e+03 2.800001688538313882e-01 2.056213017751479244e-01 6.181156121984524576e-01 1.697769685935366368e-01 6.486117432862995025e-03 0.000000000000000000e+00
7.250000000000000000e+03 2.900001748843255012e-01 2.124487938097405493e-01 6.074192080109239722e-01 1.719390077378243065e-01 8.192990441511151245e-03 0.000000000000000000e+00
7.500000000000000000e+03 3.000001809148193921e-01 1.981110605370960398e-01 6.243741465634956578e-01 1.736458807464724696e-01 3.868912152935821518e-03 0.000000000000000000e+00
7.750000000000000000e+03 3.100001869453132830e-01 2.047109695038689114e-01 6.178880291306326766e-01 1.726217569412835662e-01 4.779244424214838804e-03 0.000000000000000000e+00
8.000000000000000000e+03 3.200001929758073960e-01 2.089212562585343602e-01 6.060537096040055083e-01 1.781975421028675344e-01 6.827492034592626616e-03 0.000000000000000000e+00
8.250000000000000000e+03 3.300001990063012869e-01 2.055075102412380617e-01 6.096950386891215601e-01 1.751251706873008518e-01 9.672280382339554228e-03 0.000000000000000000e+00
8.500000000000000000e+03 3.400002050367951778e-01 2.040282203004096517e-01 6.161811561219845412e-01 1.717114246700045532e-01 8.079198907601274626e-03 0.000000000000000000e+00
8.750000000000000000e+03 3.500002110672892908e-01 2.064178425125170746e-01 6.120846609012289274e-01 1.743286299499317293e-01 7.168866636322257339e-03 0.000000000000000000e+00
9.000000000000000000e+03 3.600002170977831817e-01 2.009558488848429691e-01 6.184569868001820181e-01 1.722803823395539502e-01 8.306781975421027864e-03 0.000000000000000000e+00
9.250000000000000000e+03 3.700002231282772946e-01 2.065316340464269373e-01 6.166363222576239922e-01 1.692080109239872676e-01 7.624032771961766417e-03 0.000000000000000000e+00
9.500000000000000000e+03 3.800002291587711856e-01 2.074419663177059503e-01 6.132225762403277214e-01 1.711424670004551563e-01 8.192990441511151245e-03 0.000000000000000000e+00
9.750000000000000000e+03 3.900002351892650765e-01 2.296313154301319881e-01 6.057123350022758368e-01 1.563495675921711403e-01 8.306781975421027864e-03 0.000000000000000000e+00
1.000000000000000000e+04 4.000002412197591894e-01 2.207555757851615841e-01 6.265361857077833552e-01 1.449704142011834229e-01 7.737824305871643035e-03 0.000000000000000000e+00
1.025000000000000000e+04 4.100002472502530804e-01 1.960628129267182607e-01 6.536185707783340737e-01 1.465634956759217233e-01 3.755120619025944465e-03 0.000000000000000000e+00
1.050000000000000000e+04 4.200002532807471933e-01 1.912835685025034149e-01 6.582840236686390289e-01 1.467910787437414766e-01 3.641329085116067413e-03 0.000000000000000000e+00
1.075000000000000000e+04 4.300002593112410842e-01 1.811561219845243542e-01 6.738734638142922506e-01 1.421256258534364936e-01 2.844788347746927612e-03 0.000000000000000000e+00
1.100000000000000000e+04 4.400002653417349752e-01 1.671597633136094607e-01 6.807009558488847922e-01 1.517979062357760478e-01 3.413746017296313199e-04 0.000000000000000000e+00
1.125000000000000000e+04 4.500002713722290881e-01 1.668183887118798447e-01 6.813837050523441352e-01 1.506599908966772816e-01 1.137915339098770958e-03 0.000000000000000000e+00
1.150000000000000000e+04 4.600002774027229790e-01 1.689804278561675144e-01 6.794492489758762188e-01 1.505461993627674189e-01 1.024123805188893906e-03 0.000000000000000000e+00
1.175000000000000000e+04 4.700002834332170920e-01 1.718252162039144160e-01 6.756941283568502765e-01 1.508875739644970349e-01 1.593081474738279385e-03 0.000000000000000000e+00
1.200000000000000000e+04 4.800002894637109829e-01 1.750113791533909890e-01 6.729631315430132377e-01 1.510013654984069253e-01 1.024123805188893906e-03 0.000000000000000000e+00
1.225000000000000000e+04 4.900002954942048738e-01 1.739872553482020856e-01 6.738734638142922506e-01 1.498634501593081592e-01 2.275830678197541916e-03 0.000000000000000000e+00
1.250000000000000000e+04 5.000003015246989868e-01 1.813837050523441075e-01 6.697769685935366368e-01 1.462221210741920796e-01 2.617205279927173507e-03 0.000000000000000000e+00
1.275000000000000000e+04 5.100003075551928777e-01 1.853664087391898030e-01 6.605598543468366168e-01 1.478152025489303523e-01 6.258534365043240920e-03 0.000000000000000000e+00
1.300000000000000000e+04 5.200003135856869907e-01 1.977696859353663961e-01 6.515703231679562668e-01 1.441738734638143005e-01 6.486117432862995025e-03 0.000000000000000000e+00
1.325000000000000000e+04 5.300003196161808816e-01 2.256486117432862926e-01 6.109467455621301335e-01 1.561219845243513871e-01 7.282658170232134826e-03 0.000000000000000000e+00
1.350000000000000000e+04 5.400003256466747725e-01 2.518206645425580259e-01 5.606508875739645292e-01 1.770596267637687682e-01 1.046882111970869403e-02 0.000000000000000000e+00
1.375000000000000000e+04 5.500003316771688855e-01 2.480655439235320836e-01 5.466545289030496635e-01 1.962903959945380139e-01 8.989531178880291046e-03 0.000000000000000000e+00
1.400000000000000000e+04 5.600003377076627764e-01 2.525034137460173134e-01 5.336822940373235902e-01 2.057350933090578149e-01 8.079198907601274626e-03 0.000000000000000000e+00
1.425000000000000000e+04 5.700003437381568894e-01 2.587619481110605135e-01 5.337960855712334807e-01 1.993627674101046965e-01 8.079198907601274626e-03 0.000000000000000000e+00
1.450000000000000000e+04 5.800003497686507803e-01 2.685480200273099860e-01 5.417614929449249273e-01 1.843422849340008995e-01 5.348202093764223633e-03 0.000000000000000000e+00
1.475000000000000000e+04 5.900003557991446712e-01 2.558033682294037492e-01 5.682749203459263043e-01 1.677287209831588577e-01 8.192990441511151245e-03 0.000000000000000000e+00
1.500000000000000000e+04 6.000003618296387842e-01 2.477241693218024676e-01 5.728265817023213691e-01 1.725079654073737034e-01 6.941283568502503235e-03 0.000000000000000000e+00
1.525000000000000000e+04 6.100003678601326751e-01 2.397587619481110488e-01 5.758989531178880794e-01 1.762630860263996457e-01 8.079198907601274626e-03 0.000000000000000000e+00
1.550000000000000000e+04 6.200003738906267881e-01 2.469276285844333174e-01 5.671370050068275104e-01 1.794492489758761911e-01 6.486117432862995025e-03 0.000000000000000000e+00
1.575000000000000000e+04 6.300003799211206790e-01 2.510241238051889034e-01 5.556440600819299025e-01 1.858215748748293095e-01 7.510241238051888930e-03 0.000000000000000000e+00
1.600000000000000000e+04 6.400003859516145699e-01 2.612653618570778269e-01 5.418752844788348177e-01 1.877560309512972259e-01 9.103322712790167665e-03 0.000000000000000000e+00
1.625000000000000000e+04 6.500003919821086829e-01 2.676376877560309731e-01 5.555302685480200120e-01 1.703459262630860338e-01 6.486117432862995025e-03 0.000000000000000000e+00
1.650000000000000000e+04 6.600003980126025738e-01 2.752617205279926926e-01 5.472234865725990050e-01 1.692080109239872676e-01 8.306781975421027864e-03 0.000000000000000000e+00
1.675000000000000000e+04 6.700004040430966867e-01 2.781065088757396220e-01 5.572371415566681474e-01 1.554392353208921274e-01 9.217114246700046018e-03 0.000000000000000000e+00
1.700000000000000000e+04 6.800004100735905777e-01 2.652480655439235502e-01 5.743058716431497235e-01 1.524806554392353075e-01 7.965407373691398007e-03 0.000000000000000000e+00
1.725000000000000000e+04 6.900004161040844686e-01 2.486345015930814806e-01 5.875056895766954668e-01 1.556668183887118806e-01 8.192990441511151245e-03 0.000000000000000000e+00
1.750000000000000000e+04 7.000004221345785815e-01 2.397587619481110488e-01 5.999089667728720876e-01 1.529358215748748417e-01 7.396449704142011444e-03 0.000000000000000000e+00
1.775000000000000000e+04 7.100004281650724725e-01 2.406690942193900895e-01 5.963814292216659263e-01 1.548702776513427304e-01 8.079198907601274626e-03 0.000000000000000000e+00
1.800000000000000000e+04 7.200004341955665854e-01 2.480655439235320836e-01 5.909194355939918486e-01 1.537323623122439642e-01 7.282658170232134826e-03 0.000000000000000000e+00
1.825000000000000000e+04 7.300004402260604763e-01 2.436276741010468816e-01 5.942193900773782289e-01 1.528220300409649512e-01 9.330905780609922637e-03 0.000000000000000000e+00
1.850000000000000000e+04 7.400004462565543673e-01 2.526172052799271484e-01 5.791989076012744597e-01 1.586253982703686727e-01 9.558488848429677609e-03 0.000000000000000000e+00
1.875000000000000000e+04 7.500004522870484802e-01 2.586481565771506785e-01 5.741920801092398330e-01 1.582840236686390567e-01 8.875739644970414427e-03 0.000000000000000000e+00
1.900000000000000000e+04 7.600004583175423711e-01 2.678652708238506985e-01 5.540509786071916576e-01 1.664770141101502010e-01 1.160673645880746542e-02 0.000000000000000000e+00
1.925000000000000000e+04 7.700004643480364841e-01 2.767410104688211026e-01 5.647473827947200320e-01 1.484979517523896120e-01 1.001365498406918582e-02 0.000000000000000000e+00
1.950000000000000000e+04 7.800004703785303750e-01 2.717341829767865313e-01 5.728265817023213691e-01 1.470186618115612298e-01 8.420573509330906217e-03 0.000000000000000000e+00
1.975000000000000000e+04 7.900004764090242659e-01 2.668411470186617951e-01 5.677059626763768518e-01 1.558944014565316338e-01 9.558488848429677609e-03 0.000000000000000000e+00
2.000000000000000000e+04 8.000004824395183789e-01 2.666135639508420696e-01 5.644060081929904715e-01 1.583978152025489194e-01 1.058261265361857065e-02 0.000000000000000000e+00
2.025000000000000000e+04 8.100004884700122698e-01 2.581929904415111721e-01 5.735093309057806010e-01 1.591943559399180697e-01 9.103322712790167665e-03 0.000000000000000000e+00
2.050000000000000000e+04 8.200004945005063828e-01 2.404415111515703363e-01 5.979745106964041712e-01 1.539599453800637174e-01 7.624032771961766417e-03 0.000000000000000000e+00
2.075000000000000000e+04 8.300005005310002737e-01 2.444242148384160318e-01 5.900091033227128356e-01 1.566909421939007840e-01 8.875739644970414427e-03 0.000000000000000000e+00
2.100000000000000000e+04 8.400005065614941646e-01 2.528447883477469293e-01 5.853436504324078804e-01 1.543013199817933612e-01 7.510241238051888930e-03 0.000000000000000000e+00
2.125000000000000000e+04 8.500005125919882776e-01 2.520482476103778069e-01 5.811333636777423761e-01 1.594219390077378229e-01 7.396449704142011444e-03 0.000000000000000000e+00
2.150000000000000000e+04 8.600005186224821685e-01 2.509103322712790130e-01 5.794264906690942407e-01 1.605598543468365891e-01 9.103322712790167665e-03 0.000000000000000000e+00
2.175000000000000000e+04 8.700005246529762815e-01 2.603550295857988139e-01 5.613336367774237612e-01 1.706873008648156498e-01 7.624032771961766417e-03 0.000000000000000000e+00
2.200000000000000000e+04 8.800005306834701724e-01 2.675238962221210826e-01 5.525716886663631922e-01 1.721665908056440597e-01 7.737824305871643035e-03 0.000000000000000000e+00
2.225000000000000000e+04 8.900005367139640633e-01 2.702548930359581214e-01 5.539371870732817671e-01 1.667045971779699542e-01 9.103322712790167665e-03 0.000000000000000000e+00
2.250000000000000000e+04 9.000005427444581763e-01 2.784478834774692935e-01 5.409649522075558048e-01 1.711424670004551563e-01 9.444697314519799256e-03 0.000000000000000000e+00
2.275000000000000000e+04 9.100005487749520672e-01 2.839098771051433712e-01 5.238962221210742287e-01 1.843422849340008995e-01 7.851615839781519654e-03 0.000000000000000000e+00
2.300000000000000000e+04 9.200005548054461801e-01 2.916477014110150368e-01 5.135411925352754148e-01 1.865043240782885692e-01 8.306781975421027864e-03 0.000000000000000000e+00
2.325000000000000000e+04 9.300005608359400711e-01 2.972234865725990050e-01 5.056895766954938587e-01 1.846836595357305433e-01 1.240327719617660522e-02 0.000000000000000000e+00
2.350000000000000000e+04 9.400005668664339620e-01 3.029130632680928636e-01 5.012517068730086844e-01 1.847974510696404060e-01 1.103777878925807886e-02 0.000000000000000000e+00
2.375000000000000000e+04 9.500005728969280749e-01 3.041647701411014926e-01 4.939690487027765253e-01 1.896904870277651423e-01 1.217569412835685025e-02 0.000000000000000000e+00
2.400000000000000000e+04 9.600005789274219659e-01 2.965407373691397175e-01 4.989758761948110966e-01 1.953800637232590010e-01 9.103322712790167665e-03 0.000000000000000000e+00
2.425000000000000000e+04 9.700005849579160788e-01 3.092853891670459543e-01 5.005689576695493415e-01 1.775147928994082747e-01 1.263086026399635846e-02 0.000000000000000000e+00
2.450000000000000000e+04 9.800005909884099697e-01 3.116750113791533772e-01 5.030723714155667103e-01 1.750113791533909890e-01 1.024123805188893906e-02 0.000000000000000000e+00
2.475000000000000000e+04 9.900005970189038607e-01 3.124715521165225551e-01 5.138825671370049752e-01 1.624943104233045055e-01 1.115157032316795548e-02 0.000000000000000000e+00
2.500000000000000000e+04 1.000000603049397974e+00 3.113336367774237612e-01 5.179790623577605890e-01 1.611288120163859861e-01 9.558488848429677609e-03 0.000000000000000000e+00
