# itime ezz other fcc hcp bcc ico
0.000000000000000000e+00 0.000000000000000000e+00 0.000000000000000000e+00 1.000000000000000000e+00 0.000000000000000000e+00 0.000000000000000000e+00 0.000000000000000000e+00
2.500000000000000000e+01 9.999752229126190883e-04 0.000000000000000000e+00 1.000000000000000000e+00 0.000000000000000000e+00 0.000000000000000000e+00 0.000000000000000000e+00
5.000000000000000000e+01 1.999950445825016132e-03 0.000000000000000000e+00 1.000000000000000000e+00 0.000000000000000000e+00 0.000000000000000000e+00 0.000000000000000000e+00
7.500000000000000000e+01 2.999925668737635220e-03 0.000000000000000000e+00 1.000000000000000000e+00 0.000000000000000000e+00 0.000000000000000000e+00 0.000000000000000000e+00
1.000000000000000000e+02 3.999900891650254309e-03 0.000000000000000000e+00 1.000000000000000000e+00 0.000000000000000000e+00 0.000000000000000000e+00 0.000000000000000000e+00
1.250000000000000000e+02 4.999876114562651352e-03 0.000000000000000000e+00 1.000000000000000000e+00 0.000000000000000000e+00 0.000000000000000000e+00 0.000000000000000000e+00
1.500000000000000000e+02 5.999851337475270441e-03 0.000000000000000000e+00 1.000000000000000000e+00 0.000000000000000000e+00 0.000000000000000000e+00 0.000000000000000000e+00
1.750000000000000000e+02 6.999826560387667485e-03 0.000000000000000000e+00 1.000000000000000000e+00 0.000000000000000000e+00 0.000000000000000000e+00 0.000000000000000000e+00
2.000000000000000000e+02 7.999801783300286573e-03 0.000000000000000000e+00 1.000000000000000000e+00 0.000000000000000000e+00 0.000000000000000000e+00 0.000000000000000000e+00
2.250000000000000000e+02 8.999777006212905661e-03 0.000000000000000000e+00 1.000000000000000000e+00 0.000000000000000000e+00 0.000000000000000000e+00 0.000000000000000000e+00
2.500000000000000000e+02 9.999752229125302705e-03 0.000000000000000000e+00 1.000000000000000000e+00 0.000000000000000000e+00 0.000000000000000000e+00 0.000000000000000000e+00
2.750000000000000000e+02 1.099972745203792179e-02 0.000000000000000000e+00 1.000000000000000000e+00 0.000000000000000000e+00 0.000000000000000000e+00 0.000000000000000000e+00
3.000000000000000000e+02 1.199970267495054088e-02 0.000000000000000000e+00 1.000000000000000000e+00 0.000000000000000000e+00 0.000000000000000000e+00 0.000000000000000000e+00
3.250000000000000000e+02 1.299967789786293793e-02 0.000000000000000000e+00 1.000000000000000000e+00 0.000000000000000000e+00 0.000000000000000000e+00 0.000000000000000000e+00
3.500000000000000000e+02 1.399965312077555701e-02 0.000000000000000000e+00 1.000000000000000000e+00 0.000000000000000000e+00 0.000000000000000000e+00 0.000000000000000000e+00
3.750000000000000000e+02 1.499962834368795406e-02 0.000000000000000000e+00 1.000000000000000000e+00 0.000000000000000000e+00 0.000000000000000000e+00 0.000000000000000000e+00
4.000000000000000000e+02 1.599960356660057315e-02 0.000000000000000000e+00 1.000000000000000000e+00 0.000000000000000000e+00 0.000000000000000000e+00 0.000000000000000000e+00
4.250000000000000000e+02 1.699957878951319223e-02 0.000000000000000000e+00 1.000000000000000000e+00 0.000000000000000000e+00 0.000000000000000000e+00 0.000000000000000000e+00
4.500000000000000000e+02 1.799955401242558928e-02 0.000000000000000000e+00 1.000000000000000000e+00 0.000000000000000000e+00 0.000000000000000000e+00 0.000000000000000000e+00
4.750000000000000000e+02 1.899952923533820837e-02 0.000000000000000000e+00 1.000000000000000000e+00 0.000000000000000000e+00 0.000000000000000000e+00 0.000000000000000000e+00
5.000000000000000000e+02 1.999950445825082745e-02 0.000000000000000000e+00 1.000000000000000000e+00 0.000000000000000000e+00 0.000000000000000000e+00 0.000000000000000000e+00
5.250000000000000000e+02 2.099947968116322450e-02 0.000000000000000000e+00 1.000000000000000000e+00 0.000000000000000000e+00 0.000000000000000000e+00 0.000000000000000000e+00
5.500000000000000000e+02 2.199945490407584359e-02 0.000000000000000000e+00 1.000000000000000000e+00 0.000000000000000000e+00 0.000000000000000000e+00 0.000000000000000000e+00
5.750000000000000000e+02 2.299943012698846267e-02 0.000000000000000000e+00 1.000000000000000000e+00 0.000000000000000000e+00 0.000000000000000000e+00 0.000000000000000000e+00
6.000000000000000000e+02 2.399940534990085972e-02 0.000000000000000000e+00 1.000000000000000000e+00 0.000000000000000000e+00 0.000000000000000000e+00 0.000000000000000000e+00
6.250000000000000000e+02 2.499938057281347881e-02 0.000000000000000000e+00 1.000000000000000000e+00 0.000000000000000000e+00 0.000000000000000000e+00 0.000000000000000000e+00
6.500000000000000000e+02 2.599935579572587585e-02 0.000000000000000000e+00 1.000000000000000000e+00 0.000000000000000000e+00 0.000000000000000000e+00 0.000000000000000000e+00
6.750000000000000000e+02 2.699933101863849494e-02 0.000000000000000000e+00 1.000000000000000000e+00 0.000000000000000000e+00 0.000000000000000000e+00 0.000000000000000000e+00
7.000000000000000000e+02 2.799930624155111403e-02 0.000000000000000000e+00 1.000000000000000000e+00 0.000000000000000000e+00 0.000000000000000000e+00 0.000000000000000000e+00
7.250000000000000000e+02 2.899928146446351107e-02 0.000000000000000000e+00 1.000000000000000000e+00 0.000000000000000000e+00 0.000000000000000000e+00 0.000000000000000000e+00
7.500000000000000000e+02 2.999925668737613016e-02 0.000000000000000000e+00 1.000000000000000000e+00 0.000000000000000000e+00 0.000000000000000000e+00 0.000000000000000000e+00
7.750000000000000000e+02 3.099923191028874925e-02 0.000000000000000000e+00 1.000000000000000000e+00 0.000000000000000000e+00 0.000000000000000000e+00 0.000000000000000000e+00
8.000000000000000000e+02 3.199920713320114629e-02 0.000000000000000000e+00 1.000000000000000000e+00 0.000000000000000000e+00 0.000000000000000000e+00 0.000000000000000000e+00
8.250000000000000000e+02 3.299918235611376538e-02 0.000000000000000000e+00 1.000000000000000000e+00 0.000000000000000000e+00 0.000000000000000000e+00 0.000000000000000000e+00
8.500000000000000000e+02 3.399915757902616242e-02 0.000000000000000000e+00 1.000000000000000000e+00 0.000000000000000000e+00 0.000000000000000000e+00 0.000000000000000000e+00
8.750000000000000000e+02 3.499913280193878151e-02 0.000000000000000000e+00 1.000000000000000000e+00 0.000000000000000000e+00 0.000000000000000000e+00 0.000000000000000000e+00
9.000000000000000000e+02 3.599910802485140060e-02 0.000000000000000000e+00 1.000000000000000000e+00 0.000000000000000000e+00 0.000000000000000000e+00 0.000000000000000000e+00
9.250000000000000000e+02 3.699908324776379764e-02 0.000000000000000000e+00 1.000000000000000000e+00 0.000000000000000000e+00 0.000000000000000000e+00 0.000000000000000000e+00
9.500000000000000000e+02 3.799905847067641673e-02 0.000000000000000000e+00 1.000000000000000000e+00 0.000000000000000000e+00 0.000000000000000000e+00 0.000000000000000000e+00
9.750000000000000000e+02 3.899903369358903582e-02 0.000000000000000000e+00 1.000000000000000000e+00 0.000000000000000000e+00 0.000000000000000000e+00 0.000000000000000000e+00
1.000000000000000000e+03 3.999900891650143286e-02 0.000000000000000000e+00 1.000000000000000000e+00 0.000000000000000000e+00 0.000000000000000000e+00 0.000000000000000000e+00
1.025000000000000000e+03 4.099898413941405195e-02 0.000000000000000000e+00 1.000000000000000000e+00 0.000000000000000000e+00 0.000000000000000000e+00 0.000000000000000000e+00
1.050000000000000000e+03 4.199895936232667104e-02 0.000000000000000000e+00 1.000000000000000000e+00 0.000000000000000000e+00 0.000000000000000000e+00 0.000000000000000000e+00
1.075000000000000000e+03 4.299893458523906808e-02 0.000000000000000000e+00 1.000000000000000000e+00 0.000000000000000000e+00 0.000000000000000000e+00 0.000000000000000000e+00
1.100000000000000000e+03 4.399890980815168717e-02 0.000000000000000000e+00 1.000000000000000000e+00 0.000000000000000000e+00 0.000000000000000000e+00 0.000000000000000000e+00
1.125000000000000000e+03 4.499888503106408422e-02 0.000000000000000000e+00 1.000000000000000000e+00 0.000000000000000000e+00 0.000000000000000000e+00 0.000000000000000000e+00
1.150000000000000000e+03 4.599886025397670331e-02 0.000000000000000000e+00 1.000000000000000000e+00 0.000000000000000000e+00 0.000000000000000000e+00 0.000000000000000000e+00
1.175000000000000000e+03 4.699883547688932239e-02 0.000000000000000000e+00 1.000000000000000000e+00 0.000000000000000000e+00 0.000000000000000000e+00 0.000000000000000000e+00
1.200000000000000000e+03 4.799881069980171944e-02 0.000000000000000000e+00 1.000000000000000000e+00 0.000000000000000000e+00 0.000000000000000000e+00 0.000000000000000000e+00
1.225000000000000000e+03 4.899878592271433853e-02 0.000000000000000000e+00 1.000000000000000000e+00 0.000000000000000000e+00 0.000000000000000000e+00 0.000000000000000000e+00
1.250000000000000000e+03 4.999876114562695761e-02 0.000000000000000000e+00 1.000000000000000000e+00 0.000000000000000000e+00 0.000000000000000000e+00 0.000000000000000000e+00
1.275000000000000000e+03 5.099873636853935466e-02 0.000000000000000000e+00 1.000000000000000000e+00 0.000000000000000000e+00 0.000000000000000000e+00 0.000000000000000000e+00
1.300000000000000000e+03 5.199871159145197375e-02 0.000000000000000000e+00 1.000000000000000000e+00 0.000000000000000000e+00 0.000000000000000000e+00 0.000000000000000000e+00
1.325000000000000000e+03 5.299868681436459283e-02 3.413746017296313199e-04 9.996586253982703285e-01 0.000000000000000000e+00 0.000000000000000000e+00 0.000000000000000000e+00
1.350000000000000000e+03 5.399866203727698988e-02 0.000000000000000000e+00 1.000000000000000000e+00 0.000000000000000000e+00 0.000000000000000000e+00 0.000000000000000000e+00
1.375000000000000000e+03 5.499863726018960897e-02 0.000000000000000000e+00 1.000000000000000000e+00 0.000000000000000000e+00 0.000000000000000000e+00 0.000000000000000000e+00
1.400000000000000000e+03 5.599861248310200601e-02 0.000000000000000000e+00 1.000000000000000000e+00 0.000000000000000000e+00 0.000000000000000000e+00 0.000000000000000000e+00
1.425000000000000000e+03 5.699858770601462510e-02 0.000000000000000000e+00 1.000000000000000000e+00 0.000000000000000000e+00 0.000000000000000000e+00 0.000000000000000000e+00
1.450000000000000000e+03 5.799856292892724419e-02 0.000000000000000000e+00 1.000000000000000000e+00 0.000000000000000000e+00 0.000000000000000000e+00 0.000000000000000000e+00
1.475000000000000000e+03 5.899853815183964123e-02 0.000000000000000000e+00 1.000000000000000000e+00 0.000000000000000000e+00 0.000000000000000000e+00 0.000000000000000000e+00
1.500000000000000000e+03 5.999851337475226032e-02 0.000000000000000000e+00 1.000000000000000000e+00 0.000000000000000000e+00 0.000000000000000000e+00 0.000000000000000000e+00
1.525000000000000000e+03 6.099848859766487941e-02 0.000000000000000000e+00 1.000000000000000000e+00 0.000000000000000000e+00 0.000000000000000000e+00 0.000000000000000000e+00
1.550000000000000000e+03 6.199846382057727645e-02 0.000000000000000000e+00 1.000000000000000000e+00 0.000000000000000000e+00 0.000000000000000000e+00 0.000000000000000000e+00
1.575000000000000000e+03 6.299843904348989554e-02 0.000000000000000000e+00 1.000000000000000000e+00 0.000000000000000000e+00 0.000000000000000000e+00 0.000000000000000000e+00
1.600000000000000000e+03 6.399841426640229258e-02 0.000000000000000000e+00 1.000000000000000000e+00 0.000000000000000000e+00 0.000000000000000000e+00 0.000000000000000000e+00
1.625000000000000000e+03 6.499838948931491167e-02 0.000000000000000000e+00 1.000000000000000000e+00 0.000000000000000000e+00 0.000000000000000000e+00 0.000000000000000000e+00
1.650000000000000000e+03 6.599836471222753076e-02 0.000000000000000000e+00 1.000000000000000000e+00 0.000000000000000000e+00 0.000000000000000000e+00 0.000000000000000000e+00
1.675000000000000000e+03 6.699833993513992780e-02 0.000000000000000000e+00 1.000000000000000000e+00 0.000000000000000000e+00 0.000000000000000000e+00 0.000000000000000000e+00
1.700000000000000000e+03 6.799831515805254689e-02 0.000000000000000000e+00 1.000000000000000000e+00 0.000000000000000000e+00 0.000000000000000000e+00 0.000000000000000000e+00
1.725000000000000000e+03 6.899829038096516598e-02 0.000000000000000000e+00 1.000000000000000000e+00 0.000000000000000000e+00 0.000000000000000000e+00 0.000000000000000000e+00
1.750000000000000000e+03 6.999826560387756302e-02 0.000000000000000000e+00 1.000000000000000000e+00 0.000000000000000000e+00 0.000000000000000000e+00 0.000000000000000000e+00
1.775000000000000000e+03 7.099824082679018211e-02 0.000000000000000000e+00 1.000000000000000000e+00 0.000000000000000000e+00 0.000000000000000000e+00 0.000000000000000000e+00
1.800000000000000000e+03 7.199821604970280120e-02 0.000000000000000000e+00 1.000000000000000000e+00 0.000000000000000000e+00 0.000000000000000000e+00 0.000000000000000000e+00
1.825000000000000000e+03 7.299819127261519824e-02 0.000000000000000000e+00 1.000000000000000000e+00 0.000000000000000000e+00 0.000000000000000000e+00 0.000000000000000000e+00
1.850000000000000000e+03 7.399816649552781733e-02 0.000000000000000000e+00 1.000000000000000000e+00 0.000000000000000000e+00 0.000000000000000000e+00 0.000000000000000000e+00
1.875000000000000000e+03 7.499814171844021438e-02 0.000000000000000000e+00 1.000000000000000000e+00 0.000000000000000000e+00 0.000000000000000000e+00 0.000000000000000000e+00
1.900000000000000000e+03 7.599811694135283346e-02 2.275830678197542133e-04 9.995448338643604380e-01 0.000000000000000000e+00 2.275830678197542133e-04 0.000000000000000000e+00
1.925000000000000000e+03 7.699809216426545255e-02 0.000000000000000000e+00 1.000000000000000000e+00 0.000000000000000000e+00 0.000000000000000000e+00 0.000000000000000000e+00
1.950000000000000000e+03 7.799806738717784960e-02 3.413746017296313199e-04 9.996586253982703285e-01 0.000000000000000000e+00 0.000000000000000000e+00 0.000000000000000000e+00
1.975000000000000000e+03 7.899804261009046868e-02 0.000000000000000000e+00 1.000000000000000000e+00 0.000000000000000000e+00 0.000000000000000000e+00 0.000000000000000000e+00
2.000000000000000000e+03 7.999801783300308777e-02 0.000000000000000000e+00 1.000000000000000000e+00 0.000000000000000000e+00 0.000000000000000000e+00 0.000000000000000000e+00
2.025000000000000000e+03 8.099799305591548482e-02 0.000000000000000000e+00 1.000000000000000000e+00 0.000000000000000000e+00 0.000000000000000000e+00 0.000000000000000000e+00
2.050000000000000000e+03 8.199796827882810391e-02 0.000000000000000000e+00 1.000000000000000000e+00 0.000000000000000000e+00 0.000000000000000000e+00 0.000000000000000000e+00
2.075000000000000000e+03 8.299794350174050095e-02 1.251706873008648227e-03 9.985207100591716456e-01 0.000000000000000000e+00 2.275830678197542133e-04 0.000000000000000000e+00
2.100000000000000000e+03 8.399791872465312004e-02 3.413746017296313199e-04 9.995448338643604380e-01 0.000000000000000000e+00 1.137915339098771066e-04 0.000000000000000000e+00
2.125000000000000000e+03 8.499789394756573913e-02 0.000000000000000000e+00 1.000000000000000000e+00 0.000000000000000000e+00 0.000000000000000000e+00 0.000000000000000000e+00
2.150000000000000000e+03 8.599786917047813617e-02 5.689576695493854790e-04 9.994310423304506585e-01 0.000000000000000000e+00 0.000000000000000000e+00 0.000000000000000000e+00
2.175000000000000000e+03 8.699784439339075526e-02 2.275830678197542133e-04 9.997724169321802190e-01 0.000000000000000000e+00 0.000000000000000000e+00 0.000000000000000000e+00
2.200000000000000000e+03 8.799781961630337435e-02 0.000000000000000000e+00 1.000000000000000000e+00 0.000000000000000000e+00 0.000000000000000000e+00 0.000000000000000000e+00
2.225000000000000000e+03 8.899779483921577139e-02 4.551661356395084266e-04 9.995448338643604380e-01 0.000000000000000000e+00 0.000000000000000000e+00 0.000000000000000000e+00
2.250000000000000000e+03 8.999777006212839048e-02 7.965407373691396923e-04 9.990896677287209870e-01 0.000000000000000000e+00 1.137915339098771066e-04 0.000000000000000000e+00
2.275000000000000000e+03 9.099774528504100957e-02 1.593081474738279385e-03 9.984069185252617551e-01 0.000000000000000000e+00 0.000000000000000000e+00 0.000000000000000000e+00
2.300000000000000000e+03 9.199772050795340661e-02 2.503413746017296455e-03 9.974965862539827421e-01 0.000000000000000000e+00 0.000000000000000000e+00 0.000000000000000000e+00
2.325000000000000000e+03 9.299769573086602570e-02 1.137915339098771066e-04 9.998862084660901095e-01 0.000000000000000000e+00 0.000000000000000000e+00 0.000000000000000000e+00
2.350000000000000000e+03 9.399767095377842274e-02 6.827492034592626399e-04 9.993172507965407680e-01 0.000000000000000000e+00 0.000000000000000000e+00 0.000000000000000000e+00
2.375000000000000000e+03 9.499764617669104183e-02 5.689576695493854790e-04 9.994310423304506585e-01 0.000000000000000000e+00 0.000000000000000000e+00 0.000000000000000000e+00
2.400000000000000000e+03 9.599762139960366092e-02 2.617205279927173507e-03 9.969276285844332897e-01 0.000000000000000000e+00 4.551661356395084266e-04 0.000000000000000000e+00
2.425000000000000000e+03 9.699759662251605796e-02 1.706873008648156654e-03 9.982931269913518646e-01 0.000000000000000000e+00 0.000000000000000000e+00 0.000000000000000000e+00
2.450000000000000000e+03 9.799757184542867705e-02 1.251706873008648227e-03 9.986345015930814251e-01 0.000000000000000000e+00 1.137915339098771066e-04 0.000000000000000000e+00
2.475000000000000000e+03 9.899754706834129614e-02 2.275830678197541916e-03 9.976103777878926326e-01 0.000000000000000000e+00 1.137915339098771066e-04 0.000000000000000000e+00
2.500000000000000000e+03 9.999752229125369318e-02 3.299954483386436255e-03 9.967000455166135087e-01 0.000000000000000000e+00 0.000000000000000000e+00 0.000000000000000000e+00
2.525000000000000000e+03 1.009974975141663123e-01 4.551661356395084266e-04 9.995448338643604380e-01 0.000000000000000000e+00 0.000000000000000000e+00 0.000000000000000000e+00
2.550000000000000000e+03 1.019974727370787093e-01 2.730996813837050560e-03 9.969276285844332897e-01 0.000000000000000000e+00 3.413746017296313199e-04 0.000000000000000000e+00
2.575000000000000000e+03 1.029974479599913284e-01 4.893035958124715423e-03 9.951069640418752638e-01 0.000000000000000000e+00 0.000000000000000000e+00 0.000000000000000000e+00
2.600000000000000000e+03 1.039974231829039475e-01 2.389622212107419402e-03 9.972690031861629611e-01 0.000000000000000000e+00 3.413746017296313199e-04 0.000000000000000000e+00
2.625000000000000000e+03 1.049973984058163445e-01 5.234410559854347014e-03 9.945380063723259223e-01 0.000000000000000000e+00 2.275830678197542133e-04 0.000000000000000000e+00
2.650000000000000000e+03 1.059973736287289636e-01 5.006827492034592909e-03 9.948793809740554828e-01 0.000000000000000000e+00 1.137915339098771066e-04 0.000000000000000000e+00
2.675000000000000000e+03 1.069973488516415827e-01 3.755120619025944465e-03 9.960172963131542767e-01 0.000000000000000000e+00 2.275830678197542133e-04 0.000000000000000000e+00
2.700000000000000000e+03 1.079973240745539798e-01 3.982703686845699004e-03 9.956759217114247162e-01 0.000000000000000000e+00 3.413746017296313199e-04 0.000000000000000000e+00
2.725000000000000000e+03 1.089972992974665988e-01 5.803368229403732710e-03 9.937414656349567998e-01 0.000000000000000000e+00 4.551661356395084266e-04 0.000000000000000000e+00
2.750000000000000000e+03 1.099972745203792179e-01 1.024123805188893906e-02 9.891898042785616241e-01 0.000000000000000000e+00 5.689576695493854790e-04 0.000000000000000000e+00
2.775000000000000000e+03 1.109972497432916150e-01 7.965407373691398007e-03 9.913518434228493215e-01 0.000000000000000000e+00 6.827492034592626399e-04 0.000000000000000000e+00
2.800000000000000000e+03 1.119972249662042341e-01 1.172052799271734204e-02 9.874829312699134887e-01 0.000000000000000000e+00 7.965407373691396923e-04 0.000000000000000000e+00
2.825000000000000000e+03 1.129972001891166311e-01 1.354119253527537488e-02 9.845243513882566688e-01 0.000000000000000000e+00 1.934456076467910759e-03 0.000000000000000000e+00
2.850000000000000000e+03 1.139971754120292502e-01 1.706873008648156567e-02 9.813381884387801790e-01 0.000000000000000000e+00 1.593081474738279385e-03 0.000000000000000000e+00
2.875000000000000000e+03 1.149971506349418693e-01 1.900318616294947513e-02 9.774692762858443462e-01 0.000000000000000000e+00 3.527537551206190360e-03 0.000000000000000000e+00
2.900000000000000000e+03 1.159971258578542663e-01 3.311333636777423484e-02 9.616522530723714546e-01 0.000000000000000000e+00 5.234410559854347014e-03 0.000000000000000000e+00
2.925000000000000000e+03 1.169971010807668854e-01 3.413746017296313134e-02 9.580109239872554028e-01 0.000000000000000000e+00 7.851615839781519654e-03 0.000000000000000000e+00
2.950000000000000000e+03 1.179970763036795045e-01 4.847519344560764776e-02 9.330905780609922706e-01 0.000000000000000000e+00 1.843422849340009204e-02 0.000000000000000000e+00
2.975000000000000000e+03 1.189970515265919015e-01 7.783340919435594030e-02 8.793809740555302845e-01 0.000000000000000000e+00 4.278561675011378906e-02 0.000000000000000000e+00
3.000000000000000000e+03 1.199970267495045206e-01 1.119708693673190647e-01 7.898270368684570109e-01 0.000000000000000000e+00 9.820209376422393832e-02 0.000000000000000000e+00
3.025000000000000000e+03 1.209970019724171397e-01 1.667045971779699542e-01 6.197086936731907025e-01 0.000000000000000000e+00 2.135867091488393155e-01 0.000000000000000000e+00
3.050000000000000000e+03 1.219969771953295368e-01 2.527309968138370389e-01 3.908739189804278369e-01 2.275830678197542133e-04 3.561675011379153433e-01 0.000000000000000000e+00
3.075000000000000000e+03 1.229969524182421559e-01 3.252162039144287919e-01 2.050523441055985552e-01 4.551661356395084266e-04 4.692762858443331742e-01 0.000000000000000000e+00
3.100000000000000000e+03 1.239969276411545529e-01 3.632225762403277214e-01 1.139053254437869811e-01 7.965407373691396923e-04 5.220755575785162028e-01 0.000000000000000000e+00
3.125000000000000000e+03 1.249969028640671720e-01 3.610605370960400795e-01 9.649522075557578904e-02 1.137915339098770958e-03 5.413063268092853653e-01 0.000000000000000000e+00
3.150000000000000000e+03 1.259968780869797911e-01 3.477469276285844457e-01 1.088984979517523960e-01 1.365498406918525280e-03 5.419890760127445972e-01 0.000000000000000000e+00
3.175000000000000000e+03 1.269968533098921881e-01 3.517296313154301135e-01 1.339326354119253493e-01 1.024123805188893906e-03 5.133136094674556338e-01 0.000000000000000000e+00
3.200000000000000000e+03 1.279968285328048072e-01 3.614019116977696955e-01 1.604460628129267263e-01 1.706873008648156654e-03 4.764451524806554428e-01 0.000000000000000000e+00
3.225000000000000000e+03 1.289968037557174263e-01 3.807464724624488039e-01 1.581702321347291662e-01 5.120619025944469528e-03 4.559626763768775404e-01 0.000000000000000000e+00
3.250000000000000000e+03 1.299967789786298233e-01 3.854119253527537592e-01 1.483841602184797492e-01 1.172052799271734204e-02 4.544833864360491305e-01 0.000000000000000000e+00
3.275000000000000000e+03 1.309967542015424424e-01 3.809740555302685294e-01 1.466772872098315861e-01 1.934456076467910846e-02 4.530040964952207760e-01 0.000000000000000000e+00
3.300000000000000000e+03 1.319967294244548395e-01 3.838188438780154588e-01 1.560081929904415243e-01 2.719617660446062984e-02 4.329767865270823801e-01 0.000000000000000000e+00
3.325000000000000000e+03 1.329967046473674586e-01 3.929221665908056438e-01 1.682976786527082269e-01 3.812016385980882688e-02 4.006599908966773094e-01 0.000000000000000000e+00
3.350000000000000000e+03 1.339966798702800777e-01 4.011151570323168158e-01 1.794492489758761911e-01 5.257168866636321991e-02 3.668639053254437732e-01 0.000000000000000000e+00
3.375000000000000000e+03 1.349966550931924747e-01 4.023668639053254448e-01 1.937869822485207005e-01 7.305416477014110843e-02 3.307919890760127601e-01 0.000000000000000000e+00
3.400000000000000000e+03 1.359966303161050938e-01 3.872325898953117851e-01 2.255348202093764298e-01 9.171597633136094330e-02 2.955166135639508695e-01 0.000000000000000000e+00
3.425000000000000000e+03 1.369966055390177129e-01 3.951979972690031762e-01 2.264451524806554428e-01 1.158397815202548975e-01 2.625170687300864558e-01 0.000000000000000000e+00
3.450000000000000000e+03 1.379965807619301099e-01 3.958807464724624636e-01 2.355484751934456000e-01 1.371187983614019223e-01 2.314519799726900418e-01 0.000000000000000000e+00
3.475000000000000000e+03 1.389965559848427290e-01 3.957669549385525731e-01 2.434000910332271284e-01 1.571461083295402905e-01 2.036868456986800080e-01 0.000000000000000000e+00
3.500000000000000000e+03 1.399965312077553481e-01 4.053254437869822646e-01 2.455621301775147980e-01 1.624943104233045055e-01 1.866181156121984597e-01 0.000000000000000000e+00
3.525000000000000000e+03 1.409965064306677451e-01 3.841602184797451303e-01 2.630860263996358528e-01 1.801319981793354508e-01 1.726217569412835662e-01 0.000000000000000000e+00
3.550000000000000000e+03 1.419964816535803642e-01 3.833636777423759523e-01 2.734410559854346667e-01 1.871870732817478289e-01 1.560081929904415243e-01 0.000000000000000000e+00
3.575000000000000000e+03 1.429964568764927613e-01 3.847291761492944717e-01 2.812926718252162228e-01 1.859353664087392000e-01 1.480427856167501055e-01 0.000000000000000000e+00
3.600000000000000000e+03 1.439964320994053804e-01 3.903049613108784954e-01 2.781065088757396220e-01 1.911697769685935244e-01 1.404187528447883582e-01 0.000000000000000000e+00
3.625000000000000000e+03 1.449964073223179994e-01 3.790395994538006130e-01 2.930131998179335562e-01 1.993627674101046965e-01 1.285844333181611343e-01 0.000000000000000000e+00
3.650000000000000000e+03 1.459963825452303965e-01 3.899635867091488239e-01 2.893718707328175044e-01 2.010696404187528319e-01 1.194811106053709632e-01 1.137915339098771066e-04
3.675000000000000000e+03 1.469963577681430156e-01 3.860946745562129911e-01 2.914201183431952558e-01 2.064178425125170746e-01 1.160673645880746507e-01 0.000000000000000000e+00
3.700000000000000000e+03 1.479963329910556347e-01 3.859808830223031562e-01 2.956304050978607045e-01 2.033454710969503920e-01 1.150432407828857473e-01 0.000000000000000000e+00
3.725000000000000000e+03 1.489963082139680317e-01 3.826809285389167203e-01 3.035958124715520956e-01 2.099453800637232637e-01 1.037778789258079204e-01 0.000000000000000000e+00
3.750000000000000000e+03 1.499962834368806508e-01 3.819981793354574329e-01 3.088302230314064478e-01 2.118798361401911801e-01 9.729176149294492537e-02 0.000000000000000000e+00
3.775000000000000000e+03 1.509962586597930478e-01 3.826809285389167203e-01 3.162266727355484974e-01 2.121074192080109333e-01 8.898497951752389057e-02 0.000000000000000000e+00
3.800000000000000000e+03 1.519962338827056669e-01 3.818843878015475424e-01 3.230541647701410946e-01 2.119936276741010428e-01 8.306781975421029252e-02 0.000000000000000000e+00
3.825000000000000000e+03 1.529962091056182860e-01 3.854119253527537592e-01 3.319299044151114986e-01 2.060764679107874309e-01 7.658170232134729749e-02 0.000000000000000000e+00
3.850000000000000000e+03 1.539961843285306831e-01 3.758534365043240677e-01 3.449021392808375164e-01 2.069868001820664438e-01 7.225762403277195822e-02 0.000000000000000000e+00
3.875000000000000000e+03 1.549961595514433021e-01 3.683431952662721831e-01 3.593536640873918886e-01 2.126763768775603025e-01 5.962676376877560497e-02 0.000000000000000000e+00
3.900000000000000000e+03 1.559961347743559212e-01 3.567364588074647402e-01 3.698224852071005930e-01 2.166590805644059980e-01 5.678197542102867562e-02 0.000000000000000000e+00
3.925000000000000000e+03 1.569961099972683183e-01 3.452435138825671324e-01 3.791533909877105035e-01 2.212107419208010906e-01 5.439235320892125969e-02 0.000000000000000000e+00
3.950000000000000000e+03 1.579960852201809374e-01 3.405780609922621771e-01 3.839326354119253493e-01 2.209831588529813373e-01 5.450614474283113631e-02 0.000000000000000000e+00
3.975000000000000000e+03 1.589960604430935565e-01 3.351160673645880994e-01 3.915566681838871244e-01 2.263313609467455523e-01 4.699590350477924477e-02 0.000000000000000000e+00
4.000000000000000000e+03 1.599960356660059535e-01 3.294264906690942407e-01 3.932635411925352598e-01 2.284934000910332219e-01 4.881656804733727761e-02 0.000000000000000000e+00
4.025000000000000000e+03 1.609960108889185726e-01 3.286299499317250628e-01 3.990669094219390090e-01 2.282658170232134687e-01 4.403732362312243881e-02 0.000000000000000000e+00
4.050000000000000000e+03 1.619959861118309696e-01 3.307919890760127601e-01 4.033909877105143482e-01 2.254210286754665393e-01 4.039599453800637313e-02 0.000000000000000000e+00
4.075000000000000000e+03 1.629959613347435887e-01 3.288575329995448437e-01 4.073736913973600160e-01 2.237141556668183762e-01 4.005461993627674328e-02 0.000000000000000000e+00
4.100000000000000000e+03 1.639959365576562078e-01 3.299954483386435822e-01 4.120391442876649712e-01 2.214383249886208438e-01 3.652708238507055422e-02 0.000000000000000000e+00
4.125000000000000000e+03 1.649959117805686049e-01 3.266954938552571464e-01 4.173873463814292140e-01 2.223486572598998567e-01 3.356850250341374825e-02 0.000000000000000000e+00
4.150000000000000000e+03 1.659958870034812239e-01 3.334091943559399085e-01 4.219390077378242787e-01 2.183659535730541612e-01 2.628584433318160996e-02 0.000000000000000000e+00
4.175000000000000000e+03 1.669958622263938430e-01 3.277196176604460498e-01 4.227355484751934567e-01 2.199590350477924339e-01 2.958579881656804578e-02 0.000000000000000000e+00
4.200000000000000000e+03 1.679958374493062401e-01 3.279472007282658308e-01 4.258079198907601115e-01 2.192762858443331742e-01 2.696859353664087314e-02 0.000000000000000000e+00
4.225000000000000000e+03 1.689958126722188592e-01 3.225989986345015881e-01 4.310423304506144637e-01 2.165452890304961353e-01 2.981338188438780248e-02 0.000000000000000000e+00
4.250000000000000000e+03 1.699957878951312562e-01 3.175921711424670169e-01 4.382111970869367323e-01 2.159763313609467383e-01 2.822030040964952288e-02 0.000000000000000000e+00
4.275000000000000000e+03 1.709957631180438753e-01 3.120163859808830487e-01 4.460628129267182329e-01 2.179107874374146547e-01 2.401001365498407064e-02 0.000000000000000000e+00
4.300000000000000000e+03 1.719957383409564944e-01 3.101957214383249672e-01 4.485662266727355463e-01 2.184797451069640517e-01 2.275830678197542090e-02 0.000000000000000000e+00
4.325000000000000000e+03 1.729957135638688914e-01 2.999544833864360438e-01 4.533454710969503920e-01 2.232589895311788697e-01 2.344105598543468408e-02 0.000000000000000000e+00
4.350000000000000000e+03 1.739956887867815105e-01 2.967683204369594985e-01 4.528903049613108855e-01 2.258761948111060458e-01 2.446517979062357712e-02 0.000000000000000000e+00
4.375000000000000000e+03 1.749956640096941296e-01 2.908511606736458588e-01 4.638142922166590965e-01 2.248520710059171701e-01 2.048247610377787811e-02 0.000000000000000000e+00
4.400000000000000000e+03 1.759956392326065266e-01 2.745789713245334607e-01 4.829312699135184239e-01 2.251934456076467861e-01 1.729631315430131891e-02 0.000000000000000000e+00
4.425000000000000000e+03 1.769956144555191457e-01 2.766272189349112676e-01 4.883932635411925571e-01 2.195038689121529274e-01 1.547564861174328607e-02 0.000000000000000000e+00
4.450000000000000000e+03 1.779955896784317648e-01 2.718479745106964218e-01 4.968138370505234547e-01 2.176832043695949015e-01 1.365498406918525323e-02 0.000000000000000000e+00
4.475000000000000000e+03 1.789955649013441619e-01 2.637687756030951403e-01 5.045516613563950648e-01 2.191624943104233114e-01 1.251706873008648184e-02 0.000000000000000000e+00
4.500000000000000000e+03 1.799955401242567810e-01 2.502275830678197810e-01 5.128584433318160718e-01 2.238279472007282667e-01 1.308602639963586667e-02 0.000000000000000000e+00
4.525000000000000000e+03 1.809955153471691780e-01 2.529585798816568198e-01 5.091033227127901295e-01 2.236003641329085134e-01 1.433773327264451468e-02 0.000000000000000000e+00
4.550000000000000000e+03 1.819954905700817971e-01 2.506827492034592875e-01 5.157032316795630011e-01 2.205279927173418308e-01 1.308602639963586667e-02 0.000000000000000000e+00
4.575000000000000000e+03 1.829954657929944162e-01 2.531861629494765453e-01 5.172963131543013571e-01 2.184797451069640517e-01 1.103777878925807886e-02 0.000000000000000000e+00
4.600000000000000000e+03 1.839954410159068132e-01 2.504551661356395065e-01 5.191169776968593830e-01 2.165452890304961353e-01 1.388256713700500647e-02 0.000000000000000000e+00
4.625000000000000000e+03 1.849954162388194323e-01 2.529585798816568198e-01 5.199135184342285054e-01 2.134729176149294527e-01 1.365498406918525323e-02 0.000000000000000000e+00
4.650000000000000000e+03 1.859953914617320514e-01 2.480655439235320836e-01 5.217341829767865313e-01 2.170004551661356418e-01 1.319981793354574502e-02 0.000000000000000000e+00
4.675000000000000000e+03 1.869953666846444484e-01 2.481793354574419741e-01 5.195721438324988339e-01 2.195038689121529274e-01 1.274465179790623508e-02 0.000000000000000000e+00
4.700000000000000000e+03 1.879953419075570675e-01 2.469276285844333174e-01 5.204824761037778469e-01 2.205279927173418308e-01 1.206190259444697363e-02 0.000000000000000000e+00
4.725000000000000000e+03 1.889953171304696866e-01 2.467000455166135642e-01 5.199135184342285054e-01 2.234865725989986229e-01 9.899863450159307465e-03 0.000000000000000000e+00
4.750000000000000000e+03 1.899952923533820837e-01 2.457897132453345512e-01 5.184342284934000400e-01 2.234865725989986229e-01 1.228948566226672687e-02 0.000000000000000000e+00
4.775000000000000000e+03 1.909952675762947027e-01 2.514792899408284099e-01 5.194583522985889434e-01 2.189349112426035582e-01 1.012744651797906244e-02 0.000000000000000000e+00
4.800000000000000000e+03 1.919952427992070998e-01 2.391898042785616796e-01 5.228720983158853253e-01 2.256486117432862926e-01 1.228948566226672687e-02 0.000000000000000000e+00
4.825000000000000000e+03 1.929952180221197189e-01 2.347519344560764776e-01 5.286754665452890745e-01 2.267865270823850588e-01 9.786071916249430847e-03 0.000000000000000000e+00
4.850000000000000000e+03 1.939951932450323380e-01 2.355484751934456000e-01 5.293582157487483064e-01 2.238279472007282667e-01 1.126536185707783383e-02 0.000000000000000000e+00
4.875000000000000000e+03 1.949951684679447350e-01 2.342967683204369711e-01 5.277651342740100615e-01 2.253072371415566766e-01 1.263086026399635846e-02 0.000000000000000000e+00
4.900000000000000000e+03 1.959951436908573541e-01 2.377105143377332697e-01 5.277651342740100615e-01 2.209831588529813373e-01 1.354119253527537488e-02 0.000000000000000000e+00
4.925000000000000000e+03 1.969951189137699732e-01 2.428311333636777314e-01 5.257168866636322546e-01 2.215521165225307343e-01 9.899863450159307465e-03 0.000000000000000000e+00
4.950000000000000000e+03 1.979950941366823702e-01 2.345243513882567243e-01 5.265134274010013771e-01 2.272416932180245652e-01 1.172052799271734204e-02 0.000000000000000000e+00
4.975000000000000000e+03 1.989950693595949893e-01 2.353208921256258468e-01 5.281065088757396220e-01 2.239417387346381294e-01 1.263086026399635846e-02 0.000000000000000000e+00
5.000000000000000000e+03 1.999950445825073864e-01 2.328174783796085612e-01 5.286754665452890745e-01 2.264451524806554428e-01 1.206190259444697363e-02 0.000000000000000000e+00
5.025000000000000000e+03 2.009950198054200055e-01 2.323623122439690547e-01 5.295857988165680874e-01 2.278106508875739622e-01 1.024123805188893906e-02 0.000000000000000000e+00
5.050000000000000000e+03 2.019949950283326245e-01 2.323623122439690547e-01 5.287892580791988539e-01 2.284934000910332219e-01 1.035502958579881741e-02 0.000000000000000000e+00
5.075000000000000000e+03 2.029949702512450216e-01 2.253072371415566766e-01 5.322030040964952358e-01 2.298588984979517413e-01 1.263086026399635846e-02 0.000000000000000000e+00
5.100000000000000000e+03 2.039949454741576407e-01 2.298588984979517413e-01 5.309512972234865513e-01 2.283796085571233592e-01 1.081019572143832562e-02 0.000000000000000000e+00
5.125000000000000000e+03 2.049949206970702598e-01 2.254210286754665393e-01 5.312926718252162228e-01 2.302002730996813851e-01 1.308602639963586667e-02 0.000000000000000000e+00
5.150000000000000000e+03 2.059948959199826568e-01 2.251934456076467861e-01 5.315202548930360038e-01 2.298588984979517413e-01 1.342740100136549826e-02 0.000000000000000000e+00
5.175000000000000000e+03 2.069948711428952759e-01 2.238279472007282667e-01 5.350477924442421651e-01 2.320209376422394110e-01 9.103322712790167665e-03 0.000000000000000000e+00
5.200000000000000000e+03 2.079948463658078950e-01 2.226900318616295005e-01 5.369822485207100815e-01 2.315657715065999045e-01 8.761948111060537808e-03 0.000000000000000000e+00
5.225000000000000000e+03 2.089948215887202920e-01 2.198452435138825711e-01 5.389167045971779979e-01 2.313381884387801513e-01 9.899863450159307465e-03 0.000000000000000000e+00
5.250000000000000000e+03 2.099947968116329111e-01 2.220072826581702408e-01 5.370960400546199720e-01 2.321347291761493015e-01 8.761948111060537808e-03 0.000000000000000000e+00
5.275000000000000000e+03 2.109947720345453082e-01 2.155211652253072319e-01 5.378925807919890945e-01 2.362312243969048597e-01 1.035502958579881741e-02 0.000000000000000000e+00
5.300000000000000000e+03 2.119947472574579272e-01 2.200728265817023244e-01 5.378925807919890945e-01 2.337278106508875741e-01 8.306781975421027864e-03 0.000000000000000000e+00
5.325000000000000000e+03 2.129947224803705463e-01 2.143832498862084657e-01 5.400546199362767918e-01 2.353208921256258468e-01 1.024123805188893906e-02 0.000000000000000000e+00
5.350000000000000000e+03 2.139946977032829434e-01 2.189349112426035582e-01 5.391442876649977789e-01 2.348657259899863403e-01 7.055075102412380721e-03 0.000000000000000000e+00
5.375000000000000000e+03 2.149946729261955625e-01 2.200728265817023244e-01 5.376649977241693135e-01 2.341829767865270806e-01 8.079198907601274626e-03 0.000000000000000000e+00
5.400000000000000000e+03 2.159946481491081816e-01 2.243969048702776636e-01 5.361857077833409591e-01 2.329312699135184239e-01 6.486117432862995025e-03 0.000000000000000000e+00
5.425000000000000000e+03 2.169946233720205786e-01 2.224624487938097472e-01 5.348202093764223841e-01 2.338416021847974646e-01 8.875739644970414427e-03 0.000000000000000000e+00
5.450000000000000000e+03 2.179945985949331977e-01 2.259899863450159363e-01 5.333409194355940297e-01 2.304278561675011383e-01 1.024123805188893906e-02 0.000000000000000000e+00
5.475000000000000000e+03 2.189945738178455947e-01 2.270141101502048120e-01 5.336822940373235902e-01 2.297451069640418786e-01 9.558488848429677609e-03 0.000000000000000000e+00
5.500000000000000000e+03 2.199945490407582138e-01 2.267865270823850588e-01 5.360719162494310686e-01 2.292899408284023721e-01 7.851615839781519654e-03 0.000000000000000000e+00
5.525000000000000000e+03 2.209945242636708329e-01 2.264451524806554428e-01 5.393718707328174489e-01 2.249658625398270329e-01 9.217114246700046018e-03 0.000000000000000000e+00
5.550000000000000000e+03 2.219944994865832300e-01 2.246244879380974169e-01 5.402822030040964618e-01 2.281520254893036059e-01 6.941283568502503235e-03 0.000000000000000000e+00
5.575000000000000000e+03 2.229944747094958490e-01 2.223486572598998567e-01 5.439235320892125136e-01 2.242831133363677731e-01 9.444697314519799256e-03 0.000000000000000000e+00
5.600000000000000000e+03 2.239944499324084681e-01 2.234865725989986229e-01 5.455166135639508695e-01 2.246244879380974169e-01 6.372325898953117539e-03 0.000000000000000000e+00
5.625000000000000000e+03 2.249944251553208652e-01 2.200728265817023244e-01 5.454028220300409791e-01 2.259899863450159363e-01 8.534365043240782836e-03 0.000000000000000000e+00
5.650000000000000000e+03 2.259944003782334843e-01 2.242831133363677731e-01 5.430131998179335007e-01 2.241693218024579104e-01 8.534365043240782836e-03 0.000000000000000000e+00
5.675000000000000000e+03 2.269943756011461033e-01 2.323623122439690547e-01 5.380063723258989850e-01 2.207555757851615841e-01 8.875739644970414427e-03 0.000000000000000000e+00
