# itime ezz other fcc hcp bcc ico
0.000000000000000000e+00 0.000000000000000000e+00 0.000000000000000000e+00 1.000000000000000000e+00 0.000000000000000000e+00 0.000000000000000000e+00 0.000000000000000000e+00
2.500000000000000000e+01 9.999745895650224980e-04 0.000000000000000000e+00 1.000000000000000000e+00 0.000000000000000000e+00 0.000000000000000000e+00 0.000000000000000000e+00
5.000000000000000000e+01 1.999949179130044996e-03 0.000000000000000000e+00 1.000000000000000000e+00 0.000000000000000000e+00 0.000000000000000000e+00 0.000000000000000000e+00
7.500000000000000000e+01 2.999923768694845450e-03 0.000000000000000000e+00 1.000000000000000000e+00 0.000000000000000000e+00 0.000000000000000000e+00 0.000000000000000000e+00
1.000000000000000000e+02 3.999898358259867948e-03 0.000000000000000000e+00 1.000000000000000000e+00 0.000000000000000000e+00 0.000000000000000000e+00 0.000000000000000000e+00
1.250000000000000000e+02 4.999872947824890446e-03 0.000000000000000000e+00 1.000000000000000000e+00 0.000000000000000000e+00 0.000000000000000000e+00 0.000000000000000000e+00
1.500000000000000000e+02 5.999847537389912944e-03 0.000000000000000000e+00 1.000000000000000000e+00 0.000000000000000000e+00 0.000000000000000000e+00 0.000000000000000000e+00
1.750000000000000000e+02 6.999822126954935442e-03 0.000000000000000000e+00 1.000000000000000000e+00 0.000000000000000000e+00 0.000000000000000000e+00 0.000000000000000000e+00
2.000000000000000000e+02 7.999796716519735895e-03 0.000000000000000000e+00 1.000000000000000000e+00 0.000000000000000000e+00 0.000000000000000000e+00 0.000000000000000000e+00
2.250000000000000000e+02 8.999771306084758393e-03 0.000000000000000000e+00 1.000000000000000000e+00 0.000000000000000000e+00 0.000000000000000000e+00 0.000000000000000000e+00
2.500000000000000000e+02 9.999745895649780891e-03 0.000000000000000000e+00 1.000000000000000000e+00 0.000000000000000000e+00 0.000000000000000000e+00 0.000000000000000000e+00
2.750000000000000000e+02 1.099972048521480339e-02 0.000000000000000000e+00 1.000000000000000000e+00 0.000000000000000000e+00 0.000000000000000000e+00 0.000000000000000000e+00
3.000000000000000000e+02 1.199969507477982589e-02 0.000000000000000000e+00 1.000000000000000000e+00 0.000000000000000000e+00 0.000000000000000000e+00 0.000000000000000000e+00
3.250000000000000000e+02 1.299966966434462634e-02 0.000000000000000000e+00 1.000000000000000000e+00 0.000000000000000000e+00 0.000000000000000000e+00 0.000000000000000000e+00
3.500000000000000000e+02 1.399964425390964884e-02 0.000000000000000000e+00 1.000000000000000000e+00 0.000000000000000000e+00 0.000000000000000000e+00 0.000000000000000000e+00
3.750000000000000000e+02 1.499961884347467134e-02 0.000000000000000000e+00 1.000000000000000000e+00 0.000000000000000000e+00 0.000000000000000000e+00 0.000000000000000000e+00
4.000000000000000000e+02 1.599959343303969383e-02 0.000000000000000000e+00 1.000000000000000000e+00 0.000000000000000000e+00 0.000000000000000000e+00 0.000000000000000000e+00
4.250000000000000000e+02 1.699956802260471633e-02 0.000000000000000000e+00 1.000000000000000000e+00 0.000000000000000000e+00 0.000000000000000000e+00 0.000000000000000000e+00
4.500000000000000000e+02 1.799954261216973883e-02 0.000000000000000000e+00 1.000000000000000000e+00 0.000000000000000000e+00 0.000000000000000000e+00 0.000000000000000000e+00
4.750000000000000000e+02 1.899951720173453928e-02 0.000000000000000000e+00 1.000000000000000000e+00 0.000000000000000000e+00 0.000000000000000000e+00 0.000000000000000000e+00
5.000000000000000000e+02 1.999949179129956178e-02 0.000000000000000000e+00 1.000000000000000000e+00 0.000000000000000000e+00 0.000000000000000000e+00 0.000000000000000000e+00
5.250000000000000000e+02 2.099946638086458428e-02 0.000000000000000000e+00 1.000000000000000000e+00 0.000000000000000000e+00 0.000000000000000000e+00 0.000000000000000000e+00
5.500000000000000000e+02 2.199944097042960678e-02 0.000000000000000000e+00 1.000000000000000000e+00 0.000000000000000000e+00 0.000000000000000000e+00 0.000000000000000000e+00
5.750000000000000000e+02 2.299941555999462928e-02 0.000000000000000000e+00 1.000000000000000000e+00 0.000000000000000000e+00 0.000000000000000000e+00 0.000000000000000000e+00
6.000000000000000000e+02 2.399939014955942973e-02 0.000000000000000000e+00 1.000000000000000000e+00 0.000000000000000000e+00 0.000000000000000000e+00 0.000000000000000000e+00
6.250000000000000000e+02 2.499936473912445223e-02 0.000000000000000000e+00 1.000000000000000000e+00 0.000000000000000000e+00 0.000000000000000000e+00 0.000000000000000000e+00
6.500000000000000000e+02 2.599933932868947473e-02 0.000000000000000000e+00 1.000000000000000000e+00 0.000000000000000000e+00 0.000000000000000000e+00 0.000000000000000000e+00
6.750000000000000000e+02 2.699931391825449722e-02 0.000000000000000000e+00 1.000000000000000000e+00 0.000000000000000000e+00 0.000000000000000000e+00 0.000000000000000000e+00
7.000000000000000000e+02 2.799928850781951972e-02 0.000000000000000000e+00 1.000000000000000000e+00 0.000000000000000000e+00 0.000000000000000000e+00 0.000000000000000000e+00
7.250000000000000000e+02 2.899926309738432018e-02 0.000000000000000000e+00 1.000000000000000000e+00 0.000000000000000000e+00 0.000000000000000000e+00 0.000000000000000000e+00
7.500000000000000000e+02 2.999923768694934267e-02 0.000000000000000000e+00 1.000000000000000000e+00 0.000000000000000000e+00 0.000000000000000000e+00 0.000000000000000000e+00
7.750000000000000000e+02 3.099921227651436517e-02 0.000000000000000000e+00 1.000000000000000000e+00 0.000000000000000000e+00 0.000000000000000000e+00 0.000000000000000000e+00
8.000000000000000000e+02 3.199918686607938767e-02 0.000000000000000000e+00 1.000000000000000000e+00 0.000000000000000000e+00 0.000000000000000000e+00 0.000000000000000000e+00
8.250000000000000000e+02 3.299916145564441017e-02 0.000000000000000000e+00 1.000000000000000000e+00 0.000000000000000000e+00 0.000000000000000000e+00 0.000000000000000000e+00
8.500000000000000000e+02 3.399913604520921062e-02 0.000000000000000000e+00 1.000000000000000000e+00 0.000000000000000000e+00 0.000000000000000000e+00 0.000000000000000000e+00
8.750000000000000000e+02 3.499911063477423312e-02 0.000000000000000000e+00 1.000000000000000000e+00 0.000000000000000000e+00 0.000000000000000000e+00 0.000000000000000000e+00
9.000000000000000000e+02 3.599908522433925562e-02 0.000000000000000000e+00 1.000000000000000000e+00 0.000000000000000000e+00 0.000000000000000000e+00 0.000000000000000000e+00
9.250000000000000000e+02 3.699905981390427812e-02 0.000000000000000000e+00 1.000000000000000000e+00 0.000000000000000000e+00 0.000000000000000000e+00 0.000000000000000000e+00
9.500000000000000000e+02 3.799903440346930061e-02 0.000000000000000000e+00 1.000000000000000000e+00 0.000000000000000000e+00 0.000000000000000000e+00 0.000000000000000000e+00
9.750000000000000000e+02 3.899900899303410107e-02 0.000000000000000000e+00 1.000000000000000000e+00 0.000000000000000000e+00 0.000000000000000000e+00 0.000000000000000000e+00
1.000000000000000000e+03 3.999898358259912357e-02 0.000000000000000000e+00 1.000000000000000000e+00 0.000000000000000000e+00 0.000000000000000000e+00 0.000000000000000000e+00
1.025000000000000000e+03 4.099895817216414606e-02 0.000000000000000000e+00 1.000000000000000000e+00 0.000000000000000000e+00 0.000000000000000000e+00 0.000000000000000000e+00
1.050000000000000000e+03 4.199893276172916856e-02 0.000000000000000000e+00 1.000000000000000000e+00 0.000000000000000000e+00 0.000000000000000000e+00 0.000000000000000000e+00
1.075000000000000000e+03 4.299890735129419106e-02 0.000000000000000000e+00 1.000000000000000000e+00 0.000000000000000000e+00 0.000000000000000000e+00 0.000000000000000000e+00
1.100000000000000000e+03 4.399888194085899151e-02 0.000000000000000000e+00 1.000000000000000000e+00 0.000000000000000000e+00 0.000000000000000000e+00 0.000000000000000000e+00
1.125000000000000000e+03 4.499885653042401401e-02 0.000000000000000000e+00 1.000000000000000000e+00 0.000000000000000000e+00 0.000000000000000000e+00 0.000000000000000000e+00
1.150000000000000000e+03 4.599883111998903651e-02 0.000000000000000000e+00 1.000000000000000000e+00 0.000000000000000000e+00 0.000000000000000000e+00 0.000000000000000000e+00
1.175000000000000000e+03 4.699880570955405901e-02 0.000000000000000000e+00 1.000000000000000000e+00 0.000000000000000000e+00 0.000000000000000000e+00 0.000000000000000000e+00
1.200000000000000000e+03 4.799878029911908150e-02 0.000000000000000000e+00 1.000000000000000000e+00 0.000000000000000000e+00 0.000000000000000000e+00 0.000000000000000000e+00
1.225000000000000000e+03 4.899875488868410400e-02 0.000000000000000000e+00 1.000000000000000000e+00 0.000000000000000000e+00 0.000000000000000000e+00 0.000000000000000000e+00
1.250000000000000000e+03 4.999872947824890446e-02 0.000000000000000000e+00 1.000000000000000000e+00 0.000000000000000000e+00 0.000000000000000000e+00 0.000000000000000000e+00
1.275000000000000000e+03 5.099870406781392695e-02 0.000000000000000000e+00 1.000000000000000000e+00 0.000000000000000000e+00 0.000000000000000000e+00 0.000000000000000000e+00
1.300000000000000000e+03 5.199867865737894945e-02 0.000000000000000000e+00 1.000000000000000000e+00 0.000000000000000000e+00 0.000000000000000000e+00 0.000000000000000000e+00
1.325000000000000000e+03 5.299865324694397195e-02 0.000000000000000000e+00 1.000000000000000000e+00 0.000000000000000000e+00 0.000000000000000000e+00 0.000000000000000000e+00
1.350000000000000000e+03 5.399862783650899445e-02 0.000000000000000000e+00 1.000000000000000000e+00 0.000000000000000000e+00 0.000000000000000000e+00 0.000000000000000000e+00
1.375000000000000000e+03 5.499860242607379490e-02 0.000000000000000000e+00 1.000000000000000000e+00 0.000000000000000000e+00 0.000000000000000000e+00 0.000000000000000000e+00
1.400000000000000000e+03 5.599857701563881740e-02 0.000000000000000000e+00 1.000000000000000000e+00 0.000000000000000000e+00 0.000000000000000000e+00 0.000000000000000000e+00
1.425000000000000000e+03 5.699855160520383990e-02 0.000000000000000000e+00 1.000000000000000000e+00 0.000000000000000000e+00 0.000000000000000000e+00 0.000000000000000000e+00
1.450000000000000000e+03 5.799852619476886240e-02 0.000000000000000000e+00 1.000000000000000000e+00 0.000000000000000000e+00 0.000000000000000000e+00 0.000000000000000000e+00
1.475000000000000000e+03 5.899850078433388489e-02 0.000000000000000000e+00 1.000000000000000000e+00 0.000000000000000000e+00 0.000000000000000000e+00 0.000000000000000000e+00
1.500000000000000000e+03 5.999847537389868535e-02 0.000000000000000000e+00 1.000000000000000000e+00 0.000000000000000000e+00 0.000000000000000000e+00 0.000000000000000000e+00
1.525000000000000000e+03 6.099844996346370785e-02 3.413746017296313199e-04 9.996586253982703285e-01 0.000000000000000000e+00 0.000000000000000000e+00 0.000000000000000000e+00
1.550000000000000000e+03 6.199842455302873034e-02 0.000000000000000000e+00 1.000000000000000000e+00 0.000000000000000000e+00 0.000000000000000000e+00 0.000000000000000000e+00
1.575000000000000000e+03 6.299839914259375284e-02 0.000000000000000000e+00 1.000000000000000000e+00 0.000000000000000000e+00 0.000000000000000000e+00 0.000000000000000000e+00
1.600000000000000000e+03 6.399837373215877534e-02 0.000000000000000000e+00 1.000000000000000000e+00 0.000000000000000000e+00 0.000000000000000000e+00 0.000000000000000000e+00
1.625000000000000000e+03 6.499834832172357579e-02 0.000000000000000000e+00 1.000000000000000000e+00 0.000000000000000000e+00 0.000000000000000000e+00 0.000000000000000000e+00
1.650000000000000000e+03 6.599832291128859829e-02 0.000000000000000000e+00 1.000000000000000000e+00 0.000000000000000000e+00 0.000000000000000000e+00 0.000000000000000000e+00
1.675000000000000000e+03 6.699829750085362079e-02 4.551661356395084266e-04 9.995448338643604380e-01 0.000000000000000000e+00 0.000000000000000000e+00 0.000000000000000000e+00
1.700000000000000000e+03 6.799827209041864329e-02 1.137915339098771066e-04 9.998862084660901095e-01 0.000000000000000000e+00 0.000000000000000000e+00 0.000000000000000000e+00
1.725000000000000000e+03 6.899824667998366579e-02 0.000000000000000000e+00 1.000000000000000000e+00 0.000000000000000000e+00 0.000000000000000000e+00 0.000000000000000000e+00
1.750000000000000000e+03 6.999822126954846624e-02 0.000000000000000000e+00 1.000000000000000000e+00 0.000000000000000000e+00 0.000000000000000000e+00 0.000000000000000000e+00
1.775000000000000000e+03 7.099819585911348874e-02 0.000000000000000000e+00 1.000000000000000000e+00 0.000000000000000000e+00 0.000000000000000000e+00 0.000000000000000000e+00
1.800000000000000000e+03 7.199817044867851124e-02 3.413746017296313199e-04 9.996586253982703285e-01 0.000000000000000000e+00 0.000000000000000000e+00 0.000000000000000000e+00
1.825000000000000000e+03 7.299814503824353373e-02 0.000000000000000000e+00 1.000000000000000000e+00 0.000000000000000000e+00 0.000000000000000000e+00 0.000000000000000000e+00
1.850000000000000000e+03 7.399811962780855623e-02 0.000000000000000000e+00 1.000000000000000000e+00 0.000000000000000000e+00 0.000000000000000000e+00 0.000000000000000000e+00
1.875000000000000000e+03 7.499809421737335668e-02 3.413746017296313199e-04 9.996586253982703285e-01 0.000000000000000000e+00 0.000000000000000000e+00 0.000000000000000000e+00
1.900000000000000000e+03 7.599806880693837918e-02 0.000000000000000000e+00 1.000000000000000000e+00 0.000000000000000000e+00 0.000000000000000000e+00 0.000000000000000000e+00
1.925000000000000000e+03 7.699804339650340168e-02 1.137915339098771066e-04 9.998862084660901095e-01 0.000000000000000000e+00 0.000000000000000000e+00 0.000000000000000000e+00
1.950000000000000000e+03 7.799801798606842418e-02 0.000000000000000000e+00 1.000000000000000000e+00 0.000000000000000000e+00 0.000000000000000000e+00 0.000000000000000000e+00
1.975000000000000000e+03 7.899799257563344668e-02 2.275830678197542133e-04 9.997724169321802190e-01 0.000000000000000000e+00 0.000000000000000000e+00 0.000000000000000000e+00
2.000000000000000000e+03 7.999796716519846917e-02 0.000000000000000000e+00 1.000000000000000000e+00 0.000000000000000000e+00 0.000000000000000000e+00 0.000000000000000000e+00
2.025000000000000000e+03 8.099794175476326963e-02 4.551661356395084266e-04 9.995448338643604380e-01 0.000000000000000000e+00 0.000000000000000000e+00 0.000000000000000000e+00
2.050000000000000000e+03 8.199791634432829213e-02 1.137915339098771066e-04 9.998862084660901095e-01 0.000000000000000000e+00 0.000000000000000000e+00 0.000000000000000000e+00
2.075000000000000000e+03 8.299789093389331462e-02 0.000000000000000000e+00 1.000000000000000000e+00 0.000000000000000000e+00 0.000000000000000000e+00 0.000000000000000000e+00
2.100000000000000000e+03 8.399786552345833712e-02 1.137915339098771066e-04 9.998862084660901095e-01 0.000000000000000000e+00 0.000000000000000000e+00 0.000000000000000000e+00
2.125000000000000000e+03 8.499784011302335962e-02 3.413746017296313199e-04 9.995448338643604380e-01 0.000000000000000000e+00 1.137915339098771066e-04 0.000000000000000000e+00
2.150000000000000000e+03 8.599781470258816007e-02 5.689576695493854790e-04 9.994310423304506585e-01 0.000000000000000000e+00 0.000000000000000000e+00 0.000000000000000000e+00
2.175000000000000000e+03 8.699778929215318257e-02 6.827492034592626399e-04 9.993172507965407680e-01 0.000000000000000000e+00 0.000000000000000000e+00 0.000000000000000000e+00
2.200000000000000000e+03 8.799776388171820507e-02 5.689576695493854790e-04 9.994310423304506585e-01 0.000000000000000000e+00 0.000000000000000000e+00 0.000000000000000000e+00
2.225000000000000000e+03 8.899773847128322757e-02 4.551661356395084266e-04 9.995448338643604380e-01 0.000000000000000000e+00 0.000000000000000000e+00 0.000000000000000000e+00
2.250000000000000000e+03 8.999771306084825007e-02 4.551661356395084266e-04 9.995448338643604380e-01 0.000000000000000000e+00 0.000000000000000000e+00 0.000000000000000000e+00
2.275000000000000000e+03 9.099768765041305052e-02 1.137915339098771066e-04 9.998862084660901095e-01 0.000000000000000000e+00 0.000000000000000000e+00 0.000000000000000000e+00
2.300000000000000000e+03 9.199766223997807302e-02 1.365498406918525280e-03 9.986345015930814251e-01 0.000000000000000000e+00 0.000000000000000000e+00 0.000000000000000000e+00
2.325000000000000000e+03 9.299763682954309552e-02 1.365498406918525280e-03 9.986345015930814251e-01 0.000000000000000000e+00 0.000000000000000000e+00 0.000000000000000000e+00
2.350000000000000000e+03 9.399761141910811801e-02 2.275830678197541916e-03 9.976103777878926326e-01 0.000000000000000000e+00 1.137915339098771066e-04 0.000000000000000000e+00
2.375000000000000000e+03 9.499758600867314051e-02 1.137915339098770958e-03 9.986345015930814251e-01 0.000000000000000000e+00 2.275830678197542133e-04 0.000000000000000000e+00
2.400000000000000000e+03 9.599756059823794097e-02 1.593081474738279385e-03 9.982931269913518646e-01 0.000000000000000000e+00 1.137915339098771066e-04 0.000000000000000000e+00
2.425000000000000000e+03 9.699753518780296346e-02 1.706873008648156654e-03 9.981793354574419741e-01 0.000000000000000000e+00 1.137915339098771066e-04 0.000000000000000000e+00
2.450000000000000000e+03 9.799750977736798596e-02 2.162039144287664864e-03 9.977241693218024121e-01 0.000000000000000000e+00 1.137915339098771066e-04 0.000000000000000000e+00
2.475000000000000000e+03 9.899748436693300846e-02 3.072371415566681717e-03 9.968138370505233992e-01 0.000000000000000000e+00 1.137915339098771066e-04 0.000000000000000000e+00
2.500000000000000000e+03 9.999745895649803096e-02 1.706873008648156654e-03 9.981793354574419741e-01 0.000000000000000000e+00 1.137915339098771066e-04 0.000000000000000000e+00
2.525000000000000000e+03 1.009974335460628314e-01 2.275830678197541916e-03 9.976103777878926326e-01 0.000000000000000000e+00 1.137915339098771066e-04 0.000000000000000000e+00
2.550000000000000000e+03 1.019974081356278539e-01 3.641329085116067413e-03 9.962448793809740577e-01 0.000000000000000000e+00 1.137915339098771066e-04 0.000000000000000000e+00
2.575000000000000000e+03 1.029973827251928764e-01 1.820664542558033706e-03 9.981793354574419741e-01 0.000000000000000000e+00 0.000000000000000000e+00 0.000000000000000000e+00
2.600000000000000000e+03 1.039973573147578989e-01 1.706873008648156654e-03 9.980655439235320836e-01 0.000000000000000000e+00 2.275830678197542133e-04 0.000000000000000000e+00
2.625000000000000000e+03 1.049973319043229214e-01 4.210286754665453109e-03 9.952207555757851543e-01 0.000000000000000000e+00 5.689576695493854790e-04 0.000000000000000000e+00
2.650000000000000000e+03 1.059973064938877219e-01 4.437869822485207214e-03 9.953345471096950448e-01 0.000000000000000000e+00 2.275830678197542133e-04 0.000000000000000000e+00
2.675000000000000000e+03 1.069972810834527444e-01 5.348202093764223633e-03 9.943104233045061413e-01 0.000000000000000000e+00 3.413746017296313199e-04 0.000000000000000000e+00
2.700000000000000000e+03 1.079972556730177669e-01 4.893035958124715423e-03 9.948793809740554828e-01 0.000000000000000000e+00 2.275830678197542133e-04 0.000000000000000000e+00
2.725000000000000000e+03 1.089972302625827894e-01 4.210286754665453109e-03 9.951069640418752638e-01 0.000000000000000000e+00 6.827492034592626399e-04 0.000000000000000000e+00
2.750000000000000000e+03 1.099972048521478118e-01 8.648156577150659455e-03 9.907828857532999800e-01 0.000000000000000000e+00 5.689576695493854790e-04 0.000000000000000000e+00
2.775000000000000000e+03 1.109971794417128343e-01 8.648156577150659455e-03 9.910104688211197610e-01 0.000000000000000000e+00 3.413746017296313199e-04 0.000000000000000000e+00
2.800000000000000000e+03 1.119971540312776348e-01 8.306781975421027864e-03 9.911242603550295405e-01 0.000000000000000000e+00 5.689576695493854790e-04 0.000000000000000000e+00
2.825000000000000000e+03 1.129971286208426573e-01 1.058261265361857065e-02 9.882794720072826111e-01 0.000000000000000000e+00 1.137915339098770958e-03 0.000000000000000000e+00
2.850000000000000000e+03 1.139971032104076798e-01 1.012744651797906244e-02 9.890760127446518446e-01 0.000000000000000000e+00 7.965407373691396923e-04 0.000000000000000000e+00
2.875000000000000000e+03 1.149970777999727023e-01 1.001365498406918582e-02 9.888484296768320636e-01 0.000000000000000000e+00 1.137915339098770958e-03 0.000000000000000000e+00
2.900000000000000000e+03 1.159970523895377248e-01 1.672735548475193582e-02 9.823623122439690825e-01 0.000000000000000000e+00 9.103322712790168532e-04 0.000000000000000000e+00
2.925000000000000000e+03 1.169970269791025252e-01 2.503413746017296368e-02 9.728038233955393910e-01 0.000000000000000000e+00 2.162039144287664864e-03 0.000000000000000000e+00
2.950000000000000000e+03 1.179970015686675477e-01 3.163404642694583185e-02 9.615384615384615641e-01 0.000000000000000000e+00 6.827492034592626616e-03 0.000000000000000000e+00
2.975000000000000000e+03 1.189969761582325702e-01 4.460628129267182190e-02 9.425352753755120716e-01 0.000000000000000000e+00 1.285844333181611343e-02 0.000000000000000000e+00
3.000000000000000000e+03 1.199969507477975927e-01 6.133363677742376119e-02 9.072598998634501255e-01 0.000000000000000000e+00 3.140646335912607862e-02 0.000000000000000000e+00
3.025000000000000000e+03 1.209969253373626152e-01 9.444697314519799602e-02 8.343195266272189770e-01 0.000000000000000000e+00 7.123350022758306865e-02 0.000000000000000000e+00
3.050000000000000000e+03 1.219968999269274157e-01 1.538461538461538547e-01 6.807009558488847922e-01 0.000000000000000000e+00 1.654528903049612976e-01 0.000000000000000000e+00
3.075000000000000000e+03 1.229968745164924382e-01 2.395311788802912956e-01 4.478834774692762588e-01 0.000000000000000000e+00 3.125853436504323901e-01 0.000000000000000000e+00
3.100000000000000000e+03 1.239968491060574607e-01 3.210059171597632877e-01 2.452207555757851543e-01 0.000000000000000000e+00 4.337733272644515026e-01 0.000000000000000000e+00
3.125000000000000000e+03 1.249968236956224832e-01 3.620846609012289274e-01 1.340464269458352398e-01 1.137915339098771066e-04 5.037551206190259423e-01 0.000000000000000000e+00
3.150000000000000000e+03 1.259967982851875057e-01 3.658397815202548697e-01 8.534365043240782489e-02 2.275830678197542133e-04 5.485889849795174689e-01 0.000000000000000000e+00
3.175000000000000000e+03 1.269967728747523061e-01 3.464952207555757613e-01 7.373691397360036814e-02 1.365498406918525280e-03 5.784023668639053373e-01 0.000000000000000000e+00
3.200000000000000000e+03 1.279967474643173286e-01 3.529813381884387979e-01 9.012289485662267063e-02 2.958579881656804664e-03 5.539371870732817671e-01 0.000000000000000000e+00
3.225000000000000000e+03 1.289967220538823511e-01 3.856395084205734847e-01 1.124260355029585851e-01 6.486117432862995025e-03 4.954483386436049352e-01 0.000000000000000000e+00
3.250000000000000000e+03 1.299966966434473736e-01 3.900773782430587144e-01 1.342740100136549930e-01 1.137915339098771045e-02 4.642694583522986029e-01 0.000000000000000000e+00
3.275000000000000000e+03 1.309966712330123961e-01 4.064633591260810030e-01 1.399635867091488517e-01 1.536185707783340945e-02 4.382111970869367323e-01 0.000000000000000000e+00
3.300000000000000000e+03 1.319966458225771966e-01 4.002048247610378029e-01 1.430359581247155343e-01 2.446517979062357712e-02 4.322940373236231482e-01 0.000000000000000000e+00
3.325000000000000000e+03 1.329966204121422191e-01 3.990669094219390090e-01 1.474738279472007363e-01 4.733727810650887463e-02 4.061219845243513871e-01 0.000000000000000000e+00
3.350000000000000000e+03 1.339965950017072416e-01 4.160218479745106945e-01 1.458807464724624359e-01 6.781975421028675621e-02 3.702776513427400995e-01 0.000000000000000000e+00
3.375000000000000000e+03 1.349965695912722641e-01 4.190942193900774049e-01 1.569185252617205373e-01 9.399180700955848955e-02 3.299954483386435822e-01 0.000000000000000000e+00
3.400000000000000000e+03 1.359965441808372866e-01 4.324078288575329831e-01 1.594219390077378229e-01 1.191397360036413333e-01 2.890304961310878329e-01 0.000000000000000000e+00
3.425000000000000000e+03 1.369965187704020870e-01 4.363905325443787064e-01 1.652253072371415443e-01 1.560081929904415243e-01 2.423759672280382249e-01 0.000000000000000000e+00
3.450000000000000000e+03 1.379964933599671095e-01 4.534592626308602825e-01 1.648839326354119283e-01 1.781975421028675344e-01 2.034592626308602548e-01 0.000000000000000000e+00
3.475000000000000000e+03 1.389964679495321320e-01 4.605143377332726606e-01 1.748975876194810986e-01 2.085798816568047442e-01 1.560081929904415243e-01 0.000000000000000000e+00
3.500000000000000000e+03 1.399964425390971545e-01 4.696176604460627901e-01 1.829767865270823801e-01 2.193900773782430647e-01 1.280154756486117373e-01 0.000000000000000000e+00
3.525000000000000000e+03 1.409964171286621770e-01 4.712107419208010906e-01 1.845698680018206528e-01 2.167728720983158885e-01 1.274465179790623681e-01 0.000000000000000000e+00
3.550000000000000000e+03 1.419963917182271995e-01 4.721210741920801035e-01 1.868456986800182129e-01 2.190487027765134209e-01 1.219845243513882627e-01 0.000000000000000000e+00
3.575000000000000000e+03 1.429963663077920000e-01 4.690487027765134487e-01 1.824078288575330109e-01 2.287209831588529751e-01 1.198224852071005930e-01 0.000000000000000000e+00
3.600000000000000000e+03 1.439963408973570225e-01 4.775830678197542367e-01 1.803595812471552040e-01 2.311106053709603980e-01 1.109467455621301751e-01 0.000000000000000000e+00
3.625000000000000000e+03 1.449963154869220450e-01 4.611970869367318926e-01 1.827492034592626269e-01 2.493172507965407403e-01 1.067364588074647264e-01 0.000000000000000000e+00
3.650000000000000000e+03 1.459962900764870675e-01 4.575557578516158408e-01 1.846836595357305433e-01 2.669549385525716856e-01 9.080564406008193035e-02 0.000000000000000000e+00
3.675000000000000000e+03 1.469962646660520900e-01 4.501593081474738467e-01 1.861629494765589532e-01 2.760582612653618706e-01 8.761948111060537114e-02 0.000000000000000000e+00
3.700000000000000000e+03 1.479962392556168904e-01 4.490213928083750528e-01 1.885525716886663761e-01 2.861857077833409035e-01 7.624032771961765376e-02 0.000000000000000000e+00
3.725000000000000000e+03 1.489962138451819129e-01 4.362767410104688159e-01 1.908284023668639084e-01 2.949476558944014726e-01 7.794720072826581692e-02 0.000000000000000000e+00
3.750000000000000000e+03 1.499961884347469354e-01 4.284251251706873154e-01 1.966317705962676299e-01 2.926718252162039402e-01 8.227127901684114231e-02 0.000000000000000000e+00
3.775000000000000000e+03 1.509961630243119579e-01 4.058944014565316616e-01 2.049385525716886647e-01 2.997269003186163183e-01 8.944014565316341092e-02 0.000000000000000000e+00
3.800000000000000000e+03 1.519961376138769804e-01 4.120391442876649712e-01 2.089212562585343602e-01 2.999544833864360438e-01 7.908511606736458310e-02 0.000000000000000000e+00
3.825000000000000000e+03 1.529961122034417809e-01 4.169321802457897075e-01 2.060764679107874309e-01 3.040509786071916021e-01 7.294037323623121793e-02 0.000000000000000000e+00
3.850000000000000000e+03 1.539960867930068034e-01 4.116977696859353553e-01 2.077833409194355940e-01 3.179335457441966328e-01 6.258534365043240399e-02 0.000000000000000000e+00
3.875000000000000000e+03 1.549960613825718259e-01 4.035047792444242387e-01 2.124487938097405493e-01 3.224852071005916976e-01 6.156121984524351443e-02 0.000000000000000000e+00
3.900000000000000000e+03 1.559960359721368484e-01 3.987255348202093930e-01 2.148384160218479721e-01 3.279472007282658308e-01 5.848884842967683184e-02 0.000000000000000000e+00
3.925000000000000000e+03 1.569960105617018709e-01 3.969048702776513671e-01 2.152935821574874786e-01 3.356850250341374409e-01 5.211652253072371344e-02 0.000000000000000000e+00
3.950000000000000000e+03 1.579959851512666713e-01 3.932635411925352598e-01 2.130177514792899462e-01 3.368229403732362348e-01 5.689576695493855224e-02 0.000000000000000000e+00
3.975000000000000000e+03 1.589959597408316938e-01 3.947428311333636697e-01 2.111970869367319203e-01 3.398953117888028896e-01 5.416477014110149951e-02 0.000000000000000000e+00
4.000000000000000000e+03 1.599959343303967163e-01 3.982703686845698865e-01 2.107419208010923861e-01 3.417159763313609711e-01 4.927173418297678409e-02 0.000000000000000000e+00
4.025000000000000000e+03 1.609959089199617388e-01 3.984979517523896120e-01 2.116522530723714268e-01 3.393263541192535482e-01 5.052344105598543383e-02 0.000000000000000000e+00
4.050000000000000000e+03 1.619958835095267613e-01 3.967910787437414766e-01 2.137005006827492060e-01 3.328402366863905115e-01 5.666818388711879900e-02 0.000000000000000000e+00
4.075000000000000000e+03 1.629958580990915618e-01 3.950842057350932857e-01 2.139280837505689592e-01 3.354574419663177154e-01 5.553026854802002588e-02 0.000000000000000000e+00
4.100000000000000000e+03 1.639958326886565843e-01 4.029358215748748417e-01 2.075557578516158408e-01 3.287437414656349532e-01 6.076467910787437116e-02 0.000000000000000000e+00
4.125000000000000000e+03 1.649958072782216068e-01 3.979289940828402150e-01 2.109695038689121394e-01 3.327264451524806765e-01 5.837505689576695522e-02 0.000000000000000000e+00
4.150000000000000000e+03 1.659957818677866292e-01 4.024806554392353353e-01 2.088074647246244975e-01 3.287437414656349532e-01 5.996813837050523482e-02 0.000000000000000000e+00
4.175000000000000000e+03 1.669957564573516517e-01 4.004324078288575284e-01 2.067592171142466906e-01 3.303368229403732537e-01 6.247155211652252738e-02 0.000000000000000000e+00
4.200000000000000000e+03 1.679957310469164522e-01 3.990669094219390090e-01 2.121074192080109333e-01 3.311333636777423761e-01 5.769230769230769551e-02 0.000000000000000000e+00
4.225000000000000000e+03 1.689957056364814747e-01 3.988393263541192280e-01 2.096040054619936199e-01 3.265817023213473114e-01 6.497496586253982687e-02 0.000000000000000000e+00
4.250000000000000000e+03 1.699956802260464972e-01 4.006599908966773094e-01 2.101729631315430169e-01 3.205507510241237812e-01 6.861629494765589254e-02 0.000000000000000000e+00
4.275000000000000000e+03 1.709956548156115197e-01 3.977014110150204895e-01 2.147246244879381094e-01 3.195266272189349332e-01 6.804733727810650945e-02 0.000000000000000000e+00
4.300000000000000000e+03 1.719956294051765422e-01 4.066909421939007840e-01 2.133591260810195622e-01 3.171370050068275104e-01 6.281292671825215723e-02 0.000000000000000000e+00
4.325000000000000000e+03 1.729956039947415647e-01 4.066909421939007840e-01 2.171142467000455045e-01 3.113336367774237612e-01 6.486117432862995025e-02 0.000000000000000000e+00
4.350000000000000000e+03 1.739955785843063651e-01 4.062357760582612776e-01 2.143832498862084657e-01 3.067819754210286964e-01 7.259899863450158808e-02 0.000000000000000000e+00
4.375000000000000000e+03 1.749955531738713876e-01 4.113563950842057393e-01 2.162039144287664916e-01 3.031406463359125891e-01 6.929904415111515226e-02 0.000000000000000000e+00
4.400000000000000000e+03 1.759955277634364101e-01 4.184114701866181174e-01 2.139280837505689592e-01 2.980200273099681274e-01 6.964041875284478211e-02 0.000000000000000000e+00
4.425000000000000000e+03 1.769955023530014326e-01 4.180700955848885014e-01 2.157487482931269851e-01 2.984751934456076339e-01 6.770596267637687959e-02 0.000000000000000000e+00
4.450000000000000000e+03 1.779954769425664551e-01 4.156804733727810786e-01 2.207555757851615841e-01 2.932407828857532817e-01 7.032316795630405570e-02 0.000000000000000000e+00
4.475000000000000000e+03 1.789954515321312556e-01 4.242148384160218666e-01 2.199590350477924339e-01 2.902822030040965173e-01 6.554392353208920996e-02 0.000000000000000000e+00
4.500000000000000000e+03 1.799954261216962781e-01 4.170459717796995980e-01 2.245106964041875264e-01 2.897132453345471204e-01 6.873008648156576916e-02 0.000000000000000000e+00
4.525000000000000000e+03 1.809954007112613006e-01 4.162494310423304755e-01 2.255348202093764298e-01 2.936959490213927881e-01 6.451979972690032039e-02 0.000000000000000000e+00
4.550000000000000000e+03 1.819953753008263231e-01 4.159080564406008040e-01 2.238279472007282667e-01 2.901684114701866268e-01 7.009558488848430247e-02 0.000000000000000000e+00
4.575000000000000000e+03 1.829953498903913456e-01 4.228493400091033472e-01 2.254210286754665393e-01 2.902822030040965173e-01 6.144742831133363781e-02 0.000000000000000000e+00
4.600000000000000000e+03 1.839953244799561460e-01 4.231907146108329631e-01 2.243969048702776636e-01 2.902822030040965173e-01 6.213017751479289752e-02 0.000000000000000000e+00
4.625000000000000000e+03 1.849952990695211685e-01 4.288802913063268218e-01 2.210969503868912278e-01 2.905097860719162428e-01 5.951297223486572835e-02 0.000000000000000000e+00
4.650000000000000000e+03 1.859952736590861910e-01 4.346836595357305155e-01 2.185935366408739144e-01 2.888029130632681074e-01 5.791989076012744875e-02 0.000000000000000000e+00
4.675000000000000000e+03 1.869952482486512135e-01 4.355939918070095840e-01 2.172280382339553950e-01 2.842512517068729871e-01 6.292671825216203385e-02 0.000000000000000000e+00
4.700000000000000000e+03 1.879952228382162360e-01 4.345698680018206805e-01 2.232589895311788697e-01 2.801547564861174289e-01 6.201638598088302090e-02 0.000000000000000000e+00
4.725000000000000000e+03 1.889951974277810365e-01 4.437869822485207005e-01 2.218934911242603503e-01 2.754893035958124736e-01 5.883022303140646170e-02 0.000000000000000000e+00
4.750000000000000000e+03 1.899951720173460590e-01 4.408284023668638807e-01 2.226900318616295005e-01 2.693445607646791085e-01 6.713700500682749650e-02 0.000000000000000000e+00
4.775000000000000000e+03 1.909951466069110815e-01 4.500455166135639562e-01 2.212107419208010906e-01 2.638825671370050308e-01 6.486117432862995025e-02 0.000000000000000000e+00
4.800000000000000000e+03 1.919951211964761040e-01 4.510696404187528596e-01 2.238279472007282667e-01 2.633136094674556338e-01 6.178880291306326766e-02 0.000000000000000000e+00
4.825000000000000000e+03 1.929950957860411265e-01 4.487938097405553273e-01 2.261037778789257990e-01 2.616067364588074429e-01 6.349567592171143082e-02 0.000000000000000000e+00
4.850000000000000000e+03 1.939950703756059269e-01 4.518661811561219821e-01 2.330450614474283144e-01 2.573964497041419941e-01 5.769230769230769551e-02 0.000000000000000000e+00
4.875000000000000000e+03 1.949950449651709494e-01 4.408284023668638807e-01 2.401001365498406925e-01 2.589895311788802945e-01 6.008192990441511144e-02 0.000000000000000000e+00
4.900000000000000000e+03 1.959950195547359719e-01 4.417387346381429492e-01 2.380518889394629134e-01 2.625170687300864558e-01 5.769230769230769551e-02 0.000000000000000000e+00
4.925000000000000000e+03 1.969949941443009944e-01 4.454938552571688914e-01 2.391898042785616796e-01 2.561447428311333652e-01 5.917159763313609155e-02 0.000000000000000000e+00
4.950000000000000000e+03 1.979949687338660169e-01 4.462903959945380139e-01 2.383932635411925294e-01 2.595584888484296915e-01 5.575785161583977911e-02 0.000000000000000000e+00
4.975000000000000000e+03 1.989949433234308174e-01 4.440145653163404815e-01 2.382794720072826666e-01 2.586481565771506785e-01 5.905780609922621494e-02 0.000000000000000000e+00
5.000000000000000000e+03 1.999949179129958399e-01 4.420801092398725651e-01 2.380518889394629134e-01 2.631998179335457433e-01 5.666818388711879900e-02 0.000000000000000000e+00
5.025000000000000000e+03 2.009948925025608624e-01 4.443559399180700975e-01 2.369139736003641195e-01 2.598998634501593075e-01 5.883022303140646170e-02 0.000000000000000000e+00
5.050000000000000000e+03 2.019948670921258849e-01 4.443559399180700975e-01 2.350933090578060936e-01 2.612653618570778269e-01 5.928538916704597511e-02 0.000000000000000000e+00
5.075000000000000000e+03 2.029948416816909074e-01 4.483386436049158208e-01 2.360036413290851065e-01 2.591033227127901850e-01 5.655439235320892238e-02 0.000000000000000000e+00
5.100000000000000000e+03 2.039948162712559299e-01 4.490213928083750528e-01 2.365725989986345035e-01 2.611515703231679364e-01 5.325443786982248656e-02 0.000000000000000000e+00
5.125000000000000000e+03 2.049947908608207303e-01 4.500455166135639562e-01 2.364588074647246130e-01 2.543240782885753393e-01 5.917159763313609155e-02 0.000000000000000000e+00
5.150000000000000000e+03 2.059947654503857528e-01 4.457214383249886169e-01 2.397587619481110488e-01 2.558033682294037492e-01 5.871643149749658508e-02 0.000000000000000000e+00
5.175000000000000000e+03 2.069947400399507753e-01 4.457214383249886169e-01 2.365725989986345035e-01 2.530723714155666548e-01 6.463359126081019701e-02 0.000000000000000000e+00
5.200000000000000000e+03 2.079947146295157978e-01 4.511834319526626946e-01 2.411242603550295960e-01 2.489758761948110966e-01 5.871643149749658508e-02 0.000000000000000000e+00
5.225000000000000000e+03 2.089946892190808203e-01 4.481110605370960398e-01 2.456759217114246607e-01 2.535275375512062168e-01 5.268548020027309653e-02 0.000000000000000000e+00
5.250000000000000000e+03 2.099946638086456208e-01 4.515248065543923661e-01 2.441966317705962786e-01 2.526172052799271484e-01 5.166135639508420696e-02 0.000000000000000000e+00
5.275000000000000000e+03 2.109946383982106433e-01 4.518661811561219821e-01 2.420345926263086089e-01 2.586481565771506785e-01 4.745106964041875125e-02 0.000000000000000000e+00
5.300000000000000000e+03 2.119946129877756658e-01 4.551661356395084179e-01 2.406690942193900895e-01 2.572826581702321591e-01 4.688211197086936816e-02 0.000000000000000000e+00
5.325000000000000000e+03 2.129945875773406883e-01 4.556213017751479244e-01 2.448793809740555383e-01 2.501137915339098905e-01 4.938552571688666071e-02 0.000000000000000000e+00
5.350000000000000000e+03 2.139945621669057108e-01 4.458352298588985074e-01 2.481793354574419741e-01 2.558033682294037492e-01 5.018206645425580398e-02 0.000000000000000000e+00
5.375000000000000000e+03 2.149945367564705112e-01 4.491351843422849432e-01 2.453345471096950448e-01 2.559171597633135842e-01 4.961310878470642088e-02 0.000000000000000000e+00
5.400000000000000000e+03 2.159945113460355337e-01 4.507282658170231882e-01 2.428311333636777314e-01 2.644515248065543722e-01 4.198907601274465273e-02 0.000000000000000000e+00
5.425000000000000000e+03 2.169944859356005562e-01 4.487938097405553273e-01 2.419208010923987184e-01 2.668411470186617951e-01 4.244424214838415921e-02 0.000000000000000000e+00
5.450000000000000000e+03 2.179944605251655787e-01 4.502730996813836817e-01 2.427173418297678686e-01 2.655894401456531662e-01 4.142011834319526964e-02 0.000000000000000000e+00
5.475000000000000000e+03 2.189944351147306012e-01 4.492489758761948337e-01 2.441966317705962786e-01 2.649066909421938787e-01 4.164770141101502288e-02 0.000000000000000000e+00
5.500000000000000000e+03 2.199944097042954017e-01 4.553937187073281989e-01 2.403277196176604458e-01 2.657032316795630567e-01 3.857532999544834029e-02 0.000000000000000000e+00
5.525000000000000000e+03 2.209943842938604242e-01 4.560764679107874309e-01 2.382794720072826666e-01 2.671825216203914666e-01 3.846153846153846367e-02 0.000000000000000000e+00
5.550000000000000000e+03 2.219943588834254466e-01 4.580109239872553473e-01 2.398725534820209393e-01 2.659308147473827821e-01 3.618570778334091742e-02 0.000000000000000000e+00
5.575000000000000000e+03 2.229943334729904691e-01 4.610832954028220576e-01 2.431725079654073751e-01 2.603550295857988139e-01 3.538916704597178109e-02 0.000000000000000000e+00
5.600000000000000000e+03 2.239943080625554916e-01 4.626763768775603025e-01 2.451069640418752915e-01 2.573964497041419941e-01 3.482020937642239106e-02 0.000000000000000000e+00
5.625000000000000000e+03 2.249942826521202921e-01 4.687073281747837772e-01 2.429449248975876219e-01 2.543240782885753393e-01 3.402366863905325473e-02 0.000000000000000000e+00
5.650000000000000000e+03 2.259942572416853146e-01 4.652935821574875064e-01 2.451069640418752915e-01 2.537551206190259423e-01 3.584433318161128756e-02 0.000000000000000000e+00
5.675000000000000000e+03 2.269942318312503371e-01 4.597177969959034827e-01 2.474965862539827144e-01 2.543240782885753393e-01 3.846153846153846367e-02 0.000000000000000000e+00
