# itime ezz other fcc hcp bcc ico
0.000000000000000000e+00 0.000000000000000000e+00 0.000000000000000000e+00 1.000000000000000000e+00 0.000000000000000000e+00 0.000000000000000000e+00 0.000000000000000000e+00
2.500000000000000000e+02 9.999976011492384131e-03 0.000000000000000000e+00 1.000000000000000000e+00 0.000000000000000000e+00 0.000000000000000000e+00 0.000000000000000000e+00
5.000000000000000000e+02 1.999995202298476826e-02 0.000000000000000000e+00 1.000000000000000000e+00 0.000000000000000000e+00 0.000000000000000000e+00 0.000000000000000000e+00
7.500000000000000000e+02 2.999992803447715239e-02 0.000000000000000000e+00 1.000000000000000000e+00 0.000000000000000000e+00 0.000000000000000000e+00 0.000000000000000000e+00
1.000000000000000000e+03 3.999990404596953653e-02 0.000000000000000000e+00 1.000000000000000000e+00 0.000000000000000000e+00 0.000000000000000000e+00 0.000000000000000000e+00
1.250000000000000000e+03 4.999988005746192066e-02 0.000000000000000000e+00 1.000000000000000000e+00 0.000000000000000000e+00 0.000000000000000000e+00 0.000000000000000000e+00
1.500000000000000000e+03 5.999985606895430479e-02 0.000000000000000000e+00 1.000000000000000000e+00 0.000000000000000000e+00 0.000000000000000000e+00 0.000000000000000000e+00
1.750000000000000000e+03 6.999983208044668892e-02 0.000000000000000000e+00 1.000000000000000000e+00 0.000000000000000000e+00 0.000000000000000000e+00 0.000000000000000000e+00
2.000000000000000000e+03 7.999980809193907305e-02 5.689576695493854790e-04 9.994310423304506585e-01 0.000000000000000000e+00 0.000000000000000000e+00 0.000000000000000000e+00
2.250000000000000000e+03 8.999978410343145718e-02 0.000000000000000000e+00 1.000000000000000000e+00 0.000000000000000000e+00 0.000000000000000000e+00 0.000000000000000000e+00
2.500000000000000000e+03 9.999976011492384131e-02 1.024123805188893906e-03 9.989758761948110966e-01 0.000000000000000000e+00 0.000000000000000000e+00 0.000000000000000000e+00
2.750000000000000000e+03 1.099997361264162254e-01 1.160673645880746542e-02 9.878243058716431602e-01 0.000000000000000000e+00 5.689576695493854790e-04 0.000000000000000000e+00
3.000000000000000000e+03 1.199997121379086096e-01 9.126081019572143682e-02 8.479745106964041712e-01 0.000000000000000000e+00 6.076467910787437116e-02 0.000000000000000000e+00
3.250000000000000000e+03 1.299996881494009937e-01 3.829085116067364458e-01 1.519116977696859383e-01 5.370960400546199304e-02 4.114701866181156298e-01 0.000000000000000000e+00
3.500000000000000000e+03 1.399996641608933778e-01 4.625625853436504120e-01 1.710286754665452935e-01 2.379380974055530229e-01 1.284706417842512438e-01 0.000000000000000000e+00
3.750000000000000000e+03 1.499996401723857620e-01 4.275147928994083024e-01 2.280382339553937154e-01 2.432862994993172379e-01 1.011606736458807443e-01 0.000000000000000000e+00
4.000000000000000000e+03 1.599996161838781461e-01 4.175011379153391045e-01 2.597860719162494170e-01 2.682066454255803145e-01 5.450614474283113631e-02 0.000000000000000000e+00
4.250000000000000000e+03 1.699995921953705302e-01 4.256941283568502765e-01 2.675238962221210826e-01 2.583067819754210070e-01 4.847519344560764776e-02 0.000000000000000000e+00
4.500000000000000000e+03 1.799995682068629144e-01 4.243286299499317016e-01 2.512517068730086289e-01 2.815202548930359483e-01 4.289940828402366568e-02 0.000000000000000000e+00
4.750000000000000000e+03 1.899995442183552985e-01 4.294492489758762188e-01 2.468138370505234547e-01 2.852753755120618906e-01 3.846153846153846367e-02 0.000000000000000000e+00
5.000000000000000000e+03 1.999995202298476826e-01 4.209148839326354308e-01 2.550068274920345712e-01 2.894856622667273394e-01 3.459262630860263782e-02 0.000000000000000000e+00
5.250000000000000000e+03 2.099994962413400668e-01 4.382111970869367323e-01 2.492034592626308498e-01 2.784478834774692935e-01 3.413746017296313134e-02 0.000000000000000000e+00
5.500000000000000000e+03 2.199994722528324509e-01 4.377560309512972259e-01 2.461310878470641672e-01 2.910787437414656398e-01 2.503413746017296368e-02 0.000000000000000000e+00
5.750000000000000000e+03 2.299994482643248350e-01 4.384387801547565133e-01 2.405553026854801990e-01 2.884615384615384359e-01 3.254437869822485174e-02 0.000000000000000000e+00
6.000000000000000000e+03 2.399994242758172192e-01 4.433318161128811941e-01 2.394173873463814328e-01 2.882339553937187104e-01 2.901684114701866268e-02 0.000000000000000000e+00
6.250000000000000000e+03 2.499994002873096033e-01 4.481110605370960398e-01 2.563723258989530907e-01 2.687756030951297115e-01 2.674101046882111990e-02 0.000000000000000000e+00
6.500000000000000000e+03 2.599993762988019874e-01 4.322940373236231482e-01 2.787892580791989094e-01 2.663859808830222886e-01 2.253072371415566766e-02 0.000000000000000000e+00
6.750000000000000000e+03 2.699993523102943715e-01 4.247837960855712081e-01 2.911925352753755303e-01 2.625170687300864558e-01 2.150659990896677115e-02 0.000000000000000000e+00
7.000000000000000000e+03 2.799993283217867557e-01 4.196631770596267463e-01 3.230541647701410946e-01 2.379380974055530229e-01 1.934456076467910846e-02 0.000000000000000000e+00
7.250000000000000000e+03 2.899993043332791398e-01 4.088529813381884259e-01 3.528675466545289074e-01 2.200728265817023244e-01 1.820664542558033533e-02 0.000000000000000000e+00
7.500000000000000000e+03 2.999992803447715239e-01 3.987255348202093930e-01 3.583295402822029851e-01 2.267865270823850588e-01 1.615839781520254925e-02 0.000000000000000000e+00
7.750000000000000000e+03 3.099992563562639081e-01 3.977014110150204895e-01 3.505917159763313751e-01 2.361174328629949970e-01 1.558944014565316269e-02 0.000000000000000000e+00
8.000000000000000000e+03 3.199992323677562922e-01 3.922394173873463563e-01 3.455848884842967483e-01 2.496586253982703563e-01 1.251706873008648184e-02 0.000000000000000000e+00
8.250000000000000000e+03 3.299992083792486763e-01 3.954255803368229572e-01 3.500227583067819781e-01 2.424897587619481154e-01 1.206190259444697363e-02 0.000000000000000000e+00
8.500000000000000000e+03 3.399991843907410605e-01 4.065771506599908935e-01 3.475193445607646647e-01 2.342967683204369711e-01 1.160673645880746542e-02 0.000000000000000000e+00
8.750000000000000000e+03 3.499991604022334446e-01 4.045289030496130867e-01 3.545744196631770428e-01 2.262175694128356895e-01 1.467910787437414627e-02 0.000000000000000000e+00
9.000000000000000000e+03 3.599991364137258287e-01 4.072598998634501810e-01 3.587847064178424916e-01 2.155211652253072319e-01 1.843422849340009204e-02 0.000000000000000000e+00
9.250000000000000000e+03 3.699991124252184349e-01 3.981565771506599960e-01 3.683431952662721831e-01 2.160901228948566288e-01 1.741010468821119553e-02 0.000000000000000000e+00
9.500000000000000000e+03 3.799990884367108190e-01 4.036185707783340737e-01 3.731224396904870289e-01 2.101729631315430169e-01 1.308602639963586667e-02 0.000000000000000000e+00
9.750000000000000000e+03 3.899990644482032032e-01 4.037323623122439642e-01 3.818843878015475424e-01 2.001593081474738189e-01 1.422394173873463806e-02 0.000000000000000000e+00
1.000000000000000000e+04 3.999990404596955873e-01 4.139736003641328876e-01 3.800637232589895165e-01 1.913973600364132777e-01 1.456531634046426965e-02 0.000000000000000000e+00
1.025000000000000000e+04 4.099990164711879714e-01 4.114701866181156298e-01 3.774465179790623681e-01 2.003868912152935722e-01 1.058261265361857065e-02 1.137915339098771066e-04
1.050000000000000000e+04 4.199989924826803556e-01 4.120391442876649712e-01 3.823395539371870488e-01 1.962903959945380139e-01 9.330905780609922637e-03 0.000000000000000000e+00
1.075000000000000000e+04 4.299989684941727397e-01 4.087391898042785354e-01 3.839326354119253493e-01 1.931042330450614408e-01 1.422394173873463806e-02 0.000000000000000000e+00
1.100000000000000000e+04 4.399989445056651238e-01 4.053254437869822646e-01 3.859808830223031562e-01 1.946973145197997135e-01 1.399635867091488309e-02 0.000000000000000000e+00
1.125000000000000000e+04 4.499989205171575080e-01 4.112426035502958488e-01 3.921256258534365213e-01 1.807009558488848477e-01 1.593081474738279601e-02 0.000000000000000000e+00
1.150000000000000000e+04 4.599988965286498921e-01 4.148839326354119006e-01 3.926945835229858628e-01 1.701183431952662806e-01 2.230314064633591095e-02 0.000000000000000000e+00
1.175000000000000000e+04 4.699988725401422762e-01 4.077150659990896875e-01 4.233045061447428536e-01 1.582840236686390567e-01 1.069640418752844727e-02 0.000000000000000000e+00
1.200000000000000000e+04 4.799988485516346604e-01 3.981565771506599960e-01 4.261492944924897830e-01 1.652253072371415443e-01 1.046882111970869403e-02 0.000000000000000000e+00
1.225000000000000000e+04 4.899988245631270445e-01 4.016841147018661573e-01 4.332043695949021611e-01 1.507737824305871721e-01 1.433773327264451468e-02 0.000000000000000000e+00
1.250000000000000000e+04 4.999988005746194286e-01 4.011151570323168158e-01 4.473145197997269173e-01 1.383705052344105513e-01 1.319981793354574502e-02 0.000000000000000000e+00
1.275000000000000000e+04 5.099987765861118127e-01 3.930359581247155343e-01 4.399180700955848677e-01 1.529358215748748417e-01 1.399635867091488309e-02 1.137915339098771066e-04
1.300000000000000000e+04 5.199987525976041969e-01 3.933773327264451503e-01 4.398042785616750328e-01 1.547564861174328676e-01 1.206190259444697363e-02 0.000000000000000000e+00
1.325000000000000000e+04 5.299987286090965810e-01 4.021392808375056638e-01 4.260355029585798925e-01 1.586253982703686727e-01 1.319981793354574502e-02 0.000000000000000000e+00
1.350000000000000000e+04 5.399987046205889651e-01 4.202321347291761433e-01 4.127218934911242587e-01 1.513427401001365413e-01 1.570323167956303931e-02 0.000000000000000000e+00
1.375000000000000000e+04 5.499986806320813493e-01 4.272872098315885214e-01 4.186390532544378429e-01 1.375739644970414288e-01 1.649977241693217911e-02 0.000000000000000000e+00
1.400000000000000000e+04 5.599986566435737334e-01 4.187528447883477334e-01 4.357077833409194190e-01 1.362084660901228816e-01 9.330905780609922637e-03 0.000000000000000000e+00
1.425000000000000000e+04 5.699986326550661175e-01 4.160218479745106945e-01 4.271734182976786309e-01 1.439462903959945472e-01 1.285844333181611343e-02 0.000000000000000000e+00
1.450000000000000000e+04 5.799986086665585017e-01 4.152253072371415721e-01 4.301319981793354508e-01 1.401911697769686049e-01 1.445152480655439303e-02 0.000000000000000000e+00
1.475000000000000000e+04 5.899985846780508858e-01 4.243286299499317016e-01 4.312699135184342447e-01 1.330223031406463363e-01 1.137915339098771045e-02 0.000000000000000000e+00
1.500000000000000000e+04 5.999985606895432699e-01 4.215976331360946627e-01 4.336595357305416676e-01 1.321119708693673234e-01 1.263086026399635846e-02 0.000000000000000000e+00
1.525000000000000000e+04 6.099985367010356541e-01 4.202321347291761433e-01 4.203459262630860338e-01 1.474738279472007363e-01 1.194811106053709528e-02 0.000000000000000000e+00
1.550000000000000000e+04 6.199985127125280382e-01 4.175011379153391045e-01 4.212562585343650468e-01 1.492944924897587622e-01 1.194811106053709528e-02 0.000000000000000000e+00
1.575000000000000000e+04 6.299984887240204223e-01 4.175011379153391045e-01 4.226217569412835662e-01 1.462221210741920796e-01 1.354119253527537488e-02 1.137915339098771066e-04
1.600000000000000000e+04 6.399984647355128065e-01 4.201183431952662528e-01 4.299044151115157253e-01 1.390532544378698110e-01 1.092398725534820224e-02 0.000000000000000000e+00
1.625000000000000000e+04 6.499984407470051906e-01 4.128356850250341492e-01 4.277423759672280279e-01 1.464497041420118328e-01 1.297223486572599005e-02 0.000000000000000000e+00
1.650000000000000000e+04 6.599984167584975747e-01 4.156804733727810786e-01 4.159080564406008040e-01 1.554392353208921274e-01 1.297223486572599005e-02 0.000000000000000000e+00
1.675000000000000000e+04 6.699983927699899589e-01 4.237596722803823601e-01 4.023668639053254448e-01 1.572598998634501533e-01 1.661356395084205573e-02 0.000000000000000000e+00
1.700000000000000000e+04 6.799983687814823430e-01 4.259217114246700020e-01 4.007737824305871444e-01 1.591943559399180697e-01 1.411015020482476144e-02 0.000000000000000000e+00
1.725000000000000000e+04 6.899983447929747271e-01 4.226217569412835662e-01 4.082840236686390289e-01 1.586253982703686727e-01 1.046882111970869403e-02 0.000000000000000000e+00
1.750000000000000000e+04 6.999983208044671112e-01 4.200045516613564178e-01 4.312699135184342447e-01 1.400773782430587144e-01 8.648156577150659455e-03 0.000000000000000000e+00
1.775000000000000000e+04 7.099982968159594954e-01 4.047564861174328676e-01 4.486800182066454368e-01 1.371187983614019223e-01 9.444697314519799256e-03 0.000000000000000000e+00
1.800000000000000000e+04 7.199982728274518795e-01 3.901911697769686049e-01 4.611970869367318926e-01 1.389394629039599482e-01 9.672280382339554228e-03 0.000000000000000000e+00
1.825000000000000000e+04 7.299982488389442636e-01 3.779016841147018746e-01 4.784934000910332497e-01 1.355257168866636219e-01 8.079198907601274626e-03 0.000000000000000000e+00
1.850000000000000000e+04 7.399982248504366478e-01 3.773327264451524776e-01 4.788347746927628656e-01 1.356395084205735124e-01 8.192990441511151245e-03 0.000000000000000000e+00
1.875000000000000000e+04 7.499982008619290319e-01 3.711879836140191125e-01 4.784934000910332497e-01 1.414428766499772339e-01 8.875739644970414427e-03 0.000000000000000000e+00
1.900000000000000000e+04 7.599981768734214160e-01 3.716431497496586189e-01 4.782658170232134687e-01 1.406463359126081114e-01 9.444697314519799256e-03 0.000000000000000000e+00
1.925000000000000000e+04 7.699981528849138002e-01 3.690259444697314706e-01 4.781520254893035782e-01 1.418980427856167403e-01 1.092398725534820224e-02 0.000000000000000000e+00
1.950000000000000000e+04 7.799981288964061843e-01 3.691397360036413056e-01 4.756486117432863203e-01 1.446290395994538069e-01 1.046882111970869403e-02 1.137915339098771066e-04
1.975000000000000000e+04 7.899981049078985684e-01 3.801775147928994070e-01 4.540282203004096240e-01 1.532771961766044577e-01 1.251706873008648184e-02 0.000000000000000000e+00
2.000000000000000000e+04 7.999980809193909526e-01 3.893946290395994270e-01 4.354802002730996935e-01 1.601046882111970826e-01 1.502048247610377786e-02 0.000000000000000000e+00
2.025000000000000000e+04 8.099980569308833367e-01 3.989531178880291185e-01 4.218252162039144437e-01 1.635184342284934089e-01 1.570323167956303931e-02 0.000000000000000000e+00
2.050000000000000000e+04 8.199980329423757208e-01 3.906463359126081114e-01 4.525489303595812696e-01 1.421256258534364936e-01 1.467910787437414627e-02 0.000000000000000000e+00
2.075000000000000000e+04 8.299980089538681050e-01 3.794947655894401195e-01 4.585798816568047442e-01 1.457669549385525731e-01 1.615839781520254925e-02 0.000000000000000000e+00
2.100000000000000000e+04 8.399979849653604891e-01 3.812016385980883104e-01 4.542558033682294050e-01 1.481565771506599960e-01 1.638598088302230249e-02 0.000000000000000000e+00
2.125000000000000000e+04 8.499979609768528732e-01 3.814292216659080359e-01 4.533454710969503920e-01 1.506599908966772816e-01 1.456531634046426965e-02 0.000000000000000000e+00
2.150000000000000000e+04 8.599979369883452573e-01 3.875739644970414011e-01 4.473145197997269173e-01 1.483841602184797492e-01 1.672735548475193582e-02 0.000000000000000000e+00
2.175000000000000000e+04 8.699979129998376415e-01 3.907601274465180019e-01 4.412835685025033872e-01 1.530496131087847045e-01 1.490669094219390124e-02 0.000000000000000000e+00
2.200000000000000000e+04 8.799978890113300256e-01 3.934911242603550408e-01 4.328629949931724896e-01 1.564633591260810308e-01 1.718252162039144229e-02 0.000000000000000000e+00
2.225000000000000000e+04 8.899978650228224097e-01 3.983841602184797215e-01 4.335457441966317771e-01 1.514565316340464318e-01 1.661356395084205573e-02 0.000000000000000000e+00
2.250000000000000000e+04 8.999978410343147939e-01 3.971324533454710926e-01 4.358215748748293095e-01 1.472462448793809831e-01 1.979972690031861493e-02 0.000000000000000000e+00
2.275000000000000000e+04 9.099978170458071780e-01 3.957669549385525731e-01 4.400318616294947582e-01 1.465634956759217233e-01 1.763768775603095224e-02 0.000000000000000000e+00
2.300000000000000000e+04 9.199977930572995621e-01 3.710741920801092220e-01 4.842967683204369433e-01 1.266499772416932179e-01 1.797906235776058209e-02 0.000000000000000000e+00
2.325000000000000000e+04 9.299977690687919463e-01 3.595812471552116696e-01 5.036413290851160518e-01 1.268775603095129711e-01 9.899863450159307465e-03 0.000000000000000000e+00
2.350000000000000000e+04 9.399977450802843304e-01 3.405780609922621771e-01 5.141101502048247562e-01 1.356395084205735124e-01 9.672280382339554228e-03 0.000000000000000000e+00
2.375000000000000000e+04 9.499977210917767145e-01 3.342057350933090309e-01 5.225307237141556538e-01 1.323395539371870766e-01 1.092398725534820224e-02 0.000000000000000000e+00
2.400000000000000000e+04 9.599976971032690987e-01 3.331816112881201830e-01 5.251479289940828021e-01 1.352981338188438687e-01 6.372325898953117539e-03 0.000000000000000000e+00
2.425000000000000000e+04 9.699976731147614828e-01 3.402366863905325611e-01 5.118343195266271684e-01 1.391670459717797015e-01 8.761948111060537808e-03 0.000000000000000000e+00
2.450000000000000000e+04 9.799976491262538669e-01 3.411470186618115741e-01 5.110377787892580459e-01 1.374601729631315383e-01 1.035502958579881741e-02 0.000000000000000000e+00
2.475000000000000000e+04 9.899976251377462511e-01 3.453573054164770229e-01 5.091033227127901295e-01 1.375739644970414288e-01 7.965407373691398007e-03 0.000000000000000000e+00
2.500000000000000000e+04 9.999976011492386352e-01 3.568502503413745752e-01 4.961310878470641672e-01 1.360946745562130189e-01 1.092398725534820224e-02 0.000000000000000000e+00
