# itime ezz other fcc hcp bcc ico
0.000000000000000000e+00 0.000000000000000000e+00 1.137915339098770958e-03 9.988620846609012061e-01 0.000000000000000000e+00 0.000000000000000000e+00 0.000000000000000000e+00
2.500000000000000000e+02 1.000019565586374171e-03 7.965407373691396923e-04 9.992034592626308775e-01 0.000000000000000000e+00 0.000000000000000000e+00 0.000000000000000000e+00
5.000000000000000000e+02 2.000039131172526297e-03 9.103322712790168532e-04 9.990896677287209870e-01 0.000000000000000000e+00 0.000000000000000000e+00 0.000000000000000000e+00
7.500000000000000000e+02 3.000058696758900467e-03 9.103322712790168532e-04 9.990896677287209870e-01 0.000000000000000000e+00 0.000000000000000000e+00 0.000000000000000000e+00
1.000000000000000000e+03 4.000078262345052593e-03 5.689576695493854790e-04 9.994310423304506585e-01 0.000000000000000000e+00 0.000000000000000000e+00 0.000000000000000000e+00
1.250000000000000000e+03 5.000097827931426764e-03 9.103322712790168532e-04 9.990896677287209870e-01 0.000000000000000000e+00 0.000000000000000000e+00 0.000000000000000000e+00
1.500000000000000000e+03 6.000117393517578890e-03 1.706873008648156654e-03 9.982931269913518646e-01 0.000000000000000000e+00 0.000000000000000000e+00 0.000000000000000000e+00
1.750000000000000000e+03 7.000136959103953060e-03 1.024123805188893906e-03 9.989758761948110966e-01 0.000000000000000000e+00 0.000000000000000000e+00 0.000000000000000000e+00
2.000000000000000000e+03 8.000156524690105186e-03 3.413746017296313199e-04 9.996586253982703285e-01 0.000000000000000000e+00 0.000000000000000000e+00 0.000000000000000000e+00
2.250000000000000000e+03 9.000176090276479357e-03 1.934456076467910759e-03 9.980655439235320836e-01 0.000000000000000000e+00 0.000000000000000000e+00 0.000000000000000000e+00
2.500000000000000000e+03 1.000019565586263148e-02 2.162039144287664864e-03 9.978379608557123026e-01 0.000000000000000000e+00 0.000000000000000000e+00 0.000000000000000000e+00
2.750000000000000000e+03 1.100021522144900565e-02 1.137915339098770958e-03 9.988620846609012061e-01 0.000000000000000000e+00 0.000000000000000000e+00 0.000000000000000000e+00
3.000000000000000000e+03 1.200023478703515778e-02 9.103322712790168532e-04 9.990896677287209870e-01 0.000000000000000000e+00 0.000000000000000000e+00 0.000000000000000000e+00
3.250000000000000000e+03 1.300025435262153195e-02 9.103322712790168532e-04 9.990896677287209870e-01 0.000000000000000000e+00 0.000000000000000000e+00 0.000000000000000000e+00
3.500000000000000000e+03 1.400027391820768408e-02 9.103322712790168532e-04 9.990896677287209870e-01 0.000000000000000000e+00 0.000000000000000000e+00 0.000000000000000000e+00
3.750000000000000000e+03 1.500029348379405825e-02 1.365498406918525280e-03 9.986345015930814251e-01 0.000000000000000000e+00 0.000000000000000000e+00 0.000000000000000000e+00
4.000000000000000000e+03 1.600031304938021037e-02 1.365498406918525280e-03 9.986345015930814251e-01 0.000000000000000000e+00 0.000000000000000000e+00 0.000000000000000000e+00
4.250000000000000000e+03 1.700033261496658454e-02 2.048247610377787811e-03 9.979517523896221931e-01 0.000000000000000000e+00 0.000000000000000000e+00 0.000000000000000000e+00
4.500000000000000000e+03 1.800035218055273667e-02 2.617205279927173507e-03 9.973827947200728516e-01 0.000000000000000000e+00 0.000000000000000000e+00 0.000000000000000000e+00
4.750000000000000000e+03 1.900037174613911084e-02 1.365498406918525280e-03 9.986345015930814251e-01 0.000000000000000000e+00 0.000000000000000000e+00 0.000000000000000000e+00
5.000000000000000000e+03 2.000039131172526297e-02 9.103322712790168532e-04 9.990896677287209870e-01 0.000000000000000000e+00 0.000000000000000000e+00 0.000000000000000000e+00
5.250000000000000000e+03 2.100041087731163714e-02 1.251706873008648227e-03 9.986345015930814251e-01 0.000000000000000000e+00 1.137915339098771066e-04 0.000000000000000000e+00
5.500000000000000000e+03 2.200043044289801131e-02 3.186162949476558769e-03 9.968138370505233992e-01 0.000000000000000000e+00 0.000000000000000000e+00 0.000000000000000000e+00
5.750000000000000000e+03 2.300045000848416343e-02 3.641329085116067413e-03 9.963586709148839482e-01 0.000000000000000000e+00 0.000000000000000000e+00 0.000000000000000000e+00
6.000000000000000000e+03 2.400046957407053760e-02 3.868912152935821518e-03 9.961310878470641672e-01 0.000000000000000000e+00 0.000000000000000000e+00 0.000000000000000000e+00
6.250000000000000000e+03 2.500048913965668973e-02 3.072371415566681717e-03 9.969276285844332897e-01 0.000000000000000000e+00 0.000000000000000000e+00 0.000000000000000000e+00
6.500000000000000000e+03 2.600050870524306390e-02 2.389622212107419402e-03 9.974965862539827421e-01 0.000000000000000000e+00 1.137915339098771066e-04 0.000000000000000000e+00
6.750000000000000000e+03 2.700052827082921603e-02 3.072371415566681717e-03 9.969276285844332897e-01 0.000000000000000000e+00 0.000000000000000000e+00 0.000000000000000000e+00
7.000000000000000000e+03 2.800054783641559020e-02 3.868912152935821518e-03 9.960172963131542767e-01 0.000000000000000000e+00 1.137915339098771066e-04 0.000000000000000000e+00
7.250000000000000000e+03 2.900056740200174232e-02 2.617205279927173507e-03 9.972690031861629611e-01 0.000000000000000000e+00 1.137915339098771066e-04 0.000000000000000000e+00
7.500000000000000000e+03 3.000058696758811649e-02 2.617205279927173507e-03 9.972690031861629611e-01 0.000000000000000000e+00 1.137915339098771066e-04 0.000000000000000000e+00
7.750000000000000000e+03 3.100060653317426862e-02 5.006827492034592909e-03 9.948793809740554828e-01 0.000000000000000000e+00 1.137915339098771066e-04 0.000000000000000000e+00
8.000000000000000000e+03 3.200062609876064279e-02 6.258534365043240920e-03 9.936276741010469093e-01 0.000000000000000000e+00 1.137915339098771066e-04 0.000000000000000000e+00
8.250000000000000000e+03 3.300064566434679492e-02 6.486117432862995025e-03 9.934000910332271284e-01 0.000000000000000000e+00 1.137915339098771066e-04 0.000000000000000000e+00
8.500000000000000000e+03 3.400066522993316909e-02 3.755120619025944465e-03 9.960172963131542767e-01 0.000000000000000000e+00 2.275830678197542133e-04 0.000000000000000000e+00
8.750000000000000000e+03 3.500068479551932121e-02 3.868912152935821518e-03 9.957897132453344957e-01 0.000000000000000000e+00 3.413746017296313199e-04 0.000000000000000000e+00
9.000000000000000000e+03 3.600070436110569538e-02 6.486117432862995025e-03 9.931725079654073474e-01 0.000000000000000000e+00 3.413746017296313199e-04 0.000000000000000000e+00
9.250000000000000000e+03 3.700072392669184751e-02 4.324078288575329727e-03 9.955621301775148257e-01 0.000000000000000000e+00 1.137915339098771066e-04 0.000000000000000000e+00
9.500000000000000000e+03 3.800074349227822168e-02 6.372325898953117539e-03 9.936276741010469093e-01 0.000000000000000000e+00 0.000000000000000000e+00 0.000000000000000000e+00
9.750000000000000000e+03 3.900076305786437381e-02 3.641329085116067413e-03 9.957897132453344957e-01 0.000000000000000000e+00 5.689576695493854790e-04 0.000000000000000000e+00
1.000000000000000000e+04 4.000078262345074798e-02 3.186162949476558769e-03 9.967000455166135087e-01 0.000000000000000000e+00 1.137915339098771066e-04 0.000000000000000000e+00
1.025000000000000000e+04 4.100080218903712215e-02 4.096495220755575623e-03 9.957897132453344957e-01 0.000000000000000000e+00 1.137915339098771066e-04 0.000000000000000000e+00
1.050000000000000000e+04 4.200082175462327427e-02 8.534365043240782836e-03 9.908966772872098705e-01 0.000000000000000000e+00 5.689576695493854790e-04 0.000000000000000000e+00
1.075000000000000000e+04 4.300084132020964844e-02 8.989531178880291046e-03 9.903277196176604180e-01 0.000000000000000000e+00 6.827492034592626399e-04 0.000000000000000000e+00
1.100000000000000000e+04 4.400086088579580057e-02 1.115157032316795548e-02 9.885070550751023921e-01 0.000000000000000000e+00 3.413746017296313199e-04 0.000000000000000000e+00
1.125000000000000000e+04 4.500088045138217474e-02 8.306781975421027864e-03 9.913518434228493215e-01 0.000000000000000000e+00 3.413746017296313199e-04 0.000000000000000000e+00
1.150000000000000000e+04 4.600090001696832687e-02 1.183431952662721866e-02 9.873691397360035982e-01 0.000000000000000000e+00 7.965407373691396923e-04 0.000000000000000000e+00
1.175000000000000000e+04 4.700091958255470104e-02 1.012744651797906244e-02 9.893035958124715146e-01 0.000000000000000000e+00 5.689576695493854790e-04 0.000000000000000000e+00
1.200000000000000000e+04 4.800093914814085316e-02 1.228948566226672687e-02 9.874829312699134887e-01 0.000000000000000000e+00 2.275830678197542133e-04 0.000000000000000000e+00
1.225000000000000000e+04 4.900095871372722733e-02 1.137915339098771045e-02 9.882794720072826111e-01 0.000000000000000000e+00 3.413746017296313199e-04 0.000000000000000000e+00
1.250000000000000000e+04 5.000097827931337946e-02 1.331360946745562164e-02 9.862312243969049153e-01 0.000000000000000000e+00 4.551661356395084266e-04 0.000000000000000000e+00
1.275000000000000000e+04 5.100099784489975363e-02 1.479289940828402289e-02 9.845243513882566688e-01 0.000000000000000000e+00 6.827492034592626399e-04 0.000000000000000000e+00
1.300000000000000000e+04 5.200101741048590576e-02 2.059626763768775473e-02 9.782658170232134687e-01 0.000000000000000000e+00 1.137915339098770958e-03 0.000000000000000000e+00
1.325000000000000000e+04 5.300103697607227993e-02 1.524806554392353283e-02 9.840691852526172179e-01 0.000000000000000000e+00 6.827492034592626399e-04 0.000000000000000000e+00
1.350000000000000000e+04 5.400105654165843205e-02 1.672735548475193582e-02 9.824761037778789730e-01 0.000000000000000000e+00 7.965407373691396923e-04 0.000000000000000000e+00
1.375000000000000000e+04 5.500107610724480622e-02 1.649977241693217911e-02 9.831588529813382049e-01 0.000000000000000000e+00 3.413746017296313199e-04 0.000000000000000000e+00
1.400000000000000000e+04 5.600109567283095835e-02 2.105143377332726468e-02 9.781520254893035782e-01 0.000000000000000000e+00 7.965407373691396923e-04 0.000000000000000000e+00
1.425000000000000000e+04 5.700111523841733252e-02 2.548930359581247015e-02 9.739417387346381849e-01 0.000000000000000000e+00 5.689576695493854790e-04 0.000000000000000000e+00
1.450000000000000000e+04 5.800113480400348465e-02 2.503413746017296368e-02 9.722348657259899385e-01 0.000000000000000000e+00 2.730996813837050560e-03 0.000000000000000000e+00
1.475000000000000000e+04 5.900115436958985882e-02 2.366863905325443732e-02 9.754210286754665393e-01 0.000000000000000000e+00 9.103322712790168532e-04 0.000000000000000000e+00
1.500000000000000000e+04 6.000117393517601094e-02 2.605826126536185672e-02 9.731451979972689514e-01 0.000000000000000000e+00 7.965407373691396923e-04 0.000000000000000000e+00
1.525000000000000000e+04 6.100119350076238511e-02 2.639963586709149004e-02 9.714383249886208160e-01 0.000000000000000000e+00 2.162039144287664864e-03 0.000000000000000000e+00
1.550000000000000000e+04 6.200121306634875928e-02 3.049613108784706567e-02 9.675694128356849832e-01 0.000000000000000000e+00 1.934456076467910759e-03 0.000000000000000000e+00
1.575000000000000000e+04 6.300123263193491141e-02 3.060992262175694228e-02 9.680245789713245452e-01 0.000000000000000000e+00 1.365498406918525280e-03 0.000000000000000000e+00
1.600000000000000000e+04 6.400125219752128558e-02 3.629949931725079404e-02 9.621074192080109055e-01 0.000000000000000000e+00 1.593081474738279385e-03 0.000000000000000000e+00
1.625000000000000000e+04 6.500127176310743771e-02 3.129267182521620200e-02 9.676832043695948737e-01 0.000000000000000000e+00 1.024123805188893906e-03 0.000000000000000000e+00
1.650000000000000000e+04 6.600129132869381188e-02 3.743741465634956717e-02 9.599453800637232082e-01 0.000000000000000000e+00 2.617205279927173507e-03 0.000000000000000000e+00
1.675000000000000000e+04 6.700131089427996400e-02 4.050978607191624975e-02 9.565316340464269373e-01 0.000000000000000000e+00 2.958579881656804664e-03 0.000000000000000000e+00
1.700000000000000000e+04 6.800133045986633817e-02 5.131998179335457710e-02 9.445835229858898785e-01 0.000000000000000000e+00 4.096495220755575623e-03 0.000000000000000000e+00
1.725000000000000000e+04 6.900135002545249030e-02 5.314064633591260994e-02 9.431042330450614131e-01 0.000000000000000000e+00 3.755120619025944465e-03 0.000000000000000000e+00
1.750000000000000000e+04 7.000136959103886447e-02 4.380974055530268557e-02 9.531178880291306665e-01 0.000000000000000000e+00 3.072371415566681717e-03 0.000000000000000000e+00
1.775000000000000000e+04 7.100138915662501660e-02 5.598543468365953235e-02 9.396904870277651423e-01 0.000000000000000000e+00 4.324078288575329727e-03 0.000000000000000000e+00
1.800000000000000000e+04 7.200140872221139077e-02 5.029585798816568060e-02 9.458352298588984519e-01 0.000000000000000000e+00 3.868912152935821518e-03 0.000000000000000000e+00
1.825000000000000000e+04 7.300142828779754289e-02 7.134729176149294527e-02 9.213700500682748817e-01 0.000000000000000000e+00 7.282658170232134826e-03 0.000000000000000000e+00
1.850000000000000000e+04 7.400144785338391706e-02 6.076467910787437116e-02 9.338871187983613931e-01 0.000000000000000000e+00 5.348202093764223633e-03 0.000000000000000000e+00
1.875000000000000000e+04 7.500146741897006919e-02 5.974055530268548159e-02 9.334319526627219421e-01 0.000000000000000000e+00 6.827492034592626616e-03 0.000000000000000000e+00
1.900000000000000000e+04 7.600148698455644336e-02 7.840236686390532339e-02 9.142011834319526686e-01 0.000000000000000000e+00 7.396449704142011444e-03 0.000000000000000000e+00
1.925000000000000000e+04 7.700150655014259549e-02 7.020937642239417908e-02 9.226217569412835662e-01 0.000000000000000000e+00 7.168866636322257339e-03 0.000000000000000000e+00
1.950000000000000000e+04 7.800152611572896966e-02 9.217114246700044977e-02 8.975876194811106545e-01 0.000000000000000000e+00 1.024123805188893906e-02 0.000000000000000000e+00
1.975000000000000000e+04 7.900154568131512178e-02 9.342284934000910646e-02 8.930359581247154788e-01 0.000000000000000000e+00 1.354119253527537488e-02 0.000000000000000000e+00
2.000000000000000000e+04 8.000156524690149595e-02 8.841602184797450747e-02 8.939462903959944917e-01 0.000000000000000000e+00 1.763768775603095224e-02 0.000000000000000000e+00
2.025000000000000000e+04 8.100158481248764808e-02 1.161811561219845274e-01 8.643604915794265153e-01 0.000000000000000000e+00 1.945835229858898507e-02 0.000000000000000000e+00
2.050000000000000000e+04 8.200160437807402225e-02 1.396222121074192080e-01 8.389849795175239322e-01 0.000000000000000000e+00 2.139280837505689453e-02 0.000000000000000000e+00
2.075000000000000000e+04 8.300162394366039642e-02 1.383705052344105513e-01 8.388711879836140417e-01 0.000000000000000000e+00 2.275830678197542090e-02 0.000000000000000000e+00
2.100000000000000000e+04 8.400164350924654855e-02 1.595357305416477134e-01 8.086026399635867223e-01 0.000000000000000000e+00 3.186162949476559203e-02 0.000000000000000000e+00
2.125000000000000000e+04 8.500166307483292272e-02 1.704597177969958965e-01 7.676376877560309175e-01 1.593081474738279385e-03 6.030951297223486468e-02 0.000000000000000000e+00
2.150000000000000000e+04 8.600168264041907484e-02 2.091488393263541135e-01 6.944697314519799880e-01 1.593081474738279385e-03 9.478834774692762588e-02 0.000000000000000000e+00
2.175000000000000000e+04 8.700170220600544901e-02 2.097177969959035104e-01 6.500910332271279124e-01 5.188893946290396020e-02 8.830223031406463086e-02 0.000000000000000000e+00
2.200000000000000000e+04 8.800172177159160114e-02 1.879836140191169791e-01 6.174328629949932257e-01 1.227810650887573990e-01 7.180245789713245175e-02 0.000000000000000000e+00
2.225000000000000000e+04 8.900174133717797531e-02 1.537323623122439642e-01 6.477014110150204340e-01 1.597633136094674666e-01 3.880291306326809353e-02 0.000000000000000000e+00
2.250000000000000000e+04 9.000176090276412744e-02 1.539599453800637174e-01 5.995675921711424161e-01 1.898042785616750050e-01 5.666818388711879900e-02 0.000000000000000000e+00
2.275000000000000000e+04 9.100178046835050161e-02 1.077605826126536159e-01 6.364360491579426071e-01 2.232589895311788697e-01 3.254437869822485174e-02 0.000000000000000000e+00
2.300000000000000000e+04 9.200180003393665373e-02 8.761948111060537114e-02 6.606736458807465073e-01 2.339553937187073274e-01 1.775147928994082885e-02 0.000000000000000000e+00
2.325000000000000000e+04 9.300181959952302790e-02 8.090578060992262288e-02 6.612426035502958488e-01 2.385070550751024199e-01 1.934456076467910846e-02 0.000000000000000000e+00
2.350000000000000000e+04 9.400183916510918003e-02 8.272644515248064878e-02 6.629494765589439842e-01 2.394173873463814328e-01 1.490669094219390124e-02 0.000000000000000000e+00
2.375000000000000000e+04 9.500185873069555420e-02 1.017296313154301274e-01 6.469048702776513116e-01 2.342967683204369711e-01 1.706873008648156567e-02 0.000000000000000000e+00
2.400000000000000000e+04 9.600187829628170633e-02 9.695038689121529552e-02 6.511151570323168158e-01 2.358898497951752438e-01 1.604460628129267263e-02 0.000000000000000000e+00
2.425000000000000000e+04 9.700189786186808050e-02 8.898497951752389057e-02 6.609012289485661773e-01 2.380518889394629134e-01 1.206190259444697363e-02 0.000000000000000000e+00
2.450000000000000000e+04 9.800191742745423262e-02 1.034365043240782905e-01 6.412152935821574529e-01 2.360036413290851065e-01 1.934456076467910846e-02 0.000000000000000000e+00
2.475000000000000000e+04 9.900193699304060679e-02 9.285389167045972336e-02 6.562357760582612221e-01 2.377105143377332697e-01 1.319981793354574502e-02 0.000000000000000000e+00
2.500000000000000000e+04 1.000019565586267589e-01 1.019572143832498806e-01 6.418980427856167958e-01 2.381656804733727761e-01 1.797906235776058209e-02 0.000000000000000000e+00
2.525000000000000000e+04 1.010019761242131331e-01 1.137915339098771045e-01 6.354119253527537037e-01 2.332726445152480677e-01 1.752389622212107562e-02 0.000000000000000000e+00
2.550000000000000000e+04 1.020019956897995073e-01 1.154984069185252676e-01 6.363222576240327166e-01 2.263313609467455523e-01 2.184797451069640448e-02 0.000000000000000000e+00
2.575000000000000000e+04 1.030020152553856594e-01 1.150432407828857473e-01 6.280154756486117096e-01 2.337278106508875741e-01 2.321347291761493084e-02 0.000000000000000000e+00
2.600000000000000000e+04 1.040020348209720336e-01 1.352981338188438687e-01 6.091260810195721076e-01 2.292899408284023721e-01 2.628584433318160996e-02 0.000000000000000000e+00
2.625000000000000000e+04 1.050020543865581857e-01 1.357532999544833752e-01 6.069640418752845212e-01 2.317933545744196577e-01 2.548930359581247015e-02 0.000000000000000000e+00
2.650000000000000000e+04 1.060020739521445599e-01 1.397360036413290985e-01 6.005917159763313196e-01 2.292899408284023721e-01 3.038233955393718558e-02 0.000000000000000000e+00
2.675000000000000000e+04 1.070020935177307120e-01 1.467910787437414766e-01 5.969503868912152678e-01 2.274692762858443462e-01 2.878925807919890598e-02 0.000000000000000000e+00
2.700000000000000000e+04 1.080021130833170862e-01 1.684114701866181174e-01 5.675921711424669613e-01 2.232589895311788697e-01 4.073736913973600299e-02 0.000000000000000000e+00
2.725000000000000000e+04 1.090021326489032383e-01 1.712562585343650468e-01 5.612198452435138707e-01 2.181383705052344080e-01 4.938552571688666071e-02 0.000000000000000000e+00
2.750000000000000000e+04 1.100021522144896124e-01 2.060764679107874309e-01 5.216203914428766408e-01 2.188211197086936677e-01 5.348202093764223980e-02 0.000000000000000000e+00
2.775000000000000000e+04 1.110021717800757646e-01 2.052799271734183084e-01 4.940828402366864158e-01 2.098315885298133732e-01 9.080564406008193035e-02 0.000000000000000000e+00
2.800000000000000000e+04 1.120021913456621387e-01 2.558033682294037492e-01 4.146563495675921751e-01 1.948111060537096040e-01 1.347291761492944995e-01 0.000000000000000000e+00
2.825000000000000000e+04 1.130022109112482909e-01 2.663859808830222886e-01 3.662949476558943762e-01 1.923076923076923184e-01 1.750113791533909890e-01 0.000000000000000000e+00
2.850000000000000000e+04 1.140022304768346650e-01 2.735548475193445572e-01 3.294264906690942407e-01 2.074419663177059503e-01 1.895766954938552518e-01 0.000000000000000000e+00
2.875000000000000000e+04 1.150022500424208172e-01 2.140418752844788219e-01 3.707328174783796060e-01 2.646791078743741532e-01 1.505461993627674189e-01 0.000000000000000000e+00
2.900000000000000000e+04 1.160022696080071913e-01 2.097177969959035104e-01 3.678880291306326766e-01 2.749203459262630767e-01 1.474738279472007363e-01 0.000000000000000000e+00
2.925000000000000000e+04 1.170022891735933435e-01 2.294037323623122349e-01 3.656121984524351443e-01 2.884615384615384359e-01 1.165225307237141572e-01 0.000000000000000000e+00
2.950000000000000000e+04 1.180023087391797176e-01 2.204142011834319403e-01 3.643604915794265153e-01 2.972234865725990050e-01 1.180018206645425533e-01 0.000000000000000000e+00
2.975000000000000000e+04 1.190023283047658698e-01 2.248520710059171701e-01 3.615157032316795860e-01 2.928994082840236657e-01 1.207328174783796060e-01 0.000000000000000000e+00
3.000000000000000000e+04 1.200023478703522439e-01 2.336140191169776836e-01 3.479745106964041712e-01 2.949476558944014726e-01 1.234638142922166587e-01 0.000000000000000000e+00
3.025000000000000000e+04 1.210023674359383961e-01 2.278106508875739622e-01 3.492262175694128556e-01 3.113336367774237612e-01 1.116294947655894348e-01 0.000000000000000000e+00
3.050000000000000000e+04 1.220023870015247702e-01 2.332726445152480677e-01 3.357988165680473314e-01 3.070095584888484219e-01 1.239189804278561652e-01 0.000000000000000000e+00
3.075000000000000000e+04 1.230024065671111444e-01 2.305416477014110288e-01 3.305644060081929791e-01 3.091715976331361193e-01 1.297223486572599005e-01 0.000000000000000000e+00
3.100000000000000000e+04 1.240024261326972965e-01 2.514792899408284099e-01 3.126991351843422806e-01 3.068957669549385314e-01 1.289258079198907503e-01 0.000000000000000000e+00
3.125000000000000000e+04 1.250024456982836707e-01 2.556895766954938587e-01 2.889167045971779424e-01 3.062130177514792995e-01 1.491807009558488717e-01 0.000000000000000000e+00
3.150000000000000000e+04 1.260024652638698228e-01 2.510241238051889034e-01 2.860719162494310686e-01 3.145197997269003065e-01 1.483841602184797492e-01 0.000000000000000000e+00
3.175000000000000000e+04 1.270024848294561970e-01 2.523896222121074229e-01 2.881201638598088199e-01 3.260127446517979144e-01 1.334774692762858428e-01 0.000000000000000000e+00
3.200000000000000000e+04 1.280025043950423491e-01 2.581929904415111721e-01 2.827719617660446327e-01 3.238507055075102170e-01 1.351843422849340060e-01 0.000000000000000000e+00
3.225000000000000000e+04 1.290025239606287233e-01 2.573964497041419941e-01 2.650204824761037692e-01 3.339781520254893055e-01 1.436049157942649035e-01 0.000000000000000000e+00
3.250000000000000000e+04 1.300025435262148754e-01 2.336140191169776836e-01 2.845926263086026586e-01 3.421711424670004775e-01 1.396222121074192080e-01 0.000000000000000000e+00
3.275000000000000000e+04 1.310025630918012496e-01 2.472690031861629611e-01 2.749203459262630767e-01 3.471779699590350488e-01 1.306326809285389134e-01 0.000000000000000000e+00
3.300000000000000000e+04 1.320025826573874017e-01 2.472690031861629611e-01 2.936959490213927881e-01 3.500227583067819781e-01 1.090122894856622726e-01 0.000000000000000000e+00
3.325000000000000000e+04 1.330026022229737759e-01 2.543240782885753393e-01 2.692307692307692180e-01 3.381884387801547542e-01 1.382567137005006885e-01 0.000000000000000000e+00
3.350000000000000000e+04 1.340026217885599280e-01 2.453345471096950448e-01 2.744651797906235702e-01 3.392125625853436577e-01 1.409877105143377274e-01 0.000000000000000000e+00
3.375000000000000000e+04 1.350026413541463022e-01 2.501137915339098905e-01 2.734410559854346667e-01 3.420573509330905870e-01 1.343878015475648557e-01 0.000000000000000000e+00
3.400000000000000000e+04 1.360026609197324543e-01 2.529585798816568198e-01 2.521620391442876419e-01 3.373918980427856318e-01 1.574874829312699065e-01 0.000000000000000000e+00
3.425000000000000000e+04 1.370026804853188285e-01 2.641101502048247562e-01 2.548930359581247362e-01 3.299954483386435822e-01 1.510013654984069253e-01 0.000000000000000000e+00
3.450000000000000000e+04 1.380027000509049806e-01 2.691169776968593275e-01 2.532999544833864358e-01 3.372781065088757413e-01 1.403049613108784677e-01 0.000000000000000000e+00
3.475000000000000000e+04 1.390027196164913548e-01 2.649066909421938787e-01 2.447655894401456478e-01 3.253299954483386269e-01 1.649977241693217911e-01 0.000000000000000000e+00
3.500000000000000000e+04 1.400027391820775069e-01 2.791306326809285254e-01 2.317933545744196577e-01 3.211197086936731782e-01 1.679563040509786109e-01 0.000000000000000000e+00
3.525000000000000000e+04 1.410027587476638811e-01 2.917614929449248717e-01 2.167728720983158885e-01 3.048475193445607800e-01 1.866181156121984597e-01 0.000000000000000000e+00
3.550000000000000000e+04 1.420027783132500332e-01 2.973372781065088954e-01 2.074419663177059503e-01 3.005234410559854408e-01 1.946973145197997135e-01 0.000000000000000000e+00
3.575000000000000000e+04 1.430027978788364074e-01 2.919890760127446527e-01 1.998179335457442030e-01 2.973372781065088954e-01 2.108557123350022766e-01 0.000000000000000000e+00
3.600000000000000000e+04 1.440028174444227815e-01 3.059854346836595185e-01 1.887801547564861293e-01 2.991579426490669213e-01 2.060764679107874309e-01 0.000000000000000000e+00
3.625000000000000000e+04 1.450028370100089337e-01 3.043923532089212736e-01 1.772872098315885214e-01 3.004096495220755503e-01 2.179107874374146547e-01 0.000000000000000000e+00
3.650000000000000000e+04 1.460028565755953078e-01 2.968821119708693890e-01 1.640873918980427781e-01 2.987027765134274149e-01 2.403277196176604458e-01 0.000000000000000000e+00
3.675000000000000000e+04 1.470028761411814600e-01 2.959717796995903760e-01 1.581702321347291662e-01 2.897132453345471204e-01 2.561447428311333652e-01 0.000000000000000000e+00
3.700000000000000000e+04 1.480028957067678341e-01 2.910787437414656398e-01 1.502048247610377751e-01 2.876649977241693135e-01 2.710514337733272439e-01 0.000000000000000000e+00
3.725000000000000000e+04 1.490029152723539863e-01 3.017751479289940697e-01 1.348429676832043622e-01 2.907373691397360238e-01 2.726445152480655443e-01 0.000000000000000000e+00
3.750000000000000000e+04 1.500029348379403604e-01 2.923304506144742687e-01 1.052571688666363164e-01 3.312471552116522666e-01 2.711652253072371344e-01 0.000000000000000000e+00
3.775000000000000000e+04 1.510029544035265126e-01 2.732134729176149412e-01 9.490213928083750250e-02 3.814292216659080359e-01 2.504551661356395065e-01 0.000000000000000000e+00
3.800000000000000000e+04 1.520029739691128867e-01 2.502275830678197810e-01 1.107191624943104219e-01 4.532316795630405015e-01 1.858215748748293095e-01 0.000000000000000000e+00
3.825000000000000000e+04 1.530029935346990388e-01 2.378243058716431602e-01 1.189121529358215801e-01 4.932862994993172379e-01 1.499772416932180219e-01 0.000000000000000000e+00
3.850000000000000000e+04 1.540030131002854130e-01 2.323623122439690547e-01 1.205052344105598527e-01 5.234410559854346667e-01 1.236913973600364119e-01 0.000000000000000000e+00
3.875000000000000000e+04 1.550030326658715651e-01 2.215521165225307343e-01 1.226672735548475224e-01 5.557578516158397930e-01 1.000227583067819781e-01 0.000000000000000000e+00
3.900000000000000000e+04 1.560030522314579393e-01 2.182521620391442985e-01 1.266499772416932179e-01 5.735093309057806010e-01 8.158852981338188259e-02 0.000000000000000000e+00
3.925000000000000000e+04 1.570030717970440914e-01 2.102867546654528796e-01 1.242603550295857950e-01 5.772644515248065433e-01 8.818843878015475424e-02 0.000000000000000000e+00
3.950000000000000000e+04 1.580030913626304656e-01 2.109695038689121394e-01 1.269913518434228616e-01 5.853436504324078804e-01 7.669549385525717411e-02 0.000000000000000000e+00
3.975000000000000000e+04 1.590031109282166177e-01 2.061902594446973214e-01 1.307464724624488039e-01 6.040054619936277014e-01 5.905780609922621494e-02 0.000000000000000000e+00
4.000000000000000000e+04 1.600031304938029919e-01 1.931042330450614408e-01 1.444014565316340537e-01 6.200500682749203740e-01 4.244424214838415921e-02 0.000000000000000000e+00
4.025000000000000000e+04 1.610031500593891440e-01 1.934456076467910846e-01 1.430359581247155343e-01 6.213017751479289474e-01 4.221665908056440597e-02 0.000000000000000000e+00
4.050000000000000000e+04 1.620031696249755182e-01 1.937869822485207005e-01 1.465634956759217233e-01 6.207328174783796060e-01 3.891670459717797015e-02 0.000000000000000000e+00
4.075000000000000000e+04 1.630031891905618924e-01 1.973145197997268896e-01 1.441738734638143005e-01 6.211879836140191680e-01 3.732362312243969055e-02 0.000000000000000000e+00
4.100000000000000000e+04 1.640032087561480445e-01 1.931042330450614408e-01 1.456531634046426826e-01 6.211879836140191680e-01 4.005461993627674328e-02 0.000000000000000000e+00
4.125000000000000000e+04 1.650032283217344187e-01 1.939007737824305910e-01 1.448566226672735602e-01 6.195949021392808120e-01 4.164770141101502288e-02 0.000000000000000000e+00
4.150000000000000000e+04 1.660032478873205708e-01 1.946973145197997135e-01 1.466772872098315861e-01 6.244879380974055483e-01 3.413746017296313134e-02 0.000000000000000000e+00
4.175000000000000000e+04 1.670032674529069450e-01 1.943559399180700975e-01 1.455393718707328199e-01 6.242603550295857673e-01 3.584433318161128756e-02 0.000000000000000000e+00
4.200000000000000000e+04 1.680032870184930971e-01 1.940145653163404538e-01 1.441738734638143005e-01 6.224396904870277414e-01 3.937187073281747662e-02 0.000000000000000000e+00
4.225000000000000000e+04 1.690033065840794713e-01 1.961766044606281234e-01 1.458807464724624359e-01 6.247155211652253293e-01 3.322712790168411146e-02 0.000000000000000000e+00
4.250000000000000000e+04 1.700033261496656234e-01 1.945835229858898507e-01 1.442876649977241632e-01 6.249431042330451103e-01 3.618570778334091742e-02 0.000000000000000000e+00
4.275000000000000000e+04 1.710033457152519976e-01 1.957214383249886169e-01 1.420118343195266308e-01 6.225534820209376319e-01 3.971324533454710648e-02 0.000000000000000000e+00
4.300000000000000000e+04 1.720033652808381497e-01 1.908284023668639084e-01 1.405325443786982209e-01 6.235776058261265353e-01 4.506144742831133532e-02 0.000000000000000000e+00
4.325000000000000000e+04 1.730033848464245239e-01 2.017523896222121194e-01 1.404187528447883582e-01 6.216431497496586189e-01 3.618570778334091742e-02 0.000000000000000000e+00
4.350000000000000000e+04 1.740034044120106760e-01 1.951524806554392477e-01 1.401911697769686049e-01 6.216431497496586189e-01 4.301319981793354230e-02 0.000000000000000000e+00
4.375000000000000000e+04 1.750034239775970502e-01 1.929904415111515781e-01 1.431497496586253970e-01 6.250568957669548897e-01 3.880291306326809353e-02 0.000000000000000000e+00
4.400000000000000000e+04 1.760034435431832023e-01 1.954938552571688637e-01 1.414428766499772339e-01 6.197086936731907025e-01 4.335457441966317910e-02 0.000000000000000000e+00
4.425000000000000000e+04 1.770034631087695765e-01 1.941283568502503443e-01 1.422394173873463841e-01 6.251706873008647802e-01 3.846153846153846367e-02 0.000000000000000000e+00
4.450000000000000000e+04 1.780034826743557286e-01 2.055075102412380617e-01 1.442876649977241632e-01 6.173190714610833352e-01 3.288575329995448160e-02 0.000000000000000000e+00
4.475000000000000000e+04 1.790035022399421027e-01 2.009558488848429691e-01 1.401911697769686049e-01 6.243741465634956578e-01 3.447883477469276120e-02 0.000000000000000000e+00
4.500000000000000000e+04 1.800035218055282549e-01 1.956076467910787542e-01 1.437187073281747940e-01 6.233500227583067543e-01 3.732362312243969055e-02 0.000000000000000000e+00
4.525000000000000000e+04 1.810035413711146290e-01 2.011834319526627224e-01 1.417842512517068776e-01 6.250568957669548897e-01 3.197542102867546865e-02 0.000000000000000000e+00
4.550000000000000000e+04 1.820035609367007812e-01 2.052799271734183084e-01 1.368912152935821691e-01 6.223258989531178509e-01 3.550295857988165771e-02 0.000000000000000000e+00
4.575000000000000000e+04 1.830035805022871553e-01 1.978834774692762866e-01 1.401911697769686049e-01 6.217569412835685094e-01 4.016841147018661989e-02 0.000000000000000000e+00
4.600000000000000000e+04 1.840036000678735295e-01 2.011834319526627224e-01 1.390532544378698110e-01 6.211879836140191680e-01 3.857532999544834029e-02 0.000000000000000000e+00
4.625000000000000000e+04 1.850036196334596816e-01 2.056213017751479244e-01 1.399635867091488517e-01 6.219845243513882904e-01 3.243058716431497512e-02 0.000000000000000000e+00
4.650000000000000000e+04 1.860036391990460558e-01 2.032316795630405015e-01 1.398497951752389612e-01 6.216431497496586189e-01 3.527537551206190447e-02 0.000000000000000000e+00
4.675000000000000000e+04 1.870036587646322079e-01 2.038006372325898985e-01 1.399635867091488517e-01 6.239189804278562068e-01 3.231679563040509851e-02 0.000000000000000000e+00
4.700000000000000000e+04 1.880036783302185821e-01 2.086936731907146070e-01 1.384842967683204418e-01 6.190259444697314706e-01 3.379608557123350149e-02 0.000000000000000000e+00
4.725000000000000000e+04 1.890036978958047342e-01 2.085798816568047442e-01 1.326809285389166926e-01 6.207328174783796060e-01 3.800637232589895026e-02 0.000000000000000000e+00
4.750000000000000000e+04 1.900037174613911084e-01 2.105143377332726329e-01 1.407601274465179741e-01 6.192535275375512516e-01 2.947200728265816916e-02 0.000000000000000000e+00
4.775000000000000000e+04 1.910037370269772605e-01 2.123350022758306865e-01 1.351843422849340060e-01 6.162949476558944317e-01 3.618570778334091742e-02 0.000000000000000000e+00
4.800000000000000000e+04 1.920037565925636347e-01 2.038006372325898985e-01 1.387118798361401950e-01 6.216431497496586189e-01 3.584433318161128756e-02 0.000000000000000000e+00
4.825000000000000000e+04 1.930037761581497868e-01 2.157487482931269851e-01 1.331360946745562268e-01 6.192535275375512516e-01 3.186162949476559203e-02 0.000000000000000000e+00
4.850000000000000000e+04 1.940037957237361610e-01 2.144970414201183562e-01 1.331360946745562268e-01 6.173190714610833352e-01 3.504779244424215123e-02 0.000000000000000000e+00
4.875000000000000000e+04 1.950038152893223131e-01 2.152935821574874786e-01 1.341602184797451025e-01 6.178880291306326766e-01 3.265817023213472836e-02 0.000000000000000000e+00
4.900000000000000000e+04 1.960038348549086873e-01 2.114246700045516736e-01 1.343878015475648557e-01 6.172052799271734447e-01 3.698224852071006069e-02 0.000000000000000000e+00
4.925000000000000000e+04 1.970038544204948394e-01 2.189349112426035582e-01 1.317705962676376796e-01 6.143604915794265153e-01 3.493400091033227461e-02 0.000000000000000000e+00
4.950000000000000000e+04 1.980038739860812136e-01 2.225762403277196100e-01 1.282430587164314906e-01 6.149294492489758568e-01 3.425125170687300796e-02 0.000000000000000000e+00
4.975000000000000000e+04 1.990038935516673657e-01 2.254210286754665393e-01 1.267637687756031084e-01 6.164087391898043222e-01 3.140646335912607862e-02 0.000000000000000000e+00
5.000000000000000000e+04 2.000039131172537399e-01 2.201866181156121871e-01 1.280154756486117373e-01 6.143604915794265153e-01 3.743741465634956717e-02 0.000000000000000000e+00
5.025000000000000000e+04 2.010039326828398920e-01 2.221210741920801035e-01 1.257396449704142050e-01 6.131087847064178309e-01 3.903049613108784677e-02 0.000000000000000000e+00
5.050000000000000000e+04 2.020039522484262662e-01 2.225762403277196100e-01 1.244879380974055483e-01 6.144742831133364058e-01 3.846153846153846367e-02 0.000000000000000000e+00
5.075000000000000000e+04 2.030039718140126404e-01 2.224624487938097472e-01 1.255120619025944517e-01 6.165225307237141017e-01 3.550295857988165771e-02 0.000000000000000000e+00
5.100000000000000000e+04 2.040039913795987925e-01 2.257624032771961831e-01 1.242603550295857950e-01 6.111743286299499145e-01 3.880291306326809353e-02 0.000000000000000000e+00
5.125000000000000000e+04 2.050040109451851666e-01 2.254210286754665393e-01 1.231224396904870289e-01 6.154984069185253093e-01 3.595812471552116418e-02 0.000000000000000000e+00
5.150000000000000000e+04 2.060040305107713188e-01 2.331588529813381772e-01 1.216431497496586189e-01 6.156121984524350887e-01 2.958579881656804578e-02 0.000000000000000000e+00
5.175000000000000000e+04 2.070040500763576929e-01 2.317933545744196577e-01 1.214155666818388657e-01 6.085571233500227661e-01 3.823395539371871044e-02 0.000000000000000000e+00
5.200000000000000000e+04 2.080040696419438451e-01 2.298588984979517413e-01 1.187983614019117035e-01 6.093536640873918886e-01 4.198907601274465273e-02 0.000000000000000000e+00
5.225000000000000000e+04 2.090040892075302192e-01 2.274692762858443462e-01 1.241465634956759184e-01 6.141329085116067343e-01 3.425125170687300796e-02 0.000000000000000000e+00
5.250000000000000000e+04 2.100041087731163714e-01 2.350933090578060936e-01 1.189121529358215801e-01 6.100364132908511205e-01 3.595812471552116418e-02 0.000000000000000000e+00
5.275000000000000000e+04 2.110041283387027455e-01 2.438552571688666348e-01 1.125398270368684617e-01 6.074192080109239722e-01 3.618570778334091742e-02 0.000000000000000000e+00
5.300000000000000000e+04 2.120041479042888977e-01 2.366863905325443662e-01 1.164087391898042806e-01 6.131087847064178309e-01 3.379608557123350149e-02 0.000000000000000000e+00
5.325000000000000000e+04 2.130041674698752718e-01 2.355484751934456000e-01 1.110605370960400518e-01 6.184569868001820181e-01 3.493400091033227461e-02 0.000000000000000000e+00
5.350000000000000000e+04 2.140041870354614240e-01 2.482931269913518368e-01 1.063950842057350965e-01 6.035502958579881394e-01 4.176149294492489950e-02 0.000000000000000000e+00
5.375000000000000000e+04 2.150042066010477981e-01 2.416932180245789652e-01 1.076467910787437393e-01 6.137915339098770628e-01 3.686845698680018407e-02 0.000000000000000000e+00
5.400000000000000000e+04 2.160042261666339503e-01 2.204142011834319403e-01 1.202776513427400995e-01 6.107191624943104635e-01 4.858898497951752438e-02 0.000000000000000000e+00
5.425000000000000000e+04 2.170042457322203244e-01 1.433773327264451503e-01 1.525944469731451980e-01 6.826354119253527086e-01 2.139280837505689453e-02 0.000000000000000000e+00
5.450000000000000000e+04 2.180042652978064766e-01 2.662721893491124328e-02 1.688666363222576239e-01 8.016613563950841792e-01 2.844788347746927612e-03 0.000000000000000000e+00
5.475000000000000000e+04 2.190042848633928507e-01 1.786527082385070547e-02 1.803595812471552040e-01 8.008648156577150568e-01 9.103322712790168532e-04 0.000000000000000000e+00
5.500000000000000000e+04 2.200043044289790029e-01 1.649977241693217911e-02 1.917387346381429214e-01 7.913063268092853653e-01 4.551661356395084266e-04 0.000000000000000000e+00
5.525000000000000000e+04 2.210043239945653770e-01 1.388256713700500647e-02 1.929904415111515781e-01 7.926718252162039402e-01 4.551661356395084266e-04 0.000000000000000000e+00
5.550000000000000000e+04 2.220043435601515291e-01 1.638598088302230249e-02 1.956076467910787542e-01 7.874374146563495325e-01 5.689576695493854790e-04 0.000000000000000000e+00
5.575000000000000000e+04 2.230043631257379033e-01 1.024123805188893906e-03 2.300864815657714946e-01 7.687756030951297115e-01 1.137915339098771066e-04 0.000000000000000000e+00
5.600000000000000000e+04 2.240043826913242775e-01 4.551661356395084266e-04 2.307692307692307820e-01 7.687756030951297115e-01 0.000000000000000000e+00 0.000000000000000000e+00
5.625000000000000000e+04 2.250044022569104296e-01 1.024123805188893906e-03 2.305416477014110288e-01 7.683204369594902605e-01 1.137915339098771066e-04 0.000000000000000000e+00
5.650000000000000000e+04 2.260044218224968038e-01 0.000000000000000000e+00 2.307692307692307820e-01 7.692307692307692735e-01 0.000000000000000000e+00 0.000000000000000000e+00
5.675000000000000000e+04 2.270044413880829559e-01 7.965407373691396923e-04 2.306554392353208915e-01 7.685480200273099305e-01 0.000000000000000000e+00 0.000000000000000000e+00
