# itime ezz other fcc hcp bcc ico
0.000000000000000000e+00 0.000000000000000000e+00 1.024123805188893906e-03 9.989758761948110966e-01 0.000000000000000000e+00 0.000000000000000000e+00 0.000000000000000000e+00
8.000000000000000000e+03 2.000059194808390117e-03 1.479289940828402332e-03 9.985207100591716456e-01 0.000000000000000000e+00 0.000000000000000000e+00 0.000000000000000000e+00
1.600000000000000000e+04 4.000118389616780235e-03 1.137915339098770958e-03 9.988620846609012061e-01 0.000000000000000000e+00 0.000000000000000000e+00 0.000000000000000000e+00
2.400000000000000000e+04 6.000177584425170352e-03 5.689576695493854790e-04 9.994310423304506585e-01 0.000000000000000000e+00 0.000000000000000000e+00 0.000000000000000000e+00
3.200000000000000000e+04 8.000236779233782514e-03 1.706873008648156654e-03 9.982931269913518646e-01 0.000000000000000000e+00 0.000000000000000000e+00 0.000000000000000000e+00
4.000000000000000000e+04 1.000029597404217263e-02 3.413746017296313199e-04 9.996586253982703285e-01 0.000000000000000000e+00 0.000000000000000000e+00 0.000000000000000000e+00
4.800000000000000000e+04 1.200035516885056275e-02 1.593081474738279385e-03 9.984069185252617551e-01 0.000000000000000000e+00 0.000000000000000000e+00 0.000000000000000000e+00
5.600000000000000000e+04 1.400041436365895287e-02 1.820664542558033706e-03 9.981793354574419741e-01 0.000000000000000000e+00 0.000000000000000000e+00 0.000000000000000000e+00
6.400000000000000000e+04 1.600047355846734298e-02 6.827492034592626399e-04 9.993172507965407680e-01 0.000000000000000000e+00 0.000000000000000000e+00 0.000000000000000000e+00
7.200000000000000000e+04 1.800053275327573310e-02 4.324078288575329727e-03 9.956759217114247162e-01 0.000000000000000000e+00 0.000000000000000000e+00 0.000000000000000000e+00
8.000000000000000000e+04 2.000059194808412322e-02 3.072371415566681717e-03 9.969276285844332897e-01 0.000000000000000000e+00 0.000000000000000000e+00 0.000000000000000000e+00
8.800000000000000000e+04 2.200065114289273538e-02 1.934456076467910759e-03 9.980655439235320836e-01 0.000000000000000000e+00 0.000000000000000000e+00 0.000000000000000000e+00
9.600000000000000000e+04 2.400071033770112550e-02 3.868912152935821518e-03 9.961310878470641672e-01 0.000000000000000000e+00 0.000000000000000000e+00 0.000000000000000000e+00
1.040000000000000000e+05 2.600076953250951561e-02 4.210286754665453109e-03 9.957897132453344957e-01 0.000000000000000000e+00 0.000000000000000000e+00 0.000000000000000000e+00
1.120000000000000000e+05 2.800082872731790573e-02 5.348202093764223633e-03 9.945380063723259223e-01 0.000000000000000000e+00 1.137915339098771066e-04 0.000000000000000000e+00
1.200000000000000000e+05 3.000088792212629585e-02 6.144742831133363434e-03 9.938552571688666903e-01 0.000000000000000000e+00 0.000000000000000000e+00 0.000000000000000000e+00
1.280000000000000000e+05 3.200094711693468597e-02 4.779244424214838804e-03 9.951069640418752638e-01 0.000000000000000000e+00 1.137915339098771066e-04 0.000000000000000000e+00
1.360000000000000000e+05 3.400100631174307608e-02 4.437869822485207214e-03 9.954483386436049352e-01 0.000000000000000000e+00 1.137915339098771066e-04 0.000000000000000000e+00
1.440000000000000000e+05 3.600106550655168824e-02 6.599908966772872511e-03 9.930587164314974569e-01 0.000000000000000000e+00 3.413746017296313199e-04 0.000000000000000000e+00
1.520000000000000000e+05 3.800112470136007836e-02 6.258534365043240920e-03 9.934000910332271284e-01 0.000000000000000000e+00 3.413746017296313199e-04 0.000000000000000000e+00
1.600000000000000000e+05 4.000118389616846848e-02 7.851615839781519654e-03 9.919208010923987739e-01 0.000000000000000000e+00 2.275830678197542133e-04 0.000000000000000000e+00
1.680000000000000000e+05 4.200124309097685860e-02 9.899863450159307465e-03 9.898725534820209671e-01 0.000000000000000000e+00 2.275830678197542133e-04 0.000000000000000000e+00
1.760000000000000000e+05 4.400130228578524871e-02 9.786071916249430847e-03 9.897587619481110766e-01 0.000000000000000000e+00 4.551661356395084266e-04 0.000000000000000000e+00
1.840000000000000000e+05 4.600136148059363883e-02 1.593081474738279601e-02 9.835002275830677654e-01 0.000000000000000000e+00 5.689576695493854790e-04 0.000000000000000000e+00
1.920000000000000000e+05 4.800142067540202895e-02 1.615839781520254925e-02 9.835002275830677654e-01 0.000000000000000000e+00 3.413746017296313199e-04 0.000000000000000000e+00
2.000000000000000000e+05 5.000147987021064111e-02 1.319981793354574502e-02 9.862312243969049153e-01 0.000000000000000000e+00 5.689576695493854790e-04 0.000000000000000000e+00
2.080000000000000000e+05 5.200153906501903123e-02 2.036868456986800149e-02 9.786071916249431402e-01 0.000000000000000000e+00 1.024123805188893906e-03 0.000000000000000000e+00
2.160000000000000000e+05 5.400159825982742134e-02 2.162039144287665124e-02 9.767865270823851143e-01 0.000000000000000000e+00 1.593081474738279385e-03 0.000000000000000000e+00
2.240000000000000000e+05 5.600165745463581146e-02 2.105143377332726468e-02 9.781520254893035782e-01 0.000000000000000000e+00 7.965407373691396923e-04 0.000000000000000000e+00
2.320000000000000000e+05 5.800171664944420158e-02 2.446517979062357712e-02 9.740555302685480754e-01 0.000000000000000000e+00 1.479289940828402332e-03 0.000000000000000000e+00
2.400000000000000000e+05 6.000177584425259170e-02 2.924442421483841592e-02 9.700728265817023521e-01 0.000000000000000000e+00 6.827492034592626399e-04 0.000000000000000000e+00
2.480000000000000000e+05 6.200183503906098181e-02 3.595812471552116418e-02 9.621074192080109055e-01 0.000000000000000000e+00 1.934456076467910759e-03 0.000000000000000000e+00
2.560000000000000000e+05 6.400189423386937193e-02 3.595812471552116418e-02 9.616522530723714546e-01 0.000000000000000000e+00 2.389622212107419402e-03 0.000000000000000000e+00
2.640000000000000000e+05 6.600195342867798409e-02 4.847519344560764776e-02 9.481110605370960398e-01 0.000000000000000000e+00 3.413746017296313308e-03 0.000000000000000000e+00
2.720000000000000000e+05 6.800201262348637421e-02 4.710969503868912139e-02 9.497041420118342847e-01 0.000000000000000000e+00 3.186162949476558769e-03 0.000000000000000000e+00
2.800000000000000000e+05 7.000207181829476433e-02 5.700955848884842886e-02 9.374146563495675544e-01 0.000000000000000000e+00 5.575785161583977738e-03 0.000000000000000000e+00
2.880000000000000000e+05 7.200213101310315444e-02 5.666818388711879900e-02 9.377560309512972259e-01 0.000000000000000000e+00 5.575785161583977738e-03 0.000000000000000000e+00
2.960000000000000000e+05 7.400219020791154456e-02 6.474738279472007363e-02 9.300182066454255603e-01 0.000000000000000000e+00 5.234410559854347014e-03 0.000000000000000000e+00
3.040000000000000000e+05 7.600224940271993468e-02 8.204369594902138907e-02 9.114701866181156298e-01 0.000000000000000000e+00 6.486117432862995025e-03 0.000000000000000000e+00
3.120000000000000000e+05 7.800230859752832480e-02 9.399180700955848955e-02 8.986117432862994470e-01 0.000000000000000000e+00 7.396449704142011444e-03 0.000000000000000000e+00
3.200000000000000000e+05 8.000236779233693696e-02 9.501593081474737912e-02 8.938324988620847122e-01 0.000000000000000000e+00 1.115157032316795548e-02 0.000000000000000000e+00
3.280000000000000000e+05 8.200242698714532708e-02 1.745562130177514826e-01 7.405553026854801990e-01 2.162039144287664864e-03 8.272644515248064878e-02 0.000000000000000000e+00
3.360000000000000000e+05 8.400248618195371719e-02 1.253982703686845612e-01 6.100364132908511205e-01 2.332726445152480677e-01 3.129267182521620200e-02 0.000000000000000000e+00
3.440000000000000000e+05 8.600254537676210731e-02 1.071916249431042328e-01 5.997951752389621971e-01 2.641101502048247562e-01 2.890304961310878606e-02 0.000000000000000000e+00
3.520000000000000000e+05 8.800260457157049743e-02 1.057123350022758368e-01 6.013882567137005530e-01 2.650204824761037692e-01 2.787892580791988956e-02 0.000000000000000000e+00
3.600000000000000000e+05 9.000266376637888754e-02 1.087847064178425194e-01 6.000227583067819781e-01 2.650204824761037692e-01 2.617205279927173334e-02 0.000000000000000000e+00
3.680000000000000000e+05 9.200272296118727766e-02 1.153846153846153910e-01 5.906918525261720676e-01 2.633136094674556338e-01 3.060992262175694228e-02 0.000000000000000000e+00
3.760000000000000000e+05 9.400278215599588982e-02 1.302913063268092975e-01 5.761265361857077494e-01 2.606964041875284299e-01 3.288575329995448160e-02 0.000000000000000000e+00
3.840000000000000000e+05 9.600284135080427994e-02 1.302913063268092975e-01 5.583750568957669413e-01 2.765134274010013771e-01 3.482020937642239106e-02 0.000000000000000000e+00
3.920000000000000000e+05 9.800290054561267006e-02 1.413290851160673711e-01 5.551888939462903405e-01 2.771961766044606090e-01 2.628584433318160996e-02 0.000000000000000000e+00
4.000000000000000000e+05 1.000029597404210602e-01 1.456531634046426826e-01 5.446062812926718566e-01 2.766272189349112676e-01 3.311333636777423484e-02 0.000000000000000000e+00
4.080000000000000000e+05 1.020030189352294503e-01 1.574874829312699065e-01 5.388029130632681074e-01 2.694583522985889990e-01 3.425125170687300796e-02 0.000000000000000000e+00
4.160000000000000000e+05 1.040030781300378404e-01 1.595357305416477134e-01 5.351615839781520556e-01 2.697997269003186149e-01 3.550295857988165771e-02 0.000000000000000000e+00
4.240000000000000000e+05 1.060031373248462305e-01 1.761492944924897552e-01 5.230996813837051063e-01 2.643377332726445372e-01 3.641329085116067066e-02 0.000000000000000000e+00
4.320000000000000000e+05 1.080031965196548427e-01 1.942421483841602070e-01 4.974965862539826866e-01 2.539827036868457233e-01 5.427856167501137613e-02 0.000000000000000000e+00
4.400000000000000000e+05 1.100032557144632328e-01 2.086936731907146070e-01 4.439007737824305910e-01 2.814064633591260578e-01 6.599908966772871644e-02 0.000000000000000000e+00
4.480000000000000000e+05 1.120033149092716229e-01 1.331360946745562268e-01 5.892125625853436022e-01 2.500000000000000000e-01 2.765134274010013632e-02 0.000000000000000000e+00
4.560000000000000000e+05 1.140033741040800130e-01 1.345015930814747462e-01 5.917159763313609711e-01 2.469276285844333174e-01 2.685480200273099652e-02 0.000000000000000000e+00
4.640000000000000000e+05 1.160034332988884032e-01 1.366636322257624159e-01 5.826126536185707305e-01 2.522758306781975324e-01 2.844788347746927612e-02 0.000000000000000000e+00
4.720000000000000000e+05 1.180034924936967933e-01 1.405325443786982209e-01 5.837505689576695245e-01 2.515930814747383004e-01 2.412380518889394726e-02 0.000000000000000000e+00
4.800000000000000000e+05 1.200035516885051834e-01 8.249886208466089554e-02 6.943559399180700975e-01 2.058488848429676776e-01 1.729631315430131891e-02 0.000000000000000000e+00
4.880000000000000000e+05 1.220036108833137956e-01 8.830223031406463086e-02 6.901456531634045932e-01 2.058488848429676776e-01 1.570323167956303931e-02 0.000000000000000000e+00
4.960000000000000000e+05 1.240036700781221857e-01 8.955393718707328754e-02 6.888939462903960198e-01 2.015248065543923661e-01 2.002730996813837164e-02 0.000000000000000000e+00
5.040000000000000000e+05 1.260037292729305758e-01 8.966772872098316416e-02 6.892353208921255803e-01 2.043695949021392677e-01 1.672735548475193582e-02 0.000000000000000000e+00
5.120000000000000000e+05 1.280037884677389659e-01 9.171597633136094330e-02 6.899180700955849233e-01 2.043695949021392677e-01 1.399635867091488309e-02 0.000000000000000000e+00
5.200000000000000000e+05 1.300038476625473560e-01 9.717796995903504875e-02 6.801319981793354508e-01 2.043695949021392677e-01 1.832043695949021542e-02 0.000000000000000000e+00
5.280000000000000000e+05 1.320039068573557461e-01 1.001365498406918547e-01 6.809285389167045732e-01 2.017523896222121194e-01 1.718252162039144229e-02 0.000000000000000000e+00
5.360000000000000000e+05 1.340039660521641363e-01 9.126081019572143682e-02 6.862767410104688715e-01 2.056213017751479244e-01 1.684114701866181243e-02 0.000000000000000000e+00
5.440000000000000000e+05 1.360040252469727484e-01 9.979517523896222486e-02 6.801319981793354508e-01 2.043695949021392677e-01 1.570323167956303931e-02 0.000000000000000000e+00
5.520000000000000000e+05 1.380040844417811385e-01 1.085571233500227523e-01 6.701183431952663083e-01 2.016385980883022289e-01 1.968593536640873831e-02 0.000000000000000000e+00
5.600000000000000000e+05 1.400041436365895287e-01 1.043468365953573035e-01 5.571233500227582569e-01 3.189576695493855363e-01 1.957214383249886169e-02 0.000000000000000000e+00
5.680000000000000000e+05 1.420042028313979188e-01 1.060537096040054666e-01 5.575785161583978189e-01 3.133818843878015681e-01 2.298588984979517413e-02 0.000000000000000000e+00
5.760000000000000000e+05 1.440042620262063089e-01 1.046882111970869333e-01 5.599681383705051863e-01 3.157715065999089910e-01 1.957214383249886169e-02 0.000000000000000000e+00
5.840000000000000000e+05 1.460043212210146990e-01 1.156121984524351443e-01 5.527992717341829731e-01 3.079198907601274349e-01 2.366863905325443732e-02 0.000000000000000000e+00
5.920000000000000000e+05 1.480043804158230891e-01 1.116294947655894348e-01 5.524578971324533017e-01 3.086026399635867223e-01 2.730996813837050646e-02 0.000000000000000000e+00
6.000000000000000000e+05 1.500044396106317013e-01 1.164087391898042806e-01 5.482476103777879084e-01 3.113336367774237612e-01 2.401001365498407064e-02 0.000000000000000000e+00
6.080000000000000000e+05 1.520044988054400914e-01 1.285844333181611343e-01 5.433545744196631722e-01 3.042785616750113831e-01 2.378243058716431393e-02 0.000000000000000000e+00
6.160000000000000000e+05 1.540045580002484815e-01 1.215293582157487423e-01 5.460855712335002110e-01 3.093991807009558448e-01 2.298588984979517413e-02 0.000000000000000000e+00
6.240000000000000000e+05 1.560046171950568716e-01 1.309740555302685572e-01 5.367546654528903005e-01 3.039371870732817671e-01 2.833409194355939950e-02 0.000000000000000000e+00
6.320000000000000000e+05 1.580046763898652618e-01 1.319981793354574329e-01 5.377787892580792040e-01 3.074647246244879284e-01 2.275830678197542090e-02 0.000000000000000000e+00
6.400000000000000000e+05 1.600047355846736519e-01 1.342740100136549930e-01 5.335685025034136997e-01 3.047337278106508895e-01 2.742375967228038308e-02 0.000000000000000000e+00
6.480000000000000000e+05 1.620047947794820420e-01 1.411015020482476179e-01 5.309512972234865513e-01 3.005234410559854408e-01 2.742375967228038308e-02 0.000000000000000000e+00
6.560000000000000000e+05 1.640048539742904321e-01 1.450842057350933134e-01 5.281065088757396220e-01 3.004096495220755503e-01 2.639963586709149004e-02 0.000000000000000000e+00
6.640000000000000000e+05 1.660049131690990443e-01 1.635184342284934089e-01 5.174101046882112476e-01 2.891442876649977234e-01 2.992717341829767910e-02 0.000000000000000000e+00
6.720000000000000000e+05 1.680049723639074344e-01 1.611288120163859861e-01 5.137687756030950847e-01 2.928994082840236657e-01 3.220300409649522189e-02 0.000000000000000000e+00
6.800000000000000000e+05 1.700050315587158245e-01 1.764906690942193990e-01 5.026172052799271484e-01 2.850477924442421651e-01 3.584433318161128756e-02 0.000000000000000000e+00
6.880000000000000000e+05 1.720050907535242146e-01 1.969731451979972736e-01 4.878243058716431602e-01 2.831133363677742487e-01 3.208921256258534527e-02 0.000000000000000000e+00
6.960000000000000000e+05 1.740051499483326047e-01 2.309968138370505353e-01 4.541420118343195145e-01 2.705962676376877374e-01 4.426490669094219205e-02 0.000000000000000000e+00
7.040000000000000000e+05 1.760052091431409949e-01 2.348657259899863403e-01 4.407146108329540457e-01 2.803823395539372099e-01 4.403732362312243881e-02 0.000000000000000000e+00
7.120000000000000000e+05 1.780052683379493850e-01 2.552344105598543522e-01 4.161356395084205850e-01 2.734410559854346667e-01 5.518889394629039602e-02 0.000000000000000000e+00
7.200000000000000000e+05 1.800053275327579971e-01 2.617205279927173334e-01 3.909877105143377274e-01 2.735548475193445572e-01 7.373691397360036814e-02 0.000000000000000000e+00
7.280000000000000000e+05 1.820053867275663873e-01 2.680928538916704795e-01 3.805188893946290229e-01 2.763996358670914866e-01 7.498862084660901095e-02 0.000000000000000000e+00
7.360000000000000000e+05 1.840054459223747774e-01 2.873236231224396975e-01 3.328402366863905115e-01 2.965407373691397175e-01 8.329540282203004575e-02 0.000000000000000000e+00
7.440000000000000000e+05 1.860055051171831675e-01 2.154073736913973691e-01 3.429676832043696000e-01 4.138598088302230527e-01 2.776513427401001294e-02 0.000000000000000000e+00
7.520000000000000000e+05 1.880055643119915576e-01 2.075557578516158408e-01 3.406918525261720676e-01 4.259217114246700020e-01 2.583067819754210348e-02 0.000000000000000000e+00
7.600000000000000000e+05 1.900056235067999477e-01 2.110832954028220299e-01 3.400091033227127801e-01 4.211424670004551563e-01 2.776513427401001294e-02 0.000000000000000000e+00
7.680000000000000000e+05 1.920056827016083378e-01 2.182521620391442985e-01 3.372781065088757413e-01 4.209148839326354308e-01 2.355484751934456070e-02 0.000000000000000000e+00
7.760000000000000000e+05 1.940057418964169500e-01 2.104005461993627701e-01 3.389849795175238767e-01 4.227355484751934567e-01 2.787892580791988956e-02 0.000000000000000000e+00
7.840000000000000000e+05 1.960058010912253401e-01 2.123350022758306865e-01 3.342057350933090309e-01 4.261492944924897830e-01 2.730996813837050646e-02 0.000000000000000000e+00
7.920000000000000000e+05 1.980058602860337302e-01 2.167728720983158885e-01 3.306781975421028696e-01 4.247837960855712081e-01 2.776513427401001294e-02 0.000000000000000000e+00
8.000000000000000000e+05 2.000059194808421204e-01 2.189349112426035582e-01 3.299954483386435822e-01 4.237596722803823601e-01 2.730996813837050646e-02 0.000000000000000000e+00
8.080000000000000000e+05 2.020059786756505105e-01 2.247382794720072796e-01 2.989303595812471404e-01 4.472007282658170269e-01 2.913063268092853930e-02 0.000000000000000000e+00
8.160000000000000000e+05 2.040060378704589006e-01 2.245106964041875264e-01 3.016613563950841792e-01 4.467455621301775204e-01 2.708238507055074976e-02 0.000000000000000000e+00
8.240000000000000000e+05 2.060060970652672907e-01 2.236003641329085134e-01 2.653618570778333852e-01 4.864588074647246407e-01 2.457897132453345374e-02 0.000000000000000000e+00
8.320000000000000000e+05 2.080061562600759029e-01 2.241693218024579104e-01 2.666135639508420696e-01 4.848657259899863403e-01 2.435138825671370050e-02 0.000000000000000000e+00
8.400000000000000000e+05 2.100062154548842930e-01 2.237141556668183762e-01 2.635411925352753593e-01 4.858898497951752438e-01 2.685480200273099652e-02 0.000000000000000000e+00
8.480000000000000000e+05 2.120062746496926831e-01 2.233727810650887602e-01 2.638825671370050308e-01 4.873691397360036537e-01 2.537551206190259354e-02 0.000000000000000000e+00
8.560000000000000000e+05 2.140063338445010732e-01 2.259899863450159363e-01 2.575102412380518846e-01 4.968138370505234547e-01 1.968593536640873831e-02 0.000000000000000000e+00
8.640000000000000000e+05 2.160063930393094633e-01 2.230314064633591165e-01 2.580791989076012816e-01 5.023896222121073674e-01 1.649977241693217911e-02 0.000000000000000000e+00
8.720000000000000000e+05 2.180064522341178535e-01 2.216659080564405970e-01 2.547792444242148457e-01 5.067137005006827621e-01 1.684114701866181243e-02 0.000000000000000000e+00
8.800000000000000000e+05 2.200065114289262436e-01 2.251934456076467861e-01 2.573964497041419941e-01 5.007965407373691225e-01 1.661356395084205573e-02 0.000000000000000000e+00
8.880000000000000000e+05 2.220065706237348557e-01 2.237141556668183762e-01 2.575102412380518846e-01 5.040964952207556138e-01 1.467910787437414627e-02 0.000000000000000000e+00
8.960000000000000000e+05 2.240066298185432458e-01 2.278106508875739622e-01 2.552344105598543522e-01 5.030723714155667103e-01 1.376877560309512985e-02 1.137915339098771066e-04
9.040000000000000000e+05 2.260066890133516360e-01 2.221210741920801035e-01 2.563723258989530907e-01 5.040964952207556138e-01 1.741010468821119553e-02 0.000000000000000000e+00
9.120000000000000000e+05 2.280067482081600261e-01 2.307692307692307820e-01 2.534137460172963263e-01 4.986345015930814806e-01 1.718252162039144229e-02 0.000000000000000000e+00
9.200000000000000000e+05 2.300068074029684162e-01 2.320209376422394110e-01 2.507965407373691225e-01 4.996586253982703840e-01 1.752389622212107562e-02 0.000000000000000000e+00
9.280000000000000000e+05 2.320068665977768063e-01 2.322485207100591642e-01 2.507965407373691225e-01 5.032999544833864913e-01 1.365498406918525323e-02 0.000000000000000000e+00
9.360000000000000000e+05 2.340069257925851964e-01 2.335002275830678209e-01 2.472690031861629611e-01 5.014792899408283544e-01 1.763768775603095224e-02 1.137915339098771066e-04
9.440000000000000000e+05 2.360069849873938086e-01 2.329312699135184239e-01 2.496586253982703563e-01 4.989758761948110966e-01 1.832043695949021542e-02 1.137915339098771066e-04
9.520000000000000000e+05 2.380070441822021987e-01 2.347519344560764776e-01 2.446517979062357850e-01 5.023896222121073674e-01 1.820664542558033533e-02 0.000000000000000000e+00
9.600000000000000000e+05 2.400071033770105888e-01 2.324761037778789174e-01 2.507965407373691225e-01 5.039827036868457233e-01 1.274465179790623508e-02 0.000000000000000000e+00
9.680000000000000000e+05 2.420071625718189789e-01 2.431725079654073751e-01 2.473827947200728239e-01 4.946517979062357573e-01 1.479289940828402289e-02 0.000000000000000000e+00
9.760000000000000000e+05 2.440072217666273691e-01 2.390760127446517891e-01 2.474965862539827144e-01 4.985207100591715901e-01 1.490669094219390124e-02 0.000000000000000000e+00
9.840000000000000000e+05 2.460072809614357592e-01 2.454483386436049075e-01 2.460172963131543045e-01 4.947655894401456478e-01 1.376877560309512985e-02 0.000000000000000000e+00
9.920000000000000000e+05 2.480073401562441493e-01 2.481793354574419741e-01 2.435138825671370189e-01 4.923759672280382249e-01 1.593081474738279601e-02 0.000000000000000000e+00
1.000000000000000000e+06 2.500073993510527615e-01 2.249658625398270329e-01 2.485207100591715901e-01 5.151342740100136597e-01 1.137915339098771045e-02 0.000000000000000000e+00
1.008000000000000000e+06 2.520074585458611516e-01 2.256486117432862926e-01 2.531861629494765453e-01 5.078516158397815561e-01 1.331360946745562164e-02 0.000000000000000000e+00
1.016000000000000000e+06 2.540075177406695417e-01 2.298588984979517413e-01 2.567137005006827621e-01 5.025034137460172579e-01 1.092398725534820224e-02 0.000000000000000000e+00
1.024000000000000000e+06 2.560075769354779318e-01 2.356622667273554905e-01 2.546654528903049552e-01 5.001137915339098905e-01 9.558488848429677609e-03 0.000000000000000000e+00
1.032000000000000000e+06 2.580076361302863219e-01 2.246244879380974169e-01 3.031406463359125891e-01 4.605143377332726606e-01 1.172052799271734204e-02 0.000000000000000000e+00
1.040000000000000000e+06 2.600076953250947120e-01 2.329312699135184239e-01 3.041647701411014926e-01 4.550523441055985274e-01 7.851615839781519654e-03 0.000000000000000000e+00
1.048000000000000000e+06 2.620077545199031022e-01 2.328174783796085612e-01 3.067819754210286964e-01 4.493627674101046687e-01 1.103777878925807886e-02 0.000000000000000000e+00
1.056000000000000000e+06 2.640078137147114923e-01 2.342967683204369711e-01 3.051888939462903960e-01 4.443559399180700975e-01 1.615839781520254925e-02 0.000000000000000000e+00
1.064000000000000000e+06 2.660078729095201044e-01 1.561219845243513871e-01 3.643604915794265153e-01 4.697314519799726806e-01 9.786071916249430847e-03 0.000000000000000000e+00
1.072000000000000000e+06 2.680079321043284946e-01 1.208466090122894826e-01 4.025944469731451703e-01 4.658625398270368478e-01 1.069640418752844727e-02 0.000000000000000000e+00
1.080000000000000000e+06 2.700079912991368847e-01 1.219845243513882627e-01 3.983841602184797215e-01 4.677969959035047642e-01 1.183431952662721866e-02 0.000000000000000000e+00
1.088000000000000000e+06 2.720080504939452748e-01 1.233500227583067821e-01 4.014565316340464318e-01 4.637005006827492060e-01 1.149294492489758707e-02 0.000000000000000000e+00
1.096000000000000000e+06 2.740081096887536649e-01 1.202776513427400995e-01 4.033909877105143482e-01 4.648384160218479999e-01 1.149294492489758707e-02 0.000000000000000000e+00
1.104000000000000000e+06 2.760081688835620550e-01 1.234638142922166587e-01 4.043013199817933612e-01 4.621074192080109055e-01 1.012744651797906244e-02 0.000000000000000000e+00
1.112000000000000000e+06 2.780082280783704451e-01 1.256258534365043145e-01 4.055530268548019901e-01 4.614246700045516736e-01 7.396449704142011444e-03 0.000000000000000000e+00
1.120000000000000000e+06 2.800082872731790573e-01 1.195949021392808398e-01 4.057806099226217711e-01 4.637005006827492060e-01 1.092398725534820224e-02 0.000000000000000000e+00
1.128000000000000000e+06 2.820083464679874474e-01 1.197086936731907164e-01 4.069185252617205095e-01 4.639280837505689314e-01 9.444697314519799256e-03 0.000000000000000000e+00
1.136000000000000000e+06 2.840084056627958375e-01 1.156121984524351443e-01 4.101046882111971104e-01 4.663177059626763543e-01 7.965407373691398007e-03 0.000000000000000000e+00
1.144000000000000000e+06 2.860084648576042277e-01 1.216431497496586189e-01 4.079426490669094130e-01 4.606281292671824956e-01 9.786071916249430847e-03 0.000000000000000000e+00
1.152000000000000000e+06 2.880085240524126178e-01 1.248293126991351781e-01 4.093081474738279324e-01 4.598315885298133732e-01 6.030951297223486815e-03 0.000000000000000000e+00
1.160000000000000000e+06 2.900085832472210079e-01 1.224396904870277691e-01 4.050978607191624836e-01 4.637005006827492060e-01 8.761948111060537808e-03 0.000000000000000000e+00
1.168000000000000000e+06 2.920086424420293980e-01 1.273327264451524776e-01 4.028220300409649512e-01 4.624487938097405770e-01 7.396449704142011444e-03 0.000000000000000000e+00
1.176000000000000000e+06 2.940087016368380102e-01 1.290395994538006408e-01 4.002048247610378029e-01 4.623350022758306865e-01 8.420573509330906217e-03 0.000000000000000000e+00
1.184000000000000000e+06 2.960087608316464003e-01 1.283568502503413811e-01 4.020254893035958288e-01 4.614246700045516736e-01 8.192990441511151245e-03 0.000000000000000000e+00
1.192000000000000000e+06 2.980088200264547904e-01 1.285844333181611343e-01 4.012289485662266508e-01 4.614246700045516736e-01 8.761948111060537808e-03 0.000000000000000000e+00
1.200000000000000000e+06 3.000088792212631805e-01 1.286982248520709970e-01 4.027082385070550608e-01 4.604005461993627701e-01 8.192990441511151245e-03 0.000000000000000000e+00
1.208000000000000000e+06 3.020089384160715706e-01 1.288120163859808875e-01 4.021392808375056638e-01 4.589212562585343602e-01 1.012744651797906244e-02 0.000000000000000000e+00
1.216000000000000000e+06 3.040089976108799608e-01 1.279016841147018746e-01 4.010013654984069253e-01 4.618798361401911801e-01 9.217114246700046018e-03 0.000000000000000000e+00
1.224000000000000000e+06 3.060090568056883509e-01 1.306326809285389134e-01 3.966772872098315861e-01 4.621074192080109055e-01 1.058261265361857065e-02 0.000000000000000000e+00
1.232000000000000000e+06 3.080091160004969630e-01 1.314292216659080637e-01 3.995220755575785154e-01 4.604005461993627701e-01 8.648156577150659455e-03 0.000000000000000000e+00
1.240000000000000000e+06 3.100091751953053532e-01 1.334774692762858428e-01 3.979289940828402150e-01 4.574419663177059503e-01 1.115157032316795548e-02 0.000000000000000000e+00
1.248000000000000000e+06 3.120092343901137433e-01 1.358670914883932657e-01 3.987255348202093930e-01 4.556213017751479244e-01 9.786071916249430847e-03 0.000000000000000000e+00
1.256000000000000000e+06 3.140092935849221334e-01 1.429221665908056438e-01 3.948566226672735602e-01 4.519799726900318726e-01 1.024123805188893906e-02 0.000000000000000000e+00
1.264000000000000000e+06 3.160093527797305235e-01 1.461083295402822169e-01 3.906463359126081114e-01 4.517523896222120916e-01 1.149294492489758707e-02 0.000000000000000000e+00
1.272000000000000000e+06 3.180094119745389136e-01 1.455393718707328199e-01 3.899635867091488239e-01 4.472007282658170269e-01 1.729631315430131891e-02 0.000000000000000000e+00
1.280000000000000000e+06 3.200094711693473037e-01 1.420118343195266308e-01 3.904187528447883304e-01 4.515248065543923661e-01 1.604460628129267263e-02 0.000000000000000000e+00
1.288000000000000000e+06 3.220095303641559159e-01 1.457669549385525731e-01 3.898497951752389890e-01 4.472007282658170269e-01 1.718252162039144229e-02 0.000000000000000000e+00
1.296000000000000000e+06 3.240095895589643060e-01 1.532771961766044577e-01 3.846153846153846367e-01 4.466317705962676299e-01 1.547564861174328607e-02 0.000000000000000000e+00
1.304000000000000000e+06 3.260096487537726961e-01 1.546426945835229771e-01 3.831360946745562268e-01 4.404870277651342647e-01 2.173418297678652786e-02 0.000000000000000000e+00
1.312000000000000000e+06 3.280097079485810863e-01 1.589667728720983164e-01 3.631087847064178309e-01 4.600591715976331542e-01 1.786527082385070547e-02 0.000000000000000000e+00
1.320000000000000000e+06 3.300097671433894764e-01 1.745562130177514826e-01 3.397815202548930547e-01 4.575557578516158408e-01 2.810650887573964626e-02 0.000000000000000000e+00
1.328000000000000000e+06 3.320098263381978665e-01 1.804733727810650945e-01 3.381884387801547542e-01 4.490213928083750528e-01 3.231679563040509851e-02 0.000000000000000000e+00
1.336000000000000000e+06 3.340098855330062566e-01 1.835457441966317771e-01 3.377332726445152478e-01 4.481110605370960398e-01 3.060992262175694228e-02 0.000000000000000000e+00
1.344000000000000000e+06 3.360099447278148688e-01 1.993627674101046965e-01 3.318161128812016636e-01 4.370732817478379384e-01 3.174783796085571541e-02 0.000000000000000000e+00
1.352000000000000000e+06 3.380100039226232589e-01 1.688666363222576239e-01 3.642467000455166248e-01 4.553937187073281989e-01 1.149294492489758707e-02 0.000000000000000000e+00
1.360000000000000000e+06 3.400100631174316490e-01 1.464497041420118328e-01 3.784706417842512716e-01 4.657487482931270129e-01 9.330905780609922637e-03 0.000000000000000000e+00
1.368000000000000000e+06 3.420101223122400391e-01 1.470186618115612298e-01 3.801775147928994070e-01 4.638142922166590965e-01 8.989531178880291046e-03 0.000000000000000000e+00
1.376000000000000000e+06 3.440101815070484292e-01 1.467910787437414766e-01 3.801775147928994070e-01 4.677969959035047642e-01 5.234410559854347014e-03 0.000000000000000000e+00
1.384000000000000000e+06 3.460102407018568194e-01 1.473600364132908458e-01 3.802913063268092975e-01 4.664314974965862448e-01 5.917159763313609329e-03 0.000000000000000000e+00
1.392000000000000000e+06 3.480102998966652095e-01 1.498634501593081592e-01 3.799499317250796815e-01 4.631315430131998090e-01 7.055075102412380721e-03 0.000000000000000000e+00
1.400000000000000000e+06 3.500103590914738216e-01 1.496358670914884059e-01 3.794947655894401195e-01 4.660901228948566288e-01 4.779244424214838804e-03 0.000000000000000000e+00
1.408000000000000000e+06 3.520104182862822118e-01 1.441738734638143005e-01 3.813154301319982009e-01 4.673418297678652578e-01 7.168866636322257339e-03 0.000000000000000000e+00
1.416000000000000000e+06 3.540104774810906019e-01 1.536185707783341015e-01 3.777878925807919841e-01 4.623350022758306865e-01 6.258534365043240920e-03 0.000000000000000000e+00
1.424000000000000000e+06 3.560105366758989920e-01 1.515703231679562946e-01 3.773327264451524776e-01 4.658625398270368478e-01 5.234410559854347014e-03 0.000000000000000000e+00
1.432000000000000000e+06 3.580105958707073821e-01 1.539599453800637174e-01 3.789258079198907780e-01 4.615384615384615641e-01 5.575785161583977738e-03 0.000000000000000000e+00
1.440000000000000000e+06 3.600106550655157722e-01 1.541875284478834707e-01 3.801775147928994070e-01 4.592626308602639762e-01 6.372325898953117539e-03 0.000000000000000000e+00
1.448000000000000000e+06 3.620107142603241623e-01 1.543013199817933612e-01 3.791533909877105035e-01 4.601729631315429891e-01 6.372325898953117539e-03 0.000000000000000000e+00
1.456000000000000000e+06 3.640107734551327745e-01 1.505461993627674189e-01 3.838188438780154588e-01 4.573281747837960598e-01 8.306781975421027864e-03 0.000000000000000000e+00
1.464000000000000000e+06 3.660108326499411646e-01 1.556668183887118806e-01 3.790395994538006130e-01 4.567592171142467183e-01 8.534365043240782836e-03 0.000000000000000000e+00
1.472000000000000000e+06 3.680108918447495547e-01 1.623805188893946427e-01 3.738051888939463163e-01 4.545971779699590209e-01 9.217114246700046018e-03 0.000000000000000000e+00
1.480000000000000000e+06 3.700109510395579449e-01 1.562357760582612776e-01 3.751706873008648357e-01 4.590350477924442507e-01 9.558488848429677609e-03 0.000000000000000000e+00
1.488000000000000000e+06 3.720110102343661129e-01 1.572598998634501533e-01 3.782430587164314906e-01 4.566454255803368278e-01 7.851615839781519654e-03 0.000000000000000000e+00
1.496000000000000000e+06 3.740110694291747251e-01 1.544151115157032239e-01 3.791533909877105035e-01 4.576695493855257313e-01 8.761948111060537808e-03 0.000000000000000000e+00
1.504000000000000000e+06 3.760111286239833372e-01 1.626081019572143960e-01 3.732362312243969193e-01 4.553937187073281989e-01 8.761948111060537808e-03 0.000000000000000000e+00
1.512000000000000000e+06 3.780111878187915053e-01 1.640873918980427781e-01 3.726672735548475224e-01 4.545971779699590209e-01 8.648156577150659455e-03 0.000000000000000000e+00
1.520000000000000000e+06 3.800112470135998954e-01 1.605598543468365891e-01 3.768775603095129711e-01 4.541420118343195145e-01 8.420573509330906217e-03 0.000000000000000000e+00
1.528000000000000000e+06 3.820113062084085076e-01 1.637460172963131622e-01 3.734638142922166448e-01 4.519799726900318726e-01 1.081019572143832562e-02 0.000000000000000000e+00
1.536000000000000000e+06 3.840113654032171198e-01 1.727355484751934567e-01 3.701638598088302090e-01 4.452662721893491105e-01 1.183431952662721866e-02 0.000000000000000000e+00
1.544000000000000000e+06 3.860114245980252878e-01 1.779699590350477811e-01 3.681156121984524576e-01 4.432180245789713036e-01 1.069640418752844727e-02 0.000000000000000000e+00
1.552000000000000000e+06 3.880114837928336780e-01 1.784251251706872876e-01 3.677742375967227861e-01 4.417387346381429492e-01 1.206190259444697363e-02 0.000000000000000000e+00
1.560000000000000000e+06 3.900115429876420681e-01 1.855939918070095562e-01 3.577605826126536437e-01 4.461766044606281234e-01 1.046882111970869403e-02 0.000000000000000000e+00
1.568000000000000000e+06 3.920116021824506802e-01 1.904870277651342647e-01 3.511606736458807720e-01 4.472007282658170269e-01 1.115157032316795548e-02 0.000000000000000000e+00
1.576000000000000000e+06 3.940116613772590703e-01 1.954938552571688637e-01 3.462676376877560358e-01 4.426490669094219621e-01 1.558944014565316269e-02 0.000000000000000000e+00
1.584000000000000000e+06 3.960117205720672384e-01 2.064178425125170746e-01 3.426263086026399840e-01 4.296768320436959443e-01 2.127901684114701791e-02 0.000000000000000000e+00
1.592000000000000000e+06 3.980117797668758506e-01 2.105143377332726329e-01 3.403504779244423961e-01 4.299044151115157253e-01 1.923076923076923184e-02 0.000000000000000000e+00
1.600000000000000000e+06 4.000118389616844627e-01 2.210969503868912278e-01 3.294264906690942407e-01 4.300182066454255603e-01 1.945835229858898507e-02 0.000000000000000000e+00
1.608000000000000000e+06 4.020118981564926308e-01 2.228038233955393632e-01 3.299954483386435822e-01 4.292216659080564378e-01 1.797906235776058209e-02 0.000000000000000000e+00
1.616000000000000000e+06 4.040119573513010209e-01 2.225762403277196100e-01 3.312471552116522666e-01 4.279699590350478089e-01 1.820664542558033533e-02 0.000000000000000000e+00
1.624000000000000000e+06 4.060120165461094111e-01 2.337278106508875741e-01 3.257851615839781334e-01 4.234182976786526886e-01 1.706873008648156567e-02 0.000000000000000000e+00
1.632000000000000000e+06 4.080120757409180232e-01 2.282658170232134687e-01 3.239644970414201075e-01 4.295630405097860538e-01 1.820664542558033533e-02 0.000000000000000000e+00
1.640000000000000000e+06 4.100121349357264133e-01 2.372553482020937632e-01 3.194128356850250428e-01 4.238734638142921951e-01 1.945835229858898507e-02 0.000000000000000000e+00
1.648000000000000000e+06 4.120121941305345814e-01 2.411242603550295960e-01 3.180473372781065233e-01 4.258079198907601115e-01 1.502048247610377786e-02 0.000000000000000000e+00
1.656000000000000000e+06 4.140122533253431936e-01 2.429449248975876219e-01 3.133818843878015681e-01 4.283113336367774249e-01 1.536185707783340945e-02 0.000000000000000000e+00
1.664000000000000000e+06 4.160123125201518057e-01 2.478379608557123304e-01 3.147473827947200875e-01 4.238734638142921951e-01 1.354119253527537488e-02 0.000000000000000000e+00
1.672000000000000000e+06 4.180123717149599738e-01 2.502275830678197810e-01 3.130405097860718966e-01 4.230769230769230727e-01 1.365498406918525323e-02 0.000000000000000000e+00
1.680000000000000000e+06 4.200124309097683639e-01 2.546654528903049552e-01 3.240782885753299980e-01 4.060081929904414966e-01 1.524806554392353283e-02 0.000000000000000000e+00
1.688000000000000000e+06 4.220124901045769761e-01 2.544378698224852298e-01 3.241920801092398885e-01 4.043013199817933612e-01 1.706873008648156567e-02 0.000000000000000000e+00
1.696000000000000000e+06 4.240125492993853662e-01 2.602412380518889234e-01 3.218024578971324656e-01 4.024806554392353353e-01 1.547564861174328607e-02 0.000000000000000000e+00
1.704000000000000000e+06 4.260126084941937563e-01 2.575102412380518846e-01 3.244196631770596140e-01 4.025944469731451703e-01 1.547564861174328607e-02 0.000000000000000000e+00
1.712000000000000000e+06 4.280126676890019244e-01 2.587619481110605135e-01 3.273782430587164338e-01 3.997496586253982964e-01 1.411015020482476144e-02 0.000000000000000000e+00
1.720000000000000000e+06 4.300127268838105365e-01 2.609239872553482109e-01 3.222576240327719721e-01 4.010013654984069253e-01 1.581702321347291593e-02 0.000000000000000000e+00
1.728000000000000000e+06 4.320127860786191487e-01 2.657032316795630567e-01 3.147473827947200875e-01 4.020254893035958288e-01 1.752389622212107562e-02 0.000000000000000000e+00
1.736000000000000000e+06 4.340128452734273168e-01 2.570550751024123781e-01 3.235093309057806010e-01 4.038461538461538547e-01 1.558944014565316269e-02 0.000000000000000000e+00
1.744000000000000000e+06 4.360129044682357069e-01 2.635411925352753593e-01 3.187300864815657553e-01 3.999772416932180219e-01 1.775147928994082885e-02 0.000000000000000000e+00
1.752000000000000000e+06 4.380129636630443191e-01 2.672963131543013016e-01 3.194128356850250428e-01 3.970186618115612021e-01 1.627218934911242587e-02 0.000000000000000000e+00
1.760000000000000000e+06 4.400130228578529312e-01 2.650204824761037692e-01 3.191852526172052618e-01 3.982703686845698865e-01 1.752389622212107562e-02 0.000000000000000000e+00
1.768000000000000000e+06 4.420130820526610993e-01 2.691169776968593275e-01 3.141784251251706905e-01 4.014565316340464318e-01 1.524806554392353283e-02 0.000000000000000000e+00
1.776000000000000000e+06 4.440131412474692674e-01 2.703686845698680119e-01 3.145197997269003065e-01 3.994082840236686249e-01 1.570323167956303931e-02 0.000000000000000000e+00
1.784000000000000000e+06 4.460132004422778795e-01 2.691169776968593275e-01 3.140646335912608000e-01 3.982703686845698865e-01 1.854802002730996865e-02 0.000000000000000000e+00
1.792000000000000000e+06 4.480132596370864917e-01 2.629722348657259623e-01 3.098543468365953513e-01 4.081702321347291940e-01 1.900318616294947513e-02 0.000000000000000000e+00
1.800000000000000000e+06 4.500133188318948818e-01 2.649066909421938787e-01 3.001820664542558248e-01 4.163632225762403105e-01 1.854802002730996865e-02 0.000000000000000000e+00
1.808000000000000000e+06 4.520133780267030499e-01 2.479517523896222209e-01 3.128129267182521711e-01 4.238734638142921951e-01 1.536185707783340945e-02 0.000000000000000000e+00
1.816000000000000000e+06 4.540134372215116620e-01 2.431725079654073751e-01 3.159990896677287164e-01 4.242148384160218666e-01 1.661356395084205573e-02 0.000000000000000000e+00
