# itime ezz other fcc hcp bcc ico
0.000000000000000000e+00 0.000000000000000000e+00 1.365498406918525280e-03 9.986345015930814251e-01 0.000000000000000000e+00 0.000000000000000000e+00 0.000000000000000000e+00
3.000000000000000000e+00 1.199966381985939634e-03 1.251706873008648227e-03 9.987482931269913156e-01 0.000000000000000000e+00 0.000000000000000000e+00 0.000000000000000000e+00
6.000000000000000000e+00 2.399932763971879268e-03 1.137915339098770958e-03 9.988620846609012061e-01 0.000000000000000000e+00 0.000000000000000000e+00 0.000000000000000000e+00
9.000000000000000000e+00 3.599899145958040947e-03 3.413746017296313199e-04 9.996586253982703285e-01 0.000000000000000000e+00 0.000000000000000000e+00 0.000000000000000000e+00
1.200000000000000000e+01 4.799865527943980581e-03 4.551661356395084266e-04 9.995448338643604380e-01 0.000000000000000000e+00 0.000000000000000000e+00 0.000000000000000000e+00
1.500000000000000000e+01 5.999831909929920215e-03 1.137915339098770958e-03 9.987482931269913156e-01 0.000000000000000000e+00 1.137915339098771066e-04 0.000000000000000000e+00
1.800000000000000000e+01 7.199798291915859849e-03 1.365498406918525280e-03 9.985207100591716456e-01 0.000000000000000000e+00 1.137915339098771066e-04 0.000000000000000000e+00
2.100000000000000000e+01 8.399764673902021528e-03 1.251706873008648227e-03 9.986345015930814251e-01 0.000000000000000000e+00 1.137915339098771066e-04 0.000000000000000000e+00
2.400000000000000000e+01 9.599731055887961162e-03 6.827492034592626399e-04 9.992034592626308775e-01 0.000000000000000000e+00 1.137915339098771066e-04 0.000000000000000000e+00
2.700000000000000000e+01 1.079969743787390080e-02 1.365498406918525280e-03 9.986345015930814251e-01 0.000000000000000000e+00 0.000000000000000000e+00 0.000000000000000000e+00
3.000000000000000000e+01 1.199966381985984043e-02 1.706873008648156654e-03 9.982931269913518646e-01 0.000000000000000000e+00 0.000000000000000000e+00 0.000000000000000000e+00
3.300000000000000000e+01 1.319963020184600211e-02 1.706873008648156654e-03 9.982931269913518646e-01 0.000000000000000000e+00 0.000000000000000000e+00 0.000000000000000000e+00
3.600000000000000000e+01 1.439959658383194174e-02 1.706873008648156654e-03 9.982931269913518646e-01 0.000000000000000000e+00 0.000000000000000000e+00 0.000000000000000000e+00
3.900000000000000000e+01 1.559956296581788138e-02 2.162039144287664864e-03 9.978379608557123026e-01 0.000000000000000000e+00 0.000000000000000000e+00 0.000000000000000000e+00
4.200000000000000000e+01 1.679952934780382101e-02 2.275830678197541916e-03 9.977241693218024121e-01 0.000000000000000000e+00 0.000000000000000000e+00 0.000000000000000000e+00
4.500000000000000000e+01 1.799949572978998269e-02 3.186162949476558769e-03 9.968138370505233992e-01 0.000000000000000000e+00 0.000000000000000000e+00 0.000000000000000000e+00
4.800000000000000000e+01 1.919946211177592232e-02 3.299954483386436255e-03 9.967000455166135087e-01 0.000000000000000000e+00 0.000000000000000000e+00 0.000000000000000000e+00
5.100000000000000000e+01 2.039942849376186196e-02 2.275830678197541916e-03 9.977241693218024121e-01 0.000000000000000000e+00 0.000000000000000000e+00 0.000000000000000000e+00
5.400000000000000000e+01 2.159939487574780159e-02 1.479289940828402332e-03 9.985207100591716456e-01 0.000000000000000000e+00 0.000000000000000000e+00 0.000000000000000000e+00
5.700000000000000000e+01 2.279936125773396327e-02 5.689576695493854790e-04 9.994310423304506585e-01 0.000000000000000000e+00 0.000000000000000000e+00 0.000000000000000000e+00
6.000000000000000000e+01 2.399932763971990290e-02 7.965407373691396923e-04 9.992034592626308775e-01 0.000000000000000000e+00 0.000000000000000000e+00 0.000000000000000000e+00
6.300000000000000000e+01 2.519929402170584254e-02 2.275830678197541916e-03 9.977241693218024121e-01 0.000000000000000000e+00 0.000000000000000000e+00 0.000000000000000000e+00
6.600000000000000000e+01 2.639926040369178217e-02 3.072371415566681717e-03 9.968138370505233992e-01 0.000000000000000000e+00 1.137915339098771066e-04 0.000000000000000000e+00
6.900000000000000000e+01 2.759922678567794385e-02 3.868912152935821518e-03 9.960172963131542767e-01 0.000000000000000000e+00 1.137915339098771066e-04 0.000000000000000000e+00
7.200000000000000000e+01 2.879919316766388349e-02 4.210286754665453109e-03 9.957897132453344957e-01 0.000000000000000000e+00 0.000000000000000000e+00 0.000000000000000000e+00
7.500000000000000000e+01 2.999915954964982312e-02 3.755120619025944465e-03 9.961310878470641672e-01 0.000000000000000000e+00 1.137915339098771066e-04 0.000000000000000000e+00
7.800000000000000000e+01 3.119912593163576275e-02 3.527537551206190360e-03 9.964724624487938387e-01 0.000000000000000000e+00 0.000000000000000000e+00 0.000000000000000000e+00
8.100000000000000000e+01 3.239909231362192443e-02 3.186162949476558769e-03 9.968138370505233992e-01 0.000000000000000000e+00 0.000000000000000000e+00 0.000000000000000000e+00
8.400000000000000000e+01 3.359905869560786407e-02 3.641329085116067413e-03 9.963586709148839482e-01 0.000000000000000000e+00 0.000000000000000000e+00 0.000000000000000000e+00
8.700000000000000000e+01 3.479902507759380370e-02 3.868912152935821518e-03 9.961310878470641672e-01 0.000000000000000000e+00 0.000000000000000000e+00 0.000000000000000000e+00
9.000000000000000000e+01 3.599899145957974333e-02 4.210286754665453109e-03 9.956759217114247162e-01 0.000000000000000000e+00 1.137915339098771066e-04 0.000000000000000000e+00
9.300000000000000000e+01 3.719895784156590501e-02 4.779244424214838804e-03 9.952207555757851543e-01 0.000000000000000000e+00 0.000000000000000000e+00 0.000000000000000000e+00
9.600000000000000000e+01 3.839892422355184465e-02 5.803368229403732710e-03 9.940828402366863603e-01 0.000000000000000000e+00 1.137915339098771066e-04 0.000000000000000000e+00
9.900000000000000000e+01 3.959889060553778428e-02 5.803368229403732710e-03 9.937414656349567998e-01 0.000000000000000000e+00 4.551661356395084266e-04 0.000000000000000000e+00
1.020000000000000000e+02 4.079885698752372392e-02 6.030951297223486815e-03 9.937414656349567998e-01 0.000000000000000000e+00 2.275830678197542133e-04 0.000000000000000000e+00
1.050000000000000000e+02 4.199882336950988559e-02 5.689576695493855224e-03 9.937414656349567998e-01 0.000000000000000000e+00 5.689576695493854790e-04 0.000000000000000000e+00
1.080000000000000000e+02 4.319878975149582523e-02 6.941283568502503235e-03 9.928311333636777869e-01 0.000000000000000000e+00 2.275830678197542133e-04 0.000000000000000000e+00
1.110000000000000000e+02 4.439875613348176486e-02 7.396449704142011444e-03 9.923759672280382249e-01 0.000000000000000000e+00 2.275830678197542133e-04 0.000000000000000000e+00
1.140000000000000000e+02 4.559872251546770450e-02 8.306781975421027864e-03 9.914656349567592120e-01 0.000000000000000000e+00 2.275830678197542133e-04 0.000000000000000000e+00
1.170000000000000000e+02 4.679868889745386618e-02 7.396449704142011444e-03 9.923759672280382249e-01 0.000000000000000000e+00 2.275830678197542133e-04 0.000000000000000000e+00
1.200000000000000000e+02 4.799865527943980581e-02 8.534365043240782836e-03 9.912380518889394310e-01 0.000000000000000000e+00 2.275830678197542133e-04 0.000000000000000000e+00
1.230000000000000000e+02 4.919862166142574544e-02 1.092398725534820224e-02 9.888484296768320636e-01 0.000000000000000000e+00 2.275830678197542133e-04 0.000000000000000000e+00
1.260000000000000000e+02 5.039858804341168508e-02 1.376877560309512985e-02 9.857760582612653533e-01 0.000000000000000000e+00 4.551661356395084266e-04 0.000000000000000000e+00
1.290000000000000000e+02 5.159855442539784676e-02 1.570323167956303931e-02 9.837278106508875464e-01 0.000000000000000000e+00 5.689576695493854790e-04 0.000000000000000000e+00
1.320000000000000000e+02 5.279852080738378639e-02 1.706873008648156567e-02 9.822485207100591920e-01 0.000000000000000000e+00 6.827492034592626399e-04 0.000000000000000000e+00
1.350000000000000000e+02 5.399848718936972602e-02 1.536185707783340945e-02 9.840691852526172179e-01 0.000000000000000000e+00 5.689576695493854790e-04 0.000000000000000000e+00
1.380000000000000000e+02 5.519845357135566566e-02 1.285844333181611343e-02 9.865725989986344757e-01 0.000000000000000000e+00 5.689576695493854790e-04 0.000000000000000000e+00
1.410000000000000000e+02 5.639841995334182734e-02 1.399635867091488309e-02 9.855484751934455723e-01 0.000000000000000000e+00 4.551661356395084266e-04 0.000000000000000000e+00
1.440000000000000000e+02 5.759838633532776697e-02 1.604460628129267263e-02 9.837278106508875464e-01 0.000000000000000000e+00 2.275830678197542133e-04 0.000000000000000000e+00
1.470000000000000000e+02 5.879835271731370661e-02 1.695493855257168905e-02 9.820209376422394110e-01 0.000000000000000000e+00 1.024123805188893906e-03 0.000000000000000000e+00
1.500000000000000000e+02 5.999831909929964624e-02 1.786527082385070547e-02 9.811106053709603980e-01 0.000000000000000000e+00 1.024123805188893906e-03 0.000000000000000000e+00
1.530000000000000000e+02 6.119828548128580792e-02 1.979972690031861493e-02 9.788347746927628101e-01 0.000000000000000000e+00 1.365498406918525280e-03 0.000000000000000000e+00
1.560000000000000000e+02 6.239825186327174755e-02 2.150659990896677115e-02 9.773554847519344557e-01 0.000000000000000000e+00 1.137915339098770958e-03 0.000000000000000000e+00
1.590000000000000000e+02 6.359821824525768719e-02 2.605826126536185672e-02 9.730314064633591720e-01 0.000000000000000000e+00 9.103322712790168532e-04 0.000000000000000000e+00
1.620000000000000000e+02 6.479818462724362682e-02 2.548930359581247015e-02 9.734865725989986229e-01 0.000000000000000000e+00 1.024123805188893906e-03 0.000000000000000000e+00
1.650000000000000000e+02 6.599815100922978850e-02 2.628584433318160996e-02 9.724624487938097195e-01 0.000000000000000000e+00 1.251706873008648227e-03 0.000000000000000000e+00
1.680000000000000000e+02 6.719811739121572813e-02 2.822030040964952288e-02 9.697314519799726806e-01 0.000000000000000000e+00 2.048247610377787811e-03 0.000000000000000000e+00
1.710000000000000000e+02 6.839808377320166777e-02 3.163404642694583185e-02 9.662039144287665193e-01 0.000000000000000000e+00 2.162039144287664864e-03 0.000000000000000000e+00
1.740000000000000000e+02 6.959805015518760740e-02 3.265817023213472836e-02 9.657487482931269573e-01 0.000000000000000000e+00 1.593081474738279385e-03 0.000000000000000000e+00
1.770000000000000000e+02 7.079801653717376908e-02 4.005461993627674328e-02 9.589212562585344157e-01 0.000000000000000000e+00 1.024123805188893906e-03 0.000000000000000000e+00
1.800000000000000000e+02 7.199798291915970871e-02 4.688211197086936816e-02 9.516385980883022011e-01 0.000000000000000000e+00 1.479289940828402332e-03 0.000000000000000000e+00
1.830000000000000000e+02 7.319794930114564835e-02 4.893035958124715423e-02 9.497041420118342847e-01 0.000000000000000000e+00 1.365498406918525280e-03 0.000000000000000000e+00
1.860000000000000000e+02 7.439791568313158798e-02 4.949931725079653733e-02 9.490213928083750528e-01 0.000000000000000000e+00 1.479289940828402332e-03 0.000000000000000000e+00
1.890000000000000000e+02 7.559788206511752762e-02 4.733727810650887463e-02 9.508420573509330787e-01 0.000000000000000000e+00 1.820664542558033706e-03 0.000000000000000000e+00
1.920000000000000000e+02 7.679784844710368930e-02 5.200273099681383682e-02 9.464041875284479044e-01 0.000000000000000000e+00 1.593081474738279385e-03 0.000000000000000000e+00
1.950000000000000000e+02 7.799781482908962893e-02 5.325443786982248656e-02 9.446973145197997690e-01 0.000000000000000000e+00 2.048247610377787811e-03 0.000000000000000000e+00
1.980000000000000000e+02 7.919778121107556856e-02 5.382339553937186966e-02 9.433318161128811941e-01 0.000000000000000000e+00 2.844788347746927612e-03 0.000000000000000000e+00
2.010000000000000000e+02 8.039774759306150820e-02 5.837505689576695522e-02 9.382111970869366768e-01 0.000000000000000000e+00 3.413746017296313308e-03 0.000000000000000000e+00
2.040000000000000000e+02 8.159771397504766988e-02 6.372325898953118406e-02 9.340009103322712836e-01 0.000000000000000000e+00 2.275830678197541916e-03 0.000000000000000000e+00
2.070000000000000000e+02 8.279768035703360951e-02 6.429221665908056715e-02 9.327492034592625991e-01 0.000000000000000000e+00 2.958579881656804664e-03 0.000000000000000000e+00
2.100000000000000000e+02 8.399764673901954914e-02 7.134729176149294527e-02 9.252389622212107145e-01 0.000000000000000000e+00 3.413746017296313308e-03 0.000000000000000000e+00
2.130000000000000000e+02 8.519761312100548878e-02 7.498862084660901095e-02 9.213700500682748817e-01 0.000000000000000000e+00 3.641329085116067413e-03 0.000000000000000000e+00
2.160000000000000000e+02 8.639757950299165046e-02 8.261265361857077216e-02 9.136322257624033272e-01 0.000000000000000000e+00 3.755120619025944465e-03 0.000000000000000000e+00
2.190000000000000000e+02 8.759754588497759009e-02 9.296768320436959998e-02 9.030496131087847322e-01 0.000000000000000000e+00 3.982703686845699004e-03 0.000000000000000000e+00
2.220000000000000000e+02 8.879751226696352973e-02 1.016158397815202508e-01 8.930359581247154788e-01 0.000000000000000000e+00 5.348202093764223633e-03 0.000000000000000000e+00
2.250000000000000000e+02 8.999747864894946936e-02 1.098088302230314089e-01 8.845015930814746907e-01 0.000000000000000000e+00 5.689576695493855224e-03 0.000000000000000000e+00
2.280000000000000000e+02 9.119744503093563104e-02 1.194811106053709632e-01 8.746017296313154388e-01 0.000000000000000000e+00 5.917159763313609329e-03 0.000000000000000000e+00
2.310000000000000000e+02 9.239741141292157067e-02 1.251706873008648080e-01 8.685707783340919086e-01 0.000000000000000000e+00 6.258534365043240920e-03 0.000000000000000000e+00
2.340000000000000000e+02 9.359737779490751031e-02 1.317705962676376796e-01 8.628812016385980499e-01 0.000000000000000000e+00 5.348202093764223633e-03 0.000000000000000000e+00
2.370000000000000000e+02 9.479734417689344994e-02 1.363222576240327721e-01 8.563950842057350687e-01 0.000000000000000000e+00 7.282658170232134826e-03 0.000000000000000000e+00
2.400000000000000000e+02 9.599731055887961162e-02 1.451979972690031762e-01 8.467228038233954868e-01 0.000000000000000000e+00 8.079198907601274626e-03 0.000000000000000000e+00
2.430000000000000000e+02 9.719727694086555125e-02 1.464497041420118328e-01 8.445607646791079004e-01 0.000000000000000000e+00 8.989531178880291046e-03 0.000000000000000000e+00
2.460000000000000000e+02 9.839724332285149089e-02 1.586253982703686727e-01 8.323850705507510606e-01 0.000000000000000000e+00 8.989531178880291046e-03 0.000000000000000000e+00
2.490000000000000000e+02 9.959720970483743052e-02 1.676149294492489672e-01 8.216886663632225751e-01 0.000000000000000000e+00 1.069640418752844727e-02 0.000000000000000000e+00
2.520000000000000000e+02 1.007971760868235922e-01 1.754665452890304955e-01 8.131543013199817871e-01 0.000000000000000000e+00 1.137915339098771045e-02 0.000000000000000000e+00
2.550000000000000000e+02 1.019971424688095318e-01 1.820664542558033672e-01 8.067819754210286964e-01 0.000000000000000000e+00 1.115157032316795548e-02 0.000000000000000000e+00
2.580000000000000000e+02 1.031971088507954715e-01 1.995903504779244497e-01 7.892580791989075584e-01 0.000000000000000000e+00 1.115157032316795548e-02 0.000000000000000000e+00
2.610000000000000000e+02 1.043970752327814111e-01 2.111970869367319203e-01 7.752617205279926926e-01 0.000000000000000000e+00 1.354119253527537488e-02 0.000000000000000000e+00
2.640000000000000000e+02 1.055970416147675728e-01 2.299726900318616318e-01 7.558033682294037492e-01 0.000000000000000000e+00 1.422394173873463806e-02 0.000000000000000000e+00
2.670000000000000000e+02 1.067970079967535124e-01 2.414656349567592120e-01 7.429449248975875664e-01 0.000000000000000000e+00 1.558944014565316269e-02 0.000000000000000000e+00
2.700000000000000000e+02 1.079969743787394520e-01 2.545516613563950648e-01 7.289485662266727006e-01 0.000000000000000000e+00 1.649977241693217911e-02 0.000000000000000000e+00
2.730000000000000000e+02 1.091969407607253917e-01 2.655894401456531662e-01 7.171142467000455323e-01 0.000000000000000000e+00 1.729631315430131891e-02 0.000000000000000000e+00
2.760000000000000000e+02 1.103969071427115534e-01 2.740100136549840637e-01 7.060764679107874864e-01 0.000000000000000000e+00 1.991351843422849502e-02 0.000000000000000000e+00
2.790000000000000000e+02 1.115968735246974930e-01 2.843650432407828776e-01 6.926490669094219621e-01 0.000000000000000000e+00 2.298588984979517413e-02 0.000000000000000000e+00
2.820000000000000000e+02 1.127968399066834326e-01 2.969959035047792240e-01 6.784251251706873154e-01 0.000000000000000000e+00 2.457897132453345374e-02 0.000000000000000000e+00
2.850000000000000000e+02 1.139968062886693723e-01 3.034820209376422606e-01 6.687528447883477334e-01 1.137915339098771066e-04 2.765134274010013632e-02 0.000000000000000000e+00
2.880000000000000000e+02 1.151967726706555339e-01 3.152025489303595940e-01 6.555530268548019901e-01 1.137915339098771066e-04 2.913063268092853930e-02 0.000000000000000000e+00
2.910000000000000000e+02 1.163967390526414736e-01 3.329540282203004020e-01 6.380291306326809631e-01 1.137915339098771066e-04 2.890304961310878606e-02 0.000000000000000000e+00
2.940000000000000000e+02 1.175967054346274132e-01 3.437642239417387224e-01 6.243741465634956578e-01 0.000000000000000000e+00 3.186162949476559203e-02 0.000000000000000000e+00
2.970000000000000000e+02 1.187966718166133528e-01 3.587847064178424916e-01 6.088984979517524376e-01 0.000000000000000000e+00 3.231679563040509851e-02 0.000000000000000000e+00
3.000000000000000000e+02 1.199966381985995145e-01 3.757396449704141772e-01 5.906918525261720676e-01 0.000000000000000000e+00 3.356850250341374825e-02 0.000000000000000000e+00
3.030000000000000000e+02 1.211966045805854542e-01 3.863222576240327721e-01 5.777196176604461053e-01 1.137915339098771066e-04 3.584433318161128756e-02 0.000000000000000000e+00
3.060000000000000000e+02 1.223965709625713938e-01 4.007737824305871444e-01 5.633818843878015681e-01 1.137915339098771066e-04 3.573054164770141095e-02 0.000000000000000000e+00
3.090000000000000000e+02 1.235965373445573334e-01 4.197769685935366368e-01 5.439235320892125136e-01 1.137915339098771066e-04 3.618570778334091742e-02 0.000000000000000000e+00
3.120000000000000000e+02 1.247965037265434951e-01 4.311561219845243542e-01 5.269685935366408280e-01 1.137915339098771066e-04 4.176149294492489950e-02 0.000000000000000000e+00
3.150000000000000000e+02 1.259964701085294347e-01 4.402594446973145392e-01 5.143377332726445372e-01 2.275830678197542133e-04 4.517523896222121194e-02 0.000000000000000000e+00
3.180000000000000000e+02 1.271964364905153744e-01 4.585798816568047442e-01 4.934000910332271284e-01 3.413746017296313199e-04 4.767865270823850449e-02 0.000000000000000000e+00
3.210000000000000000e+02 1.283964028725013140e-01 4.737141556668184039e-01 4.755348202093764298e-01 3.413746017296313199e-04 5.040964952207555722e-02 0.000000000000000000e+00
3.240000000000000000e+02 1.295963692544874757e-01 4.887346381429221731e-01 4.566454255803368278e-01 6.827492034592626399e-04 5.393718707328174627e-02 0.000000000000000000e+00
3.270000000000000000e+02 1.307963356364734153e-01 5.093309057806099105e-01 4.346836595357305155e-01 9.103322712790168532e-04 5.507510241238051940e-02 0.000000000000000000e+00
3.300000000000000000e+02 1.319963020184593550e-01 5.300409649522075384e-01 4.122667273554847522e-01 1.137915339098770958e-03 5.655439235320892238e-02 0.000000000000000000e+00
3.330000000000000000e+02 1.331962684004452946e-01 5.385753299954483264e-01 3.996358670914884059e-01 9.103322712790168532e-04 6.087847064178425471e-02 0.000000000000000000e+00
3.360000000000000000e+02 1.343962347824314563e-01 5.520027309968138507e-01 3.816568047337278169e-01 1.251706873008648227e-03 6.508875739644970349e-02 0.000000000000000000e+00
3.390000000000000000e+02 1.355962011644173959e-01 5.600819299044150767e-01 3.685707783340919641e-01 1.137915339098770958e-03 7.020937642239417908e-02 0.000000000000000000e+00
3.420000000000000000e+02 1.367961675464033355e-01 5.819299044151114986e-01 3.450159308147474069e-01 1.251706873008648227e-03 7.180245789713245175e-02 0.000000000000000000e+00
3.450000000000000000e+02 1.379961339283892752e-01 5.875056895766954668e-01 3.317023213472917731e-01 1.365498406918525280e-03 7.942649066909421296e-02 0.000000000000000000e+00
3.480000000000000000e+02 1.391961003103754368e-01 6.083295402822029851e-01 3.084888484296768318e-01 1.251706873008648227e-03 8.192990441511151245e-02 0.000000000000000000e+00
3.510000000000000000e+02 1.403960666923613765e-01 6.222121074192079604e-01 2.940373236231224596e-01 1.593081474738279385e-03 8.215748748293126569e-02 0.000000000000000000e+00
3.540000000000000000e+02 1.415960330743473161e-01 6.322257624032772139e-01 2.799271734182977034e-01 1.820664542558033706e-03 8.602639963586708460e-02 0.000000000000000000e+00
3.570000000000000000e+02 1.427959994563332558e-01 6.424670004551661373e-01 2.662721893491124536e-01 1.593081474738279385e-03 8.966772872098316416e-02 0.000000000000000000e+00
3.600000000000000000e+02 1.439959658383191954e-01 6.530496131087847322e-01 2.498862084660901095e-01 2.162039144287664864e-03 9.490213928083750250e-02 0.000000000000000000e+00
3.630000000000000000e+02 1.451959322203053571e-01 6.620391442876649712e-01 2.365725989986345035e-01 2.389622212107419402e-03 9.899863450159307465e-02 0.000000000000000000e+00
3.660000000000000000e+02 1.463958986022912967e-01 6.676149294492489394e-01 2.253072371415566766e-01 3.072371415566681717e-03 1.040054619936276736e-01 0.000000000000000000e+00
3.690000000000000000e+02 1.475958649842772363e-01 6.779699590350477534e-01 2.126763768775603025e-01 3.527537551206190360e-03 1.058261265361857134e-01 0.000000000000000000e+00
3.720000000000000000e+02 1.487958313662631760e-01 6.821802457897132577e-01 2.030040964952207483e-01 5.461993627674101119e-03 1.093536640873919025e-01 0.000000000000000000e+00
3.750000000000000000e+02 1.499957977482493376e-01 6.934456076467910846e-01 1.885525716886663761e-01 5.006827492034592909e-03 1.129949931725079681e-01 0.000000000000000000e+00
3.780000000000000000e+02 1.511957641302352773e-01 7.020937642239417631e-01 1.783113336367774249e-01 5.461993627674101119e-03 1.141329085116067343e-01 0.000000000000000000e+00
3.810000000000000000e+02 1.523957305122212169e-01 7.171142467000455323e-01 1.622667273554847522e-01 5.575785161583977738e-03 1.150432407828857473e-01 0.000000000000000000e+00
3.840000000000000000e+02 1.535956968942071565e-01 7.228038233955393910e-01 1.531634046426945950e-01 6.372325898953117539e-03 1.176604460628129234e-01 0.000000000000000000e+00
3.870000000000000000e+02 1.547956632761933182e-01 7.266727355484752238e-01 1.459945380063723264e-01 7.282658170232134826e-03 1.200500682749203463e-01 0.000000000000000000e+00
3.900000000000000000e+02 1.559956296581792579e-01 7.341829767865271084e-01 1.392808375056895642e-01 8.420573509330906217e-03 1.181156121984524299e-01 0.000000000000000000e+00
3.930000000000000000e+02 1.571955960401651975e-01 7.373691397360035982e-01 1.338188438780154865e-01 9.444697314519799256e-03 1.193673190714610866e-01 0.000000000000000000e+00
3.960000000000000000e+02 1.583955624221511371e-01 7.371415566681839282e-01 1.261948111060537114e-01 1.149294492489758707e-02 1.251706873008648080e-01 0.000000000000000000e+00
3.990000000000000000e+02 1.595955288041372988e-01 7.440828402366863603e-01 1.148156577150659940e-01 1.342740100136549826e-02 1.276741010468821214e-01 0.000000000000000000e+00
4.020000000000000000e+02 1.607954951861232384e-01 7.471552116522530707e-01 1.082157487482931224e-01 1.376877560309512985e-02 1.308602639963586667e-01 0.000000000000000000e+00
4.050000000000000000e+02 1.619954615681091781e-01 7.513654984069185749e-01 1.010468821119708677e-01 1.524806554392353283e-02 1.323395539371870766e-01 0.000000000000000000e+00
4.080000000000000000e+02 1.631954279500951177e-01 7.540964952207556138e-01 9.615384615384615918e-02 1.524806554392353283e-02 1.345015930814747462e-01 0.000000000000000000e+00
4.110000000000000000e+02 1.643953943320812794e-01 7.565999089667728716e-01 9.114701866181156020e-02 1.729631315430131891e-02 1.349567592171142527e-01 0.000000000000000000e+00
4.140000000000000000e+02 1.655953607140672190e-01 7.627446517979061813e-01 8.625398270368685172e-02 1.786527082385070547e-02 1.331360946745562268e-01 0.000000000000000000e+00
4.170000000000000000e+02 1.667953270960531587e-01 7.676376877560309175e-01 8.113336367774237612e-02 1.854802002730996865e-02 1.326809285389166926e-01 0.000000000000000000e+00
4.200000000000000000e+02 1.679952934780390983e-01 7.703686845698679564e-01 7.646791078743742087e-02 2.036868456986800149e-02 1.327947200728265831e-01 0.000000000000000000e+00
4.230000000000000000e+02 1.691952598600252600e-01 7.710514337733272994e-01 7.407828857532999800e-02 2.048247610377787811e-02 1.343878015475648557e-01 0.000000000000000000e+00
4.260000000000000000e+02 1.703952262420111996e-01 7.740100136549841192e-01 6.952662721893490549e-02 2.275830678197542090e-02 1.337050523441055960e-01 0.000000000000000000e+00
4.290000000000000000e+02 1.715951926239971392e-01 7.768548020027310486e-01 6.622667273554846967e-02 2.218934911242603433e-02 1.347291761492944995e-01 0.000000000000000000e+00
4.320000000000000000e+02 1.727951590059830789e-01 7.800409649522075384e-01 6.406463359126081392e-02 2.253072371415566766e-02 1.333636777423759801e-01 0.000000000000000000e+00
4.350000000000000000e+02 1.739951253879692405e-01 7.849340009103322746e-01 6.053709604005461792e-02 2.162039144287665124e-02 1.329085116067364458e-01 0.000000000000000000e+00
4.380000000000000000e+02 1.751950917699551802e-01 7.877787892580792040e-01 5.860263996358670846e-02 2.196176604460628110e-02 1.316568047337278169e-01 0.000000000000000000e+00
4.410000000000000000e+02 1.763950581519411198e-01 7.951752389622211981e-01 5.575785161583977911e-02 2.401001365498407064e-02 1.250568957669549452e-01 0.000000000000000000e+00
4.440000000000000000e+02 1.775950245339270595e-01 7.966545289030496635e-01 5.518889394629039602e-02 2.537551206190259354e-02 1.227810650887573990e-01 0.000000000000000000e+00
4.470000000000000000e+02 1.787949909159132211e-01 7.994993172507965928e-01 5.188893946290396020e-02 2.583067819754210348e-02 1.227810650887573990e-01 0.000000000000000000e+00
4.500000000000000000e+02 1.799949572978991608e-01 8.043923532089212181e-01 4.881656804733727761e-02 2.537551206190259354e-02 1.214155666818388657e-01 0.000000000000000000e+00
4.530000000000000000e+02 1.811949236798851004e-01 8.104233045061447482e-01 4.597177969959034827e-02 2.537551206190259354e-02 1.182294037323623065e-01 0.000000000000000000e+00
4.560000000000000000e+02 1.823948900618710400e-01 8.167956304050978389e-01 4.267182521620391245e-02 2.457897132453345374e-02 1.159535730541647741e-01 0.000000000000000000e+00
4.590000000000000000e+02 1.835948564438572017e-01 8.211197086936732337e-01 4.039599453800637313e-02 2.503413746017296368e-02 1.134501593081474746e-01 0.000000000000000000e+00
4.620000000000000000e+02 1.847948228258431413e-01 8.189576695493855363e-01 3.891670459717797015e-02 2.719617660446062984e-02 1.149294492489758707e-01 0.000000000000000000e+00
4.650000000000000000e+02 1.859947892078290810e-01 8.219162494310423561e-01 3.777878925807919702e-02 2.605826126536185672e-02 1.142467000455166110e-01 0.000000000000000000e+00
4.680000000000000000e+02 1.871947555898150206e-01 8.302230314064633632e-01 3.629949931725079404e-02 2.639963586709149004e-02 1.070778334091943562e-01 0.000000000000000000e+00
4.710000000000000000e+02 1.883947219718011823e-01 8.344333181611288675e-01 3.550295857988165771e-02 2.696859353664087314e-02 1.030951297223486607e-01 0.000000000000000000e+00
4.740000000000000000e+02 1.895946883537871219e-01 8.375056895766954668e-01 3.538916704597178109e-02 2.799271734182976618e-02 9.911242603550296515e-02 0.000000000000000000e+00
4.770000000000000000e+02 1.907946547357730616e-01 8.402366863905325056e-01 3.664087391898043083e-02 2.742375967228038308e-02 9.569868001820663883e-02 0.000000000000000000e+00
4.800000000000000000e+02 1.919946211177590012e-01 8.397815202548930547e-01 3.846153846153846367e-02 2.924442421483841592e-02 9.251251706873007963e-02 0.000000000000000000e+00
4.830000000000000000e+02 1.931945874997451629e-01 8.429676832043695445e-01 3.675466545289030745e-02 2.867546654528902936e-02 9.160218479745106668e-02 0.000000000000000000e+00
4.860000000000000000e+02 1.943945538817311025e-01 8.463814292216659263e-01 3.550295857988165771e-02 2.981338188438780248e-02 8.830223031406463086e-02 0.000000000000000000e+00
4.890000000000000000e+02 1.955945202637170421e-01 8.535502958579881394e-01 3.243058716431497512e-02 3.015475648611743234e-02 8.386436049157942885e-02 0.000000000000000000e+00
4.920000000000000000e+02 1.967944866457029818e-01 8.524123805188893455e-01 3.163404642694583185e-02 3.072371415566681890e-02 8.522985889849794827e-02 0.000000000000000000e+00
4.950000000000000000e+02 1.979944530276891435e-01 8.522985889849795660e-01 3.163404642694583185e-02 3.140646335912607862e-02 8.466090122894856518e-02 0.000000000000000000e+00
4.980000000000000000e+02 1.991944194096750831e-01 8.567364588074647402e-01 3.004096495220755572e-02 3.220300409649522189e-02 8.101957214383249950e-02 0.000000000000000000e+00
5.010000000000000000e+02 2.003943857916610227e-01 8.562812926718251783e-01 3.106508875739644876e-02 3.231679563040509851e-02 8.033682294037323979e-02 0.000000000000000000e+00
5.040000000000000000e+02 2.015943521736469624e-01 8.610605370960400240e-01 2.981338188438780248e-02 3.060992262175694228e-02 7.851615839781520001e-02 0.000000000000000000e+00
5.070000000000000000e+02 2.027943185556331240e-01 8.628812016385980499e-01 3.026854802002730896e-02 2.969959035047792587e-02 7.715065999089668058e-02 0.000000000000000000e+00
5.100000000000000000e+02 2.039942849376190637e-01 8.669776968593536637e-01 2.867546654528902936e-02 2.867546654528902936e-02 7.567137005006827066e-02 0.000000000000000000e+00
5.130000000000000000e+02 2.051942513196050033e-01 8.709604005461993870e-01 2.867546654528902936e-02 2.844788347746927612e-02 7.191624943104232837e-02 0.000000000000000000e+00
5.160000000000000000e+02 2.063942177015909429e-01 8.698224852071005930e-01 2.719617660446062984e-02 3.106508875739644876e-02 7.191624943104232837e-02 0.000000000000000000e+00
5.190000000000000000e+02 2.075941840835771046e-01 8.717569412835685094e-01 2.651342740100136666e-02 3.186162949476559203e-02 6.986800182066454923e-02 0.000000000000000000e+00
5.220000000000000000e+02 2.087941504655630442e-01 8.725534820209376319e-01 2.571688666363222686e-02 3.152025489303595523e-02 7.020937642239417908e-02 0.000000000000000000e+00
5.250000000000000000e+02 2.099941168475489839e-01 8.738051888939463163e-01 2.526172052799271692e-02 3.129267182521620200e-02 6.964041875284478211e-02 0.000000000000000000e+00
5.280000000000000000e+02 2.111940832295349235e-01 8.773327264451524776e-01 2.560309512972235024e-02 2.958579881656804578e-02 6.747837960855712636e-02 0.000000000000000000e+00
5.310000000000000000e+02 2.123940496115210852e-01 8.788120163859808320e-01 2.412380518889394726e-02 2.969959035047792587e-02 6.736458807464724974e-02 0.000000000000000000e+00
5.340000000000000000e+02 2.135940159935070248e-01 8.797223486572598450e-01 2.412380518889394726e-02 3.038233955393718558e-02 6.577150659990896320e-02 0.000000000000000000e+00
5.370000000000000000e+02 2.147939823754929645e-01 8.823395539371871044e-01 2.309968138370505075e-02 3.106508875739644876e-02 6.349567592171143082e-02 0.000000000000000000e+00
5.400000000000000000e+02 2.159939487574789041e-01 8.821119708693673234e-01 2.366863905325443732e-02 3.083750568957669552e-02 6.338188438780155420e-02 0.000000000000000000e+00
5.430000000000000000e+02 2.171939151394648437e-01 8.834774692762858983e-01 2.435138825671370050e-02 3.186162949476559203e-02 6.030951297223486468e-02 0.000000000000000000e+00
5.460000000000000000e+02 2.183938815214510054e-01 8.831360946745562268e-01 2.469276285844333035e-02 3.368229403732362487e-02 5.848884842967683184e-02 0.000000000000000000e+00
5.490000000000000000e+02 2.195938479034369450e-01 8.868912152935821691e-01 2.412380518889394726e-02 3.254437869822485174e-02 5.644060081929904577e-02 0.000000000000000000e+00
5.520000000000000000e+02 2.207938142854228847e-01 8.913290851160673434e-01 2.298588984979517413e-02 3.277196176604460498e-02 5.291306326809285671e-02 0.000000000000000000e+00
5.550000000000000000e+02 2.219937806674088243e-01 8.941738734638142727e-01 2.264451524806554428e-02 3.083750568957669552e-02 5.234410559854346667e-02 0.000000000000000000e+00
5.580000000000000000e+02 2.231937470493949860e-01 9.006599908966772539e-01 2.059626763768775473e-02 3.004096495220755572e-02 4.870277651342740100e-02 0.000000000000000000e+00
5.610000000000000000e+02 2.243937134313809256e-01 9.058944014565316616e-01 2.048247610377787811e-02 2.685480200273099652e-02 4.676832043695949154e-02 0.000000000000000000e+00
5.640000000000000000e+02 2.255936798133668653e-01 9.071461083295402350e-01 2.082385070550751144e-02 2.753755120619025970e-02 4.449248975876194528e-02 0.000000000000000000e+00
5.670000000000000000e+02 2.267936461953528049e-01 9.071461083295402350e-01 2.014110150204824826e-02 2.799271734182976618e-02 4.472007282658170546e-02 0.000000000000000000e+00
5.700000000000000000e+02 2.279936125773389666e-01 9.094219390077378229e-01 1.968593536640873831e-02 2.856167501137915274e-02 4.233045061447428259e-02 0.000000000000000000e+00
5.730000000000000000e+02 2.291935789593249062e-01 9.090805644060081514e-01 1.911697769685935522e-02 2.822030040964952288e-02 4.358215748748293233e-02 0.000000000000000000e+00
5.760000000000000000e+02 2.303935453413108458e-01 9.113563950842057393e-01 1.877560309512972189e-02 2.776513427401001294e-02 4.210286754665452935e-02 0.000000000000000000e+00
5.790000000000000000e+02 2.315935117232967855e-01 9.132908511606736557e-01 1.752389622212107562e-02 2.730996813837050646e-02 4.187528447883477611e-02 0.000000000000000000e+00
5.820000000000000000e+02 2.327934781052829472e-01 9.153390987710514626e-01 1.718252162039144229e-02 2.730996813837050646e-02 4.016841147018661989e-02 0.000000000000000000e+00
5.850000000000000000e+02 2.339934444872688868e-01 9.155666818388711325e-01 1.672735548475193582e-02 2.753755120619025970e-02 4.016841147018661989e-02 0.000000000000000000e+00
5.880000000000000000e+02 2.351934108692548264e-01 9.184114701866180619e-01 1.741010468821119553e-02 2.560309512972235024e-02 3.857532999544834029e-02 0.000000000000000000e+00
5.910000000000000000e+02 2.363933772512407661e-01 9.200045516613564178e-01 1.718252162039144229e-02 2.560309512972235024e-02 3.720983158852981393e-02 0.000000000000000000e+00
5.940000000000000000e+02 2.375933436332269277e-01 9.250113791533909335e-01 1.593081474738279601e-02 2.560309512972235024e-02 3.345471096950387163e-02 0.000000000000000000e+00
5.970000000000000000e+02 2.387933100152128674e-01 9.269458352298588499e-01 1.513427401001365448e-02 2.628584433318160996e-02 3.163404642694583185e-02 0.000000000000000000e+00
6.000000000000000000e+02 2.399932763971988070e-01 9.285389167045972059e-01 1.524806554392353283e-02 2.583067819754210348e-02 3.038233955393718558e-02 0.000000000000000000e+00
6.030000000000000000e+02 2.411932427791847466e-01 9.251251706873008240e-01 1.604460628129267263e-02 2.753755120619025970e-02 3.129267182521620200e-02 0.000000000000000000e+00
6.060000000000000000e+02 2.423932091611709083e-01 9.294492489758762188e-01 1.547564861174328607e-02 2.571688666363222686e-02 2.935821574874829254e-02 0.000000000000000000e+00
6.090000000000000000e+02 2.435931755431568480e-01 9.327492034592625991e-01 1.570323167956303931e-02 2.503413746017296368e-02 2.651342740100136666e-02 0.000000000000000000e+00
6.120000000000000000e+02 2.447931419251427876e-01 9.361629494765589810e-01 1.422394173873463806e-02 2.503413746017296368e-02 2.457897132453345374e-02 0.000000000000000000e+00
6.150000000000000000e+02 2.459931083071287272e-01 9.399180700955849233e-01 1.411015020482476144e-02 2.332726445152480746e-02 2.264451524806554428e-02 0.000000000000000000e+00
6.180000000000000000e+02 2.471930746891148889e-01 9.416249431042330587e-01 1.456531634046426965e-02 2.321347291761493084e-02 2.059626763768775473e-02 0.000000000000000000e+00
6.210000000000000000e+02 2.483930410711008285e-01 9.402594446973144837e-01 1.581702321347291593e-02 2.332726445152480746e-02 2.059626763768775473e-02 0.000000000000000000e+00
6.240000000000000000e+02 2.495930074530867682e-01 9.399180700955849233e-01 1.615839781520254925e-02 2.366863905325443732e-02 2.025489303595812488e-02 0.000000000000000000e+00
6.270000000000000000e+02 2.507929738350727078e-01 9.390077378243059103e-01 1.718252162039144229e-02 2.389622212107419055e-02 1.991351843422849502e-02 0.000000000000000000e+00
6.300000000000000000e+02 2.519929402170588695e-01 9.388939462903960198e-01 1.627218934911242587e-02 2.412380518889394726e-02 2.071005917159763482e-02 0.000000000000000000e+00
6.330000000000000000e+02 2.531929065990448091e-01 9.379836140191170069e-01 1.638598088302230249e-02 2.401001365498407064e-02 2.162039144287665124e-02 0.000000000000000000e+00
6.360000000000000000e+02 2.543928729810307487e-01 9.370732817478379939e-01 1.661356395084205573e-02 2.366863905325443732e-02 2.264451524806554428e-02 0.000000000000000000e+00
6.390000000000000000e+02 2.555928393630166884e-01 9.376422394173873354e-01 1.604460628129267263e-02 2.309968138370505075e-02 2.321347291761493084e-02 0.000000000000000000e+00
6.420000000000000000e+02 2.567928057450028501e-01 9.375284478834774449e-01 1.490669094219390124e-02 2.492034592626308706e-02 2.264451524806554428e-02 0.000000000000000000e+00
6.450000000000000000e+02 2.579927721269887897e-01 9.360491579426490905e-01 1.479289940828402289e-02 2.537551206190259354e-02 2.378243058716431393e-02 0.000000000000000000e+00
6.480000000000000000e+02 2.591927385089747293e-01 9.384387801547564578e-01 1.502048247610377786e-02 2.503413746017296368e-02 2.150659990896677115e-02 0.000000000000000000e+00
6.510000000000000000e+02 2.603927048909606690e-01 9.411697769685934967e-01 1.513427401001365448e-02 2.378243058716431393e-02 1.991351843422849502e-02 0.000000000000000000e+00
6.540000000000000000e+02 2.615926712729468306e-01 9.417387346381429492e-01 1.524806554392353283e-02 2.298588984979517413e-02 2.002730996813837164e-02 0.000000000000000000e+00
6.570000000000000000e+02 2.627926376549327703e-01 9.410559854346836062e-01 1.445152480655439303e-02 2.173418297678652786e-02 2.275830678197542090e-02 0.000000000000000000e+00
6.600000000000000000e+02 2.639926040369187099e-01 9.431042330450614131e-01 1.411015020482476144e-02 2.071005917159763482e-02 2.207555757851615771e-02 0.000000000000000000e+00
6.630000000000000000e+02 2.651925704189046495e-01 9.431042330450614131e-01 1.467910787437414627e-02 2.048247610377787811e-02 2.173418297678652786e-02 0.000000000000000000e+00
6.660000000000000000e+02 2.663925368008908112e-01 9.428766499772417431e-01 1.445152480655439303e-02 2.025489303595812488e-02 2.241693218024579104e-02 0.000000000000000000e+00
6.690000000000000000e+02 2.675925031828767509e-01 9.428766499772417431e-01 1.479289940828402289e-02 2.093764223941738806e-02 2.139280837505689453e-02 0.000000000000000000e+00
6.720000000000000000e+02 2.687924695648626905e-01 9.420801092398725096e-01 1.502048247610377786e-02 2.048247610377787811e-02 2.241693218024579104e-02 0.000000000000000000e+00
6.750000000000000000e+02 2.699924359468486301e-01 9.412835685025033872e-01 1.547564861174328607e-02 2.150659990896677115e-02 2.173418297678652786e-02 0.000000000000000000e+00
6.780000000000000000e+02 2.711924023288347918e-01 9.436731907146108655e-01 1.479289940828402289e-02 2.082385070550751144e-02 2.071005917159763482e-02 0.000000000000000000e+00
6.810000000000000000e+02 2.723923687108207314e-01 9.450386891215293295e-01 1.433773327264451468e-02 2.002730996813837164e-02 2.059626763768775473e-02 0.000000000000000000e+00
