# itime ezz other fcc hcp bcc ico
0.000000000000000000e+00 0.000000000000000000e+00 1.365498406918525280e-03 9.986345015930814251e-01 0.000000000000000000e+00 0.000000000000000000e+00 0.000000000000000000e+00
2.500000000000000000e+01 1.000007726298601796e-03 1.251706873008648227e-03 9.987482931269913156e-01 0.000000000000000000e+00 0.000000000000000000e+00 0.000000000000000000e+00
5.000000000000000000e+01 2.000015452596981547e-03 1.024123805188893906e-03 9.989758761948110966e-01 0.000000000000000000e+00 0.000000000000000000e+00 0.000000000000000000e+00
7.500000000000000000e+01 3.000023178895583342e-03 4.551661356395084266e-04 9.995448338643604380e-01 0.000000000000000000e+00 0.000000000000000000e+00 0.000000000000000000e+00
1.000000000000000000e+02 4.000030905193963093e-03 9.103322712790168532e-04 9.990896677287209870e-01 0.000000000000000000e+00 0.000000000000000000e+00 0.000000000000000000e+00
1.250000000000000000e+02 5.000038631492564889e-03 3.413746017296313199e-04 9.996586253982703285e-01 0.000000000000000000e+00 0.000000000000000000e+00 0.000000000000000000e+00
1.500000000000000000e+02 6.000046357790944640e-03 7.965407373691396923e-04 9.992034592626308775e-01 0.000000000000000000e+00 0.000000000000000000e+00 0.000000000000000000e+00
1.750000000000000000e+02 7.000054084089546436e-03 1.024123805188893906e-03 9.989758761948110966e-01 0.000000000000000000e+00 0.000000000000000000e+00 0.000000000000000000e+00
2.000000000000000000e+02 8.000061810387926187e-03 7.965407373691396923e-04 9.992034592626308775e-01 0.000000000000000000e+00 0.000000000000000000e+00 0.000000000000000000e+00
2.250000000000000000e+02 9.000069536686527982e-03 1.365498406918525280e-03 9.986345015930814251e-01 0.000000000000000000e+00 0.000000000000000000e+00 0.000000000000000000e+00
2.500000000000000000e+02 1.000007726298490773e-02 3.413746017296313199e-04 9.996586253982703285e-01 0.000000000000000000e+00 0.000000000000000000e+00 0.000000000000000000e+00
2.750000000000000000e+02 1.100008498928350953e-02 0.000000000000000000e+00 1.000000000000000000e+00 0.000000000000000000e+00 0.000000000000000000e+00 0.000000000000000000e+00
3.000000000000000000e+02 1.200009271558188928e-02 1.024123805188893906e-03 9.989758761948110966e-01 0.000000000000000000e+00 0.000000000000000000e+00 0.000000000000000000e+00
3.250000000000000000e+02 1.300010044188049108e-02 1.706873008648156654e-03 9.982931269913518646e-01 0.000000000000000000e+00 0.000000000000000000e+00 0.000000000000000000e+00
3.500000000000000000e+02 1.400010816817887083e-02 3.413746017296313199e-04 9.996586253982703285e-01 0.000000000000000000e+00 0.000000000000000000e+00 0.000000000000000000e+00
3.750000000000000000e+02 1.500011589447747262e-02 6.827492034592626399e-04 9.993172507965407680e-01 0.000000000000000000e+00 0.000000000000000000e+00 0.000000000000000000e+00
4.000000000000000000e+02 1.600012362077585237e-02 1.137915339098770958e-03 9.988620846609012061e-01 0.000000000000000000e+00 0.000000000000000000e+00 0.000000000000000000e+00
4.250000000000000000e+02 1.700013134707445417e-02 1.024123805188893906e-03 9.988620846609012061e-01 0.000000000000000000e+00 1.137915339098771066e-04 0.000000000000000000e+00
4.500000000000000000e+02 1.800013907337283392e-02 2.162039144287664864e-03 9.978379608557123026e-01 0.000000000000000000e+00 0.000000000000000000e+00 0.000000000000000000e+00
4.750000000000000000e+02 1.900014679967143572e-02 1.934456076467910759e-03 9.980655439235320836e-01 0.000000000000000000e+00 0.000000000000000000e+00 0.000000000000000000e+00
5.000000000000000000e+02 2.000015452596981547e-02 3.413746017296313308e-03 9.965862539827037292e-01 0.000000000000000000e+00 0.000000000000000000e+00 0.000000000000000000e+00
5.250000000000000000e+02 2.100016225226841726e-02 4.324078288575329727e-03 9.953345471096950448e-01 0.000000000000000000e+00 3.413746017296313199e-04 0.000000000000000000e+00
5.500000000000000000e+02 2.200016997856701906e-02 4.096495220755575623e-03 9.957897132453344957e-01 0.000000000000000000e+00 1.137915339098771066e-04 0.000000000000000000e+00
5.750000000000000000e+02 2.300017770486539881e-02 1.365498406918525280e-03 9.986345015930814251e-01 0.000000000000000000e+00 0.000000000000000000e+00 0.000000000000000000e+00
6.000000000000000000e+02 2.400018543116400060e-02 2.617205279927173507e-03 9.972690031861629611e-01 0.000000000000000000e+00 1.137915339098771066e-04 0.000000000000000000e+00
6.250000000000000000e+02 2.500019315746238036e-02 2.162039144287664864e-03 9.978379608557123026e-01 0.000000000000000000e+00 0.000000000000000000e+00 0.000000000000000000e+00
6.500000000000000000e+02 2.600020088376098215e-02 3.299954483386436255e-03 9.967000455166135087e-01 0.000000000000000000e+00 0.000000000000000000e+00 0.000000000000000000e+00
6.750000000000000000e+02 2.700020861005936190e-02 2.958579881656804664e-03 9.970414201183431802e-01 0.000000000000000000e+00 0.000000000000000000e+00 0.000000000000000000e+00
7.000000000000000000e+02 2.800021633635796370e-02 2.730996813837050560e-03 9.971552116522530707e-01 0.000000000000000000e+00 1.137915339098771066e-04 0.000000000000000000e+00
7.250000000000000000e+02 2.900022406265634345e-02 1.024123805188893906e-03 9.988620846609012061e-01 0.000000000000000000e+00 1.137915339098771066e-04 0.000000000000000000e+00
7.500000000000000000e+02 3.000023178895494524e-02 3.186162949476558769e-03 9.967000455166135087e-01 0.000000000000000000e+00 1.137915339098771066e-04 0.000000000000000000e+00
7.750000000000000000e+02 3.100023951525332500e-02 4.779244424214838804e-03 9.952207555757851543e-01 0.000000000000000000e+00 0.000000000000000000e+00 0.000000000000000000e+00
8.000000000000000000e+02 3.200024724155192679e-02 2.844788347746927612e-03 9.970414201183431802e-01 0.000000000000000000e+00 1.137915339098771066e-04 0.000000000000000000e+00
8.250000000000000000e+02 3.300025496785030654e-02 7.282658170232134826e-03 9.927173418297678964e-01 0.000000000000000000e+00 0.000000000000000000e+00 0.000000000000000000e+00
8.500000000000000000e+02 3.400026269414890834e-02 5.120619025944469528e-03 9.946517979062358128e-01 0.000000000000000000e+00 2.275830678197542133e-04 0.000000000000000000e+00
8.750000000000000000e+02 3.500027042044728809e-02 6.599908966772872511e-03 9.929449248975875664e-01 0.000000000000000000e+00 4.551661356395084266e-04 0.000000000000000000e+00
9.000000000000000000e+02 3.600027814674588988e-02 4.210286754665453109e-03 9.955621301775148257e-01 0.000000000000000000e+00 2.275830678197542133e-04 0.000000000000000000e+00
9.250000000000000000e+02 3.700028587304426964e-02 7.282658170232134826e-03 9.924897587619481154e-01 0.000000000000000000e+00 2.275830678197542133e-04 0.000000000000000000e+00
9.500000000000000000e+02 3.800029359934287143e-02 8.079198907601274626e-03 9.915794264906691025e-01 0.000000000000000000e+00 3.413746017296313199e-04 0.000000000000000000e+00
9.750000000000000000e+02 3.900030132564125118e-02 6.941283568502503235e-03 9.929449248975875664e-01 0.000000000000000000e+00 1.137915339098771066e-04 0.000000000000000000e+00
1.000000000000000000e+03 4.000030905193985298e-02 9.558488848429677609e-03 9.904415111515703085e-01 0.000000000000000000e+00 0.000000000000000000e+00 0.000000000000000000e+00
1.025000000000000000e+03 4.100031677823845477e-02 5.803368229403732710e-03 9.938552571688666903e-01 0.000000000000000000e+00 3.413746017296313199e-04 0.000000000000000000e+00
1.050000000000000000e+03 4.200032450453683452e-02 9.786071916249430847e-03 9.893035958124715146e-01 0.000000000000000000e+00 9.103322712790168532e-04 0.000000000000000000e+00
1.075000000000000000e+03 4.300033223083543632e-02 1.183431952662721866e-02 9.877105143377332697e-01 0.000000000000000000e+00 4.551661356395084266e-04 0.000000000000000000e+00
1.100000000000000000e+03 4.400033995713381607e-02 9.899863450159307465e-03 9.896449704142011861e-01 0.000000000000000000e+00 4.551661356395084266e-04 0.000000000000000000e+00
1.125000000000000000e+03 4.500034768343241787e-02 9.786071916249430847e-03 9.898725534820209671e-01 0.000000000000000000e+00 3.413746017296313199e-04 0.000000000000000000e+00
1.150000000000000000e+03 4.600035540973079762e-02 8.875739644970414427e-03 9.907828857532999800e-01 0.000000000000000000e+00 3.413746017296313199e-04 0.000000000000000000e+00
1.175000000000000000e+03 4.700036313602939941e-02 1.251706873008648184e-02 9.871415566681839282e-01 0.000000000000000000e+00 3.413746017296313199e-04 0.000000000000000000e+00
1.200000000000000000e+03 4.800037086232777916e-02 1.331360946745562164e-02 9.860036413290851343e-01 0.000000000000000000e+00 6.827492034592626399e-04 0.000000000000000000e+00
1.225000000000000000e+03 4.900037858862638096e-02 1.775147928994082885e-02 9.816795630405097395e-01 0.000000000000000000e+00 5.689576695493854790e-04 0.000000000000000000e+00
1.250000000000000000e+03 5.000038631492476071e-02 1.319981793354574502e-02 9.857760582612653533e-01 0.000000000000000000e+00 1.024123805188893906e-03 0.000000000000000000e+00
1.275000000000000000e+03 5.100039404122336251e-02 1.627218934911242587e-02 9.833864360491579859e-01 0.000000000000000000e+00 3.413746017296313199e-04 0.000000000000000000e+00
1.300000000000000000e+03 5.200040176752174226e-02 1.297223486572599005e-02 9.861174328629950248e-01 0.000000000000000000e+00 9.103322712790168532e-04 0.000000000000000000e+00
1.325000000000000000e+03 5.300040949382034405e-02 1.638598088302230249e-02 9.821347291761493015e-01 0.000000000000000000e+00 1.479289940828402332e-03 0.000000000000000000e+00
1.350000000000000000e+03 5.400041722011872380e-02 1.524806554392353283e-02 9.840691852526172179e-01 0.000000000000000000e+00 6.827492034592626399e-04 0.000000000000000000e+00
1.375000000000000000e+03 5.500042494641732560e-02 1.809285389167045871e-02 9.812243969048702885e-01 0.000000000000000000e+00 6.827492034592626399e-04 0.000000000000000000e+00
1.400000000000000000e+03 5.600043267271570535e-02 1.331360946745562164e-02 9.858898497951752438e-01 0.000000000000000000e+00 7.965407373691396923e-04 0.000000000000000000e+00
1.425000000000000000e+03 5.700044039901430715e-02 2.253072371415566766e-02 9.764451524806554428e-01 0.000000000000000000e+00 1.024123805188893906e-03 0.000000000000000000e+00
1.450000000000000000e+03 5.800044812531268690e-02 1.752389622212107562e-02 9.821347291761493015e-01 0.000000000000000000e+00 3.413746017296313199e-04 0.000000000000000000e+00
1.475000000000000000e+03 5.900045585161128869e-02 2.605826126536185672e-02 9.723486572598998290e-01 0.000000000000000000e+00 1.593081474738279385e-03 0.000000000000000000e+00
1.500000000000000000e+03 6.000046357790966844e-02 2.309968138370505075e-02 9.756486117432863203e-01 0.000000000000000000e+00 1.251706873008648227e-03 0.000000000000000000e+00
1.525000000000000000e+03 6.100047130420827024e-02 2.196176604460628110e-02 9.766727355484752238e-01 0.000000000000000000e+00 1.365498406918525280e-03 0.000000000000000000e+00
1.550000000000000000e+03 6.200047903050687204e-02 2.878925807919890598e-02 9.700728265817023521e-01 0.000000000000000000e+00 1.137915339098770958e-03 0.000000000000000000e+00
1.575000000000000000e+03 6.300048675680525179e-02 3.379608557123350149e-02 9.627901684114701375e-01 0.000000000000000000e+00 3.413746017296313308e-03 0.000000000000000000e+00
1.600000000000000000e+03 6.400049448310385358e-02 3.436504324078288458e-02 9.633591260810195900e-01 0.000000000000000000e+00 2.275830678197541916e-03 0.000000000000000000e+00
1.625000000000000000e+03 6.500050220940223333e-02 3.755120619025944378e-02 9.596040054619936477e-01 0.000000000000000000e+00 2.844788347746927612e-03 0.000000000000000000e+00
1.650000000000000000e+03 6.600050993570083513e-02 4.096495220755575623e-02 9.568730086481566088e-01 0.000000000000000000e+00 2.162039144287664864e-03 0.000000000000000000e+00
1.675000000000000000e+03 6.700051766199921488e-02 4.517523896222121194e-02 9.520937642239417631e-01 0.000000000000000000e+00 2.730996813837050560e-03 0.000000000000000000e+00
1.700000000000000000e+03 6.800052538829781668e-02 4.142011834319526964e-02 9.552799271734182529e-01 0.000000000000000000e+00 3.299954483386436255e-03 0.000000000000000000e+00
1.725000000000000000e+03 6.900053311459619643e-02 4.870277651342740100e-02 9.487938097405552718e-01 0.000000000000000000e+00 2.503413746017296455e-03 0.000000000000000000e+00
1.750000000000000000e+03 7.000054084089479822e-02 4.460628129267182190e-02 9.535730541647701175e-01 0.000000000000000000e+00 1.820664542558033706e-03 0.000000000000000000e+00
1.775000000000000000e+03 7.100054856719317797e-02 4.426490669094219205e-02 9.525489303595812141e-01 0.000000000000000000e+00 3.186162949476558769e-03 0.000000000000000000e+00
1.800000000000000000e+03 7.200055629349177977e-02 4.949931725079653733e-02 9.469731451979972459e-01 0.000000000000000000e+00 3.527537551206190360e-03 0.000000000000000000e+00
1.825000000000000000e+03 7.300056401979015952e-02 5.211652253072371344e-02 9.424214838416021811e-01 0.000000000000000000e+00 5.461993627674101119e-03 0.000000000000000000e+00
1.850000000000000000e+03 7.400057174608876132e-02 6.338188438780155420e-02 9.317250796540736957e-01 0.000000000000000000e+00 4.893035958124715423e-03 0.000000000000000000e+00
1.875000000000000000e+03 7.500057947238714107e-02 6.110605370960400795e-02 9.335457441966317216e-01 0.000000000000000000e+00 5.348202093764223633e-03 0.000000000000000000e+00
1.900000000000000000e+03 7.600058719868574286e-02 6.531634046426945672e-02 9.292216659080564378e-01 0.000000000000000000e+00 5.461993627674101119e-03 0.000000000000000000e+00
1.925000000000000000e+03 7.700059492498412261e-02 8.227127901684114231e-02 9.111288120163859583e-01 0.000000000000000000e+00 6.599908966772872511e-03 0.000000000000000000e+00
1.950000000000000000e+03 7.800060265128272441e-02 8.898497951752389057e-02 9.021392808375057193e-01 0.000000000000000000e+00 8.875739644970414427e-03 0.000000000000000000e+00
1.975000000000000000e+03 7.900061037758110416e-02 9.365043240782885969e-02 8.989531178880291185e-01 0.000000000000000000e+00 7.396449704142011444e-03 0.000000000000000000e+00
2.000000000000000000e+03 8.000061810387970596e-02 8.898497951752389057e-02 9.016841147018661573e-01 0.000000000000000000e+00 9.330905780609922637e-03 0.000000000000000000e+00
2.025000000000000000e+03 8.100062583017830775e-02 1.065088757396449731e-01 8.829085116067364458e-01 0.000000000000000000e+00 1.058261265361857065e-02 0.000000000000000000e+00
2.050000000000000000e+03 8.200063355647668750e-02 1.019572143832498806e-01 8.824533454710969949e-01 0.000000000000000000e+00 1.558944014565316269e-02 0.000000000000000000e+00
2.075000000000000000e+03 8.300064128277528930e-02 1.215293582157487423e-01 8.623122439690487084e-01 0.000000000000000000e+00 1.615839781520254925e-02 0.000000000000000000e+00
2.100000000000000000e+03 8.400064900907366905e-02 1.302913063268092975e-01 8.486572598998634032e-01 0.000000000000000000e+00 2.105143377332726468e-02 0.000000000000000000e+00
2.125000000000000000e+03 8.500065673537227084e-02 1.448566226672735602e-01 8.322712790168411701e-01 0.000000000000000000e+00 2.287209831588529751e-02 0.000000000000000000e+00
2.150000000000000000e+03 8.600066446167065060e-02 1.450842057350933134e-01 8.304506144742831442e-01 0.000000000000000000e+00 2.446517979062357712e-02 0.000000000000000000e+00
2.175000000000000000e+03 8.700067218796925239e-02 1.603322712790168358e-01 8.108784706417841992e-01 0.000000000000000000e+00 2.878925807919890598e-02 0.000000000000000000e+00
2.200000000000000000e+03 8.800067991426763214e-02 1.679563040509786109e-01 7.997269003186162628e-01 0.000000000000000000e+00 3.231679563040509851e-02 0.000000000000000000e+00
2.225000000000000000e+03 8.900068764056623394e-02 1.612426035502958488e-01 8.053026854802002310e-01 2.275830678197542133e-04 3.322712790168411146e-02 0.000000000000000000e+00
2.250000000000000000e+03 9.000069536686461369e-02 1.887801547564861293e-01 7.711652253072371899e-01 2.275830678197542133e-04 3.982703686845699004e-02 0.000000000000000000e+00
2.275000000000000000e+03 9.100070309316321548e-02 2.076695493855257035e-01 7.395311788802912956e-01 3.413746017296313199e-04 5.245789713245334329e-02 0.000000000000000000e+00
2.300000000000000000e+03 9.200071081946159524e-02 2.294037323623122349e-01 7.088074647246245252e-01 4.551661356395084266e-04 6.133363677742376119e-02 0.000000000000000000e+00
2.325000000000000000e+03 9.300071854576019703e-02 2.413518434228493492e-01 6.849112426035502965e-01 2.275830678197542133e-04 7.350933090578061491e-02 0.000000000000000000e+00
2.350000000000000000e+03 9.400072627205857678e-02 2.586481565771506785e-01 6.521392808375057193e-01 0.000000000000000000e+00 8.921256258534364381e-02 0.000000000000000000e+00
2.375000000000000000e+03 9.500073399835717858e-02 2.750341374601729671e-01 6.251706873008647802e-01 3.413746017296313199e-04 9.945380063723259501e-02 0.000000000000000000e+00
2.400000000000000000e+03 9.600074172465555833e-02 2.923304506144742687e-01 5.929676832043695445e-01 2.048247610377787811e-03 1.126536185707783383e-01 0.000000000000000000e+00
2.425000000000000000e+03 9.700074945095416012e-02 2.999544833864360438e-01 5.607646791078744197e-01 2.389622212107419402e-03 1.368912152935821691e-01 0.000000000000000000e+00
2.450000000000000000e+03 9.800075717725253988e-02 3.186162949476559203e-01 5.163859808830223441e-01 3.527537551206190360e-03 1.614701866181156020e-01 0.000000000000000000e+00
2.475000000000000000e+03 9.900076490355114167e-02 3.352298588984979344e-01 4.748520710059171424e-01 5.461993627674101119e-03 1.844560764679107900e-01 0.000000000000000000e+00
2.500000000000000000e+03 1.000007726298495214e-01 3.301092398725534727e-01 4.461766044606281234e-01 3.982703686845699004e-03 2.197314519799726806e-01 0.000000000000000000e+00
2.525000000000000000e+03 1.010007803561481232e-01 3.462676376877560358e-01 4.050978607191624836e-01 5.461993627674101119e-03 2.431725079654073751e-01 0.000000000000000000e+00
2.550000000000000000e+03 1.020007880824467250e-01 3.430814747382794905e-01 3.938324988620846567e-01 7.168866636322257339e-03 2.559171597633135842e-01 0.000000000000000000e+00
2.575000000000000000e+03 1.030007958087451048e-01 3.645880746472462408e-01 3.680018206645425671e-01 1.115157032316795548e-02 2.562585343650432557e-01 0.000000000000000000e+00
2.600000000000000000e+03 1.040008035350437066e-01 3.625398270368684339e-01 3.503641329085115941e-01 1.695493855257168905e-02 2.701411015020482309e-01 0.000000000000000000e+00
2.625000000000000000e+03 1.050008112613420863e-01 3.761948111060536837e-01 3.272644515248065433e-01 1.718252162039144229e-02 2.793582157487483064e-01 0.000000000000000000e+00
2.650000000000000000e+03 1.060008189876406881e-01 3.702776513427400995e-01 3.248748293126991205e-01 1.991351843422849502e-02 2.849340009103322746e-01 0.000000000000000000e+00
2.675000000000000000e+03 1.070008267139390679e-01 3.831360946745562268e-01 3.053026854802002865e-01 2.412380518889394726e-02 2.874374146563495880e-01 0.000000000000000000e+00
2.700000000000000000e+03 1.080008344402376697e-01 3.905325443786982209e-01 2.968821119708693890e-01 2.492034592626308706e-02 2.876649977241693135e-01 0.000000000000000000e+00
2.725000000000000000e+03 1.090008421665360494e-01 3.998634501593081314e-01 2.884615384615384359e-01 3.072371415566681890e-02 2.809512972234865513e-01 0.000000000000000000e+00
2.750000000000000000e+03 1.100008498928346512e-01 3.805188893946290229e-01 2.892580791989076139e-01 3.208921256258534527e-02 2.981338188438780179e-01 0.000000000000000000e+00
2.775000000000000000e+03 1.110008576191330310e-01 4.048702776513427581e-01 2.540964952207555583e-01 3.709604005461993731e-02 3.039371870732817671e-01 0.000000000000000000e+00
2.800000000000000000e+03 1.120008653454316327e-01 3.984979517523896120e-01 2.469276285844333174e-01 3.925807919890760000e-02 3.153163404642694845e-01 0.000000000000000000e+00
2.825000000000000000e+03 1.130008730717300125e-01 4.041875284478834707e-01 2.388484296768320359e-01 4.551661356395084179e-02 3.114474283113336517e-01 0.000000000000000000e+00
2.850000000000000000e+03 1.140008807980286143e-01 4.021392808375056638e-01 2.224624487938097472e-01 5.052344105598543383e-02 3.248748293126991205e-01 0.000000000000000000e+00
2.875000000000000000e+03 1.150008885243269940e-01 4.134046426945835462e-01 2.045971779699590487e-01 5.268548020027309653e-02 3.293126991351843502e-01 0.000000000000000000e+00
2.900000000000000000e+03 1.160008962506255958e-01 4.019116977696859383e-01 2.018661811561219821e-01 5.723714155666818210e-02 3.389849795175238767e-01 0.000000000000000000e+00
2.925000000000000000e+03 1.170009039769239756e-01 4.062357760582612776e-01 1.810423304506144637e-01 5.974055530268548159e-02 3.529813381884387979e-01 0.000000000000000000e+00
2.950000000000000000e+03 1.180009117032225774e-01 3.863222576240327721e-01 1.656804733727810786e-01 5.928538916704597511e-02 3.887118798361401950e-01 0.000000000000000000e+00
2.975000000000000000e+03 1.190009194295209571e-01 3.825671370050068298e-01 1.515703231679562946e-01 6.565771506599908658e-02 4.002048247610378029e-01 0.000000000000000000e+00
3.000000000000000000e+03 1.200009271558195589e-01 3.742603550295858228e-01 1.363222576240327721e-01 6.736458807464724974e-02 4.220527992717341692e-01 0.000000000000000000e+00
3.025000000000000000e+03 1.210009348821181607e-01 3.821119708693673234e-01 1.272189349112426149e-01 6.668183887118799003e-02 4.239872553482020856e-01 0.000000000000000000e+00
3.050000000000000000e+03 1.220009426084165405e-01 3.840464269458352398e-01 1.208466090122894826e-01 6.827492034592626269e-02 4.268320436959490149e-01 0.000000000000000000e+00
3.075000000000000000e+03 1.230009503347151423e-01 3.909877105143377274e-01 1.132225762403277214e-01 7.316795630405098505e-02 4.226217569412835662e-01 0.000000000000000000e+00
3.100000000000000000e+03 1.240009580610135220e-01 4.081702321347291940e-01 1.005917159763313612e-01 7.430587164314975124e-02 4.169321802457897075e-01 0.000000000000000000e+00
3.125000000000000000e+03 1.250009657873121238e-01 4.010013654984069253e-01 9.763313609467455523e-02 7.692307692307692735e-02 4.244424214838415921e-01 0.000000000000000000e+00
3.150000000000000000e+03 1.260009735136105036e-01 4.228493400091033472e-01 9.410559854346836617e-02 8.215748748293126569e-02 4.008875739644970349e-01 0.000000000000000000e+00
3.175000000000000000e+03 1.270009812399091054e-01 4.247837960855712081e-01 8.796085571233500100e-02 8.477469276285844180e-02 4.024806554392353353e-01 0.000000000000000000e+00
3.200000000000000000e+03 1.280009889662074851e-01 4.241010468821119761e-01 9.012289485662267063e-02 8.739189804278561791e-02 3.983841602184797215e-01 0.000000000000000000e+00
3.225000000000000000e+03 1.290009966925060869e-01 4.319526627218934767e-01 8.113336367774237612e-02 8.557123350022757813e-02 4.013427401001365413e-01 0.000000000000000000e+00
3.250000000000000000e+03 1.300010044188044667e-01 4.269458352298589054e-01 8.352298588984979899e-02 8.989531178880291740e-02 3.996358670914884059e-01 0.000000000000000000e+00
3.275000000000000000e+03 1.310010121451030685e-01 4.370732817478379384e-01 7.897132453345470648e-02 9.512972234865725574e-02 3.888256713700500855e-01 0.000000000000000000e+00
3.300000000000000000e+03 1.320010198714014482e-01 4.291078743741465473e-01 8.249886208466089554e-02 1.003641329085116080e-01 3.880291306326809075e-01 0.000000000000000000e+00
3.325000000000000000e+03 1.330010275977000500e-01 4.495903504779244497e-01 7.817478379608557015e-02 9.968138370505234824e-02 3.725534820209376319e-01 0.000000000000000000e+00
3.350000000000000000e+03 1.340010353239984298e-01 4.398042785616750328e-01 7.396449704142012138e-02 9.763313609467455523e-02 3.885980883022303045e-01 0.000000000000000000e+00
3.375000000000000000e+03 1.350010430502970316e-01 4.489076012744651623e-01 6.816112881201638607e-02 1.022985889849795244e-01 3.806326809285389134e-01 0.000000000000000000e+00
3.400000000000000000e+03 1.360010507765954113e-01 4.398042785616750328e-01 6.702321347291761988e-02 1.119708693673190647e-01 3.812016385980883104e-01 0.000000000000000000e+00
3.425000000000000000e+03 1.370010585028940131e-01 4.584660901228948537e-01 6.406463359126081392e-02 1.139053254437869811e-01 3.635639508420573374e-01 0.000000000000000000e+00
3.450000000000000000e+03 1.380010662291923929e-01 4.621074192080109055e-01 6.190259444697314428e-02 1.152708238507055144e-01 3.607191624943104080e-01 0.000000000000000000e+00
3.475000000000000000e+03 1.390010739554909946e-01 4.773554847519344557e-01 6.019572143832498806e-02 1.218707328174783860e-01 3.405780609922621771e-01 0.000000000000000000e+00
3.500000000000000000e+03 1.400010816817893744e-01 4.583522985889849632e-01 6.144742831133363781e-02 1.269913518434228616e-01 3.532089212562585234e-01 0.000000000000000000e+00
3.525000000000000000e+03 1.410010894080879762e-01 4.594902139280837572e-01 6.224396904870277414e-02 1.280154756486117373e-01 3.502503413746017036e-01 0.000000000000000000e+00
3.550000000000000000e+03 1.420010971343865780e-01 4.685935366408739422e-01 6.247155211652252738e-02 1.251706873008648080e-01 3.437642239417387224e-01 0.000000000000000000e+00
3.575000000000000000e+03 1.430011048606849577e-01 4.703004096495220776e-01 6.167501137915339104e-02 1.356395084205735124e-01 3.323850705507510050e-01 0.000000000000000000e+00
3.600000000000000000e+03 1.440011125869835595e-01 4.910104688211197055e-01 6.224396904870277414e-02 1.398497951752389612e-01 3.068957669549385314e-01 0.000000000000000000e+00
3.625000000000000000e+03 1.450011203132819393e-01 4.906690942193900895e-01 5.723714155666818210e-02 1.425807919890760000e-01 3.095129722348657353e-01 0.000000000000000000e+00
3.650000000000000000e+03 1.460011280395805411e-01 4.986345015930814806e-01 5.871643149749658508e-02 1.466772872098315861e-01 2.959717796995903760e-01 0.000000000000000000e+00
3.675000000000000000e+03 1.470011357658789208e-01 4.899863450159308020e-01 5.917159763313609155e-02 1.490669094219390090e-01 3.017751479289940697e-01 0.000000000000000000e+00
3.700000000000000000e+03 1.480011434921775226e-01 4.935138825671370189e-01 5.780609922621757213e-02 1.539599453800637174e-01 2.947200728265816916e-01 0.000000000000000000e+00
3.725000000000000000e+03 1.490011512184759024e-01 4.972690031861629611e-01 5.974055530268548159e-02 1.563495675921711403e-01 2.866408739189804100e-01 0.000000000000000000e+00
3.750000000000000000e+03 1.500011589447745042e-01 4.997724169321802190e-01 5.917159763313609155e-02 1.626081019572143960e-01 2.784478834774692935e-01 0.000000000000000000e+00
3.775000000000000000e+03 1.510011666710728839e-01 5.116067364588074984e-01 5.279927173418298009e-02 1.612426035502958488e-01 2.743513882567136797e-01 0.000000000000000000e+00
3.800000000000000000e+03 1.520011743973714857e-01 5.182066454255803700e-01 5.359581247155211642e-02 1.602184797451069731e-01 2.679790623577605890e-01 0.000000000000000000e+00
3.825000000000000000e+03 1.530011821236698655e-01 5.226445152480655443e-01 5.735093309057805872e-02 1.660218479745106945e-01 2.539827036868457233e-01 0.000000000000000000e+00
3.850000000000000000e+03 1.540011898499684673e-01 5.094446973145198010e-01 5.496131087847064278e-02 1.814974965862539702e-01 2.540964952207555583e-01 0.000000000000000000e+00
3.875000000000000000e+03 1.550011975762668470e-01 5.188893946290396020e-01 5.268548020027309653e-02 1.814974965862539702e-01 2.469276285844333174e-01 0.000000000000000000e+00
3.900000000000000000e+03 1.560012053025654488e-01 5.230996813837051063e-01 5.405097860719162289e-02 1.860491579426490627e-01 2.368001820664542567e-01 0.000000000000000000e+00
3.925000000000000000e+03 1.570012130288638286e-01 5.229858898497952158e-01 5.541647701411014926e-02 1.861629494765589532e-01 2.354346836595357373e-01 0.000000000000000000e+00
3.950000000000000000e+03 1.580012207551624304e-01 5.199135184342285054e-01 5.723714155666818210e-02 1.951524806554392477e-01 2.276968593536640995e-01 0.000000000000000000e+00
3.975000000000000000e+03 1.590012284814608101e-01 5.361857077833409591e-01 5.564406008192990249e-02 2.008420573509330787e-01 2.073281747837960876e-01 0.000000000000000000e+00
4.000000000000000000e+03 1.600012362077594119e-01 5.324305871643150168e-01 6.087847064178425471e-02 1.968593536640873831e-01 2.098315885298133732e-01 0.000000000000000000e+00
4.025000000000000000e+03 1.610012439340580137e-01 5.251479289940828021e-01 6.110605370960400795e-02 2.026627218934911323e-01 2.110832954028220299e-01 0.000000000000000000e+00
4.050000000000000000e+03 1.620012516603563935e-01 5.473372781065088954e-01 5.757851615839781195e-02 2.042558033682294050e-01 1.908284023668639084e-01 0.000000000000000000e+00
4.075000000000000000e+03 1.630012593866549953e-01 5.370960400546199720e-01 6.224396904870277414e-02 2.139280837505689592e-01 1.867319071461083224e-01 0.000000000000000000e+00
4.100000000000000000e+03 1.640012671129533750e-01 5.348202093764223841e-01 6.065088757396449454e-02 2.204142011834319403e-01 1.841147018661811463e-01 0.000000000000000000e+00
4.125000000000000000e+03 1.650012748392519768e-01 5.473372781065088954e-01 6.167501137915339104e-02 2.183659535730541612e-01 1.726217569412835662e-01 0.000000000000000000e+00
4.150000000000000000e+03 1.660012825655503566e-01 5.460855712335002110e-01 6.247155211652252738e-02 2.220072826581702408e-01 1.694355939918070209e-01 0.000000000000000000e+00
4.175000000000000000e+03 1.670012902918489583e-01 5.509786071916249472e-01 6.360946745562130744e-02 2.222348657259899940e-01 1.631770596267637652e-01 0.000000000000000000e+00
4.200000000000000000e+03 1.680012980181473381e-01 5.438097405553027341e-01 6.190259444697314428e-02 2.297451069640418786e-01 1.645425580336822846e-01 0.000000000000000000e+00
4.225000000000000000e+03 1.690013057444459399e-01 5.498406918525261533e-01 6.235776058261265076e-02 2.317933545744196577e-01 1.560081929904415243e-01 0.000000000000000000e+00
4.250000000000000000e+03 1.700013134707443196e-01 5.558716431497496835e-01 6.520254893035958010e-02 2.306554392353208915e-01 1.482703686845698587e-01 0.000000000000000000e+00
4.275000000000000000e+03 1.710013211970429214e-01 5.563268092853891345e-01 6.383705052344106068e-02 2.302002730996813851e-01 1.496358670914884059e-01 0.000000000000000000e+00
4.300000000000000000e+03 1.720013289233413012e-01 5.497269003186162628e-01 6.406463359126081392e-02 2.325898953117888079e-01 1.536185707783341015e-01 0.000000000000000000e+00
4.325000000000000000e+03 1.730013366496399030e-01 5.460855712335002110e-01 6.360946745562130744e-02 2.345243513882567243e-01 1.557806099226217433e-01 0.000000000000000000e+00
4.350000000000000000e+03 1.740013443759382827e-01 5.532544378698225351e-01 6.395084205735093730e-02 2.360036413290851065e-01 1.467910787437414766e-01 0.000000000000000000e+00
4.375000000000000000e+03 1.750013521022368845e-01 5.563268092853891345e-01 6.417842512517069054e-02 2.383932635411925294e-01 1.411015020482476179e-01 0.000000000000000000e+00
4.400000000000000000e+03 1.760013598285352643e-01 5.614474283113336517e-01 6.451979972690032039e-02 2.410104688211197055e-01 1.330223031406463363e-01 0.000000000000000000e+00
4.425000000000000000e+03 1.770013675548338661e-01 5.588302230314065033e-01 6.497496586253982687e-02 2.441966317705962786e-01 1.319981793354574329e-01 0.000000000000000000e+00
4.450000000000000000e+03 1.780013752811322458e-01 5.671370050068275104e-01 6.554392353208920996e-02 2.484069185252617273e-01 1.189121529358215801e-01 0.000000000000000000e+00
4.475000000000000000e+03 1.790013830074308476e-01 5.615612198452435422e-01 6.929904415111515226e-02 2.545516613563950648e-01 1.145880746472462408e-01 0.000000000000000000e+00
4.500000000000000000e+03 1.800013907337292274e-01 5.703231679563040002e-01 7.419208010923987462e-02 2.545516613563950648e-01 1.009330905780609910e-01 0.000000000000000000e+00
4.525000000000000000e+03 1.810013984600278292e-01 5.611060537096039802e-01 7.419208010923987462e-02 2.554619936276740777e-01 1.092398725534820259e-01 0.000000000000000000e+00
4.550000000000000000e+03 1.820014061863264310e-01 5.656577150659990449e-01 7.362312243969049153e-02 2.592171142467000200e-01 1.015020482476103741e-01 0.000000000000000000e+00
4.575000000000000000e+03 1.830014139126248107e-01 5.652025489303595940e-01 7.294037323623121793e-02 2.552344105598543522e-01 1.066226672735548497e-01 0.000000000000000000e+00
4.600000000000000000e+03 1.840014216389234125e-01 5.654301319981793750e-01 7.703686845698680397e-02 2.565999089667728716e-01 1.009330905780609910e-01 0.000000000000000000e+00
4.625000000000000000e+03 1.850014293652217923e-01 5.731679563040509295e-01 7.692307692307692735e-02 2.560309512972234747e-01 9.387801547564861293e-02 0.000000000000000000e+00
4.650000000000000000e+03 1.860014370915203941e-01 5.847746927628584279e-01 7.430587164314975124e-02 2.528447883477469293e-01 8.807464724624487762e-02 0.000000000000000000e+00
4.675000000000000000e+03 1.870014448178187738e-01 5.861401911697770029e-01 7.771961766044606368e-02 2.589895311788802945e-01 7.715065999089668058e-02 0.000000000000000000e+00
4.700000000000000000e+03 1.880014525441173756e-01 5.835229858898497435e-01 7.828857532999544677e-02 2.572826581702321591e-01 8.090578060992262288e-02 0.000000000000000000e+00
4.725000000000000000e+03 1.890014602704157554e-01 5.781747837960855563e-01 7.794720072826581692e-02 2.578516158397815006e-01 8.602639963586708460e-02 0.000000000000000000e+00
4.750000000000000000e+03 1.900014679967143572e-01 5.909194355939918486e-01 7.555757851615839404e-02 2.564861174328629811e-01 7.703686845698680397e-02 0.000000000000000000e+00
4.775000000000000000e+03 1.910014757230127369e-01 5.888711879836140417e-01 7.840236686390532339e-02 2.490896677287209870e-01 8.363677742375967561e-02 0.000000000000000000e+00
4.800000000000000000e+03 1.920014834493113387e-01 5.955848884842968038e-01 7.680928538916705073e-02 2.588757396449704040e-01 6.873008648156576916e-02 0.000000000000000000e+00
4.825000000000000000e+03 1.930014911756097185e-01 6.024123805188893455e-01 7.589895311788802390e-02 2.531861629494765453e-01 6.850250341374601593e-02 0.000000000000000000e+00
4.850000000000000000e+03 1.940014989019083202e-01 5.914883932635411901e-01 7.828857532999544677e-02 2.577378243058716656e-01 7.248520710059171146e-02 0.000000000000000000e+00
4.875000000000000000e+03 1.950015066282067000e-01 5.919435593991807520e-01 7.715065999089668058e-02 2.614929449248976079e-01 6.941283568502502888e-02 0.000000000000000000e+00
4.900000000000000000e+03 1.960015143545053018e-01 5.822712790168411701e-01 7.771961766044606368e-02 2.707100591715976279e-01 6.929904415111515226e-02 0.000000000000000000e+00
4.925000000000000000e+03 1.970015220808036815e-01 5.804506144742831442e-01 8.261265361857077216e-02 2.704824761037779024e-01 6.645425580336822291e-02 0.000000000000000000e+00
4.950000000000000000e+03 1.980015298071022833e-01 5.854574419663176599e-01 8.375056895766955223e-02 2.696859353664087244e-01 6.099226217569413133e-02 1.137915339098771066e-04
4.975000000000000000e+03 1.990015375334006631e-01 5.877332726445152478e-01 8.227127901684114231e-02 2.690031861629494925e-01 6.099226217569413133e-02 0.000000000000000000e+00
5.000000000000000000e+03 2.000015452596992649e-01 5.769230769230768718e-01 8.284023668639053928e-02 2.691169776968593275e-01 7.111970869367319203e-02 0.000000000000000000e+00
5.025000000000000000e+03 2.010015529859978667e-01 5.958124715521164738e-01 7.931269913518433634e-02 2.586481565771506785e-01 6.622667273554846967e-02 0.000000000000000000e+00
5.050000000000000000e+03 2.020015607122962464e-01 5.903504779244423961e-01 8.090578060992262288e-02 2.592171142467000200e-01 6.952662721893490549e-02 0.000000000000000000e+00
5.075000000000000000e+03 2.030015684385948482e-01 5.950159308147473514e-01 8.090578060992262288e-02 2.608101957214383204e-01 6.326809285389166371e-02 0.000000000000000000e+00
5.100000000000000000e+03 2.040015761648932280e-01 6.104915794264906825e-01 8.010923987255348655e-02 2.552344105598543522e-01 5.416477014110149951e-02 0.000000000000000000e+00
5.125000000000000000e+03 2.050015838911918298e-01 5.968365953573053773e-01 8.238507055075101893e-02 2.580791989076012816e-01 6.269913518434228061e-02 0.000000000000000000e+00
5.150000000000000000e+03 2.060015916174902095e-01 5.853436504324078804e-01 8.614019116977697510e-02 2.697997269003186149e-01 5.871643149749658508e-02 0.000000000000000000e+00
5.175000000000000000e+03 2.070015993437888113e-01 5.872781065088756858e-01 8.329540282203004575e-02 2.680928538916704795e-01 6.133363677742376119e-02 0.000000000000000000e+00
5.200000000000000000e+03 2.080016070700871911e-01 5.936504324078288874e-01 8.534365043240782489e-02 2.671825216203914666e-01 5.382339553937186966e-02 0.000000000000000000e+00
5.225000000000000000e+03 2.090016147963857929e-01 5.983158852981338427e-01 8.215748748293126569e-02 2.596722803823395265e-01 5.985434683659535821e-02 0.000000000000000000e+00
5.250000000000000000e+03 2.100016225226841726e-01 5.986572598998634032e-01 8.215748748293126569e-02 2.618343195266272239e-01 5.735093309057805872e-02 0.000000000000000000e+00
5.275000000000000000e+03 2.110016302489827744e-01 6.029813381884387979e-01 8.056440600819299303e-02 2.584205735093308975e-01 5.803368229403732537e-02 0.000000000000000000e+00
5.300000000000000000e+03 2.120016379752811542e-01 6.075329995448338627e-01 8.204369594902138907e-02 2.567137005006827621e-01 5.370960400546199304e-02 0.000000000000000000e+00
5.325000000000000000e+03 2.130016457015797560e-01 6.081019572143832042e-01 7.635411925352754425e-02 2.551206190259444617e-01 6.042330450614474130e-02 0.000000000000000000e+00
5.350000000000000000e+03 2.140016534278781357e-01 6.117432862994993670e-01 7.828857532999544677e-02 2.518206645425580259e-01 5.814747382794720199e-02 0.000000000000000000e+00
5.375000000000000000e+03 2.150016611541767375e-01 6.152708238507055283e-01 7.658170232134729749e-02 2.554619936276740777e-01 5.268548020027309653e-02 0.000000000000000000e+00
5.400000000000000000e+03 2.160016688804751173e-01 6.173190714610833352e-01 7.988165680473373331e-02 2.484069185252617273e-01 5.439235320892125969e-02 0.000000000000000000e+00
5.425000000000000000e+03 2.170016766067737191e-01 6.169776968593536637e-01 8.022303140646336317e-02 2.507965407373691225e-01 5.200273099681383682e-02 0.000000000000000000e+00
5.450000000000000000e+03 2.180016843330720988e-01 6.238051888939463163e-01 7.885753299954482987e-02 2.467000455166135642e-01 5.063723258989531045e-02 0.000000000000000000e+00
5.475000000000000000e+03 2.190016920593707006e-01 6.140191169776968438e-01 8.568502503413745475e-02 2.490896677287209870e-01 5.120619025944470049e-02 0.000000000000000000e+00
5.500000000000000000e+03 2.200016997856690804e-01 6.137915339098770628e-01 8.739189804278561791e-02 2.492034592626308498e-01 4.961310878470642088e-02 0.000000000000000000e+00
5.525000000000000000e+03 2.210017075119676822e-01 6.260810195721437932e-01 8.306781975421029252e-02 2.440828402366863881e-01 4.676832043695949154e-02 0.000000000000000000e+00
5.550000000000000000e+03 2.220017152382662839e-01 6.298361401911697355e-01 8.056440600819299303e-02 2.373691397360036537e-01 5.223031406463359005e-02 0.000000000000000000e+00
5.575000000000000000e+03 2.230017229645646637e-01 6.337050523441055683e-01 7.862994993172507663e-02 2.410104688211197055e-01 4.665452890304961492e-02 0.000000000000000000e+00
5.600000000000000000e+03 2.240017306908632655e-01 6.187983614019116896e-01 7.954028220300408958e-02 2.489758761948110966e-01 5.268548020027309653e-02 0.000000000000000000e+00
5.625000000000000000e+03 2.250017384171616452e-01 6.208466090122894965e-01 7.840236686390532339e-02 2.490896677287209870e-01 5.166135639508420696e-02 0.000000000000000000e+00
5.650000000000000000e+03 2.260017461434602470e-01 6.341602184797451303e-01 7.464724624487938109e-02 2.413518434228493492e-01 4.984069185252617412e-02 0.000000000000000000e+00
5.675000000000000000e+03 2.270017538697586268e-01 6.290395994538006130e-01 7.999544833864360993e-02 2.394173873463814328e-01 5.154756486117433034e-02 0.000000000000000000e+00
