# itime ezz other fcc hcp bcc ico
0.000000000000000000e+00 0.000000000000000000e+00 7.965407373691396923e-04 9.992034592626308775e-01 0.000000000000000000e+00 0.000000000000000000e+00 0.000000000000000000e+00
2.500000000000000000e+01 1.000030842539079146e-03 9.103322712790168532e-04 9.990896677287209870e-01 0.000000000000000000e+00 0.000000000000000000e+00 0.000000000000000000e+00
5.000000000000000000e+01 2.000061685077936247e-03 6.827492034592626399e-04 9.993172507965407680e-01 0.000000000000000000e+00 0.000000000000000000e+00 0.000000000000000000e+00
7.500000000000000000e+01 3.000092527617015392e-03 6.827492034592626399e-04 9.993172507965407680e-01 0.000000000000000000e+00 0.000000000000000000e+00 0.000000000000000000e+00
1.000000000000000000e+02 4.000123370155872493e-03 2.275830678197542133e-04 9.997724169321802190e-01 0.000000000000000000e+00 0.000000000000000000e+00 0.000000000000000000e+00
1.250000000000000000e+02 5.000154212694951639e-03 2.275830678197541916e-03 9.977241693218024121e-01 0.000000000000000000e+00 0.000000000000000000e+00 0.000000000000000000e+00
1.500000000000000000e+02 6.000185055233808740e-03 7.965407373691396923e-04 9.992034592626308775e-01 0.000000000000000000e+00 0.000000000000000000e+00 0.000000000000000000e+00
1.750000000000000000e+02 7.000215897772887885e-03 1.251706873008648227e-03 9.987482931269913156e-01 0.000000000000000000e+00 0.000000000000000000e+00 0.000000000000000000e+00
2.000000000000000000e+02 8.000246740311967031e-03 1.251706873008648227e-03 9.987482931269913156e-01 0.000000000000000000e+00 0.000000000000000000e+00 0.000000000000000000e+00
2.250000000000000000e+02 9.000277582850824132e-03 3.072371415566681717e-03 9.969276285844332897e-01 0.000000000000000000e+00 0.000000000000000000e+00 0.000000000000000000e+00
2.500000000000000000e+02 1.000030842538990328e-02 2.162039144287664864e-03 9.978379608557123026e-01 0.000000000000000000e+00 0.000000000000000000e+00 0.000000000000000000e+00
2.750000000000000000e+02 1.100033926792876038e-02 1.024123805188893906e-03 9.989758761948110966e-01 0.000000000000000000e+00 0.000000000000000000e+00 0.000000000000000000e+00
3.000000000000000000e+02 1.200037011046783952e-02 6.827492034592626399e-04 9.993172507965407680e-01 0.000000000000000000e+00 0.000000000000000000e+00 0.000000000000000000e+00
3.250000000000000000e+02 1.300040095300669662e-02 9.103322712790168532e-04 9.990896677287209870e-01 0.000000000000000000e+00 0.000000000000000000e+00 0.000000000000000000e+00
3.500000000000000000e+02 1.400043179554577577e-02 5.689576695493854790e-04 9.994310423304506585e-01 0.000000000000000000e+00 0.000000000000000000e+00 0.000000000000000000e+00
3.750000000000000000e+02 1.500046263808485492e-02 1.706873008648156654e-03 9.981793354574419741e-01 0.000000000000000000e+00 1.137915339098771066e-04 0.000000000000000000e+00
4.000000000000000000e+02 1.600049348062371202e-02 1.706873008648156654e-03 9.982931269913518646e-01 0.000000000000000000e+00 0.000000000000000000e+00 0.000000000000000000e+00
4.250000000000000000e+02 1.700052432316279116e-02 6.827492034592626399e-04 9.993172507965407680e-01 0.000000000000000000e+00 0.000000000000000000e+00 0.000000000000000000e+00
4.500000000000000000e+02 1.800055516570164826e-02 2.958579881656804664e-03 9.969276285844332897e-01 0.000000000000000000e+00 1.137915339098771066e-04 0.000000000000000000e+00
4.750000000000000000e+02 1.900058600824072741e-02 3.072371415566681717e-03 9.969276285844332897e-01 0.000000000000000000e+00 0.000000000000000000e+00 0.000000000000000000e+00
5.000000000000000000e+02 2.000061685077958451e-02 2.162039144287664864e-03 9.978379608557123026e-01 0.000000000000000000e+00 0.000000000000000000e+00 0.000000000000000000e+00
5.250000000000000000e+02 2.100064769331866366e-02 3.755120619025944465e-03 9.961310878470641672e-01 0.000000000000000000e+00 1.137915339098771066e-04 0.000000000000000000e+00
5.500000000000000000e+02 2.200067853585774280e-02 1.479289940828402332e-03 9.985207100591716456e-01 0.000000000000000000e+00 0.000000000000000000e+00 0.000000000000000000e+00
5.750000000000000000e+02 2.300070937839659990e-02 2.503413746017296455e-03 9.974965862539827421e-01 0.000000000000000000e+00 0.000000000000000000e+00 0.000000000000000000e+00
6.000000000000000000e+02 2.400074022093567905e-02 4.779244424214838804e-03 9.952207555757851543e-01 0.000000000000000000e+00 0.000000000000000000e+00 0.000000000000000000e+00
6.250000000000000000e+02 2.500077106347453615e-02 2.958579881656804664e-03 9.970414201183431802e-01 0.000000000000000000e+00 0.000000000000000000e+00 0.000000000000000000e+00
6.500000000000000000e+02 2.600080190601361529e-02 3.641329085116067413e-03 9.963586709148839482e-01 0.000000000000000000e+00 0.000000000000000000e+00 0.000000000000000000e+00
6.750000000000000000e+02 2.700083274855247240e-02 3.413746017296313308e-03 9.963586709148839482e-01 0.000000000000000000e+00 2.275830678197542133e-04 0.000000000000000000e+00
7.000000000000000000e+02 2.800086359109155154e-02 4.551661356395083832e-03 9.954483386436049352e-01 0.000000000000000000e+00 0.000000000000000000e+00 0.000000000000000000e+00
7.250000000000000000e+02 2.900089443363063069e-02 4.210286754665453109e-03 9.957897132453344957e-01 0.000000000000000000e+00 0.000000000000000000e+00 0.000000000000000000e+00
7.500000000000000000e+02 3.000092527616948779e-02 2.048247610377787811e-03 9.978379608557123026e-01 0.000000000000000000e+00 1.137915339098771066e-04 0.000000000000000000e+00
7.750000000000000000e+02 3.100095611870856693e-02 4.210286754665453109e-03 9.957897132453344957e-01 0.000000000000000000e+00 0.000000000000000000e+00 0.000000000000000000e+00
8.000000000000000000e+02 3.200098696124742403e-02 3.641329085116067413e-03 9.960172963131542767e-01 0.000000000000000000e+00 3.413746017296313199e-04 0.000000000000000000e+00
8.250000000000000000e+02 3.300101780378650318e-02 4.437869822485207214e-03 9.949931725079653733e-01 0.000000000000000000e+00 5.689576695493854790e-04 0.000000000000000000e+00
8.500000000000000000e+02 3.400104864632536028e-02 4.893035958124715423e-03 9.947655894401457033e-01 0.000000000000000000e+00 3.413746017296313199e-04 0.000000000000000000e+00
8.750000000000000000e+02 3.500107948886443943e-02 8.192990441511151245e-03 9.918070095584888834e-01 0.000000000000000000e+00 0.000000000000000000e+00 0.000000000000000000e+00
9.000000000000000000e+02 3.600111033140351857e-02 5.006827492034592909e-03 9.948793809740554828e-01 0.000000000000000000e+00 1.137915339098771066e-04 0.000000000000000000e+00
9.250000000000000000e+02 3.700114117394237567e-02 1.035502958579881741e-02 9.894173873463814051e-01 0.000000000000000000e+00 2.275830678197542133e-04 0.000000000000000000e+00
9.500000000000000000e+02 3.800117201648145482e-02 7.851615839781519654e-03 9.916932180245789930e-01 0.000000000000000000e+00 4.551661356395084266e-04 0.000000000000000000e+00
9.750000000000000000e+02 3.900120285902031192e-02 9.558488848429677609e-03 9.902139280837505275e-01 0.000000000000000000e+00 2.275830678197542133e-04 0.000000000000000000e+00
1.000000000000000000e+03 4.000123370155939106e-02 1.103777878925807886e-02 9.886208466090122826e-01 0.000000000000000000e+00 3.413746017296313199e-04 0.000000000000000000e+00
1.025000000000000000e+03 4.100126454409824817e-02 6.486117432862995025e-03 9.934000910332271284e-01 0.000000000000000000e+00 1.137915339098771066e-04 0.000000000000000000e+00
1.050000000000000000e+03 4.200129538663732731e-02 7.282658170232134826e-03 9.921483841602184439e-01 0.000000000000000000e+00 5.689576695493854790e-04 0.000000000000000000e+00
1.075000000000000000e+03 4.300132622917640646e-02 1.217569412835685025e-02 9.875967228038233792e-01 0.000000000000000000e+00 2.275830678197542133e-04 0.000000000000000000e+00
1.100000000000000000e+03 4.400135707171526356e-02 1.092398725534820224e-02 9.886208466090122826e-01 0.000000000000000000e+00 4.551661356395084266e-04 0.000000000000000000e+00
1.125000000000000000e+03 4.500138791425434270e-02 1.263086026399635846e-02 9.870277651342740377e-01 0.000000000000000000e+00 3.413746017296313199e-04 0.000000000000000000e+00
1.150000000000000000e+03 4.600141875679319980e-02 1.274465179790623508e-02 9.864588074647245852e-01 0.000000000000000000e+00 7.965407373691396923e-04 0.000000000000000000e+00
1.175000000000000000e+03 4.700144959933227895e-02 1.228948566226672687e-02 9.874829312699134887e-01 0.000000000000000000e+00 2.275830678197542133e-04 0.000000000000000000e+00
1.200000000000000000e+03 4.800148044187113605e-02 1.752389622212107562e-02 9.817933545744196300e-01 0.000000000000000000e+00 6.827492034592626399e-04 0.000000000000000000e+00
1.225000000000000000e+03 4.900151128441021520e-02 1.001365498406918582e-02 9.896449704142011861e-01 0.000000000000000000e+00 3.413746017296313199e-04 0.000000000000000000e+00
1.250000000000000000e+03 5.000154212694907230e-02 8.648156577150659455e-03 9.911242603550295405e-01 0.000000000000000000e+00 2.275830678197542133e-04 0.000000000000000000e+00
1.275000000000000000e+03 5.100157296948815144e-02 1.581702321347291593e-02 9.836140191169776559e-01 0.000000000000000000e+00 5.689576695493854790e-04 0.000000000000000000e+00
1.300000000000000000e+03 5.200160381202723059e-02 1.832043695949021542e-02 9.802002730996813851e-01 0.000000000000000000e+00 1.479289940828402332e-03 0.000000000000000000e+00
1.325000000000000000e+03 5.300163465456608769e-02 1.752389622212107562e-02 9.815657715065999600e-01 0.000000000000000000e+00 9.103322712790168532e-04 0.000000000000000000e+00
1.350000000000000000e+03 5.400166549710516684e-02 1.615839781520254925e-02 9.825898953117887524e-01 0.000000000000000000e+00 1.251706873008648227e-03 0.000000000000000000e+00
1.375000000000000000e+03 5.500169633964402394e-02 1.877560309512972189e-02 9.807692307692307265e-01 0.000000000000000000e+00 4.551661356395084266e-04 0.000000000000000000e+00
1.400000000000000000e+03 5.600172718218310308e-02 2.662721893491124328e-02 9.722348657259899385e-01 0.000000000000000000e+00 1.137915339098770958e-03 0.000000000000000000e+00
1.425000000000000000e+03 5.700175802472196018e-02 2.457897132453345374e-02 9.741693218024578549e-01 0.000000000000000000e+00 1.251706873008648227e-03 0.000000000000000000e+00
1.450000000000000000e+03 5.800178886726103933e-02 1.820664542558033533e-02 9.807692307692307265e-01 0.000000000000000000e+00 1.024123805188893906e-03 0.000000000000000000e+00
1.475000000000000000e+03 5.900181970980011847e-02 1.672735548475193582e-02 9.827036868456986429e-01 0.000000000000000000e+00 5.689576695493854790e-04 0.000000000000000000e+00
1.500000000000000000e+03 6.000185055233897558e-02 2.526172052799271692e-02 9.740555302685480754e-01 0.000000000000000000e+00 6.827492034592626399e-04 0.000000000000000000e+00
1.525000000000000000e+03 6.100188139487805472e-02 2.753755120619025970e-02 9.706417842512516936e-01 0.000000000000000000e+00 1.820664542558033706e-03 0.000000000000000000e+00
1.550000000000000000e+03 6.200191223741691182e-02 3.243058716431497512e-02 9.659763313609467383e-01 0.000000000000000000e+00 1.593081474738279385e-03 0.000000000000000000e+00
1.575000000000000000e+03 6.300194307995599097e-02 2.822030040964952288e-02 9.699590350477924616e-01 0.000000000000000000e+00 1.820664542558033706e-03 0.000000000000000000e+00
1.600000000000000000e+03 6.400197392249484807e-02 3.186162949476559203e-02 9.664314974965863003e-01 0.000000000000000000e+00 1.706873008648156654e-03 0.000000000000000000e+00
1.625000000000000000e+03 6.500200476503392721e-02 3.140646335912607862e-02 9.673418297678653133e-01 0.000000000000000000e+00 1.251706873008648227e-03 0.000000000000000000e+00
1.650000000000000000e+03 6.600203560757300636e-02 3.072371415566681890e-02 9.676832043695948737e-01 0.000000000000000000e+00 1.593081474738279385e-03 0.000000000000000000e+00
1.675000000000000000e+03 6.700206645011186346e-02 3.277196176604460498e-02 9.646108329540282744e-01 0.000000000000000000e+00 2.617205279927173507e-03 0.000000000000000000e+00
1.700000000000000000e+03 6.800209729265094261e-02 4.096495220755575623e-02 9.563040509786071564e-01 0.000000000000000000e+00 2.730996813837050560e-03 0.000000000000000000e+00
1.725000000000000000e+03 6.900212813518979971e-02 4.358215748748293233e-02 9.534592626308602270e-01 0.000000000000000000e+00 2.958579881656804664e-03 0.000000000000000000e+00
1.750000000000000000e+03 7.000215897772887885e-02 4.665452890304961492e-02 9.507282658170231882e-01 0.000000000000000000e+00 2.617205279927173507e-03 0.000000000000000000e+00
1.775000000000000000e+03 7.100218982026773595e-02 4.949931725079653733e-02 9.470869367319071364e-01 0.000000000000000000e+00 3.413746017296313308e-03 0.000000000000000000e+00
1.800000000000000000e+03 7.200222066280681510e-02 5.996813837050523482e-02 9.370732817478379939e-01 0.000000000000000000e+00 2.958579881656804664e-03 0.000000000000000000e+00
1.825000000000000000e+03 7.300225150534589424e-02 7.009558488848430247e-02 9.270596267637687404e-01 0.000000000000000000e+00 2.844788347746927612e-03 0.000000000000000000e+00
1.850000000000000000e+03 7.400228234788475135e-02 7.373691397360036814e-02 9.218252162039144437e-01 0.000000000000000000e+00 4.437869822485207214e-03 0.000000000000000000e+00
1.875000000000000000e+03 7.500231319042383049e-02 6.747837960855712636e-02 9.283113336367774249e-01 0.000000000000000000e+00 4.210286754665453109e-03 0.000000000000000000e+00
1.900000000000000000e+03 7.600234403296268759e-02 6.076467910787437116e-02 9.355939918070095285e-01 0.000000000000000000e+00 3.641329085116067413e-03 0.000000000000000000e+00
1.925000000000000000e+03 7.700237487550176674e-02 6.873008648156576916e-02 9.276285844333181929e-01 0.000000000000000000e+00 3.641329085116067413e-03 0.000000000000000000e+00
1.950000000000000000e+03 7.800240571804062384e-02 7.237141556668183484e-02 9.229631315430132377e-01 0.000000000000000000e+00 4.665452890304961318e-03 0.000000000000000000e+00
1.975000000000000000e+03 7.900243656057970298e-02 7.635411925352754425e-02 9.168183887118798170e-01 0.000000000000000000e+00 6.827492034592626616e-03 0.000000000000000000e+00
2.000000000000000000e+03 8.000246740311878213e-02 9.228493400091032639e-02 9.004324078288575839e-01 0.000000000000000000e+00 7.282658170232134826e-03 0.000000000000000000e+00
2.025000000000000000e+03 8.100249824565763923e-02 1.128812016385980915e-01 8.742603550295857673e-01 0.000000000000000000e+00 1.285844333181611343e-02 0.000000000000000000e+00
2.050000000000000000e+03 8.200252908819671838e-02 1.218707328174783860e-01 8.639053254437869533e-01 0.000000000000000000e+00 1.422394173873463806e-02 0.000000000000000000e+00
2.075000000000000000e+03 8.300255993073557548e-02 1.219845243513882627e-01 8.625398270368684894e-01 0.000000000000000000e+00 1.547564861174328607e-02 0.000000000000000000e+00
2.100000000000000000e+03 8.400259077327465462e-02 1.296085571233500100e-01 8.526399635867091265e-01 1.137915339098771066e-04 1.763768775603095224e-02 0.000000000000000000e+00
2.125000000000000000e+03 8.500262161581351172e-02 1.316568047337278169e-01 8.512744651797906625e-01 2.275830678197542133e-04 1.684114701866181243e-02 0.000000000000000000e+00
2.150000000000000000e+03 8.600265245835259087e-02 1.301775147928994070e-01 8.525261720527992360e-01 1.137915339098771066e-04 1.718252162039144229e-02 0.000000000000000000e+00
2.175000000000000000e+03 8.700268330089167002e-02 1.437187073281747940e-01 8.297678652708238012e-01 9.103322712790168532e-04 2.560309512972235024e-02 0.000000000000000000e+00
2.200000000000000000e+03 8.800271414343052712e-02 1.659080564406008318e-01 8.097405553026855163e-01 6.827492034592626399e-04 2.366863905325443732e-02 0.000000000000000000e+00
2.225000000000000000e+03 8.900274498596960626e-02 1.755803368229403860e-01 7.942649066909421851e-01 5.689576695493854790e-04 2.958579881656804578e-02 0.000000000000000000e+00
2.250000000000000000e+03 9.000277582850846336e-02 1.962903959945380139e-01 7.675238962221210270e-01 5.689576695493854790e-04 3.561675011379153433e-02 0.000000000000000000e+00
2.275000000000000000e+03 9.100280667104754251e-02 2.207555757851615841e-01 7.297451069640418231e-01 3.413746017296313199e-04 4.915794264906690747e-02 0.000000000000000000e+00
2.300000000000000000e+03 9.200283751358639961e-02 2.233727810650887602e-01 7.192762858443332297e-01 5.689576695493854790e-04 5.678197542102867562e-02 0.000000000000000000e+00
2.325000000000000000e+03 9.300286835612547875e-02 2.474965862539827144e-01 6.862767410104688715e-01 4.551661356395084266e-04 6.577150659990896320e-02 0.000000000000000000e+00
2.350000000000000000e+03 9.400289919866455790e-02 2.506827492034592875e-01 6.766044606281292895e-01 1.251706873008648227e-03 7.146108329540282189e-02 0.000000000000000000e+00
2.375000000000000000e+03 9.500293004120341500e-02 2.552344105598543522e-01 6.590805644060081514e-01 3.072371415566681717e-03 8.261265361857077216e-02 0.000000000000000000e+00
2.400000000000000000e+03 9.600296088374249415e-02 2.728720983158853253e-01 6.292671825216203940e-01 4.437869822485207214e-03 9.342284934000910646e-02 0.000000000000000000e+00
2.425000000000000000e+03 9.700299172628135125e-02 2.960855712335002110e-01 6.015020482476103325e-01 4.779244424214838804e-03 9.763313609467455523e-02 0.000000000000000000e+00
2.450000000000000000e+03 9.800302256882043039e-02 3.112198452435138707e-01 5.690714610832954268e-01 8.306781975421027864e-03 1.114019116977696816e-01 0.000000000000000000e+00
2.475000000000000000e+03 9.900305341135928749e-02 3.222576240327719721e-01 5.439235320892125136e-01 1.046882111970869403e-02 1.233500227583067821e-01 0.000000000000000000e+00
2.500000000000000000e+03 1.000030842538983666e-01 3.330678197542102925e-01 5.160446062812926726e-01 1.194811106053709528e-02 1.389394629039599482e-01 0.000000000000000000e+00
2.525000000000000000e+03 1.010031150964374458e-01 3.469503868912152678e-01 4.832726445152480399e-01 1.149294492489758707e-02 1.582840236686390567e-01 0.000000000000000000e+00
2.550000000000000000e+03 1.020031459389763029e-01 3.540054619936277014e-01 4.482248520710059303e-01 1.627218934911242587e-02 1.814974965862539702e-01 0.000000000000000000e+00
2.575000000000000000e+03 1.030031767815153820e-01 3.640191169776968438e-01 4.186390532544378429e-01 1.684114701866181243e-02 2.005006827492034627e-01 0.000000000000000000e+00
2.600000000000000000e+03 1.040032076240542391e-01 3.624260355029585989e-01 4.004324078288575284e-01 1.968593536640873831e-02 2.174556213017751483e-01 0.000000000000000000e+00
2.625000000000000000e+03 1.050032384665933183e-01 3.670914883932635542e-01 3.719845243513882349e-01 2.389622212107419055e-02 2.370277651342740100e-01 0.000000000000000000e+00
2.650000000000000000e+03 1.060032693091321754e-01 3.884842967683204140e-01 3.433090578060992160e-01 2.423759672280382388e-02 2.439690487027765253e-01 0.000000000000000000e+00
2.675000000000000000e+03 1.070033001516712545e-01 3.970186618115612021e-01 3.221438324988620816e-01 2.651342740100136666e-02 2.543240782885753393e-01 0.000000000000000000e+00
2.700000000000000000e+03 1.080033309942103337e-01 3.996358670914884059e-01 3.073509330905780379e-01 3.174783796085571541e-02 2.612653618570778269e-01 0.000000000000000000e+00
2.725000000000000000e+03 1.090033618367491908e-01 4.119253527537551363e-01 2.888029130632681074e-01 3.652708238507055422e-02 2.627446517979062368e-01 0.000000000000000000e+00
2.750000000000000000e+03 1.100033926792882699e-01 4.180700955848885014e-01 2.751479289940828576e-01 4.153390987710514626e-02 2.652480655439235502e-01 0.000000000000000000e+00
2.775000000000000000e+03 1.110034235218271270e-01 4.073736913973600160e-01 2.759444697314519801e-01 4.665452890304961492e-02 2.700273099681383959e-01 0.000000000000000000e+00
2.800000000000000000e+03 1.120034543643662062e-01 4.126081019572143682e-01 2.781065088757396220e-01 5.507510241238051940e-02 2.542102867546654488e-01 0.000000000000000000e+00
2.825000000000000000e+03 1.130034852069050633e-01 4.187528447883477334e-01 2.626308602639963463e-01 6.110605370960400795e-02 2.575102412380518846e-01 0.000000000000000000e+00
2.850000000000000000e+03 1.140035160494441424e-01 4.313837050523440797e-01 2.555757851615839682e-01 5.826126536185707860e-02 2.547792444242148457e-01 0.000000000000000000e+00
2.875000000000000000e+03 1.150035468919832216e-01 4.334319526627218866e-01 2.457897132453345512e-01 6.110605370960400795e-02 2.596722803823395265e-01 0.000000000000000000e+00
2.900000000000000000e+03 1.160035777345220787e-01 4.287664997724169313e-01 2.438552571688666348e-01 6.725079654073737312e-02 2.601274465179790885e-01 0.000000000000000000e+00
2.925000000000000000e+03 1.170036085770611578e-01 4.368456986800182129e-01 2.357760582612653533e-01 7.214383249886208160e-02 2.552344105598543522e-01 0.000000000000000000e+00
2.950000000000000000e+03 1.180036394196000149e-01 4.478834774692762588e-01 2.232589895311788697e-01 7.589895311788802390e-02 2.529585798816568198e-01 0.000000000000000000e+00
2.975000000000000000e+03 1.190036702621390940e-01 4.456076467910787264e-01 2.114246700045516736e-01 7.999544833864360993e-02 2.629722348657259623e-01 0.000000000000000000e+00
3.000000000000000000e+03 1.200037011046779512e-01 4.494765589440145592e-01 2.066454255803368278e-01 7.874374146563495325e-02 2.651342740100136597e-01 0.000000000000000000e+00
3.025000000000000000e+03 1.210037319472170303e-01 4.406008192990441552e-01 2.156349567592171224e-01 7.771961766044606368e-02 2.660446062812926726e-01 0.000000000000000000e+00
3.050000000000000000e+03 1.220037627897561094e-01 4.428766499772416876e-01 2.096040054619936199e-01 8.215748748293126569e-02 2.653618570778333852e-01 0.000000000000000000e+00
3.075000000000000000e+03 1.230037936322949665e-01 4.520937642239417631e-01 1.967455621301775204e-01 8.636777423759672834e-02 2.647928994082840437e-01 0.000000000000000000e+00
3.100000000000000000e+03 1.240038244748340457e-01 4.649522075557578349e-01 1.927628584433318248e-01 8.522985889849794827e-02 2.570550751024123781e-01 0.000000000000000000e+00
3.125000000000000000e+03 1.250038553173729028e-01 4.593764223941738667e-01 1.991351843422849432e-01 9.160218479745106668e-02 2.498862084660901095e-01 0.000000000000000000e+00
3.150000000000000000e+03 1.260038861599119819e-01 4.629039599453800835e-01 1.913973600364132777e-01 9.899863450159307465e-02 2.467000455166135642e-01 0.000000000000000000e+00
3.175000000000000000e+03 1.270039170024508390e-01 4.701866181156121871e-01 1.911697769685935244e-01 9.956759217114247162e-02 2.390760127446517891e-01 0.000000000000000000e+00
3.200000000000000000e+03 1.280039478449899182e-01 4.688211197086936677e-01 1.880974055530268418e-01 1.027537551206190308e-01 2.403277196176604458e-01 0.000000000000000000e+00
3.225000000000000000e+03 1.290039786875289973e-01 4.789485662266727561e-01 1.874146563495675821e-01 1.013882567137004975e-01 2.322485207100591642e-01 0.000000000000000000e+00
3.250000000000000000e+03 1.300040095300678544e-01 4.758761948111060458e-01 1.825216203914428736e-01 1.049157942649066866e-01 2.366863905325443662e-01 0.000000000000000000e+00
3.275000000000000000e+03 1.310040403726069336e-01 4.811106053709603980e-01 1.734182976786527164e-01 1.087847064178425194e-01 2.366863905325443662e-01 0.000000000000000000e+00
3.300000000000000000e+03 1.320040712151457907e-01 4.767865270823850588e-01 1.762630860263996457e-01 1.124260355029585851e-01 2.345243513882567243e-01 0.000000000000000000e+00
3.325000000000000000e+03 1.330041020576848698e-01 4.965862539827036737e-01 1.639736003641329154e-01 1.087847064178425194e-01 2.306554392353208915e-01 0.000000000000000000e+00
3.350000000000000000e+03 1.340041329002237269e-01 4.820209376422394110e-01 1.560081929904415243e-01 1.088984979517523960e-01 2.530723714155666548e-01 0.000000000000000000e+00
3.375000000000000000e+03 1.350041637427628061e-01 4.907828857532999800e-01 1.514565316340464318e-01 1.084433318161128756e-01 2.493172507965407403e-01 0.000000000000000000e+00
3.400000000000000000e+03 1.360041945853016632e-01 5.018206645425580259e-01 1.370050068274920319e-01 1.081019572143832458e-01 2.530723714155666548e-01 0.000000000000000000e+00
3.425000000000000000e+03 1.370042254278407423e-01 4.740555302685480199e-01 1.446290395994538069e-01 1.104915794264906687e-01 2.708238507055075184e-01 0.000000000000000000e+00
3.450000000000000000e+03 1.380042562703798215e-01 4.894173873463814051e-01 1.390532544378698110e-01 1.070778334091943562e-01 2.644515248065543722e-01 0.000000000000000000e+00
3.475000000000000000e+03 1.390042871129186786e-01 5.017068730086481354e-01 1.310878470641784199e-01 1.099226217569412856e-01 2.572826581702321591e-01 0.000000000000000000e+00
3.500000000000000000e+03 1.400043179554577577e-01 5.022758306781975879e-01 1.288120163859808875e-01 1.093536640873919025e-01 2.595584888484296915e-01 0.000000000000000000e+00
3.525000000000000000e+03 1.410043487979966148e-01 5.075102412380518846e-01 1.174328629949931702e-01 1.143604915794264876e-01 2.606964041875284299e-01 0.000000000000000000e+00
3.550000000000000000e+03 1.420043796405356940e-01 5.103550295857988139e-01 1.068502503413746030e-01 1.129949931725079681e-01 2.697997269003186149e-01 0.000000000000000000e+00
3.575000000000000000e+03 1.430044104830745511e-01 4.986345015930814806e-01 1.093536640873919025e-01 1.185707783340919502e-01 2.734410559854346667e-01 0.000000000000000000e+00
3.600000000000000000e+03 1.440044413256136302e-01 5.111515703231679364e-01 1.028675466545289074e-01 1.156121984524351443e-01 2.703686845698680119e-01 0.000000000000000000e+00
3.625000000000000000e+03 1.450044721681527093e-01 5.036413290851160518e-01 9.535730541647700897e-02 1.207328174783796060e-01 2.802685480200273194e-01 0.000000000000000000e+00
3.650000000000000000e+03 1.460045030106915664e-01 5.111515703231679364e-01 9.114701866181156020e-02 1.198224852071005930e-01 2.778789258079198965e-01 0.000000000000000000e+00
3.675000000000000000e+03 1.470045338532306456e-01 5.276513427401001710e-01 8.693673190714611143e-02 1.218707328174783860e-01 2.635411925352753593e-01 0.000000000000000000e+00
3.700000000000000000e+03 1.480045646957695027e-01 5.190031861629494925e-01 8.397815202548930547e-02 1.243741465634956717e-01 2.726445152480655443e-01 0.000000000000000000e+00
3.725000000000000000e+03 1.490045955383085818e-01 5.142239417387346467e-01 8.101957214383249950e-02 1.395084205735093175e-01 2.652480655439235502e-01 0.000000000000000000e+00
3.750000000000000000e+03 1.500046263808474389e-01 5.285616750113791840e-01 7.453345471096950448e-02 1.372325898953117851e-01 2.596722803823395265e-01 0.000000000000000000e+00
3.775000000000000000e+03 1.510046572233865181e-01 5.078516158397815561e-01 7.373691397360036814e-02 1.449704142011834229e-01 2.734410559854346667e-01 0.000000000000000000e+00
3.800000000000000000e+03 1.520046880659255972e-01 5.242375967228037892e-01 7.248520710059171146e-02 1.480427856167501055e-01 2.552344105598543522e-01 0.000000000000000000e+00
3.825000000000000000e+03 1.530047189084644543e-01 5.209376422394174089e-01 7.157487482931269851e-02 1.532771961766044577e-01 2.542102867546654488e-01 0.000000000000000000e+00
3.850000000000000000e+03 1.540047497510035335e-01 5.221893491124259823e-01 6.918525261720527564e-02 1.532771961766044577e-01 2.553482020937642427e-01 0.000000000000000000e+00
3.875000000000000000e+03 1.550047805935423906e-01 5.292444242148384159e-01 6.690942193900774326e-02 1.634046426945835184e-01 2.404415111515703363e-01 0.000000000000000000e+00
3.900000000000000000e+03 1.560048114360814697e-01 5.295857988165680874e-01 6.656804733727811341e-02 1.736458807464724696e-01 2.302002730996813851e-01 0.000000000000000000e+00
3.925000000000000000e+03 1.570048422786203268e-01 5.345926263086026031e-01 6.338188438780155420e-02 1.813837050523441075e-01 2.206417842512516936e-01 0.000000000000000000e+00
3.950000000000000000e+03 1.580048731211594060e-01 5.359581247155211781e-01 6.781975421028675621e-02 1.846836595357305433e-01 2.115384615384615363e-01 0.000000000000000000e+00
3.975000000000000000e+03 1.590049039636984851e-01 5.422166590805643782e-01 6.998179335457442585e-02 1.911697769685935244e-01 1.966317705962676299e-01 0.000000000000000000e+00
4.000000000000000000e+03 1.600049348062373422e-01 5.318616294947655643e-01 6.827492034592626269e-02 1.866181156121984597e-01 2.132453345471096995e-01 0.000000000000000000e+00
4.025000000000000000e+03 1.610049656487764214e-01 5.335685025034136997e-01 7.111970869367319203e-02 1.907146108329540179e-01 2.045971779699590487e-01 0.000000000000000000e+00
4.050000000000000000e+03 1.620049964913152785e-01 5.393718707328174489e-01 6.850250341374601593e-02 1.973145197997268896e-01 1.948111060537096040e-01 0.000000000000000000e+00
4.075000000000000000e+03 1.630050273338543576e-01 5.441511151570322946e-01 7.157487482931269851e-02 1.975421028675466428e-01 1.867319071461083224e-01 0.000000000000000000e+00
4.100000000000000000e+03 1.640050581763932147e-01 5.512061902594447282e-01 7.225762403277195822e-02 1.961766044606281234e-01 1.803595812471552040e-01 0.000000000000000000e+00
4.125000000000000000e+03 1.650050890189322939e-01 5.483614019116977989e-01 7.225762403277195822e-02 2.007282658170232159e-01 1.786527082385070686e-01 0.000000000000000000e+00
4.150000000000000000e+03 1.660051198614713730e-01 5.545061447428311086e-01 7.055075102412380894e-02 2.042558033682294050e-01 1.706873008648156498e-01 0.000000000000000000e+00
4.175000000000000000e+03 1.670051507040102301e-01 5.570095584888484774e-01 6.873008648156576916e-02 2.123350022758306865e-01 1.619253527537551085e-01 0.000000000000000000e+00
4.200000000000000000e+03 1.680051815465493092e-01 5.634956759217114586e-01 6.929904415111515226e-02 2.100591715976331264e-01 1.571461083295402905e-01 0.000000000000000000e+00
4.225000000000000000e+03 1.690052123890881663e-01 5.646335912608101415e-01 6.986800182066454923e-02 2.183659535730541612e-01 1.471324533454710926e-01 0.000000000000000000e+00
4.250000000000000000e+03 1.700052432316272455e-01 5.595129722348657353e-01 6.941283568502502888e-02 2.212107419208010906e-01 1.498634501593081592e-01 0.000000000000000000e+00
4.275000000000000000e+03 1.710052740741661026e-01 5.586026399635867223e-01 6.770596267637687959e-02 2.225762403277196100e-01 1.511151570323167881e-01 0.000000000000000000e+00
4.300000000000000000e+03 1.720053049167051817e-01 5.606508875739645292e-01 6.998179335457442585e-02 2.238279472007282667e-01 1.455393718707328199e-01 0.000000000000000000e+00
4.325000000000000000e+03 1.730053357592442609e-01 5.695266272189348777e-01 7.294037323623121793e-02 2.286071916249431124e-01 1.289258079198907503e-01 0.000000000000000000e+00
4.350000000000000000e+03 1.740053666017831180e-01 5.682749203459263043e-01 7.316795630405098505e-02 2.295175238962221254e-01 1.290395994538006408e-01 0.000000000000000000e+00
4.375000000000000000e+03 1.750053974443221971e-01 5.703231679563040002e-01 7.328174783796086167e-02 2.296313154301319881e-01 1.267637687756031084e-01 0.000000000000000000e+00
4.400000000000000000e+03 1.760054282868610542e-01 5.670232134729176199e-01 7.089212562585343880e-02 2.390760127446517891e-01 1.230086481565771522e-01 0.000000000000000000e+00
4.425000000000000000e+03 1.770054591294001334e-01 5.780609922621756658e-01 6.941283568502502888e-02 2.328174783796085612e-01 1.197086936731907164e-01 0.000000000000000000e+00
4.450000000000000000e+03 1.780054899719389905e-01 5.809057806099225951e-01 6.690942193900774326e-02 2.344105598543468338e-01 1.177742375967228000e-01 0.000000000000000000e+00
4.475000000000000000e+03 1.790055208144780696e-01 5.804506144742831442e-01 6.850250341374601593e-02 2.383932635411925294e-01 1.126536185707783383e-01 0.000000000000000000e+00
4.500000000000000000e+03 1.800055516570171488e-01 5.763541192535275304e-01 6.747837960855712636e-02 2.404415111515703363e-01 1.157259899863450209e-01 0.000000000000000000e+00
4.525000000000000000e+03 1.810055824995560059e-01 5.850022758306782089e-01 6.577150659990896320e-02 2.374829312699135164e-01 1.117432862994993115e-01 0.000000000000000000e+00
4.550000000000000000e+03 1.820056133420950850e-01 5.827264451524806210e-01 6.543013199817933334e-02 2.439690487027765253e-01 1.077605826126536159e-01 1.137915339098771066e-04
4.575000000000000000e+03 1.830056441846339421e-01 5.802230314064633632e-01 6.622667273554846967e-02 2.439690487027765253e-01 1.095812471552116557e-01 0.000000000000000000e+00
4.600000000000000000e+03 1.840056750271730213e-01 5.867091488393263443e-01 6.406463359126081392e-02 2.428311333636777314e-01 1.063950842057350965e-01 0.000000000000000000e+00
4.625000000000000000e+03 1.850057058697118784e-01 5.937642239417387779e-01 6.429221665908056715e-02 2.487482931269913433e-01 9.296768320436959998e-02 2.275830678197542133e-04
4.650000000000000000e+03 1.860057367122509575e-01 5.780609922621756658e-01 6.838871187983613931e-02 2.569412835685024876e-01 9.660901228948566566e-02 0.000000000000000000e+00
4.675000000000000000e+03 1.870057675547900367e-01 5.867091488393263443e-01 6.440600819299044377e-02 2.534137460172963263e-01 9.547109695038688559e-02 0.000000000000000000e+00
4.700000000000000000e+03 1.880057983973288938e-01 5.900091033227128356e-01 6.986800182066454923e-02 2.455621301775147980e-01 9.433318161128811941e-02 2.275830678197542133e-04
4.725000000000000000e+03 1.890058292398679729e-01 5.823850705507510606e-01 7.055075102412380894e-02 2.521620391442876419e-01 9.490213928083750250e-02 0.000000000000000000e+00
4.750000000000000000e+03 1.900058600824068300e-01 5.897815202548930547e-01 7.032316795630405570e-02 2.558033682294037492e-01 8.409194355939918208e-02 0.000000000000000000e+00
4.775000000000000000e+03 1.910058909249459091e-01 5.941055985434683384e-01 6.964041875284478211e-02 2.537551206190259423e-01 8.249886208466089554e-02 0.000000000000000000e+00
4.800000000000000000e+03 1.920059217674847662e-01 6.032089212562585789e-01 7.203004096495220498e-02 2.513654984069185194e-01 7.339553937187073829e-02 0.000000000000000000e+00
4.825000000000000000e+03 1.930059526100238454e-01 6.055985434683659463e-01 6.736458807464724974e-02 2.520482476103778069e-01 7.476103777878925771e-02 2.275830678197542133e-04
4.850000000000000000e+03 1.940059834525629245e-01 5.902366863905325056e-01 7.521620391442876419e-02 2.600136549840691980e-01 7.453345471096950448e-02 0.000000000000000000e+00
4.875000000000000000e+03 1.950060142951017816e-01 5.946745562130177909e-01 7.749203459262631044e-02 2.651342740100136597e-01 6.269913518434228061e-02 0.000000000000000000e+00
4.900000000000000000e+03 1.960060451376408608e-01 5.968365953573053773e-01 7.635411925352754425e-02 2.633136094674556338e-01 6.349567592171143082e-02 0.000000000000000000e+00
4.925000000000000000e+03 1.970060759801797179e-01 6.077605826126536437e-01 7.373691397360036814e-02 2.542102867546654488e-01 6.429221665908056715e-02 0.000000000000000000e+00
4.950000000000000000e+03 1.980061068227187970e-01 5.959262630860263643e-01 7.589895311788802390e-02 2.595584888484296915e-01 6.861629494765589254e-02 0.000000000000000000e+00
4.975000000000000000e+03 1.990061376652576541e-01 5.976331360946746107e-01 7.715065999089668058e-02 2.603550295857988139e-01 6.486117432862995025e-02 0.000000000000000000e+00
5.000000000000000000e+03 2.000061685077967333e-01 6.037778789258079204e-01 7.817478379608557015e-02 2.570550751024123781e-01 6.099226217569413133e-02 0.000000000000000000e+00
5.025000000000000000e+03 2.010061993503358124e-01 6.034365043240782489e-01 7.419208010923987462e-02 2.571688666363222686e-01 6.520254893035958010e-02 0.000000000000000000e+00
5.050000000000000000e+03 2.020062301928746695e-01 6.060537096040055083e-01 7.441966317705962786e-02 2.571688666363222686e-01 6.235776058261265076e-02 0.000000000000000000e+00
5.075000000000000000e+03 2.030062610354137487e-01 6.145880746472462963e-01 7.214383249886208160e-02 2.560309512972234747e-01 5.712335002275830548e-02 1.137915339098771066e-04
5.100000000000000000e+03 2.040062918779526058e-01 6.132225762403277214e-01 7.419208010923987462e-02 2.544378698224852298e-01 5.803368229403732537e-02 1.137915339098771066e-04
5.125000000000000000e+03 2.050063227204916849e-01 6.081019572143832042e-01 7.783340919435594030e-02 2.554619936276740777e-01 5.860263996358670846e-02 0.000000000000000000e+00
5.150000000000000000e+03 2.060063535630305420e-01 6.071916249431041912e-01 7.692307692307692735e-02 2.579654073736913911e-01 5.791989076012744875e-02 0.000000000000000000e+00
5.175000000000000000e+03 2.070063844055696212e-01 6.168639053254437732e-01 7.555757851615839404e-02 2.518206645425580259e-01 5.575785161583977911e-02 0.000000000000000000e+00
5.200000000000000000e+03 2.080064152481087003e-01 6.194811106053709215e-01 7.680928538916705073e-02 2.513654984069185194e-01 5.234410559854346667e-02 0.000000000000000000e+00
5.225000000000000000e+03 2.090064460906475574e-01 6.203914428766499345e-01 7.521620391442876419e-02 2.469276285844333174e-01 5.746472462448793533e-02 0.000000000000000000e+00
5.250000000000000000e+03 2.100064769331866366e-01 6.168639053254437732e-01 7.726445152480655720e-02 2.496586253982703563e-01 5.621301775147929253e-02 0.000000000000000000e+00
5.275000000000000000e+03 2.110065077757254937e-01 6.157259899863449792e-01 7.749203459262631044e-02 2.532999544833864358e-01 5.336822940373236318e-02 1.137915339098771066e-04
5.300000000000000000e+03 2.120065386182645728e-01 6.235776058261265353e-01 7.703686845698680397e-02 2.544378698224852298e-01 4.494765589440145870e-02 0.000000000000000000e+00
5.325000000000000000e+03 2.130065694608034299e-01 6.215293582157487284e-01 7.715065999089668058e-02 2.535275375512062168e-01 4.779244424214838111e-02 0.000000000000000000e+00
5.350000000000000000e+03 2.140066003033425091e-01 6.312016385980883104e-01 7.476103777878925771e-02 2.510241238051889034e-01 4.301319981793354230e-02 0.000000000000000000e+00
5.375000000000000000e+03 2.150066311458815882e-01 6.283568502503413811e-01 7.726445152480655720e-02 2.481793354574419741e-01 4.619936276741010150e-02 0.000000000000000000e+00
5.400000000000000000e+03 2.160066619884204453e-01 6.342740100136550208e-01 7.168866636322257513e-02 2.444242148384160318e-01 4.961310878470642088e-02 0.000000000000000000e+00
5.425000000000000000e+03 2.170066928309595244e-01 6.359808830223031562e-01 7.032316795630405570e-02 2.493172507965407403e-01 4.437869822485206867e-02 0.000000000000000000e+00
5.450000000000000000e+03 2.180067236734983815e-01 6.408739189804278924e-01 7.009558488848430247e-02 2.454483386436049075e-01 4.358215748748293233e-02 0.000000000000000000e+00
5.475000000000000000e+03 2.190067545160374607e-01 6.431497496586253693e-01 7.385070550751024476e-02 2.412380518889394587e-01 4.176149294492489950e-02 0.000000000000000000e+00
5.500000000000000000e+03 2.200067853585763178e-01 6.414428766499772339e-01 7.294037323623121793e-02 2.432862994993172379e-01 4.233045061447428259e-02 0.000000000000000000e+00
5.525000000000000000e+03 2.210068162011153969e-01 6.395084205735093175e-01 7.146108329540282189e-02 2.415794264906691025e-01 4.745106964041875125e-02 0.000000000000000000e+00
5.550000000000000000e+03 2.220068470436544761e-01 6.478152025489303245e-01 6.998179335457442585e-02 2.381656804733727761e-01 4.403732362312243881e-02 0.000000000000000000e+00
5.575000000000000000e+03 2.230068778861933332e-01 6.505461993627673634e-01 6.816112881201638607e-02 2.338416021847974646e-01 4.745106964041875125e-02 0.000000000000000000e+00
5.600000000000000000e+03 2.240069087287324123e-01 6.643149749658625591e-01 6.690942193900774326e-02 2.265589440145653055e-01 4.221665908056440597e-02 0.000000000000000000e+00
5.625000000000000000e+03 2.250069395712712694e-01 6.596495220755576039e-01 6.736458807464724974e-02 2.319071461083295482e-01 4.107874374146563284e-02 0.000000000000000000e+00
5.650000000000000000e+03 2.260069704138103486e-01 6.506599908966772539e-01 6.986800182066454923e-02 2.349795175238962308e-01 4.449248975876194528e-02 0.000000000000000000e+00
5.675000000000000000e+03 2.270070012563492057e-01 6.613563950842057393e-01 6.611288120163859305e-02 2.312243969048702885e-01 4.130632680928538608e-02 0.000000000000000000e+00
