# itime ezz other fcc hcp bcc ico
0.000000000000000000e+00 0.000000000000000000e+00 1.820664542558033706e-03 9.981793354574419741e-01 0.000000000000000000e+00 0.000000000000000000e+00 0.000000000000000000e+00
2.500000000000000000e+01 1.000041311759014562e-03 3.413746017296313199e-04 9.996586253982703285e-01 0.000000000000000000e+00 0.000000000000000000e+00 0.000000000000000000e+00
5.000000000000000000e+01 2.000082623518029123e-03 1.820664542558033706e-03 9.981793354574419741e-01 0.000000000000000000e+00 0.000000000000000000e+00 0.000000000000000000e+00
7.500000000000000000e+01 3.000123935277265730e-03 1.365498406918525280e-03 9.986345015930814251e-01 0.000000000000000000e+00 0.000000000000000000e+00 0.000000000000000000e+00
1.000000000000000000e+02 4.000165247036280292e-03 1.137915339098771066e-04 9.998862084660901095e-01 0.000000000000000000e+00 0.000000000000000000e+00 0.000000000000000000e+00
1.250000000000000000e+02 5.000206558795294853e-03 1.024123805188893906e-03 9.989758761948110966e-01 0.000000000000000000e+00 0.000000000000000000e+00 0.000000000000000000e+00
1.500000000000000000e+02 6.000247870554309415e-03 1.820664542558033706e-03 9.981793354574419741e-01 0.000000000000000000e+00 0.000000000000000000e+00 0.000000000000000000e+00
1.750000000000000000e+02 7.000289182313546021e-03 1.365498406918525280e-03 9.986345015930814251e-01 0.000000000000000000e+00 0.000000000000000000e+00 0.000000000000000000e+00
2.000000000000000000e+02 8.000330494072560583e-03 4.551661356395084266e-04 9.995448338643604380e-01 0.000000000000000000e+00 0.000000000000000000e+00 0.000000000000000000e+00
2.250000000000000000e+02 9.000371805831575145e-03 6.827492034592626399e-04 9.993172507965407680e-01 0.000000000000000000e+00 0.000000000000000000e+00 0.000000000000000000e+00
2.500000000000000000e+02 1.000041311759058971e-02 1.479289940828402332e-03 9.985207100591716456e-01 0.000000000000000000e+00 0.000000000000000000e+00 0.000000000000000000e+00
2.750000000000000000e+02 1.100045442934982631e-02 2.275830678197542133e-04 9.997724169321802190e-01 0.000000000000000000e+00 0.000000000000000000e+00 0.000000000000000000e+00
3.000000000000000000e+02 1.200049574110884087e-02 1.593081474738279385e-03 9.984069185252617551e-01 0.000000000000000000e+00 0.000000000000000000e+00 0.000000000000000000e+00
3.250000000000000000e+02 1.300053705286785544e-02 1.365498406918525280e-03 9.986345015930814251e-01 0.000000000000000000e+00 0.000000000000000000e+00 0.000000000000000000e+00
3.500000000000000000e+02 1.400057836462687000e-02 1.706873008648156654e-03 9.982931269913518646e-01 0.000000000000000000e+00 0.000000000000000000e+00 0.000000000000000000e+00
3.750000000000000000e+02 1.500061967638588456e-02 1.024123805188893906e-03 9.989758761948110966e-01 0.000000000000000000e+00 0.000000000000000000e+00 0.000000000000000000e+00
4.000000000000000000e+02 1.600066098814512117e-02 2.162039144287664864e-03 9.978379608557123026e-01 0.000000000000000000e+00 0.000000000000000000e+00 0.000000000000000000e+00
4.250000000000000000e+02 1.700070229990413573e-02 1.365498406918525280e-03 9.986345015930814251e-01 0.000000000000000000e+00 0.000000000000000000e+00 0.000000000000000000e+00
4.500000000000000000e+02 1.800074361166315029e-02 1.934456076467910759e-03 9.980655439235320836e-01 0.000000000000000000e+00 0.000000000000000000e+00 0.000000000000000000e+00
4.750000000000000000e+02 1.900078492342216485e-02 6.827492034592626399e-04 9.993172507965407680e-01 0.000000000000000000e+00 0.000000000000000000e+00 0.000000000000000000e+00
5.000000000000000000e+02 2.000082623518140146e-02 1.820664542558033706e-03 9.981793354574419741e-01 0.000000000000000000e+00 0.000000000000000000e+00 0.000000000000000000e+00
5.250000000000000000e+02 2.100086754694041602e-02 2.048247610377787811e-03 9.979517523896221931e-01 0.000000000000000000e+00 0.000000000000000000e+00 0.000000000000000000e+00
5.500000000000000000e+02 2.200090885869943058e-02 1.137915339098770958e-03 9.987482931269913156e-01 0.000000000000000000e+00 1.137915339098771066e-04 0.000000000000000000e+00
5.750000000000000000e+02 2.300095017045844514e-02 2.503413746017296455e-03 9.974965862539827421e-01 0.000000000000000000e+00 0.000000000000000000e+00 0.000000000000000000e+00
6.000000000000000000e+02 2.400099148221768175e-02 3.186162949476558769e-03 9.967000455166135087e-01 0.000000000000000000e+00 1.137915339098771066e-04 0.000000000000000000e+00
6.250000000000000000e+02 2.500103279397669631e-02 2.958579881656804664e-03 9.970414201183431802e-01 0.000000000000000000e+00 0.000000000000000000e+00 0.000000000000000000e+00
6.500000000000000000e+02 2.600107410573571087e-02 2.389622212107419402e-03 9.976103777878926326e-01 0.000000000000000000e+00 0.000000000000000000e+00 0.000000000000000000e+00
6.750000000000000000e+02 2.700111541749472543e-02 1.137915339098770958e-03 9.987482931269913156e-01 0.000000000000000000e+00 1.137915339098771066e-04 0.000000000000000000e+00
7.000000000000000000e+02 2.800115672925374000e-02 2.503413746017296455e-03 9.974965862539827421e-01 0.000000000000000000e+00 0.000000000000000000e+00 0.000000000000000000e+00
7.250000000000000000e+02 2.900119804101297660e-02 3.299954483386436255e-03 9.967000455166135087e-01 0.000000000000000000e+00 0.000000000000000000e+00 0.000000000000000000e+00
7.500000000000000000e+02 3.000123935277199116e-02 4.893035958124715423e-03 9.949931725079653733e-01 0.000000000000000000e+00 1.137915339098771066e-04 0.000000000000000000e+00
7.750000000000000000e+02 3.100128066453100573e-02 2.162039144287664864e-03 9.977241693218024121e-01 0.000000000000000000e+00 1.137915339098771066e-04 0.000000000000000000e+00
8.000000000000000000e+02 3.200132197629002029e-02 3.413746017296313308e-03 9.964724624487938387e-01 0.000000000000000000e+00 1.137915339098771066e-04 0.000000000000000000e+00
8.250000000000000000e+02 3.300136328804925689e-02 2.617205279927173507e-03 9.972690031861629611e-01 0.000000000000000000e+00 1.137915339098771066e-04 0.000000000000000000e+00
8.500000000000000000e+02 3.400140459980827146e-02 5.006827492034592909e-03 9.948793809740554828e-01 0.000000000000000000e+00 1.137915339098771066e-04 0.000000000000000000e+00
8.750000000000000000e+02 3.500144591156728602e-02 4.210286754665453109e-03 9.955621301775148257e-01 0.000000000000000000e+00 2.275830678197542133e-04 0.000000000000000000e+00
9.000000000000000000e+02 3.600148722332630058e-02 5.803368229403732710e-03 9.941966317705962508e-01 0.000000000000000000e+00 0.000000000000000000e+00 0.000000000000000000e+00
9.250000000000000000e+02 3.700152853508553719e-02 4.210286754665453109e-03 9.956759217114247162e-01 0.000000000000000000e+00 1.137915339098771066e-04 0.000000000000000000e+00
9.500000000000000000e+02 3.800156984684455175e-02 6.486117432862995025e-03 9.934000910332271284e-01 0.000000000000000000e+00 1.137915339098771066e-04 0.000000000000000000e+00
9.750000000000000000e+02 3.900161115860356631e-02 7.851615839781519654e-03 9.918070095584888834e-01 0.000000000000000000e+00 3.413746017296313199e-04 0.000000000000000000e+00
1.000000000000000000e+03 4.000165247036258087e-02 6.713700500682749130e-03 9.932862994993172379e-01 0.000000000000000000e+00 0.000000000000000000e+00 0.000000000000000000e+00
1.025000000000000000e+03 4.100169378212159543e-02 6.713700500682749130e-03 9.930587164314974569e-01 0.000000000000000000e+00 2.275830678197542133e-04 0.000000000000000000e+00
1.050000000000000000e+03 4.200173509388083204e-02 7.168866636322257339e-03 9.923759672280382249e-01 0.000000000000000000e+00 4.551661356395084266e-04 0.000000000000000000e+00
1.075000000000000000e+03 4.300177640563984660e-02 7.396449704142011444e-03 9.926035502958580059e-01 0.000000000000000000e+00 0.000000000000000000e+00 0.000000000000000000e+00
1.100000000000000000e+03 4.400181771739886116e-02 6.941283568502503235e-03 9.929449248975875664e-01 0.000000000000000000e+00 1.137915339098771066e-04 0.000000000000000000e+00
1.125000000000000000e+03 4.500185902915787572e-02 7.965407373691398007e-03 9.920345926263085534e-01 0.000000000000000000e+00 0.000000000000000000e+00 0.000000000000000000e+00
1.150000000000000000e+03 4.600190034091711233e-02 7.851615839781519654e-03 9.915794264906691025e-01 0.000000000000000000e+00 5.689576695493854790e-04 0.000000000000000000e+00
1.175000000000000000e+03 4.700194165267612689e-02 6.372325898953117539e-03 9.930587164314974569e-01 0.000000000000000000e+00 5.689576695493854790e-04 0.000000000000000000e+00
1.200000000000000000e+03 4.800198296443514145e-02 1.502048247610377786e-02 9.847519344560764498e-01 0.000000000000000000e+00 2.275830678197542133e-04 0.000000000000000000e+00
1.225000000000000000e+03 4.900202427619415602e-02 7.965407373691398007e-03 9.920345926263085534e-01 0.000000000000000000e+00 0.000000000000000000e+00 0.000000000000000000e+00
1.250000000000000000e+03 5.000206558795339262e-02 1.092398725534820224e-02 9.888484296768320636e-01 0.000000000000000000e+00 2.275830678197542133e-04 0.000000000000000000e+00
1.275000000000000000e+03 5.100210689971240718e-02 1.604460628129267263e-02 9.837278106508875464e-01 0.000000000000000000e+00 2.275830678197542133e-04 0.000000000000000000e+00
1.300000000000000000e+03 5.200214821147142175e-02 1.251706873008648184e-02 9.871415566681839282e-01 0.000000000000000000e+00 3.413746017296313199e-04 0.000000000000000000e+00
1.325000000000000000e+03 5.300218952323043631e-02 1.149294492489758707e-02 9.877105143377332697e-01 0.000000000000000000e+00 7.965407373691396923e-04 0.000000000000000000e+00
1.350000000000000000e+03 5.400223083498945087e-02 1.308602639963586667e-02 9.866863905325443662e-01 0.000000000000000000e+00 2.275830678197542133e-04 0.000000000000000000e+00
1.375000000000000000e+03 5.500227214674868748e-02 1.866181156121984527e-02 9.806554392353209471e-01 0.000000000000000000e+00 6.827492034592626399e-04 0.000000000000000000e+00
1.400000000000000000e+03 5.600231345850770204e-02 1.775147928994082885e-02 9.813381884387801790e-01 0.000000000000000000e+00 9.103322712790168532e-04 0.000000000000000000e+00
1.425000000000000000e+03 5.700235477026671660e-02 1.536185707783340945e-02 9.840691852526172179e-01 0.000000000000000000e+00 5.689576695493854790e-04 0.000000000000000000e+00
1.450000000000000000e+03 5.800239608202573116e-02 1.695493855257168905e-02 9.819071461083295205e-01 0.000000000000000000e+00 1.137915339098770958e-03 0.000000000000000000e+00
1.475000000000000000e+03 5.900243739378496777e-02 1.832043695949021542e-02 9.813381884387801790e-01 0.000000000000000000e+00 3.413746017296313199e-04 0.000000000000000000e+00
1.500000000000000000e+03 6.000247870554398233e-02 2.446517979062357712e-02 9.746244879380974169e-01 0.000000000000000000e+00 9.103322712790168532e-04 0.000000000000000000e+00
1.525000000000000000e+03 6.100252001730299689e-02 2.708238507055074976e-02 9.714383249886208160e-01 0.000000000000000000e+00 1.479289940828402332e-03 0.000000000000000000e+00
1.550000000000000000e+03 6.200256132906201145e-02 2.332726445152480746e-02 9.754210286754665393e-01 0.000000000000000000e+00 1.251706873008648227e-03 0.000000000000000000e+00
1.575000000000000000e+03 6.300260264082124806e-02 2.878925807919890598e-02 9.699590350477924616e-01 0.000000000000000000e+00 1.251706873008648227e-03 0.000000000000000000e+00
1.600000000000000000e+03 6.400264395258026262e-02 2.412380518889394726e-02 9.746244879380974169e-01 0.000000000000000000e+00 1.251706873008648227e-03 0.000000000000000000e+00
1.625000000000000000e+03 6.500268526433927718e-02 2.594446973145198010e-02 9.733727810650887324e-01 0.000000000000000000e+00 6.827492034592626399e-04 0.000000000000000000e+00
1.650000000000000000e+03 6.600272657609829174e-02 3.311333636777423484e-02 9.654073736913973969e-01 0.000000000000000000e+00 1.479289940828402332e-03 0.000000000000000000e+00
1.675000000000000000e+03 6.700276788785730631e-02 2.787892580791988956e-02 9.709831588529813651e-01 0.000000000000000000e+00 1.137915339098770958e-03 0.000000000000000000e+00
1.700000000000000000e+03 6.800280919961654291e-02 2.913063268092853930e-02 9.695038689121528996e-01 0.000000000000000000e+00 1.365498406918525280e-03 0.000000000000000000e+00
1.725000000000000000e+03 6.900285051137555747e-02 4.028220300409649651e-02 9.575557578516158408e-01 0.000000000000000000e+00 2.162039144287664864e-03 0.000000000000000000e+00
1.750000000000000000e+03 7.000289182313457204e-02 4.233045061447428259e-02 9.563040509786071564e-01 0.000000000000000000e+00 1.365498406918525280e-03 0.000000000000000000e+00
1.775000000000000000e+03 7.100293313489358660e-02 3.766499772416932040e-02 9.611970869367318926e-01 0.000000000000000000e+00 1.137915339098770958e-03 0.000000000000000000e+00
1.800000000000000000e+03 7.200297444665282320e-02 3.834774692762858705e-02 9.601729631315429891e-01 0.000000000000000000e+00 1.479289940828402332e-03 0.000000000000000000e+00
1.825000000000000000e+03 7.300301575841183777e-02 3.641329085116067066e-02 9.621074192080109055e-01 0.000000000000000000e+00 1.479289940828402332e-03 0.000000000000000000e+00
1.850000000000000000e+03 7.400305707017085233e-02 5.484751934456076616e-02 9.407146108329540457e-01 0.000000000000000000e+00 4.437869822485207214e-03 0.000000000000000000e+00
1.875000000000000000e+03 7.500309838192986689e-02 6.645425580336822291e-02 9.289940828402366568e-01 0.000000000000000000e+00 4.551661356395083832e-03 0.000000000000000000e+00
1.900000000000000000e+03 7.600313969368910350e-02 5.939918070095585173e-02 9.363905325443786509e-01 0.000000000000000000e+00 4.210286754665453109e-03 0.000000000000000000e+00
1.925000000000000000e+03 7.700318100544811806e-02 6.360946745562130744e-02 9.300182066454255603e-01 0.000000000000000000e+00 6.372325898953117539e-03 0.000000000000000000e+00
1.950000000000000000e+03 7.800322231720713262e-02 7.487482931269913433e-02 9.181838871187983919e-01 0.000000000000000000e+00 6.941283568502503235e-03 0.000000000000000000e+00
1.975000000000000000e+03 7.900326362896614718e-02 7.919890760127445972e-02 9.152253072371415721e-01 0.000000000000000000e+00 5.575785161583977738e-03 0.000000000000000000e+00
2.000000000000000000e+03 8.000330494072516174e-02 8.625398270368685172e-02 9.076012744651797970e-01 0.000000000000000000e+00 6.144742831133363434e-03 0.000000000000000000e+00
2.025000000000000000e+03 8.100334625248439835e-02 7.624032771961765376e-02 9.155666818388711325e-01 0.000000000000000000e+00 8.192990441511151245e-03 0.000000000000000000e+00
2.050000000000000000e+03 8.200338756424341291e-02 7.931269913518433634e-02 9.148839326354119006e-01 0.000000000000000000e+00 5.803368229403732710e-03 0.000000000000000000e+00
2.075000000000000000e+03 8.300342887600242747e-02 8.557123350022757813e-02 9.060081929904415521e-01 0.000000000000000000e+00 8.420573509330906217e-03 0.000000000000000000e+00
2.100000000000000000e+03 8.400347018776144203e-02 9.740555302685480199e-02 8.938324988620847122e-01 0.000000000000000000e+00 8.761948111060537808e-03 0.000000000000000000e+00
2.125000000000000000e+03 8.500351149952067864e-02 1.037778789258079204e-01 8.879153390987710726e-01 0.000000000000000000e+00 8.306781975421027864e-03 0.000000000000000000e+00
2.150000000000000000e+03 8.600355281127969320e-02 1.126536185707783383e-01 8.769913518434228061e-01 0.000000000000000000e+00 1.035502958579881741e-02 0.000000000000000000e+00
2.175000000000000000e+03 8.700359412303870776e-02 1.276741010468821214e-01 8.612881201638598050e-01 0.000000000000000000e+00 1.103777878925807886e-02 0.000000000000000000e+00
2.200000000000000000e+03 8.800363543479772233e-02 1.426945835229858905e-01 8.411470186618115186e-01 0.000000000000000000e+00 1.615839781520254925e-02 0.000000000000000000e+00
2.225000000000000000e+03 8.900367674655695893e-02 1.563495675921711403e-01 8.243058716431497235e-01 0.000000000000000000e+00 1.934456076467910846e-02 0.000000000000000000e+00
2.250000000000000000e+03 9.000371805831597349e-02 1.616977696859353553e-01 8.123577605826126646e-01 0.000000000000000000e+00 2.594446973145198010e-02 0.000000000000000000e+00
2.275000000000000000e+03 9.100375937007498806e-02 1.825216203914428736e-01 7.893718707328174489e-01 2.275830678197542133e-04 2.787892580791988956e-02 0.000000000000000000e+00
2.300000000000000000e+03 9.200380068183400262e-02 2.124487938097405493e-01 7.522758306781975879e-01 0.000000000000000000e+00 3.527537551206190447e-02 0.000000000000000000e+00
2.325000000000000000e+03 9.300384199359301718e-02 2.181383705052344080e-01 7.414656349567592120e-01 0.000000000000000000e+00 4.039599453800637313e-02 0.000000000000000000e+00
2.350000000000000000e+03 9.400388330535225379e-02 2.233727810650887602e-01 7.278106508875740177e-01 0.000000000000000000e+00 4.881656804733727761e-02 0.000000000000000000e+00
2.375000000000000000e+03 9.500392461711126835e-02 2.627446517979062368e-01 6.792216659080564378e-01 3.413746017296313199e-04 5.769230769230769551e-02 0.000000000000000000e+00
2.400000000000000000e+03 9.600396592887028291e-02 2.578516158397815006e-01 6.689804278561675144e-01 3.413746017296313199e-04 7.282658170232134132e-02 0.000000000000000000e+00
2.425000000000000000e+03 9.700400724062929747e-02 2.820892125625853453e-01 6.273327264451524776e-01 7.965407373691396923e-04 8.978152025489304078e-02 0.000000000000000000e+00
2.450000000000000000e+03 9.800404855238853408e-02 3.136094674556212936e-01 5.708921256258534527e-01 1.934456076467910759e-03 1.135639508420573512e-01 0.000000000000000000e+00
2.475000000000000000e+03 9.900408986414754864e-02 3.327264451524806765e-01 5.248065543923532417e-01 2.958579881656804664e-03 1.395084205735093175e-01 0.000000000000000000e+00
2.500000000000000000e+03 1.000041311759065632e-01 3.601502048247610110e-01 4.660901228948566288e-01 3.982703686845699004e-03 1.697769685935366368e-01 0.000000000000000000e+00
2.525000000000000000e+03 1.010041724876655778e-01 3.741465634956759323e-01 4.245562130177514826e-01 7.737824305871643035e-03 1.935593991807009473e-01 0.000000000000000000e+00
2.550000000000000000e+03 1.020042137994248144e-01 3.799499317250796815e-01 3.914428766499772339e-01 9.672280382339554228e-03 2.189349112426035582e-01 0.000000000000000000e+00
2.575000000000000000e+03 1.030042551111838289e-01 3.847291761492944717e-01 3.661811561219845412e-01 1.479289940828402289e-02 2.342967683204369711e-01 0.000000000000000000e+00
2.600000000000000000e+03 1.040042964229428435e-01 4.077150659990896875e-01 3.303368229403732537e-01 1.581702321347291593e-02 2.461310878470641672e-01 0.000000000000000000e+00
2.625000000000000000e+03 1.050043377347018581e-01 4.157942649066909691e-01 3.080336822940373254e-01 1.695493855257168905e-02 2.592171142467000200e-01 0.000000000000000000e+00
2.650000000000000000e+03 1.060043790464608726e-01 4.284251251706873154e-01 2.867546654528903005e-01 1.900318616294947513e-02 2.658170232134728916e-01 0.000000000000000000e+00
2.675000000000000000e+03 1.070044203582201092e-01 4.287664997724169313e-01 2.711652253072371344e-01 2.150659990896677115e-02 2.785616750113791285e-01 0.000000000000000000e+00
2.700000000000000000e+03 1.080044616699791238e-01 4.184114701866181174e-01 2.595584888484296915e-01 2.423759672280382388e-02 2.977924442421484019e-01 0.000000000000000000e+00
2.725000000000000000e+03 1.090045029817381383e-01 4.344560764679107900e-01 2.415794264906691025e-01 2.833409194355939950e-02 2.956304050978607045e-01 0.000000000000000000e+00
2.750000000000000000e+03 1.100045442934971529e-01 4.476558944014565333e-01 2.228038233955393632e-01 3.208921256258534527e-02 2.974510696404187304e-01 0.000000000000000000e+00
2.775000000000000000e+03 1.110045856052563895e-01 4.535730541647701175e-01 2.138142922166590687e-01 2.969959035047792587e-02 3.029130632680928636e-01 0.000000000000000000e+00
2.800000000000000000e+03 1.120046269170154041e-01 4.431042330450614686e-01 2.218934911242603503e-01 3.072371415566681890e-02 3.042785616750113831e-01 0.000000000000000000e+00
2.825000000000000000e+03 1.130046682287744186e-01 4.478834774692762588e-01 2.208693673190714746e-01 2.981338188438780248e-02 3.014337733272644537e-01 0.000000000000000000e+00
2.850000000000000000e+03 1.140047095405334332e-01 4.649522075557578349e-01 2.092626308602640040e-01 3.413746017296313134e-02 2.916477014110150368e-01 0.000000000000000000e+00
2.875000000000000000e+03 1.150047508522926698e-01 4.742831133363678009e-01 2.035730541647701453e-01 3.231679563040509851e-02 2.898270368684570109e-01 0.000000000000000000e+00
2.900000000000000000e+03 1.160047921640516844e-01 4.671142467000455323e-01 2.074419663177059503e-01 4.016841147018661989e-02 2.852753755120618906e-01 0.000000000000000000e+00
2.925000000000000000e+03 1.170048334758106989e-01 4.773554847519344557e-01 1.887801547564861293e-01 3.971324533454710648e-02 2.941511151570322946e-01 0.000000000000000000e+00
2.950000000000000000e+03 1.180048747875697135e-01 4.847519344560764498e-01 1.830905780609922706e-01 4.528903049613108855e-02 2.868684569868001910e-01 0.000000000000000000e+00
2.975000000000000000e+03 1.190049160993287281e-01 4.850933090578061213e-01 1.819526627218935044e-01 4.870277651342740100e-02 2.842512517068729871e-01 0.000000000000000000e+00
3.000000000000000000e+03 1.200049574110879647e-01 4.838416021847974369e-01 1.751251706873008518e-01 4.824761037778789452e-02 2.927856167501137752e-01 0.000000000000000000e+00
3.025000000000000000e+03 1.210049987228469792e-01 4.690487027765134487e-01 1.791078743741465751e-01 5.609922621756941591e-02 2.957441966317705950e-01 0.000000000000000000e+00
3.050000000000000000e+03 1.220050400346059938e-01 4.976103777878925771e-01 1.704597177969958965e-01 5.450614474283113631e-02 2.774237596722803900e-01 0.000000000000000000e+00
3.075000000000000000e+03 1.230050813463650083e-01 5.054619936276740777e-01 1.569185252617205373e-01 5.860263996358670846e-02 2.790168411470186349e-01 0.000000000000000000e+00
3.100000000000000000e+03 1.240051226581242449e-01 5.030723714155667103e-01 1.557806099226217433e-01 6.463359126081019701e-02 2.765134274010013771e-01 0.000000000000000000e+00
3.125000000000000000e+03 1.250051639698832595e-01 5.130860263996358528e-01 1.503186162949476656e-01 6.201638598088302090e-02 2.745789713245334607e-01 0.000000000000000000e+00
3.150000000000000000e+03 1.260052052816422741e-01 5.138825671370049752e-01 1.431497496586253970e-01 6.656804733727811341e-02 2.763996358670914866e-01 0.000000000000000000e+00
3.175000000000000000e+03 1.270052465934012886e-01 5.130860263996358528e-01 1.428083750568957533e-01 6.986800182066454923e-02 2.742375967228038447e-01 0.000000000000000000e+00
3.200000000000000000e+03 1.280052879051605252e-01 5.094446973145198010e-01 1.372325898953117851e-01 7.532999544833864081e-02 2.779927173418297870e-01 0.000000000000000000e+00
3.225000000000000000e+03 1.290053292169195398e-01 5.053482020937641872e-01 1.351843422849340060e-01 8.079198907601274626e-02 2.786754665452890189e-01 0.000000000000000000e+00
3.250000000000000000e+03 1.300053705286785544e-01 5.145653163404643182e-01 1.322257624032771861e-01 8.067819754210286964e-02 2.725307237141556538e-01 0.000000000000000000e+00
3.275000000000000000e+03 1.310054118404375689e-01 5.093309057806099105e-01 1.251706873008648080e-01 8.773327264451524776e-02 2.777651342740100060e-01 0.000000000000000000e+00
3.300000000000000000e+03 1.320054531521965835e-01 5.135411925352754148e-01 1.282430587164314906e-01 8.989531178880291740e-02 2.683204369594902050e-01 0.000000000000000000e+00
3.325000000000000000e+03 1.330054944639558201e-01 5.150204824761037692e-01 1.232362312243969055e-01 9.433318161128811941e-02 2.674101046882111921e-01 0.000000000000000000e+00
3.350000000000000000e+03 1.340055357757148347e-01 5.083067819754210070e-01 1.183431952662721831e-01 9.945380063723259501e-02 2.738962221210741732e-01 0.000000000000000000e+00
3.375000000000000000e+03 1.350055770874738492e-01 5.147928994082839882e-01 1.183431952662721831e-01 9.638142922166591242e-02 2.704824761037779024e-01 0.000000000000000000e+00
3.400000000000000000e+03 1.360056183992328638e-01 5.163859808830223441e-01 1.172052799271734169e-01 1.004779244424214846e-01 2.659308147473827821e-01 0.000000000000000000e+00
3.425000000000000000e+03 1.370056597109921004e-01 5.187756030951297115e-01 1.086709148839326289e-01 1.025261720527992776e-01 2.700273099681383959e-01 0.000000000000000000e+00
3.450000000000000000e+03 1.380057010227511149e-01 5.183204369594902605e-01 1.124260355029585851e-01 1.020710059171597572e-01 2.671825216203914666e-01 0.000000000000000000e+00
3.475000000000000000e+03 1.390057423345101295e-01 5.312926718252162228e-01 1.077605826126536159e-01 1.088984979517523960e-01 2.520482476103778069e-01 0.000000000000000000e+00
3.500000000000000000e+03 1.400057836462691441e-01 5.208238507055075184e-01 1.052571688666363164e-01 1.076467910787437393e-01 2.662721893491124536e-01 0.000000000000000000e+00
3.525000000000000000e+03 1.410058249580283807e-01 5.223031406463358728e-01 1.044606281292671801e-01 1.083295402822029990e-01 2.649066909421938787e-01 0.000000000000000000e+00
3.550000000000000000e+03 1.420058662697873952e-01 5.319754210286754548e-01 9.512972234865725574e-02 1.081019572143832458e-01 2.647928994082840437e-01 0.000000000000000000e+00
3.575000000000000000e+03 1.430059075815464098e-01 5.233272644515247762e-01 9.842967683204369156e-02 1.141329085116067343e-01 2.641101502048247562e-01 0.000000000000000000e+00
3.600000000000000000e+03 1.440059488933054244e-01 5.403959945380063523e-01 9.638142922166591242e-02 1.153846153846153910e-01 2.478379608557123304e-01 0.000000000000000000e+00
3.625000000000000000e+03 1.450059902050644389e-01 5.455166135639508695e-01 8.716431497496586467e-02 1.194811106053709632e-01 2.478379608557123304e-01 0.000000000000000000e+00
3.650000000000000000e+03 1.460060315168236755e-01 5.458579881656804300e-01 8.784706417842512438e-02 1.211879836140191125e-01 2.451069640418752915e-01 0.000000000000000000e+00
3.675000000000000000e+03 1.470060728285826901e-01 5.302685480200273194e-01 8.761948111060537114e-02 1.242603550295857950e-01 2.578516158397815006e-01 0.000000000000000000e+00
3.700000000000000000e+03 1.480061141403417047e-01 5.382339553937186549e-01 8.511606736458807165e-02 1.293809740555302568e-01 2.472690031861629611e-01 0.000000000000000000e+00
3.725000000000000000e+03 1.490061554521007192e-01 5.427856167501138307e-01 7.692307692307692735e-02 1.321119708693673234e-01 2.481793354574419741e-01 0.000000000000000000e+00
3.750000000000000000e+03 1.500061967638599558e-01 5.553026854802002310e-01 7.123350022758306865e-02 1.330223031406463363e-01 2.404415111515703363e-01 0.000000000000000000e+00
3.775000000000000000e+03 1.510062380756189704e-01 5.543923532089212181e-01 7.282658170232134132e-02 1.365498406918525254e-01 2.362312243969048597e-01 0.000000000000000000e+00
3.800000000000000000e+03 1.520062793873779849e-01 5.633818843878015681e-01 7.316795630405098505e-02 1.429221665908056438e-01 2.205279927173418308e-01 0.000000000000000000e+00
3.825000000000000000e+03 1.530063206991369995e-01 5.543923532089212181e-01 7.737824305871643382e-02 1.430359581247155343e-01 2.251934456076467861e-01 0.000000000000000000e+00
3.850000000000000000e+03 1.540063620108962361e-01 5.630405097860718966e-01 7.305416477014110843e-02 1.458807464724624359e-01 2.180245789713245452e-01 0.000000000000000000e+00
3.875000000000000000e+03 1.550064033226552507e-01 5.768092853891670924e-01 6.941283568502502888e-02 1.490669094219390090e-01 2.047109695038689114e-01 0.000000000000000000e+00
3.900000000000000000e+03 1.560064446344142652e-01 5.647473827947200320e-01 6.929904415111515226e-02 1.500910332271279124e-01 2.158625398270368756e-01 0.000000000000000000e+00
3.925000000000000000e+03 1.570064859461732798e-01 5.649749658625398130e-01 6.486117432862995025e-02 1.500910332271279124e-01 2.199590350477924339e-01 1.137915339098771066e-04
3.950000000000000000e+03 1.580065272579322944e-01 5.622439690487027741e-01 6.804733727810650945e-02 1.540737369139736079e-01 2.156349567592171224e-01 0.000000000000000000e+00
3.975000000000000000e+03 1.590065685696915310e-01 5.708921256258534527e-01 6.486117432862995025e-02 1.557806099226217433e-01 2.084660901228948537e-01 0.000000000000000000e+00
4.000000000000000000e+03 1.600066098814505455e-01 5.723714155666818071e-01 6.440600819299044377e-02 1.597633136094674666e-01 2.034592626308602548e-01 0.000000000000000000e+00
4.025000000000000000e+03 1.610066511932095601e-01 5.697542102867546587e-01 6.338188438780155420e-02 1.606736458807464796e-01 2.061902594446973214e-01 0.000000000000000000e+00
4.050000000000000000e+03 1.620066925049685747e-01 5.827264451524806210e-01 5.860263996358670846e-02 1.601046882111970826e-01 1.985662266727355463e-01 0.000000000000000000e+00
4.075000000000000000e+03 1.630067338167278113e-01 5.765817023213473114e-01 5.757851615839781195e-02 1.659080564406008318e-01 1.998179335457442030e-01 1.137915339098771066e-04
4.100000000000000000e+03 1.640067751284868258e-01 5.830678197542102925e-01 5.746472462448793533e-02 1.727355484751934567e-01 1.867319071461083224e-01 0.000000000000000000e+00
4.125000000000000000e+03 1.650068164402458404e-01 5.898953117888029452e-01 5.860263996358670846e-02 1.655666818388711881e-01 1.859353664087392000e-01 0.000000000000000000e+00
4.150000000000000000e+03 1.660068577520048549e-01 5.984296768320437332e-01 5.302685480200273332e-02 1.730769230769230727e-01 1.754665452890304955e-01 0.000000000000000000e+00
4.175000000000000000e+03 1.670068990637640916e-01 5.855712335002275504e-01 5.279927173418298009e-02 1.708010923987255403e-01 1.908284023668639084e-01 0.000000000000000000e+00
4.200000000000000000e+03 1.680069403755231061e-01 5.910332271279017391e-01 5.268548020027309653e-02 1.704597177969958965e-01 1.858215748748293095e-01 0.000000000000000000e+00
4.225000000000000000e+03 1.690069816872821207e-01 5.754437869822485174e-01 4.972690031861629750e-02 1.794492489758761911e-01 1.953800637232590010e-01 0.000000000000000000e+00
4.250000000000000000e+03 1.700070229990411352e-01 5.927401001365498745e-01 4.858898497951752438e-02 1.827492034592626269e-01 1.759217114246700020e-01 0.000000000000000000e+00
4.275000000000000000e+03 1.710070643108001498e-01 6.045744196631770428e-01 4.699590350477924477e-02 1.814974965862539702e-01 1.668183887118798447e-01 1.137915339098771066e-04
4.300000000000000000e+03 1.720071056225593864e-01 5.994538006372326366e-01 4.722348657259899801e-02 1.797906235776058348e-01 1.735320892125625791e-01 0.000000000000000000e+00
4.325000000000000000e+03 1.730071469343184010e-01 5.955848884842968038e-01 4.836140191169777114e-02 1.857077833409194467e-01 1.703459262630860338e-01 0.000000000000000000e+00
4.350000000000000000e+03 1.740071882460774155e-01 6.013882567137005530e-01 5.143377332726445372e-02 1.824078288575330109e-01 1.647701411015020379e-01 0.000000000000000000e+00
4.375000000000000000e+03 1.750072295578364301e-01 5.972917614929449392e-01 4.574419663177059503e-02 1.755803368229403860e-01 1.813837050523441075e-01 0.000000000000000000e+00
4.400000000000000000e+03 1.760072708695956667e-01 6.041192535275375919e-01 4.494765589440145870e-02 1.822940373236231204e-01 1.686390532544378706e-01 0.000000000000000000e+00
4.425000000000000000e+03 1.770073121813546813e-01 6.129949931725079404e-01 5.177514792899408358e-02 1.901456531634046487e-01 1.450842057350933134e-01 0.000000000000000000e+00
4.450000000000000000e+03 1.780073534931136958e-01 6.197086936731907025e-01 4.790623577605826466e-02 1.919663177059626746e-01 1.404187528447883582e-01 0.000000000000000000e+00
4.475000000000000000e+03 1.790073948048727104e-01 6.035502958579881394e-01 5.154756486117433034e-02 1.949248975876194945e-01 1.498634501593081592e-01 1.137915339098771066e-04
4.500000000000000000e+03 1.800074361166319470e-01 6.098088302230314506e-01 5.052344105598543383e-02 1.944697314519799602e-01 1.451979972690031762e-01 0.000000000000000000e+00
4.525000000000000000e+03 1.810074774283909615e-01 6.154984069185253093e-01 5.336822940373236318e-02 1.990213928083750528e-01 1.321119708693673234e-01 0.000000000000000000e+00
4.550000000000000000e+03 1.820075187401499761e-01 6.112881201638598050e-01 5.279927173418298009e-02 1.977696859353663961e-01 1.381429221665907980e-01 0.000000000000000000e+00
4.575000000000000000e+03 1.830075600519089907e-01 6.167501137915338827e-01 4.949931725079653733e-02 2.006144742831133254e-01 1.331360946745562268e-01 0.000000000000000000e+00
4.600000000000000000e+03 1.840076013636680052e-01 6.120846609012289274e-01 5.154756486117433034e-02 2.084660901228948537e-01 1.279016841147018746e-01 0.000000000000000000e+00
4.625000000000000000e+03 1.850076426754272418e-01 6.210741920801092775e-01 4.984069185252617412e-02 2.102867546654528796e-01 1.187983614019117035e-01 0.000000000000000000e+00
4.650000000000000000e+03 1.860076839871862564e-01 6.331360946745562268e-01 5.075102412380518707e-02 2.093764223941738667e-01 1.067364588074647264e-01 0.000000000000000000e+00
4.675000000000000000e+03 1.870077252989452710e-01 6.223258989531178509e-01 5.245789713245334329e-02 2.130177514792899462e-01 1.121984524351388318e-01 0.000000000000000000e+00
4.700000000000000000e+03 1.880077666107042855e-01 6.258534365043241232e-01 5.314064633591260994e-02 2.204142011834319403e-01 1.005917159763313612e-01 0.000000000000000000e+00
4.725000000000000000e+03 1.890078079224635221e-01 6.322257624032772139e-01 5.325443786982248656e-02 2.220072826581702408e-01 9.239872553482020301e-02 1.137915339098771066e-04
4.750000000000000000e+03 1.900078492342225367e-01 6.274465179790623681e-01 5.405097860719162289e-02 2.187073281747838049e-01 9.979517523896222486e-02 0.000000000000000000e+00
4.775000000000000000e+03 1.910078905459815513e-01 6.350705507510241432e-01 5.439235320892125969e-02 2.190487027765134209e-01 9.137460172963131344e-02 1.137915339098771066e-04
4.800000000000000000e+03 1.920079318577405658e-01 6.314292216659080914e-01 5.416477014110149951e-02 2.247382794720072796e-01 8.966772872098316416e-02 0.000000000000000000e+00
4.825000000000000000e+03 1.930079731694998024e-01 6.375739644970414011e-01 5.382339553937186966e-02 2.188211197086936677e-01 8.966772872098316416e-02 1.137915339098771066e-04
4.850000000000000000e+03 1.940080144812588170e-01 6.312016385980883104e-01 5.587164314974965573e-02 2.207555757851615841e-01 9.205735093309057315e-02 1.137915339098771066e-04
4.875000000000000000e+03 1.950080557930178315e-01 6.380291306326809631e-01 5.063723258989531045e-02 2.222348657259899940e-01 8.909877105143376719e-02 0.000000000000000000e+00
4.900000000000000000e+03 1.960080971047768461e-01 6.368912152935821691e-01 5.325443786982248656e-02 2.263313609467455523e-01 8.352298588984979899e-02 0.000000000000000000e+00
4.925000000000000000e+03 1.970081384165358607e-01 6.356395084205734847e-01 5.405097860719162289e-02 2.249658625398270329e-01 8.534365043240782489e-02 0.000000000000000000e+00
4.950000000000000000e+03 1.980081797282950973e-01 6.418980427856167958e-01 5.587164314974965573e-02 2.226900318616295005e-01 7.954028220300408958e-02 0.000000000000000000e+00
4.975000000000000000e+03 1.990082210400541118e-01 6.380291306326809631e-01 5.587164314974965573e-02 2.266727355484751960e-01 7.942649066909421296e-02 0.000000000000000000e+00
5.000000000000000000e+03 2.000082623518131264e-01 6.417842512517069054e-01 5.177514792899408358e-02 2.294037323623122349e-01 7.703686845698680397e-02 0.000000000000000000e+00
5.025000000000000000e+03 2.010083036635721410e-01 6.423532089212562468e-01 5.097860719162494031e-02 2.319071461083295482e-01 7.476103777878925771e-02 0.000000000000000000e+00
5.050000000000000000e+03 2.020083449753313776e-01 6.527082385070550608e-01 5.040964952207555722e-02 2.251934456076467861e-01 7.168866636322257513e-02 0.000000000000000000e+00
5.075000000000000000e+03 2.030083862870903921e-01 6.436049157942649313e-01 5.553026854802002588e-02 2.273554847519344557e-01 7.350933090578061491e-02 0.000000000000000000e+00
5.100000000000000000e+03 2.040084275988494067e-01 6.528220300409649512e-01 5.450614474283113631e-02 2.286071916249431124e-01 6.395084205735093730e-02 1.137915339098771066e-04
5.125000000000000000e+03 2.050084689106084213e-01 6.528220300409649512e-01 5.370960400546199304e-02 2.231451979972690070e-01 7.032316795630405570e-02 0.000000000000000000e+00
5.150000000000000000e+03 2.060085102223674358e-01 6.595357305416477134e-01 4.881656804733727761e-02 2.214383249886208438e-01 7.020937642239417908e-02 0.000000000000000000e+00
5.175000000000000000e+03 2.070085515341266724e-01 6.530496131087847322e-01 5.040964952207555722e-02 2.257624032771961831e-01 7.077833409194356218e-02 0.000000000000000000e+00
5.200000000000000000e+03 2.080085928458856870e-01 6.585116067364588099e-01 5.234410559854346667e-02 2.264451524806554428e-01 6.269913518434228061e-02 0.000000000000000000e+00
5.225000000000000000e+03 2.090086341576447015e-01 6.572598998634501255e-01 5.268548020027309653e-02 2.265589440145653055e-01 6.349567592171143082e-02 0.000000000000000000e+00
5.250000000000000000e+03 2.100086754694037161e-01 6.662494310423304755e-01 5.223031406463359005e-02 2.209831588529813373e-01 6.053709604005461792e-02 0.000000000000000000e+00
5.275000000000000000e+03 2.110087167811629527e-01 6.645425580336823401e-01 5.291306326809285671e-02 2.213245334547109811e-01 6.121984524351388457e-02 0.000000000000000000e+00
5.300000000000000000e+03 2.120087580929219673e-01 6.627218934911243142e-01 5.257168866636321991e-02 2.294037323623122349e-01 5.530268548020027264e-02 0.000000000000000000e+00
5.325000000000000000e+03 2.130087994046809818e-01 6.727355484751934567e-01 5.268548020027309653e-02 2.164314974965862448e-01 5.814747382794720199e-02 0.000000000000000000e+00
5.350000000000000000e+03 2.140088407164399964e-01 6.748975876194811541e-01 5.336822940373236318e-02 2.175694128356850388e-01 5.416477014110149951e-02 0.000000000000000000e+00
5.375000000000000000e+03 2.150088820281992330e-01 6.837733272644515026e-01 5.097860719162494031e-02 2.110832954028220299e-01 5.416477014110149951e-02 0.000000000000000000e+00
5.400000000000000000e+03 2.160089233399582476e-01 6.846836595357305155e-01 5.450614474283113631e-02 2.122212107419207960e-01 4.858898497951752438e-02 0.000000000000000000e+00
5.425000000000000000e+03 2.170089646517172621e-01 6.713700500682748817e-01 5.575785161583977911e-02 2.144970414201183562e-01 5.837505689576695522e-02 0.000000000000000000e+00
5.450000000000000000e+03 2.180090059634762767e-01 6.800182066454255603e-01 5.348202093764223980e-02 2.116522530723714268e-01 5.484751934456076616e-02 0.000000000000000000e+00
5.475000000000000000e+03 2.190090472752352913e-01 6.759217114246700575e-01 5.735093309057805872e-02 2.147246244879381094e-01 5.200273099681383682e-02 0.000000000000000000e+00
5.500000000000000000e+03 2.200090885869945279e-01 6.821802457897132577e-01 5.621301775147929253e-02 2.113108784706417831e-01 5.029585798816568060e-02 0.000000000000000000e+00
5.525000000000000000e+03 2.210091298987535424e-01 6.786527082385070964e-01 5.666818388711879900e-02 2.159763313609467383e-01 4.870277651342740100e-02 0.000000000000000000e+00
5.550000000000000000e+03 2.220091712105125570e-01 6.822940373236231482e-01 5.894401456531633832e-02 2.101729631315430169e-01 4.858898497951752438e-02 0.000000000000000000e+00
5.575000000000000000e+03 2.230092125222715715e-01 6.745562130177514826e-01 6.099226217569413133e-02 2.141556668183887124e-01 5.029585798816568060e-02 0.000000000000000000e+00
5.600000000000000000e+03 2.240092538340308082e-01 6.762630860263996180e-01 6.156121984524351443e-02 2.140418752844788219e-01 4.813381884387801790e-02 0.000000000000000000e+00
5.625000000000000000e+03 2.250092951457898227e-01 6.797906235776057793e-01 5.803368229403732537e-02 2.157487482931269851e-01 4.642694583522986168e-02 0.000000000000000000e+00
5.650000000000000000e+03 2.260093364575488373e-01 6.837733272644515026e-01 5.951297223486572835e-02 2.089212562585343602e-01 4.779244424214838111e-02 0.000000000000000000e+00
5.675000000000000000e+03 2.270093777693078518e-01 6.743286299499317016e-01 6.429221665908056715e-02 2.127901684114701930e-01 4.858898497951752438e-02 0.000000000000000000e+00
