# itime ezz other fcc hcp bcc ico
0.000000000000000000e+00 0.000000000000000000e+00 5.689576695493854790e-04 9.994310423304506585e-01 0.000000000000000000e+00 0.000000000000000000e+00 0.000000000000000000e+00
2.500000000000000000e+01 9.999777926257280569e-04 6.827492034592626399e-04 9.993172507965407680e-01 0.000000000000000000e+00 0.000000000000000000e+00 0.000000000000000000e+00
5.000000000000000000e+01 1.999955585251456114e-03 5.689576695493854790e-04 9.994310423304506585e-01 0.000000000000000000e+00 0.000000000000000000e+00 0.000000000000000000e+00
7.500000000000000000e+01 2.999933377877184171e-03 9.103322712790168532e-04 9.990896677287209870e-01 0.000000000000000000e+00 0.000000000000000000e+00 0.000000000000000000e+00
1.000000000000000000e+02 3.999911170502912228e-03 5.689576695493854790e-04 9.994310423304506585e-01 0.000000000000000000e+00 0.000000000000000000e+00 0.000000000000000000e+00
1.250000000000000000e+02 4.999888963128640285e-03 9.103322712790168532e-04 9.990896677287209870e-01 0.000000000000000000e+00 0.000000000000000000e+00 0.000000000000000000e+00
1.500000000000000000e+02 5.999866755754146297e-03 9.103322712790168532e-04 9.990896677287209870e-01 0.000000000000000000e+00 0.000000000000000000e+00 0.000000000000000000e+00
1.750000000000000000e+02 6.999844548379874354e-03 1.251706873008648227e-03 9.987482931269913156e-01 0.000000000000000000e+00 0.000000000000000000e+00 0.000000000000000000e+00
2.000000000000000000e+02 7.999822341005602411e-03 1.479289940828402332e-03 9.985207100591716456e-01 0.000000000000000000e+00 0.000000000000000000e+00 0.000000000000000000e+00
2.250000000000000000e+02 8.999800133631330468e-03 1.706873008648156654e-03 9.982931269913518646e-01 0.000000000000000000e+00 0.000000000000000000e+00 0.000000000000000000e+00
2.500000000000000000e+02 9.999777926257058525e-03 6.827492034592626399e-04 9.993172507965407680e-01 0.000000000000000000e+00 0.000000000000000000e+00 0.000000000000000000e+00
2.750000000000000000e+02 1.099975571888278658e-02 1.479289940828402332e-03 9.985207100591716456e-01 0.000000000000000000e+00 0.000000000000000000e+00 0.000000000000000000e+00
3.000000000000000000e+02 1.199973351150851464e-02 1.024123805188893906e-03 9.989758761948110966e-01 0.000000000000000000e+00 0.000000000000000000e+00 0.000000000000000000e+00
3.250000000000000000e+02 1.299971130413424270e-02 1.706873008648156654e-03 9.981793354574419741e-01 0.000000000000000000e+00 1.137915339098771066e-04 0.000000000000000000e+00
3.500000000000000000e+02 1.399968909675997075e-02 1.820664542558033706e-03 9.981793354574419741e-01 0.000000000000000000e+00 0.000000000000000000e+00 0.000000000000000000e+00
3.750000000000000000e+02 1.499966688938569881e-02 1.593081474738279385e-03 9.984069185252617551e-01 0.000000000000000000e+00 0.000000000000000000e+00 0.000000000000000000e+00
4.000000000000000000e+02 1.599964468201142687e-02 7.965407373691396923e-04 9.992034592626308775e-01 0.000000000000000000e+00 0.000000000000000000e+00 0.000000000000000000e+00
4.250000000000000000e+02 1.699962247463693288e-02 6.827492034592626399e-04 9.993172507965407680e-01 0.000000000000000000e+00 0.000000000000000000e+00 0.000000000000000000e+00
4.500000000000000000e+02 1.799960026726266094e-02 1.137915339098770958e-03 9.988620846609012061e-01 0.000000000000000000e+00 0.000000000000000000e+00 0.000000000000000000e+00
4.750000000000000000e+02 1.899957805988838899e-02 1.706873008648156654e-03 9.982931269913518646e-01 0.000000000000000000e+00 0.000000000000000000e+00 0.000000000000000000e+00
5.000000000000000000e+02 1.999955585251411705e-02 1.137915339098770958e-03 9.988620846609012061e-01 0.000000000000000000e+00 0.000000000000000000e+00 0.000000000000000000e+00
5.250000000000000000e+02 2.099953364513984511e-02 2.503413746017296455e-03 9.974965862539827421e-01 0.000000000000000000e+00 0.000000000000000000e+00 0.000000000000000000e+00
5.500000000000000000e+02 2.199951143776557316e-02 1.706873008648156654e-03 9.981793354574419741e-01 0.000000000000000000e+00 1.137915339098771066e-04 0.000000000000000000e+00
5.750000000000000000e+02 2.299948923039130122e-02 3.641329085116067413e-03 9.963586709148839482e-01 0.000000000000000000e+00 0.000000000000000000e+00 0.000000000000000000e+00
6.000000000000000000e+02 2.399946702301702928e-02 2.730996813837050560e-03 9.972690031861629611e-01 0.000000000000000000e+00 0.000000000000000000e+00 0.000000000000000000e+00
6.250000000000000000e+02 2.499944481564275733e-02 2.958579881656804664e-03 9.969276285844332897e-01 0.000000000000000000e+00 1.137915339098771066e-04 0.000000000000000000e+00
6.500000000000000000e+02 2.599942260826848539e-02 6.258534365043240920e-03 9.936276741010469093e-01 0.000000000000000000e+00 1.137915339098771066e-04 0.000000000000000000e+00
6.750000000000000000e+02 2.699940040089421345e-02 3.072371415566681717e-03 9.969276285844332897e-01 0.000000000000000000e+00 0.000000000000000000e+00 0.000000000000000000e+00
7.000000000000000000e+02 2.799937819351971946e-02 4.551661356395083832e-03 9.951069640418752638e-01 0.000000000000000000e+00 3.413746017296313199e-04 0.000000000000000000e+00
7.250000000000000000e+02 2.899935598614544752e-02 3.755120619025944465e-03 9.962448793809740577e-01 0.000000000000000000e+00 0.000000000000000000e+00 0.000000000000000000e+00
7.500000000000000000e+02 2.999933377877117557e-02 6.599908966772872511e-03 9.932862994993172379e-01 0.000000000000000000e+00 1.137915339098771066e-04 0.000000000000000000e+00
7.750000000000000000e+02 3.099931157139690363e-02 6.144742831133363434e-03 9.936276741010469093e-01 0.000000000000000000e+00 2.275830678197542133e-04 0.000000000000000000e+00
8.000000000000000000e+02 3.199928936402263169e-02 5.006827492034592909e-03 9.946517979062358128e-01 0.000000000000000000e+00 3.413746017296313199e-04 0.000000000000000000e+00
8.250000000000000000e+02 3.299926715664835974e-02 3.299954483386436255e-03 9.964724624487938387e-01 0.000000000000000000e+00 2.275830678197542133e-04 0.000000000000000000e+00
8.500000000000000000e+02 3.399924494927408780e-02 5.348202093764223633e-03 9.946517979062358128e-01 0.000000000000000000e+00 0.000000000000000000e+00 0.000000000000000000e+00
8.750000000000000000e+02 3.499922274189981586e-02 4.210286754665453109e-03 9.957897132453344957e-01 0.000000000000000000e+00 0.000000000000000000e+00 0.000000000000000000e+00
9.000000000000000000e+02 3.599920053452554392e-02 6.144742831133363434e-03 9.936276741010469093e-01 0.000000000000000000e+00 2.275830678197542133e-04 0.000000000000000000e+00
9.250000000000000000e+02 3.699917832715127197e-02 5.006827492034592909e-03 9.948793809740554828e-01 0.000000000000000000e+00 1.137915339098771066e-04 0.000000000000000000e+00
9.500000000000000000e+02 3.799915611977700003e-02 7.055075102412380721e-03 9.927173418297678964e-01 0.000000000000000000e+00 2.275830678197542133e-04 0.000000000000000000e+00
9.750000000000000000e+02 3.899913391240250604e-02 7.396449704142011444e-03 9.923759672280382249e-01 0.000000000000000000e+00 2.275830678197542133e-04 0.000000000000000000e+00
1.000000000000000000e+03 3.999911170502823410e-02 6.144742831133363434e-03 9.938552571688666903e-01 0.000000000000000000e+00 0.000000000000000000e+00 0.000000000000000000e+00
1.025000000000000000e+03 4.099908949765396216e-02 8.989531178880291046e-03 9.906690942193900895e-01 0.000000000000000000e+00 3.413746017296313199e-04 0.000000000000000000e+00
1.050000000000000000e+03 4.199906729027969021e-02 8.192990441511151245e-03 9.911242603550295405e-01 0.000000000000000000e+00 6.827492034592626399e-04 0.000000000000000000e+00
1.075000000000000000e+03 4.299904508290541827e-02 1.115157032316795548e-02 9.883932635411925016e-01 0.000000000000000000e+00 4.551661356395084266e-04 0.000000000000000000e+00
1.100000000000000000e+03 4.399902287553114633e-02 1.149294492489758707e-02 9.882794720072826111e-01 0.000000000000000000e+00 2.275830678197542133e-04 0.000000000000000000e+00
1.125000000000000000e+03 4.499900066815687438e-02 9.103322712790167665e-03 9.905553026854801990e-01 0.000000000000000000e+00 3.413746017296313199e-04 0.000000000000000000e+00
1.150000000000000000e+03 4.599897846078260244e-02 8.306781975421027864e-03 9.914656349567592120e-01 0.000000000000000000e+00 2.275830678197542133e-04 0.000000000000000000e+00
1.175000000000000000e+03 4.699895625340833050e-02 8.761948111060537808e-03 9.908966772872098705e-01 0.000000000000000000e+00 3.413746017296313199e-04 0.000000000000000000e+00
1.200000000000000000e+03 4.799893404603405855e-02 1.536185707783340945e-02 9.839553937187073274e-01 0.000000000000000000e+00 6.827492034592626399e-04 0.000000000000000000e+00
1.225000000000000000e+03 4.899891183865978661e-02 1.604460628129267263e-02 9.835002275830677654e-01 0.000000000000000000e+00 4.551661356395084266e-04 0.000000000000000000e+00
1.250000000000000000e+03 4.999888963128529262e-02 1.274465179790623508e-02 9.869139736003641472e-01 0.000000000000000000e+00 3.413746017296313199e-04 0.000000000000000000e+00
1.275000000000000000e+03 5.099886742391102068e-02 1.524806554392353283e-02 9.846381429221665593e-01 0.000000000000000000e+00 1.137915339098771066e-04 0.000000000000000000e+00
1.300000000000000000e+03 5.199884521653674874e-02 1.547564861174328607e-02 9.844105598543468894e-01 0.000000000000000000e+00 1.137915339098771066e-04 0.000000000000000000e+00
1.325000000000000000e+03 5.299882300916247679e-02 1.797906235776058209e-02 9.815657715065999600e-01 0.000000000000000000e+00 4.551661356395084266e-04 0.000000000000000000e+00
1.350000000000000000e+03 5.399880080178820485e-02 1.627218934911242587e-02 9.828174783796085334e-01 0.000000000000000000e+00 9.103322712790168532e-04 0.000000000000000000e+00
1.375000000000000000e+03 5.499877859441393291e-02 1.854802002730996865e-02 9.802002730996813851e-01 0.000000000000000000e+00 1.251706873008648227e-03 0.000000000000000000e+00
1.400000000000000000e+03 5.599875638703966096e-02 1.524806554392353283e-02 9.841829767865271084e-01 0.000000000000000000e+00 5.689576695493854790e-04 0.000000000000000000e+00
1.425000000000000000e+03 5.699873417966538902e-02 2.401001365498407064e-02 9.750796540737368678e-01 0.000000000000000000e+00 9.103322712790168532e-04 0.000000000000000000e+00
1.450000000000000000e+03 5.799871197229111708e-02 2.059626763768775473e-02 9.779244424214837972e-01 0.000000000000000000e+00 1.479289940828402332e-03 0.000000000000000000e+00
1.475000000000000000e+03 5.899868976491684514e-02 2.218934911242603433e-02 9.770141101502047842e-01 0.000000000000000000e+00 7.965407373691396923e-04 0.000000000000000000e+00
1.500000000000000000e+03 5.999866755754257319e-02 2.150659990896677115e-02 9.767865270823851143e-01 0.000000000000000000e+00 1.706873008648156654e-03 0.000000000000000000e+00
1.525000000000000000e+03 6.099864535016807920e-02 2.162039144287665124e-02 9.773554847519344557e-01 0.000000000000000000e+00 1.024123805188893906e-03 0.000000000000000000e+00
1.550000000000000000e+03 6.199862314279380726e-02 2.856167501137915274e-02 9.700728265817023521e-01 0.000000000000000000e+00 1.365498406918525280e-03 0.000000000000000000e+00
1.575000000000000000e+03 6.299860093541953532e-02 3.447883477469276120e-02 9.639280837505689314e-01 0.000000000000000000e+00 1.593081474738279385e-03 0.000000000000000000e+00
1.600000000000000000e+03 6.399857872804526338e-02 3.482020937642239106e-02 9.635867091488393710e-01 0.000000000000000000e+00 1.593081474738279385e-03 0.000000000000000000e+00
1.625000000000000000e+03 6.499855652067099143e-02 3.755120619025944378e-02 9.605143377332726606e-01 0.000000000000000000e+00 1.934456076467910759e-03 0.000000000000000000e+00
1.650000000000000000e+03 6.599853431329671949e-02 3.538916704597178109e-02 9.626763768775603580e-01 0.000000000000000000e+00 1.934456076467910759e-03 0.000000000000000000e+00
1.675000000000000000e+03 6.699851210592244755e-02 4.574419663177059503e-02 9.519799726900318726e-01 0.000000000000000000e+00 2.275830678197541916e-03 0.000000000000000000e+00
1.700000000000000000e+03 6.799848989854817560e-02 4.961310878470642088e-02 9.477696859353663683e-01 0.000000000000000000e+00 2.617205279927173507e-03 0.000000000000000000e+00
1.725000000000000000e+03 6.899846769117390366e-02 4.733727810650887463e-02 9.497041420118342847e-01 0.000000000000000000e+00 2.958579881656804664e-03 0.000000000000000000e+00
1.750000000000000000e+03 6.999844548379963172e-02 5.996813837050523482e-02 9.362767410104688715e-01 0.000000000000000000e+00 3.755120619025944465e-03 0.000000000000000000e+00
1.775000000000000000e+03 7.099842327642535977e-02 5.712335002275830548e-02 9.387801547564861293e-01 0.000000000000000000e+00 4.096495220755575623e-03 0.000000000000000000e+00
1.800000000000000000e+03 7.199840106905086579e-02 5.871643149749658508e-02 9.368456986800182129e-01 0.000000000000000000e+00 4.437869822485207214e-03 0.000000000000000000e+00
1.825000000000000000e+03 7.299837886167659384e-02 5.735093309057805872e-02 9.386663632225762388e-01 0.000000000000000000e+00 3.982703686845699004e-03 0.000000000000000000e+00
1.850000000000000000e+03 7.399835665430232190e-02 6.349567592171143082e-02 9.321802457897132577e-01 0.000000000000000000e+00 4.324078288575329727e-03 0.000000000000000000e+00
1.875000000000000000e+03 7.499833444692804996e-02 7.123350022758306865e-02 9.236458807464724696e-01 0.000000000000000000e+00 5.120619025944469528e-03 0.000000000000000000e+00
1.900000000000000000e+03 7.599831223955377801e-02 7.464724624487938109e-02 9.201183431952663083e-01 0.000000000000000000e+00 5.234410559854347014e-03 0.000000000000000000e+00
1.925000000000000000e+03 7.699829003217950607e-02 7.942649066909421296e-02 9.143149749658625591e-01 0.000000000000000000e+00 6.258534365043240920e-03 0.000000000000000000e+00
1.950000000000000000e+03 7.799826782480523413e-02 8.989531178880291740e-02 9.043013199817933057e-01 0.000000000000000000e+00 5.803368229403732710e-03 0.000000000000000000e+00
1.975000000000000000e+03 7.899824561743096218e-02 8.898497951752389057e-02 9.044151115157031962e-01 0.000000000000000000e+00 6.599908966772872511e-03 0.000000000000000000e+00
2.000000000000000000e+03 7.999822341005669024e-02 9.717796995903504875e-02 8.964497041420118606e-01 0.000000000000000000e+00 6.372325898953117539e-03 0.000000000000000000e+00
2.025000000000000000e+03 8.099820120268241830e-02 1.052571688666363164e-01 8.862084660901229372e-01 0.000000000000000000e+00 8.534365043240782836e-03 0.000000000000000000e+00
2.050000000000000000e+03 8.199817899530814636e-02 1.017296313154301274e-01 8.900773782430587699e-01 0.000000000000000000e+00 8.192990441511151245e-03 0.000000000000000000e+00
2.075000000000000000e+03 8.299815678793365237e-02 1.141329085116067343e-01 8.717569412835685094e-01 2.275830678197542133e-04 1.388256713700500647e-02 0.000000000000000000e+00
2.100000000000000000e+03 8.399813458055938042e-02 1.352981338188438687e-01 8.518434228493400040e-01 0.000000000000000000e+00 1.285844333181611343e-02 0.000000000000000000e+00
2.125000000000000000e+03 8.499811237318510848e-02 1.535047792444242110e-01 8.264679107874374209e-01 0.000000000000000000e+00 2.002730996813837164e-02 0.000000000000000000e+00
2.150000000000000000e+03 8.599809016581083654e-02 1.616977696859353553e-01 8.195266272189348777e-01 0.000000000000000000e+00 1.877560309512972189e-02 0.000000000000000000e+00
2.175000000000000000e+03 8.699806795843656460e-02 1.596495220755575761e-01 8.194128356850249872e-01 0.000000000000000000e+00 2.093764223941738806e-02 0.000000000000000000e+00
2.200000000000000000e+03 8.799804575106229265e-02 1.751251706873008518e-01 7.985889849795174689e-01 0.000000000000000000e+00 2.628584433318160996e-02 0.000000000000000000e+00
2.225000000000000000e+03 8.899802354368802071e-02 1.994765589440145592e-01 7.729858898497952158e-01 0.000000000000000000e+00 2.753755120619025970e-02 0.000000000000000000e+00
2.250000000000000000e+03 8.999800133631374877e-02 1.893491124260354985e-01 7.754893035958124736e-01 3.413746017296313199e-04 3.482020937642239106e-02 0.000000000000000000e+00
2.275000000000000000e+03 9.099797912893947682e-02 2.264451524806554428e-01 7.322485207100591920e-01 0.000000000000000000e+00 4.130632680928538608e-02 0.000000000000000000e+00
2.300000000000000000e+03 9.199795692156520488e-02 2.196176604460628179e-01 7.299726900318616041e-01 3.413746017296313199e-04 5.006827492034592736e-02 0.000000000000000000e+00
2.325000000000000000e+03 9.299793471419093294e-02 2.479517523896222209e-01 6.990213928083750528e-01 1.251706873008648227e-03 5.177514792899408358e-02 0.000000000000000000e+00
2.350000000000000000e+03 9.399791250681643895e-02 2.470414201183432079e-01 6.868456986800182129e-01 1.024123805188893906e-03 6.508875739644970349e-02 0.000000000000000000e+00
2.375000000000000000e+03 9.499789029944216701e-02 2.712790168411470249e-01 6.473600364132908735e-01 1.593081474738279385e-03 7.976786527082385669e-02 0.000000000000000000e+00
2.400000000000000000e+03 9.599786809206789506e-02 3.050751024123805055e-01 5.989986345015930747e-01 1.137915339098770958e-03 9.478834774692762588e-02 0.000000000000000000e+00
2.425000000000000000e+03 9.699784588469362312e-02 3.057578516158397930e-01 5.801092398725534727e-01 1.706873008648156654e-03 1.124260355029585851e-01 0.000000000000000000e+00
2.450000000000000000e+03 9.799782367731935118e-02 2.900546199362767363e-01 5.704369594902138907e-01 2.048247610377787811e-03 1.374601729631315383e-01 0.000000000000000000e+00
2.475000000000000000e+03 9.899780146994507923e-02 3.163404642694583324e-01 5.233272644515247762e-01 2.844788347746927612e-03 1.574874829312699065e-01 0.000000000000000000e+00
2.500000000000000000e+03 9.999777926257080729e-02 3.339781520254893055e-01 4.825898953117888079e-01 3.527537551206190360e-03 1.799044151115156975e-01 0.000000000000000000e+00
2.525000000000000000e+03 1.009977570551965353e-01 3.491124260355029651e-01 4.530040964952207760e-01 7.282658170232134826e-03 1.906008192990441552e-01 0.000000000000000000e+00
2.550000000000000000e+03 1.019977348478222634e-01 3.591260810195721631e-01 4.193218024578971304e-01 7.396449704142011444e-03 2.141556668183887124e-01 0.000000000000000000e+00
2.575000000000000000e+03 1.029977126404479915e-01 3.825671370050068298e-01 3.800637232589895165e-01 1.399635867091488309e-02 2.233727810650887602e-01 0.000000000000000000e+00
2.600000000000000000e+03 1.039976904330737195e-01 3.862084660901228816e-01 3.640191169776968438e-01 1.524806554392353283e-02 2.345243513882567243e-01 0.000000000000000000e+00
2.625000000000000000e+03 1.049976682256994476e-01 3.852981338188438687e-01 3.474055530268548297e-01 1.649977241693217911e-02 2.507965407373691225e-01 0.000000000000000000e+00
2.650000000000000000e+03 1.059976460183249536e-01 3.958807464724624636e-01 3.220300409649521911e-01 1.991351843422849502e-02 2.621756941283568398e-01 0.000000000000000000e+00
2.675000000000000000e+03 1.069976238109506816e-01 3.983841602184797215e-01 3.062130177514792995e-01 1.797906235776058209e-02 2.774237596722803900e-01 0.000000000000000000e+00
2.700000000000000000e+03 1.079976016035764097e-01 4.089667728720983164e-01 2.934683659535730627e-01 1.775147928994082885e-02 2.798133818843878129e-01 0.000000000000000000e+00
2.725000000000000000e+03 1.089975793962021378e-01 4.176149294492489950e-01 2.825443786982248517e-01 1.957214383249886169e-02 2.802685480200273194e-01 0.000000000000000000e+00
2.750000000000000000e+03 1.099975571888278658e-01 4.143149749658625591e-01 2.761720527992717611e-01 1.741010468821119553e-02 2.921028675466545432e-01 0.000000000000000000e+00
2.775000000000000000e+03 1.109975349814535939e-01 4.334319526627218866e-01 2.530723714155666548e-01 2.173418297678652786e-02 2.917614929449248717e-01 0.000000000000000000e+00
2.800000000000000000e+03 1.119975127740793219e-01 4.387801547564861293e-01 2.443104233045061413e-01 2.503413746017296368e-02 2.918752844788347622e-01 0.000000000000000000e+00
2.825000000000000000e+03 1.129974905667050500e-01 4.509558488848429691e-01 2.330450614474283144e-01 3.174783796085571541e-02 2.842512517068729871e-01 0.000000000000000000e+00
2.850000000000000000e+03 1.139974683593307780e-01 4.390077378243058548e-01 2.357760582612653533e-01 3.163404642694583185e-02 2.935821574874829532e-01 0.000000000000000000e+00
2.875000000000000000e+03 1.149974461519565061e-01 4.465179790623577394e-01 2.335002275830678209e-01 3.425125170687300796e-02 2.857305416477013971e-01 0.000000000000000000e+00
2.900000000000000000e+03 1.159974239445822342e-01 4.605143377332726606e-01 2.105143377332726329e-01 4.050978607191624975e-02 2.884615384615384359e-01 0.000000000000000000e+00
2.925000000000000000e+03 1.169974017372077402e-01 4.540282203004096240e-01 2.065316340464269373e-01 4.676832043695949154e-02 2.926718252162039402e-01 0.000000000000000000e+00
2.950000000000000000e+03 1.179973795298334682e-01 4.607419208010923861e-01 1.991351843422849432e-01 4.585798816568047165e-02 2.942649066909421851e-01 0.000000000000000000e+00
2.975000000000000000e+03 1.189973573224591963e-01 4.610832954028220576e-01 1.870732817478379661e-01 4.540282203004096517e-02 3.064406008192990249e-01 0.000000000000000000e+00
3.000000000000000000e+03 1.199973351150849243e-01 4.532316795630405015e-01 1.803595812471552040e-01 5.268548020027309653e-02 3.137232589895311841e-01 0.000000000000000000e+00
3.025000000000000000e+03 1.209973129077106524e-01 4.621074192080109055e-01 1.631770596267637652e-01 5.700955848884842886e-02 3.177059626763768518e-01 0.000000000000000000e+00
3.050000000000000000e+03 1.219972907003363805e-01 4.775830678197542367e-01 1.529358215748748417e-01 5.712335002275830548e-02 3.123577605826126646e-01 0.000000000000000000e+00
3.075000000000000000e+03 1.229972684929621085e-01 4.814519799726900140e-01 1.517979062357760478e-01 5.826126536185707860e-02 3.084888484296768318e-01 0.000000000000000000e+00
3.100000000000000000e+03 1.239972462855878366e-01 4.797451069640418786e-01 1.428083750568957533e-01 5.712335002275830548e-02 3.203231679563040557e-01 0.000000000000000000e+00
3.125000000000000000e+03 1.249972240782135646e-01 4.951069640418752638e-01 1.366636322257624159e-01 5.609922621756941591e-02 3.121301775147928836e-01 0.000000000000000000e+00
3.150000000000000000e+03 1.259972018708392927e-01 4.931725079654073474e-01 1.341602184797451025e-01 5.712335002275830548e-02 3.155439235320892100e-01 0.000000000000000000e+00
3.175000000000000000e+03 1.269971796634650207e-01 5.023896222121073674e-01 1.292671825216203940e-01 6.110605370960400795e-02 3.072371415566682029e-01 0.000000000000000000e+00
3.200000000000000000e+03 1.279971574560905268e-01 5.032999544833864913e-01 1.241465634956759184e-01 6.133363677742376119e-02 3.112198452435138707e-01 0.000000000000000000e+00
3.225000000000000000e+03 1.289971352487162548e-01 5.063723258989530907e-01 1.207328174783796060e-01 5.962676376877560497e-02 3.132680928538916776e-01 0.000000000000000000e+00
3.250000000000000000e+03 1.299971130413419829e-01 4.998862084660901095e-01 1.169776968593536637e-01 6.156121984524351443e-02 3.215748748293126846e-01 0.000000000000000000e+00
3.275000000000000000e+03 1.309970908339677109e-01 5.152480655439235502e-01 1.069640418752844796e-01 6.986800182066454923e-02 3.079198907601274349e-01 0.000000000000000000e+00
3.300000000000000000e+03 1.319970686265934390e-01 5.064861174328629811e-01 1.066226672735548497e-01 7.476103777878925771e-02 3.121301775147928836e-01 0.000000000000000000e+00
3.325000000000000000e+03 1.329970464192191670e-01 5.097860719162494725e-01 1.067364588074647264e-01 7.419208010923987462e-02 3.092853891670459543e-01 0.000000000000000000e+00
3.350000000000000000e+03 1.339970242118448951e-01 5.130860263996358528e-01 1.052571688666363164e-01 7.680928538916705073e-02 3.048475193445607800e-01 0.000000000000000000e+00
3.375000000000000000e+03 1.349970020044706231e-01 5.133136094674556338e-01 1.036640873918980438e-01 8.272644515248064878e-02 3.002958579881656598e-01 0.000000000000000000e+00
3.400000000000000000e+03 1.359969797970963512e-01 5.164997724169322346e-01 9.831588529813381494e-02 8.944014565316341092e-02 2.957441966317705950e-01 0.000000000000000000e+00
3.425000000000000000e+03 1.369969575897220793e-01 5.105826126536185949e-01 1.028675466545289074e-01 8.773327264451524776e-02 2.988165680473373054e-01 0.000000000000000000e+00
3.450000000000000000e+03 1.379969353823478073e-01 5.131998179335457433e-01 1.009330905780609910e-01 9.615384615384615918e-02 2.897132453345471204e-01 0.000000000000000000e+00
3.475000000000000000e+03 1.389969131749733133e-01 5.202548930359581769e-01 9.854346836595356818e-02 9.194355939918069653e-02 2.892580791989076139e-01 0.000000000000000000e+00
3.500000000000000000e+03 1.399968909675990414e-01 5.203686845698679564e-01 9.194355939918069653e-02 1.003641329085116080e-01 2.873236231224396975e-01 0.000000000000000000e+00
3.525000000000000000e+03 1.409968687602247694e-01 5.169549385525716856e-01 8.614019116977697510e-02 1.022985889849795244e-01 2.946062812926718011e-01 0.000000000000000000e+00
3.550000000000000000e+03 1.419968465528504975e-01 5.358443331816112876e-01 8.284023668639053928e-02 9.831588529813381494e-02 2.829995448338643582e-01 0.000000000000000000e+00
3.575000000000000000e+03 1.429968243454762256e-01 5.323167956304051263e-01 8.227127901684114231e-02 1.009330905780609910e-01 2.844788347746927681e-01 0.000000000000000000e+00
3.600000000000000000e+03 1.439968021381019536e-01 5.325443786982249073e-01 8.136094674556212936e-02 1.099226217569412856e-01 2.761720527992717611e-01 0.000000000000000000e+00
3.625000000000000000e+03 1.449967799307276817e-01 5.408511606736459143e-01 7.783340919435594030e-02 1.106053709604005453e-01 2.707100591715976279e-01 0.000000000000000000e+00
3.650000000000000000e+03 1.459967577233534097e-01 5.356167501137915066e-01 7.294037323623121793e-02 1.076467910787437393e-01 2.837960855712334807e-01 0.000000000000000000e+00
3.675000000000000000e+03 1.469967355159791378e-01 5.347064178425124936e-01 7.089212562585343880e-02 1.144742831133363642e-01 2.799271734182977034e-01 0.000000000000000000e+00
3.700000000000000000e+03 1.479967133086048658e-01 5.352753755120619461e-01 7.089212562585343880e-02 1.189121529358215801e-01 2.749203459262630767e-01 0.000000000000000000e+00
3.725000000000000000e+03 1.489966911012305939e-01 5.375512061902594230e-01 7.373691397360036814e-02 1.181156121984524299e-01 2.705962676376877374e-01 0.000000000000000000e+00
3.750000000000000000e+03 1.499966688938560999e-01 5.494993172507965928e-01 6.861629494765589254e-02 1.230086481565771522e-01 2.588757396449704040e-01 0.000000000000000000e+00
3.775000000000000000e+03 1.509966466864818280e-01 5.473372781065088954e-01 6.713700500682749650e-02 1.187983614019117035e-01 2.667273554847519601e-01 0.000000000000000000e+00
3.800000000000000000e+03 1.519966244791075560e-01 5.505234410559853853e-01 6.702321347291761988e-02 1.294947655894401473e-01 2.529585798816568198e-01 0.000000000000000000e+00
3.825000000000000000e+03 1.529966022717332841e-01 5.581474738279471604e-01 6.929904415111515226e-02 1.274465179790623681e-01 2.451069640418752915e-01 0.000000000000000000e+00
3.850000000000000000e+03 1.539965800643590121e-01 5.467683204369594430e-01 6.315430131998178709e-02 1.235776058261265353e-01 2.664997724169321791e-01 0.000000000000000000e+00
3.875000000000000000e+03 1.549965578569847402e-01 5.560992262175694645e-01 6.087847064178425471e-02 1.273327264451524776e-01 2.556895766954938587e-01 0.000000000000000000e+00
3.900000000000000000e+03 1.559965356496104683e-01 5.623577605826126646e-01 6.679563040509786664e-02 1.274465179790623681e-01 2.434000910332271284e-01 0.000000000000000000e+00
3.925000000000000000e+03 1.569965134422361963e-01 5.661128812016386069e-01 5.917159763313609155e-02 1.266499772416932179e-01 2.480655439235320836e-01 0.000000000000000000e+00
3.950000000000000000e+03 1.579964912348619244e-01 5.589440145653163938e-01 6.190259444697314428e-02 1.319981793354574329e-01 2.471552116522530707e-01 0.000000000000000000e+00
3.975000000000000000e+03 1.589964690274876524e-01 5.613336367774237612e-01 5.883022303140646170e-02 1.255120619025944517e-01 2.543240782885753393e-01 0.000000000000000000e+00
4.000000000000000000e+03 1.599964468201133805e-01 5.765817023213473114e-01 5.712335002275830548e-02 1.341602184797451025e-01 2.321347291761493015e-01 0.000000000000000000e+00
4.025000000000000000e+03 1.609964246127388865e-01 5.748748293126991760e-01 5.871643149749658508e-02 1.405325443786982209e-01 2.258761948111060458e-01 0.000000000000000000e+00
4.050000000000000000e+03 1.619964024053646146e-01 5.848884842967683184e-01 5.632680928538916915e-02 1.455393718707328199e-01 2.132453345471096995e-01 0.000000000000000000e+00
4.075000000000000000e+03 1.629963801979903426e-01 5.860263996358671124e-01 5.496131087847064278e-02 1.398497951752389612e-01 2.191624943104233114e-01 0.000000000000000000e+00
4.100000000000000000e+03 1.639963579906160707e-01 5.922849340009103125e-01 5.826126536185707860e-02 1.458807464724624359e-01 2.035730541647701453e-01 0.000000000000000000e+00
4.125000000000000000e+03 1.649963357832417987e-01 5.986572598998634032e-01 5.996813837050523482e-02 1.454255803368229294e-01 1.959490213928083702e-01 0.000000000000000000e+00
4.150000000000000000e+03 1.659963135758675268e-01 5.893263541192534927e-01 6.042330450614474130e-02 1.525944469731451980e-01 1.976558944014565333e-01 0.000000000000000000e+00
4.175000000000000000e+03 1.669962913684932548e-01 5.925125170687300935e-01 5.700955848884842886e-02 1.610150204824760956e-01 1.894629039599453890e-01 0.000000000000000000e+00
4.200000000000000000e+03 1.679962691611189829e-01 5.919435593991807520e-01 5.894401456531633832e-02 1.609012289485662328e-01 1.882111970869367323e-01 0.000000000000000000e+00
4.225000000000000000e+03 1.689962469537447110e-01 5.938780154756485574e-01 5.917159763313609155e-02 1.627218934911242587e-01 1.842284934000910368e-01 0.000000000000000000e+00
4.250000000000000000e+03 1.699962247463704390e-01 5.930814747382794350e-01 5.917159763313609155e-02 1.708010923987255403e-01 1.769458352298589054e-01 0.000000000000000000e+00
4.275000000000000000e+03 1.709962025389961671e-01 5.908056440600819581e-01 5.769230769230769551e-02 1.719390077378243065e-01 1.795630405097860816e-01 0.000000000000000000e+00
4.300000000000000000e+03 1.719961803316216731e-01 6.009330905780609910e-01 5.928538916704597511e-02 1.684114701866181174e-01 1.713700500682749095e-01 0.000000000000000000e+00
4.325000000000000000e+03 1.729961581242474011e-01 6.024123805188893455e-01 5.905780609922621494e-02 1.644287664997724219e-01 1.741010468821119761e-01 0.000000000000000000e+00
4.350000000000000000e+03 1.739961359168731292e-01 6.100364132908511205e-01 5.871643149749658508e-02 1.754665452890304955e-01 1.557806099226217433e-01 0.000000000000000000e+00
4.375000000000000000e+03 1.749961137094988572e-01 6.073054164770140817e-01 5.883022303140646170e-02 1.764906690942193990e-01 1.573736913973600438e-01 0.000000000000000000e+00
4.400000000000000000e+03 1.759960915021245853e-01 6.169776968593536637e-01 6.053709604005461792e-02 1.817250796540737234e-01 1.407601274465179741e-01 0.000000000000000000e+00
4.425000000000000000e+03 1.769960692947503134e-01 6.145880746472462963e-01 6.008192990441511144e-02 1.758079198907601393e-01 1.495220755575785154e-01 0.000000000000000000e+00
4.450000000000000000e+03 1.779960470873760414e-01 6.169776968593536637e-01 5.985434683659535821e-02 1.813837050523441075e-01 1.417842512517068776e-01 0.000000000000000000e+00
4.475000000000000000e+03 1.789960248800017695e-01 6.143604915794265153e-01 6.201638598088302090e-02 1.821802457897132577e-01 1.414428766499772339e-01 0.000000000000000000e+00
4.500000000000000000e+03 1.799960026726274975e-01 6.180018206645425671e-01 6.201638598088302090e-02 1.875284478834774726e-01 1.324533454710969393e-01 0.000000000000000000e+00
4.525000000000000000e+03 1.809959804652532256e-01 6.117432862994993670e-01 6.235776058261265076e-02 1.867319071461083224e-01 1.391670459717797015e-01 0.000000000000000000e+00
4.550000000000000000e+03 1.819959582578789536e-01 6.273327264451524776e-01 6.110605370960400795e-02 1.860491579426490627e-01 1.255120619025944517e-01 0.000000000000000000e+00
4.575000000000000000e+03 1.829959360505044597e-01 6.260810195721437932e-01 5.996813837050523482e-02 1.883249886208466228e-01 1.256258534365043145e-01 0.000000000000000000e+00
4.600000000000000000e+03 1.839959138431301877e-01 6.249431042330451103e-01 6.144742831133363781e-02 1.992489758761948060e-01 1.143604915794264876e-01 0.000000000000000000e+00
4.625000000000000000e+03 1.849958916357559158e-01 6.431497496586253693e-01 5.814747382794720199e-02 1.878698224852070886e-01 1.108329540282202985e-01 0.000000000000000000e+00
4.650000000000000000e+03 1.859958694283816438e-01 6.341602184797451303e-01 5.814747382794720199e-02 1.887801547564861293e-01 1.189121529358215801e-01 0.000000000000000000e+00
4.675000000000000000e+03 1.869958472210073719e-01 6.252844788347746707e-01 5.871643149749658508e-02 2.023213472917614886e-01 1.136777423759672279e-01 0.000000000000000000e+00
4.700000000000000000e+03 1.879958250136330999e-01 6.306326809285389690e-01 6.008192990441511144e-02 2.069868001820664438e-01 1.022985889849795244e-01 0.000000000000000000e+00
4.725000000000000000e+03 1.889958028062588280e-01 6.308602639963586389e-01 6.326809285389166371e-02 2.076695493855257035e-01 9.820209376422393832e-02 0.000000000000000000e+00
4.750000000000000000e+03 1.899957805988845561e-01 6.371187983614019501e-01 6.281292671825215723e-02 2.056213017751479244e-01 9.444697314519799602e-02 0.000000000000000000e+00
4.775000000000000000e+03 1.909957583915102841e-01 6.477014110150204340e-01 5.996813837050523482e-02 1.993627674101046965e-01 9.296768320436959998e-02 0.000000000000000000e+00
4.800000000000000000e+03 1.919957361841360122e-01 6.477014110150204340e-01 5.757851615839781195e-02 2.107419208010923861e-01 8.397815202548930547e-02 0.000000000000000000e+00
4.825000000000000000e+03 1.929957139767617402e-01 6.393946290395994270e-01 6.247155211652252738e-02 2.135867091488393155e-01 8.454710969503868856e-02 0.000000000000000000e+00
4.850000000000000000e+03 1.939956917693872462e-01 6.502048247610378029e-01 5.769230769230769551e-02 2.086936731907146070e-01 8.340919435593992237e-02 0.000000000000000000e+00
4.875000000000000000e+03 1.949956695620129743e-01 6.599908966772871644e-01 5.564406008192990249e-02 2.050523441055985552e-01 7.931269913518433634e-02 0.000000000000000000e+00
4.900000000000000000e+03 1.959956473546387024e-01 6.548702776513427581e-01 5.803368229403732537e-02 2.135867091488393155e-01 7.350933090578061491e-02 0.000000000000000000e+00
4.925000000000000000e+03 1.969956251472644304e-01 6.599908966772871644e-01 5.735093309057805872e-02 2.141556668183887124e-01 6.850250341374601593e-02 0.000000000000000000e+00
4.950000000000000000e+03 1.979956029398901585e-01 6.640873918980427781e-01 5.962676376877560497e-02 2.051661356395084179e-01 7.111970869367319203e-02 0.000000000000000000e+00
4.975000000000000000e+03 1.989955807325158865e-01 6.569185252617205650e-01 6.315430131998178709e-02 2.035730541647701453e-01 7.635411925352754425e-02 0.000000000000000000e+00
5.000000000000000000e+03 1.999955585251416146e-01 6.590805644060081514e-01 6.349567592171143082e-02 2.073281747837960876e-01 7.009558488848430247e-02 0.000000000000000000e+00
5.025000000000000000e+03 2.009955363177673426e-01 6.663632225762403660e-01 6.395084205735093730e-02 2.024351388256713791e-01 6.725079654073737312e-02 0.000000000000000000e+00
5.050000000000000000e+03 2.019955141103930707e-01 6.678425125170687204e-01 6.121984524351388457e-02 2.075557578516158408e-01 6.338188438780155420e-02 0.000000000000000000e+00
5.075000000000000000e+03 2.029954919030187988e-01 6.714838416021847722e-01 6.144742831133363781e-02 2.030040964952207483e-01 6.406463359126081392e-02 0.000000000000000000e+00
5.100000000000000000e+03 2.039954696956445268e-01 6.717114246700045532e-01 6.178880291306326766e-02 2.063040509786071841e-01 6.019572143832498806e-02 0.000000000000000000e+00
5.125000000000000000e+03 2.049954474882700328e-01 6.661356395084205850e-01 6.224396904870277414e-02 2.055075102412380617e-01 6.611288120163859305e-02 0.000000000000000000e+00
5.150000000000000000e+03 2.059954252808957609e-01 6.661356395084205850e-01 6.110605370960400795e-02 2.071005917159763343e-01 6.565771506599908658e-02 0.000000000000000000e+00
5.175000000000000000e+03 2.069954030735214889e-01 6.832043695949021611e-01 5.951297223486572835e-02 1.944697314519799602e-01 6.281292671825215723e-02 0.000000000000000000e+00
5.200000000000000000e+03 2.079953808661472170e-01 6.779699590350477534e-01 6.213017751479289752e-02 1.967455621301775204e-01 6.315430131998178709e-02 0.000000000000000000e+00
5.225000000000000000e+03 2.089953586587729450e-01 6.835457441966317216e-01 6.053709604005461792e-02 1.998179335457442030e-01 5.609922621756941591e-02 0.000000000000000000e+00
5.250000000000000000e+03 2.099953364513986731e-01 6.726217569412835662e-01 6.349567592171143082e-02 2.038006372325898985e-01 6.008192990441511144e-02 0.000000000000000000e+00
5.275000000000000000e+03 2.109953142440244012e-01 6.833181611288120516e-01 6.053709604005461792e-02 2.026627218934911323e-01 5.348202093764223980e-02 0.000000000000000000e+00
5.300000000000000000e+03 2.119952920366501292e-01 6.830905780609922706e-01 6.520254893035958010e-02 1.965179790623577671e-01 5.518889394629039602e-02 0.000000000000000000e+00
5.325000000000000000e+03 2.129952698292758573e-01 6.797906235776057793e-01 5.928538916704597511e-02 2.053937187073281712e-01 5.553026854802002588e-02 0.000000000000000000e+00
5.350000000000000000e+03 2.139952476219015853e-01 6.853664087391898585e-01 6.133363677742376119e-02 2.023213472917614886e-01 5.097860719162494031e-02 0.000000000000000000e+00
5.375000000000000000e+03 2.149952254145273134e-01 6.978834774692762588e-01 5.632680928538916915e-02 1.935593991807009473e-01 5.223031406463359005e-02 0.000000000000000000e+00
5.400000000000000000e+03 2.159952032071528194e-01 6.869594902139281034e-01 5.848884842967683184e-02 2.040282203004096517e-01 5.052344105598543383e-02 0.000000000000000000e+00
5.425000000000000000e+03 2.169951809997785475e-01 6.834319526627219421e-01 6.235776058261265076e-02 2.036868456986800080e-01 5.052344105598543383e-02 0.000000000000000000e+00
5.450000000000000000e+03 2.179951587924042755e-01 6.859353664087392000e-01 5.962676376877560497e-02 2.019799726900318726e-01 5.245789713245334329e-02 0.000000000000000000e+00
5.475000000000000000e+03 2.189951365850300036e-01 6.867319071461083224e-01 5.939918070095585173e-02 2.030040964952207483e-01 5.086481565771506369e-02 0.000000000000000000e+00
5.500000000000000000e+03 2.199951143776557316e-01 6.907146108329540457e-01 6.224396904870277414e-02 1.999317250796540657e-01 4.710969503868912139e-02 0.000000000000000000e+00
5.525000000000000000e+03 2.209950921702814597e-01 6.880974055530268974e-01 6.372325898953118406e-02 2.020937642239417353e-01 4.608557123350022489e-02 0.000000000000000000e+00
5.550000000000000000e+03 2.219950699629071877e-01 6.855939918070095285e-01 6.224396904870277414e-02 2.068730086481565811e-01 4.528903049613108855e-02 0.000000000000000000e+00
5.575000000000000000e+03 2.229950477555329158e-01 6.906008192990441552e-01 6.588529813381883982e-02 2.017523896222121194e-01 4.176149294492489950e-02 0.000000000000000000e+00
5.600000000000000000e+03 2.239950255481586439e-01 6.954938552571688914e-01 5.700955848884842886e-02 2.022075557578516258e-01 4.528903049613108855e-02 0.000000000000000000e+00
5.625000000000000000e+03 2.249950033407843719e-01 6.912835685025033872e-01 6.087847064178425471e-02 2.051661356395084179e-01 4.267182521620391245e-02 0.000000000000000000e+00
5.650000000000000000e+03 2.259949811334101000e-01 6.840009103322712836e-01 6.656804733727811341e-02 2.081247155211652378e-01 4.130632680928538608e-02 0.000000000000000000e+00
5.675000000000000000e+03 2.269949589260356060e-01 6.858215748748293095e-01 6.508875739644970349e-02 1.991351843422849432e-01 4.995448338643605074e-02 0.000000000000000000e+00
