# itime ezz other fcc hcp bcc ico
0.000000000000000000e+00 0.000000000000000000e+00 4.551661356395084266e-04 9.995448338643604380e-01 0.000000000000000000e+00 0.000000000000000000e+00 0.000000000000000000e+00
3.000000000000000000e+01 1.200002555107215763e-02 1.479289940828402332e-03 9.985207100591716456e-01 0.000000000000000000e+00 0.000000000000000000e+00 0.000000000000000000e+00
6.000000000000000000e+01 2.400005110214409321e-02 1.137915339098770958e-03 9.988620846609012061e-01 0.000000000000000000e+00 0.000000000000000000e+00 0.000000000000000000e+00
9.000000000000000000e+01 3.600007665321625083e-02 2.730996813837050560e-03 9.972690031861629611e-01 0.000000000000000000e+00 0.000000000000000000e+00 0.000000000000000000e+00
1.200000000000000000e+02 4.800010220428818641e-02 7.624032771961766417e-03 9.922621756941283344e-01 0.000000000000000000e+00 1.137915339098771066e-04 0.000000000000000000e+00
1.500000000000000000e+02 6.000012775536034404e-02 1.593081474738279601e-02 9.838416021847974369e-01 0.000000000000000000e+00 2.275830678197542133e-04 0.000000000000000000e+00
1.800000000000000000e+02 7.200015330643227962e-02 4.301319981793354230e-02 9.544833864360491305e-01 0.000000000000000000e+00 2.503413746017296455e-03 0.000000000000000000e+00
2.100000000000000000e+02 8.400017885750443725e-02 6.929904415111515226e-02 9.264906690942193990e-01 0.000000000000000000e+00 4.210286754665453109e-03 0.000000000000000000e+00
2.400000000000000000e+02 9.600020440857637283e-02 1.149294492489758707e-01 8.766499772416932457e-01 0.000000000000000000e+00 8.420573509330906217e-03 0.000000000000000000e+00
2.700000000000000000e+02 1.080002299596485305e-01 2.165452890304961353e-01 7.683204369594902605e-01 0.000000000000000000e+00 1.513427401001365448e-02 0.000000000000000000e+00
3.000000000000000000e+02 1.200002555107204660e-01 3.690259444697314706e-01 5.985434683659536237e-01 4.551661356395084266e-04 3.197542102867546865e-02 0.000000000000000000e+00
3.300000000000000000e+02 1.320002810617926237e-01 5.201411015020482864e-01 4.194355939918070209e-01 1.251706873008648227e-03 5.917159763313609155e-02 0.000000000000000000e+00
3.600000000000000000e+02 1.440003066128645592e-01 6.500910332271279124e-01 2.490896677287209870e-01 4.551661356395083832e-03 9.626763768775603580e-02 0.000000000000000000e+00
3.900000000000000000e+02 1.560003321639367169e-01 7.328174783796085334e-01 1.346153846153846090e-01 8.875739644970414427e-03 1.236913973600364119e-01 0.000000000000000000e+00
4.200000000000000000e+02 1.680003577150086524e-01 7.765134274010013771e-01 6.998179335457442585e-02 1.661356395084205573e-02 1.368912152935821691e-01 0.000000000000000000e+00
4.500000000000000000e+02 1.800003832660808101e-01 8.017751479289940697e-01 4.688211197086936816e-02 2.730996813837050646e-02 1.240327719617660418e-01 0.000000000000000000e+00
4.800000000000000000e+02 1.920004088171529677e-01 8.373918980427855763e-01 3.299954483386435822e-02 3.038233955393718558e-02 9.922621756941284177e-02 0.000000000000000000e+00
5.100000000000000000e+02 2.040004343682249033e-01 8.537778789258079204e-01 2.662721893491124328e-02 3.038233955393718558e-02 8.921256258534364381e-02 0.000000000000000000e+00
5.400000000000000000e+02 2.160004599192970609e-01 8.834774692762858983e-01 2.309968138370505075e-02 2.833409194355939950e-02 6.508875739644970349e-02 0.000000000000000000e+00
5.700000000000000000e+02 2.280004854703689965e-01 9.028220300409649512e-01 2.025489303595812488e-02 2.753755120619025970e-02 4.927173418297678409e-02 1.137915339098771066e-04
6.000000000000000000e+02 2.400005110214411541e-01 9.164770141101502565e-01 2.127901684114701791e-02 2.412380518889394726e-02 3.812016385980882688e-02 0.000000000000000000e+00
6.300000000000000000e+02 2.520005365725130897e-01 9.336595357305416121e-01 1.536185707783340945e-02 2.344105598543468408e-02 2.753755120619025970e-02 0.000000000000000000e+00
6.600000000000000000e+02 2.640005621235852473e-01 9.403732362312243742e-01 1.411015020482476144e-02 2.253072371415566766e-02 2.287209831588529751e-02 1.137915339098771066e-04
6.900000000000000000e+02 2.760005876746571829e-01 9.467455621301774649e-01 1.479289940828402289e-02 2.116522530723714129e-02 1.729631315430131891e-02 0.000000000000000000e+00
7.200000000000000000e+02 2.880006132257293405e-01 9.492489758761948337e-01 1.365498406918525323e-02 2.162039144287665124e-02 1.547564861174328607e-02 0.000000000000000000e+00
7.500000000000000000e+02 3.000006387768012761e-01 9.565316340464269373e-01 1.228948566226672687e-02 1.866181156121984527e-02 1.251706873008648184e-02 0.000000000000000000e+00
7.800000000000000000e+02 3.120006643278734337e-01 9.626763768775603580e-01 1.081019572143832562e-02 1.684114701866181243e-02 9.672280382339554228e-03 0.000000000000000000e+00
8.100000000000000000e+02 3.240006898789453693e-01 9.576695493855257313e-01 1.081019572143832562e-02 1.809285389167045871e-02 1.342740100136549826e-02 0.000000000000000000e+00
8.400000000000000000e+02 3.360007154300175269e-01 9.666590805644059703e-01 9.444697314519799256e-03 1.627218934911242587e-02 7.624032771961766417e-03 0.000000000000000000e+00
8.700000000000000000e+02 3.480007409810894625e-01 9.660901228948566288e-01 8.875739644970414427e-03 1.604460628129267263e-02 8.875739644970414427e-03 1.137915339098771066e-04
9.000000000000000000e+02 3.600007665321616201e-01 9.682521620391443262e-01 9.330905780609922637e-03 1.467910787437414627e-02 7.624032771961766417e-03 1.137915339098771066e-04
9.300000000000000000e+02 3.720007920832337778e-01 9.701866181156122426e-01 1.035502958579881741e-02 1.422394173873463806e-02 5.120619025944469528e-03 1.137915339098771066e-04
9.600000000000000000e+02 3.840008176343057134e-01 9.743969048702776359e-01 1.046882111970869403e-02 1.024123805188893906e-02 4.893035958124715423e-03 0.000000000000000000e+00
9.900000000000000000e+02 3.960008431853778710e-01 9.756486117432863203e-01 8.989531178880291046e-03 1.001365498406918582e-02 5.234410559854347014e-03 1.137915339098771066e-04
1.020000000000000000e+03 4.080008687364498066e-01 9.767865270823851143e-01 9.558488848429677609e-03 7.624032771961766417e-03 5.917159763313609329e-03 1.137915339098771066e-04
1.050000000000000000e+03 4.200008942875219642e-01 9.788347746927628101e-01 8.420573509330906217e-03 7.396449704142011444e-03 5.120619025944469528e-03 2.275830678197542133e-04
1.080000000000000000e+03 4.320009198385938998e-01 9.835002275830677654e-01 5.803368229403732710e-03 6.486117432862995025e-03 4.096495220755575623e-03 1.137915339098771066e-04
1.110000000000000000e+03 4.440009453896660574e-01 9.842967683204369989e-01 5.234410559854347014e-03 7.055075102412380721e-03 3.186162949476558769e-03 2.275830678197542133e-04
1.140000000000000000e+03 4.560009709407379930e-01 9.816795630405097395e-01 6.827492034592626616e-03 7.510241238051888930e-03 3.755120619025944465e-03 2.275830678197542133e-04
1.170000000000000000e+03 4.680009964918101506e-01 9.831588529813382049e-01 5.917159763313609329e-03 8.079198907601274626e-03 2.730996813837050560e-03 1.137915339098771066e-04
1.200000000000000000e+03 4.800010220428820862e-01 9.861174328629950248e-01 4.779244424214838804e-03 7.055075102412380721e-03 1.820664542558033706e-03 2.275830678197542133e-04
1.230000000000000000e+03 4.920010475939542438e-01 9.882794720072826111e-01 3.299954483386436255e-03 6.030951297223486815e-03 2.389622212107419402e-03 0.000000000000000000e+00
1.260000000000000000e+03 5.040010731450261794e-01 9.881656804733728316e-01 3.527537551206190360e-03 5.461993627674101119e-03 2.844788347746927612e-03 0.000000000000000000e+00
1.290000000000000000e+03 5.160010986960983370e-01 9.881656804733728316e-01 3.868912152935821518e-03 5.234410559854347014e-03 2.617205279927173507e-03 1.137915339098771066e-04
1.320000000000000000e+03 5.280011242471702726e-01 9.895311788802912956e-01 2.389622212107419402e-03 5.348202093764223633e-03 2.275830678197541916e-03 4.551661356395084266e-04
1.350000000000000000e+03 5.400011497982424302e-01 9.882794720072826111e-01 2.958579881656804664e-03 5.575785161583977738e-03 2.730996813837050560e-03 4.551661356395084266e-04
1.380000000000000000e+03 5.520011753493145878e-01 9.922621756941283344e-01 2.617205279927173507e-03 3.527537551206190360e-03 1.251706873008648227e-03 3.413746017296313199e-04
1.410000000000000000e+03 5.640012009003865234e-01 9.916932180245789930e-01 3.186162949476558769e-03 3.527537551206190360e-03 1.251706873008648227e-03 3.413746017296313199e-04
1.440000000000000000e+03 5.760012264514586811e-01 9.913518434228493215e-01 2.617205279927173507e-03 3.527537551206190360e-03 1.479289940828402332e-03 1.024123805188893906e-03
1.470000000000000000e+03 5.880012520025306166e-01 9.937414656349567998e-01 1.706873008648156654e-03 2.844788347746927612e-03 1.251706873008648227e-03 4.551661356395084266e-04
1.500000000000000000e+03 6.000012775536027743e-01 9.943104233045061413e-01 1.820664542558033706e-03 3.072371415566681717e-03 4.551661356395084266e-04 3.413746017296313199e-04
1.530000000000000000e+03 6.120013031046747098e-01 9.947655894401457033e-01 1.137915339098770958e-03 3.186162949476558769e-03 2.275830678197542133e-04 6.827492034592626399e-04
1.560000000000000000e+03 6.240013286557468675e-01 9.955621301775148257e-01 9.103322712790168532e-04 2.275830678197541916e-03 4.551661356395084266e-04 7.965407373691396923e-04
1.590000000000000000e+03 6.360013542068188030e-01 9.946517979062358128e-01 1.137915339098770958e-03 2.617205279927173507e-03 5.689576695493854790e-04 1.024123805188893906e-03
1.620000000000000000e+03 6.480013797578909607e-01 9.949931725079653733e-01 1.365498406918525280e-03 2.389622212107419402e-03 7.965407373691396923e-04 4.551661356395084266e-04
1.650000000000000000e+03 6.600014053089628963e-01 9.968138370505233992e-01 6.827492034592626399e-04 1.593081474738279385e-03 4.551661356395084266e-04 4.551661356395084266e-04
1.680000000000000000e+03 6.720014308600350539e-01 9.959035047792443862e-01 5.689576695493854790e-04 2.048247610377787811e-03 5.689576695493854790e-04 9.103322712790168532e-04
1.710000000000000000e+03 6.840014564111069895e-01 9.959035047792443862e-01 1.024123805188893906e-03 1.706873008648156654e-03 5.689576695493854790e-04 7.965407373691396923e-04
1.740000000000000000e+03 6.960014819621791471e-01 9.965862539827037292e-01 5.689576695493854790e-04 1.593081474738279385e-03 3.413746017296313199e-04 9.103322712790168532e-04
1.770000000000000000e+03 7.080015075132513047e-01 9.957897132453344957e-01 9.103322712790168532e-04 1.024123805188893906e-03 4.551661356395084266e-04 1.820664542558033706e-03
1.800000000000000000e+03 7.200015330643232403e-01 9.976103777878926326e-01 4.551661356395084266e-04 1.024123805188893906e-03 2.275830678197542133e-04 6.827492034592626399e-04
1.830000000000000000e+03 7.320015586153953979e-01 9.968138370505233992e-01 3.413746017296313199e-04 1.137915339098770958e-03 2.275830678197542133e-04 1.479289940828402332e-03
1.860000000000000000e+03 7.440015841664673335e-01 9.973827947200728516e-01 5.689576695493854790e-04 1.024123805188893906e-03 3.413746017296313199e-04 6.827492034592626399e-04
1.890000000000000000e+03 7.560016097175394911e-01 9.972690031861629611e-01 3.413746017296313199e-04 1.479289940828402332e-03 2.275830678197542133e-04 6.827492034592626399e-04
1.920000000000000000e+03 7.680016352686114267e-01 9.981793354574419741e-01 0.000000000000000000e+00 6.827492034592626399e-04 0.000000000000000000e+00 1.137915339098770958e-03
1.950000000000000000e+03 7.800016608196835843e-01 9.978379608557123026e-01 3.413746017296313199e-04 1.137915339098770958e-03 0.000000000000000000e+00 6.827492034592626399e-04
1.980000000000000000e+03 7.920016863707555199e-01 9.980655439235320836e-01 2.275830678197542133e-04 9.103322712790168532e-04 3.413746017296313199e-04 4.551661356395084266e-04
2.010000000000000000e+03 8.040017119218276775e-01 9.974965862539827421e-01 6.827492034592626399e-04 1.137915339098770958e-03 1.137915339098771066e-04 5.689576695493854790e-04
2.040000000000000000e+03 8.160017374728996131e-01 9.985207100591716456e-01 3.413746017296313199e-04 9.103322712790168532e-04 1.137915339098771066e-04 1.137915339098771066e-04
2.070000000000000000e+03 8.280017630239717707e-01 9.984069185252617551e-01 2.275830678197542133e-04 6.827492034592626399e-04 3.413746017296313199e-04 3.413746017296313199e-04
2.100000000000000000e+03 8.400017885750437063e-01 9.985207100591716456e-01 0.000000000000000000e+00 6.827492034592626399e-04 4.551661356395084266e-04 3.413746017296313199e-04
2.130000000000000000e+03 8.520018141261158640e-01 9.985207100591716456e-01 3.413746017296313199e-04 4.551661356395084266e-04 0.000000000000000000e+00 6.827492034592626399e-04
2.160000000000000000e+03 8.640018396771877995e-01 9.977241693218024121e-01 6.827492034592626399e-04 1.137915339098770958e-03 1.137915339098771066e-04 3.413746017296313199e-04
2.190000000000000000e+03 8.760018652282599572e-01 9.971552116522530707e-01 5.689576695493854790e-04 1.024123805188893906e-03 1.137915339098771066e-04 1.137915339098770958e-03
2.220000000000000000e+03 8.880018907793321148e-01 9.977241693218024121e-01 6.827492034592626399e-04 6.827492034592626399e-04 1.137915339098771066e-04 7.965407373691396923e-04
2.250000000000000000e+03 9.000019163304040504e-01 9.990896677287209870e-01 2.275830678197542133e-04 1.137915339098771066e-04 2.275830678197542133e-04 3.413746017296313199e-04
2.280000000000000000e+03 9.120019418814762080e-01 9.981793354574419741e-01 3.413746017296313199e-04 3.413746017296313199e-04 3.413746017296313199e-04 7.965407373691396923e-04
2.310000000000000000e+03 9.240019674325481436e-01 9.982931269913518646e-01 4.551661356395084266e-04 2.275830678197542133e-04 0.000000000000000000e+00 1.024123805188893906e-03
2.340000000000000000e+03 9.360019929836203012e-01 9.976103777878926326e-01 6.827492034592626399e-04 5.689576695493854790e-04 2.275830678197542133e-04 9.103322712790168532e-04
2.370000000000000000e+03 9.480020185346922368e-01 9.984069185252617551e-01 4.551661356395084266e-04 2.275830678197542133e-04 2.275830678197542133e-04 6.827492034592626399e-04
2.400000000000000000e+03 9.600020440857643944e-01 9.973827947200728516e-01 5.689576695493854790e-04 3.413746017296313199e-04 5.689576695493854790e-04 1.137915339098770958e-03
2.430000000000000000e+03 9.720020696368363300e-01 9.980655439235320836e-01 4.551661356395084266e-04 6.827492034592626399e-04 2.275830678197542133e-04 5.689576695493854790e-04
2.460000000000000000e+03 9.840020951879084876e-01 9.979517523896221931e-01 3.413746017296313199e-04 1.024123805188893906e-03 1.137915339098771066e-04 5.689576695493854790e-04
2.490000000000000000e+03 9.960021207389804232e-01 9.964724624487938387e-01 5.689576695493854790e-04 7.965407373691396923e-04 6.827492034592626399e-04 1.479289940828402332e-03
