# itime ezz other fcc hcp bcc ico
0.000000000000000000e+00 0.000000000000000000e+00 0.000000000000000000e+00 1.000000000000000000e+00 0.000000000000000000e+00 0.000000000000000000e+00 0.000000000000000000e+00
2.500000000000000000e+01 9.999747803983716210e-04 0.000000000000000000e+00 1.000000000000000000e+00 0.000000000000000000e+00 0.000000000000000000e+00 0.000000000000000000e+00
5.000000000000000000e+01 1.999949560796743242e-03 0.000000000000000000e+00 1.000000000000000000e+00 0.000000000000000000e+00 0.000000000000000000e+00 0.000000000000000000e+00
7.500000000000000000e+01 2.999924341195114863e-03 0.000000000000000000e+00 1.000000000000000000e+00 0.000000000000000000e+00 0.000000000000000000e+00 0.000000000000000000e+00
1.000000000000000000e+02 3.999899121593486484e-03 0.000000000000000000e+00 1.000000000000000000e+00 0.000000000000000000e+00 0.000000000000000000e+00 0.000000000000000000e+00
1.250000000000000000e+02 4.999873901991858105e-03 0.000000000000000000e+00 1.000000000000000000e+00 0.000000000000000000e+00 0.000000000000000000e+00 0.000000000000000000e+00
1.500000000000000000e+02 5.999848682390229726e-03 0.000000000000000000e+00 1.000000000000000000e+00 0.000000000000000000e+00 0.000000000000000000e+00 0.000000000000000000e+00
1.750000000000000000e+02 6.999823462788823392e-03 0.000000000000000000e+00 1.000000000000000000e+00 0.000000000000000000e+00 0.000000000000000000e+00 0.000000000000000000e+00
2.000000000000000000e+02 7.999798243187195013e-03 0.000000000000000000e+00 1.000000000000000000e+00 0.000000000000000000e+00 0.000000000000000000e+00 0.000000000000000000e+00
2.250000000000000000e+02 8.999773023585566634e-03 0.000000000000000000e+00 1.000000000000000000e+00 0.000000000000000000e+00 0.000000000000000000e+00 0.000000000000000000e+00
2.500000000000000000e+02 9.999747803983938255e-03 0.000000000000000000e+00 1.000000000000000000e+00 0.000000000000000000e+00 0.000000000000000000e+00 0.000000000000000000e+00
2.750000000000000000e+02 1.099972258438230988e-02 0.000000000000000000e+00 1.000000000000000000e+00 0.000000000000000000e+00 0.000000000000000000e+00 0.000000000000000000e+00
3.000000000000000000e+02 1.199969736478068150e-02 0.000000000000000000e+00 1.000000000000000000e+00 0.000000000000000000e+00 0.000000000000000000e+00 0.000000000000000000e+00
3.250000000000000000e+02 1.299967214517905312e-02 0.000000000000000000e+00 1.000000000000000000e+00 0.000000000000000000e+00 0.000000000000000000e+00 0.000000000000000000e+00
3.500000000000000000e+02 1.399964692557742474e-02 0.000000000000000000e+00 1.000000000000000000e+00 0.000000000000000000e+00 0.000000000000000000e+00 0.000000000000000000e+00
3.750000000000000000e+02 1.499962170597579636e-02 0.000000000000000000e+00 1.000000000000000000e+00 0.000000000000000000e+00 0.000000000000000000e+00 0.000000000000000000e+00
4.000000000000000000e+02 1.599959648637416798e-02 0.000000000000000000e+00 1.000000000000000000e+00 0.000000000000000000e+00 0.000000000000000000e+00 0.000000000000000000e+00
4.250000000000000000e+02 1.699957126677253960e-02 0.000000000000000000e+00 1.000000000000000000e+00 0.000000000000000000e+00 0.000000000000000000e+00 0.000000000000000000e+00
4.500000000000000000e+02 1.799954604717091122e-02 0.000000000000000000e+00 1.000000000000000000e+00 0.000000000000000000e+00 0.000000000000000000e+00 0.000000000000000000e+00
4.750000000000000000e+02 1.899952082756928284e-02 0.000000000000000000e+00 1.000000000000000000e+00 0.000000000000000000e+00 0.000000000000000000e+00 0.000000000000000000e+00
5.000000000000000000e+02 1.999949560796787651e-02 0.000000000000000000e+00 1.000000000000000000e+00 0.000000000000000000e+00 0.000000000000000000e+00 0.000000000000000000e+00
5.250000000000000000e+02 2.099947038836624813e-02 0.000000000000000000e+00 1.000000000000000000e+00 0.000000000000000000e+00 0.000000000000000000e+00 0.000000000000000000e+00
5.500000000000000000e+02 2.199944516876461975e-02 0.000000000000000000e+00 1.000000000000000000e+00 0.000000000000000000e+00 0.000000000000000000e+00 0.000000000000000000e+00
5.750000000000000000e+02 2.299941994916299137e-02 0.000000000000000000e+00 1.000000000000000000e+00 0.000000000000000000e+00 0.000000000000000000e+00 0.000000000000000000e+00
6.000000000000000000e+02 2.399939472956136299e-02 0.000000000000000000e+00 1.000000000000000000e+00 0.000000000000000000e+00 0.000000000000000000e+00 0.000000000000000000e+00
6.250000000000000000e+02 2.499936950995973461e-02 0.000000000000000000e+00 1.000000000000000000e+00 0.000000000000000000e+00 0.000000000000000000e+00 0.000000000000000000e+00
6.500000000000000000e+02 2.599934429035810624e-02 0.000000000000000000e+00 1.000000000000000000e+00 0.000000000000000000e+00 0.000000000000000000e+00 0.000000000000000000e+00
6.750000000000000000e+02 2.699931907075647786e-02 0.000000000000000000e+00 1.000000000000000000e+00 0.000000000000000000e+00 0.000000000000000000e+00 0.000000000000000000e+00
7.000000000000000000e+02 2.799929385115484948e-02 0.000000000000000000e+00 1.000000000000000000e+00 0.000000000000000000e+00 0.000000000000000000e+00 0.000000000000000000e+00
7.250000000000000000e+02 2.899926863155322110e-02 0.000000000000000000e+00 1.000000000000000000e+00 0.000000000000000000e+00 0.000000000000000000e+00 0.000000000000000000e+00
7.500000000000000000e+02 2.999924341195159272e-02 0.000000000000000000e+00 1.000000000000000000e+00 0.000000000000000000e+00 0.000000000000000000e+00 0.000000000000000000e+00
7.750000000000000000e+02 3.099921819234996434e-02 0.000000000000000000e+00 1.000000000000000000e+00 0.000000000000000000e+00 0.000000000000000000e+00 0.000000000000000000e+00
8.000000000000000000e+02 3.199919297274833596e-02 0.000000000000000000e+00 1.000000000000000000e+00 0.000000000000000000e+00 0.000000000000000000e+00 0.000000000000000000e+00
8.250000000000000000e+02 3.299916775314692963e-02 0.000000000000000000e+00 1.000000000000000000e+00 0.000000000000000000e+00 0.000000000000000000e+00 0.000000000000000000e+00
8.500000000000000000e+02 3.399914253354530125e-02 0.000000000000000000e+00 1.000000000000000000e+00 0.000000000000000000e+00 0.000000000000000000e+00 0.000000000000000000e+00
8.750000000000000000e+02 3.499911731394367287e-02 0.000000000000000000e+00 1.000000000000000000e+00 0.000000000000000000e+00 0.000000000000000000e+00 0.000000000000000000e+00
9.000000000000000000e+02 3.599909209434204449e-02 0.000000000000000000e+00 1.000000000000000000e+00 0.000000000000000000e+00 0.000000000000000000e+00 0.000000000000000000e+00
9.250000000000000000e+02 3.699906687474041611e-02 0.000000000000000000e+00 1.000000000000000000e+00 0.000000000000000000e+00 0.000000000000000000e+00 0.000000000000000000e+00
9.500000000000000000e+02 3.799904165513878773e-02 0.000000000000000000e+00 1.000000000000000000e+00 0.000000000000000000e+00 0.000000000000000000e+00 0.000000000000000000e+00
9.750000000000000000e+02 3.899901643553715935e-02 0.000000000000000000e+00 1.000000000000000000e+00 0.000000000000000000e+00 0.000000000000000000e+00 0.000000000000000000e+00
1.000000000000000000e+03 3.999899121593553097e-02 0.000000000000000000e+00 1.000000000000000000e+00 0.000000000000000000e+00 0.000000000000000000e+00 0.000000000000000000e+00
1.025000000000000000e+03 4.099896599633390259e-02 0.000000000000000000e+00 1.000000000000000000e+00 0.000000000000000000e+00 0.000000000000000000e+00 0.000000000000000000e+00
1.050000000000000000e+03 4.199894077673227422e-02 0.000000000000000000e+00 1.000000000000000000e+00 0.000000000000000000e+00 0.000000000000000000e+00 0.000000000000000000e+00
1.075000000000000000e+03 4.299891555713064584e-02 0.000000000000000000e+00 1.000000000000000000e+00 0.000000000000000000e+00 0.000000000000000000e+00 0.000000000000000000e+00
1.100000000000000000e+03 4.399889033752901746e-02 0.000000000000000000e+00 1.000000000000000000e+00 0.000000000000000000e+00 0.000000000000000000e+00 0.000000000000000000e+00
1.125000000000000000e+03 4.499886511792738908e-02 0.000000000000000000e+00 1.000000000000000000e+00 0.000000000000000000e+00 0.000000000000000000e+00 0.000000000000000000e+00
1.150000000000000000e+03 4.599883989832598274e-02 0.000000000000000000e+00 1.000000000000000000e+00 0.000000000000000000e+00 0.000000000000000000e+00 0.000000000000000000e+00
1.175000000000000000e+03 4.699881467872435437e-02 0.000000000000000000e+00 1.000000000000000000e+00 0.000000000000000000e+00 0.000000000000000000e+00 0.000000000000000000e+00
1.200000000000000000e+03 4.799878945912272599e-02 0.000000000000000000e+00 1.000000000000000000e+00 0.000000000000000000e+00 0.000000000000000000e+00 0.000000000000000000e+00
1.225000000000000000e+03 4.899876423952109761e-02 0.000000000000000000e+00 1.000000000000000000e+00 0.000000000000000000e+00 0.000000000000000000e+00 0.000000000000000000e+00
1.250000000000000000e+03 4.999873901991946923e-02 0.000000000000000000e+00 1.000000000000000000e+00 0.000000000000000000e+00 0.000000000000000000e+00 0.000000000000000000e+00
1.275000000000000000e+03 5.099871380031784085e-02 0.000000000000000000e+00 1.000000000000000000e+00 0.000000000000000000e+00 0.000000000000000000e+00 0.000000000000000000e+00
1.300000000000000000e+03 5.199868858071621247e-02 0.000000000000000000e+00 1.000000000000000000e+00 0.000000000000000000e+00 0.000000000000000000e+00 0.000000000000000000e+00
1.325000000000000000e+03 5.299866336111458409e-02 0.000000000000000000e+00 1.000000000000000000e+00 0.000000000000000000e+00 0.000000000000000000e+00 0.000000000000000000e+00
1.350000000000000000e+03 5.399863814151295571e-02 0.000000000000000000e+00 1.000000000000000000e+00 0.000000000000000000e+00 0.000000000000000000e+00 0.000000000000000000e+00
1.375000000000000000e+03 5.499861292191132733e-02 0.000000000000000000e+00 1.000000000000000000e+00 0.000000000000000000e+00 0.000000000000000000e+00 0.000000000000000000e+00
1.400000000000000000e+03 5.599858770230969895e-02 0.000000000000000000e+00 1.000000000000000000e+00 0.000000000000000000e+00 0.000000000000000000e+00 0.000000000000000000e+00
1.425000000000000000e+03 5.699856248270807058e-02 0.000000000000000000e+00 1.000000000000000000e+00 0.000000000000000000e+00 0.000000000000000000e+00 0.000000000000000000e+00
1.450000000000000000e+03 5.799853726310644220e-02 0.000000000000000000e+00 1.000000000000000000e+00 0.000000000000000000e+00 0.000000000000000000e+00 0.000000000000000000e+00
1.475000000000000000e+03 5.899851204350503586e-02 0.000000000000000000e+00 1.000000000000000000e+00 0.000000000000000000e+00 0.000000000000000000e+00 0.000000000000000000e+00
1.500000000000000000e+03 5.999848682390340748e-02 0.000000000000000000e+00 1.000000000000000000e+00 0.000000000000000000e+00 0.000000000000000000e+00 0.000000000000000000e+00
1.525000000000000000e+03 6.099846160430177910e-02 0.000000000000000000e+00 1.000000000000000000e+00 0.000000000000000000e+00 0.000000000000000000e+00 0.000000000000000000e+00
1.550000000000000000e+03 6.199843638470015073e-02 0.000000000000000000e+00 1.000000000000000000e+00 0.000000000000000000e+00 0.000000000000000000e+00 0.000000000000000000e+00
1.575000000000000000e+03 6.299841116509852235e-02 0.000000000000000000e+00 1.000000000000000000e+00 0.000000000000000000e+00 0.000000000000000000e+00 0.000000000000000000e+00
1.600000000000000000e+03 6.399838594549689397e-02 0.000000000000000000e+00 1.000000000000000000e+00 0.000000000000000000e+00 0.000000000000000000e+00 0.000000000000000000e+00
1.625000000000000000e+03 6.499836072589526559e-02 0.000000000000000000e+00 1.000000000000000000e+00 0.000000000000000000e+00 0.000000000000000000e+00 0.000000000000000000e+00
1.650000000000000000e+03 6.599833550629363721e-02 1.137915339098771066e-04 9.998862084660901095e-01 0.000000000000000000e+00 0.000000000000000000e+00 0.000000000000000000e+00
1.675000000000000000e+03 6.699831028669200883e-02 1.137915339098771066e-04 9.998862084660901095e-01 0.000000000000000000e+00 0.000000000000000000e+00 0.000000000000000000e+00
1.700000000000000000e+03 6.799828506709038045e-02 0.000000000000000000e+00 1.000000000000000000e+00 0.000000000000000000e+00 0.000000000000000000e+00 0.000000000000000000e+00
1.725000000000000000e+03 6.899825984748875207e-02 0.000000000000000000e+00 1.000000000000000000e+00 0.000000000000000000e+00 0.000000000000000000e+00 0.000000000000000000e+00
1.750000000000000000e+03 6.999823462788712369e-02 0.000000000000000000e+00 1.000000000000000000e+00 0.000000000000000000e+00 0.000000000000000000e+00 0.000000000000000000e+00
1.775000000000000000e+03 7.099820940828549531e-02 0.000000000000000000e+00 1.000000000000000000e+00 0.000000000000000000e+00 0.000000000000000000e+00 0.000000000000000000e+00
1.800000000000000000e+03 7.199818418868408898e-02 0.000000000000000000e+00 1.000000000000000000e+00 0.000000000000000000e+00 0.000000000000000000e+00 0.000000000000000000e+00
1.825000000000000000e+03 7.299815896908246060e-02 0.000000000000000000e+00 1.000000000000000000e+00 0.000000000000000000e+00 0.000000000000000000e+00 0.000000000000000000e+00
1.850000000000000000e+03 7.399813374948083222e-02 0.000000000000000000e+00 1.000000000000000000e+00 0.000000000000000000e+00 0.000000000000000000e+00 0.000000000000000000e+00
1.875000000000000000e+03 7.499810852987920384e-02 0.000000000000000000e+00 1.000000000000000000e+00 0.000000000000000000e+00 0.000000000000000000e+00 0.000000000000000000e+00
1.900000000000000000e+03 7.599808331027757546e-02 0.000000000000000000e+00 1.000000000000000000e+00 0.000000000000000000e+00 0.000000000000000000e+00 0.000000000000000000e+00
1.925000000000000000e+03 7.699805809067594708e-02 0.000000000000000000e+00 1.000000000000000000e+00 0.000000000000000000e+00 0.000000000000000000e+00 0.000000000000000000e+00
1.950000000000000000e+03 7.799803287107431871e-02 4.551661356395084266e-04 9.995448338643604380e-01 0.000000000000000000e+00 0.000000000000000000e+00 0.000000000000000000e+00
1.975000000000000000e+03 7.899800765147269033e-02 5.689576695493854790e-04 9.994310423304506585e-01 0.000000000000000000e+00 0.000000000000000000e+00 0.000000000000000000e+00
2.000000000000000000e+03 7.999798243187106195e-02 0.000000000000000000e+00 1.000000000000000000e+00 0.000000000000000000e+00 0.000000000000000000e+00 0.000000000000000000e+00
2.025000000000000000e+03 8.099795721226943357e-02 2.275830678197542133e-04 9.997724169321802190e-01 0.000000000000000000e+00 0.000000000000000000e+00 0.000000000000000000e+00
2.050000000000000000e+03 8.199793199266780519e-02 0.000000000000000000e+00 1.000000000000000000e+00 0.000000000000000000e+00 0.000000000000000000e+00 0.000000000000000000e+00
2.075000000000000000e+03 8.299790677306617681e-02 0.000000000000000000e+00 1.000000000000000000e+00 0.000000000000000000e+00 0.000000000000000000e+00 0.000000000000000000e+00
2.100000000000000000e+03 8.399788155346477048e-02 6.827492034592626399e-04 9.992034592626308775e-01 0.000000000000000000e+00 1.137915339098771066e-04 0.000000000000000000e+00
2.125000000000000000e+03 8.499785633386314210e-02 0.000000000000000000e+00 1.000000000000000000e+00 0.000000000000000000e+00 0.000000000000000000e+00 0.000000000000000000e+00
2.150000000000000000e+03 8.599783111426151372e-02 5.689576695493854790e-04 9.994310423304506585e-01 0.000000000000000000e+00 0.000000000000000000e+00 0.000000000000000000e+00
2.175000000000000000e+03 8.699780589465988534e-02 5.689576695493854790e-04 9.994310423304506585e-01 0.000000000000000000e+00 0.000000000000000000e+00 0.000000000000000000e+00
2.200000000000000000e+03 8.799778067505825696e-02 6.827492034592626399e-04 9.993172507965407680e-01 0.000000000000000000e+00 0.000000000000000000e+00 0.000000000000000000e+00
2.225000000000000000e+03 8.899775545545662858e-02 0.000000000000000000e+00 1.000000000000000000e+00 0.000000000000000000e+00 0.000000000000000000e+00 0.000000000000000000e+00
2.250000000000000000e+03 8.999773023585500020e-02 5.689576695493854790e-04 9.994310423304506585e-01 0.000000000000000000e+00 0.000000000000000000e+00 0.000000000000000000e+00
2.275000000000000000e+03 9.099770501625337182e-02 9.103322712790168532e-04 9.990896677287209870e-01 0.000000000000000000e+00 0.000000000000000000e+00 0.000000000000000000e+00
2.300000000000000000e+03 9.199767979665174344e-02 1.593081474738279385e-03 9.984069185252617551e-01 0.000000000000000000e+00 0.000000000000000000e+00 0.000000000000000000e+00
2.325000000000000000e+03 9.299765457705011507e-02 9.103322712790168532e-04 9.990896677287209870e-01 0.000000000000000000e+00 0.000000000000000000e+00 0.000000000000000000e+00
2.350000000000000000e+03 9.399762935744848669e-02 1.593081474738279385e-03 9.982931269913518646e-01 0.000000000000000000e+00 1.137915339098771066e-04 0.000000000000000000e+00
2.375000000000000000e+03 9.499760413784685831e-02 7.965407373691396923e-04 9.990896677287209870e-01 0.000000000000000000e+00 1.137915339098771066e-04 0.000000000000000000e+00
2.400000000000000000e+03 9.599757891824522993e-02 2.617205279927173507e-03 9.971552116522530707e-01 0.000000000000000000e+00 2.275830678197542133e-04 0.000000000000000000e+00
2.425000000000000000e+03 9.699755369864382359e-02 3.527537551206190360e-03 9.964724624487938387e-01 0.000000000000000000e+00 0.000000000000000000e+00 0.000000000000000000e+00
2.450000000000000000e+03 9.799752847904219522e-02 2.503413746017296455e-03 9.974965862539827421e-01 0.000000000000000000e+00 0.000000000000000000e+00 0.000000000000000000e+00
2.475000000000000000e+03 9.899750325944056684e-02 2.503413746017296455e-03 9.971552116522530707e-01 0.000000000000000000e+00 3.413746017296313199e-04 0.000000000000000000e+00
2.500000000000000000e+03 9.999747803983893846e-02 2.275830678197541916e-03 9.976103777878926326e-01 0.000000000000000000e+00 1.137915339098771066e-04 0.000000000000000000e+00
2.525000000000000000e+03 1.009974528202373101e-01 2.275830678197541916e-03 9.977241693218024121e-01 0.000000000000000000e+00 0.000000000000000000e+00 0.000000000000000000e+00
2.550000000000000000e+03 1.019974276006356817e-01 2.844788347746927612e-03 9.970414201183431802e-01 0.000000000000000000e+00 1.137915339098771066e-04 0.000000000000000000e+00
2.575000000000000000e+03 1.029974023810340533e-01 1.365498406918525280e-03 9.986345015930814251e-01 0.000000000000000000e+00 0.000000000000000000e+00 0.000000000000000000e+00
2.600000000000000000e+03 1.039973771614324249e-01 3.982703686845699004e-03 9.959035047792443862e-01 0.000000000000000000e+00 1.137915339098771066e-04 0.000000000000000000e+00
2.625000000000000000e+03 1.049973519418307966e-01 5.803368229403732710e-03 9.939690487027764698e-01 0.000000000000000000e+00 2.275830678197542133e-04 0.000000000000000000e+00
2.650000000000000000e+03 1.059973267222291682e-01 4.437869822485207214e-03 9.952207555757851543e-01 0.000000000000000000e+00 3.413746017296313199e-04 0.000000000000000000e+00
2.675000000000000000e+03 1.069973015026275398e-01 6.941283568502503235e-03 9.924897587619481154e-01 0.000000000000000000e+00 5.689576695493854790e-04 0.000000000000000000e+00
2.700000000000000000e+03 1.079972762830259114e-01 5.120619025944469528e-03 9.943104233045061413e-01 0.000000000000000000e+00 5.689576695493854790e-04 0.000000000000000000e+00
2.725000000000000000e+03 1.089972510634242830e-01 7.168866636322257339e-03 9.924897587619481154e-01 0.000000000000000000e+00 3.413746017296313199e-04 0.000000000000000000e+00
2.750000000000000000e+03 1.099972258438228767e-01 7.055075102412380721e-03 9.924897587619481154e-01 0.000000000000000000e+00 4.551661356395084266e-04 0.000000000000000000e+00
2.775000000000000000e+03 1.109972006242212483e-01 6.599908966772872511e-03 9.930587164314974569e-01 0.000000000000000000e+00 3.413746017296313199e-04 0.000000000000000000e+00
2.800000000000000000e+03 1.119971754046196200e-01 7.965407373691398007e-03 9.918070095584888834e-01 0.000000000000000000e+00 2.275830678197542133e-04 0.000000000000000000e+00
2.825000000000000000e+03 1.129971501850179916e-01 6.486117432862995025e-03 9.928311333636777869e-01 0.000000000000000000e+00 6.827492034592626399e-04 0.000000000000000000e+00
2.850000000000000000e+03 1.139971249654163632e-01 1.240327719617660522e-02 9.868001820664542567e-01 0.000000000000000000e+00 7.965407373691396923e-04 0.000000000000000000e+00
2.875000000000000000e+03 1.149970997458147348e-01 1.399635867091488309e-02 9.845243513882566688e-01 0.000000000000000000e+00 1.479289940828402332e-03 0.000000000000000000e+00
2.900000000000000000e+03 1.159970745262131064e-01 1.536185707783340945e-02 9.833864360491579859e-01 0.000000000000000000e+00 1.251706873008648227e-03 0.000000000000000000e+00
2.925000000000000000e+03 1.169970493066114781e-01 1.411015020482476144e-02 9.845243513882566688e-01 0.000000000000000000e+00 1.365498406918525280e-03 0.000000000000000000e+00
2.950000000000000000e+03 1.179970240870098497e-01 2.617205279927173334e-02 9.715521165225307065e-01 0.000000000000000000e+00 2.275830678197541916e-03 0.000000000000000000e+00
2.975000000000000000e+03 1.189969988674082213e-01 3.459262630860263782e-02 9.592626308602639762e-01 0.000000000000000000e+00 6.144742831133363434e-03 0.000000000000000000e+00
3.000000000000000000e+03 1.199969736478065929e-01 4.790623577605826466e-02 9.395766954938552518e-01 0.000000000000000000e+00 1.251706873008648184e-02 0.000000000000000000e+00
3.025000000000000000e+03 1.209969484282049645e-01 7.817478379608557015e-02 8.879153390987710726e-01 0.000000000000000000e+00 3.390987710514337811e-02 0.000000000000000000e+00
3.050000000000000000e+03 1.219969232086033362e-01 1.263086026399635742e-01 7.893718707328174489e-01 0.000000000000000000e+00 8.431952662721893532e-02 0.000000000000000000e+00
3.075000000000000000e+03 1.229968979890019298e-01 1.985662266727355463e-01 6.314292216659080914e-01 1.137915339098771066e-04 1.698907601274465273e-01 0.000000000000000000e+00
3.100000000000000000e+03 1.239968727694003015e-01 2.921028675466545432e-01 4.004324078288575284e-01 9.103322712790168532e-04 3.065543923532089154e-01 0.000000000000000000e+00
3.125000000000000000e+03 1.249968475497986731e-01 3.657259899863450348e-01 2.292899408284023721e-01 3.527537551206190360e-03 4.014565316340464318e-01 0.000000000000000000e+00
3.150000000000000000e+03 1.259968223301970447e-01 4.038461538461538547e-01 1.480427856167501055e-01 5.689576695493855224e-03 4.424214838416021811e-01 0.000000000000000000e+00
3.175000000000000000e+03 1.269967971105954163e-01 3.921256258534365213e-01 1.372325898953117851e-01 6.144742831133363434e-03 4.644970414201183284e-01 0.000000000000000000e+00
3.200000000000000000e+03 1.279967718909937879e-01 3.584433318161128756e-01 1.604460628129267263e-01 6.258534365043240920e-03 4.748520710059171424e-01 0.000000000000000000e+00
3.225000000000000000e+03 1.289967466713921596e-01 3.591260810195721631e-01 1.692080109239872676e-01 6.486117432862995025e-03 4.651797906235776159e-01 0.000000000000000000e+00
3.250000000000000000e+03 1.299967214517905312e-01 3.591260810195721631e-01 1.720527992717341692e-01 1.319981793354574502e-02 4.556213017751479244e-01 0.000000000000000000e+00
3.275000000000000000e+03 1.309966962321889028e-01 3.649294492489758568e-01 1.829767865270823801e-01 2.981338188438780248e-02 4.222803823395539502e-01 0.000000000000000000e+00
3.300000000000000000e+03 1.319966710125872744e-01 3.826809285389167203e-01 2.005006827492034627e-01 5.473372781065088954e-02 3.620846609012289274e-01 0.000000000000000000e+00
3.325000000000000000e+03 1.329966457929856460e-01 3.708466090122894965e-01 2.253072371415566766e-01 8.466090122894856518e-02 3.191852526172052618e-01 0.000000000000000000e+00
3.350000000000000000e+03 1.339966205733840177e-01 3.665225307237141572e-01 2.527309968138370389e-01 1.077605826126536159e-01 2.729858898497951603e-01 0.000000000000000000e+00
3.375000000000000000e+03 1.349965953537823893e-01 3.723258989531179064e-01 2.767410104688211026e-01 1.267637687756031084e-01 2.241693218024579104e-01 0.000000000000000000e+00
3.400000000000000000e+03 1.359965701341809829e-01 3.763086026399635742e-01 2.935821574874829532e-01 1.459945380063723264e-01 1.841147018661811463e-01 0.000000000000000000e+00
3.425000000000000000e+03 1.369965449145793546e-01 3.878015475648611821e-01 2.938097405553026786e-01 1.540737369139736079e-01 1.643149749658625314e-01 0.000000000000000000e+00
3.450000000000000000e+03 1.379965196949777262e-01 3.761948111060536837e-01 3.014337733272644537e-01 1.701183431952662806e-01 1.522530723714155543e-01 0.000000000000000000e+00
3.475000000000000000e+03 1.389964944753760978e-01 3.802913063268092975e-01 3.078060992262175444e-01 1.801319981793354508e-01 1.317705962676376796e-01 0.000000000000000000e+00
3.500000000000000000e+03 1.399964692557744694e-01 3.865498406918525531e-01 3.130405097860718966e-01 1.752389622212107423e-01 1.251706873008648080e-01 0.000000000000000000e+00
3.525000000000000000e+03 1.409964440361728411e-01 3.720983158852981254e-01 3.272644515248065433e-01 1.780837505689576716e-01 1.225534820209376458e-01 0.000000000000000000e+00
3.550000000000000000e+03 1.419964188165712127e-01 3.637915339098771184e-01 3.310195721438324856e-01 1.762630860263996457e-01 1.289258079198907503e-01 0.000000000000000000e+00
3.575000000000000000e+03 1.429963935969695843e-01 3.689121529358215801e-01 3.255575785161584079e-01 1.767182521620391522e-01 1.288120163859808875e-01 0.000000000000000000e+00
3.600000000000000000e+03 1.439963683773679559e-01 3.773327264451524776e-01 3.203231679563040557e-01 1.771734182976786587e-01 1.251706873008648080e-01 0.000000000000000000e+00
3.625000000000000000e+03 1.449963431577663275e-01 3.784706417842512716e-01 3.130405097860718966e-01 1.860491579426490627e-01 1.224396904870277691e-01 0.000000000000000000e+00
3.650000000000000000e+03 1.459963179381646992e-01 3.766499772416932457e-01 3.238507055075102170e-01 1.904870277651342647e-01 1.090122894856622726e-01 0.000000000000000000e+00
3.675000000000000000e+03 1.469962927185630708e-01 3.849567592171142527e-01 3.355712335002276059e-01 1.937869822485207005e-01 8.568502503413745475e-02 0.000000000000000000e+00
3.700000000000000000e+03 1.479962674989614424e-01 3.800637232589895165e-01 3.431952662721893255e-01 1.953800637232590010e-01 8.136094674556212936e-02 0.000000000000000000e+00
3.725000000000000000e+03 1.489962422793600361e-01 3.700500682749203185e-01 3.623122439690487084e-01 1.969731451979972736e-01 7.066454255803368556e-02 0.000000000000000000e+00
3.750000000000000000e+03 1.499962170597584077e-01 3.788120163859808875e-01 3.676604460628129512e-01 1.944697314519799602e-01 5.905780609922621494e-02 0.000000000000000000e+00
3.775000000000000000e+03 1.509961918401567793e-01 3.711879836140191125e-01 3.829085116067364458e-01 1.937869822485207005e-01 5.211652253072371344e-02 0.000000000000000000e+00
3.800000000000000000e+03 1.519961666205551509e-01 3.774465179790623681e-01 3.866636322257623881e-01 1.880974055530268418e-01 4.779244424214838111e-02 0.000000000000000000e+00
3.825000000000000000e+03 1.529961414009535225e-01 3.698224852071005930e-01 3.966772872098315861e-01 1.859353664087392000e-01 4.756486117432862787e-02 0.000000000000000000e+00
3.850000000000000000e+03 1.539961161813518942e-01 3.657259899863450348e-01 4.057806099226217711e-01 1.857077833409194467e-01 4.278561675011378906e-02 0.000000000000000000e+00
3.875000000000000000e+03 1.549960909617502658e-01 3.555985434683659463e-01 4.223941738734638407e-01 1.811561219845243542e-01 4.085116067364587961e-02 0.000000000000000000e+00
3.900000000000000000e+03 1.559960657421486374e-01 3.486572598998634587e-01 4.318388711879836417e-01 1.846836595357305433e-01 3.482020937642239106e-02 0.000000000000000000e+00
3.925000000000000000e+03 1.569960405225470090e-01 3.421711424670004775e-01 4.474283113336367523e-01 1.817250796540737234e-01 2.867546654528902936e-02 0.000000000000000000e+00
3.950000000000000000e+03 1.579960153029453807e-01 3.297678652708238567e-01 4.634729176149294250e-01 1.841147018661811463e-01 2.264451524806554428e-02 0.000000000000000000e+00
3.975000000000000000e+03 1.589959900833437523e-01 3.175921711424670169e-01 4.763313609467455523e-01 1.809285389167046010e-01 2.514792899408284030e-02 0.000000000000000000e+00
4.000000000000000000e+03 1.599959648637421239e-01 3.227127901684114786e-01 4.802002730996813851e-01 1.759217114246700020e-01 2.116522530723714129e-02 0.000000000000000000e+00
4.025000000000000000e+03 1.609959396441404955e-01 3.180473372781065233e-01 4.857760582612653533e-01 1.791078743741465751e-01 1.706873008648156567e-02 0.000000000000000000e+00
4.050000000000000000e+03 1.619959144245390892e-01 3.130405097860718966e-01 4.977241693218024676e-01 1.711424670004551563e-01 1.809285389167045871e-02 0.000000000000000000e+00
4.075000000000000000e+03 1.629958892049374608e-01 2.998406918525261533e-01 5.118343195266271684e-01 1.684114701866181174e-01 1.991351843422849502e-02 0.000000000000000000e+00
4.100000000000000000e+03 1.639958639853358324e-01 2.959717796995903760e-01 5.200273099681383959e-01 1.648839326354119283e-01 1.911697769685935522e-02 0.000000000000000000e+00
4.125000000000000000e+03 1.649958387657342040e-01 2.875512061902594230e-01 5.290168411470186349e-01 1.642011834319526686e-01 1.923076923076923184e-02 0.000000000000000000e+00
4.150000000000000000e+03 1.659958135461325757e-01 2.728720983158853253e-01 5.480200273099681274e-01 1.628356850250341492e-01 1.627218934911242587e-02 0.000000000000000000e+00
4.175000000000000000e+03 1.669957883265309473e-01 2.627446517979062368e-01 5.557578516158397930e-01 1.651115157032316816e-01 1.638598088302230249e-02 0.000000000000000000e+00
4.200000000000000000e+03 1.679957631069293189e-01 2.543240782885753393e-01 5.634956759217114586e-01 1.659080564406008318e-01 1.627218934911242587e-02 0.000000000000000000e+00
4.225000000000000000e+03 1.689957378873276905e-01 2.552344105598543522e-01 5.633818843878015681e-01 1.685252617205279801e-01 1.285844333181611343e-02 0.000000000000000000e+00
4.250000000000000000e+03 1.699957126677260622e-01 2.497724169321802468e-01 5.690714610832954268e-01 1.678425125170687204e-01 1.331360946745562164e-02 0.000000000000000000e+00
4.275000000000000000e+03 1.709956874481244338e-01 2.460172963131543045e-01 5.762403277196176399e-01 1.665908056440600915e-01 1.115157032316795548e-02 0.000000000000000000e+00
4.300000000000000000e+03 1.719956622285228054e-01 2.391898042785616796e-01 5.820436959490213891e-01 1.675011379153391045e-01 1.126536185707783383e-02 0.000000000000000000e+00
4.325000000000000000e+03 1.729956370089211770e-01 2.415794264906691025e-01 5.821574874829312796e-01 1.655666818388711881e-01 1.069640418752844727e-02 0.000000000000000000e+00
4.350000000000000000e+03 1.739956117893195486e-01 2.327036868456986707e-01 5.941055985434683384e-01 1.604460628129267263e-01 1.274465179790623508e-02 0.000000000000000000e+00
4.375000000000000000e+03 1.749955865697181423e-01 2.272416932180245652e-01 6.028675466545289074e-01 1.571461083295402905e-01 1.274465179790623508e-02 0.000000000000000000e+00
4.400000000000000000e+03 1.759955613501165139e-01 2.165452890304961353e-01 6.140191169776968438e-01 1.586253982703686727e-01 1.081019572143832562e-02 0.000000000000000000e+00
4.425000000000000000e+03 1.769955361305148855e-01 2.134729176149294527e-01 6.191397360036413611e-01 1.548702776513427304e-01 1.251706873008648184e-02 0.000000000000000000e+00
4.450000000000000000e+03 1.779955109109132572e-01 2.048247610377788019e-01 6.302913063268092975e-01 1.525944469731451980e-01 1.228948566226672687e-02 0.000000000000000000e+00
4.475000000000000000e+03 1.789954856913116288e-01 1.903732362312244020e-01 6.458807464724624081e-01 1.554392353208921274e-01 8.306781975421027864e-03 0.000000000000000000e+00
4.500000000000000000e+03 1.799954604717100004e-01 1.733045061447428259e-01 6.594219390077378229e-01 1.572598998634501533e-01 1.001365498406918582e-02 0.000000000000000000e+00
4.525000000000000000e+03 1.809954352521083720e-01 1.636322257624032717e-01 6.696631770596267463e-01 1.568047337278106468e-01 9.899863450159307465e-03 0.000000000000000000e+00
4.550000000000000000e+03 1.819954100325067436e-01 1.550978607191624836e-01 6.796768320436959998e-01 1.565771506599908935e-01 8.648156577150659455e-03 0.000000000000000000e+00
4.575000000000000000e+03 1.829953848129051153e-01 1.464497041420118328e-01 6.862767410104688715e-01 1.583978152025489194e-01 8.875739644970414427e-03 0.000000000000000000e+00
4.600000000000000000e+03 1.839953595933034869e-01 1.454255803368229294e-01 6.867319071461083224e-01 1.596495220755575761e-01 8.192990441511151245e-03 0.000000000000000000e+00
4.625000000000000000e+03 1.849953343737018585e-01 1.459945380063723264e-01 6.875284478834774449e-01 1.604460628129267263e-01 6.030951297223486815e-03 0.000000000000000000e+00
4.650000000000000000e+03 1.859953091541002301e-01 1.388256713700500578e-01 6.917387346381429492e-01 1.636322257624032717e-01 5.803368229403732710e-03 0.000000000000000000e+00
4.675000000000000000e+03 1.869952839344986018e-01 1.340464269458352398e-01 6.940145653163404260e-01 1.671597633136094607e-01 4.779244424214838804e-03 0.000000000000000000e+00
4.700000000000000000e+03 1.879952587148971954e-01 1.294947655894401473e-01 6.970869367319071364e-01 1.686390532544378706e-01 4.779244424214838804e-03 0.000000000000000000e+00
4.725000000000000000e+03 1.889952334952955670e-01 1.285844333181611343e-01 6.982248520710059303e-01 1.685252617205279801e-01 4.665452890304961318e-03 0.000000000000000000e+00
4.750000000000000000e+03 1.899952082756939387e-01 1.225534820209376458e-01 7.019799726900318726e-01 1.705735093309057870e-01 4.893035958124715423e-03 0.000000000000000000e+00
4.775000000000000000e+03 1.909951830560923103e-01 1.255120619025944517e-01 6.993627674101047242e-01 1.697769685935366368e-01 5.348202093764223633e-03 0.000000000000000000e+00
4.800000000000000000e+03 1.919951578364906819e-01 1.208466090122894826e-01 7.034592626308602270e-01 1.703459262630860338e-01 5.348202093764223633e-03 0.000000000000000000e+00
4.825000000000000000e+03 1.929951326168890535e-01 1.202776513427400995e-01 7.061902594446972659e-01 1.671597633136094607e-01 6.372325898953117539e-03 0.000000000000000000e+00
4.850000000000000000e+03 1.939951073972874251e-01 1.220983158852981393e-01 7.049385525716886924e-01 1.677287209831588577e-01 5.234410559854347014e-03 0.000000000000000000e+00
4.875000000000000000e+03 1.949950821776857968e-01 1.172052799271734169e-01 7.078971324533455123e-01 1.695493855257168836e-01 5.348202093764223633e-03 0.000000000000000000e+00
4.900000000000000000e+03 1.959950569580841684e-01 1.185707783340919502e-01 7.053937187073281434e-01 1.681838871187983642e-01 7.851615839781519654e-03 0.000000000000000000e+00
4.925000000000000000e+03 1.969950317384825400e-01 1.214155666818388657e-01 7.038006372325898985e-01 1.676149294492489672e-01 7.168866636322257339e-03 0.000000000000000000e+00
4.950000000000000000e+03 1.979950065188809116e-01 1.215293582157487423e-01 7.056213017751479244e-01 1.664770141101502010e-01 6.372325898953117539e-03 0.000000000000000000e+00
4.975000000000000000e+03 1.989949812992792832e-01 1.230086481565771522e-01 7.058488848429677054e-01 1.647701411015020379e-01 6.372325898953117539e-03 0.000000000000000000e+00
5.000000000000000000e+03 1.999949560796776549e-01 1.215293582157487423e-01 7.074419663177059503e-01 1.642011834319526686e-01 6.827492034592626616e-03 0.000000000000000000e+00
5.025000000000000000e+03 2.009949308600762485e-01 1.230086481565771522e-01 7.065316340464269373e-01 1.640873918980427781e-01 6.372325898953117539e-03 0.000000000000000000e+00
5.050000000000000000e+03 2.019949056404746202e-01 1.228948566226672756e-01 7.045971779699590209e-01 1.651115157032316816e-01 7.396449704142011444e-03 0.000000000000000000e+00
5.075000000000000000e+03 2.029948804208729918e-01 1.210741920801092358e-01 7.057350933090578149e-01 1.668183887118798447e-01 6.372325898953117539e-03 0.000000000000000000e+00
5.100000000000000000e+03 2.039948552012713634e-01 1.239189804278561652e-01 7.031178880291306665e-01 1.661356395084205850e-01 6.827492034592626616e-03 0.000000000000000000e+00
5.125000000000000000e+03 2.049948299816697350e-01 1.236913973600364119e-01 7.005006827492034072e-01 1.697769685935366368e-01 6.030951297223486815e-03 0.000000000000000000e+00
5.150000000000000000e+03 2.059948047620681066e-01 1.224396904870277691e-01 6.992489758761948337e-01 1.719390077378243065e-01 6.372325898953117539e-03 0.000000000000000000e+00
5.175000000000000000e+03 2.069947795424664783e-01 1.266499772416932179e-01 6.970869367319071364e-01 1.708010923987255403e-01 5.461993627674101119e-03 0.000000000000000000e+00
5.200000000000000000e+03 2.079947543228648499e-01 1.312016385980883104e-01 6.902594446973144837e-01 1.736458807464724696e-01 4.893035958124715423e-03 0.000000000000000000e+00
5.225000000000000000e+03 2.089947291032632215e-01 1.330223031406463363e-01 6.873008648156576639e-01 1.734182976786527164e-01 6.258534365043240920e-03 0.000000000000000000e+00
5.250000000000000000e+03 2.099947038836615931e-01 1.331360946745562268e-01 6.780837505689576439e-01 1.799044151115156975e-01 8.875739644970414427e-03 0.000000000000000000e+00
5.275000000000000000e+03 2.109946786640599647e-01 1.374601729631315383e-01 6.720527992717342247e-01 1.821802457897132577e-01 8.306781975421027864e-03 0.000000000000000000e+00
5.300000000000000000e+03 2.119946534444583364e-01 1.423532089212562468e-01 6.662494310423304755e-01 1.841147018661811463e-01 7.282658170232134826e-03 0.000000000000000000e+00
5.325000000000000000e+03 2.129946282248567080e-01 1.413290851160673711e-01 6.654528903049613531e-01 1.855939918070095562e-01 7.624032771961766417e-03 0.000000000000000000e+00
5.350000000000000000e+03 2.139946030052553017e-01 1.448566226672735602e-01 6.605598543468366168e-01 1.871870732817478289e-01 7.396449704142011444e-03 0.000000000000000000e+00
5.375000000000000000e+03 2.149945777856536733e-01 1.469048702776513393e-01 6.580564406008192480e-01 1.873008648156577194e-01 7.737824305871643035e-03 0.000000000000000000e+00
5.400000000000000000e+03 2.159945525660520449e-01 1.462221210741920796e-01 6.601046882111970548e-01 1.866181156121984597e-01 7.055075102412380721e-03 0.000000000000000000e+00
5.425000000000000000e+03 2.169945273464504165e-01 1.477014110150204895e-01 6.577150659990896875e-01 1.885525716886663761e-01 6.030951297223486815e-03 0.000000000000000000e+00
5.450000000000000000e+03 2.179945021268487881e-01 1.510013654984069253e-01 6.517979062357760478e-01 1.900318616294947582e-01 7.168866636322257339e-03 0.000000000000000000e+00
5.475000000000000000e+03 2.189944769072471598e-01 1.541875284478834707e-01 6.503186162949476934e-01 1.903732362312244020e-01 5.120619025944469528e-03 0.000000000000000000e+00
5.500000000000000000e+03 2.199944516876455314e-01 1.574874829312699065e-01 6.466772872098316416e-01 1.884387801547564856e-01 7.396449704142011444e-03 0.000000000000000000e+00
5.525000000000000000e+03 2.209944264680439030e-01 1.591943559399180697e-01 6.500910332271279124e-01 1.827492034592626269e-01 7.965407373691398007e-03 0.000000000000000000e+00
5.550000000000000000e+03 2.219944012484422746e-01 1.620391442876649990e-01 6.538461538461538547e-01 1.762630860263996457e-01 7.851615839781519654e-03 0.000000000000000000e+00
5.575000000000000000e+03 2.229943760288406462e-01 1.626081019572143960e-01 6.552116522530723186e-01 1.741010468821119761e-01 8.079198907601274626e-03 0.000000000000000000e+00
5.600000000000000000e+03 2.239943508092390179e-01 1.588529813381884259e-01 6.569185252617205650e-01 1.763768775603095085e-01 7.851615839781519654e-03 0.000000000000000000e+00
5.625000000000000000e+03 2.249943255896373895e-01 1.583978152025489194e-01 6.576012744651797970e-01 1.755803368229403860e-01 8.420573509330906217e-03 0.000000000000000000e+00
5.650000000000000000e+03 2.259943003700359831e-01 1.576012744651797970e-01 6.610150204824760678e-01 1.741010468821119761e-01 7.282658170232134826e-03 0.000000000000000000e+00
5.675000000000000000e+03 2.269942751504343548e-01 1.591943559399180697e-01 6.609012289485661773e-01 1.710286754665452935e-01 8.875739644970414427e-03 0.000000000000000000e+00
