# itime ezz other fcc hcp bcc ico
0.000000000000000000e+00 0.000000000000000000e+00 0.000000000000000000e+00 1.000000000000000000e+00 0.000000000000000000e+00 0.000000000000000000e+00 0.000000000000000000e+00
2.500000000000000000e+02 1.000000652942012458e-02 0.000000000000000000e+00 1.000000000000000000e+00 0.000000000000000000e+00 0.000000000000000000e+00 0.000000000000000000e+00
5.000000000000000000e+02 2.000001305884024916e-02 0.000000000000000000e+00 1.000000000000000000e+00 0.000000000000000000e+00 0.000000000000000000e+00 0.000000000000000000e+00
7.500000000000000000e+02 3.000001958826015169e-02 0.000000000000000000e+00 1.000000000000000000e+00 0.000000000000000000e+00 0.000000000000000000e+00 0.000000000000000000e+00
1.000000000000000000e+03 4.000002611768027627e-02 0.000000000000000000e+00 1.000000000000000000e+00 0.000000000000000000e+00 0.000000000000000000e+00 0.000000000000000000e+00
1.250000000000000000e+03 5.000003264710040085e-02 0.000000000000000000e+00 1.000000000000000000e+00 0.000000000000000000e+00 0.000000000000000000e+00 0.000000000000000000e+00
1.500000000000000000e+03 6.000003917652052543e-02 0.000000000000000000e+00 1.000000000000000000e+00 0.000000000000000000e+00 0.000000000000000000e+00 0.000000000000000000e+00
1.750000000000000000e+03 7.000004570594042796e-02 0.000000000000000000e+00 1.000000000000000000e+00 0.000000000000000000e+00 0.000000000000000000e+00 0.000000000000000000e+00
2.000000000000000000e+03 8.000005223536055254e-02 9.103322712790168532e-04 9.990896677287209870e-01 0.000000000000000000e+00 0.000000000000000000e+00 0.000000000000000000e+00
2.250000000000000000e+03 9.000005876478067712e-02 0.000000000000000000e+00 1.000000000000000000e+00 0.000000000000000000e+00 0.000000000000000000e+00 0.000000000000000000e+00
2.500000000000000000e+03 1.000000652942008017e-01 1.365498406918525280e-03 9.985207100591716456e-01 0.000000000000000000e+00 1.137915339098771066e-04 0.000000000000000000e+00
2.750000000000000000e+03 1.100000718236207042e-01 7.282658170232134826e-03 9.921483841602184439e-01 0.000000000000000000e+00 5.689576695493854790e-04 0.000000000000000000e+00
3.000000000000000000e+03 1.200000783530408288e-01 1.458807464724624359e-01 7.075557578516158408e-01 0.000000000000000000e+00 1.465634956759217233e-01 0.000000000000000000e+00
3.250000000000000000e+03 1.300000848824609534e-01 3.484296768320436777e-01 1.700045516613563901e-01 8.989531178880291046e-03 4.725762403277196100e-01 0.000000000000000000e+00
3.500000000000000000e+03 1.400000914118810780e-01 3.591260810195721631e-01 2.238279472007282667e-01 1.525944469731451980e-01 2.644515248065543722e-01 0.000000000000000000e+00
3.750000000000000000e+03 1.500000979413009805e-01 3.749431042330450548e-01 3.324988620846608955e-01 1.711424670004551563e-01 1.214155666818388657e-01 0.000000000000000000e+00
4.000000000000000000e+03 1.600001044707211051e-01 3.689121529358215801e-01 3.602639963586709015e-01 2.003868912152935722e-01 7.043695949021393232e-02 0.000000000000000000e+00
4.250000000000000000e+03 1.700001110001412297e-01 3.099681383705052418e-01 4.563040509786072119e-01 1.982248520710059303e-01 3.550295857988165771e-02 0.000000000000000000e+00
4.500000000000000000e+03 1.800001175295613542e-01 2.791306326809285254e-01 5.046654528903049552e-01 1.882111970869367323e-01 2.799271734182976618e-02 0.000000000000000000e+00
4.750000000000000000e+03 1.900001240589812568e-01 2.796995903504779224e-01 5.039827036868457233e-01 1.934456076467910846e-01 2.287209831588529751e-02 0.000000000000000000e+00
5.000000000000000000e+03 2.000001305884013814e-01 2.809512972234865513e-01 4.964724624487937832e-01 2.022075557578516258e-01 2.036868456986800149e-02 0.000000000000000000e+00
5.250000000000000000e+03 2.100001371178215059e-01 2.855029585798816716e-01 4.965862539827036737e-01 1.941283568502503443e-01 2.378243058716431393e-02 0.000000000000000000e+00
5.500000000000000000e+03 2.200001436472416305e-01 2.751479289940828576e-01 5.324305871643150168e-01 1.730769230769230727e-01 1.934456076467910846e-02 0.000000000000000000e+00
5.750000000000000000e+03 2.300001501766617551e-01 2.660446062812926726e-01 5.465407373691397730e-01 1.697769685935366368e-01 1.763768775603095224e-02 0.000000000000000000e+00
6.000000000000000000e+03 2.400001567060816576e-01 2.568274920345926526e-01 5.705507510241237812e-01 1.536185707783341015e-01 1.900318616294947513e-02 0.000000000000000000e+00
6.250000000000000000e+03 2.500001632355017822e-01 2.675238962221210826e-01 5.514337733272643982e-01 1.587391898042785632e-01 2.230314064633591095e-02 0.000000000000000000e+00
6.500000000000000000e+03 2.600001697649219068e-01 2.661583978152025631e-01 5.484751934456076894e-01 1.668183887118798447e-01 1.854802002730996865e-02 0.000000000000000000e+00
6.750000000000000000e+03 2.700001762943420314e-01 2.594446973145198010e-01 5.620163859808829931e-01 1.639736003641329154e-01 1.456531634046426965e-02 0.000000000000000000e+00
7.000000000000000000e+03 2.800001828237619339e-01 2.658170232134728916e-01 5.647473827947200320e-01 1.558944014565316338e-01 1.354119253527537488e-02 0.000000000000000000e+00
7.250000000000000000e+03 2.900001893531820585e-01 2.677514792899408080e-01 5.702093764223942207e-01 1.482703686845698587e-01 1.376877560309512985e-02 0.000000000000000000e+00
7.500000000000000000e+03 3.000001958826021831e-01 2.642239417387346467e-01 5.715748748293126846e-01 1.536185707783341015e-01 1.058261265361857065e-02 0.000000000000000000e+00
7.750000000000000000e+03 3.100002024120223076e-01 2.655894401456531662e-01 5.697542102867546587e-01 1.486117432862995025e-01 1.604460628129267263e-02 0.000000000000000000e+00
8.000000000000000000e+03 3.200002089414422102e-01 2.347519344560764776e-01 6.015020482476103325e-01 1.506599908966772816e-01 1.308602639963586667e-02 0.000000000000000000e+00
8.250000000000000000e+03 3.300002154708623348e-01 2.196176604460628179e-01 6.523668639053253893e-01 1.200500682749203463e-01 7.965407373691398007e-03 0.000000000000000000e+00
8.500000000000000000e+03 3.400002220002824593e-01 2.030040964952207483e-01 7.009558488848429691e-01 8.727810650887574129e-02 8.761948111060537808e-03 0.000000000000000000e+00
8.750000000000000000e+03 3.500002285297025839e-01 1.762630860263996457e-01 7.576240327719617751e-01 6.019572143832498806e-02 5.917159763313609329e-03 0.000000000000000000e+00
9.000000000000000000e+03 3.600002350591224864e-01 2.033454710969503920e-01 6.992489758761948337e-01 9.342284934000910646e-02 3.982703686845699004e-03 0.000000000000000000e+00
9.250000000000000000e+03 3.700002415885426110e-01 2.045971779699590487e-01 7.097177969959035382e-01 8.181611288120163583e-02 3.868912152935821518e-03 0.000000000000000000e+00
9.500000000000000000e+03 3.800002481179627356e-01 2.017523896222121194e-01 7.242831133363677454e-01 7.032316795630405570e-02 3.641329085116067413e-03 0.000000000000000000e+00
9.750000000000000000e+03 3.900002546473828602e-01 1.925352753755120716e-01 7.363450159308146947e-01 6.736458807464724974e-02 3.755120619025944465e-03 0.000000000000000000e+00
1.000000000000000000e+04 4.000002611768029848e-01 1.736458807464724696e-01 7.452207555757851543e-01 7.885753299954482987e-02 2.275830678197541916e-03 0.000000000000000000e+00
1.025000000000000000e+04 4.100002677062231093e-01 1.741010468821119761e-01 7.430587164314974569e-01 7.942649066909421296e-02 3.413746017296313308e-03 0.000000000000000000e+00
1.050000000000000000e+04 4.200002742356432339e-01 1.819526627218935044e-01 7.444242148384160318e-01 7.180245789713245175e-02 1.820664542558033706e-03 0.000000000000000000e+00
1.075000000000000000e+04 4.300002807650631365e-01 1.993627674101046965e-01 6.768320436959490705e-01 1.203914428766499761e-01 3.413746017296313308e-03 0.000000000000000000e+00
1.100000000000000000e+04 4.400002872944832610e-01 2.017523896222121194e-01 6.233500227583067543e-01 1.723941738734638129e-01 2.503413746017296455e-03 0.000000000000000000e+00
1.125000000000000000e+04 4.500002938239033856e-01 2.010696404187528319e-01 6.135639508420573929e-01 1.844560764679107900e-01 9.103322712790168532e-04 0.000000000000000000e+00
1.150000000000000000e+04 4.600003003533235102e-01 2.105143377332726329e-01 5.949021392808374609e-01 1.934456076467910846e-01 1.137915339098770958e-03 0.000000000000000000e+00
1.175000000000000000e+04 4.700003068827436348e-01 2.119936276741010428e-01 6.403049613108784399e-01 1.447428311333636697e-01 2.958579881656804664e-03 0.000000000000000000e+00
1.200000000000000000e+04 4.800003134121635373e-01 2.144970414201183562e-01 6.450842057350932857e-01 1.366636322257624159e-01 3.755120619025944465e-03 0.000000000000000000e+00
1.225000000000000000e+04 4.900003199415836619e-01 2.160901228948566288e-01 6.524806554392352798e-01 1.269913518434228616e-01 4.437869822485207214e-03 0.000000000000000000e+00
1.250000000000000000e+04 5.000003264710037865e-01 2.275830678197542090e-01 6.342740100136550208e-01 1.329085116067364458e-01 5.234410559854347014e-03 0.000000000000000000e+00
1.275000000000000000e+04 5.100003330004239110e-01 2.269003186162949492e-01 6.413290851160673434e-01 1.279016841147018746e-01 3.868912152935821518e-03 0.000000000000000000e+00
1.300000000000000000e+04 5.200003395298438136e-01 2.251934456076467861e-01 6.350705507510241432e-01 1.337050523441055960e-01 6.030951297223486815e-03 0.000000000000000000e+00
1.325000000000000000e+04 5.300003460592639382e-01 2.372553482020937632e-01 6.195949021392808120e-01 1.390532544378698110e-01 4.096495220755575623e-03 0.000000000000000000e+00
1.350000000000000000e+04 5.400003525886840627e-01 2.330450614474283144e-01 6.248293126991352198e-01 1.396222121074192080e-01 2.503413746017296455e-03 0.000000000000000000e+00
1.375000000000000000e+04 5.500003591181041873e-01 2.368001820664542567e-01 6.296085571233500655e-01 1.296085571233500100e-01 3.982703686845699004e-03 0.000000000000000000e+00
1.400000000000000000e+04 5.600003656475240899e-01 2.363450159308147502e-01 6.400773782430587699e-01 1.191397360036413333e-01 4.437869822485207214e-03 0.000000000000000000e+00
1.425000000000000000e+04 5.700003721769442144e-01 2.526172052799271484e-01 6.282430587164314906e-01 1.145880746472462408e-01 4.551661356395083832e-03 0.000000000000000000e+00
1.450000000000000000e+04 5.800003787063643390e-01 2.666135639508420696e-01 5.918297678652708615e-01 1.354119253527537592e-01 6.144742831133363434e-03 0.000000000000000000e+00
1.475000000000000000e+04 5.900003852357844636e-01 2.604688211197087044e-01 5.786299499317251183e-01 1.579426490669094130e-01 2.958579881656804664e-03 0.000000000000000000e+00
1.500000000000000000e+04 6.000003917652043661e-01 2.556895766954938587e-01 5.786299499317251183e-01 1.636322257624032717e-01 2.048247610377787811e-03 0.000000000000000000e+00
1.525000000000000000e+04 6.100003982946244907e-01 2.631998179335457433e-01 5.566681838871188059e-01 1.780837505689576716e-01 2.048247610377787811e-03 0.000000000000000000e+00
1.550000000000000000e+04 6.200004048240446153e-01 2.585343650432407880e-01 5.525716886663631922e-01 1.866181156121984597e-01 2.275830678197541916e-03 0.000000000000000000e+00
1.575000000000000000e+04 6.300004113534647399e-01 2.643377332726445372e-01 5.481338188438780179e-01 1.811561219845243542e-01 6.372325898953117539e-03 0.000000000000000000e+00
1.600000000000000000e+04 6.400004178828846424e-01 2.658170232134728916e-01 5.628129267182521156e-01 1.662494310423304478e-01 5.120619025944469528e-03 0.000000000000000000e+00
1.625000000000000000e+04 6.500004244123047670e-01 2.680928538916704795e-01 5.682749203459263043e-01 1.561219845243513871e-01 7.510241238051888930e-03 0.000000000000000000e+00
1.650000000000000000e+04 6.600004309417248916e-01 2.609239872553482109e-01 5.966090122894857073e-01 1.372325898953117851e-01 5.234410559854347014e-03 0.000000000000000000e+00
1.675000000000000000e+04 6.700004374711450161e-01 2.650204824761037692e-01 6.024123805188893455e-01 1.275603095129722309e-01 5.006827492034592909e-03 0.000000000000000000e+00
1.700000000000000000e+04 6.800004440005651407e-01 2.655894401456531662e-01 5.826126536185707305e-01 1.459945380063723264e-01 5.803368229403732710e-03 0.000000000000000000e+00
1.725000000000000000e+04 6.900004505299850432e-01 2.675238962221210826e-01 5.534820209376422051e-01 1.712562585343650468e-01 7.737824305871643035e-03 0.000000000000000000e+00
1.750000000000000000e+04 7.000004570594051678e-01 2.711652253072371344e-01 5.323167956304051263e-01 1.911697769685935244e-01 5.348202093764223633e-03 0.000000000000000000e+00
1.775000000000000000e+04 7.100004635888252924e-01 2.625170687300864558e-01 5.409649522075558048e-01 1.920801092398725651e-01 4.437869822485207214e-03 0.000000000000000000e+00
1.800000000000000000e+04 7.200004701182454170e-01 2.571688666363222686e-01 5.557578516158397930e-01 1.841147018661811463e-01 2.958579881656804664e-03 0.000000000000000000e+00
1.825000000000000000e+04 7.300004766476653195e-01 2.482931269913518368e-01 5.953573054164770229e-01 1.520254893035958010e-01 4.324078288575329727e-03 0.000000000000000000e+00
1.850000000000000000e+04 7.400004831770854441e-01 2.457897132453345512e-01 5.994538006372326366e-01 1.502048247610377751e-01 4.551661356395083832e-03 0.000000000000000000e+00
1.875000000000000000e+04 7.500004897065055687e-01 2.561447428311333652e-01 5.993400091033227461e-01 1.379153390987710448e-01 6.599908966772872511e-03 0.000000000000000000e+00
1.900000000000000000e+04 7.600004962359256933e-01 2.534137460172963263e-01 6.133363677742376119e-01 1.267637687756031084e-01 6.486117432862995025e-03 0.000000000000000000e+00
1.925000000000000000e+04 7.700005027653455958e-01 2.468138370505234547e-01 6.409877105143377829e-01 1.076467910787437393e-01 4.551661356395083832e-03 0.000000000000000000e+00
1.950000000000000000e+04 7.800005092947657204e-01 2.445380063723258945e-01 6.644287664997724496e-01 8.557123350022757813e-02 5.461993627674101119e-03 0.000000000000000000e+00
1.975000000000000000e+04 7.900005158241858449e-01 2.324761037778789174e-01 6.827492034592625991e-01 7.919890760127445972e-02 5.575785161583977738e-03 0.000000000000000000e+00
2.000000000000000000e+04 8.000005223536059695e-01 2.212107419208010906e-01 7.089212562585344157e-01 6.725079654073737312e-02 2.617205279927173507e-03 0.000000000000000000e+00
2.025000000000000000e+04 8.100005288830258721e-01 2.110832954028220299e-01 7.195038689121528996e-01 6.690942193900774326e-02 2.503413746017296455e-03 0.000000000000000000e+00
2.050000000000000000e+04 8.200005354124459966e-01 2.154073736913973691e-01 7.065316340464269373e-01 7.350933090578061491e-02 4.551661356395083832e-03 0.000000000000000000e+00
2.075000000000000000e+04 8.300005419418661212e-01 2.214383249886208438e-01 6.861629494765589810e-01 8.921256258534364381e-02 3.186162949476558769e-03 0.000000000000000000e+00
2.100000000000000000e+04 8.400005484712862458e-01 2.323623122439690547e-01 6.272189349112425871e-01 1.360946745562130189e-01 4.324078288575329727e-03 0.000000000000000000e+00
2.125000000000000000e+04 8.500005550007061483e-01 2.502275830678197810e-01 5.736231224396904915e-01 1.729631315430132099e-01 3.186162949476558769e-03 0.000000000000000000e+00
2.150000000000000000e+04 8.600005615301262729e-01 2.470414201183432079e-01 5.586026399635867223e-01 1.907146108329540179e-01 3.641329085116067413e-03 0.000000000000000000e+00
2.175000000000000000e+04 8.700005680595463975e-01 2.481793354574419741e-01 5.864815657715065633e-01 1.610150204824760956e-01 4.324078288575329727e-03 0.000000000000000000e+00
2.200000000000000000e+04 8.800005745889665221e-01 2.434000910332271284e-01 5.950159308147473514e-01 1.583978152025489194e-01 3.186162949476558769e-03 0.000000000000000000e+00
2.225000000000000000e+04 8.900005811183866467e-01 2.547792444242148457e-01 5.454028220300409791e-01 1.942421483841602070e-01 5.575785161583977738e-03 0.000000000000000000e+00
2.250000000000000000e+04 9.000005876478065492e-01 2.569412835685024876e-01 5.541647701411015481e-01 1.843422849340008995e-01 4.551661356395083832e-03 0.000000000000000000e+00
2.275000000000000000e+04 9.100005941772266738e-01 2.592171142467000200e-01 5.570095584888484774e-01 1.792216659080564378e-01 4.551661356395083832e-03 0.000000000000000000e+00
2.300000000000000000e+04 9.200006007066467983e-01 2.670687300864815761e-01 5.303823395539372099e-01 1.972007282658170269e-01 5.348202093764223633e-03 0.000000000000000000e+00
2.325000000000000000e+04 9.300006072360669229e-01 2.716203914428766408e-01 5.308375056895766608e-01 1.939007737824305910e-01 3.641329085116067413e-03 0.000000000000000000e+00
2.350000000000000000e+04 9.400006137654868255e-01 2.738962221210741732e-01 5.257168866636322546e-01 1.976558944014565333e-01 2.730996813837050560e-03 0.000000000000000000e+00
2.375000000000000000e+04 9.500006202949069500e-01 2.793582157487483064e-01 5.230996813837051063e-01 1.946973145197997135e-01 2.844788347746927612e-03 0.000000000000000000e+00
2.400000000000000000e+04 9.600006268243270746e-01 2.842512517068729871e-01 5.352753755120619461e-01 1.744424214838415921e-01 6.030951297223486815e-03 0.000000000000000000e+00
2.425000000000000000e+04 9.700006333537471992e-01 2.910787437414656398e-01 5.395994538006372299e-01 1.619253527537551085e-01 7.396449704142011444e-03 0.000000000000000000e+00
2.450000000000000000e+04 9.800006398831671017e-01 2.950614474283113076e-01 5.422166590805643782e-01 1.549840691852526209e-01 7.737824305871643035e-03 0.000000000000000000e+00
2.475000000000000000e+04 9.900006464125872263e-01 3.040509786071916021e-01 5.268548020027310486e-01 1.612426035502958488e-01 7.851615839781519654e-03 0.000000000000000000e+00
2.500000000000000000e+04 1.000000652942007129e+00 3.090578060992262288e-01 5.216203914428766408e-01 1.635184342284934089e-01 5.803368229403732710e-03 0.000000000000000000e+00
