# itime ezz other fcc hcp bcc ico
0.000000000000000000e+00 0.000000000000000000e+00 2.162039144287664864e-03 9.978379608557123026e-01 0.000000000000000000e+00 0.000000000000000000e+00 0.000000000000000000e+00
4.000000000000000000e+04 9.999953775314818216e-03 1.137915339098770958e-03 9.988620846609012061e-01 0.000000000000000000e+00 0.000000000000000000e+00 0.000000000000000000e+00
8.000000000000000000e+04 1.999990755062941439e-02 1.251706873008648227e-03 9.987482931269913156e-01 0.000000000000000000e+00 0.000000000000000000e+00 0.000000000000000000e+00
1.200000000000000000e+05 2.999986132594423260e-02 2.730996813837050560e-03 9.971552116522530707e-01 0.000000000000000000e+00 1.137915339098771066e-04 0.000000000000000000e+00
1.600000000000000000e+05 3.999981510125882878e-02 8.648156577150659455e-03 9.911242603550295405e-01 0.000000000000000000e+00 2.275830678197542133e-04 0.000000000000000000e+00
2.000000000000000000e+05 4.999976887657364699e-02 1.593081474738279601e-02 9.835002275830677654e-01 0.000000000000000000e+00 5.689576695493854790e-04 0.000000000000000000e+00
2.400000000000000000e+05 5.999972265188846521e-02 3.015475648611743234e-02 9.685935366408738867e-01 0.000000000000000000e+00 1.251706873008648227e-03 0.000000000000000000e+00
2.800000000000000000e+05 6.999967642720306138e-02 6.258534365043240399e-02 9.329767865270823801e-01 0.000000000000000000e+00 4.437869822485207214e-03 0.000000000000000000e+00
3.200000000000000000e+05 7.999963020251787960e-02 9.478834774692762588e-02 8.951979972690031762e-01 0.000000000000000000e+00 1.001365498406918582e-02 0.000000000000000000e+00
3.600000000000000000e+05 8.999958397783247577e-02 7.282658170232134132e-02 6.780837505689576439e-01 2.456759217114246607e-01 3.413746017296313308e-03 0.000000000000000000e+00
4.000000000000000000e+05 9.999953775314729398e-02 8.932635411925353430e-02 6.631770596267637652e-01 2.411242603550295960e-01 6.372325898953117539e-03 0.000000000000000000e+00
4.400000000000000000e+05 1.099994915284621122e-01 1.615839781520254925e-01 4.610832954028220576e-01 3.200955848884842747e-01 5.723714155666818210e-02 0.000000000000000000e+00
4.800000000000000000e+05 1.199994453037767084e-01 1.933318161128811941e-01 3.970186618115612021e-01 3.381884387801547542e-01 7.146108329540282189e-02 0.000000000000000000e+00
5.200000000000000000e+05 1.299993990790915266e-01 2.657032316795630567e-01 2.332726445152480677e-01 3.654984069185252538e-01 1.355257168866636219e-01 0.000000000000000000e+00
5.600000000000000000e+05 1.399993528544061228e-01 2.744651797906235702e-01 1.409877105143377274e-01 4.393491124260355263e-01 1.451979972690031762e-01 0.000000000000000000e+00
6.000000000000000000e+05 1.499993066297209410e-01 2.372553482020937632e-01 1.019572143832498806e-01 4.689349112426035582e-01 1.918525261720528119e-01 0.000000000000000000e+00
6.400000000000000000e+05 1.599992604050357592e-01 2.061902594446973214e-01 1.845698680018206528e-01 5.619025944469731026e-01 4.733727810650887463e-02 0.000000000000000000e+00
6.800000000000000000e+05 1.699992141803503554e-01 2.156349567592171224e-01 1.760355029585798925e-01 5.576923076923077094e-01 5.063723258989531045e-02 0.000000000000000000e+00
7.200000000000000000e+05 1.799991679556651736e-01 2.151797906235776159e-01 1.794492489758761911e-01 5.588302230314065033e-01 4.654073736913973830e-02 0.000000000000000000e+00
7.600000000000000000e+05 1.899991217309797698e-01 2.090350477924442507e-01 1.628356850250341492e-01 5.936504324078288874e-01 3.447883477469276120e-02 0.000000000000000000e+00
8.000000000000000000e+05 1.999990755062945880e-01 1.365498406918525280e-03 3.071233500227583124e-01 6.913973600364132777e-01 1.137915339098771066e-04 0.000000000000000000e+00
8.400000000000000000e+05 2.099990292816094062e-01 6.827492034592626399e-04 3.071233500227583124e-01 6.921939007737824001e-01 0.000000000000000000e+00 0.000000000000000000e+00
8.800000000000000000e+05 2.199989830569240024e-01 3.413746017296313199e-04 3.076923076923077094e-01 6.919663177059627301e-01 0.000000000000000000e+00 0.000000000000000000e+00
9.200000000000000000e+05 2.299989368322388206e-01 4.551661356395084266e-04 3.074647246244879284e-01 6.920801092398725096e-01 0.000000000000000000e+00 0.000000000000000000e+00
9.600000000000000000e+05 2.399988906075534167e-01 1.820664542558033706e-03 3.066681838871188059e-01 6.915111515703231682e-01 0.000000000000000000e+00 0.000000000000000000e+00
1.000000000000000000e+06 2.499988443828682350e-01 1.365498406918525280e-03 3.070095584888484219e-01 6.916249431042330587e-01 0.000000000000000000e+00 0.000000000000000000e+00
1.040000000000000000e+06 2.599987981581828311e-01 2.048247610377787811e-03 3.070095584888484219e-01 6.909421939007738267e-01 0.000000000000000000e+00 0.000000000000000000e+00
1.080000000000000000e+06 2.699987519334976493e-01 3.186162949476558769e-03 3.055302685480200120e-01 6.911697769685934967e-01 1.137915339098771066e-04 0.000000000000000000e+00
1.120000000000000000e+06 2.799987057088124676e-01 4.551661356395083832e-03 3.056440600819299025e-01 6.898042785616750328e-01 0.000000000000000000e+00 0.000000000000000000e+00
1.160000000000000000e+06 2.899986594841270637e-01 7.396449704142011444e-03 3.048475193445607800e-01 6.876422394173873354e-01 1.137915339098771066e-04 0.000000000000000000e+00
1.200000000000000000e+06 2.999986132594418820e-01 1.058261265361857065e-02 3.042785616750113831e-01 6.846836595357305155e-01 4.551661356395084266e-04 0.000000000000000000e+00
1.240000000000000000e+06 3.099985670347564781e-01 2.287209831588529751e-02 2.992717341829768118e-01 6.774010013654984119e-01 4.551661356395084266e-04 0.000000000000000000e+00
1.280000000000000000e+06 3.199985208100712963e-01 3.982703686845699004e-02 2.914201183431952558e-01 6.673873463814292695e-01 1.365498406918525280e-03 0.000000000000000000e+00
1.320000000000000000e+06 3.299984745853861146e-01 7.840236686390532339e-02 2.720755575785161473e-01 6.453117888029130667e-01 4.210286754665453109e-03 0.000000000000000000e+00
1.360000000000000000e+06 3.399984283607007107e-01 6.315430131998178709e-02 2.749203459262630767e-01 6.357532999544833752e-01 2.617205279927173334e-02 0.000000000000000000e+00
1.400000000000000000e+06 3.499983821360155289e-01 8.705052344105598805e-02 2.812926718252162228e-01 6.264223941738734647e-01 5.234410559854347014e-03 0.000000000000000000e+00
1.440000000000000000e+06 3.599983359113301251e-01 9.023668639053254725e-02 2.790168411470186349e-01 6.256258534365043422e-01 5.120619025944469528e-03 0.000000000000000000e+00
1.480000000000000000e+06 3.699982896866449433e-01 9.467455621301774926e-02 2.753755120619025831e-01 6.247155211652253293e-01 5.234410559854347014e-03 0.000000000000000000e+00
1.520000000000000000e+06 3.799982434619597615e-01 9.319526627218935322e-02 2.767410104688211026e-01 6.233500227583067543e-01 6.713700500682749130e-03 0.000000000000000000e+00
1.560000000000000000e+06 3.899981972372743577e-01 1.032089212562585373e-01 2.710514337733272439e-01 6.187983614019116896e-01 6.941283568502503235e-03 0.000000000000000000e+00
1.600000000000000000e+06 3.999981510125891759e-01 1.285844333181611343e-01 2.589895311788802945e-01 6.022985889849795660e-01 1.012744651797906244e-02 0.000000000000000000e+00
1.640000000000000000e+06 4.099981047879037721e-01 1.364360491579426626e-01 2.538689121529358328e-01 5.848884842967683184e-01 2.480655439235321044e-02 0.000000000000000000e+00
1.680000000000000000e+06 4.199980585632185903e-01 1.484979517523896120e-01 2.467000455166135642e-01 5.716886663632225751e-01 3.311333636777423484e-02 0.000000000000000000e+00
1.720000000000000000e+06 4.299980123385334085e-01 1.381429221665907980e-01 2.605826126536185949e-01 5.906918525261720676e-01 1.058261265361857065e-02 0.000000000000000000e+00
1.760000000000000000e+06 4.399979661138480047e-01 1.263086026399635742e-01 2.669549385525716856e-01 5.953573054164770229e-01 1.137915339098771045e-02 0.000000000000000000e+00
1.800000000000000000e+06 4.499979198891628229e-01 1.471324533454710926e-01 2.581929904415111721e-01 5.831816112881201830e-01 1.149294492489758707e-02 0.000000000000000000e+00
1.840000000000000000e+06 4.599978736644774191e-01 1.473600364132908458e-01 2.575102412380518846e-01 5.782885753299954468e-01 1.684114701866181243e-02 0.000000000000000000e+00
1.880000000000000000e+06 4.699978274397922373e-01 1.142467000455166110e-01 2.666135639508420696e-01 6.140191169776968438e-01 5.120619025944469528e-03 0.000000000000000000e+00
1.920000000000000000e+06 4.799977812151070555e-01 8.033682294037323979e-02 2.803823395539372099e-01 6.392808375056895365e-01 0.000000000000000000e+00 0.000000000000000000e+00
1.960000000000000000e+06 4.899977349904216517e-01 8.295402822030041590e-02 2.789030496131087999e-01 6.373463814292216201e-01 7.965407373691396923e-04 0.000000000000000000e+00
2.000000000000000000e+06 4.999976887657364699e-01 8.648156577150660496e-02 2.774237596722803900e-01 6.354119253527537037e-01 6.827492034592626399e-04 0.000000000000000000e+00
2.040000000000000000e+06 5.099976425410510661e-01 8.670914883932635819e-02 2.758306781975420896e-01 6.362084660901229372e-01 1.251706873008648227e-03 0.000000000000000000e+00
2.080000000000000000e+06 5.199975963163658843e-01 9.387801547564861293e-02 2.715065999089667503e-01 6.334774692762858983e-01 1.137915339098770958e-03 0.000000000000000000e+00
2.120000000000000000e+06 5.299975500916807025e-01 1.003641329085116080e-01 2.702548930359581214e-01 6.271051433773326966e-01 2.275830678197541916e-03 0.000000000000000000e+00
2.160000000000000000e+06 5.399975038669952987e-01 1.061675011379153433e-01 2.676376877560309731e-01 6.236913973600364258e-01 2.503413746017296455e-03 0.000000000000000000e+00
2.200000000000000000e+06 5.499974576423101169e-01 1.184569868001820597e-01 2.617205279927173334e-01 6.147018661811560758e-01 5.120619025944469528e-03 0.000000000000000000e+00
2.240000000000000000e+06 5.599974114176247131e-01 1.508875739644970349e-01 2.428311333636777314e-01 5.979745106964041712e-01 8.306781975421027864e-03 0.000000000000000000e+00
2.280000000000000000e+06 5.699973651929395313e-01 1.345015930814747462e-01 2.637687756030951403e-01 5.968365953573053773e-01 4.893035958124715423e-03 0.000000000000000000e+00
2.320000000000000000e+06 5.799973189682543495e-01 8.101957214383249950e-02 2.793582157487483064e-01 6.368912152935821691e-01 2.730996813837050560e-03 0.000000000000000000e+00
2.360000000000000000e+06 5.899972727435689457e-01 8.363677742375967561e-02 2.799271734182977034e-01 6.325671370050067743e-01 3.868912152935821518e-03 0.000000000000000000e+00
2.400000000000000000e+06 5.999972265188837639e-01 9.444697314519799602e-02 2.736686390532544477e-01 6.261948111060536837e-01 5.689576695493855224e-03 0.000000000000000000e+00
2.440000000000000000e+06 6.099971802941983601e-01 1.078743741465634925e-01 2.694583522985889990e-01 6.140191169776968438e-01 8.648156577150659455e-03 0.000000000000000000e+00
2.480000000000000000e+06 6.199971340695131783e-01 1.585116067364588099e-01 2.488620846609012338e-01 5.831816112881201830e-01 9.444697314519799256e-03 0.000000000000000000e+00
2.520000000000000000e+06 6.299970878448279965e-01 1.784251251706872876e-01 2.395311788802912956e-01 5.715748748293126846e-01 1.046882111970869403e-02 0.000000000000000000e+00
2.560000000000000000e+06 6.399970416201425927e-01 1.115157032316795582e-01 2.730996813837050508e-01 6.133363677742376119e-01 2.048247610377787811e-03 0.000000000000000000e+00
2.600000000000000000e+06 6.499969953954574109e-01 1.086709148839326289e-01 2.727583067819754348e-01 6.168639053254437732e-01 1.706873008648156654e-03 0.000000000000000000e+00
2.640000000000000000e+06 6.599969491707720071e-01 1.150432407828857473e-01 2.707100591715976279e-01 6.114019116977696955e-01 2.844788347746927612e-03 0.000000000000000000e+00
2.680000000000000000e+06 6.699969029460868253e-01 1.208466090122894826e-01 2.667273554847519601e-01 6.077605826126536437e-01 4.665452890304961318e-03 0.000000000000000000e+00
2.720000000000000000e+06 6.799968567214016435e-01 1.298361401911697632e-01 2.609239872553482109e-01 6.034365043240782489e-01 5.803368229403732710e-03 0.000000000000000000e+00
2.760000000000000000e+06 6.899968104967162397e-01 1.417842512517068776e-01 2.538689121529358328e-01 5.949021392808374609e-01 9.444697314519799256e-03 0.000000000000000000e+00
2.800000000000000000e+06 6.999967642720310579e-01 1.710286754665452935e-01 2.460172963131543045e-01 5.715748748293126846e-01 1.137915339098771045e-02 0.000000000000000000e+00
2.840000000000000000e+06 7.099967180473456541e-01 1.878698224852070886e-01 2.375967228038234069e-01 5.532544378698225351e-01 2.127901684114701791e-02 0.000000000000000000e+00
2.880000000000000000e+06 7.199966718226604723e-01 1.833181611288120239e-01 2.503413746017296160e-01 5.543923532089212181e-01 1.194811106053709528e-02 0.000000000000000000e+00
2.920000000000000000e+06 7.299966255979752905e-01 1.932180245789713313e-01 2.344105598543468338e-01 5.619025944469731026e-01 1.046882111970869403e-02 0.000000000000000000e+00
2.960000000000000000e+06 7.399965793732898867e-01 2.000455166135639562e-01 2.288347746927628656e-01 5.580336822940372699e-01 1.308602639963586667e-02 0.000000000000000000e+00
3.000000000000000000e+06 7.499965331486047049e-01 2.098315885298133732e-01 2.238279472007282667e-01 5.524578971324533017e-01 1.388256713700500647e-02 0.000000000000000000e+00
3.040000000000000000e+06 7.599964869239193010e-01 1.944697314519799602e-01 2.325898953117888079e-01 5.606508875739645292e-01 1.228948566226672687e-02 0.000000000000000000e+00
3.080000000000000000e+06 7.699964406992341193e-01 1.921939007737824279e-01 2.307692307692307820e-01 5.661128812016386069e-01 1.092398725534820224e-02 0.000000000000000000e+00
3.120000000000000000e+06 7.799963944745487154e-01 1.412152935821574806e-01 2.494310423304506030e-01 6.041192535275375919e-01 5.234410559854347014e-03 0.000000000000000000e+00
3.160000000000000000e+06 7.899963482498635337e-01 1.324533454710969393e-01 2.612653618570778269e-01 6.046882111970869333e-01 1.593081474738279385e-03 0.000000000000000000e+00
3.200000000000000000e+06 7.999963020251783519e-01 1.211879836140191125e-01 2.581929904415111721e-01 6.178880291306326766e-01 2.730996813837050560e-03 0.000000000000000000e+00
3.240000000000000000e+06 8.099962558004929480e-01 1.253982703686845612e-01 2.589895311788802945e-01 6.132225762403277214e-01 2.389622212107419402e-03 0.000000000000000000e+00
3.280000000000000000e+06 8.199962095758077663e-01 1.215293582157487423e-01 2.564861174328629811e-01 6.177742375967227861e-01 4.210286754665453109e-03 0.000000000000000000e+00
3.320000000000000000e+06 8.299961633511223624e-01 1.284706417842512438e-01 2.532999544833864358e-01 6.141329085116067343e-01 4.096495220755575623e-03 0.000000000000000000e+00
3.360000000000000000e+06 8.399961171264371806e-01 1.308602639963586667e-01 2.547792444242148457e-01 6.087847064178425471e-01 5.575785161583977738e-03 0.000000000000000000e+00
3.400000000000000000e+06 8.499960709017519989e-01 1.400773782430587144e-01 2.490896677287209870e-01 6.045744196631770428e-01 6.258534365043240920e-03 0.000000000000000000e+00
3.440000000000000000e+06 8.599960246770665950e-01 1.374601729631315383e-01 2.514792899408284099e-01 6.065088757396449592e-01 4.551661356395083832e-03 0.000000000000000000e+00
3.480000000000000000e+06 8.699959784523814132e-01 1.462221210741920796e-01 2.478379608557123304e-01 6.002503413746017591e-01 5.689576695493855224e-03 0.000000000000000000e+00
3.520000000000000000e+06 8.799959322276960094e-01 1.556668183887118806e-01 2.448793809740555383e-01 5.935366408739189970e-01 5.917159763313609329e-03 0.000000000000000000e+00
3.560000000000000000e+06 8.899958860030108276e-01 1.698907601274465273e-01 2.373691397360036537e-01 5.861401911697770029e-01 6.599908966772872511e-03 0.000000000000000000e+00
3.600000000000000000e+06 8.999958397783256459e-01 1.936731907146108378e-01 2.263313609467455523e-01 5.695266272189348777e-01 1.046882111970869403e-02 0.000000000000000000e+00
3.640000000000000000e+06 9.099957935536402420e-01 2.020937642239417353e-01 2.171142467000455045e-01 5.600819299044150767e-01 2.071005917159763482e-02 0.000000000000000000e+00
3.680000000000000000e+06 9.199957473289550602e-01 1.235776058261265353e-01 2.573964497041419941e-01 6.158397815202548697e-01 3.186162949476558769e-03 0.000000000000000000e+00
3.720000000000000000e+06 9.299957011042696564e-01 1.305188893946290507e-01 2.568274920345926526e-01 6.079881656804734247e-01 4.665452890304961318e-03 0.000000000000000000e+00
3.760000000000000000e+06 9.399956548795844746e-01 1.424670004551661373e-01 2.515930814747383004e-01 5.979745106964041712e-01 7.965407373691398007e-03 0.000000000000000000e+00
3.800000000000000000e+06 9.499956086548992928e-01 1.490669094219390090e-01 2.487482931269913433e-01 5.933090578060992160e-01 8.875739644970414427e-03 0.000000000000000000e+00
3.840000000000000000e+06 9.599955624302138890e-01 1.611288120163859861e-01 2.403277196176604458e-01 5.837505689576695245e-01 1.479289940828402289e-02 0.000000000000000000e+00
3.880000000000000000e+06 9.699955162055287072e-01 1.702321347291761433e-01 2.412380518889394587e-01 5.646335912608101415e-01 2.389622212107419055e-02 0.000000000000000000e+00
3.920000000000000000e+06 9.799954699808433034e-01 1.844560764679107900e-01 2.295175238962221254e-01 5.601957214383249672e-01 2.583067819754210348e-02 0.000000000000000000e+00
3.960000000000000000e+06 9.899954237561581216e-01 1.982248520710059303e-01 2.213245334547109811e-01 5.484751934456076894e-01 3.197542102867546865e-02 0.000000000000000000e+00
4.000000000000000000e+06 9.999953775314729398e-01 2.191624943104233114e-01 2.082385070550751005e-01 5.506372325898952758e-01 2.196176604460628110e-02 0.000000000000000000e+00
