# itime ezz other fcc hcp bcc ico
0.000000000000000000e+00 0.000000000000000000e+00 9.103322712790168532e-04 9.990896677287209870e-01 0.000000000000000000e+00 0.000000000000000000e+00 0.000000000000000000e+00
3.000000000000000000e+00 1.200007080334408727e-03 1.137915339098771066e-04 9.998862084660901095e-01 0.000000000000000000e+00 0.000000000000000000e+00 0.000000000000000000e+00
6.000000000000000000e+00 2.400014160668595409e-03 0.000000000000000000e+00 1.000000000000000000e+00 0.000000000000000000e+00 0.000000000000000000e+00 0.000000000000000000e+00
9.000000000000000000e+00 3.600021241003004135e-03 2.275830678197542133e-04 9.997724169321802190e-01 0.000000000000000000e+00 0.000000000000000000e+00 0.000000000000000000e+00
1.200000000000000000e+01 4.800028321337190818e-03 1.137915339098771066e-04 9.998862084660901095e-01 0.000000000000000000e+00 0.000000000000000000e+00 0.000000000000000000e+00
1.500000000000000000e+01 6.000035401671599544e-03 4.551661356395084266e-04 9.995448338643604380e-01 0.000000000000000000e+00 0.000000000000000000e+00 0.000000000000000000e+00
1.800000000000000000e+01 7.200042482005786226e-03 6.827492034592626399e-04 9.993172507965407680e-01 0.000000000000000000e+00 0.000000000000000000e+00 0.000000000000000000e+00
2.100000000000000000e+01 8.400049562340194953e-03 5.689576695493854790e-04 9.994310423304506585e-01 0.000000000000000000e+00 0.000000000000000000e+00 0.000000000000000000e+00
2.400000000000000000e+01 9.600056642674381635e-03 4.551661356395084266e-04 9.995448338643604380e-01 0.000000000000000000e+00 0.000000000000000000e+00 0.000000000000000000e+00
2.700000000000000000e+01 1.080006372300879036e-02 4.551661356395084266e-04 9.995448338643604380e-01 0.000000000000000000e+00 0.000000000000000000e+00 0.000000000000000000e+00
3.000000000000000000e+01 1.200007080334297704e-02 6.827492034592626399e-04 9.993172507965407680e-01 0.000000000000000000e+00 0.000000000000000000e+00 0.000000000000000000e+00
3.300000000000000000e+01 1.320007788367738577e-02 9.103322712790168532e-04 9.990896677287209870e-01 0.000000000000000000e+00 0.000000000000000000e+00 0.000000000000000000e+00
3.600000000000000000e+01 1.440008496401157245e-02 1.137915339098770958e-03 9.988620846609012061e-01 0.000000000000000000e+00 0.000000000000000000e+00 0.000000000000000000e+00
3.900000000000000000e+01 1.560009204434598118e-02 1.365498406918525280e-03 9.986345015930814251e-01 0.000000000000000000e+00 0.000000000000000000e+00 0.000000000000000000e+00
4.200000000000000000e+01 1.680009912468038991e-02 1.024123805188893906e-03 9.989758761948110966e-01 0.000000000000000000e+00 0.000000000000000000e+00 0.000000000000000000e+00
4.500000000000000000e+01 1.800010620501457659e-02 1.479289940828402332e-03 9.985207100591716456e-01 0.000000000000000000e+00 0.000000000000000000e+00 0.000000000000000000e+00
4.800000000000000000e+01 1.920011328534898531e-02 1.251706873008648227e-03 9.987482931269913156e-01 0.000000000000000000e+00 0.000000000000000000e+00 0.000000000000000000e+00
5.100000000000000000e+01 2.040012036568317200e-02 6.827492034592626399e-04 9.993172507965407680e-01 0.000000000000000000e+00 0.000000000000000000e+00 0.000000000000000000e+00
5.400000000000000000e+01 2.160012744601758072e-02 1.251706873008648227e-03 9.985207100591716456e-01 0.000000000000000000e+00 2.275830678197542133e-04 0.000000000000000000e+00
5.700000000000000000e+01 2.280013452635176741e-02 1.479289940828402332e-03 9.982931269913518646e-01 0.000000000000000000e+00 2.275830678197542133e-04 0.000000000000000000e+00
6.000000000000000000e+01 2.400014160668617613e-02 2.048247610377787811e-03 9.979517523896221931e-01 0.000000000000000000e+00 0.000000000000000000e+00 0.000000000000000000e+00
6.300000000000000000e+01 2.520014868702036281e-02 1.365498406918525280e-03 9.986345015930814251e-01 0.000000000000000000e+00 0.000000000000000000e+00 0.000000000000000000e+00
6.600000000000000000e+01 2.640015576735477154e-02 1.479289940828402332e-03 9.985207100591716456e-01 0.000000000000000000e+00 0.000000000000000000e+00 0.000000000000000000e+00
6.900000000000000000e+01 2.760016284768895822e-02 1.593081474738279385e-03 9.984069185252617551e-01 0.000000000000000000e+00 0.000000000000000000e+00 0.000000000000000000e+00
7.200000000000000000e+01 2.880016992802336695e-02 2.389622212107419402e-03 9.976103777878926326e-01 0.000000000000000000e+00 0.000000000000000000e+00 0.000000000000000000e+00
7.500000000000000000e+01 3.000017700835755363e-02 3.186162949476558769e-03 9.967000455166135087e-01 0.000000000000000000e+00 1.137915339098771066e-04 0.000000000000000000e+00
7.800000000000000000e+01 3.120018408869196236e-02 3.868912152935821518e-03 9.961310878470641672e-01 0.000000000000000000e+00 0.000000000000000000e+00 0.000000000000000000e+00
8.100000000000000000e+01 3.240019116902637109e-02 4.893035958124715423e-03 9.951069640418752638e-01 0.000000000000000000e+00 0.000000000000000000e+00 0.000000000000000000e+00
8.400000000000000000e+01 3.360019824936055777e-02 5.348202093764223633e-03 9.945380063723259223e-01 0.000000000000000000e+00 1.137915339098771066e-04 0.000000000000000000e+00
8.700000000000000000e+01 3.480020532969496649e-02 5.348202093764223633e-03 9.945380063723259223e-01 0.000000000000000000e+00 1.137915339098771066e-04 0.000000000000000000e+00
9.000000000000000000e+01 3.600021241002915318e-02 5.461993627674101119e-03 9.944242148384160318e-01 0.000000000000000000e+00 1.137915339098771066e-04 0.000000000000000000e+00
9.300000000000000000e+01 3.720021949036356190e-02 4.665452890304961318e-03 9.952207555757851543e-01 0.000000000000000000e+00 1.137915339098771066e-04 0.000000000000000000e+00
9.600000000000000000e+01 3.840022657069774858e-02 5.575785161583977738e-03 9.943104233045061413e-01 0.000000000000000000e+00 1.137915339098771066e-04 0.000000000000000000e+00
9.900000000000000000e+01 3.960023365103215731e-02 5.234410559854347014e-03 9.946517979062358128e-01 0.000000000000000000e+00 1.137915339098771066e-04 0.000000000000000000e+00
1.020000000000000000e+02 4.080024073136634399e-02 6.599908966772872511e-03 9.932862994993172379e-01 0.000000000000000000e+00 1.137915339098771066e-04 0.000000000000000000e+00
1.050000000000000000e+02 4.200024781170075272e-02 6.372325898953117539e-03 9.935138825671370189e-01 0.000000000000000000e+00 1.137915339098771066e-04 0.000000000000000000e+00
1.080000000000000000e+02 4.320025489203493940e-02 6.713700500682749130e-03 9.930587164314974569e-01 0.000000000000000000e+00 2.275830678197542133e-04 0.000000000000000000e+00
1.110000000000000000e+02 4.440026197236934813e-02 7.282658170232134826e-03 9.926035502958580059e-01 0.000000000000000000e+00 1.137915339098771066e-04 0.000000000000000000e+00
1.140000000000000000e+02 4.560026905270353481e-02 6.599908966772872511e-03 9.932862994993172379e-01 0.000000000000000000e+00 1.137915339098771066e-04 0.000000000000000000e+00
1.170000000000000000e+02 4.680027613303794354e-02 8.534365043240782836e-03 9.910104688211197610e-01 0.000000000000000000e+00 4.551661356395084266e-04 0.000000000000000000e+00
1.200000000000000000e+02 4.800028321337235226e-02 9.899863450159307465e-03 9.896449704142011861e-01 0.000000000000000000e+00 4.551661356395084266e-04 0.000000000000000000e+00
1.230000000000000000e+02 4.920029029370653895e-02 1.342740100136549826e-02 9.864588074647245852e-01 0.000000000000000000e+00 1.137915339098771066e-04 0.000000000000000000e+00
1.260000000000000000e+02 5.040029737404094767e-02 1.411015020482476144e-02 9.852071005917160118e-01 0.000000000000000000e+00 6.827492034592626399e-04 0.000000000000000000e+00
1.290000000000000000e+02 5.160030445437513436e-02 1.331360946745562164e-02 9.864588074647245852e-01 0.000000000000000000e+00 2.275830678197542133e-04 0.000000000000000000e+00
1.320000000000000000e+02 5.280031153470954308e-02 1.354119253527537488e-02 9.860036413290851343e-01 0.000000000000000000e+00 4.551661356395084266e-04 0.000000000000000000e+00
1.350000000000000000e+02 5.400031861504372976e-02 1.342740100136549826e-02 9.863450159308146947e-01 0.000000000000000000e+00 2.275830678197542133e-04 0.000000000000000000e+00
1.380000000000000000e+02 5.520032569537813849e-02 1.263086026399635846e-02 9.869139736003641472e-01 0.000000000000000000e+00 4.551661356395084266e-04 0.000000000000000000e+00
1.410000000000000000e+02 5.640033277571232517e-02 1.228948566226672687e-02 9.871415566681839282e-01 0.000000000000000000e+00 5.689576695493854790e-04 0.000000000000000000e+00
1.440000000000000000e+02 5.760033985604673390e-02 1.388256713700500647e-02 9.858898497951752438e-01 0.000000000000000000e+00 2.275830678197542133e-04 0.000000000000000000e+00
1.470000000000000000e+02 5.880034693638092058e-02 1.445152480655439303e-02 9.854346836595356818e-01 0.000000000000000000e+00 1.137915339098771066e-04 0.000000000000000000e+00
1.500000000000000000e+02 6.000035401671532931e-02 1.593081474738279601e-02 9.833864360491579859e-01 0.000000000000000000e+00 6.827492034592626399e-04 0.000000000000000000e+00
1.530000000000000000e+02 6.120036109704951599e-02 1.741010468821119553e-02 9.820209376422394110e-01 0.000000000000000000e+00 5.689576695493854790e-04 0.000000000000000000e+00
1.560000000000000000e+02 6.240036817738392472e-02 2.014110150204824826e-02 9.789485662266727006e-01 0.000000000000000000e+00 9.103322712790168532e-04 0.000000000000000000e+00
1.590000000000000000e+02 6.360037525771833344e-02 2.150659990896677115e-02 9.774692762858443462e-01 0.000000000000000000e+00 1.024123805188893906e-03 0.000000000000000000e+00
1.620000000000000000e+02 6.480038233805252013e-02 2.253072371415566766e-02 9.758761948111061013e-01 0.000000000000000000e+00 1.593081474738279385e-03 0.000000000000000000e+00
1.650000000000000000e+02 6.600038941838692885e-02 2.514792899408284030e-02 9.734865725989986229e-01 0.000000000000000000e+00 1.365498406918525280e-03 0.000000000000000000e+00
1.680000000000000000e+02 6.720039649872111553e-02 3.015475648611743234e-02 9.683659535730542167e-01 0.000000000000000000e+00 1.479289940828402332e-03 0.000000000000000000e+00
1.710000000000000000e+02 6.840040357905552426e-02 3.356850250341374825e-02 9.652935821574875064e-01 0.000000000000000000e+00 1.137915339098770958e-03 0.000000000000000000e+00
1.740000000000000000e+02 6.960041065938971094e-02 3.459262630860263782e-02 9.640418752844788219e-01 0.000000000000000000e+00 1.365498406918525280e-03 0.000000000000000000e+00
1.770000000000000000e+02 7.080041773972411967e-02 3.254437869822485174e-02 9.649522075557578349e-01 0.000000000000000000e+00 2.503413746017296455e-03 0.000000000000000000e+00
1.800000000000000000e+02 7.200042482005830635e-02 3.982703686845699004e-02 9.573281747837960598e-01 0.000000000000000000e+00 2.844788347746927612e-03 0.000000000000000000e+00
1.830000000000000000e+02 7.320043190039271508e-02 4.198907601274465273e-02 9.560764679107874864e-01 0.000000000000000000e+00 1.934456076467910759e-03 0.000000000000000000e+00
1.860000000000000000e+02 7.440043898072690176e-02 4.563040509786071841e-02 9.522075557578516536e-01 0.000000000000000000e+00 2.162039144287664864e-03 0.000000000000000000e+00
1.890000000000000000e+02 7.560044606106131049e-02 4.654073736913973830e-02 9.512972234865726406e-01 0.000000000000000000e+00 2.162039144287664864e-03 0.000000000000000000e+00
1.920000000000000000e+02 7.680045314139549717e-02 5.166135639508420696e-02 9.453800637232590010e-01 0.000000000000000000e+00 2.958579881656804664e-03 0.000000000000000000e+00
1.950000000000000000e+02 7.800046022172990590e-02 5.405097860719162289e-02 9.434456076467910846e-01 0.000000000000000000e+00 2.503413746017296455e-03 0.000000000000000000e+00
1.980000000000000000e+02 7.920046730206431462e-02 5.689576695493855224e-02 9.404870277651342647e-01 0.000000000000000000e+00 2.617205279927173507e-03 0.000000000000000000e+00
2.010000000000000000e+02 8.040047438239850131e-02 6.338188438780155420e-02 9.351388256713700775e-01 0.000000000000000000e+00 1.479289940828402332e-03 0.000000000000000000e+00
2.040000000000000000e+02 8.160048146273291003e-02 6.531634046426945672e-02 9.326354119253527086e-01 0.000000000000000000e+00 2.048247610377787811e-03 0.000000000000000000e+00
2.070000000000000000e+02 8.280048854306709671e-02 6.873008648156576916e-02 9.285389167045972059e-01 0.000000000000000000e+00 2.730996813837050560e-03 0.000000000000000000e+00
2.100000000000000000e+02 8.400049562340150544e-02 6.759217114246700298e-02 9.291078743741465473e-01 0.000000000000000000e+00 3.299954483386436255e-03 0.000000000000000000e+00
2.130000000000000000e+02 8.520050270373569212e-02 6.907146108329539902e-02 9.274010013654984119e-01 0.000000000000000000e+00 3.527537551206190360e-03 0.000000000000000000e+00
2.160000000000000000e+02 8.640050978407010085e-02 7.851615839781520001e-02 9.181838871187983919e-01 0.000000000000000000e+00 3.299954483386436255e-03 0.000000000000000000e+00
2.190000000000000000e+02 8.760051686440428753e-02 8.443331816112881194e-02 9.127218934911243142e-01 0.000000000000000000e+00 2.844788347746927612e-03 0.000000000000000000e+00
2.220000000000000000e+02 8.880052394473869626e-02 8.466090122894856518e-02 9.115839781520255203e-01 0.000000000000000000e+00 3.755120619025944465e-03 0.000000000000000000e+00
2.250000000000000000e+02 9.000053102507288294e-02 8.545744196631770151e-02 9.112426035502958488e-01 0.000000000000000000e+00 3.299954483386436255e-03 0.000000000000000000e+00
2.280000000000000000e+02 9.120053810540729167e-02 8.955393718707328754e-02 9.055530268548019901e-01 0.000000000000000000e+00 4.893035958124715423e-03 0.000000000000000000e+00
2.310000000000000000e+02 9.240054518574147835e-02 1.015020482476103741e-01 8.936049157942649313e-01 0.000000000000000000e+00 4.893035958124715423e-03 0.000000000000000000e+00
2.340000000000000000e+02 9.360055226607588708e-02 1.096950386891215323e-01 8.845015930814746907e-01 0.000000000000000000e+00 5.803368229403732710e-03 0.000000000000000000e+00
2.370000000000000000e+02 9.480055934641029580e-02 1.193673190714610866e-01 8.747155211652253293e-01 0.000000000000000000e+00 5.917159763313609329e-03 0.000000000000000000e+00
2.400000000000000000e+02 9.600056642674448248e-02 1.309740555302685572e-01 8.616294947655894765e-01 0.000000000000000000e+00 7.396449704142011444e-03 0.000000000000000000e+00
2.430000000000000000e+02 9.720057350707889121e-02 1.411015020482476179e-01 8.526399635867091265e-01 0.000000000000000000e+00 6.258534365043240920e-03 0.000000000000000000e+00
2.460000000000000000e+02 9.840058058741307789e-02 1.459945380063723264e-01 8.480883022303140617e-01 0.000000000000000000e+00 5.917159763313609329e-03 0.000000000000000000e+00
2.490000000000000000e+02 9.960058766774748662e-02 1.522530723714155543e-01 8.412608101957214091e-01 0.000000000000000000e+00 6.486117432862995025e-03 0.000000000000000000e+00
2.520000000000000000e+02 1.008005947480816733e-01 1.636322257624032717e-01 8.286299499317251183e-01 0.000000000000000000e+00 7.737824305871643035e-03 0.000000000000000000e+00
2.550000000000000000e+02 1.020006018284160820e-01 1.706873008648156498e-01 8.207783340919435622e-01 0.000000000000000000e+00 8.534365043240782836e-03 0.000000000000000000e+00
2.580000000000000000e+02 1.032006089087502687e-01 1.792216659080564378e-01 8.113336367774237612e-01 0.000000000000000000e+00 9.444697314519799256e-03 0.000000000000000000e+00
2.610000000000000000e+02 1.044006159890846774e-01 1.910559854346836617e-01 7.994993172507965928e-01 0.000000000000000000e+00 9.444697314519799256e-03 0.000000000000000000e+00
2.640000000000000000e+02 1.056006230694188641e-01 2.024351388256713791e-01 7.837960855712334807e-01 0.000000000000000000e+00 1.376877560309512985e-02 0.000000000000000000e+00
2.670000000000000000e+02 1.068006301497532728e-01 2.141556668183887124e-01 7.729858898497952158e-01 0.000000000000000000e+00 1.285844333181611343e-02 0.000000000000000000e+00
2.700000000000000000e+02 1.080006372300874595e-01 2.316795630405097950e-01 7.539827036868457233e-01 0.000000000000000000e+00 1.433773327264451468e-02 0.000000000000000000e+00
2.730000000000000000e+02 1.092006443104218683e-01 2.424897587619481154e-01 7.426035502958580059e-01 0.000000000000000000e+00 1.490669094219390124e-02 0.000000000000000000e+00
2.760000000000000000e+02 1.104006513907562770e-01 2.540964952207555583e-01 7.283796085571233592e-01 0.000000000000000000e+00 1.752389622212107562e-02 0.000000000000000000e+00
2.790000000000000000e+02 1.116006584710904637e-01 2.649066909421938787e-01 7.160901228948566288e-01 0.000000000000000000e+00 1.900318616294947513e-02 0.000000000000000000e+00
2.820000000000000000e+02 1.128006655514248724e-01 2.770823850705507740e-01 7.032316795630405570e-01 1.137915339098771066e-04 1.957214383249886169e-02 0.000000000000000000e+00
2.850000000000000000e+02 1.140006726317590591e-01 2.842512517068729871e-01 6.939007737824305355e-01 1.137915339098771066e-04 2.173418297678652786e-02 0.000000000000000000e+00
2.880000000000000000e+02 1.152006797120934678e-01 2.989303595812471404e-01 6.781975421028675344e-01 0.000000000000000000e+00 2.287209831588529751e-02 0.000000000000000000e+00
2.910000000000000000e+02 1.164006867924276545e-01 3.133818843878015681e-01 6.614701866181156298e-01 0.000000000000000000e+00 2.514792899408284030e-02 0.000000000000000000e+00
2.940000000000000000e+02 1.176006938727620632e-01 3.229403732362312041e-01 6.487255348202093375e-01 0.000000000000000000e+00 2.833409194355939950e-02 0.000000000000000000e+00
2.970000000000000000e+02 1.188007009530962499e-01 3.346609012289485929e-01 6.358670914883932657e-01 0.000000000000000000e+00 2.947200728265816916e-02 0.000000000000000000e+00
3.000000000000000000e+02 1.200007080334306586e-01 3.489986345015930747e-01 6.198224852071005930e-01 0.000000000000000000e+00 3.117888029130632538e-02 0.000000000000000000e+00
3.030000000000000000e+02 1.212007151137648453e-01 3.565088757396449592e-01 6.110605370960400240e-01 0.000000000000000000e+00 3.243058716431497512e-02 0.000000000000000000e+00
3.060000000000000000e+02 1.224007221940992540e-01 3.736913973600364258e-01 5.893263541192534927e-01 1.137915339098771066e-04 3.686845698680018407e-02 0.000000000000000000e+00
3.090000000000000000e+02 1.236007292744334407e-01 4.024806554392353353e-01 5.603095129722348577e-01 2.275830678197542133e-04 3.698224852071006069e-02 0.000000000000000000e+00
3.120000000000000000e+02 1.248007363547678494e-01 4.228493400091033472e-01 5.364132908511606290e-01 2.275830678197542133e-04 4.050978607191624975e-02 0.000000000000000000e+00
3.150000000000000000e+02 1.260007434351022582e-01 4.347974510696404060e-01 5.227583067819754348e-01 7.965407373691396923e-04 4.164770141101502288e-02 0.000000000000000000e+00
3.180000000000000000e+02 1.272007505154364448e-01 4.510696404187528596e-01 5.028447883477469293e-01 7.965407373691396923e-04 4.528903049613108855e-02 0.000000000000000000e+00
3.210000000000000000e+02 1.284007575957708536e-01 4.652935821574875064e-01 4.846381429221666148e-01 1.024123805188893906e-03 4.904415111515703085e-02 0.000000000000000000e+00
3.240000000000000000e+02 1.296007646761050403e-01 4.792899408284023721e-01 4.689349112426035582e-01 1.137915339098770958e-03 5.063723258989531045e-02 0.000000000000000000e+00
3.270000000000000000e+02 1.308007717564394490e-01 4.985207100591715901e-01 4.449248975876194945e-01 1.024123805188893906e-03 5.553026854802002588e-02 0.000000000000000000e+00
3.300000000000000000e+02 1.320007788367736357e-01 5.097860719162494725e-01 4.310423304506144637e-01 1.137915339098770958e-03 5.803368229403732537e-02 0.000000000000000000e+00
3.330000000000000000e+02 1.332007859171080444e-01 5.357305416477013971e-01 4.019116977696859383e-01 1.137915339098770958e-03 6.121984524351388457e-02 0.000000000000000000e+00
3.360000000000000000e+02 1.344007929974422311e-01 5.460855712335002110e-01 3.884842967683204140e-01 9.103322712790168532e-04 6.451979972690032039e-02 0.000000000000000000e+00
3.390000000000000000e+02 1.356008000777766398e-01 5.608784706417841992e-01 3.716431497496586189e-01 9.103322712790168532e-04 6.656804733727811341e-02 0.000000000000000000e+00
3.420000000000000000e+02 1.368008071581108265e-01 5.801092398725534727e-01 3.503641329085115941e-01 1.251706873008648227e-03 6.827492034592626269e-02 0.000000000000000000e+00
3.450000000000000000e+02 1.380008142384452352e-01 5.941055985434683384e-01 3.305644060081929791e-01 1.706873008648156654e-03 7.362312243969049153e-02 0.000000000000000000e+00
3.480000000000000000e+02 1.392008213187794219e-01 6.095812471552116696e-01 3.114474283113336517e-01 1.479289940828402332e-03 7.749203459262631044e-02 0.000000000000000000e+00
3.510000000000000000e+02 1.404008283991138306e-01 6.211879836140191680e-01 2.977924442421484019e-01 1.593081474738279385e-03 7.942649066909421296e-02 0.000000000000000000e+00
3.540000000000000000e+02 1.416008354794482393e-01 6.272189349112425871e-01 2.848202093764223841e-01 1.706873008648156654e-03 8.625398270368685172e-02 0.000000000000000000e+00
3.570000000000000000e+02 1.428008425597824260e-01 6.347291761492944717e-01 2.721893491124260378e-01 2.162039144287664864e-03 9.091943559399180697e-02 0.000000000000000000e+00
3.600000000000000000e+02 1.440008496401168347e-01 6.466772872098316416e-01 2.543240782885753393e-01 2.389622212107419402e-03 9.660901228948566566e-02 0.000000000000000000e+00
3.630000000000000000e+02 1.452008567204510214e-01 6.614701866181156298e-01 2.329312699135184239e-01 2.844788347746927612e-03 1.027537551206190308e-01 0.000000000000000000e+00
3.660000000000000000e+02 1.464008638007854302e-01 6.709148839326354308e-01 2.187073281747838049e-01 3.413746017296313308e-03 1.069640418752844796e-01 0.000000000000000000e+00
3.690000000000000000e+02 1.476008708811196168e-01 6.832043695949021611e-01 2.043695949021392677e-01 3.299954483386436255e-03 1.091260810195721492e-01 0.000000000000000000e+00
3.720000000000000000e+02 1.488008779614540256e-01 6.915111515703231682e-01 1.927628584433318248e-01 4.665452890304961318e-03 1.110605370960400518e-01 0.000000000000000000e+00
3.750000000000000000e+02 1.500008850417882122e-01 6.998179335457441752e-01 1.793354574419663283e-01 5.234410559854347014e-03 1.156121984524351443e-01 0.000000000000000000e+00
3.780000000000000000e+02 1.512008921221226210e-01 7.042558033682293495e-01 1.694355939918070209e-01 6.144742831133363434e-03 1.201638598088302229e-01 0.000000000000000000e+00
3.810000000000000000e+02 1.524008992024568077e-01 7.107419208010924416e-01 1.594219390077378229e-01 6.713700500682749130e-03 1.231224396904870289e-01 0.000000000000000000e+00
3.840000000000000000e+02 1.536009062827912164e-01 7.199590350477924616e-01 1.431497496586253970e-01 7.737824305871643035e-03 1.291533909877105035e-01 0.000000000000000000e+00
3.870000000000000000e+02 1.548009133631256251e-01 7.183659535730542167e-01 1.354119253527537592e-01 8.192990441511151245e-03 1.380291306326809353e-01 0.000000000000000000e+00
3.900000000000000000e+02 1.560009204434598118e-01 7.234865725989986229e-01 1.251706873008648080e-01 8.761948111060537808e-03 1.425807919890760000e-01 0.000000000000000000e+00
3.930000000000000000e+02 1.572009275237942205e-01 7.249658625398270884e-01 1.192535275375512099e-01 1.092398725534820224e-02 1.448566226672735602e-01 0.000000000000000000e+00
3.960000000000000000e+02 1.584009346041284072e-01 7.283796085571233592e-01 1.109467455621301751e-01 1.331360946745562164e-02 1.473600364132908458e-01 0.000000000000000000e+00
3.990000000000000000e+02 1.596009416844628159e-01 7.323623122439690825e-01 1.060537096040054666e-01 1.467910787437414627e-02 1.469048702776513393e-01 0.000000000000000000e+00
4.020000000000000000e+02 1.608009487647970026e-01 7.406690942193900895e-01 9.729176149294492537e-02 1.433773327264451468e-02 1.477014110150204895e-01 0.000000000000000000e+00
4.050000000000000000e+02 1.620009558451314113e-01 7.398725534820209671e-01 9.467455621301774926e-02 1.411015020482476144e-02 1.513427401001365413e-01 0.000000000000000000e+00
4.080000000000000000e+02 1.632009629254655980e-01 7.420345926263085534e-01 9.035047792444242387e-02 1.513427401001365448e-02 1.524806554392353075e-01 0.000000000000000000e+00
4.110000000000000000e+02 1.644009700058000067e-01 7.481793354574419741e-01 8.454710969503868856e-02 1.490669094219390124e-02 1.523668639053254448e-01 0.000000000000000000e+00
4.140000000000000000e+02 1.656009770861341934e-01 7.521620391442876974e-01 7.862994993172507663e-02 1.627218934911242587e-02 1.529358215748748417e-01 0.000000000000000000e+00
4.170000000000000000e+02 1.668009841664686022e-01 7.611515703231679364e-01 7.191624943104232837e-02 1.672735548475193582e-02 1.502048247610377751e-01 0.000000000000000000e+00
4.200000000000000000e+02 1.680009912468027888e-01 7.613791533909877174e-01 6.816112881201638607e-02 1.979972690031861493e-02 1.506599908966772816e-01 0.000000000000000000e+00
4.230000000000000000e+02 1.692009983271371976e-01 7.621756941283568398e-01 6.611288120163859305e-02 2.048247610377787811e-02 1.512289485662266786e-01 0.000000000000000000e+00
4.260000000000000000e+02 1.704010054074716063e-01 7.605826126536185949e-01 6.326809285389166371e-02 2.275830678197542090e-02 1.533909877105143482e-01 0.000000000000000000e+00
4.290000000000000000e+02 1.716010124878057930e-01 7.620619025944469493e-01 5.814747382794720199e-02 2.469276285844333035e-02 1.550978607191624836e-01 0.000000000000000000e+00
4.320000000000000000e+02 1.728010195681402017e-01 7.642239417387346467e-01 5.541647701411014926e-02 2.605826126536185672e-02 1.543013199817933612e-01 0.000000000000000000e+00
4.350000000000000000e+02 1.740010266484743884e-01 7.664997724169322346e-01 5.405097860719162289e-02 2.696859353664087314e-02 1.524806554392353075e-01 0.000000000000000000e+00
4.380000000000000000e+02 1.752010337288087971e-01 7.710514337733272994e-01 5.075102412380518707e-02 2.639963586709149004e-02 1.517979062357760478e-01 0.000000000000000000e+00
4.410000000000000000e+02 1.764010408091429838e-01 7.713928083750568598e-01 4.893035958124715423e-02 2.639963586709149004e-02 1.532771961766044577e-01 0.000000000000000000e+00
4.440000000000000000e+02 1.776010478894773925e-01 7.740100136549841192e-01 4.597177969959034827e-02 2.696859353664087314e-02 1.530496131087847045e-01 0.000000000000000000e+00
4.470000000000000000e+02 1.788010549698115792e-01 7.795857988165680874e-01 4.449248975876194528e-02 2.685480200273099652e-02 1.490669094219390090e-01 0.000000000000000000e+00
4.500000000000000000e+02 1.800010620501459879e-01 7.837960855712334807e-01 4.278561675011378906e-02 2.674101046882111990e-02 1.466772872098315861e-01 0.000000000000000000e+00
4.530000000000000000e+02 1.812010691304801746e-01 7.876649977241693135e-01 4.142011834319526964e-02 2.742375967228038308e-02 1.434911242603550408e-01 0.000000000000000000e+00
4.560000000000000000e+02 1.824010762108145833e-01 7.895994538006372299e-01 4.198907601274465273e-02 2.822030040964952288e-02 1.401911697769686049e-01 0.000000000000000000e+00
4.590000000000000000e+02 1.836010832911487700e-01 7.950614474283113076e-01 3.846153846153846367e-02 2.696859353664087314e-02 1.395084205735093175e-01 0.000000000000000000e+00
4.620000000000000000e+02 1.848010903714831787e-01 8.013199817933546187e-01 3.561675011379153433e-02 2.719617660446062984e-02 1.358670914883932657e-01 0.000000000000000000e+00
4.650000000000000000e+02 1.860010974518175875e-01 8.026854802002730827e-01 3.413746017296313134e-02 2.708238507055074976e-02 1.360946745562130189e-01 0.000000000000000000e+00
4.680000000000000000e+02 1.872011045321517742e-01 8.024578971324533017e-01 3.299954483386435822e-02 2.776513427401001294e-02 1.367774237596722786e-01 0.000000000000000000e+00
4.710000000000000000e+02 1.884011116124861829e-01 8.090578060992261733e-01 3.356850250341374825e-02 2.742375967228038308e-02 1.299499317250796537e-01 0.000000000000000000e+00
4.740000000000000000e+02 1.896011186928203696e-01 8.119025944469731026e-01 3.379608557123350149e-02 2.674101046882111990e-02 1.275603095129722309e-01 0.000000000000000000e+00
4.770000000000000000e+02 1.908011257731547783e-01 8.136094674556213491e-01 3.447883477469276120e-02 2.719617660446062984e-02 1.247155211652253015e-01 0.000000000000000000e+00
4.800000000000000000e+02 1.920011328534889650e-01 8.152025489303595940e-01 3.402366863905325473e-02 2.947200728265816916e-02 1.213017751479289891e-01 0.000000000000000000e+00
4.830000000000000000e+02 1.932011399338233737e-01 8.195266272189348777e-01 3.265817023213472836e-02 3.015475648611743234e-02 1.176604460628129234e-01 0.000000000000000000e+00
4.860000000000000000e+02 1.944011470141575604e-01 8.220300409649522466e-01 3.174783796085571541e-02 3.186162949476559203e-02 1.143604915794264876e-01 0.000000000000000000e+00
4.890000000000000000e+02 1.956011540944919691e-01 8.281747837960855563e-01 3.117888029130632538e-02 3.288575329995448160e-02 1.077605826126536159e-01 0.000000000000000000e+00
4.920000000000000000e+02 1.968011611748261558e-01 8.357988165680473314e-01 2.981338188438780248e-02 3.322712790168411146e-02 1.011606736458807443e-01 0.000000000000000000e+00
4.950000000000000000e+02 1.980011682551605645e-01 8.389849795175239322e-01 3.095129722348657214e-02 3.129267182521620200e-02 9.877105143377332142e-02 0.000000000000000000e+00
4.980000000000000000e+02 1.992011753354947512e-01 8.425125170687300935e-01 2.981338188438780248e-02 3.265817023213472836e-02 9.501593081474737912e-02 0.000000000000000000e+00
5.010000000000000000e+02 2.004011824158291599e-01 8.433090578060992160e-01 2.890304961310878606e-02 3.402366863905325473e-02 9.376422394173873631e-02 0.000000000000000000e+00
5.040000000000000000e+02 2.016011894961635686e-01 8.433090578060992160e-01 2.878925807919890598e-02 3.516158397815202785e-02 9.274010013654984674e-02 0.000000000000000000e+00
5.070000000000000000e+02 2.028011965764977553e-01 8.464952207555758168e-01 2.867546654528902936e-02 3.550295857988165771e-02 8.932635411925353430e-02 0.000000000000000000e+00
5.100000000000000000e+02 2.040012036568321641e-01 8.443331816112881194e-01 2.708238507055074976e-02 3.675466545289030745e-02 9.182976786527081992e-02 0.000000000000000000e+00
5.130000000000000000e+02 2.052012107371663507e-01 8.469503868912152678e-01 2.685480200273099652e-02 3.720983158852981393e-02 8.898497951752389057e-02 0.000000000000000000e+00
5.160000000000000000e+02 2.064012178175007595e-01 8.520710059171597850e-01 2.594446973145198010e-02 3.720983158852981393e-02 8.477469276285844180e-02 0.000000000000000000e+00
5.190000000000000000e+02 2.076012248978349461e-01 8.542330450614474824e-01 2.537551206190259354e-02 3.664087391898043083e-02 8.375056895766955223e-02 0.000000000000000000e+00
5.220000000000000000e+02 2.088012319781693549e-01 8.591260810195721076e-01 2.526172052799271692e-02 3.584433318161128756e-02 7.976786527082385669e-02 0.000000000000000000e+00
5.250000000000000000e+02 2.100012390585035416e-01 8.587847064178425471e-01 2.571688666363222686e-02 3.641329085116067066e-02 7.908511606736458310e-02 0.000000000000000000e+00
5.280000000000000000e+02 2.112012461388379503e-01 8.628812016385980499e-01 2.628584433318160996e-02 3.561675011379153433e-02 7.521620391442876419e-02 0.000000000000000000e+00
5.310000000000000000e+02 2.124012532191721370e-01 8.670914883932635542e-01 2.503413746017296368e-02 3.629949931725079404e-02 7.157487482931269851e-02 0.000000000000000000e+00
5.340000000000000000e+02 2.136012602995065457e-01 8.739189804278562068e-01 2.492034592626308706e-02 3.459262630860263782e-02 6.656804733727811341e-02 0.000000000000000000e+00
5.370000000000000000e+02 2.148012673798407324e-01 8.756258534365043422e-01 2.571688666363222686e-02 3.220300409649522189e-02 6.645425580336822291e-02 0.000000000000000000e+00
5.400000000000000000e+02 2.160012744601751411e-01 8.738051888939463163e-01 2.628584433318160996e-02 3.379608557123350149e-02 6.611288120163859305e-02 0.000000000000000000e+00
5.430000000000000000e+02 2.172012815405095498e-01 8.776741010468821491e-01 2.548930359581247015e-02 3.186162949476559203e-02 6.497496586253982687e-02 0.000000000000000000e+00
5.460000000000000000e+02 2.184012886208437365e-01 8.786982248520710526e-01 2.617205279927173334e-02 3.083750568957669552e-02 6.417842512517069054e-02 1.137915339098771066e-04
5.490000000000000000e+02 2.196012957011781452e-01 8.814292216659080914e-01 2.526172052799271692e-02 3.106508875739644876e-02 6.224396904870277414e-02 0.000000000000000000e+00
5.520000000000000000e+02 2.208013027815123319e-01 8.841602184797451303e-01 2.435138825671370050e-02 3.049613108784706567e-02 6.099226217569413133e-02 0.000000000000000000e+00
5.550000000000000000e+02 2.220013098618467406e-01 8.866636322257623881e-01 2.389622212107419055e-02 3.072371415566681890e-02 5.871643149749658508e-02 0.000000000000000000e+00
5.580000000000000000e+02 2.232013169421809273e-01 8.879153390987710726e-01 2.309968138370505075e-02 3.083750568957669552e-02 5.803368229403732537e-02 1.137915339098771066e-04
5.610000000000000000e+02 2.244013240225153361e-01 8.909877105143377829e-01 2.389622212107419055e-02 3.083750568957669552e-02 5.427856167501137613e-02 0.000000000000000000e+00
5.640000000000000000e+02 2.256013311028495227e-01 8.922394173873463563e-01 2.287209831588529751e-02 3.117888029130632538e-02 5.370960400546199304e-02 0.000000000000000000e+00
5.670000000000000000e+02 2.268013381831839315e-01 8.961083295402821891e-01 2.412380518889394726e-02 2.969959035047792587e-02 5.006827492034592736e-02 0.000000000000000000e+00
5.700000000000000000e+02 2.280013452635181181e-01 8.992944924897587899e-01 2.423759672280382388e-02 2.730996813837050646e-02 4.915794264906690747e-02 0.000000000000000000e+00
5.730000000000000000e+02 2.292013523438525269e-01 9.004324078288575839e-01 2.389622212107419055e-02 2.787892580791988956e-02 4.779244424214838111e-02 0.000000000000000000e+00
5.760000000000000000e+02 2.304013594241867136e-01 9.019116977696859383e-01 2.503413746017296368e-02 2.787892580791988956e-02 4.517523896222121194e-02 0.000000000000000000e+00
5.790000000000000000e+02 2.316013665045211223e-01 9.013427401001365968e-01 2.514792899408284030e-02 2.856167501137915274e-02 4.494765589440145870e-02 0.000000000000000000e+00
5.820000000000000000e+02 2.328013735848555310e-01 9.050978607191625391e-01 2.401001365498407064e-02 2.901684114701866268e-02 4.187528447883477611e-02 0.000000000000000000e+00
5.850000000000000000e+02 2.340013806651897177e-01 9.052116522530723186e-01 2.389622212107419055e-02 2.935821574874829254e-02 4.153390987710514626e-02 0.000000000000000000e+00
5.880000000000000000e+02 2.352013877455241264e-01 9.058944014565316616e-01 2.321347291761493084e-02 3.015475648611743234e-02 4.073736913973600299e-02 0.000000000000000000e+00
5.910000000000000000e+02 2.364013948258583131e-01 9.039599453800637452e-01 2.309968138370505075e-02 3.083750568957669552e-02 4.210286754665452935e-02 0.000000000000000000e+00
5.940000000000000000e+02 2.376014019061927218e-01 9.058944014565316616e-01 2.241693218024579104e-02 3.038233955393718558e-02 4.130632680928538608e-02 0.000000000000000000e+00
5.970000000000000000e+02 2.388014089865269085e-01 9.077150659990896875e-01 2.241693218024579104e-02 2.924442421483841592e-02 4.062357760582612637e-02 0.000000000000000000e+00
6.000000000000000000e+02 2.400014160668613172e-01 9.095357305416477134e-01 2.196176604460628110e-02 2.913063268092853930e-02 3.925807919890760000e-02 1.137915339098771066e-04
6.030000000000000000e+02 2.412014231471955039e-01 9.113563950842057393e-01 2.344105598543468408e-02 3.004096495220755572e-02 3.504779244424215123e-02 1.137915339098771066e-04
6.060000000000000000e+02 2.424014302275299126e-01 9.128356850250340937e-01 2.264451524806554428e-02 3.004096495220755572e-02 3.447883477469276120e-02 0.000000000000000000e+00
6.090000000000000000e+02 2.436014373078640993e-01 9.172735548475193790e-01 2.127901684114701791e-02 2.799271734182976618e-02 3.345471096950387163e-02 0.000000000000000000e+00
6.120000000000000000e+02 2.448014443881985081e-01 9.170459717796995980e-01 2.127901684114701791e-02 2.924442421483841592e-02 3.231679563040509851e-02 1.137915339098771066e-04
6.150000000000000000e+02 2.460014514685326947e-01 9.145425580336823401e-01 2.127901684114701791e-02 3.015475648611743234e-02 3.390987710514337811e-02 1.137915339098771066e-04
6.180000000000000000e+02 2.472014585488671035e-01 9.155666818388711325e-01 2.105143377332726468e-02 2.935821574874829254e-02 3.390987710514337811e-02 1.137915339098771066e-04
6.210000000000000000e+02 2.484014656292015122e-01 9.190942193900774049e-01 2.093764223941738806e-02 2.776513427401001294e-02 3.208921256258534527e-02 1.137915339098771066e-04
6.240000000000000000e+02 2.496014727095356989e-01 9.202321347291761988e-01 2.036868456986800149e-02 2.890304961310878606e-02 3.038233955393718558e-02 1.137915339098771066e-04
6.270000000000000000e+02 2.508014797898701076e-01 9.185252617205279524e-01 2.105143377332726468e-02 2.924442421483841592e-02 3.106508875739644876e-02 1.137915339098771066e-04
6.300000000000000000e+02 2.520014868702042943e-01 9.229631315430132377e-01 2.139280837505689453e-02 2.765134274010013632e-02 2.787892580791988956e-02 1.137915339098771066e-04
6.330000000000000000e+02 2.532014939505387030e-01 9.215976331360946627e-01 2.139280837505689453e-02 2.867546654528902936e-02 2.822030040964952288e-02 1.137915339098771066e-04
6.360000000000000000e+02 2.544015010308728897e-01 9.242148384160218111e-01 2.150659990896677115e-02 2.810650887573964626e-02 2.605826126536185672e-02 1.137915339098771066e-04
6.390000000000000000e+02 2.556015081112072984e-01 9.228493400091033472e-01 2.196176604460628110e-02 2.867546654528902936e-02 2.639963586709149004e-02 1.137915339098771066e-04
6.420000000000000000e+02 2.568015151915414851e-01 9.222803823395538947e-01 2.127901684114701791e-02 2.776513427401001294e-02 2.844788347746927612e-02 2.275830678197542133e-04
6.450000000000000000e+02 2.580015222718758938e-01 9.243286299499317016e-01 2.082385070550751144e-02 2.753755120619025970e-02 2.719617660446062984e-02 1.137915339098771066e-04
6.480000000000000000e+02 2.592015293522100805e-01 9.242148384160218111e-01 2.082385070550751144e-02 2.833409194355939950e-02 2.651342740100136666e-02 1.137915339098771066e-04
6.510000000000000000e+02 2.604015364325444892e-01 9.230769230769231282e-01 2.116522530723714129e-02 2.810650887573964626e-02 2.753755120619025970e-02 1.137915339098771066e-04
6.540000000000000000e+02 2.616015435128786759e-01 9.267182521620391800e-01 1.911697769685935522e-02 2.844788347746927612e-02 2.571688666363222686e-02 0.000000000000000000e+00
6.570000000000000000e+02 2.628015505932130846e-01 9.293354574419663283e-01 1.900318616294947513e-02 2.674101046882111990e-02 2.492034592626308706e-02 0.000000000000000000e+00
6.600000000000000000e+02 2.640015576735474934e-01 9.293354574419663283e-01 1.797906235776058209e-02 2.719617660446062984e-02 2.548930359581247015e-02 0.000000000000000000e+00
6.630000000000000000e+02 2.652015647538816800e-01 9.307009558488847922e-01 1.741010468821119553e-02 2.594446973145198010e-02 2.594446973145198010e-02 0.000000000000000000e+00
6.660000000000000000e+02 2.664015718342160888e-01 9.291078743741465473e-01 1.786527082385070547e-02 2.730996813837050646e-02 2.571688666363222686e-02 0.000000000000000000e+00
6.690000000000000000e+02 2.676015789145502755e-01 9.297906235776057793e-01 1.832043695949021542e-02 2.730996813837050646e-02 2.457897132453345374e-02 0.000000000000000000e+00
6.720000000000000000e+02 2.688015859948846842e-01 9.317250796540736957e-01 1.775147928994082885e-02 2.617205279927173334e-02 2.423759672280382388e-02 1.137915339098771066e-04
6.750000000000000000e+02 2.700015930752188709e-01 9.326354119253527086e-01 1.661356395084205573e-02 2.571688666363222686e-02 2.492034592626308706e-02 1.137915339098771066e-04
6.780000000000000000e+02 2.712016001555532796e-01 9.334319526627219421e-01 1.695493855257168905e-02 2.492034592626308706e-02 2.457897132453345374e-02 1.137915339098771066e-04
6.810000000000000000e+02 2.724016072358874663e-01 9.344560764679107345e-01 1.752389622212107562e-02 2.514792899408284030e-02 2.275830678197542090e-02 1.137915339098771066e-04
