# itime ezz other fcc hcp bcc ico
0.000000000000000000e+00 0.000000000000000000e+00 0.000000000000000000e+00 1.000000000000000000e+00 0.000000000000000000e+00 0.000000000000000000e+00 0.000000000000000000e+00
2.500000000000000000e+02 1.000002522838205898e-02 0.000000000000000000e+00 1.000000000000000000e+00 0.000000000000000000e+00 0.000000000000000000e+00 0.000000000000000000e+00
5.000000000000000000e+02 2.000005045676434001e-02 0.000000000000000000e+00 1.000000000000000000e+00 0.000000000000000000e+00 0.000000000000000000e+00 0.000000000000000000e+00
7.500000000000000000e+02 3.000007568514639900e-02 0.000000000000000000e+00 1.000000000000000000e+00 0.000000000000000000e+00 0.000000000000000000e+00 0.000000000000000000e+00
1.000000000000000000e+03 4.000010091352845798e-02 0.000000000000000000e+00 1.000000000000000000e+00 0.000000000000000000e+00 0.000000000000000000e+00 0.000000000000000000e+00
1.250000000000000000e+03 5.000012614191073901e-02 0.000000000000000000e+00 1.000000000000000000e+00 0.000000000000000000e+00 0.000000000000000000e+00 0.000000000000000000e+00
1.500000000000000000e+03 6.000015137029279799e-02 0.000000000000000000e+00 1.000000000000000000e+00 0.000000000000000000e+00 0.000000000000000000e+00 0.000000000000000000e+00
1.750000000000000000e+03 7.000017659867485698e-02 3.413746017296313199e-04 9.996586253982703285e-01 0.000000000000000000e+00 0.000000000000000000e+00 0.000000000000000000e+00
2.000000000000000000e+03 8.000020182705691596e-02 3.413746017296313199e-04 9.996586253982703285e-01 0.000000000000000000e+00 0.000000000000000000e+00 0.000000000000000000e+00
2.250000000000000000e+03 9.000022705543919699e-02 0.000000000000000000e+00 1.000000000000000000e+00 0.000000000000000000e+00 0.000000000000000000e+00 0.000000000000000000e+00
2.500000000000000000e+03 1.000002522838212560e-01 1.479289940828402332e-03 9.985207100591716456e-01 0.000000000000000000e+00 0.000000000000000000e+00 0.000000000000000000e+00
2.750000000000000000e+03 1.100002775122033150e-01 7.851615839781519654e-03 9.914656349567592120e-01 0.000000000000000000e+00 6.827492034592626399e-04 0.000000000000000000e+00
3.000000000000000000e+03 1.200003027405855960e-01 1.143604915794264876e-01 7.674101046882112476e-01 0.000000000000000000e+00 1.182294037323623065e-01 0.000000000000000000e+00
3.250000000000000000e+03 1.300003279689676550e-01 4.135184342284933812e-01 1.447428311333636697e-01 2.298588984979517413e-02 4.187528447883477334e-01 0.000000000000000000e+00
3.500000000000000000e+03 1.400003531973497140e-01 4.762175694128356618e-01 1.973145197997268896e-01 1.948111060537096040e-01 1.316568047337278169e-01 0.000000000000000000e+00
3.750000000000000000e+03 1.500003784257319950e-01 4.608557123350022766e-01 2.317933545744196577e-01 2.379380974055530229e-01 6.941283568502502888e-02 0.000000000000000000e+00
4.000000000000000000e+03 1.600004036541140540e-01 4.758761948111060458e-01 2.258761948111060458e-01 2.377105143377332697e-01 6.053709604005461792e-02 0.000000000000000000e+00
4.250000000000000000e+03 1.700004288824961129e-01 5.022758306781975879e-01 2.158625398270368756e-01 2.129039599453800558e-01 6.895766954938552240e-02 0.000000000000000000e+00
4.500000000000000000e+03 1.800004541108781719e-01 4.515248065543923661e-01 3.037096040054619861e-01 1.401911697769686049e-01 1.045744196631770567e-01 0.000000000000000000e+00
4.750000000000000000e+03 1.900004793392604530e-01 3.502503413746017036e-01 4.462903959945380139e-01 1.822940373236231204e-01 2.116522530723714129e-02 0.000000000000000000e+00
5.000000000000000000e+03 2.000005045676425119e-01 3.112198452435138707e-01 4.921483841602184994e-01 1.794492489758761911e-01 1.718252162039144229e-02 0.000000000000000000e+00
5.250000000000000000e+03 2.100005297960245709e-01 2.903959945380063523e-01 5.215065999089667503e-01 1.761492944924897552e-01 1.183431952662721866e-02 1.137915339098771066e-04
5.500000000000000000e+03 2.200005550244068520e-01 2.738962221210741732e-01 5.425580336822940497e-01 1.753527537551206328e-01 8.192990441511151245e-03 0.000000000000000000e+00
5.750000000000000000e+03 2.300005802527889109e-01 2.733272644515248317e-01 5.283340919435594030e-01 1.915111515703231682e-01 6.827492034592626616e-03 0.000000000000000000e+00
6.000000000000000000e+03 2.400006054811709699e-01 2.774237596722803900e-01 5.281065088757396220e-01 1.871870732817478289e-01 7.282658170232134826e-03 0.000000000000000000e+00
6.250000000000000000e+03 2.500006307095532510e-01 2.808375056895767163e-01 5.588302230314065033e-01 1.511151570323167881e-01 9.217114246700046018e-03 0.000000000000000000e+00
6.500000000000000000e+03 2.600006559379353099e-01 2.680928538916704795e-01 5.708921256258534527e-01 1.538461538461538547e-01 7.168866636322257339e-03 0.000000000000000000e+00
6.750000000000000000e+03 2.700006811663173689e-01 2.774237596722803900e-01 5.289030496131087444e-01 1.865043240782885692e-01 7.168866636322257339e-03 0.000000000000000000e+00
7.000000000000000000e+03 2.800007063946994279e-01 2.836822940373236457e-01 5.116067364588074984e-01 1.960628129267182607e-01 8.648156577150659455e-03 0.000000000000000000e+00
7.250000000000000000e+03 2.900007316230817089e-01 2.853891670459717811e-01 4.885070550751023921e-01 2.176832043695949015e-01 8.420573509330906217e-03 0.000000000000000000e+00
7.500000000000000000e+03 3.000007568514637679e-01 2.919890760127446527e-01 4.477696859353664238e-01 2.517068730086481354e-01 8.534365043240782836e-03 0.000000000000000000e+00
7.750000000000000000e+03 3.100007820798458269e-01 3.020027309968138507e-01 4.378698224852071164e-01 2.538689121529358328e-01 6.258534365043240920e-03 0.000000000000000000e+00
8.000000000000000000e+03 3.200008073082281079e-01 2.988165680473373054e-01 4.693900773782430647e-01 2.253072371415566766e-01 6.486117432862995025e-03 0.000000000000000000e+00
8.250000000000000000e+03 3.300008325366101669e-01 3.031406463359125891e-01 4.624487938097405770e-01 2.247382794720072796e-01 9.672280382339554228e-03 0.000000000000000000e+00
8.500000000000000000e+03 3.400008577649922259e-01 3.141784251251706905e-01 4.426490669094219621e-01 2.307692307692307820e-01 1.240327719617660522e-02 0.000000000000000000e+00
8.750000000000000000e+03 3.500008829933745069e-01 3.230541647701410946e-01 4.415111515703231682e-01 2.259899863450159363e-01 9.444697314519799256e-03 0.000000000000000000e+00
9.000000000000000000e+03 3.600009082217565659e-01 3.232817478379608755e-01 4.286527082385070408e-01 2.365725989986345035e-01 1.149294492489758707e-02 0.000000000000000000e+00
9.250000000000000000e+03 3.700009334501386249e-01 3.350022758306782089e-01 4.400318616294947582e-01 2.183659535730541612e-01 6.599908966772872511e-03 0.000000000000000000e+00
9.500000000000000000e+03 3.800009586785209059e-01 3.196404187528447682e-01 4.577833409194355663e-01 2.167728720983158885e-01 5.803368229403732710e-03 0.000000000000000000e+00
9.750000000000000000e+03 3.900009839069029649e-01 3.241920801092398885e-01 4.516385980883022566e-01 2.201866181156121871e-01 3.868912152935821518e-03 1.137915339098771066e-04
1.000000000000000000e+04 4.000010091352850239e-01 3.352298588984979344e-01 4.574419663177059503e-01 1.986800182066454368e-01 8.648156577150659455e-03 0.000000000000000000e+00
1.025000000000000000e+04 4.100010343636670829e-01 3.348884842967683184e-01 4.805416477014110010e-01 1.776285844333181652e-01 6.941283568502503235e-03 0.000000000000000000e+00
1.050000000000000000e+04 4.200010595920493639e-01 3.294264906690942407e-01 4.893035958124715701e-01 1.729631315430132099e-01 8.306781975421027864e-03 0.000000000000000000e+00
1.075000000000000000e+04 4.300010848204314229e-01 3.171370050068275104e-01 5.072826581702321036e-01 1.662494310423304478e-01 9.330905780609922637e-03 0.000000000000000000e+00
1.100000000000000000e+04 4.400011100488134819e-01 2.973372781065088954e-01 5.493855257168867023e-01 1.459945380063723264e-01 7.282658170232134826e-03 0.000000000000000000e+00
1.125000000000000000e+04 4.500011352771957629e-01 2.865270823850705750e-01 5.474510696404187859e-01 1.588529813381884259e-01 7.168866636322257339e-03 0.000000000000000000e+00
1.150000000000000000e+04 4.600011605055778219e-01 2.800409649522075384e-01 5.708921256258534527e-01 1.416704597177969871e-01 7.396449704142011444e-03 0.000000000000000000e+00
1.175000000000000000e+04 4.700011857339598809e-01 2.746927628584433512e-01 5.811333636777423761e-01 1.382567137005006885e-01 5.917159763313609329e-03 0.000000000000000000e+00
1.200000000000000000e+04 4.800012109623421619e-01 2.743513882567136797e-01 5.637232589895311285e-01 1.540737369139736079e-01 7.851615839781519654e-03 0.000000000000000000e+00
1.225000000000000000e+04 4.900012361907242209e-01 2.844788347746927681e-01 5.510923987255348377e-01 1.547564861174328676e-01 9.672280382339554228e-03 0.000000000000000000e+00
1.250000000000000000e+04 5.000012614191062799e-01 2.717341829767865313e-01 5.683887118798361948e-01 1.517979062357760478e-01 8.079198907601274626e-03 0.000000000000000000e+00
1.275000000000000000e+04 5.100012866474883388e-01 2.525034137460173134e-01 6.147018661811560758e-01 1.258534365043240677e-01 6.941283568502503235e-03 0.000000000000000000e+00
1.300000000000000000e+04 5.200013118758706199e-01 2.308830223031406448e-01 6.441738734638142727e-01 1.222121074192080159e-01 2.730996813837050560e-03 0.000000000000000000e+00
1.325000000000000000e+04 5.300013371042526789e-01 2.247382794720072796e-01 6.180018206645425671e-01 1.540737369139736079e-01 3.186162949476558769e-03 0.000000000000000000e+00
1.350000000000000000e+04 5.400013623326347378e-01 2.230314064633591165e-01 6.118570778334091465e-01 1.622667273554847522e-01 2.844788347746927612e-03 0.000000000000000000e+00
1.375000000000000000e+04 5.500013875610170189e-01 2.240555302685480199e-01 6.027537551206190169e-01 1.698907601274465273e-01 3.299954483386436255e-03 0.000000000000000000e+00
1.400000000000000000e+04 5.600014127893990779e-01 2.236003641329085134e-01 6.070778334091943007e-01 1.673873463814292140e-01 1.934456076467910759e-03 0.000000000000000000e+00
1.425000000000000000e+04 5.700014380177811368e-01 2.296313154301319881e-01 6.094674556213017791e-01 1.581702321347291662e-01 2.730996813837050560e-03 0.000000000000000000e+00
1.450000000000000000e+04 5.800014632461634179e-01 2.420345926263086089e-01 6.084433318161128756e-01 1.440600819299044100e-01 5.461993627674101119e-03 0.000000000000000000e+00
1.475000000000000000e+04 5.900014884745454768e-01 2.600136549840691980e-01 6.001365498406918686e-01 1.319981793354574329e-01 7.851615839781519654e-03 0.000000000000000000e+00
1.500000000000000000e+04 6.000015137029275358e-01 2.670687300864815761e-01 5.970641784251251583e-01 1.289258079198907503e-01 6.941283568502503235e-03 0.000000000000000000e+00
1.525000000000000000e+04 6.100015389313098169e-01 2.552344105598543522e-01 5.938780154756485574e-01 1.424670004551661373e-01 8.420573509330906217e-03 0.000000000000000000e+00
1.550000000000000000e+04 6.200015641596918758e-01 2.572826581702321591e-01 5.918297678652708615e-01 1.442876649977241632e-01 6.599908966772872511e-03 0.000000000000000000e+00
1.575000000000000000e+04 6.300015893880739348e-01 2.532999544833864358e-01 5.942193900773782289e-01 1.494082840236686527e-01 3.072371415566681717e-03 0.000000000000000000e+00
1.600000000000000000e+04 6.400016146164559938e-01 2.642239417387346467e-01 5.642922166590805810e-01 1.673873463814292140e-01 4.096495220755575623e-03 0.000000000000000000e+00
1.625000000000000000e+04 6.500016398448382748e-01 2.618343195266272239e-01 5.698680018206645492e-01 1.612426035502958488e-01 7.055075102412380721e-03 0.000000000000000000e+00
1.650000000000000000e+04 6.600016650732203338e-01 2.435138825671370189e-01 6.514565316340463763e-01 9.774692762858443185e-02 7.282658170232134826e-03 0.000000000000000000e+00
1.675000000000000000e+04 6.700016903016023928e-01 2.325898953117888079e-01 6.994765589440146147e-01 6.395084205735093730e-02 3.982703686845699004e-03 0.000000000000000000e+00
1.700000000000000000e+04 6.800017155299846738e-01 2.221210741920801035e-01 7.336140191169776559e-01 3.982703686845699004e-02 4.437869822485207214e-03 0.000000000000000000e+00
1.725000000000000000e+04 6.900017407583667328e-01 2.256486117432862926e-01 6.849112426035502965e-01 8.557123350022757813e-02 3.868912152935821518e-03 0.000000000000000000e+00
1.750000000000000000e+04 7.000017659867487918e-01 2.291761492944924816e-01 6.605598543468366168e-01 1.067364588074647264e-01 3.527537551206190360e-03 0.000000000000000000e+00
1.775000000000000000e+04 7.100017912151310728e-01 2.250796540737369233e-01 6.499772416932180219e-01 1.224396904870277691e-01 2.503413746017296455e-03 0.000000000000000000e+00
1.800000000000000000e+04 7.200018164435131318e-01 2.271279016841147025e-01 6.472462448793809831e-01 1.243741465634956717e-01 1.251706873008648227e-03 0.000000000000000000e+00
1.825000000000000000e+04 7.300018416718951908e-01 2.319071461083295482e-01 6.434911242603550408e-01 1.219845243513882627e-01 2.617205279927173507e-03 0.000000000000000000e+00
1.850000000000000000e+04 7.400018669002772498e-01 2.286071916249431124e-01 6.444014565316340537e-01 1.251706873008648080e-01 1.820664542558033706e-03 0.000000000000000000e+00
1.875000000000000000e+04 7.500018921286595308e-01 2.348657259899863403e-01 6.389394629039599760e-01 1.234638142922166587e-01 2.730996813837050560e-03 0.000000000000000000e+00
1.900000000000000000e+04 7.600019173570415898e-01 2.522758306781975324e-01 6.201638598088302645e-01 1.246017296313154249e-01 2.958579881656804664e-03 0.000000000000000000e+00
1.925000000000000000e+04 7.700019425854236488e-01 2.586481565771506785e-01 5.812471552116522666e-01 1.546426945835229771e-01 5.461993627674101119e-03 0.000000000000000000e+00
1.950000000000000000e+04 7.800019678138059298e-01 2.631998179335457433e-01 6.197086936731907025e-01 1.119708693673190647e-01 5.120619025944469528e-03 0.000000000000000000e+00
1.975000000000000000e+04 7.900019930421879888e-01 2.555757851615839682e-01 6.291533909877105035e-01 1.101502048247610388e-01 5.120619025944469528e-03 0.000000000000000000e+00
2.000000000000000000e+04 8.000020182705700478e-01 2.608101957214383204e-01 5.876194811106053573e-01 1.441738734638143005e-01 7.396449704142011444e-03 0.000000000000000000e+00
2.025000000000000000e+04 8.100020434989523288e-01 2.683204369594902050e-01 5.451752389622211981e-01 1.807009558488848477e-01 5.803368229403732710e-03 0.000000000000000000e+00
2.050000000000000000e+04 8.200020687273343878e-01 2.760582612653618706e-01 5.249203459262631322e-01 1.948111060537096040e-01 4.210286754665453109e-03 0.000000000000000000e+00
2.075000000000000000e+04 8.300020939557164468e-01 2.798133818843878129e-01 5.266272189349112676e-01 1.896904870277651423e-01 3.868912152935821518e-03 0.000000000000000000e+00
2.100000000000000000e+04 8.400021191840985058e-01 2.855029585798816716e-01 5.178652708238506985e-01 1.928766499772416876e-01 3.755120619025944465e-03 0.000000000000000000e+00
2.125000000000000000e+04 8.500021444124807868e-01 2.808375056895767163e-01 5.100136549840691425e-01 2.063040509786071841e-01 2.844788347746927612e-03 0.000000000000000000e+00
2.150000000000000000e+04 8.600021696408628458e-01 2.740100136549840637e-01 5.153618570778334407e-01 2.074419663177059503e-01 3.186162949476558769e-03 0.000000000000000000e+00
2.175000000000000000e+04 8.700021948692449048e-01 2.799271734182977034e-01 5.047792444242148457e-01 2.108557123350022766e-01 4.437869822485207214e-03 0.000000000000000000e+00
2.200000000000000000e+04 8.800022200976271858e-01 2.727583067819754348e-01 5.051206190259445172e-01 2.191624943104233114e-01 2.958579881656804664e-03 0.000000000000000000e+00
2.225000000000000000e+04 8.900022453260092448e-01 2.822030040964952358e-01 4.771279016841146747e-01 2.354346836595357373e-01 5.234410559854347014e-03 0.000000000000000000e+00
2.250000000000000000e+04 9.000022705543913037e-01 2.847064178425124936e-01 4.674556213017751483e-01 2.448793809740555383e-01 2.958579881656804664e-03 0.000000000000000000e+00
2.275000000000000000e+04 9.100022957827735848e-01 2.976786527082385114e-01 4.640418752844788219e-01 2.344105598543468338e-01 3.868912152935821518e-03 0.000000000000000000e+00
2.300000000000000000e+04 9.200023210111556438e-01 2.955166135639508695e-01 4.828174783796085334e-01 2.157487482931269851e-01 5.917159763313609329e-03 0.000000000000000000e+00
2.325000000000000000e+04 9.300023462395377027e-01 3.031406463359125891e-01 4.861174328629949692e-01 2.052799271734183084e-01 5.461993627674101119e-03 0.000000000000000000e+00
2.350000000000000000e+04 9.400023714679199838e-01 2.992717341829768118e-01 5.086481565771506785e-01 1.849112426035502965e-01 7.168866636322257339e-03 0.000000000000000000e+00
2.375000000000000000e+04 9.500023966963020428e-01 3.171370050068275104e-01 5.012517068730086844e-01 1.755803368229403860e-01 6.030951297223486815e-03 0.000000000000000000e+00
2.400000000000000000e+04 9.600024219246841017e-01 3.064406008192990249e-01 4.973827947200728516e-01 1.913973600364132777e-01 4.779244424214838804e-03 0.000000000000000000e+00
2.425000000000000000e+04 9.700024471530661607e-01 3.041647701411014926e-01 4.652935821574875064e-01 2.266727355484751960e-01 3.868912152935821518e-03 0.000000000000000000e+00
2.450000000000000000e+04 9.800024723814484418e-01 3.087164314974966128e-01 4.613108784706417831e-01 2.242831133363677731e-01 5.689576695493855224e-03 0.000000000000000000e+00
2.475000000000000000e+04 9.900024976098305007e-01 2.948338643604915821e-01 4.919208010923987184e-01 2.069868001820664438e-01 6.258534365043240920e-03 0.000000000000000000e+00
2.500000000000000000e+04 1.000002522838212560e+00 2.946062812926718011e-01 5.039827036868457233e-01 1.948111060537096040e-01 6.599908966772872511e-03 0.000000000000000000e+00
