# itime ezz other fcc hcp bcc ico
0.000000000000000000e+00 0.000000000000000000e+00 0.000000000000000000e+00 1.000000000000000000e+00 0.000000000000000000e+00 0.000000000000000000e+00 0.000000000000000000e+00
5.000000000000000000e+01 1.999988322325174650e-03 0.000000000000000000e+00 1.000000000000000000e+00 0.000000000000000000e+00 0.000000000000000000e+00 0.000000000000000000e+00
1.000000000000000000e+02 3.999976644650571345e-03 0.000000000000000000e+00 1.000000000000000000e+00 0.000000000000000000e+00 0.000000000000000000e+00 0.000000000000000000e+00
1.500000000000000000e+02 5.999964966975745995e-03 0.000000000000000000e+00 1.000000000000000000e+00 0.000000000000000000e+00 0.000000000000000000e+00 0.000000000000000000e+00
2.000000000000000000e+02 7.999953289300920645e-03 0.000000000000000000e+00 1.000000000000000000e+00 0.000000000000000000e+00 0.000000000000000000e+00 0.000000000000000000e+00
2.500000000000000000e+02 9.999941611626095295e-03 0.000000000000000000e+00 1.000000000000000000e+00 0.000000000000000000e+00 0.000000000000000000e+00 0.000000000000000000e+00
3.000000000000000000e+02 1.199992993395149199e-02 0.000000000000000000e+00 1.000000000000000000e+00 0.000000000000000000e+00 0.000000000000000000e+00 0.000000000000000000e+00
3.500000000000000000e+02 1.399991825627666664e-02 0.000000000000000000e+00 1.000000000000000000e+00 0.000000000000000000e+00 0.000000000000000000e+00 0.000000000000000000e+00
4.000000000000000000e+02 1.599990657860184129e-02 0.000000000000000000e+00 1.000000000000000000e+00 0.000000000000000000e+00 0.000000000000000000e+00 0.000000000000000000e+00
4.500000000000000000e+02 1.799989490092701594e-02 0.000000000000000000e+00 1.000000000000000000e+00 0.000000000000000000e+00 0.000000000000000000e+00 0.000000000000000000e+00
5.000000000000000000e+02 1.999988322325241263e-02 0.000000000000000000e+00 1.000000000000000000e+00 0.000000000000000000e+00 0.000000000000000000e+00 0.000000000000000000e+00
5.500000000000000000e+02 2.199987154557758728e-02 0.000000000000000000e+00 1.000000000000000000e+00 0.000000000000000000e+00 0.000000000000000000e+00 0.000000000000000000e+00
6.000000000000000000e+02 2.399985986790276193e-02 0.000000000000000000e+00 1.000000000000000000e+00 0.000000000000000000e+00 0.000000000000000000e+00 0.000000000000000000e+00
6.500000000000000000e+02 2.599984819022793658e-02 0.000000000000000000e+00 1.000000000000000000e+00 0.000000000000000000e+00 0.000000000000000000e+00 0.000000000000000000e+00
7.000000000000000000e+02 2.799983651255333328e-02 0.000000000000000000e+00 1.000000000000000000e+00 0.000000000000000000e+00 0.000000000000000000e+00 0.000000000000000000e+00
7.500000000000000000e+02 2.999982483487850793e-02 0.000000000000000000e+00 1.000000000000000000e+00 0.000000000000000000e+00 0.000000000000000000e+00 0.000000000000000000e+00
8.000000000000000000e+02 3.199981315720368258e-02 0.000000000000000000e+00 1.000000000000000000e+00 0.000000000000000000e+00 0.000000000000000000e+00 0.000000000000000000e+00
8.500000000000000000e+02 3.399980147952885723e-02 0.000000000000000000e+00 1.000000000000000000e+00 0.000000000000000000e+00 0.000000000000000000e+00 0.000000000000000000e+00
9.000000000000000000e+02 3.599978980185425392e-02 0.000000000000000000e+00 1.000000000000000000e+00 0.000000000000000000e+00 0.000000000000000000e+00 0.000000000000000000e+00
9.500000000000000000e+02 3.799977812417942857e-02 0.000000000000000000e+00 1.000000000000000000e+00 0.000000000000000000e+00 0.000000000000000000e+00 0.000000000000000000e+00
1.000000000000000000e+03 3.999976644650460322e-02 0.000000000000000000e+00 1.000000000000000000e+00 0.000000000000000000e+00 0.000000000000000000e+00 0.000000000000000000e+00
1.050000000000000000e+03 4.199975476882999992e-02 0.000000000000000000e+00 1.000000000000000000e+00 0.000000000000000000e+00 0.000000000000000000e+00 0.000000000000000000e+00
1.100000000000000000e+03 4.399974309115517457e-02 0.000000000000000000e+00 1.000000000000000000e+00 0.000000000000000000e+00 0.000000000000000000e+00 0.000000000000000000e+00
1.150000000000000000e+03 4.599973141348034922e-02 0.000000000000000000e+00 1.000000000000000000e+00 0.000000000000000000e+00 0.000000000000000000e+00 0.000000000000000000e+00
1.200000000000000000e+03 4.799971973580552387e-02 0.000000000000000000e+00 1.000000000000000000e+00 0.000000000000000000e+00 0.000000000000000000e+00 0.000000000000000000e+00
1.250000000000000000e+03 4.999970805813092056e-02 0.000000000000000000e+00 1.000000000000000000e+00 0.000000000000000000e+00 0.000000000000000000e+00 0.000000000000000000e+00
1.300000000000000000e+03 5.199969638045609521e-02 0.000000000000000000e+00 1.000000000000000000e+00 0.000000000000000000e+00 0.000000000000000000e+00 0.000000000000000000e+00
1.350000000000000000e+03 5.399968470278126986e-02 0.000000000000000000e+00 1.000000000000000000e+00 0.000000000000000000e+00 0.000000000000000000e+00 0.000000000000000000e+00
1.400000000000000000e+03 5.599967302510644451e-02 0.000000000000000000e+00 1.000000000000000000e+00 0.000000000000000000e+00 0.000000000000000000e+00 0.000000000000000000e+00
1.450000000000000000e+03 5.799966134743184121e-02 0.000000000000000000e+00 1.000000000000000000e+00 0.000000000000000000e+00 0.000000000000000000e+00 0.000000000000000000e+00
1.500000000000000000e+03 5.999964966975701586e-02 0.000000000000000000e+00 1.000000000000000000e+00 0.000000000000000000e+00 0.000000000000000000e+00 0.000000000000000000e+00
1.550000000000000000e+03 6.199963799208219051e-02 0.000000000000000000e+00 1.000000000000000000e+00 0.000000000000000000e+00 0.000000000000000000e+00 0.000000000000000000e+00
1.600000000000000000e+03 6.399962631440736516e-02 1.137915339098771066e-04 9.998862084660901095e-01 0.000000000000000000e+00 0.000000000000000000e+00 0.000000000000000000e+00
1.650000000000000000e+03 6.599961463673276185e-02 0.000000000000000000e+00 1.000000000000000000e+00 0.000000000000000000e+00 0.000000000000000000e+00 0.000000000000000000e+00
1.700000000000000000e+03 6.799960295905793650e-02 0.000000000000000000e+00 1.000000000000000000e+00 0.000000000000000000e+00 0.000000000000000000e+00 0.000000000000000000e+00
1.750000000000000000e+03 6.999959128138311115e-02 3.413746017296313199e-04 9.996586253982703285e-01 0.000000000000000000e+00 0.000000000000000000e+00 0.000000000000000000e+00
1.800000000000000000e+03 7.199957960370828580e-02 0.000000000000000000e+00 1.000000000000000000e+00 0.000000000000000000e+00 0.000000000000000000e+00 0.000000000000000000e+00
1.850000000000000000e+03 7.399956792603368250e-02 2.275830678197542133e-04 9.997724169321802190e-01 0.000000000000000000e+00 0.000000000000000000e+00 0.000000000000000000e+00
1.900000000000000000e+03 7.599955624835885715e-02 0.000000000000000000e+00 1.000000000000000000e+00 0.000000000000000000e+00 0.000000000000000000e+00 0.000000000000000000e+00
1.950000000000000000e+03 7.799954457068403180e-02 9.103322712790168532e-04 9.989758761948110966e-01 0.000000000000000000e+00 1.137915339098771066e-04 0.000000000000000000e+00
2.000000000000000000e+03 7.999953289300942849e-02 4.551661356395084266e-04 9.995448338643604380e-01 0.000000000000000000e+00 0.000000000000000000e+00 0.000000000000000000e+00
2.050000000000000000e+03 8.199952121533460314e-02 7.965407373691396923e-04 9.990896677287209870e-01 0.000000000000000000e+00 1.137915339098771066e-04 0.000000000000000000e+00
2.100000000000000000e+03 8.399950953765977779e-02 3.413746017296313199e-04 9.996586253982703285e-01 0.000000000000000000e+00 0.000000000000000000e+00 0.000000000000000000e+00
2.150000000000000000e+03 8.599949785998495244e-02 3.413746017296313199e-04 9.996586253982703285e-01 0.000000000000000000e+00 0.000000000000000000e+00 0.000000000000000000e+00
2.200000000000000000e+03 8.799948618231034914e-02 4.551661356395084266e-04 9.993172507965407680e-01 0.000000000000000000e+00 2.275830678197542133e-04 0.000000000000000000e+00
2.250000000000000000e+03 8.999947450463552379e-02 2.275830678197542133e-04 9.997724169321802190e-01 0.000000000000000000e+00 0.000000000000000000e+00 0.000000000000000000e+00
2.300000000000000000e+03 9.199946282696069844e-02 1.706873008648156654e-03 9.982931269913518646e-01 0.000000000000000000e+00 0.000000000000000000e+00 0.000000000000000000e+00
2.350000000000000000e+03 9.399945114928587309e-02 7.965407373691396923e-04 9.990896677287209870e-01 0.000000000000000000e+00 1.137915339098771066e-04 0.000000000000000000e+00
2.400000000000000000e+03 9.599943947161126978e-02 9.103322712790168532e-04 9.989758761948110966e-01 0.000000000000000000e+00 1.137915339098771066e-04 0.000000000000000000e+00
2.450000000000000000e+03 9.799942779393644443e-02 6.827492034592626399e-04 9.993172507965407680e-01 0.000000000000000000e+00 0.000000000000000000e+00 0.000000000000000000e+00
2.500000000000000000e+03 9.999941611626161908e-02 3.186162949476558769e-03 9.962448793809740577e-01 0.000000000000000000e+00 5.689576695493854790e-04 0.000000000000000000e+00
2.550000000000000000e+03 1.019994044385867937e-01 2.048247610377787811e-03 9.978379608557123026e-01 0.000000000000000000e+00 1.137915339098771066e-04 0.000000000000000000e+00
2.600000000000000000e+03 1.039993927609121904e-01 3.641329085116067413e-03 9.959035047792443862e-01 0.000000000000000000e+00 4.551661356395084266e-04 0.000000000000000000e+00
2.650000000000000000e+03 1.059993810832373651e-01 5.006827492034592909e-03 9.948793809740554828e-01 0.000000000000000000e+00 1.137915339098771066e-04 0.000000000000000000e+00
2.700000000000000000e+03 1.079993694055625397e-01 6.599908966772872511e-03 9.928311333636777869e-01 0.000000000000000000e+00 5.689576695493854790e-04 0.000000000000000000e+00
2.750000000000000000e+03 1.099993577278877144e-01 7.510241238051888930e-03 9.920345926263085534e-01 0.000000000000000000e+00 4.551661356395084266e-04 0.000000000000000000e+00
2.800000000000000000e+03 1.119993460502131111e-01 1.137915339098771045e-02 9.880518889394629412e-01 0.000000000000000000e+00 5.689576695493854790e-04 0.000000000000000000e+00
2.850000000000000000e+03 1.139993343725382857e-01 1.741010468821119553e-02 9.804278561675011661e-01 0.000000000000000000e+00 2.162039144287664864e-03 0.000000000000000000e+00
2.900000000000000000e+03 1.159993226948634604e-01 2.742375967228038308e-02 9.674556213017750927e-01 0.000000000000000000e+00 5.120619025944469528e-03 0.000000000000000000e+00
2.950000000000000000e+03 1.179993110171888571e-01 5.131998179335457710e-02 9.337733272644515026e-01 0.000000000000000000e+00 1.490669094219390124e-02 0.000000000000000000e+00
3.000000000000000000e+03 1.199992993395140317e-01 9.615384615384615918e-02 8.245334547109695045e-01 0.000000000000000000e+00 7.931269913518433634e-02 0.000000000000000000e+00
3.050000000000000000e+03 1.219992876618392064e-01 1.969731451979972736e-01 4.899863450159308020e-01 0.000000000000000000e+00 3.130405097860718966e-01 0.000000000000000000e+00
3.100000000000000000e+03 1.239992759841643810e-01 3.302230314064633632e-01 1.307464724624488039e-01 1.137915339098771066e-04 5.389167045971779979e-01 0.000000000000000000e+00
3.150000000000000000e+03 1.259992643064897777e-01 3.458124715521165293e-01 7.146108329540282189e-02 9.103322712790168532e-04 5.818161128812016081e-01 0.000000000000000000e+00
3.200000000000000000e+03 1.279992526288149524e-01 3.339781520254893055e-01 1.413290851160673711e-01 4.551661356395084266e-04 5.242375967228037892e-01 0.000000000000000000e+00
3.250000000000000000e+03 1.299992409511401270e-01 3.347746927628584279e-01 1.730769230769230727e-01 1.593081474738279385e-03 4.905553026854801990e-01 0.000000000000000000e+00
3.300000000000000000e+03 1.319992292734653017e-01 3.278334091943559403e-01 1.583978152025489194e-01 8.534365043240782836e-03 5.052344105598542967e-01 0.000000000000000000e+00
3.350000000000000000e+03 1.339992175957906984e-01 3.153163404642694845e-01 1.533909877105143482e-01 3.015475648611743234e-02 5.011379153390987939e-01 0.000000000000000000e+00
3.400000000000000000e+03 1.359992059181158730e-01 3.245334547109695045e-01 1.539599453800637174e-01 4.665452890304961492e-02 4.748520710059171424e-01 0.000000000000000000e+00
3.450000000000000000e+03 1.379991942404410477e-01 3.408056440600819026e-01 1.665908056440600915e-01 6.952662721893490549e-02 4.230769230769230727e-01 0.000000000000000000e+00
3.500000000000000000e+03 1.399991825627662223e-01 3.507055075102412656e-01 1.840009103322712836e-01 1.073054164770141095e-01 3.579881656804733692e-01 0.000000000000000000e+00
3.550000000000000000e+03 1.419991708850916190e-01 3.698224852071005930e-01 2.049385525716886647e-01 1.395084205735093175e-01 2.857305416477013971e-01 0.000000000000000000e+00
3.600000000000000000e+03 1.439991592074167936e-01 3.766499772416932457e-01 2.237141556668183762e-01 1.671597633136094607e-01 2.324761037778789174e-01 0.000000000000000000e+00
3.650000000000000000e+03 1.459991475297419683e-01 3.814292216659080359e-01 2.353208921256258468e-01 1.962903959945380139e-01 1.869594902139280757e-01 0.000000000000000000e+00
3.700000000000000000e+03 1.479991358520671429e-01 3.897360036413290985e-01 2.403277196176604458e-01 2.090350477924442507e-01 1.609012289485662328e-01 0.000000000000000000e+00
3.750000000000000000e+03 1.499991241743925396e-01 3.911015020482476179e-01 2.434000910332271284e-01 2.149522075557578626e-01 1.505461993627674189e-01 0.000000000000000000e+00
3.800000000000000000e+03 1.519991124967177143e-01 3.872325898953117851e-01 2.523896222121074229e-01 2.226900318616295005e-01 1.376877560309512916e-01 0.000000000000000000e+00
3.850000000000000000e+03 1.539991008190428889e-01 3.900773782430587144e-01 2.570550751024123781e-01 2.333864360491579304e-01 1.194811106053709632e-01 0.000000000000000000e+00
3.900000000000000000e+03 1.559990891413682856e-01 3.831360946745562268e-01 2.653618570778333852e-01 2.320209376422394110e-01 1.194811106053709632e-01 0.000000000000000000e+00
3.950000000000000000e+03 1.579990774636934603e-01 3.871187983614018946e-01 2.631998179335457433e-01 2.324761037778789174e-01 1.172052799271734169e-01 0.000000000000000000e+00
4.000000000000000000e+03 1.599990657860186349e-01 3.979289940828402150e-01 2.749203459262630767e-01 2.263313609467455523e-01 1.008192990441511144e-01 0.000000000000000000e+00
4.050000000000000000e+03 1.619990541083438096e-01 4.037323623122439642e-01 2.877787892580792040e-01 2.323623122439690547e-01 7.612653618570777714e-02 0.000000000000000000e+00
4.100000000000000000e+03 1.639990424306692063e-01 4.082840236686390289e-01 2.940373236231224596e-01 2.362312243969048597e-01 6.144742831133363781e-02 0.000000000000000000e+00
4.150000000000000000e+03 1.659990307529943809e-01 4.058944014565316616e-01 2.956304050978607045e-01 2.340691852526172179e-01 6.440600819299044377e-02 0.000000000000000000e+00
4.200000000000000000e+03 1.679990190753195556e-01 4.039599453800637452e-01 2.938097405553026786e-01 2.347519344560764776e-01 6.747837960855712636e-02 0.000000000000000000e+00
4.250000000000000000e+03 1.699990073976447302e-01 4.070323167956304000e-01 2.939235320892125691e-01 2.353208921256258468e-01 6.372325898953118406e-02 0.000000000000000000e+00
4.300000000000000000e+03 1.719989957199701269e-01 4.007737824305871444e-01 2.969959035047792240e-01 2.473827947200728239e-01 5.484751934456076616e-02 0.000000000000000000e+00
4.350000000000000000e+03 1.739989840422953016e-01 3.941738734638142727e-01 3.015475648611743442e-01 2.550068274920345712e-01 4.927173418297678409e-02 0.000000000000000000e+00
4.400000000000000000e+03 1.759989723646204762e-01 3.965634956759216956e-01 3.132680928538916776e-01 2.485207100591715901e-01 4.164770141101502288e-02 0.000000000000000000e+00
4.450000000000000000e+03 1.779989606869456509e-01 3.986117432862995025e-01 3.122439690487027741e-01 2.528447883477469293e-01 3.629949931725079404e-02 0.000000000000000000e+00
4.500000000000000000e+03 1.799989490092710476e-01 3.977014110150204895e-01 3.164542558033682229e-01 2.497724169321802468e-01 3.607191624943104080e-02 0.000000000000000000e+00
4.550000000000000000e+03 1.819989373315962222e-01 3.965634956759216956e-01 3.196404187528447682e-01 2.500000000000000000e-01 3.379608557123350149e-02 0.000000000000000000e+00
4.600000000000000000e+03 1.839989256539213969e-01 3.970186618115612021e-01 3.225989986345015881e-01 2.540964952207555583e-01 2.628584433318160996e-02 0.000000000000000000e+00
4.650000000000000000e+03 1.859989139762465715e-01 3.887118798361401950e-01 3.233955393718707105e-01 2.621756941283568398e-01 2.571688666363222686e-02 0.000000000000000000e+00
4.700000000000000000e+03 1.879989022985719682e-01 3.896222121074192080e-01 3.240782885753299980e-01 2.611515703231679364e-01 2.514792899408284030e-02 0.000000000000000000e+00
4.750000000000000000e+03 1.899988906208971429e-01 3.916704597177970149e-01 3.268092853891670369e-01 2.568274920345926526e-01 2.469276285844333035e-02 0.000000000000000000e+00
4.800000000000000000e+03 1.919988789432223175e-01 3.964497041420118606e-01 3.276058261265361593e-01 2.511379153390987939e-01 2.480655439235321044e-02 0.000000000000000000e+00
4.850000000000000000e+03 1.939988672655477142e-01 3.971324533454710926e-01 3.273782430587164338e-01 2.457897132453345512e-01 2.969959035047792587e-02 0.000000000000000000e+00
4.900000000000000000e+03 1.959988555878728889e-01 3.857532999544833752e-01 3.328402366863905115e-01 2.523896222121074229e-01 2.901684114701866268e-02 0.000000000000000000e+00
4.950000000000000000e+03 1.979988439101980635e-01 3.863222576240327721e-01 3.353436504324078249e-01 2.542102867546654488e-01 2.412380518889394726e-02 0.000000000000000000e+00
5.000000000000000000e+03 1.999988322325232382e-01 3.839326354119253493e-01 3.438780154756486129e-01 2.473827947200728239e-01 2.480655439235321044e-02 0.000000000000000000e+00
5.050000000000000000e+03 2.019988205548486349e-01 3.841602184797451303e-01 3.470641784251251583e-01 2.431725079654073751e-01 2.560309512972235024e-02 0.000000000000000000e+00
5.100000000000000000e+03 2.039988088771738095e-01 3.829085116067364458e-01 3.500227583067819781e-01 2.449931725079654010e-01 2.207555757851615771e-02 0.000000000000000000e+00
5.150000000000000000e+03 2.059987971994989842e-01 3.809740555302685294e-01 3.495675921711424716e-01 2.467000455166135642e-01 2.275830678197542090e-02 0.000000000000000000e+00
5.200000000000000000e+03 2.079987855218241588e-01 3.792671825216203940e-01 3.471779699590350488e-01 2.509103322712790130e-01 2.264451524806554428e-02 0.000000000000000000e+00
5.250000000000000000e+03 2.099987738441495555e-01 3.847291761492944717e-01 3.418297678652708060e-01 2.495448338643604935e-01 2.389622212107419055e-02 0.000000000000000000e+00
5.300000000000000000e+03 2.119987621664747302e-01 3.842740100136549652e-01 3.352298588984979344e-01 2.507965407373691225e-01 2.969959035047792587e-02 0.000000000000000000e+00
5.350000000000000000e+03 2.139987504887999048e-01 3.889394629039599205e-01 3.336367774237596895e-01 2.534137460172963263e-01 2.401001365498407064e-02 0.000000000000000000e+00
5.400000000000000000e+03 2.159987388111250795e-01 3.825671370050068298e-01 3.353436504324078249e-01 2.573964497041419941e-01 2.469276285844333035e-02 0.000000000000000000e+00
5.450000000000000000e+03 2.179987271334504761e-01 3.806326809285389134e-01 3.365953573054164538e-01 2.613791533909877174e-01 2.139280837505689453e-02 0.000000000000000000e+00
5.500000000000000000e+03 2.199987154557756508e-01 3.826809285389167203e-01 3.354574419663177154e-01 2.636549840691852498e-01 1.820664542558033533e-02 0.000000000000000000e+00
5.550000000000000000e+03 2.219987037781008254e-01 3.841602184797451303e-01 3.369367319071461253e-01 2.595584888484296915e-01 1.934456076467910846e-02 0.000000000000000000e+00
5.600000000000000000e+03 2.239986921004260001e-01 3.851843422849339782e-01 3.392125625853436577e-01 2.583067819754210070e-01 1.729631315430131891e-02 0.000000000000000000e+00
5.650000000000000000e+03 2.259986804227513968e-01 3.915566681838871244e-01 3.378470641784251383e-01 2.559171597633135842e-01 1.467910787437414627e-02 0.000000000000000000e+00
5.700000000000000000e+03 2.279986687450765714e-01 3.793809740555302845e-01 3.466090122894856518e-01 2.550068274920345712e-01 1.900318616294947513e-02 0.000000000000000000e+00
5.750000000000000000e+03 2.299986570674017461e-01 3.690259444697314706e-01 3.525261720527992915e-01 2.600136549840691980e-01 1.843422849340009204e-02 0.000000000000000000e+00
5.800000000000000000e+03 2.319986453897271428e-01 3.812016385980883104e-01 3.460400546199362548e-01 2.556895766954938587e-01 1.706873008648156567e-02 0.000000000000000000e+00
5.850000000000000000e+03 2.339986337120523174e-01 3.755120619025944517e-01 3.518434228493400040e-01 2.554619936276740777e-01 1.718252162039144229e-02 0.000000000000000000e+00
5.900000000000000000e+03 2.359986220343774921e-01 3.661811561219845412e-01 3.583295402822029851e-01 2.592171142467000200e-01 1.627218934911242587e-02 0.000000000000000000e+00
5.950000000000000000e+03 2.379986103567026667e-01 3.661811561219845412e-01 3.538916704597178109e-01 2.606964041875284299e-01 1.911697769685935522e-02 1.137915339098771066e-04
6.000000000000000000e+03 2.399985986790280634e-01 3.649294492489758568e-01 3.525261720527992915e-01 2.631998179335457433e-01 1.934456076467910846e-02 0.000000000000000000e+00
6.050000000000000000e+03 2.419985870013532381e-01 3.640191169776968438e-01 3.509330905780609910e-01 2.659308147473827821e-01 1.911697769685935522e-02 0.000000000000000000e+00
6.100000000000000000e+03 2.439985753236784127e-01 3.631087847064178309e-01 3.504779244424214846e-01 2.690031861629494925e-01 1.741010468821119553e-02 0.000000000000000000e+00
6.150000000000000000e+03 2.459985636460035874e-01 3.602639963586709015e-01 3.561675011379153433e-01 2.672963131543013016e-01 1.627218934911242587e-02 0.000000000000000000e+00
6.200000000000000000e+03 2.479985519683289841e-01 3.501365498406918686e-01 3.602639963586709015e-01 2.717341829767865313e-01 1.786527082385070547e-02 0.000000000000000000e+00
6.250000000000000000e+03 2.499985402906541587e-01 3.584433318161128756e-01 3.569640418752844657e-01 2.658170232134728916e-01 1.877560309512972189e-02 0.000000000000000000e+00
6.300000000000000000e+03 2.519985286129793334e-01 3.596950386891215046e-01 3.606053709604005730e-01 2.606964041875284299e-01 1.900318616294947513e-02 0.000000000000000000e+00
6.350000000000000000e+03 2.539985169353045080e-01 3.650432407828857473e-01 3.577605826126536437e-01 2.570550751024123781e-01 2.014110150204824826e-02 0.000000000000000000e+00
6.400000000000000000e+03 2.559985052576299047e-01 3.603777878925807920e-01 3.620846609012289274e-01 2.579654073736913911e-01 1.957214383249886169e-02 0.000000000000000000e+00
6.450000000000000000e+03 2.579984935799550794e-01 3.557123350022758368e-01 3.652708238507055283e-01 2.596722803823395265e-01 1.934456076467910846e-02 0.000000000000000000e+00
6.500000000000000000e+03 2.599984819022802540e-01 3.576467910787437532e-01 3.703914428766499900e-01 2.547792444242148457e-01 1.718252162039144229e-02 0.000000000000000000e+00
6.550000000000000000e+03 2.619984702246054287e-01 3.647018661811561313e-01 3.670914883932635542e-01 2.511379153390987939e-01 1.706873008648156567e-02 0.000000000000000000e+00
6.600000000000000000e+03 2.639984585469308254e-01 3.625398270368684339e-01 3.769913518434228616e-01 2.404415111515703363e-01 2.002730996813837164e-02 0.000000000000000000e+00
6.650000000000000000e+03 2.659984468692560000e-01 3.628812016385981054e-01 3.796085571233500100e-01 2.396449704142011861e-01 1.786527082385070547e-02 0.000000000000000000e+00
6.700000000000000000e+03 2.679984351915811747e-01 3.601502048247610110e-01 3.917842512517068498e-01 2.320209376422394110e-01 1.604460628129267263e-02 0.000000000000000000e+00
6.750000000000000000e+03 2.699984235139065714e-01 3.633363677742376119e-01 4.015703231679563223e-01 2.189349112426035582e-01 1.615839781520254925e-02 0.000000000000000000e+00
6.800000000000000000e+03 2.719984118362317460e-01 3.555985434683659463e-01 4.076012744651797970e-01 2.201866181156121871e-01 1.661356395084205573e-02 0.000000000000000000e+00
6.850000000000000000e+03 2.739984001585569207e-01 3.511606736458807720e-01 4.243286299499317016e-01 2.098315885298133732e-01 1.467910787437414627e-02 0.000000000000000000e+00
6.900000000000000000e+03 2.759983884808820953e-01 3.384160218479745352e-01 4.337733272644515026e-01 2.159763313609467383e-01 1.183431952662721866e-02 0.000000000000000000e+00
6.950000000000000000e+03 2.779983768032074920e-01 3.296540737369139662e-01 4.443559399180700975e-01 2.108557123350022766e-01 1.513427401001365448e-02 0.000000000000000000e+00
7.000000000000000000e+03 2.799983651255326667e-01 3.280609922621757213e-01 4.525489303595812696e-01 2.056213017751479244e-01 1.376877560309512985e-02 0.000000000000000000e+00
7.050000000000000000e+03 2.819983534478578413e-01 3.288575329995448437e-01 4.509558488848429691e-01 2.084660901228948537e-01 1.172052799271734204e-02 0.000000000000000000e+00
7.100000000000000000e+03 2.839983417701830160e-01 3.105370960400546387e-01 4.716659080564405970e-01 2.059626763768775681e-01 1.183431952662721866e-02 0.000000000000000000e+00
7.150000000000000000e+03 2.859983300925084126e-01 3.073509330905780379e-01 4.757624032771961553e-01 1.997041420118343125e-01 1.718252162039144229e-02 0.000000000000000000e+00
7.200000000000000000e+03 2.879983184148335873e-01 3.050751024123805055e-01 4.816795630405097950e-01 1.972007282658170269e-01 1.604460628129267263e-02 0.000000000000000000e+00
7.250000000000000000e+03 2.899983067371587619e-01 2.934683659535730627e-01 4.924897587619481154e-01 1.997041420118343125e-01 1.433773327264451468e-02 0.000000000000000000e+00
7.300000000000000000e+03 2.919982950594839366e-01 2.901684114701866268e-01 5.012517068730086844e-01 1.969731451979972736e-01 1.160673645880746542e-02 0.000000000000000000e+00
7.350000000000000000e+03 2.939982833818093333e-01 2.916477014110150368e-01 5.003413746017296715e-01 1.935593991807009473e-01 1.445152480655439303e-02 0.000000000000000000e+00
7.400000000000000000e+03 2.959982717041345079e-01 2.832271279016841392e-01 5.059171597633136397e-01 1.965179790623577671e-01 1.433773327264451468e-02 0.000000000000000000e+00
7.450000000000000000e+03 2.979982600264596826e-01 2.754893035958124736e-01 5.085343650432407880e-01 2.036868456986800080e-01 1.228948566226672687e-02 0.000000000000000000e+00
7.500000000000000000e+03 2.999982483487848572e-01 2.761720527992717611e-01 5.058033682294037492e-01 2.053937187073281712e-01 1.263086026399635846e-02 0.000000000000000000e+00
7.550000000000000000e+03 3.019982366711102539e-01 2.770823850705507740e-01 5.071688666363222131e-01 2.042558033682294050e-01 1.149294492489758707e-02 0.000000000000000000e+00
7.600000000000000000e+03 3.039982249934354286e-01 2.757168866636321991e-01 5.105826126536185949e-01 2.010696404187528319e-01 1.263086026399635846e-02 0.000000000000000000e+00
7.650000000000000000e+03 3.059982133157606032e-01 2.753755120619025831e-01 5.098998634501593630e-01 2.034592626308602548e-01 1.126536185707783383e-02 0.000000000000000000e+00
7.700000000000000000e+03 3.079982016380859999e-01 2.701411015020482309e-01 5.054619936276740777e-01 2.130177514792899462e-01 1.137915339098771045e-02 0.000000000000000000e+00
7.750000000000000000e+03 3.099981899604111746e-01 2.655894401456531662e-01 5.111515703231679364e-01 2.106281292671825234e-01 1.263086026399635846e-02 0.000000000000000000e+00
7.800000000000000000e+03 3.119981782827363492e-01 2.647928994082840437e-01 5.081929904415111166e-01 2.139280837505689592e-01 1.308602639963586667e-02 0.000000000000000000e+00
7.850000000000000000e+03 3.139981666050615239e-01 2.617205279927173334e-01 5.095584888484296915e-01 2.162039144287664916e-01 1.251706873008648184e-02 0.000000000000000000e+00
7.900000000000000000e+03 3.159981549273869206e-01 2.620619025944469493e-01 5.060309512972235302e-01 2.210969503868912278e-01 1.081019572143832562e-02 0.000000000000000000e+00
7.950000000000000000e+03 3.179981432497120952e-01 2.657032316795630567e-01 5.054619936276740777e-01 2.174556213017751483e-01 1.137915339098771045e-02 0.000000000000000000e+00
8.000000000000000000e+03 3.199981315720372699e-01 2.643377332726445372e-01 5.058033682294037492e-01 2.151797906235776159e-01 1.467910787437414627e-02 0.000000000000000000e+00
8.050000000000000000e+03 3.219981198943624445e-01 2.683204369594902050e-01 5.028447883477469293e-01 2.162039144287664916e-01 1.263086026399635846e-02 0.000000000000000000e+00
8.100000000000000000e+03 3.239981082166878412e-01 2.627446517979062368e-01 4.992034592626308775e-01 2.243969048702776636e-01 1.365498406918525323e-02 0.000000000000000000e+00
8.150000000000000000e+03 3.259980965390130159e-01 2.597860719162494170e-01 5.010241238051889034e-01 2.262175694128356895e-01 1.297223486572599005e-02 0.000000000000000000e+00
8.200000000000000000e+03 3.279980848613381905e-01 2.591033227127901850e-01 5.017068730086481354e-01 2.264451524806554428e-01 1.274465179790623508e-02 0.000000000000000000e+00
8.250000000000000000e+03 3.299980731836633652e-01 2.643377332726445372e-01 4.952207555757851543e-01 2.275830678197542090e-01 1.285844333181611343e-02 0.000000000000000000e+00
8.300000000000000000e+03 3.319980615059887619e-01 2.571688666363222686e-01 4.995448338643604935e-01 2.307692307692307820e-01 1.251706873008648184e-02 0.000000000000000000e+00
8.350000000000000000e+03 3.339980498283139365e-01 2.634274010013655243e-01 4.922621756941283344e-01 2.323623122439690547e-01 1.194811106053709528e-02 0.000000000000000000e+00
8.400000000000000000e+03 3.359980381506391112e-01 2.595584888484296915e-01 4.943104233045061413e-01 2.329312699135184239e-01 1.319981793354574502e-02 0.000000000000000000e+00
8.450000000000000000e+03 3.379980264729642858e-01 2.612653618570778269e-01 4.960172963131542767e-01 2.279244424214838527e-01 1.479289940828402289e-02 0.000000000000000000e+00
8.500000000000000000e+03 3.399980147952896825e-01 2.614929449248976079e-01 4.967000455166135642e-01 2.271279016841147025e-01 1.467910787437414627e-02 0.000000000000000000e+00
8.550000000000000000e+03 3.419980031176148572e-01 2.666135639508420696e-01 4.943104233045061413e-01 2.264451524806554428e-01 1.263086026399635846e-02 0.000000000000000000e+00
8.600000000000000000e+03 3.439979914399400318e-01 2.644515248065543722e-01 4.952207555757851543e-01 2.261037778789257990e-01 1.422394173873463806e-02 0.000000000000000000e+00
8.650000000000000000e+03 3.459979797622654285e-01 2.633136094674556338e-01 4.961310878470641672e-01 2.304278561675011383e-01 1.012744651797906244e-02 0.000000000000000000e+00
8.700000000000000000e+03 3.479979680845906032e-01 2.567137005006827621e-01 5.028447883477469293e-01 2.295175238962221254e-01 1.092398725534820224e-02 0.000000000000000000e+00
8.750000000000000000e+03 3.499979564069157778e-01 2.547792444242148457e-01 5.080791989076012261e-01 2.281520254893036059e-01 8.989531178880291046e-03 0.000000000000000000e+00
8.800000000000000000e+03 3.519979447292409525e-01 2.501137915339098905e-01 5.141101502048247562e-01 2.261037778789257990e-01 9.672280382339554228e-03 0.000000000000000000e+00
8.850000000000000000e+03 3.539979330515663491e-01 2.560309512972234747e-01 5.152480655439235502e-01 2.172280382339553950e-01 1.149294492489758707e-02 0.000000000000000000e+00
8.900000000000000000e+03 3.559979213738915238e-01 2.545516613563950648e-01 5.208238507055075184e-01 2.164314974965862448e-01 8.192990441511151245e-03 0.000000000000000000e+00
8.950000000000000000e+03 3.579979096962166984e-01 2.609239872553482109e-01 5.190031861629494925e-01 2.115384615384615363e-01 8.534365043240782836e-03 0.000000000000000000e+00
9.000000000000000000e+03 3.599978980185418731e-01 2.624032771961766208e-01 5.199135184342285054e-01 2.074419663177059503e-01 1.024123805188893906e-02 0.000000000000000000e+00
9.050000000000000000e+03 3.619978863408672698e-01 2.622894856622667303e-01 5.104688211197087044e-01 2.149522075557578626e-01 1.228948566226672687e-02 0.000000000000000000e+00
9.100000000000000000e+03 3.639978746631924444e-01 2.624032771961766208e-01 5.071688666363222131e-01 2.152935821574874786e-01 1.513427401001365448e-02 0.000000000000000000e+00
9.150000000000000000e+03 3.659978629855176191e-01 2.782203004096495125e-01 5.058033682294037492e-01 2.032316795630405015e-01 1.274465179790623508e-02 0.000000000000000000e+00
9.200000000000000000e+03 3.679978513078427937e-01 2.741238051888939542e-01 5.141101502048247562e-01 1.965179790623577671e-01 1.524806554392353283e-02 0.000000000000000000e+00
9.250000000000000000e+03 3.699978396301681904e-01 2.824305871643149612e-01 5.106964041875284854e-01 1.906008192990441552e-01 1.627218934911242587e-02 0.000000000000000000e+00
9.300000000000000000e+03 3.719978279524933651e-01 2.767410104688211026e-01 5.190031861629494925e-01 1.876422394173873354e-01 1.661356395084205573e-02 0.000000000000000000e+00
9.350000000000000000e+03 3.739978162748185397e-01 2.775375512061902805e-01 5.174101046882112476e-01 1.874146563495675821e-01 1.763768775603095224e-02 0.000000000000000000e+00
9.400000000000000000e+03 3.759978045971439364e-01 2.847064178425124936e-01 5.086481565771506785e-01 1.888939462903959920e-01 1.775147928994082885e-02 0.000000000000000000e+00
9.450000000000000000e+03 3.779977929194691111e-01 2.709376422394174089e-01 5.169549385525716856e-01 1.934456076467910846e-01 1.866181156121984527e-02 0.000000000000000000e+00
9.500000000000000000e+03 3.799977812417942857e-01 2.660446062812926726e-01 5.183204369594902605e-01 1.991351843422849432e-01 1.649977241693217911e-02 0.000000000000000000e+00
9.550000000000000000e+03 3.819977695641194604e-01 2.617205279927173334e-01 5.281065088757396220e-01 1.946973145197997135e-01 1.547564861174328607e-02 0.000000000000000000e+00
9.600000000000000000e+03 3.839977578864448571e-01 2.592171142467000200e-01 5.400546199362767918e-01 1.886663632225762388e-01 1.206190259444697363e-02 0.000000000000000000e+00
9.650000000000000000e+03 3.859977462087700317e-01 2.543240782885753393e-01 5.491579426490669213e-01 1.813837050523441075e-01 1.513427401001365448e-02 0.000000000000000000e+00
9.700000000000000000e+03 3.879977345310952064e-01 2.470414201183432079e-01 5.579198907601274904e-01 1.799044151115156975e-01 1.513427401001365448e-02 0.000000000000000000e+00
9.750000000000000000e+03 3.899977228534206031e-01 2.444242148384160318e-01 5.638370505234410190e-01 1.751251706873008518e-01 1.661356395084205573e-02 0.000000000000000000e+00
9.800000000000000000e+03 3.919977111757457777e-01 2.486345015930814806e-01 5.605370960400546387e-01 1.743286299499317293e-01 1.649977241693217911e-02 0.000000000000000000e+00
9.850000000000000000e+03 3.939976994980707303e-01 2.514792899408284099e-01 5.603095129722348577e-01 1.734182976786527164e-01 1.479289940828402289e-02 0.000000000000000000e+00
9.900000000000000000e+03 3.959976878203961270e-01 2.482931269913518368e-01 5.694128356850249872e-01 1.672735548475193512e-01 1.502048247610377786e-02 0.000000000000000000e+00
9.950000000000000000e+03 3.979976761427215237e-01 2.532999544833864358e-01 5.722576240327719166e-01 1.629494765589440120e-01 1.149294492489758707e-02 0.000000000000000000e+00
1.000000000000000000e+04 3.999976644650466984e-01 2.484069185252617273e-01 5.754437869822485174e-01 1.627218934911242587e-01 1.342740100136549826e-02 0.000000000000000000e+00
1.005000000000000000e+04 4.019976527873716510e-01 2.427173418297678686e-01 5.763541192535275304e-01 1.660218479745106945e-01 1.490669094219390124e-02 0.000000000000000000e+00
1.010000000000000000e+04 4.039976411096970477e-01 2.436276741010468816e-01 5.776058261265362148e-01 1.620391442876649990e-01 1.672735548475193582e-02 0.000000000000000000e+00
1.015000000000000000e+04 4.059976294320224444e-01 2.435138825671370189e-01 5.830678197542102925e-01 1.602184797451069731e-01 1.319981793354574502e-02 0.000000000000000000e+00
1.020000000000000000e+04 4.079976177543476190e-01 2.486345015930814806e-01 5.814747382794720476e-01 1.527082385070550885e-01 1.718252162039144229e-02 0.000000000000000000e+00
1.025000000000000000e+04 4.099976060766725716e-01 2.441966317705962786e-01 5.917159763313609711e-01 1.453117888029130667e-01 1.877560309512972189e-02 0.000000000000000000e+00
1.030000000000000000e+04 4.119975943989979683e-01 2.432862994993172379e-01 5.941055985434683384e-01 1.462221210741920796e-01 1.638598088302230249e-02 0.000000000000000000e+00
1.035000000000000000e+04 4.139975827213233650e-01 2.448793809740555383e-01 6.044606281292671524e-01 1.348429676832043622e-01 1.581702321347291593e-02 0.000000000000000000e+00
1.040000000000000000e+04 4.159975710436485397e-01 2.505689576695493970e-01 6.059399180700956178e-01 1.322257624032771861e-01 1.126536185707783383e-02 0.000000000000000000e+00
1.045000000000000000e+04 4.179975593659734923e-01 2.457897132453345512e-01 6.125398270368684894e-01 1.305188893946290507e-01 1.115157032316795548e-02 0.000000000000000000e+00
1.050000000000000000e+04 4.199975476882988890e-01 2.461310878470641672e-01 6.117432862994993670e-01 1.321119708693673234e-01 1.001365498406918582e-02 0.000000000000000000e+00
1.055000000000000000e+04 4.219975360106242857e-01 2.396449704142011861e-01 6.207328174783796060e-01 1.308602639963586667e-01 8.761948111060537808e-03 0.000000000000000000e+00
1.060000000000000000e+04 4.239975243329494603e-01 2.344105598543468338e-01 6.302913063268092975e-01 1.267637687756031084e-01 8.534365043240782836e-03 0.000000000000000000e+00
1.065000000000000000e+04 4.259975126552744129e-01 2.347519344560764776e-01 6.364360491579426071e-01 1.207328174783796060e-01 8.079198907601274626e-03 0.000000000000000000e+00
1.070000000000000000e+04 4.279975009775998096e-01 2.280382339553937154e-01 6.442876649977241632e-01 1.193673190714610866e-01 8.306781975421027864e-03 0.000000000000000000e+00
1.075000000000000000e+04 4.299974892999252063e-01 2.258761948111060458e-01 6.428083750568958088e-01 1.238051888939462886e-01 7.510241238051888930e-03 0.000000000000000000e+00
1.080000000000000000e+04 4.319974776222503809e-01 2.223486572598998567e-01 6.498634501593081314e-01 1.197086936731907164e-01 8.079198907601274626e-03 0.000000000000000000e+00
1.085000000000000000e+04 4.339974659445753336e-01 2.225762403277196100e-01 6.508875739644970349e-01 1.180018206645425533e-01 8.534365043240782836e-03 0.000000000000000000e+00
1.090000000000000000e+04 4.359974542669007302e-01 2.231451979972690070e-01 6.496358670914883504e-01 1.186845698680018268e-01 8.534365043240782836e-03 0.000000000000000000e+00
1.095000000000000000e+04 4.379974425892261269e-01 2.142694583522985752e-01 6.549840691852526486e-01 1.217569412835685094e-01 8.989531178880291046e-03 0.000000000000000000e+00
1.100000000000000000e+04 4.399974309115513016e-01 2.127901684114701930e-01 6.627218934911243142e-01 1.162949476558944040e-01 8.192990441511151245e-03 0.000000000000000000e+00
1.105000000000000000e+04 4.419974192338762542e-01 2.129039599453800558e-01 6.694355939918069653e-01 1.099226217569412856e-01 7.737824305871643035e-03 0.000000000000000000e+00
1.110000000000000000e+04 4.439974075562016509e-01 2.109695038689121394e-01 6.827492034592625991e-01 1.015020482476103741e-01 4.779244424214838804e-03 0.000000000000000000e+00
1.115000000000000000e+04 4.459973958785270476e-01 2.114246700045516736e-01 6.853664087391898585e-01 9.660901228948566566e-02 6.599908966772872511e-03 0.000000000000000000e+00
1.120000000000000000e+04 4.479973842008522222e-01 2.107419208010923861e-01 6.879836140191170069e-01 9.729176149294492537e-02 3.982703686845699004e-03 0.000000000000000000e+00
1.125000000000000000e+04 4.499973725231773969e-01 2.022075557578516258e-01 6.946973145197997690e-01 9.808830223031406170e-02 5.006827492034592909e-03 0.000000000000000000e+00
1.130000000000000000e+04 4.519973608455027936e-01 2.019799726900318726e-01 6.957214383249886724e-01 9.831588529813381494e-02 3.982703686845699004e-03 0.000000000000000000e+00
1.135000000000000000e+04 4.539973491678279682e-01 2.014110150204824756e-01 6.961766044606281234e-01 9.831588529813381494e-02 4.096495220755575623e-03 0.000000000000000000e+00
