# itime ezz other fcc hcp bcc ico
0.000000000000000000e+00 0.000000000000000000e+00 0.000000000000000000e+00 1.000000000000000000e+00 0.000000000000000000e+00 0.000000000000000000e+00 0.000000000000000000e+00
2.500000000000000000e+01 9.999783638607873115e-04 0.000000000000000000e+00 1.000000000000000000e+00 0.000000000000000000e+00 0.000000000000000000e+00 0.000000000000000000e+00
5.000000000000000000e+01 1.999956727721352578e-03 0.000000000000000000e+00 1.000000000000000000e+00 0.000000000000000000e+00 0.000000000000000000e+00 0.000000000000000000e+00
7.500000000000000000e+01 2.999935091582139890e-03 0.000000000000000000e+00 1.000000000000000000e+00 0.000000000000000000e+00 0.000000000000000000e+00 0.000000000000000000e+00
1.000000000000000000e+02 3.999913455442927201e-03 0.000000000000000000e+00 1.000000000000000000e+00 0.000000000000000000e+00 0.000000000000000000e+00 0.000000000000000000e+00
1.250000000000000000e+02 4.999891819303492468e-03 0.000000000000000000e+00 1.000000000000000000e+00 0.000000000000000000e+00 0.000000000000000000e+00 0.000000000000000000e+00
1.500000000000000000e+02 5.999870183164279780e-03 0.000000000000000000e+00 1.000000000000000000e+00 0.000000000000000000e+00 0.000000000000000000e+00 0.000000000000000000e+00
1.750000000000000000e+02 6.999848547025067091e-03 0.000000000000000000e+00 1.000000000000000000e+00 0.000000000000000000e+00 0.000000000000000000e+00 0.000000000000000000e+00
2.000000000000000000e+02 7.999826910885632358e-03 0.000000000000000000e+00 1.000000000000000000e+00 0.000000000000000000e+00 0.000000000000000000e+00 0.000000000000000000e+00
2.250000000000000000e+02 8.999805274746419670e-03 0.000000000000000000e+00 1.000000000000000000e+00 0.000000000000000000e+00 0.000000000000000000e+00 0.000000000000000000e+00
2.500000000000000000e+02 9.999783638606984937e-03 0.000000000000000000e+00 1.000000000000000000e+00 0.000000000000000000e+00 0.000000000000000000e+00 0.000000000000000000e+00
2.750000000000000000e+02 1.099976200246777225e-02 0.000000000000000000e+00 1.000000000000000000e+00 0.000000000000000000e+00 0.000000000000000000e+00 0.000000000000000000e+00
3.000000000000000000e+02 1.199974036632855956e-02 0.000000000000000000e+00 1.000000000000000000e+00 0.000000000000000000e+00 0.000000000000000000e+00 0.000000000000000000e+00
3.250000000000000000e+02 1.299971873018912483e-02 0.000000000000000000e+00 1.000000000000000000e+00 0.000000000000000000e+00 0.000000000000000000e+00 0.000000000000000000e+00
3.500000000000000000e+02 1.399969709404991214e-02 0.000000000000000000e+00 1.000000000000000000e+00 0.000000000000000000e+00 0.000000000000000000e+00 0.000000000000000000e+00
3.750000000000000000e+02 1.499967545791069945e-02 0.000000000000000000e+00 1.000000000000000000e+00 0.000000000000000000e+00 0.000000000000000000e+00 0.000000000000000000e+00
4.000000000000000000e+02 1.599965382177126472e-02 0.000000000000000000e+00 1.000000000000000000e+00 0.000000000000000000e+00 0.000000000000000000e+00 0.000000000000000000e+00
4.250000000000000000e+02 1.699963218563205203e-02 0.000000000000000000e+00 1.000000000000000000e+00 0.000000000000000000e+00 0.000000000000000000e+00 0.000000000000000000e+00
4.500000000000000000e+02 1.799961054949283934e-02 0.000000000000000000e+00 1.000000000000000000e+00 0.000000000000000000e+00 0.000000000000000000e+00 0.000000000000000000e+00
4.750000000000000000e+02 1.899958891335340461e-02 0.000000000000000000e+00 1.000000000000000000e+00 0.000000000000000000e+00 0.000000000000000000e+00 0.000000000000000000e+00
5.000000000000000000e+02 1.999956727721419192e-02 0.000000000000000000e+00 1.000000000000000000e+00 0.000000000000000000e+00 0.000000000000000000e+00 0.000000000000000000e+00
5.250000000000000000e+02 2.099954564107497923e-02 0.000000000000000000e+00 1.000000000000000000e+00 0.000000000000000000e+00 0.000000000000000000e+00 0.000000000000000000e+00
5.500000000000000000e+02 2.199952400493554450e-02 0.000000000000000000e+00 1.000000000000000000e+00 0.000000000000000000e+00 0.000000000000000000e+00 0.000000000000000000e+00
5.750000000000000000e+02 2.299950236879633181e-02 0.000000000000000000e+00 1.000000000000000000e+00 0.000000000000000000e+00 0.000000000000000000e+00 0.000000000000000000e+00
6.000000000000000000e+02 2.399948073265711912e-02 0.000000000000000000e+00 1.000000000000000000e+00 0.000000000000000000e+00 0.000000000000000000e+00 0.000000000000000000e+00
6.250000000000000000e+02 2.499945909651768439e-02 0.000000000000000000e+00 1.000000000000000000e+00 0.000000000000000000e+00 0.000000000000000000e+00 0.000000000000000000e+00
6.500000000000000000e+02 2.599943746037847170e-02 0.000000000000000000e+00 1.000000000000000000e+00 0.000000000000000000e+00 0.000000000000000000e+00 0.000000000000000000e+00
6.750000000000000000e+02 2.699941582423903697e-02 0.000000000000000000e+00 1.000000000000000000e+00 0.000000000000000000e+00 0.000000000000000000e+00 0.000000000000000000e+00
7.000000000000000000e+02 2.799939418809982428e-02 0.000000000000000000e+00 1.000000000000000000e+00 0.000000000000000000e+00 0.000000000000000000e+00 0.000000000000000000e+00
7.250000000000000000e+02 2.899937255196061159e-02 0.000000000000000000e+00 1.000000000000000000e+00 0.000000000000000000e+00 0.000000000000000000e+00 0.000000000000000000e+00
7.500000000000000000e+02 2.999935091582117686e-02 0.000000000000000000e+00 1.000000000000000000e+00 0.000000000000000000e+00 0.000000000000000000e+00 0.000000000000000000e+00
7.750000000000000000e+02 3.099932927968196417e-02 0.000000000000000000e+00 1.000000000000000000e+00 0.000000000000000000e+00 0.000000000000000000e+00 0.000000000000000000e+00
8.000000000000000000e+02 3.199930764354275148e-02 0.000000000000000000e+00 1.000000000000000000e+00 0.000000000000000000e+00 0.000000000000000000e+00 0.000000000000000000e+00
8.250000000000000000e+02 3.299928600740331675e-02 0.000000000000000000e+00 1.000000000000000000e+00 0.000000000000000000e+00 0.000000000000000000e+00 0.000000000000000000e+00
8.500000000000000000e+02 3.399926437126410406e-02 0.000000000000000000e+00 1.000000000000000000e+00 0.000000000000000000e+00 0.000000000000000000e+00 0.000000000000000000e+00
8.750000000000000000e+02 3.499924273512489137e-02 0.000000000000000000e+00 1.000000000000000000e+00 0.000000000000000000e+00 0.000000000000000000e+00 0.000000000000000000e+00
9.000000000000000000e+02 3.599922109898545663e-02 0.000000000000000000e+00 1.000000000000000000e+00 0.000000000000000000e+00 0.000000000000000000e+00 0.000000000000000000e+00
9.250000000000000000e+02 3.699919946284624395e-02 0.000000000000000000e+00 1.000000000000000000e+00 0.000000000000000000e+00 0.000000000000000000e+00 0.000000000000000000e+00
9.500000000000000000e+02 3.799917782670703126e-02 0.000000000000000000e+00 1.000000000000000000e+00 0.000000000000000000e+00 0.000000000000000000e+00 0.000000000000000000e+00
9.750000000000000000e+02 3.899915619056759652e-02 0.000000000000000000e+00 1.000000000000000000e+00 0.000000000000000000e+00 0.000000000000000000e+00 0.000000000000000000e+00
1.000000000000000000e+03 3.999913455442838384e-02 0.000000000000000000e+00 1.000000000000000000e+00 0.000000000000000000e+00 0.000000000000000000e+00 0.000000000000000000e+00
1.025000000000000000e+03 4.099911291828917115e-02 0.000000000000000000e+00 1.000000000000000000e+00 0.000000000000000000e+00 0.000000000000000000e+00 0.000000000000000000e+00
1.050000000000000000e+03 4.199909128214973641e-02 0.000000000000000000e+00 1.000000000000000000e+00 0.000000000000000000e+00 0.000000000000000000e+00 0.000000000000000000e+00
1.075000000000000000e+03 4.299906964601052373e-02 0.000000000000000000e+00 1.000000000000000000e+00 0.000000000000000000e+00 0.000000000000000000e+00 0.000000000000000000e+00
1.100000000000000000e+03 4.399904800987108899e-02 0.000000000000000000e+00 1.000000000000000000e+00 0.000000000000000000e+00 0.000000000000000000e+00 0.000000000000000000e+00
1.125000000000000000e+03 4.499902637373187630e-02 0.000000000000000000e+00 1.000000000000000000e+00 0.000000000000000000e+00 0.000000000000000000e+00 0.000000000000000000e+00
1.150000000000000000e+03 4.599900473759266362e-02 0.000000000000000000e+00 1.000000000000000000e+00 0.000000000000000000e+00 0.000000000000000000e+00 0.000000000000000000e+00
1.175000000000000000e+03 4.699898310145322888e-02 0.000000000000000000e+00 1.000000000000000000e+00 0.000000000000000000e+00 0.000000000000000000e+00 0.000000000000000000e+00
1.200000000000000000e+03 4.799896146531401619e-02 0.000000000000000000e+00 1.000000000000000000e+00 0.000000000000000000e+00 0.000000000000000000e+00 0.000000000000000000e+00
1.225000000000000000e+03 4.899893982917480351e-02 0.000000000000000000e+00 1.000000000000000000e+00 0.000000000000000000e+00 0.000000000000000000e+00 0.000000000000000000e+00
1.250000000000000000e+03 4.999891819303536877e-02 0.000000000000000000e+00 1.000000000000000000e+00 0.000000000000000000e+00 0.000000000000000000e+00 0.000000000000000000e+00
1.275000000000000000e+03 5.099889655689615608e-02 0.000000000000000000e+00 1.000000000000000000e+00 0.000000000000000000e+00 0.000000000000000000e+00 0.000000000000000000e+00
1.300000000000000000e+03 5.199887492075694340e-02 0.000000000000000000e+00 1.000000000000000000e+00 0.000000000000000000e+00 0.000000000000000000e+00 0.000000000000000000e+00
1.325000000000000000e+03 5.299885328461750866e-02 0.000000000000000000e+00 1.000000000000000000e+00 0.000000000000000000e+00 0.000000000000000000e+00 0.000000000000000000e+00
1.350000000000000000e+03 5.399883164847829597e-02 0.000000000000000000e+00 1.000000000000000000e+00 0.000000000000000000e+00 0.000000000000000000e+00 0.000000000000000000e+00
1.375000000000000000e+03 5.499881001233908329e-02 0.000000000000000000e+00 1.000000000000000000e+00 0.000000000000000000e+00 0.000000000000000000e+00 0.000000000000000000e+00
1.400000000000000000e+03 5.599878837619964855e-02 0.000000000000000000e+00 1.000000000000000000e+00 0.000000000000000000e+00 0.000000000000000000e+00 0.000000000000000000e+00
1.425000000000000000e+03 5.699876674006043586e-02 0.000000000000000000e+00 1.000000000000000000e+00 0.000000000000000000e+00 0.000000000000000000e+00 0.000000000000000000e+00
1.450000000000000000e+03 5.799874510392122318e-02 0.000000000000000000e+00 1.000000000000000000e+00 0.000000000000000000e+00 0.000000000000000000e+00 0.000000000000000000e+00
1.475000000000000000e+03 5.899872346778178844e-02 0.000000000000000000e+00 1.000000000000000000e+00 0.000000000000000000e+00 0.000000000000000000e+00 0.000000000000000000e+00
1.500000000000000000e+03 5.999870183164257575e-02 0.000000000000000000e+00 1.000000000000000000e+00 0.000000000000000000e+00 0.000000000000000000e+00 0.000000000000000000e+00
1.525000000000000000e+03 6.099868019550314102e-02 0.000000000000000000e+00 1.000000000000000000e+00 0.000000000000000000e+00 0.000000000000000000e+00 0.000000000000000000e+00
1.550000000000000000e+03 6.199865855936392833e-02 0.000000000000000000e+00 1.000000000000000000e+00 0.000000000000000000e+00 0.000000000000000000e+00 0.000000000000000000e+00
1.575000000000000000e+03 6.299863692322471564e-02 0.000000000000000000e+00 1.000000000000000000e+00 0.000000000000000000e+00 0.000000000000000000e+00 0.000000000000000000e+00
1.600000000000000000e+03 6.399861528708528091e-02 0.000000000000000000e+00 1.000000000000000000e+00 0.000000000000000000e+00 0.000000000000000000e+00 0.000000000000000000e+00
1.625000000000000000e+03 6.499859365094606822e-02 0.000000000000000000e+00 1.000000000000000000e+00 0.000000000000000000e+00 0.000000000000000000e+00 0.000000000000000000e+00
1.650000000000000000e+03 6.599857201480685553e-02 0.000000000000000000e+00 1.000000000000000000e+00 0.000000000000000000e+00 0.000000000000000000e+00 0.000000000000000000e+00
1.675000000000000000e+03 6.699855037866742080e-02 0.000000000000000000e+00 1.000000000000000000e+00 0.000000000000000000e+00 0.000000000000000000e+00 0.000000000000000000e+00
1.700000000000000000e+03 6.799852874252820811e-02 5.689576695493854790e-04 9.993172507965407680e-01 0.000000000000000000e+00 1.137915339098771066e-04 0.000000000000000000e+00
1.725000000000000000e+03 6.899850710638899542e-02 0.000000000000000000e+00 1.000000000000000000e+00 0.000000000000000000e+00 0.000000000000000000e+00 0.000000000000000000e+00
1.750000000000000000e+03 6.999848547024956069e-02 0.000000000000000000e+00 1.000000000000000000e+00 0.000000000000000000e+00 0.000000000000000000e+00 0.000000000000000000e+00
1.775000000000000000e+03 7.099846383411034800e-02 0.000000000000000000e+00 1.000000000000000000e+00 0.000000000000000000e+00 0.000000000000000000e+00 0.000000000000000000e+00
1.800000000000000000e+03 7.199844219797113531e-02 0.000000000000000000e+00 1.000000000000000000e+00 0.000000000000000000e+00 0.000000000000000000e+00 0.000000000000000000e+00
1.825000000000000000e+03 7.299842056183170058e-02 0.000000000000000000e+00 1.000000000000000000e+00 0.000000000000000000e+00 0.000000000000000000e+00 0.000000000000000000e+00
1.850000000000000000e+03 7.399839892569248789e-02 0.000000000000000000e+00 1.000000000000000000e+00 0.000000000000000000e+00 0.000000000000000000e+00 0.000000000000000000e+00
1.875000000000000000e+03 7.499837728955305316e-02 2.275830678197542133e-04 9.997724169321802190e-01 0.000000000000000000e+00 0.000000000000000000e+00 0.000000000000000000e+00
1.900000000000000000e+03 7.599835565341384047e-02 0.000000000000000000e+00 1.000000000000000000e+00 0.000000000000000000e+00 0.000000000000000000e+00 0.000000000000000000e+00
1.925000000000000000e+03 7.699833401727462778e-02 4.551661356395084266e-04 9.995448338643604380e-01 0.000000000000000000e+00 0.000000000000000000e+00 0.000000000000000000e+00
1.950000000000000000e+03 7.799831238113519305e-02 0.000000000000000000e+00 1.000000000000000000e+00 0.000000000000000000e+00 0.000000000000000000e+00 0.000000000000000000e+00
1.975000000000000000e+03 7.899829074499598036e-02 1.137915339098771066e-04 9.998862084660901095e-01 0.000000000000000000e+00 0.000000000000000000e+00 0.000000000000000000e+00
2.000000000000000000e+03 7.999826910885676767e-02 0.000000000000000000e+00 1.000000000000000000e+00 0.000000000000000000e+00 0.000000000000000000e+00 0.000000000000000000e+00
2.025000000000000000e+03 8.099824747271733294e-02 0.000000000000000000e+00 1.000000000000000000e+00 0.000000000000000000e+00 0.000000000000000000e+00 0.000000000000000000e+00
2.050000000000000000e+03 8.199822583657812025e-02 0.000000000000000000e+00 1.000000000000000000e+00 0.000000000000000000e+00 0.000000000000000000e+00 0.000000000000000000e+00
2.075000000000000000e+03 8.299820420043890756e-02 5.689576695493854790e-04 9.994310423304506585e-01 0.000000000000000000e+00 0.000000000000000000e+00 0.000000000000000000e+00
2.100000000000000000e+03 8.399818256429947283e-02 0.000000000000000000e+00 1.000000000000000000e+00 0.000000000000000000e+00 0.000000000000000000e+00 0.000000000000000000e+00
2.125000000000000000e+03 8.499816092816026014e-02 0.000000000000000000e+00 1.000000000000000000e+00 0.000000000000000000e+00 0.000000000000000000e+00 0.000000000000000000e+00
2.150000000000000000e+03 8.599813929202104745e-02 0.000000000000000000e+00 1.000000000000000000e+00 0.000000000000000000e+00 0.000000000000000000e+00 0.000000000000000000e+00
2.175000000000000000e+03 8.699811765588161272e-02 3.413746017296313199e-04 9.995448338643604380e-01 0.000000000000000000e+00 1.137915339098771066e-04 0.000000000000000000e+00
2.200000000000000000e+03 8.799809601974240003e-02 7.965407373691396923e-04 9.990896677287209870e-01 0.000000000000000000e+00 1.137915339098771066e-04 0.000000000000000000e+00
2.225000000000000000e+03 8.899807438360318734e-02 5.689576695493854790e-04 9.994310423304506585e-01 0.000000000000000000e+00 0.000000000000000000e+00 0.000000000000000000e+00
2.250000000000000000e+03 8.999805274746375261e-02 4.551661356395084266e-04 9.994310423304506585e-01 0.000000000000000000e+00 1.137915339098771066e-04 0.000000000000000000e+00
2.275000000000000000e+03 9.099803111132453992e-02 1.251706873008648227e-03 9.985207100591716456e-01 0.000000000000000000e+00 2.275830678197542133e-04 0.000000000000000000e+00
2.300000000000000000e+03 9.199800947518510519e-02 0.000000000000000000e+00 1.000000000000000000e+00 0.000000000000000000e+00 0.000000000000000000e+00 0.000000000000000000e+00
2.325000000000000000e+03 9.299798783904589250e-02 5.689576695493854790e-04 9.994310423304506585e-01 0.000000000000000000e+00 0.000000000000000000e+00 0.000000000000000000e+00
2.350000000000000000e+03 9.399796620290667981e-02 1.024123805188893906e-03 9.989758761948110966e-01 0.000000000000000000e+00 0.000000000000000000e+00 0.000000000000000000e+00
2.375000000000000000e+03 9.499794456676724508e-02 1.820664542558033706e-03 9.981793354574419741e-01 0.000000000000000000e+00 0.000000000000000000e+00 0.000000000000000000e+00
2.400000000000000000e+03 9.599792293062803239e-02 2.389622212107419402e-03 9.976103777878926326e-01 0.000000000000000000e+00 0.000000000000000000e+00 0.000000000000000000e+00
2.425000000000000000e+03 9.699790129448881970e-02 1.706873008648156654e-03 9.982931269913518646e-01 0.000000000000000000e+00 0.000000000000000000e+00 0.000000000000000000e+00
2.450000000000000000e+03 9.799787965834938497e-02 1.934456076467910759e-03 9.979517523896221931e-01 0.000000000000000000e+00 1.137915339098771066e-04 0.000000000000000000e+00
2.475000000000000000e+03 9.899785802221017228e-02 6.827492034592626399e-04 9.993172507965407680e-01 0.000000000000000000e+00 0.000000000000000000e+00 0.000000000000000000e+00
2.500000000000000000e+03 9.999783638607095959e-02 3.072371415566681717e-03 9.968138370505233992e-01 0.000000000000000000e+00 1.137915339098771066e-04 0.000000000000000000e+00
2.525000000000000000e+03 1.009978147499315249e-01 4.324078288575329727e-03 9.954483386436049352e-01 0.000000000000000000e+00 2.275830678197542133e-04 0.000000000000000000e+00
2.550000000000000000e+03 1.019977931137923122e-01 3.641329085116067413e-03 9.960172963131542767e-01 0.000000000000000000e+00 3.413746017296313199e-04 0.000000000000000000e+00
2.575000000000000000e+03 1.029977714776530995e-01 3.868912152935821518e-03 9.960172963131542767e-01 0.000000000000000000e+00 1.137915339098771066e-04 0.000000000000000000e+00
2.600000000000000000e+03 1.039977498415136647e-01 2.958579881656804664e-03 9.967000455166135087e-01 0.000000000000000000e+00 3.413746017296313199e-04 0.000000000000000000e+00
2.625000000000000000e+03 1.049977282053744521e-01 3.755120619025944465e-03 9.961310878470641672e-01 0.000000000000000000e+00 1.137915339098771066e-04 0.000000000000000000e+00
2.650000000000000000e+03 1.059977065692352394e-01 5.803368229403732710e-03 9.940828402366863603e-01 0.000000000000000000e+00 1.137915339098771066e-04 0.000000000000000000e+00
2.675000000000000000e+03 1.069976849330958046e-01 9.786071916249430847e-03 9.898725534820209671e-01 0.000000000000000000e+00 3.413746017296313199e-04 0.000000000000000000e+00
2.700000000000000000e+03 1.079976632969565919e-01 8.192990441511151245e-03 9.910104688211197610e-01 0.000000000000000000e+00 7.965407373691396923e-04 0.000000000000000000e+00
2.725000000000000000e+03 1.089976416608171572e-01 8.989531178880291046e-03 9.902139280837505275e-01 0.000000000000000000e+00 7.965407373691396923e-04 0.000000000000000000e+00
2.750000000000000000e+03 1.099976200246779445e-01 7.965407373691398007e-03 9.914656349567592120e-01 0.000000000000000000e+00 5.689576695493854790e-04 0.000000000000000000e+00
2.775000000000000000e+03 1.109975983885387318e-01 1.206190259444697363e-02 9.866863905325443662e-01 0.000000000000000000e+00 1.251706873008648227e-03 0.000000000000000000e+00
2.800000000000000000e+03 1.119975767523992971e-01 1.160673645880746542e-02 9.872553482020938187e-01 0.000000000000000000e+00 1.137915339098770958e-03 0.000000000000000000e+00
2.825000000000000000e+03 1.129975551162600844e-01 1.445152480655439303e-02 9.844105598543468894e-01 0.000000000000000000e+00 1.137915339098770958e-03 0.000000000000000000e+00
2.850000000000000000e+03 1.139975334801208717e-01 1.752389622212107562e-02 9.809968138370505075e-01 0.000000000000000000e+00 1.479289940828402332e-03 0.000000000000000000e+00
2.875000000000000000e+03 1.149975118439814370e-01 2.275830678197542090e-02 9.755348202093764298e-01 0.000000000000000000e+00 1.706873008648156654e-03 0.000000000000000000e+00
2.900000000000000000e+03 1.159974902078422243e-01 2.674101046882111990e-02 9.685935366408738867e-01 0.000000000000000000e+00 4.665452890304961318e-03 0.000000000000000000e+00
2.925000000000000000e+03 1.169974685717030116e-01 4.187528447883477611e-02 9.501593081474738467e-01 0.000000000000000000e+00 7.965407373691398007e-03 0.000000000000000000e+00
2.950000000000000000e+03 1.179974469355635769e-01 5.177514792899408358e-02 9.302457897132453413e-01 0.000000000000000000e+00 1.797906235776058209e-02 0.000000000000000000e+00
2.975000000000000000e+03 1.189974252994243642e-01 8.352298588984979899e-02 8.741465634956758768e-01 0.000000000000000000e+00 4.233045061447428259e-02 0.000000000000000000e+00
3.000000000000000000e+03 1.199974036632851515e-01 1.307464724624488039e-01 7.724169321802457633e-01 0.000000000000000000e+00 9.683659535730541890e-02 0.000000000000000000e+00
3.025000000000000000e+03 1.209973820271457168e-01 2.034592626308602548e-01 5.966090122894857073e-01 0.000000000000000000e+00 1.999317250796540657e-01 0.000000000000000000e+00
3.050000000000000000e+03 1.219973603910065041e-01 3.048475193445607800e-01 3.698224852071005930e-01 0.000000000000000000e+00 3.253299954483386269e-01 0.000000000000000000e+00
3.075000000000000000e+03 1.229973387548672914e-01 3.825671370050068298e-01 1.979972690031861493e-01 5.689576695493854790e-04 4.188666363222576239e-01 0.000000000000000000e+00
3.100000000000000000e+03 1.239973171187278567e-01 3.959945380063722986e-01 1.200500682749203463e-01 1.820664542558033706e-03 4.821347291761493015e-01 0.000000000000000000e+00
3.125000000000000000e+03 1.249972954825886440e-01 3.722121074192080159e-01 8.158852981338188259e-02 1.934456076467910759e-03 5.442649066909421851e-01 0.000000000000000000e+00
3.150000000000000000e+03 1.259972738464492092e-01 3.540054619936277014e-01 6.770596267637687959e-02 3.527537551206190360e-03 5.747610377787892855e-01 0.000000000000000000e+00
3.175000000000000000e+03 1.269972522103099966e-01 3.599226217569412856e-01 8.272644515248064878e-02 4.665452890304961318e-03 5.526854802002730827e-01 0.000000000000000000e+00
3.200000000000000000e+03 1.279972305741707839e-01 3.792671825216203940e-01 9.854346836595356818e-02 1.035502958579881741e-02 5.118343195266271684e-01 0.000000000000000000e+00
3.225000000000000000e+03 1.289972089380313491e-01 3.832498862084661173e-01 1.223258989531178925e-01 1.979972690031861493e-02 4.746244879380974169e-01 0.000000000000000000e+00
3.250000000000000000e+03 1.299971873018921364e-01 3.782430587164314906e-01 1.469048702776513393e-01 2.958579881656804578e-02 4.452662721893491105e-01 0.000000000000000000e+00
3.275000000000000000e+03 1.309971656657529238e-01 3.969048702776513671e-01 1.439462903959945472e-01 4.585798816568047165e-02 4.132908511606736557e-01 0.000000000000000000e+00
3.300000000000000000e+03 1.319971440296134890e-01 4.268320436959490149e-01 1.380291306326809353e-01 7.282658170232134132e-02 3.623122439690487084e-01 0.000000000000000000e+00
3.325000000000000000e+03 1.329971223934742763e-01 4.355939918070095840e-01 1.422394173873463841e-01 9.968138370505234824e-02 3.224852071005916976e-01 0.000000000000000000e+00
3.350000000000000000e+03 1.339971007573350636e-01 4.383249886208466228e-01 1.503186162949476656e-01 1.139053254437869811e-01 2.974510696404187304e-01 0.000000000000000000e+00
3.375000000000000000e+03 1.349970791211956289e-01 4.481110605370960398e-01 1.696631770596267741e-01 1.265361857077833274e-01 2.556895766954938587e-01 0.000000000000000000e+00
3.400000000000000000e+03 1.359970574850564162e-01 4.514110150204824756e-01 1.846836595357305433e-01 1.424670004551661373e-01 2.214383249886208438e-01 0.000000000000000000e+00
3.425000000000000000e+03 1.369970358489172035e-01 4.498179335457441752e-01 2.116522530723714268e-01 1.578288575329995502e-01 1.807009558488848477e-01 0.000000000000000000e+00
3.450000000000000000e+03 1.379970142127777688e-01 4.410559854346836617e-01 2.216659080564405970e-01 1.714838416021848000e-01 1.657942649066909413e-01 0.000000000000000000e+00
3.475000000000000000e+03 1.389969925766385561e-01 4.367319071461083224e-01 2.368001820664542567e-01 1.705735093309057870e-01 1.558944014565316338e-01 0.000000000000000000e+00
3.500000000000000000e+03 1.399969709404993434e-01 4.114701866181156298e-01 2.564861174328629811e-01 1.759217114246700020e-01 1.561219845243513871e-01 0.000000000000000000e+00
3.525000000000000000e+03 1.409969493043599087e-01 3.891670459717797015e-01 2.776513427401001155e-01 1.908284023668639084e-01 1.423532089212562468e-01 0.000000000000000000e+00
3.550000000000000000e+03 1.419969276682206960e-01 3.866636322257623881e-01 2.864132908511606845e-01 1.838871187983613931e-01 1.430359581247155343e-01 0.000000000000000000e+00
3.575000000000000000e+03 1.429969060320812613e-01 3.741465634956759323e-01 2.992717341829768118e-01 1.774010013654984119e-01 1.491807009558488717e-01 0.000000000000000000e+00
3.600000000000000000e+03 1.439968843959420486e-01 3.581019572143832597e-01 3.058716431497496835e-01 1.741010468821119761e-01 1.619253527537551085e-01 0.000000000000000000e+00
3.625000000000000000e+03 1.449968627598028359e-01 3.587847064178424916e-01 3.045061447428311086e-01 1.748975876194810986e-01 1.618115612198452458e-01 0.000000000000000000e+00
3.650000000000000000e+03 1.459968411236634012e-01 3.517296313154301135e-01 3.099681383705052418e-01 1.803595812471552040e-01 1.579426490669094130e-01 0.000000000000000000e+00
3.675000000000000000e+03 1.469968194875241885e-01 3.552571688666363303e-01 3.073509330905780379e-01 1.868456986800182129e-01 1.505461993627674189e-01 0.000000000000000000e+00
3.700000000000000000e+03 1.479967978513849758e-01 3.582157487482931502e-01 3.038233955393718766e-01 1.917387346381429214e-01 1.462221210741920796e-01 0.000000000000000000e+00
3.725000000000000000e+03 1.489967762152455411e-01 3.469503868912152678e-01 3.154301319981793195e-01 2.031178880291306388e-01 1.345015930814747462e-01 0.000000000000000000e+00
3.750000000000000000e+03 1.499967545791063284e-01 3.538916704597178109e-01 3.206645425580336717e-01 2.048247610377788019e-01 1.206190259444697294e-01 0.000000000000000000e+00
3.775000000000000000e+03 1.509967329429671157e-01 3.555985434683659463e-01 3.295402822030040757e-01 2.056213017751479244e-01 1.092398725534820259e-01 0.000000000000000000e+00
3.800000000000000000e+03 1.519967113068276809e-01 3.555985434683659463e-01 3.387573964497041512e-01 2.034592626308602548e-01 1.021847974510696339e-01 0.000000000000000000e+00
3.825000000000000000e+03 1.529966896706884683e-01 3.567364588074647402e-01 3.393263541192535482e-01 2.052799271734183084e-01 9.865725989986344480e-02 0.000000000000000000e+00
3.850000000000000000e+03 1.539966680345492556e-01 3.647018661811561313e-01 3.411470186618115741e-01 1.993627674101046965e-01 9.478834774692762588e-02 0.000000000000000000e+00
3.875000000000000000e+03 1.549966463984098208e-01 3.632225762403277214e-01 3.370505234410559603e-01 2.014110150204824756e-01 9.831588529813381494e-02 0.000000000000000000e+00
3.900000000000000000e+03 1.559966247622706081e-01 3.653846153846153633e-01 3.380746472462448637e-01 2.058488848429676776e-01 9.069185252617205373e-02 0.000000000000000000e+00
3.925000000000000000e+03 1.569966031261313955e-01 3.677742375967227861e-01 3.402366863905325611e-01 2.053937187073281712e-01 8.659535730541648157e-02 0.000000000000000000e+00
3.950000000000000000e+03 1.579965814899919607e-01 3.645880746472462408e-01 3.460400546199362548e-01 2.036868456986800080e-01 8.568502503413745475e-02 0.000000000000000000e+00
3.975000000000000000e+03 1.589965598538527480e-01 3.699362767410104835e-01 3.437642239417387224e-01 2.042558033682294050e-01 8.204369594902138907e-02 0.000000000000000000e+00
4.000000000000000000e+03 1.599965382177133133e-01 3.714155666818388934e-01 3.446745562130177354e-01 1.995903504779244497e-01 8.431952662721893532e-02 0.000000000000000000e+00
4.025000000000000000e+03 1.609965165815741006e-01 3.751706873008648357e-01 3.464952207555757613e-01 2.008420573509330787e-01 7.749203459262631044e-02 0.000000000000000000e+00
4.050000000000000000e+03 1.619964949454348879e-01 3.722121074192080159e-01 3.460400546199362548e-01 1.959490213928083702e-01 8.579881656804733137e-02 0.000000000000000000e+00
4.075000000000000000e+03 1.629964733092954532e-01 3.829085116067364458e-01 3.485434683659535682e-01 1.956076467910787542e-01 7.294037323623121793e-02 0.000000000000000000e+00
4.100000000000000000e+03 1.639964516731562405e-01 3.834774692762858428e-01 3.446745562130177354e-01 1.979972690031861493e-01 7.385070550751024476e-02 0.000000000000000000e+00
4.125000000000000000e+03 1.649964300370170278e-01 3.806326809285389134e-01 3.520710059171597850e-01 1.915111515703231682e-01 7.578516158397814728e-02 0.000000000000000000e+00
4.150000000000000000e+03 1.659964084008775931e-01 3.849567592171142527e-01 3.569640418752844657e-01 1.906008192990441552e-01 6.747837960855712636e-02 0.000000000000000000e+00
4.175000000000000000e+03 1.669963867647383804e-01 3.845015930814747462e-01 3.604915794264906825e-01 1.869594902139280757e-01 6.804733727810650945e-02 0.000000000000000000e+00
4.200000000000000000e+03 1.679963651285991677e-01 3.887118798361401950e-01 3.578743741465634787e-01 1.842284934000910368e-01 6.918525261720527564e-02 0.000000000000000000e+00
4.225000000000000000e+03 1.689963434924597330e-01 3.833636777423759523e-01 3.686845698680017991e-01 1.811561219845243542e-01 6.679563040509786664e-02 0.000000000000000000e+00
4.250000000000000000e+03 1.699963218563205203e-01 3.807464724624488039e-01 3.731224396904870289e-01 1.827492034592626269e-01 6.338188438780155420e-02 0.000000000000000000e+00
4.275000000000000000e+03 1.709963002201813076e-01 3.792671825216203940e-01 3.793809740555302845e-01 1.799044151115156975e-01 6.144742831133363781e-02 0.000000000000000000e+00
4.300000000000000000e+03 1.719962785840418729e-01 3.842740100136549652e-01 3.837050523441056238e-01 1.752389622212107423e-01 5.678197542102867562e-02 0.000000000000000000e+00
4.325000000000000000e+03 1.729962569479026602e-01 3.856395084205734847e-01 3.841602184797451303e-01 1.760355029585798925e-01 5.416477014110149951e-02 0.000000000000000000e+00
4.350000000000000000e+03 1.739962353117634475e-01 3.817705962676377074e-01 3.880291306326809075e-01 1.736458807464724696e-01 5.655439235320892238e-02 0.000000000000000000e+00
4.375000000000000000e+03 1.749962136756240128e-01 3.743741465634956578e-01 3.956531634046426826e-01 1.755803368229403860e-01 5.439235320892125969e-02 0.000000000000000000e+00
4.400000000000000000e+03 1.759961920394848001e-01 3.707328174783796060e-01 4.021392808375056638e-01 1.789940828402366846e-01 4.813381884387801790e-02 0.000000000000000000e+00
4.425000000000000000e+03 1.769961704033453653e-01 3.626536185707783244e-01 4.085116067364588099e-01 1.814974965862539702e-01 4.733727810650887463e-02 0.000000000000000000e+00
4.450000000000000000e+03 1.779961487672061526e-01 3.651570323167956378e-01 4.063495675921711681e-01 1.837733272644515303e-01 4.472007282658170546e-02 0.000000000000000000e+00
4.475000000000000000e+03 1.789961271310669400e-01 3.705052344105598805e-01 4.058944014565316616e-01 1.810423304506144637e-01 4.255803368229403583e-02 0.000000000000000000e+00
4.500000000000000000e+03 1.799961054949275052e-01 3.683431952662721831e-01 4.078288575329995225e-01 1.827492034592626269e-01 4.107874374146563284e-02 0.000000000000000000e+00
4.525000000000000000e+03 1.809960838587882925e-01 3.615157032316795860e-01 4.130632680928538747e-01 1.818388711879836139e-01 4.358215748748293233e-02 0.000000000000000000e+00
4.550000000000000000e+03 1.819960622226490798e-01 3.548020027309968238e-01 4.214838416021847722e-01 1.803595812471552040e-01 4.335457441966317910e-02 0.000000000000000000e+00
4.575000000000000000e+03 1.829960405865096451e-01 3.535502958579881394e-01 4.235320892125625791e-01 1.756941283568502488e-01 4.722348657259899801e-02 0.000000000000000000e+00
4.600000000000000000e+03 1.839960189503704324e-01 3.565088757396449592e-01 4.241010468821119761e-01 1.775147928994082747e-01 4.187528447883477611e-02 0.000000000000000000e+00
4.625000000000000000e+03 1.849959973142312197e-01 3.528675466545289074e-01 4.300182066454255603e-01 1.729631315430132099e-01 4.415111515703231543e-02 0.000000000000000000e+00
4.650000000000000000e+03 1.859959756780917850e-01 3.444469731451980099e-01 4.427628584433317971e-01 1.690942193900773771e-01 4.369594902139280895e-02 0.000000000000000000e+00
4.675000000000000000e+03 1.869959540419525723e-01 3.405780609922621771e-01 4.466317705962676299e-01 1.694355939918070209e-01 4.335457441966317910e-02 0.000000000000000000e+00
4.700000000000000000e+03 1.879959324058133596e-01 3.369367319071461253e-01 4.580109239872553473e-01 1.672735548475193512e-01 3.777878925807919702e-02 0.000000000000000000e+00
4.725000000000000000e+03 1.889959107696739249e-01 3.260127446517979144e-01 4.688211197086936677e-01 1.719390077378243065e-01 3.322712790168411146e-02 0.000000000000000000e+00
4.750000000000000000e+03 1.899958891335347122e-01 3.303368229403732537e-01 4.696176604460627901e-01 1.671597633136094607e-01 3.288575329995448160e-02 0.000000000000000000e+00
4.775000000000000000e+03 1.909958674973954995e-01 3.229403732362312041e-01 4.776968593536640717e-01 1.710286754665452935e-01 2.833409194355939950e-02 0.000000000000000000e+00
4.800000000000000000e+03 1.919958458612560648e-01 3.137232589895311841e-01 4.832726445152480399e-01 1.736458807464724696e-01 2.935821574874829254e-02 0.000000000000000000e+00
4.825000000000000000e+03 1.929958242251168521e-01 3.107646791078743642e-01 4.828174783796085334e-01 1.766044606281292617e-01 2.981338188438780248e-02 0.000000000000000000e+00
4.850000000000000000e+03 1.939958025889774174e-01 3.163404642694583324e-01 4.799726900318616041e-01 1.755803368229403860e-01 2.810650887573964626e-02 0.000000000000000000e+00
4.875000000000000000e+03 1.949957809528382047e-01 3.121301775147928836e-01 4.783796085571233592e-01 1.781975421028675344e-01 3.129267182521620200e-02 0.000000000000000000e+00
4.900000000000000000e+03 1.959957593166989920e-01 3.153163404642694845e-01 4.795175238962220976e-01 1.754665452890304955e-01 2.969959035047792587e-02 0.000000000000000000e+00
4.925000000000000000e+03 1.969957376805595572e-01 3.106508875739644737e-01 4.780382339553937432e-01 1.801319981793354508e-01 3.117888029130632538e-02 0.000000000000000000e+00
4.950000000000000000e+03 1.979957160444203446e-01 3.125853436504323901e-01 4.792899408284023721e-01 1.778561675011379184e-01 3.026854802002730896e-02 0.000000000000000000e+00
4.975000000000000000e+03 1.989956944082811319e-01 3.115612198452434867e-01 4.863450159308147502e-01 1.760355029585798925e-01 2.605826126536185672e-02 0.000000000000000000e+00
5.000000000000000000e+03 1.999956727721416971e-01 3.070095584888484219e-01 4.923759672280382249e-01 1.775147928994082747e-01 2.309968138370505075e-02 0.000000000000000000e+00
5.025000000000000000e+03 2.009956511360024844e-01 3.095129722348657353e-01 4.934000910332271284e-01 1.737596722803823324e-01 2.332726445152480746e-02 0.000000000000000000e+00
5.050000000000000000e+03 2.019956294998632718e-01 3.139508420573509095e-01 4.928311333636777314e-01 1.687528447883477334e-01 2.446517979062357712e-02 0.000000000000000000e+00
5.075000000000000000e+03 2.029956078637238370e-01 3.060992262175694090e-01 4.948793809740555383e-01 1.730769230769230727e-01 2.594446973145198010e-02 0.000000000000000000e+00
5.100000000000000000e+03 2.039955862275846243e-01 3.007510241238051663e-01 4.979517523896221931e-01 1.796768320436959443e-01 2.162039144287665124e-02 0.000000000000000000e+00
5.125000000000000000e+03 2.049955645914454117e-01 3.020027309968138507e-01 4.972690031861629611e-01 1.777423759672280279e-01 2.298588984979517413e-02 0.000000000000000000e+00
5.150000000000000000e+03 2.059955429553059769e-01 3.049613108784706150e-01 5.006827492034592320e-01 1.751251706873008518e-01 1.923076923076923184e-02 0.000000000000000000e+00
5.175000000000000000e+03 2.069955213191667642e-01 3.012061902594446727e-01 5.047792444242148457e-01 1.731907146108329631e-01 2.082385070550751144e-02 0.000000000000000000e+00
5.200000000000000000e+03 2.079954996830273295e-01 3.079198907601274349e-01 4.997724169321802190e-01 1.723941738734638129e-01 1.991351843422849502e-02 0.000000000000000000e+00
5.225000000000000000e+03 2.089954780468881168e-01 2.980200273099681274e-01 5.071688666363222131e-01 1.756941283568502488e-01 1.911697769685935522e-02 0.000000000000000000e+00
5.250000000000000000e+03 2.099954564107489041e-01 3.018889394629039602e-01 5.060309512972235302e-01 1.723941738734638129e-01 1.968593536640873831e-02 0.000000000000000000e+00
5.275000000000000000e+03 2.109954347746094694e-01 3.033682294037323701e-01 5.051206190259445172e-01 1.726217569412835662e-01 1.888939462903959851e-02 0.000000000000000000e+00
5.300000000000000000e+03 2.119954131384702567e-01 3.034820209376422606e-01 5.054619936276740777e-01 1.710286754665452935e-01 2.002730996813837164e-02 0.000000000000000000e+00
5.325000000000000000e+03 2.129953915023310440e-01 3.042785616750113831e-01 5.078516158397815561e-01 1.681838871187983642e-01 1.968593536640873831e-02 0.000000000000000000e+00
5.350000000000000000e+03 2.139953698661916093e-01 3.010923987255348377e-01 5.097860719162494725e-01 1.695493855257168836e-01 1.957214383249886169e-02 0.000000000000000000e+00
5.375000000000000000e+03 2.149953482300523966e-01 3.043923532089212736e-01 5.108101957214383759e-01 1.640873918980427781e-01 2.071005917159763482e-02 0.000000000000000000e+00
5.400000000000000000e+03 2.159953265939131839e-01 3.014337733272644537e-01 5.112653618570778269e-01 1.657942649066909413e-01 2.150659990896677115e-02 0.000000000000000000e+00
5.425000000000000000e+03 2.169953049577737492e-01 3.064406008192990249e-01 5.089895311788802390e-01 1.648839326354119283e-01 1.968593536640873831e-02 0.000000000000000000e+00
5.450000000000000000e+03 2.179952833216345365e-01 3.024578971324533572e-01 5.065999089667728716e-01 1.689804278561675144e-01 2.196176604460628110e-02 0.000000000000000000e+00
5.475000000000000000e+03 2.189952616854953238e-01 3.067819754210286964e-01 5.067137005006827621e-01 1.702321347291761433e-01 1.627218934911242587e-02 0.000000000000000000e+00
5.500000000000000000e+03 2.199952400493558891e-01 2.999544833864360438e-01 5.109239872553481554e-01 1.668183887118798447e-01 2.230314064633591095e-02 0.000000000000000000e+00
5.525000000000000000e+03 2.209952184132166764e-01 3.037096040054619861e-01 5.176376877560309175e-01 1.593081474738279601e-01 1.934456076467910846e-02 0.000000000000000000e+00
5.550000000000000000e+03 2.219951967770774637e-01 3.010923987255348377e-01 5.177514792899408080e-01 1.609012289485662328e-01 2.025489303595812488e-02 0.000000000000000000e+00
5.575000000000000000e+03 2.229951751409380289e-01 2.990441511151570309e-01 5.196859353664087244e-01 1.581702321347291662e-01 2.309968138370505075e-02 0.000000000000000000e+00
5.600000000000000000e+03 2.239951535047988163e-01 3.020027309968138507e-01 5.213928083750568598e-01 1.577150659990896597e-01 1.888939462903959851e-02 0.000000000000000000e+00
5.625000000000000000e+03 2.249951318686593815e-01 3.054164770141101770e-01 5.176376877560309175e-01 1.565771506599908935e-01 2.036868456986800149e-02 0.000000000000000000e+00
5.650000000000000000e+03 2.259951102325201688e-01 3.035958124715520956e-01 5.169549385525716856e-01 1.591943559399180697e-01 2.025489303595812488e-02 0.000000000000000000e+00
5.675000000000000000e+03 2.269950885963809561e-01 3.039371870732817671e-01 5.197997269003186149e-01 1.583978152025489194e-01 1.786527082385070547e-02 0.000000000000000000e+00
