# itime ezz other fcc hcp bcc ico
0.000000000000000000e+00 0.000000000000000000e+00 0.000000000000000000e+00 1.000000000000000000e+00 0.000000000000000000e+00 0.000000000000000000e+00 0.000000000000000000e+00
2.500000000000000000e+02 1.000001535622896398e-02 0.000000000000000000e+00 1.000000000000000000e+00 0.000000000000000000e+00 0.000000000000000000e+00 0.000000000000000000e+00
5.000000000000000000e+02 2.000003071245770592e-02 0.000000000000000000e+00 1.000000000000000000e+00 0.000000000000000000e+00 0.000000000000000000e+00 0.000000000000000000e+00
7.500000000000000000e+02 3.000004606868666990e-02 0.000000000000000000e+00 1.000000000000000000e+00 0.000000000000000000e+00 0.000000000000000000e+00 0.000000000000000000e+00
1.000000000000000000e+03 4.000006142491563388e-02 0.000000000000000000e+00 1.000000000000000000e+00 0.000000000000000000e+00 0.000000000000000000e+00 0.000000000000000000e+00
1.250000000000000000e+03 5.000007678114437581e-02 0.000000000000000000e+00 1.000000000000000000e+00 0.000000000000000000e+00 0.000000000000000000e+00 0.000000000000000000e+00
1.500000000000000000e+03 6.000009213737333980e-02 0.000000000000000000e+00 1.000000000000000000e+00 0.000000000000000000e+00 0.000000000000000000e+00 0.000000000000000000e+00
1.750000000000000000e+03 7.000010749360208173e-02 3.413746017296313199e-04 9.996586253982703285e-01 0.000000000000000000e+00 0.000000000000000000e+00 0.000000000000000000e+00
2.000000000000000000e+03 8.000012284983104571e-02 4.551661356395084266e-04 9.995448338643604380e-01 0.000000000000000000e+00 0.000000000000000000e+00 0.000000000000000000e+00
2.250000000000000000e+03 9.000013820606000969e-02 2.275830678197542133e-04 9.997724169321802190e-01 0.000000000000000000e+00 0.000000000000000000e+00 0.000000000000000000e+00
2.500000000000000000e+03 1.000001535622887516e-01 3.186162949476558769e-03 9.962448793809740577e-01 0.000000000000000000e+00 5.689576695493854790e-04 0.000000000000000000e+00
2.750000000000000000e+03 1.100001689185177156e-01 7.510241238051888930e-03 9.920345926263085534e-01 0.000000000000000000e+00 4.551661356395084266e-04 0.000000000000000000e+00
3.000000000000000000e+03 1.200001842747466796e-01 9.615384615384615918e-02 8.245334547109695045e-01 0.000000000000000000e+00 7.931269913518433634e-02 0.000000000000000000e+00
3.250000000000000000e+03 1.300001996309754215e-01 3.347746927628584279e-01 1.730769230769230727e-01 1.593081474738279385e-03 4.905553026854801990e-01 0.000000000000000000e+00
3.500000000000000000e+03 1.400002149872043855e-01 3.507055075102412656e-01 1.840009103322712836e-01 1.073054164770141095e-01 3.579881656804733692e-01 0.000000000000000000e+00
3.750000000000000000e+03 1.500002303434331274e-01 3.911015020482476179e-01 2.434000910332271284e-01 2.149522075557578626e-01 1.505461993627674189e-01 0.000000000000000000e+00
4.000000000000000000e+03 1.600002456996620914e-01 3.979289940828402150e-01 2.749203459262630767e-01 2.263313609467455523e-01 1.008192990441511144e-01 0.000000000000000000e+00
4.250000000000000000e+03 1.700002610558910554e-01 4.070323167956304000e-01 2.939235320892125691e-01 2.353208921256258468e-01 6.372325898953118406e-02 0.000000000000000000e+00
4.500000000000000000e+03 1.800002764121197973e-01 3.977014110150204895e-01 3.164542558033682229e-01 2.497724169321802468e-01 3.607191624943104080e-02 0.000000000000000000e+00
4.750000000000000000e+03 1.900002917683487613e-01 3.916704597177970149e-01 3.268092853891670369e-01 2.568274920345926526e-01 2.469276285844333035e-02 0.000000000000000000e+00
5.000000000000000000e+03 2.000003071245777253e-01 3.839326354119253493e-01 3.438780154756486129e-01 2.473827947200728239e-01 2.480655439235321044e-02 0.000000000000000000e+00
5.250000000000000000e+03 2.100003224808064672e-01 3.847291761492944717e-01 3.418297678652708060e-01 2.495448338643604935e-01 2.389622212107419055e-02 0.000000000000000000e+00
5.500000000000000000e+03 2.200003378370354312e-01 3.826809285389167203e-01 3.354574419663177154e-01 2.636549840691852498e-01 1.820664542558033533e-02 0.000000000000000000e+00
5.750000000000000000e+03 2.300003531932641732e-01 3.690259444697314706e-01 3.525261720527992915e-01 2.600136549840691980e-01 1.843422849340009204e-02 0.000000000000000000e+00
6.000000000000000000e+03 2.400003685494931371e-01 3.649294492489758568e-01 3.525261720527992915e-01 2.631998179335457433e-01 1.934456076467910846e-02 0.000000000000000000e+00
6.250000000000000000e+03 2.500003839057221011e-01 3.584433318161128756e-01 3.569640418752844657e-01 2.658170232134728916e-01 1.877560309512972189e-02 0.000000000000000000e+00
6.500000000000000000e+03 2.600003992619508431e-01 3.576467910787437532e-01 3.703914428766499900e-01 2.547792444242148457e-01 1.718252162039144229e-02 0.000000000000000000e+00
6.750000000000000000e+03 2.700004146181798070e-01 3.633363677742376119e-01 4.015703231679563223e-01 2.189349112426035582e-01 1.615839781520254925e-02 0.000000000000000000e+00
7.000000000000000000e+03 2.800004299744087710e-01 3.280609922621757213e-01 4.525489303595812696e-01 2.056213017751479244e-01 1.376877560309512985e-02 0.000000000000000000e+00
7.250000000000000000e+03 2.900004453306375130e-01 2.934683659535730627e-01 4.924897587619481154e-01 1.997041420118343125e-01 1.433773327264451468e-02 0.000000000000000000e+00
7.500000000000000000e+03 3.000004606868664769e-01 2.761720527992717611e-01 5.058033682294037492e-01 2.053937187073281712e-01 1.263086026399635846e-02 0.000000000000000000e+00
7.750000000000000000e+03 3.100004760430952189e-01 2.655894401456531662e-01 5.111515703231679364e-01 2.106281292671825234e-01 1.263086026399635846e-02 0.000000000000000000e+00
8.000000000000000000e+03 3.200004913993241829e-01 2.643377332726445372e-01 5.058033682294037492e-01 2.151797906235776159e-01 1.467910787437414627e-02 0.000000000000000000e+00
8.250000000000000000e+03 3.300005067555531468e-01 2.643377332726445372e-01 4.952207555757851543e-01 2.275830678197542090e-01 1.285844333181611343e-02 0.000000000000000000e+00
8.500000000000000000e+03 3.400005221117818888e-01 2.614929449248976079e-01 4.967000455166135642e-01 2.271279016841147025e-01 1.467910787437414627e-02 0.000000000000000000e+00
8.750000000000000000e+03 3.500005374680108527e-01 2.547792444242148457e-01 5.080791989076012261e-01 2.281520254893036059e-01 8.989531178880291046e-03 0.000000000000000000e+00
9.000000000000000000e+03 3.600005528242398167e-01 2.624032771961766208e-01 5.199135184342285054e-01 2.074419663177059503e-01 1.024123805188893906e-02 0.000000000000000000e+00
9.250000000000000000e+03 3.700005681804685587e-01 2.824305871643149612e-01 5.106964041875284854e-01 1.906008192990441552e-01 1.627218934911242587e-02 0.000000000000000000e+00
9.500000000000000000e+03 3.800005835366975226e-01 2.660446062812926726e-01 5.183204369594902605e-01 1.991351843422849432e-01 1.649977241693217911e-02 0.000000000000000000e+00
9.750000000000000000e+03 3.900005988929262646e-01 2.444242148384160318e-01 5.638370505234410190e-01 1.751251706873008518e-01 1.661356395084205573e-02 0.000000000000000000e+00
1.000000000000000000e+04 4.000006142491552286e-01 2.484069185252617273e-01 5.754437869822485174e-01 1.627218934911242587e-01 1.342740100136549826e-02 0.000000000000000000e+00
1.025000000000000000e+04 4.100006296053841925e-01 2.441966317705962786e-01 5.917159763313609711e-01 1.453117888029130667e-01 1.877560309512972189e-02 0.000000000000000000e+00
1.050000000000000000e+04 4.200006449616129345e-01 2.461310878470641672e-01 6.117432862994993670e-01 1.321119708693673234e-01 1.001365498406918582e-02 0.000000000000000000e+00
1.075000000000000000e+04 4.300006603178416764e-01 2.258761948111060458e-01 6.428083750568958088e-01 1.238051888939462886e-01 7.510241238051888930e-03 0.000000000000000000e+00
1.100000000000000000e+04 4.400006756740708624e-01 2.127901684114701930e-01 6.627218934911243142e-01 1.162949476558944040e-01 8.192990441511151245e-03 0.000000000000000000e+00
1.125000000000000000e+04 4.500006910302998264e-01 2.022075557578516258e-01 6.946973145197997690e-01 9.808830223031406170e-02 5.006827492034592909e-03 0.000000000000000000e+00
1.150000000000000000e+04 4.600007063865285684e-01 2.045971779699590487e-01 6.879836140191170069e-01 1.004779244424214846e-01 6.941283568502503235e-03 0.000000000000000000e+00
1.175000000000000000e+04 4.700007217427573103e-01 1.968593536640873831e-01 6.904870277651342647e-01 1.037778789258079204e-01 8.875739644970414427e-03 0.000000000000000000e+00
1.200000000000000000e+04 4.800007370989862743e-01 2.014110150204824756e-01 6.804733727810651223e-01 1.108329540282202985e-01 7.282658170232134826e-03 0.000000000000000000e+00
1.225000000000000000e+04 4.900007524552152383e-01 2.042558033682294050e-01 6.615839781520255203e-01 1.279016841147018746e-01 6.258534365043240920e-03 0.000000000000000000e+00
1.250000000000000000e+04 5.000007678114439802e-01 2.071005917159763343e-01 6.626081019572144237e-01 1.247155211652253015e-01 5.575785161583977738e-03 0.000000000000000000e+00
1.275000000000000000e+04 5.100007831676727221e-01 2.074419663177059503e-01 6.555530268548019901e-01 1.298361401911697632e-01 7.168866636322257339e-03 0.000000000000000000e+00
1.300000000000000000e+04 5.200007985239019082e-01 2.093764223941738667e-01 6.384842967683204140e-01 1.437187073281747940e-01 8.420573509330906217e-03 0.000000000000000000e+00
1.325000000000000000e+04 5.300008138801308721e-01 2.328174783796085612e-01 5.992262175694128556e-01 1.594219390077378229e-01 8.534365043240782836e-03 0.000000000000000000e+00
1.350000000000000000e+04 5.400008292363596141e-01 2.279244424214838527e-01 6.019572143832498945e-01 1.607874374146563423e-01 9.330905780609922637e-03 0.000000000000000000e+00
1.375000000000000000e+04 5.500008445925883560e-01 2.066454255803368278e-01 6.206190259444697155e-01 1.645425580336822846e-01 8.192990441511151245e-03 0.000000000000000000e+00
1.400000000000000000e+04 5.600008599488173200e-01 1.958352298588985074e-01 6.326809285389166648e-01 1.637460172963131622e-01 7.737824305871643035e-03 0.000000000000000000e+00
1.425000000000000000e+04 5.700008753050462840e-01 1.827492034592626269e-01 6.510013654984069253e-01 1.593081474738279601e-01 6.941283568502503235e-03 0.000000000000000000e+00
1.450000000000000000e+04 5.800008906612750259e-01 1.780837505689576716e-01 6.598771051433773849e-01 1.572598998634501533e-01 4.779244424214838804e-03 0.000000000000000000e+00
1.475000000000000000e+04 5.900009060175037678e-01 1.825216203914428736e-01 6.547564861174328676e-01 1.572598998634501533e-01 5.461993627674101119e-03 0.000000000000000000e+00
1.500000000000000000e+04 6.000009213737329539e-01 1.814974965862539702e-01 6.512289485662267063e-01 1.621529358215748617e-01 5.120619025944469528e-03 0.000000000000000000e+00
1.525000000000000000e+04 6.100009367299619178e-01 1.884387801547564856e-01 6.381429221665908535e-01 1.644287664997724219e-01 8.989531178880291046e-03 0.000000000000000000e+00
1.550000000000000000e+04 6.200009520861906598e-01 1.989076012744651900e-01 6.273327264451524776e-01 1.664770141101502010e-01 7.282658170232134826e-03 0.000000000000000000e+00
1.575000000000000000e+04 6.300009674424194017e-01 2.008420573509330787e-01 6.268775603095130267e-01 1.632908511606736557e-01 8.989531178880291046e-03 0.000000000000000000e+00
1.600000000000000000e+04 6.400009827986483657e-01 2.084660901228948537e-01 6.160673645880746507e-01 1.673873463814292140e-01 8.079198907601274626e-03 0.000000000000000000e+00
1.625000000000000000e+04 6.500009981548773297e-01 2.229176149294492537e-01 6.025261720527992360e-01 1.679563040509786109e-01 6.599908966772872511e-03 0.000000000000000000e+00
1.650000000000000000e+04 6.600010135111060716e-01 2.391898042785616796e-01 5.933090578060992160e-01 1.576012744651797970e-01 9.899863450159307465e-03 0.000000000000000000e+00
1.675000000000000000e+04 6.700010288673348136e-01 2.530723714155666548e-01 5.764679107874374209e-01 1.607874374146563423e-01 9.672280382339554228e-03 0.000000000000000000e+00
1.700000000000000000e+04 6.800010442235639996e-01 2.556895766954938587e-01 5.534820209376422051e-01 1.829767865270823801e-01 7.851615839781519654e-03 0.000000000000000000e+00
1.725000000000000000e+04 6.900010595797929636e-01 2.635411925352753593e-01 5.763541192535275304e-01 1.523668639053254448e-01 7.737824305871643035e-03 0.000000000000000000e+00
1.750000000000000000e+04 7.000010749360217055e-01 2.643377332726445372e-01 6.062812926718251783e-01 1.214155666818388657e-01 7.965407373691398007e-03 0.000000000000000000e+00
1.775000000000000000e+04 7.100010902922504474e-01 2.555757851615839682e-01 6.016158397815202230e-01 1.317705962676376796e-01 1.103777878925807886e-02 0.000000000000000000e+00
1.800000000000000000e+04 7.200011056484794114e-01 2.613791533909877174e-01 5.861401911697770029e-01 1.439462903959945472e-01 8.534365043240782836e-03 0.000000000000000000e+00
1.825000000000000000e+04 7.300011210047083754e-01 2.502275830678197810e-01 5.850022758306782089e-01 1.555530268548019901e-01 9.217114246700046018e-03 0.000000000000000000e+00
1.850000000000000000e+04 7.400011363609371173e-01 2.517068730086481354e-01 5.851160673645880994e-01 1.548702776513427304e-01 8.306781975421027864e-03 0.000000000000000000e+00
1.875000000000000000e+04 7.500011517171658593e-01 2.465862539827036737e-01 5.908056440600819581e-01 1.522530723714155543e-01 1.035502958579881741e-02 0.000000000000000000e+00
1.900000000000000000e+04 7.600011670733950453e-01 2.552344105598543522e-01 5.791989076012744597e-01 1.595357305416477134e-01 6.030951297223486815e-03 0.000000000000000000e+00
1.925000000000000000e+04 7.700011824296240093e-01 2.463586709148839204e-01 5.892125625853436022e-01 1.570323167956304000e-01 7.396449704142011444e-03 0.000000000000000000e+00
1.950000000000000000e+04 7.800011977858527512e-01 2.514792899408284099e-01 5.946745562130177909e-01 1.478152025489303523e-01 6.030951297223486815e-03 0.000000000000000000e+00
1.975000000000000000e+04 7.900012131420814931e-01 2.548930359581247362e-01 5.875056895766954668e-01 1.513427401001365413e-01 6.258534365043240920e-03 0.000000000000000000e+00
2.000000000000000000e+04 8.000012284983104571e-01 2.489758761948110966e-01 5.993400091033227461e-01 1.451979972690031762e-01 6.486117432862995025e-03 0.000000000000000000e+00
2.025000000000000000e+04 8.100012438545394211e-01 2.538689121529358328e-01 5.912608101957214091e-01 1.471324533454710926e-01 7.737824305871643035e-03 0.000000000000000000e+00
2.050000000000000000e+04 8.200012592107681630e-01 2.438552571688666348e-01 6.011606736458807720e-01 1.482703686845698587e-01 6.713700500682749130e-03 0.000000000000000000e+00
2.075000000000000000e+04 8.300012745669969050e-01 2.276968593536640995e-01 6.250568957669548897e-01 1.426945835229858905e-01 4.551661356395083832e-03 0.000000000000000000e+00
2.100000000000000000e+04 8.400012899232260910e-01 2.303140646335912478e-01 6.263086026399635742e-01 1.412152935821574806e-01 2.162039144287664864e-03 0.000000000000000000e+00
2.125000000000000000e+04 8.500013052794550550e-01 2.253072371415566766e-01 6.376877560309512916e-01 1.333636777423759801e-01 3.641329085116067413e-03 0.000000000000000000e+00
2.150000000000000000e+04 8.600013206356837969e-01 2.166590805644059980e-01 6.873008648156576639e-01 9.319526627218935322e-02 2.844788347746927612e-03 0.000000000000000000e+00
2.175000000000000000e+04 8.700013359919125389e-01 2.141556668183887124e-01 6.990213928083750528e-01 8.318161128812016913e-02 3.641329085116067413e-03 0.000000000000000000e+00
2.200000000000000000e+04 8.800013513481415028e-01 1.937869822485207005e-01 7.155211652253072874e-01 8.864360491579426071e-02 2.048247610377787811e-03 0.000000000000000000e+00
2.225000000000000000e+04 8.900013667043704668e-01 1.964041875284478766e-01 7.124487938097405770e-01 8.796085571233500100e-02 3.186162949476558769e-03 0.000000000000000000e+00
2.250000000000000000e+04 9.000013820605992088e-01 1.901456531634046487e-01 7.192762858443332297e-01 8.852981338188438409e-02 2.048247610377787811e-03 0.000000000000000000e+00
2.275000000000000000e+04 9.100013974168279507e-01 1.935593991807009473e-01 7.085798816568047442e-01 9.421939007737824279e-02 3.641329085116067413e-03 0.000000000000000000e+00
2.300000000000000000e+04 9.200014127730571367e-01 1.952662721893491105e-01 6.887801547564861293e-01 1.118570778334091881e-01 4.096495220755575623e-03 0.000000000000000000e+00
2.325000000000000000e+04 9.300014281292861007e-01 1.982248520710059303e-01 6.713700500682748817e-01 1.244879380974055483e-01 5.917159763313609329e-03 0.000000000000000000e+00
2.350000000000000000e+04 9.400014434855148426e-01 2.058488848429676776e-01 6.185707783340919086e-01 1.643149749658625314e-01 1.126536185707783383e-02 0.000000000000000000e+00
2.375000000000000000e+04 9.500014588417435846e-01 2.077833409194355940e-01 5.784023668639053373e-01 2.071005917159763343e-01 6.713700500682749130e-03 0.000000000000000000e+00
2.400000000000000000e+04 9.600014741979725486e-01 2.075557578516158408e-01 5.720300409649522466e-01 2.140418752844788219e-01 6.372325898953117539e-03 0.000000000000000000e+00
2.425000000000000000e+04 9.700014895542015125e-01 2.109695038689121394e-01 5.682749203459263043e-01 2.121074192080109333e-01 8.648156577150659455e-03 0.000000000000000000e+00
2.450000000000000000e+04 9.800015049104302545e-01 2.203004096495220776e-01 5.751024123805188459e-01 1.952662721893491105e-01 9.330905780609922637e-03 0.000000000000000000e+00
2.475000000000000000e+04 9.900015202666589964e-01 2.373691397360036537e-01 5.574647246244879284e-01 1.929904415111515781e-01 1.217569412835685025e-02 0.000000000000000000e+00
2.500000000000000000e+04 1.000001535622887960e+00 2.389622212107419263e-01 5.682749203459263043e-01 1.861629494765589532e-01 6.599908966772872511e-03 0.000000000000000000e+00
