# itime ezz other fcc hcp bcc ico
0.000000000000000000e+00 0.000000000000000000e+00 0.000000000000000000e+00 1.000000000000000000e+00 0.000000000000000000e+00 0.000000000000000000e+00 0.000000000000000000e+00
2.500000000000000000e+01 9.999816740022815509e-04 0.000000000000000000e+00 1.000000000000000000e+00 0.000000000000000000e+00 0.000000000000000000e+00 0.000000000000000000e+00
5.000000000000000000e+01 1.999963348004341057e-03 0.000000000000000000e+00 1.000000000000000000e+00 0.000000000000000000e+00 0.000000000000000000e+00 0.000000000000000000e+00
7.500000000000000000e+01 2.999945022006622608e-03 0.000000000000000000e+00 1.000000000000000000e+00 0.000000000000000000e+00 0.000000000000000000e+00 0.000000000000000000e+00
1.000000000000000000e+02 3.999926696008904159e-03 0.000000000000000000e+00 1.000000000000000000e+00 0.000000000000000000e+00 0.000000000000000000e+00 0.000000000000000000e+00
1.250000000000000000e+02 4.999908370011185710e-03 0.000000000000000000e+00 1.000000000000000000e+00 0.000000000000000000e+00 0.000000000000000000e+00 0.000000000000000000e+00
1.500000000000000000e+02 5.999890044013245216e-03 0.000000000000000000e+00 1.000000000000000000e+00 0.000000000000000000e+00 0.000000000000000000e+00 0.000000000000000000e+00
1.750000000000000000e+02 6.999871718015526767e-03 0.000000000000000000e+00 1.000000000000000000e+00 0.000000000000000000e+00 0.000000000000000000e+00 0.000000000000000000e+00
2.000000000000000000e+02 7.999853392017808318e-03 0.000000000000000000e+00 1.000000000000000000e+00 0.000000000000000000e+00 0.000000000000000000e+00 0.000000000000000000e+00
2.250000000000000000e+02 8.999835066020089869e-03 0.000000000000000000e+00 1.000000000000000000e+00 0.000000000000000000e+00 0.000000000000000000e+00 0.000000000000000000e+00
2.500000000000000000e+02 9.999816740022149375e-03 0.000000000000000000e+00 1.000000000000000000e+00 0.000000000000000000e+00 0.000000000000000000e+00 0.000000000000000000e+00
2.750000000000000000e+02 1.099979841402443093e-02 0.000000000000000000e+00 1.000000000000000000e+00 0.000000000000000000e+00 0.000000000000000000e+00 0.000000000000000000e+00
3.000000000000000000e+02 1.199978008802671248e-02 0.000000000000000000e+00 1.000000000000000000e+00 0.000000000000000000e+00 0.000000000000000000e+00 0.000000000000000000e+00
3.250000000000000000e+02 1.299976176202899403e-02 0.000000000000000000e+00 1.000000000000000000e+00 0.000000000000000000e+00 0.000000000000000000e+00 0.000000000000000000e+00
3.500000000000000000e+02 1.399974343603105353e-02 0.000000000000000000e+00 1.000000000000000000e+00 0.000000000000000000e+00 0.000000000000000000e+00 0.000000000000000000e+00
3.750000000000000000e+02 1.499972511003333508e-02 0.000000000000000000e+00 1.000000000000000000e+00 0.000000000000000000e+00 0.000000000000000000e+00 0.000000000000000000e+00
4.000000000000000000e+02 1.599970678403561664e-02 0.000000000000000000e+00 1.000000000000000000e+00 0.000000000000000000e+00 0.000000000000000000e+00 0.000000000000000000e+00
4.250000000000000000e+02 1.699968845803789819e-02 0.000000000000000000e+00 1.000000000000000000e+00 0.000000000000000000e+00 0.000000000000000000e+00 0.000000000000000000e+00
4.500000000000000000e+02 1.799967013203995769e-02 0.000000000000000000e+00 1.000000000000000000e+00 0.000000000000000000e+00 0.000000000000000000e+00 0.000000000000000000e+00
4.750000000000000000e+02 1.899965180604223924e-02 0.000000000000000000e+00 1.000000000000000000e+00 0.000000000000000000e+00 0.000000000000000000e+00 0.000000000000000000e+00
5.000000000000000000e+02 1.999963348004452079e-02 0.000000000000000000e+00 1.000000000000000000e+00 0.000000000000000000e+00 0.000000000000000000e+00 0.000000000000000000e+00
5.250000000000000000e+02 2.099961515404658030e-02 0.000000000000000000e+00 1.000000000000000000e+00 0.000000000000000000e+00 0.000000000000000000e+00 0.000000000000000000e+00
5.500000000000000000e+02 2.199959682804886185e-02 0.000000000000000000e+00 1.000000000000000000e+00 0.000000000000000000e+00 0.000000000000000000e+00 0.000000000000000000e+00
5.750000000000000000e+02 2.299957850205114340e-02 0.000000000000000000e+00 1.000000000000000000e+00 0.000000000000000000e+00 0.000000000000000000e+00 0.000000000000000000e+00
6.000000000000000000e+02 2.399956017605342495e-02 0.000000000000000000e+00 1.000000000000000000e+00 0.000000000000000000e+00 0.000000000000000000e+00 0.000000000000000000e+00
6.250000000000000000e+02 2.499954185005548446e-02 0.000000000000000000e+00 1.000000000000000000e+00 0.000000000000000000e+00 0.000000000000000000e+00 0.000000000000000000e+00
6.500000000000000000e+02 2.599952352405776601e-02 0.000000000000000000e+00 1.000000000000000000e+00 0.000000000000000000e+00 0.000000000000000000e+00 0.000000000000000000e+00
6.750000000000000000e+02 2.699950519806004756e-02 0.000000000000000000e+00 1.000000000000000000e+00 0.000000000000000000e+00 0.000000000000000000e+00 0.000000000000000000e+00
7.000000000000000000e+02 2.799948687206232911e-02 0.000000000000000000e+00 1.000000000000000000e+00 0.000000000000000000e+00 0.000000000000000000e+00 0.000000000000000000e+00
7.250000000000000000e+02 2.899946854606438862e-02 0.000000000000000000e+00 1.000000000000000000e+00 0.000000000000000000e+00 0.000000000000000000e+00 0.000000000000000000e+00
7.500000000000000000e+02 2.999945022006667017e-02 0.000000000000000000e+00 1.000000000000000000e+00 0.000000000000000000e+00 0.000000000000000000e+00 0.000000000000000000e+00
7.750000000000000000e+02 3.099943189406895172e-02 0.000000000000000000e+00 1.000000000000000000e+00 0.000000000000000000e+00 0.000000000000000000e+00 0.000000000000000000e+00
8.000000000000000000e+02 3.199941356807123327e-02 0.000000000000000000e+00 1.000000000000000000e+00 0.000000000000000000e+00 0.000000000000000000e+00 0.000000000000000000e+00
8.250000000000000000e+02 3.299939524207329278e-02 0.000000000000000000e+00 1.000000000000000000e+00 0.000000000000000000e+00 0.000000000000000000e+00 0.000000000000000000e+00
8.500000000000000000e+02 3.399937691607557433e-02 0.000000000000000000e+00 1.000000000000000000e+00 0.000000000000000000e+00 0.000000000000000000e+00 0.000000000000000000e+00
8.750000000000000000e+02 3.499935859007785588e-02 0.000000000000000000e+00 1.000000000000000000e+00 0.000000000000000000e+00 0.000000000000000000e+00 0.000000000000000000e+00
9.000000000000000000e+02 3.599934026408013743e-02 0.000000000000000000e+00 1.000000000000000000e+00 0.000000000000000000e+00 0.000000000000000000e+00 0.000000000000000000e+00
9.250000000000000000e+02 3.699932193808219694e-02 0.000000000000000000e+00 1.000000000000000000e+00 0.000000000000000000e+00 0.000000000000000000e+00 0.000000000000000000e+00
9.500000000000000000e+02 3.799930361208447849e-02 0.000000000000000000e+00 1.000000000000000000e+00 0.000000000000000000e+00 0.000000000000000000e+00 0.000000000000000000e+00
9.750000000000000000e+02 3.899928528608676004e-02 0.000000000000000000e+00 1.000000000000000000e+00 0.000000000000000000e+00 0.000000000000000000e+00 0.000000000000000000e+00
1.000000000000000000e+03 3.999926696008881954e-02 0.000000000000000000e+00 1.000000000000000000e+00 0.000000000000000000e+00 0.000000000000000000e+00 0.000000000000000000e+00
1.025000000000000000e+03 4.099924863409110110e-02 0.000000000000000000e+00 1.000000000000000000e+00 0.000000000000000000e+00 0.000000000000000000e+00 0.000000000000000000e+00
1.050000000000000000e+03 4.199923030809338265e-02 0.000000000000000000e+00 1.000000000000000000e+00 0.000000000000000000e+00 0.000000000000000000e+00 0.000000000000000000e+00
1.075000000000000000e+03 4.299921198209566420e-02 0.000000000000000000e+00 1.000000000000000000e+00 0.000000000000000000e+00 0.000000000000000000e+00 0.000000000000000000e+00
1.100000000000000000e+03 4.399919365609772370e-02 0.000000000000000000e+00 1.000000000000000000e+00 0.000000000000000000e+00 0.000000000000000000e+00 0.000000000000000000e+00
1.125000000000000000e+03 4.499917533010000525e-02 0.000000000000000000e+00 1.000000000000000000e+00 0.000000000000000000e+00 0.000000000000000000e+00 0.000000000000000000e+00
1.150000000000000000e+03 4.599915700410228681e-02 0.000000000000000000e+00 1.000000000000000000e+00 0.000000000000000000e+00 0.000000000000000000e+00 0.000000000000000000e+00
1.175000000000000000e+03 4.699913867810456836e-02 0.000000000000000000e+00 1.000000000000000000e+00 0.000000000000000000e+00 0.000000000000000000e+00 0.000000000000000000e+00
1.200000000000000000e+03 4.799912035210662786e-02 0.000000000000000000e+00 1.000000000000000000e+00 0.000000000000000000e+00 0.000000000000000000e+00 0.000000000000000000e+00
1.225000000000000000e+03 4.899910202610890941e-02 0.000000000000000000e+00 1.000000000000000000e+00 0.000000000000000000e+00 0.000000000000000000e+00 0.000000000000000000e+00
1.250000000000000000e+03 4.999908370011119096e-02 0.000000000000000000e+00 1.000000000000000000e+00 0.000000000000000000e+00 0.000000000000000000e+00 0.000000000000000000e+00
1.275000000000000000e+03 5.099906537411347252e-02 0.000000000000000000e+00 1.000000000000000000e+00 0.000000000000000000e+00 0.000000000000000000e+00 0.000000000000000000e+00
1.300000000000000000e+03 5.199904704811553202e-02 0.000000000000000000e+00 1.000000000000000000e+00 0.000000000000000000e+00 0.000000000000000000e+00 0.000000000000000000e+00
1.325000000000000000e+03 5.299902872211781357e-02 0.000000000000000000e+00 1.000000000000000000e+00 0.000000000000000000e+00 0.000000000000000000e+00 0.000000000000000000e+00
1.350000000000000000e+03 5.399901039612009512e-02 0.000000000000000000e+00 1.000000000000000000e+00 0.000000000000000000e+00 0.000000000000000000e+00 0.000000000000000000e+00
1.375000000000000000e+03 5.499899207012237667e-02 0.000000000000000000e+00 1.000000000000000000e+00 0.000000000000000000e+00 0.000000000000000000e+00 0.000000000000000000e+00
1.400000000000000000e+03 5.599897374412443618e-02 0.000000000000000000e+00 1.000000000000000000e+00 0.000000000000000000e+00 0.000000000000000000e+00 0.000000000000000000e+00
1.425000000000000000e+03 5.699895541812671773e-02 0.000000000000000000e+00 1.000000000000000000e+00 0.000000000000000000e+00 0.000000000000000000e+00 0.000000000000000000e+00
1.450000000000000000e+03 5.799893709212899928e-02 0.000000000000000000e+00 1.000000000000000000e+00 0.000000000000000000e+00 0.000000000000000000e+00 0.000000000000000000e+00
1.475000000000000000e+03 5.899891876613105879e-02 0.000000000000000000e+00 1.000000000000000000e+00 0.000000000000000000e+00 0.000000000000000000e+00 0.000000000000000000e+00
1.500000000000000000e+03 5.999890044013334034e-02 4.551661356395084266e-04 9.995448338643604380e-01 0.000000000000000000e+00 0.000000000000000000e+00 0.000000000000000000e+00
1.525000000000000000e+03 6.099888211413562189e-02 0.000000000000000000e+00 1.000000000000000000e+00 0.000000000000000000e+00 0.000000000000000000e+00 0.000000000000000000e+00
1.550000000000000000e+03 6.199886378813790344e-02 0.000000000000000000e+00 1.000000000000000000e+00 0.000000000000000000e+00 0.000000000000000000e+00 0.000000000000000000e+00
1.575000000000000000e+03 6.299884546213996295e-02 0.000000000000000000e+00 1.000000000000000000e+00 0.000000000000000000e+00 0.000000000000000000e+00 0.000000000000000000e+00
1.600000000000000000e+03 6.399882713614224450e-02 0.000000000000000000e+00 1.000000000000000000e+00 0.000000000000000000e+00 0.000000000000000000e+00 0.000000000000000000e+00
1.625000000000000000e+03 6.499880881014452605e-02 0.000000000000000000e+00 1.000000000000000000e+00 0.000000000000000000e+00 0.000000000000000000e+00 0.000000000000000000e+00
1.650000000000000000e+03 6.599879048414680760e-02 0.000000000000000000e+00 1.000000000000000000e+00 0.000000000000000000e+00 0.000000000000000000e+00 0.000000000000000000e+00
1.675000000000000000e+03 6.699877215814886711e-02 0.000000000000000000e+00 1.000000000000000000e+00 0.000000000000000000e+00 0.000000000000000000e+00 0.000000000000000000e+00
1.700000000000000000e+03 6.799875383215114866e-02 0.000000000000000000e+00 1.000000000000000000e+00 0.000000000000000000e+00 0.000000000000000000e+00 0.000000000000000000e+00
1.725000000000000000e+03 6.899873550615343021e-02 0.000000000000000000e+00 1.000000000000000000e+00 0.000000000000000000e+00 0.000000000000000000e+00 0.000000000000000000e+00
1.750000000000000000e+03 6.999871718015571176e-02 0.000000000000000000e+00 1.000000000000000000e+00 0.000000000000000000e+00 0.000000000000000000e+00 0.000000000000000000e+00
1.775000000000000000e+03 7.099869885415777127e-02 0.000000000000000000e+00 1.000000000000000000e+00 0.000000000000000000e+00 0.000000000000000000e+00 0.000000000000000000e+00
1.800000000000000000e+03 7.199868052816005282e-02 4.551661356395084266e-04 9.995448338643604380e-01 0.000000000000000000e+00 0.000000000000000000e+00 0.000000000000000000e+00
1.825000000000000000e+03 7.299866220216233437e-02 0.000000000000000000e+00 1.000000000000000000e+00 0.000000000000000000e+00 0.000000000000000000e+00 0.000000000000000000e+00
1.850000000000000000e+03 7.399864387616439387e-02 4.551661356395084266e-04 9.995448338643604380e-01 0.000000000000000000e+00 0.000000000000000000e+00 0.000000000000000000e+00
1.875000000000000000e+03 7.499862555016667542e-02 4.551661356395084266e-04 9.995448338643604380e-01 0.000000000000000000e+00 0.000000000000000000e+00 0.000000000000000000e+00
1.900000000000000000e+03 7.599860722416895698e-02 4.551661356395084266e-04 9.995448338643604380e-01 0.000000000000000000e+00 0.000000000000000000e+00 0.000000000000000000e+00
1.925000000000000000e+03 7.699858889817123853e-02 1.365498406918525280e-03 9.986345015930814251e-01 0.000000000000000000e+00 0.000000000000000000e+00 0.000000000000000000e+00
1.950000000000000000e+03 7.799857057217329803e-02 0.000000000000000000e+00 1.000000000000000000e+00 0.000000000000000000e+00 0.000000000000000000e+00 0.000000000000000000e+00
1.975000000000000000e+03 7.899855224617557958e-02 3.413746017296313199e-04 9.996586253982703285e-01 0.000000000000000000e+00 0.000000000000000000e+00 0.000000000000000000e+00
2.000000000000000000e+03 7.999853392017786113e-02 4.551661356395084266e-04 9.995448338643604380e-01 0.000000000000000000e+00 0.000000000000000000e+00 0.000000000000000000e+00
2.025000000000000000e+03 8.099851559418014268e-02 0.000000000000000000e+00 1.000000000000000000e+00 0.000000000000000000e+00 0.000000000000000000e+00 0.000000000000000000e+00
2.050000000000000000e+03 8.199849726818220219e-02 4.551661356395084266e-04 9.994310423304506585e-01 0.000000000000000000e+00 1.137915339098771066e-04 0.000000000000000000e+00
2.075000000000000000e+03 8.299847894218448374e-02 6.827492034592626399e-04 9.993172507965407680e-01 0.000000000000000000e+00 0.000000000000000000e+00 0.000000000000000000e+00
2.100000000000000000e+03 8.399846061618676529e-02 0.000000000000000000e+00 1.000000000000000000e+00 0.000000000000000000e+00 0.000000000000000000e+00 0.000000000000000000e+00
2.125000000000000000e+03 8.499844229018904684e-02 9.103322712790168532e-04 9.990896677287209870e-01 0.000000000000000000e+00 0.000000000000000000e+00 0.000000000000000000e+00
2.150000000000000000e+03 8.599842396419110635e-02 4.551661356395084266e-04 9.994310423304506585e-01 0.000000000000000000e+00 1.137915339098771066e-04 0.000000000000000000e+00
2.175000000000000000e+03 8.699840563819338790e-02 7.965407373691396923e-04 9.990896677287209870e-01 0.000000000000000000e+00 1.137915339098771066e-04 0.000000000000000000e+00
2.200000000000000000e+03 8.799838731219566945e-02 4.551661356395084266e-04 9.994310423304506585e-01 0.000000000000000000e+00 1.137915339098771066e-04 0.000000000000000000e+00
2.225000000000000000e+03 8.899836898619795100e-02 3.413746017296313199e-04 9.995448338643604380e-01 0.000000000000000000e+00 1.137915339098771066e-04 0.000000000000000000e+00
2.250000000000000000e+03 8.999835066020001051e-02 5.689576695493854790e-04 9.993172507965407680e-01 0.000000000000000000e+00 1.137915339098771066e-04 0.000000000000000000e+00
2.275000000000000000e+03 9.099833233420229206e-02 9.103322712790168532e-04 9.990896677287209870e-01 0.000000000000000000e+00 0.000000000000000000e+00 0.000000000000000000e+00
2.300000000000000000e+03 9.199831400820457361e-02 1.479289940828402332e-03 9.984069185252617551e-01 0.000000000000000000e+00 1.137915339098771066e-04 0.000000000000000000e+00
2.325000000000000000e+03 9.299829568220663312e-02 1.024123805188893906e-03 9.988620846609012061e-01 0.000000000000000000e+00 1.137915339098771066e-04 0.000000000000000000e+00
2.350000000000000000e+03 9.399827735620891467e-02 1.024123805188893906e-03 9.989758761948110966e-01 0.000000000000000000e+00 0.000000000000000000e+00 0.000000000000000000e+00
2.375000000000000000e+03 9.499825903021119622e-02 2.617205279927173507e-03 9.973827947200728516e-01 0.000000000000000000e+00 0.000000000000000000e+00 0.000000000000000000e+00
2.400000000000000000e+03 9.599824070421347777e-02 7.965407373691396923e-04 9.992034592626308775e-01 0.000000000000000000e+00 0.000000000000000000e+00 0.000000000000000000e+00
2.425000000000000000e+03 9.699822237821553728e-02 1.820664542558033706e-03 9.979517523896221931e-01 0.000000000000000000e+00 2.275830678197542133e-04 0.000000000000000000e+00
2.450000000000000000e+03 9.799820405221781883e-02 1.365498406918525280e-03 9.984069185252617551e-01 0.000000000000000000e+00 2.275830678197542133e-04 0.000000000000000000e+00
2.475000000000000000e+03 9.899818572622010038e-02 2.844788347746927612e-03 9.971552116522530707e-01 0.000000000000000000e+00 0.000000000000000000e+00 0.000000000000000000e+00
2.500000000000000000e+03 9.999816740022238193e-02 2.162039144287664864e-03 9.977241693218024121e-01 0.000000000000000000e+00 1.137915339098771066e-04 0.000000000000000000e+00
2.525000000000000000e+03 1.009981490742244414e-01 3.299954483386436255e-03 9.964724624487938387e-01 0.000000000000000000e+00 2.275830678197542133e-04 0.000000000000000000e+00
2.550000000000000000e+03 1.019981307482267230e-01 1.593081474738279385e-03 9.982931269913518646e-01 0.000000000000000000e+00 1.137915339098771066e-04 0.000000000000000000e+00
2.575000000000000000e+03 1.029981124222290045e-01 2.844788347746927612e-03 9.967000455166135087e-01 0.000000000000000000e+00 4.551661356395084266e-04 0.000000000000000000e+00
2.600000000000000000e+03 1.039980940962312861e-01 3.527537551206190360e-03 9.964724624487938387e-01 0.000000000000000000e+00 0.000000000000000000e+00 0.000000000000000000e+00
2.625000000000000000e+03 1.049980757702333456e-01 3.982703686845699004e-03 9.960172963131542767e-01 0.000000000000000000e+00 0.000000000000000000e+00 0.000000000000000000e+00
2.650000000000000000e+03 1.059980574442356271e-01 2.503413746017296455e-03 9.974965862539827421e-01 0.000000000000000000e+00 0.000000000000000000e+00 0.000000000000000000e+00
2.675000000000000000e+03 1.069980391182379087e-01 5.120619025944469528e-03 9.944242148384160318e-01 0.000000000000000000e+00 4.551661356395084266e-04 0.000000000000000000e+00
2.700000000000000000e+03 1.079980207922401902e-01 5.917159763313609329e-03 9.938552571688666903e-01 0.000000000000000000e+00 2.275830678197542133e-04 0.000000000000000000e+00
2.725000000000000000e+03 1.089980024662422498e-01 4.437869822485207214e-03 9.952207555757851543e-01 0.000000000000000000e+00 3.413746017296313199e-04 0.000000000000000000e+00
2.750000000000000000e+03 1.099979841402445313e-01 9.103322712790167665e-03 9.906690942193900895e-01 0.000000000000000000e+00 2.275830678197542133e-04 0.000000000000000000e+00
2.775000000000000000e+03 1.109979658142468129e-01 8.534365043240782836e-03 9.912380518889394310e-01 0.000000000000000000e+00 2.275830678197542133e-04 0.000000000000000000e+00
2.800000000000000000e+03 1.119979474882488724e-01 7.965407373691398007e-03 9.914656349567592120e-01 0.000000000000000000e+00 5.689576695493854790e-04 0.000000000000000000e+00
2.825000000000000000e+03 1.129979291622511539e-01 1.684114701866181243e-02 9.821347291761493015e-01 0.000000000000000000e+00 1.024123805188893906e-03 0.000000000000000000e+00
2.850000000000000000e+03 1.139979108362534355e-01 1.263086026399635846e-02 9.862312243969049153e-01 0.000000000000000000e+00 1.137915339098770958e-03 0.000000000000000000e+00
2.875000000000000000e+03 1.149978925102557170e-01 1.752389622212107562e-02 9.811106053709603980e-01 0.000000000000000000e+00 1.365498406918525280e-03 0.000000000000000000e+00
2.900000000000000000e+03 1.159978741842577765e-01 1.752389622212107562e-02 9.809968138370505075e-01 0.000000000000000000e+00 1.479289940828402332e-03 0.000000000000000000e+00
2.925000000000000000e+03 1.169978558582600581e-01 1.991351843422849502e-02 9.784934000910332497e-01 0.000000000000000000e+00 1.593081474738279385e-03 0.000000000000000000e+00
2.950000000000000000e+03 1.179978375322623396e-01 2.947200728265816916e-02 9.660901228948566288e-01 0.000000000000000000e+00 4.437869822485207214e-03 0.000000000000000000e+00
2.975000000000000000e+03 1.189978192062646212e-01 4.119253527537550946e-02 9.458352298588984519e-01 0.000000000000000000e+00 1.297223486572599005e-02 0.000000000000000000e+00
3.000000000000000000e+03 1.199978008802666807e-01 6.440600819299044377e-02 9.025944469731451703e-01 0.000000000000000000e+00 3.299954483386435822e-02 0.000000000000000000e+00
3.025000000000000000e+03 1.209977825542689622e-01 1.099226217569412856e-01 8.009786071916249472e-01 0.000000000000000000e+00 8.909877105143376719e-02 0.000000000000000000e+00
3.050000000000000000e+03 1.219977642282712438e-01 1.556668183887118806e-01 6.461083295402821891e-01 0.000000000000000000e+00 1.982248520710059303e-01 0.000000000000000000e+00
3.075000000000000000e+03 1.229977459022735253e-01 2.325898953117888079e-01 4.212562585343650468e-01 0.000000000000000000e+00 3.461538461538461453e-01 0.000000000000000000e+00
3.100000000000000000e+03 1.239977275762755848e-01 3.007510241238051663e-01 2.148384160218479721e-01 2.275830678197542133e-04 4.841829767865271084e-01 0.000000000000000000e+00
3.125000000000000000e+03 1.249977092502778664e-01 3.452435138825671324e-01 1.018434228493400040e-01 2.275830678197542133e-04 5.526854802002730827e-01 0.000000000000000000e+00
3.150000000000000000e+03 1.259976909242801479e-01 3.575329995448338627e-01 6.463359126081019701e-02 1.820664542558033706e-03 5.760127446517978589e-01 0.000000000000000000e+00
3.175000000000000000e+03 1.269976725982824295e-01 3.499089667728720876e-01 7.089212562585343880e-02 3.072371415566681717e-03 5.761265361857077494e-01 0.000000000000000000e+00
3.200000000000000000e+03 1.279976542722844890e-01 3.412608101957214646e-01 1.132225762403277214e-01 4.665452890304961318e-03 5.408511606736459143e-01 0.000000000000000000e+00
3.225000000000000000e+03 1.289976359462867705e-01 3.416021847974510806e-01 1.657942649066909413e-01 3.982703686845699004e-03 4.886208466090122826e-01 0.000000000000000000e+00
3.250000000000000000e+03 1.299976176202890521e-01 3.371643149749658508e-01 1.899180700955848955e-01 5.803368229403732710e-03 4.671142467000455323e-01 0.000000000000000000e+00
3.275000000000000000e+03 1.309975992942911116e-01 3.253299954483386269e-01 1.917387346381429214e-01 9.330905780609922637e-03 4.736003641329085134e-01 0.000000000000000000e+00
3.300000000000000000e+03 1.319975809682933932e-01 3.227127901684114786e-01 1.853664087391898030e-01 1.467910787437414627e-02 4.772416932180245652e-01 0.000000000000000000e+00
3.325000000000000000e+03 1.329975626422956747e-01 3.218024578971324656e-01 1.803595812471552040e-01 2.173418297678652786e-02 4.761037778789258268e-01 0.000000000000000000e+00
3.350000000000000000e+03 1.339975443162979563e-01 3.088302230314064478e-01 1.825216203914428736e-01 2.719617660446062984e-02 4.814519799726900140e-01 0.000000000000000000e+00
3.375000000000000000e+03 1.349975259903000158e-01 3.155439235320892100e-01 1.746700045516613453e-01 3.743741465634956717e-02 4.723486572598998845e-01 0.000000000000000000e+00
3.400000000000000000e+03 1.359975076643022973e-01 3.375056895766954668e-01 1.563495675921711403e-01 5.006827492034592736e-02 4.560764679107874309e-01 0.000000000000000000e+00
3.425000000000000000e+03 1.369974893383045789e-01 3.367091488393263443e-01 1.486117432862995025e-01 6.941283568502502888e-02 4.452662721893491105e-01 0.000000000000000000e+00
3.450000000000000000e+03 1.379974710123068604e-01 3.375056895766954668e-01 1.417842512517068776e-01 8.966772872098316416e-02 4.310423304506144637e-01 0.000000000000000000e+00
3.475000000000000000e+03 1.389974526863089199e-01 3.428538916704597095e-01 1.415566681838871244e-01 9.877105143377332142e-02 4.168183887118798170e-01 0.000000000000000000e+00
3.500000000000000000e+03 1.399974343603112015e-01 3.568502503413745752e-01 1.557806099226217433e-01 1.106053709604005453e-01 3.767637687756030807e-01 0.000000000000000000e+00
3.525000000000000000e+03 1.409974160343134830e-01 3.674328629949931702e-01 1.690942193900773771e-01 1.225534820209376458e-01 3.409194355939917931e-01 0.000000000000000000e+00
3.550000000000000000e+03 1.419973977083157646e-01 3.641329085116067343e-01 1.883249886208466228e-01 1.325671370050068298e-01 3.149749658625398130e-01 0.000000000000000000e+00
3.575000000000000000e+03 1.429973793823178241e-01 3.756258534365043422e-01 1.951524806554392477e-01 1.365498406918525254e-01 2.926718252162039402e-01 0.000000000000000000e+00
3.600000000000000000e+03 1.439973610563201056e-01 3.753982703686845612e-01 2.104005461993627701e-01 1.477014110150204895e-01 2.664997724169321791e-01 0.000000000000000000e+00
3.625000000000000000e+03 1.449973427303223872e-01 3.901911697769686049e-01 2.084660901228948537e-01 1.682976786527082269e-01 2.330450614474283144e-01 0.000000000000000000e+00
3.650000000000000000e+03 1.459973244043246687e-01 3.987255348202093930e-01 2.172280382339553950e-01 1.737596722803823324e-01 2.102867546654528796e-01 0.000000000000000000e+00
3.675000000000000000e+03 1.469973060783267282e-01 4.103322712790168358e-01 2.236003641329085134e-01 1.760355029585798925e-01 1.900318616294947582e-01 0.000000000000000000e+00
3.700000000000000000e+03 1.479972877523290098e-01 3.925807919890760278e-01 2.284934000910332219e-01 1.837733272644515303e-01 1.951524806554392477e-01 0.000000000000000000e+00
3.725000000000000000e+03 1.489972694263312913e-01 3.924670004551661373e-01 2.313381884387801513e-01 1.877560309512972259e-01 1.884387801547564856e-01 0.000000000000000000e+00
3.750000000000000000e+03 1.499972511003333508e-01 3.922394173873463563e-01 2.354346836595357373e-01 1.913973600364132777e-01 1.809285389167046010e-01 0.000000000000000000e+00
3.775000000000000000e+03 1.509972327743356324e-01 3.964497041420118606e-01 2.322485207100591642e-01 1.842284934000910368e-01 1.870732817478379661e-01 0.000000000000000000e+00
3.800000000000000000e+03 1.519972144483379140e-01 3.889394629039599205e-01 2.308830223031406448e-01 1.844560764679107900e-01 1.957214383249886169e-01 0.000000000000000000e+00
3.825000000000000000e+03 1.529971961223401955e-01 3.937187073281747662e-01 2.329312699135184239e-01 1.753527537551206328e-01 1.979972690031861493e-01 0.000000000000000000e+00
3.850000000000000000e+03 1.539971777963422550e-01 3.893946290395994270e-01 2.379380974055530229e-01 1.729631315430132099e-01 1.997041420118343125e-01 0.000000000000000000e+00
3.875000000000000000e+03 1.549971594703445366e-01 3.829085116067364458e-01 2.456759217114246607e-01 1.726217569412835662e-01 1.987938097405552995e-01 0.000000000000000000e+00
3.900000000000000000e+03 1.559971411443468181e-01 3.912152935821575084e-01 2.510241238051889034e-01 1.741010468821119761e-01 1.836595357305416398e-01 0.000000000000000000e+00
3.925000000000000000e+03 1.569971228183490997e-01 3.984979517523896120e-01 2.559171597633135842e-01 1.733045061447428259e-01 1.722803823395539502e-01 0.000000000000000000e+00
3.950000000000000000e+03 1.579971044923511592e-01 3.961083295402821891e-01 2.602412380518889234e-01 1.776285844333181652e-01 1.660218479745106945e-01 0.000000000000000000e+00
3.975000000000000000e+03 1.589970861663534407e-01 4.015703231679563223e-01 2.569412835685024876e-01 1.803595812471552040e-01 1.611288120163859861e-01 0.000000000000000000e+00
4.000000000000000000e+03 1.599970678403557223e-01 4.011151570323168158e-01 2.592171142467000200e-01 1.797906235776058348e-01 1.598771051433773294e-01 0.000000000000000000e+00
4.025000000000000000e+03 1.609970495143580038e-01 4.068047337278106745e-01 2.584205735093308975e-01 1.764906690942193990e-01 1.582840236686390567e-01 0.000000000000000000e+00
4.050000000000000000e+03 1.619970311883600633e-01 4.025944469731451703e-01 2.596722803823395265e-01 1.751251706873008518e-01 1.626081019572143960e-01 0.000000000000000000e+00
4.075000000000000000e+03 1.629970128623623449e-01 3.984979517523896120e-01 2.639963586709148657e-01 1.783113336367774249e-01 1.591943559399180697e-01 0.000000000000000000e+00
4.100000000000000000e+03 1.639969945363646264e-01 3.994082840236686249e-01 2.603550295857988139e-01 1.778561675011379184e-01 1.623805188893946427e-01 0.000000000000000000e+00
4.125000000000000000e+03 1.649969762103669080e-01 4.025944469731451703e-01 2.636549840691852498e-01 1.794492489758761911e-01 1.543013199817933612e-01 0.000000000000000000e+00
4.150000000000000000e+03 1.659969578843689675e-01 4.127218934911242587e-01 2.641101502048247562e-01 1.780837505689576716e-01 1.450842057350933134e-01 0.000000000000000000e+00
4.175000000000000000e+03 1.669969395583712490e-01 4.102184797451069453e-01 2.707100591715976279e-01 1.747837960855712358e-01 1.442876649977241632e-01 0.000000000000000000e+00
4.200000000000000000e+03 1.679969212323735306e-01 4.137460172963131622e-01 2.768548020027309930e-01 1.695493855257168836e-01 1.398497951752389612e-01 0.000000000000000000e+00
4.225000000000000000e+03 1.689969029063755901e-01 4.169321802457897075e-01 2.746927628584433512e-01 1.657942649066909413e-01 1.425807919890760000e-01 0.000000000000000000e+00
4.250000000000000000e+03 1.699968845803778716e-01 4.248975876194810986e-01 2.803823395539372099e-01 1.640873918980427781e-01 1.306326809285389134e-01 0.000000000000000000e+00
4.275000000000000000e+03 1.709968662543801532e-01 4.268320436959490149e-01 2.773099681383704995e-01 1.673873463814292140e-01 1.284706417842512438e-01 0.000000000000000000e+00
4.300000000000000000e+03 1.719968479283824347e-01 4.212562585343650468e-01 2.789030496131087999e-01 1.687528447883477334e-01 1.310878470641784199e-01 0.000000000000000000e+00
4.325000000000000000e+03 1.729968296023844943e-01 4.177287209831588299e-01 2.793582157487483064e-01 1.766044606281292617e-01 1.263086026399635742e-01 0.000000000000000000e+00
4.350000000000000000e+03 1.739968112763867758e-01 4.319526627218934767e-01 2.745789713245334607e-01 1.756941283568502488e-01 1.177742375967228000e-01 0.000000000000000000e+00
4.375000000000000000e+03 1.749967929503890574e-01 4.347974510696404060e-01 2.754893035958124736e-01 1.705735093309057870e-01 1.191397360036413333e-01 0.000000000000000000e+00
4.400000000000000000e+03 1.759967746243913389e-01 4.303595812471552318e-01 2.807237141556668258e-01 1.754665452890304955e-01 1.134501593081474746e-01 0.000000000000000000e+00
4.425000000000000000e+03 1.769967562983933984e-01 4.247837960855712081e-01 2.909649522075557493e-01 1.769458352298589054e-01 1.073054164770141095e-01 0.000000000000000000e+00
4.450000000000000000e+03 1.779967379723956800e-01 4.311561219845243542e-01 2.884615384615384359e-01 1.745562130177514826e-01 1.058261265361857134e-01 0.000000000000000000e+00
4.475000000000000000e+03 1.789967196463979615e-01 4.337733272644515026e-01 2.895994538006372299e-01 1.755803368229403860e-01 1.010468821119708677e-01 0.000000000000000000e+00
4.500000000000000000e+03 1.799967013204002431e-01 4.431042330450614686e-01 2.908511606736458588e-01 1.750113791533909890e-01 9.103322712790168358e-02 0.000000000000000000e+00
4.525000000000000000e+03 1.809966829944023026e-01 4.373008648156577194e-01 2.884615384615384359e-01 1.739872553482020856e-01 1.002503413746017313e-01 0.000000000000000000e+00
4.550000000000000000e+03 1.819966646684045841e-01 4.340009103322712836e-01 2.957441966317705950e-01 1.751251706873008518e-01 9.512972234865725574e-02 0.000000000000000000e+00
4.575000000000000000e+03 1.829966463424068657e-01 4.456076467910787264e-01 2.915339098771051463e-01 1.737596722803823324e-01 8.909877105143376719e-02 0.000000000000000000e+00
4.600000000000000000e+03 1.839966280164091472e-01 4.428766499772416876e-01 2.921028675466545432e-01 1.751251706873008518e-01 8.989531178880291740e-02 0.000000000000000000e+00
4.625000000000000000e+03 1.849966096904112067e-01 4.408284023668638807e-01 2.934683659535730627e-01 1.778561675011379184e-01 8.784706417842512438e-02 0.000000000000000000e+00
4.650000000000000000e+03 1.859965913644134883e-01 4.407146108329540457e-01 2.959717796995903760e-01 1.758079198907601393e-01 8.750568957669549452e-02 0.000000000000000000e+00
4.675000000000000000e+03 1.869965730384157698e-01 4.378698224852071164e-01 3.010923987255348377e-01 1.776285844333181652e-01 8.340919435593992237e-02 0.000000000000000000e+00
4.700000000000000000e+03 1.879965547124178293e-01 4.440145653163404815e-01 2.994993172507965373e-01 1.736458807464724696e-01 8.284023668639053928e-02 0.000000000000000000e+00
4.725000000000000000e+03 1.889965363864201109e-01 4.396904870277651423e-01 2.981338188438780179e-01 1.747837960855712358e-01 8.739189804278561791e-02 0.000000000000000000e+00
4.750000000000000000e+03 1.899965180604223924e-01 4.501593081474738467e-01 2.979062357760582369e-01 1.758079198907601393e-01 7.612653618570777714e-02 0.000000000000000000e+00
4.775000000000000000e+03 1.909964997344246740e-01 4.409421939007737712e-01 3.063268092853891900e-01 1.785389167045971781e-01 7.419208010923987462e-02 0.000000000000000000e+00
4.800000000000000000e+03 1.919964814084267335e-01 4.415111515703231682e-01 3.041647701411014926e-01 1.809285389167046010e-01 7.339553937187073829e-02 0.000000000000000000e+00
4.825000000000000000e+03 1.929964630824290150e-01 4.421939007737824556e-01 3.060992262175694090e-01 1.796768320436959443e-01 7.203004096495220498e-02 0.000000000000000000e+00
4.850000000000000000e+03 1.939964447564312966e-01 4.516385980883022566e-01 3.047337278106508895e-01 1.760355029585798925e-01 6.759217114246700298e-02 0.000000000000000000e+00
4.875000000000000000e+03 1.949964264304335781e-01 4.435593991807009751e-01 3.101957214383249672e-01 1.761492944924897552e-01 7.009558488848430247e-02 0.000000000000000000e+00
4.900000000000000000e+03 1.959964081044356377e-01 4.448111060537096040e-01 3.098543468365953513e-01 1.784251251706872876e-01 6.690942193900774326e-02 0.000000000000000000e+00
4.925000000000000000e+03 1.969963897784379192e-01 4.459490213928083979e-01 3.072371415566682029e-01 1.801319981793354508e-01 6.668183887118799003e-02 0.000000000000000000e+00
4.950000000000000000e+03 1.979963714524402008e-01 4.437869822485207005e-01 3.103095129722348577e-01 1.796768320436959443e-01 6.622667273554846967e-02 0.000000000000000000e+00
4.975000000000000000e+03 1.989963531264424823e-01 4.498179335457441752e-01 3.097405553026854608e-01 1.795630405097860816e-01 6.087847064178425471e-02 0.000000000000000000e+00
5.000000000000000000e+03 1.999963348004445418e-01 4.460628129267182329e-01 3.091715976331361193e-01 1.821802457897132577e-01 6.258534365043240399e-02 0.000000000000000000e+00
5.025000000000000000e+03 2.009963164744468234e-01 4.498179335457441752e-01 3.096267637687756258e-01 1.841147018661811463e-01 5.644060081929904577e-02 0.000000000000000000e+00
5.050000000000000000e+03 2.019962981484491049e-01 4.514110150204824756e-01 3.108784706417842547e-01 1.828629949931725174e-01 5.484751934456076616e-02 0.000000000000000000e+00
5.075000000000000000e+03 2.029962798224513865e-01 4.565316340464269373e-01 3.097405553026854608e-01 1.760355029585798925e-01 5.769230769230769551e-02 0.000000000000000000e+00
5.100000000000000000e+03 2.039962614964534460e-01 4.557350933090578149e-01 3.073509330905780379e-01 1.783113336367774249e-01 5.860263996358670846e-02 0.000000000000000000e+00
5.125000000000000000e+03 2.049962431704557275e-01 4.599453800637232637e-01 3.037096040054619861e-01 1.759217114246700020e-01 6.042330450614474130e-02 0.000000000000000000e+00
5.150000000000000000e+03 2.059962248444580091e-01 4.594902139280837572e-01 3.025716886663632477e-01 1.814974965862539702e-01 5.644060081929904577e-02 0.000000000000000000e+00
5.175000000000000000e+03 2.069962065184600686e-01 4.617660446062812896e-01 3.045061447428311086e-01 1.774010013654984119e-01 5.632680928538916915e-02 0.000000000000000000e+00
5.200000000000000000e+03 2.079961881924623501e-01 4.602867546654528796e-01 3.045061447428311086e-01 1.787664997724169313e-01 5.644060081929904577e-02 0.000000000000000000e+00
5.225000000000000000e+03 2.089961698664646317e-01 4.637005006827492060e-01 3.015475648611743442e-01 1.769458352298589054e-01 5.780609922621757213e-02 0.000000000000000000e+00
5.250000000000000000e+03 2.099961515404669132e-01 4.664314974965862448e-01 2.984751934456076339e-01 1.734182976786527164e-01 6.167501137915339104e-02 0.000000000000000000e+00
5.275000000000000000e+03 2.109961332144689727e-01 4.610832954028220576e-01 2.966545289030496080e-01 1.799044151115156975e-01 6.235776058261265076e-02 0.000000000000000000e+00
5.300000000000000000e+03 2.119961148884712543e-01 4.655211652253072319e-01 2.976786527082385114e-01 1.799044151115156975e-01 5.689576695493855224e-02 0.000000000000000000e+00
5.325000000000000000e+03 2.129960965624735358e-01 4.558488848429677054e-01 3.026854802002730827e-01 1.803595812471552040e-01 6.110605370960400795e-02 0.000000000000000000e+00
5.350000000000000000e+03 2.139960782364758174e-01 4.646108329540282189e-01 2.975648611743286209e-01 1.769458352298589054e-01 6.087847064178425471e-02 0.000000000000000000e+00
5.375000000000000000e+03 2.149960599104778769e-01 4.659763313609467383e-01 2.938097405553026786e-01 1.838871187983613931e-01 5.632680928538916915e-02 0.000000000000000000e+00
5.400000000000000000e+03 2.159960415844801584e-01 4.646108329540282189e-01 2.923304506144742687e-01 1.814974965862539702e-01 6.156121984524351443e-02 0.000000000000000000e+00
5.425000000000000000e+03 2.169960232584824400e-01 4.666590805644060258e-01 2.903959945380063523e-01 1.832043695949021334e-01 5.974055530268548159e-02 0.000000000000000000e+00
5.450000000000000000e+03 2.179960049324847216e-01 4.692762858443331742e-01 2.890304961310878329e-01 1.846836595357305433e-01 5.700955848884842886e-02 0.000000000000000000e+00
5.475000000000000000e+03 2.189959866064867811e-01 4.703004096495220776e-01 2.916477014110150368e-01 1.836595357305416398e-01 5.439235320892125969e-02 0.000000000000000000e+00
5.500000000000000000e+03 2.199959682804890626e-01 4.714383249886208715e-01 2.885753299954483264e-01 1.800182066454255880e-01 5.996813837050523482e-02 0.000000000000000000e+00
5.525000000000000000e+03 2.209959499544913442e-01 4.803140646335912756e-01 2.855029585798816716e-01 1.788802913063268218e-01 5.530268548020027264e-02 0.000000000000000000e+00
5.550000000000000000e+03 2.219959316284934037e-01 4.687073281747837772e-01 2.926718252162039402e-01 1.777423759672280279e-01 6.087847064178425471e-02 0.000000000000000000e+00
5.575000000000000000e+03 2.229959133024956852e-01 4.746244879380974169e-01 2.910787437414656398e-01 1.808147473827947105e-01 5.348202093764223980e-02 0.000000000000000000e+00
5.600000000000000000e+03 2.239958949764979668e-01 4.722348657259899940e-01 2.914201183431952558e-01 1.825216203914428736e-01 5.382339553937186966e-02 0.000000000000000000e+00
5.625000000000000000e+03 2.249958766505002483e-01 4.797451069640418786e-01 2.870960400546199165e-01 1.824078288575330109e-01 5.075102412380518707e-02 0.000000000000000000e+00
5.650000000000000000e+03 2.259958583245023078e-01 4.736003641329085134e-01 2.923304506144742687e-01 1.785389167045971781e-01 5.553026854802002588e-02 0.000000000000000000e+00
5.675000000000000000e+03 2.269958399985045894e-01 4.746244879380974169e-01 2.891442876649977234e-01 1.768320436959490149e-01 5.939918070095585173e-02 0.000000000000000000e+00
