# itime ezz other fcc hcp bcc ico
0.000000000000000000e+00 0.000000000000000000e+00 0.000000000000000000e+00 1.000000000000000000e+00 0.000000000000000000e+00 0.000000000000000000e+00 0.000000000000000000e+00
2.500000000000000000e+02 9.999992755709286030e-03 0.000000000000000000e+00 1.000000000000000000e+00 0.000000000000000000e+00 0.000000000000000000e+00 0.000000000000000000e+00
5.000000000000000000e+02 1.999998551141879410e-02 0.000000000000000000e+00 1.000000000000000000e+00 0.000000000000000000e+00 0.000000000000000000e+00 0.000000000000000000e+00
7.500000000000000000e+02 2.999997826712808013e-02 0.000000000000000000e+00 1.000000000000000000e+00 0.000000000000000000e+00 0.000000000000000000e+00 0.000000000000000000e+00
1.000000000000000000e+03 3.999997102283736616e-02 0.000000000000000000e+00 1.000000000000000000e+00 0.000000000000000000e+00 0.000000000000000000e+00 0.000000000000000000e+00
1.250000000000000000e+03 4.999996377854687424e-02 0.000000000000000000e+00 1.000000000000000000e+00 0.000000000000000000e+00 0.000000000000000000e+00 0.000000000000000000e+00
1.500000000000000000e+03 5.999995653425616027e-02 0.000000000000000000e+00 1.000000000000000000e+00 0.000000000000000000e+00 0.000000000000000000e+00 0.000000000000000000e+00
1.750000000000000000e+03 6.999994928996566834e-02 0.000000000000000000e+00 1.000000000000000000e+00 0.000000000000000000e+00 0.000000000000000000e+00 0.000000000000000000e+00
2.000000000000000000e+03 7.999994204567495437e-02 4.551661356395084266e-04 9.995448338643604380e-01 0.000000000000000000e+00 0.000000000000000000e+00 0.000000000000000000e+00
2.250000000000000000e+03 8.999993480138424040e-02 4.551661356395084266e-04 9.994310423304506585e-01 0.000000000000000000e+00 1.137915339098771066e-04 0.000000000000000000e+00
2.500000000000000000e+03 9.999992755709374848e-02 1.365498406918525280e-03 9.985207100591716456e-01 0.000000000000000000e+00 1.137915339098771066e-04 0.000000000000000000e+00
2.750000000000000000e+03 1.099999203128030345e-01 8.420573509330906217e-03 9.913518434228493215e-01 0.000000000000000000e+00 2.275830678197542133e-04 0.000000000000000000e+00
3.000000000000000000e+03 1.199999130685123205e-01 6.770596267637687959e-02 9.037323623122439642e-01 0.000000000000000000e+00 2.856167501137915274e-02 0.000000000000000000e+00
3.250000000000000000e+03 1.299999058242218286e-01 4.189804278561675144e-01 1.685252617205279801e-01 9.786071916249430847e-03 4.027082385070550608e-01 0.000000000000000000e+00
3.500000000000000000e+03 1.399998985799311146e-01 4.369594902139281034e-01 2.527309968138370389e-01 1.408739189804278646e-01 1.694355939918070209e-01 0.000000000000000000e+00
3.750000000000000000e+03 1.499998913356404007e-01 3.940600819299044377e-01 3.323850705507510050e-01 1.873008648156577194e-01 8.625398270368685172e-02 0.000000000000000000e+00
4.000000000000000000e+03 1.599998840913499087e-01 3.542330450614474269e-01 3.975876194811105990e-01 1.965179790623577671e-01 5.166135639508420696e-02 0.000000000000000000e+00
4.250000000000000000e+03 1.699998768470591948e-01 3.350022758306782089e-01 4.343422849340008995e-01 1.916249431042330587e-01 3.903049613108784677e-02 0.000000000000000000e+00
4.500000000000000000e+03 1.799998696027687028e-01 3.050751024123805055e-01 4.486800182066454368e-01 2.092626308602640040e-01 3.698224852071006069e-02 0.000000000000000000e+00
4.750000000000000000e+03 1.899998623584779889e-01 2.851615839781520001e-01 4.659763313609467383e-01 2.272416932180245652e-01 2.162039144287665124e-02 0.000000000000000000e+00
5.000000000000000000e+03 1.999998551141872749e-01 2.668411470186617951e-01 4.957897132453345512e-01 2.105143377332726329e-01 2.685480200273099652e-02 0.000000000000000000e+00
5.250000000000000000e+03 2.099998478698967830e-01 2.548930359581247362e-01 5.007965407373691225e-01 2.300864815657714946e-01 1.422394173873463806e-02 0.000000000000000000e+00
5.500000000000000000e+03 2.199998406256060690e-01 2.493172507965407403e-01 4.920345926263086089e-01 2.387346381429221731e-01 1.991351843422849502e-02 0.000000000000000000e+00
5.750000000000000000e+03 2.299998333813153550e-01 2.484069185252617273e-01 4.920345926263086089e-01 2.446517979062357850e-01 1.490669094219390124e-02 0.000000000000000000e+00
6.000000000000000000e+03 2.399998261370248631e-01 2.291761492944924816e-01 5.465407373691397730e-01 2.122212107419207960e-01 1.206190259444697363e-02 0.000000000000000000e+00
6.250000000000000000e+03 2.499998188927341491e-01 2.288347746927628656e-01 5.496131087847063723e-01 2.066454255803368278e-01 1.490669094219390124e-02 0.000000000000000000e+00
6.500000000000000000e+03 2.599998116484436572e-01 2.274692762858443462e-01 5.555302685480200120e-01 2.018661811561219821e-01 1.513427401001365448e-02 0.000000000000000000e+00
6.750000000000000000e+03 2.699998044041529432e-01 2.353208921256258468e-01 5.710059171597633432e-01 1.817250796540737234e-01 1.194811106053709528e-02 0.000000000000000000e+00
7.000000000000000000e+03 2.799997971598622293e-01 2.356622667273554905e-01 5.851160673645880994e-01 1.676149294492489672e-01 1.160673645880746542e-02 0.000000000000000000e+00
7.250000000000000000e+03 2.899997899155717374e-01 2.267865270823850588e-01 6.125398270368684894e-01 1.516841147018661851e-01 8.989531178880291046e-03 0.000000000000000000e+00
7.500000000000000000e+03 2.999997826712810234e-01 2.266727355484751960e-01 6.095812471552116696e-01 1.510013654984069253e-01 1.274465179790623508e-02 0.000000000000000000e+00
7.750000000000000000e+03 3.099997754269903094e-01 2.248520710059171701e-01 6.076467910787437532e-01 1.570323167956304000e-01 1.046882111970869403e-02 0.000000000000000000e+00
8.000000000000000000e+03 3.199997681826998175e-01 2.304278561675011383e-01 6.011606736458807720e-01 1.523668639053254448e-01 1.604460628129267263e-02 0.000000000000000000e+00
8.250000000000000000e+03 3.299997609384091035e-01 2.249658625398270329e-01 5.914883932635411901e-01 1.676149294492489672e-01 1.593081474738279601e-02 0.000000000000000000e+00
8.500000000000000000e+03 3.399997536941183895e-01 2.240555302685480199e-01 5.885298133818843702e-01 1.713700500682749095e-01 1.604460628129267263e-02 0.000000000000000000e+00
8.750000000000000000e+03 3.499997464498278976e-01 2.356622667273554905e-01 5.843195266272189770e-01 1.677287209831588577e-01 1.228948566226672687e-02 0.000000000000000000e+00
9.000000000000000000e+03 3.599997392055371837e-01 2.404415111515703363e-01 5.790851160673645692e-01 1.695493855257168836e-01 1.092398725534820224e-02 0.000000000000000000e+00
9.250000000000000000e+03 3.699997319612466917e-01 2.420345926263086089e-01 5.761265361857077494e-01 1.703459262630860338e-01 1.149294492489758707e-02 0.000000000000000000e+00
9.500000000000000000e+03 3.799997247169559778e-01 2.543240782885753393e-01 5.739644970414201630e-01 1.629494765589440120e-01 8.761948111060537808e-03 0.000000000000000000e+00
9.750000000000000000e+03 3.899997174726652638e-01 2.386208466090122826e-01 5.868229403732362348e-01 1.695493855257168836e-01 5.006827492034592909e-03 0.000000000000000000e+00
1.000000000000000000e+04 3.999997102283747719e-01 2.284934000910332219e-01 5.984296768320437332e-01 1.690942193900773771e-01 3.982703686845699004e-03 0.000000000000000000e+00
1.025000000000000000e+04 4.099997029840840579e-01 2.271279016841147025e-01 6.033227127901683584e-01 1.646563495675921751e-01 4.893035958124715423e-03 0.000000000000000000e+00
1.050000000000000000e+04 4.199996957397933439e-01 2.200728265817023244e-01 6.112881201638598050e-01 1.620391442876649990e-01 6.599908966772872511e-03 0.000000000000000000e+00
1.075000000000000000e+04 4.299996884955028520e-01 2.096040054619936199e-01 6.310878470641784199e-01 1.531634046426945950e-01 6.144742831133363434e-03 0.000000000000000000e+00
1.100000000000000000e+04 4.399996812512121380e-01 2.203004096495220776e-01 6.235776058261265353e-01 1.481565771506599960e-01 7.965407373691398007e-03 0.000000000000000000e+00
1.125000000000000000e+04 4.499996740069214241e-01 2.159763313609467383e-01 6.332498862084661173e-01 1.423532089212562468e-01 8.420573509330906217e-03 0.000000000000000000e+00
1.150000000000000000e+04 4.599996667626309321e-01 2.156349567592171224e-01 6.243741465634956578e-01 1.555530268548019901e-01 4.437869822485207214e-03 0.000000000000000000e+00
1.175000000000000000e+04 4.699996595183402182e-01 2.221210741920801035e-01 6.141329085116067343e-01 1.603322712790168358e-01 3.413746017296313308e-03 0.000000000000000000e+00
1.200000000000000000e+04 4.799996522740497262e-01 2.348657259899863403e-01 5.972917614929449392e-01 1.637460172963131622e-01 4.096495220755575623e-03 0.000000000000000000e+00
1.225000000000000000e+04 4.899996450297590123e-01 2.288347746927628656e-01 6.027537551206190169e-01 1.631770596267637652e-01 5.234410559854347014e-03 0.000000000000000000e+00
1.250000000000000000e+04 4.999996377854682983e-01 2.419208010923987184e-01 5.942193900773782289e-01 1.572598998634501533e-01 6.599908966772872511e-03 0.000000000000000000e+00
1.275000000000000000e+04 5.099996305411778064e-01 2.523896222121074229e-01 5.647473827947200320e-01 1.760355029585798925e-01 6.827492034592626616e-03 0.000000000000000000e+00
1.300000000000000000e+04 5.199996232968870924e-01 2.696859353664087244e-01 5.564406008192990249e-01 1.656804733727810786e-01 8.192990441511151245e-03 0.000000000000000000e+00
1.325000000000000000e+04 5.299996160525963784e-01 2.800409649522075384e-01 5.485889849795174689e-01 1.629494765589440120e-01 8.420573509330906217e-03 0.000000000000000000e+00
1.350000000000000000e+04 5.399996088083058865e-01 2.801547564861174289e-01 5.467683204369594430e-01 1.652253072371415443e-01 7.851615839781519654e-03 0.000000000000000000e+00
1.375000000000000000e+04 5.499996015640151725e-01 2.792444242148384159e-01 5.526854802002730827e-01 1.607874374146563423e-01 7.282658170232134826e-03 0.000000000000000000e+00
1.400000000000000000e+04 5.599995943197246806e-01 2.702548930359581214e-01 5.794264906690942407e-01 1.412152935821574806e-01 9.103322712790167665e-03 0.000000000000000000e+00
1.425000000000000000e+04 5.699995870754339666e-01 2.674101046882111921e-01 5.819299044151114986e-01 1.426945835229858905e-01 7.965407373691398007e-03 0.000000000000000000e+00
1.450000000000000000e+04 5.799995798311432527e-01 2.726445152480655443e-01 5.916021847974510806e-01 1.275603095129722309e-01 8.192990441511151245e-03 0.000000000000000000e+00
1.475000000000000000e+04 5.899995725868527607e-01 2.705962676376877374e-01 5.980883022303140617e-01 1.252844788347746985e-01 6.030951297223486815e-03 0.000000000000000000e+00
1.500000000000000000e+04 5.999995653425620468e-01 2.690031861629494925e-01 5.852298588984979899e-01 1.398497951752389612e-01 5.917159763313609329e-03 0.000000000000000000e+00
1.525000000000000000e+04 6.099995580982713328e-01 2.812926718252162228e-01 5.675921711424669613e-01 1.448566226672735602e-01 6.258534365043240920e-03 0.000000000000000000e+00
1.550000000000000000e+04 6.199995508539808409e-01 2.829995448338643582e-01 5.680473372781065233e-01 1.417842512517068776e-01 7.168866636322257339e-03 0.000000000000000000e+00
1.575000000000000000e+04 6.299995436096901269e-01 2.927856167501137752e-01 5.524578971324533017e-01 1.446290395994538069e-01 1.012744651797906244e-02 0.000000000000000000e+00
1.600000000000000000e+04 6.399995363653994129e-01 2.745789713245334607e-01 5.608784706417841992e-01 1.547564861174328676e-01 9.786071916249430847e-03 0.000000000000000000e+00
1.625000000000000000e+04 6.499995291211089210e-01 2.793582157487483064e-01 5.636094674556213491e-01 1.500910332271279124e-01 6.941283568502503235e-03 0.000000000000000000e+00
1.650000000000000000e+04 6.599995218768182070e-01 2.728720983158853253e-01 5.675921711424669613e-01 1.532771961766044577e-01 6.258534365043240920e-03 0.000000000000000000e+00
1.675000000000000000e+04 6.699995146325277151e-01 2.663859808830222886e-01 5.656577150659990449e-01 1.589667728720983164e-01 8.989531178880291046e-03 0.000000000000000000e+00
1.700000000000000000e+04 6.799995073882370011e-01 2.703686845698680119e-01 5.645197997269003620e-01 1.554392353208921274e-01 9.672280382339554228e-03 0.000000000000000000e+00
1.725000000000000000e+04 6.899995001439462872e-01 2.686618115612198210e-01 5.722576240327719166e-01 1.481565771506599960e-01 1.092398725534820224e-02 0.000000000000000000e+00
1.750000000000000000e+04 6.999994928996557952e-01 2.669549385525716856e-01 5.765817023213473114e-01 1.496358670914884059e-01 6.827492034592626616e-03 0.000000000000000000e+00
1.775000000000000000e+04 7.099994856553650813e-01 2.388484296768320359e-01 6.069640418752845212e-01 1.467910787437414766e-01 7.396449704142011444e-03 0.000000000000000000e+00
1.800000000000000000e+04 7.199994784110743673e-01 2.315657715065999045e-01 6.197086936731907025e-01 1.444014565316340537e-01 4.324078288575329727e-03 0.000000000000000000e+00
1.825000000000000000e+04 7.299994711667838754e-01 2.276968593536640995e-01 6.193673190714610310e-01 1.478152025489303523e-01 5.120619025944469528e-03 0.000000000000000000e+00
1.850000000000000000e+04 7.399994639224931614e-01 2.317933545744196577e-01 6.176604460628128956e-01 1.450842057350933134e-01 5.461993627674101119e-03 0.000000000000000000e+00
1.875000000000000000e+04 7.499994566782024474e-01 2.348657259899863403e-01 6.159535730541647602e-01 1.439462903959945472e-01 5.234410559854347014e-03 0.000000000000000000e+00
1.900000000000000000e+04 7.599994494339119555e-01 2.299726900318616318e-01 6.255120619025944517e-01 1.398497951752389612e-01 4.665452890304961318e-03 0.000000000000000000e+00
1.925000000000000000e+04 7.699994421896212415e-01 2.221210741920801035e-01 6.312016385980883104e-01 1.414428766499772339e-01 5.234410559854347014e-03 0.000000000000000000e+00
1.950000000000000000e+04 7.799994349453307496e-01 2.164314974965862448e-01 6.363222576240327166e-01 1.425807919890760000e-01 4.665452890304961318e-03 0.000000000000000000e+00
1.975000000000000000e+04 7.899994277010400356e-01 2.220072826581702408e-01 6.264223941738734647e-01 1.479289940828402428e-01 3.641329085116067413e-03 0.000000000000000000e+00
2.000000000000000000e+04 7.999994204567493217e-01 2.213245334547109811e-01 6.148156577150659663e-01 1.589667728720983164e-01 4.893035958124715423e-03 0.000000000000000000e+00
2.025000000000000000e+04 8.099994132124588297e-01 2.325898953117888079e-01 5.922849340009103125e-01 1.694355939918070209e-01 5.689576695493855224e-03 0.000000000000000000e+00
2.050000000000000000e+04 8.199994059681681158e-01 2.302002730996813851e-01 5.831816112881201830e-01 1.818388711879836139e-01 4.779244424214838804e-03 0.000000000000000000e+00
2.075000000000000000e+04 8.299993987238774018e-01 2.422621756941283622e-01 5.639508420573509095e-01 1.870732817478379661e-01 6.713700500682749130e-03 0.000000000000000000e+00
2.100000000000000000e+04 8.399993914795869099e-01 2.436276741010468816e-01 5.582612653618570508e-01 1.906008192990441552e-01 7.510241238051888930e-03 0.000000000000000000e+00
2.125000000000000000e+04 8.499993842352961959e-01 2.540964952207555583e-01 5.448338643604915266e-01 1.936731907146108378e-01 7.396449704142011444e-03 0.000000000000000000e+00
2.150000000000000000e+04 8.599993769910054819e-01 2.585343650432407880e-01 5.444924897587619661e-01 1.868456986800182129e-01 1.012744651797906244e-02 0.000000000000000000e+00
2.175000000000000000e+04 8.699993697467149900e-01 2.620619025944469493e-01 5.526854802002730827e-01 1.777423759672280279e-01 7.510241238051888930e-03 0.000000000000000000e+00
2.200000000000000000e+04 8.799993625024242760e-01 2.695721438324988894e-01 5.522303140646336317e-01 1.722803823395539502e-01 5.917159763313609329e-03 0.000000000000000000e+00
2.225000000000000000e+04 8.899993552581337841e-01 2.625170687300864558e-01 5.667956304050978389e-01 1.652253072371415443e-01 5.461993627674101119e-03 0.000000000000000000e+00
2.250000000000000000e+04 8.999993480138430701e-01 2.486345015930814806e-01 5.871643149749659063e-01 1.596495220755575761e-01 4.551661356395083832e-03 0.000000000000000000e+00
2.275000000000000000e+04 9.099993407695523562e-01 2.481793354574419741e-01 5.876194811106053573e-01 1.603322712790168358e-01 3.868912152935821518e-03 0.000000000000000000e+00
2.300000000000000000e+04 9.199993335252618643e-01 2.537551206190259423e-01 5.867091488393263443e-01 1.548702776513427304e-01 4.665452890304961318e-03 0.000000000000000000e+00
2.325000000000000000e+04 9.299993262809711503e-01 2.485207100591715901e-01 5.920573509330905315e-01 1.530496131087847045e-01 6.372325898953117539e-03 0.000000000000000000e+00
2.350000000000000000e+04 9.399993190366804363e-01 2.538689121529358328e-01 5.851160673645880994e-01 1.532771961766044577e-01 7.737824305871643035e-03 0.000000000000000000e+00
2.375000000000000000e+04 9.499993117923899444e-01 2.580791989076012816e-01 5.823850705507510606e-01 1.524806554392353075e-01 7.055075102412380721e-03 0.000000000000000000e+00
2.400000000000000000e+04 9.599993045480992304e-01 2.712790168411470249e-01 5.615612198452435422e-01 1.583978152025489194e-01 8.761948111060537808e-03 0.000000000000000000e+00
2.425000000000000000e+04 9.699992973038087385e-01 2.751479289940828576e-01 5.535958124715520956e-01 1.603322712790168358e-01 1.092398725534820224e-02 0.000000000000000000e+00
2.450000000000000000e+04 9.799992900595180245e-01 2.725307237141556538e-01 5.601957214383249672e-01 1.587391898042785632e-01 8.534365043240782836e-03 0.000000000000000000e+00
2.475000000000000000e+04 9.899992828152273106e-01 2.743513882567136797e-01 5.508648156577150568e-01 1.651115157032316816e-01 9.672280382339554228e-03 0.000000000000000000e+00
2.500000000000000000e+04 9.999992755709368186e-01 2.675238962221210826e-01 5.578060992262175999e-01 1.655666818388711881e-01 9.103322712790167665e-03 0.000000000000000000e+00
