# itime ezz other fcc hcp bcc ico
0.000000000000000000e+00 0.000000000000000000e+00 0.000000000000000000e+00 1.000000000000000000e+00 0.000000000000000000e+00 0.000000000000000000e+00 0.000000000000000000e+00
2.500000000000000000e+01 1.000061576625022042e-03 0.000000000000000000e+00 1.000000000000000000e+00 0.000000000000000000e+00 0.000000000000000000e+00 0.000000000000000000e+00
5.000000000000000000e+01 2.000123153250266128e-03 0.000000000000000000e+00 1.000000000000000000e+00 0.000000000000000000e+00 0.000000000000000000e+00 0.000000000000000000e+00
7.500000000000000000e+01 3.000184729875288170e-03 0.000000000000000000e+00 1.000000000000000000e+00 0.000000000000000000e+00 0.000000000000000000e+00 0.000000000000000000e+00
1.000000000000000000e+02 4.000246306500532256e-03 0.000000000000000000e+00 1.000000000000000000e+00 0.000000000000000000e+00 0.000000000000000000e+00 0.000000000000000000e+00
1.250000000000000000e+02 5.000307883125554298e-03 0.000000000000000000e+00 1.000000000000000000e+00 0.000000000000000000e+00 0.000000000000000000e+00 0.000000000000000000e+00
1.500000000000000000e+02 6.000369459750798384e-03 0.000000000000000000e+00 1.000000000000000000e+00 0.000000000000000000e+00 0.000000000000000000e+00 0.000000000000000000e+00
1.750000000000000000e+02 7.000431036375820426e-03 0.000000000000000000e+00 1.000000000000000000e+00 0.000000000000000000e+00 0.000000000000000000e+00 0.000000000000000000e+00
2.000000000000000000e+02 8.000492613001064512e-03 0.000000000000000000e+00 1.000000000000000000e+00 0.000000000000000000e+00 0.000000000000000000e+00 0.000000000000000000e+00
2.250000000000000000e+02 9.000554189626086554e-03 0.000000000000000000e+00 1.000000000000000000e+00 0.000000000000000000e+00 0.000000000000000000e+00 0.000000000000000000e+00
2.500000000000000000e+02 1.000061576625133064e-02 0.000000000000000000e+00 1.000000000000000000e+00 0.000000000000000000e+00 0.000000000000000000e+00 0.000000000000000000e+00
2.750000000000000000e+02 1.100067734287635268e-02 0.000000000000000000e+00 1.000000000000000000e+00 0.000000000000000000e+00 0.000000000000000000e+00 0.000000000000000000e+00
3.000000000000000000e+02 1.200073891950159677e-02 0.000000000000000000e+00 1.000000000000000000e+00 0.000000000000000000e+00 0.000000000000000000e+00 0.000000000000000000e+00
3.250000000000000000e+02 1.300080049612661881e-02 0.000000000000000000e+00 1.000000000000000000e+00 0.000000000000000000e+00 0.000000000000000000e+00 0.000000000000000000e+00
3.500000000000000000e+02 1.400086207275164085e-02 0.000000000000000000e+00 1.000000000000000000e+00 0.000000000000000000e+00 0.000000000000000000e+00 0.000000000000000000e+00
3.750000000000000000e+02 1.500092364937688494e-02 0.000000000000000000e+00 1.000000000000000000e+00 0.000000000000000000e+00 0.000000000000000000e+00 0.000000000000000000e+00
4.000000000000000000e+02 1.600098522600190698e-02 0.000000000000000000e+00 1.000000000000000000e+00 0.000000000000000000e+00 0.000000000000000000e+00 0.000000000000000000e+00
4.250000000000000000e+02 1.700104680262715107e-02 0.000000000000000000e+00 1.000000000000000000e+00 0.000000000000000000e+00 0.000000000000000000e+00 0.000000000000000000e+00
4.500000000000000000e+02 1.800110837925217311e-02 0.000000000000000000e+00 1.000000000000000000e+00 0.000000000000000000e+00 0.000000000000000000e+00 0.000000000000000000e+00
4.750000000000000000e+02 1.900116995587741719e-02 0.000000000000000000e+00 1.000000000000000000e+00 0.000000000000000000e+00 0.000000000000000000e+00 0.000000000000000000e+00
5.000000000000000000e+02 2.000123153250243924e-02 0.000000000000000000e+00 1.000000000000000000e+00 0.000000000000000000e+00 0.000000000000000000e+00 0.000000000000000000e+00
5.250000000000000000e+02 2.100129310912768332e-02 0.000000000000000000e+00 1.000000000000000000e+00 0.000000000000000000e+00 0.000000000000000000e+00 0.000000000000000000e+00
5.500000000000000000e+02 2.200135468575270536e-02 0.000000000000000000e+00 1.000000000000000000e+00 0.000000000000000000e+00 0.000000000000000000e+00 0.000000000000000000e+00
5.750000000000000000e+02 2.300141626237794945e-02 0.000000000000000000e+00 1.000000000000000000e+00 0.000000000000000000e+00 0.000000000000000000e+00 0.000000000000000000e+00
6.000000000000000000e+02 2.400147783900297149e-02 0.000000000000000000e+00 1.000000000000000000e+00 0.000000000000000000e+00 0.000000000000000000e+00 0.000000000000000000e+00
6.250000000000000000e+02 2.500153941562821558e-02 0.000000000000000000e+00 1.000000000000000000e+00 0.000000000000000000e+00 0.000000000000000000e+00 0.000000000000000000e+00
6.500000000000000000e+02 2.600160099225323762e-02 0.000000000000000000e+00 1.000000000000000000e+00 0.000000000000000000e+00 0.000000000000000000e+00 0.000000000000000000e+00
6.750000000000000000e+02 2.700166256887848171e-02 0.000000000000000000e+00 1.000000000000000000e+00 0.000000000000000000e+00 0.000000000000000000e+00 0.000000000000000000e+00
7.000000000000000000e+02 2.800172414550350375e-02 0.000000000000000000e+00 1.000000000000000000e+00 0.000000000000000000e+00 0.000000000000000000e+00 0.000000000000000000e+00
7.250000000000000000e+02 2.900178572212852579e-02 0.000000000000000000e+00 1.000000000000000000e+00 0.000000000000000000e+00 0.000000000000000000e+00 0.000000000000000000e+00
7.500000000000000000e+02 3.000184729875376988e-02 0.000000000000000000e+00 1.000000000000000000e+00 0.000000000000000000e+00 0.000000000000000000e+00 0.000000000000000000e+00
7.750000000000000000e+02 3.100190887537879192e-02 0.000000000000000000e+00 1.000000000000000000e+00 0.000000000000000000e+00 0.000000000000000000e+00 0.000000000000000000e+00
8.000000000000000000e+02 3.200197045200403601e-02 0.000000000000000000e+00 1.000000000000000000e+00 0.000000000000000000e+00 0.000000000000000000e+00 0.000000000000000000e+00
8.250000000000000000e+02 3.300203202862905805e-02 0.000000000000000000e+00 1.000000000000000000e+00 0.000000000000000000e+00 0.000000000000000000e+00 0.000000000000000000e+00
8.500000000000000000e+02 3.400209360525430213e-02 0.000000000000000000e+00 1.000000000000000000e+00 0.000000000000000000e+00 0.000000000000000000e+00 0.000000000000000000e+00
8.750000000000000000e+02 3.500215518187932418e-02 0.000000000000000000e+00 1.000000000000000000e+00 0.000000000000000000e+00 0.000000000000000000e+00 0.000000000000000000e+00
9.000000000000000000e+02 3.600221675850456826e-02 0.000000000000000000e+00 1.000000000000000000e+00 0.000000000000000000e+00 0.000000000000000000e+00 0.000000000000000000e+00
9.250000000000000000e+02 3.700227833512959030e-02 0.000000000000000000e+00 1.000000000000000000e+00 0.000000000000000000e+00 0.000000000000000000e+00 0.000000000000000000e+00
9.500000000000000000e+02 3.800233991175483439e-02 0.000000000000000000e+00 1.000000000000000000e+00 0.000000000000000000e+00 0.000000000000000000e+00 0.000000000000000000e+00
9.750000000000000000e+02 3.900240148837985643e-02 0.000000000000000000e+00 1.000000000000000000e+00 0.000000000000000000e+00 0.000000000000000000e+00 0.000000000000000000e+00
1.000000000000000000e+03 4.000246306500510052e-02 0.000000000000000000e+00 1.000000000000000000e+00 0.000000000000000000e+00 0.000000000000000000e+00 0.000000000000000000e+00
1.025000000000000000e+03 4.100252464163012256e-02 0.000000000000000000e+00 1.000000000000000000e+00 0.000000000000000000e+00 0.000000000000000000e+00 0.000000000000000000e+00
1.050000000000000000e+03 4.200258621825514460e-02 0.000000000000000000e+00 1.000000000000000000e+00 0.000000000000000000e+00 0.000000000000000000e+00 0.000000000000000000e+00
1.075000000000000000e+03 4.300264779488038869e-02 0.000000000000000000e+00 1.000000000000000000e+00 0.000000000000000000e+00 0.000000000000000000e+00 0.000000000000000000e+00
1.100000000000000000e+03 4.400270937150541073e-02 0.000000000000000000e+00 1.000000000000000000e+00 0.000000000000000000e+00 0.000000000000000000e+00 0.000000000000000000e+00
1.125000000000000000e+03 4.500277094813065482e-02 0.000000000000000000e+00 1.000000000000000000e+00 0.000000000000000000e+00 0.000000000000000000e+00 0.000000000000000000e+00
1.150000000000000000e+03 4.600283252475567686e-02 0.000000000000000000e+00 1.000000000000000000e+00 0.000000000000000000e+00 0.000000000000000000e+00 0.000000000000000000e+00
1.175000000000000000e+03 4.700289410138092094e-02 0.000000000000000000e+00 1.000000000000000000e+00 0.000000000000000000e+00 0.000000000000000000e+00 0.000000000000000000e+00
1.200000000000000000e+03 4.800295567800594299e-02 0.000000000000000000e+00 1.000000000000000000e+00 0.000000000000000000e+00 0.000000000000000000e+00 0.000000000000000000e+00
1.225000000000000000e+03 4.900301725463118707e-02 0.000000000000000000e+00 1.000000000000000000e+00 0.000000000000000000e+00 0.000000000000000000e+00 0.000000000000000000e+00
1.250000000000000000e+03 5.000307883125620911e-02 0.000000000000000000e+00 1.000000000000000000e+00 0.000000000000000000e+00 0.000000000000000000e+00 0.000000000000000000e+00
1.275000000000000000e+03 5.100314040788145320e-02 0.000000000000000000e+00 1.000000000000000000e+00 0.000000000000000000e+00 0.000000000000000000e+00 0.000000000000000000e+00
1.300000000000000000e+03 5.200320198450647524e-02 0.000000000000000000e+00 1.000000000000000000e+00 0.000000000000000000e+00 0.000000000000000000e+00 0.000000000000000000e+00
1.325000000000000000e+03 5.300326356113171933e-02 0.000000000000000000e+00 1.000000000000000000e+00 0.000000000000000000e+00 0.000000000000000000e+00 0.000000000000000000e+00
1.350000000000000000e+03 5.400332513775674137e-02 0.000000000000000000e+00 1.000000000000000000e+00 0.000000000000000000e+00 0.000000000000000000e+00 0.000000000000000000e+00
1.375000000000000000e+03 5.500338671438198546e-02 0.000000000000000000e+00 1.000000000000000000e+00 0.000000000000000000e+00 0.000000000000000000e+00 0.000000000000000000e+00
1.400000000000000000e+03 5.600344829100700750e-02 0.000000000000000000e+00 1.000000000000000000e+00 0.000000000000000000e+00 0.000000000000000000e+00 0.000000000000000000e+00
1.425000000000000000e+03 5.700350986763202954e-02 0.000000000000000000e+00 1.000000000000000000e+00 0.000000000000000000e+00 0.000000000000000000e+00 0.000000000000000000e+00
1.450000000000000000e+03 5.800357144425727363e-02 0.000000000000000000e+00 1.000000000000000000e+00 0.000000000000000000e+00 0.000000000000000000e+00 0.000000000000000000e+00
1.475000000000000000e+03 5.900363302088229567e-02 0.000000000000000000e+00 1.000000000000000000e+00 0.000000000000000000e+00 0.000000000000000000e+00 0.000000000000000000e+00
1.500000000000000000e+03 6.000369459750753975e-02 0.000000000000000000e+00 1.000000000000000000e+00 0.000000000000000000e+00 0.000000000000000000e+00 0.000000000000000000e+00
1.525000000000000000e+03 6.100375617413256180e-02 0.000000000000000000e+00 1.000000000000000000e+00 0.000000000000000000e+00 0.000000000000000000e+00 0.000000000000000000e+00
1.550000000000000000e+03 6.200381775075780588e-02 0.000000000000000000e+00 1.000000000000000000e+00 0.000000000000000000e+00 0.000000000000000000e+00 0.000000000000000000e+00
1.575000000000000000e+03 6.300387932738282792e-02 0.000000000000000000e+00 1.000000000000000000e+00 0.000000000000000000e+00 0.000000000000000000e+00 0.000000000000000000e+00
1.600000000000000000e+03 6.400394090400807201e-02 0.000000000000000000e+00 1.000000000000000000e+00 0.000000000000000000e+00 0.000000000000000000e+00 0.000000000000000000e+00
1.625000000000000000e+03 6.500400248063309405e-02 0.000000000000000000e+00 1.000000000000000000e+00 0.000000000000000000e+00 0.000000000000000000e+00 0.000000000000000000e+00
1.650000000000000000e+03 6.600406405725833814e-02 0.000000000000000000e+00 1.000000000000000000e+00 0.000000000000000000e+00 0.000000000000000000e+00 0.000000000000000000e+00
1.675000000000000000e+03 6.700412563388336018e-02 0.000000000000000000e+00 1.000000000000000000e+00 0.000000000000000000e+00 0.000000000000000000e+00 0.000000000000000000e+00
1.700000000000000000e+03 6.800418721050860427e-02 2.275830678197542133e-04 9.997724169321802190e-01 0.000000000000000000e+00 0.000000000000000000e+00 0.000000000000000000e+00
1.725000000000000000e+03 6.900424878713362631e-02 0.000000000000000000e+00 1.000000000000000000e+00 0.000000000000000000e+00 0.000000000000000000e+00 0.000000000000000000e+00
1.750000000000000000e+03 7.000431036375864835e-02 0.000000000000000000e+00 1.000000000000000000e+00 0.000000000000000000e+00 0.000000000000000000e+00 0.000000000000000000e+00
1.775000000000000000e+03 7.100437194038389244e-02 4.551661356395084266e-04 9.995448338643604380e-01 0.000000000000000000e+00 0.000000000000000000e+00 0.000000000000000000e+00
1.800000000000000000e+03 7.200443351700891448e-02 0.000000000000000000e+00 1.000000000000000000e+00 0.000000000000000000e+00 0.000000000000000000e+00 0.000000000000000000e+00
1.825000000000000000e+03 7.300449509363415856e-02 0.000000000000000000e+00 1.000000000000000000e+00 0.000000000000000000e+00 0.000000000000000000e+00 0.000000000000000000e+00
1.850000000000000000e+03 7.400455667025918061e-02 5.689576695493854790e-04 9.993172507965407680e-01 0.000000000000000000e+00 1.137915339098771066e-04 0.000000000000000000e+00
1.875000000000000000e+03 7.500461824688442469e-02 2.275830678197542133e-04 9.997724169321802190e-01 0.000000000000000000e+00 0.000000000000000000e+00 0.000000000000000000e+00
1.900000000000000000e+03 7.600467982350944673e-02 3.413746017296313199e-04 9.996586253982703285e-01 0.000000000000000000e+00 0.000000000000000000e+00 0.000000000000000000e+00
1.925000000000000000e+03 7.700474140013469082e-02 4.551661356395084266e-04 9.995448338643604380e-01 0.000000000000000000e+00 0.000000000000000000e+00 0.000000000000000000e+00
1.950000000000000000e+03 7.800480297675971286e-02 0.000000000000000000e+00 1.000000000000000000e+00 0.000000000000000000e+00 0.000000000000000000e+00 0.000000000000000000e+00
1.975000000000000000e+03 7.900486455338495695e-02 0.000000000000000000e+00 1.000000000000000000e+00 0.000000000000000000e+00 0.000000000000000000e+00 0.000000000000000000e+00
2.000000000000000000e+03 8.000492613000997899e-02 0.000000000000000000e+00 1.000000000000000000e+00 0.000000000000000000e+00 0.000000000000000000e+00 0.000000000000000000e+00
2.025000000000000000e+03 8.100498770663522308e-02 1.137915339098771066e-04 9.998862084660901095e-01 0.000000000000000000e+00 0.000000000000000000e+00 0.000000000000000000e+00
2.050000000000000000e+03 8.200504928326024512e-02 0.000000000000000000e+00 1.000000000000000000e+00 0.000000000000000000e+00 0.000000000000000000e+00 0.000000000000000000e+00
2.075000000000000000e+03 8.300511085988548921e-02 9.103322712790168532e-04 9.990896677287209870e-01 0.000000000000000000e+00 0.000000000000000000e+00 0.000000000000000000e+00
2.100000000000000000e+03 8.400517243651051125e-02 4.551661356395084266e-04 9.995448338643604380e-01 0.000000000000000000e+00 0.000000000000000000e+00 0.000000000000000000e+00
2.125000000000000000e+03 8.500523401313553329e-02 2.275830678197542133e-04 9.997724169321802190e-01 0.000000000000000000e+00 0.000000000000000000e+00 0.000000000000000000e+00
2.150000000000000000e+03 8.600529558976077737e-02 4.551661356395084266e-04 9.995448338643604380e-01 0.000000000000000000e+00 0.000000000000000000e+00 0.000000000000000000e+00
2.175000000000000000e+03 8.700535716638579942e-02 0.000000000000000000e+00 1.000000000000000000e+00 0.000000000000000000e+00 0.000000000000000000e+00 0.000000000000000000e+00
2.200000000000000000e+03 8.800541874301104350e-02 6.827492034592626399e-04 9.992034592626308775e-01 0.000000000000000000e+00 1.137915339098771066e-04 0.000000000000000000e+00
2.225000000000000000e+03 8.900548031963606554e-02 3.413746017296313199e-04 9.996586253982703285e-01 0.000000000000000000e+00 0.000000000000000000e+00 0.000000000000000000e+00
2.250000000000000000e+03 9.000554189626130963e-02 3.413746017296313199e-04 9.996586253982703285e-01 0.000000000000000000e+00 0.000000000000000000e+00 0.000000000000000000e+00
2.275000000000000000e+03 9.100560347288633167e-02 0.000000000000000000e+00 1.000000000000000000e+00 0.000000000000000000e+00 0.000000000000000000e+00 0.000000000000000000e+00
2.300000000000000000e+03 9.200566504951157576e-02 2.275830678197542133e-04 9.997724169321802190e-01 0.000000000000000000e+00 0.000000000000000000e+00 0.000000000000000000e+00
2.325000000000000000e+03 9.300572662613659780e-02 1.024123805188893906e-03 9.988620846609012061e-01 0.000000000000000000e+00 1.137915339098771066e-04 0.000000000000000000e+00
2.350000000000000000e+03 9.400578820276184189e-02 1.706873008648156654e-03 9.982931269913518646e-01 0.000000000000000000e+00 0.000000000000000000e+00 0.000000000000000000e+00
2.375000000000000000e+03 9.500584977938686393e-02 1.479289940828402332e-03 9.985207100591716456e-01 0.000000000000000000e+00 0.000000000000000000e+00 0.000000000000000000e+00
2.400000000000000000e+03 9.600591135601210802e-02 1.593081474738279385e-03 9.984069185252617551e-01 0.000000000000000000e+00 0.000000000000000000e+00 0.000000000000000000e+00
2.425000000000000000e+03 9.700597293263713006e-02 1.593081474738279385e-03 9.981793354574419741e-01 0.000000000000000000e+00 2.275830678197542133e-04 0.000000000000000000e+00
2.450000000000000000e+03 9.800603450926215210e-02 1.706873008648156654e-03 9.982931269913518646e-01 0.000000000000000000e+00 0.000000000000000000e+00 0.000000000000000000e+00
2.475000000000000000e+03 9.900609608588739619e-02 2.389622212107419402e-03 9.972690031861629611e-01 0.000000000000000000e+00 3.413746017296313199e-04 0.000000000000000000e+00
2.500000000000000000e+03 1.000061576625124182e-01 1.934456076467910759e-03 9.979517523896221931e-01 0.000000000000000000e+00 1.137915339098771066e-04 0.000000000000000000e+00
2.525000000000000000e+03 1.010062192391376623e-01 3.186162949476558769e-03 9.967000455166135087e-01 0.000000000000000000e+00 1.137915339098771066e-04 0.000000000000000000e+00
2.550000000000000000e+03 1.020062808157626844e-01 2.617205279927173507e-03 9.973827947200728516e-01 0.000000000000000000e+00 0.000000000000000000e+00 0.000000000000000000e+00
2.575000000000000000e+03 1.030063423923879284e-01 2.162039144287664864e-03 9.978379608557123026e-01 0.000000000000000000e+00 0.000000000000000000e+00 0.000000000000000000e+00
2.600000000000000000e+03 1.040064039690129505e-01 2.730996813837050560e-03 9.972690031861629611e-01 0.000000000000000000e+00 0.000000000000000000e+00 0.000000000000000000e+00
2.625000000000000000e+03 1.050064655456381946e-01 2.617205279927173507e-03 9.971552116522530707e-01 0.000000000000000000e+00 2.275830678197542133e-04 0.000000000000000000e+00
2.650000000000000000e+03 1.060065271222632166e-01 2.730996813837050560e-03 9.971552116522530707e-01 0.000000000000000000e+00 1.137915339098771066e-04 0.000000000000000000e+00
2.675000000000000000e+03 1.070065886988884607e-01 4.779244424214838804e-03 9.949931725079653733e-01 0.000000000000000000e+00 2.275830678197542133e-04 0.000000000000000000e+00
2.700000000000000000e+03 1.080066502755134827e-01 3.755120619025944465e-03 9.961310878470641672e-01 0.000000000000000000e+00 1.137915339098771066e-04 0.000000000000000000e+00
2.725000000000000000e+03 1.090067118521387268e-01 5.917159763313609329e-03 9.936276741010469093e-01 0.000000000000000000e+00 4.551661356395084266e-04 0.000000000000000000e+00
2.750000000000000000e+03 1.100067734287637489e-01 4.893035958124715423e-03 9.947655894401457033e-01 0.000000000000000000e+00 3.413746017296313199e-04 0.000000000000000000e+00
2.775000000000000000e+03 1.110068350053889930e-01 8.648156577150659455e-03 9.907828857532999800e-01 0.000000000000000000e+00 5.689576695493854790e-04 0.000000000000000000e+00
2.800000000000000000e+03 1.120068965820140150e-01 7.965407373691398007e-03 9.915794264906691025e-01 0.000000000000000000e+00 4.551661356395084266e-04 0.000000000000000000e+00
2.825000000000000000e+03 1.130069581586390370e-01 1.069640418752844727e-02 9.886208466090122826e-01 0.000000000000000000e+00 6.827492034592626399e-04 0.000000000000000000e+00
2.850000000000000000e+03 1.140070197352642811e-01 1.467910787437414627e-02 9.835002275830677654e-01 0.000000000000000000e+00 1.820664542558033706e-03 0.000000000000000000e+00
2.875000000000000000e+03 1.150070813118893032e-01 1.479289940828402289e-02 9.841829767865271084e-01 0.000000000000000000e+00 1.024123805188893906e-03 0.000000000000000000e+00
2.900000000000000000e+03 1.160071428885145473e-01 1.502048247610377786e-02 9.831588529813382049e-01 0.000000000000000000e+00 1.820664542558033706e-03 0.000000000000000000e+00
2.925000000000000000e+03 1.170072044651395693e-01 1.832043695949021542e-02 9.803140646335912756e-01 0.000000000000000000e+00 1.365498406918525280e-03 0.000000000000000000e+00
2.950000000000000000e+03 1.180072660417648134e-01 2.253072371415566766e-02 9.748520710059171979e-01 0.000000000000000000e+00 2.617205279927173507e-03 0.000000000000000000e+00
2.975000000000000000e+03 1.190073276183898354e-01 3.720983158852981393e-02 9.549385525716886924e-01 0.000000000000000000e+00 7.851615839781519654e-03 0.000000000000000000e+00
3.000000000000000000e+03 1.200073891950150795e-01 5.075102412380518707e-02 9.351388256713700775e-01 0.000000000000000000e+00 1.411015020482476144e-02 0.000000000000000000e+00
3.025000000000000000e+03 1.210074507716401016e-01 7.009558488848430247e-02 8.972462448793809831e-01 0.000000000000000000e+00 3.265817023213472836e-02 0.000000000000000000e+00
3.050000000000000000e+03 1.220075123482653456e-01 1.063950842057350965e-01 8.106508875739645292e-01 0.000000000000000000e+00 8.295402822030041590e-02 0.000000000000000000e+00
3.075000000000000000e+03 1.230075739248903677e-01 1.397360036413290985e-01 6.826354119253527086e-01 0.000000000000000000e+00 1.776285844333181652e-01 0.000000000000000000e+00
3.100000000000000000e+03 1.240076355015156118e-01 2.330450614474283144e-01 4.870277651342740377e-01 0.000000000000000000e+00 2.799271734182977034e-01 0.000000000000000000e+00
3.125000000000000000e+03 1.250076970781406338e-01 3.172507965407373454e-01 3.054164770141101770e-01 2.162039144287664864e-03 3.751706873008648357e-01 0.000000000000000000e+00
3.150000000000000000e+03 1.260077586547656558e-01 3.530951297223486329e-01 2.019799726900318726e-01 6.713700500682749130e-03 4.382111970869367323e-01 0.000000000000000000e+00
3.175000000000000000e+03 1.270078202313908999e-01 3.571916249431042467e-01 1.466772872098315861e-01 6.599908966772872511e-03 4.895311788802912956e-01 0.000000000000000000e+00
3.200000000000000000e+03 1.280078818080159220e-01 3.544606281292672079e-01 1.315430131998179264e-01 3.413746017296313308e-03 5.105826126536185949e-01 0.000000000000000000e+00
3.225000000000000000e+03 1.290079433846411661e-01 3.517296313154301135e-01 1.348429676832043622e-01 4.437869822485207214e-03 5.089895311788802390e-01 0.000000000000000000e+00
3.250000000000000000e+03 1.300080049612661881e-01 3.624260355029585989e-01 1.481565771506599960e-01 9.103322712790167665e-03 4.803140646335912756e-01 0.000000000000000000e+00
3.275000000000000000e+03 1.310080665378914322e-01 3.472917614929449392e-01 1.769458352298589054e-01 1.308602639963586667e-02 4.626763768775603025e-01 0.000000000000000000e+00
3.300000000000000000e+03 1.320081281145164542e-01 3.442193900773782289e-01 1.838871187983613931e-01 1.957214383249886169e-02 4.523213472917614886e-01 0.000000000000000000e+00
3.325000000000000000e+03 1.330081896911416983e-01 3.303368229403732537e-01 1.870732817478379661e-01 3.277196176604460498e-02 4.498179335457441752e-01 0.000000000000000000e+00
3.350000000000000000e+03 1.340082512677667204e-01 3.232817478379608755e-01 1.934456076467910846e-01 5.803368229403732537e-02 4.252389622212107145e-01 0.000000000000000000e+00
3.375000000000000000e+03 1.350083128443919644e-01 3.284023668639053373e-01 2.084660901228948537e-01 7.567137005006827066e-02 3.874601729631315661e-01 0.000000000000000000e+00
3.400000000000000000e+03 1.360083744210169865e-01 3.219162494310423561e-01 2.304278561675011383e-01 9.547109695038688559e-02 3.521847974510696200e-01 0.000000000000000000e+00
3.425000000000000000e+03 1.370084359976422306e-01 3.220300409649521911e-01 2.441966317705962786e-01 1.034365043240782905e-01 3.303368229403732537e-01 0.000000000000000000e+00
3.450000000000000000e+03 1.380084975742672526e-01 3.301092398725534727e-01 2.560309512972234747e-01 1.137915339098771045e-01 3.000682749203459343e-01 0.000000000000000000e+00
3.475000000000000000e+03 1.390085591508924967e-01 3.426263086026399840e-01 2.618343195266272239e-01 1.283568502503413811e-01 2.671825216203914666e-01 0.000000000000000000e+00
3.500000000000000000e+03 1.400086207275175187e-01 3.521847974510696200e-01 2.719617660446062568e-01 1.364360491579426626e-01 2.394173873463814328e-01 0.000000000000000000e+00
3.525000000000000000e+03 1.410086823041425408e-01 3.497951752389621971e-01 2.859581247155211781e-01 1.416704597177969871e-01 2.225762403277196100e-01 0.000000000000000000e+00
3.550000000000000000e+03 1.420087438807677849e-01 3.501365498406918686e-01 3.009786071916249472e-01 1.543013199817933612e-01 1.945835229858898507e-01 0.000000000000000000e+00
3.575000000000000000e+03 1.430088054573928069e-01 3.561675011379153433e-01 3.140646335912608000e-01 1.580564406008193035e-01 1.717114246700045532e-01 0.000000000000000000e+00
3.600000000000000000e+03 1.440088670340180510e-01 3.584433318161128756e-01 3.281747837960855563e-01 1.644287664997724219e-01 1.489531178880291185e-01 0.000000000000000000e+00
3.625000000000000000e+03 1.450089286106430730e-01 3.625398270368684339e-01 3.419435593991806965e-01 1.693218024578971304e-01 1.261948111060537114e-01 0.000000000000000000e+00
3.650000000000000000e+03 1.460089901872683171e-01 3.606053709604005730e-01 3.544606281292672079e-01 1.762630860263996457e-01 1.086709148839326289e-01 0.000000000000000000e+00
3.675000000000000000e+03 1.470090517638933392e-01 3.728948566226672479e-01 3.550295857988165493e-01 1.739872553482020856e-01 9.808830223031406170e-02 0.000000000000000000e+00
3.700000000000000000e+03 1.480091133405185833e-01 3.815430131998179264e-01 3.565088757396449592e-01 1.784251251706872876e-01 8.352298588984979899e-02 0.000000000000000000e+00
3.725000000000000000e+03 1.490091749171436053e-01 3.782430587164314906e-01 3.651570323167956378e-01 1.745562130177514826e-01 8.204369594902138907e-02 0.000000000000000000e+00
3.750000000000000000e+03 1.500092364937688494e-01 3.700500682749203185e-01 3.749431042330450548e-01 1.788802913063268218e-01 7.612653618570777714e-02 0.000000000000000000e+00
3.775000000000000000e+03 1.510092980703938714e-01 3.713017751479290030e-01 3.833636777423759523e-01 1.719390077378243065e-01 7.339553937187073829e-02 0.000000000000000000e+00
3.800000000000000000e+03 1.520093596470191155e-01 3.562812926718252338e-01 3.965634956759216956e-01 1.750113791533909890e-01 7.214383249886208160e-02 0.000000000000000000e+00
3.825000000000000000e+03 1.530094212236441376e-01 3.527537551206190169e-01 4.109012289485662328e-01 1.795630405097860816e-01 5.678197542102867562e-02 0.000000000000000000e+00
3.850000000000000000e+03 1.540094828002691596e-01 3.421711424670004775e-01 4.163632225762403105e-01 1.857077833409194467e-01 5.575785161583977911e-02 0.000000000000000000e+00
3.875000000000000000e+03 1.550095443768944037e-01 3.458124715521165293e-01 4.194355939918070209e-01 1.832043695949021334e-01 5.154756486117433034e-02 0.000000000000000000e+00
3.900000000000000000e+03 1.560096059535194257e-01 3.444469731451980099e-01 4.296768320436959443e-01 1.842284934000910368e-01 4.164770141101502288e-02 0.000000000000000000e+00
3.925000000000000000e+03 1.570096675301446698e-01 3.332954028220300180e-01 4.413973600364132777e-01 1.852526172052799402e-01 4.005461993627674328e-02 0.000000000000000000e+00
3.950000000000000000e+03 1.580097291067696919e-01 3.337505689576695245e-01 4.454938552571688914e-01 1.844560764679107900e-01 3.629949931725079404e-02 0.000000000000000000e+00
3.975000000000000000e+03 1.590097906833949359e-01 3.321574874829312796e-01 4.475421028675466428e-01 1.825216203914428736e-01 3.777878925807919702e-02 0.000000000000000000e+00
4.000000000000000000e+03 1.600098522600199580e-01 3.246472462448793950e-01 4.542558033682294050e-01 1.875284478834774726e-01 3.356850250341374825e-02 0.000000000000000000e+00
4.025000000000000000e+03 1.610099138366452021e-01 3.203231679563040557e-01 4.597177969959034827e-01 1.849112426035502965e-01 3.504779244424215123e-02 0.000000000000000000e+00
4.050000000000000000e+03 1.620099754132702241e-01 3.175921711424670169e-01 4.640418752844788219e-01 1.836595357305416398e-01 3.470641784251251444e-02 0.000000000000000000e+00
4.075000000000000000e+03 1.630100369898954682e-01 3.131543013199817871e-01 4.784934000910332497e-01 1.752389622212107423e-01 3.311333636777423484e-02 0.000000000000000000e+00
4.100000000000000000e+03 1.640100985665204902e-01 3.091715976331361193e-01 4.824761037778789174e-01 1.791078743741465751e-01 2.924442421483841592e-02 0.000000000000000000e+00
4.125000000000000000e+03 1.650101601431457343e-01 3.086026399635867223e-01 4.889622212107418986e-01 1.736458807464724696e-01 2.878925807919890598e-02 0.000000000000000000e+00
4.150000000000000000e+03 1.660102217197707564e-01 3.117888029130632677e-01 4.907828857532999800e-01 1.689804278561675144e-01 2.844788347746927612e-02 0.000000000000000000e+00
4.175000000000000000e+03 1.670102832963960005e-01 3.050751024123805055e-01 4.904415111515703085e-01 1.777423759672280279e-01 2.674101046882111990e-02 0.000000000000000000e+00
4.200000000000000000e+03 1.680103448730210225e-01 2.944924897587619661e-01 5.001137915339098905e-01 1.843422849340008995e-01 2.105143377332726468e-02 0.000000000000000000e+00
4.225000000000000000e+03 1.690104064496460445e-01 2.956304050978607045e-01 4.992034592626308775e-01 1.870732817478379661e-01 1.809285389167045871e-02 0.000000000000000000e+00
4.250000000000000000e+03 1.700104680262712886e-01 2.870960400546199165e-01 5.042102867546655043e-01 1.858215748748293095e-01 2.287209831588529751e-02 0.000000000000000000e+00
4.275000000000000000e+03 1.710105296028963107e-01 2.864132908511606845e-01 5.105826126536185949e-01 1.805871643149749572e-01 2.241693218024579104e-02 0.000000000000000000e+00
4.300000000000000000e+03 1.720105911795215547e-01 2.744651797906235702e-01 5.197997269003186149e-01 1.845698680018206528e-01 2.116522530723714129e-02 0.000000000000000000e+00
4.325000000000000000e+03 1.730106527561465768e-01 2.686618115612198210e-01 5.234410559854346667e-01 1.868456986800182129e-01 2.105143377332726468e-02 0.000000000000000000e+00
4.350000000000000000e+03 1.740107143327718209e-01 2.683204369594902050e-01 5.285616750113791840e-01 1.866181156121984597e-01 1.649977241693217911e-02 0.000000000000000000e+00
4.375000000000000000e+03 1.750107759093968429e-01 2.530723714155666548e-01 5.384615384615384359e-01 1.931042330450614408e-01 1.536185707783340945e-02 0.000000000000000000e+00
4.400000000000000000e+03 1.760108374860220870e-01 2.488620846609012338e-01 5.459717796995903205e-01 1.901456531634046487e-01 1.502048247610377786e-02 0.000000000000000000e+00
4.425000000000000000e+03 1.770108990626471090e-01 2.452207555757851543e-01 5.494993172507965928e-01 1.913973600364132777e-01 1.388256713700500647e-02 0.000000000000000000e+00
4.450000000000000000e+03 1.780109606392723531e-01 2.391898042785616796e-01 5.616750113791534327e-01 1.875284478834774726e-01 1.160673645880746542e-02 0.000000000000000000e+00
4.475000000000000000e+03 1.790110222158973752e-01 2.350933090578060936e-01 5.702093764223942207e-01 1.795630405097860816e-01 1.513427401001365448e-02 0.000000000000000000e+00
4.500000000000000000e+03 1.800110837925226193e-01 2.233727810650887602e-01 5.822712790168411701e-01 1.787664997724169313e-01 1.558944014565316269e-02 0.000000000000000000e+00
4.525000000000000000e+03 1.810111453691476413e-01 2.225762403277196100e-01 5.905780609922621771e-01 1.750113791533909890e-01 1.183431952662721866e-02 0.000000000000000000e+00
4.550000000000000000e+03 1.820112069457726633e-01 2.188211197086936677e-01 5.905780609922621771e-01 1.804733727810650945e-01 1.012744651797906244e-02 0.000000000000000000e+00
4.575000000000000000e+03 1.830112685223979074e-01 2.181383705052344080e-01 5.900091033227128356e-01 1.822940373236231204e-01 9.558488848429677609e-03 0.000000000000000000e+00
4.600000000000000000e+03 1.840113300990229295e-01 2.192762858443331742e-01 5.904642694583522866e-01 1.784251251706872876e-01 1.183431952662721866e-02 0.000000000000000000e+00
4.625000000000000000e+03 1.850113916756481736e-01 2.130177514792899462e-01 5.930814747382794350e-01 1.816112881201638607e-01 1.228948566226672687e-02 0.000000000000000000e+00
4.650000000000000000e+03 1.860114532522731956e-01 2.144970414201183562e-01 5.937642239417387779e-01 1.777423759672280279e-01 1.399635867091488309e-02 0.000000000000000000e+00
4.675000000000000000e+03 1.870115148288984397e-01 2.127901684114701930e-01 5.997951752389621971e-01 1.770596267637687682e-01 1.035502958579881741e-02 0.000000000000000000e+00
4.700000000000000000e+03 1.880115764055234617e-01 2.032316795630405015e-01 6.085571233500227661e-01 1.775147928994082747e-01 1.069640418752844727e-02 0.000000000000000000e+00
4.725000000000000000e+03 1.890116379821487058e-01 1.997041420118343125e-01 6.161811561219845412e-01 1.741010468821119761e-01 1.001365498406918582e-02 0.000000000000000000e+00
4.750000000000000000e+03 1.900116995587737279e-01 1.953800637232590010e-01 6.251706873008647802e-01 1.690942193900773771e-01 1.035502958579881741e-02 0.000000000000000000e+00
4.775000000000000000e+03 1.910117611353989719e-01 1.946973145197997135e-01 6.340464269458352398e-01 1.619253527537551085e-01 9.330905780609922637e-03 0.000000000000000000e+00
4.800000000000000000e+03 1.920118227120239940e-01 1.879836140191169791e-01 6.383705052344105235e-01 1.622667273554847522e-01 1.137915339098771045e-02 0.000000000000000000e+00
4.825000000000000000e+03 1.930118842886492381e-01 1.875284478834774726e-01 6.418980427856167958e-01 1.609012289485662328e-01 9.672280382339554228e-03 0.000000000000000000e+00
4.850000000000000000e+03 1.940119458652742601e-01 1.949248975876194945e-01 6.464497041420118606e-01 1.483841602184797492e-01 1.024123805188893906e-02 0.000000000000000000e+00
4.875000000000000000e+03 1.950120074418995042e-01 1.830905780609922706e-01 6.632908511606736557e-01 1.445152480655439164e-01 9.103322712790167665e-03 0.000000000000000000e+00
4.900000000000000000e+03 1.960120690185245262e-01 1.762630860263996457e-01 6.731907146108329076e-01 1.418980427856167403e-01 8.648156577150659455e-03 0.000000000000000000e+00
4.925000000000000000e+03 1.970121305951495483e-01 1.681838871187983642e-01 6.843422849340009551e-01 1.429221665908056438e-01 4.551661356395083832e-03 0.000000000000000000e+00
4.950000000000000000e+03 1.980121921717747924e-01 1.603322712790168358e-01 6.941283568502503165e-01 1.408739189804278646e-01 4.665452890304961318e-03 0.000000000000000000e+00
4.975000000000000000e+03 1.990122537483998144e-01 1.494082840236686527e-01 7.051661356395084734e-01 1.414428766499772339e-01 3.982703686845699004e-03 0.000000000000000000e+00
5.000000000000000000e+03 2.000123153250250585e-01 1.352981338188438687e-01 7.183659535730542167e-01 1.424670004551661373e-01 3.868912152935821518e-03 0.000000000000000000e+00
5.025000000000000000e+03 2.010123769016500805e-01 1.248293126991351781e-01 7.254210286754665393e-01 1.445152480655439164e-01 5.234410559854347014e-03 0.000000000000000000e+00
5.050000000000000000e+03 2.020124384782753246e-01 1.285844333181611343e-01 7.246244879380974169e-01 1.439462903959945472e-01 2.844788347746927612e-03 0.000000000000000000e+00
5.075000000000000000e+03 2.030125000549003467e-01 1.222121074192080159e-01 7.290623577605825911e-01 1.459945380063723264e-01 2.730996813837050560e-03 0.000000000000000000e+00
5.100000000000000000e+03 2.040125616315255908e-01 1.187983614019117035e-01 7.316795630405097395e-01 1.472462448793809831e-01 2.275830678197541916e-03 0.000000000000000000e+00
5.125000000000000000e+03 2.050126232081506128e-01 1.168639053254437871e-01 7.345243513882566688e-01 1.469048702776513393e-01 1.706873008648156654e-03 0.000000000000000000e+00
5.150000000000000000e+03 2.060126847847758569e-01 1.132225762403277214e-01 7.390760127446518446e-01 1.462221210741920796e-01 1.479289940828402332e-03 0.000000000000000000e+00
5.175000000000000000e+03 2.070127463614008789e-01 1.069640418752844796e-01 7.436276741010469093e-01 1.486117432862995025e-01 7.965407373691396923e-04 0.000000000000000000e+00
5.200000000000000000e+03 2.080128079380261230e-01 1.046882111970869333e-01 7.452207555757851543e-01 1.481565771506599960e-01 1.934456076467910759e-03 0.000000000000000000e+00
5.225000000000000000e+03 2.090128695146511451e-01 1.010468821119708677e-01 7.498862084660901095e-01 1.473600364132908458e-01 1.706873008648156654e-03 0.000000000000000000e+00
5.250000000000000000e+03 2.100129310912761671e-01 9.786071916249430847e-02 7.551206190259445172e-01 1.456531634046426826e-01 1.365498406918525280e-03 0.000000000000000000e+00
5.275000000000000000e+03 2.110129926679014112e-01 9.763313609467455523e-02 7.555757851615839682e-01 1.455393718707328199e-01 1.251706873008648227e-03 0.000000000000000000e+00
5.300000000000000000e+03 2.120130542445264332e-01 9.558488848429676221e-02 7.588757396449704595e-01 1.436049157942649035e-01 1.934456076467910759e-03 0.000000000000000000e+00
5.325000000000000000e+03 2.130131158211516773e-01 9.638142922166591242e-02 7.577378243058716656e-01 1.442876649977241632e-01 1.593081474738279385e-03 0.000000000000000000e+00
5.350000000000000000e+03 2.140131773977766994e-01 9.797451069640418508e-02 7.567137005006827621e-01 1.445152480655439164e-01 7.965407373691396923e-04 0.000000000000000000e+00
5.375000000000000000e+03 2.150132389744019434e-01 9.911242603550296515e-02 7.547792444242148457e-01 1.447428311333636697e-01 1.365498406918525280e-03 0.000000000000000000e+00
5.400000000000000000e+03 2.160133005510269655e-01 9.877105143377332142e-02 7.552344105598542967e-01 1.441738734638143005e-01 1.820664542558033706e-03 0.000000000000000000e+00
5.425000000000000000e+03 2.170133621276522096e-01 1.001365498406918547e-01 7.537551206190259423e-01 1.441738734638143005e-01 1.934456076467910759e-03 0.000000000000000000e+00
5.450000000000000000e+03 2.180134237042772316e-01 9.911242603550296515e-02 7.535275375512061613e-01 1.442876649977241632e-01 3.072371415566681717e-03 0.000000000000000000e+00
5.475000000000000000e+03 2.190134852809024757e-01 9.899863450159307465e-02 7.560309512972235302e-01 1.431497496586253970e-01 1.820664542558033706e-03 0.000000000000000000e+00
5.500000000000000000e+03 2.200135468575274977e-01 9.854346836595356818e-02 7.559171597633136397e-01 1.429221665908056438e-01 2.617205279927173507e-03 0.000000000000000000e+00
5.525000000000000000e+03 2.210136084341527418e-01 9.740555302685480199e-02 7.581929904415111166e-01 1.421256258534364936e-01 2.275830678197541916e-03 0.000000000000000000e+00
5.550000000000000000e+03 2.220136700107777639e-01 9.638142922166591242e-02 7.586481565771506785e-01 1.432635411925352875e-01 1.706873008648156654e-03 0.000000000000000000e+00
5.575000000000000000e+03 2.230137315874030079e-01 9.968138370505234824e-02 7.558033682294037492e-01 1.431497496586253970e-01 1.365498406918525280e-03 0.000000000000000000e+00
5.600000000000000000e+03 2.240137931640280300e-01 9.706417842512517213e-02 7.564861174328629811e-01 1.441738734638143005e-01 2.275830678197541916e-03 0.000000000000000000e+00
5.625000000000000000e+03 2.250138547406530520e-01 9.672280382339554228e-02 7.573964497041419941e-01 1.441738734638143005e-01 1.706873008648156654e-03 0.000000000000000000e+00
5.650000000000000000e+03 2.260139163172782961e-01 9.854346836595356818e-02 7.543240782885752838e-01 1.444014565316340537e-01 2.730996813837050560e-03 0.000000000000000000e+00
5.675000000000000000e+03 2.270139778939033182e-01 1.013882567137004975e-01 7.500000000000000000e-01 1.453117888029130667e-01 3.299954483386436255e-03 0.000000000000000000e+00
