# itime ezz other fcc hcp bcc ico
0.000000000000000000e+00 0.000000000000000000e+00 0.000000000000000000e+00 1.000000000000000000e+00 0.000000000000000000e+00 0.000000000000000000e+00 0.000000000000000000e+00
5.000000000000000000e+01 1.999983802286608991e-03 0.000000000000000000e+00 1.000000000000000000e+00 0.000000000000000000e+00 0.000000000000000000e+00 0.000000000000000000e+00
1.000000000000000000e+02 3.999967604573440028e-03 0.000000000000000000e+00 1.000000000000000000e+00 0.000000000000000000e+00 0.000000000000000000e+00 0.000000000000000000e+00
1.500000000000000000e+02 5.999951406860049019e-03 0.000000000000000000e+00 1.000000000000000000e+00 0.000000000000000000e+00 0.000000000000000000e+00 0.000000000000000000e+00
2.000000000000000000e+02 7.999935209146658011e-03 0.000000000000000000e+00 1.000000000000000000e+00 0.000000000000000000e+00 0.000000000000000000e+00 0.000000000000000000e+00
2.500000000000000000e+02 9.999919011433489047e-03 0.000000000000000000e+00 1.000000000000000000e+00 0.000000000000000000e+00 0.000000000000000000e+00 0.000000000000000000e+00
3.000000000000000000e+02 1.199990281372009804e-02 0.000000000000000000e+00 1.000000000000000000e+00 0.000000000000000000e+00 0.000000000000000000e+00 0.000000000000000000e+00
3.500000000000000000e+02 1.399988661600670703e-02 0.000000000000000000e+00 1.000000000000000000e+00 0.000000000000000000e+00 0.000000000000000000e+00 0.000000000000000000e+00
4.000000000000000000e+02 1.599987041829353807e-02 0.000000000000000000e+00 1.000000000000000000e+00 0.000000000000000000e+00 0.000000000000000000e+00 0.000000000000000000e+00
4.500000000000000000e+02 1.799985422058014706e-02 0.000000000000000000e+00 1.000000000000000000e+00 0.000000000000000000e+00 0.000000000000000000e+00 0.000000000000000000e+00
5.000000000000000000e+02 1.999983802286675605e-02 0.000000000000000000e+00 1.000000000000000000e+00 0.000000000000000000e+00 0.000000000000000000e+00 0.000000000000000000e+00
5.500000000000000000e+02 2.199982182515358708e-02 0.000000000000000000e+00 1.000000000000000000e+00 0.000000000000000000e+00 0.000000000000000000e+00 0.000000000000000000e+00
6.000000000000000000e+02 2.399980562744019608e-02 0.000000000000000000e+00 1.000000000000000000e+00 0.000000000000000000e+00 0.000000000000000000e+00 0.000000000000000000e+00
6.500000000000000000e+02 2.599978942972680507e-02 0.000000000000000000e+00 1.000000000000000000e+00 0.000000000000000000e+00 0.000000000000000000e+00 0.000000000000000000e+00
7.000000000000000000e+02 2.799977323201363610e-02 0.000000000000000000e+00 1.000000000000000000e+00 0.000000000000000000e+00 0.000000000000000000e+00 0.000000000000000000e+00
7.500000000000000000e+02 2.999975703430024510e-02 0.000000000000000000e+00 1.000000000000000000e+00 0.000000000000000000e+00 0.000000000000000000e+00 0.000000000000000000e+00
8.000000000000000000e+02 3.199974083658685409e-02 0.000000000000000000e+00 1.000000000000000000e+00 0.000000000000000000e+00 0.000000000000000000e+00 0.000000000000000000e+00
8.500000000000000000e+02 3.399972463887368512e-02 0.000000000000000000e+00 1.000000000000000000e+00 0.000000000000000000e+00 0.000000000000000000e+00 0.000000000000000000e+00
9.000000000000000000e+02 3.599970844116029411e-02 0.000000000000000000e+00 1.000000000000000000e+00 0.000000000000000000e+00 0.000000000000000000e+00 0.000000000000000000e+00
9.500000000000000000e+02 3.799969224344690311e-02 0.000000000000000000e+00 1.000000000000000000e+00 0.000000000000000000e+00 0.000000000000000000e+00 0.000000000000000000e+00
1.000000000000000000e+03 3.999967604573373414e-02 0.000000000000000000e+00 1.000000000000000000e+00 0.000000000000000000e+00 0.000000000000000000e+00 0.000000000000000000e+00
1.050000000000000000e+03 4.199965984802034313e-02 0.000000000000000000e+00 1.000000000000000000e+00 0.000000000000000000e+00 0.000000000000000000e+00 0.000000000000000000e+00
1.100000000000000000e+03 4.399964365030695213e-02 0.000000000000000000e+00 1.000000000000000000e+00 0.000000000000000000e+00 0.000000000000000000e+00 0.000000000000000000e+00
1.150000000000000000e+03 4.599962745259378316e-02 0.000000000000000000e+00 1.000000000000000000e+00 0.000000000000000000e+00 0.000000000000000000e+00 0.000000000000000000e+00
1.200000000000000000e+03 4.799961125488039215e-02 0.000000000000000000e+00 1.000000000000000000e+00 0.000000000000000000e+00 0.000000000000000000e+00 0.000000000000000000e+00
1.250000000000000000e+03 4.999959505716700114e-02 0.000000000000000000e+00 1.000000000000000000e+00 0.000000000000000000e+00 0.000000000000000000e+00 0.000000000000000000e+00
1.300000000000000000e+03 5.199957885945383218e-02 0.000000000000000000e+00 1.000000000000000000e+00 0.000000000000000000e+00 0.000000000000000000e+00 0.000000000000000000e+00
1.350000000000000000e+03 5.399956266174044117e-02 0.000000000000000000e+00 1.000000000000000000e+00 0.000000000000000000e+00 0.000000000000000000e+00 0.000000000000000000e+00
1.400000000000000000e+03 5.599954646402705016e-02 0.000000000000000000e+00 1.000000000000000000e+00 0.000000000000000000e+00 0.000000000000000000e+00 0.000000000000000000e+00
1.450000000000000000e+03 5.799953026631388120e-02 0.000000000000000000e+00 1.000000000000000000e+00 0.000000000000000000e+00 0.000000000000000000e+00 0.000000000000000000e+00
1.500000000000000000e+03 5.999951406860049019e-02 0.000000000000000000e+00 1.000000000000000000e+00 0.000000000000000000e+00 0.000000000000000000e+00 0.000000000000000000e+00
1.550000000000000000e+03 6.199949787088709918e-02 0.000000000000000000e+00 1.000000000000000000e+00 0.000000000000000000e+00 0.000000000000000000e+00 0.000000000000000000e+00
1.600000000000000000e+03 6.399948167317393022e-02 0.000000000000000000e+00 1.000000000000000000e+00 0.000000000000000000e+00 0.000000000000000000e+00 0.000000000000000000e+00
1.650000000000000000e+03 6.599946547546053921e-02 0.000000000000000000e+00 1.000000000000000000e+00 0.000000000000000000e+00 0.000000000000000000e+00 0.000000000000000000e+00
1.700000000000000000e+03 6.799944927774737025e-02 2.275830678197542133e-04 9.997724169321802190e-01 0.000000000000000000e+00 0.000000000000000000e+00 0.000000000000000000e+00
1.750000000000000000e+03 6.999943308003397924e-02 0.000000000000000000e+00 1.000000000000000000e+00 0.000000000000000000e+00 0.000000000000000000e+00 0.000000000000000000e+00
1.800000000000000000e+03 7.199941688232058823e-02 0.000000000000000000e+00 1.000000000000000000e+00 0.000000000000000000e+00 0.000000000000000000e+00 0.000000000000000000e+00
1.850000000000000000e+03 7.399940068460741927e-02 0.000000000000000000e+00 1.000000000000000000e+00 0.000000000000000000e+00 0.000000000000000000e+00 0.000000000000000000e+00
1.900000000000000000e+03 7.599938448689402826e-02 4.551661356395084266e-04 9.995448338643604380e-01 0.000000000000000000e+00 0.000000000000000000e+00 0.000000000000000000e+00
1.950000000000000000e+03 7.799936828918063725e-02 0.000000000000000000e+00 1.000000000000000000e+00 0.000000000000000000e+00 0.000000000000000000e+00 0.000000000000000000e+00
2.000000000000000000e+03 7.999935209146746828e-02 4.551661356395084266e-04 9.995448338643604380e-01 0.000000000000000000e+00 0.000000000000000000e+00 0.000000000000000000e+00
2.050000000000000000e+03 8.199933589375407728e-02 1.137915339098771066e-04 9.998862084660901095e-01 0.000000000000000000e+00 0.000000000000000000e+00 0.000000000000000000e+00
2.100000000000000000e+03 8.399931969604068627e-02 5.689576695493854790e-04 9.994310423304506585e-01 0.000000000000000000e+00 0.000000000000000000e+00 0.000000000000000000e+00
2.150000000000000000e+03 8.599930349832751730e-02 4.551661356395084266e-04 9.995448338643604380e-01 0.000000000000000000e+00 0.000000000000000000e+00 0.000000000000000000e+00
2.200000000000000000e+03 8.799928730061412629e-02 1.251706873008648227e-03 9.986345015930814251e-01 0.000000000000000000e+00 1.137915339098771066e-04 0.000000000000000000e+00
2.250000000000000000e+03 8.999927110290073529e-02 4.551661356395084266e-04 9.994310423304506585e-01 0.000000000000000000e+00 1.137915339098771066e-04 0.000000000000000000e+00
2.300000000000000000e+03 9.199925490518756632e-02 2.275830678197542133e-04 9.997724169321802190e-01 0.000000000000000000e+00 0.000000000000000000e+00 0.000000000000000000e+00
2.350000000000000000e+03 9.399923870747417531e-02 1.706873008648156654e-03 9.982931269913518646e-01 0.000000000000000000e+00 0.000000000000000000e+00 0.000000000000000000e+00
2.400000000000000000e+03 9.599922250976078431e-02 1.706873008648156654e-03 9.981793354574419741e-01 0.000000000000000000e+00 1.137915339098771066e-04 0.000000000000000000e+00
2.450000000000000000e+03 9.799920631204761534e-02 1.706873008648156654e-03 9.982931269913518646e-01 0.000000000000000000e+00 0.000000000000000000e+00 0.000000000000000000e+00
2.500000000000000000e+03 9.999919011433422433e-02 1.365498406918525280e-03 9.985207100591716456e-01 0.000000000000000000e+00 1.137915339098771066e-04 0.000000000000000000e+00
2.550000000000000000e+03 1.019991739166208333e-01 3.982703686845699004e-03 9.960172963131542767e-01 0.000000000000000000e+00 0.000000000000000000e+00 0.000000000000000000e+00
2.600000000000000000e+03 1.039991577189076644e-01 3.755120619025944465e-03 9.957897132453344957e-01 0.000000000000000000e+00 4.551661356395084266e-04 0.000000000000000000e+00
2.650000000000000000e+03 1.059991415211942734e-01 7.510241238051888930e-03 9.921483841602184439e-01 0.000000000000000000e+00 3.413746017296313199e-04 0.000000000000000000e+00
2.700000000000000000e+03 1.079991253234808823e-01 3.982703686845699004e-03 9.957897132453344957e-01 0.000000000000000000e+00 2.275830678197542133e-04 0.000000000000000000e+00
2.750000000000000000e+03 1.099991091257677134e-01 8.420573509330906217e-03 9.913518434228493215e-01 0.000000000000000000e+00 2.275830678197542133e-04 0.000000000000000000e+00
2.800000000000000000e+03 1.119990929280543224e-01 1.058261265361857065e-02 9.888484296768320636e-01 0.000000000000000000e+00 5.689576695493854790e-04 0.000000000000000000e+00
2.850000000000000000e+03 1.139990767303409314e-01 1.251706873008648184e-02 9.866863905325443662e-01 0.000000000000000000e+00 7.965407373691396923e-04 0.000000000000000000e+00
2.900000000000000000e+03 1.159990605326277624e-01 2.002730996813837164e-02 9.774692762858443462e-01 0.000000000000000000e+00 2.503413746017296455e-03 0.000000000000000000e+00
2.950000000000000000e+03 1.179990443349143714e-01 3.322712790168411146e-02 9.626763768775603580e-01 0.000000000000000000e+00 4.096495220755575623e-03 0.000000000000000000e+00
3.000000000000000000e+03 1.199990281372009804e-01 6.770596267637687959e-02 9.037323623122439642e-01 0.000000000000000000e+00 2.856167501137915274e-02 0.000000000000000000e+00
3.050000000000000000e+03 1.219990119394878114e-01 1.873008648156577194e-01 6.084433318161128756e-01 0.000000000000000000e+00 2.042558033682294050e-01 0.000000000000000000e+00
3.100000000000000000e+03 1.239989957417744204e-01 3.581019572143832597e-01 1.978834774692762866e-01 2.275830678197542133e-04 4.437869822485207005e-01 0.000000000000000000e+00
3.150000000000000000e+03 1.259989795440610294e-01 3.899635867091488239e-01 1.304050978607191602e-01 5.689576695493854790e-04 4.790623577605825911e-01 0.000000000000000000e+00
3.200000000000000000e+03 1.279989633463478604e-01 3.627674101046882149e-01 2.009558488848429691e-01 1.137915339098770958e-03 4.351388256713700775e-01 0.000000000000000000e+00
3.250000000000000000e+03 1.299989471486344694e-01 4.189804278561675144e-01 1.685252617205279801e-01 9.786071916249430847e-03 4.027082385070550608e-01 0.000000000000000000e+00
3.300000000000000000e+03 1.319989309509210784e-01 4.137460172963131622e-01 1.523668639053254448e-01 2.071005917159763482e-02 4.131770596267637652e-01 0.000000000000000000e+00
3.350000000000000000e+03 1.339989147532079095e-01 4.238734638142921951e-01 1.430359581247155343e-01 5.393718707328174627e-02 3.791533909877105035e-01 0.000000000000000000e+00
3.400000000000000000e+03 1.359988985554945184e-01 4.494765589440145592e-01 1.862767410104688159e-01 1.040054619936276736e-01 2.602412380518889234e-01 0.000000000000000000e+00
3.450000000000000000e+03 1.379988823577811274e-01 4.487938097405553273e-01 2.264451524806554428e-01 1.385980883022303045e-01 1.861629494765589532e-01 0.000000000000000000e+00
3.500000000000000000e+03 1.399988661600679585e-01 4.369594902139281034e-01 2.527309968138370389e-01 1.408739189804278646e-01 1.694355939918070209e-01 0.000000000000000000e+00
3.550000000000000000e+03 1.419988499623545675e-01 4.208010923987255403e-01 2.756030951297223641e-01 1.483841602184797492e-01 1.552116522530723741e-01 0.000000000000000000e+00
3.600000000000000000e+03 1.439988337646411765e-01 4.097633136094674389e-01 2.868684569868001910e-01 1.609012289485662328e-01 1.424670004551661373e-01 0.000000000000000000e+00
3.650000000000000000e+03 1.459988175669280075e-01 4.065771506599908935e-01 2.996131087847064278e-01 1.723941738734638129e-01 1.214155666818388657e-01 0.000000000000000000e+00
3.700000000000000000e+03 1.479988013692146165e-01 4.134046426945835462e-01 3.144060081929904160e-01 1.764906690942193990e-01 9.569868001820663883e-02 0.000000000000000000e+00
3.750000000000000000e+03 1.499987851715012255e-01 3.940600819299044377e-01 3.323850705507510050e-01 1.873008648156577194e-01 8.625398270368685172e-02 0.000000000000000000e+00
3.800000000000000000e+03 1.519987689737880565e-01 3.866636322257623881e-01 3.510468821119708815e-01 1.850250341374601593e-01 7.726445152480655720e-02 0.000000000000000000e+00
3.850000000000000000e+03 1.539987527760746655e-01 3.735776058261265353e-01 3.701638598088302090e-01 1.916249431042330587e-01 6.463359126081019701e-02 0.000000000000000000e+00
3.900000000000000000e+03 1.559987365783612745e-01 3.702776513427400995e-01 3.783568502503413811e-01 2.009558488848429691e-01 5.040964952207555722e-02 0.000000000000000000e+00
3.950000000000000000e+03 1.579987203806481055e-01 3.593536640873918886e-01 3.880291306326809075e-01 2.012972234865725851e-01 5.131998179335457710e-02 0.000000000000000000e+00
4.000000000000000000e+03 1.599987041829347145e-01 3.542330450614474269e-01 3.975876194811105990e-01 1.965179790623577671e-01 5.166135639508420696e-02 0.000000000000000000e+00
4.050000000000000000e+03 1.619986879852213235e-01 3.477469276285844457e-01 4.088529813381884259e-01 1.951524806554392477e-01 4.813381884387801790e-02 1.137915339098771066e-04
4.100000000000000000e+03 1.639986717875081546e-01 3.412608101957214646e-01 4.221665908056440597e-01 1.979972690031861493e-01 3.857532999544834029e-02 0.000000000000000000e+00
4.150000000000000000e+03 1.659986555897947635e-01 3.335229858898497990e-01 4.288802913063268218e-01 1.964041875284478766e-01 4.119253527537550946e-02 0.000000000000000000e+00
4.200000000000000000e+03 1.679986393920813725e-01 3.387573964497041512e-01 4.286527082385070408e-01 1.921939007737824279e-01 4.039599453800637313e-02 0.000000000000000000e+00
4.250000000000000000e+03 1.699986231943682036e-01 3.350022758306782089e-01 4.343422849340008995e-01 1.916249431042330587e-01 3.903049613108784677e-02 0.000000000000000000e+00
4.300000000000000000e+03 1.719986069966548126e-01 3.251024123805189014e-01 4.385525716886663483e-01 1.942421483841602070e-01 4.210286754665452935e-02 0.000000000000000000e+00
4.350000000000000000e+03 1.739985907989414216e-01 3.199817933545744397e-01 4.379836140191169513e-01 1.954938552571688637e-01 4.654073736913973830e-02 0.000000000000000000e+00
4.400000000000000000e+03 1.759985746012282526e-01 3.065543923532089154e-01 4.400318616294947582e-01 1.998179335457442030e-01 5.359581247155211642e-02 0.000000000000000000e+00
4.450000000000000000e+03 1.779985584035148616e-01 3.100819299044151323e-01 4.459490213928083979e-01 2.075557578516158408e-01 3.641329085116067066e-02 0.000000000000000000e+00
4.500000000000000000e+03 1.799985422058014706e-01 3.050751024123805055e-01 4.486800182066454368e-01 2.092626308602640040e-01 3.698224852071006069e-02 0.000000000000000000e+00
4.550000000000000000e+03 1.819985260080883016e-01 2.987027765134274149e-01 4.574419663177059503e-01 2.109695038689121394e-01 3.288575329995448160e-02 0.000000000000000000e+00
4.600000000000000000e+03 1.839985098103749106e-01 2.815202548930359483e-01 4.668866636322257513e-01 2.221210741920801035e-01 2.947200728265816916e-02 0.000000000000000000e+00
4.650000000000000000e+03 1.859984936126615196e-01 2.801547564861174289e-01 4.659763313609467383e-01 2.223486572598998567e-01 3.152025489303595523e-02 0.000000000000000000e+00
4.700000000000000000e+03 1.879984774149483506e-01 2.815202548930359483e-01 4.643832498862084934e-01 2.253072371415566766e-01 2.878925807919890598e-02 0.000000000000000000e+00
4.750000000000000000e+03 1.899984612172349596e-01 2.851615839781520001e-01 4.659763313609467383e-01 2.272416932180245652e-01 2.162039144287665124e-02 0.000000000000000000e+00
4.800000000000000000e+03 1.919984450195215686e-01 2.825443786982248517e-01 4.685935366408739422e-01 2.209831588529813373e-01 2.787892580791988956e-02 0.000000000000000000e+00
4.850000000000000000e+03 1.939984288218083996e-01 2.763996358670914866e-01 4.789485662266727561e-01 2.152935821574874786e-01 2.935821574874829254e-02 0.000000000000000000e+00
4.900000000000000000e+03 1.959984126240950086e-01 2.768548020027309930e-01 4.847519344560764498e-01 2.105143377332726329e-01 2.787892580791988956e-02 0.000000000000000000e+00
4.950000000000000000e+03 1.979983964263818397e-01 2.725307237141556538e-01 4.929449248975876219e-01 2.092626308602640040e-01 2.526172052799271692e-02 0.000000000000000000e+00
5.000000000000000000e+03 1.999983802286684487e-01 2.668411470186617951e-01 4.957897132453345512e-01 2.105143377332726329e-01 2.685480200273099652e-02 0.000000000000000000e+00
5.050000000000000000e+03 2.019983640309550577e-01 2.655894401456531662e-01 4.923759672280382249e-01 2.192762858443331742e-01 2.275830678197542090e-02 0.000000000000000000e+00
5.100000000000000000e+03 2.039983478332418887e-01 2.691169776968593275e-01 4.837278106508875464e-01 2.239417387346381294e-01 2.321347291761493084e-02 0.000000000000000000e+00
5.150000000000000000e+03 2.059983316355284977e-01 2.636549840691852498e-01 4.895311788802912956e-01 2.270141101502048120e-01 1.979972690031861493e-02 0.000000000000000000e+00
5.200000000000000000e+03 2.079983154378151067e-01 2.506827492034592875e-01 4.969276285844333452e-01 2.314519799726900418e-01 2.093764223941738806e-02 0.000000000000000000e+00
5.250000000000000000e+03 2.099982992401019377e-01 2.548930359581247362e-01 5.007965407373691225e-01 2.300864815657714946e-01 1.422394173873463806e-02 0.000000000000000000e+00
5.300000000000000000e+03 2.119982830423885467e-01 2.603550295857988139e-01 4.878243058716431602e-01 2.324761037778789174e-01 1.934456076467910846e-02 0.000000000000000000e+00
5.350000000000000000e+03 2.139982668446751557e-01 2.588757396449704040e-01 4.846381429221666148e-01 2.410104688211197055e-01 1.547564861174328607e-02 0.000000000000000000e+00
5.400000000000000000e+03 2.159982506469619867e-01 2.563723258989530907e-01 4.922621756941283344e-01 2.356622667273554905e-01 1.570323167956303931e-02 0.000000000000000000e+00
5.450000000000000000e+03 2.179982344492485957e-01 2.539827036868457233e-01 4.902139280837505830e-01 2.385070550751024199e-01 1.729631315430131891e-02 0.000000000000000000e+00
5.500000000000000000e+03 2.199982182515352047e-01 2.493172507965407403e-01 4.920345926263086089e-01 2.387346381429221731e-01 1.991351843422849502e-02 0.000000000000000000e+00
5.550000000000000000e+03 2.219982020538220358e-01 2.472690031861629611e-01 4.906690942193900895e-01 2.415794264906691025e-01 2.048247610377787811e-02 0.000000000000000000e+00
5.600000000000000000e+03 2.239981858561086447e-01 2.437414656349567721e-01 4.865725989986344757e-01 2.461310878470641672e-01 2.355484751934456070e-02 0.000000000000000000e+00
5.650000000000000000e+03 2.259981696583952537e-01 2.505689576695493970e-01 4.906690942193900895e-01 2.436276741010468816e-01 1.513427401001365448e-02 0.000000000000000000e+00
5.700000000000000000e+03 2.279981534606820848e-01 2.488620846609012338e-01 4.846381429221666148e-01 2.494310423304506030e-01 1.706873008648156567e-02 0.000000000000000000e+00
5.750000000000000000e+03 2.299981372629686938e-01 2.484069185252617273e-01 4.920345926263086089e-01 2.446517979062357850e-01 1.490669094219390124e-02 0.000000000000000000e+00
5.800000000000000000e+03 2.319981210652553028e-01 2.487482931269913433e-01 4.963586709148839482e-01 2.385070550751024199e-01 1.638598088302230249e-02 0.000000000000000000e+00
5.850000000000000000e+03 2.339981048675421338e-01 2.402139280837505553e-01 5.094446973145198010e-01 2.340691852526172179e-01 1.627218934911242587e-02 0.000000000000000000e+00
5.900000000000000000e+03 2.359980886698287428e-01 2.398725534820209393e-01 5.262858443331815961e-01 2.198452435138825711e-01 1.399635867091488309e-02 0.000000000000000000e+00
5.950000000000000000e+03 2.379980724721153518e-01 2.349795175238962308e-01 5.366408739189804100e-01 2.168866636322257513e-01 1.149294492489758707e-02 0.000000000000000000e+00
6.000000000000000000e+03 2.399980562744021828e-01 2.291761492944924816e-01 5.465407373691397730e-01 2.122212107419207960e-01 1.206190259444697363e-02 0.000000000000000000e+00
6.050000000000000000e+03 2.419980400766887918e-01 2.280382339553937154e-01 5.496131087847063723e-01 2.078971324533454845e-01 1.445152480655439303e-02 0.000000000000000000e+00
6.100000000000000000e+03 2.439980238789754008e-01 2.282658170232134687e-01 5.461993627674101015e-01 2.142694583522985752e-01 1.126536185707783383e-02 0.000000000000000000e+00
6.150000000000000000e+03 2.459980076812622318e-01 2.314519799726900418e-01 5.472234865725990050e-01 2.106281292671825234e-01 1.069640418752844727e-02 0.000000000000000000e+00
6.200000000000000000e+03 2.479979914835488408e-01 2.311106053709603980e-01 5.459717796995903205e-01 2.104005461993627701e-01 1.251706873008648184e-02 0.000000000000000000e+00
6.250000000000000000e+03 2.499979752858354498e-01 2.288347746927628656e-01 5.496131087847063723e-01 2.066454255803368278e-01 1.490669094219390124e-02 0.000000000000000000e+00
6.300000000000000000e+03 2.519979590881222808e-01 2.265589440145653055e-01 5.546199362767409990e-01 2.035730541647701453e-01 1.524806554392353283e-02 0.000000000000000000e+00
6.350000000000000000e+03 2.539979428904088898e-01 2.256486117432862926e-01 5.563268092853891345e-01 2.069868001820664438e-01 1.103777878925807886e-02 0.000000000000000000e+00
6.400000000000000000e+03 2.559979266926954988e-01 2.247382794720072796e-01 5.587164314974966128e-01 2.047109695038689114e-01 1.183431952662721866e-02 0.000000000000000000e+00
6.450000000000000000e+03 2.579979104949823299e-01 2.287209831588529751e-01 5.573509330905780379e-01 1.999317250796540657e-01 1.399635867091488309e-02 0.000000000000000000e+00
6.500000000000000000e+03 2.599978942972689389e-01 2.274692762858443462e-01 5.555302685480200120e-01 2.018661811561219821e-01 1.513427401001365448e-02 0.000000000000000000e+00
6.550000000000000000e+03 2.619978780995555478e-01 2.296313154301319881e-01 5.547337278106508895e-01 2.031178880291306388e-01 1.251706873008648184e-02 0.000000000000000000e+00
6.600000000000000000e+03 2.639978619018423789e-01 2.272416932180245652e-01 5.625853436504324456e-01 1.983386436049157930e-01 1.183431952662721866e-02 0.000000000000000000e+00
6.650000000000000000e+03 2.659978457041289879e-01 2.286071916249431124e-01 5.671370050068275104e-01 1.904870277651342647e-01 1.376877560309512985e-02 0.000000000000000000e+00
6.700000000000000000e+03 2.679978295064155969e-01 2.322485207100591642e-01 5.663404642694583879e-01 1.878698224852070886e-01 1.354119253527537488e-02 0.000000000000000000e+00
6.750000000000000000e+03 2.699978133087024279e-01 2.353208921256258468e-01 5.710059171597633432e-01 1.817250796540737234e-01 1.194811106053709528e-02 0.000000000000000000e+00
6.800000000000000000e+03 2.719977971109890369e-01 2.378243058716431602e-01 5.706645425580336717e-01 1.819526627218935044e-01 9.558488848429677609e-03 0.000000000000000000e+00
6.850000000000000000e+03 2.739977809132756459e-01 2.363450159308147502e-01 5.763541192535275304e-01 1.778561675011379184e-01 9.444697314519799256e-03 0.000000000000000000e+00
6.900000000000000000e+03 2.759977647155624769e-01 2.319071461083295482e-01 5.788575329995447882e-01 1.778561675011379184e-01 1.137915339098771045e-02 0.000000000000000000e+00
6.950000000000000000e+03 2.779977485178490859e-01 2.344105598543468338e-01 5.810195721438324856e-01 1.734182976786527164e-01 1.115157032316795548e-02 0.000000000000000000e+00
7.000000000000000000e+03 2.799977323201356949e-01 2.356622667273554905e-01 5.851160673645880994e-01 1.676149294492489672e-01 1.160673645880746542e-02 0.000000000000000000e+00
7.050000000000000000e+03 2.819977161224225259e-01 2.314519799726900418e-01 5.925125170687300935e-01 1.637460172963131622e-01 1.228948566226672687e-02 0.000000000000000000e+00
7.100000000000000000e+03 2.839976999247091349e-01 2.337278106508875741e-01 5.974055530268548297e-01 1.588529813381884259e-01 1.001365498406918582e-02 0.000000000000000000e+00
7.150000000000000000e+03 2.859976837269957439e-01 2.240555302685480199e-01 6.091260810195721076e-01 1.555530268548019901e-01 1.126536185707783383e-02 0.000000000000000000e+00
7.200000000000000000e+03 2.879976675292825750e-01 2.231451979972690070e-01 6.116294947655894765e-01 1.527082385070550885e-01 1.251706873008648184e-02 0.000000000000000000e+00
7.250000000000000000e+03 2.899976513315691840e-01 2.267865270823850588e-01 6.125398270368684894e-01 1.516841147018661851e-01 8.989531178880291046e-03 0.000000000000000000e+00
7.300000000000000000e+03 2.919976351338557929e-01 2.262175694128356895e-01 6.098088302230314506e-01 1.511151570323167881e-01 1.285844333181611343e-02 0.000000000000000000e+00
7.350000000000000000e+03 2.939976189361426240e-01 2.230314064633591165e-01 6.149294492489758568e-01 1.491807009558488717e-01 1.285844333181611343e-02 0.000000000000000000e+00
7.400000000000000000e+03 2.959976027384292330e-01 2.276968593536640995e-01 6.098088302230314506e-01 1.514565316340464318e-01 1.103777878925807886e-02 0.000000000000000000e+00
7.450000000000000000e+03 2.979975865407158420e-01 2.241693218024579104e-01 6.095812471552116696e-01 1.548702776513427304e-01 1.137915339098771045e-02 0.000000000000000000e+00
7.500000000000000000e+03 2.999975703430026730e-01 2.266727355484751960e-01 6.095812471552116696e-01 1.510013654984069253e-01 1.274465179790623508e-02 0.000000000000000000e+00
7.550000000000000000e+03 3.019975541452892820e-01 2.246244879380974169e-01 6.045744196631770428e-01 1.586253982703686727e-01 1.217569412835685025e-02 0.000000000000000000e+00
7.600000000000000000e+03 3.039975379475758910e-01 2.288347746927628656e-01 6.068502503413746307e-01 1.535047792444242110e-01 1.081019572143832562e-02 0.000000000000000000e+00
7.650000000000000000e+03 3.059975217498627220e-01 2.238279472007282667e-01 6.117432862994993670e-01 1.541875284478834707e-01 1.024123805188893906e-02 0.000000000000000000e+00
7.700000000000000000e+03 3.079975055521493310e-01 2.269003186162949492e-01 6.083295402822029851e-01 1.537323623122439642e-01 1.103777878925807886e-02 0.000000000000000000e+00
7.750000000000000000e+03 3.099974893544359400e-01 2.248520710059171701e-01 6.076467910787437532e-01 1.570323167956304000e-01 1.046882111970869403e-02 0.000000000000000000e+00
7.800000000000000000e+03 3.119974731567227710e-01 2.292899408284023721e-01 6.012744651797906625e-01 1.580564406008193035e-01 1.137915339098771045e-02 0.000000000000000000e+00
7.850000000000000000e+03 3.139974569590093800e-01 2.381656804733727761e-01 5.959262630860263643e-01 1.533909877105143482e-01 1.251706873008648184e-02 0.000000000000000000e+00
7.900000000000000000e+03 3.159974407612959890e-01 2.362312243969048597e-01 5.962676376877560358e-01 1.558944014565316338e-01 1.160673645880746542e-02 0.000000000000000000e+00
7.950000000000000000e+03 3.179974245635828201e-01 2.296313154301319881e-01 5.999089667728720876e-01 1.587391898042785632e-01 1.172052799271734204e-02 0.000000000000000000e+00
8.000000000000000000e+03 3.199974083658694290e-01 2.304278561675011383e-01 6.011606736458807720e-01 1.523668639053254448e-01 1.604460628129267263e-02 0.000000000000000000e+00
8.050000000000000000e+03 3.219973921681560380e-01 2.353208921256258468e-01 5.938780154756485574e-01 1.522530723714155543e-01 1.854802002730996865e-02 0.000000000000000000e+00
8.100000000000000000e+03 3.239973759704428691e-01 2.355484751934456000e-01 5.954710969503869133e-01 1.523668639053254448e-01 1.661356395084205573e-02 0.000000000000000000e+00
8.150000000000000000e+03 3.259973597727294781e-01 2.270141101502048120e-01 5.986572598998634032e-01 1.577150659990896597e-01 1.661356395084205573e-02 0.000000000000000000e+00
8.200000000000000000e+03 3.279973435750163091e-01 2.272416932180245652e-01 5.956986800182066943e-01 1.599908966772872199e-01 1.706873008648156567e-02 0.000000000000000000e+00
8.250000000000000000e+03 3.299973273773029181e-01 2.249658625398270329e-01 5.914883932635411901e-01 1.676149294492489672e-01 1.593081474738279601e-02 0.000000000000000000e+00
8.300000000000000000e+03 3.319973111795895271e-01 2.233727810650887602e-01 5.961538461538461453e-01 1.679563040509786109e-01 1.251706873008648184e-02 0.000000000000000000e+00
8.350000000000000000e+03 3.339972949818763581e-01 2.195038689121529274e-01 5.995675921711424161e-01 1.686390532544378706e-01 1.228948566226672687e-02 0.000000000000000000e+00
8.400000000000000000e+03 3.359972787841629671e-01 2.213245334547109811e-01 5.953573054164770229e-01 1.681838871187983642e-01 1.513427401001365448e-02 0.000000000000000000e+00
8.450000000000000000e+03 3.379972625864495761e-01 2.193900773782430647e-01 5.927401001365498745e-01 1.741010468821119761e-01 1.376877560309512985e-02 0.000000000000000000e+00
8.500000000000000000e+03 3.399972463887364071e-01 2.240555302685480199e-01 5.885298133818843702e-01 1.713700500682749095e-01 1.604460628129267263e-02 0.000000000000000000e+00
8.550000000000000000e+03 3.419972301910230161e-01 2.298588984979517413e-01 5.875056895766954668e-01 1.694355939918070209e-01 1.319981793354574502e-02 0.000000000000000000e+00
8.600000000000000000e+03 3.439972139933096251e-01 2.307692307692307820e-01 5.918297678652708615e-01 1.640873918980427781e-01 1.331360946745562164e-02 0.000000000000000000e+00
8.650000000000000000e+03 3.459971977955964562e-01 2.304278561675011383e-01 5.884160218479744797e-01 1.640873918980427781e-01 1.706873008648156567e-02 0.000000000000000000e+00
8.700000000000000000e+03 3.479971815978830652e-01 2.348657259899863403e-01 5.820436959490213891e-01 1.664770141101502010e-01 1.661356395084205573e-02 0.000000000000000000e+00
8.750000000000000000e+03 3.499971654001696741e-01 2.356622667273554905e-01 5.843195266272189770e-01 1.677287209831588577e-01 1.228948566226672687e-02 0.000000000000000000e+00
8.800000000000000000e+03 3.519971492024565052e-01 2.316795630405097950e-01 5.912608101957214091e-01 1.673873463814292140e-01 9.672280382339554228e-03 0.000000000000000000e+00
8.850000000000000000e+03 3.539971330047431142e-01 2.378243058716431602e-01 5.821574874829312796e-01 1.679563040509786109e-01 1.206190259444697363e-02 0.000000000000000000e+00
8.900000000000000000e+03 3.559971168070297232e-01 2.414656349567592120e-01 5.786299499317251183e-01 1.694355939918070209e-01 1.046882111970869403e-02 0.000000000000000000e+00
8.950000000000000000e+03 3.579971006093165542e-01 2.408966772872098427e-01 5.776058261265362148e-01 1.709148839326354030e-01 1.058261265361857065e-02 0.000000000000000000e+00
9.000000000000000000e+03 3.599970844116031632e-01 2.404415111515703363e-01 5.790851160673645692e-01 1.695493855257168836e-01 1.092398725534820224e-02 0.000000000000000000e+00
9.050000000000000000e+03 3.619970682138897722e-01 2.474965862539827144e-01 5.751024123805188459e-01 1.663632225762403383e-01 1.103777878925807886e-02 0.000000000000000000e+00
9.100000000000000000e+03 3.639970520161766032e-01 2.435138825671370189e-01 5.791989076012744597e-01 1.662494310423304478e-01 1.103777878925807886e-02 0.000000000000000000e+00
9.150000000000000000e+03 3.659970358184632122e-01 2.454483386436049075e-01 5.786299499317251183e-01 1.661356395084205850e-01 9.786071916249430847e-03 0.000000000000000000e+00
9.200000000000000000e+03 3.679970196207498212e-01 2.420345926263086089e-01 5.806781975421028141e-01 1.651115157032316816e-01 1.217569412835685025e-02 0.000000000000000000e+00
9.250000000000000000e+03 3.699970034230366522e-01 2.420345926263086089e-01 5.761265361857077494e-01 1.703459262630860338e-01 1.149294492489758707e-02 0.000000000000000000e+00
9.300000000000000000e+03 3.719969872253232612e-01 2.430587164314974846e-01 5.751024123805188459e-01 1.711424670004551563e-01 1.069640418752844727e-02 0.000000000000000000e+00
9.350000000000000000e+03 3.739969710276098702e-01 2.509103322712790130e-01 5.686162949476558648e-01 1.713700500682749095e-01 9.103322712790167665e-03 0.000000000000000000e+00
9.400000000000000000e+03 3.759969548298967013e-01 2.521620391442876419e-01 5.664542558033682784e-01 1.731907146108329631e-01 8.192990441511151245e-03 0.000000000000000000e+00
9.450000000000000000e+03 3.779969386321833102e-01 2.523896222121074229e-01 5.681611288120164138e-01 1.694355939918070209e-01 1.001365498406918582e-02 0.000000000000000000e+00
9.500000000000000000e+03 3.799969224344699192e-01 2.543240782885753393e-01 5.739644970414201630e-01 1.629494765589440120e-01 8.761948111060537808e-03 0.000000000000000000e+00
9.550000000000000000e+03 3.819969062367567503e-01 2.576240327719617751e-01 5.708921256258534527e-01 1.624943104233045055e-01 8.989531178880291046e-03 0.000000000000000000e+00
9.600000000000000000e+03 3.839968900390433593e-01 2.492034592626308498e-01 5.745334547109695045e-01 1.653390987710514348e-01 1.092398725534820224e-02 0.000000000000000000e+00
9.650000000000000000e+03 3.859968738413299683e-01 2.420345926263086089e-01 5.787437414656350088e-01 1.726217569412835662e-01 6.599908966772872511e-03 0.000000000000000000e+00
9.700000000000000000e+03 3.879968576436167993e-01 2.445380063723258945e-01 5.809057806099225951e-01 1.693218024578971304e-01 5.234410559854347014e-03 0.000000000000000000e+00
9.750000000000000000e+03 3.899968414459036303e-01 2.386208466090122826e-01 5.868229403732362348e-01 1.695493855257168836e-01 5.006827492034592909e-03 0.000000000000000000e+00
9.800000000000000000e+03 3.919968252481900173e-01 2.309968138370505353e-01 5.918297678652708615e-01 1.713700500682749095e-01 5.803368229403732710e-03 0.000000000000000000e+00
9.850000000000000000e+03 3.939968090504766263e-01 2.312243969048702885e-01 5.908056440600819581e-01 1.713700500682749095e-01 6.599908966772872511e-03 0.000000000000000000e+00
9.900000000000000000e+03 3.959967928527634573e-01 2.247382794720072796e-01 5.964952207555758168e-01 1.726217569412835662e-01 6.144742831133363434e-03 0.000000000000000000e+00
9.950000000000000000e+03 3.979967766550502883e-01 2.321347291761493015e-01 5.961538461538461453e-01 1.653390987710514348e-01 6.372325898953117539e-03 0.000000000000000000e+00
1.000000000000000000e+04 3.999967604573368973e-01 2.284934000910332219e-01 5.984296768320437332e-01 1.690942193900773771e-01 3.982703686845699004e-03 0.000000000000000000e+00
1.005000000000000000e+04 4.019967442596232843e-01 2.224624487938097472e-01 6.043468365953572619e-01 1.668183887118798447e-01 6.372325898953117539e-03 0.000000000000000000e+00
1.010000000000000000e+04 4.039967280619101153e-01 2.255348202093764298e-01 6.065088757396449592e-01 1.622667273554847522e-01 5.689576695493855224e-03 0.000000000000000000e+00
1.015000000000000000e+04 4.059967118641969464e-01 2.225762403277196100e-01 6.090122894856622171e-01 1.630632680928539024e-01 5.348202093764223633e-03 0.000000000000000000e+00
1.020000000000000000e+04 4.079966956664835553e-01 2.241693218024579104e-01 6.053709604005461653e-01 1.648839326354119283e-01 5.575785161583977738e-03 0.000000000000000000e+00
1.025000000000000000e+04 4.099966794687701643e-01 2.271279016841147025e-01 6.033227127901683584e-01 1.646563495675921751e-01 4.893035958124715423e-03 0.000000000000000000e+00
1.030000000000000000e+04 4.119966632710569954e-01 2.287209831588529751e-01 6.032089212562585789e-01 1.646563495675921751e-01 3.413746017296313308e-03 0.000000000000000000e+00
1.035000000000000000e+04 4.139966470733438264e-01 2.238279472007282667e-01 6.030951297223486884e-01 1.660218479745106945e-01 7.055075102412380721e-03 0.000000000000000000e+00
1.040000000000000000e+04 4.159966308756302134e-01 2.236003641329085134e-01 6.042330450614474824e-01 1.673873463814292140e-01 4.779244424214838804e-03 0.000000000000000000e+00
1.045000000000000000e+04 4.179966146779168223e-01 2.269003186162949492e-01 6.026399635867091265e-01 1.667045971779699542e-01 3.755120619025944465e-03 0.000000000000000000e+00
1.050000000000000000e+04 4.199965984802036534e-01 2.200728265817023244e-01 6.112881201638598050e-01 1.620391442876649990e-01 6.599908966772872511e-03 0.000000000000000000e+00
1.055000000000000000e+04 4.219965822824904844e-01 2.168866636322257513e-01 6.207328174783796060e-01 1.568047337278106468e-01 5.575785161583977738e-03 0.000000000000000000e+00
1.060000000000000000e+04 4.239965660847770934e-01 2.152935821574874786e-01 6.226672735548475224e-01 1.561219845243513871e-01 5.917159763313609329e-03 0.000000000000000000e+00
1.065000000000000000e+04 4.259965498870634804e-01 2.086936731907146070e-01 6.275603095129722586e-01 1.579426490669094130e-01 5.803368229403732710e-03 0.000000000000000000e+00
1.070000000000000000e+04 4.279965336893503114e-01 2.134729176149294527e-01 6.281292671825216001e-01 1.529358215748748417e-01 5.461993627674101119e-03 0.000000000000000000e+00
1.075000000000000000e+04 4.299965174916371424e-01 2.096040054619936199e-01 6.310878470641784199e-01 1.531634046426945950e-01 6.144742831133363434e-03 0.000000000000000000e+00
1.080000000000000000e+04 4.319965012939237514e-01 2.107419208010923861e-01 6.301775147928994070e-01 1.535047792444242110e-01 5.575785161583977738e-03 0.000000000000000000e+00
1.085000000000000000e+04 4.339964850962103604e-01 2.149522075557578626e-01 6.264223941738734647e-01 1.538461538461538547e-01 4.779244424214838804e-03 0.000000000000000000e+00
1.090000000000000000e+04 4.359964688984971914e-01 2.125625853436504398e-01 6.297223486572598450e-01 1.522530723714155543e-01 5.461993627674101119e-03 0.000000000000000000e+00
1.095000000000000000e+04 4.379964527007840225e-01 2.140418752844788219e-01 6.257396449704142327e-01 1.540737369139736079e-01 6.144742831133363434e-03 0.000000000000000000e+00
1.100000000000000000e+04 4.399964365030704094e-01 2.203004096495220776e-01 6.235776058261265353e-01 1.481565771506599960e-01 7.965407373691398007e-03 0.000000000000000000e+00
1.105000000000000000e+04 4.419964203053570184e-01 2.213245334547109811e-01 6.251706873008647802e-01 1.467910787437414766e-01 6.713700500682749130e-03 0.000000000000000000e+00
1.110000000000000000e+04 4.439964041076438495e-01 2.208693673190714746e-01 6.251706873008647802e-01 1.455393718707328199e-01 8.420573509330906217e-03 0.000000000000000000e+00
1.115000000000000000e+04 4.459963879099306805e-01 2.208693673190714746e-01 6.284706417842512716e-01 1.425807919890760000e-01 8.079198907601274626e-03 0.000000000000000000e+00
1.120000000000000000e+04 4.479963717122172895e-01 2.182521620391442985e-01 6.298361401911697355e-01 1.428083750568957533e-01 9.103322712790167665e-03 0.000000000000000000e+00
1.125000000000000000e+04 4.499963555145036764e-01 2.159763313609467383e-01 6.332498862084661173e-01 1.423532089212562468e-01 8.420573509330906217e-03 0.000000000000000000e+00
1.130000000000000000e+04 4.519963393167905075e-01 2.171142467000455045e-01 6.350705507510241432e-01 1.425807919890760000e-01 5.234410559854347014e-03 0.000000000000000000e+00
1.135000000000000000e+04 4.539963231190775605e-01 2.163177059626763821e-01 6.370050068274920596e-01 1.437187073281747940e-01 2.958579881656804664e-03 0.000000000000000000e+00
