# itime ezz other fcc hcp bcc ico
0.000000000000000000e+00 0.000000000000000000e+00 7.965407373691396923e-04 9.992034592626308775e-01 0.000000000000000000e+00 0.000000000000000000e+00 0.000000000000000000e+00
2.500000000000000000e+02 9.999774493110180629e-04 1.251706873008648227e-03 9.987482931269913156e-01 0.000000000000000000e+00 0.000000000000000000e+00 0.000000000000000000e+00
5.000000000000000000e+02 1.999954898622036126e-03 7.965407373691396923e-04 9.992034592626308775e-01 0.000000000000000000e+00 0.000000000000000000e+00 0.000000000000000000e+00
7.500000000000000000e+02 2.999932347933054189e-03 7.965407373691396923e-04 9.992034592626308775e-01 0.000000000000000000e+00 0.000000000000000000e+00 0.000000000000000000e+00
1.000000000000000000e+03 3.999909797244294296e-03 5.689576695493854790e-04 9.993172507965407680e-01 0.000000000000000000e+00 1.137915339098771066e-04 0.000000000000000000e+00
1.250000000000000000e+03 4.999887246555312359e-03 1.479289940828402332e-03 9.985207100591716456e-01 0.000000000000000000e+00 0.000000000000000000e+00 0.000000000000000000e+00
1.500000000000000000e+03 5.999864695866330422e-03 2.503413746017296455e-03 9.974965862539827421e-01 0.000000000000000000e+00 0.000000000000000000e+00 0.000000000000000000e+00
1.750000000000000000e+03 6.999842145177348485e-03 1.024123805188893906e-03 9.989758761948110966e-01 0.000000000000000000e+00 0.000000000000000000e+00 0.000000000000000000e+00
2.000000000000000000e+03 7.999819594488366548e-03 9.103322712790168532e-04 9.989758761948110966e-01 0.000000000000000000e+00 1.137915339098771066e-04 0.000000000000000000e+00
2.250000000000000000e+03 8.999797043799384610e-03 4.551661356395084266e-04 9.995448338643604380e-01 0.000000000000000000e+00 0.000000000000000000e+00 0.000000000000000000e+00
2.500000000000000000e+03 9.999774493110624718e-03 4.551661356395084266e-04 9.995448338643604380e-01 0.000000000000000000e+00 0.000000000000000000e+00 0.000000000000000000e+00
2.750000000000000000e+03 1.099975194242164278e-02 1.024123805188893906e-03 9.989758761948110966e-01 0.000000000000000000e+00 0.000000000000000000e+00 0.000000000000000000e+00
3.000000000000000000e+03 1.199972939173266084e-02 1.137915339098770958e-03 9.988620846609012061e-01 0.000000000000000000e+00 0.000000000000000000e+00 0.000000000000000000e+00
3.250000000000000000e+03 1.299970684104367891e-02 9.103322712790168532e-04 9.990896677287209870e-01 0.000000000000000000e+00 0.000000000000000000e+00 0.000000000000000000e+00
3.500000000000000000e+03 1.399968429035469697e-02 9.103322712790168532e-04 9.990896677287209870e-01 0.000000000000000000e+00 0.000000000000000000e+00 0.000000000000000000e+00
3.750000000000000000e+03 1.499966173966571503e-02 9.103322712790168532e-04 9.990896677287209870e-01 0.000000000000000000e+00 0.000000000000000000e+00 0.000000000000000000e+00
4.000000000000000000e+03 1.599963918897695514e-02 2.275830678197541916e-03 9.977241693218024121e-01 0.000000000000000000e+00 0.000000000000000000e+00 0.000000000000000000e+00
4.250000000000000000e+03 1.699961663828797320e-02 1.137915339098770958e-03 9.988620846609012061e-01 0.000000000000000000e+00 0.000000000000000000e+00 0.000000000000000000e+00
4.500000000000000000e+03 1.799959408759899127e-02 6.827492034592626399e-04 9.993172507965407680e-01 0.000000000000000000e+00 0.000000000000000000e+00 0.000000000000000000e+00
4.750000000000000000e+03 1.899957153691000933e-02 1.820664542558033706e-03 9.981793354574419741e-01 0.000000000000000000e+00 0.000000000000000000e+00 0.000000000000000000e+00
5.000000000000000000e+03 1.999954898622102739e-02 9.103322712790168532e-04 9.990896677287209870e-01 0.000000000000000000e+00 0.000000000000000000e+00 0.000000000000000000e+00
5.250000000000000000e+03 2.099952643553204545e-02 1.820664542558033706e-03 9.981793354574419741e-01 0.000000000000000000e+00 0.000000000000000000e+00 0.000000000000000000e+00
5.500000000000000000e+03 2.199950388484328556e-02 1.934456076467910759e-03 9.980655439235320836e-01 0.000000000000000000e+00 0.000000000000000000e+00 0.000000000000000000e+00
5.750000000000000000e+03 2.299948133415430362e-02 3.413746017296313308e-03 9.965862539827037292e-01 0.000000000000000000e+00 0.000000000000000000e+00 0.000000000000000000e+00
6.000000000000000000e+03 2.399945878346532169e-02 3.186162949476558769e-03 9.967000455166135087e-01 0.000000000000000000e+00 1.137915339098771066e-04 0.000000000000000000e+00
6.250000000000000000e+03 2.499943623277633975e-02 2.275830678197541916e-03 9.977241693218024121e-01 0.000000000000000000e+00 0.000000000000000000e+00 0.000000000000000000e+00
6.500000000000000000e+03 2.599941368208735781e-02 2.958579881656804664e-03 9.969276285844332897e-01 0.000000000000000000e+00 1.137915339098771066e-04 0.000000000000000000e+00
6.750000000000000000e+03 2.699939113139837588e-02 2.275830678197541916e-03 9.977241693218024121e-01 0.000000000000000000e+00 0.000000000000000000e+00 0.000000000000000000e+00
7.000000000000000000e+03 2.799936858070961598e-02 2.048247610377787811e-03 9.979517523896221931e-01 0.000000000000000000e+00 0.000000000000000000e+00 0.000000000000000000e+00
7.250000000000000000e+03 2.899934603002063405e-02 2.503413746017296455e-03 9.974965862539827421e-01 0.000000000000000000e+00 0.000000000000000000e+00 0.000000000000000000e+00
7.500000000000000000e+03 2.999932347933165211e-02 4.665452890304961318e-03 9.953345471096950448e-01 0.000000000000000000e+00 0.000000000000000000e+00 0.000000000000000000e+00
7.750000000000000000e+03 3.099930092864267017e-02 3.641329085116067413e-03 9.963586709148839482e-01 0.000000000000000000e+00 0.000000000000000000e+00 0.000000000000000000e+00
8.000000000000000000e+03 3.199927837795368823e-02 3.982703686845699004e-03 9.957897132453344957e-01 0.000000000000000000e+00 2.275830678197542133e-04 0.000000000000000000e+00
8.250000000000000000e+03 3.299925582726470630e-02 1.024123805188893906e-03 9.988620846609012061e-01 0.000000000000000000e+00 1.137915339098771066e-04 0.000000000000000000e+00
8.500000000000000000e+03 3.399923327657594641e-02 6.486117432862995025e-03 9.935138825671370189e-01 0.000000000000000000e+00 0.000000000000000000e+00 0.000000000000000000e+00
8.750000000000000000e+03 3.499921072588696447e-02 5.803368229403732710e-03 9.940828402366863603e-01 0.000000000000000000e+00 1.137915339098771066e-04 0.000000000000000000e+00
9.000000000000000000e+03 3.599918817519798253e-02 3.982703686845699004e-03 9.959035047792443862e-01 0.000000000000000000e+00 1.137915339098771066e-04 0.000000000000000000e+00
9.250000000000000000e+03 3.699916562450900059e-02 6.372325898953117539e-03 9.936276741010469093e-01 0.000000000000000000e+00 0.000000000000000000e+00 0.000000000000000000e+00
9.500000000000000000e+03 3.799914307382001866e-02 7.510241238051888930e-03 9.924897587619481154e-01 0.000000000000000000e+00 0.000000000000000000e+00 0.000000000000000000e+00
9.750000000000000000e+03 3.899912052313103672e-02 7.168866636322257339e-03 9.928311333636777869e-01 0.000000000000000000e+00 0.000000000000000000e+00 0.000000000000000000e+00
1.000000000000000000e+04 3.999909797244227683e-02 8.420573509330906217e-03 9.911242603550295405e-01 0.000000000000000000e+00 4.551661356395084266e-04 0.000000000000000000e+00
1.025000000000000000e+04 4.099907542175329489e-02 6.713700500682749130e-03 9.932862994993172379e-01 0.000000000000000000e+00 0.000000000000000000e+00 0.000000000000000000e+00
1.050000000000000000e+04 4.199905287106431295e-02 8.534365043240782836e-03 9.911242603550295405e-01 0.000000000000000000e+00 3.413746017296313199e-04 0.000000000000000000e+00
1.075000000000000000e+04 4.299903032037533102e-02 9.444697314519799256e-03 9.904415111515703085e-01 0.000000000000000000e+00 1.137915339098771066e-04 0.000000000000000000e+00
1.100000000000000000e+04 4.399900776968634908e-02 1.001365498406918582e-02 9.898725534820209671e-01 0.000000000000000000e+00 1.137915339098771066e-04 0.000000000000000000e+00
1.125000000000000000e+04 4.499898521899736714e-02 7.965407373691398007e-03 9.919208010923987739e-01 0.000000000000000000e+00 1.137915339098771066e-04 0.000000000000000000e+00
1.150000000000000000e+04 4.599896266830860725e-02 8.761948111060537808e-03 9.911242603550295405e-01 0.000000000000000000e+00 1.137915339098771066e-04 0.000000000000000000e+00
1.175000000000000000e+04 4.699894011761962531e-02 6.144742831133363434e-03 9.936276741010469093e-01 0.000000000000000000e+00 2.275830678197542133e-04 0.000000000000000000e+00
1.200000000000000000e+04 4.799891756693064337e-02 1.069640418752844727e-02 9.889622212107419541e-01 0.000000000000000000e+00 3.413746017296313199e-04 0.000000000000000000e+00
1.225000000000000000e+04 4.899889501624166144e-02 1.274465179790623508e-02 9.869139736003641472e-01 0.000000000000000000e+00 3.413746017296313199e-04 0.000000000000000000e+00
1.250000000000000000e+04 4.999887246555267950e-02 1.285844333181611343e-02 9.866863905325443662e-01 0.000000000000000000e+00 4.551661356395084266e-04 0.000000000000000000e+00
1.275000000000000000e+04 5.099884991486369756e-02 1.297223486572599005e-02 9.865725989986344757e-01 0.000000000000000000e+00 4.551661356395084266e-04 0.000000000000000000e+00
1.300000000000000000e+04 5.199882736417493767e-02 1.581702321347291593e-02 9.830450614474283144e-01 0.000000000000000000e+00 1.137915339098770958e-03 0.000000000000000000e+00
1.325000000000000000e+04 5.299880481348595573e-02 1.854802002730996865e-02 9.807692307692307265e-01 0.000000000000000000e+00 6.827492034592626399e-04 0.000000000000000000e+00
1.350000000000000000e+04 5.399878226279697380e-02 2.309968138370505075e-02 9.759899863450158808e-01 0.000000000000000000e+00 9.103322712790168532e-04 0.000000000000000000e+00
1.375000000000000000e+04 5.499875971210799186e-02 2.014110150204824826e-02 9.795175238962221531e-01 0.000000000000000000e+00 3.413746017296313199e-04 0.000000000000000000e+00
1.400000000000000000e+04 5.599873716141900992e-02 1.604460628129267263e-02 9.827036868456986429e-01 0.000000000000000000e+00 1.251706873008648227e-03 0.000000000000000000e+00
1.425000000000000000e+04 5.699871461073002799e-02 1.934456076467910846e-02 9.799726900318616041e-01 0.000000000000000000e+00 6.827492034592626399e-04 0.000000000000000000e+00
1.450000000000000000e+04 5.799869206004126809e-02 1.866181156121984527e-02 9.802002730996813851e-01 0.000000000000000000e+00 1.137915339098770958e-03 0.000000000000000000e+00
1.475000000000000000e+04 5.899866950935228616e-02 1.729631315430131891e-02 9.819071461083295205e-01 0.000000000000000000e+00 7.965407373691396923e-04 0.000000000000000000e+00
1.500000000000000000e+04 5.999864695866330422e-02 1.866181156121984527e-02 9.797451069640418231e-01 0.000000000000000000e+00 1.593081474738279385e-03 0.000000000000000000e+00
1.525000000000000000e+04 6.099862440797432228e-02 2.184797451069640448e-02 9.767865270823851143e-01 0.000000000000000000e+00 1.365498406918525280e-03 0.000000000000000000e+00
1.550000000000000000e+04 6.199860185728534034e-02 2.742375967228038308e-02 9.712107419208011461e-01 0.000000000000000000e+00 1.365498406918525280e-03 0.000000000000000000e+00
1.575000000000000000e+04 6.299857930659635841e-02 2.833409194355939950e-02 9.695038689121528996e-01 0.000000000000000000e+00 2.162039144287664864e-03 0.000000000000000000e+00
1.600000000000000000e+04 6.399855675590759851e-02 2.969959035047792587e-02 9.695038689121528996e-01 0.000000000000000000e+00 7.965407373691396923e-04 0.000000000000000000e+00
1.625000000000000000e+04 6.499853420521861658e-02 3.026854802002730896e-02 9.689349112426035582e-01 0.000000000000000000e+00 7.965407373691396923e-04 0.000000000000000000e+00
1.650000000000000000e+04 6.599851165452963464e-02 3.277196176604460498e-02 9.657487482931269573e-01 0.000000000000000000e+00 1.479289940828402332e-03 0.000000000000000000e+00
1.675000000000000000e+04 6.699848910384065270e-02 3.618570778334091742e-02 9.618798361401911245e-01 0.000000000000000000e+00 1.934456076467910759e-03 0.000000000000000000e+00
1.700000000000000000e+04 6.799846655315167077e-02 5.268548020027309653e-02 9.449248975876194390e-01 0.000000000000000000e+00 2.389622212107419402e-03 0.000000000000000000e+00
1.725000000000000000e+04 6.899844400246268883e-02 3.880291306326809353e-02 9.591488393263540857e-01 0.000000000000000000e+00 2.048247610377787811e-03 0.000000000000000000e+00
1.750000000000000000e+04 6.999842145177392894e-02 4.449248975876194528e-02 9.527765134274009950e-01 0.000000000000000000e+00 2.730996813837050560e-03 0.000000000000000000e+00
1.775000000000000000e+04 7.099839890108494700e-02 5.279927173418298009e-02 9.450386891215293295e-01 0.000000000000000000e+00 2.162039144287664864e-03 0.000000000000000000e+00
1.800000000000000000e+04 7.199837635039596506e-02 5.245789713245334329e-02 9.435593991807009751e-01 0.000000000000000000e+00 3.982703686845699004e-03 0.000000000000000000e+00
1.825000000000000000e+04 7.299835379970698312e-02 5.223031406463359005e-02 9.443559399180700975e-01 0.000000000000000000e+00 3.413746017296313308e-03 0.000000000000000000e+00
1.850000000000000000e+04 7.399833124901800119e-02 5.632680928538916915e-02 9.391215293582158008e-01 0.000000000000000000e+00 4.551661356395083832e-03 0.000000000000000000e+00
1.875000000000000000e+04 7.499830869832901925e-02 5.291306326809285671e-02 9.433318161128811941e-01 0.000000000000000000e+00 3.755120619025944465e-03 0.000000000000000000e+00
1.900000000000000000e+04 7.599828614764025936e-02 6.304050978607191047e-02 9.338871187983613931e-01 0.000000000000000000e+00 3.072371415566681717e-03 0.000000000000000000e+00
1.925000000000000000e+04 7.699826359695127742e-02 6.747837960855712636e-02 9.279699590350477534e-01 0.000000000000000000e+00 4.551661356395083832e-03 0.000000000000000000e+00
1.950000000000000000e+04 7.799824104626229548e-02 8.010923987255348655e-02 9.139736003641328876e-01 0.000000000000000000e+00 5.917159763313609329e-03 0.000000000000000000e+00
1.975000000000000000e+04 7.899821849557331355e-02 7.726445152480655720e-02 9.169321802457897075e-01 0.000000000000000000e+00 5.803368229403732710e-03 0.000000000000000000e+00
2.000000000000000000e+04 7.999819594488433161e-02 9.934000910332271839e-02 8.920118343195265753e-01 0.000000000000000000e+00 8.648156577150659455e-03 0.000000000000000000e+00
2.025000000000000000e+04 8.099817339419534967e-02 9.877105143377332142e-02 8.891670459717796460e-01 0.000000000000000000e+00 1.206190259444697363e-02 0.000000000000000000e+00
2.050000000000000000e+04 8.199815084350658978e-02 1.228948566226672756e-01 8.573054164770140817e-01 0.000000000000000000e+00 1.979972690031861493e-02 0.000000000000000000e+00
2.075000000000000000e+04 8.299812829281760784e-02 1.342740100136549930e-01 8.203231679563040002e-01 2.617205279927173507e-03 4.278561675011378906e-02 0.000000000000000000e+00
2.100000000000000000e+04 8.399810574212862591e-02 1.640873918980427781e-01 7.608101957214383759e-01 1.297223486572599005e-02 6.213017751479289752e-02 0.000000000000000000e+00
2.125000000000000000e+04 8.499808319143964397e-02 1.733045061447428259e-01 7.182521620391443262e-01 3.311333636777423484e-02 7.532999544833864081e-02 0.000000000000000000e+00
2.150000000000000000e+04 8.599806064075066203e-02 1.777423759672280279e-01 6.893491124260354708e-01 6.133363677742376119e-02 7.157487482931269851e-02 0.000000000000000000e+00
2.175000000000000000e+04 8.699803809006168009e-02 1.714838416021848000e-01 6.622667273554847522e-01 1.124260355029585851e-01 5.382339553937186966e-02 0.000000000000000000e+00
2.200000000000000000e+04 8.799801553937292020e-02 1.375739644970414288e-01 6.408739189804278924e-01 1.709148839326354030e-01 5.063723258989531045e-02 0.000000000000000000e+00
2.225000000000000000e+04 8.899799298868393826e-02 1.104915794264906687e-01 6.426945835229859183e-01 2.138142922166590687e-01 3.299954483386435822e-02 0.000000000000000000e+00
2.250000000000000000e+04 8.999797043799495633e-02 9.478834774692762588e-02 6.648839326354119006e-01 2.222348657259899940e-01 1.809285389167045871e-02 0.000000000000000000e+00
2.275000000000000000e+04 9.099794788730597439e-02 8.500227583067819503e-02 6.871870732817478844e-01 2.206417842512516936e-01 7.168866636322257339e-03 0.000000000000000000e+00
2.300000000000000000e+04 9.199792533661699245e-02 1.003641329085116080e-01 6.998179335457441752e-01 1.940145653163404538e-01 5.803368229403732710e-03 0.000000000000000000e+00
2.325000000000000000e+04 9.299790278592801052e-02 7.851615839781520001e-02 7.625170687300865113e-01 1.557806099226217433e-01 3.186162949476558769e-03 0.000000000000000000e+00
2.350000000000000000e+04 9.399788023523925062e-02 7.828857532999544677e-02 7.545516613563950648e-01 1.620391442876649990e-01 5.120619025944469528e-03 0.000000000000000000e+00
2.375000000000000000e+04 9.499785768455026869e-02 6.873008648156576916e-02 7.539827036868457233e-01 1.734182976786527164e-01 3.868912152935821518e-03 0.000000000000000000e+00
2.400000000000000000e+04 9.599783513386128675e-02 6.110605370960400795e-02 7.449931725079653733e-01 1.854802002730996935e-01 8.420573509330906217e-03 0.000000000000000000e+00
2.425000000000000000e+04 9.699781258317230481e-02 6.281292671825215723e-02 7.329312699135184239e-01 1.943559399180700975e-01 9.899863450159307465e-03 0.000000000000000000e+00
2.450000000000000000e+04 9.799779003248332288e-02 5.951297223486572835e-02 7.162039144287665193e-01 2.119936276741010428e-01 1.228948566226672687e-02 0.000000000000000000e+00
2.475000000000000000e+04 9.899776748179434094e-02 4.142011834319526964e-02 7.072143832498861693e-01 2.492034592626308498e-01 2.162039144287664864e-03 0.000000000000000000e+00
2.500000000000000000e+04 9.999774493110558105e-02 4.278561675011378906e-02 7.078971324533455123e-01 2.473827947200728239e-01 1.934456076467910759e-03 0.000000000000000000e+00
2.525000000000000000e+04 1.009977223804165991e-01 4.267182521620391245e-02 7.067592171142467183e-01 2.493172507965407403e-01 1.251706873008648227e-03 0.000000000000000000e+00
2.550000000000000000e+04 1.019976998297276172e-01 4.187528447883477611e-02 7.067592171142467183e-01 2.494310423304506030e-01 1.934456076467910759e-03 0.000000000000000000e+00
2.575000000000000000e+04 1.029976772790386352e-01 4.085116067364587961e-02 7.091488393263540857e-01 2.485207100591715901e-01 1.479289940828402332e-03 0.000000000000000000e+00
2.600000000000000000e+04 1.039976547283496533e-01 4.210286754665452935e-02 7.067592171142467183e-01 2.494310423304506030e-01 1.706873008648156654e-03 0.000000000000000000e+00
2.625000000000000000e+04 1.049976321776606714e-01 4.358215748748293233e-02 7.075557578516158408e-01 2.457897132453345512e-01 3.072371415566681717e-03 0.000000000000000000e+00
2.650000000000000000e+04 1.059976096269719115e-01 3.937187073281747662e-02 7.100591715976330986e-01 2.477241693218024676e-01 2.844788347746927612e-03 0.000000000000000000e+00
2.675000000000000000e+04 1.069975870762829295e-01 3.812016385980882688e-02 7.138142922166590409e-01 2.457897132453345512e-01 2.275830678197541916e-03 0.000000000000000000e+00
2.700000000000000000e+04 1.079975645255939476e-01 3.868912152935821691e-02 7.131315430131998090e-01 2.477241693218024676e-01 4.551661356395084266e-04 0.000000000000000000e+00
2.725000000000000000e+04 1.089975419749049657e-01 3.732362312243969055e-02 7.171142467000455323e-01 2.445380063723258945e-01 1.024123805188893906e-03 0.000000000000000000e+00
2.750000000000000000e+04 1.099975194242159837e-01 4.016841147018661989e-02 7.181383705052344357e-01 2.410104688211197055e-01 6.827492034592626399e-04 0.000000000000000000e+00
2.775000000000000000e+04 1.109974968735270018e-01 4.255803368229403583e-02 7.183659535730542167e-01 2.386208466090122826e-01 4.551661356395084266e-04 0.000000000000000000e+00
2.800000000000000000e+04 1.119974743228382419e-01 4.164770141101502288e-02 7.221210741920801590e-01 2.357760582612653533e-01 4.551661356395084266e-04 0.000000000000000000e+00
2.825000000000000000e+04 1.129974517721492600e-01 4.528903049613108855e-02 7.239417387346381849e-01 2.302002730996813851e-01 5.689576695493854790e-04 0.000000000000000000e+00
2.850000000000000000e+04 1.139974292214602780e-01 3.846153846153846367e-02 7.365725989986344757e-01 2.246244879380974169e-01 3.413746017296313199e-04 0.000000000000000000e+00
2.875000000000000000e+04 1.149974066707712961e-01 4.210286754665452935e-02 7.347519344560764498e-01 2.228038233955393632e-01 3.413746017296313199e-04 0.000000000000000000e+00
2.900000000000000000e+04 1.159973841200823141e-01 4.699590350477924477e-02 7.347519344560764498e-01 2.176832043695949015e-01 5.689576695493854790e-04 0.000000000000000000e+00
2.925000000000000000e+04 1.169973615693933322e-01 4.460628129267182190e-02 7.451069640418752638e-01 2.097177969959035104e-01 5.689576695493854790e-04 0.000000000000000000e+00
2.950000000000000000e+04 1.179973390187045723e-01 4.506144742831133532e-02 7.468138370505233992e-01 2.077833409194355940e-01 3.413746017296313199e-04 0.000000000000000000e+00
2.975000000000000000e+04 1.189973164680155904e-01 4.756486117432862787e-02 7.448793809740554828e-01 2.066454255803368278e-01 9.103322712790168532e-04 0.000000000000000000e+00
3.000000000000000000e+04 1.199972939173266084e-01 4.779244424214838111e-02 7.521620391442876974e-01 1.995903504779244497e-01 4.551661356395084266e-04 0.000000000000000000e+00
3.025000000000000000e+04 1.209972713666376265e-01 4.369594902139280895e-02 7.742375967228037892e-01 1.818388711879836139e-01 2.275830678197542133e-04 0.000000000000000000e+00
3.050000000000000000e+04 1.219972488159486446e-01 1.388256713700500647e-02 8.363677742375966728e-01 1.495220755575785154e-01 2.275830678197542133e-04 0.000000000000000000e+00
3.075000000000000000e+04 1.229972262652596626e-01 6.599908966772872511e-03 8.426263086026399840e-01 1.507737824305871721e-01 0.000000000000000000e+00 0.000000000000000000e+00
3.100000000000000000e+04 1.239972037145706807e-01 6.486117432862995025e-03 8.421711424670004220e-01 1.513427401001365413e-01 0.000000000000000000e+00 0.000000000000000000e+00
3.125000000000000000e+04 1.249971811638819208e-01 1.001365498406918582e-02 8.388711879836140417e-01 1.510013654984069253e-01 1.137915339098771066e-04 0.000000000000000000e+00
3.150000000000000000e+04 1.259971586131929389e-01 7.965407373691398007e-03 8.410332271279017391e-01 1.510013654984069253e-01 0.000000000000000000e+00 0.000000000000000000e+00
3.175000000000000000e+04 1.269971360625039569e-01 7.055075102412380721e-03 8.417159763313609711e-01 1.511151570323167881e-01 1.137915339098771066e-04 0.000000000000000000e+00
3.200000000000000000e+04 1.279971135118149750e-01 5.234410559854347014e-03 8.436504324078288874e-01 1.511151570323167881e-01 0.000000000000000000e+00 0.000000000000000000e+00
3.225000000000000000e+04 1.289970909611259930e-01 1.012744651797906244e-02 8.390987710514338227e-01 1.505461993627674189e-01 2.275830678197542133e-04 0.000000000000000000e+00
3.250000000000000000e+04 1.299970684104370111e-01 9.558488848429677609e-03 8.390987710514338227e-01 1.510013654984069253e-01 3.413746017296313199e-04 0.000000000000000000e+00
3.275000000000000000e+04 1.309970458597482512e-01 9.217114246700046018e-03 8.395539371870732737e-01 1.511151570323167881e-01 1.137915339098771066e-04 0.000000000000000000e+00
3.300000000000000000e+04 1.319970233090592693e-01 7.055075102412380721e-03 8.413746017296312996e-01 1.514565316340464318e-01 1.137915339098771066e-04 0.000000000000000000e+00
3.325000000000000000e+04 1.329970007583702873e-01 1.046882111970869403e-02 8.384160218479744797e-01 1.507737824305871721e-01 3.413746017296313199e-04 0.000000000000000000e+00
3.350000000000000000e+04 1.339969782076813054e-01 8.420573509330906217e-03 8.405780609922621771e-01 1.508875739644970349e-01 1.137915339098771066e-04 0.000000000000000000e+00
3.375000000000000000e+04 1.349969556569923235e-01 1.001365498406918582e-02 8.392125625853436022e-01 1.506599908966772816e-01 1.137915339098771066e-04 0.000000000000000000e+00
3.400000000000000000e+04 1.359969331063033415e-01 1.115157032316795548e-02 8.383022303140645892e-01 1.504324078288575284e-01 1.137915339098771066e-04 0.000000000000000000e+00
3.425000000000000000e+04 1.369969105556145816e-01 9.899863450159307465e-03 8.390987710514338227e-01 1.508875739644970349e-01 1.137915339098771066e-04 0.000000000000000000e+00
3.450000000000000000e+04 1.379968880049255997e-01 9.330905780609922637e-03 8.402366863905325056e-01 1.502048247610377751e-01 2.275830678197542133e-04 0.000000000000000000e+00
3.475000000000000000e+04 1.389968654542366178e-01 1.103777878925807886e-02 8.384160218479744797e-01 1.505461993627674189e-01 0.000000000000000000e+00 0.000000000000000000e+00
3.500000000000000000e+04 1.399968429035476358e-01 9.217114246700046018e-03 8.392125625853436022e-01 1.513427401001365413e-01 2.275830678197542133e-04 0.000000000000000000e+00
3.525000000000000000e+04 1.409968203528586539e-01 1.308602639963586667e-02 8.359126081019572219e-01 1.503186162949476656e-01 6.827492034592626399e-04 0.000000000000000000e+00
3.550000000000000000e+04 1.419967978021696720e-01 1.001365498406918582e-02 8.385298133818843702e-01 1.512289485662266786e-01 2.275830678197542133e-04 0.000000000000000000e+00
3.575000000000000000e+04 1.429967752514809121e-01 1.240327719617660522e-02 8.359126081019572219e-01 1.510013654984069253e-01 6.827492034592626399e-04 0.000000000000000000e+00
3.600000000000000000e+04 1.439967527007919301e-01 1.115157032316795548e-02 8.380746472462449193e-01 1.504324078288575284e-01 3.413746017296313199e-04 0.000000000000000000e+00
3.625000000000000000e+04 1.449967301501029482e-01 1.251706873008648184e-02 8.360263996358671124e-01 1.511151570323167881e-01 3.413746017296313199e-04 0.000000000000000000e+00
3.650000000000000000e+04 1.459967075994139662e-01 1.137915339098771045e-02 8.388711879836140417e-01 1.496358670914884059e-01 1.137915339098771066e-04 0.000000000000000000e+00
3.675000000000000000e+04 1.469966850487249843e-01 1.194811106053709528e-02 8.368229403732362348e-01 1.510013654984069253e-01 2.275830678197542133e-04 0.000000000000000000e+00
3.700000000000000000e+04 1.479966624980360024e-01 1.411015020482476144e-02 8.355712335002275504e-01 1.499772416932180219e-01 3.413746017296313199e-04 0.000000000000000000e+00
3.725000000000000000e+04 1.489966399473472425e-01 1.741010468821119553e-02 8.324988620846609511e-01 1.494082840236686527e-01 6.827492034592626399e-04 0.000000000000000000e+00
3.750000000000000000e+04 1.499966173966582605e-01 1.638598088302230249e-02 8.324988620846609511e-01 1.503186162949476656e-01 7.965407373691396923e-04 0.000000000000000000e+00
3.775000000000000000e+04 1.509965948459692786e-01 2.093764223941738806e-02 8.294264906690942407e-01 1.490669094219390090e-01 5.689576695493854790e-04 0.000000000000000000e+00
3.800000000000000000e+04 1.519965722952802967e-01 1.615839781520254925e-02 8.323850705507510606e-01 1.510013654984069253e-01 4.551661356395084266e-04 0.000000000000000000e+00
3.825000000000000000e+04 1.529965497445913147e-01 1.820664542558033533e-02 8.314747382794720476e-01 1.494082840236686527e-01 9.103322712790168532e-04 0.000000000000000000e+00
3.850000000000000000e+04 1.539965271939023328e-01 2.036868456986800149e-02 8.295402822030041312e-01 1.492944924897587622e-01 7.965407373691396923e-04 0.000000000000000000e+00
3.875000000000000000e+04 1.549965046432135729e-01 2.412380518889394726e-02 8.249886208466090665e-01 1.504324078288575284e-01 4.551661356395084266e-04 0.000000000000000000e+00
3.900000000000000000e+04 1.559964820925245910e-01 2.480655439235321044e-02 8.237369139736003820e-01 1.498634501593081592e-01 1.593081474738279385e-03 0.000000000000000000e+00
3.925000000000000000e+04 1.569964595418356090e-01 2.730996813837050646e-02 8.227127901684114786e-01 1.495220755575785154e-01 4.551661356395084266e-04 0.000000000000000000e+00
3.950000000000000000e+04 1.579964369911466271e-01 2.344105598543468408e-02 8.256713700500682984e-01 1.499772416932180219e-01 9.103322712790168532e-04 0.000000000000000000e+00
3.975000000000000000e+04 1.589964144404576452e-01 2.856167501137915274e-02 8.195266272189348777e-01 1.505461993627674189e-01 1.365498406918525280e-03 0.000000000000000000e+00
4.000000000000000000e+04 1.599963918897686632e-01 3.060992262175694228e-02 8.192990441511152078e-01 1.490669094219390090e-01 1.024123805188893906e-03 0.000000000000000000e+00
4.025000000000000000e+04 1.609963693390799033e-01 2.696859353664087314e-02 8.229403732362312596e-01 1.490669094219390090e-01 1.024123805188893906e-03 0.000000000000000000e+00
4.050000000000000000e+04 1.619963467883909214e-01 2.947200728265816916e-02 8.190714610832954268e-01 1.499772416932180219e-01 1.479289940828402332e-03 0.000000000000000000e+00
4.075000000000000000e+04 1.629963242377019395e-01 3.982703686845699004e-02 8.089440145653163938e-01 1.489531178880291185e-01 2.275830678197541916e-03 0.000000000000000000e+00
4.100000000000000000e+04 1.639963016870129575e-01 3.584433318161128756e-02 8.117888029130633232e-01 1.499772416932180219e-01 2.389622212107419402e-03 0.000000000000000000e+00
4.125000000000000000e+04 1.649962791363239756e-01 4.142011834319526964e-02 8.035958124715520956e-01 1.507737824305871721e-01 4.210286754665453109e-03 0.000000000000000000e+00
4.150000000000000000e+04 1.659962565856349936e-01 3.447883477469276120e-02 8.132680928538916776e-01 1.496358670914884059e-01 2.617205279927173507e-03 0.000000000000000000e+00
4.175000000000000000e+04 1.669962340349462337e-01 3.982703686845699004e-02 8.092853891670459543e-01 1.486117432862995025e-01 2.275830678197541916e-03 0.000000000000000000e+00
4.200000000000000000e+04 1.679962114842572518e-01 4.585798816568047165e-02 8.017751479289940697e-01 1.484979517523896120e-01 3.868912152935821518e-03 0.000000000000000000e+00
4.225000000000000000e+04 1.689961889335682699e-01 4.597177969959034827e-02 8.038233955393718766e-01 1.469048702776513393e-01 3.299954483386436255e-03 0.000000000000000000e+00
4.250000000000000000e+04 1.699961663828792879e-01 5.541647701411014926e-02 7.938097405553027341e-01 1.469048702776513393e-01 3.868912152935821518e-03 0.000000000000000000e+00
4.275000000000000000e+04 1.709961438321903060e-01 6.269913518434228061e-02 7.841374601729631522e-01 1.492944924897587622e-01 3.868912152935821518e-03 0.000000000000000000e+00
4.300000000000000000e+04 1.719961212815013241e-01 6.986800182066454923e-02 7.744651797906235702e-01 1.474738279472007363e-01 8.192990441511151245e-03 0.000000000000000000e+00
4.325000000000000000e+04 1.729960987308125642e-01 9.182976786527081992e-02 7.440828402366863603e-01 1.558944014565316338e-01 8.192990441511151245e-03 0.000000000000000000e+00
4.350000000000000000e+04 1.739960761801235822e-01 9.399180700955848955e-02 7.073281747837960598e-01 1.854802002730996935e-01 1.319981793354574502e-02 0.000000000000000000e+00
4.375000000000000000e+04 1.749960536294346003e-01 1.059399180700955900e-01 6.867319071461083224e-01 1.927628584433318248e-01 1.456531634046426965e-02 0.000000000000000000e+00
4.400000000000000000e+04 1.759960310787456184e-01 1.228948566226672756e-01 6.484979517523896675e-01 2.031178880291306388e-01 2.548930359581247015e-02 0.000000000000000000e+00
4.425000000000000000e+04 1.769960085280566364e-01 1.330223031406463363e-01 6.104915794264906825e-01 2.304278561675011383e-01 2.605826126536185672e-02 0.000000000000000000e+00
4.450000000000000000e+04 1.779959859773676545e-01 1.294947655894401473e-01 5.964952207555758168e-01 2.476103777878925771e-01 2.639963586709149004e-02 0.000000000000000000e+00
4.475000000000000000e+04 1.789959634266788946e-01 1.342740100136549930e-01 5.964952207555758168e-01 2.481793354574419741e-01 2.105143377332726468e-02 0.000000000000000000e+00
4.500000000000000000e+04 1.799959408759899127e-01 1.202776513427400995e-01 6.065088757396449592e-01 2.531861629494765453e-01 2.002730996813837164e-02 0.000000000000000000e+00
4.525000000000000000e+04 1.809959183253009307e-01 1.217569412835685094e-01 5.861401911697770029e-01 2.713928083750569153e-01 2.071005917159763482e-02 0.000000000000000000e+00
4.550000000000000000e+04 1.819958957746119488e-01 1.223258989531178925e-01 5.811333636777423761e-01 2.752617205279926926e-01 2.127901684114701791e-02 0.000000000000000000e+00
4.575000000000000000e+04 1.829958732239229668e-01 1.341602184797451025e-01 5.616750113791534327e-01 2.831133363677742487e-01 2.105143377332726468e-02 0.000000000000000000e+00
4.600000000000000000e+04 1.839958506732339849e-01 1.352981338188438687e-01 5.586026399635867223e-01 2.865270823850705750e-01 1.957214383249886169e-02 0.000000000000000000e+00
4.625000000000000000e+04 1.849958281225452250e-01 1.395084205735093175e-01 5.518889394629039602e-01 2.883477469276286009e-01 2.025489303595812488e-02 0.000000000000000000e+00
4.650000000000000000e+04 1.859958055718562431e-01 1.308602639963586667e-01 5.584888484296768318e-01 2.909649522075557493e-01 1.968593536640873831e-02 0.000000000000000000e+00
4.675000000000000000e+04 1.869957830211672611e-01 1.406463359126081114e-01 5.401684114701865713e-01 3.040509786071916021e-01 1.513427401001365448e-02 0.000000000000000000e+00
4.700000000000000000e+04 1.879957604704782792e-01 1.381429221665907980e-01 5.270823850705507185e-01 3.140646335912608000e-01 2.071005917159763482e-02 0.000000000000000000e+00
4.725000000000000000e+04 1.889957379197892973e-01 1.406463359126081114e-01 5.212790168411469693e-01 3.159990896677287164e-01 2.207555757851615771e-02 0.000000000000000000e+00
4.750000000000000000e+04 1.899957153691003153e-01 1.422394173873463841e-01 5.204824761037778469e-01 3.121301775147928836e-01 2.514792899408284030e-02 0.000000000000000000e+00
4.775000000000000000e+04 1.909956928184115554e-01 1.466772872098315861e-01 5.254893035958124736e-01 3.103095129722348577e-01 1.752389622212107562e-02 0.000000000000000000e+00
4.800000000000000000e+04 1.919956702677225735e-01 1.499772416932180219e-01 5.116067364588074984e-01 3.147473827947200875e-01 2.366863905325443732e-02 0.000000000000000000e+00
4.825000000000000000e+04 1.929956477170335916e-01 1.594219390077378229e-01 4.986345015930814806e-01 3.219162494310423561e-01 2.002730996813837164e-02 0.000000000000000000e+00
4.850000000000000000e+04 1.939956251663446096e-01 1.473600364132908458e-01 4.965862539827036737e-01 3.298816568047337472e-01 2.617205279927173334e-02 0.000000000000000000e+00
4.875000000000000000e+04 1.949956026156556277e-01 1.606736458807464796e-01 4.807692307692307820e-01 3.314747382794719921e-01 2.708238507055074976e-02 0.000000000000000000e+00
4.900000000000000000e+04 1.959955800649666458e-01 1.632908511606736557e-01 4.847519344560764498e-01 3.288575329995448437e-01 2.309968138370505075e-02 0.000000000000000000e+00
4.925000000000000000e+04 1.969955575142778859e-01 1.510013654984069253e-01 4.891898042785616796e-01 3.332954028220300180e-01 2.651342740100136666e-02 0.000000000000000000e+00
4.950000000000000000e+04 1.979955349635889039e-01 1.694355939918070209e-01 4.691624943104232837e-01 3.329540282203004020e-01 2.844788347746927612e-02 0.000000000000000000e+00
4.975000000000000000e+04 1.989955124128999220e-01 1.694355939918070209e-01 4.682521620391442707e-01 3.348884842967683184e-01 2.742375967228038308e-02 0.000000000000000000e+00
5.000000000000000000e+04 1.999954898622109400e-01 1.770596267637687682e-01 4.607419208010923861e-01 3.297678652708238567e-01 3.243058716431497512e-02 0.000000000000000000e+00
5.025000000000000000e+04 2.009954673115219581e-01 1.729631315430132099e-01 4.617660446062812896e-01 3.311333636777423761e-01 3.413746017296313134e-02 0.000000000000000000e+00
5.050000000000000000e+04 2.019954447608329762e-01 1.802457897132453413e-01 4.558488848429677054e-01 3.260127446517979144e-01 3.789258079198907364e-02 0.000000000000000000e+00
5.075000000000000000e+04 2.029954222101442163e-01 1.785389167045971781e-01 4.668866636322257513e-01 3.268092853891670369e-01 2.776513427401001294e-02 0.000000000000000000e+00
5.100000000000000000e+04 2.039953996594552343e-01 1.822940373236231204e-01 4.626763768775603025e-01 3.241920801092398885e-01 3.083750568957669552e-02 0.000000000000000000e+00
5.125000000000000000e+04 2.049953771087662524e-01 1.939007737824305910e-01 4.501593081474738467e-01 3.233955393718707105e-01 3.254437869822485174e-02 0.000000000000000000e+00
5.150000000000000000e+04 2.059953545580772705e-01 2.072143832498861971e-01 4.416249431042330587e-01 3.181611288120163583e-01 3.299954483386435822e-02 0.000000000000000000e+00
5.175000000000000000e+04 2.069953320073882885e-01 2.056213017751479244e-01 4.357077833409194190e-01 3.210059171597632877e-01 3.766499772416932040e-02 0.000000000000000000e+00
5.200000000000000000e+04 2.079953094566993066e-01 2.093764223941738667e-01 4.386663632225762388e-01 3.157715065999089910e-01 3.618570778334091742e-02 0.000000000000000000e+00
5.225000000000000000e+04 2.089952869060105467e-01 2.064178425125170746e-01 4.407146108329540457e-01 3.152025489303595940e-01 3.766499772416932040e-02 0.000000000000000000e+00
5.250000000000000000e+04 2.099952643553215648e-01 2.030040964952207483e-01 4.451524806554392200e-01 3.202093764223941652e-01 3.163404642694583185e-02 0.000000000000000000e+00
5.275000000000000000e+04 2.109952418046325828e-01 2.047109695038689114e-01 4.393491124260355263e-01 3.227127901684114786e-01 3.322712790168411146e-02 0.000000000000000000e+00
5.300000000000000000e+04 2.119952192539436009e-01 2.116522530723714268e-01 4.344560764679107900e-01 3.207783340919435622e-01 3.311333636777423484e-02 0.000000000000000000e+00
5.325000000000000000e+04 2.129951967032546190e-01 2.146108329540282189e-01 4.280837505689576439e-01 3.261265361857078049e-01 3.117888029130632538e-02 0.000000000000000000e+00
5.350000000000000000e+04 2.139951741525656370e-01 2.174556213017751483e-01 4.212562585343650468e-01 3.251024123805189014e-01 3.618570778334091742e-02 0.000000000000000000e+00
5.375000000000000000e+04 2.149951516018768771e-01 2.262175694128356895e-01 4.137460172963131622e-01 3.227127901684114786e-01 3.732362312243969055e-02 0.000000000000000000e+00
5.400000000000000000e+04 2.159951290511878952e-01 2.286071916249431124e-01 4.109012289485662328e-01 3.223714155666818626e-01 3.812016385980882688e-02 0.000000000000000000e+00
5.425000000000000000e+04 2.169951065004989132e-01 2.270141101502048120e-01 4.153390987710514071e-01 3.190714610832954268e-01 3.857532999544834029e-02 0.000000000000000000e+00
5.450000000000000000e+04 2.179950839498099313e-01 2.357760582612653533e-01 4.069185252617205095e-01 3.213472917614929592e-01 3.595812471552116418e-02 0.000000000000000000e+00
5.475000000000000000e+04 2.189950613991209494e-01 2.296313154301319881e-01 4.088529813381884259e-01 3.243058716431497235e-01 3.720983158852981393e-02 0.000000000000000000e+00
5.500000000000000000e+04 2.199950388484319674e-01 2.430587164314974846e-01 3.946290395994537792e-01 3.263541192535275304e-01 3.595812471552116418e-02 0.000000000000000000e+00
5.525000000000000000e+04 2.209950162977432075e-01 2.325898953117888079e-01 3.963359126081019701e-01 3.298816568047337472e-01 4.119253527537550946e-02 0.000000000000000000e+00
5.550000000000000000e+04 2.219949937470542256e-01 2.381656804733727761e-01 3.914428766499772339e-01 3.318161128812016636e-01 3.857532999544834029e-02 0.000000000000000000e+00
5.575000000000000000e+04 2.229949711963652437e-01 2.305416477014110288e-01 3.834774692762858428e-01 3.459262630860264198e-01 4.005461993627674328e-02 0.000000000000000000e+00
5.600000000000000000e+04 2.239949486456762617e-01 2.404415111515703363e-01 3.674328629949931702e-01 3.525261720527992915e-01 3.959945380063722986e-02 0.000000000000000000e+00
5.625000000000000000e+04 2.249949260949872798e-01 2.379380974055530229e-01 3.557123350022758368e-01 3.665225307237141572e-01 3.982703686845699004e-02 0.000000000000000000e+00
5.650000000000000000e+04 2.259949035442982979e-01 2.426035502958579781e-01 3.385298133818843702e-01 3.680018206645425671e-01 5.086481565771506369e-02 0.000000000000000000e+00
5.675000000000000000e+04 2.269948809936095380e-01 2.505689576695493970e-01 3.364815657715066188e-01 3.642467000455166248e-01 4.870277651342740100e-02 0.000000000000000000e+00
