# itime ezz other fcc hcp bcc ico
0.000000000000000000e+00 0.000000000000000000e+00 7.965407373691396923e-04 9.992034592626308775e-01 0.000000000000000000e+00 0.000000000000000000e+00 0.000000000000000000e+00
2.500000000000000000e+01 1.000053074048823376e-03 6.827492034592626399e-04 9.993172507965407680e-01 0.000000000000000000e+00 0.000000000000000000e+00 0.000000000000000000e+00
5.000000000000000000e+01 2.000106148097646752e-03 1.365498406918525280e-03 9.986345015930814251e-01 0.000000000000000000e+00 0.000000000000000000e+00 0.000000000000000000e+00
7.500000000000000000e+01 3.000159222146470128e-03 5.689576695493854790e-04 9.994310423304506585e-01 0.000000000000000000e+00 0.000000000000000000e+00 0.000000000000000000e+00
1.000000000000000000e+02 4.000212296195293504e-03 1.479289940828402332e-03 9.985207100591716456e-01 0.000000000000000000e+00 0.000000000000000000e+00 0.000000000000000000e+00
1.250000000000000000e+02 5.000265370244116880e-03 6.827492034592626399e-04 9.993172507965407680e-01 0.000000000000000000e+00 0.000000000000000000e+00 0.000000000000000000e+00
1.500000000000000000e+02 6.000318444292940256e-03 1.024123805188893906e-03 9.989758761948110966e-01 0.000000000000000000e+00 0.000000000000000000e+00 0.000000000000000000e+00
1.750000000000000000e+02 7.000371518341763633e-03 6.827492034592626399e-04 9.993172507965407680e-01 0.000000000000000000e+00 0.000000000000000000e+00 0.000000000000000000e+00
2.000000000000000000e+02 8.000424592390587009e-03 1.593081474738279385e-03 9.984069185252617551e-01 0.000000000000000000e+00 0.000000000000000000e+00 0.000000000000000000e+00
2.250000000000000000e+02 9.000477666439410385e-03 1.479289940828402332e-03 9.985207100591716456e-01 0.000000000000000000e+00 0.000000000000000000e+00 0.000000000000000000e+00
2.500000000000000000e+02 1.000053074048823376e-02 1.365498406918525280e-03 9.986345015930814251e-01 0.000000000000000000e+00 0.000000000000000000e+00 0.000000000000000000e+00
2.750000000000000000e+02 1.100058381453705714e-02 1.593081474738279385e-03 9.984069185252617551e-01 0.000000000000000000e+00 0.000000000000000000e+00 0.000000000000000000e+00
3.000000000000000000e+02 1.200063688858588051e-02 9.103322712790168532e-04 9.990896677287209870e-01 0.000000000000000000e+00 0.000000000000000000e+00 0.000000000000000000e+00
3.250000000000000000e+02 1.300068996263470389e-02 1.024123805188893906e-03 9.989758761948110966e-01 0.000000000000000000e+00 0.000000000000000000e+00 0.000000000000000000e+00
3.500000000000000000e+02 1.400074303668352727e-02 1.024123805188893906e-03 9.989758761948110966e-01 0.000000000000000000e+00 0.000000000000000000e+00 0.000000000000000000e+00
3.750000000000000000e+02 1.500079611073235064e-02 1.137915339098770958e-03 9.988620846609012061e-01 0.000000000000000000e+00 0.000000000000000000e+00 0.000000000000000000e+00
4.000000000000000000e+02 1.600084918478117402e-02 2.048247610377787811e-03 9.979517523896221931e-01 0.000000000000000000e+00 0.000000000000000000e+00 0.000000000000000000e+00
4.250000000000000000e+02 1.700090225883021944e-02 1.706873008648156654e-03 9.981793354574419741e-01 0.000000000000000000e+00 1.137915339098771066e-04 0.000000000000000000e+00
4.500000000000000000e+02 1.800095533287904281e-02 2.844788347746927612e-03 9.971552116522530707e-01 0.000000000000000000e+00 0.000000000000000000e+00 0.000000000000000000e+00
4.750000000000000000e+02 1.900100840692786619e-02 2.503413746017296455e-03 9.973827947200728516e-01 0.000000000000000000e+00 1.137915339098771066e-04 0.000000000000000000e+00
5.000000000000000000e+02 2.000106148097668957e-02 1.024123805188893906e-03 9.989758761948110966e-01 0.000000000000000000e+00 0.000000000000000000e+00 0.000000000000000000e+00
5.250000000000000000e+02 2.100111455502551294e-02 2.162039144287664864e-03 9.978379608557123026e-01 0.000000000000000000e+00 0.000000000000000000e+00 0.000000000000000000e+00
5.500000000000000000e+02 2.200116762907433632e-02 1.706873008648156654e-03 9.982931269913518646e-01 0.000000000000000000e+00 0.000000000000000000e+00 0.000000000000000000e+00
5.750000000000000000e+02 2.300122070312315969e-02 3.527537551206190360e-03 9.963586709148839482e-01 0.000000000000000000e+00 1.137915339098771066e-04 0.000000000000000000e+00
6.000000000000000000e+02 2.400127377717198307e-02 2.617205279927173507e-03 9.972690031861629611e-01 0.000000000000000000e+00 1.137915339098771066e-04 0.000000000000000000e+00
6.250000000000000000e+02 2.500132685122080645e-02 2.730996813837050560e-03 9.970414201183431802e-01 0.000000000000000000e+00 2.275830678197542133e-04 0.000000000000000000e+00
6.500000000000000000e+02 2.600137992526962982e-02 2.617205279927173507e-03 9.973827947200728516e-01 0.000000000000000000e+00 0.000000000000000000e+00 0.000000000000000000e+00
6.750000000000000000e+02 2.700143299931845320e-02 2.844788347746927612e-03 9.971552116522530707e-01 0.000000000000000000e+00 0.000000000000000000e+00 0.000000000000000000e+00
7.000000000000000000e+02 2.800148607336727657e-02 2.730996813837050560e-03 9.971552116522530707e-01 0.000000000000000000e+00 1.137915339098771066e-04 0.000000000000000000e+00
7.250000000000000000e+02 2.900153914741609995e-02 3.299954483386436255e-03 9.967000455166135087e-01 0.000000000000000000e+00 0.000000000000000000e+00 0.000000000000000000e+00
7.500000000000000000e+02 3.000159222146492333e-02 2.617205279927173507e-03 9.972690031861629611e-01 0.000000000000000000e+00 1.137915339098771066e-04 0.000000000000000000e+00
7.750000000000000000e+02 3.100164529551374670e-02 3.072371415566681717e-03 9.968138370505233992e-01 0.000000000000000000e+00 1.137915339098771066e-04 0.000000000000000000e+00
8.000000000000000000e+02 3.200169836956257008e-02 2.617205279927173507e-03 9.971552116522530707e-01 0.000000000000000000e+00 2.275830678197542133e-04 0.000000000000000000e+00
8.250000000000000000e+02 3.300175144361139346e-02 7.737824305871643035e-03 9.919208010923987739e-01 0.000000000000000000e+00 3.413746017296313199e-04 0.000000000000000000e+00
8.500000000000000000e+02 3.400180451766021683e-02 4.551661356395083832e-03 9.954483386436049352e-01 0.000000000000000000e+00 0.000000000000000000e+00 0.000000000000000000e+00
8.750000000000000000e+02 3.500185759170904021e-02 3.186162949476558769e-03 9.967000455166135087e-01 0.000000000000000000e+00 1.137915339098771066e-04 0.000000000000000000e+00
9.000000000000000000e+02 3.600191066575786358e-02 4.210286754665453109e-03 9.954483386436049352e-01 0.000000000000000000e+00 3.413746017296313199e-04 0.000000000000000000e+00
9.250000000000000000e+02 3.700196373980668696e-02 6.486117432862995025e-03 9.932862994993172379e-01 0.000000000000000000e+00 2.275830678197542133e-04 0.000000000000000000e+00
9.500000000000000000e+02 3.800201681385551034e-02 5.689576695493855224e-03 9.943104233045061413e-01 0.000000000000000000e+00 0.000000000000000000e+00 0.000000000000000000e+00
9.750000000000000000e+02 3.900206988790433371e-02 5.917159763313609329e-03 9.939690487027764698e-01 0.000000000000000000e+00 1.137915339098771066e-04 0.000000000000000000e+00
1.000000000000000000e+03 4.000212296195315709e-02 6.941283568502503235e-03 9.930587164314974569e-01 0.000000000000000000e+00 0.000000000000000000e+00 0.000000000000000000e+00
1.025000000000000000e+03 4.100217603600198046e-02 1.081019572143832562e-02 9.888484296768320636e-01 0.000000000000000000e+00 3.413746017296313199e-04 0.000000000000000000e+00
1.050000000000000000e+03 4.200222911005080384e-02 9.672280382339554228e-03 9.901001365498406370e-01 0.000000000000000000e+00 2.275830678197542133e-04 0.000000000000000000e+00
1.075000000000000000e+03 4.300228218409962722e-02 1.001365498406918582e-02 9.896449704142011861e-01 0.000000000000000000e+00 3.413746017296313199e-04 0.000000000000000000e+00
1.100000000000000000e+03 4.400233525814845059e-02 1.206190259444697363e-02 9.873691397360035982e-01 0.000000000000000000e+00 5.689576695493854790e-04 0.000000000000000000e+00
1.125000000000000000e+03 4.500238833219727397e-02 1.058261265361857065e-02 9.891898042785616241e-01 0.000000000000000000e+00 2.275830678197542133e-04 0.000000000000000000e+00
1.150000000000000000e+03 4.600244140624609734e-02 1.149294492489758707e-02 9.879380974055530507e-01 0.000000000000000000e+00 5.689576695493854790e-04 0.000000000000000000e+00
1.175000000000000000e+03 4.700249448029492072e-02 8.420573509330906217e-03 9.914656349567592120e-01 0.000000000000000000e+00 1.137915339098771066e-04 0.000000000000000000e+00
1.200000000000000000e+03 4.800254755434374410e-02 1.285844333181611343e-02 9.869139736003641472e-01 0.000000000000000000e+00 2.275830678197542133e-04 0.000000000000000000e+00
1.225000000000000000e+03 4.900260062839278952e-02 1.411015020482476144e-02 9.855484751934455723e-01 0.000000000000000000e+00 3.413746017296313199e-04 0.000000000000000000e+00
1.250000000000000000e+03 5.000265370244161289e-02 1.285844333181611343e-02 9.866863905325443662e-01 0.000000000000000000e+00 4.551661356395084266e-04 0.000000000000000000e+00
1.275000000000000000e+03 5.100270677649043627e-02 1.274465179790623508e-02 9.866863905325443662e-01 0.000000000000000000e+00 5.689576695493854790e-04 0.000000000000000000e+00
1.300000000000000000e+03 5.200275985053925965e-02 1.228948566226672687e-02 9.872553482020938187e-01 0.000000000000000000e+00 4.551661356395084266e-04 0.000000000000000000e+00
1.325000000000000000e+03 5.300281292458808302e-02 1.502048247610377786e-02 9.846381429221665593e-01 0.000000000000000000e+00 3.413746017296313199e-04 0.000000000000000000e+00
1.350000000000000000e+03 5.400286599863690640e-02 1.308602639963586667e-02 9.868001820664542567e-01 0.000000000000000000e+00 1.137915339098771066e-04 0.000000000000000000e+00
1.375000000000000000e+03 5.500291907268572977e-02 1.365498406918525323e-02 9.856622667273554628e-01 0.000000000000000000e+00 6.827492034592626399e-04 0.000000000000000000e+00
1.400000000000000000e+03 5.600297214673455315e-02 2.071005917159763482e-02 9.789485662266727006e-01 0.000000000000000000e+00 3.413746017296313199e-04 0.000000000000000000e+00
1.425000000000000000e+03 5.700302522078337653e-02 1.911697769685935522e-02 9.798588984979517136e-01 0.000000000000000000e+00 1.024123805188893906e-03 0.000000000000000000e+00
1.450000000000000000e+03 5.800307829483219990e-02 2.059626763768775473e-02 9.787209831588530307e-01 0.000000000000000000e+00 6.827492034592626399e-04 0.000000000000000000e+00
1.475000000000000000e+03 5.900313136888102328e-02 2.548930359581247015e-02 9.732589895311788419e-01 0.000000000000000000e+00 1.251706873008648227e-03 0.000000000000000000e+00
1.500000000000000000e+03 6.000318444292984665e-02 2.332726445152480746e-02 9.755348202093764298e-01 0.000000000000000000e+00 1.137915339098770958e-03 0.000000000000000000e+00
1.525000000000000000e+03 6.100323751697867003e-02 2.526172052799271692e-02 9.728038233955393910e-01 0.000000000000000000e+00 1.934456076467910759e-03 0.000000000000000000e+00
1.550000000000000000e+03 6.200329059102749341e-02 2.935821574874829254e-02 9.680245789713245452e-01 0.000000000000000000e+00 2.617205279927173507e-03 0.000000000000000000e+00
1.575000000000000000e+03 6.300334366507631678e-02 3.402366863905325473e-02 9.641556668183887124e-01 0.000000000000000000e+00 1.820664542558033706e-03 0.000000000000000000e+00
1.600000000000000000e+03 6.400339673912514016e-02 2.924442421483841592e-02 9.692762858443332297e-01 0.000000000000000000e+00 1.479289940828402332e-03 0.000000000000000000e+00
1.625000000000000000e+03 6.500344981317396353e-02 3.243058716431497512e-02 9.655211652253072874e-01 0.000000000000000000e+00 2.048247610377787811e-03 0.000000000000000000e+00
1.650000000000000000e+03 6.600350288722278691e-02 3.527537551206190447e-02 9.622212107419207960e-01 0.000000000000000000e+00 2.503413746017296455e-03 0.000000000000000000e+00
1.675000000000000000e+03 6.700355596127161029e-02 3.846153846153846367e-02 9.582385070550750727e-01 0.000000000000000000e+00 3.299954483386436255e-03 0.000000000000000000e+00
1.700000000000000000e+03 6.800360903532043366e-02 3.527537551206190447e-02 9.629039599453800280e-01 0.000000000000000000e+00 1.820664542558033706e-03 0.000000000000000000e+00
1.725000000000000000e+03 6.900366210936925704e-02 4.506144742831133532e-02 9.526627218934911046e-01 0.000000000000000000e+00 2.275830678197541916e-03 0.000000000000000000e+00
1.750000000000000000e+03 7.000371518341808041e-02 5.029585798816568060e-02 9.470869367319071364e-01 0.000000000000000000e+00 2.617205279927173507e-03 0.000000000000000000e+00
1.775000000000000000e+03 7.100376825746690379e-02 4.631315430131998506e-02 9.515248065543923106e-01 0.000000000000000000e+00 2.162039144287664864e-03 0.000000000000000000e+00
1.800000000000000000e+03 7.200382133151572717e-02 6.099226217569413133e-02 9.347974510696404060e-01 0.000000000000000000e+00 4.210286754665453109e-03 0.000000000000000000e+00
1.825000000000000000e+03 7.300387440556455054e-02 6.235776058261265076e-02 9.327492034592625991e-01 0.000000000000000000e+00 4.893035958124715423e-03 0.000000000000000000e+00
1.850000000000000000e+03 7.400392747961337392e-02 5.917159763313609155e-02 9.347974510696404060e-01 0.000000000000000000e+00 6.030951297223486815e-03 0.000000000000000000e+00
1.875000000000000000e+03 7.500398055366219729e-02 7.111970869367319203e-02 9.221665908056441152e-01 0.000000000000000000e+00 6.713700500682749130e-03 0.000000000000000000e+00
1.900000000000000000e+03 7.600403362771102067e-02 8.375056895766955223e-02 9.098771051433773849e-01 0.000000000000000000e+00 6.372325898953117539e-03 0.000000000000000000e+00
1.925000000000000000e+03 7.700408670175984405e-02 6.395084205735093730e-02 9.287664997724169869e-01 0.000000000000000000e+00 7.282658170232134826e-03 0.000000000000000000e+00
1.950000000000000000e+03 7.800413977580866742e-02 7.464724624487938109e-02 9.181838871187983919e-01 0.000000000000000000e+00 7.168866636322257339e-03 0.000000000000000000e+00
1.975000000000000000e+03 7.900419284985749080e-02 8.488848429676831842e-02 9.055530268548019901e-01 0.000000000000000000e+00 9.558488848429677609e-03 0.000000000000000000e+00
2.000000000000000000e+03 8.000424592390631418e-02 1.019572143832498806e-01 8.868912152935821691e-01 0.000000000000000000e+00 1.115157032316795548e-02 0.000000000000000000e+00
2.025000000000000000e+03 8.100429899795513755e-02 1.108329540282202985e-01 8.758534365043241232e-01 0.000000000000000000e+00 1.331360946745562164e-02 0.000000000000000000e+00
2.050000000000000000e+03 8.200435207200418297e-02 1.108329540282202985e-01 8.742603550295857673e-01 0.000000000000000000e+00 1.490669094219390124e-02 0.000000000000000000e+00
2.075000000000000000e+03 8.300440514605300635e-02 1.265361857077833274e-01 8.566226672735548497e-01 0.000000000000000000e+00 1.684114701866181243e-02 0.000000000000000000e+00
2.100000000000000000e+03 8.400445822010182972e-02 1.403049613108784677e-01 8.437642239417387779e-01 0.000000000000000000e+00 1.593081474738279601e-02 0.000000000000000000e+00
2.125000000000000000e+03 8.500451129415065310e-02 1.455393718707328199e-01 8.324988620846609511e-01 0.000000000000000000e+00 2.196176604460628110e-02 0.000000000000000000e+00
2.150000000000000000e+03 8.600456436819947648e-02 1.472462448793809831e-01 8.273782430587164338e-01 0.000000000000000000e+00 2.537551206190259354e-02 0.000000000000000000e+00
2.175000000000000000e+03 8.700461744224829985e-02 1.583978152025489194e-01 8.139508420573509095e-01 0.000000000000000000e+00 2.765134274010013632e-02 0.000000000000000000e+00
2.200000000000000000e+03 8.800467051629712323e-02 1.739872553482020856e-01 7.926718252162039402e-01 2.275830678197542133e-04 3.311333636777423484e-02 0.000000000000000000e+00
2.225000000000000000e+03 8.900472359034594660e-02 1.867319071461083224e-01 7.697997269003186149e-01 0.000000000000000000e+00 4.346836595357305572e-02 0.000000000000000000e+00
2.250000000000000000e+03 9.000477666439476998e-02 1.969731451979972736e-01 7.547792444242148457e-01 0.000000000000000000e+00 4.824761037778789452e-02 0.000000000000000000e+00
2.275000000000000000e+03 9.100482973844359336e-02 2.180245789713245452e-01 7.272416932180245652e-01 1.137915339098771066e-04 5.461993627674101293e-02 0.000000000000000000e+00
2.300000000000000000e+03 9.200488281249241673e-02 2.365725989986345035e-01 7.025489303595812141e-01 1.137915339098771066e-04 6.076467910787437116e-02 0.000000000000000000e+00
2.325000000000000000e+03 9.300493588654124011e-02 2.353208921256258468e-01 6.967455621301774649e-01 3.413746017296313199e-04 6.759217114246700298e-02 0.000000000000000000e+00
2.350000000000000000e+03 9.400498896059006348e-02 2.494310423304506030e-01 6.713700500682748817e-01 1.024123805188893906e-03 7.817478379608557015e-02 0.000000000000000000e+00
2.375000000000000000e+03 9.500504203463888686e-02 2.701411015020482309e-01 6.365498406918524976e-01 1.251706873008648227e-03 9.205735093309057315e-02 0.000000000000000000e+00
2.400000000000000000e+03 9.600509510868771024e-02 2.951752389622211981e-01 5.906918525261720676e-01 1.934456076467910759e-03 1.121984524351388318e-01 0.000000000000000000e+00
2.425000000000000000e+03 9.700514818273653361e-02 3.021165225307237412e-01 5.672507965407374009e-01 2.958579881656804664e-03 1.276741010468821214e-01 0.000000000000000000e+00
2.450000000000000000e+03 9.800520125678535699e-02 2.989303595812471404e-01 5.512061902594447282e-01 3.982703686845699004e-03 1.458807464724624359e-01 0.000000000000000000e+00
2.475000000000000000e+03 9.900525433083418037e-02 3.228265817023213691e-01 5.111515703231679364e-01 3.982703686845699004e-03 1.620391442876649990e-01 0.000000000000000000e+00
2.500000000000000000e+03 1.000053074048830037e-01 3.390987710514337672e-01 4.722348657259899940e-01 3.186162949476558769e-03 1.854802002730996935e-01 0.000000000000000000e+00
2.525000000000000000e+03 1.010053604789318271e-01 3.565088757396449592e-01 4.406008192990441552e-01 6.827492034592626616e-03 1.960628129267182607e-01 0.000000000000000000e+00
2.550000000000000000e+03 1.020054135529806505e-01 3.698224852071005930e-01 4.145425580336822846e-01 9.558488848429677609e-03 2.060764679107874309e-01 0.000000000000000000e+00
2.575000000000000000e+03 1.030054666270294739e-01 3.676604460628129512e-01 3.862084660901228816e-01 1.081019572143832562e-02 2.353208921256258468e-01 0.000000000000000000e+00
2.600000000000000000e+03 1.040055197010782972e-01 3.710741920801092220e-01 3.661811561219845412e-01 1.581702321347291593e-02 2.469276285844333174e-01 0.000000000000000000e+00
2.625000000000000000e+03 1.050055727751271206e-01 3.858670914883932657e-01 3.293126991351843502e-01 2.241693218024579104e-02 2.624032771961766208e-01 0.000000000000000000e+00
2.650000000000000000e+03 1.060056258491759440e-01 3.909877105143377274e-01 3.152025489303595940e-01 2.730996813837050646e-02 2.664997724169321791e-01 0.000000000000000000e+00
2.675000000000000000e+03 1.070056789232247674e-01 3.897360036413290985e-01 3.078060992262175444e-01 3.117888029130632538e-02 2.712790168411470249e-01 0.000000000000000000e+00
2.700000000000000000e+03 1.080057319972735907e-01 3.955393718707327921e-01 2.918752844788347622e-01 3.925807919890760000e-02 2.733272644515248317e-01 0.000000000000000000e+00
2.725000000000000000e+03 1.090057850713224141e-01 4.088529813381884259e-01 2.834547109695038647e-01 4.278561675011378906e-02 2.649066909421938787e-01 0.000000000000000000e+00
2.750000000000000000e+03 1.100058381453712375e-01 4.121529358215748617e-01 2.756030951297223641e-01 5.166135639508420696e-02 2.605826126536185949e-01 0.000000000000000000e+00
2.775000000000000000e+03 1.110058912194200609e-01 4.210286754665452658e-01 2.726445152480655443e-01 5.359581247155211642e-02 2.527309968138370389e-01 0.000000000000000000e+00
2.800000000000000000e+03 1.120059442934688843e-01 4.161356395084205850e-01 2.649066909421938787e-01 5.621301775147929253e-02 2.627446517979062368e-01 0.000000000000000000e+00
2.825000000000000000e+03 1.130059973675177076e-01 4.094219390077378229e-01 2.734410559854346667e-01 5.962676376877560497e-02 2.575102412380518846e-01 0.000000000000000000e+00
2.850000000000000000e+03 1.140060504415667531e-01 4.213700500682749372e-01 2.597860719162494170e-01 6.201638598088302090e-02 2.568274920345926526e-01 0.000000000000000000e+00
2.875000000000000000e+03 1.150061035156155764e-01 4.303595812471552318e-01 2.515930814747383004e-01 6.178880291306326766e-02 2.562585343650432557e-01 0.000000000000000000e+00
2.900000000000000000e+03 1.160061565896643998e-01 4.261492944924897830e-01 2.493172507965407403e-01 6.065088757396449454e-02 2.638825671370050308e-01 0.000000000000000000e+00
2.925000000000000000e+03 1.170062096637132232e-01 4.263768775603095085e-01 2.519344560764679164e-01 7.055075102412380894e-02 2.511379153390987939e-01 0.000000000000000000e+00
2.950000000000000000e+03 1.180062627377620466e-01 4.450386891215293850e-01 2.269003186162949492e-01 6.918525261720527564e-02 2.588757396449704040e-01 0.000000000000000000e+00
2.975000000000000000e+03 1.190063158118108699e-01 4.403732362312243742e-01 2.313381884387801513e-01 7.373691397360036814e-02 2.545516613563950648e-01 0.000000000000000000e+00
3.000000000000000000e+03 1.200063688858596933e-01 4.366181156121984319e-01 2.312243969048702885e-01 7.771961766044606368e-02 2.544378698224852298e-01 0.000000000000000000e+00
3.025000000000000000e+03 1.210064219599085167e-01 4.425352753755120716e-01 2.302002730996813851e-01 8.477469276285844180e-02 2.424897587619481154e-01 0.000000000000000000e+00
3.050000000000000000e+03 1.220064750339573401e-01 4.585798816568047442e-01 2.089212562585343602e-01 8.249886208466089554e-02 2.500000000000000000e-01 0.000000000000000000e+00
3.075000000000000000e+03 1.230065281080061634e-01 4.707555757851615841e-01 2.003868912152935722e-01 8.136094674556212936e-02 2.474965862539827144e-01 0.000000000000000000e+00
3.100000000000000000e+03 1.240065811820549868e-01 4.597177969959034827e-01 2.015248065543923661e-01 8.841602184797450747e-02 2.503413746017296160e-01 0.000000000000000000e+00
3.125000000000000000e+03 1.250066342561038102e-01 4.572143832498862248e-01 1.994765589440145592e-01 8.750568957669549452e-02 2.558033682294037492e-01 0.000000000000000000e+00
3.150000000000000000e+03 1.260066873301526336e-01 4.751934456076468138e-01 1.965179790623577671e-01 8.454710969503868856e-02 2.437414656349567721e-01 0.000000000000000000e+00
3.175000000000000000e+03 1.270067404042014569e-01 4.809968138370505075e-01 1.841147018661811463e-01 8.784706417842512438e-02 2.470414201183432079e-01 0.000000000000000000e+00
3.200000000000000000e+03 1.280067934782502803e-01 4.918070095584888279e-01 1.857077833409194467e-01 9.194355939918069653e-02 2.305416477014110288e-01 0.000000000000000000e+00
3.225000000000000000e+03 1.290068465522991037e-01 4.858898497951752438e-01 1.857077833409194467e-01 9.114701866181156020e-02 2.372553482020937632e-01 0.000000000000000000e+00
3.250000000000000000e+03 1.300068996263479271e-01 4.972690031861629611e-01 1.739872553482020856e-01 9.330905780609922984e-02 2.354346836595357373e-01 0.000000000000000000e+00
3.275000000000000000e+03 1.310069527003967504e-01 4.990896677287209870e-01 1.686390532544378706e-01 9.342284934000910646e-02 2.388484296768320359e-01 0.000000000000000000e+00
3.300000000000000000e+03 1.320070057744455738e-01 5.032999544833864913e-01 1.676149294492489672e-01 8.875739644970413733e-02 2.403277196176604458e-01 0.000000000000000000e+00
3.325000000000000000e+03 1.330070588484943972e-01 4.986345015930814806e-01 1.630632680928539024e-01 9.148839326354119006e-02 2.468138370505234547e-01 0.000000000000000000e+00
3.350000000000000000e+03 1.340071119225432206e-01 4.992034592626308775e-01 1.619253527537551085e-01 9.308147473827947660e-02 2.457897132453345512e-01 0.000000000000000000e+00
3.375000000000000000e+03 1.350071649965920439e-01 5.242375967228037892e-01 1.510013654984069253e-01 9.126081019572143682e-02 2.335002275830678209e-01 0.000000000000000000e+00
3.400000000000000000e+03 1.360072180706408673e-01 5.120619025944469493e-01 1.568047337278106468e-01 8.363677742375967561e-02 2.474965862539827144e-01 0.000000000000000000e+00
3.425000000000000000e+03 1.370072711446896907e-01 5.159308147473827821e-01 1.566909421939007840e-01 9.023668639053254725e-02 2.371415566681839004e-01 0.000000000000000000e+00
3.450000000000000000e+03 1.380073242187385141e-01 5.250341374601729116e-01 1.478152025489303523e-01 8.568502503413745475e-02 2.414656349567592120e-01 0.000000000000000000e+00
3.475000000000000000e+03 1.390073772927873375e-01 5.403959945380063523e-01 1.416704597177969871e-01 8.852981338188438409e-02 2.294037323623122349e-01 0.000000000000000000e+00
3.500000000000000000e+03 1.400074303668361608e-01 5.406235776058261333e-01 1.367774237596722786e-01 8.705052344105598805e-02 2.355484751934456000e-01 0.000000000000000000e+00
3.525000000000000000e+03 1.410074834408849842e-01 5.388029130632681074e-01 1.391670459717797015e-01 9.512972234865725574e-02 2.269003186162949492e-01 0.000000000000000000e+00
3.550000000000000000e+03 1.420075365149338076e-01 5.507510241238051663e-01 1.408739189804278646e-01 9.399180700955848955e-02 2.143832498862084657e-01 0.000000000000000000e+00
3.575000000000000000e+03 1.430075895889826310e-01 5.559854346836595740e-01 1.380291306326809353e-01 9.478834774692762588e-02 2.111970869367319203e-01 0.000000000000000000e+00
3.600000000000000000e+03 1.440076426630314543e-01 5.638370505234410190e-01 1.349567592171142527e-01 9.433318161128811941e-02 2.068730086481565811e-01 0.000000000000000000e+00
3.625000000000000000e+03 1.450076957370802777e-01 5.549613108784706705e-01 1.316568047337278169e-01 9.512972234865725574e-02 2.182521620391442985e-01 0.000000000000000000e+00
3.650000000000000000e+03 1.460077488111293231e-01 5.686162949476558648e-01 1.276741010468821214e-01 9.524351388256713236e-02 2.084660901228948537e-01 0.000000000000000000e+00
3.675000000000000000e+03 1.470078018851781465e-01 5.713472917614929036e-01 1.263086026399635742e-01 9.604005461993628257e-02 2.063040509786071841e-01 0.000000000000000000e+00
3.700000000000000000e+03 1.480078549592269699e-01 5.815885298133819381e-01 1.242603550295857950e-01 9.797451069640418508e-02 1.961766044606281234e-01 0.000000000000000000e+00
3.725000000000000000e+03 1.490079080332757933e-01 5.725989986345015881e-01 1.252844788347746985e-01 1.003641329085116080e-01 2.017523896222121194e-01 0.000000000000000000e+00
3.750000000000000000e+03 1.500079611073246166e-01 5.705507510241237812e-01 1.242603550295857950e-01 9.717796995903504875e-02 2.080109239872553473e-01 0.000000000000000000e+00
3.775000000000000000e+03 1.510080141813734400e-01 5.935366408739189970e-01 1.187983614019117035e-01 1.028675466545289074e-01 1.847974510696404060e-01 0.000000000000000000e+00
3.800000000000000000e+03 1.520080672554222634e-01 5.873918980427855763e-01 1.174328629949931702e-01 1.042330450614474269e-01 1.909421939007737712e-01 0.000000000000000000e+00
3.825000000000000000e+03 1.530081203294710868e-01 5.974055530268548297e-01 1.101502048247610388e-01 1.049157942649066866e-01 1.875284478834774726e-01 0.000000000000000000e+00
3.850000000000000000e+03 1.540081734035199101e-01 6.109467455621301335e-01 1.049157942649066866e-01 1.020710059171597572e-01 1.820664542558033672e-01 0.000000000000000000e+00
3.875000000000000000e+03 1.550082264775687335e-01 6.101502048247610110e-01 1.017296313154301274e-01 1.060537096040054666e-01 1.820664542558033672e-01 0.000000000000000000e+00
3.900000000000000000e+03 1.560082795516175569e-01 6.055985434683659463e-01 1.029813381884387841e-01 1.045744196631770567e-01 1.868456986800182129e-01 0.000000000000000000e+00
3.925000000000000000e+03 1.570083326256663803e-01 5.985434683659536237e-01 1.083295402822029990e-01 1.102639963586709154e-01 1.828629949931725174e-01 0.000000000000000000e+00
3.950000000000000000e+03 1.580083856997152036e-01 6.157259899863449792e-01 1.035502958579881672e-01 1.093536640873919025e-01 1.713700500682749095e-01 0.000000000000000000e+00
3.975000000000000000e+03 1.590084387737640270e-01 6.098088302230314506e-01 1.007055075102412378e-01 1.132225762403277214e-01 1.762630860263996457e-01 0.000000000000000000e+00
4.000000000000000000e+03 1.600084918478128504e-01 6.200500682749203740e-01 9.808830223031406170e-02 1.129949931725079681e-01 1.688666363222576239e-01 0.000000000000000000e+00
4.025000000000000000e+03 1.610085449218616738e-01 6.281292671825216001e-01 9.365043240782885969e-02 1.150432407828857473e-01 1.631770596267637652e-01 0.000000000000000000e+00
4.050000000000000000e+03 1.620085979959104971e-01 6.285844333181611621e-01 8.909877105143376719e-02 1.176604460628129234e-01 1.646563495675921751e-01 0.000000000000000000e+00
4.075000000000000000e+03 1.630086510699593205e-01 6.239189804278562068e-01 8.989531178880291740e-02 1.216431497496586189e-01 1.645425580336822846e-01 0.000000000000000000e+00
4.100000000000000000e+03 1.640087041440081439e-01 6.292671825216203940e-01 9.148839326354119006e-02 1.206190259444697294e-01 1.585116067364588099e-01 1.137915339098771066e-04
4.125000000000000000e+03 1.650087572180569673e-01 6.424670004551661373e-01 8.852981338188438409e-02 1.220983158852981393e-01 1.469048702776513393e-01 0.000000000000000000e+00
4.150000000000000000e+03 1.660088102921057907e-01 6.453117888029130667e-01 8.409194355939918208e-02 1.275603095129722309e-01 1.430359581247155343e-01 0.000000000000000000e+00
4.175000000000000000e+03 1.670088633661546140e-01 6.439462903959944917e-01 8.921256258534364381e-02 1.271051433773327244e-01 1.397360036413290985e-01 0.000000000000000000e+00
4.200000000000000000e+03 1.680089164402034374e-01 6.450842057350932857e-01 9.023668639053254725e-02 1.277878925807919841e-01 1.368912152935821691e-01 0.000000000000000000e+00
4.225000000000000000e+03 1.690089695142522608e-01 6.322257624032772139e-01 9.023668639053254725e-02 1.326809285389166926e-01 1.448566226672735602e-01 0.000000000000000000e+00
4.250000000000000000e+03 1.700090225883010842e-01 6.500910332271279124e-01 8.614019116977697510e-02 1.309740555302685572e-01 1.326809285389166926e-01 1.137915339098771066e-04
4.275000000000000000e+03 1.710090756623499075e-01 6.374601729631315106e-01 8.568502503413745475e-02 1.362084660901228816e-01 1.405325443786982209e-01 1.137915339098771066e-04
4.300000000000000000e+03 1.720091287363987309e-01 6.436049157942649313e-01 8.466090122894856518e-02 1.370050068274920319e-01 1.347291761492944995e-01 0.000000000000000000e+00
4.325000000000000000e+03 1.730091818104475543e-01 6.517979062357760478e-01 8.500227583067819503e-02 1.368912152935821691e-01 1.263086026399635742e-01 0.000000000000000000e+00
4.350000000000000000e+03 1.740092348844963777e-01 6.578288575329995780e-01 8.625398270368685172e-02 1.319981793354574329e-01 1.239189804278561652e-01 0.000000000000000000e+00
4.375000000000000000e+03 1.750092879585452010e-01 6.487255348202093375e-01 8.602639963586708460e-02 1.372325898953117851e-01 1.279016841147018746e-01 1.137915339098771066e-04
4.400000000000000000e+03 1.760093410325940244e-01 6.545289030496130867e-01 8.261265361857077216e-02 1.341602184797451025e-01 1.286982248520709970e-01 0.000000000000000000e+00
4.425000000000000000e+03 1.770093941066428478e-01 6.629494765589439842e-01 7.931269913518433634e-02 1.324533454710969393e-01 1.252844788347746985e-01 0.000000000000000000e+00
4.450000000000000000e+03 1.780094471806916712e-01 6.616977696859354108e-01 7.976786527082385669e-02 1.397360036413290985e-01 1.187983614019117035e-01 0.000000000000000000e+00
4.475000000000000000e+03 1.790095002547407166e-01 6.568047337278106745e-01 8.101957214383249950e-02 1.384842967683204418e-01 1.236913973600364119e-01 0.000000000000000000e+00
4.500000000000000000e+03 1.800095533287895400e-01 6.585116067364588099e-01 8.147473827947200598e-02 1.423532089212562468e-01 1.176604460628129234e-01 0.000000000000000000e+00
4.525000000000000000e+03 1.810096064028383633e-01 6.614701866181156298e-01 8.545744196631770151e-02 1.412152935821574806e-01 1.118570778334091881e-01 0.000000000000000000e+00
4.550000000000000000e+03 1.820096594768871867e-01 6.700045516613564178e-01 8.295402822030041590e-02 1.350705507510241155e-01 1.118570778334091881e-01 1.137915339098771066e-04
4.575000000000000000e+03 1.830097125509360101e-01 6.759217114246700575e-01 8.124715521165225274e-02 1.346153846153846090e-01 1.082157487482931224e-01 0.000000000000000000e+00
4.600000000000000000e+03 1.840097656249848335e-01 6.634046426945835462e-01 8.101957214383249950e-02 1.447428311333636697e-01 1.108329540282202985e-01 0.000000000000000000e+00
4.625000000000000000e+03 1.850098186990336568e-01 6.634046426945835462e-01 8.511606736458807165e-02 1.436049157942649035e-01 1.077605826126536159e-01 1.137915339098771066e-04
4.650000000000000000e+03 1.860098717730824802e-01 6.725079654073736757e-01 8.227127901684114231e-02 1.388256713700500578e-01 1.063950842057350965e-01 0.000000000000000000e+00
4.675000000000000000e+03 1.870099248471313036e-01 6.677287209831588299e-01 7.942649066909421296e-02 1.413290851160673711e-01 1.115157032316795582e-01 0.000000000000000000e+00
4.700000000000000000e+03 1.880099779211801270e-01 6.758079198907601670e-01 7.988165680473373331e-02 1.356395084205735124e-01 1.086709148839326289e-01 0.000000000000000000e+00
4.725000000000000000e+03 1.890100309952289503e-01 6.810423304506144637e-01 7.851615839781520001e-02 1.387118798361401950e-01 1.017296313154301274e-01 0.000000000000000000e+00
4.750000000000000000e+03 1.900100840692777737e-01 6.785389167045972059e-01 8.272644515248064878e-02 1.381429221665907980e-01 1.005917159763313612e-01 0.000000000000000000e+00
4.775000000000000000e+03 1.910101371433265971e-01 6.847974510696404060e-01 8.033682294037323979e-02 1.422394173873463841e-01 9.262630860263997012e-02 0.000000000000000000e+00
4.800000000000000000e+03 1.920101902173754205e-01 6.851388256713700775e-01 7.555757851615839404e-02 1.366636322257624159e-01 1.026399635867091542e-01 0.000000000000000000e+00
4.825000000000000000e+03 1.930102432914242438e-01 6.838871187983613931e-01 7.646791078743742087e-02 1.388256713700500578e-01 1.008192990441511144e-01 0.000000000000000000e+00
4.850000000000000000e+03 1.940102963654730672e-01 6.888939462903960198e-01 7.840236686390532339e-02 1.420118343195266308e-01 9.069185252617205373e-02 0.000000000000000000e+00
4.875000000000000000e+03 1.950103494395218906e-01 6.916249431042330587e-01 7.521620391442876419e-02 1.395084205735093175e-01 9.365043240782885969e-02 0.000000000000000000e+00
4.900000000000000000e+03 1.960104025135707140e-01 6.866181156121984319e-01 7.407828857532999800e-02 1.413290851160673711e-01 9.797451069640418508e-02 0.000000000000000000e+00
4.925000000000000000e+03 1.970104555876195374e-01 7.005006827492034072e-01 7.441966317705962786e-02 1.380291306326809353e-01 8.693673190714611143e-02 1.137915339098771066e-04
4.950000000000000000e+03 1.980105086616683607e-01 7.031178880291306665e-01 7.316795630405098505e-02 1.357532999544833752e-01 8.784706417842512438e-02 1.137915339098771066e-04
4.975000000000000000e+03 1.990105617357171841e-01 6.937869822485207560e-01 7.578516158397814728e-02 1.400773782430587144e-01 9.023668639053254725e-02 1.137915339098771066e-04
5.000000000000000000e+03 2.000106148097660075e-01 7.016385980883022011e-01 7.294037323623121793e-02 1.413290851160673711e-01 8.409194355939918208e-02 0.000000000000000000e+00
5.025000000000000000e+03 2.010106678838148309e-01 6.932180245789713036e-01 7.441966317705962786e-02 1.408739189804278646e-01 9.137460172963131344e-02 1.137915339098771066e-04
5.050000000000000000e+03 2.020107209578636542e-01 7.017523896222120916e-01 7.271279016841146470e-02 1.370050068274920319e-01 8.852981338188438409e-02 0.000000000000000000e+00
5.075000000000000000e+03 2.030107740319124776e-01 7.074419663177059503e-01 7.248520710059171146e-02 1.423532089212562468e-01 7.771961766044606368e-02 0.000000000000000000e+00
5.100000000000000000e+03 2.040108271059613010e-01 7.030040964952207760e-01 7.248520710059171146e-02 1.385980883022303045e-01 8.591260810195720798e-02 0.000000000000000000e+00
5.125000000000000000e+03 2.050108801800101244e-01 6.917387346381429492e-01 7.544378698224851743e-02 1.453117888029130667e-01 8.750568957669549452e-02 0.000000000000000000e+00
5.150000000000000000e+03 2.060109332540589477e-01 7.077833409194356218e-01 7.089212562585343880e-02 1.422394173873463841e-01 7.897132453345470648e-02 1.137915339098771066e-04
5.175000000000000000e+03 2.070109863281077711e-01 7.031178880291306665e-01 6.884387801547564578e-02 1.428083750568957533e-01 8.522985889849794827e-02 0.000000000000000000e+00
5.200000000000000000e+03 2.080110394021565945e-01 7.074419663177059503e-01 7.043695949021393232e-02 1.437187073281747940e-01 7.840236686390532339e-02 0.000000000000000000e+00
5.225000000000000000e+03 2.090110924762054179e-01 7.141556668183887124e-01 6.929904415111515226e-02 1.396222121074192080e-01 7.680928538916705073e-02 1.137915339098771066e-04
5.250000000000000000e+03 2.100111455502542412e-01 7.090350477924441952e-01 7.077833409194356218e-02 1.404187528447883582e-01 7.976786527082385669e-02 0.000000000000000000e+00
5.275000000000000000e+03 2.110111986243032867e-01 7.139280837505689314e-01 6.850250341374601593e-02 1.400773782430587144e-01 7.737824305871643382e-02 1.137915339098771066e-04
5.300000000000000000e+03 2.120112516983521100e-01 7.147246244879380539e-01 6.929904415111515226e-02 1.381429221665907980e-01 7.783340919435594030e-02 0.000000000000000000e+00
5.325000000000000000e+03 2.130113047724009334e-01 7.121074192080109055e-01 6.747837960855712636e-02 1.413290851160673711e-01 7.908511606736458310e-02 0.000000000000000000e+00
5.350000000000000000e+03 2.140113578464497568e-01 7.164314974965863003e-01 6.577150659990896320e-02 1.405325443786982209e-01 7.726445152480655720e-02 0.000000000000000000e+00
5.375000000000000000e+03 2.150114109204985802e-01 7.273554847519344557e-01 6.577150659990896320e-02 1.337050523441055960e-01 7.305416477014110843e-02 1.137915339098771066e-04
5.400000000000000000e+03 2.160114639945474035e-01 7.241693218024578549e-01 6.463359126081019701e-02 1.368912152935821691e-01 7.419208010923987462e-02 1.137915339098771066e-04
5.425000000000000000e+03 2.170115170685962269e-01 7.259899863450158808e-01 6.304050978607191047e-02 1.359808830223031284e-01 7.487482931269913433e-02 1.137915339098771066e-04
5.450000000000000000e+03 2.180115701426450503e-01 7.269003186162948937e-01 6.497496586253982687e-02 1.401911697769686049e-01 6.793354574419663283e-02 0.000000000000000000e+00
5.475000000000000000e+03 2.190116232166938737e-01 7.275830678197542367e-01 6.497496586253982687e-02 1.414428766499772339e-01 6.599908966772871644e-02 0.000000000000000000e+00
5.500000000000000000e+03 2.200116762907426970e-01 7.240555302685480754e-01 6.611288120163859305e-02 1.430359581247155343e-01 6.679563040509786664e-02 0.000000000000000000e+00
5.525000000000000000e+03 2.210117293647915204e-01 7.311106053709603980e-01 6.383705052344106068e-02 1.355257168866636219e-01 6.952662721893490549e-02 0.000000000000000000e+00
5.550000000000000000e+03 2.220117824388403438e-01 7.443104233045061413e-01 5.905780609922621494e-02 1.356395084205735124e-01 6.099226217569413133e-02 0.000000000000000000e+00
5.575000000000000000e+03 2.230118355128891672e-01 7.360036413290851343e-01 6.247155211652252738e-02 1.354119253527537592e-01 6.611288120163859305e-02 0.000000000000000000e+00
5.600000000000000000e+03 2.240118885869379906e-01 7.374829312699134887e-01 6.178880291306326766e-02 1.342740100136549930e-01 6.645425580336822291e-02 0.000000000000000000e+00
5.625000000000000000e+03 2.250119416609868139e-01 7.340691852526172179e-01 6.042330450614474130e-02 1.355257168866636219e-01 6.998179335457442585e-02 0.000000000000000000e+00
5.650000000000000000e+03 2.260119947350356373e-01 7.344105598543468894e-01 6.190259444697314428e-02 1.297223486572599005e-01 7.396449704142012138e-02 0.000000000000000000e+00
5.675000000000000000e+03 2.270120478090844607e-01 7.391898042785616241e-01 6.224396904870277414e-02 1.310878470641784199e-01 6.747837960855712636e-02 0.000000000000000000e+00
