# itime ezz other fcc hcp bcc ico
0.000000000000000000e+00 0.000000000000000000e+00 1.365498406918525280e-03 9.986345015930814251e-01 0.000000000000000000e+00 0.000000000000000000e+00 0.000000000000000000e+00
2.500000000000000000e+01 9.999451677704662700e-04 6.827492034592626399e-04 9.993172507965407680e-01 0.000000000000000000e+00 0.000000000000000000e+00 0.000000000000000000e+00
5.000000000000000000e+01 1.999890335540932540e-03 1.024123805188893906e-03 9.989758761948110966e-01 0.000000000000000000e+00 0.000000000000000000e+00 0.000000000000000000e+00
7.500000000000000000e+01 2.999835503311398810e-03 5.689576695493854790e-04 9.994310423304506585e-01 0.000000000000000000e+00 0.000000000000000000e+00 0.000000000000000000e+00
1.000000000000000000e+02 3.999780671081643035e-03 3.413746017296313199e-04 9.996586253982703285e-01 0.000000000000000000e+00 0.000000000000000000e+00 0.000000000000000000e+00
1.250000000000000000e+02 4.999725838852109305e-03 1.137915339098770958e-03 9.987482931269913156e-01 0.000000000000000000e+00 1.137915339098771066e-04 0.000000000000000000e+00
1.500000000000000000e+02 5.999671006622575575e-03 0.000000000000000000e+00 1.000000000000000000e+00 0.000000000000000000e+00 0.000000000000000000e+00 0.000000000000000000e+00
1.750000000000000000e+02 6.999616174393041845e-03 2.730996813837050560e-03 9.972690031861629611e-01 0.000000000000000000e+00 0.000000000000000000e+00 0.000000000000000000e+00
2.000000000000000000e+02 7.999561342163508115e-03 1.479289940828402332e-03 9.984069185252617551e-01 0.000000000000000000e+00 1.137915339098771066e-04 0.000000000000000000e+00
2.250000000000000000e+02 8.999506509933974385e-03 1.137915339098770958e-03 9.988620846609012061e-01 0.000000000000000000e+00 0.000000000000000000e+00 0.000000000000000000e+00
2.500000000000000000e+02 9.999451677704218611e-03 1.024123805188893906e-03 9.989758761948110966e-01 0.000000000000000000e+00 0.000000000000000000e+00 0.000000000000000000e+00
2.750000000000000000e+02 1.099939684547468488e-02 7.965407373691396923e-04 9.990896677287209870e-01 0.000000000000000000e+00 1.137915339098771066e-04 0.000000000000000000e+00
3.000000000000000000e+02 1.199934201324515115e-02 3.413746017296313199e-04 9.996586253982703285e-01 0.000000000000000000e+00 0.000000000000000000e+00 0.000000000000000000e+00
3.250000000000000000e+02 1.299928718101561742e-02 7.965407373691396923e-04 9.990896677287209870e-01 0.000000000000000000e+00 1.137915339098771066e-04 0.000000000000000000e+00
3.500000000000000000e+02 1.399923234878608369e-02 2.617205279927173507e-03 9.973827947200728516e-01 0.000000000000000000e+00 0.000000000000000000e+00 0.000000000000000000e+00
3.750000000000000000e+02 1.499917751655654996e-02 2.958579881656804664e-03 9.970414201183431802e-01 0.000000000000000000e+00 0.000000000000000000e+00 0.000000000000000000e+00
4.000000000000000000e+02 1.599912268432679419e-02 2.048247610377787811e-03 9.979517523896221931e-01 0.000000000000000000e+00 0.000000000000000000e+00 0.000000000000000000e+00
4.250000000000000000e+02 1.699906785209726046e-02 1.365498406918525280e-03 9.986345015930814251e-01 0.000000000000000000e+00 0.000000000000000000e+00 0.000000000000000000e+00
4.500000000000000000e+02 1.799901301986772673e-02 7.965407373691396923e-04 9.992034592626308775e-01 0.000000000000000000e+00 0.000000000000000000e+00 0.000000000000000000e+00
4.750000000000000000e+02 1.899895818763819300e-02 1.479289940828402332e-03 9.984069185252617551e-01 0.000000000000000000e+00 1.137915339098771066e-04 0.000000000000000000e+00
5.000000000000000000e+02 1.999890335540865927e-02 1.593081474738279385e-03 9.984069185252617551e-01 0.000000000000000000e+00 0.000000000000000000e+00 0.000000000000000000e+00
5.250000000000000000e+02 2.099884852317912554e-02 7.965407373691396923e-04 9.992034592626308775e-01 0.000000000000000000e+00 0.000000000000000000e+00 0.000000000000000000e+00
5.500000000000000000e+02 2.199879369094936976e-02 3.299954483386436255e-03 9.967000455166135087e-01 0.000000000000000000e+00 0.000000000000000000e+00 0.000000000000000000e+00
5.750000000000000000e+02 2.299873885871983603e-02 1.365498406918525280e-03 9.986345015930814251e-01 0.000000000000000000e+00 0.000000000000000000e+00 0.000000000000000000e+00
6.000000000000000000e+02 2.399868402649030230e-02 2.162039144287664864e-03 9.977241693218024121e-01 0.000000000000000000e+00 1.137915339098771066e-04 0.000000000000000000e+00
6.250000000000000000e+02 2.499862919426076857e-02 3.072371415566681717e-03 9.968138370505233992e-01 0.000000000000000000e+00 1.137915339098771066e-04 0.000000000000000000e+00
6.500000000000000000e+02 2.599857436203123484e-02 3.641329085116067413e-03 9.963586709148839482e-01 0.000000000000000000e+00 0.000000000000000000e+00 0.000000000000000000e+00
6.750000000000000000e+02 2.699851952980170111e-02 6.144742831133363434e-03 9.937414656349567998e-01 0.000000000000000000e+00 1.137915339098771066e-04 0.000000000000000000e+00
7.000000000000000000e+02 2.799846469757216738e-02 5.348202093764223633e-03 9.946517979062358128e-01 0.000000000000000000e+00 0.000000000000000000e+00 0.000000000000000000e+00
7.250000000000000000e+02 2.899840986534241161e-02 3.186162949476558769e-03 9.968138370505233992e-01 0.000000000000000000e+00 0.000000000000000000e+00 0.000000000000000000e+00
7.500000000000000000e+02 2.999835503311287788e-02 3.982703686845699004e-03 9.959035047792443862e-01 0.000000000000000000e+00 1.137915339098771066e-04 0.000000000000000000e+00
7.750000000000000000e+02 3.099830020088334415e-02 5.461993627674101119e-03 9.941966317705962508e-01 0.000000000000000000e+00 3.413746017296313199e-04 0.000000000000000000e+00
8.000000000000000000e+02 3.199824536865381042e-02 3.982703686845699004e-03 9.957897132453344957e-01 0.000000000000000000e+00 2.275830678197542133e-04 0.000000000000000000e+00
8.250000000000000000e+02 3.299819053642427669e-02 5.461993627674101119e-03 9.938552571688666903e-01 0.000000000000000000e+00 6.827492034592626399e-04 0.000000000000000000e+00
8.500000000000000000e+02 3.399813570419474296e-02 5.917159763313609329e-03 9.940828402366863603e-01 0.000000000000000000e+00 0.000000000000000000e+00 0.000000000000000000e+00
8.750000000000000000e+02 3.499808087196498718e-02 4.324078288575329727e-03 9.955621301775148257e-01 0.000000000000000000e+00 1.137915339098771066e-04 0.000000000000000000e+00
9.000000000000000000e+02 3.599802603973545345e-02 5.348202093764223633e-03 9.946517979062358128e-01 0.000000000000000000e+00 0.000000000000000000e+00 0.000000000000000000e+00
9.250000000000000000e+02 3.699797120750591972e-02 3.641329085116067413e-03 9.961310878470641672e-01 0.000000000000000000e+00 2.275830678197542133e-04 0.000000000000000000e+00
9.500000000000000000e+02 3.799791637527638599e-02 4.437869822485207214e-03 9.953345471096950448e-01 0.000000000000000000e+00 2.275830678197542133e-04 0.000000000000000000e+00
9.750000000000000000e+02 3.899786154304685226e-02 1.012744651797906244e-02 9.893035958124715146e-01 0.000000000000000000e+00 5.689576695493854790e-04 0.000000000000000000e+00
1.000000000000000000e+03 3.999780671081731853e-02 8.420573509330906217e-03 9.912380518889394310e-01 0.000000000000000000e+00 3.413746017296313199e-04 0.000000000000000000e+00
1.025000000000000000e+03 4.099775187858756276e-02 7.510241238051888930e-03 9.920345926263085534e-01 0.000000000000000000e+00 4.551661356395084266e-04 0.000000000000000000e+00
1.050000000000000000e+03 4.199769704635802903e-02 7.396449704142011444e-03 9.923759672280382249e-01 0.000000000000000000e+00 2.275830678197542133e-04 0.000000000000000000e+00
1.075000000000000000e+03 4.299764221412849530e-02 8.875739644970414427e-03 9.908966772872098705e-01 0.000000000000000000e+00 2.275830678197542133e-04 0.000000000000000000e+00
1.100000000000000000e+03 4.399758738189896157e-02 8.761948111060537808e-03 9.907828857532999800e-01 0.000000000000000000e+00 4.551661356395084266e-04 0.000000000000000000e+00
1.125000000000000000e+03 4.499753254966942784e-02 1.012744651797906244e-02 9.890760127446518446e-01 0.000000000000000000e+00 7.965407373691396923e-04 0.000000000000000000e+00
1.150000000000000000e+03 4.599747771743989411e-02 9.103322712790167665e-03 9.903277196176604180e-01 0.000000000000000000e+00 5.689576695493854790e-04 0.000000000000000000e+00
1.175000000000000000e+03 4.699742288521036038e-02 8.079198907601274626e-03 9.919208010923987739e-01 0.000000000000000000e+00 0.000000000000000000e+00 0.000000000000000000e+00
1.200000000000000000e+03 4.799736805298060460e-02 1.081019572143832562e-02 9.889622212107419541e-01 0.000000000000000000e+00 2.275830678197542133e-04 0.000000000000000000e+00
1.225000000000000000e+03 4.899731322075107087e-02 1.536185707783340945e-02 9.842967683204369989e-01 0.000000000000000000e+00 3.413746017296313199e-04 0.000000000000000000e+00
1.250000000000000000e+03 4.999725838852153714e-02 1.649977241693217911e-02 9.829312699135184239e-01 0.000000000000000000e+00 5.689576695493854790e-04 0.000000000000000000e+00
1.275000000000000000e+03 5.099720355629200341e-02 1.308602639963586667e-02 9.865725989986344757e-01 0.000000000000000000e+00 3.413746017296313199e-04 0.000000000000000000e+00
1.300000000000000000e+03 5.199714872406246968e-02 1.593081474738279601e-02 9.835002275830677654e-01 0.000000000000000000e+00 5.689576695493854790e-04 0.000000000000000000e+00
1.325000000000000000e+03 5.299709389183293595e-02 1.809285389167045871e-02 9.811106053709603980e-01 0.000000000000000000e+00 7.965407373691396923e-04 0.000000000000000000e+00
1.350000000000000000e+03 5.399703905960318018e-02 2.014110150204824826e-02 9.790623577605825911e-01 0.000000000000000000e+00 7.965407373691396923e-04 0.000000000000000000e+00
1.375000000000000000e+03 5.499698422737364645e-02 1.911697769685935522e-02 9.800864815657714946e-01 0.000000000000000000e+00 7.965407373691396923e-04 0.000000000000000000e+00
1.400000000000000000e+03 5.599692939514411272e-02 1.934456076467910846e-02 9.798588984979517136e-01 0.000000000000000000e+00 7.965407373691396923e-04 0.000000000000000000e+00
1.425000000000000000e+03 5.699687456291457899e-02 1.832043695949021542e-02 9.809968138370505075e-01 0.000000000000000000e+00 6.827492034592626399e-04 0.000000000000000000e+00
1.450000000000000000e+03 5.799681973068504526e-02 2.389622212107419055e-02 9.754210286754665393e-01 0.000000000000000000e+00 6.827492034592626399e-04 0.000000000000000000e+00
1.475000000000000000e+03 5.899676489845551153e-02 2.617205279927173334e-02 9.731451979972689514e-01 0.000000000000000000e+00 6.827492034592626399e-04 0.000000000000000000e+00
1.500000000000000000e+03 5.999671006622575575e-02 2.548930359581247015e-02 9.737141556668184039e-01 0.000000000000000000e+00 7.965407373691396923e-04 0.000000000000000000e+00
1.525000000000000000e+03 6.099665523399622202e-02 2.298588984979517413e-02 9.757624032771962108e-01 0.000000000000000000e+00 1.251706873008648227e-03 0.000000000000000000e+00
1.550000000000000000e+03 6.199660040176668829e-02 3.470641784251251444e-02 9.642694583522986029e-01 0.000000000000000000e+00 1.024123805188893906e-03 0.000000000000000000e+00
1.575000000000000000e+03 6.299654556953715456e-02 2.708238507055074976e-02 9.716659080564405970e-01 0.000000000000000000e+00 1.251706873008648227e-03 0.000000000000000000e+00
1.600000000000000000e+03 6.399649073730762083e-02 2.878925807919890598e-02 9.696176604460627901e-01 0.000000000000000000e+00 1.593081474738279385e-03 0.000000000000000000e+00
1.625000000000000000e+03 6.499643590507808710e-02 3.550295857988165771e-02 9.621074192080109055e-01 0.000000000000000000e+00 2.389622212107419402e-03 0.000000000000000000e+00
1.650000000000000000e+03 6.599638107284833133e-02 3.368229403732362487e-02 9.647246244879380539e-01 0.000000000000000000e+00 1.593081474738279385e-03 0.000000000000000000e+00
1.675000000000000000e+03 6.699632624061879760e-02 4.244424214838415921e-02 9.550523441055985829e-01 0.000000000000000000e+00 2.503413746017296455e-03 0.000000000000000000e+00
1.700000000000000000e+03 6.799627140838926387e-02 5.325443786982248656e-02 9.448111060537096595e-01 0.000000000000000000e+00 1.934456076467910759e-03 0.000000000000000000e+00
1.725000000000000000e+03 6.899621657615973014e-02 4.233045061447428259e-02 9.547109695038689114e-01 0.000000000000000000e+00 2.958579881656804664e-03 0.000000000000000000e+00
1.750000000000000000e+03 6.999616174393019641e-02 4.517523896222121194e-02 9.526627218934911046e-01 0.000000000000000000e+00 2.162039144287664864e-03 0.000000000000000000e+00
1.775000000000000000e+03 7.099610691170066268e-02 5.439235320892125969e-02 9.428766499772417431e-01 0.000000000000000000e+00 2.730996813837050560e-03 0.000000000000000000e+00
1.800000000000000000e+03 7.199605207947112895e-02 4.767865270823850449e-02 9.493627674101047242e-01 0.000000000000000000e+00 2.958579881656804664e-03 0.000000000000000000e+00
1.825000000000000000e+03 7.299599724724137317e-02 5.188893946290396020e-02 9.461766044606281234e-01 0.000000000000000000e+00 1.934456076467910759e-03 0.000000000000000000e+00
1.850000000000000000e+03 7.399594241501183944e-02 5.757851615839781195e-02 9.391215293582158008e-01 0.000000000000000000e+00 3.299954483386436255e-03 0.000000000000000000e+00
1.875000000000000000e+03 7.499588758278230571e-02 5.416477014110149951e-02 9.416249431042330587e-01 0.000000000000000000e+00 4.210286754665453109e-03 0.000000000000000000e+00
1.900000000000000000e+03 7.599583275055277198e-02 8.136094674556212936e-02 9.146563495675921196e-01 0.000000000000000000e+00 3.982703686845699004e-03 0.000000000000000000e+00
1.925000000000000000e+03 7.699577791832323825e-02 7.828857532999544677e-02 9.147701411015020101e-01 0.000000000000000000e+00 6.941283568502503235e-03 0.000000000000000000e+00
1.950000000000000000e+03 7.799572308609370452e-02 7.760582612653618706e-02 9.167045971779699265e-01 0.000000000000000000e+00 5.689576695493855224e-03 0.000000000000000000e+00
1.975000000000000000e+03 7.899566825386394875e-02 8.773327264451524776e-02 9.055530268548019901e-01 0.000000000000000000e+00 6.713700500682749130e-03 0.000000000000000000e+00
2.000000000000000000e+03 7.999561342163441502e-02 9.035047792444242387e-02 9.021392808375057193e-01 0.000000000000000000e+00 7.510241238051888930e-03 0.000000000000000000e+00
2.025000000000000000e+03 8.099555858940488129e-02 1.068502503413746030e-01 8.859808830223031562e-01 0.000000000000000000e+00 7.168866636322257339e-03 0.000000000000000000e+00
2.050000000000000000e+03 8.199550375717534756e-02 1.077605826126536159e-01 8.818843878015475424e-01 0.000000000000000000e+00 1.035502958579881741e-02 0.000000000000000000e+00
2.075000000000000000e+03 8.299544892494581383e-02 1.133363677742375980e-01 8.763086026399635742e-01 0.000000000000000000e+00 1.035502958579881741e-02 0.000000000000000000e+00
2.100000000000000000e+03 8.399539409271628010e-02 1.166363222576240338e-01 8.727810650887574129e-01 0.000000000000000000e+00 1.058261265361857065e-02 0.000000000000000000e+00
2.125000000000000000e+03 8.499533926048652432e-02 1.189121529358215801e-01 8.715293582157487284e-01 0.000000000000000000e+00 9.558488848429677609e-03 0.000000000000000000e+00
2.150000000000000000e+03 8.599528442825699059e-02 1.224396904870277691e-01 8.668639053254437732e-01 0.000000000000000000e+00 1.069640418752844727e-02 0.000000000000000000e+00
2.175000000000000000e+03 8.699522959602745686e-02 1.310878470641784199e-01 8.586709148839326566e-01 0.000000000000000000e+00 1.024123805188893906e-02 0.000000000000000000e+00
2.200000000000000000e+03 8.799517476379792313e-02 1.408739189804278646e-01 8.442193900773782289e-01 0.000000000000000000e+00 1.490669094219390124e-02 0.000000000000000000e+00
2.225000000000000000e+03 8.899511993156838940e-02 1.582840236686390567e-01 8.237369139736003820e-01 0.000000000000000000e+00 1.797906235776058209e-02 0.000000000000000000e+00
2.250000000000000000e+03 8.999506509933885567e-02 1.829767865270823801e-01 7.936959490213928436e-01 0.000000000000000000e+00 2.332726445152480746e-02 0.000000000000000000e+00
2.275000000000000000e+03 9.099501026710932194e-02 1.838871187983613931e-01 7.934683659535730627e-01 0.000000000000000000e+00 2.264451524806554428e-02 0.000000000000000000e+00
2.300000000000000000e+03 9.199495543487956617e-02 1.844560764679107900e-01 7.895994538006372299e-01 0.000000000000000000e+00 2.594446973145198010e-02 0.000000000000000000e+00
2.325000000000000000e+03 9.299490060265003244e-02 1.946973145197997135e-01 7.733272644515247762e-01 0.000000000000000000e+00 3.197542102867546865e-02 0.000000000000000000e+00
2.350000000000000000e+03 9.399484577042049871e-02 2.299726900318616318e-01 7.254210286754665393e-01 1.137915339098771066e-04 4.449248975876194528e-02 0.000000000000000000e+00
2.375000000000000000e+03 9.499479093819096498e-02 2.672963131543013016e-01 6.759217114246700575e-01 0.000000000000000000e+00 5.678197542102867562e-02 0.000000000000000000e+00
2.400000000000000000e+03 9.599473610596143125e-02 2.849340009103322746e-01 6.430359581247154788e-01 5.689576695493854790e-04 7.146108329540282189e-02 0.000000000000000000e+00
2.425000000000000000e+03 9.699468127373189752e-02 3.034820209376422606e-01 6.054847519344560558e-01 1.593081474738279385e-03 8.944014565316341092e-02 0.000000000000000000e+00
2.450000000000000000e+03 9.799462644150214174e-02 3.273782430587164338e-01 5.588302230314065033e-01 2.048247610377787811e-03 1.117432862994993115e-01 0.000000000000000000e+00
2.475000000000000000e+03 9.899457160927260801e-02 3.340919435593991960e-01 5.228720983158853253e-01 4.779244424214838804e-03 1.382567137005006885e-01 0.000000000000000000e+00
2.500000000000000000e+03 9.999451677704307428e-02 3.478607191624943362e-01 4.745106964041875264e-01 5.803368229403732710e-03 1.718252162039144160e-01 0.000000000000000000e+00
2.525000000000000000e+03 1.009944619448135406e-01 3.548020027309968238e-01 4.326354119253527641e-01 1.115157032316795548e-02 2.014110150204824756e-01 0.000000000000000000e+00
2.550000000000000000e+03 1.019944071125840068e-01 3.555985434683659463e-01 3.983841602184797215e-01 1.342740100136549826e-02 2.325898953117888079e-01 0.000000000000000000e+00
2.575000000000000000e+03 1.029943522803544731e-01 3.818843878015475424e-01 3.642467000455166248e-01 1.547564861174328607e-02 2.383932635411925294e-01 0.000000000000000000e+00
2.600000000000000000e+03 1.039942974481247173e-01 3.755120619025944517e-01 3.390987710514337672e-01 2.628584433318160996e-02 2.591033227127901850e-01 0.000000000000000000e+00
2.625000000000000000e+03 1.049942426158951836e-01 3.862084660901228816e-01 3.170232134729176199e-01 2.810650887573964626e-02 2.686618115612198210e-01 0.000000000000000000e+00
2.650000000000000000e+03 1.059941877836656499e-01 3.920118343195266308e-01 2.971096950386891145e-01 3.004096495220755572e-02 2.808375056895767163e-01 0.000000000000000000e+00
2.675000000000000000e+03 1.069941329514361161e-01 4.011151570323168158e-01 2.825443786982248517e-01 3.527537551206190447e-02 2.810650887573964418e-01 0.000000000000000000e+00
2.700000000000000000e+03 1.079940781192065824e-01 3.825671370050068298e-01 2.850477924442421651e-01 3.664087391898043083e-02 2.957441966317705950e-01 0.000000000000000000e+00
2.725000000000000000e+03 1.089940232869770487e-01 3.920118343195266308e-01 2.782203004096495125e-01 4.164770141101502288e-02 2.881201638598088199e-01 0.000000000000000000e+00
2.750000000000000000e+03 1.099939684547472929e-01 4.020254893035958288e-01 2.685480200273099860e-01 4.403732362312243881e-02 2.853891670459717811e-01 0.000000000000000000e+00
2.775000000000000000e+03 1.109939136225177592e-01 3.990669094219390090e-01 2.634274010013655243e-01 4.881656804733727761e-02 2.886891215293582169e-01 0.000000000000000000e+00
2.800000000000000000e+03 1.119938587902882254e-01 3.998634501593081314e-01 2.519344560764679164e-01 5.040964952207555722e-02 2.977924442421484019e-01 0.000000000000000000e+00
2.825000000000000000e+03 1.129938039580586917e-01 3.983841602184797215e-01 2.441966317705962786e-01 5.336822940373236318e-02 3.040509786071916021e-01 0.000000000000000000e+00
2.850000000000000000e+03 1.139937491258291580e-01 4.213700500682749372e-01 2.269003186162949492e-01 5.245789713245334329e-02 2.992717341829768118e-01 0.000000000000000000e+00
2.875000000000000000e+03 1.149936942935996242e-01 3.999772416932180219e-01 2.256486117432862926e-01 5.928538916704597511e-02 3.150887573964497035e-01 0.000000000000000000e+00
2.900000000000000000e+03 1.159936394613700905e-01 4.164770141101502010e-01 2.093764223941738667e-01 6.599908966772871644e-02 3.081474738279472159e-01 0.000000000000000000e+00
2.925000000000000000e+03 1.169935846291403347e-01 4.215976331360946627e-01 2.061902594446973214e-01 6.759217114246700298e-02 3.046199362767409990e-01 0.000000000000000000e+00
2.950000000000000000e+03 1.179935297969108010e-01 4.277423759672280279e-01 2.007282658170232159e-01 6.895766954938552240e-02 3.025716886663632477e-01 0.000000000000000000e+00
2.975000000000000000e+03 1.189934749646812673e-01 4.256941283568502765e-01 1.956076467910787542e-01 7.419208010923987462e-02 3.045061447428311086e-01 0.000000000000000000e+00
3.000000000000000000e+03 1.199934201324517336e-01 4.292216659080564378e-01 1.904870277651342647e-01 7.510241238051888757e-02 3.051888939462903960e-01 0.000000000000000000e+00
3.025000000000000000e+03 1.209933653002221998e-01 4.338871187983613931e-01 1.841147018661811463e-01 7.692307692307692735e-02 3.050751024123805055e-01 0.000000000000000000e+00
3.050000000000000000e+03 1.219933104679926661e-01 4.336595357305416676e-01 1.776285844333181652e-01 8.124715521165225274e-02 3.074647246244879284e-01 0.000000000000000000e+00
3.075000000000000000e+03 1.229932556357629103e-01 4.403732362312243742e-01 1.687528447883477334e-01 8.192990441511151245e-02 3.089440145653163383e-01 0.000000000000000000e+00
3.100000000000000000e+03 1.239932008035333766e-01 4.499317250796540657e-01 1.578288575329995502e-01 8.272644515248064878e-02 3.095129722348657353e-01 0.000000000000000000e+00
3.125000000000000000e+03 1.249931459713038429e-01 4.502730996813836817e-01 1.557806099226217433e-01 8.170232134729175921e-02 3.122439690487027741e-01 0.000000000000000000e+00
3.150000000000000000e+03 1.259930911390743091e-01 4.487938097405553273e-01 1.464497041420118328e-01 8.227127901684114231e-02 3.224852071005916976e-01 0.000000000000000000e+00
3.175000000000000000e+03 1.269930363068447754e-01 4.360491579426490905e-01 1.436049157942649035e-01 8.272644515248064878e-02 3.376194811106053573e-01 0.000000000000000000e+00
3.200000000000000000e+03 1.279929814746152417e-01 4.387801547564861293e-01 1.391670459717797015e-01 7.999544833864360993e-02 3.420573509330905870e-01 0.000000000000000000e+00
3.225000000000000000e+03 1.289929266423854859e-01 4.501593081474738467e-01 1.256258534365043145e-01 9.512972234865725574e-02 3.290851160673645692e-01 0.000000000000000000e+00
3.250000000000000000e+03 1.299928718101559522e-01 4.532316795630405015e-01 1.267637687756031084e-01 9.421939007737824279e-02 3.257851615839781334e-01 0.000000000000000000e+00
3.275000000000000000e+03 1.309928169779264184e-01 4.619936276741010706e-01 1.235776058261265353e-01 1.027537551206190308e-01 3.116750113791533772e-01 0.000000000000000000e+00
3.300000000000000000e+03 1.319927621456968847e-01 4.586936731907146347e-01 1.244879380974055483e-01 1.026399635867091542e-01 3.141784251251706905e-01 0.000000000000000000e+00
3.325000000000000000e+03 1.329927073134673510e-01 4.729176149294492260e-01 1.123122439690487084e-01 1.112881201638598050e-01 3.034820209376422606e-01 0.000000000000000000e+00
3.350000000000000000e+03 1.339926524812378172e-01 4.757624032771961553e-01 1.099226217569412856e-01 1.110605370960400518e-01 3.032544378698224796e-01 0.000000000000000000e+00
3.375000000000000000e+03 1.349925976490082835e-01 4.874829312699135442e-01 1.083295402822029990e-01 1.132225762403277214e-01 2.909649522075557493e-01 0.000000000000000000e+00
3.400000000000000000e+03 1.359925428167785277e-01 4.732589895311788974e-01 1.132225762403277214e-01 1.156121984524351443e-01 2.979062357760582369e-01 0.000000000000000000e+00
3.425000000000000000e+03 1.369924879845489940e-01 4.898725534820209115e-01 1.055985434683659602e-01 1.223258989531178925e-01 2.822030040964952358e-01 0.000000000000000000e+00
3.450000000000000000e+03 1.379924331523194603e-01 4.954483386436049352e-01 1.035502958579881672e-01 1.332498862084660896e-01 2.677514792899408080e-01 0.000000000000000000e+00
3.475000000000000000e+03 1.389923783200899265e-01 4.857760582612653533e-01 1.018434228493400040e-01 1.347291761492944995e-01 2.776513427401001155e-01 0.000000000000000000e+00
3.500000000000000000e+03 1.399923234878603928e-01 5.020482476103778069e-01 9.638142922166591242e-02 1.318843878015475701e-01 2.696859353664087244e-01 0.000000000000000000e+00
3.525000000000000000e+03 1.409922686556308591e-01 5.015930814747382449e-01 9.399180700955848955e-02 1.382567137005006885e-01 2.661583978152025631e-01 0.000000000000000000e+00
3.550000000000000000e+03 1.419922138234011033e-01 5.011379153390987939e-01 9.103322712790168358e-02 1.360946745562130189e-01 2.717341829767865313e-01 0.000000000000000000e+00
3.575000000000000000e+03 1.429921589911715696e-01 5.014792899408283544e-01 9.205735093309057315e-02 1.414428766499772339e-01 2.650204824761037692e-01 0.000000000000000000e+00
3.600000000000000000e+03 1.439921041589420359e-01 5.257168866636322546e-01 8.136094674556212936e-02 1.426945835229858905e-01 2.502275830678197810e-01 0.000000000000000000e+00
3.625000000000000000e+03 1.449920493267125021e-01 5.306099226217569909e-01 7.555757851615839404e-02 1.396222121074192080e-01 2.542102867546654488e-01 0.000000000000000000e+00
3.650000000000000000e+03 1.459919944944829684e-01 5.269685935366408280e-01 7.168866636322257513e-02 1.411015020482476179e-01 2.602412380518889234e-01 0.000000000000000000e+00
3.675000000000000000e+03 1.469919396622534347e-01 5.245789713245334607e-01 6.838871187983613931e-02 1.530496131087847045e-01 2.539827036868457233e-01 0.000000000000000000e+00
3.700000000000000000e+03 1.479918848300236789e-01 5.160446062812926726e-01 7.362312243969049153e-02 1.555530268548019901e-01 2.547792444242148457e-01 0.000000000000000000e+00
3.725000000000000000e+03 1.489918299977941452e-01 5.200273099681383959e-01 7.350933090578061491e-02 1.538461538461538547e-01 2.526172052799271484e-01 0.000000000000000000e+00
3.750000000000000000e+03 1.499917751655646114e-01 5.260582612653618151e-01 7.305416477014110843e-02 1.573736913973600438e-01 2.435138825671370189e-01 0.000000000000000000e+00
3.775000000000000000e+03 1.509917203333350777e-01 5.276513427401001710e-01 6.645425580336822291e-02 1.506599908966772816e-01 2.552344105598543522e-01 0.000000000000000000e+00
3.800000000000000000e+03 1.519916655011055440e-01 5.320892125625853453e-01 7.077833409194356218e-02 1.644287664997724219e-01 2.327036868456986707e-01 0.000000000000000000e+00
3.825000000000000000e+03 1.529916106688760102e-01 5.353891670459717256e-01 7.134729176149294527e-02 1.696631770596267741e-01 2.236003641329085134e-01 0.000000000000000000e+00
3.850000000000000000e+03 1.539915558366462545e-01 5.270823850705507185e-01 7.339553937187073829e-02 1.711424670004551563e-01 2.283796085571233592e-01 0.000000000000000000e+00
3.875000000000000000e+03 1.549915010044167207e-01 5.282203004096495125e-01 7.214383249886208160e-02 1.717114246700045532e-01 2.279244424214838527e-01 0.000000000000000000e+00
3.900000000000000000e+03 1.559914461721871870e-01 5.246927628584433512e-01 7.055075102412380894e-02 1.734182976786527164e-01 2.313381884387801513e-01 0.000000000000000000e+00
3.925000000000000000e+03 1.569913913399576533e-01 5.269685935366408280e-01 7.066454255803368556e-02 1.746700045516613453e-01 2.276968593536640995e-01 0.000000000000000000e+00
3.950000000000000000e+03 1.579913365077281195e-01 5.339098771051433712e-01 6.929904415111515226e-02 1.800182066454255880e-01 2.167728720983158885e-01 0.000000000000000000e+00
3.975000000000000000e+03 1.589912816754985858e-01 5.411925352753754748e-01 7.123350022758306865e-02 1.880974055530268418e-01 1.994765589440145592e-01 0.000000000000000000e+00
4.000000000000000000e+03 1.599912268432690521e-01 5.431269913518433912e-01 7.441966317705962786e-02 1.863905325443787064e-01 1.960628129267182607e-01 0.000000000000000000e+00
4.025000000000000000e+03 1.609911720110392963e-01 5.530268548020027541e-01 7.077833409194356218e-02 1.826354119253527641e-01 1.935593991807009473e-01 0.000000000000000000e+00
4.050000000000000000e+03 1.619911171788097626e-01 5.525716886663631922e-01 7.328174783796086167e-02 1.868456986800182129e-01 1.873008648156577194e-01 0.000000000000000000e+00
4.075000000000000000e+03 1.629910623465802288e-01 5.579198907601274904e-01 7.339553937187073829e-02 1.906008192990441552e-01 1.780837505689576716e-01 0.000000000000000000e+00
4.100000000000000000e+03 1.639910075143506951e-01 5.630405097860718966e-01 7.248520710059171146e-02 1.948111060537096040e-01 1.696631770596267741e-01 0.000000000000000000e+00
4.125000000000000000e+03 1.649909526821211614e-01 5.576923076923077094e-01 7.464724624487938109e-02 1.936731907146108378e-01 1.739872553482020856e-01 0.000000000000000000e+00
4.150000000000000000e+03 1.659908978498916277e-01 5.589440145653163938e-01 7.532999544833864081e-02 1.918525261720528119e-01 1.738734638142922229e-01 0.000000000000000000e+00
4.175000000000000000e+03 1.669908430176618719e-01 5.551888939462903405e-01 7.510241238051888757e-02 1.986800182066454368e-01 1.710286754665452935e-01 0.000000000000000000e+00
4.200000000000000000e+03 1.679907881854323382e-01 5.596267637687756258e-01 7.316795630405098505e-02 2.001593081474738189e-01 1.669321802457897075e-01 1.137915339098771066e-04
4.225000000000000000e+03 1.689907333532028044e-01 5.687300864815657553e-01 7.294037323623121793e-02 2.012972234865725851e-01 1.570323167956304000e-01 0.000000000000000000e+00
4.250000000000000000e+03 1.699906785209732707e-01 5.617888029130633232e-01 7.339553937187073829e-02 2.113108784706417831e-01 1.535047792444242110e-01 0.000000000000000000e+00
4.275000000000000000e+03 1.709906236887437370e-01 5.670232134729176199e-01 7.487482931269913433e-02 2.122212107419207960e-01 1.458807464724624359e-01 0.000000000000000000e+00
4.300000000000000000e+03 1.719905688565142032e-01 5.815885298133819381e-01 7.532999544833864081e-02 2.065316340464269373e-01 1.365498406918525254e-01 0.000000000000000000e+00
4.325000000000000000e+03 1.729905140242844475e-01 5.735093309057806010e-01 7.760582612653618706e-02 2.113108784706417831e-01 1.374601729631315383e-01 1.137915339098771066e-04
4.350000000000000000e+03 1.739904591920549137e-01 5.824988620846609511e-01 7.328174783796086167e-02 2.064178425125170746e-01 1.378015475648611821e-01 0.000000000000000000e+00
4.375000000000000000e+03 1.749904043598253800e-01 5.773782430587164338e-01 7.749203459262631044e-02 2.205279927173418308e-01 1.246017296313154249e-01 0.000000000000000000e+00
4.400000000000000000e+03 1.759903495275958463e-01 5.807919890760127046e-01 7.635411925352754425e-02 2.165452890304961353e-01 1.261948111060537114e-01 1.137915339098771066e-04
4.425000000000000000e+03 1.769902946953663125e-01 5.737369139736003820e-01 7.749203459262631044e-02 2.191624943104233114e-01 1.296085571233500100e-01 0.000000000000000000e+00
4.450000000000000000e+03 1.779902398631367788e-01 5.623577605826126646e-01 8.090578060992262288e-02 2.183659535730541612e-01 1.383705052344105513e-01 0.000000000000000000e+00
4.475000000000000000e+03 1.789901850309072451e-01 5.721438324988621371e-01 7.954028220300408958e-02 2.200728265817023244e-01 1.281292671825216278e-01 1.137915339098771066e-04
4.500000000000000000e+03 1.799901301986774893e-01 5.797678652708238012e-01 8.010923987255348655e-02 2.183659535730541612e-01 1.217569412835685094e-01 0.000000000000000000e+00
4.525000000000000000e+03 1.809900753664479556e-01 5.746472462448793950e-01 8.010923987255348655e-02 2.191624943104233114e-01 1.259672280382339582e-01 1.137915339098771066e-04
4.550000000000000000e+03 1.819900205342184218e-01 5.724852071005916976e-01 7.976786527082385669e-02 2.253072371415566766e-01 1.224396904870277691e-01 0.000000000000000000e+00
4.575000000000000000e+03 1.829899657019888881e-01 5.813609467455621571e-01 8.181611288120163583e-02 2.224624487938097472e-01 1.143604915794264876e-01 0.000000000000000000e+00
4.600000000000000000e+03 1.839899108697593544e-01 5.747610377787892855e-01 8.477469276285844180e-02 2.257624032771961831e-01 1.147018661811561174e-01 0.000000000000000000e+00
4.625000000000000000e+03 1.849898560375298207e-01 5.710059171597633432e-01 8.579881656804733137e-02 2.283796085571233592e-01 1.147018661811561174e-01 1.137915339098771066e-04
4.650000000000000000e+03 1.859898012053000649e-01 5.771506599908966528e-01 8.261265361857077216e-02 2.307692307692307820e-01 1.094674556213017791e-01 0.000000000000000000e+00
4.675000000000000000e+03 1.869897463730705311e-01 5.714610832954027941e-01 8.386436049157942885e-02 2.378243058716431602e-01 1.067364588074647264e-01 1.137915339098771066e-04
4.700000000000000000e+03 1.879896915408409974e-01 5.731679563040509295e-01 8.659535730541648157e-02 2.362312243969048597e-01 1.038916704597177970e-01 1.137915339098771066e-04
4.725000000000000000e+03 1.889896367086114637e-01 5.771506599908966528e-01 8.488848429676831842e-02 2.393035958124715423e-01 9.854346836595356818e-02 1.137915339098771066e-04
4.750000000000000000e+03 1.899895818763819300e-01 5.690714610832954268e-01 8.454710969503868856e-02 2.469276285844333174e-01 9.934000910332271839e-02 1.137915339098771066e-04
4.775000000000000000e+03 1.909895270441523962e-01 5.807919890760127046e-01 8.375056895766955223e-02 2.420345926263086089e-01 9.330905780609922984e-02 1.137915339098771066e-04
4.800000000000000000e+03 1.919894722119226405e-01 5.857988165680473314e-01 8.227127901684114231e-02 2.337278106508875741e-01 9.820209376422393832e-02 0.000000000000000000e+00
4.825000000000000000e+03 1.929894173796931067e-01 5.987710514337732937e-01 7.919890760127445972e-02 2.348657259899863403e-01 8.716431497496586467e-02 0.000000000000000000e+00
4.850000000000000000e+03 1.939893625474635730e-01 5.777196176604461053e-01 8.261265361857077216e-02 2.498862084660901095e-01 8.978152025489304078e-02 0.000000000000000000e+00
4.875000000000000000e+03 1.949893077152340393e-01 5.739644970414201630e-01 8.261265361857077216e-02 2.536413290851160518e-01 8.978152025489304078e-02 0.000000000000000000e+00
4.900000000000000000e+03 1.959892528830045055e-01 5.909194355939918486e-01 7.874374146563495325e-02 2.410104688211197055e-01 8.932635411925353430e-02 0.000000000000000000e+00
4.925000000000000000e+03 1.969891980507749718e-01 5.880746472462449193e-01 8.033682294037323979e-02 2.421483841602184717e-01 8.944014565316341092e-02 0.000000000000000000e+00
4.950000000000000000e+03 1.979891432185452160e-01 5.835229858898497435e-01 8.136094674556212936e-02 2.441966317705962786e-01 9.091943559399180697e-02 0.000000000000000000e+00
4.975000000000000000e+03 1.989890883863156823e-01 5.813609467455621571e-01 8.056440600819299303e-02 2.500000000000000000e-01 8.807464724624487762e-02 0.000000000000000000e+00
5.000000000000000000e+03 1.999890335540861486e-01 5.828402366863905115e-01 8.192990441511151245e-02 2.501137915339098905e-01 8.511606736458807165e-02 0.000000000000000000e+00
5.025000000000000000e+03 2.009889787218566148e-01 5.864815657715065633e-01 8.329540282203004575e-02 2.502275830678197810e-01 7.999544833864360993e-02 0.000000000000000000e+00
5.050000000000000000e+03 2.019889238896270811e-01 5.854574419663176599e-01 8.534365043240782489e-02 2.507965407373691225e-01 7.840236686390532339e-02 0.000000000000000000e+00
5.075000000000000000e+03 2.029888690573975474e-01 5.883022303140645892e-01 8.113336367774237612e-02 2.544378698224852298e-01 7.612653618570777714e-02 0.000000000000000000e+00
5.100000000000000000e+03 2.039888142251680136e-01 5.810195721438324856e-01 8.079198907601274626e-02 2.567137005006827621e-01 8.147473827947200598e-02 0.000000000000000000e+00
5.125000000000000000e+03 2.049887593929382579e-01 5.926263086026399840e-01 7.703686845698680397e-02 2.587619481110605135e-01 7.157487482931269851e-02 0.000000000000000000e+00
5.150000000000000000e+03 2.059887045607087241e-01 6.008192990441511006e-01 7.487482931269913433e-02 2.535275375512062168e-01 7.077833409194356218e-02 0.000000000000000000e+00
5.175000000000000000e+03 2.069886497284791904e-01 5.896677287209831642e-01 7.680928538916705073e-02 2.585343650432407880e-01 7.498862084660901095e-02 0.000000000000000000e+00
5.200000000000000000e+03 2.079885948962496567e-01 5.935366408739189970e-01 7.624032771961765376e-02 2.591033227127901850e-01 7.111970869367319203e-02 0.000000000000000000e+00
5.225000000000000000e+03 2.089885400640201230e-01 5.817023213472917176e-01 7.612653618570777714e-02 2.692307692307692180e-01 7.294037323623121793e-02 0.000000000000000000e+00
5.250000000000000000e+03 2.099884852317905892e-01 5.934228493400091065e-01 7.521620391442876419e-02 2.642239417387346467e-01 6.713700500682749650e-02 0.000000000000000000e+00
5.275000000000000000e+03 2.109884303995608335e-01 6.008192990441511006e-01 7.680928538916705073e-02 2.573964497041419941e-01 6.497496586253982687e-02 0.000000000000000000e+00
5.300000000000000000e+03 2.119883755673312997e-01 5.960400546199362548e-01 7.521620391442876419e-02 2.597860719162494170e-01 6.895766954938552240e-02 0.000000000000000000e+00
5.325000000000000000e+03 2.129883207351017660e-01 5.950159308147473514e-01 7.851615839781520001e-02 2.594446973145198010e-01 6.702321347291761988e-02 0.000000000000000000e+00
5.350000000000000000e+03 2.139882659028722323e-01 6.073054164770140817e-01 7.350933090578061491e-02 2.575102412380518846e-01 6.167501137915339104e-02 0.000000000000000000e+00
5.375000000000000000e+03 2.149882110706426985e-01 6.040054619936277014e-01 7.305416477014110843e-02 2.613791533909877174e-01 6.156121984524351443e-02 0.000000000000000000e+00
5.400000000000000000e+03 2.159881562384131648e-01 5.983158852981338427e-01 7.305416477014110843e-02 2.696859353664087244e-01 5.894401456531633832e-02 0.000000000000000000e+00
5.425000000000000000e+03 2.169881014061834090e-01 6.004779244424214291e-01 7.669549385525717411e-02 2.627446517979062368e-01 6.008192990441511144e-02 0.000000000000000000e+00
5.450000000000000000e+03 2.179880465739538753e-01 6.131087847064178309e-01 6.986800182066454923e-02 2.597860719162494170e-01 5.712335002275830548e-02 1.137915339098771066e-04
5.475000000000000000e+03 2.189879917417243416e-01 6.048020027309968238e-01 7.225762403277195822e-02 2.653618570778333852e-01 5.757851615839781195e-02 0.000000000000000000e+00
5.500000000000000000e+03 2.199879369094948078e-01 6.043468365953572619e-01 7.339553937187073829e-02 2.682066454255803145e-01 5.393718707328174627e-02 1.137915339098771066e-04
5.525000000000000000e+03 2.209878820772652741e-01 6.059399180700956178e-01 7.316795630405098505e-02 2.646791078743741532e-01 5.609922621756941591e-02 1.137915339098771066e-04
5.550000000000000000e+03 2.219878272450357404e-01 6.088984979517524376e-01 7.009558488848430247e-02 2.636549840691852498e-01 5.735093309057805872e-02 0.000000000000000000e+00
5.575000000000000000e+03 2.229877724128062066e-01 6.081019572143832042e-01 7.111970869367319203e-02 2.654756486117432757e-01 5.518889394629039602e-02 1.137915339098771066e-04
5.600000000000000000e+03 2.239877175805764509e-01 6.062812926718251783e-01 7.066454255803368556e-02 2.663859808830222886e-01 5.666818388711879900e-02 0.000000000000000000e+00
5.625000000000000000e+03 2.249876627483469171e-01 6.106053709604005730e-01 7.055075102412380894e-02 2.684342284934000955e-01 5.040964952207555722e-02 0.000000000000000000e+00
5.650000000000000000e+03 2.259876079161173834e-01 6.084433318161128756e-01 7.089212562585343880e-02 2.649066909421938787e-01 5.575785161583977911e-02 0.000000000000000000e+00
5.675000000000000000e+03 2.269875530838878497e-01 6.095812471552116696e-01 7.203004096495220498e-02 2.690031861629494925e-01 4.927173418297678409e-02 1.137915339098771066e-04
